timestamp,node_id,algorithm,first_convergence_time_ms,elections_started,elections_completed,total_election_time_ms,messages_sent,messages_received,bytes_sent,bytes_received,leader_changes,current_leader,time_in_normal_ms,time_in_election_ms,time_in_waiting_ms,state_transitions,timeouts_detected,heartbeats_sent,heartbeats_received,current_state,am_leader,rounds_completed,current_round,min_value,value_updates,broadcasts
2801,4,adaptive-prasle,2801,1,1,2801,3,4,18,24,1,1,0,2801,0,2,0,0,0,NORMAL,0,3,1,1,3,6
2779,5,adaptive-prasle,2779,1,1,2779,3,6,18,36,1,1,0,2779,0,2,0,0,0,NORMAL,0,3,1,1,3,6
2937,1,adaptive-prasle,2937,1,1,2937,3,4,18,24,1,1,0,2937,0,2,0,0,0,LEADER,1,3,1,1,1,6
3222,6,adaptive-prasle,3222,1,1,3222,3,7,18,42,1,1,0,3222,0,2,0,0,0,NORMAL,0,3,1,1,4,6
2916,2,adaptive-prasle,2916,1,1,2916,3,10,18,60,1,1,0,2916,0,2,0,0,0,NORMAL,0,3,1,1,2,6
3358,3,adaptive-prasle,3358,1,1,3358,3,10,18,60,1,1,0,3358,0,2,0,0,0,NORMAL,0,3,1,1,2,6
3107,8,adaptive-prasle,3107,1,1,3107,3,6,18,36,1,1,0,3107,0,2,0,0,0,NORMAL,0,3,1,1,4,6
3086,9,adaptive-prasle,3086,1,1,3086,3,4,18,24,1,1,0,3086,0,2,0,0,0,NORMAL,0,3,1,1,4,6
3665,7,adaptive-prasle,3665,1,1,3665,3,11,18,66,1,1,0,3665,0,2,0,0,0,NORMAL,0,3,1,1,3,6
3528,10,adaptive-prasle,3528,1,1,3528,3,4,18,24,1,1,0,3528,0,2,0,0,0,NORMAL,0,3,1,1,3,6
5104,4,adaptive-prasle,2801,1,1,2801,6,10,36,60,1,1,2303,2801,0,2,0,0,0,NORMAL,0,3,1,1,3,12
5082,5,adaptive-prasle,2779,1,1,2779,6,15,36,90,1,1,2303,2779,0,2,0,0,0,NORMAL,0,3,1,1,3,12
5240,1,adaptive-prasle,2937,1,1,2937,6,11,36,66,1,1,2303,2937,0,2,0,0,0,LEADER,1,3,1,1,1,12
5525,6,adaptive-prasle,3222,1,1,3222,6,16,36,96,1,1,2303,3222,0,2,0,0,0,NORMAL,0,3,1,1,4,12
5219,2,adaptive-prasle,2916,1,1,2916,6,19,36,114,1,1,2303,2916,0,2,0,0,0,NORMAL,0,3,1,1,2,12
5661,3,adaptive-prasle,3358,1,1,3358,6,19,36,114,1,1,2303,3358,0,2,0,0,0,NORMAL,0,3,1,1,2,12
5410,8,adaptive-prasle,3107,1,1,3107,6,12,36,72,1,1,2303,3107,0,2,0,0,0,NORMAL,0,3,1,1,4,12
5389,9,adaptive-prasle,3086,1,1,3086,6,7,36,42,1,1,2303,3086,0,2,0,0,0,NORMAL,0,3,1,1,4,12
5968,7,adaptive-prasle,3665,1,1,3665,6,19,36,114,1,1,2303,3665,0,2,0,0,0,NORMAL,0,3,1,1,3,12
5831,10,adaptive-prasle,3528,1,1,3528,6,7,36,42,1,1,2303,3528,0,2,0,0,0,NORMAL,0,3,1,1,3,12
7407,4,adaptive-prasle,2801,1,1,2801,9,16,54,96,1,1,4606,2801,0,2,0,0,0,NORMAL,0,3,1,1,3,18
7385,5,adaptive-prasle,2779,1,1,2779,9,24,54,144,1,1,4606,2779,0,2,0,0,0,NORMAL,0,3,1,1,3,18
7543,1,adaptive-prasle,2937,1,1,2937,9,16,54,96,1,1,4606,2937,0,2,0,0,0,LEADER,1,3,1,1,1,18
7828,6,adaptive-prasle,3222,1,1,3222,9,25,54,150,1,1,4606,3222,0,2,0,0,0,NORMAL,0,3,1,1,4,18
7522,2,adaptive-prasle,2916,1,1,2916,9,28,54,168,1,1,4606,2916,0,2,0,0,0,NORMAL,0,3,1,1,2,18
7964,3,adaptive-prasle,3358,1,1,3358,9,28,54,168,1,1,4606,3358,0,2,0,0,0,NORMAL,0,3,1,1,2,18
7713,8,adaptive-prasle,3107,1,1,3107,9,18,54,108,1,1,4606,3107,0,2,0,0,0,NORMAL,0,3,1,1,4,18
7692,9,adaptive-prasle,3086,1,1,3086,9,10,54,60,1,1,4606,3086,0,2,0,0,0,NORMAL,0,3,1,1,4,18
8271,7,adaptive-prasle,3665,1,1,3665,9,29,54,174,1,1,4606,3665,0,2,0,0,0,NORMAL,0,3,1,1,3,18
8134,10,adaptive-prasle,3528,1,1,3528,9,10,54,60,1,1,4606,3528,0,2,0,0,0,NORMAL,0,3,1,1,3,18
9710,4,adaptive-prasle,2801,1,2,12511,12,22,72,132,1,1,6909,2801,0,3,0,0,0,NORMAL,0,3,1,1,6,24
9688,5,adaptive-prasle,2779,1,2,12467,12,33,72,198,1,1,6909,2779,0,3,0,0,0,NORMAL,0,3,1,1,5,24
9846,1,adaptive-prasle,2937,1,2,12783,12,22,72,132,1,1,6909,2937,0,3,0,0,0,LEADER,1,3,1,1,2,24
10131,6,adaptive-prasle,3222,1,2,13353,12,34,72,204,1,1,6909,3222,0,3,0,0,0,NORMAL,0,3,1,1,6,24
9825,2,adaptive-prasle,2916,1,2,12741,12,36,72,216,1,1,6909,2916,0,3,0,0,0,NORMAL,0,3,1,1,5,24
10267,3,adaptive-prasle,3358,1,2,13625,12,37,72,222,1,1,6909,3358,0,3,0,0,0,NORMAL,0,3,1,1,5,24
10016,8,adaptive-prasle,3107,1,2,13123,12,24,72,144,1,1,6909,3107,0,3,0,0,0,NORMAL,0,3,1,1,7,24
9995,9,adaptive-prasle,3086,1,2,13081,12,13,72,78,1,1,6909,3086,0,3,0,0,0,NORMAL,0,3,1,1,7,24
10574,7,adaptive-prasle,3665,1,2,14239,12,38,72,228,1,1,6909,3665,0,3,0,0,0,NORMAL,0,3,1,1,6,24
10437,10,adaptive-prasle,3528,1,2,13965,12,13,72,78,1,1,6909,3528,0,3,0,0,0,NORMAL,0,3,1,1,5,24
12013,4,adaptive-prasle,2801,1,2,12511,15,28,90,168,1,1,9212,2801,0,3,0,0,0,NORMAL,0,3,1,1,6,30
11991,5,adaptive-prasle,2779,1,2,12467,15,42,90,252,1,1,9212,2779,0,3,0,0,0,NORMAL,0,3,1,1,5,30
12149,1,adaptive-prasle,2937,1,2,12783,15,28,90,168,1,1,9212,2937,0,3,0,0,0,LEADER,1,3,1,1,2,30
12434,6,adaptive-prasle,3222,1,2,13353,15,43,90,258,1,1,9212,3222,0,3,0,0,0,NORMAL,0,3,1,1,6,30
12127,2,adaptive-prasle,2916,1,2,12741,15,45,90,270,1,1,9211,2916,0,3,0,0,0,NORMAL,0,3,1,1,5,30
12570,3,adaptive-prasle,3358,1,2,13625,15,46,90,276,1,1,9212,3358,0,3,0,0,0,NORMAL,0,3,1,1,5,30
12319,8,adaptive-prasle,3107,1,2,13123,15,30,90,180,1,1,9212,3107,0,3,0,0,0,NORMAL,0,3,1,1,7,30
12298,9,adaptive-prasle,3086,1,2,13081,15,16,90,96,1,1,9212,3086,0,3,0,0,0,NORMAL,0,3,1,1,7,30
12877,7,adaptive-prasle,3665,1,2,14239,15,47,90,282,1,1,9212,3665,0,3,0,0,0,NORMAL,0,3,1,1,6,30
12740,10,adaptive-prasle,3528,1,2,13965,15,16,90,96,1,1,9212,3528,0,3,0,0,0,NORMAL,0,3,1,1,5,30
14316,4,adaptive-prasle,2801,1,2,12511,18,34,108,204,1,1,11515,2801,0,3,0,0,0,NORMAL,0,3,1,1,6,36
14294,5,adaptive-prasle,2779,1,2,12467,18,51,108,306,1,1,11515,2779,0,3,0,0,0,NORMAL,0,3,1,1,5,36
14452,1,adaptive-prasle,2937,1,2,12783,18,35,108,210,1,1,11515,2937,0,3,0,0,0,LEADER,1,3,1,1,2,36
14737,6,adaptive-prasle,3222,1,2,13353,18,52,108,312,1,1,11515,3222,0,3,0,0,0,NORMAL,0,3,1,1,6,36
14430,2,adaptive-prasle,2916,1,2,12741,18,54,108,324,1,1,11514,2916,0,3,0,0,0,NORMAL,0,3,1,1,5,36
14873,3,adaptive-prasle,3358,1,2,13625,18,55,108,330,1,1,11515,3358,0,3,0,0,0,NORMAL,0,3,1,1,5,36
14622,8,adaptive-prasle,3107,1,2,13123,18,36,108,216,1,1,11515,3107,0,3,0,0,0,NORMAL,0,3,1,1,7,36
14601,9,adaptive-prasle,3086,1,2,13081,18,19,108,114,1,1,11515,3086,0,3,0,0,0,NORMAL,0,3,1,1,7,36
15180,7,adaptive-prasle,3665,1,2,14239,18,56,108,336,1,1,11515,3665,0,3,0,0,0,NORMAL,0,3,1,1,6,36
15043,10,adaptive-prasle,3528,1,2,13965,18,19,108,114,1,1,11515,3528,0,3,0,0,0,NORMAL,0,3,1,1,5,36
16619,4,adaptive-prasle,2801,1,3,29130,21,40,126,240,1,1,13818,2801,0,4,0,0,0,NORMAL,0,3,1,1,9,42
16597,5,adaptive-prasle,2779,1,3,29064,21,60,126,360,1,1,13818,2779,0,4,0,0,0,NORMAL,0,3,1,1,7,42
16755,1,adaptive-prasle,2937,1,3,29538,21,41,126,246,1,1,13818,2937,0,4,0,0,0,LEADER,1,3,1,1,3,42
17040,6,adaptive-prasle,3222,1,3,30393,21,61,126,366,1,1,13818,3222,0,4,0,0,0,NORMAL,0,3,1,1,8,42
16733,2,adaptive-prasle,2916,1,3,29474,21,63,126,378,1,1,13817,2916,0,4,0,0,0,NORMAL,0,3,1,1,7,42
17176,3,adaptive-prasle,3358,1,3,30801,21,64,126,384,1,1,13818,3358,0,4,0,0,0,NORMAL,0,3,1,1,8,42
16925,8,adaptive-prasle,3107,1,3,30048,21,42,126,252,1,1,13818,3107,0,4,0,0,0,NORMAL,0,3,1,1,10,42
16904,9,adaptive-prasle,3086,1,3,29985,21,22,126,132,1,1,13818,3086,0,4,0,0,0,NORMAL,0,3,1,1,10,42
17483,7,adaptive-prasle,3665,1,3,31722,21,65,126,390,1,1,13818,3665,0,4,0,0,0,NORMAL,0,3,1,1,9,42
17346,10,adaptive-prasle,3528,1,3,31311,21,22,126,132,1,1,13818,3528,0,4,0,0,0,NORMAL,0,3,1,1,7,42
18922,4,adaptive-prasle,2801,1,3,29130,24,46,144,276,1,1,16121,2801,0,4,0,0,0,NORMAL,0,3,1,1,9,48
18900,5,adaptive-prasle,2779,1,3,29064,24,69,144,414,1,1,16121,2779,0,4,0,0,0,NORMAL,0,3,1,1,7,48
19058,1,adaptive-prasle,2937,1,3,29538,24,46,144,276,1,1,16121,2937,0,4,0,0,0,LEADER,1,3,1,1,3,48
19343,6,adaptive-prasle,3222,1,3,30393,24,70,144,420,1,1,16121,3222,0,4,0,0,0,NORMAL,0,3,1,1,8,48
19036,2,adaptive-prasle,2916,1,3,29474,24,72,144,432,1,1,16120,2916,0,4,0,0,0,NORMAL,0,3,1,1,7,48
19479,3,adaptive-prasle,3358,1,3,30801,24,73,144,438,1,1,16121,3358,0,4,0,0,0,NORMAL,0,3,1,1,8,48
19228,8,adaptive-prasle,3107,1,3,30048,24,48,144,288,1,1,16121,3107,0,4,0,0,0,NORMAL,0,3,1,1,10,48
19207,9,adaptive-prasle,3086,1,3,29985,24,25,144,150,1,1,16121,3086,0,4,0,0,0,NORMAL,0,3,1,1,10,48
19786,7,adaptive-prasle,3665,1,3,31722,24,74,144,444,1,1,16121,3665,0,4,0,0,0,NORMAL,0,3,1,1,9,48
19649,10,adaptive-prasle,3528,1,3,31311,24,25,144,150,1,1,16121,3528,0,4,0,0,0,NORMAL,0,3,1,1,7,48
21225,4,adaptive-prasle,2801,1,3,29130,27,52,162,312,1,1,18424,2801,0,4,0,0,0,NORMAL,0,3,1,1,9,54
21203,5,adaptive-prasle,2779,1,3,29064,27,78,162,468,1,1,18424,2779,0,4,0,0,0,NORMAL,0,3,1,1,7,54
21361,1,adaptive-prasle,2937,1,3,29538,27,52,162,312,1,1,18424,2937,0,4,0,0,0,LEADER,1,3,1,1,3,54
21645,6,adaptive-prasle,3222,1,3,30393,27,79,162,474,1,1,18423,3222,0,4,0,0,0,NORMAL,0,3,1,1,8,54
21339,2,adaptive-prasle,2916,1,3,29474,27,82,162,492,1,1,18423,2916,0,4,0,0,0,NORMAL,0,3,1,1,7,54
21782,3,adaptive-prasle,3358,1,3,30801,27,82,162,492,1,1,18424,3358,0,4,0,0,0,NORMAL,0,3,1,1,8,54
21531,8,adaptive-prasle,3107,1,3,30048,27,54,162,324,1,1,18424,3107,0,4,0,0,0,NORMAL,0,3,1,1,10,54
21510,9,adaptive-prasle,3086,1,3,29985,27,28,162,168,1,1,18424,3086,0,4,0,0,0,NORMAL,0,3,1,1,10,54
22089,7,adaptive-prasle,3665,1,3,31722,27,82,162,492,1,1,18424,3665,0,4,0,0,0,NORMAL,0,3,1,1,9,54
21952,10,adaptive-prasle,3528,1,3,31311,27,28,162,168,1,1,18424,3528,0,4,0,0,0,NORMAL,0,3,1,1,7,54
23528,4,adaptive-prasle,2801,1,4,52658,30,58,180,348,1,1,20727,2801,0,5,0,0,0,NORMAL,0,3,1,1,12,60
23506,5,adaptive-prasle,2779,1,4,52570,30,87,180,522,1,1,20727,2779,0,5,0,0,0,NORMAL,0,3,1,1,9,60
23664,1,adaptive-prasle,2937,1,4,53202,30,59,180,354,1,1,20727,2937,0,5,0,0,0,LEADER,1,3,1,1,4,60
23948,6,adaptive-prasle,3222,1,4,54341,30,88,180,528,1,1,20726,3222,0,5,0,0,0,NORMAL,0,3,1,1,10,60
23642,2,adaptive-prasle,2916,1,4,53116,30,91,180,546,1,1,20726,2916,0,5,0,0,0,NORMAL,0,3,1,1,10,60
24085,3,adaptive-prasle,3358,1,4,54886,30,91,180,546,1,1,20727,3358,0,5,0,0,0,NORMAL,0,3,1,1,11,60
23834,8,adaptive-prasle,3107,1,4,53882,30,60,180,360,1,1,20727,3107,0,5,0,0,0,NORMAL,0,3,1,1,13,60
23813,9,adaptive-prasle,3086,1,4,53798,30,31,180,186,1,1,20727,3086,0,5,0,0,0,NORMAL,0,3,1,1,13,60
24392,7,adaptive-prasle,3665,1,4,56114,30,92,180,552,1,1,20727,3665,0,5,0,0,0,NORMAL,0,3,1,1,13,60
24255,10,adaptive-prasle,3528,1,4,55566,30,31,180,186,1,1,20727,3528,0,5,0,0,0,NORMAL,0,3,1,1,9,60
25831,4,adaptive-prasle,2801,1,4,52658,33,64,198,384,1,1,23030,2801,0,5,0,0,0,NORMAL,0,3,1,1,12,66
25809,5,adaptive-prasle,2779,1,4,52570,33,96,198,576,1,1,23030,2779,0,5,0,0,0,NORMAL,0,3,1,1,9,66
25967,1,adaptive-prasle,2937,1,4,53202,33,65,198,390,1,1,23030,2937,0,5,0,0,0,LEADER,1,3,1,1,4,66
26251,6,adaptive-prasle,3222,1,4,54341,33,97,198,582,1,1,23029,3222,0,5,0,0,0,NORMAL,0,3,1,1,10,66
25944,2,adaptive-prasle,2916,1,4,53116,33,99,198,594,1,1,23028,2916,0,5,0,0,0,NORMAL,0,3,1,1,10,66
26388,3,adaptive-prasle,3358,1,4,54886,33,100,198,600,1,1,23030,3358,0,5,0,0,0,NORMAL,0,3,1,1,11,66
26137,8,adaptive-prasle,3107,1,4,53882,33,66,198,396,1,1,23030,3107,0,5,0,0,0,NORMAL,0,3,1,1,13,66
26116,9,adaptive-prasle,3086,1,4,53798,33,34,198,204,1,1,23030,3086,0,5,0,0,0,NORMAL,0,3,1,1,13,66
26694,7,adaptive-prasle,3665,1,4,56114,33,100,198,600,1,1,23029,3665,0,5,0,0,0,NORMAL,0,3,1,1,13,66
26558,10,adaptive-prasle,3528,1,4,55566,33,34,198,204,1,1,23030,3528,0,5,0,0,0,NORMAL,0,3,1,1,9,66
28134,4,adaptive-prasle,2801,1,4,52658,36,70,216,420,1,1,25333,2801,0,5,0,0,0,NORMAL,0,3,1,1,12,72
28112,5,adaptive-prasle,2779,1,4,52570,36,105,216,630,1,1,25333,2779,0,5,0,0,0,NORMAL,0,3,1,1,9,72
28270,1,adaptive-prasle,2937,1,4,53202,36,71,216,426,1,1,25333,2937,0,5,0,0,0,LEADER,1,3,1,1,4,72
28554,6,adaptive-prasle,3222,1,4,54341,36,106,216,636,1,1,25332,3222,0,5,0,0,0,NORMAL,0,3,1,1,10,72
28247,2,adaptive-prasle,2916,1,4,53116,36,109,216,654,1,1,25331,2916,0,5,0,0,0,NORMAL,0,3,1,1,10,72
28691,3,adaptive-prasle,3358,1,4,54886,36,109,216,654,1,1,25333,3358,0,5,0,0,0,NORMAL,0,3,1,1,11,72
28440,8,adaptive-prasle,3107,1,4,53882,36,72,216,432,1,1,25333,3107,0,5,0,0,0,NORMAL,0,3,1,1,13,72
28419,9,adaptive-prasle,3086,1,4,53798,36,37,216,222,1,1,25333,3086,0,5,0,0,0,NORMAL,0,3,1,1,13,72
28997,7,adaptive-prasle,3665,1,4,56114,36,110,216,660,1,1,25332,3665,0,5,0,0,0,NORMAL,0,3,1,1,13,72
28861,10,adaptive-prasle,3528,1,4,55566,36,37,216,222,1,1,25333,3528,0,5,0,0,0,NORMAL,0,3,1,1,9,72
30437,4,adaptive-prasle,2801,1,5,83095,39,76,234,456,1,1,27636,2801,0,6,0,0,0,NORMAL,0,3,1,1,15,78
30415,5,adaptive-prasle,2779,1,5,82985,39,114,234,684,1,1,27636,2779,0,6,0,0,0,NORMAL,0,3,1,1,11,78
30573,1,adaptive-prasle,2937,1,5,83775,39,76,234,456,1,1,27636,2937,0,6,0,0,0,LEADER,1,3,1,1,5,78
30857,6,adaptive-prasle,3222,1,5,85198,39,115,234,690,1,1,27635,3222,0,6,0,0,0,NORMAL,0,3,1,1,12,78
30550,2,adaptive-prasle,2916,1,5,83666,39,117,234,702,1,1,27634,2916,0,6,0,0,0,NORMAL,0,3,1,1,13,78
30994,3,adaptive-prasle,3358,1,5,85880,39,118,234,708,1,1,27636,3358,0,6,0,0,0,NORMAL,0,3,1,1,14,78
30743,8,adaptive-prasle,3107,1,5,84625,39,78,234,468,1,1,27636,3107,0,6,0,0,0,NORMAL,0,3,1,1,16,78
30722,9,adaptive-prasle,3086,1,5,84520,39,40,234,240,1,1,27636,3086,0,6,0,0,0,NORMAL,0,3,1,1,16,78
31300,7,adaptive-prasle,3665,1,5,87414,39,119,234,714,1,1,27635,3665,0,6,0,0,0,NORMAL,0,3,1,1,16,78
31164,10,adaptive-prasle,3528,1,5,86730,39,40,234,240,1,1,27636,3528,0,6,0,0,0,NORMAL,0,3,1,1,11,78
32740,4,adaptive-prasle,2801,1,5,83095,42,82,252,492,1,1,29939,2801,0,6,0,0,0,NORMAL,0,3,1,1,15,84
32718,5,adaptive-prasle,2779,1,5,82985,42,123,252,738,1,1,29939,2779,0,6,0,0,0,NORMAL,0,3,1,1,11,84
32876,1,adaptive-prasle,2937,1,5,83775,42,83,252,498,1,1,29939,2937,0,6,0,0,0,LEADER,1,3,1,1,5,84
33160,6,adaptive-prasle,3222,1,5,85198,42,124,252,744,1,1,29938,3222,0,6,0,0,0,NORMAL,0,3,1,1,12,84
32853,2,adaptive-prasle,2916,1,5,83666,42,127,252,762,1,1,29937,2916,0,6,0,0,0,NORMAL,0,3,1,1,13,84
33297,3,adaptive-prasle,3358,1,5,85880,42,127,252,762,1,1,29939,3358,0,6,0,0,0,NORMAL,0,3,1,1,14,84
33046,8,adaptive-prasle,3107,1,5,84625,42,84,252,504,1,1,29939,3107,0,6,0,0,0,NORMAL,0,3,1,1,16,84
33025,9,adaptive-prasle,3086,1,5,84520,42,43,252,258,1,1,29939,3086,0,6,0,0,0,NORMAL,0,3,1,1,16,84
33603,7,adaptive-prasle,3665,1,5,87414,42,128,252,768,1,1,29938,3665,0,6,0,0,0,NORMAL,0,3,1,1,16,84
33467,10,adaptive-prasle,3528,1,5,86730,42,43,252,258,1,1,29939,3528,0,6,0,0,0,NORMAL,0,3,1,1,11,84
35043,4,adaptive-prasle,2801,1,5,83095,45,88,270,528,1,1,32242,2801,0,6,0,0,0,NORMAL,0,3,1,1,15,90
35021,5,adaptive-prasle,2779,1,5,82985,45,132,270,792,1,1,32242,2779,0,6,0,0,0,NORMAL,0,3,1,1,11,90
35179,1,adaptive-prasle,2937,1,5,83775,45,88,270,528,1,1,32242,2937,0,6,0,0,0,LEADER,1,3,1,1,5,90
35463,6,adaptive-prasle,3222,1,5,85198,45,133,270,798,1,1,32241,3222,0,6,0,0,0,NORMAL,0,3,1,1,12,90
35156,2,adaptive-prasle,2916,1,5,83666,45,136,270,816,1,1,32240,2916,0,6,0,0,0,NORMAL,0,3,1,1,13,90
35600,3,adaptive-prasle,3358,1,5,85880,45,136,270,816,1,1,32242,3358,0,6,0,0,0,NORMAL,0,3,1,1,14,90
35349,8,adaptive-prasle,3107,1,5,84625,45,90,270,540,1,1,32242,3107,0,6,0,0,0,NORMAL,0,3,1,1,16,90
35328,9,adaptive-prasle,3086,1,5,84520,45,46,270,276,1,1,32242,3086,0,6,0,0,0,NORMAL,0,3,1,1,16,90
35906,7,adaptive-prasle,3665,1,5,87414,45,137,270,822,1,1,32241,3665,0,6,0,0,0,NORMAL,0,3,1,1,16,90
35770,10,adaptive-prasle,3528,1,5,86730,45,46,270,276,1,1,32242,3528,0,6,0,0,0,NORMAL,0,3,1,1,11,90
37346,4,adaptive-prasle,2801,1,6,120441,48,94,288,564,1,1,34545,2801,0,7,0,0,0,NORMAL,0,3,1,1,18,96
37324,5,adaptive-prasle,2779,1,6,120309,48,141,288,846,1,1,34545,2779,0,7,0,0,0,NORMAL,0,3,1,1,13,96
37482,1,adaptive-prasle,2937,1,6,121257,48,94,288,564,1,1,34545,2937,0,7,0,0,0,LEADER,1,3,1,1,6,96
37766,6,adaptive-prasle,3222,1,6,122964,48,142,288,852,1,1,34544,3222,0,7,0,0,0,NORMAL,0,3,1,1,14,96
37459,2,adaptive-prasle,2916,1,6,121125,48,145,288,870,1,1,34543,2916,0,7,0,0,0,NORMAL,0,3,1,1,16,96
37903,3,adaptive-prasle,3358,1,6,123783,48,145,288,870,1,1,34545,3358,0,7,0,0,0,NORMAL,0,3,1,1,17,96
37652,8,adaptive-prasle,3107,1,6,122277,48,96,288,576,1,1,34545,3107,0,7,0,0,0,NORMAL,0,3,1,1,18,96
37631,9,adaptive-prasle,3086,1,6,122151,48,49,288,294,1,1,34545,3086,0,7,0,0,0,NORMAL,0,3,1,1,19,96
38209,7,adaptive-prasle,3665,1,6,125623,48,146,288,876,1,1,34544,3665,0,7,0,0,0,NORMAL,0,3,1,1,18,96
38073,10,adaptive-prasle,3528,1,6,124803,48,49,288,294,1,1,34545,3528,0,7,0,0,0,NORMAL,0,3,1,1,13,96
39649,4,adaptive-prasle,2801,1,6,120441,51,100,306,600,1,1,36848,2801,0,7,0,0,0,NORMAL,0,3,1,1,18,102
39627,5,adaptive-prasle,2779,1,6,120309,51,150,306,900,1,1,36848,2779,0,7,0,0,0,NORMAL,0,3,1,1,13,102
39785,1,adaptive-prasle,2937,1,6,121257,51,100,306,600,1,1,36848,2937,0,7,0,0,0,LEADER,1,3,1,1,6,102
40069,6,adaptive-prasle,3222,1,6,122964,51,151,306,906,1,1,36847,3222,0,7,0,0,0,NORMAL,0,3,1,1,14,102
39762,2,adaptive-prasle,2916,1,6,121125,51,154,306,924,1,1,36846,2916,0,7,0,0,0,NORMAL,0,3,1,1,16,102
40206,3,adaptive-prasle,3358,1,6,123783,51,154,306,924,1,1,36848,3358,0,7,0,0,0,NORMAL,0,3,1,1,17,102
39954,8,adaptive-prasle,3107,1,6,122277,51,102,306,612,1,1,36847,3107,0,7,0,0,0,NORMAL,0,3,1,1,18,102
39934,9,adaptive-prasle,3086,1,6,122151,51,52,306,312,1,1,36848,3086,0,7,0,0,0,NORMAL,0,3,1,1,19,102
40512,7,adaptive-prasle,3665,1,6,125623,51,155,306,930,1,1,36847,3665,0,7,0,0,0,NORMAL,0,3,1,1,18,102
40376,10,adaptive-prasle,3528,1,6,124803,51,52,306,312,1,1,36848,3528,0,7,0,0,0,NORMAL,0,3,1,1,13,102
41952,4,adaptive-prasle,2801,1,6,120441,54,106,324,636,1,1,39151,2801,0,7,0,0,0,NORMAL,0,3,1,1,18,108
41930,5,adaptive-prasle,2779,1,6,120309,54,159,324,954,1,1,39151,2779,0,7,0,0,0,NORMAL,0,3,1,1,13,108
42088,1,adaptive-prasle,2937,1,6,121257,54,106,324,636,1,1,39151,2937,0,7,0,0,0,LEADER,1,3,1,1,6,108
42372,6,adaptive-prasle,3222,1,6,122964,54,160,324,960,1,1,39150,3222,0,7,0,0,0,NORMAL,0,3,1,1,14,108
42065,2,adaptive-prasle,2916,1,6,121125,54,163,324,978,1,1,39149,2916,0,7,0,0,0,NORMAL,0,3,1,1,16,108
42509,3,adaptive-prasle,3358,1,6,123783,54,163,324,978,1,1,39151,3358,0,7,0,0,0,NORMAL,0,3,1,1,17,108
42257,8,adaptive-prasle,3107,1,6,122277,54,108,324,648,1,1,39150,3107,0,7,0,0,0,NORMAL,0,3,1,1,18,108
42237,9,adaptive-prasle,3086,1,6,122151,54,55,324,330,1,1,39151,3086,0,7,0,0,0,NORMAL,0,3,1,1,19,108
42814,7,adaptive-prasle,3665,1,6,125623,54,163,324,978,1,1,39149,3665,0,7,0,0,0,NORMAL,0,3,1,1,18,108
42679,10,adaptive-prasle,3528,1,6,124803,54,55,324,330,1,1,39151,3528,0,7,0,0,0,NORMAL,0,3,1,1,13,108
44255,4,adaptive-prasle,2801,1,7,164696,57,112,342,672,1,1,41454,2801,0,8,0,0,0,NORMAL,0,3,1,1,21,114
44233,5,adaptive-prasle,2779,1,7,164542,57,168,342,1008,1,1,41454,2779,0,8,0,0,0,NORMAL,0,3,1,1,15,114
44391,1,adaptive-prasle,2937,1,7,165648,57,113,342,678,1,1,41454,2937,0,8,0,0,0,LEADER,1,3,1,1,7,114
44675,6,adaptive-prasle,3222,1,7,167639,57,169,342,1014,1,1,41453,3222,0,8,0,0,0,NORMAL,0,3,1,1,16,114
44368,2,adaptive-prasle,2916,1,7,165493,57,172,342,1032,1,1,41452,2916,0,8,0,0,0,NORMAL,0,3,1,1,19,114
44812,3,adaptive-prasle,3358,1,7,168595,57,172,342,1032,1,1,41454,3358,0,8,0,0,0,NORMAL,0,3,1,1,20,114
44560,8,adaptive-prasle,3107,1,7,166837,57,114,342,684,1,1,41453,3107,0,8,0,0,0,NORMAL,0,3,1,1,21,114
44540,9,adaptive-prasle,3086,1,7,166691,57,58,342,348,1,1,41454,3086,0,8,0,0,0,NORMAL,0,3,1,1,22,114
45117,7,adaptive-prasle,3665,1,7,170740,57,173,342,1038,1,1,41452,3665,0,8,0,0,0,NORMAL,0,3,1,1,22,114
44982,10,adaptive-prasle,3528,1,7,169785,57,58,342,348,1,1,41454,3528,0,8,0,0,0,NORMAL,0,3,1,1,15,114
46558,4,adaptive-prasle,2801,1,7,164696,60,118,360,708,1,1,43757,2801,0,8,0,0,0,NORMAL,0,3,1,1,21,120
46536,5,adaptive-prasle,2779,1,7,164542,60,177,360,1062,1,1,43757,2779,0,8,0,0,0,NORMAL,0,3,1,1,15,120
46694,1,adaptive-prasle,2937,1,7,165648,60,119,360,714,1,1,43757,2937,0,8,0,0,0,LEADER,1,3,1,1,7,120
46978,6,adaptive-prasle,3222,1,7,167639,60,178,360,1068,1,1,43756,3222,0,8,0,0,0,NORMAL,0,3,1,1,16,120
46671,2,adaptive-prasle,2916,1,7,165493,60,181,360,1086,1,1,43755,2916,0,8,0,0,0,NORMAL,0,3,1,1,19,120
47115,3,adaptive-prasle,3358,1,7,168595,60,181,360,1086,1,1,43757,3358,0,8,0,0,0,NORMAL,0,3,1,1,20,120
46863,8,adaptive-prasle,3107,1,7,166837,60,120,360,720,1,1,43756,3107,0,8,0,0,0,NORMAL,0,3,1,1,21,120
46843,9,adaptive-prasle,3086,1,7,166691,60,61,360,366,1,1,43757,3086,0,8,0,0,0,NORMAL,0,3,1,1,22,120
47420,7,adaptive-prasle,3665,1,7,170740,60,182,360,1092,1,1,43755,3665,0,8,0,0,0,NORMAL,0,3,1,1,22,120
47285,10,adaptive-prasle,3528,1,7,169785,60,61,360,366,1,1,43757,3528,0,8,0,0,0,NORMAL,0,3,1,1,15,120
48861,4,adaptive-prasle,2801,1,7,164696,63,124,378,744,1,1,46060,2801,0,8,0,0,0,NORMAL,0,3,1,1,21,126
48839,5,adaptive-prasle,2779,1,7,164542,63,186,378,1116,1,1,46060,2779,0,8,0,0,0,NORMAL,0,3,1,1,15,126
48996,1,adaptive-prasle,2937,1,7,165648,63,124,378,744,1,1,46059,2937,0,8,0,0,0,LEADER,1,3,1,1,7,126
49281,6,adaptive-prasle,3222,1,7,167639,63,187,378,1122,1,1,46059,3222,0,8,0,0,0,NORMAL,0,3,1,1,16,126
48974,2,adaptive-prasle,2916,1,7,165493,63,190,378,1140,1,1,46058,2916,0,8,0,0,0,NORMAL,0,3,1,1,19,126
49418,3,adaptive-prasle,3358,1,7,168595,63,190,378,1140,1,1,46060,3358,0,8,0,0,0,NORMAL,0,3,1,1,20,126
49166,8,adaptive-prasle,3107,1,7,166837,63,126,378,756,1,1,46059,3107,0,8,0,0,0,NORMAL,0,3,1,1,21,126
49146,9,adaptive-prasle,3086,1,7,166691,63,64,378,384,1,1,46060,3086,0,8,0,0,0,NORMAL,0,3,1,1,22,126
49723,7,adaptive-prasle,3665,1,7,170740,63,190,378,1140,1,1,46058,3665,0,8,0,0,0,NORMAL,0,3,1,1,22,126
49588,10,adaptive-prasle,3528,1,7,169785,63,64,378,384,1,1,46060,3528,0,8,0,0,0,NORMAL,0,3,1,1,15,126
51164,4,adaptive-prasle,2801,1,8,215860,66,130,396,780,1,1,48363,2801,0,9,0,0,0,NORMAL,0,3,1,1,24,132
51142,5,adaptive-prasle,2779,1,8,215684,66,195,396,1170,1,1,48363,2779,0,9,0,0,0,NORMAL,0,3,1,1,17,132
51299,1,adaptive-prasle,2937,1,8,216947,66,131,396,786,1,1,48362,2937,0,9,0,0,0,LEADER,1,3,1,1,8,132
51584,6,adaptive-prasle,3222,1,8,219223,66,196,396,1176,1,1,48362,3222,0,9,0,0,0,NORMAL,0,3,1,1,18,132
51277,2,adaptive-prasle,2916,1,8,216770,66,198,396,1188,1,1,48361,2916,0,9,0,0,0,NORMAL,0,3,1,1,22,132
51721,3,adaptive-prasle,3358,1,8,220316,66,199,396,1194,1,1,48363,3358,0,9,0,0,0,NORMAL,0,3,1,1,23,132
51469,8,adaptive-prasle,3107,1,8,218306,66,132,396,792,1,1,48362,3107,0,9,0,0,0,NORMAL,0,3,1,1,23,132
51449,9,adaptive-prasle,3086,1,8,218140,66,67,396,402,1,1,48363,3086,0,9,0,0,0,NORMAL,0,3,1,1,25,132
52026,7,adaptive-prasle,3665,1,8,222766,66,199,396,1194,1,1,48361,3665,0,9,0,0,0,NORMAL,0,3,1,1,24,132
51891,10,adaptive-prasle,3528,1,8,221676,66,67,396,402,1,1,48363,3528,0,9,0,0,0,NORMAL,0,3,1,1,17,132
53467,4,adaptive-prasle,2801,1,8,215860,69,136,414,816,1,1,50666,2801,0,9,0,0,0,NORMAL,0,3,1,1,24,138
53445,5,adaptive-prasle,2779,1,8,215684,69,204,414,1224,1,1,50666,2779,0,9,0,0,0,NORMAL,0,3,1,1,17,138
53602,1,adaptive-prasle,2937,1,8,216947,69,137,414,822,1,1,50665,2937,0,9,0,0,0,LEADER,1,3,1,1,8,138
53887,6,adaptive-prasle,3222,1,8,219223,69,205,414,1230,1,1,50665,3222,0,9,0,0,0,NORMAL,0,3,1,1,18,138
53580,2,adaptive-prasle,2916,1,8,216770,69,208,414,1248,1,1,50664,2916,0,9,0,0,0,NORMAL,0,3,1,1,22,138
54024,3,adaptive-prasle,3358,1,8,220316,69,208,414,1248,1,1,50666,3358,0,9,0,0,0,NORMAL,0,3,1,1,23,138
53772,8,adaptive-prasle,3107,1,8,218306,69,138,414,828,1,1,50665,3107,0,9,0,0,0,NORMAL,0,3,1,1,23,138
53752,9,adaptive-prasle,3086,1,8,218140,69,70,414,420,1,1,50666,3086,0,9,0,0,0,NORMAL,0,3,1,1,25,138
54329,7,adaptive-prasle,3665,1,8,222766,69,209,414,1254,1,1,50664,3665,0,9,0,0,0,NORMAL,0,3,1,1,24,138
54194,10,adaptive-prasle,3528,1,8,221676,69,70,414,420,1,1,50666,3528,0,9,0,0,0,NORMAL,0,3,1,1,17,138
55770,4,adaptive-prasle,2801,1,8,215860,72,142,432,852,1,1,52969,2801,0,9,0,0,0,NORMAL,0,3,1,1,24,144
55748,5,adaptive-prasle,2779,1,8,215684,72,213,432,1278,1,1,52969,2779,0,9,0,0,0,NORMAL,0,3,1,1,17,144
55905,1,adaptive-prasle,2937,1,8,216947,72,143,432,858,1,1,52968,2937,0,9,0,0,0,LEADER,1,3,1,1,8,144
56190,6,adaptive-prasle,3222,1,8,219223,72,214,432,1284,1,1,52968,3222,0,9,0,0,0,NORMAL,0,3,1,1,18,144
55883,2,adaptive-prasle,2916,1,8,216770,72,217,432,1302,1,1,52967,2916,0,9,0,0,0,NORMAL,0,3,1,1,22,144
56327,3,adaptive-prasle,3358,1,8,220316,72,217,432,1302,1,1,52969,3358,0,9,0,0,0,NORMAL,0,3,1,1,23,144
56075,8,adaptive-prasle,3107,1,8,218306,72,144,432,864,1,1,52968,3107,0,9,0,0,0,NORMAL,0,3,1,1,23,144
56055,9,adaptive-prasle,3086,1,8,218140,72,73,432,438,1,1,52969,3086,0,9,0,0,0,NORMAL,0,3,1,1,25,144
56632,7,adaptive-prasle,3665,1,8,222766,72,218,432,1308,1,1,52967,3665,0,9,0,0,0,NORMAL,0,3,1,1,24,144
56497,10,adaptive-prasle,3528,1,8,221676,72,73,432,438,1,1,52969,3528,0,9,0,0,0,NORMAL,0,3,1,1,17,144
58073,4,adaptive-prasle,2801,1,9,273933,75,148,450,888,1,1,55272,2801,0,10,0,0,0,NORMAL,0,3,1,1,27,150
58051,5,adaptive-prasle,2779,1,9,273735,75,222,450,1332,1,1,55272,2779,0,10,0,0,0,NORMAL,0,3,1,1,19,150
58208,1,adaptive-prasle,2937,1,9,275155,75,148,450,888,1,1,55271,2937,0,10,0,0,0,LEADER,1,3,1,1,9,150
58493,6,adaptive-prasle,3222,1,9,277716,75,223,450,1338,1,1,55271,3222,0,10,0,0,0,NORMAL,0,3,1,1,20,150
58186,2,adaptive-prasle,2916,1,9,274956,75,225,450,1350,1,1,55270,2916,0,10,0,0,0,NORMAL,0,3,1,1,25,150
58630,3,adaptive-prasle,3358,1,9,278946,75,226,450,1356,1,1,55272,3358,0,10,0,0,0,NORMAL,0,3,1,1,26,150
58378,8,adaptive-prasle,3107,1,9,276684,75,150,450,900,1,1,55271,3107,0,10,0,0,0,NORMAL,0,3,1,1,26,150
58358,9,adaptive-prasle,3086,1,9,276498,75,76,450,456,1,1,55272,3086,0,10,0,0,0,NORMAL,0,3,1,1,28,150
58935,7,adaptive-prasle,3665,1,9,281701,75,227,450,1362,1,1,55270,3665,0,10,0,0,0,NORMAL,0,3,1,1,27,150
58800,10,adaptive-prasle,3528,1,9,280476,75,76,450,456,1,1,55272,3528,0,10,0,0,0,NORMAL,0,3,1,1,19,150
60376,4,adaptive-prasle,2801,1,9,273933,78,154,468,924,1,1,57575,2801,0,10,0,0,0,NORMAL,0,3,1,1,27,156
60354,5,adaptive-prasle,2779,1,9,273735,78,231,468,1386,1,1,57575,2779,0,10,0,0,0,NORMAL,0,3,1,1,19,156
60511,1,adaptive-prasle,2937,1,9,275155,78,155,468,930,1,1,57574,2937,0,10,0,0,0,LEADER,1,3,1,1,9,156
60796,6,adaptive-prasle,3222,1,9,277716,78,232,468,1392,1,1,57574,3222,0,10,0,0,0,NORMAL,0,3,1,1,20,156
60489,2,adaptive-prasle,2916,1,9,274956,78,235,468,1410,1,1,57573,2916,0,10,0,0,0,NORMAL,0,3,1,1,25,156
60933,3,adaptive-prasle,3358,1,9,278946,78,235,468,1410,1,1,57575,3358,0,10,0,0,0,NORMAL,0,3,1,1,26,156
60681,8,adaptive-prasle,3107,1,9,276684,78,156,468,936,1,1,57574,3107,0,10,0,0,0,NORMAL,0,3,1,1,26,156
60661,9,adaptive-prasle,3086,1,9,276498,78,79,468,474,1,1,57575,3086,0,10,0,0,0,NORMAL,0,3,1,1,28,156
61238,7,adaptive-prasle,3665,1,9,281701,78,235,468,1410,1,1,57573,3665,0,10,0,0,0,NORMAL,0,3,1,1,27,156
61103,10,adaptive-prasle,3528,1,9,280476,78,79,468,474,1,1,57575,3528,0,10,0,0,0,NORMAL,0,3,1,1,19,156
62679,4,adaptive-prasle,2801,1,9,273933,81,160,486,960,1,1,59878,2801,0,10,0,0,0,NORMAL,0,3,1,1,27,162
62657,5,adaptive-prasle,2779,1,9,273735,81,240,486,1440,1,1,59878,2779,0,10,0,0,0,NORMAL,0,3,1,1,19,162
62814,1,adaptive-prasle,2937,1,9,275155,81,160,486,960,1,1,59877,2937,0,10,0,0,0,LEADER,1,3,1,1,9,162
63099,6,adaptive-prasle,3222,1,9,277716,81,241,486,1446,1,1,59877,3222,0,10,0,0,0,NORMAL,0,3,1,1,20,162
62792,2,adaptive-prasle,2916,1,9,274956,81,244,486,1464,1,1,59876,2916,0,10,0,0,0,NORMAL,0,3,1,1,25,162
63236,3,adaptive-prasle,3358,1,9,278946,81,244,486,1464,1,1,59878,3358,0,10,0,0,0,NORMAL,0,3,1,1,26,162
62984,8,adaptive-prasle,3107,1,9,276684,81,162,486,972,1,1,59877,3107,0,10,0,0,0,NORMAL,0,3,1,1,26,162
62964,9,adaptive-prasle,3086,1,9,276498,81,82,486,492,1,1,59878,3086,0,10,0,0,0,NORMAL,0,3,1,1,28,162
63541,7,adaptive-prasle,3665,1,9,281701,81,244,486,1464,1,1,59876,3665,0,10,0,0,0,NORMAL,0,3,1,1,27,162
63406,10,adaptive-prasle,3528,1,9,280476,81,82,486,492,1,1,59878,3528,0,10,0,0,0,NORMAL,0,3,1,1,19,162
64982,4,adaptive-prasle,2801,1,10,338915,84,166,504,996,1,1,62181,2801,0,11,0,0,0,NORMAL,0,3,1,1,30,168
64960,5,adaptive-prasle,2779,1,10,338695,84,249,504,1494,1,1,62181,2779,0,11,0,0,0,NORMAL,0,3,1,1,21,168
65117,1,adaptive-prasle,2937,1,10,340272,84,167,504,1002,1,1,62180,2937,0,11,0,0,0,LEADER,1,3,1,1,10,168
65402,6,adaptive-prasle,3222,1,10,343118,84,250,504,1500,1,1,62180,3222,0,11,0,0,0,NORMAL,0,3,1,1,22,168
65095,2,adaptive-prasle,2916,1,10,340051,84,252,504,1512,1,1,62179,2916,0,11,0,0,0,NORMAL,0,3,1,1,28,168
65539,3,adaptive-prasle,3358,1,10,344485,84,253,504,1518,1,1,62181,3358,0,11,0,0,0,NORMAL,0,3,1,1,29,168
65286,8,adaptive-prasle,3107,1,10,341970,84,168,504,1008,1,1,62179,3107,0,11,0,0,0,NORMAL,0,3,1,1,29,168
65267,9,adaptive-prasle,3086,1,10,341765,84,85,504,510,1,1,62181,3086,0,11,0,0,0,NORMAL,0,3,1,1,31,168
65844,7,adaptive-prasle,3665,1,10,347545,84,254,504,1524,1,1,62179,3665,0,11,0,0,0,NORMAL,0,3,1,1,31,168
65709,10,adaptive-prasle,3528,1,10,346185,84,85,504,510,1,1,62181,3528,0,11,0,0,0,NORMAL,0,3,1,1,21,168
67285,4,adaptive-prasle,2801,1,10,338915,87,172,522,1032,1,1,64484,2801,0,11,0,0,0,NORMAL,0,3,1,1,30,174
67263,5,adaptive-prasle,2779,1,10,338695,87,258,522,1548,1,1,64484,2779,0,11,0,0,0,NORMAL,0,3,1,1,21,174
67420,1,adaptive-prasle,2937,1,10,340272,87,172,522,1032,1,1,64483,2937,0,11,0,0,0,LEADER,1,3,1,1,10,174
67705,6,adaptive-prasle,3222,1,10,343118,87,259,522,1554,1,1,64483,3222,0,11,0,0,0,NORMAL,0,3,1,1,22,174
67398,2,adaptive-prasle,2916,1,10,340051,87,261,522,1566,1,1,64482,2916,0,11,0,0,0,NORMAL,0,3,1,1,28,174
67842,3,adaptive-prasle,3358,1,10,344485,87,262,522,1572,1,1,64484,3358,0,11,0,0,0,NORMAL,0,3,1,1,29,174
67589,8,adaptive-prasle,3107,1,10,341970,87,174,522,1044,1,1,64482,3107,0,11,0,0,0,NORMAL,0,3,1,1,29,174
67570,9,adaptive-prasle,3086,1,10,341765,87,88,522,528,1,1,64484,3086,0,11,0,0,0,NORMAL,0,3,1,1,31,174
68146,7,adaptive-prasle,3665,1,10,347545,87,262,522,1572,1,1,64481,3665,0,11,0,0,0,NORMAL,0,3,1,1,31,174
68012,10,adaptive-prasle,3528,1,10,346185,87,88,522,528,1,1,64484,3528,0,11,0,0,0,NORMAL,0,3,1,1,21,174
69588,4,adaptive-prasle,2801,1,10,338915,90,178,540,1068,1,1,66787,2801,0,11,0,0,0,NORMAL,0,3,1,1,30,180
69566,5,adaptive-prasle,2779,1,10,338695,90,267,540,1602,1,1,66787,2779,0,11,0,0,0,NORMAL,0,3,1,1,21,180
69723,1,adaptive-prasle,2937,1,10,340272,90,179,540,1074,1,1,66786,2937,0,11,0,0,0,LEADER,1,3,1,1,10,180
70008,6,adaptive-prasle,3222,1,10,343118,90,268,540,1608,1,1,66786,3222,0,11,0,0,0,NORMAL,0,3,1,1,22,180
69701,2,adaptive-prasle,2916,1,10,340051,90,271,540,1626,1,1,66785,2916,0,11,0,0,0,NORMAL,0,3,1,1,28,180
70145,3,adaptive-prasle,3358,1,10,344485,90,271,540,1626,1,1,66787,3358,0,11,0,0,0,NORMAL,0,3,1,1,29,180
69892,8,adaptive-prasle,3107,1,10,341970,90,180,540,1080,1,1,66785,3107,0,11,0,0,0,NORMAL,0,3,1,1,29,180
69873,9,adaptive-prasle,3086,1,10,341765,90,91,540,546,1,1,66787,3086,0,11,0,0,0,NORMAL,0,3,1,1,31,180
70449,7,adaptive-prasle,3665,1,10,347545,90,272,540,1632,1,1,66784,3665,0,11,0,0,0,NORMAL,0,3,1,1,31,180
70315,10,adaptive-prasle,3528,1,10,346185,90,91,540,546,1,1,66787,3528,0,11,0,0,0,NORMAL,0,3,1,1,21,180
71891,4,adaptive-prasle,2801,1,11,410806,93,184,558,1104,1,1,69090,2801,0,12,0,0,0,NORMAL,0,3,1,1,33,186
71869,5,adaptive-prasle,2779,1,11,410564,93,276,558,1656,1,1,69090,2779,0,12,0,0,0,NORMAL,0,3,1,1,23,186
72026,1,adaptive-prasle,2937,1,11,412298,93,184,558,1104,1,1,69089,2937,0,12,0,0,0,LEADER,1,3,1,1,11,186
72311,6,adaptive-prasle,3222,1,11,415429,93,277,558,1662,1,1,69089,3222,0,12,0,0,0,NORMAL,0,3,1,1,24,186
72004,2,adaptive-prasle,2916,1,11,412055,93,280,558,1680,1,1,69088,2916,0,12,0,0,0,NORMAL,0,3,1,1,31,186
72448,3,adaptive-prasle,3358,1,11,416933,93,280,558,1680,1,1,69090,3358,0,12,0,0,0,NORMAL,0,3,1,1,32,186
72195,8,adaptive-prasle,3107,1,11,414165,93,186,558,1116,1,1,69088,3107,0,12,0,0,0,NORMAL,0,3,1,1,32,186
72176,9,adaptive-prasle,3086,1,11,413941,93,94,558,564,1,1,69090,3086,0,12,0,0,0,NORMAL,0,3,1,1,34,186
72752,7,adaptive-prasle,3665,1,11,420297,93,280,558,1680,1,1,69087,3665,0,12,0,0,0,NORMAL,0,3,1,1,34,186
72618,10,adaptive-prasle,3528,1,11,418803,93,94,558,564,1,1,69090,3528,0,12,0,0,0,NORMAL,0,3,1,1,23,186
74194,4,adaptive-prasle,2801,1,11,410806,96,190,576,1140,1,1,71393,2801,0,12,0,0,0,NORMAL,0,3,1,1,33,192
74172,5,adaptive-prasle,2779,1,11,410564,96,285,576,1710,1,1,71393,2779,0,12,0,0,0,NORMAL,0,3,1,1,23,192
74329,1,adaptive-prasle,2937,1,11,412298,96,190,576,1140,1,1,71392,2937,0,12,0,0,0,LEADER,1,3,1,1,11,192
74614,6,adaptive-prasle,3222,1,11,415429,96,286,576,1716,1,1,71392,3222,0,12,0,0,0,NORMAL,0,3,1,1,24,192
74307,2,adaptive-prasle,2916,1,11,412055,96,288,576,1728,1,1,71391,2916,0,12,0,0,0,NORMAL,0,3,1,1,31,192
74751,3,adaptive-prasle,3358,1,11,416933,96,289,576,1734,1,1,71393,3358,0,12,0,0,0,NORMAL,0,3,1,1,32,192
74498,8,adaptive-prasle,3107,1,11,414165,96,192,576,1152,1,1,71391,3107,0,12,0,0,0,NORMAL,0,3,1,1,32,192
74479,9,adaptive-prasle,3086,1,11,413941,96,97,576,582,1,1,71393,3086,0,12,0,0,0,NORMAL,0,3,1,1,34,192
75055,7,adaptive-prasle,3665,1,11,420297,96,290,576,1740,1,1,71390,3665,0,12,0,0,0,NORMAL,0,3,1,1,34,192
74921,10,adaptive-prasle,3528,1,11,418803,96,97,576,582,1,1,71393,3528,0,12,0,0,0,NORMAL,0,3,1,1,23,192
76497,4,adaptive-prasle,2801,1,11,410806,99,196,594,1176,1,1,73696,2801,0,12,0,0,0,NORMAL,0,3,1,1,33,198
76475,5,adaptive-prasle,2779,1,11,410564,99,294,594,1764,1,1,73696,2779,0,12,0,0,0,NORMAL,0,3,1,1,23,198
76632,1,adaptive-prasle,2937,1,11,412298,99,196,594,1176,1,1,73695,2937,0,12,0,0,0,LEADER,1,3,1,1,11,198
76917,6,adaptive-prasle,3222,1,11,415429,99,295,594,1770,1,1,73695,3222,0,12,0,0,0,NORMAL,0,3,1,1,24,198
76610,2,adaptive-prasle,2916,1,11,412055,99,298,594,1788,1,1,73694,2916,0,12,0,0,0,NORMAL,0,3,1,1,31,198
77054,3,adaptive-prasle,3358,1,11,416933,99,298,594,1788,1,1,73696,3358,0,12,0,0,0,NORMAL,0,3,1,1,32,198
76801,8,adaptive-prasle,3107,1,11,414165,99,198,594,1188,1,1,73694,3107,0,12,0,0,0,NORMAL,0,3,1,1,32,198
76782,9,adaptive-prasle,3086,1,11,413941,99,100,594,600,1,1,73696,3086,0,12,0,0,0,NORMAL,0,3,1,1,34,198
77358,7,adaptive-prasle,3665,1,11,420297,99,299,594,1794,1,1,73693,3665,0,12,0,0,0,NORMAL,0,3,1,1,34,198
77224,10,adaptive-prasle,3528,1,11,418803,99,100,594,600,1,1,73696,3528,0,12,0,0,0,NORMAL,0,3,1,1,23,198
78800,4,adaptive-prasle,2801,1,12,489606,102,202,612,1212,1,1,75999,2801,0,13,0,0,0,NORMAL,0,3,1,1,36,204
78778,5,adaptive-prasle,2779,1,12,489342,102,303,612,1818,1,1,75999,2779,0,13,0,0,0,NORMAL,0,3,1,1,25,204
78935,1,adaptive-prasle,2937,1,12,491233,102,202,612,1212,1,1,75998,2937,0,13,0,0,0,LEADER,1,3,1,1,12,204
79220,6,adaptive-prasle,3222,1,12,494649,102,304,612,1824,1,1,75998,3222,0,13,0,0,0,NORMAL,0,3,1,1,26,204
78913,2,adaptive-prasle,2916,1,12,490968,102,307,612,1842,1,1,75997,2916,0,13,0,0,0,NORMAL,0,3,1,1,34,204
79357,3,adaptive-prasle,3358,1,12,496290,102,307,612,1842,1,1,75999,3358,0,13,0,0,0,NORMAL,0,3,1,1,35,204
79104,8,adaptive-prasle,3107,1,12,493269,102,204,612,1224,1,1,75997,3107,0,13,0,0,0,NORMAL,0,3,1,1,34,204
79085,9,adaptive-prasle,3086,1,12,493026,102,103,612,618,1,1,75999,3086,0,13,0,0,0,NORMAL,0,3,1,1,37,204
79661,7,adaptive-prasle,3665,1,12,499958,102,308,612,1848,1,1,75996,3665,0,13,0,0,0,NORMAL,0,3,1,1,36,204
79527,10,adaptive-prasle,3528,1,12,498330,102,103,612,618,1,1,75999,3528,0,13,0,0,0,NORMAL,0,3,1,1,25,204
81103,4,adaptive-prasle,2801,1,12,489606,105,208,630,1248,1,1,78302,2801,0,13,0,0,0,NORMAL,0,3,1,1,36,210
81081,5,adaptive-prasle,2779,1,12,489342,105,312,630,1872,1,1,78302,2779,0,13,0,0,0,NORMAL,0,3,1,1,25,210
81238,1,adaptive-prasle,2937,1,12,491233,105,208,630,1248,1,1,78301,2937,0,13,0,0,0,LEADER,1,3,1,1,12,210
81523,6,adaptive-prasle,3222,1,12,494649,105,313,630,1878,1,1,78301,3222,0,13,0,0,0,NORMAL,0,3,1,1,26,210
81216,2,adaptive-prasle,2916,1,12,490968,105,316,630,1896,1,1,78300,2916,0,13,0,0,0,NORMAL,0,3,1,1,34,210
81660,3,adaptive-prasle,3358,1,12,496290,105,316,630,1896,1,1,78302,3358,0,13,0,0,0,NORMAL,0,3,1,1,35,210
81407,8,adaptive-prasle,3107,1,12,493269,105,210,630,1260,1,1,78300,3107,0,13,0,0,0,NORMAL,0,3,1,1,34,210
81388,9,adaptive-prasle,3086,1,12,493026,105,106,630,636,1,1,78302,3086,0,13,0,0,0,NORMAL,0,3,1,1,37,210
81964,7,adaptive-prasle,3665,1,12,499958,105,317,630,1902,1,1,78299,3665,0,13,0,0,0,NORMAL,0,3,1,1,36,210
81830,10,adaptive-prasle,3528,1,12,498330,105,106,630,636,1,1,78302,3528,0,13,0,0,0,NORMAL,0,3,1,1,25,210
83406,4,adaptive-prasle,2801,1,12,489606,108,214,648,1284,1,1,80605,2801,0,13,0,0,0,NORMAL,0,3,1,1,36,216
83384,5,adaptive-prasle,2779,1,12,489342,108,321,648,1926,1,1,80605,2779,0,13,0,0,0,NORMAL,0,3,1,1,25,216
83541,1,adaptive-prasle,2937,1,12,491233,108,215,648,1290,1,1,80604,2937,0,13,0,0,0,LEADER,1,3,1,1,12,216
83826,6,adaptive-prasle,3222,1,12,494649,108,322,648,1932,1,1,80604,3222,0,13,0,0,0,NORMAL,0,3,1,1,26,216
83519,2,adaptive-prasle,2916,1,12,490968,108,325,648,1950,1,1,80603,2916,0,13,0,0,0,NORMAL,0,3,1,1,34,216
83963,3,adaptive-prasle,3358,1,12,496290,108,325,648,1950,1,1,80605,3358,0,13,0,0,0,NORMAL,0,3,1,1,35,216
83710,8,adaptive-prasle,3107,1,12,493269,108,216,648,1296,1,1,80603,3107,0,13,0,0,0,NORMAL,0,3,1,1,34,216
83691,9,adaptive-prasle,3086,1,12,493026,108,109,648,654,1,1,80605,3086,0,13,0,0,0,NORMAL,0,3,1,1,37,216
84267,7,adaptive-prasle,3665,1,12,499958,108,326,648,1956,1,1,80602,3665,0,13,0,0,0,NORMAL,0,3,1,1,36,216
84133,10,adaptive-prasle,3528,1,12,498330,108,109,648,654,1,1,80605,3528,0,13,0,0,0,NORMAL,0,3,1,1,25,216
85709,4,adaptive-prasle,2801,1,13,575315,111,220,666,1320,1,1,82908,2801,0,14,0,0,0,NORMAL,0,3,1,1,39,222
85687,5,adaptive-prasle,2779,1,13,575029,111,330,666,1980,1,1,82908,2779,0,14,0,0,0,NORMAL,0,3,1,1,27,222
85844,1,adaptive-prasle,2937,1,13,577077,111,220,666,1320,1,1,82907,2937,0,14,0,0,0,LEADER,1,3,1,1,13,222
86129,6,adaptive-prasle,3222,1,13,580778,111,331,666,1986,1,1,82907,3222,0,14,0,0,0,NORMAL,0,3,1,1,28,222
85822,2,adaptive-prasle,2916,1,13,576790,111,334,666,2004,1,1,82906,2916,0,14,0,0,0,NORMAL,0,3,1,1,37,222
86266,3,adaptive-prasle,3358,1,13,582556,111,334,666,2004,1,1,82908,3358,0,14,0,0,0,NORMAL,0,3,1,1,38,222
86013,8,adaptive-prasle,3107,1,13,579282,111,222,666,1332,1,1,82906,3107,0,14,0,0,0,NORMAL,0,3,1,1,37,222
85994,9,adaptive-prasle,3086,1,13,579020,111,112,666,672,1,1,82908,3086,0,14,0,0,0,NORMAL,0,3,1,1,40,222
86570,7,adaptive-prasle,3665,1,13,586528,111,335,666,2010,1,1,82905,3665,0,14,0,0,0,NORMAL,0,3,1,1,39,222
86436,10,adaptive-prasle,3528,1,13,584766,111,112,666,672,1,1,82908,3528,0,14,0,0,0,NORMAL,0,3,1,1,27,222
88012,4,adaptive-prasle,2801,1,13,575315,114,226,684,1356,1,1,85211,2801,0,14,0,0,0,NORMAL,0,3,1,1,39,228
87990,5,adaptive-prasle,2779,1,13,575029,114,339,684,2034,1,1,85211,2779,0,14,0,0,0,NORMAL,0,3,1,1,27,228
88147,1,adaptive-prasle,2937,1,13,577077,114,227,684,1362,1,1,85210,2937,0,14,0,0,0,LEADER,1,3,1,1,13,228
88432,6,adaptive-prasle,3222,1,13,580778,114,340,684,2040,1,1,85210,3222,0,14,0,0,0,NORMAL,0,3,1,1,28,228
88125,2,adaptive-prasle,2916,1,13,576790,114,342,684,2052,1,1,85209,2916,0,14,0,0,0,NORMAL,0,3,1,1,37,228
88569,3,adaptive-prasle,3358,1,13,582556,114,343,684,2058,1,1,85211,3358,0,14,0,0,0,NORMAL,0,3,1,1,38,228
88316,8,adaptive-prasle,3107,1,13,579282,114,228,684,1368,1,1,85209,3107,0,14,0,0,0,NORMAL,0,3,1,1,37,228
88297,9,adaptive-prasle,3086,1,13,579020,114,115,684,690,1,1,85211,3086,0,14,0,0,0,NORMAL,0,3,1,1,40,228
88873,7,adaptive-prasle,3665,1,13,586528,114,344,684,2064,1,1,85208,3665,0,14,0,0,0,NORMAL,0,3,1,1,39,228
88739,10,adaptive-prasle,3528,1,13,584766,114,115,684,690,1,1,85211,3528,0,14,0,0,0,NORMAL,0,3,1,1,27,228
90315,4,adaptive-prasle,2801,1,13,575315,117,232,702,1392,1,1,87514,2801,0,14,0,0,0,NORMAL,0,3,1,1,39,234
90293,5,adaptive-prasle,2779,1,13,575029,117,348,702,2088,1,1,87514,2779,0,14,0,0,0,NORMAL,0,3,1,1,27,234
90450,1,adaptive-prasle,2937,1,13,577077,117,233,702,1398,1,1,87513,2937,0,14,0,0,0,LEADER,1,3,1,1,13,234
90735,6,adaptive-prasle,3222,1,13,580778,117,349,702,2094,1,1,87513,3222,0,14,0,0,0,NORMAL,0,3,1,1,28,234
90428,2,adaptive-prasle,2916,1,13,576790,117,352,702,2112,1,1,87512,2916,0,14,0,0,0,NORMAL,0,3,1,1,37,234
90872,3,adaptive-prasle,3358,1,13,582556,117,352,702,2112,1,1,87514,3358,0,14,0,0,0,NORMAL,0,3,1,1,38,234
90619,8,adaptive-prasle,3107,1,13,579282,117,234,702,1404,1,1,87512,3107,0,14,0,0,0,NORMAL,0,3,1,1,37,234
90600,9,adaptive-prasle,3086,1,13,579020,117,118,702,708,1,1,87514,3086,0,14,0,0,0,NORMAL,0,3,1,1,40,234
91176,7,adaptive-prasle,3665,1,13,586528,117,353,702,2118,1,1,87511,3665,0,14,0,0,0,NORMAL,0,3,1,1,39,234
91042,10,adaptive-prasle,3528,1,13,584766,117,118,702,708,1,1,87514,3528,0,14,0,0,0,NORMAL,0,3,1,1,27,234
92618,4,adaptive-prasle,2801,1,14,667933,120,238,720,1428,1,1,89817,2801,0,15,0,0,0,NORMAL,0,3,1,1,42,240
92596,5,adaptive-prasle,2779,1,14,667625,120,357,720,2142,1,1,89817,2779,0,15,0,0,0,NORMAL,0,3,1,1,29,240
92753,1,adaptive-prasle,2937,1,14,669830,120,239,720,1434,1,1,89816,2937,0,15,0,0,0,LEADER,1,3,1,1,14,240
93038,6,adaptive-prasle,3222,1,14,673816,120,358,720,2148,1,1,89816,3222,0,15,0,0,0,NORMAL,0,3,1,1,30,240
92731,2,adaptive-prasle,2916,1,14,669521,120,361,720,2166,1,1,89815,2916,0,15,0,0,0,NORMAL,0,3,1,1,40,240
93175,3,adaptive-prasle,3358,1,14,675731,120,361,720,2166,1,1,89817,3358,0,15,0,0,0,NORMAL,0,3,1,1,41,240
92922,8,adaptive-prasle,3107,1,14,672204,120,240,720,1440,1,1,89815,3107,0,15,0,0,0,NORMAL,0,3,1,1,40,240
92903,9,adaptive-prasle,3086,1,14,671923,120,121,720,726,1,1,89817,3086,0,15,0,0,0,NORMAL,0,3,1,1,43,240
93479,7,adaptive-prasle,3665,1,14,680007,120,362,720,2172,1,1,89814,3665,0,15,0,0,0,NORMAL,0,3,1,1,42,240
93345,10,adaptive-prasle,3528,1,14,678111,120,121,720,726,1,1,89817,3528,0,15,0,0,0,NORMAL,0,3,1,1,29,240
94921,4,adaptive-prasle,2801,1,14,667933,123,244,738,1464,1,1,92120,2801,0,15,0,0,0,NORMAL,0,3,1,1,42,246
94899,5,adaptive-prasle,2779,1,14,667625,123,366,738,2196,1,1,92120,2779,0,15,0,0,0,NORMAL,0,3,1,1,29,246
95056,1,adaptive-prasle,2937,1,14,669830,123,245,738,1470,1,1,92119,2937,0,15,0,0,0,LEADER,1,3,1,1,14,246
95341,6,adaptive-prasle,3222,1,14,673816,123,367,738,2202,1,1,92119,3222,0,15,0,0,0,NORMAL,0,3,1,1,30,246
95034,2,adaptive-prasle,2916,1,14,669521,123,369,738,2214,1,1,92118,2916,0,15,0,0,0,NORMAL,0,3,1,1,40,246
95478,3,adaptive-prasle,3358,1,14,675731,123,370,738,2220,1,1,92120,3358,0,15,0,0,0,NORMAL,0,3,1,1,41,246
95225,8,adaptive-prasle,3107,1,14,672204,123,246,738,1476,1,1,92118,3107,0,15,0,0,0,NORMAL,0,3,1,1,40,246
95206,9,adaptive-prasle,3086,1,14,671923,123,124,738,744,1,1,92120,3086,0,15,0,0,0,NORMAL,0,3,1,1,43,246
95782,7,adaptive-prasle,3665,1,14,680007,123,371,738,2226,1,1,92117,3665,0,15,0,0,0,NORMAL,0,3,1,1,42,246
95648,10,adaptive-prasle,3528,1,14,678111,123,124,738,744,1,1,92120,3528,0,15,0,0,0,NORMAL,0,3,1,1,29,246
97224,4,adaptive-prasle,2801,1,14,667933,126,250,756,1500,1,1,94423,2801,0,15,0,0,0,NORMAL,0,3,1,1,42,252
97202,5,adaptive-prasle,2779,1,14,667625,126,375,756,2250,1,1,94423,2779,0,15,0,0,0,NORMAL,0,3,1,1,29,252
97359,1,adaptive-prasle,2937,1,14,669830,126,250,756,1500,1,1,94422,2937,0,15,0,0,0,LEADER,1,3,1,1,14,252
97644,6,adaptive-prasle,3222,1,14,673816,126,376,756,2256,1,1,94422,3222,0,15,0,0,0,NORMAL,0,3,1,1,30,252
97337,2,adaptive-prasle,2916,1,14,669521,126,379,756,2274,1,1,94421,2916,0,15,0,0,0,NORMAL,0,3,1,1,40,252
97781,3,adaptive-prasle,3358,1,14,675731,126,379,756,2274,1,1,94423,3358,0,15,0,0,0,NORMAL,0,3,1,1,41,252
97528,8,adaptive-prasle,3107,1,14,672204,126,252,756,1512,1,1,94421,3107,0,15,0,0,0,NORMAL,0,3,1,1,40,252
97509,9,adaptive-prasle,3086,1,14,671923,126,127,756,762,1,1,94423,3086,0,15,0,0,0,NORMAL,0,3,1,1,43,252
98085,7,adaptive-prasle,3665,1,14,680007,126,379,756,2274,1,1,94420,3665,0,15,0,0,0,NORMAL,0,3,1,1,42,252
97951,10,adaptive-prasle,3528,1,14,678111,126,127,756,762,1,1,94423,3528,0,15,0,0,0,NORMAL,0,3,1,1,29,252
99527,4,adaptive-prasle,2801,1,15,767460,129,256,774,1536,1,1,96726,2801,0,16,0,0,0,NORMAL,0,3,1,1,45,258
99505,5,adaptive-prasle,2779,1,15,767130,129,384,774,2304,1,1,96726,2779,0,16,0,0,0,NORMAL,0,3,1,1,31,258
99662,1,adaptive-prasle,2937,1,15,769492,129,256,774,1536,1,1,96725,2937,0,16,0,0,0,LEADER,1,3,1,1,15,258
99947,6,adaptive-prasle,3222,1,15,773763,129,385,774,2310,1,1,96725,3222,0,16,0,0,0,NORMAL,0,3,1,1,32,258
99640,2,adaptive-prasle,2916,1,15,769161,129,387,774,2322,1,1,96724,2916,0,16,0,0,0,NORMAL,0,3,1,1,43,258
100084,3,adaptive-prasle,3358,1,15,775815,129,388,774,2328,1,1,96726,3358,0,16,0,0,0,NORMAL,0,3,1,1,44,258
99831,8,adaptive-prasle,3107,1,15,772035,129,258,774,1548,1,1,96724,3107,0,16,0,0,0,NORMAL,0,3,1,1,42,258
99812,9,adaptive-prasle,3086,1,15,771735,129,130,774,780,1,1,96726,3086,0,16,0,0,0,NORMAL,0,3,1,1,46,258
100388,7,adaptive-prasle,3665,1,15,780395,129,389,774,2334,1,1,96723,3665,0,16,0,0,0,NORMAL,0,3,1,1,45,258
100254,10,adaptive-prasle,3528,1,15,778365,129,130,774,780,1,1,96726,3528,0,16,0,0,0,NORMAL,0,3,1,1,31,258
101830,4,adaptive-prasle,2801,1,15,767460,132,262,792,1572,1,1,99029,2801,0,16,0,0,0,NORMAL,0,3,1,1,45,264
101808,5,adaptive-prasle,2779,1,15,767130,132,393,792,2358,1,1,99029,2779,0,16,0,0,0,NORMAL,0,3,1,1,31,264
101965,1,adaptive-prasle,2937,1,15,769492,132,262,792,1572,1,1,99028,2937,0,16,0,0,0,LEADER,1,3,1,1,15,264
102250,6,adaptive-prasle,3222,1,15,773763,132,394,792,2364,1,1,99028,3222,0,16,0,0,0,NORMAL,0,3,1,1,32,264
101943,2,adaptive-prasle,2916,1,15,769161,132,397,792,2382,1,1,99027,2916,0,16,0,0,0,NORMAL,0,3,1,1,43,264
102387,3,adaptive-prasle,3358,1,15,775815,132,397,792,2382,1,1,99029,3358,0,16,0,0,0,NORMAL,0,3,1,1,44,264
102134,8,adaptive-prasle,3107,1,15,772035,132,264,792,1584,1,1,99027,3107,0,16,0,0,0,NORMAL,0,3,1,1,42,264
102117,9,adaptive-prasle,3086,1,15,771735,132,133,792,798,1,1,99031,3086,0,16,0,0,0,NORMAL,0,3,1,1,46,264
102691,7,adaptive-prasle,3665,1,15,780395,132,398,792,2388,1,1,99026,3665,0,16,0,0,0,NORMAL,0,3,1,1,45,264
102557,10,adaptive-prasle,3528,1,15,778365,132,133,792,798,1,1,99029,3528,0,16,0,0,0,NORMAL,0,3,1,1,31,264
104133,4,adaptive-prasle,2801,1,15,767460,135,268,810,1608,1,1,101332,2801,0,16,0,0,0,NORMAL,0,3,1,1,45,270
104111,5,adaptive-prasle,2779,1,15,767130,135,402,810,2412,1,1,101332,2779,0,16,0,0,0,NORMAL,0,3,1,1,31,270
104268,1,adaptive-prasle,2937,1,15,769492,135,269,810,1614,1,1,101331,2937,0,16,0,0,0,LEADER,1,3,1,1,15,270
104553,6,adaptive-prasle,3222,1,15,773763,135,403,810,2418,1,1,101331,3222,0,16,0,0,0,NORMAL,0,3,1,1,32,270
104246,2,adaptive-prasle,2916,1,15,769161,135,406,810,2436,1,1,101330,2916,0,16,0,0,0,NORMAL,0,3,1,1,43,270
104690,3,adaptive-prasle,3358,1,15,775815,135,406,810,2436,1,1,101332,3358,0,16,0,0,0,NORMAL,0,3,1,1,44,270
104437,8,adaptive-prasle,3107,1,15,772035,135,270,810,1620,1,1,101330,3107,0,16,0,0,0,NORMAL,0,3,1,1,42,270
104420,9,adaptive-prasle,3086,1,15,771735,135,136,810,816,1,1,101334,3086,0,16,0,0,0,NORMAL,0,3,1,1,46,270
104994,7,adaptive-prasle,3665,1,15,780395,135,407,810,2442,1,1,101329,3665,0,16,0,0,0,NORMAL,0,3,1,1,45,270
104860,10,adaptive-prasle,3528,1,15,778365,135,136,810,816,1,1,101332,3528,0,16,0,0,0,NORMAL,0,3,1,1,31,270
106436,4,adaptive-prasle,2801,1,16,873896,138,274,828,1644,1,1,103635,2801,0,17,0,0,0,NORMAL,0,3,1,1,48,276
106414,5,adaptive-prasle,2779,1,16,873544,138,411,828,2466,1,1,103635,2779,0,17,0,0,0,NORMAL,0,3,1,1,33,276
106571,1,adaptive-prasle,2937,1,16,876063,138,275,828,1650,1,1,103634,2937,0,17,0,0,0,LEADER,1,3,1,1,16,276
106856,6,adaptive-prasle,3222,1,16,880619,138,412,828,2472,1,1,103634,3222,0,17,0,0,0,NORMAL,0,3,1,1,34,276
106549,2,adaptive-prasle,2916,1,16,875710,138,415,828,2490,1,1,103633,2916,0,17,0,0,0,NORMAL,0,3,1,1,46,276
106993,3,adaptive-prasle,3358,1,16,882808,138,415,828,2490,1,1,103635,3358,0,17,0,0,0,NORMAL,0,3,1,1,47,276
106740,8,adaptive-prasle,3107,1,16,878775,138,276,828,1656,1,1,103633,3107,0,17,0,0,0,NORMAL,0,3,1,1,44,276
106723,9,adaptive-prasle,3086,1,16,878458,138,139,828,834,1,1,103637,3086,0,17,0,0,0,NORMAL,0,3,1,1,49,276
107297,7,adaptive-prasle,3665,1,16,887692,138,416,828,2496,1,1,103632,3665,0,17,0,0,0,NORMAL,0,3,1,1,47,276
107163,10,adaptive-prasle,3528,1,16,885528,138,139,828,834,1,1,103635,3528,0,17,0,0,0,NORMAL,0,3,1,1,33,276
108739,4,adaptive-prasle,2801,1,16,873896,141,280,846,1680,1,1,105938,2801,0,17,0,0,0,NORMAL,0,3,1,1,48,282
108717,5,adaptive-prasle,2779,1,16,873544,141,420,846,2520,1,1,105938,2779,0,17,0,0,0,NORMAL,0,3,1,1,33,282
108874,1,adaptive-prasle,2937,1,16,876063,141,280,846,1680,1,1,105937,2937,0,17,0,0,0,LEADER,1,3,1,1,16,282
109159,6,adaptive-prasle,3222,1,16,880619,141,421,846,2526,1,1,105937,3222,0,17,0,0,0,NORMAL,0,3,1,1,34,282
108852,2,adaptive-prasle,2916,1,16,875710,141,424,846,2544,1,1,105936,2916,0,17,0,0,0,NORMAL,0,3,1,1,46,282
109296,3,adaptive-prasle,3358,1,16,882808,141,424,846,2544,1,1,105938,3358,0,17,0,0,0,NORMAL,0,3,1,1,47,282
109043,8,adaptive-prasle,3107,1,16,878775,141,282,846,1692,1,1,105936,3107,0,17,0,0,0,NORMAL,0,3,1,1,44,282
109026,9,adaptive-prasle,3086,1,16,878458,141,142,846,852,1,1,105940,3086,0,17,0,0,0,NORMAL,0,3,1,1,49,282
109599,7,adaptive-prasle,3665,1,16,887692,141,424,846,2544,1,1,105934,3665,0,17,0,0,0,NORMAL,0,3,1,1,47,282
109466,10,adaptive-prasle,3528,1,16,885528,141,142,846,852,1,1,105938,3528,0,17,0,0,0,NORMAL,0,3,1,1,33,282
111042,4,adaptive-prasle,2801,1,16,873896,144,286,864,1716,1,1,108241,2801,0,17,0,0,0,NORMAL,0,3,1,1,48,288
111020,5,adaptive-prasle,2779,1,16,873544,144,429,864,2574,1,1,108241,2779,0,17,0,0,0,NORMAL,0,3,1,1,33,288
111177,1,adaptive-prasle,2937,1,16,876063,144,287,864,1722,1,1,108240,2937,0,17,0,0,0,LEADER,1,3,1,1,16,288
111462,6,adaptive-prasle,3222,1,16,880619,144,430,864,2580,1,1,108240,3222,0,17,0,0,0,NORMAL,0,3,1,1,34,288
111155,2,adaptive-prasle,2916,1,16,875710,144,433,864,2598,1,1,108239,2916,0,17,0,0,0,NORMAL,0,3,1,1,46,288
111599,3,adaptive-prasle,3358,1,16,882808,144,433,864,2598,1,1,108241,3358,0,17,0,0,0,NORMAL,0,3,1,1,47,288
111346,8,adaptive-prasle,3107,1,16,878775,144,288,864,1728,1,1,108239,3107,0,17,0,0,0,NORMAL,0,3,1,1,44,288
111329,9,adaptive-prasle,3086,1,16,878458,144,145,864,870,1,1,108243,3086,0,17,0,0,0,NORMAL,0,3,1,1,49,288
111902,7,adaptive-prasle,3665,1,16,887692,144,433,864,2598,1,1,108237,3665,0,17,0,0,0,NORMAL,0,3,1,1,47,288
111769,10,adaptive-prasle,3528,1,16,885528,144,145,864,870,1,1,108241,3528,0,17,0,0,0,NORMAL,0,3,1,1,33,288
113345,4,adaptive-prasle,2801,1,17,987241,147,292,882,1752,1,1,110544,2801,0,18,0,0,0,NORMAL,0,3,1,1,51,294
113323,5,adaptive-prasle,2779,1,17,986867,147,438,882,2628,1,1,110544,2779,0,18,0,0,0,NORMAL,0,3,1,1,35,294
113480,1,adaptive-prasle,2937,1,17,989543,147,292,882,1752,1,1,110543,2937,0,18,0,0,0,LEADER,1,3,1,1,17,294
113767,6,adaptive-prasle,3222,1,17,994386,147,439,882,2634,1,1,110545,3222,0,18,0,0,0,NORMAL,0,3,1,1,36,294
113458,2,adaptive-prasle,2916,1,17,989168,147,442,882,2652,1,1,110542,2916,0,18,0,0,0,NORMAL,0,3,1,1,49,294
113902,3,adaptive-prasle,3358,1,17,996710,147,442,882,2652,1,1,110544,3358,0,18,0,0,0,NORMAL,0,3,1,1,50,294
113649,8,adaptive-prasle,3107,1,17,992424,147,294,882,1764,1,1,110542,3107,0,18,0,0,0,NORMAL,0,3,1,1,46,294
113632,9,adaptive-prasle,3086,1,17,992090,147,148,882,888,1,1,110546,3086,0,18,0,0,0,NORMAL,0,3,1,1,52,294
114205,7,adaptive-prasle,3665,1,17,1001897,147,442,882,2652,1,1,110540,3665,0,18,0,0,0,NORMAL,0,3,1,1,50,294
114072,10,adaptive-prasle,3528,1,17,999600,147,148,882,888,1,1,110544,3528,0,18,0,0,0,NORMAL,0,3,1,1,35,294
115648,4,adaptive-prasle,2801,1,17,987241,150,298,900,1788,1,1,112847,2801,0,18,0,0,0,NORMAL,0,3,1,1,51,300
115626,5,adaptive-prasle,2779,1,17,986867,150,447,900,2682,1,1,112847,2779,0,18,0,0,0,NORMAL,0,3,1,1,35,300
115783,1,adaptive-prasle,2937,1,17,989543,150,298,900,1788,1,1,112846,2937,0,18,0,0,0,LEADER,1,3,1,1,17,300
116070,6,adaptive-prasle,3222,1,17,994386,150,448,900,2688,1,1,112848,3222,0,18,0,0,0,NORMAL,0,3,1,1,36,300
115761,2,adaptive-prasle,2916,1,17,989168,150,450,900,2700,1,1,112845,2916,0,18,0,0,0,NORMAL,0,3,1,1,49,300
116205,3,adaptive-prasle,3358,1,17,996710,150,451,900,2706,1,1,112847,3358,0,18,0,0,0,NORMAL,0,3,1,1,50,300
115952,8,adaptive-prasle,3107,1,17,992424,150,300,900,1800,1,1,112845,3107,0,18,0,0,0,NORMAL,0,3,1,1,46,300
115935,9,adaptive-prasle,3086,1,17,992090,150,151,900,906,1,1,112849,3086,0,18,0,0,0,NORMAL,0,3,1,1,52,300
116508,7,adaptive-prasle,3665,1,17,1001897,150,452,900,2712,1,1,112843,3665,0,18,0,0,0,NORMAL,0,3,1,1,50,300
116375,10,adaptive-prasle,3528,1,17,999600,150,151,900,906,1,1,112847,3528,0,18,0,0,0,NORMAL,0,3,1,1,35,300
117951,4,adaptive-prasle,2801,1,17,987241,153,304,918,1824,1,1,115150,2801,0,18,0,0,0,NORMAL,0,3,1,1,51,306
117929,5,adaptive-prasle,2779,1,17,986867,153,456,918,2736,1,1,115150,2779,0,18,0,0,0,NORMAL,0,3,1,1,35,306
118086,1,adaptive-prasle,2937,1,17,989543,153,304,918,1824,1,1,115149,2937,0,18,0,0,0,LEADER,1,3,1,1,17,306
118373,6,adaptive-prasle,3222,1,17,994386,153,457,918,2742,1,1,115151,3222,0,18,0,0,0,NORMAL,0,3,1,1,36,306
118064,2,adaptive-prasle,2916,1,17,989168,153,460,918,2760,1,1,115148,2916,0,18,0,0,0,NORMAL,0,3,1,1,49,306
118508,3,adaptive-prasle,3358,1,17,996710,153,460,918,2760,1,1,115150,3358,0,18,0,0,0,NORMAL,0,3,1,1,50,306
118255,8,adaptive-prasle,3107,1,17,992424,153,306,918,1836,1,1,115148,3107,0,18,0,0,0,NORMAL,0,3,1,1,46,306
118238,9,adaptive-prasle,3086,1,17,992090,153,154,918,924,1,1,115152,3086,0,18,0,0,0,NORMAL,0,3,1,1,52,306
118811,7,adaptive-prasle,3665,1,17,1001897,153,461,918,2766,1,1,115146,3665,0,18,0,0,0,NORMAL,0,3,1,1,50,306
118678,10,adaptive-prasle,3528,1,17,999600,153,154,918,924,1,1,115150,3528,0,18,0,0,0,NORMAL,0,3,1,1,35,306
120254,4,adaptive-prasle,2801,1,18,1107495,156,310,936,1860,1,1,117453,2801,0,19,0,0,0,NORMAL,0,3,1,1,54,312
120232,5,adaptive-prasle,2779,1,18,1107099,156,465,936,2790,1,1,117453,2779,0,19,0,0,0,NORMAL,0,3,1,1,37,312
120389,1,adaptive-prasle,2937,1,18,1109932,156,310,936,1860,1,1,117452,2937,0,19,0,0,0,LEADER,1,3,1,1,18,312
120676,6,adaptive-prasle,3222,1,18,1115062,156,466,936,2796,1,1,117454,3222,0,19,0,0,0,NORMAL,0,3,1,1,38,312
120367,2,adaptive-prasle,2916,1,18,1109535,156,468,936,2808,1,1,117451,2916,0,19,0,0,0,NORMAL,0,3,1,1,52,312
120811,3,adaptive-prasle,3358,1,18,1117521,156,469,936,2814,1,1,117453,3358,0,19,0,0,0,NORMAL,0,3,1,1,53,312
120558,8,adaptive-prasle,3107,1,18,1112982,156,312,936,1872,1,1,117451,3107,0,19,0,0,0,NORMAL,0,3,1,1,49,312
120541,9,adaptive-prasle,3086,1,18,1112631,156,157,936,942,1,1,117455,3086,0,19,0,0,0,NORMAL,0,3,1,1,55,312
121114,7,adaptive-prasle,3665,1,18,1123011,156,470,936,2820,1,1,117449,3665,0,19,0,0,0,NORMAL,0,3,1,1,53,312
120981,10,adaptive-prasle,3528,1,18,1120581,156,157,936,942,1,1,117453,3528,0,19,0,0,0,NORMAL,0,3,1,1,37,312
122557,4,adaptive-prasle,2801,1,18,1107495,159,316,954,1896,1,1,119756,2801,0,19,0,0,0,NORMAL,0,3,1,1,54,318
122535,5,adaptive-prasle,2779,1,18,1107099,159,474,954,2844,1,1,119756,2779,0,19,0,0,0,NORMAL,0,3,1,1,37,318
122692,1,adaptive-prasle,2937,1,18,1109932,159,316,954,1896,1,1,119755,2937,0,19,0,0,0,LEADER,1,3,1,1,18,318
122978,6,adaptive-prasle,3222,1,18,1115062,159,475,954,2850,1,1,119756,3222,0,19,0,0,0,NORMAL,0,3,1,1,38,318
122670,2,adaptive-prasle,2916,1,18,1109535,159,477,954,2862,1,1,119754,2916,0,19,0,0,0,NORMAL,0,3,1,1,52,318
123114,3,adaptive-prasle,3358,1,18,1117521,159,478,954,2868,1,1,119756,3358,0,19,0,0,0,NORMAL,0,3,1,1,53,318
122861,8,adaptive-prasle,3107,1,18,1112982,159,318,954,1908,1,1,119754,3107,0,19,0,0,0,NORMAL,0,3,1,1,49,318
122844,9,adaptive-prasle,3086,1,18,1112631,159,160,954,960,1,1,119758,3086,0,19,0,0,0,NORMAL,0,3,1,1,55,318
123417,7,adaptive-prasle,3665,1,18,1123011,159,479,954,2874,1,1,119752,3665,0,19,0,0,0,NORMAL,0,3,1,1,53,318
123284,10,adaptive-prasle,3528,1,18,1120581,159,160,954,960,1,1,119756,3528,0,19,0,0,0,NORMAL,0,3,1,1,37,318
124860,4,adaptive-prasle,2801,1,18,1107495,162,322,972,1932,1,1,122059,2801,0,19,0,0,0,NORMAL,0,3,1,1,54,324
124838,5,adaptive-prasle,2779,1,18,1107099,162,483,972,2898,1,1,122059,2779,0,19,0,0,0,NORMAL,0,3,1,1,37,324
124995,1,adaptive-prasle,2937,1,18,1109932,162,323,972,1938,1,1,122058,2937,0,19,0,0,0,LEADER,1,3,1,1,18,324
125281,6,adaptive-prasle,3222,1,18,1115062,162,484,972,2904,1,1,122059,3222,0,19,0,0,0,NORMAL,0,3,1,1,38,324
124973,2,adaptive-prasle,2916,1,18,1109535,162,487,972,2922,1,1,122057,2916,0,19,0,0,0,NORMAL,0,3,1,1,52,324
125417,3,adaptive-prasle,3358,1,18,1117521,162,487,972,2922,1,1,122059,3358,0,19,0,0,0,NORMAL,0,3,1,1,53,324
125164,8,adaptive-prasle,3107,1,18,1112982,162,324,972,1944,1,1,122057,3107,0,19,0,0,0,NORMAL,0,3,1,1,49,324
125147,9,adaptive-prasle,3086,1,18,1112631,162,163,972,978,1,1,122061,3086,0,19,0,0,0,NORMAL,0,3,1,1,55,324
125720,7,adaptive-prasle,3665,1,18,1123011,162,488,972,2928,1,1,122055,3665,0,19,0,0,0,NORMAL,0,3,1,1,53,324
125587,10,adaptive-prasle,3528,1,18,1120581,162,163,972,978,1,1,122059,3528,0,19,0,0,0,NORMAL,0,3,1,1,37,324
127163,4,adaptive-prasle,2801,1,19,1234658,165,328,990,1968,1,1,124362,2801,0,20,0,0,0,NORMAL,0,3,1,1,57,330
127141,5,adaptive-prasle,2779,1,19,1234240,165,492,990,2952,1,1,124362,2779,0,20,0,0,0,NORMAL,0,3,1,1,39,330
127298,1,adaptive-prasle,2937,1,19,1237230,165,328,990,1968,1,1,124361,2937,0,20,0,0,0,LEADER,1,3,1,1,19,330
127584,6,adaptive-prasle,3222,1,19,1242646,165,493,990,2958,1,1,124362,3222,0,20,0,0,0,NORMAL,0,3,1,1,40,330
127276,2,adaptive-prasle,2916,1,19,1236811,165,495,990,2970,1,1,124360,2916,0,20,0,0,0,NORMAL,0,3,1,1,55,330
127720,3,adaptive-prasle,3358,1,19,1245241,165,496,990,2976,1,1,124362,3358,0,20,0,0,0,NORMAL,0,3,1,1,56,330
127467,8,adaptive-prasle,3107,1,19,1240449,165,330,990,1980,1,1,124360,3107,0,20,0,0,0,NORMAL,0,3,1,1,52,330
127450,9,adaptive-prasle,3086,1,19,1240081,165,166,990,996,1,1,124364,3086,0,20,0,0,0,NORMAL,0,3,1,1,58,330
128023,7,adaptive-prasle,3665,1,19,1251034,165,497,990,2982,1,1,124358,3665,0,20,0,0,0,NORMAL,0,3,1,1,56,330
127890,10,adaptive-prasle,3528,1,19,1248471,165,166,990,996,1,1,124362,3528,0,20,0,0,0,NORMAL,0,3,1,1,39,330
129466,4,adaptive-prasle,2801,1,19,1234658,168,334,1008,2004,1,1,126665,2801,0,20,0,0,0,NORMAL,0,3,1,1,57,336
129444,5,adaptive-prasle,2779,1,19,1234240,168,501,1008,3006,1,1,126665,2779,0,20,0,0,0,NORMAL,0,3,1,1,39,336
129601,1,adaptive-prasle,2937,1,19,1237230,168,335,1008,2010,1,1,126664,2937,0,20,0,0,0,LEADER,1,3,1,1,19,336
129887,6,adaptive-prasle,3222,1,19,1242646,168,502,1008,3012,1,1,126665,3222,0,20,0,0,0,NORMAL,0,3,1,1,40,336
129579,2,adaptive-prasle,2916,1,19,1236811,168,504,1008,3024,1,1,126663,2916,0,20,0,0,0,NORMAL,0,3,1,1,55,336
130023,3,adaptive-prasle,3358,1,19,1245241,168,505,1008,3030,1,1,126665,3358,0,20,0,0,0,NORMAL,0,3,1,1,56,336
129770,8,adaptive-prasle,3107,1,19,1240449,168,336,1008,2016,1,1,126663,3107,0,20,0,0,0,NORMAL,0,3,1,1,52,336
129753,9,adaptive-prasle,3086,1,19,1240081,168,169,1008,1014,1,1,126667,3086,0,20,0,0,0,NORMAL,0,3,1,1,58,336
130326,7,adaptive-prasle,3665,1,19,1251034,168,506,1008,3036,1,1,126661,3665,0,20,0,0,0,NORMAL,0,3,1,1,56,336
130193,10,adaptive-prasle,3528,1,19,1248471,168,169,1008,1014,1,1,126665,3528,0,20,0,0,0,NORMAL,0,3,1,1,39,336
131769,4,adaptive-prasle,2801,1,19,1234658,171,340,1026,2040,1,1,128968,2801,0,20,0,0,0,NORMAL,0,3,1,1,57,342
131747,5,adaptive-prasle,2779,1,19,1234240,171,510,1026,3060,1,1,128968,2779,0,20,0,0,0,NORMAL,0,3,1,1,39,342
131904,1,adaptive-prasle,2937,1,19,1237230,171,340,1026,2040,1,1,128967,2937,0,20,0,0,0,LEADER,1,3,1,1,19,342
132190,6,adaptive-prasle,3222,1,19,1242646,171,511,1026,3066,1,1,128968,3222,0,20,0,0,0,NORMAL,0,3,1,1,40,342
131882,2,adaptive-prasle,2916,1,19,1236811,171,514,1026,3084,1,1,128966,2916,0,20,0,0,0,NORMAL,0,3,1,1,55,342
132326,3,adaptive-prasle,3358,1,19,1245241,171,514,1026,3084,1,1,128968,3358,0,20,0,0,0,NORMAL,0,3,1,1,56,342
132073,8,adaptive-prasle,3107,1,19,1240449,171,342,1026,2052,1,1,128966,3107,0,20,0,0,0,NORMAL,0,3,1,1,52,342
132056,9,adaptive-prasle,3086,1,19,1240081,171,172,1026,1032,1,1,128970,3086,0,20,0,0,0,NORMAL,0,3,1,1,58,342
132629,7,adaptive-prasle,3665,1,19,1251034,171,515,1026,3090,1,1,128964,3665,0,20,0,0,0,NORMAL,0,3,1,1,56,342
132496,10,adaptive-prasle,3528,1,19,1248471,171,172,1026,1032,1,1,128968,3528,0,20,0,0,0,NORMAL,0,3,1,1,39,342
134072,4,adaptive-prasle,2801,1,20,1368730,174,346,1044,2076,1,1,131271,2801,0,21,0,0,0,NORMAL,0,3,1,1,60,348
134050,5,adaptive-prasle,2779,1,20,1368290,174,519,1044,3114,1,1,131271,2779,0,21,0,0,0,NORMAL,0,3,1,1,41,348
134207,1,adaptive-prasle,2937,1,20,1371437,174,347,1044,2082,1,1,131270,2937,0,21,0,0,0,LEADER,1,3,1,1,20,348
134493,6,adaptive-prasle,3222,1,20,1377139,174,520,1044,3120,1,1,131271,3222,0,21,0,0,0,NORMAL,0,3,1,1,42,348
134185,2,adaptive-prasle,2916,1,20,1370996,174,522,1044,3132,1,1,131269,2916,0,21,0,0,0,NORMAL,0,3,1,1,58,348
134629,3,adaptive-prasle,3358,1,20,1379870,174,523,1044,3138,1,1,131271,3358,0,21,0,0,0,NORMAL,0,3,1,1,59,348
134376,8,adaptive-prasle,3107,1,20,1374825,174,348,1044,2088,1,1,131269,3107,0,21,0,0,0,NORMAL,0,3,1,1,54,348
134359,9,adaptive-prasle,3086,1,20,1374440,174,175,1044,1050,1,1,131273,3086,0,21,0,0,0,NORMAL,0,3,1,1,61,348
134932,7,adaptive-prasle,3665,1,20,1385966,174,524,1044,3144,1,1,131267,3665,0,21,0,0,0,NORMAL,0,3,1,1,58,348
134799,10,adaptive-prasle,3528,1,20,1383270,174,175,1044,1050,1,1,131271,3528,0,21,0,0,0,NORMAL,0,3,1,1,41,348
136375,4,adaptive-prasle,2801,1,20,1368730,177,352,1062,2112,1,1,133574,2801,0,21,0,0,0,NORMAL,0,3,1,1,60,354
136353,5,adaptive-prasle,2779,1,20,1368290,177,528,1062,3168,1,1,133574,2779,0,21,0,0,0,NORMAL,0,3,1,1,41,354
136510,1,adaptive-prasle,2937,1,20,1371437,177,352,1062,2112,1,1,133573,2937,0,21,0,0,0,LEADER,1,3,1,1,20,354
136795,6,adaptive-prasle,3222,1,20,1377139,177,529,1062,3174,1,1,133573,3222,0,21,0,0,0,NORMAL,0,3,1,1,42,354
136488,2,adaptive-prasle,2916,1,20,1370996,177,532,1062,3192,1,1,133572,2916,0,21,0,0,0,NORMAL,0,3,1,1,58,354
136932,3,adaptive-prasle,3358,1,20,1379870,177,532,1062,3192,1,1,133574,3358,0,21,0,0,0,NORMAL,0,3,1,1,59,354
136679,8,adaptive-prasle,3107,1,20,1374825,177,354,1062,2124,1,1,133572,3107,0,21,0,0,0,NORMAL,0,3,1,1,54,354
136662,9,adaptive-prasle,3086,1,20,1374440,177,178,1062,1068,1,1,133576,3086,0,21,0,0,0,NORMAL,0,3,1,1,61,354
137235,7,adaptive-prasle,3665,1,20,1385966,177,532,1062,3192,1,1,133570,3665,0,21,0,0,0,NORMAL,0,3,1,1,58,354
137102,10,adaptive-prasle,3528,1,20,1383270,177,178,1062,1068,1,1,133574,3528,0,21,0,0,0,NORMAL,0,3,1,1,41,354
138678,4,adaptive-prasle,2801,1,20,1368730,180,358,1080,2148,1,1,135877,2801,0,21,0,0,0,NORMAL,0,3,1,1,60,360
138656,5,adaptive-prasle,2779,1,20,1368290,180,537,1080,3222,1,1,135877,2779,0,21,0,0,0,NORMAL,0,3,1,1,41,360
138813,1,adaptive-prasle,2937,1,20,1371437,180,358,1080,2148,1,1,135876,2937,0,21,0,0,0,LEADER,1,3,1,1,20,360
139098,6,adaptive-prasle,3222,1,20,1377139,180,538,1080,3228,1,1,135876,3222,0,21,0,0,0,NORMAL,0,3,1,1,42,360
138791,2,adaptive-prasle,2916,1,20,1370996,180,540,1080,3240,1,1,135875,2916,0,21,0,0,0,NORMAL,0,3,1,1,58,360
139235,3,adaptive-prasle,3358,1,20,1379870,180,541,1080,3246,1,1,135877,3358,0,21,0,0,0,NORMAL,0,3,1,1,59,360
138982,8,adaptive-prasle,3107,1,20,1374825,180,360,1080,2160,1,1,135875,3107,0,21,0,0,0,NORMAL,0,3,1,1,54,360
138965,9,adaptive-prasle,3086,1,20,1374440,180,181,1080,1086,1,1,135879,3086,0,21,0,0,0,NORMAL,0,3,1,1,61,360
139538,7,adaptive-prasle,3665,1,20,1385966,180,542,1080,3252,1,1,135873,3665,0,21,0,0,0,NORMAL,0,3,1,1,58,360
139405,10,adaptive-prasle,3528,1,20,1383270,180,181,1080,1086,1,1,135877,3528,0,21,0,0,0,NORMAL,0,3,1,1,41,360
140981,4,adaptive-prasle,2801,1,21,1509711,183,364,1098,2184,1,1,138180,2801,0,22,0,0,0,NORMAL,0,3,1,1,63,366
140959,5,adaptive-prasle,2779,1,21,1509249,183,546,1098,3276,1,1,138180,2779,0,22,0,0,0,NORMAL,0,3,1,1,43,366
141116,1,adaptive-prasle,2937,1,21,1512553,183,365,1098,2190,1,1,138179,2937,0,22,0,0,0,LEADER,1,3,1,1,21,366
141401,6,adaptive-prasle,3222,1,21,1518540,183,547,1098,3282,1,1,138179,3222,0,22,0,0,0,NORMAL,0,3,1,1,44,366
141094,2,adaptive-prasle,2916,1,21,1512090,183,550,1098,3300,1,1,138178,2916,0,22,0,0,0,NORMAL,0,3,1,1,60,366
141538,3,adaptive-prasle,3358,1,21,1521408,183,550,1098,3300,1,1,138180,3358,0,22,0,0,0,NORMAL,0,3,1,1,62,366
141285,8,adaptive-prasle,3107,1,21,1516110,183,366,1098,2196,1,1,138178,3107,0,22,0,0,0,NORMAL,0,3,1,1,57,366
141268,9,adaptive-prasle,3086,1,21,1515708,183,184,1098,1104,1,1,138182,3086,0,22,0,0,0,NORMAL,0,3,1,1,64,366
141841,7,adaptive-prasle,3665,1,21,1527807,183,551,1098,3306,1,1,138176,3665,0,22,0,0,0,NORMAL,0,3,1,1,61,366
141708,10,adaptive-prasle,3528,1,21,1524978,183,184,1098,1104,1,1,138180,3528,0,22,0,0,0,NORMAL,0,3,1,1,43,366
143284,4,adaptive-prasle,2801,1,21,1509711,186,370,1116,2220,1,1,140483,2801,0,22,0,0,0,NORMAL,0,3,1,1,63,372
143262,5,adaptive-prasle,2779,1,21,1509249,186,555,1116,3330,1,1,140483,2779,0,22,0,0,0,NORMAL,0,3,1,1,43,372
143419,1,adaptive-prasle,2937,1,21,1512553,186,371,1116,2226,1,1,140482,2937,0,22,0,0,0,LEADER,1,3,1,1,21,372
143704,6,adaptive-prasle,3222,1,21,1518540,186,556,1116,3336,1,1,140482,3222,0,22,0,0,0,NORMAL,0,3,1,1,44,372
143397,2,adaptive-prasle,2916,1,21,1512090,186,559,1116,3354,1,1,140481,2916,0,22,0,0,0,NORMAL,0,3,1,1,60,372
143841,3,adaptive-prasle,3358,1,21,1521408,186,559,1116,3354,1,1,140483,3358,0,22,0,0,0,NORMAL,0,3,1,1,62,372
143588,8,adaptive-prasle,3107,1,21,1516110,186,372,1116,2232,1,1,140481,3107,0,22,0,0,0,NORMAL,0,3,1,1,57,372
143571,9,adaptive-prasle,3086,1,21,1515708,186,187,1116,1122,1,1,140485,3086,0,22,0,0,0,NORMAL,0,3,1,1,64,372
144144,7,adaptive-prasle,3665,1,21,1527807,186,560,1116,3360,1,1,140479,3665,0,22,0,0,0,NORMAL,0,3,1,1,61,372
144011,10,adaptive-prasle,3528,1,21,1524978,186,187,1116,1122,1,1,140483,3528,0,22,0,0,0,NORMAL,0,3,1,1,43,372
145587,4,adaptive-prasle,2801,1,21,1509711,189,376,1134,2256,1,1,142786,2801,0,22,0,0,0,NORMAL,0,3,1,1,63,378
145565,5,adaptive-prasle,2779,1,21,1509249,189,564,1134,3384,1,1,142786,2779,0,22,0,0,0,NORMAL,0,3,1,1,43,378
145722,1,adaptive-prasle,2937,1,21,1512553,189,376,1134,2256,1,1,142785,2937,0,22,0,0,0,LEADER,1,3,1,1,21,378
146007,6,adaptive-prasle,3222,1,21,1518540,189,565,1134,3390,1,1,142785,3222,0,22,0,0,0,NORMAL,0,3,1,1,44,378
145700,2,adaptive-prasle,2916,1,21,1512090,189,567,1134,3402,1,1,142784,2916,0,22,0,0,0,NORMAL,0,3,1,1,60,378
146144,3,adaptive-prasle,3358,1,21,1521408,189,568,1134,3408,1,1,142786,3358,0,22,0,0,0,NORMAL,0,3,1,1,62,378
145891,8,adaptive-prasle,3107,1,21,1516110,189,378,1134,2268,1,1,142784,3107,0,22,0,0,0,NORMAL,0,3,1,1,57,378
145874,9,adaptive-prasle,3086,1,21,1515708,189,190,1134,1140,1,1,142788,3086,0,22,0,0,0,NORMAL,0,3,1,1,64,378
146447,7,adaptive-prasle,3665,1,21,1527807,189,569,1134,3414,1,1,142782,3665,0,22,0,0,0,NORMAL,0,3,1,1,61,378
146314,10,adaptive-prasle,3528,1,21,1524978,189,190,1134,1140,1,1,142786,3528,0,22,0,0,0,NORMAL,0,3,1,1,43,378
147890,4,adaptive-prasle,2801,1,22,1657601,192,382,1152,2292,1,1,145089,2801,0,23,0,0,0,NORMAL,0,3,1,1,66,384
147868,5,adaptive-prasle,2779,1,22,1657117,192,573,1152,3438,1,1,145089,2779,0,23,0,0,0,NORMAL,0,3,1,1,45,384
148025,1,adaptive-prasle,2937,1,22,1660578,192,382,1152,2292,1,1,145088,2937,0,23,0,0,0,LEADER,1,3,1,1,22,384
148310,6,adaptive-prasle,3222,1,22,1666850,192,574,1152,3444,1,1,145088,3222,0,23,0,0,0,NORMAL,0,3,1,1,46,384
148003,2,adaptive-prasle,2916,1,22,1660093,192,576,1152,3456,1,1,145087,2916,0,23,0,0,0,NORMAL,0,3,1,1,62,384
148447,3,adaptive-prasle,3358,1,22,1669855,192,577,1152,3462,1,1,145089,3358,0,23,0,0,0,NORMAL,0,3,1,1,65,384
148194,8,adaptive-prasle,3107,1,22,1664304,192,384,1152,2304,1,1,145087,3107,0,23,0,0,0,NORMAL,0,3,1,1,60,384
148177,9,adaptive-prasle,3086,1,22,1663885,192,193,1152,1158,1,1,145091,3086,0,23,0,0,0,NORMAL,0,3,1,1,67,384
148749,7,adaptive-prasle,3665,1,22,1676556,192,577,1152,3462,1,1,145084,3665,0,23,0,0,0,NORMAL,0,3,1,1,64,384
148617,10,adaptive-prasle,3528,1,22,1673595,192,193,1152,1158,1,1,145089,3528,0,23,0,0,0,NORMAL,0,3,1,1,45,384
150193,4,adaptive-prasle,2801,1,22,1657601,195,388,1170,2328,1,1,147392,2801,0,23,0,0,0,NORMAL,0,3,1,1,66,390
150171,5,adaptive-prasle,2779,1,22,1657117,195,582,1170,3492,1,1,147392,2779,0,23,0,0,0,NORMAL,0,3,1,1,45,390
150328,1,adaptive-prasle,2937,1,22,1660578,195,388,1170,2328,1,1,147391,2937,0,23,0,0,0,LEADER,1,3,1,1,22,390
150613,6,adaptive-prasle,3222,1,22,1666850,195,583,1170,3498,1,1,147391,3222,0,23,0,0,0,NORMAL,0,3,1,1,46,390
150306,2,adaptive-prasle,2916,1,22,1660093,195,585,1170,3510,1,1,147390,2916,0,23,0,0,0,NORMAL,0,3,1,1,62,390
150750,3,adaptive-prasle,3358,1,22,1669855,195,586,1170,3516,1,1,147392,3358,0,23,0,0,0,NORMAL,0,3,1,1,65,390
150497,8,adaptive-prasle,3107,1,22,1664304,195,390,1170,2340,1,1,147390,3107,0,23,0,0,0,NORMAL,0,3,1,1,60,390
150480,9,adaptive-prasle,3086,1,22,1663885,195,196,1170,1176,1,1,147394,3086,0,23,0,0,0,NORMAL,0,3,1,1,67,390
151052,7,adaptive-prasle,3665,1,22,1676556,195,587,1170,3522,1,1,147387,3665,0,23,0,0,0,NORMAL,0,3,1,1,64,390
150920,10,adaptive-prasle,3528,1,22,1673595,195,196,1170,1176,1,1,147392,3528,0,23,0,0,0,NORMAL,0,3,1,1,45,390
152496,4,adaptive-prasle,2801,1,22,1657601,198,394,1188,2364,1,1,149695,2801,0,23,0,0,0,NORMAL,0,3,1,1,66,396
152474,5,adaptive-prasle,2779,1,22,1657117,198,591,1188,3546,1,1,149695,2779,0,23,0,0,0,NORMAL,0,3,1,1,45,396
152631,1,adaptive-prasle,2937,1,22,1660578,198,394,1188,2364,1,1,149694,2937,0,23,0,0,0,LEADER,1,3,1,1,22,396
152916,6,adaptive-prasle,3222,1,22,1666850,198,592,1188,3552,1,1,149694,3222,0,23,0,0,0,NORMAL,0,3,1,1,46,396
152609,2,adaptive-prasle,2916,1,22,1660093,198,595,1188,3570,1,1,149693,2916,0,23,0,0,0,NORMAL,0,3,1,1,62,396
153053,3,adaptive-prasle,3358,1,22,1669855,198,595,1188,3570,1,1,149695,3358,0,23,0,0,0,NORMAL,0,3,1,1,65,396
152800,8,adaptive-prasle,3107,1,22,1664304,198,396,1188,2376,1,1,149693,3107,0,23,0,0,0,NORMAL,0,3,1,1,60,396
152783,9,adaptive-prasle,3086,1,22,1663885,198,199,1188,1194,1,1,149697,3086,0,23,0,0,0,NORMAL,0,3,1,1,67,396
153355,7,adaptive-prasle,3665,1,22,1676556,198,595,1188,3570,1,1,149690,3665,0,23,0,0,0,NORMAL,0,3,1,1,64,396
153223,10,adaptive-prasle,3528,1,22,1673595,198,199,1188,1194,1,1,149695,3528,0,23,0,0,0,NORMAL,0,3,1,1,45,396
154799,4,adaptive-prasle,2801,1,23,1812400,201,400,1206,2400,1,1,151998,2801,0,24,0,0,0,NORMAL,0,3,1,1,69,402
154777,5,adaptive-prasle,2779,1,23,1811894,201,600,1206,3600,1,1,151998,2779,0,24,0,0,0,NORMAL,0,3,1,1,47,402
154934,1,adaptive-prasle,2937,1,23,1815512,201,400,1206,2400,1,1,151997,2937,0,24,0,0,0,LEADER,1,3,1,1,23,402
155219,6,adaptive-prasle,3222,1,23,1822069,201,601,1206,3606,1,1,151997,3222,0,24,0,0,0,NORMAL,0,3,1,1,48,402
154912,2,adaptive-prasle,2916,1,23,1815005,201,603,1206,3618,1,1,151996,2916,0,24,0,0,0,NORMAL,0,3,1,1,65,402
155356,3,adaptive-prasle,3358,1,23,1825211,201,604,1206,3624,1,1,151998,3358,0,24,0,0,0,NORMAL,0,3,1,1,68,402
155103,8,adaptive-prasle,3107,1,23,1819407,201,402,1206,2412,1,1,151996,3107,0,24,0,0,0,NORMAL,0,3,1,1,63,402
155086,9,adaptive-prasle,3086,1,23,1818971,201,202,1206,1212,1,1,152000,3086,0,24,0,0,0,NORMAL,0,3,1,1,70,402
155658,7,adaptive-prasle,3665,1,23,1832214,201,605,1206,3630,1,1,151993,3665,0,24,0,0,0,NORMAL,0,3,1,1,68,402
155526,10,adaptive-prasle,3528,1,23,1829121,201,202,1206,1212,1,1,151998,3528,0,24,0,0,0,NORMAL,0,3,1,1,47,402
157102,4,adaptive-prasle,2801,1,23,1812400,204,406,1224,2436,1,1,154301,2801,0,24,0,0,0,NORMAL,0,3,1,1,69,408
157080,5,adaptive-prasle,2779,1,23,1811894,204,609,1224,3654,1,1,154301,2779,0,24,0,0,0,NORMAL,0,3,1,1,47,408
157237,1,adaptive-prasle,2937,1,23,1815512,204,406,1224,2436,1,1,154300,2937,0,24,0,0,0,LEADER,1,3,1,1,23,408
157522,6,adaptive-prasle,3222,1,23,1822069,204,610,1224,3660,1,1,154300,3222,0,24,0,0,0,NORMAL,0,3,1,1,48,408
157215,2,adaptive-prasle,2916,1,23,1815005,204,612,1224,3672,1,1,154299,2916,0,24,0,0,0,NORMAL,0,3,1,1,65,408
157659,3,adaptive-prasle,3358,1,23,1825211,204,613,1224,3678,1,1,154301,3358,0,24,0,0,0,NORMAL,0,3,1,1,68,408
157406,8,adaptive-prasle,3107,1,23,1819407,204,408,1224,2448,1,1,154299,3107,0,24,0,0,0,NORMAL,0,3,1,1,63,408
157389,9,adaptive-prasle,3086,1,23,1818971,204,205,1224,1230,1,1,154303,3086,0,24,0,0,0,NORMAL,0,3,1,1,70,408
157961,7,adaptive-prasle,3665,1,23,1832214,204,614,1224,3684,1,1,154296,3665,0,24,0,0,0,NORMAL,0,3,1,1,68,408
157829,10,adaptive-prasle,3528,1,23,1829121,204,205,1224,1230,1,1,154301,3528,0,24,0,0,0,NORMAL,0,3,1,1,47,408
159405,4,adaptive-prasle,2801,1,23,1812400,207,412,1242,2472,1,1,156604,2801,0,24,0,0,0,NORMAL,0,3,1,1,69,414
159383,5,adaptive-prasle,2779,1,23,1811894,207,618,1242,3708,1,1,156604,2779,0,24,0,0,0,NORMAL,0,3,1,1,47,414
159540,1,adaptive-prasle,2937,1,23,1815512,207,412,1242,2472,1,1,156603,2937,0,24,0,0,0,LEADER,1,3,1,1,23,414
159825,6,adaptive-prasle,3222,1,23,1822069,207,619,1242,3714,1,1,156603,3222,0,24,0,0,0,NORMAL,0,3,1,1,48,414
159518,2,adaptive-prasle,2916,1,23,1815005,207,622,1242,3732,1,1,156602,2916,0,24,0,0,0,NORMAL,0,3,1,1,65,414
159962,3,adaptive-prasle,3358,1,23,1825211,207,622,1242,3732,1,1,156604,3358,0,24,0,0,0,NORMAL,0,3,1,1,68,414
159709,8,adaptive-prasle,3107,1,23,1819407,207,414,1242,2484,1,1,156602,3107,0,24,0,0,0,NORMAL,0,3,1,1,63,414
159692,9,adaptive-prasle,3086,1,23,1818971,207,208,1242,1248,1,1,156606,3086,0,24,0,0,0,NORMAL,0,3,1,1,70,414
160264,7,adaptive-prasle,3665,1,23,1832214,207,623,1242,3738,1,1,156599,3665,0,24,0,0,0,NORMAL,0,3,1,1,68,414
160132,10,adaptive-prasle,3528,1,23,1829121,207,208,1242,1248,1,1,156604,3528,0,24,0,0,0,NORMAL,0,3,1,1,47,414
161708,4,adaptive-prasle,2801,1,24,1974108,210,418,1260,2508,1,1,158907,2801,0,25,0,0,0,NORMAL,0,3,1,1,72,420
161686,5,adaptive-prasle,2779,1,24,1973580,210,627,1260,3762,1,1,158907,2779,0,25,0,0,0,NORMAL,0,3,1,1,49,420
161843,1,adaptive-prasle,2937,1,24,1977355,210,418,1260,2508,1,1,158906,2937,0,25,0,0,0,LEADER,1,3,1,1,24,420
162128,6,adaptive-prasle,3222,1,24,1984197,210,628,1260,3768,1,1,158906,3222,0,25,0,0,0,NORMAL,0,3,1,1,50,420
161821,2,adaptive-prasle,2916,1,24,1976826,210,630,1260,3780,1,1,158905,2916,0,25,0,0,0,NORMAL,0,3,1,1,68,420
162265,3,adaptive-prasle,3358,1,24,1987476,210,631,1260,3786,1,1,158907,3358,0,25,0,0,0,NORMAL,0,3,1,1,71,420
162012,8,adaptive-prasle,3107,1,24,1981419,210,420,1260,2520,1,1,158905,3107,0,25,0,0,0,NORMAL,0,3,1,1,65,420
161995,9,adaptive-prasle,3086,1,24,1980966,210,211,1260,1266,1,1,158909,3086,0,25,0,0,0,NORMAL,0,3,1,1,73,420
162567,7,adaptive-prasle,3665,1,24,1994781,210,631,1260,3786,1,1,158902,3665,0,25,0,0,0,NORMAL,0,3,1,1,70,420
162435,10,adaptive-prasle,3528,1,24,1991556,210,211,1260,1266,1,1,158907,3528,0,25,0,0,0,NORMAL,0,3,1,1,50,420
164011,4,adaptive-prasle,2801,1,24,1974108,213,424,1278,2544,1,1,161210,2801,0,25,0,0,0,NORMAL,0,3,1,1,72,426
163989,5,adaptive-prasle,2779,1,24,1973580,213,636,1278,3816,1,1,161210,2779,0,25,0,0,0,NORMAL,0,3,1,1,49,426
164146,1,adaptive-prasle,2937,1,24,1977355,213,424,1278,2544,1,1,161209,2937,0,25,0,0,0,LEADER,1,3,1,1,24,426
164431,6,adaptive-prasle,3222,1,24,1984197,213,637,1278,3822,1,1,161209,3222,0,25,0,0,0,NORMAL,0,3,1,1,50,426
164124,2,adaptive-prasle,2916,1,24,1976826,213,640,1278,3840,1,1,161208,2916,0,25,0,0,0,NORMAL,0,3,1,1,68,426
164568,3,adaptive-prasle,3358,1,24,1987476,213,640,1278,3840,1,1,161210,3358,0,25,0,0,0,NORMAL,0,3,1,1,71,426
164315,8,adaptive-prasle,3107,1,24,1981419,213,426,1278,2556,1,1,161208,3107,0,25,0,0,0,NORMAL,0,3,1,1,65,426
164298,9,adaptive-prasle,3086,1,24,1980966,213,214,1278,1284,1,1,161212,3086,0,25,0,0,0,NORMAL,0,3,1,1,73,426
164870,7,adaptive-prasle,3665,1,24,1994781,213,640,1278,3840,1,1,161205,3665,0,25,0,0,0,NORMAL,0,3,1,1,70,426
164738,10,adaptive-prasle,3528,1,24,1991556,213,214,1278,1284,1,1,161210,3528,0,25,0,0,0,NORMAL,0,3,1,1,50,426
166314,4,adaptive-prasle,2801,1,24,1974108,216,430,1296,2580,1,1,163513,2801,0,25,0,0,0,NORMAL,0,3,1,1,72,432
166292,5,adaptive-prasle,2779,1,24,1973580,216,645,1296,3870,1,1,163513,2779,0,25,0,0,0,NORMAL,0,3,1,1,49,432
166449,1,adaptive-prasle,2937,1,24,1977355,216,430,1296,2580,1,1,163512,2937,0,25,0,0,0,LEADER,1,3,1,1,24,432
166734,6,adaptive-prasle,3222,1,24,1984197,216,646,1296,3876,1,1,163512,3222,0,25,0,0,0,NORMAL,0,3,1,1,50,432
166427,2,adaptive-prasle,2916,1,24,1976826,216,649,1296,3894,1,1,163511,2916,0,25,0,0,0,NORMAL,0,3,1,1,68,432
166871,3,adaptive-prasle,3358,1,24,1987476,216,649,1296,3894,1,1,163513,3358,0,25,0,0,0,NORMAL,0,3,1,1,71,432
166618,8,adaptive-prasle,3107,1,24,1981419,216,432,1296,2592,1,1,163511,3107,0,25,0,0,0,NORMAL,0,3,1,1,65,432
166601,9,adaptive-prasle,3086,1,24,1980966,216,217,1296,1302,1,1,163515,3086,0,25,0,0,0,NORMAL,0,3,1,1,73,432
167173,7,adaptive-prasle,3665,1,24,1994781,216,650,1296,3900,1,1,163508,3665,0,25,0,0,0,NORMAL,0,3,1,1,70,432
167041,10,adaptive-prasle,3528,1,24,1991556,216,217,1296,1302,1,1,163513,3528,0,25,0,0,0,NORMAL,0,3,1,1,50,432
168617,4,adaptive-prasle,2801,1,25,2142725,219,436,1314,2616,1,1,165816,2801,0,26,0,0,0,NORMAL,0,3,1,1,75,438
168595,5,adaptive-prasle,2779,1,25,2142175,219,654,1314,3924,1,1,165816,2779,0,26,0,0,0,NORMAL,0,3,1,1,51,438
168752,1,adaptive-prasle,2937,1,25,2146107,219,436,1314,2616,1,1,165815,2937,0,26,0,0,0,LEADER,1,3,1,1,25,438
169037,6,adaptive-prasle,3222,1,25,2153234,219,655,1314,3930,1,1,165815,3222,0,26,0,0,0,NORMAL,0,3,1,1,52,438
168730,2,adaptive-prasle,2916,1,25,2145556,219,657,1314,3942,1,1,165814,2916,0,26,0,0,0,NORMAL,0,3,1,1,71,438
169174,3,adaptive-prasle,3358,1,25,2156650,219,658,1314,3948,1,1,165816,3358,0,26,0,0,0,NORMAL,0,3,1,1,74,438
168921,8,adaptive-prasle,3107,1,25,2150340,219,438,1314,2628,1,1,165814,3107,0,26,0,0,0,NORMAL,0,3,1,1,67,438
168904,9,adaptive-prasle,3086,1,25,2149870,219,220,1314,1320,1,1,165818,3086,0,26,0,0,0,NORMAL,0,3,1,1,76,438
169476,7,adaptive-prasle,3665,1,25,2164257,219,658,1314,3948,1,1,165811,3665,0,26,0,0,0,NORMAL,0,3,1,1,72,438
169344,10,adaptive-prasle,3528,1,25,2160900,219,220,1314,1320,1,1,165816,3528,0,26,0,0,0,NORMAL,0,3,1,1,52,438
170920,4,adaptive-prasle,2801,1,25,2142725,222,442,1332,2652,1,1,168119,2801,0,26,0,0,0,NORMAL,0,3,1,1,75,444
170898,5,adaptive-prasle,2779,1,25,2142175,222,663,1332,3978,1,1,168119,2779,0,26,0,0,0,NORMAL,0,3,1,1,51,444
171055,1,adaptive-prasle,2937,1,25,2146107,222,442,1332,2652,1,1,168118,2937,0,26,0,0,0,LEADER,1,3,1,1,25,444
171340,6,adaptive-prasle,3222,1,25,2153234,222,664,1332,3984,1,1,168118,3222,0,26,0,0,0,NORMAL,0,3,1,1,52,444
171033,2,adaptive-prasle,2916,1,25,2145556,222,666,1332,3996,1,1,168117,2916,0,26,0,0,0,NORMAL,0,3,1,1,71,444
171477,3,adaptive-prasle,3358,1,25,2156650,222,667,1332,4002,1,1,168119,3358,0,26,0,0,0,NORMAL,0,3,1,1,74,444
171224,8,adaptive-prasle,3107,1,25,2150340,222,444,1332,2664,1,1,168117,3107,0,26,0,0,0,NORMAL,0,3,1,1,67,444
171207,9,adaptive-prasle,3086,1,25,2149870,222,223,1332,1338,1,1,168121,3086,0,26,0,0,0,NORMAL,0,3,1,1,76,444
171779,7,adaptive-prasle,3665,1,25,2164257,222,667,1332,4002,1,1,168114,3665,0,26,0,0,0,NORMAL,0,3,1,1,72,444
171647,10,adaptive-prasle,3528,1,25,2160900,222,223,1332,1338,1,1,168119,3528,0,26,0,0,0,NORMAL,0,3,1,1,52,444
173223,4,adaptive-prasle,2801,1,25,2142725,225,448,1350,2688,1,1,170422,2801,0,26,0,0,0,NORMAL,0,3,1,1,75,450
173201,5,adaptive-prasle,2779,1,25,2142175,225,672,1350,4032,1,1,170422,2779,0,26,0,0,0,NORMAL,0,3,1,1,51,450
173358,1,adaptive-prasle,2937,1,25,2146107,225,449,1350,2694,1,1,170421,2937,0,26,0,0,0,LEADER,1,3,1,1,25,450
173643,6,adaptive-prasle,3222,1,25,2153234,225,673,1350,4038,1,1,170421,3222,0,26,0,0,0,NORMAL,0,3,1,1,52,450
173335,2,adaptive-prasle,2916,1,25,2145556,225,675,1350,4050,1,1,170419,2916,0,26,0,0,0,NORMAL,0,3,1,1,71,450
173780,3,adaptive-prasle,3358,1,25,2156650,225,676,1350,4056,1,1,170422,3358,0,26,0,0,0,NORMAL,0,3,1,1,74,450
173527,8,adaptive-prasle,3107,1,25,2150340,225,450,1350,2700,1,1,170420,3107,0,26,0,0,0,NORMAL,0,3,1,1,67,450
173510,9,adaptive-prasle,3086,1,25,2149870,225,226,1350,1356,1,1,170424,3086,0,26,0,0,0,NORMAL,0,3,1,1,76,450
174082,7,adaptive-prasle,3665,1,25,2164257,225,676,1350,4056,1,1,170417,3665,0,26,0,0,0,NORMAL,0,3,1,1,72,450
173950,10,adaptive-prasle,3528,1,25,2160900,225,226,1350,1356,1,1,170422,3528,0,26,0,0,0,NORMAL,0,3,1,1,52,450
175526,4,adaptive-prasle,2801,1,26,2318251,228,454,1368,2724,1,1,172725,2801,0,27,0,0,0,NORMAL,0,3,1,1,78,456
175504,5,adaptive-prasle,2779,1,26,2317679,228,681,1368,4086,1,1,172725,2779,0,27,0,0,0,NORMAL,0,3,1,1,53,456
175661,1,adaptive-prasle,2937,1,26,2321768,228,455,1368,2730,1,1,172724,2937,0,27,0,0,0,LEADER,1,3,1,1,26,456
175946,6,adaptive-prasle,3222,1,26,2329180,228,682,1368,4092,1,1,172724,3222,0,27,0,0,0,NORMAL,0,3,1,1,54,456
175638,2,adaptive-prasle,2916,1,26,2321194,228,685,1368,4110,1,1,172722,2916,0,27,0,0,0,NORMAL,0,3,1,1,73,456
176083,3,adaptive-prasle,3358,1,26,2332733,228,685,1368,4110,1,1,172725,3358,0,27,0,0,0,NORMAL,0,3,1,1,77,456
175830,8,adaptive-prasle,3107,1,26,2326170,228,456,1368,2736,1,1,172723,3107,0,27,0,0,0,NORMAL,0,3,1,1,70,456
175813,9,adaptive-prasle,3086,1,26,2325683,228,229,1368,1374,1,1,172727,3086,0,27,0,0,0,NORMAL,0,3,1,1,79,456
176385,7,adaptive-prasle,3665,1,26,2340642,228,686,1368,4116,1,1,172720,3665,0,27,0,0,0,NORMAL,0,3,1,1,76,456
176253,10,adaptive-prasle,3528,1,26,2337153,228,229,1368,1374,1,1,172725,3528,0,27,0,0,0,NORMAL,0,3,1,1,54,456
177829,4,adaptive-prasle,2801,1,26,2318251,231,460,1386,2760,1,1,175028,2801,0,27,0,0,0,NORMAL,0,3,1,1,78,462
177807,5,adaptive-prasle,2779,1,26,2317679,231,690,1386,4140,1,1,175028,2779,0,27,0,0,0,NORMAL,0,3,1,1,53,462
177964,1,adaptive-prasle,2937,1,26,2321768,231,461,1386,2766,1,1,175027,2937,0,27,0,0,0,LEADER,1,3,1,1,26,462
178249,6,adaptive-prasle,3222,1,26,2329180,231,691,1386,4146,1,1,175027,3222,0,27,0,0,0,NORMAL,0,3,1,1,54,462
177941,2,adaptive-prasle,2916,1,26,2321194,231,694,1386,4164,1,1,175025,2916,0,27,0,0,0,NORMAL,0,3,1,1,73,462
178386,3,adaptive-prasle,3358,1,26,2332733,231,694,1386,4164,1,1,175028,3358,0,27,0,0,0,NORMAL,0,3,1,1,77,462
178133,8,adaptive-prasle,3107,1,26,2326170,231,462,1386,2772,1,1,175026,3107,0,27,0,0,0,NORMAL,0,3,1,1,70,462
178116,9,adaptive-prasle,3086,1,26,2325683,231,232,1386,1392,1,1,175030,3086,0,27,0,0,0,NORMAL,0,3,1,1,79,462
178688,7,adaptive-prasle,3665,1,26,2340642,231,695,1386,4170,1,1,175023,3665,0,27,0,0,0,NORMAL,0,3,1,1,76,462
178556,10,adaptive-prasle,3528,1,26,2337153,231,232,1386,1392,1,1,175028,3528,0,27,0,0,0,NORMAL,0,3,1,1,54,462
180132,4,adaptive-prasle,2801,1,26,2318251,234,466,1404,2796,1,1,177331,2801,0,27,0,0,0,NORMAL,0,3,1,1,78,468
180110,5,adaptive-prasle,2779,1,26,2317679,234,699,1404,4194,1,1,177331,2779,0,27,0,0,0,NORMAL,0,3,1,1,53,468
180267,1,adaptive-prasle,2937,1,26,2321768,234,467,1404,2802,1,1,177330,2937,0,27,0,0,0,LEADER,1,3,1,1,26,468
180552,6,adaptive-prasle,3222,1,26,2329180,234,700,1404,4200,1,1,177330,3222,0,27,0,0,0,NORMAL,0,3,1,1,54,468
180244,2,adaptive-prasle,2916,1,26,2321194,234,703,1404,4218,1,1,177328,2916,0,27,0,0,0,NORMAL,0,3,1,1,73,468
180689,3,adaptive-prasle,3358,1,26,2332733,234,703,1404,4218,1,1,177331,3358,0,27,0,0,0,NORMAL,0,3,1,1,77,468
180436,8,adaptive-prasle,3107,1,26,2326170,234,468,1404,2808,1,1,177329,3107,0,27,0,0,0,NORMAL,0,3,1,1,70,468
180419,9,adaptive-prasle,3086,1,26,2325683,234,235,1404,1410,1,1,177333,3086,0,27,0,0,0,NORMAL,0,3,1,1,79,468
180991,7,adaptive-prasle,3665,1,26,2340642,234,704,1404,4224,1,1,177326,3665,0,27,0,0,0,NORMAL,0,3,1,1,76,468
180859,10,adaptive-prasle,3528,1,26,2337153,234,235,1404,1410,1,1,177331,3528,0,27,0,0,0,NORMAL,0,3,1,1,54,468
182435,4,adaptive-prasle,2801,1,27,2500686,237,472,1422,2832,1,1,179634,2801,0,28,0,0,0,NORMAL,0,3,1,1,81,474
182413,5,adaptive-prasle,2779,1,27,2500092,237,708,1422,4248,1,1,179634,2779,0,28,0,0,0,NORMAL,0,3,1,1,55,474
182570,1,adaptive-prasle,2937,1,27,2504338,237,473,1422,2838,1,1,179633,2937,0,28,0,0,0,LEADER,1,3,1,1,27,474
182855,6,adaptive-prasle,3222,1,27,2512035,237,709,1422,4254,1,1,179633,3222,0,28,0,0,0,NORMAL,0,3,1,1,56,474
182547,2,adaptive-prasle,2916,1,27,2503741,237,712,1422,4272,1,1,179631,2916,0,28,0,0,0,NORMAL,0,3,1,1,76,474
182992,3,adaptive-prasle,3358,1,27,2515725,237,712,1422,4272,1,1,179634,3358,0,28,0,0,0,NORMAL,0,3,1,1,80,474
182739,8,adaptive-prasle,3107,1,27,2508909,237,474,1422,2844,1,1,179632,3107,0,28,0,0,0,NORMAL,0,3,1,1,73,474
182722,9,adaptive-prasle,3086,1,27,2508405,237,238,1422,1428,1,1,179636,3086,0,28,0,0,0,NORMAL,0,3,1,1,82,474
183294,7,adaptive-prasle,3665,1,27,2523936,237,713,1422,4278,1,1,179629,3665,0,28,0,0,0,NORMAL,0,3,1,1,79,474
183162,10,adaptive-prasle,3528,1,27,2520315,237,238,1422,1428,1,1,179634,3528,0,28,0,0,0,NORMAL,0,3,1,1,56,474
184738,4,adaptive-prasle,2801,1,27,2500686,240,478,1440,2868,1,1,181937,2801,0,28,0,0,0,NORMAL,0,3,1,1,81,480
184716,5,adaptive-prasle,2779,1,27,2500092,240,717,1440,4302,1,1,181937,2779,0,28,0,0,0,NORMAL,0,3,1,1,55,480
184873,1,adaptive-prasle,2937,1,27,2504338,240,478,1440,2868,1,1,181936,2937,0,28,0,0,0,LEADER,1,3,1,1,27,480
185158,6,adaptive-prasle,3222,1,27,2512035,240,718,1440,4308,1,1,181936,3222,0,28,0,0,0,NORMAL,0,3,1,1,56,480
184850,2,adaptive-prasle,2916,1,27,2503741,240,720,1440,4320,1,1,181934,2916,0,28,0,0,0,NORMAL,0,3,1,1,76,480
185295,3,adaptive-prasle,3358,1,27,2515725,240,721,1440,4326,1,1,181937,3358,0,28,0,0,0,NORMAL,0,3,1,1,80,480
185042,8,adaptive-prasle,3107,1,27,2508909,240,480,1440,2880,1,1,181935,3107,0,28,0,0,0,NORMAL,0,3,1,1,73,480
185025,9,adaptive-prasle,3086,1,27,2508405,240,241,1440,1446,1,1,181939,3086,0,28,0,0,0,NORMAL,0,3,1,1,82,480
185597,7,adaptive-prasle,3665,1,27,2523936,240,721,1440,4326,1,1,181932,3665,0,28,0,0,0,NORMAL,0,3,1,1,79,480
185465,10,adaptive-prasle,3528,1,27,2520315,240,241,1440,1446,1,1,181937,3528,0,28,0,0,0,NORMAL,0,3,1,1,56,480
187041,4,adaptive-prasle,2801,1,27,2500686,243,484,1458,2904,1,1,184240,2801,0,28,0,0,0,NORMAL,0,3,1,1,81,486
187019,5,adaptive-prasle,2779,1,27,2500092,243,726,1458,4356,1,1,184240,2779,0,28,0,0,0,NORMAL,0,3,1,1,55,486
187176,1,adaptive-prasle,2937,1,27,2504338,243,485,1458,2910,1,1,184239,2937,0,28,0,0,0,LEADER,1,3,1,1,27,486
187461,6,adaptive-prasle,3222,1,27,2512035,243,727,1458,4362,1,1,184239,3222,0,28,0,0,0,NORMAL,0,3,1,1,56,486
187153,2,adaptive-prasle,2916,1,27,2503741,243,730,1458,4380,1,1,184237,2916,0,28,0,0,0,NORMAL,0,3,1,1,76,486
187598,3,adaptive-prasle,3358,1,27,2515725,243,730,1458,4380,1,1,184240,3358,0,28,0,0,0,NORMAL,0,3,1,1,80,486
187345,8,adaptive-prasle,3107,1,27,2508909,243,486,1458,2916,1,1,184238,3107,0,28,0,0,0,NORMAL,0,3,1,1,73,486
187328,9,adaptive-prasle,3086,1,27,2508405,243,244,1458,1464,1,1,184242,3086,0,28,0,0,0,NORMAL,0,3,1,1,82,486
187900,7,adaptive-prasle,3665,1,27,2523936,243,731,1458,4386,1,1,184235,3665,0,28,0,0,0,NORMAL,0,3,1,1,79,486
187768,10,adaptive-prasle,3528,1,27,2520315,243,244,1458,1464,1,1,184240,3528,0,28,0,0,0,NORMAL,0,3,1,1,56,486
189344,4,adaptive-prasle,2801,1,28,2690030,246,490,1476,2940,1,1,186543,2801,0,29,0,0,0,NORMAL,0,3,1,1,84,492
189322,5,adaptive-prasle,2779,1,28,2689414,246,735,1476,4410,1,1,186543,2779,0,29,0,0,0,NORMAL,0,3,1,1,57,492
189479,1,adaptive-prasle,2937,1,28,2693817,246,490,1476,2940,1,1,186542,2937,0,29,0,0,0,LEADER,1,3,1,1,28,492
189764,6,adaptive-prasle,3222,1,28,2701799,246,736,1476,4416,1,1,186542,3222,0,29,0,0,0,NORMAL,0,3,1,1,58,492
189456,2,adaptive-prasle,2916,1,28,2693197,246,738,1476,4428,1,1,186540,2916,0,29,0,0,0,NORMAL,0,3,1,1,79,492
189901,3,adaptive-prasle,3358,1,28,2705626,246,739,1476,4434,1,1,186543,3358,0,29,0,0,0,NORMAL,0,3,1,1,83,492
189648,8,adaptive-prasle,3107,1,28,2698557,246,492,1476,2952,1,1,186541,3107,0,29,0,0,0,NORMAL,0,3,1,1,75,492
189631,9,adaptive-prasle,3086,1,28,2698036,246,247,1476,1482,1,1,186545,3086,0,29,0,0,0,NORMAL,0,3,1,1,85,492
190203,7,adaptive-prasle,3665,1,28,2714139,246,739,1476,4434,1,1,186538,3665,0,29,0,0,0,NORMAL,0,3,1,1,81,492
190071,10,adaptive-prasle,3528,1,28,2710386,246,247,1476,1482,1,1,186543,3528,0,29,0,0,0,NORMAL,0,3,1,1,58,492
191647,4,adaptive-prasle,2801,1,28,2690030,249,496,1494,2976,1,1,188846,2801,0,29,0,0,0,NORMAL,0,3,1,1,84,498
191625,5,adaptive-prasle,2779,1,28,2689414,249,744,1494,4464,1,1,188846,2779,0,29,0,0,0,NORMAL,0,3,1,1,57,498
191782,1,adaptive-prasle,2937,1,28,2693817,249,496,1494,2976,1,1,188845,2937,0,29,0,0,0,LEADER,1,3,1,1,28,498
192067,6,adaptive-prasle,3222,1,28,2701799,249,745,1494,4470,1,1,188845,3222,0,29,0,0,0,NORMAL,0,3,1,1,58,498
191759,2,adaptive-prasle,2916,1,28,2693197,249,748,1494,4488,1,1,188843,2916,0,29,0,0,0,NORMAL,0,3,1,1,79,498
192204,3,adaptive-prasle,3358,1,28,2705626,249,748,1494,4488,1,1,188846,3358,0,29,0,0,0,NORMAL,0,3,1,1,83,498
191951,8,adaptive-prasle,3107,1,28,2698557,249,498,1494,2988,1,1,188844,3107,0,29,0,0,0,NORMAL,0,3,1,1,75,498
191934,9,adaptive-prasle,3086,1,28,2698036,249,250,1494,1500,1,1,188848,3086,0,29,0,0,0,NORMAL,0,3,1,1,85,498
192506,7,adaptive-prasle,3665,1,28,2714139,249,748,1494,4488,1,1,188841,3665,0,29,0,0,0,NORMAL,0,3,1,1,81,498
192374,10,adaptive-prasle,3528,1,28,2710386,249,250,1494,1500,1,1,188846,3528,0,29,0,0,0,NORMAL,0,3,1,1,58,498
193950,4,adaptive-prasle,2801,1,28,2690030,252,502,1512,3012,1,1,191149,2801,0,29,0,0,0,NORMAL,0,3,1,1,84,504
193928,5,adaptive-prasle,2779,1,28,2689414,252,753,1512,4518,1,1,191149,2779,0,29,0,0,0,NORMAL,0,3,1,1,57,504
194085,1,adaptive-prasle,2937,1,28,2693817,252,502,1512,3012,1,1,191148,2937,0,29,0,0,0,LEADER,1,3,1,1,28,504
194370,6,adaptive-prasle,3222,1,28,2701799,252,754,1512,4524,1,1,191148,3222,0,29,0,0,0,NORMAL,0,3,1,1,58,504
194062,2,adaptive-prasle,2916,1,28,2693197,252,756,1512,4536,1,1,191146,2916,0,29,0,0,0,NORMAL,0,3,1,1,79,504
194507,3,adaptive-prasle,3358,1,28,2705626,252,757,1512,4542,1,1,191149,3358,0,29,0,0,0,NORMAL,0,3,1,1,83,504
194254,8,adaptive-prasle,3107,1,28,2698557,252,504,1512,3024,1,1,191147,3107,0,29,0,0,0,NORMAL,0,3,1,1,75,504
194237,9,adaptive-prasle,3086,1,28,2698036,252,253,1512,1518,1,1,191151,3086,0,29,0,0,0,NORMAL,0,3,1,1,85,504
194809,7,adaptive-prasle,3665,1,28,2714139,252,757,1512,4542,1,1,191144,3665,0,29,0,0,0,NORMAL,0,3,1,1,81,504
194677,10,adaptive-prasle,3528,1,28,2710386,252,253,1512,1518,1,1,191149,3528,0,29,0,0,0,NORMAL,0,3,1,1,58,504
196253,4,adaptive-prasle,2801,1,29,2886283,255,508,1530,3048,1,1,193452,2801,0,30,0,0,0,NORMAL,0,3,1,1,87,510
196231,5,adaptive-prasle,2779,1,29,2885645,255,762,1530,4572,1,1,193452,2779,0,30,0,0,0,NORMAL,0,3,1,1,59,510
196388,1,adaptive-prasle,2937,1,29,2890205,255,508,1530,3048,1,1,193451,2937,0,30,0,0,0,LEADER,1,3,1,1,29,510
196673,6,adaptive-prasle,3222,1,29,2898472,255,763,1530,4578,1,1,193451,3222,0,30,0,0,0,NORMAL,0,3,1,1,60,510
196365,2,adaptive-prasle,2916,1,29,2889562,255,766,1530,4596,1,1,193449,2916,0,30,0,0,0,NORMAL,0,3,1,1,81,510
196810,3,adaptive-prasle,3358,1,29,2902436,255,766,1530,4596,1,1,193452,3358,0,30,0,0,0,NORMAL,0,3,1,1,86,510
196557,8,adaptive-prasle,3107,1,29,2895114,255,510,1530,3060,1,1,193450,3107,0,30,0,0,0,NORMAL,0,3,1,1,78,510
196540,9,adaptive-prasle,3086,1,29,2894576,255,256,1530,1536,1,1,193454,3086,0,30,0,0,0,NORMAL,0,3,1,1,88,510
197112,7,adaptive-prasle,3665,1,29,2911251,255,766,1530,4596,1,1,193447,3665,0,30,0,0,0,NORMAL,0,3,1,1,85,510
196980,10,adaptive-prasle,3528,1,29,2907366,255,256,1530,1536,1,1,193452,3528,0,30,0,0,0,NORMAL,0,3,1,1,60,510
198556,4,adaptive-prasle,2801,1,29,2886283,258,514,1548,3084,1,1,195755,2801,0,30,0,0,0,NORMAL,0,3,1,1,87,516
198534,5,adaptive-prasle,2779,1,29,2885645,258,771,1548,4626,1,1,195755,2779,0,30,0,0,0,NORMAL,0,3,1,1,59,516
198691,1,adaptive-prasle,2937,1,29,2890205,258,514,1548,3084,1,1,195754,2937,0,30,0,0,0,LEADER,1,3,1,1,29,516
198976,6,adaptive-prasle,3222,1,29,2898472,258,772,1548,4632,1,1,195754,3222,0,30,0,0,0,NORMAL,0,3,1,1,60,516
198668,2,adaptive-prasle,2916,1,29,2889562,258,774,1548,4644,1,1,195752,2916,0,30,0,0,0,NORMAL,0,3,1,1,81,516
199113,3,adaptive-prasle,3358,1,29,2902436,258,775,1548,4650,1,1,195755,3358,0,30,0,0,0,NORMAL,0,3,1,1,86,516
198860,8,adaptive-prasle,3107,1,29,2895114,258,516,1548,3096,1,1,195753,3107,0,30,0,0,0,NORMAL,0,3,1,1,78,516
198843,9,adaptive-prasle,3086,1,29,2894576,258,259,1548,1554,1,1,195757,3086,0,30,0,0,0,NORMAL,0,3,1,1,88,516
199415,7,adaptive-prasle,3665,1,29,2911251,258,775,1548,4650,1,1,195750,3665,0,30,0,0,0,NORMAL,0,3,1,1,85,516
199283,10,adaptive-prasle,3528,1,29,2907366,258,259,1548,1554,1,1,195755,3528,0,30,0,0,0,NORMAL,0,3,1,1,60,516
200859,4,adaptive-prasle,2801,1,29,2886283,261,520,1566,3120,1,1,198058,2801,0,30,0,0,0,NORMAL,0,3,1,1,87,522
200837,5,adaptive-prasle,2779,1,29,2885645,261,780,1566,4680,1,1,198058,2779,0,30,0,0,0,NORMAL,0,3,1,1,59,522
200994,1,adaptive-prasle,2937,1,29,2890205,261,520,1566,3120,1,1,198057,2937,0,30,0,0,0,LEADER,1,3,1,1,29,522
201279,6,adaptive-prasle,3222,1,29,2898472,261,781,1566,4686,1,1,198057,3222,0,30,0,0,0,NORMAL,0,3,1,1,60,522
200971,2,adaptive-prasle,2916,1,29,2889562,261,784,1566,4704,1,1,198055,2916,0,30,0,0,0,NORMAL,0,3,1,1,81,522
201416,3,adaptive-prasle,3358,1,29,2902436,261,784,1566,4704,1,1,198058,3358,0,30,0,0,0,NORMAL,0,3,1,1,86,522
201163,8,adaptive-prasle,3107,1,29,2895114,261,522,1566,3132,1,1,198056,3107,0,30,0,0,0,NORMAL,0,3,1,1,78,522
201146,9,adaptive-prasle,3086,1,29,2894576,261,262,1566,1572,1,1,198060,3086,0,30,0,0,0,NORMAL,0,3,1,1,88,522
201718,7,adaptive-prasle,3665,1,29,2911251,261,784,1566,4704,1,1,198053,3665,0,30,0,0,0,NORMAL,0,3,1,1,85,522
201586,10,adaptive-prasle,3528,1,29,2907366,261,262,1566,1572,1,1,198058,3528,0,30,0,0,0,NORMAL,0,3,1,1,60,522
203162,4,adaptive-prasle,2801,1,30,3089445,264,526,1584,3156,1,1,200361,2801,0,31,0,0,0,NORMAL,0,3,1,1,90,528
203140,5,adaptive-prasle,2779,1,30,3088785,264,789,1584,4734,1,1,200361,2779,0,31,0,0,0,NORMAL,0,3,1,1,61,528
203297,1,adaptive-prasle,2937,1,30,3093502,264,526,1584,3156,1,1,200360,2937,0,31,0,0,0,LEADER,1,3,1,1,30,528
203582,6,adaptive-prasle,3222,1,30,3102054,264,790,1584,4740,1,1,200360,3222,0,31,0,0,0,NORMAL,0,3,1,1,62,528
203274,2,adaptive-prasle,2916,1,30,3092836,264,793,1584,4758,1,1,200358,2916,0,31,0,0,0,NORMAL,0,3,1,1,84,528
203719,3,adaptive-prasle,3358,1,30,3106155,264,793,1584,4758,1,1,200361,3358,0,31,0,0,0,NORMAL,0,3,1,1,89,528
203466,8,adaptive-prasle,3107,1,30,3098580,264,528,1584,3168,1,1,200359,3107,0,31,0,0,0,NORMAL,0,3,1,1,80,528
203449,9,adaptive-prasle,3086,1,30,3098025,264,265,1584,1590,1,1,200363,3086,0,31,0,0,0,NORMAL,0,3,1,1,91,528
204021,7,adaptive-prasle,3665,1,30,3115272,264,794,1584,4764,1,1,200356,3665,0,31,0,0,0,NORMAL,0,3,1,1,88,528
203889,10,adaptive-prasle,3528,1,30,3111255,264,265,1584,1590,1,1,200361,3528,0,31,0,0,0,NORMAL,0,3,1,1,62,528
205465,4,adaptive-prasle,2801,1,30,3089445,267,532,1602,3192,1,1,202664,2801,0,31,0,0,0,NORMAL,0,3,1,1,90,534
205443,5,adaptive-prasle,2779,1,30,3088785,267,798,1602,4788,1,1,202664,2779,0,31,0,0,0,NORMAL,0,3,1,1,61,534
205600,1,adaptive-prasle,2937,1,30,3093502,267,532,1602,3192,1,1,202663,2937,0,31,0,0,0,LEADER,1,3,1,1,30,534
205885,6,adaptive-prasle,3222,1,30,3102054,267,799,1602,4794,1,1,202663,3222,0,31,0,0,0,NORMAL,0,3,1,1,62,534
205577,2,adaptive-prasle,2916,1,30,3092836,267,799,1602,4794,1,1,202661,2916,0,31,0,0,0,NORMAL,0,3,1,1,84,534
206022,3,adaptive-prasle,3358,1,30,3106155,267,802,1602,4812,1,1,202664,3358,0,31,0,0,0,NORMAL,0,3,1,1,89,534
205769,8,adaptive-prasle,3107,1,30,3098580,267,534,1602,3204,1,1,202662,3107,0,31,0,0,0,NORMAL,0,3,1,1,80,534
205752,9,adaptive-prasle,3086,1,30,3098025,267,268,1602,1608,1,1,202666,3086,0,31,0,0,0,NORMAL,0,3,1,1,91,534
206324,7,adaptive-prasle,3665,1,30,3115272,267,803,1602,4818,1,1,202659,3665,0,31,0,0,0,NORMAL,0,3,1,1,88,534
206192,10,adaptive-prasle,3528,1,30,3111255,267,268,1602,1608,1,1,202664,3528,0,31,0,0,0,NORMAL,0,3,1,1,62,534
207768,4,adaptive-prasle,2801,1,30,3089445,270,538,1620,3228,1,1,204967,2801,0,31,0,0,0,NORMAL,0,3,1,1,90,540
207745,5,adaptive-prasle,2779,1,30,3088785,270,807,1620,4842,1,1,204966,2779,0,31,0,0,0,NORMAL,0,3,1,1,61,540
207903,1,adaptive-prasle,2937,1,30,3093502,270,538,1620,3228,1,1,204966,2937,0,31,0,0,0,LEADER,1,3,1,1,30,540
208188,6,adaptive-prasle,3222,1,30,3102054,270,808,1620,4848,1,1,204966,3222,0,31,0,0,0,NORMAL,0,3,1,1,62,540
207880,2,adaptive-prasle,2916,1,30,3092836,270,811,1620,4866,1,1,204964,2916,0,31,0,0,0,NORMAL,0,3,1,1,84,540
208325,3,adaptive-prasle,3358,1,30,3106155,270,811,1620,4866,1,1,204967,3358,0,31,0,0,0,NORMAL,0,3,1,1,89,540
208072,8,adaptive-prasle,3107,1,30,3098580,270,540,1620,3240,1,1,204965,3107,0,31,0,0,0,NORMAL,0,3,1,1,80,540
208055,9,adaptive-prasle,3086,1,30,3098025,270,271,1620,1626,1,1,204969,3086,0,31,0,0,0,NORMAL,0,3,1,1,91,540
208627,7,adaptive-prasle,3665,1,30,3115272,270,812,1620,4872,1,1,204962,3665,0,31,0,0,0,NORMAL,0,3,1,1,88,540
208495,10,adaptive-prasle,3528,1,30,3111255,270,271,1620,1626,1,1,204967,3528,0,31,0,0,0,NORMAL,0,3,1,1,62,540
210071,4,adaptive-prasle,2801,1,31,3299516,273,544,1638,3264,1,1,207270,2801,0,32,0,0,0,NORMAL,0,3,1,1,93,546
210048,5,adaptive-prasle,2779,1,31,3298833,273,816,1638,4896,1,1,207269,2779,0,32,0,0,0,NORMAL,0,3,1,1,63,546
210206,1,adaptive-prasle,2937,1,31,3303708,273,545,1638,3270,1,1,207269,2937,0,32,0,0,0,LEADER,1,3,1,1,31,546
210491,6,adaptive-prasle,3222,1,31,3312545,273,817,1638,4902,1,1,207269,3222,0,32,0,0,0,NORMAL,0,3,1,1,64,546
210183,2,adaptive-prasle,2916,1,31,3303019,273,820,1638,4920,1,1,207267,2916,0,32,0,0,0,NORMAL,0,3,1,1,87,546
210628,3,adaptive-prasle,3358,1,31,3316783,273,820,1638,4920,1,1,207270,3358,0,32,0,0,0,NORMAL,0,3,1,1,92,546
210375,8,adaptive-prasle,3107,1,31,3308955,273,546,1638,3276,1,1,207268,3107,0,32,0,0,0,NORMAL,0,3,1,1,82,546
210358,9,adaptive-prasle,3086,1,31,3308383,273,274,1638,1644,1,1,207272,3086,0,32,0,0,0,NORMAL,0,3,1,1,94,546
210930,7,adaptive-prasle,3665,1,31,3326202,273,821,1638,4926,1,1,207265,3665,0,32,0,0,0,NORMAL,0,3,1,1,90,546
210798,10,adaptive-prasle,3528,1,31,3322053,273,274,1638,1644,1,1,207270,3528,0,32,0,0,0,NORMAL,0,3,1,1,64,546
212374,4,adaptive-prasle,2801,1,31,3299516,276,550,1656,3300,1,1,209573,2801,0,32,0,0,0,NORMAL,0,3,1,1,93,552
212351,5,adaptive-prasle,2779,1,31,3298833,276,825,1656,4950,1,1,209572,2779,0,32,0,0,0,NORMAL,0,3,1,1,63,552
212509,1,adaptive-prasle,2937,1,31,3303708,276,551,1656,3306,1,1,209572,2937,0,32,0,0,0,LEADER,1,3,1,1,31,552
212794,6,adaptive-prasle,3222,1,31,3312545,276,826,1656,4956,1,1,209572,3222,0,32,0,0,0,NORMAL,0,3,1,1,64,552
212486,2,adaptive-prasle,2916,1,31,3303019,276,828,1656,4968,1,1,209570,2916,0,32,0,0,0,NORMAL,0,3,1,1,87,552
212931,3,adaptive-prasle,3358,1,31,3316783,276,829,1656,4974,1,1,209573,3358,0,32,0,0,0,NORMAL,0,3,1,1,92,552
212678,8,adaptive-prasle,3107,1,31,3308955,276,552,1656,3312,1,1,209571,3107,0,32,0,0,0,NORMAL,0,3,1,1,82,552
212661,9,adaptive-prasle,3086,1,31,3308383,276,277,1656,1662,1,1,209575,3086,0,32,0,0,0,NORMAL,0,3,1,1,94,552
213233,7,adaptive-prasle,3665,1,31,3326202,276,829,1656,4974,1,1,209568,3665,0,32,0,0,0,NORMAL,0,3,1,1,90,552
213101,10,adaptive-prasle,3528,1,31,3322053,276,277,1656,1662,1,1,209573,3528,0,32,0,0,0,NORMAL,0,3,1,1,64,552
214677,4,adaptive-prasle,2801,1,31,3299516,279,556,1674,3336,1,1,211876,2801,0,32,0,0,0,NORMAL,0,3,1,1,93,558
214654,5,adaptive-prasle,2779,1,31,3298833,279,834,1674,5004,1,1,211875,2779,0,32,0,0,0,NORMAL,0,3,1,1,63,558
214812,1,adaptive-prasle,2937,1,31,3303708,279,556,1674,3336,1,1,211875,2937,0,32,0,0,0,LEADER,1,3,1,1,31,558
215097,6,adaptive-prasle,3222,1,31,3312545,279,835,1674,5010,1,1,211875,3222,0,32,0,0,0,NORMAL,0,3,1,1,64,558
214789,2,adaptive-prasle,2916,1,31,3303019,279,838,1674,5028,1,1,211873,2916,0,32,0,0,0,NORMAL,0,3,1,1,87,558
215234,3,adaptive-prasle,3358,1,31,3316783,279,838,1674,5028,1,1,211876,3358,0,32,0,0,0,NORMAL,0,3,1,1,92,558
214981,8,adaptive-prasle,3107,1,31,3308955,279,558,1674,3348,1,1,211874,3107,0,32,0,0,0,NORMAL,0,3,1,1,82,558
214964,9,adaptive-prasle,3086,1,31,3308383,279,280,1674,1680,1,1,211878,3086,0,32,0,0,0,NORMAL,0,3,1,1,94,558
215536,7,adaptive-prasle,3665,1,31,3326202,279,839,1674,5034,1,1,211871,3665,0,32,0,0,0,NORMAL,0,3,1,1,90,558
215404,10,adaptive-prasle,3528,1,31,3322053,279,280,1674,1680,1,1,211876,3528,0,32,0,0,0,NORMAL,0,3,1,1,64,558
216980,4,adaptive-prasle,2801,1,32,3516496,282,562,1692,3372,1,1,214179,2801,0,33,0,0,0,NORMAL,0,3,1,1,96,564
216957,5,adaptive-prasle,2779,1,32,3515790,282,843,1692,5058,1,1,214178,2779,0,33,0,0,0,NORMAL,0,3,1,1,65,564
217115,1,adaptive-prasle,2937,1,32,3520823,282,562,1692,3372,1,1,214178,2937,0,33,0,0,0,LEADER,1,3,1,1,32,564
217400,6,adaptive-prasle,3222,1,32,3529945,282,844,1692,5064,1,1,214178,3222,0,33,0,0,0,NORMAL,0,3,1,1,66,564
217092,2,adaptive-prasle,2916,1,32,3520111,282,847,1692,5082,1,1,214176,2916,0,33,0,0,0,NORMAL,0,3,1,1,90,564
217537,3,adaptive-prasle,3358,1,32,3534320,282,847,1692,5082,1,1,214179,3358,0,33,0,0,0,NORMAL,0,3,1,1,95,564
217284,8,adaptive-prasle,3107,1,32,3526239,282,564,1692,3384,1,1,214177,3107,0,33,0,0,0,NORMAL,0,3,1,1,85,564
217267,9,adaptive-prasle,3086,1,32,3525650,282,283,1692,1698,1,1,214181,3086,0,33,0,0,0,NORMAL,0,3,1,1,97,564
217839,7,adaptive-prasle,3665,1,32,3544041,282,848,1692,5088,1,1,214174,3665,0,33,0,0,0,NORMAL,0,3,1,1,93,564
217707,10,adaptive-prasle,3528,1,32,3539760,282,283,1692,1698,1,1,214179,3528,0,33,0,0,0,NORMAL,0,3,1,1,66,564
219285,4,adaptive-prasle,2801,1,32,3516496,285,568,1710,3408,1,1,216484,2801,0,33,0,0,0,NORMAL,0,3,1,1,96,570
219260,5,adaptive-prasle,2779,1,32,3515790,285,852,1710,5112,1,1,216481,2779,0,33,0,0,0,NORMAL,0,3,1,1,65,570
219418,1,adaptive-prasle,2937,1,32,3520823,285,568,1710,3408,1,1,216481,2937,0,33,0,0,0,LEADER,1,3,1,1,32,570
219703,6,adaptive-prasle,3222,1,32,3529945,285,853,1710,5118,1,1,216481,3222,0,33,0,0,0,NORMAL,0,3,1,1,66,570
219395,2,adaptive-prasle,2916,1,32,3520111,285,856,1710,5136,1,1,216479,2916,0,33,0,0,0,NORMAL,0,3,1,1,90,570
219840,3,adaptive-prasle,3358,1,32,3534320,285,856,1710,5136,1,1,216482,3358,0,33,0,0,0,NORMAL,0,3,1,1,95,570
219587,8,adaptive-prasle,3107,1,32,3526239,285,570,1710,3420,1,1,216480,3107,0,33,0,0,0,NORMAL,0,3,1,1,85,570
219570,9,adaptive-prasle,3086,1,32,3525650,285,286,1710,1716,1,1,216484,3086,0,33,0,0,0,NORMAL,0,3,1,1,97,570
220142,7,adaptive-prasle,3665,1,32,3544041,285,857,1710,5142,1,1,216477,3665,0,33,0,0,0,NORMAL,0,3,1,1,93,570
220010,10,adaptive-prasle,3528,1,32,3539760,285,286,1710,1716,1,1,216482,3528,0,33,0,0,0,NORMAL,0,3,1,1,66,570
221588,4,adaptive-prasle,2801,1,32,3516496,288,574,1728,3444,1,1,218787,2801,0,33,0,0,0,NORMAL,0,3,1,1,96,576
221563,5,adaptive-prasle,2779,1,32,3515790,288,861,1728,5166,1,1,218784,2779,0,33,0,0,0,NORMAL,0,3,1,1,65,576
221721,1,adaptive-prasle,2937,1,32,3520823,288,575,1728,3450,1,1,218784,2937,0,33,0,0,0,LEADER,1,3,1,1,32,576
222006,6,adaptive-prasle,3222,1,32,3529945,288,862,1728,5172,1,1,218784,3222,0,33,0,0,0,NORMAL,0,3,1,1,66,576
221698,2,adaptive-prasle,2916,1,32,3520111,288,864,1728,5184,1,1,218782,2916,0,33,0,0,0,NORMAL,0,3,1,1,90,576
222143,3,adaptive-prasle,3358,1,32,3534320,288,865,1728,5190,1,1,218785,3358,0,33,0,0,0,NORMAL,0,3,1,1,95,576
221890,8,adaptive-prasle,3107,1,32,3526239,288,576,1728,3456,1,1,218783,3107,0,33,0,0,0,NORMAL,0,3,1,1,85,576
221873,9,adaptive-prasle,3086,1,32,3525650,288,289,1728,1734,1,1,218787,3086,0,33,0,0,0,NORMAL,0,3,1,1,97,576
222445,7,adaptive-prasle,3665,1,32,3544041,288,866,1728,5196,1,1,218780,3665,0,33,0,0,0,NORMAL,0,3,1,1,93,576
222313,10,adaptive-prasle,3528,1,32,3539760,288,289,1728,1734,1,1,218785,3528,0,33,0,0,0,NORMAL,0,3,1,1,66,576
223891,4,adaptive-prasle,2801,1,33,3740387,291,580,1746,3480,1,1,221090,2801,0,34,0,0,0,NORMAL,0,3,1,1,99,582
223866,5,adaptive-prasle,2779,1,33,3739656,291,870,1746,5220,1,1,221087,2779,0,34,0,0,0,NORMAL,0,3,1,1,67,582
224023,1,adaptive-prasle,2937,1,33,3744846,291,580,1746,3480,1,1,221086,2937,0,34,0,0,0,LEADER,1,3,1,1,33,582
224309,6,adaptive-prasle,3222,1,33,3754254,291,871,1746,5226,1,1,221087,3222,0,34,0,0,0,NORMAL,0,3,1,1,68,582
224001,2,adaptive-prasle,2916,1,33,3744112,291,874,1746,5244,1,1,221085,2916,0,34,0,0,0,NORMAL,0,3,1,1,92,582
224446,3,adaptive-prasle,3358,1,33,3758766,291,874,1746,5244,1,1,221088,3358,0,34,0,0,0,NORMAL,0,3,1,1,98,582
224193,8,adaptive-prasle,3107,1,33,3750432,291,582,1746,3492,1,1,221086,3107,0,34,0,0,0,NORMAL,0,3,1,1,88,582
224176,9,adaptive-prasle,3086,1,33,3749826,291,292,1746,1752,1,1,221090,3086,0,34,0,0,0,NORMAL,0,3,1,1,100,582
224748,7,adaptive-prasle,3665,1,33,3768789,291,875,1746,5250,1,1,221083,3665,0,34,0,0,0,NORMAL,0,3,1,1,96,582
224616,10,adaptive-prasle,3528,1,33,3764376,291,292,1746,1752,1,1,221088,3528,0,34,0,0,0,NORMAL,0,3,1,1,68,582
226194,4,adaptive-prasle,2801,1,33,3740387,294,586,1764,3516,1,1,223393,2801,0,34,0,0,0,NORMAL,0,3,1,1,99,588
226169,5,adaptive-prasle,2779,1,33,3739656,294,879,1764,5274,1,1,223390,2779,0,34,0,0,0,NORMAL,0,3,1,1,67,588
226326,1,adaptive-prasle,2937,1,33,3744846,294,586,1764,3516,1,1,223389,2937,0,34,0,0,0,LEADER,1,3,1,1,33,588
226612,6,adaptive-prasle,3222,1,33,3754254,294,880,1764,5280,1,1,223390,3222,0,34,0,0,0,NORMAL,0,3,1,1,68,588
226303,2,adaptive-prasle,2916,1,33,3744112,294,882,1764,5292,1,1,223387,2916,0,34,0,0,0,NORMAL,0,3,1,1,92,588
226749,3,adaptive-prasle,3358,1,33,3758766,294,883,1764,5298,1,1,223391,3358,0,34,0,0,0,NORMAL,0,3,1,1,98,588
226496,8,adaptive-prasle,3107,1,33,3750432,294,588,1764,3528,1,1,223389,3107,0,34,0,0,0,NORMAL,0,3,1,1,88,588
226479,9,adaptive-prasle,3086,1,33,3749826,294,295,1764,1770,1,1,223393,3086,0,34,0,0,0,NORMAL,0,3,1,1,100,588
227051,7,adaptive-prasle,3665,1,33,3768789,294,883,1764,5298,1,1,223386,3665,0,34,0,0,0,NORMAL,0,3,1,1,96,588
226919,10,adaptive-prasle,3528,1,33,3764376,294,295,1764,1770,1,1,223391,3528,0,34,0,0,0,NORMAL,0,3,1,1,68,588
228497,4,adaptive-prasle,2801,1,33,3740387,297,592,1782,3552,1,1,225696,2801,0,34,0,0,0,NORMAL,0,3,1,1,99,594
228472,5,adaptive-prasle,2779,1,33,3739656,297,888,1782,5328,1,1,225693,2779,0,34,0,0,0,NORMAL,0,3,1,1,67,594
228629,1,adaptive-prasle,2937,1,33,3744846,297,593,1782,3558,1,1,225692,2937,0,34,0,0,0,LEADER,1,3,1,1,33,594
228915,6,adaptive-prasle,3222,1,33,3754254,297,889,1782,5334,1,1,225693,3222,0,34,0,0,0,NORMAL,0,3,1,1,68,594
228606,2,adaptive-prasle,2916,1,33,3744112,297,892,1782,5352,1,1,225690,2916,0,34,0,0,0,NORMAL,0,3,1,1,92,594
229052,3,adaptive-prasle,3358,1,33,3758766,297,892,1782,5352,1,1,225694,3358,0,34,0,0,0,NORMAL,0,3,1,1,98,594
228799,8,adaptive-prasle,3107,1,33,3750432,297,594,1782,3564,1,1,225692,3107,0,34,0,0,0,NORMAL,0,3,1,1,88,594
228782,9,adaptive-prasle,3086,1,33,3749826,297,298,1782,1788,1,1,225696,3086,0,34,0,0,0,NORMAL,0,3,1,1,100,594
229354,7,adaptive-prasle,3665,1,33,3768789,297,893,1782,5358,1,1,225689,3665,0,34,0,0,0,NORMAL,0,3,1,1,96,594
229222,10,adaptive-prasle,3528,1,33,3764376,297,298,1782,1788,1,1,225694,3528,0,34,0,0,0,NORMAL,0,3,1,1,68,594
230800,4,adaptive-prasle,2801,1,34,3971187,300,598,1800,3588,1,1,227999,2801,0,35,0,0,0,NORMAL,0,3,1,1,102,600
230775,5,adaptive-prasle,2779,1,34,3970431,300,897,1800,5382,1,1,227996,2779,0,35,0,0,0,NORMAL,0,3,1,1,69,600
230931,1,adaptive-prasle,2937,1,34,3975777,300,598,1800,3588,1,1,227994,2937,0,35,0,0,0,LEADER,1,3,1,1,34,600
231218,6,adaptive-prasle,3222,1,34,3985472,300,898,1800,5388,1,1,227996,3222,0,35,0,0,0,NORMAL,0,3,1,1,70,600
230909,2,adaptive-prasle,2916,1,34,3975021,300,901,1800,5406,1,1,227993,2916,0,35,0,0,0,NORMAL,0,3,1,1,95,600
231355,3,adaptive-prasle,3358,1,34,3990121,300,901,1800,5406,1,1,227997,3358,0,35,0,0,0,NORMAL,0,3,1,1,101,600
231102,8,adaptive-prasle,3107,1,34,3981534,300,600,1800,3600,1,1,227995,3107,0,35,0,0,0,NORMAL,0,3,1,1,91,600
231085,9,adaptive-prasle,3086,1,34,3980911,300,301,1800,1806,1,1,227999,3086,0,35,0,0,0,NORMAL,0,3,1,1,103,600
231657,7,adaptive-prasle,3665,1,34,4000446,300,901,1800,5406,1,1,227992,3665,0,35,0,0,0,NORMAL,0,3,1,1,99,600
231525,10,adaptive-prasle,3528,1,34,3995901,300,301,1800,1806,1,1,227997,3528,0,35,0,0,0,NORMAL,0,3,1,1,70,600
233103,4,adaptive-prasle,2801,1,34,3971187,303,604,1818,3624,1,1,230302,2801,0,35,0,0,0,NORMAL,0,3,1,1,102,606
233078,5,adaptive-prasle,2779,1,34,3970431,303,906,1818,5436,1,1,230299,2779,0,35,0,0,0,NORMAL,0,3,1,1,69,606
233234,1,adaptive-prasle,2937,1,34,3975777,303,605,1818,3630,1,1,230297,2937,0,35,0,0,0,LEADER,1,3,1,1,34,606
233521,6,adaptive-prasle,3222,1,34,3985472,303,907,1818,5442,1,1,230299,3222,0,35,0,0,0,NORMAL,0,3,1,1,70,606
233212,2,adaptive-prasle,2916,1,34,3975021,303,910,1818,5460,1,1,230296,2916,0,35,0,0,0,NORMAL,0,3,1,1,95,606
233658,3,adaptive-prasle,3358,1,34,3990121,303,910,1818,5460,1,1,230300,3358,0,35,0,0,0,NORMAL,0,3,1,1,101,606
233405,8,adaptive-prasle,3107,1,34,3981534,303,606,1818,3636,1,1,230298,3107,0,35,0,0,0,NORMAL,0,3,1,1,91,606
233388,9,adaptive-prasle,3086,1,34,3980911,303,304,1818,1824,1,1,230302,3086,0,35,0,0,0,NORMAL,0,3,1,1,103,606
233960,7,adaptive-prasle,3665,1,34,4000446,303,911,1818,5466,1,1,230295,3665,0,35,0,0,0,NORMAL,0,3,1,1,99,606
233828,10,adaptive-prasle,3528,1,34,3995901,303,304,1818,1824,1,1,230300,3528,0,35,0,0,0,NORMAL,0,3,1,1,70,606
235406,4,adaptive-prasle,2801,1,34,3971187,306,610,1836,3660,1,1,232605,2801,0,35,0,0,0,NORMAL,0,3,1,1,102,612
235381,5,adaptive-prasle,2779,1,34,3970431,306,915,1836,5490,1,1,232602,2779,0,35,0,0,0,NORMAL,0,3,1,1,69,612
235537,1,adaptive-prasle,2937,1,34,3975777,306,611,1836,3666,1,1,232600,2937,0,35,0,0,0,LEADER,1,3,1,1,34,612
235824,6,adaptive-prasle,3222,1,34,3985472,306,916,1836,5496,1,1,232602,3222,0,35,0,0,0,NORMAL,0,3,1,1,70,612
235515,2,adaptive-prasle,2916,1,34,3975021,306,918,1836,5508,1,1,232599,2916,0,35,0,0,0,NORMAL,0,3,1,1,95,612
235961,3,adaptive-prasle,3358,1,34,3990121,306,919,1836,5514,1,1,232603,3358,0,35,0,0,0,NORMAL,0,3,1,1,101,612
235708,8,adaptive-prasle,3107,1,34,3981534,306,612,1836,3672,1,1,232601,3107,0,35,0,0,0,NORMAL,0,3,1,1,91,612
235691,9,adaptive-prasle,3086,1,34,3980911,306,307,1836,1842,1,1,232605,3086,0,35,0,0,0,NORMAL,0,3,1,1,103,612
236263,7,adaptive-prasle,3665,1,34,4000446,306,920,1836,5520,1,1,232598,3665,0,35,0,0,0,NORMAL,0,3,1,1,99,612
236131,10,adaptive-prasle,3528,1,34,3995901,306,307,1836,1842,1,1,232603,3528,0,35,0,0,0,NORMAL,0,3,1,1,70,612
237709,4,adaptive-prasle,2801,1,35,4208896,309,616,1854,3696,1,1,234908,2801,0,36,0,0,0,NORMAL,0,3,1,1,105,618
237684,5,adaptive-prasle,2779,1,35,4208115,309,924,1854,5544,1,1,234905,2779,0,36,0,0,0,NORMAL,0,3,1,1,71,618
237840,1,adaptive-prasle,2937,1,35,4213617,309,617,1854,3702,1,1,234903,2937,0,36,0,0,0,LEADER,1,3,1,1,35,618
238127,6,adaptive-prasle,3222,1,35,4223599,309,925,1854,5550,1,1,234905,3222,0,36,0,0,0,NORMAL,0,3,1,1,72,618
237818,2,adaptive-prasle,2916,1,35,4212839,309,928,1854,5568,1,1,234902,2916,0,36,0,0,0,NORMAL,0,3,1,1,97,618
238264,3,adaptive-prasle,3358,1,35,4228385,309,928,1854,5568,1,1,234906,3358,0,36,0,0,0,NORMAL,0,3,1,1,104,618
238011,8,adaptive-prasle,3107,1,35,4219545,309,618,1854,3708,1,1,234904,3107,0,36,0,0,0,NORMAL,0,3,1,1,93,618
237994,9,adaptive-prasle,3086,1,35,4218905,309,310,1854,1860,1,1,234908,3086,0,36,0,0,0,NORMAL,0,3,1,1,106,618
238566,7,adaptive-prasle,3665,1,35,4239012,309,928,1854,5568,1,1,234901,3665,0,36,0,0,0,NORMAL,0,3,1,1,101,618
238434,10,adaptive-prasle,3528,1,35,4234335,309,310,1854,1860,1,1,234906,3528,0,36,0,0,0,NORMAL,0,3,1,1,72,618
240012,4,adaptive-prasle,2801,1,35,4208896,312,622,1872,3732,1,1,237211,2801,0,36,0,0,0,NORMAL,0,3,1,1,105,624
239987,5,adaptive-prasle,2779,1,35,4208115,312,933,1872,5598,1,1,237208,2779,0,36,0,0,0,NORMAL,0,3,1,1,71,624
240143,1,adaptive-prasle,2937,1,35,4213617,312,622,1872,3732,1,1,237206,2937,0,36,0,0,0,LEADER,1,3,1,1,35,624
240430,6,adaptive-prasle,3222,1,35,4223599,312,934,1872,5604,1,1,237208,3222,0,36,0,0,0,NORMAL,0,3,1,1,72,624
240121,2,adaptive-prasle,2916,1,35,4212839,312,936,1872,5616,1,1,237205,2916,0,36,0,0,0,NORMAL,0,3,1,1,97,624
240567,3,adaptive-prasle,3358,1,35,4228385,312,937,1872,5622,1,1,237209,3358,0,36,0,0,0,NORMAL,0,3,1,1,104,624
240314,8,adaptive-prasle,3107,1,35,4219545,312,624,1872,3744,1,1,237207,3107,0,36,0,0,0,NORMAL,0,3,1,1,93,624
240297,9,adaptive-prasle,3086,1,35,4218905,312,313,1872,1878,1,1,237211,3086,0,36,0,0,0,NORMAL,0,3,1,1,106,624
240869,7,adaptive-prasle,3665,1,35,4239012,312,938,1872,5628,1,1,237204,3665,0,36,0,0,0,NORMAL,0,3,1,1,101,624
240737,10,adaptive-prasle,3528,1,35,4234335,312,313,1872,1878,1,1,237209,3528,0,36,0,0,0,NORMAL,0,3,1,1,72,624
242315,4,adaptive-prasle,2801,1,35,4208896,315,628,1890,3768,1,1,239514,2801,0,36,0,0,0,NORMAL,0,3,1,1,105,630
242290,5,adaptive-prasle,2779,1,35,4208115,315,942,1890,5652,1,1,239511,2779,0,36,0,0,0,NORMAL,0,3,1,1,71,630
242446,1,adaptive-prasle,2937,1,35,4213617,315,628,1890,3768,1,1,239509,2937,0,36,0,0,0,LEADER,1,3,1,1,35,630
242733,6,adaptive-prasle,3222,1,35,4223599,315,943,1890,5658,1,1,239511,3222,0,36,0,0,0,NORMAL,0,3,1,1,72,630
242424,2,adaptive-prasle,2916,1,35,4212839,315,945,1890,5670,1,1,239508,2916,0,36,0,0,0,NORMAL,0,3,1,1,97,630
242870,3,adaptive-prasle,3358,1,35,4228385,315,946,1890,5676,1,1,239512,3358,0,36,0,0,0,NORMAL,0,3,1,1,104,630
242617,8,adaptive-prasle,3107,1,35,4219545,315,630,1890,3780,1,1,239510,3107,0,36,0,0,0,NORMAL,0,3,1,1,93,630
242600,9,adaptive-prasle,3086,1,35,4218905,315,316,1890,1896,1,1,239514,3086,0,36,0,0,0,NORMAL,0,3,1,1,106,630
243172,7,adaptive-prasle,3665,1,35,4239012,315,946,1890,5676,1,1,239507,3665,0,36,0,0,0,NORMAL,0,3,1,1,101,630
243040,10,adaptive-prasle,3528,1,35,4234335,315,316,1890,1896,1,1,239512,3528,0,36,0,0,0,NORMAL,0,3,1,1,72,630
244618,4,adaptive-prasle,2801,1,36,4453514,318,634,1908,3804,1,1,241817,2801,0,37,0,0,0,NORMAL,0,3,1,1,108,636
244592,5,adaptive-prasle,2779,1,36,4452707,318,951,1908,5706,1,1,241813,2779,0,37,0,0,0,NORMAL,0,3,1,1,73,636
244749,1,adaptive-prasle,2937,1,36,4458366,318,635,1908,3810,1,1,241812,2937,0,37,0,0,0,LEADER,1,3,1,1,36,636
245036,6,adaptive-prasle,3222,1,36,4468635,318,952,1908,5712,1,1,241814,3222,0,37,0,0,0,NORMAL,0,3,1,1,74,636
244727,2,adaptive-prasle,2916,1,36,4457566,318,955,1908,5730,1,1,241811,2916,0,37,0,0,0,NORMAL,0,3,1,1,99,636
245173,3,adaptive-prasle,3358,1,36,4473558,318,955,1908,5730,1,1,241815,3358,0,37,0,0,0,NORMAL,0,3,1,1,107,636
244920,8,adaptive-prasle,3107,1,36,4464465,318,636,1908,3816,1,1,241813,3107,0,37,0,0,0,NORMAL,0,3,1,1,96,636
244903,9,adaptive-prasle,3086,1,36,4463808,318,319,1908,1914,1,1,241817,3086,0,37,0,0,0,NORMAL,0,3,1,1,109,636
245475,7,adaptive-prasle,3665,1,36,4484487,318,956,1908,5736,1,1,241810,3665,0,37,0,0,0,NORMAL,0,3,1,1,105,636
245343,10,adaptive-prasle,3528,1,36,4479678,318,319,1908,1914,1,1,241815,3528,0,37,0,0,0,NORMAL,0,3,1,1,74,636
246921,4,adaptive-prasle,2801,1,36,4453514,321,640,1926,3840,1,1,244120,2801,0,37,0,0,0,NORMAL,0,3,1,1,108,642
246895,5,adaptive-prasle,2779,1,36,4452707,321,960,1926,5760,1,1,244116,2779,0,37,0,0,0,NORMAL,0,3,1,1,73,642
247051,1,adaptive-prasle,2937,1,36,4458366,321,641,1926,3846,1,1,244114,2937,0,37,0,0,0,LEADER,1,3,1,1,36,642
247339,6,adaptive-prasle,3222,1,36,4468635,321,961,1926,5766,1,1,244117,3222,0,37,0,0,0,NORMAL,0,3,1,1,74,642
247030,2,adaptive-prasle,2916,1,36,4457566,321,964,1926,5784,1,1,244114,2916,0,37,0,0,0,NORMAL,0,3,1,1,99,642
247476,3,adaptive-prasle,3358,1,36,4473558,321,964,1926,5784,1,1,244118,3358,0,37,0,0,0,NORMAL,0,3,1,1,107,642
247223,8,adaptive-prasle,3107,1,36,4464465,321,642,1926,3852,1,1,244116,3107,0,37,0,0,0,NORMAL,0,3,1,1,96,642
247206,9,adaptive-prasle,3086,1,36,4463808,321,322,1926,1932,1,1,244120,3086,0,37,0,0,0,NORMAL,0,3,1,1,109,642
247778,7,adaptive-prasle,3665,1,36,4484487,321,965,1926,5790,1,1,244113,3665,0,37,0,0,0,NORMAL,0,3,1,1,105,642
247646,10,adaptive-prasle,3528,1,36,4479678,321,322,1926,1932,1,1,244118,3528,0,37,0,0,0,NORMAL,0,3,1,1,74,642
249224,4,adaptive-prasle,2801,1,36,4453514,324,646,1944,3876,1,1,246423,2801,0,37,0,0,0,NORMAL,0,3,1,1,108,648
249198,5,adaptive-prasle,2779,1,36,4452707,324,969,1944,5814,1,1,246419,2779,0,37,0,0,0,NORMAL,0,3,1,1,73,648
249354,1,adaptive-prasle,2937,1,36,4458366,324,646,1944,3876,1,1,246417,2937,0,37,0,0,0,LEADER,1,3,1,1,36,648
249642,6,adaptive-prasle,3222,1,36,4468635,324,970,1944,5820,1,1,246420,3222,0,37,0,0,0,NORMAL,0,3,1,1,74,648
249333,2,adaptive-prasle,2916,1,36,4457566,324,973,1944,5838,1,1,246417,2916,0,37,0,0,0,NORMAL,0,3,1,1,99,648
249779,3,adaptive-prasle,3358,1,36,4473558,324,973,1944,5838,1,1,246421,3358,0,37,0,0,0,NORMAL,0,3,1,1,107,648
249526,8,adaptive-prasle,3107,1,36,4464465,324,648,1944,3888,1,1,246419,3107,0,37,0,0,0,NORMAL,0,3,1,1,96,648
249509,9,adaptive-prasle,3086,1,36,4463808,324,325,1944,1950,1,1,246423,3086,0,37,0,0,0,NORMAL,0,3,1,1,109,648
250081,7,adaptive-prasle,3665,1,36,4484487,324,974,1944,5844,1,1,246416,3665,0,37,0,0,0,NORMAL,0,3,1,1,105,648
249949,10,adaptive-prasle,3528,1,36,4479678,324,325,1944,1950,1,1,246421,3528,0,37,0,0,0,NORMAL,0,3,1,1,74,648
251527,4,adaptive-prasle,2801,1,37,4705041,327,652,1962,3912,1,1,248726,2801,0,38,0,0,0,NORMAL,0,3,1,1,111,654
251501,5,adaptive-prasle,2779,1,37,4704208,327,978,1962,5868,1,1,248722,2779,0,38,0,0,0,NORMAL,0,3,1,1,75,654
251657,1,adaptive-prasle,2937,1,37,4710023,327,652,1962,3912,1,1,248720,2937,0,38,0,0,0,LEADER,1,3,1,1,37,654
251945,6,adaptive-prasle,3222,1,37,4720580,327,979,1962,5874,1,1,248723,3222,0,38,0,0,0,NORMAL,0,3,1,1,76,654
251636,2,adaptive-prasle,2916,1,37,4709202,327,981,1962,5886,1,1,248720,2916,0,38,0,0,0,NORMAL,0,3,1,1,102,654
252082,3,adaptive-prasle,3358,1,37,4725640,327,982,1962,5892,1,1,248724,3358,0,38,0,0,0,NORMAL,0,3,1,1,110,654
251829,8,adaptive-prasle,3107,1,37,4716294,327,654,1962,3924,1,1,248722,3107,0,38,0,0,0,NORMAL,0,3,1,1,99,654
251812,9,adaptive-prasle,3086,1,37,4715620,327,328,1962,1968,1,1,248726,3086,0,38,0,0,0,NORMAL,0,3,1,1,112,654
252384,7,adaptive-prasle,3665,1,37,4736871,327,983,1962,5898,1,1,248719,3665,0,38,0,0,0,NORMAL,0,3,1,1,108,654
252252,10,adaptive-prasle,3528,1,37,4731930,327,328,1962,1968,1,1,248724,3528,0,38,0,0,0,NORMAL,0,3,1,1,76,654
253830,4,adaptive-prasle,2801,1,37,4705041,330,658,1980,3948,1,1,251029,2801,0,38,0,0,0,NORMAL,0,3,1,1,111,660
253803,5,adaptive-prasle,2779,1,37,4704208,330,987,1980,5922,1,1,251024,2779,0,38,0,0,0,NORMAL,0,3,1,1,75,660
253960,1,adaptive-prasle,2937,1,37,4710023,330,659,1980,3954,1,1,251023,2937,0,38,0,0,0,LEADER,1,3,1,1,37,660
254248,6,adaptive-prasle,3222,1,37,4720580,330,988,1980,5928,1,1,251026,3222,0,38,0,0,0,NORMAL,0,3,1,1,76,660
253939,2,adaptive-prasle,2916,1,37,4709202,330,991,1980,5946,1,1,251023,2916,0,38,0,0,0,NORMAL,0,3,1,1,102,660
254385,3,adaptive-prasle,3358,1,37,4725640,330,991,1980,5946,1,1,251027,3358,0,38,0,0,0,NORMAL,0,3,1,1,110,660
254132,8,adaptive-prasle,3107,1,37,4716294,330,660,1980,3960,1,1,251025,3107,0,38,0,0,0,NORMAL,0,3,1,1,99,660
254115,9,adaptive-prasle,3086,1,37,4715620,330,331,1980,1986,1,1,251029,3086,0,38,0,0,0,NORMAL,0,3,1,1,112,660
254687,7,adaptive-prasle,3665,1,37,4736871,330,992,1980,5952,1,1,251022,3665,0,38,0,0,0,NORMAL,0,3,1,1,108,660
254555,10,adaptive-prasle,3528,1,37,4731930,330,331,1980,1986,1,1,251027,3528,0,38,0,0,0,NORMAL,0,3,1,1,76,660
256133,4,adaptive-prasle,2801,1,37,4705041,333,664,1998,3984,1,1,253332,2801,0,38,0,0,0,NORMAL,0,3,1,1,111,666
256106,5,adaptive-prasle,2779,1,37,4704208,333,996,1998,5976,1,1,253327,2779,0,38,0,0,0,NORMAL,0,3,1,1,75,666
256263,1,adaptive-prasle,2937,1,37,4710023,333,664,1998,3984,1,1,253326,2937,0,38,0,0,0,LEADER,1,3,1,1,37,666
256551,6,adaptive-prasle,3222,1,37,4720580,333,997,1998,5982,1,1,253329,3222,0,38,0,0,0,NORMAL,0,3,1,1,76,666
256242,2,adaptive-prasle,2916,1,37,4709202,333,999,1998,5994,1,1,253326,2916,0,38,0,0,0,NORMAL,0,3,1,1,102,666
256688,3,adaptive-prasle,3358,1,37,4725640,333,1000,1998,6000,1,1,253330,3358,0,38,0,0,0,NORMAL,0,3,1,1,110,666
256435,8,adaptive-prasle,3107,1,37,4716294,333,666,1998,3996,1,1,253328,3107,0,38,0,0,0,NORMAL,0,3,1,1,99,666
256418,9,adaptive-prasle,3086,1,37,4715620,333,334,1998,2004,1,1,253332,3086,0,38,0,0,0,NORMAL,0,3,1,1,112,666
256990,7,adaptive-prasle,3665,1,37,4736871,333,1001,1998,6006,1,1,253325,3665,0,38,0,0,0,NORMAL,0,3,1,1,108,666
256858,10,adaptive-prasle,3528,1,37,4731930,333,334,1998,2004,1,1,253330,3528,0,38,0,0,0,NORMAL,0,3,1,1,76,666
258436,4,adaptive-prasle,2801,1,38,4963477,336,670,2016,4020,1,1,255635,2801,0,39,0,0,0,NORMAL,0,3,1,1,114,672
258409,5,adaptive-prasle,2779,1,38,4962617,336,1005,2016,6030,1,1,255630,2779,0,39,0,0,0,NORMAL,0,3,1,1,77,672
258566,1,adaptive-prasle,2937,1,38,4968589,336,671,2016,4026,1,1,255629,2937,0,39,0,0,0,LEADER,1,3,1,1,38,672
258854,6,adaptive-prasle,3222,1,38,4979434,336,1006,2016,6036,1,1,255632,3222,0,39,0,0,0,NORMAL,0,3,1,1,78,672
258545,2,adaptive-prasle,2916,1,38,4967747,336,1008,2016,6048,1,1,255629,2916,0,39,0,0,0,NORMAL,0,3,1,1,104,672
258991,3,adaptive-prasle,3358,1,38,4984631,336,1009,2016,6054,1,1,255633,3358,0,39,0,0,0,NORMAL,0,3,1,1,113,672
258738,8,adaptive-prasle,3107,1,38,4975032,336,672,2016,4032,1,1,255631,3107,0,39,0,0,0,NORMAL,0,3,1,1,101,672
258721,9,adaptive-prasle,3086,1,38,4974341,336,337,2016,2022,1,1,255635,3086,0,39,0,0,0,NORMAL,0,3,1,1,115,672
259293,7,adaptive-prasle,3665,1,38,4996164,336,1010,2016,6060,1,1,255628,3665,0,39,0,0,0,NORMAL,0,3,1,1,110,672
259161,10,adaptive-prasle,3528,1,38,4991091,336,337,2016,2022,1,1,255633,3528,0,39,0,0,0,NORMAL,0,3,1,1,78,672
260739,4,adaptive-prasle,2801,1,38,4963477,339,676,2034,4056,1,1,257938,2801,0,39,0,0,0,NORMAL,0,3,1,1,114,678
260712,5,adaptive-prasle,2779,1,38,4962617,339,1014,2034,6084,1,1,257933,2779,0,39,0,0,0,NORMAL,0,3,1,1,77,678
260869,1,adaptive-prasle,2937,1,38,4968589,339,676,2034,4056,1,1,257932,2937,0,39,0,0,0,LEADER,1,3,1,1,38,678
261157,6,adaptive-prasle,3222,1,38,4979434,339,1015,2034,6090,1,1,257935,3222,0,39,0,0,0,NORMAL,0,3,1,1,78,678
260848,2,adaptive-prasle,2916,1,38,4967747,339,1017,2034,6102,1,1,257932,2916,0,39,0,0,0,NORMAL,0,3,1,1,104,678
261294,3,adaptive-prasle,3358,1,38,4984631,339,1018,2034,6108,1,1,257936,3358,0,39,0,0,0,NORMAL,0,3,1,1,113,678
261041,8,adaptive-prasle,3107,1,38,4975032,339,678,2034,4068,1,1,257934,3107,0,39,0,0,0,NORMAL,0,3,1,1,101,678
261024,9,adaptive-prasle,3086,1,38,4974341,339,340,2034,2040,1,1,257938,3086,0,39,0,0,0,NORMAL,0,3,1,1,115,678
261596,7,adaptive-prasle,3665,1,38,4996164,339,1019,2034,6114,1,1,257931,3665,0,39,0,0,0,NORMAL,0,3,1,1,110,678
261464,10,adaptive-prasle,3528,1,38,4991091,339,340,2034,2040,1,1,257936,3528,0,39,0,0,0,NORMAL,0,3,1,1,78,678
263042,4,adaptive-prasle,2801,1,38,4963477,342,682,2052,4092,1,1,260241,2801,0,39,0,0,0,NORMAL,0,3,1,1,114,684
263015,5,adaptive-prasle,2779,1,38,4962617,342,1023,2052,6138,1,1,260236,2779,0,39,0,0,0,NORMAL,0,3,1,1,77,684
263172,1,adaptive-prasle,2937,1,38,4968589,342,683,2052,4098,1,1,260235,2937,0,39,0,0,0,LEADER,1,3,1,1,38,684
263459,6,adaptive-prasle,3222,1,38,4979434,342,1024,2052,6144,1,1,260237,3222,0,39,0,0,0,NORMAL,0,3,1,1,78,684
263151,2,adaptive-prasle,2916,1,38,4967747,342,1026,2052,6156,1,1,260235,2916,0,39,0,0,0,NORMAL,0,3,1,1,104,684
263597,3,adaptive-prasle,3358,1,38,4984631,342,1027,2052,6162,1,1,260239,3358,0,39,0,0,0,NORMAL,0,3,1,1,113,684
263343,8,adaptive-prasle,3107,1,38,4975032,342,684,2052,4104,1,1,260236,3107,0,39,0,0,0,NORMAL,0,3,1,1,101,684
263327,9,adaptive-prasle,3086,1,38,4974341,342,343,2052,2058,1,1,260241,3086,0,39,0,0,0,NORMAL,0,3,1,1,115,684
263899,7,adaptive-prasle,3665,1,38,4996164,342,1027,2052,6162,1,1,260234,3665,0,39,0,0,0,NORMAL,0,3,1,1,110,684
263767,10,adaptive-prasle,3528,1,38,4991091,342,343,2052,2058,1,1,260239,3528,0,39,0,0,0,NORMAL,0,3,1,1,78,684
265345,4,adaptive-prasle,2801,1,39,5228822,345,688,2070,4128,1,1,262544,2801,0,40,0,0,0,NORMAL,0,3,1,1,117,690
265318,5,adaptive-prasle,2779,1,39,5227935,345,1032,2070,6192,1,1,262539,2779,0,40,0,0,0,NORMAL,0,3,1,1,79,690
265475,1,adaptive-prasle,2937,1,39,5234064,345,689,2070,4134,1,1,262538,2937,0,40,0,0,0,LEADER,1,3,1,1,39,690
265762,6,adaptive-prasle,3222,1,39,5245196,345,1033,2070,6198,1,1,262540,3222,0,40,0,0,0,NORMAL,0,3,1,1,80,690
265454,2,adaptive-prasle,2916,1,39,5233201,345,1036,2070,6216,1,1,262538,2916,0,40,0,0,0,NORMAL,0,3,1,1,106,690
265900,3,adaptive-prasle,3358,1,39,5250531,345,1036,2070,6216,1,1,262542,3358,0,40,0,0,0,NORMAL,0,3,1,1,116,690
265646,8,adaptive-prasle,3107,1,39,5240678,345,690,2070,4140,1,1,262539,3107,0,40,0,0,0,NORMAL,0,3,1,1,103,690
265630,9,adaptive-prasle,3086,1,39,5239971,345,346,2070,2076,1,1,262544,3086,0,40,0,0,0,NORMAL,0,3,1,1,118,690
266202,7,adaptive-prasle,3665,1,39,5262366,345,1036,2070,6216,1,1,262537,3665,0,40,0,0,0,NORMAL,0,3,1,1,113,690
266070,10,adaptive-prasle,3528,1,39,5257161,345,346,2070,2076,1,1,262542,3528,0,40,0,0,0,NORMAL,0,3,1,1,80,690
267648,4,adaptive-prasle,2801,1,39,5228822,348,694,2088,4164,1,1,264847,2801,0,40,0,0,0,NORMAL,0,3,1,1,117,696
267621,5,adaptive-prasle,2779,1,39,5227935,348,1041,2088,6246,1,1,264842,2779,0,40,0,0,0,NORMAL,0,3,1,1,79,696
267778,1,adaptive-prasle,2937,1,39,5234064,348,695,2088,4170,1,1,264841,2937,0,40,0,0,0,LEADER,1,3,1,1,39,696
268065,6,adaptive-prasle,3222,1,39,5245196,348,1042,2088,6252,1,1,264843,3222,0,40,0,0,0,NORMAL,0,3,1,1,80,696
267757,2,adaptive-prasle,2916,1,39,5233201,348,1045,2088,6270,1,1,264841,2916,0,40,0,0,0,NORMAL,0,3,1,1,106,696
268203,3,adaptive-prasle,3358,1,39,5250531,348,1045,2088,6270,1,1,264845,3358,0,40,0,0,0,NORMAL,0,3,1,1,116,696
267949,8,adaptive-prasle,3107,1,39,5240678,348,696,2088,4176,1,1,264842,3107,0,40,0,0,0,NORMAL,0,3,1,1,103,696
267933,9,adaptive-prasle,3086,1,39,5239971,348,349,2088,2094,1,1,264847,3086,0,40,0,0,0,NORMAL,0,3,1,1,118,696
268505,7,adaptive-prasle,3665,1,39,5262366,348,1046,2088,6276,1,1,264840,3665,0,40,0,0,0,NORMAL,0,3,1,1,113,696
268373,10,adaptive-prasle,3528,1,39,5257161,348,349,2088,2094,1,1,264845,3528,0,40,0,0,0,NORMAL,0,3,1,1,80,696
269951,4,adaptive-prasle,2801,1,39,5228822,351,700,2106,4200,1,1,267150,2801,0,40,0,0,0,NORMAL,0,3,1,1,117,702
269924,5,adaptive-prasle,2779,1,39,5227935,351,1050,2106,6300,1,1,267145,2779,0,40,0,0,0,NORMAL,0,3,1,1,79,702
270080,1,adaptive-prasle,2937,1,39,5234064,351,701,2106,4206,1,1,267143,2937,0,40,0,0,0,LEADER,1,3,1,1,39,702
270368,6,adaptive-prasle,3222,1,39,5245196,351,1051,2106,6306,1,1,267146,3222,0,40,0,0,0,NORMAL,0,3,1,1,80,702
270060,2,adaptive-prasle,2916,1,39,5233201,351,1053,2106,6318,1,1,267144,2916,0,40,0,0,0,NORMAL,0,3,1,1,106,702
270506,3,adaptive-prasle,3358,1,39,5250531,351,1054,2106,6324,1,1,267148,3358,0,40,0,0,0,NORMAL,0,3,1,1,116,702
270252,8,adaptive-prasle,3107,1,39,5240678,351,702,2106,4212,1,1,267145,3107,0,40,0,0,0,NORMAL,0,3,1,1,103,702
270236,9,adaptive-prasle,3086,1,39,5239971,351,352,2106,2112,1,1,267150,3086,0,40,0,0,0,NORMAL,0,3,1,1,118,702
270808,7,adaptive-prasle,3665,1,39,5262366,351,1055,2106,6330,1,1,267143,3665,0,40,0,0,0,NORMAL,0,3,1,1,113,702
270676,10,adaptive-prasle,3528,1,39,5257161,351,352,2106,2112,1,1,267148,3528,0,40,0,0,0,NORMAL,0,3,1,1,80,702
272254,4,adaptive-prasle,2801,1,40,5501076,354,706,2124,4236,1,1,269453,2801,0,41,0,0,0,NORMAL,0,3,1,1,120,708
272227,5,adaptive-prasle,2779,1,40,5500162,354,1059,2124,6354,1,1,269448,2779,0,41,0,0,0,NORMAL,0,3,1,1,81,708
272383,1,adaptive-prasle,2937,1,40,5506447,354,706,2124,4236,1,1,269446,2937,0,41,0,0,0,LEADER,1,3,1,1,40,708
272671,6,adaptive-prasle,3222,1,40,5517867,354,1060,2124,6360,1,1,269449,3222,0,41,0,0,0,NORMAL,0,3,1,1,82,708
272363,2,adaptive-prasle,2916,1,40,5505564,354,1062,2124,6372,1,1,269447,2916,0,41,0,0,0,NORMAL,0,3,1,1,108,708
272809,3,adaptive-prasle,3358,1,40,5523340,354,1063,2124,6378,1,1,269451,3358,0,41,0,0,0,NORMAL,0,3,1,1,119,708
272555,8,adaptive-prasle,3107,1,40,5513233,354,708,2124,4248,1,1,269448,3107,0,41,0,0,0,NORMAL,0,3,1,1,105,708
272539,9,adaptive-prasle,3086,1,40,5512510,354,355,2124,2130,1,1,269453,3086,0,41,0,0,0,NORMAL,0,3,1,1,121,708
273111,7,adaptive-prasle,3665,1,40,5535477,354,1064,2124,6384,1,1,269446,3665,0,41,0,0,0,NORMAL,0,3,1,1,115,708
272979,10,adaptive-prasle,3528,1,40,5530140,354,355,2124,2130,1,1,269451,3528,0,41,0,0,0,NORMAL,0,3,1,1,82,708
274557,4,adaptive-prasle,2801,1,40,5501076,357,712,2142,4272,1,1,271756,2801,0,41,0,0,0,NORMAL,0,3,1,1,120,714
274530,5,adaptive-prasle,2779,1,40,5500162,357,1068,2142,6408,1,1,271751,2779,0,41,0,0,0,NORMAL,0,3,1,1,81,714
274686,1,adaptive-prasle,2937,1,40,5506447,357,712,2142,4272,1,1,271749,2937,0,41,0,0,0,LEADER,1,3,1,1,40,714
274974,6,adaptive-prasle,3222,1,40,5517867,357,1069,2142,6414,1,1,271752,3222,0,41,0,0,0,NORMAL,0,3,1,1,82,714
274666,2,adaptive-prasle,2916,1,40,5505564,357,1071,2142,6426,1,1,271750,2916,0,41,0,0,0,NORMAL,0,3,1,1,108,714
275112,3,adaptive-prasle,3358,1,40,5523340,357,1072,2142,6432,1,1,271754,3358,0,41,0,0,0,NORMAL,0,3,1,1,119,714
274858,8,adaptive-prasle,3107,1,40,5513233,357,714,2142,4284,1,1,271751,3107,0,41,0,0,0,NORMAL,0,3,1,1,105,714
274842,9,adaptive-prasle,3086,1,40,5512510,357,358,2142,2148,1,1,271756,3086,0,41,0,0,0,NORMAL,0,3,1,1,121,714
275414,7,adaptive-prasle,3665,1,40,5535477,357,1072,2142,6432,1,1,271749,3665,0,41,0,0,0,NORMAL,0,3,1,1,115,714
275282,10,adaptive-prasle,3528,1,40,5530140,357,358,2142,2148,1,1,271754,3528,0,41,0,0,0,NORMAL,0,3,1,1,82,714
276860,4,adaptive-prasle,2801,1,40,5501076,360,718,2160,4308,1,1,274059,2801,0,41,0,0,0,NORMAL,0,3,1,1,120,720
276833,5,adaptive-prasle,2779,1,40,5500162,360,1077,2160,6462,1,1,274054,2779,0,41,0,0,0,NORMAL,0,3,1,1,81,720
276989,1,adaptive-prasle,2937,1,40,5506447,360,718,2160,4308,1,1,274052,2937,0,41,0,0,0,LEADER,1,3,1,1,40,720
277277,6,adaptive-prasle,3222,1,40,5517867,360,1078,2160,6468,1,1,274055,3222,0,41,0,0,0,NORMAL,0,3,1,1,82,720
276969,2,adaptive-prasle,2916,1,40,5505564,360,1081,2160,6486,1,1,274053,2916,0,41,0,0,0,NORMAL,0,3,1,1,108,720
277415,3,adaptive-prasle,3358,1,40,5523340,360,1081,2160,6486,1,1,274057,3358,0,41,0,0,0,NORMAL,0,3,1,1,119,720
277161,8,adaptive-prasle,3107,1,40,5513233,360,720,2160,4320,1,1,274054,3107,0,41,0,0,0,NORMAL,0,3,1,1,105,720
277145,9,adaptive-prasle,3086,1,40,5512510,360,361,2160,2166,1,1,274059,3086,0,41,0,0,0,NORMAL,0,3,1,1,121,720
277717,7,adaptive-prasle,3665,1,40,5535477,360,1082,2160,6492,1,1,274052,3665,0,41,0,0,0,NORMAL,0,3,1,1,115,720
277585,10,adaptive-prasle,3528,1,40,5530140,360,361,2160,2166,1,1,274057,3528,0,41,0,0,0,NORMAL,0,3,1,1,82,720
279163,4,adaptive-prasle,2801,1,41,5780239,363,724,2178,4344,1,1,276362,2801,0,42,0,0,0,NORMAL,0,3,1,1,123,726
279136,5,adaptive-prasle,2779,1,41,5779298,363,1086,2178,6516,1,1,276357,2779,0,42,0,0,0,NORMAL,0,3,1,1,83,726
279292,1,adaptive-prasle,2937,1,41,5785739,363,724,2178,4344,1,1,276355,2937,0,42,0,0,0,LEADER,1,3,1,1,41,726
279580,6,adaptive-prasle,3222,1,41,5797447,363,1087,2178,6522,1,1,276358,3222,0,42,0,0,0,NORMAL,0,3,1,1,84,726
279272,2,adaptive-prasle,2916,1,41,5784836,363,1089,2178,6534,1,1,276356,2916,0,42,0,0,0,NORMAL,0,3,1,1,111,726
279718,3,adaptive-prasle,3358,1,41,5803058,363,1090,2178,6540,1,1,276360,3358,0,42,0,0,0,NORMAL,0,3,1,1,122,726
279463,8,adaptive-prasle,3107,1,41,5792696,363,726,2178,4356,1,1,276356,3107,0,42,0,0,0,NORMAL,0,3,1,1,108,726
279448,9,adaptive-prasle,3086,1,41,5791958,363,364,2178,2184,1,1,276362,3086,0,42,0,0,0,NORMAL,0,3,1,1,124,726
280020,7,adaptive-prasle,3665,1,41,5815497,363,1091,2178,6546,1,1,276355,3665,0,42,0,0,0,NORMAL,0,3,1,1,118,726
279888,10,adaptive-prasle,3528,1,41,5810028,363,364,2178,2184,1,1,276360,3528,0,42,0,0,0,NORMAL,0,3,1,1,84,726
281466,4,adaptive-prasle,2801,1,41,5780239,366,730,2196,4380,1,1,278665,2801,0,42,0,0,0,NORMAL,0,3,1,1,123,732
281439,5,adaptive-prasle,2779,1,41,5779298,366,1095,2196,6570,1,1,278660,2779,0,42,0,0,0,NORMAL,0,3,1,1,83,732
281595,1,adaptive-prasle,2937,1,41,5785739,366,730,2196,4380,1,1,278658,2937,0,42,0,0,0,LEADER,1,3,1,1,41,732
281883,6,adaptive-prasle,3222,1,41,5797447,366,1096,2196,6576,1,1,278661,3222,0,42,0,0,0,NORMAL,0,3,1,1,84,732
281575,2,adaptive-prasle,2916,1,41,5784836,366,1098,2196,6588,1,1,278659,2916,0,42,0,0,0,NORMAL,0,3,1,1,111,732
282021,3,adaptive-prasle,3358,1,41,5803058,366,1099,2196,6594,1,1,278663,3358,0,42,0,0,0,NORMAL,0,3,1,1,122,732
281766,8,adaptive-prasle,3107,1,41,5792696,366,732,2196,4392,1,1,278659,3107,0,42,0,0,0,NORMAL,0,3,1,1,108,732
281751,9,adaptive-prasle,3086,1,41,5791958,366,367,2196,2202,1,1,278665,3086,0,42,0,0,0,NORMAL,0,3,1,1,124,732
282323,7,adaptive-prasle,3665,1,41,5815497,366,1100,2196,6600,1,1,278658,3665,0,42,0,0,0,NORMAL,0,3,1,1,118,732
282191,10,adaptive-prasle,3528,1,41,5810028,366,367,2196,2202,1,1,278663,3528,0,42,0,0,0,NORMAL,0,3,1,1,84,732
283769,4,adaptive-prasle,2801,1,41,5780239,369,736,2214,4416,1,1,280968,2801,0,42,0,0,0,NORMAL,0,3,1,1,123,738
283742,5,adaptive-prasle,2779,1,41,5779298,369,1104,2214,6624,1,1,280963,2779,0,42,0,0,0,NORMAL,0,3,1,1,83,738
283898,1,adaptive-prasle,2937,1,41,5785739,369,736,2214,4416,1,1,280961,2937,0,42,0,0,0,LEADER,1,3,1,1,41,738
284186,6,adaptive-prasle,3222,1,41,5797447,369,1105,2214,6630,1,1,280964,3222,0,42,0,0,0,NORMAL,0,3,1,1,84,738
283878,2,adaptive-prasle,2916,1,41,5784836,369,1108,2214,6648,1,1,280962,2916,0,42,0,0,0,NORMAL,0,3,1,1,111,738
284324,3,adaptive-prasle,3358,1,41,5803058,369,1108,2214,6648,1,1,280966,3358,0,42,0,0,0,NORMAL,0,3,1,1,122,738
284069,8,adaptive-prasle,3107,1,41,5792696,369,738,2214,4428,1,1,280962,3107,0,42,0,0,0,NORMAL,0,3,1,1,108,738
284054,9,adaptive-prasle,3086,1,41,5791958,369,370,2214,2220,1,1,280968,3086,0,42,0,0,0,NORMAL,0,3,1,1,124,738
284626,7,adaptive-prasle,3665,1,41,5815497,369,1109,2214,6654,1,1,280961,3665,0,42,0,0,0,NORMAL,0,3,1,1,118,738
284494,10,adaptive-prasle,3528,1,41,5810028,369,370,2214,2220,1,1,280966,3528,0,42,0,0,0,NORMAL,0,3,1,1,84,738
286072,4,adaptive-prasle,2801,1,42,6066311,372,742,2232,4452,1,1,283271,2801,0,43,0,0,0,NORMAL,0,3,1,1,126,744
286045,5,adaptive-prasle,2779,1,42,6065343,372,1113,2232,6678,1,1,283266,2779,0,43,0,0,0,NORMAL,0,3,1,1,85,744
286200,1,adaptive-prasle,2937,1,42,6071939,372,742,2232,4452,1,1,283263,2937,0,43,0,0,0,LEADER,1,3,1,1,42,744
286489,6,adaptive-prasle,3222,1,42,6083936,372,1114,2232,6684,1,1,283267,3222,0,43,0,0,0,NORMAL,0,3,1,1,86,744
286181,2,adaptive-prasle,2916,1,42,6071017,372,1116,2232,6696,1,1,283265,2916,0,43,0,0,0,NORMAL,0,3,1,1,114,744
286627,3,adaptive-prasle,3358,1,42,6089685,372,1117,2232,6702,1,1,283269,3358,0,43,0,0,0,NORMAL,0,3,1,1,125,744
286372,8,adaptive-prasle,3107,1,42,6079068,372,744,2232,4464,1,1,283265,3107,0,43,0,0,0,NORMAL,0,3,1,1,111,744
286357,9,adaptive-prasle,3086,1,42,6078315,372,373,2232,2238,1,1,283271,3086,0,43,0,0,0,NORMAL,0,3,1,1,127,744
286929,7,adaptive-prasle,3665,1,42,6102426,372,1117,2232,6702,1,1,283264,3665,0,43,0,0,0,NORMAL,0,3,1,1,121,744
286797,10,adaptive-prasle,3528,1,42,6096825,372,373,2232,2238,1,1,283269,3528,0,43,0,0,0,NORMAL,0,3,1,1,86,744
288375,4,adaptive-prasle,2801,1,42,6066311,375,748,2250,4488,1,1,285574,2801,0,43,0,0,0,NORMAL,0,3,1,1,126,750
288348,5,adaptive-prasle,2779,1,42,6065343,375,1122,2250,6732,1,1,285569,2779,0,43,0,0,0,NORMAL,0,3,1,1,85,750
288503,1,adaptive-prasle,2937,1,42,6071939,375,748,2250,4488,1,1,285566,2937,0,43,0,0,0,LEADER,1,3,1,1,42,750
288792,6,adaptive-prasle,3222,1,42,6083936,375,1123,2250,6738,1,1,285570,3222,0,43,0,0,0,NORMAL,0,3,1,1,86,750
288484,2,adaptive-prasle,2916,1,42,6071017,375,1125,2250,6750,1,1,285568,2916,0,43,0,0,0,NORMAL,0,3,1,1,114,750
288930,3,adaptive-prasle,3358,1,42,6089685,375,1126,2250,6756,1,1,285572,3358,0,43,0,0,0,NORMAL,0,3,1,1,125,750
288675,8,adaptive-prasle,3107,1,42,6079068,375,750,2250,4500,1,1,285568,3107,0,43,0,0,0,NORMAL,0,3,1,1,111,750
288660,9,adaptive-prasle,3086,1,42,6078315,375,376,2250,2256,1,1,285574,3086,0,43,0,0,0,NORMAL,0,3,1,1,127,750
289232,7,adaptive-prasle,3665,1,42,6102426,375,1127,2250,6762,1,1,285567,3665,0,43,0,0,0,NORMAL,0,3,1,1,121,750
289100,10,adaptive-prasle,3528,1,42,6096825,375,376,2250,2256,1,1,285572,3528,0,43,0,0,0,NORMAL,0,3,1,1,86,750
290678,4,adaptive-prasle,2801,1,42,6066311,378,754,2268,4524,1,1,287877,2801,0,43,0,0,0,NORMAL,0,3,1,1,126,756
290651,5,adaptive-prasle,2779,1,42,6065343,378,1131,2268,6786,1,1,287872,2779,0,43,0,0,0,NORMAL,0,3,1,1,85,756
290806,1,adaptive-prasle,2937,1,42,6071939,378,754,2268,4524,1,1,287869,2937,0,43,0,0,0,LEADER,1,3,1,1,42,756
291095,6,adaptive-prasle,3222,1,42,6083936,378,1132,2268,6792,1,1,287873,3222,0,43,0,0,0,NORMAL,0,3,1,1,86,756
290787,2,adaptive-prasle,2916,1,42,6071017,378,1134,2268,6804,1,1,287871,2916,0,43,0,0,0,NORMAL,0,3,1,1,114,756
291233,3,adaptive-prasle,3358,1,42,6089685,378,1135,2268,6810,1,1,287875,3358,0,43,0,0,0,NORMAL,0,3,1,1,125,756
290978,8,adaptive-prasle,3107,1,42,6079068,378,756,2268,4536,1,1,287871,3107,0,43,0,0,0,NORMAL,0,3,1,1,111,756
290963,9,adaptive-prasle,3086,1,42,6078315,378,379,2268,2274,1,1,287877,3086,0,43,0,0,0,NORMAL,0,3,1,1,127,756
291535,7,adaptive-prasle,3665,1,42,6102426,378,1135,2268,6810,1,1,287870,3665,0,43,0,0,0,NORMAL,0,3,1,1,121,756
291403,10,adaptive-prasle,3528,1,42,6096825,378,379,2268,2274,1,1,287875,3528,0,43,0,0,0,NORMAL,0,3,1,1,86,756
292981,4,adaptive-prasle,2801,1,43,6359292,381,760,2286,4560,1,1,290180,2801,0,44,0,0,0,NORMAL,0,3,1,1,129,762
292954,5,adaptive-prasle,2779,1,43,6358297,381,1140,2286,6840,1,1,290175,2779,0,44,0,0,0,NORMAL,0,3,1,1,87,762
293109,1,adaptive-prasle,2937,1,43,6365048,381,761,2286,4566,1,1,290172,2937,0,44,0,0,0,LEADER,1,3,1,1,43,762
293398,6,adaptive-prasle,3222,1,43,6377334,381,1141,2286,6846,1,1,290176,3222,0,44,0,0,0,NORMAL,0,3,1,1,88,762
293090,2,adaptive-prasle,2916,1,43,6364107,381,1144,2286,6864,1,1,290174,2916,0,44,0,0,0,NORMAL,0,3,1,1,116,762
293536,3,adaptive-prasle,3358,1,43,6383221,381,1144,2286,6864,1,1,290178,3358,0,44,0,0,0,NORMAL,0,3,1,1,128,762
293281,8,adaptive-prasle,3107,1,43,6372349,381,762,2286,4572,1,1,290174,3107,0,44,0,0,0,NORMAL,0,3,1,1,114,762
293837,7,adaptive-prasle,3665,1,43,6396263,381,1144,2286,6864,1,1,290172,3665,0,44,0,0,0,NORMAL,0,3,1,1,125,762
293266,9,adaptive-prasle,3086,1,43,6371581,381,382,2286,2292,1,1,290180,3086,0,44,0,0,0,NORMAL,0,3,1,1,130,762
293706,10,adaptive-prasle,3528,1,43,6390531,381,382,2286,2292,1,1,290178,3528,0,44,0,0,0,NORMAL,0,3,1,1,88,762
295284,4,adaptive-prasle,2801,1,43,6359292,384,766,2304,4596,1,1,292483,2801,0,44,0,0,0,NORMAL,0,3,1,1,129,768
295257,5,adaptive-prasle,2779,1,43,6358297,384,1149,2304,6894,1,1,292478,2779,0,44,0,0,0,NORMAL,0,3,1,1,87,768
295412,1,adaptive-prasle,2937,1,43,6365048,384,766,2304,4596,1,1,292475,2937,0,44,0,0,0,LEADER,1,3,1,1,43,768
295701,6,adaptive-prasle,3222,1,43,6377334,384,1150,2304,6900,1,1,292479,3222,0,44,0,0,0,NORMAL,0,3,1,1,88,768
295393,2,adaptive-prasle,2916,1,43,6364107,384,1152,2304,6912,1,1,292477,2916,0,44,0,0,0,NORMAL,0,3,1,1,116,768
295839,3,adaptive-prasle,3358,1,43,6383221,384,1153,2304,6918,1,1,292481,3358,0,44,0,0,0,NORMAL,0,3,1,1,128,768
295584,8,adaptive-prasle,3107,1,43,6372349,384,768,2304,4608,1,1,292477,3107,0,44,0,0,0,NORMAL,0,3,1,1,114,768
296140,7,adaptive-prasle,3665,1,43,6396263,384,1154,2304,6924,1,1,292475,3665,0,44,0,0,0,NORMAL,0,3,1,1,125,768
295569,9,adaptive-prasle,3086,1,43,6371581,384,385,2304,2310,1,1,292483,3086,0,44,0,0,0,NORMAL,0,3,1,1,130,768
296009,10,adaptive-prasle,3528,1,43,6390531,384,385,2304,2310,1,1,292481,3528,0,44,0,0,0,NORMAL,0,3,1,1,88,768
297587,4,adaptive-prasle,2801,1,43,6359292,387,772,2322,4632,1,1,294786,2801,0,44,0,0,0,NORMAL,0,3,1,1,129,774
297560,5,adaptive-prasle,2779,1,43,6358297,387,1158,2322,6948,1,1,294781,2779,0,44,0,0,0,NORMAL,0,3,1,1,87,774
297715,1,adaptive-prasle,2937,1,43,6365048,387,773,2322,4638,1,1,294778,2937,0,44,0,0,0,LEADER,1,3,1,1,43,774
298004,6,adaptive-prasle,3222,1,43,6377334,387,1159,2322,6954,1,1,294782,3222,0,44,0,0,0,NORMAL,0,3,1,1,88,774
297696,2,adaptive-prasle,2916,1,43,6364107,387,1161,2322,6966,1,1,294780,2916,0,44,0,0,0,NORMAL,0,3,1,1,116,774
298142,3,adaptive-prasle,3358,1,43,6383221,387,1162,2322,6972,1,1,294784,3358,0,44,0,0,0,NORMAL,0,3,1,1,128,774
297887,8,adaptive-prasle,3107,1,43,6372349,387,774,2322,4644,1,1,294780,3107,0,44,0,0,0,NORMAL,0,3,1,1,114,774
298443,7,adaptive-prasle,3665,1,43,6396263,387,1162,2322,6972,1,1,294778,3665,0,44,0,0,0,NORMAL,0,3,1,1,125,774
297872,9,adaptive-prasle,3086,1,43,6371581,387,388,2322,2328,1,1,294786,3086,0,44,0,0,0,NORMAL,0,3,1,1,130,774
298312,10,adaptive-prasle,3528,1,43,6390531,387,388,2322,2328,1,1,294784,3528,0,44,0,0,0,NORMAL,0,3,1,1,88,774
