timestamp,node_id,algorithm,first_convergence_time_ms,elections_started,elections_completed,total_election_time_ms,messages_sent,messages_received,bytes_sent,bytes_received,leader_changes,current_leader,time_in_normal_ms,time_in_election_ms,time_in_waiting_ms,state_transitions,timeouts_detected,heartbeats_sent,heartbeats_received,current_state,am_leader,elections_won,elections_lost,msg_election_sent,msg_answer_sent,msg_coordinator_sent,msg_alive_sent,msg_election_recv,msg_answer_recv,msg_coordinator_recv,msg_alive_recv,duplicates_filtered,invalid_coordinators,coordinator_reannouncements,alive_adoptions
10145,10,bully,4144,1,1,4001,14,45,112,360,1,10,6001,4001,0,2,1,3,0,LEADER,1,1,0,1,9,1,3,9,36,0,0,0,0,0,0
10281,7,bully,3400,1,1,30,7,52,56,416,1,10,6881,30,3090,3,0,0,3,NORMAL,0,0,1,1,6,0,0,9,39,1,3,0,0,0,0
10702,9,bully,3732,1,1,27,9,50,72,400,1,10,6970,27,3004,3,0,0,3,NORMAL,0,0,1,1,8,0,0,9,37,1,3,0,0,0,0
11396,5,bully,4113,1,1,34,5,54,40,432,1,10,7283,34,2684,3,0,0,3,NORMAL,0,0,1,1,4,0,0,9,41,1,3,0,0,0,0
11259,8,bully,3944,1,1,121,8,51,64,408,1,10,7315,121,2565,3,0,0,3,NORMAL,0,0,1,1,7,0,0,9,38,1,3,0,0,0,0
10975,3,bully,3566,1,1,118,3,55,24,440,1,10,7409,118,2474,3,0,0,3,NORMAL,0,0,1,1,2,0,0,8,43,1,3,0,0,0,0
10838,1,bully,3340,1,1,40,1,57,8,456,1,10,7498,40,2463,3,0,0,3,NORMAL,0,0,1,1,0,0,0,8,45,1,3,0,0,0,0
11531,2,bully,3990,1,1,110,2,57,16,456,1,10,7541,110,2349,3,0,0,3,NORMAL,0,0,1,1,1,0,0,9,44,1,3,0,0,0,0
11953,4,bully,3897,1,1,28,4,56,32,448,1,10,8056,28,1917,3,0,0,4,NORMAL,0,0,1,1,3,0,0,9,42,1,4,0,0,0,0
11696,6,bully,3340,1,1,37,6,53,48,424,1,10,8356,37,1608,3,0,0,4,NORMAL,0,0,1,1,5,0,0,8,40,1,4,0,0,0,0
20145,10,bully,4144,1,1,4001,19,45,152,360,1,10,16001,4001,0,2,1,8,0,LEADER,1,1,0,1,9,1,8,9,36,0,0,0,0,0,0
20281,7,bully,3400,1,1,30,7,57,56,456,1,10,16881,30,3090,3,0,0,8,NORMAL,0,0,1,1,6,0,0,9,39,1,8,0,0,0,0
20702,9,bully,3732,1,1,27,9,55,72,440,1,10,16970,27,3004,3,0,0,8,NORMAL,0,0,1,1,8,0,0,9,37,1,8,0,0,0,0
21396,5,bully,4113,1,1,34,5,59,40,472,1,10,17283,34,2684,3,0,0,8,NORMAL,0,0,1,1,4,0,0,9,41,1,8,0,0,0,0
21259,8,bully,3944,1,1,121,8,56,64,448,1,10,17315,121,2565,3,0,0,8,NORMAL,0,0,1,1,7,0,0,9,38,1,8,0,0,0,0
20975,3,bully,3566,1,1,118,3,60,24,480,1,10,17409,118,2474,3,0,0,8,NORMAL,0,0,1,1,2,0,0,8,43,1,8,0,0,0,0
20838,1,bully,3340,1,1,40,1,62,8,496,1,10,17498,40,2463,3,0,0,8,NORMAL,0,0,1,1,0,0,0,8,45,1,8,0,0,0,0
21531,2,bully,3990,1,1,110,2,62,16,496,1,10,17541,110,2349,3,0,0,8,NORMAL,0,0,1,1,1,0,0,9,44,1,8,0,0,0,0
21953,4,bully,3897,1,1,28,4,61,32,488,1,10,18056,28,1917,3,0,0,9,NORMAL,0,0,1,1,3,0,0,9,42,1,9,0,0,0,0
21696,6,bully,3340,1,1,37,6,58,48,464,1,10,18356,37,1608,3,0,0,9,NORMAL,0,0,1,1,5,0,0,8,40,1,9,0,0,0,0
30145,10,bully,4144,1,1,4001,24,45,192,360,1,10,26001,4001,0,2,1,13,0,LEADER,1,1,0,1,9,1,13,9,36,0,0,0,0,0,0
30281,7,bully,3400,1,1,30,7,62,56,496,1,10,26881,30,3090,3,0,0,13,NORMAL,0,0,1,1,6,0,0,9,39,1,13,0,0,0,0
30702,9,bully,3732,1,1,27,9,60,72,480,1,10,26970,27,3004,3,0,0,13,NORMAL,0,0,1,1,8,0,0,9,37,1,13,0,0,0,0
31396,5,bully,4113,1,1,34,5,64,40,512,1,10,27283,34,2684,3,0,0,13,NORMAL,0,0,1,1,4,0,0,9,41,1,13,0,0,0,0
31259,8,bully,3944,1,1,121,8,61,64,488,1,10,27315,121,2565,3,0,0,13,NORMAL,0,0,1,1,7,0,0,9,38,1,13,0,0,0,0
30975,3,bully,3566,1,1,118,3,65,24,520,1,10,27409,118,2474,3,0,0,13,NORMAL,0,0,1,1,2,0,0,8,43,1,13,0,0,0,0
30838,1,bully,3340,1,1,40,1,67,8,536,1,10,27498,40,2463,3,0,0,13,NORMAL,0,0,1,1,0,0,0,8,45,1,13,0,0,0,0
31531,2,bully,3990,1,1,110,2,67,16,536,1,10,27541,110,2349,3,0,0,13,NORMAL,0,0,1,1,1,0,0,9,44,1,13,0,0,0,0
31953,4,bully,3897,1,1,28,4,66,32,528,1,10,28056,28,1917,3,0,0,14,NORMAL,0,0,1,1,3,0,0,9,42,1,14,0,0,0,0
31696,6,bully,3340,1,1,37,6,63,48,504,1,10,28356,37,1608,3,0,0,14,NORMAL,0,0,1,1,5,0,0,8,40,1,14,0,0,0,0
40145,10,bully,4144,1,1,4001,29,45,232,360,1,10,36001,4001,0,2,1,18,0,LEADER,1,1,0,1,9,1,18,9,36,0,0,0,0,0,0
40281,7,bully,3400,1,1,30,7,67,56,536,1,10,36881,30,3090,3,0,0,18,NORMAL,0,0,1,1,6,0,0,9,39,1,18,0,0,0,0
40702,9,bully,3732,1,1,27,9,65,72,520,1,10,36970,27,3004,3,0,0,18,NORMAL,0,0,1,1,8,0,0,9,37,1,18,0,0,0,0
41396,5,bully,4113,1,1,34,5,69,40,552,1,10,37283,34,2684,3,0,0,18,NORMAL,0,0,1,1,4,0,0,9,41,1,18,0,0,0,0
41259,8,bully,3944,1,1,121,8,66,64,528,1,10,37315,121,2565,3,0,0,18,NORMAL,0,0,1,1,7,0,0,9,38,1,18,0,0,0,0
40975,3,bully,3566,1,1,118,3,70,24,560,1,10,37409,118,2474,3,0,0,18,NORMAL,0,0,1,1,2,0,0,8,43,1,18,0,0,0,0
40838,1,bully,3340,1,1,40,1,72,8,576,1,10,37498,40,2463,3,0,0,18,NORMAL,0,0,1,1,0,0,0,8,45,1,18,0,0,0,0
41531,2,bully,3990,1,1,110,2,72,16,576,1,10,37541,110,2349,3,0,0,18,NORMAL,0,0,1,1,1,0,0,9,44,1,18,0,0,0,0
41953,4,bully,3897,1,1,28,4,71,32,568,1,10,38056,28,1917,3,0,0,19,NORMAL,0,0,1,1,3,0,0,9,42,1,19,0,0,0,0
41696,6,bully,3340,1,1,37,6,68,48,544,1,10,38356,37,1608,3,0,0,19,NORMAL,0,0,1,1,5,0,0,8,40,1,19,0,0,0,0
50145,10,bully,4144,1,1,4001,34,45,272,360,1,10,46001,4001,0,2,1,23,0,LEADER,1,1,0,1,9,1,23,9,36,0,0,0,0,0,0
50281,7,bully,3400,1,1,30,7,72,56,576,1,10,46881,30,3090,3,0,0,23,NORMAL,0,0,1,1,6,0,0,9,39,1,23,0,0,0,0
50702,9,bully,3732,1,1,27,9,70,72,560,1,10,46970,27,3004,3,0,0,23,NORMAL,0,0,1,1,8,0,0,9,37,1,23,0,0,0,0
51396,5,bully,4113,1,1,34,5,74,40,592,1,10,47283,34,2684,3,0,0,23,NORMAL,0,0,1,1,4,0,0,9,41,1,23,0,0,0,0
51259,8,bully,3944,1,1,121,8,71,64,568,1,10,47315,121,2565,3,0,0,23,NORMAL,0,0,1,1,7,0,0,9,38,1,23,0,0,0,0
50975,3,bully,3566,1,1,118,3,75,24,600,1,10,47409,118,2474,3,0,0,23,NORMAL,0,0,1,1,2,0,0,8,43,1,23,0,0,0,0
50838,1,bully,3340,1,1,40,1,77,8,616,1,10,47498,40,2463,3,0,0,23,NORMAL,0,0,1,1,0,0,0,8,45,1,23,0,0,0,0
51531,2,bully,3990,1,1,110,2,77,16,616,1,10,47541,110,2349,3,0,0,23,NORMAL,0,0,1,1,1,0,0,9,44,1,23,0,0,0,0
51953,4,bully,3897,1,1,28,4,76,32,608,1,10,48056,28,1917,3,0,0,24,NORMAL,0,0,1,1,3,0,0,9,42,1,24,0,0,0,0
51696,6,bully,3340,1,1,37,6,73,48,584,1,10,48356,37,1608,3,0,0,24,NORMAL,0,0,1,1,5,0,0,8,40,1,24,0,0,0,0
60145,10,bully,4144,1,1,4001,39,45,312,360,1,10,56001,4001,0,2,1,28,0,LEADER,1,1,0,1,9,1,28,9,36,0,0,0,0,0,0
60281,7,bully,3400,1,1,30,7,77,56,616,1,10,56881,30,3090,3,0,0,28,NORMAL,0,0,1,1,6,0,0,9,39,1,28,0,0,0,0
60702,9,bully,3732,1,1,27,9,75,72,600,1,10,56970,27,3004,3,0,0,28,NORMAL,0,0,1,1,8,0,0,9,37,1,28,0,0,0,0
61396,5,bully,4113,1,1,34,5,79,40,632,1,10,57283,34,2684,3,0,0,28,NORMAL,0,0,1,1,4,0,0,9,41,1,28,0,0,0,0
61259,8,bully,3944,1,1,121,8,76,64,608,1,10,57315,121,2565,3,0,0,28,NORMAL,0,0,1,1,7,0,0,9,38,1,28,0,0,0,0
60975,3,bully,3566,1,1,118,3,80,24,640,1,10,57409,118,2474,3,0,0,28,NORMAL,0,0,1,1,2,0,0,8,43,1,28,0,0,0,0
60838,1,bully,3340,1,1,40,1,82,8,656,1,10,57498,40,2463,3,0,0,28,NORMAL,0,0,1,1,0,0,0,8,45,1,28,0,0,0,0
61531,2,bully,3990,1,1,110,2,82,16,656,1,10,57541,110,2349,3,0,0,28,NORMAL,0,0,1,1,1,0,0,9,44,1,28,0,0,0,0
61953,4,bully,3897,1,1,28,4,81,32,648,1,10,58056,28,1917,3,0,0,29,NORMAL,0,0,1,1,3,0,0,9,42,1,29,0,0,0,0
61696,6,bully,3340,1,1,37,6,78,48,624,1,10,58356,37,1608,3,0,0,29,NORMAL,0,0,1,1,5,0,0,8,40,1,29,0,0,0,0
70145,10,bully,4144,1,1,4001,44,45,352,360,1,10,66001,4001,0,2,1,33,0,LEADER,1,1,0,1,9,1,33,9,36,0,0,0,0,0,0
70281,7,bully,3400,1,1,30,7,82,56,656,1,10,66881,30,3090,3,0,0,33,NORMAL,0,0,1,1,6,0,0,9,39,1,33,0,0,0,0
70702,9,bully,3732,1,1,27,9,80,72,640,1,10,66970,27,3004,3,0,0,33,NORMAL,0,0,1,1,8,0,0,9,37,1,33,0,0,0,0
71396,5,bully,4113,1,1,34,5,84,40,672,1,10,67283,34,2684,3,0,0,33,NORMAL,0,0,1,1,4,0,0,9,41,1,33,0,0,0,0
71259,8,bully,3944,1,1,121,8,81,64,648,1,10,67315,121,2565,3,0,0,33,NORMAL,0,0,1,1,7,0,0,9,38,1,33,0,0,0,0
70975,3,bully,3566,1,1,118,3,85,24,680,1,10,67409,118,2474,3,0,0,33,NORMAL,0,0,1,1,2,0,0,8,43,1,33,0,0,0,0
70838,1,bully,3340,1,1,40,1,87,8,696,1,10,67498,40,2463,3,0,0,33,NORMAL,0,0,1,1,0,0,0,8,45,1,33,0,0,0,0
71531,2,bully,3990,1,1,110,2,87,16,696,1,10,67541,110,2349,3,0,0,33,NORMAL,0,0,1,1,1,0,0,9,44,1,33,0,0,0,0
71953,4,bully,3897,1,1,28,4,86,32,688,1,10,68056,28,1917,3,0,0,34,NORMAL,0,0,1,1,3,0,0,9,42,1,34,0,0,0,0
71696,6,bully,3340,1,1,37,6,83,48,664,1,10,68356,37,1608,3,0,0,34,NORMAL,0,0,1,1,5,0,0,8,40,1,34,0,0,0,0
80145,10,bully,4144,1,1,4001,49,45,392,360,1,10,76001,4001,0,2,1,38,0,LEADER,1,1,0,1,9,1,38,9,36,0,0,0,0,0,0
80281,7,bully,3400,1,1,30,7,87,56,696,1,10,76881,30,3090,3,0,0,38,NORMAL,0,0,1,1,6,0,0,9,39,1,38,0,0,0,0
80702,9,bully,3732,1,1,27,9,85,72,680,1,10,76970,27,3004,3,0,0,38,NORMAL,0,0,1,1,8,0,0,9,37,1,38,0,0,0,0
81396,5,bully,4113,1,1,34,5,89,40,712,1,10,77283,34,2684,3,0,0,38,NORMAL,0,0,1,1,4,0,0,9,41,1,38,0,0,0,0
81259,8,bully,3944,1,1,121,8,86,64,688,1,10,77315,121,2565,3,0,0,38,NORMAL,0,0,1,1,7,0,0,9,38,1,38,0,0,0,0
80975,3,bully,3566,1,1,118,3,90,24,720,1,10,77409,118,2474,3,0,0,38,NORMAL,0,0,1,1,2,0,0,8,43,1,38,0,0,0,0
80838,1,bully,3340,1,1,40,1,92,8,736,1,10,77498,40,2463,3,0,0,38,NORMAL,0,0,1,1,0,0,0,8,45,1,38,0,0,0,0
81531,2,bully,3990,1,1,110,2,92,16,736,1,10,77541,110,2349,3,0,0,38,NORMAL,0,0,1,1,1,0,0,9,44,1,38,0,0,0,0
81953,4,bully,3897,1,1,28,4,91,32,728,1,10,78056,28,1917,3,0,0,39,NORMAL,0,0,1,1,3,0,0,9,42,1,39,0,0,0,0
81696,6,bully,3340,1,1,37,6,88,48,704,1,10,78356,37,1608,3,0,0,39,NORMAL,0,0,1,1,5,0,0,8,40,1,39,0,0,0,0
90145,10,bully,4144,1,1,4001,54,45,432,360,1,10,86001,4001,0,2,1,43,0,LEADER,1,1,0,1,9,1,43,9,36,0,0,0,0,0,0
90281,7,bully,3400,1,1,30,7,92,56,736,1,10,86881,30,3090,3,0,0,43,NORMAL,0,0,1,1,6,0,0,9,39,1,43,0,0,0,0
90702,9,bully,3732,1,1,27,9,90,72,720,1,10,86970,27,3004,3,0,0,43,NORMAL,0,0,1,1,8,0,0,9,37,1,43,0,0,0,0
91396,5,bully,4113,1,1,34,5,94,40,752,1,10,87283,34,2684,3,0,0,43,NORMAL,0,0,1,1,4,0,0,9,41,1,43,0,0,0,0
91259,8,bully,3944,1,1,121,8,91,64,728,1,10,87315,121,2565,3,0,0,43,NORMAL,0,0,1,1,7,0,0,9,38,1,43,0,0,0,0
90975,3,bully,3566,1,1,118,3,95,24,760,1,10,87409,118,2474,3,0,0,43,NORMAL,0,0,1,1,2,0,0,8,43,1,43,0,0,0,0
90838,1,bully,3340,1,1,40,1,97,8,776,1,10,87498,40,2463,3,0,0,43,NORMAL,0,0,1,1,0,0,0,8,45,1,43,0,0,0,0
91531,2,bully,3990,1,1,110,2,97,16,776,1,10,87541,110,2349,3,0,0,43,NORMAL,0,0,1,1,1,0,0,9,44,1,43,0,0,0,0
91953,4,bully,3897,1,1,28,4,96,32,768,1,10,88056,28,1917,3,0,0,44,NORMAL,0,0,1,1,3,0,0,9,42,1,44,0,0,0,0
91696,6,bully,3340,1,1,37,6,93,48,744,1,10,88356,37,1608,3,0,0,44,NORMAL,0,0,1,1,5,0,0,8,40,1,44,0,0,0,0
100145,10,bully,4144,1,1,4001,59,45,472,360,1,10,96001,4001,0,2,1,48,0,LEADER,1,1,0,1,9,1,48,9,36,0,0,0,0,0,0
100281,7,bully,3400,1,1,30,7,97,56,776,1,10,96881,30,3090,3,0,0,48,NORMAL,0,0,1,1,6,0,0,9,39,1,48,0,0,0,0
100702,9,bully,3732,1,1,27,9,95,72,760,1,10,96970,27,3004,3,0,0,48,NORMAL,0,0,1,1,8,0,0,9,37,1,48,0,0,0,0
101396,5,bully,4113,1,1,34,5,99,40,792,1,10,97283,34,2684,3,0,0,48,NORMAL,0,0,1,1,4,0,0,9,41,1,48,0,0,0,0
101259,8,bully,3944,1,1,121,8,96,64,768,1,10,97315,121,2565,3,0,0,48,NORMAL,0,0,1,1,7,0,0,9,38,1,48,0,0,0,0
100975,3,bully,3566,1,1,118,3,100,24,800,1,10,97409,118,2474,3,0,0,48,NORMAL,0,0,1,1,2,0,0,8,43,1,48,0,0,0,0
100838,1,bully,3340,1,1,40,1,102,8,816,1,10,97498,40,2463,3,0,0,48,NORMAL,0,0,1,1,0,0,0,8,45,1,48,0,0,0,0
101531,2,bully,3990,1,1,110,2,102,16,816,1,10,97541,110,2349,3,0,0,48,NORMAL,0,0,1,1,1,0,0,9,44,1,48,0,0,0,0
101953,4,bully,3897,1,1,28,4,101,32,808,1,10,98056,28,1917,3,0,0,49,NORMAL,0,0,1,1,3,0,0,9,42,1,49,0,0,0,0
101696,6,bully,3340,1,1,37,6,98,48,784,1,10,98356,37,1608,3,0,0,49,NORMAL,0,0,1,1,5,0,0,8,40,1,49,0,0,0,0
110145,10,bully,4144,1,1,4001,64,45,512,360,1,10,106001,4001,0,2,1,53,0,LEADER,1,1,0,1,9,1,53,9,36,0,0,0,0,0,0
110281,7,bully,3400,1,1,30,7,102,56,816,1,10,106881,30,3090,3,0,0,53,NORMAL,0,0,1,1,6,0,0,9,39,1,53,0,0,0,0
110702,9,bully,3732,1,1,27,9,100,72,800,1,10,106970,27,3004,3,0,0,53,NORMAL,0,0,1,1,8,0,0,9,37,1,53,0,0,0,0
111396,5,bully,4113,1,1,34,5,104,40,832,1,10,107283,34,2684,3,0,0,53,NORMAL,0,0,1,1,4,0,0,9,41,1,53,0,0,0,0
111259,8,bully,3944,1,1,121,8,101,64,808,1,10,107315,121,2565,3,0,0,53,NORMAL,0,0,1,1,7,0,0,9,38,1,53,0,0,0,0
110975,3,bully,3566,1,1,118,3,105,24,840,1,10,107409,118,2474,3,0,0,53,NORMAL,0,0,1,1,2,0,0,8,43,1,53,0,0,0,0
110838,1,bully,3340,1,1,40,1,107,8,856,1,10,107498,40,2463,3,0,0,53,NORMAL,0,0,1,1,0,0,0,8,45,1,53,0,0,0,0
111531,2,bully,3990,1,1,110,2,107,16,856,1,10,107541,110,2349,3,0,0,53,NORMAL,0,0,1,1,1,0,0,9,44,1,53,0,0,0,0
111953,4,bully,3897,1,1,28,4,106,32,848,1,10,108056,28,1917,3,0,0,54,NORMAL,0,0,1,1,3,0,0,9,42,1,54,0,0,0,0
111696,6,bully,3340,1,1,37,6,103,48,824,1,10,108356,37,1608,3,0,0,54,NORMAL,0,0,1,1,5,0,0,8,40,1,54,0,0,0,0
120145,10,bully,4144,1,1,4001,69,45,552,360,1,10,116001,4001,0,2,1,58,0,LEADER,1,1,0,1,9,1,58,9,36,0,0,0,0,0,0
120281,7,bully,3400,1,1,30,7,107,56,856,1,10,116881,30,3090,3,0,0,58,NORMAL,0,0,1,1,6,0,0,9,39,1,58,0,0,0,0
120702,9,bully,3732,1,1,27,9,105,72,840,1,10,116970,27,3004,3,0,0,58,NORMAL,0,0,1,1,8,0,0,9,37,1,58,0,0,0,0
121396,5,bully,4113,1,1,34,5,109,40,872,1,10,117283,34,2684,3,0,0,58,NORMAL,0,0,1,1,4,0,0,9,41,1,58,0,0,0,0
121259,8,bully,3944,1,1,121,8,106,64,848,1,10,117315,121,2565,3,0,0,58,NORMAL,0,0,1,1,7,0,0,9,38,1,58,0,0,0,0
120975,3,bully,3566,1,1,118,3,110,24,880,1,10,117409,118,2474,3,0,0,58,NORMAL,0,0,1,1,2,0,0,8,43,1,58,0,0,0,0
120838,1,bully,3340,1,1,40,1,112,8,896,1,10,117498,40,2463,3,0,0,58,NORMAL,0,0,1,1,0,0,0,8,45,1,58,0,0,0,0
121531,2,bully,3990,1,1,110,2,112,16,896,1,10,117541,110,2349,3,0,0,58,NORMAL,0,0,1,1,1,0,0,9,44,1,58,0,0,0,0
121953,4,bully,3897,1,1,28,4,111,32,888,1,10,118056,28,1917,3,0,0,59,NORMAL,0,0,1,1,3,0,0,9,42,1,59,0,0,0,0
121696,6,bully,3340,1,1,37,6,108,48,864,1,10,118356,37,1608,3,0,0,59,NORMAL,0,0,1,1,5,0,0,8,40,1,59,0,0,0,0
130145,10,bully,4144,1,1,4001,74,45,592,360,1,10,126001,4001,0,2,1,63,0,LEADER,1,1,0,1,9,1,63,9,36,0,0,0,0,0,0
130281,7,bully,3400,1,1,30,7,112,56,896,1,10,126881,30,3090,3,0,0,63,NORMAL,0,0,1,1,6,0,0,9,39,1,63,0,0,0,0
130702,9,bully,3732,1,1,27,9,110,72,880,1,10,126970,27,3004,3,0,0,63,NORMAL,0,0,1,1,8,0,0,9,37,1,63,0,0,0,0
131396,5,bully,4113,1,1,34,5,114,40,912,1,10,127283,34,2684,3,0,0,63,NORMAL,0,0,1,1,4,0,0,9,41,1,63,0,0,0,0
131259,8,bully,3944,1,1,121,8,111,64,888,1,10,127315,121,2565,3,0,0,63,NORMAL,0,0,1,1,7,0,0,9,38,1,63,0,0,0,0
130975,3,bully,3566,1,1,118,3,115,24,920,1,10,127409,118,2474,3,0,0,63,NORMAL,0,0,1,1,2,0,0,8,43,1,63,0,0,0,0
130838,1,bully,3340,1,1,40,1,117,8,936,1,10,127498,40,2463,3,0,0,63,NORMAL,0,0,1,1,0,0,0,8,45,1,63,0,0,0,0
131531,2,bully,3990,1,1,110,2,117,16,936,1,10,127541,110,2349,3,0,0,63,NORMAL,0,0,1,1,1,0,0,9,44,1,63,0,0,0,0
131953,4,bully,3897,1,1,28,4,116,32,928,1,10,128056,28,1917,3,0,0,64,NORMAL,0,0,1,1,3,0,0,9,42,1,64,0,0,0,0
131696,6,bully,3340,1,1,37,6,113,48,904,1,10,128356,37,1608,3,0,0,64,NORMAL,0,0,1,1,5,0,0,8,40,1,64,0,0,0,0
140145,10,bully,4144,1,1,4001,79,45,632,360,1,10,136001,4001,0,2,1,68,0,LEADER,1,1,0,1,9,1,68,9,36,0,0,0,0,0,0
140281,7,bully,3400,1,1,30,7,117,56,936,1,10,136881,30,3090,3,0,0,68,NORMAL,0,0,1,1,6,0,0,9,39,1,68,0,0,0,0
140702,9,bully,3732,1,1,27,9,115,72,920,1,10,136970,27,3004,3,0,0,68,NORMAL,0,0,1,1,8,0,0,9,37,1,68,0,0,0,0
141396,5,bully,4113,1,1,34,5,119,40,952,1,10,137283,34,2684,3,0,0,68,NORMAL,0,0,1,1,4,0,0,9,41,1,68,0,0,0,0
141259,8,bully,3944,1,1,121,8,116,64,928,1,10,137315,121,2565,3,0,0,68,NORMAL,0,0,1,1,7,0,0,9,38,1,68,0,0,0,0
140975,3,bully,3566,1,1,118,3,120,24,960,1,10,137409,118,2474,3,0,0,68,NORMAL,0,0,1,1,2,0,0,8,43,1,68,0,0,0,0
140838,1,bully,3340,1,1,40,1,122,8,976,1,10,137498,40,2463,3,0,0,68,NORMAL,0,0,1,1,0,0,0,8,45,1,68,0,0,0,0
141531,2,bully,3990,1,1,110,2,122,16,976,1,10,137541,110,2349,3,0,0,68,NORMAL,0,0,1,1,1,0,0,9,44,1,68,0,0,0,0
141953,4,bully,3897,1,1,28,4,121,32,968,1,10,138056,28,1917,3,0,0,69,NORMAL,0,0,1,1,3,0,0,9,42,1,69,0,0,0,0
141696,6,bully,3340,1,1,37,6,118,48,944,1,10,138356,37,1608,3,0,0,69,NORMAL,0,0,1,1,5,0,0,8,40,1,69,0,0,0,0
150145,10,bully,4144,1,1,4001,84,45,672,360,1,10,146001,4001,0,2,1,73,0,LEADER,1,1,0,1,9,1,73,9,36,0,0,0,0,0,0
150281,7,bully,3400,1,1,30,7,122,56,976,1,10,146881,30,3090,3,0,0,73,NORMAL,0,0,1,1,6,0,0,9,39,1,73,0,0,0,0
150702,9,bully,3732,1,1,27,9,120,72,960,1,10,146970,27,3004,3,0,0,73,NORMAL,0,0,1,1,8,0,0,9,37,1,73,0,0,0,0
151396,5,bully,4113,1,1,34,5,124,40,992,1,10,147283,34,2684,3,0,0,73,NORMAL,0,0,1,1,4,0,0,9,41,1,73,0,0,0,0
151259,8,bully,3944,1,1,121,8,121,64,968,1,10,147315,121,2565,3,0,0,73,NORMAL,0,0,1,1,7,0,0,9,38,1,73,0,0,0,0
150975,3,bully,3566,1,1,118,3,125,24,1000,1,10,147409,118,2474,3,0,0,73,NORMAL,0,0,1,1,2,0,0,8,43,1,73,0,0,0,0
150838,1,bully,3340,1,1,40,1,127,8,1016,1,10,147498,40,2463,3,0,0,73,NORMAL,0,0,1,1,0,0,0,8,45,1,73,0,0,0,0
151531,2,bully,3990,1,1,110,2,127,16,1016,1,10,147541,110,2349,3,0,0,73,NORMAL,0,0,1,1,1,0,0,9,44,1,73,0,0,0,0
151953,4,bully,3897,1,1,28,4,126,32,1008,1,10,148056,28,1917,3,0,0,74,NORMAL,0,0,1,1,3,0,0,9,42,1,74,0,0,0,0
151696,6,bully,3340,1,1,37,6,123,48,984,1,10,148356,37,1608,3,0,0,74,NORMAL,0,0,1,1,5,0,0,8,40,1,74,0,0,0,0
160145,10,bully,4144,1,1,4001,89,45,712,360,1,10,156001,4001,0,2,1,78,0,LEADER,1,1,0,1,9,1,78,9,36,0,0,0,0,0,0
160281,7,bully,3400,1,1,30,7,127,56,1016,1,10,156881,30,3090,3,0,0,78,NORMAL,0,0,1,1,6,0,0,9,39,1,78,0,0,0,0
160702,9,bully,3732,1,1,27,9,125,72,1000,1,10,156970,27,3004,3,0,0,78,NORMAL,0,0,1,1,8,0,0,9,37,1,78,0,0,0,0
161396,5,bully,4113,1,1,34,5,129,40,1032,1,10,157283,34,2684,3,0,0,78,NORMAL,0,0,1,1,4,0,0,9,41,1,78,0,0,0,0
161259,8,bully,3944,1,1,121,8,126,64,1008,1,10,157315,121,2565,3,0,0,78,NORMAL,0,0,1,1,7,0,0,9,38,1,78,0,0,0,0
160975,3,bully,3566,1,1,118,3,130,24,1040,1,10,157409,118,2474,3,0,0,78,NORMAL,0,0,1,1,2,0,0,8,43,1,78,0,0,0,0
160838,1,bully,3340,1,1,40,1,132,8,1056,1,10,157498,40,2463,3,0,0,78,NORMAL,0,0,1,1,0,0,0,8,45,1,78,0,0,0,0
161531,2,bully,3990,1,1,110,2,132,16,1056,1,10,157541,110,2349,3,0,0,78,NORMAL,0,0,1,1,1,0,0,9,44,1,78,0,0,0,0
161953,4,bully,3897,1,1,28,4,131,32,1048,1,10,158056,28,1917,3,0,0,79,NORMAL,0,0,1,1,3,0,0,9,42,1,79,0,0,0,0
161696,6,bully,3340,1,1,37,6,128,48,1024,1,10,158356,37,1608,3,0,0,79,NORMAL,0,0,1,1,5,0,0,8,40,1,79,0,0,0,0
170145,10,bully,4144,1,1,4001,94,45,752,360,1,10,166001,4001,0,2,1,83,0,LEADER,1,1,0,1,9,1,83,9,36,0,0,0,0,0,0
170281,7,bully,3400,1,1,30,7,132,56,1056,1,10,166881,30,3090,3,0,0,83,NORMAL,0,0,1,1,6,0,0,9,39,1,83,0,0,0,0
170702,9,bully,3732,1,1,27,9,130,72,1040,1,10,166970,27,3004,3,0,0,83,NORMAL,0,0,1,1,8,0,0,9,37,1,83,0,0,0,0
171396,5,bully,4113,1,1,34,5,134,40,1072,1,10,167283,34,2684,3,0,0,83,NORMAL,0,0,1,1,4,0,0,9,41,1,83,0,0,0,0
171259,8,bully,3944,1,1,121,8,131,64,1048,1,10,167315,121,2565,3,0,0,83,NORMAL,0,0,1,1,7,0,0,9,38,1,83,0,0,0,0
170975,3,bully,3566,1,1,118,3,135,24,1080,1,10,167409,118,2474,3,0,0,83,NORMAL,0,0,1,1,2,0,0,8,43,1,83,0,0,0,0
170838,1,bully,3340,1,1,40,1,137,8,1096,1,10,167498,40,2463,3,0,0,83,NORMAL,0,0,1,1,0,0,0,8,45,1,83,0,0,0,0
171531,2,bully,3990,1,1,110,2,137,16,1096,1,10,167541,110,2349,3,0,0,83,NORMAL,0,0,1,1,1,0,0,9,44,1,83,0,0,0,0
171953,4,bully,3897,1,1,28,4,136,32,1088,1,10,168056,28,1917,3,0,0,84,NORMAL,0,0,1,1,3,0,0,9,42,1,84,0,0,0,0
171696,6,bully,3340,1,1,37,6,133,48,1064,1,10,168356,37,1608,3,0,0,84,NORMAL,0,0,1,1,5,0,0,8,40,1,84,0,0,0,0
180145,10,bully,4144,1,1,4001,99,45,792,360,1,10,176001,4001,0,2,1,88,0,LEADER,1,1,0,1,9,1,88,9,36,0,0,0,0,0,0
180281,7,bully,3400,1,1,30,7,137,56,1096,1,10,176881,30,3090,3,0,0,88,NORMAL,0,0,1,1,6,0,0,9,39,1,88,0,0,0,0
180702,9,bully,3732,1,1,27,9,135,72,1080,1,10,176970,27,3004,3,0,0,88,NORMAL,0,0,1,1,8,0,0,9,37,1,88,0,0,0,0
181396,5,bully,4113,1,1,34,5,139,40,1112,1,10,177283,34,2684,3,0,0,88,NORMAL,0,0,1,1,4,0,0,9,41,1,88,0,0,0,0
181259,8,bully,3944,1,1,121,8,136,64,1088,1,10,177315,121,2565,3,0,0,88,NORMAL,0,0,1,1,7,0,0,9,38,1,88,0,0,0,0
180975,3,bully,3566,1,1,118,3,140,24,1120,1,10,177409,118,2474,3,0,0,88,NORMAL,0,0,1,1,2,0,0,8,43,1,88,0,0,0,0
180838,1,bully,3340,1,1,40,1,142,8,1136,1,10,177498,40,2463,3,0,0,88,NORMAL,0,0,1,1,0,0,0,8,45,1,88,0,0,0,0
181531,2,bully,3990,1,1,110,2,142,16,1136,1,10,177541,110,2349,3,0,0,88,NORMAL,0,0,1,1,1,0,0,9,44,1,88,0,0,0,0
181953,4,bully,3897,1,1,28,4,141,32,1128,1,10,178056,28,1917,3,0,0,89,NORMAL,0,0,1,1,3,0,0,9,42,1,89,0,0,0,0
181696,6,bully,3340,1,1,37,6,138,48,1104,1,10,178356,37,1608,3,0,0,89,NORMAL,0,0,1,1,5,0,0,8,40,1,89,0,0,0,0
190145,10,bully,4144,1,1,4001,104,45,832,360,1,10,186001,4001,0,2,1,93,0,LEADER,1,1,0,1,9,1,93,9,36,0,0,0,0,0,0
190281,7,bully,3400,1,1,30,7,142,56,1136,1,10,186881,30,3090,3,0,0,93,NORMAL,0,0,1,1,6,0,0,9,39,1,93,0,0,0,0
190702,9,bully,3732,1,1,27,9,140,72,1120,1,10,186970,27,3004,3,0,0,93,NORMAL,0,0,1,1,8,0,0,9,37,1,93,0,0,0,0
191396,5,bully,4113,1,1,34,5,144,40,1152,1,10,187283,34,2684,3,0,0,93,NORMAL,0,0,1,1,4,0,0,9,41,1,93,0,0,0,0
191259,8,bully,3944,1,1,121,8,141,64,1128,1,10,187315,121,2565,3,0,0,93,NORMAL,0,0,1,1,7,0,0,9,38,1,93,0,0,0,0
190975,3,bully,3566,1,1,118,3,145,24,1160,1,10,187409,118,2474,3,0,0,93,NORMAL,0,0,1,1,2,0,0,8,43,1,93,0,0,0,0
190838,1,bully,3340,1,1,40,1,147,8,1176,1,10,187498,40,2463,3,0,0,93,NORMAL,0,0,1,1,0,0,0,8,45,1,93,0,0,0,0
191531,2,bully,3990,1,1,110,2,147,16,1176,1,10,187541,110,2349,3,0,0,93,NORMAL,0,0,1,1,1,0,0,9,44,1,93,0,0,0,0
191953,4,bully,3897,1,1,28,4,146,32,1168,1,10,188056,28,1917,3,0,0,94,NORMAL,0,0,1,1,3,0,0,9,42,1,94,0,0,0,0
191696,6,bully,3340,1,1,37,6,143,48,1144,1,10,188356,37,1608,3,0,0,94,NORMAL,0,0,1,1,5,0,0,8,40,1,94,0,0,0,0
200145,10,bully,4144,1,1,4001,109,45,872,360,1,10,196001,4001,0,2,1,98,0,LEADER,1,1,0,1,9,1,98,9,36,0,0,0,0,0,0
200281,7,bully,3400,1,1,30,7,147,56,1176,1,10,196881,30,3090,3,0,0,98,NORMAL,0,0,1,1,6,0,0,9,39,1,98,0,0,0,0
200702,9,bully,3732,1,1,27,9,145,72,1160,1,10,196970,27,3004,3,0,0,98,NORMAL,0,0,1,1,8,0,0,9,37,1,98,0,0,0,0
201396,5,bully,4113,1,1,34,5,149,40,1192,1,10,197283,34,2684,3,0,0,98,NORMAL,0,0,1,1,4,0,0,9,41,1,98,0,0,0,0
201259,8,bully,3944,1,1,121,8,146,64,1168,1,10,197315,121,2565,3,0,0,98,NORMAL,0,0,1,1,7,0,0,9,38,1,98,0,0,0,0
200975,3,bully,3566,1,1,118,3,150,24,1200,1,10,197409,118,2474,3,0,0,98,NORMAL,0,0,1,1,2,0,0,8,43,1,98,0,0,0,0
200838,1,bully,3340,1,1,40,1,152,8,1216,1,10,197498,40,2463,3,0,0,98,NORMAL,0,0,1,1,0,0,0,8,45,1,98,0,0,0,0
201531,2,bully,3990,1,1,110,2,152,16,1216,1,10,197541,110,2349,3,0,0,98,NORMAL,0,0,1,1,1,0,0,9,44,1,98,0,0,0,0
201953,4,bully,3897,1,1,28,4,151,32,1208,1,10,198056,28,1917,3,0,0,99,NORMAL,0,0,1,1,3,0,0,9,42,1,99,0,0,0,0
201696,6,bully,3340,1,1,37,6,148,48,1184,1,10,198356,37,1608,3,0,0,99,NORMAL,0,0,1,1,5,0,0,8,40,1,99,0,0,0,0
210145,10,bully,4144,1,1,4001,114,45,912,360,1,10,206001,4001,0,2,1,103,0,LEADER,1,1,0,1,9,1,103,9,36,0,0,0,0,0,0
210281,7,bully,3400,1,1,30,7,152,56,1216,1,10,206881,30,3090,3,0,0,103,NORMAL,0,0,1,1,6,0,0,9,39,1,103,0,0,0,0
210702,9,bully,3732,1,1,27,9,150,72,1200,1,10,206970,27,3004,3,0,0,103,NORMAL,0,0,1,1,8,0,0,9,37,1,103,0,0,0,0
211396,5,bully,4113,1,1,34,5,154,40,1232,1,10,207283,34,2684,3,0,0,103,NORMAL,0,0,1,1,4,0,0,9,41,1,103,0,0,0,0
211259,8,bully,3944,1,1,121,8,151,64,1208,1,10,207315,121,2565,3,0,0,103,NORMAL,0,0,1,1,7,0,0,9,38,1,103,0,0,0,0
210975,3,bully,3566,1,1,118,3,155,24,1240,1,10,207409,118,2474,3,0,0,103,NORMAL,0,0,1,1,2,0,0,8,43,1,103,0,0,0,0
210838,1,bully,3340,1,1,40,1,157,8,1256,1,10,207498,40,2463,3,0,0,103,NORMAL,0,0,1,1,0,0,0,8,45,1,103,0,0,0,0
211531,2,bully,3990,1,1,110,2,157,16,1256,1,10,207541,110,2349,3,0,0,103,NORMAL,0,0,1,1,1,0,0,9,44,1,103,0,0,0,0
211953,4,bully,3897,1,1,28,4,156,32,1248,1,10,208056,28,1917,3,0,0,104,NORMAL,0,0,1,1,3,0,0,9,42,1,104,0,0,0,0
211696,6,bully,3340,1,1,37,6,153,48,1224,1,10,208356,37,1608,3,0,0,104,NORMAL,0,0,1,1,5,0,0,8,40,1,104,0,0,0,0
220145,10,bully,4144,1,1,4001,119,45,952,360,1,10,216001,4001,0,2,1,108,0,LEADER,1,1,0,1,9,1,108,9,36,0,0,0,0,0,0
220281,7,bully,3400,1,1,30,7,157,56,1256,1,10,216881,30,3090,3,0,0,108,NORMAL,0,0,1,1,6,0,0,9,39,1,108,0,0,0,0
220702,9,bully,3732,1,1,27,9,155,72,1240,1,10,216970,27,3004,3,0,0,108,NORMAL,0,0,1,1,8,0,0,9,37,1,108,0,0,0,0
221396,5,bully,4113,1,1,34,5,159,40,1272,1,10,217283,34,2684,3,0,0,108,NORMAL,0,0,1,1,4,0,0,9,41,1,108,0,0,0,0
221259,8,bully,3944,1,1,121,8,156,64,1248,1,10,217315,121,2565,3,0,0,108,NORMAL,0,0,1,1,7,0,0,9,38,1,108,0,0,0,0
220975,3,bully,3566,1,1,118,3,160,24,1280,1,10,217409,118,2474,3,0,0,108,NORMAL,0,0,1,1,2,0,0,8,43,1,108,0,0,0,0
220838,1,bully,3340,1,1,40,1,162,8,1296,1,10,217498,40,2463,3,0,0,108,NORMAL,0,0,1,1,0,0,0,8,45,1,108,0,0,0,0
221531,2,bully,3990,1,1,110,2,162,16,1296,1,10,217541,110,2349,3,0,0,108,NORMAL,0,0,1,1,1,0,0,9,44,1,108,0,0,0,0
221953,4,bully,3897,1,1,28,4,161,32,1288,1,10,218056,28,1917,3,0,0,109,NORMAL,0,0,1,1,3,0,0,9,42,1,109,0,0,0,0
221696,6,bully,3340,1,1,37,6,158,48,1264,1,10,218356,37,1608,3,0,0,109,NORMAL,0,0,1,1,5,0,0,8,40,1,109,0,0,0,0
230145,10,bully,4144,1,1,4001,124,45,992,360,1,10,226001,4001,0,2,1,113,0,LEADER,1,1,0,1,9,1,113,9,36,0,0,0,0,0,0
230281,7,bully,3400,1,1,30,7,162,56,1296,1,10,226881,30,3090,3,0,0,113,NORMAL,0,0,1,1,6,0,0,9,39,1,113,0,0,0,0
230702,9,bully,3732,1,1,27,9,160,72,1280,1,10,226970,27,3004,3,0,0,113,NORMAL,0,0,1,1,8,0,0,9,37,1,113,0,0,0,0
231396,5,bully,4113,1,1,34,5,164,40,1312,1,10,227283,34,2684,3,0,0,113,NORMAL,0,0,1,1,4,0,0,9,41,1,113,0,0,0,0
231259,8,bully,3944,1,1,121,8,161,64,1288,1,10,227315,121,2565,3,0,0,113,NORMAL,0,0,1,1,7,0,0,9,38,1,113,0,0,0,0
230975,3,bully,3566,1,1,118,3,165,24,1320,1,10,227409,118,2474,3,0,0,113,NORMAL,0,0,1,1,2,0,0,8,43,1,113,0,0,0,0
230838,1,bully,3340,1,1,40,1,167,8,1336,1,10,227498,40,2463,3,0,0,113,NORMAL,0,0,1,1,0,0,0,8,45,1,113,0,0,0,0
231531,2,bully,3990,1,1,110,2,167,16,1336,1,10,227541,110,2349,3,0,0,113,NORMAL,0,0,1,1,1,0,0,9,44,1,113,0,0,0,0
231953,4,bully,3897,1,1,28,4,166,32,1328,1,10,228056,28,1917,3,0,0,114,NORMAL,0,0,1,1,3,0,0,9,42,1,114,0,0,0,0
231696,6,bully,3340,1,1,37,6,163,48,1304,1,10,228356,37,1608,3,0,0,114,NORMAL,0,0,1,1,5,0,0,8,40,1,114,0,0,0,0
240145,10,bully,4144,1,1,4001,129,45,1032,360,1,10,236001,4001,0,2,1,118,0,LEADER,1,1,0,1,9,1,118,9,36,0,0,0,0,0,0
240281,7,bully,3400,1,1,30,7,167,56,1336,1,10,236881,30,3090,3,0,0,118,NORMAL,0,0,1,1,6,0,0,9,39,1,118,0,0,0,0
240702,9,bully,3732,1,1,27,9,165,72,1320,1,10,236970,27,3004,3,0,0,118,NORMAL,0,0,1,1,8,0,0,9,37,1,118,0,0,0,0
241396,5,bully,4113,1,1,34,5,169,40,1352,1,10,237283,34,2684,3,0,0,118,NORMAL,0,0,1,1,4,0,0,9,41,1,118,0,0,0,0
241259,8,bully,3944,1,1,121,8,166,64,1328,1,10,237315,121,2565,3,0,0,118,NORMAL,0,0,1,1,7,0,0,9,38,1,118,0,0,0,0
240975,3,bully,3566,1,1,118,3,170,24,1360,1,10,237409,118,2474,3,0,0,118,NORMAL,0,0,1,1,2,0,0,8,43,1,118,0,0,0,0
240838,1,bully,3340,1,1,40,1,172,8,1376,1,10,237498,40,2463,3,0,0,118,NORMAL,0,0,1,1,0,0,0,8,45,1,118,0,0,0,0
241531,2,bully,3990,1,1,110,2,172,16,1376,1,10,237541,110,2349,3,0,0,118,NORMAL,0,0,1,1,1,0,0,9,44,1,118,0,0,0,0
241953,4,bully,3897,1,1,28,4,171,32,1368,1,10,238056,28,1917,3,0,0,119,NORMAL,0,0,1,1,3,0,0,9,42,1,119,0,0,0,0
241696,6,bully,3340,1,1,37,6,168,48,1344,1,10,238356,37,1608,3,0,0,119,NORMAL,0,0,1,1,5,0,0,8,40,1,119,0,0,0,0
250145,10,bully,4144,1,1,4001,134,45,1072,360,1,10,246001,4001,0,2,1,123,0,LEADER,1,1,0,1,9,1,123,9,36,0,0,0,0,0,0
250281,7,bully,3400,1,1,30,7,172,56,1376,1,10,246881,30,3090,3,0,0,123,NORMAL,0,0,1,1,6,0,0,9,39,1,123,0,0,0,0
250702,9,bully,3732,1,1,27,9,170,72,1360,1,10,246970,27,3004,3,0,0,123,NORMAL,0,0,1,1,8,0,0,9,37,1,123,0,0,0,0
251396,5,bully,4113,1,1,34,5,174,40,1392,1,10,247283,34,2684,3,0,0,123,NORMAL,0,0,1,1,4,0,0,9,41,1,123,0,0,0,0
251259,8,bully,3944,1,1,121,8,171,64,1368,1,10,247315,121,2565,3,0,0,123,NORMAL,0,0,1,1,7,0,0,9,38,1,123,0,0,0,0
250975,3,bully,3566,1,1,118,3,175,24,1400,1,10,247409,118,2474,3,0,0,123,NORMAL,0,0,1,1,2,0,0,8,43,1,123,0,0,0,0
250838,1,bully,3340,1,1,40,1,177,8,1416,1,10,247498,40,2463,3,0,0,123,NORMAL,0,0,1,1,0,0,0,8,45,1,123,0,0,0,0
251531,2,bully,3990,1,1,110,2,177,16,1416,1,10,247541,110,2349,3,0,0,123,NORMAL,0,0,1,1,1,0,0,9,44,1,123,0,0,0,0
251953,4,bully,3897,1,1,28,4,176,32,1408,1,10,248056,28,1917,3,0,0,124,NORMAL,0,0,1,1,3,0,0,9,42,1,124,0,0,0,0
251696,6,bully,3340,1,1,37,6,173,48,1384,1,10,248356,37,1608,3,0,0,124,NORMAL,0,0,1,1,5,0,0,8,40,1,124,0,0,0,0
260145,10,bully,4144,1,1,4001,139,45,1112,360,1,10,256001,4001,0,2,1,128,0,LEADER,1,1,0,1,9,1,128,9,36,0,0,0,0,0,0
260281,7,bully,3400,1,1,30,7,177,56,1416,1,10,256881,30,3090,3,0,0,128,NORMAL,0,0,1,1,6,0,0,9,39,1,128,0,0,0,0
260702,9,bully,3732,1,1,27,9,175,72,1400,1,10,256970,27,3004,3,0,0,128,NORMAL,0,0,1,1,8,0,0,9,37,1,128,0,0,0,0
261396,5,bully,4113,1,1,34,5,179,40,1432,1,10,257283,34,2684,3,0,0,128,NORMAL,0,0,1,1,4,0,0,9,41,1,128,0,0,0,0
261259,8,bully,3944,1,1,121,8,176,64,1408,1,10,257315,121,2565,3,0,0,128,NORMAL,0,0,1,1,7,0,0,9,38,1,128,0,0,0,0
260975,3,bully,3566,1,1,118,3,180,24,1440,1,10,257409,118,2474,3,0,0,128,NORMAL,0,0,1,1,2,0,0,8,43,1,128,0,0,0,0
260838,1,bully,3340,1,1,40,1,182,8,1456,1,10,257498,40,2463,3,0,0,128,NORMAL,0,0,1,1,0,0,0,8,45,1,128,0,0,0,0
261531,2,bully,3990,1,1,110,2,182,16,1456,1,10,257541,110,2349,3,0,0,128,NORMAL,0,0,1,1,1,0,0,9,44,1,128,0,0,0,0
261953,4,bully,3897,1,1,28,4,181,32,1448,1,10,258056,28,1917,3,0,0,129,NORMAL,0,0,1,1,3,0,0,9,42,1,129,0,0,0,0
261696,6,bully,3340,1,1,37,6,178,48,1424,1,10,258356,37,1608,3,0,0,129,NORMAL,0,0,1,1,5,0,0,8,40,1,129,0,0,0,0
270145,10,bully,4144,1,1,4001,144,45,1152,360,1,10,266001,4001,0,2,1,133,0,LEADER,1,1,0,1,9,1,133,9,36,0,0,0,0,0,0
270281,7,bully,3400,1,1,30,7,182,56,1456,1,10,266881,30,3090,3,0,0,133,NORMAL,0,0,1,1,6,0,0,9,39,1,133,0,0,0,0
270702,9,bully,3732,1,1,27,9,180,72,1440,1,10,266970,27,3004,3,0,0,133,NORMAL,0,0,1,1,8,0,0,9,37,1,133,0,0,0,0
271396,5,bully,4113,1,1,34,5,184,40,1472,1,10,267283,34,2684,3,0,0,133,NORMAL,0,0,1,1,4,0,0,9,41,1,133,0,0,0,0
271259,8,bully,3944,1,1,121,8,181,64,1448,1,10,267315,121,2565,3,0,0,133,NORMAL,0,0,1,1,7,0,0,9,38,1,133,0,0,0,0
270975,3,bully,3566,1,1,118,3,185,24,1480,1,10,267409,118,2474,3,0,0,133,NORMAL,0,0,1,1,2,0,0,8,43,1,133,0,0,0,0
270838,1,bully,3340,1,1,40,1,187,8,1496,1,10,267498,40,2463,3,0,0,133,NORMAL,0,0,1,1,0,0,0,8,45,1,133,0,0,0,0
271531,2,bully,3990,1,1,110,2,187,16,1496,1,10,267541,110,2349,3,0,0,133,NORMAL,0,0,1,1,1,0,0,9,44,1,133,0,0,0,0
271953,4,bully,3897,1,1,28,4,186,32,1488,1,10,268056,28,1917,3,0,0,134,NORMAL,0,0,1,1,3,0,0,9,42,1,134,0,0,0,0
271696,6,bully,3340,1,1,37,6,183,48,1464,1,10,268356,37,1608,3,0,0,134,NORMAL,0,0,1,1,5,0,0,8,40,1,134,0,0,0,0
280145,10,bully,4144,1,1,4001,149,45,1192,360,1,10,276001,4001,0,2,1,138,0,LEADER,1,1,0,1,9,1,138,9,36,0,0,0,0,0,0
280281,7,bully,3400,1,1,30,7,187,56,1496,1,10,276881,30,3090,3,0,0,138,NORMAL,0,0,1,1,6,0,0,9,39,1,138,0,0,0,0
280702,9,bully,3732,1,1,27,9,185,72,1480,1,10,276970,27,3004,3,0,0,138,NORMAL,0,0,1,1,8,0,0,9,37,1,138,0,0,0,0
281396,5,bully,4113,1,1,34,5,189,40,1512,1,10,277283,34,2684,3,0,0,138,NORMAL,0,0,1,1,4,0,0,9,41,1,138,0,0,0,0
281259,8,bully,3944,1,1,121,8,186,64,1488,1,10,277315,121,2565,3,0,0,138,NORMAL,0,0,1,1,7,0,0,9,38,1,138,0,0,0,0
280975,3,bully,3566,1,1,118,3,190,24,1520,1,10,277409,118,2474,3,0,0,138,NORMAL,0,0,1,1,2,0,0,8,43,1,138,0,0,0,0
280838,1,bully,3340,1,1,40,1,192,8,1536,1,10,277498,40,2463,3,0,0,138,NORMAL,0,0,1,1,0,0,0,8,45,1,138,0,0,0,0
281531,2,bully,3990,1,1,110,2,192,16,1536,1,10,277541,110,2349,3,0,0,138,NORMAL,0,0,1,1,1,0,0,9,44,1,138,0,0,0,0
281953,4,bully,3897,1,1,28,4,191,32,1528,1,10,278056,28,1917,3,0,0,139,NORMAL,0,0,1,1,3,0,0,9,42,1,139,0,0,0,0
281696,6,bully,3340,1,1,37,6,188,48,1504,1,10,278356,37,1608,3,0,0,139,NORMAL,0,0,1,1,5,0,0,8,40,1,139,0,0,0,0
290145,10,bully,4144,1,1,4001,154,45,1232,360,1,10,286001,4001,0,2,1,143,0,LEADER,1,1,0,1,9,1,143,9,36,0,0,0,0,0,0
290281,7,bully,3400,1,1,30,7,192,56,1536,1,10,286881,30,3090,3,0,0,143,NORMAL,0,0,1,1,6,0,0,9,39,1,143,0,0,0,0
290702,9,bully,3732,1,1,27,9,190,72,1520,1,10,286970,27,3004,3,0,0,143,NORMAL,0,0,1,1,8,0,0,9,37,1,143,0,0,0,0
291396,5,bully,4113,1,1,34,5,194,40,1552,1,10,287283,34,2684,3,0,0,143,NORMAL,0,0,1,1,4,0,0,9,41,1,143,0,0,0,0
291259,8,bully,3944,1,1,121,8,191,64,1528,1,10,287315,121,2565,3,0,0,143,NORMAL,0,0,1,1,7,0,0,9,38,1,143,0,0,0,0
290975,3,bully,3566,1,1,118,3,195,24,1560,1,10,287409,118,2474,3,0,0,143,NORMAL,0,0,1,1,2,0,0,8,43,1,143,0,0,0,0
290838,1,bully,3340,1,1,40,1,197,8,1576,1,10,287498,40,2463,3,0,0,143,NORMAL,0,0,1,1,0,0,0,8,45,1,143,0,0,0,0
291531,2,bully,3990,1,1,110,2,197,16,1576,1,10,287541,110,2349,3,0,0,143,NORMAL,0,0,1,1,1,0,0,9,44,1,143,0,0,0,0
291953,4,bully,3897,1,1,28,4,196,32,1568,1,10,288056,28,1917,3,0,0,144,NORMAL,0,0,1,1,3,0,0,9,42,1,144,0,0,0,0
291696,6,bully,3340,1,1,37,6,193,48,1544,1,10,288356,37,1608,3,0,0,144,NORMAL,0,0,1,1,5,0,0,8,40,1,144,0,0,0,0
