timestamp,node_id,algorithm,first_convergence_time_ms,elections_started,elections_completed,total_election_time_ms,messages_sent,messages_received,bytes_sent,bytes_received,leader_changes,current_leader,time_in_normal_ms,time_in_election_ms,time_in_waiting_ms,state_transitions,timeouts_detected,heartbeats_sent,heartbeats_received,current_state,am_leader,elections_won,elections_lost,msg_election_sent,msg_answer_sent,msg_coordinator_sent,msg_alive_sent,msg_election_recv,msg_answer_recv,msg_coordinator_recv,msg_alive_recv,duplicates_filtered,invalid_coordinators,coordinator_reannouncements,alive_adoptions
3228,1,bully,3228,1,1,3228,3,4,18,24,1,1,0,3228,0,2,0,0,0,LEADER,1,4,1,4,1,3,0,4,0,0,0,0,0,0,0
3534,5,bully,3534,1,1,3534,3,6,18,36,1,1,0,3534,0,2,0,0,0,NORMAL,0,3,2,4,2,3,0,6,0,0,0,0,0,0,0
3092,4,bully,3092,1,1,3092,3,5,18,30,1,1,0,3092,0,2,0,0,0,NORMAL,0,3,2,4,2,3,0,5,0,0,0,0,0,0,0
3671,2,bully,3671,1,1,3671,3,6,18,36,1,1,0,3671,0,2,0,0,0,NORMAL,0,3,2,4,2,3,0,6,0,0,0,0,0,0,0
3649,3,bully,3649,1,1,3649,3,8,18,48,1,1,0,3649,0,2,0,0,0,NORMAL,0,3,2,4,2,3,0,8,0,0,0,0,0,0,0
5531,1,bully,3228,1,1,3228,6,10,36,60,1,1,2303,3228,0,2,0,0,0,LEADER,1,4,1,7,1,6,0,10,0,0,0,0,0,0,0
5837,5,bully,3534,1,1,3534,6,12,36,72,1,1,2303,3534,0,2,0,0,0,NORMAL,0,3,1,7,2,6,0,12,0,0,0,0,0,0,0
5395,4,bully,3092,1,1,3092,6,11,36,66,1,1,2303,3092,0,2,0,0,0,NORMAL,0,3,1,7,2,6,0,11,0,0,0,0,0,0,0
5974,2,bully,3671,1,1,3671,6,12,36,72,1,1,2303,3671,0,2,0,0,0,NORMAL,0,3,1,7,2,6,0,12,0,0,0,0,0,0,0
5952,3,bully,3649,1,1,3649,6,14,36,84,1,1,2303,3649,0,2,0,0,0,NORMAL,0,3,1,7,2,6,0,14,0,0,0,0,0,0,0
7834,1,bully,3228,1,1,3228,9,16,54,96,1,1,4606,3228,0,2,0,0,0,LEADER,1,4,1,10,1,9,0,16,0,0,0,0,0,0,0
8140,5,bully,3534,1,1,3534,9,18,54,108,1,1,4606,3534,0,2,0,0,0,NORMAL,0,3,1,10,2,9,0,18,0,0,0,0,0,0,0
7698,4,bully,3092,1,1,3092,9,17,54,102,1,1,4606,3092,0,2,0,0,0,NORMAL,0,3,1,10,2,9,0,17,0,0,0,0,0,0,0
8277,2,bully,3671,1,1,3671,9,18,54,108,1,1,4606,3671,0,2,0,0,0,NORMAL,0,3,1,10,2,9,0,18,0,0,0,0,0,0,0
8255,3,bully,3649,1,1,3649,9,20,54,120,1,1,4606,3649,0,2,0,0,0,NORMAL,0,3,1,10,2,9,0,20,0,0,0,0,0,0,0
10137,1,bully,3228,1,2,13365,12,22,72,132,1,1,6909,3228,0,3,0,0,0,LEADER,1,4,1,4,2,12,0,22,0,0,0,0,0,0,0
10443,5,bully,3534,1,2,13977,12,24,72,144,1,1,6909,3534,0,3,0,0,0,NORMAL,0,3,2,4,4,12,0,24,0,0,0,0,0,0,0
10001,4,bully,3092,1,2,13093,12,23,72,138,1,1,6909,3092,0,3,0,0,0,NORMAL,0,3,2,4,4,12,0,23,0,0,0,0,0,0,0
10580,2,bully,3671,1,2,14251,12,24,72,144,1,1,6909,3671,0,3,0,0,0,NORMAL,0,3,2,3,5,12,0,24,0,0,0,0,0,0,0
10558,3,bully,3649,1,2,14207,12,26,72,156,1,1,6909,3649,0,3,0,0,0,NORMAL,0,3,2,3,5,12,0,26,0,0,0,0,0,0,0
12440,1,bully,3228,1,2,13365,15,28,90,168,1,1,9212,3228,0,3,0,0,0,LEADER,1,4,1,7,2,15,0,28,0,0,0,0,0,0,0
12746,5,bully,3534,1,2,13977,15,30,90,180,1,1,9212,3534,0,3,0,0,0,NORMAL,0,3,1,7,4,15,0,30,0,0,0,0,0,0,0
12304,4,bully,3092,1,2,13093,15,29,90,174,1,1,9212,3092,0,3,0,0,0,NORMAL,0,3,1,7,4,15,0,29,0,0,0,0,0,0,0
12883,2,bully,3671,1,2,14251,15,30,90,180,1,1,9212,3671,0,3,0,0,0,NORMAL,0,3,1,6,5,15,0,30,0,0,0,0,0,0,0
12861,3,bully,3649,1,2,14207,15,32,90,192,1,1,9212,3649,0,3,0,0,0,NORMAL,0,3,1,6,5,15,0,32,0,0,0,0,0,0,0
14743,1,bully,3228,1,2,13365,18,34,108,204,1,1,11515,3228,0,3,0,0,0,LEADER,1,4,1,10,2,18,0,34,0,0,0,0,0,0,0
15049,5,bully,3534,1,2,13977,18,36,108,216,1,1,11515,3534,0,3,0,0,0,NORMAL,0,3,1,10,4,18,0,36,0,0,0,0,0,0,0
14607,4,bully,3092,1,2,13093,18,35,108,210,1,1,11515,3092,0,3,0,0,0,NORMAL,0,3,1,10,4,18,0,35,0,0,0,0,0,0,0
15186,2,bully,3671,1,2,14251,18,36,108,216,1,1,11515,3671,0,3,0,0,0,NORMAL,0,3,1,9,5,18,0,36,0,0,0,0,0,0,0
15164,3,bully,3649,1,2,14207,18,38,108,228,1,1,11515,3649,0,3,0,0,0,NORMAL,0,3,1,9,5,18,0,38,0,0,0,0,0,0,0
17046,1,bully,3228,1,3,30411,21,40,126,240,1,1,13818,3228,0,4,0,0,0,LEADER,1,4,1,4,3,21,0,40,0,0,0,0,0,0,0
17352,5,bully,3534,1,3,31329,21,42,126,252,1,1,13818,3534,0,4,0,0,0,NORMAL,0,3,2,4,6,21,0,42,0,0,0,0,0,0,0
16910,4,bully,3092,1,3,30003,21,41,126,246,1,1,13818,3092,0,4,0,0,0,NORMAL,0,3,2,4,6,21,0,41,0,0,0,0,0,0,0
17489,2,bully,3671,1,3,31740,21,42,126,252,1,1,13818,3671,0,4,0,0,0,NORMAL,0,3,2,3,8,21,0,42,0,0,0,0,0,0,0
17467,3,bully,3649,1,3,31674,21,44,126,264,1,1,13818,3649,0,4,0,0,0,NORMAL,0,3,2,3,8,21,0,44,0,0,0,0,0,0,0
19349,1,bully,3228,1,3,30411,24,46,144,276,1,1,16121,3228,0,4,0,0,0,LEADER,1,4,1,7,3,24,0,46,0,0,0,0,0,0,0
19655,5,bully,3534,1,3,31329,24,48,144,288,1,1,16121,3534,0,4,0,0,0,NORMAL,0,3,1,7,6,24,0,48,0,0,0,0,0,0,0
19213,4,bully,3092,1,3,30003,24,47,144,282,1,1,16121,3092,0,4,0,0,0,NORMAL,0,3,1,7,6,24,0,47,0,0,0,0,0,0,0
19792,2,bully,3671,1,3,31740,24,48,144,288,1,1,16121,3671,0,4,0,0,0,NORMAL,0,3,1,6,8,24,0,48,0,0,0,0,0,0,0
19770,3,bully,3649,1,3,31674,24,50,144,300,1,1,16121,3649,0,4,0,0,0,NORMAL,0,3,1,6,8,24,0,50,0,0,0,0,0,0,0
21652,1,bully,3228,1,3,30411,27,52,162,312,1,1,18424,3228,0,4,0,0,0,LEADER,1,4,1,10,3,27,0,52,0,0,0,0,0,0,0
21958,5,bully,3534,1,3,31329,27,54,162,324,1,1,18424,3534,0,4,0,0,0,NORMAL,0,3,1,10,6,27,0,54,0,0,0,0,0,0,0
21516,4,bully,3092,1,3,30003,27,53,162,318,1,1,18424,3092,0,4,0,0,0,NORMAL,0,3,1,10,6,27,0,53,0,0,0,0,0,0,0
22095,2,bully,3671,1,3,31740,27,54,162,324,1,1,18424,3671,0,4,0,0,0,NORMAL,0,3,1,9,8,27,0,54,0,0,0,0,0,0,0
22073,3,bully,3649,1,3,31674,27,56,162,336,1,1,18424,3649,0,4,0,0,0,NORMAL,0,3,1,9,8,27,0,56,0,0,0,0,0,0,0
23955,1,bully,3228,1,4,54366,30,58,180,348,1,1,20727,3228,0,5,0,0,0,LEADER,1,4,1,4,4,30,0,58,0,0,0,0,0,0,0
24261,5,bully,3534,1,4,55590,30,60,180,360,1,1,20727,3534,0,5,0,0,0,NORMAL,0,3,2,4,8,30,0,60,0,0,0,0,0,0,0
23819,4,bully,3092,1,4,53822,30,59,180,354,1,1,20727,3092,0,5,0,0,0,NORMAL,0,3,2,4,8,30,0,59,0,0,0,0,0,0,0
24398,2,bully,3671,1,4,56138,30,60,180,360,1,1,20727,3671,0,5,0,0,0,NORMAL,0,3,2,3,11,30,0,60,0,0,0,0,0,0,0
24376,3,bully,3649,1,4,56050,30,62,180,372,1,1,20727,3649,0,5,0,0,0,NORMAL,0,3,2,3,11,30,0,62,0,0,0,0,0,0,0
26258,1,bully,3228,1,4,54366,33,64,198,384,1,1,23030,3228,0,5,0,0,0,LEADER,1,4,1,7,4,33,0,64,0,0,0,0,0,0,0
26564,5,bully,3534,1,4,55590,33,66,198,396,1,1,23030,3534,0,5,0,0,0,NORMAL,0,3,1,7,8,33,0,66,0,0,0,0,0,0,0
26122,4,bully,3092,1,4,53822,33,65,198,390,1,1,23030,3092,0,5,0,0,0,NORMAL,0,3,1,7,8,33,0,65,0,0,0,0,0,0,0
26701,2,bully,3671,1,4,56138,33,66,198,396,1,1,23030,3671,0,5,0,0,0,NORMAL,0,3,1,6,11,33,0,66,0,0,0,0,0,0,0
26679,3,bully,3649,1,4,56050,33,68,198,408,1,1,23030,3649,0,5,0,0,0,NORMAL,0,3,1,6,11,33,0,68,0,0,0,0,0,0,0
28561,1,bully,3228,1,4,54366,36,70,216,420,1,1,25333,3228,0,5,0,0,0,LEADER,1,4,1,10,4,36,0,70,0,0,0,0,0,0,0
28867,5,bully,3534,1,4,55590,36,72,216,432,1,1,25333,3534,0,5,0,0,0,NORMAL,0,3,1,10,8,36,0,72,0,0,0,0,0,0,0
28425,4,bully,3092,1,4,53822,36,71,216,426,1,1,25333,3092,0,5,0,0,0,NORMAL,0,3,1,10,8,36,0,71,0,0,0,0,0,0,0
29004,2,bully,3671,1,4,56138,36,72,216,432,1,1,25333,3671,0,5,0,0,0,NORMAL,0,3,1,9,11,36,0,72,0,0,0,0,0,0,0
28982,3,bully,3649,1,4,56050,36,74,216,444,1,1,25333,3649,0,5,0,0,0,NORMAL,0,3,1,9,11,36,0,74,0,0,0,0,0,0,0
30864,1,bully,3228,1,5,85230,39,76,234,456,1,1,27636,3228,0,6,0,0,0,LEADER,1,4,1,4,5,39,0,76,0,0,0,0,0,0,0
31170,5,bully,3534,1,5,86760,39,78,234,468,1,1,27636,3534,0,6,0,0,0,NORMAL,0,3,2,4,10,39,0,78,0,0,0,0,0,0,0
30728,4,bully,3092,1,5,84550,39,77,234,462,1,1,27636,3092,0,6,0,0,0,NORMAL,0,3,2,4,10,39,0,77,0,0,0,0,0,0,0
31307,2,bully,3671,1,5,87445,39,78,234,468,1,1,27636,3671,0,6,0,0,0,NORMAL,0,3,2,3,14,39,0,78,0,0,0,0,0,0,0
31285,3,bully,3649,1,5,87335,39,80,234,480,1,1,27636,3649,0,6,0,0,0,NORMAL,0,3,2,3,14,39,0,80,0,0,0,0,0,0,0
33167,1,bully,3228,1,5,85230,42,82,252,492,1,1,29939,3228,0,6,0,0,0,LEADER,1,4,1,7,5,42,0,82,0,0,0,0,0,0,0
33473,5,bully,3534,1,5,86760,42,84,252,504,1,1,29939,3534,0,6,0,0,0,NORMAL,0,3,1,7,10,42,0,84,0,0,0,0,0,0,0
33031,4,bully,3092,1,5,84550,42,83,252,498,1,1,29939,3092,0,6,0,0,0,NORMAL,0,3,1,7,10,42,0,83,0,0,0,0,0,0,0
33610,2,bully,3671,1,5,87445,42,84,252,504,1,1,29939,3671,0,6,0,0,0,NORMAL,0,3,1,6,14,42,0,84,0,0,0,0,0,0,0
33588,3,bully,3649,1,5,87335,42,86,252,516,1,1,29939,3649,0,6,0,0,0,NORMAL,0,3,1,6,14,42,0,86,0,0,0,0,0,0,0
35470,1,bully,3228,1,5,85230,45,88,270,528,1,1,32242,3228,0,6,0,0,0,LEADER,1,4,1,10,5,45,0,88,0,0,0,0,0,0,0
35776,5,bully,3534,1,5,86760,45,90,270,540,1,1,32242,3534,0,6,0,0,0,NORMAL,0,3,1,10,10,45,0,90,0,0,0,0,0,0,0
35334,4,bully,3092,1,5,84550,45,89,270,534,1,1,32242,3092,0,6,0,0,0,NORMAL,0,3,1,10,10,45,0,89,0,0,0,0,0,0,0
35913,2,bully,3671,1,5,87445,45,90,270,540,1,1,32242,3671,0,6,0,0,0,NORMAL,0,3,1,9,14,45,0,90,0,0,0,0,0,0,0
35891,3,bully,3649,1,5,87335,45,92,270,552,1,1,32242,3649,0,6,0,0,0,NORMAL,0,3,1,9,14,45,0,92,0,0,0,0,0,0,0
37773,1,bully,3228,1,6,123003,48,94,288,564,1,1,34545,3228,0,7,0,0,0,LEADER,1,4,1,4,6,48,0,94,0,0,0,0,0,0,0
38079,5,bully,3534,1,6,124839,48,96,288,576,1,1,34545,3534,0,7,0,0,0,NORMAL,0,3,2,4,12,48,0,96,0,0,0,0,0,0,0
37637,4,bully,3092,1,6,122187,48,95,288,570,1,1,34545,3092,0,7,0,0,0,NORMAL,0,3,2,4,12,48,0,95,0,0,0,0,0,0,0
38216,2,bully,3671,1,6,125661,48,96,288,576,1,1,34545,3671,0,7,0,0,0,NORMAL,0,3,2,3,17,48,0,96,0,0,0,0,0,0,0
38194,3,bully,3649,1,6,125529,48,98,288,588,1,1,34545,3649,0,7,0,0,0,NORMAL,0,3,2,3,17,48,0,98,0,0,0,0,0,0,0
40076,1,bully,3228,1,6,123003,51,100,306,600,1,1,36848,3228,0,7,0,0,0,LEADER,1,4,1,7,6,51,0,100,0,0,0,0,0,0,0
40382,5,bully,3534,1,6,124839,51,102,306,612,1,1,36848,3534,0,7,0,0,0,NORMAL,0,3,1,7,12,51,0,102,0,0,0,0,0,0,0
39940,4,bully,3092,1,6,122187,51,101,306,606,1,1,36848,3092,0,7,0,0,0,NORMAL,0,3,1,7,12,51,0,101,0,0,0,0,0,0,0
40519,2,bully,3671,1,6,125661,51,102,306,612,1,1,36848,3671,0,7,0,0,0,NORMAL,0,3,1,6,17,51,0,102,0,0,0,0,0,0,0
40497,3,bully,3649,1,6,125529,51,104,306,624,1,1,36848,3649,0,7,0,0,0,NORMAL,0,3,1,6,17,51,0,104,0,0,0,0,0,0,0
42379,1,bully,3228,1,6,123003,54,106,324,636,1,1,39151,3228,0,7,0,0,0,LEADER,1,4,1,10,6,54,0,106,0,0,0,0,0,0,0
42685,5,bully,3534,1,6,124839,54,108,324,648,1,1,39151,3534,0,7,0,0,0,NORMAL,0,3,1,10,12,54,0,108,0,0,0,0,0,0,0
42243,4,bully,3092,1,6,122187,54,107,324,642,1,1,39151,3092,0,7,0,0,0,NORMAL,0,3,1,10,12,54,0,107,0,0,0,0,0,0,0
42822,2,bully,3671,1,6,125661,54,108,324,648,1,1,39151,3671,0,7,0,0,0,NORMAL,0,3,1,9,17,54,0,108,0,0,0,0,0,0,0
42800,3,bully,3649,1,6,125529,54,110,324,660,1,1,39151,3649,0,7,0,0,0,NORMAL,0,3,1,9,17,54,0,110,0,0,0,0,0,0,0
44682,1,bully,3228,1,7,167685,57,112,342,672,1,1,41454,3228,0,8,0,0,0,LEADER,1,4,1,4,7,57,0,112,0,0,0,0,0,0,0
44988,5,bully,3534,1,7,169827,57,114,342,684,1,1,41454,3534,0,8,0,0,0,NORMAL,0,3,2,3,15,57,0,114,0,0,0,0,0,0,0
44546,4,bully,3092,1,7,166733,57,113,342,678,1,1,41454,3092,0,8,0,0,0,NORMAL,0,3,2,3,15,57,0,113,0,0,0,0,0,0,0
45125,2,bully,3671,1,7,170786,57,114,342,684,1,1,41454,3671,0,8,0,0,0,NORMAL,0,3,2,3,20,57,0,114,0,0,0,0,0,0,0
45103,3,bully,3649,1,7,170632,57,116,342,696,1,1,41454,3649,0,8,0,0,0,NORMAL,0,3,2,3,20,57,0,116,0,0,0,0,0,0,0
46985,1,bully,3228,1,7,167685,60,118,360,708,1,1,43757,3228,0,8,0,0,0,LEADER,1,4,1,7,7,60,0,118,0,0,0,0,0,0,0
47291,5,bully,3534,1,7,169827,60,120,360,720,1,1,43757,3534,0,8,0,0,0,NORMAL,0,3,1,6,15,60,0,120,0,0,0,0,0,0,0
46849,4,bully,3092,1,7,166733,60,119,360,714,1,1,43757,3092,0,8,0,0,0,NORMAL,0,3,1,6,15,60,0,119,0,0,0,0,0,0,0
47428,2,bully,3671,1,7,170786,60,120,360,720,1,1,43757,3671,0,8,0,0,0,NORMAL,0,3,1,6,20,60,0,120,0,0,0,0,0,0,0
47406,3,bully,3649,1,7,170632,60,122,360,732,1,1,43757,3649,0,8,0,0,0,NORMAL,0,3,1,6,20,60,0,122,0,0,0,0,0,0,0
49288,1,bully,3228,1,7,167685,63,124,378,744,1,1,46060,3228,0,8,0,0,0,LEADER,1,4,1,10,7,63,0,124,0,0,0,0,0,0,0
49594,5,bully,3534,1,7,169827,63,126,378,756,1,1,46060,3534,0,8,0,0,0,NORMAL,0,3,1,9,15,63,0,126,0,0,0,0,0,0,0
49152,4,bully,3092,1,7,166733,63,125,378,750,1,1,46060,3092,0,8,0,0,0,NORMAL,0,3,1,9,15,63,0,125,0,0,0,0,0,0,0
49731,2,bully,3671,1,7,170786,63,126,378,756,1,1,46060,3671,0,8,0,0,0,NORMAL,0,3,1,9,20,63,0,126,0,0,0,0,0,0,0
49709,3,bully,3649,1,7,170632,63,128,378,768,1,1,46060,3649,0,8,0,0,0,NORMAL,0,3,1,9,20,63,0,128,0,0,0,0,0,0,0
51591,1,bully,3228,1,8,219276,66,130,396,780,1,1,48363,3228,0,9,0,0,0,LEADER,1,4,1,4,8,66,0,130,0,0,0,0,0,0,0
51897,5,bully,3534,1,8,221724,66,132,396,792,1,1,48363,3534,0,9,0,0,0,NORMAL,0,3,2,4,17,66,0,132,0,0,0,0,0,0,0
51455,4,bully,3092,1,8,218188,66,131,396,786,1,1,48363,3092,0,9,0,0,0,NORMAL,0,3,2,4,17,66,0,131,0,0,0,0,0,0,0
52034,2,bully,3671,1,8,222820,66,132,396,792,1,1,48363,3671,0,9,0,0,0,NORMAL,0,3,2,3,23,66,0,132,0,0,0,0,0,0,0
52012,3,bully,3649,1,8,222644,66,134,396,804,1,1,48363,3649,0,9,0,0,0,NORMAL,0,3,2,3,23,66,0,134,0,0,0,0,0,0,0
53894,1,bully,3228,1,8,219276,69,136,414,816,1,1,50666,3228,0,9,0,0,0,LEADER,1,4,1,7,8,69,0,136,0,0,0,0,0,0,0
54200,5,bully,3534,1,8,221724,69,138,414,828,1,1,50666,3534,0,9,0,0,0,NORMAL,0,3,1,7,17,69,0,138,0,0,0,0,0,0,0
53758,4,bully,3092,1,8,218188,69,137,414,822,1,1,50666,3092,0,9,0,0,0,NORMAL,0,3,1,7,17,69,0,137,0,0,0,0,0,0,0
54337,2,bully,3671,1,8,222820,69,138,414,828,1,1,50666,3671,0,9,0,0,0,NORMAL,0,3,1,6,23,69,0,138,0,0,0,0,0,0,0
54315,3,bully,3649,1,8,222644,69,140,414,840,1,1,50666,3649,0,9,0,0,0,NORMAL,0,3,1,6,23,69,0,140,0,0,0,0,0,0,0
56197,1,bully,3228,1,8,219276,72,142,432,852,1,1,52969,3228,0,9,0,0,0,LEADER,1,4,1,10,8,72,0,142,0,0,0,0,0,0,0
56503,5,bully,3534,1,8,221724,72,144,432,864,1,1,52969,3534,0,9,0,0,0,NORMAL,0,3,1,10,17,72,0,144,0,0,0,0,0,0,0
56061,4,bully,3092,1,8,218188,72,143,432,858,1,1,52969,3092,0,9,0,0,0,NORMAL,0,3,1,10,17,72,0,143,0,0,0,0,0,0,0
56640,2,bully,3671,1,8,222820,72,144,432,864,1,1,52969,3671,0,9,0,0,0,NORMAL,0,3,1,9,23,72,0,144,0,0,0,0,0,0,0
56618,3,bully,3649,1,8,222644,72,146,432,876,1,1,52969,3649,0,9,0,0,0,NORMAL,0,3,1,9,23,72,0,146,0,0,0,0,0,0,0
58500,1,bully,3228,1,9,277776,75,148,450,888,1,1,55272,3228,0,10,0,0,0,LEADER,1,4,1,4,9,75,0,148,0,0,0,0,0,0,0
58806,5,bully,3534,1,9,280530,75,150,450,900,1,1,55272,3534,0,10,0,0,0,NORMAL,0,3,2,4,19,75,0,150,0,0,0,0,0,0,0
58364,4,bully,3092,1,9,276552,75,149,450,894,1,1,55272,3092,0,10,0,0,0,NORMAL,0,3,2,4,19,75,0,149,0,0,0,0,0,0,0
58943,2,bully,3671,1,9,281763,75,150,450,900,1,1,55272,3671,0,10,0,0,0,NORMAL,0,3,2,3,26,75,0,150,0,0,0,0,0,0,0
58921,3,bully,3649,1,9,281565,75,152,450,912,1,1,55272,3649,0,10,0,0,0,NORMAL,0,3,2,3,26,75,0,152,0,0,0,0,0,0,0
60803,1,bully,3228,1,9,277776,78,154,468,924,1,1,57575,3228,0,10,0,0,0,LEADER,1,4,1,7,9,78,0,154,0,0,0,0,0,0,0
61109,5,bully,3534,1,9,280530,78,156,468,936,1,1,57575,3534,0,10,0,0,0,NORMAL,0,3,1,7,19,78,0,156,0,0,0,0,0,0,0
60667,4,bully,3092,1,9,276552,78,155,468,930,1,1,57575,3092,0,10,0,0,0,NORMAL,0,3,1,7,19,78,0,155,0,0,0,0,0,0,0
61246,2,bully,3671,1,9,281763,78,156,468,936,1,1,57575,3671,0,10,0,0,0,NORMAL,0,3,1,6,26,78,0,156,0,0,0,0,0,0,0
61224,3,bully,3649,1,9,281565,78,158,468,948,1,1,57575,3649,0,10,0,0,0,NORMAL,0,3,1,6,26,78,0,158,0,0,0,0,0,0,0
63106,1,bully,3228,1,9,277776,81,160,486,960,1,1,59878,3228,0,10,0,0,0,LEADER,1,4,1,10,9,81,0,160,0,0,0,0,0,0,0
63412,5,bully,3534,1,9,280530,81,162,486,972,1,1,59878,3534,0,10,0,0,0,NORMAL,0,3,1,10,19,81,0,162,0,0,0,0,0,0,0
62970,4,bully,3092,1,9,276552,81,161,486,966,1,1,59878,3092,0,10,0,0,0,NORMAL,0,3,1,10,19,81,0,161,0,0,0,0,0,0,0
63549,2,bully,3671,1,9,281763,81,162,486,972,1,1,59878,3671,0,10,0,0,0,NORMAL,0,3,1,9,26,81,0,162,0,0,0,0,0,0,0
63527,3,bully,3649,1,9,281565,81,164,486,984,1,1,59878,3649,0,10,0,0,0,NORMAL,0,3,1,9,26,81,0,164,0,0,0,0,0,0,0
65409,1,bully,3228,1,10,343185,84,166,504,996,1,1,62181,3228,0,11,0,0,0,LEADER,1,4,1,4,10,84,0,166,0,0,0,0,0,0,0
65715,5,bully,3534,1,10,346245,84,168,504,1008,1,1,62181,3534,0,11,0,0,0,NORMAL,0,3,2,4,21,84,0,168,0,0,0,0,0,0,0
65273,4,bully,3092,1,10,341825,84,167,504,1002,1,1,62181,3092,0,11,0,0,0,NORMAL,0,3,2,4,21,84,0,167,0,0,0,0,0,0,0
65852,2,bully,3671,1,10,347615,84,168,504,1008,1,1,62181,3671,0,11,0,0,0,NORMAL,0,3,2,3,29,84,0,168,0,0,0,0,0,0,0
65830,3,bully,3649,1,10,347395,84,170,504,1020,1,1,62181,3649,0,11,0,0,0,NORMAL,0,3,2,3,29,84,0,170,0,0,0,0,0,0,0
67712,1,bully,3228,1,10,343185,87,172,522,1032,1,1,64484,3228,0,11,0,0,0,LEADER,1,4,1,7,10,87,0,172,0,0,0,0,0,0,0
68018,5,bully,3534,1,10,346245,87,174,522,1044,1,1,64484,3534,0,11,0,0,0,NORMAL,0,3,1,7,21,87,0,174,0,0,0,0,0,0,0
67576,4,bully,3092,1,10,341825,87,173,522,1038,1,1,64484,3092,0,11,0,0,0,NORMAL,0,3,1,7,21,87,0,173,0,0,0,0,0,0,0
68155,2,bully,3671,1,10,347615,87,174,522,1044,1,1,64484,3671,0,11,0,0,0,NORMAL,0,3,1,6,29,87,0,174,0,0,0,0,0,0,0
68133,3,bully,3649,1,10,347395,87,176,522,1056,1,1,64484,3649,0,11,0,0,0,NORMAL,0,3,1,6,29,87,0,176,0,0,0,0,0,0,0
70015,1,bully,3228,1,10,343185,90,178,540,1068,1,1,66787,3228,0,11,0,0,0,LEADER,1,4,1,10,10,90,0,178,0,0,0,0,0,0,0
70321,5,bully,3534,1,10,346245,90,180,540,1080,1,1,66787,3534,0,11,0,0,0,NORMAL,0,3,1,10,21,90,0,180,0,0,0,0,0,0,0
69879,4,bully,3092,1,10,341825,90,179,540,1074,1,1,66787,3092,0,11,0,0,0,NORMAL,0,3,1,10,21,90,0,179,0,0,0,0,0,0,0
70458,2,bully,3671,1,10,347615,90,180,540,1080,1,1,66787,3671,0,11,0,0,0,NORMAL,0,3,1,9,29,90,0,180,0,0,0,0,0,0,0
70436,3,bully,3649,1,10,347395,90,182,540,1092,1,1,66787,3649,0,11,0,0,0,NORMAL,0,3,1,9,29,90,0,182,0,0,0,0,0,0,0
72318,1,bully,3228,1,11,415503,93,184,558,1104,1,1,69090,3228,0,12,0,0,0,LEADER,1,4,1,4,11,93,0,184,0,0,0,0,0,0,0
72624,5,bully,3534,1,11,418869,93,186,558,1116,1,1,69090,3534,0,12,0,0,0,NORMAL,0,3,2,4,23,93,0,186,0,0,0,0,0,0,0
72182,4,bully,3092,1,11,414007,93,185,558,1110,1,1,69090,3092,0,12,0,0,0,NORMAL,0,3,2,4,23,93,0,185,0,0,0,0,0,0,0
72761,2,bully,3671,1,11,420376,93,186,558,1116,1,1,69090,3671,0,12,0,0,0,NORMAL,0,3,2,3,32,93,0,186,0,0,0,0,0,0,0
72739,3,bully,3649,1,11,420134,93,188,558,1128,1,1,69090,3649,0,12,0,0,0,NORMAL,0,3,2,3,32,93,0,188,0,0,0,0,0,0,0
74621,1,bully,3228,1,11,415503,96,190,576,1140,1,1,71393,3228,0,12,0,0,0,LEADER,1,4,1,7,11,96,0,190,0,0,0,0,0,0,0
74927,5,bully,3534,1,11,418869,96,192,576,1152,1,1,71393,3534,0,12,0,0,0,NORMAL,0,3,1,7,23,96,0,192,0,0,0,0,0,0,0
74485,4,bully,3092,1,11,414007,96,191,576,1146,1,1,71393,3092,0,12,0,0,0,NORMAL,0,3,1,7,23,96,0,191,0,0,0,0,0,0,0
75064,2,bully,3671,1,11,420376,96,192,576,1152,1,1,71393,3671,0,12,0,0,0,NORMAL,0,3,1,6,32,96,0,192,0,0,0,0,0,0,0
75042,3,bully,3649,1,11,420134,96,194,576,1164,1,1,71393,3649,0,12,0,0,0,NORMAL,0,3,1,6,32,96,0,194,0,0,0,0,0,0,0
76924,1,bully,3228,1,11,415503,99,196,594,1176,1,1,73696,3228,0,12,0,0,0,LEADER,1,4,1,10,11,99,0,196,0,0,0,0,0,0,0
77230,5,bully,3534,1,11,418869,99,198,594,1188,1,1,73696,3534,0,12,0,0,0,NORMAL,0,3,1,10,23,99,0,198,0,0,0,0,0,0,0
76788,4,bully,3092,1,11,414007,99,197,594,1182,1,1,73696,3092,0,12,0,0,0,NORMAL,0,3,1,10,23,99,0,197,0,0,0,0,0,0,0
77367,2,bully,3671,1,11,420376,99,198,594,1188,1,1,73696,3671,0,12,0,0,0,NORMAL,0,3,1,9,32,99,0,198,0,0,0,0,0,0,0
77345,3,bully,3649,1,11,420134,99,200,594,1200,1,1,73696,3649,0,12,0,0,0,NORMAL,0,3,1,9,32,99,0,200,0,0,0,0,0,0,0
79227,1,bully,3228,1,12,494730,102,202,612,1212,1,1,75999,3228,0,13,0,0,0,LEADER,1,4,1,4,12,102,0,202,0,0,0,0,0,0,0
79533,5,bully,3534,1,12,498402,102,204,612,1224,1,1,75999,3534,0,13,0,0,0,NORMAL,0,3,2,4,25,102,0,204,0,0,0,0,0,0,0
79091,4,bully,3092,1,12,493098,102,203,612,1218,1,1,75999,3092,0,13,0,0,0,NORMAL,0,3,2,4,25,102,0,203,0,0,0,0,0,0,0
79670,2,bully,3671,1,12,500046,102,204,612,1224,1,1,75999,3671,0,13,0,0,0,NORMAL,0,3,2,3,35,102,0,204,0,0,0,0,0,0,0
79648,3,bully,3649,1,12,499782,102,206,612,1236,1,1,75999,3649,0,13,0,0,0,NORMAL,0,3,2,3,35,102,0,206,0,0,0,0,0,0,0
81530,1,bully,3228,1,12,494730,105,208,630,1248,1,1,78302,3228,0,13,0,0,0,LEADER,1,4,1,7,12,105,0,208,0,0,0,0,0,0,0
81836,5,bully,3534,1,12,498402,105,210,630,1260,1,1,78302,3534,0,13,0,0,0,NORMAL,0,3,1,7,25,105,0,210,0,0,0,0,0,0,0
81394,4,bully,3092,1,12,493098,105,209,630,1254,1,1,78302,3092,0,13,0,0,0,NORMAL,0,3,1,7,25,105,0,209,0,0,0,0,0,0,0
81973,2,bully,3671,1,12,500046,105,210,630,1260,1,1,78302,3671,0,13,0,0,0,NORMAL,0,3,1,6,35,105,0,210,0,0,0,0,0,0,0
81951,3,bully,3649,1,12,499782,105,212,630,1272,1,1,78302,3649,0,13,0,0,0,NORMAL,0,3,1,6,35,105,0,212,0,0,0,0,0,0,0
83833,1,bully,3228,1,12,494730,108,214,648,1284,1,1,80605,3228,0,13,0,0,0,LEADER,1,4,1,10,12,108,0,214,0,0,0,0,0,0,0
84139,5,bully,3534,1,12,498402,108,216,648,1296,1,1,80605,3534,0,13,0,0,0,NORMAL,0,3,1,10,25,108,0,216,0,0,0,0,0,0,0
83697,4,bully,3092,1,12,493098,108,215,648,1290,1,1,80605,3092,0,13,0,0,0,NORMAL,0,3,1,10,25,108,0,215,0,0,0,0,0,0,0
84276,2,bully,3671,1,12,500046,108,216,648,1296,1,1,80605,3671,0,13,0,0,0,NORMAL,0,3,1,9,35,108,0,216,0,0,0,0,0,0,0
84254,3,bully,3649,1,12,499782,108,218,648,1308,1,1,80605,3649,0,13,0,0,0,NORMAL,0,3,1,9,35,108,0,218,0,0,0,0,0,0,0
86136,1,bully,3228,1,13,580866,111,220,666,1320,1,1,82908,3228,0,14,0,0,0,LEADER,1,4,1,4,13,111,0,220,0,0,0,0,0,0,0
86442,5,bully,3534,1,13,584844,111,222,666,1332,1,1,82908,3534,0,14,0,0,0,NORMAL,0,3,2,4,27,111,0,222,0,0,0,0,0,0,0
86000,4,bully,3092,1,13,579098,111,221,666,1326,1,1,82908,3092,0,14,0,0,0,NORMAL,0,3,2,4,27,111,0,221,0,0,0,0,0,0,0
86579,2,bully,3671,1,13,586625,111,222,666,1332,1,1,82908,3671,0,14,0,0,0,NORMAL,0,3,2,3,38,111,0,222,0,0,0,0,0,0,0
86557,3,bully,3649,1,13,586339,111,224,666,1344,1,1,82908,3649,0,14,0,0,0,NORMAL,0,3,2,3,38,111,0,224,0,0,0,0,0,0,0
88439,1,bully,3228,1,13,580866,114,226,684,1356,1,1,85211,3228,0,14,0,0,0,LEADER,1,4,1,7,13,114,0,226,0,0,0,0,0,0,0
88745,5,bully,3534,1,13,584844,114,228,684,1368,1,1,85211,3534,0,14,0,0,0,NORMAL,0,3,1,7,27,114,0,228,0,0,0,0,0,0,0
88303,4,bully,3092,1,13,579098,114,227,684,1362,1,1,85211,3092,0,14,0,0,0,NORMAL,0,3,1,7,27,114,0,227,0,0,0,0,0,0,0
88882,2,bully,3671,1,13,586625,114,228,684,1368,1,1,85211,3671,0,14,0,0,0,NORMAL,0,3,1,6,38,114,0,228,0,0,0,0,0,0,0
88860,3,bully,3649,1,13,586339,114,230,684,1380,1,1,85211,3649,0,14,0,0,0,NORMAL,0,3,1,6,38,114,0,230,0,0,0,0,0,0,0
90742,1,bully,3228,1,13,580866,117,232,702,1392,1,1,87514,3228,0,14,0,0,0,LEADER,1,4,1,10,13,117,0,232,0,0,0,0,0,0,0
91048,5,bully,3534,1,13,584844,117,234,702,1404,1,1,87514,3534,0,14,0,0,0,NORMAL,0,3,1,10,27,117,0,234,0,0,0,0,0,0,0
90606,4,bully,3092,1,13,579098,117,233,702,1398,1,1,87514,3092,0,14,0,0,0,NORMAL,0,3,1,10,27,117,0,233,0,0,0,0,0,0,0
91185,2,bully,3671,1,13,586625,117,234,702,1404,1,1,87514,3671,0,14,0,0,0,NORMAL,0,3,1,9,38,117,0,234,0,0,0,0,0,0,0
91163,3,bully,3649,1,13,586339,117,236,702,1416,1,1,87514,3649,0,14,0,0,0,NORMAL,0,3,1,9,38,117,0,236,0,0,0,0,0,0,0
93045,1,bully,3228,1,14,673911,120,238,720,1428,1,1,89817,3228,0,15,0,0,0,LEADER,1,4,1,4,14,120,0,238,0,0,0,0,0,0,0
93351,5,bully,3534,1,14,678195,120,240,720,1440,1,1,89817,3534,0,15,0,0,0,NORMAL,0,3,2,4,29,120,0,240,0,0,0,0,0,0,0
92909,4,bully,3092,1,14,672007,120,239,720,1434,1,1,89817,3092,0,15,0,0,0,NORMAL,0,3,2,4,29,120,0,239,0,0,0,0,0,0,0
93488,2,bully,3671,1,14,680113,120,240,720,1440,1,1,89817,3671,0,15,0,0,0,NORMAL,0,3,2,3,41,120,0,240,0,0,0,0,0,0,0
93466,3,bully,3649,1,14,679805,120,242,720,1452,1,1,89817,3649,0,15,0,0,0,NORMAL,0,3,2,3,41,120,0,242,0,0,0,0,0,0,0
95348,1,bully,3228,1,14,673911,123,244,738,1464,1,1,92120,3228,0,15,0,0,0,LEADER,1,4,1,7,14,123,0,244,0,0,0,0,0,0,0
95654,5,bully,3534,1,14,678195,123,246,738,1476,1,1,92120,3534,0,15,0,0,0,NORMAL,0,3,1,7,29,123,0,246,0,0,0,0,0,0,0
95212,4,bully,3092,1,14,672007,123,245,738,1470,1,1,92120,3092,0,15,0,0,0,NORMAL,0,3,1,7,29,123,0,245,0,0,0,0,0,0,0
95791,2,bully,3671,1,14,680113,123,246,738,1476,1,1,92120,3671,0,15,0,0,0,NORMAL,0,3,1,6,41,123,0,246,0,0,0,0,0,0,0
95769,3,bully,3649,1,14,679805,123,248,738,1488,1,1,92120,3649,0,15,0,0,0,NORMAL,0,3,1,6,41,123,0,248,0,0,0,0,0,0,0
97651,1,bully,3228,1,14,673911,126,250,756,1500,1,1,94423,3228,0,15,0,0,0,LEADER,1,4,1,10,14,126,0,250,0,0,0,0,0,0,0
97957,5,bully,3534,1,14,678195,126,252,756,1512,1,1,94423,3534,0,15,0,0,0,NORMAL,0,3,1,10,29,126,0,252,0,0,0,0,0,0,0
97515,4,bully,3092,1,14,672007,126,251,756,1506,1,1,94423,3092,0,15,0,0,0,NORMAL,0,3,1,10,29,126,0,251,0,0,0,0,0,0,0
98094,2,bully,3671,1,14,680113,126,252,756,1512,1,1,94423,3671,0,15,0,0,0,NORMAL,0,3,1,9,41,126,0,252,0,0,0,0,0,0,0
98072,3,bully,3649,1,14,679805,126,254,756,1524,1,1,94423,3649,0,15,0,0,0,NORMAL,0,3,1,9,41,126,0,254,0,0,0,0,0,0,0
99954,1,bully,3228,1,15,773865,129,256,774,1536,1,1,96726,3228,0,16,0,0,0,LEADER,1,4,1,4,15,129,0,256,0,0,0,0,0,0,0
100260,5,bully,3534,1,15,778455,129,258,774,1548,1,1,96726,3534,0,16,0,0,0,NORMAL,0,3,2,4,31,129,0,258,0,0,0,0,0,0,0
99818,4,bully,3092,1,15,771825,129,257,774,1542,1,1,96726,3092,0,16,0,0,0,NORMAL,0,3,2,4,31,129,0,257,0,0,0,0,0,0,0
100397,2,bully,3671,1,15,780510,129,258,774,1548,1,1,96726,3671,0,16,0,0,0,NORMAL,0,3,2,3,44,129,0,258,0,0,0,0,0,0,0
100375,3,bully,3649,1,15,780180,129,260,774,1560,1,1,96726,3649,0,16,0,0,0,NORMAL,0,3,2,3,44,129,0,260,0,0,0,0,0,0,0
102257,1,bully,3228,1,15,773865,132,262,792,1572,1,1,99029,3228,0,16,0,0,0,LEADER,1,4,1,7,15,132,0,262,0,0,0,0,0,0,0
102563,5,bully,3534,1,15,778455,132,264,792,1584,1,1,99029,3534,0,16,0,0,0,NORMAL,0,3,1,7,31,132,0,264,0,0,0,0,0,0,0
102121,4,bully,3092,1,15,771825,132,263,792,1578,1,1,99029,3092,0,16,0,0,0,NORMAL,0,3,1,7,31,132,0,263,0,0,0,0,0,0,0
102700,2,bully,3671,1,15,780510,132,264,792,1584,1,1,99029,3671,0,16,0,0,0,NORMAL,0,3,1,6,44,132,0,264,0,0,0,0,0,0,0
102678,3,bully,3649,1,15,780180,132,266,792,1596,1,1,99029,3649,0,16,0,0,0,NORMAL,0,3,1,6,44,132,0,266,0,0,0,0,0,0,0
104560,1,bully,3228,1,15,773865,135,268,810,1608,1,1,101332,3228,0,16,0,0,0,LEADER,1,4,1,10,15,135,0,268,0,0,0,0,0,0,0
104866,5,bully,3534,1,15,778455,135,270,810,1620,1,1,101332,3534,0,16,0,0,0,NORMAL,0,3,1,10,31,135,0,270,0,0,0,0,0,0,0
104424,4,bully,3092,1,15,771825,135,269,810,1614,1,1,101332,3092,0,16,0,0,0,NORMAL,0,3,1,10,31,135,0,269,0,0,0,0,0,0,0
105003,2,bully,3671,1,15,780510,135,270,810,1620,1,1,101332,3671,0,16,0,0,0,NORMAL,0,3,1,9,44,135,0,270,0,0,0,0,0,0,0
104981,3,bully,3649,1,15,780180,135,272,810,1632,1,1,101332,3649,0,16,0,0,0,NORMAL,0,3,1,9,44,135,0,272,0,0,0,0,0,0,0
106863,1,bully,3228,1,16,880728,138,274,828,1644,1,1,103635,3228,0,17,0,0,0,LEADER,1,4,1,4,16,138,0,274,0,0,0,0,0,0,0
107169,5,bully,3534,1,16,885624,138,276,828,1656,1,1,103635,3534,0,17,0,0,0,NORMAL,0,3,2,4,33,138,0,276,0,0,0,0,0,0,0
106727,4,bully,3092,1,16,878552,138,275,828,1650,1,1,103635,3092,0,17,0,0,0,NORMAL,0,3,2,4,33,138,0,275,0,0,0,0,0,0,0
107306,2,bully,3671,1,16,887816,138,276,828,1656,1,1,103635,3671,0,17,0,0,0,NORMAL,0,3,2,3,47,138,0,276,0,0,0,0,0,0,0
107284,3,bully,3649,1,16,887464,138,278,828,1668,1,1,103635,3649,0,17,0,0,0,NORMAL,0,3,2,3,47,138,0,278,0,0,0,0,0,0,0
109166,1,bully,3228,1,16,880728,141,280,846,1680,1,1,105938,3228,0,17,0,0,0,LEADER,1,4,1,7,16,141,0,280,0,0,0,0,0,0,0
109472,5,bully,3534,1,16,885624,141,282,846,1692,1,1,105938,3534,0,17,0,0,0,NORMAL,0,3,1,7,33,141,0,282,0,0,0,0,0,0,0
109030,4,bully,3092,1,16,878552,141,281,846,1686,1,1,105938,3092,0,17,0,0,0,NORMAL,0,3,1,7,33,141,0,281,0,0,0,0,0,0,0
109609,2,bully,3671,1,16,887816,141,282,846,1692,1,1,105938,3671,0,17,0,0,0,NORMAL,0,3,1,6,47,141,0,282,0,0,0,0,0,0,0
109587,3,bully,3649,1,16,887464,141,284,846,1704,1,1,105938,3649,0,17,0,0,0,NORMAL,0,3,1,6,47,141,0,284,0,0,0,0,0,0,0
111469,1,bully,3228,1,16,880728,144,286,864,1716,1,1,108241,3228,0,17,0,0,0,LEADER,1,4,1,10,16,144,0,286,0,0,0,0,0,0,0
111775,5,bully,3534,1,16,885624,144,288,864,1728,1,1,108241,3534,0,17,0,0,0,NORMAL,0,3,1,10,33,144,0,288,0,0,0,0,0,0,0
111333,4,bully,3092,1,16,878552,144,287,864,1722,1,1,108241,3092,0,17,0,0,0,NORMAL,0,3,1,10,33,144,0,287,0,0,0,0,0,0,0
111912,2,bully,3671,1,16,887816,144,288,864,1728,1,1,108241,3671,0,17,0,0,0,NORMAL,0,3,1,9,47,144,0,288,0,0,0,0,0,0,0
111890,3,bully,3649,1,16,887464,144,290,864,1740,1,1,108241,3649,0,17,0,0,0,NORMAL,0,3,1,9,47,144,0,290,0,0,0,0,0,0,0
113772,1,bully,3228,1,17,994500,147,292,882,1752,1,1,110544,3228,0,18,0,0,0,LEADER,1,4,1,4,17,147,0,292,0,0,0,0,0,0,0
114078,5,bully,3534,1,17,999702,147,294,882,1764,1,1,110544,3534,0,18,0,0,0,NORMAL,0,3,2,4,35,147,0,294,0,0,0,0,0,0,0
113636,4,bully,3092,1,17,992188,147,293,882,1758,1,1,110544,3092,0,18,0,0,0,NORMAL,0,3,2,4,35,147,0,293,0,0,0,0,0,0,0
114215,2,bully,3671,1,17,1002031,147,294,882,1764,1,1,110544,3671,0,18,0,0,0,NORMAL,0,3,2,3,50,147,0,294,0,0,0,0,0,0,0
114193,3,bully,3649,1,17,1001657,147,296,882,1776,1,1,110544,3649,0,18,0,0,0,NORMAL,0,3,2,3,50,147,0,296,0,0,0,0,0,0,0
116075,1,bully,3228,1,17,994500,150,298,900,1788,1,1,112847,3228,0,18,0,0,0,LEADER,1,4,1,7,17,150,0,298,0,0,0,0,0,0,0
116381,5,bully,3534,1,17,999702,150,300,900,1800,1,1,112847,3534,0,18,0,0,0,NORMAL,0,3,1,7,35,150,0,300,0,0,0,0,0,0,0
115939,4,bully,3092,1,17,992188,150,299,900,1794,1,1,112847,3092,0,18,0,0,0,NORMAL,0,3,1,7,35,150,0,299,0,0,0,0,0,0,0
116518,2,bully,3671,1,17,1002031,150,300,900,1800,1,1,112847,3671,0,18,0,0,0,NORMAL,0,3,1,6,50,150,0,300,0,0,0,0,0,0,0
116496,3,bully,3649,1,17,1001657,150,302,900,1812,1,1,112847,3649,0,18,0,0,0,NORMAL,0,3,1,6,50,150,0,302,0,0,0,0,0,0,0
118378,1,bully,3228,1,17,994500,153,304,918,1824,1,1,115150,3228,0,18,0,0,0,LEADER,1,4,1,10,17,153,0,304,0,0,0,0,0,0,0
118683,5,bully,3534,1,17,999702,153,306,918,1836,1,1,115149,3534,0,18,0,0,0,NORMAL,0,3,1,10,35,153,0,306,0,0,0,0,0,0,0
118242,4,bully,3092,1,17,992188,153,305,918,1830,1,1,115150,3092,0,18,0,0,0,NORMAL,0,3,1,10,35,153,0,305,0,0,0,0,0,0,0
118821,2,bully,3671,1,17,1002031,153,306,918,1836,1,1,115150,3671,0,18,0,0,0,NORMAL,0,3,1,9,50,153,0,306,0,0,0,0,0,0,0
118799,3,bully,3649,1,17,1001657,153,308,918,1848,1,1,115150,3649,0,18,0,0,0,NORMAL,0,3,1,9,50,153,0,308,0,0,0,0,0,0,0
120681,1,bully,3228,1,18,1115181,156,310,936,1860,1,1,117453,3228,0,19,0,0,0,LEADER,1,4,1,4,18,156,0,310,0,0,0,0,0,0,0
120986,5,bully,3534,1,18,1120688,156,312,936,1872,1,1,117452,3534,0,19,0,0,0,NORMAL,0,3,2,3,38,156,0,312,0,0,0,0,0,0,0
120545,4,bully,3092,1,18,1112733,156,311,936,1866,1,1,117453,3092,0,19,0,0,0,NORMAL,0,3,2,3,38,156,0,311,0,0,0,0,0,0,0
121124,2,bully,3671,1,18,1123155,156,312,936,1872,1,1,117453,3671,0,19,0,0,0,NORMAL,0,3,2,3,53,156,0,312,0,0,0,0,0,0,0
121102,3,bully,3649,1,18,1122759,156,314,936,1884,1,1,117453,3649,0,19,0,0,0,NORMAL,0,3,2,3,53,156,0,314,0,0,0,0,0,0,0
122984,1,bully,3228,1,18,1115181,159,316,954,1896,1,1,119756,3228,0,19,0,0,0,LEADER,1,4,1,7,18,159,0,316,0,0,0,0,0,0,0
123289,5,bully,3534,1,18,1120688,159,318,954,1908,1,1,119755,3534,0,19,0,0,0,NORMAL,0,3,1,6,38,159,0,318,0,0,0,0,0,0,0
122848,4,bully,3092,1,18,1112733,159,317,954,1902,1,1,119756,3092,0,19,0,0,0,NORMAL,0,3,1,6,38,159,0,317,0,0,0,0,0,0,0
123427,2,bully,3671,1,18,1123155,159,318,954,1908,1,1,119756,3671,0,19,0,0,0,NORMAL,0,3,1,6,53,159,0,318,0,0,0,0,0,0,0
123405,3,bully,3649,1,18,1122759,159,320,954,1920,1,1,119756,3649,0,19,0,0,0,NORMAL,0,3,1,6,53,159,0,320,0,0,0,0,0,0,0
125287,1,bully,3228,1,18,1115181,162,322,972,1932,1,1,122059,3228,0,19,0,0,0,LEADER,1,4,1,10,18,162,0,322,0,0,0,0,0,0,0
125592,5,bully,3534,1,18,1120688,162,324,972,1944,1,1,122058,3534,0,19,0,0,0,NORMAL,0,3,1,9,38,162,0,324,0,0,0,0,0,0,0
125151,4,bully,3092,1,18,1112733,162,323,972,1938,1,1,122059,3092,0,19,0,0,0,NORMAL,0,3,1,9,38,162,0,323,0,0,0,0,0,0,0
125730,2,bully,3671,1,18,1123155,162,324,972,1944,1,1,122059,3671,0,19,0,0,0,NORMAL,0,3,1,9,53,162,0,324,0,0,0,0,0,0,0
125708,3,bully,3649,1,18,1122759,162,326,972,1956,1,1,122059,3649,0,19,0,0,0,NORMAL,0,3,1,9,53,162,0,326,0,0,0,0,0,0,0
127590,1,bully,3228,1,19,1242771,165,328,990,1968,1,1,124362,3228,0,20,0,0,0,LEADER,1,4,1,4,19,165,0,328,0,0,0,0,0,0,0
127895,5,bully,3534,1,19,1248583,165,330,990,1980,1,1,124361,3534,0,20,0,0,0,NORMAL,0,3,2,4,40,165,0,330,0,0,0,0,0,0,0
127454,4,bully,3092,1,19,1240187,165,329,990,1974,1,1,124362,3092,0,20,0,0,0,NORMAL,0,3,2,4,40,165,0,329,0,0,0,0,0,0,0
128033,2,bully,3671,1,19,1251188,165,330,990,1980,1,1,124362,3671,0,20,0,0,0,NORMAL,0,3,2,3,56,165,0,330,0,0,0,0,0,0,0
128011,3,bully,3649,1,19,1250770,165,332,990,1992,1,1,124362,3649,0,20,0,0,0,NORMAL,0,3,2,3,56,165,0,332,0,0,0,0,0,0,0
129893,1,bully,3228,1,19,1242771,168,334,1008,2004,1,1,126665,3228,0,20,0,0,0,LEADER,1,4,1,7,19,168,0,334,0,0,0,0,0,0,0
130198,5,bully,3534,1,19,1248583,168,336,1008,2016,1,1,126664,3534,0,20,0,0,0,NORMAL,0,3,1,7,40,168,0,336,0,0,0,0,0,0,0
129757,4,bully,3092,1,19,1240187,168,335,1008,2010,1,1,126665,3092,0,20,0,0,0,NORMAL,0,3,1,7,40,168,0,335,0,0,0,0,0,0,0
130336,2,bully,3671,1,19,1251188,168,336,1008,2016,1,1,126665,3671,0,20,0,0,0,NORMAL,0,3,1,6,56,168,0,336,0,0,0,0,0,0,0
130314,3,bully,3649,1,19,1250770,168,338,1008,2028,1,1,126665,3649,0,20,0,0,0,NORMAL,0,3,1,6,56,168,0,338,0,0,0,0,0,0,0
132196,1,bully,3228,1,19,1242771,171,340,1026,2040,1,1,128968,3228,0,20,0,0,0,LEADER,1,4,1,10,19,171,0,340,0,0,0,0,0,0,0
132501,5,bully,3534,1,19,1248583,171,342,1026,2052,1,1,128967,3534,0,20,0,0,0,NORMAL,0,3,1,10,40,171,0,342,0,0,0,0,0,0,0
132060,4,bully,3092,1,19,1240187,171,341,1026,2046,1,1,128968,3092,0,20,0,0,0,NORMAL,0,3,1,10,40,171,0,341,0,0,0,0,0,0,0
132639,2,bully,3671,1,19,1251188,171,342,1026,2052,1,1,128968,3671,0,20,0,0,0,NORMAL,0,3,1,9,56,171,0,342,0,0,0,0,0,0,0
132617,3,bully,3649,1,19,1250770,171,344,1026,2064,1,1,128968,3649,0,20,0,0,0,NORMAL,0,3,1,9,56,171,0,344,0,0,0,0,0,0,0
134499,1,bully,3228,1,20,1377270,174,346,1044,2076,1,1,131271,3228,0,21,0,0,0,LEADER,1,4,1,4,20,174,0,346,0,0,0,0,0,0,0
134804,5,bully,3534,1,20,1383387,174,348,1044,2088,1,1,131270,3534,0,21,0,0,0,NORMAL,0,3,2,3,43,174,0,348,0,0,0,0,0,0,0
134363,4,bully,3092,1,20,1374550,174,347,1044,2082,1,1,131271,3092,0,21,0,0,0,NORMAL,0,3,2,3,43,174,0,347,0,0,0,0,0,0,0
134942,2,bully,3671,1,20,1386130,174,348,1044,2088,1,1,131271,3671,0,21,0,0,0,NORMAL,0,3,2,3,59,174,0,348,0,0,0,0,0,0,0
134920,3,bully,3649,1,20,1385690,174,350,1044,2100,1,1,131271,3649,0,21,0,0,0,NORMAL,0,3,2,3,59,174,0,350,0,0,0,0,0,0,0
136802,1,bully,3228,1,20,1377270,177,352,1062,2112,1,1,133574,3228,0,21,0,0,0,LEADER,1,4,1,7,20,177,0,352,0,0,0,0,0,0,0
137107,5,bully,3534,1,20,1383387,177,354,1062,2124,1,1,133573,3534,0,21,0,0,0,NORMAL,0,3,1,6,43,177,0,354,0,0,0,0,0,0,0
136666,4,bully,3092,1,20,1374550,177,353,1062,2118,1,1,133574,3092,0,21,0,0,0,NORMAL,0,3,1,6,43,177,0,353,0,0,0,0,0,0,0
137245,2,bully,3671,1,20,1386130,177,354,1062,2124,1,1,133574,3671,0,21,0,0,0,NORMAL,0,3,1,6,59,177,0,354,0,0,0,0,0,0,0
137223,3,bully,3649,1,20,1385690,177,356,1062,2136,1,1,133574,3649,0,21,0,0,0,NORMAL,0,3,1,6,59,177,0,356,0,0,0,0,0,0,0
139105,1,bully,3228,1,20,1377270,180,358,1080,2148,1,1,135877,3228,0,21,0,0,0,LEADER,1,4,1,10,20,180,0,358,0,0,0,0,0,0,0
139410,5,bully,3534,1,20,1383387,180,360,1080,2160,1,1,135876,3534,0,21,0,0,0,NORMAL,0,3,1,9,43,180,0,360,0,0,0,0,0,0,0
138969,4,bully,3092,1,20,1374550,180,359,1080,2154,1,1,135877,3092,0,21,0,0,0,NORMAL,0,3,1,9,43,180,0,359,0,0,0,0,0,0,0
139548,2,bully,3671,1,20,1386130,180,360,1080,2160,1,1,135877,3671,0,21,0,0,0,NORMAL,0,3,1,9,59,180,0,360,0,0,0,0,0,0,0
139526,3,bully,3649,1,20,1385690,180,362,1080,2172,1,1,135877,3649,0,21,0,0,0,NORMAL,0,3,1,9,59,180,0,362,0,0,0,0,0,0,0
141408,1,bully,3228,1,21,1518678,183,364,1098,2184,1,1,138180,3228,0,22,0,0,0,LEADER,1,4,1,4,21,183,0,364,0,0,0,0,0,0,0
141713,5,bully,3534,1,21,1525100,183,366,1098,2196,1,1,138179,3534,0,22,0,0,0,NORMAL,0,3,2,4,45,183,0,366,0,0,0,0,0,0,0
141272,4,bully,3092,1,21,1515822,183,365,1098,2190,1,1,138180,3092,0,22,0,0,0,NORMAL,0,3,2,4,45,183,0,365,0,0,0,0,0,0,0
141851,2,bully,3671,1,21,1527981,183,366,1098,2196,1,1,138180,3671,0,22,0,0,0,NORMAL,0,3,2,3,62,183,0,366,0,0,0,0,0,0,0
141829,3,bully,3649,1,21,1527519,183,368,1098,2208,1,1,138180,3649,0,22,0,0,0,NORMAL,0,3,2,3,62,183,0,368,0,0,0,0,0,0,0
143711,1,bully,3228,1,21,1518678,186,370,1116,2220,1,1,140483,3228,0,22,0,0,0,LEADER,1,4,1,7,21,186,0,370,0,0,0,0,0,0,0
144016,5,bully,3534,1,21,1525100,186,372,1116,2232,1,1,140482,3534,0,22,0,0,0,NORMAL,0,3,1,7,45,186,0,372,0,0,0,0,0,0,0
143575,4,bully,3092,1,21,1515822,186,371,1116,2226,1,1,140483,3092,0,22,0,0,0,NORMAL,0,3,1,7,45,186,0,371,0,0,0,0,0,0,0
144154,2,bully,3671,1,21,1527981,186,372,1116,2232,1,1,140483,3671,0,22,0,0,0,NORMAL,0,3,1,6,62,186,0,372,0,0,0,0,0,0,0
144132,3,bully,3649,1,21,1527519,186,374,1116,2244,1,1,140483,3649,0,22,0,0,0,NORMAL,0,3,1,6,62,186,0,374,0,0,0,0,0,0,0
146014,1,bully,3228,1,21,1518678,189,376,1134,2256,1,1,142786,3228,0,22,0,0,0,LEADER,1,4,1,10,21,189,0,376,0,0,0,0,0,0,0
146319,5,bully,3534,1,21,1525100,189,378,1134,2268,1,1,142785,3534,0,22,0,0,0,NORMAL,0,3,1,10,45,189,0,378,0,0,0,0,0,0,0
145878,4,bully,3092,1,21,1515822,189,377,1134,2262,1,1,142786,3092,0,22,0,0,0,NORMAL,0,3,1,10,45,189,0,377,0,0,0,0,0,0,0
146457,2,bully,3671,1,21,1527981,189,378,1134,2268,1,1,142786,3671,0,22,0,0,0,NORMAL,0,3,1,9,62,189,0,378,0,0,0,0,0,0,0
146435,3,bully,3649,1,21,1527519,189,380,1134,2280,1,1,142786,3649,0,22,0,0,0,NORMAL,0,3,1,9,62,189,0,380,0,0,0,0,0,0,0
148317,1,bully,3228,1,22,1666995,192,382,1152,2292,1,1,145089,3228,0,23,0,0,0,LEADER,1,4,1,4,22,192,0,382,0,0,0,0,0,0,0
148622,5,bully,3534,1,22,1673722,192,384,1152,2304,1,1,145088,3534,0,23,0,0,0,NORMAL,0,3,2,3,48,192,0,384,0,0,0,0,0,0,0
148181,4,bully,3092,1,22,1664003,192,383,1152,2298,1,1,145089,3092,0,23,0,0,0,NORMAL,0,3,2,3,48,192,0,383,0,0,0,0,0,0,0
148760,2,bully,3671,1,22,1676741,192,384,1152,2304,1,1,145089,3671,0,23,0,0,0,NORMAL,0,3,2,3,65,192,0,384,0,0,0,0,0,0,0
148738,3,bully,3649,1,22,1676257,192,386,1152,2316,1,1,145089,3649,0,23,0,0,0,NORMAL,0,3,2,3,65,192,0,386,0,0,0,0,0,0,0
150620,1,bully,3228,1,22,1666995,195,388,1170,2328,1,1,147392,3228,0,23,0,0,0,LEADER,1,4,1,7,22,195,0,388,0,0,0,0,0,0,0
150925,5,bully,3534,1,22,1673722,195,390,1170,2340,1,1,147391,3534,0,23,0,0,0,NORMAL,0,3,1,6,48,195,0,390,0,0,0,0,0,0,0
150484,4,bully,3092,1,22,1664003,195,389,1170,2334,1,1,147392,3092,0,23,0,0,0,NORMAL,0,3,1,6,48,195,0,389,0,0,0,0,0,0,0
151063,2,bully,3671,1,22,1676741,195,390,1170,2340,1,1,147392,3671,0,23,0,0,0,NORMAL,0,3,1,6,65,195,0,390,0,0,0,0,0,0,0
151041,3,bully,3649,1,22,1676257,195,392,1170,2352,1,1,147392,3649,0,23,0,0,0,NORMAL,0,3,1,6,65,195,0,392,0,0,0,0,0,0,0
152923,1,bully,3228,1,22,1666995,198,394,1188,2364,1,1,149695,3228,0,23,0,0,0,LEADER,1,4,1,10,22,198,0,394,0,0,0,0,0,0,0
153228,5,bully,3534,1,22,1673722,198,396,1188,2376,1,1,149694,3534,0,23,0,0,0,NORMAL,0,3,1,9,48,198,0,396,0,0,0,0,0,0,0
152787,4,bully,3092,1,22,1664003,198,395,1188,2370,1,1,149695,3092,0,23,0,0,0,NORMAL,0,3,1,9,48,198,0,395,0,0,0,0,0,0,0
153366,2,bully,3671,1,22,1676741,198,396,1188,2376,1,1,149695,3671,0,23,0,0,0,NORMAL,0,3,1,9,65,198,0,396,0,0,0,0,0,0,0
153344,3,bully,3649,1,22,1676257,198,398,1188,2388,1,1,149695,3649,0,23,0,0,0,NORMAL,0,3,1,9,65,198,0,398,0,0,0,0,0,0,0
155226,1,bully,3228,1,23,1822221,201,400,1206,2400,1,1,151998,3228,0,24,0,0,0,LEADER,1,4,1,4,23,201,0,400,0,0,0,0,0,0,0
155531,5,bully,3534,1,23,1829253,201,402,1206,2412,1,1,151997,3534,0,24,0,0,0,NORMAL,0,3,2,4,50,201,0,402,0,0,0,0,0,0,0
155090,4,bully,3092,1,23,1819093,201,401,1206,2406,1,1,151998,3092,0,24,0,0,0,NORMAL,0,3,2,4,50,201,0,401,0,0,0,0,0,0,0
155669,2,bully,3671,1,23,1832410,201,402,1206,2412,1,1,151998,3671,0,24,0,0,0,NORMAL,0,3,2,3,68,201,0,402,0,0,0,0,0,0,0
155647,3,bully,3649,1,23,1831904,201,404,1206,2424,1,1,151998,3649,0,24,0,0,0,NORMAL,0,3,2,3,68,201,0,404,0,0,0,0,0,0,0
157529,1,bully,3228,1,23,1822221,204,406,1224,2436,1,1,154301,3228,0,24,0,0,0,LEADER,1,4,1,7,23,204,0,406,0,0,0,0,0,0,0
157834,5,bully,3534,1,23,1829253,204,408,1224,2448,1,1,154300,3534,0,24,0,0,0,NORMAL,0,3,1,7,50,204,0,408,0,0,0,0,0,0,0
157393,4,bully,3092,1,23,1819093,204,407,1224,2442,1,1,154301,3092,0,24,0,0,0,NORMAL,0,3,1,7,50,204,0,407,0,0,0,0,0,0,0
157972,2,bully,3671,1,23,1832410,204,408,1224,2448,1,1,154301,3671,0,24,0,0,0,NORMAL,0,3,1,6,68,204,0,408,0,0,0,0,0,0,0
157950,3,bully,3649,1,23,1831904,204,410,1224,2460,1,1,154301,3649,0,24,0,0,0,NORMAL,0,3,1,6,68,204,0,410,0,0,0,0,0,0,0
159832,1,bully,3228,1,23,1822221,207,412,1242,2472,1,1,156604,3228,0,24,0,0,0,LEADER,1,4,1,10,23,207,0,412,0,0,0,0,0,0,0
160137,5,bully,3534,1,23,1829253,207,414,1242,2484,1,1,156603,3534,0,24,0,0,0,NORMAL,0,3,1,10,50,207,0,414,0,0,0,0,0,0,0
159696,4,bully,3092,1,23,1819093,207,413,1242,2478,1,1,156604,3092,0,24,0,0,0,NORMAL,0,3,1,10,50,207,0,413,0,0,0,0,0,0,0
160275,2,bully,3671,1,23,1832410,207,414,1242,2484,1,1,156604,3671,0,24,0,0,0,NORMAL,0,3,1,9,68,207,0,414,0,0,0,0,0,0,0
160253,3,bully,3649,1,23,1831904,207,416,1242,2496,1,1,156604,3649,0,24,0,0,0,NORMAL,0,3,1,9,68,207,0,416,0,0,0,0,0,0,0
162135,1,bully,3228,1,24,1984356,210,418,1260,2508,1,1,158907,3228,0,25,0,0,0,LEADER,1,4,1,4,24,210,0,418,0,0,0,0,0,0,0
162440,5,bully,3534,1,24,1991693,210,420,1260,2520,1,1,158906,3534,0,25,0,0,0,NORMAL,0,3,2,3,53,210,0,420,0,0,0,0,0,0,0
161999,4,bully,3092,1,24,1981092,210,419,1260,2514,1,1,158907,3092,0,25,0,0,0,NORMAL,0,3,2,3,53,210,0,419,0,0,0,0,0,0,0
162578,2,bully,3671,1,24,1994988,210,420,1260,2520,1,1,158907,3671,0,25,0,0,0,NORMAL,0,3,2,3,71,210,0,420,0,0,0,0,0,0,0
162556,3,bully,3649,1,24,1994460,210,422,1260,2532,1,1,158907,3649,0,25,0,0,0,NORMAL,0,3,2,3,71,210,0,422,0,0,0,0,0,0,0
164438,1,bully,3228,1,24,1984356,213,424,1278,2544,1,1,161210,3228,0,25,0,0,0,LEADER,1,4,1,7,24,213,0,424,0,0,0,0,0,0,0
164743,5,bully,3534,1,24,1991693,213,426,1278,2556,1,1,161209,3534,0,25,0,0,0,NORMAL,0,3,1,6,53,213,0,426,0,0,0,0,0,0,0
164302,4,bully,3092,1,24,1981092,213,425,1278,2550,1,1,161210,3092,0,25,0,0,0,NORMAL,0,3,1,6,53,213,0,425,0,0,0,0,0,0,0
164881,2,bully,3671,1,24,1994988,213,426,1278,2556,1,1,161210,3671,0,25,0,0,0,NORMAL,0,3,1,6,71,213,0,426,0,0,0,0,0,0,0
164859,3,bully,3649,1,24,1994460,213,428,1278,2568,1,1,161210,3649,0,25,0,0,0,NORMAL,0,3,1,6,71,213,0,428,0,0,0,0,0,0,0
166741,1,bully,3228,1,24,1984356,216,430,1296,2580,1,1,163513,3228,0,25,0,0,0,LEADER,1,4,1,10,24,216,0,430,0,0,0,0,0,0,0
167046,5,bully,3534,1,24,1991693,216,432,1296,2592,1,1,163512,3534,0,25,0,0,0,NORMAL,0,3,1,9,53,216,0,432,0,0,0,0,0,0,0
166605,4,bully,3092,1,24,1981092,216,431,1296,2586,1,1,163513,3092,0,25,0,0,0,NORMAL,0,3,1,9,53,216,0,431,0,0,0,0,0,0,0
167184,2,bully,3671,1,24,1994988,216,432,1296,2592,1,1,163513,3671,0,25,0,0,0,NORMAL,0,3,1,9,71,216,0,432,0,0,0,0,0,0,0
167162,3,bully,3649,1,24,1994460,216,434,1296,2604,1,1,163513,3649,0,25,0,0,0,NORMAL,0,3,1,9,71,216,0,434,0,0,0,0,0,0,0
169044,1,bully,3228,1,25,2153400,219,436,1314,2616,1,1,165816,3228,0,26,0,0,0,LEADER,1,4,1,4,25,219,0,436,0,0,0,0,0,0,0
169349,5,bully,3534,1,25,2161042,219,438,1314,2628,1,1,165815,3534,0,26,0,0,0,NORMAL,0,3,2,4,55,219,0,438,0,0,0,0,0,0,0
168908,4,bully,3092,1,25,2150000,219,437,1314,2622,1,1,165816,3092,0,26,0,0,0,NORMAL,0,3,2,4,55,219,0,437,0,0,0,0,0,0,0
169487,2,bully,3671,1,25,2164475,219,438,1314,2628,1,1,165816,3671,0,26,0,0,0,NORMAL,0,3,2,3,74,219,0,438,0,0,0,0,0,0,0
169465,3,bully,3649,1,25,2163925,219,440,1314,2640,1,1,165816,3649,0,26,0,0,0,NORMAL,0,3,2,3,74,219,0,440,0,0,0,0,0,0,0
171347,1,bully,3228,1,25,2153400,222,442,1332,2652,1,1,168119,3228,0,26,0,0,0,LEADER,1,4,1,7,25,222,0,442,0,0,0,0,0,0,0
171652,5,bully,3534,1,25,2161042,222,444,1332,2664,1,1,168118,3534,0,26,0,0,0,NORMAL,0,3,1,7,55,222,0,444,0,0,0,0,0,0,0
171211,4,bully,3092,1,25,2150000,222,443,1332,2658,1,1,168119,3092,0,26,0,0,0,NORMAL,0,3,1,7,55,222,0,443,0,0,0,0,0,0,0
171790,2,bully,3671,1,25,2164475,222,444,1332,2664,1,1,168119,3671,0,26,0,0,0,NORMAL,0,3,1,6,74,222,0,444,0,0,0,0,0,0,0
171768,3,bully,3649,1,25,2163925,222,446,1332,2676,1,1,168119,3649,0,26,0,0,0,NORMAL,0,3,1,6,74,222,0,446,0,0,0,0,0,0,0
173650,1,bully,3228,1,25,2153400,225,448,1350,2688,1,1,170422,3228,0,26,0,0,0,LEADER,1,4,1,10,25,225,0,448,0,0,0,0,0,0,0
173955,5,bully,3534,1,25,2161042,225,450,1350,2700,1,1,170421,3534,0,26,0,0,0,NORMAL,0,3,1,10,55,225,0,450,0,0,0,0,0,0,0
173514,4,bully,3092,1,25,2150000,225,449,1350,2694,1,1,170422,3092,0,26,0,0,0,NORMAL,0,3,1,10,55,225,0,449,0,0,0,0,0,0,0
174093,2,bully,3671,1,25,2164475,225,450,1350,2700,1,1,170422,3671,0,26,0,0,0,NORMAL,0,3,1,9,74,225,0,450,0,0,0,0,0,0,0
174071,3,bully,3649,1,25,2163925,225,452,1350,2712,1,1,170422,3649,0,26,0,0,0,NORMAL,0,3,1,9,74,225,0,452,0,0,0,0,0,0,0
175953,1,bully,3228,1,26,2329353,228,454,1368,2724,1,1,172725,3228,0,27,0,0,0,LEADER,1,4,1,4,26,228,0,454,0,0,0,0,0,0,0
176258,5,bully,3534,1,26,2337300,228,456,1368,2736,1,1,172724,3534,0,27,0,0,0,NORMAL,0,3,2,3,58,228,0,456,0,0,0,0,0,0,0
175817,4,bully,3092,1,26,2325817,228,455,1368,2730,1,1,172725,3092,0,27,0,0,0,NORMAL,0,3,2,3,58,228,0,455,0,0,0,0,0,0,0
176396,2,bully,3671,1,26,2340871,228,456,1368,2736,1,1,172725,3671,0,27,0,0,0,NORMAL,0,3,2,3,77,228,0,456,0,0,0,0,0,0,0
176374,3,bully,3649,1,26,2340299,228,458,1368,2748,1,1,172725,3649,0,27,0,0,0,NORMAL,0,3,2,3,77,228,0,458,0,0,0,0,0,0,0
178256,1,bully,3228,1,26,2329353,231,460,1386,2760,1,1,175028,3228,0,27,0,0,0,LEADER,1,4,1,7,26,231,0,460,0,0,0,0,0,0,0
178561,5,bully,3534,1,26,2337300,231,462,1386,2772,1,1,175027,3534,0,27,0,0,0,NORMAL,0,3,1,6,58,231,0,462,0,0,0,0,0,0,0
178120,4,bully,3092,1,26,2325817,231,461,1386,2766,1,1,175028,3092,0,27,0,0,0,NORMAL,0,3,1,6,58,231,0,461,0,0,0,0,0,0,0
178699,2,bully,3671,1,26,2340871,231,460,1386,2760,1,1,175028,3671,0,27,0,0,0,NORMAL,0,3,1,6,77,231,0,460,0,0,0,0,0,0,0
178677,3,bully,3649,1,26,2340299,231,464,1386,2784,1,1,175028,3649,0,27,0,0,0,NORMAL,0,3,1,6,77,231,0,464,0,0,0,0,0,0,0
180559,1,bully,3228,1,26,2329353,234,466,1404,2796,1,1,177331,3228,0,27,0,0,0,LEADER,1,4,1,10,26,234,0,466,0,0,0,0,0,0,0
180864,5,bully,3534,1,26,2337300,234,468,1404,2808,1,1,177330,3534,0,27,0,0,0,NORMAL,0,3,1,9,58,234,0,468,0,0,0,0,0,0,0
180423,4,bully,3092,1,26,2325817,234,467,1404,2802,1,1,177331,3092,0,27,0,0,0,NORMAL,0,3,1,9,58,234,0,467,0,0,0,0,0,0,0
181002,2,bully,3671,1,26,2340871,234,466,1404,2796,1,1,177331,3671,0,27,0,0,0,NORMAL,0,3,1,9,77,234,0,466,0,0,0,0,0,0,0
180980,3,bully,3649,1,26,2340299,234,470,1404,2820,1,1,177331,3649,0,27,0,0,0,NORMAL,0,3,1,9,77,234,0,470,0,0,0,0,0,0,0
182862,1,bully,3228,1,27,2512215,237,472,1422,2832,1,1,179634,3228,0,28,0,0,0,LEADER,1,4,1,4,27,237,0,472,0,0,0,0,0,0,0
183167,5,bully,3534,1,27,2520467,237,474,1422,2844,1,1,179633,3534,0,28,0,0,0,NORMAL,0,3,2,4,60,237,0,474,0,0,0,0,0,0,0
182726,4,bully,3092,1,27,2508543,237,473,1422,2838,1,1,179634,3092,0,28,0,0,0,NORMAL,0,3,2,4,60,237,0,473,0,0,0,0,0,0,0
183305,2,bully,3671,1,27,2524176,237,472,1422,2832,1,1,179634,3671,0,28,0,0,0,NORMAL,0,3,2,3,80,237,0,472,0,0,0,0,0,0,0
183283,3,bully,3649,1,27,2523582,237,476,1422,2856,1,1,179634,3649,0,28,0,0,0,NORMAL,0,3,2,3,80,237,0,476,0,0,0,0,0,0,0
185165,1,bully,3228,1,27,2512215,240,478,1440,2868,1,1,181937,3228,0,28,0,0,0,LEADER,1,4,1,7,27,240,0,478,0,0,0,0,0,0,0
185470,5,bully,3534,1,27,2520467,240,480,1440,2880,1,1,181936,3534,0,28,0,0,0,NORMAL,0,3,1,7,60,240,0,480,0,0,0,0,0,0,0
185029,4,bully,3092,1,27,2508543,240,479,1440,2874,1,1,181937,3092,0,28,0,0,0,NORMAL,0,3,1,7,60,240,0,479,0,0,0,0,0,0,0
185608,2,bully,3671,1,27,2524176,240,478,1440,2868,1,1,181937,3671,0,28,0,0,0,NORMAL,0,3,1,6,80,240,0,478,0,0,0,0,0,0,0
185586,3,bully,3649,1,27,2523582,240,482,1440,2892,1,1,181937,3649,0,28,0,0,0,NORMAL,0,3,1,6,80,240,0,482,0,0,0,0,0,0,0
187468,1,bully,3228,1,27,2512215,243,484,1458,2904,1,1,184240,3228,0,28,0,0,0,LEADER,1,4,1,10,27,243,0,484,0,0,0,0,0,0,0
187773,5,bully,3534,1,27,2520467,243,486,1458,2916,1,1,184239,3534,0,28,0,0,0,NORMAL,0,3,1,10,60,243,0,486,0,0,0,0,0,0,0
187332,4,bully,3092,1,27,2508543,243,485,1458,2910,1,1,184240,3092,0,28,0,0,0,NORMAL,0,3,1,10,60,243,0,485,0,0,0,0,0,0,0
187911,2,bully,3671,1,27,2524176,243,484,1458,2904,1,1,184240,3671,0,28,0,0,0,NORMAL,0,3,1,9,80,243,0,484,0,0,0,0,0,0,0
187889,3,bully,3649,1,27,2523582,243,488,1458,2928,1,1,184240,3649,0,28,0,0,0,NORMAL,0,3,1,9,80,243,0,488,0,0,0,0,0,0,0
189771,1,bully,3228,1,28,2701986,246,490,1476,2940,1,1,186543,3228,0,29,0,0,0,LEADER,1,4,1,4,28,246,0,490,0,0,0,0,0,0,0
190076,5,bully,3534,1,28,2710543,246,492,1476,2952,1,1,186542,3534,0,29,0,0,0,NORMAL,0,3,2,4,62,246,0,492,0,0,0,0,0,0,0
189635,4,bully,3092,1,28,2698178,246,491,1476,2946,1,1,186543,3092,0,29,0,0,0,NORMAL,0,3,2,4,62,246,0,491,0,0,0,0,0,0,0
190214,2,bully,3671,1,28,2714390,246,490,1476,2940,1,1,186543,3671,0,29,0,0,0,NORMAL,0,3,2,3,83,246,0,490,0,0,0,0,0,0,0
190192,3,bully,3649,1,28,2713774,246,494,1476,2964,1,1,186543,3649,0,29,0,0,0,NORMAL,0,3,2,3,83,246,0,494,0,0,0,0,0,0,0
192074,1,bully,3228,1,28,2701986,249,496,1494,2976,1,1,188846,3228,0,29,0,0,0,LEADER,1,4,1,7,28,249,0,496,0,0,0,0,0,0,0
192379,5,bully,3534,1,28,2710543,249,498,1494,2988,1,1,188845,3534,0,29,0,0,0,NORMAL,0,3,1,7,62,249,0,498,0,0,0,0,0,0,0
191938,4,bully,3092,1,28,2698178,249,497,1494,2982,1,1,188846,3092,0,29,0,0,0,NORMAL,0,3,1,7,62,249,0,497,0,0,0,0,0,0,0
192517,2,bully,3671,1,28,2714390,249,496,1494,2976,1,1,188846,3671,0,29,0,0,0,NORMAL,0,3,1,6,83,249,0,496,0,0,0,0,0,0,0
192495,3,bully,3649,1,28,2713774,249,500,1494,3000,1,1,188846,3649,0,29,0,0,0,NORMAL,0,3,1,6,83,249,0,500,0,0,0,0,0,0,0
194377,1,bully,3228,1,28,2701986,252,502,1512,3012,1,1,191149,3228,0,29,0,0,0,LEADER,1,4,1,10,28,252,0,502,0,0,0,0,0,0,0
194682,5,bully,3534,1,28,2710543,252,504,1512,3024,1,1,191148,3534,0,29,0,0,0,NORMAL,0,3,1,10,62,252,0,504,0,0,0,0,0,0,0
194241,4,bully,3092,1,28,2698178,252,503,1512,3018,1,1,191149,3092,0,29,0,0,0,NORMAL,0,3,1,10,62,252,0,503,0,0,0,0,0,0,0
194820,2,bully,3671,1,28,2714390,252,502,1512,3012,1,1,191149,3671,0,29,0,0,0,NORMAL,0,3,1,9,83,252,0,502,0,0,0,0,0,0,0
194798,3,bully,3649,1,28,2713774,252,506,1512,3036,1,1,191149,3649,0,29,0,0,0,NORMAL,0,3,1,9,83,252,0,506,0,0,0,0,0,0,0
196680,1,bully,3228,1,29,2898666,255,508,1530,3048,1,1,193452,3228,0,30,0,0,0,LEADER,1,4,1,4,29,255,0,508,0,0,0,0,0,0,0
196985,5,bully,3534,1,29,2907528,255,510,1530,3060,1,1,193451,3534,0,30,0,0,0,NORMAL,0,3,2,3,65,255,0,510,0,0,0,0,0,0,0
196544,4,bully,3092,1,29,2894722,255,509,1530,3054,1,1,193452,3092,0,30,0,0,0,NORMAL,0,3,2,3,65,255,0,509,0,0,0,0,0,0,0
197123,2,bully,3671,1,29,2911513,255,508,1530,3048,1,1,193452,3671,0,30,0,0,0,NORMAL,0,3,2,3,86,255,0,508,0,0,0,0,0,0,0
197101,3,bully,3649,1,29,2910875,255,512,1530,3072,1,1,193452,3649,0,30,0,0,0,NORMAL,0,3,2,3,86,255,0,512,0,0,0,0,0,0,0
198983,1,bully,3228,1,29,2898666,258,514,1548,3084,1,1,195755,3228,0,30,0,0,0,LEADER,1,4,1,7,29,258,0,514,0,0,0,0,0,0,0
199288,5,bully,3534,1,29,2907528,258,516,1548,3096,1,1,195754,3534,0,30,0,0,0,NORMAL,0,3,1,6,65,258,0,516,0,0,0,0,0,0,0
198847,4,bully,3092,1,29,2894722,258,515,1548,3090,1,1,195755,3092,0,30,0,0,0,NORMAL,0,3,1,6,65,258,0,515,0,0,0,0,0,0,0
199426,2,bully,3671,1,29,2911513,258,514,1548,3084,1,1,195755,3671,0,30,0,0,0,NORMAL,0,3,1,6,86,258,0,514,0,0,0,0,0,0,0
199404,3,bully,3649,1,29,2910875,258,518,1548,3108,1,1,195755,3649,0,30,0,0,0,NORMAL,0,3,1,6,86,258,0,518,0,0,0,0,0,0,0
201286,1,bully,3228,1,29,2898666,261,520,1566,3120,1,1,198058,3228,0,30,0,0,0,LEADER,1,4,1,10,29,261,0,520,0,0,0,0,0,0,0
201591,5,bully,3534,1,29,2907528,261,522,1566,3132,1,1,198057,3534,0,30,0,0,0,NORMAL,0,3,1,9,65,261,0,522,0,0,0,0,0,0,0
201150,4,bully,3092,1,29,2894722,261,521,1566,3126,1,1,198058,3092,0,30,0,0,0,NORMAL,0,3,1,9,65,261,0,521,0,0,0,0,0,0,0
201729,2,bully,3671,1,29,2911513,261,520,1566,3120,1,1,198058,3671,0,30,0,0,0,NORMAL,0,3,1,9,86,261,0,520,0,0,0,0,0,0,0
201707,3,bully,3649,1,29,2910875,261,524,1566,3144,1,1,198058,3649,0,30,0,0,0,NORMAL,0,3,1,9,86,261,0,524,0,0,0,0,0,0,0
203589,1,bully,3228,1,30,3102255,264,526,1584,3156,1,1,200361,3228,0,31,0,0,0,LEADER,1,4,1,4,30,264,0,526,0,0,0,0,0,0,0
203894,5,bully,3534,1,30,3111422,264,528,1584,3168,1,1,200360,3534,0,31,0,0,0,NORMAL,0,3,2,4,67,264,0,528,0,0,0,0,0,0,0
203453,4,bully,3092,1,30,3098175,264,527,1584,3162,1,1,200361,3092,0,31,0,0,0,NORMAL,0,3,2,4,67,264,0,527,0,0,0,0,0,0,0
204032,2,bully,3671,1,30,3115545,264,526,1584,3156,1,1,200361,3671,0,31,0,0,0,NORMAL,0,3,2,3,89,264,0,526,0,0,0,0,0,0,0
204010,3,bully,3649,1,30,3114885,264,530,1584,3180,1,1,200361,3649,0,31,0,0,0,NORMAL,0,3,2,3,89,264,0,530,0,0,0,0,0,0,0
205892,1,bully,3228,1,30,3102255,267,532,1602,3192,1,1,202664,3228,0,31,0,0,0,LEADER,1,4,1,7,30,267,0,532,0,0,0,0,0,0,0
206197,5,bully,3534,1,30,3111422,267,534,1602,3204,1,1,202663,3534,0,31,0,0,0,NORMAL,0,3,1,7,67,267,0,534,0,0,0,0,0,0,0
205756,4,bully,3092,1,30,3098175,267,533,1602,3198,1,1,202664,3092,0,31,0,0,0,NORMAL,0,3,1,7,67,267,0,533,0,0,0,0,0,0,0
206335,2,bully,3671,1,30,3115545,267,532,1602,3192,1,1,202664,3671,0,31,0,0,0,NORMAL,0,3,1,6,89,267,0,532,0,0,0,0,0,0,0
206313,3,bully,3649,1,30,3114885,267,536,1602,3216,1,1,202664,3649,0,31,0,0,0,NORMAL,0,3,1,6,89,267,0,536,0,0,0,0,0,0,0
208195,1,bully,3228,1,30,3102255,270,538,1620,3228,1,1,204967,3228,0,31,0,0,0,LEADER,1,4,1,10,30,270,0,538,0,0,0,0,0,0,0
208500,5,bully,3534,1,30,3111422,270,540,1620,3240,1,1,204966,3534,0,31,0,0,0,NORMAL,0,3,1,10,67,270,0,540,0,0,0,0,0,0,0
208059,4,bully,3092,1,30,3098175,270,539,1620,3234,1,1,204967,3092,0,31,0,0,0,NORMAL,0,3,1,10,67,270,0,539,0,0,0,0,0,0,0
208638,2,bully,3671,1,30,3115545,270,538,1620,3228,1,1,204967,3671,0,31,0,0,0,NORMAL,0,3,1,9,89,270,0,538,0,0,0,0,0,0,0
208616,3,bully,3649,1,30,3114885,270,542,1620,3252,1,1,204967,3649,0,31,0,0,0,NORMAL,0,3,1,9,89,270,0,542,0,0,0,0,0,0,0
210498,1,bully,3228,1,31,3312753,273,544,1638,3264,1,1,207270,3228,0,32,0,0,0,LEADER,1,4,1,4,31,273,0,544,0,0,0,0,0,0,0
210803,5,bully,3534,1,31,3322225,273,546,1638,3276,1,1,207269,3534,0,32,0,0,0,NORMAL,0,3,2,4,69,273,0,546,0,0,0,0,0,0,0
210362,4,bully,3092,1,31,3308537,273,545,1638,3270,1,1,207270,3092,0,32,0,0,0,NORMAL,0,3,2,4,69,273,0,545,0,0,0,0,0,0,0
210941,2,bully,3671,1,31,3326486,273,544,1638,3264,1,1,207270,3671,0,32,0,0,0,NORMAL,0,3,2,3,92,273,0,544,0,0,0,0,0,0,0
210919,3,bully,3649,1,31,3325804,273,548,1638,3288,1,1,207270,3649,0,32,0,0,0,NORMAL,0,3,2,3,92,273,0,548,0,0,0,0,0,0,0
212801,1,bully,3228,1,31,3312753,276,550,1656,3300,1,1,209573,3228,0,32,0,0,0,LEADER,1,4,1,7,31,276,0,550,0,0,0,0,0,0,0
213106,5,bully,3534,1,31,3322225,276,552,1656,3312,1,1,209572,3534,0,32,0,0,0,NORMAL,0,3,1,7,69,276,0,552,0,0,0,0,0,0,0
212665,4,bully,3092,1,31,3308537,276,551,1656,3306,1,1,209573,3092,0,32,0,0,0,NORMAL,0,3,1,7,69,276,0,551,0,0,0,0,0,0,0
213244,2,bully,3671,1,31,3326486,276,550,1656,3300,1,1,209573,3671,0,32,0,0,0,NORMAL,0,3,1,6,92,276,0,550,0,0,0,0,0,0,0
213222,3,bully,3649,1,31,3325804,276,554,1656,3324,1,1,209573,3649,0,32,0,0,0,NORMAL,0,3,1,6,92,276,0,554,0,0,0,0,0,0,0
215104,1,bully,3228,1,31,3312753,279,556,1674,3336,1,1,211876,3228,0,32,0,0,0,LEADER,1,4,1,10,31,279,0,556,0,0,0,0,0,0,0
215409,5,bully,3534,1,31,3322225,279,558,1674,3348,1,1,211875,3534,0,32,0,0,0,NORMAL,0,3,1,10,69,279,0,558,0,0,0,0,0,0,0
214968,4,bully,3092,1,31,3308537,279,557,1674,3342,1,1,211876,3092,0,32,0,0,0,NORMAL,0,3,1,10,69,279,0,557,0,0,0,0,0,0,0
215547,2,bully,3671,1,31,3326486,279,556,1674,3336,1,1,211876,3671,0,32,0,0,0,NORMAL,0,3,1,9,92,279,0,556,0,0,0,0,0,0,0
215525,3,bully,3649,1,31,3325804,279,560,1674,3360,1,1,211876,3649,0,32,0,0,0,NORMAL,0,3,1,9,92,279,0,560,0,0,0,0,0,0,0
217407,1,bully,3228,1,32,3530160,282,562,1692,3372,1,1,214179,3228,0,33,0,0,0,LEADER,1,4,1,4,32,282,0,562,0,0,0,0,0,0,0
217712,5,bully,3534,1,32,3539937,282,564,1692,3384,1,1,214178,3534,0,33,0,0,0,NORMAL,0,3,2,4,71,282,0,564,0,0,0,0,0,0,0
217271,4,bully,3092,1,32,3525808,282,563,1692,3378,1,1,214179,3092,0,33,0,0,0,NORMAL,0,3,2,4,71,282,0,563,0,0,0,0,0,0,0
217850,2,bully,3671,1,32,3544336,282,562,1692,3372,1,1,214179,3671,0,33,0,0,0,NORMAL,0,3,2,3,95,282,0,562,0,0,0,0,0,0,0
217828,3,bully,3649,1,32,3543632,282,566,1692,3396,1,1,214179,3649,0,33,0,0,0,NORMAL,0,3,2,3,95,282,0,566,0,0,0,0,0,0,0
219710,1,bully,3228,1,32,3530160,285,568,1710,3408,1,1,216482,3228,0,33,0,0,0,LEADER,1,4,1,7,32,285,0,568,0,0,0,0,0,0,0
220015,5,bully,3534,1,32,3539937,285,570,1710,3420,1,1,216481,3534,0,33,0,0,0,NORMAL,0,3,1,7,71,285,0,570,0,0,0,0,0,0,0
219574,4,bully,3092,1,32,3525808,285,569,1710,3414,1,1,216482,3092,0,33,0,0,0,NORMAL,0,3,1,7,71,285,0,569,0,0,0,0,0,0,0
220153,2,bully,3671,1,32,3544336,285,568,1710,3408,1,1,216482,3671,0,33,0,0,0,NORMAL,0,3,1,6,95,285,0,568,0,0,0,0,0,0,0
220131,3,bully,3649,1,32,3543632,285,572,1710,3432,1,1,216482,3649,0,33,0,0,0,NORMAL,0,3,1,6,95,285,0,572,0,0,0,0,0,0,0
222013,1,bully,3228,1,32,3530160,288,574,1728,3444,1,1,218785,3228,0,33,0,0,0,LEADER,1,4,1,10,32,288,0,574,0,0,0,0,0,0,0
222318,5,bully,3534,1,32,3539937,288,576,1728,3456,1,1,218784,3534,0,33,0,0,0,NORMAL,0,3,1,10,71,288,0,576,0,0,0,0,0,0,0
221877,4,bully,3092,1,32,3525808,288,575,1728,3450,1,1,218785,3092,0,33,0,0,0,NORMAL,0,3,1,10,71,288,0,575,0,0,0,0,0,0,0
222456,2,bully,3671,1,32,3544336,288,574,1728,3444,1,1,218785,3671,0,33,0,0,0,NORMAL,0,3,1,9,95,288,0,574,0,0,0,0,0,0,0
222434,3,bully,3649,1,32,3543632,288,578,1728,3468,1,1,218785,3649,0,33,0,0,0,NORMAL,0,3,1,9,95,288,0,578,0,0,0,0,0,0,0
224316,1,bully,3228,1,33,3754476,291,580,1746,3480,1,1,221088,3228,0,34,0,0,0,LEADER,1,4,1,4,33,291,0,580,0,0,0,0,0,0,0
224621,5,bully,3534,1,33,3764558,291,582,1746,3492,1,1,221087,3534,0,34,0,0,0,NORMAL,0,3,2,3,74,291,0,582,0,0,0,0,0,0,0
224180,4,bully,3092,1,33,3749988,291,581,1746,3486,1,1,221088,3092,0,34,0,0,0,NORMAL,0,3,2,3,74,291,0,581,0,0,0,0,0,0,0
224759,2,bully,3671,1,33,3769095,291,580,1746,3480,1,1,221088,3671,0,34,0,0,0,NORMAL,0,3,2,3,98,291,0,580,0,0,0,0,0,0,0
224737,3,bully,3649,1,33,3768369,291,584,1746,3504,1,1,221088,3649,0,34,0,0,0,NORMAL,0,3,2,3,98,291,0,584,0,0,0,0,0,0,0
226619,1,bully,3228,1,33,3754476,294,586,1764,3516,1,1,223391,3228,0,34,0,0,0,LEADER,1,4,1,7,33,294,0,586,0,0,0,0,0,0,0
226924,5,bully,3534,1,33,3764558,294,588,1764,3528,1,1,223390,3534,0,34,0,0,0,NORMAL,0,3,1,6,74,294,0,588,0,0,0,0,0,0,0
226483,4,bully,3092,1,33,3749988,294,587,1764,3522,1,1,223391,3092,0,34,0,0,0,NORMAL,0,3,1,6,74,294,0,587,0,0,0,0,0,0,0
227062,2,bully,3671,1,33,3769095,294,586,1764,3516,1,1,223391,3671,0,34,0,0,0,NORMAL,0,3,1,6,98,294,0,586,0,0,0,0,0,0,0
227040,3,bully,3649,1,33,3768369,294,590,1764,3540,1,1,223391,3649,0,34,0,0,0,NORMAL,0,3,1,6,98,294,0,590,0,0,0,0,0,0,0
228922,1,bully,3228,1,33,3754476,297,592,1782,3552,1,1,225694,3228,0,34,0,0,0,LEADER,1,4,1,10,33,297,0,592,0,0,0,0,0,0,0
229227,5,bully,3534,1,33,3764558,297,594,1782,3564,1,1,225693,3534,0,34,0,0,0,NORMAL,0,3,1,9,74,297,0,594,0,0,0,0,0,0,0
228786,4,bully,3092,1,33,3749988,297,593,1782,3558,1,1,225694,3092,0,34,0,0,0,NORMAL,0,3,1,9,74,297,0,593,0,0,0,0,0,0,0
229365,2,bully,3671,1,33,3769095,297,592,1782,3552,1,1,225694,3671,0,34,0,0,0,NORMAL,0,3,1,9,98,297,0,592,0,0,0,0,0,0,0
229343,3,bully,3649,1,33,3768369,297,596,1782,3576,1,1,225694,3649,0,34,0,0,0,NORMAL,0,3,1,9,98,297,0,596,0,0,0,0,0,0,0
231225,1,bully,3228,1,34,3985701,300,598,1800,3588,1,1,227997,3228,0,35,0,0,0,LEADER,1,4,1,4,34,300,0,598,0,0,0,0,0,0,0
231530,5,bully,3534,1,34,3996088,300,600,1800,3600,1,1,227996,3534,0,35,0,0,0,NORMAL,0,3,2,3,77,300,0,600,0,0,0,0,0,0,0
231089,4,bully,3092,1,34,3981077,300,599,1800,3594,1,1,227997,3092,0,35,0,0,0,NORMAL,0,3,2,3,77,300,0,599,0,0,0,0,0,0,0
231668,2,bully,3671,1,34,4000763,300,598,1800,3588,1,1,227997,3671,0,35,0,0,0,NORMAL,0,3,2,3,101,300,0,598,0,0,0,0,0,0,0
231646,3,bully,3649,1,34,4000015,300,602,1800,3612,1,1,227997,3649,0,35,0,0,0,NORMAL,0,3,2,3,101,300,0,602,0,0,0,0,0,0,0
233528,1,bully,3228,1,34,3985701,303,604,1818,3624,1,1,230300,3228,0,35,0,0,0,LEADER,1,4,1,7,34,303,0,604,0,0,0,0,0,0,0
233833,5,bully,3534,1,34,3996088,303,606,1818,3636,1,1,230299,3534,0,35,0,0,0,NORMAL,0,3,1,6,77,303,0,606,0,0,0,0,0,0,0
233392,4,bully,3092,1,34,3981077,303,605,1818,3630,1,1,230300,3092,0,35,0,0,0,NORMAL,0,3,1,6,77,303,0,605,0,0,0,0,0,0,0
233971,2,bully,3671,1,34,4000763,303,604,1818,3624,1,1,230300,3671,0,35,0,0,0,NORMAL,0,3,1,6,101,303,0,604,0,0,0,0,0,0,0
233949,3,bully,3649,1,34,4000015,303,608,1818,3648,1,1,230300,3649,0,35,0,0,0,NORMAL,0,3,1,6,101,303,0,608,0,0,0,0,0,0,0
235831,1,bully,3228,1,34,3985701,306,610,1836,3660,1,1,232603,3228,0,35,0,0,0,LEADER,1,4,1,10,34,306,0,610,0,0,0,0,0,0,0
236136,5,bully,3534,1,34,3996088,306,612,1836,3672,1,1,232602,3534,0,35,0,0,0,NORMAL,0,3,1,9,77,306,0,612,0,0,0,0,0,0,0
235695,4,bully,3092,1,34,3981077,306,611,1836,3666,1,1,232603,3092,0,35,0,0,0,NORMAL,0,3,1,9,77,306,0,611,0,0,0,0,0,0,0
236274,2,bully,3671,1,34,4000763,306,610,1836,3660,1,1,232603,3671,0,35,0,0,0,NORMAL,0,3,1,9,101,306,0,610,0,0,0,0,0,0,0
236252,3,bully,3649,1,34,4000015,306,614,1836,3684,1,1,232603,3649,0,35,0,0,0,NORMAL,0,3,1,9,101,306,0,614,0,0,0,0,0,0,0
238134,1,bully,3228,1,35,4223835,309,616,1854,3696,1,1,234906,3228,0,36,0,0,0,LEADER,1,4,1,4,35,309,0,616,0,0,0,0,0,0,0
238439,5,bully,3534,1,35,4234527,309,618,1854,3708,1,1,234905,3534,0,36,0,0,0,NORMAL,0,3,2,4,79,309,0,618,0,0,0,0,0,0,0
237998,4,bully,3092,1,35,4219075,309,617,1854,3702,1,1,234906,3092,0,36,0,0,0,NORMAL,0,3,2,4,79,309,0,617,0,0,0,0,0,0,0
238577,2,bully,3671,1,35,4239340,309,616,1854,3696,1,1,234906,3671,0,36,0,0,0,NORMAL,0,3,2,3,104,309,0,616,0,0,0,0,0,0,0
238555,3,bully,3649,1,35,4238570,309,620,1854,3720,1,1,234906,3649,0,36,0,0,0,NORMAL,0,3,2,3,104,309,0,620,0,0,0,0,0,0,0
240437,1,bully,3228,1,35,4223835,312,622,1872,3732,1,1,237209,3228,0,36,0,0,0,LEADER,1,4,1,7,35,312,0,622,0,0,0,0,0,0,0
240742,5,bully,3534,1,35,4234527,312,624,1872,3744,1,1,237208,3534,0,36,0,0,0,NORMAL,0,3,1,7,79,312,0,624,0,0,0,0,0,0,0
240301,4,bully,3092,1,35,4219075,312,623,1872,3738,1,1,237209,3092,0,36,0,0,0,NORMAL,0,3,1,7,79,312,0,623,0,0,0,0,0,0,0
240880,2,bully,3671,1,35,4239340,312,622,1872,3732,1,1,237209,3671,0,36,0,0,0,NORMAL,0,3,1,6,104,312,0,622,0,0,0,0,0,0,0
240858,3,bully,3649,1,35,4238570,312,626,1872,3756,1,1,237209,3649,0,36,0,0,0,NORMAL,0,3,1,6,104,312,0,626,0,0,0,0,0,0,0
242740,1,bully,3228,1,35,4223835,315,628,1890,3768,1,1,239512,3228,0,36,0,0,0,LEADER,1,4,1,10,35,315,0,628,0,0,0,0,0,0,0
243045,5,bully,3534,1,35,4234527,315,630,1890,3780,1,1,239511,3534,0,36,0,0,0,NORMAL,0,3,1,10,79,315,0,630,0,0,0,0,0,0,0
242604,4,bully,3092,1,35,4219075,315,629,1890,3774,1,1,239512,3092,0,36,0,0,0,NORMAL,0,3,1,10,79,315,0,629,0,0,0,0,0,0,0
243183,2,bully,3671,1,35,4239340,315,628,1890,3768,1,1,239512,3671,0,36,0,0,0,NORMAL,0,3,1,9,104,315,0,628,0,0,0,0,0,0,0
243161,3,bully,3649,1,35,4238570,315,632,1890,3792,1,1,239512,3649,0,36,0,0,0,NORMAL,0,3,1,9,104,315,0,632,0,0,0,0,0,0,0
245043,1,bully,3228,1,36,4468878,318,634,1908,3804,1,1,241815,3228,0,37,0,0,0,LEADER,1,4,1,4,36,318,0,634,0,0,0,0,0,0,0
245348,5,bully,3534,1,36,4479875,318,636,1908,3816,1,1,241814,3534,0,37,0,0,0,NORMAL,0,3,2,4,81,318,0,636,0,0,0,0,0,0,0
244907,4,bully,3092,1,36,4463982,318,635,1908,3810,1,1,241815,3092,0,37,0,0,0,NORMAL,0,3,2,4,81,318,0,635,0,0,0,0,0,0,0
245486,2,bully,3671,1,36,4484826,318,634,1908,3804,1,1,241815,3671,0,37,0,0,0,NORMAL,0,3,2,3,107,318,0,634,0,0,0,0,0,0,0
245464,3,bully,3649,1,36,4484034,318,638,1908,3828,1,1,241815,3649,0,37,0,0,0,NORMAL,0,3,2,3,107,318,0,638,0,0,0,0,0,0,0
247346,1,bully,3228,1,36,4468878,321,640,1926,3840,1,1,244118,3228,0,37,0,0,0,LEADER,1,4,1,7,36,321,0,640,0,0,0,0,0,0,0
247651,5,bully,3534,1,36,4479875,321,642,1926,3852,1,1,244117,3534,0,37,0,0,0,NORMAL,0,3,1,7,81,321,0,642,0,0,0,0,0,0,0
247210,4,bully,3092,1,36,4463982,321,641,1926,3846,1,1,244118,3092,0,37,0,0,0,NORMAL,0,3,1,7,81,321,0,641,0,0,0,0,0,0,0
247789,2,bully,3671,1,36,4484826,321,640,1926,3840,1,1,244118,3671,0,37,0,0,0,NORMAL,0,3,1,6,107,321,0,640,0,0,0,0,0,0,0
247767,3,bully,3649,1,36,4484034,321,644,1926,3864,1,1,244118,3649,0,37,0,0,0,NORMAL,0,3,1,6,107,321,0,644,0,0,0,0,0,0,0
249649,1,bully,3228,1,36,4468878,324,646,1944,3876,1,1,246421,3228,0,37,0,0,0,LEADER,1,4,1,10,36,324,0,646,0,0,0,0,0,0,0
249954,5,bully,3534,1,36,4479875,324,648,1944,3888,1,1,246420,3534,0,37,0,0,0,NORMAL,0,3,1,10,81,324,0,648,0,0,0,0,0,0,0
249513,4,bully,3092,1,36,4463982,324,647,1944,3882,1,1,246421,3092,0,37,0,0,0,NORMAL,0,3,1,10,81,324,0,647,0,0,0,0,0,0,0
250092,2,bully,3671,1,36,4484826,324,646,1944,3876,1,1,246421,3671,0,37,0,0,0,NORMAL,0,3,1,9,107,324,0,646,0,0,0,0,0,0,0
250070,3,bully,3649,1,36,4484034,324,650,1944,3900,1,1,246421,3649,0,37,0,0,0,NORMAL,0,3,1,9,107,324,0,650,0,0,0,0,0,0,0
251952,1,bully,3228,1,37,4720830,327,652,1962,3912,1,1,248724,3228,0,38,0,0,0,LEADER,1,4,1,4,37,327,0,652,0,0,0,0,0,0,0
252257,5,bully,3534,1,37,4732132,327,654,1962,3924,1,1,248723,3534,0,38,0,0,0,NORMAL,0,3,2,3,84,327,0,654,0,0,0,0,0,0,0
251816,4,bully,3092,1,37,4715798,327,653,1962,3918,1,1,248724,3092,0,38,0,0,0,NORMAL,0,3,2,3,84,327,0,653,0,0,0,0,0,0,0
252395,2,bully,3671,1,37,4737221,327,652,1962,3912,1,1,248724,3671,0,38,0,0,0,NORMAL,0,3,2,3,110,327,0,652,0,0,0,0,0,0,0
252373,3,bully,3649,1,37,4736407,327,656,1962,3936,1,1,248724,3649,0,38,0,0,0,NORMAL,0,3,2,3,110,327,0,656,0,0,0,0,0,0,0
254255,1,bully,3228,1,37,4720830,330,658,1980,3948,1,1,251027,3228,0,38,0,0,0,LEADER,1,4,1,7,37,330,0,658,0,0,0,0,0,0,0
254560,5,bully,3534,1,37,4732132,330,660,1980,3960,1,1,251026,3534,0,38,0,0,0,NORMAL,0,3,1,6,84,330,0,660,0,0,0,0,0,0,0
254119,4,bully,3092,1,37,4715798,330,659,1980,3954,1,1,251027,3092,0,38,0,0,0,NORMAL,0,3,1,6,84,330,0,659,0,0,0,0,0,0,0
254698,2,bully,3671,1,37,4737221,330,658,1980,3948,1,1,251027,3671,0,38,0,0,0,NORMAL,0,3,1,6,110,330,0,658,0,0,0,0,0,0,0
254676,3,bully,3649,1,37,4736407,330,662,1980,3972,1,1,251027,3649,0,38,0,0,0,NORMAL,0,3,1,6,110,330,0,662,0,0,0,0,0,0,0
256558,1,bully,3228,1,37,4720830,333,664,1998,3984,1,1,253330,3228,0,38,0,0,0,LEADER,1,4,1,10,37,333,0,664,0,0,0,0,0,0,0
256863,5,bully,3534,1,37,4732132,333,666,1998,3996,1,1,253329,3534,0,38,0,0,0,NORMAL,0,3,1,9,84,333,0,666,0,0,0,0,0,0,0
256422,4,bully,3092,1,37,4715798,333,665,1998,3990,1,1,253330,3092,0,38,0,0,0,NORMAL,0,3,1,9,84,333,0,665,0,0,0,0,0,0,0
257001,2,bully,3671,1,37,4737221,333,664,1998,3984,1,1,253330,3671,0,38,0,0,0,NORMAL,0,3,1,9,110,333,0,664,0,0,0,0,0,0,0
256979,3,bully,3649,1,37,4736407,333,668,1998,4008,1,1,253330,3649,0,38,0,0,0,NORMAL,0,3,1,9,110,333,0,668,0,0,0,0,0,0,0
258861,1,bully,3228,1,38,4979691,336,670,2016,4020,1,1,255633,3228,0,39,0,0,0,LEADER,1,4,1,4,38,336,0,670,0,0,0,0,0,0,0
259166,5,bully,3534,1,38,4991298,336,672,2016,4032,1,1,255632,3534,0,39,0,0,0,NORMAL,0,3,2,4,86,336,0,672,0,0,0,0,0,0,0
258725,4,bully,3092,1,38,4974523,336,671,2016,4026,1,1,255633,3092,0,39,0,0,0,NORMAL,0,3,2,4,86,336,0,671,0,0,0,0,0,0,0
259304,2,bully,3671,1,38,4996525,336,670,2016,4020,1,1,255633,3671,0,39,0,0,0,NORMAL,0,3,2,3,113,336,0,670,0,0,0,0,0,0,0
259282,3,bully,3649,1,38,4995689,336,674,2016,4044,1,1,255633,3649,0,39,0,0,0,NORMAL,0,3,2,3,113,336,0,674,0,0,0,0,0,0,0
261164,1,bully,3228,1,38,4979691,339,676,2034,4056,1,1,257936,3228,0,39,0,0,0,LEADER,1,4,1,7,38,339,0,676,0,0,0,0,0,0,0
261469,5,bully,3534,1,38,4991298,339,678,2034,4068,1,1,257935,3534,0,39,0,0,0,NORMAL,0,3,1,7,86,339,0,678,0,0,0,0,0,0,0
261028,4,bully,3092,1,38,4974523,339,677,2034,4062,1,1,257936,3092,0,39,0,0,0,NORMAL,0,3,1,7,86,339,0,677,0,0,0,0,0,0,0
261607,2,bully,3671,1,38,4996525,339,676,2034,4056,1,1,257936,3671,0,39,0,0,0,NORMAL,0,3,1,6,113,339,0,676,0,0,0,0,0,0,0
261585,3,bully,3649,1,38,4995689,339,680,2034,4080,1,1,257936,3649,0,39,0,0,0,NORMAL,0,3,1,6,113,339,0,680,0,0,0,0,0,0,0
263467,1,bully,3228,1,38,4979691,342,682,2052,4092,1,1,260239,3228,0,39,0,0,0,LEADER,1,4,1,10,38,342,0,682,0,0,0,0,0,0,0
263771,5,bully,3534,1,38,4991298,342,684,2052,4104,1,1,260237,3534,0,39,0,0,0,NORMAL,0,3,1,10,86,342,0,684,0,0,0,0,0,0,0
263331,4,bully,3092,1,38,4974523,342,683,2052,4098,1,1,260239,3092,0,39,0,0,0,NORMAL,0,3,1,10,86,342,0,683,0,0,0,0,0,0,0
263910,2,bully,3671,1,38,4996525,342,682,2052,4092,1,1,260239,3671,0,39,0,0,0,NORMAL,0,3,1,9,113,342,0,682,0,0,0,0,0,0,0
263888,3,bully,3649,1,38,4995689,342,686,2052,4116,1,1,260239,3649,0,39,0,0,0,NORMAL,0,3,1,9,113,342,0,686,0,0,0,0,0,0,0
265770,1,bully,3228,1,39,5245461,345,688,2070,4128,1,1,262542,3228,0,40,0,0,0,LEADER,1,4,1,4,39,345,0,688,0,0,0,0,0,0,0
266074,5,bully,3534,1,39,5257372,345,690,2070,4140,1,1,262540,3534,0,40,0,0,0,NORMAL,0,3,2,4,88,345,0,690,0,0,0,0,0,0,0
265634,4,bully,3092,1,39,5240157,345,689,2070,4134,1,1,262542,3092,0,40,0,0,0,NORMAL,0,3,2,4,88,345,0,689,0,0,0,0,0,0,0
266213,2,bully,3671,1,39,5262738,345,688,2070,4128,1,1,262542,3671,0,40,0,0,0,NORMAL,0,3,2,3,116,345,0,688,0,0,0,0,0,0,0
266191,3,bully,3649,1,39,5261880,345,692,2070,4152,1,1,262542,3649,0,40,0,0,0,NORMAL,0,3,2,3,116,345,0,692,0,0,0,0,0,0,0
268073,1,bully,3228,1,39,5245461,348,694,2088,4164,1,1,264845,3228,0,40,0,0,0,LEADER,1,4,1,7,39,348,0,694,0,0,0,0,0,0,0
268377,5,bully,3534,1,39,5257372,348,696,2088,4176,1,1,264843,3534,0,40,0,0,0,NORMAL,0,3,1,7,88,348,0,696,0,0,0,0,0,0,0
267937,4,bully,3092,1,39,5240157,348,695,2088,4170,1,1,264845,3092,0,40,0,0,0,NORMAL,0,3,1,7,88,348,0,695,0,0,0,0,0,0,0
268516,2,bully,3671,1,39,5262738,348,694,2088,4164,1,1,264845,3671,0,40,0,0,0,NORMAL,0,3,1,6,116,348,0,694,0,0,0,0,0,0,0
268494,3,bully,3649,1,39,5261880,348,698,2088,4188,1,1,264845,3649,0,40,0,0,0,NORMAL,0,3,1,6,116,348,0,698,0,0,0,0,0,0,0
270376,1,bully,3228,1,39,5245461,351,700,2106,4200,1,1,267148,3228,0,40,0,0,0,LEADER,1,4,1,10,39,351,0,700,0,0,0,0,0,0,0
270680,5,bully,3534,1,39,5257372,351,702,2106,4212,1,1,267146,3534,0,40,0,0,0,NORMAL,0,3,1,10,88,351,0,702,0,0,0,0,0,0,0
270240,4,bully,3092,1,39,5240157,351,701,2106,4206,1,1,267148,3092,0,40,0,0,0,NORMAL,0,3,1,10,88,351,0,701,0,0,0,0,0,0,0
270819,2,bully,3671,1,39,5262738,351,700,2106,4200,1,1,267148,3671,0,40,0,0,0,NORMAL,0,3,1,9,116,351,0,700,0,0,0,0,0,0,0
270797,3,bully,3649,1,39,5261880,351,704,2106,4224,1,1,267148,3649,0,40,0,0,0,NORMAL,0,3,1,9,116,351,0,704,0,0,0,0,0,0,0
272679,1,bully,3228,1,40,5518140,354,706,2124,4236,1,1,269451,3228,0,41,0,0,0,LEADER,1,4,1,4,40,354,0,706,0,0,0,0,0,0,0
272983,5,bully,3534,1,40,5530355,354,708,2124,4248,1,1,269449,3534,0,41,0,0,0,NORMAL,0,3,2,3,91,354,0,708,0,0,0,0,0,0,0
272543,4,bully,3092,1,40,5512700,354,707,2124,4242,1,1,269451,3092,0,41,0,0,0,NORMAL,0,3,2,3,91,354,0,707,0,0,0,0,0,0,0
273122,2,bully,3671,1,40,5535860,354,706,2124,4236,1,1,269451,3671,0,41,0,0,0,NORMAL,0,3,2,3,119,354,0,706,0,0,0,0,0,0,0
273100,3,bully,3649,1,40,5534980,354,710,2124,4260,1,1,269451,3649,0,41,0,0,0,NORMAL,0,3,2,3,119,354,0,710,0,0,0,0,0,0,0
274982,1,bully,3228,1,40,5518140,357,712,2142,4272,1,1,271754,3228,0,41,0,0,0,LEADER,1,4,1,7,40,357,0,712,0,0,0,0,0,0,0
275286,5,bully,3534,1,40,5530355,357,714,2142,4284,1,1,271752,3534,0,41,0,0,0,NORMAL,0,3,1,6,91,357,0,714,0,0,0,0,0,0,0
274846,4,bully,3092,1,40,5512700,357,713,2142,4278,1,1,271754,3092,0,41,0,0,0,NORMAL,0,3,1,6,91,357,0,713,0,0,0,0,0,0,0
275425,2,bully,3671,1,40,5535860,357,712,2142,4272,1,1,271754,3671,0,41,0,0,0,NORMAL,0,3,1,6,119,357,0,712,0,0,0,0,0,0,0
275403,3,bully,3649,1,40,5534980,357,716,2142,4296,1,1,271754,3649,0,41,0,0,0,NORMAL,0,3,1,6,119,357,0,716,0,0,0,0,0,0,0
277285,1,bully,3228,1,40,5518140,360,718,2160,4308,1,1,274057,3228,0,41,0,0,0,LEADER,1,4,1,10,40,360,0,718,0,0,0,0,0,0,0
277589,5,bully,3534,1,40,5530355,360,720,2160,4320,1,1,274055,3534,0,41,0,0,0,NORMAL,0,3,1,9,91,360,0,720,0,0,0,0,0,0,0
277149,4,bully,3092,1,40,5512700,360,719,2160,4314,1,1,274057,3092,0,41,0,0,0,NORMAL,0,3,1,9,91,360,0,719,0,0,0,0,0,0,0
277728,2,bully,3671,1,40,5535860,360,718,2160,4308,1,1,274057,3671,0,41,0,0,0,NORMAL,0,3,1,9,119,360,0,718,0,0,0,0,0,0,0
277706,3,bully,3649,1,40,5534980,360,722,2160,4332,1,1,274057,3649,0,41,0,0,0,NORMAL,0,3,1,9,119,360,0,722,0,0,0,0,0,0,0
279588,1,bully,3228,1,41,5797728,363,724,2178,4344,1,1,276360,3228,0,42,0,0,0,LEADER,1,4,1,4,41,363,0,724,0,0,0,0,0,0,0
279892,5,bully,3534,1,41,5810247,363,726,2178,4356,1,1,276358,3534,0,42,0,0,0,NORMAL,0,3,2,4,93,363,0,726,0,0,0,0,0,0,0
279452,4,bully,3092,1,41,5792152,363,725,2178,4350,1,1,276360,3092,0,42,0,0,0,NORMAL,0,3,2,4,93,363,0,725,0,0,0,0,0,0,0
280031,2,bully,3671,1,41,5815891,363,724,2178,4344,1,1,276360,3671,0,42,0,0,0,NORMAL,0,3,2,3,122,363,0,724,0,0,0,0,0,0,0
280009,3,bully,3649,1,41,5814989,363,728,2178,4368,1,1,276360,3649,0,42,0,0,0,NORMAL,0,3,2,3,122,363,0,728,0,0,0,0,0,0,0
281891,1,bully,3228,1,41,5797728,366,730,2196,4380,1,1,278663,3228,0,42,0,0,0,LEADER,1,4,1,7,41,366,0,730,0,0,0,0,0,0,0
282195,5,bully,3534,1,41,5810247,366,732,2196,4392,1,1,278661,3534,0,42,0,0,0,NORMAL,0,3,1,7,93,366,0,732,0,0,0,0,0,0,0
281755,4,bully,3092,1,41,5792152,366,731,2196,4386,1,1,278663,3092,0,42,0,0,0,NORMAL,0,3,1,7,93,366,0,731,0,0,0,0,0,0,0
282334,2,bully,3671,1,41,5815891,366,730,2196,4380,1,1,278663,3671,0,42,0,0,0,NORMAL,0,3,1,6,122,366,0,730,0,0,0,0,0,0,0
282312,3,bully,3649,1,41,5814989,366,734,2196,4404,1,1,278663,3649,0,42,0,0,0,NORMAL,0,3,1,6,122,366,0,734,0,0,0,0,0,0,0
284194,1,bully,3228,1,41,5797728,369,736,2214,4416,1,1,280966,3228,0,42,0,0,0,LEADER,1,4,1,10,41,369,0,736,0,0,0,0,0,0,0
284498,5,bully,3534,1,41,5810247,369,738,2214,4428,1,1,280964,3534,0,42,0,0,0,NORMAL,0,3,1,10,93,369,0,738,0,0,0,0,0,0,0
284058,4,bully,3092,1,41,5792152,369,737,2214,4422,1,1,280966,3092,0,42,0,0,0,NORMAL,0,3,1,10,93,369,0,737,0,0,0,0,0,0,0
284637,2,bully,3671,1,41,5815891,369,736,2214,4416,1,1,280966,3671,0,42,0,0,0,NORMAL,0,3,1,9,122,369,0,736,0,0,0,0,0,0,0
284615,3,bully,3649,1,41,5814989,369,740,2214,4440,1,1,280966,3649,0,42,0,0,0,NORMAL,0,3,1,9,122,369,0,740,0,0,0,0,0,0,0
286497,1,bully,3228,1,42,6084225,372,742,2232,4452,1,1,283269,3228,0,43,0,0,0,LEADER,1,4,1,4,42,372,0,742,0,0,0,0,0,0,0
286801,5,bully,3534,1,42,6097048,372,744,2232,4464,1,1,283267,3534,0,43,0,0,0,NORMAL,0,3,2,4,95,372,0,744,0,0,0,0,0,0,0
286361,4,bully,3092,1,42,6078513,372,743,2232,4458,1,1,283269,3092,0,43,0,0,0,NORMAL,0,3,2,4,95,372,0,743,0,0,0,0,0,0,0
286940,2,bully,3671,1,42,6102831,372,742,2232,4452,1,1,283269,3671,0,43,0,0,0,NORMAL,0,3,2,3,125,372,0,742,0,0,0,0,0,0,0
286918,3,bully,3649,1,42,6101907,372,746,2232,4476,1,1,283269,3649,0,43,0,0,0,NORMAL,0,3,2,3,125,372,0,746,0,0,0,0,0,0,0
288800,1,bully,3228,1,42,6084225,375,748,2250,4488,1,1,285572,3228,0,43,0,0,0,LEADER,1,4,1,7,42,375,0,748,0,0,0,0,0,0,0
289104,5,bully,3534,1,42,6097048,375,750,2250,4500,1,1,285570,3534,0,43,0,0,0,NORMAL,0,3,1,7,95,375,0,750,0,0,0,0,0,0,0
288664,4,bully,3092,1,42,6078513,375,749,2250,4494,1,1,285572,3092,0,43,0,0,0,NORMAL,0,3,1,7,95,375,0,749,0,0,0,0,0,0,0
289243,2,bully,3671,1,42,6102831,375,748,2250,4488,1,1,285572,3671,0,43,0,0,0,NORMAL,0,3,1,6,125,375,0,748,0,0,0,0,0,0,0
289221,3,bully,3649,1,42,6101907,375,752,2250,4512,1,1,285572,3649,0,43,0,0,0,NORMAL,0,3,1,6,125,375,0,752,0,0,0,0,0,0,0
291103,1,bully,3228,1,42,6084225,378,754,2268,4524,1,1,287875,3228,0,43,0,0,0,LEADER,1,4,1,10,42,378,0,754,0,0,0,0,0,0,0
291406,5,bully,3534,1,42,6097048,378,756,2268,4536,1,1,287872,3534,0,43,0,0,0,NORMAL,0,3,1,10,95,378,0,756,0,0,0,0,0,0,0
290967,4,bully,3092,1,42,6078513,378,755,2268,4530,1,1,287875,3092,0,43,0,0,0,NORMAL,0,3,1,10,95,378,0,755,0,0,0,0,0,0,0
291546,2,bully,3671,1,42,6102831,378,754,2268,4524,1,1,287875,3671,0,43,0,0,0,NORMAL,0,3,1,9,125,378,0,754,0,0,0,0,0,0,0
291524,3,bully,3649,1,42,6101907,378,758,2268,4548,1,1,287875,3649,0,43,0,0,0,NORMAL,0,3,1,9,125,378,0,758,0,0,0,0,0,0,0
293406,1,bully,3228,1,43,6377631,381,760,2286,4560,1,1,290178,3228,0,44,0,0,0,LEADER,1,4,1,4,43,381,0,760,0,0,0,0,0,0,0
293709,5,bully,3534,1,43,6390757,381,762,2286,4572,1,1,290175,3534,0,44,0,0,0,NORMAL,0,3,2,3,98,381,0,762,0,0,0,0,0,0,0
293270,4,bully,3092,1,43,6371783,381,761,2286,4566,1,1,290178,3092,0,44,0,0,0,NORMAL,0,3,2,3,98,381,0,761,0,0,0,0,0,0,0
293849,2,bully,3671,1,43,6396680,381,760,2286,4560,1,1,290178,3671,0,44,0,0,0,NORMAL,0,3,2,3,128,381,0,760,0,0,0,0,0,0,0
293827,3,bully,3649,1,43,6395734,381,764,2286,4584,1,1,290178,3649,0,44,0,0,0,NORMAL,0,3,2,3,128,381,0,764,0,0,0,0,0,0,0
295709,1,bully,3228,1,43,6377631,384,766,2304,4596,1,1,292481,3228,0,44,0,0,0,LEADER,1,4,1,7,43,384,0,766,0,0,0,0,0,0,0
296012,5,bully,3534,1,43,6390757,384,768,2304,4608,1,1,292478,3534,0,44,0,0,0,NORMAL,0,3,1,6,98,384,0,768,0,0,0,0,0,0,0
295573,4,bully,3092,1,43,6371783,384,767,2304,4602,1,1,292481,3092,0,44,0,0,0,NORMAL,0,3,1,6,98,384,0,767,0,0,0,0,0,0,0
296152,2,bully,3671,1,43,6396680,384,766,2304,4596,1,1,292481,3671,0,44,0,0,0,NORMAL,0,3,1,6,128,384,0,766,0,0,0,0,0,0,0
296131,3,bully,3649,1,43,6395734,384,770,2304,4620,1,1,292482,3649,0,44,0,0,0,NORMAL,0,3,1,6,128,384,0,770,0,0,0,0,0,0,0
298012,1,bully,3228,1,43,6377631,387,772,2322,4632,1,1,294784,3228,0,44,0,0,0,LEADER,1,4,1,10,43,387,0,772,0,0,0,0,0,0,0
298315,5,bully,3534,1,43,6390757,387,774,2322,4644,1,1,294781,3534,0,44,0,0,0,NORMAL,0,3,1,9,98,387,0,774,0,0,0,0,0,0,0
297876,4,bully,3092,1,43,6371783,387,773,2322,4638,1,1,294784,3092,0,44,0,0,0,NORMAL,0,3,1,9,98,387,0,773,0,0,0,0,0,0,0
298455,2,bully,3671,1,43,6396680,387,772,2322,4632,1,1,294784,3671,0,44,0,0,0,NORMAL,0,3,1,9,128,387,0,772,0,0,0,0,0,0,0
298434,3,bully,3649,1,43,6395734,387,776,2322,4656,1,1,294785,3649,0,44,0,0,0,NORMAL,0,3,1,9,128,387,0,776,0,0,0,0,0,0,0
