timestamp,node_id,algorithm,first_convergence_time_ms,elections_started,elections_completed,total_election_time_ms,messages_sent,messages_received,bytes_sent,bytes_received,leader_changes,current_leader,time_in_normal_ms,time_in_election_ms,time_in_waiting_ms,state_transitions,timeouts_detected,heartbeats_sent,heartbeats_received,current_state,am_leader,elections_won,elections_lost,msg_election_sent,msg_answer_sent,msg_coordinator_sent,msg_alive_sent,msg_election_recv,msg_answer_recv,msg_coordinator_recv,msg_alive_recv,duplicates_filtered,invalid_coordinators,coordinator_reannouncements,alive_adoptions
2772,6,bully,2772,1,1,2772,3,4,18,24,1,1,0,2772,0,2,0,0,0,NORMAL,0,3,2,3,3,3,0,4,0,0,0,0,0,0,0
3023,1,bully,3023,1,1,3023,3,2,18,12,1,1,0,3023,0,2,0,0,0,LEADER,1,4,1,4,1,3,0,2,0,0,0,0,0,0,0
2750,7,bully,2750,1,1,2750,3,6,18,36,1,1,0,2750,0,2,0,0,0,NORMAL,0,3,2,3,4,3,0,6,0,0,0,0,0,0,0
3466,2,bully,3466,1,1,3466,3,6,18,36,1,1,0,3466,0,2,0,0,0,NORMAL,0,3,2,4,2,3,0,6,0,0,0,0,0,0,0
3078,10,bully,3078,1,1,3078,3,4,18,24,1,1,0,3078,0,2,0,0,0,NORMAL,0,3,2,4,2,3,0,4,0,0,0,0,0,0,0
3193,8,bully,3193,1,1,3193,3,6,18,36,1,1,0,3193,0,2,0,0,0,NORMAL,0,3,2,3,4,3,0,6,0,0,0,0,0,0,0
2908,3,bully,2908,1,1,2908,3,6,18,36,1,1,0,2908,0,2,0,0,0,NORMAL,0,3,2,4,2,3,0,6,0,0,0,0,0,0,0
2887,4,bully,2887,1,1,2887,3,6,18,36,1,1,0,2887,0,2,0,0,0,NORMAL,0,3,2,4,2,3,0,6,0,0,0,0,0,0,0
3329,5,bully,3329,1,1,3329,3,8,18,48,1,1,0,3329,0,2,0,0,0,NORMAL,0,3,2,4,2,3,0,8,0,0,0,0,0,0,0
3635,9,bully,3635,1,1,3635,3,4,18,24,1,1,0,3635,0,2,0,0,0,NORMAL,0,3,2,3,4,3,0,4,0,0,0,0,0,0,0
5075,6,bully,2772,1,1,2772,6,10,36,60,1,1,2303,2772,0,2,0,0,0,NORMAL,0,3,1,6,3,6,0,10,0,0,0,0,0,0,0
5326,1,bully,3023,1,1,3023,6,5,36,30,1,1,2303,3023,0,2,0,0,0,LEADER,1,4,1,7,1,6,0,5,0,0,0,0,0,0,0
5053,7,bully,2750,1,1,2750,6,12,36,72,1,1,2303,2750,0,2,0,0,0,NORMAL,0,3,1,6,4,6,0,12,0,0,0,0,0,0,0
5769,2,bully,3466,1,1,3466,6,12,36,72,1,1,2303,3466,0,2,0,0,0,NORMAL,0,3,1,7,2,6,0,12,0,0,0,0,0,0,0
5381,10,bully,3078,1,1,3078,6,7,36,42,1,1,2303,3078,0,2,0,0,0,NORMAL,0,3,1,7,2,6,0,7,0,0,0,0,0,0,0
5496,8,bully,3193,1,1,3193,6,12,36,72,1,1,2303,3193,0,2,0,0,0,NORMAL,0,3,1,6,4,6,0,12,0,0,0,0,0,0,0
5211,3,bully,2908,1,1,2908,6,12,36,72,1,1,2303,2908,0,2,0,0,0,NORMAL,0,3,1,7,2,6,0,12,0,0,0,0,0,0,0
5190,4,bully,2887,1,1,2887,6,12,36,72,1,1,2303,2887,0,2,0,0,0,NORMAL,0,3,1,7,2,6,0,12,0,0,0,0,0,0,0
5632,5,bully,3329,1,1,3329,6,14,36,84,1,1,2303,3329,0,2,0,0,0,NORMAL,0,3,1,7,2,6,0,14,0,0,0,0,0,0,0
5938,9,bully,3635,1,1,3635,6,7,36,42,1,1,2303,3635,0,2,0,0,0,NORMAL,0,3,1,6,4,6,0,7,0,0,0,0,0,0,0
7378,6,bully,2772,1,1,2772,9,16,54,96,1,1,4606,2772,0,2,0,0,0,NORMAL,0,3,1,9,3,9,0,16,0,0,0,0,0,0,0
7629,1,bully,3023,1,1,3023,9,8,54,48,1,1,4606,3023,0,2,0,0,0,LEADER,1,4,1,10,1,9,0,8,0,0,0,0,0,0,0
7356,7,bully,2750,1,1,2750,9,18,54,108,1,1,4606,2750,0,2,0,0,0,NORMAL,0,3,1,9,4,9,0,18,0,0,0,0,0,0,0
8072,2,bully,3466,1,1,3466,9,18,54,108,1,1,4606,3466,0,2,0,0,0,NORMAL,0,3,1,10,2,9,0,18,0,0,0,0,0,0,0
7684,10,bully,3078,1,1,3078,9,10,54,60,1,1,4606,3078,0,2,0,0,0,NORMAL,0,3,1,10,2,9,0,10,0,0,0,0,0,0,0
7799,8,bully,3193,1,1,3193,9,18,54,108,1,1,4606,3193,0,2,0,0,0,NORMAL,0,3,1,9,4,9,0,18,0,0,0,0,0,0,0
7514,3,bully,2908,1,1,2908,9,18,54,108,1,1,4606,2908,0,2,0,0,0,NORMAL,0,3,1,10,2,9,0,18,0,0,0,0,0,0,0
7493,4,bully,2887,1,1,2887,9,18,54,108,1,1,4606,2887,0,2,0,0,0,NORMAL,0,3,1,10,2,9,0,18,0,0,0,0,0,0,0
7935,5,bully,3329,1,1,3329,9,20,54,120,1,1,4606,3329,0,2,0,0,0,NORMAL,0,3,1,10,2,9,0,20,0,0,0,0,0,0,0
8241,9,bully,3635,1,1,3635,9,10,54,60,1,1,4606,3635,0,2,0,0,0,NORMAL,0,3,1,9,4,9,0,10,0,0,0,0,0,0,0
9681,6,bully,2772,1,2,12453,12,22,72,132,1,1,6909,2772,0,3,0,0,0,NORMAL,0,3,2,3,6,12,0,22,0,0,0,0,0,0,0
9932,1,bully,3023,1,2,12955,12,11,72,66,1,1,6909,3023,0,3,0,0,0,LEADER,1,4,1,4,2,12,0,11,0,0,0,0,0,0,0
9659,7,bully,2750,1,2,12409,12,24,72,144,1,1,6909,2750,0,3,0,0,0,NORMAL,0,3,2,3,7,12,0,24,0,0,0,0,0,0,0
10375,2,bully,3466,1,2,13841,12,24,72,144,1,1,6909,3466,0,3,0,0,0,NORMAL,0,3,2,3,5,12,0,24,0,0,0,0,0,0,0
9987,10,bully,3078,1,2,13065,12,13,72,78,1,1,6909,3078,0,3,0,0,0,NORMAL,0,3,2,3,5,12,0,13,0,0,0,0,0,0,0
10102,8,bully,3193,1,2,13295,12,24,72,144,1,1,6909,3193,0,3,0,0,0,NORMAL,0,3,2,3,7,12,0,24,0,0,0,0,0,0,0
9817,3,bully,2908,1,2,12725,12,24,72,144,1,1,6909,2908,0,3,0,0,0,NORMAL,0,3,2,3,5,12,0,24,0,0,0,0,0,0,0
9796,4,bully,2887,1,2,12683,12,24,72,144,1,1,6909,2887,0,3,0,0,0,NORMAL,0,3,2,3,5,12,0,24,0,0,0,0,0,0,0
10238,5,bully,3329,1,2,13567,12,26,72,156,1,1,6909,3329,0,3,0,0,0,NORMAL,0,3,2,3,5,12,0,26,0,0,0,0,0,0,0
10544,9,bully,3635,1,2,14179,12,13,72,78,1,1,6909,3635,0,3,0,0,0,NORMAL,0,3,2,3,7,12,0,13,0,0,0,0,0,0,0
11984,6,bully,2772,1,2,12453,15,28,90,168,1,1,9212,2772,0,3,0,0,0,NORMAL,0,3,1,6,6,15,0,28,0,0,0,0,0,0,0
12235,1,bully,3023,1,2,12955,15,14,90,84,1,1,9212,3023,0,3,0,0,0,LEADER,1,4,1,7,2,15,0,14,0,0,0,0,0,0,0
11962,7,bully,2750,1,2,12409,15,29,90,174,1,1,9212,2750,0,3,0,0,0,NORMAL,0,3,1,6,7,15,0,29,0,0,0,0,0,0,0
12678,2,bully,3466,1,2,13841,15,30,90,180,1,1,9212,3466,0,3,0,0,0,NORMAL,0,3,1,6,5,15,0,30,0,0,0,0,0,0,0
12290,10,bully,3078,1,2,13065,15,16,90,96,1,1,9212,3078,0,3,0,0,0,NORMAL,0,3,1,6,5,15,0,16,0,0,0,0,0,0,0
12405,8,bully,3193,1,2,13295,15,30,90,180,1,1,9212,3193,0,3,0,0,0,NORMAL,0,3,1,6,7,15,0,30,0,0,0,0,0,0,0
12120,3,bully,2908,1,2,12725,15,30,90,180,1,1,9212,2908,0,3,0,0,0,NORMAL,0,3,1,6,5,15,0,30,0,0,0,0,0,0,0
12099,4,bully,2887,1,2,12683,15,30,90,180,1,1,9212,2887,0,3,0,0,0,NORMAL,0,3,1,6,5,15,0,30,0,0,0,0,0,0,0
12541,5,bully,3329,1,2,13567,15,32,90,192,1,1,9212,3329,0,3,0,0,0,NORMAL,0,3,1,6,5,15,0,32,0,0,0,0,0,0,0
12847,9,bully,3635,1,2,14179,15,16,90,96,1,1,9212,3635,0,3,0,0,0,NORMAL,0,3,1,6,7,15,0,16,0,0,0,0,0,0,0
14287,6,bully,2772,1,2,12453,18,34,108,204,1,1,11515,2772,0,3,0,0,0,NORMAL,0,3,1,9,6,18,0,34,0,0,0,0,0,0,0
14538,1,bully,3023,1,2,12955,18,17,108,102,1,1,11515,3023,0,3,0,0,0,LEADER,1,4,1,10,2,18,0,17,0,0,0,0,0,0,0
14265,7,bully,2750,1,2,12409,18,36,108,216,1,1,11515,2750,0,3,0,0,0,NORMAL,0,3,1,9,7,18,0,36,0,0,0,0,0,0,0
14981,2,bully,3466,1,2,13841,18,36,108,216,1,1,11515,3466,0,3,0,0,0,NORMAL,0,3,1,9,5,18,0,36,0,0,0,0,0,0,0
14593,10,bully,3078,1,2,13065,18,19,108,114,1,1,11515,3078,0,3,0,0,0,NORMAL,0,3,1,9,5,18,0,19,0,0,0,0,0,0,0
14708,8,bully,3193,1,2,13295,18,36,108,216,1,1,11515,3193,0,3,0,0,0,NORMAL,0,3,1,9,7,18,0,36,0,0,0,0,0,0,0
14423,3,bully,2908,1,2,12725,18,36,108,216,1,1,11515,2908,0,3,0,0,0,NORMAL,0,3,1,9,5,18,0,36,0,0,0,0,0,0,0
14401,4,bully,2887,1,2,12683,18,35,108,210,1,1,11514,2887,0,3,0,0,0,NORMAL,0,3,1,9,5,18,0,35,0,0,0,0,0,0,0
14844,5,bully,3329,1,2,13567,18,38,108,228,1,1,11515,3329,0,3,0,0,0,NORMAL,0,3,1,9,5,18,0,38,0,0,0,0,0,0,0
15150,9,bully,3635,1,2,14179,18,19,108,114,1,1,11515,3635,0,3,0,0,0,NORMAL,0,3,1,9,7,18,0,19,0,0,0,0,0,0,0
16590,6,bully,2772,1,3,29043,21,40,126,240,1,1,13818,2772,0,4,0,0,0,NORMAL,0,3,2,3,9,21,0,40,0,0,0,0,0,0,0
16841,1,bully,3023,1,3,29796,21,20,126,120,1,1,13818,3023,0,4,0,0,0,LEADER,1,4,1,4,3,21,0,20,0,0,0,0,0,0,0
16568,7,bully,2750,1,3,28977,21,42,126,252,1,1,13818,2750,0,4,0,0,0,NORMAL,0,3,2,3,10,21,0,42,0,0,0,0,0,0,0
17284,2,bully,3466,1,3,31125,21,42,126,252,1,1,13818,3466,0,4,0,0,0,NORMAL,0,3,2,3,8,21,0,42,0,0,0,0,0,0,0
16896,10,bully,3078,1,3,29961,21,22,126,132,1,1,13818,3078,0,4,0,0,0,NORMAL,0,3,2,3,8,21,0,22,0,0,0,0,0,0,0
17011,8,bully,3193,1,3,30306,21,42,126,252,1,1,13818,3193,0,4,0,0,0,NORMAL,0,3,2,3,10,21,0,42,0,0,0,0,0,0,0
16726,3,bully,2908,1,3,29451,21,42,126,252,1,1,13818,2908,0,4,0,0,0,NORMAL,0,3,2,3,8,21,0,42,0,0,0,0,0,0,0
16704,4,bully,2887,1,3,29387,21,42,126,252,1,1,13817,2887,0,4,0,0,0,NORMAL,0,3,2,3,9,21,0,42,0,0,0,0,0,0,0
17147,5,bully,3329,1,3,30714,21,44,126,264,1,1,13818,3329,0,4,0,0,0,NORMAL,0,3,2,3,8,21,0,44,0,0,0,0,0,0,0
17453,9,bully,3635,1,3,31632,21,22,126,132,1,1,13818,3635,0,4,0,0,0,NORMAL,0,3,2,3,10,21,0,22,0,0,0,0,0,0,0
18893,6,bully,2772,1,3,29043,24,46,144,276,1,1,16121,2772,0,4,0,0,0,NORMAL,0,3,1,6,9,24,0,46,0,0,0,0,0,0,0
19144,1,bully,3023,1,3,29796,24,23,144,138,1,1,16121,3023,0,4,0,0,0,LEADER,1,4,1,7,3,24,0,23,0,0,0,0,0,0,0
18871,7,bully,2750,1,3,28977,24,48,144,288,1,1,16121,2750,0,4,0,0,0,NORMAL,0,3,1,6,10,24,0,48,0,0,0,0,0,0,0
19587,2,bully,3466,1,3,31125,24,48,144,288,1,1,16121,3466,0,4,0,0,0,NORMAL,0,3,1,6,8,24,0,48,0,0,0,0,0,0,0
19199,10,bully,3078,1,3,29961,24,25,144,150,1,1,16121,3078,0,4,0,0,0,NORMAL,0,3,1,6,8,24,0,25,0,0,0,0,0,0,0
19314,8,bully,3193,1,3,30306,24,48,144,288,1,1,16121,3193,0,4,0,0,0,NORMAL,0,3,1,6,10,24,0,48,0,0,0,0,0,0,0
19029,3,bully,2908,1,3,29451,24,48,144,288,1,1,16121,2908,0,4,0,0,0,NORMAL,0,3,1,6,8,24,0,48,0,0,0,0,0,0,0
19007,4,bully,2887,1,3,29387,24,47,144,282,1,1,16120,2887,0,4,0,0,0,NORMAL,0,3,1,6,9,24,0,47,0,0,0,0,0,0,0
19450,5,bully,3329,1,3,30714,24,50,144,300,1,1,16121,3329,0,4,0,0,0,NORMAL,0,3,1,6,8,24,0,50,0,0,0,0,0,0,0
19756,9,bully,3635,1,3,31632,24,25,144,150,1,1,16121,3635,0,4,0,0,0,NORMAL,0,3,1,6,10,24,0,25,0,0,0,0,0,0,0
21196,6,bully,2772,1,3,29043,27,52,162,312,1,1,18424,2772,0,4,0,0,0,NORMAL,0,3,1,9,9,27,0,52,0,0,0,0,0,0,0
21447,1,bully,3023,1,3,29796,27,26,162,156,1,1,18424,3023,0,4,0,0,0,LEADER,1,4,1,10,3,27,0,26,0,0,0,0,0,0,0
21174,7,bully,2750,1,3,28977,27,54,162,324,1,1,18424,2750,0,4,0,0,0,NORMAL,0,3,1,9,10,27,0,54,0,0,0,0,0,0,0
21890,2,bully,3466,1,3,31125,27,54,162,324,1,1,18424,3466,0,4,0,0,0,NORMAL,0,3,1,9,8,27,0,54,0,0,0,0,0,0,0
21502,10,bully,3078,1,3,29961,27,28,162,168,1,1,18424,3078,0,4,0,0,0,NORMAL,0,3,1,9,8,27,0,28,0,0,0,0,0,0,0
21617,8,bully,3193,1,3,30306,27,54,162,324,1,1,18424,3193,0,4,0,0,0,NORMAL,0,3,1,9,10,27,0,54,0,0,0,0,0,0,0
21332,3,bully,2908,1,3,29451,27,54,162,324,1,1,18424,2908,0,4,0,0,0,NORMAL,0,3,1,9,8,27,0,54,0,0,0,0,0,0,0
21310,4,bully,2887,1,3,29387,27,53,162,318,1,1,18423,2887,0,4,0,0,0,NORMAL,0,3,1,9,9,27,0,53,0,0,0,0,0,0,0
21753,5,bully,3329,1,3,30714,27,56,162,336,1,1,18424,3329,0,4,0,0,0,NORMAL,0,3,1,9,8,27,0,56,0,0,0,0,0,0,0
22059,9,bully,3635,1,3,31632,27,28,162,168,1,1,18424,3635,0,4,0,0,0,NORMAL,0,3,1,9,10,27,0,28,0,0,0,0,0,0,0
23499,6,bully,2772,1,4,52542,30,58,180,348,1,1,20727,2772,0,5,0,0,0,NORMAL,0,3,2,3,12,30,0,58,0,0,0,0,0,0,0
23750,1,bully,3023,1,4,53546,30,29,180,174,1,1,20727,3023,0,5,0,0,0,LEADER,1,4,1,4,4,30,0,29,0,0,0,0,0,0,0
23477,7,bully,2750,1,4,52454,30,60,180,360,1,1,20727,2750,0,5,0,0,0,NORMAL,0,3,2,3,13,30,0,60,0,0,0,0,0,0,0
24193,2,bully,3466,1,4,55318,30,60,180,360,1,1,20727,3466,0,5,0,0,0,NORMAL,0,3,2,3,11,30,0,60,0,0,0,0,0,0,0
23805,10,bully,3078,1,4,53766,30,31,180,186,1,1,20727,3078,0,5,0,0,0,NORMAL,0,3,2,3,11,30,0,31,0,0,0,0,0,0,0
23920,8,bully,3193,1,4,54226,30,60,180,360,1,1,20727,3193,0,5,0,0,0,NORMAL,0,3,2,3,13,30,0,60,0,0,0,0,0,0,0
23635,3,bully,2908,1,4,53086,30,60,180,360,1,1,20727,2908,0,5,0,0,0,NORMAL,0,3,2,3,11,30,0,60,0,0,0,0,0,0,0
23613,4,bully,2887,1,4,53000,30,59,180,354,1,1,20726,2887,0,5,0,0,0,NORMAL,0,3,2,3,13,30,0,59,0,0,0,0,0,0,0
24056,5,bully,3329,1,4,54770,30,62,180,372,1,1,20727,3329,0,5,0,0,0,NORMAL,0,3,2,3,11,30,0,62,0,0,0,0,0,0,0
24362,9,bully,3635,1,4,55994,30,31,180,186,1,1,20727,3635,0,5,0,0,0,NORMAL,0,3,2,3,13,30,0,31,0,0,0,0,0,0,0
25802,6,bully,2772,1,4,52542,33,64,198,384,1,1,23030,2772,0,5,0,0,0,NORMAL,0,3,1,6,12,33,0,64,0,0,0,0,0,0,0
26053,1,bully,3023,1,4,53546,33,32,198,192,1,1,23030,3023,0,5,0,0,0,LEADER,1,4,1,7,4,33,0,32,0,0,0,0,0,0,0
25780,7,bully,2750,1,4,52454,33,65,198,390,1,1,23030,2750,0,5,0,0,0,NORMAL,0,3,1,6,13,33,0,65,0,0,0,0,0,0,0
26496,2,bully,3466,1,4,55318,33,66,198,396,1,1,23030,3466,0,5,0,0,0,NORMAL,0,3,1,6,11,33,0,66,0,0,0,0,0,0,0
26108,10,bully,3078,1,4,53766,33,34,198,204,1,1,23030,3078,0,5,0,0,0,NORMAL,0,3,1,6,11,33,0,34,0,0,0,0,0,0,0
26223,8,bully,3193,1,4,54226,33,66,198,396,1,1,23030,3193,0,5,0,0,0,NORMAL,0,3,1,6,13,33,0,66,0,0,0,0,0,0,0
25938,3,bully,2908,1,4,53086,33,66,198,396,1,1,23030,2908,0,5,0,0,0,NORMAL,0,3,1,6,11,33,0,66,0,0,0,0,0,0,0
25916,4,bully,2887,1,4,53000,33,65,198,390,1,1,23029,2887,0,5,0,0,0,NORMAL,0,3,1,6,13,33,0,65,0,0,0,0,0,0,0
26359,5,bully,3329,1,4,54770,33,68,198,408,1,1,23030,3329,0,5,0,0,0,NORMAL,0,3,1,6,11,33,0,68,0,0,0,0,0,0,0
26665,9,bully,3635,1,4,55994,33,34,198,204,1,1,23030,3635,0,5,0,0,0,NORMAL,0,3,1,6,13,33,0,34,0,0,0,0,0,0,0
28105,6,bully,2772,1,4,52542,36,70,216,420,1,1,25333,2772,0,5,0,0,0,NORMAL,0,3,1,9,12,36,0,70,0,0,0,0,0,0,0
28356,1,bully,3023,1,4,53546,36,35,216,210,1,1,25333,3023,0,5,0,0,0,LEADER,1,4,1,10,4,36,0,35,0,0,0,0,0,0,0
28083,7,bully,2750,1,4,52454,36,72,216,432,1,1,25333,2750,0,5,0,0,0,NORMAL,0,3,1,9,13,36,0,72,0,0,0,0,0,0,0
28799,2,bully,3466,1,4,55318,36,72,216,432,1,1,25333,3466,0,5,0,0,0,NORMAL,0,3,1,9,11,36,0,72,0,0,0,0,0,0,0
28411,10,bully,3078,1,4,53766,36,37,216,222,1,1,25333,3078,0,5,0,0,0,NORMAL,0,3,1,9,11,36,0,37,0,0,0,0,0,0,0
28526,8,bully,3193,1,4,54226,36,72,216,432,1,1,25333,3193,0,5,0,0,0,NORMAL,0,3,1,9,13,36,0,72,0,0,0,0,0,0,0
28241,3,bully,2908,1,4,53086,36,72,216,432,1,1,25333,2908,0,5,0,0,0,NORMAL,0,3,1,9,11,36,0,72,0,0,0,0,0,0,0
28219,4,bully,2887,1,4,53000,36,72,216,432,1,1,25332,2887,0,5,0,0,0,NORMAL,0,3,1,9,13,36,0,72,0,0,0,0,0,0,0
28662,5,bully,3329,1,4,54770,36,74,216,444,1,1,25333,3329,0,5,0,0,0,NORMAL,0,3,1,9,11,36,0,74,0,0,0,0,0,0,0
28968,9,bully,3635,1,4,55994,36,37,216,222,1,1,25333,3635,0,5,0,0,0,NORMAL,0,3,1,9,13,36,0,37,0,0,0,0,0,0,0
30408,6,bully,2772,1,5,82950,39,76,234,456,1,1,27636,2772,0,6,0,0,0,NORMAL,0,3,2,3,15,39,0,76,0,0,0,0,0,0,0
30659,1,bully,3023,1,5,84205,39,38,234,228,1,1,27636,3023,0,6,0,0,0,LEADER,1,4,1,4,5,39,0,38,0,0,0,0,0,0,0
30386,7,bully,2750,1,5,82840,39,78,234,468,1,1,27636,2750,0,6,0,0,0,NORMAL,0,3,2,3,16,39,0,78,0,0,0,0,0,0,0
31102,2,bully,3466,1,5,86420,39,78,234,468,1,1,27636,3466,0,6,0,0,0,NORMAL,0,3,2,3,14,39,0,78,0,0,0,0,0,0,0
30714,10,bully,3078,1,5,84480,39,40,234,240,1,1,27636,3078,0,6,0,0,0,NORMAL,0,3,2,3,14,39,0,40,0,0,0,0,0,0,0
30829,8,bully,3193,1,5,85055,39,78,234,468,1,1,27636,3193,0,6,0,0,0,NORMAL,0,3,2,3,16,39,0,78,0,0,0,0,0,0,0
30544,3,bully,2908,1,5,83630,39,78,234,468,1,1,27636,2908,0,6,0,0,0,NORMAL,0,3,2,3,14,39,0,78,0,0,0,0,0,0,0
30521,4,bully,2887,1,5,83521,39,77,234,462,1,1,27634,2887,0,6,0,0,0,NORMAL,0,3,2,3,16,39,0,77,0,0,0,0,0,0,0
30965,5,bully,3329,1,5,85735,39,80,234,480,1,1,27636,3329,0,6,0,0,0,NORMAL,0,3,2,3,14,39,0,80,0,0,0,0,0,0,0
31271,9,bully,3635,1,5,87265,39,40,234,240,1,1,27636,3635,0,6,0,0,0,NORMAL,0,3,2,3,16,39,0,40,0,0,0,0,0,0,0
32711,6,bully,2772,1,5,82950,42,82,252,492,1,1,29939,2772,0,6,0,0,0,NORMAL,0,3,1,6,15,42,0,82,0,0,0,0,0,0,0
32962,1,bully,3023,1,5,84205,42,41,252,246,1,1,29939,3023,0,6,0,0,0,LEADER,1,4,1,7,5,42,0,41,0,0,0,0,0,0,0
32689,7,bully,2750,1,5,82840,42,84,252,504,1,1,29939,2750,0,6,0,0,0,NORMAL,0,3,1,6,16,42,0,84,0,0,0,0,0,0,0
33405,2,bully,3466,1,5,86420,42,84,252,504,1,1,29939,3466,0,6,0,0,0,NORMAL,0,3,1,6,14,42,0,84,0,0,0,0,0,0,0
33017,10,bully,3078,1,5,84480,42,43,252,258,1,1,29939,3078,0,6,0,0,0,NORMAL,0,3,1,6,14,42,0,43,0,0,0,0,0,0,0
33132,8,bully,3193,1,5,85055,42,84,252,504,1,1,29939,3193,0,6,0,0,0,NORMAL,0,3,1,6,16,42,0,84,0,0,0,0,0,0,0
32847,3,bully,2908,1,5,83630,42,84,252,504,1,1,29939,2908,0,6,0,0,0,NORMAL,0,3,1,6,14,42,0,84,0,0,0,0,0,0,0
32824,4,bully,2887,1,5,83521,42,83,252,498,1,1,29937,2887,0,6,0,0,0,NORMAL,0,3,1,6,16,42,0,83,0,0,0,0,0,0,0
33268,5,bully,3329,1,5,85735,42,86,252,516,1,1,29939,3329,0,6,0,0,0,NORMAL,0,3,1,6,14,42,0,86,0,0,0,0,0,0,0
33574,9,bully,3635,1,5,87265,42,43,252,258,1,1,29939,3635,0,6,0,0,0,NORMAL,0,3,1,6,16,42,0,43,0,0,0,0,0,0,0
35014,6,bully,2772,1,5,82950,45,88,270,528,1,1,32242,2772,0,6,0,0,0,NORMAL,0,3,1,9,15,45,0,88,0,0,0,0,0,0,0
35265,1,bully,3023,1,5,84205,45,44,270,264,1,1,32242,3023,0,6,0,0,0,LEADER,1,4,1,10,5,45,0,44,0,0,0,0,0,0,0
34992,7,bully,2750,1,5,82840,45,90,270,540,1,1,32242,2750,0,6,0,0,0,NORMAL,0,3,1,9,16,45,0,90,0,0,0,0,0,0,0
35708,2,bully,3466,1,5,86420,45,90,270,540,1,1,32242,3466,0,6,0,0,0,NORMAL,0,3,1,9,14,45,0,90,0,0,0,0,0,0,0
35320,10,bully,3078,1,5,84480,45,46,270,276,1,1,32242,3078,0,6,0,0,0,NORMAL,0,3,1,9,14,45,0,46,0,0,0,0,0,0,0
35435,8,bully,3193,1,5,85055,45,90,270,540,1,1,32242,3193,0,6,0,0,0,NORMAL,0,3,1,9,16,45,0,90,0,0,0,0,0,0,0
35150,3,bully,2908,1,5,83630,45,90,270,540,1,1,32242,2908,0,6,0,0,0,NORMAL,0,3,1,9,14,45,0,90,0,0,0,0,0,0,0
35127,4,bully,2887,1,5,83521,45,90,270,540,1,1,32240,2887,0,6,0,0,0,NORMAL,0,3,1,9,16,45,0,90,0,0,0,0,0,0,0
35571,5,bully,3329,1,5,85735,45,92,270,552,1,1,32242,3329,0,6,0,0,0,NORMAL,0,3,1,9,14,45,0,92,0,0,0,0,0,0,0
35877,9,bully,3635,1,5,87265,45,46,270,276,1,1,32242,3635,0,6,0,0,0,NORMAL,0,3,1,9,16,45,0,46,0,0,0,0,0,0,0
37317,6,bully,2772,1,6,120267,48,94,288,564,1,1,34545,2772,0,7,0,0,0,NORMAL,0,3,2,3,18,48,0,94,0,0,0,0,0,0,0
37568,1,bully,3023,1,6,121773,48,47,288,282,1,1,34545,3023,0,7,0,0,0,LEADER,1,4,1,4,6,48,0,47,0,0,0,0,0,0,0
37295,7,bully,2750,1,6,120135,48,96,288,576,1,1,34545,2750,0,7,0,0,0,NORMAL,0,3,2,3,19,48,0,96,0,0,0,0,0,0,0
38011,2,bully,3466,1,6,124431,48,96,288,576,1,1,34545,3466,0,7,0,0,0,NORMAL,0,3,2,3,17,48,0,96,0,0,0,0,0,0,0
37623,10,bully,3078,1,6,122103,48,49,288,294,1,1,34545,3078,0,7,0,0,0,NORMAL,0,3,2,3,17,48,0,49,0,0,0,0,0,0,0
37738,8,bully,3193,1,6,122793,48,96,288,576,1,1,34545,3193,0,7,0,0,0,NORMAL,0,3,2,3,19,48,0,96,0,0,0,0,0,0,0
37453,3,bully,2908,1,6,121083,48,96,288,576,1,1,34545,2908,0,7,0,0,0,NORMAL,0,3,2,3,17,48,0,96,0,0,0,0,0,0,0
37430,4,bully,2887,1,6,120951,48,95,288,570,1,1,34543,2887,0,7,0,0,0,NORMAL,0,3,2,3,19,48,0,95,0,0,0,0,0,0,0
37874,5,bully,3329,1,6,123609,48,98,288,588,1,1,34545,3329,0,7,0,0,0,NORMAL,0,3,2,3,17,48,0,98,0,0,0,0,0,0,0
38180,9,bully,3635,1,6,125445,48,49,288,294,1,1,34545,3635,0,7,0,0,0,NORMAL,0,3,2,3,19,48,0,49,0,0,0,0,0,0,0
39620,6,bully,2772,1,6,120267,51,100,306,600,1,1,36848,2772,0,7,0,0,0,NORMAL,0,3,1,6,18,51,0,100,0,0,0,0,0,0,0
39871,1,bully,3023,1,6,121773,51,50,306,300,1,1,36848,3023,0,7,0,0,0,LEADER,1,4,1,7,6,51,0,50,0,0,0,0,0,0,0
39598,7,bully,2750,1,6,120135,51,102,306,612,1,1,36848,2750,0,7,0,0,0,NORMAL,0,3,1,6,19,51,0,102,0,0,0,0,0,0,0
40314,2,bully,3466,1,6,124431,51,102,306,612,1,1,36848,3466,0,7,0,0,0,NORMAL,0,3,1,6,17,51,0,102,0,0,0,0,0,0,0
39926,10,bully,3078,1,6,122103,51,52,306,312,1,1,36848,3078,0,7,0,0,0,NORMAL,0,3,1,6,17,51,0,52,0,0,0,0,0,0,0
40041,8,bully,3193,1,6,122793,51,102,306,612,1,1,36848,3193,0,7,0,0,0,NORMAL,0,3,1,6,19,51,0,102,0,0,0,0,0,0,0
39756,3,bully,2908,1,6,121083,51,102,306,612,1,1,36848,2908,0,7,0,0,0,NORMAL,0,3,1,6,17,51,0,102,0,0,0,0,0,0,0
39733,4,bully,2887,1,6,120951,51,101,306,606,1,1,36846,2887,0,7,0,0,0,NORMAL,0,3,1,6,19,51,0,101,0,0,0,0,0,0,0
40177,5,bully,3329,1,6,123609,51,104,306,624,1,1,36848,3329,0,7,0,0,0,NORMAL,0,3,1,6,17,51,0,104,0,0,0,0,0,0,0
40483,9,bully,3635,1,6,125445,51,52,306,312,1,1,36848,3635,0,7,0,0,0,NORMAL,0,3,1,6,19,51,0,52,0,0,0,0,0,0,0
41923,6,bully,2772,1,6,120267,54,106,324,636,1,1,39151,2772,0,7,0,0,0,NORMAL,0,3,1,9,18,54,0,106,0,0,0,0,0,0,0
42174,1,bully,3023,1,6,121773,54,53,324,318,1,1,39151,3023,0,7,0,0,0,LEADER,1,4,1,10,6,54,0,53,0,0,0,0,0,0,0
41901,7,bully,2750,1,6,120135,54,108,324,648,1,1,39151,2750,0,7,0,0,0,NORMAL,0,3,1,9,19,54,0,108,0,0,0,0,0,0,0
42617,2,bully,3466,1,6,124431,54,108,324,648,1,1,39151,3466,0,7,0,0,0,NORMAL,0,3,1,9,17,54,0,108,0,0,0,0,0,0,0
42229,10,bully,3078,1,6,122103,54,55,324,330,1,1,39151,3078,0,7,0,0,0,NORMAL,0,3,1,9,17,54,0,55,0,0,0,0,0,0,0
42344,8,bully,3193,1,6,122793,54,108,324,648,1,1,39151,3193,0,7,0,0,0,NORMAL,0,3,1,9,19,54,0,108,0,0,0,0,0,0,0
42059,3,bully,2908,1,6,121083,54,108,324,648,1,1,39151,2908,0,7,0,0,0,NORMAL,0,3,1,9,17,54,0,108,0,0,0,0,0,0,0
42036,4,bully,2887,1,6,120951,54,108,324,648,1,1,39149,2887,0,7,0,0,0,NORMAL,0,3,1,9,19,54,0,108,0,0,0,0,0,0,0
42480,5,bully,3329,1,6,123609,54,110,324,660,1,1,39151,3329,0,7,0,0,0,NORMAL,0,3,1,9,17,54,0,110,0,0,0,0,0,0,0
42786,9,bully,3635,1,6,125445,54,55,324,330,1,1,39151,3635,0,7,0,0,0,NORMAL,0,3,1,9,19,54,0,55,0,0,0,0,0,0,0
44226,6,bully,2772,1,7,164493,57,112,342,672,1,1,41454,2772,0,8,0,0,0,NORMAL,0,3,2,3,21,57,0,112,0,0,0,0,0,0,0
44477,1,bully,3023,1,7,166250,57,56,342,336,1,1,41454,3023,0,8,0,0,0,LEADER,1,4,1,4,7,57,0,56,0,0,0,0,0,0,0
44204,7,bully,2750,1,7,164339,57,113,342,678,1,1,41454,2750,0,8,0,0,0,NORMAL,0,3,2,3,22,57,0,113,0,0,0,0,0,0,0
44920,2,bully,3466,1,7,169351,57,114,342,684,1,1,41454,3466,0,8,0,0,0,NORMAL,0,3,2,3,20,57,0,114,0,0,0,0,0,0,0
44532,10,bully,3078,1,7,166635,57,58,342,348,1,1,41454,3078,0,8,0,0,0,NORMAL,0,3,2,3,20,57,0,58,0,0,0,0,0,0,0
44647,8,bully,3193,1,7,167440,57,114,342,684,1,1,41454,3193,0,8,0,0,0,NORMAL,0,3,2,3,22,57,0,114,0,0,0,0,0,0,0
44362,3,bully,2908,1,7,165445,57,114,342,684,1,1,41454,2908,0,8,0,0,0,NORMAL,0,3,2,3,20,57,0,114,0,0,0,0,0,0,0
44339,4,bully,2887,1,7,165290,57,114,342,684,1,1,41452,2887,0,8,0,0,0,NORMAL,0,3,2,3,22,57,0,114,0,0,0,0,0,0,0
44783,5,bully,3329,1,7,168392,57,116,342,696,1,1,41454,3329,0,8,0,0,0,NORMAL,0,3,2,3,20,57,0,116,0,0,0,0,0,0,0
45089,9,bully,3635,1,7,170534,57,58,342,348,1,1,41454,3635,0,8,0,0,0,NORMAL,0,3,2,3,22,57,0,58,0,0,0,0,0,0,0
46529,6,bully,2772,1,7,164493,60,118,360,708,1,1,43757,2772,0,8,0,0,0,NORMAL,0,3,1,6,21,60,0,118,0,0,0,0,0,0,0
46780,1,bully,3023,1,7,166250,60,59,360,354,1,1,43757,3023,0,8,0,0,0,LEADER,1,4,1,7,7,60,0,59,0,0,0,0,0,0,0
46507,7,bully,2750,1,7,164339,60,120,360,720,1,1,43757,2750,0,8,0,0,0,NORMAL,0,3,1,6,22,60,0,120,0,0,0,0,0,0,0
47223,2,bully,3466,1,7,169351,60,120,360,720,1,1,43757,3466,0,8,0,0,0,NORMAL,0,3,1,6,20,60,0,120,0,0,0,0,0,0,0
46835,10,bully,3078,1,7,166635,60,61,360,366,1,1,43757,3078,0,8,0,0,0,NORMAL,0,3,1,6,20,60,0,61,0,0,0,0,0,0,0
46950,8,bully,3193,1,7,167440,60,120,360,720,1,1,43757,3193,0,8,0,0,0,NORMAL,0,3,1,6,22,60,0,120,0,0,0,0,0,0,0
46665,3,bully,2908,1,7,165445,60,120,360,720,1,1,43757,2908,0,8,0,0,0,NORMAL,0,3,1,6,20,60,0,120,0,0,0,0,0,0,0
46642,4,bully,2887,1,7,165290,60,120,360,720,1,1,43755,2887,0,8,0,0,0,NORMAL,0,3,1,6,22,60,0,120,0,0,0,0,0,0,0
47086,5,bully,3329,1,7,168392,60,122,360,732,1,1,43757,3329,0,8,0,0,0,NORMAL,0,3,1,6,20,60,0,122,0,0,0,0,0,0,0
47392,9,bully,3635,1,7,170534,60,61,360,366,1,1,43757,3635,0,8,0,0,0,NORMAL,0,3,1,6,22,60,0,61,0,0,0,0,0,0,0
48832,6,bully,2772,1,7,164493,63,124,378,744,1,1,46060,2772,0,8,0,0,0,NORMAL,0,3,1,9,21,63,0,124,0,0,0,0,0,0,0
49083,1,bully,3023,1,7,166250,63,62,378,372,1,1,46060,3023,0,8,0,0,0,LEADER,1,4,1,10,7,63,0,62,0,0,0,0,0,0,0
48810,7,bully,2750,1,7,164339,63,126,378,756,1,1,46060,2750,0,8,0,0,0,NORMAL,0,3,1,9,22,63,0,126,0,0,0,0,0,0,0
49526,2,bully,3466,1,7,169351,63,126,378,756,1,1,46060,3466,0,8,0,0,0,NORMAL,0,3,1,9,20,63,0,126,0,0,0,0,0,0,0
49138,10,bully,3078,1,7,166635,63,64,378,384,1,1,46060,3078,0,8,0,0,0,NORMAL,0,3,1,9,20,63,0,64,0,0,0,0,0,0,0
49253,8,bully,3193,1,7,167440,63,126,378,756,1,1,46060,3193,0,8,0,0,0,NORMAL,0,3,1,9,22,63,0,126,0,0,0,0,0,0,0
48968,3,bully,2908,1,7,165445,63,126,378,756,1,1,46060,2908,0,8,0,0,0,NORMAL,0,3,1,9,20,63,0,126,0,0,0,0,0,0,0
48945,4,bully,2887,1,7,165290,63,125,378,750,1,1,46058,2887,0,8,0,0,0,NORMAL,0,3,1,9,22,63,0,125,0,0,0,0,0,0,0
49389,5,bully,3329,1,7,168392,63,128,378,768,1,1,46060,3329,0,8,0,0,0,NORMAL,0,3,1,9,20,63,0,128,0,0,0,0,0,0,0
49695,9,bully,3635,1,7,170534,63,64,378,384,1,1,46060,3635,0,8,0,0,0,NORMAL,0,3,1,9,22,63,0,64,0,0,0,0,0,0,0
51135,6,bully,2772,1,8,215628,66,130,396,780,1,1,48363,2772,0,9,0,0,0,NORMAL,0,3,2,3,24,66,0,130,0,0,0,0,0,0,0
51386,1,bully,3023,1,8,217636,66,65,396,390,1,1,48363,3023,0,9,0,0,0,LEADER,1,4,1,4,8,66,0,65,0,0,0,0,0,0,0
51113,7,bully,2750,1,8,215452,66,132,396,792,1,1,48363,2750,0,9,0,0,0,NORMAL,0,3,2,3,25,66,0,132,0,0,0,0,0,0,0
51829,2,bully,3466,1,8,221180,66,132,396,792,1,1,48363,3466,0,9,0,0,0,NORMAL,0,3,2,3,23,66,0,132,0,0,0,0,0,0,0
51441,10,bully,3078,1,8,218076,66,67,396,402,1,1,48363,3078,0,9,0,0,0,NORMAL,0,3,2,3,23,66,0,67,0,0,0,0,0,0,0
51556,8,bully,3193,1,8,218996,66,132,396,792,1,1,48363,3193,0,9,0,0,0,NORMAL,0,3,2,3,25,66,0,132,0,0,0,0,0,0,0
51271,3,bully,2908,1,8,216716,66,132,396,792,1,1,48363,2908,0,9,0,0,0,NORMAL,0,3,2,3,23,66,0,132,0,0,0,0,0,0,0
51248,4,bully,2887,1,8,216538,66,132,396,792,1,1,48361,2887,0,9,0,0,0,NORMAL,0,3,2,3,26,66,0,132,0,0,0,0,0,0,0
51692,5,bully,3329,1,8,220084,66,134,396,804,1,1,48363,3329,0,9,0,0,0,NORMAL,0,3,2,3,23,66,0,134,0,0,0,0,0,0,0
51998,9,bully,3635,1,8,222532,66,67,396,402,1,1,48363,3635,0,9,0,0,0,NORMAL,0,3,2,3,25,66,0,67,0,0,0,0,0,0,0
53438,6,bully,2772,1,8,215628,69,136,414,816,1,1,50666,2772,0,9,0,0,0,NORMAL,0,3,1,6,24,69,0,136,0,0,0,0,0,0,0
53689,1,bully,3023,1,8,217636,69,68,414,408,1,1,50666,3023,0,9,0,0,0,LEADER,1,4,1,7,8,69,0,68,0,0,0,0,0,0,0
53416,7,bully,2750,1,8,215452,69,137,414,822,1,1,50666,2750,0,9,0,0,0,NORMAL,0,3,1,6,25,69,0,137,0,0,0,0,0,0,0
54132,2,bully,3466,1,8,221180,69,138,414,828,1,1,50666,3466,0,9,0,0,0,NORMAL,0,3,1,6,23,69,0,138,0,0,0,0,0,0,0
53744,10,bully,3078,1,8,218076,69,70,414,420,1,1,50666,3078,0,9,0,0,0,NORMAL,0,3,1,6,23,69,0,70,0,0,0,0,0,0,0
53859,8,bully,3193,1,8,218996,69,138,414,828,1,1,50666,3193,0,9,0,0,0,NORMAL,0,3,1,6,25,69,0,138,0,0,0,0,0,0,0
53574,3,bully,2908,1,8,216716,69,138,414,828,1,1,50666,2908,0,9,0,0,0,NORMAL,0,3,1,6,23,69,0,138,0,0,0,0,0,0,0
53551,4,bully,2887,1,8,216538,69,138,414,828,1,1,50664,2887,0,9,0,0,0,NORMAL,0,3,1,6,26,69,0,138,0,0,0,0,0,0,0
53995,5,bully,3329,1,8,220084,69,140,414,840,1,1,50666,3329,0,9,0,0,0,NORMAL,0,3,1,6,23,69,0,140,0,0,0,0,0,0,0
54301,9,bully,3635,1,8,222532,69,70,414,420,1,1,50666,3635,0,9,0,0,0,NORMAL,0,3,1,6,25,69,0,70,0,0,0,0,0,0,0
55741,6,bully,2772,1,8,215628,72,142,432,852,1,1,52969,2772,0,9,0,0,0,NORMAL,0,3,1,9,24,72,0,142,0,0,0,0,0,0,0
55992,1,bully,3023,1,8,217636,72,71,432,426,1,1,52969,3023,0,9,0,0,0,LEADER,1,4,1,10,8,72,0,71,0,0,0,0,0,0,0
55719,7,bully,2750,1,8,215452,72,144,432,864,1,1,52969,2750,0,9,0,0,0,NORMAL,0,3,1,9,25,72,0,144,0,0,0,0,0,0,0
56435,2,bully,3466,1,8,221180,72,144,432,864,1,1,52969,3466,0,9,0,0,0,NORMAL,0,3,1,9,23,72,0,144,0,0,0,0,0,0,0
56047,10,bully,3078,1,8,218076,72,73,432,438,1,1,52969,3078,0,9,0,0,0,NORMAL,0,3,1,9,23,72,0,73,0,0,0,0,0,0,0
56162,8,bully,3193,1,8,218996,72,144,432,864,1,1,52969,3193,0,9,0,0,0,NORMAL,0,3,1,9,25,72,0,144,0,0,0,0,0,0,0
55877,3,bully,2908,1,8,216716,72,144,432,864,1,1,52969,2908,0,9,0,0,0,NORMAL,0,3,1,9,23,72,0,144,0,0,0,0,0,0,0
55854,4,bully,2887,1,8,216538,72,144,432,864,1,1,52967,2887,0,9,0,0,0,NORMAL,0,3,1,9,26,72,0,144,0,0,0,0,0,0,0
56298,5,bully,3329,1,8,220084,72,146,432,876,1,1,52969,3329,0,9,0,0,0,NORMAL,0,3,1,9,23,72,0,146,0,0,0,0,0,0,0
56604,9,bully,3635,1,8,222532,72,73,432,438,1,1,52969,3635,0,9,0,0,0,NORMAL,0,3,1,9,25,72,0,73,0,0,0,0,0,0,0
58044,6,bully,2772,1,9,273672,75,148,450,888,1,1,55272,2772,0,10,0,0,0,NORMAL,0,3,2,3,27,75,0,148,0,0,0,0,0,0,0
58295,1,bully,3023,1,9,275931,75,74,450,444,1,1,55272,3023,0,10,0,0,0,LEADER,1,4,1,4,9,75,0,74,0,0,0,0,0,0,0
58022,7,bully,2750,1,9,273474,75,150,450,900,1,1,55272,2750,0,10,0,0,0,NORMAL,0,3,2,3,28,75,0,150,0,0,0,0,0,0,0
58738,2,bully,3466,1,9,279918,75,150,450,900,1,1,55272,3466,0,10,0,0,0,NORMAL,0,3,2,3,26,75,0,150,0,0,0,0,0,0,0
58350,10,bully,3078,1,9,276426,75,76,450,456,1,1,55272,3078,0,10,0,0,0,NORMAL,0,3,2,3,26,75,0,76,0,0,0,0,0,0,0
58465,8,bully,3193,1,9,277461,75,150,450,900,1,1,55272,3193,0,10,0,0,0,NORMAL,0,3,2,3,28,75,0,150,0,0,0,0,0,0,0
58180,3,bully,2908,1,9,274896,75,150,450,900,1,1,55272,2908,0,10,0,0,0,NORMAL,0,3,2,3,26,75,0,150,0,0,0,0,0,0,0
58157,4,bully,2887,1,9,274695,75,150,450,900,1,1,55270,2887,0,10,0,0,0,NORMAL,0,3,2,3,29,75,0,150,0,0,0,0,0,0,0
58601,5,bully,3329,1,9,278685,75,152,450,912,1,1,55272,3329,0,10,0,0,0,NORMAL,0,3,2,3,26,75,0,152,0,0,0,0,0,0,0
58907,9,bully,3635,1,9,281439,75,76,450,456,1,1,55272,3635,0,10,0,0,0,NORMAL,0,3,2,3,28,75,0,76,0,0,0,0,0,0,0
60347,6,bully,2772,1,9,273672,78,154,468,924,1,1,57575,2772,0,10,0,0,0,NORMAL,0,3,1,6,27,78,0,154,0,0,0,0,0,0,0
60598,1,bully,3023,1,9,275931,78,77,468,462,1,1,57575,3023,0,10,0,0,0,LEADER,1,4,1,7,9,78,0,77,0,0,0,0,0,0,0
60325,7,bully,2750,1,9,273474,78,156,468,936,1,1,57575,2750,0,10,0,0,0,NORMAL,0,3,1,6,28,78,0,156,0,0,0,0,0,0,0
61041,2,bully,3466,1,9,279918,78,156,468,936,1,1,57575,3466,0,10,0,0,0,NORMAL,0,3,1,6,26,78,0,156,0,0,0,0,0,0,0
60653,10,bully,3078,1,9,276426,78,79,468,474,1,1,57575,3078,0,10,0,0,0,NORMAL,0,3,1,6,26,78,0,79,0,0,0,0,0,0,0
60768,8,bully,3193,1,9,277461,78,156,468,936,1,1,57575,3193,0,10,0,0,0,NORMAL,0,3,1,6,28,78,0,156,0,0,0,0,0,0,0
60483,3,bully,2908,1,9,274896,78,156,468,936,1,1,57575,2908,0,10,0,0,0,NORMAL,0,3,1,6,26,78,0,156,0,0,0,0,0,0,0
60460,4,bully,2887,1,9,274695,78,156,468,936,1,1,57573,2887,0,10,0,0,0,NORMAL,0,3,1,6,29,78,0,156,0,0,0,0,0,0,0
60904,5,bully,3329,1,9,278685,78,158,468,948,1,1,57575,3329,0,10,0,0,0,NORMAL,0,3,1,6,26,78,0,158,0,0,0,0,0,0,0
61210,9,bully,3635,1,9,281439,78,79,468,474,1,1,57575,3635,0,10,0,0,0,NORMAL,0,3,1,6,28,78,0,79,0,0,0,0,0,0,0
62650,6,bully,2772,1,9,273672,81,160,486,960,1,1,59878,2772,0,10,0,0,0,NORMAL,0,3,1,9,27,81,0,160,0,0,0,0,0,0,0
62901,1,bully,3023,1,9,275931,81,80,486,480,1,1,59878,3023,0,10,0,0,0,LEADER,1,4,1,10,9,81,0,80,0,0,0,0,0,0,0
62628,7,bully,2750,1,9,273474,81,162,486,972,1,1,59878,2750,0,10,0,0,0,NORMAL,0,3,1,9,28,81,0,162,0,0,0,0,0,0,0
63344,2,bully,3466,1,9,279918,81,162,486,972,1,1,59878,3466,0,10,0,0,0,NORMAL,0,3,1,9,26,81,0,162,0,0,0,0,0,0,0
62956,10,bully,3078,1,9,276426,81,82,486,492,1,1,59878,3078,0,10,0,0,0,NORMAL,0,3,1,9,26,81,0,82,0,0,0,0,0,0,0
63071,8,bully,3193,1,9,277461,81,162,486,972,1,1,59878,3193,0,10,0,0,0,NORMAL,0,3,1,9,28,81,0,162,0,0,0,0,0,0,0
62786,3,bully,2908,1,9,274896,81,162,486,972,1,1,59878,2908,0,10,0,0,0,NORMAL,0,3,1,9,26,81,0,162,0,0,0,0,0,0,0
62763,4,bully,2887,1,9,274695,81,162,486,972,1,1,59876,2887,0,10,0,0,0,NORMAL,0,3,1,9,29,81,0,162,0,0,0,0,0,0,0
63207,5,bully,3329,1,9,278685,81,164,486,984,1,1,59878,3329,0,10,0,0,0,NORMAL,0,3,1,9,26,81,0,164,0,0,0,0,0,0,0
63513,9,bully,3635,1,9,281439,81,82,486,492,1,1,59878,3635,0,10,0,0,0,NORMAL,0,3,1,9,28,81,0,82,0,0,0,0,0,0,0
64953,6,bully,2772,1,10,338625,84,166,504,996,1,1,62181,2772,0,11,0,0,0,NORMAL,0,3,2,3,30,84,0,166,0,0,0,0,0,0,0
65204,1,bully,3023,1,10,341135,84,83,504,498,1,1,62181,3023,0,11,0,0,0,LEADER,1,4,1,4,10,84,0,83,0,0,0,0,0,0,0
64931,7,bully,2750,1,10,338405,84,168,504,1008,1,1,62181,2750,0,11,0,0,0,NORMAL,0,3,2,3,31,84,0,168,0,0,0,0,0,0,0
65647,2,bully,3466,1,10,345565,84,168,504,1008,1,1,62181,3466,0,11,0,0,0,NORMAL,0,3,2,3,29,84,0,168,0,0,0,0,0,0,0
65259,10,bully,3078,1,10,341685,84,85,504,510,1,1,62181,3078,0,11,0,0,0,NORMAL,0,3,2,3,29,84,0,85,0,0,0,0,0,0,0
65374,8,bully,3193,1,10,342835,84,168,504,1008,1,1,62181,3193,0,11,0,0,0,NORMAL,0,3,2,3,31,84,0,168,0,0,0,0,0,0,0
65089,3,bully,2908,1,10,339985,84,168,504,1008,1,1,62181,2908,0,11,0,0,0,NORMAL,0,3,2,3,29,84,0,168,0,0,0,0,0,0,0
65066,4,bully,2887,1,10,339761,84,167,504,1002,1,1,62179,2887,0,11,0,0,0,NORMAL,0,3,2,3,32,84,0,167,0,0,0,0,0,0,0
65510,5,bully,3329,1,10,344195,84,170,504,1020,1,1,62181,3329,0,11,0,0,0,NORMAL,0,3,2,3,29,84,0,170,0,0,0,0,0,0,0
65816,9,bully,3635,1,10,347255,84,85,504,510,1,1,62181,3635,0,11,0,0,0,NORMAL,0,3,2,3,31,84,0,85,0,0,0,0,0,0,0
67256,6,bully,2772,1,10,338625,87,172,522,1032,1,1,64484,2772,0,11,0,0,0,NORMAL,0,3,1,6,30,87,0,172,0,0,0,0,0,0,0
67507,1,bully,3023,1,10,341135,87,86,522,516,1,1,64484,3023,0,11,0,0,0,LEADER,1,4,1,7,10,87,0,86,0,0,0,0,0,0,0
67234,7,bully,2750,1,10,338405,87,174,522,1044,1,1,64484,2750,0,11,0,0,0,NORMAL,0,3,1,6,31,87,0,174,0,0,0,0,0,0,0
67950,2,bully,3466,1,10,345565,87,174,522,1044,1,1,64484,3466,0,11,0,0,0,NORMAL,0,3,1,6,29,87,0,174,0,0,0,0,0,0,0
67562,10,bully,3078,1,10,341685,87,88,522,528,1,1,64484,3078,0,11,0,0,0,NORMAL,0,3,1,6,29,87,0,88,0,0,0,0,0,0,0
67677,8,bully,3193,1,10,342835,87,174,522,1044,1,1,64484,3193,0,11,0,0,0,NORMAL,0,3,1,6,31,87,0,174,0,0,0,0,0,0,0
67392,3,bully,2908,1,10,339985,87,174,522,1044,1,1,64484,2908,0,11,0,0,0,NORMAL,0,3,1,6,29,87,0,174,0,0,0,0,0,0,0
67369,4,bully,2887,1,10,339761,87,174,522,1044,1,1,64482,2887,0,11,0,0,0,NORMAL,0,3,1,6,32,87,0,174,0,0,0,0,0,0,0
67813,5,bully,3329,1,10,344195,87,176,522,1056,1,1,64484,3329,0,11,0,0,0,NORMAL,0,3,1,6,29,87,0,176,0,0,0,0,0,0,0
68119,9,bully,3635,1,10,347255,87,88,522,528,1,1,64484,3635,0,11,0,0,0,NORMAL,0,3,1,6,31,87,0,88,0,0,0,0,0,0,0
69559,6,bully,2772,1,10,338625,90,178,540,1068,1,1,66787,2772,0,11,0,0,0,NORMAL,0,3,1,9,30,90,0,178,0,0,0,0,0,0,0
69810,1,bully,3023,1,10,341135,90,89,540,534,1,1,66787,3023,0,11,0,0,0,LEADER,1,4,1,10,10,90,0,89,0,0,0,0,0,0,0
69537,7,bully,2750,1,10,338405,90,180,540,1080,1,1,66787,2750,0,11,0,0,0,NORMAL,0,3,1,9,31,90,0,180,0,0,0,0,0,0,0
70253,2,bully,3466,1,10,345565,90,180,540,1080,1,1,66787,3466,0,11,0,0,0,NORMAL,0,3,1,9,29,90,0,180,0,0,0,0,0,0,0
69865,10,bully,3078,1,10,341685,90,91,540,546,1,1,66787,3078,0,11,0,0,0,NORMAL,0,3,1,9,29,90,0,91,0,0,0,0,0,0,0
69980,8,bully,3193,1,10,342835,90,180,540,1080,1,1,66787,3193,0,11,0,0,0,NORMAL,0,3,1,9,31,90,0,180,0,0,0,0,0,0,0
69695,3,bully,2908,1,10,339985,90,180,540,1080,1,1,66787,2908,0,11,0,0,0,NORMAL,0,3,1,9,29,90,0,180,0,0,0,0,0,0,0
69672,4,bully,2887,1,10,339761,90,179,540,1074,1,1,66785,2887,0,11,0,0,0,NORMAL,0,3,1,9,32,90,0,179,0,0,0,0,0,0,0
70116,5,bully,3329,1,10,344195,90,182,540,1092,1,1,66787,3329,0,11,0,0,0,NORMAL,0,3,1,9,29,90,0,182,0,0,0,0,0,0,0
70422,9,bully,3635,1,10,347255,90,91,540,546,1,1,66787,3635,0,11,0,0,0,NORMAL,0,3,1,9,31,90,0,91,0,0,0,0,0,0,0
71862,6,bully,2772,1,11,410487,93,184,558,1104,1,1,69090,2772,0,12,0,0,0,NORMAL,0,3,2,3,33,93,0,184,0,0,0,0,0,0,0
72113,1,bully,3023,1,11,413248,93,92,558,552,1,1,69090,3023,0,12,0,0,0,LEADER,1,4,1,4,11,93,0,92,0,0,0,0,0,0,0
71840,7,bully,2750,1,11,410245,93,186,558,1116,1,1,69090,2750,0,12,0,0,0,NORMAL,0,3,2,3,34,93,0,186,0,0,0,0,0,0,0
72556,2,bully,3466,1,11,418121,93,186,558,1116,1,1,69090,3466,0,12,0,0,0,NORMAL,0,3,2,3,32,93,0,186,0,0,0,0,0,0,0
72168,10,bully,3078,1,11,413853,93,93,558,558,1,1,69090,3078,0,12,0,0,0,NORMAL,0,3,2,3,32,93,0,93,0,0,0,0,0,0,0
72283,8,bully,3193,1,11,415118,93,186,558,1116,1,1,69090,3193,0,12,0,0,0,NORMAL,0,3,2,3,34,93,0,186,0,0,0,0,0,0,0
71998,3,bully,2908,1,11,411983,93,186,558,1116,1,1,69090,2908,0,12,0,0,0,NORMAL,0,3,2,3,32,93,0,186,0,0,0,0,0,0,0
71975,4,bully,2887,1,11,411736,93,186,558,1116,1,1,69088,2887,0,12,0,0,0,NORMAL,0,3,2,3,36,93,0,186,0,0,0,0,0,0,0
72419,5,bully,3329,1,11,416614,93,188,558,1128,1,1,69090,3329,0,12,0,0,0,NORMAL,0,3,2,3,32,93,0,188,0,0,0,0,0,0,0
72725,9,bully,3635,1,11,419980,93,94,558,564,1,1,69090,3635,0,12,0,0,0,NORMAL,0,3,2,3,34,93,0,94,0,0,0,0,0,0,0
74165,6,bully,2772,1,11,410487,96,190,576,1140,1,1,71393,2772,0,12,0,0,0,NORMAL,0,3,1,6,33,96,0,190,0,0,0,0,0,0,0
74416,1,bully,3023,1,11,413248,96,95,576,570,1,1,71393,3023,0,12,0,0,0,LEADER,1,4,1,7,11,96,0,95,0,0,0,0,0,0,0
74143,7,bully,2750,1,11,410245,96,192,576,1152,1,1,71393,2750,0,12,0,0,0,NORMAL,0,3,1,6,34,96,0,192,0,0,0,0,0,0,0
74859,2,bully,3466,1,11,418121,96,192,576,1152,1,1,71393,3466,0,12,0,0,0,NORMAL,0,3,1,6,32,96,0,192,0,0,0,0,0,0,0
74471,10,bully,3078,1,11,413853,96,96,576,576,1,1,71393,3078,0,12,0,0,0,NORMAL,0,3,1,6,32,96,0,96,0,0,0,0,0,0,0
74586,8,bully,3193,1,11,415118,96,192,576,1152,1,1,71393,3193,0,12,0,0,0,NORMAL,0,3,1,6,34,96,0,192,0,0,0,0,0,0,0
74301,3,bully,2908,1,11,411983,96,192,576,1152,1,1,71393,2908,0,12,0,0,0,NORMAL,0,3,1,6,32,96,0,192,0,0,0,0,0,0,0
74278,4,bully,2887,1,11,411736,96,191,576,1146,1,1,71391,2887,0,12,0,0,0,NORMAL,0,3,1,6,36,96,0,191,0,0,0,0,0,0,0
74722,5,bully,3329,1,11,416614,96,194,576,1164,1,1,71393,3329,0,12,0,0,0,NORMAL,0,3,1,6,32,96,0,194,0,0,0,0,0,0,0
75028,9,bully,3635,1,11,419980,96,97,576,582,1,1,71393,3635,0,12,0,0,0,NORMAL,0,3,1,6,34,96,0,97,0,0,0,0,0,0,0
76468,6,bully,2772,1,11,410487,99,196,594,1176,1,1,73696,2772,0,12,0,0,0,NORMAL,0,3,1,9,33,99,0,196,0,0,0,0,0,0,0
76719,1,bully,3023,1,11,413248,99,98,594,588,1,1,73696,3023,0,12,0,0,0,LEADER,1,4,1,10,11,99,0,98,0,0,0,0,0,0,0
76446,7,bully,2750,1,11,410245,99,198,594,1188,1,1,73696,2750,0,12,0,0,0,NORMAL,0,3,1,9,34,99,0,198,0,0,0,0,0,0,0
77162,2,bully,3466,1,11,418121,99,198,594,1188,1,1,73696,3466,0,12,0,0,0,NORMAL,0,3,1,9,32,99,0,198,0,0,0,0,0,0,0
76774,10,bully,3078,1,11,413853,99,99,594,594,1,1,73696,3078,0,12,0,0,0,NORMAL,0,3,1,9,32,99,0,99,0,0,0,0,0,0,0
76889,8,bully,3193,1,11,415118,99,198,594,1188,1,1,73696,3193,0,12,0,0,0,NORMAL,0,3,1,9,34,99,0,198,0,0,0,0,0,0,0
76604,3,bully,2908,1,11,411983,99,198,594,1188,1,1,73696,2908,0,12,0,0,0,NORMAL,0,3,1,9,32,99,0,198,0,0,0,0,0,0,0
76581,4,bully,2887,1,11,411736,99,197,594,1182,1,1,73694,2887,0,12,0,0,0,NORMAL,0,3,1,9,36,99,0,197,0,0,0,0,0,0,0
77025,5,bully,3329,1,11,416614,99,200,594,1200,1,1,73696,3329,0,12,0,0,0,NORMAL,0,3,1,9,32,99,0,200,0,0,0,0,0,0,0
77331,9,bully,3635,1,11,419980,99,100,594,600,1,1,73696,3635,0,12,0,0,0,NORMAL,0,3,1,9,34,99,0,100,0,0,0,0,0,0,0
78771,6,bully,2772,1,12,489258,102,202,612,1212,1,1,75999,2772,0,13,0,0,0,NORMAL,0,3,2,3,36,102,0,202,0,0,0,0,0,0,0
79022,1,bully,3023,1,12,492270,102,101,612,606,1,1,75999,3023,0,13,0,0,0,LEADER,1,4,1,4,12,102,0,101,0,0,0,0,0,0,0
78749,7,bully,2750,1,12,488994,102,204,612,1224,1,1,75999,2750,0,13,0,0,0,NORMAL,0,3,2,3,37,102,0,204,0,0,0,0,0,0,0
79465,2,bully,3466,1,12,497586,102,204,612,1224,1,1,75999,3466,0,13,0,0,0,NORMAL,0,3,2,3,35,102,0,204,0,0,0,0,0,0,0
79077,10,bully,3078,1,12,492930,102,102,612,612,1,1,75999,3078,0,13,0,0,0,NORMAL,0,3,2,3,35,102,0,102,0,0,0,0,0,0,0
79192,8,bully,3193,1,12,494310,102,204,612,1224,1,1,75999,3193,0,13,0,0,0,NORMAL,0,3,2,3,37,102,0,204,0,0,0,0,0,0,0
78907,3,bully,2908,1,12,490890,102,204,612,1224,1,1,75999,2908,0,13,0,0,0,NORMAL,0,3,2,3,35,102,0,204,0,0,0,0,0,0,0
78884,4,bully,2887,1,12,490620,102,204,612,1224,1,1,75997,2887,0,13,0,0,0,NORMAL,0,3,2,3,40,102,0,204,0,0,0,0,0,0,0
79328,5,bully,3329,1,12,495942,102,206,612,1236,1,1,75999,3329,0,13,0,0,0,NORMAL,0,3,2,3,35,102,0,206,0,0,0,0,0,0,0
79634,9,bully,3635,1,12,499614,102,103,612,618,1,1,75999,3635,0,13,0,0,0,NORMAL,0,3,2,3,37,102,0,103,0,0,0,0,0,0,0
81074,6,bully,2772,1,12,489258,105,208,630,1248,1,1,78302,2772,0,13,0,0,0,NORMAL,0,3,1,6,36,105,0,208,0,0,0,0,0,0,0
81325,1,bully,3023,1,12,492270,105,104,630,624,1,1,78302,3023,0,13,0,0,0,LEADER,1,4,1,7,12,105,0,104,0,0,0,0,0,0,0
81052,7,bully,2750,1,12,488994,105,210,630,1260,1,1,78302,2750,0,13,0,0,0,NORMAL,0,3,1,6,37,105,0,210,0,0,0,0,0,0,0
81768,2,bully,3466,1,12,497586,105,210,630,1260,1,1,78302,3466,0,13,0,0,0,NORMAL,0,3,1,6,35,105,0,210,0,0,0,0,0,0,0
81380,10,bully,3078,1,12,492930,105,105,630,630,1,1,78302,3078,0,13,0,0,0,NORMAL,0,3,1,6,35,105,0,105,0,0,0,0,0,0,0
81495,8,bully,3193,1,12,494310,105,210,630,1260,1,1,78302,3193,0,13,0,0,0,NORMAL,0,3,1,6,37,105,0,210,0,0,0,0,0,0,0
81210,3,bully,2908,1,12,490890,105,210,630,1260,1,1,78302,2908,0,13,0,0,0,NORMAL,0,3,1,6,35,105,0,210,0,0,0,0,0,0,0
81187,4,bully,2887,1,12,490620,105,210,630,1260,1,1,78300,2887,0,13,0,0,0,NORMAL,0,3,1,6,40,105,0,210,0,0,0,0,0,0,0
81631,5,bully,3329,1,12,495942,105,212,630,1272,1,1,78302,3329,0,13,0,0,0,NORMAL,0,3,1,6,35,105,0,212,0,0,0,0,0,0,0
81937,9,bully,3635,1,12,499614,105,106,630,636,1,1,78302,3635,0,13,0,0,0,NORMAL,0,3,1,6,37,105,0,106,0,0,0,0,0,0,0
83377,6,bully,2772,1,12,489258,108,214,648,1284,1,1,80605,2772,0,13,0,0,0,NORMAL,0,3,1,9,36,108,0,214,0,0,0,0,0,0,0
83628,1,bully,3023,1,12,492270,108,107,648,642,1,1,80605,3023,0,13,0,0,0,LEADER,1,4,1,10,12,108,0,107,0,0,0,0,0,0,0
83355,7,bully,2750,1,12,488994,108,216,648,1296,1,1,80605,2750,0,13,0,0,0,NORMAL,0,3,1,9,37,108,0,216,0,0,0,0,0,0,0
84071,2,bully,3466,1,12,497586,108,216,648,1296,1,1,80605,3466,0,13,0,0,0,NORMAL,0,3,1,9,35,108,0,216,0,0,0,0,0,0,0
83683,10,bully,3078,1,12,492930,108,108,648,648,1,1,80605,3078,0,13,0,0,0,NORMAL,0,3,1,9,35,108,0,108,0,0,0,0,0,0,0
83798,8,bully,3193,1,12,494310,108,216,648,1296,1,1,80605,3193,0,13,0,0,0,NORMAL,0,3,1,9,37,108,0,216,0,0,0,0,0,0,0
83513,3,bully,2908,1,12,490890,108,216,648,1296,1,1,80605,2908,0,13,0,0,0,NORMAL,0,3,1,9,35,108,0,216,0,0,0,0,0,0,0
83490,4,bully,2887,1,12,490620,108,216,648,1296,1,1,80603,2887,0,13,0,0,0,NORMAL,0,3,1,9,40,108,0,216,0,0,0,0,0,0,0
83934,5,bully,3329,1,12,495942,108,218,648,1308,1,1,80605,3329,0,13,0,0,0,NORMAL,0,3,1,9,35,108,0,218,0,0,0,0,0,0,0
84240,9,bully,3635,1,12,499614,108,109,648,654,1,1,80605,3635,0,13,0,0,0,NORMAL,0,3,1,9,37,108,0,109,0,0,0,0,0,0,0
85680,6,bully,2772,1,13,574938,111,220,666,1320,1,1,82908,2772,0,14,0,0,0,NORMAL,0,3,2,3,39,111,0,220,0,0,0,0,0,0,0
85931,1,bully,3023,1,13,578201,111,110,666,660,1,1,82908,3023,0,14,0,0,0,LEADER,1,4,1,4,13,111,0,110,0,0,0,0,0,0,0
85658,7,bully,2750,1,13,574652,111,222,666,1332,1,1,82908,2750,0,14,0,0,0,NORMAL,0,3,2,3,40,111,0,222,0,0,0,0,0,0,0
86374,2,bully,3466,1,13,583960,111,222,666,1332,1,1,82908,3466,0,14,0,0,0,NORMAL,0,3,2,3,38,111,0,222,0,0,0,0,0,0,0
85986,10,bully,3078,1,13,578916,111,111,666,666,1,1,82908,3078,0,14,0,0,0,NORMAL,0,3,2,3,38,111,0,111,0,0,0,0,0,0,0
86101,8,bully,3193,1,13,580411,111,222,666,1332,1,1,82908,3193,0,14,0,0,0,NORMAL,0,3,2,3,40,111,0,222,0,0,0,0,0,0,0
85816,3,bully,2908,1,13,576706,111,222,666,1332,1,1,82908,2908,0,14,0,0,0,NORMAL,0,3,2,3,38,111,0,222,0,0,0,0,0,0,0
85793,4,bully,2887,1,13,576413,111,222,666,1332,1,1,82906,2887,0,14,0,0,0,NORMAL,0,3,2,3,43,111,0,222,0,0,0,0,0,0,0
86237,5,bully,3329,1,13,582179,111,224,666,1344,1,1,82908,3329,0,14,0,0,0,NORMAL,0,3,2,3,38,111,0,224,0,0,0,0,0,0,0
86543,9,bully,3635,1,13,586157,111,112,666,672,1,1,82908,3635,0,14,0,0,0,NORMAL,0,3,2,3,40,111,0,112,0,0,0,0,0,0,0
87983,6,bully,2772,1,13,574938,114,226,684,1356,1,1,85211,2772,0,14,0,0,0,NORMAL,0,3,1,6,39,114,0,226,0,0,0,0,0,0,0
88234,1,bully,3023,1,13,578201,114,113,684,678,1,1,85211,3023,0,14,0,0,0,LEADER,1,4,1,7,13,114,0,113,0,0,0,0,0,0,0
87961,7,bully,2750,1,13,574652,114,228,684,1368,1,1,85211,2750,0,14,0,0,0,NORMAL,0,3,1,6,40,114,0,228,0,0,0,0,0,0,0
88677,2,bully,3466,1,13,583960,114,228,684,1368,1,1,85211,3466,0,14,0,0,0,NORMAL,0,3,1,6,38,114,0,228,0,0,0,0,0,0,0
88289,10,bully,3078,1,13,578916,114,114,684,684,1,1,85211,3078,0,14,0,0,0,NORMAL,0,3,1,6,38,114,0,114,0,0,0,0,0,0,0
88404,8,bully,3193,1,13,580411,114,228,684,1368,1,1,85211,3193,0,14,0,0,0,NORMAL,0,3,1,6,40,114,0,228,0,0,0,0,0,0,0
88119,3,bully,2908,1,13,576706,114,228,684,1368,1,1,85211,2908,0,14,0,0,0,NORMAL,0,3,1,6,38,114,0,228,0,0,0,0,0,0,0
88096,4,bully,2887,1,13,576413,114,228,684,1368,1,1,85209,2887,0,14,0,0,0,NORMAL,0,3,1,6,43,114,0,228,0,0,0,0,0,0,0
88540,5,bully,3329,1,13,582179,114,230,684,1380,1,1,85211,3329,0,14,0,0,0,NORMAL,0,3,1,6,38,114,0,230,0,0,0,0,0,0,0
88846,9,bully,3635,1,13,586157,114,115,684,690,1,1,85211,3635,0,14,0,0,0,NORMAL,0,3,1,6,40,114,0,115,0,0,0,0,0,0,0
90286,6,bully,2772,1,13,574938,117,232,702,1392,1,1,87514,2772,0,14,0,0,0,NORMAL,0,3,1,9,39,117,0,232,0,0,0,0,0,0,0
90537,1,bully,3023,1,13,578201,117,116,702,696,1,1,87514,3023,0,14,0,0,0,LEADER,1,4,1,10,13,117,0,116,0,0,0,0,0,0,0
90264,7,bully,2750,1,13,574652,117,234,702,1404,1,1,87514,2750,0,14,0,0,0,NORMAL,0,3,1,9,40,117,0,234,0,0,0,0,0,0,0
90980,2,bully,3466,1,13,583960,117,234,702,1404,1,1,87514,3466,0,14,0,0,0,NORMAL,0,3,1,9,38,117,0,234,0,0,0,0,0,0,0
90592,10,bully,3078,1,13,578916,117,117,702,702,1,1,87514,3078,0,14,0,0,0,NORMAL,0,3,1,9,38,117,0,117,0,0,0,0,0,0,0
90707,8,bully,3193,1,13,580411,117,234,702,1404,1,1,87514,3193,0,14,0,0,0,NORMAL,0,3,1,9,40,117,0,234,0,0,0,0,0,0,0
90422,3,bully,2908,1,13,576706,117,234,702,1404,1,1,87514,2908,0,14,0,0,0,NORMAL,0,3,1,9,38,117,0,234,0,0,0,0,0,0,0
90399,4,bully,2887,1,13,576413,117,234,702,1404,1,1,87512,2887,0,14,0,0,0,NORMAL,0,3,1,9,43,117,0,234,0,0,0,0,0,0,0
90843,5,bully,3329,1,13,582179,117,236,702,1416,1,1,87514,3329,0,14,0,0,0,NORMAL,0,3,1,9,38,117,0,236,0,0,0,0,0,0,0
91149,9,bully,3635,1,13,586157,117,118,702,708,1,1,87514,3635,0,14,0,0,0,NORMAL,0,3,1,9,40,117,0,118,0,0,0,0,0,0,0
92589,6,bully,2772,1,14,667527,120,238,720,1428,1,1,89817,2772,0,15,0,0,0,NORMAL,0,3,2,3,42,120,0,238,0,0,0,0,0,0,0
92840,1,bully,3023,1,14,671041,120,119,720,714,1,1,89817,3023,0,15,0,0,0,LEADER,1,4,1,4,14,120,0,119,0,0,0,0,0,0,0
92567,7,bully,2750,1,14,667219,120,240,720,1440,1,1,89817,2750,0,15,0,0,0,NORMAL,0,3,2,3,43,120,0,240,0,0,0,0,0,0,0
93283,2,bully,3466,1,14,677243,120,240,720,1440,1,1,89817,3466,0,15,0,0,0,NORMAL,0,3,2,3,41,120,0,240,0,0,0,0,0,0,0
92895,10,bully,3078,1,14,671811,120,120,720,720,1,1,89817,3078,0,15,0,0,0,NORMAL,0,3,2,3,41,120,0,120,0,0,0,0,0,0,0
93010,8,bully,3193,1,14,673421,120,240,720,1440,1,1,89817,3193,0,15,0,0,0,NORMAL,0,3,2,3,43,120,0,240,0,0,0,0,0,0,0
92725,3,bully,2908,1,14,669431,120,240,720,1440,1,1,89817,2908,0,15,0,0,0,NORMAL,0,3,2,3,41,120,0,240,0,0,0,0,0,0,0
92702,4,bully,2887,1,14,669115,120,239,720,1434,1,1,89815,2887,0,15,0,0,0,NORMAL,0,3,2,3,46,120,0,239,0,0,0,0,0,0,0
93146,5,bully,3329,1,14,675325,120,242,720,1452,1,1,89817,3329,0,15,0,0,0,NORMAL,0,3,2,3,41,120,0,242,0,0,0,0,0,0,0
93452,9,bully,3635,1,14,679609,120,121,720,726,1,1,89817,3635,0,15,0,0,0,NORMAL,0,3,2,3,43,120,0,121,0,0,0,0,0,0,0
94892,6,bully,2772,1,14,667527,123,244,738,1464,1,1,92120,2772,0,15,0,0,0,NORMAL,0,3,1,6,42,123,0,244,0,0,0,0,0,0,0
95143,1,bully,3023,1,14,671041,123,122,738,732,1,1,92120,3023,0,15,0,0,0,LEADER,1,4,1,7,14,123,0,122,0,0,0,0,0,0,0
94870,7,bully,2750,1,14,667219,123,246,738,1476,1,1,92120,2750,0,15,0,0,0,NORMAL,0,3,1,6,43,123,0,246,0,0,0,0,0,0,0
95586,2,bully,3466,1,14,677243,123,246,738,1476,1,1,92120,3466,0,15,0,0,0,NORMAL,0,3,1,6,41,123,0,246,0,0,0,0,0,0,0
95198,10,bully,3078,1,14,671811,123,123,738,738,1,1,92120,3078,0,15,0,0,0,NORMAL,0,3,1,6,41,123,0,123,0,0,0,0,0,0,0
95313,8,bully,3193,1,14,673421,123,246,738,1476,1,1,92120,3193,0,15,0,0,0,NORMAL,0,3,1,6,43,123,0,246,0,0,0,0,0,0,0
95028,3,bully,2908,1,14,669431,123,246,738,1476,1,1,92120,2908,0,15,0,0,0,NORMAL,0,3,1,6,41,123,0,246,0,0,0,0,0,0,0
95005,4,bully,2887,1,14,669115,123,246,738,1476,1,1,92118,2887,0,15,0,0,0,NORMAL,0,3,1,6,46,123,0,246,0,0,0,0,0,0,0
95449,5,bully,3329,1,14,675325,123,248,738,1488,1,1,92120,3329,0,15,0,0,0,NORMAL,0,3,1,6,41,123,0,248,0,0,0,0,0,0,0
95755,9,bully,3635,1,14,679609,123,124,738,744,1,1,92120,3635,0,15,0,0,0,NORMAL,0,3,1,6,43,123,0,124,0,0,0,0,0,0,0
97195,6,bully,2772,1,14,667527,126,250,756,1500,1,1,94423,2772,0,15,0,0,0,NORMAL,0,3,1,9,42,126,0,250,0,0,0,0,0,0,0
97446,1,bully,3023,1,14,671041,126,125,756,750,1,1,94423,3023,0,15,0,0,0,LEADER,1,4,1,10,14,126,0,125,0,0,0,0,0,0,0
97173,7,bully,2750,1,14,667219,126,252,756,1512,1,1,94423,2750,0,15,0,0,0,NORMAL,0,3,1,9,43,126,0,252,0,0,0,0,0,0,0
97889,2,bully,3466,1,14,677243,126,252,756,1512,1,1,94423,3466,0,15,0,0,0,NORMAL,0,3,1,9,41,126,0,252,0,0,0,0,0,0,0
97501,10,bully,3078,1,14,671811,126,126,756,756,1,1,94423,3078,0,15,0,0,0,NORMAL,0,3,1,9,41,126,0,126,0,0,0,0,0,0,0
97616,8,bully,3193,1,14,673421,126,252,756,1512,1,1,94423,3193,0,15,0,0,0,NORMAL,0,3,1,9,43,126,0,252,0,0,0,0,0,0,0
97331,3,bully,2908,1,14,669431,126,252,756,1512,1,1,94423,2908,0,15,0,0,0,NORMAL,0,3,1,9,41,126,0,252,0,0,0,0,0,0,0
97308,4,bully,2887,1,14,669115,126,252,756,1512,1,1,94421,2887,0,15,0,0,0,NORMAL,0,3,1,9,46,126,0,252,0,0,0,0,0,0,0
97752,5,bully,3329,1,14,675325,126,254,756,1524,1,1,94423,3329,0,15,0,0,0,NORMAL,0,3,1,9,41,126,0,254,0,0,0,0,0,0,0
98058,9,bully,3635,1,14,679609,126,127,756,762,1,1,94423,3635,0,15,0,0,0,NORMAL,0,3,1,9,43,126,0,127,0,0,0,0,0,0,0
99498,6,bully,2772,1,15,767025,129,256,774,1536,1,1,96726,2772,0,16,0,0,0,NORMAL,0,3,2,3,45,129,0,256,0,0,0,0,0,0,0
99749,1,bully,3023,1,15,770790,129,128,774,768,1,1,96726,3023,0,16,0,0,0,LEADER,1,4,1,4,15,129,0,128,0,0,0,0,0,0,0
99476,7,bully,2750,1,15,766695,129,258,774,1548,1,1,96726,2750,0,16,0,0,0,NORMAL,0,3,2,3,46,129,0,258,0,0,0,0,0,0,0
100192,2,bully,3466,1,15,777435,129,258,774,1548,1,1,96726,3466,0,16,0,0,0,NORMAL,0,3,2,3,44,129,0,258,0,0,0,0,0,0,0
99804,10,bully,3078,1,15,771615,129,129,774,774,1,1,96726,3078,0,16,0,0,0,NORMAL,0,3,2,3,44,129,0,129,0,0,0,0,0,0,0
99919,8,bully,3193,1,15,773340,129,258,774,1548,1,1,96726,3193,0,16,0,0,0,NORMAL,0,3,2,3,46,129,0,258,0,0,0,0,0,0,0
99634,3,bully,2908,1,15,769065,129,258,774,1548,1,1,96726,2908,0,16,0,0,0,NORMAL,0,3,2,3,44,129,0,258,0,0,0,0,0,0,0
99611,4,bully,2887,1,15,768726,129,258,774,1548,1,1,96724,2887,0,16,0,0,0,NORMAL,0,3,2,3,49,129,0,258,0,0,0,0,0,0,0
100055,5,bully,3329,1,15,775380,129,260,774,1560,1,1,96726,3329,0,16,0,0,0,NORMAL,0,3,2,3,44,129,0,260,0,0,0,0,0,0,0
100361,9,bully,3635,1,15,779970,129,130,774,780,1,1,96726,3635,0,16,0,0,0,NORMAL,0,3,2,3,46,129,0,130,0,0,0,0,0,0,0
101801,6,bully,2772,1,15,767025,132,262,792,1572,1,1,99029,2772,0,16,0,0,0,NORMAL,0,3,1,6,45,132,0,262,0,0,0,0,0,0,0
102052,1,bully,3023,1,15,770790,132,131,792,786,1,1,99029,3023,0,16,0,0,0,LEADER,1,4,1,7,15,132,0,131,0,0,0,0,0,0,0
101779,7,bully,2750,1,15,766695,132,264,792,1584,1,1,99029,2750,0,16,0,0,0,NORMAL,0,3,1,6,46,132,0,264,0,0,0,0,0,0,0
102495,2,bully,3466,1,15,777435,132,264,792,1584,1,1,99029,3466,0,16,0,0,0,NORMAL,0,3,1,6,44,132,0,264,0,0,0,0,0,0,0
102107,10,bully,3078,1,15,771615,132,132,792,792,1,1,99029,3078,0,16,0,0,0,NORMAL,0,3,1,6,44,132,0,132,0,0,0,0,0,0,0
102222,8,bully,3193,1,15,773340,132,264,792,1584,1,1,99029,3193,0,16,0,0,0,NORMAL,0,3,1,6,46,132,0,264,0,0,0,0,0,0,0
101937,3,bully,2908,1,15,769065,132,264,792,1584,1,1,99029,2908,0,16,0,0,0,NORMAL,0,3,1,6,44,132,0,264,0,0,0,0,0,0,0
101914,4,bully,2887,1,15,768726,132,263,792,1578,1,1,99027,2887,0,16,0,0,0,NORMAL,0,3,1,6,49,132,0,263,0,0,0,0,0,0,0
102358,5,bully,3329,1,15,775380,132,266,792,1596,1,1,99029,3329,0,16,0,0,0,NORMAL,0,3,1,6,44,132,0,266,0,0,0,0,0,0,0
102664,9,bully,3635,1,15,779970,132,133,792,798,1,1,99029,3635,0,16,0,0,0,NORMAL,0,3,1,6,46,132,0,133,0,0,0,0,0,0,0
104104,6,bully,2772,1,15,767025,135,268,810,1608,1,1,101332,2772,0,16,0,0,0,NORMAL,0,3,1,9,45,135,0,268,0,0,0,0,0,0,0
104355,1,bully,3023,1,15,770790,135,134,810,804,1,1,101332,3023,0,16,0,0,0,LEADER,1,4,1,10,15,135,0,134,0,0,0,0,0,0,0
104082,7,bully,2750,1,15,766695,135,269,810,1614,1,1,101332,2750,0,16,0,0,0,NORMAL,0,3,1,9,46,135,0,269,0,0,0,0,0,0,0
104798,2,bully,3466,1,15,777435,135,270,810,1620,1,1,101332,3466,0,16,0,0,0,NORMAL,0,3,1,9,44,135,0,270,0,0,0,0,0,0,0
104410,10,bully,3078,1,15,771615,135,135,810,810,1,1,101332,3078,0,16,0,0,0,NORMAL,0,3,1,9,44,135,0,135,0,0,0,0,0,0,0
104525,8,bully,3193,1,15,773340,135,270,810,1620,1,1,101332,3193,0,16,0,0,0,NORMAL,0,3,1,9,46,135,0,270,0,0,0,0,0,0,0
104240,3,bully,2908,1,15,769065,135,270,810,1620,1,1,101332,2908,0,16,0,0,0,NORMAL,0,3,1,9,44,135,0,270,0,0,0,0,0,0,0
104217,4,bully,2887,1,15,768726,135,270,810,1620,1,1,101330,2887,0,16,0,0,0,NORMAL,0,3,1,9,49,135,0,270,0,0,0,0,0,0,0
104661,5,bully,3329,1,15,775380,135,272,810,1632,1,1,101332,3329,0,16,0,0,0,NORMAL,0,3,1,9,44,135,0,272,0,0,0,0,0,0,0
104967,9,bully,3635,1,15,779970,135,136,810,816,1,1,101332,3635,0,16,0,0,0,NORMAL,0,3,1,9,46,135,0,136,0,0,0,0,0,0,0
106407,6,bully,2772,1,16,873432,138,274,828,1644,1,1,103635,2772,0,17,0,0,0,NORMAL,0,3,2,3,48,138,0,274,0,0,0,0,0,0,0
106658,1,bully,3023,1,16,877448,138,137,828,822,1,1,103635,3023,0,17,0,0,0,LEADER,1,4,1,4,16,138,0,137,0,0,0,0,0,0,0
106385,7,bully,2750,1,16,873080,138,276,828,1656,1,1,103635,2750,0,17,0,0,0,NORMAL,0,3,2,3,50,138,0,276,0,0,0,0,0,0,0
107101,2,bully,3466,1,16,884536,138,276,828,1656,1,1,103635,3466,0,17,0,0,0,NORMAL,0,3,2,3,47,138,0,276,0,0,0,0,0,0,0
106713,10,bully,3078,1,16,878328,138,138,828,828,1,1,103635,3078,0,17,0,0,0,NORMAL,0,3,2,3,47,138,0,138,0,0,0,0,0,0,0
106828,8,bully,3193,1,16,880168,138,276,828,1656,1,1,103635,3193,0,17,0,0,0,NORMAL,0,3,2,3,49,138,0,276,0,0,0,0,0,0,0
106543,3,bully,2908,1,16,875608,138,276,828,1656,1,1,103635,2908,0,17,0,0,0,NORMAL,0,3,2,3,47,138,0,276,0,0,0,0,0,0,0
106520,4,bully,2887,1,16,875246,138,276,828,1656,1,1,103633,2887,0,17,0,0,0,NORMAL,0,3,2,3,52,138,0,276,0,0,0,0,0,0,0
106964,5,bully,3329,1,16,882344,138,278,828,1668,1,1,103635,3329,0,17,0,0,0,NORMAL,0,3,2,3,47,138,0,278,0,0,0,0,0,0,0
107270,9,bully,3635,1,16,887240,138,139,828,834,1,1,103635,3635,0,17,0,0,0,NORMAL,0,3,2,3,49,138,0,139,0,0,0,0,0,0,0
108710,6,bully,2772,1,16,873432,141,280,846,1680,1,1,105938,2772,0,17,0,0,0,NORMAL,0,3,1,6,48,141,0,280,0,0,0,0,0,0,0
108961,1,bully,3023,1,16,877448,141,140,846,840,1,1,105938,3023,0,17,0,0,0,LEADER,1,4,1,7,16,141,0,140,0,0,0,0,0,0,0
108688,7,bully,2750,1,16,873080,141,282,846,1692,1,1,105938,2750,0,17,0,0,0,NORMAL,0,3,1,6,50,141,0,282,0,0,0,0,0,0,0
109404,2,bully,3466,1,16,884536,141,282,846,1692,1,1,105938,3466,0,17,0,0,0,NORMAL,0,3,1,6,47,141,0,282,0,0,0,0,0,0,0
109016,10,bully,3078,1,16,878328,141,141,846,846,1,1,105938,3078,0,17,0,0,0,NORMAL,0,3,1,6,47,141,0,141,0,0,0,0,0,0,0
109131,8,bully,3193,1,16,880168,141,282,846,1692,1,1,105938,3193,0,17,0,0,0,NORMAL,0,3,1,6,49,141,0,282,0,0,0,0,0,0,0
108846,3,bully,2908,1,16,875608,141,282,846,1692,1,1,105938,2908,0,17,0,0,0,NORMAL,0,3,1,6,47,141,0,282,0,0,0,0,0,0,0
108823,4,bully,2887,1,16,875246,141,282,846,1692,1,1,105936,2887,0,17,0,0,0,NORMAL,0,3,1,6,52,141,0,282,0,0,0,0,0,0,0
109267,5,bully,3329,1,16,882344,141,284,846,1704,1,1,105938,3329,0,17,0,0,0,NORMAL,0,3,1,6,47,141,0,284,0,0,0,0,0,0,0
109573,9,bully,3635,1,16,887240,141,142,846,852,1,1,105938,3635,0,17,0,0,0,NORMAL,0,3,1,6,49,141,0,142,0,0,0,0,0,0,0
111013,6,bully,2772,1,16,873432,144,286,864,1716,1,1,108241,2772,0,17,0,0,0,NORMAL,0,3,1,9,48,144,0,286,0,0,0,0,0,0,0
111264,1,bully,3023,1,16,877448,144,143,864,858,1,1,108241,3023,0,17,0,0,0,LEADER,1,4,1,10,16,144,0,143,0,0,0,0,0,0,0
110991,7,bully,2750,1,16,873080,144,288,864,1728,1,1,108241,2750,0,17,0,0,0,NORMAL,0,3,1,9,50,144,0,288,0,0,0,0,0,0,0
111707,2,bully,3466,1,16,884536,144,288,864,1728,1,1,108241,3466,0,17,0,0,0,NORMAL,0,3,1,9,47,144,0,288,0,0,0,0,0,0,0
111319,10,bully,3078,1,16,878328,144,144,864,864,1,1,108241,3078,0,17,0,0,0,NORMAL,0,3,1,9,47,144,0,144,0,0,0,0,0,0,0
111434,8,bully,3193,1,16,880168,144,288,864,1728,1,1,108241,3193,0,17,0,0,0,NORMAL,0,3,1,9,49,144,0,288,0,0,0,0,0,0,0
111149,3,bully,2908,1,16,875608,144,288,864,1728,1,1,108241,2908,0,17,0,0,0,NORMAL,0,3,1,9,47,144,0,288,0,0,0,0,0,0,0
111126,4,bully,2887,1,16,875246,144,288,864,1728,1,1,108239,2887,0,17,0,0,0,NORMAL,0,3,1,9,52,144,0,288,0,0,0,0,0,0,0
111570,5,bully,3329,1,16,882344,144,290,864,1740,1,1,108241,3329,0,17,0,0,0,NORMAL,0,3,1,9,47,144,0,290,0,0,0,0,0,0,0
111876,9,bully,3635,1,16,887240,144,145,864,870,1,1,108241,3635,0,17,0,0,0,NORMAL,0,3,1,9,49,144,0,145,0,0,0,0,0,0,0
113316,6,bully,2772,1,17,986748,147,292,882,1752,1,1,110544,2772,0,18,0,0,0,NORMAL,0,3,2,3,51,147,0,292,0,0,0,0,0,0,0
113567,1,bully,3023,1,17,991015,147,146,882,876,1,1,110544,3023,0,18,0,0,0,LEADER,1,4,1,4,17,147,0,146,0,0,0,0,0,0,0
113294,7,bully,2750,1,17,986374,147,294,882,1764,1,1,110544,2750,0,18,0,0,0,NORMAL,0,3,2,3,53,147,0,294,0,0,0,0,0,0,0
114010,2,bully,3466,1,17,998546,147,294,882,1764,1,1,110544,3466,0,18,0,0,0,NORMAL,0,3,2,3,50,147,0,294,0,0,0,0,0,0,0
113622,10,bully,3078,1,17,991950,147,147,882,882,1,1,110544,3078,0,18,0,0,0,NORMAL,0,3,2,3,50,147,0,147,0,0,0,0,0,0,0
113737,8,bully,3193,1,17,993905,147,294,882,1764,1,1,110544,3193,0,18,0,0,0,NORMAL,0,3,2,3,52,147,0,294,0,0,0,0,0,0,0
113452,3,bully,2908,1,17,989060,147,294,882,1764,1,1,110544,2908,0,18,0,0,0,NORMAL,0,3,2,3,50,147,0,294,0,0,0,0,0,0,0
113429,4,bully,2887,1,17,988675,147,294,882,1764,1,1,110542,2887,0,18,0,0,0,NORMAL,0,3,2,3,55,147,0,294,0,0,0,0,0,0,0
113873,5,bully,3329,1,17,996217,147,296,882,1776,1,1,110544,3329,0,18,0,0,0,NORMAL,0,3,2,3,50,147,0,296,0,0,0,0,0,0,0
114179,9,bully,3635,1,17,1001419,147,148,882,888,1,1,110544,3635,0,18,0,0,0,NORMAL,0,3,2,3,52,147,0,148,0,0,0,0,0,0,0
115619,6,bully,2772,1,17,986748,150,298,900,1788,1,1,112847,2772,0,18,0,0,0,NORMAL,0,3,1,6,51,150,0,298,0,0,0,0,0,0,0
115870,1,bully,3023,1,17,991015,150,149,900,894,1,1,112847,3023,0,18,0,0,0,LEADER,1,4,1,7,17,150,0,149,0,0,0,0,0,0,0
115597,7,bully,2750,1,17,986374,150,300,900,1800,1,1,112847,2750,0,18,0,0,0,NORMAL,0,3,1,6,53,150,0,300,0,0,0,0,0,0,0
116313,2,bully,3466,1,17,998546,150,300,900,1800,1,1,112847,3466,0,18,0,0,0,NORMAL,0,3,1,6,50,150,0,300,0,0,0,0,0,0,0
115925,10,bully,3078,1,17,991950,150,150,900,900,1,1,112847,3078,0,18,0,0,0,NORMAL,0,3,1,6,50,150,0,150,0,0,0,0,0,0,0
116040,8,bully,3193,1,17,993905,150,300,900,1800,1,1,112847,3193,0,18,0,0,0,NORMAL,0,3,1,6,52,150,0,300,0,0,0,0,0,0,0
115755,3,bully,2908,1,17,989060,150,300,900,1800,1,1,112847,2908,0,18,0,0,0,NORMAL,0,3,1,6,50,150,0,300,0,0,0,0,0,0,0
115732,4,bully,2887,1,17,988675,150,299,900,1794,1,1,112845,2887,0,18,0,0,0,NORMAL,0,3,1,6,55,150,0,299,0,0,0,0,0,0,0
116176,5,bully,3329,1,17,996217,150,302,900,1812,1,1,112847,3329,0,18,0,0,0,NORMAL,0,3,1,6,50,150,0,302,0,0,0,0,0,0,0
116482,9,bully,3635,1,17,1001419,150,151,900,906,1,1,112847,3635,0,18,0,0,0,NORMAL,0,3,1,6,52,150,0,151,0,0,0,0,0,0,0
117922,6,bully,2772,1,17,986748,153,304,918,1824,1,1,115150,2772,0,18,0,0,0,NORMAL,0,3,1,9,51,153,0,304,0,0,0,0,0,0,0
118173,1,bully,3023,1,17,991015,153,152,918,912,1,1,115150,3023,0,18,0,0,0,LEADER,1,4,1,10,17,153,0,152,0,0,0,0,0,0,0
117900,7,bully,2750,1,17,986374,153,305,918,1830,1,1,115150,2750,0,18,0,0,0,NORMAL,0,3,1,9,53,153,0,305,0,0,0,0,0,0,0
118616,2,bully,3466,1,17,998546,153,306,918,1836,1,1,115150,3466,0,18,0,0,0,NORMAL,0,3,1,9,50,153,0,306,0,0,0,0,0,0,0
118228,10,bully,3078,1,17,991950,153,153,918,918,1,1,115150,3078,0,18,0,0,0,NORMAL,0,3,1,9,50,153,0,153,0,0,0,0,0,0,0
118343,8,bully,3193,1,17,993905,153,306,918,1836,1,1,115150,3193,0,18,0,0,0,NORMAL,0,3,1,9,52,153,0,306,0,0,0,0,0,0,0
118058,3,bully,2908,1,17,989060,153,306,918,1836,1,1,115150,2908,0,18,0,0,0,NORMAL,0,3,1,9,50,153,0,306,0,0,0,0,0,0,0
118035,4,bully,2887,1,17,988675,153,305,918,1830,1,1,115148,2887,0,18,0,0,0,NORMAL,0,3,1,9,55,153,0,305,0,0,0,0,0,0,0
118479,5,bully,3329,1,17,996217,153,308,918,1848,1,1,115150,3329,0,18,0,0,0,NORMAL,0,3,1,9,50,153,0,308,0,0,0,0,0,0,0
118785,9,bully,3635,1,17,1001419,153,154,918,924,1,1,115150,3635,0,18,0,0,0,NORMAL,0,3,1,9,52,153,0,154,0,0,0,0,0,0,0
120225,6,bully,2772,1,18,1106973,156,310,936,1860,1,1,117453,2772,0,19,0,0,0,NORMAL,0,3,2,3,54,156,0,310,0,0,0,0,0,0,0
120476,1,bully,3023,1,18,1111491,156,155,936,930,1,1,117453,3023,0,19,0,0,0,LEADER,1,4,1,4,18,156,0,155,0,0,0,0,0,0,0
120203,7,bully,2750,1,18,1106577,156,312,936,1872,1,1,117453,2750,0,19,0,0,0,NORMAL,0,3,2,3,57,156,0,312,0,0,0,0,0,0,0
120919,2,bully,3466,1,18,1119465,156,312,936,1872,1,1,117453,3466,0,19,0,0,0,NORMAL,0,3,2,3,53,156,0,312,0,0,0,0,0,0,0
120531,10,bully,3078,1,18,1112481,156,156,936,936,1,1,117453,3078,0,19,0,0,0,NORMAL,0,3,2,3,53,156,0,156,0,0,0,0,0,0,0
120646,8,bully,3193,1,18,1114551,156,312,936,1872,1,1,117453,3193,0,19,0,0,0,NORMAL,0,3,2,3,55,156,0,312,0,0,0,0,0,0,0
120361,3,bully,2908,1,18,1109421,156,312,936,1872,1,1,117453,2908,0,19,0,0,0,NORMAL,0,3,2,3,53,156,0,312,0,0,0,0,0,0,0
120338,4,bully,2887,1,18,1109013,156,311,936,1866,1,1,117451,2887,0,19,0,0,0,NORMAL,0,3,2,3,59,156,0,311,0,0,0,0,0,0,0
120782,5,bully,3329,1,18,1116999,156,314,936,1884,1,1,117453,3329,0,19,0,0,0,NORMAL,0,3,2,3,53,156,0,314,0,0,0,0,0,0,0
121088,9,bully,3635,1,18,1122507,156,157,936,942,1,1,117453,3635,0,19,0,0,0,NORMAL,0,3,2,3,55,156,0,157,0,0,0,0,0,0,0
122528,6,bully,2772,1,18,1106973,159,316,954,1896,1,1,119756,2772,0,19,0,0,0,NORMAL,0,3,1,6,54,159,0,316,0,0,0,0,0,0,0
122779,1,bully,3023,1,18,1111491,159,158,954,948,1,1,119756,3023,0,19,0,0,0,LEADER,1,4,1,7,18,159,0,158,0,0,0,0,0,0,0
122506,7,bully,2750,1,18,1106577,159,318,954,1908,1,1,119756,2750,0,19,0,0,0,NORMAL,0,3,1,6,57,159,0,318,0,0,0,0,0,0,0
123222,2,bully,3466,1,18,1119465,159,318,954,1908,1,1,119756,3466,0,19,0,0,0,NORMAL,0,3,1,6,53,159,0,318,0,0,0,0,0,0,0
122834,10,bully,3078,1,18,1112481,159,159,954,954,1,1,119756,3078,0,19,0,0,0,NORMAL,0,3,1,6,53,159,0,159,0,0,0,0,0,0,0
122949,8,bully,3193,1,18,1114551,159,318,954,1908,1,1,119756,3193,0,19,0,0,0,NORMAL,0,3,1,6,55,159,0,318,0,0,0,0,0,0,0
122664,3,bully,2908,1,18,1109421,159,318,954,1908,1,1,119756,2908,0,19,0,0,0,NORMAL,0,3,1,6,53,159,0,318,0,0,0,0,0,0,0
122641,4,bully,2887,1,18,1109013,159,317,954,1902,1,1,119754,2887,0,19,0,0,0,NORMAL,0,3,1,6,59,159,0,317,0,0,0,0,0,0,0
123085,5,bully,3329,1,18,1116999,159,320,954,1920,1,1,119756,3329,0,19,0,0,0,NORMAL,0,3,1,6,53,159,0,320,0,0,0,0,0,0,0
123391,9,bully,3635,1,18,1122507,159,160,954,960,1,1,119756,3635,0,19,0,0,0,NORMAL,0,3,1,6,55,159,0,160,0,0,0,0,0,0,0
124831,6,bully,2772,1,18,1106973,162,322,972,1932,1,1,122059,2772,0,19,0,0,0,NORMAL,0,3,1,9,54,162,0,322,0,0,0,0,0,0,0
125082,1,bully,3023,1,18,1111491,162,161,972,966,1,1,122059,3023,0,19,0,0,0,LEADER,1,4,1,10,18,162,0,161,0,0,0,0,0,0,0
124809,7,bully,2750,1,18,1106577,162,324,972,1944,1,1,122059,2750,0,19,0,0,0,NORMAL,0,3,1,9,57,162,0,324,0,0,0,0,0,0,0
125525,2,bully,3466,1,18,1119465,162,324,972,1944,1,1,122059,3466,0,19,0,0,0,NORMAL,0,3,1,9,53,162,0,324,0,0,0,0,0,0,0
125137,10,bully,3078,1,18,1112481,162,162,972,972,1,1,122059,3078,0,19,0,0,0,NORMAL,0,3,1,9,53,162,0,162,0,0,0,0,0,0,0
125252,8,bully,3193,1,18,1114551,162,324,972,1944,1,1,122059,3193,0,19,0,0,0,NORMAL,0,3,1,9,55,162,0,324,0,0,0,0,0,0,0
124967,3,bully,2908,1,18,1109421,162,324,972,1944,1,1,122059,2908,0,19,0,0,0,NORMAL,0,3,1,9,53,162,0,324,0,0,0,0,0,0,0
124944,4,bully,2887,1,18,1109013,162,324,972,1944,1,1,122057,2887,0,19,0,0,0,NORMAL,0,3,1,9,59,162,0,324,0,0,0,0,0,0,0
125388,5,bully,3329,1,18,1116999,162,326,972,1956,1,1,122059,3329,0,19,0,0,0,NORMAL,0,3,1,9,53,162,0,326,0,0,0,0,0,0,0
125694,9,bully,3635,1,18,1122507,162,163,972,978,1,1,122059,3635,0,19,0,0,0,NORMAL,0,3,1,9,55,162,0,163,0,0,0,0,0,0,0
127134,6,bully,2772,1,19,1234107,165,328,990,1968,1,1,124362,2772,0,20,0,0,0,NORMAL,0,3,2,3,57,165,0,328,0,0,0,0,0,0,0
127385,1,bully,3023,1,19,1238876,165,164,990,984,1,1,124362,3023,0,20,0,0,0,LEADER,1,4,1,4,19,165,0,164,0,0,0,0,0,0,0
127112,7,bully,2750,1,19,1233689,165,330,990,1980,1,1,124362,2750,0,20,0,0,0,NORMAL,0,3,2,3,60,165,0,330,0,0,0,0,0,0,0
127828,2,bully,3466,1,19,1247293,165,330,990,1980,1,1,124362,3466,0,20,0,0,0,NORMAL,0,3,2,3,56,165,0,330,0,0,0,0,0,0,0
127440,10,bully,3078,1,19,1239921,165,165,990,990,1,1,124362,3078,0,20,0,0,0,NORMAL,0,3,2,3,56,165,0,165,0,0,0,0,0,0,0
127555,8,bully,3193,1,19,1242106,165,330,990,1980,1,1,124362,3193,0,20,0,0,0,NORMAL,0,3,2,3,58,165,0,330,0,0,0,0,0,0,0
127270,3,bully,2908,1,19,1236691,165,330,990,1980,1,1,124362,2908,0,20,0,0,0,NORMAL,0,3,2,3,56,165,0,330,0,0,0,0,0,0,0
127247,4,bully,2887,1,19,1236260,165,330,990,1980,1,1,124360,2887,0,20,0,0,0,NORMAL,0,3,2,3,62,165,0,330,0,0,0,0,0,0,0
127691,5,bully,3329,1,19,1244690,165,332,990,1992,1,1,124362,3329,0,20,0,0,0,NORMAL,0,3,2,3,56,165,0,332,0,0,0,0,0,0,0
127997,9,bully,3635,1,19,1250504,165,166,990,996,1,1,124362,3635,0,20,0,0,0,NORMAL,0,3,2,3,58,165,0,166,0,0,0,0,0,0,0
129437,6,bully,2772,1,19,1234107,168,334,1008,2004,1,1,126665,2772,0,20,0,0,0,NORMAL,0,3,1,6,57,168,0,334,0,0,0,0,0,0,0
129688,1,bully,3023,1,19,1238876,168,167,1008,1002,1,1,126665,3023,0,20,0,0,0,LEADER,1,4,1,7,19,168,0,167,0,0,0,0,0,0,0
129415,7,bully,2750,1,19,1233689,168,336,1008,2016,1,1,126665,2750,0,20,0,0,0,NORMAL,0,3,1,6,60,168,0,336,0,0,0,0,0,0,0
130131,2,bully,3466,1,19,1247293,168,336,1008,2016,1,1,126665,3466,0,20,0,0,0,NORMAL,0,3,1,6,56,168,0,336,0,0,0,0,0,0,0
129743,10,bully,3078,1,19,1239921,168,168,1008,1008,1,1,126665,3078,0,20,0,0,0,NORMAL,0,3,1,6,56,168,0,168,0,0,0,0,0,0,0
129858,8,bully,3193,1,19,1242106,168,336,1008,2016,1,1,126665,3193,0,20,0,0,0,NORMAL,0,3,1,6,58,168,0,336,0,0,0,0,0,0,0
129573,3,bully,2908,1,19,1236691,168,336,1008,2016,1,1,126665,2908,0,20,0,0,0,NORMAL,0,3,1,6,56,168,0,336,0,0,0,0,0,0,0
129550,4,bully,2887,1,19,1236260,168,336,1008,2016,1,1,126663,2887,0,20,0,0,0,NORMAL,0,3,1,6,62,168,0,336,0,0,0,0,0,0,0
129994,5,bully,3329,1,19,1244690,168,338,1008,2028,1,1,126665,3329,0,20,0,0,0,NORMAL,0,3,1,6,56,168,0,338,0,0,0,0,0,0,0
130300,9,bully,3635,1,19,1250504,168,169,1008,1014,1,1,126665,3635,0,20,0,0,0,NORMAL,0,3,1,6,58,168,0,169,0,0,0,0,0,0,0
131740,6,bully,2772,1,19,1234107,171,340,1026,2040,1,1,128968,2772,0,20,0,0,0,NORMAL,0,3,1,9,57,171,0,340,0,0,0,0,0,0,0
131991,1,bully,3023,1,19,1238876,171,170,1026,1020,1,1,128968,3023,0,20,0,0,0,LEADER,1,4,1,10,19,171,0,170,0,0,0,0,0,0,0
131718,7,bully,2750,1,19,1233689,171,342,1026,2052,1,1,128968,2750,0,20,0,0,0,NORMAL,0,3,1,9,60,171,0,342,0,0,0,0,0,0,0
132434,2,bully,3466,1,19,1247293,171,342,1026,2052,1,1,128968,3466,0,20,0,0,0,NORMAL,0,3,1,9,56,171,0,342,0,0,0,0,0,0,0
132046,10,bully,3078,1,19,1239921,171,171,1026,1026,1,1,128968,3078,0,20,0,0,0,NORMAL,0,3,1,9,56,171,0,171,0,0,0,0,0,0,0
132161,8,bully,3193,1,19,1242106,171,342,1026,2052,1,1,128968,3193,0,20,0,0,0,NORMAL,0,3,1,9,58,171,0,342,0,0,0,0,0,0,0
131876,3,bully,2908,1,19,1236691,171,342,1026,2052,1,1,128968,2908,0,20,0,0,0,NORMAL,0,3,1,9,56,171,0,342,0,0,0,0,0,0,0
131853,4,bully,2887,1,19,1236260,171,342,1026,2052,1,1,128966,2887,0,20,0,0,0,NORMAL,0,3,1,9,62,171,0,342,0,0,0,0,0,0,0
132297,5,bully,3329,1,19,1244690,171,344,1026,2064,1,1,128968,3329,0,20,0,0,0,NORMAL,0,3,1,9,56,171,0,344,0,0,0,0,0,0,0
132603,9,bully,3635,1,19,1250504,171,172,1026,1032,1,1,128968,3635,0,20,0,0,0,NORMAL,0,3,1,9,58,171,0,172,0,0,0,0,0,0,0
134043,6,bully,2772,1,20,1368150,174,346,1044,2076,1,1,131271,2772,0,21,0,0,0,NORMAL,0,3,2,3,60,174,0,346,0,0,0,0,0,0,0
134294,1,bully,3023,1,20,1373170,174,173,1044,1038,1,1,131271,3023,0,21,0,0,0,LEADER,1,4,1,4,20,174,0,173,0,0,0,0,0,0,0
134021,7,bully,2750,1,20,1367710,174,348,1044,2088,1,1,131271,2750,0,21,0,0,0,NORMAL,0,3,2,3,63,174,0,348,0,0,0,0,0,0,0
134737,2,bully,3466,1,20,1382030,174,348,1044,2088,1,1,131271,3466,0,21,0,0,0,NORMAL,0,3,2,3,59,174,0,348,0,0,0,0,0,0,0
134349,10,bully,3078,1,20,1374270,174,174,1044,1044,1,1,131271,3078,0,21,0,0,0,NORMAL,0,3,2,3,59,174,0,174,0,0,0,0,0,0,0
134464,8,bully,3193,1,20,1376570,174,348,1044,2088,1,1,131271,3193,0,21,0,0,0,NORMAL,0,3,2,3,61,174,0,348,0,0,0,0,0,0,0
134179,3,bully,2908,1,20,1370870,174,348,1044,2088,1,1,131271,2908,0,21,0,0,0,NORMAL,0,3,2,3,59,174,0,348,0,0,0,0,0,0,0
134156,4,bully,2887,1,20,1370416,174,348,1044,2088,1,1,131269,2887,0,21,0,0,0,NORMAL,0,3,2,3,65,174,0,348,0,0,0,0,0,0,0
134600,5,bully,3329,1,20,1379290,174,350,1044,2100,1,1,131271,3329,0,21,0,0,0,NORMAL,0,3,2,3,59,174,0,350,0,0,0,0,0,0,0
134906,9,bully,3635,1,20,1385410,174,175,1044,1050,1,1,131271,3635,0,21,0,0,0,NORMAL,0,3,2,3,61,174,0,175,0,0,0,0,0,0,0
136346,6,bully,2772,1,20,1368150,177,352,1062,2112,1,1,133574,2772,0,21,0,0,0,NORMAL,0,3,1,6,60,177,0,352,0,0,0,0,0,0,0
136597,1,bully,3023,1,20,1373170,177,176,1062,1056,1,1,133574,3023,0,21,0,0,0,LEADER,1,4,1,7,20,177,0,176,0,0,0,0,0,0,0
136324,7,bully,2750,1,20,1367710,177,354,1062,2124,1,1,133574,2750,0,21,0,0,0,NORMAL,0,3,1,6,63,177,0,354,0,0,0,0,0,0,0
137040,2,bully,3466,1,20,1382030,177,354,1062,2124,1,1,133574,3466,0,21,0,0,0,NORMAL,0,3,1,6,59,177,0,354,0,0,0,0,0,0,0
136652,10,bully,3078,1,20,1374270,177,177,1062,1062,1,1,133574,3078,0,21,0,0,0,NORMAL,0,3,1,6,59,177,0,177,0,0,0,0,0,0,0
136767,8,bully,3193,1,20,1376570,177,354,1062,2124,1,1,133574,3193,0,21,0,0,0,NORMAL,0,3,1,6,61,177,0,354,0,0,0,0,0,0,0
136482,3,bully,2908,1,20,1370870,177,354,1062,2124,1,1,133574,2908,0,21,0,0,0,NORMAL,0,3,1,6,59,177,0,354,0,0,0,0,0,0,0
136459,4,bully,2887,1,20,1370416,177,353,1062,2118,1,1,133572,2887,0,21,0,0,0,NORMAL,0,3,1,6,65,177,0,353,0,0,0,0,0,0,0
136903,5,bully,3329,1,20,1379290,177,356,1062,2136,1,1,133574,3329,0,21,0,0,0,NORMAL,0,3,1,6,59,177,0,356,0,0,0,0,0,0,0
137209,9,bully,3635,1,20,1385410,177,178,1062,1068,1,1,133574,3635,0,21,0,0,0,NORMAL,0,3,1,6,61,177,0,178,0,0,0,0,0,0,0
138649,6,bully,2772,1,20,1368150,180,358,1080,2148,1,1,135877,2772,0,21,0,0,0,NORMAL,0,3,1,9,60,180,0,358,0,0,0,0,0,0,0
138900,1,bully,3023,1,20,1373170,180,179,1080,1074,1,1,135877,3023,0,21,0,0,0,LEADER,1,4,1,10,20,180,0,179,0,0,0,0,0,0,0
138627,7,bully,2750,1,20,1367710,180,360,1080,2160,1,1,135877,2750,0,21,0,0,0,NORMAL,0,3,1,9,63,180,0,360,0,0,0,0,0,0,0
139343,2,bully,3466,1,20,1382030,180,360,1080,2160,1,1,135877,3466,0,21,0,0,0,NORMAL,0,3,1,9,59,180,0,360,0,0,0,0,0,0,0
138955,10,bully,3078,1,20,1374270,180,180,1080,1080,1,1,135877,3078,0,21,0,0,0,NORMAL,0,3,1,9,59,180,0,180,0,0,0,0,0,0,0
139070,8,bully,3193,1,20,1376570,180,360,1080,2160,1,1,135877,3193,0,21,0,0,0,NORMAL,0,3,1,9,61,180,0,360,0,0,0,0,0,0,0
138785,3,bully,2908,1,20,1370870,180,360,1080,2160,1,1,135877,2908,0,21,0,0,0,NORMAL,0,3,1,9,59,180,0,360,0,0,0,0,0,0,0
138762,4,bully,2887,1,20,1370416,180,359,1080,2154,1,1,135875,2887,0,21,0,0,0,NORMAL,0,3,1,9,65,180,0,359,0,0,0,0,0,0,0
139206,5,bully,3329,1,20,1379290,180,362,1080,2172,1,1,135877,3329,0,21,0,0,0,NORMAL,0,3,1,9,59,180,0,362,0,0,0,0,0,0,0
139512,9,bully,3635,1,20,1385410,180,181,1080,1086,1,1,135877,3635,0,21,0,0,0,NORMAL,0,3,1,9,61,180,0,181,0,0,0,0,0,0,0
140952,6,bully,2772,1,21,1509102,183,364,1098,2184,1,1,138180,2772,0,22,0,0,0,NORMAL,0,3,2,3,63,183,0,364,0,0,0,0,0,0,0
141203,1,bully,3023,1,21,1514373,183,182,1098,1092,1,1,138180,3023,0,22,0,0,0,LEADER,1,4,1,4,21,183,0,182,0,0,0,0,0,0,0
140930,7,bully,2750,1,21,1508640,183,366,1098,2196,1,1,138180,2750,0,22,0,0,0,NORMAL,0,3,2,3,66,183,0,366,0,0,0,0,0,0,0
141646,2,bully,3466,1,21,1523676,183,366,1098,2196,1,1,138180,3466,0,22,0,0,0,NORMAL,0,3,2,3,62,183,0,366,0,0,0,0,0,0,0
141258,10,bully,3078,1,21,1515528,183,183,1098,1098,1,1,138180,3078,0,22,0,0,0,NORMAL,0,3,2,3,62,183,0,183,0,0,0,0,0,0,0
141373,8,bully,3193,1,21,1517943,183,366,1098,2196,1,1,138180,3193,0,22,0,0,0,NORMAL,0,3,2,3,64,183,0,366,0,0,0,0,0,0,0
141088,3,bully,2908,1,21,1511958,183,366,1098,2196,1,1,138180,2908,0,22,0,0,0,NORMAL,0,3,2,3,62,183,0,366,0,0,0,0,0,0,0
141065,4,bully,2887,1,21,1511481,183,366,1098,2196,1,1,138178,2887,0,22,0,0,0,NORMAL,0,3,2,3,69,183,0,366,0,0,0,0,0,0,0
141509,5,bully,3329,1,21,1520799,183,368,1098,2208,1,1,138180,3329,0,22,0,0,0,NORMAL,0,3,2,3,62,183,0,368,0,0,0,0,0,0,0
141815,9,bully,3635,1,21,1527225,183,184,1098,1104,1,1,138180,3635,0,22,0,0,0,NORMAL,0,3,2,3,64,183,0,184,0,0,0,0,0,0,0
143255,6,bully,2772,1,21,1509102,186,370,1116,2220,1,1,140483,2772,0,22,0,0,0,NORMAL,0,3,1,6,63,186,0,370,0,0,0,0,0,0,0
143506,1,bully,3023,1,21,1514373,186,185,1116,1110,1,1,140483,3023,0,22,0,0,0,LEADER,1,4,1,7,21,186,0,185,0,0,0,0,0,0,0
143233,7,bully,2750,1,21,1508640,186,372,1116,2232,1,1,140483,2750,0,22,0,0,0,NORMAL,0,3,1,6,66,186,0,372,0,0,0,0,0,0,0
143949,2,bully,3466,1,21,1523676,186,372,1116,2232,1,1,140483,3466,0,22,0,0,0,NORMAL,0,3,1,6,62,186,0,372,0,0,0,0,0,0,0
143561,10,bully,3078,1,21,1515528,186,186,1116,1116,1,1,140483,3078,0,22,0,0,0,NORMAL,0,3,1,6,62,186,0,186,0,0,0,0,0,0,0
143676,8,bully,3193,1,21,1517943,186,372,1116,2232,1,1,140483,3193,0,22,0,0,0,NORMAL,0,3,1,6,64,186,0,372,0,0,0,0,0,0,0
143391,3,bully,2908,1,21,1511958,186,372,1116,2232,1,1,140483,2908,0,22,0,0,0,NORMAL,0,3,1,6,62,186,0,372,0,0,0,0,0,0,0
143368,4,bully,2887,1,21,1511481,186,372,1116,2232,1,1,140481,2887,0,22,0,0,0,NORMAL,0,3,1,6,69,186,0,372,0,0,0,0,0,0,0
143812,5,bully,3329,1,21,1520799,186,374,1116,2244,1,1,140483,3329,0,22,0,0,0,NORMAL,0,3,1,6,62,186,0,374,0,0,0,0,0,0,0
144118,9,bully,3635,1,21,1527225,186,187,1116,1122,1,1,140483,3635,0,22,0,0,0,NORMAL,0,3,1,6,64,186,0,187,0,0,0,0,0,0,0
145558,6,bully,2772,1,21,1509102,189,376,1134,2256,1,1,142786,2772,0,22,0,0,0,NORMAL,0,3,1,9,63,189,0,376,0,0,0,0,0,0,0
145809,1,bully,3023,1,21,1514373,189,188,1134,1128,1,1,142786,3023,0,22,0,0,0,LEADER,1,4,1,10,21,189,0,188,0,0,0,0,0,0,0
145536,7,bully,2750,1,21,1508640,189,378,1134,2268,1,1,142786,2750,0,22,0,0,0,NORMAL,0,3,1,9,66,189,0,378,0,0,0,0,0,0,0
146252,2,bully,3466,1,21,1523676,189,378,1134,2268,1,1,142786,3466,0,22,0,0,0,NORMAL,0,3,1,9,62,189,0,378,0,0,0,0,0,0,0
145864,10,bully,3078,1,21,1515528,189,189,1134,1134,1,1,142786,3078,0,22,0,0,0,NORMAL,0,3,1,9,62,189,0,189,0,0,0,0,0,0,0
145979,8,bully,3193,1,21,1517943,189,378,1134,2268,1,1,142786,3193,0,22,0,0,0,NORMAL,0,3,1,9,64,189,0,378,0,0,0,0,0,0,0
145694,3,bully,2908,1,21,1511958,189,378,1134,2268,1,1,142786,2908,0,22,0,0,0,NORMAL,0,3,1,9,62,189,0,378,0,0,0,0,0,0,0
145671,4,bully,2887,1,21,1511481,189,378,1134,2268,1,1,142784,2887,0,22,0,0,0,NORMAL,0,3,1,9,69,189,0,378,0,0,0,0,0,0,0
146115,5,bully,3329,1,21,1520799,189,380,1134,2280,1,1,142786,3329,0,22,0,0,0,NORMAL,0,3,1,9,62,189,0,380,0,0,0,0,0,0,0
146421,9,bully,3635,1,21,1527225,189,190,1134,1140,1,1,142786,3635,0,22,0,0,0,NORMAL,0,3,1,9,64,189,0,190,0,0,0,0,0,0,0
147861,6,bully,2772,1,22,1656963,192,382,1152,2292,1,1,145089,2772,0,23,0,0,0,NORMAL,0,3,2,3,66,192,0,382,0,0,0,0,0,0,0
148112,1,bully,3023,1,22,1662485,192,191,1152,1146,1,1,145089,3023,0,23,0,0,0,LEADER,1,4,1,4,22,192,0,191,0,0,0,0,0,0,0
147839,7,bully,2750,1,22,1656479,192,384,1152,2304,1,1,145089,2750,0,23,0,0,0,NORMAL,0,3,2,3,69,192,0,384,0,0,0,0,0,0,0
148555,2,bully,3466,1,22,1672231,192,384,1152,2304,1,1,145089,3466,0,23,0,0,0,NORMAL,0,3,2,3,65,192,0,384,0,0,0,0,0,0,0
148167,10,bully,3078,1,22,1663695,192,192,1152,1152,1,1,145089,3078,0,23,0,0,0,NORMAL,0,3,2,3,65,192,0,192,0,0,0,0,0,0,0
148282,8,bully,3193,1,22,1666225,192,384,1152,2304,1,1,145089,3193,0,23,0,0,0,NORMAL,0,3,2,3,67,192,0,384,0,0,0,0,0,0,0
147997,3,bully,2908,1,22,1659955,192,384,1152,2304,1,1,145089,2908,0,23,0,0,0,NORMAL,0,3,2,3,65,192,0,384,0,0,0,0,0,0,0
147974,4,bully,2887,1,22,1659455,192,384,1152,2304,1,1,145087,2887,0,23,0,0,0,NORMAL,0,3,2,3,72,192,0,384,0,0,0,0,0,0,0
148418,5,bully,3329,1,22,1669217,192,386,1152,2316,1,1,145089,3329,0,23,0,0,0,NORMAL,0,3,2,3,65,192,0,386,0,0,0,0,0,0,0
148724,9,bully,3635,1,22,1675949,192,193,1152,1158,1,1,145089,3635,0,23,0,0,0,NORMAL,0,3,2,3,67,192,0,193,0,0,0,0,0,0,0
150164,6,bully,2772,1,22,1656963,195,388,1170,2328,1,1,147392,2772,0,23,0,0,0,NORMAL,0,3,1,6,66,195,0,388,0,0,0,0,0,0,0
150415,1,bully,3023,1,22,1662485,195,194,1170,1164,1,1,147392,3023,0,23,0,0,0,LEADER,1,4,1,7,22,195,0,194,0,0,0,0,0,0,0
150142,7,bully,2750,1,22,1656479,195,390,1170,2340,1,1,147392,2750,0,23,0,0,0,NORMAL,0,3,1,6,69,195,0,390,0,0,0,0,0,0,0
150858,2,bully,3466,1,22,1672231,195,390,1170,2340,1,1,147392,3466,0,23,0,0,0,NORMAL,0,3,1,6,65,195,0,390,0,0,0,0,0,0,0
150470,10,bully,3078,1,22,1663695,195,195,1170,1170,1,1,147392,3078,0,23,0,0,0,NORMAL,0,3,1,6,65,195,0,195,0,0,0,0,0,0,0
150585,8,bully,3193,1,22,1666225,195,390,1170,2340,1,1,147392,3193,0,23,0,0,0,NORMAL,0,3,1,6,67,195,0,390,0,0,0,0,0,0,0
150300,3,bully,2908,1,22,1659955,195,390,1170,2340,1,1,147392,2908,0,23,0,0,0,NORMAL,0,3,1,6,65,195,0,390,0,0,0,0,0,0,0
150277,4,bully,2887,1,22,1659455,195,390,1170,2340,1,1,147390,2887,0,23,0,0,0,NORMAL,0,3,1,6,72,195,0,390,0,0,0,0,0,0,0
150721,5,bully,3329,1,22,1669217,195,392,1170,2352,1,1,147392,3329,0,23,0,0,0,NORMAL,0,3,1,6,65,195,0,392,0,0,0,0,0,0,0
151027,9,bully,3635,1,22,1675949,195,196,1170,1176,1,1,147392,3635,0,23,0,0,0,NORMAL,0,3,1,6,67,195,0,196,0,0,0,0,0,0,0
152467,6,bully,2772,1,22,1656963,198,394,1188,2364,1,1,149695,2772,0,23,0,0,0,NORMAL,0,3,1,9,66,198,0,394,0,0,0,0,0,0,0
152718,1,bully,3023,1,22,1662485,198,197,1188,1182,1,1,149695,3023,0,23,0,0,0,LEADER,1,4,1,10,22,198,0,197,0,0,0,0,0,0,0
152445,7,bully,2750,1,22,1656479,198,396,1188,2376,1,1,149695,2750,0,23,0,0,0,NORMAL,0,3,1,9,69,198,0,396,0,0,0,0,0,0,0
153161,2,bully,3466,1,22,1672231,198,396,1188,2376,1,1,149695,3466,0,23,0,0,0,NORMAL,0,3,1,9,65,198,0,396,0,0,0,0,0,0,0
152773,10,bully,3078,1,22,1663695,198,198,1188,1188,1,1,149695,3078,0,23,0,0,0,NORMAL,0,3,1,9,65,198,0,198,0,0,0,0,0,0,0
152888,8,bully,3193,1,22,1666225,198,396,1188,2376,1,1,149695,3193,0,23,0,0,0,NORMAL,0,3,1,9,67,198,0,396,0,0,0,0,0,0,0
152603,3,bully,2908,1,22,1659955,198,396,1188,2376,1,1,149695,2908,0,23,0,0,0,NORMAL,0,3,1,9,65,198,0,396,0,0,0,0,0,0,0
152580,4,bully,2887,1,22,1659455,198,396,1188,2376,1,1,149693,2887,0,23,0,0,0,NORMAL,0,3,1,9,72,198,0,396,0,0,0,0,0,0,0
153024,5,bully,3329,1,22,1669217,198,398,1188,2388,1,1,149695,3329,0,23,0,0,0,NORMAL,0,3,1,9,65,198,0,398,0,0,0,0,0,0,0
153330,9,bully,3635,1,22,1675949,198,199,1188,1194,1,1,149695,3635,0,23,0,0,0,NORMAL,0,3,1,9,67,198,0,199,0,0,0,0,0,0,0
154770,6,bully,2772,1,23,1811733,201,400,1206,2400,1,1,151998,2772,0,24,0,0,0,NORMAL,0,3,2,3,69,201,0,400,0,0,0,0,0,0,0
155021,1,bully,3023,1,23,1817506,201,200,1206,1200,1,1,151998,3023,0,24,0,0,0,LEADER,1,4,1,4,23,201,0,200,0,0,0,0,0,0,0
154748,7,bully,2750,1,23,1811227,201,402,1206,2412,1,1,151998,2750,0,24,0,0,0,NORMAL,0,3,2,3,72,201,0,402,0,0,0,0,0,0,0
155464,2,bully,3466,1,23,1827695,201,402,1206,2412,1,1,151998,3466,0,24,0,0,0,NORMAL,0,3,2,3,68,201,0,402,0,0,0,0,0,0,0
155076,10,bully,3078,1,23,1818771,201,201,1206,1206,1,1,151998,3078,0,24,0,0,0,NORMAL,0,3,2,3,68,201,0,201,0,0,0,0,0,0,0
155191,8,bully,3193,1,23,1821416,201,402,1206,2412,1,1,151998,3193,0,24,0,0,0,NORMAL,0,3,2,3,70,201,0,402,0,0,0,0,0,0,0
154906,3,bully,2908,1,23,1814861,201,402,1206,2412,1,1,151998,2908,0,24,0,0,0,NORMAL,0,3,2,3,68,201,0,402,0,0,0,0,0,0,0
154883,4,bully,2887,1,23,1814338,201,402,1206,2412,1,1,151996,2887,0,24,0,0,0,NORMAL,0,3,2,3,75,201,0,402,0,0,0,0,0,0,0
155327,5,bully,3329,1,23,1824544,201,404,1206,2424,1,1,151998,3329,0,24,0,0,0,NORMAL,0,3,2,3,68,201,0,404,0,0,0,0,0,0,0
155633,9,bully,3635,1,23,1831582,201,202,1206,1212,1,1,151998,3635,0,24,0,0,0,NORMAL,0,3,2,3,70,201,0,202,0,0,0,0,0,0,0
157073,6,bully,2772,1,23,1811733,204,406,1224,2436,1,1,154301,2772,0,24,0,0,0,NORMAL,0,3,1,6,69,204,0,406,0,0,0,0,0,0,0
157324,1,bully,3023,1,23,1817506,204,203,1224,1218,1,1,154301,3023,0,24,0,0,0,LEADER,1,4,1,7,23,204,0,203,0,0,0,0,0,0,0
157051,7,bully,2750,1,23,1811227,204,407,1224,2442,1,1,154301,2750,0,24,0,0,0,NORMAL,0,3,1,6,72,204,0,407,0,0,0,0,0,0,0
157767,2,bully,3466,1,23,1827695,204,408,1224,2448,1,1,154301,3466,0,24,0,0,0,NORMAL,0,3,1,6,68,204,0,408,0,0,0,0,0,0,0
157379,10,bully,3078,1,23,1818771,204,204,1224,1224,1,1,154301,3078,0,24,0,0,0,NORMAL,0,3,1,6,68,204,0,204,0,0,0,0,0,0,0
157494,8,bully,3193,1,23,1821416,204,408,1224,2448,1,1,154301,3193,0,24,0,0,0,NORMAL,0,3,1,6,70,204,0,408,0,0,0,0,0,0,0
157209,3,bully,2908,1,23,1814861,204,408,1224,2448,1,1,154301,2908,0,24,0,0,0,NORMAL,0,3,1,6,68,204,0,408,0,0,0,0,0,0,0
157186,4,bully,2887,1,23,1814338,204,408,1224,2448,1,1,154299,2887,0,24,0,0,0,NORMAL,0,3,1,6,75,204,0,408,0,0,0,0,0,0,0
157630,5,bully,3329,1,23,1824544,204,410,1224,2460,1,1,154301,3329,0,24,0,0,0,NORMAL,0,3,1,6,68,204,0,410,0,0,0,0,0,0,0
157936,9,bully,3635,1,23,1831582,204,205,1224,1230,1,1,154301,3635,0,24,0,0,0,NORMAL,0,3,1,6,70,204,0,205,0,0,0,0,0,0,0
159376,6,bully,2772,1,23,1811733,207,412,1242,2472,1,1,156604,2772,0,24,0,0,0,NORMAL,0,3,1,9,69,207,0,412,0,0,0,0,0,0,0
159627,1,bully,3023,1,23,1817506,207,206,1242,1236,1,1,156604,3023,0,24,0,0,0,LEADER,1,4,1,10,23,207,0,206,0,0,0,0,0,0,0
159354,7,bully,2750,1,23,1811227,207,413,1242,2478,1,1,156604,2750,0,24,0,0,0,NORMAL,0,3,1,9,72,207,0,413,0,0,0,0,0,0,0
160070,2,bully,3466,1,23,1827695,207,414,1242,2484,1,1,156604,3466,0,24,0,0,0,NORMAL,0,3,1,9,68,207,0,414,0,0,0,0,0,0,0
159682,10,bully,3078,1,23,1818771,207,207,1242,1242,1,1,156604,3078,0,24,0,0,0,NORMAL,0,3,1,9,68,207,0,207,0,0,0,0,0,0,0
159797,8,bully,3193,1,23,1821416,207,414,1242,2484,1,1,156604,3193,0,24,0,0,0,NORMAL,0,3,1,9,70,207,0,414,0,0,0,0,0,0,0
159512,3,bully,2908,1,23,1814861,207,414,1242,2484,1,1,156604,2908,0,24,0,0,0,NORMAL,0,3,1,9,68,207,0,414,0,0,0,0,0,0,0
159489,4,bully,2887,1,23,1814338,207,413,1242,2478,1,1,156602,2887,0,24,0,0,0,NORMAL,0,3,1,9,75,207,0,413,0,0,0,0,0,0,0
159933,5,bully,3329,1,23,1824544,207,416,1242,2496,1,1,156604,3329,0,24,0,0,0,NORMAL,0,3,1,9,68,207,0,416,0,0,0,0,0,0,0
160239,9,bully,3635,1,23,1831582,207,208,1242,1248,1,1,156604,3635,0,24,0,0,0,NORMAL,0,3,1,9,70,207,0,208,0,0,0,0,0,0,0
161679,6,bully,2772,1,24,1973412,210,418,1260,2508,1,1,158907,2772,0,25,0,0,0,NORMAL,0,3,2,3,72,210,0,418,0,0,0,0,0,0,0
161930,1,bully,3023,1,24,1979436,210,209,1260,1254,1,1,158907,3023,0,25,0,0,0,LEADER,1,4,1,4,24,210,0,209,0,0,0,0,0,0,0
161657,7,bully,2750,1,24,1972884,210,420,1260,2520,1,1,158907,2750,0,25,0,0,0,NORMAL,0,3,2,3,76,210,0,420,0,0,0,0,0,0,0
162373,2,bully,3466,1,24,1990068,210,420,1260,2520,1,1,158907,3466,0,25,0,0,0,NORMAL,0,3,2,3,71,210,0,420,0,0,0,0,0,0,0
161985,10,bully,3078,1,24,1980756,210,210,1260,1260,1,1,158907,3078,0,25,0,0,0,NORMAL,0,3,2,3,71,210,0,210,0,0,0,0,0,0,0
162100,8,bully,3193,1,24,1983516,210,420,1260,2520,1,1,158907,3193,0,25,0,0,0,NORMAL,0,3,2,3,73,210,0,420,0,0,0,0,0,0,0
161815,3,bully,2908,1,24,1976676,210,420,1260,2520,1,1,158907,2908,0,25,0,0,0,NORMAL,0,3,2,3,71,210,0,420,0,0,0,0,0,0,0
161792,4,bully,2887,1,24,1976130,210,419,1260,2514,1,1,158905,2887,0,25,0,0,0,NORMAL,0,3,2,3,79,210,0,419,0,0,0,0,0,0,0
162236,5,bully,3329,1,24,1986780,210,422,1260,2532,1,1,158907,3329,0,25,0,0,0,NORMAL,0,3,2,3,71,210,0,422,0,0,0,0,0,0,0
162542,9,bully,3635,1,24,1994124,210,211,1260,1266,1,1,158907,3635,0,25,0,0,0,NORMAL,0,3,2,3,73,210,0,211,0,0,0,0,0,0,0
163982,6,bully,2772,1,24,1973412,213,424,1278,2544,1,1,161210,2772,0,25,0,0,0,NORMAL,0,3,1,6,72,213,0,424,0,0,0,0,0,0,0
164233,1,bully,3023,1,24,1979436,213,212,1278,1272,1,1,161210,3023,0,25,0,0,0,LEADER,1,4,1,7,24,213,0,212,0,0,0,0,0,0,0
163960,7,bully,2750,1,24,1972884,213,426,1278,2556,1,1,161210,2750,0,25,0,0,0,NORMAL,0,3,1,6,76,213,0,426,0,0,0,0,0,0,0
164676,2,bully,3466,1,24,1990068,213,426,1278,2556,1,1,161210,3466,0,25,0,0,0,NORMAL,0,3,1,6,71,213,0,426,0,0,0,0,0,0,0
164288,10,bully,3078,1,24,1980756,213,213,1278,1278,1,1,161210,3078,0,25,0,0,0,NORMAL,0,3,1,6,71,213,0,213,0,0,0,0,0,0,0
164403,8,bully,3193,1,24,1983516,213,426,1278,2556,1,1,161210,3193,0,25,0,0,0,NORMAL,0,3,1,6,73,213,0,426,0,0,0,0,0,0,0
164118,3,bully,2908,1,24,1976676,213,426,1278,2556,1,1,161210,2908,0,25,0,0,0,NORMAL,0,3,1,6,71,213,0,426,0,0,0,0,0,0,0
164095,4,bully,2887,1,24,1976130,213,425,1278,2550,1,1,161208,2887,0,25,0,0,0,NORMAL,0,3,1,6,79,213,0,425,0,0,0,0,0,0,0
164539,5,bully,3329,1,24,1986780,213,428,1278,2568,1,1,161210,3329,0,25,0,0,0,NORMAL,0,3,1,6,71,213,0,428,0,0,0,0,0,0,0
164845,9,bully,3635,1,24,1994124,213,214,1278,1284,1,1,161210,3635,0,25,0,0,0,NORMAL,0,3,1,6,73,213,0,214,0,0,0,0,0,0,0
166285,6,bully,2772,1,24,1973412,216,430,1296,2580,1,1,163513,2772,0,25,0,0,0,NORMAL,0,3,1,9,72,216,0,430,0,0,0,0,0,0,0
166536,1,bully,3023,1,24,1979436,216,215,1296,1290,1,1,163513,3023,0,25,0,0,0,LEADER,1,4,1,10,24,216,0,215,0,0,0,0,0,0,0
166263,7,bully,2750,1,24,1972884,216,432,1296,2592,1,1,163513,2750,0,25,0,0,0,NORMAL,0,3,1,9,76,216,0,432,0,0,0,0,0,0,0
166979,2,bully,3466,1,24,1990068,216,432,1296,2592,1,1,163513,3466,0,25,0,0,0,NORMAL,0,3,1,9,71,216,0,432,0,0,0,0,0,0,0
166591,10,bully,3078,1,24,1980756,216,216,1296,1296,1,1,163513,3078,0,25,0,0,0,NORMAL,0,3,1,9,71,216,0,216,0,0,0,0,0,0,0
166706,8,bully,3193,1,24,1983516,216,432,1296,2592,1,1,163513,3193,0,25,0,0,0,NORMAL,0,3,1,9,73,216,0,432,0,0,0,0,0,0,0
166421,3,bully,2908,1,24,1976676,216,432,1296,2592,1,1,163513,2908,0,25,0,0,0,NORMAL,0,3,1,9,71,216,0,432,0,0,0,0,0,0,0
166398,4,bully,2887,1,24,1976130,216,432,1296,2592,1,1,163511,2887,0,25,0,0,0,NORMAL,0,3,1,9,79,216,0,432,0,0,0,0,0,0,0
166842,5,bully,3329,1,24,1986780,216,434,1296,2604,1,1,163513,3329,0,25,0,0,0,NORMAL,0,3,1,9,71,216,0,434,0,0,0,0,0,0,0
167148,9,bully,3635,1,24,1994124,216,217,1296,1302,1,1,163513,3635,0,25,0,0,0,NORMAL,0,3,1,9,73,216,0,217,0,0,0,0,0,0,0
168588,6,bully,2772,1,25,2142000,219,436,1314,2616,1,1,165816,2772,0,26,0,0,0,NORMAL,0,3,2,3,75,219,0,436,0,0,0,0,0,0,0
168839,1,bully,3023,1,25,2148275,219,218,1314,1308,1,1,165816,3023,0,26,0,0,0,LEADER,1,4,1,4,25,219,0,218,0,0,0,0,0,0,0
168566,7,bully,2750,1,25,2141450,219,438,1314,2628,1,1,165816,2750,0,26,0,0,0,NORMAL,0,3,2,3,79,219,0,438,0,0,0,0,0,0,0
169282,2,bully,3466,1,25,2159350,219,438,1314,2628,1,1,165816,3466,0,26,0,0,0,NORMAL,0,3,2,3,74,219,0,438,0,0,0,0,0,0,0
168894,10,bully,3078,1,25,2149650,219,219,1314,1314,1,1,165816,3078,0,26,0,0,0,NORMAL,0,3,2,3,74,219,0,219,0,0,0,0,0,0,0
169009,8,bully,3193,1,25,2152525,219,438,1314,2628,1,1,165816,3193,0,26,0,0,0,NORMAL,0,3,2,3,76,219,0,438,0,0,0,0,0,0,0
168724,3,bully,2908,1,25,2145400,219,438,1314,2628,1,1,165816,2908,0,26,0,0,0,NORMAL,0,3,2,3,74,219,0,438,0,0,0,0,0,0,0
168701,4,bully,2887,1,25,2144831,219,438,1314,2628,1,1,165814,2887,0,26,0,0,0,NORMAL,0,3,2,3,82,219,0,438,0,0,0,0,0,0,0
169145,5,bully,3329,1,25,2155925,219,440,1314,2640,1,1,165816,3329,0,26,0,0,0,NORMAL,0,3,2,3,74,219,0,440,0,0,0,0,0,0,0
169451,9,bully,3635,1,25,2163575,219,220,1314,1320,1,1,165816,3635,0,26,0,0,0,NORMAL,0,3,2,3,76,219,0,220,0,0,0,0,0,0,0
170891,6,bully,2772,1,25,2142000,222,442,1332,2652,1,1,168119,2772,0,26,0,0,0,NORMAL,0,3,1,6,75,222,0,442,0,0,0,0,0,0,0
171142,1,bully,3023,1,25,2148275,222,221,1332,1326,1,1,168119,3023,0,26,0,0,0,LEADER,1,4,1,7,25,222,0,221,0,0,0,0,0,0,0
170869,7,bully,2750,1,25,2141450,222,444,1332,2664,1,1,168119,2750,0,26,0,0,0,NORMAL,0,3,1,6,79,222,0,444,0,0,0,0,0,0,0
171585,2,bully,3466,1,25,2159350,222,444,1332,2664,1,1,168119,3466,0,26,0,0,0,NORMAL,0,3,1,6,74,222,0,444,0,0,0,0,0,0,0
171197,10,bully,3078,1,25,2149650,222,222,1332,1332,1,1,168119,3078,0,26,0,0,0,NORMAL,0,3,1,6,74,222,0,222,0,0,0,0,0,0,0
171312,8,bully,3193,1,25,2152525,222,444,1332,2664,1,1,168119,3193,0,26,0,0,0,NORMAL,0,3,1,6,76,222,0,444,0,0,0,0,0,0,0
171027,3,bully,2908,1,25,2145400,222,444,1332,2664,1,1,168119,2908,0,26,0,0,0,NORMAL,0,3,1,6,74,222,0,444,0,0,0,0,0,0,0
171004,4,bully,2887,1,25,2144831,222,443,1332,2658,1,1,168117,2887,0,26,0,0,0,NORMAL,0,3,1,6,82,222,0,443,0,0,0,0,0,0,0
171448,5,bully,3329,1,25,2155925,222,446,1332,2676,1,1,168119,3329,0,26,0,0,0,NORMAL,0,3,1,6,74,222,0,446,0,0,0,0,0,0,0
171754,9,bully,3635,1,25,2163575,222,223,1332,1338,1,1,168119,3635,0,26,0,0,0,NORMAL,0,3,1,6,76,222,0,223,0,0,0,0,0,0,0
173194,6,bully,2772,1,25,2142000,225,448,1350,2688,1,1,170422,2772,0,26,0,0,0,NORMAL,0,3,1,9,75,225,0,448,0,0,0,0,0,0,0
173445,1,bully,3023,1,25,2148275,225,224,1350,1344,1,1,170422,3023,0,26,0,0,0,LEADER,1,4,1,10,25,225,0,224,0,0,0,0,0,0,0
173172,7,bully,2750,1,25,2141450,225,450,1350,2700,1,1,170422,2750,0,26,0,0,0,NORMAL,0,3,1,9,79,225,0,450,0,0,0,0,0,0,0
173888,2,bully,3466,1,25,2159350,225,450,1350,2700,1,1,170422,3466,0,26,0,0,0,NORMAL,0,3,1,9,74,225,0,450,0,0,0,0,0,0,0
173500,10,bully,3078,1,25,2149650,225,225,1350,1350,1,1,170422,3078,0,26,0,0,0,NORMAL,0,3,1,9,74,225,0,225,0,0,0,0,0,0,0
173615,8,bully,3193,1,25,2152525,225,450,1350,2700,1,1,170422,3193,0,26,0,0,0,NORMAL,0,3,1,9,76,225,0,450,0,0,0,0,0,0,0
173330,3,bully,2908,1,25,2145400,225,450,1350,2700,1,1,170422,2908,0,26,0,0,0,NORMAL,0,3,1,9,74,225,0,450,0,0,0,0,0,0,0
173307,4,bully,2887,1,25,2144831,225,449,1350,2694,1,1,170420,2887,0,26,0,0,0,NORMAL,0,3,1,9,82,225,0,449,0,0,0,0,0,0,0
173751,5,bully,3329,1,25,2155925,225,452,1350,2712,1,1,170422,3329,0,26,0,0,0,NORMAL,0,3,1,9,74,225,0,452,0,0,0,0,0,0,0
174057,9,bully,3635,1,25,2163575,225,226,1350,1356,1,1,170422,3635,0,26,0,0,0,NORMAL,0,3,1,9,76,225,0,226,0,0,0,0,0,0,0
175497,6,bully,2772,1,26,2317497,228,454,1368,2724,1,1,172725,2772,0,27,0,0,0,NORMAL,0,3,2,3,78,228,0,454,0,0,0,0,0,0,0
175748,1,bully,3023,1,26,2324023,228,227,1368,1362,1,1,172725,3023,0,27,0,0,0,LEADER,1,4,1,4,26,228,0,227,0,0,0,0,0,0,0
175475,7,bully,2750,1,26,2316925,228,456,1368,2736,1,1,172725,2750,0,27,0,0,0,NORMAL,0,3,2,3,82,228,0,456,0,0,0,0,0,0,0
176191,2,bully,3466,1,26,2335541,228,456,1368,2736,1,1,172725,3466,0,27,0,0,0,NORMAL,0,3,2,3,77,228,0,456,0,0,0,0,0,0,0
175803,10,bully,3078,1,26,2325453,228,228,1368,1368,1,1,172725,3078,0,27,0,0,0,NORMAL,0,3,2,3,77,228,0,228,0,0,0,0,0,0,0
175918,8,bully,3193,1,26,2328443,228,456,1368,2736,1,1,172725,3193,0,27,0,0,0,NORMAL,0,3,2,3,79,228,0,456,0,0,0,0,0,0,0
175633,3,bully,2908,1,26,2321033,228,456,1368,2736,1,1,172725,2908,0,27,0,0,0,NORMAL,0,3,2,3,77,228,0,456,0,0,0,0,0,0,0
175610,4,bully,2887,1,26,2320441,228,456,1368,2736,1,1,172723,2887,0,27,0,0,0,NORMAL,0,3,2,3,86,228,0,456,0,0,0,0,0,0,0
176054,5,bully,3329,1,26,2331979,228,458,1368,2748,1,1,172725,3329,0,27,0,0,0,NORMAL,0,3,2,3,77,228,0,458,0,0,0,0,0,0,0
176360,9,bully,3635,1,26,2339935,228,229,1368,1374,1,1,172725,3635,0,27,0,0,0,NORMAL,0,3,2,3,79,228,0,229,0,0,0,0,0,0,0
177800,6,bully,2772,1,26,2317497,231,460,1386,2760,1,1,175028,2772,0,27,0,0,0,NORMAL,0,3,1,6,78,231,0,460,0,0,0,0,0,0,0
178051,1,bully,3023,1,26,2324023,231,230,1386,1380,1,1,175028,3023,0,27,0,0,0,LEADER,1,4,1,7,26,231,0,230,0,0,0,0,0,0,0
177778,7,bully,2750,1,26,2316925,231,462,1386,2772,1,1,175028,2750,0,27,0,0,0,NORMAL,0,3,1,6,82,231,0,462,0,0,0,0,0,0,0
178494,2,bully,3466,1,26,2335541,231,462,1386,2772,1,1,175028,3466,0,27,0,0,0,NORMAL,0,3,1,6,77,231,0,462,0,0,0,0,0,0,0
178106,10,bully,3078,1,26,2325453,231,231,1386,1386,1,1,175028,3078,0,27,0,0,0,NORMAL,0,3,1,6,77,231,0,231,0,0,0,0,0,0,0
178221,8,bully,3193,1,26,2328443,231,462,1386,2772,1,1,175028,3193,0,27,0,0,0,NORMAL,0,3,1,6,79,231,0,462,0,0,0,0,0,0,0
177936,3,bully,2908,1,26,2321033,231,462,1386,2772,1,1,175028,2908,0,27,0,0,0,NORMAL,0,3,1,6,77,231,0,462,0,0,0,0,0,0,0
177913,4,bully,2887,1,26,2320441,231,461,1386,2766,1,1,175026,2887,0,27,0,0,0,NORMAL,0,3,1,6,86,231,0,461,0,0,0,0,0,0,0
178357,5,bully,3329,1,26,2331979,231,464,1386,2784,1,1,175028,3329,0,27,0,0,0,NORMAL,0,3,1,6,77,231,0,464,0,0,0,0,0,0,0
178663,9,bully,3635,1,26,2339935,231,232,1386,1392,1,1,175028,3635,0,27,0,0,0,NORMAL,0,3,1,6,79,231,0,232,0,0,0,0,0,0,0
180103,6,bully,2772,1,26,2317497,234,466,1404,2796,1,1,177331,2772,0,27,0,0,0,NORMAL,0,3,1,9,78,234,0,466,0,0,0,0,0,0,0
180354,1,bully,3023,1,26,2324023,234,233,1404,1398,1,1,177331,3023,0,27,0,0,0,LEADER,1,4,1,10,26,234,0,233,0,0,0,0,0,0,0
180081,7,bully,2750,1,26,2316925,234,467,1404,2802,1,1,177331,2750,0,27,0,0,0,NORMAL,0,3,1,9,82,234,0,467,0,0,0,0,0,0,0
180797,2,bully,3466,1,26,2335541,234,468,1404,2808,1,1,177331,3466,0,27,0,0,0,NORMAL,0,3,1,9,77,234,0,468,0,0,0,0,0,0,0
180409,10,bully,3078,1,26,2325453,234,234,1404,1404,1,1,177331,3078,0,27,0,0,0,NORMAL,0,3,1,9,77,234,0,234,0,0,0,0,0,0,0
180524,8,bully,3193,1,26,2328443,234,468,1404,2808,1,1,177331,3193,0,27,0,0,0,NORMAL,0,3,1,9,79,234,0,468,0,0,0,0,0,0,0
180239,3,bully,2908,1,26,2321033,234,468,1404,2808,1,1,177331,2908,0,27,0,0,0,NORMAL,0,3,1,9,77,234,0,468,0,0,0,0,0,0,0
180216,4,bully,2887,1,26,2320441,234,468,1404,2808,1,1,177329,2887,0,27,0,0,0,NORMAL,0,3,1,9,86,234,0,468,0,0,0,0,0,0,0
180660,5,bully,3329,1,26,2331979,234,470,1404,2820,1,1,177331,3329,0,27,0,0,0,NORMAL,0,3,1,9,77,234,0,470,0,0,0,0,0,0,0
180966,9,bully,3635,1,26,2339935,234,235,1404,1410,1,1,177331,3635,0,27,0,0,0,NORMAL,0,3,1,9,79,234,0,235,0,0,0,0,0,0,0
182406,6,bully,2772,1,27,2499903,237,472,1422,2832,1,1,179634,2772,0,28,0,0,0,NORMAL,0,3,2,3,81,237,0,472,0,0,0,0,0,0,0
182657,1,bully,3023,1,27,2506680,237,236,1422,1416,1,1,179634,3023,0,28,0,0,0,LEADER,1,4,1,4,27,237,0,236,0,0,0,0,0,0,0
182384,7,bully,2750,1,27,2499309,237,474,1422,2844,1,1,179634,2750,0,28,0,0,0,NORMAL,0,3,2,3,86,237,0,474,0,0,0,0,0,0,0
183100,2,bully,3466,1,27,2518641,237,474,1422,2844,1,1,179634,3466,0,28,0,0,0,NORMAL,0,3,2,3,80,237,0,474,0,0,0,0,0,0,0
182712,10,bully,3078,1,27,2508165,237,237,1422,1422,1,1,179634,3078,0,28,0,0,0,NORMAL,0,3,2,3,80,237,0,237,0,0,0,0,0,0,0
182827,8,bully,3193,1,27,2511270,237,474,1422,2844,1,1,179634,3193,0,28,0,0,0,NORMAL,0,3,2,3,82,237,0,474,0,0,0,0,0,0,0
182542,3,bully,2908,1,27,2503575,237,474,1422,2844,1,1,179634,2908,0,28,0,0,0,NORMAL,0,3,2,3,80,237,0,474,0,0,0,0,0,0,0
182519,4,bully,2887,1,27,2502960,237,474,1422,2844,1,1,179632,2887,0,28,0,0,0,NORMAL,0,3,2,3,89,237,0,474,0,0,0,0,0,0,0
182963,5,bully,3329,1,27,2514942,237,476,1422,2856,1,1,179634,3329,0,28,0,0,0,NORMAL,0,3,2,3,80,237,0,476,0,0,0,0,0,0,0
183269,9,bully,3635,1,27,2523204,237,238,1422,1428,1,1,179634,3635,0,28,0,0,0,NORMAL,0,3,2,3,82,237,0,238,0,0,0,0,0,0,0
184709,6,bully,2772,1,27,2499903,240,478,1440,2868,1,1,181937,2772,0,28,0,0,0,NORMAL,0,3,1,6,81,240,0,478,0,0,0,0,0,0,0
184960,1,bully,3023,1,27,2506680,240,239,1440,1434,1,1,181937,3023,0,28,0,0,0,LEADER,1,4,1,7,27,240,0,239,0,0,0,0,0,0,0
184687,7,bully,2750,1,27,2499309,240,480,1440,2880,1,1,181937,2750,0,28,0,0,0,NORMAL,0,3,1,6,86,240,0,480,0,0,0,0,0,0,0
185403,2,bully,3466,1,27,2518641,240,480,1440,2880,1,1,181937,3466,0,28,0,0,0,NORMAL,0,3,1,6,80,240,0,480,0,0,0,0,0,0,0
185015,10,bully,3078,1,27,2508165,240,240,1440,1440,1,1,181937,3078,0,28,0,0,0,NORMAL,0,3,1,6,80,240,0,240,0,0,0,0,0,0,0
185130,8,bully,3193,1,27,2511270,240,480,1440,2880,1,1,181937,3193,0,28,0,0,0,NORMAL,0,3,1,6,82,240,0,480,0,0,0,0,0,0,0
184845,3,bully,2908,1,27,2503575,240,480,1440,2880,1,1,181937,2908,0,28,0,0,0,NORMAL,0,3,1,6,80,240,0,480,0,0,0,0,0,0,0
184822,4,bully,2887,1,27,2502960,240,480,1440,2880,1,1,181935,2887,0,28,0,0,0,NORMAL,0,3,1,6,89,240,0,480,0,0,0,0,0,0,0
185266,5,bully,3329,1,27,2514942,240,482,1440,2892,1,1,181937,3329,0,28,0,0,0,NORMAL,0,3,1,6,80,240,0,482,0,0,0,0,0,0,0
185572,9,bully,3635,1,27,2523204,240,241,1440,1446,1,1,181937,3635,0,28,0,0,0,NORMAL,0,3,1,6,82,240,0,241,0,0,0,0,0,0,0
187012,6,bully,2772,1,27,2499903,243,484,1458,2904,1,1,184240,2772,0,28,0,0,0,NORMAL,0,3,1,9,81,243,0,484,0,0,0,0,0,0,0
187263,1,bully,3023,1,27,2506680,243,242,1458,1452,1,1,184240,3023,0,28,0,0,0,LEADER,1,4,1,10,27,243,0,242,0,0,0,0,0,0,0
186990,7,bully,2750,1,27,2499309,243,486,1458,2916,1,1,184240,2750,0,28,0,0,0,NORMAL,0,3,1,9,86,243,0,486,0,0,0,0,0,0,0
187706,2,bully,3466,1,27,2518641,243,486,1458,2916,1,1,184240,3466,0,28,0,0,0,NORMAL,0,3,1,9,80,243,0,486,0,0,0,0,0,0,0
187318,10,bully,3078,1,27,2508165,243,243,1458,1458,1,1,184240,3078,0,28,0,0,0,NORMAL,0,3,1,9,80,243,0,243,0,0,0,0,0,0,0
187433,8,bully,3193,1,27,2511270,243,486,1458,2916,1,1,184240,3193,0,28,0,0,0,NORMAL,0,3,1,9,82,243,0,486,0,0,0,0,0,0,0
187148,3,bully,2908,1,27,2503575,243,486,1458,2916,1,1,184240,2908,0,28,0,0,0,NORMAL,0,3,1,9,80,243,0,486,0,0,0,0,0,0,0
187125,4,bully,2887,1,27,2502960,243,486,1458,2916,1,1,184238,2887,0,28,0,0,0,NORMAL,0,3,1,9,89,243,0,486,0,0,0,0,0,0,0
187569,5,bully,3329,1,27,2514942,243,488,1458,2928,1,1,184240,3329,0,28,0,0,0,NORMAL,0,3,1,9,80,243,0,488,0,0,0,0,0,0,0
187875,9,bully,3635,1,27,2523204,243,244,1458,1464,1,1,184240,3635,0,28,0,0,0,NORMAL,0,3,1,9,82,243,0,244,0,0,0,0,0,0,0
189315,6,bully,2772,1,28,2689218,246,490,1476,2940,1,1,186543,2772,0,29,0,0,0,NORMAL,0,3,2,3,84,246,0,490,0,0,0,0,0,0,0
189566,1,bully,3023,1,28,2696246,246,245,1476,1470,1,1,186543,3023,0,29,0,0,0,LEADER,1,4,1,4,28,246,0,245,0,0,0,0,0,0,0
189293,7,bully,2750,1,28,2688602,246,492,1476,2952,1,1,186543,2750,0,29,0,0,0,NORMAL,0,3,2,3,89,246,0,492,0,0,0,0,0,0,0
190009,2,bully,3466,1,28,2708650,246,492,1476,2952,1,1,186543,3466,0,29,0,0,0,NORMAL,0,3,2,3,83,246,0,492,0,0,0,0,0,0,0
189621,10,bully,3078,1,28,2697786,246,246,1476,1476,1,1,186543,3078,0,29,0,0,0,NORMAL,0,3,2,3,83,246,0,246,0,0,0,0,0,0,0
189736,8,bully,3193,1,28,2701006,246,492,1476,2952,1,1,186543,3193,0,29,0,0,0,NORMAL,0,3,2,3,85,246,0,492,0,0,0,0,0,0,0
189451,3,bully,2908,1,28,2693026,246,492,1476,2952,1,1,186543,2908,0,29,0,0,0,NORMAL,0,3,2,3,83,246,0,492,0,0,0,0,0,0,0
189428,4,bully,2887,1,28,2692388,246,491,1476,2946,1,1,186541,2887,0,29,0,0,0,NORMAL,0,3,2,3,92,246,0,491,0,0,0,0,0,0,0
189872,5,bully,3329,1,28,2704814,246,494,1476,2964,1,1,186543,3329,0,29,0,0,0,NORMAL,0,3,2,3,83,246,0,494,0,0,0,0,0,0,0
190178,9,bully,3635,1,28,2713382,246,247,1476,1482,1,1,186543,3635,0,29,0,0,0,NORMAL,0,3,2,3,85,246,0,247,0,0,0,0,0,0,0
191618,6,bully,2772,1,28,2689218,249,496,1494,2976,1,1,188846,2772,0,29,0,0,0,NORMAL,0,3,1,6,84,249,0,496,0,0,0,0,0,0,0
191869,1,bully,3023,1,28,2696246,249,248,1494,1488,1,1,188846,3023,0,29,0,0,0,LEADER,1,4,1,7,28,249,0,248,0,0,0,0,0,0,0
191596,7,bully,2750,1,28,2688602,249,498,1494,2988,1,1,188846,2750,0,29,0,0,0,NORMAL,0,3,1,6,89,249,0,498,0,0,0,0,0,0,0
192312,2,bully,3466,1,28,2708650,249,498,1494,2988,1,1,188846,3466,0,29,0,0,0,NORMAL,0,3,1,6,83,249,0,498,0,0,0,0,0,0,0
191924,10,bully,3078,1,28,2697786,249,249,1494,1494,1,1,188846,3078,0,29,0,0,0,NORMAL,0,3,1,6,83,249,0,249,0,0,0,0,0,0,0
192039,8,bully,3193,1,28,2701006,249,498,1494,2988,1,1,188846,3193,0,29,0,0,0,NORMAL,0,3,1,6,85,249,0,498,0,0,0,0,0,0,0
191754,3,bully,2908,1,28,2693026,249,498,1494,2988,1,1,188846,2908,0,29,0,0,0,NORMAL,0,3,1,6,83,249,0,498,0,0,0,0,0,0,0
191731,4,bully,2887,1,28,2692388,249,498,1494,2988,1,1,188844,2887,0,29,0,0,0,NORMAL,0,3,1,6,92,249,0,498,0,0,0,0,0,0,0
192175,5,bully,3329,1,28,2704814,249,500,1494,3000,1,1,188846,3329,0,29,0,0,0,NORMAL,0,3,1,6,83,249,0,500,0,0,0,0,0,0,0
192481,9,bully,3635,1,28,2713382,249,250,1494,1500,1,1,188846,3635,0,29,0,0,0,NORMAL,0,3,1,6,85,249,0,250,0,0,0,0,0,0,0
193921,6,bully,2772,1,28,2689218,252,502,1512,3012,1,1,191149,2772,0,29,0,0,0,NORMAL,0,3,1,9,84,252,0,502,0,0,0,0,0,0,0
194172,1,bully,3023,1,28,2696246,252,251,1512,1506,1,1,191149,3023,0,29,0,0,0,LEADER,1,4,1,10,28,252,0,251,0,0,0,0,0,0,0
193899,7,bully,2750,1,28,2688602,252,504,1512,3024,1,1,191149,2750,0,29,0,0,0,NORMAL,0,3,1,9,89,252,0,504,0,0,0,0,0,0,0
194615,2,bully,3466,1,28,2708650,252,504,1512,3024,1,1,191149,3466,0,29,0,0,0,NORMAL,0,3,1,9,83,252,0,504,0,0,0,0,0,0,0
194227,10,bully,3078,1,28,2697786,252,252,1512,1512,1,1,191149,3078,0,29,0,0,0,NORMAL,0,3,1,9,83,252,0,252,0,0,0,0,0,0,0
194342,8,bully,3193,1,28,2701006,252,504,1512,3024,1,1,191149,3193,0,29,0,0,0,NORMAL,0,3,1,9,85,252,0,504,0,0,0,0,0,0,0
194057,3,bully,2908,1,28,2693026,252,504,1512,3024,1,1,191149,2908,0,29,0,0,0,NORMAL,0,3,1,9,83,252,0,504,0,0,0,0,0,0,0
194034,4,bully,2887,1,28,2692388,252,504,1512,3024,1,1,191147,2887,0,29,0,0,0,NORMAL,0,3,1,9,92,252,0,504,0,0,0,0,0,0,0
194478,5,bully,3329,1,28,2704814,252,506,1512,3036,1,1,191149,3329,0,29,0,0,0,NORMAL,0,3,1,9,83,252,0,506,0,0,0,0,0,0,0
194784,9,bully,3635,1,28,2713382,252,253,1512,1518,1,1,191149,3635,0,29,0,0,0,NORMAL,0,3,1,9,85,252,0,253,0,0,0,0,0,0,0
196224,6,bully,2772,1,29,2885442,255,508,1530,3048,1,1,193452,2772,0,30,0,0,0,NORMAL,0,3,2,3,87,255,0,508,0,0,0,0,0,0,0
196475,1,bully,3023,1,29,2892721,255,254,1530,1524,1,1,193452,3023,0,30,0,0,0,LEADER,1,4,1,4,29,255,0,254,0,0,0,0,0,0,0
196202,7,bully,2750,1,29,2884804,255,510,1530,3060,1,1,193452,2750,0,30,0,0,0,NORMAL,0,3,2,3,92,255,0,510,0,0,0,0,0,0,0
196918,2,bully,3466,1,29,2905568,255,510,1530,3060,1,1,193452,3466,0,30,0,0,0,NORMAL,0,3,2,3,86,255,0,510,0,0,0,0,0,0,0
196530,10,bully,3078,1,29,2894316,255,255,1530,1530,1,1,193452,3078,0,30,0,0,0,NORMAL,0,3,2,3,86,255,0,255,0,0,0,0,0,0,0
196645,8,bully,3193,1,29,2897651,255,510,1530,3060,1,1,193452,3193,0,30,0,0,0,NORMAL,0,3,2,3,88,255,0,510,0,0,0,0,0,0,0
196360,3,bully,2908,1,29,2889386,255,510,1530,3060,1,1,193452,2908,0,30,0,0,0,NORMAL,0,3,2,3,86,255,0,510,0,0,0,0,0,0,0
196337,4,bully,2887,1,29,2888725,255,509,1530,3054,1,1,193450,2887,0,30,0,0,0,NORMAL,0,3,2,3,95,255,0,509,0,0,0,0,0,0,0
196781,5,bully,3329,1,29,2901595,255,512,1530,3072,1,1,193452,3329,0,30,0,0,0,NORMAL,0,3,2,3,86,255,0,512,0,0,0,0,0,0,0
197087,9,bully,3635,1,29,2910469,255,256,1530,1536,1,1,193452,3635,0,30,0,0,0,NORMAL,0,3,2,3,88,255,0,256,0,0,0,0,0,0,0
198527,6,bully,2772,1,29,2885442,258,514,1548,3084,1,1,195755,2772,0,30,0,0,0,NORMAL,0,3,1,6,87,258,0,514,0,0,0,0,0,0,0
198778,1,bully,3023,1,29,2892721,258,257,1548,1542,1,1,195755,3023,0,30,0,0,0,LEADER,1,4,1,7,29,258,0,257,0,0,0,0,0,0,0
198505,7,bully,2750,1,29,2884804,258,516,1548,3096,1,1,195755,2750,0,30,0,0,0,NORMAL,0,3,1,6,92,258,0,516,0,0,0,0,0,0,0
199221,2,bully,3466,1,29,2905568,258,516,1548,3096,1,1,195755,3466,0,30,0,0,0,NORMAL,0,3,1,6,86,258,0,516,0,0,0,0,0,0,0
198833,10,bully,3078,1,29,2894316,258,258,1548,1548,1,1,195755,3078,0,30,0,0,0,NORMAL,0,3,1,6,86,258,0,258,0,0,0,0,0,0,0
198948,8,bully,3193,1,29,2897651,258,516,1548,3096,1,1,195755,3193,0,30,0,0,0,NORMAL,0,3,1,6,88,258,0,516,0,0,0,0,0,0,0
198663,3,bully,2908,1,29,2889386,258,516,1548,3096,1,1,195755,2908,0,30,0,0,0,NORMAL,0,3,1,6,86,258,0,516,0,0,0,0,0,0,0
198640,4,bully,2887,1,29,2888725,258,515,1548,3090,1,1,195753,2887,0,30,0,0,0,NORMAL,0,3,1,6,95,258,0,515,0,0,0,0,0,0,0
199084,5,bully,3329,1,29,2901595,258,518,1548,3108,1,1,195755,3329,0,30,0,0,0,NORMAL,0,3,1,6,86,258,0,518,0,0,0,0,0,0,0
199390,9,bully,3635,1,29,2910469,258,259,1548,1554,1,1,195755,3635,0,30,0,0,0,NORMAL,0,3,1,6,88,258,0,259,0,0,0,0,0,0,0
200830,6,bully,2772,1,29,2885442,261,520,1566,3120,1,1,198058,2772,0,30,0,0,0,NORMAL,0,3,1,9,87,261,0,520,0,0,0,0,0,0,0
201081,1,bully,3023,1,29,2892721,261,260,1566,1560,1,1,198058,3023,0,30,0,0,0,LEADER,1,4,1,10,29,261,0,260,0,0,0,0,0,0,0
200808,7,bully,2750,1,29,2884804,261,522,1566,3132,1,1,198058,2750,0,30,0,0,0,NORMAL,0,3,1,9,92,261,0,522,0,0,0,0,0,0,0
201524,2,bully,3466,1,29,2905568,261,522,1566,3132,1,1,198058,3466,0,30,0,0,0,NORMAL,0,3,1,9,86,261,0,522,0,0,0,0,0,0,0
201136,10,bully,3078,1,29,2894316,261,261,1566,1566,1,1,198058,3078,0,30,0,0,0,NORMAL,0,3,1,9,86,261,0,261,0,0,0,0,0,0,0
201251,8,bully,3193,1,29,2897651,261,522,1566,3132,1,1,198058,3193,0,30,0,0,0,NORMAL,0,3,1,9,88,261,0,522,0,0,0,0,0,0,0
200966,3,bully,2908,1,29,2889386,261,522,1566,3132,1,1,198058,2908,0,30,0,0,0,NORMAL,0,3,1,9,86,261,0,522,0,0,0,0,0,0,0
200943,4,bully,2887,1,29,2888725,261,521,1566,3126,1,1,198056,2887,0,30,0,0,0,NORMAL,0,3,1,9,95,261,0,521,0,0,0,0,0,0,0
201387,5,bully,3329,1,29,2901595,261,524,1566,3144,1,1,198058,3329,0,30,0,0,0,NORMAL,0,3,1,9,86,261,0,524,0,0,0,0,0,0,0
201693,9,bully,3635,1,29,2910469,261,262,1566,1572,1,1,198058,3635,0,30,0,0,0,NORMAL,0,3,1,9,88,261,0,262,0,0,0,0,0,0,0
203133,6,bully,2772,1,30,3088575,264,526,1584,3156,1,1,200361,2772,0,31,0,0,0,NORMAL,0,3,2,3,90,264,0,526,0,0,0,0,0,0,0
203384,1,bully,3023,1,30,3096105,264,263,1584,1578,1,1,200361,3023,0,31,0,0,0,LEADER,1,4,1,4,30,264,0,263,0,0,0,0,0,0,0
203111,7,bully,2750,1,30,3087915,264,528,1584,3168,1,1,200361,2750,0,31,0,0,0,NORMAL,0,3,2,3,95,264,0,528,0,0,0,0,0,0,0
203827,2,bully,3466,1,30,3109395,264,528,1584,3168,1,1,200361,3466,0,31,0,0,0,NORMAL,0,3,2,3,89,264,0,528,0,0,0,0,0,0,0
203439,10,bully,3078,1,30,3097755,264,264,1584,1584,1,1,200361,3078,0,31,0,0,0,NORMAL,0,3,2,3,89,264,0,264,0,0,0,0,0,0,0
203554,8,bully,3193,1,30,3101205,264,528,1584,3168,1,1,200361,3193,0,31,0,0,0,NORMAL,0,3,2,3,91,264,0,528,0,0,0,0,0,0,0
203269,3,bully,2908,1,30,3092655,264,528,1584,3168,1,1,200361,2908,0,31,0,0,0,NORMAL,0,3,2,3,89,264,0,528,0,0,0,0,0,0,0
203246,4,bully,2887,1,30,3091971,264,528,1584,3168,1,1,200359,2887,0,31,0,0,0,NORMAL,0,3,2,3,99,264,0,528,0,0,0,0,0,0,0
203690,5,bully,3329,1,30,3105285,264,530,1584,3180,1,1,200361,3329,0,31,0,0,0,NORMAL,0,3,2,3,89,264,0,530,0,0,0,0,0,0,0
203996,9,bully,3635,1,30,3114465,264,265,1584,1590,1,1,200361,3635,0,31,0,0,0,NORMAL,0,3,2,3,91,264,0,265,0,0,0,0,0,0,0
205436,6,bully,2772,1,30,3088575,267,532,1602,3192,1,1,202664,2772,0,31,0,0,0,NORMAL,0,3,1,6,90,267,0,532,0,0,0,0,0,0,0
205687,1,bully,3023,1,30,3096105,267,266,1602,1596,1,1,202664,3023,0,31,0,0,0,LEADER,1,4,1,7,30,267,0,266,0,0,0,0,0,0,0
205414,7,bully,2750,1,30,3087915,267,534,1602,3204,1,1,202664,2750,0,31,0,0,0,NORMAL,0,3,1,6,95,267,0,534,0,0,0,0,0,0,0
206130,2,bully,3466,1,30,3109395,267,534,1602,3204,1,1,202664,3466,0,31,0,0,0,NORMAL,0,3,1,6,89,267,0,534,0,0,0,0,0,0,0
205742,10,bully,3078,1,30,3097755,267,267,1602,1602,1,1,202664,3078,0,31,0,0,0,NORMAL,0,3,1,6,89,267,0,267,0,0,0,0,0,0,0
205857,8,bully,3193,1,30,3101205,267,534,1602,3204,1,1,202664,3193,0,31,0,0,0,NORMAL,0,3,1,6,91,267,0,534,0,0,0,0,0,0,0
205572,3,bully,2908,1,30,3092655,267,534,1602,3204,1,1,202664,2908,0,31,0,0,0,NORMAL,0,3,1,6,89,267,0,534,0,0,0,0,0,0,0
205549,4,bully,2887,1,30,3091971,267,533,1602,3198,1,1,202662,2887,0,31,0,0,0,NORMAL,0,3,1,6,99,267,0,533,0,0,0,0,0,0,0
205993,5,bully,3329,1,30,3105285,267,536,1602,3216,1,1,202664,3329,0,31,0,0,0,NORMAL,0,3,1,6,89,267,0,536,0,0,0,0,0,0,0
206299,9,bully,3635,1,30,3114465,267,268,1602,1608,1,1,202664,3635,0,31,0,0,0,NORMAL,0,3,1,6,91,267,0,268,0,0,0,0,0,0,0
207739,6,bully,2772,1,30,3088575,270,538,1620,3228,1,1,204967,2772,0,31,0,0,0,NORMAL,0,3,1,9,90,270,0,538,0,0,0,0,0,0,0
207990,1,bully,3023,1,30,3096105,270,269,1620,1614,1,1,204967,3023,0,31,0,0,0,LEADER,1,4,1,10,30,270,0,269,0,0,0,0,0,0,0
207717,7,bully,2750,1,30,3087915,270,540,1620,3240,1,1,204967,2750,0,31,0,0,0,NORMAL,0,3,1,9,95,270,0,540,0,0,0,0,0,0,0
208433,2,bully,3466,1,30,3109395,270,540,1620,3240,1,1,204967,3466,0,31,0,0,0,NORMAL,0,3,1,9,89,270,0,540,0,0,0,0,0,0,0
208045,10,bully,3078,1,30,3097755,270,270,1620,1620,1,1,204967,3078,0,31,0,0,0,NORMAL,0,3,1,9,89,270,0,270,0,0,0,0,0,0,0
208160,8,bully,3193,1,30,3101205,270,540,1620,3240,1,1,204967,3193,0,31,0,0,0,NORMAL,0,3,1,9,91,270,0,540,0,0,0,0,0,0,0
207875,3,bully,2908,1,30,3092655,270,540,1620,3240,1,1,204967,2908,0,31,0,0,0,NORMAL,0,3,1,9,89,270,0,540,0,0,0,0,0,0,0
207852,4,bully,2887,1,30,3091971,270,540,1620,3240,1,1,204965,2887,0,31,0,0,0,NORMAL,0,3,1,9,99,270,0,540,0,0,0,0,0,0,0
208296,5,bully,3329,1,30,3105285,270,542,1620,3252,1,1,204967,3329,0,31,0,0,0,NORMAL,0,3,1,9,89,270,0,542,0,0,0,0,0,0,0
208602,9,bully,3635,1,30,3114465,270,271,1620,1626,1,1,204967,3635,0,31,0,0,0,NORMAL,0,3,1,9,91,270,0,271,0,0,0,0,0,0,0
210042,6,bully,2772,1,31,3298617,273,544,1638,3264,1,1,207270,2772,0,32,0,0,0,NORMAL,0,3,2,3,93,273,0,544,0,0,0,0,0,0,0
210293,1,bully,3023,1,31,3306398,273,272,1638,1632,1,1,207270,3023,0,32,0,0,0,LEADER,1,4,1,4,31,273,0,272,0,0,0,0,0,0,0
210020,7,bully,2750,1,31,3297935,273,546,1638,3276,1,1,207270,2750,0,32,0,0,0,NORMAL,0,3,2,3,98,273,0,546,0,0,0,0,0,0,0
210736,2,bully,3466,1,31,3320131,273,546,1638,3276,1,1,207270,3466,0,32,0,0,0,NORMAL,0,3,2,3,92,273,0,546,0,0,0,0,0,0,0
210348,10,bully,3078,1,31,3308103,273,273,1638,1638,1,1,207270,3078,0,32,0,0,0,NORMAL,0,3,2,3,92,273,0,273,0,0,0,0,0,0,0
210463,8,bully,3193,1,31,3311668,273,546,1638,3276,1,1,207270,3193,0,32,0,0,0,NORMAL,0,3,2,3,94,273,0,546,0,0,0,0,0,0,0
210178,3,bully,2908,1,31,3302833,273,546,1638,3276,1,1,207270,2908,0,32,0,0,0,NORMAL,0,3,2,3,92,273,0,546,0,0,0,0,0,0,0
210155,4,bully,2887,1,31,3302126,273,545,1638,3270,1,1,207268,2887,0,32,0,0,0,NORMAL,0,3,2,3,102,273,0,545,0,0,0,0,0,0,0
210599,5,bully,3329,1,31,3315884,273,548,1638,3288,1,1,207270,3329,0,32,0,0,0,NORMAL,0,3,2,3,92,273,0,548,0,0,0,0,0,0,0
210905,9,bully,3635,1,31,3325370,273,274,1638,1644,1,1,207270,3635,0,32,0,0,0,NORMAL,0,3,2,3,94,273,0,274,0,0,0,0,0,0,0
212345,6,bully,2772,1,31,3298617,276,550,1656,3300,1,1,209573,2772,0,32,0,0,0,NORMAL,0,3,1,6,93,276,0,550,0,0,0,0,0,0,0
212596,1,bully,3023,1,31,3306398,276,275,1656,1650,1,1,209573,3023,0,32,0,0,0,LEADER,1,4,1,7,31,276,0,275,0,0,0,0,0,0,0
212323,7,bully,2750,1,31,3297935,276,551,1656,3306,1,1,209573,2750,0,32,0,0,0,NORMAL,0,3,1,6,98,276,0,551,0,0,0,0,0,0,0
213039,2,bully,3466,1,31,3320131,276,552,1656,3312,1,1,209573,3466,0,32,0,0,0,NORMAL,0,3,1,6,92,276,0,552,0,0,0,0,0,0,0
212651,10,bully,3078,1,31,3308103,276,276,1656,1656,1,1,209573,3078,0,32,0,0,0,NORMAL,0,3,1,6,92,276,0,276,0,0,0,0,0,0,0
212766,8,bully,3193,1,31,3311668,276,552,1656,3312,1,1,209573,3193,0,32,0,0,0,NORMAL,0,3,1,6,94,276,0,552,0,0,0,0,0,0,0
212481,3,bully,2908,1,31,3302833,276,552,1656,3312,1,1,209573,2908,0,32,0,0,0,NORMAL,0,3,1,6,92,276,0,552,0,0,0,0,0,0,0
212457,4,bully,2887,1,31,3302126,276,551,1656,3306,1,1,209570,2887,0,32,0,0,0,NORMAL,0,3,1,6,102,276,0,551,0,0,0,0,0,0,0
212902,5,bully,3329,1,31,3315884,276,554,1656,3324,1,1,209573,3329,0,32,0,0,0,NORMAL,0,3,1,6,92,276,0,554,0,0,0,0,0,0,0
213208,9,bully,3635,1,31,3325370,276,277,1656,1662,1,1,209573,3635,0,32,0,0,0,NORMAL,0,3,1,6,94,276,0,277,0,0,0,0,0,0,0
214648,6,bully,2772,1,31,3298617,279,556,1674,3336,1,1,211876,2772,0,32,0,0,0,NORMAL,0,3,1,9,93,279,0,556,0,0,0,0,0,0,0
214899,1,bully,3023,1,31,3306398,279,278,1674,1668,1,1,211876,3023,0,32,0,0,0,LEADER,1,4,1,10,31,279,0,278,0,0,0,0,0,0,0
214626,7,bully,2750,1,31,3297935,279,558,1674,3348,1,1,211876,2750,0,32,0,0,0,NORMAL,0,3,1,9,98,279,0,558,0,0,0,0,0,0,0
215342,2,bully,3466,1,31,3320131,279,558,1674,3348,1,1,211876,3466,0,32,0,0,0,NORMAL,0,3,1,9,92,279,0,558,0,0,0,0,0,0,0
214954,10,bully,3078,1,31,3308103,279,279,1674,1674,1,1,211876,3078,0,32,0,0,0,NORMAL,0,3,1,9,92,279,0,279,0,0,0,0,0,0,0
215069,8,bully,3193,1,31,3311668,279,558,1674,3348,1,1,211876,3193,0,32,0,0,0,NORMAL,0,3,1,9,94,279,0,558,0,0,0,0,0,0,0
214784,3,bully,2908,1,31,3302833,279,558,1674,3348,1,1,211876,2908,0,32,0,0,0,NORMAL,0,3,1,9,92,279,0,558,0,0,0,0,0,0,0
214760,4,bully,2887,1,31,3302126,279,558,1674,3348,1,1,211873,2887,0,32,0,0,0,NORMAL,0,3,1,9,102,279,0,558,0,0,0,0,0,0,0
215205,5,bully,3329,1,31,3315884,279,560,1674,3360,1,1,211876,3329,0,32,0,0,0,NORMAL,0,3,1,9,92,279,0,560,0,0,0,0,0,0,0
215511,9,bully,3635,1,31,3325370,279,280,1674,1680,1,1,211876,3635,0,32,0,0,0,NORMAL,0,3,1,9,94,279,0,280,0,0,0,0,0,0,0
216951,6,bully,2772,1,32,3515568,282,562,1692,3372,1,1,214179,2772,0,33,0,0,0,NORMAL,0,3,2,3,96,282,0,562,0,0,0,0,0,0,0
217202,1,bully,3023,1,32,3523600,282,281,1692,1686,1,1,214179,3023,0,33,0,0,0,LEADER,1,4,1,4,32,282,0,281,0,0,0,0,0,0,0
216929,7,bully,2750,1,32,3514864,282,564,1692,3384,1,1,214179,2750,0,33,0,0,0,NORMAL,0,3,2,3,101,282,0,564,0,0,0,0,0,0,0
217645,2,bully,3466,1,32,3537776,282,564,1692,3384,1,1,214179,3466,0,33,0,0,0,NORMAL,0,3,2,3,95,282,0,564,0,0,0,0,0,0,0
217257,10,bully,3078,1,32,3525360,282,282,1692,1692,1,1,214179,3078,0,33,0,0,0,NORMAL,0,3,2,3,95,282,0,282,0,0,0,0,0,0,0
217372,8,bully,3193,1,32,3529040,282,564,1692,3384,1,1,214179,3193,0,33,0,0,0,NORMAL,0,3,2,3,97,282,0,564,0,0,0,0,0,0,0
217087,3,bully,2908,1,32,3519920,282,564,1692,3384,1,1,214179,2908,0,33,0,0,0,NORMAL,0,3,2,3,95,282,0,564,0,0,0,0,0,0,0
217063,4,bully,2887,1,32,3519189,282,564,1692,3384,1,1,214176,2887,0,33,0,0,0,NORMAL,0,3,2,3,105,282,0,564,0,0,0,0,0,0,0
217508,5,bully,3329,1,32,3533392,282,566,1692,3396,1,1,214179,3329,0,33,0,0,0,NORMAL,0,3,2,3,95,282,0,566,0,0,0,0,0,0,0
217814,9,bully,3635,1,32,3543184,282,283,1692,1698,1,1,214179,3635,0,33,0,0,0,NORMAL,0,3,2,3,97,282,0,283,0,0,0,0,0,0,0
219254,6,bully,2772,1,32,3515568,285,568,1710,3408,1,1,216482,2772,0,33,0,0,0,NORMAL,0,3,1,6,96,285,0,568,0,0,0,0,0,0,0
219505,1,bully,3023,1,32,3523600,285,284,1710,1704,1,1,216482,3023,0,33,0,0,0,LEADER,1,4,1,7,32,285,0,284,0,0,0,0,0,0,0
219232,7,bully,2750,1,32,3514864,285,570,1710,3420,1,1,216482,2750,0,33,0,0,0,NORMAL,0,3,1,6,101,285,0,570,0,0,0,0,0,0,0
219948,2,bully,3466,1,32,3537776,285,570,1710,3420,1,1,216482,3466,0,33,0,0,0,NORMAL,0,3,1,6,95,285,0,570,0,0,0,0,0,0,0
219560,10,bully,3078,1,32,3525360,285,285,1710,1710,1,1,216482,3078,0,33,0,0,0,NORMAL,0,3,1,6,95,285,0,285,0,0,0,0,0,0,0
219675,8,bully,3193,1,32,3529040,285,570,1710,3420,1,1,216482,3193,0,33,0,0,0,NORMAL,0,3,1,6,97,285,0,570,0,0,0,0,0,0,0
219390,3,bully,2908,1,32,3519920,285,570,1710,3420,1,1,216482,2908,0,33,0,0,0,NORMAL,0,3,1,6,95,285,0,570,0,0,0,0,0,0,0
219366,4,bully,2887,1,32,3519189,285,570,1710,3420,1,1,216479,2887,0,33,0,0,0,NORMAL,0,3,1,6,105,285,0,570,0,0,0,0,0,0,0
219811,5,bully,3329,1,32,3533392,285,572,1710,3432,1,1,216482,3329,0,33,0,0,0,NORMAL,0,3,1,6,95,285,0,572,0,0,0,0,0,0,0
220117,9,bully,3635,1,32,3543184,285,286,1710,1716,1,1,216482,3635,0,33,0,0,0,NORMAL,0,3,1,6,97,285,0,286,0,0,0,0,0,0,0
221557,6,bully,2772,1,32,3515568,288,574,1728,3444,1,1,218785,2772,0,33,0,0,0,NORMAL,0,3,1,9,96,288,0,574,0,0,0,0,0,0,0
221808,1,bully,3023,1,32,3523600,288,287,1728,1722,1,1,218785,3023,0,33,0,0,0,LEADER,1,4,1,10,32,288,0,287,0,0,0,0,0,0,0
221535,7,bully,2750,1,32,3514864,288,576,1728,3456,1,1,218785,2750,0,33,0,0,0,NORMAL,0,3,1,9,101,288,0,576,0,0,0,0,0,0,0
222251,2,bully,3466,1,32,3537776,288,576,1728,3456,1,1,218785,3466,0,33,0,0,0,NORMAL,0,3,1,9,95,288,0,576,0,0,0,0,0,0,0
221863,10,bully,3078,1,32,3525360,288,288,1728,1728,1,1,218785,3078,0,33,0,0,0,NORMAL,0,3,1,9,95,288,0,288,0,0,0,0,0,0,0
221978,8,bully,3193,1,32,3529040,288,576,1728,3456,1,1,218785,3193,0,33,0,0,0,NORMAL,0,3,1,9,97,288,0,576,0,0,0,0,0,0,0
221693,3,bully,2908,1,32,3519920,288,576,1728,3456,1,1,218785,2908,0,33,0,0,0,NORMAL,0,3,1,9,95,288,0,576,0,0,0,0,0,0,0
221669,4,bully,2887,1,32,3519189,288,576,1728,3456,1,1,218782,2887,0,33,0,0,0,NORMAL,0,3,1,9,105,288,0,576,0,0,0,0,0,0,0
222114,5,bully,3329,1,32,3533392,288,578,1728,3468,1,1,218785,3329,0,33,0,0,0,NORMAL,0,3,1,9,95,288,0,578,0,0,0,0,0,0,0
222420,9,bully,3635,1,32,3543184,288,289,1728,1734,1,1,218785,3635,0,33,0,0,0,NORMAL,0,3,1,9,97,288,0,289,0,0,0,0,0,0,0
223860,6,bully,2772,1,33,3739428,291,580,1746,3480,1,1,221088,2772,0,34,0,0,0,NORMAL,0,3,2,3,99,291,0,580,0,0,0,0,0,0,0
224111,1,bully,3023,1,33,3747711,291,290,1746,1740,1,1,221088,3023,0,34,0,0,0,LEADER,1,4,1,4,33,291,0,290,0,0,0,0,0,0,0
223838,7,bully,2750,1,33,3738702,291,582,1746,3492,1,1,221088,2750,0,34,0,0,0,NORMAL,0,3,2,3,104,291,0,582,0,0,0,0,0,0,0
224554,2,bully,3466,1,33,3762330,291,582,1746,3492,1,1,221088,3466,0,34,0,0,0,NORMAL,0,3,2,3,98,291,0,582,0,0,0,0,0,0,0
224166,10,bully,3078,1,33,3749526,291,291,1746,1746,1,1,221088,3078,0,34,0,0,0,NORMAL,0,3,2,3,98,291,0,291,0,0,0,0,0,0,0
224281,8,bully,3193,1,33,3753321,291,582,1746,3492,1,1,221088,3193,0,34,0,0,0,NORMAL,0,3,2,3,100,291,0,582,0,0,0,0,0,0,0
223996,3,bully,2908,1,33,3743916,291,582,1746,3492,1,1,221088,2908,0,34,0,0,0,NORMAL,0,3,2,3,98,291,0,582,0,0,0,0,0,0,0
223972,4,bully,2887,1,33,3743161,291,581,1746,3486,1,1,221085,2887,0,34,0,0,0,NORMAL,0,3,2,3,108,291,0,581,0,0,0,0,0,0,0
224417,5,bully,3329,1,33,3757809,291,584,1746,3504,1,1,221088,3329,0,34,0,0,0,NORMAL,0,3,2,3,98,291,0,584,0,0,0,0,0,0,0
224723,9,bully,3635,1,33,3767907,291,292,1746,1752,1,1,221088,3635,0,34,0,0,0,NORMAL,0,3,2,3,100,291,0,292,0,0,0,0,0,0,0
226163,6,bully,2772,1,33,3739428,294,586,1764,3516,1,1,223391,2772,0,34,0,0,0,NORMAL,0,3,1,6,99,294,0,586,0,0,0,0,0,0,0
226414,1,bully,3023,1,33,3747711,294,293,1764,1758,1,1,223391,3023,0,34,0,0,0,LEADER,1,4,1,7,33,294,0,293,0,0,0,0,0,0,0
226141,7,bully,2750,1,33,3738702,294,588,1764,3528,1,1,223391,2750,0,34,0,0,0,NORMAL,0,3,1,6,104,294,0,588,0,0,0,0,0,0,0
226857,2,bully,3466,1,33,3762330,294,588,1764,3528,1,1,223391,3466,0,34,0,0,0,NORMAL,0,3,1,6,98,294,0,588,0,0,0,0,0,0,0
226469,10,bully,3078,1,33,3749526,294,294,1764,1764,1,1,223391,3078,0,34,0,0,0,NORMAL,0,3,1,6,98,294,0,294,0,0,0,0,0,0,0
226584,8,bully,3193,1,33,3753321,294,588,1764,3528,1,1,223391,3193,0,34,0,0,0,NORMAL,0,3,1,6,100,294,0,588,0,0,0,0,0,0,0
226299,3,bully,2908,1,33,3743916,294,588,1764,3528,1,1,223391,2908,0,34,0,0,0,NORMAL,0,3,1,6,98,294,0,588,0,0,0,0,0,0,0
226275,4,bully,2887,1,33,3743161,294,587,1764,3522,1,1,223388,2887,0,34,0,0,0,NORMAL,0,3,1,6,108,294,0,587,0,0,0,0,0,0,0
226720,5,bully,3329,1,33,3757809,294,590,1764,3540,1,1,223391,3329,0,34,0,0,0,NORMAL,0,3,1,6,98,294,0,590,0,0,0,0,0,0,0
227026,9,bully,3635,1,33,3767907,294,295,1764,1770,1,1,223391,3635,0,34,0,0,0,NORMAL,0,3,1,6,100,294,0,295,0,0,0,0,0,0,0
228466,6,bully,2772,1,33,3739428,297,592,1782,3552,1,1,225694,2772,0,34,0,0,0,NORMAL,0,3,1,9,99,297,0,592,0,0,0,0,0,0,0
228717,1,bully,3023,1,33,3747711,297,296,1782,1776,1,1,225694,3023,0,34,0,0,0,LEADER,1,4,1,10,33,297,0,296,0,0,0,0,0,0,0
228444,7,bully,2750,1,33,3738702,297,594,1782,3564,1,1,225694,2750,0,34,0,0,0,NORMAL,0,3,1,9,104,297,0,594,0,0,0,0,0,0,0
229160,2,bully,3466,1,33,3762330,297,594,1782,3564,1,1,225694,3466,0,34,0,0,0,NORMAL,0,3,1,9,98,297,0,594,0,0,0,0,0,0,0
228772,10,bully,3078,1,33,3749526,297,297,1782,1782,1,1,225694,3078,0,34,0,0,0,NORMAL,0,3,1,9,98,297,0,297,0,0,0,0,0,0,0
228887,8,bully,3193,1,33,3753321,297,594,1782,3564,1,1,225694,3193,0,34,0,0,0,NORMAL,0,3,1,9,100,297,0,594,0,0,0,0,0,0,0
228602,3,bully,2908,1,33,3743916,297,594,1782,3564,1,1,225694,2908,0,34,0,0,0,NORMAL,0,3,1,9,98,297,0,594,0,0,0,0,0,0,0
228578,4,bully,2887,1,33,3743161,297,594,1782,3564,1,1,225691,2887,0,34,0,0,0,NORMAL,0,3,1,9,108,297,0,594,0,0,0,0,0,0,0
229023,5,bully,3329,1,33,3757809,297,596,1782,3576,1,1,225694,3329,0,34,0,0,0,NORMAL,0,3,1,9,98,297,0,596,0,0,0,0,0,0,0
229329,9,bully,3635,1,33,3767907,297,298,1782,1788,1,1,225694,3635,0,34,0,0,0,NORMAL,0,3,1,9,100,297,0,298,0,0,0,0,0,0,0
230769,6,bully,2772,1,34,3970197,300,598,1800,3588,1,1,227997,2772,0,35,0,0,0,NORMAL,0,3,2,3,102,300,0,598,0,0,0,0,0,0,0
231020,1,bully,3023,1,34,3978731,300,299,1800,1794,1,1,227997,3023,0,35,0,0,0,LEADER,1,4,1,4,34,300,0,299,0,0,0,0,0,0,0
230747,7,bully,2750,1,34,3969449,300,600,1800,3600,1,1,227997,2750,0,35,0,0,0,NORMAL,0,3,2,3,107,300,0,600,0,0,0,0,0,0,0
231463,2,bully,3466,1,34,3993793,300,600,1800,3600,1,1,227997,3466,0,35,0,0,0,NORMAL,0,3,2,3,101,300,0,600,0,0,0,0,0,0,0
231075,10,bully,3078,1,34,3980601,300,300,1800,1800,1,1,227997,3078,0,35,0,0,0,NORMAL,0,3,2,3,101,300,0,300,0,0,0,0,0,0,0
231190,8,bully,3193,1,34,3984511,300,600,1800,3600,1,1,227997,3193,0,35,0,0,0,NORMAL,0,3,2,3,103,300,0,600,0,0,0,0,0,0,0
230905,3,bully,2908,1,34,3974821,300,600,1800,3600,1,1,227997,2908,0,35,0,0,0,NORMAL,0,3,2,3,101,300,0,600,0,0,0,0,0,0,0
230881,4,bully,2887,1,34,3974042,300,600,1800,3600,1,1,227994,2887,0,35,0,0,0,NORMAL,0,3,2,3,111,300,0,600,0,0,0,0,0,0,0
231326,5,bully,3329,1,34,3989135,300,602,1800,3612,1,1,227997,3329,0,35,0,0,0,NORMAL,0,3,2,3,101,300,0,602,0,0,0,0,0,0,0
231632,9,bully,3635,1,34,3999539,300,301,1800,1806,1,1,227997,3635,0,35,0,0,0,NORMAL,0,3,2,3,103,300,0,301,0,0,0,0,0,0,0
233072,6,bully,2772,1,34,3970197,303,604,1818,3624,1,1,230300,2772,0,35,0,0,0,NORMAL,0,3,1,6,102,303,0,604,0,0,0,0,0,0,0
233323,1,bully,3023,1,34,3978731,303,302,1818,1812,1,1,230300,3023,0,35,0,0,0,LEADER,1,4,1,7,34,303,0,302,0,0,0,0,0,0,0
233050,7,bully,2750,1,34,3969449,303,606,1818,3636,1,1,230300,2750,0,35,0,0,0,NORMAL,0,3,1,6,107,303,0,606,0,0,0,0,0,0,0
233766,2,bully,3466,1,34,3993793,303,606,1818,3636,1,1,230300,3466,0,35,0,0,0,NORMAL,0,3,1,6,101,303,0,606,0,0,0,0,0,0,0
233378,10,bully,3078,1,34,3980601,303,303,1818,1818,1,1,230300,3078,0,35,0,0,0,NORMAL,0,3,1,6,101,303,0,303,0,0,0,0,0,0,0
233493,8,bully,3193,1,34,3984511,303,606,1818,3636,1,1,230300,3193,0,35,0,0,0,NORMAL,0,3,1,6,103,303,0,606,0,0,0,0,0,0,0
233208,3,bully,2908,1,34,3974821,303,606,1818,3636,1,1,230300,2908,0,35,0,0,0,NORMAL,0,3,1,6,101,303,0,606,0,0,0,0,0,0,0
233184,4,bully,2887,1,34,3974042,303,606,1818,3636,1,1,230297,2887,0,35,0,0,0,NORMAL,0,3,1,6,111,303,0,606,0,0,0,0,0,0,0
233629,5,bully,3329,1,34,3989135,303,608,1818,3648,1,1,230300,3329,0,35,0,0,0,NORMAL,0,3,1,6,101,303,0,608,0,0,0,0,0,0,0
233935,9,bully,3635,1,34,3999539,303,304,1818,1824,1,1,230300,3635,0,35,0,0,0,NORMAL,0,3,1,6,103,303,0,304,0,0,0,0,0,0,0
235375,6,bully,2772,1,34,3970197,306,610,1836,3660,1,1,232603,2772,0,35,0,0,0,NORMAL,0,3,1,9,102,306,0,610,0,0,0,0,0,0,0
235626,1,bully,3023,1,34,3978731,306,305,1836,1830,1,1,232603,3023,0,35,0,0,0,LEADER,1,4,1,10,34,306,0,305,0,0,0,0,0,0,0
235353,7,bully,2750,1,34,3969449,306,612,1836,3672,1,1,232603,2750,0,35,0,0,0,NORMAL,0,3,1,9,107,306,0,612,0,0,0,0,0,0,0
236069,2,bully,3466,1,34,3993793,306,612,1836,3672,1,1,232603,3466,0,35,0,0,0,NORMAL,0,3,1,9,101,306,0,612,0,0,0,0,0,0,0
235681,10,bully,3078,1,34,3980601,306,306,1836,1836,1,1,232603,3078,0,35,0,0,0,NORMAL,0,3,1,9,101,306,0,306,0,0,0,0,0,0,0
235796,8,bully,3193,1,34,3984511,306,612,1836,3672,1,1,232603,3193,0,35,0,0,0,NORMAL,0,3,1,9,103,306,0,612,0,0,0,0,0,0,0
235511,3,bully,2908,1,34,3974821,306,612,1836,3672,1,1,232603,2908,0,35,0,0,0,NORMAL,0,3,1,9,101,306,0,612,0,0,0,0,0,0,0
235487,4,bully,2887,1,34,3974042,306,611,1836,3666,1,1,232600,2887,0,35,0,0,0,NORMAL,0,3,1,9,111,306,0,611,0,0,0,0,0,0,0
235932,5,bully,3329,1,34,3989135,306,614,1836,3684,1,1,232603,3329,0,35,0,0,0,NORMAL,0,3,1,9,101,306,0,614,0,0,0,0,0,0,0
236238,9,bully,3635,1,34,3999539,306,307,1836,1842,1,1,232603,3635,0,35,0,0,0,NORMAL,0,3,1,9,103,306,0,307,0,0,0,0,0,0,0
237678,6,bully,2772,1,35,4207875,309,616,1854,3696,1,1,234906,2772,0,36,0,0,0,NORMAL,0,3,2,3,105,309,0,616,0,0,0,0,0,0,0
237929,1,bully,3023,1,35,4216660,309,308,1854,1848,1,1,234906,3023,0,36,0,0,0,LEADER,1,4,1,4,35,309,0,308,0,0,0,0,0,0,0
237656,7,bully,2750,1,35,4207105,309,618,1854,3708,1,1,234906,2750,0,36,0,0,0,NORMAL,0,3,2,3,110,309,0,618,0,0,0,0,0,0,0
238372,2,bully,3466,1,35,4232165,309,618,1854,3708,1,1,234906,3466,0,36,0,0,0,NORMAL,0,3,2,3,104,309,0,618,0,0,0,0,0,0,0
237984,10,bully,3078,1,35,4218585,309,309,1854,1854,1,1,234906,3078,0,36,0,0,0,NORMAL,0,3,2,3,104,309,0,309,0,0,0,0,0,0,0
238099,8,bully,3193,1,35,4222610,309,618,1854,3708,1,1,234906,3193,0,36,0,0,0,NORMAL,0,3,2,3,106,309,0,618,0,0,0,0,0,0,0
237814,3,bully,2908,1,35,4212635,309,618,1854,3708,1,1,234906,2908,0,36,0,0,0,NORMAL,0,3,2,3,104,309,0,618,0,0,0,0,0,0,0
237790,4,bully,2887,1,35,4211832,309,617,1854,3702,1,1,234903,2887,0,36,0,0,0,NORMAL,0,3,2,3,115,309,0,617,0,0,0,0,0,0,0
238235,5,bully,3329,1,35,4227370,309,620,1854,3720,1,1,234906,3329,0,36,0,0,0,NORMAL,0,3,2,3,104,309,0,620,0,0,0,0,0,0,0
238541,9,bully,3635,1,35,4238080,309,310,1854,1860,1,1,234906,3635,0,36,0,0,0,NORMAL,0,3,2,3,106,309,0,310,0,0,0,0,0,0,0
239981,6,bully,2772,1,35,4207875,312,622,1872,3732,1,1,237209,2772,0,36,0,0,0,NORMAL,0,3,1,6,105,312,0,622,0,0,0,0,0,0,0
240232,1,bully,3023,1,35,4216660,312,311,1872,1866,1,1,237209,3023,0,36,0,0,0,LEADER,1,4,1,7,35,312,0,311,0,0,0,0,0,0,0
239959,7,bully,2750,1,35,4207105,312,624,1872,3744,1,1,237209,2750,0,36,0,0,0,NORMAL,0,3,1,6,110,312,0,624,0,0,0,0,0,0,0
240675,2,bully,3466,1,35,4232165,312,624,1872,3744,1,1,237209,3466,0,36,0,0,0,NORMAL,0,3,1,6,104,312,0,624,0,0,0,0,0,0,0
240287,10,bully,3078,1,35,4218585,312,312,1872,1872,1,1,237209,3078,0,36,0,0,0,NORMAL,0,3,1,6,104,312,0,312,0,0,0,0,0,0,0
240402,8,bully,3193,1,35,4222610,312,624,1872,3744,1,1,237209,3193,0,36,0,0,0,NORMAL,0,3,1,6,106,312,0,624,0,0,0,0,0,0,0
240117,3,bully,2908,1,35,4212635,312,624,1872,3744,1,1,237209,2908,0,36,0,0,0,NORMAL,0,3,1,6,104,312,0,624,0,0,0,0,0,0,0
240093,4,bully,2887,1,35,4211832,312,624,1872,3744,1,1,237206,2887,0,36,0,0,0,NORMAL,0,3,1,6,115,312,0,624,0,0,0,0,0,0,0
240538,5,bully,3329,1,35,4227370,312,626,1872,3756,1,1,237209,3329,0,36,0,0,0,NORMAL,0,3,1,6,104,312,0,626,0,0,0,0,0,0,0
240844,9,bully,3635,1,35,4238080,312,313,1872,1878,1,1,237209,3635,0,36,0,0,0,NORMAL,0,3,1,6,106,312,0,313,0,0,0,0,0,0,0
242284,6,bully,2772,1,35,4207875,315,628,1890,3768,1,1,239512,2772,0,36,0,0,0,NORMAL,0,3,1,9,105,315,0,628,0,0,0,0,0,0,0
242535,1,bully,3023,1,35,4216660,315,314,1890,1884,1,1,239512,3023,0,36,0,0,0,LEADER,1,4,1,10,35,315,0,314,0,0,0,0,0,0,0
242262,7,bully,2750,1,35,4207105,315,630,1890,3780,1,1,239512,2750,0,36,0,0,0,NORMAL,0,3,1,9,110,315,0,630,0,0,0,0,0,0,0
242978,2,bully,3466,1,35,4232165,315,630,1890,3780,1,1,239512,3466,0,36,0,0,0,NORMAL,0,3,1,9,104,315,0,630,0,0,0,0,0,0,0
242590,10,bully,3078,1,35,4218585,315,315,1890,1890,1,1,239512,3078,0,36,0,0,0,NORMAL,0,3,1,9,104,315,0,315,0,0,0,0,0,0,0
242705,8,bully,3193,1,35,4222610,315,630,1890,3780,1,1,239512,3193,0,36,0,0,0,NORMAL,0,3,1,9,106,315,0,630,0,0,0,0,0,0,0
242420,3,bully,2908,1,35,4212635,315,630,1890,3780,1,1,239512,2908,0,36,0,0,0,NORMAL,0,3,1,9,104,315,0,630,0,0,0,0,0,0,0
242396,4,bully,2887,1,35,4211832,315,630,1890,3780,1,1,239509,2887,0,36,0,0,0,NORMAL,0,3,1,9,115,315,0,630,0,0,0,0,0,0,0
242841,5,bully,3329,1,35,4227370,315,632,1890,3792,1,1,239512,3329,0,36,0,0,0,NORMAL,0,3,1,9,104,315,0,632,0,0,0,0,0,0,0
243147,9,bully,3635,1,35,4238080,315,316,1890,1896,1,1,239512,3635,0,36,0,0,0,NORMAL,0,3,1,9,106,315,0,316,0,0,0,0,0,0,0
244587,6,bully,2772,1,36,4452462,318,634,1908,3804,1,1,241815,2772,0,37,0,0,0,NORMAL,0,3,2,3,108,318,0,634,0,0,0,0,0,0,0
244838,1,bully,3023,1,36,4461498,318,317,1908,1902,1,1,241815,3023,0,37,0,0,0,LEADER,1,4,1,4,36,318,0,317,0,0,0,0,0,0,0
244565,7,bully,2750,1,36,4451670,318,635,1908,3810,1,1,241815,2750,0,37,0,0,0,NORMAL,0,3,2,3,113,318,0,635,0,0,0,0,0,0,0
245281,2,bully,3466,1,36,4477446,318,636,1908,3816,1,1,241815,3466,0,37,0,0,0,NORMAL,0,3,2,3,107,318,0,636,0,0,0,0,0,0,0
244893,10,bully,3078,1,36,4463478,318,318,1908,1908,1,1,241815,3078,0,37,0,0,0,NORMAL,0,3,2,3,107,318,0,318,0,0,0,0,0,0,0
245008,8,bully,3193,1,36,4467618,318,636,1908,3816,1,1,241815,3193,0,37,0,0,0,NORMAL,0,3,2,3,109,318,0,636,0,0,0,0,0,0,0
244723,3,bully,2908,1,36,4457358,318,636,1908,3816,1,1,241815,2908,0,37,0,0,0,NORMAL,0,3,2,3,107,318,0,636,0,0,0,0,0,0,0
244699,4,bully,2887,1,36,4456531,318,635,1908,3810,1,1,241812,2887,0,37,0,0,0,NORMAL,0,3,2,3,118,318,0,635,0,0,0,0,0,0,0
245144,5,bully,3329,1,36,4472514,318,638,1908,3828,1,1,241815,3329,0,37,0,0,0,NORMAL,0,3,2,3,107,318,0,638,0,0,0,0,0,0,0
245450,9,bully,3635,1,36,4483530,318,319,1908,1914,1,1,241815,3635,0,37,0,0,0,NORMAL,0,3,2,3,109,318,0,319,0,0,0,0,0,0,0
246890,6,bully,2772,1,36,4452462,321,640,1926,3840,1,1,244118,2772,0,37,0,0,0,NORMAL,0,3,1,6,108,321,0,640,0,0,0,0,0,0,0
247141,1,bully,3023,1,36,4461498,321,320,1926,1920,1,1,244118,3023,0,37,0,0,0,LEADER,1,4,1,7,36,321,0,320,0,0,0,0,0,0,0
246868,7,bully,2750,1,36,4451670,321,641,1926,3846,1,1,244118,2750,0,37,0,0,0,NORMAL,0,3,1,6,113,321,0,641,0,0,0,0,0,0,0
247584,2,bully,3466,1,36,4477446,321,642,1926,3852,1,1,244118,3466,0,37,0,0,0,NORMAL,0,3,1,6,107,321,0,642,0,0,0,0,0,0,0
247196,10,bully,3078,1,36,4463478,321,321,1926,1926,1,1,244118,3078,0,37,0,0,0,NORMAL,0,3,1,6,107,321,0,321,0,0,0,0,0,0,0
247311,8,bully,3193,1,36,4467618,321,642,1926,3852,1,1,244118,3193,0,37,0,0,0,NORMAL,0,3,1,6,109,321,0,642,0,0,0,0,0,0,0
247026,3,bully,2908,1,36,4457358,321,642,1926,3852,1,1,244118,2908,0,37,0,0,0,NORMAL,0,3,1,6,107,321,0,642,0,0,0,0,0,0,0
247001,4,bully,2887,1,36,4456531,321,641,1926,3846,1,1,244114,2887,0,37,0,0,0,NORMAL,0,3,1,6,118,321,0,641,0,0,0,0,0,0,0
247447,5,bully,3329,1,36,4472514,321,644,1926,3864,1,1,244118,3329,0,37,0,0,0,NORMAL,0,3,1,6,107,321,0,644,0,0,0,0,0,0,0
247753,9,bully,3635,1,36,4483530,321,322,1926,1932,1,1,244118,3635,0,37,0,0,0,NORMAL,0,3,1,6,109,321,0,322,0,0,0,0,0,0,0
249193,6,bully,2772,1,36,4452462,324,646,1944,3876,1,1,246421,2772,0,37,0,0,0,NORMAL,0,3,1,9,108,324,0,646,0,0,0,0,0,0,0
249444,1,bully,3023,1,36,4461498,324,323,1944,1938,1,1,246421,3023,0,37,0,0,0,LEADER,1,4,1,10,36,324,0,323,0,0,0,0,0,0,0
249171,7,bully,2750,1,36,4451670,324,648,1944,3888,1,1,246421,2750,0,37,0,0,0,NORMAL,0,3,1,9,113,324,0,648,0,0,0,0,0,0,0
249887,2,bully,3466,1,36,4477446,324,648,1944,3888,1,1,246421,3466,0,37,0,0,0,NORMAL,0,3,1,9,107,324,0,648,0,0,0,0,0,0,0
249499,10,bully,3078,1,36,4463478,324,324,1944,1944,1,1,246421,3078,0,37,0,0,0,NORMAL,0,3,1,9,107,324,0,324,0,0,0,0,0,0,0
249614,8,bully,3193,1,36,4467618,324,648,1944,3888,1,1,246421,3193,0,37,0,0,0,NORMAL,0,3,1,9,109,324,0,648,0,0,0,0,0,0,0
249329,3,bully,2908,1,36,4457358,324,648,1944,3888,1,1,246421,2908,0,37,0,0,0,NORMAL,0,3,1,9,107,324,0,648,0,0,0,0,0,0,0
249304,4,bully,2887,1,36,4456531,324,648,1944,3888,1,1,246417,2887,0,37,0,0,0,NORMAL,0,3,1,9,118,324,0,648,0,0,0,0,0,0,0
249750,5,bully,3329,1,36,4472514,324,650,1944,3900,1,1,246421,3329,0,37,0,0,0,NORMAL,0,3,1,9,107,324,0,650,0,0,0,0,0,0,0
250056,9,bully,3635,1,36,4483530,324,325,1944,1950,1,1,246421,3635,0,37,0,0,0,NORMAL,0,3,1,9,109,324,0,325,0,0,0,0,0,0,0
251496,6,bully,2772,1,37,4703958,327,652,1962,3912,1,1,248724,2772,0,38,0,0,0,NORMAL,0,3,2,3,111,327,0,652,0,0,0,0,0,0,0
251747,1,bully,3023,1,37,4713245,327,326,1962,1956,1,1,248724,3023,0,38,0,0,0,LEADER,1,4,1,4,37,327,0,326,0,0,0,0,0,0,0
251474,7,bully,2750,1,37,4703144,327,654,1962,3924,1,1,248724,2750,0,38,0,0,0,NORMAL,0,3,2,3,116,327,0,654,0,0,0,0,0,0,0
252190,2,bully,3466,1,37,4729636,327,654,1962,3924,1,1,248724,3466,0,38,0,0,0,NORMAL,0,3,2,3,110,327,0,654,0,0,0,0,0,0,0
251802,10,bully,3078,1,37,4715280,327,327,1962,1962,1,1,248724,3078,0,38,0,0,0,NORMAL,0,3,2,3,110,327,0,327,0,0,0,0,0,0,0
251917,8,bully,3193,1,37,4719535,327,654,1962,3924,1,1,248724,3193,0,38,0,0,0,NORMAL,0,3,2,3,112,327,0,654,0,0,0,0,0,0,0
251632,3,bully,2908,1,37,4708990,327,654,1962,3924,1,1,248724,2908,0,38,0,0,0,NORMAL,0,3,2,3,110,327,0,654,0,0,0,0,0,0,0
251607,4,bully,2887,1,37,4708138,327,654,1962,3924,1,1,248720,2887,0,38,0,0,0,NORMAL,0,3,2,3,121,327,0,654,0,0,0,0,0,0,0
252053,5,bully,3329,1,37,4724567,327,656,1962,3936,1,1,248724,3329,0,38,0,0,0,NORMAL,0,3,2,3,110,327,0,656,0,0,0,0,0,0,0
252359,9,bully,3635,1,37,4735889,327,328,1962,1968,1,1,248724,3635,0,38,0,0,0,NORMAL,0,3,2,3,112,327,0,328,0,0,0,0,0,0,0
253799,6,bully,2772,1,37,4703958,330,658,1980,3948,1,1,251027,2772,0,38,0,0,0,NORMAL,0,3,1,6,111,330,0,658,0,0,0,0,0,0,0
254050,1,bully,3023,1,37,4713245,330,329,1980,1974,1,1,251027,3023,0,38,0,0,0,LEADER,1,4,1,7,37,330,0,329,0,0,0,0,0,0,0
253777,7,bully,2750,1,37,4703144,330,660,1980,3960,1,1,251027,2750,0,38,0,0,0,NORMAL,0,3,1,6,116,330,0,660,0,0,0,0,0,0,0
254493,2,bully,3466,1,37,4729636,330,660,1980,3960,1,1,251027,3466,0,38,0,0,0,NORMAL,0,3,1,6,110,330,0,660,0,0,0,0,0,0,0
254105,10,bully,3078,1,37,4715280,330,330,1980,1980,1,1,251027,3078,0,38,0,0,0,NORMAL,0,3,1,6,110,330,0,330,0,0,0,0,0,0,0
254220,8,bully,3193,1,37,4719535,330,660,1980,3960,1,1,251027,3193,0,38,0,0,0,NORMAL,0,3,1,6,112,330,0,660,0,0,0,0,0,0,0
253935,3,bully,2908,1,37,4708990,330,660,1980,3960,1,1,251027,2908,0,38,0,0,0,NORMAL,0,3,1,6,110,330,0,660,0,0,0,0,0,0,0
253909,4,bully,2887,1,37,4708138,330,659,1980,3954,1,1,251022,2887,0,38,0,0,0,NORMAL,0,3,1,6,121,330,0,659,0,0,0,0,0,0,0
254356,5,bully,3329,1,37,4724567,330,662,1980,3972,1,1,251027,3329,0,38,0,0,0,NORMAL,0,3,1,6,110,330,0,662,0,0,0,0,0,0,0
254662,9,bully,3635,1,37,4735889,330,331,1980,1986,1,1,251027,3635,0,38,0,0,0,NORMAL,0,3,1,6,112,330,0,331,0,0,0,0,0,0,0
256102,6,bully,2772,1,37,4703958,333,664,1998,3984,1,1,253330,2772,0,38,0,0,0,NORMAL,0,3,1,9,111,333,0,664,0,0,0,0,0,0,0
256353,1,bully,3023,1,37,4713245,333,332,1998,1992,1,1,253330,3023,0,38,0,0,0,LEADER,1,4,1,10,37,333,0,332,0,0,0,0,0,0,0
256080,7,bully,2750,1,37,4703144,333,666,1998,3996,1,1,253330,2750,0,38,0,0,0,NORMAL,0,3,1,9,116,333,0,666,0,0,0,0,0,0,0
256796,2,bully,3466,1,37,4729636,333,666,1998,3996,1,1,253330,3466,0,38,0,0,0,NORMAL,0,3,1,9,110,333,0,666,0,0,0,0,0,0,0
256408,10,bully,3078,1,37,4715280,333,333,1998,1998,1,1,253330,3078,0,38,0,0,0,NORMAL,0,3,1,9,110,333,0,333,0,0,0,0,0,0,0
256523,8,bully,3193,1,37,4719535,333,666,1998,3996,1,1,253330,3193,0,38,0,0,0,NORMAL,0,3,1,9,112,333,0,666,0,0,0,0,0,0,0
256238,3,bully,2908,1,37,4708990,333,666,1998,3996,1,1,253330,2908,0,38,0,0,0,NORMAL,0,3,1,9,110,333,0,666,0,0,0,0,0,0,0
256212,4,bully,2887,1,37,4708138,333,666,1998,3996,1,1,253325,2887,0,38,0,0,0,NORMAL,0,3,1,9,121,333,0,666,0,0,0,0,0,0,0
256659,5,bully,3329,1,37,4724567,333,668,1998,4008,1,1,253330,3329,0,38,0,0,0,NORMAL,0,3,1,9,110,333,0,668,0,0,0,0,0,0,0
256965,9,bully,3635,1,37,4735889,333,334,1998,2004,1,1,253330,3635,0,38,0,0,0,NORMAL,0,3,1,9,112,333,0,334,0,0,0,0,0,0,0
258405,6,bully,2772,1,38,4962363,336,670,2016,4020,1,1,255633,2772,0,39,0,0,0,NORMAL,0,3,2,3,114,336,0,670,0,0,0,0,0,0,0
258656,1,bully,3023,1,38,4971901,336,335,2016,2010,1,1,255633,3023,0,39,0,0,0,LEADER,1,4,1,4,38,336,0,335,0,0,0,0,0,0,0
258383,7,bully,2750,1,38,4961527,336,672,2016,4032,1,1,255633,2750,0,39,0,0,0,NORMAL,0,3,2,3,119,336,0,672,0,0,0,0,0,0,0
259099,2,bully,3466,1,38,4988735,336,672,2016,4032,1,1,255633,3466,0,39,0,0,0,NORMAL,0,3,2,3,113,336,0,672,0,0,0,0,0,0,0
258711,10,bully,3078,1,38,4973991,336,336,2016,2016,1,1,255633,3078,0,39,0,0,0,NORMAL,0,3,2,3,113,336,0,336,0,0,0,0,0,0,0
258826,8,bully,3193,1,38,4978361,336,672,2016,4032,1,1,255633,3193,0,39,0,0,0,NORMAL,0,3,2,3,115,336,0,672,0,0,0,0,0,0,0
258541,3,bully,2908,1,38,4967531,336,672,2016,4032,1,1,255633,2908,0,39,0,0,0,NORMAL,0,3,2,3,113,336,0,672,0,0,0,0,0,0,0
258515,4,bully,2887,1,38,4966653,336,671,2016,4026,1,1,255628,2887,0,39,0,0,0,NORMAL,0,3,2,3,124,336,0,671,0,0,0,0,0,0,0
258962,5,bully,3329,1,38,4983529,336,674,2016,4044,1,1,255633,3329,0,39,0,0,0,NORMAL,0,3,2,3,113,336,0,674,0,0,0,0,0,0,0
259268,9,bully,3635,1,38,4995157,336,337,2016,2022,1,1,255633,3635,0,39,0,0,0,NORMAL,0,3,2,3,115,336,0,337,0,0,0,0,0,0,0
260708,6,bully,2772,1,38,4962363,339,676,2034,4056,1,1,257936,2772,0,39,0,0,0,NORMAL,0,3,1,6,114,339,0,676,0,0,0,0,0,0,0
260959,1,bully,3023,1,38,4971901,339,338,2034,2028,1,1,257936,3023,0,39,0,0,0,LEADER,1,4,1,7,38,339,0,338,0,0,0,0,0,0,0
260686,7,bully,2750,1,38,4961527,339,677,2034,4062,1,1,257936,2750,0,39,0,0,0,NORMAL,0,3,1,6,119,339,0,677,0,0,0,0,0,0,0
261402,2,bully,3466,1,38,4988735,339,678,2034,4068,1,1,257936,3466,0,39,0,0,0,NORMAL,0,3,1,6,113,339,0,678,0,0,0,0,0,0,0
261014,10,bully,3078,1,38,4973991,339,339,2034,2034,1,1,257936,3078,0,39,0,0,0,NORMAL,0,3,1,6,113,339,0,339,0,0,0,0,0,0,0
261129,8,bully,3193,1,38,4978361,339,678,2034,4068,1,1,257936,3193,0,39,0,0,0,NORMAL,0,3,1,6,115,339,0,678,0,0,0,0,0,0,0
260844,3,bully,2908,1,38,4967531,339,678,2034,4068,1,1,257936,2908,0,39,0,0,0,NORMAL,0,3,1,6,113,339,0,678,0,0,0,0,0,0,0
260818,4,bully,2887,1,38,4966653,339,678,2034,4068,1,1,257931,2887,0,39,0,0,0,NORMAL,0,3,1,6,124,339,0,678,0,0,0,0,0,0,0
261265,5,bully,3329,1,38,4983529,339,680,2034,4080,1,1,257936,3329,0,39,0,0,0,NORMAL,0,3,1,6,113,339,0,680,0,0,0,0,0,0,0
261571,9,bully,3635,1,38,4995157,339,340,2034,2040,1,1,257936,3635,0,39,0,0,0,NORMAL,0,3,1,6,115,339,0,340,0,0,0,0,0,0,0
263011,6,bully,2772,1,38,4962363,342,682,2052,4092,1,1,260239,2772,0,39,0,0,0,NORMAL,0,3,1,9,114,342,0,682,0,0,0,0,0,0,0
263262,1,bully,3023,1,38,4971901,342,341,2052,2046,1,1,260239,3023,0,39,0,0,0,LEADER,1,4,1,10,38,342,0,341,0,0,0,0,0,0,0
262989,7,bully,2750,1,38,4961527,342,684,2052,4104,1,1,260239,2750,0,39,0,0,0,NORMAL,0,3,1,9,119,342,0,684,0,0,0,0,0,0,0
263705,2,bully,3466,1,38,4988735,342,684,2052,4104,1,1,260239,3466,0,39,0,0,0,NORMAL,0,3,1,9,113,342,0,684,0,0,0,0,0,0,0
263317,10,bully,3078,1,38,4973991,342,342,2052,2052,1,1,260239,3078,0,39,0,0,0,NORMAL,0,3,1,9,113,342,0,342,0,0,0,0,0,0,0
263432,8,bully,3193,1,38,4978361,342,684,2052,4104,1,1,260239,3193,0,39,0,0,0,NORMAL,0,3,1,9,115,342,0,684,0,0,0,0,0,0,0
263147,3,bully,2908,1,38,4967531,342,684,2052,4104,1,1,260239,2908,0,39,0,0,0,NORMAL,0,3,1,9,113,342,0,684,0,0,0,0,0,0,0
263121,4,bully,2887,1,38,4966653,342,683,2052,4098,1,1,260234,2887,0,39,0,0,0,NORMAL,0,3,1,9,124,342,0,683,0,0,0,0,0,0,0
263568,5,bully,3329,1,38,4983529,342,686,2052,4116,1,1,260239,3329,0,39,0,0,0,NORMAL,0,3,1,9,113,342,0,686,0,0,0,0,0,0,0
263874,9,bully,3635,1,38,4995157,342,343,2052,2058,1,1,260239,3635,0,39,0,0,0,NORMAL,0,3,1,9,115,342,0,343,0,0,0,0,0,0,0
265314,6,bully,2772,1,39,5227677,345,688,2070,4128,1,1,262542,2772,0,40,0,0,0,NORMAL,0,3,2,3,117,345,0,688,0,0,0,0,0,0,0
265565,1,bully,3023,1,39,5237466,345,344,2070,2064,1,1,262542,3023,0,40,0,0,0,LEADER,1,4,1,4,39,345,0,344,0,0,0,0,0,0,0
265292,7,bully,2750,1,39,5226819,345,689,2070,4134,1,1,262542,2750,0,40,0,0,0,NORMAL,0,3,2,3,122,345,0,689,0,0,0,0,0,0,0
266008,2,bully,3466,1,39,5254743,345,690,2070,4140,1,1,262542,3466,0,40,0,0,0,NORMAL,0,3,2,3,116,345,0,690,0,0,0,0,0,0,0
265620,10,bully,3078,1,39,5239611,345,345,2070,2070,1,1,262542,3078,0,40,0,0,0,NORMAL,0,3,2,3,116,345,0,345,0,0,0,0,0,0,0
265735,8,bully,3193,1,39,5244096,345,690,2070,4140,1,1,262542,3193,0,40,0,0,0,NORMAL,0,3,2,3,118,345,0,690,0,0,0,0,0,0,0
265450,3,bully,2908,1,39,5232981,345,690,2070,4140,1,1,262542,2908,0,40,0,0,0,NORMAL,0,3,2,3,116,345,0,690,0,0,0,0,0,0,0
265423,4,bully,2887,1,39,5232076,345,689,2070,4134,1,1,262536,2887,0,40,0,0,0,NORMAL,0,3,2,3,128,345,0,689,0,0,0,0,0,0,0
265871,5,bully,3329,1,39,5249400,345,692,2070,4152,1,1,262542,3329,0,40,0,0,0,NORMAL,0,3,2,3,116,345,0,692,0,0,0,0,0,0,0
266177,9,bully,3635,1,39,5261334,345,346,2070,2076,1,1,262542,3635,0,40,0,0,0,NORMAL,0,3,2,3,118,345,0,346,0,0,0,0,0,0,0
267617,6,bully,2772,1,39,5227677,348,694,2088,4164,1,1,264845,2772,0,40,0,0,0,NORMAL,0,3,1,6,117,348,0,694,0,0,0,0,0,0,0
267868,1,bully,3023,1,39,5237466,348,347,2088,2082,1,1,264845,3023,0,40,0,0,0,LEADER,1,4,1,7,39,348,0,347,0,0,0,0,0,0,0
267595,7,bully,2750,1,39,5226819,348,696,2088,4176,1,1,264845,2750,0,40,0,0,0,NORMAL,0,3,1,6,122,348,0,696,0,0,0,0,0,0,0
268311,2,bully,3466,1,39,5254743,348,696,2088,4176,1,1,264845,3466,0,40,0,0,0,NORMAL,0,3,1,6,116,348,0,696,0,0,0,0,0,0,0
267923,10,bully,3078,1,39,5239611,348,348,2088,2088,1,1,264845,3078,0,40,0,0,0,NORMAL,0,3,1,6,116,348,0,348,0,0,0,0,0,0,0
268038,8,bully,3193,1,39,5244096,348,696,2088,4176,1,1,264845,3193,0,40,0,0,0,NORMAL,0,3,1,6,118,348,0,696,0,0,0,0,0,0,0
267753,3,bully,2908,1,39,5232981,348,696,2088,4176,1,1,264845,2908,0,40,0,0,0,NORMAL,0,3,1,6,116,348,0,696,0,0,0,0,0,0,0
267726,4,bully,2887,1,39,5232076,348,695,2088,4170,1,1,264839,2887,0,40,0,0,0,NORMAL,0,3,1,6,128,348,0,695,0,0,0,0,0,0,0
268174,5,bully,3329,1,39,5249400,348,698,2088,4188,1,1,264845,3329,0,40,0,0,0,NORMAL,0,3,1,6,116,348,0,698,0,0,0,0,0,0,0
268480,9,bully,3635,1,39,5261334,348,349,2088,2094,1,1,264845,3635,0,40,0,0,0,NORMAL,0,3,1,6,118,348,0,349,0,0,0,0,0,0,0
269920,6,bully,2772,1,39,5227677,351,700,2106,4200,1,1,267148,2772,0,40,0,0,0,NORMAL,0,3,1,9,117,351,0,700,0,0,0,0,0,0,0
270171,1,bully,3023,1,39,5237466,351,350,2106,2100,1,1,267148,3023,0,40,0,0,0,LEADER,1,4,1,10,39,351,0,350,0,0,0,0,0,0,0
269898,7,bully,2750,1,39,5226819,351,702,2106,4212,1,1,267148,2750,0,40,0,0,0,NORMAL,0,3,1,9,122,351,0,702,0,0,0,0,0,0,0
270614,2,bully,3466,1,39,5254743,351,702,2106,4212,1,1,267148,3466,0,40,0,0,0,NORMAL,0,3,1,9,116,351,0,702,0,0,0,0,0,0,0
270226,10,bully,3078,1,39,5239611,351,351,2106,2106,1,1,267148,3078,0,40,0,0,0,NORMAL,0,3,1,9,116,351,0,351,0,0,0,0,0,0,0
270341,8,bully,3193,1,39,5244096,351,702,2106,4212,1,1,267148,3193,0,40,0,0,0,NORMAL,0,3,1,9,118,351,0,702,0,0,0,0,0,0,0
270056,3,bully,2908,1,39,5232981,351,702,2106,4212,1,1,267148,2908,0,40,0,0,0,NORMAL,0,3,1,9,116,351,0,702,0,0,0,0,0,0,0
270029,4,bully,2887,1,39,5232076,351,702,2106,4212,1,1,267142,2887,0,40,0,0,0,NORMAL,0,3,1,9,128,351,0,702,0,0,0,0,0,0,0
270477,5,bully,3329,1,39,5249400,351,704,2106,4224,1,1,267148,3329,0,40,0,0,0,NORMAL,0,3,1,9,116,351,0,704,0,0,0,0,0,0,0
270783,9,bully,3635,1,39,5261334,351,352,2106,2112,1,1,267148,3635,0,40,0,0,0,NORMAL,0,3,1,9,118,351,0,352,0,0,0,0,0,0,0
272223,6,bully,2772,1,40,5499900,354,706,2124,4236,1,1,269451,2772,0,41,0,0,0,NORMAL,0,3,2,3,120,354,0,706,0,0,0,0,0,0,0
272474,1,bully,3023,1,40,5509940,354,353,2124,2118,1,1,269451,3023,0,41,0,0,0,LEADER,1,4,1,4,40,354,0,353,0,0,0,0,0,0,0
272201,7,bully,2750,1,40,5499020,354,708,2124,4248,1,1,269451,2750,0,41,0,0,0,NORMAL,0,3,2,3,125,354,0,708,0,0,0,0,0,0,0
272917,2,bully,3466,1,40,5527660,354,708,2124,4248,1,1,269451,3466,0,41,0,0,0,NORMAL,0,3,2,3,119,354,0,708,0,0,0,0,0,0,0
272529,10,bully,3078,1,40,5512140,354,354,2124,2124,1,1,269451,3078,0,41,0,0,0,NORMAL,0,3,2,3,119,354,0,354,0,0,0,0,0,0,0
272644,8,bully,3193,1,40,5516740,354,708,2124,4248,1,1,269451,3193,0,41,0,0,0,NORMAL,0,3,2,3,121,354,0,708,0,0,0,0,0,0,0
272359,3,bully,2908,1,40,5505340,354,708,2124,4248,1,1,269451,2908,0,41,0,0,0,NORMAL,0,3,2,3,119,354,0,708,0,0,0,0,0,0,0
272332,4,bully,2887,1,40,5504408,354,707,2124,4242,1,1,269445,2887,0,41,0,0,0,NORMAL,0,3,2,3,131,354,0,707,0,0,0,0,0,0,0
272780,5,bully,3329,1,40,5522180,354,710,2124,4260,1,1,269451,3329,0,41,0,0,0,NORMAL,0,3,2,3,119,354,0,710,0,0,0,0,0,0,0
273086,9,bully,3635,1,40,5534420,354,355,2124,2130,1,1,269451,3635,0,41,0,0,0,NORMAL,0,3,2,3,121,354,0,355,0,0,0,0,0,0,0
274526,6,bully,2772,1,40,5499900,357,712,2142,4272,1,1,271754,2772,0,41,0,0,0,NORMAL,0,3,1,6,120,357,0,712,0,0,0,0,0,0,0
274777,1,bully,3023,1,40,5509940,357,356,2142,2136,1,1,271754,3023,0,41,0,0,0,LEADER,1,4,1,7,40,357,0,356,0,0,0,0,0,0,0
274504,7,bully,2750,1,40,5499020,357,714,2142,4284,1,1,271754,2750,0,41,0,0,0,NORMAL,0,3,1,6,125,357,0,714,0,0,0,0,0,0,0
275220,2,bully,3466,1,40,5527660,357,714,2142,4284,1,1,271754,3466,0,41,0,0,0,NORMAL,0,3,1,6,119,357,0,714,0,0,0,0,0,0,0
274832,10,bully,3078,1,40,5512140,357,357,2142,2142,1,1,271754,3078,0,41,0,0,0,NORMAL,0,3,1,6,119,357,0,357,0,0,0,0,0,0,0
274947,8,bully,3193,1,40,5516740,357,714,2142,4284,1,1,271754,3193,0,41,0,0,0,NORMAL,0,3,1,6,121,357,0,714,0,0,0,0,0,0,0
274662,3,bully,2908,1,40,5505340,357,714,2142,4284,1,1,271754,2908,0,41,0,0,0,NORMAL,0,3,1,6,119,357,0,714,0,0,0,0,0,0,0
274635,4,bully,2887,1,40,5504408,357,714,2142,4284,1,1,271748,2887,0,41,0,0,0,NORMAL,0,3,1,6,131,357,0,714,0,0,0,0,0,0,0
275083,5,bully,3329,1,40,5522180,357,716,2142,4296,1,1,271754,3329,0,41,0,0,0,NORMAL,0,3,1,6,119,357,0,716,0,0,0,0,0,0,0
275389,9,bully,3635,1,40,5534420,357,358,2142,2148,1,1,271754,3635,0,41,0,0,0,NORMAL,0,3,1,6,121,357,0,358,0,0,0,0,0,0,0
276829,6,bully,2772,1,40,5499900,360,718,2160,4308,1,1,274057,2772,0,41,0,0,0,NORMAL,0,3,1,9,120,360,0,718,0,0,0,0,0,0,0
277080,1,bully,3023,1,40,5509940,360,359,2160,2154,1,1,274057,3023,0,41,0,0,0,LEADER,1,4,1,10,40,360,0,359,0,0,0,0,0,0,0
276807,7,bully,2750,1,40,5499020,360,720,2160,4320,1,1,274057,2750,0,41,0,0,0,NORMAL,0,3,1,9,125,360,0,720,0,0,0,0,0,0,0
277523,2,bully,3466,1,40,5527660,360,720,2160,4320,1,1,274057,3466,0,41,0,0,0,NORMAL,0,3,1,9,119,360,0,720,0,0,0,0,0,0,0
277135,10,bully,3078,1,40,5512140,360,360,2160,2160,1,1,274057,3078,0,41,0,0,0,NORMAL,0,3,1,9,119,360,0,360,0,0,0,0,0,0,0
277250,8,bully,3193,1,40,5516740,360,720,2160,4320,1,1,274057,3193,0,41,0,0,0,NORMAL,0,3,1,9,121,360,0,720,0,0,0,0,0,0,0
276965,3,bully,2908,1,40,5505340,360,720,2160,4320,1,1,274057,2908,0,41,0,0,0,NORMAL,0,3,1,9,119,360,0,720,0,0,0,0,0,0,0
276938,4,bully,2887,1,40,5504408,360,719,2160,4314,1,1,274051,2887,0,41,0,0,0,NORMAL,0,3,1,9,131,360,0,719,0,0,0,0,0,0,0
277386,5,bully,3329,1,40,5522180,360,722,2160,4332,1,1,274057,3329,0,41,0,0,0,NORMAL,0,3,1,9,119,360,0,722,0,0,0,0,0,0,0
277692,9,bully,3635,1,40,5534420,360,361,2160,2166,1,1,274057,3635,0,41,0,0,0,NORMAL,0,3,1,9,121,360,0,361,0,0,0,0,0,0,0
279132,6,bully,2772,1,41,5779032,363,724,2178,4344,1,1,276360,2772,0,42,0,0,0,NORMAL,0,3,2,3,123,363,0,724,0,0,0,0,0,0,0
279383,1,bully,3023,1,41,5789323,363,362,2178,2172,1,1,276360,3023,0,42,0,0,0,LEADER,1,4,1,4,41,363,0,362,0,0,0,0,0,0,0
279110,7,bully,2750,1,41,5778130,363,725,2178,4350,1,1,276360,2750,0,42,0,0,0,NORMAL,0,3,2,3,128,363,0,725,0,0,0,0,0,0,0
279826,2,bully,3466,1,41,5807486,363,726,2178,4356,1,1,276360,3466,0,42,0,0,0,NORMAL,0,3,2,3,122,363,0,726,0,0,0,0,0,0,0
279438,10,bully,3078,1,41,5791578,363,363,2178,2178,1,1,276360,3078,0,42,0,0,0,NORMAL,0,3,2,3,122,363,0,363,0,0,0,0,0,0,0
279553,8,bully,3193,1,41,5796293,363,726,2178,4356,1,1,276360,3193,0,42,0,0,0,NORMAL,0,3,2,3,124,363,0,726,0,0,0,0,0,0,0
279268,3,bully,2908,1,41,5784608,363,726,2178,4356,1,1,276360,2908,0,42,0,0,0,NORMAL,0,3,2,3,122,363,0,726,0,0,0,0,0,0,0
279241,4,bully,2887,1,41,5783649,363,725,2178,4350,1,1,276354,2887,0,42,0,0,0,NORMAL,0,3,2,3,135,363,0,725,0,0,0,0,0,0,0
279689,5,bully,3329,1,41,5801869,363,728,2178,4368,1,1,276360,3329,0,42,0,0,0,NORMAL,0,3,2,3,122,363,0,728,0,0,0,0,0,0,0
279995,9,bully,3635,1,41,5814415,363,364,2178,2184,1,1,276360,3635,0,42,0,0,0,NORMAL,0,3,2,3,124,363,0,364,0,0,0,0,0,0,0
281435,6,bully,2772,1,41,5779032,366,730,2196,4380,1,1,278663,2772,0,42,0,0,0,NORMAL,0,3,1,6,123,366,0,730,0,0,0,0,0,0,0
281686,1,bully,3023,1,41,5789323,366,365,2196,2190,1,1,278663,3023,0,42,0,0,0,LEADER,1,4,1,7,41,366,0,365,0,0,0,0,0,0,0
281413,7,bully,2750,1,41,5778130,366,732,2196,4392,1,1,278663,2750,0,42,0,0,0,NORMAL,0,3,1,6,128,366,0,732,0,0,0,0,0,0,0
282129,2,bully,3466,1,41,5807486,366,732,2196,4392,1,1,278663,3466,0,42,0,0,0,NORMAL,0,3,1,6,122,366,0,732,0,0,0,0,0,0,0
281741,10,bully,3078,1,41,5791578,366,366,2196,2196,1,1,278663,3078,0,42,0,0,0,NORMAL,0,3,1,6,122,366,0,366,0,0,0,0,0,0,0
281856,8,bully,3193,1,41,5796293,366,732,2196,4392,1,1,278663,3193,0,42,0,0,0,NORMAL,0,3,1,6,124,366,0,732,0,0,0,0,0,0,0
281571,3,bully,2908,1,41,5784608,366,732,2196,4392,1,1,278663,2908,0,42,0,0,0,NORMAL,0,3,1,6,122,366,0,732,0,0,0,0,0,0,0
281544,4,bully,2887,1,41,5783649,366,732,2196,4392,1,1,278657,2887,0,42,0,0,0,NORMAL,0,3,1,6,135,366,0,732,0,0,0,0,0,0,0
281992,5,bully,3329,1,41,5801869,366,734,2196,4404,1,1,278663,3329,0,42,0,0,0,NORMAL,0,3,1,6,122,366,0,734,0,0,0,0,0,0,0
282298,9,bully,3635,1,41,5814415,366,367,2196,2202,1,1,278663,3635,0,42,0,0,0,NORMAL,0,3,1,6,124,366,0,367,0,0,0,0,0,0,0
283738,6,bully,2772,1,41,5779032,369,736,2214,4416,1,1,280966,2772,0,42,0,0,0,NORMAL,0,3,1,9,123,369,0,736,0,0,0,0,0,0,0
283989,1,bully,3023,1,41,5789323,369,368,2214,2208,1,1,280966,3023,0,42,0,0,0,LEADER,1,4,1,10,41,369,0,368,0,0,0,0,0,0,0
283716,7,bully,2750,1,41,5778130,369,738,2214,4428,1,1,280966,2750,0,42,0,0,0,NORMAL,0,3,1,9,128,369,0,738,0,0,0,0,0,0,0
284432,2,bully,3466,1,41,5807486,369,738,2214,4428,1,1,280966,3466,0,42,0,0,0,NORMAL,0,3,1,9,122,369,0,738,0,0,0,0,0,0,0
284044,10,bully,3078,1,41,5791578,369,369,2214,2214,1,1,280966,3078,0,42,0,0,0,NORMAL,0,3,1,9,122,369,0,369,0,0,0,0,0,0,0
284159,8,bully,3193,1,41,5796293,369,738,2214,4428,1,1,280966,3193,0,42,0,0,0,NORMAL,0,3,1,9,124,369,0,738,0,0,0,0,0,0,0
283874,3,bully,2908,1,41,5784608,369,738,2214,4428,1,1,280966,2908,0,42,0,0,0,NORMAL,0,3,1,9,122,369,0,738,0,0,0,0,0,0,0
283847,4,bully,2887,1,41,5783649,369,738,2214,4428,1,1,280960,2887,0,42,0,0,0,NORMAL,0,3,1,9,135,369,0,738,0,0,0,0,0,0,0
284295,5,bully,3329,1,41,5801869,369,740,2214,4440,1,1,280966,3329,0,42,0,0,0,NORMAL,0,3,1,9,122,369,0,740,0,0,0,0,0,0,0
284601,9,bully,3635,1,41,5814415,369,370,2214,2220,1,1,280966,3635,0,42,0,0,0,NORMAL,0,3,1,9,124,369,0,370,0,0,0,0,0,0,0
286041,6,bully,2772,1,42,6065073,372,742,2232,4452,1,1,283269,2772,0,43,0,0,0,NORMAL,0,3,2,3,126,372,0,742,0,0,0,0,0,0,0
286292,1,bully,3023,1,42,6075615,372,371,2232,2226,1,1,283269,3023,0,43,0,0,0,LEADER,1,4,1,4,42,372,0,371,0,0,0,0,0,0,0
286019,7,bully,2750,1,42,6064149,372,744,2232,4464,1,1,283269,2750,0,43,0,0,0,NORMAL,0,3,2,3,131,372,0,744,0,0,0,0,0,0,0
286735,2,bully,3466,1,42,6094221,372,744,2232,4464,1,1,283269,3466,0,43,0,0,0,NORMAL,0,3,2,3,125,372,0,744,0,0,0,0,0,0,0
286347,10,bully,3078,1,42,6077925,372,372,2232,2232,1,1,283269,3078,0,43,0,0,0,NORMAL,0,3,2,3,125,372,0,372,0,0,0,0,0,0,0
286462,8,bully,3193,1,42,6082755,372,744,2232,4464,1,1,283269,3193,0,43,0,0,0,NORMAL,0,3,2,3,127,372,0,744,0,0,0,0,0,0,0
286177,3,bully,2908,1,42,6070785,372,744,2232,4464,1,1,283269,2908,0,43,0,0,0,NORMAL,0,3,2,3,125,372,0,744,0,0,0,0,0,0,0
286150,4,bully,2887,1,42,6069799,372,743,2232,4458,1,1,283263,2887,0,43,0,0,0,NORMAL,0,3,2,3,138,372,0,743,0,0,0,0,0,0,0
286598,5,bully,3329,1,42,6088467,372,746,2232,4476,1,1,283269,3329,0,43,0,0,0,NORMAL,0,3,2,3,125,372,0,746,0,0,0,0,0,0,0
286904,9,bully,3635,1,42,6101319,372,373,2232,2238,1,1,283269,3635,0,43,0,0,0,NORMAL,0,3,2,3,127,372,0,373,0,0,0,0,0,0,0
288344,6,bully,2772,1,42,6065073,375,748,2250,4488,1,1,285572,2772,0,43,0,0,0,NORMAL,0,3,1,6,126,375,0,748,0,0,0,0,0,0,0
288595,1,bully,3023,1,42,6075615,375,374,2250,2244,1,1,285572,3023,0,43,0,0,0,LEADER,1,4,1,7,42,375,0,374,0,0,0,0,0,0,0
288322,7,bully,2750,1,42,6064149,375,750,2250,4500,1,1,285572,2750,0,43,0,0,0,NORMAL,0,3,1,6,131,375,0,750,0,0,0,0,0,0,0
289038,2,bully,3466,1,42,6094221,375,750,2250,4500,1,1,285572,3466,0,43,0,0,0,NORMAL,0,3,1,6,125,375,0,750,0,0,0,0,0,0,0
288650,10,bully,3078,1,42,6077925,375,375,2250,2250,1,1,285572,3078,0,43,0,0,0,NORMAL,0,3,1,6,125,375,0,375,0,0,0,0,0,0,0
288765,8,bully,3193,1,42,6082755,375,750,2250,4500,1,1,285572,3193,0,43,0,0,0,NORMAL,0,3,1,6,127,375,0,750,0,0,0,0,0,0,0
288480,3,bully,2908,1,42,6070785,375,750,2250,4500,1,1,285572,2908,0,43,0,0,0,NORMAL,0,3,1,6,125,375,0,750,0,0,0,0,0,0,0
288453,4,bully,2887,1,42,6069799,375,749,2250,4494,1,1,285566,2887,0,43,0,0,0,NORMAL,0,3,1,6,138,375,0,749,0,0,0,0,0,0,0
288901,5,bully,3329,1,42,6088467,375,752,2250,4512,1,1,285572,3329,0,43,0,0,0,NORMAL,0,3,1,6,125,375,0,752,0,0,0,0,0,0,0
289207,9,bully,3635,1,42,6101319,375,376,2250,2256,1,1,285572,3635,0,43,0,0,0,NORMAL,0,3,1,6,127,375,0,376,0,0,0,0,0,0,0
290647,6,bully,2772,1,42,6065073,378,754,2268,4524,1,1,287875,2772,0,43,0,0,0,NORMAL,0,3,1,9,126,378,0,754,0,0,0,0,0,0,0
290898,1,bully,3023,1,42,6075615,378,377,2268,2262,1,1,287875,3023,0,43,0,0,0,LEADER,1,4,1,10,42,378,0,377,0,0,0,0,0,0,0
290625,7,bully,2750,1,42,6064149,378,756,2268,4536,1,1,287875,2750,0,43,0,0,0,NORMAL,0,3,1,9,131,378,0,756,0,0,0,0,0,0,0
291341,2,bully,3466,1,42,6094221,378,756,2268,4536,1,1,287875,3466,0,43,0,0,0,NORMAL,0,3,1,9,125,378,0,756,0,0,0,0,0,0,0
290953,10,bully,3078,1,42,6077925,378,378,2268,2268,1,1,287875,3078,0,43,0,0,0,NORMAL,0,3,1,9,125,378,0,378,0,0,0,0,0,0,0
291068,8,bully,3193,1,42,6082755,378,756,2268,4536,1,1,287875,3193,0,43,0,0,0,NORMAL,0,3,1,9,127,378,0,756,0,0,0,0,0,0,0
290783,3,bully,2908,1,42,6070785,378,756,2268,4536,1,1,287875,2908,0,43,0,0,0,NORMAL,0,3,1,9,125,378,0,756,0,0,0,0,0,0,0
290756,4,bully,2887,1,42,6069799,378,755,2268,4530,1,1,287869,2887,0,43,0,0,0,NORMAL,0,3,1,9,138,378,0,755,0,0,0,0,0,0,0
291204,5,bully,3329,1,42,6088467,378,758,2268,4548,1,1,287875,3329,0,43,0,0,0,NORMAL,0,3,1,9,125,378,0,758,0,0,0,0,0,0,0
291510,9,bully,3635,1,42,6101319,378,379,2268,2274,1,1,287875,3635,0,43,0,0,0,NORMAL,0,3,1,9,127,378,0,379,0,0,0,0,0,0,0
292950,6,bully,2772,1,43,6358023,381,760,2286,4560,1,1,290178,2772,0,44,0,0,0,NORMAL,0,3,2,3,129,381,0,760,0,0,0,0,0,0,0
293201,1,bully,3023,1,43,6368816,381,380,2286,2280,1,1,290178,3023,0,44,0,0,0,LEADER,1,4,1,4,43,381,0,380,0,0,0,0,0,0,0
292927,7,bully,2750,1,43,6357076,381,761,2286,4566,1,1,290177,2750,0,44,0,0,0,NORMAL,0,3,2,3,134,381,0,761,0,0,0,0,0,0,0
293644,2,bully,3466,1,43,6387865,381,762,2286,4572,1,1,290178,3466,0,44,0,0,0,NORMAL,0,3,2,3,128,381,0,762,0,0,0,0,0,0,0
293256,10,bully,3078,1,43,6371181,381,381,2286,2286,1,1,290178,3078,0,44,0,0,0,NORMAL,0,3,2,3,128,381,0,381,0,0,0,0,0,0,0
293371,8,bully,3193,1,43,6376126,381,762,2286,4572,1,1,290178,3193,0,44,0,0,0,NORMAL,0,3,2,3,130,381,0,762,0,0,0,0,0,0,0
293086,3,bully,2908,1,43,6363871,381,762,2286,4572,1,1,290178,2908,0,44,0,0,0,NORMAL,0,3,2,3,128,381,0,762,0,0,0,0,0,0,0
293059,4,bully,2887,1,43,6362858,381,761,2286,4566,1,1,290172,2887,0,44,0,0,0,NORMAL,0,3,2,3,142,381,0,761,0,0,0,0,0,0,0
293507,5,bully,3329,1,43,6381974,381,764,2286,4584,1,1,290178,3329,0,44,0,0,0,NORMAL,0,3,2,3,128,381,0,764,0,0,0,0,0,0,0
293813,9,bully,3635,1,43,6395132,381,382,2286,2292,1,1,290178,3635,0,44,0,0,0,NORMAL,0,3,2,3,130,381,0,382,0,0,0,0,0,0,0
295253,6,bully,2772,1,43,6358023,384,766,2304,4596,1,1,292481,2772,0,44,0,0,0,NORMAL,0,3,1,6,129,384,0,766,0,0,0,0,0,0,0
295504,1,bully,3023,1,43,6368816,384,383,2304,2298,1,1,292481,3023,0,44,0,0,0,LEADER,1,4,1,7,43,384,0,383,0,0,0,0,0,0,0
295230,7,bully,2750,1,43,6357076,384,767,2304,4602,1,1,292480,2750,0,44,0,0,0,NORMAL,0,3,1,6,134,384,0,767,0,0,0,0,0,0,0
295947,2,bully,3466,1,43,6387865,384,768,2304,4608,1,1,292481,3466,0,44,0,0,0,NORMAL,0,3,1,6,128,384,0,768,0,0,0,0,0,0,0
295559,10,bully,3078,1,43,6371181,384,384,2304,2304,1,1,292481,3078,0,44,0,0,0,NORMAL,0,3,1,6,128,384,0,384,0,0,0,0,0,0,0
295674,8,bully,3193,1,43,6376126,384,768,2304,4608,1,1,292481,3193,0,44,0,0,0,NORMAL,0,3,1,6,130,384,0,768,0,0,0,0,0,0,0
295389,3,bully,2908,1,43,6363871,384,768,2304,4608,1,1,292481,2908,0,44,0,0,0,NORMAL,0,3,1,6,128,384,0,768,0,0,0,0,0,0,0
295362,4,bully,2887,1,43,6362858,384,767,2304,4602,1,1,292475,2887,0,44,0,0,0,NORMAL,0,3,1,6,142,384,0,767,0,0,0,0,0,0,0
295810,5,bully,3329,1,43,6381974,384,770,2304,4620,1,1,292481,3329,0,44,0,0,0,NORMAL,0,3,1,6,128,384,0,770,0,0,0,0,0,0,0
296116,9,bully,3635,1,43,6395132,384,385,2304,2310,1,1,292481,3635,0,44,0,0,0,NORMAL,0,3,1,6,130,384,0,385,0,0,0,0,0,0,0
297556,6,bully,2772,1,43,6358023,387,772,2322,4632,1,1,294784,2772,0,44,0,0,0,NORMAL,0,3,1,9,129,387,0,772,0,0,0,0,0,0,0
297807,1,bully,3023,1,43,6368816,387,386,2322,2316,1,1,294784,3023,0,44,0,0,0,LEADER,1,4,1,10,43,387,0,386,0,0,0,0,0,0,0
297533,7,bully,2750,1,43,6357076,387,774,2322,4644,1,1,294783,2750,0,44,0,0,0,NORMAL,0,3,1,9,134,387,0,774,0,0,0,0,0,0,0
298250,2,bully,3466,1,43,6387865,387,774,2322,4644,1,1,294784,3466,0,44,0,0,0,NORMAL,0,3,1,9,128,387,0,774,0,0,0,0,0,0,0
297862,10,bully,3078,1,43,6371181,387,387,2322,2322,1,1,294784,3078,0,44,0,0,0,NORMAL,0,3,1,9,128,387,0,387,0,0,0,0,0,0,0
297977,8,bully,3193,1,43,6376126,387,774,2322,4644,1,1,294784,3193,0,44,0,0,0,NORMAL,0,3,1,9,130,387,0,774,0,0,0,0,0,0,0
297692,3,bully,2908,1,43,6363871,387,774,2322,4644,1,1,294784,2908,0,44,0,0,0,NORMAL,0,3,1,9,128,387,0,774,0,0,0,0,0,0,0
297665,4,bully,2887,1,43,6362858,387,773,2322,4638,1,1,294778,2887,0,44,0,0,0,NORMAL,0,3,1,9,142,387,0,773,0,0,0,0,0,0,0
298113,5,bully,3329,1,43,6381974,387,776,2322,4656,1,1,294784,3329,0,44,0,0,0,NORMAL,0,3,1,9,128,387,0,776,0,0,0,0,0,0,0
298419,9,bully,3635,1,43,6395132,387,388,2322,2328,1,1,294784,3635,0,44,0,0,0,NORMAL,0,3,1,9,130,387,0,388,0,0,0,0,0,0,0
