timestamp,node_id,algorithm,first_convergence_time_ms,elections_started,elections_completed,total_election_time_ms,messages_sent,messages_received,bytes_sent,bytes_received,leader_changes,current_leader,time_in_normal_ms,time_in_election_ms,time_in_waiting_ms,state_transitions,timeouts_detected,heartbeats_sent,heartbeats_received,current_state,am_leader,elections_won,elections_lost,msg_election_sent,msg_answer_sent,msg_coordinator_sent,msg_alive_sent,msg_election_recv,msg_answer_recv,msg_coordinator_recv,msg_alive_recv,duplicates_filtered,invalid_coordinators,coordinator_reannouncements,alive_adoptions
10084,98,bully,8601,1,1,4517,5,9,70,126,1,100,1483,4517,0,5,2,0,0,NORMAL,0,1,6,6,4,0,3,4,1,4,10,0,0,0,0
10113,13,bully,6073,0,0,0,7,12,98,168,1,100,4040,4677,0,5,1,2,2,NORMAL,0,0,7,6,4,4,3,5,4,7,10,0,0,0,0
10165,86,bully,8907,1,1,4742,6,10,84,140,1,100,1258,4742,0,5,2,1,1,NORMAL,0,1,7,6,4,2,3,4,2,5,10,0,0,0,0
10128,2,bully,5503,0,0,0,8,14,112,196,1,100,4625,4690,0,6,1,2,2,NORMAL,0,0,8,6,6,4,3,6,5,8,12,0,0,0,0
10015,4,bully,5385,0,0,0,8,14,112,196,1,100,4630,4653,0,6,1,2,2,NORMAL,0,0,8,6,6,4,3,6,5,8,12,0,0,0,0
10195,22,bully,6345,0,0,0,7,12,98,168,1,100,3850,4762,0,5,1,2,2,NORMAL,0,0,7,6,4,4,3,5,4,7,10,0,0,0,0
10355,38,bully,7025,0,0,0,6,11,84,154,1,100,3330,4636,0,5,1,1,1,NORMAL,0,0,6,6,4,2,3,5,3,6,10,0,0,0,0
10316,51,bully,7554,0,0,0,5,9,70,126,1,100,2762,4597,0,4,1,1,1,NORMAL,0,0,5,6,2,2,3,4,2,5,8,0,0,0,0
10017,78,bully,8490,0,0,0,5,9,70,126,1,100,1527,4700,0,4,2,1,1,NORMAL,0,0,5,6,2,2,3,4,2,5,8,0,0,0,0
10534,36,bully,6992,0,0,0,6,11,84,154,1,100,3542,4672,0,5,1,1,1,NORMAL,0,0,6,6,4,2,3,5,3,6,10,0,0,0,0
10711,74,bully,8917,0,0,0,5,9,70,126,1,100,1794,4650,0,4,2,1,1,NORMAL,0,0,5,6,2,2,3,4,2,5,8,0,0,0,0
10549,3,bully,5375,0,0,0,8,14,112,196,1,100,5174,4689,0,6,1,2,2,NORMAL,0,0,8,6,6,4,3,6,5,8,12,0,0,0,0
10032,46,bully,6870,0,0,0,6,11,84,154,1,100,3162,4613,0,5,1,1,1,NORMAL,0,0,6,6,4,2,3,5,3,6,10,0,0,0,0
10029,89,bully,8313,0,0,0,6,11,84,154,1,100,1716,4832,0,5,2,1,1,NORMAL,0,0,6,6,4,2,3,5,3,6,10,0,0,0,0
10726,42,bully,7368,0,0,0,6,11,84,154,1,100,3358,4667,0,5,1,1,1,NORMAL,0,0,6,6,4,2,3,5,3,6,10,0,0,0,0
10331,95,bully,8874,0,0,0,6,11,84,154,1,100,1457,4778,0,5,2,1,1,NORMAL,0,0,6,6,4,2,3,5,3,6,10,0,0,0,0
10506,100,bully,5174,1,1,4669,8,13,112,182,1,100,5332,4669,0,6,1,2,1,LEADER,1,4,8,6,6,4,3,6,4,7,12,0,0,0,0
10250,31,bully,6305,0,0,0,7,12,98,168,1,100,3945,4695,0,5,1,2,2,NORMAL,0,0,7,6,4,4,3,5,4,7,10,0,0,0,0
10574,59,bully,7869,0,0,0,5,9,70,126,1,100,2705,4594,0,4,1,1,1,NORMAL,0,0,5,6,2,2,3,4,2,5,8,0,0,0,0
10877,7,bully,5725,0,0,0,8,14,112,196,1,100,5152,4694,0,6,1,2,2,NORMAL,0,0,8,6,6,4,3,6,5,8,12,0,0,0,0
10047,14,bully,5201,0,0,0,8,14,112,196,1,100,4846,4658,0,6,1,2,2,NORMAL,0,0,8,6,6,4,3,6,5,8,12,0,0,0,0
10862,39,bully,7245,0,0,0,6,11,84,154,1,100,3617,4664,0,5,1,1,1,NORMAL,0,0,6,6,4,2,3,5,3,6,10,0,0,0,0
10044,57,bully,7219,0,0,0,5,9,70,126,1,100,2825,4593,0,4,1,1,1,NORMAL,0,0,5,6,2,2,3,4,2,5,8,0,0,0,0
10235,63,bully,7725,0,0,0,5,9,70,126,1,100,2510,4654,0,4,1,1,1,NORMAL,0,0,5,6,2,2,3,4,2,5,8,0,0,0,0
10777,20,bully,6262,0,0,0,8,14,112,196,1,100,4515,4704,0,6,1,2,2,NORMAL,0,0,8,6,6,4,3,6,5,8,12,0,0,0,0
10438,80,bully,8730,0,0,0,5,9,70,126,1,100,1708,4683,0,4,2,1,1,NORMAL,0,0,5,6,2,2,3,4,2,5,8,0,0,0,0
10453,48,bully,7204,0,0,0,6,11,84,154,1,100,3249,4640,0,5,1,1,1,NORMAL,0,0,6,6,4,2,3,5,3,6,10,0,0,0,0
10641,97,bully,9134,0,0,0,6,11,84,154,1,100,1507,4814,0,5,2,1,1,NORMAL,0,0,6,6,4,2,3,5,3,6,10,0,0,0,0
10807,66,bully,8394,0,0,0,5,9,70,126,1,100,2413,4675,0,4,1,1,1,NORMAL,0,0,5,6,2,2,3,4,2,5,8,0,0,0,0
10792,62,bully,8155,0,0,0,5,9,70,126,1,100,2637,4650,0,4,1,1,1,NORMAL,0,0,5,6,2,2,3,4,2,5,8,0,0,0,0
10874,50,bully,7663,0,0,0,6,11,84,154,1,100,3211,4633,0,5,1,1,1,NORMAL,0,0,6,6,4,2,3,5,3,6,10,0,0,0,0
10356,92,bully,8534,0,0,0,6,11,84,154,1,100,1822,4836,0,5,2,1,1,NORMAL,0,0,6,6,4,2,3,5,3,6,10,0,0,0,0
11018,55,bully,7968,0,0,0,6,10,84,140,1,100,3050,4597,0,5,1,1,1,NORMAL,0,0,6,6,4,2,3,5,3,6,8,0,0,0,0
10371,60,bully,7582,0,0,0,5,9,70,126,1,100,2789,4616,0,4,1,1,1,NORMAL,0,0,5,6,2,2,3,4,2,5,8,0,0,0,0
10671,33,bully,6605,0,0,0,6,11,84,154,1,100,4066,4674,0,5,1,1,1,NORMAL,0,0,6,6,4,2,3,5,3,6,10,1,0,0,0
10523,25,bully,6115,0,0,0,8,14,112,196,1,100,4408,4756,0,6,1,2,2,NORMAL,0,0,8,6,6,4,3,6,5,8,12,0,0,0,0
10180,54,bully,7039,0,0,0,6,11,84,154,1,100,3141,4602,0,5,1,1,1,NORMAL,0,0,6,6,4,2,3,5,3,6,10,0,0,0,0
10589,45,bully,7030,0,0,0,6,11,84,154,1,100,3559,4662,0,5,1,1,1,NORMAL,0,0,6,6,4,2,3,5,3,6,10,0,0,0,0
10995,79,bully,9041,0,0,0,5,9,70,126,1,100,1954,4709,0,4,2,1,1,NORMAL,0,0,5,6,2,2,3,4,2,5,8,0,0,0,0
10383,71,bully,8021,0,0,0,5,9,70,126,1,100,2362,4641,0,4,1,1,1,NORMAL,0,0,5,6,2,2,3,4,2,5,8,0,0,0,0
10468,16,bully,5502,0,0,0,8,14,112,196,1,100,4966,4694,0,6,1,2,2,NORMAL,0,0,8,6,6,4,3,6,5,8,12,0,0,0,0
11005,30,bully,6716,0,0,0,8,14,112,196,1,100,4289,4701,0,6,1,2,2,NORMAL,0,0,8,6,6,4,3,6,5,8,12,0,0,0,0
10656,65,bully,7956,0,0,0,5,9,70,126,1,100,2700,4656,0,4,1,1,1,NORMAL,0,0,5,6,2,2,3,4,2,5,8,0,0,0,0
10914,91,bully,8867,0,0,0,6,11,84,154,1,100,2047,4832,0,5,1,1,1,NORMAL,0,0,6,6,4,2,3,5,3,6,10,0,0,0,0
11268,73,bully,8929,0,0,0,5,9,70,126,1,100,2339,4680,0,4,1,1,1,NORMAL,0,0,5,6,2,2,3,4,2,5,8,0,0,0,0
11080,24,bully,6447,0,0,0,8,14,112,196,1,100,4633,4768,0,6,1,2,2,NORMAL,0,0,8,6,6,4,3,6,5,8,12,0,0,0,0
10813,19,bully,5884,0,0,0,8,14,112,196,1,100,4929,4656,0,6,1,2,2,NORMAL,0,0,8,6,6,4,3,6,5,8,12,0,0,0,0
10686,1,bully,4915,0,0,0,8,14,112,196,1,100,5771,4695,0,6,1,2,2,NORMAL,0,0,8,6,6,4,3,6,5,8,12,0,0,0,0
11298,9,bully,5897,0,0,0,8,14,112,196,1,100,5401,4729,0,6,1,2,2,NORMAL,0,0,8,6,6,4,3,6,5,8,12,0,0,0,0
10889,18,bully,5881,0,0,0,8,14,112,196,1,100,5008,4675,0,6,1,2,2,NORMAL,0,0,8,6,6,4,3,6,5,8,12,0,0,0,0
10884,12,bully,5505,0,0,0,8,14,112,196,1,100,5379,4639,0,6,1,2,2,NORMAL,0,0,8,6,6,4,3,6,5,8,12,0,0,0,0
10520,68,bully,7822,0,0,0,5,9,70,126,1,100,2698,4658,0,4,1,1,1,NORMAL,0,0,5,6,2,2,3,4,2,5,8,0,0,0,0
10741,10,bully,5321,0,0,0,8,14,112,196,1,100,5420,4722,0,6,1,2,2,NORMAL,0,0,8,6,6,4,3,6,5,8,12,0,0,0,0
11413,34,bully,7061,0,0,0,8,15,112,210,1,100,4352,4667,0,7,1,1,1,NORMAL,0,0,8,6,8,2,3,7,5,8,14,0,0,0,0
11010,47,bully,7247,0,0,0,7,13,98,182,1,100,3763,4596,0,6,1,1,1,NORMAL,0,0,7,6,6,2,3,6,4,7,12,0,0,0,0
11501,26,bully,6703,0,0,0,8,14,112,196,1,100,4798,4729,0,6,1,2,2,NORMAL,0,0,8,6,6,4,3,6,5,8,12,0,0,0,0
10814,53,bully,7161,0,0,0,7,13,98,182,1,100,3653,4610,0,6,1,1,1,NORMAL,0,0,7,6,6,2,3,6,4,7,12,0,0,0,0
11065,56,bully,7568,0,0,0,6,11,84,154,1,100,3497,4606,0,5,1,1,1,NORMAL,0,0,6,6,4,2,3,5,3,6,10,0,0,0,0
11365,29,bully,6618,0,0,0,8,14,112,196,1,100,4747,4695,0,6,1,2,2,NORMAL,0,0,8,6,6,4,3,6,5,8,12,0,0,0,0
11471,90,bully,8993,0,0,0,6,11,84,154,1,100,2478,4835,0,5,1,1,1,NORMAL,0,0,6,6,4,2,3,5,3,6,10,0,0,0,0
11260,77,bully,8753,0,0,0,5,9,70,126,1,100,2507,4699,0,4,1,1,1,NORMAL,0,0,5,6,2,2,3,4,2,5,8,0,0,0,0
11217,21,bully,6096,0,0,0,8,14,112,196,1,100,5121,4704,0,6,1,2,2,NORMAL,0,0,8,6,6,4,3,6,5,8,12,0,0,0,0
11050,88,bully,8433,0,0,0,6,11,84,154,1,100,2617,4784,0,5,1,1,1,NORMAL,0,0,6,6,4,2,3,5,3,6,10,0,0,0,0
11025,15,bully,5508,0,0,0,8,14,112,196,1,100,5517,4665,0,6,1,2,2,NORMAL,0,0,8,6,6,4,3,6,5,8,12,0,0,0,0
11623,76,bully,8979,0,0,0,5,9,70,126,1,100,2644,4692,0,4,1,1,1,NORMAL,0,0,5,6,2,2,3,4,2,5,8,0,0,0,0
10859,82,bully,8440,0,0,0,5,9,70,126,1,100,2419,4730,0,4,1,1,1,NORMAL,0,0,5,6,2,2,3,4,2,5,8,0,0,0,0
11187,85,bully,8868,0,0,0,5,9,70,126,1,100,2319,4737,0,4,1,1,1,NORMAL,0,0,5,6,2,2,3,4,2,5,8,0,0,0,0
11880,81,bully,9351,0,0,0,5,9,70,126,1,100,2529,4691,0,4,1,1,1,NORMAL,0,0,5,6,2,2,3,4,2,5,8,0,0,0,0
11147,44,bully,6804,0,0,0,8,15,112,210,1,100,4343,4651,0,7,1,1,1,NORMAL,0,0,8,6,8,2,3,7,5,8,14,0,0,0,0
10944,27,bully,5851,0,0,0,8,14,112,196,1,100,5093,4741,0,6,1,2,2,NORMAL,0,0,8,6,6,4,3,6,5,8,12,0,0,0,0
10935,64,bully,7513,0,0,0,6,11,84,154,1,100,3422,4632,0,5,1,1,1,NORMAL,0,0,6,6,4,2,3,5,3,6,10,0,0,0,0
11435,6,bully,5219,0,0,0,9,15,126,210,1,100,6216,4686,0,6,0,3,3,NORMAL,0,0,9,6,6,6,3,6,6,9,12,0,0,0,0
11283,41,bully,6724,0,0,0,8,15,112,210,1,100,4559,4659,0,7,1,1,1,NORMAL,0,0,8,6,8,2,3,7,5,8,14,0,0,0,0
11202,28,bully,6060,0,0,0,8,14,112,196,1,100,5142,4760,0,6,1,2,2,NORMAL,0,0,8,6,6,4,3,6,5,8,12,0,0,0,0
11689,75,bully,8651,0,0,0,6,11,84,154,1,100,3038,4659,0,5,1,1,1,NORMAL,0,0,6,6,4,2,3,5,3,6,10,0,0,0,0
11350,61,bully,7649,0,0,0,7,13,98,182,1,100,3701,4614,0,6,1,1,1,NORMAL,0,0,7,6,6,2,3,6,4,7,12,0,0,0,0
11183,37,bully,6337,0,0,0,8,15,112,210,1,100,4846,4658,0,7,1,1,1,NORMAL,0,0,8,6,8,2,3,7,5,8,14,0,0,0,0
11238,17,bully,5433,0,0,0,9,15,126,210,1,100,5805,4699,0,6,1,3,3,NORMAL,0,0,9,6,6,6,3,6,6,9,12,0,0,0,0
11405,70,bully,8054,0,0,0,6,11,84,154,1,100,3351,4639,0,5,1,1,1,NORMAL,0,0,6,6,4,2,3,5,3,6,10,0,0,0,0
11895,49,bully,7546,0,0,0,8,15,112,210,1,100,4349,4631,0,7,1,1,1,NORMAL,0,0,8,6,8,2,3,7,5,8,14,0,0,0,0
11993,94,bully,9129,0,0,0,6,11,84,154,1,100,2864,4804,0,5,1,1,1,NORMAL,0,0,6,6,4,2,3,5,3,6,10,0,0,0,0
11213,96,bully,8455,0,0,0,6,11,84,154,1,100,2758,4801,0,5,1,1,1,NORMAL,0,0,6,6,4,2,3,5,3,6,10,0,0,0,0
11744,84,bully,9040,0,0,0,5,9,70,126,1,100,2704,4758,0,4,1,1,1,NORMAL,0,0,5,6,2,2,3,4,2,5,8,0,0,0,0
11856,8,bully,5478,0,0,0,9,15,126,210,1,100,6378,4713,0,6,0,3,3,NORMAL,0,0,9,6,6,6,3,6,6,9,12,0,0,0,0
11759,52,bully,7415,0,0,0,8,15,112,210,1,100,4344,4601,0,7,1,1,1,NORMAL,0,0,8,6,8,2,3,7,5,8,14,0,0,0,0
11638,23,bully,6006,0,0,0,9,15,126,210,1,100,5632,4757,0,6,1,3,3,NORMAL,0,0,9,6,6,6,3,6,6,9,12,0,0,0,0
11486,58,bully,7387,0,0,0,7,13,98,182,1,100,4099,4600,0,6,1,1,1,NORMAL,0,0,7,6,6,2,3,6,4,7,12,0,0,0,0
11335,93,bully,8312,0,0,0,6,11,84,154,1,100,3023,4804,0,5,1,1,1,NORMAL,0,0,6,6,4,2,3,5,3,6,10,0,0,0,0
11692,32,bully,6364,0,0,0,9,15,126,210,1,100,5328,4680,0,6,1,3,3,NORMAL,0,0,9,6,6,6,3,6,6,9,12,0,0,0,0
11526,99,bully,7866,0,0,0,7,13,98,182,1,100,3660,4568,0,6,1,1,1,NORMAL,0,0,7,6,6,2,3,6,4,7,12,0,0,0,0
11498,72,bully,8030,0,0,0,6,11,84,154,1,100,3468,4668,0,5,1,1,1,NORMAL,0,0,6,6,4,2,3,5,3,6,10,0,0,0,0
11556,35,bully,6309,0,0,0,9,16,126,224,1,100,5247,4664,0,7,1,2,2,NORMAL,0,0,9,6,8,4,3,7,6,9,14,0,0,0,0
11719,11,bully,5307,0,0,0,9,15,126,210,1,100,6412,4685,0,6,0,3,3,NORMAL,0,0,9,6,6,6,3,6,6,9,12,0,0,0,0
11541,67,bully,7792,0,0,0,7,13,98,182,1,100,3749,4689,0,6,1,1,1,NORMAL,0,0,7,6,6,2,3,6,4,7,12,0,0,0,0
11608,87,bully,8067,0,0,0,7,12,98,168,1,100,3541,4791,0,6,1,1,1,NORMAL,0,0,7,6,6,2,3,6,4,7,10,0,0,0,0
11707,43,bully,6630,0,0,0,9,16,126,224,1,100,5077,4634,0,7,1,2,2,NORMAL,0,0,9,6,8,4,3,7,6,9,14,0,0,0,0
11992,5,bully,5042,0,0,0,9,15,126,210,1,100,6950,4685,0,6,0,3,3,NORMAL,0,0,9,6,6,6,3,6,6,9,12,0,0,0,0
11841,40,bully,6571,0,0,0,9,16,126,224,1,100,5270,4621,0,7,1,2,2,NORMAL,0,0,9,6,8,4,3,7,6,9,14,0,0,0,0
11962,69,bully,7947,0,0,0,7,13,98,182,1,100,4015,4671,0,6,1,1,1,NORMAL,0,0,7,6,6,2,3,6,4,7,12,0,0,0,0
11977,83,bully,8572,0,0,0,6,11,84,154,1,100,3405,4739,0,5,1,1,1,NORMAL,0,0,6,6,4,2,3,5,3,6,10,0,0,0,0
20084,98,bully,8601,1,1,4517,11,18,154,252,1,100,11483,4517,0,6,2,5,5,NORMAL,0,3,12,6,6,10,3,7,9,12,12,0,0,0,0
20113,13,bully,6073,0,0,0,13,19,182,266,1,100,14040,4677,0,6,1,7,7,NORMAL,0,0,13,6,6,14,3,6,10,13,12,0,0,0,0
20165,86,bully,8907,1,1,4742,12,19,168,266,1,100,11258,4742,0,7,2,5,5,NORMAL,0,2,13,6,8,10,3,7,9,12,14,0,0,0,0
20128,2,bully,5503,0,0,0,13,19,182,266,1,100,14625,4690,0,6,1,7,7,NORMAL,0,0,13,6,6,14,3,6,10,13,12,0,0,0,0
20015,4,bully,5385,0,0,0,13,19,182,266,1,100,14630,4653,0,6,1,7,7,NORMAL,0,0,13,6,6,14,3,6,10,13,12,0,0,0,0
20195,22,bully,6345,0,0,0,13,19,182,266,1,100,13850,4762,0,6,1,7,7,NORMAL,0,0,13,6,6,14,3,6,10,13,12,0,0,0,0
20355,38,bully,7025,0,0,0,13,20,182,280,1,100,13330,4636,0,7,1,6,6,NORMAL,0,0,13,6,8,12,3,7,10,13,14,0,0,0,0
20316,51,bully,7554,0,0,0,12,19,168,266,1,100,12762,4597,0,7,1,5,5,NORMAL,0,0,12,6,8,10,3,7,9,12,14,0,0,0,0
20017,78,bully,8490,0,0,0,12,19,168,266,1,100,11527,4700,0,7,2,5,5,NORMAL,0,0,12,6,8,10,3,7,9,12,14,0,0,0,0
20534,36,bully,6992,0,0,0,13,20,182,280,1,100,13542,4672,0,7,1,6,6,NORMAL,0,0,13,6,8,12,3,7,10,13,14,0,0,0,0
20711,74,bully,8917,0,0,0,12,19,168,266,1,100,11794,4650,0,7,2,5,5,NORMAL,0,0,12,6,8,10,3,7,9,12,14,0,0,0,0
20549,3,bully,5375,0,0,0,13,19,182,266,1,100,15174,4689,0,6,1,7,7,NORMAL,0,0,13,6,6,14,3,6,10,13,12,0,0,0,0
20032,46,bully,6870,0,0,0,13,20,182,280,1,100,13162,4613,0,7,1,6,6,NORMAL,0,0,13,6,8,12,3,7,10,13,14,0,0,0,0
20029,89,bully,8313,0,0,0,12,19,168,266,1,100,11716,4832,0,7,2,5,5,NORMAL,0,0,12,6,8,10,3,7,9,12,14,0,0,0,0
20726,42,bully,7368,0,0,0,13,20,182,280,1,100,13358,4667,0,7,1,6,6,NORMAL,0,0,13,6,8,12,3,7,10,13,14,0,0,0,0
20331,95,bully,8874,0,0,0,12,19,168,266,1,100,11457,4778,0,7,2,5,5,NORMAL,0,0,12,6,8,10,3,7,9,12,14,0,0,0,0
20506,100,bully,5174,1,1,4669,13,17,182,238,1,100,15332,4669,0,6,1,7,5,LEADER,1,8,13,6,6,14,3,6,8,11,12,0,0,0,0
20250,31,bully,6305,0,0,0,13,19,182,266,1,100,13945,4695,0,6,1,7,7,NORMAL,0,0,13,6,6,14,3,6,10,13,12,0,0,0,0
20574,59,bully,7869,0,0,0,12,19,168,266,1,100,12705,4594,0,7,1,5,5,NORMAL,0,0,12,6,8,10,3,7,9,12,14,0,0,0,0
20877,7,bully,5725,0,0,0,13,19,182,266,1,100,15152,4694,0,6,1,7,7,NORMAL,0,0,13,6,6,14,3,6,10,13,12,0,0,0,0
20047,14,bully,5201,0,0,0,13,19,182,266,1,100,14846,4658,0,6,1,7,7,NORMAL,0,0,13,6,6,14,3,6,10,13,12,0,0,0,0
20862,39,bully,7245,0,0,0,13,20,182,280,1,100,13617,4664,0,7,1,6,6,NORMAL,0,0,13,6,8,12,3,7,10,13,14,0,0,0,0
20044,57,bully,7219,0,0,0,13,20,182,280,1,100,12825,4593,0,7,1,6,6,NORMAL,0,0,13,6,8,12,3,7,10,13,14,0,0,0,0
20235,63,bully,7725,0,0,0,12,19,168,266,1,100,12510,4654,0,7,1,5,5,NORMAL,0,0,12,6,8,10,3,7,9,12,14,0,0,0,0
20777,20,bully,6262,0,0,0,13,19,182,266,1,100,14515,4704,0,6,1,7,7,NORMAL,0,0,13,6,6,14,3,6,10,13,12,0,0,0,0
20438,80,bully,8730,0,0,0,12,19,168,266,1,100,11708,4683,0,7,2,5,5,NORMAL,0,0,12,6,8,10,3,7,9,12,14,0,0,0,0
20453,48,bully,7204,0,0,0,13,20,182,280,1,100,13249,4640,0,7,1,6,6,NORMAL,0,0,13,6,8,12,3,7,10,13,14,0,0,0,0
20641,97,bully,9134,0,0,0,12,19,168,266,1,100,11507,4814,0,7,2,5,5,NORMAL,0,0,12,6,8,10,3,7,9,12,14,0,0,0,0
20807,66,bully,8394,0,0,0,12,19,168,266,1,100,12413,4675,0,7,1,5,5,NORMAL,0,0,12,6,8,10,3,7,9,12,14,0,0,0,0
20792,62,bully,8155,0,0,0,13,20,182,280,1,100,12637,4650,0,7,1,6,6,NORMAL,0,0,13,6,8,12,3,7,10,13,14,0,0,0,0
20874,50,bully,7663,0,0,0,13,20,182,280,1,100,13211,4633,0,7,1,6,6,NORMAL,0,0,13,6,8,12,3,7,10,13,14,0,0,0,0
20356,92,bully,8534,0,0,0,12,19,168,266,1,100,11822,4836,0,7,2,5,5,NORMAL,0,0,12,6,8,10,3,7,9,12,14,0,0,0,0
21018,55,bully,7968,0,0,0,13,20,182,280,1,100,13050,4597,0,7,1,6,6,NORMAL,0,0,13,6,8,12,3,7,10,13,14,0,0,0,0
20371,60,bully,7582,0,0,0,13,20,182,280,1,100,12789,4616,0,7,1,6,6,NORMAL,0,0,13,6,8,12,3,7,10,13,14,0,0,0,0
20671,33,bully,6605,0,0,0,12,18,168,252,1,100,14066,4674,0,6,1,6,6,NORMAL,0,0,12,6,6,12,3,6,9,12,12,1,0,0,0
20523,25,bully,6115,0,0,0,13,19,182,266,1,100,14408,4756,0,6,1,7,7,NORMAL,0,0,13,6,6,14,3,6,10,13,12,0,0,0,0
20180,54,bully,7039,0,0,0,13,20,182,280,1,100,13141,4602,0,7,1,6,6,NORMAL,0,0,13,6,8,12,3,7,10,13,14,0,0,0,0
20589,45,bully,7030,0,0,0,13,20,182,280,1,100,13559,4662,0,7,1,6,6,NORMAL,0,0,13,6,8,12,3,7,10,13,14,0,0,0,0
20995,79,bully,9041,0,0,0,12,19,168,266,1,100,11954,4709,0,7,2,5,5,NORMAL,0,0,12,6,8,10,3,7,9,12,14,0,0,0,0
20383,71,bully,8021,0,0,0,12,19,168,266,1,100,12362,4641,0,7,1,5,5,NORMAL,0,0,12,6,8,10,3,7,9,12,14,0,0,0,0
20468,16,bully,5502,0,0,0,13,19,182,266,1,100,14966,4694,0,6,1,7,7,NORMAL,0,0,13,6,6,14,3,6,10,13,12,0,0,0,0
21005,30,bully,6716,0,0,0,13,19,182,266,1,100,14289,4701,0,6,1,7,7,NORMAL,0,0,13,6,6,14,3,6,10,13,12,0,0,0,0
20656,65,bully,7956,0,0,0,13,20,182,280,1,100,12700,4656,0,7,1,6,6,NORMAL,0,0,13,6,8,12,3,7,10,13,14,0,0,0,0
20914,91,bully,8867,0,0,0,12,19,168,266,1,100,12047,4832,0,7,1,5,5,NORMAL,0,0,12,6,8,10,3,7,9,12,14,0,0,0,0
21268,73,bully,8929,0,0,0,13,20,182,280,1,100,12339,4680,0,7,1,6,6,NORMAL,0,0,13,6,8,12,3,7,10,13,14,0,0,0,0
21080,24,bully,6447,0,0,0,13,19,182,266,1,100,14633,4768,0,6,1,7,7,NORMAL,0,0,13,6,6,14,3,6,10,13,12,0,0,0,0
20813,19,bully,5884,0,0,0,13,19,182,266,1,100,14929,4656,0,6,1,7,7,NORMAL,0,0,13,6,6,14,3,6,10,13,12,0,0,0,0
20686,1,bully,4915,0,0,0,13,19,182,266,1,100,15771,4695,0,6,1,7,7,NORMAL,0,0,13,6,6,14,3,6,10,13,12,0,0,0,0
21298,9,bully,5897,0,0,0,13,19,182,266,1,100,15401,4729,0,6,1,7,7,NORMAL,0,0,13,6,6,14,3,6,10,13,12,0,0,0,0
20889,18,bully,5881,0,0,0,13,19,182,266,1,100,15008,4675,0,6,1,7,7,NORMAL,0,0,13,6,6,14,3,6,10,13,12,0,0,0,0
20884,12,bully,5505,0,0,0,13,19,182,266,1,100,15379,4639,0,6,1,7,7,NORMAL,0,0,13,6,6,14,3,6,10,13,12,0,0,0,0
20520,68,bully,7822,0,0,0,13,20,182,280,1,100,12698,4658,0,7,1,6,6,NORMAL,0,0,13,6,8,12,3,7,10,13,14,0,0,0,0
20741,10,bully,5321,0,0,0,13,19,182,266,1,100,15420,4722,0,6,1,7,7,NORMAL,0,0,13,6,6,14,3,6,10,13,12,0,0,0,0
21413,34,bully,7061,0,0,0,13,20,182,280,1,100,14352,4667,0,7,1,6,6,NORMAL,0,0,13,6,8,12,3,7,10,13,14,0,0,0,0
21010,47,bully,7247,0,0,0,13,20,182,280,1,100,13763,4596,0,7,1,6,6,NORMAL,0,0,13,6,8,12,3,7,10,13,14,0,0,0,0
21501,26,bully,6703,0,0,0,13,19,182,266,1,100,14798,4729,0,6,1,7,7,NORMAL,0,0,13,6,6,14,3,6,10,13,12,0,0,0,0
20814,53,bully,7161,0,0,0,13,20,182,280,1,100,13653,4610,0,7,1,6,6,NORMAL,0,0,13,6,8,12,3,7,10,13,14,0,0,0,0
21065,56,bully,7568,0,0,0,13,20,182,280,1,100,13497,4606,0,7,1,6,6,NORMAL,0,0,13,6,8,12,3,7,10,13,14,0,0,0,0
21365,29,bully,6618,0,0,0,13,19,182,266,1,100,14747,4695,0,6,1,7,7,NORMAL,0,0,13,6,6,14,3,6,10,13,12,0,0,0,0
21471,90,bully,8993,0,0,0,12,19,168,266,1,100,12478,4835,0,7,1,5,5,NORMAL,0,0,12,6,8,10,3,7,9,12,14,0,0,0,0
21260,77,bully,8753,0,0,0,13,20,182,280,1,100,12507,4699,0,7,1,6,6,NORMAL,0,0,13,6,8,12,3,7,10,13,14,0,0,0,0
21217,21,bully,6096,0,0,0,13,19,182,266,1,100,15121,4704,0,6,1,7,7,NORMAL,0,0,13,6,6,14,3,6,10,13,12,0,0,0,0
21050,88,bully,8433,0,0,0,13,20,182,280,1,100,12617,4784,0,7,1,6,6,NORMAL,0,0,13,6,8,12,3,7,10,13,14,0,0,0,0
21025,15,bully,5508,0,0,0,13,19,182,266,1,100,15517,4665,0,6,1,7,7,NORMAL,0,0,13,6,6,14,3,6,10,13,12,0,0,0,0
21623,76,bully,8979,0,0,0,13,20,182,280,1,100,12644,4692,0,7,1,6,6,NORMAL,0,0,13,6,8,12,3,7,10,13,14,0,0,0,0
20859,82,bully,8440,0,0,0,13,20,182,280,1,100,12419,4730,0,7,1,6,6,NORMAL,0,0,13,6,8,12,3,7,10,13,14,0,0,0,0
21187,85,bully,8868,0,0,0,13,20,182,280,1,100,12319,4737,0,7,1,6,6,NORMAL,0,0,13,6,8,12,3,7,10,13,14,0,0,0,0
21880,81,bully,9351,0,0,0,13,20,182,280,1,100,12529,4691,0,7,1,6,6,NORMAL,0,0,13,6,8,12,3,7,10,13,14,0,0,0,0
21147,44,bully,6804,0,0,0,13,20,182,280,1,100,14343,4651,0,7,1,6,6,NORMAL,0,0,13,6,8,12,3,7,10,13,14,0,0,0,0
20944,27,bully,5851,0,0,0,13,19,182,266,1,100,15093,4741,0,6,1,7,7,NORMAL,0,0,13,6,6,14,3,6,10,13,12,0,0,0,0
20935,64,bully,7513,0,0,0,13,20,182,280,1,100,13422,4632,0,7,1,6,6,NORMAL,0,0,13,6,8,12,3,7,10,13,14,0,0,0,0
21435,6,bully,5219,0,0,0,14,20,196,280,1,100,16216,4686,0,6,0,8,8,NORMAL,0,0,14,6,6,16,3,6,11,14,12,0,0,0,0
21283,41,bully,6724,0,0,0,13,20,182,280,1,100,14559,4659,0,7,1,6,6,NORMAL,0,0,13,6,8,12,3,7,10,13,14,0,0,0,0
21202,28,bully,6060,0,0,0,13,19,182,266,1,100,15142,4760,0,6,1,7,7,NORMAL,0,0,13,6,6,14,3,6,10,13,12,0,0,0,0
21689,75,bully,8651,0,0,0,13,20,182,280,1,100,13038,4659,0,7,1,6,6,NORMAL,0,0,13,6,8,12,3,7,10,13,14,0,0,0,0
21350,61,bully,7649,0,0,0,13,20,182,280,1,100,13701,4614,0,7,1,6,6,NORMAL,0,0,13,6,8,12,3,7,10,13,14,0,0,0,0
21183,37,bully,6337,0,0,0,13,20,182,280,1,100,14846,4658,0,7,1,6,6,NORMAL,0,0,13,6,8,12,3,7,10,13,14,0,0,0,0
21238,17,bully,5433,0,0,0,14,20,196,280,1,100,15805,4699,0,6,1,8,8,NORMAL,0,0,14,6,6,16,3,6,11,14,12,0,0,0,0
21405,70,bully,8054,0,0,0,13,20,182,280,1,100,13351,4639,0,7,1,6,6,NORMAL,0,0,13,6,8,12,3,7,10,13,14,0,0,0,0
21895,49,bully,7546,0,0,0,13,20,182,280,1,100,14349,4631,0,7,1,6,6,NORMAL,0,0,13,6,8,12,3,7,10,13,14,0,0,0,0
21993,94,bully,9129,0,0,0,13,20,182,280,1,100,12864,4804,0,7,1,6,6,NORMAL,0,0,13,6,8,12,3,7,10,13,14,0,0,0,0
21213,96,bully,8455,0,0,0,13,20,182,280,1,100,12758,4801,0,7,1,6,6,NORMAL,0,0,13,6,8,12,3,7,10,13,14,0,0,0,0
21744,84,bully,9040,0,0,0,13,20,182,280,1,100,12704,4758,0,7,1,6,6,NORMAL,0,0,13,6,8,12,3,7,10,13,14,0,0,0,0
21856,8,bully,5478,0,0,0,14,20,196,280,1,100,16378,4713,0,6,0,8,8,NORMAL,0,0,14,6,6,16,3,6,11,14,12,0,0,0,0
21759,52,bully,7415,0,0,0,13,20,182,280,1,100,14344,4601,0,7,1,6,6,NORMAL,0,0,13,6,8,12,3,7,10,13,14,0,0,0,0
21638,23,bully,6006,0,0,0,14,20,196,280,1,100,15632,4757,0,6,1,8,8,NORMAL,0,0,14,6,6,16,3,6,11,14,12,0,0,0,0
21486,58,bully,7387,0,0,0,13,20,182,280,1,100,14099,4600,0,7,1,6,6,NORMAL,0,0,13,6,8,12,3,7,10,13,14,0,0,0,0
21335,93,bully,8312,0,0,0,13,20,182,280,1,100,13023,4804,0,7,1,6,6,NORMAL,0,0,13,6,8,12,3,7,10,13,14,0,0,0,0
21692,32,bully,6364,0,0,0,14,20,196,280,1,100,15328,4680,0,6,1,8,8,NORMAL,0,0,14,6,6,16,3,6,11,14,12,0,0,0,0
21526,99,bully,7866,0,0,0,12,18,168,252,1,100,13660,4568,0,6,1,6,6,NORMAL,0,0,12,6,6,12,3,6,9,12,12,0,0,0,0
21498,72,bully,8030,0,0,0,13,20,182,280,1,100,13468,4668,0,7,1,6,6,NORMAL,0,0,13,6,8,12,3,7,10,13,14,0,0,0,0
21556,35,bully,6309,0,0,0,13,20,182,280,1,100,15247,4664,0,7,1,6,6,NORMAL,0,0,13,6,8,12,3,7,10,13,14,0,0,0,0
21719,11,bully,5307,0,0,0,14,20,196,280,1,100,16412,4685,0,6,0,8,8,NORMAL,0,0,14,6,6,16,3,6,11,14,12,0,0,0,0
21541,67,bully,7792,0,0,0,13,20,182,280,1,100,13749,4689,0,7,1,6,6,NORMAL,0,0,13,6,8,12,3,7,10,13,14,0,0,0,0
21608,87,bully,8067,0,0,0,13,20,182,280,1,100,13541,4791,0,7,1,6,6,NORMAL,0,0,13,6,8,12,3,7,10,13,14,0,0,0,0
21704,43,bully,6630,0,0,0,14,21,196,294,1,100,15074,4634,0,7,1,7,7,NORMAL,0,0,14,6,8,14,3,7,11,14,14,0,0,0,0
21992,5,bully,5042,0,0,0,14,20,196,280,1,100,16950,4685,0,6,0,8,8,NORMAL,0,0,14,6,6,16,3,6,11,14,12,0,0,0,0
21841,40,bully,6571,0,0,0,14,21,196,294,1,100,15270,4621,0,7,1,7,7,NORMAL,0,0,14,6,8,14,3,7,11,14,14,0,0,0,0
21962,69,bully,7947,0,0,0,13,20,182,280,1,100,14015,4671,0,7,1,6,6,NORMAL,0,0,13,6,8,12,3,7,10,13,14,0,0,0,0
21977,83,bully,8572,0,0,0,13,20,182,280,1,100,13405,4739,0,7,1,6,6,NORMAL,0,0,13,6,8,12,3,7,10,13,14,0,0,0,0
30084,98,bully,8601,1,1,4517,16,23,224,322,1,100,21483,4517,0,6,2,10,10,NORMAL,0,3,17,6,6,20,3,7,14,17,12,0,0,0,0
30113,13,bully,6073,0,0,0,18,24,252,336,1,100,24040,4677,0,6,1,12,12,NORMAL,0,0,18,6,6,24,3,6,15,18,12,0,0,0,0
30165,86,bully,8907,1,1,4742,17,24,238,336,1,100,21258,4742,0,7,2,10,10,NORMAL,0,2,18,6,8,20,3,7,14,17,14,0,0,0,0
30128,2,bully,5503,0,0,0,18,24,252,336,1,100,24625,4690,0,6,1,12,12,NORMAL,0,0,18,6,6,24,3,6,15,18,12,0,0,0,0
30015,4,bully,5385,0,0,0,18,24,252,336,1,100,24630,4653,0,6,1,12,12,NORMAL,0,0,18,6,6,24,3,6,15,18,12,0,0,0,0
30195,22,bully,6345,0,0,0,18,24,252,336,1,100,23850,4762,0,6,1,12,12,NORMAL,0,0,18,6,6,24,3,6,15,18,12,0,0,0,0
30355,38,bully,7025,0,0,0,18,25,252,350,1,100,23330,4636,0,7,1,11,11,NORMAL,0,0,18,6,8,22,3,7,15,18,14,0,0,0,0
30316,51,bully,7554,0,0,0,18,25,252,350,1,100,22762,4597,0,7,1,11,11,NORMAL,0,0,18,6,8,22,3,7,15,18,14,0,0,0,0
30017,78,bully,8490,0,0,0,17,24,238,336,1,100,21527,4700,0,7,2,10,10,NORMAL,0,0,17,6,8,20,3,7,14,17,14,0,0,0,0
30534,36,bully,6992,0,0,0,18,25,252,350,1,100,23542,4672,0,7,1,11,11,NORMAL,0,0,18,6,8,22,3,7,15,18,14,0,0,0,0
30711,74,bully,8917,0,0,0,17,24,238,336,1,100,21794,4650,0,7,2,10,10,NORMAL,0,0,17,6,8,20,3,7,14,17,14,0,0,0,0
30549,3,bully,5375,0,0,0,18,24,252,336,1,100,25174,4689,0,6,1,12,12,NORMAL,0,0,18,6,6,24,3,6,15,18,12,0,0,0,0
30032,46,bully,6870,0,0,0,18,25,252,350,1,100,23162,4613,0,7,1,11,11,NORMAL,0,0,18,6,8,22,3,7,15,18,14,0,0,0,0
30029,89,bully,8313,0,0,0,17,24,238,336,1,100,21716,4832,0,7,2,10,10,NORMAL,0,0,17,6,8,20,3,7,14,17,14,0,0,0,0
30726,42,bully,7368,0,0,0,18,25,252,350,1,100,23358,4667,0,7,1,11,11,NORMAL,0,0,18,6,8,22,3,7,15,18,14,0,0,0,0
30331,95,bully,8874,0,0,0,17,24,238,336,1,100,21457,4778,0,7,2,10,10,NORMAL,0,0,17,6,8,20,3,7,14,17,14,0,0,0,0
30506,100,bully,5174,1,1,4669,18,22,252,308,1,100,25332,4669,0,6,1,12,10,LEADER,1,13,18,6,6,24,3,6,13,16,12,0,0,0,0
30250,31,bully,6305,0,0,0,18,24,252,336,1,100,23945,4695,0,6,1,12,12,NORMAL,0,0,18,6,6,24,3,6,15,18,12,0,0,0,0
30574,59,bully,7869,0,0,0,18,25,252,350,1,100,22705,4594,0,7,1,11,11,NORMAL,0,0,18,6,8,22,3,7,15,18,14,0,0,0,0
30877,7,bully,5725,0,0,0,18,24,252,336,1,100,25152,4694,0,6,1,12,12,NORMAL,0,0,18,6,6,24,3,6,15,18,12,0,0,0,0
30047,14,bully,5201,0,0,0,18,24,252,336,1,100,24846,4658,0,6,1,12,12,NORMAL,0,0,18,6,6,24,3,6,15,18,12,0,0,0,0
30862,39,bully,7245,0,0,0,18,25,252,350,1,100,23617,4664,0,7,1,11,11,NORMAL,0,0,18,6,8,22,3,7,15,18,14,0,0,0,0
30044,57,bully,7219,0,0,0,18,25,252,350,1,100,22825,4593,0,7,1,11,11,NORMAL,0,0,18,6,8,22,3,7,15,18,14,0,0,0,0
30235,63,bully,7725,0,0,0,18,25,252,350,1,100,22510,4654,0,7,1,11,11,NORMAL,0,0,18,6,8,22,3,7,15,18,14,0,0,0,0
30777,20,bully,6262,0,0,0,18,24,252,336,1,100,24515,4704,0,6,1,12,12,NORMAL,0,0,18,6,6,24,3,6,15,18,12,0,0,0,0
30438,80,bully,8730,0,0,0,17,24,238,336,1,100,21708,4683,0,7,2,10,10,NORMAL,0,0,17,6,8,20,3,7,14,17,14,0,0,0,0
30453,48,bully,7204,0,0,0,18,25,252,350,1,100,23249,4640,0,7,1,11,11,NORMAL,0,0,18,6,8,22,3,7,15,18,14,0,0,0,0
30641,97,bully,9134,0,0,0,17,24,238,336,1,100,21507,4814,0,7,2,10,10,NORMAL,0,0,17,6,8,20,3,7,14,17,14,0,0,0,0
30807,66,bully,8394,0,0,0,18,25,252,350,1,100,22413,4675,0,7,1,11,11,NORMAL,0,0,18,6,8,22,3,7,15,18,14,0,0,0,0
30792,62,bully,8155,0,0,0,18,25,252,350,1,100,22637,4650,0,7,1,11,11,NORMAL,0,0,18,6,8,22,3,7,15,18,14,0,0,0,0
30874,50,bully,7663,0,0,0,18,25,252,350,1,100,23211,4633,0,7,1,11,11,NORMAL,0,0,18,6,8,22,3,7,15,18,14,0,0,0,0
30356,92,bully,8534,0,0,0,17,24,238,336,1,100,21822,4836,0,7,2,10,10,NORMAL,0,0,17,6,8,20,3,7,14,17,14,0,0,0,0
31018,55,bully,7968,0,0,0,18,25,252,350,1,100,23050,4597,0,7,1,11,11,NORMAL,0,0,18,6,8,22,3,7,15,18,14,0,0,0,0
30371,60,bully,7582,0,0,0,18,25,252,350,1,100,22789,4616,0,7,1,11,11,NORMAL,0,0,18,6,8,22,3,7,15,18,14,0,0,0,0
30671,33,bully,6605,0,0,0,17,23,238,322,1,100,24066,4674,0,6,1,11,11,NORMAL,0,0,17,6,6,22,3,6,14,17,12,1,0,0,0
30523,25,bully,6115,0,0,0,18,24,252,336,1,100,24408,4756,0,6,1,12,12,NORMAL,0,0,18,6,6,24,3,6,15,18,12,0,0,0,0
30180,54,bully,7039,0,0,0,18,25,252,350,1,100,23141,4602,0,7,1,11,11,NORMAL,0,0,18,6,8,22,3,7,15,18,14,0,0,0,0
30589,45,bully,7030,0,0,0,18,25,252,350,1,100,23559,4662,0,7,1,11,11,NORMAL,0,0,18,6,8,22,3,7,15,18,14,0,0,0,0
30995,79,bully,9041,0,0,0,17,24,238,336,1,100,21954,4709,0,7,2,10,10,NORMAL,0,0,17,6,8,20,3,7,14,17,14,0,0,0,0
30383,71,bully,8021,0,0,0,18,25,252,350,1,100,22362,4641,0,7,1,11,11,NORMAL,0,0,18,6,8,22,3,7,15,18,14,0,0,0,0
30468,16,bully,5502,0,0,0,18,24,252,336,1,100,24966,4694,0,6,1,12,12,NORMAL,0,0,18,6,6,24,3,6,15,18,12,0,0,0,0
31005,30,bully,6716,0,0,0,18,24,252,336,1,100,24289,4701,0,6,1,12,12,NORMAL,0,0,18,6,6,24,3,6,15,18,12,0,0,0,0
30656,65,bully,7956,0,0,0,18,25,252,350,1,100,22700,4656,0,7,1,11,11,NORMAL,0,0,18,6,8,22,3,7,15,18,14,0,0,0,0
30914,91,bully,8867,0,0,0,17,24,238,336,1,100,22047,4832,0,7,1,10,10,NORMAL,0,0,17,6,8,20,3,7,14,17,14,0,0,0,0
31268,73,bully,8929,0,0,0,18,25,252,350,1,100,22339,4680,0,7,1,11,11,NORMAL,0,0,18,6,8,22,3,7,15,18,14,0,0,0,0
31080,24,bully,6447,0,0,0,18,24,252,336,1,100,24633,4768,0,6,1,12,12,NORMAL,0,0,18,6,6,24,3,6,15,18,12,0,0,0,0
30813,19,bully,5884,0,0,0,18,24,252,336,1,100,24929,4656,0,6,1,12,12,NORMAL,0,0,18,6,6,24,3,6,15,18,12,0,0,0,0
30686,1,bully,4915,0,0,0,18,24,252,336,1,100,25771,4695,0,6,1,12,12,NORMAL,0,0,18,6,6,24,3,6,15,18,12,0,0,0,0
31298,9,bully,5897,0,0,0,18,24,252,336,1,100,25401,4729,0,6,1,12,12,NORMAL,0,0,18,6,6,24,3,6,15,18,12,0,0,0,0
30889,18,bully,5881,0,0,0,18,24,252,336,1,100,25008,4675,0,6,1,12,12,NORMAL,0,0,18,6,6,24,3,6,15,18,12,0,0,0,0
30884,12,bully,5505,0,0,0,18,24,252,336,1,100,25379,4639,0,6,1,12,12,NORMAL,0,0,18,6,6,24,3,6,15,18,12,0,0,0,0
30520,68,bully,7822,0,0,0,18,25,252,350,1,100,22698,4658,0,7,1,11,11,NORMAL,0,0,18,6,8,22,3,7,15,18,14,0,0,0,0
30741,10,bully,5321,0,0,0,18,24,252,336,1,100,25420,4722,0,6,1,12,12,NORMAL,0,0,18,6,6,24,3,6,15,18,12,0,0,0,0
31413,34,bully,7061,0,0,0,18,25,252,350,1,100,24352,4667,0,7,1,11,11,NORMAL,0,0,18,6,8,22,3,7,15,18,14,0,0,0,0
31010,47,bully,7247,0,0,0,18,25,252,350,1,100,23763,4596,0,7,1,11,11,NORMAL,0,0,18,6,8,22,3,7,15,18,14,0,0,0,0
31501,26,bully,6703,0,0,0,18,24,252,336,1,100,24798,4729,0,6,1,12,12,NORMAL,0,0,18,6,6,24,3,6,15,18,12,0,0,0,0
30814,53,bully,7161,0,0,0,18,25,252,350,1,100,23653,4610,0,7,1,11,11,NORMAL,0,0,18,6,8,22,3,7,15,18,14,0,0,0,0
31065,56,bully,7568,0,0,0,18,25,252,350,1,100,23497,4606,0,7,1,11,11,NORMAL,0,0,18,6,8,22,3,7,15,18,14,0,0,0,0
31365,29,bully,6618,0,0,0,18,24,252,336,1,100,24747,4695,0,6,1,12,12,NORMAL,0,0,18,6,6,24,3,6,15,18,12,0,0,0,0
31471,90,bully,8993,0,0,0,18,25,252,350,1,100,22478,4835,0,7,1,11,11,NORMAL,0,0,18,6,8,22,3,7,15,18,14,0,0,0,0
31260,77,bully,8753,0,0,0,18,25,252,350,1,100,22507,4699,0,7,1,11,11,NORMAL,0,0,18,6,8,22,3,7,15,18,14,0,0,0,0
31217,21,bully,6096,0,0,0,18,24,252,336,1,100,25121,4704,0,6,1,12,12,NORMAL,0,0,18,6,6,24,3,6,15,18,12,0,0,0,0
31050,88,bully,8433,0,0,0,18,25,252,350,1,100,22617,4784,0,7,1,11,11,NORMAL,0,0,18,6,8,22,3,7,15,18,14,0,0,0,0
31025,15,bully,5508,0,0,0,18,24,252,336,1,100,25517,4665,0,6,1,12,12,NORMAL,0,0,18,6,6,24,3,6,15,18,12,0,0,0,0
31623,76,bully,8979,0,0,0,18,25,252,350,1,100,22644,4692,0,7,1,11,11,NORMAL,0,0,18,6,8,22,3,7,15,18,14,0,0,0,0
30859,82,bully,8440,0,0,0,18,25,252,350,1,100,22419,4730,0,7,1,11,11,NORMAL,0,0,18,6,8,22,3,7,15,18,14,0,0,0,0
31187,85,bully,8868,0,0,0,18,25,252,350,1,100,22319,4737,0,7,1,11,11,NORMAL,0,0,18,6,8,22,3,7,15,18,14,0,0,0,0
31880,81,bully,9351,0,0,0,18,25,252,350,1,100,22529,4691,0,7,1,11,11,NORMAL,0,0,18,6,8,22,3,7,15,18,14,0,0,0,0
31147,44,bully,6804,0,0,0,18,25,252,350,1,100,24343,4651,0,7,1,11,11,NORMAL,0,0,18,6,8,22,3,7,15,18,14,0,0,0,0
30944,27,bully,5851,0,0,0,18,24,252,336,1,100,25093,4741,0,6,1,12,12,NORMAL,0,0,18,6,6,24,3,6,15,18,12,0,0,0,0
30935,64,bully,7513,0,0,0,18,25,252,350,1,100,23422,4632,0,7,1,11,11,NORMAL,0,0,18,6,8,22,3,7,15,18,14,0,0,0,0
31435,6,bully,5219,0,0,0,19,25,266,350,1,100,26216,4686,0,6,0,13,13,NORMAL,0,0,19,6,6,26,3,6,16,19,12,0,0,0,0
31283,41,bully,6724,0,0,0,18,25,252,350,1,100,24559,4659,0,7,1,11,11,NORMAL,0,0,18,6,8,22,3,7,15,18,14,0,0,0,0
31202,28,bully,6060,0,0,0,18,24,252,336,1,100,25142,4760,0,6,1,12,12,NORMAL,0,0,18,6,6,24,3,6,15,18,12,0,0,0,0
31689,75,bully,8651,0,0,0,18,25,252,350,1,100,23038,4659,0,7,1,11,11,NORMAL,0,0,18,6,8,22,3,7,15,18,14,0,0,0,0
31350,61,bully,7649,0,0,0,18,25,252,350,1,100,23701,4614,0,7,1,11,11,NORMAL,0,0,18,6,8,22,3,7,15,18,14,0,0,0,0
31183,37,bully,6337,0,0,0,18,25,252,350,1,100,24846,4658,0,7,1,11,11,NORMAL,0,0,18,6,8,22,3,7,15,18,14,0,0,0,0
31238,17,bully,5433,0,0,0,19,25,266,350,1,100,25805,4699,0,6,1,13,13,NORMAL,0,0,19,6,6,26,3,6,16,19,12,0,0,0,0
31405,70,bully,8054,0,0,0,18,25,252,350,1,100,23351,4639,0,7,1,11,11,NORMAL,0,0,18,6,8,22,3,7,15,18,14,0,0,0,0
31895,49,bully,7546,0,0,0,18,25,252,350,1,100,24349,4631,0,7,1,11,11,NORMAL,0,0,18,6,8,22,3,7,15,18,14,0,0,0,0
31993,94,bully,9129,0,0,0,18,25,252,350,1,100,22864,4804,0,7,1,11,11,NORMAL,0,0,18,6,8,22,3,7,15,18,14,0,0,0,0
31213,96,bully,8455,0,0,0,18,25,252,350,1,100,22758,4801,0,7,1,11,11,NORMAL,0,0,18,6,8,22,3,7,15,18,14,0,0,0,0
31744,84,bully,9040,0,0,0,18,25,252,350,1,100,22704,4758,0,7,1,11,11,NORMAL,0,0,18,6,8,22,3,7,15,18,14,0,0,0,0
31856,8,bully,5478,0,0,0,19,25,266,350,1,100,26378,4713,0,6,0,13,13,NORMAL,0,0,19,6,6,26,3,6,16,19,12,0,0,0,0
31759,52,bully,7415,0,0,0,18,25,252,350,1,100,24344,4601,0,7,1,11,11,NORMAL,0,0,18,6,8,22,3,7,15,18,14,0,0,0,0
31638,23,bully,6006,0,0,0,19,25,266,350,1,100,25632,4757,0,6,1,13,13,NORMAL,0,0,19,6,6,26,3,6,16,19,12,0,0,0,0
31486,58,bully,7387,0,0,0,18,25,252,350,1,100,24099,4600,0,7,1,11,11,NORMAL,0,0,18,6,8,22,3,7,15,18,14,0,0,0,0
31335,93,bully,8312,0,0,0,18,25,252,350,1,100,23023,4804,0,7,1,11,11,NORMAL,0,0,18,6,8,22,3,7,15,18,14,0,0,0,0
31692,32,bully,6364,0,0,0,19,25,266,350,1,100,25328,4680,0,6,1,13,13,NORMAL,0,0,19,6,6,26,3,6,16,19,12,0,0,0,0
31526,99,bully,7866,0,0,0,17,23,238,322,1,100,23660,4568,0,6,1,11,11,NORMAL,0,0,17,6,6,22,3,6,14,17,12,0,0,0,0
31498,72,bully,8030,0,0,0,18,25,252,350,1,100,23468,4668,0,7,1,11,11,NORMAL,0,0,18,6,8,22,3,7,15,18,14,0,0,0,0
31556,35,bully,6309,0,0,0,18,25,252,350,1,100,25247,4664,0,7,1,11,11,NORMAL,0,0,18,6,8,22,3,7,15,18,14,0,0,0,0
31719,11,bully,5307,0,0,0,19,25,266,350,1,100,26412,4685,0,6,0,13,13,NORMAL,0,0,19,6,6,26,3,6,16,19,12,0,0,0,0
31541,67,bully,7792,0,0,0,18,25,252,350,1,100,23749,4689,0,7,1,11,11,NORMAL,0,0,18,6,8,22,3,7,15,18,14,0,0,0,0
31608,87,bully,8067,0,0,0,18,25,252,350,1,100,23541,4791,0,7,1,11,11,NORMAL,0,0,18,6,8,22,3,7,15,18,14,0,0,0,0
31704,43,bully,6630,0,0,0,18,25,252,350,1,100,25074,4634,0,7,1,11,11,NORMAL,0,0,18,6,8,22,3,7,15,18,14,0,0,0,0
31992,5,bully,5042,0,0,0,19,25,266,350,1,100,26950,4685,0,6,0,13,13,NORMAL,0,0,19,6,6,26,3,6,16,19,12,0,0,0,0
31841,40,bully,6571,0,0,0,19,26,266,364,1,100,25270,4621,0,7,1,12,12,NORMAL,0,0,19,6,8,24,3,7,16,19,14,0,0,0,0
31962,69,bully,7947,0,0,0,18,25,252,350,1,100,24015,4671,0,7,1,11,11,NORMAL,0,0,18,6,8,22,3,7,15,18,14,0,0,0,0
31977,83,bully,8572,0,0,0,18,25,252,350,1,100,23405,4739,0,7,1,11,11,NORMAL,0,0,18,6,8,22,3,7,15,18,14,0,0,0,0
40084,98,bully,8601,2,1,4517,21,30,294,420,1,100,27456,8544,0,10,4,12,12,ELECTION,0,3,22,12,6,24,5,9,16,21,18,0,0,0,0
40113,13,bully,6073,0,0,0,25,34,350,476,1,100,30285,8432,0,9,1,17,17,ELECTION,0,0,25,10,6,34,6,9,20,26,16,0,0,0,0
40165,86,bully,8907,1,1,4742,21,29,294,406,1,100,31004,4996,0,9,3,13,13,ELECTION,0,2,22,8,8,26,4,8,17,21,16,0,0,0,0
40128,2,bully,5503,0,0,0,26,35,364,490,1,100,30285,9030,0,9,1,17,17,ELECTION,0,0,26,12,6,34,6,9,20,26,18,0,0,0,0
40015,4,bully,5385,0,0,0,26,35,364,490,1,100,30326,8957,0,9,1,17,17,ELECTION,0,0,26,12,6,34,6,9,20,26,18,0,0,0,0
40195,22,bully,6345,0,0,0,25,33,350,462,1,100,30267,8345,0,8,1,17,17,ELECTION,0,0,25,10,6,34,5,8,20,25,16,0,0,0,0
40355,38,bully,7025,0,0,0,25,34,350,476,1,100,30315,7651,0,9,1,16,16,ELECTION,0,0,25,10,8,32,5,9,20,25,18,0,0,0,0
40316,51,bully,7554,0,0,0,23,32,322,448,1,100,30299,7060,0,9,1,14,14,ELECTION,0,0,23,10,8,28,5,9,18,23,18,0,0,0,0
40017,78,bully,8490,0,0,0,22,31,308,434,1,100,30350,5877,0,10,3,13,13,ELECTION,0,0,22,10,8,26,5,9,17,22,18,0,0,0,0
40534,36,bully,6992,0,0,0,25,34,350,476,1,100,30358,7856,0,9,1,16,16,ELECTION,0,0,25,10,8,32,5,9,20,25,18,0,0,0,0
40711,74,bully,8917,0,0,0,22,31,308,434,1,100,30354,6090,0,10,3,13,13,ELECTION,0,0,22,10,8,26,5,9,17,22,18,0,0,0,0
40549,3,bully,5375,0,0,0,28,39,392,546,1,100,30259,9604,0,11,1,17,17,ELECTION,0,0,28,16,6,34,8,11,20,28,22,0,0,0,0
40032,46,bully,6870,0,0,0,24,33,336,462,1,100,30280,7495,0,9,1,15,15,ELECTION,0,0,24,10,8,30,5,9,19,24,18,0,0,0,0
40029,89,bully,8313,0,0,0,22,31,308,434,1,100,30983,5565,0,10,3,13,13,ELECTION,0,0,22,10,8,26,5,9,17,22,18,0,0,0,0
40726,42,bully,7368,0,0,0,24,33,336,462,1,100,30285,7740,0,9,1,15,15,ELECTION,0,0,24,10,8,30,5,9,19,24,18,0,0,0,0
40331,95,bully,8874,1,0,0,23,32,322,448,1,100,26883,9352,0,11,3,13,13,ELECTION,0,0,23,12,8,26,5,9,17,22,20,0,0,0,0
40506,100,bully,5174,1,1,4669,33,34,462,476,1,100,30303,9698,0,11,1,17,12,ELECTION,0,15,33,16,16,34,8,11,15,23,22,0,0,0,0
40250,31,bully,6305,0,0,0,25,33,350,462,1,100,30342,8298,0,8,1,17,17,ELECTION,0,0,25,10,6,34,5,8,20,25,16,0,0,0,0
40574,59,bully,7869,0,0,0,24,33,336,462,1,100,30352,6947,0,9,1,15,15,ELECTION,0,0,24,10,8,30,5,9,19,24,18,0,0,0,0
40877,7,bully,5725,0,0,0,28,39,392,546,1,100,30293,9553,0,11,1,17,17,ELECTION,0,0,28,16,6,34,8,11,20,28,22,0,0,0,0
40047,14,bully,5201,0,0,0,26,35,364,490,1,100,30328,9176,0,9,1,17,17,ELECTION,0,0,26,12,6,34,6,9,20,26,18,0,0,0,0
40862,39,bully,7245,0,0,0,25,34,350,476,1,100,30266,8015,0,9,1,16,16,ELECTION,0,0,25,10,8,32,5,9,20,25,18,0,0,0,0
40044,57,bully,7219,0,0,0,24,33,336,462,1,100,30334,7084,0,9,1,15,15,ELECTION,0,0,24,10,8,30,5,9,19,24,18,0,0,0,0
40236,63,bully,7725,0,0,0,24,33,336,462,1,100,30315,6850,0,9,1,15,15,ELECTION,0,0,24,10,8,30,5,9,19,24,18,0,0,0,0
40777,20,bully,6262,0,0,0,25,33,350,462,1,100,30291,8928,0,8,1,17,17,ELECTION,0,0,25,10,6,34,5,8,20,25,16,0,0,0,0
40438,80,bully,8730,0,0,0,22,31,308,434,1,100,30328,6063,0,10,3,13,13,ELECTION,0,0,22,10,8,26,5,9,17,22,18,0,0,0,0
40453,48,bully,7204,0,0,0,24,33,336,462,1,100,30276,7613,0,9,1,15,15,ELECTION,0,0,24,10,8,30,5,9,19,24,18,0,0,0,0
40641,97,bully,9134,1,0,0,21,30,294,420,1,100,27233,9088,0,12,3,13,13,ELECTION,0,0,21,8,8,26,6,10,17,23,14,5,5,0,5
40807,66,bully,8394,0,0,0,24,33,336,462,1,100,30333,6755,0,9,1,15,15,ELECTION,0,0,24,10,8,30,5,9,19,24,18,0,0,0,0
40792,62,bully,8155,0,0,0,24,33,336,462,1,100,30303,6984,0,9,1,15,15,ELECTION,0,0,24,10,8,30,5,9,19,24,18,0,0,0,0
40874,50,bully,7663,0,0,0,24,33,336,462,1,100,30305,7539,0,9,1,15,15,ELECTION,0,0,24,10,8,30,5,9,19,24,18,0,0,0,0
40356,92,bully,8534,0,0,0,22,31,308,434,1,100,30991,5667,0,10,3,13,13,ELECTION,0,0,22,10,8,26,5,9,17,22,18,0,0,0,0
41018,55,bully,7968,0,0,0,24,33,336,462,1,100,30331,7316,0,9,1,15,15,ELECTION,0,0,24,10,8,30,5,9,19,24,18,0,0,0,0
40371,60,bully,7582,0,0,0,24,33,336,462,1,100,30323,7082,0,9,1,15,15,ELECTION,0,0,24,10,8,30,5,9,19,24,18,0,0,0,0
40671,33,bully,6605,0,0,0,24,32,336,448,1,100,30385,8355,0,8,1,16,16,ELECTION,0,0,24,10,6,32,5,8,19,24,16,1,0,0,0
40523,25,bully,6115,0,0,0,25,33,350,462,1,100,30294,8870,0,8,1,17,17,ELECTION,0,0,25,10,6,34,5,8,20,25,16,0,0,0,0
40180,54,bully,7039,0,0,0,24,33,336,462,1,100,30331,7412,0,9,1,15,15,ELECTION,0,0,24,10,8,30,5,9,19,24,18,0,0,0,0
40589,45,bully,7030,0,0,0,24,33,336,462,1,100,30258,7963,0,9,1,15,15,ELECTION,0,0,24,10,8,30,5,9,19,24,18,0,0,0,0
40995,79,bully,9041,0,0,0,22,31,308,434,1,100,30326,6337,0,10,3,13,13,ELECTION,0,0,22,10,8,26,5,9,17,22,18,0,0,0,0
40383,71,bully,8021,0,0,0,24,33,336,462,1,100,30335,6668,0,9,1,15,15,ELECTION,0,0,24,10,8,30,5,9,19,24,18,0,0,0,0
40468,16,bully,5502,0,0,0,27,37,378,518,1,100,30331,9329,0,10,1,17,17,ELECTION,0,0,27,14,6,34,7,10,20,27,20,0,0,0,0
41005,30,bully,6716,0,0,0,25,33,350,462,1,100,30316,8674,0,8,1,17,17,ELECTION,0,0,25,10,6,34,5,8,20,25,16,0,0,0,0
40656,65,bully,7956,0,0,0,24,33,336,462,1,100,30342,7014,0,9,1,15,15,ELECTION,0,0,24,10,8,30,5,9,19,24,18,0,0,0,0
40914,91,bully,8867,0,0,0,22,31,308,434,1,100,30994,5885,0,10,2,13,13,ELECTION,0,0,22,10,8,26,5,9,17,22,18,0,0,0,0
41268,73,bully,8929,0,0,0,23,32,322,448,1,100,30324,6695,0,10,2,14,14,ELECTION,0,0,23,10,8,28,5,9,18,23,18,0,0,0,0
41080,24,bully,6447,0,0,0,26,34,364,476,1,100,30288,9113,0,9,1,17,17,ELECTION,0,0,26,12,6,34,6,9,20,26,16,0,0,0,0
40813,19,bully,5884,0,0,0,27,37,378,518,1,100,30334,9251,0,10,1,17,17,ELECTION,0,0,27,14,6,34,7,10,20,27,20,0,0,0,0
40686,1,bully,4915,0,0,0,28,44,392,616,1,100,35678,4788,0,16,1,17,17,NORMAL,0,0,28,16,6,34,8,16,25,28,22,0,0,0,0
41298,9,bully,5897,0,0,0,28,39,392,546,1,100,30287,9843,0,11,1,17,17,ELECTION,0,0,28,16,6,34,8,11,20,28,22,0,0,0,0
40889,18,bully,5881,0,0,0,27,37,378,518,1,100,30325,9358,0,10,1,17,17,ELECTION,0,0,27,14,6,34,7,10,20,27,20,0,0,0,0
40884,12,bully,5505,0,0,0,28,39,392,546,1,100,30313,9705,0,11,1,17,17,ELECTION,0,0,28,16,6,34,8,11,20,28,22,0,0,0,0
40520,68,bully,7822,0,0,0,24,33,336,462,1,100,30356,7000,0,9,1,15,15,ELECTION,0,0,24,10,8,30,5,9,19,24,18,0,0,0,0
40741,10,bully,5321,0,0,0,28,39,392,546,1,100,30298,9844,0,11,1,17,17,ELECTION,0,0,28,16,6,34,8,11,20,28,22,0,0,0,0
41413,34,bully,7061,0,0,0,25,34,350,476,1,100,30390,8629,0,9,1,16,16,ELECTION,0,0,25,10,8,32,5,9,20,25,18,0,0,0,0
41010,47,bully,7247,0,0,0,24,33,336,462,1,100,30271,8088,0,9,1,15,15,ELECTION,0,0,24,10,8,30,5,9,19,24,18,0,0,0,0
41501,26,bully,6703,0,0,0,27,36,378,504,1,100,30259,9268,0,10,1,17,17,ELECTION,0,0,27,14,6,34,7,10,20,27,18,0,0,0,0
40814,53,bully,7161,0,0,0,24,33,336,462,1,100,30321,7942,0,9,1,15,15,ELECTION,0,0,24,10,8,30,5,9,19,24,18,0,0,0,0
41065,56,bully,7568,0,0,0,24,33,336,462,1,100,30321,7782,0,9,1,15,15,ELECTION,0,0,24,10,8,30,5,9,19,24,18,0,0,0,0
41365,29,bully,6618,0,0,0,26,35,364,490,1,100,30307,9135,0,9,1,17,17,ELECTION,0,0,26,12,6,34,6,9,20,26,18,0,0,0,0
41471,90,bully,8993,0,0,0,23,32,322,448,1,100,31013,6300,0,10,2,14,14,ELECTION,0,0,23,10,8,28,5,9,18,23,18,0,0,0,0
41260,77,bully,8753,0,0,0,23,32,322,448,1,100,30337,6869,0,10,2,14,14,ELECTION,0,0,23,10,8,28,5,9,18,23,18,0,0,0,0
41217,21,bully,6096,0,0,0,27,37,378,518,1,100,30290,9535,0,10,1,17,17,ELECTION,0,0,27,14,6,34,7,10,20,27,20,0,0,0,0
41050,88,bully,8433,0,0,0,23,32,322,448,1,100,30971,6430,0,10,2,14,14,ELECTION,0,0,23,10,8,28,5,9,18,23,18,0,0,0,0
41025,15,bully,5508,0,0,0,27,37,378,518,1,100,30328,9854,0,10,1,17,17,ELECTION,0,0,27,14,6,34,7,10,20,27,20,0,0,0,0
41623,76,bully,8979,0,0,0,23,32,322,448,1,100,30343,6993,0,10,2,14,14,ELECTION,0,0,23,10,8,28,5,9,18,23,18,0,0,0,0
40859,82,bully,8440,0,0,0,23,32,322,448,1,100,30283,6866,0,10,2,14,14,ELECTION,0,0,23,10,8,28,5,9,18,23,18,0,0,0,0
41187,85,bully,8868,0,0,0,23,32,322,448,1,100,30319,6737,0,10,2,14,14,ELECTION,0,0,23,10,8,28,5,9,18,23,18,0,0,0,0
41880,81,bully,9351,0,0,0,23,32,322,448,1,100,30303,6917,0,10,2,14,14,ELECTION,0,0,23,10,8,28,5,9,18,23,18,0,0,0,0
41147,44,bully,6804,0,0,0,24,33,336,462,1,100,30288,8706,0,9,1,15,15,ELECTION,0,0,24,10,8,30,5,9,19,24,18,0,0,0,0
40944,27,bully,5851,0,0,0,27,37,378,518,1,100,30272,9562,0,10,1,17,17,ELECTION,0,0,27,14,6,34,7,10,20,27,20,0,0,0,0
40935,64,bully,7513,0,0,0,24,33,336,462,1,100,30325,7729,0,9,1,15,15,ELECTION,0,0,24,10,8,30,5,9,19,24,18,0,0,0,0
41435,6,bully,5219,0,0,0,29,40,406,560,1,100,30293,10609,0,11,0,18,18,ELECTION,0,0,29,16,6,36,8,11,21,29,22,0,0,0,0
41283,41,bully,6724,0,0,0,26,35,364,490,1,100,30291,8927,0,10,1,16,16,ELECTION,0,0,26,12,8,32,6,10,20,26,18,0,0,0,0
41202,28,bully,6060,0,0,0,27,37,378,518,1,100,30293,9609,0,10,1,17,17,ELECTION,0,0,27,14,6,34,7,10,20,27,20,0,0,0,0
41689,75,bully,8651,0,0,0,23,32,322,448,1,100,30375,7322,0,10,2,14,14,ELECTION,0,0,23,10,8,28,5,9,18,23,18,0,0,0,0
41350,61,bully,7649,0,0,0,24,33,336,462,1,100,30315,8000,0,9,1,15,15,ELECTION,0,0,24,10,8,30,5,9,19,24,18,0,0,0,0
41183,37,bully,6337,0,0,0,26,36,364,504,1,100,30316,9188,0,10,1,16,16,ELECTION,0,0,26,12,8,32,6,10,20,26,20,0,0,0,0
41238,17,bully,5433,0,0,0,28,38,392,532,1,100,30313,10191,0,10,1,18,18,ELECTION,0,0,28,14,6,36,7,10,21,28,20,0,0,0,0
41405,70,bully,8054,0,0,0,24,33,336,462,1,100,30334,7656,0,9,1,15,15,ELECTION,0,0,24,10,8,30,5,9,19,24,18,0,0,0,0
41895,49,bully,7546,0,0,0,24,33,336,462,1,100,30278,8702,0,9,1,15,15,ELECTION,0,0,24,10,8,30,5,9,19,24,18,0,0,0,0
41993,94,bully,9129,0,0,0,24,34,336,476,1,100,30924,6744,0,11,2,14,14,ELECTION,0,0,24,12,8,28,6,10,18,24,20,1,0,0,0
41213,96,bully,8455,1,0,0,25,36,350,504,1,100,26818,10741,0,13,2,14,14,ELECTION,0,0,25,14,8,28,7,11,18,25,22,1,0,0,0
41744,84,bully,9040,0,0,0,23,32,322,448,1,100,30299,7163,0,10,2,14,14,ELECTION,0,0,23,10,8,28,5,9,18,23,18,0,0,0,0
41856,8,bully,5478,0,0,0,29,40,406,560,1,100,30311,10780,0,11,0,18,18,ELECTION,0,0,29,16,6,36,8,11,21,29,22,0,0,0,0
41759,52,bully,7415,0,0,0,24,33,336,462,1,100,30316,8629,0,9,1,15,15,ELECTION,0,0,24,10,8,30,5,9,19,24,18,0,0,0,0
41638,23,bully,6006,0,0,0,28,38,392,532,1,100,30284,10105,0,10,1,18,18,ELECTION,0,0,28,14,6,36,7,10,21,28,20,0,0,0,0
41486,58,bully,7387,0,0,0,24,33,336,462,1,100,30344,8355,0,9,1,15,15,ELECTION,0,0,24,10,8,30,5,9,19,24,18,0,0,0,0
41335,93,bully,8312,1,0,0,24,33,336,462,1,100,30992,6835,0,11,2,14,14,ELECTION,0,0,24,12,8,28,5,9,18,23,20,0,0,0,0
41692,32,bully,6364,0,0,0,28,38,392,532,1,100,30373,9635,0,10,1,18,18,ELECTION,0,0,28,14,6,36,7,10,21,28,20,0,0,0,0
41526,99,bully,7866,1,0,0,23,33,322,462,1,100,27430,10798,0,12,3,12,12,ELECTION,0,0,23,16,6,24,7,10,15,22,22,0,0,0,0
41498,72,bully,8030,0,0,0,24,33,336,462,1,100,30325,7811,0,9,1,15,15,ELECTION,0,0,24,10,8,30,5,9,19,24,18,0,0,0,0
41556,35,bully,6309,0,0,0,28,39,392,546,1,100,30382,9529,0,11,1,17,17,ELECTION,0,0,28,14,8,34,7,11,21,28,22,0,0,0,0
41719,11,bully,5307,0,0,0,29,40,406,560,1,100,30307,10790,0,11,0,18,18,ELECTION,0,0,29,16,6,36,8,11,21,29,22,0,0,0,0
41541,67,bully,7792,0,0,0,24,33,336,462,1,100,30342,8096,0,9,1,15,15,ELECTION,0,0,24,10,8,30,5,9,19,24,18,0,0,0,0
41608,87,bully,8067,0,0,0,23,32,322,448,1,100,30944,7388,0,10,2,14,14,ELECTION,0,0,23,10,8,28,5,9,18,23,18,0,0,0,0
41704,43,bully,6630,0,0,0,27,38,378,532,1,100,30290,9418,0,11,1,16,16,ELECTION,0,0,27,14,8,32,7,11,20,27,22,0,0,0,0
41992,5,bully,5042,0,0,0,29,40,406,560,1,100,30297,11338,0,11,0,18,18,ELECTION,0,0,29,16,6,36,8,11,21,29,22,0,0,0,0
41841,40,bully,6571,0,0,0,28,39,392,546,1,100,30301,9590,0,11,1,17,17,ELECTION,0,0,28,14,8,34,7,11,21,28,22,0,0,0,0
41962,69,bully,7947,0,0,0,24,33,336,462,1,100,30312,8374,0,9,1,15,15,ELECTION,0,0,24,10,8,30,5,9,19,24,18,0,0,0,0
41977,83,bully,8572,0,0,0,23,32,322,448,1,100,30300,7844,0,10,2,14,14,ELECTION,0,0,23,10,8,28,5,9,18,23,18,0,0,0,0
50084,98,bully,8601,3,1,4517,22,31,308,434,1,100,27456,18544,0,11,6,12,12,ELECTION,0,3,23,14,6,24,5,9,16,21,20,0,0,0,0
50113,13,bully,6073,0,0,0,32,43,448,602,1,100,30285,18432,0,11,1,22,22,ELECTION,0,0,32,14,6,44,8,11,25,33,20,0,0,0,0
50165,86,bully,8907,1,1,4742,29,40,406,560,1,100,31004,14996,0,12,3,18,18,ELECTION,0,2,30,14,8,36,7,11,22,29,22,0,0,0,0
50128,2,bully,5503,0,0,0,33,44,462,616,1,100,30285,19030,0,11,1,22,22,ELECTION,0,0,33,16,6,44,8,11,25,33,22,0,0,0,0
50015,4,bully,5385,0,0,0,33,44,462,616,1,100,30326,18957,0,11,1,22,22,ELECTION,0,0,33,16,6,44,8,11,25,33,22,0,0,0,0
50195,22,bully,6345,0,0,0,32,42,448,588,1,100,30267,18345,0,10,1,22,22,ELECTION,0,0,32,14,6,44,7,10,25,32,20,0,0,0,0
50355,38,bully,7025,0,0,0,32,43,448,602,1,100,30315,17651,0,11,1,21,21,ELECTION,0,0,32,14,8,42,7,11,25,32,22,0,0,0,0
50316,51,bully,7554,0,0,0,30,41,420,574,1,100,30299,17060,0,11,1,19,19,ELECTION,0,0,30,14,8,38,7,11,23,30,22,0,0,0,0
50017,78,bully,8490,0,0,0,29,40,406,560,1,100,30350,15877,0,12,3,18,18,ELECTION,0,0,29,14,8,36,7,11,22,29,22,0,0,0,0
50534,36,bully,6992,0,0,0,32,43,448,602,1,100,30358,17856,0,11,1,21,21,ELECTION,0,0,32,14,8,42,7,11,25,32,22,0,0,0,0
50711,74,bully,8917,0,0,0,29,40,406,560,1,100,30354,16090,0,12,3,18,18,ELECTION,0,0,29,14,8,36,7,11,22,29,22,0,0,0,0
50549,3,bully,5375,0,0,0,33,44,462,616,1,100,30259,19604,0,11,1,22,22,ELECTION,0,0,33,16,6,44,8,11,25,33,22,0,0,0,0
50032,46,bully,6870,0,0,0,31,42,434,588,1,100,30280,17495,0,11,1,20,20,ELECTION,0,0,31,14,8,40,7,11,24,31,22,0,0,0,0
50029,89,bully,8313,0,0,0,29,40,406,560,1,100,30983,15565,0,12,3,18,18,ELECTION,0,0,29,14,8,36,7,11,22,29,22,0,0,0,0
50726,42,bully,7368,0,0,0,31,42,434,588,1,100,30285,17740,0,11,1,20,20,ELECTION,0,0,31,14,8,40,7,11,24,31,22,0,0,0,0
50331,95,bully,8874,1,0,0,31,43,434,602,1,100,26883,19352,0,14,3,18,18,ELECTION,0,0,31,18,8,36,8,12,22,30,26,0,0,0,0
50506,100,bully,5174,1,1,4669,38,34,532,476,1,100,30303,19698,0,11,1,22,12,ELECTION,0,15,38,16,16,44,8,11,15,23,22,0,0,0,0
50250,31,bully,6305,0,0,0,32,42,448,588,1,100,30342,18298,0,10,1,22,22,ELECTION,0,0,32,14,6,44,7,10,25,32,20,0,0,0,0
50574,59,bully,7869,0,0,0,31,42,434,588,1,100,30352,16947,0,11,1,20,20,ELECTION,0,0,31,14,8,40,7,11,24,31,22,0,0,0,0
50877,7,bully,5725,0,0,0,33,44,462,616,1,100,30293,19553,0,11,1,22,22,ELECTION,0,0,33,16,6,44,8,11,25,33,22,0,0,0,0
50047,14,bully,5201,0,0,0,32,42,448,588,1,100,30328,19176,0,10,1,22,22,ELECTION,0,0,32,14,6,44,7,10,25,32,20,0,0,0,0
50862,39,bully,7245,0,0,0,32,43,448,602,1,100,30266,18015,0,11,1,21,21,ELECTION,0,0,32,14,8,42,7,11,25,32,22,0,0,0,0
50044,57,bully,7219,0,0,0,31,42,434,588,1,100,30334,17084,0,11,1,20,20,ELECTION,0,0,31,14,8,40,7,11,24,31,22,0,0,0,0
50235,63,bully,7725,0,0,0,31,42,434,588,1,100,30315,16849,0,11,1,20,20,ELECTION,0,0,31,14,8,40,7,11,24,31,22,0,0,0,0
50777,20,bully,6262,0,0,0,32,42,448,588,1,100,30291,18928,0,10,1,22,22,ELECTION,0,0,32,14,6,44,7,10,25,32,20,0,0,0,0
50438,80,bully,8730,0,0,0,29,40,406,560,1,100,30328,16063,0,12,3,18,18,ELECTION,0,0,29,14,8,36,7,11,22,29,22,0,0,0,0
50453,48,bully,7204,0,0,0,31,42,434,588,1,100,30276,17613,0,11,1,20,20,ELECTION,0,0,31,14,8,40,7,11,24,31,22,0,0,0,0
50641,97,bully,9134,1,1,5236,26,38,364,532,1,100,30830,15491,0,15,3,18,18,ELECTION,0,1,27,8,8,36,9,13,22,31,14,15,15,0,15
50807,66,bully,8394,0,0,0,31,42,434,588,1,100,30333,16755,0,11,1,20,20,ELECTION,0,0,31,14,8,40,7,11,24,31,22,0,0,0,0
50792,62,bully,8155,0,0,0,31,42,434,588,1,100,30303,16984,0,11,1,20,20,ELECTION,0,0,31,14,8,40,7,11,24,31,22,0,0,0,0
50874,50,bully,7663,0,0,0,31,42,434,588,1,100,30305,17539,0,11,1,20,20,ELECTION,0,0,31,14,8,40,7,11,24,31,22,0,0,0,0
50356,92,bully,8534,0,0,0,29,40,406,560,1,100,30991,15667,0,12,3,18,18,ELECTION,0,0,29,14,8,36,7,11,22,29,22,0,0,0,0
51018,55,bully,7968,0,0,0,31,42,434,588,1,100,30331,17316,0,11,1,20,20,ELECTION,0,0,31,14,8,40,7,11,24,31,22,0,0,0,0
50371,60,bully,7582,0,0,0,31,42,434,588,1,100,30323,17082,0,11,1,20,20,ELECTION,0,0,31,14,8,40,7,11,24,31,22,0,0,0,0
50671,33,bully,6605,0,0,0,31,41,434,574,1,100,30385,18355,0,10,1,21,21,ELECTION,0,0,31,14,6,42,7,10,24,31,20,1,0,0,0
50523,25,bully,6115,0,0,0,32,42,448,588,1,100,30294,18870,0,10,1,22,22,ELECTION,0,0,32,14,6,44,7,10,25,32,20,0,0,0,0
50180,54,bully,7039,0,0,0,31,42,434,588,1,100,30331,17412,0,11,1,20,20,ELECTION,0,0,31,14,8,40,7,11,24,31,22,0,0,0,0
50589,45,bully,7030,0,0,0,31,42,434,588,1,100,30258,17963,0,11,1,20,20,ELECTION,0,0,31,14,8,40,7,11,24,31,22,0,0,0,0
50995,79,bully,9041,0,0,0,29,40,406,560,1,100,30326,16337,0,12,3,18,18,ELECTION,0,0,29,14,8,36,7,11,22,29,22,0,0,0,0
50383,71,bully,8021,0,0,0,31,42,434,588,1,100,30335,16668,0,11,1,20,20,ELECTION,0,0,31,14,8,40,7,11,24,31,22,0,0,0,0
50468,16,bully,5502,0,0,0,32,42,448,588,1,100,30331,19329,0,10,1,22,22,ELECTION,0,0,32,14,6,44,7,10,25,32,20,0,0,0,0
51005,30,bully,6716,0,0,0,32,42,448,588,1,100,30316,18674,0,10,1,22,22,ELECTION,0,0,32,14,6,44,7,10,25,32,20,0,0,0,0
50656,65,bully,7956,0,0,0,31,42,434,588,1,100,30342,17014,0,11,1,20,20,ELECTION,0,0,31,14,8,40,7,11,24,31,22,0,0,0,0
50914,91,bully,8867,0,0,0,29,40,406,560,1,100,30994,15885,0,12,2,18,18,ELECTION,0,0,29,14,8,36,7,11,22,29,22,0,0,0,0
51268,73,bully,8929,0,0,0,30,41,420,574,1,100,30324,16695,0,12,2,19,19,ELECTION,0,0,30,14,8,38,7,11,23,30,22,0,0,0,0
51080,24,bully,6447,0,0,0,32,42,448,588,1,100,30288,19113,0,10,1,22,22,ELECTION,0,0,32,14,6,44,7,10,25,32,20,0,0,0,0
50813,19,bully,5884,0,0,0,32,42,448,588,1,100,30334,19251,0,10,1,22,22,ELECTION,0,0,32,14,6,44,7,10,25,32,20,0,0,0,0
50686,1,bully,4915,0,0,0,33,49,462,686,1,100,45678,4788,0,16,1,22,22,NORMAL,0,0,33,16,6,44,8,16,30,33,22,0,0,0,0
51298,9,bully,5897,0,0,0,33,44,462,616,1,100,30287,19843,0,11,1,22,22,ELECTION,0,0,33,16,6,44,8,11,25,33,22,0,0,0,0
50889,18,bully,5881,0,0,0,32,42,448,588,1,100,30325,19358,0,10,1,22,22,ELECTION,0,0,32,14,6,44,7,10,25,32,20,0,0,0,0
50884,12,bully,5505,0,0,0,33,44,462,616,1,100,30313,19705,0,11,1,22,22,ELECTION,0,0,33,16,6,44,8,11,25,33,22,0,0,0,0
50520,68,bully,7822,0,0,0,31,42,434,588,1,100,30356,17000,0,11,1,20,20,ELECTION,0,0,31,14,8,40,7,11,24,31,22,0,0,0,0
50741,10,bully,5321,0,0,0,33,44,462,616,1,100,30298,19844,0,11,1,22,22,ELECTION,0,0,33,16,6,44,8,11,25,33,22,0,0,0,0
51413,34,bully,7061,0,0,0,32,43,448,602,1,100,30390,18629,0,11,1,21,21,ELECTION,0,0,32,14,8,42,7,11,25,32,22,0,0,0,0
51010,47,bully,7247,0,0,0,31,42,434,588,1,100,30271,18088,0,11,1,20,20,ELECTION,0,0,31,14,8,40,7,11,24,31,22,0,0,0,0
51501,26,bully,6703,0,0,0,32,42,448,588,1,100,30259,19268,0,10,1,22,22,ELECTION,0,0,32,14,6,44,7,10,25,32,20,0,0,0,0
50814,53,bully,7161,0,0,0,31,42,434,588,1,100,30321,17942,0,11,1,20,20,ELECTION,0,0,31,14,8,40,7,11,24,31,22,0,0,0,0
51065,56,bully,7568,0,0,0,31,42,434,588,1,100,30321,17782,0,11,1,20,20,ELECTION,0,0,31,14,8,40,7,11,24,31,22,0,0,0,0
51365,29,bully,6618,0,0,0,32,42,448,588,1,100,30307,19135,0,10,1,22,22,ELECTION,0,0,32,14,6,44,7,10,25,32,20,0,0,0,0
51471,90,bully,8993,0,0,0,30,41,420,574,1,100,31013,16300,0,12,2,19,19,ELECTION,0,0,30,14,8,38,7,11,23,30,22,0,0,0,0
51260,77,bully,8753,0,0,0,30,41,420,574,1,100,30337,16869,0,12,2,19,19,ELECTION,0,0,30,14,8,38,7,11,23,30,22,0,0,0,0
51217,21,bully,6096,0,0,0,32,42,448,588,1,100,30290,19535,0,10,1,22,22,ELECTION,0,0,32,14,6,44,7,10,25,32,20,0,0,0,0
51050,88,bully,8433,0,0,0,30,41,420,574,1,100,30971,16430,0,12,2,19,19,ELECTION,0,0,30,14,8,38,7,11,23,30,22,0,0,0,0
51025,15,bully,5508,0,0,0,32,42,448,588,1,100,30328,19854,0,10,1,22,22,ELECTION,0,0,32,14,6,44,7,10,25,32,20,0,0,0,0
51623,76,bully,8979,0,0,0,30,41,420,574,1,100,30343,16993,0,12,2,19,19,ELECTION,0,0,30,14,8,38,7,11,23,30,22,0,0,0,0
50859,82,bully,8440,0,0,0,30,41,420,574,1,100,30283,16866,0,12,2,19,19,ELECTION,0,0,30,14,8,38,7,11,23,30,22,0,0,0,0
51187,85,bully,8868,0,0,0,30,41,420,574,1,100,30319,16737,0,12,2,19,19,ELECTION,0,0,30,14,8,38,7,11,23,30,22,0,0,0,0
51880,81,bully,9351,0,0,0,30,41,420,574,1,100,30303,16917,0,12,2,19,19,ELECTION,0,0,30,14,8,38,7,11,23,30,22,0,0,0,0
51147,44,bully,6804,0,0,0,31,42,434,588,1,100,30288,18706,0,11,1,20,20,ELECTION,0,0,31,14,8,40,7,11,24,31,22,0,0,0,0
50944,27,bully,5851,0,0,0,32,42,448,588,1,100,30272,19562,0,10,1,22,22,ELECTION,0,0,32,14,6,44,7,10,25,32,20,0,0,0,0
50935,64,bully,7513,0,0,0,31,42,434,588,1,100,30325,17729,0,11,1,20,20,ELECTION,0,0,31,14,8,40,7,11,24,31,22,0,0,0,0
51435,6,bully,5219,0,0,0,34,45,476,630,1,100,30293,20609,0,11,0,23,23,ELECTION,0,0,34,16,6,46,8,11,26,34,22,0,0,0,0
51283,41,bully,6724,0,0,0,32,43,448,602,1,100,30291,18927,0,11,1,21,21,ELECTION,0,0,32,14,8,42,7,11,25,32,22,0,0,0,0
51202,28,bully,6060,0,0,0,32,42,448,588,1,100,30293,19609,0,10,1,22,22,ELECTION,0,0,32,14,6,44,7,10,25,32,20,0,0,0,0
51689,75,bully,8651,0,0,0,30,41,420,574,1,100,30375,17322,0,12,2,19,19,ELECTION,0,0,30,14,8,38,7,11,23,30,22,0,0,0,0
51350,61,bully,7649,0,0,0,31,42,434,588,1,100,30315,18000,0,11,1,20,20,ELECTION,0,0,31,14,8,40,7,11,24,31,22,0,0,0,0
51183,37,bully,6337,0,0,0,32,43,448,602,1,100,30316,19188,0,11,1,21,21,ELECTION,0,0,32,14,8,42,7,11,25,32,22,0,0,0,0
51238,17,bully,5433,0,0,0,33,43,462,602,1,100,30313,20191,0,10,1,23,23,ELECTION,0,0,33,14,6,46,7,10,26,33,20,0,0,0,0
51405,70,bully,8054,0,0,0,31,42,434,588,1,100,30334,17656,0,11,1,20,20,ELECTION,0,0,31,14,8,40,7,11,24,31,22,0,0,0,0
51895,49,bully,7546,0,0,0,31,42,434,588,1,100,30278,18702,0,11,1,20,20,ELECTION,0,0,31,14,8,40,7,11,24,31,22,0,0,0,0
51993,94,bully,9129,0,0,0,31,43,434,602,1,100,30924,16744,0,13,2,19,19,ELECTION,0,0,31,16,8,38,8,12,23,31,24,1,0,0,0
51213,96,bully,8455,1,0,0,32,45,448,630,1,100,26818,20741,0,15,2,19,19,ELECTION,0,0,32,18,8,38,9,13,23,32,26,1,0,0,0
51744,84,bully,9040,0,0,0,30,41,420,574,1,100,30299,17163,0,12,2,19,19,ELECTION,0,0,30,14,8,38,7,11,23,30,22,0,0,0,0
51856,8,bully,5478,0,0,0,34,45,476,630,1,100,30311,20780,0,11,0,23,23,ELECTION,0,0,34,16,6,46,8,11,26,34,22,0,0,0,0
51759,52,bully,7415,0,0,0,31,42,434,588,1,100,30316,18629,0,11,1,20,20,ELECTION,0,0,31,14,8,40,7,11,24,31,22,0,0,0,0
51638,23,bully,6006,0,0,0,33,43,462,602,1,100,30284,20105,0,10,1,23,23,ELECTION,0,0,33,14,6,46,7,10,26,33,20,0,0,0,0
51486,58,bully,7387,0,0,0,31,42,434,588,1,100,30344,18355,0,11,1,20,20,ELECTION,0,0,31,14,8,40,7,11,24,31,22,0,0,0,0
51335,93,bully,8312,1,0,0,31,42,434,588,1,100,30992,16835,0,13,2,19,19,ELECTION,0,0,31,16,8,38,7,11,23,30,24,0,0,0,0
51692,32,bully,6364,0,0,0,33,43,462,602,1,100,30373,19635,0,10,1,23,23,ELECTION,0,0,33,14,6,46,7,10,26,33,20,0,0,0,0
51526,99,bully,7866,1,0,0,23,33,322,462,1,100,27430,20798,0,12,6,12,12,ELECTION,0,0,23,16,6,24,7,10,15,22,22,0,0,0,0
51498,72,bully,8030,0,0,0,31,42,434,588,1,100,30325,17811,0,11,1,20,20,ELECTION,0,0,31,14,8,40,7,11,24,31,22,0,0,0,0
51556,35,bully,6309,0,0,0,33,44,462,616,1,100,30382,19529,0,11,1,22,22,ELECTION,0,0,33,14,8,44,7,11,26,33,22,0,0,0,0
51719,11,bully,5307,0,0,0,34,45,476,630,1,100,30307,20790,0,11,0,23,23,ELECTION,0,0,34,16,6,46,8,11,26,34,22,0,0,0,0
51541,67,bully,7792,0,0,0,31,42,434,588,1,100,30342,18096,0,11,1,20,20,ELECTION,0,0,31,14,8,40,7,11,24,31,22,0,0,0,0
51608,87,bully,8067,0,0,0,30,41,420,574,1,100,30944,17388,0,12,2,19,19,ELECTION,0,0,30,14,8,38,7,11,23,30,22,0,0,0,0
51704,43,bully,6630,0,0,0,32,43,448,602,1,100,30290,19418,0,11,1,21,21,ELECTION,0,0,32,14,8,42,7,11,25,32,22,0,0,0,0
51992,5,bully,5042,0,0,0,34,45,476,630,1,100,30297,21338,0,11,0,23,23,ELECTION,0,0,34,16,6,46,8,11,26,34,22,0,0,0,0
51841,40,bully,6571,0,0,0,33,44,462,616,1,100,30301,19590,0,11,1,22,22,ELECTION,0,0,33,14,8,44,7,11,26,33,22,0,0,0,0
51962,69,bully,7947,0,0,0,31,42,434,588,1,100,30312,18374,0,11,1,20,20,ELECTION,0,0,31,14,8,40,7,11,24,31,22,0,0,0,0
51977,83,bully,8572,0,0,0,30,41,420,574,1,100,30300,17844,0,12,2,19,19,ELECTION,0,0,30,14,8,38,7,11,23,30,22,0,0,0,0
60084,98,bully,8601,3,1,4517,22,31,308,434,1,100,27456,28544,0,11,9,12,12,ELECTION,0,3,23,14,6,24,5,9,16,21,20,0,0,0,0
60113,13,bully,6073,0,0,0,37,48,518,672,1,100,30285,28432,0,11,1,27,27,ELECTION,0,0,37,14,6,54,8,11,30,38,20,0,0,0,0
60165,86,bully,8907,1,1,4742,34,45,476,630,1,100,31004,24996,0,12,3,23,23,ELECTION,0,2,35,14,8,46,7,11,27,34,22,0,0,0,0
60128,2,bully,5503,0,0,0,38,49,532,686,1,100,30285,29030,0,11,1,27,27,ELECTION,0,0,38,16,6,54,8,11,30,38,22,0,0,0,0
60015,4,bully,5385,0,0,0,38,49,532,686,1,100,30326,28957,0,11,1,27,27,ELECTION,0,0,38,16,6,54,8,11,30,38,22,0,0,0,0
60195,22,bully,6345,0,0,0,37,47,518,658,1,100,30267,28345,0,10,1,27,27,ELECTION,0,0,37,14,6,54,7,10,30,37,20,0,0,0,0
60355,38,bully,7025,0,0,0,37,48,518,672,1,100,30315,27651,0,11,1,26,26,ELECTION,0,0,37,14,8,52,7,11,30,37,22,0,0,0,0
60316,51,bully,7554,0,0,0,35,46,490,644,1,100,30299,27060,0,11,1,24,24,ELECTION,0,0,35,14,8,48,7,11,28,35,22,0,0,0,0
60017,78,bully,8490,0,0,0,34,45,476,630,1,100,30350,25877,0,12,3,23,23,ELECTION,0,0,34,14,8,46,7,11,27,34,22,0,0,0,0
60534,36,bully,6992,0,0,0,37,48,518,672,1,100,30358,27856,0,11,1,26,26,ELECTION,0,0,37,14,8,52,7,11,30,37,22,0,0,0,0
60711,74,bully,8917,0,0,0,34,45,476,630,1,100,30354,26090,0,12,3,23,23,ELECTION,0,0,34,14,8,46,7,11,27,34,22,0,0,0,0
60549,3,bully,5375,0,0,0,38,49,532,686,1,100,30259,29604,0,11,1,27,27,ELECTION,0,0,38,16,6,54,8,11,30,38,22,0,0,0,0
60032,46,bully,6870,0,0,0,36,47,504,658,1,100,30280,27495,0,11,1,25,25,ELECTION,0,0,36,14,8,50,7,11,29,36,22,0,0,0,0
60029,89,bully,8313,0,0,0,34,45,476,630,1,100,30983,25565,0,12,3,23,23,ELECTION,0,0,34,14,8,46,7,11,27,34,22,0,0,0,0
60726,42,bully,7368,0,0,0,36,47,504,658,1,100,30285,27740,0,11,1,25,25,ELECTION,0,0,36,14,8,50,7,11,29,36,22,0,0,0,0
60331,95,bully,8874,1,0,0,36,48,504,672,1,100,26883,29352,0,14,3,23,23,ELECTION,0,0,36,18,8,46,8,12,27,35,26,0,0,0,0
60506,100,bully,5174,1,1,4669,43,34,602,476,1,100,30303,29698,0,11,1,27,12,ELECTION,0,15,43,16,16,54,8,11,15,23,22,0,0,0,0
60250,31,bully,6305,0,0,0,37,47,518,658,1,100,30342,28298,0,10,1,27,27,ELECTION,0,0,37,14,6,54,7,10,30,37,20,0,0,0,0
60574,59,bully,7869,0,0,0,36,47,504,658,1,100,30352,26947,0,11,1,25,25,ELECTION,0,0,36,14,8,50,7,11,29,36,22,0,0,0,0
60877,7,bully,5725,0,0,0,38,49,532,686,1,100,30293,29553,0,11,1,27,27,ELECTION,0,0,38,16,6,54,8,11,30,38,22,0,0,0,0
60047,14,bully,5201,0,0,0,37,47,518,658,1,100,30328,29176,0,10,1,27,27,ELECTION,0,0,37,14,6,54,7,10,30,37,20,0,0,0,0
60862,39,bully,7245,0,0,0,37,48,518,672,1,100,30266,28015,0,11,1,26,26,ELECTION,0,0,37,14,8,52,7,11,30,37,22,0,0,0,0
60044,57,bully,7219,0,0,0,36,47,504,658,1,100,30334,27084,0,11,1,25,25,ELECTION,0,0,36,14,8,50,7,11,29,36,22,0,0,0,0
60235,63,bully,7725,0,0,0,36,47,504,658,1,100,30315,26849,0,11,1,25,25,ELECTION,0,0,36,14,8,50,7,11,29,36,22,0,0,0,0
60777,20,bully,6262,0,0,0,37,47,518,658,1,100,30291,28928,0,10,1,27,27,ELECTION,0,0,37,14,6,54,7,10,30,37,20,0,0,0,0
60438,80,bully,8730,0,0,0,34,45,476,630,1,100,30328,26063,0,12,3,23,23,ELECTION,0,0,34,14,8,46,7,11,27,34,22,0,0,0,0
60453,48,bully,7204,0,0,0,36,47,504,658,1,100,30276,27613,0,11,1,25,25,ELECTION,0,0,36,14,8,50,7,11,29,36,22,0,0,0,0
60641,97,bully,9134,1,1,5236,31,43,434,602,1,100,30830,25491,0,15,3,23,23,ELECTION,0,1,32,8,8,46,9,13,27,36,14,25,25,0,25
60807,66,bully,8394,0,0,0,36,47,504,658,1,100,30333,26755,0,11,1,25,25,ELECTION,0,0,36,14,8,50,7,11,29,36,22,0,0,0,0
60792,62,bully,8155,0,0,0,36,47,504,658,1,100,30303,26984,0,11,1,25,25,ELECTION,0,0,36,14,8,50,7,11,29,36,22,0,0,0,0
60874,50,bully,7663,0,0,0,36,47,504,658,1,100,30305,27539,0,11,1,25,25,ELECTION,0,0,36,14,8,50,7,11,29,36,22,0,0,0,0
60356,92,bully,8534,0,0,0,34,45,476,630,1,100,30991,25667,0,12,3,23,23,ELECTION,0,0,34,14,8,46,7,11,27,34,22,0,0,0,0
61018,55,bully,7968,0,0,0,36,47,504,658,1,100,30331,27316,0,11,1,25,25,ELECTION,0,0,36,14,8,50,7,11,29,36,22,0,0,0,0
60371,60,bully,7582,0,0,0,36,47,504,658,1,100,30323,27082,0,11,1,25,25,ELECTION,0,0,36,14,8,50,7,11,29,36,22,0,0,0,0
60671,33,bully,6605,0,0,0,36,46,504,644,1,100,30385,28355,0,10,1,26,26,ELECTION,0,0,36,14,6,52,7,10,29,36,20,1,0,0,0
60523,25,bully,6115,0,0,0,37,47,518,658,1,100,30294,28870,0,10,1,27,27,ELECTION,0,0,37,14,6,54,7,10,30,37,20,0,0,0,0
60180,54,bully,7039,0,0,0,36,47,504,658,1,100,30331,27412,0,11,1,25,25,ELECTION,0,0,36,14,8,50,7,11,29,36,22,0,0,0,0
60589,45,bully,7030,0,0,0,36,47,504,658,1,100,30258,27963,0,11,1,25,25,ELECTION,0,0,36,14,8,50,7,11,29,36,22,0,0,0,0
60995,79,bully,9041,0,0,0,34,45,476,630,1,100,30326,26337,0,12,3,23,23,ELECTION,0,0,34,14,8,46,7,11,27,34,22,0,0,0,0
60383,71,bully,8021,0,0,0,36,47,504,658,1,100,30335,26668,0,11,1,25,25,ELECTION,0,0,36,14,8,50,7,11,29,36,22,0,0,0,0
60468,16,bully,5502,0,0,0,37,47,518,658,1,100,30331,29329,0,10,1,27,27,ELECTION,0,0,37,14,6,54,7,10,30,37,20,0,0,0,0
61005,30,bully,6716,0,0,0,37,47,518,658,1,100,30316,28674,0,10,1,27,27,ELECTION,0,0,37,14,6,54,7,10,30,37,20,0,0,0,0
60656,65,bully,7956,0,0,0,36,47,504,658,1,100,30342,27014,0,11,1,25,25,ELECTION,0,0,36,14,8,50,7,11,29,36,22,0,0,0,0
60914,91,bully,8867,0,0,0,34,45,476,630,1,100,30994,25885,0,12,2,23,23,ELECTION,0,0,34,14,8,46,7,11,27,34,22,0,0,0,0
61268,73,bully,8929,0,0,0,35,46,490,644,1,100,30324,26695,0,12,2,24,24,ELECTION,0,0,35,14,8,48,7,11,28,35,22,0,0,0,0
61080,24,bully,6447,0,0,0,37,47,518,658,1,100,30288,29113,0,10,1,27,27,ELECTION,0,0,37,14,6,54,7,10,30,37,20,0,0,0,0
60813,19,bully,5884,0,0,0,37,47,518,658,1,100,30334,29251,0,10,1,27,27,ELECTION,0,0,37,14,6,54,7,10,30,37,20,0,0,0,0
60686,1,bully,4915,0,0,0,38,54,532,756,1,100,55678,4788,0,16,1,27,27,NORMAL,0,0,38,16,6,54,8,16,35,38,22,0,0,0,0
61298,9,bully,5897,0,0,0,38,49,532,686,1,100,30287,29843,0,11,1,27,27,ELECTION,0,0,38,16,6,54,8,11,30,38,22,0,0,0,0
60889,18,bully,5881,0,0,0,37,47,518,658,1,100,30325,29358,0,10,1,27,27,ELECTION,0,0,37,14,6,54,7,10,30,37,20,0,0,0,0
60884,12,bully,5505,0,0,0,38,49,532,686,1,100,30313,29705,0,11,1,27,27,ELECTION,0,0,38,16,6,54,8,11,30,38,22,0,0,0,0
60520,68,bully,7822,0,0,0,36,47,504,658,1,100,30356,27000,0,11,1,25,25,ELECTION,0,0,36,14,8,50,7,11,29,36,22,0,0,0,0
60741,10,bully,5321,0,0,0,38,49,532,686,1,100,30298,29844,0,11,1,27,27,ELECTION,0,0,38,16,6,54,8,11,30,38,22,0,0,0,0
61413,34,bully,7061,0,0,0,37,48,518,672,1,100,30390,28629,0,11,1,26,26,ELECTION,0,0,37,14,8,52,7,11,30,37,22,0,0,0,0
61010,47,bully,7247,0,0,0,36,47,504,658,1,100,30271,28088,0,11,1,25,25,ELECTION,0,0,36,14,8,50,7,11,29,36,22,0,0,0,0
61501,26,bully,6703,0,0,0,37,47,518,658,1,100,30259,29268,0,10,1,27,27,ELECTION,0,0,37,14,6,54,7,10,30,37,20,0,0,0,0
60814,53,bully,7161,0,0,0,36,47,504,658,1,100,30321,27942,0,11,1,25,25,ELECTION,0,0,36,14,8,50,7,11,29,36,22,0,0,0,0
61065,56,bully,7568,0,0,0,36,47,504,658,1,100,30321,27782,0,11,1,25,25,ELECTION,0,0,36,14,8,50,7,11,29,36,22,0,0,0,0
61365,29,bully,6618,0,0,0,37,47,518,658,1,100,30307,29135,0,10,1,27,27,ELECTION,0,0,37,14,6,54,7,10,30,37,20,0,0,0,0
61471,90,bully,8993,0,0,0,34,45,476,630,1,100,31013,26300,0,12,2,23,23,ELECTION,0,0,34,14,8,46,7,11,27,34,22,0,0,0,0
61260,77,bully,8753,0,0,0,35,46,490,644,1,100,30337,26869,0,12,2,24,24,ELECTION,0,0,35,14,8,48,7,11,28,35,22,0,0,0,0
61217,21,bully,6096,0,0,0,37,47,518,658,1,100,30290,29535,0,10,1,27,27,ELECTION,0,0,37,14,6,54,7,10,30,37,20,0,0,0,0
61050,88,bully,8433,0,0,0,35,46,490,644,1,100,30971,26430,0,12,2,24,24,ELECTION,0,0,35,14,8,48,7,11,28,35,22,0,0,0,0
61025,15,bully,5508,0,0,0,37,47,518,658,1,100,30328,29854,0,10,1,27,27,ELECTION,0,0,37,14,6,54,7,10,30,37,20,0,0,0,0
61623,76,bully,8979,0,0,0,35,46,490,644,1,100,30343,26993,0,12,2,24,24,ELECTION,0,0,35,14,8,48,7,11,28,35,22,0,0,0,0
60859,82,bully,8440,0,0,0,35,46,490,644,1,100,30283,26866,0,12,2,24,24,ELECTION,0,0,35,14,8,48,7,11,28,35,22,0,0,0,0
61187,85,bully,8868,0,0,0,35,46,490,644,1,100,30319,26737,0,12,2,24,24,ELECTION,0,0,35,14,8,48,7,11,28,35,22,0,0,0,0
61880,81,bully,9351,0,0,0,35,46,490,644,1,100,30303,26917,0,12,2,24,24,ELECTION,0,0,35,14,8,48,7,11,28,35,22,0,0,0,0
61147,44,bully,6804,0,0,0,36,47,504,658,1,100,30288,28706,0,11,1,25,25,ELECTION,0,0,36,14,8,50,7,11,29,36,22,0,0,0,0
60944,27,bully,5851,0,0,0,37,47,518,658,1,100,30272,29562,0,10,1,27,27,ELECTION,0,0,37,14,6,54,7,10,30,37,20,0,0,0,0
60935,64,bully,7513,0,0,0,36,47,504,658,1,100,30325,27729,0,11,1,25,25,ELECTION,0,0,36,14,8,50,7,11,29,36,22,0,0,0,0
61435,6,bully,5219,0,0,0,39,50,546,700,1,100,30293,30609,0,11,0,28,28,ELECTION,0,0,39,16,6,56,8,11,31,39,22,0,0,0,0
61283,41,bully,6724,0,0,0,37,48,518,672,1,100,30291,28927,0,11,1,26,26,ELECTION,0,0,37,14,8,52,7,11,30,37,22,0,0,0,0
61202,28,bully,6060,0,0,0,37,47,518,658,1,100,30293,29609,0,10,1,27,27,ELECTION,0,0,37,14,6,54,7,10,30,37,20,0,0,0,0
61689,75,bully,8651,0,0,0,35,46,490,644,1,100,30375,27322,0,12,2,24,24,ELECTION,0,0,35,14,8,48,7,11,28,35,22,0,0,0,0
61350,61,bully,7649,0,0,0,36,47,504,658,1,100,30315,28000,0,11,1,25,25,ELECTION,0,0,36,14,8,50,7,11,29,36,22,0,0,0,0
61183,37,bully,6337,0,0,0,37,48,518,672,1,100,30316,29188,0,11,1,26,26,ELECTION,0,0,37,14,8,52,7,11,30,37,22,0,0,0,0
61238,17,bully,5433,0,0,0,38,48,532,672,1,100,30313,30191,0,10,1,28,28,ELECTION,0,0,38,14,6,56,7,10,31,38,20,0,0,0,0
61405,70,bully,8054,0,0,0,36,47,504,658,1,100,30334,27656,0,11,1,25,25,ELECTION,0,0,36,14,8,50,7,11,29,36,22,0,0,0,0
61895,49,bully,7546,0,0,0,36,47,504,658,1,100,30278,28702,0,11,1,25,25,ELECTION,0,0,36,14,8,50,7,11,29,36,22,0,0,0,0
61993,94,bully,9129,0,0,0,36,48,504,672,1,100,30924,26744,0,13,2,24,24,ELECTION,0,0,36,16,8,48,8,12,28,36,24,1,0,0,0
61213,96,bully,8455,1,0,0,37,50,518,700,1,100,26818,30741,0,15,2,24,24,ELECTION,0,0,37,18,8,48,9,13,28,37,26,1,0,0,0
61744,84,bully,9040,0,0,0,35,46,490,644,1,100,30299,27163,0,12,2,24,24,ELECTION,0,0,35,14,8,48,7,11,28,35,22,0,0,0,0
61856,8,bully,5478,0,0,0,39,50,546,700,1,100,30311,30780,0,11,0,28,28,ELECTION,0,0,39,16,6,56,8,11,31,39,22,0,0,0,0
61759,52,bully,7415,0,0,0,36,47,504,658,1,100,30316,28629,0,11,1,25,25,ELECTION,0,0,36,14,8,50,7,11,29,36,22,0,0,0,0
61638,23,bully,6006,0,0,0,38,48,532,672,1,100,30284,30105,0,10,1,28,28,ELECTION,0,0,38,14,6,56,7,10,31,38,20,0,0,0,0
61486,58,bully,7387,0,0,0,36,47,504,658,1,100,30344,28355,0,11,1,25,25,ELECTION,0,0,36,14,8,50,7,11,29,36,22,0,0,0,0
61335,93,bully,8312,1,0,0,36,47,504,658,1,100,30992,26835,0,13,2,24,24,ELECTION,0,0,36,16,8,48,7,11,28,35,24,0,0,0,0
61692,32,bully,6364,0,0,0,38,48,532,672,1,100,30373,29635,0,10,1,28,28,ELECTION,0,0,38,14,6,56,7,10,31,38,20,0,0,0,0
61526,99,bully,7866,1,0,0,23,33,322,462,1,100,27430,30798,0,12,8,12,12,ELECTION,0,0,23,16,6,24,7,10,15,22,22,0,0,0,0
61498,72,bully,8030,0,0,0,36,47,504,658,1,100,30325,27811,0,11,1,25,25,ELECTION,0,0,36,14,8,50,7,11,29,36,22,0,0,0,0
61556,35,bully,6309,0,0,0,38,49,532,686,1,100,30382,29529,0,11,1,27,27,ELECTION,0,0,38,14,8,54,7,11,31,38,22,0,0,0,0
61719,11,bully,5307,0,0,0,39,50,546,700,1,100,30307,30790,0,11,0,28,28,ELECTION,0,0,39,16,6,56,8,11,31,39,22,0,0,0,0
61541,67,bully,7792,0,0,0,36,47,504,658,1,100,30342,28096,0,11,1,25,25,ELECTION,0,0,36,14,8,50,7,11,29,36,22,0,0,0,0
61608,87,bully,8067,0,0,0,35,46,490,644,1,100,30944,27388,0,12,2,24,24,ELECTION,0,0,35,14,8,48,7,11,28,35,22,0,0,0,0
61704,43,bully,6630,0,0,0,37,48,518,672,1,100,30290,29418,0,11,1,26,26,ELECTION,0,0,37,14,8,52,7,11,30,37,22,0,0,0,0
61992,5,bully,5042,0,0,0,39,50,546,700,1,100,30297,31338,0,11,0,28,28,ELECTION,0,0,39,16,6,56,8,11,31,39,22,0,0,0,0
61841,40,bully,6571,0,0,0,38,49,532,686,1,100,30301,29590,0,11,1,27,27,ELECTION,0,0,38,14,8,54,7,11,31,38,22,0,0,0,0
61962,69,bully,7947,0,0,0,36,47,504,658,1,100,30312,28374,0,11,1,25,25,ELECTION,0,0,36,14,8,50,7,11,29,36,22,0,0,0,0
61977,83,bully,8572,0,0,0,35,46,490,644,1,100,30300,27844,0,12,2,24,24,ELECTION,0,0,35,14,8,48,7,11,28,35,22,0,0,0,0
70084,98,bully,8601,3,1,4517,22,31,308,434,1,100,27456,38544,0,11,11,12,12,ELECTION,0,3,23,14,6,24,5,9,16,21,20,0,0,0,0
70113,13,bully,6073,0,0,0,42,53,588,742,1,100,30285,38432,0,11,1,32,32,ELECTION,0,0,42,14,6,64,8,11,35,43,20,0,0,0,0
70165,86,bully,8907,1,1,4742,39,50,546,700,1,100,31004,34996,0,12,3,28,28,ELECTION,0,2,40,14,8,56,7,11,32,39,22,0,0,0,0
70128,2,bully,5503,0,0,0,43,54,602,756,1,100,30285,39030,0,11,1,32,32,ELECTION,0,0,43,16,6,64,8,11,35,43,22,0,0,0,0
70015,4,bully,5385,0,0,0,43,54,602,756,1,100,30326,38957,0,11,1,32,32,ELECTION,0,0,43,16,6,64,8,11,35,43,22,0,0,0,0
70195,22,bully,6345,0,0,0,42,52,588,728,1,100,30267,38345,0,10,1,32,32,ELECTION,0,0,42,14,6,64,7,10,35,42,20,0,0,0,0
70355,38,bully,7025,0,0,0,42,53,588,742,1,100,30315,37651,0,11,1,31,31,ELECTION,0,0,42,14,8,62,7,11,35,42,22,0,0,0,0
70316,51,bully,7554,0,0,0,40,51,560,714,1,100,30299,37060,0,11,1,29,29,ELECTION,0,0,40,14,8,58,7,11,33,40,22,0,0,0,0
70017,78,bully,8490,0,0,0,39,50,546,700,1,100,30350,35877,0,12,3,28,28,ELECTION,0,0,39,14,8,56,7,11,32,39,22,0,0,0,0
70534,36,bully,6992,0,0,0,42,53,588,742,1,100,30358,37856,0,11,1,31,31,ELECTION,0,0,42,14,8,62,7,11,35,42,22,0,0,0,0
70711,74,bully,8917,0,0,0,39,50,546,700,1,100,30354,36090,0,12,3,28,28,ELECTION,0,0,39,14,8,56,7,11,32,39,22,0,0,0,0
70549,3,bully,5375,0,0,0,43,54,602,756,1,100,30259,39604,0,11,1,32,32,ELECTION,0,0,43,16,6,64,8,11,35,43,22,0,0,0,0
70032,46,bully,6870,0,0,0,41,52,574,728,1,100,30280,37495,0,11,1,30,30,ELECTION,0,0,41,14,8,60,7,11,34,41,22,0,0,0,0
70029,89,bully,8313,0,0,0,39,50,546,700,1,100,30983,35565,0,12,3,28,28,ELECTION,0,0,39,14,8,56,7,11,32,39,22,0,0,0,0
70726,42,bully,7368,0,0,0,41,52,574,728,1,100,30285,37740,0,11,1,30,30,ELECTION,0,0,41,14,8,60,7,11,34,41,22,0,0,0,0
70331,95,bully,8874,1,0,0,41,53,574,742,1,100,26883,39352,0,14,3,28,28,ELECTION,0,0,41,18,8,56,8,12,32,40,26,0,0,0,0
70506,100,bully,5174,1,1,4669,48,34,672,476,1,100,30303,39698,0,11,1,32,12,ELECTION,0,15,48,16,16,64,8,11,15,23,22,0,0,0,0
70250,31,bully,6305,0,0,0,42,52,588,728,1,100,30342,38298,0,10,1,32,32,ELECTION,0,0,42,14,6,64,7,10,35,42,20,0,0,0,0
70574,59,bully,7869,0,0,0,41,52,574,728,1,100,30352,36947,0,11,1,30,30,ELECTION,0,0,41,14,8,60,7,11,34,41,22,0,0,0,0
70877,7,bully,5725,0,0,0,43,54,602,756,1,100,30293,39553,0,11,1,32,32,ELECTION,0,0,43,16,6,64,8,11,35,43,22,0,0,0,0
70047,14,bully,5201,0,0,0,42,52,588,728,1,100,30328,39176,0,10,1,32,32,ELECTION,0,0,42,14,6,64,7,10,35,42,20,0,0,0,0
70862,39,bully,7245,0,0,0,42,53,588,742,1,100,30266,38015,0,11,1,31,31,ELECTION,0,0,42,14,8,62,7,11,35,42,22,0,0,0,0
70044,57,bully,7219,0,0,0,41,52,574,728,1,100,30334,37084,0,11,1,30,30,ELECTION,0,0,41,14,8,60,7,11,34,41,22,0,0,0,0
70235,63,bully,7725,0,0,0,41,52,574,728,1,100,30315,36849,0,11,1,30,30,ELECTION,0,0,41,14,8,60,7,11,34,41,22,0,0,0,0
70777,20,bully,6262,0,0,0,42,52,588,728,1,100,30291,38928,0,10,1,32,32,ELECTION,0,0,42,14,6,64,7,10,35,42,20,0,0,0,0
70438,80,bully,8730,0,0,0,39,50,546,700,1,100,30328,36063,0,12,3,28,28,ELECTION,0,0,39,14,8,56,7,11,32,39,22,0,0,0,0
70453,48,bully,7204,0,0,0,41,52,574,728,1,100,30276,37613,0,11,1,30,30,ELECTION,0,0,41,14,8,60,7,11,34,41,22,0,0,0,0
70641,97,bully,9134,1,1,5236,36,48,504,672,1,100,30830,35491,0,15,3,28,28,ELECTION,0,1,37,8,8,56,9,13,32,41,14,35,35,1,35
70807,66,bully,8394,0,0,0,41,52,574,728,1,100,30333,36755,0,11,1,30,30,ELECTION,0,0,41,14,8,60,7,11,34,41,22,0,0,0,0
70792,62,bully,8155,0,0,0,41,52,574,728,1,100,30303,36984,0,11,1,30,30,ELECTION,0,0,41,14,8,60,7,11,34,41,22,0,0,0,0
70874,50,bully,7663,0,0,0,41,52,574,728,1,100,30305,37539,0,11,1,30,30,ELECTION,0,0,41,14,8,60,7,11,34,41,22,0,0,0,0
70356,92,bully,8534,0,0,0,39,50,546,700,1,100,30991,35667,0,12,3,28,28,ELECTION,0,0,39,14,8,56,7,11,32,39,22,0,0,0,0
71018,55,bully,7968,0,0,0,41,52,574,728,1,100,30331,37316,0,11,1,30,30,ELECTION,0,0,41,14,8,60,7,11,34,41,22,0,0,0,0
70371,60,bully,7582,0,0,0,41,52,574,728,1,100,30323,37082,0,11,1,30,30,ELECTION,0,0,41,14,8,60,7,11,34,41,22,0,0,0,0
70671,33,bully,6605,0,0,0,41,51,574,714,1,100,30385,38355,0,10,1,31,31,ELECTION,0,0,41,14,6,62,7,10,34,41,20,1,0,0,0
70523,25,bully,6115,0,0,0,42,52,588,728,1,100,30294,38870,0,10,1,32,32,ELECTION,0,0,42,14,6,64,7,10,35,42,20,0,0,0,0
70180,54,bully,7039,0,0,0,41,52,574,728,1,100,30331,37412,0,11,1,30,30,ELECTION,0,0,41,14,8,60,7,11,34,41,22,0,0,0,0
70589,45,bully,7030,0,0,0,41,52,574,728,1,100,30258,37963,0,11,1,30,30,ELECTION,0,0,41,14,8,60,7,11,34,41,22,0,0,0,0
70995,79,bully,9041,0,0,0,39,50,546,700,1,100,30326,36337,0,12,3,28,28,ELECTION,0,0,39,14,8,56,7,11,32,39,22,0,0,0,0
70383,71,bully,8021,0,0,0,41,52,574,728,1,100,30335,36668,0,11,1,30,30,ELECTION,0,0,41,14,8,60,7,11,34,41,22,0,0,0,0
70468,16,bully,5502,0,0,0,42,52,588,728,1,100,30331,39329,0,10,1,32,32,ELECTION,0,0,42,14,6,64,7,10,35,42,20,0,0,0,0
71005,30,bully,6716,0,0,0,42,52,588,728,1,100,30316,38674,0,10,1,32,32,ELECTION,0,0,42,14,6,64,7,10,35,42,20,0,0,0,0
70656,65,bully,7956,0,0,0,41,52,574,728,1,100,30342,37014,0,11,1,30,30,ELECTION,0,0,41,14,8,60,7,11,34,41,22,0,0,0,0
70914,91,bully,8867,0,0,0,39,50,546,700,1,100,30994,35885,0,12,2,28,28,ELECTION,0,0,39,14,8,56,7,11,32,39,22,0,0,0,0
71268,73,bully,8929,0,0,0,40,51,560,714,1,100,30324,36695,0,12,2,29,29,ELECTION,0,0,40,14,8,58,7,11,33,40,22,0,0,0,0
71080,24,bully,6447,0,0,0,42,52,588,728,1,100,30288,39113,0,10,1,32,32,ELECTION,0,0,42,14,6,64,7,10,35,42,20,0,0,0,0
70813,19,bully,5884,0,0,0,42,52,588,728,1,100,30334,39251,0,10,1,32,32,ELECTION,0,0,42,14,6,64,7,10,35,42,20,0,0,0,0
70686,1,bully,4915,0,0,0,43,59,602,826,1,100,65678,4788,0,16,1,32,32,NORMAL,0,0,43,16,6,64,8,16,40,43,22,0,0,0,0
71298,9,bully,5897,0,0,0,43,54,602,756,1,100,30287,39843,0,11,1,32,32,ELECTION,0,0,43,16,6,64,8,11,35,43,22,0,0,0,0
70889,18,bully,5881,0,0,0,42,52,588,728,1,100,30325,39358,0,10,1,32,32,ELECTION,0,0,42,14,6,64,7,10,35,42,20,0,0,0,0
70884,12,bully,5505,0,0,0,43,54,602,756,1,100,30313,39705,0,11,1,32,32,ELECTION,0,0,43,16,6,64,8,11,35,43,22,0,0,0,0
70520,68,bully,7822,0,0,0,41,52,574,728,1,100,30356,37000,0,11,1,30,30,ELECTION,0,0,41,14,8,60,7,11,34,41,22,0,0,0,0
70741,10,bully,5321,0,0,0,43,54,602,756,1,100,30298,39844,0,11,1,32,32,ELECTION,0,0,43,16,6,64,8,11,35,43,22,0,0,0,0
71413,34,bully,7061,0,0,0,42,53,588,742,1,100,30390,38629,0,11,1,31,31,ELECTION,0,0,42,14,8,62,7,11,35,42,22,0,0,0,0
71010,47,bully,7247,0,0,0,41,52,574,728,1,100,30271,38088,0,11,1,30,30,ELECTION,0,0,41,14,8,60,7,11,34,41,22,0,0,0,0
71501,26,bully,6703,0,0,0,42,52,588,728,1,100,30259,39268,0,10,1,32,32,ELECTION,0,0,42,14,6,64,7,10,35,42,20,0,0,0,0
70814,53,bully,7161,0,0,0,41,52,574,728,1,100,30321,37942,0,11,1,30,30,ELECTION,0,0,41,14,8,60,7,11,34,41,22,0,0,0,0
71065,56,bully,7568,0,0,0,41,52,574,728,1,100,30321,37782,0,11,1,30,30,ELECTION,0,0,41,14,8,60,7,11,34,41,22,0,0,0,0
71365,29,bully,6618,0,0,0,42,52,588,728,1,100,30307,39135,0,10,1,32,32,ELECTION,0,0,42,14,6,64,7,10,35,42,20,0,0,0,0
71471,90,bully,8993,0,0,0,40,51,560,714,1,100,31013,36300,0,12,2,29,29,ELECTION,0,0,40,14,8,58,7,11,33,40,22,0,0,0,0
71260,77,bully,8753,0,0,0,40,51,560,714,1,100,30337,36869,0,12,2,29,29,ELECTION,0,0,40,14,8,58,7,11,33,40,22,0,0,0,0
71217,21,bully,6096,0,0,0,42,52,588,728,1,100,30290,39535,0,10,1,32,32,ELECTION,0,0,42,14,6,64,7,10,35,42,20,0,0,0,0
71050,88,bully,8433,0,0,0,40,51,560,714,1,100,30971,36430,0,12,2,29,29,ELECTION,0,0,40,14,8,58,7,11,33,40,22,0,0,0,0
71025,15,bully,5508,0,0,0,42,52,588,728,1,100,30328,39854,0,10,1,32,32,ELECTION,0,0,42,14,6,64,7,10,35,42,20,0,0,0,0
71623,76,bully,8979,0,0,0,40,51,560,714,1,100,30343,36993,0,12,2,29,29,ELECTION,0,0,40,14,8,58,7,11,33,40,22,0,0,0,0
70859,82,bully,8440,0,0,0,40,51,560,714,1,100,30283,36866,0,12,2,29,29,ELECTION,0,0,40,14,8,58,7,11,33,40,22,0,0,0,0
71187,85,bully,8868,0,0,0,40,51,560,714,1,100,30319,36737,0,12,2,29,29,ELECTION,0,0,40,14,8,58,7,11,33,40,22,0,0,0,0
71880,81,bully,9351,0,0,0,40,51,560,714,1,100,30303,36917,0,12,2,29,29,ELECTION,0,0,40,14,8,58,7,11,33,40,22,0,0,0,0
71147,44,bully,6804,0,0,0,41,52,574,728,1,100,30288,38706,0,11,1,30,30,ELECTION,0,0,41,14,8,60,7,11,34,41,22,0,0,0,0
70944,27,bully,5851,0,0,0,42,52,588,728,1,100,30272,39562,0,10,1,32,32,ELECTION,0,0,42,14,6,64,7,10,35,42,20,0,0,0,0
70935,64,bully,7513,0,0,0,41,52,574,728,1,100,30325,37729,0,11,1,30,30,ELECTION,0,0,41,14,8,60,7,11,34,41,22,0,0,0,0
71435,6,bully,5219,0,0,0,44,55,616,770,1,100,30293,40609,0,11,0,33,33,ELECTION,0,0,44,16,6,66,8,11,36,44,22,0,0,0,0
71283,41,bully,6724,0,0,0,42,53,588,742,1,100,30291,38927,0,11,1,31,31,ELECTION,0,0,42,14,8,62,7,11,35,42,22,0,0,0,0
71202,28,bully,6060,0,0,0,42,52,588,728,1,100,30293,39609,0,10,1,32,32,ELECTION,0,0,42,14,6,64,7,10,35,42,20,0,0,0,0
71689,75,bully,8651,0,0,0,40,51,560,714,1,100,30375,37322,0,12,2,29,29,ELECTION,0,0,40,14,8,58,7,11,33,40,22,0,0,0,0
71350,61,bully,7649,0,0,0,41,52,574,728,1,100,30315,38000,0,11,1,30,30,ELECTION,0,0,41,14,8,60,7,11,34,41,22,0,0,0,0
71183,37,bully,6337,0,0,0,42,53,588,742,1,100,30316,39188,0,11,1,31,31,ELECTION,0,0,42,14,8,62,7,11,35,42,22,0,0,0,0
71238,17,bully,5433,0,0,0,43,53,602,742,1,100,30313,40191,0,10,1,33,33,ELECTION,0,0,43,14,6,66,7,10,36,43,20,0,0,0,0
71405,70,bully,8054,0,0,0,41,52,574,728,1,100,30334,37656,0,11,1,30,30,ELECTION,0,0,41,14,8,60,7,11,34,41,22,0,0,0,0
71895,49,bully,7546,0,0,0,41,52,574,728,1,100,30278,38702,0,11,1,30,30,ELECTION,0,0,41,14,8,60,7,11,34,41,22,0,0,0,0
71993,94,bully,9129,0,0,0,41,53,574,742,1,100,30924,36744,0,13,2,29,29,ELECTION,0,0,41,16,8,58,8,12,33,41,24,1,0,0,0
71213,96,bully,8455,1,0,0,42,55,588,770,1,100,26818,40741,0,15,2,29,29,ELECTION,0,0,42,18,8,58,9,13,33,42,26,1,0,0,0
71744,84,bully,9040,0,0,0,40,51,560,714,1,100,30299,37163,0,12,2,29,29,ELECTION,0,0,40,14,8,58,7,11,33,40,22,0,0,0,0
71856,8,bully,5478,0,0,0,44,55,616,770,1,100,30311,40780,0,11,0,33,33,ELECTION,0,0,44,16,6,66,8,11,36,44,22,0,0,0,0
71759,52,bully,7415,0,0,0,41,52,574,728,1,100,30316,38629,0,11,1,30,30,ELECTION,0,0,41,14,8,60,7,11,34,41,22,0,0,0,0
71638,23,bully,6006,0,0,0,43,53,602,742,1,100,30284,40105,0,10,1,33,33,ELECTION,0,0,43,14,6,66,7,10,36,43,20,0,0,0,0
71486,58,bully,7387,0,0,0,41,52,574,728,1,100,30344,38355,0,11,1,30,30,ELECTION,0,0,41,14,8,60,7,11,34,41,22,0,0,0,0
71335,93,bully,8312,1,0,0,41,52,574,728,1,100,30992,36835,0,13,2,29,29,ELECTION,0,0,41,16,8,58,7,11,33,40,24,0,0,0,0
71692,32,bully,6364,0,0,0,43,53,602,742,1,100,30373,39635,0,10,1,33,33,ELECTION,0,0,43,14,6,66,7,10,36,43,20,0,0,0,0
71526,99,bully,7866,1,0,0,23,33,322,462,1,100,27430,40798,0,12,11,12,12,ELECTION,0,0,23,16,6,24,7,10,15,22,22,0,0,0,0
71498,72,bully,8030,0,0,0,41,52,574,728,1,100,30325,37811,0,11,1,30,30,ELECTION,0,0,41,14,8,60,7,11,34,41,22,0,0,0,0
71556,35,bully,6309,0,0,0,43,54,602,756,1,100,30382,39529,0,11,1,32,32,ELECTION,0,0,43,14,8,64,7,11,36,43,22,0,0,0,0
71719,11,bully,5307,0,0,0,44,55,616,770,1,100,30307,40790,0,11,0,33,33,ELECTION,0,0,44,16,6,66,8,11,36,44,22,0,0,0,0
71541,67,bully,7792,0,0,0,41,52,574,728,1,100,30342,38096,0,11,1,30,30,ELECTION,0,0,41,14,8,60,7,11,34,41,22,0,0,0,0
71608,87,bully,8067,0,0,0,40,51,560,714,1,100,30944,37388,0,12,2,29,29,ELECTION,0,0,40,14,8,58,7,11,33,40,22,0,0,0,0
71704,43,bully,6630,0,0,0,42,53,588,742,1,100,30290,39418,0,11,1,31,31,ELECTION,0,0,42,14,8,62,7,11,35,42,22,0,0,0,0
71992,5,bully,5042,0,0,0,44,55,616,770,1,100,30297,41338,0,11,0,33,33,ELECTION,0,0,44,16,6,66,8,11,36,44,22,0,0,0,0
71841,40,bully,6571,0,0,0,43,54,602,756,1,100,30301,39590,0,11,1,32,32,ELECTION,0,0,43,14,8,64,7,11,36,43,22,0,0,0,0
71962,69,bully,7947,0,0,0,41,52,574,728,1,100,30312,38374,0,11,1,30,30,ELECTION,0,0,41,14,8,60,7,11,34,41,22,0,0,0,0
71977,83,bully,8572,0,0,0,40,51,560,714,1,100,30300,37844,0,12,2,29,29,ELECTION,0,0,40,14,8,58,7,11,33,40,22,0,0,0,0
80084,98,bully,8601,3,1,4517,22,31,308,434,1,100,27456,48544,0,11,14,12,12,ELECTION,0,3,23,14,6,24,5,9,16,21,20,0,0,0,0
80113,13,bully,6073,0,0,0,47,58,658,812,1,100,30285,48432,0,11,1,37,37,ELECTION,0,0,47,14,6,74,8,11,40,48,20,0,0,0,0
80165,86,bully,8907,1,1,4742,44,55,616,770,1,100,31004,44996,0,12,3,33,33,ELECTION,0,2,45,14,8,66,7,11,37,44,22,0,0,0,0
80128,2,bully,5503,0,0,0,48,59,672,826,1,100,30285,49030,0,11,1,37,37,ELECTION,0,0,48,16,6,74,8,11,40,48,22,0,0,0,0
80015,4,bully,5385,0,0,0,48,59,672,826,1,100,30326,48957,0,11,1,37,37,ELECTION,0,0,48,16,6,74,8,11,40,48,22,0,0,0,0
80195,22,bully,6345,0,0,0,47,57,658,798,1,100,30267,48345,0,10,1,37,37,ELECTION,0,0,47,14,6,74,7,10,40,47,20,0,0,0,0
80355,38,bully,7025,0,0,0,47,58,658,812,1,100,30315,47651,0,11,1,36,36,ELECTION,0,0,47,14,8,72,7,11,40,47,22,0,0,0,0
80316,51,bully,7554,0,0,0,45,56,630,784,1,100,30299,47060,0,11,1,34,34,ELECTION,0,0,45,14,8,68,7,11,38,45,22,0,0,0,0
80017,78,bully,8490,0,0,0,44,55,616,770,1,100,30350,45877,0,12,3,33,33,ELECTION,0,0,44,14,8,66,7,11,37,44,22,0,0,0,0
80534,36,bully,6992,0,0,0,47,58,658,812,1,100,30358,47856,0,11,1,36,36,ELECTION,0,0,47,14,8,72,7,11,40,47,22,0,0,0,0
80711,74,bully,8917,0,0,0,44,55,616,770,1,100,30354,46090,0,12,3,33,33,ELECTION,0,0,44,14,8,66,7,11,37,44,22,0,0,0,0
80549,3,bully,5375,0,0,0,48,59,672,826,1,100,30259,49604,0,11,1,37,37,ELECTION,0,0,48,16,6,74,8,11,40,48,22,0,0,0,0
80032,46,bully,6870,0,0,0,46,57,644,798,1,100,30280,47495,0,11,1,35,35,ELECTION,0,0,46,14,8,70,7,11,39,46,22,0,0,0,0
80029,89,bully,8313,0,0,0,44,55,616,770,1,100,30983,45565,0,12,3,33,33,ELECTION,0,0,44,14,8,66,7,11,37,44,22,0,0,0,0
80726,42,bully,7368,0,0,0,46,57,644,798,1,100,30285,47740,0,11,1,35,35,ELECTION,0,0,46,14,8,70,7,11,39,46,22,0,0,0,0
80331,95,bully,8874,1,0,0,46,58,644,812,1,100,26883,49352,0,14,3,33,33,ELECTION,0,0,46,18,8,66,8,12,37,45,26,0,0,0,0
80506,100,bully,5174,1,1,4669,53,34,742,476,1,100,30303,49698,0,11,1,37,12,ELECTION,0,15,53,16,16,74,8,11,15,23,22,0,0,0,0
80250,31,bully,6305,0,0,0,47,57,658,798,1,100,30342,48298,0,10,1,37,37,ELECTION,0,0,47,14,6,74,7,10,40,47,20,0,0,0,0
80574,59,bully,7869,0,0,0,45,56,630,784,1,100,30352,46947,0,11,1,34,34,ELECTION,0,0,45,14,8,68,7,11,38,45,22,0,0,0,0
80877,7,bully,5725,0,0,0,48,59,672,826,1,100,30293,49553,0,11,1,37,37,ELECTION,0,0,48,16,6,74,8,11,40,48,22,0,0,0,0
80047,14,bully,5201,0,0,0,47,57,658,798,1,100,30328,49176,0,10,1,37,37,ELECTION,0,0,47,14,6,74,7,10,40,47,20,0,0,0,0
80862,39,bully,7245,0,0,0,47,58,658,812,1,100,30266,48015,0,11,1,36,36,ELECTION,0,0,47,14,8,72,7,11,40,47,22,0,0,0,0
80044,57,bully,7219,0,0,0,46,57,644,798,1,100,30334,47084,0,11,1,35,35,ELECTION,0,0,46,14,8,70,7,11,39,46,22,0,0,0,0
80235,63,bully,7725,0,0,0,45,56,630,784,1,100,30315,46849,0,11,1,34,34,ELECTION,0,0,45,14,8,68,7,11,38,45,22,0,0,0,0
80777,20,bully,6262,0,0,0,47,57,658,798,1,100,30291,48928,0,10,1,37,37,ELECTION,0,0,47,14,6,74,7,10,40,47,20,0,0,0,0
80438,80,bully,8730,0,0,0,44,55,616,770,1,100,30328,46063,0,12,3,33,33,ELECTION,0,0,44,14,8,66,7,11,37,44,22,0,0,0,0
80453,48,bully,7204,0,0,0,46,57,644,798,1,100,30276,47613,0,11,1,35,35,ELECTION,0,0,46,14,8,70,7,11,39,46,22,0,0,0,0
80641,97,bully,9134,1,1,5236,41,53,574,742,1,100,30830,45491,0,15,3,33,33,ELECTION,0,1,42,8,8,66,9,13,37,46,14,45,45,1,45
80807,66,bully,8394,0,0,0,45,56,630,784,1,100,30333,46755,0,11,1,34,34,ELECTION,0,0,45,14,8,68,7,11,38,45,22,0,0,0,0
80792,62,bully,8155,0,0,0,46,57,644,798,1,100,30303,46984,0,11,1,35,35,ELECTION,0,0,46,14,8,70,7,11,39,46,22,0,0,0,0
80874,50,bully,7663,0,0,0,46,57,644,798,1,100,30305,47539,0,11,1,35,35,ELECTION,0,0,46,14,8,70,7,11,39,46,22,0,0,0,0
80356,92,bully,8534,0,0,0,44,55,616,770,1,100,30991,45667,0,12,3,33,33,ELECTION,0,0,44,14,8,66,7,11,37,44,22,0,0,0,0
81018,55,bully,7968,0,0,0,46,57,644,798,1,100,30331,47316,0,11,1,35,35,ELECTION,0,0,46,14,8,70,7,11,39,46,22,0,0,0,0
80371,60,bully,7582,0,0,0,46,57,644,798,1,100,30323,47082,0,11,1,35,35,ELECTION,0,0,46,14,8,70,7,11,39,46,22,0,0,0,0
80671,33,bully,6605,0,0,0,46,56,644,784,1,100,30385,48355,0,10,1,36,36,ELECTION,0,0,46,14,6,72,7,10,39,46,20,1,0,0,0
80523,25,bully,6115,0,0,0,47,57,658,798,1,100,30294,48870,0,10,1,37,37,ELECTION,0,0,47,14,6,74,7,10,40,47,20,0,0,0,0
80180,54,bully,7039,0,0,0,46,57,644,798,1,100,30331,47412,0,11,1,35,35,ELECTION,0,0,46,14,8,70,7,11,39,46,22,0,0,0,0
80589,45,bully,7030,0,0,0,46,57,644,798,1,100,30258,47963,0,11,1,35,35,ELECTION,0,0,46,14,8,70,7,11,39,46,22,0,0,0,0
80995,79,bully,9041,0,0,0,44,55,616,770,1,100,30326,46337,0,12,3,33,33,ELECTION,0,0,44,14,8,66,7,11,37,44,22,0,0,0,0
80383,71,bully,8021,0,0,0,46,57,644,798,1,100,30335,46668,0,11,1,35,35,ELECTION,0,0,46,14,8,70,7,11,39,46,22,0,0,0,0
80468,16,bully,5502,0,0,0,47,57,658,798,1,100,30331,49329,0,10,1,37,37,ELECTION,0,0,47,14,6,74,7,10,40,47,20,0,0,0,0
81005,30,bully,6716,0,0,0,47,57,658,798,1,100,30316,48674,0,10,1,37,37,ELECTION,0,0,47,14,6,74,7,10,40,47,20,0,0,0,0
80656,65,bully,7956,0,0,0,46,57,644,798,1,100,30342,47014,0,11,1,35,35,ELECTION,0,0,46,14,8,70,7,11,39,46,22,0,0,0,0
80914,91,bully,8867,0,0,0,44,55,616,770,1,100,30994,45885,0,12,2,33,33,ELECTION,0,0,44,14,8,66,7,11,37,44,22,0,0,0,0
81268,73,bully,8929,0,0,0,45,56,630,784,1,100,30324,46695,0,12,2,34,34,ELECTION,0,0,45,14,8,68,7,11,38,45,22,0,0,0,0
81080,24,bully,6447,0,0,0,47,57,658,798,1,100,30288,49113,0,10,1,37,37,ELECTION,0,0,47,14,6,74,7,10,40,47,20,0,0,0,0
80813,19,bully,5884,0,0,0,47,57,658,798,1,100,30334,49251,0,10,1,37,37,ELECTION,0,0,47,14,6,74,7,10,40,47,20,0,0,0,0
80686,1,bully,4915,0,0,0,48,64,672,896,1,100,75678,4788,0,16,1,37,37,NORMAL,0,0,48,16,6,74,8,16,45,48,22,0,0,0,0
81298,9,bully,5897,0,0,0,48,59,672,826,1,100,30287,49843,0,11,1,37,37,ELECTION,0,0,48,16,6,74,8,11,40,48,22,0,0,0,0
80889,18,bully,5881,0,0,0,47,57,658,798,1,100,30325,49358,0,10,1,37,37,ELECTION,0,0,47,14,6,74,7,10,40,47,20,0,0,0,0
80884,12,bully,5505,0,0,0,48,59,672,826,1,100,30313,49705,0,11,1,37,37,ELECTION,0,0,48,16,6,74,8,11,40,48,22,0,0,0,0
80520,68,bully,7822,0,0,0,46,57,644,798,1,100,30356,47000,0,11,1,35,35,ELECTION,0,0,46,14,8,70,7,11,39,46,22,0,0,0,0
80741,10,bully,5321,0,0,0,48,59,672,826,1,100,30298,49844,0,11,1,37,37,ELECTION,0,0,48,16,6,74,8,11,40,48,22,0,0,0,0
81413,34,bully,7061,0,0,0,47,58,658,812,1,100,30390,48629,0,11,1,36,36,ELECTION,0,0,47,14,8,72,7,11,40,47,22,0,0,0,0
81010,47,bully,7247,0,0,0,46,57,644,798,1,100,30271,48088,0,11,1,35,35,ELECTION,0,0,46,14,8,70,7,11,39,46,22,0,0,0,0
81501,26,bully,6703,0,0,0,47,57,658,798,1,100,30259,49268,0,10,1,37,37,ELECTION,0,0,47,14,6,74,7,10,40,47,20,0,0,0,0
80814,53,bully,7161,0,0,0,46,57,644,798,1,100,30321,47942,0,11,1,35,35,ELECTION,0,0,46,14,8,70,7,11,39,46,22,0,0,0,0
81065,56,bully,7568,0,0,0,46,57,644,798,1,100,30321,47782,0,11,1,35,35,ELECTION,0,0,46,14,8,70,7,11,39,46,22,0,0,0,0
81365,29,bully,6618,0,0,0,47,57,658,798,1,100,30307,49135,0,10,1,37,37,ELECTION,0,0,47,14,6,74,7,10,40,47,20,0,0,0,0
81471,90,bully,8993,0,0,0,44,55,616,770,1,100,31013,46300,0,12,2,33,33,ELECTION,0,0,44,14,8,66,7,11,37,44,22,0,0,0,0
81260,77,bully,8753,0,0,0,45,56,630,784,1,100,30337,46869,0,12,2,34,34,ELECTION,0,0,45,14,8,68,7,11,38,45,22,0,0,0,0
81217,21,bully,6096,0,0,0,47,57,658,798,1,100,30290,49535,0,10,1,37,37,ELECTION,0,0,47,14,6,74,7,10,40,47,20,0,0,0,0
81050,88,bully,8433,0,0,0,45,56,630,784,1,100,30971,46430,0,12,2,34,34,ELECTION,0,0,45,14,8,68,7,11,38,45,22,0,0,0,0
81025,15,bully,5508,0,0,0,47,57,658,798,1,100,30328,49854,0,10,1,37,37,ELECTION,0,0,47,14,6,74,7,10,40,47,20,0,0,0,0
81623,76,bully,8979,0,0,0,45,56,630,784,1,100,30343,46993,0,12,2,34,34,ELECTION,0,0,45,14,8,68,7,11,38,45,22,0,0,0,0
80859,82,bully,8440,0,0,0,45,56,630,784,1,100,30283,46866,0,12,2,34,34,ELECTION,0,0,45,14,8,68,7,11,38,45,22,0,0,0,0
81187,85,bully,8868,0,0,0,45,56,630,784,1,100,30319,46737,0,12,2,34,34,ELECTION,0,0,45,14,8,68,7,11,38,45,22,0,0,0,0
81880,81,bully,9351,0,0,0,45,56,630,784,1,100,30303,46917,0,12,2,34,34,ELECTION,0,0,45,14,8,68,7,11,38,45,22,0,0,0,0
81147,44,bully,6804,0,0,0,46,57,644,798,1,100,30288,48706,0,11,1,35,35,ELECTION,0,0,46,14,8,70,7,11,39,46,22,0,0,0,0
80944,27,bully,5851,0,0,0,47,57,658,798,1,100,30272,49562,0,10,1,37,37,ELECTION,0,0,47,14,6,74,7,10,40,47,20,0,0,0,0
80935,64,bully,7513,0,0,0,46,57,644,798,1,100,30325,47729,0,11,1,35,35,ELECTION,0,0,46,14,8,70,7,11,39,46,22,0,0,0,0
81435,6,bully,5219,0,0,0,49,60,686,840,1,100,30293,50609,0,11,0,38,38,ELECTION,0,0,49,16,6,76,8,11,41,49,22,0,0,0,0
81283,41,bully,6724,0,0,0,47,58,658,812,1,100,30291,48927,0,11,1,36,36,ELECTION,0,0,47,14,8,72,7,11,40,47,22,0,0,0,0
81202,28,bully,6060,0,0,0,47,57,658,798,1,100,30293,49609,0,10,1,37,37,ELECTION,0,0,47,14,6,74,7,10,40,47,20,0,0,0,0
81689,75,bully,8651,0,0,0,45,56,630,784,1,100,30375,47322,0,12,2,34,34,ELECTION,0,0,45,14,8,68,7,11,38,45,22,0,0,0,0
81350,61,bully,7649,0,0,0,46,57,644,798,1,100,30315,48000,0,11,1,35,35,ELECTION,0,0,46,14,8,70,7,11,39,46,22,0,0,0,0
81183,37,bully,6337,0,0,0,47,58,658,812,1,100,30316,49188,0,11,1,36,36,ELECTION,0,0,47,14,8,72,7,11,40,47,22,0,0,0,0
81238,17,bully,5433,0,0,0,48,58,672,812,1,100,30313,50191,0,10,1,38,38,ELECTION,0,0,48,14,6,76,7,10,41,48,20,0,0,0,0
81405,70,bully,8054,0,0,0,46,57,644,798,1,100,30334,47656,0,11,1,35,35,ELECTION,0,0,46,14,8,70,7,11,39,46,22,0,0,0,0
81895,49,bully,7546,0,0,0,46,57,644,798,1,100,30278,48702,0,11,1,35,35,ELECTION,0,0,46,14,8,70,7,11,39,46,22,0,0,0,0
81993,94,bully,9129,0,0,0,46,58,644,812,1,100,30924,46744,0,13,2,34,34,ELECTION,0,0,46,16,8,68,8,12,38,46,24,1,0,0,0
81213,96,bully,8455,1,0,0,47,60,658,840,1,100,26818,50741,0,15,2,34,34,ELECTION,0,0,47,18,8,68,9,13,38,47,26,1,0,0,0
81744,84,bully,9040,0,0,0,45,56,630,784,1,100,30299,47163,0,12,2,34,34,ELECTION,0,0,45,14,8,68,7,11,38,45,22,0,0,0,0
81856,8,bully,5478,0,0,0,49,60,686,840,1,100,30311,50780,0,11,0,38,38,ELECTION,0,0,49,16,6,76,8,11,41,49,22,0,0,0,0
81759,52,bully,7415,0,0,0,46,57,644,798,1,100,30316,48629,0,11,1,35,35,ELECTION,0,0,46,14,8,70,7,11,39,46,22,0,0,0,0
81638,23,bully,6006,0,0,0,48,58,672,812,1,100,30284,50105,0,10,1,38,38,ELECTION,0,0,48,14,6,76,7,10,41,48,20,0,0,0,0
81486,58,bully,7387,0,0,0,46,57,644,798,1,100,30344,48355,0,11,1,35,35,ELECTION,0,0,46,14,8,70,7,11,39,46,22,0,0,0,0
81335,93,bully,8312,1,0,0,46,57,644,798,1,100,30992,46835,0,13,2,34,34,ELECTION,0,0,46,16,8,68,7,11,38,45,24,0,0,0,0
81692,32,bully,6364,0,0,0,48,58,672,812,1,100,30373,49635,0,10,1,38,38,ELECTION,0,0,48,14,6,76,7,10,41,48,20,0,0,0,0
81526,99,bully,7866,1,0,0,23,33,322,462,1,100,27430,50798,0,12,13,12,12,ELECTION,0,0,23,16,6,24,7,10,15,22,22,0,0,0,0
81498,72,bully,8030,0,0,0,46,57,644,798,1,100,30325,47811,0,11,1,35,35,ELECTION,0,0,46,14,8,70,7,11,39,46,22,0,0,0,0
81556,35,bully,6309,0,0,0,47,58,658,812,1,100,30382,49529,0,11,1,36,36,ELECTION,0,0,47,14,8,72,7,11,40,47,22,0,0,0,0
81719,11,bully,5307,0,0,0,49,60,686,840,1,100,30307,50790,0,11,0,38,38,ELECTION,0,0,49,16,6,76,8,11,41,49,22,0,0,0,0
81541,67,bully,7792,0,0,0,46,57,644,798,1,100,30342,48096,0,11,1,35,35,ELECTION,0,0,46,14,8,70,7,11,39,46,22,0,0,0,0
81608,87,bully,8067,0,0,0,45,56,630,784,1,100,30944,47388,0,12,2,34,34,ELECTION,0,0,45,14,8,68,7,11,38,45,22,0,0,0,0
81704,43,bully,6630,0,0,0,47,58,658,812,1,100,30290,49418,0,11,1,36,36,ELECTION,0,0,47,14,8,72,7,11,40,47,22,0,0,0,0
81992,5,bully,5042,0,0,0,49,60,686,840,1,100,30297,51338,0,11,0,38,38,ELECTION,0,0,49,16,6,76,8,11,41,49,22,0,0,0,0
81841,40,bully,6571,0,0,0,48,59,672,826,1,100,30301,49590,0,11,1,37,37,ELECTION,0,0,48,14,8,74,7,11,41,48,22,0,0,0,0
81962,69,bully,7947,0,0,0,46,57,644,798,1,100,30312,48374,0,11,1,35,35,ELECTION,0,0,46,14,8,70,7,11,39,46,22,0,0,0,0
81977,83,bully,8572,0,0,0,45,56,630,784,1,100,30300,47844,0,12,2,34,34,ELECTION,0,0,45,14,8,68,7,11,38,45,22,0,0,0,0
90084,98,bully,8601,3,1,4517,22,31,308,434,1,100,27456,58544,0,11,16,12,12,ELECTION,0,3,23,14,6,24,5,9,16,21,20,0,0,0,0
90113,13,bully,6073,0,0,0,52,63,728,882,1,100,30285,58432,0,11,1,42,42,ELECTION,0,0,52,14,6,84,8,11,45,53,20,0,0,0,0
90165,86,bully,8907,1,1,4742,49,60,686,840,1,100,31004,54996,0,12,3,38,38,ELECTION,0,2,50,14,8,76,7,11,42,49,22,0,0,0,0
90128,2,bully,5503,0,0,0,53,64,742,896,1,100,30285,59030,0,11,1,42,42,ELECTION,0,0,53,16,6,84,8,11,45,53,22,0,0,0,0
90015,4,bully,5385,0,0,0,53,64,742,896,1,100,30326,58957,0,11,1,42,42,ELECTION,0,0,53,16,6,84,8,11,45,53,22,0,0,0,0
90195,22,bully,6345,0,0,0,52,62,728,868,1,100,30267,58345,0,10,1,42,42,ELECTION,0,0,52,14,6,84,7,10,45,52,20,0,0,0,0
90355,38,bully,7025,0,0,0,52,63,728,882,1,100,30315,57651,0,11,1,41,41,ELECTION,0,0,52,14,8,82,7,11,45,52,22,0,0,0,0
90316,51,bully,7554,0,0,0,50,61,700,854,1,100,30299,57060,0,11,1,39,39,ELECTION,0,0,50,14,8,78,7,11,43,50,22,0,0,0,0
90017,78,bully,8490,0,0,0,49,60,686,840,1,100,30350,55877,0,12,3,38,38,ELECTION,0,0,49,14,8,76,7,11,42,49,22,0,0,0,0
90534,36,bully,6992,0,0,0,52,63,728,882,1,100,30358,57856,0,11,1,41,41,ELECTION,0,0,52,14,8,82,7,11,45,52,22,0,0,0,0
90711,74,bully,8917,0,0,0,49,60,686,840,1,100,30354,56090,0,12,3,38,38,ELECTION,0,0,49,14,8,76,7,11,42,49,22,0,0,0,0
90549,3,bully,5375,0,0,0,53,64,742,896,1,100,30259,59604,0,11,1,42,42,ELECTION,0,0,53,16,6,84,8,11,45,53,22,0,0,0,0
90032,46,bully,6870,0,0,0,51,62,714,868,1,100,30280,57495,0,11,1,40,40,ELECTION,0,0,51,14,8,80,7,11,44,51,22,0,0,0,0
90029,89,bully,8313,0,0,0,49,60,686,840,1,100,30983,55565,0,12,3,38,38,ELECTION,0,0,49,14,8,76,7,11,42,49,22,0,0,0,0
90726,42,bully,7368,0,0,0,51,62,714,868,1,100,30285,57740,0,11,1,40,40,ELECTION,0,0,51,14,8,80,7,11,44,51,22,0,0,0,0
90331,95,bully,8874,1,0,0,51,63,714,882,1,100,26883,59352,0,14,3,38,38,ELECTION,0,0,51,18,8,76,8,12,42,50,26,0,0,0,0
90506,100,bully,5174,1,1,4669,58,34,812,476,1,100,30303,59698,0,11,1,42,12,ELECTION,0,15,58,16,16,84,8,11,15,23,22,0,0,0,0
90250,31,bully,6305,0,0,0,52,62,728,868,1,100,30342,58298,0,10,1,42,42,ELECTION,0,0,52,14,6,84,7,10,45,52,20,0,0,0,0
90574,59,bully,7869,0,0,0,51,62,714,868,1,100,30352,56947,0,11,1,40,40,ELECTION,0,0,51,14,8,80,7,11,44,51,22,0,0,0,0
90877,7,bully,5725,0,0,0,53,64,742,896,1,100,30293,59553,0,11,1,42,42,ELECTION,0,0,53,16,6,84,8,11,45,53,22,0,0,0,0
90047,14,bully,5201,0,0,0,52,62,728,868,1,100,30328,59176,0,10,1,42,42,ELECTION,0,0,52,14,6,84,7,10,45,52,20,0,0,0,0
90862,39,bully,7245,0,0,0,52,63,728,882,1,100,30266,58015,0,11,1,41,41,ELECTION,0,0,52,14,8,82,7,11,45,52,22,0,0,0,0
90044,57,bully,7219,0,0,0,51,62,714,868,1,100,30334,57084,0,11,1,40,40,ELECTION,0,0,51,14,8,80,7,11,44,51,22,0,0,0,0
90235,63,bully,7725,0,0,0,50,61,700,854,1,100,30315,56849,0,11,1,39,39,ELECTION,0,0,50,14,8,78,7,11,43,50,22,0,0,0,0
90777,20,bully,6262,0,0,0,52,62,728,868,1,100,30291,58928,0,10,1,42,42,ELECTION,0,0,52,14,6,84,7,10,45,52,20,0,0,0,0
90438,80,bully,8730,0,0,0,49,60,686,840,1,100,30328,56063,0,12,3,38,38,ELECTION,0,0,49,14,8,76,7,11,42,49,22,0,0,0,0
90453,48,bully,7204,0,0,0,51,62,714,868,1,100,30276,57613,0,11,1,40,40,ELECTION,0,0,51,14,8,80,7,11,44,51,22,0,0,0,0
90641,97,bully,9134,1,1,5236,46,58,644,812,1,100,30830,55491,0,15,3,38,38,ELECTION,0,1,47,8,8,76,9,13,42,51,14,55,55,1,55
90807,66,bully,8394,0,0,0,50,61,700,854,1,100,30333,56755,0,11,1,39,39,ELECTION,0,0,50,14,8,78,7,11,43,50,22,0,0,0,0
90792,62,bully,8155,0,0,0,51,62,714,868,1,100,30303,56984,0,11,1,40,40,ELECTION,0,0,51,14,8,80,7,11,44,51,22,0,0,0,0
90874,50,bully,7663,0,0,0,51,62,714,868,1,100,30305,57539,0,11,1,40,40,ELECTION,0,0,51,14,8,80,7,11,44,51,22,0,0,0,0
90356,92,bully,8534,0,0,0,49,60,686,840,1,100,30991,55667,0,12,3,38,38,ELECTION,0,0,49,14,8,76,7,11,42,49,22,0,0,0,0
91018,55,bully,7968,0,0,0,51,62,714,868,1,100,30331,57316,0,11,1,40,40,ELECTION,0,0,51,14,8,80,7,11,44,51,22,0,0,0,0
90371,60,bully,7582,0,0,0,51,62,714,868,1,100,30323,57082,0,11,1,40,40,ELECTION,0,0,51,14,8,80,7,11,44,51,22,0,0,0,0
90671,33,bully,6605,0,0,0,51,61,714,854,1,100,30385,58355,0,10,1,41,41,ELECTION,0,0,51,14,6,82,7,10,44,51,20,1,0,0,0
90523,25,bully,6115,0,0,0,52,62,728,868,1,100,30294,58870,0,10,1,42,42,ELECTION,0,0,52,14,6,84,7,10,45,52,20,0,0,0,0
90180,54,bully,7039,0,0,0,51,62,714,868,1,100,30331,57412,0,11,1,40,40,ELECTION,0,0,51,14,8,80,7,11,44,51,22,0,0,0,0
90589,45,bully,7030,0,0,0,51,62,714,868,1,100,30258,57963,0,11,1,40,40,ELECTION,0,0,51,14,8,80,7,11,44,51,22,0,0,0,0
90995,79,bully,9041,0,0,0,49,60,686,840,1,100,30326,56337,0,12,3,38,38,ELECTION,0,0,49,14,8,76,7,11,42,49,22,0,0,0,0
90383,71,bully,8021,0,0,0,50,61,700,854,1,100,30335,56668,0,11,1,39,39,ELECTION,0,0,50,14,8,78,7,11,43,50,22,0,0,0,0
90468,16,bully,5502,0,0,0,52,62,728,868,1,100,30331,59329,0,10,1,42,42,ELECTION,0,0,52,14,6,84,7,10,45,52,20,0,0,0,0
91005,30,bully,6716,0,0,0,52,62,728,868,1,100,30316,58674,0,10,1,42,42,ELECTION,0,0,52,14,6,84,7,10,45,52,20,0,0,0,0
90656,65,bully,7956,0,0,0,51,62,714,868,1,100,30342,57014,0,11,1,40,40,ELECTION,0,0,51,14,8,80,7,11,44,51,22,0,0,0,0
90914,91,bully,8867,0,0,0,49,60,686,840,1,100,30994,55885,0,12,2,38,38,ELECTION,0,0,49,14,8,76,7,11,42,49,22,0,0,0,0
91268,73,bully,8929,0,0,0,50,61,700,854,1,100,30324,56695,0,12,2,39,39,ELECTION,0,0,50,14,8,78,7,11,43,50,22,0,0,0,0
91080,24,bully,6447,0,0,0,52,62,728,868,1,100,30288,59113,0,10,1,42,42,ELECTION,0,0,52,14,6,84,7,10,45,52,20,0,0,0,0
90813,19,bully,5884,0,0,0,52,62,728,868,1,100,30334,59251,0,10,1,42,42,ELECTION,0,0,52,14,6,84,7,10,45,52,20,0,0,0,0
90686,1,bully,4915,0,0,0,53,69,742,966,1,100,85678,4788,0,16,1,42,42,NORMAL,0,0,53,16,6,84,8,16,50,53,22,0,0,0,0
91298,9,bully,5897,0,0,0,53,64,742,896,1,100,30287,59843,0,11,1,42,42,ELECTION,0,0,53,16,6,84,8,11,45,53,22,0,0,0,0
90889,18,bully,5881,0,0,0,52,62,728,868,1,100,30325,59358,0,10,1,42,42,ELECTION,0,0,52,14,6,84,7,10,45,52,20,0,0,0,0
90884,12,bully,5505,0,0,0,53,64,742,896,1,100,30313,59705,0,11,1,42,42,ELECTION,0,0,53,16,6,84,8,11,45,53,22,0,0,0,0
90520,68,bully,7822,0,0,0,51,62,714,868,1,100,30356,57000,0,11,1,40,40,ELECTION,0,0,51,14,8,80,7,11,44,51,22,0,0,0,0
90741,10,bully,5321,0,0,0,53,64,742,896,1,100,30298,59844,0,11,1,42,42,ELECTION,0,0,53,16,6,84,8,11,45,53,22,0,0,0,0
91413,34,bully,7061,0,0,0,52,63,728,882,1,100,30390,58629,0,11,1,41,41,ELECTION,0,0,52,14,8,82,7,11,45,52,22,0,0,0,0
91010,47,bully,7247,0,0,0,51,62,714,868,1,100,30271,58088,0,11,1,40,40,ELECTION,0,0,51,14,8,80,7,11,44,51,22,0,0,0,0
91501,26,bully,6703,0,0,0,52,62,728,868,1,100,30259,59268,0,10,1,42,42,ELECTION,0,0,52,14,6,84,7,10,45,52,20,0,0,0,0
90814,53,bully,7161,0,0,0,51,62,714,868,1,100,30321,57942,0,11,1,40,40,ELECTION,0,0,51,14,8,80,7,11,44,51,22,0,0,0,0
91065,56,bully,7568,0,0,0,51,62,714,868,1,100,30321,57782,0,11,1,40,40,ELECTION,0,0,51,14,8,80,7,11,44,51,22,0,0,0,0
91365,29,bully,6618,0,0,0,52,62,728,868,1,100,30307,59135,0,10,1,42,42,ELECTION,0,0,52,14,6,84,7,10,45,52,20,0,0,0,0
91471,90,bully,8993,0,0,0,49,60,686,840,1,100,31013,56300,0,12,2,38,38,ELECTION,0,0,49,14,8,76,7,11,42,49,22,0,0,0,0
91260,77,bully,8753,0,0,0,50,61,700,854,1,100,30337,56869,0,12,2,39,39,ELECTION,0,0,50,14,8,78,7,11,43,50,22,0,0,0,0
91217,21,bully,6096,0,0,0,52,62,728,868,1,100,30290,59535,0,10,1,42,42,ELECTION,0,0,52,14,6,84,7,10,45,52,20,0,0,0,0
91050,88,bully,8433,0,0,0,50,61,700,854,1,100,30971,56430,0,12,2,39,39,ELECTION,0,0,50,14,8,78,7,11,43,50,22,0,0,0,0
91025,15,bully,5508,0,0,0,52,62,728,868,1,100,30328,59854,0,10,1,42,42,ELECTION,0,0,52,14,6,84,7,10,45,52,20,0,0,0,0
91623,76,bully,8979,0,0,0,50,61,700,854,1,100,30343,56993,0,12,2,39,39,ELECTION,0,0,50,14,8,78,7,11,43,50,22,0,0,0,0
90859,82,bully,8440,0,0,0,50,61,700,854,1,100,30283,56866,0,12,2,39,39,ELECTION,0,0,50,14,8,78,7,11,43,50,22,0,0,0,0
91187,85,bully,8868,0,0,0,50,61,700,854,1,100,30319,56737,0,12,2,39,39,ELECTION,0,0,50,14,8,78,7,11,43,50,22,0,0,0,0
91880,81,bully,9351,0,0,0,50,61,700,854,1,100,30303,56917,0,12,2,39,39,ELECTION,0,0,50,14,8,78,7,11,43,50,22,0,0,0,0
91147,44,bully,6804,0,0,0,51,62,714,868,1,100,30288,58706,0,11,1,40,40,ELECTION,0,0,51,14,8,80,7,11,44,51,22,0,0,0,0
90944,27,bully,5851,0,0,0,52,62,728,868,1,100,30272,59562,0,10,1,42,42,ELECTION,0,0,52,14,6,84,7,10,45,52,20,0,0,0,0
90935,64,bully,7513,0,0,0,51,62,714,868,1,100,30325,57729,0,11,1,40,40,ELECTION,0,0,51,14,8,80,7,11,44,51,22,0,0,0,0
91435,6,bully,5219,0,0,0,54,65,756,910,1,100,30293,60609,0,11,0,43,43,ELECTION,0,0,54,16,6,86,8,11,46,54,22,0,0,0,0
91283,41,bully,6724,0,0,0,52,63,728,882,1,100,30291,58927,0,11,1,41,41,ELECTION,0,0,52,14,8,82,7,11,45,52,22,0,0,0,0
91202,28,bully,6060,0,0,0,52,62,728,868,1,100,30293,59609,0,10,1,42,42,ELECTION,0,0,52,14,6,84,7,10,45,52,20,0,0,0,0
91689,75,bully,8651,0,0,0,50,61,700,854,1,100,30375,57322,0,12,2,39,39,ELECTION,0,0,50,14,8,78,7,11,43,50,22,0,0,0,0
91350,61,bully,7649,0,0,0,51,62,714,868,1,100,30315,58000,0,11,1,40,40,ELECTION,0,0,51,14,8,80,7,11,44,51,22,0,0,0,0
91183,37,bully,6337,0,0,0,52,63,728,882,1,100,30316,59188,0,11,1,41,41,ELECTION,0,0,52,14,8,82,7,11,45,52,22,0,0,0,0
91238,17,bully,5433,0,0,0,53,63,742,882,1,100,30313,60191,0,10,1,43,43,ELECTION,0,0,53,14,6,86,7,10,46,53,20,0,0,0,0
91405,70,bully,8054,0,0,0,51,62,714,868,1,100,30334,57656,0,11,1,40,40,ELECTION,0,0,51,14,8,80,7,11,44,51,22,0,0,0,0
91895,49,bully,7546,0,0,0,51,62,714,868,1,100,30278,58702,0,11,1,40,40,ELECTION,0,0,51,14,8,80,7,11,44,51,22,0,0,0,0
91993,94,bully,9129,0,0,0,51,63,714,882,1,100,30924,56744,0,13,2,39,39,ELECTION,0,0,51,16,8,78,8,12,43,51,24,1,0,0,0
91213,96,bully,8455,1,0,0,52,65,728,910,1,100,26818,60741,0,15,2,39,39,ELECTION,0,0,52,18,8,78,9,13,43,52,26,1,0,0,0
91744,84,bully,9040,0,0,0,50,61,700,854,1,100,30299,57163,0,12,2,39,39,ELECTION,0,0,50,14,8,78,7,11,43,50,22,0,0,0,0
91856,8,bully,5478,0,0,0,54,65,756,910,1,100,30311,60780,0,11,0,43,43,ELECTION,0,0,54,16,6,86,8,11,46,54,22,0,0,0,0
91759,52,bully,7415,0,0,0,51,62,714,868,1,100,30316,58629,0,11,1,40,40,ELECTION,0,0,51,14,8,80,7,11,44,51,22,0,0,0,0
91638,23,bully,6006,0,0,0,53,63,742,882,1,100,30284,60105,0,10,1,43,43,ELECTION,0,0,53,14,6,86,7,10,46,53,20,0,0,0,0
91486,58,bully,7387,0,0,0,51,62,714,868,1,100,30344,58355,0,11,1,40,40,ELECTION,0,0,51,14,8,80,7,11,44,51,22,0,0,0,0
91335,93,bully,8312,1,0,0,51,62,714,868,1,100,30992,56835,0,13,2,39,39,ELECTION,0,0,51,16,8,78,7,11,43,50,24,0,0,0,0
91692,32,bully,6364,0,0,0,53,63,742,882,1,100,30373,59635,0,10,1,43,43,ELECTION,0,0,53,14,6,86,7,10,46,53,20,0,0,0,0
91526,99,bully,7866,1,0,0,23,33,322,462,1,100,27430,60798,0,12,16,12,12,ELECTION,0,0,23,16,6,24,7,10,15,22,22,0,0,0,0
91498,72,bully,8030,0,0,0,51,62,714,868,1,100,30325,57811,0,11,1,40,40,ELECTION,0,0,51,14,8,80,7,11,44,51,22,0,0,0,0
91556,35,bully,6309,0,0,0,53,64,742,896,1,100,30382,59529,0,11,1,42,42,ELECTION,0,0,53,14,8,84,7,11,46,53,22,0,0,0,0
91719,11,bully,5307,0,0,0,54,65,756,910,1,100,30307,60790,0,11,0,43,43,ELECTION,0,0,54,16,6,86,8,11,46,54,22,0,0,0,0
91541,67,bully,7792,0,0,0,51,62,714,868,1,100,30342,58096,0,11,1,40,40,ELECTION,0,0,51,14,8,80,7,11,44,51,22,0,0,0,0
91608,87,bully,8067,0,0,0,50,61,700,854,1,100,30944,57388,0,12,2,39,39,ELECTION,0,0,50,14,8,78,7,11,43,50,22,0,0,0,0
91704,43,bully,6630,0,0,0,52,63,728,882,1,100,30290,59418,0,11,1,41,41,ELECTION,0,0,52,14,8,82,7,11,45,52,22,0,0,0,0
91992,5,bully,5042,0,0,0,54,65,756,910,1,100,30297,61338,0,11,0,43,43,ELECTION,0,0,54,16,6,86,8,11,46,54,22,0,0,0,0
91841,40,bully,6571,0,0,0,53,64,742,896,1,100,30301,59590,0,11,1,42,42,ELECTION,0,0,53,14,8,84,7,11,46,53,22,0,0,0,0
91962,69,bully,7947,0,0,0,51,62,714,868,1,100,30312,58374,0,11,1,40,40,ELECTION,0,0,51,14,8,80,7,11,44,51,22,0,0,0,0
91977,83,bully,8572,0,0,0,50,61,700,854,1,100,30300,57844,0,12,2,39,39,ELECTION,0,0,50,14,8,78,7,11,43,50,22,0,0,0,0
100084,98,bully,8601,3,1,4517,22,31,308,434,1,100,27456,68544,0,11,19,12,12,ELECTION,0,3,23,14,6,24,5,9,16,21,20,0,0,0,0
100113,13,bully,6073,0,0,0,57,68,798,952,1,100,30285,68432,0,11,1,47,47,ELECTION,0,0,57,14,6,94,8,11,50,58,20,0,0,0,0
100165,86,bully,8907,1,1,4742,54,65,756,910,1,100,31004,64996,0,12,3,43,43,ELECTION,0,2,55,14,8,86,7,11,47,54,22,0,0,0,0
100128,2,bully,5503,0,0,0,58,69,812,966,1,100,30285,69030,0,11,1,47,47,ELECTION,0,0,58,16,6,94,8,11,50,58,22,0,0,0,0
100015,4,bully,5385,0,0,0,58,69,812,966,1,100,30326,68957,0,11,1,47,47,ELECTION,0,0,58,16,6,94,8,11,50,58,22,0,0,0,0
100195,22,bully,6345,0,0,0,57,67,798,938,1,100,30267,68345,0,10,1,47,47,ELECTION,0,0,57,14,6,94,7,10,50,57,20,0,0,0,0
100355,38,bully,7025,0,0,0,57,68,798,952,1,100,30315,67651,0,11,1,46,46,ELECTION,0,0,57,14,8,92,7,11,50,57,22,0,0,0,0
100316,51,bully,7554,0,0,0,55,66,770,924,1,100,30299,67060,0,11,1,44,44,ELECTION,0,0,55,14,8,88,7,11,48,55,22,0,0,0,0
100017,78,bully,8490,0,0,0,54,65,756,910,1,100,30350,65877,0,12,3,43,43,ELECTION,0,0,54,14,8,86,7,11,47,54,22,0,0,0,0
100534,36,bully,6992,0,0,0,57,68,798,952,1,100,30358,67856,0,11,1,46,46,ELECTION,0,0,57,14,8,92,7,11,50,57,22,0,0,0,0
100711,74,bully,8917,0,0,0,54,65,756,910,1,100,30354,66090,0,12,3,43,43,ELECTION,0,0,54,14,8,86,7,11,47,54,22,0,0,0,0
100549,3,bully,5375,0,0,0,58,69,812,966,1,100,30259,69604,0,11,1,47,47,ELECTION,0,0,58,16,6,94,8,11,50,58,22,0,0,0,0
100032,46,bully,6870,0,0,0,56,67,784,938,1,100,30280,67495,0,11,1,45,45,ELECTION,0,0,56,14,8,90,7,11,49,56,22,0,0,0,0
100029,89,bully,8313,0,0,0,54,65,756,910,1,100,30983,65565,0,12,3,43,43,ELECTION,0,0,54,14,8,86,7,11,47,54,22,0,0,0,0
100726,42,bully,7368,0,0,0,56,67,784,938,1,100,30285,67740,0,11,1,45,45,ELECTION,0,0,56,14,8,90,7,11,49,56,22,0,0,0,0
100331,95,bully,8874,1,0,0,56,68,784,952,1,100,26883,69352,0,14,3,43,43,ELECTION,0,0,56,18,8,86,8,12,47,55,26,0,0,0,0
100506,100,bully,5174,1,1,4669,63,34,882,476,1,100,30303,69698,0,11,1,47,12,ELECTION,0,15,63,16,16,94,8,11,15,23,22,0,0,0,0
100250,31,bully,6305,0,0,0,57,67,798,938,1,100,30342,68298,0,10,1,47,47,ELECTION,0,0,57,14,6,94,7,10,50,57,20,0,0,0,0
100574,59,bully,7869,0,0,0,56,67,784,938,1,100,30352,66947,0,11,1,45,45,ELECTION,0,0,56,14,8,90,7,11,49,56,22,0,0,0,0
100877,7,bully,5725,0,0,0,58,69,812,966,1,100,30293,69553,0,11,1,47,47,ELECTION,0,0,58,16,6,94,8,11,50,58,22,0,0,0,0
100047,14,bully,5201,0,0,0,57,67,798,938,1,100,30328,69176,0,10,1,47,47,ELECTION,0,0,57,14,6,94,7,10,50,57,20,0,0,0,0
100862,39,bully,7245,0,0,0,57,68,798,952,1,100,30266,68015,0,11,1,46,46,ELECTION,0,0,57,14,8,92,7,11,50,57,22,0,0,0,0
100044,57,bully,7219,0,0,0,56,67,784,938,1,100,30334,67084,0,11,1,45,45,ELECTION,0,0,56,14,8,90,7,11,49,56,22,0,0,0,0
100235,63,bully,7725,0,0,0,55,66,770,924,1,100,30315,66849,0,11,1,44,44,ELECTION,0,0,55,14,8,88,7,11,48,55,22,0,0,0,0
100777,20,bully,6262,0,0,0,57,67,798,938,1,100,30291,68928,0,10,1,47,47,ELECTION,0,0,57,14,6,94,7,10,50,57,20,0,0,0,0
100438,80,bully,8730,0,0,0,54,65,756,910,1,100,30328,66063,0,12,3,43,43,ELECTION,0,0,54,14,8,86,7,11,47,54,22,0,0,0,0
100453,48,bully,7204,0,0,0,56,67,784,938,1,100,30276,67613,0,11,1,45,45,ELECTION,0,0,56,14,8,90,7,11,49,56,22,0,0,0,0
100641,97,bully,9134,1,1,5236,51,63,714,882,1,100,30830,65491,0,15,3,43,43,ELECTION,0,1,52,8,8,86,9,13,47,56,14,65,65,2,65
100807,66,bully,8394,0,0,0,55,66,770,924,1,100,30333,66755,0,11,1,44,44,ELECTION,0,0,55,14,8,88,7,11,48,55,22,0,0,0,0
100795,62,bully,8155,0,0,0,56,67,784,938,1,100,30303,66987,0,11,1,45,45,ELECTION,0,0,56,14,8,90,7,11,49,56,22,0,0,0,0
100874,50,bully,7663,0,0,0,56,67,784,938,1,100,30305,67539,0,11,1,45,45,ELECTION,0,0,56,14,8,90,7,11,49,56,22,0,0,0,0
100356,92,bully,8534,0,0,0,54,65,756,910,1,100,30991,65667,0,12,3,43,43,ELECTION,0,0,54,14,8,86,7,11,47,54,22,0,0,0,0
101018,55,bully,7968,0,0,0,56,67,784,938,1,100,30331,67316,0,11,1,45,45,ELECTION,0,0,56,14,8,90,7,11,49,56,22,0,0,0,0
100371,60,bully,7582,0,0,0,56,67,784,938,1,100,30323,67082,0,11,1,45,45,ELECTION,0,0,56,14,8,90,7,11,49,56,22,0,0,0,0
100671,33,bully,6605,0,0,0,56,66,784,924,1,100,30385,68355,0,10,1,46,46,ELECTION,0,0,56,14,6,92,7,10,49,56,20,1,0,0,0
100523,25,bully,6115,0,0,0,57,67,798,938,1,100,30294,68870,0,10,1,47,47,ELECTION,0,0,57,14,6,94,7,10,50,57,20,0,0,0,0
100180,54,bully,7039,0,0,0,56,67,784,938,1,100,30331,67412,0,11,1,45,45,ELECTION,0,0,56,14,8,90,7,11,49,56,22,0,0,0,0
100589,45,bully,7030,0,0,0,56,67,784,938,1,100,30258,67963,0,11,1,45,45,ELECTION,0,0,56,14,8,90,7,11,49,56,22,0,0,0,0
100995,79,bully,9041,0,0,0,54,65,756,910,1,100,30326,66337,0,12,3,43,43,ELECTION,0,0,54,14,8,86,7,11,47,54,22,0,0,0,0
100383,71,bully,8021,0,0,0,55,66,770,924,1,100,30335,66668,0,11,1,44,44,ELECTION,0,0,55,14,8,88,7,11,48,55,22,0,0,0,0
100468,16,bully,5502,0,0,0,57,67,798,938,1,100,30331,69329,0,10,1,47,47,ELECTION,0,0,57,14,6,94,7,10,50,57,20,0,0,0,0
101005,30,bully,6716,0,0,0,57,67,798,938,1,100,30316,68674,0,10,1,47,47,ELECTION,0,0,57,14,6,94,7,10,50,57,20,0,0,0,0
100656,65,bully,7956,0,0,0,56,67,784,938,1,100,30342,67014,0,11,1,45,45,ELECTION,0,0,56,14,8,90,7,11,49,56,22,0,0,0,0
100914,91,bully,8867,0,0,0,54,65,756,910,1,100,30994,65885,0,12,2,43,43,ELECTION,0,0,54,14,8,86,7,11,47,54,22,0,0,0,0
101268,73,bully,8929,0,0,0,54,65,756,910,1,100,30324,66695,0,12,2,43,43,ELECTION,0,0,54,14,8,86,7,11,47,54,22,0,0,0,0
101080,24,bully,6447,0,0,0,57,67,798,938,1,100,30288,69113,0,10,1,47,47,ELECTION,0,0,57,14,6,94,7,10,50,57,20,0,0,0,0
100813,19,bully,5884,0,0,0,57,67,798,938,1,100,30334,69251,0,10,1,47,47,ELECTION,0,0,57,14,6,94,7,10,50,57,20,0,0,0,0
100686,1,bully,4915,0,0,0,58,74,812,1036,1,100,95678,4788,0,16,1,47,47,NORMAL,0,0,58,16,6,94,8,16,55,58,22,0,0,0,0
101298,9,bully,5897,0,0,0,58,69,812,966,1,100,30287,69843,0,11,1,47,47,ELECTION,0,0,58,16,6,94,8,11,50,58,22,0,0,0,0
100889,18,bully,5881,0,0,0,57,67,798,938,1,100,30325,69358,0,10,1,47,47,ELECTION,0,0,57,14,6,94,7,10,50,57,20,0,0,0,0
100884,12,bully,5505,0,0,0,58,69,812,966,1,100,30313,69705,0,11,1,47,47,ELECTION,0,0,58,16,6,94,8,11,50,58,22,0,0,0,0
100520,68,bully,7822,0,0,0,56,67,784,938,1,100,30356,67000,0,11,1,45,45,ELECTION,0,0,56,14,8,90,7,11,49,56,22,0,0,0,0
100741,10,bully,5321,0,0,0,58,69,812,966,1,100,30298,69844,0,11,1,47,47,ELECTION,0,0,58,16,6,94,8,11,50,58,22,0,0,0,0
101413,34,bully,7061,0,0,0,57,68,798,952,1,100,30390,68629,0,11,1,46,46,ELECTION,0,0,57,14,8,92,7,11,50,57,22,0,0,0,0
101010,47,bully,7247,0,0,0,56,67,784,938,1,100,30271,68088,0,11,1,45,45,ELECTION,0,0,56,14,8,90,7,11,49,56,22,0,0,0,0
101501,26,bully,6703,0,0,0,57,67,798,938,1,100,30259,69268,0,10,1,47,47,ELECTION,0,0,57,14,6,94,7,10,50,57,20,0,0,0,0
100814,53,bully,7161,0,0,0,56,67,784,938,1,100,30321,67942,0,11,1,45,45,ELECTION,0,0,56,14,8,90,7,11,49,56,22,0,0,0,0
101065,56,bully,7568,0,0,0,56,67,784,938,1,100,30321,67782,0,11,1,45,45,ELECTION,0,0,56,14,8,90,7,11,49,56,22,0,0,0,0
101365,29,bully,6618,0,0,0,57,67,798,938,1,100,30307,69135,0,10,1,47,47,ELECTION,0,0,57,14,6,94,7,10,50,57,20,0,0,0,0
101471,90,bully,8993,0,0,0,54,65,756,910,1,100,31013,66300,0,12,2,43,43,ELECTION,0,0,54,14,8,86,7,11,47,54,22,0,0,0,0
101260,77,bully,8753,0,0,0,55,66,770,924,1,100,30337,66869,0,12,2,44,44,ELECTION,0,0,55,14,8,88,7,11,48,55,22,0,0,0,0
101217,21,bully,6096,0,0,0,57,67,798,938,1,100,30290,69535,0,10,1,47,47,ELECTION,0,0,57,14,6,94,7,10,50,57,20,0,0,0,0
101050,88,bully,8433,0,0,0,55,66,770,924,1,100,30971,66430,0,12,2,44,44,ELECTION,0,0,55,14,8,88,7,11,48,55,22,0,0,0,0
101025,15,bully,5508,0,0,0,57,67,798,938,1,100,30328,69854,0,10,1,47,47,ELECTION,0,0,57,14,6,94,7,10,50,57,20,0,0,0,0
101623,76,bully,8979,0,0,0,55,66,770,924,1,100,30343,66993,0,12,2,44,44,ELECTION,0,0,55,14,8,88,7,11,48,55,22,0,0,0,0
100859,82,bully,8440,0,0,0,55,66,770,924,1,100,30283,66866,0,12,2,44,44,ELECTION,0,0,55,14,8,88,7,11,48,55,22,0,0,0,0
101187,85,bully,8868,0,0,0,55,66,770,924,1,100,30319,66737,0,12,2,44,44,ELECTION,0,0,55,14,8,88,7,11,48,55,22,0,0,0,0
101880,81,bully,9351,0,0,0,55,66,770,924,1,100,30303,66917,0,12,2,44,44,ELECTION,0,0,55,14,8,88,7,11,48,55,22,0,0,0,0
101147,44,bully,6804,0,0,0,56,67,784,938,1,100,30288,68706,0,11,1,45,45,ELECTION,0,0,56,14,8,90,7,11,49,56,22,0,0,0,0
100944,27,bully,5851,0,0,0,57,67,798,938,1,100,30272,69562,0,10,1,47,47,ELECTION,0,0,57,14,6,94,7,10,50,57,20,0,0,0,0
100935,64,bully,7513,0,0,0,56,67,784,938,1,100,30325,67729,0,11,1,45,45,ELECTION,0,0,56,14,8,90,7,11,49,56,22,0,0,0,0
101435,6,bully,5219,0,0,0,59,70,826,980,1,100,30293,70609,0,11,0,48,48,ELECTION,0,0,59,16,6,96,8,11,51,59,22,0,0,0,0
101283,41,bully,6724,0,0,0,57,68,798,952,1,100,30291,68927,0,11,1,46,46,ELECTION,0,0,57,14,8,92,7,11,50,57,22,0,0,0,0
101202,28,bully,6060,0,0,0,57,67,798,938,1,100,30293,69609,0,10,1,47,47,ELECTION,0,0,57,14,6,94,7,10,50,57,20,0,0,0,0
101689,75,bully,8651,0,0,0,55,66,770,924,1,100,30375,67322,0,12,2,44,44,ELECTION,0,0,55,14,8,88,7,11,48,55,22,0,0,0,0
101350,61,bully,7649,0,0,0,56,67,784,938,1,100,30315,68000,0,11,1,45,45,ELECTION,0,0,56,14,8,90,7,11,49,56,22,0,0,0,0
101183,37,bully,6337,0,0,0,57,68,798,952,1,100,30316,69188,0,11,1,46,46,ELECTION,0,0,57,14,8,92,7,11,50,57,22,0,0,0,0
101238,17,bully,5433,0,0,0,58,68,812,952,1,100,30313,70191,0,10,1,48,48,ELECTION,0,0,58,14,6,96,7,10,51,58,20,0,0,0,0
101405,70,bully,8054,0,0,0,56,67,784,938,1,100,30334,67656,0,11,1,45,45,ELECTION,0,0,56,14,8,90,7,11,49,56,22,0,0,0,0
101895,49,bully,7546,0,0,0,56,67,784,938,1,100,30278,68702,0,11,1,45,45,ELECTION,0,0,56,14,8,90,7,11,49,56,22,0,0,0,0
101993,94,bully,9129,0,0,0,56,68,784,952,1,100,30924,66744,0,13,2,44,44,ELECTION,0,0,56,16,8,88,8,12,48,56,24,1,0,0,0
101213,96,bully,8455,1,0,0,57,70,798,980,1,100,26818,70741,0,15,2,44,44,ELECTION,0,0,57,18,8,88,9,13,48,57,26,1,0,0,0
101744,84,bully,9040,0,0,0,55,66,770,924,1,100,30299,67163,0,12,2,44,44,ELECTION,0,0,55,14,8,88,7,11,48,55,22,0,0,0,0
101856,8,bully,5478,0,0,0,59,70,826,980,1,100,30311,70780,0,11,0,48,48,ELECTION,0,0,59,16,6,96,8,11,51,59,22,0,0,0,0
101759,52,bully,7415,0,0,0,56,67,784,938,1,100,30316,68629,0,11,1,45,45,ELECTION,0,0,56,14,8,90,7,11,49,56,22,0,0,0,0
101638,23,bully,6006,0,0,0,58,68,812,952,1,100,30284,70105,0,10,1,48,48,ELECTION,0,0,58,14,6,96,7,10,51,58,20,0,0,0,0
101486,58,bully,7387,0,0,0,56,67,784,938,1,100,30344,68355,0,11,1,45,45,ELECTION,0,0,56,14,8,90,7,11,49,56,22,0,0,0,0
101335,93,bully,8312,1,0,0,56,67,784,938,1,100,30992,66835,0,13,2,44,44,ELECTION,0,0,56,16,8,88,7,11,48,55,24,0,0,0,0
101692,32,bully,6364,0,0,0,58,68,812,952,1,100,30373,69635,0,10,1,48,48,ELECTION,0,0,58,14,6,96,7,10,51,58,20,0,0,0,0
101526,99,bully,7866,1,0,0,23,33,322,462,1,100,27430,70798,0,12,18,12,12,ELECTION,0,0,23,16,6,24,7,10,15,22,22,0,0,0,0
101498,72,bully,8030,0,0,0,56,67,784,938,1,100,30325,67811,0,11,1,45,45,ELECTION,0,0,56,14,8,90,7,11,49,56,22,0,0,0,0
101556,35,bully,6309,0,0,0,58,69,812,966,1,100,30382,69529,0,11,1,47,47,ELECTION,0,0,58,14,8,94,7,11,51,58,22,0,0,0,0
101719,11,bully,5307,0,0,0,59,70,826,980,1,100,30307,70790,0,11,0,48,48,ELECTION,0,0,59,16,6,96,8,11,51,59,22,0,0,0,0
101541,67,bully,7792,0,0,0,56,67,784,938,1,100,30342,68096,0,11,1,45,45,ELECTION,0,0,56,14,8,90,7,11,49,56,22,0,0,0,0
101608,87,bully,8067,0,0,0,55,66,770,924,1,100,30944,67388,0,12,2,44,44,ELECTION,0,0,55,14,8,88,7,11,48,55,22,0,0,0,0
101704,43,bully,6630,0,0,0,56,67,784,938,1,100,30290,69418,0,11,1,45,45,ELECTION,0,0,56,14,8,90,7,11,49,56,22,0,0,0,0
101992,5,bully,5042,0,0,0,59,70,826,980,1,100,30297,71338,0,11,0,48,48,ELECTION,0,0,59,16,6,96,8,11,51,59,22,0,0,0,0
101841,40,bully,6571,0,0,0,58,69,812,966,1,100,30301,69590,0,11,1,47,47,ELECTION,0,0,58,14,8,94,7,11,51,58,22,0,0,0,0
101962,69,bully,7947,0,0,0,56,67,784,938,1,100,30312,68374,0,11,1,45,45,ELECTION,0,0,56,14,8,90,7,11,49,56,22,0,0,0,0
101977,83,bully,8572,0,0,0,55,66,770,924,1,100,30300,67844,0,12,2,44,44,ELECTION,0,0,55,14,8,88,7,11,48,55,22,0,0,0,0
110084,98,bully,8601,3,1,4517,22,31,308,434,1,100,27456,78544,0,11,21,12,12,ELECTION,0,3,23,14,6,24,5,9,16,21,20,0,0,0,0
110113,13,bully,6073,0,0,0,62,73,868,1022,1,100,30285,78432,0,11,1,52,52,ELECTION,0,0,62,14,6,104,8,11,55,63,20,0,0,0,0
110165,86,bully,8907,1,1,4742,59,70,826,980,1,100,31004,74996,0,12,3,48,48,ELECTION,0,2,60,14,8,96,7,11,52,59,22,0,0,0,0
110128,2,bully,5503,0,0,0,63,74,882,1036,1,100,30285,79030,0,11,1,52,52,ELECTION,0,0,63,16,6,104,8,11,55,63,22,0,0,0,0
110015,4,bully,5385,0,0,0,63,74,882,1036,1,100,30326,78957,0,11,1,52,52,ELECTION,0,0,63,16,6,104,8,11,55,63,22,0,0,0,0
110195,22,bully,6345,0,0,0,62,72,868,1008,1,100,30267,78345,0,10,1,52,52,ELECTION,0,0,62,14,6,104,7,10,55,62,20,0,0,0,0
110355,38,bully,7025,0,0,0,62,73,868,1022,1,100,30315,77651,0,11,1,51,51,ELECTION,0,0,62,14,8,102,7,11,55,62,22,0,0,0,0
110316,51,bully,7554,0,0,0,60,71,840,994,1,100,30299,77060,0,11,1,49,49,ELECTION,0,0,60,14,8,98,7,11,53,60,22,0,0,0,0
110017,78,bully,8490,0,0,0,59,70,826,980,1,100,30350,75877,0,12,3,48,48,ELECTION,0,0,59,14,8,96,7,11,52,59,22,0,0,0,0
110534,36,bully,6992,0,0,0,62,73,868,1022,1,100,30358,77856,0,11,1,51,51,ELECTION,0,0,62,14,8,102,7,11,55,62,22,0,0,0,0
110711,74,bully,8917,0,0,0,59,70,826,980,1,100,30354,76090,0,12,3,48,48,ELECTION,0,0,59,14,8,96,7,11,52,59,22,0,0,0,0
110549,3,bully,5375,0,0,0,63,74,882,1036,1,100,30259,79604,0,11,1,52,52,ELECTION,0,0,63,16,6,104,8,11,55,63,22,0,0,0,0
110032,46,bully,6870,0,0,0,61,72,854,1008,1,100,30280,77495,0,11,1,50,50,ELECTION,0,0,61,14,8,100,7,11,54,61,22,0,0,0,0
110029,89,bully,8313,0,0,0,59,70,826,980,1,100,30983,75565,0,12,3,48,48,ELECTION,0,0,59,14,8,96,7,11,52,59,22,0,0,0,0
110726,42,bully,7368,0,0,0,61,72,854,1008,1,100,30285,77740,0,11,1,50,50,ELECTION,0,0,61,14,8,100,7,11,54,61,22,0,0,0,0
110331,95,bully,8874,1,0,0,61,73,854,1022,1,100,26883,79352,0,14,3,48,48,ELECTION,0,0,61,18,8,96,8,12,52,60,26,0,0,0,0
110506,100,bully,5174,1,1,4669,68,34,952,476,1,100,30303,79698,0,11,1,52,12,ELECTION,0,15,68,16,16,104,8,11,15,23,22,0,0,0,0
110250,31,bully,6305,0,0,0,62,72,868,1008,1,100,30342,78298,0,10,1,52,52,ELECTION,0,0,62,14,6,104,7,10,55,62,20,0,0,0,0
110574,59,bully,7869,0,0,0,60,71,840,994,1,100,30352,76947,0,11,1,49,49,ELECTION,0,0,60,14,8,98,7,11,53,60,22,0,0,0,0
110877,7,bully,5725,0,0,0,63,74,882,1036,1,100,30293,79553,0,11,1,52,52,ELECTION,0,0,63,16,6,104,8,11,55,63,22,0,0,0,0
110047,14,bully,5201,0,0,0,62,72,868,1008,1,100,30328,79176,0,10,1,52,52,ELECTION,0,0,62,14,6,104,7,10,55,62,20,0,0,0,0
110862,39,bully,7245,0,0,0,62,73,868,1022,1,100,30266,78015,0,11,1,51,51,ELECTION,0,0,62,14,8,102,7,11,55,62,22,0,0,0,0
110044,57,bully,7219,0,0,0,61,72,854,1008,1,100,30334,77084,0,11,1,50,50,ELECTION,0,0,61,14,8,100,7,11,54,61,22,0,0,0,0
110235,63,bully,7725,0,0,0,60,71,840,994,1,100,30315,76849,0,11,1,49,49,ELECTION,0,0,60,14,8,98,7,11,53,60,22,0,0,0,0
110777,20,bully,6262,0,0,0,62,72,868,1008,1,100,30291,78928,0,10,1,52,52,ELECTION,0,0,62,14,6,104,7,10,55,62,20,0,0,0,0
110438,80,bully,8730,0,0,0,59,70,826,980,1,100,30328,76063,0,12,3,48,48,ELECTION,0,0,59,14,8,96,7,11,52,59,22,0,0,0,0
110453,48,bully,7204,0,0,0,61,72,854,1008,1,100,30276,77613,0,11,1,50,50,ELECTION,0,0,61,14,8,100,7,11,54,61,22,0,0,0,0
110641,97,bully,9134,1,1,5236,56,68,784,952,1,100,30830,75491,0,15,3,48,48,ELECTION,0,1,57,8,8,96,9,13,52,61,14,75,75,2,75
110807,66,bully,8394,0,0,0,60,71,840,994,1,100,30333,76755,0,11,1,49,49,ELECTION,0,0,60,14,8,98,7,11,53,60,22,0,0,0,0
110792,62,bully,8155,0,0,0,61,72,854,1008,1,100,30303,76984,0,11,1,50,50,ELECTION,0,0,61,14,8,100,7,11,54,61,22,0,0,0,0
110874,50,bully,7663,0,0,0,61,72,854,1008,1,100,30305,77539,0,11,1,50,50,ELECTION,0,0,61,14,8,100,7,11,54,61,22,0,0,0,0
110356,92,bully,8534,0,0,0,59,70,826,980,1,100,30991,75667,0,12,3,48,48,ELECTION,0,0,59,14,8,96,7,11,52,59,22,0,0,0,0
111018,55,bully,7968,0,0,0,61,72,854,1008,1,100,30331,77316,0,11,1,50,50,ELECTION,0,0,61,14,8,100,7,11,54,61,22,0,0,0,0
110371,60,bully,7582,0,0,0,61,72,854,1008,1,100,30323,77082,0,11,1,50,50,ELECTION,0,0,61,14,8,100,7,11,54,61,22,0,0,0,0
110671,33,bully,6605,0,0,0,61,71,854,994,1,100,30385,78355,0,10,1,51,51,ELECTION,0,0,61,14,6,102,7,10,54,61,20,1,0,0,0
110523,25,bully,6115,0,0,0,62,72,868,1008,1,100,30294,78870,0,10,1,52,52,ELECTION,0,0,62,14,6,104,7,10,55,62,20,0,0,0,0
110180,54,bully,7039,0,0,0,61,72,854,1008,1,100,30331,77412,0,11,1,50,50,ELECTION,0,0,61,14,8,100,7,11,54,61,22,0,0,0,0
110589,45,bully,7030,0,0,0,61,72,854,1008,1,100,30258,77963,0,11,1,50,50,ELECTION,0,0,61,14,8,100,7,11,54,61,22,0,0,0,0
110995,79,bully,9041,0,0,0,59,70,826,980,1,100,30326,76337,0,12,3,48,48,ELECTION,0,0,59,14,8,96,7,11,52,59,22,0,0,0,0
110383,71,bully,8021,0,0,0,60,71,840,994,1,100,30335,76668,0,11,1,49,49,ELECTION,0,0,60,14,8,98,7,11,53,60,22,0,0,0,0
110468,16,bully,5502,0,0,0,62,72,868,1008,1,100,30331,79329,0,10,1,52,52,ELECTION,0,0,62,14,6,104,7,10,55,62,20,0,0,0,0
111005,30,bully,6716,0,0,0,62,72,868,1008,1,100,30316,78674,0,10,1,52,52,ELECTION,0,0,62,14,6,104,7,10,55,62,20,0,0,0,0
110656,65,bully,7956,0,0,0,61,72,854,1008,1,100,30342,77014,0,11,1,50,50,ELECTION,0,0,61,14,8,100,7,11,54,61,22,0,0,0,0
110914,91,bully,8867,0,0,0,59,70,826,980,1,100,30994,75885,0,12,2,48,48,ELECTION,0,0,59,14,8,96,7,11,52,59,22,0,0,0,0
111268,73,bully,8929,0,0,0,59,70,826,980,1,100,30324,76695,0,12,2,48,48,ELECTION,0,0,59,14,8,96,7,11,52,59,22,0,0,0,0
111080,24,bully,6447,0,0,0,62,72,868,1008,1,100,30288,79113,0,10,1,52,52,ELECTION,0,0,62,14,6,104,7,10,55,62,20,0,0,0,0
110813,19,bully,5884,0,0,0,62,72,868,1008,1,100,30334,79251,0,10,1,52,52,ELECTION,0,0,62,14,6,104,7,10,55,62,20,0,0,0,0
110686,1,bully,4915,0,0,0,63,79,882,1106,1,100,105678,4788,0,16,1,52,52,NORMAL,0,0,63,16,6,104,8,16,60,63,22,0,0,0,0
111298,9,bully,5897,0,0,0,63,74,882,1036,1,100,30287,79843,0,11,1,52,52,ELECTION,0,0,63,16,6,104,8,11,55,63,22,0,0,0,0
110889,18,bully,5881,0,0,0,62,72,868,1008,1,100,30325,79358,0,10,1,52,52,ELECTION,0,0,62,14,6,104,7,10,55,62,20,0,0,0,0
110884,12,bully,5505,0,0,0,63,74,882,1036,1,100,30313,79705,0,11,1,52,52,ELECTION,0,0,63,16,6,104,8,11,55,63,22,0,0,0,0
110520,68,bully,7822,0,0,0,61,72,854,1008,1,100,30356,77000,0,11,1,50,50,ELECTION,0,0,61,14,8,100,7,11,54,61,22,0,0,0,0
110741,10,bully,5321,0,0,0,63,74,882,1036,1,100,30298,79844,0,11,1,52,52,ELECTION,0,0,63,16,6,104,8,11,55,63,22,0,0,0,0
111413,34,bully,7061,0,0,0,62,73,868,1022,1,100,30390,78629,0,11,1,51,51,ELECTION,0,0,62,14,8,102,7,11,55,62,22,0,0,0,0
111010,47,bully,7247,0,0,0,61,72,854,1008,1,100,30271,78088,0,11,1,50,50,ELECTION,0,0,61,14,8,100,7,11,54,61,22,0,0,0,0
111501,26,bully,6703,0,0,0,62,72,868,1008,1,100,30259,79268,0,10,1,52,52,ELECTION,0,0,62,14,6,104,7,10,55,62,20,0,0,0,0
110814,53,bully,7161,0,0,0,61,72,854,1008,1,100,30321,77942,0,11,1,50,50,ELECTION,0,0,61,14,8,100,7,11,54,61,22,0,0,0,0
111065,56,bully,7568,0,0,0,61,72,854,1008,1,100,30321,77782,0,11,1,50,50,ELECTION,0,0,61,14,8,100,7,11,54,61,22,0,0,0,0
111365,29,bully,6618,0,0,0,62,72,868,1008,1,100,30307,79135,0,10,1,52,52,ELECTION,0,0,62,14,6,104,7,10,55,62,20,0,0,0,0
111471,90,bully,8993,0,0,0,59,70,826,980,1,100,31013,76300,0,12,2,48,48,ELECTION,0,0,59,14,8,96,7,11,52,59,22,0,0,0,0
111260,77,bully,8753,0,0,0,60,71,840,994,1,100,30337,76869,0,12,2,49,49,ELECTION,0,0,60,14,8,98,7,11,53,60,22,0,0,0,0
111217,21,bully,6096,0,0,0,62,72,868,1008,1,100,30290,79535,0,10,1,52,52,ELECTION,0,0,62,14,6,104,7,10,55,62,20,0,0,0,0
111050,88,bully,8433,0,0,0,60,71,840,994,1,100,30971,76430,0,12,2,49,49,ELECTION,0,0,60,14,8,98,7,11,53,60,22,0,0,0,0
111025,15,bully,5508,0,0,0,62,72,868,1008,1,100,30328,79854,0,10,1,52,52,ELECTION,0,0,62,14,6,104,7,10,55,62,20,0,0,0,0
111623,76,bully,8979,0,0,0,60,71,840,994,1,100,30343,76993,0,12,2,49,49,ELECTION,0,0,60,14,8,98,7,11,53,60,22,0,0,0,0
110859,82,bully,8440,0,0,0,60,71,840,994,1,100,30283,76866,0,12,2,49,49,ELECTION,0,0,60,14,8,98,7,11,53,60,22,0,0,0,0
111187,85,bully,8868,0,0,0,60,71,840,994,1,100,30319,76737,0,12,2,49,49,ELECTION,0,0,60,14,8,98,7,11,53,60,22,0,0,0,0
111880,81,bully,9351,0,0,0,60,71,840,994,1,100,30303,76917,0,12,2,49,49,ELECTION,0,0,60,14,8,98,7,11,53,60,22,0,0,0,0
111147,44,bully,6804,0,0,0,61,72,854,1008,1,100,30288,78706,0,11,1,50,50,ELECTION,0,0,61,14,8,100,7,11,54,61,22,0,0,0,0
110944,27,bully,5851,0,0,0,62,72,868,1008,1,100,30272,79562,0,10,1,52,52,ELECTION,0,0,62,14,6,104,7,10,55,62,20,0,0,0,0
110935,64,bully,7513,0,0,0,61,72,854,1008,1,100,30325,77729,0,11,1,50,50,ELECTION,0,0,61,14,8,100,7,11,54,61,22,0,0,0,0
111435,6,bully,5219,0,0,0,64,75,896,1050,1,100,30293,80609,0,11,0,53,53,ELECTION,0,0,64,16,6,106,8,11,56,64,22,0,0,0,0
111283,41,bully,6724,0,0,0,62,73,868,1022,1,100,30291,78927,0,11,1,51,51,ELECTION,0,0,62,14,8,102,7,11,55,62,22,0,0,0,0
111202,28,bully,6060,0,0,0,62,72,868,1008,1,100,30293,79609,0,10,1,52,52,ELECTION,0,0,62,14,6,104,7,10,55,62,20,0,0,0,0
111689,75,bully,8651,0,0,0,60,71,840,994,1,100,30375,77322,0,12,2,49,49,ELECTION,0,0,60,14,8,98,7,11,53,60,22,0,0,0,0
111350,61,bully,7649,0,0,0,61,72,854,1008,1,100,30315,78000,0,11,1,50,50,ELECTION,0,0,61,14,8,100,7,11,54,61,22,0,0,0,0
111183,37,bully,6337,0,0,0,62,73,868,1022,1,100,30316,79188,0,11,1,51,51,ELECTION,0,0,62,14,8,102,7,11,55,62,22,0,0,0,0
111238,17,bully,5433,0,0,0,63,73,882,1022,1,100,30313,80191,0,10,1,53,53,ELECTION,0,0,63,14,6,106,7,10,56,63,20,0,0,0,0
111405,70,bully,8054,0,0,0,61,72,854,1008,1,100,30334,77656,0,11,1,50,50,ELECTION,0,0,61,14,8,100,7,11,54,61,22,0,0,0,0
111895,49,bully,7546,0,0,0,61,72,854,1008,1,100,30278,78702,0,11,1,50,50,ELECTION,0,0,61,14,8,100,7,11,54,61,22,0,0,0,0
111993,94,bully,9129,0,0,0,61,73,854,1022,1,100,30924,76744,0,13,2,49,49,ELECTION,0,0,61,16,8,98,8,12,53,61,24,1,0,0,0
111213,96,bully,8455,1,0,0,62,75,868,1050,1,100,26818,80741,0,15,2,49,49,ELECTION,0,0,62,18,8,98,9,13,53,62,26,1,0,0,0
111744,84,bully,9040,0,0,0,60,71,840,994,1,100,30299,77163,0,12,2,49,49,ELECTION,0,0,60,14,8,98,7,11,53,60,22,0,0,0,0
111856,8,bully,5478,0,0,0,64,75,896,1050,1,100,30311,80780,0,11,0,53,53,ELECTION,0,0,64,16,6,106,8,11,56,64,22,0,0,0,0
111759,52,bully,7415,0,0,0,61,72,854,1008,1,100,30316,78629,0,11,1,50,50,ELECTION,0,0,61,14,8,100,7,11,54,61,22,0,0,0,0
111638,23,bully,6006,0,0,0,63,73,882,1022,1,100,30284,80105,0,10,1,53,53,ELECTION,0,0,63,14,6,106,7,10,56,63,20,0,0,0,0
111486,58,bully,7387,0,0,0,61,72,854,1008,1,100,30344,78355,0,11,1,50,50,ELECTION,0,0,61,14,8,100,7,11,54,61,22,0,0,0,0
111335,93,bully,8312,1,0,0,61,72,854,1008,1,100,30992,76835,0,13,2,49,49,ELECTION,0,0,61,16,8,98,7,11,53,60,24,0,0,0,0
111692,32,bully,6364,0,0,0,63,73,882,1022,1,100,30373,79635,0,10,1,53,53,ELECTION,0,0,63,14,6,106,7,10,56,63,20,0,0,0,0
111526,99,bully,7866,1,0,0,23,33,322,462,1,100,27430,80798,0,12,21,12,12,ELECTION,0,0,23,16,6,24,7,10,15,22,22,0,0,0,0
111498,72,bully,8030,0,0,0,61,72,854,1008,1,100,30325,77811,0,11,1,50,50,ELECTION,0,0,61,14,8,100,7,11,54,61,22,0,0,0,0
111556,35,bully,6309,0,0,0,62,73,868,1022,1,100,30382,79529,0,11,1,51,51,ELECTION,0,0,62,14,8,102,7,11,55,62,22,0,0,0,0
111719,11,bully,5307,0,0,0,64,75,896,1050,1,100,30307,80790,0,11,0,53,53,ELECTION,0,0,64,16,6,106,8,11,56,64,22,0,0,0,0
111541,67,bully,7792,0,0,0,61,72,854,1008,1,100,30342,78096,0,11,1,50,50,ELECTION,0,0,61,14,8,100,7,11,54,61,22,0,0,0,0
111608,87,bully,8067,0,0,0,60,71,840,994,1,100,30944,77388,0,12,2,49,49,ELECTION,0,0,60,14,8,98,7,11,53,60,22,0,0,0,0
111704,43,bully,6630,0,0,0,62,73,868,1022,1,100,30290,79418,0,11,1,51,51,ELECTION,0,0,62,14,8,102,7,11,55,62,22,0,0,0,0
111992,5,bully,5042,0,0,0,64,75,896,1050,1,100,30297,81338,0,11,0,53,53,ELECTION,0,0,64,16,6,106,8,11,56,64,22,0,0,0,0
111841,40,bully,6571,0,0,0,63,74,882,1036,1,100,30301,79590,0,11,1,52,52,ELECTION,0,0,63,14,8,104,7,11,56,63,22,0,0,0,0
111962,69,bully,7947,0,0,0,61,72,854,1008,1,100,30312,78374,0,11,1,50,50,ELECTION,0,0,61,14,8,100,7,11,54,61,22,0,0,0,0
111977,83,bully,8572,0,0,0,60,71,840,994,1,100,30300,77844,0,12,2,49,49,ELECTION,0,0,60,14,8,98,7,11,53,60,22,0,0,0,0
120084,98,bully,8601,3,1,4517,22,31,308,434,1,100,27456,88544,0,11,24,12,12,ELECTION,0,3,23,14,6,24,5,9,16,21,20,0,0,0,0
120113,13,bully,6073,0,0,0,67,78,938,1092,1,100,30285,88432,0,11,1,57,57,ELECTION,0,0,67,14,6,114,8,11,60,68,20,0,0,0,0
120165,86,bully,8907,1,1,4742,64,75,896,1050,1,100,31004,84996,0,12,3,53,53,ELECTION,0,2,65,14,8,106,7,11,57,64,22,0,0,0,0
120128,2,bully,5503,0,0,0,68,79,952,1106,1,100,30285,89030,0,11,1,57,57,ELECTION,0,0,68,16,6,114,8,11,60,68,22,0,0,0,0
120015,4,bully,5385,0,0,0,68,79,952,1106,1,100,30326,88957,0,11,1,57,57,ELECTION,0,0,68,16,6,114,8,11,60,68,22,0,0,0,0
120195,22,bully,6345,0,0,0,67,77,938,1078,1,100,30267,88345,0,10,1,57,57,ELECTION,0,0,67,14,6,114,7,10,60,67,20,0,0,0,0
120355,38,bully,7025,0,0,0,67,78,938,1092,1,100,30315,87651,0,11,1,56,56,ELECTION,0,0,67,14,8,112,7,11,60,67,22,0,0,0,0
120316,51,bully,7554,0,0,0,65,76,910,1064,1,100,30299,87060,0,11,1,54,54,ELECTION,0,0,65,14,8,108,7,11,58,65,22,0,0,0,0
120017,78,bully,8490,0,0,0,64,75,896,1050,1,100,30350,85877,0,12,3,53,53,ELECTION,0,0,64,14,8,106,7,11,57,64,22,0,0,0,0
120534,36,bully,6992,0,0,0,67,78,938,1092,1,100,30358,87856,0,11,1,56,56,ELECTION,0,0,67,14,8,112,7,11,60,67,22,0,0,0,0
120711,74,bully,8917,0,0,0,64,75,896,1050,1,100,30354,86090,0,12,3,53,53,ELECTION,0,0,64,14,8,106,7,11,57,64,22,0,0,0,0
120549,3,bully,5375,0,0,0,68,79,952,1106,1,100,30259,89604,0,11,1,57,57,ELECTION,0,0,68,16,6,114,8,11,60,68,22,0,0,0,0
120032,46,bully,6870,0,0,0,66,77,924,1078,1,100,30280,87495,0,11,1,55,55,ELECTION,0,0,66,14,8,110,7,11,59,66,22,0,0,0,0
120029,89,bully,8313,0,0,0,64,75,896,1050,1,100,30983,85565,0,12,3,53,53,ELECTION,0,0,64,14,8,106,7,11,57,64,22,0,0,0,0
120726,42,bully,7368,0,0,0,66,77,924,1078,1,100,30285,87740,0,11,1,55,55,ELECTION,0,0,66,14,8,110,7,11,59,66,22,0,0,0,0
120331,95,bully,8874,1,0,0,66,78,924,1092,1,100,26883,89352,0,14,3,53,53,ELECTION,0,0,66,18,8,106,8,12,57,65,26,0,0,0,0
120506,100,bully,5174,1,1,4669,73,34,1022,476,1,100,30303,89698,0,11,1,57,12,ELECTION,0,15,73,16,16,114,8,11,15,23,22,0,0,0,0
120250,31,bully,6305,0,0,0,67,77,938,1078,1,100,30342,88298,0,10,1,57,57,ELECTION,0,0,67,14,6,114,7,10,60,67,20,0,0,0,0
120574,59,bully,7869,0,0,0,66,77,924,1078,1,100,30352,86947,0,11,1,55,55,ELECTION,0,0,66,14,8,110,7,11,59,66,22,0,0,0,0
120877,7,bully,5725,0,0,0,68,79,952,1106,1,100,30293,89553,0,11,1,57,57,ELECTION,0,0,68,16,6,114,8,11,60,68,22,0,0,0,0
120047,14,bully,5201,0,0,0,67,77,938,1078,1,100,30328,89176,0,10,1,57,57,ELECTION,0,0,67,14,6,114,7,10,60,67,20,0,0,0,0
120862,39,bully,7245,0,0,0,67,78,938,1092,1,100,30266,88015,0,11,1,56,56,ELECTION,0,0,67,14,8,112,7,11,60,67,22,0,0,0,0
120044,57,bully,7219,0,0,0,66,77,924,1078,1,100,30334,87084,0,11,1,55,55,ELECTION,0,0,66,14,8,110,7,11,59,66,22,0,0,0,0
120235,63,bully,7725,0,0,0,66,77,924,1078,1,100,30315,86849,0,11,1,55,55,ELECTION,0,0,66,14,8,110,7,11,59,66,22,0,0,0,0
120777,20,bully,6262,0,0,0,67,77,938,1078,1,100,30291,88928,0,10,1,57,57,ELECTION,0,0,67,14,6,114,7,10,60,67,20,0,0,0,0
120438,80,bully,8730,0,0,0,64,75,896,1050,1,100,30328,86063,0,12,3,53,53,ELECTION,0,0,64,14,8,106,7,11,57,64,22,0,0,0,0
120453,48,bully,7204,0,0,0,66,77,924,1078,1,100,30276,87613,0,11,1,55,55,ELECTION,0,0,66,14,8,110,7,11,59,66,22,0,0,0,0
120641,97,bully,9134,1,1,5236,61,73,854,1022,1,100,30830,85491,0,15,3,53,53,ELECTION,0,1,62,8,8,106,9,13,57,66,14,85,85,2,85
120808,66,bully,8394,0,0,0,66,77,924,1078,1,100,30333,86756,0,11,1,55,55,ELECTION,0,0,66,14,8,110,7,11,59,66,22,0,0,0,0
120792,62,bully,8155,0,0,0,66,77,924,1078,1,100,30303,86984,0,11,1,55,55,ELECTION,0,0,66,14,8,110,7,11,59,66,22,0,0,0,0
120874,50,bully,7663,0,0,0,66,77,924,1078,1,100,30305,87539,0,11,1,55,55,ELECTION,0,0,66,14,8,110,7,11,59,66,22,0,0,0,0
120356,92,bully,8534,0,0,0,64,75,896,1050,1,100,30991,85667,0,12,3,53,53,ELECTION,0,0,64,14,8,106,7,11,57,64,22,0,0,0,0
121018,55,bully,7968,0,0,0,66,77,924,1078,1,100,30331,87316,0,11,1,55,55,ELECTION,0,0,66,14,8,110,7,11,59,66,22,0,0,0,0
120371,60,bully,7582,0,0,0,66,77,924,1078,1,100,30323,87082,0,11,1,55,55,ELECTION,0,0,66,14,8,110,7,11,59,66,22,0,0,0,0
120671,33,bully,6605,0,0,0,66,76,924,1064,1,100,30385,88355,0,10,1,56,56,ELECTION,0,0,66,14,6,112,7,10,59,66,20,1,0,0,0
120523,25,bully,6115,0,0,0,67,77,938,1078,1,100,30294,88870,0,10,1,57,57,ELECTION,0,0,67,14,6,114,7,10,60,67,20,0,0,0,0
120180,54,bully,7039,0,0,0,66,77,924,1078,1,100,30331,87412,0,11,1,55,55,ELECTION,0,0,66,14,8,110,7,11,59,66,22,0,0,0,0
120589,45,bully,7030,0,0,0,66,77,924,1078,1,100,30258,87963,0,11,1,55,55,ELECTION,0,0,66,14,8,110,7,11,59,66,22,0,0,0,0
120995,79,bully,9041,0,0,0,64,75,896,1050,1,100,30326,86337,0,12,3,53,53,ELECTION,0,0,64,14,8,106,7,11,57,64,22,0,0,0,0
120383,71,bully,8021,0,0,0,66,77,924,1078,1,100,30335,86668,0,11,1,55,55,ELECTION,0,0,66,14,8,110,7,11,59,66,22,0,0,0,0
120468,16,bully,5502,0,0,0,67,77,938,1078,1,100,30331,89329,0,10,1,57,57,ELECTION,0,0,67,14,6,114,7,10,60,67,20,0,0,0,0
121005,30,bully,6716,0,0,0,67,77,938,1078,1,100,30316,88674,0,10,1,57,57,ELECTION,0,0,67,14,6,114,7,10,60,67,20,0,0,0,0
120656,65,bully,7956,0,0,0,66,77,924,1078,1,100,30342,87014,0,11,1,55,55,ELECTION,0,0,66,14,8,110,7,11,59,66,22,0,0,0,0
120914,91,bully,8867,0,0,0,64,75,896,1050,1,100,30994,85885,0,12,2,53,53,ELECTION,0,0,64,14,8,106,7,11,57,64,22,0,0,0,0
121268,73,bully,8929,0,0,0,65,76,910,1064,1,100,30324,86695,0,12,2,54,54,ELECTION,0,0,65,14,8,108,7,11,58,65,22,0,0,0,0
121080,24,bully,6447,0,0,0,67,77,938,1078,1,100,30288,89113,0,10,1,57,57,ELECTION,0,0,67,14,6,114,7,10,60,67,20,0,0,0,0
120813,19,bully,5884,0,0,0,67,77,938,1078,1,100,30334,89251,0,10,1,57,57,ELECTION,0,0,67,14,6,114,7,10,60,67,20,0,0,0,0
120686,1,bully,4915,0,0,0,68,84,952,1176,1,100,115678,4788,0,16,1,57,57,NORMAL,0,0,68,16,6,114,8,16,65,68,22,0,0,0,0
121298,9,bully,5897,0,0,0,68,79,952,1106,1,100,30287,89843,0,11,1,57,57,ELECTION,0,0,68,16,6,114,8,11,60,68,22,0,0,0,0
120889,18,bully,5881,0,0,0,67,77,938,1078,1,100,30325,89358,0,10,1,57,57,ELECTION,0,0,67,14,6,114,7,10,60,67,20,0,0,0,0
120884,12,bully,5505,0,0,0,68,79,952,1106,1,100,30313,89705,0,11,1,57,57,ELECTION,0,0,68,16,6,114,8,11,60,68,22,0,0,0,0
120520,68,bully,7822,0,0,0,66,77,924,1078,1,100,30356,87000,0,11,1,55,55,ELECTION,0,0,66,14,8,110,7,11,59,66,22,0,0,0,0
120741,10,bully,5321,0,0,0,68,79,952,1106,1,100,30298,89844,0,11,1,57,57,ELECTION,0,0,68,16,6,114,8,11,60,68,22,0,0,0,0
121413,34,bully,7061,0,0,0,67,78,938,1092,1,100,30390,88629,0,11,1,56,56,ELECTION,0,0,67,14,8,112,7,11,60,67,22,0,0,0,0
121010,47,bully,7247,0,0,0,66,77,924,1078,1,100,30271,88088,0,11,1,55,55,ELECTION,0,0,66,14,8,110,7,11,59,66,22,0,0,0,0
121501,26,bully,6703,0,0,0,67,77,938,1078,1,100,30259,89268,0,10,1,57,57,ELECTION,0,0,67,14,6,114,7,10,60,67,20,0,0,0,0
120814,53,bully,7161,0,0,0,66,77,924,1078,1,100,30321,87942,0,11,1,55,55,ELECTION,0,0,66,14,8,110,7,11,59,66,22,0,0,0,0
121065,56,bully,7568,0,0,0,66,77,924,1078,1,100,30321,87782,0,11,1,55,55,ELECTION,0,0,66,14,8,110,7,11,59,66,22,0,0,0,0
121365,29,bully,6618,0,0,0,67,77,938,1078,1,100,30307,89135,0,10,1,57,57,ELECTION,0,0,67,14,6,114,7,10,60,67,20,0,0,0,0
121471,90,bully,8993,0,0,0,65,76,910,1064,1,100,31013,86300,0,12,2,54,54,ELECTION,0,0,65,14,8,108,7,11,58,65,22,0,0,0,0
121260,77,bully,8753,0,0,0,65,76,910,1064,1,100,30337,86869,0,12,2,54,54,ELECTION,0,0,65,14,8,108,7,11,58,65,22,0,0,0,0
121217,21,bully,6096,0,0,0,67,77,938,1078,1,100,30290,89535,0,10,1,57,57,ELECTION,0,0,67,14,6,114,7,10,60,67,20,0,0,0,0
121050,88,bully,8433,0,0,0,65,76,910,1064,1,100,30971,86430,0,12,2,54,54,ELECTION,0,0,65,14,8,108,7,11,58,65,22,0,0,0,0
121025,15,bully,5508,0,0,0,67,77,938,1078,1,100,30328,89854,0,10,1,57,57,ELECTION,0,0,67,14,6,114,7,10,60,67,20,0,0,0,0
121623,76,bully,8979,0,0,0,65,76,910,1064,1,100,30343,86993,0,12,2,54,54,ELECTION,0,0,65,14,8,108,7,11,58,65,22,0,0,0,0
120859,82,bully,8440,0,0,0,65,76,910,1064,1,100,30283,86866,0,12,2,54,54,ELECTION,0,0,65,14,8,108,7,11,58,65,22,0,0,0,0
121187,85,bully,8868,0,0,0,65,76,910,1064,1,100,30319,86737,0,12,2,54,54,ELECTION,0,0,65,14,8,108,7,11,58,65,22,0,0,0,0
121880,81,bully,9351,0,0,0,65,76,910,1064,1,100,30303,86917,0,12,2,54,54,ELECTION,0,0,65,14,8,108,7,11,58,65,22,0,0,0,0
121147,44,bully,6804,0,0,0,66,77,924,1078,1,100,30288,88706,0,11,1,55,55,ELECTION,0,0,66,14,8,110,7,11,59,66,22,0,0,0,0
120944,27,bully,5851,0,0,0,67,77,938,1078,1,100,30272,89562,0,10,1,57,57,ELECTION,0,0,67,14,6,114,7,10,60,67,20,0,0,0,0
120935,64,bully,7513,0,0,0,66,77,924,1078,1,100,30325,87729,0,11,1,55,55,ELECTION,0,0,66,14,8,110,7,11,59,66,22,0,0,0,0
121435,6,bully,5219,0,0,0,69,80,966,1120,1,100,30293,90609,0,11,0,58,58,ELECTION,0,0,69,16,6,116,8,11,61,69,22,0,0,0,0
121283,41,bully,6724,0,0,0,67,78,938,1092,1,100,30291,88927,0,11,1,56,56,ELECTION,0,0,67,14,8,112,7,11,60,67,22,0,0,0,0
121202,28,bully,6060,0,0,0,67,77,938,1078,1,100,30293,89609,0,10,1,57,57,ELECTION,0,0,67,14,6,114,7,10,60,67,20,0,0,0,0
121689,75,bully,8651,0,0,0,65,76,910,1064,1,100,30375,87322,0,12,2,54,54,ELECTION,0,0,65,14,8,108,7,11,58,65,22,0,0,0,0
121350,61,bully,7649,0,0,0,66,77,924,1078,1,100,30315,88000,0,11,1,55,55,ELECTION,0,0,66,14,8,110,7,11,59,66,22,0,0,0,0
121183,37,bully,6337,0,0,0,67,78,938,1092,1,100,30316,89188,0,11,1,56,56,ELECTION,0,0,67,14,8,112,7,11,60,67,22,0,0,0,0
121238,17,bully,5433,0,0,0,68,78,952,1092,1,100,30313,90191,0,10,1,58,58,ELECTION,0,0,68,14,6,116,7,10,61,68,20,0,0,0,0
121405,70,bully,8054,0,0,0,66,77,924,1078,1,100,30334,87656,0,11,1,55,55,ELECTION,0,0,66,14,8,110,7,11,59,66,22,0,0,0,0
121895,49,bully,7546,0,0,0,66,77,924,1078,1,100,30278,88702,0,11,1,55,55,ELECTION,0,0,66,14,8,110,7,11,59,66,22,0,0,0,0
121993,94,bully,9129,0,0,0,66,78,924,1092,1,100,30924,86744,0,13,2,54,54,ELECTION,0,0,66,16,8,108,8,12,58,66,24,1,0,0,0
121213,96,bully,8455,1,0,0,67,80,938,1120,1,100,26818,90741,0,15,2,54,54,ELECTION,0,0,67,18,8,108,9,13,58,67,26,1,0,0,0
121744,84,bully,9040,0,0,0,65,76,910,1064,1,100,30299,87163,0,12,2,54,54,ELECTION,0,0,65,14,8,108,7,11,58,65,22,0,0,0,0
121856,8,bully,5478,0,0,0,69,80,966,1120,1,100,30311,90780,0,11,0,58,58,ELECTION,0,0,69,16,6,116,8,11,61,69,22,0,0,0,0
121759,52,bully,7415,0,0,0,66,77,924,1078,1,100,30316,88629,0,11,1,55,55,ELECTION,0,0,66,14,8,110,7,11,59,66,22,0,0,0,0
121638,23,bully,6006,0,0,0,68,78,952,1092,1,100,30284,90105,0,10,1,58,58,ELECTION,0,0,68,14,6,116,7,10,61,68,20,0,0,0,0
121486,58,bully,7387,0,0,0,66,77,924,1078,1,100,30344,88355,0,11,1,55,55,ELECTION,0,0,66,14,8,110,7,11,59,66,22,0,0,0,0
121335,93,bully,8312,1,0,0,66,77,924,1078,1,100,30992,86835,0,13,2,54,54,ELECTION,0,0,66,16,8,108,7,11,58,65,24,0,0,0,0
121692,32,bully,6364,0,0,0,68,78,952,1092,1,100,30373,89635,0,10,1,58,58,ELECTION,0,0,68,14,6,116,7,10,61,68,20,0,0,0,0
121526,99,bully,7866,1,0,0,23,33,322,462,1,100,27430,90798,0,12,23,12,12,ELECTION,0,0,23,16,6,24,7,10,15,22,22,0,0,0,0
121498,72,bully,8030,0,0,0,66,77,924,1078,1,100,30325,87811,0,11,1,55,55,ELECTION,0,0,66,14,8,110,7,11,59,66,22,0,0,0,0
121556,35,bully,6309,0,0,0,68,79,952,1106,1,100,30382,89529,0,11,1,57,57,ELECTION,0,0,68,14,8,114,7,11,61,68,22,0,0,0,0
121719,11,bully,5307,0,0,0,69,80,966,1120,1,100,30307,90790,0,11,0,58,58,ELECTION,0,0,69,16,6,116,8,11,61,69,22,0,0,0,0
121541,67,bully,7792,0,0,0,66,77,924,1078,1,100,30342,88096,0,11,1,55,55,ELECTION,0,0,66,14,8,110,7,11,59,66,22,0,0,0,0
121608,87,bully,8067,0,0,0,65,76,910,1064,1,100,30944,87388,0,12,2,54,54,ELECTION,0,0,65,14,8,108,7,11,58,65,22,0,0,0,0
121704,43,bully,6630,0,0,0,67,78,938,1092,1,100,30290,89418,0,11,1,56,56,ELECTION,0,0,67,14,8,112,7,11,60,67,22,0,0,0,0
121992,5,bully,5042,0,0,0,69,80,966,1120,1,100,30297,91338,0,11,0,58,58,ELECTION,0,0,69,16,6,116,8,11,61,69,22,0,0,0,0
121841,40,bully,6571,0,0,0,68,79,952,1106,1,100,30301,89590,0,11,1,57,57,ELECTION,0,0,68,14,8,114,7,11,61,68,22,0,0,0,0
121962,69,bully,7947,0,0,0,66,77,924,1078,1,100,30312,88374,0,11,1,55,55,ELECTION,0,0,66,14,8,110,7,11,59,66,22,0,0,0,0
121977,83,bully,8572,0,0,0,65,76,910,1064,1,100,30300,87844,0,12,2,54,54,ELECTION,0,0,65,14,8,108,7,11,58,65,22,0,0,0,0
130084,98,bully,8601,3,1,4517,22,31,308,434,1,100,27456,98544,0,11,26,12,12,ELECTION,0,3,23,14,6,24,5,9,16,21,20,0,0,0,0
130113,13,bully,6073,0,0,0,72,83,1008,1162,1,100,30285,98432,0,11,1,62,62,ELECTION,0,0,72,14,6,124,8,11,65,73,20,0,0,0,0
130165,86,bully,8907,1,1,4742,69,80,966,1120,1,100,31004,94996,0,12,3,58,58,ELECTION,0,2,70,14,8,116,7,11,62,69,22,0,0,0,0
130128,2,bully,5503,0,0,0,73,84,1022,1176,1,100,30285,99030,0,11,1,62,62,ELECTION,0,0,73,16,6,124,8,11,65,73,22,0,0,0,0
130015,4,bully,5385,0,0,0,73,84,1022,1176,1,100,30326,98957,0,11,1,62,62,ELECTION,0,0,73,16,6,124,8,11,65,73,22,0,0,0,0
130195,22,bully,6345,0,0,0,72,82,1008,1148,1,100,30267,98345,0,10,1,62,62,ELECTION,0,0,72,14,6,124,7,10,65,72,20,0,0,0,0
130355,38,bully,7025,0,0,0,72,83,1008,1162,1,100,30315,97651,0,11,1,61,61,ELECTION,0,0,72,14,8,122,7,11,65,72,22,0,0,0,0
130316,51,bully,7554,0,0,0,70,81,980,1134,1,100,30299,97060,0,11,1,59,59,ELECTION,0,0,70,14,8,118,7,11,63,70,22,0,0,0,0
130017,78,bully,8490,0,0,0,69,80,966,1120,1,100,30350,95877,0,12,3,58,58,ELECTION,0,0,69,14,8,116,7,11,62,69,22,0,0,0,0
130534,36,bully,6992,0,0,0,72,83,1008,1162,1,100,30358,97856,0,11,1,61,61,ELECTION,0,0,72,14,8,122,7,11,65,72,22,0,0,0,0
130711,74,bully,8917,0,0,0,69,80,966,1120,1,100,30354,96090,0,12,3,58,58,ELECTION,0,0,69,14,8,116,7,11,62,69,22,0,0,0,0
130549,3,bully,5375,0,0,0,73,84,1022,1176,1,100,30259,99604,0,11,1,62,62,ELECTION,0,0,73,16,6,124,8,11,65,73,22,0,0,0,0
130032,46,bully,6870,0,0,0,71,82,994,1148,1,100,30280,97495,0,11,1,60,60,ELECTION,0,0,71,14,8,120,7,11,64,71,22,0,0,0,0
130029,89,bully,8313,0,0,0,69,80,966,1120,1,100,30983,95565,0,12,3,58,58,ELECTION,0,0,69,14,8,116,7,11,62,69,22,0,0,0,0
130726,42,bully,7368,0,0,0,71,82,994,1148,1,100,30285,97740,0,11,1,60,60,ELECTION,0,0,71,14,8,120,7,11,64,71,22,0,0,0,0
130331,95,bully,8874,1,0,0,71,83,994,1162,1,100,26883,99352,0,14,3,58,58,ELECTION,0,0,71,18,8,116,8,12,62,70,26,0,0,0,0
130506,100,bully,5174,1,1,4669,78,34,1092,476,1,100,30303,99698,0,11,1,62,12,ELECTION,0,15,78,16,16,124,8,11,15,23,22,0,0,0,0
130250,31,bully,6305,0,0,0,72,82,1008,1148,1,100,30342,98298,0,10,1,62,62,ELECTION,0,0,72,14,6,124,7,10,65,72,20,0,0,0,0
130574,59,bully,7869,0,0,0,71,82,994,1148,1,100,30352,96947,0,11,1,60,60,ELECTION,0,0,71,14,8,120,7,11,64,71,22,0,0,0,0
130877,7,bully,5725,0,0,0,73,84,1022,1176,1,100,30293,99553,0,11,1,62,62,ELECTION,0,0,73,16,6,124,8,11,65,73,22,0,0,0,0
130047,14,bully,5201,0,0,0,72,82,1008,1148,1,100,30328,99176,0,10,1,62,62,ELECTION,0,0,72,14,6,124,7,10,65,72,20,0,0,0,0
130862,39,bully,7245,0,0,0,72,83,1008,1162,1,100,30266,98015,0,11,1,61,61,ELECTION,0,0,72,14,8,122,7,11,65,72,22,0,0,0,0
130044,57,bully,7219,0,0,0,71,82,994,1148,1,100,30334,97084,0,11,1,60,60,ELECTION,0,0,71,14,8,120,7,11,64,71,22,0,0,0,0
130235,63,bully,7725,0,0,0,71,82,994,1148,1,100,30315,96849,0,11,1,60,60,ELECTION,0,0,71,14,8,120,7,11,64,71,22,0,0,0,0
130777,20,bully,6262,0,0,0,72,82,1008,1148,1,100,30291,98928,0,10,1,62,62,ELECTION,0,0,72,14,6,124,7,10,65,72,20,0,0,0,0
130438,80,bully,8730,0,0,0,69,80,966,1120,1,100,30328,96063,0,12,3,58,58,ELECTION,0,0,69,14,8,116,7,11,62,69,22,0,0,0,0
130453,48,bully,7204,0,0,0,71,82,994,1148,1,100,30276,97613,0,11,1,60,60,ELECTION,0,0,71,14,8,120,7,11,64,71,22,0,0,0,0
130641,97,bully,9134,1,1,5236,66,78,924,1092,1,100,30830,95491,0,15,3,58,58,ELECTION,0,1,67,8,8,116,9,13,62,71,14,95,95,3,95
130807,66,bully,8394,0,0,0,70,81,980,1134,1,100,30333,96755,0,11,1,59,59,ELECTION,0,0,70,14,8,118,7,11,63,70,22,0,0,0,0
130792,62,bully,8155,0,0,0,71,82,994,1148,1,100,30303,96984,0,11,1,60,60,ELECTION,0,0,71,14,8,120,7,11,64,71,22,0,0,0,0
130874,50,bully,7663,0,0,0,71,82,994,1148,1,100,30305,97539,0,11,1,60,60,ELECTION,0,0,71,14,8,120,7,11,64,71,22,0,0,0,0
130356,92,bully,8534,0,0,0,69,80,966,1120,1,100,30991,95667,0,12,3,58,58,ELECTION,0,0,69,14,8,116,7,11,62,69,22,0,0,0,0
131018,55,bully,7968,0,0,0,71,82,994,1148,1,100,30331,97316,0,11,1,60,60,ELECTION,0,0,71,14,8,120,7,11,64,71,22,0,0,0,0
130371,60,bully,7582,0,0,0,71,82,994,1148,1,100,30323,97082,0,11,1,60,60,ELECTION,0,0,71,14,8,120,7,11,64,71,22,0,0,0,0
130671,33,bully,6605,0,0,0,71,81,994,1134,1,100,30385,98355,0,10,1,61,61,ELECTION,0,0,71,14,6,122,7,10,64,71,20,1,0,0,0
130523,25,bully,6115,0,0,0,72,82,1008,1148,1,100,30294,98870,0,10,1,62,62,ELECTION,0,0,72,14,6,124,7,10,65,72,20,0,0,0,0
130180,54,bully,7039,0,0,0,71,82,994,1148,1,100,30331,97412,0,11,1,60,60,ELECTION,0,0,71,14,8,120,7,11,64,71,22,0,0,0,0
130589,45,bully,7030,0,0,0,71,82,994,1148,1,100,30258,97963,0,11,1,60,60,ELECTION,0,0,71,14,8,120,7,11,64,71,22,0,0,0,0
130995,79,bully,9041,0,0,0,69,80,966,1120,1,100,30326,96337,0,12,3,58,58,ELECTION,0,0,69,14,8,116,7,11,62,69,22,0,0,0,0
130383,71,bully,8021,0,0,0,71,82,994,1148,1,100,30335,96668,0,11,1,60,60,ELECTION,0,0,71,14,8,120,7,11,64,71,22,0,0,0,0
130468,16,bully,5502,0,0,0,72,82,1008,1148,1,100,30331,99329,0,10,1,62,62,ELECTION,0,0,72,14,6,124,7,10,65,72,20,0,0,0,0
131005,30,bully,6716,0,0,0,72,82,1008,1148,1,100,30316,98674,0,10,1,62,62,ELECTION,0,0,72,14,6,124,7,10,65,72,20,0,0,0,0
130656,65,bully,7956,0,0,0,71,82,994,1148,1,100,30342,97014,0,11,1,60,60,ELECTION,0,0,71,14,8,120,7,11,64,71,22,0,0,0,0
130914,91,bully,8867,0,0,0,69,80,966,1120,1,100,30994,95885,0,12,2,58,58,ELECTION,0,0,69,14,8,116,7,11,62,69,22,0,0,0,0
131268,73,bully,8929,0,0,0,70,81,980,1134,1,100,30324,96695,0,12,2,59,59,ELECTION,0,0,70,14,8,118,7,11,63,70,22,0,0,0,0
131080,24,bully,6447,0,0,0,72,82,1008,1148,1,100,30288,99113,0,10,1,62,62,ELECTION,0,0,72,14,6,124,7,10,65,72,20,0,0,0,0
130813,19,bully,5884,0,0,0,72,82,1008,1148,1,100,30334,99251,0,10,1,62,62,ELECTION,0,0,72,14,6,124,7,10,65,72,20,0,0,0,0
130686,1,bully,4915,0,0,0,73,89,1022,1246,1,100,125678,4788,0,16,1,62,62,NORMAL,0,0,73,16,6,124,8,16,70,73,22,0,0,0,0
131298,9,bully,5897,0,0,0,73,84,1022,1176,1,100,30287,99843,0,11,1,62,62,ELECTION,0,0,73,16,6,124,8,11,65,73,22,0,0,0,0
130889,18,bully,5881,0,0,0,72,82,1008,1148,1,100,30325,99358,0,10,1,62,62,ELECTION,0,0,72,14,6,124,7,10,65,72,20,0,0,0,0
130884,12,bully,5505,0,0,0,73,84,1022,1176,1,100,30313,99705,0,11,1,62,62,ELECTION,0,0,73,16,6,124,8,11,65,73,22,0,0,0,0
130520,68,bully,7822,0,0,0,71,82,994,1148,1,100,30356,97000,0,11,1,60,60,ELECTION,0,0,71,14,8,120,7,11,64,71,22,0,0,0,0
130741,10,bully,5321,0,0,0,73,84,1022,1176,1,100,30298,99844,0,11,1,62,62,ELECTION,0,0,73,16,6,124,8,11,65,73,22,0,0,0,0
131413,34,bully,7061,0,0,0,72,83,1008,1162,1,100,30390,98629,0,11,1,61,61,ELECTION,0,0,72,14,8,122,7,11,65,72,22,0,0,0,0
131010,47,bully,7247,0,0,0,71,82,994,1148,1,100,30271,98088,0,11,1,60,60,ELECTION,0,0,71,14,8,120,7,11,64,71,22,0,0,0,0
131501,26,bully,6703,0,0,0,72,82,1008,1148,1,100,30259,99268,0,10,1,62,62,ELECTION,0,0,72,14,6,124,7,10,65,72,20,0,0,0,0
130814,53,bully,7161,0,0,0,71,82,994,1148,1,100,30321,97942,0,11,1,60,60,ELECTION,0,0,71,14,8,120,7,11,64,71,22,0,0,0,0
131065,56,bully,7568,0,0,0,71,82,994,1148,1,100,30321,97782,0,11,1,60,60,ELECTION,0,0,71,14,8,120,7,11,64,71,22,0,0,0,0
131365,29,bully,6618,0,0,0,72,82,1008,1148,1,100,30307,99135,0,10,1,62,62,ELECTION,0,0,72,14,6,124,7,10,65,72,20,0,0,0,0
131471,90,bully,8993,0,0,0,69,80,966,1120,1,100,31013,96300,0,12,2,58,58,ELECTION,0,0,69,14,8,116,7,11,62,69,22,0,0,0,0
131260,77,bully,8753,0,0,0,70,81,980,1134,1,100,30337,96869,0,12,2,59,59,ELECTION,0,0,70,14,8,118,7,11,63,70,22,0,0,0,0
131217,21,bully,6096,0,0,0,72,82,1008,1148,1,100,30290,99535,0,10,1,62,62,ELECTION,0,0,72,14,6,124,7,10,65,72,20,0,0,0,0
131050,88,bully,8433,0,0,0,70,81,980,1134,1,100,30971,96430,0,12,2,59,59,ELECTION,0,0,70,14,8,118,7,11,63,70,22,0,0,0,0
131025,15,bully,5508,0,0,0,72,82,1008,1148,1,100,30328,99854,0,10,1,62,62,ELECTION,0,0,72,14,6,124,7,10,65,72,20,0,0,0,0
131623,76,bully,8979,0,0,0,70,81,980,1134,1,100,30343,96993,0,12,2,59,59,ELECTION,0,0,70,14,8,118,7,11,63,70,22,0,0,0,0
130859,82,bully,8440,0,0,0,70,81,980,1134,1,100,30283,96866,0,12,2,59,59,ELECTION,0,0,70,14,8,118,7,11,63,70,22,0,0,0,0
131187,85,bully,8868,0,0,0,70,81,980,1134,1,100,30319,96737,0,12,2,59,59,ELECTION,0,0,70,14,8,118,7,11,63,70,22,0,0,0,0
131880,81,bully,9351,0,0,0,70,81,980,1134,1,100,30303,96917,0,12,2,59,59,ELECTION,0,0,70,14,8,118,7,11,63,70,22,0,0,0,0
131147,44,bully,6804,0,0,0,71,82,994,1148,1,100,30288,98706,0,11,1,60,60,ELECTION,0,0,71,14,8,120,7,11,64,71,22,0,0,0,0
130944,27,bully,5851,0,0,0,72,82,1008,1148,1,100,30272,99562,0,10,1,62,62,ELECTION,0,0,72,14,6,124,7,10,65,72,20,0,0,0,0
130935,64,bully,7513,0,0,0,71,82,994,1148,1,100,30325,97729,0,11,1,60,60,ELECTION,0,0,71,14,8,120,7,11,64,71,22,0,0,0,0
131435,6,bully,5219,0,0,0,74,85,1036,1190,1,100,30293,100609,0,11,0,63,63,ELECTION,0,0,74,16,6,126,8,11,66,74,22,0,0,0,0
131283,41,bully,6724,0,0,0,72,83,1008,1162,1,100,30291,98927,0,11,1,61,61,ELECTION,0,0,72,14,8,122,7,11,65,72,22,0,0,0,0
131202,28,bully,6060,0,0,0,72,82,1008,1148,1,100,30293,99609,0,10,1,62,62,ELECTION,0,0,72,14,6,124,7,10,65,72,20,0,0,0,0
131689,75,bully,8651,0,0,0,70,81,980,1134,1,100,30375,97322,0,12,2,59,59,ELECTION,0,0,70,14,8,118,7,11,63,70,22,0,0,0,0
131350,61,bully,7649,0,0,0,71,82,994,1148,1,100,30315,98000,0,11,1,60,60,ELECTION,0,0,71,14,8,120,7,11,64,71,22,0,0,0,0
131183,37,bully,6337,0,0,0,72,83,1008,1162,1,100,30316,99188,0,11,1,61,61,ELECTION,0,0,72,14,8,122,7,11,65,72,22,0,0,0,0
131238,17,bully,5433,0,0,0,73,83,1022,1162,1,100,30313,100191,0,10,1,63,63,ELECTION,0,0,73,14,6,126,7,10,66,73,20,0,0,0,0
131405,70,bully,8054,0,0,0,71,82,994,1148,1,100,30334,97656,0,11,1,60,60,ELECTION,0,0,71,14,8,120,7,11,64,71,22,0,0,0,0
131895,49,bully,7546,0,0,0,71,82,994,1148,1,100,30278,98702,0,11,1,60,60,ELECTION,0,0,71,14,8,120,7,11,64,71,22,0,0,0,0
131993,94,bully,9129,0,0,0,71,83,994,1162,1,100,30924,96744,0,13,2,59,59,ELECTION,0,0,71,16,8,118,8,12,63,71,24,1,0,0,0
131213,96,bully,8455,1,0,0,72,85,1008,1190,1,100,26818,100741,0,15,2,59,59,ELECTION,0,0,72,18,8,118,9,13,63,72,26,1,0,0,0
131744,84,bully,9040,0,0,0,70,81,980,1134,1,100,30299,97163,0,12,2,59,59,ELECTION,0,0,70,14,8,118,7,11,63,70,22,0,0,0,0
131856,8,bully,5478,0,0,0,74,85,1036,1190,1,100,30311,100780,0,11,0,63,63,ELECTION,0,0,74,16,6,126,8,11,66,74,22,0,0,0,0
131759,52,bully,7415,0,0,0,71,82,994,1148,1,100,30316,98629,0,11,1,60,60,ELECTION,0,0,71,14,8,120,7,11,64,71,22,0,0,0,0
131638,23,bully,6006,0,0,0,73,83,1022,1162,1,100,30284,100105,0,10,1,63,63,ELECTION,0,0,73,14,6,126,7,10,66,73,20,0,0,0,0
131486,58,bully,7387,0,0,0,71,82,994,1148,1,100,30344,98355,0,11,1,60,60,ELECTION,0,0,71,14,8,120,7,11,64,71,22,0,0,0,0
131335,93,bully,8312,1,0,0,71,82,994,1148,1,100,30992,96835,0,13,2,59,59,ELECTION,0,0,71,16,8,118,7,11,63,70,24,0,0,0,0
131692,32,bully,6364,0,0,0,73,83,1022,1162,1,100,30373,99635,0,10,1,63,63,ELECTION,0,0,73,14,6,126,7,10,66,73,20,0,0,0,0
131526,99,bully,7866,1,0,0,23,33,322,462,1,100,27430,100798,0,12,26,12,12,ELECTION,0,0,23,16,6,24,7,10,15,22,22,0,0,0,0
131498,72,bully,8030,0,0,0,71,82,994,1148,1,100,30325,97811,0,11,1,60,60,ELECTION,0,0,71,14,8,120,7,11,64,71,22,0,0,0,0
131556,35,bully,6309,0,0,0,73,84,1022,1176,1,100,30382,99529,0,11,1,62,62,ELECTION,0,0,73,14,8,124,7,11,66,73,22,0,0,0,0
131719,11,bully,5307,0,0,0,74,85,1036,1190,1,100,30307,100790,0,11,0,63,63,ELECTION,0,0,74,16,6,126,8,11,66,74,22,0,0,0,0
131541,67,bully,7792,0,0,0,71,82,994,1148,1,100,30342,98096,0,11,1,60,60,ELECTION,0,0,71,14,8,120,7,11,64,71,22,0,0,0,0
131608,87,bully,8067,0,0,0,70,81,980,1134,1,100,30944,97388,0,12,2,59,59,ELECTION,0,0,70,14,8,118,7,11,63,70,22,0,0,0,0
131704,43,bully,6630,0,0,0,72,83,1008,1162,1,100,30290,99418,0,11,1,61,61,ELECTION,0,0,72,14,8,122,7,11,65,72,22,0,0,0,0
131992,5,bully,5042,0,0,0,74,85,1036,1190,1,100,30297,101338,0,11,0,63,63,ELECTION,0,0,74,16,6,126,8,11,66,74,22,0,0,0,0
131841,40,bully,6571,0,0,0,73,84,1022,1176,1,100,30301,99590,0,11,1,62,62,ELECTION,0,0,73,14,8,124,7,11,66,73,22,0,0,0,0
131962,69,bully,7947,0,0,0,71,82,994,1148,1,100,30312,98374,0,11,1,60,60,ELECTION,0,0,71,14,8,120,7,11,64,71,22,0,0,0,0
131977,83,bully,8572,0,0,0,70,81,980,1134,1,100,30300,97844,0,12,2,59,59,ELECTION,0,0,70,14,8,118,7,11,63,70,22,0,0,0,0
140084,98,bully,8601,3,1,4517,22,31,308,434,1,100,27456,108544,0,11,29,12,12,ELECTION,0,3,23,14,6,24,5,9,16,21,20,0,0,0,0
140113,13,bully,6073,0,0,0,77,88,1078,1232,1,100,30285,108432,0,11,1,67,67,ELECTION,0,0,77,14,6,134,8,11,70,78,20,0,0,0,0
140165,86,bully,8907,1,1,4742,74,85,1036,1190,1,100,31004,104996,0,12,3,63,63,ELECTION,0,2,75,14,8,126,7,11,67,74,22,0,0,0,0
140128,2,bully,5503,0,0,0,78,89,1092,1246,1,100,30285,109030,0,11,1,67,67,ELECTION,0,0,78,16,6,134,8,11,70,78,22,0,0,0,0
140015,4,bully,5385,0,0,0,78,89,1092,1246,1,100,30326,108957,0,11,1,67,67,ELECTION,0,0,78,16,6,134,8,11,70,78,22,0,0,0,0
140195,22,bully,6345,0,0,0,77,87,1078,1218,1,100,30267,108345,0,10,1,67,67,ELECTION,0,0,77,14,6,134,7,10,70,77,20,0,0,0,0
140355,38,bully,7025,0,0,0,77,88,1078,1232,1,100,30315,107651,0,11,1,66,66,ELECTION,0,0,77,14,8,132,7,11,70,77,22,0,0,0,0
140316,51,bully,7554,0,0,0,75,86,1050,1204,1,100,30299,107060,0,11,1,64,64,ELECTION,0,0,75,14,8,128,7,11,68,75,22,0,0,0,0
140017,78,bully,8490,0,0,0,74,85,1036,1190,1,100,30350,105877,0,12,3,63,63,ELECTION,0,0,74,14,8,126,7,11,67,74,22,0,0,0,0
140534,36,bully,6992,0,0,0,77,88,1078,1232,1,100,30358,107856,0,11,1,66,66,ELECTION,0,0,77,14,8,132,7,11,70,77,22,0,0,0,0
140711,74,bully,8917,0,0,0,74,85,1036,1190,1,100,30354,106090,0,12,3,63,63,ELECTION,0,0,74,14,8,126,7,11,67,74,22,0,0,0,0
140549,3,bully,5375,0,0,0,78,89,1092,1246,1,100,30259,109604,0,11,1,67,67,ELECTION,0,0,78,16,6,134,8,11,70,78,22,0,0,0,0
140032,46,bully,6870,0,0,0,76,87,1064,1218,1,100,30280,107495,0,11,1,65,65,ELECTION,0,0,76,14,8,130,7,11,69,76,22,0,0,0,0
140029,89,bully,8313,0,0,0,74,85,1036,1190,1,100,30983,105565,0,12,3,63,63,ELECTION,0,0,74,14,8,126,7,11,67,74,22,0,0,0,0
140726,42,bully,7368,0,0,0,76,87,1064,1218,1,100,30285,107740,0,11,1,65,65,ELECTION,0,0,76,14,8,130,7,11,69,76,22,0,0,0,0
140331,95,bully,8874,1,0,0,76,88,1064,1232,1,100,26883,109352,0,14,3,63,63,ELECTION,0,0,76,18,8,126,8,12,67,75,26,0,0,0,0
140506,100,bully,5174,1,1,4669,83,34,1162,476,1,100,30303,109698,0,11,1,67,12,ELECTION,0,15,83,16,16,134,8,11,15,23,22,0,0,0,0
140250,31,bully,6305,0,0,0,77,87,1078,1218,1,100,30342,108298,0,10,1,67,67,ELECTION,0,0,77,14,6,134,7,10,70,77,20,0,0,0,0
140574,59,bully,7869,0,0,0,76,87,1064,1218,1,100,30352,106947,0,11,1,65,65,ELECTION,0,0,76,14,8,130,7,11,69,76,22,0,0,0,0
140877,7,bully,5725,0,0,0,78,89,1092,1246,1,100,30293,109553,0,11,1,67,67,ELECTION,0,0,78,16,6,134,8,11,70,78,22,0,0,0,0
140047,14,bully,5201,0,0,0,77,87,1078,1218,1,100,30328,109176,0,10,1,67,67,ELECTION,0,0,77,14,6,134,7,10,70,77,20,0,0,0,0
140862,39,bully,7245,0,0,0,77,88,1078,1232,1,100,30266,108015,0,11,1,66,66,ELECTION,0,0,77,14,8,132,7,11,70,77,22,0,0,0,0
140044,57,bully,7219,0,0,0,76,87,1064,1218,1,100,30334,107084,0,11,1,65,65,ELECTION,0,0,76,14,8,130,7,11,69,76,22,0,0,0,0
140235,63,bully,7725,0,0,0,75,86,1050,1204,1,100,30315,106849,0,11,1,64,64,ELECTION,0,0,75,14,8,128,7,11,68,75,22,0,0,0,0
140777,20,bully,6262,0,0,0,77,87,1078,1218,1,100,30291,108928,0,10,1,67,67,ELECTION,0,0,77,14,6,134,7,10,70,77,20,0,0,0,0
140438,80,bully,8730,0,0,0,74,85,1036,1190,1,100,30328,106063,0,12,3,63,63,ELECTION,0,0,74,14,8,126,7,11,67,74,22,0,0,0,0
140453,48,bully,7204,0,0,0,76,87,1064,1218,1,100,30276,107613,0,11,1,65,65,ELECTION,0,0,76,14,8,130,7,11,69,76,22,0,0,0,0
140641,97,bully,9134,1,2,106511,147,162,2058,2268,3,100,34769,101552,0,17,3,138,138,LEADER,1,4,148,8,10,276,10,15,143,153,18,101,101,3,101
140807,66,bully,8394,0,0,0,75,86,1050,1204,1,100,30333,106755,0,11,1,64,64,ELECTION,0,0,75,14,8,128,7,11,68,75,22,0,0,0,0
140792,62,bully,8155,0,0,0,76,87,1064,1218,1,100,30303,106984,0,11,1,65,65,ELECTION,0,0,76,14,8,130,7,11,69,76,22,0,0,0,0
140874,50,bully,7663,0,0,0,76,87,1064,1218,1,100,30305,107539,0,11,1,65,65,ELECTION,0,0,76,14,8,130,7,11,69,76,22,0,0,0,0
140356,92,bully,8534,0,0,0,74,85,1036,1190,1,100,30991,105667,0,12,3,63,63,ELECTION,0,0,74,14,8,126,7,11,67,74,22,0,0,0,0
141018,55,bully,7968,0,0,0,76,87,1064,1218,1,100,30331,107316,0,11,1,65,65,ELECTION,0,0,76,14,8,130,7,11,69,76,22,0,0,0,0
140371,60,bully,7582,0,0,0,76,87,1064,1218,1,100,30323,107082,0,11,1,65,65,ELECTION,0,0,76,14,8,130,7,11,69,76,22,0,0,0,0
140671,33,bully,6605,0,0,0,76,86,1064,1204,1,100,30385,108355,0,10,1,66,66,ELECTION,0,0,76,14,6,132,7,10,69,76,20,1,0,0,0
140523,25,bully,6115,0,0,0,77,87,1078,1218,1,100,30294,108870,0,10,1,67,67,ELECTION,0,0,77,14,6,134,7,10,70,77,20,0,0,0,0
140180,54,bully,7039,0,0,0,76,87,1064,1218,1,100,30331,107412,0,11,1,65,65,ELECTION,0,0,76,14,8,130,7,11,69,76,22,0,0,0,0
140589,45,bully,7030,0,0,0,76,87,1064,1218,1,100,30258,107963,0,11,1,65,65,ELECTION,0,0,76,14,8,130,7,11,69,76,22,0,0,0,0
140995,79,bully,9041,0,0,0,74,85,1036,1190,1,100,30326,106337,0,12,3,63,63,ELECTION,0,0,74,14,8,126,7,11,67,74,22,0,0,0,0
140383,71,bully,8021,0,0,0,75,86,1050,1204,1,100,30335,106668,0,11,1,64,64,ELECTION,0,0,75,14,8,128,7,11,68,75,22,0,0,0,0
140468,16,bully,5502,0,0,0,77,87,1078,1218,1,100,30331,109329,0,10,1,67,67,ELECTION,0,0,77,14,6,134,7,10,70,77,20,0,0,0,0
141005,30,bully,6716,0,0,0,77,87,1078,1218,1,100,30316,108674,0,10,1,67,67,ELECTION,0,0,77,14,6,134,7,10,70,77,20,0,0,0,0
140656,65,bully,7956,0,0,0,76,87,1064,1218,1,100,30342,107014,0,11,1,65,65,ELECTION,0,0,76,14,8,130,7,11,69,76,22,0,0,0,0
140914,91,bully,8867,0,0,0,74,85,1036,1190,1,100,30994,105885,0,12,2,63,63,ELECTION,0,0,74,14,8,126,7,11,67,74,22,0,0,0,0
141270,73,bully,8929,0,0,0,75,86,1050,1204,1,100,30324,106697,0,12,2,64,64,ELECTION,0,0,75,14,8,128,7,11,68,75,22,0,0,0,0
141080,24,bully,6447,0,0,0,77,87,1078,1218,1,100,30288,109113,0,10,1,67,67,ELECTION,0,0,77,14,6,134,7,10,70,77,20,0,0,0,0
140813,19,bully,5884,0,0,0,77,87,1078,1218,1,100,30334,109251,0,10,1,67,67,ELECTION,0,0,77,14,6,134,7,10,70,77,20,0,0,0,0
140686,1,bully,4915,0,0,0,78,94,1092,1316,1,100,135678,4788,0,16,1,67,67,NORMAL,0,0,78,16,6,134,8,16,75,78,22,0,0,0,0
141298,9,bully,5897,0,0,0,78,89,1092,1246,1,100,30287,109843,0,11,1,67,67,ELECTION,0,0,78,16,6,134,8,11,70,78,22,0,0,0,0
140889,18,bully,5881,0,0,0,77,87,1078,1218,1,100,30325,109358,0,10,1,67,67,ELECTION,0,0,77,14,6,134,7,10,70,77,20,0,0,0,0
140884,12,bully,5505,0,0,0,78,89,1092,1246,1,100,30313,109705,0,11,1,67,67,ELECTION,0,0,78,16,6,134,8,11,70,78,22,0,0,0,0
140520,68,bully,7822,0,0,0,76,87,1064,1218,1,100,30356,107000,0,11,1,65,65,ELECTION,0,0,76,14,8,130,7,11,69,76,22,0,0,0,0
140741,10,bully,5321,0,0,0,78,89,1092,1246,1,100,30298,109844,0,11,1,67,67,ELECTION,0,0,78,16,6,134,8,11,70,78,22,0,0,0,0
141413,34,bully,7061,0,0,0,77,88,1078,1232,1,100,30390,108629,0,11,1,66,66,ELECTION,0,0,77,14,8,132,7,11,70,77,22,0,0,0,0
141010,47,bully,7247,0,0,0,76,87,1064,1218,1,100,30271,108088,0,11,1,65,65,ELECTION,0,0,76,14,8,130,7,11,69,76,22,0,0,0,0
141501,26,bully,6703,0,0,0,77,87,1078,1218,1,100,30259,109268,0,10,1,67,67,ELECTION,0,0,77,14,6,134,7,10,70,77,20,0,0,0,0
140814,53,bully,7161,0,0,0,76,87,1064,1218,1,100,30321,107942,0,11,1,65,65,ELECTION,0,0,76,14,8,130,7,11,69,76,22,0,0,0,0
141065,56,bully,7568,0,0,0,76,87,1064,1218,1,100,30321,107782,0,11,1,65,65,ELECTION,0,0,76,14,8,130,7,11,69,76,22,0,0,0,0
141365,29,bully,6618,0,0,0,77,87,1078,1218,1,100,30307,109135,0,10,1,67,67,ELECTION,0,0,77,14,6,134,7,10,70,77,20,0,0,0,0
141471,90,bully,8993,0,0,0,74,85,1036,1190,1,100,31013,106300,0,12,2,63,63,ELECTION,0,0,74,14,8,126,7,11,67,74,22,0,0,0,0
141260,77,bully,8753,0,0,0,75,86,1050,1204,1,100,30337,106869,0,12,2,64,64,ELECTION,0,0,75,14,8,128,7,11,68,75,22,0,0,0,0
141217,21,bully,6096,0,0,0,77,87,1078,1218,1,100,30290,109535,0,10,1,67,67,ELECTION,0,0,77,14,6,134,7,10,70,77,20,0,0,0,0
141050,88,bully,8433,0,0,0,74,85,1036,1190,1,100,30971,106430,0,12,2,63,63,ELECTION,0,0,74,14,8,126,7,11,67,74,22,0,0,0,0
141025,15,bully,5508,0,0,0,77,87,1078,1218,1,100,30328,109854,0,10,1,67,67,ELECTION,0,0,77,14,6,134,7,10,70,77,20,0,0,0,0
141623,76,bully,8979,0,0,0,75,86,1050,1204,1,100,30343,106993,0,12,2,64,64,ELECTION,0,0,75,14,8,128,7,11,68,75,22,0,0,0,0
140859,82,bully,8440,0,0,0,75,86,1050,1204,1,100,30283,106866,0,12,2,64,64,ELECTION,0,0,75,14,8,128,7,11,68,75,22,0,0,0,0
141187,85,bully,8868,0,0,0,75,86,1050,1204,1,100,30319,106737,0,12,2,64,64,ELECTION,0,0,75,14,8,128,7,11,68,75,22,0,0,0,0
141880,81,bully,9351,0,0,0,75,86,1050,1204,1,100,30303,106917,0,12,2,64,64,ELECTION,0,0,75,14,8,128,7,11,68,75,22,0,0,0,0
141147,44,bully,6804,0,0,0,76,87,1064,1218,1,100,30288,108706,0,11,1,65,65,ELECTION,0,0,76,14,8,130,7,11,69,76,22,0,0,0,0
140944,27,bully,5851,0,0,0,77,87,1078,1218,1,100,30272,109562,0,10,1,67,67,ELECTION,0,0,77,14,6,134,7,10,70,77,20,0,0,0,0
140935,64,bully,7513,0,0,0,76,87,1064,1218,1,100,30325,107729,0,11,1,65,65,ELECTION,0,0,76,14,8,130,7,11,69,76,22,0,0,0,0
141435,6,bully,5219,0,0,0,79,90,1106,1260,1,100,30293,110609,0,11,0,68,68,ELECTION,0,0,79,16,6,136,8,11,71,79,22,0,0,0,0
141283,41,bully,6724,0,0,0,77,88,1078,1232,1,100,30291,108927,0,11,1,66,66,ELECTION,0,0,77,14,8,132,7,11,70,77,22,0,0,0,0
141202,28,bully,6060,0,0,0,77,87,1078,1218,1,100,30293,109609,0,10,1,67,67,ELECTION,0,0,77,14,6,134,7,10,70,77,20,0,0,0,0
141689,75,bully,8651,0,0,0,75,86,1050,1204,1,100,30375,107322,0,12,2,64,64,ELECTION,0,0,75,14,8,128,7,11,68,75,22,0,0,0,0
141350,61,bully,7649,0,0,0,76,87,1064,1218,1,100,30315,108000,0,11,1,65,65,ELECTION,0,0,76,14,8,130,7,11,69,76,22,0,0,0,0
141183,37,bully,6337,0,0,0,77,88,1078,1232,1,100,30316,109188,0,11,1,66,66,ELECTION,0,0,77,14,8,132,7,11,70,77,22,0,0,0,0
141238,17,bully,5433,0,0,0,78,88,1092,1232,1,100,30313,110191,0,10,1,68,68,ELECTION,0,0,78,14,6,136,7,10,71,78,20,0,0,0,0
141405,70,bully,8054,0,0,0,76,87,1064,1218,1,100,30334,107656,0,11,1,65,65,ELECTION,0,0,76,14,8,130,7,11,69,76,22,0,0,0,0
141895,49,bully,7546,0,0,0,76,87,1064,1218,1,100,30278,108702,0,11,1,65,65,ELECTION,0,0,76,14,8,130,7,11,69,76,22,0,0,0,0
141993,94,bully,9129,0,0,0,76,88,1064,1232,1,100,30924,106744,0,13,2,64,64,ELECTION,0,0,76,16,8,128,8,12,68,76,24,1,0,0,0
141213,96,bully,8455,1,0,0,193,208,2702,2912,3,100,31898,105661,0,18,2,178,178,NORMAL,0,0,193,20,10,356,10,15,183,193,30,1,0,0,0
141744,84,bully,9040,0,0,0,75,86,1050,1204,1,100,30299,107163,0,12,2,64,64,ELECTION,0,0,75,14,8,128,7,11,68,75,22,0,0,0,0
141856,8,bully,5478,0,0,0,79,90,1106,1260,1,100,30311,110780,0,11,0,68,68,ELECTION,0,0,79,16,6,136,8,11,71,79,22,0,0,0,0
141759,52,bully,7415,0,0,0,76,87,1064,1218,1,100,30316,108629,0,11,1,65,65,ELECTION,0,0,76,14,8,130,7,11,69,76,22,0,0,0,0
141638,23,bully,6006,0,0,0,78,88,1092,1232,1,100,30284,110105,0,10,1,68,68,ELECTION,0,0,78,14,6,136,7,10,71,78,20,0,0,0,0
141486,58,bully,7387,0,0,0,76,87,1064,1218,1,100,30344,108355,0,11,1,65,65,ELECTION,0,0,76,14,8,130,7,11,69,76,22,0,0,0,0
141335,93,bully,8312,1,0,0,76,87,1064,1218,1,100,30992,106835,0,13,2,64,64,ELECTION,0,0,76,16,8,128,7,11,68,75,24,0,0,0,0
141692,32,bully,6364,0,0,0,78,88,1092,1232,1,100,30373,109635,0,10,1,68,68,ELECTION,0,0,78,14,6,136,7,10,71,78,20,0,0,0,0
141526,99,bully,7866,1,0,0,23,33,322,462,1,100,27430,110798,0,12,28,12,12,ELECTION,0,0,23,16,6,24,7,10,15,22,22,0,0,0,0
141498,72,bully,8030,0,0,0,76,87,1064,1218,1,100,30325,107811,0,11,1,65,65,ELECTION,0,0,76,14,8,130,7,11,69,76,22,0,0,0,0
141556,35,bully,6309,0,0,0,78,89,1092,1246,1,100,30382,109529,0,11,1,67,67,ELECTION,0,0,78,14,8,134,7,11,71,78,22,0,0,0,0
141719,11,bully,5307,0,0,0,79,90,1106,1260,1,100,30307,110790,0,11,0,68,68,ELECTION,0,0,79,16,6,136,8,11,71,79,22,0,0,0,0
141541,67,bully,7792,0,0,0,76,87,1064,1218,1,100,30342,108096,0,11,1,65,65,ELECTION,0,0,76,14,8,130,7,11,69,76,22,0,0,0,0
141608,87,bully,8067,0,0,0,75,86,1050,1204,1,100,30944,107388,0,12,2,64,64,ELECTION,0,0,75,14,8,128,7,11,68,75,22,0,0,0,0
141704,43,bully,6630,0,0,0,77,88,1078,1232,1,100,30290,109418,0,11,1,66,66,ELECTION,0,0,77,14,8,132,7,11,70,77,22,0,0,0,0
141992,5,bully,5042,0,0,0,79,90,1106,1260,1,100,30297,111338,0,11,0,68,68,ELECTION,0,0,79,16,6,136,8,11,71,79,22,0,0,0,0
141841,40,bully,6571,0,0,0,78,89,1092,1246,1,100,30301,109590,0,11,1,67,67,ELECTION,0,0,78,14,8,134,7,11,71,78,22,0,0,0,0
141962,69,bully,7947,0,0,0,76,87,1064,1218,1,100,30312,108374,0,11,1,65,65,ELECTION,0,0,76,14,8,130,7,11,69,76,22,0,0,0,0
141977,83,bully,8572,0,0,0,75,86,1050,1204,1,100,30300,107844,0,12,2,64,64,ELECTION,0,0,75,14,8,128,7,11,68,75,22,0,0,0,0
150084,98,bully,8601,3,1,4517,22,31,308,434,1,100,27456,118544,0,11,31,12,12,ELECTION,0,3,23,14,6,24,5,9,16,21,20,0,0,0,0
150113,13,bully,6073,0,0,0,82,93,1148,1302,1,100,30285,118432,0,11,1,72,72,ELECTION,0,0,82,14,6,144,8,11,75,83,20,0,0,0,0
150165,86,bully,8907,1,1,4742,79,90,1106,1260,1,100,31004,114996,0,12,3,68,68,ELECTION,0,2,80,14,8,136,7,11,72,79,22,0,0,0,0
150128,2,bully,5503,0,0,0,83,94,1162,1316,1,100,30285,119030,0,11,1,72,72,ELECTION,0,0,83,16,6,144,8,11,75,83,22,0,0,0,0
150015,4,bully,5385,0,0,0,83,94,1162,1316,1,100,30326,118957,0,11,1,72,72,ELECTION,0,0,83,16,6,144,8,11,75,83,22,0,0,0,0
150195,22,bully,6345,0,0,0,82,92,1148,1288,1,100,30267,118345,0,10,1,72,72,ELECTION,0,0,82,14,6,144,7,10,75,82,20,0,0,0,0
150355,38,bully,7025,0,0,0,82,93,1148,1302,1,100,30315,117651,0,11,1,71,71,ELECTION,0,0,82,14,8,142,7,11,75,82,22,0,0,0,0
150316,51,bully,7554,0,0,0,80,91,1120,1274,1,100,30299,117060,0,11,1,69,69,ELECTION,0,0,80,14,8,138,7,11,73,80,22,0,0,0,0
150017,78,bully,8490,0,0,0,79,90,1106,1260,1,100,30350,115877,0,12,3,68,68,ELECTION,0,0,79,14,8,136,7,11,72,79,22,0,0,0,0
150534,36,bully,6992,0,0,0,82,93,1148,1302,1,100,30358,117856,0,11,1,71,71,ELECTION,0,0,82,14,8,142,7,11,75,82,22,0,0,0,0
150711,74,bully,8917,0,0,0,79,90,1106,1260,1,100,30354,116090,0,12,3,68,68,ELECTION,0,0,79,14,8,136,7,11,72,79,22,0,0,0,0
150549,3,bully,5375,0,0,0,83,94,1162,1316,1,100,30259,119604,0,11,1,72,72,ELECTION,0,0,83,16,6,144,8,11,75,83,22,0,0,0,0
150032,46,bully,6870,0,0,0,81,92,1134,1288,1,100,30280,117495,0,11,1,70,70,ELECTION,0,0,81,14,8,140,7,11,74,81,22,0,0,0,0
150029,89,bully,8313,0,0,0,79,90,1106,1260,1,100,30983,115565,0,12,3,68,68,ELECTION,0,0,79,14,8,136,7,11,72,79,22,0,0,0,0
150726,42,bully,7368,0,0,0,81,92,1134,1288,1,100,30285,117740,0,11,1,70,70,ELECTION,0,0,81,14,8,140,7,11,74,81,22,0,0,0,0
150331,95,bully,8874,1,0,0,80,92,1120,1288,1,100,26883,119352,0,14,3,67,67,ELECTION,0,0,80,18,8,134,8,12,71,79,26,0,0,0,0
150506,100,bully,5174,1,1,4669,88,34,1232,476,1,100,30303,119698,0,11,1,72,12,ELECTION,0,15,88,16,16,144,8,11,15,23,22,0,0,0,0
150250,31,bully,6305,0,0,0,82,92,1148,1288,1,100,30342,118298,0,10,1,72,72,ELECTION,0,0,82,14,6,144,7,10,75,82,20,0,0,0,0
150574,59,bully,7869,0,0,0,81,92,1134,1288,1,100,30352,116947,0,11,1,70,70,ELECTION,0,0,81,14,8,140,7,11,74,81,22,0,0,0,0
150877,7,bully,5725,0,0,0,83,94,1162,1316,1,100,30293,119553,0,11,1,72,72,ELECTION,0,0,83,16,6,144,8,11,75,83,22,0,0,0,0
150047,14,bully,5201,0,0,0,82,92,1148,1288,1,100,30328,119176,0,10,1,72,72,ELECTION,0,0,82,14,6,144,7,10,75,82,20,0,0,0,0
150862,39,bully,7245,0,0,0,82,93,1148,1302,1,100,30266,118015,0,11,1,71,71,ELECTION,0,0,82,14,8,142,7,11,75,82,22,0,0,0,0
150044,57,bully,7219,0,0,0,81,92,1134,1288,1,100,30334,117084,0,11,1,70,70,ELECTION,0,0,81,14,8,140,7,11,74,81,22,0,0,0,0
150235,63,bully,7725,0,0,0,81,92,1134,1288,1,100,30315,116849,0,11,1,70,70,ELECTION,0,0,81,14,8,140,7,11,74,81,22,0,0,0,0
150777,20,bully,6262,0,0,0,82,92,1148,1288,1,100,30291,118928,0,10,1,72,72,ELECTION,0,0,82,14,6,144,7,10,75,82,20,0,0,0,0
150438,80,bully,8730,0,0,0,79,90,1106,1260,1,100,30328,116063,0,12,3,68,68,ELECTION,0,0,79,14,8,136,7,11,72,79,22,0,0,0,0
150453,48,bully,7204,0,0,0,81,92,1134,1288,1,100,30276,117613,0,11,1,70,70,ELECTION,0,0,81,14,8,140,7,11,74,81,22,0,0,0,0
150641,97,bully,9134,1,2,106511,431,446,6034,6244,3,100,44769,101552,0,17,3,422,422,LEADER,1,4,432,8,10,844,10,15,427,437,18,101,101,3,101
150807,66,bully,8394,0,0,0,81,92,1134,1288,1,100,30333,116755,0,11,1,70,70,ELECTION,0,0,81,14,8,140,7,11,74,81,22,0,0,0,0
150792,62,bully,8155,0,0,0,81,92,1134,1288,1,100,30303,116984,0,11,1,70,70,ELECTION,0,0,81,14,8,140,7,11,74,81,22,0,0,0,0
150874,50,bully,7663,0,0,0,81,92,1134,1288,1,100,30305,117539,0,11,1,70,70,ELECTION,0,0,81,14,8,140,7,11,74,81,22,0,0,0,0
150356,92,bully,8534,0,0,0,79,90,1106,1260,1,100,30991,115667,0,12,3,68,68,ELECTION,0,0,79,14,8,136,7,11,72,79,22,0,0,0,0
151018,55,bully,7968,0,0,0,81,92,1134,1288,1,100,30331,117316,0,11,1,70,70,ELECTION,0,0,81,14,8,140,7,11,74,81,22,0,0,0,0
150371,60,bully,7582,0,0,0,81,92,1134,1288,1,100,30323,117082,0,11,1,70,70,ELECTION,0,0,81,14,8,140,7,11,74,81,22,0,0,0,0
150671,33,bully,6605,0,0,0,81,91,1134,1274,1,100,30385,118355,0,10,1,71,71,ELECTION,0,0,81,14,6,142,7,10,74,81,20,1,0,0,0
150523,25,bully,6115,0,0,0,82,92,1148,1288,1,100,30294,118870,0,10,1,72,72,ELECTION,0,0,82,14,6,144,7,10,75,82,20,0,0,0,0
150180,54,bully,7039,0,0,0,81,92,1134,1288,1,100,30331,117412,0,11,1,70,70,ELECTION,0,0,81,14,8,140,7,11,74,81,22,0,0,0,0
150589,45,bully,7030,0,0,0,81,92,1134,1288,1,100,30258,117963,0,11,1,70,70,ELECTION,0,0,81,14,8,140,7,11,74,81,22,0,0,0,0
150995,79,bully,9041,0,0,0,79,90,1106,1260,1,100,30326,116337,0,12,3,68,68,ELECTION,0,0,79,14,8,136,7,11,72,79,22,0,0,0,0
150383,71,bully,8021,0,0,0,81,92,1134,1288,1,100,30335,116668,0,11,1,70,70,ELECTION,0,0,81,14,8,140,7,11,74,81,22,0,0,0,0
150468,16,bully,5502,0,0,0,82,92,1148,1288,1,100,30331,119329,0,10,1,72,72,ELECTION,0,0,82,14,6,144,7,10,75,82,20,0,0,0,0
151005,30,bully,6716,0,0,0,82,92,1148,1288,1,100,30316,118674,0,10,1,72,72,ELECTION,0,0,82,14,6,144,7,10,75,82,20,0,0,0,0
150656,65,bully,7956,0,0,0,81,92,1134,1288,1,100,30342,117014,0,11,1,70,70,ELECTION,0,0,81,14,8,140,7,11,74,81,22,0,0,0,0
150914,91,bully,8867,0,0,0,79,90,1106,1260,1,100,30994,115885,0,12,2,68,68,ELECTION,0,0,79,14,8,136,7,11,72,79,22,0,0,0,0
151268,73,bully,8929,0,0,0,80,91,1120,1274,1,100,30324,116695,0,12,2,69,69,ELECTION,0,0,80,14,8,138,7,11,73,80,22,0,0,0,0
151080,24,bully,6447,0,0,0,82,92,1148,1288,1,100,30288,119113,0,10,1,72,72,ELECTION,0,0,82,14,6,144,7,10,75,82,20,0,0,0,0
150813,19,bully,5884,0,0,0,82,92,1148,1288,1,100,30334,119251,0,10,1,72,72,ELECTION,0,0,82,14,6,144,7,10,75,82,20,0,0,0,0
150686,1,bully,4915,0,0,0,83,99,1162,1386,1,100,145678,4788,0,16,1,72,72,NORMAL,0,0,83,16,6,144,8,16,80,83,22,0,0,0,0
151298,9,bully,5897,0,0,0,83,94,1162,1316,1,100,30287,119843,0,11,1,72,72,ELECTION,0,0,83,16,6,144,8,11,75,83,22,0,0,0,0
150889,18,bully,5881,0,0,0,82,92,1148,1288,1,100,30325,119358,0,10,1,72,72,ELECTION,0,0,82,14,6,144,7,10,75,82,20,0,0,0,0
150884,12,bully,5505,0,0,0,83,94,1162,1316,1,100,30313,119705,0,11,1,72,72,ELECTION,0,0,83,16,6,144,8,11,75,83,22,0,0,0,0
150520,68,bully,7822,0,0,0,81,92,1134,1288,1,100,30356,117000,0,11,1,70,70,ELECTION,0,0,81,14,8,140,7,11,74,81,22,0,0,0,0
150741,10,bully,5321,0,0,0,83,94,1162,1316,1,100,30298,119844,0,11,1,72,72,ELECTION,0,0,83,16,6,144,8,11,75,83,22,0,0,0,0
151413,34,bully,7061,0,0,0,82,93,1148,1302,1,100,30390,118629,0,11,1,71,71,ELECTION,0,0,82,14,8,142,7,11,75,82,22,0,0,0,0
151010,47,bully,7247,0,0,0,81,92,1134,1288,1,100,30271,118088,0,11,1,70,70,ELECTION,0,0,81,14,8,140,7,11,74,81,22,0,0,0,0
151501,26,bully,6703,0,0,0,82,92,1148,1288,1,100,30259,119268,0,10,1,72,72,ELECTION,0,0,82,14,6,144,7,10,75,82,20,0,0,0,0
150814,53,bully,7161,0,0,0,81,92,1134,1288,1,100,30321,117942,0,11,1,70,70,ELECTION,0,0,81,14,8,140,7,11,74,81,22,0,0,0,0
151065,56,bully,7568,0,0,0,81,92,1134,1288,1,100,30321,117782,0,11,1,70,70,ELECTION,0,0,81,14,8,140,7,11,74,81,22,0,0,0,0
151365,29,bully,6618,0,0,0,82,92,1148,1288,1,100,30307,119135,0,10,1,72,72,ELECTION,0,0,82,14,6,144,7,10,75,82,20,0,0,0,0
151471,90,bully,8993,0,0,0,80,91,1120,1274,1,100,31013,116300,0,12,2,69,69,ELECTION,0,0,80,14,8,138,7,11,73,80,22,0,0,0,0
151260,77,bully,8753,0,0,0,80,91,1120,1274,1,100,30337,116869,0,12,2,69,69,ELECTION,0,0,80,14,8,138,7,11,73,80,22,0,0,0,0
151217,21,bully,6096,0,0,0,82,92,1148,1288,1,100,30290,119535,0,10,1,72,72,ELECTION,0,0,82,14,6,144,7,10,75,82,20,0,0,0,0
151050,88,bully,8433,0,0,0,80,91,1120,1274,1,100,30971,116430,0,12,2,69,69,ELECTION,0,0,80,14,8,138,7,11,73,80,22,0,0,0,0
151025,15,bully,5508,0,0,0,82,92,1148,1288,1,100,30328,119854,0,10,1,72,72,ELECTION,0,0,82,14,6,144,7,10,75,82,20,0,0,0,0
151623,76,bully,8979,0,0,0,80,91,1120,1274,1,100,30343,116993,0,12,2,69,69,ELECTION,0,0,80,14,8,138,7,11,73,80,22,0,0,0,0
150859,82,bully,8440,0,0,0,80,91,1120,1274,1,100,30283,116866,0,12,2,69,69,ELECTION,0,0,80,14,8,138,7,11,73,80,22,0,0,0,0
151187,85,bully,8868,0,0,0,80,91,1120,1274,1,100,30319,116737,0,12,2,69,69,ELECTION,0,0,80,14,8,138,7,11,73,80,22,0,0,0,0
151880,81,bully,9351,0,0,0,80,91,1120,1274,1,100,30303,116917,0,12,2,69,69,ELECTION,0,0,80,14,8,138,7,11,73,80,22,0,0,0,0
151147,44,bully,6804,0,0,0,81,92,1134,1288,1,100,30288,118706,0,11,1,70,70,ELECTION,0,0,81,14,8,140,7,11,74,81,22,0,0,0,0
150944,27,bully,5851,0,0,0,82,92,1148,1288,1,100,30272,119562,0,10,1,72,72,ELECTION,0,0,82,14,6,144,7,10,75,82,20,0,0,0,0
150935,64,bully,7513,0,0,0,81,92,1134,1288,1,100,30325,117729,0,11,1,70,70,ELECTION,0,0,81,14,8,140,7,11,74,81,22,0,0,0,0
151435,6,bully,5219,0,0,0,84,95,1176,1330,1,100,30293,120609,0,11,0,73,73,ELECTION,0,0,84,16,6,146,8,11,76,84,22,0,0,0,0
151283,41,bully,6724,0,0,0,82,93,1148,1302,1,100,30291,118927,0,11,1,71,71,ELECTION,0,0,82,14,8,142,7,11,75,82,22,0,0,0,0
151202,28,bully,6060,0,0,0,82,92,1148,1288,1,100,30293,119609,0,10,1,72,72,ELECTION,0,0,82,14,6,144,7,10,75,82,20,0,0,0,0
151689,75,bully,8651,0,0,0,80,91,1120,1274,1,100,30375,117322,0,12,2,69,69,ELECTION,0,0,80,14,8,138,7,11,73,80,22,0,0,0,0
151350,61,bully,7649,0,0,0,81,92,1134,1288,1,100,30315,118000,0,11,1,70,70,ELECTION,0,0,81,14,8,140,7,11,74,81,22,0,0,0,0
151183,37,bully,6337,0,0,0,82,93,1148,1302,1,100,30316,119188,0,11,1,71,71,ELECTION,0,0,82,14,8,142,7,11,75,82,22,0,0,0,0
151238,17,bully,5433,0,0,0,83,93,1162,1302,1,100,30313,120191,0,10,1,73,73,ELECTION,0,0,83,14,6,146,7,10,76,83,20,0,0,0,0
151405,70,bully,8054,0,0,0,81,92,1134,1288,1,100,30334,117656,0,11,1,70,70,ELECTION,0,0,81,14,8,140,7,11,74,81,22,0,0,0,0
151895,49,bully,7546,0,0,0,81,92,1134,1288,1,100,30278,118702,0,11,1,70,70,ELECTION,0,0,81,14,8,140,7,11,74,81,22,0,0,0,0
151993,94,bully,9129,0,0,0,81,93,1134,1302,1,100,30924,116744,0,13,2,69,69,ELECTION,0,0,81,16,8,138,8,12,73,81,24,1,0,0,0
151213,96,bully,8455,1,0,0,442,457,6188,6398,3,100,41898,105661,0,18,2,427,427,NORMAL,0,0,442,20,10,854,10,15,432,442,30,1,0,0,0
151744,84,bully,9040,0,0,0,80,91,1120,1274,1,100,30299,117163,0,12,2,69,69,ELECTION,0,0,80,14,8,138,7,11,73,80,22,0,0,0,0
151856,8,bully,5478,0,0,0,84,95,1176,1330,1,100,30311,120780,0,11,0,73,73,ELECTION,0,0,84,16,6,146,8,11,76,84,22,0,0,0,0
151759,52,bully,7415,0,0,0,81,92,1134,1288,1,100,30316,118629,0,11,1,70,70,ELECTION,0,0,81,14,8,140,7,11,74,81,22,0,0,0,0
151638,23,bully,6006,0,0,0,83,93,1162,1302,1,100,30284,120105,0,10,1,73,73,ELECTION,0,0,83,14,6,146,7,10,76,83,20,0,0,0,0
151486,58,bully,7387,0,0,0,81,92,1134,1288,1,100,30344,118355,0,11,1,70,70,ELECTION,0,0,81,14,8,140,7,11,74,81,22,0,0,0,0
151335,93,bully,8312,1,0,0,81,92,1134,1288,1,100,30992,116835,0,13,2,69,69,ELECTION,0,0,81,16,8,138,7,11,73,80,24,0,0,0,0
151692,32,bully,6364,0,0,0,82,92,1148,1288,1,100,30373,119635,0,10,1,72,72,ELECTION,0,0,82,14,6,144,7,10,75,82,20,0,0,0,0
151526,99,bully,7866,1,0,0,23,33,322,462,1,100,27430,120798,0,12,31,12,12,ELECTION,0,0,23,16,6,24,7,10,15,22,22,0,0,0,0
151498,72,bully,8030,0,0,0,81,92,1134,1288,1,100,30325,117811,0,11,1,70,70,ELECTION,0,0,81,14,8,140,7,11,74,81,22,0,0,0,0
151556,35,bully,6309,0,0,0,82,93,1148,1302,1,100,30382,119529,0,11,1,71,71,ELECTION,0,0,82,14,8,142,7,11,75,82,22,0,0,0,0
151719,11,bully,5307,0,0,0,84,95,1176,1330,1,100,30307,120790,0,11,0,73,73,ELECTION,0,0,84,16,6,146,8,11,76,84,22,0,0,0,0
151541,67,bully,7792,0,0,0,81,92,1134,1288,1,100,30342,118096,0,11,1,70,70,ELECTION,0,0,81,14,8,140,7,11,74,81,22,0,0,0,0
151608,87,bully,8067,0,0,0,80,91,1120,1274,1,100,30944,117388,0,12,2,69,69,ELECTION,0,0,80,14,8,138,7,11,73,80,22,0,0,0,0
151704,43,bully,6630,0,0,0,81,92,1134,1288,1,100,30290,119418,0,11,1,70,70,ELECTION,0,0,81,14,8,140,7,11,74,81,22,0,0,0,0
151992,5,bully,5042,0,0,0,84,95,1176,1330,1,100,30297,121338,0,11,0,73,73,ELECTION,0,0,84,16,6,146,8,11,76,84,22,0,0,0,0
151841,40,bully,6571,0,0,0,83,94,1162,1316,1,100,30301,119590,0,11,1,72,72,ELECTION,0,0,83,14,8,144,7,11,76,83,22,0,0,0,0
151962,69,bully,7947,0,0,0,81,92,1134,1288,1,100,30312,118374,0,11,1,70,70,ELECTION,0,0,81,14,8,140,7,11,74,81,22,0,0,0,0
151977,83,bully,8572,0,0,0,80,91,1120,1274,1,100,30300,117844,0,12,2,69,69,ELECTION,0,0,80,14,8,138,7,11,73,80,22,0,0,0,0
160084,98,bully,8601,3,1,4517,22,31,308,434,1,100,27456,128544,0,11,34,12,12,ELECTION,0,3,23,14,6,24,5,9,16,21,20,0,0,0,0
160113,13,bully,6073,0,0,0,87,98,1218,1372,1,100,30285,128432,0,11,1,77,77,ELECTION,0,0,87,14,6,154,8,11,80,88,20,0,0,0,0
160165,86,bully,8907,1,1,4742,84,95,1176,1330,1,100,31004,124996,0,12,3,73,73,ELECTION,0,2,85,14,8,146,7,11,77,84,22,0,0,0,0
160128,2,bully,5503,0,0,0,88,99,1232,1386,1,100,30285,129030,0,11,1,77,77,ELECTION,0,0,88,16,6,154,8,11,80,88,22,0,0,0,0
160015,4,bully,5385,0,0,0,88,99,1232,1386,1,100,30326,128957,0,11,1,77,77,ELECTION,0,0,88,16,6,154,8,11,80,88,22,0,0,0,0
160195,22,bully,6345,0,0,0,87,97,1218,1358,1,100,30267,128345,0,10,1,77,77,ELECTION,0,0,87,14,6,154,7,10,80,87,20,0,0,0,0
160355,38,bully,7025,0,0,0,87,98,1218,1372,1,100,30315,127651,0,11,1,76,76,ELECTION,0,0,87,14,8,152,7,11,80,87,22,0,0,0,0
160316,51,bully,7554,0,0,0,85,96,1190,1344,1,100,30299,127060,0,11,1,74,74,ELECTION,0,0,85,14,8,148,7,11,78,85,22,0,0,0,0
160017,78,bully,8490,0,0,0,84,95,1176,1330,1,100,30350,125877,0,12,3,73,73,ELECTION,0,0,84,14,8,146,7,11,77,84,22,0,0,0,0
160534,36,bully,6992,0,0,0,87,98,1218,1372,1,100,30358,127856,0,11,1,76,76,ELECTION,0,0,87,14,8,152,7,11,80,87,22,0,0,0,0
160711,74,bully,8917,0,0,0,84,95,1176,1330,1,100,30354,126090,0,12,3,73,73,ELECTION,0,0,84,14,8,146,7,11,77,84,22,0,0,0,0
160549,3,bully,5375,0,0,0,88,99,1232,1386,1,100,30259,129604,0,11,1,77,77,ELECTION,0,0,88,16,6,154,8,11,80,88,22,0,0,0,0
160032,46,bully,6870,0,0,0,86,97,1204,1358,1,100,30280,127495,0,11,1,75,75,ELECTION,0,0,86,14,8,150,7,11,79,86,22,0,0,0,0
160029,89,bully,8313,0,0,0,84,95,1176,1330,1,100,30983,125565,0,12,3,73,73,ELECTION,0,0,84,14,8,146,7,11,77,84,22,0,0,0,0
160726,42,bully,7368,0,0,0,86,97,1204,1358,1,100,30285,127740,0,11,1,75,75,ELECTION,0,0,86,14,8,150,7,11,79,86,22,0,0,0,0
160331,95,bully,8874,1,0,0,85,97,1190,1358,1,100,26883,129352,0,14,3,72,72,ELECTION,0,0,85,18,8,144,8,12,76,84,26,0,0,0,0
160506,100,bully,5174,1,1,4669,93,34,1302,476,1,100,30303,129698,0,11,1,77,12,ELECTION,0,15,93,16,16,154,8,11,15,23,22,0,0,0,0
160250,31,bully,6305,0,0,0,87,97,1218,1358,1,100,30342,128298,0,10,1,77,77,ELECTION,0,0,87,14,6,154,7,10,80,87,20,0,0,0,0
160574,59,bully,7869,0,0,0,85,96,1190,1344,1,100,30352,126947,0,11,1,74,74,ELECTION,0,0,85,14,8,148,7,11,78,85,22,0,0,0,0
160877,7,bully,5725,0,0,0,88,99,1232,1386,1,100,30293,129553,0,11,1,77,77,ELECTION,0,0,88,16,6,154,8,11,80,88,22,0,0,0,0
160047,14,bully,5201,0,0,0,87,97,1218,1358,1,100,30328,129176,0,10,1,77,77,ELECTION,0,0,87,14,6,154,7,10,80,87,20,0,0,0,0
160862,39,bully,7245,0,0,0,87,98,1218,1372,1,100,30266,128015,0,11,1,76,76,ELECTION,0,0,87,14,8,152,7,11,80,87,22,0,0,0,0
160044,57,bully,7219,0,0,0,86,97,1204,1358,1,100,30334,127084,0,11,1,75,75,ELECTION,0,0,86,14,8,150,7,11,79,86,22,0,0,0,0
160235,63,bully,7725,0,0,0,85,96,1190,1344,1,100,30315,126849,0,11,1,74,74,ELECTION,0,0,85,14,8,148,7,11,78,85,22,0,0,0,0
160777,20,bully,6262,0,0,0,87,97,1218,1358,1,100,30291,128928,0,10,1,77,77,ELECTION,0,0,87,14,6,154,7,10,80,87,20,0,0,0,0
160438,80,bully,8730,0,0,0,84,95,1176,1330,1,100,30328,126063,0,12,3,73,73,ELECTION,0,0,84,14,8,146,7,11,77,84,22,0,0,0,0
160453,48,bully,7204,0,0,0,86,97,1204,1358,1,100,30276,127613,0,11,1,75,75,ELECTION,0,0,86,14,8,150,7,11,79,86,22,0,0,0,0
160641,97,bully,9134,1,2,106511,440,455,6160,6370,3,100,54769,101552,0,17,3,431,431,LEADER,1,4,441,8,10,862,10,15,436,446,18,101,101,4,101
160807,66,bully,8394,0,0,0,85,96,1190,1344,1,100,30333,126755,0,11,1,74,74,ELECTION,0,0,85,14,8,148,7,11,78,85,22,0,0,0,0
160792,62,bully,8155,0,0,0,86,97,1204,1358,1,100,30303,126984,0,11,1,75,75,ELECTION,0,0,86,14,8,150,7,11,79,86,22,0,0,0,0
160874,50,bully,7663,0,0,0,86,97,1204,1358,1,100,30305,127539,0,11,1,75,75,ELECTION,0,0,86,14,8,150,7,11,79,86,22,0,0,0,0
160356,92,bully,8534,0,0,0,84,95,1176,1330,1,100,30991,125667,0,12,3,73,73,ELECTION,0,0,84,14,8,146,7,11,77,84,22,0,0,0,0
161018,55,bully,7968,0,0,0,86,97,1204,1358,1,100,30331,127316,0,11,1,75,75,ELECTION,0,0,86,14,8,150,7,11,79,86,22,0,0,0,0
160371,60,bully,7582,0,0,0,86,97,1204,1358,1,100,30323,127082,0,11,1,75,75,ELECTION,0,0,86,14,8,150,7,11,79,86,22,0,0,0,0
160671,33,bully,6605,0,0,0,86,96,1204,1344,1,100,30385,128355,0,10,1,76,76,ELECTION,0,0,86,14,6,152,7,10,79,86,20,1,0,0,0
160523,25,bully,6115,0,0,0,87,97,1218,1358,1,100,30294,128870,0,10,1,77,77,ELECTION,0,0,87,14,6,154,7,10,80,87,20,0,0,0,0
160180,54,bully,7039,0,0,0,86,97,1204,1358,1,100,30331,127412,0,11,1,75,75,ELECTION,0,0,86,14,8,150,7,11,79,86,22,0,0,0,0
160589,45,bully,7030,0,0,0,86,97,1204,1358,1,100,30258,127963,0,11,1,75,75,ELECTION,0,0,86,14,8,150,7,11,79,86,22,0,0,0,0
160995,79,bully,9041,0,0,0,84,95,1176,1330,1,100,30326,126337,0,12,3,73,73,ELECTION,0,0,84,14,8,146,7,11,77,84,22,0,0,0,0
160383,71,bully,8021,0,0,0,85,96,1190,1344,1,100,30335,126668,0,11,1,74,74,ELECTION,0,0,85,14,8,148,7,11,78,85,22,0,0,0,0
160468,16,bully,5502,0,0,0,87,97,1218,1358,1,100,30331,129329,0,10,1,77,77,ELECTION,0,0,87,14,6,154,7,10,80,87,20,0,0,0,0
161005,30,bully,6716,0,0,0,87,97,1218,1358,1,100,30316,128674,0,10,1,77,77,ELECTION,0,0,87,14,6,154,7,10,80,87,20,0,0,0,0
160656,65,bully,7956,0,0,0,86,97,1204,1358,1,100,30342,127014,0,11,1,75,75,ELECTION,0,0,86,14,8,150,7,11,79,86,22,0,0,0,0
160914,91,bully,8867,0,0,0,84,95,1176,1330,1,100,30994,125885,0,12,2,73,73,ELECTION,0,0,84,14,8,146,7,11,77,84,22,0,0,0,0
161268,73,bully,8929,0,0,0,85,96,1190,1344,1,100,30324,126695,0,12,2,74,74,ELECTION,0,0,85,14,8,148,7,11,78,85,22,0,0,0,0
161080,24,bully,6447,0,0,0,87,97,1218,1358,1,100,30288,129113,0,10,1,77,77,ELECTION,0,0,87,14,6,154,7,10,80,87,20,0,0,0,0
160813,19,bully,5884,0,0,0,87,97,1218,1358,1,100,30334,129251,0,10,1,77,77,ELECTION,0,0,87,14,6,154,7,10,80,87,20,0,0,0,0
160686,1,bully,4915,0,0,0,88,104,1232,1456,1,100,155678,4788,0,16,1,77,77,NORMAL,0,0,88,16,6,154,8,16,85,88,22,0,0,0,0
161298,9,bully,5897,0,0,0,88,99,1232,1386,1,100,30287,129843,0,11,1,77,77,ELECTION,0,0,88,16,6,154,8,11,80,88,22,0,0,0,0
160889,18,bully,5881,0,0,0,87,97,1218,1358,1,100,30325,129358,0,10,1,77,77,ELECTION,0,0,87,14,6,154,7,10,80,87,20,0,0,0,0
160884,12,bully,5505,0,0,0,88,99,1232,1386,1,100,30313,129705,0,11,1,77,77,ELECTION,0,0,88,16,6,154,8,11,80,88,22,0,0,0,0
160520,68,bully,7822,0,0,0,86,97,1204,1358,1,100,30356,127000,0,11,1,75,75,ELECTION,0,0,86,14,8,150,7,11,79,86,22,0,0,0,0
160741,10,bully,5321,0,0,0,88,99,1232,1386,1,100,30298,129844,0,11,1,77,77,ELECTION,0,0,88,16,6,154,8,11,80,88,22,0,0,0,0
161413,34,bully,7061,0,0,0,87,98,1218,1372,1,100,30390,128629,0,11,1,76,76,ELECTION,0,0,87,14,8,152,7,11,80,87,22,0,0,0,0
161010,47,bully,7247,0,0,0,86,97,1204,1358,1,100,30271,128088,0,11,1,75,75,ELECTION,0,0,86,14,8,150,7,11,79,86,22,0,0,0,0
161501,26,bully,6703,0,0,0,87,97,1218,1358,1,100,30259,129268,0,10,1,77,77,ELECTION,0,0,87,14,6,154,7,10,80,87,20,0,0,0,0
160814,53,bully,7161,0,0,0,86,97,1204,1358,1,100,30321,127942,0,11,1,75,75,ELECTION,0,0,86,14,8,150,7,11,79,86,22,0,0,0,0
161065,56,bully,7568,0,0,0,86,97,1204,1358,1,100,30321,127782,0,11,1,75,75,ELECTION,0,0,86,14,8,150,7,11,79,86,22,0,0,0,0
161365,29,bully,6618,0,0,0,87,97,1218,1358,1,100,30307,129135,0,10,1,77,77,ELECTION,0,0,87,14,6,154,7,10,80,87,20,0,0,0,0
161471,90,bully,8993,0,0,0,84,95,1176,1330,1,100,31013,126300,0,12,2,73,73,ELECTION,0,0,84,14,8,146,7,11,77,84,22,0,0,0,0
161260,77,bully,8753,0,0,0,85,96,1190,1344,1,100,30337,126869,0,12,2,74,74,ELECTION,0,0,85,14,8,148,7,11,78,85,22,0,0,0,0
161217,21,bully,6096,0,0,0,87,97,1218,1358,1,100,30290,129535,0,10,1,77,77,ELECTION,0,0,87,14,6,154,7,10,80,87,20,0,0,0,0
161050,88,bully,8433,0,0,0,84,95,1176,1330,1,100,30971,126430,0,12,2,73,73,ELECTION,0,0,84,14,8,146,7,11,77,84,22,0,0,0,0
161025,15,bully,5508,0,0,0,87,97,1218,1358,1,100,30328,129854,0,10,1,77,77,ELECTION,0,0,87,14,6,154,7,10,80,87,20,0,0,0,0
161623,76,bully,8979,0,0,0,85,96,1190,1344,1,100,30343,126993,0,12,2,74,74,ELECTION,0,0,85,14,8,148,7,11,78,85,22,0,0,0,0
160859,82,bully,8440,0,0,0,85,96,1190,1344,1,100,30283,126866,0,12,2,74,74,ELECTION,0,0,85,14,8,148,7,11,78,85,22,0,0,0,0
161187,85,bully,8868,0,0,0,85,96,1190,1344,1,100,30319,126737,0,12,2,74,74,ELECTION,0,0,85,14,8,148,7,11,78,85,22,0,0,0,0
161880,81,bully,9351,0,0,0,85,96,1190,1344,1,100,30303,126917,0,12,2,74,74,ELECTION,0,0,85,14,8,148,7,11,78,85,22,0,0,0,0
161147,44,bully,6804,0,0,0,86,97,1204,1358,1,100,30288,128706,0,11,1,75,75,ELECTION,0,0,86,14,8,150,7,11,79,86,22,0,0,0,0
160944,27,bully,5851,0,0,0,87,97,1218,1358,1,100,30272,129562,0,10,1,77,77,ELECTION,0,0,87,14,6,154,7,10,80,87,20,0,0,0,0
160935,64,bully,7513,0,0,0,86,97,1204,1358,1,100,30325,127729,0,11,1,75,75,ELECTION,0,0,86,14,8,150,7,11,79,86,22,0,0,0,0
161435,6,bully,5219,0,0,0,89,100,1246,1400,1,100,30293,130609,0,11,0,78,78,ELECTION,0,0,89,16,6,156,8,11,81,89,22,0,0,0,0
161283,41,bully,6724,0,0,0,87,98,1218,1372,1,100,30291,128927,0,11,1,76,76,ELECTION,0,0,87,14,8,152,7,11,80,87,22,0,0,0,0
161202,28,bully,6060,0,0,0,87,97,1218,1358,1,100,30293,129609,0,10,1,77,77,ELECTION,0,0,87,14,6,154,7,10,80,87,20,0,0,0,0
161689,75,bully,8651,0,0,0,85,96,1190,1344,1,100,30375,127322,0,12,2,74,74,ELECTION,0,0,85,14,8,148,7,11,78,85,22,0,0,0,0
161350,61,bully,7649,0,0,0,86,97,1204,1358,1,100,30315,128000,0,11,1,75,75,ELECTION,0,0,86,14,8,150,7,11,79,86,22,0,0,0,0
161183,37,bully,6337,0,0,0,87,98,1218,1372,1,100,30316,129188,0,11,1,76,76,ELECTION,0,0,87,14,8,152,7,11,80,87,22,0,0,0,0
161238,17,bully,5433,0,0,0,88,98,1232,1372,1,100,30313,130191,0,10,1,78,78,ELECTION,0,0,88,14,6,156,7,10,81,88,20,0,0,0,0
161405,70,bully,8054,0,0,0,86,97,1204,1358,1,100,30334,127656,0,11,1,75,75,ELECTION,0,0,86,14,8,150,7,11,79,86,22,0,0,0,0
161895,49,bully,7546,0,0,0,86,97,1204,1358,1,100,30278,128702,0,11,1,75,75,ELECTION,0,0,86,14,8,150,7,11,79,86,22,0,0,0,0
161993,94,bully,9129,0,0,0,86,98,1204,1372,1,100,30924,126744,0,13,2,74,74,ELECTION,0,0,86,16,8,148,8,12,78,86,24,1,0,0,0
161213,96,bully,8455,1,0,0,447,462,6258,6468,3,100,51898,105661,0,18,2,432,432,NORMAL,0,0,447,20,10,864,10,15,437,447,30,1,0,0,0
161744,84,bully,9040,0,0,0,85,96,1190,1344,1,100,30299,127163,0,12,2,74,74,ELECTION,0,0,85,14,8,148,7,11,78,85,22,0,0,0,0
161856,8,bully,5478,0,0,0,89,100,1246,1400,1,100,30311,130780,0,11,0,78,78,ELECTION,0,0,89,16,6,156,8,11,81,89,22,0,0,0,0
161759,52,bully,7415,0,0,0,86,97,1204,1358,1,100,30316,128629,0,11,1,75,75,ELECTION,0,0,86,14,8,150,7,11,79,86,22,0,0,0,0
161638,23,bully,6006,0,0,0,88,98,1232,1372,1,100,30284,130105,0,10,1,78,78,ELECTION,0,0,88,14,6,156,7,10,81,88,20,0,0,0,0
161486,58,bully,7387,0,0,0,86,97,1204,1358,1,100,30344,128355,0,11,1,75,75,ELECTION,0,0,86,14,8,150,7,11,79,86,22,0,0,0,0
161335,93,bully,8312,1,0,0,86,97,1204,1358,1,100,30992,126835,0,13,2,74,74,ELECTION,0,0,86,16,8,148,7,11,78,85,24,0,0,0,0
161692,32,bully,6364,0,0,0,88,98,1232,1372,1,100,30373,129635,0,10,1,78,78,ELECTION,0,0,88,14,6,156,7,10,81,88,20,0,0,0,0
161526,99,bully,7866,1,0,0,23,33,322,462,1,100,27430,130798,0,12,33,12,12,ELECTION,0,0,23,16,6,24,7,10,15,22,22,0,0,0,0
161498,72,bully,8030,0,0,0,86,97,1204,1358,1,100,30325,127811,0,11,1,75,75,ELECTION,0,0,86,14,8,150,7,11,79,86,22,0,0,0,0
161556,35,bully,6309,0,0,0,88,99,1232,1386,1,100,30382,129529,0,11,1,77,77,ELECTION,0,0,88,14,8,154,7,11,81,88,22,0,0,0,0
161719,11,bully,5307,0,0,0,89,100,1246,1400,1,100,30307,130790,0,11,0,78,78,ELECTION,0,0,89,16,6,156,8,11,81,89,22,0,0,0,0
161541,67,bully,7792,0,0,0,86,97,1204,1358,1,100,30342,128096,0,11,1,75,75,ELECTION,0,0,86,14,8,150,7,11,79,86,22,0,0,0,0
161608,87,bully,8067,0,0,0,85,96,1190,1344,1,100,30944,127388,0,12,2,74,74,ELECTION,0,0,85,14,8,148,7,11,78,85,22,0,0,0,0
161704,43,bully,6630,0,0,0,87,98,1218,1372,1,100,30290,129418,0,11,1,76,76,ELECTION,0,0,87,14,8,152,7,11,80,87,22,0,0,0,0
161992,5,bully,5042,0,0,0,89,100,1246,1400,1,100,30297,131338,0,11,0,78,78,ELECTION,0,0,89,16,6,156,8,11,81,89,22,0,0,0,0
161841,40,bully,6571,0,0,0,88,99,1232,1386,1,100,30301,129590,0,11,1,77,77,ELECTION,0,0,88,14,8,154,7,11,81,88,22,0,0,0,0
161962,69,bully,7947,0,0,0,86,97,1204,1358,1,100,30312,128374,0,11,1,75,75,ELECTION,0,0,86,14,8,150,7,11,79,86,22,0,0,0,0
161977,83,bully,8572,0,0,0,85,96,1190,1344,1,100,30300,127844,0,12,2,74,74,ELECTION,0,0,85,14,8,148,7,11,78,85,22,0,0,0,0
170084,98,bully,8601,3,1,4517,22,31,308,434,1,100,27456,138544,0,11,36,12,12,ELECTION,0,3,23,14,6,24,5,9,16,21,20,0,0,0,0
170113,13,bully,6073,0,0,0,92,103,1288,1442,1,100,30285,138432,0,11,1,82,82,ELECTION,0,0,92,14,6,164,8,11,85,93,20,0,0,0,0
170165,86,bully,8907,1,1,4742,89,100,1246,1400,1,100,31004,134996,0,12,3,78,78,ELECTION,0,2,90,14,8,156,7,11,82,89,22,0,0,0,0
170128,2,bully,5503,0,0,0,93,104,1302,1456,1,100,30285,139030,0,11,1,82,82,ELECTION,0,0,93,16,6,164,8,11,85,93,22,0,0,0,0
170015,4,bully,5385,0,0,0,93,104,1302,1456,1,100,30326,138957,0,11,1,82,82,ELECTION,0,0,93,16,6,164,8,11,85,93,22,0,0,0,0
170195,22,bully,6345,0,0,0,92,102,1288,1428,1,100,30267,138345,0,10,1,82,82,ELECTION,0,0,92,14,6,164,7,10,85,92,20,0,0,0,0
170355,38,bully,7025,0,0,0,92,103,1288,1442,1,100,30315,137651,0,11,1,81,81,ELECTION,0,0,92,14,8,162,7,11,85,92,22,0,0,0,0
170316,51,bully,7554,0,0,0,90,101,1260,1414,1,100,30299,137060,0,11,1,79,79,ELECTION,0,0,90,14,8,158,7,11,83,90,22,0,0,0,0
170017,78,bully,8490,0,0,0,89,100,1246,1400,1,100,30350,135877,0,12,3,78,78,ELECTION,0,0,89,14,8,156,7,11,82,89,22,0,0,0,0
170534,36,bully,6992,0,0,0,92,103,1288,1442,1,100,30358,137856,0,11,1,81,81,ELECTION,0,0,92,14,8,162,7,11,85,92,22,0,0,0,0
170711,74,bully,8917,0,0,0,89,100,1246,1400,1,100,30354,136090,0,12,3,78,78,ELECTION,0,0,89,14,8,156,7,11,82,89,22,0,0,0,0
170549,3,bully,5375,0,0,0,93,104,1302,1456,1,100,30259,139604,0,11,1,82,82,ELECTION,0,0,93,16,6,164,8,11,85,93,22,0,0,0,0
170032,46,bully,6870,0,0,0,91,102,1274,1428,1,100,30280,137495,0,11,1,80,80,ELECTION,0,0,91,14,8,160,7,11,84,91,22,0,0,0,0
170029,89,bully,8313,0,0,0,89,100,1246,1400,1,100,30983,135565,0,12,3,78,78,ELECTION,0,0,89,14,8,156,7,11,82,89,22,0,0,0,0
170726,42,bully,7368,0,0,0,91,102,1274,1428,1,100,30285,137740,0,11,1,80,80,ELECTION,0,0,91,14,8,160,7,11,84,91,22,0,0,0,0
170331,95,bully,8874,1,0,0,90,102,1260,1428,1,100,26883,139352,0,14,3,77,77,ELECTION,0,0,90,18,8,154,8,12,81,89,26,0,0,0,0
170506,100,bully,5174,1,1,4669,98,34,1372,476,1,100,30303,139698,0,11,1,82,12,ELECTION,0,15,98,16,16,164,8,11,15,23,22,0,0,0,0
170250,31,bully,6305,0,0,0,92,102,1288,1428,1,100,30342,138298,0,10,1,82,82,ELECTION,0,0,92,14,6,164,7,10,85,92,20,0,0,0,0
170574,59,bully,7869,0,0,0,91,102,1274,1428,1,100,30352,136947,0,11,1,80,80,ELECTION,0,0,91,14,8,160,7,11,84,91,22,0,0,0,0
170877,7,bully,5725,0,0,0,93,104,1302,1456,1,100,30293,139553,0,11,1,82,82,ELECTION,0,0,93,16,6,164,8,11,85,93,22,0,0,0,0
170047,14,bully,5201,0,0,0,92,102,1288,1428,1,100,30328,139176,0,10,1,82,82,ELECTION,0,0,92,14,6,164,7,10,85,92,20,0,0,0,0
170862,39,bully,7245,0,0,0,92,103,1288,1442,1,100,30266,138015,0,11,1,81,81,ELECTION,0,0,92,14,8,162,7,11,85,92,22,0,0,0,0
170044,57,bully,7219,0,0,0,91,102,1274,1428,1,100,30334,137084,0,11,1,80,80,ELECTION,0,0,91,14,8,160,7,11,84,91,22,0,0,0,0
170235,63,bully,7725,0,0,0,91,102,1274,1428,1,100,30315,136849,0,11,1,80,80,ELECTION,0,0,91,14,8,160,7,11,84,91,22,0,0,0,0
170777,20,bully,6262,0,0,0,92,102,1288,1428,1,100,30291,138928,0,10,1,82,82,ELECTION,0,0,92,14,6,164,7,10,85,92,20,0,0,0,0
170438,80,bully,8730,0,0,0,89,100,1246,1400,1,100,30328,136063,0,12,3,78,78,ELECTION,0,0,89,14,8,156,7,11,82,89,22,0,0,0,0
170453,48,bully,7204,0,0,0,91,102,1274,1428,1,100,30276,137613,0,11,1,80,80,ELECTION,0,0,91,14,8,160,7,11,84,91,22,0,0,0,0
170641,97,bully,9134,1,2,106511,445,460,6230,6440,3,100,64769,101552,0,17,3,436,436,LEADER,1,4,446,8,10,872,10,15,441,451,18,101,101,4,101
170807,66,bully,8394,0,0,0,91,102,1274,1428,1,100,30333,136755,0,11,1,80,80,ELECTION,0,0,91,14,8,160,7,11,84,91,22,0,0,0,0
170792,62,bully,8155,0,0,0,91,102,1274,1428,1,100,30303,136984,0,11,1,80,80,ELECTION,0,0,91,14,8,160,7,11,84,91,22,0,0,0,0
170874,50,bully,7663,0,0,0,91,102,1274,1428,1,100,30305,137539,0,11,1,80,80,ELECTION,0,0,91,14,8,160,7,11,84,91,22,0,0,0,0
170356,92,bully,8534,0,0,0,89,100,1246,1400,1,100,30991,135667,0,12,3,78,78,ELECTION,0,0,89,14,8,156,7,11,82,89,22,0,0,0,0
171018,55,bully,7968,0,0,0,91,102,1274,1428,1,100,30331,137316,0,11,1,80,80,ELECTION,0,0,91,14,8,160,7,11,84,91,22,0,0,0,0
170371,60,bully,7582,0,0,0,91,102,1274,1428,1,100,30323,137082,0,11,1,80,80,ELECTION,0,0,91,14,8,160,7,11,84,91,22,0,0,0,0
170671,33,bully,6605,0,0,0,91,101,1274,1414,1,100,30385,138355,0,10,1,81,81,ELECTION,0,0,91,14,6,162,7,10,84,91,20,1,0,0,0
170523,25,bully,6115,0,0,0,92,102,1288,1428,1,100,30294,138870,0,10,1,82,82,ELECTION,0,0,92,14,6,164,7,10,85,92,20,0,0,0,0
170180,54,bully,7039,0,0,0,91,102,1274,1428,1,100,30331,137412,0,11,1,80,80,ELECTION,0,0,91,14,8,160,7,11,84,91,22,0,0,0,0
170589,45,bully,7030,0,0,0,91,102,1274,1428,1,100,30258,137963,0,11,1,80,80,ELECTION,0,0,91,14,8,160,7,11,84,91,22,0,0,0,0
170995,79,bully,9041,0,0,0,89,100,1246,1400,1,100,30326,136337,0,12,3,78,78,ELECTION,0,0,89,14,8,156,7,11,82,89,22,0,0,0,0
170386,71,bully,8021,0,0,0,91,102,1274,1428,1,100,30335,136671,0,11,1,80,80,ELECTION,0,0,91,14,8,160,7,11,84,91,22,0,0,0,0
170468,16,bully,5502,0,0,0,92,102,1288,1428,1,100,30331,139329,0,10,1,82,82,ELECTION,0,0,92,14,6,164,7,10,85,92,20,0,0,0,0
171005,30,bully,6716,0,0,0,92,102,1288,1428,1,100,30316,138674,0,10,1,82,82,ELECTION,0,0,92,14,6,164,7,10,85,92,20,0,0,0,0
170656,65,bully,7956,0,0,0,91,102,1274,1428,1,100,30342,137014,0,11,1,80,80,ELECTION,0,0,91,14,8,160,7,11,84,91,22,0,0,0,0
170914,91,bully,8867,0,0,0,89,100,1246,1400,1,100,30994,135885,0,12,2,78,78,ELECTION,0,0,89,14,8,156,7,11,82,89,22,0,0,0,0
171268,73,bully,8929,0,0,0,90,101,1260,1414,1,100,30324,136695,0,12,2,79,79,ELECTION,0,0,90,14,8,158,7,11,83,90,22,0,0,0,0
171080,24,bully,6447,0,0,0,92,102,1288,1428,1,100,30288,139113,0,10,1,82,82,ELECTION,0,0,92,14,6,164,7,10,85,92,20,0,0,0,0
170813,19,bully,5884,0,0,0,92,102,1288,1428,1,100,30334,139251,0,10,1,82,82,ELECTION,0,0,92,14,6,164,7,10,85,92,20,0,0,0,0
170686,1,bully,4915,0,0,0,93,109,1302,1526,1,100,165678,4788,0,16,1,82,82,NORMAL,0,0,93,16,6,164,8,16,90,93,22,0,0,0,0
171298,9,bully,5897,0,0,0,93,104,1302,1456,1,100,30287,139843,0,11,1,82,82,ELECTION,0,0,93,16,6,164,8,11,85,93,22,0,0,0,0
170889,18,bully,5881,0,0,0,92,102,1288,1428,1,100,30325,139358,0,10,1,82,82,ELECTION,0,0,92,14,6,164,7,10,85,92,20,0,0,0,0
170884,12,bully,5505,0,0,0,93,104,1302,1456,1,100,30313,139705,0,11,1,82,82,ELECTION,0,0,93,16,6,164,8,11,85,93,22,0,0,0,0
170520,68,bully,7822,0,0,0,91,102,1274,1428,1,100,30356,137000,0,11,1,80,80,ELECTION,0,0,91,14,8,160,7,11,84,91,22,0,0,0,0
170741,10,bully,5321,0,0,0,93,104,1302,1456,1,100,30298,139844,0,11,1,82,82,ELECTION,0,0,93,16,6,164,8,11,85,93,22,0,0,0,0
171413,34,bully,7061,0,0,0,92,103,1288,1442,1,100,30390,138629,0,11,1,81,81,ELECTION,0,0,92,14,8,162,7,11,85,92,22,0,0,0,0
171010,47,bully,7247,0,0,0,91,102,1274,1428,1,100,30271,138088,0,11,1,80,80,ELECTION,0,0,91,14,8,160,7,11,84,91,22,0,0,0,0
171501,26,bully,6703,0,0,0,92,102,1288,1428,1,100,30259,139268,0,10,1,82,82,ELECTION,0,0,92,14,6,164,7,10,85,92,20,0,0,0,0
170814,53,bully,7161,0,0,0,91,102,1274,1428,1,100,30321,137942,0,11,1,80,80,ELECTION,0,0,91,14,8,160,7,11,84,91,22,0,0,0,0
171065,56,bully,7568,0,0,0,91,102,1274,1428,1,100,30321,137782,0,11,1,80,80,ELECTION,0,0,91,14,8,160,7,11,84,91,22,0,0,0,0
171365,29,bully,6618,0,0,0,92,102,1288,1428,1,100,30307,139135,0,10,1,82,82,ELECTION,0,0,92,14,6,164,7,10,85,92,20,0,0,0,0
171471,90,bully,8993,0,0,0,90,101,1260,1414,1,100,31013,136300,0,12,2,79,79,ELECTION,0,0,90,14,8,158,7,11,83,90,22,0,0,0,0
171260,77,bully,8753,0,0,0,90,101,1260,1414,1,100,30337,136869,0,12,2,79,79,ELECTION,0,0,90,14,8,158,7,11,83,90,22,0,0,0,0
171217,21,bully,6096,0,0,0,92,102,1288,1428,1,100,30290,139535,0,10,1,82,82,ELECTION,0,0,92,14,6,164,7,10,85,92,20,0,0,0,0
171050,88,bully,8433,0,0,0,90,101,1260,1414,1,100,30971,136430,0,12,2,79,79,ELECTION,0,0,90,14,8,158,7,11,83,90,22,0,0,0,0
171025,15,bully,5508,0,0,0,92,102,1288,1428,1,100,30328,139854,0,10,1,82,82,ELECTION,0,0,92,14,6,164,7,10,85,92,20,0,0,0,0
171623,76,bully,8979,0,0,0,90,101,1260,1414,1,100,30343,136993,0,12,2,79,79,ELECTION,0,0,90,14,8,158,7,11,83,90,22,0,0,0,0
170859,82,bully,8440,0,0,0,90,101,1260,1414,1,100,30283,136866,0,12,2,79,79,ELECTION,0,0,90,14,8,158,7,11,83,90,22,0,0,0,0
171187,85,bully,8868,0,0,0,90,101,1260,1414,1,100,30319,136737,0,12,2,79,79,ELECTION,0,0,90,14,8,158,7,11,83,90,22,0,0,0,0
171880,81,bully,9351,0,0,0,90,101,1260,1414,1,100,30303,136917,0,12,2,79,79,ELECTION,0,0,90,14,8,158,7,11,83,90,22,0,0,0,0
171147,44,bully,6804,0,0,0,91,102,1274,1428,1,100,30288,138706,0,11,1,80,80,ELECTION,0,0,91,14,8,160,7,11,84,91,22,0,0,0,0
170944,27,bully,5851,0,0,0,92,102,1288,1428,1,100,30272,139562,0,10,1,82,82,ELECTION,0,0,92,14,6,164,7,10,85,92,20,0,0,0,0
170935,64,bully,7513,0,0,0,91,102,1274,1428,1,100,30325,137729,0,11,1,80,80,ELECTION,0,0,91,14,8,160,7,11,84,91,22,0,0,0,0
171435,6,bully,5219,0,0,0,94,105,1316,1470,1,100,30293,140609,0,11,0,83,83,ELECTION,0,0,94,16,6,166,8,11,86,94,22,0,0,0,0
171283,41,bully,6724,0,0,0,92,103,1288,1442,1,100,30291,138927,0,11,1,81,81,ELECTION,0,0,92,14,8,162,7,11,85,92,22,0,0,0,0
171202,28,bully,6060,0,0,0,92,102,1288,1428,1,100,30293,139609,0,10,1,82,82,ELECTION,0,0,92,14,6,164,7,10,85,92,20,0,0,0,0
171689,75,bully,8651,0,0,0,90,101,1260,1414,1,100,30375,137322,0,12,2,79,79,ELECTION,0,0,90,14,8,158,7,11,83,90,22,0,0,0,0
171350,61,bully,7649,0,0,0,91,102,1274,1428,1,100,30315,138000,0,11,1,80,80,ELECTION,0,0,91,14,8,160,7,11,84,91,22,0,0,0,0
171183,37,bully,6337,0,0,0,92,103,1288,1442,1,100,30316,139188,0,11,1,81,81,ELECTION,0,0,92,14,8,162,7,11,85,92,22,0,0,0,0
171238,17,bully,5433,0,0,0,93,103,1302,1442,1,100,30313,140191,0,10,1,83,83,ELECTION,0,0,93,14,6,166,7,10,86,93,20,0,0,0,0
171405,70,bully,8054,0,0,0,91,102,1274,1428,1,100,30334,137656,0,11,1,80,80,ELECTION,0,0,91,14,8,160,7,11,84,91,22,0,0,0,0
171895,49,bully,7546,0,0,0,91,102,1274,1428,1,100,30278,138702,0,11,1,80,80,ELECTION,0,0,91,14,8,160,7,11,84,91,22,0,0,0,0
171993,94,bully,9129,0,0,0,91,103,1274,1442,1,100,30924,136744,0,13,2,79,79,ELECTION,0,0,91,16,8,158,8,12,83,91,24,1,0,0,0
171213,96,bully,8455,1,0,0,452,467,6328,6538,3,100,61898,105661,0,18,2,437,437,NORMAL,0,0,452,20,10,874,10,15,442,452,30,1,0,0,0
171744,84,bully,9040,0,0,0,90,101,1260,1414,1,100,30299,137163,0,12,2,79,79,ELECTION,0,0,90,14,8,158,7,11,83,90,22,0,0,0,0
171856,8,bully,5478,0,0,0,94,105,1316,1470,1,100,30311,140780,0,11,0,83,83,ELECTION,0,0,94,16,6,166,8,11,86,94,22,0,0,0,0
171759,52,bully,7415,0,0,0,91,102,1274,1428,1,100,30316,138629,0,11,1,80,80,ELECTION,0,0,91,14,8,160,7,11,84,91,22,0,0,0,0
171638,23,bully,6006,0,0,0,93,103,1302,1442,1,100,30284,140105,0,10,1,83,83,ELECTION,0,0,93,14,6,166,7,10,86,93,20,0,0,0,0
171486,58,bully,7387,0,0,0,91,102,1274,1428,1,100,30344,138355,0,11,1,80,80,ELECTION,0,0,91,14,8,160,7,11,84,91,22,0,0,0,0
171335,93,bully,8312,1,0,0,91,102,1274,1428,1,100,30992,136835,0,13,2,79,79,ELECTION,0,0,91,16,8,158,7,11,83,90,24,0,0,0,0
171694,32,bully,6364,0,0,0,93,103,1302,1442,1,100,30373,139637,0,10,1,83,83,ELECTION,0,0,93,14,6,166,7,10,86,93,20,0,0,0,0
171526,99,bully,7866,1,0,0,23,33,322,462,1,100,27430,140798,0,12,36,12,12,ELECTION,0,0,23,16,6,24,7,10,15,22,22,0,0,0,0
171498,72,bully,8030,0,0,0,91,102,1274,1428,1,100,30325,137811,0,11,1,80,80,ELECTION,0,0,91,14,8,160,7,11,84,91,22,0,0,0,0
171556,35,bully,6309,0,0,0,92,103,1288,1442,1,100,30382,139529,0,11,1,81,81,ELECTION,0,0,92,14,8,162,7,11,85,92,22,0,0,0,0
171719,11,bully,5307,0,0,0,94,105,1316,1470,1,100,30307,140790,0,11,0,83,83,ELECTION,0,0,94,16,6,166,8,11,86,94,22,0,0,0,0
171541,67,bully,7792,0,0,0,91,102,1274,1428,1,100,30342,138096,0,11,1,80,80,ELECTION,0,0,91,14,8,160,7,11,84,91,22,0,0,0,0
171608,87,bully,8067,0,0,0,90,101,1260,1414,1,100,30944,137388,0,12,2,79,79,ELECTION,0,0,90,14,8,158,7,11,83,90,22,0,0,0,0
171704,43,bully,6630,0,0,0,91,102,1274,1428,1,100,30290,139418,0,11,1,80,80,ELECTION,0,0,91,14,8,160,7,11,84,91,22,0,0,0,0
171992,5,bully,5042,0,0,0,94,105,1316,1470,1,100,30297,141338,0,11,0,83,83,ELECTION,0,0,94,16,6,166,8,11,86,94,22,0,0,0,0
171841,40,bully,6571,0,0,0,93,104,1302,1456,1,100,30301,139590,0,11,1,82,82,ELECTION,0,0,93,14,8,164,7,11,86,93,22,0,0,0,0
171962,69,bully,7947,0,0,0,91,102,1274,1428,1,100,30312,138374,0,11,1,80,80,ELECTION,0,0,91,14,8,160,7,11,84,91,22,0,0,0,0
171977,83,bully,8572,0,0,0,90,101,1260,1414,1,100,30300,137844,0,12,2,79,79,ELECTION,0,0,90,14,8,158,7,11,83,90,22,0,0,0,0
180084,98,bully,8601,3,1,4517,22,31,308,434,1,100,27456,148544,0,11,39,12,12,ELECTION,0,3,23,14,6,24,5,9,16,21,20,0,0,0,0
180113,13,bully,6073,0,0,0,97,108,1358,1512,1,100,30285,148432,0,11,1,87,87,ELECTION,0,0,97,14,6,174,8,11,90,98,20,0,0,0,0
180165,86,bully,8907,1,1,4742,94,105,1316,1470,1,100,31004,144996,0,12,3,83,83,ELECTION,0,2,95,14,8,166,7,11,87,94,22,0,0,0,0
180128,2,bully,5503,0,0,0,98,109,1372,1526,1,100,30285,149030,0,11,1,87,87,ELECTION,0,0,98,16,6,174,8,11,90,98,22,0,0,0,0
180015,4,bully,5385,0,0,0,98,109,1372,1526,1,100,30326,148957,0,11,1,87,87,ELECTION,0,0,98,16,6,174,8,11,90,98,22,0,0,0,0
180195,22,bully,6345,0,0,0,97,107,1358,1498,1,100,30267,148345,0,10,1,87,87,ELECTION,0,0,97,14,6,174,7,10,90,97,20,0,0,0,0
180355,38,bully,7025,0,0,0,97,108,1358,1512,1,100,30315,147651,0,11,1,86,86,ELECTION,0,0,97,14,8,172,7,11,90,97,22,0,0,0,0
180316,51,bully,7554,0,0,0,95,106,1330,1484,1,100,30299,147060,0,11,1,84,84,ELECTION,0,0,95,14,8,168,7,11,88,95,22,0,0,0,0
180017,78,bully,8490,0,0,0,94,105,1316,1470,1,100,30350,145877,0,12,3,83,83,ELECTION,0,0,94,14,8,166,7,11,87,94,22,0,0,0,0
180534,36,bully,6992,0,0,0,97,108,1358,1512,1,100,30358,147856,0,11,1,86,86,ELECTION,0,0,97,14,8,172,7,11,90,97,22,0,0,0,0
180711,74,bully,8917,0,0,0,94,105,1316,1470,1,100,30354,146090,0,12,3,83,83,ELECTION,0,0,94,14,8,166,7,11,87,94,22,0,0,0,0
180549,3,bully,5375,0,0,0,98,109,1372,1526,1,100,30259,149604,0,11,1,87,87,ELECTION,0,0,98,16,6,174,8,11,90,98,22,0,0,0,0
180032,46,bully,6870,0,0,0,96,107,1344,1498,1,100,30280,147495,0,11,1,85,85,ELECTION,0,0,96,14,8,170,7,11,89,96,22,0,0,0,0
180029,89,bully,8313,0,0,0,94,105,1316,1470,1,100,30983,145565,0,12,3,83,83,ELECTION,0,0,94,14,8,166,7,11,87,94,22,0,0,0,0
180726,42,bully,7368,0,0,0,96,107,1344,1498,1,100,30285,147740,0,11,1,85,85,ELECTION,0,0,96,14,8,170,7,11,89,96,22,0,0,0,0
180331,95,bully,8874,1,0,0,95,107,1330,1498,1,100,26883,149352,0,14,3,82,82,ELECTION,0,0,95,18,8,164,8,12,86,94,26,0,0,0,0
180506,100,bully,5174,1,1,4669,103,34,1442,476,1,100,30303,149698,0,11,1,87,12,ELECTION,0,15,103,16,16,174,8,11,15,23,22,0,0,0,0
180250,31,bully,6305,0,0,0,97,107,1358,1498,1,100,30342,148298,0,10,1,87,87,ELECTION,0,0,97,14,6,174,7,10,90,97,20,0,0,0,0
180574,59,bully,7869,0,0,0,96,107,1344,1498,1,100,30352,146947,0,11,1,85,85,ELECTION,0,0,96,14,8,170,7,11,89,96,22,0,0,0,0
180877,7,bully,5725,0,0,0,98,109,1372,1526,1,100,30293,149553,0,11,1,87,87,ELECTION,0,0,98,16,6,174,8,11,90,98,22,0,0,0,0
180047,14,bully,5201,0,0,0,97,107,1358,1498,1,100,30328,149176,0,10,1,87,87,ELECTION,0,0,97,14,6,174,7,10,90,97,20,0,0,0,0
180862,39,bully,7245,0,0,0,97,108,1358,1512,1,100,30266,148015,0,11,1,86,86,ELECTION,0,0,97,14,8,172,7,11,90,97,22,0,0,0,0
180044,57,bully,7219,0,0,0,96,107,1344,1498,1,100,30334,147084,0,11,1,85,85,ELECTION,0,0,96,14,8,170,7,11,89,96,22,0,0,0,0
180235,63,bully,7725,0,0,0,95,106,1330,1484,1,100,30315,146849,0,11,1,84,84,ELECTION,0,0,95,14,8,168,7,11,88,95,22,0,0,0,0
180777,20,bully,6262,0,0,0,97,107,1358,1498,1,100,30291,148928,0,10,1,87,87,ELECTION,0,0,97,14,6,174,7,10,90,97,20,0,0,0,0
180438,80,bully,8730,0,0,0,94,105,1316,1470,1,100,30328,146063,0,12,3,83,83,ELECTION,0,0,94,14,8,166,7,11,87,94,22,0,0,0,0
180453,48,bully,7204,0,0,0,96,107,1344,1498,1,100,30276,147613,0,11,1,85,85,ELECTION,0,0,96,14,8,170,7,11,89,96,22,0,0,0,0
180641,97,bully,9134,1,2,106511,450,465,6300,6510,3,100,74769,101552,0,17,3,441,441,LEADER,1,4,451,8,10,882,10,15,446,456,18,101,101,4,101
180807,66,bully,8394,0,0,0,95,106,1330,1484,1,100,30333,146755,0,11,1,84,84,ELECTION,0,0,95,14,8,168,7,11,88,95,22,0,0,0,0
180792,62,bully,8155,0,0,0,96,107,1344,1498,1,100,30303,146984,0,11,1,85,85,ELECTION,0,0,96,14,8,170,7,11,89,96,22,0,0,0,0
180874,50,bully,7663,0,0,0,96,107,1344,1498,1,100,30305,147539,0,11,1,85,85,ELECTION,0,0,96,14,8,170,7,11,89,96,22,0,0,0,0
180356,92,bully,8534,0,0,0,94,105,1316,1470,1,100,30991,145667,0,12,3,83,83,ELECTION,0,0,94,14,8,166,7,11,87,94,22,0,0,0,0
181018,55,bully,7968,0,0,0,96,107,1344,1498,1,100,30331,147316,0,11,1,85,85,ELECTION,0,0,96,14,8,170,7,11,89,96,22,0,0,0,0
180371,60,bully,7582,0,0,0,96,107,1344,1498,1,100,30323,147082,0,11,1,85,85,ELECTION,0,0,96,14,8,170,7,11,89,96,22,0,0,0,0
180671,33,bully,6605,0,0,0,96,106,1344,1484,1,100,30385,148355,0,10,1,86,86,ELECTION,0,0,96,14,6,172,7,10,89,96,20,1,0,0,0
180523,25,bully,6115,0,0,0,97,107,1358,1498,1,100,30294,148870,0,10,1,87,87,ELECTION,0,0,97,14,6,174,7,10,90,97,20,0,0,0,0
180180,54,bully,7039,0,0,0,96,107,1344,1498,1,100,30331,147412,0,11,1,85,85,ELECTION,0,0,96,14,8,170,7,11,89,96,22,0,0,0,0
180589,45,bully,7030,0,0,0,96,107,1344,1498,1,100,30258,147963,0,11,1,85,85,ELECTION,0,0,96,14,8,170,7,11,89,96,22,0,0,0,0
180995,79,bully,9041,0,0,0,94,105,1316,1470,1,100,30326,146337,0,12,3,83,83,ELECTION,0,0,94,14,8,166,7,11,87,94,22,0,0,0,0
180383,71,bully,8021,0,0,0,96,107,1344,1498,1,100,30335,146668,0,11,1,85,85,ELECTION,0,0,96,14,8,170,7,11,89,96,22,0,0,0,0
180468,16,bully,5502,0,0,0,97,107,1358,1498,1,100,30331,149329,0,10,1,87,87,ELECTION,0,0,97,14,6,174,7,10,90,97,20,0,0,0,0
181005,30,bully,6716,0,0,0,97,107,1358,1498,1,100,30316,148674,0,10,1,87,87,ELECTION,0,0,97,14,6,174,7,10,90,97,20,0,0,0,0
180656,65,bully,7956,0,0,0,96,107,1344,1498,1,100,30342,147014,0,11,1,85,85,ELECTION,0,0,96,14,8,170,7,11,89,96,22,0,0,0,0
180914,91,bully,8867,0,0,0,94,105,1316,1470,1,100,30994,145885,0,12,2,83,83,ELECTION,0,0,94,14,8,166,7,11,87,94,22,0,0,0,0
181268,73,bully,8929,0,0,0,95,106,1330,1484,1,100,30324,146695,0,12,2,84,84,ELECTION,0,0,95,14,8,168,7,11,88,95,22,0,0,0,0
181080,24,bully,6447,0,0,0,97,107,1358,1498,1,100,30288,149113,0,10,1,87,87,ELECTION,0,0,97,14,6,174,7,10,90,97,20,0,0,0,0
180813,19,bully,5884,0,0,0,97,107,1358,1498,1,100,30334,149251,0,10,1,87,87,ELECTION,0,0,97,14,6,174,7,10,90,97,20,0,0,0,0
180686,1,bully,4915,0,0,0,98,114,1372,1596,1,100,175678,4788,0,16,1,87,87,NORMAL,0,0,98,16,6,174,8,16,95,98,22,0,0,0,0
181298,9,bully,5897,0,0,0,98,109,1372,1526,1,100,30287,149843,0,11,1,87,87,ELECTION,0,0,98,16,6,174,8,11,90,98,22,0,0,0,0
180889,18,bully,5881,0,0,0,97,107,1358,1498,1,100,30325,149358,0,10,1,87,87,ELECTION,0,0,97,14,6,174,7,10,90,97,20,0,0,0,0
180884,12,bully,5505,0,0,0,98,109,1372,1526,1,100,30313,149705,0,11,1,87,87,ELECTION,0,0,98,16,6,174,8,11,90,98,22,0,0,0,0
180520,68,bully,7822,0,0,0,96,107,1344,1498,1,100,30356,147000,0,11,1,85,85,ELECTION,0,0,96,14,8,170,7,11,89,96,22,0,0,0,0
180741,10,bully,5321,0,0,0,98,109,1372,1526,1,100,30298,149844,0,11,1,87,87,ELECTION,0,0,98,16,6,174,8,11,90,98,22,0,0,0,0
181413,34,bully,7061,0,0,0,97,108,1358,1512,1,100,30390,148629,0,11,1,86,86,ELECTION,0,0,97,14,8,172,7,11,90,97,22,0,0,0,0
181010,47,bully,7247,0,0,0,96,107,1344,1498,1,100,30271,148088,0,11,1,85,85,ELECTION,0,0,96,14,8,170,7,11,89,96,22,0,0,0,0
181501,26,bully,6703,0,0,0,97,107,1358,1498,1,100,30259,149268,0,10,1,87,87,ELECTION,0,0,97,14,6,174,7,10,90,97,20,0,0,0,0
180814,53,bully,7161,0,0,0,96,107,1344,1498,1,100,30321,147942,0,11,1,85,85,ELECTION,0,0,96,14,8,170,7,11,89,96,22,0,0,0,0
181065,56,bully,7568,0,0,0,96,107,1344,1498,1,100,30321,147782,0,11,1,85,85,ELECTION,0,0,96,14,8,170,7,11,89,96,22,0,0,0,0
181365,29,bully,6618,0,0,0,97,107,1358,1498,1,100,30307,149135,0,10,1,87,87,ELECTION,0,0,97,14,6,174,7,10,90,97,20,0,0,0,0
181472,90,bully,8993,0,0,0,95,106,1330,1484,1,100,31013,146301,0,12,2,84,84,ELECTION,0,0,95,14,8,168,7,11,88,95,22,0,0,0,0
181260,77,bully,8753,0,0,0,95,106,1330,1484,1,100,30337,146869,0,12,2,84,84,ELECTION,0,0,95,14,8,168,7,11,88,95,22,0,0,0,0
181217,21,bully,6096,0,0,0,97,107,1358,1498,1,100,30290,149535,0,10,1,87,87,ELECTION,0,0,97,14,6,174,7,10,90,97,20,0,0,0,0
181050,88,bully,8433,0,0,0,95,106,1330,1484,1,100,30971,146430,0,12,2,84,84,ELECTION,0,0,95,14,8,168,7,11,88,95,22,0,0,0,0
181025,15,bully,5508,0,0,0,97,107,1358,1498,1,100,30328,149854,0,10,1,87,87,ELECTION,0,0,97,14,6,174,7,10,90,97,20,0,0,0,0
181623,76,bully,8979,0,0,0,95,106,1330,1484,1,100,30343,146993,0,12,2,84,84,ELECTION,0,0,95,14,8,168,7,11,88,95,22,0,0,0,0
180859,82,bully,8440,0,0,0,95,106,1330,1484,1,100,30283,146866,0,12,2,84,84,ELECTION,0,0,95,14,8,168,7,11,88,95,22,0,0,0,0
181187,85,bully,8868,0,0,0,95,106,1330,1484,1,100,30319,146737,0,12,2,84,84,ELECTION,0,0,95,14,8,168,7,11,88,95,22,0,0,0,0
181880,81,bully,9351,0,0,0,95,106,1330,1484,1,100,30303,146917,0,12,2,84,84,ELECTION,0,0,95,14,8,168,7,11,88,95,22,0,0,0,0
181147,44,bully,6804,0,0,0,96,107,1344,1498,1,100,30288,148706,0,11,1,85,85,ELECTION,0,0,96,14,8,170,7,11,89,96,22,0,0,0,0
180944,27,bully,5851,0,0,0,97,107,1358,1498,1,100,30272,149562,0,10,1,87,87,ELECTION,0,0,97,14,6,174,7,10,90,97,20,0,0,0,0
180935,64,bully,7513,0,0,0,96,107,1344,1498,1,100,30325,147729,0,11,1,85,85,ELECTION,0,0,96,14,8,170,7,11,89,96,22,0,0,0,0
181435,6,bully,5219,0,0,0,99,110,1386,1540,1,100,30293,150609,0,11,0,88,88,ELECTION,0,0,99,16,6,176,8,11,91,99,22,0,0,0,0
181283,41,bully,6724,0,0,0,97,108,1358,1512,1,100,30291,148927,0,11,1,86,86,ELECTION,0,0,97,14,8,172,7,11,90,97,22,0,0,0,0
181202,28,bully,6060,0,0,0,97,107,1358,1498,1,100,30293,149609,0,10,1,87,87,ELECTION,0,0,97,14,6,174,7,10,90,97,20,0,0,0,0
181689,75,bully,8651,0,0,0,95,106,1330,1484,1,100,30375,147322,0,12,2,84,84,ELECTION,0,0,95,14,8,168,7,11,88,95,22,0,0,0,0
181350,61,bully,7649,0,0,0,96,107,1344,1498,1,100,30315,148000,0,11,1,85,85,ELECTION,0,0,96,14,8,170,7,11,89,96,22,0,0,0,0
181183,37,bully,6337,0,0,0,97,108,1358,1512,1,100,30316,149188,0,11,1,86,86,ELECTION,0,0,97,14,8,172,7,11,90,97,22,0,0,0,0
181238,17,bully,5433,0,0,0,98,108,1372,1512,1,100,30313,150191,0,10,1,88,88,ELECTION,0,0,98,14,6,176,7,10,91,98,20,0,0,0,0
181405,70,bully,8054,0,0,0,96,107,1344,1498,1,100,30334,147656,0,11,1,85,85,ELECTION,0,0,96,14,8,170,7,11,89,96,22,0,0,0,0
181895,49,bully,7546,0,0,0,96,107,1344,1498,1,100,30278,148702,0,11,1,85,85,ELECTION,0,0,96,14,8,170,7,11,89,96,22,0,0,0,0
181993,94,bully,9129,0,0,0,96,108,1344,1512,1,100,30924,146744,0,13,2,84,84,ELECTION,0,0,96,16,8,168,8,12,88,96,24,1,0,0,0
181213,96,bully,8455,1,0,0,457,472,6398,6608,3,100,71898,105661,0,18,2,442,442,NORMAL,0,0,457,20,10,884,10,15,447,457,30,1,0,0,0
181744,84,bully,9040,0,0,0,95,106,1330,1484,1,100,30299,147163,0,12,2,84,84,ELECTION,0,0,95,14,8,168,7,11,88,95,22,0,0,0,0
181856,8,bully,5478,0,0,0,99,110,1386,1540,1,100,30311,150780,0,11,0,88,88,ELECTION,0,0,99,16,6,176,8,11,91,99,22,0,0,0,0
181759,52,bully,7415,0,0,0,96,107,1344,1498,1,100,30316,148629,0,11,1,85,85,ELECTION,0,0,96,14,8,170,7,11,89,96,22,0,0,0,0
181638,23,bully,6006,0,0,0,98,108,1372,1512,1,100,30284,150105,0,10,1,88,88,ELECTION,0,0,98,14,6,176,7,10,91,98,20,0,0,0,0
181486,58,bully,7387,0,0,0,96,107,1344,1498,1,100,30344,148355,0,11,1,85,85,ELECTION,0,0,96,14,8,170,7,11,89,96,22,0,0,0,0
181335,93,bully,8312,1,0,0,96,107,1344,1498,1,100,30992,146835,0,13,2,84,84,ELECTION,0,0,96,16,8,168,7,11,88,95,24,0,0,0,0
181692,32,bully,6364,0,0,0,98,108,1372,1512,1,100,30373,149635,0,10,1,88,88,ELECTION,0,0,98,14,6,176,7,10,91,98,20,0,0,0,0
181526,99,bully,7866,1,0,0,23,33,322,462,1,100,27430,150798,0,12,38,12,12,ELECTION,0,0,23,16,6,24,7,10,15,22,22,0,0,0,0
181498,72,bully,8030,0,0,0,96,107,1344,1498,1,100,30325,147811,0,11,1,85,85,ELECTION,0,0,96,14,8,170,7,11,89,96,22,0,0,0,0
181556,35,bully,6309,0,0,0,97,108,1358,1512,1,100,30382,149529,0,11,1,86,86,ELECTION,0,0,97,14,8,172,7,11,90,97,22,0,0,0,0
181719,11,bully,5307,0,0,0,99,110,1386,1540,1,100,30307,150790,0,11,0,88,88,ELECTION,0,0,99,16,6,176,8,11,91,99,22,0,0,0,0
181541,67,bully,7792,0,0,0,96,107,1344,1498,1,100,30342,148096,0,11,1,85,85,ELECTION,0,0,96,14,8,170,7,11,89,96,22,0,0,0,0
181608,87,bully,8067,0,0,0,95,106,1330,1484,1,100,30944,147388,0,12,2,84,84,ELECTION,0,0,95,14,8,168,7,11,88,95,22,0,0,0,0
181704,43,bully,6630,0,0,0,97,108,1358,1512,1,100,30290,149418,0,11,1,86,86,ELECTION,0,0,97,14,8,172,7,11,90,97,22,0,0,0,0
181992,5,bully,5042,0,0,0,99,110,1386,1540,1,100,30297,151338,0,11,0,88,88,ELECTION,0,0,99,16,6,176,8,11,91,99,22,0,0,0,0
181841,40,bully,6571,0,0,0,98,109,1372,1526,1,100,30301,149590,0,11,1,87,87,ELECTION,0,0,98,14,8,174,7,11,91,98,22,0,0,0,0
181962,69,bully,7947,0,0,0,96,107,1344,1498,1,100,30312,148374,0,11,1,85,85,ELECTION,0,0,96,14,8,170,7,11,89,96,22,0,0,0,0
181977,83,bully,8572,0,0,0,95,106,1330,1484,1,100,30300,147844,0,12,2,84,84,ELECTION,0,0,95,14,8,168,7,11,88,95,22,0,0,0,0
190084,98,bully,8601,3,1,4517,22,31,308,434,1,100,27456,158544,0,11,41,12,12,ELECTION,0,3,23,14,6,24,5,9,16,21,20,0,0,0,0
190113,13,bully,6073,0,0,0,102,113,1428,1582,1,100,30285,158432,0,11,1,92,92,ELECTION,0,0,102,14,6,184,8,11,95,103,20,0,0,0,0
190165,86,bully,8907,1,1,4742,99,110,1386,1540,1,100,31004,154996,0,12,3,88,88,ELECTION,0,2,100,14,8,176,7,11,92,99,22,0,0,0,0
190128,2,bully,5503,0,0,0,103,114,1442,1596,1,100,30285,159030,0,11,1,92,92,ELECTION,0,0,103,16,6,184,8,11,95,103,22,0,0,0,0
190015,4,bully,5385,0,0,0,103,114,1442,1596,1,100,30326,158957,0,11,1,92,92,ELECTION,0,0,103,16,6,184,8,11,95,103,22,0,0,0,0
190195,22,bully,6345,0,0,0,102,112,1428,1568,1,100,30267,158345,0,10,1,92,92,ELECTION,0,0,102,14,6,184,7,10,95,102,20,0,0,0,0
190355,38,bully,7025,0,0,0,102,113,1428,1582,1,100,30315,157651,0,11,1,91,91,ELECTION,0,0,102,14,8,182,7,11,95,102,22,0,0,0,0
190316,51,bully,7554,0,0,0,100,111,1400,1554,1,100,30299,157060,0,11,1,89,89,ELECTION,0,0,100,14,8,178,7,11,93,100,22,0,0,0,0
190017,78,bully,8490,0,0,0,99,110,1386,1540,1,100,30350,155877,0,12,3,88,88,ELECTION,0,0,99,14,8,176,7,11,92,99,22,0,0,0,0
190534,36,bully,6992,0,0,0,102,113,1428,1582,1,100,30358,157856,0,11,1,91,91,ELECTION,0,0,102,14,8,182,7,11,95,102,22,0,0,0,0
190711,74,bully,8917,0,0,0,99,110,1386,1540,1,100,30354,156090,0,12,3,88,88,ELECTION,0,0,99,14,8,176,7,11,92,99,22,0,0,0,0
190549,3,bully,5375,0,0,0,103,114,1442,1596,1,100,30259,159604,0,11,1,92,92,ELECTION,0,0,103,16,6,184,8,11,95,103,22,0,0,0,0
190032,46,bully,6870,0,0,0,101,112,1414,1568,1,100,30280,157495,0,11,1,90,90,ELECTION,0,0,101,14,8,180,7,11,94,101,22,0,0,0,0
190029,89,bully,8313,0,0,0,99,110,1386,1540,1,100,30983,155565,0,12,3,88,88,ELECTION,0,0,99,14,8,176,7,11,92,99,22,0,0,0,0
190726,42,bully,7368,0,0,0,101,112,1414,1568,1,100,30285,157740,0,11,1,90,90,ELECTION,0,0,101,14,8,180,7,11,94,101,22,0,0,0,0
190331,95,bully,8874,1,0,0,100,112,1400,1568,1,100,26883,159352,0,14,3,87,87,ELECTION,0,0,100,18,8,174,8,12,91,99,26,0,0,0,0
190506,100,bully,5174,1,1,4669,108,34,1512,476,1,100,30303,159698,0,11,1,92,12,ELECTION,0,15,108,16,16,184,8,11,15,23,22,0,0,0,0
190250,31,bully,6305,0,0,0,102,112,1428,1568,1,100,30342,158298,0,10,1,92,92,ELECTION,0,0,102,14,6,184,7,10,95,102,20,0,0,0,0
190574,59,bully,7869,0,0,0,101,112,1414,1568,1,100,30352,156947,0,11,1,90,90,ELECTION,0,0,101,14,8,180,7,11,94,101,22,0,0,0,0
190877,7,bully,5725,0,0,0,103,114,1442,1596,1,100,30293,159553,0,11,1,92,92,ELECTION,0,0,103,16,6,184,8,11,95,103,22,0,0,0,0
190047,14,bully,5201,0,0,0,102,112,1428,1568,1,100,30328,159176,0,10,1,92,92,ELECTION,0,0,102,14,6,184,7,10,95,102,20,0,0,0,0
190862,39,bully,7245,0,0,0,102,113,1428,1582,1,100,30266,158015,0,11,1,91,91,ELECTION,0,0,102,14,8,182,7,11,95,102,22,0,0,0,0
190044,57,bully,7219,0,0,0,101,112,1414,1568,1,100,30334,157084,0,11,1,90,90,ELECTION,0,0,101,14,8,180,7,11,94,101,22,0,0,0,0
190235,63,bully,7725,0,0,0,100,111,1400,1554,1,100,30315,156849,0,11,1,89,89,ELECTION,0,0,100,14,8,178,7,11,93,100,22,0,0,0,0
190777,20,bully,6262,0,0,0,102,112,1428,1568,1,100,30291,158928,0,10,1,92,92,ELECTION,0,0,102,14,6,184,7,10,95,102,20,0,0,0,0
190438,80,bully,8730,0,0,0,99,110,1386,1540,1,100,30328,156063,0,12,3,88,88,ELECTION,0,0,99,14,8,176,7,11,92,99,22,0,0,0,0
190453,48,bully,7204,0,0,0,101,112,1414,1568,1,100,30276,157613,0,11,1,90,90,ELECTION,0,0,101,14,8,180,7,11,94,101,22,0,0,0,0
190641,97,bully,9134,1,2,106511,455,470,6370,6580,3,100,84769,101552,0,17,3,446,446,LEADER,1,4,456,8,10,892,10,15,451,461,18,101,101,5,101
190807,66,bully,8394,0,0,0,100,111,1400,1554,1,100,30333,156755,0,11,1,89,89,ELECTION,0,0,100,14,8,178,7,11,93,100,22,0,0,0,0
190792,62,bully,8155,0,0,0,101,112,1414,1568,1,100,30303,156984,0,11,1,90,90,ELECTION,0,0,101,14,8,180,7,11,94,101,22,0,0,0,0
190874,50,bully,7663,0,0,0,101,112,1414,1568,1,100,30305,157539,0,11,1,90,90,ELECTION,0,0,101,14,8,180,7,11,94,101,22,0,0,0,0
190356,92,bully,8534,0,0,0,99,110,1386,1540,1,100,30991,155667,0,12,3,88,88,ELECTION,0,0,99,14,8,176,7,11,92,99,22,0,0,0,0
191018,55,bully,7968,0,0,0,101,112,1414,1568,1,100,30331,157316,0,11,1,90,90,ELECTION,0,0,101,14,8,180,7,11,94,101,22,0,0,0,0
190371,60,bully,7582,0,0,0,101,112,1414,1568,1,100,30323,157082,0,11,1,90,90,ELECTION,0,0,101,14,8,180,7,11,94,101,22,0,0,0,0
190671,33,bully,6605,0,0,0,101,111,1414,1554,1,100,30385,158355,0,10,1,91,91,ELECTION,0,0,101,14,6,182,7,10,94,101,20,1,0,0,0
190523,25,bully,6115,0,0,0,102,112,1428,1568,1,100,30294,158870,0,10,1,92,92,ELECTION,0,0,102,14,6,184,7,10,95,102,20,0,0,0,0
190180,54,bully,7039,0,0,0,101,112,1414,1568,1,100,30331,157412,0,11,1,90,90,ELECTION,0,0,101,14,8,180,7,11,94,101,22,0,0,0,0
190589,45,bully,7030,0,0,0,101,112,1414,1568,1,100,30258,157963,0,11,1,90,90,ELECTION,0,0,101,14,8,180,7,11,94,101,22,0,0,0,0
190995,79,bully,9041,0,0,0,99,110,1386,1540,1,100,30326,156337,0,12,3,88,88,ELECTION,0,0,99,14,8,176,7,11,92,99,22,0,0,0,0
190383,71,bully,8021,0,0,0,101,112,1414,1568,1,100,30335,156668,0,11,1,90,90,ELECTION,0,0,101,14,8,180,7,11,94,101,22,0,0,0,0
190468,16,bully,5502,0,0,0,102,112,1428,1568,1,100,30331,159329,0,10,1,92,92,ELECTION,0,0,102,14,6,184,7,10,95,102,20,0,0,0,0
191005,30,bully,6716,0,0,0,102,112,1428,1568,1,100,30316,158674,0,10,1,92,92,ELECTION,0,0,102,14,6,184,7,10,95,102,20,0,0,0,0
190656,65,bully,7956,0,0,0,101,112,1414,1568,1,100,30342,157014,0,11,1,90,90,ELECTION,0,0,101,14,8,180,7,11,94,101,22,0,0,0,0
190914,91,bully,8867,0,0,0,99,110,1386,1540,1,100,30994,155885,0,12,2,88,88,ELECTION,0,0,99,14,8,176,7,11,92,99,22,0,0,0,0
191268,73,bully,8929,0,0,0,100,111,1400,1554,1,100,30324,156695,0,12,2,89,89,ELECTION,0,0,100,14,8,178,7,11,93,100,22,0,0,0,0
191080,24,bully,6447,0,0,0,102,112,1428,1568,1,100,30288,159113,0,10,1,92,92,ELECTION,0,0,102,14,6,184,7,10,95,102,20,0,0,0,0
190813,19,bully,5884,0,0,0,102,112,1428,1568,1,100,30334,159251,0,10,1,92,92,ELECTION,0,0,102,14,6,184,7,10,95,102,20,0,0,0,0
190686,1,bully,4915,0,0,0,103,119,1442,1666,1,100,185678,4788,0,16,1,92,92,NORMAL,0,0,103,16,6,184,8,16,100,103,22,0,0,0,0
191298,9,bully,5897,0,0,0,103,114,1442,1596,1,100,30287,159843,0,11,1,92,92,ELECTION,0,0,103,16,6,184,8,11,95,103,22,0,0,0,0
190889,18,bully,5881,0,0,0,102,112,1428,1568,1,100,30325,159358,0,10,1,92,92,ELECTION,0,0,102,14,6,184,7,10,95,102,20,0,0,0,0
190884,12,bully,5505,0,0,0,103,114,1442,1596,1,100,30313,159705,0,11,1,92,92,ELECTION,0,0,103,16,6,184,8,11,95,103,22,0,0,0,0
190520,68,bully,7822,0,0,0,101,112,1414,1568,1,100,30356,157000,0,11,1,90,90,ELECTION,0,0,101,14,8,180,7,11,94,101,22,0,0,0,0
190741,10,bully,5321,0,0,0,103,114,1442,1596,1,100,30298,159844,0,11,1,92,92,ELECTION,0,0,103,16,6,184,8,11,95,103,22,0,0,0,0
191413,34,bully,7061,0,0,0,102,113,1428,1582,1,100,30390,158629,0,11,1,91,91,ELECTION,0,0,102,14,8,182,7,11,95,102,22,0,0,0,0
191010,47,bully,7247,0,0,0,101,112,1414,1568,1,100,30271,158088,0,11,1,90,90,ELECTION,0,0,101,14,8,180,7,11,94,101,22,0,0,0,0
191501,26,bully,6703,0,0,0,102,112,1428,1568,1,100,30259,159268,0,10,1,92,92,ELECTION,0,0,102,14,6,184,7,10,95,102,20,0,0,0,0
190814,53,bully,7161,0,0,0,101,112,1414,1568,1,100,30321,157942,0,11,1,90,90,ELECTION,0,0,101,14,8,180,7,11,94,101,22,0,0,0,0
191065,56,bully,7568,0,0,0,101,112,1414,1568,1,100,30321,157782,0,11,1,90,90,ELECTION,0,0,101,14,8,180,7,11,94,101,22,0,0,0,0
191365,29,bully,6618,0,0,0,102,112,1428,1568,1,100,30307,159135,0,10,1,92,92,ELECTION,0,0,102,14,6,184,7,10,95,102,20,0,0,0,0
191471,90,bully,8993,0,0,0,100,111,1400,1554,1,100,31013,156300,0,12,2,89,89,ELECTION,0,0,100,14,8,178,7,11,93,100,22,0,0,0,0
191260,77,bully,8753,0,0,0,100,111,1400,1554,1,100,30337,156869,0,12,2,89,89,ELECTION,0,0,100,14,8,178,7,11,93,100,22,0,0,0,0
191217,21,bully,6096,0,0,0,102,112,1428,1568,1,100,30290,159535,0,10,1,92,92,ELECTION,0,0,102,14,6,184,7,10,95,102,20,0,0,0,0
191050,88,bully,8433,0,0,0,100,111,1400,1554,1,100,30971,156430,0,12,2,89,89,ELECTION,0,0,100,14,8,178,7,11,93,100,22,0,0,0,0
191025,15,bully,5508,0,0,0,102,112,1428,1568,1,100,30328,159854,0,10,1,92,92,ELECTION,0,0,102,14,6,184,7,10,95,102,20,0,0,0,0
191623,76,bully,8979,0,0,0,100,111,1400,1554,1,100,30343,156993,0,12,2,89,89,ELECTION,0,0,100,14,8,178,7,11,93,100,22,0,0,0,0
190859,82,bully,8440,0,0,0,100,111,1400,1554,1,100,30283,156866,0,12,2,89,89,ELECTION,0,0,100,14,8,178,7,11,93,100,22,0,0,0,0
191187,85,bully,8868,0,0,0,100,111,1400,1554,1,100,30319,156737,0,12,2,89,89,ELECTION,0,0,100,14,8,178,7,11,93,100,22,0,0,0,0
191880,81,bully,9351,0,0,0,100,111,1400,1554,1,100,30303,156917,0,12,2,89,89,ELECTION,0,0,100,14,8,178,7,11,93,100,22,0,0,0,0
191147,44,bully,6804,0,0,0,101,112,1414,1568,1,100,30288,158706,0,11,1,90,90,ELECTION,0,0,101,14,8,180,7,11,94,101,22,0,0,0,0
190944,27,bully,5851,0,0,0,102,112,1428,1568,1,100,30272,159562,0,10,1,92,92,ELECTION,0,0,102,14,6,184,7,10,95,102,20,0,0,0,0
190935,64,bully,7513,0,0,0,101,112,1414,1568,1,100,30325,157729,0,11,1,90,90,ELECTION,0,0,101,14,8,180,7,11,94,101,22,0,0,0,0
191435,6,bully,5219,0,0,0,104,115,1456,1610,1,100,30293,160609,0,11,0,93,93,ELECTION,0,0,104,16,6,186,8,11,96,104,22,0,0,0,0
191283,41,bully,6724,0,0,0,102,113,1428,1582,1,100,30291,158927,0,11,1,91,91,ELECTION,0,0,102,14,8,182,7,11,95,102,22,0,0,0,0
191202,28,bully,6060,0,0,0,102,112,1428,1568,1,100,30293,159609,0,10,1,92,92,ELECTION,0,0,102,14,6,184,7,10,95,102,20,0,0,0,0
191689,75,bully,8651,0,0,0,100,111,1400,1554,1,100,30375,157322,0,12,2,89,89,ELECTION,0,0,100,14,8,178,7,11,93,100,22,0,0,0,0
191350,61,bully,7649,0,0,0,101,112,1414,1568,1,100,30315,158000,0,11,1,90,90,ELECTION,0,0,101,14,8,180,7,11,94,101,22,0,0,0,0
191183,37,bully,6337,0,0,0,102,113,1428,1582,1,100,30316,159188,0,11,1,91,91,ELECTION,0,0,102,14,8,182,7,11,95,102,22,0,0,0,0
191238,17,bully,5433,0,0,0,103,113,1442,1582,1,100,30313,160191,0,10,1,93,93,ELECTION,0,0,103,14,6,186,7,10,96,103,20,0,0,0,0
191405,70,bully,8054,0,0,0,101,112,1414,1568,1,100,30334,157656,0,11,1,90,90,ELECTION,0,0,101,14,8,180,7,11,94,101,22,0,0,0,0
191895,49,bully,7546,0,0,0,101,112,1414,1568,1,100,30278,158702,0,11,1,90,90,ELECTION,0,0,101,14,8,180,7,11,94,101,22,0,0,0,0
191993,94,bully,9129,0,0,0,101,113,1414,1582,1,100,30924,156744,0,13,2,89,89,ELECTION,0,0,101,16,8,178,8,12,93,101,24,1,0,0,0
191213,96,bully,8455,1,0,0,462,477,6468,6678,3,100,81898,105661,0,18,2,447,447,NORMAL,0,0,462,20,10,894,10,15,452,462,30,1,0,0,0
191744,84,bully,9040,0,0,0,100,111,1400,1554,1,100,30299,157163,0,12,2,89,89,ELECTION,0,0,100,14,8,178,7,11,93,100,22,0,0,0,0
191856,8,bully,5478,0,0,0,104,115,1456,1610,1,100,30311,160780,0,11,0,93,93,ELECTION,0,0,104,16,6,186,8,11,96,104,22,0,0,0,0
191759,52,bully,7415,0,0,0,101,112,1414,1568,1,100,30316,158629,0,11,1,90,90,ELECTION,0,0,101,14,8,180,7,11,94,101,22,0,0,0,0
191638,23,bully,6006,0,0,0,103,113,1442,1582,1,100,30284,160105,0,10,1,93,93,ELECTION,0,0,103,14,6,186,7,10,96,103,20,0,0,0,0
191486,58,bully,7387,0,0,0,101,112,1414,1568,1,100,30344,158355,0,11,1,90,90,ELECTION,0,0,101,14,8,180,7,11,94,101,22,0,0,0,0
191335,93,bully,8312,1,0,0,101,112,1414,1568,1,100,30992,156835,0,13,2,89,89,ELECTION,0,0,101,16,8,178,7,11,93,100,24,0,0,0,0
191692,32,bully,6364,0,0,0,102,112,1428,1568,1,100,30373,159635,0,10,1,92,92,ELECTION,0,0,102,14,6,184,7,10,95,102,20,0,0,0,0
191526,99,bully,7866,1,0,0,23,33,322,462,1,100,27430,160798,0,12,41,12,12,ELECTION,0,0,23,16,6,24,7,10,15,22,22,0,0,0,0
191498,72,bully,8030,0,0,0,101,112,1414,1568,1,100,30325,157811,0,11,1,90,90,ELECTION,0,0,101,14,8,180,7,11,94,101,22,0,0,0,0
191556,35,bully,6309,0,0,0,102,113,1428,1582,1,100,30382,159529,0,11,1,91,91,ELECTION,0,0,102,14,8,182,7,11,95,102,22,0,0,0,0
191719,11,bully,5307,0,0,0,104,115,1456,1610,1,100,30307,160790,0,11,0,93,93,ELECTION,0,0,104,16,6,186,8,11,96,104,22,0,0,0,0
191541,67,bully,7792,0,0,0,101,112,1414,1568,1,100,30342,158096,0,11,1,90,90,ELECTION,0,0,101,14,8,180,7,11,94,101,22,0,0,0,0
191608,87,bully,8067,0,0,0,100,111,1400,1554,1,100,30944,157388,0,12,2,89,89,ELECTION,0,0,100,14,8,178,7,11,93,100,22,0,0,0,0
191704,43,bully,6630,0,0,0,101,112,1414,1568,1,100,30290,159418,0,11,1,90,90,ELECTION,0,0,101,14,8,180,7,11,94,101,22,0,0,0,0
191992,5,bully,5042,0,0,0,104,115,1456,1610,1,100,30297,161338,0,11,0,93,93,ELECTION,0,0,104,16,6,186,8,11,96,104,22,0,0,0,0
191841,40,bully,6571,0,0,0,103,114,1442,1596,1,100,30301,159590,0,11,1,92,92,ELECTION,0,0,103,14,8,184,7,11,96,103,22,0,0,0,0
191962,69,bully,7947,0,0,0,101,112,1414,1568,1,100,30312,158374,0,11,1,90,90,ELECTION,0,0,101,14,8,180,7,11,94,101,22,0,0,0,0
191977,83,bully,8572,0,0,0,100,111,1400,1554,1,100,30300,157844,0,12,2,89,89,ELECTION,0,0,100,14,8,178,7,11,93,100,22,0,0,0,0
200084,98,bully,8601,3,1,4517,22,31,308,434,1,100,27456,168544,0,11,44,12,12,ELECTION,0,3,23,14,6,24,5,9,16,21,20,0,0,0,0
200113,13,bully,6073,0,0,0,107,118,1498,1652,1,100,30285,168432,0,11,1,97,97,ELECTION,0,0,107,14,6,194,8,11,100,108,20,0,0,0,0
200165,86,bully,8907,1,1,4742,104,115,1456,1610,1,100,31004,164996,0,12,3,93,93,ELECTION,0,2,105,14,8,186,7,11,97,104,22,0,0,0,0
200128,2,bully,5503,0,0,0,108,119,1512,1666,1,100,30285,169030,0,11,1,97,97,ELECTION,0,0,108,16,6,194,8,11,100,108,22,0,0,0,0
200015,4,bully,5385,0,0,0,108,119,1512,1666,1,100,30326,168957,0,11,1,97,97,ELECTION,0,0,108,16,6,194,8,11,100,108,22,0,0,0,0
200195,22,bully,6345,0,0,0,107,117,1498,1638,1,100,30267,168345,0,10,1,97,97,ELECTION,0,0,107,14,6,194,7,10,100,107,20,0,0,0,0
200355,38,bully,7025,0,0,0,107,118,1498,1652,1,100,30315,167651,0,11,1,96,96,ELECTION,0,0,107,14,8,192,7,11,100,107,22,0,0,0,0
200316,51,bully,7554,0,0,0,105,116,1470,1624,1,100,30299,167060,0,11,1,94,94,ELECTION,0,0,105,14,8,188,7,11,98,105,22,0,0,0,0
200017,78,bully,8490,0,0,0,104,115,1456,1610,1,100,30350,165877,0,12,3,93,93,ELECTION,0,0,104,14,8,186,7,11,97,104,22,0,0,0,0
200534,36,bully,6992,0,0,0,107,118,1498,1652,1,100,30358,167856,0,11,1,96,96,ELECTION,0,0,107,14,8,192,7,11,100,107,22,0,0,0,0
200711,74,bully,8917,0,0,0,104,115,1456,1610,1,100,30354,166090,0,12,3,93,93,ELECTION,0,0,104,14,8,186,7,11,97,104,22,0,0,0,0
200549,3,bully,5375,0,0,0,108,119,1512,1666,1,100,30259,169604,0,11,1,97,97,ELECTION,0,0,108,16,6,194,8,11,100,108,22,0,0,0,0
200032,46,bully,6870,0,0,0,106,117,1484,1638,1,100,30280,167495,0,11,1,95,95,ELECTION,0,0,106,14,8,190,7,11,99,106,22,0,0,0,0
200029,89,bully,8313,0,0,0,104,115,1456,1610,1,100,30983,165565,0,12,3,93,93,ELECTION,0,0,104,14,8,186,7,11,97,104,22,0,0,0,0
200726,42,bully,7368,0,0,0,106,117,1484,1638,1,100,30285,167740,0,11,1,95,95,ELECTION,0,0,106,14,8,190,7,11,99,106,22,0,0,0,0
200331,95,bully,8874,1,0,0,105,117,1470,1638,1,100,26883,169352,0,14,3,92,92,ELECTION,0,0,105,18,8,184,8,12,96,104,26,0,0,0,0
200506,100,bully,5174,1,1,4669,113,34,1582,476,1,100,30303,169698,0,11,1,97,12,ELECTION,0,15,113,16,16,194,8,11,15,23,22,0,0,0,0
200250,31,bully,6305,0,0,0,107,117,1498,1638,1,100,30342,168298,0,10,1,97,97,ELECTION,0,0,107,14,6,194,7,10,100,107,20,0,0,0,0
200574,59,bully,7869,0,0,0,105,116,1470,1624,1,100,30352,166947,0,11,1,94,94,ELECTION,0,0,105,14,8,188,7,11,98,105,22,0,0,0,0
200877,7,bully,5725,0,0,0,108,119,1512,1666,1,100,30293,169553,0,11,1,97,97,ELECTION,0,0,108,16,6,194,8,11,100,108,22,0,0,0,0
200047,14,bully,5201,0,0,0,107,117,1498,1638,1,100,30328,169176,0,10,1,97,97,ELECTION,0,0,107,14,6,194,7,10,100,107,20,0,0,0,0
200862,39,bully,7245,0,0,0,107,118,1498,1652,1,100,30266,168015,0,11,1,96,96,ELECTION,0,0,107,14,8,192,7,11,100,107,22,0,0,0,0
200044,57,bully,7219,0,0,0,106,117,1484,1638,1,100,30334,167084,0,11,1,95,95,ELECTION,0,0,106,14,8,190,7,11,99,106,22,0,0,0,0
200235,63,bully,7725,0,0,0,105,116,1470,1624,1,100,30315,166849,0,11,1,94,94,ELECTION,0,0,105,14,8,188,7,11,98,105,22,0,0,0,0
200777,20,bully,6262,0,0,0,107,117,1498,1638,1,100,30291,168928,0,10,1,97,97,ELECTION,0,0,107,14,6,194,7,10,100,107,20,0,0,0,0
200438,80,bully,8730,0,0,0,104,115,1456,1610,1,100,30328,166063,0,12,3,93,93,ELECTION,0,0,104,14,8,186,7,11,97,104,22,0,0,0,0
200453,48,bully,7204,0,0,0,106,117,1484,1638,1,100,30276,167613,0,11,1,95,95,ELECTION,0,0,106,14,8,190,7,11,99,106,22,0,0,0,0
200641,97,bully,9134,1,2,106511,460,475,6440,6650,3,100,94769,101552,0,17,3,451,451,LEADER,1,4,461,8,10,902,10,15,456,466,18,101,101,5,101
200807,66,bully,8394,0,0,0,105,116,1470,1624,1,100,30333,166755,0,11,1,94,94,ELECTION,0,0,105,14,8,188,7,11,98,105,22,0,0,0,0
200792,62,bully,8155,0,0,0,106,117,1484,1638,1,100,30303,166984,0,11,1,95,95,ELECTION,0,0,106,14,8,190,7,11,99,106,22,0,0,0,0
200874,50,bully,7663,0,0,0,106,117,1484,1638,1,100,30305,167539,0,11,1,95,95,ELECTION,0,0,106,14,8,190,7,11,99,106,22,0,0,0,0
200356,92,bully,8534,0,0,0,104,115,1456,1610,1,100,30991,165667,0,12,3,93,93,ELECTION,0,0,104,14,8,186,7,11,97,104,22,0,0,0,0
201018,55,bully,7968,0,0,0,106,117,1484,1638,1,100,30331,167316,0,11,1,95,95,ELECTION,0,0,106,14,8,190,7,11,99,106,22,0,0,0,0
200371,60,bully,7582,0,0,0,106,117,1484,1638,1,100,30323,167082,0,11,1,95,95,ELECTION,0,0,106,14,8,190,7,11,99,106,22,0,0,0,0
200671,33,bully,6605,0,0,0,106,116,1484,1624,1,100,30385,168355,0,10,1,96,96,ELECTION,0,0,106,14,6,192,7,10,99,106,20,1,0,0,0
200523,25,bully,6115,0,0,0,107,117,1498,1638,1,100,30294,168870,0,10,1,97,97,ELECTION,0,0,107,14,6,194,7,10,100,107,20,0,0,0,0
200180,54,bully,7039,0,0,0,106,117,1484,1638,1,100,30331,167412,0,11,1,95,95,ELECTION,0,0,106,14,8,190,7,11,99,106,22,0,0,0,0
200589,45,bully,7030,0,0,0,106,117,1484,1638,1,100,30258,167963,0,11,1,95,95,ELECTION,0,0,106,14,8,190,7,11,99,106,22,0,0,0,0
200995,79,bully,9041,0,0,0,104,115,1456,1610,1,100,30326,166337,0,12,3,93,93,ELECTION,0,0,104,14,8,186,7,11,97,104,22,0,0,0,0
200383,71,bully,8021,0,0,0,105,116,1470,1624,1,100,30335,166668,0,11,1,94,94,ELECTION,0,0,105,14,8,188,7,11,98,105,22,0,0,0,0
200468,16,bully,5502,0,0,0,107,117,1498,1638,1,100,30331,169329,0,10,1,97,97,ELECTION,0,0,107,14,6,194,7,10,100,107,20,0,0,0,0
201005,30,bully,6716,0,0,0,107,117,1498,1638,1,100,30316,168674,0,10,1,97,97,ELECTION,0,0,107,14,6,194,7,10,100,107,20,0,0,0,0
200656,65,bully,7956,0,0,0,106,117,1484,1638,1,100,30342,167014,0,11,1,95,95,ELECTION,0,0,106,14,8,190,7,11,99,106,22,0,0,0,0
200914,91,bully,8867,0,0,0,104,115,1456,1610,1,100,30994,165885,0,12,2,93,93,ELECTION,0,0,104,14,8,186,7,11,97,104,22,0,0,0,0
201268,73,bully,8929,0,0,0,104,115,1456,1610,1,100,30324,166695,0,12,2,93,93,ELECTION,0,0,104,14,8,186,7,11,97,104,22,0,0,0,0
201080,24,bully,6447,0,0,0,107,117,1498,1638,1,100,30288,169113,0,10,1,97,97,ELECTION,0,0,107,14,6,194,7,10,100,107,20,0,0,0,0
200813,19,bully,5884,0,0,0,107,117,1498,1638,1,100,30334,169251,0,10,1,97,97,ELECTION,0,0,107,14,6,194,7,10,100,107,20,0,0,0,0
200686,1,bully,4915,0,0,0,108,124,1512,1736,1,100,195678,4788,0,16,1,97,97,NORMAL,0,0,108,16,6,194,8,16,105,108,22,0,0,0,0
201298,9,bully,5897,0,0,0,108,119,1512,1666,1,100,30287,169843,0,11,1,97,97,ELECTION,0,0,108,16,6,194,8,11,100,108,22,0,0,0,0
200889,18,bully,5881,0,0,0,107,117,1498,1638,1,100,30325,169358,0,10,1,97,97,ELECTION,0,0,107,14,6,194,7,10,100,107,20,0,0,0,0
200884,12,bully,5505,0,0,0,108,119,1512,1666,1,100,30313,169705,0,11,1,97,97,ELECTION,0,0,108,16,6,194,8,11,100,108,22,0,0,0,0
200520,68,bully,7822,0,0,0,106,117,1484,1638,1,100,30356,167000,0,11,1,95,95,ELECTION,0,0,106,14,8,190,7,11,99,106,22,0,0,0,0
200741,10,bully,5321,0,0,0,108,119,1512,1666,1,100,30298,169844,0,11,1,97,97,ELECTION,0,0,108,16,6,194,8,11,100,108,22,0,0,0,0
201413,34,bully,7061,0,0,0,107,118,1498,1652,1,100,30390,168629,0,11,1,96,96,ELECTION,0,0,107,14,8,192,7,11,100,107,22,0,0,0,0
201010,47,bully,7247,0,0,0,106,117,1484,1638,1,100,30271,168088,0,11,1,95,95,ELECTION,0,0,106,14,8,190,7,11,99,106,22,0,0,0,0
201501,26,bully,6703,0,0,0,107,117,1498,1638,1,100,30259,169268,0,10,1,97,97,ELECTION,0,0,107,14,6,194,7,10,100,107,20,0,0,0,0
200814,53,bully,7161,0,0,0,106,117,1484,1638,1,100,30321,167942,0,11,1,95,95,ELECTION,0,0,106,14,8,190,7,11,99,106,22,0,0,0,0
201065,56,bully,7568,0,0,0,106,117,1484,1638,1,100,30321,167782,0,11,1,95,95,ELECTION,0,0,106,14,8,190,7,11,99,106,22,0,0,0,0
201365,29,bully,6618,0,0,0,107,117,1498,1638,1,100,30307,169135,0,10,1,97,97,ELECTION,0,0,107,14,6,194,7,10,100,107,20,0,0,0,0
201471,90,bully,8993,0,0,0,104,115,1456,1610,1,100,31013,166300,0,12,2,93,93,ELECTION,0,0,104,14,8,186,7,11,97,104,22,0,0,0,0
201260,77,bully,8753,0,0,0,105,116,1470,1624,1,100,30337,166869,0,12,2,94,94,ELECTION,0,0,105,14,8,188,7,11,98,105,22,0,0,0,0
201217,21,bully,6096,0,0,0,107,117,1498,1638,1,100,30290,169535,0,10,1,97,97,ELECTION,0,0,107,14,6,194,7,10,100,107,20,0,0,0,0
201050,88,bully,8433,0,0,0,105,116,1470,1624,1,100,30971,166430,0,12,2,94,94,ELECTION,0,0,105,14,8,188,7,11,98,105,22,0,0,0,0
201025,15,bully,5508,0,0,0,107,117,1498,1638,1,100,30328,169854,0,10,1,97,97,ELECTION,0,0,107,14,6,194,7,10,100,107,20,0,0,0,0
201623,76,bully,8979,0,0,0,105,116,1470,1624,1,100,30343,166993,0,12,2,94,94,ELECTION,0,0,105,14,8,188,7,11,98,105,22,0,0,0,0
200859,82,bully,8440,0,0,0,105,116,1470,1624,1,100,30283,166866,0,12,2,94,94,ELECTION,0,0,105,14,8,188,7,11,98,105,22,0,0,0,0
201187,85,bully,8868,0,0,0,105,116,1470,1624,1,100,30319,166737,0,12,2,94,94,ELECTION,0,0,105,14,8,188,7,11,98,105,22,0,0,0,0
201880,81,bully,9351,0,0,0,105,116,1470,1624,1,100,30303,166917,0,12,2,94,94,ELECTION,0,0,105,14,8,188,7,11,98,105,22,0,0,0,0
201147,44,bully,6804,0,0,0,106,117,1484,1638,1,100,30288,168706,0,11,1,95,95,ELECTION,0,0,106,14,8,190,7,11,99,106,22,0,0,0,0
200944,27,bully,5851,0,0,0,107,117,1498,1638,1,100,30272,169562,0,10,1,97,97,ELECTION,0,0,107,14,6,194,7,10,100,107,20,0,0,0,0
200935,64,bully,7513,0,0,0,106,117,1484,1638,1,100,30325,167729,0,11,1,95,95,ELECTION,0,0,106,14,8,190,7,11,99,106,22,0,0,0,0
201435,6,bully,5219,0,0,0,109,120,1526,1680,1,100,30293,170609,0,11,0,98,98,ELECTION,0,0,109,16,6,196,8,11,101,109,22,0,0,0,0
201283,41,bully,6724,0,0,0,107,118,1498,1652,1,100,30291,168927,0,11,1,96,96,ELECTION,0,0,107,14,8,192,7,11,100,107,22,0,0,0,0
201202,28,bully,6060,0,0,0,107,117,1498,1638,1,100,30293,169609,0,10,1,97,97,ELECTION,0,0,107,14,6,194,7,10,100,107,20,0,0,0,0
201689,75,bully,8651,0,0,0,105,116,1470,1624,1,100,30375,167322,0,12,2,94,94,ELECTION,0,0,105,14,8,188,7,11,98,105,22,0,0,0,0
201350,61,bully,7649,0,0,0,106,117,1484,1638,1,100,30315,168000,0,11,1,95,95,ELECTION,0,0,106,14,8,190,7,11,99,106,22,0,0,0,0
201183,37,bully,6337,0,0,0,107,118,1498,1652,1,100,30316,169188,0,11,1,96,96,ELECTION,0,0,107,14,8,192,7,11,100,107,22,0,0,0,0
201238,17,bully,5433,0,0,0,108,118,1512,1652,1,100,30313,170191,0,10,1,98,98,ELECTION,0,0,108,14,6,196,7,10,101,108,20,0,0,0,0
201405,70,bully,8054,0,0,0,106,117,1484,1638,1,100,30334,167656,0,11,1,95,95,ELECTION,0,0,106,14,8,190,7,11,99,106,22,0,0,0,0
201895,49,bully,7546,0,0,0,106,117,1484,1638,1,100,30278,168702,0,11,1,95,95,ELECTION,0,0,106,14,8,190,7,11,99,106,22,0,0,0,0
201993,94,bully,9129,0,0,0,106,118,1484,1652,1,100,30924,166744,0,13,2,94,94,ELECTION,0,0,106,16,8,188,8,12,98,106,24,1,0,0,0
201213,96,bully,8455,1,0,0,467,482,6538,6748,3,100,91898,105661,0,18,2,452,452,NORMAL,0,0,467,20,10,904,10,15,457,467,30,1,0,0,0
201744,84,bully,9040,0,0,0,105,116,1470,1624,1,100,30299,167163,0,12,2,94,94,ELECTION,0,0,105,14,8,188,7,11,98,105,22,0,0,0,0
201856,8,bully,5478,0,0,0,109,120,1526,1680,1,100,30311,170780,0,11,0,98,98,ELECTION,0,0,109,16,6,196,8,11,101,109,22,0,0,0,0
201759,52,bully,7415,0,0,0,106,117,1484,1638,1,100,30316,168629,0,11,1,95,95,ELECTION,0,0,106,14,8,190,7,11,99,106,22,0,0,0,0
201638,23,bully,6006,0,0,0,108,118,1512,1652,1,100,30284,170105,0,10,1,98,98,ELECTION,0,0,108,14,6,196,7,10,101,108,20,0,0,0,0
201486,58,bully,7387,0,0,0,106,117,1484,1638,1,100,30344,168355,0,11,1,95,95,ELECTION,0,0,106,14,8,190,7,11,99,106,22,0,0,0,0
201335,93,bully,8312,1,0,0,106,117,1484,1638,1,100,30992,166835,0,13,2,94,94,ELECTION,0,0,106,16,8,188,7,11,98,105,24,0,0,0,0
201692,32,bully,6364,0,0,0,108,118,1512,1652,1,100,30373,169635,0,10,1,98,98,ELECTION,0,0,108,14,6,196,7,10,101,108,20,0,0,0,0
201526,99,bully,7866,1,0,0,23,33,322,462,1,100,27430,170798,0,12,43,12,12,ELECTION,0,0,23,16,6,24,7,10,15,22,22,0,0,0,0
201498,72,bully,8030,0,0,0,106,117,1484,1638,1,100,30325,167811,0,11,1,95,95,ELECTION,0,0,106,14,8,190,7,11,99,106,22,0,0,0,0
201556,35,bully,6309,0,0,0,108,119,1512,1666,1,100,30382,169529,0,11,1,97,97,ELECTION,0,0,108,14,8,194,7,11,101,108,22,0,0,0,0
201719,11,bully,5307,0,0,0,109,120,1526,1680,1,100,30307,170790,0,11,0,98,98,ELECTION,0,0,109,16,6,196,8,11,101,109,22,0,0,0,0
201541,67,bully,7792,0,0,0,106,117,1484,1638,1,100,30342,168096,0,11,1,95,95,ELECTION,0,0,106,14,8,190,7,11,99,106,22,0,0,0,0
201608,87,bully,8067,0,0,0,105,116,1470,1624,1,100,30944,167388,0,12,2,94,94,ELECTION,0,0,105,14,8,188,7,11,98,105,22,0,0,0,0
201704,43,bully,6630,0,0,0,107,118,1498,1652,1,100,30290,169418,0,11,1,96,96,ELECTION,0,0,107,14,8,192,7,11,100,107,22,0,0,0,0
201992,5,bully,5042,0,0,0,109,120,1526,1680,1,100,30297,171338,0,11,0,98,98,ELECTION,0,0,109,16,6,196,8,11,101,109,22,0,0,0,0
201841,40,bully,6571,0,0,0,108,119,1512,1666,1,100,30301,169590,0,11,1,97,97,ELECTION,0,0,108,14,8,194,7,11,101,108,22,0,0,0,0
201962,69,bully,7947,0,0,0,106,117,1484,1638,1,100,30312,168374,0,11,1,95,95,ELECTION,0,0,106,14,8,190,7,11,99,106,22,0,0,0,0
201977,83,bully,8572,0,0,0,105,116,1470,1624,1,100,30300,167844,0,12,2,94,94,ELECTION,0,0,105,14,8,188,7,11,98,105,22,0,0,0,0
210084,98,bully,8601,3,1,4517,22,31,308,434,1,100,27456,178544,0,11,46,12,12,ELECTION,0,3,23,14,6,24,5,9,16,21,20,0,0,0,0
210113,13,bully,6073,0,0,0,112,123,1568,1722,1,100,30285,178432,0,11,1,102,102,ELECTION,0,0,112,14,6,204,8,11,105,113,20,0,0,0,0
210165,86,bully,8907,1,1,4742,109,120,1526,1680,1,100,31004,174996,0,12,3,98,98,ELECTION,0,2,110,14,8,196,7,11,102,109,22,0,0,0,0
210128,2,bully,5503,0,0,0,113,124,1582,1736,1,100,30285,179030,0,11,1,102,102,ELECTION,0,0,113,16,6,204,8,11,105,113,22,0,0,0,0
210015,4,bully,5385,0,0,0,113,124,1582,1736,1,100,30326,178957,0,11,1,102,102,ELECTION,0,0,113,16,6,204,8,11,105,113,22,0,0,0,0
210195,22,bully,6345,0,0,0,112,122,1568,1708,1,100,30267,178345,0,10,1,102,102,ELECTION,0,0,112,14,6,204,7,10,105,112,20,0,0,0,0
210355,38,bully,7025,0,0,0,112,123,1568,1722,1,100,30315,177651,0,11,1,101,101,ELECTION,0,0,112,14,8,202,7,11,105,112,22,0,0,0,0
210316,51,bully,7554,0,0,0,110,121,1540,1694,1,100,30299,177060,0,11,1,99,99,ELECTION,0,0,110,14,8,198,7,11,103,110,22,0,0,0,0
210017,78,bully,8490,0,0,0,109,120,1526,1680,1,100,30350,175877,0,12,3,98,98,ELECTION,0,0,109,14,8,196,7,11,102,109,22,0,0,0,0
210534,36,bully,6992,0,0,0,112,123,1568,1722,1,100,30358,177856,0,11,1,101,101,ELECTION,0,0,112,14,8,202,7,11,105,112,22,0,0,0,0
210711,74,bully,8917,0,0,0,109,120,1526,1680,1,100,30354,176090,0,12,3,98,98,ELECTION,0,0,109,14,8,196,7,11,102,109,22,0,0,0,0
210549,3,bully,5375,0,0,0,113,124,1582,1736,1,100,30259,179604,0,11,1,102,102,ELECTION,0,0,113,16,6,204,8,11,105,113,22,0,0,0,0
210032,46,bully,6870,0,0,0,111,122,1554,1708,1,100,30280,177495,0,11,1,100,100,ELECTION,0,0,111,14,8,200,7,11,104,111,22,0,0,0,0
210029,89,bully,8313,0,0,0,109,120,1526,1680,1,100,30983,175565,0,12,3,98,98,ELECTION,0,0,109,14,8,196,7,11,102,109,22,0,0,0,0
210726,42,bully,7368,0,0,0,111,122,1554,1708,1,100,30285,177740,0,11,1,100,100,ELECTION,0,0,111,14,8,200,7,11,104,111,22,0,0,0,0
210331,95,bully,8874,1,0,0,110,122,1540,1708,1,100,26883,179352,0,14,3,97,97,ELECTION,0,0,110,18,8,194,8,12,101,109,26,0,0,0,0
210506,100,bully,5174,1,1,4669,118,34,1652,476,1,100,30303,179698,0,11,1,102,12,ELECTION,0,15,118,16,16,204,8,11,15,23,22,0,0,0,0
210250,31,bully,6305,0,0,0,112,122,1568,1708,1,100,30342,178298,0,10,1,102,102,ELECTION,0,0,112,14,6,204,7,10,105,112,20,0,0,0,0
210574,59,bully,7869,0,0,0,111,122,1554,1708,1,100,30352,176947,0,11,1,100,100,ELECTION,0,0,111,14,8,200,7,11,104,111,22,0,0,0,0
210877,7,bully,5725,0,0,0,113,124,1582,1736,1,100,30293,179553,0,11,1,102,102,ELECTION,0,0,113,16,6,204,8,11,105,113,22,0,0,0,0
210047,14,bully,5201,0,0,0,112,122,1568,1708,1,100,30328,179176,0,10,1,102,102,ELECTION,0,0,112,14,6,204,7,10,105,112,20,0,0,0,0
210862,39,bully,7245,0,0,0,112,123,1568,1722,1,100,30266,178015,0,11,1,101,101,ELECTION,0,0,112,14,8,202,7,11,105,112,22,0,0,0,0
210044,57,bully,7219,0,0,0,111,122,1554,1708,1,100,30334,177084,0,11,1,100,100,ELECTION,0,0,111,14,8,200,7,11,104,111,22,0,0,0,0
210235,63,bully,7725,0,0,0,111,122,1554,1708,1,100,30315,176849,0,11,1,100,100,ELECTION,0,0,111,14,8,200,7,11,104,111,22,0,0,0,0
210777,20,bully,6262,0,0,0,112,122,1568,1708,1,100,30291,178928,0,10,1,102,102,ELECTION,0,0,112,14,6,204,7,10,105,112,20,0,0,0,0
210438,80,bully,8730,0,0,0,109,120,1526,1680,1,100,30328,176063,0,12,3,98,98,ELECTION,0,0,109,14,8,196,7,11,102,109,22,0,0,0,0
210453,48,bully,7204,0,0,0,111,122,1554,1708,1,100,30276,177613,0,11,1,100,100,ELECTION,0,0,111,14,8,200,7,11,104,111,22,0,0,0,0
210641,97,bully,9134,1,2,106511,465,480,6510,6720,3,100,104769,101552,0,17,3,456,456,LEADER,1,4,466,8,10,912,10,15,461,471,18,101,101,5,101
210807,66,bully,8394,0,0,0,111,122,1554,1708,1,100,30333,176755,0,11,1,100,100,ELECTION,0,0,111,14,8,200,7,11,104,111,22,0,0,0,0
210792,62,bully,8155,0,0,0,111,122,1554,1708,1,100,30303,176984,0,11,1,100,100,ELECTION,0,0,111,14,8,200,7,11,104,111,22,0,0,0,0
210874,50,bully,7663,0,0,0,111,122,1554,1708,1,100,30305,177539,0,11,1,100,100,ELECTION,0,0,111,14,8,200,7,11,104,111,22,0,0,0,0
210356,92,bully,8534,0,0,0,109,120,1526,1680,1,100,30991,175667,0,12,3,98,98,ELECTION,0,0,109,14,8,196,7,11,102,109,22,0,0,0,0
211018,55,bully,7968,0,0,0,111,122,1554,1708,1,100,30331,177316,0,11,1,100,100,ELECTION,0,0,111,14,8,200,7,11,104,111,22,0,0,0,0
210371,60,bully,7582,0,0,0,111,122,1554,1708,1,100,30323,177082,0,11,1,100,100,ELECTION,0,0,111,14,8,200,7,11,104,111,22,0,0,0,0
210671,33,bully,6605,0,0,0,111,121,1554,1694,1,100,30385,178355,0,10,1,101,101,ELECTION,0,0,111,14,6,202,7,10,104,111,20,1,0,0,0
210523,25,bully,6115,0,0,0,112,122,1568,1708,1,100,30294,178870,0,10,1,102,102,ELECTION,0,0,112,14,6,204,7,10,105,112,20,0,0,0,0
210180,54,bully,7039,0,0,0,111,122,1554,1708,1,100,30331,177412,0,11,1,100,100,ELECTION,0,0,111,14,8,200,7,11,104,111,22,0,0,0,0
210589,45,bully,7030,0,0,0,111,122,1554,1708,1,100,30258,177963,0,11,1,100,100,ELECTION,0,0,111,14,8,200,7,11,104,111,22,0,0,0,0
210995,79,bully,9041,0,0,0,109,120,1526,1680,1,100,30326,176337,0,12,3,98,98,ELECTION,0,0,109,14,8,196,7,11,102,109,22,0,0,0,0
210383,71,bully,8021,0,0,0,111,122,1554,1708,1,100,30335,176668,0,11,1,100,100,ELECTION,0,0,111,14,8,200,7,11,104,111,22,0,0,0,0
210468,16,bully,5502,0,0,0,112,122,1568,1708,1,100,30331,179329,0,10,1,102,102,ELECTION,0,0,112,14,6,204,7,10,105,112,20,0,0,0,0
211005,30,bully,6716,0,0,0,112,122,1568,1708,1,100,30316,178674,0,10,1,102,102,ELECTION,0,0,112,14,6,204,7,10,105,112,20,0,0,0,0
210656,65,bully,7956,0,0,0,111,122,1554,1708,1,100,30342,177014,0,11,1,100,100,ELECTION,0,0,111,14,8,200,7,11,104,111,22,0,0,0,0
210914,91,bully,8867,0,0,0,109,120,1526,1680,1,100,30994,175885,0,12,2,98,98,ELECTION,0,0,109,14,8,196,7,11,102,109,22,0,0,0,0
211268,73,bully,8929,0,0,0,110,121,1540,1694,1,100,30324,176695,0,12,2,99,99,ELECTION,0,0,110,14,8,198,7,11,103,110,22,0,0,0,0
211080,24,bully,6447,0,0,0,112,122,1568,1708,1,100,30288,179113,0,10,1,102,102,ELECTION,0,0,112,14,6,204,7,10,105,112,20,0,0,0,0
210813,19,bully,5884,0,0,0,112,122,1568,1708,1,100,30334,179251,0,10,1,102,102,ELECTION,0,0,112,14,6,204,7,10,105,112,20,0,0,0,0
210686,1,bully,4915,0,0,0,113,129,1582,1806,1,100,205678,4788,0,16,1,102,102,NORMAL,0,0,113,16,6,204,8,16,110,113,22,0,0,0,0
211298,9,bully,5897,0,0,0,113,124,1582,1736,1,100,30287,179843,0,11,1,102,102,ELECTION,0,0,113,16,6,204,8,11,105,113,22,0,0,0,0
210889,18,bully,5881,0,0,0,112,122,1568,1708,1,100,30325,179358,0,10,1,102,102,ELECTION,0,0,112,14,6,204,7,10,105,112,20,0,0,0,0
210884,12,bully,5505,0,0,0,113,124,1582,1736,1,100,30313,179705,0,11,1,102,102,ELECTION,0,0,113,16,6,204,8,11,105,113,22,0,0,0,0
210520,68,bully,7822,0,0,0,111,122,1554,1708,1,100,30356,177000,0,11,1,100,100,ELECTION,0,0,111,14,8,200,7,11,104,111,22,0,0,0,0
210741,10,bully,5321,0,0,0,113,124,1582,1736,1,100,30298,179844,0,11,1,102,102,ELECTION,0,0,113,16,6,204,8,11,105,113,22,0,0,0,0
211413,34,bully,7061,0,0,0,112,123,1568,1722,1,100,30390,178629,0,11,1,101,101,ELECTION,0,0,112,14,8,202,7,11,105,112,22,0,0,0,0
211010,47,bully,7247,0,0,0,111,122,1554,1708,1,100,30271,178088,0,11,1,100,100,ELECTION,0,0,111,14,8,200,7,11,104,111,22,0,0,0,0
211501,26,bully,6703,0,0,0,112,122,1568,1708,1,100,30259,179268,0,10,1,102,102,ELECTION,0,0,112,14,6,204,7,10,105,112,20,0,0,0,0
210814,53,bully,7161,0,0,0,111,122,1554,1708,1,100,30321,177942,0,11,1,100,100,ELECTION,0,0,111,14,8,200,7,11,104,111,22,0,0,0,0
211065,56,bully,7568,0,0,0,111,122,1554,1708,1,100,30321,177782,0,11,1,100,100,ELECTION,0,0,111,14,8,200,7,11,104,111,22,0,0,0,0
211365,29,bully,6618,0,0,0,112,122,1568,1708,1,100,30307,179135,0,10,1,102,102,ELECTION,0,0,112,14,6,204,7,10,105,112,20,0,0,0,0
211471,90,bully,8993,0,0,0,110,121,1540,1694,1,100,31013,176300,0,12,2,99,99,ELECTION,0,0,110,14,8,198,7,11,103,110,22,0,0,0,0
211260,77,bully,8753,0,0,0,110,121,1540,1694,1,100,30337,176869,0,12,2,99,99,ELECTION,0,0,110,14,8,198,7,11,103,110,22,0,0,0,0
211217,21,bully,6096,0,0,0,112,122,1568,1708,1,100,30290,179535,0,10,1,102,102,ELECTION,0,0,112,14,6,204,7,10,105,112,20,0,0,0,0
211050,88,bully,8433,0,0,0,110,121,1540,1694,1,100,30971,176430,0,12,2,99,99,ELECTION,0,0,110,14,8,198,7,11,103,110,22,0,0,0,0
211025,15,bully,5508,0,0,0,112,122,1568,1708,1,100,30328,179854,0,10,1,102,102,ELECTION,0,0,112,14,6,204,7,10,105,112,20,0,0,0,0
211623,76,bully,8979,0,0,0,110,121,1540,1694,1,100,30343,176993,0,12,2,99,99,ELECTION,0,0,110,14,8,198,7,11,103,110,22,0,0,0,0
210859,82,bully,8440,0,0,0,110,121,1540,1694,1,100,30283,176866,0,12,2,99,99,ELECTION,0,0,110,14,8,198,7,11,103,110,22,0,0,0,0
211187,85,bully,8868,0,0,0,110,121,1540,1694,1,100,30319,176737,0,12,2,99,99,ELECTION,0,0,110,14,8,198,7,11,103,110,22,0,0,0,0
211880,81,bully,9351,0,0,0,110,121,1540,1694,1,100,30303,176917,0,12,2,99,99,ELECTION,0,0,110,14,8,198,7,11,103,110,22,0,0,0,0
211147,44,bully,6804,0,0,0,111,122,1554,1708,1,100,30288,178706,0,11,1,100,100,ELECTION,0,0,111,14,8,200,7,11,104,111,22,0,0,0,0
210944,27,bully,5851,0,0,0,112,122,1568,1708,1,100,30272,179562,0,10,1,102,102,ELECTION,0,0,112,14,6,204,7,10,105,112,20,0,0,0,0
210935,64,bully,7513,0,0,0,111,122,1554,1708,1,100,30325,177729,0,11,1,100,100,ELECTION,0,0,111,14,8,200,7,11,104,111,22,0,0,0,0
211435,6,bully,5219,0,0,0,114,125,1596,1750,1,100,30293,180609,0,11,0,103,103,ELECTION,0,0,114,16,6,206,8,11,106,114,22,0,0,0,0
211283,41,bully,6724,0,0,0,112,123,1568,1722,1,100,30291,178927,0,11,1,101,101,ELECTION,0,0,112,14,8,202,7,11,105,112,22,0,0,0,0
211202,28,bully,6060,0,0,0,112,122,1568,1708,1,100,30293,179609,0,10,1,102,102,ELECTION,0,0,112,14,6,204,7,10,105,112,20,0,0,0,0
211689,75,bully,8651,0,0,0,110,121,1540,1694,1,100,30375,177322,0,12,2,99,99,ELECTION,0,0,110,14,8,198,7,11,103,110,22,0,0,0,0
211350,61,bully,7649,0,0,0,111,122,1554,1708,1,100,30315,178000,0,11,1,100,100,ELECTION,0,0,111,14,8,200,7,11,104,111,22,0,0,0,0
211183,37,bully,6337,0,0,0,112,123,1568,1722,1,100,30316,179188,0,11,1,101,101,ELECTION,0,0,112,14,8,202,7,11,105,112,22,0,0,0,0
211238,17,bully,5433,0,0,0,113,123,1582,1722,1,100,30313,180191,0,10,1,103,103,ELECTION,0,0,113,14,6,206,7,10,106,113,20,0,0,0,0
211405,70,bully,8054,0,0,0,111,122,1554,1708,1,100,30334,177656,0,11,1,100,100,ELECTION,0,0,111,14,8,200,7,11,104,111,22,0,0,0,0
211895,49,bully,7546,0,0,0,111,122,1554,1708,1,100,30278,178702,0,11,1,100,100,ELECTION,0,0,111,14,8,200,7,11,104,111,22,0,0,0,0
211993,94,bully,9129,0,0,0,111,123,1554,1722,1,100,30924,176744,0,13,2,99,99,ELECTION,0,0,111,16,8,198,8,12,103,111,24,1,0,0,0
211213,96,bully,8455,1,0,0,472,487,6608,6818,3,100,101898,105661,0,18,2,457,457,NORMAL,0,0,472,20,10,914,10,15,462,472,30,1,0,0,0
211744,84,bully,9040,0,0,0,110,121,1540,1694,1,100,30299,177163,0,12,2,99,99,ELECTION,0,0,110,14,8,198,7,11,103,110,22,0,0,0,0
211856,8,bully,5478,0,0,0,114,125,1596,1750,1,100,30311,180780,0,11,0,103,103,ELECTION,0,0,114,16,6,206,8,11,106,114,22,0,0,0,0
211759,52,bully,7415,0,0,0,111,122,1554,1708,1,100,30316,178629,0,11,1,100,100,ELECTION,0,0,111,14,8,200,7,11,104,111,22,0,0,0,0
211638,23,bully,6006,0,0,0,113,123,1582,1722,1,100,30284,180105,0,10,1,103,103,ELECTION,0,0,113,14,6,206,7,10,106,113,20,0,0,0,0
211486,58,bully,7387,0,0,0,111,122,1554,1708,1,100,30344,178355,0,11,1,100,100,ELECTION,0,0,111,14,8,200,7,11,104,111,22,0,0,0,0
211335,93,bully,8312,1,0,0,111,122,1554,1708,1,100,30992,176835,0,13,2,99,99,ELECTION,0,0,111,16,8,198,7,11,103,110,24,0,0,0,0
211692,32,bully,6364,0,0,0,112,122,1568,1708,1,100,30373,179635,0,10,1,102,102,ELECTION,0,0,112,14,6,204,7,10,105,112,20,0,0,0,0
211526,99,bully,7866,1,0,0,23,33,322,462,1,100,27430,180798,0,12,46,12,12,ELECTION,0,0,23,16,6,24,7,10,15,22,22,0,0,0,0
211498,72,bully,8030,0,0,0,111,122,1554,1708,1,100,30325,177811,0,11,1,100,100,ELECTION,0,0,111,14,8,200,7,11,104,111,22,0,0,0,0
211556,35,bully,6309,0,0,0,112,123,1568,1722,1,100,30382,179529,0,11,1,101,101,ELECTION,0,0,112,14,8,202,7,11,105,112,22,0,0,0,0
211719,11,bully,5307,0,0,0,114,125,1596,1750,1,100,30307,180790,0,11,0,103,103,ELECTION,0,0,114,16,6,206,8,11,106,114,22,0,0,0,0
211541,67,bully,7792,0,0,0,111,122,1554,1708,1,100,30342,178096,0,11,1,100,100,ELECTION,0,0,111,14,8,200,7,11,104,111,22,0,0,0,0
211608,87,bully,8067,0,0,0,110,121,1540,1694,1,100,30944,177388,0,12,2,99,99,ELECTION,0,0,110,14,8,198,7,11,103,110,22,0,0,0,0
211704,43,bully,6630,0,0,0,111,122,1554,1708,1,100,30290,179418,0,11,1,100,100,ELECTION,0,0,111,14,8,200,7,11,104,111,22,0,0,0,0
211992,5,bully,5042,0,0,0,114,125,1596,1750,1,100,30297,181338,0,11,0,103,103,ELECTION,0,0,114,16,6,206,8,11,106,114,22,0,0,0,0
211841,40,bully,6571,0,0,0,113,124,1582,1736,1,100,30301,179590,0,11,1,102,102,ELECTION,0,0,113,14,8,204,7,11,106,113,22,0,0,0,0
211962,69,bully,7947,0,0,0,111,122,1554,1708,1,100,30312,178374,0,11,1,100,100,ELECTION,0,0,111,14,8,200,7,11,104,111,22,0,0,0,0
211977,83,bully,8572,0,0,0,110,121,1540,1694,1,100,30300,177844,0,12,2,99,99,ELECTION,0,0,110,14,8,198,7,11,103,110,22,0,0,0,0
220084,98,bully,8601,3,1,4517,22,31,308,434,1,100,27456,188544,0,11,49,12,12,ELECTION,0,3,23,14,6,24,5,9,16,21,20,0,0,0,0
220113,13,bully,6073,0,0,0,117,128,1638,1792,1,100,30285,188432,0,11,1,107,107,ELECTION,0,0,117,14,6,214,8,11,110,118,20,0,0,0,0
220165,86,bully,8907,1,1,4742,114,125,1596,1750,1,100,31004,184996,0,12,3,103,103,ELECTION,0,2,115,14,8,206,7,11,107,114,22,0,0,0,0
220128,2,bully,5503,0,0,0,118,129,1652,1806,1,100,30285,189030,0,11,1,107,107,ELECTION,0,0,118,16,6,214,8,11,110,118,22,0,0,0,0
220015,4,bully,5385,0,0,0,118,129,1652,1806,1,100,30326,188957,0,11,1,107,107,ELECTION,0,0,118,16,6,214,8,11,110,118,22,0,0,0,0
220195,22,bully,6345,0,0,0,117,127,1638,1778,1,100,30267,188345,0,10,1,107,107,ELECTION,0,0,117,14,6,214,7,10,110,117,20,0,0,0,0
220355,38,bully,7025,0,0,0,117,128,1638,1792,1,100,30315,187651,0,11,1,106,106,ELECTION,0,0,117,14,8,212,7,11,110,117,22,0,0,0,0
220316,51,bully,7554,0,0,0,115,126,1610,1764,1,100,30299,187060,0,11,1,104,104,ELECTION,0,0,115,14,8,208,7,11,108,115,22,0,0,0,0
220017,78,bully,8490,0,0,0,114,125,1596,1750,1,100,30350,185877,0,12,3,103,103,ELECTION,0,0,114,14,8,206,7,11,107,114,22,0,0,0,0
220534,36,bully,6992,0,0,0,117,128,1638,1792,1,100,30358,187856,0,11,1,106,106,ELECTION,0,0,117,14,8,212,7,11,110,117,22,0,0,0,0
220711,74,bully,8917,0,0,0,114,125,1596,1750,1,100,30354,186090,0,12,3,103,103,ELECTION,0,0,114,14,8,206,7,11,107,114,22,0,0,0,0
220549,3,bully,5375,0,0,0,118,129,1652,1806,1,100,30259,189604,0,11,1,107,107,ELECTION,0,0,118,16,6,214,8,11,110,118,22,0,0,0,0
220032,46,bully,6870,0,0,0,116,127,1624,1778,1,100,30280,187495,0,11,1,105,105,ELECTION,0,0,116,14,8,210,7,11,109,116,22,0,0,0,0
220029,89,bully,8313,0,0,0,114,125,1596,1750,1,100,30983,185565,0,12,3,103,103,ELECTION,0,0,114,14,8,206,7,11,107,114,22,0,0,0,0
220726,42,bully,7368,0,0,0,116,127,1624,1778,1,100,30285,187740,0,11,1,105,105,ELECTION,0,0,116,14,8,210,7,11,109,116,22,0,0,0,0
220331,95,bully,8874,1,0,0,115,127,1610,1778,1,100,26883,189352,0,14,3,102,102,ELECTION,0,0,115,18,8,204,8,12,106,114,26,0,0,0,0
220506,100,bully,5174,1,1,4669,123,34,1722,476,1,100,30303,189698,0,11,1,107,12,ELECTION,0,15,123,16,16,214,8,11,15,23,22,0,0,0,0
220250,31,bully,6305,0,0,0,117,127,1638,1778,1,100,30342,188298,0,10,1,107,107,ELECTION,0,0,117,14,6,214,7,10,110,117,20,0,0,0,0
220574,59,bully,7869,0,0,0,115,126,1610,1764,1,100,30352,186947,0,11,1,104,104,ELECTION,0,0,115,14,8,208,7,11,108,115,22,0,0,0,0
220877,7,bully,5725,0,0,0,118,129,1652,1806,1,100,30293,189553,0,11,1,107,107,ELECTION,0,0,118,16,6,214,8,11,110,118,22,0,0,0,0
220047,14,bully,5201,0,0,0,117,127,1638,1778,1,100,30328,189176,0,10,1,107,107,ELECTION,0,0,117,14,6,214,7,10,110,117,20,0,0,0,0
220862,39,bully,7245,0,0,0,117,128,1638,1792,1,100,30266,188015,0,11,1,106,106,ELECTION,0,0,117,14,8,212,7,11,110,117,22,0,0,0,0
220044,57,bully,7219,0,0,0,116,127,1624,1778,1,100,30334,187084,0,11,1,105,105,ELECTION,0,0,116,14,8,210,7,11,109,116,22,0,0,0,0
220235,63,bully,7725,0,0,0,115,126,1610,1764,1,100,30315,186849,0,11,1,104,104,ELECTION,0,0,115,14,8,208,7,11,108,115,22,0,0,0,0
220777,20,bully,6262,0,0,0,117,127,1638,1778,1,100,30291,188928,0,10,1,107,107,ELECTION,0,0,117,14,6,214,7,10,110,117,20,0,0,0,0
220438,80,bully,8730,0,0,0,114,125,1596,1750,1,100,30328,186063,0,12,3,103,103,ELECTION,0,0,114,14,8,206,7,11,107,114,22,0,0,0,0
220453,48,bully,7204,0,0,0,116,127,1624,1778,1,100,30276,187613,0,11,1,105,105,ELECTION,0,0,116,14,8,210,7,11,109,116,22,0,0,0,0
220641,97,bully,9134,1,2,106511,470,485,6580,6790,3,100,114769,101552,0,17,3,461,461,LEADER,1,4,471,8,10,922,10,15,466,476,18,101,101,6,101
220807,66,bully,8394,0,0,0,115,126,1610,1764,1,100,30333,186755,0,11,1,104,104,ELECTION,0,0,115,14,8,208,7,11,108,115,22,0,0,0,0
220792,62,bully,8155,0,0,0,116,127,1624,1778,1,100,30303,186984,0,11,1,105,105,ELECTION,0,0,116,14,8,210,7,11,109,116,22,0,0,0,0
220874,50,bully,7663,0,0,0,116,127,1624,1778,1,100,30305,187539,0,11,1,105,105,ELECTION,0,0,116,14,8,210,7,11,109,116,22,0,0,0,0
220356,92,bully,8534,0,0,0,114,125,1596,1750,1,100,30991,185667,0,12,3,103,103,ELECTION,0,0,114,14,8,206,7,11,107,114,22,0,0,0,0
221018,55,bully,7968,0,0,0,116,127,1624,1778,1,100,30331,187316,0,11,1,105,105,ELECTION,0,0,116,14,8,210,7,11,109,116,22,0,0,0,0
220371,60,bully,7582,0,0,0,116,127,1624,1778,1,100,30323,187082,0,11,1,105,105,ELECTION,0,0,116,14,8,210,7,11,109,116,22,0,0,0,0
220671,33,bully,6605,0,0,0,116,126,1624,1764,1,100,30385,188355,0,10,1,106,106,ELECTION,0,0,116,14,6,212,7,10,109,116,20,1,0,0,0
220523,25,bully,6115,0,0,0,117,127,1638,1778,1,100,30294,188870,0,10,1,107,107,ELECTION,0,0,117,14,6,214,7,10,110,117,20,0,0,0,0
220180,54,bully,7039,0,0,0,116,127,1624,1778,1,100,30331,187412,0,11,1,105,105,ELECTION,0,0,116,14,8,210,7,11,109,116,22,0,0,0,0
220589,45,bully,7030,0,0,0,116,127,1624,1778,1,100,30258,187963,0,11,1,105,105,ELECTION,0,0,116,14,8,210,7,11,109,116,22,0,0,0,0
220995,79,bully,9041,0,0,0,114,125,1596,1750,1,100,30326,186337,0,12,3,103,103,ELECTION,0,0,114,14,8,206,7,11,107,114,22,0,0,0,0
220383,71,bully,8021,0,0,0,115,126,1610,1764,1,100,30335,186668,0,11,1,104,104,ELECTION,0,0,115,14,8,208,7,11,108,115,22,0,0,0,0
220468,16,bully,5502,0,0,0,117,127,1638,1778,1,100,30331,189329,0,10,1,107,107,ELECTION,0,0,117,14,6,214,7,10,110,117,20,0,0,0,0
221005,30,bully,6716,0,0,0,117,127,1638,1778,1,100,30316,188674,0,10,1,107,107,ELECTION,0,0,117,14,6,214,7,10,110,117,20,0,0,0,0
220656,65,bully,7956,0,0,0,116,127,1624,1778,1,100,30342,187014,0,11,1,105,105,ELECTION,0,0,116,14,8,210,7,11,109,116,22,0,0,0,0
220914,91,bully,8867,0,0,0,114,125,1596,1750,1,100,30994,185885,0,12,2,103,103,ELECTION,0,0,114,14,8,206,7,11,107,114,22,0,0,0,0
221268,73,bully,8929,0,0,0,115,126,1610,1764,1,100,30324,186695,0,12,2,104,104,ELECTION,0,0,115,14,8,208,7,11,108,115,22,0,0,0,0
221080,24,bully,6447,0,0,0,117,127,1638,1778,1,100,30288,189113,0,10,1,107,107,ELECTION,0,0,117,14,6,214,7,10,110,117,20,0,0,0,0
220813,19,bully,5884,0,0,0,117,127,1638,1778,1,100,30334,189251,0,10,1,107,107,ELECTION,0,0,117,14,6,214,7,10,110,117,20,0,0,0,0
220686,1,bully,4915,0,0,0,118,134,1652,1876,1,100,215678,4788,0,16,1,107,107,NORMAL,0,0,118,16,6,214,8,16,115,118,22,0,0,0,0
221298,9,bully,5897,0,0,0,118,129,1652,1806,1,100,30287,189843,0,11,1,107,107,ELECTION,0,0,118,16,6,214,8,11,110,118,22,0,0,0,0
220889,18,bully,5881,0,0,0,117,127,1638,1778,1,100,30325,189358,0,10,1,107,107,ELECTION,0,0,117,14,6,214,7,10,110,117,20,0,0,0,0
220884,12,bully,5505,0,0,0,118,129,1652,1806,1,100,30313,189705,0,11,1,107,107,ELECTION,0,0,118,16,6,214,8,11,110,118,22,0,0,0,0
220520,68,bully,7822,0,0,0,116,127,1624,1778,1,100,30356,187000,0,11,1,105,105,ELECTION,0,0,116,14,8,210,7,11,109,116,22,0,0,0,0
220741,10,bully,5321,0,0,0,118,129,1652,1806,1,100,30298,189844,0,11,1,107,107,ELECTION,0,0,118,16,6,214,8,11,110,118,22,0,0,0,0
221413,34,bully,7061,0,0,0,117,128,1638,1792,1,100,30390,188629,0,11,1,106,106,ELECTION,0,0,117,14,8,212,7,11,110,117,22,0,0,0,0
221010,47,bully,7247,0,0,0,116,127,1624,1778,1,100,30271,188088,0,11,1,105,105,ELECTION,0,0,116,14,8,210,7,11,109,116,22,0,0,0,0
221501,26,bully,6703,0,0,0,117,127,1638,1778,1,100,30259,189268,0,10,1,107,107,ELECTION,0,0,117,14,6,214,7,10,110,117,20,0,0,0,0
220814,53,bully,7161,0,0,0,116,127,1624,1778,1,100,30321,187942,0,11,1,105,105,ELECTION,0,0,116,14,8,210,7,11,109,116,22,0,0,0,0
221065,56,bully,7568,0,0,0,116,127,1624,1778,1,100,30321,187782,0,11,1,105,105,ELECTION,0,0,116,14,8,210,7,11,109,116,22,0,0,0,0
221365,29,bully,6618,0,0,0,117,127,1638,1778,1,100,30307,189135,0,10,1,107,107,ELECTION,0,0,117,14,6,214,7,10,110,117,20,0,0,0,0
221471,90,bully,8993,0,0,0,115,126,1610,1764,1,100,31013,186300,0,12,2,104,104,ELECTION,0,0,115,14,8,208,7,11,108,115,22,0,0,0,0
221260,77,bully,8753,0,0,0,115,126,1610,1764,1,100,30337,186869,0,12,2,104,104,ELECTION,0,0,115,14,8,208,7,11,108,115,22,0,0,0,0
221217,21,bully,6096,0,0,0,117,127,1638,1778,1,100,30290,189535,0,10,1,107,107,ELECTION,0,0,117,14,6,214,7,10,110,117,20,0,0,0,0
221050,88,bully,8433,0,0,0,115,126,1610,1764,1,100,30971,186430,0,12,2,104,104,ELECTION,0,0,115,14,8,208,7,11,108,115,22,0,0,0,0
221025,15,bully,5508,0,0,0,117,127,1638,1778,1,100,30328,189854,0,10,1,107,107,ELECTION,0,0,117,14,6,214,7,10,110,117,20,0,0,0,0
221623,76,bully,8979,0,0,0,115,126,1610,1764,1,100,30343,186993,0,12,2,104,104,ELECTION,0,0,115,14,8,208,7,11,108,115,22,0,0,0,0
220859,82,bully,8440,0,0,0,115,126,1610,1764,1,100,30283,186866,0,12,2,104,104,ELECTION,0,0,115,14,8,208,7,11,108,115,22,0,0,0,0
221187,85,bully,8868,0,0,0,115,126,1610,1764,1,100,30319,186737,0,12,2,104,104,ELECTION,0,0,115,14,8,208,7,11,108,115,22,0,0,0,0
221880,81,bully,9351,0,0,0,115,126,1610,1764,1,100,30303,186917,0,12,2,104,104,ELECTION,0,0,115,14,8,208,7,11,108,115,22,0,0,0,0
221147,44,bully,6804,0,0,0,116,127,1624,1778,1,100,30288,188706,0,11,1,105,105,ELECTION,0,0,116,14,8,210,7,11,109,116,22,0,0,0,0
220944,27,bully,5851,0,0,0,117,127,1638,1778,1,100,30272,189562,0,10,1,107,107,ELECTION,0,0,117,14,6,214,7,10,110,117,20,0,0,0,0
220935,64,bully,7513,0,0,0,116,127,1624,1778,1,100,30325,187729,0,11,1,105,105,ELECTION,0,0,116,14,8,210,7,11,109,116,22,0,0,0,0
221435,6,bully,5219,0,0,0,119,130,1666,1820,1,100,30293,190609,0,11,0,108,108,ELECTION,0,0,119,16,6,216,8,11,111,119,22,0,0,0,0
221283,41,bully,6724,0,0,0,117,128,1638,1792,1,100,30291,188927,0,11,1,106,106,ELECTION,0,0,117,14,8,212,7,11,110,117,22,0,0,0,0
221202,28,bully,6060,0,0,0,117,127,1638,1778,1,100,30293,189609,0,10,1,107,107,ELECTION,0,0,117,14,6,214,7,10,110,117,20,0,0,0,0
221689,75,bully,8651,0,0,0,115,126,1610,1764,1,100,30375,187322,0,12,2,104,104,ELECTION,0,0,115,14,8,208,7,11,108,115,22,0,0,0,0
221350,61,bully,7649,0,0,0,116,127,1624,1778,1,100,30315,188000,0,11,1,105,105,ELECTION,0,0,116,14,8,210,7,11,109,116,22,0,0,0,0
221183,37,bully,6337,0,0,0,117,128,1638,1792,1,100,30316,189188,0,11,1,106,106,ELECTION,0,0,117,14,8,212,7,11,110,117,22,0,0,0,0
221238,17,bully,5433,0,0,0,118,128,1652,1792,1,100,30313,190191,0,10,1,108,108,ELECTION,0,0,118,14,6,216,7,10,111,118,20,0,0,0,0
221405,70,bully,8054,0,0,0,116,127,1624,1778,1,100,30334,187656,0,11,1,105,105,ELECTION,0,0,116,14,8,210,7,11,109,116,22,0,0,0,0
221895,49,bully,7546,0,0,0,116,127,1624,1778,1,100,30278,188702,0,11,1,105,105,ELECTION,0,0,116,14,8,210,7,11,109,116,22,0,0,0,0
221993,94,bully,9129,0,0,0,116,128,1624,1792,1,100,30924,186744,0,13,2,104,104,ELECTION,0,0,116,16,8,208,8,12,108,116,24,1,0,0,0
221213,96,bully,8455,1,0,0,477,492,6678,6888,3,100,111898,105661,0,18,2,462,462,NORMAL,0,0,477,20,10,924,10,15,467,477,30,1,0,0,0
221744,84,bully,9040,0,0,0,115,126,1610,1764,1,100,30299,187163,0,12,2,104,104,ELECTION,0,0,115,14,8,208,7,11,108,115,22,0,0,0,0
221856,8,bully,5478,0,0,0,119,130,1666,1820,1,100,30311,190780,0,11,0,108,108,ELECTION,0,0,119,16,6,216,8,11,111,119,22,0,0,0,0
221759,52,bully,7415,0,0,0,116,127,1624,1778,1,100,30316,188629,0,11,1,105,105,ELECTION,0,0,116,14,8,210,7,11,109,116,22,0,0,0,0
221638,23,bully,6006,0,0,0,118,128,1652,1792,1,100,30284,190105,0,10,1,108,108,ELECTION,0,0,118,14,6,216,7,10,111,118,20,0,0,0,0
221486,58,bully,7387,0,0,0,116,127,1624,1778,1,100,30344,188355,0,11,1,105,105,ELECTION,0,0,116,14,8,210,7,11,109,116,22,0,0,0,0
221335,93,bully,8312,1,0,0,116,127,1624,1778,1,100,30992,186835,0,13,2,104,104,ELECTION,0,0,116,16,8,208,7,11,108,115,24,0,0,0,0
221692,32,bully,6364,0,0,0,118,128,1652,1792,1,100,30373,189635,0,10,1,108,108,ELECTION,0,0,118,14,6,216,7,10,111,118,20,0,0,0,0
221526,99,bully,7866,1,0,0,23,33,322,462,1,100,27430,190798,0,12,48,12,12,ELECTION,0,0,23,16,6,24,7,10,15,22,22,0,0,0,0
221498,72,bully,8030,0,0,0,116,127,1624,1778,1,100,30325,187811,0,11,1,105,105,ELECTION,0,0,116,14,8,210,7,11,109,116,22,0,0,0,0
221556,35,bully,6309,0,0,0,117,128,1638,1792,1,100,30382,189529,0,11,1,106,106,ELECTION,0,0,117,14,8,212,7,11,110,117,22,0,0,0,0
221719,11,bully,5307,0,0,0,119,130,1666,1820,1,100,30307,190790,0,11,0,108,108,ELECTION,0,0,119,16,6,216,8,11,111,119,22,0,0,0,0
221541,67,bully,7792,0,0,0,116,127,1624,1778,1,100,30342,188096,0,11,1,105,105,ELECTION,0,0,116,14,8,210,7,11,109,116,22,0,0,0,0
221608,87,bully,8067,0,0,0,115,126,1610,1764,1,100,30944,187388,0,12,2,104,104,ELECTION,0,0,115,14,8,208,7,11,108,115,22,0,0,0,0
221704,43,bully,6630,0,0,0,117,128,1638,1792,1,100,30290,189418,0,11,1,106,106,ELECTION,0,0,117,14,8,212,7,11,110,117,22,0,0,0,0
221992,5,bully,5042,0,0,0,119,130,1666,1820,1,100,30297,191338,0,11,0,108,108,ELECTION,0,0,119,16,6,216,8,11,111,119,22,0,0,0,0
221841,40,bully,6571,0,0,0,118,129,1652,1806,1,100,30301,189590,0,11,1,107,107,ELECTION,0,0,118,14,8,214,7,11,111,118,22,0,0,0,0
221962,69,bully,7947,0,0,0,116,127,1624,1778,1,100,30312,188374,0,11,1,105,105,ELECTION,0,0,116,14,8,210,7,11,109,116,22,0,0,0,0
221977,83,bully,8572,0,0,0,115,126,1610,1764,1,100,30300,187844,0,12,2,104,104,ELECTION,0,0,115,14,8,208,7,11,108,115,22,0,0,0,0
230084,98,bully,8601,3,1,4517,22,31,308,434,1,100,27456,198544,0,11,51,12,12,ELECTION,0,3,23,14,6,24,5,9,16,21,20,0,0,0,0
230113,13,bully,6073,0,0,0,122,133,1708,1862,1,100,30285,198432,0,11,1,112,112,ELECTION,0,0,122,14,6,224,8,11,115,123,20,0,0,0,0
230165,86,bully,8907,1,1,4742,119,130,1666,1820,1,100,31004,194996,0,12,3,108,108,ELECTION,0,2,120,14,8,216,7,11,112,119,22,0,0,0,0
230128,2,bully,5503,0,0,0,123,134,1722,1876,1,100,30285,199030,0,11,1,112,112,ELECTION,0,0,123,16,6,224,8,11,115,123,22,0,0,0,0
230015,4,bully,5385,0,0,0,123,134,1722,1876,1,100,30326,198957,0,11,1,112,112,ELECTION,0,0,123,16,6,224,8,11,115,123,22,0,0,0,0
230195,22,bully,6345,0,0,0,122,132,1708,1848,1,100,30267,198345,0,10,1,112,112,ELECTION,0,0,122,14,6,224,7,10,115,122,20,0,0,0,0
230355,38,bully,7025,0,0,0,122,133,1708,1862,1,100,30315,197651,0,11,1,111,111,ELECTION,0,0,122,14,8,222,7,11,115,122,22,0,0,0,0
230316,51,bully,7554,0,0,0,121,132,1694,1848,1,100,30299,197060,0,11,1,110,110,ELECTION,0,0,121,14,8,220,7,11,114,121,22,0,0,0,0
230017,78,bully,8490,0,0,0,119,130,1666,1820,1,100,30350,195877,0,12,3,108,108,ELECTION,0,0,119,14,8,216,7,11,112,119,22,0,0,0,0
230534,36,bully,6992,0,0,0,122,133,1708,1862,1,100,30358,197856,0,11,1,111,111,ELECTION,0,0,122,14,8,222,7,11,115,122,22,0,0,0,0
230711,74,bully,8917,0,0,0,119,130,1666,1820,1,100,30354,196090,0,12,3,108,108,ELECTION,0,0,119,14,8,216,7,11,112,119,22,0,0,0,0
230549,3,bully,5375,0,0,0,123,134,1722,1876,1,100,30259,199604,0,11,1,112,112,ELECTION,0,0,123,16,6,224,8,11,115,123,22,0,0,0,0
230032,46,bully,6870,0,0,0,121,132,1694,1848,1,100,30280,197495,0,11,1,110,110,ELECTION,0,0,121,14,8,220,7,11,114,121,22,0,0,0,0
230029,89,bully,8313,0,0,0,119,130,1666,1820,1,100,30983,195565,0,12,3,108,108,ELECTION,0,0,119,14,8,216,7,11,112,119,22,0,0,0,0
230726,42,bully,7368,0,0,0,121,132,1694,1848,1,100,30285,197740,0,11,1,110,110,ELECTION,0,0,121,14,8,220,7,11,114,121,22,0,0,0,0
230331,95,bully,8874,1,0,0,120,132,1680,1848,1,100,26883,199352,0,14,3,107,107,ELECTION,0,0,120,18,8,214,8,12,111,119,26,0,0,0,0
230506,100,bully,5174,1,1,4669,128,34,1792,476,1,100,30303,199698,0,11,1,112,12,ELECTION,0,15,128,16,16,224,8,11,15,23,22,0,0,0,0
230250,31,bully,6305,0,0,0,122,132,1708,1848,1,100,30342,198298,0,10,1,112,112,ELECTION,0,0,122,14,6,224,7,10,115,122,20,0,0,0,0
230574,59,bully,7869,0,0,0,121,132,1694,1848,1,100,30352,196947,0,11,1,110,110,ELECTION,0,0,121,14,8,220,7,11,114,121,22,0,0,0,0
230877,7,bully,5725,0,0,0,123,134,1722,1876,1,100,30293,199553,0,11,1,112,112,ELECTION,0,0,123,16,6,224,8,11,115,123,22,0,0,0,0
230047,14,bully,5201,0,0,0,122,132,1708,1848,1,100,30328,199176,0,10,1,112,112,ELECTION,0,0,122,14,6,224,7,10,115,122,20,0,0,0,0
230862,39,bully,7245,0,0,0,122,133,1708,1862,1,100,30266,198015,0,11,1,111,111,ELECTION,0,0,122,14,8,222,7,11,115,122,22,0,0,0,0
230044,57,bully,7219,0,0,0,121,132,1694,1848,1,100,30334,197084,0,11,1,110,110,ELECTION,0,0,121,14,8,220,7,11,114,121,22,0,0,0,0
230235,63,bully,7725,0,0,0,121,132,1694,1848,1,100,30315,196849,0,11,1,110,110,ELECTION,0,0,121,14,8,220,7,11,114,121,22,0,0,0,0
230777,20,bully,6262,0,0,0,122,132,1708,1848,1,100,30291,198928,0,10,1,112,112,ELECTION,0,0,122,14,6,224,7,10,115,122,20,0,0,0,0
230438,80,bully,8730,0,0,0,119,130,1666,1820,1,100,30328,196063,0,12,3,108,108,ELECTION,0,0,119,14,8,216,7,11,112,119,22,0,0,0,0
230453,48,bully,7204,0,0,0,121,132,1694,1848,1,100,30276,197613,0,11,1,110,110,ELECTION,0,0,121,14,8,220,7,11,114,121,22,0,0,0,0
230641,97,bully,9134,1,2,106511,475,490,6650,6860,3,100,124769,101552,0,17,3,466,466,LEADER,1,4,476,8,10,932,10,15,471,481,18,101,101,6,101
230807,66,bully,8394,0,0,0,121,132,1694,1848,1,100,30333,196755,0,11,1,110,110,ELECTION,0,0,121,14,8,220,7,11,114,121,22,0,0,0,0
230792,62,bully,8155,0,0,0,121,132,1694,1848,1,100,30303,196984,0,11,1,110,110,ELECTION,0,0,121,14,8,220,7,11,114,121,22,0,0,0,0
230874,50,bully,7663,0,0,0,121,132,1694,1848,1,100,30305,197539,0,11,1,110,110,ELECTION,0,0,121,14,8,220,7,11,114,121,22,0,0,0,0
230356,92,bully,8534,0,0,0,119,130,1666,1820,1,100,30991,195667,0,12,3,108,108,ELECTION,0,0,119,14,8,216,7,11,112,119,22,0,0,0,0
231018,55,bully,7968,0,0,0,121,132,1694,1848,1,100,30331,197316,0,11,1,110,110,ELECTION,0,0,121,14,8,220,7,11,114,121,22,0,0,0,0
230371,60,bully,7582,0,0,0,121,132,1694,1848,1,100,30323,197082,0,11,1,110,110,ELECTION,0,0,121,14,8,220,7,11,114,121,22,0,0,0,0
230671,33,bully,6605,0,0,0,121,131,1694,1834,1,100,30385,198355,0,10,1,111,111,ELECTION,0,0,121,14,6,222,7,10,114,121,20,1,0,0,0
230523,25,bully,6115,0,0,0,122,132,1708,1848,1,100,30294,198870,0,10,1,112,112,ELECTION,0,0,122,14,6,224,7,10,115,122,20,0,0,0,0
230180,54,bully,7039,0,0,0,121,132,1694,1848,1,100,30331,197412,0,11,1,110,110,ELECTION,0,0,121,14,8,220,7,11,114,121,22,0,0,0,0
230589,45,bully,7030,0,0,0,121,132,1694,1848,1,100,30258,197963,0,11,1,110,110,ELECTION,0,0,121,14,8,220,7,11,114,121,22,0,0,0,0
230995,79,bully,9041,0,0,0,119,130,1666,1820,1,100,30326,196337,0,12,3,108,108,ELECTION,0,0,119,14,8,216,7,11,112,119,22,0,0,0,0
230383,71,bully,8021,0,0,0,121,132,1694,1848,1,100,30335,196668,0,11,1,110,110,ELECTION,0,0,121,14,8,220,7,11,114,121,22,0,0,0,0
230468,16,bully,5502,0,0,0,122,132,1708,1848,1,100,30331,199329,0,10,1,112,112,ELECTION,0,0,122,14,6,224,7,10,115,122,20,0,0,0,0
231005,30,bully,6716,0,0,0,122,132,1708,1848,1,100,30316,198674,0,10,1,112,112,ELECTION,0,0,122,14,6,224,7,10,115,122,20,0,0,0,0
230656,65,bully,7956,0,0,0,121,132,1694,1848,1,100,30342,197014,0,11,1,110,110,ELECTION,0,0,121,14,8,220,7,11,114,121,22,0,0,0,0
230914,91,bully,8867,0,0,0,119,130,1666,1820,1,100,30994,195885,0,12,2,108,108,ELECTION,0,0,119,14,8,216,7,11,112,119,22,0,0,0,0
231268,73,bully,8929,0,0,0,120,131,1680,1834,1,100,30324,196695,0,12,2,109,109,ELECTION,0,0,120,14,8,218,7,11,113,120,22,0,0,0,0
231080,24,bully,6447,0,0,0,122,132,1708,1848,1,100,30288,199113,0,10,1,112,112,ELECTION,0,0,122,14,6,224,7,10,115,122,20,0,0,0,0
230813,19,bully,5884,0,0,0,122,132,1708,1848,1,100,30334,199251,0,10,1,112,112,ELECTION,0,0,122,14,6,224,7,10,115,122,20,0,0,0,0
230686,1,bully,4915,0,0,0,123,139,1722,1946,1,100,225678,4788,0,16,1,112,112,NORMAL,0,0,123,16,6,224,8,16,120,123,22,0,0,0,0
231298,9,bully,5897,0,0,0,123,134,1722,1876,1,100,30287,199843,0,11,1,112,112,ELECTION,0,0,123,16,6,224,8,11,115,123,22,0,0,0,0
230889,18,bully,5881,0,0,0,122,132,1708,1848,1,100,30325,199358,0,10,1,112,112,ELECTION,0,0,122,14,6,224,7,10,115,122,20,0,0,0,0
230884,12,bully,5505,0,0,0,123,134,1722,1876,1,100,30313,199705,0,11,1,112,112,ELECTION,0,0,123,16,6,224,8,11,115,123,22,0,0,0,0
230520,68,bully,7822,0,0,0,121,132,1694,1848,1,100,30356,197000,0,11,1,110,110,ELECTION,0,0,121,14,8,220,7,11,114,121,22,0,0,0,0
230741,10,bully,5321,0,0,0,123,134,1722,1876,1,100,30298,199844,0,11,1,112,112,ELECTION,0,0,123,16,6,224,8,11,115,123,22,0,0,0,0
231413,34,bully,7061,0,0,0,122,133,1708,1862,1,100,30390,198629,0,11,1,111,111,ELECTION,0,0,122,14,8,222,7,11,115,122,22,0,0,0,0
231010,47,bully,7247,0,0,0,121,132,1694,1848,1,100,30271,198088,0,11,1,110,110,ELECTION,0,0,121,14,8,220,7,11,114,121,22,0,0,0,0
231501,26,bully,6703,0,0,0,122,132,1708,1848,1,100,30259,199268,0,10,1,112,112,ELECTION,0,0,122,14,6,224,7,10,115,122,20,0,0,0,0
230814,53,bully,7161,0,0,0,121,132,1694,1848,1,100,30321,197942,0,11,1,110,110,ELECTION,0,0,121,14,8,220,7,11,114,121,22,0,0,0,0
231065,56,bully,7568,0,0,0,121,132,1694,1848,1,100,30321,197782,0,11,1,110,110,ELECTION,0,0,121,14,8,220,7,11,114,121,22,0,0,0,0
231365,29,bully,6618,0,0,0,122,132,1708,1848,1,100,30307,199135,0,10,1,112,112,ELECTION,0,0,122,14,6,224,7,10,115,122,20,0,0,0,0
231471,90,bully,8993,0,0,0,120,131,1680,1834,1,100,31013,196300,0,12,2,109,109,ELECTION,0,0,120,14,8,218,7,11,113,120,22,0,0,0,0
231260,77,bully,8753,0,0,0,120,131,1680,1834,1,100,30337,196869,0,12,2,109,109,ELECTION,0,0,120,14,8,218,7,11,113,120,22,0,0,0,0
231217,21,bully,6096,0,0,0,122,132,1708,1848,1,100,30290,199535,0,10,1,112,112,ELECTION,0,0,122,14,6,224,7,10,115,122,20,0,0,0,0
231050,88,bully,8433,0,0,0,120,131,1680,1834,1,100,30971,196430,0,12,2,109,109,ELECTION,0,0,120,14,8,218,7,11,113,120,22,0,0,0,0
231025,15,bully,5508,0,0,0,122,132,1708,1848,1,100,30328,199854,0,10,1,112,112,ELECTION,0,0,122,14,6,224,7,10,115,122,20,0,0,0,0
231623,76,bully,8979,0,0,0,120,131,1680,1834,1,100,30343,196993,0,12,2,109,109,ELECTION,0,0,120,14,8,218,7,11,113,120,22,0,0,0,0
230859,82,bully,8440,0,0,0,120,131,1680,1834,1,100,30283,196866,0,12,2,109,109,ELECTION,0,0,120,14,8,218,7,11,113,120,22,0,0,0,0
231187,85,bully,8868,0,0,0,120,131,1680,1834,1,100,30319,196737,0,12,2,109,109,ELECTION,0,0,120,14,8,218,7,11,113,120,22,0,0,0,0
231880,81,bully,9351,0,0,0,120,131,1680,1834,1,100,30303,196917,0,12,2,109,109,ELECTION,0,0,120,14,8,218,7,11,113,120,22,0,0,0,0
231147,44,bully,6804,0,0,0,121,132,1694,1848,1,100,30288,198706,0,11,1,110,110,ELECTION,0,0,121,14,8,220,7,11,114,121,22,0,0,0,0
230944,27,bully,5851,0,0,0,122,132,1708,1848,1,100,30272,199562,0,10,1,112,112,ELECTION,0,0,122,14,6,224,7,10,115,122,20,0,0,0,0
230935,64,bully,7513,0,0,0,121,132,1694,1848,1,100,30325,197729,0,11,1,110,110,ELECTION,0,0,121,14,8,220,7,11,114,121,22,0,0,0,0
231435,6,bully,5219,0,0,0,124,135,1736,1890,1,100,30293,200609,0,11,0,113,113,ELECTION,0,0,124,16,6,226,8,11,116,124,22,0,0,0,0
231283,41,bully,6724,0,0,0,122,133,1708,1862,1,100,30291,198927,0,11,1,111,111,ELECTION,0,0,122,14,8,222,7,11,115,122,22,0,0,0,0
231202,28,bully,6060,0,0,0,122,132,1708,1848,1,100,30293,199609,0,10,1,112,112,ELECTION,0,0,122,14,6,224,7,10,115,122,20,0,0,0,0
231689,75,bully,8651,0,0,0,120,131,1680,1834,1,100,30375,197322,0,12,2,109,109,ELECTION,0,0,120,14,8,218,7,11,113,120,22,0,0,0,0
231350,61,bully,7649,0,0,0,121,132,1694,1848,1,100,30315,198000,0,11,1,110,110,ELECTION,0,0,121,14,8,220,7,11,114,121,22,0,0,0,0
231183,37,bully,6337,0,0,0,122,133,1708,1862,1,100,30316,199188,0,11,1,111,111,ELECTION,0,0,122,14,8,222,7,11,115,122,22,0,0,0,0
231238,17,bully,5433,0,0,0,123,133,1722,1862,1,100,30313,200191,0,10,1,113,113,ELECTION,0,0,123,14,6,226,7,10,116,123,20,0,0,0,0
231405,70,bully,8054,0,0,0,121,132,1694,1848,1,100,30334,197656,0,11,1,110,110,ELECTION,0,0,121,14,8,220,7,11,114,121,22,0,0,0,0
231895,49,bully,7546,0,0,0,121,132,1694,1848,1,100,30278,198702,0,11,1,110,110,ELECTION,0,0,121,14,8,220,7,11,114,121,22,0,0,0,0
231993,94,bully,9129,0,0,0,121,133,1694,1862,1,100,30924,196744,0,13,2,109,109,ELECTION,0,0,121,16,8,218,8,12,113,121,24,1,0,0,0
231213,96,bully,8455,1,0,0,482,497,6748,6958,3,100,121898,105661,0,18,2,467,467,NORMAL,0,0,482,20,10,934,10,15,472,482,30,1,0,0,0
231744,84,bully,9040,0,0,0,120,131,1680,1834,1,100,30299,197163,0,12,2,109,109,ELECTION,0,0,120,14,8,218,7,11,113,120,22,0,0,0,0
231856,8,bully,5478,0,0,0,124,135,1736,1890,1,100,30311,200780,0,11,0,113,113,ELECTION,0,0,124,16,6,226,8,11,116,124,22,0,0,0,0
231759,52,bully,7415,0,0,0,121,132,1694,1848,1,100,30316,198629,0,11,1,110,110,ELECTION,0,0,121,14,8,220,7,11,114,121,22,0,0,0,0
231638,23,bully,6006,0,0,0,123,133,1722,1862,1,100,30284,200105,0,10,1,113,113,ELECTION,0,0,123,14,6,226,7,10,116,123,20,0,0,0,0
231486,58,bully,7387,0,0,0,121,132,1694,1848,1,100,30344,198355,0,11,1,110,110,ELECTION,0,0,121,14,8,220,7,11,114,121,22,0,0,0,0
231335,93,bully,8312,1,0,0,121,132,1694,1848,1,100,30992,196835,0,13,2,109,109,ELECTION,0,0,121,16,8,218,7,11,113,120,24,0,0,0,0
231692,32,bully,6364,0,0,0,122,132,1708,1848,1,100,30373,199635,0,10,1,112,112,ELECTION,0,0,122,14,6,224,7,10,115,122,20,0,0,0,0
231526,99,bully,7866,1,0,0,23,33,322,462,1,100,27430,200798,0,12,51,12,12,ELECTION,0,0,23,16,6,24,7,10,15,22,22,0,0,0,0
231498,72,bully,8030,0,0,0,121,132,1694,1848,1,100,30325,197811,0,11,1,110,110,ELECTION,0,0,121,14,8,220,7,11,114,121,22,0,0,0,0
231556,35,bully,6309,0,0,0,122,133,1708,1862,1,100,30382,199529,0,11,1,111,111,ELECTION,0,0,122,14,8,222,7,11,115,122,22,0,0,0,0
231719,11,bully,5307,0,0,0,124,135,1736,1890,1,100,30307,200790,0,11,0,113,113,ELECTION,0,0,124,16,6,226,8,11,116,124,22,0,0,0,0
231541,67,bully,7792,0,0,0,121,132,1694,1848,1,100,30342,198096,0,11,1,110,110,ELECTION,0,0,121,14,8,220,7,11,114,121,22,0,0,0,0
231608,87,bully,8067,0,0,0,120,131,1680,1834,1,100,30944,197388,0,12,2,109,109,ELECTION,0,0,120,14,8,218,7,11,113,120,22,0,0,0,0
231704,43,bully,6630,0,0,0,121,132,1694,1848,1,100,30290,199418,0,11,1,110,110,ELECTION,0,0,121,14,8,220,7,11,114,121,22,0,0,0,0
231992,5,bully,5042,0,0,0,124,135,1736,1890,1,100,30297,201338,0,11,0,113,113,ELECTION,0,0,124,16,6,226,8,11,116,124,22,0,0,0,0
231841,40,bully,6571,0,0,0,123,134,1722,1876,1,100,30301,199590,0,11,1,112,112,ELECTION,0,0,123,14,8,224,7,11,116,123,22,0,0,0,0
231962,69,bully,7947,0,0,0,121,132,1694,1848,1,100,30312,198374,0,11,1,110,110,ELECTION,0,0,121,14,8,220,7,11,114,121,22,0,0,0,0
231977,83,bully,8572,0,0,0,120,131,1680,1834,1,100,30300,197844,0,12,2,109,109,ELECTION,0,0,120,14,8,218,7,11,113,120,22,0,0,0,0
240084,98,bully,8601,3,1,4517,22,31,308,434,1,100,27456,208544,0,11,54,12,12,ELECTION,0,3,23,14,6,24,5,9,16,21,20,0,0,0,0
240113,13,bully,6073,0,0,0,127,138,1778,1932,1,100,30285,208432,0,11,1,117,117,ELECTION,0,0,127,14,6,234,8,11,120,128,20,0,0,0,0
240165,86,bully,8907,1,1,4742,124,135,1736,1890,1,100,31004,204996,0,12,3,113,113,ELECTION,0,2,125,14,8,226,7,11,117,124,22,0,0,0,0
240128,2,bully,5503,0,0,0,128,139,1792,1946,1,100,30285,209030,0,11,1,117,117,ELECTION,0,0,128,16,6,234,8,11,120,128,22,0,0,0,0
240015,4,bully,5385,0,0,0,128,139,1792,1946,1,100,30326,208957,0,11,1,117,117,ELECTION,0,0,128,16,6,234,8,11,120,128,22,0,0,0,0
240195,22,bully,6345,0,0,0,127,137,1778,1918,1,100,30267,208345,0,10,1,117,117,ELECTION,0,0,127,14,6,234,7,10,120,127,20,0,0,0,0
240355,38,bully,7025,0,0,0,127,138,1778,1932,1,100,30315,207651,0,11,1,116,116,ELECTION,0,0,127,14,8,232,7,11,120,127,22,0,0,0,0
240316,51,bully,7554,0,0,0,125,136,1750,1904,1,100,30299,207060,0,11,1,114,114,ELECTION,0,0,125,14,8,228,7,11,118,125,22,0,0,0,0
240017,78,bully,8490,0,0,0,124,135,1736,1890,1,100,30350,205877,0,12,3,113,113,ELECTION,0,0,124,14,8,226,7,11,117,124,22,0,0,0,0
240534,36,bully,6992,0,0,0,127,138,1778,1932,1,100,30358,207856,0,11,1,116,116,ELECTION,0,0,127,14,8,232,7,11,120,127,22,0,0,0,0
240711,74,bully,8917,0,0,0,124,135,1736,1890,1,100,30354,206090,0,12,3,113,113,ELECTION,0,0,124,14,8,226,7,11,117,124,22,0,0,0,0
240549,3,bully,5375,0,0,0,128,139,1792,1946,1,100,30259,209604,0,11,1,117,117,ELECTION,0,0,128,16,6,234,8,11,120,128,22,0,0,0,0
240032,46,bully,6870,0,0,0,126,137,1764,1918,1,100,30280,207495,0,11,1,115,115,ELECTION,0,0,126,14,8,230,7,11,119,126,22,0,0,0,0
240029,89,bully,8313,0,0,0,124,135,1736,1890,1,100,30983,205565,0,12,3,113,113,ELECTION,0,0,124,14,8,226,7,11,117,124,22,0,0,0,0
240726,42,bully,7368,0,0,0,126,137,1764,1918,1,100,30285,207740,0,11,1,115,115,ELECTION,0,0,126,14,8,230,7,11,119,126,22,0,0,0,0
240331,95,bully,8874,1,0,0,125,137,1750,1918,1,100,26883,209352,0,14,3,112,112,ELECTION,0,0,125,18,8,224,8,12,116,124,26,0,0,0,0
240506,100,bully,5174,1,1,4669,133,34,1862,476,1,100,30303,209698,0,11,1,117,12,ELECTION,0,15,133,16,16,234,8,11,15,23,22,0,0,0,0
240250,31,bully,6305,0,0,0,127,137,1778,1918,1,100,30342,208298,0,10,1,117,117,ELECTION,0,0,127,14,6,234,7,10,120,127,20,0,0,0,0
240574,59,bully,7869,0,0,0,126,137,1764,1918,1,100,30352,206947,0,11,1,115,115,ELECTION,0,0,126,14,8,230,7,11,119,126,22,0,0,0,0
240877,7,bully,5725,0,0,0,128,139,1792,1946,1,100,30293,209553,0,11,1,117,117,ELECTION,0,0,128,16,6,234,8,11,120,128,22,0,0,0,0
240047,14,bully,5201,0,0,0,127,137,1778,1918,1,100,30328,209176,0,10,1,117,117,ELECTION,0,0,127,14,6,234,7,10,120,127,20,0,0,0,0
240862,39,bully,7245,0,0,0,127,138,1778,1932,1,100,30266,208015,0,11,1,116,116,ELECTION,0,0,127,14,8,232,7,11,120,127,22,0,0,0,0
240044,57,bully,7219,0,0,0,126,137,1764,1918,1,100,30334,207084,0,11,1,115,115,ELECTION,0,0,126,14,8,230,7,11,119,126,22,0,0,0,0
240777,20,bully,6262,0,0,0,127,137,1778,1918,1,100,30291,208928,0,10,1,117,117,ELECTION,0,0,127,14,6,234,7,10,120,127,20,0,0,0,0
240238,63,bully,7725,0,0,0,126,137,1764,1918,1,100,30315,206852,0,11,1,115,115,ELECTION,0,0,126,14,8,230,7,11,119,126,22,0,0,0,0
240438,80,bully,8730,0,0,0,124,135,1736,1890,1,100,30328,206063,0,12,3,113,113,ELECTION,0,0,124,14,8,226,7,11,117,124,22,0,0,0,0
240453,48,bully,7204,0,0,0,126,137,1764,1918,1,100,30276,207613,0,11,1,115,115,ELECTION,0,0,126,14,8,230,7,11,119,126,22,0,0,0,0
240641,97,bully,9134,1,2,106511,480,495,6720,6930,3,100,134769,101552,0,17,3,471,471,LEADER,1,4,481,8,10,942,10,15,476,486,18,101,101,6,101
240807,66,bully,8394,0,0,0,125,136,1750,1904,1,100,30333,206755,0,11,1,114,114,ELECTION,0,0,125,14,8,228,7,11,118,125,22,0,0,0,0
240792,62,bully,8155,0,0,0,126,137,1764,1918,1,100,30303,206984,0,11,1,115,115,ELECTION,0,0,126,14,8,230,7,11,119,126,22,0,0,0,0
240874,50,bully,7663,0,0,0,126,137,1764,1918,1,100,30305,207539,0,11,1,115,115,ELECTION,0,0,126,14,8,230,7,11,119,126,22,0,0,0,0
240356,92,bully,8534,0,0,0,124,135,1736,1890,1,100,30991,205667,0,12,3,113,113,ELECTION,0,0,124,14,8,226,7,11,117,124,22,0,0,0,0
241018,55,bully,7968,0,0,0,126,137,1764,1918,1,100,30331,207316,0,11,1,115,115,ELECTION,0,0,126,14,8,230,7,11,119,126,22,0,0,0,0
240371,60,bully,7582,0,0,0,126,137,1764,1918,1,100,30323,207082,0,11,1,115,115,ELECTION,0,0,126,14,8,230,7,11,119,126,22,0,0,0,0
240671,33,bully,6605,0,0,0,126,136,1764,1904,1,100,30385,208355,0,10,1,116,116,ELECTION,0,0,126,14,6,232,7,10,119,126,20,1,0,0,0
240523,25,bully,6115,0,0,0,127,137,1778,1918,1,100,30294,208870,0,10,1,117,117,ELECTION,0,0,127,14,6,234,7,10,120,127,20,0,0,0,0
240180,54,bully,7039,0,0,0,126,137,1764,1918,1,100,30331,207412,0,11,1,115,115,ELECTION,0,0,126,14,8,230,7,11,119,126,22,0,0,0,0
240589,45,bully,7030,0,0,0,126,137,1764,1918,1,100,30258,207963,0,11,1,115,115,ELECTION,0,0,126,14,8,230,7,11,119,126,22,0,0,0,0
240995,79,bully,9041,0,0,0,124,135,1736,1890,1,100,30326,206337,0,12,3,113,113,ELECTION,0,0,124,14,8,226,7,11,117,124,22,0,0,0,0
240383,71,bully,8021,0,0,0,126,137,1764,1918,1,100,30335,206668,0,11,1,115,115,ELECTION,0,0,126,14,8,230,7,11,119,126,22,0,0,0,0
240468,16,bully,5502,0,0,0,127,137,1778,1918,1,100,30331,209329,0,10,1,117,117,ELECTION,0,0,127,14,6,234,7,10,120,127,20,0,0,0,0
241005,30,bully,6716,0,0,0,127,137,1778,1918,1,100,30316,208674,0,10,1,117,117,ELECTION,0,0,127,14,6,234,7,10,120,127,20,0,0,0,0
240656,65,bully,7956,0,0,0,126,137,1764,1918,1,100,30342,207014,0,11,1,115,115,ELECTION,0,0,126,14,8,230,7,11,119,126,22,0,0,0,0
240914,91,bully,8867,0,0,0,124,135,1736,1890,1,100,30994,205885,0,12,2,113,113,ELECTION,0,0,124,14,8,226,7,11,117,124,22,0,0,0,0
241268,73,bully,8929,0,0,0,125,136,1750,1904,1,100,30324,206695,0,12,2,114,114,ELECTION,0,0,125,14,8,228,7,11,118,125,22,0,0,0,0
241080,24,bully,6447,0,0,0,127,137,1778,1918,1,100,30288,209113,0,10,1,117,117,ELECTION,0,0,127,14,6,234,7,10,120,127,20,0,0,0,0
240813,19,bully,5884,0,0,0,127,137,1778,1918,1,100,30334,209251,0,10,1,117,117,ELECTION,0,0,127,14,6,234,7,10,120,127,20,0,0,0,0
240686,1,bully,4915,0,0,0,128,144,1792,2016,1,100,235678,4788,0,16,1,117,117,NORMAL,0,0,128,16,6,234,8,16,125,128,22,0,0,0,0
241298,9,bully,5897,0,0,0,128,139,1792,1946,1,100,30287,209843,0,11,1,117,117,ELECTION,0,0,128,16,6,234,8,11,120,128,22,0,0,0,0
240889,18,bully,5881,0,0,0,127,137,1778,1918,1,100,30325,209358,0,10,1,117,117,ELECTION,0,0,127,14,6,234,7,10,120,127,20,0,0,0,0
240884,12,bully,5505,0,0,0,128,139,1792,1946,1,100,30313,209705,0,11,1,117,117,ELECTION,0,0,128,16,6,234,8,11,120,128,22,0,0,0,0
240520,68,bully,7822,0,0,0,126,137,1764,1918,1,100,30356,207000,0,11,1,115,115,ELECTION,0,0,126,14,8,230,7,11,119,126,22,0,0,0,0
240741,10,bully,5321,0,0,0,128,139,1792,1946,1,100,30298,209844,0,11,1,117,117,ELECTION,0,0,128,16,6,234,8,11,120,128,22,0,0,0,0
241413,34,bully,7061,0,0,0,127,138,1778,1932,1,100,30390,208629,0,11,1,116,116,ELECTION,0,0,127,14,8,232,7,11,120,127,22,0,0,0,0
241010,47,bully,7247,0,0,0,126,137,1764,1918,1,100,30271,208088,0,11,1,115,115,ELECTION,0,0,126,14,8,230,7,11,119,126,22,0,0,0,0
241501,26,bully,6703,0,0,0,127,137,1778,1918,1,100,30259,209268,0,10,1,117,117,ELECTION,0,0,127,14,6,234,7,10,120,127,20,0,0,0,0
240814,53,bully,7161,0,0,0,126,137,1764,1918,1,100,30321,207942,0,11,1,115,115,ELECTION,0,0,126,14,8,230,7,11,119,126,22,0,0,0,0
241065,56,bully,7568,0,0,0,126,137,1764,1918,1,100,30321,207782,0,11,1,115,115,ELECTION,0,0,126,14,8,230,7,11,119,126,22,0,0,0,0
241365,29,bully,6618,0,0,0,127,137,1778,1918,1,100,30307,209135,0,10,1,117,117,ELECTION,0,0,127,14,6,234,7,10,120,127,20,0,0,0,0
241471,90,bully,8993,0,0,0,125,136,1750,1904,1,100,31013,206300,0,12,2,114,114,ELECTION,0,0,125,14,8,228,7,11,118,125,22,0,0,0,0
241260,77,bully,8753,0,0,0,125,136,1750,1904,1,100,30337,206869,0,12,2,114,114,ELECTION,0,0,125,14,8,228,7,11,118,125,22,0,0,0,0
241217,21,bully,6096,0,0,0,127,137,1778,1918,1,100,30290,209535,0,10,1,117,117,ELECTION,0,0,127,14,6,234,7,10,120,127,20,0,0,0,0
241050,88,bully,8433,0,0,0,125,136,1750,1904,1,100,30971,206430,0,12,2,114,114,ELECTION,0,0,125,14,8,228,7,11,118,125,22,0,0,0,0
241025,15,bully,5508,0,0,0,127,137,1778,1918,1,100,30328,209854,0,10,1,117,117,ELECTION,0,0,127,14,6,234,7,10,120,127,20,0,0,0,0
241623,76,bully,8979,0,0,0,125,136,1750,1904,1,100,30343,206993,0,12,2,114,114,ELECTION,0,0,125,14,8,228,7,11,118,125,22,0,0,0,0
240859,82,bully,8440,0,0,0,125,136,1750,1904,1,100,30283,206866,0,12,2,114,114,ELECTION,0,0,125,14,8,228,7,11,118,125,22,0,0,0,0
241187,85,bully,8868,0,0,0,125,136,1750,1904,1,100,30319,206737,0,12,2,114,114,ELECTION,0,0,125,14,8,228,7,11,118,125,22,0,0,0,0
241880,81,bully,9351,0,0,0,125,136,1750,1904,1,100,30303,206917,0,12,2,114,114,ELECTION,0,0,125,14,8,228,7,11,118,125,22,0,0,0,0
241147,44,bully,6804,0,0,0,126,137,1764,1918,1,100,30288,208706,0,11,1,115,115,ELECTION,0,0,126,14,8,230,7,11,119,126,22,0,0,0,0
240944,27,bully,5851,0,0,0,127,137,1778,1918,1,100,30272,209562,0,10,1,117,117,ELECTION,0,0,127,14,6,234,7,10,120,127,20,0,0,0,0
240935,64,bully,7513,0,0,0,126,137,1764,1918,1,100,30325,207729,0,11,1,115,115,ELECTION,0,0,126,14,8,230,7,11,119,126,22,0,0,0,0
241435,6,bully,5219,0,0,0,129,140,1806,1960,1,100,30293,210609,0,11,0,118,118,ELECTION,0,0,129,16,6,236,8,11,121,129,22,0,0,0,0
241283,41,bully,6724,0,0,0,127,138,1778,1932,1,100,30291,208927,0,11,1,116,116,ELECTION,0,0,127,14,8,232,7,11,120,127,22,0,0,0,0
241202,28,bully,6060,0,0,0,127,137,1778,1918,1,100,30293,209609,0,10,1,117,117,ELECTION,0,0,127,14,6,234,7,10,120,127,20,0,0,0,0
241689,75,bully,8651,0,0,0,125,136,1750,1904,1,100,30375,207322,0,12,2,114,114,ELECTION,0,0,125,14,8,228,7,11,118,125,22,0,0,0,0
241350,61,bully,7649,0,0,0,126,137,1764,1918,1,100,30315,208000,0,11,1,115,115,ELECTION,0,0,126,14,8,230,7,11,119,126,22,0,0,0,0
241183,37,bully,6337,0,0,0,127,138,1778,1932,1,100,30316,209188,0,11,1,116,116,ELECTION,0,0,127,14,8,232,7,11,120,127,22,0,0,0,0
241238,17,bully,5433,0,0,0,128,138,1792,1932,1,100,30313,210191,0,10,1,118,118,ELECTION,0,0,128,14,6,236,7,10,121,128,20,0,0,0,0
241405,70,bully,8054,0,0,0,126,137,1764,1918,1,100,30334,207656,0,11,1,115,115,ELECTION,0,0,126,14,8,230,7,11,119,126,22,0,0,0,0
241895,49,bully,7546,0,0,0,126,137,1764,1918,1,100,30278,208702,0,11,1,115,115,ELECTION,0,0,126,14,8,230,7,11,119,126,22,0,0,0,0
241993,94,bully,9129,0,0,0,126,138,1764,1932,1,100,30924,206744,0,13,2,114,114,ELECTION,0,0,126,16,8,228,8,12,118,126,24,1,0,0,0
241213,96,bully,8455,1,0,0,487,502,6818,7028,3,100,131898,105661,0,18,2,472,472,NORMAL,0,0,487,20,10,944,10,15,477,487,30,1,0,0,0
241744,84,bully,9040,0,0,0,125,136,1750,1904,1,100,30299,207163,0,12,2,114,114,ELECTION,0,0,125,14,8,228,7,11,118,125,22,0,0,0,0
241856,8,bully,5478,0,0,0,129,140,1806,1960,1,100,30311,210780,0,11,0,118,118,ELECTION,0,0,129,16,6,236,8,11,121,129,22,0,0,0,0
241759,52,bully,7415,0,0,0,126,137,1764,1918,1,100,30316,208629,0,11,1,115,115,ELECTION,0,0,126,14,8,230,7,11,119,126,22,0,0,0,0
241638,23,bully,6006,0,0,0,128,138,1792,1932,1,100,30284,210105,0,10,1,118,118,ELECTION,0,0,128,14,6,236,7,10,121,128,20,0,0,0,0
241486,58,bully,7387,0,0,0,126,137,1764,1918,1,100,30344,208355,0,11,1,115,115,ELECTION,0,0,126,14,8,230,7,11,119,126,22,0,0,0,0
241335,93,bully,8312,1,0,0,126,137,1764,1918,1,100,30992,206835,0,13,2,114,114,ELECTION,0,0,126,16,8,228,7,11,118,125,24,0,0,0,0
241692,32,bully,6364,0,0,0,128,138,1792,1932,1,100,30373,209635,0,10,1,118,118,ELECTION,0,0,128,14,6,236,7,10,121,128,20,0,0,0,0
241526,99,bully,7866,1,0,0,23,33,322,462,1,100,27430,210798,0,12,53,12,12,ELECTION,0,0,23,16,6,24,7,10,15,22,22,0,0,0,0
241498,72,bully,8030,0,0,0,126,137,1764,1918,1,100,30325,207811,0,11,1,115,115,ELECTION,0,0,126,14,8,230,7,11,119,126,22,0,0,0,0
241556,35,bully,6309,0,0,0,128,139,1792,1946,1,100,30382,209529,0,11,1,117,117,ELECTION,0,0,128,14,8,234,7,11,121,128,22,0,0,0,0
241719,11,bully,5307,0,0,0,129,140,1806,1960,1,100,30307,210790,0,11,0,118,118,ELECTION,0,0,129,16,6,236,8,11,121,129,22,0,0,0,0
241541,67,bully,7792,0,0,0,126,137,1764,1918,1,100,30342,208096,0,11,1,115,115,ELECTION,0,0,126,14,8,230,7,11,119,126,22,0,0,0,0
241608,87,bully,8067,0,0,0,125,136,1750,1904,1,100,30944,207388,0,12,2,114,114,ELECTION,0,0,125,14,8,228,7,11,118,125,22,0,0,0,0
241704,43,bully,6630,0,0,0,127,138,1778,1932,1,100,30290,209418,0,11,1,116,116,ELECTION,0,0,127,14,8,232,7,11,120,127,22,0,0,0,0
241992,5,bully,5042,0,0,0,129,140,1806,1960,1,100,30297,211338,0,11,0,118,118,ELECTION,0,0,129,16,6,236,8,11,121,129,22,0,0,0,0
241841,40,bully,6571,0,0,0,128,139,1792,1946,1,100,30301,209590,0,11,1,117,117,ELECTION,0,0,128,14,8,234,7,11,121,128,22,0,0,0,0
241962,69,bully,7947,0,0,0,126,137,1764,1918,1,100,30312,208374,0,11,1,115,115,ELECTION,0,0,126,14,8,230,7,11,119,126,22,0,0,0,0
241977,83,bully,8572,0,0,0,125,136,1750,1904,1,100,30300,207844,0,12,2,114,114,ELECTION,0,0,125,14,8,228,7,11,118,125,22,0,0,0,0
250084,98,bully,8601,3,1,4517,22,31,308,434,1,100,27456,218544,0,11,56,12,12,ELECTION,0,3,23,14,6,24,5,9,16,21,20,0,0,0,0
250113,13,bully,6073,0,0,0,132,143,1848,2002,1,100,30285,218432,0,11,1,122,122,ELECTION,0,0,132,14,6,244,8,11,125,133,20,0,0,0,0
250165,86,bully,8907,1,1,4742,129,140,1806,1960,1,100,31004,214996,0,12,3,118,118,ELECTION,0,2,130,14,8,236,7,11,122,129,22,0,0,0,0
250128,2,bully,5503,0,0,0,133,144,1862,2016,1,100,30285,219030,0,11,1,122,122,ELECTION,0,0,133,16,6,244,8,11,125,133,22,0,0,0,0
250015,4,bully,5385,0,0,0,133,144,1862,2016,1,100,30326,218957,0,11,1,122,122,ELECTION,0,0,133,16,6,244,8,11,125,133,22,0,0,0,0
250195,22,bully,6345,0,0,0,132,142,1848,1988,1,100,30267,218345,0,10,1,122,122,ELECTION,0,0,132,14,6,244,7,10,125,132,20,0,0,0,0
250355,38,bully,7025,0,0,0,132,143,1848,2002,1,100,30315,217651,0,11,1,121,121,ELECTION,0,0,132,14,8,242,7,11,125,132,22,0,0,0,0
250316,51,bully,7554,0,0,0,130,141,1820,1974,1,100,30299,217060,0,11,1,119,119,ELECTION,0,0,130,14,8,238,7,11,123,130,22,0,0,0,0
250017,78,bully,8490,0,0,0,129,140,1806,1960,1,100,30350,215877,0,12,3,118,118,ELECTION,0,0,129,14,8,236,7,11,122,129,22,0,0,0,0
250534,36,bully,6992,0,0,0,132,143,1848,2002,1,100,30358,217856,0,11,1,121,121,ELECTION,0,0,132,14,8,242,7,11,125,132,22,0,0,0,0
250711,74,bully,8917,0,0,0,129,140,1806,1960,1,100,30354,216090,0,12,3,118,118,ELECTION,0,0,129,14,8,236,7,11,122,129,22,0,0,0,0
250549,3,bully,5375,0,0,0,133,144,1862,2016,1,100,30259,219604,0,11,1,122,122,ELECTION,0,0,133,16,6,244,8,11,125,133,22,0,0,0,0
250032,46,bully,6870,0,0,0,131,142,1834,1988,1,100,30280,217495,0,11,1,120,120,ELECTION,0,0,131,14,8,240,7,11,124,131,22,0,0,0,0
250029,89,bully,8313,0,0,0,129,140,1806,1960,1,100,30983,215565,0,12,3,118,118,ELECTION,0,0,129,14,8,236,7,11,122,129,22,0,0,0,0
250726,42,bully,7368,0,0,0,131,142,1834,1988,1,100,30285,217740,0,11,1,120,120,ELECTION,0,0,131,14,8,240,7,11,124,131,22,0,0,0,0
250331,95,bully,8874,1,0,0,130,142,1820,1988,1,100,26883,219352,0,14,3,117,117,ELECTION,0,0,130,18,8,234,8,12,121,129,26,0,0,0,0
250506,100,bully,5174,1,1,4669,138,34,1932,476,1,100,30303,219698,0,11,1,122,12,ELECTION,0,15,138,16,16,244,8,11,15,23,22,0,0,0,0
250250,31,bully,6305,0,0,0,132,142,1848,1988,1,100,30342,218298,0,10,1,122,122,ELECTION,0,0,132,14,6,244,7,10,125,132,20,0,0,0,0
250574,59,bully,7869,0,0,0,130,141,1820,1974,1,100,30352,216947,0,11,1,119,119,ELECTION,0,0,130,14,8,238,7,11,123,130,22,0,0,0,0
250877,7,bully,5725,0,0,0,133,144,1862,2016,1,100,30293,219553,0,11,1,122,122,ELECTION,0,0,133,16,6,244,8,11,125,133,22,0,0,0,0
250047,14,bully,5201,0,0,0,132,142,1848,1988,1,100,30328,219176,0,10,1,122,122,ELECTION,0,0,132,14,6,244,7,10,125,132,20,0,0,0,0
250862,39,bully,7245,0,0,0,132,143,1848,2002,1,100,30266,218015,0,11,1,121,121,ELECTION,0,0,132,14,8,242,7,11,125,132,22,0,0,0,0
250044,57,bully,7219,0,0,0,130,141,1820,1974,1,100,30334,217084,0,11,1,119,119,ELECTION,0,0,130,14,8,238,7,11,123,130,22,0,0,0,0
250235,63,bully,7725,0,0,0,130,141,1820,1974,1,100,30315,216849,0,11,1,119,119,ELECTION,0,0,130,14,8,238,7,11,123,130,22,0,0,0,0
250777,20,bully,6262,0,0,0,132,142,1848,1988,1,100,30291,218928,0,10,1,122,122,ELECTION,0,0,132,14,6,244,7,10,125,132,20,0,0,0,0
250438,80,bully,8730,0,0,0,129,140,1806,1960,1,100,30328,216063,0,12,3,118,118,ELECTION,0,0,129,14,8,236,7,11,122,129,22,0,0,0,0
250453,48,bully,7204,0,0,0,131,142,1834,1988,1,100,30276,217613,0,11,1,120,120,ELECTION,0,0,131,14,8,240,7,11,124,131,22,0,0,0,0
250641,97,bully,9134,1,2,106511,485,500,6790,7000,3,100,144769,101552,0,17,3,476,476,LEADER,1,4,486,8,10,952,10,15,481,491,18,101,101,7,101
250807,66,bully,8394,0,0,0,130,141,1820,1974,1,100,30333,216755,0,11,1,119,119,ELECTION,0,0,130,14,8,238,7,11,123,130,22,0,0,0,0
250792,62,bully,8155,0,0,0,130,141,1820,1974,1,100,30303,216984,0,11,1,119,119,ELECTION,0,0,130,14,8,238,7,11,123,130,22,0,0,0,0
250874,50,bully,7663,0,0,0,131,142,1834,1988,1,100,30305,217539,0,11,1,120,120,ELECTION,0,0,131,14,8,240,7,11,124,131,22,0,0,0,0
250356,92,bully,8534,0,0,0,129,140,1806,1960,1,100,30991,215667,0,12,3,118,118,ELECTION,0,0,129,14,8,236,7,11,122,129,22,0,0,0,0
251018,55,bully,7968,0,0,0,131,142,1834,1988,1,100,30331,217316,0,11,1,120,120,ELECTION,0,0,131,14,8,240,7,11,124,131,22,0,0,0,0
250371,60,bully,7582,0,0,0,131,142,1834,1988,1,100,30323,217082,0,11,1,120,120,ELECTION,0,0,131,14,8,240,7,11,124,131,22,0,0,0,0
250671,33,bully,6605,0,0,0,131,141,1834,1974,1,100,30385,218355,0,10,1,121,121,ELECTION,0,0,131,14,6,242,7,10,124,131,20,1,0,0,0
250523,25,bully,6115,0,0,0,132,142,1848,1988,1,100,30294,218870,0,10,1,122,122,ELECTION,0,0,132,14,6,244,7,10,125,132,20,0,0,0,0
250180,54,bully,7039,0,0,0,131,142,1834,1988,1,100,30331,217412,0,11,1,120,120,ELECTION,0,0,131,14,8,240,7,11,124,131,22,0,0,0,0
250589,45,bully,7030,0,0,0,131,142,1834,1988,1,100,30258,217963,0,11,1,120,120,ELECTION,0,0,131,14,8,240,7,11,124,131,22,0,0,0,0
250995,79,bully,9041,0,0,0,129,140,1806,1960,1,100,30326,216337,0,12,3,118,118,ELECTION,0,0,129,14,8,236,7,11,122,129,22,0,0,0,0
250383,71,bully,8021,0,0,0,130,141,1820,1974,1,100,30335,216668,0,11,1,119,119,ELECTION,0,0,130,14,8,238,7,11,123,130,22,0,0,0,0
250468,16,bully,5502,0,0,0,132,142,1848,1988,1,100,30331,219329,0,10,1,122,122,ELECTION,0,0,132,14,6,244,7,10,125,132,20,0,0,0,0
251005,30,bully,6716,0,0,0,132,142,1848,1988,1,100,30316,218674,0,10,1,122,122,ELECTION,0,0,132,14,6,244,7,10,125,132,20,0,0,0,0
250656,65,bully,7956,0,0,0,131,142,1834,1988,1,100,30342,217014,0,11,1,120,120,ELECTION,0,0,131,14,8,240,7,11,124,131,22,0,0,0,0
250914,91,bully,8867,0,0,0,129,140,1806,1960,1,100,30994,215885,0,12,2,118,118,ELECTION,0,0,129,14,8,236,7,11,122,129,22,0,0,0,0
251268,73,bully,8929,0,0,0,129,140,1806,1960,1,100,30324,216695,0,12,2,118,118,ELECTION,0,0,129,14,8,236,7,11,122,129,22,0,0,0,0
251080,24,bully,6447,0,0,0,132,142,1848,1988,1,100,30288,219113,0,10,1,122,122,ELECTION,0,0,132,14,6,244,7,10,125,132,20,0,0,0,0
250813,19,bully,5884,0,0,0,132,142,1848,1988,1,100,30334,219251,0,10,1,122,122,ELECTION,0,0,132,14,6,244,7,10,125,132,20,0,0,0,0
250686,1,bully,4915,0,0,0,133,149,1862,2086,1,100,245678,4788,0,16,1,122,122,NORMAL,0,0,133,16,6,244,8,16,130,133,22,0,0,0,0
251298,9,bully,5897,0,0,0,133,144,1862,2016,1,100,30287,219843,0,11,1,122,122,ELECTION,0,0,133,16,6,244,8,11,125,133,22,0,0,0,0
250889,18,bully,5881,0,0,0,132,142,1848,1988,1,100,30325,219358,0,10,1,122,122,ELECTION,0,0,132,14,6,244,7,10,125,132,20,0,0,0,0
250884,12,bully,5505,0,0,0,133,144,1862,2016,1,100,30313,219705,0,11,1,122,122,ELECTION,0,0,133,16,6,244,8,11,125,133,22,0,0,0,0
250520,68,bully,7822,0,0,0,131,142,1834,1988,1,100,30356,217000,0,11,1,120,120,ELECTION,0,0,131,14,8,240,7,11,124,131,22,0,0,0,0
250741,10,bully,5321,0,0,0,133,144,1862,2016,1,100,30298,219844,0,11,1,122,122,ELECTION,0,0,133,16,6,244,8,11,125,133,22,0,0,0,0
251413,34,bully,7061,0,0,0,132,143,1848,2002,1,100,30390,218629,0,11,1,121,121,ELECTION,0,0,132,14,8,242,7,11,125,132,22,0,0,0,0
251010,47,bully,7247,0,0,0,131,142,1834,1988,1,100,30271,218088,0,11,1,120,120,ELECTION,0,0,131,14,8,240,7,11,124,131,22,0,0,0,0
251501,26,bully,6703,0,0,0,132,142,1848,1988,1,100,30259,219268,0,10,1,122,122,ELECTION,0,0,132,14,6,244,7,10,125,132,20,0,0,0,0
250814,53,bully,7161,0,0,0,131,142,1834,1988,1,100,30321,217942,0,11,1,120,120,ELECTION,0,0,131,14,8,240,7,11,124,131,22,0,0,0,0
251065,56,bully,7568,0,0,0,131,142,1834,1988,1,100,30321,217782,0,11,1,120,120,ELECTION,0,0,131,14,8,240,7,11,124,131,22,0,0,0,0
251365,29,bully,6618,0,0,0,132,142,1848,1988,1,100,30307,219135,0,10,1,122,122,ELECTION,0,0,132,14,6,244,7,10,125,132,20,0,0,0,0
251471,90,bully,8993,0,0,0,129,140,1806,1960,1,100,31013,216300,0,12,2,118,118,ELECTION,0,0,129,14,8,236,7,11,122,129,22,0,0,0,0
251260,77,bully,8753,0,0,0,130,141,1820,1974,1,100,30337,216869,0,12,2,119,119,ELECTION,0,0,130,14,8,238,7,11,123,130,22,0,0,0,0
251217,21,bully,6096,0,0,0,132,142,1848,1988,1,100,30290,219535,0,10,1,122,122,ELECTION,0,0,132,14,6,244,7,10,125,132,20,0,0,0,0
251050,88,bully,8433,0,0,0,129,140,1806,1960,1,100,30971,216430,0,12,2,118,118,ELECTION,0,0,129,14,8,236,7,11,122,129,22,0,0,0,0
251025,15,bully,5508,0,0,0,132,142,1848,1988,1,100,30328,219854,0,10,1,122,122,ELECTION,0,0,132,14,6,244,7,10,125,132,20,0,0,0,0
251623,76,bully,8979,0,0,0,130,141,1820,1974,1,100,30343,216993,0,12,2,119,119,ELECTION,0,0,130,14,8,238,7,11,123,130,22,0,0,0,0
250859,82,bully,8440,0,0,0,130,141,1820,1974,1,100,30283,216866,0,12,2,119,119,ELECTION,0,0,130,14,8,238,7,11,123,130,22,0,0,0,0
251187,85,bully,8868,0,0,0,130,141,1820,1974,1,100,30319,216737,0,12,2,119,119,ELECTION,0,0,130,14,8,238,7,11,123,130,22,0,0,0,0
251880,81,bully,9351,0,0,0,130,141,1820,1974,1,100,30303,216917,0,12,2,119,119,ELECTION,0,0,130,14,8,238,7,11,123,130,22,0,0,0,0
251147,44,bully,6804,0,0,0,131,142,1834,1988,1,100,30288,218706,0,11,1,120,120,ELECTION,0,0,131,14,8,240,7,11,124,131,22,0,0,0,0
250944,27,bully,5851,0,0,0,132,142,1848,1988,1,100,30272,219562,0,10,1,122,122,ELECTION,0,0,132,14,6,244,7,10,125,132,20,0,0,0,0
250935,64,bully,7513,0,0,0,131,142,1834,1988,1,100,30325,217729,0,11,1,120,120,ELECTION,0,0,131,14,8,240,7,11,124,131,22,0,0,0,0
251435,6,bully,5219,0,0,0,134,145,1876,2030,1,100,30293,220609,0,11,0,123,123,ELECTION,0,0,134,16,6,246,8,11,126,134,22,0,0,0,0
251283,41,bully,6724,0,0,0,132,143,1848,2002,1,100,30291,218927,0,11,1,121,121,ELECTION,0,0,132,14,8,242,7,11,125,132,22,0,0,0,0
251202,28,bully,6060,0,0,0,132,142,1848,1988,1,100,30293,219609,0,10,1,122,122,ELECTION,0,0,132,14,6,244,7,10,125,132,20,0,0,0,0
251689,75,bully,8651,0,0,0,130,141,1820,1974,1,100,30375,217322,0,12,2,119,119,ELECTION,0,0,130,14,8,238,7,11,123,130,22,0,0,0,0
251350,61,bully,7649,0,0,0,131,142,1834,1988,1,100,30315,218000,0,11,1,120,120,ELECTION,0,0,131,14,8,240,7,11,124,131,22,0,0,0,0
251183,37,bully,6337,0,0,0,132,143,1848,2002,1,100,30316,219188,0,11,1,121,121,ELECTION,0,0,132,14,8,242,7,11,125,132,22,0,0,0,0
251238,17,bully,5433,0,0,0,133,143,1862,2002,1,100,30313,220191,0,10,1,123,123,ELECTION,0,0,133,14,6,246,7,10,126,133,20,0,0,0,0
251405,70,bully,8054,0,0,0,131,142,1834,1988,1,100,30334,217656,0,11,1,120,120,ELECTION,0,0,131,14,8,240,7,11,124,131,22,0,0,0,0
251895,49,bully,7546,0,0,0,131,142,1834,1988,1,100,30278,218702,0,11,1,120,120,ELECTION,0,0,131,14,8,240,7,11,124,131,22,0,0,0,0
251993,94,bully,9129,0,0,0,131,143,1834,2002,1,100,30924,216744,0,13,2,119,119,ELECTION,0,0,131,16,8,238,8,12,123,131,24,1,0,0,0
251213,96,bully,8455,1,0,0,492,507,6888,7098,3,100,141898,105661,0,18,2,477,477,NORMAL,0,0,492,20,10,954,10,15,482,492,30,1,0,0,0
251744,84,bully,9040,0,0,0,130,141,1820,1974,1,100,30299,217163,0,12,2,119,119,ELECTION,0,0,130,14,8,238,7,11,123,130,22,0,0,0,0
251856,8,bully,5478,0,0,0,134,145,1876,2030,1,100,30311,220780,0,11,0,123,123,ELECTION,0,0,134,16,6,246,8,11,126,134,22,0,0,0,0
251759,52,bully,7415,0,0,0,131,142,1834,1988,1,100,30316,218629,0,11,1,120,120,ELECTION,0,0,131,14,8,240,7,11,124,131,22,0,0,0,0
251638,23,bully,6006,0,0,0,133,143,1862,2002,1,100,30284,220105,0,10,1,123,123,ELECTION,0,0,133,14,6,246,7,10,126,133,20,0,0,0,0
251486,58,bully,7387,0,0,0,131,142,1834,1988,1,100,30344,218355,0,11,1,120,120,ELECTION,0,0,131,14,8,240,7,11,124,131,22,0,0,0,0
251335,93,bully,8312,1,0,0,131,142,1834,1988,1,100,30992,216835,0,13,2,119,119,ELECTION,0,0,131,16,8,238,7,11,123,130,24,0,0,0,0
251692,32,bully,6364,0,0,0,133,143,1862,2002,1,100,30373,219635,0,10,1,123,123,ELECTION,0,0,133,14,6,246,7,10,126,133,20,0,0,0,0
251526,99,bully,7866,1,0,0,23,33,322,462,1,100,27430,220798,0,12,56,12,12,ELECTION,0,0,23,16,6,24,7,10,15,22,22,0,0,0,0
251498,72,bully,8030,0,0,0,131,142,1834,1988,1,100,30325,217811,0,11,1,120,120,ELECTION,0,0,131,14,8,240,7,11,124,131,22,0,0,0,0
251556,35,bully,6309,0,0,0,133,144,1862,2016,1,100,30382,219529,0,11,1,122,122,ELECTION,0,0,133,14,8,244,7,11,126,133,22,0,0,0,0
251719,11,bully,5307,0,0,0,134,145,1876,2030,1,100,30307,220790,0,11,0,123,123,ELECTION,0,0,134,16,6,246,8,11,126,134,22,0,0,0,0
251541,67,bully,7792,0,0,0,131,142,1834,1988,1,100,30342,218096,0,11,1,120,120,ELECTION,0,0,131,14,8,240,7,11,124,131,22,0,0,0,0
251608,87,bully,8067,0,0,0,130,141,1820,1974,1,100,30944,217388,0,12,2,119,119,ELECTION,0,0,130,14,8,238,7,11,123,130,22,0,0,0,0
251704,43,bully,6630,0,0,0,132,143,1848,2002,1,100,30290,219418,0,11,1,121,121,ELECTION,0,0,132,14,8,242,7,11,125,132,22,0,0,0,0
251992,5,bully,5042,0,0,0,134,145,1876,2030,1,100,30297,221338,0,11,0,123,123,ELECTION,0,0,134,16,6,246,8,11,126,134,22,0,0,0,0
251841,40,bully,6571,0,0,0,133,144,1862,2016,1,100,30301,219590,0,11,1,122,122,ELECTION,0,0,133,14,8,244,7,11,126,133,22,0,0,0,0
251962,69,bully,7947,0,0,0,131,142,1834,1988,1,100,30312,218374,0,11,1,120,120,ELECTION,0,0,131,14,8,240,7,11,124,131,22,0,0,0,0
251977,83,bully,8572,0,0,0,130,141,1820,1974,1,100,30300,217844,0,12,2,119,119,ELECTION,0,0,130,14,8,238,7,11,123,130,22,0,0,0,0
260084,98,bully,8601,3,1,4517,22,31,308,434,1,100,27456,228544,0,11,59,12,12,ELECTION,0,3,23,14,6,24,5,9,16,21,20,0,0,0,0
260113,13,bully,6073,0,0,0,137,148,1918,2072,1,100,30285,228432,0,11,1,127,127,ELECTION,0,0,137,14,6,254,8,11,130,138,20,0,0,0,0
260165,86,bully,8907,1,1,4742,134,145,1876,2030,1,100,31004,224996,0,12,3,123,123,ELECTION,0,2,135,14,8,246,7,11,127,134,22,0,0,0,0
260128,2,bully,5503,0,0,0,138,149,1932,2086,1,100,30285,229030,0,11,1,127,127,ELECTION,0,0,138,16,6,254,8,11,130,138,22,0,0,0,0
260015,4,bully,5385,0,0,0,138,149,1932,2086,1,100,30326,228957,0,11,1,127,127,ELECTION,0,0,138,16,6,254,8,11,130,138,22,0,0,0,0
260195,22,bully,6345,0,0,0,137,147,1918,2058,1,100,30267,228345,0,10,1,127,127,ELECTION,0,0,137,14,6,254,7,10,130,137,20,0,0,0,0
260355,38,bully,7025,0,0,0,137,148,1918,2072,1,100,30315,227651,0,11,1,126,126,ELECTION,0,0,137,14,8,252,7,11,130,137,22,0,0,0,0
260316,51,bully,7554,0,0,0,135,146,1890,2044,1,100,30299,227060,0,11,1,124,124,ELECTION,0,0,135,14,8,248,7,11,128,135,22,0,0,0,0
260017,78,bully,8490,0,0,0,134,145,1876,2030,1,100,30350,225877,0,12,3,123,123,ELECTION,0,0,134,14,8,246,7,11,127,134,22,0,0,0,0
260534,36,bully,6992,0,0,0,137,148,1918,2072,1,100,30358,227856,0,11,1,126,126,ELECTION,0,0,137,14,8,252,7,11,130,137,22,0,0,0,0
260711,74,bully,8917,0,0,0,134,145,1876,2030,1,100,30354,226090,0,12,3,123,123,ELECTION,0,0,134,14,8,246,7,11,127,134,22,0,0,0,0
260549,3,bully,5375,0,0,0,138,149,1932,2086,1,100,30259,229604,0,11,1,127,127,ELECTION,0,0,138,16,6,254,8,11,130,138,22,0,0,0,0
260032,46,bully,6870,0,0,0,136,147,1904,2058,1,100,30280,227495,0,11,1,125,125,ELECTION,0,0,136,14,8,250,7,11,129,136,22,0,0,0,0
260029,89,bully,8313,0,0,0,134,145,1876,2030,1,100,30983,225565,0,12,3,123,123,ELECTION,0,0,134,14,8,246,7,11,127,134,22,0,0,0,0
260726,42,bully,7368,0,0,0,136,147,1904,2058,1,100,30285,227740,0,11,1,125,125,ELECTION,0,0,136,14,8,250,7,11,129,136,22,0,0,0,0
260331,95,bully,8874,1,0,0,135,147,1890,2058,1,100,26883,229352,0,14,3,122,122,ELECTION,0,0,135,18,8,244,8,12,126,134,26,0,0,0,0
260506,100,bully,5174,1,1,4669,143,34,2002,476,1,100,30303,229698,0,11,1,127,12,ELECTION,0,15,143,16,16,254,8,11,15,23,22,0,0,0,0
260250,31,bully,6305,0,0,0,137,147,1918,2058,1,100,30342,228298,0,10,1,127,127,ELECTION,0,0,137,14,6,254,7,10,130,137,20,0,0,0,0
260574,59,bully,7869,0,0,0,136,147,1904,2058,1,100,30352,226947,0,11,1,125,125,ELECTION,0,0,136,14,8,250,7,11,129,136,22,0,0,0,0
260877,7,bully,5725,0,0,0,138,149,1932,2086,1,100,30293,229553,0,11,1,127,127,ELECTION,0,0,138,16,6,254,8,11,130,138,22,0,0,0,0
260047,14,bully,5201,0,0,0,137,147,1918,2058,1,100,30328,229176,0,10,1,127,127,ELECTION,0,0,137,14,6,254,7,10,130,137,20,0,0,0,0
260862,39,bully,7245,0,0,0,137,148,1918,2072,1,100,30266,228015,0,11,1,126,126,ELECTION,0,0,137,14,8,252,7,11,130,137,22,0,0,0,0
260044,57,bully,7219,0,0,0,136,147,1904,2058,1,100,30334,227084,0,11,1,125,125,ELECTION,0,0,136,14,8,250,7,11,129,136,22,0,0,0,0
260235,63,bully,7725,0,0,0,135,146,1890,2044,1,100,30315,226849,0,11,1,124,124,ELECTION,0,0,135,14,8,248,7,11,128,135,22,0,0,0,0
260777,20,bully,6262,0,0,0,137,147,1918,2058,1,100,30291,228928,0,10,1,127,127,ELECTION,0,0,137,14,6,254,7,10,130,137,20,0,0,0,0
260438,80,bully,8730,0,0,0,134,145,1876,2030,1,100,30328,226063,0,12,3,123,123,ELECTION,0,0,134,14,8,246,7,11,127,134,22,0,0,0,0
260453,48,bully,7204,0,0,0,136,147,1904,2058,1,100,30276,227613,0,11,1,125,125,ELECTION,0,0,136,14,8,250,7,11,129,136,22,0,0,0,0
260641,97,bully,9134,1,2,106511,490,505,6860,7070,3,100,154769,101552,0,17,3,481,481,LEADER,1,4,491,8,10,962,10,15,486,496,18,101,101,7,101
260807,66,bully,8394,0,0,0,135,146,1890,2044,1,100,30333,226755,0,11,1,124,124,ELECTION,0,0,135,14,8,248,7,11,128,135,22,0,0,0,0
260792,62,bully,8155,0,0,0,136,147,1904,2058,1,100,30303,226984,0,11,1,125,125,ELECTION,0,0,136,14,8,250,7,11,129,136,22,0,0,0,0
260874,50,bully,7663,0,0,0,136,147,1904,2058,1,100,30305,227539,0,11,1,125,125,ELECTION,0,0,136,14,8,250,7,11,129,136,22,0,0,0,0
260356,92,bully,8534,0,0,0,134,145,1876,2030,1,100,30991,225667,0,12,3,123,123,ELECTION,0,0,134,14,8,246,7,11,127,134,22,0,0,0,0
261018,55,bully,7968,0,0,0,136,147,1904,2058,1,100,30331,227316,0,11,1,125,125,ELECTION,0,0,136,14,8,250,7,11,129,136,22,0,0,0,0
260371,60,bully,7582,0,0,0,136,147,1904,2058,1,100,30323,227082,0,11,1,125,125,ELECTION,0,0,136,14,8,250,7,11,129,136,22,0,0,0,0
260671,33,bully,6605,0,0,0,136,146,1904,2044,1,100,30385,228355,0,10,1,126,126,ELECTION,0,0,136,14,6,252,7,10,129,136,20,1,0,0,0
260523,25,bully,6115,0,0,0,137,147,1918,2058,1,100,30294,228870,0,10,1,127,127,ELECTION,0,0,137,14,6,254,7,10,130,137,20,0,0,0,0
260180,54,bully,7039,0,0,0,136,147,1904,2058,1,100,30331,227412,0,11,1,125,125,ELECTION,0,0,136,14,8,250,7,11,129,136,22,0,0,0,0
260589,45,bully,7030,0,0,0,136,147,1904,2058,1,100,30258,227963,0,11,1,125,125,ELECTION,0,0,136,14,8,250,7,11,129,136,22,0,0,0,0
260995,79,bully,9041,0,0,0,134,145,1876,2030,1,100,30326,226337,0,12,3,123,123,ELECTION,0,0,134,14,8,246,7,11,127,134,22,0,0,0,0
260383,71,bully,8021,0,0,0,135,146,1890,2044,1,100,30335,226668,0,11,1,124,124,ELECTION,0,0,135,14,8,248,7,11,128,135,22,0,0,0,0
260468,16,bully,5502,0,0,0,137,147,1918,2058,1,100,30331,229329,0,10,1,127,127,ELECTION,0,0,137,14,6,254,7,10,130,137,20,0,0,0,0
261005,30,bully,6716,0,0,0,137,147,1918,2058,1,100,30316,228674,0,10,1,127,127,ELECTION,0,0,137,14,6,254,7,10,130,137,20,0,0,0,0
260656,65,bully,7956,0,0,0,136,147,1904,2058,1,100,30342,227014,0,11,1,125,125,ELECTION,0,0,136,14,8,250,7,11,129,136,22,0,0,0,0
260914,91,bully,8867,0,0,0,134,145,1876,2030,1,100,30994,225885,0,12,2,123,123,ELECTION,0,0,134,14,8,246,7,11,127,134,22,0,0,0,0
261268,73,bully,8929,0,0,0,135,146,1890,2044,1,100,30324,226695,0,12,2,124,124,ELECTION,0,0,135,14,8,248,7,11,128,135,22,0,0,0,0
261080,24,bully,6447,0,0,0,137,147,1918,2058,1,100,30288,229113,0,10,1,127,127,ELECTION,0,0,137,14,6,254,7,10,130,137,20,0,0,0,0
260813,19,bully,5884,0,0,0,137,147,1918,2058,1,100,30334,229251,0,10,1,127,127,ELECTION,0,0,137,14,6,254,7,10,130,137,20,0,0,0,0
260686,1,bully,4915,0,0,0,138,154,1932,2156,1,100,255678,4788,0,16,1,127,127,NORMAL,0,0,138,16,6,254,8,16,135,138,22,0,0,0,0
261298,9,bully,5897,0,0,0,138,149,1932,2086,1,100,30287,229843,0,11,1,127,127,ELECTION,0,0,138,16,6,254,8,11,130,138,22,0,0,0,0
260889,18,bully,5881,0,0,0,137,147,1918,2058,1,100,30325,229358,0,10,1,127,127,ELECTION,0,0,137,14,6,254,7,10,130,137,20,0,0,0,0
260884,12,bully,5505,0,0,0,138,149,1932,2086,1,100,30313,229705,0,11,1,127,127,ELECTION,0,0,138,16,6,254,8,11,130,138,22,0,0,0,0
260520,68,bully,7822,0,0,0,136,147,1904,2058,1,100,30356,227000,0,11,1,125,125,ELECTION,0,0,136,14,8,250,7,11,129,136,22,0,0,0,0
260741,10,bully,5321,0,0,0,138,149,1932,2086,1,100,30298,229844,0,11,1,127,127,ELECTION,0,0,138,16,6,254,8,11,130,138,22,0,0,0,0
261413,34,bully,7061,0,0,0,137,148,1918,2072,1,100,30390,228629,0,11,1,126,126,ELECTION,0,0,137,14,8,252,7,11,130,137,22,0,0,0,0
261010,47,bully,7247,0,0,0,136,147,1904,2058,1,100,30271,228088,0,11,1,125,125,ELECTION,0,0,136,14,8,250,7,11,129,136,22,0,0,0,0
261501,26,bully,6703,0,0,0,137,147,1918,2058,1,100,30259,229268,0,10,1,127,127,ELECTION,0,0,137,14,6,254,7,10,130,137,20,0,0,0,0
260814,53,bully,7161,0,0,0,136,147,1904,2058,1,100,30321,227942,0,11,1,125,125,ELECTION,0,0,136,14,8,250,7,11,129,136,22,0,0,0,0
261065,56,bully,7568,0,0,0,136,147,1904,2058,1,100,30321,227782,0,11,1,125,125,ELECTION,0,0,136,14,8,250,7,11,129,136,22,0,0,0,0
261365,29,bully,6618,0,0,0,137,147,1918,2058,1,100,30307,229135,0,10,1,127,127,ELECTION,0,0,137,14,6,254,7,10,130,137,20,0,0,0,0
261471,90,bully,8993,0,0,0,134,145,1876,2030,1,100,31013,226300,0,12,2,123,123,ELECTION,0,0,134,14,8,246,7,11,127,134,22,0,0,0,0
261260,77,bully,8753,0,0,0,135,146,1890,2044,1,100,30337,226869,0,12,2,124,124,ELECTION,0,0,135,14,8,248,7,11,128,135,22,0,0,0,0
261217,21,bully,6096,0,0,0,137,147,1918,2058,1,100,30290,229535,0,10,1,127,127,ELECTION,0,0,137,14,6,254,7,10,130,137,20,0,0,0,0
261050,88,bully,8433,0,0,0,135,146,1890,2044,1,100,30971,226430,0,12,2,124,124,ELECTION,0,0,135,14,8,248,7,11,128,135,22,0,0,0,0
261025,15,bully,5508,0,0,0,137,147,1918,2058,1,100,30328,229854,0,10,1,127,127,ELECTION,0,0,137,14,6,254,7,10,130,137,20,0,0,0,0
261623,76,bully,8979,0,0,0,135,146,1890,2044,1,100,30343,226993,0,12,2,124,124,ELECTION,0,0,135,14,8,248,7,11,128,135,22,0,0,0,0
260859,82,bully,8440,0,0,0,135,146,1890,2044,1,100,30283,226866,0,12,2,124,124,ELECTION,0,0,135,14,8,248,7,11,128,135,22,0,0,0,0
261187,85,bully,8868,0,0,0,135,146,1890,2044,1,100,30319,226737,0,12,2,124,124,ELECTION,0,0,135,14,8,248,7,11,128,135,22,0,0,0,0
261880,81,bully,9351,0,0,0,135,146,1890,2044,1,100,30303,226917,0,12,2,124,124,ELECTION,0,0,135,14,8,248,7,11,128,135,22,0,0,0,0
261147,44,bully,6804,0,0,0,136,147,1904,2058,1,100,30288,228706,0,11,1,125,125,ELECTION,0,0,136,14,8,250,7,11,129,136,22,0,0,0,0
260944,27,bully,5851,0,0,0,137,147,1918,2058,1,100,30272,229562,0,10,1,127,127,ELECTION,0,0,137,14,6,254,7,10,130,137,20,0,0,0,0
260935,64,bully,7513,0,0,0,136,147,1904,2058,1,100,30325,227729,0,11,1,125,125,ELECTION,0,0,136,14,8,250,7,11,129,136,22,0,0,0,0
261435,6,bully,5219,0,0,0,139,150,1946,2100,1,100,30293,230609,0,11,0,128,128,ELECTION,0,0,139,16,6,256,8,11,131,139,22,0,0,0,0
261283,41,bully,6724,0,0,0,137,148,1918,2072,1,100,30291,228927,0,11,1,126,126,ELECTION,0,0,137,14,8,252,7,11,130,137,22,0,0,0,0
261202,28,bully,6060,0,0,0,137,147,1918,2058,1,100,30293,229609,0,10,1,127,127,ELECTION,0,0,137,14,6,254,7,10,130,137,20,0,0,0,0
261689,75,bully,8651,0,0,0,135,146,1890,2044,1,100,30375,227322,0,12,2,124,124,ELECTION,0,0,135,14,8,248,7,11,128,135,22,0,0,0,0
261350,61,bully,7649,0,0,0,136,147,1904,2058,1,100,30315,228000,0,11,1,125,125,ELECTION,0,0,136,14,8,250,7,11,129,136,22,0,0,0,0
261183,37,bully,6337,0,0,0,137,148,1918,2072,1,100,30316,229188,0,11,1,126,126,ELECTION,0,0,137,14,8,252,7,11,130,137,22,0,0,0,0
261238,17,bully,5433,0,0,0,138,148,1932,2072,1,100,30313,230191,0,10,1,128,128,ELECTION,0,0,138,14,6,256,7,10,131,138,20,0,0,0,0
261405,70,bully,8054,0,0,0,136,147,1904,2058,1,100,30334,227656,0,11,1,125,125,ELECTION,0,0,136,14,8,250,7,11,129,136,22,0,0,0,0
261895,49,bully,7546,0,0,0,136,147,1904,2058,1,100,30278,228702,0,11,1,125,125,ELECTION,0,0,136,14,8,250,7,11,129,136,22,0,0,0,0
261993,94,bully,9129,0,0,0,136,148,1904,2072,1,100,30924,226744,0,13,2,124,124,ELECTION,0,0,136,16,8,248,8,12,128,136,24,1,0,0,0
261213,96,bully,8455,1,0,0,497,512,6958,7168,3,100,151898,105661,0,18,2,482,482,NORMAL,0,0,497,20,10,964,10,15,487,497,30,1,0,0,0
261744,84,bully,9040,0,0,0,135,146,1890,2044,1,100,30299,227163,0,12,2,124,124,ELECTION,0,0,135,14,8,248,7,11,128,135,22,0,0,0,0
261856,8,bully,5478,0,0,0,139,150,1946,2100,1,100,30311,230780,0,11,0,128,128,ELECTION,0,0,139,16,6,256,8,11,131,139,22,0,0,0,0
261759,52,bully,7415,0,0,0,136,147,1904,2058,1,100,30316,228629,0,11,1,125,125,ELECTION,0,0,136,14,8,250,7,11,129,136,22,0,0,0,0
261638,23,bully,6006,0,0,0,138,148,1932,2072,1,100,30284,230105,0,10,1,128,128,ELECTION,0,0,138,14,6,256,7,10,131,138,20,0,0,0,0
261486,58,bully,7387,0,0,0,136,147,1904,2058,1,100,30344,228355,0,11,1,125,125,ELECTION,0,0,136,14,8,250,7,11,129,136,22,0,0,0,0
261335,93,bully,8312,1,0,0,136,147,1904,2058,1,100,30992,226835,0,13,2,124,124,ELECTION,0,0,136,16,8,248,7,11,128,135,24,0,0,0,0
261692,32,bully,6364,0,0,0,138,148,1932,2072,1,100,30373,229635,0,10,1,128,128,ELECTION,0,0,138,14,6,256,7,10,131,138,20,0,0,0,0
261526,99,bully,7866,1,0,0,23,33,322,462,1,100,27430,230798,0,12,58,12,12,ELECTION,0,0,23,16,6,24,7,10,15,22,22,0,0,0,0
261498,72,bully,8030,0,0,0,136,147,1904,2058,1,100,30325,227811,0,11,1,125,125,ELECTION,0,0,136,14,8,250,7,11,129,136,22,0,0,0,0
261556,35,bully,6309,0,0,0,138,149,1932,2086,1,100,30382,229529,0,11,1,127,127,ELECTION,0,0,138,14,8,254,7,11,131,138,22,0,0,0,0
261719,11,bully,5307,0,0,0,139,150,1946,2100,1,100,30307,230790,0,11,0,128,128,ELECTION,0,0,139,16,6,256,8,11,131,139,22,0,0,0,0
261541,67,bully,7792,0,0,0,136,147,1904,2058,1,100,30342,228096,0,11,1,125,125,ELECTION,0,0,136,14,8,250,7,11,129,136,22,0,0,0,0
261608,87,bully,8067,0,0,0,135,146,1890,2044,1,100,30944,227388,0,12,2,124,124,ELECTION,0,0,135,14,8,248,7,11,128,135,22,0,0,0,0
261704,43,bully,6630,0,0,0,137,148,1918,2072,1,100,30290,229418,0,11,1,126,126,ELECTION,0,0,137,14,8,252,7,11,130,137,22,0,0,0,0
261841,40,bully,6571,0,0,0,138,149,1932,2086,1,100,30301,229590,0,11,1,127,127,ELECTION,0,0,138,14,8,254,7,11,131,138,22,0,0,0,0
261992,5,bully,5042,0,0,0,139,150,1946,2100,1,100,30297,231338,0,11,0,128,128,ELECTION,0,0,139,16,6,256,8,11,131,139,22,0,0,0,0
261962,69,bully,7947,0,0,0,136,147,1904,2058,1,100,30312,228374,0,11,1,125,125,ELECTION,0,0,136,14,8,250,7,11,129,136,22,0,0,0,0
261977,83,bully,8572,0,0,0,135,146,1890,2044,1,100,30300,227844,0,12,2,124,124,ELECTION,0,0,135,14,8,248,7,11,128,135,22,0,0,0,0
270084,98,bully,8601,3,1,4517,22,31,308,434,1,100,27456,238544,0,11,61,12,12,ELECTION,0,3,23,14,6,24,5,9,16,21,20,0,0,0,0
270113,13,bully,6073,0,0,0,142,153,1988,2142,1,100,30285,238432,0,11,1,132,132,ELECTION,0,0,142,14,6,264,8,11,135,143,20,0,0,0,0
270165,86,bully,8907,1,1,4742,139,150,1946,2100,1,100,31004,234996,0,12,3,128,128,ELECTION,0,2,140,14,8,256,7,11,132,139,22,0,0,0,0
270128,2,bully,5503,0,0,0,143,154,2002,2156,1,100,30285,239030,0,11,1,132,132,ELECTION,0,0,143,16,6,264,8,11,135,143,22,0,0,0,0
270015,4,bully,5385,0,0,0,143,154,2002,2156,1,100,30326,238957,0,11,1,132,132,ELECTION,0,0,143,16,6,264,8,11,135,143,22,0,0,0,0
270195,22,bully,6345,0,0,0,142,152,1988,2128,1,100,30267,238345,0,10,1,132,132,ELECTION,0,0,142,14,6,264,7,10,135,142,20,0,0,0,0
270355,38,bully,7025,0,0,0,141,152,1974,2128,1,100,30315,237651,0,11,1,130,130,ELECTION,0,0,141,14,8,260,7,11,134,141,22,0,0,0,0
270316,51,bully,7554,0,0,0,140,151,1960,2114,1,100,30299,237060,0,11,1,129,129,ELECTION,0,0,140,14,8,258,7,11,133,140,22,0,0,0,0
270017,78,bully,8490,0,0,0,139,150,1946,2100,1,100,30350,235877,0,12,3,128,128,ELECTION,0,0,139,14,8,256,7,11,132,139,22,0,0,0,0
270534,36,bully,6992,0,0,0,142,153,1988,2142,1,100,30358,237856,0,11,1,131,131,ELECTION,0,0,142,14,8,262,7,11,135,142,22,0,0,0,0
270711,74,bully,8917,0,0,0,139,150,1946,2100,1,100,30354,236090,0,12,3,128,128,ELECTION,0,0,139,14,8,256,7,11,132,139,22,0,0,0,0
270549,3,bully,5375,0,0,0,143,154,2002,2156,1,100,30259,239604,0,11,1,132,132,ELECTION,0,0,143,16,6,264,8,11,135,143,22,0,0,0,0
270032,46,bully,6870,0,0,0,141,152,1974,2128,1,100,30280,237495,0,11,1,130,130,ELECTION,0,0,141,14,8,260,7,11,134,141,22,0,0,0,0
270029,89,bully,8313,0,0,0,139,150,1946,2100,1,100,30983,235565,0,12,3,128,128,ELECTION,0,0,139,14,8,256,7,11,132,139,22,0,0,0,0
270726,42,bully,7368,0,0,0,141,152,1974,2128,1,100,30285,237740,0,11,1,130,130,ELECTION,0,0,141,14,8,260,7,11,134,141,22,0,0,0,0
270331,95,bully,8874,1,0,0,140,152,1960,2128,1,100,26883,239352,0,14,3,127,127,ELECTION,0,0,140,18,8,254,8,12,131,139,26,0,0,0,0
270506,100,bully,5174,1,1,4669,148,34,2072,476,1,100,30303,239698,0,11,1,132,12,ELECTION,0,15,148,16,16,264,8,11,15,23,22,0,0,0,0
270250,31,bully,6305,0,0,0,142,152,1988,2128,1,100,30342,238298,0,10,1,132,132,ELECTION,0,0,142,14,6,264,7,10,135,142,20,0,0,0,0
270574,59,bully,7869,0,0,0,140,151,1960,2114,1,100,30352,236947,0,11,1,129,129,ELECTION,0,0,140,14,8,258,7,11,133,140,22,0,0,0,0
270877,7,bully,5725,0,0,0,143,154,2002,2156,1,100,30293,239553,0,11,1,132,132,ELECTION,0,0,143,16,6,264,8,11,135,143,22,0,0,0,0
270047,14,bully,5201,0,0,0,142,152,1988,2128,1,100,30328,239176,0,10,1,132,132,ELECTION,0,0,142,14,6,264,7,10,135,142,20,0,0,0,0
270862,39,bully,7245,0,0,0,142,153,1988,2142,1,100,30266,238015,0,11,1,131,131,ELECTION,0,0,142,14,8,262,7,11,135,142,22,0,0,0,0
270044,57,bully,7219,0,0,0,140,151,1960,2114,1,100,30334,237084,0,11,1,129,129,ELECTION,0,0,140,14,8,258,7,11,133,140,22,0,0,0,0
270235,63,bully,7725,0,0,0,140,151,1960,2114,1,100,30315,236849,0,11,1,129,129,ELECTION,0,0,140,14,8,258,7,11,133,140,22,0,0,0,0
270777,20,bully,6262,0,0,0,142,152,1988,2128,1,100,30291,238928,0,10,1,132,132,ELECTION,0,0,142,14,6,264,7,10,135,142,20,0,0,0,0
270438,80,bully,8730,0,0,0,139,150,1946,2100,1,100,30328,236063,0,12,3,128,128,ELECTION,0,0,139,14,8,256,7,11,132,139,22,0,0,0,0
270453,48,bully,7204,0,0,0,141,152,1974,2128,1,100,30276,237613,0,11,1,130,130,ELECTION,0,0,141,14,8,260,7,11,134,141,22,0,0,0,0
270641,97,bully,9134,1,2,106511,495,510,6930,7140,3,100,164769,101552,0,17,3,486,486,LEADER,1,4,496,8,10,972,10,15,491,501,18,101,101,7,101
270807,66,bully,8394,0,0,0,140,151,1960,2114,1,100,30333,236755,0,11,1,129,129,ELECTION,0,0,140,14,8,258,7,11,133,140,22,0,0,0,0
270792,62,bully,8155,0,0,0,140,151,1960,2114,1,100,30303,236984,0,11,1,129,129,ELECTION,0,0,140,14,8,258,7,11,133,140,22,0,0,0,0
270874,50,bully,7663,0,0,0,141,152,1974,2128,1,100,30305,237539,0,11,1,130,130,ELECTION,0,0,141,14,8,260,7,11,134,141,22,0,0,0,0
270356,92,bully,8534,0,0,0,139,150,1946,2100,1,100,30991,235667,0,12,3,128,128,ELECTION,0,0,139,14,8,256,7,11,132,139,22,0,0,0,0
271018,55,bully,7968,0,0,0,141,152,1974,2128,1,100,30331,237316,0,11,1,130,130,ELECTION,0,0,141,14,8,260,7,11,134,141,22,0,0,0,0
270371,60,bully,7582,0,0,0,141,152,1974,2128,1,100,30323,237082,0,11,1,130,130,ELECTION,0,0,141,14,8,260,7,11,134,141,22,0,0,0,0
270671,33,bully,6605,0,0,0,141,151,1974,2114,1,100,30385,238355,0,10,1,131,131,ELECTION,0,0,141,14,6,262,7,10,134,141,20,1,0,0,0
270523,25,bully,6115,0,0,0,142,152,1988,2128,1,100,30294,238870,0,10,1,132,132,ELECTION,0,0,142,14,6,264,7,10,135,142,20,0,0,0,0
270180,54,bully,7039,0,0,0,141,152,1974,2128,1,100,30331,237412,0,11,1,130,130,ELECTION,0,0,141,14,8,260,7,11,134,141,22,0,0,0,0
270589,45,bully,7030,0,0,0,141,152,1974,2128,1,100,30258,237963,0,11,1,130,130,ELECTION,0,0,141,14,8,260,7,11,134,141,22,0,0,0,0
270995,79,bully,9041,0,0,0,139,150,1946,2100,1,100,30326,236337,0,12,3,128,128,ELECTION,0,0,139,14,8,256,7,11,132,139,22,0,0,0,0
270383,71,bully,8021,0,0,0,140,151,1960,2114,1,100,30335,236668,0,11,1,129,129,ELECTION,0,0,140,14,8,258,7,11,133,140,22,0,0,0,0
270468,16,bully,5502,0,0,0,142,152,1988,2128,1,100,30331,239329,0,10,1,132,132,ELECTION,0,0,142,14,6,264,7,10,135,142,20,0,0,0,0
271005,30,bully,6716,0,0,0,142,152,1988,2128,1,100,30316,238674,0,10,1,132,132,ELECTION,0,0,142,14,6,264,7,10,135,142,20,0,0,0,0
270656,65,bully,7956,0,0,0,141,152,1974,2128,1,100,30342,237014,0,11,1,130,130,ELECTION,0,0,141,14,8,260,7,11,134,141,22,0,0,0,0
270914,91,bully,8867,0,0,0,139,150,1946,2100,1,100,30994,235885,0,12,2,128,128,ELECTION,0,0,139,14,8,256,7,11,132,139,22,0,0,0,0
271268,73,bully,8929,0,0,0,139,150,1946,2100,1,100,30324,236695,0,12,2,128,128,ELECTION,0,0,139,14,8,256,7,11,132,139,22,0,0,0,0
271080,24,bully,6447,0,0,0,142,152,1988,2128,1,100,30288,239113,0,10,1,132,132,ELECTION,0,0,142,14,6,264,7,10,135,142,20,0,0,0,0
270813,19,bully,5884,0,0,0,142,152,1988,2128,1,100,30334,239251,0,10,1,132,132,ELECTION,0,0,142,14,6,264,7,10,135,142,20,0,0,0,0
270686,1,bully,4915,0,0,0,143,159,2002,2226,1,100,265678,4788,0,16,1,132,132,NORMAL,0,0,143,16,6,264,8,16,140,143,22,0,0,0,0
271298,9,bully,5897,0,0,0,143,154,2002,2156,1,100,30287,239843,0,11,1,132,132,ELECTION,0,0,143,16,6,264,8,11,135,143,22,0,0,0,0
270889,18,bully,5881,0,0,0,142,152,1988,2128,1,100,30325,239358,0,10,1,132,132,ELECTION,0,0,142,14,6,264,7,10,135,142,20,0,0,0,0
270884,12,bully,5505,0,0,0,143,154,2002,2156,1,100,30313,239705,0,11,1,132,132,ELECTION,0,0,143,16,6,264,8,11,135,143,22,0,0,0,0
270520,68,bully,7822,0,0,0,141,152,1974,2128,1,100,30356,237000,0,11,1,130,130,ELECTION,0,0,141,14,8,260,7,11,134,141,22,0,0,0,0
270741,10,bully,5321,0,0,0,143,154,2002,2156,1,100,30298,239844,0,11,1,132,132,ELECTION,0,0,143,16,6,264,8,11,135,143,22,0,0,0,0
271413,34,bully,7061,0,0,0,142,153,1988,2142,1,100,30390,238629,0,11,1,131,131,ELECTION,0,0,142,14,8,262,7,11,135,142,22,0,0,0,0
271010,47,bully,7247,0,0,0,141,152,1974,2128,1,100,30271,238088,0,11,1,130,130,ELECTION,0,0,141,14,8,260,7,11,134,141,22,0,0,0,0
271501,26,bully,6703,0,0,0,142,152,1988,2128,1,100,30259,239268,0,10,1,132,132,ELECTION,0,0,142,14,6,264,7,10,135,142,20,0,0,0,0
270814,53,bully,7161,0,0,0,141,152,1974,2128,1,100,30321,237942,0,11,1,130,130,ELECTION,0,0,141,14,8,260,7,11,134,141,22,0,0,0,0
271065,56,bully,7568,0,0,0,141,152,1974,2128,1,100,30321,237782,0,11,1,130,130,ELECTION,0,0,141,14,8,260,7,11,134,141,22,0,0,0,0
271365,29,bully,6618,0,0,0,142,152,1988,2128,1,100,30307,239135,0,10,1,132,132,ELECTION,0,0,142,14,6,264,7,10,135,142,20,0,0,0,0
271471,90,bully,8993,0,0,0,139,150,1946,2100,1,100,31013,236300,0,12,2,128,128,ELECTION,0,0,139,14,8,256,7,11,132,139,22,0,0,0,0
271260,77,bully,8753,0,0,0,140,151,1960,2114,1,100,30337,236869,0,12,2,129,129,ELECTION,0,0,140,14,8,258,7,11,133,140,22,0,0,0,0
271217,21,bully,6096,0,0,0,142,152,1988,2128,1,100,30290,239535,0,10,1,132,132,ELECTION,0,0,142,14,6,264,7,10,135,142,20,0,0,0,0
271050,88,bully,8433,0,0,0,140,151,1960,2114,1,100,30971,236430,0,12,2,129,129,ELECTION,0,0,140,14,8,258,7,11,133,140,22,0,0,0,0
271025,15,bully,5508,0,0,0,142,152,1988,2128,1,100,30328,239854,0,10,1,132,132,ELECTION,0,0,142,14,6,264,7,10,135,142,20,0,0,0,0
271623,76,bully,8979,0,0,0,140,151,1960,2114,1,100,30343,236993,0,12,2,129,129,ELECTION,0,0,140,14,8,258,7,11,133,140,22,0,0,0,0
270859,82,bully,8440,0,0,0,140,151,1960,2114,1,100,30283,236866,0,12,2,129,129,ELECTION,0,0,140,14,8,258,7,11,133,140,22,0,0,0,0
271187,85,bully,8868,0,0,0,140,151,1960,2114,1,100,30319,236737,0,12,2,129,129,ELECTION,0,0,140,14,8,258,7,11,133,140,22,0,0,0,0
271880,81,bully,9351,0,0,0,140,151,1960,2114,1,100,30303,236917,0,12,2,129,129,ELECTION,0,0,140,14,8,258,7,11,133,140,22,0,0,0,0
271147,44,bully,6804,0,0,0,141,152,1974,2128,1,100,30288,238706,0,11,1,130,130,ELECTION,0,0,141,14,8,260,7,11,134,141,22,0,0,0,0
270944,27,bully,5851,0,0,0,142,152,1988,2128,1,100,30272,239562,0,10,1,132,132,ELECTION,0,0,142,14,6,264,7,10,135,142,20,0,0,0,0
270935,64,bully,7513,0,0,0,141,152,1974,2128,1,100,30325,237729,0,11,1,130,130,ELECTION,0,0,141,14,8,260,7,11,134,141,22,0,0,0,0
271435,6,bully,5219,0,0,0,144,155,2016,2170,1,100,30293,240609,0,11,0,133,133,ELECTION,0,0,144,16,6,266,8,11,136,144,22,0,0,0,0
271283,41,bully,6724,0,0,0,142,153,1988,2142,1,100,30291,238927,0,11,1,131,131,ELECTION,0,0,142,14,8,262,7,11,135,142,22,0,0,0,0
271202,28,bully,6060,0,0,0,142,152,1988,2128,1,100,30293,239609,0,10,1,132,132,ELECTION,0,0,142,14,6,264,7,10,135,142,20,0,0,0,0
271689,75,bully,8651,0,0,0,140,151,1960,2114,1,100,30375,237322,0,12,2,129,129,ELECTION,0,0,140,14,8,258,7,11,133,140,22,0,0,0,0
271350,61,bully,7649,0,0,0,141,152,1974,2128,1,100,30315,238000,0,11,1,130,130,ELECTION,0,0,141,14,8,260,7,11,134,141,22,0,0,0,0
271183,37,bully,6337,0,0,0,142,153,1988,2142,1,100,30316,239188,0,11,1,131,131,ELECTION,0,0,142,14,8,262,7,11,135,142,22,0,0,0,0
271238,17,bully,5433,0,0,0,143,153,2002,2142,1,100,30313,240191,0,10,1,133,133,ELECTION,0,0,143,14,6,266,7,10,136,143,20,0,0,0,0
271405,70,bully,8054,0,0,0,141,152,1974,2128,1,100,30334,237656,0,11,1,130,130,ELECTION,0,0,141,14,8,260,7,11,134,141,22,0,0,0,0
271895,49,bully,7546,0,0,0,141,152,1974,2128,1,100,30278,238702,0,11,1,130,130,ELECTION,0,0,141,14,8,260,7,11,134,141,22,0,0,0,0
271993,94,bully,9129,0,0,0,141,153,1974,2142,1,100,30924,236744,0,13,2,129,129,ELECTION,0,0,141,16,8,258,8,12,133,141,24,1,0,0,0
271213,96,bully,8455,1,0,0,502,517,7028,7238,3,100,161898,105661,0,18,2,487,487,NORMAL,0,0,502,20,10,974,10,15,492,502,30,1,0,0,0
271744,84,bully,9040,0,0,0,140,151,1960,2114,1,100,30299,237163,0,12,2,129,129,ELECTION,0,0,140,14,8,258,7,11,133,140,22,0,0,0,0
271856,8,bully,5478,0,0,0,144,155,2016,2170,1,100,30311,240780,0,11,0,133,133,ELECTION,0,0,144,16,6,266,8,11,136,144,22,0,0,0,0
271759,52,bully,7415,0,0,0,141,152,1974,2128,1,100,30316,238629,0,11,1,130,130,ELECTION,0,0,141,14,8,260,7,11,134,141,22,0,0,0,0
271638,23,bully,6006,0,0,0,143,153,2002,2142,1,100,30284,240105,0,10,1,133,133,ELECTION,0,0,143,14,6,266,7,10,136,143,20,0,0,0,0
271486,58,bully,7387,0,0,0,141,152,1974,2128,1,100,30344,238355,0,11,1,130,130,ELECTION,0,0,141,14,8,260,7,11,134,141,22,0,0,0,0
271335,93,bully,8312,1,0,0,141,152,1974,2128,1,100,30992,236835,0,13,2,129,129,ELECTION,0,0,141,16,8,258,7,11,133,140,24,0,0,0,0
271692,32,bully,6364,0,0,0,143,153,2002,2142,1,100,30373,239635,0,10,1,133,133,ELECTION,0,0,143,14,6,266,7,10,136,143,20,0,0,0,0
271526,99,bully,7866,1,0,0,23,33,322,462,1,100,27430,240798,0,12,61,12,12,ELECTION,0,0,23,16,6,24,7,10,15,22,22,0,0,0,0
271498,72,bully,8030,0,0,0,141,152,1974,2128,1,100,30325,237811,0,11,1,130,130,ELECTION,0,0,141,14,8,260,7,11,134,141,22,0,0,0,0
271556,35,bully,6309,0,0,0,143,154,2002,2156,1,100,30382,239529,0,11,1,132,132,ELECTION,0,0,143,14,8,264,7,11,136,143,22,0,0,0,0
271719,11,bully,5307,0,0,0,144,155,2016,2170,1,100,30307,240790,0,11,0,133,133,ELECTION,0,0,144,16,6,266,8,11,136,144,22,0,0,0,0
271541,67,bully,7792,0,0,0,141,152,1974,2128,1,100,30342,238096,0,11,1,130,130,ELECTION,0,0,141,14,8,260,7,11,134,141,22,0,0,0,0
271608,87,bully,8067,0,0,0,140,151,1960,2114,1,100,30944,237388,0,12,2,129,129,ELECTION,0,0,140,14,8,258,7,11,133,140,22,0,0,0,0
271704,43,bully,6630,0,0,0,142,153,1988,2142,1,100,30290,239418,0,11,1,131,131,ELECTION,0,0,142,14,8,262,7,11,135,142,22,0,0,0,0
271992,5,bully,5042,0,0,0,144,155,2016,2170,1,100,30297,241338,0,11,0,133,133,ELECTION,0,0,144,16,6,266,8,11,136,144,22,0,0,0,0
271841,40,bully,6571,0,0,0,143,154,2002,2156,1,100,30301,239590,0,11,1,132,132,ELECTION,0,0,143,14,8,264,7,11,136,143,22,0,0,0,0
271962,69,bully,7947,0,0,0,141,152,1974,2128,1,100,30312,238374,0,11,1,130,130,ELECTION,0,0,141,14,8,260,7,11,134,141,22,0,0,0,0
271977,83,bully,8572,0,0,0,140,151,1960,2114,1,100,30300,237844,0,12,2,129,129,ELECTION,0,0,140,14,8,258,7,11,133,140,22,0,0,0,0
280084,98,bully,8601,3,1,4517,22,31,308,434,1,100,27456,248544,0,11,64,12,12,ELECTION,0,3,23,14,6,24,5,9,16,21,20,0,0,0,0
280113,13,bully,6073,0,0,0,147,158,2058,2212,1,100,30285,248432,0,11,1,137,137,ELECTION,0,0,147,14,6,274,8,11,140,148,20,0,0,0,0
280165,86,bully,8907,1,1,4742,144,155,2016,2170,1,100,31004,244996,0,12,3,133,133,ELECTION,0,2,145,14,8,266,7,11,137,144,22,0,0,0,0
280128,2,bully,5503,0,0,0,148,159,2072,2226,1,100,30285,249030,0,11,1,137,137,ELECTION,0,0,148,16,6,274,8,11,140,148,22,0,0,0,0
280015,4,bully,5385,0,0,0,148,159,2072,2226,1,100,30326,248957,0,11,1,137,137,ELECTION,0,0,148,16,6,274,8,11,140,148,22,0,0,0,0
280195,22,bully,6345,0,0,0,147,157,2058,2198,1,100,30267,248345,0,10,1,137,137,ELECTION,0,0,147,14,6,274,7,10,140,147,20,0,0,0,0
280355,38,bully,7025,0,0,0,147,158,2058,2212,1,100,30315,247651,0,11,1,136,136,ELECTION,0,0,147,14,8,272,7,11,140,147,22,0,0,0,0
280316,51,bully,7554,0,0,0,145,156,2030,2184,1,100,30299,247060,0,11,1,134,134,ELECTION,0,0,145,14,8,268,7,11,138,145,22,0,0,0,0
280017,78,bully,8490,0,0,0,144,155,2016,2170,1,100,30350,245877,0,12,3,133,133,ELECTION,0,0,144,14,8,266,7,11,137,144,22,0,0,0,0
280534,36,bully,6992,0,0,0,147,158,2058,2212,1,100,30358,247856,0,11,1,136,136,ELECTION,0,0,147,14,8,272,7,11,140,147,22,0,0,0,0
280711,74,bully,8917,0,0,0,144,155,2016,2170,1,100,30354,246090,0,12,3,133,133,ELECTION,0,0,144,14,8,266,7,11,137,144,22,0,0,0,0
280549,3,bully,5375,0,0,0,148,159,2072,2226,1,100,30259,249604,0,11,1,137,137,ELECTION,0,0,148,16,6,274,8,11,140,148,22,0,0,0,0
280032,46,bully,6870,0,0,0,146,157,2044,2198,1,100,30280,247495,0,11,1,135,135,ELECTION,0,0,146,14,8,270,7,11,139,146,22,0,0,0,0
280029,89,bully,8313,0,0,0,144,155,2016,2170,1,100,30983,245565,0,12,3,133,133,ELECTION,0,0,144,14,8,266,7,11,137,144,22,0,0,0,0
280726,42,bully,7368,0,0,0,146,157,2044,2198,1,100,30285,247740,0,11,1,135,135,ELECTION,0,0,146,14,8,270,7,11,139,146,22,0,0,0,0
280331,95,bully,8874,1,0,0,145,157,2030,2198,1,100,26883,249352,0,14,3,132,132,ELECTION,0,0,145,18,8,264,8,12,136,144,26,0,0,0,0
280506,100,bully,5174,1,1,4669,153,34,2142,476,1,100,30303,249698,0,11,1,137,12,ELECTION,0,15,153,16,16,274,8,11,15,23,22,0,0,0,0
280250,31,bully,6305,0,0,0,147,157,2058,2198,1,100,30342,248298,0,10,1,137,137,ELECTION,0,0,147,14,6,274,7,10,140,147,20,0,0,0,0
280574,59,bully,7869,0,0,0,145,156,2030,2184,1,100,30352,246947,0,11,1,134,134,ELECTION,0,0,145,14,8,268,7,11,138,145,22,0,0,0,0
280877,7,bully,5725,0,0,0,148,159,2072,2226,1,100,30293,249553,0,11,1,137,137,ELECTION,0,0,148,16,6,274,8,11,140,148,22,0,0,0,0
280047,14,bully,5201,0,0,0,147,157,2058,2198,1,100,30328,249176,0,10,1,137,137,ELECTION,0,0,147,14,6,274,7,10,140,147,20,0,0,0,0
280862,39,bully,7245,0,0,0,147,158,2058,2212,1,100,30266,248015,0,11,1,136,136,ELECTION,0,0,147,14,8,272,7,11,140,147,22,0,0,0,0
280044,57,bully,7219,0,0,0,145,156,2030,2184,1,100,30334,247084,0,11,1,134,134,ELECTION,0,0,145,14,8,268,7,11,138,145,22,0,0,0,0
280235,63,bully,7725,0,0,0,145,156,2030,2184,1,100,30315,246849,0,11,1,134,134,ELECTION,0,0,145,14,8,268,7,11,138,145,22,0,0,0,0
280777,20,bully,6262,0,0,0,147,157,2058,2198,1,100,30291,248928,0,10,1,137,137,ELECTION,0,0,147,14,6,274,7,10,140,147,20,0,0,0,0
280438,80,bully,8730,0,0,0,144,155,2016,2170,1,100,30328,246063,0,12,3,133,133,ELECTION,0,0,144,14,8,266,7,11,137,144,22,0,0,0,0
280453,48,bully,7204,0,0,0,146,157,2044,2198,1,100,30276,247613,0,11,1,135,135,ELECTION,0,0,146,14,8,270,7,11,139,146,22,0,0,0,0
280641,97,bully,9134,1,2,106511,500,515,7000,7210,3,100,174769,101552,0,17,3,491,491,LEADER,1,4,501,8,10,982,10,15,496,506,18,101,101,8,101
280807,66,bully,8394,0,0,0,145,156,2030,2184,1,100,30333,246755,0,11,1,134,134,ELECTION,0,0,145,14,8,268,7,11,138,145,22,0,0,0,0
280792,62,bully,8155,0,0,0,145,156,2030,2184,1,100,30303,246984,0,11,1,134,134,ELECTION,0,0,145,14,8,268,7,11,138,145,22,0,0,0,0
280874,50,bully,7663,0,0,0,146,157,2044,2198,1,100,30305,247539,0,11,1,135,135,ELECTION,0,0,146,14,8,270,7,11,139,146,22,0,0,0,0
280356,92,bully,8534,0,0,0,144,155,2016,2170,1,100,30991,245667,0,12,3,133,133,ELECTION,0,0,144,14,8,266,7,11,137,144,22,0,0,0,0
281018,55,bully,7968,0,0,0,146,157,2044,2198,1,100,30331,247316,0,11,1,135,135,ELECTION,0,0,146,14,8,270,7,11,139,146,22,0,0,0,0
280371,60,bully,7582,0,0,0,146,157,2044,2198,1,100,30323,247082,0,11,1,135,135,ELECTION,0,0,146,14,8,270,7,11,139,146,22,0,0,0,0
280671,33,bully,6605,0,0,0,146,156,2044,2184,1,100,30385,248355,0,10,1,136,136,ELECTION,0,0,146,14,6,272,7,10,139,146,20,1,0,0,0
280523,25,bully,6115,0,0,0,147,157,2058,2198,1,100,30294,248870,0,10,1,137,137,ELECTION,0,0,147,14,6,274,7,10,140,147,20,0,0,0,0
280180,54,bully,7039,0,0,0,146,157,2044,2198,1,100,30331,247412,0,11,1,135,135,ELECTION,0,0,146,14,8,270,7,11,139,146,22,0,0,0,0
280589,45,bully,7030,0,0,0,146,157,2044,2198,1,100,30258,247963,0,11,1,135,135,ELECTION,0,0,146,14,8,270,7,11,139,146,22,0,0,0,0
280995,79,bully,9041,0,0,0,144,155,2016,2170,1,100,30326,246337,0,12,3,133,133,ELECTION,0,0,144,14,8,266,7,11,137,144,22,0,0,0,0
280383,71,bully,8021,0,0,0,145,156,2030,2184,1,100,30335,246668,0,11,1,134,134,ELECTION,0,0,145,14,8,268,7,11,138,145,22,0,0,0,0
280468,16,bully,5502,0,0,0,147,157,2058,2198,1,100,30331,249329,0,10,1,137,137,ELECTION,0,0,147,14,6,274,7,10,140,147,20,0,0,0,0
281005,30,bully,6716,0,0,0,147,157,2058,2198,1,100,30316,248674,0,10,1,137,137,ELECTION,0,0,147,14,6,274,7,10,140,147,20,0,0,0,0
280656,65,bully,7956,0,0,0,146,157,2044,2198,1,100,30342,247014,0,11,1,135,135,ELECTION,0,0,146,14,8,270,7,11,139,146,22,0,0,0,0
280914,91,bully,8867,0,0,0,144,155,2016,2170,1,100,30994,245885,0,12,2,133,133,ELECTION,0,0,144,14,8,266,7,11,137,144,22,0,0,0,0
281268,73,bully,8929,0,0,0,144,155,2016,2170,1,100,30324,246695,0,12,2,133,133,ELECTION,0,0,144,14,8,266,7,11,137,144,22,0,0,0,0
281080,24,bully,6447,0,0,0,147,157,2058,2198,1,100,30288,249113,0,10,1,137,137,ELECTION,0,0,147,14,6,274,7,10,140,147,20,0,0,0,0
280813,19,bully,5884,0,0,0,147,157,2058,2198,1,100,30334,249251,0,10,1,137,137,ELECTION,0,0,147,14,6,274,7,10,140,147,20,0,0,0,0
280686,1,bully,4915,0,0,0,148,164,2072,2296,1,100,275678,4788,0,16,1,137,137,NORMAL,0,0,148,16,6,274,8,16,145,148,22,0,0,0,0
281298,9,bully,5897,0,0,0,148,159,2072,2226,1,100,30287,249843,0,11,1,137,137,ELECTION,0,0,148,16,6,274,8,11,140,148,22,0,0,0,0
280889,18,bully,5881,0,0,0,147,157,2058,2198,1,100,30325,249358,0,10,1,137,137,ELECTION,0,0,147,14,6,274,7,10,140,147,20,0,0,0,0
280884,12,bully,5505,0,0,0,148,159,2072,2226,1,100,30313,249705,0,11,1,137,137,ELECTION,0,0,148,16,6,274,8,11,140,148,22,0,0,0,0
280520,68,bully,7822,0,0,0,146,157,2044,2198,1,100,30356,247000,0,11,1,135,135,ELECTION,0,0,146,14,8,270,7,11,139,146,22,0,0,0,0
280741,10,bully,5321,0,0,0,148,159,2072,2226,1,100,30298,249844,0,11,1,137,137,ELECTION,0,0,148,16,6,274,8,11,140,148,22,0,0,0,0
281413,34,bully,7061,0,0,0,147,158,2058,2212,1,100,30390,248629,0,11,1,136,136,ELECTION,0,0,147,14,8,272,7,11,140,147,22,0,0,0,0
281010,47,bully,7247,0,0,0,146,157,2044,2198,1,100,30271,248088,0,11,1,135,135,ELECTION,0,0,146,14,8,270,7,11,139,146,22,0,0,0,0
281501,26,bully,6703,0,0,0,147,157,2058,2198,1,100,30259,249268,0,10,1,137,137,ELECTION,0,0,147,14,6,274,7,10,140,147,20,0,0,0,0
280814,53,bully,7161,0,0,0,146,157,2044,2198,1,100,30321,247942,0,11,1,135,135,ELECTION,0,0,146,14,8,270,7,11,139,146,22,0,0,0,0
281065,56,bully,7568,0,0,0,146,157,2044,2198,1,100,30321,247782,0,11,1,135,135,ELECTION,0,0,146,14,8,270,7,11,139,146,22,0,0,0,0
281365,29,bully,6618,0,0,0,147,157,2058,2198,1,100,30307,249135,0,10,1,137,137,ELECTION,0,0,147,14,6,274,7,10,140,147,20,0,0,0,0
281471,90,bully,8993,0,0,0,144,155,2016,2170,1,100,31013,246300,0,12,2,133,133,ELECTION,0,0,144,14,8,266,7,11,137,144,22,0,0,0,0
281260,77,bully,8753,0,0,0,145,156,2030,2184,1,100,30337,246869,0,12,2,134,134,ELECTION,0,0,145,14,8,268,7,11,138,145,22,0,0,0,0
281217,21,bully,6096,0,0,0,147,157,2058,2198,1,100,30290,249535,0,10,1,137,137,ELECTION,0,0,147,14,6,274,7,10,140,147,20,0,0,0,0
281050,88,bully,8433,0,0,0,145,156,2030,2184,1,100,30971,246430,0,12,2,134,134,ELECTION,0,0,145,14,8,268,7,11,138,145,22,0,0,0,0
281025,15,bully,5508,0,0,0,147,157,2058,2198,1,100,30328,249854,0,10,1,137,137,ELECTION,0,0,147,14,6,274,7,10,140,147,20,0,0,0,0
281623,76,bully,8979,0,0,0,145,156,2030,2184,1,100,30343,246993,0,12,2,134,134,ELECTION,0,0,145,14,8,268,7,11,138,145,22,0,0,0,0
280859,82,bully,8440,0,0,0,145,156,2030,2184,1,100,30283,246866,0,12,2,134,134,ELECTION,0,0,145,14,8,268,7,11,138,145,22,0,0,0,0
281187,85,bully,8868,0,0,0,145,156,2030,2184,1,100,30319,246737,0,12,2,134,134,ELECTION,0,0,145,14,8,268,7,11,138,145,22,0,0,0,0
281880,81,bully,9351,0,0,0,145,156,2030,2184,1,100,30303,246917,0,12,2,134,134,ELECTION,0,0,145,14,8,268,7,11,138,145,22,0,0,0,0
281147,44,bully,6804,0,0,0,146,157,2044,2198,1,100,30288,248706,0,11,1,135,135,ELECTION,0,0,146,14,8,270,7,11,139,146,22,0,0,0,0
280944,27,bully,5851,0,0,0,147,157,2058,2198,1,100,30272,249562,0,10,1,137,137,ELECTION,0,0,147,14,6,274,7,10,140,147,20,0,0,0,0
280935,64,bully,7513,0,0,0,146,157,2044,2198,1,100,30325,247729,0,11,1,135,135,ELECTION,0,0,146,14,8,270,7,11,139,146,22,0,0,0,0
281435,6,bully,5219,0,0,0,149,160,2086,2240,1,100,30293,250609,0,11,0,138,138,ELECTION,0,0,149,16,6,276,8,11,141,149,22,0,0,0,0
281283,41,bully,6724,0,0,0,147,158,2058,2212,1,100,30291,248927,0,11,1,136,136,ELECTION,0,0,147,14,8,272,7,11,140,147,22,0,0,0,0
281202,28,bully,6060,0,0,0,147,157,2058,2198,1,100,30293,249609,0,10,1,137,137,ELECTION,0,0,147,14,6,274,7,10,140,147,20,0,0,0,0
281689,75,bully,8651,0,0,0,145,156,2030,2184,1,100,30375,247322,0,12,2,134,134,ELECTION,0,0,145,14,8,268,7,11,138,145,22,0,0,0,0
281350,61,bully,7649,0,0,0,146,157,2044,2198,1,100,30315,248000,0,11,1,135,135,ELECTION,0,0,146,14,8,270,7,11,139,146,22,0,0,0,0
281183,37,bully,6337,0,0,0,147,158,2058,2212,1,100,30316,249188,0,11,1,136,136,ELECTION,0,0,147,14,8,272,7,11,140,147,22,0,0,0,0
281238,17,bully,5433,0,0,0,148,158,2072,2212,1,100,30313,250191,0,10,1,138,138,ELECTION,0,0,148,14,6,276,7,10,141,148,20,0,0,0,0
281405,70,bully,8054,0,0,0,146,157,2044,2198,1,100,30334,247656,0,11,1,135,135,ELECTION,0,0,146,14,8,270,7,11,139,146,22,0,0,0,0
281895,49,bully,7546,0,0,0,146,157,2044,2198,1,100,30278,248702,0,11,1,135,135,ELECTION,0,0,146,14,8,270,7,11,139,146,22,0,0,0,0
281993,94,bully,9129,0,0,0,146,158,2044,2212,1,100,30924,246744,0,13,2,134,134,ELECTION,0,0,146,16,8,268,8,12,138,146,24,1,0,0,0
281213,96,bully,8455,1,0,0,507,522,7098,7308,3,100,171898,105661,0,18,2,492,492,NORMAL,0,0,507,20,10,984,10,15,497,507,30,1,0,0,0
281744,84,bully,9040,0,0,0,145,156,2030,2184,1,100,30299,247163,0,12,2,134,134,ELECTION,0,0,145,14,8,268,7,11,138,145,22,0,0,0,0
281856,8,bully,5478,0,0,0,149,160,2086,2240,1,100,30311,250780,0,11,0,138,138,ELECTION,0,0,149,16,6,276,8,11,141,149,22,0,0,0,0
281759,52,bully,7415,0,0,0,146,157,2044,2198,1,100,30316,248629,0,11,1,135,135,ELECTION,0,0,146,14,8,270,7,11,139,146,22,0,0,0,0
281638,23,bully,6006,0,0,0,148,158,2072,2212,1,100,30284,250105,0,10,1,138,138,ELECTION,0,0,148,14,6,276,7,10,141,148,20,0,0,0,0
281486,58,bully,7387,0,0,0,146,157,2044,2198,1,100,30344,248355,0,11,1,135,135,ELECTION,0,0,146,14,8,270,7,11,139,146,22,0,0,0,0
281335,93,bully,8312,1,0,0,146,157,2044,2198,1,100,30992,246835,0,13,2,134,134,ELECTION,0,0,146,16,8,268,7,11,138,145,24,0,0,0,0
281692,32,bully,6364,0,0,0,148,158,2072,2212,1,100,30373,249635,0,10,1,138,138,ELECTION,0,0,148,14,6,276,7,10,141,148,20,0,0,0,0
281526,99,bully,7866,1,0,0,23,33,322,462,1,100,27430,250798,0,12,63,12,12,ELECTION,0,0,23,16,6,24,7,10,15,22,22,0,0,0,0
281498,72,bully,8030,0,0,0,146,157,2044,2198,1,100,30325,247811,0,11,1,135,135,ELECTION,0,0,146,14,8,270,7,11,139,146,22,0,0,0,0
281556,35,bully,6309,0,0,0,148,159,2072,2226,1,100,30382,249529,0,11,1,137,137,ELECTION,0,0,148,14,8,274,7,11,141,148,22,0,0,0,0
281719,11,bully,5307,0,0,0,149,160,2086,2240,1,100,30307,250790,0,11,0,138,138,ELECTION,0,0,149,16,6,276,8,11,141,149,22,0,0,0,0
281541,67,bully,7792,0,0,0,146,157,2044,2198,1,100,30342,248096,0,11,1,135,135,ELECTION,0,0,146,14,8,270,7,11,139,146,22,0,0,0,0
281608,87,bully,8067,0,0,0,145,156,2030,2184,1,100,30944,247388,0,12,2,134,134,ELECTION,0,0,145,14,8,268,7,11,138,145,22,0,0,0,0
281704,43,bully,6630,0,0,0,146,157,2044,2198,1,100,30290,249418,0,11,1,135,135,ELECTION,0,0,146,14,8,270,7,11,139,146,22,0,0,0,0
281992,5,bully,5042,0,0,0,149,160,2086,2240,1,100,30297,251338,0,11,0,138,138,ELECTION,0,0,149,16,6,276,8,11,141,149,22,0,0,0,0
281841,40,bully,6571,0,0,0,148,159,2072,2226,1,100,30301,249590,0,11,1,137,137,ELECTION,0,0,148,14,8,274,7,11,141,148,22,0,0,0,0
281962,69,bully,7947,0,0,0,146,157,2044,2198,1,100,30312,248374,0,11,1,135,135,ELECTION,0,0,146,14,8,270,7,11,139,146,22,0,0,0,0
281977,83,bully,8572,0,0,0,145,156,2030,2184,1,100,30300,247844,0,12,2,134,134,ELECTION,0,0,145,14,8,268,7,11,138,145,22,0,0,0,0
290084,98,bully,8601,3,1,4517,22,31,308,434,1,100,27456,258544,0,11,66,12,12,ELECTION,0,3,23,14,6,24,5,9,16,21,20,0,0,0,0
290113,13,bully,6073,0,0,0,152,163,2128,2282,1,100,30285,258432,0,11,1,142,142,ELECTION,0,0,152,14,6,284,8,11,145,153,20,0,0,0,0
290165,86,bully,8907,1,1,4742,149,160,2086,2240,1,100,31004,254996,0,12,3,138,138,ELECTION,0,2,150,14,8,276,7,11,142,149,22,0,0,0,0
290128,2,bully,5503,0,0,0,153,164,2142,2296,1,100,30285,259030,0,11,1,142,142,ELECTION,0,0,153,16,6,284,8,11,145,153,22,0,0,0,0
290015,4,bully,5385,0,0,0,153,164,2142,2296,1,100,30326,258957,0,11,1,142,142,ELECTION,0,0,153,16,6,284,8,11,145,153,22,0,0,0,0
290195,22,bully,6345,0,0,0,152,162,2128,2268,1,100,30267,258345,0,10,1,142,142,ELECTION,0,0,152,14,6,284,7,10,145,152,20,0,0,0,0
290355,38,bully,7025,0,0,0,152,163,2128,2282,1,100,30315,257651,0,11,1,141,141,ELECTION,0,0,152,14,8,282,7,11,145,152,22,0,0,0,0
290316,51,bully,7554,0,0,0,150,161,2100,2254,1,100,30299,257060,0,11,1,139,139,ELECTION,0,0,150,14,8,278,7,11,143,150,22,0,0,0,0
290017,78,bully,8490,0,0,0,149,160,2086,2240,1,100,30350,255877,0,12,3,138,138,ELECTION,0,0,149,14,8,276,7,11,142,149,22,0,0,0,0
290534,36,bully,6992,0,0,0,152,163,2128,2282,1,100,30358,257856,0,11,1,141,141,ELECTION,0,0,152,14,8,282,7,11,145,152,22,0,0,0,0
290711,74,bully,8917,0,0,0,149,160,2086,2240,1,100,30354,256090,0,12,3,138,138,ELECTION,0,0,149,14,8,276,7,11,142,149,22,0,0,0,0
290549,3,bully,5375,0,0,0,153,164,2142,2296,1,100,30259,259604,0,11,1,142,142,ELECTION,0,0,153,16,6,284,8,11,145,153,22,0,0,0,0
290032,46,bully,6870,0,0,0,151,162,2114,2268,1,100,30280,257495,0,11,1,140,140,ELECTION,0,0,151,14,8,280,7,11,144,151,22,0,0,0,0
290029,89,bully,8313,0,0,0,149,160,2086,2240,1,100,30983,255565,0,12,3,138,138,ELECTION,0,0,149,14,8,276,7,11,142,149,22,0,0,0,0
290726,42,bully,7368,0,0,0,151,162,2114,2268,1,100,30285,257740,0,11,1,140,140,ELECTION,0,0,151,14,8,280,7,11,144,151,22,0,0,0,0
290331,95,bully,8874,1,0,0,150,162,2100,2268,1,100,26883,259352,0,14,3,137,137,ELECTION,0,0,150,18,8,274,8,12,141,149,26,0,0,0,0
290506,100,bully,5174,1,1,4669,158,34,2212,476,1,100,30303,259698,0,11,1,142,12,ELECTION,0,15,158,16,16,284,8,11,15,23,22,0,0,0,0
290250,31,bully,6305,0,0,0,152,162,2128,2268,1,100,30342,258298,0,10,1,142,142,ELECTION,0,0,152,14,6,284,7,10,145,152,20,0,0,0,0
290574,59,bully,7869,0,0,0,151,162,2114,2268,1,100,30352,256947,0,11,1,140,140,ELECTION,0,0,151,14,8,280,7,11,144,151,22,0,0,0,0
290877,7,bully,5725,0,0,0,153,164,2142,2296,1,100,30293,259553,0,11,1,142,142,ELECTION,0,0,153,16,6,284,8,11,145,153,22,0,0,0,0
290047,14,bully,5201,0,0,0,152,162,2128,2268,1,100,30328,259176,0,10,1,142,142,ELECTION,0,0,152,14,6,284,7,10,145,152,20,0,0,0,0
290862,39,bully,7245,0,0,0,152,163,2128,2282,1,100,30266,258015,0,11,1,141,141,ELECTION,0,0,152,14,8,282,7,11,145,152,22,0,0,0,0
290044,57,bully,7219,0,0,0,151,162,2114,2268,1,100,30334,257084,0,11,1,140,140,ELECTION,0,0,151,14,8,280,7,11,144,151,22,0,0,0,0
290235,63,bully,7725,0,0,0,150,161,2100,2254,1,100,30315,256849,0,11,1,139,139,ELECTION,0,0,150,14,8,278,7,11,143,150,22,0,0,0,0
290777,20,bully,6262,0,0,0,152,162,2128,2268,1,100,30291,258928,0,10,1,142,142,ELECTION,0,0,152,14,6,284,7,10,145,152,20,0,0,0,0
290438,80,bully,8730,0,0,0,149,160,2086,2240,1,100,30328,256063,0,12,3,138,138,ELECTION,0,0,149,14,8,276,7,11,142,149,22,0,0,0,0
290453,48,bully,7204,0,0,0,151,162,2114,2268,1,100,30276,257613,0,11,1,140,140,ELECTION,0,0,151,14,8,280,7,11,144,151,22,0,0,0,0
290641,97,bully,9134,1,2,106511,505,520,7070,7280,3,100,184769,101552,0,17,3,496,496,LEADER,1,4,506,8,10,992,10,15,501,511,18,101,101,8,101
290807,66,bully,8394,0,0,0,150,161,2100,2254,1,100,30333,256755,0,11,1,139,139,ELECTION,0,0,150,14,8,278,7,11,143,150,22,0,0,0,0
290792,62,bully,8155,0,0,0,151,162,2114,2268,1,100,30303,256984,0,11,1,140,140,ELECTION,0,0,151,14,8,280,7,11,144,151,22,0,0,0,0
290874,50,bully,7663,0,0,0,151,162,2114,2268,1,100,30305,257539,0,11,1,140,140,ELECTION,0,0,151,14,8,280,7,11,144,151,22,0,0,0,0
290356,92,bully,8534,0,0,0,149,160,2086,2240,1,100,30991,255667,0,12,3,138,138,ELECTION,0,0,149,14,8,276,7,11,142,149,22,0,0,0,0
291018,55,bully,7968,0,0,0,151,162,2114,2268,1,100,30331,257316,0,11,1,140,140,ELECTION,0,0,151,14,8,280,7,11,144,151,22,0,0,0,0
290371,60,bully,7582,0,0,0,151,162,2114,2268,1,100,30323,257082,0,11,1,140,140,ELECTION,0,0,151,14,8,280,7,11,144,151,22,0,0,0,0
290671,33,bully,6605,0,0,0,151,161,2114,2254,1,100,30385,258355,0,10,1,141,141,ELECTION,0,0,151,14,6,282,7,10,144,151,20,1,0,0,0
290523,25,bully,6115,0,0,0,152,162,2128,2268,1,100,30294,258870,0,10,1,142,142,ELECTION,0,0,152,14,6,284,7,10,145,152,20,0,0,0,0
290180,54,bully,7039,0,0,0,151,162,2114,2268,1,100,30331,257412,0,11,1,140,140,ELECTION,0,0,151,14,8,280,7,11,144,151,22,0,0,0,0
290589,45,bully,7030,0,0,0,151,162,2114,2268,1,100,30258,257963,0,11,1,140,140,ELECTION,0,0,151,14,8,280,7,11,144,151,22,0,0,0,0
290995,79,bully,9041,0,0,0,149,160,2086,2240,1,100,30326,256337,0,12,3,138,138,ELECTION,0,0,149,14,8,276,7,11,142,149,22,0,0,0,0
290383,71,bully,8021,0,0,0,150,161,2100,2254,1,100,30335,256668,0,11,1,139,139,ELECTION,0,0,150,14,8,278,7,11,143,150,22,0,0,0,0
290468,16,bully,5502,0,0,0,152,162,2128,2268,1,100,30331,259329,0,10,1,142,142,ELECTION,0,0,152,14,6,284,7,10,145,152,20,0,0,0,0
291005,30,bully,6716,0,0,0,152,162,2128,2268,1,100,30316,258674,0,10,1,142,142,ELECTION,0,0,152,14,6,284,7,10,145,152,20,0,0,0,0
290656,65,bully,7956,0,0,0,151,162,2114,2268,1,100,30342,257014,0,11,1,140,140,ELECTION,0,0,151,14,8,280,7,11,144,151,22,0,0,0,0
290914,91,bully,8867,0,0,0,149,160,2086,2240,1,100,30994,255885,0,12,2,138,138,ELECTION,0,0,149,14,8,276,7,11,142,149,22,0,0,0,0
291268,73,bully,8929,0,0,0,150,161,2100,2254,1,100,30324,256695,0,12,2,139,139,ELECTION,0,0,150,14,8,278,7,11,143,150,22,0,0,0,0
291080,24,bully,6447,0,0,0,152,162,2128,2268,1,100,30288,259113,0,10,1,142,142,ELECTION,0,0,152,14,6,284,7,10,145,152,20,0,0,0,0
290813,19,bully,5884,0,0,0,152,162,2128,2268,1,100,30334,259251,0,10,1,142,142,ELECTION,0,0,152,14,6,284,7,10,145,152,20,0,0,0,0
290686,1,bully,4915,0,0,0,153,169,2142,2366,1,100,285678,4788,0,16,1,142,142,NORMAL,0,0,153,16,6,284,8,16,150,153,22,0,0,0,0
291298,9,bully,5897,0,0,0,153,164,2142,2296,1,100,30287,259843,0,11,1,142,142,ELECTION,0,0,153,16,6,284,8,11,145,153,22,0,0,0,0
290889,18,bully,5881,0,0,0,152,162,2128,2268,1,100,30325,259358,0,10,1,142,142,ELECTION,0,0,152,14,6,284,7,10,145,152,20,0,0,0,0
290884,12,bully,5505,0,0,0,153,164,2142,2296,1,100,30313,259705,0,11,1,142,142,ELECTION,0,0,153,16,6,284,8,11,145,153,22,0,0,0,0
290520,68,bully,7822,0,0,0,151,162,2114,2268,1,100,30356,257000,0,11,1,140,140,ELECTION,0,0,151,14,8,280,7,11,144,151,22,0,0,0,0
290741,10,bully,5321,0,0,0,153,164,2142,2296,1,100,30298,259844,0,11,1,142,142,ELECTION,0,0,153,16,6,284,8,11,145,153,22,0,0,0,0
291413,34,bully,7061,0,0,0,152,163,2128,2282,1,100,30390,258629,0,11,1,141,141,ELECTION,0,0,152,14,8,282,7,11,145,152,22,0,0,0,0
291010,47,bully,7247,0,0,0,151,162,2114,2268,1,100,30271,258088,0,11,1,140,140,ELECTION,0,0,151,14,8,280,7,11,144,151,22,0,0,0,0
291501,26,bully,6703,0,0,0,152,162,2128,2268,1,100,30259,259268,0,10,1,142,142,ELECTION,0,0,152,14,6,284,7,10,145,152,20,0,0,0,0
290814,53,bully,7161,0,0,0,151,162,2114,2268,1,100,30321,257942,0,11,1,140,140,ELECTION,0,0,151,14,8,280,7,11,144,151,22,0,0,0,0
291065,56,bully,7568,0,0,0,151,162,2114,2268,1,100,30321,257782,0,11,1,140,140,ELECTION,0,0,151,14,8,280,7,11,144,151,22,0,0,0,0
291365,29,bully,6618,0,0,0,152,162,2128,2268,1,100,30307,259135,0,10,1,142,142,ELECTION,0,0,152,14,6,284,7,10,145,152,20,0,0,0,0
291471,90,bully,8993,0,0,0,149,160,2086,2240,1,100,31013,256300,0,12,2,138,138,ELECTION,0,0,149,14,8,276,7,11,142,149,22,0,0,0,0
291260,77,bully,8753,0,0,0,150,161,2100,2254,1,100,30337,256869,0,12,2,139,139,ELECTION,0,0,150,14,8,278,7,11,143,150,22,0,0,0,0
291217,21,bully,6096,0,0,0,152,162,2128,2268,1,100,30290,259535,0,10,1,142,142,ELECTION,0,0,152,14,6,284,7,10,145,152,20,0,0,0,0
291050,88,bully,8433,0,0,0,150,161,2100,2254,1,100,30971,256430,0,12,2,139,139,ELECTION,0,0,150,14,8,278,7,11,143,150,22,0,0,0,0
291025,15,bully,5508,0,0,0,152,162,2128,2268,1,100,30328,259854,0,10,1,142,142,ELECTION,0,0,152,14,6,284,7,10,145,152,20,0,0,0,0
291623,76,bully,8979,0,0,0,150,161,2100,2254,1,100,30343,256993,0,12,2,139,139,ELECTION,0,0,150,14,8,278,7,11,143,150,22,0,0,0,0
290859,82,bully,8440,0,0,0,150,161,2100,2254,1,100,30283,256866,0,12,2,139,139,ELECTION,0,0,150,14,8,278,7,11,143,150,22,0,0,0,0
291187,85,bully,8868,0,0,0,150,161,2100,2254,1,100,30319,256737,0,12,2,139,139,ELECTION,0,0,150,14,8,278,7,11,143,150,22,0,0,0,0
291880,81,bully,9351,0,0,0,150,161,2100,2254,1,100,30303,256917,0,12,2,139,139,ELECTION,0,0,150,14,8,278,7,11,143,150,22,0,0,0,0
291147,44,bully,6804,0,0,0,151,162,2114,2268,1,100,30288,258706,0,11,1,140,140,ELECTION,0,0,151,14,8,280,7,11,144,151,22,0,0,0,0
290944,27,bully,5851,0,0,0,152,162,2128,2268,1,100,30272,259562,0,10,1,142,142,ELECTION,0,0,152,14,6,284,7,10,145,152,20,0,0,0,0
290935,64,bully,7513,0,0,0,151,162,2114,2268,1,100,30325,257729,0,11,1,140,140,ELECTION,0,0,151,14,8,280,7,11,144,151,22,0,0,0,0
291435,6,bully,5219,0,0,0,154,165,2156,2310,1,100,30293,260609,0,11,0,143,143,ELECTION,0,0,154,16,6,286,8,11,146,154,22,0,0,0,0
291283,41,bully,6724,0,0,0,152,163,2128,2282,1,100,30291,258927,0,11,1,141,141,ELECTION,0,0,152,14,8,282,7,11,145,152,22,0,0,0,0
291202,28,bully,6060,0,0,0,152,162,2128,2268,1,100,30293,259609,0,10,1,142,142,ELECTION,0,0,152,14,6,284,7,10,145,152,20,0,0,0,0
291689,75,bully,8651,0,0,0,150,161,2100,2254,1,100,30375,257322,0,12,2,139,139,ELECTION,0,0,150,14,8,278,7,11,143,150,22,0,0,0,0
291350,61,bully,7649,0,0,0,151,162,2114,2268,1,100,30315,258000,0,11,1,140,140,ELECTION,0,0,151,14,8,280,7,11,144,151,22,0,0,0,0
291183,37,bully,6337,0,0,0,152,163,2128,2282,1,100,30316,259188,0,11,1,141,141,ELECTION,0,0,152,14,8,282,7,11,145,152,22,0,0,0,0
291238,17,bully,5433,0,0,0,153,163,2142,2282,1,100,30313,260191,0,10,1,143,143,ELECTION,0,0,153,14,6,286,7,10,146,153,20,0,0,0,0
291405,70,bully,8054,0,0,0,151,162,2114,2268,1,100,30334,257656,0,11,1,140,140,ELECTION,0,0,151,14,8,280,7,11,144,151,22,0,0,0,0
291895,49,bully,7546,0,0,0,151,162,2114,2268,1,100,30278,258702,0,11,1,140,140,ELECTION,0,0,151,14,8,280,7,11,144,151,22,0,0,0,0
291993,94,bully,9129,0,0,0,151,163,2114,2282,1,100,30924,256744,0,13,2,139,139,ELECTION,0,0,151,16,8,278,8,12,143,151,24,1,0,0,0
291213,96,bully,8455,1,0,0,512,527,7168,7378,3,100,181898,105661,0,18,2,497,497,NORMAL,0,0,512,20,10,994,10,15,502,512,30,1,0,0,0
291744,84,bully,9040,0,0,0,150,161,2100,2254,1,100,30299,257163,0,12,2,139,139,ELECTION,0,0,150,14,8,278,7,11,143,150,22,0,0,0,0
291856,8,bully,5478,0,0,0,154,165,2156,2310,1,100,30311,260780,0,11,0,143,143,ELECTION,0,0,154,16,6,286,8,11,146,154,22,0,0,0,0
291759,52,bully,7415,0,0,0,151,162,2114,2268,1,100,30316,258629,0,11,1,140,140,ELECTION,0,0,151,14,8,280,7,11,144,151,22,0,0,0,0
291638,23,bully,6006,0,0,0,153,163,2142,2282,1,100,30284,260105,0,10,1,143,143,ELECTION,0,0,153,14,6,286,7,10,146,153,20,0,0,0,0
291486,58,bully,7387,0,0,0,151,162,2114,2268,1,100,30344,258355,0,11,1,140,140,ELECTION,0,0,151,14,8,280,7,11,144,151,22,0,0,0,0
291335,93,bully,8312,1,0,0,151,162,2114,2268,1,100,30992,256835,0,13,2,139,139,ELECTION,0,0,151,16,8,278,7,11,143,150,24,0,0,0,0
291692,32,bully,6364,0,0,0,153,163,2142,2282,1,100,30373,259635,0,10,1,143,143,ELECTION,0,0,153,14,6,286,7,10,146,153,20,0,0,0,0
291526,99,bully,7866,1,0,0,23,33,322,462,1,100,27430,260798,0,12,66,12,12,ELECTION,0,0,23,16,6,24,7,10,15,22,22,0,0,0,0
291498,72,bully,8030,0,0,0,151,162,2114,2268,1,100,30325,257811,0,11,1,140,140,ELECTION,0,0,151,14,8,280,7,11,144,151,22,0,0,0,0
291556,35,bully,6309,0,0,0,153,164,2142,2296,1,100,30382,259529,0,11,1,142,142,ELECTION,0,0,153,14,8,284,7,11,146,153,22,0,0,0,0
291719,11,bully,5307,0,0,0,154,165,2156,2310,1,100,30307,260790,0,11,0,143,143,ELECTION,0,0,154,16,6,286,8,11,146,154,22,0,0,0,0
291541,67,bully,7792,0,0,0,151,162,2114,2268,1,100,30342,258096,0,11,1,140,140,ELECTION,0,0,151,14,8,280,7,11,144,151,22,0,0,0,0
291608,87,bully,8067,0,0,0,150,161,2100,2254,1,100,30944,257388,0,12,2,139,139,ELECTION,0,0,150,14,8,278,7,11,143,150,22,0,0,0,0
291704,43,bully,6630,0,0,0,152,163,2128,2282,1,100,30290,259418,0,11,1,141,141,ELECTION,0,0,152,14,8,282,7,11,145,152,22,0,0,0,0
291992,5,bully,5042,0,0,0,154,165,2156,2310,1,100,30297,261338,0,11,0,143,143,ELECTION,0,0,154,16,6,286,8,11,146,154,22,0,0,0,0
291841,40,bully,6571,0,0,0,153,164,2142,2296,1,100,30301,259590,0,11,1,142,142,ELECTION,0,0,153,14,8,284,7,11,146,153,22,0,0,0,0
291962,69,bully,7947,0,0,0,151,162,2114,2268,1,100,30312,258374,0,11,1,140,140,ELECTION,0,0,151,14,8,280,7,11,144,151,22,0,0,0,0
291977,83,bully,8572,0,0,0,150,161,2100,2254,1,100,30300,257844,0,12,2,139,139,ELECTION,0,0,150,14,8,278,7,11,143,150,22,0,0,0,0
