timestamp,node_id,algorithm,first_convergence_time_ms,elections_started,elections_completed,total_election_time_ms,messages_sent,messages_received,bytes_sent,bytes_received,leader_changes,current_leader,time_in_normal_ms,time_in_election_ms,time_in_waiting_ms,state_transitions,timeouts_detected,heartbeats_sent,heartbeats_received,current_state,am_leader,elections_won,elections_lost,msg_election_sent,msg_answer_sent,msg_coordinator_sent,msg_alive_sent,msg_election_recv,msg_answer_recv,msg_coordinator_recv,msg_alive_recv,duplicates_filtered,invalid_coordinators,coordinator_reannouncements,alive_adoptions
3077,1,bully,3077,1,1,3077,3,3,18,18,1,1,0,3077,0,2,0,0,0,LEADER,1,4,1,4,1,3,0,3,0,0,0,0,0,0,0
3383,5,bully,3383,1,1,3383,3,4,18,24,1,1,0,3383,0,2,0,0,0,NORMAL,0,3,2,3,3,3,0,4,0,0,0,0,0,0,0
2940,4,bully,2940,1,1,2940,3,8,18,48,1,1,0,2940,0,2,0,0,0,NORMAL,0,3,2,4,2,3,0,8,0,0,0,0,0,0,0
3498,3,bully,3498,1,1,3498,3,2,18,12,1,1,0,3498,0,2,0,0,0,NORMAL,0,3,2,3,3,3,0,2,0,0,0,0,0,0,0
3519,2,bully,3519,1,1,3519,3,12,18,72,1,1,0,3519,0,2,0,0,0,NORMAL,0,3,2,4,2,3,0,12,0,0,0,0,0,0,0
5380,1,bully,3077,1,1,3077,6,9,36,54,1,1,2303,3077,0,2,0,0,0,LEADER,1,4,1,7,1,6,0,9,0,0,0,0,0,0,0
5686,5,bully,3383,1,1,3383,6,10,36,60,1,1,2303,3383,0,2,0,0,0,NORMAL,0,3,1,6,3,6,0,10,0,0,0,0,0,0,0
5243,4,bully,2940,1,1,2940,6,14,36,84,1,1,2303,2940,0,2,0,0,0,NORMAL,0,3,1,7,2,6,0,14,0,0,0,0,0,0,0
5801,3,bully,3498,1,1,3498,6,5,36,30,1,1,2303,3498,0,2,0,0,0,NORMAL,0,3,1,6,3,6,0,5,0,0,0,0,0,0,0
5822,2,bully,3519,1,1,3519,6,21,36,126,1,1,2303,3519,0,2,0,0,0,NORMAL,0,3,1,7,2,6,0,21,0,0,0,0,0,0,0
7683,1,bully,3077,1,1,3077,9,15,54,90,1,1,4606,3077,0,2,0,0,0,LEADER,1,4,1,10,1,9,0,15,0,0,0,0,0,0,0
7989,5,bully,3383,1,1,3383,9,16,54,96,1,1,4606,3383,0,2,0,0,0,NORMAL,0,3,1,9,3,9,0,16,0,0,0,0,0,0,0
7546,4,bully,2940,1,1,2940,9,20,54,120,1,1,4606,2940,0,2,0,0,0,NORMAL,0,3,1,10,2,9,0,20,0,0,0,0,0,0,0
8104,3,bully,3498,1,1,3498,9,8,54,48,1,1,4606,3498,0,2,0,0,0,NORMAL,0,3,1,9,3,9,0,8,0,0,0,0,0,0,0
8125,2,bully,3519,1,1,3519,9,30,54,180,1,1,4606,3519,0,2,0,0,0,NORMAL,0,3,1,10,2,9,0,30,0,0,0,0,0,0,0
9986,1,bully,3077,1,2,13063,12,21,72,126,1,1,6909,3077,0,3,0,0,0,LEADER,1,4,1,4,2,12,0,21,0,0,0,0,0,0,0
10292,5,bully,3383,1,2,13675,12,22,72,132,1,1,6909,3383,0,3,0,0,0,NORMAL,0,3,2,3,6,12,0,22,0,0,0,0,0,0,0
9849,4,bully,2940,1,2,12789,12,26,72,156,1,1,6909,2940,0,3,0,0,0,NORMAL,0,3,2,3,5,12,0,26,0,0,0,0,0,0,0
10407,3,bully,3498,1,2,13905,12,11,72,66,1,1,6909,3498,0,3,0,0,0,NORMAL,0,3,2,3,6,12,0,11,0,0,0,0,0,0,0
10428,2,bully,3519,1,2,13947,12,39,72,234,1,1,6909,3519,0,3,0,0,0,NORMAL,0,3,2,3,5,12,0,39,0,0,0,0,0,0,0
12289,1,bully,3077,1,2,13063,15,27,90,162,1,1,9212,3077,0,3,0,0,0,LEADER,1,4,1,7,2,15,0,27,0,0,0,0,0,0,0
12595,5,bully,3383,1,2,13675,15,28,90,168,1,1,9212,3383,0,3,0,0,0,NORMAL,0,3,1,6,6,15,0,28,0,0,0,0,0,0,0
12152,4,bully,2940,1,2,12789,15,32,90,192,1,1,9212,2940,0,3,0,0,0,NORMAL,0,3,1,6,5,15,0,32,0,0,0,0,0,0,0
12710,3,bully,3498,1,2,13905,15,14,90,84,1,1,9212,3498,0,3,0,0,0,NORMAL,0,3,1,6,6,15,0,14,0,0,0,0,0,0,0
12731,2,bully,3519,1,2,13947,15,48,90,288,1,1,9212,3519,0,3,0,0,0,NORMAL,0,3,1,6,5,15,0,48,0,0,0,0,0,0,0
14592,1,bully,3077,1,2,13063,18,33,108,198,1,1,11515,3077,0,3,0,0,0,LEADER,1,4,1,10,2,18,0,33,0,0,0,0,0,0,0
14898,5,bully,3383,1,2,13675,18,34,108,204,1,1,11515,3383,0,3,0,0,0,NORMAL,0,3,1,9,6,18,0,34,0,0,0,0,0,0,0
14455,4,bully,2940,1,2,12789,18,38,108,228,1,1,11515,2940,0,3,0,0,0,NORMAL,0,3,1,9,5,18,0,38,0,0,0,0,0,0,0
15013,3,bully,3498,1,2,13905,18,17,108,102,1,1,11515,3498,0,3,0,0,0,NORMAL,0,3,1,9,6,18,0,17,0,0,0,0,0,0,0
15034,2,bully,3519,1,2,13947,18,57,108,342,1,1,11515,3519,0,3,0,0,0,NORMAL,0,3,1,9,5,18,0,57,0,0,0,0,0,0,0
16895,1,bully,3077,1,3,29958,21,39,126,234,1,1,13818,3077,0,4,0,0,0,LEADER,1,4,1,4,3,21,0,39,0,0,0,0,0,0,0
17201,5,bully,3383,1,3,30876,21,40,126,240,1,1,13818,3383,0,4,0,0,0,NORMAL,0,3,2,3,9,21,0,40,0,0,0,0,0,0,0
16758,4,bully,2940,1,3,29547,21,44,126,264,1,1,13818,2940,0,4,0,0,0,NORMAL,0,3,2,3,8,21,0,44,0,0,0,0,0,0,0
17316,3,bully,3498,1,3,31221,21,20,126,120,1,1,13818,3498,0,4,0,0,0,NORMAL,0,3,2,3,9,21,0,20,0,0,0,0,0,0,0
17337,2,bully,3519,1,3,31284,21,66,126,396,1,1,13818,3519,0,4,0,0,0,NORMAL,0,3,2,3,8,21,0,66,0,0,0,0,0,0,0
19198,1,bully,3077,1,3,29958,24,45,144,270,1,1,16121,3077,0,4,0,0,0,LEADER,1,4,1,7,3,24,0,45,0,0,0,0,0,0,0
19504,5,bully,3383,1,3,30876,24,46,144,276,1,1,16121,3383,0,4,0,0,0,NORMAL,0,3,1,6,9,24,0,46,0,0,0,0,0,0,0
19061,4,bully,2940,1,3,29547,24,50,144,300,1,1,16121,2940,0,4,0,0,0,NORMAL,0,3,1,6,8,24,0,50,0,0,0,0,0,0,0
19619,3,bully,3498,1,3,31221,24,23,144,138,1,1,16121,3498,0,4,0,0,0,NORMAL,0,3,1,6,9,24,0,23,0,0,0,0,0,0,0
19640,2,bully,3519,1,3,31284,24,75,144,450,1,1,16121,3519,0,4,0,0,0,NORMAL,0,3,1,6,8,24,0,75,0,0,0,0,0,0,0
21501,1,bully,3077,1,3,29958,27,51,162,306,1,1,18424,3077,0,4,0,0,0,LEADER,1,4,1,10,3,27,0,51,0,0,0,0,0,0,0
21807,5,bully,3383,1,3,30876,27,52,162,312,1,1,18424,3383,0,4,0,0,0,NORMAL,0,3,1,9,9,27,0,52,0,0,0,0,0,0,0
21364,4,bully,2940,1,3,29547,27,56,162,336,1,1,18424,2940,0,4,0,0,0,NORMAL,0,3,1,9,8,27,0,56,0,0,0,0,0,0,0
21922,3,bully,3498,1,3,31221,27,26,162,156,1,1,18424,3498,0,4,0,0,0,NORMAL,0,3,1,9,9,27,0,26,0,0,0,0,0,0,0
21943,2,bully,3519,1,3,31284,27,84,162,504,1,1,18424,3519,0,4,0,0,0,NORMAL,0,3,1,9,8,27,0,84,0,0,0,0,0,0,0
23804,1,bully,3077,1,4,53762,30,57,180,342,1,1,20727,3077,0,5,0,0,0,LEADER,1,4,1,4,4,30,0,57,0,0,0,0,0,0,0
24110,5,bully,3383,1,4,54986,30,58,180,348,1,1,20727,3383,0,5,0,0,0,NORMAL,0,3,2,3,12,30,0,58,0,0,0,0,0,0,0
23667,4,bully,2940,1,4,53214,30,62,180,372,1,1,20727,2940,0,5,0,0,0,NORMAL,0,3,2,3,11,30,0,62,0,0,0,0,0,0,0
24225,3,bully,3498,1,4,55446,30,29,180,174,1,1,20727,3498,0,5,0,0,0,NORMAL,0,3,2,3,12,30,0,29,0,0,0,0,0,0,0
24246,2,bully,3519,1,4,55530,30,93,180,558,1,1,20727,3519,0,5,0,0,0,NORMAL,0,3,2,3,11,30,0,93,0,0,0,0,0,0,0
26107,1,bully,3077,1,4,53762,33,63,198,378,1,1,23030,3077,0,5,0,0,0,LEADER,1,4,1,7,4,33,0,63,0,0,0,0,0,0,0
26413,5,bully,3383,1,4,54986,33,64,198,384,1,1,23030,3383,0,5,0,0,0,NORMAL,0,3,1,6,12,33,0,64,0,0,0,0,0,0,0
25970,4,bully,2940,1,4,53214,33,68,198,408,1,1,23030,2940,0,5,0,0,0,NORMAL,0,3,1,6,11,33,0,68,0,0,0,0,0,0,0
26528,3,bully,3498,1,4,55446,33,32,198,192,1,1,23030,3498,0,5,0,0,0,NORMAL,0,3,1,6,12,33,0,32,0,0,0,0,0,0,0
26549,2,bully,3519,1,4,55530,33,102,198,612,1,1,23030,3519,0,5,0,0,0,NORMAL,0,3,1,6,11,33,0,102,0,0,0,0,0,0,0
28410,1,bully,3077,1,4,53762,36,69,216,414,1,1,25333,3077,0,5,0,0,0,LEADER,1,4,1,10,4,36,0,69,0,0,0,0,0,0,0
28716,5,bully,3383,1,4,54986,36,70,216,420,1,1,25333,3383,0,5,0,0,0,NORMAL,0,3,1,9,12,36,0,70,0,0,0,0,0,0,0
28273,4,bully,2940,1,4,53214,36,74,216,444,1,1,25333,2940,0,5,0,0,0,NORMAL,0,3,1,9,11,36,0,74,0,0,0,0,0,0,0
28831,3,bully,3498,1,4,55446,36,35,216,210,1,1,25333,3498,0,5,0,0,0,NORMAL,0,3,1,9,12,36,0,35,0,0,0,0,0,0,0
28852,2,bully,3519,1,4,55530,36,111,216,666,1,1,25333,3519,0,5,0,0,0,NORMAL,0,3,1,9,11,36,0,111,0,0,0,0,0,0,0
30712,1,bully,3077,1,5,84474,39,75,234,450,1,1,27635,3077,0,6,0,0,0,LEADER,1,4,1,4,5,39,0,75,0,0,0,0,0,0,0
31019,5,bully,3383,1,5,86005,39,76,234,456,1,1,27636,3383,0,6,0,0,0,NORMAL,0,3,2,3,15,39,0,76,0,0,0,0,0,0,0
30576,4,bully,2940,1,5,83790,39,80,234,480,1,1,27636,2940,0,6,0,0,0,NORMAL,0,3,2,3,14,39,0,80,0,0,0,0,0,0,0
31134,3,bully,3498,1,5,86580,39,38,234,228,1,1,27636,3498,0,6,0,0,0,NORMAL,0,3,2,3,15,39,0,38,0,0,0,0,0,0,0
31155,2,bully,3519,1,5,86685,39,120,234,720,1,1,27636,3519,0,6,0,0,0,NORMAL,0,3,2,3,14,39,0,120,0,0,0,0,0,0,0
33015,1,bully,3077,1,5,84474,42,81,252,486,1,1,29938,3077,0,6,0,0,0,LEADER,1,4,1,7,5,42,0,81,0,0,0,0,0,0,0
33322,5,bully,3383,1,5,86005,42,82,252,492,1,1,29939,3383,0,6,0,0,0,NORMAL,0,3,1,6,15,42,0,82,0,0,0,0,0,0,0
32879,4,bully,2940,1,5,83790,42,86,252,516,1,1,29939,2940,0,6,0,0,0,NORMAL,0,3,1,6,14,42,0,86,0,0,0,0,0,0,0
33437,3,bully,3498,1,5,86580,42,41,252,246,1,1,29939,3498,0,6,0,0,0,NORMAL,0,3,1,6,15,42,0,41,0,0,0,0,0,0,0
33458,2,bully,3519,1,5,86685,42,129,252,774,1,1,29939,3519,0,6,0,0,0,NORMAL,0,3,1,6,14,42,0,129,0,0,0,0,0,0,0
35318,1,bully,3077,1,5,84474,45,87,270,522,1,1,32241,3077,0,6,0,0,0,LEADER,1,4,1,10,5,45,0,87,0,0,0,0,0,0,0
35625,5,bully,3383,1,5,86005,45,88,270,528,1,1,32242,3383,0,6,0,0,0,NORMAL,0,3,1,9,15,45,0,88,0,0,0,0,0,0,0
35182,4,bully,2940,1,5,83790,45,92,270,552,1,1,32242,2940,0,6,0,0,0,NORMAL,0,3,1,9,14,45,0,92,0,0,0,0,0,0,0
35740,3,bully,3498,1,5,86580,45,44,270,264,1,1,32242,3498,0,6,0,0,0,NORMAL,0,3,1,9,15,45,0,44,0,0,0,0,0,0,0
35761,2,bully,3519,1,5,86685,45,138,270,828,1,1,32242,3519,0,6,0,0,0,NORMAL,0,3,1,9,14,45,0,138,0,0,0,0,0,0,0
37621,1,bully,3077,1,6,122095,48,93,288,558,1,1,34544,3077,0,7,0,0,0,LEADER,1,4,1,4,6,48,0,93,0,0,0,0,0,0,0
37928,5,bully,3383,1,6,123933,48,94,288,564,1,1,34545,3383,0,7,0,0,0,NORMAL,0,3,2,3,18,48,0,94,0,0,0,0,0,0,0
37485,4,bully,2940,1,6,121275,48,98,288,588,1,1,34545,2940,0,7,0,0,0,NORMAL,0,3,2,3,17,48,0,98,0,0,0,0,0,0,0
38043,3,bully,3498,1,6,124623,48,47,288,282,1,1,34545,3498,0,7,0,0,0,NORMAL,0,3,2,3,18,48,0,47,0,0,0,0,0,0,0
38064,2,bully,3519,1,6,124749,48,147,288,882,1,1,34545,3519,0,7,0,0,0,NORMAL,0,3,2,3,17,48,0,147,0,0,0,0,0,0,0
39924,1,bully,3077,1,6,122095,51,99,306,594,1,1,36847,3077,0,7,0,0,0,LEADER,1,4,1,7,6,51,0,99,0,0,0,0,0,0,0
40231,5,bully,3383,1,6,123933,51,100,306,600,1,1,36848,3383,0,7,0,0,0,NORMAL,0,3,1,6,18,51,0,100,0,0,0,0,0,0,0
39788,4,bully,2940,1,6,121275,51,104,306,624,1,1,36848,2940,0,7,0,0,0,NORMAL,0,3,1,6,17,51,0,104,0,0,0,0,0,0,0
40346,3,bully,3498,1,6,124623,51,50,306,300,1,1,36848,3498,0,7,0,0,0,NORMAL,0,3,1,6,18,51,0,50,0,0,0,0,0,0,0
40367,2,bully,3519,1,6,124749,51,156,306,936,1,1,36848,3519,0,7,0,0,0,NORMAL,0,3,1,6,17,51,0,156,0,0,0,0,0,0,0
42227,1,bully,3077,1,6,122095,54,105,324,630,1,1,39150,3077,0,7,0,0,0,LEADER,1,4,1,10,6,54,0,105,0,0,0,0,0,0,0
42534,5,bully,3383,1,6,123933,54,106,324,636,1,1,39151,3383,0,7,0,0,0,NORMAL,0,3,1,9,18,54,0,106,0,0,0,0,0,0,0
42091,4,bully,2940,1,6,121275,54,110,324,660,1,1,39151,2940,0,7,0,0,0,NORMAL,0,3,1,9,17,54,0,110,0,0,0,0,0,0,0
42649,3,bully,3498,1,6,124623,54,53,324,318,1,1,39151,3498,0,7,0,0,0,NORMAL,0,3,1,9,18,54,0,53,0,0,0,0,0,0,0
42670,2,bully,3519,1,6,124749,54,165,324,990,1,1,39151,3519,0,7,0,0,0,NORMAL,0,3,1,9,17,54,0,165,0,0,0,0,0,0,0
44530,1,bully,3077,1,7,166625,57,111,342,666,1,1,41453,3077,0,8,0,0,0,LEADER,1,4,1,4,7,57,0,111,0,0,0,0,0,0,0
44837,5,bully,3383,1,7,168770,57,112,342,672,1,1,41454,3383,0,8,0,0,0,NORMAL,0,3,2,3,21,57,0,112,0,0,0,0,0,0,0
44394,4,bully,2940,1,7,165669,57,116,342,696,1,1,41454,2940,0,8,0,0,0,NORMAL,0,3,2,3,20,57,0,116,0,0,0,0,0,0,0
44952,3,bully,3498,1,7,169575,57,56,342,336,1,1,41454,3498,0,8,0,0,0,NORMAL,0,3,2,3,21,57,0,56,0,0,0,0,0,0,0
44973,2,bully,3519,1,7,169722,57,174,342,1044,1,1,41454,3519,0,8,0,0,0,NORMAL,0,3,2,3,20,57,0,174,0,0,0,0,0,0,0
46833,1,bully,3077,1,7,166625,60,117,360,702,1,1,43756,3077,0,8,0,0,0,LEADER,1,4,1,7,7,60,0,117,0,0,0,0,0,0,0
47140,5,bully,3383,1,7,168770,60,118,360,708,1,1,43757,3383,0,8,0,0,0,NORMAL,0,3,1,6,21,60,0,118,0,0,0,0,0,0,0
46697,4,bully,2940,1,7,165669,60,122,360,732,1,1,43757,2940,0,8,0,0,0,NORMAL,0,3,1,6,20,60,0,122,0,0,0,0,0,0,0
47255,3,bully,3498,1,7,169575,60,59,360,354,1,1,43757,3498,0,8,0,0,0,NORMAL,0,3,1,6,21,60,0,59,0,0,0,0,0,0,0
47276,2,bully,3519,1,7,169722,60,183,360,1098,1,1,43757,3519,0,8,0,0,0,NORMAL,0,3,1,6,20,60,0,183,0,0,0,0,0,0,0
49136,1,bully,3077,1,7,166625,63,123,378,738,1,1,46059,3077,0,8,0,0,0,LEADER,1,4,1,10,7,63,0,123,0,0,0,0,0,0,0
49443,5,bully,3383,1,7,168770,63,124,378,744,1,1,46060,3383,0,8,0,0,0,NORMAL,0,3,1,9,21,63,0,124,0,0,0,0,0,0,0
49000,4,bully,2940,1,7,165669,63,128,378,768,1,1,46060,2940,0,8,0,0,0,NORMAL,0,3,1,9,20,63,0,128,0,0,0,0,0,0,0
49558,3,bully,3498,1,7,169575,63,62,378,372,1,1,46060,3498,0,8,0,0,0,NORMAL,0,3,1,9,21,63,0,62,0,0,0,0,0,0,0
49579,2,bully,3519,1,7,169722,63,192,378,1152,1,1,46060,3519,0,8,0,0,0,NORMAL,0,3,1,9,20,63,0,192,0,0,0,0,0,0,0
51439,1,bully,3077,1,8,218064,66,129,396,774,1,1,48362,3077,0,9,0,0,0,LEADER,1,4,1,4,8,66,0,129,0,0,0,0,0,0,0
51746,5,bully,3383,1,8,220516,66,130,396,780,1,1,48363,3383,0,9,0,0,0,NORMAL,0,3,2,3,24,66,0,130,0,0,0,0,0,0,0
51303,4,bully,2940,1,8,216972,66,134,396,804,1,1,48363,2940,0,9,0,0,0,NORMAL,0,3,2,3,23,66,0,134,0,0,0,0,0,0,0
51861,3,bully,3498,1,8,221436,66,65,396,390,1,1,48363,3498,0,9,0,0,0,NORMAL,0,3,2,3,24,66,0,65,0,0,0,0,0,0,0
51882,2,bully,3519,1,8,221604,66,201,396,1206,1,1,48363,3519,0,9,0,0,0,NORMAL,0,3,2,3,23,66,0,201,0,0,0,0,0,0,0
53742,1,bully,3077,1,8,218064,69,135,414,810,1,1,50665,3077,0,9,0,0,0,LEADER,1,4,1,7,8,69,0,135,0,0,0,0,0,0,0
54049,5,bully,3383,1,8,220516,69,136,414,816,1,1,50666,3383,0,9,0,0,0,NORMAL,0,3,1,6,24,69,0,136,0,0,0,0,0,0,0
53606,4,bully,2940,1,8,216972,69,140,414,840,1,1,50666,2940,0,9,0,0,0,NORMAL,0,3,1,6,23,69,0,140,0,0,0,0,0,0,0
54164,3,bully,3498,1,8,221436,69,68,414,408,1,1,50666,3498,0,9,0,0,0,NORMAL,0,3,1,6,24,69,0,68,0,0,0,0,0,0,0
54185,2,bully,3519,1,8,221604,69,210,414,1260,1,1,50666,3519,0,9,0,0,0,NORMAL,0,3,1,6,23,69,0,210,0,0,0,0,0,0,0
56045,1,bully,3077,1,8,218064,72,141,432,846,1,1,52968,3077,0,9,0,0,0,LEADER,1,4,1,10,8,72,0,141,0,0,0,0,0,0,0
56352,5,bully,3383,1,8,220516,72,142,432,852,1,1,52969,3383,0,9,0,0,0,NORMAL,0,3,1,9,24,72,0,142,0,0,0,0,0,0,0
55909,4,bully,2940,1,8,216972,72,146,432,876,1,1,52969,2940,0,9,0,0,0,NORMAL,0,3,1,9,23,72,0,146,0,0,0,0,0,0,0
56467,3,bully,3498,1,8,221436,72,71,432,426,1,1,52969,3498,0,9,0,0,0,NORMAL,0,3,1,9,24,72,0,71,0,0,0,0,0,0,0
56488,2,bully,3519,1,8,221604,72,219,432,1314,1,1,52969,3519,0,9,0,0,0,NORMAL,0,3,1,9,23,72,0,219,0,0,0,0,0,0,0
58348,1,bully,3077,1,9,276412,75,147,450,882,1,1,55271,3077,0,10,0,0,0,LEADER,1,4,1,4,9,75,0,147,0,0,0,0,0,0,0
58655,5,bully,3383,1,9,279171,75,148,450,888,1,1,55272,3383,0,10,0,0,0,NORMAL,0,3,2,3,27,75,0,148,0,0,0,0,0,0,0
58212,4,bully,2940,1,9,275184,75,152,450,912,1,1,55272,2940,0,10,0,0,0,NORMAL,0,3,2,3,26,75,0,152,0,0,0,0,0,0,0
58770,3,bully,3498,1,9,280206,75,74,450,444,1,1,55272,3498,0,10,0,0,0,NORMAL,0,3,2,3,27,75,0,74,0,0,0,0,0,0,0
58791,2,bully,3519,1,9,280395,75,228,450,1368,1,1,55272,3519,0,10,0,0,0,NORMAL,0,3,2,3,26,75,0,228,0,0,0,0,0,0,0
60651,1,bully,3077,1,9,276412,78,153,468,918,1,1,57574,3077,0,10,0,0,0,LEADER,1,4,1,7,9,78,0,153,0,0,0,0,0,0,0
60958,5,bully,3383,1,9,279171,78,154,468,924,1,1,57575,3383,0,10,0,0,0,NORMAL,0,3,1,6,27,78,0,154,0,0,0,0,0,0,0
60515,4,bully,2940,1,9,275184,78,158,468,948,1,1,57575,2940,0,10,0,0,0,NORMAL,0,3,1,6,26,78,0,158,0,0,0,0,0,0,0
61073,3,bully,3498,1,9,280206,78,77,468,462,1,1,57575,3498,0,10,0,0,0,NORMAL,0,3,1,6,27,78,0,77,0,0,0,0,0,0,0
61094,2,bully,3519,1,9,280395,78,237,468,1422,1,1,57575,3519,0,10,0,0,0,NORMAL,0,3,1,6,26,78,0,237,0,0,0,0,0,0,0
62954,1,bully,3077,1,9,276412,81,159,486,954,1,1,59877,3077,0,10,0,0,0,LEADER,1,4,1,10,9,81,0,159,0,0,0,0,0,0,0
63261,5,bully,3383,1,9,279171,81,160,486,960,1,1,59878,3383,0,10,0,0,0,NORMAL,0,3,1,9,27,81,0,160,0,0,0,0,0,0,0
62818,4,bully,2940,1,9,275184,81,164,486,984,1,1,59878,2940,0,10,0,0,0,NORMAL,0,3,1,9,26,81,0,164,0,0,0,0,0,0,0
63376,3,bully,3498,1,9,280206,81,80,486,480,1,1,59878,3498,0,10,0,0,0,NORMAL,0,3,1,9,27,81,0,80,0,0,0,0,0,0,0
63397,2,bully,3519,1,9,280395,81,246,486,1476,1,1,59878,3519,0,10,0,0,0,NORMAL,0,3,1,9,26,81,0,246,0,0,0,0,0,0,0
65257,1,bully,3077,1,10,341669,84,165,504,990,1,1,62180,3077,0,11,0,0,0,LEADER,1,4,1,4,10,84,0,165,0,0,0,0,0,0,0
65564,5,bully,3383,1,10,344735,84,166,504,996,1,1,62181,3383,0,11,0,0,0,NORMAL,0,3,2,3,30,84,0,166,0,0,0,0,0,0,0
65121,4,bully,2940,1,10,340305,84,170,504,1020,1,1,62181,2940,0,11,0,0,0,NORMAL,0,3,2,3,29,84,0,170,0,0,0,0,0,0,0
65679,3,bully,3498,1,10,345885,84,83,504,498,1,1,62181,3498,0,11,0,0,0,NORMAL,0,3,2,3,30,84,0,83,0,0,0,0,0,0,0
65700,2,bully,3519,1,10,346095,84,255,504,1530,1,1,62181,3519,0,11,0,0,0,NORMAL,0,3,2,3,29,84,0,255,0,0,0,0,0,0,0
67560,1,bully,3077,1,10,341669,87,171,522,1026,1,1,64483,3077,0,11,0,0,0,LEADER,1,4,1,7,10,87,0,171,0,0,0,0,0,0,0
67867,5,bully,3383,1,10,344735,87,172,522,1032,1,1,64484,3383,0,11,0,0,0,NORMAL,0,3,1,6,30,87,0,172,0,0,0,0,0,0,0
67424,4,bully,2940,1,10,340305,87,176,522,1056,1,1,64484,2940,0,11,0,0,0,NORMAL,0,3,1,6,29,87,0,176,0,0,0,0,0,0,0
67982,3,bully,3498,1,10,345885,87,86,522,516,1,1,64484,3498,0,11,0,0,0,NORMAL,0,3,1,6,30,87,0,86,0,0,0,0,0,0,0
68003,2,bully,3519,1,10,346095,87,264,522,1584,1,1,64484,3519,0,11,0,0,0,NORMAL,0,3,1,6,29,87,0,264,0,0,0,0,0,0,0
69863,1,bully,3077,1,10,341669,90,177,540,1062,1,1,66786,3077,0,11,0,0,0,LEADER,1,4,1,10,10,90,0,177,0,0,0,0,0,0,0
70170,5,bully,3383,1,10,344735,90,178,540,1068,1,1,66787,3383,0,11,0,0,0,NORMAL,0,3,1,9,30,90,0,178,0,0,0,0,0,0,0
69727,4,bully,2940,1,10,340305,90,182,540,1092,1,1,66787,2940,0,11,0,0,0,NORMAL,0,3,1,9,29,90,0,182,0,0,0,0,0,0,0
70285,3,bully,3498,1,10,345885,90,89,540,534,1,1,66787,3498,0,11,0,0,0,NORMAL,0,3,1,9,30,90,0,89,0,0,0,0,0,0,0
70306,2,bully,3519,1,10,346095,90,273,540,1638,1,1,66787,3519,0,11,0,0,0,NORMAL,0,3,1,9,29,90,0,273,0,0,0,0,0,0,0
72166,1,bully,3077,1,11,413835,93,183,558,1098,1,1,69089,3077,0,12,0,0,0,LEADER,1,4,1,4,11,93,0,183,0,0,0,0,0,0,0
72473,5,bully,3383,1,11,417208,93,184,558,1104,1,1,69090,3383,0,12,0,0,0,NORMAL,0,3,2,3,33,93,0,184,0,0,0,0,0,0,0
72030,4,bully,2940,1,11,412335,93,188,558,1128,1,1,69090,2940,0,12,0,0,0,NORMAL,0,3,2,3,32,93,0,188,0,0,0,0,0,0,0
72588,3,bully,3498,1,11,418473,93,92,558,552,1,1,69090,3498,0,12,0,0,0,NORMAL,0,3,2,3,33,93,0,92,0,0,0,0,0,0,0
72609,2,bully,3519,1,11,418704,93,282,558,1692,1,1,69090,3519,0,12,0,0,0,NORMAL,0,3,2,3,32,93,0,282,0,0,0,0,0,0,0
74469,1,bully,3077,1,11,413835,96,189,576,1134,1,1,71392,3077,0,12,0,0,0,LEADER,1,4,1,7,11,96,0,189,0,0,0,0,0,0,0
74776,5,bully,3383,1,11,417208,96,190,576,1140,1,1,71393,3383,0,12,0,0,0,NORMAL,0,3,1,6,33,96,0,190,0,0,0,0,0,0,0
74333,4,bully,2940,1,11,412335,96,194,576,1164,1,1,71393,2940,0,12,0,0,0,NORMAL,0,3,1,6,32,96,0,194,0,0,0,0,0,0,0
74891,3,bully,3498,1,11,418473,96,95,576,570,1,1,71393,3498,0,12,0,0,0,NORMAL,0,3,1,6,33,96,0,95,0,0,0,0,0,0,0
74912,2,bully,3519,1,11,418704,96,291,576,1746,1,1,71393,3519,0,12,0,0,0,NORMAL,0,3,1,6,32,96,0,291,0,0,0,0,0,0,0
76772,1,bully,3077,1,11,413835,99,195,594,1170,1,1,73695,3077,0,12,0,0,0,LEADER,1,4,1,10,11,99,0,195,0,0,0,0,0,0,0
77079,5,bully,3383,1,11,417208,99,196,594,1176,1,1,73696,3383,0,12,0,0,0,NORMAL,0,3,1,9,33,99,0,196,0,0,0,0,0,0,0
76636,4,bully,2940,1,11,412335,99,200,594,1200,1,1,73696,2940,0,12,0,0,0,NORMAL,0,3,1,9,32,99,0,200,0,0,0,0,0,0,0
77194,3,bully,3498,1,11,418473,99,98,594,588,1,1,73696,3498,0,12,0,0,0,NORMAL,0,3,1,9,33,99,0,98,0,0,0,0,0,0,0
77215,2,bully,3519,1,11,418704,99,300,594,1800,1,1,73696,3519,0,12,0,0,0,NORMAL,0,3,1,9,32,99,0,300,0,0,0,0,0,0,0
79075,1,bully,3077,1,12,492910,102,201,612,1206,1,1,75998,3077,0,13,0,0,0,LEADER,1,4,1,4,12,102,0,201,0,0,0,0,0,0,0
79382,5,bully,3383,1,12,496590,102,202,612,1212,1,1,75999,3383,0,13,0,0,0,NORMAL,0,3,2,3,36,102,0,202,0,0,0,0,0,0,0
78939,4,bully,2940,1,12,491274,102,206,612,1236,1,1,75999,2940,0,13,0,0,0,NORMAL,0,3,2,3,35,102,0,206,0,0,0,0,0,0,0
79497,3,bully,3498,1,12,497970,102,101,612,606,1,1,75999,3498,0,13,0,0,0,NORMAL,0,3,2,3,36,102,0,101,0,0,0,0,0,0,0
79518,2,bully,3519,1,12,498222,102,309,612,1854,1,1,75999,3519,0,13,0,0,0,NORMAL,0,3,2,3,35,102,0,309,0,0,0,0,0,0,0
81378,1,bully,3077,1,12,492910,105,207,630,1242,1,1,78301,3077,0,13,0,0,0,LEADER,1,4,1,7,12,105,0,207,0,0,0,0,0,0,0
81685,5,bully,3383,1,12,496590,105,208,630,1248,1,1,78302,3383,0,13,0,0,0,NORMAL,0,3,1,6,36,105,0,208,0,0,0,0,0,0,0
81242,4,bully,2940,1,12,491274,105,212,630,1272,1,1,78302,2940,0,13,0,0,0,NORMAL,0,3,1,6,35,105,0,212,0,0,0,0,0,0,0
81800,3,bully,3498,1,12,497970,105,104,630,624,1,1,78302,3498,0,13,0,0,0,NORMAL,0,3,1,6,36,105,0,104,0,0,0,0,0,0,0
81821,2,bully,3519,1,12,498222,105,318,630,1908,1,1,78302,3519,0,13,0,0,0,NORMAL,0,3,1,6,35,105,0,318,0,0,0,0,0,0,0
83681,1,bully,3077,1,12,492910,108,213,648,1278,1,1,80604,3077,0,13,0,0,0,LEADER,1,4,1,10,12,108,0,213,0,0,0,0,0,0,0
83988,5,bully,3383,1,12,496590,108,214,648,1284,1,1,80605,3383,0,13,0,0,0,NORMAL,0,3,1,9,36,108,0,214,0,0,0,0,0,0,0
83545,4,bully,2940,1,12,491274,108,218,648,1308,1,1,80605,2940,0,13,0,0,0,NORMAL,0,3,1,9,35,108,0,218,0,0,0,0,0,0,0
84103,3,bully,3498,1,12,497970,108,107,648,642,1,1,80605,3498,0,13,0,0,0,NORMAL,0,3,1,9,36,108,0,107,0,0,0,0,0,0,0
84124,2,bully,3519,1,12,498222,108,327,648,1962,1,1,80605,3519,0,13,0,0,0,NORMAL,0,3,1,9,35,108,0,327,0,0,0,0,0,0,0
85984,1,bully,3077,1,13,578894,111,219,666,1314,1,1,82907,3077,0,14,0,0,0,LEADER,1,4,1,4,13,111,0,219,0,0,0,0,0,0,0
86291,5,bully,3383,1,13,582881,111,220,666,1320,1,1,82908,3383,0,14,0,0,0,NORMAL,0,3,2,3,39,111,0,220,0,0,0,0,0,0,0
85848,4,bully,2940,1,13,577122,111,224,666,1344,1,1,82908,2940,0,14,0,0,0,NORMAL,0,3,2,3,38,111,0,224,0,0,0,0,0,0,0
86406,3,bully,3498,1,13,584376,111,110,666,660,1,1,82908,3498,0,14,0,0,0,NORMAL,0,3,2,3,39,111,0,110,0,0,0,0,0,0,0
86427,2,bully,3519,1,13,584649,111,336,666,2016,1,1,82908,3519,0,14,0,0,0,NORMAL,0,3,2,3,38,111,0,336,0,0,0,0,0,0,0
88287,1,bully,3077,1,13,578894,114,225,684,1350,1,1,85210,3077,0,14,0,0,0,LEADER,1,4,1,7,13,114,0,225,0,0,0,0,0,0,0
88594,5,bully,3383,1,13,582881,114,226,684,1356,1,1,85211,3383,0,14,0,0,0,NORMAL,0,3,1,6,39,114,0,226,0,0,0,0,0,0,0
88151,4,bully,2940,1,13,577122,114,230,684,1380,1,1,85211,2940,0,14,0,0,0,NORMAL,0,3,1,6,38,114,0,230,0,0,0,0,0,0,0
88709,3,bully,3498,1,13,584376,114,113,684,678,1,1,85211,3498,0,14,0,0,0,NORMAL,0,3,1,6,39,114,0,113,0,0,0,0,0,0,0
88730,2,bully,3519,1,13,584649,114,345,684,2070,1,1,85211,3519,0,14,0,0,0,NORMAL,0,3,1,6,38,114,0,345,0,0,0,0,0,0,0
90590,1,bully,3077,1,13,578894,117,231,702,1386,1,1,87513,3077,0,14,0,0,0,LEADER,1,4,1,10,13,117,0,231,0,0,0,0,0,0,0
90897,5,bully,3383,1,13,582881,117,232,702,1392,1,1,87514,3383,0,14,0,0,0,NORMAL,0,3,1,9,39,117,0,232,0,0,0,0,0,0,0
90454,4,bully,2940,1,13,577122,117,236,702,1416,1,1,87514,2940,0,14,0,0,0,NORMAL,0,3,1,9,38,117,0,236,0,0,0,0,0,0,0
91012,3,bully,3498,1,13,584376,117,116,702,696,1,1,87514,3498,0,14,0,0,0,NORMAL,0,3,1,9,39,117,0,116,0,0,0,0,0,0,0
91033,2,bully,3519,1,13,584649,117,354,702,2124,1,1,87514,3519,0,14,0,0,0,NORMAL,0,3,1,9,38,117,0,354,0,0,0,0,0,0,0
92893,1,bully,3077,1,14,671787,120,237,720,1422,1,1,89816,3077,0,15,0,0,0,LEADER,1,4,1,4,14,120,0,237,0,0,0,0,0,0,0
93200,5,bully,3383,1,14,676081,120,238,720,1428,1,1,89817,3383,0,15,0,0,0,NORMAL,0,3,2,3,42,120,0,238,0,0,0,0,0,0,0
92757,4,bully,2940,1,14,669879,120,242,720,1452,1,1,89817,2940,0,15,0,0,0,NORMAL,0,3,2,3,41,120,0,242,0,0,0,0,0,0,0
93315,3,bully,3498,1,14,677691,120,119,720,714,1,1,89817,3498,0,15,0,0,0,NORMAL,0,3,2,3,42,120,0,119,0,0,0,0,0,0,0
93336,2,bully,3519,1,14,677985,120,363,720,2178,1,1,89817,3519,0,15,0,0,0,NORMAL,0,3,2,3,41,120,0,363,0,0,0,0,0,0,0
95196,1,bully,3077,1,14,671787,123,243,738,1458,1,1,92119,3077,0,15,0,0,0,LEADER,1,4,1,7,14,123,0,243,0,0,0,0,0,0,0
95503,5,bully,3383,1,14,676081,123,244,738,1464,1,1,92120,3383,0,15,0,0,0,NORMAL,0,3,1,6,42,123,0,244,0,0,0,0,0,0,0
95060,4,bully,2940,1,14,669879,123,248,738,1488,1,1,92120,2940,0,15,0,0,0,NORMAL,0,3,1,6,41,123,0,248,0,0,0,0,0,0,0
95618,3,bully,3498,1,14,677691,123,122,738,732,1,1,92120,3498,0,15,0,0,0,NORMAL,0,3,1,6,42,123,0,122,0,0,0,0,0,0,0
95639,2,bully,3519,1,14,677985,123,372,738,2232,1,1,92120,3519,0,15,0,0,0,NORMAL,0,3,1,6,41,123,0,372,0,0,0,0,0,0,0
97499,1,bully,3077,1,14,671787,126,249,756,1494,1,1,94422,3077,0,15,0,0,0,LEADER,1,4,1,10,14,126,0,249,0,0,0,0,0,0,0
97806,5,bully,3383,1,14,676081,126,250,756,1500,1,1,94423,3383,0,15,0,0,0,NORMAL,0,3,1,9,42,126,0,250,0,0,0,0,0,0,0
97363,4,bully,2940,1,14,669879,126,254,756,1524,1,1,94423,2940,0,15,0,0,0,NORMAL,0,3,1,9,41,126,0,254,0,0,0,0,0,0,0
97921,3,bully,3498,1,14,677691,126,125,756,750,1,1,94423,3498,0,15,0,0,0,NORMAL,0,3,1,9,42,126,0,125,0,0,0,0,0,0,0
97942,2,bully,3519,1,14,677985,126,381,756,2286,1,1,94423,3519,0,15,0,0,0,NORMAL,0,3,1,9,41,126,0,381,0,0,0,0,0,0,0
99802,1,bully,3077,1,15,771589,129,255,774,1530,1,1,96725,3077,0,16,0,0,0,LEADER,1,4,1,4,15,129,0,255,0,0,0,0,0,0,0
100109,5,bully,3383,1,15,776190,129,256,774,1536,1,1,96726,3383,0,16,0,0,0,NORMAL,0,3,2,3,45,129,0,256,0,0,0,0,0,0,0
99666,4,bully,2940,1,15,769545,129,260,774,1560,1,1,96726,2940,0,16,0,0,0,NORMAL,0,3,2,3,44,129,0,260,0,0,0,0,0,0,0
100224,3,bully,3498,1,15,777915,129,128,774,768,1,1,96726,3498,0,16,0,0,0,NORMAL,0,3,2,3,45,129,0,128,0,0,0,0,0,0,0
100245,2,bully,3519,1,15,778230,129,390,774,2340,1,1,96726,3519,0,16,0,0,0,NORMAL,0,3,2,3,44,129,0,390,0,0,0,0,0,0,0
102105,1,bully,3077,1,15,771589,132,261,792,1566,1,1,99028,3077,0,16,0,0,0,LEADER,1,4,1,7,15,132,0,261,0,0,0,0,0,0,0
102412,5,bully,3383,1,15,776190,132,262,792,1572,1,1,99029,3383,0,16,0,0,0,NORMAL,0,3,1,6,45,132,0,262,0,0,0,0,0,0,0
101969,4,bully,2940,1,15,769545,132,266,792,1596,1,1,99029,2940,0,16,0,0,0,NORMAL,0,3,1,6,44,132,0,266,0,0,0,0,0,0,0
102527,3,bully,3498,1,15,777915,132,131,792,786,1,1,99029,3498,0,16,0,0,0,NORMAL,0,3,1,6,45,132,0,131,0,0,0,0,0,0,0
102548,2,bully,3519,1,15,778230,132,399,792,2394,1,1,99029,3519,0,16,0,0,0,NORMAL,0,3,1,6,44,132,0,399,0,0,0,0,0,0,0
104408,1,bully,3077,1,15,771589,135,267,810,1602,1,1,101331,3077,0,16,0,0,0,LEADER,1,4,1,10,15,135,0,267,0,0,0,0,0,0,0
104715,5,bully,3383,1,15,776190,135,268,810,1608,1,1,101332,3383,0,16,0,0,0,NORMAL,0,3,1,9,45,135,0,268,0,0,0,0,0,0,0
104272,4,bully,2940,1,15,769545,135,272,810,1632,1,1,101332,2940,0,16,0,0,0,NORMAL,0,3,1,9,44,135,0,272,0,0,0,0,0,0,0
104830,3,bully,3498,1,15,777915,135,134,810,804,1,1,101332,3498,0,16,0,0,0,NORMAL,0,3,1,9,45,135,0,134,0,0,0,0,0,0,0
104851,2,bully,3519,1,15,778230,135,408,810,2448,1,1,101332,3519,0,16,0,0,0,NORMAL,0,3,1,9,44,135,0,408,0,0,0,0,0,0,0
106711,1,bully,3077,1,16,878300,138,273,828,1638,1,1,103634,3077,0,17,0,0,0,LEADER,1,4,1,4,16,138,0,273,0,0,0,0,0,0,0
107018,5,bully,3383,1,16,883208,138,274,828,1644,1,1,103635,3383,0,17,0,0,0,NORMAL,0,3,2,3,48,138,0,274,0,0,0,0,0,0,0
106575,4,bully,2940,1,16,876120,138,278,828,1668,1,1,103635,2940,0,17,0,0,0,NORMAL,0,3,2,3,47,138,0,278,0,0,0,0,0,0,0
107133,3,bully,3498,1,16,885048,138,137,828,822,1,1,103635,3498,0,17,0,0,0,NORMAL,0,3,2,3,48,138,0,137,0,0,0,0,0,0,0
107154,2,bully,3519,1,16,885384,138,417,828,2502,1,1,103635,3519,0,17,0,0,0,NORMAL,0,3,2,3,47,138,0,417,0,0,0,0,0,0,0
109014,1,bully,3077,1,16,878300,141,279,846,1674,1,1,105937,3077,0,17,0,0,0,LEADER,1,4,1,7,16,141,0,279,0,0,0,0,0,0,0
109321,5,bully,3383,1,16,883208,141,280,846,1680,1,1,105938,3383,0,17,0,0,0,NORMAL,0,3,1,6,48,141,0,280,0,0,0,0,0,0,0
108878,4,bully,2940,1,16,876120,141,284,846,1704,1,1,105938,2940,0,17,0,0,0,NORMAL,0,3,1,6,47,141,0,284,0,0,0,0,0,0,0
109436,3,bully,3498,1,16,885048,141,140,846,840,1,1,105938,3498,0,17,0,0,0,NORMAL,0,3,1,6,48,141,0,140,0,0,0,0,0,0,0
109457,2,bully,3519,1,16,885384,141,426,846,2556,1,1,105938,3519,0,17,0,0,0,NORMAL,0,3,1,6,47,141,0,426,0,0,0,0,0,0,0
111317,1,bully,3077,1,16,878300,144,285,864,1710,1,1,108240,3077,0,17,0,0,0,LEADER,1,4,1,10,16,144,0,285,0,0,0,0,0,0,0
111624,5,bully,3383,1,16,883208,144,286,864,1716,1,1,108241,3383,0,17,0,0,0,NORMAL,0,3,1,9,48,144,0,286,0,0,0,0,0,0,0
111181,4,bully,2940,1,16,876120,144,290,864,1740,1,1,108241,2940,0,17,0,0,0,NORMAL,0,3,1,9,47,144,0,290,0,0,0,0,0,0,0
111739,3,bully,3498,1,16,885048,144,143,864,858,1,1,108241,3498,0,17,0,0,0,NORMAL,0,3,1,9,48,144,0,143,0,0,0,0,0,0,0
111760,2,bully,3519,1,16,885384,144,435,864,2610,1,1,108241,3519,0,17,0,0,0,NORMAL,0,3,1,9,47,144,0,435,0,0,0,0,0,0,0
113620,1,bully,3077,1,17,991920,147,291,882,1746,1,1,110543,3077,0,18,0,0,0,LEADER,1,4,1,4,17,147,0,291,0,0,0,0,0,0,0
113927,5,bully,3383,1,17,997135,147,292,882,1752,1,1,110544,3383,0,18,0,0,0,NORMAL,0,3,2,3,51,147,0,292,0,0,0,0,0,0,0
113484,4,bully,2940,1,17,989604,147,296,882,1776,1,1,110544,2940,0,18,0,0,0,NORMAL,0,3,2,3,50,147,0,296,0,0,0,0,0,0,0
114042,3,bully,3498,1,17,999090,147,146,882,876,1,1,110544,3498,0,18,0,0,0,NORMAL,0,3,2,3,51,147,0,146,0,0,0,0,0,0,0
114063,2,bully,3519,1,17,999447,147,444,882,2664,1,1,110544,3519,0,18,0,0,0,NORMAL,0,3,2,3,50,147,0,444,0,0,0,0,0,0,0
115923,1,bully,3077,1,17,991920,150,297,900,1782,1,1,112846,3077,0,18,0,0,0,LEADER,1,4,1,7,17,150,0,297,0,0,0,0,0,0,0
116230,5,bully,3383,1,17,997135,150,298,900,1788,1,1,112847,3383,0,18,0,0,0,NORMAL,0,3,1,6,51,150,0,298,0,0,0,0,0,0,0
115787,4,bully,2940,1,17,989604,150,302,900,1812,1,1,112847,2940,0,18,0,0,0,NORMAL,0,3,1,6,50,150,0,302,0,0,0,0,0,0,0
116345,3,bully,3498,1,17,999090,150,149,900,894,1,1,112847,3498,0,18,0,0,0,NORMAL,0,3,1,6,51,150,0,149,0,0,0,0,0,0,0
116366,2,bully,3519,1,17,999447,150,453,900,2718,1,1,112847,3519,0,18,0,0,0,NORMAL,0,3,1,6,50,150,0,453,0,0,0,0,0,0,0
118226,1,bully,3077,1,17,991920,153,303,918,1818,1,1,115149,3077,0,18,0,0,0,LEADER,1,4,1,10,17,153,0,303,0,0,0,0,0,0,0
118533,5,bully,3383,1,17,997135,153,304,918,1824,1,1,115150,3383,0,18,0,0,0,NORMAL,0,3,1,9,51,153,0,304,0,0,0,0,0,0,0
118090,4,bully,2940,1,17,989604,153,308,918,1848,1,1,115150,2940,0,18,0,0,0,NORMAL,0,3,1,9,50,153,0,308,0,0,0,0,0,0,0
118648,3,bully,3498,1,17,999090,153,152,918,912,1,1,115150,3498,0,18,0,0,0,NORMAL,0,3,1,9,51,153,0,152,0,0,0,0,0,0,0
118669,2,bully,3519,1,17,999447,153,462,918,2772,1,1,115150,3519,0,18,0,0,0,NORMAL,0,3,1,9,50,153,0,462,0,0,0,0,0,0,0
120529,1,bully,3077,1,18,1112449,156,309,936,1854,1,1,117452,3077,0,19,0,0,0,LEADER,1,4,1,4,18,156,0,309,0,0,0,0,0,0,0
120836,5,bully,3383,1,18,1117971,156,310,936,1860,1,1,117453,3383,0,19,0,0,0,NORMAL,0,3,2,3,54,156,0,310,0,0,0,0,0,0,0
120393,4,bully,2940,1,18,1109997,156,314,936,1884,1,1,117453,2940,0,19,0,0,0,NORMAL,0,3,2,3,53,156,0,314,0,0,0,0,0,0,0
120951,3,bully,3498,1,18,1120041,156,155,936,930,1,1,117453,3498,0,19,0,0,0,NORMAL,0,3,2,3,54,156,0,155,0,0,0,0,0,0,0
120972,2,bully,3519,1,18,1120419,156,471,936,2826,1,1,117453,3519,0,19,0,0,0,NORMAL,0,3,2,3,53,156,0,471,0,0,0,0,0,0,0
122832,1,bully,3077,1,18,1112449,159,315,954,1890,1,1,119755,3077,0,19,0,0,0,LEADER,1,4,1,7,18,159,0,315,0,0,0,0,0,0,0
123139,5,bully,3383,1,18,1117971,159,316,954,1896,1,1,119756,3383,0,19,0,0,0,NORMAL,0,3,1,6,54,159,0,316,0,0,0,0,0,0,0
122696,4,bully,2940,1,18,1109997,159,320,954,1920,1,1,119756,2940,0,19,0,0,0,NORMAL,0,3,1,6,53,159,0,320,0,0,0,0,0,0,0
123254,3,bully,3498,1,18,1120041,159,158,954,948,1,1,119756,3498,0,19,0,0,0,NORMAL,0,3,1,6,54,159,0,158,0,0,0,0,0,0,0
123275,2,bully,3519,1,18,1120419,159,480,954,2880,1,1,119756,3519,0,19,0,0,0,NORMAL,0,3,1,6,53,159,0,480,0,0,0,0,0,0,0
125135,1,bully,3077,1,18,1112449,162,321,972,1926,1,1,122058,3077,0,19,0,0,0,LEADER,1,4,1,10,18,162,0,321,0,0,0,0,0,0,0
125442,5,bully,3383,1,18,1117971,162,322,972,1932,1,1,122059,3383,0,19,0,0,0,NORMAL,0,3,1,9,54,162,0,322,0,0,0,0,0,0,0
124999,4,bully,2940,1,18,1109997,162,326,972,1956,1,1,122059,2940,0,19,0,0,0,NORMAL,0,3,1,9,53,162,0,326,0,0,0,0,0,0,0
125557,3,bully,3498,1,18,1120041,162,161,972,966,1,1,122059,3498,0,19,0,0,0,NORMAL,0,3,1,9,54,162,0,161,0,0,0,0,0,0,0
125578,2,bully,3519,1,18,1120419,162,489,972,2934,1,1,122059,3519,0,19,0,0,0,NORMAL,0,3,1,9,53,162,0,489,0,0,0,0,0,0,0
127438,1,bully,3077,1,19,1239887,165,327,990,1962,1,1,124361,3077,0,20,0,0,0,LEADER,1,4,1,4,19,165,0,327,0,0,0,0,0,0,0
127745,5,bully,3383,1,19,1245716,165,328,990,1968,1,1,124362,3383,0,20,0,0,0,NORMAL,0,3,2,3,57,165,0,328,0,0,0,0,0,0,0
127302,4,bully,2940,1,19,1237299,165,332,990,1992,1,1,124362,2940,0,20,0,0,0,NORMAL,0,3,2,3,56,165,0,332,0,0,0,0,0,0,0
127860,3,bully,3498,1,19,1247901,165,164,990,984,1,1,124362,3498,0,20,0,0,0,NORMAL,0,3,2,3,57,165,0,164,0,0,0,0,0,0,0
127881,2,bully,3519,1,19,1248300,165,498,990,2988,1,1,124362,3519,0,20,0,0,0,NORMAL,0,3,2,3,56,165,0,498,0,0,0,0,0,0,0
129741,1,bully,3077,1,19,1239887,168,333,1008,1998,1,1,126664,3077,0,20,0,0,0,LEADER,1,4,1,7,19,168,0,333,0,0,0,0,0,0,0
130048,5,bully,3383,1,19,1245716,168,334,1008,2004,1,1,126665,3383,0,20,0,0,0,NORMAL,0,3,1,6,57,168,0,334,0,0,0,0,0,0,0
129605,4,bully,2940,1,19,1237299,168,338,1008,2028,1,1,126665,2940,0,20,0,0,0,NORMAL,0,3,1,6,56,168,0,338,0,0,0,0,0,0,0
130163,3,bully,3498,1,19,1247901,168,167,1008,1002,1,1,126665,3498,0,20,0,0,0,NORMAL,0,3,1,6,57,168,0,167,0,0,0,0,0,0,0
130184,2,bully,3519,1,19,1248300,168,507,1008,3042,1,1,126665,3519,0,20,0,0,0,NORMAL,0,3,1,6,56,168,0,507,0,0,0,0,0,0,0
132044,1,bully,3077,1,19,1239887,171,339,1026,2034,1,1,128967,3077,0,20,0,0,0,LEADER,1,4,1,10,19,171,0,339,0,0,0,0,0,0,0
132351,5,bully,3383,1,19,1245716,171,340,1026,2040,1,1,128968,3383,0,20,0,0,0,NORMAL,0,3,1,9,57,171,0,340,0,0,0,0,0,0,0
131908,4,bully,2940,1,19,1237299,171,344,1026,2064,1,1,128968,2940,0,20,0,0,0,NORMAL,0,3,1,9,56,171,0,344,0,0,0,0,0,0,0
132466,3,bully,3498,1,19,1247901,171,170,1026,1020,1,1,128968,3498,0,20,0,0,0,NORMAL,0,3,1,9,57,171,0,170,0,0,0,0,0,0,0
132487,2,bully,3519,1,19,1248300,171,516,1026,3096,1,1,128968,3519,0,20,0,0,0,NORMAL,0,3,1,9,56,171,0,516,0,0,0,0,0,0,0
134347,1,bully,3077,1,20,1374234,174,345,1044,2070,1,1,131270,3077,0,21,0,0,0,LEADER,1,4,1,4,20,174,0,345,0,0,0,0,0,0,0
134654,5,bully,3383,1,20,1380370,174,346,1044,2076,1,1,131271,3383,0,21,0,0,0,NORMAL,0,3,2,3,60,174,0,346,0,0,0,0,0,0,0
134211,4,bully,2940,1,20,1371510,174,350,1044,2100,1,1,131271,2940,0,21,0,0,0,NORMAL,0,3,2,3,59,174,0,350,0,0,0,0,0,0,0
134769,3,bully,3498,1,20,1382670,174,173,1044,1038,1,1,131271,3498,0,21,0,0,0,NORMAL,0,3,2,3,60,174,0,173,0,0,0,0,0,0,0
134790,2,bully,3519,1,20,1383090,174,525,1044,3150,1,1,131271,3519,0,21,0,0,0,NORMAL,0,3,2,3,59,174,0,525,0,0,0,0,0,0,0
136650,1,bully,3077,1,20,1374234,177,351,1062,2106,1,1,133573,3077,0,21,0,0,0,LEADER,1,4,1,7,20,177,0,351,0,0,0,0,0,0,0
136957,5,bully,3383,1,20,1380370,177,352,1062,2112,1,1,133574,3383,0,21,0,0,0,NORMAL,0,3,1,6,60,177,0,352,0,0,0,0,0,0,0
136514,4,bully,2940,1,20,1371510,177,356,1062,2136,1,1,133574,2940,0,21,0,0,0,NORMAL,0,3,1,6,59,177,0,356,0,0,0,0,0,0,0
137072,3,bully,3498,1,20,1382670,177,176,1062,1056,1,1,133574,3498,0,21,0,0,0,NORMAL,0,3,1,6,60,177,0,176,0,0,0,0,0,0,0
137093,2,bully,3519,1,20,1383090,177,534,1062,3204,1,1,133574,3519,0,21,0,0,0,NORMAL,0,3,1,6,59,177,0,534,0,0,0,0,0,0,0
138953,1,bully,3077,1,20,1374234,180,357,1080,2142,1,1,135876,3077,0,21,0,0,0,LEADER,1,4,1,10,20,180,0,357,0,0,0,0,0,0,0
139260,5,bully,3383,1,20,1380370,180,358,1080,2148,1,1,135877,3383,0,21,0,0,0,NORMAL,0,3,1,9,60,180,0,358,0,0,0,0,0,0,0
138817,4,bully,2940,1,20,1371510,180,362,1080,2172,1,1,135877,2940,0,21,0,0,0,NORMAL,0,3,1,9,59,180,0,362,0,0,0,0,0,0,0
139375,3,bully,3498,1,20,1382670,180,179,1080,1074,1,1,135877,3498,0,21,0,0,0,NORMAL,0,3,1,9,60,180,0,179,0,0,0,0,0,0,0
139396,2,bully,3519,1,20,1383090,180,543,1080,3258,1,1,135877,3519,0,21,0,0,0,NORMAL,0,3,1,9,59,180,0,543,0,0,0,0,0,0,0
141256,1,bully,3077,1,21,1515490,183,363,1098,2178,1,1,138179,3077,0,22,0,0,0,LEADER,1,4,1,4,21,183,0,363,0,0,0,0,0,0,0
141563,5,bully,3383,1,21,1521933,183,364,1098,2184,1,1,138180,3383,0,22,0,0,0,NORMAL,0,3,2,3,63,183,0,364,0,0,0,0,0,0,0
141120,4,bully,2940,1,21,1512630,183,368,1098,2208,1,1,138180,2940,0,22,0,0,0,NORMAL,0,3,2,3,62,183,0,368,0,0,0,0,0,0,0
141678,3,bully,3498,1,21,1524348,183,182,1098,1092,1,1,138180,3498,0,22,0,0,0,NORMAL,0,3,2,3,63,183,0,182,0,0,0,0,0,0,0
141699,2,bully,3519,1,21,1524789,183,552,1098,3312,1,1,138180,3519,0,22,0,0,0,NORMAL,0,3,2,3,62,183,0,552,0,0,0,0,0,0,0
143559,1,bully,3077,1,21,1515490,186,369,1116,2214,1,1,140482,3077,0,22,0,0,0,LEADER,1,4,1,7,21,186,0,369,0,0,0,0,0,0,0
143866,5,bully,3383,1,21,1521933,186,370,1116,2220,1,1,140483,3383,0,22,0,0,0,NORMAL,0,3,1,6,63,186,0,370,0,0,0,0,0,0,0
143423,4,bully,2940,1,21,1512630,186,374,1116,2244,1,1,140483,2940,0,22,0,0,0,NORMAL,0,3,1,6,62,186,0,374,0,0,0,0,0,0,0
143981,3,bully,3498,1,21,1524348,186,185,1116,1110,1,1,140483,3498,0,22,0,0,0,NORMAL,0,3,1,6,63,186,0,185,0,0,0,0,0,0,0
144002,2,bully,3519,1,21,1524789,186,561,1116,3366,1,1,140483,3519,0,22,0,0,0,NORMAL,0,3,1,6,62,186,0,561,0,0,0,0,0,0,0
145862,1,bully,3077,1,21,1515490,189,375,1134,2250,1,1,142785,3077,0,22,0,0,0,LEADER,1,4,1,10,21,189,0,375,0,0,0,0,0,0,0
146169,5,bully,3383,1,21,1521933,189,376,1134,2256,1,1,142786,3383,0,22,0,0,0,NORMAL,0,3,1,9,63,189,0,376,0,0,0,0,0,0,0
145726,4,bully,2940,1,21,1512630,189,380,1134,2280,1,1,142786,2940,0,22,0,0,0,NORMAL,0,3,1,9,62,189,0,380,0,0,0,0,0,0,0
146284,3,bully,3498,1,21,1524348,189,188,1134,1128,1,1,142786,3498,0,22,0,0,0,NORMAL,0,3,1,9,63,189,0,188,0,0,0,0,0,0,0
146305,2,bully,3519,1,21,1524789,189,570,1134,3420,1,1,142786,3519,0,22,0,0,0,NORMAL,0,3,1,9,62,189,0,570,0,0,0,0,0,0,0
148165,1,bully,3077,1,22,1663655,192,381,1152,2286,1,1,145088,3077,0,23,0,0,0,LEADER,1,4,1,4,22,192,0,381,0,0,0,0,0,0,0
148472,5,bully,3383,1,22,1670405,192,382,1152,2292,1,1,145089,3383,0,23,0,0,0,NORMAL,0,3,2,3,66,192,0,382,0,0,0,0,0,0,0
148029,4,bully,2940,1,22,1660659,192,386,1152,2316,1,1,145089,2940,0,23,0,0,0,NORMAL,0,3,2,3,65,192,0,386,0,0,0,0,0,0,0
148587,3,bully,3498,1,22,1672935,192,191,1152,1146,1,1,145089,3498,0,23,0,0,0,NORMAL,0,3,2,3,66,192,0,191,0,0,0,0,0,0,0
148608,2,bully,3519,1,22,1673397,192,579,1152,3474,1,1,145089,3519,0,23,0,0,0,NORMAL,0,3,2,3,65,192,0,579,0,0,0,0,0,0,0
150468,1,bully,3077,1,22,1663655,195,387,1170,2322,1,1,147391,3077,0,23,0,0,0,LEADER,1,4,1,7,22,195,0,387,0,0,0,0,0,0,0
150775,5,bully,3383,1,22,1670405,195,388,1170,2328,1,1,147392,3383,0,23,0,0,0,NORMAL,0,3,1,6,66,195,0,388,0,0,0,0,0,0,0
150332,4,bully,2940,1,22,1660659,195,392,1170,2352,1,1,147392,2940,0,23,0,0,0,NORMAL,0,3,1,6,65,195,0,392,0,0,0,0,0,0,0
150890,3,bully,3498,1,22,1672935,195,194,1170,1164,1,1,147392,3498,0,23,0,0,0,NORMAL,0,3,1,6,66,195,0,194,0,0,0,0,0,0,0
150911,2,bully,3519,1,22,1673397,195,588,1170,3528,1,1,147392,3519,0,23,0,0,0,NORMAL,0,3,1,6,65,195,0,588,0,0,0,0,0,0,0
152771,1,bully,3077,1,22,1663655,198,393,1188,2358,1,1,149694,3077,0,23,0,0,0,LEADER,1,4,1,10,22,198,0,393,0,0,0,0,0,0,0
153078,5,bully,3383,1,22,1670405,198,394,1188,2364,1,1,149695,3383,0,23,0,0,0,NORMAL,0,3,1,9,66,198,0,394,0,0,0,0,0,0,0
152635,4,bully,2940,1,22,1660659,198,398,1188,2388,1,1,149695,2940,0,23,0,0,0,NORMAL,0,3,1,9,65,198,0,398,0,0,0,0,0,0,0
153193,3,bully,3498,1,22,1672935,198,197,1188,1182,1,1,149695,3498,0,23,0,0,0,NORMAL,0,3,1,9,66,198,0,197,0,0,0,0,0,0,0
153214,2,bully,3519,1,22,1673397,198,597,1188,3582,1,1,149695,3519,0,23,0,0,0,NORMAL,0,3,1,9,65,198,0,597,0,0,0,0,0,0,0
155074,1,bully,3077,1,23,1818729,201,399,1206,2394,1,1,151997,3077,0,24,0,0,0,LEADER,1,4,1,4,23,201,0,399,0,0,0,0,0,0,0
155381,5,bully,3383,1,23,1825786,201,400,1206,2400,1,1,151998,3383,0,24,0,0,0,NORMAL,0,3,2,3,69,201,0,400,0,0,0,0,0,0,0
154938,4,bully,2940,1,23,1815597,201,404,1206,2424,1,1,151998,2940,0,24,0,0,0,NORMAL,0,3,2,3,68,201,0,404,0,0,0,0,0,0,0
155496,3,bully,3498,1,23,1828431,201,200,1206,1200,1,1,151998,3498,0,24,0,0,0,NORMAL,0,3,2,3,69,201,0,200,0,0,0,0,0,0,0
155517,2,bully,3519,1,23,1828914,201,606,1206,3636,1,1,151998,3519,0,24,0,0,0,NORMAL,0,3,2,3,68,201,0,606,0,0,0,0,0,0,0
157377,1,bully,3077,1,23,1818729,204,405,1224,2430,1,1,154300,3077,0,24,0,0,0,LEADER,1,4,1,7,23,204,0,405,0,0,0,0,0,0,0
157684,5,bully,3383,1,23,1825786,204,406,1224,2436,1,1,154301,3383,0,24,0,0,0,NORMAL,0,3,1,6,69,204,0,406,0,0,0,0,0,0,0
157241,4,bully,2940,1,23,1815597,204,410,1224,2460,1,1,154301,2940,0,24,0,0,0,NORMAL,0,3,1,6,68,204,0,410,0,0,0,0,0,0,0
157799,3,bully,3498,1,23,1828431,204,203,1224,1218,1,1,154301,3498,0,24,0,0,0,NORMAL,0,3,1,6,69,204,0,203,0,0,0,0,0,0,0
157820,2,bully,3519,1,23,1828914,204,615,1224,3690,1,1,154301,3519,0,24,0,0,0,NORMAL,0,3,1,6,68,204,0,615,0,0,0,0,0,0,0
159680,1,bully,3077,1,23,1818729,207,411,1242,2466,1,1,156603,3077,0,24,0,0,0,LEADER,1,4,1,10,23,207,0,411,0,0,0,0,0,0,0
159987,5,bully,3383,1,23,1825786,207,412,1242,2472,1,1,156604,3383,0,24,0,0,0,NORMAL,0,3,1,9,69,207,0,412,0,0,0,0,0,0,0
159544,4,bully,2940,1,23,1815597,207,416,1242,2496,1,1,156604,2940,0,24,0,0,0,NORMAL,0,3,1,9,68,207,0,416,0,0,0,0,0,0,0
160102,3,bully,3498,1,23,1828431,207,206,1242,1236,1,1,156604,3498,0,24,0,0,0,NORMAL,0,3,1,9,69,207,0,206,0,0,0,0,0,0,0
160123,2,bully,3519,1,23,1828914,207,624,1242,3744,1,1,156604,3519,0,24,0,0,0,NORMAL,0,3,1,9,68,207,0,624,0,0,0,0,0,0,0
161983,1,bully,3077,1,24,1980712,210,417,1260,2502,1,1,158906,3077,0,25,0,0,0,LEADER,1,4,1,4,24,210,0,417,0,0,0,0,0,0,0
162290,5,bully,3383,1,24,1988076,210,418,1260,2508,1,1,158907,3383,0,25,0,0,0,NORMAL,0,3,2,3,72,210,0,418,0,0,0,0,0,0,0
161847,4,bully,2940,1,24,1977444,210,422,1260,2532,1,1,158907,2940,0,25,0,0,0,NORMAL,0,3,2,3,71,210,0,422,0,0,0,0,0,0,0
162405,3,bully,3498,1,24,1990836,210,209,1260,1254,1,1,158907,3498,0,25,0,0,0,NORMAL,0,3,2,3,72,210,0,209,0,0,0,0,0,0,0
162426,2,bully,3519,1,24,1991340,210,633,1260,3798,1,1,158907,3519,0,25,0,0,0,NORMAL,0,3,2,3,71,210,0,633,0,0,0,0,0,0,0
164286,1,bully,3077,1,24,1980712,213,423,1278,2538,1,1,161209,3077,0,25,0,0,0,LEADER,1,4,1,7,24,213,0,423,0,0,0,0,0,0,0
164593,5,bully,3383,1,24,1988076,213,424,1278,2544,1,1,161210,3383,0,25,0,0,0,NORMAL,0,3,1,6,72,213,0,424,0,0,0,0,0,0,0
164150,4,bully,2940,1,24,1977444,213,428,1278,2568,1,1,161210,2940,0,25,0,0,0,NORMAL,0,3,1,6,71,213,0,428,0,0,0,0,0,0,0
164708,3,bully,3498,1,24,1990836,213,212,1278,1272,1,1,161210,3498,0,25,0,0,0,NORMAL,0,3,1,6,72,213,0,212,0,0,0,0,0,0,0
164729,2,bully,3519,1,24,1991340,213,642,1278,3852,1,1,161210,3519,0,25,0,0,0,NORMAL,0,3,1,6,71,213,0,642,0,0,0,0,0,0,0
166589,1,bully,3077,1,24,1980712,216,429,1296,2574,1,1,163512,3077,0,25,0,0,0,LEADER,1,4,1,10,24,216,0,429,0,0,0,0,0,0,0
166896,5,bully,3383,1,24,1988076,216,430,1296,2580,1,1,163513,3383,0,25,0,0,0,NORMAL,0,3,1,9,72,216,0,430,0,0,0,0,0,0,0
166453,4,bully,2940,1,24,1977444,216,434,1296,2604,1,1,163513,2940,0,25,0,0,0,NORMAL,0,3,1,9,71,216,0,434,0,0,0,0,0,0,0
167011,3,bully,3498,1,24,1990836,216,215,1296,1290,1,1,163513,3498,0,25,0,0,0,NORMAL,0,3,1,9,72,216,0,215,0,0,0,0,0,0,0
167032,2,bully,3519,1,24,1991340,216,651,1296,3906,1,1,163513,3519,0,25,0,0,0,NORMAL,0,3,1,9,71,216,0,651,0,0,0,0,0,0,0
168892,1,bully,3077,1,25,2149604,219,435,1314,2610,1,1,165815,3077,0,26,0,0,0,LEADER,1,4,1,4,25,219,0,435,0,0,0,0,0,0,0
169199,5,bully,3383,1,25,2157275,219,436,1314,2616,1,1,165816,3383,0,26,0,0,0,NORMAL,0,3,2,3,75,219,0,436,0,0,0,0,0,0,0
168756,4,bully,2940,1,25,2146200,219,440,1314,2640,1,1,165816,2940,0,26,0,0,0,NORMAL,0,3,2,3,74,219,0,440,0,0,0,0,0,0,0
169314,3,bully,3498,1,25,2160150,219,218,1314,1308,1,1,165816,3498,0,26,0,0,0,NORMAL,0,3,2,3,75,219,0,218,0,0,0,0,0,0,0
169335,2,bully,3519,1,25,2160675,219,660,1314,3960,1,1,165816,3519,0,26,0,0,0,NORMAL,0,3,2,3,74,219,0,660,0,0,0,0,0,0,0
171195,1,bully,3077,1,25,2149604,222,441,1332,2646,1,1,168118,3077,0,26,0,0,0,LEADER,1,4,1,7,25,222,0,441,0,0,0,0,0,0,0
171502,5,bully,3383,1,25,2157275,222,442,1332,2652,1,1,168119,3383,0,26,0,0,0,NORMAL,0,3,1,6,75,222,0,442,0,0,0,0,0,0,0
171059,4,bully,2940,1,25,2146200,222,446,1332,2676,1,1,168119,2940,0,26,0,0,0,NORMAL,0,3,1,6,74,222,0,446,0,0,0,0,0,0,0
171617,3,bully,3498,1,25,2160150,222,221,1332,1326,1,1,168119,3498,0,26,0,0,0,NORMAL,0,3,1,6,75,222,0,221,0,0,0,0,0,0,0
171638,2,bully,3519,1,25,2160675,222,669,1332,4014,1,1,168119,3519,0,26,0,0,0,NORMAL,0,3,1,6,74,222,0,669,0,0,0,0,0,0,0
173498,1,bully,3077,1,25,2149604,225,447,1350,2682,1,1,170421,3077,0,26,0,0,0,LEADER,1,4,1,10,25,225,0,447,0,0,0,0,0,0,0
173805,5,bully,3383,1,25,2157275,225,448,1350,2688,1,1,170422,3383,0,26,0,0,0,NORMAL,0,3,1,9,75,225,0,448,0,0,0,0,0,0,0
173362,4,bully,2940,1,25,2146200,225,452,1350,2712,1,1,170422,2940,0,26,0,0,0,NORMAL,0,3,1,9,74,225,0,452,0,0,0,0,0,0,0
173920,3,bully,3498,1,25,2160150,225,224,1350,1344,1,1,170422,3498,0,26,0,0,0,NORMAL,0,3,1,9,75,225,0,224,0,0,0,0,0,0,0
173941,2,bully,3519,1,25,2160675,225,678,1350,4068,1,1,170422,3519,0,26,0,0,0,NORMAL,0,3,1,9,74,225,0,678,0,0,0,0,0,0,0
175801,1,bully,3077,1,26,2325405,228,453,1368,2718,1,1,172724,3077,0,27,0,0,0,LEADER,1,4,1,4,26,228,0,453,0,0,0,0,0,0,0
176108,5,bully,3383,1,26,2333383,228,454,1368,2724,1,1,172725,3383,0,27,0,0,0,NORMAL,0,3,2,3,78,228,0,454,0,0,0,0,0,0,0
175665,4,bully,2940,1,26,2321865,228,458,1368,2748,1,1,172725,2940,0,27,0,0,0,NORMAL,0,3,2,3,77,228,0,458,0,0,0,0,0,0,0
176223,3,bully,3498,1,26,2336373,228,227,1368,1362,1,1,172725,3498,0,27,0,0,0,NORMAL,0,3,2,3,78,228,0,227,0,0,0,0,0,0,0
176244,2,bully,3519,1,26,2336919,228,687,1368,4122,1,1,172725,3519,0,27,0,0,0,NORMAL,0,3,2,3,77,228,0,687,0,0,0,0,0,0,0
178104,1,bully,3077,1,26,2325405,231,459,1386,2754,1,1,175027,3077,0,27,0,0,0,LEADER,1,4,1,7,26,231,0,459,0,0,0,0,0,0,0
178411,5,bully,3383,1,26,2333383,231,460,1386,2760,1,1,175028,3383,0,27,0,0,0,NORMAL,0,3,1,6,78,231,0,460,0,0,0,0,0,0,0
177968,4,bully,2940,1,26,2321865,231,464,1386,2784,1,1,175028,2940,0,27,0,0,0,NORMAL,0,3,1,6,77,231,0,464,0,0,0,0,0,0,0
178526,3,bully,3498,1,26,2336373,231,230,1386,1380,1,1,175028,3498,0,27,0,0,0,NORMAL,0,3,1,6,78,231,0,230,0,0,0,0,0,0,0
178547,2,bully,3519,1,26,2336919,231,696,1386,4176,1,1,175028,3519,0,27,0,0,0,NORMAL,0,3,1,6,77,231,0,696,0,0,0,0,0,0,0
180407,1,bully,3077,1,26,2325405,234,465,1404,2790,1,1,177330,3077,0,27,0,0,0,LEADER,1,4,1,10,26,234,0,465,0,0,0,0,0,0,0
180714,5,bully,3383,1,26,2333383,234,466,1404,2796,1,1,177331,3383,0,27,0,0,0,NORMAL,0,3,1,9,78,234,0,466,0,0,0,0,0,0,0
180271,4,bully,2940,1,26,2321865,234,470,1404,2820,1,1,177331,2940,0,27,0,0,0,NORMAL,0,3,1,9,77,234,0,470,0,0,0,0,0,0,0
180829,3,bully,3498,1,26,2336373,234,233,1404,1398,1,1,177331,3498,0,27,0,0,0,NORMAL,0,3,1,9,78,234,0,233,0,0,0,0,0,0,0
180850,2,bully,3519,1,26,2336919,234,705,1404,4230,1,1,177331,3519,0,27,0,0,0,NORMAL,0,3,1,9,77,234,0,705,0,0,0,0,0,0,0
182710,1,bully,3077,1,27,2508115,237,471,1422,2826,1,1,179633,3077,0,28,0,0,0,LEADER,1,4,1,4,27,237,0,471,0,0,0,0,0,0,0
183017,5,bully,3383,1,27,2516400,237,472,1422,2832,1,1,179634,3383,0,28,0,0,0,NORMAL,0,3,2,3,81,237,0,472,0,0,0,0,0,0,0
182574,4,bully,2940,1,27,2504439,237,476,1422,2856,1,1,179634,2940,0,28,0,0,0,NORMAL,0,3,2,3,80,237,0,476,0,0,0,0,0,0,0
183132,3,bully,3498,1,27,2519505,237,236,1422,1416,1,1,179634,3498,0,28,0,0,0,NORMAL,0,3,2,3,81,237,0,236,0,0,0,0,0,0,0
183153,2,bully,3519,1,27,2520072,237,714,1422,4284,1,1,179634,3519,0,28,0,0,0,NORMAL,0,3,2,3,80,237,0,714,0,0,0,0,0,0,0
185013,1,bully,3077,1,27,2508115,240,477,1440,2862,1,1,181936,3077,0,28,0,0,0,LEADER,1,4,1,7,27,240,0,477,0,0,0,0,0,0,0
185320,5,bully,3383,1,27,2516400,240,478,1440,2868,1,1,181937,3383,0,28,0,0,0,NORMAL,0,3,1,6,81,240,0,478,0,0,0,0,0,0,0
184877,4,bully,2940,1,27,2504439,240,482,1440,2892,1,1,181937,2940,0,28,0,0,0,NORMAL,0,3,1,6,80,240,0,482,0,0,0,0,0,0,0
185435,3,bully,3498,1,27,2519505,240,239,1440,1434,1,1,181937,3498,0,28,0,0,0,NORMAL,0,3,1,6,81,240,0,239,0,0,0,0,0,0,0
185456,2,bully,3519,1,27,2520072,240,723,1440,4338,1,1,181937,3519,0,28,0,0,0,NORMAL,0,3,1,6,80,240,0,723,0,0,0,0,0,0,0
187316,1,bully,3077,1,27,2508115,243,483,1458,2898,1,1,184239,3077,0,28,0,0,0,LEADER,1,4,1,10,27,243,0,483,0,0,0,0,0,0,0
187623,5,bully,3383,1,27,2516400,243,484,1458,2904,1,1,184240,3383,0,28,0,0,0,NORMAL,0,3,1,9,81,243,0,484,0,0,0,0,0,0,0
187180,4,bully,2940,1,27,2504439,243,488,1458,2928,1,1,184240,2940,0,28,0,0,0,NORMAL,0,3,1,9,80,243,0,488,0,0,0,0,0,0,0
187738,3,bully,3498,1,27,2519505,243,242,1458,1452,1,1,184240,3498,0,28,0,0,0,NORMAL,0,3,1,9,81,243,0,242,0,0,0,0,0,0,0
187759,2,bully,3519,1,27,2520072,243,732,1458,4392,1,1,184240,3519,0,28,0,0,0,NORMAL,0,3,1,9,80,243,0,732,0,0,0,0,0,0,0
189619,1,bully,3077,1,28,2697734,246,489,1476,2934,1,1,186542,3077,0,29,0,0,0,LEADER,1,4,1,4,28,246,0,489,0,0,0,0,0,0,0
189926,5,bully,3383,1,28,2706326,246,490,1476,2940,1,1,186543,3383,0,29,0,0,0,NORMAL,0,3,2,3,84,246,0,490,0,0,0,0,0,0,0
189483,4,bully,2940,1,28,2693922,246,494,1476,2964,1,1,186543,2940,0,29,0,0,0,NORMAL,0,3,2,3,83,246,0,494,0,0,0,0,0,0,0
190041,3,bully,3498,1,28,2709546,246,245,1476,1470,1,1,186543,3498,0,29,0,0,0,NORMAL,0,3,2,3,84,246,0,245,0,0,0,0,0,0,0
190062,2,bully,3519,1,28,2710134,246,741,1476,4446,1,1,186543,3519,0,29,0,0,0,NORMAL,0,3,2,3,83,246,0,741,0,0,0,0,0,0,0
191922,1,bully,3077,1,28,2697734,249,495,1494,2970,1,1,188845,3077,0,29,0,0,0,LEADER,1,4,1,7,28,249,0,495,0,0,0,0,0,0,0
192229,5,bully,3383,1,28,2706326,249,496,1494,2976,1,1,188846,3383,0,29,0,0,0,NORMAL,0,3,1,6,84,249,0,496,0,0,0,0,0,0,0
191786,4,bully,2940,1,28,2693922,249,500,1494,3000,1,1,188846,2940,0,29,0,0,0,NORMAL,0,3,1,6,83,249,0,500,0,0,0,0,0,0,0
192344,3,bully,3498,1,28,2709546,249,248,1494,1488,1,1,188846,3498,0,29,0,0,0,NORMAL,0,3,1,6,84,249,0,248,0,0,0,0,0,0,0
192365,2,bully,3519,1,28,2710134,249,750,1494,4500,1,1,188846,3519,0,29,0,0,0,NORMAL,0,3,1,6,83,249,0,750,0,0,0,0,0,0,0
194225,1,bully,3077,1,28,2697734,252,501,1512,3006,1,1,191148,3077,0,29,0,0,0,LEADER,1,4,1,10,28,252,0,501,0,0,0,0,0,0,0
194532,5,bully,3383,1,28,2706326,252,502,1512,3012,1,1,191149,3383,0,29,0,0,0,NORMAL,0,3,1,9,84,252,0,502,0,0,0,0,0,0,0
194089,4,bully,2940,1,28,2693922,252,506,1512,3036,1,1,191149,2940,0,29,0,0,0,NORMAL,0,3,1,9,83,252,0,506,0,0,0,0,0,0,0
194647,3,bully,3498,1,28,2709546,252,251,1512,1506,1,1,191149,3498,0,29,0,0,0,NORMAL,0,3,1,9,84,252,0,251,0,0,0,0,0,0,0
194668,2,bully,3519,1,28,2710134,252,759,1512,4554,1,1,191149,3519,0,29,0,0,0,NORMAL,0,3,1,9,83,252,0,759,0,0,0,0,0,0,0
196528,1,bully,3077,1,29,2894262,255,507,1530,3042,1,1,193451,3077,0,30,0,0,0,LEADER,1,4,1,4,29,255,0,507,0,0,0,0,0,0,0
196835,5,bully,3383,1,29,2903161,255,508,1530,3048,1,1,193452,3383,0,30,0,0,0,NORMAL,0,3,2,3,87,255,0,508,0,0,0,0,0,0,0
196392,4,bully,2940,1,29,2890314,255,512,1530,3072,1,1,193452,2940,0,30,0,0,0,NORMAL,0,3,2,3,86,255,0,512,0,0,0,0,0,0,0
196950,3,bully,3498,1,29,2906496,255,254,1530,1524,1,1,193452,3498,0,30,0,0,0,NORMAL,0,3,2,3,87,255,0,254,0,0,0,0,0,0,0
196971,2,bully,3519,1,29,2907105,255,768,1530,4608,1,1,193452,3519,0,30,0,0,0,NORMAL,0,3,2,3,86,255,0,768,0,0,0,0,0,0,0
198831,1,bully,3077,1,29,2894262,258,513,1548,3078,1,1,195754,3077,0,30,0,0,0,LEADER,1,4,1,7,29,258,0,513,0,0,0,0,0,0,0
199138,5,bully,3383,1,29,2903161,258,514,1548,3084,1,1,195755,3383,0,30,0,0,0,NORMAL,0,3,1,6,87,258,0,514,0,0,0,0,0,0,0
198695,4,bully,2940,1,29,2890314,258,518,1548,3108,1,1,195755,2940,0,30,0,0,0,NORMAL,0,3,1,6,86,258,0,518,0,0,0,0,0,0,0
199253,3,bully,3498,1,29,2906496,258,257,1548,1542,1,1,195755,3498,0,30,0,0,0,NORMAL,0,3,1,6,87,258,0,257,0,0,0,0,0,0,0
199274,2,bully,3519,1,29,2907105,258,777,1548,4662,1,1,195755,3519,0,30,0,0,0,NORMAL,0,3,1,6,86,258,0,777,0,0,0,0,0,0,0
201134,1,bully,3077,1,29,2894262,261,519,1566,3114,1,1,198057,3077,0,30,0,0,0,LEADER,1,4,1,10,29,261,0,519,0,0,0,0,0,0,0
201441,5,bully,3383,1,29,2903161,261,520,1566,3120,1,1,198058,3383,0,30,0,0,0,NORMAL,0,3,1,9,87,261,0,520,0,0,0,0,0,0,0
200998,4,bully,2940,1,29,2890314,261,524,1566,3144,1,1,198058,2940,0,30,0,0,0,NORMAL,0,3,1,9,86,261,0,524,0,0,0,0,0,0,0
201556,3,bully,3498,1,29,2906496,261,260,1566,1560,1,1,198058,3498,0,30,0,0,0,NORMAL,0,3,1,9,87,261,0,260,0,0,0,0,0,0,0
201577,2,bully,3519,1,29,2907105,261,786,1566,4716,1,1,198058,3519,0,30,0,0,0,NORMAL,0,3,1,9,86,261,0,786,0,0,0,0,0,0,0
203437,1,bully,3077,1,30,3097699,264,525,1584,3150,1,1,200360,3077,0,31,0,0,0,LEADER,1,4,1,4,30,264,0,525,0,0,0,0,0,0,0
203744,5,bully,3383,1,30,3106905,264,526,1584,3156,1,1,200361,3383,0,31,0,0,0,NORMAL,0,3,2,3,90,264,0,526,0,0,0,0,0,0,0
203301,4,bully,2940,1,30,3093615,264,530,1584,3180,1,1,200361,2940,0,31,0,0,0,NORMAL,0,3,2,3,89,264,0,530,0,0,0,0,0,0,0
203859,3,bully,3498,1,30,3110355,264,263,1584,1578,1,1,200361,3498,0,31,0,0,0,NORMAL,0,3,2,3,90,264,0,263,0,0,0,0,0,0,0
203880,2,bully,3519,1,30,3110985,264,795,1584,4770,1,1,200361,3519,0,31,0,0,0,NORMAL,0,3,2,3,89,264,0,795,0,0,0,0,0,0,0
205740,1,bully,3077,1,30,3097699,267,531,1602,3186,1,1,202663,3077,0,31,0,0,0,LEADER,1,4,1,7,30,267,0,531,0,0,0,0,0,0,0
206047,5,bully,3383,1,30,3106905,267,532,1602,3192,1,1,202664,3383,0,31,0,0,0,NORMAL,0,3,1,6,90,267,0,532,0,0,0,0,0,0,0
205604,4,bully,2940,1,30,3093615,267,536,1602,3216,1,1,202664,2940,0,31,0,0,0,NORMAL,0,3,1,6,89,267,0,536,0,0,0,0,0,0,0
206162,3,bully,3498,1,30,3110355,267,266,1602,1596,1,1,202664,3498,0,31,0,0,0,NORMAL,0,3,1,6,90,267,0,266,0,0,0,0,0,0,0
206183,2,bully,3519,1,30,3110985,267,804,1602,4824,1,1,202664,3519,0,31,0,0,0,NORMAL,0,3,1,6,89,267,0,804,0,0,0,0,0,0,0
208043,1,bully,3077,1,30,3097699,270,537,1620,3222,1,1,204966,3077,0,31,0,0,0,LEADER,1,4,1,10,30,270,0,537,0,0,0,0,0,0,0
208350,5,bully,3383,1,30,3106905,270,538,1620,3228,1,1,204967,3383,0,31,0,0,0,NORMAL,0,3,1,9,90,270,0,538,0,0,0,0,0,0,0
207907,4,bully,2940,1,30,3093615,270,542,1620,3252,1,1,204967,2940,0,31,0,0,0,NORMAL,0,3,1,9,89,270,0,542,0,0,0,0,0,0,0
208465,3,bully,3498,1,30,3110355,270,269,1620,1614,1,1,204967,3498,0,31,0,0,0,NORMAL,0,3,1,9,90,270,0,269,0,0,0,0,0,0,0
208486,2,bully,3519,1,30,3110985,270,813,1620,4878,1,1,204967,3519,0,31,0,0,0,NORMAL,0,3,1,9,89,270,0,813,0,0,0,0,0,0,0
210346,1,bully,3077,1,31,3308045,273,543,1638,3258,1,1,207269,3077,0,32,0,0,0,LEADER,1,4,1,4,31,273,0,543,0,0,0,0,0,0,0
210653,5,bully,3383,1,31,3317558,273,544,1638,3264,1,1,207270,3383,0,32,0,0,0,NORMAL,0,3,2,3,93,273,0,544,0,0,0,0,0,0,0
210210,4,bully,2940,1,31,3303825,273,548,1638,3288,1,1,207270,2940,0,32,0,0,0,NORMAL,0,3,2,3,92,273,0,548,0,0,0,0,0,0,0
210768,3,bully,3498,1,31,3321123,273,272,1638,1632,1,1,207270,3498,0,32,0,0,0,NORMAL,0,3,2,3,93,273,0,272,0,0,0,0,0,0,0
210789,2,bully,3519,1,31,3321774,273,822,1638,4932,1,1,207270,3519,0,32,0,0,0,NORMAL,0,3,2,3,92,273,0,822,0,0,0,0,0,0,0
212649,1,bully,3077,1,31,3308045,276,549,1656,3294,1,1,209572,3077,0,32,0,0,0,LEADER,1,4,1,7,31,276,0,549,0,0,0,0,0,0,0
212956,5,bully,3383,1,31,3317558,276,550,1656,3300,1,1,209573,3383,0,32,0,0,0,NORMAL,0,3,1,6,93,276,0,550,0,0,0,0,0,0,0
212513,4,bully,2940,1,31,3303825,276,554,1656,3324,1,1,209573,2940,0,32,0,0,0,NORMAL,0,3,1,6,92,276,0,554,0,0,0,0,0,0,0
213071,3,bully,3498,1,31,3321123,276,275,1656,1650,1,1,209573,3498,0,32,0,0,0,NORMAL,0,3,1,6,93,276,0,275,0,0,0,0,0,0,0
213092,2,bully,3519,1,31,3321774,276,831,1656,4986,1,1,209573,3519,0,32,0,0,0,NORMAL,0,3,1,6,92,276,0,831,0,0,0,0,0,0,0
214952,1,bully,3077,1,31,3308045,279,555,1674,3330,1,1,211875,3077,0,32,0,0,0,LEADER,1,4,1,10,31,279,0,555,0,0,0,0,0,0,0
215259,5,bully,3383,1,31,3317558,279,556,1674,3336,1,1,211876,3383,0,32,0,0,0,NORMAL,0,3,1,9,93,279,0,556,0,0,0,0,0,0,0
214816,4,bully,2940,1,31,3303825,279,560,1674,3360,1,1,211876,2940,0,32,0,0,0,NORMAL,0,3,1,9,92,279,0,560,0,0,0,0,0,0,0
215374,3,bully,3498,1,31,3321123,279,278,1674,1668,1,1,211876,3498,0,32,0,0,0,NORMAL,0,3,1,9,93,279,0,278,0,0,0,0,0,0,0
215395,2,bully,3519,1,31,3321774,279,840,1674,5040,1,1,211876,3519,0,32,0,0,0,NORMAL,0,3,1,9,92,279,0,840,0,0,0,0,0,0,0
217255,1,bully,3077,1,32,3525300,282,561,1692,3366,1,1,214178,3077,0,33,0,0,0,LEADER,1,4,1,4,32,282,0,561,0,0,0,0,0,0,0
217562,5,bully,3383,1,32,3535120,282,562,1692,3372,1,1,214179,3383,0,33,0,0,0,NORMAL,0,3,2,3,96,282,0,562,0,0,0,0,0,0,0
217119,4,bully,2940,1,32,3520944,282,566,1692,3396,1,1,214179,2940,0,33,0,0,0,NORMAL,0,3,2,3,95,282,0,566,0,0,0,0,0,0,0
217677,3,bully,3498,1,32,3538800,282,281,1692,1686,1,1,214179,3498,0,33,0,0,0,NORMAL,0,3,2,3,96,282,0,281,0,0,0,0,0,0,0
217698,2,bully,3519,1,32,3539472,282,849,1692,5094,1,1,214179,3519,0,33,0,0,0,NORMAL,0,3,2,3,95,282,0,849,0,0,0,0,0,0,0
219558,1,bully,3077,1,32,3525300,285,567,1710,3402,1,1,216481,3077,0,33,0,0,0,LEADER,1,4,1,7,32,285,0,567,0,0,0,0,0,0,0
219865,5,bully,3383,1,32,3535120,285,568,1710,3408,1,1,216482,3383,0,33,0,0,0,NORMAL,0,3,1,6,96,285,0,568,0,0,0,0,0,0,0
219422,4,bully,2940,1,32,3520944,285,572,1710,3432,1,1,216482,2940,0,33,0,0,0,NORMAL,0,3,1,6,95,285,0,572,0,0,0,0,0,0,0
219980,3,bully,3498,1,32,3538800,285,284,1710,1704,1,1,216482,3498,0,33,0,0,0,NORMAL,0,3,1,6,96,285,0,284,0,0,0,0,0,0,0
220001,2,bully,3519,1,32,3539472,285,858,1710,5148,1,1,216482,3519,0,33,0,0,0,NORMAL,0,3,1,6,95,285,0,858,0,0,0,0,0,0,0
221861,1,bully,3077,1,32,3525300,288,573,1728,3438,1,1,218784,3077,0,33,0,0,0,LEADER,1,4,1,10,32,288,0,573,0,0,0,0,0,0,0
222168,5,bully,3383,1,32,3535120,288,574,1728,3444,1,1,218785,3383,0,33,0,0,0,NORMAL,0,3,1,9,96,288,0,574,0,0,0,0,0,0,0
221725,4,bully,2940,1,32,3520944,288,578,1728,3468,1,1,218785,2940,0,33,0,0,0,NORMAL,0,3,1,9,95,288,0,578,0,0,0,0,0,0,0
222283,3,bully,3498,1,32,3538800,288,287,1728,1722,1,1,218785,3498,0,33,0,0,0,NORMAL,0,3,1,9,96,288,0,287,0,0,0,0,0,0,0
222304,2,bully,3519,1,32,3539472,288,867,1728,5202,1,1,218785,3519,0,33,0,0,0,NORMAL,0,3,1,9,95,288,0,867,0,0,0,0,0,0,0
224164,1,bully,3077,1,33,3749464,291,579,1746,3474,1,1,221087,3077,0,34,0,0,0,LEADER,1,4,1,4,33,291,0,579,0,0,0,0,0,0,0
224471,5,bully,3383,1,33,3759591,291,580,1746,3480,1,1,221088,3383,0,34,0,0,0,NORMAL,0,3,2,3,99,291,0,580,0,0,0,0,0,0,0
224028,4,bully,2940,1,33,3744972,291,584,1746,3504,1,1,221088,2940,0,34,0,0,0,NORMAL,0,3,2,3,98,291,0,584,0,0,0,0,0,0,0
224586,3,bully,3498,1,33,3763386,291,290,1746,1740,1,1,221088,3498,0,34,0,0,0,NORMAL,0,3,2,3,99,291,0,290,0,0,0,0,0,0,0
224607,2,bully,3519,1,33,3764079,291,876,1746,5256,1,1,221088,3519,0,34,0,0,0,NORMAL,0,3,2,3,98,291,0,876,0,0,0,0,0,0,0
226467,1,bully,3077,1,33,3749464,294,585,1764,3510,1,1,223390,3077,0,34,0,0,0,LEADER,1,4,1,7,33,294,0,585,0,0,0,0,0,0,0
226774,5,bully,3383,1,33,3759591,294,586,1764,3516,1,1,223391,3383,0,34,0,0,0,NORMAL,0,3,1,6,99,294,0,586,0,0,0,0,0,0,0
226331,4,bully,2940,1,33,3744972,294,590,1764,3540,1,1,223391,2940,0,34,0,0,0,NORMAL,0,3,1,6,98,294,0,590,0,0,0,0,0,0,0
226889,3,bully,3498,1,33,3763386,294,293,1764,1758,1,1,223391,3498,0,34,0,0,0,NORMAL,0,3,1,6,99,294,0,293,0,0,0,0,0,0,0
226910,2,bully,3519,1,33,3764079,294,885,1764,5310,1,1,223391,3519,0,34,0,0,0,NORMAL,0,3,1,6,98,294,0,885,0,0,0,0,0,0,0
228770,1,bully,3077,1,33,3749464,297,591,1782,3546,1,1,225693,3077,0,34,0,0,0,LEADER,1,4,1,10,33,297,0,591,0,0,0,0,0,0,0
229077,5,bully,3383,1,33,3759591,297,592,1782,3552,1,1,225694,3383,0,34,0,0,0,NORMAL,0,3,1,9,99,297,0,592,0,0,0,0,0,0,0
228634,4,bully,2940,1,33,3744972,297,596,1782,3576,1,1,225694,2940,0,34,0,0,0,NORMAL,0,3,1,9,98,297,0,596,0,0,0,0,0,0,0
229192,3,bully,3498,1,33,3763386,297,296,1782,1776,1,1,225694,3498,0,34,0,0,0,NORMAL,0,3,1,9,99,297,0,296,0,0,0,0,0,0,0
229213,2,bully,3519,1,33,3764079,297,894,1782,5364,1,1,225694,3519,0,34,0,0,0,NORMAL,0,3,1,9,98,297,0,894,0,0,0,0,0,0,0
231073,1,bully,3077,1,34,3980537,300,597,1800,3582,1,1,227996,3077,0,35,0,0,0,LEADER,1,4,1,4,34,300,0,597,0,0,0,0,0,0,0
231380,5,bully,3383,1,34,3990971,300,598,1800,3588,1,1,227997,3383,0,35,0,0,0,NORMAL,0,3,2,3,102,300,0,598,0,0,0,0,0,0,0
230937,4,bully,2940,1,34,3975909,300,602,1800,3612,1,1,227997,2940,0,35,0,0,0,NORMAL,0,3,2,3,101,300,0,602,0,0,0,0,0,0,0
231495,3,bully,3498,1,34,3994881,300,299,1800,1794,1,1,227997,3498,0,35,0,0,0,NORMAL,0,3,2,3,102,300,0,299,0,0,0,0,0,0,0
231516,2,bully,3519,1,34,3995595,300,903,1800,5418,1,1,227997,3519,0,35,0,0,0,NORMAL,0,3,2,3,101,300,0,903,0,0,0,0,0,0,0
233376,1,bully,3077,1,34,3980537,303,603,1818,3618,1,1,230299,3077,0,35,0,0,0,LEADER,1,4,1,7,34,303,0,603,0,0,0,0,0,0,0
233683,5,bully,3383,1,34,3990971,303,604,1818,3624,1,1,230300,3383,0,35,0,0,0,NORMAL,0,3,1,6,102,303,0,604,0,0,0,0,0,0,0
233240,4,bully,2940,1,34,3975909,303,608,1818,3648,1,1,230300,2940,0,35,0,0,0,NORMAL,0,3,1,6,101,303,0,608,0,0,0,0,0,0,0
233798,3,bully,3498,1,34,3994881,303,302,1818,1812,1,1,230300,3498,0,35,0,0,0,NORMAL,0,3,1,6,102,303,0,302,0,0,0,0,0,0,0
233819,2,bully,3519,1,34,3995595,303,912,1818,5472,1,1,230300,3519,0,35,0,0,0,NORMAL,0,3,1,6,101,303,0,912,0,0,0,0,0,0,0
235679,1,bully,3077,1,34,3980537,306,609,1836,3654,1,1,232602,3077,0,35,0,0,0,LEADER,1,4,1,10,34,306,0,609,0,0,0,0,0,0,0
235986,5,bully,3383,1,34,3990971,306,610,1836,3660,1,1,232603,3383,0,35,0,0,0,NORMAL,0,3,1,9,102,306,0,610,0,0,0,0,0,0,0
235543,4,bully,2940,1,34,3975909,306,614,1836,3684,1,1,232603,2940,0,35,0,0,0,NORMAL,0,3,1,9,101,306,0,614,0,0,0,0,0,0,0
236101,3,bully,3498,1,34,3994881,306,305,1836,1830,1,1,232603,3498,0,35,0,0,0,NORMAL,0,3,1,9,102,306,0,305,0,0,0,0,0,0,0
236122,2,bully,3519,1,34,3995595,306,921,1836,5526,1,1,232603,3519,0,35,0,0,0,NORMAL,0,3,1,9,101,306,0,921,0,0,0,0,0,0,0
237982,1,bully,3077,1,35,4218519,309,615,1854,3690,1,1,234905,3077,0,36,0,0,0,LEADER,1,4,1,4,35,309,0,615,0,0,0,0,0,0,0
238289,5,bully,3383,1,35,4229260,309,616,1854,3696,1,1,234906,3383,0,36,0,0,0,NORMAL,0,3,2,3,105,309,0,616,0,0,0,0,0,0,0
237846,4,bully,2940,1,35,4213755,309,620,1854,3720,1,1,234906,2940,0,36,0,0,0,NORMAL,0,3,2,3,104,309,0,620,0,0,0,0,0,0,0
238404,3,bully,3498,1,35,4233285,309,308,1854,1848,1,1,234906,3498,0,36,0,0,0,NORMAL,0,3,2,3,105,309,0,308,0,0,0,0,0,0,0
238425,2,bully,3519,1,35,4234020,309,930,1854,5580,1,1,234906,3519,0,36,0,0,0,NORMAL,0,3,2,3,104,309,0,930,0,0,0,0,0,0,0
240285,1,bully,3077,1,35,4218519,312,621,1872,3726,1,1,237208,3077,0,36,0,0,0,LEADER,1,4,1,7,35,312,0,621,0,0,0,0,0,0,0
240592,5,bully,3383,1,35,4229260,312,622,1872,3732,1,1,237209,3383,0,36,0,0,0,NORMAL,0,3,1,6,105,312,0,622,0,0,0,0,0,0,0
240149,4,bully,2940,1,35,4213755,312,626,1872,3756,1,1,237209,2940,0,36,0,0,0,NORMAL,0,3,1,6,104,312,0,626,0,0,0,0,0,0,0
240707,3,bully,3498,1,35,4233285,312,311,1872,1866,1,1,237209,3498,0,36,0,0,0,NORMAL,0,3,1,6,105,312,0,311,0,0,0,0,0,0,0
240728,2,bully,3519,1,35,4234020,312,939,1872,5634,1,1,237209,3519,0,36,0,0,0,NORMAL,0,3,1,6,104,312,0,939,0,0,0,0,0,0,0
242588,1,bully,3077,1,35,4218519,315,627,1890,3762,1,1,239511,3077,0,36,0,0,0,LEADER,1,4,1,10,35,315,0,627,0,0,0,0,0,0,0
242895,5,bully,3383,1,35,4229260,315,628,1890,3768,1,1,239512,3383,0,36,0,0,0,NORMAL,0,3,1,9,105,315,0,628,0,0,0,0,0,0,0
242452,4,bully,2940,1,35,4213755,315,632,1890,3792,1,1,239512,2940,0,36,0,0,0,NORMAL,0,3,1,9,104,315,0,632,0,0,0,0,0,0,0
243010,3,bully,3498,1,35,4233285,315,314,1890,1884,1,1,239512,3498,0,36,0,0,0,NORMAL,0,3,1,9,105,315,0,314,0,0,0,0,0,0,0
243031,2,bully,3519,1,35,4234020,315,948,1890,5688,1,1,239512,3519,0,36,0,0,0,NORMAL,0,3,1,9,104,315,0,948,0,0,0,0,0,0,0
244891,1,bully,3077,1,36,4463410,318,633,1908,3798,1,1,241814,3077,0,37,0,0,0,LEADER,1,4,1,4,36,318,0,633,0,0,0,0,0,0,0
245198,5,bully,3383,1,36,4474458,318,634,1908,3804,1,1,241815,3383,0,37,0,0,0,NORMAL,0,3,2,3,108,318,0,634,0,0,0,0,0,0,0
244755,4,bully,2940,1,36,4458510,318,638,1908,3828,1,1,241815,2940,0,37,0,0,0,NORMAL,0,3,2,3,107,318,0,638,0,0,0,0,0,0,0
245313,3,bully,3498,1,36,4478598,318,317,1908,1902,1,1,241815,3498,0,37,0,0,0,NORMAL,0,3,2,3,108,318,0,317,0,0,0,0,0,0,0
245334,2,bully,3519,1,36,4479354,318,957,1908,5742,1,1,241815,3519,0,37,0,0,0,NORMAL,0,3,2,3,107,318,0,957,0,0,0,0,0,0,0
247194,1,bully,3077,1,36,4463410,321,639,1926,3834,1,1,244117,3077,0,37,0,0,0,LEADER,1,4,1,7,36,321,0,639,0,0,0,0,0,0,0
247501,5,bully,3383,1,36,4474458,321,640,1926,3840,1,1,244118,3383,0,37,0,0,0,NORMAL,0,3,1,6,108,321,0,640,0,0,0,0,0,0,0
247058,4,bully,2940,1,36,4458510,321,644,1926,3864,1,1,244118,2940,0,37,0,0,0,NORMAL,0,3,1,6,107,321,0,644,0,0,0,0,0,0,0
247616,3,bully,3498,1,36,4478598,321,320,1926,1920,1,1,244118,3498,0,37,0,0,0,NORMAL,0,3,1,6,108,321,0,320,0,0,0,0,0,0,0
247637,2,bully,3519,1,36,4479354,321,966,1926,5796,1,1,244118,3519,0,37,0,0,0,NORMAL,0,3,1,6,107,321,0,966,0,0,0,0,0,0,0
249497,1,bully,3077,1,36,4463410,324,645,1944,3870,1,1,246420,3077,0,37,0,0,0,LEADER,1,4,1,10,36,324,0,645,0,0,0,0,0,0,0
249804,5,bully,3383,1,36,4474458,324,646,1944,3876,1,1,246421,3383,0,37,0,0,0,NORMAL,0,3,1,9,108,324,0,646,0,0,0,0,0,0,0
249361,4,bully,2940,1,36,4458510,324,650,1944,3900,1,1,246421,2940,0,37,0,0,0,NORMAL,0,3,1,9,107,324,0,650,0,0,0,0,0,0,0
249919,3,bully,3498,1,36,4478598,324,323,1944,1938,1,1,246421,3498,0,37,0,0,0,NORMAL,0,3,1,9,108,324,0,323,0,0,0,0,0,0,0
249940,2,bully,3519,1,36,4479354,324,975,1944,5850,1,1,246421,3519,0,37,0,0,0,NORMAL,0,3,1,9,107,324,0,975,0,0,0,0,0,0,0
251800,1,bully,3077,1,37,4715210,327,651,1962,3906,1,1,248723,3077,0,38,0,0,0,LEADER,1,4,1,4,37,327,0,651,0,0,0,0,0,0,0
252107,5,bully,3383,1,37,4726565,327,652,1962,3912,1,1,248724,3383,0,38,0,0,0,NORMAL,0,3,2,3,111,327,0,652,0,0,0,0,0,0,0
251664,4,bully,2940,1,37,4710174,327,656,1962,3936,1,1,248724,2940,0,38,0,0,0,NORMAL,0,3,2,3,110,327,0,656,0,0,0,0,0,0,0
252222,3,bully,3498,1,37,4730820,327,326,1962,1956,1,1,248724,3498,0,38,0,0,0,NORMAL,0,3,2,3,111,327,0,326,0,0,0,0,0,0,0
252243,2,bully,3519,1,37,4731597,327,984,1962,5904,1,1,248724,3519,0,38,0,0,0,NORMAL,0,3,2,3,110,327,0,984,0,0,0,0,0,0,0
254103,1,bully,3077,1,37,4715210,330,657,1980,3942,1,1,251026,3077,0,38,0,0,0,LEADER,1,4,1,7,37,330,0,657,0,0,0,0,0,0,0
254410,5,bully,3383,1,37,4726565,330,658,1980,3948,1,1,251027,3383,0,38,0,0,0,NORMAL,0,3,1,6,111,330,0,658,0,0,0,0,0,0,0
253967,4,bully,2940,1,37,4710174,330,662,1980,3972,1,1,251027,2940,0,38,0,0,0,NORMAL,0,3,1,6,110,330,0,662,0,0,0,0,0,0,0
254525,3,bully,3498,1,37,4730820,330,329,1980,1974,1,1,251027,3498,0,38,0,0,0,NORMAL,0,3,1,6,111,330,0,329,0,0,0,0,0,0,0
254546,2,bully,3519,1,37,4731597,330,993,1980,5958,1,1,251027,3519,0,38,0,0,0,NORMAL,0,3,1,6,110,330,0,993,0,0,0,0,0,0,0
256406,1,bully,3077,1,37,4715210,333,663,1998,3978,1,1,253329,3077,0,38,0,0,0,LEADER,1,4,1,10,37,333,0,663,0,0,0,0,0,0,0
256713,5,bully,3383,1,37,4726565,333,664,1998,3984,1,1,253330,3383,0,38,0,0,0,NORMAL,0,3,1,9,111,333,0,664,0,0,0,0,0,0,0
256270,4,bully,2940,1,37,4710174,333,668,1998,4008,1,1,253330,2940,0,38,0,0,0,NORMAL,0,3,1,9,110,333,0,668,0,0,0,0,0,0,0
256828,3,bully,3498,1,37,4730820,333,332,1998,1992,1,1,253330,3498,0,38,0,0,0,NORMAL,0,3,1,9,111,333,0,332,0,0,0,0,0,0,0
256849,2,bully,3519,1,37,4731597,333,1002,1998,6012,1,1,253330,3519,0,38,0,0,0,NORMAL,0,3,1,9,110,333,0,1002,0,0,0,0,0,0,0
258709,1,bully,3077,1,38,4973919,336,669,2016,4014,1,1,255632,3077,0,39,0,0,0,LEADER,1,4,1,4,38,336,0,669,0,0,0,0,0,0,0
259016,5,bully,3383,1,38,4985581,336,670,2016,4020,1,1,255633,3383,0,39,0,0,0,NORMAL,0,3,2,3,114,336,0,670,0,0,0,0,0,0,0
258573,4,bully,2940,1,38,4968747,336,674,2016,4044,1,1,255633,2940,0,39,0,0,0,NORMAL,0,3,2,3,113,336,0,674,0,0,0,0,0,0,0
259131,3,bully,3498,1,38,4989951,336,335,2016,2010,1,1,255633,3498,0,39,0,0,0,NORMAL,0,3,2,3,114,336,0,335,0,0,0,0,0,0,0
259152,2,bully,3519,1,38,4990749,336,1011,2016,6066,1,1,255633,3519,0,39,0,0,0,NORMAL,0,3,2,3,113,336,0,1011,0,0,0,0,0,0,0
261012,1,bully,3077,1,38,4973919,339,675,2034,4050,1,1,257935,3077,0,39,0,0,0,LEADER,1,4,1,7,38,339,0,675,0,0,0,0,0,0,0
261319,5,bully,3383,1,38,4985581,339,676,2034,4056,1,1,257936,3383,0,39,0,0,0,NORMAL,0,3,1,6,114,339,0,676,0,0,0,0,0,0,0
260876,4,bully,2940,1,38,4968747,339,680,2034,4080,1,1,257936,2940,0,39,0,0,0,NORMAL,0,3,1,6,113,339,0,680,0,0,0,0,0,0,0
261434,3,bully,3498,1,38,4989951,339,338,2034,2028,1,1,257936,3498,0,39,0,0,0,NORMAL,0,3,1,6,114,339,0,338,0,0,0,0,0,0,0
261455,2,bully,3519,1,38,4990749,339,1020,2034,6120,1,1,257936,3519,0,39,0,0,0,NORMAL,0,3,1,6,113,339,0,1020,0,0,0,0,0,0,0
263315,1,bully,3077,1,38,4973919,342,681,2052,4086,1,1,260238,3077,0,39,0,0,0,LEADER,1,4,1,10,38,342,0,681,0,0,0,0,0,0,0
263622,5,bully,3383,1,38,4985581,342,682,2052,4092,1,1,260239,3383,0,39,0,0,0,NORMAL,0,3,1,9,114,342,0,682,0,0,0,0,0,0,0
263179,4,bully,2940,1,38,4968747,342,686,2052,4116,1,1,260239,2940,0,39,0,0,0,NORMAL,0,3,1,9,113,342,0,686,0,0,0,0,0,0,0
263737,3,bully,3498,1,38,4989951,342,341,2052,2046,1,1,260239,3498,0,39,0,0,0,NORMAL,0,3,1,9,114,342,0,341,0,0,0,0,0,0,0
263758,2,bully,3519,1,38,4990749,342,1029,2052,6174,1,1,260239,3519,0,39,0,0,0,NORMAL,0,3,1,9,113,342,0,1029,0,0,0,0,0,0,0
265618,1,bully,3077,1,39,5239537,345,687,2070,4122,1,1,262541,3077,0,40,0,0,0,LEADER,1,4,1,4,39,345,0,687,0,0,0,0,0,0,0
265925,5,bully,3383,1,39,5251506,345,688,2070,4128,1,1,262542,3383,0,40,0,0,0,NORMAL,0,3,2,3,117,345,0,688,0,0,0,0,0,0,0
265482,4,bully,2940,1,39,5234229,345,692,2070,4152,1,1,262542,2940,0,40,0,0,0,NORMAL,0,3,2,3,116,345,0,692,0,0,0,0,0,0,0
266040,3,bully,3498,1,39,5255991,345,344,2070,2064,1,1,262542,3498,0,40,0,0,0,NORMAL,0,3,2,3,117,345,0,344,0,0,0,0,0,0,0
266061,2,bully,3519,1,39,5256810,345,1038,2070,6228,1,1,262542,3519,0,40,0,0,0,NORMAL,0,3,2,3,116,345,0,1038,0,0,0,0,0,0,0
267921,1,bully,3077,1,39,5239537,348,693,2088,4158,1,1,264844,3077,0,40,0,0,0,LEADER,1,4,1,7,39,348,0,693,0,0,0,0,0,0,0
268228,5,bully,3383,1,39,5251506,348,694,2088,4164,1,1,264845,3383,0,40,0,0,0,NORMAL,0,3,1,6,117,348,0,694,0,0,0,0,0,0,0
267785,4,bully,2940,1,39,5234229,348,698,2088,4188,1,1,264845,2940,0,40,0,0,0,NORMAL,0,3,1,6,116,348,0,698,0,0,0,0,0,0,0
268343,3,bully,3498,1,39,5255991,348,347,2088,2082,1,1,264845,3498,0,40,0,0,0,NORMAL,0,3,1,6,117,348,0,347,0,0,0,0,0,0,0
268364,2,bully,3519,1,39,5256810,348,1047,2088,6282,1,1,264845,3519,0,40,0,0,0,NORMAL,0,3,1,6,116,348,0,1047,0,0,0,0,0,0,0
270224,1,bully,3077,1,39,5239537,351,699,2106,4194,1,1,267147,3077,0,40,0,0,0,LEADER,1,4,1,10,39,351,0,699,0,0,0,0,0,0,0
270531,5,bully,3383,1,39,5251506,351,700,2106,4200,1,1,267148,3383,0,40,0,0,0,NORMAL,0,3,1,9,117,351,0,700,0,0,0,0,0,0,0
270088,4,bully,2940,1,39,5234229,351,704,2106,4224,1,1,267148,2940,0,40,0,0,0,NORMAL,0,3,1,9,116,351,0,704,0,0,0,0,0,0,0
270646,3,bully,3498,1,39,5255991,351,350,2106,2100,1,1,267148,3498,0,40,0,0,0,NORMAL,0,3,1,9,117,351,0,350,0,0,0,0,0,0,0
270667,2,bully,3519,1,39,5256810,351,1056,2106,6336,1,1,267148,3519,0,40,0,0,0,NORMAL,0,3,1,9,116,351,0,1056,0,0,0,0,0,0,0
272527,1,bully,3077,1,40,5512064,354,705,2124,4230,1,1,269450,3077,0,41,0,0,0,LEADER,1,4,1,4,40,354,0,705,0,0,0,0,0,0,0
272834,5,bully,3383,1,40,5524340,354,706,2124,4236,1,1,269451,3383,0,41,0,0,0,NORMAL,0,3,2,3,120,354,0,706,0,0,0,0,0,0,0
272391,4,bully,2940,1,40,5506620,354,710,2124,4260,1,1,269451,2940,0,41,0,0,0,NORMAL,0,3,2,3,119,354,0,710,0,0,0,0,0,0,0
272949,3,bully,3498,1,40,5528940,354,353,2124,2118,1,1,269451,3498,0,41,0,0,0,NORMAL,0,3,2,3,120,354,0,353,0,0,0,0,0,0,0
272970,2,bully,3519,1,40,5529780,354,1065,2124,6390,1,1,269451,3519,0,41,0,0,0,NORMAL,0,3,2,3,119,354,0,1065,0,0,0,0,0,0,0
274830,1,bully,3077,1,40,5512064,357,711,2142,4266,1,1,271753,3077,0,41,0,0,0,LEADER,1,4,1,7,40,357,0,711,0,0,0,0,0,0,0
275137,5,bully,3383,1,40,5524340,357,712,2142,4272,1,1,271754,3383,0,41,0,0,0,NORMAL,0,3,1,6,120,357,0,712,0,0,0,0,0,0,0
274694,4,bully,2940,1,40,5506620,357,716,2142,4296,1,1,271754,2940,0,41,0,0,0,NORMAL,0,3,1,6,119,357,0,716,0,0,0,0,0,0,0
275252,3,bully,3498,1,40,5528940,357,356,2142,2136,1,1,271754,3498,0,41,0,0,0,NORMAL,0,3,1,6,120,357,0,356,0,0,0,0,0,0,0
275273,2,bully,3519,1,40,5529780,357,1074,2142,6444,1,1,271754,3519,0,41,0,0,0,NORMAL,0,3,1,6,119,357,0,1074,0,0,0,0,0,0,0
277133,1,bully,3077,1,40,5512064,360,717,2160,4302,1,1,274056,3077,0,41,0,0,0,LEADER,1,4,1,10,40,360,0,717,0,0,0,0,0,0,0
277440,5,bully,3383,1,40,5524340,360,718,2160,4308,1,1,274057,3383,0,41,0,0,0,NORMAL,0,3,1,9,120,360,0,718,0,0,0,0,0,0,0
276997,4,bully,2940,1,40,5506620,360,722,2160,4332,1,1,274057,2940,0,41,0,0,0,NORMAL,0,3,1,9,119,360,0,722,0,0,0,0,0,0,0
277555,3,bully,3498,1,40,5528940,360,359,2160,2154,1,1,274057,3498,0,41,0,0,0,NORMAL,0,3,1,9,120,360,0,359,0,0,0,0,0,0,0
277576,2,bully,3519,1,40,5529780,360,1083,2160,6498,1,1,274057,3519,0,41,0,0,0,NORMAL,0,3,1,9,119,360,0,1083,0,0,0,0,0,0,0
279436,1,bully,3077,1,41,5791500,363,723,2178,4338,1,1,276359,3077,0,42,0,0,0,LEADER,1,4,1,4,41,363,0,723,0,0,0,0,0,0,0
279743,5,bully,3383,1,41,5804083,363,724,2178,4344,1,1,276360,3383,0,42,0,0,0,NORMAL,0,3,2,3,123,363,0,724,0,0,0,0,0,0,0
279300,4,bully,2940,1,41,5785920,363,728,2178,4368,1,1,276360,2940,0,42,0,0,0,NORMAL,0,3,2,3,122,363,0,728,0,0,0,0,0,0,0
279858,3,bully,3498,1,41,5808798,363,362,2178,2172,1,1,276360,3498,0,42,0,0,0,NORMAL,0,3,2,3,123,363,0,362,0,0,0,0,0,0,0
279879,2,bully,3519,1,41,5809659,363,1092,2178,6552,1,1,276360,3519,0,42,0,0,0,NORMAL,0,3,2,3,122,363,0,1092,0,0,0,0,0,0,0
281739,1,bully,3077,1,41,5791500,366,729,2196,4374,1,1,278662,3077,0,42,0,0,0,LEADER,1,4,1,7,41,366,0,729,0,0,0,0,0,0,0
282046,5,bully,3383,1,41,5804083,366,730,2196,4380,1,1,278663,3383,0,42,0,0,0,NORMAL,0,3,1,6,123,366,0,730,0,0,0,0,0,0,0
281603,4,bully,2940,1,41,5785920,366,734,2196,4404,1,1,278663,2940,0,42,0,0,0,NORMAL,0,3,1,6,122,366,0,734,0,0,0,0,0,0,0
282161,3,bully,3498,1,41,5808798,366,365,2196,2190,1,1,278663,3498,0,42,0,0,0,NORMAL,0,3,1,6,123,366,0,365,0,0,0,0,0,0,0
282182,2,bully,3519,1,41,5809659,366,1101,2196,6606,1,1,278663,3519,0,42,0,0,0,NORMAL,0,3,1,6,122,366,0,1101,0,0,0,0,0,0,0
284042,1,bully,3077,1,41,5791500,369,735,2214,4410,1,1,280965,3077,0,42,0,0,0,LEADER,1,4,1,10,41,369,0,735,0,0,0,0,0,0,0
284349,5,bully,3383,1,41,5804083,369,736,2214,4416,1,1,280966,3383,0,42,0,0,0,NORMAL,0,3,1,9,123,369,0,736,0,0,0,0,0,0,0
283906,4,bully,2940,1,41,5785920,369,740,2214,4440,1,1,280966,2940,0,42,0,0,0,NORMAL,0,3,1,9,122,369,0,740,0,0,0,0,0,0,0
284464,3,bully,3498,1,41,5808798,369,368,2214,2208,1,1,280966,3498,0,42,0,0,0,NORMAL,0,3,1,9,123,369,0,368,0,0,0,0,0,0,0
284485,2,bully,3519,1,41,5809659,369,1110,2214,6660,1,1,280966,3519,0,42,0,0,0,NORMAL,0,3,1,9,122,369,0,1110,0,0,0,0,0,0,0
286345,1,bully,3077,1,42,6077845,372,741,2232,4446,1,1,283268,3077,0,43,0,0,0,LEADER,1,4,1,4,42,372,0,741,0,0,0,0,0,0,0
286652,5,bully,3383,1,42,6090735,372,742,2232,4452,1,1,283269,3383,0,43,0,0,0,NORMAL,0,3,2,3,126,372,0,742,0,0,0,0,0,0,0
286209,4,bully,2940,1,42,6072129,372,746,2232,4476,1,1,283269,2940,0,43,0,0,0,NORMAL,0,3,2,3,125,372,0,746,0,0,0,0,0,0,0
286767,3,bully,3498,1,42,6095565,372,371,2232,2226,1,1,283269,3498,0,43,0,0,0,NORMAL,0,3,2,3,126,372,0,371,0,0,0,0,0,0,0
286788,2,bully,3519,1,42,6096447,372,1119,2232,6714,1,1,283269,3519,0,43,0,0,0,NORMAL,0,3,2,3,125,372,0,1119,0,0,0,0,0,0,0
288648,1,bully,3077,1,42,6077845,375,747,2250,4482,1,1,285571,3077,0,43,0,0,0,LEADER,1,4,1,7,42,375,0,747,0,0,0,0,0,0,0
288955,5,bully,3383,1,42,6090735,375,748,2250,4488,1,1,285572,3383,0,43,0,0,0,NORMAL,0,3,1,6,126,375,0,748,0,0,0,0,0,0,0
288512,4,bully,2940,1,42,6072129,375,752,2250,4512,1,1,285572,2940,0,43,0,0,0,NORMAL,0,3,1,6,125,375,0,752,0,0,0,0,0,0,0
289070,3,bully,3498,1,42,6095565,375,374,2250,2244,1,1,285572,3498,0,43,0,0,0,NORMAL,0,3,1,6,126,375,0,374,0,0,0,0,0,0,0
289091,2,bully,3519,1,42,6096447,375,1128,2250,6768,1,1,285572,3519,0,43,0,0,0,NORMAL,0,3,1,6,125,375,0,1128,0,0,0,0,0,0,0
290951,1,bully,3077,1,42,6077845,378,753,2268,4518,1,1,287874,3077,0,43,0,0,0,LEADER,1,4,1,10,42,378,0,753,0,0,0,0,0,0,0
291258,5,bully,3383,1,42,6090735,378,754,2268,4524,1,1,287875,3383,0,43,0,0,0,NORMAL,0,3,1,9,126,378,0,754,0,0,0,0,0,0,0
290815,4,bully,2940,1,42,6072129,378,758,2268,4548,1,1,287875,2940,0,43,0,0,0,NORMAL,0,3,1,9,125,378,0,758,0,0,0,0,0,0,0
291373,3,bully,3498,1,42,6095565,378,377,2268,2262,1,1,287875,3498,0,43,0,0,0,NORMAL,0,3,1,9,126,378,0,377,0,0,0,0,0,0,0
291394,2,bully,3519,1,42,6096447,378,1137,2268,6822,1,1,287875,3519,0,43,0,0,0,NORMAL,0,3,1,9,125,378,0,1137,0,0,0,0,0,0,0
293254,1,bully,3077,1,43,6371099,381,759,2286,4554,1,1,290177,3077,0,44,0,0,0,LEADER,1,4,1,4,43,381,0,759,0,0,0,0,0,0,0
293561,5,bully,3383,1,43,6384296,381,760,2286,4560,1,1,290178,3383,0,44,0,0,0,NORMAL,0,3,2,3,129,381,0,760,0,0,0,0,0,0,0
293118,4,bully,2940,1,43,6365247,381,764,2286,4584,1,1,290178,2940,0,44,0,0,0,NORMAL,0,3,2,3,128,381,0,764,0,0,0,0,0,0,0
293676,3,bully,3498,1,43,6389241,381,380,2286,2280,1,1,290178,3498,0,44,0,0,0,NORMAL,0,3,2,3,129,381,0,380,0,0,0,0,0,0,0
293697,2,bully,3519,1,43,6390144,381,1146,2286,6876,1,1,290178,3519,0,44,0,0,0,NORMAL,0,3,2,3,128,381,0,1146,0,0,0,0,0,0,0
295557,1,bully,3077,1,43,6371099,384,765,2304,4590,1,1,292480,3077,0,44,0,0,0,LEADER,1,4,1,7,43,384,0,765,0,0,0,0,0,0,0
295864,5,bully,3383,1,43,6384296,384,766,2304,4596,1,1,292481,3383,0,44,0,0,0,NORMAL,0,3,1,6,129,384,0,766,0,0,0,0,0,0,0
295421,4,bully,2940,1,43,6365247,384,770,2304,4620,1,1,292481,2940,0,44,0,0,0,NORMAL,0,3,1,6,128,384,0,770,0,0,0,0,0,0,0
295979,3,bully,3498,1,43,6389241,384,383,2304,2298,1,1,292481,3498,0,44,0,0,0,NORMAL,0,3,1,6,129,384,0,383,0,0,0,0,0,0,0
296000,2,bully,3519,1,43,6390144,384,1155,2304,6930,1,1,292481,3519,0,44,0,0,0,NORMAL,0,3,1,6,128,384,0,1155,0,0,0,0,0,0,0
297860,1,bully,3077,1,43,6371099,387,771,2322,4626,1,1,294783,3077,0,44,0,0,0,LEADER,1,4,1,10,43,387,0,771,0,0,0,0,0,0,0
298167,5,bully,3383,1,43,6384296,387,772,2322,4632,1,1,294784,3383,0,44,0,0,0,NORMAL,0,3,1,9,129,387,0,772,0,0,0,0,0,0,0
297724,4,bully,2940,1,43,6365247,387,776,2322,4656,1,1,294784,2940,0,44,0,0,0,NORMAL,0,3,1,9,128,387,0,776,0,0,0,0,0,0,0
298282,3,bully,3498,1,43,6389241,387,386,2322,2316,1,1,294784,3498,0,44,0,0,0,NORMAL,0,3,1,9,129,387,0,386,0,0,0,0,0,0,0
298303,2,bully,3519,1,43,6390144,387,1164,2322,6984,1,1,294784,3519,0,44,0,0,0,NORMAL,0,3,1,9,128,387,0,1164,0,0,0,0,0,0,0
