timestamp,node_id,algorithm,first_convergence_time_ms,elections_started,elections_completed,total_election_time_ms,messages_sent,messages_received,bytes_sent,bytes_received,leader_changes,current_leader,time_in_normal_ms,time_in_election_ms,time_in_waiting_ms,state_transitions,timeouts_detected,heartbeats_sent,heartbeats_received,current_state,am_leader,elections_won,elections_lost,msg_election_sent,msg_answer_sent,msg_coordinator_sent,msg_alive_sent,msg_election_recv,msg_answer_recv,msg_coordinator_recv,msg_alive_recv,duplicates_filtered,invalid_coordinators,coordinator_reannouncements,alive_adoptions
1607,99,bully,1607,1,0,0,1,0,14,0,1,99,0,1607,0,2,0,0,0,LEADER,1,0,0,1,0,0,0,0,0,0,0,0,0,0,0
1574,89,bully,1574,1,0,0,1,0,14,0,1,89,0,1574,0,2,0,0,0,LEADER,1,0,0,1,0,0,0,0,0,0,0,0,0,0,0
1604,25,bully,1604,1,0,0,1,0,14,0,1,25,0,1604,0,2,0,0,0,LEADER,1,0,0,1,0,0,0,0,0,0,0,0,0,0,0
1725,54,bully,1725,1,0,0,1,0,14,0,1,54,0,1725,0,2,0,0,0,LEADER,1,0,0,1,0,0,0,0,0,0,0,0,0,0,0
1586,100,bully,1586,1,0,0,1,0,14,0,1,100,0,1586,0,2,0,0,0,LEADER,1,0,0,1,0,0,0,0,0,0,0,0,0,0,0
1549,16,bully,1549,1,0,0,1,0,14,0,1,16,0,1549,0,2,0,0,0,LEADER,1,0,0,1,0,0,0,0,0,0,0,0,0,0,0
1774,13,bully,1774,1,0,0,1,0,14,0,1,13,0,1774,0,2,0,0,0,LEADER,1,0,0,1,0,0,0,0,0,0,0,0,0,0,0
1567,41,bully,1567,1,0,0,1,0,14,0,1,41,0,1567,0,2,0,0,0,LEADER,1,0,0,1,0,0,0,0,0,0,0,0,0,0,0
1556,47,bully,1556,1,0,0,1,0,14,0,1,47,0,1556,0,2,0,0,0,LEADER,1,0,0,1,0,0,0,0,0,0,0,0,0,0,0
1722,97,bully,1722,1,0,0,1,0,14,0,1,97,0,1722,0,2,0,0,0,LEADER,1,0,0,1,0,0,0,0,0,0,0,0,0,0,0
1752,33,bully,1752,1,0,0,1,0,14,0,1,33,0,1752,0,2,0,0,0,LEADER,1,0,0,1,0,0,0,0,0,0,0,0,0,0,0
1910,29,bully,1910,1,0,0,1,0,14,0,1,29,0,1910,0,2,0,0,0,LEADER,1,0,0,1,0,0,0,0,0,0,0,0,0,0,0
1922,40,bully,1922,1,0,0,1,0,14,0,1,40,0,1922,0,2,0,0,0,LEADER,1,0,0,1,0,0,0,0,0,0,0,0,0,0,0
1744,96,bully,1744,1,0,0,1,0,14,0,1,96,0,1744,0,2,0,0,0,LEADER,1,0,0,1,0,0,0,0,0,0,0,0,0,0,0
1825,84,bully,1825,1,0,0,1,0,14,0,1,84,0,1825,0,2,0,0,0,LEADER,1,0,0,1,0,0,0,0,0,0,0,0,0,0,0
1519,80,bully,1519,1,0,0,1,0,14,0,1,80,0,1519,0,2,0,0,0,LEADER,1,0,0,1,0,0,0,0,0,0,0,0,0,0,0
1516,6,bully,1516,1,0,0,1,1,14,14,1,6,0,1516,0,2,0,0,0,LEADER,1,0,0,1,0,0,0,1,0,0,0,0,0,0,0
1438,92,bully,1438,1,0,0,1,0,14,0,1,92,0,1438,0,2,0,0,0,LEADER,1,0,0,1,0,0,0,0,0,0,0,0,0,0,0
1874,62,bully,1874,1,0,0,1,0,14,0,1,62,0,1874,0,2,0,0,0,LEADER,1,0,0,1,0,0,0,0,0,0,0,0,0,0,0
1619,91,bully,1619,1,0,0,1,0,14,0,1,91,0,1619,0,2,0,0,0,LEADER,1,0,0,1,0,0,0,0,0,0,0,0,0,0,0
1571,15,bully,1571,1,0,0,1,0,14,0,1,15,0,1571,0,2,0,0,0,LEADER,1,0,0,1,0,0,0,0,0,0,0,0,0,0,0
1977,49,bully,1977,1,0,0,1,0,14,0,1,49,0,1977,0,2,0,0,0,LEADER,1,0,0,1,0,0,0,0,0,0,0,0,0,0,0
1792,58,bully,1792,1,0,0,1,0,14,0,1,58,0,1792,0,2,0,0,0,LEADER,1,0,0,1,0,0,0,0,0,0,0,0,0,0,0
1434,18,bully,1434,1,0,0,1,0,14,0,1,18,0,1434,0,2,0,0,0,LEADER,1,0,0,1,0,0,0,0,0,0,0,0,0,0,0
1553,90,bully,1553,1,0,0,1,0,14,0,1,90,0,1553,0,2,0,0,0,LEADER,1,0,0,1,0,0,0,0,0,0,0,0,0,0,0
1447,35,bully,1447,1,0,0,1,0,14,0,1,35,0,1447,0,2,0,0,0,LEADER,1,0,0,1,0,0,0,0,0,0,0,0,0,0,0
1467,28,bully,1467,1,0,0,1,0,14,0,1,28,0,1467,0,2,0,0,0,LEADER,1,0,0,1,0,0,0,0,0,0,0,0,0,0,0
2141,23,bully,2141,1,0,0,1,0,14,0,1,23,0,2141,0,2,0,0,0,LEADER,1,0,0,1,0,0,0,0,0,0,0,0,0,0,0
1461,30,bully,1461,1,0,0,1,0,14,0,1,30,0,1461,0,2,0,0,0,LEADER,1,0,0,1,0,0,0,0,0,0,0,0,0,0,0
1859,94,bully,1859,1,0,0,1,0,14,0,1,94,0,1859,0,2,0,0,0,LEADER,1,0,0,1,0,0,0,0,0,0,0,0,0,0,0
1501,38,bully,1501,1,0,0,1,0,14,0,1,38,0,1501,0,2,0,0,0,LEADER,1,0,0,1,0,0,0,0,0,0,0,0,0,0,0
2180,66,bully,2180,1,0,0,1,0,14,0,1,66,0,2180,0,2,0,0,0,LEADER,1,0,0,1,0,0,0,0,0,0,0,0,0,0,0
1486,70,bully,1486,1,0,0,1,0,14,0,1,70,0,1486,0,2,0,0,0,LEADER,1,0,0,1,0,0,0,0,0,0,0,0,0,0,0
2131,88,bully,2131,1,0,0,1,0,14,0,1,88,0,2131,0,2,0,0,0,LEADER,1,0,0,1,0,0,0,0,0,0,0,0,0,0,0
2025,27,bully,2025,1,0,0,1,0,14,0,1,27,0,2025,0,2,0,0,0,LEADER,1,0,0,1,0,0,0,0,0,0,0,0,0,0,0
1514,42,bully,1514,1,0,0,1,0,14,0,1,42,0,1514,0,2,0,0,0,LEADER,1,0,0,1,0,0,0,0,0,0,0,0,0,0,0
2161,24,bully,2161,1,0,0,1,0,14,0,1,24,0,2161,0,2,0,0,0,LEADER,1,0,0,1,0,0,0,0,0,0,0,0,0,0,0
2113,46,bully,2113,1,0,0,1,0,14,0,1,46,0,2113,0,2,0,0,0,LEADER,1,0,0,1,0,0,0,0,0,0,0,0,0,0,0
1637,34,bully,1637,1,0,0,1,0,14,0,1,34,0,1637,0,2,0,0,0,LEADER,1,0,0,1,0,0,0,0,0,0,0,0,0,0,0
2010,59,bully,2010,1,0,0,1,0,14,0,1,59,0,2010,0,2,0,0,0,LEADER,1,0,0,1,0,0,0,0,0,0,0,0,0,0,0
2292,32,bully,2292,1,0,0,1,0,14,0,1,32,0,2292,0,2,0,0,0,LEADER,1,0,0,1,0,0,0,0,0,0,0,0,0,0,0
1907,72,bully,1907,1,0,0,1,0,14,0,1,72,0,1907,0,2,0,0,0,LEADER,1,0,0,1,0,0,0,0,0,0,0,0,0,0,0
2316,63,bully,2316,1,0,0,1,0,14,0,1,63,0,2316,0,2,0,0,0,LEADER,1,0,0,1,0,0,0,0,0,0,0,0,0,0,0
1792,74,bully,1792,1,0,0,1,0,14,0,1,74,0,1792,0,2,0,0,0,LEADER,1,0,0,1,0,0,0,0,0,0,0,0,0,0,0
1534,48,bully,1534,1,0,0,1,0,14,0,1,48,0,1534,0,2,0,0,0,LEADER,1,0,0,1,0,0,0,0,0,0,0,0,0,0,0
1995,57,bully,1995,1,0,0,1,0,14,0,1,57,0,1995,0,2,0,0,0,LEADER,1,0,0,1,0,0,0,0,0,0,0,0,0,0,0
2065,68,bully,2065,1,0,0,1,0,14,0,1,68,0,2065,0,2,0,0,0,LEADER,1,0,0,1,0,0,0,0,0,0,0,0,0,0,0
1466,45,bully,1466,1,0,0,1,0,14,0,1,45,0,1466,0,2,0,0,0,LEADER,1,0,0,1,0,0,0,0,0,0,0,0,0,0,0
1823,93,bully,1823,1,0,0,1,0,14,0,1,93,0,1823,0,2,0,0,0,LEADER,1,0,0,1,0,0,0,0,0,0,0,0,0,0,0
2404,82,bully,2404,1,0,0,1,0,14,0,1,82,0,2404,0,2,0,0,0,LEADER,1,0,0,1,0,0,0,0,0,0,0,0,0,0,0
2398,51,bully,2398,1,0,0,1,0,14,0,1,51,0,2398,0,2,0,0,0,LEADER,1,0,0,1,0,0,0,0,0,0,0,0,0,0,0
1943,39,bully,1943,1,0,0,1,0,14,0,1,39,0,1943,0,2,0,0,0,LEADER,1,0,0,1,0,0,0,0,0,0,0,0,0,0,0
1689,78,bully,1689,1,0,0,1,0,14,0,1,78,0,1689,0,2,0,0,0,LEADER,1,0,0,1,0,0,0,0,0,0,0,0,0,0,0
2077,79,bully,2077,1,0,0,1,0,14,0,1,79,0,2077,0,2,0,0,0,LEADER,1,0,0,1,0,0,0,0,0,0,0,0,0,0,0
2214,2,bully,2214,1,0,0,2,3,28,42,1,1,0,2214,0,2,0,0,0,NORMAL,0,0,0,2,0,0,0,3,0,0,0,0,0,0,0
1652,14,bully,1652,1,0,0,1,0,14,0,1,14,0,1652,0,2,0,0,0,LEADER,1,0,0,1,0,0,0,0,0,0,0,0,0,0,0
2080,36,bully,2080,1,0,0,1,0,14,0,1,36,0,2080,0,2,0,0,0,LEADER,1,0,0,1,0,0,0,0,0,0,0,0,0,0,0
1962,81,bully,1962,1,0,0,1,0,14,0,1,81,0,1962,0,2,0,0,0,LEADER,1,0,0,1,0,0,0,0,0,0,0,0,0,0,0
1622,67,bully,1622,1,0,0,1,0,14,0,1,67,0,1622,0,2,0,0,0,LEADER,1,0,0,1,0,0,0,0,0,0,0,0,0,0,0
2383,83,bully,2383,1,0,0,1,0,14,0,1,83,0,2383,0,2,0,0,0,LEADER,1,0,0,1,0,0,0,0,0,0,0,0,0,0,0
2527,99,bully,1607,1,0,0,1,0,14,0,1,99,920,1607,0,2,0,0,0,LEADER,1,0,0,1,0,0,0,0,0,0,0,0,0,0,0
1704,55,bully,1704,1,0,0,1,0,14,0,1,55,0,1704,0,2,0,0,0,LEADER,1,0,0,1,0,0,0,0,0,0,0,0,0,0,0
2494,89,bully,1574,1,0,0,1,0,14,0,1,89,920,1574,0,2,0,0,0,LEADER,1,0,0,1,0,0,0,0,0,0,0,0,0,0,0
1656,77,bully,1656,1,0,0,1,0,14,0,1,77,0,1656,0,2,0,0,0,LEADER,1,0,0,1,0,0,0,0,0,0,0,0,0,0,0
1928,71,bully,1928,1,0,0,1,0,14,0,1,71,0,1928,0,2,0,0,0,LEADER,1,0,0,1,0,0,0,0,0,0,0,0,0,0,0
1840,52,bully,1840,1,0,0,1,0,14,0,1,52,0,1840,0,2,0,0,0,LEADER,1,0,0,1,0,0,0,0,0,0,0,0,0,0,0
2213,76,bully,2213,1,0,0,1,0,14,0,1,76,0,2213,0,2,0,0,0,LEADER,1,0,0,1,0,0,0,0,0,0,0,0,0,0,0
1807,10,bully,1807,1,0,0,1,0,14,0,1,10,0,1807,0,2,0,0,0,LEADER,1,0,0,1,0,0,0,0,0,0,0,0,0,0,0
1740,22,bully,1740,1,0,0,1,0,14,0,1,22,0,1740,0,2,0,0,0,LEADER,1,0,0,1,0,0,0,0,0,0,0,0,0,0,0
1889,21,bully,1889,1,0,0,1,0,14,0,1,21,0,1889,0,2,0,0,0,LEADER,1,0,0,1,0,0,0,0,0,0,0,0,0,0,0
2146,56,bully,2146,1,0,0,1,0,14,0,1,56,0,2146,0,2,0,0,0,LEADER,1,0,0,1,0,0,0,0,0,0,0,0,0,0,0
1671,60,bully,1671,1,0,0,1,0,14,0,1,60,0,1671,0,2,0,0,0,LEADER,1,0,0,1,0,0,0,0,0,0,0,0,0,0,0
2524,25,bully,1604,1,0,0,1,0,14,0,1,25,920,1604,0,2,0,0,0,LEADER,1,0,0,1,0,0,0,0,0,0,0,0,0,0,0
1737,65,bully,1737,1,0,0,1,0,14,0,1,65,0,1737,0,2,0,0,0,LEADER,1,0,0,1,0,0,0,0,0,0,0,0,0,0,0
2413,19,bully,2413,1,0,0,1,0,14,0,1,19,0,2413,0,2,0,0,0,LEADER,1,0,0,1,0,0,0,0,0,0,0,0,0,0,0
2043,69,bully,2043,1,0,0,1,0,14,0,1,69,0,2043,0,2,0,0,0,LEADER,1,0,0,1,0,0,0,0,0,0,0,0,0,0,0
2645,54,bully,1725,1,0,0,1,0,14,0,1,54,920,1725,0,2,0,0,0,LEADER,1,0,0,1,0,0,0,0,0,0,0,0,0,0,0
1992,17,bully,1992,1,0,0,1,0,14,0,1,17,0,1992,0,2,0,0,0,LEADER,1,0,0,1,0,0,0,0,0,0,0,0,0,0,0
2506,100,bully,1586,1,0,0,1,0,14,0,1,100,920,1586,0,2,0,0,0,LEADER,1,0,0,1,0,0,0,0,0,0,0,0,0,0,0
2293,1,bully,2293,1,0,0,1,2,14,28,1,1,0,2293,0,2,0,0,0,LEADER,1,0,0,1,0,0,0,2,0,0,0,0,0,0,0
2469,16,bully,1549,1,0,0,1,0,14,0,1,16,920,1549,0,2,0,0,0,LEADER,1,0,0,1,0,0,0,0,0,0,0,0,0,0,0
2058,37,bully,2058,1,0,0,1,0,14,0,1,37,0,2058,0,2,0,0,0,LEADER,1,0,0,1,0,0,0,0,0,0,0,0,0,0,0
2694,13,bully,1774,1,0,0,1,0,14,0,1,13,920,1774,0,2,0,0,0,LEADER,1,0,0,1,0,0,0,0,0,0,0,0,0,0,0
2001,5,bully,2001,1,0,0,3,3,42,42,1,1,0,2001,0,2,0,0,0,NORMAL,0,0,0,3,0,0,0,3,0,0,0,0,0,0,0
1855,20,bully,1855,1,0,0,1,0,14,0,1,20,0,1855,0,2,0,0,0,LEADER,1,0,0,1,0,0,0,0,0,0,0,0,0,0,0
1903,3,bully,1903,1,0,0,2,4,28,56,1,1,0,1903,0,2,0,0,0,NORMAL,0,0,0,2,0,0,0,4,0,0,0,0,0,0,0
2487,41,bully,1567,1,0,0,1,0,14,0,1,41,920,1567,0,2,0,0,0,LEADER,1,0,0,1,0,0,0,0,0,0,0,0,0,0,0
2476,47,bully,1556,1,0,0,1,0,14,0,1,47,920,1556,0,2,0,0,0,LEADER,1,0,0,1,0,0,0,0,0,0,0,0,0,0,0
2301,95,bully,2301,1,0,0,1,0,14,0,1,95,0,2301,0,2,0,0,0,LEADER,1,0,0,1,0,0,0,0,0,0,0,0,0,0,0
2165,98,bully,2165,1,0,0,1,0,14,0,1,98,0,2165,0,2,0,0,0,LEADER,1,0,0,1,0,0,0,0,0,0,0,0,0,0,0
2349,73,bully,2349,1,0,0,1,0,14,0,1,73,0,2349,0,2,0,0,0,LEADER,1,0,0,1,0,0,0,0,0,0,0,0,0,0,0
2672,33,bully,1752,1,0,0,1,0,14,0,1,33,920,1752,0,2,0,0,0,LEADER,1,0,0,1,0,0,0,0,0,0,0,0,0,0,0
2642,97,bully,1722,1,0,0,1,0,14,0,1,97,920,1722,0,2,0,0,0,LEADER,1,0,0,1,0,0,0,0,0,0,0,0,0,0,0
1895,61,bully,1895,1,0,0,1,0,14,0,1,61,0,1895,0,2,0,0,0,LEADER,1,0,0,1,0,0,0,0,0,0,0,0,0,0,0
2830,29,bully,1910,1,0,0,1,0,14,0,1,29,920,1910,0,2,0,0,0,LEADER,1,0,0,1,0,0,0,0,0,0,0,0,0,0,0
2842,40,bully,1922,1,0,0,1,0,14,0,1,40,920,1922,0,2,0,0,0,LEADER,1,0,0,1,0,0,0,0,0,0,0,0,0,0,0
2331,31,bully,2331,1,0,0,1,0,14,0,1,31,0,2331,0,2,0,0,0,LEADER,1,0,0,1,0,0,0,0,0,0,0,0,0,0,0
2115,4,bully,2115,1,0,0,2,5,28,70,1,1,0,2115,0,2,0,0,0,NORMAL,0,0,0,2,0,0,0,5,0,0,0,0,0,0,0
2664,96,bully,1744,1,0,0,1,0,14,0,1,96,920,1744,0,2,0,0,0,LEADER,1,0,0,1,0,0,0,0,0,0,0,0,0,0,0
2745,84,bully,1825,1,0,0,1,0,14,0,1,84,920,1825,0,2,0,0,0,LEADER,1,0,0,1,0,0,0,0,0,0,0,0,0,0,0
2253,7,bully,2253,1,0,0,1,2,14,28,1,6,0,2253,0,2,0,0,0,NORMAL,0,0,0,1,0,0,0,2,0,0,0,0,0,0,0
2439,80,bully,1519,1,0,0,1,0,14,0,1,80,920,1519,0,2,0,0,0,LEADER,1,0,0,1,0,0,0,0,0,0,0,0,0,0,0
2283,53,bully,2283,1,0,0,1,0,14,0,1,53,0,2283,0,2,0,0,0,LEADER,1,0,0,1,0,0,0,0,0,0,0,0,0,0,0
2358,92,bully,1438,1,0,0,1,0,14,0,1,92,920,1438,0,2,0,0,0,LEADER,1,0,0,1,0,0,0,0,0,0,0,0,0,0,0
2794,62,bully,1874,1,0,0,1,0,14,0,1,62,920,1874,0,2,0,0,0,LEADER,1,0,0,1,0,0,0,0,0,0,0,0,0,0,0
2539,91,bully,1619,1,0,0,1,0,14,0,1,91,920,1619,0,2,0,0,0,LEADER,1,0,0,1,0,0,0,0,0,0,0,0,0,0,0
2491,15,bully,1571,1,0,0,1,0,14,0,1,15,920,1571,0,2,0,0,0,LEADER,1,0,0,1,0,0,0,0,0,0,0,0,0,0,0
2161,26,bully,2161,1,0,0,1,0,14,0,1,26,0,2161,0,2,0,0,0,LEADER,1,0,0,1,0,0,0,0,0,0,0,0,0,0,0
2897,49,bully,1977,1,0,0,1,0,14,0,1,49,920,1977,0,2,0,0,0,LEADER,1,0,0,1,0,0,0,0,0,0,0,0,0,0,0
2712,58,bully,1792,1,0,0,1,0,14,0,1,58,920,1792,0,2,0,0,0,LEADER,1,0,0,1,0,0,0,0,0,0,0,0,0,0,0
2246,86,bully,2246,1,0,0,1,0,14,0,1,86,0,2246,0,2,0,0,0,LEADER,1,0,0,1,0,0,0,0,0,0,0,0,0,0,0
2419,50,bully,2419,1,0,0,1,0,14,0,1,50,0,2419,0,2,0,0,0,LEADER,1,0,0,1,0,0,0,0,0,0,0,0,0,0,0
2268,85,bully,2268,1,0,0,1,0,14,0,1,85,0,2268,0,2,0,0,0,LEADER,1,0,0,1,0,0,0,0,0,0,0,0,0,0,0
2212,87,bully,2212,1,0,0,1,0,14,0,1,87,0,2212,0,2,0,0,0,LEADER,1,0,0,1,0,0,0,0,0,0,0,0,0,0,0
2467,8,bully,2467,1,0,0,1,3,14,42,1,6,0,2467,0,2,0,0,0,NORMAL,0,0,0,1,0,0,0,3,0,0,0,0,0,0,0
2416,64,bully,2416,1,0,0,1,0,14,0,1,64,0,2416,0,2,0,0,0,LEADER,1,0,0,1,0,0,0,0,0,0,0,0,0,0,0
2354,18,bully,1434,1,0,0,1,0,14,0,1,18,920,1434,0,2,0,0,0,LEADER,1,0,0,1,0,0,0,0,0,0,0,0,0,0,0
2264,11,bully,2264,1,0,0,1,0,14,0,1,11,0,2264,0,2,0,0,0,LEADER,1,0,0,1,0,0,0,0,0,0,0,0,0,0,0
2473,90,bully,1553,1,0,0,1,0,14,0,1,90,920,1553,0,2,0,0,0,LEADER,1,0,0,1,0,0,0,0,0,0,0,0,0,0,0
2367,35,bully,1447,1,0,0,1,0,14,0,1,35,920,1447,0,2,0,0,0,LEADER,1,0,0,1,0,0,0,0,0,0,0,0,0,0,0
2249,43,bully,2249,1,0,0,1,0,14,0,1,43,0,2249,0,2,0,0,0,LEADER,1,0,0,1,0,0,0,0,0,0,0,0,0,0,0
2514,9,bully,2514,1,0,0,2,1,28,14,1,6,0,2514,0,2,0,0,0,NORMAL,0,0,0,2,0,0,0,1,0,0,0,0,0,0,0
2387,28,bully,1467,1,0,0,1,0,14,0,1,28,920,1467,0,2,0,0,0,LEADER,1,0,0,1,0,0,0,0,0,0,0,0,0,0,0
3061,23,bully,2141,1,0,0,1,0,14,0,1,23,920,2141,0,2,0,0,0,LEADER,1,0,0,1,0,0,0,0,0,0,0,0,0,0,0
2228,44,bully,2228,1,0,0,1,0,14,0,1,44,0,2228,0,2,0,0,0,LEADER,1,0,0,1,0,0,0,0,0,0,0,0,0,0,0
2381,30,bully,1461,1,0,0,1,0,14,0,1,30,920,1461,0,2,0,0,0,LEADER,1,0,0,1,0,0,0,0,0,0,0,0,0,0,0
2779,94,bully,1859,1,0,0,1,0,14,0,1,94,920,1859,0,2,0,0,0,LEADER,1,0,0,1,0,0,0,0,0,0,0,0,0,0,0
2421,38,bully,1501,1,0,0,1,0,14,0,1,38,920,1501,0,2,0,0,0,LEADER,1,0,0,1,0,0,0,0,0,0,0,0,0,0,0
3100,66,bully,2180,1,0,0,1,0,14,0,1,66,920,2180,0,2,0,0,0,LEADER,1,0,0,1,0,0,0,0,0,0,0,0,0,0,0
2406,70,bully,1486,1,0,0,1,0,14,0,1,70,920,1486,0,2,0,0,0,LEADER,1,0,0,1,0,0,0,0,0,0,0,0,0,0,0
3051,88,bully,2131,1,0,0,1,0,14,0,1,88,920,2131,0,2,0,0,0,LEADER,1,0,0,1,0,0,0,0,0,0,0,0,0,0,0
2235,75,bully,2235,1,0,0,1,0,14,0,1,75,0,2235,0,2,0,0,0,LEADER,1,0,0,1,0,0,0,0,0,0,0,0,0,0,0
2243,12,bully,2243,1,0,0,1,0,14,0,1,12,0,2243,0,2,0,0,0,LEADER,1,0,0,1,0,0,0,0,0,0,0,0,0,0,0
2945,27,bully,2025,1,0,0,1,0,14,0,1,27,920,2025,0,2,0,0,0,LEADER,1,0,0,1,0,0,0,0,0,0,0,0,0,0,0
2434,42,bully,1514,1,0,0,1,0,14,0,1,42,920,1514,0,2,0,0,0,LEADER,1,0,0,1,0,0,0,0,0,0,0,0,0,0,0
3081,24,bully,2161,1,0,0,1,0,14,0,1,24,920,2161,0,2,0,0,0,LEADER,1,0,0,1,0,0,0,0,0,0,0,0,0,0,0
3033,46,bully,2113,1,0,0,1,0,14,0,1,46,920,2113,0,2,0,0,0,LEADER,1,0,0,1,0,0,0,0,0,0,0,0,0,0,0
2557,34,bully,1637,1,0,0,1,0,14,0,1,34,920,1637,0,2,0,0,0,LEADER,1,0,0,1,0,0,0,0,0,0,0,0,0,0,0
2930,59,bully,2010,1,0,0,1,0,14,0,1,59,920,2010,0,2,0,0,0,LEADER,1,0,0,1,0,0,0,0,0,0,0,0,0,0,0
3212,32,bully,2292,1,0,0,1,0,14,0,1,32,920,2292,0,2,0,0,0,LEADER,1,0,0,1,0,0,0,0,0,0,0,0,0,0,0
2827,72,bully,1907,1,0,0,1,0,14,0,1,72,920,1907,0,2,0,0,0,LEADER,1,0,0,1,0,0,0,0,0,0,0,0,0,0,0
3236,63,bully,2316,1,0,0,1,0,14,0,1,63,920,2316,0,2,0,0,0,LEADER,1,0,0,1,0,0,0,0,0,0,0,0,0,0,0
2712,74,bully,1792,1,0,0,1,0,14,0,1,74,920,1792,0,2,0,0,0,LEADER,1,0,0,1,0,0,0,0,0,0,0,0,0,0,0
2454,48,bully,1534,1,0,0,1,0,14,0,1,48,920,1534,0,2,0,0,0,LEADER,1,0,0,1,0,0,0,0,0,0,0,0,0,0,0
2915,57,bully,1995,1,0,0,1,0,14,0,1,57,920,1995,0,2,0,0,0,LEADER,1,0,0,1,0,0,0,0,0,0,0,0,0,0,0
2985,68,bully,2065,1,0,0,1,0,14,0,1,68,920,2065,0,2,0,0,0,LEADER,1,0,0,1,0,0,0,0,0,0,0,0,0,0,0
2386,45,bully,1466,1,0,0,1,0,14,0,1,45,920,1466,0,2,0,0,0,LEADER,1,0,0,1,0,0,0,0,0,0,0,0,0,0,0
2743,93,bully,1823,1,0,0,1,0,14,0,1,93,920,1823,0,2,0,0,0,LEADER,1,0,0,1,0,0,0,0,0,0,0,0,0,0,0
3324,82,bully,2404,1,0,0,1,0,14,0,1,82,920,2404,0,2,0,0,0,LEADER,1,0,0,1,0,0,0,0,0,0,0,0,0,0,0
3318,51,bully,2398,1,0,0,1,0,14,0,1,51,920,2398,0,2,0,0,0,LEADER,1,0,0,1,0,0,0,0,0,0,0,0,0,0,0
2863,39,bully,1943,1,0,0,1,0,14,0,1,39,920,1943,0,2,0,0,0,LEADER,1,0,0,1,0,0,0,0,0,0,0,0,0,0,0
2609,78,bully,1689,1,0,0,1,0,14,0,1,78,920,1689,0,2,0,0,0,LEADER,1,0,0,1,0,0,0,0,0,0,0,0,0,0,0
2997,79,bully,2077,1,0,0,1,0,14,0,1,79,920,2077,0,2,0,0,0,LEADER,1,0,0,1,0,0,0,0,0,0,0,0,0,0,0
2572,14,bully,1652,1,0,0,1,0,14,0,1,14,920,1652,0,2,0,0,0,LEADER,1,0,0,1,0,0,0,0,0,0,0,0,0,0,0
3155,2,bully,2214,1,0,0,2,3,28,42,1,1,941,2214,0,2,0,0,0,NORMAL,0,0,0,2,0,0,0,3,0,0,0,0,0,0,0
3000,36,bully,2080,1,0,0,1,0,14,0,1,36,920,2080,0,2,0,0,0,LEADER,1,0,0,1,0,0,0,0,0,0,0,0,0,0,0
2882,81,bully,1962,1,0,0,1,0,14,0,1,81,920,1962,0,2,0,0,0,LEADER,1,0,0,1,0,0,0,0,0,0,0,0,0,0,0
2542,67,bully,1622,1,0,0,1,0,14,0,1,67,920,1622,0,2,0,0,0,LEADER,1,0,0,1,0,0,0,0,0,0,0,0,0,0,0
3303,83,bully,2383,1,0,0,1,0,14,0,1,83,920,2383,0,2,0,0,0,LEADER,1,0,0,1,0,0,0,0,0,0,0,0,0,0,0
3447,99,bully,1607,1,0,0,1,0,14,0,1,99,1840,1607,0,2,0,0,0,LEADER,1,0,0,1,0,0,0,0,0,0,0,0,0,0,0
2624,55,bully,1704,1,0,0,1,0,14,0,1,55,920,1704,0,2,0,0,0,LEADER,1,0,0,1,0,0,0,0,0,0,0,0,0,0,0
3414,89,bully,1574,1,0,0,1,0,14,0,1,89,1840,1574,0,2,0,0,0,LEADER,1,0,0,1,0,0,0,0,0,0,0,0,0,0,0
2576,77,bully,1656,1,0,0,1,0,14,0,1,77,920,1656,0,2,0,0,0,LEADER,1,0,0,1,0,0,0,0,0,0,0,0,0,0,0
2848,71,bully,1928,1,0,0,1,0,14,0,1,71,920,1928,0,2,0,0,0,LEADER,1,0,0,1,0,0,0,0,0,0,0,0,0,0,0
2760,52,bully,1840,1,0,0,1,0,14,0,1,52,920,1840,0,2,0,0,0,LEADER,1,0,0,1,0,0,0,0,0,0,0,0,0,0,0
3133,76,bully,2213,1,0,0,1,0,14,0,1,76,920,2213,0,2,0,0,0,LEADER,1,0,0,1,0,0,0,0,0,0,0,0,0,0,0
2727,10,bully,1807,1,0,0,1,0,14,0,1,10,920,1807,0,2,0,0,0,LEADER,1,0,0,1,0,0,0,0,0,0,0,0,0,0,0
2660,22,bully,1740,1,0,0,1,0,14,0,1,22,920,1740,0,2,0,0,0,LEADER,1,0,0,1,0,0,0,0,0,0,0,0,0,0,0
2809,21,bully,1889,1,0,0,1,0,14,0,1,21,920,1889,0,2,0,0,0,LEADER,1,0,0,1,0,0,0,0,0,0,0,0,0,0,0
3066,56,bully,2146,1,0,0,1,0,14,0,1,56,920,2146,0,2,0,0,0,LEADER,1,0,0,1,0,0,0,0,0,0,0,0,0,0,0
2591,60,bully,1671,1,0,0,1,0,14,0,1,60,920,1671,0,2,0,0,0,LEADER,1,0,0,1,0,0,0,0,0,0,0,0,0,0,0
3444,25,bully,1604,1,0,0,1,0,14,0,1,25,1840,1604,0,2,0,0,0,LEADER,1,0,0,1,0,0,0,0,0,0,0,0,0,0,0
2657,65,bully,1737,1,0,0,1,0,14,0,1,65,920,1737,0,2,0,0,0,LEADER,1,0,0,1,0,0,0,0,0,0,0,0,0,0,0
3333,19,bully,2413,1,0,0,1,0,14,0,1,19,920,2413,0,2,0,0,0,LEADER,1,0,0,1,0,0,0,0,0,0,0,0,0,0,0
2963,69,bully,2043,1,0,0,1,0,14,0,1,69,920,2043,0,2,0,0,0,LEADER,1,0,0,1,0,0,0,0,0,0,0,0,0,0,0
3565,54,bully,1725,1,0,0,1,0,14,0,1,54,1840,1725,0,2,0,0,0,LEADER,1,0,0,1,0,0,0,0,0,0,0,0,0,0,0
2912,17,bully,1992,1,0,0,1,0,14,0,1,17,920,1992,0,2,0,0,0,LEADER,1,0,0,1,0,0,0,0,0,0,0,0,0,0,0
3426,100,bully,1586,1,0,0,1,0,14,0,1,100,1840,1586,0,2,0,0,0,LEADER,1,0,0,1,0,0,0,0,0,0,0,0,0,0,0
3389,16,bully,1549,1,0,0,1,0,14,0,1,16,1840,1549,0,2,0,0,0,LEADER,1,0,0,1,0,0,0,0,0,0,0,0,0,0,0
2978,37,bully,2058,1,0,0,1,0,14,0,1,37,920,2058,0,2,0,0,0,LEADER,1,0,0,1,0,0,0,0,0,0,0,0,0,0,0
3614,13,bully,1774,1,0,0,1,0,14,0,1,13,1840,1774,0,2,0,0,0,LEADER,1,0,0,1,0,0,0,0,0,0,0,0,0,0,0
2775,20,bully,1855,1,0,0,1,0,14,0,1,20,920,1855,0,2,0,0,0,LEADER,1,0,0,1,0,0,0,0,0,0,0,0,0,0,0
3407,41,bully,1567,1,0,0,1,0,14,0,1,41,1840,1567,0,2,0,0,0,LEADER,1,0,0,1,0,0,0,0,0,0,0,0,0,0,0
3396,47,bully,1556,1,0,0,1,0,14,0,1,47,1840,1556,0,2,0,0,0,LEADER,1,0,0,1,0,0,0,0,0,0,0,0,0,0,0
3221,95,bully,2301,1,0,0,1,0,14,0,1,95,920,2301,0,2,0,0,0,LEADER,1,0,0,1,0,0,0,0,0,0,0,0,0,0,0
3085,98,bully,2165,1,0,0,1,0,14,0,1,98,920,2165,0,2,0,0,0,LEADER,1,0,0,1,0,0,0,0,0,0,0,0,0,0,0
3269,73,bully,2349,1,0,0,1,0,14,0,1,73,920,2349,0,2,0,0,0,LEADER,1,0,0,1,0,0,0,0,0,0,0,0,0,0,0
3592,33,bully,1752,1,0,0,1,0,14,0,1,33,1840,1752,0,2,0,0,0,LEADER,1,0,0,1,0,0,0,0,0,0,0,0,0,0,0
3562,97,bully,1722,1,0,0,1,0,14,0,1,97,1840,1722,0,2,0,0,0,LEADER,1,0,0,1,0,0,0,0,0,0,0,0,0,0,0
2815,61,bully,1895,1,0,0,1,0,14,0,1,61,920,1895,0,2,0,0,0,LEADER,1,0,0,1,0,0,0,0,0,0,0,0,0,0,0
3750,29,bully,1910,1,0,0,1,0,14,0,1,29,1840,1910,0,2,0,0,0,LEADER,1,0,0,1,0,0,0,0,0,0,0,0,0,0,0
3762,40,bully,1922,1,0,0,1,0,14,0,1,40,1840,1922,0,2,0,0,0,LEADER,1,0,0,1,0,0,0,0,0,0,0,0,0,0,0
3251,31,bully,2331,1,0,0,1,0,14,0,1,31,920,2331,0,2,0,0,0,LEADER,1,0,0,1,0,0,0,0,0,0,0,0,0,0,0
3584,96,bully,1744,1,0,0,1,0,14,0,1,96,1840,1744,0,2,0,0,0,LEADER,1,0,0,1,0,0,0,0,0,0,0,0,0,0,0
3665,84,bully,1825,1,0,0,1,0,14,0,1,84,1840,1825,0,2,0,0,0,LEADER,1,0,0,1,0,0,0,0,0,0,0,0,0,0,0
3359,80,bully,1519,1,0,0,1,0,14,0,1,80,1840,1519,0,2,0,0,0,LEADER,1,0,0,1,0,0,0,0,0,0,0,0,0,0,0
3399,1,bully,2293,1,0,0,1,2,14,28,1,1,1106,2293,0,2,0,0,0,LEADER,1,0,0,1,0,0,0,2,0,0,0,0,0,0,0
3203,53,bully,2283,1,0,0,1,0,14,0,1,53,920,2283,0,2,0,0,0,LEADER,1,0,0,1,0,0,0,0,0,0,0,0,0,0,0
3278,92,bully,1438,1,0,0,1,0,14,0,1,92,1840,1438,0,2,0,0,0,LEADER,1,0,0,1,0,0,0,0,0,0,0,0,0,0,0
3714,62,bully,1874,1,0,0,1,0,14,0,1,62,1840,1874,0,2,0,0,0,LEADER,1,0,0,1,0,0,0,0,0,0,0,0,0,0,0
3459,91,bully,1619,1,0,0,1,0,14,0,1,91,1840,1619,0,2,0,0,0,LEADER,1,0,0,1,0,0,0,0,0,0,0,0,0,0,0
3411,15,bully,1571,1,0,0,1,0,14,0,1,15,1840,1571,0,2,0,0,0,LEADER,1,0,0,1,0,0,0,0,0,0,0,0,0,0,0
3081,26,bully,2161,1,0,0,1,0,14,0,1,26,920,2161,0,2,0,0,0,LEADER,1,0,0,1,0,0,0,0,0,0,0,0,0,0,0
3817,49,bully,1977,1,0,0,1,0,14,0,1,49,1840,1977,0,2,0,0,0,LEADER,1,0,0,1,0,0,0,0,0,0,0,0,0,0,0
3632,58,bully,1792,1,0,0,1,0,14,0,1,58,1840,1792,0,2,0,0,0,LEADER,1,0,0,1,0,0,0,0,0,0,0,0,0,0,0
3166,86,bully,2246,1,0,0,1,0,14,0,1,86,920,2246,0,2,0,0,0,LEADER,1,0,0,1,0,0,0,0,0,0,0,0,0,0,0
3339,50,bully,2419,1,0,0,1,0,14,0,1,50,920,2419,0,2,0,0,0,LEADER,1,0,0,1,0,0,0,0,0,0,0,0,0,0,0
3188,85,bully,2268,1,0,0,1,0,14,0,1,85,920,2268,0,2,0,0,0,LEADER,1,0,0,1,0,0,0,0,0,0,0,0,0,0,0
3132,87,bully,2212,1,0,0,1,0,14,0,1,87,920,2212,0,2,0,0,0,LEADER,1,0,0,1,0,0,0,0,0,0,0,0,0,0,0
3336,64,bully,2416,1,0,0,1,0,14,0,1,64,920,2416,0,2,0,0,0,LEADER,1,0,0,1,0,0,0,0,0,0,0,0,0,0,0
3274,18,bully,1434,1,0,0,1,0,14,0,1,18,1840,1434,0,2,0,0,0,LEADER,1,0,0,1,0,0,0,0,0,0,0,0,0,0,0
3184,11,bully,2264,1,0,0,1,0,14,0,1,11,920,2264,0,2,0,0,0,LEADER,1,0,0,1,0,0,0,0,0,0,0,0,0,0,0
3393,90,bully,1553,1,0,0,1,0,14,0,1,90,1840,1553,0,2,0,0,0,LEADER,1,0,0,1,0,0,0,0,0,0,0,0,0,0,0
3287,35,bully,1447,1,0,0,1,0,14,0,1,35,1840,1447,0,2,0,0,0,LEADER,1,0,0,1,0,0,0,0,0,0,0,0,0,0,0
3169,43,bully,2249,1,0,0,1,0,14,0,1,43,920,2249,0,2,0,0,0,LEADER,1,0,0,1,0,0,0,0,0,0,0,0,0,0,0
3307,28,bully,1467,1,0,0,1,0,14,0,1,28,1840,1467,0,2,0,0,0,LEADER,1,0,0,1,0,0,0,0,0,0,0,0,0,0,0
3981,23,bully,2141,1,0,0,1,0,14,0,1,23,1840,2141,0,2,0,0,0,LEADER,1,0,0,1,0,0,0,0,0,0,0,0,0,0,0
3148,44,bully,2228,1,0,0,1,0,14,0,1,44,920,2228,0,2,0,0,0,LEADER,1,0,0,1,0,0,0,0,0,0,0,0,0,0,0
3487,8,bully,2467,1,0,0,2,5,28,70,1,6,1020,2467,0,2,0,0,0,NORMAL,0,0,0,2,0,0,0,5,0,0,0,0,0,0,0
3301,30,bully,1461,1,0,0,1,0,14,0,1,30,1840,1461,0,2,0,0,0,LEADER,1,0,0,1,0,0,0,0,0,0,0,0,0,0,0
3699,94,bully,1859,1,0,0,1,0,14,0,1,94,1840,1859,0,2,0,0,0,LEADER,1,0,0,1,0,0,0,0,0,0,0,0,0,0,0
3341,38,bully,1501,1,0,0,1,0,14,0,1,38,1840,1501,0,2,0,0,0,LEADER,1,0,0,1,0,0,0,0,0,0,0,0,0,0,0
4020,66,bully,2180,1,0,0,1,0,14,0,1,66,1840,2180,0,2,0,0,0,LEADER,1,0,0,1,0,0,0,0,0,0,0,0,0,0,0
3326,70,bully,1486,1,0,0,1,0,14,0,1,70,1840,1486,0,2,0,0,0,LEADER,1,0,0,1,0,0,0,0,0,0,0,0,0,0,0
3971,88,bully,2131,1,0,0,1,0,14,0,1,88,1840,2131,0,2,0,0,0,LEADER,1,0,0,1,0,0,0,0,0,0,0,0,0,0,0
3155,75,bully,2235,1,0,0,1,0,14,0,1,75,920,2235,0,2,0,0,0,LEADER,1,0,0,1,0,0,0,0,0,0,0,0,0,0,0
3163,12,bully,2243,1,0,0,1,0,14,0,1,12,920,2243,0,2,0,0,0,LEADER,1,0,0,1,0,0,0,0,0,0,0,0,0,0,0
3865,27,bully,2025,1,0,0,1,0,14,0,1,27,1840,2025,0,2,0,0,0,LEADER,1,0,0,1,0,0,0,0,0,0,0,0,0,0,0
3354,42,bully,1514,1,0,0,1,0,14,0,1,42,1840,1514,0,2,0,0,0,LEADER,1,0,0,1,0,0,0,0,0,0,0,0,0,0,0
4001,24,bully,2161,1,0,0,1,0,14,0,1,24,1840,2161,0,2,0,0,0,LEADER,1,0,0,1,0,0,0,0,0,0,0,0,0,0,0
3953,46,bully,2113,1,0,0,1,0,14,0,1,46,1840,2113,0,2,0,0,0,LEADER,1,0,0,1,0,0,0,0,0,0,0,0,0,0,0
3477,34,bully,1637,1,0,0,1,0,14,0,1,34,1840,1637,0,2,0,0,0,LEADER,1,0,0,1,0,0,0,0,0,0,0,0,0,0,0
3850,59,bully,2010,1,0,0,1,0,14,0,1,59,1840,2010,0,2,0,0,0,LEADER,1,0,0,1,0,0,0,0,0,0,0,0,0,0,0
4132,32,bully,2292,1,0,0,1,0,14,0,1,32,1840,2292,0,2,0,0,0,LEADER,1,0,0,1,0,0,0,0,0,0,0,0,0,0,0
3444,5,bully,2001,1,0,0,3,4,42,56,1,1,1443,2001,0,2,0,0,0,NORMAL,0,0,0,3,0,0,0,4,0,0,0,0,0,0,0
3747,72,bully,1907,1,0,0,1,0,14,0,1,72,1840,1907,0,2,0,0,0,LEADER,1,0,0,1,0,0,0,0,0,0,0,0,0,0,0
4156,63,bully,2316,1,0,0,1,0,14,0,1,63,1840,2316,0,2,0,0,0,LEADER,1,0,0,1,0,0,0,0,0,0,0,0,0,0,0
3632,74,bully,1792,1,0,0,1,0,14,0,1,74,1840,1792,0,2,0,0,0,LEADER,1,0,0,1,0,0,0,0,0,0,0,0,0,0,0
3374,48,bully,1534,1,0,0,1,0,14,0,1,48,1840,1534,0,2,0,0,0,LEADER,1,0,0,1,0,0,0,0,0,0,0,0,0,0,0
3835,57,bully,1995,1,0,0,1,0,14,0,1,57,1840,1995,0,2,0,0,0,LEADER,1,0,0,1,0,0,0,0,0,0,0,0,0,0,0
3905,68,bully,2065,1,0,0,1,0,14,0,1,68,1840,2065,0,2,0,0,0,LEADER,1,0,0,1,0,0,0,0,0,0,0,0,0,0,0
3306,45,bully,1466,1,0,0,1,0,14,0,1,45,1840,1466,0,2,0,0,0,LEADER,1,0,0,1,0,0,0,0,0,0,0,0,0,0,0
3663,93,bully,1823,1,0,0,1,0,14,0,1,93,1840,1823,0,2,0,0,0,LEADER,1,0,0,1,0,0,0,0,0,0,0,0,0,0,0
4244,82,bully,2404,1,0,0,1,0,14,0,1,82,1840,2404,0,2,0,0,0,LEADER,1,0,0,1,0,0,0,0,0,0,0,0,0,0,0
4238,51,bully,2398,1,0,0,1,0,14,0,1,51,1840,2398,0,2,0,0,0,LEADER,1,0,0,1,0,0,0,0,0,0,0,0,0,0,0
3783,39,bully,1943,1,0,0,1,0,14,0,1,39,1840,1943,0,2,0,0,0,LEADER,1,0,0,1,0,0,0,0,0,0,0,0,0,0,0
3529,78,bully,1689,1,0,0,1,0,14,0,1,78,1840,1689,0,2,0,0,0,LEADER,1,0,0,1,0,0,0,0,0,0,0,0,0,0,0
3917,79,bully,2077,1,0,0,1,0,14,0,1,79,1840,2077,0,2,0,0,0,LEADER,1,0,0,1,0,0,0,0,0,0,0,0,0,0,0
3492,14,bully,1652,1,0,0,1,0,14,0,1,14,1840,1652,0,2,0,0,0,LEADER,1,0,0,1,0,0,0,0,0,0,0,0,0,0,0
4096,2,bully,2214,1,0,0,2,3,28,42,1,1,1882,2214,0,2,0,0,0,NORMAL,0,0,0,2,0,0,0,3,0,0,0,0,0,0,0
3920,36,bully,2080,1,0,0,1,0,14,0,1,36,1840,2080,0,2,0,0,0,LEADER,1,0,0,1,0,0,0,0,0,0,0,0,0,0,0
3802,81,bully,1962,1,0,0,1,0,14,0,1,81,1840,1962,0,2,0,0,0,LEADER,1,0,0,1,0,0,0,0,0,0,0,0,0,0,0
3462,67,bully,1622,1,0,0,1,0,14,0,1,67,1840,1622,0,2,0,0,0,LEADER,1,0,0,1,0,0,0,0,0,0,0,0,0,0,0
4223,83,bully,2383,1,0,0,1,0,14,0,1,83,1840,2383,0,2,0,0,0,LEADER,1,0,0,1,0,0,0,0,0,0,0,0,0,0,0
4368,99,bully,1607,1,0,0,2,0,28,0,1,99,2761,1607,0,3,0,0,0,LEADER,1,0,0,2,0,0,0,0,0,0,0,0,0,0,0
3544,55,bully,1704,1,0,0,1,0,14,0,1,55,1840,1704,0,2,0,0,0,LEADER,1,0,0,1,0,0,0,0,0,0,0,0,0,0,0
4335,89,bully,1574,1,0,0,2,0,28,0,1,89,2761,1574,0,3,0,0,0,LEADER,1,0,0,2,0,0,0,0,0,0,0,0,0,0,0
3496,77,bully,1656,1,0,0,1,0,14,0,1,77,1840,1656,0,2,0,0,0,LEADER,1,0,0,1,0,0,0,0,0,0,0,0,0,0,0
3768,71,bully,1928,1,0,0,1,0,14,0,1,71,1840,1928,0,2,0,0,0,LEADER,1,0,0,1,0,0,0,0,0,0,0,0,0,0,0
3680,52,bully,1840,1,0,0,1,0,14,0,1,52,1840,1840,0,2,0,0,0,LEADER,1,0,0,1,0,0,0,0,0,0,0,0,0,0,0
4053,76,bully,2213,1,0,0,1,0,14,0,1,76,1840,2213,0,2,0,0,0,LEADER,1,0,0,1,0,0,0,0,0,0,0,0,0,0,0
3647,10,bully,1807,1,0,0,1,0,14,0,1,10,1840,1807,0,2,0,0,0,LEADER,1,0,0,1,0,0,0,0,0,0,0,0,0,0,0
3580,22,bully,1740,1,0,0,1,0,14,0,1,22,1840,1740,0,2,0,0,0,LEADER,1,0,0,1,0,0,0,0,0,0,0,0,0,0,0
3737,4,bully,2115,1,0,0,2,5,28,70,1,1,1622,2115,0,2,0,0,0,NORMAL,0,0,0,2,0,0,0,5,0,0,0,0,0,0,0
3729,21,bully,1889,1,0,0,1,0,14,0,1,21,1840,1889,0,2,0,0,0,LEADER,1,0,0,1,0,0,0,0,0,0,0,0,0,0,0
3986,56,bully,2146,1,0,0,1,0,14,0,1,56,1840,2146,0,2,0,0,0,LEADER,1,0,0,1,0,0,0,0,0,0,0,0,0,0,0
3511,60,bully,1671,1,0,0,1,0,14,0,1,60,1840,1671,0,2,0,0,0,LEADER,1,0,0,1,0,0,0,0,0,0,0,0,0,0,0
4365,25,bully,1604,1,0,0,2,0,28,0,1,25,2761,1604,0,3,0,0,0,LEADER,1,0,0,2,0,0,0,0,0,0,0,0,0,0,0
3577,65,bully,1737,1,0,0,1,0,14,0,1,65,1840,1737,0,2,0,0,0,LEADER,1,0,0,1,0,0,0,0,0,0,0,0,0,0,0
4253,19,bully,2413,1,0,0,1,0,14,0,1,19,1840,2413,0,2,0,0,0,LEADER,1,0,0,1,0,0,0,0,0,0,0,0,0,0,0
3883,69,bully,2043,1,0,0,1,0,14,0,1,69,1840,2043,0,2,0,0,0,LEADER,1,0,0,1,0,0,0,0,0,0,0,0,0,0,0
4486,54,bully,1725,1,0,0,2,0,28,0,1,54,2761,1725,0,3,0,0,0,LEADER,1,0,0,2,0,0,0,0,0,0,0,0,0,0,0
3832,17,bully,1992,1,0,0,1,0,14,0,1,17,1840,1992,0,2,0,0,0,LEADER,1,0,0,1,0,0,0,0,0,0,0,0,0,0,0
4347,100,bully,1586,1,0,0,2,0,28,0,1,100,2761,1586,0,3,0,0,0,LEADER,1,0,0,2,0,0,0,0,0,0,0,0,0,0,0
4310,16,bully,1549,1,0,0,2,0,28,0,1,16,2761,1549,0,3,0,0,0,LEADER,1,0,0,2,0,0,0,0,0,0,0,0,0,0,0
3898,37,bully,2058,1,0,0,1,0,14,0,1,37,1840,2058,0,2,0,0,0,LEADER,1,0,0,1,0,0,0,0,0,0,0,0,0,0,0
4535,13,bully,1774,1,0,0,2,0,28,0,1,13,2761,1774,0,3,0,0,0,LEADER,1,0,0,2,0,0,0,0,0,0,0,0,0,0,0
3695,20,bully,1855,1,0,0,1,0,14,0,1,20,1840,1855,0,2,0,0,0,LEADER,1,0,0,1,0,0,0,0,0,0,0,0,0,0,0
4328,41,bully,1567,1,0,0,2,0,28,0,1,41,2761,1567,0,3,0,0,0,LEADER,1,0,0,2,0,0,0,0,0,0,0,0,0,0,0
4317,47,bully,1556,1,0,0,2,0,28,0,1,47,2761,1556,0,3,0,0,0,LEADER,1,0,0,2,0,0,0,0,0,0,0,0,0,0,0
4141,95,bully,2301,1,0,0,1,0,14,0,1,95,1840,2301,0,2,0,0,0,LEADER,1,0,0,1,0,0,0,0,0,0,0,0,0,0,0
4005,98,bully,2165,1,0,0,1,0,14,0,1,98,1840,2165,0,2,0,0,0,LEADER,1,0,0,1,0,0,0,0,0,0,0,0,0,0,0
4189,73,bully,2349,1,0,0,1,0,14,0,1,73,1840,2349,0,2,0,0,0,LEADER,1,0,0,1,0,0,0,0,0,0,0,0,0,0,0
3735,61,bully,1895,1,0,0,1,0,14,0,1,61,1840,1895,0,2,0,0,0,LEADER,1,0,0,1,0,0,0,0,0,0,0,0,0,0,0
4483,97,bully,1722,1,0,0,2,0,28,0,1,97,2761,1722,0,3,0,0,0,LEADER,1,0,0,2,0,0,0,0,0,0,0,0,0,0,0
4513,33,bully,1752,1,0,0,2,0,28,0,1,33,2761,1752,0,3,0,0,0,LEADER,1,0,0,2,0,0,0,0,0,0,0,0,0,0,0
4171,31,bully,2331,1,0,0,1,0,14,0,1,31,1840,2331,0,2,0,0,0,LEADER,1,0,0,1,0,0,0,0,0,0,0,0,0,0,0
4671,29,bully,1910,1,0,0,2,0,28,0,1,29,2761,1910,0,3,0,0,0,LEADER,1,0,0,2,0,0,0,0,0,0,0,0,0,0,0
4683,40,bully,1922,1,0,0,2,0,28,0,1,40,2761,1922,0,3,0,0,0,LEADER,1,0,0,2,0,0,0,0,0,0,0,0,0,0,0
4505,96,bully,1744,1,0,0,2,0,28,0,1,96,2761,1744,0,3,0,0,0,LEADER,1,0,0,2,0,0,0,0,0,0,0,0,0,0,0
3859,3,bully,1903,1,0,0,3,5,42,70,1,1,1956,1903,0,2,0,0,0,NORMAL,0,0,0,3,0,0,0,5,0,0,0,0,0,0,0
4586,84,bully,1825,1,0,0,2,0,28,0,1,84,2761,1825,0,3,0,0,0,LEADER,1,0,0,2,0,0,0,0,0,0,0,0,0,0,0
4280,80,bully,1519,1,0,0,2,0,28,0,1,80,2761,1519,0,3,0,0,0,LEADER,1,0,0,2,0,0,0,0,0,0,0,0,0,0,0
4123,53,bully,2283,1,0,0,1,0,14,0,1,53,1840,2283,0,2,0,0,0,LEADER,1,0,0,1,0,0,0,0,0,0,0,0,0,0,0
4199,92,bully,1438,1,0,0,2,0,28,0,1,92,2761,1438,0,3,0,0,0,LEADER,1,0,0,2,0,0,0,0,0,0,0,0,0,0,0
4635,62,bully,1874,1,0,0,2,0,28,0,1,62,2761,1874,0,3,0,0,0,LEADER,1,0,0,2,0,0,0,0,0,0,0,0,0,0,0
4145,7,bully,2253,1,0,0,2,4,28,56,1,6,1892,2253,0,2,0,0,0,NORMAL,0,0,0,2,0,0,0,4,0,0,0,0,0,0,0
4380,91,bully,1619,1,0,0,2,0,28,0,1,91,2761,1619,0,3,0,0,0,LEADER,1,0,0,2,0,0,0,0,0,0,0,0,0,0,0
4332,15,bully,1571,1,0,0,2,0,28,0,1,15,2761,1571,0,3,0,0,0,LEADER,1,0,0,2,0,0,0,0,0,0,0,0,0,0,0
4001,26,bully,2161,1,0,0,1,0,14,0,1,26,1840,2161,0,2,0,0,0,LEADER,1,0,0,1,0,0,0,0,0,0,0,0,0,0,0
4738,49,bully,1977,1,0,0,2,0,28,0,1,49,2761,1977,0,3,0,0,0,LEADER,1,0,0,2,0,0,0,0,0,0,0,0,0,0,0
4553,58,bully,1792,1,0,0,2,0,28,0,1,58,2761,1792,0,3,0,0,0,LEADER,1,0,0,2,0,0,0,0,0,0,0,0,0,0,0
4086,86,bully,2246,1,0,0,1,0,14,0,1,86,1840,2246,0,2,0,0,0,LEADER,1,0,0,1,0,0,0,0,0,0,0,0,0,0,0
4259,50,bully,2419,1,0,0,1,0,14,0,1,50,1840,2419,0,2,0,0,0,LEADER,1,0,0,1,0,0,0,0,0,0,0,0,0,0,0
4108,85,bully,2268,1,0,0,1,0,14,0,1,85,1840,2268,0,2,0,0,0,LEADER,1,0,0,1,0,0,0,0,0,0,0,0,0,0,0
4052,87,bully,2212,1,0,0,1,0,14,0,1,87,1840,2212,0,2,0,0,0,LEADER,1,0,0,1,0,0,0,0,0,0,0,0,0,0,0
4256,64,bully,2416,1,0,0,1,0,14,0,1,64,1840,2416,0,2,0,0,0,LEADER,1,0,0,1,0,0,0,0,0,0,0,0,0,0,0
4104,11,bully,2264,1,0,0,1,0,14,0,1,11,1840,2264,0,2,0,0,0,LEADER,1,0,0,1,0,0,0,0,0,0,0,0,0,0,0
4195,18,bully,1434,1,0,0,2,0,28,0,1,18,2761,1434,0,3,0,0,0,LEADER,1,0,0,2,0,0,0,0,0,0,0,0,0,0,0
4314,90,bully,1553,1,0,0,2,0,28,0,1,90,2761,1553,0,3,0,0,0,LEADER,1,0,0,2,0,0,0,0,0,0,0,0,0,0,0
4208,35,bully,1447,1,0,0,2,0,28,0,1,35,2761,1447,0,3,0,0,0,LEADER,1,0,0,2,0,0,0,0,0,0,0,0,0,0,0
4089,43,bully,2249,1,0,0,1,0,14,0,1,43,1840,2249,0,2,0,0,0,LEADER,1,0,0,1,0,0,0,0,0,0,0,0,0,0,0
4506,1,bully,2293,1,0,0,2,3,28,42,1,1,2213,2293,0,2,0,0,0,LEADER,1,0,0,2,0,0,0,3,0,0,0,0,0,0,0
4228,28,bully,1467,1,0,0,2,0,28,0,1,28,2761,1467,0,3,0,0,0,LEADER,1,0,0,2,0,0,0,0,0,0,0,0,0,0,0
4068,44,bully,2228,1,0,0,1,0,14,0,1,44,1840,2228,0,2,0,0,0,LEADER,1,0,0,1,0,0,0,0,0,0,0,0,0,0,0
4902,23,bully,2141,1,0,0,2,0,28,0,1,23,2761,2141,0,3,0,0,0,LEADER,1,0,0,2,0,0,0,0,0,0,0,0,0,0,0
4222,30,bully,1461,1,0,0,2,0,28,0,1,30,2761,1461,0,3,0,0,0,LEADER,1,0,0,2,0,0,0,0,0,0,0,0,0,0,0
4620,94,bully,1859,1,0,0,2,0,28,0,1,94,2761,1859,0,3,0,0,0,LEADER,1,0,0,2,0,0,0,0,0,0,0,0,0,0,0
4262,38,bully,1501,1,0,0,2,0,28,0,1,38,2761,1501,0,3,0,0,0,LEADER,1,0,0,2,0,0,0,0,0,0,0,0,0,0,0
4941,66,bully,2180,1,0,0,2,0,28,0,1,66,2761,2180,0,3,0,0,0,LEADER,1,0,0,2,0,0,0,0,0,0,0,0,0,0,0
4247,70,bully,1486,1,0,0,2,0,28,0,1,70,2761,1486,0,3,0,0,0,LEADER,1,0,0,2,0,0,0,0,0,0,0,0,0,0,0
4892,88,bully,2131,1,0,0,2,0,28,0,1,88,2761,2131,0,3,0,0,0,LEADER,1,0,0,2,0,0,0,0,0,0,0,0,0,0,0
4075,75,bully,2235,1,0,0,1,0,14,0,1,75,1840,2235,0,2,0,0,0,LEADER,1,0,0,1,0,0,0,0,0,0,0,0,0,0,0
4083,12,bully,2243,1,0,0,1,0,14,0,1,12,1840,2243,0,2,0,0,0,LEADER,1,0,0,1,0,0,0,0,0,0,0,0,0,0,0
4786,27,bully,2025,1,0,0,2,0,28,0,1,27,2761,2025,0,3,0,0,0,LEADER,1,0,0,2,0,0,0,0,0,0,0,0,0,0,0
4275,42,bully,1514,1,0,0,2,0,28,0,1,42,2761,1514,0,3,0,0,0,LEADER,1,0,0,2,0,0,0,0,0,0,0,0,0,0,0
4922,24,bully,2161,1,0,0,2,0,28,0,1,24,2761,2161,0,3,0,0,0,LEADER,1,0,0,2,0,0,0,0,0,0,0,0,0,0,0
4874,46,bully,2113,1,0,0,2,0,28,0,1,46,2761,2113,0,3,0,0,0,LEADER,1,0,0,2,0,0,0,0,0,0,0,0,0,0,0
4398,34,bully,1637,1,0,0,2,0,28,0,1,34,2761,1637,0,3,0,0,0,LEADER,1,0,0,2,0,0,0,0,0,0,0,0,0,0,0
4771,59,bully,2010,1,0,0,2,0,28,0,1,59,2761,2010,0,3,0,0,0,LEADER,1,0,0,2,0,0,0,0,0,0,0,0,0,0,0
5053,32,bully,2292,1,0,0,2,0,28,0,1,32,2761,2292,0,3,0,0,0,LEADER,1,0,0,2,0,0,0,0,0,0,0,0,0,0,0
4668,72,bully,1907,1,0,0,2,0,28,0,1,72,2761,1907,0,3,0,0,0,LEADER,1,0,0,2,0,0,0,0,0,0,0,0,0,0,0
5077,63,bully,2316,1,0,0,2,0,28,0,1,63,2761,2316,0,3,0,0,0,LEADER,1,0,0,2,0,0,0,0,0,0,0,0,0,0,0
4553,74,bully,1792,1,0,0,2,0,28,0,1,74,2761,1792,0,3,0,0,0,LEADER,1,0,0,2,0,0,0,0,0,0,0,0,0,0,0
4295,48,bully,1534,1,0,0,2,0,28,0,1,48,2761,1534,0,3,0,0,0,LEADER,1,0,0,2,0,0,0,0,0,0,0,0,0,0,0
4756,57,bully,1995,1,0,0,2,0,28,0,1,57,2761,1995,0,3,0,0,0,LEADER,1,0,0,2,0,0,0,0,0,0,0,0,0,0,0
4826,68,bully,2065,1,0,0,2,0,28,0,1,68,2761,2065,0,3,0,0,0,LEADER,1,0,0,2,0,0,0,0,0,0,0,0,0,0,0
4227,45,bully,1466,1,0,0,2,0,28,0,1,45,2761,1466,0,3,0,0,0,LEADER,1,0,0,2,0,0,0,0,0,0,0,0,0,0,0
4584,93,bully,1823,1,0,0,2,0,28,0,1,93,2761,1823,0,3,0,0,0,LEADER,1,0,0,2,0,0,0,0,0,0,0,0,0,0,0
4665,8,bully,2467,1,0,0,2,5,28,70,1,6,2198,2467,0,2,0,0,0,NORMAL,0,0,0,2,0,0,0,5,0,0,0,0,0,0,0
5165,82,bully,2404,1,0,0,2,0,28,0,1,82,2761,2404,0,3,0,0,0,LEADER,1,0,0,2,0,0,0,0,0,0,0,0,0,0,0
5159,51,bully,2398,1,0,0,2,0,28,0,1,51,2761,2398,0,3,0,0,0,LEADER,1,0,0,2,0,0,0,0,0,0,0,0,0,0,0
4704,39,bully,1943,1,0,0,2,0,28,0,1,39,2761,1943,0,3,0,0,0,LEADER,1,0,0,2,0,0,0,0,0,0,0,0,0,0,0
4450,78,bully,1689,1,0,0,2,0,28,0,1,78,2761,1689,0,3,0,0,0,LEADER,1,0,0,2,0,0,0,0,0,0,0,0,0,0,0
4838,79,bully,2077,1,0,0,2,0,28,0,1,79,2761,2077,0,3,0,0,0,LEADER,1,0,0,2,0,0,0,0,0,0,0,0,0,0,0
4413,14,bully,1652,1,0,0,2,0,28,0,1,14,2761,1652,0,3,0,0,0,LEADER,1,0,0,2,0,0,0,0,0,0,0,0,0,0,0
4841,36,bully,2080,1,0,0,2,0,28,0,1,36,2761,2080,0,3,0,0,0,LEADER,1,0,0,2,0,0,0,0,0,0,0,0,0,0,0
4833,6,bully,1516,1,0,0,3,6,42,84,1,6,3317,1516,0,2,0,0,0,LEADER,1,0,0,3,0,0,0,6,0,0,0,0,0,0,0
4723,81,bully,1962,1,0,0,2,0,28,0,1,81,2761,1962,0,3,0,0,0,LEADER,1,0,0,2,0,0,0,0,0,0,0,0,0,0,0
5026,2,bully,2214,1,0,0,4,6,56,84,1,1,2812,2214,0,3,0,0,0,NORMAL,0,0,0,4,0,0,0,6,0,0,0,0,0,0,0
4383,67,bully,1622,1,0,0,2,0,28,0,1,67,2761,1622,0,3,0,0,0,LEADER,1,0,0,2,0,0,0,0,0,0,0,0,0,0,0
5144,83,bully,2383,1,0,0,2,0,28,0,1,83,2761,2383,0,3,0,0,0,LEADER,1,0,0,2,0,0,0,0,0,0,0,0,0,0,0
5288,99,bully,1607,1,0,0,2,0,28,0,1,99,3681,1607,0,3,0,0,0,LEADER,1,0,0,2,0,0,0,0,0,0,0,0,0,0,0
4465,55,bully,1704,1,0,0,2,0,28,0,1,55,2761,1704,0,3,0,0,0,LEADER,1,0,0,2,0,0,0,0,0,0,0,0,0,0,0
5255,89,bully,1574,1,0,0,2,0,28,0,1,89,3681,1574,0,3,0,0,0,LEADER,1,0,0,2,0,0,0,0,0,0,0,0,0,0,0
4417,77,bully,1656,1,0,0,2,0,28,0,1,77,2761,1656,0,3,0,0,0,LEADER,1,0,0,2,0,0,0,0,0,0,0,0,0,0,0
4689,71,bully,1928,1,0,0,2,0,28,0,1,71,2761,1928,0,3,0,0,0,LEADER,1,0,0,2,0,0,0,0,0,0,0,0,0,0,0
4601,52,bully,1840,1,0,0,2,0,28,0,1,52,2761,1840,0,3,0,0,0,LEADER,1,0,0,2,0,0,0,0,0,0,0,0,0,0,0
4974,76,bully,2213,1,0,0,2,0,28,0,1,76,2761,2213,0,3,0,0,0,LEADER,1,0,0,2,0,0,0,0,0,0,0,0,0,0,0
4568,10,bully,1807,1,0,0,2,0,28,0,1,10,2761,1807,0,3,0,0,0,LEADER,1,0,0,2,0,0,0,0,0,0,0,0,0,0,0
4501,22,bully,1740,1,0,0,2,0,28,0,1,22,2761,1740,0,3,0,0,0,LEADER,1,0,0,2,0,0,0,0,0,0,0,0,0,0,0
4650,21,bully,1889,1,0,0,2,0,28,0,1,21,2761,1889,0,3,0,0,0,LEADER,1,0,0,2,0,0,0,0,0,0,0,0,0,0,0
4907,56,bully,2146,1,0,0,2,0,28,0,1,56,2761,2146,0,3,0,0,0,LEADER,1,0,0,2,0,0,0,0,0,0,0,0,0,0,0
4432,60,bully,1671,1,0,0,2,0,28,0,1,60,2761,1671,0,3,0,0,0,LEADER,1,0,0,2,0,0,0,0,0,0,0,0,0,0,0
5285,25,bully,1604,1,0,0,2,0,28,0,1,25,3681,1604,0,3,0,0,0,LEADER,1,0,0,2,0,0,0,0,0,0,0,0,0,0,0
4498,65,bully,1737,1,0,0,2,0,28,0,1,65,2761,1737,0,3,0,0,0,LEADER,1,0,0,2,0,0,0,0,0,0,0,0,0,0,0
4856,9,bully,2514,1,0,0,3,2,42,28,1,6,2342,2514,0,2,0,0,0,NORMAL,0,0,0,3,0,0,0,2,0,0,0,0,0,0,0
5174,19,bully,2413,1,0,0,2,0,28,0,1,19,2761,2413,0,3,0,0,0,LEADER,1,0,0,2,0,0,0,0,0,0,0,0,0,0,0
4804,69,bully,2043,1,0,0,2,0,28,0,1,69,2761,2043,0,3,0,0,0,LEADER,1,0,0,2,0,0,0,0,0,0,0,0,0,0,0
5406,54,bully,1725,1,0,0,2,0,28,0,1,54,3681,1725,0,3,0,0,0,LEADER,1,0,0,2,0,0,0,0,0,0,0,0,0,0,0
4753,17,bully,1992,1,0,0,2,0,28,0,1,17,2761,1992,0,3,0,0,0,LEADER,1,0,0,2,0,0,0,0,0,0,0,0,0,0,0
5267,100,bully,1586,1,0,0,2,0,28,0,1,100,3681,1586,0,3,0,0,0,LEADER,1,0,0,2,0,0,0,0,0,0,0,0,0,0,0
5230,16,bully,1549,1,0,0,2,0,28,0,1,16,3681,1549,0,3,0,0,0,LEADER,1,0,0,2,0,0,0,0,0,0,0,0,0,0,0
4819,37,bully,2058,1,0,0,2,0,28,0,1,37,2761,2058,0,3,0,0,0,LEADER,1,0,0,2,0,0,0,0,0,0,0,0,0,0,0
5455,13,bully,1774,1,0,0,2,0,28,0,1,13,3681,1774,0,3,0,0,0,LEADER,1,0,0,2,0,0,0,0,0,0,0,0,0,0,0
4616,20,bully,1855,1,0,0,2,0,28,0,1,20,2761,1855,0,3,0,0,0,LEADER,1,0,0,2,0,0,0,0,0,0,0,0,0,0,0
5248,41,bully,1567,1,0,0,2,0,28,0,1,41,3681,1567,0,3,0,0,0,LEADER,1,0,0,2,0,0,0,0,0,0,0,0,0,0,0
5237,47,bully,1556,1,0,0,2,0,28,0,1,47,3681,1556,0,3,0,0,0,LEADER,1,0,0,2,0,0,0,0,0,0,0,0,0,0,0
5062,95,bully,2301,1,0,0,2,0,28,0,1,95,2761,2301,0,3,0,0,0,LEADER,1,0,0,2,0,0,0,0,0,0,0,0,0,0,0
4926,98,bully,2165,1,0,0,2,0,28,0,1,98,2761,2165,0,3,0,0,0,LEADER,1,0,0,2,0,0,0,0,0,0,0,0,0,0,0
5110,73,bully,2349,1,0,0,2,0,28,0,1,73,2761,2349,0,3,0,0,0,LEADER,1,0,0,2,0,0,0,0,0,0,0,0,0,0,0
5433,33,bully,1752,1,0,0,2,0,28,0,1,33,3681,1752,0,3,0,0,0,LEADER,1,0,0,2,0,0,0,0,0,0,0,0,0,0,0
5403,97,bully,1722,1,0,0,2,0,28,0,1,97,3681,1722,0,3,0,0,0,LEADER,1,0,0,2,0,0,0,0,0,0,0,0,0,0,0
4656,61,bully,1895,1,0,0,2,0,28,0,1,61,2761,1895,0,3,0,0,0,LEADER,1,0,0,2,0,0,0,0,0,0,0,0,0,0,0
5591,29,bully,1910,1,0,0,2,0,28,0,1,29,3681,1910,0,3,0,0,0,LEADER,1,0,0,2,0,0,0,0,0,0,0,0,0,0,0
5603,40,bully,1922,1,0,0,2,0,28,0,1,40,3681,1922,0,3,0,0,0,LEADER,1,0,0,2,0,0,0,0,0,0,0,0,0,0,0
5092,31,bully,2331,1,0,0,2,0,28,0,1,31,2761,2331,0,3,0,0,0,LEADER,1,0,0,2,0,0,0,0,0,0,0,0,0,0,0
5425,96,bully,1744,1,0,0,2,0,28,0,1,96,3681,1744,0,3,0,0,0,LEADER,1,0,0,2,0,0,0,0,0,0,0,0,0,0,0
5506,84,bully,1825,1,0,0,2,0,28,0,1,84,3681,1825,0,3,0,0,0,LEADER,1,0,0,2,0,0,0,0,0,0,0,0,0,0,0
5200,80,bully,1519,1,0,0,2,0,28,0,1,80,3681,1519,0,3,0,0,0,LEADER,1,0,0,2,0,0,0,0,0,0,0,0,0,0,0
5044,53,bully,2283,1,0,0,2,0,28,0,1,53,2761,2283,0,3,0,0,0,LEADER,1,0,0,2,0,0,0,0,0,0,0,0,0,0,0
5119,92,bully,1438,1,0,0,2,0,28,0,1,92,3681,1438,0,3,0,0,0,LEADER,1,0,0,2,0,0,0,0,0,0,0,0,0,0,0
4959,5,bully,2001,1,0,0,4,6,56,84,1,1,2958,2001,0,2,0,0,0,NORMAL,0,0,0,4,0,0,0,6,0,0,0,0,0,0,0
5555,62,bully,1874,1,0,0,2,0,28,0,1,62,3681,1874,0,3,0,0,0,LEADER,1,0,0,2,0,0,0,0,0,0,0,0,0,0,0
5300,91,bully,1619,1,0,0,2,0,28,0,1,91,3681,1619,0,3,0,0,0,LEADER,1,0,0,2,0,0,0,0,0,0,0,0,0,0,0
5252,15,bully,1571,1,0,0,2,0,28,0,1,15,3681,1571,0,3,0,0,0,LEADER,1,0,0,2,0,0,0,0,0,0,0,0,0,0,0
4922,26,bully,2161,1,0,0,2,0,28,0,1,26,2761,2161,0,3,0,0,0,LEADER,1,0,0,2,0,0,0,0,0,0,0,0,0,0,0
5658,49,bully,1977,1,0,0,2,0,28,0,1,49,3681,1977,0,3,0,0,0,LEADER,1,0,0,2,0,0,0,0,0,0,0,0,0,0,0
5473,58,bully,1792,1,0,0,2,0,28,0,1,58,3681,1792,0,3,0,0,0,LEADER,1,0,0,2,0,0,0,0,0,0,0,0,0,0,0
5007,86,bully,2246,1,0,0,2,0,28,0,1,86,2761,2246,0,3,0,0,0,LEADER,1,0,0,2,0,0,0,0,0,0,0,0,0,0,0
5180,50,bully,2419,1,0,0,2,0,28,0,1,50,2761,2419,0,3,0,0,0,LEADER,1,0,0,2,0,0,0,0,0,0,0,0,0,0,0
5029,85,bully,2268,1,0,0,2,0,28,0,1,85,2761,2268,0,3,0,0,0,LEADER,1,0,0,2,0,0,0,0,0,0,0,0,0,0,0
4973,87,bully,2212,1,0,0,2,0,28,0,1,87,2761,2212,0,3,0,0,0,LEADER,1,0,0,2,0,0,0,0,0,0,0,0,0,0,0
5177,64,bully,2416,1,0,0,2,0,28,0,1,64,2761,2416,0,3,0,0,0,LEADER,1,0,0,2,0,0,0,0,0,0,0,0,0,0,0
5115,18,bully,1434,1,0,0,2,0,28,0,1,18,3681,1434,0,3,0,0,0,LEADER,1,0,0,2,0,0,0,0,0,0,0,0,0,0,0
5025,11,bully,2264,1,0,0,2,0,28,0,1,11,2761,2264,0,3,0,0,0,LEADER,1,0,0,2,0,0,0,0,0,0,0,0,0,0,0
5234,90,bully,1553,1,0,0,2,0,28,0,1,90,3681,1553,0,3,0,0,0,LEADER,1,0,0,2,0,0,0,0,0,0,0,0,0,0,0
5128,35,bully,1447,1,0,0,2,0,28,0,1,35,3681,1447,0,3,0,0,0,LEADER,1,0,0,2,0,0,0,0,0,0,0,0,0,0,0
5010,43,bully,2249,1,0,0,2,0,28,0,1,43,2761,2249,0,3,0,0,0,LEADER,1,0,0,2,0,0,0,0,0,0,0,0,0,0,0
5148,28,bully,1467,1,0,0,2,0,28,0,1,28,3681,1467,0,3,0,0,0,LEADER,1,0,0,2,0,0,0,0,0,0,0,0,0,0,0
5822,23,bully,2141,1,0,0,2,0,28,0,1,23,3681,2141,0,3,0,0,0,LEADER,1,0,0,2,0,0,0,0,0,0,0,0,0,0,0
4989,44,bully,2228,1,0,0,2,0,28,0,1,44,2761,2228,0,3,0,0,0,LEADER,1,0,0,2,0,0,0,0,0,0,0,0,0,0,0
5142,30,bully,1461,1,0,0,2,0,28,0,1,30,3681,1461,0,3,0,0,0,LEADER,1,0,0,2,0,0,0,0,0,0,0,0,0,0,0
5540,94,bully,1859,1,0,0,2,0,28,0,1,94,3681,1859,0,3,0,0,0,LEADER,1,0,0,2,0,0,0,0,0,0,0,0,0,0,0
5182,38,bully,1501,1,0,0,2,0,28,0,1,38,3681,1501,0,3,0,0,0,LEADER,1,0,0,2,0,0,0,0,0,0,0,0,0,0,0
5861,66,bully,2180,1,0,0,2,0,28,0,1,66,3681,2180,0,3,0,0,0,LEADER,1,0,0,2,0,0,0,0,0,0,0,0,0,0,0
5167,70,bully,1486,1,0,0,2,0,28,0,1,70,3681,1486,0,3,0,0,0,LEADER,1,0,0,2,0,0,0,0,0,0,0,0,0,0,0
5812,88,bully,2131,1,0,0,2,0,28,0,1,88,3681,2131,0,3,0,0,0,LEADER,1,0,0,2,0,0,0,0,0,0,0,0,0,0,0
4996,75,bully,2235,1,0,0,2,0,28,0,1,75,2761,2235,0,3,0,0,0,LEADER,1,0,0,2,0,0,0,0,0,0,0,0,0,0,0
5004,12,bully,2243,1,0,0,2,0,28,0,1,12,2761,2243,0,3,0,0,0,LEADER,1,0,0,2,0,0,0,0,0,0,0,0,0,0,0
5706,27,bully,2025,1,0,0,2,0,28,0,1,27,3681,2025,0,3,0,0,0,LEADER,1,0,0,2,0,0,0,0,0,0,0,0,0,0,0
5195,42,bully,1514,1,0,0,2,0,28,0,1,42,3681,1514,0,3,0,0,0,LEADER,1,0,0,2,0,0,0,0,0,0,0,0,0,0,0
5842,24,bully,2161,1,0,0,2,0,28,0,1,24,3681,2161,0,3,0,0,0,LEADER,1,0,0,2,0,0,0,0,0,0,0,0,0,0,0
5794,46,bully,2113,1,0,0,2,0,28,0,1,46,3681,2113,0,3,0,0,0,LEADER,1,0,0,2,0,0,0,0,0,0,0,0,0,0,0
5318,34,bully,1637,1,0,0,2,0,28,0,1,34,3681,1637,0,3,0,0,0,LEADER,1,0,0,2,0,0,0,0,0,0,0,0,0,0,0
5691,59,bully,2010,1,0,0,2,0,28,0,1,59,3681,2010,0,3,0,0,0,LEADER,1,0,0,2,0,0,0,0,0,0,0,0,0,0,0
5973,32,bully,2292,1,0,0,2,0,28,0,1,32,3681,2292,0,3,0,0,0,LEADER,1,0,0,2,0,0,0,0,0,0,0,0,0,0,0
5585,1,bully,2293,1,0,0,3,4,42,56,1,1,3292,2293,0,3,0,0,0,LEADER,1,0,0,3,0,0,0,4,0,0,0,0,0,0,0
5588,72,bully,1907,1,0,0,2,0,28,0,1,72,3681,1907,0,3,0,0,0,LEADER,1,0,0,2,0,0,0,0,0,0,0,0,0,0,0
5997,63,bully,2316,1,0,0,2,0,28,0,1,63,3681,2316,0,3,0,0,0,LEADER,1,0,0,2,0,0,0,0,0,0,0,0,0,0,0
5473,74,bully,1792,1,0,0,2,0,28,0,1,74,3681,1792,0,3,0,0,0,LEADER,1,0,0,2,0,0,0,0,0,0,0,0,0,0,0
5215,48,bully,1534,1,0,0,2,0,28,0,1,48,3681,1534,0,3,0,0,0,LEADER,1,0,0,2,0,0,0,0,0,0,0,0,0,0,0
5676,57,bully,1995,1,0,0,2,0,28,0,1,57,3681,1995,0,3,0,0,0,LEADER,1,0,0,2,0,0,0,0,0,0,0,0,0,0,0
5746,68,bully,2065,1,0,0,2,0,28,0,1,68,3681,2065,0,3,0,0,0,LEADER,1,0,0,2,0,0,0,0,0,0,0,0,0,0,0
5147,45,bully,1466,1,0,0,2,0,28,0,1,45,3681,1466,0,3,0,0,0,LEADER,1,0,0,2,0,0,0,0,0,0,0,0,0,0,0
5504,93,bully,1823,1,0,0,2,0,28,0,1,93,3681,1823,0,3,0,0,0,LEADER,1,0,0,2,0,0,0,0,0,0,0,0,0,0,0
6085,82,bully,2404,1,0,0,2,0,28,0,1,82,3681,2404,0,3,0,0,0,LEADER,1,0,0,2,0,0,0,0,0,0,0,0,0,0,0
6079,51,bully,2398,1,0,0,2,0,28,0,1,51,3681,2398,0,3,0,0,0,LEADER,1,0,0,2,0,0,0,0,0,0,0,0,0,0,0
5624,39,bully,1943,1,0,0,2,0,28,0,1,39,3681,1943,0,3,0,0,0,LEADER,1,0,0,2,0,0,0,0,0,0,0,0,0,0,0
5429,4,bully,2115,1,0,0,4,9,56,126,1,1,3314,2115,0,2,0,0,0,NORMAL,0,0,0,4,0,0,0,9,0,0,0,0,0,0,0
5370,78,bully,1689,1,0,0,2,0,28,0,1,78,3681,1689,0,3,0,0,0,LEADER,1,0,0,2,0,0,0,0,0,0,0,0,0,0,0
5758,79,bully,2077,1,0,0,2,0,28,0,1,79,3681,2077,0,3,0,0,0,LEADER,1,0,0,2,0,0,0,0,0,0,0,0,0,0,0
5333,14,bully,1652,1,0,0,2,0,28,0,1,14,3681,1652,0,3,0,0,0,LEADER,1,0,0,2,0,0,0,0,0,0,0,0,0,0,0
5928,2,bully,2214,1,0,0,4,7,56,98,1,1,3714,2214,0,3,0,0,0,NORMAL,0,0,0,4,0,0,0,7,0,0,0,0,0,0,0
5761,36,bully,2080,1,0,0,2,0,28,0,1,36,3681,2080,0,3,0,0,0,LEADER,1,0,0,2,0,0,0,0,0,0,0,0,0,0,0
5643,81,bully,1962,1,0,0,2,0,28,0,1,81,3681,1962,0,3,0,0,0,LEADER,1,0,0,2,0,0,0,0,0,0,0,0,0,0,0
5303,67,bully,1622,1,0,0,2,0,28,0,1,67,3681,1622,0,3,0,0,0,LEADER,1,0,0,2,0,0,0,0,0,0,0,0,0,0,0
6064,83,bully,2383,1,0,0,2,0,28,0,1,83,3681,2383,0,3,0,0,0,LEADER,1,0,0,2,0,0,0,0,0,0,0,0,0,0,0
6208,99,bully,1607,1,0,0,2,0,28,0,1,99,4601,1607,0,3,0,0,0,LEADER,1,0,0,2,0,0,0,0,0,0,0,0,0,0,0
5385,55,bully,1704,1,0,0,2,0,28,0,1,55,3681,1704,0,3,0,0,0,LEADER,1,0,0,2,0,0,0,0,0,0,0,0,0,0,0
6175,89,bully,1574,1,0,0,2,0,28,0,1,89,4601,1574,0,3,0,0,0,LEADER,1,0,0,2,0,0,0,0,0,0,0,0,0,0,0
5337,77,bully,1656,1,0,0,2,0,28,0,1,77,3681,1656,0,3,0,0,0,LEADER,1,0,0,2,0,0,0,0,0,0,0,0,0,0,0
5609,71,bully,1928,1,0,0,2,0,28,0,1,71,3681,1928,0,3,0,0,0,LEADER,1,0,0,2,0,0,0,0,0,0,0,0,0,0,0
5521,52,bully,1840,1,0,0,2,0,28,0,1,52,3681,1840,0,3,0,0,0,LEADER,1,0,0,2,0,0,0,0,0,0,0,0,0,0,0
5894,76,bully,2213,1,0,0,2,0,28,0,1,76,3681,2213,0,3,0,0,0,LEADER,1,0,0,2,0,0,0,0,0,0,0,0,0,0,0
5488,10,bully,1807,1,0,0,2,0,28,0,1,10,3681,1807,0,3,0,0,0,LEADER,1,0,0,2,0,0,0,0,0,0,0,0,0,0,0
5421,22,bully,1740,1,0,0,2,0,28,0,1,22,3681,1740,0,3,0,0,0,LEADER,1,0,0,2,0,0,0,0,0,0,0,0,0,0,0
5570,21,bully,1889,1,0,0,2,0,28,0,1,21,3681,1889,0,3,0,0,0,LEADER,1,0,0,2,0,0,0,0,0,0,0,0,0,0,0
5827,56,bully,2146,1,0,0,2,0,28,0,1,56,3681,2146,0,3,0,0,0,LEADER,1,0,0,2,0,0,0,0,0,0,0,0,0,0,0
5352,60,bully,1671,1,0,0,2,0,28,0,1,60,3681,1671,0,3,0,0,0,LEADER,1,0,0,2,0,0,0,0,0,0,0,0,0,0,0
6205,25,bully,1604,1,0,0,2,0,28,0,1,25,4601,1604,0,3,0,0,0,LEADER,1,0,0,2,0,0,0,0,0,0,0,0,0,0,0
5418,65,bully,1737,1,0,0,2,0,28,0,1,65,3681,1737,0,3,0,0,0,LEADER,1,0,0,2,0,0,0,0,0,0,0,0,0,0,0
6094,19,bully,2413,1,0,0,2,0,28,0,1,19,3681,2413,0,3,0,0,0,LEADER,1,0,0,2,0,0,0,0,0,0,0,0,0,0,0
5724,69,bully,2043,1,0,0,2,0,28,0,1,69,3681,2043,0,3,0,0,0,LEADER,1,0,0,2,0,0,0,0,0,0,0,0,0,0,0
6326,54,bully,1725,1,0,0,2,0,28,0,1,54,4601,1725,0,3,0,0,0,LEADER,1,0,0,2,0,0,0,0,0,0,0,0,0,0,0
5673,17,bully,1992,1,0,0,2,0,28,0,1,17,3681,1992,0,3,0,0,0,LEADER,1,0,0,2,0,0,0,0,0,0,0,0,0,0,0
5844,8,bully,2467,1,0,0,3,7,42,98,2,8,3377,2467,0,3,0,0,0,LEADER,1,0,0,3,0,0,0,7,0,0,0,0,0,0,0
6187,100,bully,1586,1,0,0,2,0,28,0,1,100,4601,1586,0,3,0,0,0,LEADER,1,0,0,2,0,0,0,0,0,0,0,0,0,0,0
6150,16,bully,1549,1,0,0,2,0,28,0,1,16,4601,1549,0,3,0,0,0,LEADER,1,0,0,2,0,0,0,0,0,0,0,0,0,0,0
5739,37,bully,2058,1,0,0,2,0,28,0,1,37,3681,2058,0,3,0,0,0,LEADER,1,0,0,2,0,0,0,0,0,0,0,0,0,0,0
6375,13,bully,1774,1,0,0,2,0,28,0,1,13,4601,1774,0,3,0,0,0,LEADER,1,0,0,2,0,0,0,0,0,0,0,0,0,0,0
5536,20,bully,1855,1,0,0,2,0,28,0,1,20,3681,1855,0,3,0,0,0,LEADER,1,0,0,2,0,0,0,0,0,0,0,0,0,0,0
6168,41,bully,1567,1,0,0,2,0,28,0,1,41,4601,1567,0,3,0,0,0,LEADER,1,0,0,2,0,0,0,0,0,0,0,0,0,0,0
6157,47,bully,1556,1,0,0,2,0,28,0,1,47,4601,1556,0,3,0,0,0,LEADER,1,0,0,2,0,0,0,0,0,0,0,0,0,0,0
5982,95,bully,2301,1,0,0,2,0,28,0,1,95,3681,2301,0,3,0,0,0,LEADER,1,0,0,2,0,0,0,0,0,0,0,0,0,0,0
5846,98,bully,2165,1,0,0,2,0,28,0,1,98,3681,2165,0,3,0,0,0,LEADER,1,0,0,2,0,0,0,0,0,0,0,0,0,0,0
6030,73,bully,2349,1,0,0,2,0,28,0,1,73,3681,2349,0,3,0,0,0,LEADER,1,0,0,2,0,0,0,0,0,0,0,0,0,0,0
6353,33,bully,1752,1,0,0,2,0,28,0,1,33,4601,1752,0,3,0,0,0,LEADER,1,0,0,2,0,0,0,0,0,0,0,0,0,0,0
6323,97,bully,1722,1,0,0,2,0,28,0,1,97,4601,1722,0,3,0,0,0,LEADER,1,0,0,2,0,0,0,0,0,0,0,0,0,0,0
5576,61,bully,1895,1,0,0,2,0,28,0,1,61,3681,1895,0,3,0,0,0,LEADER,1,0,0,2,0,0,0,0,0,0,0,0,0,0,0
6511,29,bully,1910,1,0,0,2,0,28,0,1,29,4601,1910,0,3,0,0,0,LEADER,1,0,0,2,0,0,0,0,0,0,0,0,0,0,0
6523,40,bully,1922,1,0,0,2,0,28,0,1,40,4601,1922,0,3,0,0,0,LEADER,1,0,0,2,0,0,0,0,0,0,0,0,0,0,0
6012,31,bully,2331,1,0,0,2,0,28,0,1,31,3681,2331,0,3,0,0,0,LEADER,1,0,0,2,0,0,0,0,0,0,0,0,0,0,0
6345,96,bully,1744,1,0,0,2,0,28,0,1,96,4601,1744,0,3,0,0,0,LEADER,1,0,0,2,0,0,0,0,0,0,0,0,0,0,0
6426,84,bully,1825,1,0,0,2,0,28,0,1,84,4601,1825,0,3,0,0,0,LEADER,1,0,0,2,0,0,0,0,0,0,0,0,0,0,0
6120,80,bully,1519,1,0,0,2,0,28,0,1,80,4601,1519,0,3,0,0,0,LEADER,1,0,0,2,0,0,0,0,0,0,0,0,0,0,0
5964,53,bully,2283,1,0,0,2,0,28,0,1,53,3681,2283,0,3,0,0,0,LEADER,1,0,0,2,0,0,0,0,0,0,0,0,0,0,0
6039,92,bully,1438,1,0,0,2,0,28,0,1,92,4601,1438,0,3,0,0,0,LEADER,1,0,0,2,0,0,0,0,0,0,0,0,0,0,0
6475,62,bully,1874,1,0,0,2,0,28,0,1,62,4601,1874,0,3,0,0,0,LEADER,1,0,0,2,0,0,0,0,0,0,0,0,0,0,0
6220,91,bully,1619,1,0,0,2,0,28,0,1,91,4601,1619,0,3,0,0,0,LEADER,1,0,0,2,0,0,0,0,0,0,0,0,0,0,0
6172,15,bully,1571,1,0,0,2,0,28,0,1,15,4601,1571,0,3,0,0,0,LEADER,1,0,0,2,0,0,0,0,0,0,0,0,0,0,0
5842,26,bully,2161,1,0,0,2,0,28,0,1,26,3681,2161,0,3,0,0,0,LEADER,1,0,0,2,0,0,0,0,0,0,0,0,0,0,0
6578,49,bully,1977,1,0,0,2,0,28,0,1,49,4601,1977,0,3,0,0,0,LEADER,1,0,0,2,0,0,0,0,0,0,0,0,0,0,0
6393,58,bully,1792,1,0,0,2,0,28,0,1,58,4601,1792,0,3,0,0,0,LEADER,1,0,0,2,0,0,0,0,0,0,0,0,0,0,0
5927,86,bully,2246,1,0,0,2,0,28,0,1,86,3681,2246,0,3,0,0,0,LEADER,1,0,0,2,0,0,0,0,0,0,0,0,0,0,0
6100,50,bully,2419,1,0,0,2,0,28,0,1,50,3681,2419,0,3,0,0,0,LEADER,1,0,0,2,0,0,0,0,0,0,0,0,0,0,0
5949,85,bully,2268,1,0,0,2,0,28,0,1,85,3681,2268,0,3,0,0,0,LEADER,1,0,0,2,0,0,0,0,0,0,0,0,0,0,0
5893,87,bully,2212,1,0,0,2,0,28,0,1,87,3681,2212,0,3,0,0,0,LEADER,1,0,0,2,0,0,0,0,0,0,0,0,0,0,0
6097,64,bully,2416,1,0,0,2,0,28,0,1,64,3681,2416,0,3,0,0,0,LEADER,1,0,0,2,0,0,0,0,0,0,0,0,0,0,0
6035,18,bully,1434,1,0,0,2,0,28,0,1,18,4601,1434,0,3,0,0,0,LEADER,1,0,0,2,0,0,0,0,0,0,0,0,0,0,0
5945,11,bully,2264,1,0,0,2,0,28,0,1,11,3681,2264,0,3,0,0,0,LEADER,1,0,0,2,0,0,0,0,0,0,0,0,0,0,0
6154,90,bully,1553,1,0,0,2,0,28,0,1,90,4601,1553,0,3,0,0,0,LEADER,1,0,0,2,0,0,0,0,0,0,0,0,0,0,0
6048,35,bully,1447,1,0,0,2,0,28,0,1,35,4601,1447,0,3,0,0,0,LEADER,1,0,0,2,0,0,0,0,0,0,0,0,0,0,0
5930,43,bully,2249,1,0,0,2,0,28,0,1,43,3681,2249,0,3,0,0,0,LEADER,1,0,0,2,0,0,0,0,0,0,0,0,0,0,0
6112,7,bully,2253,1,0,0,5,7,70,98,1,6,3859,2253,0,2,0,0,0,NORMAL,0,0,0,5,0,0,0,7,0,0,0,0,0,0,0
6068,28,bully,1467,1,0,0,2,0,28,0,1,28,4601,1467,0,3,0,0,0,LEADER,1,0,0,2,0,0,0,0,0,0,0,0,0,0,0
6742,23,bully,2141,1,0,0,2,0,28,0,1,23,4601,2141,0,3,0,0,0,LEADER,1,0,0,2,0,0,0,0,0,0,0,0,0,0,0
5909,44,bully,2228,1,0,0,2,0,28,0,1,44,3681,2228,0,3,0,0,0,LEADER,1,0,0,2,0,0,0,0,0,0,0,0,0,0,0
5938,3,bully,1903,1,0,0,5,9,70,126,1,1,4035,1903,0,2,0,0,0,NORMAL,0,0,0,5,0,0,0,9,0,0,0,0,0,0,0
6062,30,bully,1461,1,0,0,2,0,28,0,1,30,4601,1461,0,3,0,0,0,LEADER,1,0,0,2,0,0,0,0,0,0,0,0,0,0,0
6460,94,bully,1859,1,0,0,2,0,28,0,1,94,4601,1859,0,3,0,0,0,LEADER,1,0,0,2,0,0,0,0,0,0,0,0,0,0,0
6102,38,bully,1501,1,0,0,2,0,28,0,1,38,4601,1501,0,3,0,0,0,LEADER,1,0,0,2,0,0,0,0,0,0,0,0,0,0,0
6781,66,bully,2180,1,0,0,2,0,28,0,1,66,4601,2180,0,3,0,0,0,LEADER,1,0,0,2,0,0,0,0,0,0,0,0,0,0,0
6087,70,bully,1486,1,0,0,2,0,28,0,1,70,4601,1486,0,3,0,0,0,LEADER,1,0,0,2,0,0,0,0,0,0,0,0,0,0,0
6732,88,bully,2131,1,0,0,2,0,28,0,1,88,4601,2131,0,3,0,0,0,LEADER,1,0,0,2,0,0,0,0,0,0,0,0,0,0,0
5916,75,bully,2235,1,0,0,2,0,28,0,1,75,3681,2235,0,3,0,0,0,LEADER,1,0,0,2,0,0,0,0,0,0,0,0,0,0,0
5924,12,bully,2243,1,0,0,2,0,28,0,1,12,3681,2243,0,3,0,0,0,LEADER,1,0,0,2,0,0,0,0,0,0,0,0,0,0,0
6626,27,bully,2025,1,0,0,2,0,28,0,1,27,4601,2025,0,3,0,0,0,LEADER,1,0,0,2,0,0,0,0,0,0,0,0,0,0,0
6115,42,bully,1514,1,0,0,2,0,28,0,1,42,4601,1514,0,3,0,0,0,LEADER,1,0,0,2,0,0,0,0,0,0,0,0,0,0,0
6762,24,bully,2161,1,0,0,2,0,28,0,1,24,4601,2161,0,3,0,0,0,LEADER,1,0,0,2,0,0,0,0,0,0,0,0,0,0,0
6714,46,bully,2113,1,0,0,2,0,28,0,1,46,4601,2113,0,3,0,0,0,LEADER,1,0,0,2,0,0,0,0,0,0,0,0,0,0,0
6238,34,bully,1637,1,0,0,2,0,28,0,1,34,4601,1637,0,3,0,0,0,LEADER,1,0,0,2,0,0,0,0,0,0,0,0,0,0,0
6611,59,bully,2010,1,0,0,2,0,28,0,1,59,4601,2010,0,3,0,0,0,LEADER,1,0,0,2,0,0,0,0,0,0,0,0,0,0,0
6893,32,bully,2292,1,0,0,2,0,28,0,1,32,4601,2292,0,3,0,0,0,LEADER,1,0,0,2,0,0,0,0,0,0,0,0,0,0,0
6508,72,bully,1907,1,0,0,2,0,28,0,1,72,4601,1907,0,3,0,0,0,LEADER,1,0,0,2,0,0,0,0,0,0,0,0,0,0,0
6917,63,bully,2316,1,0,0,2,0,28,0,1,63,4601,2316,0,3,0,0,0,LEADER,1,0,0,2,0,0,0,0,0,0,0,0,0,0,0
6393,74,bully,1792,1,0,0,2,0,28,0,1,74,4601,1792,0,3,0,0,0,LEADER,1,0,0,2,0,0,0,0,0,0,0,0,0,0,0
6135,48,bully,1534,1,0,0,2,0,28,0,1,48,4601,1534,0,3,0,0,0,LEADER,1,0,0,2,0,0,0,0,0,0,0,0,0,0,0
6596,57,bully,1995,1,0,0,2,0,28,0,1,57,4601,1995,0,3,0,0,0,LEADER,1,0,0,2,0,0,0,0,0,0,0,0,0,0,0
6666,68,bully,2065,1,0,0,2,0,28,0,1,68,4601,2065,0,3,0,0,0,LEADER,1,0,0,2,0,0,0,0,0,0,0,0,0,0,0
6067,45,bully,1466,1,0,0,2,0,28,0,1,45,4601,1466,0,3,0,0,0,LEADER,1,0,0,2,0,0,0,0,0,0,0,0,0,0,0
6424,93,bully,1823,1,0,0,2,0,28,0,1,93,4601,1823,0,3,0,0,0,LEADER,1,0,0,2,0,0,0,0,0,0,0,0,0,0,0
7005,82,bully,2404,1,0,0,2,0,28,0,1,82,4601,2404,0,3,0,0,0,LEADER,1,0,0,2,0,0,0,0,0,0,0,0,0,0,0
6999,51,bully,2398,1,0,0,2,0,28,0,1,51,4601,2398,0,3,0,0,0,LEADER,1,0,0,2,0,0,0,0,0,0,0,0,0,0,0
6544,39,bully,1943,1,0,0,2,0,28,0,1,39,4601,1943,0,3,0,0,0,LEADER,1,0,0,2,0,0,0,0,0,0,0,0,0,0,0
6649,1,bully,2293,1,0,0,3,4,42,56,1,1,4356,2293,0,3,0,0,0,LEADER,1,0,0,3,0,0,0,4,0,0,0,0,0,0,0
6290,78,bully,1689,1,0,0,2,0,28,0,1,78,4601,1689,0,3,0,0,0,LEADER,1,0,0,2,0,0,0,0,0,0,0,0,0,0,0
6678,79,bully,2077,1,0,0,2,0,28,0,1,79,4601,2077,0,3,0,0,0,LEADER,1,0,0,2,0,0,0,0,0,0,0,0,0,0,0
6253,14,bully,1652,1,0,0,2,0,28,0,1,14,4601,1652,0,3,0,0,0,LEADER,1,0,0,2,0,0,0,0,0,0,0,0,0,0,0
6375,5,bully,2001,1,0,0,6,9,84,126,2,4,4374,2001,0,3,0,0,0,NORMAL,0,0,0,6,0,0,0,9,0,0,0,0,0,0,0
6681,36,bully,2080,1,0,0,2,0,28,0,1,36,4601,2080,0,3,0,0,0,LEADER,1,0,0,2,0,0,0,0,0,0,0,0,0,0,0
6563,81,bully,1962,1,0,0,2,0,28,0,1,81,4601,1962,0,3,0,0,0,LEADER,1,0,0,2,0,0,0,0,0,0,0,0,0,0,0
6223,67,bully,1622,1,0,0,2,0,28,0,1,67,4601,1622,0,3,0,0,0,LEADER,1,0,0,2,0,0,0,0,0,0,0,0,0,0,0
6984,83,bully,2383,1,0,0,2,0,28,0,1,83,4601,2383,0,3,0,0,0,LEADER,1,0,0,2,0,0,0,0,0,0,0,0,0,0,0
7129,99,bully,1607,1,0,0,3,0,42,0,1,99,5522,1607,0,4,0,0,0,LEADER,1,0,0,3,0,0,0,0,0,0,0,0,0,0,0
6305,55,bully,1704,1,0,0,2,0,28,0,1,55,4601,1704,0,3,0,0,0,LEADER,1,0,0,2,0,0,0,0,0,0,0,0,0,0,0
7096,89,bully,1574,1,0,0,3,0,42,0,1,89,5522,1574,0,4,0,0,0,LEADER,1,0,0,3,0,0,0,0,0,0,0,0,0,0,0
6257,77,bully,1656,1,0,0,2,0,28,0,1,77,4601,1656,0,3,0,0,0,LEADER,1,0,0,2,0,0,0,0,0,0,0,0,0,0,0
6529,71,bully,1928,1,0,0,2,0,28,0,1,71,4601,1928,0,3,0,0,0,LEADER,1,0,0,2,0,0,0,0,0,0,0,0,0,0,0
6441,52,bully,1840,1,0,0,2,0,28,0,1,52,4601,1840,0,3,0,0,0,LEADER,1,0,0,2,0,0,0,0,0,0,0,0,0,0,0
6814,76,bully,2213,1,0,0,2,0,28,0,1,76,4601,2213,0,3,0,0,0,LEADER,1,0,0,2,0,0,0,0,0,0,0,0,0,0,0
6408,10,bully,1807,1,0,0,2,0,28,0,1,10,4601,1807,0,3,0,0,0,LEADER,1,0,0,2,0,0,0,0,0,0,0,0,0,0,0
6341,22,bully,1740,1,0,0,2,0,28,0,1,22,4601,1740,0,3,0,0,0,LEADER,1,0,0,2,0,0,0,0,0,0,0,0,0,0,0
6490,21,bully,1889,1,0,0,2,0,28,0,1,21,4601,1889,0,3,0,0,0,LEADER,1,0,0,2,0,0,0,0,0,0,0,0,0,0,0
6747,56,bully,2146,1,0,0,2,0,28,0,1,56,4601,2146,0,3,0,0,0,LEADER,1,0,0,2,0,0,0,0,0,0,0,0,0,0,0
6272,60,bully,1671,1,0,0,2,0,28,0,1,60,4601,1671,0,3,0,0,0,LEADER,1,0,0,2,0,0,0,0,0,0,0,0,0,0,0
7126,25,bully,1604,1,0,0,3,0,42,0,1,25,5522,1604,0,4,0,0,0,LEADER,1,0,0,3,0,0,0,0,0,0,0,0,0,0,0
6338,65,bully,1737,1,0,0,2,0,28,0,1,65,4601,1737,0,3,0,0,0,LEADER,1,0,0,2,0,0,0,0,0,0,0,0,0,0,0
7014,19,bully,2413,1,0,0,2,0,28,0,1,19,4601,2413,0,3,0,0,0,LEADER,1,0,0,2,0,0,0,0,0,0,0,0,0,0,0
6644,69,bully,2043,1,0,0,2,0,28,0,1,69,4601,2043,0,3,0,0,0,LEADER,1,0,0,2,0,0,0,0,0,0,0,0,0,0,0
7247,54,bully,1725,1,0,0,3,0,42,0,1,54,5522,1725,0,4,0,0,0,LEADER,1,0,0,3,0,0,0,0,0,0,0,0,0,0,0
6593,17,bully,1992,1,0,0,2,0,28,0,1,17,4601,1992,0,3,0,0,0,LEADER,1,0,0,2,0,0,0,0,0,0,0,0,0,0,0
7108,100,bully,1586,1,0,0,3,0,42,0,1,100,5522,1586,0,4,0,0,0,LEADER,1,0,0,3,0,0,0,0,0,0,0,0,0,0,0
7071,16,bully,1549,1,0,0,3,0,42,0,1,16,5522,1549,0,4,0,0,0,LEADER,1,0,0,3,0,0,0,0,0,0,0,0,0,0,0
6659,37,bully,2058,1,0,0,2,0,28,0,1,37,4601,2058,0,3,0,0,0,LEADER,1,0,0,2,0,0,0,0,0,0,0,0,0,0,0
7296,13,bully,1774,1,0,0,3,0,42,0,1,13,5522,1774,0,4,0,0,0,LEADER,1,0,0,3,0,0,0,0,0,0,0,0,0,0,0
6456,20,bully,1855,1,0,0,2,0,28,0,1,20,4601,1855,0,3,0,0,0,LEADER,1,0,0,2,0,0,0,0,0,0,0,0,0,0,0
7089,41,bully,1567,1,0,0,3,0,42,0,1,41,5522,1567,0,4,0,0,0,LEADER,1,0,0,3,0,0,0,0,0,0,0,0,0,0,0
7078,47,bully,1556,1,0,0,3,0,42,0,1,47,5522,1556,0,4,0,0,0,LEADER,1,0,0,3,0,0,0,0,0,0,0,0,0,0,0
6902,95,bully,2301,1,0,0,2,0,28,0,1,95,4601,2301,0,3,0,0,0,LEADER,1,0,0,2,0,0,0,0,0,0,0,0,0,0,0
6766,98,bully,2165,1,0,0,2,0,28,0,1,98,4601,2165,0,3,0,0,0,LEADER,1,0,0,2,0,0,0,0,0,0,0,0,0,0,0
6950,73,bully,2349,1,0,0,2,0,28,0,1,73,4601,2349,0,3,0,0,0,LEADER,1,0,0,2,0,0,0,0,0,0,0,0,0,0,0
6496,61,bully,1895,1,0,0,2,0,28,0,1,61,4601,1895,0,3,0,0,0,LEADER,1,0,0,2,0,0,0,0,0,0,0,0,0,0,0
7244,97,bully,1722,1,0,0,3,0,42,0,1,97,5522,1722,0,4,0,0,0,LEADER,1,0,0,3,0,0,0,0,0,0,0,0,0,0,0
7274,33,bully,1752,1,0,0,3,0,42,0,1,33,5522,1752,0,4,0,0,0,LEADER,1,0,0,3,0,0,0,0,0,0,0,0,0,0,0
6932,31,bully,2331,1,0,0,2,0,28,0,1,31,4601,2331,0,3,0,0,0,LEADER,1,0,0,2,0,0,0,0,0,0,0,0,0,0,0
7432,29,bully,1910,1,0,0,3,0,42,0,1,29,5522,1910,0,4,0,0,0,LEADER,1,0,0,3,0,0,0,0,0,0,0,0,0,0,0
7444,40,bully,1922,1,0,0,3,0,42,0,1,40,5522,1922,0,4,0,0,0,LEADER,1,0,0,3,0,0,0,0,0,0,0,0,0,0,0
7266,96,bully,1744,1,0,0,3,0,42,0,1,96,5522,1744,0,4,0,0,0,LEADER,1,0,0,3,0,0,0,0,0,0,0,0,0,0,0
7347,84,bully,1825,1,0,0,3,0,42,0,1,84,5522,1825,0,4,0,0,0,LEADER,1,0,0,3,0,0,0,0,0,0,0,0,0,0,0
7041,80,bully,1519,1,0,0,3,0,42,0,1,80,5522,1519,0,4,0,0,0,LEADER,1,0,0,3,0,0,0,0,0,0,0,0,0,0,0
6884,53,bully,2283,1,0,0,2,0,28,0,1,53,4601,2283,0,3,0,0,0,LEADER,1,0,0,2,0,0,0,0,0,0,0,0,0,0,0
6960,92,bully,1438,1,0,0,3,0,42,0,1,92,5522,1438,0,4,0,0,0,LEADER,1,0,0,3,0,0,0,0,0,0,0,0,0,0,0
7396,62,bully,1874,1,0,0,3,0,42,0,1,62,5522,1874,0,4,0,0,0,LEADER,1,0,0,3,0,0,0,0,0,0,0,0,0,0,0
7141,91,bully,1619,1,0,0,3,0,42,0,1,91,5522,1619,0,4,0,0,0,LEADER,1,0,0,3,0,0,0,0,0,0,0,0,0,0,0
7093,15,bully,1571,1,0,0,3,0,42,0,1,15,5522,1571,0,4,0,0,0,LEADER,1,0,0,3,0,0,0,0,0,0,0,0,0,0,0
6762,26,bully,2161,1,0,0,2,0,28,0,1,26,4601,2161,0,3,0,0,0,LEADER,1,0,0,2,0,0,0,0,0,0,0,0,0,0,0
7499,49,bully,1977,1,0,0,3,0,42,0,1,49,5522,1977,0,4,0,0,0,LEADER,1,0,0,3,0,0,0,0,0,0,0,0,0,0,0
7314,58,bully,1792,1,0,0,3,0,42,0,1,58,5522,1792,0,4,0,0,0,LEADER,1,0,0,3,0,0,0,0,0,0,0,0,0,0,0
6847,86,bully,2246,1,0,0,2,0,28,0,1,86,4601,2246,0,3,0,0,0,LEADER,1,0,0,2,0,0,0,0,0,0,0,0,0,0,0
7020,50,bully,2419,1,0,0,2,0,28,0,1,50,4601,2419,0,3,0,0,0,LEADER,1,0,0,2,0,0,0,0,0,0,0,0,0,0,0
6869,85,bully,2268,1,0,0,2,0,28,0,1,85,4601,2268,0,3,0,0,0,LEADER,1,0,0,2,0,0,0,0,0,0,0,0,0,0,0
6813,87,bully,2212,1,0,0,2,0,28,0,1,87,4601,2212,0,3,0,0,0,LEADER,1,0,0,2,0,0,0,0,0,0,0,0,0,0,0
7017,64,bully,2416,1,0,0,2,0,28,0,1,64,4601,2416,0,3,0,0,0,LEADER,1,0,0,2,0,0,0,0,0,0,0,0,0,0,0
6865,11,bully,2264,1,0,0,2,0,28,0,1,11,4601,2264,0,3,0,0,0,LEADER,1,0,0,2,0,0,0,0,0,0,0,0,0,0,0
6956,18,bully,1434,1,0,0,3,0,42,0,1,18,5522,1434,0,4,0,0,0,LEADER,1,0,0,3,0,0,0,0,0,0,0,0,0,0,0
7075,90,bully,1553,1,0,0,3,0,42,0,1,90,5522,1553,0,4,0,0,0,LEADER,1,0,0,3,0,0,0,0,0,0,0,0,0,0,0
6969,35,bully,1447,1,0,0,3,0,42,0,1,35,5522,1447,0,4,0,0,0,LEADER,1,0,0,3,0,0,0,0,0,0,0,0,0,0,0
6850,43,bully,2249,1,0,0,2,0,28,0,1,43,4601,2249,0,3,0,0,0,LEADER,1,0,0,2,0,0,0,0,0,0,0,0,0,0,0
6989,28,bully,1467,1,0,0,3,0,42,0,1,28,5522,1467,0,4,0,0,0,LEADER,1,0,0,3,0,0,0,0,0,0,0,0,0,0,0
6829,44,bully,2228,1,0,0,2,0,28,0,1,44,4601,2228,0,3,0,0,0,LEADER,1,0,0,2,0,0,0,0,0,0,0,0,0,0,0
7663,23,bully,2141,1,0,0,3,0,42,0,1,23,5522,2141,0,4,0,0,0,LEADER,1,0,0,3,0,0,0,0,0,0,0,0,0,0,0
6983,30,bully,1461,1,0,0,3,0,42,0,1,30,5522,1461,0,4,0,0,0,LEADER,1,0,0,3,0,0,0,0,0,0,0,0,0,0,0
7381,94,bully,1859,1,0,0,3,0,42,0,1,94,5522,1859,0,4,0,0,0,LEADER,1,0,0,3,0,0,0,0,0,0,0,0,0,0,0
7023,38,bully,1501,1,0,0,3,0,42,0,1,38,5522,1501,0,4,0,0,0,LEADER,1,0,0,3,0,0,0,0,0,0,0,0,0,0,0
7702,66,bully,2180,1,0,0,3,0,42,0,1,66,5522,2180,0,4,0,0,0,LEADER,1,0,0,3,0,0,0,0,0,0,0,0,0,0,0
7008,70,bully,1486,1,0,0,3,0,42,0,1,70,5522,1486,0,4,0,0,0,LEADER,1,0,0,3,0,0,0,0,0,0,0,0,0,0,0
7653,88,bully,2131,1,0,0,3,0,42,0,1,88,5522,2131,0,4,0,0,0,LEADER,1,0,0,3,0,0,0,0,0,0,0,0,0,0,0
6836,75,bully,2235,1,0,0,2,0,28,0,1,75,4601,2235,0,3,0,0,0,LEADER,1,0,0,2,0,0,0,0,0,0,0,0,0,0,0
6844,12,bully,2243,1,0,0,2,0,28,0,1,12,4601,2243,0,3,0,0,0,LEADER,1,0,0,2,0,0,0,0,0,0,0,0,0,0,0
7547,27,bully,2025,1,0,0,3,0,42,0,1,27,5522,2025,0,4,0,0,0,LEADER,1,0,0,3,0,0,0,0,0,0,0,0,0,0,0
7036,42,bully,1514,1,0,0,3,0,42,0,1,42,5522,1514,0,4,0,0,0,LEADER,1,0,0,3,0,0,0,0,0,0,0,0,0,0,0
7683,24,bully,2161,1,0,0,3,0,42,0,1,24,5522,2161,0,4,0,0,0,LEADER,1,0,0,3,0,0,0,0,0,0,0,0,0,0,0
7635,46,bully,2113,1,0,0,3,0,42,0,1,46,5522,2113,0,4,0,0,0,LEADER,1,0,0,3,0,0,0,0,0,0,0,0,0,0,0
7159,34,bully,1637,1,0,0,3,0,42,0,1,34,5522,1637,0,4,0,0,0,LEADER,1,0,0,3,0,0,0,0,0,0,0,0,0,0,0
7532,59,bully,2010,1,0,0,3,0,42,0,1,59,5522,2010,0,4,0,0,0,LEADER,1,0,0,3,0,0,0,0,0,0,0,0,0,0,0
7814,32,bully,2292,1,0,0,3,0,42,0,1,32,5522,2292,0,4,0,0,0,LEADER,1,0,0,3,0,0,0,0,0,0,0,0,0,0,0
7429,72,bully,1907,1,0,0,3,0,42,0,1,72,5522,1907,0,4,0,0,0,LEADER,1,0,0,3,0,0,0,0,0,0,0,0,0,0,0
7838,63,bully,2316,1,0,0,3,0,42,0,1,63,5522,2316,0,4,0,0,0,LEADER,1,0,0,3,0,0,0,0,0,0,0,0,0,0,0
7314,74,bully,1792,1,0,0,3,0,42,0,1,74,5522,1792,0,4,0,0,0,LEADER,1,0,0,3,0,0,0,0,0,0,0,0,0,0,0
7197,4,bully,2115,1,0,0,5,12,70,168,2,4,5082,2115,0,3,0,0,0,LEADER,1,0,0,5,0,0,0,12,0,0,0,0,0,0,0
7056,48,bully,1534,1,0,0,3,0,42,0,1,48,5522,1534,0,4,0,0,0,LEADER,1,0,0,3,0,0,0,0,0,0,0,0,0,0,0
7517,57,bully,1995,1,0,0,3,0,42,0,1,57,5522,1995,0,4,0,0,0,LEADER,1,0,0,3,0,0,0,0,0,0,0,0,0,0,0
7587,68,bully,2065,1,0,0,3,0,42,0,1,68,5522,2065,0,4,0,0,0,LEADER,1,0,0,3,0,0,0,0,0,0,0,0,0,0,0
6988,45,bully,1466,1,0,0,3,0,42,0,1,45,5522,1466,0,4,0,0,0,LEADER,1,0,0,3,0,0,0,0,0,0,0,0,0,0,0
7345,93,bully,1823,1,0,0,3,0,42,0,1,93,5522,1823,0,4,0,0,0,LEADER,1,0,0,3,0,0,0,0,0,0,0,0,0,0,0
7926,82,bully,2404,1,0,0,3,0,42,0,1,82,5522,2404,0,4,0,0,0,LEADER,1,0,0,3,0,0,0,0,0,0,0,0,0,0,0
7920,51,bully,2398,1,0,0,3,0,42,0,1,51,5522,2398,0,4,0,0,0,LEADER,1,0,0,3,0,0,0,0,0,0,0,0,0,0,0
7465,39,bully,1943,1,0,0,3,0,42,0,1,39,5522,1943,0,4,0,0,0,LEADER,1,0,0,3,0,0,0,0,0,0,0,0,0,0,0
7211,78,bully,1689,1,0,0,3,0,42,0,1,78,5522,1689,0,4,0,0,0,LEADER,1,0,0,3,0,0,0,0,0,0,0,0,0,0,0
7599,79,bully,2077,1,0,0,3,0,42,0,1,79,5522,2077,0,4,0,0,0,LEADER,1,0,0,3,0,0,0,0,0,0,0,0,0,0,0
7174,14,bully,1652,1,0,0,3,0,42,0,1,14,5522,1652,0,4,0,0,0,LEADER,1,0,0,3,0,0,0,0,0,0,0,0,0,0,0
7602,36,bully,2080,1,0,0,3,0,42,0,1,36,5522,2080,0,4,0,0,0,LEADER,1,0,0,3,0,0,0,0,0,0,0,0,0,0,0
7484,81,bully,1962,1,0,0,3,0,42,0,1,81,5522,1962,0,4,0,0,0,LEADER,1,0,0,3,0,0,0,0,0,0,0,0,0,0,0
7144,67,bully,1622,1,0,0,3,0,42,0,1,67,5522,1622,0,4,0,0,0,LEADER,1,0,0,3,0,0,0,0,0,0,0,0,0,0,0
7905,83,bully,2383,1,0,0,3,0,42,0,1,83,5522,2383,0,4,0,0,0,LEADER,1,0,0,3,0,0,0,0,0,0,0,0,0,0,0
8049,99,bully,1607,1,0,0,3,0,42,0,1,99,6442,1607,0,4,0,0,0,LEADER,1,0,0,3,0,0,0,0,0,0,0,0,0,0,0
7226,55,bully,1704,1,0,0,3,0,42,0,1,55,5522,1704,0,4,0,0,0,LEADER,1,0,0,3,0,0,0,0,0,0,0,0,0,0,0
8016,89,bully,1574,1,0,0,3,0,42,0,1,89,6442,1574,0,4,0,0,0,LEADER,1,0,0,3,0,0,0,0,0,0,0,0,0,0,0
7178,77,bully,1656,1,0,0,3,0,42,0,1,77,5522,1656,0,4,0,0,0,LEADER,1,0,0,3,0,0,0,0,0,0,0,0,0,0,0
7450,71,bully,1928,1,0,0,3,0,42,0,1,71,5522,1928,0,4,0,0,0,LEADER,1,0,0,3,0,0,0,0,0,0,0,0,0,0,0
7362,52,bully,1840,1,0,0,3,0,42,0,1,52,5522,1840,0,4,0,0,0,LEADER,1,0,0,3,0,0,0,0,0,0,0,0,0,0,0
7735,76,bully,2213,1,0,0,3,0,42,0,1,76,5522,2213,0,4,0,0,0,LEADER,1,0,0,3,0,0,0,0,0,0,0,0,0,0,0
7329,10,bully,1807,1,0,0,3,0,42,0,1,10,5522,1807,0,4,0,0,0,LEADER,1,0,0,3,0,0,0,0,0,0,0,0,0,0,0
7262,22,bully,1740,1,0,0,3,0,42,0,1,22,5522,1740,0,4,0,0,0,LEADER,1,0,0,3,0,0,0,0,0,0,0,0,0,0,0
7714,1,bully,2293,1,0,0,4,5,56,70,1,1,5421,2293,0,3,0,0,0,LEADER,1,0,0,4,0,0,0,5,0,0,0,0,0,0,0
7411,21,bully,1889,1,0,0,3,0,42,0,1,21,5522,1889,0,4,0,0,0,LEADER,1,0,0,3,0,0,0,0,0,0,0,0,0,0,0
7668,56,bully,2146,1,0,0,3,0,42,0,1,56,5522,2146,0,4,0,0,0,LEADER,1,0,0,3,0,0,0,0,0,0,0,0,0,0,0
7193,60,bully,1671,1,0,0,3,0,42,0,1,60,5522,1671,0,4,0,0,0,LEADER,1,0,0,3,0,0,0,0,0,0,0,0,0,0,0
8046,25,bully,1604,1,0,0,3,0,42,0,1,25,6442,1604,0,4,0,0,0,LEADER,1,0,0,3,0,0,0,0,0,0,0,0,0,0,0
7259,65,bully,1737,1,0,0,3,0,42,0,1,65,5522,1737,0,4,0,0,0,LEADER,1,0,0,3,0,0,0,0,0,0,0,0,0,0,0
7935,19,bully,2413,1,0,0,3,0,42,0,1,19,5522,2413,0,4,0,0,0,LEADER,1,0,0,3,0,0,0,0,0,0,0,0,0,0,0
7565,69,bully,2043,1,0,0,3,0,42,0,1,69,5522,2043,0,4,0,0,0,LEADER,1,0,0,3,0,0,0,0,0,0,0,0,0,0,0
8167,54,bully,1725,1,0,0,3,0,42,0,1,54,6442,1725,0,4,0,0,0,LEADER,1,0,0,3,0,0,0,0,0,0,0,0,0,0,0
7514,17,bully,1992,1,0,0,3,0,42,0,1,17,5522,1992,0,4,0,0,0,LEADER,1,0,0,3,0,0,0,0,0,0,0,0,0,0,0
8028,100,bully,1586,1,0,0,3,0,42,0,1,100,6442,1586,0,4,0,0,0,LEADER,1,0,0,3,0,0,0,0,0,0,0,0,0,0,0
7991,16,bully,1549,1,0,0,3,0,42,0,1,16,6442,1549,0,4,0,0,0,LEADER,1,0,0,3,0,0,0,0,0,0,0,0,0,0,0
7580,37,bully,2058,1,0,0,3,0,42,0,1,37,5522,2058,0,4,0,0,0,LEADER,1,0,0,3,0,0,0,0,0,0,0,0,0,0,0
8216,13,bully,1774,1,0,0,3,0,42,0,1,13,6442,1774,0,4,0,0,0,LEADER,1,0,0,3,0,0,0,0,0,0,0,0,0,0,0
7377,20,bully,1855,1,0,0,3,0,42,0,1,20,5522,1855,0,4,0,0,0,LEADER,1,0,0,3,0,0,0,0,0,0,0,0,0,0,0
8009,41,bully,1567,1,0,0,3,0,42,0,1,41,6442,1567,0,4,0,0,0,LEADER,1,0,0,3,0,0,0,0,0,0,0,0,0,0,0
7998,47,bully,1556,1,0,0,3,0,42,0,1,47,6442,1556,0,4,0,0,0,LEADER,1,0,0,3,0,0,0,0,0,0,0,0,0,0,0
7823,95,bully,2301,1,0,0,3,0,42,0,1,95,5522,2301,0,4,0,0,0,LEADER,1,0,0,3,0,0,0,0,0,0,0,0,0,0,0
7687,98,bully,2165,1,0,0,3,0,42,0,1,98,5522,2165,0,4,0,0,0,LEADER,1,0,0,3,0,0,0,0,0,0,0,0,0,0,0
7871,73,bully,2349,1,0,0,3,0,42,0,1,73,5522,2349,0,4,0,0,0,LEADER,1,0,0,3,0,0,0,0,0,0,0,0,0,0,0
8194,33,bully,1752,1,0,0,3,0,42,0,1,33,6442,1752,0,4,0,0,0,LEADER,1,0,0,3,0,0,0,0,0,0,0,0,0,0,0
7417,61,bully,1895,1,0,0,3,0,42,0,1,61,5522,1895,0,4,0,0,0,LEADER,1,0,0,3,0,0,0,0,0,0,0,0,0,0,0
8164,97,bully,1722,1,0,0,3,0,42,0,1,97,6442,1722,0,4,0,0,0,LEADER,1,0,0,3,0,0,0,0,0,0,0,0,0,0,0
8352,29,bully,1910,1,0,0,3,0,42,0,1,29,6442,1910,0,4,0,0,0,LEADER,1,0,0,3,0,0,0,0,0,0,0,0,0,0,0
8364,40,bully,1922,1,0,0,3,0,42,0,1,40,6442,1922,0,4,0,0,0,LEADER,1,0,0,3,0,0,0,0,0,0,0,0,0,0,0
7853,31,bully,2331,1,0,0,3,0,42,0,1,31,5522,2331,0,4,0,0,0,LEADER,1,0,0,3,0,0,0,0,0,0,0,0,0,0,0
8186,96,bully,1744,1,0,0,3,0,42,0,1,96,6442,1744,0,4,0,0,0,LEADER,1,0,0,3,0,0,0,0,0,0,0,0,0,0,0
8267,84,bully,1825,1,0,0,3,0,42,0,1,84,6442,1825,0,4,0,0,0,LEADER,1,0,0,3,0,0,0,0,0,0,0,0,0,0,0
7961,80,bully,1519,1,0,0,3,0,42,0,1,80,6442,1519,0,4,0,0,0,LEADER,1,0,0,3,0,0,0,0,0,0,0,0,0,0,0
7805,53,bully,2283,1,0,0,3,0,42,0,1,53,5522,2283,0,4,0,0,0,LEADER,1,0,0,3,0,0,0,0,0,0,0,0,0,0,0
7880,92,bully,1438,1,0,0,3,0,42,0,1,92,6442,1438,0,4,0,0,0,LEADER,1,0,0,3,0,0,0,0,0,0,0,0,0,0,0
8316,62,bully,1874,1,0,0,3,0,42,0,1,62,6442,1874,0,4,0,0,0,LEADER,1,0,0,3,0,0,0,0,0,0,0,0,0,0,0
8061,91,bully,1619,1,0,0,3,0,42,0,1,91,6442,1619,0,4,0,0,0,LEADER,1,0,0,3,0,0,0,0,0,0,0,0,0,0,0
8013,15,bully,1571,1,0,0,3,0,42,0,1,15,6442,1571,0,4,0,0,0,LEADER,1,0,0,3,0,0,0,0,0,0,0,0,0,0,0
7683,26,bully,2161,1,0,0,3,0,42,0,1,26,5522,2161,0,4,0,0,0,LEADER,1,0,0,3,0,0,0,0,0,0,0,0,0,0,0
8419,49,bully,1977,1,0,0,3,0,42,0,1,49,6442,1977,0,4,0,0,0,LEADER,1,0,0,3,0,0,0,0,0,0,0,0,0,0,0
8234,58,bully,1792,1,0,0,3,0,42,0,1,58,6442,1792,0,4,0,0,0,LEADER,1,0,0,3,0,0,0,0,0,0,0,0,0,0,0
7768,86,bully,2246,1,0,0,3,0,42,0,1,86,5522,2246,0,4,0,0,0,LEADER,1,0,0,3,0,0,0,0,0,0,0,0,0,0,0
7941,50,bully,2419,1,0,0,3,0,42,0,1,50,5522,2419,0,4,0,0,0,LEADER,1,0,0,3,0,0,0,0,0,0,0,0,0,0,0
7790,85,bully,2268,1,0,0,3,0,42,0,1,85,5522,2268,0,4,0,0,0,LEADER,1,0,0,3,0,0,0,0,0,0,0,0,0,0,0
7733,87,bully,2212,1,0,0,3,0,42,0,1,87,5521,2212,0,4,0,0,0,LEADER,1,0,0,3,0,0,0,0,0,0,0,0,0,0,0
7938,64,bully,2416,1,0,0,3,0,42,0,1,64,5522,2416,0,4,0,0,0,LEADER,1,0,0,3,0,0,0,0,0,0,0,0,0,0,0
7876,18,bully,1434,1,0,0,3,0,42,0,1,18,6442,1434,0,4,0,0,0,LEADER,1,0,0,3,0,0,0,0,0,0,0,0,0,0,0
7786,11,bully,2264,1,0,0,3,0,42,0,1,11,5522,2264,0,4,0,0,0,LEADER,1,0,0,3,0,0,0,0,0,0,0,0,0,0,0
7995,90,bully,1553,1,0,0,3,0,42,0,1,90,6442,1553,0,4,0,0,0,LEADER,1,0,0,3,0,0,0,0,0,0,0,0,0,0,0
7889,35,bully,1447,1,0,0,3,0,42,0,1,35,6442,1447,0,4,0,0,0,LEADER,1,0,0,3,0,0,0,0,0,0,0,0,0,0,0
7771,43,bully,2249,1,0,0,3,0,42,0,1,43,5522,2249,0,4,0,0,0,LEADER,1,0,0,3,0,0,0,0,0,0,0,0,0,0,0
7909,28,bully,1467,1,0,0,3,0,42,0,1,28,6442,1467,0,4,0,0,0,LEADER,1,0,0,3,0,0,0,0,0,0,0,0,0,0,0
8583,23,bully,2141,1,0,0,3,0,42,0,1,23,6442,2141,0,4,0,0,0,LEADER,1,0,0,3,0,0,0,0,0,0,0,0,0,0,0
7749,44,bully,2228,1,0,0,3,0,42,0,1,44,5521,2228,0,4,0,0,0,LEADER,1,0,0,3,0,0,0,0,0,0,0,0,0,0,0
7903,30,bully,1461,1,0,0,3,0,42,0,1,30,6442,1461,0,4,0,0,0,LEADER,1,0,0,3,0,0,0,0,0,0,0,0,0,0,0
8301,94,bully,1859,1,0,0,3,0,42,0,1,94,6442,1859,0,4,0,0,0,LEADER,1,0,0,3,0,0,0,0,0,0,0,0,0,0,0
7943,38,bully,1501,1,0,0,3,0,42,0,1,38,6442,1501,0,4,0,0,0,LEADER,1,0,0,3,0,0,0,0,0,0,0,0,0,0,0
8622,66,bully,2180,1,0,0,3,0,42,0,1,66,6442,2180,0,4,0,0,0,LEADER,1,0,0,3,0,0,0,0,0,0,0,0,0,0,0
7928,70,bully,1486,1,0,0,3,0,42,0,1,70,6442,1486,0,4,0,0,0,LEADER,1,0,0,3,0,0,0,0,0,0,0,0,0,0,0
8573,88,bully,2131,1,0,0,3,0,42,0,1,88,6442,2131,0,4,0,0,0,LEADER,1,0,0,3,0,0,0,0,0,0,0,0,0,0,0
7757,75,bully,2235,1,0,0,3,0,42,0,1,75,5522,2235,0,4,0,0,0,LEADER,1,0,0,3,0,0,0,0,0,0,0,0,0,0,0
7765,12,bully,2243,1,0,0,3,0,42,0,1,12,5522,2243,0,4,0,0,0,LEADER,1,0,0,3,0,0,0,0,0,0,0,0,0,0,0
8467,27,bully,2025,1,0,0,3,0,42,0,1,27,6442,2025,0,4,0,0,0,LEADER,1,0,0,3,0,0,0,0,0,0,0,0,0,0,0
8284,6,bully,1516,1,0,0,5,12,70,168,1,6,6768,1516,0,2,0,0,0,LEADER,1,0,0,5,0,0,0,12,0,0,0,0,0,0,0
7956,42,bully,1514,1,0,0,3,0,42,0,1,42,6442,1514,0,4,0,0,0,LEADER,1,0,0,3,0,0,0,0,0,0,0,0,0,0,0
8603,24,bully,2161,1,0,0,3,0,42,0,1,24,6442,2161,0,4,0,0,0,LEADER,1,0,0,3,0,0,0,0,0,0,0,0,0,0,0
8555,46,bully,2113,1,0,0,3,0,42,0,1,46,6442,2113,0,4,0,0,0,LEADER,1,0,0,3,0,0,0,0,0,0,0,0,0,0,0
8079,34,bully,1637,1,0,0,3,0,42,0,1,34,6442,1637,0,4,0,0,0,LEADER,1,0,0,3,0,0,0,0,0,0,0,0,0,0,0
8452,59,bully,2010,1,0,0,3,0,42,0,1,59,6442,2010,0,4,0,0,0,LEADER,1,0,0,3,0,0,0,0,0,0,0,0,0,0,0
8734,32,bully,2292,1,0,0,3,0,42,0,1,32,6442,2292,0,4,0,0,0,LEADER,1,0,0,3,0,0,0,0,0,0,0,0,0,0,0
8349,72,bully,1907,1,0,0,3,0,42,0,1,72,6442,1907,0,4,0,0,0,LEADER,1,0,0,3,0,0,0,0,0,0,0,0,0,0,0
8758,63,bully,2316,1,0,0,3,0,42,0,1,63,6442,2316,0,4,0,0,0,LEADER,1,0,0,3,0,0,0,0,0,0,0,0,0,0,0
8234,74,bully,1792,1,0,0,3,0,42,0,1,74,6442,1792,0,4,0,0,0,LEADER,1,0,0,3,0,0,0,0,0,0,0,0,0,0,0
7976,48,bully,1534,1,0,0,3,0,42,0,1,48,6442,1534,0,4,0,0,0,LEADER,1,0,0,3,0,0,0,0,0,0,0,0,0,0,0
8437,57,bully,1995,1,0,0,3,0,42,0,1,57,6442,1995,0,4,0,0,0,LEADER,1,0,0,3,0,0,0,0,0,0,0,0,0,0,0
8507,68,bully,2065,1,0,0,3,0,42,0,1,68,6442,2065,0,4,0,0,0,LEADER,1,0,0,3,0,0,0,0,0,0,0,0,0,0,0
7908,45,bully,1466,1,0,0,3,0,42,0,1,45,6442,1466,0,4,0,0,0,LEADER,1,0,0,3,0,0,0,0,0,0,0,0,0,0,0
8265,93,bully,1823,1,0,0,3,0,42,0,1,93,6442,1823,0,4,0,0,0,LEADER,1,0,0,3,0,0,0,0,0,0,0,0,0,0,0
8846,82,bully,2404,1,0,0,3,0,42,0,1,82,6442,2404,0,4,0,0,0,LEADER,1,0,0,3,0,0,0,0,0,0,0,0,0,0,0
8840,51,bully,2398,1,0,0,3,0,42,0,1,51,6442,2398,0,4,0,0,0,LEADER,1,0,0,3,0,0,0,0,0,0,0,0,0,0,0
8385,39,bully,1943,1,0,0,3,0,42,0,1,39,6442,1943,0,4,0,0,0,LEADER,1,0,0,3,0,0,0,0,0,0,0,0,0,0,0
8131,78,bully,1689,1,0,0,3,0,42,0,1,78,6442,1689,0,4,0,0,0,LEADER,1,0,0,3,0,0,0,0,0,0,0,0,0,0,0
8519,79,bully,2077,1,0,0,3,0,42,0,1,79,6442,2077,0,4,0,0,0,LEADER,1,0,0,3,0,0,0,0,0,0,0,0,0,0,0
8094,14,bully,1652,1,0,0,3,0,42,0,1,14,6442,1652,0,4,0,0,0,LEADER,1,0,0,3,0,0,0,0,0,0,0,0,0,0,0
8522,36,bully,2080,1,0,0,3,0,42,0,1,36,6442,2080,0,4,0,0,0,LEADER,1,0,0,3,0,0,0,0,0,0,0,0,0,0,0
8404,81,bully,1962,1,0,0,3,0,42,0,1,81,6442,1962,0,4,0,0,0,LEADER,1,0,0,3,0,0,0,0,0,0,0,0,0,0,0
8064,67,bully,1622,1,0,0,3,0,42,0,1,67,6442,1622,0,4,0,0,0,LEADER,1,0,0,3,0,0,0,0,0,0,0,0,0,0,0
8825,83,bully,2383,1,0,0,3,0,42,0,1,83,6442,2383,0,4,0,0,0,LEADER,1,0,0,3,0,0,0,0,0,0,0,0,0,0,0
8969,99,bully,1607,1,0,0,3,0,42,0,1,99,7362,1607,0,4,0,0,0,LEADER,1,0,0,3,0,0,0,0,0,0,0,0,0,0,0
8146,55,bully,1704,1,0,0,3,0,42,0,1,55,6442,1704,0,4,0,0,0,LEADER,1,0,0,3,0,0,0,0,0,0,0,0,0,0,0
8936,89,bully,1574,1,0,0,3,0,42,0,1,89,7362,1574,0,4,0,0,0,LEADER,1,0,0,3,0,0,0,0,0,0,0,0,0,0,0
8098,77,bully,1656,1,0,0,3,0,42,0,1,77,6442,1656,0,4,0,0,0,LEADER,1,0,0,3,0,0,0,0,0,0,0,0,0,0,0
8370,71,bully,1928,1,0,0,3,0,42,0,1,71,6442,1928,0,4,0,0,0,LEADER,1,0,0,3,0,0,0,0,0,0,0,0,0,0,0
8282,52,bully,1840,1,0,0,3,0,42,0,1,52,6442,1840,0,4,0,0,0,LEADER,1,0,0,3,0,0,0,0,0,0,0,0,0,0,0
8655,76,bully,2213,1,0,0,3,0,42,0,1,76,6442,2213,0,4,0,0,0,LEADER,1,0,0,3,0,0,0,0,0,0,0,0,0,0,0
8249,10,bully,1807,1,0,0,3,0,42,0,1,10,6442,1807,0,4,0,0,0,LEADER,1,0,0,3,0,0,0,0,0,0,0,0,0,0,0
8182,22,bully,1740,1,0,0,3,0,42,0,1,22,6442,1740,0,4,0,0,0,LEADER,1,0,0,3,0,0,0,0,0,0,0,0,0,0,0
8331,21,bully,1889,1,0,0,3,0,42,0,1,21,6442,1889,0,4,0,0,0,LEADER,1,0,0,3,0,0,0,0,0,0,0,0,0,0,0
8588,56,bully,2146,1,0,0,3,0,42,0,1,56,6442,2146,0,4,0,0,0,LEADER,1,0,0,3,0,0,0,0,0,0,0,0,0,0,0
8113,60,bully,1671,1,0,0,3,0,42,0,1,60,6442,1671,0,4,0,0,0,LEADER,1,0,0,3,0,0,0,0,0,0,0,0,0,0,0
8966,25,bully,1604,1,0,0,3,0,42,0,1,25,7362,1604,0,4,0,0,0,LEADER,1,0,0,3,0,0,0,0,0,0,0,0,0,0,0
8179,65,bully,1737,1,0,0,3,0,42,0,1,65,6442,1737,0,4,0,0,0,LEADER,1,0,0,3,0,0,0,0,0,0,0,0,0,0,0
8855,19,bully,2413,1,0,0,3,0,42,0,1,19,6442,2413,0,4,0,0,0,LEADER,1,0,0,3,0,0,0,0,0,0,0,0,0,0,0
8485,69,bully,2043,1,0,0,3,0,42,0,1,69,6442,2043,0,4,0,0,0,LEADER,1,0,0,3,0,0,0,0,0,0,0,0,0,0,0
9087,54,bully,1725,1,0,0,3,0,42,0,1,54,7362,1725,0,4,0,0,0,LEADER,1,0,0,3,0,0,0,0,0,0,0,0,0,0,0
8396,5,bully,2001,1,0,0,6,10,84,140,2,4,6395,2001,0,3,0,0,0,NORMAL,0,0,0,6,0,0,0,10,0,0,0,0,0,0,0
8434,17,bully,1992,1,0,0,3,0,42,0,1,17,6442,1992,0,4,0,0,0,LEADER,1,0,0,3,0,0,0,0,0,0,0,0,0,0,0
8948,100,bully,1586,1,0,0,3,0,42,0,1,100,7362,1586,0,4,0,0,0,LEADER,1,0,0,3,0,0,0,0,0,0,0,0,0,0,0
8911,16,bully,1549,1,0,0,3,0,42,0,1,16,7362,1549,0,4,0,0,0,LEADER,1,0,0,3,0,0,0,0,0,0,0,0,0,0,0
8500,37,bully,2058,1,0,0,3,0,42,0,1,37,6442,2058,0,4,0,0,0,LEADER,1,0,0,3,0,0,0,0,0,0,0,0,0,0,0
9136,13,bully,1774,1,0,0,3,0,42,0,1,13,7362,1774,0,4,0,0,0,LEADER,1,0,0,3,0,0,0,0,0,0,0,0,0,0,0
8297,20,bully,1855,1,0,0,3,0,42,0,1,20,6442,1855,0,4,0,0,0,LEADER,1,0,0,3,0,0,0,0,0,0,0,0,0,0,0
8929,41,bully,1567,1,0,0,3,0,42,0,1,41,7362,1567,0,4,0,0,0,LEADER,1,0,0,3,0,0,0,0,0,0,0,0,0,0,0
8779,1,bully,2293,1,0,0,5,5,70,70,1,1,6486,2293,0,4,0,0,0,LEADER,1,0,0,5,0,0,0,5,0,0,0,0,0,0,0
8918,47,bully,1556,1,0,0,3,0,42,0,1,47,7362,1556,0,4,0,0,0,LEADER,1,0,0,3,0,0,0,0,0,0,0,0,0,0,0
8743,95,bully,2301,1,0,0,3,0,42,0,1,95,6442,2301,0,4,0,0,0,LEADER,1,0,0,3,0,0,0,0,0,0,0,0,0,0,0
8607,98,bully,2165,1,0,0,3,0,42,0,1,98,6442,2165,0,4,0,0,0,LEADER,1,0,0,3,0,0,0,0,0,0,0,0,0,0,0
8791,73,bully,2349,1,0,0,3,0,42,0,1,73,6442,2349,0,4,0,0,0,LEADER,1,0,0,3,0,0,0,0,0,0,0,0,0,0,0
9114,33,bully,1752,1,0,0,3,0,42,0,1,33,7362,1752,0,4,0,0,0,LEADER,1,0,0,3,0,0,0,0,0,0,0,0,0,0,0
8337,61,bully,1895,1,0,0,3,0,42,0,1,61,6442,1895,0,4,0,0,0,LEADER,1,0,0,3,0,0,0,0,0,0,0,0,0,0,0
9084,97,bully,1722,1,0,0,3,0,42,0,1,97,7362,1722,0,4,0,0,0,LEADER,1,0,0,3,0,0,0,0,0,0,0,0,0,0,0
9272,29,bully,1910,1,0,0,3,0,42,0,1,29,7362,1910,0,4,0,0,0,LEADER,1,0,0,3,0,0,0,0,0,0,0,0,0,0,0
9284,40,bully,1922,1,0,0,3,0,42,0,1,40,7362,1922,0,4,0,0,0,LEADER,1,0,0,3,0,0,0,0,0,0,0,0,0,0,0
8773,31,bully,2331,1,0,0,3,0,42,0,1,31,6442,2331,0,4,0,0,0,LEADER,1,0,0,3,0,0,0,0,0,0,0,0,0,0,0
9106,96,bully,1744,1,0,0,3,0,42,0,1,96,7362,1744,0,4,0,0,0,LEADER,1,0,0,3,0,0,0,0,0,0,0,0,0,0,0
9187,84,bully,1825,1,0,0,3,0,42,0,1,84,7362,1825,0,4,0,0,0,LEADER,1,0,0,3,0,0,0,0,0,0,0,0,0,0,0
8881,80,bully,1519,1,0,0,3,0,42,0,1,80,7362,1519,0,4,0,0,0,LEADER,1,0,0,3,0,0,0,0,0,0,0,0,0,0,0
8725,53,bully,2283,1,0,0,3,0,42,0,1,53,6442,2283,0,4,0,0,0,LEADER,1,0,0,3,0,0,0,0,0,0,0,0,0,0,0
8800,92,bully,1438,1,0,0,3,0,42,0,1,92,7362,1438,0,4,0,0,0,LEADER,1,0,0,3,0,0,0,0,0,0,0,0,0,0,0
9236,62,bully,1874,1,0,0,3,0,42,0,1,62,7362,1874,0,4,0,0,0,LEADER,1,0,0,3,0,0,0,0,0,0,0,0,0,0,0
8981,91,bully,1619,1,0,0,3,0,42,0,1,91,7362,1619,0,4,0,0,0,LEADER,1,0,0,3,0,0,0,0,0,0,0,0,0,0,0
8933,15,bully,1571,1,0,0,3,0,42,0,1,15,7362,1571,0,4,0,0,0,LEADER,1,0,0,3,0,0,0,0,0,0,0,0,0,0,0
9137,2,bully,2214,1,0,0,5,11,70,154,1,1,6923,2214,0,3,0,0,0,NORMAL,0,0,0,5,0,0,0,11,0,0,0,0,0,0,0
8603,26,bully,2161,1,0,0,3,0,42,0,1,26,6442,2161,0,4,0,0,0,LEADER,1,0,0,3,0,0,0,0,0,0,0,0,0,0,0
8885,8,bully,2467,1,0,0,5,11,70,154,2,8,6418,2467,0,3,0,0,0,LEADER,1,0,0,5,0,0,0,11,0,0,0,0,0,0,0
9339,49,bully,1977,1,0,0,3,0,42,0,1,49,7362,1977,0,4,0,0,0,LEADER,1,0,0,3,0,0,0,0,0,0,0,0,0,0,0
9154,58,bully,1792,1,0,0,3,0,42,0,1,58,7362,1792,0,4,0,0,0,LEADER,1,0,0,3,0,0,0,0,0,0,0,0,0,0,0
8688,86,bully,2246,1,0,0,3,0,42,0,1,86,6442,2246,0,4,0,0,0,LEADER,1,0,0,3,0,0,0,0,0,0,0,0,0,0,0
8861,50,bully,2419,1,0,0,3,0,42,0,1,50,6442,2419,0,4,0,0,0,LEADER,1,0,0,3,0,0,0,0,0,0,0,0,0,0,0
8710,85,bully,2268,1,0,0,3,0,42,0,1,85,6442,2268,0,4,0,0,0,LEADER,1,0,0,3,0,0,0,0,0,0,0,0,0,0,0
8653,87,bully,2212,1,0,0,3,0,42,0,1,87,6441,2212,0,4,0,0,0,LEADER,1,0,0,3,0,0,0,0,0,0,0,0,0,0,0
8600,3,bully,1903,1,0,0,6,10,84,140,2,4,6697,1903,0,3,0,0,0,NORMAL,0,0,0,6,0,0,0,10,0,0,0,0,0,0,0
8858,64,bully,2416,1,0,0,3,0,42,0,1,64,6442,2416,0,4,0,0,0,LEADER,1,0,0,3,0,0,0,0,0,0,0,0,0,0,0
8796,18,bully,1434,1,0,0,3,0,42,0,1,18,7362,1434,0,4,0,0,0,LEADER,1,0,0,3,0,0,0,0,0,0,0,0,0,0,0
8706,11,bully,2264,1,0,0,3,0,42,0,1,11,6442,2264,0,4,0,0,0,LEADER,1,0,0,3,0,0,0,0,0,0,0,0,0,0,0
8915,90,bully,1553,1,0,0,3,0,42,0,1,90,7362,1553,0,4,0,0,0,LEADER,1,0,0,3,0,0,0,0,0,0,0,0,0,0,0
8809,35,bully,1447,1,0,0,3,0,42,0,1,35,7362,1447,0,4,0,0,0,LEADER,1,0,0,3,0,0,0,0,0,0,0,0,0,0,0
8691,43,bully,2249,1,0,0,3,0,42,0,1,43,6442,2249,0,4,0,0,0,LEADER,1,0,0,3,0,0,0,0,0,0,0,0,0,0,0
8829,28,bully,1467,1,0,0,3,0,42,0,1,28,7362,1467,0,4,0,0,0,LEADER,1,0,0,3,0,0,0,0,0,0,0,0,0,0,0
9503,23,bully,2141,1,0,0,3,0,42,0,1,23,7362,2141,0,4,0,0,0,LEADER,1,0,0,3,0,0,0,0,0,0,0,0,0,0,0
8669,44,bully,2228,1,0,0,3,0,42,0,1,44,6441,2228,0,4,0,0,0,LEADER,1,0,0,3,0,0,0,0,0,0,0,0,0,0,0
8823,30,bully,1461,1,0,0,3,0,42,0,1,30,7362,1461,0,4,0,0,0,LEADER,1,0,0,3,0,0,0,0,0,0,0,0,0,0,0
9221,94,bully,1859,1,0,0,3,0,42,0,1,94,7362,1859,0,4,0,0,0,LEADER,1,0,0,3,0,0,0,0,0,0,0,0,0,0,0
8846,4,bully,2115,1,0,0,5,12,70,168,2,4,6731,2115,0,3,0,0,0,LEADER,1,0,0,5,0,0,0,12,0,0,0,0,0,0,0
8863,38,bully,1501,1,0,0,3,0,42,0,1,38,7362,1501,0,4,0,0,0,LEADER,1,0,0,3,0,0,0,0,0,0,0,0,0,0,0
9542,66,bully,2180,1,0,0,3,0,42,0,1,66,7362,2180,0,4,0,0,0,LEADER,1,0,0,3,0,0,0,0,0,0,0,0,0,0,0
8848,70,bully,1486,1,0,0,3,0,42,0,1,70,7362,1486,0,4,0,0,0,LEADER,1,0,0,3,0,0,0,0,0,0,0,0,0,0,0
9493,88,bully,2131,1,0,0,3,0,42,0,1,88,7362,2131,0,4,0,0,0,LEADER,1,0,0,3,0,0,0,0,0,0,0,0,0,0,0
8677,75,bully,2235,1,0,0,3,0,42,0,1,75,6442,2235,0,4,0,0,0,LEADER,1,0,0,3,0,0,0,0,0,0,0,0,0,0,0
8685,12,bully,2243,1,0,0,3,0,42,0,1,12,6442,2243,0,4,0,0,0,LEADER,1,0,0,3,0,0,0,0,0,0,0,0,0,0,0
9387,27,bully,2025,1,0,0,3,0,42,0,1,27,7362,2025,0,4,0,0,0,LEADER,1,0,0,3,0,0,0,0,0,0,0,0,0,0,0
8876,42,bully,1514,1,0,0,3,0,42,0,1,42,7362,1514,0,4,0,0,0,LEADER,1,0,0,3,0,0,0,0,0,0,0,0,0,0,0
9523,24,bully,2161,1,0,0,3,0,42,0,1,24,7362,2161,0,4,0,0,0,LEADER,1,0,0,3,0,0,0,0,0,0,0,0,0,0,0
9475,46,bully,2113,1,0,0,3,0,42,0,1,46,7362,2113,0,4,0,0,0,LEADER,1,0,0,3,0,0,0,0,0,0,0,0,0,0,0
8999,34,bully,1637,1,0,0,3,0,42,0,1,34,7362,1637,0,4,0,0,0,LEADER,1,0,0,3,0,0,0,0,0,0,0,0,0,0,0
9372,59,bully,2010,1,0,0,3,0,42,0,1,59,7362,2010,0,4,0,0,0,LEADER,1,0,0,3,0,0,0,0,0,0,0,0,0,0,0
9654,32,bully,2292,1,0,0,3,0,42,0,1,32,7362,2292,0,4,0,0,0,LEADER,1,0,0,3,0,0,0,0,0,0,0,0,0,0,0
9269,72,bully,1907,1,0,0,3,0,42,0,1,72,7362,1907,0,4,0,0,0,LEADER,1,0,0,3,0,0,0,0,0,0,0,0,0,0,0
9678,63,bully,2316,1,0,0,3,0,42,0,1,63,7362,2316,0,4,0,0,0,LEADER,1,0,0,3,0,0,0,0,0,0,0,0,0,0,0
9154,74,bully,1792,1,0,0,3,0,42,0,1,74,7362,1792,0,4,0,0,0,LEADER,1,0,0,3,0,0,0,0,0,0,0,0,0,0,0
8896,48,bully,1534,1,0,0,3,0,42,0,1,48,7362,1534,0,4,0,0,0,LEADER,1,0,0,3,0,0,0,0,0,0,0,0,0,0,0
9357,57,bully,1995,1,0,0,3,0,42,0,1,57,7362,1995,0,4,0,0,0,LEADER,1,0,0,3,0,0,0,0,0,0,0,0,0,0,0
9427,68,bully,2065,1,0,0,3,0,42,0,1,68,7362,2065,0,4,0,0,0,LEADER,1,0,0,3,0,0,0,0,0,0,0,0,0,0,0
8828,45,bully,1466,1,0,0,3,0,42,0,1,45,7362,1466,0,4,0,0,0,LEADER,1,0,0,3,0,0,0,0,0,0,0,0,0,0,0
9185,93,bully,1823,1,0,0,3,0,42,0,1,93,7362,1823,0,4,0,0,0,LEADER,1,0,0,3,0,0,0,0,0,0,0,0,0,0,0
9766,82,bully,2404,1,0,0,3,0,42,0,1,82,7362,2404,0,4,0,0,0,LEADER,1,0,0,3,0,0,0,0,0,0,0,0,0,0,0
9760,51,bully,2398,1,0,0,3,0,42,0,1,51,7362,2398,0,4,0,0,0,LEADER,1,0,0,3,0,0,0,0,0,0,0,0,0,0,0
9305,39,bully,1943,1,0,0,3,0,42,0,1,39,7362,1943,0,4,0,0,0,LEADER,1,0,0,3,0,0,0,0,0,0,0,0,0,0,0
9051,78,bully,1689,1,0,0,3,0,42,0,1,78,7362,1689,0,4,0,0,0,LEADER,1,0,0,3,0,0,0,0,0,0,0,0,0,0,0
9439,79,bully,2077,1,0,0,3,0,42,0,1,79,7362,2077,0,4,0,0,0,LEADER,1,0,0,3,0,0,0,0,0,0,0,0,0,0,0
9014,14,bully,1652,1,0,0,3,0,42,0,1,14,7362,1652,0,4,0,0,0,LEADER,1,0,0,3,0,0,0,0,0,0,0,0,0,0,0
9442,36,bully,2080,1,0,0,3,0,42,0,1,36,7362,2080,0,4,0,0,0,LEADER,1,0,0,3,0,0,0,0,0,0,0,0,0,0,0
9324,81,bully,1962,1,0,0,3,0,42,0,1,81,7362,1962,0,4,0,0,0,LEADER,1,0,0,3,0,0,0,0,0,0,0,0,0,0,0
8984,67,bully,1622,1,0,0,3,0,42,0,1,67,7362,1622,0,4,0,0,0,LEADER,1,0,0,3,0,0,0,0,0,0,0,0,0,0,0
9745,83,bully,2383,1,0,0,3,0,42,0,1,83,7362,2383,0,4,0,0,0,LEADER,1,0,0,3,0,0,0,0,0,0,0,0,0,0,0
9890,99,bully,1607,1,0,0,4,0,56,0,1,99,8283,1607,0,5,0,0,0,LEADER,1,0,0,4,0,0,0,0,0,0,0,0,0,0,0
9066,55,bully,1704,1,0,0,3,0,42,0,1,55,7362,1704,0,4,0,0,0,LEADER,1,0,0,3,0,0,0,0,0,0,0,0,0,0,0
9857,89,bully,1574,1,0,0,4,0,56,0,1,89,8283,1574,0,5,0,0,0,LEADER,1,0,0,4,0,0,0,0,0,0,0,0,0,0,0
9018,77,bully,1656,1,0,0,3,0,42,0,1,77,7362,1656,0,4,0,0,0,LEADER,1,0,0,3,0,0,0,0,0,0,0,0,0,0,0
9290,71,bully,1928,1,0,0,3,0,42,0,1,71,7362,1928,0,4,0,0,0,LEADER,1,0,0,3,0,0,0,0,0,0,0,0,0,0,0
9202,52,bully,1840,1,0,0,3,0,42,0,1,52,7362,1840,0,4,0,0,0,LEADER,1,0,0,3,0,0,0,0,0,0,0,0,0,0,0
9575,76,bully,2213,1,0,0,3,0,42,0,1,76,7362,2213,0,4,0,0,0,LEADER,1,0,0,3,0,0,0,0,0,0,0,0,0,0,0
9169,10,bully,1807,1,0,0,3,0,42,0,1,10,7362,1807,0,4,0,0,0,LEADER,1,0,0,3,0,0,0,0,0,0,0,0,0,0,0
9102,22,bully,1740,1,0,0,3,0,42,0,1,22,7362,1740,0,4,0,0,0,LEADER,1,0,0,3,0,0,0,0,0,0,0,0,0,0,0
9251,21,bully,1889,1,0,0,3,0,42,0,1,21,7362,1889,0,4,0,0,0,LEADER,1,0,0,3,0,0,0,0,0,0,0,0,0,0,0
9508,56,bully,2146,1,0,0,3,0,42,0,1,56,7362,2146,0,4,0,0,0,LEADER,1,0,0,3,0,0,0,0,0,0,0,0,0,0,0
9033,60,bully,1671,1,0,0,3,0,42,0,1,60,7362,1671,0,4,0,0,0,LEADER,1,0,0,3,0,0,0,0,0,0,0,0,0,0,0
9887,25,bully,1604,1,0,0,4,0,56,0,1,25,8283,1604,0,5,0,0,0,LEADER,1,0,0,4,0,0,0,0,0,0,0,0,0,0,0
9099,65,bully,1737,1,0,0,3,0,42,0,1,65,7362,1737,0,4,0,0,0,LEADER,1,0,0,3,0,0,0,0,0,0,0,0,0,0,0
9775,19,bully,2413,1,0,0,3,0,42,0,1,19,7362,2413,0,4,0,0,0,LEADER,1,0,0,3,0,0,0,0,0,0,0,0,0,0,0
9405,69,bully,2043,1,0,0,3,0,42,0,1,69,7362,2043,0,4,0,0,0,LEADER,1,0,0,3,0,0,0,0,0,0,0,0,0,0,0
10008,54,bully,1725,1,0,0,4,0,56,0,1,54,8283,1725,0,5,0,0,0,LEADER,1,0,0,4,0,0,0,0,0,0,0,0,0,0,0
9354,17,bully,1992,1,0,0,3,0,42,0,1,17,7362,1992,0,4,0,0,0,LEADER,1,0,0,3,0,0,0,0,0,0,0,0,0,0,0
9869,100,bully,1586,1,0,0,4,0,56,0,1,100,8283,1586,0,5,0,0,0,LEADER,1,0,0,4,0,0,0,0,0,0,0,0,0,0,0
9832,16,bully,1549,1,0,0,4,0,56,0,1,16,8283,1549,0,5,0,0,0,LEADER,1,0,0,4,0,0,0,0,0,0,0,0,0,0,0
9420,37,bully,2058,1,0,0,3,0,42,0,1,37,7362,2058,0,4,0,0,0,LEADER,1,0,0,3,0,0,0,0,0,0,0,0,0,0,0
10057,13,bully,1774,1,0,0,4,0,56,0,1,13,8283,1774,0,5,0,0,0,LEADER,1,0,0,4,0,0,0,0,0,0,0,0,0,0,0
9217,20,bully,1855,1,0,0,3,0,42,0,1,20,7362,1855,0,4,0,0,0,LEADER,1,0,0,3,0,0,0,0,0,0,0,0,0,0,0
9850,41,bully,1567,1,0,0,4,0,56,0,1,41,8283,1567,0,5,0,0,0,LEADER,1,0,0,4,0,0,0,0,0,0,0,0,0,0,0
9839,47,bully,1556,1,0,0,4,0,56,0,1,47,8283,1556,0,5,0,0,0,LEADER,1,0,0,4,0,0,0,0,0,0,0,0,0,0,0
9663,95,bully,2301,1,0,0,3,0,42,0,1,95,7362,2301,0,4,0,0,0,LEADER,1,0,0,3,0,0,0,0,0,0,0,0,0,0,0
9526,7,bully,2253,1,0,0,7,11,98,154,2,4,7273,2253,0,3,0,0,0,NORMAL,0,0,0,7,0,0,0,11,0,0,0,0,0,0,0
9527,98,bully,2165,1,0,0,3,0,42,0,1,98,7362,2165,0,4,0,0,0,LEADER,1,0,0,3,0,0,0,0,0,0,0,0,0,0,0
9711,73,bully,2349,1,0,0,3,0,42,0,1,73,7362,2349,0,4,0,0,0,LEADER,1,0,0,3,0,0,0,0,0,0,0,0,0,0,0
9257,61,bully,1895,1,0,0,3,0,42,0,1,61,7362,1895,0,4,0,0,0,LEADER,1,0,0,3,0,0,0,0,0,0,0,0,0,0,0
10005,97,bully,1722,1,0,0,4,0,56,0,1,97,8283,1722,0,5,0,0,0,LEADER,1,0,0,4,0,0,0,0,0,0,0,0,0,0,0
10035,33,bully,1752,1,0,0,4,0,56,0,1,33,8283,1752,0,5,0,0,0,LEADER,1,0,0,4,0,0,0,0,0,0,0,0,0,0,0
9693,31,bully,2331,1,0,0,3,0,42,0,1,31,7362,2331,0,4,0,0,0,LEADER,1,0,0,3,0,0,0,0,0,0,0,0,0,0,0
10193,29,bully,1910,1,0,0,4,0,56,0,1,29,8283,1910,0,5,0,0,0,LEADER,1,0,0,4,0,0,0,0,0,0,0,0,0,0,0
10205,40,bully,1922,1,0,0,4,0,56,0,1,40,8283,1922,0,5,0,0,0,LEADER,1,0,0,4,0,0,0,0,0,0,0,0,0,0,0
10027,96,bully,1744,1,0,0,4,0,56,0,1,96,8283,1744,0,5,0,0,0,LEADER,1,0,0,4,0,0,0,0,0,0,0,0,0,0,0
10108,84,bully,1825,1,0,0,4,0,56,0,1,84,8283,1825,0,5,0,0,0,LEADER,1,0,0,4,0,0,0,0,0,0,0,0,0,0,0
9802,80,bully,1519,1,0,0,4,0,56,0,1,80,8283,1519,0,5,0,0,0,LEADER,1,0,0,4,0,0,0,0,0,0,0,0,0,0,0
9843,1,bully,2293,1,0,0,5,5,70,70,1,1,7550,2293,0,4,0,0,0,LEADER,1,0,0,5,0,0,0,5,0,0,0,0,0,0,0
9645,53,bully,2283,1,0,0,3,0,42,0,1,53,7362,2283,0,4,0,0,0,LEADER,1,0,0,3,0,0,0,0,0,0,0,0,0,0,0
9721,92,bully,1438,1,0,0,4,0,56,0,1,92,8283,1438,0,5,0,0,0,LEADER,1,0,0,4,0,0,0,0,0,0,0,0,0,0,0
10157,62,bully,1874,1,0,0,4,0,56,0,1,62,8283,1874,0,5,0,0,0,LEADER,1,0,0,4,0,0,0,0,0,0,0,0,0,0,0
9902,91,bully,1619,1,0,0,4,0,56,0,1,91,8283,1619,0,5,0,0,0,LEADER,1,0,0,4,0,0,0,0,0,0,0,0,0,0,0
9854,15,bully,1571,1,0,0,4,0,56,0,1,15,8283,1571,0,5,0,0,0,LEADER,1,0,0,4,0,0,0,0,0,0,0,0,0,0,0
9523,26,bully,2161,1,0,0,3,0,42,0,1,26,7362,2161,0,4,0,0,0,LEADER,1,0,0,3,0,0,0,0,0,0,0,0,0,0,0
10260,49,bully,1977,1,0,0,4,0,56,0,1,49,8283,1977,0,5,0,0,0,LEADER,1,0,0,4,0,0,0,0,0,0,0,0,0,0,0
10075,58,bully,1792,1,0,0,4,0,56,0,1,58,8283,1792,0,5,0,0,0,LEADER,1,0,0,4,0,0,0,0,0,0,0,0,0,0,0
9608,86,bully,2246,1,0,0,3,0,42,0,1,86,7362,2246,0,4,0,0,0,LEADER,1,0,0,3,0,0,0,0,0,0,0,0,0,0,0
9781,50,bully,2419,1,0,0,3,0,42,0,1,50,7362,2419,0,4,0,0,0,LEADER,1,0,0,3,0,0,0,0,0,0,0,0,0,0,0
9630,85,bully,2268,1,0,0,3,0,42,0,1,85,7362,2268,0,4,0,0,0,LEADER,1,0,0,3,0,0,0,0,0,0,0,0,0,0,0
9573,87,bully,2212,1,0,0,3,0,42,0,1,87,7361,2212,0,4,0,0,0,LEADER,1,0,0,3,0,0,0,0,0,0,0,0,0,0,0
9778,64,bully,2416,1,0,0,3,0,42,0,1,64,7362,2416,0,4,0,0,0,LEADER,1,0,0,3,0,0,0,0,0,0,0,0,0,0,0
9626,11,bully,2264,1,0,0,3,0,42,0,1,11,7362,2264,0,4,0,0,0,LEADER,1,0,0,3,0,0,0,0,0,0,0,0,0,0,0
9717,18,bully,1434,1,0,0,4,0,56,0,1,18,8283,1434,0,5,0,0,0,LEADER,1,0,0,4,0,0,0,0,0,0,0,0,0,0,0
9836,90,bully,1553,1,0,0,4,0,56,0,1,90,8283,1553,0,5,0,0,0,LEADER,1,0,0,4,0,0,0,0,0,0,0,0,0,0,0
9730,35,bully,1447,1,0,0,4,0,56,0,1,35,8283,1447,0,5,0,0,0,LEADER,1,0,0,4,0,0,0,0,0,0,0,0,0,0,0
9611,43,bully,2249,1,0,0,3,0,42,0,1,43,7362,2249,0,4,0,0,0,LEADER,1,0,0,3,0,0,0,0,0,0,0,0,0,0,0
9750,28,bully,1467,1,0,0,4,0,56,0,1,28,8283,1467,0,5,0,0,0,LEADER,1,0,0,4,0,0,0,0,0,0,0,0,0,0,0
9589,44,bully,2228,1,0,0,3,0,42,0,1,44,7361,2228,0,4,0,0,0,LEADER,1,0,0,3,0,0,0,0,0,0,0,0,0,0,0
10424,23,bully,2141,1,0,0,4,0,56,0,1,23,8283,2141,0,5,0,0,0,LEADER,1,0,0,4,0,0,0,0,0,0,0,0,0,0,0
9744,30,bully,1461,1,0,0,4,0,56,0,1,30,8283,1461,0,5,0,0,0,LEADER,1,0,0,4,0,0,0,0,0,0,0,0,0,0,0
10142,94,bully,1859,1,0,0,4,0,56,0,1,94,8283,1859,0,5,0,0,0,LEADER,1,0,0,4,0,0,0,0,0,0,0,0,0,0,0
9784,38,bully,1501,1,0,0,4,0,56,0,1,38,8283,1501,0,5,0,0,0,LEADER,1,0,0,4,0,0,0,0,0,0,0,0,0,0,0
10463,66,bully,2180,1,0,0,4,0,56,0,1,66,8283,2180,0,5,0,0,0,LEADER,1,0,0,4,0,0,0,0,0,0,0,0,0,0,0
9769,70,bully,1486,1,0,0,4,0,56,0,1,70,8283,1486,0,5,0,0,0,LEADER,1,0,0,4,0,0,0,0,0,0,0,0,0,0,0
10414,88,bully,2131,1,0,0,4,0,56,0,1,88,8283,2131,0,5,0,0,0,LEADER,1,0,0,4,0,0,0,0,0,0,0,0,0,0,0
9597,75,bully,2235,1,0,0,3,0,42,0,1,75,7362,2235,0,4,0,0,0,LEADER,1,0,0,3,0,0,0,0,0,0,0,0,0,0,0
9605,12,bully,2243,1,0,0,3,0,42,0,1,12,7362,2243,0,4,0,0,0,LEADER,1,0,0,3,0,0,0,0,0,0,0,0,0,0,0
10308,27,bully,2025,1,0,0,4,0,56,0,1,27,8283,2025,0,5,0,0,0,LEADER,1,0,0,4,0,0,0,0,0,0,0,0,0,0,0
9797,42,bully,1514,1,0,0,4,0,56,0,1,42,8283,1514,0,5,0,0,0,LEADER,1,0,0,4,0,0,0,0,0,0,0,0,0,0,0
10444,24,bully,2161,1,0,0,4,0,56,0,1,24,8283,2161,0,5,0,0,0,LEADER,1,0,0,4,0,0,0,0,0,0,0,0,0,0,0
10396,46,bully,2113,1,0,0,4,0,56,0,1,46,8283,2113,0,5,0,0,0,LEADER,1,0,0,4,0,0,0,0,0,0,0,0,0,0,0
9920,34,bully,1637,1,0,0,4,0,56,0,1,34,8283,1637,0,5,0,0,0,LEADER,1,0,0,4,0,0,0,0,0,0,0,0,0,0,0
10293,59,bully,2010,1,0,0,4,0,56,0,1,59,8283,2010,0,5,0,0,0,LEADER,1,0,0,4,0,0,0,0,0,0,0,0,0,0,0
10575,32,bully,2292,1,0,0,4,0,56,0,1,32,8283,2292,0,5,0,0,0,LEADER,1,0,0,4,0,0,0,0,0,0,0,0,0,0,0
10190,72,bully,1907,1,0,0,4,0,56,0,1,72,8283,1907,0,5,0,0,0,LEADER,1,0,0,4,0,0,0,0,0,0,0,0,0,0,0
10599,63,bully,2316,1,0,0,4,0,56,0,1,63,8283,2316,0,5,0,0,0,LEADER,1,0,0,4,0,0,0,0,0,0,0,0,0,0,0
10075,74,bully,1792,1,0,0,4,0,56,0,1,74,8283,1792,0,5,0,0,0,LEADER,1,0,0,4,0,0,0,0,0,0,0,0,0,0,0
9817,48,bully,1534,1,0,0,4,0,56,0,1,48,8283,1534,0,5,0,0,0,LEADER,1,0,0,4,0,0,0,0,0,0,0,0,0,0,0
10278,57,bully,1995,1,0,0,4,0,56,0,1,57,8283,1995,0,5,0,0,0,LEADER,1,0,0,4,0,0,0,0,0,0,0,0,0,0,0
10348,68,bully,2065,1,0,0,4,0,56,0,1,68,8283,2065,0,5,0,0,0,LEADER,1,0,0,4,0,0,0,0,0,0,0,0,0,0,0
9749,45,bully,1466,1,0,0,4,0,56,0,1,45,8283,1466,0,5,0,0,0,LEADER,1,0,0,4,0,0,0,0,0,0,0,0,0,0,0
10106,93,bully,1823,1,0,0,4,0,56,0,1,93,8283,1823,0,5,0,0,0,LEADER,1,0,0,4,0,0,0,0,0,0,0,0,0,0,0
10687,82,bully,2404,1,0,0,4,0,56,0,1,82,8283,2404,0,5,0,0,0,LEADER,1,0,0,4,0,0,0,0,0,0,0,0,0,0,0
10681,51,bully,2398,1,0,0,4,0,56,0,1,51,8283,2398,0,5,0,0,0,LEADER,1,0,0,4,0,0,0,0,0,0,0,0,0,0,0
10226,39,bully,1943,1,0,0,4,0,56,0,1,39,8283,1943,0,5,0,0,0,LEADER,1,0,0,4,0,0,0,0,0,0,0,0,0,0,0
9972,78,bully,1689,1,0,0,4,0,56,0,1,78,8283,1689,0,5,0,0,0,LEADER,1,0,0,4,0,0,0,0,0,0,0,0,0,0,0
10360,79,bully,2077,1,0,0,4,0,56,0,1,79,8283,2077,0,5,0,0,0,LEADER,1,0,0,4,0,0,0,0,0,0,0,0,0,0,0
9935,14,bully,1652,1,0,0,4,0,56,0,1,14,8283,1652,0,5,0,0,0,LEADER,1,0,0,4,0,0,0,0,0,0,0,0,0,0,0
10363,36,bully,2080,1,0,0,4,0,56,0,1,36,8283,2080,0,5,0,0,0,LEADER,1,0,0,4,0,0,0,0,0,0,0,0,0,0,0
10245,81,bully,1962,1,0,0,4,0,56,0,1,81,8283,1962,0,5,0,0,0,LEADER,1,0,0,4,0,0,0,0,0,0,0,0,0,0,0
9905,67,bully,1622,1,0,0,4,0,56,0,1,67,8283,1622,0,5,0,0,0,LEADER,1,0,0,4,0,0,0,0,0,0,0,0,0,0,0
10666,83,bully,2383,1,0,0,4,0,56,0,1,83,8283,2383,0,5,0,0,0,LEADER,1,0,0,4,0,0,0,0,0,0,0,0,0,0,0
10810,99,bully,1607,1,0,0,4,0,56,0,1,99,9203,1607,0,5,0,0,0,LEADER,1,0,0,4,0,0,0,0,0,0,0,0,0,0,0
9987,55,bully,1704,1,0,0,4,0,56,0,1,55,8283,1704,0,5,0,0,0,LEADER,1,0,0,4,0,0,0,0,0,0,0,0,0,0,0
10777,89,bully,1574,1,0,0,4,0,56,0,1,89,9203,1574,0,5,0,0,0,LEADER,1,0,0,4,0,0,0,0,0,0,0,0,0,0,0
9939,77,bully,1656,1,0,0,4,0,56,0,1,77,8283,1656,0,5,0,0,0,LEADER,1,0,0,4,0,0,0,0,0,0,0,0,0,0,0
10211,71,bully,1928,1,0,0,4,0,56,0,1,71,8283,1928,0,5,0,0,0,LEADER,1,0,0,4,0,0,0,0,0,0,0,0,0,0,0
10123,52,bully,1840,1,0,0,4,0,56,0,1,52,8283,1840,0,5,0,0,0,LEADER,1,0,0,4,0,0,0,0,0,0,0,0,0,0,0
10496,76,bully,2213,1,0,0,4,0,56,0,1,76,8283,2213,0,5,0,0,0,LEADER,1,0,0,4,0,0,0,0,0,0,0,0,0,0,0
10090,10,bully,1807,1,0,0,4,0,56,0,1,10,8283,1807,0,5,0,0,0,LEADER,1,0,0,4,0,0,0,0,0,0,0,0,0,0,0
10023,22,bully,1740,1,0,0,4,0,56,0,1,22,8283,1740,0,5,0,0,0,LEADER,1,0,0,4,0,0,0,0,0,0,0,0,0,0,0
10172,21,bully,1889,1,0,0,4,0,56,0,1,21,8283,1889,0,5,0,0,0,LEADER,1,0,0,4,0,0,0,0,0,0,0,0,0,0,0
10429,56,bully,2146,1,0,0,4,0,56,0,1,56,8283,2146,0,5,0,0,0,LEADER,1,0,0,4,0,0,0,0,0,0,0,0,0,0,0
9954,60,bully,1671,1,0,0,4,0,56,0,1,60,8283,1671,0,5,0,0,0,LEADER,1,0,0,4,0,0,0,0,0,0,0,0,0,0,0
10807,25,bully,1604,1,0,0,4,0,56,0,1,25,9203,1604,0,5,0,0,0,LEADER,1,0,0,4,0,0,0,0,0,0,0,0,0,0,0
10020,65,bully,1737,1,0,0,4,0,56,0,1,65,8283,1737,0,5,0,0,0,LEADER,1,0,0,4,0,0,0,0,0,0,0,0,0,0,0
10696,19,bully,2413,1,0,0,4,0,56,0,1,19,8283,2413,0,5,0,0,0,LEADER,1,0,0,4,0,0,0,0,0,0,0,0,0,0,0
10326,69,bully,2043,1,0,0,4,0,56,0,1,69,8283,2043,0,5,0,0,0,LEADER,1,0,0,4,0,0,0,0,0,0,0,0,0,0,0
10928,54,bully,1725,1,0,0,4,0,56,0,1,54,9203,1725,0,5,0,0,0,LEADER,1,0,0,4,0,0,0,0,0,0,0,0,0,0,0
10275,17,bully,1992,1,0,0,4,0,56,0,1,17,8283,1992,0,5,0,0,0,LEADER,1,0,0,4,0,0,0,0,0,0,0,0,0,0,0
10789,100,bully,1586,1,0,0,4,0,56,0,1,100,9203,1586,0,5,0,0,0,LEADER,1,0,0,4,0,0,0,0,0,0,0,0,0,0,0
10752,16,bully,1549,1,0,0,4,0,56,0,1,16,9203,1549,0,5,0,0,0,LEADER,1,0,0,4,0,0,0,0,0,0,0,0,0,0,0
10341,37,bully,2058,1,0,0,4,0,56,0,1,37,8283,2058,0,5,0,0,0,LEADER,1,0,0,4,0,0,0,0,0,0,0,0,0,0,0
10977,13,bully,1774,1,0,0,4,0,56,0,1,13,9203,1774,0,5,0,0,0,LEADER,1,0,0,4,0,0,0,0,0,0,0,0,0,0,0
10138,20,bully,1855,1,0,0,4,0,56,0,1,20,8283,1855,0,5,0,0,0,LEADER,1,0,0,4,0,0,0,0,0,0,0,0,0,0,0
10770,41,bully,1567,1,0,0,4,0,56,0,1,41,9203,1567,0,5,0,0,0,LEADER,1,0,0,4,0,0,0,0,0,0,0,0,0,0,0
10759,47,bully,1556,1,0,0,4,0,56,0,1,47,9203,1556,0,5,0,0,0,LEADER,1,0,0,4,0,0,0,0,0,0,0,0,0,0,0
10584,95,bully,2301,1,0,0,4,0,56,0,1,95,8283,2301,0,5,0,0,0,LEADER,1,0,0,4,0,0,0,0,0,0,0,0,0,0,0
10448,98,bully,2165,1,0,0,4,0,56,0,1,98,8283,2165,0,5,0,0,0,LEADER,1,0,0,4,0,0,0,0,0,0,0,0,0,0,0
10632,73,bully,2349,1,0,0,4,0,56,0,1,73,8283,2349,0,5,0,0,0,LEADER,1,0,0,4,0,0,0,0,0,0,0,0,0,0,0
10955,33,bully,1752,1,0,0,4,0,56,0,1,33,9203,1752,0,5,0,0,0,LEADER,1,0,0,4,0,0,0,0,0,0,0,0,0,0,0
10925,97,bully,1722,1,0,0,4,0,56,0,1,97,9203,1722,0,5,0,0,0,LEADER,1,0,0,4,0,0,0,0,0,0,0,0,0,0,0
10178,61,bully,1895,1,0,0,4,0,56,0,1,61,8283,1895,0,5,0,0,0,LEADER,1,0,0,4,0,0,0,0,0,0,0,0,0,0,0
11113,29,bully,1910,1,0,0,4,0,56,0,1,29,9203,1910,0,5,0,0,0,LEADER,1,0,0,4,0,0,0,0,0,0,0,0,0,0,0
11125,40,bully,1922,1,0,0,4,0,56,0,1,40,9203,1922,0,5,0,0,0,LEADER,1,0,0,4,0,0,0,0,0,0,0,0,0,0,0
10614,31,bully,2331,1,0,0,4,0,56,0,1,31,8283,2331,0,5,0,0,0,LEADER,1,0,0,4,0,0,0,0,0,0,0,0,0,0,0
10947,96,bully,1744,1,0,0,4,0,56,0,1,96,9203,1744,0,5,0,0,0,LEADER,1,0,0,4,0,0,0,0,0,0,0,0,0,0,0
11028,84,bully,1825,1,0,0,4,0,56,0,1,84,9203,1825,0,5,0,0,0,LEADER,1,0,0,4,0,0,0,0,0,0,0,0,0,0,0
10722,80,bully,1519,1,0,0,4,0,56,0,1,80,9203,1519,0,5,0,0,0,LEADER,1,0,0,4,0,0,0,0,0,0,0,0,0,0,0
10566,53,bully,2283,1,0,0,4,0,56,0,1,53,8283,2283,0,5,0,0,0,LEADER,1,0,0,4,0,0,0,0,0,0,0,0,0,0,0
10641,92,bully,1438,1,0,0,4,0,56,0,1,92,9203,1438,0,5,0,0,0,LEADER,1,0,0,4,0,0,0,0,0,0,0,0,0,0,0
10495,4,bully,2115,1,0,0,5,12,70,168,2,4,8380,2115,0,3,0,0,0,LEADER,1,0,0,5,0,0,0,12,0,0,0,0,0,0,0
11077,62,bully,1874,1,0,0,4,0,56,0,1,62,9203,1874,0,5,0,0,0,LEADER,1,0,0,4,0,0,0,0,0,0,0,0,0,0,0
10822,91,bully,1619,1,0,0,4,0,56,0,1,91,9203,1619,0,5,0,0,0,LEADER,1,0,0,4,0,0,0,0,0,0,0,0,0,0,0
10774,15,bully,1571,1,0,0,4,0,56,0,1,15,9203,1571,0,5,0,0,0,LEADER,1,0,0,4,0,0,0,0,0,0,0,0,0,0,0
10444,26,bully,2161,1,0,0,4,0,56,0,1,26,8283,2161,0,5,0,0,0,LEADER,1,0,0,4,0,0,0,0,0,0,0,0,0,0,0
11180,49,bully,1977,1,0,0,4,0,56,0,1,49,9203,1977,0,5,0,0,0,LEADER,1,0,0,4,0,0,0,0,0,0,0,0,0,0,0
10995,58,bully,1792,1,0,0,4,0,56,0,1,58,9203,1792,0,5,0,0,0,LEADER,1,0,0,4,0,0,0,0,0,0,0,0,0,0,0
10529,86,bully,2246,1,0,0,4,0,56,0,1,86,8283,2246,0,5,0,0,0,LEADER,1,0,0,4,0,0,0,0,0,0,0,0,0,0,0
10702,50,bully,2419,1,0,0,4,0,56,0,1,50,8283,2419,0,5,0,0,0,LEADER,1,0,0,4,0,0,0,0,0,0,0,0,0,0,0
10551,85,bully,2268,1,0,0,4,0,56,0,1,85,8283,2268,0,5,0,0,0,LEADER,1,0,0,4,0,0,0,0,0,0,0,0,0,0,0
10494,87,bully,2212,1,0,0,4,0,56,0,1,87,8282,2212,0,5,0,0,0,LEADER,1,0,0,4,0,0,0,0,0,0,0,0,0,0,0
10699,64,bully,2416,1,0,0,4,0,56,0,1,64,8283,2416,0,5,0,0,0,LEADER,1,0,0,4,0,0,0,0,0,0,0,0,0,0,0
10637,18,bully,1434,1,0,0,4,0,56,0,1,18,9203,1434,0,5,0,0,0,LEADER,1,0,0,4,0,0,0,0,0,0,0,0,0,0,0
10547,11,bully,2264,1,0,0,4,0,56,0,1,11,8283,2264,0,5,0,0,0,LEADER,1,0,0,4,0,0,0,0,0,0,0,0,0,0,0
10756,90,bully,1553,1,0,0,4,0,56,0,1,90,9203,1553,0,5,0,0,0,LEADER,1,0,0,4,0,0,0,0,0,0,0,0,0,0,0
10650,35,bully,1447,1,0,0,4,0,56,0,1,35,9203,1447,0,5,0,0,0,LEADER,1,0,0,4,0,0,0,0,0,0,0,0,0,0,0
10532,43,bully,2249,1,0,0,4,0,56,0,1,43,8283,2249,0,5,0,0,0,LEADER,1,0,0,4,0,0,0,0,0,0,0,0,0,0,0
10670,28,bully,1467,1,0,0,4,0,56,0,1,28,9203,1467,0,5,0,0,0,LEADER,1,0,0,4,0,0,0,0,0,0,0,0,0,0,0
11344,23,bully,2141,1,0,0,4,0,56,0,1,23,9203,2141,0,5,0,0,0,LEADER,1,0,0,4,0,0,0,0,0,0,0,0,0,0,0
10510,44,bully,2228,1,0,0,4,0,56,0,1,44,8282,2228,0,5,0,0,0,LEADER,1,0,0,4,0,0,0,0,0,0,0,0,0,0,0
10664,30,bully,1461,1,0,0,4,0,56,0,1,30,9203,1461,0,5,0,0,0,LEADER,1,0,0,4,0,0,0,0,0,0,0,0,0,0,0
11062,94,bully,1859,1,0,0,4,0,56,0,1,94,9203,1859,0,5,0,0,0,LEADER,1,0,0,4,0,0,0,0,0,0,0,0,0,0,0
10704,38,bully,1501,1,0,0,4,0,56,0,1,38,9203,1501,0,5,0,0,0,LEADER,1,0,0,4,0,0,0,0,0,0,0,0,0,0,0
11383,66,bully,2180,1,0,0,4,0,56,0,1,66,9203,2180,0,5,0,0,0,LEADER,1,0,0,4,0,0,0,0,0,0,0,0,0,0,0
10689,70,bully,1486,1,0,0,4,0,56,0,1,70,9203,1486,0,5,0,0,0,LEADER,1,0,0,4,0,0,0,0,0,0,0,0,0,0,0
11334,88,bully,2131,1,0,0,4,0,56,0,1,88,9203,2131,0,5,0,0,0,LEADER,1,0,0,4,0,0,0,0,0,0,0,0,0,0,0
10518,75,bully,2235,1,0,0,4,0,56,0,1,75,8283,2235,0,5,0,0,0,LEADER,1,0,0,4,0,0,0,0,0,0,0,0,0,0,0
10526,12,bully,2243,1,0,0,4,0,56,0,1,12,8283,2243,0,5,0,0,0,LEADER,1,0,0,4,0,0,0,0,0,0,0,0,0,0,0
11228,27,bully,2025,1,0,0,4,0,56,0,1,27,9203,2025,0,5,0,0,0,LEADER,1,0,0,4,0,0,0,0,0,0,0,0,0,0,0
10717,42,bully,1514,1,0,0,4,0,56,0,1,42,9203,1514,0,5,0,0,0,LEADER,1,0,0,4,0,0,0,0,0,0,0,0,0,0,0
11364,24,bully,2161,1,0,0,4,0,56,0,1,24,9203,2161,0,5,0,0,0,LEADER,1,0,0,4,0,0,0,0,0,0,0,0,0,0,0
11316,46,bully,2113,1,0,0,4,0,56,0,1,46,9203,2113,0,5,0,0,0,LEADER,1,0,0,4,0,0,0,0,0,0,0,0,0,0,0
10840,34,bully,1637,1,0,0,4,0,56,0,1,34,9203,1637,0,5,0,0,0,LEADER,1,0,0,4,0,0,0,0,0,0,0,0,0,0,0
11213,59,bully,2010,1,0,0,4,0,56,0,1,59,9203,2010,0,5,0,0,0,LEADER,1,0,0,4,0,0,0,0,0,0,0,0,0,0,0
11495,32,bully,2292,1,0,0,4,0,56,0,1,32,9203,2292,0,5,0,0,0,LEADER,1,0,0,4,0,0,0,0,0,0,0,0,0,0,0
11110,72,bully,1907,1,0,0,4,0,56,0,1,72,9203,1907,0,5,0,0,0,LEADER,1,0,0,4,0,0,0,0,0,0,0,0,0,0,0
11519,63,bully,2316,1,0,0,4,0,56,0,1,63,9203,2316,0,5,0,0,0,LEADER,1,0,0,4,0,0,0,0,0,0,0,0,0,0,0
10995,74,bully,1792,1,0,0,4,0,56,0,1,74,9203,1792,0,5,0,0,0,LEADER,1,0,0,4,0,0,0,0,0,0,0,0,0,0,0
10737,48,bully,1534,1,0,0,4,0,56,0,1,48,9203,1534,0,5,0,0,0,LEADER,1,0,0,4,0,0,0,0,0,0,0,0,0,0,0
11198,57,bully,1995,1,0,0,4,0,56,0,1,57,9203,1995,0,5,0,0,0,LEADER,1,0,0,4,0,0,0,0,0,0,0,0,0,0,0
11268,68,bully,2065,1,0,0,4,0,56,0,1,68,9203,2065,0,5,0,0,0,LEADER,1,0,0,4,0,0,0,0,0,0,0,0,0,0,0
10669,45,bully,1466,1,0,0,4,0,56,0,1,45,9203,1466,0,5,0,0,0,LEADER,1,0,0,4,0,0,0,0,0,0,0,0,0,0,0
11026,93,bully,1823,1,0,0,4,0,56,0,1,93,9203,1823,0,5,0,0,0,LEADER,1,0,0,4,0,0,0,0,0,0,0,0,0,0,0
11607,82,bully,2404,1,0,0,4,0,56,0,1,82,9203,2404,0,5,0,0,0,LEADER,1,0,0,4,0,0,0,0,0,0,0,0,0,0,0
11601,51,bully,2398,1,0,0,4,0,56,0,1,51,9203,2398,0,5,0,0,0,LEADER,1,0,0,4,0,0,0,0,0,0,0,0,0,0,0
11146,39,bully,1943,1,0,0,4,0,56,0,1,39,9203,1943,0,5,0,0,0,LEADER,1,0,0,4,0,0,0,0,0,0,0,0,0,0,0
10892,78,bully,1689,1,0,0,4,0,56,0,1,78,9203,1689,0,5,0,0,0,LEADER,1,0,0,4,0,0,0,0,0,0,0,0,0,0,0
11280,79,bully,2077,1,0,0,4,0,56,0,1,79,9203,2077,0,5,0,0,0,LEADER,1,0,0,4,0,0,0,0,0,0,0,0,0,0,0
10855,14,bully,1652,1,0,0,4,0,56,0,1,14,9203,1652,0,5,0,0,0,LEADER,1,0,0,4,0,0,0,0,0,0,0,0,0,0,0
11283,36,bully,2080,1,0,0,4,0,56,0,1,36,9203,2080,0,5,0,0,0,LEADER,1,0,0,4,0,0,0,0,0,0,0,0,0,0,0
11165,81,bully,1962,1,0,0,4,0,56,0,1,81,9203,1962,0,5,0,0,0,LEADER,1,0,0,4,0,0,0,0,0,0,0,0,0,0,0
10825,67,bully,1622,1,0,0,4,0,56,0,1,67,9203,1622,0,5,0,0,0,LEADER,1,0,0,4,0,0,0,0,0,0,0,0,0,0,0
11586,83,bully,2383,1,0,0,4,0,56,0,1,83,9203,2383,0,5,0,0,0,LEADER,1,0,0,4,0,0,0,0,0,0,0,0,0,0,0
11730,99,bully,1607,1,0,0,4,0,56,0,1,99,10123,1607,0,5,0,0,0,LEADER,1,0,0,4,0,0,0,0,0,0,0,0,0,0,0
10907,55,bully,1704,1,0,0,4,0,56,0,1,55,9203,1704,0,5,0,0,0,LEADER,1,0,0,4,0,0,0,0,0,0,0,0,0,0,0
11697,89,bully,1574,1,0,0,4,0,56,0,1,89,10123,1574,0,5,0,0,0,LEADER,1,0,0,4,0,0,0,0,0,0,0,0,0,0,0
10859,77,bully,1656,1,0,0,4,0,56,0,1,77,9203,1656,0,5,0,0,0,LEADER,1,0,0,4,0,0,0,0,0,0,0,0,0,0,0
11131,71,bully,1928,1,0,0,4,0,56,0,1,71,9203,1928,0,5,0,0,0,LEADER,1,0,0,4,0,0,0,0,0,0,0,0,0,0,0
11043,52,bully,1840,1,0,0,4,0,56,0,1,52,9203,1840,0,5,0,0,0,LEADER,1,0,0,4,0,0,0,0,0,0,0,0,0,0,0
11416,76,bully,2213,1,0,0,4,0,56,0,1,76,9203,2213,0,5,0,0,0,LEADER,1,0,0,4,0,0,0,0,0,0,0,0,0,0,0
11010,10,bully,1807,1,0,0,4,0,56,0,1,10,9203,1807,0,5,0,0,0,LEADER,1,0,0,4,0,0,0,0,0,0,0,0,0,0,0
10943,22,bully,1740,1,0,0,4,0,56,0,1,22,9203,1740,0,5,0,0,0,LEADER,1,0,0,4,0,0,0,0,0,0,0,0,0,0,0
11092,21,bully,1889,1,0,0,4,0,56,0,1,21,9203,1889,0,5,0,0,0,LEADER,1,0,0,4,0,0,0,0,0,0,0,0,0,0,0
11349,56,bully,2146,1,0,0,4,0,56,0,1,56,9203,2146,0,5,0,0,0,LEADER,1,0,0,4,0,0,0,0,0,0,0,0,0,0,0
10874,60,bully,1671,1,0,0,4,0,56,0,1,60,9203,1671,0,5,0,0,0,LEADER,1,0,0,4,0,0,0,0,0,0,0,0,0,0,0
11727,25,bully,1604,1,0,0,4,0,56,0,1,25,10123,1604,0,5,0,0,0,LEADER,1,0,0,4,0,0,0,0,0,0,0,0,0,0,0
10940,65,bully,1737,1,0,0,4,0,56,0,1,65,9203,1737,0,5,0,0,0,LEADER,1,0,0,4,0,0,0,0,0,0,0,0,0,0,0
11616,19,bully,2413,1,0,0,4,0,56,0,1,19,9203,2413,0,5,0,0,0,LEADER,1,0,0,4,0,0,0,0,0,0,0,0,0,0,0
11246,69,bully,2043,1,0,0,4,0,56,0,1,69,9203,2043,0,5,0,0,0,LEADER,1,0,0,4,0,0,0,0,0,0,0,0,0,0,0
11848,54,bully,1725,1,0,0,4,0,56,0,1,54,10123,1725,0,5,0,0,0,LEADER,1,0,0,4,0,0,0,0,0,0,0,0,0,0,0
11195,17,bully,1992,1,0,0,4,0,56,0,1,17,9203,1992,0,5,0,0,0,LEADER,1,0,0,4,0,0,0,0,0,0,0,0,0,0,0
11709,100,bully,1586,1,0,0,4,0,56,0,1,100,10123,1586,0,5,0,0,0,LEADER,1,0,0,4,0,0,0,0,0,0,0,0,0,0,0
11672,16,bully,1549,1,0,0,4,0,56,0,1,16,10123,1549,0,5,0,0,0,LEADER,1,0,0,4,0,0,0,0,0,0,0,0,0,0,0
11261,37,bully,2058,1,0,0,4,0,56,0,1,37,9203,2058,0,5,0,0,0,LEADER,1,0,0,4,0,0,0,0,0,0,0,0,0,0,0
11897,13,bully,1774,1,0,0,4,0,56,0,1,13,10123,1774,0,5,0,0,0,LEADER,1,0,0,4,0,0,0,0,0,0,0,0,0,0,0
11058,20,bully,1855,1,0,0,4,0,56,0,1,20,9203,1855,0,5,0,0,0,LEADER,1,0,0,4,0,0,0,0,0,0,0,0,0,0,0
11690,41,bully,1567,1,0,0,4,0,56,0,1,41,10123,1567,0,5,0,0,0,LEADER,1,0,0,4,0,0,0,0,0,0,0,0,0,0,0
11679,47,bully,1556,1,0,0,4,0,56,0,1,47,10123,1556,0,5,0,0,0,LEADER,1,0,0,4,0,0,0,0,0,0,0,0,0,0,0
11504,95,bully,2301,1,0,0,4,0,56,0,1,95,9203,2301,0,5,0,0,0,LEADER,1,0,0,4,0,0,0,0,0,0,0,0,0,0,0
11368,98,bully,2165,1,0,0,4,0,56,0,1,98,9203,2165,0,5,0,0,0,LEADER,1,0,0,4,0,0,0,0,0,0,0,0,0,0,0
11552,73,bully,2349,1,0,0,4,0,56,0,1,73,9203,2349,0,5,0,0,0,LEADER,1,0,0,4,0,0,0,0,0,0,0,0,0,0,0
11875,33,bully,1752,1,0,0,4,0,56,0,1,33,10123,1752,0,5,0,0,0,LEADER,1,0,0,4,0,0,0,0,0,0,0,0,0,0,0
11845,97,bully,1722,1,0,0,4,0,56,0,1,97,10123,1722,0,5,0,0,0,LEADER,1,0,0,4,0,0,0,0,0,0,0,0,0,0,0
11098,61,bully,1895,1,0,0,4,0,56,0,1,61,9203,1895,0,5,0,0,0,LEADER,1,0,0,4,0,0,0,0,0,0,0,0,0,0,0
12033,29,bully,1910,1,0,0,4,0,56,0,1,29,10123,1910,0,5,0,0,0,LEADER,1,0,0,4,0,0,0,0,0,0,0,0,0,0,0
12045,40,bully,1922,1,0,0,4,0,56,0,1,40,10123,1922,0,5,0,0,0,LEADER,1,0,0,4,0,0,0,0,0,0,0,0,0,0,0
11534,31,bully,2331,1,0,0,4,0,56,0,1,31,9203,2331,0,5,0,0,0,LEADER,1,0,0,4,0,0,0,0,0,0,0,0,0,0,0
11867,96,bully,1744,1,0,0,4,0,56,0,1,96,10123,1744,0,5,0,0,0,LEADER,1,0,0,4,0,0,0,0,0,0,0,0,0,0,0
11948,84,bully,1825,1,0,0,4,0,56,0,1,84,10123,1825,0,5,0,0,0,LEADER,1,0,0,4,0,0,0,0,0,0,0,0,0,0,0
11642,80,bully,1519,1,0,0,4,0,56,0,1,80,10123,1519,0,5,0,0,0,LEADER,1,0,0,4,0,0,0,0,0,0,0,0,0,0,0
11486,53,bully,2283,1,0,0,4,0,56,0,1,53,9203,2283,0,5,0,0,0,LEADER,1,0,0,4,0,0,0,0,0,0,0,0,0,0,0
11561,92,bully,1438,1,0,0,4,0,56,0,1,92,10123,1438,0,5,0,0,0,LEADER,1,0,0,4,0,0,0,0,0,0,0,0,0,0,0
11997,62,bully,1874,1,0,0,4,0,56,0,1,62,10123,1874,0,5,0,0,0,LEADER,1,0,0,4,0,0,0,0,0,0,0,0,0,0,0
11742,91,bully,1619,1,0,0,4,0,56,0,1,91,10123,1619,0,5,0,0,0,LEADER,1,0,0,4,0,0,0,0,0,0,0,0,0,0,0
11694,15,bully,1571,1,0,0,4,0,56,0,1,15,10123,1571,0,5,0,0,0,LEADER,1,0,0,4,0,0,0,0,0,0,0,0,0,0,0
11364,26,bully,2161,1,0,0,4,0,56,0,1,26,9203,2161,0,5,0,0,0,LEADER,1,0,0,4,0,0,0,0,0,0,0,0,0,0,0
12100,49,bully,1977,1,0,0,4,0,56,0,1,49,10123,1977,0,5,0,0,0,LEADER,1,0,0,4,0,0,0,0,0,0,0,0,0,0,0
11915,58,bully,1792,1,0,0,4,0,56,0,1,58,10123,1792,0,5,0,0,0,LEADER,1,0,0,4,0,0,0,0,0,0,0,0,0,0,0
11449,86,bully,2246,1,0,0,4,0,56,0,1,86,9203,2246,0,5,0,0,0,LEADER,1,0,0,4,0,0,0,0,0,0,0,0,0,0,0
11622,50,bully,2419,1,0,0,4,0,56,0,1,50,9203,2419,0,5,0,0,0,LEADER,1,0,0,4,0,0,0,0,0,0,0,0,0,0,0
11471,85,bully,2268,1,0,0,4,0,56,0,1,85,9203,2268,0,5,0,0,0,LEADER,1,0,0,4,0,0,0,0,0,0,0,0,0,0,0
11414,87,bully,2212,1,0,0,4,0,56,0,1,87,9202,2212,0,5,0,0,0,LEADER,1,0,0,4,0,0,0,0,0,0,0,0,0,0,0
11619,64,bully,2416,1,0,0,4,0,56,0,1,64,9203,2416,0,5,0,0,0,LEADER,1,0,0,4,0,0,0,0,0,0,0,0,0,0,0
11557,18,bully,1434,1,0,0,4,0,56,0,1,18,10123,1434,0,5,0,0,0,LEADER,1,0,0,4,0,0,0,0,0,0,0,0,0,0,0
11467,11,bully,2264,1,0,0,4,0,56,0,1,11,9203,2264,0,5,0,0,0,LEADER,1,0,0,4,0,0,0,0,0,0,0,0,0,0,0
11676,90,bully,1553,1,0,0,4,0,56,0,1,90,10123,1553,0,5,0,0,0,LEADER,1,0,0,4,0,0,0,0,0,0,0,0,0,0,0
11570,35,bully,1447,1,0,0,4,0,56,0,1,35,10123,1447,0,5,0,0,0,LEADER,1,0,0,4,0,0,0,0,0,0,0,0,0,0,0
11452,43,bully,2249,1,0,0,4,0,56,0,1,43,9203,2249,0,5,0,0,0,LEADER,1,0,0,4,0,0,0,0,0,0,0,0,0,0,0
11590,28,bully,1467,1,0,0,4,0,56,0,1,28,10123,1467,0,5,0,0,0,LEADER,1,0,0,4,0,0,0,0,0,0,0,0,0,0,0
12264,23,bully,2141,1,0,0,4,0,56,0,1,23,10123,2141,0,5,0,0,0,LEADER,1,0,0,4,0,0,0,0,0,0,0,0,0,0,0
11430,44,bully,2228,1,0,0,4,0,56,0,1,44,9202,2228,0,5,0,0,0,LEADER,1,0,0,4,0,0,0,0,0,0,0,0,0,0,0
11584,30,bully,1461,1,0,0,4,0,56,0,1,30,10123,1461,0,5,0,0,0,LEADER,1,0,0,4,0,0,0,0,0,0,0,0,0,0,0
11982,94,bully,1859,1,0,0,4,0,56,0,1,94,10123,1859,0,5,0,0,0,LEADER,1,0,0,4,0,0,0,0,0,0,0,0,0,0,0
11624,38,bully,1501,1,0,0,4,0,56,0,1,38,10123,1501,0,5,0,0,0,LEADER,1,0,0,4,0,0,0,0,0,0,0,0,0,0,0
12303,66,bully,2180,1,0,0,4,0,56,0,1,66,10123,2180,0,5,0,0,0,LEADER,1,0,0,4,0,0,0,0,0,0,0,0,0,0,0
11609,70,bully,1486,1,0,0,4,0,56,0,1,70,10123,1486,0,5,0,0,0,LEADER,1,0,0,4,0,0,0,0,0,0,0,0,0,0,0
12254,88,bully,2131,1,0,0,4,0,56,0,1,88,10123,2131,0,5,0,0,0,LEADER,1,0,0,4,0,0,0,0,0,0,0,0,0,0,0
11641,5,bully,2001,1,0,0,6,12,84,168,2,4,9640,2001,0,3,0,0,0,NORMAL,0,0,0,6,0,0,0,12,0,0,0,0,0,0,0
11438,75,bully,2235,1,0,0,4,0,56,0,1,75,9203,2235,0,5,0,0,0,LEADER,1,0,0,4,0,0,0,0,0,0,0,0,0,0,0
11446,12,bully,2243,1,0,0,4,0,56,0,1,12,9203,2243,0,5,0,0,0,LEADER,1,0,0,4,0,0,0,0,0,0,0,0,0,0,0
12148,27,bully,2025,1,0,0,4,0,56,0,1,27,10123,2025,0,5,0,0,0,LEADER,1,0,0,4,0,0,0,0,0,0,0,0,0,0,0
11637,42,bully,1514,1,0,0,4,0,56,0,1,42,10123,1514,0,5,0,0,0,LEADER,1,0,0,4,0,0,0,0,0,0,0,0,0,0,0
12284,24,bully,2161,1,0,0,4,0,56,0,1,24,10123,2161,0,5,0,0,0,LEADER,1,0,0,4,0,0,0,0,0,0,0,0,0,0,0
12236,46,bully,2113,1,0,0,4,0,56,0,1,46,10123,2113,0,5,0,0,0,LEADER,1,0,0,4,0,0,0,0,0,0,0,0,0,0,0
12133,59,bully,2010,1,0,0,4,0,56,0,1,59,10123,2010,0,5,0,0,0,LEADER,1,0,0,4,0,0,0,0,0,0,0,0,0,0,0
11760,34,bully,1637,1,0,0,4,0,56,0,1,34,10123,1637,0,5,0,0,0,LEADER,1,0,0,4,0,0,0,0,0,0,0,0,0,0,0
12415,32,bully,2292,1,0,0,4,0,56,0,1,32,10123,2292,0,5,0,0,0,LEADER,1,0,0,4,0,0,0,0,0,0,0,0,0,0,0
12030,72,bully,1907,1,0,0,4,0,56,0,1,72,10123,1907,0,5,0,0,0,LEADER,1,0,0,4,0,0,0,0,0,0,0,0,0,0,0
12439,63,bully,2316,1,0,0,4,0,56,0,1,63,10123,2316,0,5,0,0,0,LEADER,1,0,0,4,0,0,0,0,0,0,0,0,0,0,0
11915,74,bully,1792,1,0,0,4,0,56,0,1,74,10123,1792,0,5,0,0,0,LEADER,1,0,0,4,0,0,0,0,0,0,0,0,0,0,0
12239,2,bully,2214,1,0,0,6,11,84,154,2,2,10025,2214,0,4,0,0,0,LEADER,1,0,0,6,0,0,0,11,0,0,0,0,0,0,0
11657,48,bully,1534,1,0,0,4,0,56,0,1,48,10123,1534,0,5,0,0,0,LEADER,1,0,0,4,0,0,0,0,0,0,0,0,0,0,0
12118,57,bully,1995,1,0,0,4,0,56,0,1,57,10123,1995,0,5,0,0,0,LEADER,1,0,0,4,0,0,0,0,0,0,0,0,0,0,0
12188,68,bully,2065,1,0,0,4,0,56,0,1,68,10123,2065,0,5,0,0,0,LEADER,1,0,0,4,0,0,0,0,0,0,0,0,0,0,0
11589,45,bully,1466,1,0,0,4,0,56,0,1,45,10123,1466,0,5,0,0,0,LEADER,1,0,0,4,0,0,0,0,0,0,0,0,0,0,0
11946,93,bully,1823,1,0,0,4,0,56,0,1,93,10123,1823,0,5,0,0,0,LEADER,1,0,0,4,0,0,0,0,0,0,0,0,0,0,0
12527,82,bully,2404,1,0,0,4,0,56,0,1,82,10123,2404,0,5,0,0,0,LEADER,1,0,0,4,0,0,0,0,0,0,0,0,0,0,0
12521,51,bully,2398,1,0,0,4,0,56,0,1,51,10123,2398,0,5,0,0,0,LEADER,1,0,0,4,0,0,0,0,0,0,0,0,0,0,0
12066,39,bully,1943,1,0,0,4,0,56,0,1,39,10123,1943,0,5,0,0,0,LEADER,1,0,0,4,0,0,0,0,0,0,0,0,0,0,0
11812,78,bully,1689,1,0,0,4,0,56,0,1,78,10123,1689,0,5,0,0,0,LEADER,1,0,0,4,0,0,0,0,0,0,0,0,0,0,0
12200,79,bully,2077,1,0,0,4,0,56,0,1,79,10123,2077,0,5,0,0,0,LEADER,1,0,0,4,0,0,0,0,0,0,0,0,0,0,0
11775,14,bully,1652,1,0,0,4,0,56,0,1,14,10123,1652,0,5,0,0,0,LEADER,1,0,0,4,0,0,0,0,0,0,0,0,0,0,0
12203,36,bully,2080,1,0,0,4,0,56,0,1,36,10123,2080,0,5,0,0,0,LEADER,1,0,0,4,0,0,0,0,0,0,0,0,0,0,0
12085,81,bully,1962,1,0,0,4,0,56,0,1,81,10123,1962,0,5,0,0,0,LEADER,1,0,0,4,0,0,0,0,0,0,0,0,0,0,0
11745,67,bully,1622,1,0,0,4,0,56,0,1,67,10123,1622,0,5,0,0,0,LEADER,1,0,0,4,0,0,0,0,0,0,0,0,0,0,0
12506,83,bully,2383,1,0,0,4,0,56,0,1,83,10123,2383,0,5,0,0,0,LEADER,1,0,0,4,0,0,0,0,0,0,0,0,0,0,0
12651,99,bully,1607,1,0,0,5,0,70,0,1,99,11044,1607,0,6,0,0,0,LEADER,1,0,0,5,0,0,0,0,0,0,0,0,0,0,0
11827,55,bully,1704,1,0,0,4,0,56,0,1,55,10123,1704,0,5,0,0,0,LEADER,1,0,0,4,0,0,0,0,0,0,0,0,0,0,0
12618,89,bully,1574,1,0,0,5,0,70,0,1,89,11044,1574,0,6,0,0,0,LEADER,1,0,0,5,0,0,0,0,0,0,0,0,0,0,0
11779,77,bully,1656,1,0,0,4,0,56,0,1,77,10123,1656,0,5,0,0,0,LEADER,1,0,0,4,0,0,0,0,0,0,0,0,0,0,0
12051,71,bully,1928,1,0,0,4,0,56,0,1,71,10123,1928,0,5,0,0,0,LEADER,1,0,0,4,0,0,0,0,0,0,0,0,0,0,0
11963,52,bully,1840,1,0,0,4,0,56,0,1,52,10123,1840,0,5,0,0,0,LEADER,1,0,0,4,0,0,0,0,0,0,0,0,0,0,0
12336,76,bully,2213,1,0,0,4,0,56,0,1,76,10123,2213,0,5,0,0,0,LEADER,1,0,0,4,0,0,0,0,0,0,0,0,0,0,0
11930,10,bully,1807,1,0,0,4,0,56,0,1,10,10123,1807,0,5,0,0,0,LEADER,1,0,0,4,0,0,0,0,0,0,0,0,0,0,0
11863,22,bully,1740,1,0,0,4,0,56,0,1,22,10123,1740,0,5,0,0,0,LEADER,1,0,0,4,0,0,0,0,0,0,0,0,0,0,0
12012,21,bully,1889,1,0,0,4,0,56,0,1,21,10123,1889,0,5,0,0,0,LEADER,1,0,0,4,0,0,0,0,0,0,0,0,0,0,0
12269,56,bully,2146,1,0,0,4,0,56,0,1,56,10123,2146,0,5,0,0,0,LEADER,1,0,0,4,0,0,0,0,0,0,0,0,0,0,0
11794,60,bully,1671,1,0,0,4,0,56,0,1,60,10123,1671,0,5,0,0,0,LEADER,1,0,0,4,0,0,0,0,0,0,0,0,0,0,0
12648,25,bully,1604,1,0,0,5,0,70,0,1,25,11044,1604,0,6,0,0,0,LEADER,1,0,0,5,0,0,0,0,0,0,0,0,0,0,0
11860,65,bully,1737,1,0,0,4,0,56,0,1,65,10123,1737,0,5,0,0,0,LEADER,1,0,0,4,0,0,0,0,0,0,0,0,0,0,0
12536,19,bully,2413,1,0,0,4,0,56,0,1,19,10123,2413,0,5,0,0,0,LEADER,1,0,0,4,0,0,0,0,0,0,0,0,0,0,0
12166,69,bully,2043,1,0,0,4,0,56,0,1,69,10123,2043,0,5,0,0,0,LEADER,1,0,0,4,0,0,0,0,0,0,0,0,0,0,0
12769,54,bully,1725,1,0,0,5,0,70,0,1,54,11044,1725,0,6,0,0,0,LEADER,1,0,0,5,0,0,0,0,0,0,0,0,0,0,0
12115,17,bully,1992,1,0,0,4,0,56,0,1,17,10123,1992,0,5,0,0,0,LEADER,1,0,0,4,0,0,0,0,0,0,0,0,0,0,0
12630,100,bully,1586,1,0,0,5,0,70,0,1,100,11044,1586,0,6,0,0,0,LEADER,1,0,0,5,0,0,0,0,0,0,0,0,0,0,0
12593,16,bully,1549,1,0,0,5,0,70,0,1,16,11044,1549,0,6,0,0,0,LEADER,1,0,0,5,0,0,0,0,0,0,0,0,0,0,0
12181,37,bully,2058,1,0,0,4,0,56,0,1,37,10123,2058,0,5,0,0,0,LEADER,1,0,0,4,0,0,0,0,0,0,0,0,0,0,0
12818,13,bully,1774,1,0,0,5,0,70,0,1,13,11044,1774,0,6,0,0,0,LEADER,1,0,0,5,0,0,0,0,0,0,0,0,0,0,0
12145,4,bully,2115,1,0,0,6,12,84,168,2,4,10030,2115,0,4,0,0,0,LEADER,1,0,0,6,0,0,0,12,0,0,0,0,0,0,0
11978,20,bully,1855,1,0,0,4,0,56,0,1,20,10123,1855,0,5,0,0,0,LEADER,1,0,0,4,0,0,0,0,0,0,0,0,0,0,0
12611,41,bully,1567,1,0,0,5,0,70,0,1,41,11044,1567,0,6,0,0,0,LEADER,1,0,0,5,0,0,0,0,0,0,0,0,0,0,0
12600,47,bully,1556,1,0,0,5,0,70,0,1,47,11044,1556,0,6,0,0,0,LEADER,1,0,0,5,0,0,0,0,0,0,0,0,0,0,0
12424,95,bully,2301,1,0,0,4,0,56,0,1,95,10123,2301,0,5,0,0,0,LEADER,1,0,0,4,0,0,0,0,0,0,0,0,0,0,0
12288,98,bully,2165,1,0,0,4,0,56,0,1,98,10123,2165,0,5,0,0,0,LEADER,1,0,0,4,0,0,0,0,0,0,0,0,0,0,0
12472,73,bully,2349,1,0,0,4,0,56,0,1,73,10123,2349,0,5,0,0,0,LEADER,1,0,0,4,0,0,0,0,0,0,0,0,0,0,0
12018,61,bully,1895,1,0,0,4,0,56,0,1,61,10123,1895,0,5,0,0,0,LEADER,1,0,0,4,0,0,0,0,0,0,0,0,0,0,0
12766,97,bully,1722,1,0,0,5,0,70,0,1,97,11044,1722,0,6,0,0,0,LEADER,1,0,0,5,0,0,0,0,0,0,0,0,0,0,0
12796,33,bully,1752,1,0,0,5,0,70,0,1,33,11044,1752,0,6,0,0,0,LEADER,1,0,0,5,0,0,0,0,0,0,0,0,0,0,0
12454,31,bully,2331,1,0,0,4,0,56,0,1,31,10123,2331,0,5,0,0,0,LEADER,1,0,0,4,0,0,0,0,0,0,0,0,0,0,0
12954,29,bully,1910,1,0,0,5,0,70,0,1,29,11044,1910,0,6,0,0,0,LEADER,1,0,0,5,0,0,0,0,0,0,0,0,0,0,0
12966,40,bully,1922,1,0,0,5,0,70,0,1,40,11044,1922,0,6,0,0,0,LEADER,1,0,0,5,0,0,0,0,0,0,0,0,0,0,0
12788,96,bully,1744,1,0,0,5,0,70,0,1,96,11044,1744,0,6,0,0,0,LEADER,1,0,0,5,0,0,0,0,0,0,0,0,0,0,0
12869,84,bully,1825,1,0,0,5,0,70,0,1,84,11044,1825,0,6,0,0,0,LEADER,1,0,0,5,0,0,0,0,0,0,0,0,0,0,0
12563,80,bully,1519,1,0,0,5,0,70,0,1,80,11044,1519,0,6,0,0,0,LEADER,1,0,0,5,0,0,0,0,0,0,0,0,0,0,0
12406,53,bully,2283,1,0,0,4,0,56,0,1,53,10123,2283,0,5,0,0,0,LEADER,1,0,0,4,0,0,0,0,0,0,0,0,0,0,0
12482,92,bully,1438,1,0,0,5,0,70,0,1,92,11044,1438,0,6,0,0,0,LEADER,1,0,0,5,0,0,0,0,0,0,0,0,0,0,0
12918,62,bully,1874,1,0,0,5,0,70,0,1,62,11044,1874,0,6,0,0,0,LEADER,1,0,0,5,0,0,0,0,0,0,0,0,0,0,0
12663,91,bully,1619,1,0,0,5,0,70,0,1,91,11044,1619,0,6,0,0,0,LEADER,1,0,0,5,0,0,0,0,0,0,0,0,0,0,0
12615,15,bully,1571,1,0,0,5,0,70,0,1,15,11044,1571,0,6,0,0,0,LEADER,1,0,0,5,0,0,0,0,0,0,0,0,0,0,0
12547,8,bully,2467,1,0,0,5,12,70,168,2,8,10080,2467,0,3,0,0,0,LEADER,1,0,0,5,0,0,0,12,0,0,0,0,0,0,0
12284,26,bully,2161,1,0,0,4,0,56,0,1,26,10123,2161,0,5,0,0,0,LEADER,1,0,0,4,0,0,0,0,0,0,0,0,0,0,0
13021,49,bully,1977,1,0,0,5,0,70,0,1,49,11044,1977,0,6,0,0,0,LEADER,1,0,0,5,0,0,0,0,0,0,0,0,0,0,0
12836,58,bully,1792,1,0,0,5,0,70,0,1,58,11044,1792,0,6,0,0,0,LEADER,1,0,0,5,0,0,0,0,0,0,0,0,0,0,0
12369,86,bully,2246,1,0,0,4,0,56,0,1,86,10123,2246,0,5,0,0,0,LEADER,1,0,0,4,0,0,0,0,0,0,0,0,0,0,0
12542,50,bully,2419,1,0,0,4,0,56,0,1,50,10123,2419,0,5,0,0,0,LEADER,1,0,0,4,0,0,0,0,0,0,0,0,0,0,0
12391,85,bully,2268,1,0,0,4,0,56,0,1,85,10123,2268,0,5,0,0,0,LEADER,1,0,0,4,0,0,0,0,0,0,0,0,0,0,0
12334,87,bully,2212,1,0,0,4,0,56,0,1,87,10122,2212,0,5,0,0,0,LEADER,1,0,0,4,0,0,0,0,0,0,0,0,0,0,0
12539,64,bully,2416,1,0,0,4,0,56,0,1,64,10123,2416,0,5,0,0,0,LEADER,1,0,0,4,0,0,0,0,0,0,0,0,0,0,0
12387,11,bully,2264,1,0,0,4,0,56,0,1,11,10123,2264,0,5,0,0,0,LEADER,1,0,0,4,0,0,0,0,0,0,0,0,0,0,0
12478,18,bully,1434,1,0,0,5,0,70,0,1,18,11044,1434,0,6,0,0,0,LEADER,1,0,0,5,0,0,0,0,0,0,0,0,0,0,0
12597,90,bully,1553,1,0,0,5,0,70,0,1,90,11044,1553,0,6,0,0,0,LEADER,1,0,0,5,0,0,0,0,0,0,0,0,0,0,0
12625,9,bully,2514,1,0,0,5,5,70,70,1,6,10111,2514,0,2,0,0,0,NORMAL,0,0,0,5,0,0,0,5,0,0,0,0,0,0,0
12491,35,bully,1447,1,0,0,5,0,70,0,1,35,11044,1447,0,6,0,0,0,LEADER,1,0,0,5,0,0,0,0,0,0,0,0,0,0,0
12372,43,bully,2249,1,0,0,4,0,56,0,1,43,10123,2249,0,5,0,0,0,LEADER,1,0,0,4,0,0,0,0,0,0,0,0,0,0,0
12511,28,bully,1467,1,0,0,5,0,70,0,1,28,11044,1467,0,6,0,0,0,LEADER,1,0,0,5,0,0,0,0,0,0,0,0,0,0,0
12350,44,bully,2228,1,0,0,4,0,56,0,1,44,10122,2228,0,5,0,0,0,LEADER,1,0,0,4,0,0,0,0,0,0,0,0,0,0,0
13185,23,bully,2141,1,0,0,5,0,70,0,1,23,11044,2141,0,6,0,0,0,LEADER,1,0,0,5,0,0,0,0,0,0,0,0,0,0,0
12505,30,bully,1461,1,0,0,5,0,70,0,1,30,11044,1461,0,6,0,0,0,LEADER,1,0,0,5,0,0,0,0,0,0,0,0,0,0,0
12903,94,bully,1859,1,0,0,5,0,70,0,1,94,11044,1859,0,6,0,0,0,LEADER,1,0,0,5,0,0,0,0,0,0,0,0,0,0,0
12545,38,bully,1501,1,0,0,5,0,70,0,1,38,11044,1501,0,6,0,0,0,LEADER,1,0,0,5,0,0,0,0,0,0,0,0,0,0,0
13224,66,bully,2180,1,0,0,5,0,70,0,1,66,11044,2180,0,6,0,0,0,LEADER,1,0,0,5,0,0,0,0,0,0,0,0,0,0,0
12530,70,bully,1486,1,0,0,5,0,70,0,1,70,11044,1486,0,6,0,0,0,LEADER,1,0,0,5,0,0,0,0,0,0,0,0,0,0,0
13175,88,bully,2131,1,0,0,5,0,70,0,1,88,11044,2131,0,6,0,0,0,LEADER,1,0,0,5,0,0,0,0,0,0,0,0,0,0,0
12358,75,bully,2235,1,0,0,4,0,56,0,1,75,10123,2235,0,5,0,0,0,LEADER,1,0,0,4,0,0,0,0,0,0,0,0,0,0,0
12366,12,bully,2243,1,0,0,4,0,56,0,1,12,10123,2243,0,5,0,0,0,LEADER,1,0,0,4,0,0,0,0,0,0,0,0,0,0,0
13069,27,bully,2025,1,0,0,5,0,70,0,1,27,11044,2025,0,6,0,0,0,LEADER,1,0,0,5,0,0,0,0,0,0,0,0,0,0,0
12558,42,bully,1514,1,0,0,5,0,70,0,1,42,11044,1514,0,6,0,0,0,LEADER,1,0,0,5,0,0,0,0,0,0,0,0,0,0,0
13205,24,bully,2161,1,0,0,5,0,70,0,1,24,11044,2161,0,6,0,0,0,LEADER,1,0,0,5,0,0,0,0,0,0,0,0,0,0,0
13157,46,bully,2113,1,0,0,5,0,70,0,1,46,11044,2113,0,6,0,0,0,LEADER,1,0,0,5,0,0,0,0,0,0,0,0,0,0,0
12681,34,bully,1637,1,0,0,5,0,70,0,1,34,11044,1637,0,6,0,0,0,LEADER,1,0,0,5,0,0,0,0,0,0,0,0,0,0,0
13054,59,bully,2010,1,0,0,5,0,70,0,1,59,11044,2010,0,6,0,0,0,LEADER,1,0,0,5,0,0,0,0,0,0,0,0,0,0,0
13336,32,bully,2292,1,0,0,5,0,70,0,1,32,11044,2292,0,6,0,0,0,LEADER,1,0,0,5,0,0,0,0,0,0,0,0,0,0,0
12951,72,bully,1907,1,0,0,5,0,70,0,1,72,11044,1907,0,6,0,0,0,LEADER,1,0,0,5,0,0,0,0,0,0,0,0,0,0,0
13360,63,bully,2316,1,0,0,5,0,70,0,1,63,11044,2316,0,6,0,0,0,LEADER,1,0,0,5,0,0,0,0,0,0,0,0,0,0,0
12836,74,bully,1792,1,0,0,5,0,70,0,1,74,11044,1792,0,6,0,0,0,LEADER,1,0,0,5,0,0,0,0,0,0,0,0,0,0,0
12578,48,bully,1534,1,0,0,5,0,70,0,1,48,11044,1534,0,6,0,0,0,LEADER,1,0,0,5,0,0,0,0,0,0,0,0,0,0,0
13039,57,bully,1995,1,0,0,5,0,70,0,1,57,11044,1995,0,6,0,0,0,LEADER,1,0,0,5,0,0,0,0,0,0,0,0,0,0,0
13109,68,bully,2065,1,0,0,5,0,70,0,1,68,11044,2065,0,6,0,0,0,LEADER,1,0,0,5,0,0,0,0,0,0,0,0,0,0,0
12510,45,bully,1466,1,0,0,5,0,70,0,1,45,11044,1466,0,6,0,0,0,LEADER,1,0,0,5,0,0,0,0,0,0,0,0,0,0,0
12867,93,bully,1823,1,0,0,5,0,70,0,1,93,11044,1823,0,6,0,0,0,LEADER,1,0,0,5,0,0,0,0,0,0,0,0,0,0,0
13448,82,bully,2404,1,0,0,5,0,70,0,1,82,11044,2404,0,6,0,0,0,LEADER,1,0,0,5,0,0,0,0,0,0,0,0,0,0,0
13442,51,bully,2398,1,0,0,5,0,70,0,1,51,11044,2398,0,6,0,0,0,LEADER,1,0,0,5,0,0,0,0,0,0,0,0,0,0,0
12987,39,bully,1943,1,0,0,5,0,70,0,1,39,11044,1943,0,6,0,0,0,LEADER,1,0,0,5,0,0,0,0,0,0,0,0,0,0,0
12733,78,bully,1689,1,0,0,5,0,70,0,1,78,11044,1689,0,6,0,0,0,LEADER,1,0,0,5,0,0,0,0,0,0,0,0,0,0,0
13121,79,bully,2077,1,0,0,5,0,70,0,1,79,11044,2077,0,6,0,0,0,LEADER,1,0,0,5,0,0,0,0,0,0,0,0,0,0,0
12696,14,bully,1652,1,0,0,5,0,70,0,1,14,11044,1652,0,6,0,0,0,LEADER,1,0,0,5,0,0,0,0,0,0,0,0,0,0,0
13124,36,bully,2080,1,0,0,5,0,70,0,1,36,11044,2080,0,6,0,0,0,LEADER,1,0,0,5,0,0,0,0,0,0,0,0,0,0,0
13006,81,bully,1962,1,0,0,5,0,70,0,1,81,11044,1962,0,6,0,0,0,LEADER,1,0,0,5,0,0,0,0,0,0,0,0,0,0,0
12666,67,bully,1622,1,0,0,5,0,70,0,1,67,11044,1622,0,6,0,0,0,LEADER,1,0,0,5,0,0,0,0,0,0,0,0,0,0,0
13427,83,bully,2383,1,0,0,5,0,70,0,1,83,11044,2383,0,6,0,0,0,LEADER,1,0,0,5,0,0,0,0,0,0,0,0,0,0,0
13571,99,bully,1607,1,0,0,5,0,70,0,1,99,11964,1607,0,6,0,0,0,LEADER,1,0,0,5,0,0,0,0,0,0,0,0,0,0,0
12748,55,bully,1704,1,0,0,5,0,70,0,1,55,11044,1704,0,6,0,0,0,LEADER,1,0,0,5,0,0,0,0,0,0,0,0,0,0,0
13538,89,bully,1574,1,0,0,5,0,70,0,1,89,11964,1574,0,6,0,0,0,LEADER,1,0,0,5,0,0,0,0,0,0,0,0,0,0,0
12700,77,bully,1656,1,0,0,5,0,70,0,1,77,11044,1656,0,6,0,0,0,LEADER,1,0,0,5,0,0,0,0,0,0,0,0,0,0,0
12972,71,bully,1928,1,0,0,5,0,70,0,1,71,11044,1928,0,6,0,0,0,LEADER,1,0,0,5,0,0,0,0,0,0,0,0,0,0,0
12884,52,bully,1840,1,0,0,5,0,70,0,1,52,11044,1840,0,6,0,0,0,LEADER,1,0,0,5,0,0,0,0,0,0,0,0,0,0,0
13257,76,bully,2213,1,0,0,5,0,70,0,1,76,11044,2213,0,6,0,0,0,LEADER,1,0,0,5,0,0,0,0,0,0,0,0,0,0,0
12851,10,bully,1807,1,0,0,5,0,70,0,1,10,11044,1807,0,6,0,0,0,LEADER,1,0,0,5,0,0,0,0,0,0,0,0,0,0,0
12784,22,bully,1740,1,0,0,5,0,70,0,1,22,11044,1740,0,6,0,0,0,LEADER,1,0,0,5,0,0,0,0,0,0,0,0,0,0,0
12933,21,bully,1889,1,0,0,5,0,70,0,1,21,11044,1889,0,6,0,0,0,LEADER,1,0,0,5,0,0,0,0,0,0,0,0,0,0,0
13190,56,bully,2146,1,0,0,5,0,70,0,1,56,11044,2146,0,6,0,0,0,LEADER,1,0,0,5,0,0,0,0,0,0,0,0,0,0,0
12715,60,bully,1671,1,0,0,5,0,70,0,1,60,11044,1671,0,6,0,0,0,LEADER,1,0,0,5,0,0,0,0,0,0,0,0,0,0,0
13568,25,bully,1604,1,0,0,5,0,70,0,1,25,11964,1604,0,6,0,0,0,LEADER,1,0,0,5,0,0,0,0,0,0,0,0,0,0,0
12781,65,bully,1737,1,0,0,5,0,70,0,1,65,11044,1737,0,6,0,0,0,LEADER,1,0,0,5,0,0,0,0,0,0,0,0,0,0,0
13457,19,bully,2413,1,0,0,5,0,70,0,1,19,11044,2413,0,6,0,0,0,LEADER,1,0,0,5,0,0,0,0,0,0,0,0,0,0,0
13087,69,bully,2043,1,0,0,5,0,70,0,1,69,11044,2043,0,6,0,0,0,LEADER,1,0,0,5,0,0,0,0,0,0,0,0,0,0,0
13689,54,bully,1725,1,0,0,5,0,70,0,1,54,11964,1725,0,6,0,0,0,LEADER,1,0,0,5,0,0,0,0,0,0,0,0,0,0,0
13036,17,bully,1992,1,0,0,5,0,70,0,1,17,11044,1992,0,6,0,0,0,LEADER,1,0,0,5,0,0,0,0,0,0,0,0,0,0,0
13550,100,bully,1586,1,0,0,5,0,70,0,1,100,11964,1586,0,6,0,0,0,LEADER,1,0,0,5,0,0,0,0,0,0,0,0,0,0,0
13513,16,bully,1549,1,0,0,5,0,70,0,1,16,11964,1549,0,6,0,0,0,LEADER,1,0,0,5,0,0,0,0,0,0,0,0,0,0,0
13102,37,bully,2058,1,0,0,5,0,70,0,1,37,11044,2058,0,6,0,0,0,LEADER,1,0,0,5,0,0,0,0,0,0,0,0,0,0,0
13738,13,bully,1774,1,0,0,5,0,70,0,1,13,11964,1774,0,6,0,0,0,LEADER,1,0,0,5,0,0,0,0,0,0,0,0,0,0,0
12899,20,bully,1855,1,0,0,5,0,70,0,1,20,11044,1855,0,6,0,0,0,LEADER,1,0,0,5,0,0,0,0,0,0,0,0,0,0,0
13531,41,bully,1567,1,0,0,5,0,70,0,1,41,11964,1567,0,6,0,0,0,LEADER,1,0,0,5,0,0,0,0,0,0,0,0,0,0,0
13520,47,bully,1556,1,0,0,5,0,70,0,1,47,11964,1556,0,6,0,0,0,LEADER,1,0,0,5,0,0,0,0,0,0,0,0,0,0,0
13345,95,bully,2301,1,0,0,5,0,70,0,1,95,11044,2301,0,6,0,0,0,LEADER,1,0,0,5,0,0,0,0,0,0,0,0,0,0,0
13209,98,bully,2165,1,0,0,5,0,70,0,1,98,11044,2165,0,6,0,0,0,LEADER,1,0,0,5,0,0,0,0,0,0,0,0,0,0,0
13393,73,bully,2349,1,0,0,5,0,70,0,1,73,11044,2349,0,6,0,0,0,LEADER,1,0,0,5,0,0,0,0,0,0,0,0,0,0,0
13716,33,bully,1752,1,0,0,5,0,70,0,1,33,11964,1752,0,6,0,0,0,LEADER,1,0,0,5,0,0,0,0,0,0,0,0,0,0,0
13686,97,bully,1722,1,0,0,5,0,70,0,1,97,11964,1722,0,6,0,0,0,LEADER,1,0,0,5,0,0,0,0,0,0,0,0,0,0,0
12939,61,bully,1895,1,0,0,5,0,70,0,1,61,11044,1895,0,6,0,0,0,LEADER,1,0,0,5,0,0,0,0,0,0,0,0,0,0,0
13874,29,bully,1910,1,0,0,5,0,70,0,1,29,11964,1910,0,6,0,0,0,LEADER,1,0,0,5,0,0,0,0,0,0,0,0,0,0,0
13886,40,bully,1922,1,0,0,5,0,70,0,1,40,11964,1922,0,6,0,0,0,LEADER,1,0,0,5,0,0,0,0,0,0,0,0,0,0,0
13375,31,bully,2331,1,0,0,5,0,70,0,1,31,11044,2331,0,6,0,0,0,LEADER,1,0,0,5,0,0,0,0,0,0,0,0,0,0,0
13708,96,bully,1744,1,0,0,5,0,70,0,1,96,11964,1744,0,6,0,0,0,LEADER,1,0,0,5,0,0,0,0,0,0,0,0,0,0,0
13789,84,bully,1825,1,0,0,5,0,70,0,1,84,11964,1825,0,6,0,0,0,LEADER,1,0,0,5,0,0,0,0,0,0,0,0,0,0,0
13483,80,bully,1519,1,0,0,5,0,70,0,1,80,11964,1519,0,6,0,0,0,LEADER,1,0,0,5,0,0,0,0,0,0,0,0,0,0,0
13327,53,bully,2283,1,0,0,5,0,70,0,1,53,11044,2283,0,6,0,0,0,LEADER,1,0,0,5,0,0,0,0,0,0,0,0,0,0,0
13402,92,bully,1438,1,0,0,5,0,70,0,1,92,11964,1438,0,6,0,0,0,LEADER,1,0,0,5,0,0,0,0,0,0,0,0,0,0,0
13838,62,bully,1874,1,0,0,5,0,70,0,1,62,11964,1874,0,6,0,0,0,LEADER,1,0,0,5,0,0,0,0,0,0,0,0,0,0,0
13583,91,bully,1619,1,0,0,5,0,70,0,1,91,11964,1619,0,6,0,0,0,LEADER,1,0,0,5,0,0,0,0,0,0,0,0,0,0,0
13535,15,bully,1571,1,0,0,5,0,70,0,1,15,11964,1571,0,6,0,0,0,LEADER,1,0,0,5,0,0,0,0,0,0,0,0,0,0,0
13205,26,bully,2161,1,0,0,5,0,70,0,1,26,11044,2161,0,6,0,0,0,LEADER,1,0,0,5,0,0,0,0,0,0,0,0,0,0,0
13941,49,bully,1977,1,0,0,5,0,70,0,1,49,11964,1977,0,6,0,0,0,LEADER,1,0,0,5,0,0,0,0,0,0,0,0,0,0,0
13756,58,bully,1792,1,0,0,5,0,70,0,1,58,11964,1792,0,6,0,0,0,LEADER,1,0,0,5,0,0,0,0,0,0,0,0,0,0,0
13290,86,bully,2246,1,0,0,5,0,70,0,1,86,11044,2246,0,6,0,0,0,LEADER,1,0,0,5,0,0,0,0,0,0,0,0,0,0,0
13463,50,bully,2419,1,0,0,5,0,70,0,1,50,11044,2419,0,6,0,0,0,LEADER,1,0,0,5,0,0,0,0,0,0,0,0,0,0,0
13312,85,bully,2268,1,0,0,5,0,70,0,1,85,11044,2268,0,6,0,0,0,LEADER,1,0,0,5,0,0,0,0,0,0,0,0,0,0,0
13255,87,bully,2212,1,0,0,5,0,70,0,1,87,11043,2212,0,6,0,0,0,LEADER,1,0,0,5,0,0,0,0,0,0,0,0,0,0,0
13460,64,bully,2416,1,0,0,5,0,70,0,1,64,11044,2416,0,6,0,0,0,LEADER,1,0,0,5,0,0,0,0,0,0,0,0,0,0,0
13398,18,bully,1434,1,0,0,5,0,70,0,1,18,11964,1434,0,6,0,0,0,LEADER,1,0,0,5,0,0,0,0,0,0,0,0,0,0,0
13308,11,bully,2264,1,0,0,5,0,70,0,1,11,11044,2264,0,6,0,0,0,LEADER,1,0,0,5,0,0,0,0,0,0,0,0,0,0,0
13517,90,bully,1553,1,0,0,5,0,70,0,1,90,11964,1553,0,6,0,0,0,LEADER,1,0,0,5,0,0,0,0,0,0,0,0,0,0,0
13411,35,bully,1447,1,0,0,5,0,70,0,1,35,11964,1447,0,6,0,0,0,LEADER,1,0,0,5,0,0,0,0,0,0,0,0,0,0,0
13293,43,bully,2249,1,0,0,5,0,70,0,1,43,11044,2249,0,6,0,0,0,LEADER,1,0,0,5,0,0,0,0,0,0,0,0,0,0,0
13431,28,bully,1467,1,0,0,5,0,70,0,1,28,11964,1467,0,6,0,0,0,LEADER,1,0,0,5,0,0,0,0,0,0,0,0,0,0,0
14105,23,bully,2141,1,0,0,5,0,70,0,1,23,11964,2141,0,6,0,0,0,LEADER,1,0,0,5,0,0,0,0,0,0,0,0,0,0,0
13271,44,bully,2228,1,0,0,5,0,70,0,1,44,11043,2228,0,6,0,0,0,LEADER,1,0,0,5,0,0,0,0,0,0,0,0,0,0,0
13425,30,bully,1461,1,0,0,5,0,70,0,1,30,11964,1461,0,6,0,0,0,LEADER,1,0,0,5,0,0,0,0,0,0,0,0,0,0,0
13823,94,bully,1859,1,0,0,5,0,70,0,1,94,11964,1859,0,6,0,0,0,LEADER,1,0,0,5,0,0,0,0,0,0,0,0,0,0,0
13465,38,bully,1501,1,0,0,5,0,70,0,1,38,11964,1501,0,6,0,0,0,LEADER,1,0,0,5,0,0,0,0,0,0,0,0,0,0,0
14144,66,bully,2180,1,0,0,5,0,70,0,1,66,11964,2180,0,6,0,0,0,LEADER,1,0,0,5,0,0,0,0,0,0,0,0,0,0,0
13554,7,bully,2253,1,0,0,7,11,98,154,2,4,11301,2253,0,3,0,0,0,NORMAL,0,0,0,7,0,0,0,11,0,0,0,0,0,0,0
13450,70,bully,1486,1,0,0,5,0,70,0,1,70,11964,1486,0,6,0,0,0,LEADER,1,0,0,5,0,0,0,0,0,0,0,0,0,0,0
14095,88,bully,2131,1,0,0,5,0,70,0,1,88,11964,2131,0,6,0,0,0,LEADER,1,0,0,5,0,0,0,0,0,0,0,0,0,0,0
13279,75,bully,2235,1,0,0,5,0,70,0,1,75,11044,2235,0,6,0,0,0,LEADER,1,0,0,5,0,0,0,0,0,0,0,0,0,0,0
13287,12,bully,2243,1,0,0,5,0,70,0,1,12,11044,2243,0,6,0,0,0,LEADER,1,0,0,5,0,0,0,0,0,0,0,0,0,0,0
13989,27,bully,2025,1,0,0,5,0,70,0,1,27,11964,2025,0,6,0,0,0,LEADER,1,0,0,5,0,0,0,0,0,0,0,0,0,0,0
13478,42,bully,1514,1,0,0,5,0,70,0,1,42,11964,1514,0,6,0,0,0,LEADER,1,0,0,5,0,0,0,0,0,0,0,0,0,0,0
14125,24,bully,2161,1,0,0,5,0,70,0,1,24,11964,2161,0,6,0,0,0,LEADER,1,0,0,5,0,0,0,0,0,0,0,0,0,0,0
14077,46,bully,2113,1,0,0,5,0,70,0,1,46,11964,2113,0,6,0,0,0,LEADER,1,0,0,5,0,0,0,0,0,0,0,0,0,0,0
13601,34,bully,1637,1,0,0,5,0,70,0,1,34,11964,1637,0,6,0,0,0,LEADER,1,0,0,5,0,0,0,0,0,0,0,0,0,0,0
13974,59,bully,2010,1,0,0,5,0,70,0,1,59,11964,2010,0,6,0,0,0,LEADER,1,0,0,5,0,0,0,0,0,0,0,0,0,0,0
14256,32,bully,2292,1,0,0,5,0,70,0,1,32,11964,2292,0,6,0,0,0,LEADER,1,0,0,5,0,0,0,0,0,0,0,0,0,0,0
13871,72,bully,1907,1,0,0,5,0,70,0,1,72,11964,1907,0,6,0,0,0,LEADER,1,0,0,5,0,0,0,0,0,0,0,0,0,0,0
13861,6,bully,1516,1,0,0,6,14,84,196,2,4,12345,1516,0,3,0,0,0,NORMAL,0,0,0,6,0,0,0,14,0,0,0,0,0,0,0
14280,63,bully,2316,1,0,0,5,0,70,0,1,63,11964,2316,0,6,0,0,0,LEADER,1,0,0,5,0,0,0,0,0,0,0,0,0,0,0
13756,74,bully,1792,1,0,0,5,0,70,0,1,74,11964,1792,0,6,0,0,0,LEADER,1,0,0,5,0,0,0,0,0,0,0,0,0,0,0
13498,48,bully,1534,1,0,0,5,0,70,0,1,48,11964,1534,0,6,0,0,0,LEADER,1,0,0,5,0,0,0,0,0,0,0,0,0,0,0
13959,57,bully,1995,1,0,0,5,0,70,0,1,57,11964,1995,0,6,0,0,0,LEADER,1,0,0,5,0,0,0,0,0,0,0,0,0,0,0
14029,68,bully,2065,1,0,0,5,0,70,0,1,68,11964,2065,0,6,0,0,0,LEADER,1,0,0,5,0,0,0,0,0,0,0,0,0,0,0
13430,45,bully,1466,1,0,0,5,0,70,0,1,45,11964,1466,0,6,0,0,0,LEADER,1,0,0,5,0,0,0,0,0,0,0,0,0,0,0
13787,93,bully,1823,1,0,0,5,0,70,0,1,93,11964,1823,0,6,0,0,0,LEADER,1,0,0,5,0,0,0,0,0,0,0,0,0,0,0
14368,82,bully,2404,1,0,0,5,0,70,0,1,82,11964,2404,0,6,0,0,0,LEADER,1,0,0,5,0,0,0,0,0,0,0,0,0,0,0
14362,51,bully,2398,1,0,0,5,0,70,0,1,51,11964,2398,0,6,0,0,0,LEADER,1,0,0,5,0,0,0,0,0,0,0,0,0,0,0
13907,39,bully,1943,1,0,0,5,0,70,0,1,39,11964,1943,0,6,0,0,0,LEADER,1,0,0,5,0,0,0,0,0,0,0,0,0,0,0
13653,78,bully,1689,1,0,0,5,0,70,0,1,78,11964,1689,0,6,0,0,0,LEADER,1,0,0,5,0,0,0,0,0,0,0,0,0,0,0
14041,79,bully,2077,1,0,0,5,0,70,0,1,79,11964,2077,0,6,0,0,0,LEADER,1,0,0,5,0,0,0,0,0,0,0,0,0,0,0
13616,14,bully,1652,1,0,0,5,0,70,0,1,14,11964,1652,0,6,0,0,0,LEADER,1,0,0,5,0,0,0,0,0,0,0,0,0,0,0
14044,36,bully,2080,1,0,0,5,0,70,0,1,36,11964,2080,0,6,0,0,0,LEADER,1,0,0,5,0,0,0,0,0,0,0,0,0,0,0
13926,81,bully,1962,1,0,0,5,0,70,0,1,81,11964,1962,0,6,0,0,0,LEADER,1,0,0,5,0,0,0,0,0,0,0,0,0,0,0
13586,67,bully,1622,1,0,0,5,0,70,0,1,67,11964,1622,0,6,0,0,0,LEADER,1,0,0,5,0,0,0,0,0,0,0,0,0,0,0
14347,83,bully,2383,1,0,0,5,0,70,0,1,83,11964,2383,0,6,0,0,0,LEADER,1,0,0,5,0,0,0,0,0,0,0,0,0,0,0
14491,99,bully,1607,1,0,0,5,0,70,0,1,99,12884,1607,0,6,0,0,0,LEADER,1,0,0,5,0,0,0,0,0,0,0,0,0,0,0
13668,55,bully,1704,1,0,0,5,0,70,0,1,55,11964,1704,0,6,0,0,0,LEADER,1,0,0,5,0,0,0,0,0,0,0,0,0,0,0
14458,89,bully,1574,1,0,0,5,0,70,0,1,89,12884,1574,0,6,0,0,0,LEADER,1,0,0,5,0,0,0,0,0,0,0,0,0,0,0
13620,77,bully,1656,1,0,0,5,0,70,0,1,77,11964,1656,0,6,0,0,0,LEADER,1,0,0,5,0,0,0,0,0,0,0,0,0,0,0
13892,71,bully,1928,1,0,0,5,0,70,0,1,71,11964,1928,0,6,0,0,0,LEADER,1,0,0,5,0,0,0,0,0,0,0,0,0,0,0
13804,52,bully,1840,1,0,0,5,0,70,0,1,52,11964,1840,0,6,0,0,0,LEADER,1,0,0,5,0,0,0,0,0,0,0,0,0,0,0
14177,76,bully,2213,1,0,0,5,0,70,0,1,76,11964,2213,0,6,0,0,0,LEADER,1,0,0,5,0,0,0,0,0,0,0,0,0,0,0
13771,10,bully,1807,1,0,0,5,0,70,0,1,10,11964,1807,0,6,0,0,0,LEADER,1,0,0,5,0,0,0,0,0,0,0,0,0,0,0
13704,22,bully,1740,1,0,0,5,0,70,0,1,22,11964,1740,0,6,0,0,0,LEADER,1,0,0,5,0,0,0,0,0,0,0,0,0,0,0
13853,21,bully,1889,1,0,0,5,0,70,0,1,21,11964,1889,0,6,0,0,0,LEADER,1,0,0,5,0,0,0,0,0,0,0,0,0,0,0
14110,56,bully,2146,1,0,0,5,0,70,0,1,56,11964,2146,0,6,0,0,0,LEADER,1,0,0,5,0,0,0,0,0,0,0,0,0,0,0
13635,60,bully,1671,1,0,0,5,0,70,0,1,60,11964,1671,0,6,0,0,0,LEADER,1,0,0,5,0,0,0,0,0,0,0,0,0,0,0
14488,25,bully,1604,1,0,0,5,0,70,0,1,25,12884,1604,0,6,0,0,0,LEADER,1,0,0,5,0,0,0,0,0,0,0,0,0,0,0
13701,65,bully,1737,1,0,0,5,0,70,0,1,65,11964,1737,0,6,0,0,0,LEADER,1,0,0,5,0,0,0,0,0,0,0,0,0,0,0
14377,19,bully,2413,1,0,0,5,0,70,0,1,19,11964,2413,0,6,0,0,0,LEADER,1,0,0,5,0,0,0,0,0,0,0,0,0,0,0
14007,69,bully,2043,1,0,0,5,0,70,0,1,69,11964,2043,0,6,0,0,0,LEADER,1,0,0,5,0,0,0,0,0,0,0,0,0,0,0
14609,54,bully,1725,1,0,0,5,0,70,0,1,54,12884,1725,0,6,0,0,0,LEADER,1,0,0,5,0,0,0,0,0,0,0,0,0,0,0
13956,17,bully,1992,1,0,0,5,0,70,0,1,17,11964,1992,0,6,0,0,0,LEADER,1,0,0,5,0,0,0,0,0,0,0,0,0,0,0
14470,100,bully,1586,1,0,0,5,0,70,0,1,100,12884,1586,0,6,0,0,0,LEADER,1,0,0,5,0,0,0,0,0,0,0,0,0,0,0
14433,16,bully,1549,1,0,0,5,0,70,0,1,16,12884,1549,0,6,0,0,0,LEADER,1,0,0,5,0,0,0,0,0,0,0,0,0,0,0
14022,37,bully,2058,1,0,0,5,0,70,0,1,37,11964,2058,0,6,0,0,0,LEADER,1,0,0,5,0,0,0,0,0,0,0,0,0,0,0
14658,13,bully,1774,1,0,0,5,0,70,0,1,13,12884,1774,0,6,0,0,0,LEADER,1,0,0,5,0,0,0,0,0,0,0,0,0,0,0
13819,20,bully,1855,1,0,0,5,0,70,0,1,20,11964,1855,0,6,0,0,0,LEADER,1,0,0,5,0,0,0,0,0,0,0,0,0,0,0
14451,41,bully,1567,1,0,0,5,0,70,0,1,41,12884,1567,0,6,0,0,0,LEADER,1,0,0,5,0,0,0,0,0,0,0,0,0,0,0
14440,47,bully,1556,1,0,0,5,0,70,0,1,47,12884,1556,0,6,0,0,0,LEADER,1,0,0,5,0,0,0,0,0,0,0,0,0,0,0
14265,95,bully,2301,1,0,0,5,0,70,0,1,95,11964,2301,0,6,0,0,0,LEADER,1,0,0,5,0,0,0,0,0,0,0,0,0,0,0
14129,98,bully,2165,1,0,0,5,0,70,0,1,98,11964,2165,0,6,0,0,0,LEADER,1,0,0,5,0,0,0,0,0,0,0,0,0,0,0
14313,73,bully,2349,1,0,0,5,0,70,0,1,73,11964,2349,0,6,0,0,0,LEADER,1,0,0,5,0,0,0,0,0,0,0,0,0,0,0
14636,33,bully,1752,1,0,0,5,0,70,0,1,33,12884,1752,0,6,0,0,0,LEADER,1,0,0,5,0,0,0,0,0,0,0,0,0,0,0
14606,97,bully,1722,1,0,0,5,0,70,0,1,97,12884,1722,0,6,0,0,0,LEADER,1,0,0,5,0,0,0,0,0,0,0,0,0,0,0
13859,61,bully,1895,1,0,0,5,0,70,0,1,61,11964,1895,0,6,0,0,0,LEADER,1,0,0,5,0,0,0,0,0,0,0,0,0,0,0
14794,29,bully,1910,1,0,0,5,0,70,0,1,29,12884,1910,0,6,0,0,0,LEADER,1,0,0,5,0,0,0,0,0,0,0,0,0,0,0
14806,40,bully,1922,1,0,0,5,0,70,0,1,40,12884,1922,0,6,0,0,0,LEADER,1,0,0,5,0,0,0,0,0,0,0,0,0,0,0
14295,31,bully,2331,1,0,0,5,0,70,0,1,31,11964,2331,0,6,0,0,0,LEADER,1,0,0,5,0,0,0,0,0,0,0,0,0,0,0
14628,96,bully,1744,1,0,0,5,0,70,0,1,96,12884,1744,0,6,0,0,0,LEADER,1,0,0,5,0,0,0,0,0,0,0,0,0,0,0
14709,84,bully,1825,1,0,0,5,0,70,0,1,84,12884,1825,0,6,0,0,0,LEADER,1,0,0,5,0,0,0,0,0,0,0,0,0,0,0
14403,80,bully,1519,1,0,0,5,0,70,0,1,80,12884,1519,0,6,0,0,0,LEADER,1,0,0,5,0,0,0,0,0,0,0,0,0,0,0
14247,53,bully,2283,1,0,0,5,0,70,0,1,53,11964,2283,0,6,0,0,0,LEADER,1,0,0,5,0,0,0,0,0,0,0,0,0,0,0
14322,92,bully,1438,1,0,0,5,0,70,0,1,92,12884,1438,0,6,0,0,0,LEADER,1,0,0,5,0,0,0,0,0,0,0,0,0,0,0
14758,62,bully,1874,1,0,0,5,0,70,0,1,62,12884,1874,0,6,0,0,0,LEADER,1,0,0,5,0,0,0,0,0,0,0,0,0,0,0
14503,91,bully,1619,1,0,0,5,0,70,0,1,91,12884,1619,0,6,0,0,0,LEADER,1,0,0,5,0,0,0,0,0,0,0,0,0,0,0
14455,15,bully,1571,1,0,0,5,0,70,0,1,15,12884,1571,0,6,0,0,0,LEADER,1,0,0,5,0,0,0,0,0,0,0,0,0,0,0
14125,26,bully,2161,1,0,0,5,0,70,0,1,26,11964,2161,0,6,0,0,0,LEADER,1,0,0,5,0,0,0,0,0,0,0,0,0,0,0
14861,49,bully,1977,1,0,0,5,0,70,0,1,49,12884,1977,0,6,0,0,0,LEADER,1,0,0,5,0,0,0,0,0,0,0,0,0,0,0
14676,58,bully,1792,1,0,0,5,0,70,0,1,58,12884,1792,0,6,0,0,0,LEADER,1,0,0,5,0,0,0,0,0,0,0,0,0,0,0
14210,86,bully,2246,1,0,0,5,0,70,0,1,86,11964,2246,0,6,0,0,0,LEADER,1,0,0,5,0,0,0,0,0,0,0,0,0,0,0
14383,50,bully,2419,1,0,0,5,0,70,0,1,50,11964,2419,0,6,0,0,0,LEADER,1,0,0,5,0,0,0,0,0,0,0,0,0,0,0
14232,85,bully,2268,1,0,0,5,0,70,0,1,85,11964,2268,0,6,0,0,0,LEADER,1,0,0,5,0,0,0,0,0,0,0,0,0,0,0
14175,87,bully,2212,1,0,0,5,0,70,0,1,87,11963,2212,0,6,0,0,0,LEADER,1,0,0,5,0,0,0,0,0,0,0,0,0,0,0
14380,64,bully,2416,1,0,0,5,0,70,0,1,64,11964,2416,0,6,0,0,0,LEADER,1,0,0,5,0,0,0,0,0,0,0,0,0,0,0
14318,18,bully,1434,1,0,0,5,0,70,0,1,18,12884,1434,0,6,0,0,0,LEADER,1,0,0,5,0,0,0,0,0,0,0,0,0,0,0
14228,11,bully,2264,1,0,0,5,0,70,0,1,11,11964,2264,0,6,0,0,0,LEADER,1,0,0,5,0,0,0,0,0,0,0,0,0,0,0
14437,90,bully,1553,1,0,0,5,0,70,0,1,90,12884,1553,0,6,0,0,0,LEADER,1,0,0,5,0,0,0,0,0,0,0,0,0,0,0
14331,35,bully,1447,1,0,0,5,0,70,0,1,35,12884,1447,0,6,0,0,0,LEADER,1,0,0,5,0,0,0,0,0,0,0,0,0,0,0
14213,43,bully,2249,1,0,0,5,0,70,0,1,43,11964,2249,0,6,0,0,0,LEADER,1,0,0,5,0,0,0,0,0,0,0,0,0,0,0
14351,28,bully,1467,1,0,0,5,0,70,0,1,28,12884,1467,0,6,0,0,0,LEADER,1,0,0,5,0,0,0,0,0,0,0,0,0,0,0
15025,23,bully,2141,1,0,0,5,0,70,0,1,23,12884,2141,0,6,0,0,0,LEADER,1,0,0,5,0,0,0,0,0,0,0,0,0,0,0
14191,44,bully,2228,1,0,0,5,0,70,0,1,44,11963,2228,0,6,0,0,0,LEADER,1,0,0,5,0,0,0,0,0,0,0,0,0,0,0
14345,30,bully,1461,1,0,0,5,0,70,0,1,30,12884,1461,0,6,0,0,0,LEADER,1,0,0,5,0,0,0,0,0,0,0,0,0,0,0
14743,94,bully,1859,1,0,0,5,0,70,0,1,94,12884,1859,0,6,0,0,0,LEADER,1,0,0,5,0,0,0,0,0,0,0,0,0,0,0
14385,38,bully,1501,1,0,0,5,0,70,0,1,38,12884,1501,0,6,0,0,0,LEADER,1,0,0,5,0,0,0,0,0,0,0,0,0,0,0
15064,66,bully,2180,1,0,0,5,0,70,0,1,66,12884,2180,0,6,0,0,0,LEADER,1,0,0,5,0,0,0,0,0,0,0,0,0,0,0
14370,70,bully,1486,1,0,0,5,0,70,0,1,70,12884,1486,0,6,0,0,0,LEADER,1,0,0,5,0,0,0,0,0,0,0,0,0,0,0
15015,88,bully,2131,1,0,0,5,0,70,0,1,88,12884,2131,0,6,0,0,0,LEADER,1,0,0,5,0,0,0,0,0,0,0,0,0,0,0
14199,75,bully,2235,1,0,0,5,0,70,0,1,75,11964,2235,0,6,0,0,0,LEADER,1,0,0,5,0,0,0,0,0,0,0,0,0,0,0
14207,12,bully,2243,1,0,0,5,0,70,0,1,12,11964,2243,0,6,0,0,0,LEADER,1,0,0,5,0,0,0,0,0,0,0,0,0,0,0
14909,27,bully,2025,1,0,0,5,0,70,0,1,27,12884,2025,0,6,0,0,0,LEADER,1,0,0,5,0,0,0,0,0,0,0,0,0,0,0
14398,42,bully,1514,1,0,0,5,0,70,0,1,42,12884,1514,0,6,0,0,0,LEADER,1,0,0,5,0,0,0,0,0,0,0,0,0,0,0
15045,24,bully,2161,1,0,0,5,0,70,0,1,24,12884,2161,0,6,0,0,0,LEADER,1,0,0,5,0,0,0,0,0,0,0,0,0,0,0
14997,46,bully,2113,1,0,0,5,0,70,0,1,46,12884,2113,0,6,0,0,0,LEADER,1,0,0,5,0,0,0,0,0,0,0,0,0,0,0
14521,34,bully,1637,1,0,0,5,0,70,0,1,34,12884,1637,0,6,0,0,0,LEADER,1,0,0,5,0,0,0,0,0,0,0,0,0,0,0
14894,59,bully,2010,1,0,0,5,0,70,0,1,59,12884,2010,0,6,0,0,0,LEADER,1,0,0,5,0,0,0,0,0,0,0,0,0,0,0
15176,32,bully,2292,1,0,0,5,0,70,0,1,32,12884,2292,0,6,0,0,0,LEADER,1,0,0,5,0,0,0,0,0,0,0,0,0,0,0
14791,72,bully,1907,1,0,0,5,0,70,0,1,72,12884,1907,0,6,0,0,0,LEADER,1,0,0,5,0,0,0,0,0,0,0,0,0,0,0
15200,63,bully,2316,1,0,0,5,0,70,0,1,63,12884,2316,0,6,0,0,0,LEADER,1,0,0,5,0,0,0,0,0,0,0,0,0,0,0
14676,74,bully,1792,1,0,0,5,0,70,0,1,74,12884,1792,0,6,0,0,0,LEADER,1,0,0,5,0,0,0,0,0,0,0,0,0,0,0
14418,48,bully,1534,1,0,0,5,0,70,0,1,48,12884,1534,0,6,0,0,0,LEADER,1,0,0,5,0,0,0,0,0,0,0,0,0,0,0
14879,57,bully,1995,1,0,0,5,0,70,0,1,57,12884,1995,0,6,0,0,0,LEADER,1,0,0,5,0,0,0,0,0,0,0,0,0,0,0
14949,68,bully,2065,1,0,0,5,0,70,0,1,68,12884,2065,0,6,0,0,0,LEADER,1,0,0,5,0,0,0,0,0,0,0,0,0,0,0
14350,45,bully,1466,1,0,0,5,0,70,0,1,45,12884,1466,0,6,0,0,0,LEADER,1,0,0,5,0,0,0,0,0,0,0,0,0,0,0
14707,93,bully,1823,1,0,0,5,0,70,0,1,93,12884,1823,0,6,0,0,0,LEADER,1,0,0,5,0,0,0,0,0,0,0,0,0,0,0
15288,82,bully,2404,1,0,0,5,0,70,0,1,82,12884,2404,0,6,0,0,0,LEADER,1,0,0,5,0,0,0,0,0,0,0,0,0,0,0
15282,51,bully,2398,1,0,0,5,0,70,0,1,51,12884,2398,0,6,0,0,0,LEADER,1,0,0,5,0,0,0,0,0,0,0,0,0,0,0
14827,39,bully,1943,1,0,0,5,0,70,0,1,39,12884,1943,0,6,0,0,0,LEADER,1,0,0,5,0,0,0,0,0,0,0,0,0,0,0
14573,78,bully,1689,1,0,0,5,0,70,0,1,78,12884,1689,0,6,0,0,0,LEADER,1,0,0,5,0,0,0,0,0,0,0,0,0,0,0
14961,79,bully,2077,1,0,0,5,0,70,0,1,79,12884,2077,0,6,0,0,0,LEADER,1,0,0,5,0,0,0,0,0,0,0,0,0,0,0
14536,14,bully,1652,1,0,0,5,0,70,0,1,14,12884,1652,0,6,0,0,0,LEADER,1,0,0,5,0,0,0,0,0,0,0,0,0,0,0
14964,36,bully,2080,1,0,0,5,0,70,0,1,36,12884,2080,0,6,0,0,0,LEADER,1,0,0,5,0,0,0,0,0,0,0,0,0,0,0
14846,81,bully,1962,1,0,0,5,0,70,0,1,81,12884,1962,0,6,0,0,0,LEADER,1,0,0,5,0,0,0,0,0,0,0,0,0,0,0
14506,67,bully,1622,1,0,0,5,0,70,0,1,67,12884,1622,0,6,0,0,0,LEADER,1,0,0,5,0,0,0,0,0,0,0,0,0,0,0
15267,83,bully,2383,1,0,0,5,0,70,0,1,83,12884,2383,0,6,0,0,0,LEADER,1,0,0,5,0,0,0,0,0,0,0,0,0,0,0
15412,99,bully,1607,1,0,0,6,0,84,0,1,99,13805,1607,0,7,0,0,0,LEADER,1,0,0,6,0,0,0,0,0,0,0,0,0,0,0
14588,55,bully,1704,1,0,0,5,0,70,0,1,55,12884,1704,0,6,0,0,0,LEADER,1,0,0,5,0,0,0,0,0,0,0,0,0,0,0
15379,89,bully,1574,1,0,0,6,0,84,0,1,89,13805,1574,0,7,0,0,0,LEADER,1,0,0,6,0,0,0,0,0,0,0,0,0,0,0
14540,77,bully,1656,1,0,0,5,0,70,0,1,77,12884,1656,0,6,0,0,0,LEADER,1,0,0,5,0,0,0,0,0,0,0,0,0,0,0
14812,71,bully,1928,1,0,0,5,0,70,0,1,71,12884,1928,0,6,0,0,0,LEADER,1,0,0,5,0,0,0,0,0,0,0,0,0,0,0
14724,52,bully,1840,1,0,0,5,0,70,0,1,52,12884,1840,0,6,0,0,0,LEADER,1,0,0,5,0,0,0,0,0,0,0,0,0,0,0
15097,76,bully,2213,1,0,0,5,0,70,0,1,76,12884,2213,0,6,0,0,0,LEADER,1,0,0,5,0,0,0,0,0,0,0,0,0,0,0
14691,10,bully,1807,1,0,0,5,0,70,0,1,10,12884,1807,0,6,0,0,0,LEADER,1,0,0,5,0,0,0,0,0,0,0,0,0,0,0
14624,22,bully,1740,1,0,0,5,0,70,0,1,22,12884,1740,0,6,0,0,0,LEADER,1,0,0,5,0,0,0,0,0,0,0,0,0,0,0
14773,21,bully,1889,1,0,0,5,0,70,0,1,21,12884,1889,0,6,0,0,0,LEADER,1,0,0,5,0,0,0,0,0,0,0,0,0,0,0
15030,56,bully,2146,1,0,0,5,0,70,0,1,56,12884,2146,0,6,0,0,0,LEADER,1,0,0,5,0,0,0,0,0,0,0,0,0,0,0
14555,60,bully,1671,1,0,0,5,0,70,0,1,60,12884,1671,0,6,0,0,0,LEADER,1,0,0,5,0,0,0,0,0,0,0,0,0,0,0
15409,25,bully,1604,1,0,0,6,0,84,0,1,25,13805,1604,0,7,0,0,0,LEADER,1,0,0,6,0,0,0,0,0,0,0,0,0,0,0
14621,65,bully,1737,1,0,0,5,0,70,0,1,65,12884,1737,0,6,0,0,0,LEADER,1,0,0,5,0,0,0,0,0,0,0,0,0,0,0
15297,19,bully,2413,1,0,0,5,0,70,0,1,19,12884,2413,0,6,0,0,0,LEADER,1,0,0,5,0,0,0,0,0,0,0,0,0,0,0
14927,69,bully,2043,1,0,0,5,0,70,0,1,69,12884,2043,0,6,0,0,0,LEADER,1,0,0,5,0,0,0,0,0,0,0,0,0,0,0
15530,54,bully,1725,1,0,0,6,0,84,0,1,54,13805,1725,0,7,0,0,0,LEADER,1,0,0,6,0,0,0,0,0,0,0,0,0,0,0
14876,17,bully,1992,1,0,0,5,0,70,0,1,17,12884,1992,0,6,0,0,0,LEADER,1,0,0,5,0,0,0,0,0,0,0,0,0,0,0
15391,100,bully,1586,1,0,0,6,0,84,0,1,100,13805,1586,0,7,0,0,0,LEADER,1,0,0,6,0,0,0,0,0,0,0,0,0,0,0
15354,16,bully,1549,1,0,0,6,0,84,0,1,16,13805,1549,0,7,0,0,0,LEADER,1,0,0,6,0,0,0,0,0,0,0,0,0,0,0
14942,37,bully,2058,1,0,0,5,0,70,0,1,37,12884,2058,0,6,0,0,0,LEADER,1,0,0,5,0,0,0,0,0,0,0,0,0,0,0
15340,2,bully,2214,1,0,0,6,11,84,154,2,2,13126,2214,0,4,0,0,0,LEADER,1,0,0,6,0,0,0,11,0,0,0,0,0,0,0
15579,13,bully,1774,1,0,0,6,0,84,0,1,13,13805,1774,0,7,0,0,0,LEADER,1,0,0,6,0,0,0,0,0,0,0,0,0,0,0
14887,5,bully,2001,1,0,0,7,12,98,168,3,5,12886,2001,0,4,0,0,0,LEADER,1,0,0,7,0,0,0,12,0,0,0,0,0,0,0
14739,20,bully,1855,1,0,0,5,0,70,0,1,20,12884,1855,0,6,0,0,0,LEADER,1,0,0,5,0,0,0,0,0,0,0,0,0,0,0
15372,41,bully,1567,1,0,0,6,0,84,0,1,41,13805,1567,0,7,0,0,0,LEADER,1,0,0,6,0,0,0,0,0,0,0,0,0,0,0
15361,47,bully,1556,1,0,0,6,0,84,0,1,47,13805,1556,0,7,0,0,0,LEADER,1,0,0,6,0,0,0,0,0,0,0,0,0,0,0
15185,95,bully,2301,1,0,0,5,0,70,0,1,95,12884,2301,0,6,0,0,0,LEADER,1,0,0,5,0,0,0,0,0,0,0,0,0,0,0
15049,98,bully,2165,1,0,0,5,0,70,0,1,98,12884,2165,0,6,0,0,0,LEADER,1,0,0,5,0,0,0,0,0,0,0,0,0,0,0
15233,73,bully,2349,1,0,0,5,0,70,0,1,73,12884,2349,0,6,0,0,0,LEADER,1,0,0,5,0,0,0,0,0,0,0,0,0,0,0
14779,61,bully,1895,1,0,0,5,0,70,0,1,61,12884,1895,0,6,0,0,0,LEADER,1,0,0,5,0,0,0,0,0,0,0,0,0,0,0
15527,97,bully,1722,1,0,0,6,0,84,0,1,97,13805,1722,0,7,0,0,0,LEADER,1,0,0,6,0,0,0,0,0,0,0,0,0,0,0
15557,33,bully,1752,1,0,0,6,0,84,0,1,33,13805,1752,0,7,0,0,0,LEADER,1,0,0,6,0,0,0,0,0,0,0,0,0,0,0
15215,31,bully,2331,1,0,0,5,0,70,0,1,31,12884,2331,0,6,0,0,0,LEADER,1,0,0,5,0,0,0,0,0,0,0,0,0,0,0
15715,29,bully,1910,1,0,0,6,0,84,0,1,29,13805,1910,0,7,0,0,0,LEADER,1,0,0,6,0,0,0,0,0,0,0,0,0,0,0
15727,40,bully,1922,1,0,0,6,0,84,0,1,40,13805,1922,0,7,0,0,0,LEADER,1,0,0,6,0,0,0,0,0,0,0,0,0,0,0
15549,96,bully,1744,1,0,0,6,0,84,0,1,96,13805,1744,0,7,0,0,0,LEADER,1,0,0,6,0,0,0,0,0,0,0,0,0,0,0
15630,84,bully,1825,1,0,0,6,0,84,0,1,84,13805,1825,0,7,0,0,0,LEADER,1,0,0,6,0,0,0,0,0,0,0,0,0,0,0
15324,80,bully,1519,1,0,0,6,0,84,0,1,80,13805,1519,0,7,0,0,0,LEADER,1,0,0,6,0,0,0,0,0,0,0,0,0,0,0
15167,53,bully,2283,1,0,0,5,0,70,0,1,53,12884,2283,0,6,0,0,0,LEADER,1,0,0,5,0,0,0,0,0,0,0,0,0,0,0
15243,92,bully,1438,1,0,0,6,0,84,0,1,92,13805,1438,0,7,0,0,0,LEADER,1,0,0,6,0,0,0,0,0,0,0,0,0,0,0
15679,62,bully,1874,1,0,0,6,0,84,0,1,62,13805,1874,0,7,0,0,0,LEADER,1,0,0,6,0,0,0,0,0,0,0,0,0,0,0
15424,91,bully,1619,1,0,0,6,0,84,0,1,91,13805,1619,0,7,0,0,0,LEADER,1,0,0,6,0,0,0,0,0,0,0,0,0,0,0
15376,15,bully,1571,1,0,0,6,0,84,0,1,15,13805,1571,0,7,0,0,0,LEADER,1,0,0,6,0,0,0,0,0,0,0,0,0,0,0
15045,26,bully,2161,1,0,0,5,0,70,0,1,26,12884,2161,0,6,0,0,0,LEADER,1,0,0,5,0,0,0,0,0,0,0,0,0,0,0
15782,49,bully,1977,1,0,0,6,0,84,0,1,49,13805,1977,0,7,0,0,0,LEADER,1,0,0,6,0,0,0,0,0,0,0,0,0,0,0
15597,58,bully,1792,1,0,0,6,0,84,0,1,58,13805,1792,0,7,0,0,0,LEADER,1,0,0,6,0,0,0,0,0,0,0,0,0,0,0
15130,86,bully,2246,1,0,0,5,0,70,0,1,86,12884,2246,0,6,0,0,0,LEADER,1,0,0,5,0,0,0,0,0,0,0,0,0,0,0
15303,50,bully,2419,1,0,0,5,0,70,0,1,50,12884,2419,0,6,0,0,0,LEADER,1,0,0,5,0,0,0,0,0,0,0,0,0,0,0
15152,85,bully,2268,1,0,0,5,0,70,0,1,85,12884,2268,0,6,0,0,0,LEADER,1,0,0,5,0,0,0,0,0,0,0,0,0,0,0
15095,87,bully,2212,1,0,0,5,0,70,0,1,87,12883,2212,0,6,0,0,0,LEADER,1,0,0,5,0,0,0,0,0,0,0,0,0,0,0
15300,64,bully,2416,1,0,0,5,0,70,0,1,64,12884,2416,0,6,0,0,0,LEADER,1,0,0,5,0,0,0,0,0,0,0,0,0,0,0
15148,11,bully,2264,1,0,0,5,0,70,0,1,11,12884,2264,0,6,0,0,0,LEADER,1,0,0,5,0,0,0,0,0,0,0,0,0,0,0
15239,18,bully,1434,1,0,0,6,0,84,0,1,18,13805,1434,0,7,0,0,0,LEADER,1,0,0,6,0,0,0,0,0,0,0,0,0,0,0
15358,90,bully,1553,1,0,0,6,0,84,0,1,90,13805,1553,0,7,0,0,0,LEADER,1,0,0,6,0,0,0,0,0,0,0,0,0,0,0
15252,35,bully,1447,1,0,0,6,0,84,0,1,35,13805,1447,0,7,0,0,0,LEADER,1,0,0,6,0,0,0,0,0,0,0,0,0,0,0
15133,43,bully,2249,1,0,0,5,0,70,0,1,43,12884,2249,0,6,0,0,0,LEADER,1,0,0,5,0,0,0,0,0,0,0,0,0,0,0
15272,28,bully,1467,1,0,0,6,0,84,0,1,28,13805,1467,0,7,0,0,0,LEADER,1,0,0,6,0,0,0,0,0,0,0,0,0,0,0
15111,44,bully,2228,1,0,0,5,0,70,0,1,44,12883,2228,0,6,0,0,0,LEADER,1,0,0,5,0,0,0,0,0,0,0,0,0,0,0
15946,23,bully,2141,1,0,0,6,0,84,0,1,23,13805,2141,0,7,0,0,0,LEADER,1,0,0,6,0,0,0,0,0,0,0,0,0,0,0
15266,30,bully,1461,1,0,0,6,0,84,0,1,30,13805,1461,0,7,0,0,0,LEADER,1,0,0,6,0,0,0,0,0,0,0,0,0,0,0
15664,94,bully,1859,1,0,0,6,0,84,0,1,94,13805,1859,0,7,0,0,0,LEADER,1,0,0,6,0,0,0,0,0,0,0,0,0,0,0
15306,38,bully,1501,1,0,0,6,0,84,0,1,38,13805,1501,0,7,0,0,0,LEADER,1,0,0,6,0,0,0,0,0,0,0,0,0,0,0
15985,66,bully,2180,1,0,0,6,0,84,0,1,66,13805,2180,0,7,0,0,0,LEADER,1,0,0,6,0,0,0,0,0,0,0,0,0,0,0
15291,70,bully,1486,1,0,0,6,0,84,0,1,70,13805,1486,0,7,0,0,0,LEADER,1,0,0,6,0,0,0,0,0,0,0,0,0,0,0
15936,88,bully,2131,1,0,0,6,0,84,0,1,88,13805,2131,0,7,0,0,0,LEADER,1,0,0,6,0,0,0,0,0,0,0,0,0,0,0
15119,75,bully,2235,1,0,0,5,0,70,0,1,75,12884,2235,0,6,0,0,0,LEADER,1,0,0,5,0,0,0,0,0,0,0,0,0,0,0
15127,12,bully,2243,1,0,0,5,0,70,0,1,12,12884,2243,0,6,0,0,0,LEADER,1,0,0,5,0,0,0,0,0,0,0,0,0,0,0
15830,27,bully,2025,1,0,0,6,0,84,0,1,27,13805,2025,0,7,0,0,0,LEADER,1,0,0,6,0,0,0,0,0,0,0,0,0,0,0
15319,42,bully,1514,1,0,0,6,0,84,0,1,42,13805,1514,0,7,0,0,0,LEADER,1,0,0,6,0,0,0,0,0,0,0,0,0,0,0
15966,24,bully,2161,1,0,0,6,0,84,0,1,24,13805,2161,0,7,0,0,0,LEADER,1,0,0,6,0,0,0,0,0,0,0,0,0,0,0
15918,46,bully,2113,1,0,0,6,0,84,0,1,46,13805,2113,0,7,0,0,0,LEADER,1,0,0,6,0,0,0,0,0,0,0,0,0,0,0
15442,34,bully,1637,1,0,0,6,0,84,0,1,34,13805,1637,0,7,0,0,0,LEADER,1,0,0,6,0,0,0,0,0,0,0,0,0,0,0
15815,59,bully,2010,1,0,0,6,0,84,0,1,59,13805,2010,0,7,0,0,0,LEADER,1,0,0,6,0,0,0,0,0,0,0,0,0,0,0
16097,32,bully,2292,1,0,0,6,0,84,0,1,32,13805,2292,0,7,0,0,0,LEADER,1,0,0,6,0,0,0,0,0,0,0,0,0,0,0
15712,72,bully,1907,1,0,0,6,0,84,0,1,72,13805,1907,0,7,0,0,0,LEADER,1,0,0,6,0,0,0,0,0,0,0,0,0,0,0
16121,63,bully,2316,1,0,0,6,0,84,0,1,63,13805,2316,0,7,0,0,0,LEADER,1,0,0,6,0,0,0,0,0,0,0,0,0,0,0
15597,74,bully,1792,1,0,0,6,0,84,0,1,74,13805,1792,0,7,0,0,0,LEADER,1,0,0,6,0,0,0,0,0,0,0,0,0,0,0
15339,48,bully,1534,1,0,0,6,0,84,0,1,48,13805,1534,0,7,0,0,0,LEADER,1,0,0,6,0,0,0,0,0,0,0,0,0,0,0
15800,57,bully,1995,1,0,0,6,0,84,0,1,57,13805,1995,0,7,0,0,0,LEADER,1,0,0,6,0,0,0,0,0,0,0,0,0,0,0
15870,68,bully,2065,1,0,0,6,0,84,0,1,68,13805,2065,0,7,0,0,0,LEADER,1,0,0,6,0,0,0,0,0,0,0,0,0,0,0
15271,45,bully,1466,1,0,0,6,0,84,0,1,45,13805,1466,0,7,0,0,0,LEADER,1,0,0,6,0,0,0,0,0,0,0,0,0,0,0
15628,93,bully,1823,1,0,0,6,0,84,0,1,93,13805,1823,0,7,0,0,0,LEADER,1,0,0,6,0,0,0,0,0,0,0,0,0,0,0
16209,82,bully,2404,1,0,0,6,0,84,0,1,82,13805,2404,0,7,0,0,0,LEADER,1,0,0,6,0,0,0,0,0,0,0,0,0,0,0
16203,51,bully,2398,1,0,0,6,0,84,0,1,51,13805,2398,0,7,0,0,0,LEADER,1,0,0,6,0,0,0,0,0,0,0,0,0,0,0
15748,39,bully,1943,1,0,0,6,0,84,0,1,39,13805,1943,0,7,0,0,0,LEADER,1,0,0,6,0,0,0,0,0,0,0,0,0,0,0
15494,78,bully,1689,1,0,0,6,0,84,0,1,78,13805,1689,0,7,0,0,0,LEADER,1,0,0,6,0,0,0,0,0,0,0,0,0,0,0
15882,79,bully,2077,1,0,0,6,0,84,0,1,79,13805,2077,0,7,0,0,0,LEADER,1,0,0,6,0,0,0,0,0,0,0,0,0,0,0
15457,14,bully,1652,1,0,0,6,0,84,0,1,14,13805,1652,0,7,0,0,0,LEADER,1,0,0,6,0,0,0,0,0,0,0,0,0,0,0
15885,36,bully,2080,1,0,0,6,0,84,0,1,36,13805,2080,0,7,0,0,0,LEADER,1,0,0,6,0,0,0,0,0,0,0,0,0,0,0
15767,81,bully,1962,1,0,0,6,0,84,0,1,81,13805,1962,0,7,0,0,0,LEADER,1,0,0,6,0,0,0,0,0,0,0,0,0,0,0
15427,67,bully,1622,1,0,0,6,0,84,0,1,67,13805,1622,0,7,0,0,0,LEADER,1,0,0,6,0,0,0,0,0,0,0,0,0,0,0
16188,83,bully,2383,1,0,0,6,0,84,0,1,83,13805,2383,0,7,0,0,0,LEADER,1,0,0,6,0,0,0,0,0,0,0,0,0,0,0
15927,1,bully,2293,1,0,0,5,6,70,84,1,1,13634,2293,0,4,0,0,0,LEADER,1,0,0,5,0,0,0,6,0,0,0,0,0,0,0
16332,99,bully,1607,1,0,0,6,0,84,0,1,99,14725,1607,0,7,0,0,0,LEADER,1,0,0,6,0,0,0,0,0,0,0,0,0,0,0
15509,55,bully,1704,1,0,0,6,0,84,0,1,55,13805,1704,0,7,0,0,0,LEADER,1,0,0,6,0,0,0,0,0,0,0,0,0,0,0
16299,89,bully,1574,1,0,0,6,0,84,0,1,89,14725,1574,0,7,0,0,0,LEADER,1,0,0,6,0,0,0,0,0,0,0,0,0,0,0
15461,77,bully,1656,1,0,0,6,0,84,0,1,77,13805,1656,0,7,0,0,0,LEADER,1,0,0,6,0,0,0,0,0,0,0,0,0,0,0
15733,71,bully,1928,1,0,0,6,0,84,0,1,71,13805,1928,0,7,0,0,0,LEADER,1,0,0,6,0,0,0,0,0,0,0,0,0,0,0
15645,52,bully,1840,1,0,0,6,0,84,0,1,52,13805,1840,0,7,0,0,0,LEADER,1,0,0,6,0,0,0,0,0,0,0,0,0,0,0
16018,76,bully,2213,1,0,0,6,0,84,0,1,76,13805,2213,0,7,0,0,0,LEADER,1,0,0,6,0,0,0,0,0,0,0,0,0,0,0
15612,10,bully,1807,1,0,0,6,0,84,0,1,10,13805,1807,0,7,0,0,0,LEADER,1,0,0,6,0,0,0,0,0,0,0,0,0,0,0
15545,22,bully,1740,1,0,0,6,0,84,0,1,22,13805,1740,0,7,0,0,0,LEADER,1,0,0,6,0,0,0,0,0,0,0,0,0,0,0
15694,21,bully,1889,1,0,0,6,0,84,0,1,21,13805,1889,0,7,0,0,0,LEADER,1,0,0,6,0,0,0,0,0,0,0,0,0,0,0
15951,56,bully,2146,1,0,0,6,0,84,0,1,56,13805,2146,0,7,0,0,0,LEADER,1,0,0,6,0,0,0,0,0,0,0,0,0,0,0
15476,60,bully,1671,1,0,0,6,0,84,0,1,60,13805,1671,0,7,0,0,0,LEADER,1,0,0,6,0,0,0,0,0,0,0,0,0,0,0
16329,25,bully,1604,1,0,0,6,0,84,0,1,25,14725,1604,0,7,0,0,0,LEADER,1,0,0,6,0,0,0,0,0,0,0,0,0,0,0
15542,65,bully,1737,1,0,0,6,0,84,0,1,65,13805,1737,0,7,0,0,0,LEADER,1,0,0,6,0,0,0,0,0,0,0,0,0,0,0
16218,19,bully,2413,1,0,0,6,0,84,0,1,19,13805,2413,0,7,0,0,0,LEADER,1,0,0,6,0,0,0,0,0,0,0,0,0,0,0
15848,69,bully,2043,1,0,0,6,0,84,0,1,69,13805,2043,0,7,0,0,0,LEADER,1,0,0,6,0,0,0,0,0,0,0,0,0,0,0
16450,54,bully,1725,1,0,0,6,0,84,0,1,54,14725,1725,0,7,0,0,0,LEADER,1,0,0,6,0,0,0,0,0,0,0,0,0,0,0
15797,17,bully,1992,1,0,0,6,0,84,0,1,17,13805,1992,0,7,0,0,0,LEADER,1,0,0,6,0,0,0,0,0,0,0,0,0,0,0
16311,100,bully,1586,1,0,0,6,0,84,0,1,100,14725,1586,0,7,0,0,0,LEADER,1,0,0,6,0,0,0,0,0,0,0,0,0,0,0
16274,16,bully,1549,1,0,0,6,0,84,0,1,16,14725,1549,0,7,0,0,0,LEADER,1,0,0,6,0,0,0,0,0,0,0,0,0,0,0
15863,37,bully,2058,1,0,0,6,0,84,0,1,37,13805,2058,0,7,0,0,0,LEADER,1,0,0,6,0,0,0,0,0,0,0,0,0,0,0
16499,13,bully,1774,1,0,0,6,0,84,0,1,13,14725,1774,0,7,0,0,0,LEADER,1,0,0,6,0,0,0,0,0,0,0,0,0,0,0
15660,20,bully,1855,1,0,0,6,0,84,0,1,20,13805,1855,0,7,0,0,0,LEADER,1,0,0,6,0,0,0,0,0,0,0,0,0,0,0
16292,41,bully,1567,1,0,0,6,0,84,0,1,41,14725,1567,0,7,0,0,0,LEADER,1,0,0,6,0,0,0,0,0,0,0,0,0,0,0
16281,47,bully,1556,1,0,0,6,0,84,0,1,47,14725,1556,0,7,0,0,0,LEADER,1,0,0,6,0,0,0,0,0,0,0,0,0,0,0
16106,95,bully,2301,1,0,0,6,0,84,0,1,95,13805,2301,0,7,0,0,0,LEADER,1,0,0,6,0,0,0,0,0,0,0,0,0,0,0
15970,98,bully,2165,1,0,0,6,0,84,0,1,98,13805,2165,0,7,0,0,0,LEADER,1,0,0,6,0,0,0,0,0,0,0,0,0,0,0
16154,73,bully,2349,1,0,0,6,0,84,0,1,73,13805,2349,0,7,0,0,0,LEADER,1,0,0,6,0,0,0,0,0,0,0,0,0,0,0
16477,33,bully,1752,1,0,0,6,0,84,0,1,33,14725,1752,0,7,0,0,0,LEADER,1,0,0,6,0,0,0,0,0,0,0,0,0,0,0
16447,97,bully,1722,1,0,0,6,0,84,0,1,97,14725,1722,0,7,0,0,0,LEADER,1,0,0,6,0,0,0,0,0,0,0,0,0,0,0
15700,61,bully,1895,1,0,0,6,0,84,0,1,61,13805,1895,0,7,0,0,0,LEADER,1,0,0,6,0,0,0,0,0,0,0,0,0,0,0
16635,29,bully,1910,1,0,0,6,0,84,0,1,29,14725,1910,0,7,0,0,0,LEADER,1,0,0,6,0,0,0,0,0,0,0,0,0,0,0
16647,40,bully,1922,1,0,0,6,0,84,0,1,40,14725,1922,0,7,0,0,0,LEADER,1,0,0,6,0,0,0,0,0,0,0,0,0,0,0
16136,31,bully,2331,1,0,0,6,0,84,0,1,31,13805,2331,0,7,0,0,0,LEADER,1,0,0,6,0,0,0,0,0,0,0,0,0,0,0
16469,96,bully,1744,1,0,0,6,0,84,0,1,96,14725,1744,0,7,0,0,0,LEADER,1,0,0,6,0,0,0,0,0,0,0,0,0,0,0
16550,84,bully,1825,1,0,0,6,0,84,0,1,84,14725,1825,0,7,0,0,0,LEADER,1,0,0,6,0,0,0,0,0,0,0,0,0,0,0
16244,80,bully,1519,1,0,0,6,0,84,0,1,80,14725,1519,0,7,0,0,0,LEADER,1,0,0,6,0,0,0,0,0,0,0,0,0,0,0
16088,53,bully,2283,1,0,0,6,0,84,0,1,53,13805,2283,0,7,0,0,0,LEADER,1,0,0,6,0,0,0,0,0,0,0,0,0,0,0
16163,92,bully,1438,1,0,0,6,0,84,0,1,92,14725,1438,0,7,0,0,0,LEADER,1,0,0,6,0,0,0,0,0,0,0,0,0,0,0
16599,62,bully,1874,1,0,0,6,0,84,0,1,62,14725,1874,0,7,0,0,0,LEADER,1,0,0,6,0,0,0,0,0,0,0,0,0,0,0
16344,91,bully,1619,1,0,0,6,0,84,0,1,91,14725,1619,0,7,0,0,0,LEADER,1,0,0,6,0,0,0,0,0,0,0,0,0,0,0
16296,15,bully,1571,1,0,0,6,0,84,0,1,15,14725,1571,0,7,0,0,0,LEADER,1,0,0,6,0,0,0,0,0,0,0,0,0,0,0
15966,26,bully,2161,1,0,0,6,0,84,0,1,26,13805,2161,0,7,0,0,0,LEADER,1,0,0,6,0,0,0,0,0,0,0,0,0,0,0
16702,49,bully,1977,1,0,0,6,0,84,0,1,49,14725,1977,0,7,0,0,0,LEADER,1,0,0,6,0,0,0,0,0,0,0,0,0,0,0
16517,58,bully,1792,1,0,0,6,0,84,0,1,58,14725,1792,0,7,0,0,0,LEADER,1,0,0,6,0,0,0,0,0,0,0,0,0,0,0
16051,86,bully,2246,1,0,0,6,0,84,0,1,86,13805,2246,0,7,0,0,0,LEADER,1,0,0,6,0,0,0,0,0,0,0,0,0,0,0
16224,50,bully,2419,1,0,0,6,0,84,0,1,50,13805,2419,0,7,0,0,0,LEADER,1,0,0,6,0,0,0,0,0,0,0,0,0,0,0
16073,85,bully,2268,1,0,0,6,0,84,0,1,85,13805,2268,0,7,0,0,0,LEADER,1,0,0,6,0,0,0,0,0,0,0,0,0,0,0
16016,87,bully,2212,1,0,0,6,0,84,0,1,87,13804,2212,0,7,0,0,0,LEADER,1,0,0,6,0,0,0,0,0,0,0,0,0,0,0
16221,64,bully,2416,1,0,0,6,0,84,0,1,64,13805,2416,0,7,0,0,0,LEADER,1,0,0,6,0,0,0,0,0,0,0,0,0,0,0
16159,18,bully,1434,1,0,0,6,0,84,0,1,18,14725,1434,0,7,0,0,0,LEADER,1,0,0,6,0,0,0,0,0,0,0,0,0,0,0
16069,11,bully,2264,1,0,0,6,0,84,0,1,11,13805,2264,0,7,0,0,0,LEADER,1,0,0,6,0,0,0,0,0,0,0,0,0,0,0
16278,90,bully,1553,1,0,0,6,0,84,0,1,90,14725,1553,0,7,0,0,0,LEADER,1,0,0,6,0,0,0,0,0,0,0,0,0,0,0
16172,35,bully,1447,1,0,0,6,0,84,0,1,35,14725,1447,0,7,0,0,0,LEADER,1,0,0,6,0,0,0,0,0,0,0,0,0,0,0
16054,43,bully,2249,1,0,0,6,0,84,0,1,43,13805,2249,0,7,0,0,0,LEADER,1,0,0,6,0,0,0,0,0,0,0,0,0,0,0
16192,28,bully,1467,1,0,0,6,0,84,0,1,28,14725,1467,0,7,0,0,0,LEADER,1,0,0,6,0,0,0,0,0,0,0,0,0,0,0
16866,23,bully,2141,1,0,0,6,0,84,0,1,23,14725,2141,0,7,0,0,0,LEADER,1,0,0,6,0,0,0,0,0,0,0,0,0,0,0
16032,44,bully,2228,1,0,0,6,0,84,0,1,44,13804,2228,0,7,0,0,0,LEADER,1,0,0,6,0,0,0,0,0,0,0,0,0,0,0
16186,30,bully,1461,1,0,0,6,0,84,0,1,30,14725,1461,0,7,0,0,0,LEADER,1,0,0,6,0,0,0,0,0,0,0,0,0,0,0
16584,94,bully,1859,1,0,0,6,0,84,0,1,94,14725,1859,0,7,0,0,0,LEADER,1,0,0,6,0,0,0,0,0,0,0,0,0,0,0
16226,38,bully,1501,1,0,0,6,0,84,0,1,38,14725,1501,0,7,0,0,0,LEADER,1,0,0,6,0,0,0,0,0,0,0,0,0,0,0
16905,66,bully,2180,1,0,0,6,0,84,0,1,66,14725,2180,0,7,0,0,0,LEADER,1,0,0,6,0,0,0,0,0,0,0,0,0,0,0
16211,70,bully,1486,1,0,0,6,0,84,0,1,70,14725,1486,0,7,0,0,0,LEADER,1,0,0,6,0,0,0,0,0,0,0,0,0,0,0
16856,88,bully,2131,1,0,0,6,0,84,0,1,88,14725,2131,0,7,0,0,0,LEADER,1,0,0,6,0,0,0,0,0,0,0,0,0,0,0
16040,75,bully,2235,1,0,0,6,0,84,0,1,75,13805,2235,0,7,0,0,0,LEADER,1,0,0,6,0,0,0,0,0,0,0,0,0,0,0
16048,12,bully,2243,1,0,0,6,0,84,0,1,12,13805,2243,0,7,0,0,0,LEADER,1,0,0,6,0,0,0,0,0,0,0,0,0,0,0
16750,27,bully,2025,1,0,0,6,0,84,0,1,27,14725,2025,0,7,0,0,0,LEADER,1,0,0,6,0,0,0,0,0,0,0,0,0,0,0
16239,42,bully,1514,1,0,0,6,0,84,0,1,42,14725,1514,0,7,0,0,0,LEADER,1,0,0,6,0,0,0,0,0,0,0,0,0,0,0
16886,24,bully,2161,1,0,0,6,0,84,0,1,24,14725,2161,0,7,0,0,0,LEADER,1,0,0,6,0,0,0,0,0,0,0,0,0,0,0
16838,46,bully,2113,1,0,0,6,0,84,0,1,46,14725,2113,0,7,0,0,0,LEADER,1,0,0,6,0,0,0,0,0,0,0,0,0,0,0
16362,34,bully,1637,1,0,0,6,0,84,0,1,34,14725,1637,0,7,0,0,0,LEADER,1,0,0,6,0,0,0,0,0,0,0,0,0,0,0
16735,59,bully,2010,1,0,0,6,0,84,0,1,59,14725,2010,0,7,0,0,0,LEADER,1,0,0,6,0,0,0,0,0,0,0,0,0,0,0
17017,32,bully,2292,1,0,0,6,0,84,0,1,32,14725,2292,0,7,0,0,0,LEADER,1,0,0,6,0,0,0,0,0,0,0,0,0,0,0
16632,72,bully,1907,1,0,0,6,0,84,0,1,72,14725,1907,0,7,0,0,0,LEADER,1,0,0,6,0,0,0,0,0,0,0,0,0,0,0
17041,63,bully,2316,1,0,0,6,0,84,0,1,63,14725,2316,0,7,0,0,0,LEADER,1,0,0,6,0,0,0,0,0,0,0,0,0,0,0
16517,74,bully,1792,1,0,0,6,0,84,0,1,74,14725,1792,0,7,0,0,0,LEADER,1,0,0,6,0,0,0,0,0,0,0,0,0,0,0
16259,48,bully,1534,1,0,0,6,0,84,0,1,48,14725,1534,0,7,0,0,0,LEADER,1,0,0,6,0,0,0,0,0,0,0,0,0,0,0
16720,57,bully,1995,1,0,0,6,0,84,0,1,57,14725,1995,0,7,0,0,0,LEADER,1,0,0,6,0,0,0,0,0,0,0,0,0,0,0
16790,68,bully,2065,1,0,0,6,0,84,0,1,68,14725,2065,0,7,0,0,0,LEADER,1,0,0,6,0,0,0,0,0,0,0,0,0,0,0
16191,45,bully,1466,1,0,0,6,0,84,0,1,45,14725,1466,0,7,0,0,0,LEADER,1,0,0,6,0,0,0,0,0,0,0,0,0,0,0
16548,93,bully,1823,1,0,0,6,0,84,0,1,93,14725,1823,0,7,0,0,0,LEADER,1,0,0,6,0,0,0,0,0,0,0,0,0,0,0
17129,82,bully,2404,1,0,0,6,0,84,0,1,82,14725,2404,0,7,0,0,0,LEADER,1,0,0,6,0,0,0,0,0,0,0,0,0,0,0
17123,51,bully,2398,1,0,0,6,0,84,0,1,51,14725,2398,0,7,0,0,0,LEADER,1,0,0,6,0,0,0,0,0,0,0,0,0,0,0
16668,39,bully,1943,1,0,0,6,0,84,0,1,39,14725,1943,0,7,0,0,0,LEADER,1,0,0,6,0,0,0,0,0,0,0,0,0,0,0
16414,78,bully,1689,1,0,0,6,0,84,0,1,78,14725,1689,0,7,0,0,0,LEADER,1,0,0,6,0,0,0,0,0,0,0,0,0,0,0
16802,79,bully,2077,1,0,0,6,0,84,0,1,79,14725,2077,0,7,0,0,0,LEADER,1,0,0,6,0,0,0,0,0,0,0,0,0,0,0
16377,14,bully,1652,1,0,0,6,0,84,0,1,14,14725,1652,0,7,0,0,0,LEADER,1,0,0,6,0,0,0,0,0,0,0,0,0,0,0
16805,36,bully,2080,1,0,0,6,0,84,0,1,36,14725,2080,0,7,0,0,0,LEADER,1,0,0,6,0,0,0,0,0,0,0,0,0,0,0
16687,81,bully,1962,1,0,0,6,0,84,0,1,81,14725,1962,0,7,0,0,0,LEADER,1,0,0,6,0,0,0,0,0,0,0,0,0,0,0
16347,67,bully,1622,1,0,0,6,0,84,0,1,67,14725,1622,0,7,0,0,0,LEADER,1,0,0,6,0,0,0,0,0,0,0,0,0,0,0
17108,83,bully,2383,1,0,0,6,0,84,0,1,83,14725,2383,0,7,0,0,0,LEADER,1,0,0,6,0,0,0,0,0,0,0,0,0,0,0
17252,99,bully,1607,1,0,0,6,0,84,0,1,99,15645,1607,0,7,0,0,0,LEADER,1,0,0,6,0,0,0,0,0,0,0,0,0,0,0
16429,55,bully,1704,1,0,0,6,0,84,0,1,55,14725,1704,0,7,0,0,0,LEADER,1,0,0,6,0,0,0,0,0,0,0,0,0,0,0
17219,89,bully,1574,1,0,0,6,0,84,0,1,89,15645,1574,0,7,0,0,0,LEADER,1,0,0,6,0,0,0,0,0,0,0,0,0,0,0
16381,77,bully,1656,1,0,0,6,0,84,0,1,77,14725,1656,0,7,0,0,0,LEADER,1,0,0,6,0,0,0,0,0,0,0,0,0,0,0
16653,71,bully,1928,1,0,0,6,0,84,0,1,71,14725,1928,0,7,0,0,0,LEADER,1,0,0,6,0,0,0,0,0,0,0,0,0,0,0
16565,52,bully,1840,1,0,0,6,0,84,0,1,52,14725,1840,0,7,0,0,0,LEADER,1,0,0,6,0,0,0,0,0,0,0,0,0,0,0
16938,76,bully,2213,1,0,0,6,0,84,0,1,76,14725,2213,0,7,0,0,0,LEADER,1,0,0,6,0,0,0,0,0,0,0,0,0,0,0
16532,10,bully,1807,1,0,0,6,0,84,0,1,10,14725,1807,0,7,0,0,0,LEADER,1,0,0,6,0,0,0,0,0,0,0,0,0,0,0
16465,22,bully,1740,1,0,0,6,0,84,0,1,22,14725,1740,0,7,0,0,0,LEADER,1,0,0,6,0,0,0,0,0,0,0,0,0,0,0
16614,21,bully,1889,1,0,0,6,0,84,0,1,21,14725,1889,0,7,0,0,0,LEADER,1,0,0,6,0,0,0,0,0,0,0,0,0,0,0
16871,56,bully,2146,1,0,0,6,0,84,0,1,56,14725,2146,0,7,0,0,0,LEADER,1,0,0,6,0,0,0,0,0,0,0,0,0,0,0
16396,60,bully,1671,1,0,0,6,0,84,0,1,60,14725,1671,0,7,0,0,0,LEADER,1,0,0,6,0,0,0,0,0,0,0,0,0,0,0
17249,25,bully,1604,1,0,0,6,0,84,0,1,25,15645,1604,0,7,0,0,0,LEADER,1,0,0,6,0,0,0,0,0,0,0,0,0,0,0
16462,65,bully,1737,1,0,0,6,0,84,0,1,65,14725,1737,0,7,0,0,0,LEADER,1,0,0,6,0,0,0,0,0,0,0,0,0,0,0
17138,19,bully,2413,1,0,0,6,0,84,0,1,19,14725,2413,0,7,0,0,0,LEADER,1,0,0,6,0,0,0,0,0,0,0,0,0,0,0
16768,69,bully,2043,1,0,0,6,0,84,0,1,69,14725,2043,0,7,0,0,0,LEADER,1,0,0,6,0,0,0,0,0,0,0,0,0,0,0
17370,54,bully,1725,1,0,0,6,0,84,0,1,54,15645,1725,0,7,0,0,0,LEADER,1,0,0,6,0,0,0,0,0,0,0,0,0,0,0
16717,17,bully,1992,1,0,0,6,0,84,0,1,17,14725,1992,0,7,0,0,0,LEADER,1,0,0,6,0,0,0,0,0,0,0,0,0,0,0
17231,100,bully,1586,1,0,0,6,0,84,0,1,100,15645,1586,0,7,0,0,0,LEADER,1,0,0,6,0,0,0,0,0,0,0,0,0,0,0
17194,16,bully,1549,1,0,0,6,0,84,0,1,16,15645,1549,0,7,0,0,0,LEADER,1,0,0,6,0,0,0,0,0,0,0,0,0,0,0
16783,37,bully,2058,1,0,0,6,0,84,0,1,37,14725,2058,0,7,0,0,0,LEADER,1,0,0,6,0,0,0,0,0,0,0,0,0,0,0
17419,13,bully,1774,1,0,0,6,0,84,0,1,13,15645,1774,0,7,0,0,0,LEADER,1,0,0,6,0,0,0,0,0,0,0,0,0,0,0
16580,20,bully,1855,1,0,0,6,0,84,0,1,20,14725,1855,0,7,0,0,0,LEADER,1,0,0,6,0,0,0,0,0,0,0,0,0,0,0
17212,41,bully,1567,1,0,0,6,0,84,0,1,41,15645,1567,0,7,0,0,0,LEADER,1,0,0,6,0,0,0,0,0,0,0,0,0,0,0
17201,47,bully,1556,1,0,0,6,0,84,0,1,47,15645,1556,0,7,0,0,0,LEADER,1,0,0,6,0,0,0,0,0,0,0,0,0,0,0
17026,95,bully,2301,1,0,0,6,0,84,0,1,95,14725,2301,0,7,0,0,0,LEADER,1,0,0,6,0,0,0,0,0,0,0,0,0,0,0
16890,98,bully,2165,1,0,0,6,0,84,0,1,98,14725,2165,0,7,0,0,0,LEADER,1,0,0,6,0,0,0,0,0,0,0,0,0,0,0
17074,73,bully,2349,1,0,0,6,0,84,0,1,73,14725,2349,0,7,0,0,0,LEADER,1,0,0,6,0,0,0,0,0,0,0,0,0,0,0
17397,33,bully,1752,1,0,0,6,0,84,0,1,33,15645,1752,0,7,0,0,0,LEADER,1,0,0,6,0,0,0,0,0,0,0,0,0,0,0
17367,97,bully,1722,1,0,0,6,0,84,0,1,97,15645,1722,0,7,0,0,0,LEADER,1,0,0,6,0,0,0,0,0,0,0,0,0,0,0
16620,61,bully,1895,1,0,0,6,0,84,0,1,61,14725,1895,0,7,0,0,0,LEADER,1,0,0,6,0,0,0,0,0,0,0,0,0,0,0
17555,29,bully,1910,1,0,0,6,0,84,0,1,29,15645,1910,0,7,0,0,0,LEADER,1,0,0,6,0,0,0,0,0,0,0,0,0,0,0
17567,40,bully,1922,1,0,0,6,0,84,0,1,40,15645,1922,0,7,0,0,0,LEADER,1,0,0,6,0,0,0,0,0,0,0,0,0,0,0
17056,31,bully,2331,1,0,0,6,0,84,0,1,31,14725,2331,0,7,0,0,0,LEADER,1,0,0,6,0,0,0,0,0,0,0,0,0,0,0
17389,96,bully,1744,1,0,0,6,0,84,0,1,96,15645,1744,0,7,0,0,0,LEADER,1,0,0,6,0,0,0,0,0,0,0,0,0,0,0
17470,84,bully,1825,1,0,0,6,0,84,0,1,84,15645,1825,0,7,0,0,0,LEADER,1,0,0,6,0,0,0,0,0,0,0,0,0,0,0
17164,80,bully,1519,1,0,0,6,0,84,0,1,80,15645,1519,0,7,0,0,0,LEADER,1,0,0,6,0,0,0,0,0,0,0,0,0,0,0
17008,53,bully,2283,1,0,0,6,0,84,0,1,53,14725,2283,0,7,0,0,0,LEADER,1,0,0,6,0,0,0,0,0,0,0,0,0,0,0
17083,92,bully,1438,1,0,0,6,0,84,0,1,92,15645,1438,0,7,0,0,0,LEADER,1,0,0,6,0,0,0,0,0,0,0,0,0,0,0
17519,62,bully,1874,1,0,0,6,0,84,0,1,62,15645,1874,0,7,0,0,0,LEADER,1,0,0,6,0,0,0,0,0,0,0,0,0,0,0
17264,91,bully,1619,1,0,0,6,0,84,0,1,91,15645,1619,0,7,0,0,0,LEADER,1,0,0,6,0,0,0,0,0,0,0,0,0,0,0
17216,15,bully,1571,1,0,0,6,0,84,0,1,15,15645,1571,0,7,0,0,0,LEADER,1,0,0,6,0,0,0,0,0,0,0,0,0,0,0
16886,26,bully,2161,1,0,0,6,0,84,0,1,26,14725,2161,0,7,0,0,0,LEADER,1,0,0,6,0,0,0,0,0,0,0,0,0,0,0
17622,49,bully,1977,1,0,0,6,0,84,0,1,49,15645,1977,0,7,0,0,0,LEADER,1,0,0,6,0,0,0,0,0,0,0,0,0,0,0
17437,58,bully,1792,1,0,0,6,0,84,0,1,58,15645,1792,0,7,0,0,0,LEADER,1,0,0,6,0,0,0,0,0,0,0,0,0,0,0
16971,86,bully,2246,1,0,0,6,0,84,0,1,86,14725,2246,0,7,0,0,0,LEADER,1,0,0,6,0,0,0,0,0,0,0,0,0,0,0
17144,50,bully,2419,1,0,0,6,0,84,0,1,50,14725,2419,0,7,0,0,0,LEADER,1,0,0,6,0,0,0,0,0,0,0,0,0,0,0
16993,85,bully,2268,1,0,0,6,0,84,0,1,85,14725,2268,0,7,0,0,0,LEADER,1,0,0,6,0,0,0,0,0,0,0,0,0,0,0
16936,87,bully,2212,1,0,0,6,0,84,0,1,87,14724,2212,0,7,0,0,0,LEADER,1,0,0,6,0,0,0,0,0,0,0,0,0,0,0
17141,64,bully,2416,1,0,0,6,0,84,0,1,64,14725,2416,0,7,0,0,0,LEADER,1,0,0,6,0,0,0,0,0,0,0,0,0,0,0
17079,18,bully,1434,1,0,0,6,0,84,0,1,18,15645,1434,0,7,0,0,0,LEADER,1,0,0,6,0,0,0,0,0,0,0,0,0,0,0
16989,11,bully,2264,1,0,0,6,0,84,0,1,11,14725,2264,0,7,0,0,0,LEADER,1,0,0,6,0,0,0,0,0,0,0,0,0,0,0
17198,90,bully,1553,1,0,0,6,0,84,0,1,90,15645,1553,0,7,0,0,0,LEADER,1,0,0,6,0,0,0,0,0,0,0,0,0,0,0
17092,35,bully,1447,1,0,0,6,0,84,0,1,35,15645,1447,0,7,0,0,0,LEADER,1,0,0,6,0,0,0,0,0,0,0,0,0,0,0
16974,43,bully,2249,1,0,0,6,0,84,0,1,43,14725,2249,0,7,0,0,0,LEADER,1,0,0,6,0,0,0,0,0,0,0,0,0,0,0
17112,28,bully,1467,1,0,0,6,0,84,0,1,28,15645,1467,0,7,0,0,0,LEADER,1,0,0,6,0,0,0,0,0,0,0,0,0,0,0
17786,23,bully,2141,1,0,0,6,0,84,0,1,23,15645,2141,0,7,0,0,0,LEADER,1,0,0,6,0,0,0,0,0,0,0,0,0,0,0
16952,44,bully,2228,1,0,0,6,0,84,0,1,44,14724,2228,0,7,0,0,0,LEADER,1,0,0,6,0,0,0,0,0,0,0,0,0,0,0
17106,30,bully,1461,1,0,0,6,0,84,0,1,30,15645,1461,0,7,0,0,0,LEADER,1,0,0,6,0,0,0,0,0,0,0,0,0,0,0
17504,94,bully,1859,1,0,0,6,0,84,0,1,94,15645,1859,0,7,0,0,0,LEADER,1,0,0,6,0,0,0,0,0,0,0,0,0,0,0
17146,38,bully,1501,1,0,0,6,0,84,0,1,38,15645,1501,0,7,0,0,0,LEADER,1,0,0,6,0,0,0,0,0,0,0,0,0,0,0
17825,66,bully,2180,1,0,0,6,0,84,0,1,66,15645,2180,0,7,0,0,0,LEADER,1,0,0,6,0,0,0,0,0,0,0,0,0,0,0
17131,70,bully,1486,1,0,0,6,0,84,0,1,70,15645,1486,0,7,0,0,0,LEADER,1,0,0,6,0,0,0,0,0,0,0,0,0,0,0
17776,88,bully,2131,1,0,0,6,0,84,0,1,88,15645,2131,0,7,0,0,0,LEADER,1,0,0,6,0,0,0,0,0,0,0,0,0,0,0
16960,75,bully,2235,1,0,0,6,0,84,0,1,75,14725,2235,0,7,0,0,0,LEADER,1,0,0,6,0,0,0,0,0,0,0,0,0,0,0
16968,12,bully,2243,1,0,0,6,0,84,0,1,12,14725,2243,0,7,0,0,0,LEADER,1,0,0,6,0,0,0,0,0,0,0,0,0,0,0
17670,27,bully,2025,1,0,0,6,0,84,0,1,27,15645,2025,0,7,0,0,0,LEADER,1,0,0,6,0,0,0,0,0,0,0,0,0,0,0
17159,42,bully,1514,1,0,0,6,0,84,0,1,42,15645,1514,0,7,0,0,0,LEADER,1,0,0,6,0,0,0,0,0,0,0,0,0,0,0
17806,24,bully,2161,1,0,0,6,0,84,0,1,24,15645,2161,0,7,0,0,0,LEADER,1,0,0,6,0,0,0,0,0,0,0,0,0,0,0
17758,46,bully,2113,1,0,0,6,0,84,0,1,46,15645,2113,0,7,0,0,0,LEADER,1,0,0,6,0,0,0,0,0,0,0,0,0,0,0
17282,34,bully,1637,1,0,0,6,0,84,0,1,34,15645,1637,0,7,0,0,0,LEADER,1,0,0,6,0,0,0,0,0,0,0,0,0,0,0
17655,59,bully,2010,1,0,0,6,0,84,0,1,59,15645,2010,0,7,0,0,0,LEADER,1,0,0,6,0,0,0,0,0,0,0,0,0,0,0
17937,32,bully,2292,1,0,0,6,0,84,0,1,32,15645,2292,0,7,0,0,0,LEADER,1,0,0,6,0,0,0,0,0,0,0,0,0,0,0
17552,72,bully,1907,1,0,0,6,0,84,0,1,72,15645,1907,0,7,0,0,0,LEADER,1,0,0,6,0,0,0,0,0,0,0,0,0,0,0
17961,63,bully,2316,1,0,0,6,0,84,0,1,63,15645,2316,0,7,0,0,0,LEADER,1,0,0,6,0,0,0,0,0,0,0,0,0,0,0
17437,74,bully,1792,1,0,0,6,0,84,0,1,74,15645,1792,0,7,0,0,0,LEADER,1,0,0,6,0,0,0,0,0,0,0,0,0,0,0
17179,48,bully,1534,1,0,0,6,0,84,0,1,48,15645,1534,0,7,0,0,0,LEADER,1,0,0,6,0,0,0,0,0,0,0,0,0,0,0
17640,57,bully,1995,1,0,0,6,0,84,0,1,57,15645,1995,0,7,0,0,0,LEADER,1,0,0,6,0,0,0,0,0,0,0,0,0,0,0
17710,68,bully,2065,1,0,0,6,0,84,0,1,68,15645,2065,0,7,0,0,0,LEADER,1,0,0,6,0,0,0,0,0,0,0,0,0,0,0
17111,45,bully,1466,1,0,0,6,0,84,0,1,45,15645,1466,0,7,0,0,0,LEADER,1,0,0,6,0,0,0,0,0,0,0,0,0,0,0
17468,93,bully,1823,1,0,0,6,0,84,0,1,93,15645,1823,0,7,0,0,0,LEADER,1,0,0,6,0,0,0,0,0,0,0,0,0,0,0
18049,82,bully,2404,1,0,0,6,0,84,0,1,82,15645,2404,0,7,0,0,0,LEADER,1,0,0,6,0,0,0,0,0,0,0,0,0,0,0
18043,51,bully,2398,1,0,0,6,0,84,0,1,51,15645,2398,0,7,0,0,0,LEADER,1,0,0,6,0,0,0,0,0,0,0,0,0,0,0
17588,39,bully,1943,1,0,0,6,0,84,0,1,39,15645,1943,0,7,0,0,0,LEADER,1,0,0,6,0,0,0,0,0,0,0,0,0,0,0
17334,78,bully,1689,1,0,0,6,0,84,0,1,78,15645,1689,0,7,0,0,0,LEADER,1,0,0,6,0,0,0,0,0,0,0,0,0,0,0
17722,79,bully,2077,1,0,0,6,0,84,0,1,79,15645,2077,0,7,0,0,0,LEADER,1,0,0,6,0,0,0,0,0,0,0,0,0,0,0
17297,14,bully,1652,1,0,0,6,0,84,0,1,14,15645,1652,0,7,0,0,0,LEADER,1,0,0,6,0,0,0,0,0,0,0,0,0,0,0
17725,36,bully,2080,1,0,0,6,0,84,0,1,36,15645,2080,0,7,0,0,0,LEADER,1,0,0,6,0,0,0,0,0,0,0,0,0,0,0
17607,81,bully,1962,1,0,0,6,0,84,0,1,81,15645,1962,0,7,0,0,0,LEADER,1,0,0,6,0,0,0,0,0,0,0,0,0,0,0
17267,67,bully,1622,1,0,0,6,0,84,0,1,67,15645,1622,0,7,0,0,0,LEADER,1,0,0,6,0,0,0,0,0,0,0,0,0,0,0
18028,83,bully,2383,1,0,0,6,0,84,0,1,83,15645,2383,0,7,0,0,0,LEADER,1,0,0,6,0,0,0,0,0,0,0,0,0,0,0
18173,99,bully,1607,1,0,0,7,0,98,0,1,99,16566,1607,0,8,0,0,0,LEADER,1,0,0,7,0,0,0,0,0,0,0,0,0,0,0
17349,55,bully,1704,1,0,0,6,0,84,0,1,55,15645,1704,0,7,0,0,0,LEADER,1,0,0,6,0,0,0,0,0,0,0,0,0,0,0
18140,89,bully,1574,1,0,0,7,0,98,0,1,89,16566,1574,0,8,0,0,0,LEADER,1,0,0,7,0,0,0,0,0,0,0,0,0,0,0
17582,7,bully,2253,1,0,0,7,12,98,168,2,4,15329,2253,0,3,0,0,0,NORMAL,0,0,0,7,0,0,0,12,0,0,0,0,0,0,0
17301,77,bully,1656,1,0,0,6,0,84,0,1,77,15645,1656,0,7,0,0,0,LEADER,1,0,0,6,0,0,0,0,0,0,0,0,0,0,0
17573,71,bully,1928,1,0,0,6,0,84,0,1,71,15645,1928,0,7,0,0,0,LEADER,1,0,0,6,0,0,0,0,0,0,0,0,0,0,0
17485,52,bully,1840,1,0,0,6,0,84,0,1,52,15645,1840,0,7,0,0,0,LEADER,1,0,0,6,0,0,0,0,0,0,0,0,0,0,0
17858,76,bully,2213,1,0,0,6,0,84,0,1,76,15645,2213,0,7,0,0,0,LEADER,1,0,0,6,0,0,0,0,0,0,0,0,0,0,0
17452,10,bully,1807,1,0,0,6,0,84,0,1,10,15645,1807,0,7,0,0,0,LEADER,1,0,0,6,0,0,0,0,0,0,0,0,0,0,0
17385,22,bully,1740,1,0,0,6,0,84,0,1,22,15645,1740,0,7,0,0,0,LEADER,1,0,0,6,0,0,0,0,0,0,0,0,0,0,0
17534,21,bully,1889,1,0,0,6,0,84,0,1,21,15645,1889,0,7,0,0,0,LEADER,1,0,0,6,0,0,0,0,0,0,0,0,0,0,0
17791,56,bully,2146,1,0,0,6,0,84,0,1,56,15645,2146,0,7,0,0,0,LEADER,1,0,0,6,0,0,0,0,0,0,0,0,0,0,0
17316,60,bully,1671,1,0,0,6,0,84,0,1,60,15645,1671,0,7,0,0,0,LEADER,1,0,0,6,0,0,0,0,0,0,0,0,0,0,0
18170,25,bully,1604,1,0,0,7,0,98,0,1,25,16566,1604,0,8,0,0,0,LEADER,1,0,0,7,0,0,0,0,0,0,0,0,0,0,0
17382,65,bully,1737,1,0,0,6,0,84,0,1,65,15645,1737,0,7,0,0,0,LEADER,1,0,0,6,0,0,0,0,0,0,0,0,0,0,0
18058,19,bully,2413,1,0,0,6,0,84,0,1,19,15645,2413,0,7,0,0,0,LEADER,1,0,0,6,0,0,0,0,0,0,0,0,0,0,0
17688,69,bully,2043,1,0,0,6,0,84,0,1,69,15645,2043,0,7,0,0,0,LEADER,1,0,0,6,0,0,0,0,0,0,0,0,0,0,0
18291,54,bully,1725,1,0,0,7,0,98,0,1,54,16566,1725,0,8,0,0,0,LEADER,1,0,0,7,0,0,0,0,0,0,0,0,0,0,0
17637,17,bully,1992,1,0,0,6,0,84,0,1,17,15645,1992,0,7,0,0,0,LEADER,1,0,0,6,0,0,0,0,0,0,0,0,0,0,0
18152,100,bully,1586,1,0,0,7,0,98,0,1,100,16566,1586,0,8,0,0,0,LEADER,1,0,0,7,0,0,0,0,0,0,0,0,0,0,0
18115,16,bully,1549,1,0,0,7,0,98,0,1,16,16566,1549,0,8,0,0,0,LEADER,1,0,0,7,0,0,0,0,0,0,0,0,0,0,0
17703,37,bully,2058,1,0,0,6,0,84,0,1,37,15645,2058,0,7,0,0,0,LEADER,1,0,0,6,0,0,0,0,0,0,0,0,0,0,0
18340,13,bully,1774,1,0,0,7,0,98,0,1,13,16566,1774,0,8,0,0,0,LEADER,1,0,0,7,0,0,0,0,0,0,0,0,0,0,0
17500,20,bully,1855,1,0,0,6,0,84,0,1,20,15645,1855,0,7,0,0,0,LEADER,1,0,0,6,0,0,0,0,0,0,0,0,0,0,0
18133,41,bully,1567,1,0,0,7,0,98,0,1,41,16566,1567,0,8,0,0,0,LEADER,1,0,0,7,0,0,0,0,0,0,0,0,0,0,0
18122,47,bully,1556,1,0,0,7,0,98,0,1,47,16566,1556,0,8,0,0,0,LEADER,1,0,0,7,0,0,0,0,0,0,0,0,0,0,0
17946,95,bully,2301,1,0,0,6,0,84,0,1,95,15645,2301,0,7,0,0,0,LEADER,1,0,0,6,0,0,0,0,0,0,0,0,0,0,0
17810,98,bully,2165,1,0,0,6,0,84,0,1,98,15645,2165,0,7,0,0,0,LEADER,1,0,0,6,0,0,0,0,0,0,0,0,0,0,0
17994,73,bully,2349,1,0,0,6,0,84,0,1,73,15645,2349,0,7,0,0,0,LEADER,1,0,0,6,0,0,0,0,0,0,0,0,0,0,0
17540,61,bully,1895,1,0,0,6,0,84,0,1,61,15645,1895,0,7,0,0,0,LEADER,1,0,0,6,0,0,0,0,0,0,0,0,0,0,0
18288,97,bully,1722,1,0,0,7,0,98,0,1,97,16566,1722,0,8,0,0,0,LEADER,1,0,0,7,0,0,0,0,0,0,0,0,0,0,0
18318,33,bully,1752,1,0,0,7,0,98,0,1,33,16566,1752,0,8,0,0,0,LEADER,1,0,0,7,0,0,0,0,0,0,0,0,0,0,0
17976,31,bully,2331,1,0,0,6,0,84,0,1,31,15645,2331,0,7,0,0,0,LEADER,1,0,0,6,0,0,0,0,0,0,0,0,0,0,0
18476,29,bully,1910,1,0,0,7,0,98,0,1,29,16566,1910,0,8,0,0,0,LEADER,1,0,0,7,0,0,0,0,0,0,0,0,0,0,0
18488,40,bully,1922,1,0,0,7,0,98,0,1,40,16566,1922,0,8,0,0,0,LEADER,1,0,0,7,0,0,0,0,0,0,0,0,0,0,0
18310,96,bully,1744,1,0,0,7,0,98,0,1,96,16566,1744,0,8,0,0,0,LEADER,1,0,0,7,0,0,0,0,0,0,0,0,0,0,0
18391,84,bully,1825,1,0,0,7,0,98,0,1,84,16566,1825,0,8,0,0,0,LEADER,1,0,0,7,0,0,0,0,0,0,0,0,0,0,0
18085,80,bully,1519,1,0,0,7,0,98,0,1,80,16566,1519,0,8,0,0,0,LEADER,1,0,0,7,0,0,0,0,0,0,0,0,0,0,0
17928,53,bully,2283,1,0,0,6,0,84,0,1,53,15645,2283,0,7,0,0,0,LEADER,1,0,0,6,0,0,0,0,0,0,0,0,0,0,0
18004,92,bully,1438,1,0,0,7,0,98,0,1,92,16566,1438,0,8,0,0,0,LEADER,1,0,0,7,0,0,0,0,0,0,0,0,0,0,0
18440,62,bully,1874,1,0,0,7,0,98,0,1,62,16566,1874,0,8,0,0,0,LEADER,1,0,0,7,0,0,0,0,0,0,0,0,0,0,0
18185,91,bully,1619,1,0,0,7,0,98,0,1,91,16566,1619,0,8,0,0,0,LEADER,1,0,0,7,0,0,0,0,0,0,0,0,0,0,0
18137,15,bully,1571,1,0,0,7,0,98,0,1,15,16566,1571,0,8,0,0,0,LEADER,1,0,0,7,0,0,0,0,0,0,0,0,0,0,0
17806,26,bully,2161,1,0,0,6,0,84,0,1,26,15645,2161,0,7,0,0,0,LEADER,1,0,0,6,0,0,0,0,0,0,0,0,0,0,0
17896,4,bully,2115,1,0,0,6,13,84,182,2,4,15781,2115,0,4,0,0,0,LEADER,1,0,0,6,0,0,0,13,0,0,0,0,0,0,0
18543,49,bully,1977,1,0,0,7,0,98,0,1,49,16566,1977,0,8,0,0,0,LEADER,1,0,0,7,0,0,0,0,0,0,0,0,0,0,0
18358,58,bully,1792,1,0,0,7,0,98,0,1,58,16566,1792,0,8,0,0,0,LEADER,1,0,0,7,0,0,0,0,0,0,0,0,0,0,0
17891,86,bully,2246,1,0,0,6,0,84,0,1,86,15645,2246,0,7,0,0,0,LEADER,1,0,0,6,0,0,0,0,0,0,0,0,0,0,0
18064,50,bully,2419,1,0,0,6,0,84,0,1,50,15645,2419,0,7,0,0,0,LEADER,1,0,0,6,0,0,0,0,0,0,0,0,0,0,0
17913,85,bully,2268,1,0,0,6,0,84,0,1,85,15645,2268,0,7,0,0,0,LEADER,1,0,0,6,0,0,0,0,0,0,0,0,0,0,0
17856,87,bully,2212,1,0,0,6,0,84,0,1,87,15644,2212,0,7,0,0,0,LEADER,1,0,0,6,0,0,0,0,0,0,0,0,0,0,0
18061,64,bully,2416,1,0,0,6,0,84,0,1,64,15645,2416,0,7,0,0,0,LEADER,1,0,0,6,0,0,0,0,0,0,0,0,0,0,0
17909,11,bully,2264,1,0,0,6,0,84,0,1,11,15645,2264,0,7,0,0,0,LEADER,1,0,0,6,0,0,0,0,0,0,0,0,0,0,0
18000,18,bully,1434,1,0,0,7,0,98,0,1,18,16566,1434,0,8,0,0,0,LEADER,1,0,0,7,0,0,0,0,0,0,0,0,0,0,0
18119,90,bully,1553,1,0,0,7,0,98,0,1,90,16566,1553,0,8,0,0,0,LEADER,1,0,0,7,0,0,0,0,0,0,0,0,0,0,0
18013,35,bully,1447,1,0,0,7,0,98,0,1,35,16566,1447,0,8,0,0,0,LEADER,1,0,0,7,0,0,0,0,0,0,0,0,0,0,0
17894,43,bully,2249,1,0,0,6,0,84,0,1,43,15645,2249,0,7,0,0,0,LEADER,1,0,0,6,0,0,0,0,0,0,0,0,0,0,0
18441,2,bully,2214,1,0,0,6,11,84,154,2,2,16227,2214,0,4,0,0,0,LEADER,1,0,0,6,0,0,0,11,0,0,0,0,0,0,0
18033,28,bully,1467,1,0,0,7,0,98,0,1,28,16566,1467,0,8,0,0,0,LEADER,1,0,0,7,0,0,0,0,0,0,0,0,0,0,0
17872,44,bully,2228,1,0,0,6,0,84,0,1,44,15644,2228,0,7,0,0,0,LEADER,1,0,0,6,0,0,0,0,0,0,0,0,0,0,0
18707,23,bully,2141,1,0,0,7,0,98,0,1,23,16566,2141,0,8,0,0,0,LEADER,1,0,0,7,0,0,0,0,0,0,0,0,0,0,0
18027,30,bully,1461,1,0,0,7,0,98,0,1,30,16566,1461,0,8,0,0,0,LEADER,1,0,0,7,0,0,0,0,0,0,0,0,0,0,0
18425,94,bully,1859,1,0,0,7,0,98,0,1,94,16566,1859,0,8,0,0,0,LEADER,1,0,0,7,0,0,0,0,0,0,0,0,0,0,0
18067,38,bully,1501,1,0,0,7,0,98,0,1,38,16566,1501,0,8,0,0,0,LEADER,1,0,0,7,0,0,0,0,0,0,0,0,0,0,0
18746,66,bully,2180,1,0,0,7,0,98,0,1,66,16566,2180,0,8,0,0,0,LEADER,1,0,0,7,0,0,0,0,0,0,0,0,0,0,0
18052,70,bully,1486,1,0,0,7,0,98,0,1,70,16566,1486,0,8,0,0,0,LEADER,1,0,0,7,0,0,0,0,0,0,0,0,0,0,0
18697,88,bully,2131,1,0,0,7,0,98,0,1,88,16566,2131,0,8,0,0,0,LEADER,1,0,0,7,0,0,0,0,0,0,0,0,0,0,0
17880,75,bully,2235,1,0,0,6,0,84,0,1,75,15645,2235,0,7,0,0,0,LEADER,1,0,0,6,0,0,0,0,0,0,0,0,0,0,0
17888,12,bully,2243,1,0,0,6,0,84,0,1,12,15645,2243,0,7,0,0,0,LEADER,1,0,0,6,0,0,0,0,0,0,0,0,0,0,0
18591,27,bully,2025,1,0,0,7,0,98,0,1,27,16566,2025,0,8,0,0,0,LEADER,1,0,0,7,0,0,0,0,0,0,0,0,0,0,0
18132,5,bully,2001,1,0,0,7,12,98,168,3,5,16131,2001,0,4,0,0,0,LEADER,1,0,0,7,0,0,0,12,0,0,0,0,0,0,0
18080,42,bully,1514,1,0,0,7,0,98,0,1,42,16566,1514,0,8,0,0,0,LEADER,1,0,0,7,0,0,0,0,0,0,0,0,0,0,0
18727,24,bully,2161,1,0,0,7,0,98,0,1,24,16566,2161,0,8,0,0,0,LEADER,1,0,0,7,0,0,0,0,0,0,0,0,0,0,0
18679,46,bully,2113,1,0,0,7,0,98,0,1,46,16566,2113,0,8,0,0,0,LEADER,1,0,0,7,0,0,0,0,0,0,0,0,0,0,0
18203,34,bully,1637,1,0,0,7,0,98,0,1,34,16566,1637,0,8,0,0,0,LEADER,1,0,0,7,0,0,0,0,0,0,0,0,0,0,0
18576,59,bully,2010,1,0,0,7,0,98,0,1,59,16566,2010,0,8,0,0,0,LEADER,1,0,0,7,0,0,0,0,0,0,0,0,0,0,0
18858,32,bully,2292,1,0,0,7,0,98,0,1,32,16566,2292,0,8,0,0,0,LEADER,1,0,0,7,0,0,0,0,0,0,0,0,0,0,0
18473,72,bully,1907,1,0,0,7,0,98,0,1,72,16566,1907,0,8,0,0,0,LEADER,1,0,0,7,0,0,0,0,0,0,0,0,0,0,0
18882,63,bully,2316,1,0,0,7,0,98,0,1,63,16566,2316,0,8,0,0,0,LEADER,1,0,0,7,0,0,0,0,0,0,0,0,0,0,0
18358,74,bully,1792,1,0,0,7,0,98,0,1,74,16566,1792,0,8,0,0,0,LEADER,1,0,0,7,0,0,0,0,0,0,0,0,0,0,0
18100,48,bully,1534,1,0,0,7,0,98,0,1,48,16566,1534,0,8,0,0,0,LEADER,1,0,0,7,0,0,0,0,0,0,0,0,0,0,0
18561,57,bully,1995,1,0,0,7,0,98,0,1,57,16566,1995,0,8,0,0,0,LEADER,1,0,0,7,0,0,0,0,0,0,0,0,0,0,0
18631,68,bully,2065,1,0,0,7,0,98,0,1,68,16566,2065,0,8,0,0,0,LEADER,1,0,0,7,0,0,0,0,0,0,0,0,0,0,0
18032,45,bully,1466,1,0,0,7,0,98,0,1,45,16566,1466,0,8,0,0,0,LEADER,1,0,0,7,0,0,0,0,0,0,0,0,0,0,0
18389,93,bully,1823,1,0,0,7,0,98,0,1,93,16566,1823,0,8,0,0,0,LEADER,1,0,0,7,0,0,0,0,0,0,0,0,0,0,0
18970,82,bully,2404,1,0,0,7,0,98,0,1,82,16566,2404,0,8,0,0,0,LEADER,1,0,0,7,0,0,0,0,0,0,0,0,0,0,0
18964,51,bully,2398,1,0,0,7,0,98,0,1,51,16566,2398,0,8,0,0,0,LEADER,1,0,0,7,0,0,0,0,0,0,0,0,0,0,0
18509,39,bully,1943,1,0,0,7,0,98,0,1,39,16566,1943,0,8,0,0,0,LEADER,1,0,0,7,0,0,0,0,0,0,0,0,0,0,0
18255,78,bully,1689,1,0,0,7,0,98,0,1,78,16566,1689,0,8,0,0,0,LEADER,1,0,0,7,0,0,0,0,0,0,0,0,0,0,0
18643,79,bully,2077,1,0,0,7,0,98,0,1,79,16566,2077,0,8,0,0,0,LEADER,1,0,0,7,0,0,0,0,0,0,0,0,0,0,0
18218,14,bully,1652,1,0,0,7,0,98,0,1,14,16566,1652,0,8,0,0,0,LEADER,1,0,0,7,0,0,0,0,0,0,0,0,0,0,0
18645,36,bully,2080,1,0,0,7,0,98,0,1,36,16565,2080,0,8,0,0,0,LEADER,1,0,0,7,0,0,0,0,0,0,0,0,0,0,0
18528,81,bully,1962,1,0,0,7,0,98,0,1,81,16566,1962,0,8,0,0,0,LEADER,1,0,0,7,0,0,0,0,0,0,0,0,0,0,0
18188,67,bully,1622,1,0,0,7,0,98,0,1,67,16566,1622,0,8,0,0,0,LEADER,1,0,0,7,0,0,0,0,0,0,0,0,0,0,0
18949,83,bully,2383,1,0,0,7,0,98,0,1,83,16566,2383,0,8,0,0,0,LEADER,1,0,0,7,0,0,0,0,0,0,0,0,0,0,0
19093,99,bully,1607,1,0,0,7,0,98,0,1,99,17486,1607,0,8,0,0,0,LEADER,1,0,0,7,0,0,0,0,0,0,0,0,0,0,0
18270,55,bully,1704,1,0,0,7,0,98,0,1,55,16566,1704,0,8,0,0,0,LEADER,1,0,0,7,0,0,0,0,0,0,0,0,0,0,0
19060,89,bully,1574,1,0,0,7,0,98,0,1,89,17486,1574,0,8,0,0,0,LEADER,1,0,0,7,0,0,0,0,0,0,0,0,0,0,0
18222,77,bully,1656,1,0,0,7,0,98,0,1,77,16566,1656,0,8,0,0,0,LEADER,1,0,0,7,0,0,0,0,0,0,0,0,0,0,0
18494,71,bully,1928,1,0,0,7,0,98,0,1,71,16566,1928,0,8,0,0,0,LEADER,1,0,0,7,0,0,0,0,0,0,0,0,0,0,0
18406,52,bully,1840,1,0,0,7,0,98,0,1,52,16566,1840,0,8,0,0,0,LEADER,1,0,0,7,0,0,0,0,0,0,0,0,0,0,0
18779,76,bully,2213,1,0,0,7,0,98,0,1,76,16566,2213,0,8,0,0,0,LEADER,1,0,0,7,0,0,0,0,0,0,0,0,0,0,0
18373,10,bully,1807,1,0,0,7,0,98,0,1,10,16566,1807,0,8,0,0,0,LEADER,1,0,0,7,0,0,0,0,0,0,0,0,0,0,0
18306,22,bully,1740,1,0,0,7,0,98,0,1,22,16566,1740,0,8,0,0,0,LEADER,1,0,0,7,0,0,0,0,0,0,0,0,0,0,0
18455,21,bully,1889,1,0,0,7,0,98,0,1,21,16566,1889,0,8,0,0,0,LEADER,1,0,0,7,0,0,0,0,0,0,0,0,0,0,0
18712,56,bully,2146,1,0,0,7,0,98,0,1,56,16566,2146,0,8,0,0,0,LEADER,1,0,0,7,0,0,0,0,0,0,0,0,0,0,0
18237,60,bully,1671,1,0,0,7,0,98,0,1,60,16566,1671,0,8,0,0,0,LEADER,1,0,0,7,0,0,0,0,0,0,0,0,0,0,0
19090,25,bully,1604,1,0,0,7,0,98,0,1,25,17486,1604,0,8,0,0,0,LEADER,1,0,0,7,0,0,0,0,0,0,0,0,0,0,0
18303,65,bully,1737,1,0,0,7,0,98,0,1,65,16566,1737,0,8,0,0,0,LEADER,1,0,0,7,0,0,0,0,0,0,0,0,0,0,0
18979,19,bully,2413,1,0,0,7,0,98,0,1,19,16566,2413,0,8,0,0,0,LEADER,1,0,0,7,0,0,0,0,0,0,0,0,0,0,0
18609,69,bully,2043,1,0,0,7,0,98,0,1,69,16566,2043,0,8,0,0,0,LEADER,1,0,0,7,0,0,0,0,0,0,0,0,0,0,0
19211,54,bully,1725,1,0,0,7,0,98,0,1,54,17486,1725,0,8,0,0,0,LEADER,1,0,0,7,0,0,0,0,0,0,0,0,0,0,0
18558,17,bully,1992,1,0,0,7,0,98,0,1,17,16566,1992,0,8,0,0,0,LEADER,1,0,0,7,0,0,0,0,0,0,0,0,0,0,0
19072,100,bully,1586,1,0,0,7,0,98,0,1,100,17486,1586,0,8,0,0,0,LEADER,1,0,0,7,0,0,0,0,0,0,0,0,0,0,0
19035,16,bully,1549,1,0,0,7,0,98,0,1,16,17486,1549,0,8,0,0,0,LEADER,1,0,0,7,0,0,0,0,0,0,0,0,0,0,0
18624,37,bully,2058,1,0,0,7,0,98,0,1,37,16566,2058,0,8,0,0,0,LEADER,1,0,0,7,0,0,0,0,0,0,0,0,0,0,0
19260,13,bully,1774,1,0,0,7,0,98,0,1,13,17486,1774,0,8,0,0,0,LEADER,1,0,0,7,0,0,0,0,0,0,0,0,0,0,0
18421,20,bully,1855,1,0,0,7,0,98,0,1,20,16566,1855,0,8,0,0,0,LEADER,1,0,0,7,0,0,0,0,0,0,0,0,0,0,0
18783,8,bully,2467,1,0,0,6,13,84,182,2,8,16316,2467,0,4,0,0,0,LEADER,1,0,0,6,0,0,0,13,0,0,0,0,0,0,0
19053,41,bully,1567,1,0,0,7,0,98,0,1,41,17486,1567,0,8,0,0,0,LEADER,1,0,0,7,0,0,0,0,0,0,0,0,0,0,0
19042,47,bully,1556,1,0,0,7,0,98,0,1,47,17486,1556,0,8,0,0,0,LEADER,1,0,0,7,0,0,0,0,0,0,0,0,0,0,0
18867,95,bully,2301,1,0,0,7,0,98,0,1,95,16566,2301,0,8,0,0,0,LEADER,1,0,0,7,0,0,0,0,0,0,0,0,0,0,0
18731,98,bully,2165,1,0,0,7,0,98,0,1,98,16566,2165,0,8,0,0,0,LEADER,1,0,0,7,0,0,0,0,0,0,0,0,0,0,0
18915,73,bully,2349,1,0,0,7,0,98,0,1,73,16566,2349,0,8,0,0,0,LEADER,1,0,0,7,0,0,0,0,0,0,0,0,0,0,0
19238,33,bully,1752,1,0,0,7,0,98,0,1,33,17486,1752,0,8,0,0,0,LEADER,1,0,0,7,0,0,0,0,0,0,0,0,0,0,0
18461,61,bully,1895,1,0,0,7,0,98,0,1,61,16566,1895,0,8,0,0,0,LEADER,1,0,0,7,0,0,0,0,0,0,0,0,0,0,0
19208,97,bully,1722,1,0,0,7,0,98,0,1,97,17486,1722,0,8,0,0,0,LEADER,1,0,0,7,0,0,0,0,0,0,0,0,0,0,0
19396,29,bully,1910,1,0,0,7,0,98,0,1,29,17486,1910,0,8,0,0,0,LEADER,1,0,0,7,0,0,0,0,0,0,0,0,0,0,0
19408,40,bully,1922,1,0,0,7,0,98,0,1,40,17486,1922,0,8,0,0,0,LEADER,1,0,0,7,0,0,0,0,0,0,0,0,0,0,0
18897,31,bully,2331,1,0,0,7,0,98,0,1,31,16566,2331,0,8,0,0,0,LEADER,1,0,0,7,0,0,0,0,0,0,0,0,0,0,0
19230,96,bully,1744,1,0,0,7,0,98,0,1,96,17486,1744,0,8,0,0,0,LEADER,1,0,0,7,0,0,0,0,0,0,0,0,0,0,0
19311,84,bully,1825,1,0,0,7,0,98,0,1,84,17486,1825,0,8,0,0,0,LEADER,1,0,0,7,0,0,0,0,0,0,0,0,0,0,0
19005,80,bully,1519,1,0,0,7,0,98,0,1,80,17486,1519,0,8,0,0,0,LEADER,1,0,0,7,0,0,0,0,0,0,0,0,0,0,0
18849,53,bully,2283,1,0,0,7,0,98,0,1,53,16566,2283,0,8,0,0,0,LEADER,1,0,0,7,0,0,0,0,0,0,0,0,0,0,0
18924,92,bully,1438,1,0,0,7,0,98,0,1,92,17486,1438,0,8,0,0,0,LEADER,1,0,0,7,0,0,0,0,0,0,0,0,0,0,0
19360,62,bully,1874,1,0,0,7,0,98,0,1,62,17486,1874,0,8,0,0,0,LEADER,1,0,0,7,0,0,0,0,0,0,0,0,0,0,0
19105,91,bully,1619,1,0,0,7,0,98,0,1,91,17486,1619,0,8,0,0,0,LEADER,1,0,0,7,0,0,0,0,0,0,0,0,0,0,0
19057,15,bully,1571,1,0,0,7,0,98,0,1,15,17486,1571,0,8,0,0,0,LEADER,1,0,0,7,0,0,0,0,0,0,0,0,0,0,0
18727,26,bully,2161,1,0,0,7,0,98,0,1,26,16566,2161,0,8,0,0,0,LEADER,1,0,0,7,0,0,0,0,0,0,0,0,0,0,0
19463,49,bully,1977,1,0,0,7,0,98,0,1,49,17486,1977,0,8,0,0,0,LEADER,1,0,0,7,0,0,0,0,0,0,0,0,0,0,0
19278,58,bully,1792,1,0,0,7,0,98,0,1,58,17486,1792,0,8,0,0,0,LEADER,1,0,0,7,0,0,0,0,0,0,0,0,0,0,0
18812,86,bully,2246,1,0,0,7,0,98,0,1,86,16566,2246,0,8,0,0,0,LEADER,1,0,0,7,0,0,0,0,0,0,0,0,0,0,0
18985,50,bully,2419,1,0,0,7,0,98,0,1,50,16566,2419,0,8,0,0,0,LEADER,1,0,0,7,0,0,0,0,0,0,0,0,0,0,0
18834,85,bully,2268,1,0,0,7,0,98,0,1,85,16566,2268,0,8,0,0,0,LEADER,1,0,0,7,0,0,0,0,0,0,0,0,0,0,0
18777,87,bully,2212,1,0,0,7,0,98,0,1,87,16565,2212,0,8,0,0,0,LEADER,1,0,0,7,0,0,0,0,0,0,0,0,0,0,0
18982,64,bully,2416,1,0,0,7,0,98,0,1,64,16566,2416,0,8,0,0,0,LEADER,1,0,0,7,0,0,0,0,0,0,0,0,0,0,0
18920,18,bully,1434,1,0,0,7,0,98,0,1,18,17486,1434,0,8,0,0,0,LEADER,1,0,0,7,0,0,0,0,0,0,0,0,0,0,0
18830,11,bully,2264,1,0,0,7,0,98,0,1,11,16566,2264,0,8,0,0,0,LEADER,1,0,0,7,0,0,0,0,0,0,0,0,0,0,0
19039,90,bully,1553,1,0,0,7,0,98,0,1,90,17486,1553,0,8,0,0,0,LEADER,1,0,0,7,0,0,0,0,0,0,0,0,0,0,0
18933,35,bully,1447,1,0,0,7,0,98,0,1,35,17486,1447,0,8,0,0,0,LEADER,1,0,0,7,0,0,0,0,0,0,0,0,0,0,0
18815,43,bully,2249,1,0,0,7,0,98,0,1,43,16566,2249,0,8,0,0,0,LEADER,1,0,0,7,0,0,0,0,0,0,0,0,0,0,0
18953,28,bully,1467,1,0,0,7,0,98,0,1,28,17486,1467,0,8,0,0,0,LEADER,1,0,0,7,0,0,0,0,0,0,0,0,0,0,0
19627,23,bully,2141,1,0,0,7,0,98,0,1,23,17486,2141,0,8,0,0,0,LEADER,1,0,0,7,0,0,0,0,0,0,0,0,0,0,0
18793,44,bully,2228,1,0,0,7,0,98,0,1,44,16565,2228,0,8,0,0,0,LEADER,1,0,0,7,0,0,0,0,0,0,0,0,0,0,0
18947,30,bully,1461,1,0,0,7,0,98,0,1,30,17486,1461,0,8,0,0,0,LEADER,1,0,0,7,0,0,0,0,0,0,0,0,0,0,0
19345,94,bully,1859,1,0,0,7,0,98,0,1,94,17486,1859,0,8,0,0,0,LEADER,1,0,0,7,0,0,0,0,0,0,0,0,0,0,0
18987,38,bully,1501,1,0,0,7,0,98,0,1,38,17486,1501,0,8,0,0,0,LEADER,1,0,0,7,0,0,0,0,0,0,0,0,0,0,0
19666,66,bully,2180,1,0,0,7,0,98,0,1,66,17486,2180,0,8,0,0,0,LEADER,1,0,0,7,0,0,0,0,0,0,0,0,0,0,0
18972,70,bully,1486,1,0,0,7,0,98,0,1,70,17486,1486,0,8,0,0,0,LEADER,1,0,0,7,0,0,0,0,0,0,0,0,0,0,0
19617,88,bully,2131,1,0,0,7,0,98,0,1,88,17486,2131,0,8,0,0,0,LEADER,1,0,0,7,0,0,0,0,0,0,0,0,0,0,0
18801,75,bully,2235,1,0,0,7,0,98,0,1,75,16566,2235,0,8,0,0,0,LEADER,1,0,0,7,0,0,0,0,0,0,0,0,0,0,0
18809,12,bully,2243,1,0,0,7,0,98,0,1,12,16566,2243,0,8,0,0,0,LEADER,1,0,0,7,0,0,0,0,0,0,0,0,0,0,0
19511,27,bully,2025,1,0,0,7,0,98,0,1,27,17486,2025,0,8,0,0,0,LEADER,1,0,0,7,0,0,0,0,0,0,0,0,0,0,0
19000,42,bully,1514,1,0,0,7,0,98,0,1,42,17486,1514,0,8,0,0,0,LEADER,1,0,0,7,0,0,0,0,0,0,0,0,0,0,0
19647,24,bully,2161,1,0,0,7,0,98,0,1,24,17486,2161,0,8,0,0,0,LEADER,1,0,0,7,0,0,0,0,0,0,0,0,0,0,0
19599,46,bully,2113,1,0,0,7,0,98,0,1,46,17486,2113,0,8,0,0,0,LEADER,1,0,0,7,0,0,0,0,0,0,0,0,0,0,0
19496,59,bully,2010,1,0,0,7,0,98,0,1,59,17486,2010,0,8,0,0,0,LEADER,1,0,0,7,0,0,0,0,0,0,0,0,0,0,0
19123,34,bully,1637,1,0,0,7,0,98,0,1,34,17486,1637,0,8,0,0,0,LEADER,1,0,0,7,0,0,0,0,0,0,0,0,0,0,0
19778,32,bully,2292,1,0,0,7,0,98,0,1,32,17486,2292,0,8,0,0,0,LEADER,1,0,0,7,0,0,0,0,0,0,0,0,0,0,0
19393,72,bully,1907,1,0,0,7,0,98,0,1,72,17486,1907,0,8,0,0,0,LEADER,1,0,0,7,0,0,0,0,0,0,0,0,0,0,0
19802,63,bully,2316,1,0,0,7,0,98,0,1,63,17486,2316,0,8,0,0,0,LEADER,1,0,0,7,0,0,0,0,0,0,0,0,0,0,0
19278,74,bully,1792,1,0,0,7,0,98,0,1,74,17486,1792,0,8,0,0,0,LEADER,1,0,0,7,0,0,0,0,0,0,0,0,0,0,0
19020,48,bully,1534,1,0,0,7,0,98,0,1,48,17486,1534,0,8,0,0,0,LEADER,1,0,0,7,0,0,0,0,0,0,0,0,0,0,0
19481,57,bully,1995,1,0,0,7,0,98,0,1,57,17486,1995,0,8,0,0,0,LEADER,1,0,0,7,0,0,0,0,0,0,0,0,0,0,0
19551,68,bully,2065,1,0,0,7,0,98,0,1,68,17486,2065,0,8,0,0,0,LEADER,1,0,0,7,0,0,0,0,0,0,0,0,0,0,0
18952,45,bully,1466,1,0,0,7,0,98,0,1,45,17486,1466,0,8,0,0,0,LEADER,1,0,0,7,0,0,0,0,0,0,0,0,0,0,0
19309,93,bully,1823,1,0,0,7,0,98,0,1,93,17486,1823,0,8,0,0,0,LEADER,1,0,0,7,0,0,0,0,0,0,0,0,0,0,0
19890,82,bully,2404,1,0,0,7,0,98,0,1,82,17486,2404,0,8,0,0,0,LEADER,1,0,0,7,0,0,0,0,0,0,0,0,0,0,0
19884,51,bully,2398,1,0,0,7,0,98,0,1,51,17486,2398,0,8,0,0,0,LEADER,1,0,0,7,0,0,0,0,0,0,0,0,0,0,0
19429,39,bully,1943,1,0,0,7,0,98,0,1,39,17486,1943,0,8,0,0,0,LEADER,1,0,0,7,0,0,0,0,0,0,0,0,0,0,0
19113,3,bully,1903,1,0,0,6,13,84,182,2,4,17210,1903,0,3,0,0,0,NORMAL,0,0,0,6,0,0,0,13,0,0,0,0,0,0,0
19175,78,bully,1689,1,0,0,7,0,98,0,1,78,17486,1689,0,8,0,0,0,LEADER,1,0,0,7,0,0,0,0,0,0,0,0,0,0,0
19563,79,bully,2077,1,0,0,7,0,98,0,1,79,17486,2077,0,8,0,0,0,LEADER,1,0,0,7,0,0,0,0,0,0,0,0,0,0,0
19138,14,bully,1652,1,0,0,7,0,98,0,1,14,17486,1652,0,8,0,0,0,LEADER,1,0,0,7,0,0,0,0,0,0,0,0,0,0,0
19565,36,bully,2080,1,0,0,7,0,98,0,1,36,17485,2080,0,8,0,0,0,LEADER,1,0,0,7,0,0,0,0,0,0,0,0,0,0,0
19448,81,bully,1962,1,0,0,7,0,98,0,1,81,17486,1962,0,8,0,0,0,LEADER,1,0,0,7,0,0,0,0,0,0,0,0,0,0,0
19108,67,bully,1622,1,0,0,7,0,98,0,1,67,17486,1622,0,8,0,0,0,LEADER,1,0,0,7,0,0,0,0,0,0,0,0,0,0,0
19869,83,bully,2383,1,0,0,7,0,98,0,1,83,17486,2383,0,8,0,0,0,LEADER,1,0,0,7,0,0,0,0,0,0,0,0,0,0,0
20013,99,bully,1607,1,0,0,7,0,98,0,1,99,18406,1607,0,8,0,0,0,LEADER,1,0,0,7,0,0,0,0,0,0,0,0,0,0,0
19190,55,bully,1704,1,0,0,7,0,98,0,1,55,17486,1704,0,8,0,0,0,LEADER,1,0,0,7,0,0,0,0,0,0,0,0,0,0,0
19980,89,bully,1574,1,0,0,7,0,98,0,1,89,18406,1574,0,8,0,0,0,LEADER,1,0,0,7,0,0,0,0,0,0,0,0,0,0,0
19142,77,bully,1656,1,0,0,7,0,98,0,1,77,17486,1656,0,8,0,0,0,LEADER,1,0,0,7,0,0,0,0,0,0,0,0,0,0,0
19414,71,bully,1928,1,0,0,7,0,98,0,1,71,17486,1928,0,8,0,0,0,LEADER,1,0,0,7,0,0,0,0,0,0,0,0,0,0,0
19326,52,bully,1840,1,0,0,7,0,98,0,1,52,17486,1840,0,8,0,0,0,LEADER,1,0,0,7,0,0,0,0,0,0,0,0,0,0,0
19699,76,bully,2213,1,0,0,7,0,98,0,1,76,17486,2213,0,8,0,0,0,LEADER,1,0,0,7,0,0,0,0,0,0,0,0,0,0,0
19293,10,bully,1807,1,0,0,7,0,98,0,1,10,17486,1807,0,8,0,0,0,LEADER,1,0,0,7,0,0,0,0,0,0,0,0,0,0,0
19226,22,bully,1740,1,0,0,7,0,98,0,1,22,17486,1740,0,8,0,0,0,LEADER,1,0,0,7,0,0,0,0,0,0,0,0,0,0,0
19375,21,bully,1889,1,0,0,7,0,98,0,1,21,17486,1889,0,8,0,0,0,LEADER,1,0,0,7,0,0,0,0,0,0,0,0,0,0,0
19632,56,bully,2146,1,0,0,7,0,98,0,1,56,17486,2146,0,8,0,0,0,LEADER,1,0,0,7,0,0,0,0,0,0,0,0,0,0,0
19157,60,bully,1671,1,0,0,7,0,98,0,1,60,17486,1671,0,8,0,0,0,LEADER,1,0,0,7,0,0,0,0,0,0,0,0,0,0,0
20010,25,bully,1604,1,0,0,7,0,98,0,1,25,18406,1604,0,8,0,0,0,LEADER,1,0,0,7,0,0,0,0,0,0,0,0,0,0,0
19223,65,bully,1737,1,0,0,7,0,98,0,1,65,17486,1737,0,8,0,0,0,LEADER,1,0,0,7,0,0,0,0,0,0,0,0,0,0,0
19899,19,bully,2413,1,0,0,7,0,98,0,1,19,17486,2413,0,8,0,0,0,LEADER,1,0,0,7,0,0,0,0,0,0,0,0,0,0,0
19529,69,bully,2043,1,0,0,7,0,98,0,1,69,17486,2043,0,8,0,0,0,LEADER,1,0,0,7,0,0,0,0,0,0,0,0,0,0,0
20131,54,bully,1725,1,0,0,7,0,98,0,1,54,18406,1725,0,8,0,0,0,LEADER,1,0,0,7,0,0,0,0,0,0,0,0,0,0,0
19478,17,bully,1992,1,0,0,7,0,98,0,1,17,17486,1992,0,8,0,0,0,LEADER,1,0,0,7,0,0,0,0,0,0,0,0,0,0,0
19992,100,bully,1586,1,0,0,7,0,98,0,1,100,18406,1586,0,8,0,0,0,LEADER,1,0,0,7,0,0,0,0,0,0,0,0,0,0,0
19955,16,bully,1549,1,0,0,7,0,98,0,1,16,18406,1549,0,8,0,0,0,LEADER,1,0,0,7,0,0,0,0,0,0,0,0,0,0,0
19544,37,bully,2058,1,0,0,7,0,98,0,1,37,17486,2058,0,8,0,0,0,LEADER,1,0,0,7,0,0,0,0,0,0,0,0,0,0,0
20180,13,bully,1774,1,0,0,7,0,98,0,1,13,18406,1774,0,8,0,0,0,LEADER,1,0,0,7,0,0,0,0,0,0,0,0,0,0,0
19341,20,bully,1855,1,0,0,7,0,98,0,1,20,17486,1855,0,8,0,0,0,LEADER,1,0,0,7,0,0,0,0,0,0,0,0,0,0,0
19973,41,bully,1567,1,0,0,7,0,98,0,1,41,18406,1567,0,8,0,0,0,LEADER,1,0,0,7,0,0,0,0,0,0,0,0,0,0,0
19962,47,bully,1556,1,0,0,7,0,98,0,1,47,18406,1556,0,8,0,0,0,LEADER,1,0,0,7,0,0,0,0,0,0,0,0,0,0,0
19787,95,bully,2301,1,0,0,7,0,98,0,1,95,17486,2301,0,8,0,0,0,LEADER,1,0,0,7,0,0,0,0,0,0,0,0,0,0,0
19651,98,bully,2165,1,0,0,7,0,98,0,1,98,17486,2165,0,8,0,0,0,LEADER,1,0,0,7,0,0,0,0,0,0,0,0,0,0,0
19835,73,bully,2349,1,0,0,7,0,98,0,1,73,17486,2349,0,8,0,0,0,LEADER,1,0,0,7,0,0,0,0,0,0,0,0,0,0,0
19381,61,bully,1895,1,0,0,7,0,98,0,1,61,17486,1895,0,8,0,0,0,LEADER,1,0,0,7,0,0,0,0,0,0,0,0,0,0,0
20128,97,bully,1722,1,0,0,7,0,98,0,1,97,18406,1722,0,8,0,0,0,LEADER,1,0,0,7,0,0,0,0,0,0,0,0,0,0,0
20158,33,bully,1752,1,0,0,7,0,98,0,1,33,18406,1752,0,8,0,0,0,LEADER,1,0,0,7,0,0,0,0,0,0,0,0,0,0,0
20316,29,bully,1910,1,0,0,7,0,98,0,1,29,18406,1910,0,8,0,0,0,LEADER,1,0,0,7,0,0,0,0,0,0,0,0,0,0,0
20328,40,bully,1922,1,0,0,7,0,98,0,1,40,18406,1922,0,8,0,0,0,LEADER,1,0,0,7,0,0,0,0,0,0,0,0,0,0,0
19817,31,bully,2331,1,0,0,7,0,98,0,1,31,17486,2331,0,8,0,0,0,LEADER,1,0,0,7,0,0,0,0,0,0,0,0,0,0,0
20150,96,bully,1744,1,0,0,7,0,98,0,1,96,18406,1744,0,8,0,0,0,LEADER,1,0,0,7,0,0,0,0,0,0,0,0,0,0,0
20231,84,bully,1825,1,0,0,7,0,98,0,1,84,18406,1825,0,8,0,0,0,LEADER,1,0,0,7,0,0,0,0,0,0,0,0,0,0,0
19925,80,bully,1519,1,0,0,7,0,98,0,1,80,18406,1519,0,8,0,0,0,LEADER,1,0,0,7,0,0,0,0,0,0,0,0,0,0,0
19769,53,bully,2283,1,0,0,7,0,98,0,1,53,17486,2283,0,8,0,0,0,LEADER,1,0,0,7,0,0,0,0,0,0,0,0,0,0,0
19844,92,bully,1438,1,0,0,7,0,98,0,1,92,18406,1438,0,8,0,0,0,LEADER,1,0,0,7,0,0,0,0,0,0,0,0,0,0,0
20280,62,bully,1874,1,0,0,7,0,98,0,1,62,18406,1874,0,8,0,0,0,LEADER,1,0,0,7,0,0,0,0,0,0,0,0,0,0,0
20025,91,bully,1619,1,0,0,7,0,98,0,1,91,18406,1619,0,8,0,0,0,LEADER,1,0,0,7,0,0,0,0,0,0,0,0,0,0,0
19977,15,bully,1571,1,0,0,7,0,98,0,1,15,18406,1571,0,8,0,0,0,LEADER,1,0,0,7,0,0,0,0,0,0,0,0,0,0,0
19647,26,bully,2161,1,0,0,7,0,98,0,1,26,17486,2161,0,8,0,0,0,LEADER,1,0,0,7,0,0,0,0,0,0,0,0,0,0,0
20383,49,bully,1977,1,0,0,7,0,98,0,1,49,18406,1977,0,8,0,0,0,LEADER,1,0,0,7,0,0,0,0,0,0,0,0,0,0,0
20198,58,bully,1792,1,0,0,7,0,98,0,1,58,18406,1792,0,8,0,0,0,LEADER,1,0,0,7,0,0,0,0,0,0,0,0,0,0,0
19732,86,bully,2246,1,0,0,7,0,98,0,1,86,17486,2246,0,8,0,0,0,LEADER,1,0,0,7,0,0,0,0,0,0,0,0,0,0,0
19905,50,bully,2419,1,0,0,7,0,98,0,1,50,17486,2419,0,8,0,0,0,LEADER,1,0,0,7,0,0,0,0,0,0,0,0,0,0,0
19754,85,bully,2268,1,0,0,7,0,98,0,1,85,17486,2268,0,8,0,0,0,LEADER,1,0,0,7,0,0,0,0,0,0,0,0,0,0,0
19697,87,bully,2212,1,0,0,7,0,98,0,1,87,17485,2212,0,8,0,0,0,LEADER,1,0,0,7,0,0,0,0,0,0,0,0,0,0,0
19902,64,bully,2416,1,0,0,7,0,98,0,1,64,17486,2416,0,8,0,0,0,LEADER,1,0,0,7,0,0,0,0,0,0,0,0,0,0,0
19840,18,bully,1434,1,0,0,7,0,98,0,1,18,18406,1434,0,8,0,0,0,LEADER,1,0,0,7,0,0,0,0,0,0,0,0,0,0,0
19750,11,bully,2264,1,0,0,7,0,98,0,1,11,17486,2264,0,8,0,0,0,LEADER,1,0,0,7,0,0,0,0,0,0,0,0,0,0,0
19959,90,bully,1553,1,0,0,7,0,98,0,1,90,18406,1553,0,8,0,0,0,LEADER,1,0,0,7,0,0,0,0,0,0,0,0,0,0,0
19853,35,bully,1447,1,0,0,7,0,98,0,1,35,18406,1447,0,8,0,0,0,LEADER,1,0,0,7,0,0,0,0,0,0,0,0,0,0,0
19735,43,bully,2249,1,0,0,7,0,98,0,1,43,17486,2249,0,8,0,0,0,LEADER,1,0,0,7,0,0,0,0,0,0,0,0,0,0,0
19873,28,bully,1467,1,0,0,7,0,98,0,1,28,18406,1467,0,8,0,0,0,LEADER,1,0,0,7,0,0,0,0,0,0,0,0,0,0,0
20547,23,bully,2141,1,0,0,7,0,98,0,1,23,18406,2141,0,8,0,0,0,LEADER,1,0,0,7,0,0,0,0,0,0,0,0,0,0,0
19713,44,bully,2228,1,0,0,7,0,98,0,1,44,17485,2228,0,8,0,0,0,LEADER,1,0,0,7,0,0,0,0,0,0,0,0,0,0,0
19867,30,bully,1461,1,0,0,7,0,98,0,1,30,18406,1461,0,8,0,0,0,LEADER,1,0,0,7,0,0,0,0,0,0,0,0,0,0,0
20265,94,bully,1859,1,0,0,7,0,98,0,1,94,18406,1859,0,8,0,0,0,LEADER,1,0,0,7,0,0,0,0,0,0,0,0,0,0,0
19907,38,bully,1501,1,0,0,7,0,98,0,1,38,18406,1501,0,8,0,0,0,LEADER,1,0,0,7,0,0,0,0,0,0,0,0,0,0,0
20586,66,bully,2180,1,0,0,7,0,98,0,1,66,18406,2180,0,8,0,0,0,LEADER,1,0,0,7,0,0,0,0,0,0,0,0,0,0,0
19892,70,bully,1486,1,0,0,7,0,98,0,1,70,18406,1486,0,8,0,0,0,LEADER,1,0,0,7,0,0,0,0,0,0,0,0,0,0,0
20537,88,bully,2131,1,0,0,7,0,98,0,1,88,18406,2131,0,8,0,0,0,LEADER,1,0,0,7,0,0,0,0,0,0,0,0,0,0,0
19721,75,bully,2235,1,0,0,7,0,98,0,1,75,17486,2235,0,8,0,0,0,LEADER,1,0,0,7,0,0,0,0,0,0,0,0,0,0,0
19729,12,bully,2243,1,0,0,7,0,98,0,1,12,17486,2243,0,8,0,0,0,LEADER,1,0,0,7,0,0,0,0,0,0,0,0,0,0,0
20431,27,bully,2025,1,0,0,7,0,98,0,1,27,18406,2025,0,8,0,0,0,LEADER,1,0,0,7,0,0,0,0,0,0,0,0,0,0,0
19920,42,bully,1514,1,0,0,7,0,98,0,1,42,18406,1514,0,8,0,0,0,LEADER,1,0,0,7,0,0,0,0,0,0,0,0,0,0,0
20567,24,bully,2161,1,0,0,7,0,98,0,1,24,18406,2161,0,8,0,0,0,LEADER,1,0,0,7,0,0,0,0,0,0,0,0,0,0,0
20519,46,bully,2113,1,0,0,7,0,98,0,1,46,18406,2113,0,8,0,0,0,LEADER,1,0,0,7,0,0,0,0,0,0,0,0,0,0,0
20416,59,bully,2010,1,0,0,7,0,98,0,1,59,18406,2010,0,8,0,0,0,LEADER,1,0,0,7,0,0,0,0,0,0,0,0,0,0,0
20043,34,bully,1637,1,0,0,7,0,98,0,1,34,18406,1637,0,8,0,0,0,LEADER,1,0,0,7,0,0,0,0,0,0,0,0,0,0,0
20698,32,bully,2292,1,0,0,7,0,98,0,1,32,18406,2292,0,8,0,0,0,LEADER,1,0,0,7,0,0,0,0,0,0,0,0,0,0,0
20313,72,bully,1907,1,0,0,7,0,98,0,1,72,18406,1907,0,8,0,0,0,LEADER,1,0,0,7,0,0,0,0,0,0,0,0,0,0,0
20722,63,bully,2316,1,0,0,7,0,98,0,1,63,18406,2316,0,8,0,0,0,LEADER,1,0,0,7,0,0,0,0,0,0,0,0,0,0,0
20198,74,bully,1792,1,0,0,7,0,98,0,1,74,18406,1792,0,8,0,0,0,LEADER,1,0,0,7,0,0,0,0,0,0,0,0,0,0,0
19940,48,bully,1534,1,0,0,7,0,98,0,1,48,18406,1534,0,8,0,0,0,LEADER,1,0,0,7,0,0,0,0,0,0,0,0,0,0,0
20401,57,bully,1995,1,0,0,7,0,98,0,1,57,18406,1995,0,8,0,0,0,LEADER,1,0,0,7,0,0,0,0,0,0,0,0,0,0,0
20471,68,bully,2065,1,0,0,7,0,98,0,1,68,18406,2065,0,8,0,0,0,LEADER,1,0,0,7,0,0,0,0,0,0,0,0,0,0,0
19872,45,bully,1466,1,0,0,7,0,98,0,1,45,18406,1466,0,8,0,0,0,LEADER,1,0,0,7,0,0,0,0,0,0,0,0,0,0,0
20229,93,bully,1823,1,0,0,7,0,98,0,1,93,18406,1823,0,8,0,0,0,LEADER,1,0,0,7,0,0,0,0,0,0,0,0,0,0,0
20810,82,bully,2404,1,0,0,7,0,98,0,1,82,18406,2404,0,8,0,0,0,LEADER,1,0,0,7,0,0,0,0,0,0,0,0,0,0,0
20804,51,bully,2398,1,0,0,7,0,98,0,1,51,18406,2398,0,8,0,0,0,LEADER,1,0,0,7,0,0,0,0,0,0,0,0,0,0,0
20349,39,bully,1943,1,0,0,7,0,98,0,1,39,18406,1943,0,8,0,0,0,LEADER,1,0,0,7,0,0,0,0,0,0,0,0,0,0,0
20095,78,bully,1689,1,0,0,7,0,98,0,1,78,18406,1689,0,8,0,0,0,LEADER,1,0,0,7,0,0,0,0,0,0,0,0,0,0,0
20483,79,bully,2077,1,0,0,7,0,98,0,1,79,18406,2077,0,8,0,0,0,LEADER,1,0,0,7,0,0,0,0,0,0,0,0,0,0,0
20058,14,bully,1652,1,0,0,7,0,98,0,1,14,18406,1652,0,8,0,0,0,LEADER,1,0,0,7,0,0,0,0,0,0,0,0,0,0,0
20485,36,bully,2080,1,0,0,7,0,98,0,1,36,18405,2080,0,8,0,0,0,LEADER,1,0,0,7,0,0,0,0,0,0,0,0,0,0,0
20368,81,bully,1962,1,0,0,7,0,98,0,1,81,18406,1962,0,8,0,0,0,LEADER,1,0,0,7,0,0,0,0,0,0,0,0,0,0,0
20028,67,bully,1622,1,0,0,7,0,98,0,1,67,18406,1622,0,8,0,0,0,LEADER,1,0,0,7,0,0,0,0,0,0,0,0,0,0,0
20789,83,bully,2383,1,0,0,7,0,98,0,1,83,18406,2383,0,8,0,0,0,LEADER,1,0,0,7,0,0,0,0,0,0,0,0,0,0,0
20934,99,bully,1607,1,0,0,8,0,112,0,1,99,19327,1607,0,9,0,0,0,LEADER,1,0,0,8,0,0,0,0,0,0,0,0,0,0,0
20110,55,bully,1704,1,0,0,7,0,98,0,1,55,18406,1704,0,8,0,0,0,LEADER,1,0,0,7,0,0,0,0,0,0,0,0,0,0,0
20901,89,bully,1574,1,0,0,8,0,112,0,1,89,19327,1574,0,9,0,0,0,LEADER,1,0,0,8,0,0,0,0,0,0,0,0,0,0,0
20062,77,bully,1656,1,0,0,7,0,98,0,1,77,18406,1656,0,8,0,0,0,LEADER,1,0,0,7,0,0,0,0,0,0,0,0,0,0,0
20334,71,bully,1928,1,0,0,7,0,98,0,1,71,18406,1928,0,8,0,0,0,LEADER,1,0,0,7,0,0,0,0,0,0,0,0,0,0,0
20246,52,bully,1840,1,0,0,7,0,98,0,1,52,18406,1840,0,8,0,0,0,LEADER,1,0,0,7,0,0,0,0,0,0,0,0,0,0,0
20619,76,bully,2213,1,0,0,7,0,98,0,1,76,18406,2213,0,8,0,0,0,LEADER,1,0,0,7,0,0,0,0,0,0,0,0,0,0,0
20213,10,bully,1807,1,0,0,7,0,98,0,1,10,18406,1807,0,8,0,0,0,LEADER,1,0,0,7,0,0,0,0,0,0,0,0,0,0,0
20146,22,bully,1740,1,0,0,7,0,98,0,1,22,18406,1740,0,8,0,0,0,LEADER,1,0,0,7,0,0,0,0,0,0,0,0,0,0,0
20295,21,bully,1889,1,0,0,7,0,98,0,1,21,18406,1889,0,8,0,0,0,LEADER,1,0,0,7,0,0,0,0,0,0,0,0,0,0,0
20552,56,bully,2146,1,0,0,7,0,98,0,1,56,18406,2146,0,8,0,0,0,LEADER,1,0,0,7,0,0,0,0,0,0,0,0,0,0,0
20077,60,bully,1671,1,0,0,7,0,98,0,1,60,18406,1671,0,8,0,0,0,LEADER,1,0,0,7,0,0,0,0,0,0,0,0,0,0,0
20931,25,bully,1604,1,0,0,8,0,112,0,1,25,19327,1604,0,9,0,0,0,LEADER,1,0,0,8,0,0,0,0,0,0,0,0,0,0,0
20143,65,bully,1737,1,0,0,7,0,98,0,1,65,18406,1737,0,8,0,0,0,LEADER,1,0,0,7,0,0,0,0,0,0,0,0,0,0,0
20819,19,bully,2413,1,0,0,7,0,98,0,1,19,18406,2413,0,8,0,0,0,LEADER,1,0,0,7,0,0,0,0,0,0,0,0,0,0,0
20449,69,bully,2043,1,0,0,7,0,98,0,1,69,18406,2043,0,8,0,0,0,LEADER,1,0,0,7,0,0,0,0,0,0,0,0,0,0,0
21052,54,bully,1725,1,0,0,8,0,112,0,1,54,19327,1725,0,9,0,0,0,LEADER,1,0,0,8,0,0,0,0,0,0,0,0,0,0,0
20398,17,bully,1992,1,0,0,7,0,98,0,1,17,18406,1992,0,8,0,0,0,LEADER,1,0,0,7,0,0,0,0,0,0,0,0,0,0,0
20913,100,bully,1586,1,0,0,8,0,112,0,1,100,19327,1586,0,9,0,0,0,LEADER,1,0,0,8,0,0,0,0,0,0,0,0,0,0,0
20876,16,bully,1549,1,0,0,8,0,112,0,1,16,19327,1549,0,9,0,0,0,LEADER,1,0,0,8,0,0,0,0,0,0,0,0,0,0,0
20464,37,bully,2058,1,0,0,7,0,98,0,1,37,18406,2058,0,8,0,0,0,LEADER,1,0,0,7,0,0,0,0,0,0,0,0,0,0,0
21101,13,bully,1774,1,0,0,8,0,112,0,1,13,19327,1774,0,9,0,0,0,LEADER,1,0,0,8,0,0,0,0,0,0,0,0,0,0,0
20261,20,bully,1855,1,0,0,7,0,98,0,1,20,18406,1855,0,8,0,0,0,LEADER,1,0,0,7,0,0,0,0,0,0,0,0,0,0,0
20894,41,bully,1567,1,0,0,8,0,112,0,1,41,19327,1567,0,9,0,0,0,LEADER,1,0,0,8,0,0,0,0,0,0,0,0,0,0,0
20883,47,bully,1556,1,0,0,8,0,112,0,1,47,19327,1556,0,9,0,0,0,LEADER,1,0,0,8,0,0,0,0,0,0,0,0,0,0,0
20707,95,bully,2301,1,0,0,7,0,98,0,1,95,18406,2301,0,8,0,0,0,LEADER,1,0,0,7,0,0,0,0,0,0,0,0,0,0,0
20571,98,bully,2165,1,0,0,7,0,98,0,1,98,18406,2165,0,8,0,0,0,LEADER,1,0,0,7,0,0,0,0,0,0,0,0,0,0,0
20755,73,bully,2349,1,0,0,7,0,98,0,1,73,18406,2349,0,8,0,0,0,LEADER,1,0,0,7,0,0,0,0,0,0,0,0,0,0,0
20301,61,bully,1895,1,0,0,7,0,98,0,1,61,18406,1895,0,8,0,0,0,LEADER,1,0,0,7,0,0,0,0,0,0,0,0,0,0,0
21049,97,bully,1722,1,0,0,8,0,112,0,1,97,19327,1722,0,9,0,0,0,LEADER,1,0,0,8,0,0,0,0,0,0,0,0,0,0,0
21079,33,bully,1752,1,0,0,8,0,112,0,1,33,19327,1752,0,9,0,0,0,LEADER,1,0,0,8,0,0,0,0,0,0,0,0,0,0,0
20737,31,bully,2331,1,0,0,7,0,98,0,1,31,18406,2331,0,8,0,0,0,LEADER,1,0,0,7,0,0,0,0,0,0,0,0,0,0,0
21237,29,bully,1910,1,0,0,8,0,112,0,1,29,19327,1910,0,9,0,0,0,LEADER,1,0,0,8,0,0,0,0,0,0,0,0,0,0,0
21249,40,bully,1922,1,0,0,8,0,112,0,1,40,19327,1922,0,9,0,0,0,LEADER,1,0,0,8,0,0,0,0,0,0,0,0,0,0,0
21071,96,bully,1744,1,0,0,8,0,112,0,1,96,19327,1744,0,9,0,0,0,LEADER,1,0,0,8,0,0,0,0,0,0,0,0,0,0,0
21152,84,bully,1825,1,0,0,8,0,112,0,1,84,19327,1825,0,9,0,0,0,LEADER,1,0,0,8,0,0,0,0,0,0,0,0,0,0,0
20846,80,bully,1519,1,0,0,8,0,112,0,1,80,19327,1519,0,9,0,0,0,LEADER,1,0,0,8,0,0,0,0,0,0,0,0,0,0,0
20689,53,bully,2283,1,0,0,7,0,98,0,1,53,18406,2283,0,8,0,0,0,LEADER,1,0,0,7,0,0,0,0,0,0,0,0,0,0,0
20765,92,bully,1438,1,0,0,8,0,112,0,1,92,19327,1438,0,9,0,0,0,LEADER,1,0,0,8,0,0,0,0,0,0,0,0,0,0,0
21201,62,bully,1874,1,0,0,8,0,112,0,1,62,19327,1874,0,9,0,0,0,LEADER,1,0,0,8,0,0,0,0,0,0,0,0,0,0,0
20946,91,bully,1619,1,0,0,8,0,112,0,1,91,19327,1619,0,9,0,0,0,LEADER,1,0,0,8,0,0,0,0,0,0,0,0,0,0,0
20898,15,bully,1571,1,0,0,8,0,112,0,1,15,19327,1571,0,9,0,0,0,LEADER,1,0,0,8,0,0,0,0,0,0,0,0,0,0,0
20567,26,bully,2161,1,0,0,7,0,98,0,1,26,18406,2161,0,8,0,0,0,LEADER,1,0,0,7,0,0,0,0,0,0,0,0,0,0,0
21304,49,bully,1977,1,0,0,8,0,112,0,1,49,19327,1977,0,9,0,0,0,LEADER,1,0,0,8,0,0,0,0,0,0,0,0,0,0,0
21119,58,bully,1792,1,0,0,8,0,112,0,1,58,19327,1792,0,9,0,0,0,LEADER,1,0,0,8,0,0,0,0,0,0,0,0,0,0,0
20652,86,bully,2246,1,0,0,7,0,98,0,1,86,18406,2246,0,8,0,0,0,LEADER,1,0,0,7,0,0,0,0,0,0,0,0,0,0,0
20825,50,bully,2419,1,0,0,7,0,98,0,1,50,18406,2419,0,8,0,0,0,LEADER,1,0,0,7,0,0,0,0,0,0,0,0,0,0,0
20674,85,bully,2268,1,0,0,7,0,98,0,1,85,18406,2268,0,8,0,0,0,LEADER,1,0,0,7,0,0,0,0,0,0,0,0,0,0,0
20617,87,bully,2212,1,0,0,7,0,98,0,1,87,18405,2212,0,8,0,0,0,LEADER,1,0,0,7,0,0,0,0,0,0,0,0,0,0,0
20822,64,bully,2416,1,0,0,7,0,98,0,1,64,18406,2416,0,8,0,0,0,LEADER,1,0,0,7,0,0,0,0,0,0,0,0,0,0,0
20670,11,bully,2264,1,0,0,7,0,98,0,1,11,18406,2264,0,8,0,0,0,LEADER,1,0,0,7,0,0,0,0,0,0,0,0,0,0,0
20761,18,bully,1434,1,0,0,8,0,112,0,1,18,19327,1434,0,9,0,0,0,LEADER,1,0,0,8,0,0,0,0,0,0,0,0,0,0,0
20880,90,bully,1553,1,0,0,8,0,112,0,1,90,19327,1553,0,9,0,0,0,LEADER,1,0,0,8,0,0,0,0,0,0,0,0,0,0,0
20774,35,bully,1447,1,0,0,8,0,112,0,1,35,19327,1447,0,9,0,0,0,LEADER,1,0,0,8,0,0,0,0,0,0,0,0,0,0,0
20655,43,bully,2249,1,0,0,7,0,98,0,1,43,18406,2249,0,8,0,0,0,LEADER,1,0,0,7,0,0,0,0,0,0,0,0,0,0,0
20794,28,bully,1467,1,0,0,8,0,112,0,1,28,19327,1467,0,9,0,0,0,LEADER,1,0,0,8,0,0,0,0,0,0,0,0,0,0,0
20633,44,bully,2228,1,0,0,7,0,98,0,1,44,18405,2228,0,8,0,0,0,LEADER,1,0,0,7,0,0,0,0,0,0,0,0,0,0,0
21468,23,bully,2141,1,0,0,8,0,112,0,1,23,19327,2141,0,9,0,0,0,LEADER,1,0,0,8,0,0,0,0,0,0,0,0,0,0,0
20788,30,bully,1461,1,0,0,8,0,112,0,1,30,19327,1461,0,9,0,0,0,LEADER,1,0,0,8,0,0,0,0,0,0,0,0,0,0,0
21186,94,bully,1859,1,0,0,8,0,112,0,1,94,19327,1859,0,9,0,0,0,LEADER,1,0,0,8,0,0,0,0,0,0,0,0,0,0,0
20828,38,bully,1501,1,0,0,8,0,112,0,1,38,19327,1501,0,9,0,0,0,LEADER,1,0,0,8,0,0,0,0,0,0,0,0,0,0,0
21507,66,bully,2180,1,0,0,8,0,112,0,1,66,19327,2180,0,9,0,0,0,LEADER,1,0,0,8,0,0,0,0,0,0,0,0,0,0,0
20813,70,bully,1486,1,0,0,8,0,112,0,1,70,19327,1486,0,9,0,0,0,LEADER,1,0,0,8,0,0,0,0,0,0,0,0,0,0,0
21458,88,bully,2131,1,0,0,8,0,112,0,1,88,19327,2131,0,9,0,0,0,LEADER,1,0,0,8,0,0,0,0,0,0,0,0,0,0,0
20641,75,bully,2235,1,0,0,7,0,98,0,1,75,18406,2235,0,8,0,0,0,LEADER,1,0,0,7,0,0,0,0,0,0,0,0,0,0,0
20649,12,bully,2243,1,0,0,7,0,98,0,1,12,18406,2243,0,8,0,0,0,LEADER,1,0,0,7,0,0,0,0,0,0,0,0,0,0,0
21352,27,bully,2025,1,0,0,8,0,112,0,1,27,19327,2025,0,9,0,0,0,LEADER,1,0,0,8,0,0,0,0,0,0,0,0,0,0,0
20841,42,bully,1514,1,0,0,8,0,112,0,1,42,19327,1514,0,9,0,0,0,LEADER,1,0,0,8,0,0,0,0,0,0,0,0,0,0,0
21488,24,bully,2161,1,0,0,8,0,112,0,1,24,19327,2161,0,9,0,0,0,LEADER,1,0,0,8,0,0,0,0,0,0,0,0,0,0,0
21440,46,bully,2113,1,0,0,8,0,112,0,1,46,19327,2113,0,9,0,0,0,LEADER,1,0,0,8,0,0,0,0,0,0,0,0,0,0,0
20964,34,bully,1637,1,0,0,8,0,112,0,1,34,19327,1637,0,9,0,0,0,LEADER,1,0,0,8,0,0,0,0,0,0,0,0,0,0,0
21337,59,bully,2010,1,0,0,8,0,112,0,1,59,19327,2010,0,9,0,0,0,LEADER,1,0,0,8,0,0,0,0,0,0,0,0,0,0,0
21619,32,bully,2292,1,0,0,8,0,112,0,1,32,19327,2292,0,9,0,0,0,LEADER,1,0,0,8,0,0,0,0,0,0,0,0,0,0,0
21234,72,bully,1907,1,0,0,8,0,112,0,1,72,19327,1907,0,9,0,0,0,LEADER,1,0,0,8,0,0,0,0,0,0,0,0,0,0,0
21643,63,bully,2316,1,0,0,8,0,112,0,1,63,19327,2316,0,9,0,0,0,LEADER,1,0,0,8,0,0,0,0,0,0,0,0,0,0,0
21119,74,bully,1792,1,0,0,8,0,112,0,1,74,19327,1792,0,9,0,0,0,LEADER,1,0,0,8,0,0,0,0,0,0,0,0,0,0,0
20861,48,bully,1534,1,0,0,8,0,112,0,1,48,19327,1534,0,9,0,0,0,LEADER,1,0,0,8,0,0,0,0,0,0,0,0,0,0,0
21322,57,bully,1995,1,0,0,8,0,112,0,1,57,19327,1995,0,9,0,0,0,LEADER,1,0,0,8,0,0,0,0,0,0,0,0,0,0,0
21392,68,bully,2065,1,0,0,8,0,112,0,1,68,19327,2065,0,9,0,0,0,LEADER,1,0,0,8,0,0,0,0,0,0,0,0,0,0,0
20793,45,bully,1466,1,0,0,8,0,112,0,1,45,19327,1466,0,9,0,0,0,LEADER,1,0,0,8,0,0,0,0,0,0,0,0,0,0,0
21150,93,bully,1823,1,0,0,8,0,112,0,1,93,19327,1823,0,9,0,0,0,LEADER,1,0,0,8,0,0,0,0,0,0,0,0,0,0,0
21731,82,bully,2404,1,0,0,8,0,112,0,1,82,19327,2404,0,9,0,0,0,LEADER,1,0,0,8,0,0,0,0,0,0,0,0,0,0,0
21725,51,bully,2398,1,0,0,8,0,112,0,1,51,19327,2398,0,9,0,0,0,LEADER,1,0,0,8,0,0,0,0,0,0,0,0,0,0,0
21270,39,bully,1943,1,0,0,8,0,112,0,1,39,19327,1943,0,9,0,0,0,LEADER,1,0,0,8,0,0,0,0,0,0,0,0,0,0,0
21016,78,bully,1689,1,0,0,8,0,112,0,1,78,19327,1689,0,9,0,0,0,LEADER,1,0,0,8,0,0,0,0,0,0,0,0,0,0,0
21404,79,bully,2077,1,0,0,8,0,112,0,1,79,19327,2077,0,9,0,0,0,LEADER,1,0,0,8,0,0,0,0,0,0,0,0,0,0,0
20979,14,bully,1652,1,0,0,8,0,112,0,1,14,19327,1652,0,9,0,0,0,LEADER,1,0,0,8,0,0,0,0,0,0,0,0,0,0,0
21406,36,bully,2080,1,0,0,8,0,112,0,1,36,19326,2080,0,9,0,0,0,LEADER,1,0,0,8,0,0,0,0,0,0,0,0,0,0,0
21289,81,bully,1962,1,0,0,8,0,112,0,1,81,19327,1962,0,9,0,0,0,LEADER,1,0,0,8,0,0,0,0,0,0,0,0,0,0,0
20949,67,bully,1622,1,0,0,8,0,112,0,1,67,19327,1622,0,9,0,0,0,LEADER,1,0,0,8,0,0,0,0,0,0,0,0,0,0,0
21710,83,bully,2383,1,0,0,8,0,112,0,1,83,19327,2383,0,9,0,0,0,LEADER,1,0,0,8,0,0,0,0,0,0,0,0,0,0,0
21854,99,bully,1607,1,0,0,8,0,112,0,1,99,20247,1607,0,9,0,0,0,LEADER,1,0,0,8,0,0,0,0,0,0,0,0,0,0,0
21031,55,bully,1704,1,0,0,8,0,112,0,1,55,19327,1704,0,9,0,0,0,LEADER,1,0,0,8,0,0,0,0,0,0,0,0,0,0,0
21821,89,bully,1574,1,0,0,8,0,112,0,1,89,20247,1574,0,9,0,0,0,LEADER,1,0,0,8,0,0,0,0,0,0,0,0,0,0,0
20983,77,bully,1656,1,0,0,8,0,112,0,1,77,19327,1656,0,9,0,0,0,LEADER,1,0,0,8,0,0,0,0,0,0,0,0,0,0,0
21255,71,bully,1928,1,0,0,8,0,112,0,1,71,19327,1928,0,9,0,0,0,LEADER,1,0,0,8,0,0,0,0,0,0,0,0,0,0,0
21167,52,bully,1840,1,0,0,8,0,112,0,1,52,19327,1840,0,9,0,0,0,LEADER,1,0,0,8,0,0,0,0,0,0,0,0,0,0,0
21539,76,bully,2213,1,0,0,8,0,112,0,1,76,19326,2213,0,9,0,0,0,LEADER,1,0,0,8,0,0,0,0,0,0,0,0,0,0,0
21134,10,bully,1807,1,0,0,8,0,112,0,1,10,19327,1807,0,9,0,0,0,LEADER,1,0,0,8,0,0,0,0,0,0,0,0,0,0,0
21067,22,bully,1740,1,0,0,8,0,112,0,1,22,19327,1740,0,9,0,0,0,LEADER,1,0,0,8,0,0,0,0,0,0,0,0,0,0,0
21216,21,bully,1889,1,0,0,8,0,112,0,1,21,19327,1889,0,9,0,0,0,LEADER,1,0,0,8,0,0,0,0,0,0,0,0,0,0,0
21473,56,bully,2146,1,0,0,8,0,112,0,1,56,19327,2146,0,9,0,0,0,LEADER,1,0,0,8,0,0,0,0,0,0,0,0,0,0,0
20998,60,bully,1671,1,0,0,8,0,112,0,1,60,19327,1671,0,9,0,0,0,LEADER,1,0,0,8,0,0,0,0,0,0,0,0,0,0,0
21851,25,bully,1604,1,0,0,8,0,112,0,1,25,20247,1604,0,9,0,0,0,LEADER,1,0,0,8,0,0,0,0,0,0,0,0,0,0,0
21064,65,bully,1737,1,0,0,8,0,112,0,1,65,19327,1737,0,9,0,0,0,LEADER,1,0,0,8,0,0,0,0,0,0,0,0,0,0,0
21740,19,bully,2413,1,0,0,8,0,112,0,1,19,19327,2413,0,9,0,0,0,LEADER,1,0,0,8,0,0,0,0,0,0,0,0,0,0,0
21370,69,bully,2043,1,0,0,8,0,112,0,1,69,19327,2043,0,9,0,0,0,LEADER,1,0,0,8,0,0,0,0,0,0,0,0,0,0,0
21972,54,bully,1725,1,0,0,8,0,112,0,1,54,20247,1725,0,9,0,0,0,LEADER,1,0,0,8,0,0,0,0,0,0,0,0,0,0,0
21319,17,bully,1992,1,0,0,8,0,112,0,1,17,19327,1992,0,9,0,0,0,LEADER,1,0,0,8,0,0,0,0,0,0,0,0,0,0,0
21833,100,bully,1586,1,0,0,8,0,112,0,1,100,20247,1586,0,9,0,0,0,LEADER,1,0,0,8,0,0,0,0,0,0,0,0,0,0,0
21796,16,bully,1549,1,0,0,8,0,112,0,1,16,20247,1549,0,9,0,0,0,LEADER,1,0,0,8,0,0,0,0,0,0,0,0,0,0,0
21385,37,bully,2058,1,0,0,8,0,112,0,1,37,19327,2058,0,9,0,0,0,LEADER,1,0,0,8,0,0,0,0,0,0,0,0,0,0,0
22021,13,bully,1774,1,0,0,8,0,112,0,1,13,20247,1774,0,9,0,0,0,LEADER,1,0,0,8,0,0,0,0,0,0,0,0,0,0,0
21182,20,bully,1855,1,0,0,8,0,112,0,1,20,19327,1855,0,9,0,0,0,LEADER,1,0,0,8,0,0,0,0,0,0,0,0,0,0,0
21814,41,bully,1567,1,0,0,8,0,112,0,1,41,20247,1567,0,9,0,0,0,LEADER,1,0,0,8,0,0,0,0,0,0,0,0,0,0,0
21803,47,bully,1556,1,0,0,8,0,112,0,1,47,20247,1556,0,9,0,0,0,LEADER,1,0,0,8,0,0,0,0,0,0,0,0,0,0,0
21628,95,bully,2301,1,0,0,8,0,112,0,1,95,19327,2301,0,9,0,0,0,LEADER,1,0,0,8,0,0,0,0,0,0,0,0,0,0,0
21377,5,bully,2001,1,0,0,7,12,98,168,3,5,19376,2001,0,4,0,0,0,LEADER,1,0,0,7,0,0,0,12,0,0,0,0,0,0,0
21492,98,bully,2165,1,0,0,8,0,112,0,1,98,19327,2165,0,9,0,0,0,LEADER,1,0,0,8,0,0,0,0,0,0,0,0,0,0,0
21676,73,bully,2349,1,0,0,8,0,112,0,1,73,19327,2349,0,9,0,0,0,LEADER,1,0,0,8,0,0,0,0,0,0,0,0,0,0,0
21999,33,bully,1752,1,0,0,8,0,112,0,1,33,20247,1752,0,9,0,0,0,LEADER,1,0,0,8,0,0,0,0,0,0,0,0,0,0,0
21969,97,bully,1722,1,0,0,8,0,112,0,1,97,20247,1722,0,9,0,0,0,LEADER,1,0,0,8,0,0,0,0,0,0,0,0,0,0,0
21222,61,bully,1895,1,0,0,8,0,112,0,1,61,19327,1895,0,9,0,0,0,LEADER,1,0,0,8,0,0,0,0,0,0,0,0,0,0,0
22157,29,bully,1910,1,0,0,8,0,112,0,1,29,20247,1910,0,9,0,0,0,LEADER,1,0,0,8,0,0,0,0,0,0,0,0,0,0,0
22169,40,bully,1922,1,0,0,8,0,112,0,1,40,20247,1922,0,9,0,0,0,LEADER,1,0,0,8,0,0,0,0,0,0,0,0,0,0,0
21658,31,bully,2331,1,0,0,8,0,112,0,1,31,19327,2331,0,9,0,0,0,LEADER,1,0,0,8,0,0,0,0,0,0,0,0,0,0,0
21991,96,bully,1744,1,0,0,8,0,112,0,1,96,20247,1744,0,9,0,0,0,LEADER,1,0,0,8,0,0,0,0,0,0,0,0,0,0,0
22072,84,bully,1825,1,0,0,8,0,112,0,1,84,20247,1825,0,9,0,0,0,LEADER,1,0,0,8,0,0,0,0,0,0,0,0,0,0,0
21766,80,bully,1519,1,0,0,8,0,112,0,1,80,20247,1519,0,9,0,0,0,LEADER,1,0,0,8,0,0,0,0,0,0,0,0,0,0,0
21610,53,bully,2283,1,0,0,8,0,112,0,1,53,19327,2283,0,9,0,0,0,LEADER,1,0,0,8,0,0,0,0,0,0,0,0,0,0,0
21611,7,bully,2253,1,0,0,8,13,112,182,3,7,19358,2253,0,4,0,0,0,LEADER,1,0,0,8,0,0,0,13,0,0,0,0,0,0,0
21685,92,bully,1438,1,0,0,8,0,112,0,1,92,20247,1438,0,9,0,0,0,LEADER,1,0,0,8,0,0,0,0,0,0,0,0,0,0,0
22121,62,bully,1874,1,0,0,8,0,112,0,1,62,20247,1874,0,9,0,0,0,LEADER,1,0,0,8,0,0,0,0,0,0,0,0,0,0,0
21866,91,bully,1619,1,0,0,8,0,112,0,1,91,20247,1619,0,9,0,0,0,LEADER,1,0,0,8,0,0,0,0,0,0,0,0,0,0,0
21818,15,bully,1571,1,0,0,8,0,112,0,1,15,20247,1571,0,9,0,0,0,LEADER,1,0,0,8,0,0,0,0,0,0,0,0,0,0,0
21488,26,bully,2161,1,0,0,8,0,112,0,1,26,19327,2161,0,9,0,0,0,LEADER,1,0,0,8,0,0,0,0,0,0,0,0,0,0,0
22224,49,bully,1977,1,0,0,8,0,112,0,1,49,20247,1977,0,9,0,0,0,LEADER,1,0,0,8,0,0,0,0,0,0,0,0,0,0,0
22039,58,bully,1792,1,0,0,8,0,112,0,1,58,20247,1792,0,9,0,0,0,LEADER,1,0,0,8,0,0,0,0,0,0,0,0,0,0,0
21573,86,bully,2246,1,0,0,8,0,112,0,1,86,19327,2246,0,9,0,0,0,LEADER,1,0,0,8,0,0,0,0,0,0,0,0,0,0,0
21746,50,bully,2419,1,0,0,8,0,112,0,1,50,19327,2419,0,9,0,0,0,LEADER,1,0,0,8,0,0,0,0,0,0,0,0,0,0,0
21598,85,bully,2268,1,0,0,8,0,112,0,1,85,19330,2268,0,9,0,0,0,LEADER,1,0,0,8,0,0,0,0,0,0,0,0,0,0,0
21538,87,bully,2212,1,0,0,8,0,112,0,1,87,19326,2212,0,9,0,0,0,LEADER,1,0,0,8,0,0,0,0,0,0,0,0,0,0,0
21743,64,bully,2416,1,0,0,8,0,112,0,1,64,19327,2416,0,9,0,0,0,LEADER,1,0,0,8,0,0,0,0,0,0,0,0,0,0,0
21681,18,bully,1434,1,0,0,8,0,112,0,1,18,20247,1434,0,9,0,0,0,LEADER,1,0,0,8,0,0,0,0,0,0,0,0,0,0,0
21591,11,bully,2264,1,0,0,8,0,112,0,1,11,19327,2264,0,9,0,0,0,LEADER,1,0,0,8,0,0,0,0,0,0,0,0,0,0,0
21800,90,bully,1553,1,0,0,8,0,112,0,1,90,20247,1553,0,9,0,0,0,LEADER,1,0,0,8,0,0,0,0,0,0,0,0,0,0,0
21694,35,bully,1447,1,0,0,8,0,112,0,1,35,20247,1447,0,9,0,0,0,LEADER,1,0,0,8,0,0,0,0,0,0,0,0,0,0,0
21576,43,bully,2249,1,0,0,8,0,112,0,1,43,19327,2249,0,9,0,0,0,LEADER,1,0,0,8,0,0,0,0,0,0,0,0,0,0,0
21714,28,bully,1467,1,0,0,8,0,112,0,1,28,20247,1467,0,9,0,0,0,LEADER,1,0,0,8,0,0,0,0,0,0,0,0,0,0,0
22388,23,bully,2141,1,0,0,8,0,112,0,1,23,20247,2141,0,9,0,0,0,LEADER,1,0,0,8,0,0,0,0,0,0,0,0,0,0,0
21554,44,bully,2228,1,0,0,8,0,112,0,1,44,19326,2228,0,9,0,0,0,LEADER,1,0,0,8,0,0,0,0,0,0,0,0,0,0,0
21708,30,bully,1461,1,0,0,8,0,112,0,1,30,20247,1461,0,9,0,0,0,LEADER,1,0,0,8,0,0,0,0,0,0,0,0,0,0,0
22106,94,bully,1859,1,0,0,8,0,112,0,1,94,20247,1859,0,9,0,0,0,LEADER,1,0,0,8,0,0,0,0,0,0,0,0,0,0,0
21748,38,bully,1501,1,0,0,8,0,112,0,1,38,20247,1501,0,9,0,0,0,LEADER,1,0,0,8,0,0,0,0,0,0,0,0,0,0,0
22427,66,bully,2180,1,0,0,8,0,112,0,1,66,20247,2180,0,9,0,0,0,LEADER,1,0,0,8,0,0,0,0,0,0,0,0,0,0,0
21733,70,bully,1486,1,0,0,8,0,112,0,1,70,20247,1486,0,9,0,0,0,LEADER,1,0,0,8,0,0,0,0,0,0,0,0,0,0,0
22378,88,bully,2131,1,0,0,8,0,112,0,1,88,20247,2131,0,9,0,0,0,LEADER,1,0,0,8,0,0,0,0,0,0,0,0,0,0,0
21562,75,bully,2235,1,0,0,8,0,112,0,1,75,19327,2235,0,9,0,0,0,LEADER,1,0,0,8,0,0,0,0,0,0,0,0,0,0,0
21570,12,bully,2243,1,0,0,8,0,112,0,1,12,19327,2243,0,9,0,0,0,LEADER,1,0,0,8,0,0,0,0,0,0,0,0,0,0,0
22272,27,bully,2025,1,0,0,8,0,112,0,1,27,20247,2025,0,9,0,0,0,LEADER,1,0,0,8,0,0,0,0,0,0,0,0,0,0,0
21761,42,bully,1514,1,0,0,8,0,112,0,1,42,20247,1514,0,9,0,0,0,LEADER,1,0,0,8,0,0,0,0,0,0,0,0,0,0,0
22408,24,bully,2161,1,0,0,8,0,112,0,1,24,20247,2161,0,9,0,0,0,LEADER,1,0,0,8,0,0,0,0,0,0,0,0,0,0,0
22360,46,bully,2113,1,0,0,8,0,112,0,1,46,20247,2113,0,9,0,0,0,LEADER,1,0,0,8,0,0,0,0,0,0,0,0,0,0,0
21884,34,bully,1637,1,0,0,8,0,112,0,1,34,20247,1637,0,9,0,0,0,LEADER,1,0,0,8,0,0,0,0,0,0,0,0,0,0,0
22257,59,bully,2010,1,0,0,8,0,112,0,1,59,20247,2010,0,9,0,0,0,LEADER,1,0,0,8,0,0,0,0,0,0,0,0,0,0,0
22539,32,bully,2292,1,0,0,8,0,112,0,1,32,20247,2292,0,9,0,0,0,LEADER,1,0,0,8,0,0,0,0,0,0,0,0,0,0,0
22154,72,bully,1907,1,0,0,8,0,112,0,1,72,20247,1907,0,9,0,0,0,LEADER,1,0,0,8,0,0,0,0,0,0,0,0,0,0,0
22563,63,bully,2316,1,0,0,8,0,112,0,1,63,20247,2316,0,9,0,0,0,LEADER,1,0,0,8,0,0,0,0,0,0,0,0,0,0,0
22039,74,bully,1792,1,0,0,8,0,112,0,1,74,20247,1792,0,9,0,0,0,LEADER,1,0,0,8,0,0,0,0,0,0,0,0,0,0,0
21781,48,bully,1534,1,0,0,8,0,112,0,1,48,20247,1534,0,9,0,0,0,LEADER,1,0,0,8,0,0,0,0,0,0,0,0,0,0,0
22242,57,bully,1995,1,0,0,8,0,112,0,1,57,20247,1995,0,9,0,0,0,LEADER,1,0,0,8,0,0,0,0,0,0,0,0,0,0,0
22312,68,bully,2065,1,0,0,8,0,112,0,1,68,20247,2065,0,9,0,0,0,LEADER,1,0,0,8,0,0,0,0,0,0,0,0,0,0,0
21713,45,bully,1466,1,0,0,8,0,112,0,1,45,20247,1466,0,9,0,0,0,LEADER,1,0,0,8,0,0,0,0,0,0,0,0,0,0,0
22070,93,bully,1823,1,0,0,8,0,112,0,1,93,20247,1823,0,9,0,0,0,LEADER,1,0,0,8,0,0,0,0,0,0,0,0,0,0,0
22651,82,bully,2404,1,0,0,8,0,112,0,1,82,20247,2404,0,9,0,0,0,LEADER,1,0,0,8,0,0,0,0,0,0,0,0,0,0,0
22645,51,bully,2398,1,0,0,8,0,112,0,1,51,20247,2398,0,9,0,0,0,LEADER,1,0,0,8,0,0,0,0,0,0,0,0,0,0,0
22190,39,bully,1943,1,0,0,8,0,112,0,1,39,20247,1943,0,9,0,0,0,LEADER,1,0,0,8,0,0,0,0,0,0,0,0,0,0,0
21936,78,bully,1689,1,0,0,8,0,112,0,1,78,20247,1689,0,9,0,0,0,LEADER,1,0,0,8,0,0,0,0,0,0,0,0,0,0,0
22324,79,bully,2077,1,0,0,8,0,112,0,1,79,20247,2077,0,9,0,0,0,LEADER,1,0,0,8,0,0,0,0,0,0,0,0,0,0,0
21899,14,bully,1652,1,0,0,8,0,112,0,1,14,20247,1652,0,9,0,0,0,LEADER,1,0,0,8,0,0,0,0,0,0,0,0,0,0,0
22326,36,bully,2080,1,0,0,8,0,112,0,1,36,20246,2080,0,9,0,0,0,LEADER,1,0,0,8,0,0,0,0,0,0,0,0,0,0,0
22209,81,bully,1962,1,0,0,8,0,112,0,1,81,20247,1962,0,9,0,0,0,LEADER,1,0,0,8,0,0,0,0,0,0,0,0,0,0,0
21869,67,bully,1622,1,0,0,8,0,112,0,1,67,20247,1622,0,9,0,0,0,LEADER,1,0,0,8,0,0,0,0,0,0,0,0,0,0,0
22630,83,bully,2383,1,0,0,8,0,112,0,1,83,20247,2383,0,9,0,0,0,LEADER,1,0,0,8,0,0,0,0,0,0,0,0,0,0,0
22774,99,bully,1607,1,0,0,8,0,112,0,1,99,21167,1607,0,9,0,0,0,LEADER,1,0,0,8,0,0,0,0,0,0,0,0,0,0,0
21951,55,bully,1704,1,0,0,8,0,112,0,1,55,20247,1704,0,9,0,0,0,LEADER,1,0,0,8,0,0,0,0,0,0,0,0,0,0,0
22741,89,bully,1574,1,0,0,8,0,112,0,1,89,21167,1574,0,9,0,0,0,LEADER,1,0,0,8,0,0,0,0,0,0,0,0,0,0,0
21903,77,bully,1656,1,0,0,8,0,112,0,1,77,20247,1656,0,9,0,0,0,LEADER,1,0,0,8,0,0,0,0,0,0,0,0,0,0,0
22175,71,bully,1928,1,0,0,8,0,112,0,1,71,20247,1928,0,9,0,0,0,LEADER,1,0,0,8,0,0,0,0,0,0,0,0,0,0,0
22087,52,bully,1840,1,0,0,8,0,112,0,1,52,20247,1840,0,9,0,0,0,LEADER,1,0,0,8,0,0,0,0,0,0,0,0,0,0,0
22459,76,bully,2213,1,0,0,8,0,112,0,1,76,20246,2213,0,9,0,0,0,LEADER,1,0,0,8,0,0,0,0,0,0,0,0,0,0,0
22054,10,bully,1807,1,0,0,8,0,112,0,1,10,20247,1807,0,9,0,0,0,LEADER,1,0,0,8,0,0,0,0,0,0,0,0,0,0,0
21987,22,bully,1740,1,0,0,8,0,112,0,1,22,20247,1740,0,9,0,0,0,LEADER,1,0,0,8,0,0,0,0,0,0,0,0,0,0,0
22136,21,bully,1889,1,0,0,8,0,112,0,1,21,20247,1889,0,9,0,0,0,LEADER,1,0,0,8,0,0,0,0,0,0,0,0,0,0,0
22393,56,bully,2146,1,0,0,8,0,112,0,1,56,20247,2146,0,9,0,0,0,LEADER,1,0,0,8,0,0,0,0,0,0,0,0,0,0,0
21918,60,bully,1671,1,0,0,8,0,112,0,1,60,20247,1671,0,9,0,0,0,LEADER,1,0,0,8,0,0,0,0,0,0,0,0,0,0,0
22771,25,bully,1604,1,0,0,8,0,112,0,1,25,21167,1604,0,9,0,0,0,LEADER,1,0,0,8,0,0,0,0,0,0,0,0,0,0,0
21984,65,bully,1737,1,0,0,8,0,112,0,1,65,20247,1737,0,9,0,0,0,LEADER,1,0,0,8,0,0,0,0,0,0,0,0,0,0,0
22660,19,bully,2413,1,0,0,8,0,112,0,1,19,20247,2413,0,9,0,0,0,LEADER,1,0,0,8,0,0,0,0,0,0,0,0,0,0,0
22290,69,bully,2043,1,0,0,8,0,112,0,1,69,20247,2043,0,9,0,0,0,LEADER,1,0,0,8,0,0,0,0,0,0,0,0,0,0,0
22892,54,bully,1725,1,0,0,8,0,112,0,1,54,21167,1725,0,9,0,0,0,LEADER,1,0,0,8,0,0,0,0,0,0,0,0,0,0,0
22239,17,bully,1992,1,0,0,8,0,112,0,1,17,20247,1992,0,9,0,0,0,LEADER,1,0,0,8,0,0,0,0,0,0,0,0,0,0,0
22753,100,bully,1586,1,0,0,8,0,112,0,1,100,21167,1586,0,9,0,0,0,LEADER,1,0,0,8,0,0,0,0,0,0,0,0,0,0,0
22716,16,bully,1549,1,0,0,8,0,112,0,1,16,21167,1549,0,9,0,0,0,LEADER,1,0,0,8,0,0,0,0,0,0,0,0,0,0,0
22305,37,bully,2058,1,0,0,8,0,112,0,1,37,20247,2058,0,9,0,0,0,LEADER,1,0,0,8,0,0,0,0,0,0,0,0,0,0,0
22941,13,bully,1774,1,0,0,8,0,112,0,1,13,21167,1774,0,9,0,0,0,LEADER,1,0,0,8,0,0,0,0,0,0,0,0,0,0,0
22102,20,bully,1855,1,0,0,8,0,112,0,1,20,20247,1855,0,9,0,0,0,LEADER,1,0,0,8,0,0,0,0,0,0,0,0,0,0,0
22734,41,bully,1567,1,0,0,8,0,112,0,1,41,21167,1567,0,9,0,0,0,LEADER,1,0,0,8,0,0,0,0,0,0,0,0,0,0,0
22723,47,bully,1556,1,0,0,8,0,112,0,1,47,21167,1556,0,9,0,0,0,LEADER,1,0,0,8,0,0,0,0,0,0,0,0,0,0,0
22548,95,bully,2301,1,0,0,8,0,112,0,1,95,20247,2301,0,9,0,0,0,LEADER,1,0,0,8,0,0,0,0,0,0,0,0,0,0,0
22412,98,bully,2165,1,0,0,8,0,112,0,1,98,20247,2165,0,9,0,0,0,LEADER,1,0,0,8,0,0,0,0,0,0,0,0,0,0,0
22596,73,bully,2349,1,0,0,8,0,112,0,1,73,20247,2349,0,9,0,0,0,LEADER,1,0,0,8,0,0,0,0,0,0,0,0,0,0,0
22919,33,bully,1752,1,0,0,8,0,112,0,1,33,21167,1752,0,9,0,0,0,LEADER,1,0,0,8,0,0,0,0,0,0,0,0,0,0,0
22142,61,bully,1895,1,0,0,8,0,112,0,1,61,20247,1895,0,9,0,0,0,LEADER,1,0,0,8,0,0,0,0,0,0,0,0,0,0,0
22889,97,bully,1722,1,0,0,8,0,112,0,1,97,21167,1722,0,9,0,0,0,LEADER,1,0,0,8,0,0,0,0,0,0,0,0,0,0,0
23089,40,bully,1922,1,0,0,8,0,112,0,1,40,21167,1922,0,9,0,0,0,LEADER,1,0,0,8,0,0,0,0,0,0,0,0,0,0,0
23077,29,bully,1910,1,0,0,8,0,112,0,1,29,21167,1910,0,9,0,0,0,LEADER,1,0,0,8,0,0,0,0,0,0,0,0,0,0,0
22578,31,bully,2331,1,0,0,8,0,112,0,1,31,20247,2331,0,9,0,0,0,LEADER,1,0,0,8,0,0,0,0,0,0,0,0,0,0,0
22911,96,bully,1744,1,0,0,8,0,112,0,1,96,21167,1744,0,9,0,0,0,LEADER,1,0,0,8,0,0,0,0,0,0,0,0,0,0,0
22992,84,bully,1825,1,0,0,8,0,112,0,1,84,21167,1825,0,9,0,0,0,LEADER,1,0,0,8,0,0,0,0,0,0,0,0,0,0,0
22686,80,bully,1519,1,0,0,8,0,112,0,1,80,21167,1519,0,9,0,0,0,LEADER,1,0,0,8,0,0,0,0,0,0,0,0,0,0,0
22530,53,bully,2283,1,0,0,8,0,112,0,1,53,20247,2283,0,9,0,0,0,LEADER,1,0,0,8,0,0,0,0,0,0,0,0,0,0,0
22605,92,bully,1438,1,0,0,8,0,112,0,1,92,21167,1438,0,9,0,0,0,LEADER,1,0,0,8,0,0,0,0,0,0,0,0,0,0,0
23041,62,bully,1874,1,0,0,8,0,112,0,1,62,21167,1874,0,9,0,0,0,LEADER,1,0,0,8,0,0,0,0,0,0,0,0,0,0,0
22786,91,bully,1619,1,0,0,8,0,112,0,1,91,21167,1619,0,9,0,0,0,LEADER,1,0,0,8,0,0,0,0,0,0,0,0,0,0,0
22738,15,bully,1571,1,0,0,8,0,112,0,1,15,21167,1571,0,9,0,0,0,LEADER,1,0,0,8,0,0,0,0,0,0,0,0,0,0,0
22408,26,bully,2161,1,0,0,8,0,112,0,1,26,20247,2161,0,9,0,0,0,LEADER,1,0,0,8,0,0,0,0,0,0,0,0,0,0,0
23144,49,bully,1977,1,0,0,8,0,112,0,1,49,21167,1977,0,9,0,0,0,LEADER,1,0,0,8,0,0,0,0,0,0,0,0,0,0,0
22959,58,bully,1792,1,0,0,8,0,112,0,1,58,21167,1792,0,9,0,0,0,LEADER,1,0,0,8,0,0,0,0,0,0,0,0,0,0,0
22493,86,bully,2246,1,0,0,8,0,112,0,1,86,20247,2246,0,9,0,0,0,LEADER,1,0,0,8,0,0,0,0,0,0,0,0,0,0,0
22666,50,bully,2419,1,0,0,8,0,112,0,1,50,20247,2419,0,9,0,0,0,LEADER,1,0,0,8,0,0,0,0,0,0,0,0,0,0,0
22518,85,bully,2268,1,0,0,8,0,112,0,1,85,20250,2268,0,9,0,0,0,LEADER,1,0,0,8,0,0,0,0,0,0,0,0,0,0,0
22458,87,bully,2212,1,0,0,8,0,112,0,1,87,20246,2212,0,9,0,0,0,LEADER,1,0,0,8,0,0,0,0,0,0,0,0,0,0,0
22663,64,bully,2416,1,0,0,8,0,112,0,1,64,20247,2416,0,9,0,0,0,LEADER,1,0,0,8,0,0,0,0,0,0,0,0,0,0,0
22601,18,bully,1434,1,0,0,8,0,112,0,1,18,21167,1434,0,9,0,0,0,LEADER,1,0,0,8,0,0,0,0,0,0,0,0,0,0,0
22511,11,bully,2264,1,0,0,8,0,112,0,1,11,20247,2264,0,9,0,0,0,LEADER,1,0,0,8,0,0,0,0,0,0,0,0,0,0,0
22720,90,bully,1553,1,0,0,8,0,112,0,1,90,21167,1553,0,9,0,0,0,LEADER,1,0,0,8,0,0,0,0,0,0,0,0,0,0,0
22614,35,bully,1447,1,0,0,8,0,112,0,1,35,21167,1447,0,9,0,0,0,LEADER,1,0,0,8,0,0,0,0,0,0,0,0,0,0,0
22496,43,bully,2249,1,0,0,8,0,112,0,1,43,20247,2249,0,9,0,0,0,LEADER,1,0,0,8,0,0,0,0,0,0,0,0,0,0,0
22634,28,bully,1467,1,0,0,8,0,112,0,1,28,21167,1467,0,9,0,0,0,LEADER,1,0,0,8,0,0,0,0,0,0,0,0,0,0,0
23308,23,bully,2141,1,0,0,8,0,112,0,1,23,21167,2141,0,9,0,0,0,LEADER,1,0,0,8,0,0,0,0,0,0,0,0,0,0,0
22474,44,bully,2228,1,0,0,8,0,112,0,1,44,20246,2228,0,9,0,0,0,LEADER,1,0,0,8,0,0,0,0,0,0,0,0,0,0,0
22628,30,bully,1461,1,0,0,8,0,112,0,1,30,21167,1461,0,9,0,0,0,LEADER,1,0,0,8,0,0,0,0,0,0,0,0,0,0,0
23026,94,bully,1859,1,0,0,8,0,112,0,1,94,21167,1859,0,9,0,0,0,LEADER,1,0,0,8,0,0,0,0,0,0,0,0,0,0,0
22668,38,bully,1501,1,0,0,8,0,112,0,1,38,21167,1501,0,9,0,0,0,LEADER,1,0,0,8,0,0,0,0,0,0,0,0,0,0,0
23347,66,bully,2180,1,0,0,8,0,112,0,1,66,21167,2180,0,9,0,0,0,LEADER,1,0,0,8,0,0,0,0,0,0,0,0,0,0,0
22653,70,bully,1486,1,0,0,8,0,112,0,1,70,21167,1486,0,9,0,0,0,LEADER,1,0,0,8,0,0,0,0,0,0,0,0,0,0,0
23298,88,bully,2131,1,0,0,8,0,112,0,1,88,21167,2131,0,9,0,0,0,LEADER,1,0,0,8,0,0,0,0,0,0,0,0,0,0,0
22482,75,bully,2235,1,0,0,8,0,112,0,1,75,20247,2235,0,9,0,0,0,LEADER,1,0,0,8,0,0,0,0,0,0,0,0,0,0,0
22490,12,bully,2243,1,0,0,8,0,112,0,1,12,20247,2243,0,9,0,0,0,LEADER,1,0,0,8,0,0,0,0,0,0,0,0,0,0,0
23192,27,bully,2025,1,0,0,8,0,112,0,1,27,21167,2025,0,9,0,0,0,LEADER,1,0,0,8,0,0,0,0,0,0,0,0,0,0,0
22681,42,bully,1514,1,0,0,8,0,112,0,1,42,21167,1514,0,9,0,0,0,LEADER,1,0,0,8,0,0,0,0,0,0,0,0,0,0,0
23328,24,bully,2161,1,0,0,8,0,112,0,1,24,21167,2161,0,9,0,0,0,LEADER,1,0,0,8,0,0,0,0,0,0,0,0,0,0,0
23280,46,bully,2113,1,0,0,8,0,112,0,1,46,21167,2113,0,9,0,0,0,LEADER,1,0,0,8,0,0,0,0,0,0,0,0,0,0,0
23177,59,bully,2010,1,0,0,8,0,112,0,1,59,21167,2010,0,9,0,0,0,LEADER,1,0,0,8,0,0,0,0,0,0,0,0,0,0,0
22804,34,bully,1637,1,0,0,8,0,112,0,1,34,21167,1637,0,9,0,0,0,LEADER,1,0,0,8,0,0,0,0,0,0,0,0,0,0,0
23459,32,bully,2292,1,0,0,8,0,112,0,1,32,21167,2292,0,9,0,0,0,LEADER,1,0,0,8,0,0,0,0,0,0,0,0,0,0,0
23074,72,bully,1907,1,0,0,8,0,112,0,1,72,21167,1907,0,9,0,0,0,LEADER,1,0,0,8,0,0,0,0,0,0,0,0,0,0,0
23483,63,bully,2316,1,0,0,8,0,112,0,1,63,21167,2316,0,9,0,0,0,LEADER,1,0,0,8,0,0,0,0,0,0,0,0,0,0,0
22959,74,bully,1792,1,0,0,8,0,112,0,1,74,21167,1792,0,9,0,0,0,LEADER,1,0,0,8,0,0,0,0,0,0,0,0,0,0,0
22701,48,bully,1534,1,0,0,8,0,112,0,1,48,21167,1534,0,9,0,0,0,LEADER,1,0,0,8,0,0,0,0,0,0,0,0,0,0,0
23162,57,bully,1995,1,0,0,8,0,112,0,1,57,21167,1995,0,9,0,0,0,LEADER,1,0,0,8,0,0,0,0,0,0,0,0,0,0,0
23232,68,bully,2065,1,0,0,8,0,112,0,1,68,21167,2065,0,9,0,0,0,LEADER,1,0,0,8,0,0,0,0,0,0,0,0,0,0,0
22633,45,bully,1466,1,0,0,8,0,112,0,1,45,21167,1466,0,9,0,0,0,LEADER,1,0,0,8,0,0,0,0,0,0,0,0,0,0,0
22990,93,bully,1823,1,0,0,8,0,112,0,1,93,21167,1823,0,9,0,0,0,LEADER,1,0,0,8,0,0,0,0,0,0,0,0,0,0,0
23571,82,bully,2404,1,0,0,8,0,112,0,1,82,21167,2404,0,9,0,0,0,LEADER,1,0,0,8,0,0,0,0,0,0,0,0,0,0,0
23565,51,bully,2398,1,0,0,8,0,112,0,1,51,21167,2398,0,9,0,0,0,LEADER,1,0,0,8,0,0,0,0,0,0,0,0,0,0,0
23110,39,bully,1943,1,0,0,8,0,112,0,1,39,21167,1943,0,9,0,0,0,LEADER,1,0,0,8,0,0,0,0,0,0,0,0,0,0,0
22856,78,bully,1689,1,0,0,8,0,112,0,1,78,21167,1689,0,9,0,0,0,LEADER,1,0,0,8,0,0,0,0,0,0,0,0,0,0,0
23244,79,bully,2077,1,0,0,8,0,112,0,1,79,21167,2077,0,9,0,0,0,LEADER,1,0,0,8,0,0,0,0,0,0,0,0,0,0,0
22819,14,bully,1652,1,0,0,8,0,112,0,1,14,21167,1652,0,9,0,0,0,LEADER,1,0,0,8,0,0,0,0,0,0,0,0,0,0,0
23246,36,bully,2080,1,0,0,8,0,112,0,1,36,21166,2080,0,9,0,0,0,LEADER,1,0,0,8,0,0,0,0,0,0,0,0,0,0,0
23129,81,bully,1962,1,0,0,8,0,112,0,1,81,21167,1962,0,9,0,0,0,LEADER,1,0,0,8,0,0,0,0,0,0,0,0,0,0,0
22789,67,bully,1622,1,0,0,8,0,112,0,1,67,21167,1622,0,9,0,0,0,LEADER,1,0,0,8,0,0,0,0,0,0,0,0,0,0,0
23550,83,bully,2383,1,0,0,8,0,112,0,1,83,21167,2383,0,9,0,0,0,LEADER,1,0,0,8,0,0,0,0,0,0,0,0,0,0,0
23695,99,bully,1607,1,0,0,9,0,126,0,1,99,22088,1607,0,10,0,0,0,LEADER,1,0,0,9,0,0,0,0,0,0,0,0,0,0,0
22871,55,bully,1704,1,0,0,8,0,112,0,1,55,21167,1704,0,9,0,0,0,LEADER,1,0,0,8,0,0,0,0,0,0,0,0,0,0,0
23662,89,bully,1574,1,0,0,9,0,126,0,1,89,22088,1574,0,10,0,0,0,LEADER,1,0,0,9,0,0,0,0,0,0,0,0,0,0,0
22823,77,bully,1656,1,0,0,8,0,112,0,1,77,21167,1656,0,9,0,0,0,LEADER,1,0,0,8,0,0,0,0,0,0,0,0,0,0,0
23095,71,bully,1928,1,0,0,8,0,112,0,1,71,21167,1928,0,9,0,0,0,LEADER,1,0,0,8,0,0,0,0,0,0,0,0,0,0,0
23007,52,bully,1840,1,0,0,8,0,112,0,1,52,21167,1840,0,9,0,0,0,LEADER,1,0,0,8,0,0,0,0,0,0,0,0,0,0,0
23379,76,bully,2213,1,0,0,8,0,112,0,1,76,21166,2213,0,9,0,0,0,LEADER,1,0,0,8,0,0,0,0,0,0,0,0,0,0,0
22974,10,bully,1807,1,0,0,8,0,112,0,1,10,21167,1807,0,9,0,0,0,LEADER,1,0,0,8,0,0,0,0,0,0,0,0,0,0,0
22907,22,bully,1740,1,0,0,8,0,112,0,1,22,21167,1740,0,9,0,0,0,LEADER,1,0,0,8,0,0,0,0,0,0,0,0,0,0,0
23056,21,bully,1889,1,0,0,8,0,112,0,1,21,21167,1889,0,9,0,0,0,LEADER,1,0,0,8,0,0,0,0,0,0,0,0,0,0,0
23313,56,bully,2146,1,0,0,8,0,112,0,1,56,21167,2146,0,9,0,0,0,LEADER,1,0,0,8,0,0,0,0,0,0,0,0,0,0,0
22838,60,bully,1671,1,0,0,8,0,112,0,1,60,21167,1671,0,9,0,0,0,LEADER,1,0,0,8,0,0,0,0,0,0,0,0,0,0,0
23692,25,bully,1604,1,0,0,9,0,126,0,1,25,22088,1604,0,10,0,0,0,LEADER,1,0,0,9,0,0,0,0,0,0,0,0,0,0,0
22904,65,bully,1737,1,0,0,8,0,112,0,1,65,21167,1737,0,9,0,0,0,LEADER,1,0,0,8,0,0,0,0,0,0,0,0,0,0,0
23580,19,bully,2413,1,0,0,8,0,112,0,1,19,21167,2413,0,9,0,0,0,LEADER,1,0,0,8,0,0,0,0,0,0,0,0,0,0,0
23210,69,bully,2043,1,0,0,8,0,112,0,1,69,21167,2043,0,9,0,0,0,LEADER,1,0,0,8,0,0,0,0,0,0,0,0,0,0,0
23813,54,bully,1725,1,0,0,9,0,126,0,1,54,22088,1725,0,10,0,0,0,LEADER,1,0,0,9,0,0,0,0,0,0,0,0,0,0,0
23159,17,bully,1992,1,0,0,8,0,112,0,1,17,21167,1992,0,9,0,0,0,LEADER,1,0,0,8,0,0,0,0,0,0,0,0,0,0,0
23674,100,bully,1586,1,0,0,9,0,126,0,1,100,22088,1586,0,10,0,0,0,LEADER,1,0,0,9,0,0,0,0,0,0,0,0,0,0,0
23637,16,bully,1549,1,0,0,9,0,126,0,1,16,22088,1549,0,10,0,0,0,LEADER,1,0,0,9,0,0,0,0,0,0,0,0,0,0,0
23225,37,bully,2058,1,0,0,8,0,112,0,1,37,21167,2058,0,9,0,0,0,LEADER,1,0,0,8,0,0,0,0,0,0,0,0,0,0,0
23862,13,bully,1774,1,0,0,9,0,126,0,1,13,22088,1774,0,10,0,0,0,LEADER,1,0,0,9,0,0,0,0,0,0,0,0,0,0,0
23022,20,bully,1855,1,0,0,8,0,112,0,1,20,21167,1855,0,9,0,0,0,LEADER,1,0,0,8,0,0,0,0,0,0,0,0,0,0,0
23655,41,bully,1567,1,0,0,9,0,126,0,1,41,22088,1567,0,10,0,0,0,LEADER,1,0,0,9,0,0,0,0,0,0,0,0,0,0,0
23644,47,bully,1556,1,0,0,9,0,126,0,1,47,22088,1556,0,10,0,0,0,LEADER,1,0,0,9,0,0,0,0,0,0,0,0,0,0,0
23468,95,bully,2301,1,0,0,8,0,112,0,1,95,21167,2301,0,9,0,0,0,LEADER,1,0,0,8,0,0,0,0,0,0,0,0,0,0,0
23332,98,bully,2165,1,0,0,8,0,112,0,1,98,21167,2165,0,9,0,0,0,LEADER,1,0,0,8,0,0,0,0,0,0,0,0,0,0,0
23516,73,bully,2349,1,0,0,8,0,112,0,1,73,21167,2349,0,9,0,0,0,LEADER,1,0,0,8,0,0,0,0,0,0,0,0,0,0,0
23062,61,bully,1895,1,0,0,8,0,112,0,1,61,21167,1895,0,9,0,0,0,LEADER,1,0,0,8,0,0,0,0,0,0,0,0,0,0,0
23810,97,bully,1722,1,0,0,9,0,126,0,1,97,22088,1722,0,10,0,0,0,LEADER,1,0,0,9,0,0,0,0,0,0,0,0,0,0,0
23840,33,bully,1752,1,0,0,9,0,126,0,1,33,22088,1752,0,10,0,0,0,LEADER,1,0,0,9,0,0,0,0,0,0,0,0,0,0,0
23498,31,bully,2331,1,0,0,8,0,112,0,1,31,21167,2331,0,9,0,0,0,LEADER,1,0,0,8,0,0,0,0,0,0,0,0,0,0,0
23998,29,bully,1910,1,0,0,9,0,126,0,1,29,22088,1910,0,10,0,0,0,LEADER,1,0,0,9,0,0,0,0,0,0,0,0,0,0,0
24010,40,bully,1922,1,0,0,9,0,126,0,1,40,22088,1922,0,10,0,0,0,LEADER,1,0,0,9,0,0,0,0,0,0,0,0,0,0,0
23832,96,bully,1744,1,0,0,9,0,126,0,1,96,22088,1744,0,10,0,0,0,LEADER,1,0,0,9,0,0,0,0,0,0,0,0,0,0,0
23913,84,bully,1825,1,0,0,9,0,126,0,1,84,22088,1825,0,10,0,0,0,LEADER,1,0,0,9,0,0,0,0,0,0,0,0,0,0,0
23607,80,bully,1519,1,0,0,9,0,126,0,1,80,22088,1519,0,10,0,0,0,LEADER,1,0,0,9,0,0,0,0,0,0,0,0,0,0,0
23450,53,bully,2283,1,0,0,8,0,112,0,1,53,21167,2283,0,9,0,0,0,LEADER,1,0,0,8,0,0,0,0,0,0,0,0,0,0,0
23526,92,bully,1438,1,0,0,9,0,126,0,1,92,22088,1438,0,10,0,0,0,LEADER,1,0,0,9,0,0,0,0,0,0,0,0,0,0,0
23962,62,bully,1874,1,0,0,9,0,126,0,1,62,22088,1874,0,10,0,0,0,LEADER,1,0,0,9,0,0,0,0,0,0,0,0,0,0,0
23707,91,bully,1619,1,0,0,9,0,126,0,1,91,22088,1619,0,10,0,0,0,LEADER,1,0,0,9,0,0,0,0,0,0,0,0,0,0,0
23659,15,bully,1571,1,0,0,9,0,126,0,1,15,22088,1571,0,10,0,0,0,LEADER,1,0,0,9,0,0,0,0,0,0,0,0,0,0,0
23328,26,bully,2161,1,0,0,8,0,112,0,1,26,21167,2161,0,9,0,0,0,LEADER,1,0,0,8,0,0,0,0,0,0,0,0,0,0,0
24065,49,bully,1977,1,0,0,9,0,126,0,1,49,22088,1977,0,10,0,0,0,LEADER,1,0,0,9,0,0,0,0,0,0,0,0,0,0,0
23880,58,bully,1792,1,0,0,9,0,126,0,1,58,22088,1792,0,10,0,0,0,LEADER,1,0,0,9,0,0,0,0,0,0,0,0,0,0,0
23413,86,bully,2246,1,0,0,8,0,112,0,1,86,21167,2246,0,9,0,0,0,LEADER,1,0,0,8,0,0,0,0,0,0,0,0,0,0,0
23586,50,bully,2419,1,0,0,8,0,112,0,1,50,21167,2419,0,9,0,0,0,LEADER,1,0,0,8,0,0,0,0,0,0,0,0,0,0,0
23438,85,bully,2268,1,0,0,8,0,112,0,1,85,21170,2268,0,9,0,0,0,LEADER,1,0,0,8,0,0,0,0,0,0,0,0,0,0,0
23378,87,bully,2212,1,0,0,8,0,112,0,1,87,21166,2212,0,9,0,0,0,LEADER,1,0,0,8,0,0,0,0,0,0,0,0,0,0,0
23583,64,bully,2416,1,0,0,8,0,112,0,1,64,21167,2416,0,9,0,0,0,LEADER,1,0,0,8,0,0,0,0,0,0,0,0,0,0,0
23431,11,bully,2264,1,0,0,8,0,112,0,1,11,21167,2264,0,9,0,0,0,LEADER,1,0,0,8,0,0,0,0,0,0,0,0,0,0,0
23522,18,bully,1434,1,0,0,9,0,126,0,1,18,22088,1434,0,10,0,0,0,LEADER,1,0,0,9,0,0,0,0,0,0,0,0,0,0,0
23641,90,bully,1553,1,0,0,9,0,126,0,1,90,22088,1553,0,10,0,0,0,LEADER,1,0,0,9,0,0,0,0,0,0,0,0,0,0,0
23535,35,bully,1447,1,0,0,9,0,126,0,1,35,22088,1447,0,10,0,0,0,LEADER,1,0,0,9,0,0,0,0,0,0,0,0,0,0,0
23416,43,bully,2249,1,0,0,8,0,112,0,1,43,21167,2249,0,9,0,0,0,LEADER,1,0,0,8,0,0,0,0,0,0,0,0,0,0,0
23555,28,bully,1467,1,0,0,9,0,126,0,1,28,22088,1467,0,10,0,0,0,LEADER,1,0,0,9,0,0,0,0,0,0,0,0,0,0,0
23394,44,bully,2228,1,0,0,8,0,112,0,1,44,21166,2228,0,9,0,0,0,LEADER,1,0,0,8,0,0,0,0,0,0,0,0,0,0,0
24229,23,bully,2141,1,0,0,9,0,126,0,1,23,22088,2141,0,10,0,0,0,LEADER,1,0,0,9,0,0,0,0,0,0,0,0,0,0,0
23549,30,bully,1461,1,0,0,9,0,126,0,1,30,22088,1461,0,10,0,0,0,LEADER,1,0,0,9,0,0,0,0,0,0,0,0,0,0,0
23947,94,bully,1859,1,0,0,9,0,126,0,1,94,22088,1859,0,10,0,0,0,LEADER,1,0,0,9,0,0,0,0,0,0,0,0,0,0,0
23589,38,bully,1501,1,0,0,9,0,126,0,1,38,22088,1501,0,10,0,0,0,LEADER,1,0,0,9,0,0,0,0,0,0,0,0,0,0,0
24268,66,bully,2180,1,0,0,9,0,126,0,1,66,22088,2180,0,10,0,0,0,LEADER,1,0,0,9,0,0,0,0,0,0,0,0,0,0,0
23574,70,bully,1486,1,0,0,9,0,126,0,1,70,22088,1486,0,10,0,0,0,LEADER,1,0,0,9,0,0,0,0,0,0,0,0,0,0,0
24219,88,bully,2131,1,0,0,9,0,126,0,1,88,22088,2131,0,10,0,0,0,LEADER,1,0,0,9,0,0,0,0,0,0,0,0,0,0,0
23402,75,bully,2235,1,0,0,8,0,112,0,1,75,21167,2235,0,9,0,0,0,LEADER,1,0,0,8,0,0,0,0,0,0,0,0,0,0,0
23410,12,bully,2243,1,0,0,8,0,112,0,1,12,21167,2243,0,9,0,0,0,LEADER,1,0,0,8,0,0,0,0,0,0,0,0,0,0,0
24113,27,bully,2025,1,0,0,9,0,126,0,1,27,22088,2025,0,10,0,0,0,LEADER,1,0,0,9,0,0,0,0,0,0,0,0,0,0,0
23602,42,bully,1514,1,0,0,9,0,126,0,1,42,22088,1514,0,10,0,0,0,LEADER,1,0,0,9,0,0,0,0,0,0,0,0,0,0,0
24249,24,bully,2161,1,0,0,9,0,126,0,1,24,22088,2161,0,10,0,0,0,LEADER,1,0,0,9,0,0,0,0,0,0,0,0,0,0,0
24201,46,bully,2113,1,0,0,9,0,126,0,1,46,22088,2113,0,10,0,0,0,LEADER,1,0,0,9,0,0,0,0,0,0,0,0,0,0,0
23725,34,bully,1637,1,0,0,9,0,126,0,1,34,22088,1637,0,10,0,0,0,LEADER,1,0,0,9,0,0,0,0,0,0,0,0,0,0,0
24098,59,bully,2010,1,0,0,9,0,126,0,1,59,22088,2010,0,10,0,0,0,LEADER,1,0,0,9,0,0,0,0,0,0,0,0,0,0,0
24380,32,bully,2292,1,0,0,9,0,126,0,1,32,22088,2292,0,10,0,0,0,LEADER,1,0,0,9,0,0,0,0,0,0,0,0,0,0,0
23995,72,bully,1907,1,0,0,9,0,126,0,1,72,22088,1907,0,10,0,0,0,LEADER,1,0,0,9,0,0,0,0,0,0,0,0,0,0,0
24404,63,bully,2316,1,0,0,9,0,126,0,1,63,22088,2316,0,10,0,0,0,LEADER,1,0,0,9,0,0,0,0,0,0,0,0,0,0,0
23880,74,bully,1792,1,0,0,9,0,126,0,1,74,22088,1792,0,10,0,0,0,LEADER,1,0,0,9,0,0,0,0,0,0,0,0,0,0,0
23622,48,bully,1534,1,0,0,9,0,126,0,1,48,22088,1534,0,10,0,0,0,LEADER,1,0,0,9,0,0,0,0,0,0,0,0,0,0,0
24083,57,bully,1995,1,0,0,9,0,126,0,1,57,22088,1995,0,10,0,0,0,LEADER,1,0,0,9,0,0,0,0,0,0,0,0,0,0,0
24153,68,bully,2065,1,0,0,9,0,126,0,1,68,22088,2065,0,10,0,0,0,LEADER,1,0,0,9,0,0,0,0,0,0,0,0,0,0,0
23554,45,bully,1466,1,0,0,9,0,126,0,1,45,22088,1466,0,10,0,0,0,LEADER,1,0,0,9,0,0,0,0,0,0,0,0,0,0,0
23911,93,bully,1823,1,0,0,9,0,126,0,1,93,22088,1823,0,10,0,0,0,LEADER,1,0,0,9,0,0,0,0,0,0,0,0,0,0,0
24492,82,bully,2404,1,0,0,9,0,126,0,1,82,22088,2404,0,10,0,0,0,LEADER,1,0,0,9,0,0,0,0,0,0,0,0,0,0,0
24486,51,bully,2398,1,0,0,9,0,126,0,1,51,22088,2398,0,10,0,0,0,LEADER,1,0,0,9,0,0,0,0,0,0,0,0,0,0,0
24031,39,bully,1943,1,0,0,9,0,126,0,1,39,22088,1943,0,10,0,0,0,LEADER,1,0,0,9,0,0,0,0,0,0,0,0,0,0,0
23777,78,bully,1689,1,0,0,9,0,126,0,1,78,22088,1689,0,10,0,0,0,LEADER,1,0,0,9,0,0,0,0,0,0,0,0,0,0,0
24165,79,bully,2077,1,0,0,9,0,126,0,1,79,22088,2077,0,10,0,0,0,LEADER,1,0,0,9,0,0,0,0,0,0,0,0,0,0,0
23740,14,bully,1652,1,0,0,9,0,126,0,1,14,22088,1652,0,10,0,0,0,LEADER,1,0,0,9,0,0,0,0,0,0,0,0,0,0,0
24167,36,bully,2080,1,0,0,9,0,126,0,1,36,22087,2080,0,10,0,0,0,LEADER,1,0,0,9,0,0,0,0,0,0,0,0,0,0,0
24191,1,bully,2293,1,0,0,6,7,84,98,1,1,21898,2293,0,5,0,0,0,LEADER,1,0,0,6,0,0,0,7,0,0,0,0,0,0,0
24050,81,bully,1962,1,0,0,9,0,126,0,1,81,22088,1962,0,10,0,0,0,LEADER,1,0,0,9,0,0,0,0,0,0,0,0,0,0,0
23710,67,bully,1622,1,0,0,9,0,126,0,1,67,22088,1622,0,10,0,0,0,LEADER,1,0,0,9,0,0,0,0,0,0,0,0,0,0,0
24471,83,bully,2383,1,0,0,9,0,126,0,1,83,22088,2383,0,10,0,0,0,LEADER,1,0,0,9,0,0,0,0,0,0,0,0,0,0,0
24615,99,bully,1607,1,0,0,9,0,126,0,1,99,23008,1607,0,10,0,0,0,LEADER,1,0,0,9,0,0,0,0,0,0,0,0,0,0,0
23792,55,bully,1704,1,0,0,9,0,126,0,1,55,22088,1704,0,10,0,0,0,LEADER,1,0,0,9,0,0,0,0,0,0,0,0,0,0,0
24582,89,bully,1574,1,0,0,9,0,126,0,1,89,23008,1574,0,10,0,0,0,LEADER,1,0,0,9,0,0,0,0,0,0,0,0,0,0,0
23744,77,bully,1656,1,0,0,9,0,126,0,1,77,22088,1656,0,10,0,0,0,LEADER,1,0,0,9,0,0,0,0,0,0,0,0,0,0,0
24016,71,bully,1928,1,0,0,9,0,126,0,1,71,22088,1928,0,10,0,0,0,LEADER,1,0,0,9,0,0,0,0,0,0,0,0,0,0,0
23928,52,bully,1840,1,0,0,9,0,126,0,1,52,22088,1840,0,10,0,0,0,LEADER,1,0,0,9,0,0,0,0,0,0,0,0,0,0,0
24300,76,bully,2213,1,0,0,9,0,126,0,1,76,22087,2213,0,10,0,0,0,LEADER,1,0,0,9,0,0,0,0,0,0,0,0,0,0,0
23895,10,bully,1807,1,0,0,9,0,126,0,1,10,22088,1807,0,10,0,0,0,LEADER,1,0,0,9,0,0,0,0,0,0,0,0,0,0,0
23828,22,bully,1740,1,0,0,9,0,126,0,1,22,22088,1740,0,10,0,0,0,LEADER,1,0,0,9,0,0,0,0,0,0,0,0,0,0,0
23977,21,bully,1889,1,0,0,9,0,126,0,1,21,22088,1889,0,10,0,0,0,LEADER,1,0,0,9,0,0,0,0,0,0,0,0,0,0,0
24234,56,bully,2146,1,0,0,9,0,126,0,1,56,22088,2146,0,10,0,0,0,LEADER,1,0,0,9,0,0,0,0,0,0,0,0,0,0,0
23759,60,bully,1671,1,0,0,9,0,126,0,1,60,22088,1671,0,10,0,0,0,LEADER,1,0,0,9,0,0,0,0,0,0,0,0,0,0,0
24612,25,bully,1604,1,0,0,9,0,126,0,1,25,23008,1604,0,10,0,0,0,LEADER,1,0,0,9,0,0,0,0,0,0,0,0,0,0,0
23825,65,bully,1737,1,0,0,9,0,126,0,1,65,22088,1737,0,10,0,0,0,LEADER,1,0,0,9,0,0,0,0,0,0,0,0,0,0,0
24501,19,bully,2413,1,0,0,9,0,126,0,1,19,22088,2413,0,10,0,0,0,LEADER,1,0,0,9,0,0,0,0,0,0,0,0,0,0,0
24131,69,bully,2043,1,0,0,9,0,126,0,1,69,22088,2043,0,10,0,0,0,LEADER,1,0,0,9,0,0,0,0,0,0,0,0,0,0,0
24733,54,bully,1725,1,0,0,9,0,126,0,1,54,23008,1725,0,10,0,0,0,LEADER,1,0,0,9,0,0,0,0,0,0,0,0,0,0,0
24080,17,bully,1992,1,0,0,9,0,126,0,1,17,22088,1992,0,10,0,0,0,LEADER,1,0,0,9,0,0,0,0,0,0,0,0,0,0,0
24594,100,bully,1586,1,0,0,9,0,126,0,1,100,23008,1586,0,10,0,0,0,LEADER,1,0,0,9,0,0,0,0,0,0,0,0,0,0,0
24557,16,bully,1549,1,0,0,9,0,126,0,1,16,23008,1549,0,10,0,0,0,LEADER,1,0,0,9,0,0,0,0,0,0,0,0,0,0,0
24146,37,bully,2058,1,0,0,9,0,126,0,1,37,22088,2058,0,10,0,0,0,LEADER,1,0,0,9,0,0,0,0,0,0,0,0,0,0,0
24782,13,bully,1774,1,0,0,9,0,126,0,1,13,23008,1774,0,10,0,0,0,LEADER,1,0,0,9,0,0,0,0,0,0,0,0,0,0,0
23943,20,bully,1855,1,0,0,9,0,126,0,1,20,22088,1855,0,10,0,0,0,LEADER,1,0,0,9,0,0,0,0,0,0,0,0,0,0,0
24575,41,bully,1567,1,0,0,9,0,126,0,1,41,23008,1567,0,10,0,0,0,LEADER,1,0,0,9,0,0,0,0,0,0,0,0,0,0,0
24564,47,bully,1556,1,0,0,9,0,126,0,1,47,23008,1556,0,10,0,0,0,LEADER,1,0,0,9,0,0,0,0,0,0,0,0,0,0,0
24389,95,bully,2301,1,0,0,9,0,126,0,1,95,22088,2301,0,10,0,0,0,LEADER,1,0,0,9,0,0,0,0,0,0,0,0,0,0,0
24253,98,bully,2165,1,0,0,9,0,126,0,1,98,22088,2165,0,10,0,0,0,LEADER,1,0,0,9,0,0,0,0,0,0,0,0,0,0,0
24437,73,bully,2349,1,0,0,9,0,126,0,1,73,22088,2349,0,10,0,0,0,LEADER,1,0,0,9,0,0,0,0,0,0,0,0,0,0,0
24760,33,bully,1752,1,0,0,9,0,126,0,1,33,23008,1752,0,10,0,0,0,LEADER,1,0,0,9,0,0,0,0,0,0,0,0,0,0,0
23983,61,bully,1895,1,0,0,9,0,126,0,1,61,22088,1895,0,10,0,0,0,LEADER,1,0,0,9,0,0,0,0,0,0,0,0,0,0,0
24730,97,bully,1722,1,0,0,9,0,126,0,1,97,23008,1722,0,10,0,0,0,LEADER,1,0,0,9,0,0,0,0,0,0,0,0,0,0,0
24918,29,bully,1910,1,0,0,9,0,126,0,1,29,23008,1910,0,10,0,0,0,LEADER,1,0,0,9,0,0,0,0,0,0,0,0,0,0,0
24930,40,bully,1922,1,0,0,9,0,126,0,1,40,23008,1922,0,10,0,0,0,LEADER,1,0,0,9,0,0,0,0,0,0,0,0,0,0,0
24419,31,bully,2331,1,0,0,9,0,126,0,1,31,22088,2331,0,10,0,0,0,LEADER,1,0,0,9,0,0,0,0,0,0,0,0,0,0,0
24752,96,bully,1744,1,0,0,9,0,126,0,1,96,23008,1744,0,10,0,0,0,LEADER,1,0,0,9,0,0,0,0,0,0,0,0,0,0,0
24833,84,bully,1825,1,0,0,9,0,126,0,1,84,23008,1825,0,10,0,0,0,LEADER,1,0,0,9,0,0,0,0,0,0,0,0,0,0,0
24527,80,bully,1519,1,0,0,9,0,126,0,1,80,23008,1519,0,10,0,0,0,LEADER,1,0,0,9,0,0,0,0,0,0,0,0,0,0,0
24371,53,bully,2283,1,0,0,9,0,126,0,1,53,22088,2283,0,10,0,0,0,LEADER,1,0,0,9,0,0,0,0,0,0,0,0,0,0,0
24446,92,bully,1438,1,0,0,9,0,126,0,1,92,23008,1438,0,10,0,0,0,LEADER,1,0,0,9,0,0,0,0,0,0,0,0,0,0,0
24882,62,bully,1874,1,0,0,9,0,126,0,1,62,23008,1874,0,10,0,0,0,LEADER,1,0,0,9,0,0,0,0,0,0,0,0,0,0,0
24627,91,bully,1619,1,0,0,9,0,126,0,1,91,23008,1619,0,10,0,0,0,LEADER,1,0,0,9,0,0,0,0,0,0,0,0,0,0,0
24579,15,bully,1571,1,0,0,9,0,126,0,1,15,23008,1571,0,10,0,0,0,LEADER,1,0,0,9,0,0,0,0,0,0,0,0,0,0,0
24249,26,bully,2161,1,0,0,9,0,126,0,1,26,22088,2161,0,10,0,0,0,LEADER,1,0,0,9,0,0,0,0,0,0,0,0,0,0,0
24985,49,bully,1977,1,0,0,9,0,126,0,1,49,23008,1977,0,10,0,0,0,LEADER,1,0,0,9,0,0,0,0,0,0,0,0,0,0,0
24800,58,bully,1792,1,0,0,9,0,126,0,1,58,23008,1792,0,10,0,0,0,LEADER,1,0,0,9,0,0,0,0,0,0,0,0,0,0,0
24334,86,bully,2246,1,0,0,9,0,126,0,1,86,22088,2246,0,10,0,0,0,LEADER,1,0,0,9,0,0,0,0,0,0,0,0,0,0,0
24507,50,bully,2419,1,0,0,9,0,126,0,1,50,22088,2419,0,10,0,0,0,LEADER,1,0,0,9,0,0,0,0,0,0,0,0,0,0,0
24359,85,bully,2268,1,0,0,9,0,126,0,1,85,22091,2268,0,10,0,0,0,LEADER,1,0,0,9,0,0,0,0,0,0,0,0,0,0,0
24298,87,bully,2212,1,0,0,9,0,126,0,1,87,22086,2212,0,10,0,0,0,LEADER,1,0,0,9,0,0,0,0,0,0,0,0,0,0,0
24504,64,bully,2416,1,0,0,9,0,126,0,1,64,22088,2416,0,10,0,0,0,LEADER,1,0,0,9,0,0,0,0,0,0,0,0,0,0,0
24442,18,bully,1434,1,0,0,9,0,126,0,1,18,23008,1434,0,10,0,0,0,LEADER,1,0,0,9,0,0,0,0,0,0,0,0,0,0,0
24352,11,bully,2264,1,0,0,9,0,126,0,1,11,22088,2264,0,10,0,0,0,LEADER,1,0,0,9,0,0,0,0,0,0,0,0,0,0,0
24561,90,bully,1553,1,0,0,9,0,126,0,1,90,23008,1553,0,10,0,0,0,LEADER,1,0,0,9,0,0,0,0,0,0,0,0,0,0,0
24455,35,bully,1447,1,0,0,9,0,126,0,1,35,23008,1447,0,10,0,0,0,LEADER,1,0,0,9,0,0,0,0,0,0,0,0,0,0,0
24337,43,bully,2249,1,0,0,9,0,126,0,1,43,22088,2249,0,10,0,0,0,LEADER,1,0,0,9,0,0,0,0,0,0,0,0,0,0,0
24475,28,bully,1467,1,0,0,9,0,126,0,1,28,23008,1467,0,10,0,0,0,LEADER,1,0,0,9,0,0,0,0,0,0,0,0,0,0,0
25149,23,bully,2141,1,0,0,9,0,126,0,1,23,23008,2141,0,10,0,0,0,LEADER,1,0,0,9,0,0,0,0,0,0,0,0,0,0,0
24315,44,bully,2228,1,0,0,9,0,126,0,1,44,22087,2228,0,10,0,0,0,LEADER,1,0,0,9,0,0,0,0,0,0,0,0,0,0,0
24469,30,bully,1461,1,0,0,9,0,126,0,1,30,23008,1461,0,10,0,0,0,LEADER,1,0,0,9,0,0,0,0,0,0,0,0,0,0,0
24867,94,bully,1859,1,0,0,9,0,126,0,1,94,23008,1859,0,10,0,0,0,LEADER,1,0,0,9,0,0,0,0,0,0,0,0,0,0,0
24509,38,bully,1501,1,0,0,9,0,126,0,1,38,23008,1501,0,10,0,0,0,LEADER,1,0,0,9,0,0,0,0,0,0,0,0,0,0,0
25188,66,bully,2180,1,0,0,9,0,126,0,1,66,23008,2180,0,10,0,0,0,LEADER,1,0,0,9,0,0,0,0,0,0,0,0,0,0,0
24494,70,bully,1486,1,0,0,9,0,126,0,1,70,23008,1486,0,10,0,0,0,LEADER,1,0,0,9,0,0,0,0,0,0,0,0,0,0,0
25139,88,bully,2131,1,0,0,9,0,126,0,1,88,23008,2131,0,10,0,0,0,LEADER,1,0,0,9,0,0,0,0,0,0,0,0,0,0,0
24323,75,bully,2235,1,0,0,9,0,126,0,1,75,22088,2235,0,10,0,0,0,LEADER,1,0,0,9,0,0,0,0,0,0,0,0,0,0,0
24331,12,bully,2243,1,0,0,9,0,126,0,1,12,22088,2243,0,10,0,0,0,LEADER,1,0,0,9,0,0,0,0,0,0,0,0,0,0,0
25033,27,bully,2025,1,0,0,9,0,126,0,1,27,23008,2025,0,10,0,0,0,LEADER,1,0,0,9,0,0,0,0,0,0,0,0,0,0,0
24522,42,bully,1514,1,0,0,9,0,126,0,1,42,23008,1514,0,10,0,0,0,LEADER,1,0,0,9,0,0,0,0,0,0,0,0,0,0,0
25169,24,bully,2161,1,0,0,9,0,126,0,1,24,23008,2161,0,10,0,0,0,LEADER,1,0,0,9,0,0,0,0,0,0,0,0,0,0,0
25121,46,bully,2113,1,0,0,9,0,126,0,1,46,23008,2113,0,10,0,0,0,LEADER,1,0,0,9,0,0,0,0,0,0,0,0,0,0,0
24645,34,bully,1637,1,0,0,9,0,126,0,1,34,23008,1637,0,10,0,0,0,LEADER,1,0,0,9,0,0,0,0,0,0,0,0,0,0,0
25018,59,bully,2010,1,0,0,9,0,126,0,1,59,23008,2010,0,10,0,0,0,LEADER,1,0,0,9,0,0,0,0,0,0,0,0,0,0,0
25300,32,bully,2292,1,0,0,9,0,126,0,1,32,23008,2292,0,10,0,0,0,LEADER,1,0,0,9,0,0,0,0,0,0,0,0,0,0,0
24915,72,bully,1907,1,0,0,9,0,126,0,1,72,23008,1907,0,10,0,0,0,LEADER,1,0,0,9,0,0,0,0,0,0,0,0,0,0,0
24623,5,bully,2001,1,0,0,8,12,112,168,3,5,22622,2001,0,5,0,0,0,LEADER,1,0,0,8,0,0,0,12,0,0,0,0,0,0,0
25324,63,bully,2316,1,0,0,9,0,126,0,1,63,23008,2316,0,10,0,0,0,LEADER,1,0,0,9,0,0,0,0,0,0,0,0,0,0,0
24800,74,bully,1792,1,0,0,9,0,126,0,1,74,23008,1792,0,10,0,0,0,LEADER,1,0,0,9,0,0,0,0,0,0,0,0,0,0,0
24542,48,bully,1534,1,0,0,9,0,126,0,1,48,23008,1534,0,10,0,0,0,LEADER,1,0,0,9,0,0,0,0,0,0,0,0,0,0,0
25003,57,bully,1995,1,0,0,9,0,126,0,1,57,23008,1995,0,10,0,0,0,LEADER,1,0,0,9,0,0,0,0,0,0,0,0,0,0,0
25073,68,bully,2065,1,0,0,9,0,126,0,1,68,23008,2065,0,10,0,0,0,LEADER,1,0,0,9,0,0,0,0,0,0,0,0,0,0,0
24474,45,bully,1466,1,0,0,9,0,126,0,1,45,23008,1466,0,10,0,0,0,LEADER,1,0,0,9,0,0,0,0,0,0,0,0,0,0,0
24831,93,bully,1823,1,0,0,9,0,126,0,1,93,23008,1823,0,10,0,0,0,LEADER,1,0,0,9,0,0,0,0,0,0,0,0,0,0,0
25412,82,bully,2404,1,0,0,9,0,126,0,1,82,23008,2404,0,10,0,0,0,LEADER,1,0,0,9,0,0,0,0,0,0,0,0,0,0,0
25406,51,bully,2398,1,0,0,9,0,126,0,1,51,23008,2398,0,10,0,0,0,LEADER,1,0,0,9,0,0,0,0,0,0,0,0,0,0,0
24951,39,bully,1943,1,0,0,9,0,126,0,1,39,23008,1943,0,10,0,0,0,LEADER,1,0,0,9,0,0,0,0,0,0,0,0,0,0,0
24697,78,bully,1689,1,0,0,9,0,126,0,1,78,23008,1689,0,10,0,0,0,LEADER,1,0,0,9,0,0,0,0,0,0,0,0,0,0,0
25085,79,bully,2077,1,0,0,9,0,126,0,1,79,23008,2077,0,10,0,0,0,LEADER,1,0,0,9,0,0,0,0,0,0,0,0,0,0,0
24660,14,bully,1652,1,0,0,9,0,126,0,1,14,23008,1652,0,10,0,0,0,LEADER,1,0,0,9,0,0,0,0,0,0,0,0,0,0,0
25087,36,bully,2080,1,0,0,9,0,126,0,1,36,23007,2080,0,10,0,0,0,LEADER,1,0,0,9,0,0,0,0,0,0,0,0,0,0,0
24970,81,bully,1962,1,0,0,9,0,126,0,1,81,23008,1962,0,10,0,0,0,LEADER,1,0,0,9,0,0,0,0,0,0,0,0,0,0,0
24630,67,bully,1622,1,0,0,9,0,126,0,1,67,23008,1622,0,10,0,0,0,LEADER,1,0,0,9,0,0,0,0,0,0,0,0,0,0,0
25391,83,bully,2383,1,0,0,9,0,126,0,1,83,23008,2383,0,10,0,0,0,LEADER,1,0,0,9,0,0,0,0,0,0,0,0,0,0,0
25535,99,bully,1607,1,0,0,9,0,126,0,1,99,23928,1607,0,10,0,0,0,LEADER,1,0,0,9,0,0,0,0,0,0,0,0,0,0,0
24712,55,bully,1704,1,0,0,9,0,126,0,1,55,23008,1704,0,10,0,0,0,LEADER,1,0,0,9,0,0,0,0,0,0,0,0,0,0,0
25502,89,bully,1574,1,0,0,9,0,126,0,1,89,23928,1574,0,10,0,0,0,LEADER,1,0,0,9,0,0,0,0,0,0,0,0,0,0,0
24664,77,bully,1656,1,0,0,9,0,126,0,1,77,23008,1656,0,10,0,0,0,LEADER,1,0,0,9,0,0,0,0,0,0,0,0,0,0,0
24936,71,bully,1928,1,0,0,9,0,126,0,1,71,23008,1928,0,10,0,0,0,LEADER,1,0,0,9,0,0,0,0,0,0,0,0,0,0,0
24848,52,bully,1840,1,0,0,9,0,126,0,1,52,23008,1840,0,10,0,0,0,LEADER,1,0,0,9,0,0,0,0,0,0,0,0,0,0,0
25220,76,bully,2213,1,0,0,9,0,126,0,1,76,23007,2213,0,10,0,0,0,LEADER,1,0,0,9,0,0,0,0,0,0,0,0,0,0,0
24815,10,bully,1807,1,0,0,9,0,126,0,1,10,23008,1807,0,10,0,0,0,LEADER,1,0,0,9,0,0,0,0,0,0,0,0,0,0,0
24748,22,bully,1740,1,0,0,9,0,126,0,1,22,23008,1740,0,10,0,0,0,LEADER,1,0,0,9,0,0,0,0,0,0,0,0,0,0,0
24897,21,bully,1889,1,0,0,9,0,126,0,1,21,23008,1889,0,10,0,0,0,LEADER,1,0,0,9,0,0,0,0,0,0,0,0,0,0,0
25154,56,bully,2146,1,0,0,9,0,126,0,1,56,23008,2146,0,10,0,0,0,LEADER,1,0,0,9,0,0,0,0,0,0,0,0,0,0,0
24679,60,bully,1671,1,0,0,9,0,126,0,1,60,23008,1671,0,10,0,0,0,LEADER,1,0,0,9,0,0,0,0,0,0,0,0,0,0,0
25532,25,bully,1604,1,0,0,9,0,126,0,1,25,23928,1604,0,10,0,0,0,LEADER,1,0,0,9,0,0,0,0,0,0,0,0,0,0,0
24745,65,bully,1737,1,0,0,9,0,126,0,1,65,23008,1737,0,10,0,0,0,LEADER,1,0,0,9,0,0,0,0,0,0,0,0,0,0,0
25421,19,bully,2413,1,0,0,9,0,126,0,1,19,23008,2413,0,10,0,0,0,LEADER,1,0,0,9,0,0,0,0,0,0,0,0,0,0,0
25051,69,bully,2043,1,0,0,9,0,126,0,1,69,23008,2043,0,10,0,0,0,LEADER,1,0,0,9,0,0,0,0,0,0,0,0,0,0,0
25653,54,bully,1725,1,0,0,9,0,126,0,1,54,23928,1725,0,10,0,0,0,LEADER,1,0,0,9,0,0,0,0,0,0,0,0,0,0,0
25000,17,bully,1992,1,0,0,9,0,126,0,1,17,23008,1992,0,10,0,0,0,LEADER,1,0,0,9,0,0,0,0,0,0,0,0,0,0,0
25514,100,bully,1586,1,0,0,9,0,126,0,1,100,23928,1586,0,10,0,0,0,LEADER,1,0,0,9,0,0,0,0,0,0,0,0,0,0,0
25477,16,bully,1549,1,0,0,9,0,126,0,1,16,23928,1549,0,10,0,0,0,LEADER,1,0,0,9,0,0,0,0,0,0,0,0,0,0,0
25066,37,bully,2058,1,0,0,9,0,126,0,1,37,23008,2058,0,10,0,0,0,LEADER,1,0,0,9,0,0,0,0,0,0,0,0,0,0,0
25702,13,bully,1774,1,0,0,9,0,126,0,1,13,23928,1774,0,10,0,0,0,LEADER,1,0,0,9,0,0,0,0,0,0,0,0,0,0,0
24863,20,bully,1855,1,0,0,9,0,126,0,1,20,23008,1855,0,10,0,0,0,LEADER,1,0,0,9,0,0,0,0,0,0,0,0,0,0,0
25495,41,bully,1567,1,0,0,9,0,126,0,1,41,23928,1567,0,10,0,0,0,LEADER,1,0,0,9,0,0,0,0,0,0,0,0,0,0,0
25484,47,bully,1556,1,0,0,9,0,126,0,1,47,23928,1556,0,10,0,0,0,LEADER,1,0,0,9,0,0,0,0,0,0,0,0,0,0,0
25309,95,bully,2301,1,0,0,9,0,126,0,1,95,23008,2301,0,10,0,0,0,LEADER,1,0,0,9,0,0,0,0,0,0,0,0,0,0,0
25173,98,bully,2165,1,0,0,9,0,126,0,1,98,23008,2165,0,10,0,0,0,LEADER,1,0,0,9,0,0,0,0,0,0,0,0,0,0,0
25357,73,bully,2349,1,0,0,9,0,126,0,1,73,23008,2349,0,10,0,0,0,LEADER,1,0,0,9,0,0,0,0,0,0,0,0,0,0,0
25680,33,bully,1752,1,0,0,9,0,126,0,1,33,23928,1752,0,10,0,0,0,LEADER,1,0,0,9,0,0,0,0,0,0,0,0,0,0,0
24903,61,bully,1895,1,0,0,9,0,126,0,1,61,23008,1895,0,10,0,0,0,LEADER,1,0,0,9,0,0,0,0,0,0,0,0,0,0,0
25650,97,bully,1722,1,0,0,9,0,126,0,1,97,23928,1722,0,10,0,0,0,LEADER,1,0,0,9,0,0,0,0,0,0,0,0,0,0,0
25838,29,bully,1910,1,0,0,9,0,126,0,1,29,23928,1910,0,10,0,0,0,LEADER,1,0,0,9,0,0,0,0,0,0,0,0,0,0,0
25850,40,bully,1922,1,0,0,9,0,126,0,1,40,23928,1922,0,10,0,0,0,LEADER,1,0,0,9,0,0,0,0,0,0,0,0,0,0,0
25339,31,bully,2331,1,0,0,9,0,126,0,1,31,23008,2331,0,10,0,0,0,LEADER,1,0,0,9,0,0,0,0,0,0,0,0,0,0,0
25672,96,bully,1744,1,0,0,9,0,126,0,1,96,23928,1744,0,10,0,0,0,LEADER,1,0,0,9,0,0,0,0,0,0,0,0,0,0,0
25753,84,bully,1825,1,0,0,9,0,126,0,1,84,23928,1825,0,10,0,0,0,LEADER,1,0,0,9,0,0,0,0,0,0,0,0,0,0,0
25447,80,bully,1519,1,0,0,9,0,126,0,1,80,23928,1519,0,10,0,0,0,LEADER,1,0,0,9,0,0,0,0,0,0,0,0,0,0,0
25291,53,bully,2283,1,0,0,9,0,126,0,1,53,23008,2283,0,10,0,0,0,LEADER,1,0,0,9,0,0,0,0,0,0,0,0,0,0,0
25366,92,bully,1438,1,0,0,9,0,126,0,1,92,23928,1438,0,10,0,0,0,LEADER,1,0,0,9,0,0,0,0,0,0,0,0,0,0,0
25802,62,bully,1874,1,0,0,9,0,126,0,1,62,23928,1874,0,10,0,0,0,LEADER,1,0,0,9,0,0,0,0,0,0,0,0,0,0,0
25547,91,bully,1619,1,0,0,9,0,126,0,1,91,23928,1619,0,10,0,0,0,LEADER,1,0,0,9,0,0,0,0,0,0,0,0,0,0,0
25499,15,bully,1571,1,0,0,9,0,126,0,1,15,23928,1571,0,10,0,0,0,LEADER,1,0,0,9,0,0,0,0,0,0,0,0,0,0,0
25169,26,bully,2161,1,0,0,9,0,126,0,1,26,23008,2161,0,10,0,0,0,LEADER,1,0,0,9,0,0,0,0,0,0,0,0,0,0,0
25905,49,bully,1977,1,0,0,9,0,126,0,1,49,23928,1977,0,10,0,0,0,LEADER,1,0,0,9,0,0,0,0,0,0,0,0,0,0,0
25720,58,bully,1792,1,0,0,9,0,126,0,1,58,23928,1792,0,10,0,0,0,LEADER,1,0,0,9,0,0,0,0,0,0,0,0,0,0,0
25254,86,bully,2246,1,0,0,9,0,126,0,1,86,23008,2246,0,10,0,0,0,LEADER,1,0,0,9,0,0,0,0,0,0,0,0,0,0,0
25427,50,bully,2419,1,0,0,9,0,126,0,1,50,23008,2419,0,10,0,0,0,LEADER,1,0,0,9,0,0,0,0,0,0,0,0,0,0,0
25279,85,bully,2268,1,0,0,9,0,126,0,1,85,23011,2268,0,10,0,0,0,LEADER,1,0,0,9,0,0,0,0,0,0,0,0,0,0,0
25218,87,bully,2212,1,0,0,9,0,126,0,1,87,23006,2212,0,10,0,0,0,LEADER,1,0,0,9,0,0,0,0,0,0,0,0,0,0,0
25424,64,bully,2416,1,0,0,9,0,126,0,1,64,23008,2416,0,10,0,0,0,LEADER,1,0,0,9,0,0,0,0,0,0,0,0,0,0,0
25362,18,bully,1434,1,0,0,9,0,126,0,1,18,23928,1434,0,10,0,0,0,LEADER,1,0,0,9,0,0,0,0,0,0,0,0,0,0,0
25272,11,bully,2264,1,0,0,9,0,126,0,1,11,23008,2264,0,10,0,0,0,LEADER,1,0,0,9,0,0,0,0,0,0,0,0,0,0,0
25481,90,bully,1553,1,0,0,9,0,126,0,1,90,23928,1553,0,10,0,0,0,LEADER,1,0,0,9,0,0,0,0,0,0,0,0,0,0,0
25375,35,bully,1447,1,0,0,9,0,126,0,1,35,23928,1447,0,10,0,0,0,LEADER,1,0,0,9,0,0,0,0,0,0,0,0,0,0,0
25257,43,bully,2249,1,0,0,9,0,126,0,1,43,23008,2249,0,10,0,0,0,LEADER,1,0,0,9,0,0,0,0,0,0,0,0,0,0,0
25535,9,bully,2514,1,0,0,7,7,98,98,2,7,23021,2514,0,3,0,0,0,NORMAL,0,0,0,7,0,0,0,7,0,0,0,0,0,0,0
25395,28,bully,1467,1,0,0,9,0,126,0,1,28,23928,1467,0,10,0,0,0,LEADER,1,0,0,9,0,0,0,0,0,0,0,0,0,0,0
26069,23,bully,2141,1,0,0,9,0,126,0,1,23,23928,2141,0,10,0,0,0,LEADER,1,0,0,9,0,0,0,0,0,0,0,0,0,0,0
25235,44,bully,2228,1,0,0,9,0,126,0,1,44,23007,2228,0,10,0,0,0,LEADER,1,0,0,9,0,0,0,0,0,0,0,0,0,0,0
25389,30,bully,1461,1,0,0,9,0,126,0,1,30,23928,1461,0,10,0,0,0,LEADER,1,0,0,9,0,0,0,0,0,0,0,0,0,0,0
25787,94,bully,1859,1,0,0,9,0,126,0,1,94,23928,1859,0,10,0,0,0,LEADER,1,0,0,9,0,0,0,0,0,0,0,0,0,0,0
25429,38,bully,1501,1,0,0,9,0,126,0,1,38,23928,1501,0,10,0,0,0,LEADER,1,0,0,9,0,0,0,0,0,0,0,0,0,0,0
26108,66,bully,2180,1,0,0,9,0,126,0,1,66,23928,2180,0,10,0,0,0,LEADER,1,0,0,9,0,0,0,0,0,0,0,0,0,0,0
25414,70,bully,1486,1,0,0,9,0,126,0,1,70,23928,1486,0,10,0,0,0,LEADER,1,0,0,9,0,0,0,0,0,0,0,0,0,0,0
26059,88,bully,2131,1,0,0,9,0,126,0,1,88,23928,2131,0,10,0,0,0,LEADER,1,0,0,9,0,0,0,0,0,0,0,0,0,0,0
25243,75,bully,2235,1,0,0,9,0,126,0,1,75,23008,2235,0,10,0,0,0,LEADER,1,0,0,9,0,0,0,0,0,0,0,0,0,0,0
25251,12,bully,2243,1,0,0,9,0,126,0,1,12,23008,2243,0,10,0,0,0,LEADER,1,0,0,9,0,0,0,0,0,0,0,0,0,0,0
25953,27,bully,2025,1,0,0,9,0,126,0,1,27,23928,2025,0,10,0,0,0,LEADER,1,0,0,9,0,0,0,0,0,0,0,0,0,0,0
25442,42,bully,1514,1,0,0,9,0,126,0,1,42,23928,1514,0,10,0,0,0,LEADER,1,0,0,9,0,0,0,0,0,0,0,0,0,0,0
26089,24,bully,2161,1,0,0,9,0,126,0,1,24,23928,2161,0,10,0,0,0,LEADER,1,0,0,9,0,0,0,0,0,0,0,0,0,0,0
26041,46,bully,2113,1,0,0,9,0,126,0,1,46,23928,2113,0,10,0,0,0,LEADER,1,0,0,9,0,0,0,0,0,0,0,0,0,0,0
25938,59,bully,2010,1,0,0,9,0,126,0,1,59,23928,2010,0,10,0,0,0,LEADER,1,0,0,9,0,0,0,0,0,0,0,0,0,0,0
25565,34,bully,1637,1,0,0,9,0,126,0,1,34,23928,1637,0,10,0,0,0,LEADER,1,0,0,9,0,0,0,0,0,0,0,0,0,0,0
26220,32,bully,2292,1,0,0,9,0,126,0,1,32,23928,2292,0,10,0,0,0,LEADER,1,0,0,9,0,0,0,0,0,0,0,0,0,0,0
25835,72,bully,1907,1,0,0,9,0,126,0,1,72,23928,1907,0,10,0,0,0,LEADER,1,0,0,9,0,0,0,0,0,0,0,0,0,0,0
26244,63,bully,2316,1,0,0,9,0,126,0,1,63,23928,2316,0,10,0,0,0,LEADER,1,0,0,9,0,0,0,0,0,0,0,0,0,0,0
25720,74,bully,1792,1,0,0,9,0,126,0,1,74,23928,1792,0,10,0,0,0,LEADER,1,0,0,9,0,0,0,0,0,0,0,0,0,0,0
25462,48,bully,1534,1,0,0,9,0,126,0,1,48,23928,1534,0,10,0,0,0,LEADER,1,0,0,9,0,0,0,0,0,0,0,0,0,0,0
25923,57,bully,1995,1,0,0,9,0,126,0,1,57,23928,1995,0,10,0,0,0,LEADER,1,0,0,9,0,0,0,0,0,0,0,0,0,0,0
25993,68,bully,2065,1,0,0,9,0,126,0,1,68,23928,2065,0,10,0,0,0,LEADER,1,0,0,9,0,0,0,0,0,0,0,0,0,0,0
25394,45,bully,1466,1,0,0,9,0,126,0,1,45,23928,1466,0,10,0,0,0,LEADER,1,0,0,9,0,0,0,0,0,0,0,0,0,0,0
25751,93,bully,1823,1,0,0,9,0,126,0,1,93,23928,1823,0,10,0,0,0,LEADER,1,0,0,9,0,0,0,0,0,0,0,0,0,0,0
26332,82,bully,2404,1,0,0,9,0,126,0,1,82,23928,2404,0,10,0,0,0,LEADER,1,0,0,9,0,0,0,0,0,0,0,0,0,0,0
26326,51,bully,2398,1,0,0,9,0,126,0,1,51,23928,2398,0,10,0,0,0,LEADER,1,0,0,9,0,0,0,0,0,0,0,0,0,0,0
25871,39,bully,1943,1,0,0,9,0,126,0,1,39,23928,1943,0,10,0,0,0,LEADER,1,0,0,9,0,0,0,0,0,0,0,0,0,0,0
25617,78,bully,1689,1,0,0,9,0,126,0,1,78,23928,1689,0,10,0,0,0,LEADER,1,0,0,9,0,0,0,0,0,0,0,0,0,0,0
26005,79,bully,2077,1,0,0,9,0,126,0,1,79,23928,2077,0,10,0,0,0,LEADER,1,0,0,9,0,0,0,0,0,0,0,0,0,0,0
25698,4,bully,2115,1,0,0,6,14,84,196,2,4,23583,2115,0,4,0,0,0,LEADER,1,0,0,6,0,0,0,14,0,0,0,0,0,0,0
25580,14,bully,1652,1,0,0,9,0,126,0,1,14,23928,1652,0,10,0,0,0,LEADER,1,0,0,9,0,0,0,0,0,0,0,0,0,0,0
26007,36,bully,2080,1,0,0,9,0,126,0,1,36,23927,2080,0,10,0,0,0,LEADER,1,0,0,9,0,0,0,0,0,0,0,0,0,0,0
25890,81,bully,1962,1,0,0,9,0,126,0,1,81,23928,1962,0,10,0,0,0,LEADER,1,0,0,9,0,0,0,0,0,0,0,0,0,0,0
25550,67,bully,1622,1,0,0,9,0,126,0,1,67,23928,1622,0,10,0,0,0,LEADER,1,0,0,9,0,0,0,0,0,0,0,0,0,0,0
26311,83,bully,2383,1,0,0,9,0,126,0,1,83,23928,2383,0,10,0,0,0,LEADER,1,0,0,9,0,0,0,0,0,0,0,0,0,0,0
26456,99,bully,1607,1,0,0,10,0,140,0,1,99,24849,1607,0,11,0,0,0,LEADER,1,0,0,10,0,0,0,0,0,0,0,0,0,0,0
25632,55,bully,1704,1,0,0,9,0,126,0,1,55,23928,1704,0,10,0,0,0,LEADER,1,0,0,9,0,0,0,0,0,0,0,0,0,0,0
26423,89,bully,1574,1,0,0,10,0,140,0,1,89,24849,1574,0,11,0,0,0,LEADER,1,0,0,10,0,0,0,0,0,0,0,0,0,0,0
25584,77,bully,1656,1,0,0,9,0,126,0,1,77,23928,1656,0,10,0,0,0,LEADER,1,0,0,9,0,0,0,0,0,0,0,0,0,0,0
25856,71,bully,1928,1,0,0,9,0,126,0,1,71,23928,1928,0,10,0,0,0,LEADER,1,0,0,9,0,0,0,0,0,0,0,0,0,0,0
25768,52,bully,1840,1,0,0,9,0,126,0,1,52,23928,1840,0,10,0,0,0,LEADER,1,0,0,9,0,0,0,0,0,0,0,0,0,0,0
26140,76,bully,2213,1,0,0,9,0,126,0,1,76,23927,2213,0,10,0,0,0,LEADER,1,0,0,9,0,0,0,0,0,0,0,0,0,0,0
25735,10,bully,1807,1,0,0,9,0,126,0,1,10,23928,1807,0,10,0,0,0,LEADER,1,0,0,9,0,0,0,0,0,0,0,0,0,0,0
25668,22,bully,1740,1,0,0,9,0,126,0,1,22,23928,1740,0,10,0,0,0,LEADER,1,0,0,9,0,0,0,0,0,0,0,0,0,0,0
25817,21,bully,1889,1,0,0,9,0,126,0,1,21,23928,1889,0,10,0,0,0,LEADER,1,0,0,9,0,0,0,0,0,0,0,0,0,0,0
26074,56,bully,2146,1,0,0,9,0,126,0,1,56,23928,2146,0,10,0,0,0,LEADER,1,0,0,9,0,0,0,0,0,0,0,0,0,0,0
25599,60,bully,1671,1,0,0,9,0,126,0,1,60,23928,1671,0,10,0,0,0,LEADER,1,0,0,9,0,0,0,0,0,0,0,0,0,0,0
26453,25,bully,1604,1,0,0,10,0,140,0,1,25,24849,1604,0,11,0,0,0,LEADER,1,0,0,10,0,0,0,0,0,0,0,0,0,0,0
25665,65,bully,1737,1,0,0,9,0,126,0,1,65,23928,1737,0,10,0,0,0,LEADER,1,0,0,9,0,0,0,0,0,0,0,0,0,0,0
26341,19,bully,2413,1,0,0,9,0,126,0,1,19,23928,2413,0,10,0,0,0,LEADER,1,0,0,9,0,0,0,0,0,0,0,0,0,0,0
25971,69,bully,2043,1,0,0,9,0,126,0,1,69,23928,2043,0,10,0,0,0,LEADER,1,0,0,9,0,0,0,0,0,0,0,0,0,0,0
26574,54,bully,1725,1,0,0,10,0,140,0,1,54,24849,1725,0,11,0,0,0,LEADER,1,0,0,10,0,0,0,0,0,0,0,0,0,0,0
25920,17,bully,1992,1,0,0,9,0,126,0,1,17,23928,1992,0,10,0,0,0,LEADER,1,0,0,9,0,0,0,0,0,0,0,0,0,0,0
26435,100,bully,1586,1,0,0,10,0,140,0,1,100,24849,1586,0,11,0,0,0,LEADER,1,0,0,10,0,0,0,0,0,0,0,0,0,0,0
26398,16,bully,1549,1,0,0,10,0,140,0,1,16,24849,1549,0,11,0,0,0,LEADER,1,0,0,10,0,0,0,0,0,0,0,0,0,0,0
25986,37,bully,2058,1,0,0,9,0,126,0,1,37,23928,2058,0,10,0,0,0,LEADER,1,0,0,9,0,0,0,0,0,0,0,0,0,0,0
26623,13,bully,1774,1,0,0,10,0,140,0,1,13,24849,1774,0,11,0,0,0,LEADER,1,0,0,10,0,0,0,0,0,0,0,0,0,0,0
25783,20,bully,1855,1,0,0,9,0,126,0,1,20,23928,1855,0,10,0,0,0,LEADER,1,0,0,9,0,0,0,0,0,0,0,0,0,0,0
26416,41,bully,1567,1,0,0,10,0,140,0,1,41,24849,1567,0,11,0,0,0,LEADER,1,0,0,10,0,0,0,0,0,0,0,0,0,0,0
26405,47,bully,1556,1,0,0,10,0,140,0,1,47,24849,1556,0,11,0,0,0,LEADER,1,0,0,10,0,0,0,0,0,0,0,0,0,0,0
26229,95,bully,2301,1,0,0,9,0,126,0,1,95,23928,2301,0,10,0,0,0,LEADER,1,0,0,9,0,0,0,0,0,0,0,0,0,0,0
26093,98,bully,2165,1,0,0,9,0,126,0,1,98,23928,2165,0,10,0,0,0,LEADER,1,0,0,9,0,0,0,0,0,0,0,0,0,0,0
26277,73,bully,2349,1,0,0,9,0,126,0,1,73,23928,2349,0,10,0,0,0,LEADER,1,0,0,9,0,0,0,0,0,0,0,0,0,0,0
25823,61,bully,1895,1,0,0,9,0,126,0,1,61,23928,1895,0,10,0,0,0,LEADER,1,0,0,9,0,0,0,0,0,0,0,0,0,0,0
26571,97,bully,1722,1,0,0,10,0,140,0,1,97,24849,1722,0,11,0,0,0,LEADER,1,0,0,10,0,0,0,0,0,0,0,0,0,0,0
26601,33,bully,1752,1,0,0,10,0,140,0,1,33,24849,1752,0,11,0,0,0,LEADER,1,0,0,10,0,0,0,0,0,0,0,0,0,0,0
26259,31,bully,2331,1,0,0,9,0,126,0,1,31,23928,2331,0,10,0,0,0,LEADER,1,0,0,9,0,0,0,0,0,0,0,0,0,0,0
26759,29,bully,1910,1,0,0,10,0,140,0,1,29,24849,1910,0,11,0,0,0,LEADER,1,0,0,10,0,0,0,0,0,0,0,0,0,0,0
26771,40,bully,1922,1,0,0,10,0,140,0,1,40,24849,1922,0,11,0,0,0,LEADER,1,0,0,10,0,0,0,0,0,0,0,0,0,0,0
26593,96,bully,1744,1,0,0,10,0,140,0,1,96,24849,1744,0,11,0,0,0,LEADER,1,0,0,10,0,0,0,0,0,0,0,0,0,0,0
26674,84,bully,1825,1,0,0,10,0,140,0,1,84,24849,1825,0,11,0,0,0,LEADER,1,0,0,10,0,0,0,0,0,0,0,0,0,0,0
26368,80,bully,1519,1,0,0,10,0,140,0,1,80,24849,1519,0,11,0,0,0,LEADER,1,0,0,10,0,0,0,0,0,0,0,0,0,0,0
26211,53,bully,2283,1,0,0,9,0,126,0,1,53,23928,2283,0,10,0,0,0,LEADER,1,0,0,9,0,0,0,0,0,0,0,0,0,0,0
26287,92,bully,1438,1,0,0,10,0,140,0,1,92,24849,1438,0,11,0,0,0,LEADER,1,0,0,10,0,0,0,0,0,0,0,0,0,0,0
26723,62,bully,1874,1,0,0,10,0,140,0,1,62,24849,1874,0,11,0,0,0,LEADER,1,0,0,10,0,0,0,0,0,0,0,0,0,0,0
26468,91,bully,1619,1,0,0,10,0,140,0,1,91,24849,1619,0,11,0,0,0,LEADER,1,0,0,10,0,0,0,0,0,0,0,0,0,0,0
26420,15,bully,1571,1,0,0,10,0,140,0,1,15,24849,1571,0,11,0,0,0,LEADER,1,0,0,10,0,0,0,0,0,0,0,0,0,0,0
26089,26,bully,2161,1,0,0,9,0,126,0,1,26,23928,2161,0,10,0,0,0,LEADER,1,0,0,9,0,0,0,0,0,0,0,0,0,0,0
26826,49,bully,1977,1,0,0,10,0,140,0,1,49,24849,1977,0,11,0,0,0,LEADER,1,0,0,10,0,0,0,0,0,0,0,0,0,0,0
26641,58,bully,1792,1,0,0,10,0,140,0,1,58,24849,1792,0,11,0,0,0,LEADER,1,0,0,10,0,0,0,0,0,0,0,0,0,0,0
26174,86,bully,2246,1,0,0,9,0,126,0,1,86,23928,2246,0,10,0,0,0,LEADER,1,0,0,9,0,0,0,0,0,0,0,0,0,0,0
26347,50,bully,2419,1,0,0,9,0,126,0,1,50,23928,2419,0,10,0,0,0,LEADER,1,0,0,9,0,0,0,0,0,0,0,0,0,0,0
26199,85,bully,2268,1,0,0,9,0,126,0,1,85,23931,2268,0,10,0,0,0,LEADER,1,0,0,9,0,0,0,0,0,0,0,0,0,0,0
26138,87,bully,2212,1,0,0,9,0,126,0,1,87,23926,2212,0,10,0,0,0,LEADER,1,0,0,9,0,0,0,0,0,0,0,0,0,0,0
26344,64,bully,2416,1,0,0,9,0,126,0,1,64,23928,2416,0,10,0,0,0,LEADER,1,0,0,9,0,0,0,0,0,0,0,0,0,0,0
26192,11,bully,2264,1,0,0,9,0,126,0,1,11,23928,2264,0,10,0,0,0,LEADER,1,0,0,9,0,0,0,0,0,0,0,0,0,0,0
26283,18,bully,1434,1,0,0,10,0,140,0,1,18,24849,1434,0,11,0,0,0,LEADER,1,0,0,10,0,0,0,0,0,0,0,0,0,0,0
26402,90,bully,1553,1,0,0,10,0,140,0,1,90,24849,1553,0,11,0,0,0,LEADER,1,0,0,10,0,0,0,0,0,0,0,0,0,0,0
26296,35,bully,1447,1,0,0,10,0,140,0,1,35,24849,1447,0,11,0,0,0,LEADER,1,0,0,10,0,0,0,0,0,0,0,0,0,0,0
26177,43,bully,2249,1,0,0,9,0,126,0,1,43,23928,2249,0,10,0,0,0,LEADER,1,0,0,9,0,0,0,0,0,0,0,0,0,0,0
26481,8,bully,2467,1,0,0,7,15,98,210,2,8,24014,2467,0,4,0,0,0,LEADER,1,0,0,7,0,0,0,15,0,0,0,0,0,0,0
26316,28,bully,1467,1,0,0,10,0,140,0,1,28,24849,1467,0,11,0,0,0,LEADER,1,0,0,10,0,0,0,0,0,0,0,0,0,0,0
26155,44,bully,2228,1,0,0,9,0,126,0,1,44,23927,2228,0,10,0,0,0,LEADER,1,0,0,9,0,0,0,0,0,0,0,0,0,0,0
26990,23,bully,2141,1,0,0,10,0,140,0,1,23,24849,2141,0,11,0,0,0,LEADER,1,0,0,10,0,0,0,0,0,0,0,0,0,0,0
26310,30,bully,1461,1,0,0,10,0,140,0,1,30,24849,1461,0,11,0,0,0,LEADER,1,0,0,10,0,0,0,0,0,0,0,0,0,0,0
26708,94,bully,1859,1,0,0,10,0,140,0,1,94,24849,1859,0,11,0,0,0,LEADER,1,0,0,10,0,0,0,0,0,0,0,0,0,0,0
26350,38,bully,1501,1,0,0,10,0,140,0,1,38,24849,1501,0,11,0,0,0,LEADER,1,0,0,10,0,0,0,0,0,0,0,0,0,0,0
27029,66,bully,2180,1,0,0,10,0,140,0,1,66,24849,2180,0,11,0,0,0,LEADER,1,0,0,10,0,0,0,0,0,0,0,0,0,0,0
26335,70,bully,1486,1,0,0,10,0,140,0,1,70,24849,1486,0,11,0,0,0,LEADER,1,0,0,10,0,0,0,0,0,0,0,0,0,0,0
26980,88,bully,2131,1,0,0,10,0,140,0,1,88,24849,2131,0,11,0,0,0,LEADER,1,0,0,10,0,0,0,0,0,0,0,0,0,0,0
26163,75,bully,2235,1,0,0,9,0,126,0,1,75,23928,2235,0,10,0,0,0,LEADER,1,0,0,9,0,0,0,0,0,0,0,0,0,0,0
26171,12,bully,2243,1,0,0,9,0,126,0,1,12,23928,2243,0,10,0,0,0,LEADER,1,0,0,9,0,0,0,0,0,0,0,0,0,0,0
26874,27,bully,2025,1,0,0,10,0,140,0,1,27,24849,2025,0,11,0,0,0,LEADER,1,0,0,10,0,0,0,0,0,0,0,0,0,0,0
26363,42,bully,1514,1,0,0,10,0,140,0,1,42,24849,1514,0,11,0,0,0,LEADER,1,0,0,10,0,0,0,0,0,0,0,0,0,0,0
27010,24,bully,2161,1,0,0,10,0,140,0,1,24,24849,2161,0,11,0,0,0,LEADER,1,0,0,10,0,0,0,0,0,0,0,0,0,0,0
26962,46,bully,2113,1,0,0,10,0,140,0,1,46,24849,2113,0,11,0,0,0,LEADER,1,0,0,10,0,0,0,0,0,0,0,0,0,0,0
26486,34,bully,1637,1,0,0,10,0,140,0,1,34,24849,1637,0,11,0,0,0,LEADER,1,0,0,10,0,0,0,0,0,0,0,0,0,0,0
26859,59,bully,2010,1,0,0,10,0,140,0,1,59,24849,2010,0,11,0,0,0,LEADER,1,0,0,10,0,0,0,0,0,0,0,0,0,0,0
27141,32,bully,2292,1,0,0,10,0,140,0,1,32,24849,2292,0,11,0,0,0,LEADER,1,0,0,10,0,0,0,0,0,0,0,0,0,0,0
26756,72,bully,1907,1,0,0,10,0,140,0,1,72,24849,1907,0,11,0,0,0,LEADER,1,0,0,10,0,0,0,0,0,0,0,0,0,0,0
27165,63,bully,2316,1,0,0,10,0,140,0,1,63,24849,2316,0,11,0,0,0,LEADER,1,0,0,10,0,0,0,0,0,0,0,0,0,0,0
26641,74,bully,1792,1,0,0,10,0,140,0,1,74,24849,1792,0,11,0,0,0,LEADER,1,0,0,10,0,0,0,0,0,0,0,0,0,0,0
26383,48,bully,1534,1,0,0,10,0,140,0,1,48,24849,1534,0,11,0,0,0,LEADER,1,0,0,10,0,0,0,0,0,0,0,0,0,0,0
26844,57,bully,1995,1,0,0,10,0,140,0,1,57,24849,1995,0,11,0,0,0,LEADER,1,0,0,10,0,0,0,0,0,0,0,0,0,0,0
26914,68,bully,2065,1,0,0,10,0,140,0,1,68,24849,2065,0,11,0,0,0,LEADER,1,0,0,10,0,0,0,0,0,0,0,0,0,0,0
26315,45,bully,1466,1,0,0,10,0,140,0,1,45,24849,1466,0,11,0,0,0,LEADER,1,0,0,10,0,0,0,0,0,0,0,0,0,0,0
26672,93,bully,1823,1,0,0,10,0,140,0,1,93,24849,1823,0,11,0,0,0,LEADER,1,0,0,10,0,0,0,0,0,0,0,0,0,0,0
27253,82,bully,2404,1,0,0,10,0,140,0,1,82,24849,2404,0,11,0,0,0,LEADER,1,0,0,10,0,0,0,0,0,0,0,0,0,0,0
27247,51,bully,2398,1,0,0,10,0,140,0,1,51,24849,2398,0,11,0,0,0,LEADER,1,0,0,10,0,0,0,0,0,0,0,0,0,0,0
26792,39,bully,1943,1,0,0,10,0,140,0,1,39,24849,1943,0,11,0,0,0,LEADER,1,0,0,10,0,0,0,0,0,0,0,0,0,0,0
26538,78,bully,1689,1,0,0,10,0,140,0,1,78,24849,1689,0,11,0,0,0,LEADER,1,0,0,10,0,0,0,0,0,0,0,0,0,0,0
26926,79,bully,2077,1,0,0,10,0,140,0,1,79,24849,2077,0,11,0,0,0,LEADER,1,0,0,10,0,0,0,0,0,0,0,0,0,0,0
26501,14,bully,1652,1,0,0,10,0,140,0,1,14,24849,1652,0,11,0,0,0,LEADER,1,0,0,10,0,0,0,0,0,0,0,0,0,0,0
26928,36,bully,2080,1,0,0,10,0,140,0,1,36,24848,2080,0,11,0,0,0,LEADER,1,0,0,10,0,0,0,0,0,0,0,0,0,0,0
26811,81,bully,1962,1,0,0,10,0,140,0,1,81,24849,1962,0,11,0,0,0,LEADER,1,0,0,10,0,0,0,0,0,0,0,0,0,0,0
26471,67,bully,1622,1,0,0,10,0,140,0,1,67,24849,1622,0,11,0,0,0,LEADER,1,0,0,10,0,0,0,0,0,0,0,0,0,0,0
27232,83,bully,2383,1,0,0,10,0,140,0,1,83,24849,2383,0,11,0,0,0,LEADER,1,0,0,10,0,0,0,0,0,0,0,0,0,0,0
27376,99,bully,1607,1,0,0,10,0,140,0,1,99,25769,1607,0,11,0,0,0,LEADER,1,0,0,10,0,0,0,0,0,0,0,0,0,0,0
26553,55,bully,1704,1,0,0,10,0,140,0,1,55,24849,1704,0,11,0,0,0,LEADER,1,0,0,10,0,0,0,0,0,0,0,0,0,0,0
27343,89,bully,1574,1,0,0,10,0,140,0,1,89,25769,1574,0,11,0,0,0,LEADER,1,0,0,10,0,0,0,0,0,0,0,0,0,0,0
26505,77,bully,1656,1,0,0,10,0,140,0,1,77,24849,1656,0,11,0,0,0,LEADER,1,0,0,10,0,0,0,0,0,0,0,0,0,0,0
26777,71,bully,1928,1,0,0,10,0,140,0,1,71,24849,1928,0,11,0,0,0,LEADER,1,0,0,10,0,0,0,0,0,0,0,0,0,0,0
26689,52,bully,1840,1,0,0,10,0,140,0,1,52,24849,1840,0,11,0,0,0,LEADER,1,0,0,10,0,0,0,0,0,0,0,0,0,0,0
27061,76,bully,2213,1,0,0,10,0,140,0,1,76,24848,2213,0,11,0,0,0,LEADER,1,0,0,10,0,0,0,0,0,0,0,0,0,0,0
26656,10,bully,1807,1,0,0,10,0,140,0,1,10,24849,1807,0,11,0,0,0,LEADER,1,0,0,10,0,0,0,0,0,0,0,0,0,0,0
26589,22,bully,1740,1,0,0,10,0,140,0,1,22,24849,1740,0,11,0,0,0,LEADER,1,0,0,10,0,0,0,0,0,0,0,0,0,0,0
26738,21,bully,1889,1,0,0,10,0,140,0,1,21,24849,1889,0,11,0,0,0,LEADER,1,0,0,10,0,0,0,0,0,0,0,0,0,0,0
26995,56,bully,2146,1,0,0,10,0,140,0,1,56,24849,2146,0,11,0,0,0,LEADER,1,0,0,10,0,0,0,0,0,0,0,0,0,0,0
26520,60,bully,1671,1,0,0,10,0,140,0,1,60,24849,1671,0,11,0,0,0,LEADER,1,0,0,10,0,0,0,0,0,0,0,0,0,0,0
27373,25,bully,1604,1,0,0,10,0,140,0,1,25,25769,1604,0,11,0,0,0,LEADER,1,0,0,10,0,0,0,0,0,0,0,0,0,0,0
26586,65,bully,1737,1,0,0,10,0,140,0,1,65,24849,1737,0,11,0,0,0,LEADER,1,0,0,10,0,0,0,0,0,0,0,0,0,0,0
27262,19,bully,2413,1,0,0,10,0,140,0,1,19,24849,2413,0,11,0,0,0,LEADER,1,0,0,10,0,0,0,0,0,0,0,0,0,0,0
26892,69,bully,2043,1,0,0,10,0,140,0,1,69,24849,2043,0,11,0,0,0,LEADER,1,0,0,10,0,0,0,0,0,0,0,0,0,0,0
27494,54,bully,1725,1,0,0,10,0,140,0,1,54,25769,1725,0,11,0,0,0,LEADER,1,0,0,10,0,0,0,0,0,0,0,0,0,0,0
26841,17,bully,1992,1,0,0,10,0,140,0,1,17,24849,1992,0,11,0,0,0,LEADER,1,0,0,10,0,0,0,0,0,0,0,0,0,0,0
27355,100,bully,1586,1,0,0,10,0,140,0,1,100,25769,1586,0,11,0,0,0,LEADER,1,0,0,10,0,0,0,0,0,0,0,0,0,0,0
27318,16,bully,1549,1,0,0,10,0,140,0,1,16,25769,1549,0,11,0,0,0,LEADER,1,0,0,10,0,0,0,0,0,0,0,0,0,0,0
26907,37,bully,2058,1,0,0,10,0,140,0,1,37,24849,2058,0,11,0,0,0,LEADER,1,0,0,10,0,0,0,0,0,0,0,0,0,0,0
27543,13,bully,1774,1,0,0,10,0,140,0,1,13,25769,1774,0,11,0,0,0,LEADER,1,0,0,10,0,0,0,0,0,0,0,0,0,0,0
26704,20,bully,1855,1,0,0,10,0,140,0,1,20,24849,1855,0,11,0,0,0,LEADER,1,0,0,10,0,0,0,0,0,0,0,0,0,0,0
27336,41,bully,1567,1,0,0,10,0,140,0,1,41,25769,1567,0,11,0,0,0,LEADER,1,0,0,10,0,0,0,0,0,0,0,0,0,0,0
27325,47,bully,1556,1,0,0,10,0,140,0,1,47,25769,1556,0,11,0,0,0,LEADER,1,0,0,10,0,0,0,0,0,0,0,0,0,0,0
27150,95,bully,2301,1,0,0,10,0,140,0,1,95,24849,2301,0,11,0,0,0,LEADER,1,0,0,10,0,0,0,0,0,0,0,0,0,0,0
27014,98,bully,2165,1,0,0,10,0,140,0,1,98,24849,2165,0,11,0,0,0,LEADER,1,0,0,10,0,0,0,0,0,0,0,0,0,0,0
27198,73,bully,2349,1,0,0,10,0,140,0,1,73,24849,2349,0,11,0,0,0,LEADER,1,0,0,10,0,0,0,0,0,0,0,0,0,0,0
27521,33,bully,1752,1,0,0,10,0,140,0,1,33,25769,1752,0,11,0,0,0,LEADER,1,0,0,10,0,0,0,0,0,0,0,0,0,0,0
27491,97,bully,1722,1,0,0,10,0,140,0,1,97,25769,1722,0,11,0,0,0,LEADER,1,0,0,10,0,0,0,0,0,0,0,0,0,0,0
26744,61,bully,1895,1,0,0,10,0,140,0,1,61,24849,1895,0,11,0,0,0,LEADER,1,0,0,10,0,0,0,0,0,0,0,0,0,0,0
27679,29,bully,1910,1,0,0,10,0,140,0,1,29,25769,1910,0,11,0,0,0,LEADER,1,0,0,10,0,0,0,0,0,0,0,0,0,0,0
27691,40,bully,1922,1,0,0,10,0,140,0,1,40,25769,1922,0,11,0,0,0,LEADER,1,0,0,10,0,0,0,0,0,0,0,0,0,0,0
27180,31,bully,2331,1,0,0,10,0,140,0,1,31,24849,2331,0,11,0,0,0,LEADER,1,0,0,10,0,0,0,0,0,0,0,0,0,0,0
27513,96,bully,1744,1,0,0,10,0,140,0,1,96,25769,1744,0,11,0,0,0,LEADER,1,0,0,10,0,0,0,0,0,0,0,0,0,0,0
27594,84,bully,1825,1,0,0,10,0,140,0,1,84,25769,1825,0,11,0,0,0,LEADER,1,0,0,10,0,0,0,0,0,0,0,0,0,0,0
27288,80,bully,1519,1,0,0,10,0,140,0,1,80,25769,1519,0,11,0,0,0,LEADER,1,0,0,10,0,0,0,0,0,0,0,0,0,0,0
27132,53,bully,2283,1,0,0,10,0,140,0,1,53,24849,2283,0,11,0,0,0,LEADER,1,0,0,10,0,0,0,0,0,0,0,0,0,0,0
27207,92,bully,1438,1,0,0,10,0,140,0,1,92,25769,1438,0,11,0,0,0,LEADER,1,0,0,10,0,0,0,0,0,0,0,0,0,0,0
27643,62,bully,1874,1,0,0,10,0,140,0,1,62,25769,1874,0,11,0,0,0,LEADER,1,0,0,10,0,0,0,0,0,0,0,0,0,0,0
27388,91,bully,1619,1,0,0,10,0,140,0,1,91,25769,1619,0,11,0,0,0,LEADER,1,0,0,10,0,0,0,0,0,0,0,0,0,0,0
27340,15,bully,1571,1,0,0,10,0,140,0,1,15,25769,1571,0,11,0,0,0,LEADER,1,0,0,10,0,0,0,0,0,0,0,0,0,0,0
27010,26,bully,2161,1,0,0,10,0,140,0,1,26,24849,2161,0,11,0,0,0,LEADER,1,0,0,10,0,0,0,0,0,0,0,0,0,0,0
27746,49,bully,1977,1,0,0,10,0,140,0,1,49,25769,1977,0,11,0,0,0,LEADER,1,0,0,10,0,0,0,0,0,0,0,0,0,0,0
27561,58,bully,1792,1,0,0,10,0,140,0,1,58,25769,1792,0,11,0,0,0,LEADER,1,0,0,10,0,0,0,0,0,0,0,0,0,0,0
27095,86,bully,2246,1,0,0,10,0,140,0,1,86,24849,2246,0,11,0,0,0,LEADER,1,0,0,10,0,0,0,0,0,0,0,0,0,0,0
27268,50,bully,2419,1,0,0,10,0,140,0,1,50,24849,2419,0,11,0,0,0,LEADER,1,0,0,10,0,0,0,0,0,0,0,0,0,0,0
27120,85,bully,2268,1,0,0,10,0,140,0,1,85,24852,2268,0,11,0,0,0,LEADER,1,0,0,10,0,0,0,0,0,0,0,0,0,0,0
27059,87,bully,2212,1,0,0,10,0,140,0,1,87,24847,2212,0,11,0,0,0,LEADER,1,0,0,10,0,0,0,0,0,0,0,0,0,0,0
27265,64,bully,2416,1,0,0,10,0,140,0,1,64,24849,2416,0,11,0,0,0,LEADER,1,0,0,10,0,0,0,0,0,0,0,0,0,0,0
27203,18,bully,1434,1,0,0,10,0,140,0,1,18,25769,1434,0,11,0,0,0,LEADER,1,0,0,10,0,0,0,0,0,0,0,0,0,0,0
27113,11,bully,2264,1,0,0,10,0,140,0,1,11,24849,2264,0,11,0,0,0,LEADER,1,0,0,10,0,0,0,0,0,0,0,0,0,0,0
27322,90,bully,1553,1,0,0,10,0,140,0,1,90,25769,1553,0,11,0,0,0,LEADER,1,0,0,10,0,0,0,0,0,0,0,0,0,0,0
27216,35,bully,1447,1,0,0,10,0,140,0,1,35,25769,1447,0,11,0,0,0,LEADER,1,0,0,10,0,0,0,0,0,0,0,0,0,0,0
27098,43,bully,2249,1,0,0,10,0,140,0,1,43,24849,2249,0,11,0,0,0,LEADER,1,0,0,10,0,0,0,0,0,0,0,0,0,0,0
27236,28,bully,1467,1,0,0,10,0,140,0,1,28,25769,1467,0,11,0,0,0,LEADER,1,0,0,10,0,0,0,0,0,0,0,0,0,0,0
27910,23,bully,2141,1,0,0,10,0,140,0,1,23,25769,2141,0,11,0,0,0,LEADER,1,0,0,10,0,0,0,0,0,0,0,0,0,0,0
27076,44,bully,2228,1,0,0,10,0,140,0,1,44,24848,2228,0,11,0,0,0,LEADER,1,0,0,10,0,0,0,0,0,0,0,0,0,0,0
27230,30,bully,1461,1,0,0,10,0,140,0,1,30,25769,1461,0,11,0,0,0,LEADER,1,0,0,10,0,0,0,0,0,0,0,0,0,0,0
27628,94,bully,1859,1,0,0,10,0,140,0,1,94,25769,1859,0,11,0,0,0,LEADER,1,0,0,10,0,0,0,0,0,0,0,0,0,0,0
27270,38,bully,1501,1,0,0,10,0,140,0,1,38,25769,1501,0,11,0,0,0,LEADER,1,0,0,10,0,0,0,0,0,0,0,0,0,0,0
27949,66,bully,2180,1,0,0,10,0,140,0,1,66,25769,2180,0,11,0,0,0,LEADER,1,0,0,10,0,0,0,0,0,0,0,0,0,0,0
27255,70,bully,1486,1,0,0,10,0,140,0,1,70,25769,1486,0,11,0,0,0,LEADER,1,0,0,10,0,0,0,0,0,0,0,0,0,0,0
27900,88,bully,2131,1,0,0,10,0,140,0,1,88,25769,2131,0,11,0,0,0,LEADER,1,0,0,10,0,0,0,0,0,0,0,0,0,0,0
27084,75,bully,2235,1,0,0,10,0,140,0,1,75,24849,2235,0,11,0,0,0,LEADER,1,0,0,10,0,0,0,0,0,0,0,0,0,0,0
27092,12,bully,2243,1,0,0,10,0,140,0,1,12,24849,2243,0,11,0,0,0,LEADER,1,0,0,10,0,0,0,0,0,0,0,0,0,0,0
27794,27,bully,2025,1,0,0,10,0,140,0,1,27,25769,2025,0,11,0,0,0,LEADER,1,0,0,10,0,0,0,0,0,0,0,0,0,0,0
27283,42,bully,1514,1,0,0,10,0,140,0,1,42,25769,1514,0,11,0,0,0,LEADER,1,0,0,10,0,0,0,0,0,0,0,0,0,0,0
27930,24,bully,2161,1,0,0,10,0,140,0,1,24,25769,2161,0,11,0,0,0,LEADER,1,0,0,10,0,0,0,0,0,0,0,0,0,0,0
27882,46,bully,2113,1,0,0,10,0,140,0,1,46,25769,2113,0,11,0,0,0,LEADER,1,0,0,10,0,0,0,0,0,0,0,0,0,0,0
27406,34,bully,1637,1,0,0,10,0,140,0,1,34,25769,1637,0,11,0,0,0,LEADER,1,0,0,10,0,0,0,0,0,0,0,0,0,0,0
27779,59,bully,2010,1,0,0,10,0,140,0,1,59,25769,2010,0,11,0,0,0,LEADER,1,0,0,10,0,0,0,0,0,0,0,0,0,0,0
28061,32,bully,2292,1,0,0,10,0,140,0,1,32,25769,2292,0,11,0,0,0,LEADER,1,0,0,10,0,0,0,0,0,0,0,0,0,0,0
27676,72,bully,1907,1,0,0,10,0,140,0,1,72,25769,1907,0,11,0,0,0,LEADER,1,0,0,10,0,0,0,0,0,0,0,0,0,0,0
28085,63,bully,2316,1,0,0,10,0,140,0,1,63,25769,2316,0,11,0,0,0,LEADER,1,0,0,10,0,0,0,0,0,0,0,0,0,0,0
27561,74,bully,1792,1,0,0,10,0,140,0,1,74,25769,1792,0,11,0,0,0,LEADER,1,0,0,10,0,0,0,0,0,0,0,0,0,0,0
27303,48,bully,1534,1,0,0,10,0,140,0,1,48,25769,1534,0,11,0,0,0,LEADER,1,0,0,10,0,0,0,0,0,0,0,0,0,0,0
27764,57,bully,1995,1,0,0,10,0,140,0,1,57,25769,1995,0,11,0,0,0,LEADER,1,0,0,10,0,0,0,0,0,0,0,0,0,0,0
27834,68,bully,2065,1,0,0,10,0,140,0,1,68,25769,2065,0,11,0,0,0,LEADER,1,0,0,10,0,0,0,0,0,0,0,0,0,0,0
27235,45,bully,1466,1,0,0,10,0,140,0,1,45,25769,1466,0,11,0,0,0,LEADER,1,0,0,10,0,0,0,0,0,0,0,0,0,0,0
27592,93,bully,1823,1,0,0,10,0,140,0,1,93,25769,1823,0,11,0,0,0,LEADER,1,0,0,10,0,0,0,0,0,0,0,0,0,0,0
28173,82,bully,2404,1,0,0,10,0,140,0,1,82,25769,2404,0,11,0,0,0,LEADER,1,0,0,10,0,0,0,0,0,0,0,0,0,0,0
28167,51,bully,2398,1,0,0,10,0,140,0,1,51,25769,2398,0,11,0,0,0,LEADER,1,0,0,10,0,0,0,0,0,0,0,0,0,0,0
27712,39,bully,1943,1,0,0,10,0,140,0,1,39,25769,1943,0,11,0,0,0,LEADER,1,0,0,10,0,0,0,0,0,0,0,0,0,0,0
27458,78,bully,1689,1,0,0,10,0,140,0,1,78,25769,1689,0,11,0,0,0,LEADER,1,0,0,10,0,0,0,0,0,0,0,0,0,0,0
27846,79,bully,2077,1,0,0,10,0,140,0,1,79,25769,2077,0,11,0,0,0,LEADER,1,0,0,10,0,0,0,0,0,0,0,0,0,0,0
27421,14,bully,1652,1,0,0,10,0,140,0,1,14,25769,1652,0,11,0,0,0,LEADER,1,0,0,10,0,0,0,0,0,0,0,0,0,0,0
27848,36,bully,2080,1,0,0,10,0,140,0,1,36,25768,2080,0,11,0,0,0,LEADER,1,0,0,10,0,0,0,0,0,0,0,0,0,0,0
27731,81,bully,1962,1,0,0,10,0,140,0,1,81,25769,1962,0,11,0,0,0,LEADER,1,0,0,10,0,0,0,0,0,0,0,0,0,0,0
27391,67,bully,1622,1,0,0,10,0,140,0,1,67,25769,1622,0,11,0,0,0,LEADER,1,0,0,10,0,0,0,0,0,0,0,0,0,0,0
28152,83,bully,2383,1,0,0,10,0,140,0,1,83,25769,2383,0,11,0,0,0,LEADER,1,0,0,10,0,0,0,0,0,0,0,0,0,0,0
28296,99,bully,1607,1,0,0,10,0,140,0,1,99,26689,1607,0,11,0,0,0,LEADER,1,0,0,10,0,0,0,0,0,0,0,0,0,0,0
27473,55,bully,1704,1,0,0,10,0,140,0,1,55,25769,1704,0,11,0,0,0,LEADER,1,0,0,10,0,0,0,0,0,0,0,0,0,0,0
28263,89,bully,1574,1,0,0,10,0,140,0,1,89,26689,1574,0,11,0,0,0,LEADER,1,0,0,10,0,0,0,0,0,0,0,0,0,0,0
27425,77,bully,1656,1,0,0,10,0,140,0,1,77,25769,1656,0,11,0,0,0,LEADER,1,0,0,10,0,0,0,0,0,0,0,0,0,0,0
27697,71,bully,1928,1,0,0,10,0,140,0,1,71,25769,1928,0,11,0,0,0,LEADER,1,0,0,10,0,0,0,0,0,0,0,0,0,0,0
27609,52,bully,1840,1,0,0,10,0,140,0,1,52,25769,1840,0,11,0,0,0,LEADER,1,0,0,10,0,0,0,0,0,0,0,0,0,0,0
27981,76,bully,2213,1,0,0,10,0,140,0,1,76,25768,2213,0,11,0,0,0,LEADER,1,0,0,10,0,0,0,0,0,0,0,0,0,0,0
27576,10,bully,1807,1,0,0,10,0,140,0,1,10,25769,1807,0,11,0,0,0,LEADER,1,0,0,10,0,0,0,0,0,0,0,0,0,0,0
27509,22,bully,1740,1,0,0,10,0,140,0,1,22,25769,1740,0,11,0,0,0,LEADER,1,0,0,10,0,0,0,0,0,0,0,0,0,0,0
27658,21,bully,1889,1,0,0,10,0,140,0,1,21,25769,1889,0,11,0,0,0,LEADER,1,0,0,10,0,0,0,0,0,0,0,0,0,0,0
27915,56,bully,2146,1,0,0,10,0,140,0,1,56,25769,2146,0,11,0,0,0,LEADER,1,0,0,10,0,0,0,0,0,0,0,0,0,0,0
27440,60,bully,1671,1,0,0,10,0,140,0,1,60,25769,1671,0,11,0,0,0,LEADER,1,0,0,10,0,0,0,0,0,0,0,0,0,0,0
28293,25,bully,1604,1,0,0,10,0,140,0,1,25,26689,1604,0,11,0,0,0,LEADER,1,0,0,10,0,0,0,0,0,0,0,0,0,0,0
27506,65,bully,1737,1,0,0,10,0,140,0,1,65,25769,1737,0,11,0,0,0,LEADER,1,0,0,10,0,0,0,0,0,0,0,0,0,0,0
28182,19,bully,2413,1,0,0,10,0,140,0,1,19,25769,2413,0,11,0,0,0,LEADER,1,0,0,10,0,0,0,0,0,0,0,0,0,0,0
27812,69,bully,2043,1,0,0,10,0,140,0,1,69,25769,2043,0,11,0,0,0,LEADER,1,0,0,10,0,0,0,0,0,0,0,0,0,0,0
28414,54,bully,1725,1,0,0,10,0,140,0,1,54,26689,1725,0,11,0,0,0,LEADER,1,0,0,10,0,0,0,0,0,0,0,0,0,0,0
27761,17,bully,1992,1,0,0,10,0,140,0,1,17,25769,1992,0,11,0,0,0,LEADER,1,0,0,10,0,0,0,0,0,0,0,0,0,0,0
28275,100,bully,1586,1,0,0,10,0,140,0,1,100,26689,1586,0,11,0,0,0,LEADER,1,0,0,10,0,0,0,0,0,0,0,0,0,0,0
28238,16,bully,1549,1,0,0,10,0,140,0,1,16,26689,1549,0,11,0,0,0,LEADER,1,0,0,10,0,0,0,0,0,0,0,0,0,0,0
27827,37,bully,2058,1,0,0,10,0,140,0,1,37,25769,2058,0,11,0,0,0,LEADER,1,0,0,10,0,0,0,0,0,0,0,0,0,0,0
28463,13,bully,1774,1,0,0,10,0,140,0,1,13,26689,1774,0,11,0,0,0,LEADER,1,0,0,10,0,0,0,0,0,0,0,0,0,0,0
27624,20,bully,1855,1,0,0,10,0,140,0,1,20,25769,1855,0,11,0,0,0,LEADER,1,0,0,10,0,0,0,0,0,0,0,0,0,0,0
28256,41,bully,1567,1,0,0,10,0,140,0,1,41,26689,1567,0,11,0,0,0,LEADER,1,0,0,10,0,0,0,0,0,0,0,0,0,0,0
28245,47,bully,1556,1,0,0,10,0,140,0,1,47,26689,1556,0,11,0,0,0,LEADER,1,0,0,10,0,0,0,0,0,0,0,0,0,0,0
28070,95,bully,2301,1,0,0,10,0,140,0,1,95,25769,2301,0,11,0,0,0,LEADER,1,0,0,10,0,0,0,0,0,0,0,0,0,0,0
27934,98,bully,2165,1,0,0,10,0,140,0,1,98,25769,2165,0,11,0,0,0,LEADER,1,0,0,10,0,0,0,0,0,0,0,0,0,0,0
28118,73,bully,2349,1,0,0,10,0,140,0,1,73,25769,2349,0,11,0,0,0,LEADER,1,0,0,10,0,0,0,0,0,0,0,0,0,0,0
28441,33,bully,1752,1,0,0,10,0,140,0,1,33,26689,1752,0,11,0,0,0,LEADER,1,0,0,10,0,0,0,0,0,0,0,0,0,0,0
28411,97,bully,1722,1,0,0,10,0,140,0,1,97,26689,1722,0,11,0,0,0,LEADER,1,0,0,10,0,0,0,0,0,0,0,0,0,0,0
27664,61,bully,1895,1,0,0,10,0,140,0,1,61,25769,1895,0,11,0,0,0,LEADER,1,0,0,10,0,0,0,0,0,0,0,0,0,0,0
28599,29,bully,1910,1,0,0,10,0,140,0,1,29,26689,1910,0,11,0,0,0,LEADER,1,0,0,10,0,0,0,0,0,0,0,0,0,0,0
28611,40,bully,1922,1,0,0,10,0,140,0,1,40,26689,1922,0,11,0,0,0,LEADER,1,0,0,10,0,0,0,0,0,0,0,0,0,0,0
28100,31,bully,2331,1,0,0,10,0,140,0,1,31,25769,2331,0,11,0,0,0,LEADER,1,0,0,10,0,0,0,0,0,0,0,0,0,0,0
27868,5,bully,2001,1,0,0,8,12,112,168,3,5,25867,2001,0,5,0,0,0,LEADER,1,0,0,8,0,0,0,12,0,0,0,0,0,0,0
28433,96,bully,1744,1,0,0,10,0,140,0,1,96,26689,1744,0,11,0,0,0,LEADER,1,0,0,10,0,0,0,0,0,0,0,0,0,0,0
28514,84,bully,1825,1,0,0,10,0,140,0,1,84,26689,1825,0,11,0,0,0,LEADER,1,0,0,10,0,0,0,0,0,0,0,0,0,0,0
28208,80,bully,1519,1,0,0,10,0,140,0,1,80,26689,1519,0,11,0,0,0,LEADER,1,0,0,10,0,0,0,0,0,0,0,0,0,0,0
28052,53,bully,2283,1,0,0,10,0,140,0,1,53,25769,2283,0,11,0,0,0,LEADER,1,0,0,10,0,0,0,0,0,0,0,0,0,0,0
28127,92,bully,1438,1,0,0,10,0,140,0,1,92,26689,1438,0,11,0,0,0,LEADER,1,0,0,10,0,0,0,0,0,0,0,0,0,0,0
28563,62,bully,1874,1,0,0,10,0,140,0,1,62,26689,1874,0,11,0,0,0,LEADER,1,0,0,10,0,0,0,0,0,0,0,0,0,0,0
28308,91,bully,1619,1,0,0,10,0,140,0,1,91,26689,1619,0,11,0,0,0,LEADER,1,0,0,10,0,0,0,0,0,0,0,0,0,0,0
28260,15,bully,1571,1,0,0,10,0,140,0,1,15,26689,1571,0,11,0,0,0,LEADER,1,0,0,10,0,0,0,0,0,0,0,0,0,0,0
27930,26,bully,2161,1,0,0,10,0,140,0,1,26,25769,2161,0,11,0,0,0,LEADER,1,0,0,10,0,0,0,0,0,0,0,0,0,0,0
28666,49,bully,1977,1,0,0,10,0,140,0,1,49,26689,1977,0,11,0,0,0,LEADER,1,0,0,10,0,0,0,0,0,0,0,0,0,0,0
28481,58,bully,1792,1,0,0,10,0,140,0,1,58,26689,1792,0,11,0,0,0,LEADER,1,0,0,10,0,0,0,0,0,0,0,0,0,0,0
28015,86,bully,2246,1,0,0,10,0,140,0,1,86,25769,2246,0,11,0,0,0,LEADER,1,0,0,10,0,0,0,0,0,0,0,0,0,0,0
28188,50,bully,2419,1,0,0,10,0,140,0,1,50,25769,2419,0,11,0,0,0,LEADER,1,0,0,10,0,0,0,0,0,0,0,0,0,0,0
28040,85,bully,2268,1,0,0,10,0,140,0,1,85,25772,2268,0,11,0,0,0,LEADER,1,0,0,10,0,0,0,0,0,0,0,0,0,0,0
27979,87,bully,2212,1,0,0,10,0,140,0,1,87,25767,2212,0,11,0,0,0,LEADER,1,0,0,10,0,0,0,0,0,0,0,0,0,0,0
28185,64,bully,2416,1,0,0,10,0,140,0,1,64,25769,2416,0,11,0,0,0,LEADER,1,0,0,10,0,0,0,0,0,0,0,0,0,0,0
28123,18,bully,1434,1,0,0,10,0,140,0,1,18,26689,1434,0,11,0,0,0,LEADER,1,0,0,10,0,0,0,0,0,0,0,0,0,0,0
28033,11,bully,2264,1,0,0,10,0,140,0,1,11,25769,2264,0,11,0,0,0,LEADER,1,0,0,10,0,0,0,0,0,0,0,0,0,0,0
28242,90,bully,1553,1,0,0,10,0,140,0,1,90,26689,1553,0,11,0,0,0,LEADER,1,0,0,10,0,0,0,0,0,0,0,0,0,0,0
28136,35,bully,1447,1,0,0,10,0,140,0,1,35,26689,1447,0,11,0,0,0,LEADER,1,0,0,10,0,0,0,0,0,0,0,0,0,0,0
28018,43,bully,2249,1,0,0,10,0,140,0,1,43,25769,2249,0,11,0,0,0,LEADER,1,0,0,10,0,0,0,0,0,0,0,0,0,0,0
28156,28,bully,1467,1,0,0,10,0,140,0,1,28,26689,1467,0,11,0,0,0,LEADER,1,0,0,10,0,0,0,0,0,0,0,0,0,0,0
28830,23,bully,2141,1,0,0,10,0,140,0,1,23,26689,2141,0,11,0,0,0,LEADER,1,0,0,10,0,0,0,0,0,0,0,0,0,0,0
27996,44,bully,2228,1,0,0,10,0,140,0,1,44,25768,2228,0,11,0,0,0,LEADER,1,0,0,10,0,0,0,0,0,0,0,0,0,0,0
28150,30,bully,1461,1,0,0,10,0,140,0,1,30,26689,1461,0,11,0,0,0,LEADER,1,0,0,10,0,0,0,0,0,0,0,0,0,0,0
28548,94,bully,1859,1,0,0,10,0,140,0,1,94,26689,1859,0,11,0,0,0,LEADER,1,0,0,10,0,0,0,0,0,0,0,0,0,0,0
28190,38,bully,1501,1,0,0,10,0,140,0,1,38,26689,1501,0,11,0,0,0,LEADER,1,0,0,10,0,0,0,0,0,0,0,0,0,0,0
28869,66,bully,2180,1,0,0,10,0,140,0,1,66,26689,2180,0,11,0,0,0,LEADER,1,0,0,10,0,0,0,0,0,0,0,0,0,0,0
28175,70,bully,1486,1,0,0,10,0,140,0,1,70,26689,1486,0,11,0,0,0,LEADER,1,0,0,10,0,0,0,0,0,0,0,0,0,0,0
28820,88,bully,2131,1,0,0,10,0,140,0,1,88,26689,2131,0,11,0,0,0,LEADER,1,0,0,10,0,0,0,0,0,0,0,0,0,0,0
28004,75,bully,2235,1,0,0,10,0,140,0,1,75,25769,2235,0,11,0,0,0,LEADER,1,0,0,10,0,0,0,0,0,0,0,0,0,0,0
28012,12,bully,2243,1,0,0,10,0,140,0,1,12,25769,2243,0,11,0,0,0,LEADER,1,0,0,10,0,0,0,0,0,0,0,0,0,0,0
28714,27,bully,2025,1,0,0,10,0,140,0,1,27,26689,2025,0,11,0,0,0,LEADER,1,0,0,10,0,0,0,0,0,0,0,0,0,0,0
28203,42,bully,1514,1,0,0,10,0,140,0,1,42,26689,1514,0,11,0,0,0,LEADER,1,0,0,10,0,0,0,0,0,0,0,0,0,0,0
28850,24,bully,2161,1,0,0,10,0,140,0,1,24,26689,2161,0,11,0,0,0,LEADER,1,0,0,10,0,0,0,0,0,0,0,0,0,0,0
28802,46,bully,2113,1,0,0,10,0,140,0,1,46,26689,2113,0,11,0,0,0,LEADER,1,0,0,10,0,0,0,0,0,0,0,0,0,0,0
28699,59,bully,2010,1,0,0,10,0,140,0,1,59,26689,2010,0,11,0,0,0,LEADER,1,0,0,10,0,0,0,0,0,0,0,0,0,0,0
28326,34,bully,1637,1,0,0,10,0,140,0,1,34,26689,1637,0,11,0,0,0,LEADER,1,0,0,10,0,0,0,0,0,0,0,0,0,0,0
28981,32,bully,2292,1,0,0,10,0,140,0,1,32,26689,2292,0,11,0,0,0,LEADER,1,0,0,10,0,0,0,0,0,0,0,0,0,0,0
28596,72,bully,1907,1,0,0,10,0,140,0,1,72,26689,1907,0,11,0,0,0,LEADER,1,0,0,10,0,0,0,0,0,0,0,0,0,0,0
29005,63,bully,2316,1,0,0,10,0,140,0,1,63,26689,2316,0,11,0,0,0,LEADER,1,0,0,10,0,0,0,0,0,0,0,0,0,0,0
28481,74,bully,1792,1,0,0,10,0,140,0,1,74,26689,1792,0,11,0,0,0,LEADER,1,0,0,10,0,0,0,0,0,0,0,0,0,0,0
28223,48,bully,1534,1,0,0,10,0,140,0,1,48,26689,1534,0,11,0,0,0,LEADER,1,0,0,10,0,0,0,0,0,0,0,0,0,0,0
28684,57,bully,1995,1,0,0,10,0,140,0,1,57,26689,1995,0,11,0,0,0,LEADER,1,0,0,10,0,0,0,0,0,0,0,0,0,0,0
28754,68,bully,2065,1,0,0,10,0,140,0,1,68,26689,2065,0,11,0,0,0,LEADER,1,0,0,10,0,0,0,0,0,0,0,0,0,0,0
28155,45,bully,1466,1,0,0,10,0,140,0,1,45,26689,1466,0,11,0,0,0,LEADER,1,0,0,10,0,0,0,0,0,0,0,0,0,0,0
28512,93,bully,1823,1,0,0,10,0,140,0,1,93,26689,1823,0,11,0,0,0,LEADER,1,0,0,10,0,0,0,0,0,0,0,0,0,0,0
29093,82,bully,2404,1,0,0,10,0,140,0,1,82,26689,2404,0,11,0,0,0,LEADER,1,0,0,10,0,0,0,0,0,0,0,0,0,0,0
29087,51,bully,2398,1,0,0,10,0,140,0,1,51,26689,2398,0,11,0,0,0,LEADER,1,0,0,10,0,0,0,0,0,0,0,0,0,0,0
28632,39,bully,1943,1,0,0,10,0,140,0,1,39,26689,1943,0,11,0,0,0,LEADER,1,0,0,10,0,0,0,0,0,0,0,0,0,0,0
28378,78,bully,1689,1,0,0,10,0,140,0,1,78,26689,1689,0,11,0,0,0,LEADER,1,0,0,10,0,0,0,0,0,0,0,0,0,0,0
28766,79,bully,2077,1,0,0,10,0,140,0,1,79,26689,2077,0,11,0,0,0,LEADER,1,0,0,10,0,0,0,0,0,0,0,0,0,0,0
28341,14,bully,1652,1,0,0,10,0,140,0,1,14,26689,1652,0,11,0,0,0,LEADER,1,0,0,10,0,0,0,0,0,0,0,0,0,0,0
28768,36,bully,2080,1,0,0,10,0,140,0,1,36,26688,2080,0,11,0,0,0,LEADER,1,0,0,10,0,0,0,0,0,0,0,0,0,0,0
28651,81,bully,1962,1,0,0,10,0,140,0,1,81,26689,1962,0,11,0,0,0,LEADER,1,0,0,10,0,0,0,0,0,0,0,0,0,0,0
28311,67,bully,1622,1,0,0,10,0,140,0,1,67,26689,1622,0,11,0,0,0,LEADER,1,0,0,10,0,0,0,0,0,0,0,0,0,0,0
29072,83,bully,2383,1,0,0,10,0,140,0,1,83,26689,2383,0,11,0,0,0,LEADER,1,0,0,10,0,0,0,0,0,0,0,0,0,0,0
29217,99,bully,1607,1,0,0,11,0,154,0,1,99,27610,1607,0,12,0,0,0,LEADER,1,0,0,11,0,0,0,0,0,0,0,0,0,0,0
28393,55,bully,1704,1,0,0,10,0,140,0,1,55,26689,1704,0,11,0,0,0,LEADER,1,0,0,10,0,0,0,0,0,0,0,0,0,0,0
29184,89,bully,1574,1,0,0,11,0,154,0,1,89,27610,1574,0,12,0,0,0,LEADER,1,0,0,11,0,0,0,0,0,0,0,0,0,0,0
28345,77,bully,1656,1,0,0,10,0,140,0,1,77,26689,1656,0,11,0,0,0,LEADER,1,0,0,10,0,0,0,0,0,0,0,0,0,0,0
28617,71,bully,1928,1,0,0,10,0,140,0,1,71,26689,1928,0,11,0,0,0,LEADER,1,0,0,10,0,0,0,0,0,0,0,0,0,0,0
28529,52,bully,1840,1,0,0,10,0,140,0,1,52,26689,1840,0,11,0,0,0,LEADER,1,0,0,10,0,0,0,0,0,0,0,0,0,0,0
28901,76,bully,2213,1,0,0,10,0,140,0,1,76,26688,2213,0,11,0,0,0,LEADER,1,0,0,10,0,0,0,0,0,0,0,0,0,0,0
28496,10,bully,1807,1,0,0,10,0,140,0,1,10,26689,1807,0,11,0,0,0,LEADER,1,0,0,10,0,0,0,0,0,0,0,0,0,0,0
28429,22,bully,1740,1,0,0,10,0,140,0,1,22,26689,1740,0,11,0,0,0,LEADER,1,0,0,10,0,0,0,0,0,0,0,0,0,0,0
28578,21,bully,1889,1,0,0,10,0,140,0,1,21,26689,1889,0,11,0,0,0,LEADER,1,0,0,10,0,0,0,0,0,0,0,0,0,0,0
28835,56,bully,2146,1,0,0,10,0,140,0,1,56,26689,2146,0,11,0,0,0,LEADER,1,0,0,10,0,0,0,0,0,0,0,0,0,0,0
28360,60,bully,1671,1,0,0,10,0,140,0,1,60,26689,1671,0,11,0,0,0,LEADER,1,0,0,10,0,0,0,0,0,0,0,0,0,0,0
29214,25,bully,1604,1,0,0,11,0,154,0,1,25,27610,1604,0,12,0,0,0,LEADER,1,0,0,11,0,0,0,0,0,0,0,0,0,0,0
28426,65,bully,1737,1,0,0,10,0,140,0,1,65,26689,1737,0,11,0,0,0,LEADER,1,0,0,10,0,0,0,0,0,0,0,0,0,0,0
29102,19,bully,2413,1,0,0,10,0,140,0,1,19,26689,2413,0,11,0,0,0,LEADER,1,0,0,10,0,0,0,0,0,0,0,0,0,0,0
28732,69,bully,2043,1,0,0,10,0,140,0,1,69,26689,2043,0,11,0,0,0,LEADER,1,0,0,10,0,0,0,0,0,0,0,0,0,0,0
29335,54,bully,1725,1,0,0,11,0,154,0,1,54,27610,1725,0,12,0,0,0,LEADER,1,0,0,11,0,0,0,0,0,0,0,0,0,0,0
28681,17,bully,1992,1,0,0,10,0,140,0,1,17,26689,1992,0,11,0,0,0,LEADER,1,0,0,10,0,0,0,0,0,0,0,0,0,0,0
29196,100,bully,1586,1,0,0,11,0,154,0,1,100,27610,1586,0,12,0,0,0,LEADER,1,0,0,11,0,0,0,0,0,0,0,0,0,0,0
29159,16,bully,1549,1,0,0,11,0,154,0,1,16,27610,1549,0,12,0,0,0,LEADER,1,0,0,11,0,0,0,0,0,0,0,0,0,0,0
28747,37,bully,2058,1,0,0,10,0,140,0,1,37,26689,2058,0,11,0,0,0,LEADER,1,0,0,10,0,0,0,0,0,0,0,0,0,0,0
29384,13,bully,1774,1,0,0,11,0,154,0,1,13,27610,1774,0,12,0,0,0,LEADER,1,0,0,11,0,0,0,0,0,0,0,0,0,0,0
28544,20,bully,1855,1,0,0,10,0,140,0,1,20,26689,1855,0,11,0,0,0,LEADER,1,0,0,10,0,0,0,0,0,0,0,0,0,0,0
29177,41,bully,1567,1,0,0,11,0,154,0,1,41,27610,1567,0,12,0,0,0,LEADER,1,0,0,11,0,0,0,0,0,0,0,0,0,0,0
29166,47,bully,1556,1,0,0,11,0,154,0,1,47,27610,1556,0,12,0,0,0,LEADER,1,0,0,11,0,0,0,0,0,0,0,0,0,0,0
28990,95,bully,2301,1,0,0,10,0,140,0,1,95,26689,2301,0,11,0,0,0,LEADER,1,0,0,10,0,0,0,0,0,0,0,0,0,0,0
28854,98,bully,2165,1,0,0,10,0,140,0,1,98,26689,2165,0,11,0,0,0,LEADER,1,0,0,10,0,0,0,0,0,0,0,0,0,0,0
29038,73,bully,2349,1,0,0,10,0,140,0,1,73,26689,2349,0,11,0,0,0,LEADER,1,0,0,10,0,0,0,0,0,0,0,0,0,0,0
28584,61,bully,1895,1,0,0,10,0,140,0,1,61,26689,1895,0,11,0,0,0,LEADER,1,0,0,10,0,0,0,0,0,0,0,0,0,0,0
29332,97,bully,1722,1,0,0,11,0,154,0,1,97,27610,1722,0,12,0,0,0,LEADER,1,0,0,11,0,0,0,0,0,0,0,0,0,0,0
29362,33,bully,1752,1,0,0,11,0,154,0,1,33,27610,1752,0,12,0,0,0,LEADER,1,0,0,11,0,0,0,0,0,0,0,0,0,0,0
29020,31,bully,2331,1,0,0,10,0,140,0,1,31,26689,2331,0,11,0,0,0,LEADER,1,0,0,10,0,0,0,0,0,0,0,0,0,0,0
29520,29,bully,1910,1,0,0,11,0,154,0,1,29,27610,1910,0,12,0,0,0,LEADER,1,0,0,11,0,0,0,0,0,0,0,0,0,0,0
29532,40,bully,1922,1,0,0,11,0,154,0,1,40,27610,1922,0,12,0,0,0,LEADER,1,0,0,11,0,0,0,0,0,0,0,0,0,0,0
29061,6,bully,1516,1,0,0,6,16,84,224,2,4,27545,1516,0,3,0,0,0,NORMAL,0,0,0,6,0,0,0,16,0,0,0,0,0,0,0
29354,96,bully,1744,1,0,0,11,0,154,0,1,96,27610,1744,0,12,0,0,0,LEADER,1,0,0,11,0,0,0,0,0,0,0,0,0,0,0
29435,84,bully,1825,1,0,0,11,0,154,0,1,84,27610,1825,0,12,0,0,0,LEADER,1,0,0,11,0,0,0,0,0,0,0,0,0,0,0
29129,80,bully,1519,1,0,0,11,0,154,0,1,80,27610,1519,0,12,0,0,0,LEADER,1,0,0,11,0,0,0,0,0,0,0,0,0,0,0
28972,53,bully,2283,1,0,0,10,0,140,0,1,53,26689,2283,0,11,0,0,0,LEADER,1,0,0,10,0,0,0,0,0,0,0,0,0,0,0
29048,92,bully,1438,1,0,0,11,0,154,0,1,92,27610,1438,0,12,0,0,0,LEADER,1,0,0,11,0,0,0,0,0,0,0,0,0,0,0
29484,62,bully,1874,1,0,0,11,0,154,0,1,62,27610,1874,0,12,0,0,0,LEADER,1,0,0,11,0,0,0,0,0,0,0,0,0,0,0
29229,91,bully,1619,1,0,0,11,0,154,0,1,91,27610,1619,0,12,0,0,0,LEADER,1,0,0,11,0,0,0,0,0,0,0,0,0,0,0
29181,15,bully,1571,1,0,0,11,0,154,0,1,15,27610,1571,0,12,0,0,0,LEADER,1,0,0,11,0,0,0,0,0,0,0,0,0,0,0
28850,26,bully,2161,1,0,0,10,0,140,0,1,26,26689,2161,0,11,0,0,0,LEADER,1,0,0,10,0,0,0,0,0,0,0,0,0,0,0
29587,49,bully,1977,1,0,0,11,0,154,0,1,49,27610,1977,0,12,0,0,0,LEADER,1,0,0,11,0,0,0,0,0,0,0,0,0,0,0
29402,58,bully,1792,1,0,0,11,0,154,0,1,58,27610,1792,0,12,0,0,0,LEADER,1,0,0,11,0,0,0,0,0,0,0,0,0,0,0
28935,86,bully,2246,1,0,0,10,0,140,0,1,86,26689,2246,0,11,0,0,0,LEADER,1,0,0,10,0,0,0,0,0,0,0,0,0,0,0
29108,50,bully,2419,1,0,0,10,0,140,0,1,50,26689,2419,0,11,0,0,0,LEADER,1,0,0,10,0,0,0,0,0,0,0,0,0,0,0
28960,85,bully,2268,1,0,0,10,0,140,0,1,85,26692,2268,0,11,0,0,0,LEADER,1,0,0,10,0,0,0,0,0,0,0,0,0,0,0
28899,87,bully,2212,1,0,0,10,0,140,0,1,87,26687,2212,0,11,0,0,0,LEADER,1,0,0,10,0,0,0,0,0,0,0,0,0,0,0
29105,64,bully,2416,1,0,0,10,0,140,0,1,64,26689,2416,0,11,0,0,0,LEADER,1,0,0,10,0,0,0,0,0,0,0,0,0,0,0
28953,11,bully,2264,1,0,0,10,0,140,0,1,11,26689,2264,0,11,0,0,0,LEADER,1,0,0,10,0,0,0,0,0,0,0,0,0,0,0
29044,18,bully,1434,1,0,0,11,0,154,0,1,18,27610,1434,0,12,0,0,0,LEADER,1,0,0,11,0,0,0,0,0,0,0,0,0,0,0
29163,90,bully,1553,1,0,0,11,0,154,0,1,90,27610,1553,0,12,0,0,0,LEADER,1,0,0,11,0,0,0,0,0,0,0,0,0,0,0
29057,35,bully,1447,1,0,0,11,0,154,0,1,35,27610,1447,0,12,0,0,0,LEADER,1,0,0,11,0,0,0,0,0,0,0,0,0,0,0
28938,43,bully,2249,1,0,0,10,0,140,0,1,43,26689,2249,0,11,0,0,0,LEADER,1,0,0,10,0,0,0,0,0,0,0,0,0,0,0
29077,28,bully,1467,1,0,0,11,0,154,0,1,28,27610,1467,0,12,0,0,0,LEADER,1,0,0,11,0,0,0,0,0,0,0,0,0,0,0
28916,44,bully,2228,1,0,0,10,0,140,0,1,44,26688,2228,0,11,0,0,0,LEADER,1,0,0,10,0,0,0,0,0,0,0,0,0,0,0
29751,23,bully,2141,1,0,0,11,0,154,0,1,23,27610,2141,0,12,0,0,0,LEADER,1,0,0,11,0,0,0,0,0,0,0,0,0,0,0
29071,30,bully,1461,1,0,0,11,0,154,0,1,30,27610,1461,0,12,0,0,0,LEADER,1,0,0,11,0,0,0,0,0,0,0,0,0,0,0
29469,94,bully,1859,1,0,0,11,0,154,0,1,94,27610,1859,0,12,0,0,0,LEADER,1,0,0,11,0,0,0,0,0,0,0,0,0,0,0
29111,38,bully,1501,1,0,0,11,0,154,0,1,38,27610,1501,0,12,0,0,0,LEADER,1,0,0,11,0,0,0,0,0,0,0,0,0,0,0
29790,66,bully,2180,1,0,0,11,0,154,0,1,66,27610,2180,0,12,0,0,0,LEADER,1,0,0,11,0,0,0,0,0,0,0,0,0,0,0
29096,70,bully,1486,1,0,0,11,0,154,0,1,70,27610,1486,0,12,0,0,0,LEADER,1,0,0,11,0,0,0,0,0,0,0,0,0,0,0
29741,88,bully,2131,1,0,0,11,0,154,0,1,88,27610,2131,0,12,0,0,0,LEADER,1,0,0,11,0,0,0,0,0,0,0,0,0,0,0
28924,75,bully,2235,1,0,0,10,0,140,0,1,75,26689,2235,0,11,0,0,0,LEADER,1,0,0,10,0,0,0,0,0,0,0,0,0,0,0
29609,2,bully,2214,1,0,0,7,12,98,168,3,1,27395,2214,0,5,0,0,0,NORMAL,0,0,0,7,0,0,0,12,0,0,0,0,0,0,0
28932,12,bully,2243,1,0,0,10,0,140,0,1,12,26689,2243,0,11,0,0,0,LEADER,1,0,0,10,0,0,0,0,0,0,0,0,0,0,0
29635,27,bully,2025,1,0,0,11,0,154,0,1,27,27610,2025,0,12,0,0,0,LEADER,1,0,0,11,0,0,0,0,0,0,0,0,0,0,0
29124,42,bully,1514,1,0,0,11,0,154,0,1,42,27610,1514,0,12,0,0,0,LEADER,1,0,0,11,0,0,0,0,0,0,0,0,0,0,0
29771,24,bully,2161,1,0,0,11,0,154,0,1,24,27610,2161,0,12,0,0,0,LEADER,1,0,0,11,0,0,0,0,0,0,0,0,0,0,0
29723,46,bully,2113,1,0,0,11,0,154,0,1,46,27610,2113,0,12,0,0,0,LEADER,1,0,0,11,0,0,0,0,0,0,0,0,0,0,0
29247,34,bully,1637,1,0,0,11,0,154,0,1,34,27610,1637,0,12,0,0,0,LEADER,1,0,0,11,0,0,0,0,0,0,0,0,0,0,0
29620,59,bully,2010,1,0,0,11,0,154,0,1,59,27610,2010,0,12,0,0,0,LEADER,1,0,0,11,0,0,0,0,0,0,0,0,0,0,0
29902,32,bully,2292,1,0,0,11,0,154,0,1,32,27610,2292,0,12,0,0,0,LEADER,1,0,0,11,0,0,0,0,0,0,0,0,0,0,0
29517,72,bully,1907,1,0,0,11,0,154,0,1,72,27610,1907,0,12,0,0,0,LEADER,1,0,0,11,0,0,0,0,0,0,0,0,0,0,0
29926,63,bully,2316,1,0,0,11,0,154,0,1,63,27610,2316,0,12,0,0,0,LEADER,1,0,0,11,0,0,0,0,0,0,0,0,0,0,0
29402,74,bully,1792,1,0,0,11,0,154,0,1,74,27610,1792,0,12,0,0,0,LEADER,1,0,0,11,0,0,0,0,0,0,0,0,0,0,0
29144,48,bully,1534,1,0,0,11,0,154,0,1,48,27610,1534,0,12,0,0,0,LEADER,1,0,0,11,0,0,0,0,0,0,0,0,0,0,0
29605,57,bully,1995,1,0,0,11,0,154,0,1,57,27610,1995,0,12,0,0,0,LEADER,1,0,0,11,0,0,0,0,0,0,0,0,0,0,0
29675,68,bully,2065,1,0,0,11,0,154,0,1,68,27610,2065,0,12,0,0,0,LEADER,1,0,0,11,0,0,0,0,0,0,0,0,0,0,0
29076,45,bully,1466,1,0,0,11,0,154,0,1,45,27610,1466,0,12,0,0,0,LEADER,1,0,0,11,0,0,0,0,0,0,0,0,0,0,0
29433,93,bully,1823,1,0,0,11,0,154,0,1,93,27610,1823,0,12,0,0,0,LEADER,1,0,0,11,0,0,0,0,0,0,0,0,0,0,0
30014,82,bully,2404,1,0,0,11,0,154,0,1,82,27610,2404,0,12,0,0,0,LEADER,1,0,0,11,0,0,0,0,0,0,0,0,0,0,0
30008,51,bully,2398,1,0,0,11,0,154,0,1,51,27610,2398,0,12,0,0,0,LEADER,1,0,0,11,0,0,0,0,0,0,0,0,0,0,0
29553,39,bully,1943,1,0,0,11,0,154,0,1,39,27610,1943,0,12,0,0,0,LEADER,1,0,0,11,0,0,0,0,0,0,0,0,0,0,0
29299,78,bully,1689,1,0,0,11,0,154,0,1,78,27610,1689,0,12,0,0,0,LEADER,1,0,0,11,0,0,0,0,0,0,0,0,0,0,0
29687,79,bully,2077,1,0,0,11,0,154,0,1,79,27610,2077,0,12,0,0,0,LEADER,1,0,0,11,0,0,0,0,0,0,0,0,0,0,0
29262,14,bully,1652,1,0,0,11,0,154,0,1,14,27610,1652,0,12,0,0,0,LEADER,1,0,0,11,0,0,0,0,0,0,0,0,0,0,0
29689,36,bully,2080,1,0,0,11,0,154,0,1,36,27609,2080,0,12,0,0,0,LEADER,1,0,0,11,0,0,0,0,0,0,0,0,0,0,0
29572,81,bully,1962,1,0,0,11,0,154,0,1,81,27610,1962,0,12,0,0,0,LEADER,1,0,0,11,0,0,0,0,0,0,0,0,0,0,0
29232,67,bully,1622,1,0,0,11,0,154,0,1,67,27610,1622,0,12,0,0,0,LEADER,1,0,0,11,0,0,0,0,0,0,0,0,0,0,0
29993,83,bully,2383,1,0,0,11,0,154,0,1,83,27610,2383,0,12,0,0,0,LEADER,1,0,0,11,0,0,0,0,0,0,0,0,0,0,0
30137,99,bully,1607,1,0,0,11,0,154,0,1,99,28530,1607,0,12,0,0,0,LEADER,1,0,0,11,0,0,0,0,0,0,0,0,0,0,0
29314,55,bully,1704,1,0,0,11,0,154,0,1,55,27610,1704,0,12,0,0,0,LEADER,1,0,0,11,0,0,0,0,0,0,0,0,0,0,0
30104,89,bully,1574,1,0,0,11,0,154,0,1,89,28530,1574,0,12,0,0,0,LEADER,1,0,0,11,0,0,0,0,0,0,0,0,0,0,0
29266,77,bully,1656,1,0,0,11,0,154,0,1,77,27610,1656,0,12,0,0,0,LEADER,1,0,0,11,0,0,0,0,0,0,0,0,0,0,0
29538,71,bully,1928,1,0,0,11,0,154,0,1,71,27610,1928,0,12,0,0,0,LEADER,1,0,0,11,0,0,0,0,0,0,0,0,0,0,0
29450,52,bully,1840,1,0,0,11,0,154,0,1,52,27610,1840,0,12,0,0,0,LEADER,1,0,0,11,0,0,0,0,0,0,0,0,0,0,0
29821,76,bully,2213,1,0,0,11,0,154,0,1,76,27608,2213,0,12,0,0,0,LEADER,1,0,0,11,0,0,0,0,0,0,0,0,0,0,0
29417,10,bully,1807,1,0,0,11,0,154,0,1,10,27610,1807,0,12,0,0,0,LEADER,1,0,0,11,0,0,0,0,0,0,0,0,0,0,0
29350,22,bully,1740,1,0,0,11,0,154,0,1,22,27610,1740,0,12,0,0,0,LEADER,1,0,0,11,0,0,0,0,0,0,0,0,0,0,0
29499,21,bully,1889,1,0,0,11,0,154,0,1,21,27610,1889,0,12,0,0,0,LEADER,1,0,0,11,0,0,0,0,0,0,0,0,0,0,0
29756,56,bully,2146,1,0,0,11,0,154,0,1,56,27610,2146,0,12,0,0,0,LEADER,1,0,0,11,0,0,0,0,0,0,0,0,0,0,0
29281,60,bully,1671,1,0,0,11,0,154,0,1,60,27610,1671,0,12,0,0,0,LEADER,1,0,0,11,0,0,0,0,0,0,0,0,0,0,0
30134,25,bully,1604,1,0,0,11,0,154,0,1,25,28530,1604,0,12,0,0,0,LEADER,1,0,0,11,0,0,0,0,0,0,0,0,0,0,0
29347,65,bully,1737,1,0,0,11,0,154,0,1,65,27610,1737,0,12,0,0,0,LEADER,1,0,0,11,0,0,0,0,0,0,0,0,0,0,0
30023,19,bully,2413,1,0,0,11,0,154,0,1,19,27610,2413,0,12,0,0,0,LEADER,1,0,0,11,0,0,0,0,0,0,0,0,0,0,0
29653,69,bully,2043,1,0,0,11,0,154,0,1,69,27610,2043,0,12,0,0,0,LEADER,1,0,0,11,0,0,0,0,0,0,0,0,0,0,0
30255,54,bully,1725,1,0,0,11,0,154,0,1,54,28530,1725,0,12,0,0,0,LEADER,1,0,0,11,0,0,0,0,0,0,0,0,0,0,0
29602,17,bully,1992,1,0,0,11,0,154,0,1,17,27610,1992,0,12,0,0,0,LEADER,1,0,0,11,0,0,0,0,0,0,0,0,0,0,0
30116,100,bully,1586,1,0,0,11,0,154,0,1,100,28530,1586,0,12,0,0,0,LEADER,1,0,0,11,0,0,0,0,0,0,0,0,0,0,0
30079,16,bully,1549,1,0,0,11,0,154,0,1,16,28530,1549,0,12,0,0,0,LEADER,1,0,0,11,0,0,0,0,0,0,0,0,0,0,0
29668,37,bully,2058,1,0,0,11,0,154,0,1,37,27610,2058,0,12,0,0,0,LEADER,1,0,0,11,0,0,0,0,0,0,0,0,0,0,0
30304,13,bully,1774,1,0,0,11,0,154,0,1,13,28530,1774,0,12,0,0,0,LEADER,1,0,0,11,0,0,0,0,0,0,0,0,0,0,0
29465,20,bully,1855,1,0,0,11,0,154,0,1,20,27610,1855,0,12,0,0,0,LEADER,1,0,0,11,0,0,0,0,0,0,0,0,0,0,0
30097,41,bully,1567,1,0,0,11,0,154,0,1,41,28530,1567,0,12,0,0,0,LEADER,1,0,0,11,0,0,0,0,0,0,0,0,0,0,0
30086,47,bully,1556,1,0,0,11,0,154,0,1,47,28530,1556,0,12,0,0,0,LEADER,1,0,0,11,0,0,0,0,0,0,0,0,0,0,0
29911,95,bully,2301,1,0,0,11,0,154,0,1,95,27610,2301,0,12,0,0,0,LEADER,1,0,0,11,0,0,0,0,0,0,0,0,0,0,0
29775,98,bully,2165,1,0,0,11,0,154,0,1,98,27610,2165,0,12,0,0,0,LEADER,1,0,0,11,0,0,0,0,0,0,0,0,0,0,0
29959,73,bully,2349,1,0,0,11,0,154,0,1,73,27610,2349,0,12,0,0,0,LEADER,1,0,0,11,0,0,0,0,0,0,0,0,0,0,0
30282,33,bully,1752,1,0,0,11,0,154,0,1,33,28530,1752,0,12,0,0,0,LEADER,1,0,0,11,0,0,0,0,0,0,0,0,0,0,0
30252,97,bully,1722,1,0,0,11,0,154,0,1,97,28530,1722,0,12,0,0,0,LEADER,1,0,0,11,0,0,0,0,0,0,0,0,0,0,0
29505,61,bully,1895,1,0,0,11,0,154,0,1,61,27610,1895,0,12,0,0,0,LEADER,1,0,0,11,0,0,0,0,0,0,0,0,0,0,0
30440,29,bully,1910,1,0,0,11,0,154,0,1,29,28530,1910,0,12,0,0,0,LEADER,1,0,0,11,0,0,0,0,0,0,0,0,0,0,0
30452,40,bully,1922,1,0,0,11,0,154,0,1,40,28530,1922,0,12,0,0,0,LEADER,1,0,0,11,0,0,0,0,0,0,0,0,0,0,0
29941,31,bully,2331,1,0,0,11,0,154,0,1,31,27610,2331,0,12,0,0,0,LEADER,1,0,0,11,0,0,0,0,0,0,0,0,0,0,0
30274,96,bully,1744,1,0,0,11,0,154,0,1,96,28530,1744,0,12,0,0,0,LEADER,1,0,0,11,0,0,0,0,0,0,0,0,0,0,0
30355,84,bully,1825,1,0,0,11,0,154,0,1,84,28530,1825,0,12,0,0,0,LEADER,1,0,0,11,0,0,0,0,0,0,0,0,0,0,0
30049,80,bully,1519,1,0,0,11,0,154,0,1,80,28530,1519,0,12,0,0,0,LEADER,1,0,0,11,0,0,0,0,0,0,0,0,0,0,0
29893,53,bully,2283,1,0,0,11,0,154,0,1,53,27610,2283,0,12,0,0,0,LEADER,1,0,0,11,0,0,0,0,0,0,0,0,0,0,0
29968,92,bully,1438,1,0,0,11,0,154,0,1,92,28530,1438,0,12,0,0,0,LEADER,1,0,0,11,0,0,0,0,0,0,0,0,0,0,0
30404,62,bully,1874,1,0,0,11,0,154,0,1,62,28530,1874,0,12,0,0,0,LEADER,1,0,0,11,0,0,0,0,0,0,0,0,0,0,0
30149,91,bully,1619,1,0,0,11,0,154,0,1,91,28530,1619,0,12,0,0,0,LEADER,1,0,0,11,0,0,0,0,0,0,0,0,0,0,0
30101,15,bully,1571,1,0,0,11,0,154,0,1,15,28530,1571,0,12,0,0,0,LEADER,1,0,0,11,0,0,0,0,0,0,0,0,0,0,0
29771,26,bully,2161,1,0,0,11,0,154,0,1,26,27610,2161,0,12,0,0,0,LEADER,1,0,0,11,0,0,0,0,0,0,0,0,0,0,0
30507,49,bully,1977,1,0,0,11,0,154,0,1,49,28530,1977,0,12,0,0,0,LEADER,1,0,0,11,0,0,0,0,0,0,0,0,0,0,0
30322,58,bully,1792,1,0,0,11,0,154,0,1,58,28530,1792,0,12,0,0,0,LEADER,1,0,0,11,0,0,0,0,0,0,0,0,0,0,0
29856,86,bully,2246,1,0,0,11,0,154,0,1,86,27610,2246,0,12,0,0,0,LEADER,1,0,0,11,0,0,0,0,0,0,0,0,0,0,0
30029,50,bully,2419,1,0,0,11,0,154,0,1,50,27610,2419,0,12,0,0,0,LEADER,1,0,0,11,0,0,0,0,0,0,0,0,0,0,0
29881,85,bully,2268,1,0,0,11,0,154,0,1,85,27613,2268,0,12,0,0,0,LEADER,1,0,0,11,0,0,0,0,0,0,0,0,0,0,0
29820,87,bully,2212,1,0,0,11,0,154,0,1,87,27608,2212,0,12,0,0,0,LEADER,1,0,0,11,0,0,0,0,0,0,0,0,0,0,0
30026,64,bully,2416,1,0,0,11,0,154,0,1,64,27610,2416,0,12,0,0,0,LEADER,1,0,0,11,0,0,0,0,0,0,0,0,0,0,0
29964,18,bully,1434,1,0,0,11,0,154,0,1,18,28530,1434,0,12,0,0,0,LEADER,1,0,0,11,0,0,0,0,0,0,0,0,0,0,0
29874,11,bully,2264,1,0,0,11,0,154,0,1,11,27610,2264,0,12,0,0,0,LEADER,1,0,0,11,0,0,0,0,0,0,0,0,0,0,0
30083,90,bully,1553,1,0,0,11,0,154,0,1,90,28530,1553,0,12,0,0,0,LEADER,1,0,0,11,0,0,0,0,0,0,0,0,0,0,0
29977,35,bully,1447,1,0,0,11,0,154,0,1,35,28530,1447,0,12,0,0,0,LEADER,1,0,0,11,0,0,0,0,0,0,0,0,0,0,0
29859,43,bully,2249,1,0,0,11,0,154,0,1,43,27610,2249,0,12,0,0,0,LEADER,1,0,0,11,0,0,0,0,0,0,0,0,0,0,0
29997,28,bully,1467,1,0,0,11,0,154,0,1,28,28530,1467,0,12,0,0,0,LEADER,1,0,0,11,0,0,0,0,0,0,0,0,0,0,0
30671,23,bully,2141,1,0,0,11,0,154,0,1,23,28530,2141,0,12,0,0,0,LEADER,1,0,0,11,0,0,0,0,0,0,0,0,0,0,0
29837,44,bully,2228,1,0,0,11,0,154,0,1,44,27609,2228,0,12,0,0,0,LEADER,1,0,0,11,0,0,0,0,0,0,0,0,0,0,0
29991,30,bully,1461,1,0,0,11,0,154,0,1,30,28530,1461,0,12,0,0,0,LEADER,1,0,0,11,0,0,0,0,0,0,0,0,0,0,0
30389,94,bully,1859,1,0,0,11,0,154,0,1,94,28530,1859,0,12,0,0,0,LEADER,1,0,0,11,0,0,0,0,0,0,0,0,0,0,0
30031,38,bully,1501,1,0,0,11,0,154,0,1,38,28530,1501,0,12,0,0,0,LEADER,1,0,0,11,0,0,0,0,0,0,0,0,0,0,0
30710,66,bully,2180,1,0,0,11,0,154,0,1,66,28530,2180,0,12,0,0,0,LEADER,1,0,0,11,0,0,0,0,0,0,0,0,0,0,0
30016,70,bully,1486,1,0,0,11,0,154,0,1,70,28530,1486,0,12,0,0,0,LEADER,1,0,0,11,0,0,0,0,0,0,0,0,0,0,0
30661,88,bully,2131,1,0,0,11,0,154,0,1,88,28530,2131,0,12,0,0,0,LEADER,1,0,0,11,0,0,0,0,0,0,0,0,0,0,0
29845,75,bully,2235,1,0,0,11,0,154,0,1,75,27610,2235,0,12,0,0,0,LEADER,1,0,0,11,0,0,0,0,0,0,0,0,0,0,0
29853,12,bully,2243,1,0,0,11,0,154,0,1,12,27610,2243,0,12,0,0,0,LEADER,1,0,0,11,0,0,0,0,0,0,0,0,0,0,0
30555,27,bully,2025,1,0,0,11,0,154,0,1,27,28530,2025,0,12,0,0,0,LEADER,1,0,0,11,0,0,0,0,0,0,0,0,0,0,0
30044,42,bully,1514,1,0,0,11,0,154,0,1,42,28530,1514,0,12,0,0,0,LEADER,1,0,0,11,0,0,0,0,0,0,0,0,0,0,0
30691,24,bully,2161,1,0,0,11,0,154,0,1,24,28530,2161,0,12,0,0,0,LEADER,1,0,0,11,0,0,0,0,0,0,0,0,0,0,0
30643,46,bully,2113,1,0,0,11,0,154,0,1,46,28530,2113,0,12,0,0,0,LEADER,1,0,0,11,0,0,0,0,0,0,0,0,0,0,0
30167,34,bully,1637,1,0,0,11,0,154,0,1,34,28530,1637,0,12,0,0,0,LEADER,1,0,0,11,0,0,0,0,0,0,0,0,0,0,0
30540,59,bully,2010,1,0,0,11,0,154,0,1,59,28530,2010,0,12,0,0,0,LEADER,1,0,0,11,0,0,0,0,0,0,0,0,0,0,0
30822,32,bully,2292,1,0,0,11,0,154,0,1,32,28530,2292,0,12,0,0,0,LEADER,1,0,0,11,0,0,0,0,0,0,0,0,0,0,0
30437,72,bully,1907,1,0,0,11,0,154,0,1,72,28530,1907,0,12,0,0,0,LEADER,1,0,0,11,0,0,0,0,0,0,0,0,0,0,0
30846,63,bully,2316,1,0,0,11,0,154,0,1,63,28530,2316,0,12,0,0,0,LEADER,1,0,0,11,0,0,0,0,0,0,0,0,0,0,0
30322,74,bully,1792,1,0,0,11,0,154,0,1,74,28530,1792,0,12,0,0,0,LEADER,1,0,0,11,0,0,0,0,0,0,0,0,0,0,0
30064,48,bully,1534,1,0,0,11,0,154,0,1,48,28530,1534,0,12,0,0,0,LEADER,1,0,0,11,0,0,0,0,0,0,0,0,0,0,0
30525,57,bully,1995,1,0,0,11,0,154,0,1,57,28530,1995,0,12,0,0,0,LEADER,1,0,0,11,0,0,0,0,0,0,0,0,0,0,0
30595,68,bully,2065,1,0,0,11,0,154,0,1,68,28530,2065,0,12,0,0,0,LEADER,1,0,0,11,0,0,0,0,0,0,0,0,0,0,0
29996,45,bully,1466,1,0,0,11,0,154,0,1,45,28530,1466,0,12,0,0,0,LEADER,1,0,0,11,0,0,0,0,0,0,0,0,0,0,0
30353,93,bully,1823,1,0,0,11,0,154,0,1,93,28530,1823,0,12,0,0,0,LEADER,1,0,0,11,0,0,0,0,0,0,0,0,0,0,0
30934,82,bully,2404,1,0,0,11,0,154,0,1,82,28530,2404,0,12,0,0,0,LEADER,1,0,0,11,0,0,0,0,0,0,0,0,0,0,0
30928,51,bully,2398,1,0,0,11,0,154,0,1,51,28530,2398,0,12,0,0,0,LEADER,1,0,0,11,0,0,0,0,0,0,0,0,0,0,0
30473,39,bully,1943,1,0,0,11,0,154,0,1,39,28530,1943,0,12,0,0,0,LEADER,1,0,0,11,0,0,0,0,0,0,0,0,0,0,0
30219,78,bully,1689,1,0,0,11,0,154,0,1,78,28530,1689,0,12,0,0,0,LEADER,1,0,0,11,0,0,0,0,0,0,0,0,0,0,0
30607,79,bully,2077,1,0,0,11,0,154,0,1,79,28530,2077,0,12,0,0,0,LEADER,1,0,0,11,0,0,0,0,0,0,0,0,0,0,0
30182,14,bully,1652,1,0,0,11,0,154,0,1,14,28530,1652,0,12,0,0,0,LEADER,1,0,0,11,0,0,0,0,0,0,0,0,0,0,0
30609,36,bully,2080,1,0,0,11,0,154,0,1,36,28529,2080,0,12,0,0,0,LEADER,1,0,0,11,0,0,0,0,0,0,0,0,0,0,0
30492,81,bully,1962,1,0,0,11,0,154,0,1,81,28530,1962,0,12,0,0,0,LEADER,1,0,0,11,0,0,0,0,0,0,0,0,0,0,0
30152,67,bully,1622,1,0,0,11,0,154,0,1,67,28530,1622,0,12,0,0,0,LEADER,1,0,0,11,0,0,0,0,0,0,0,0,0,0,0
30913,83,bully,2383,1,0,0,11,0,154,0,1,83,28530,2383,0,12,0,0,0,LEADER,1,0,0,11,0,0,0,0,0,0,0,0,0,0,0
31057,99,bully,1607,1,0,0,11,0,154,0,1,99,29450,1607,0,12,0,0,0,LEADER,1,0,0,11,0,0,0,0,0,0,0,0,0,0,0
30234,55,bully,1704,1,0,0,11,0,154,0,1,55,28530,1704,0,12,0,0,0,LEADER,1,0,0,11,0,0,0,0,0,0,0,0,0,0,0
31024,89,bully,1574,1,0,0,11,0,154,0,1,89,29450,1574,0,12,0,0,0,LEADER,1,0,0,11,0,0,0,0,0,0,0,0,0,0,0
30186,77,bully,1656,1,0,0,11,0,154,0,1,77,28530,1656,0,12,0,0,0,LEADER,1,0,0,11,0,0,0,0,0,0,0,0,0,0,0
30458,71,bully,1928,1,0,0,11,0,154,0,1,71,28530,1928,0,12,0,0,0,LEADER,1,0,0,11,0,0,0,0,0,0,0,0,0,0,0
30370,52,bully,1840,1,0,0,11,0,154,0,1,52,28530,1840,0,12,0,0,0,LEADER,1,0,0,11,0,0,0,0,0,0,0,0,0,0,0
30741,76,bully,2213,1,0,0,11,0,154,0,1,76,28528,2213,0,12,0,0,0,LEADER,1,0,0,11,0,0,0,0,0,0,0,0,0,0,0
30337,10,bully,1807,1,0,0,11,0,154,0,1,10,28530,1807,0,12,0,0,0,LEADER,1,0,0,11,0,0,0,0,0,0,0,0,0,0,0
30270,22,bully,1740,1,0,0,11,0,154,0,1,22,28530,1740,0,12,0,0,0,LEADER,1,0,0,11,0,0,0,0,0,0,0,0,0,0,0
30419,21,bully,1889,1,0,0,11,0,154,0,1,21,28530,1889,0,12,0,0,0,LEADER,1,0,0,11,0,0,0,0,0,0,0,0,0,0,0
30676,56,bully,2146,1,0,0,11,0,154,0,1,56,28530,2146,0,12,0,0,0,LEADER,1,0,0,11,0,0,0,0,0,0,0,0,0,0,0
30201,60,bully,1671,1,0,0,11,0,154,0,1,60,28530,1671,0,12,0,0,0,LEADER,1,0,0,11,0,0,0,0,0,0,0,0,0,0,0
31054,25,bully,1604,1,0,0,11,0,154,0,1,25,29450,1604,0,12,0,0,0,LEADER,1,0,0,11,0,0,0,0,0,0,0,0,0,0,0
30267,65,bully,1737,1,0,0,11,0,154,0,1,65,28530,1737,0,12,0,0,0,LEADER,1,0,0,11,0,0,0,0,0,0,0,0,0,0,0
30943,19,bully,2413,1,0,0,11,0,154,0,1,19,28530,2413,0,12,0,0,0,LEADER,1,0,0,11,0,0,0,0,0,0,0,0,0,0,0
30573,69,bully,2043,1,0,0,11,0,154,0,1,69,28530,2043,0,12,0,0,0,LEADER,1,0,0,11,0,0,0,0,0,0,0,0,0,0,0
31175,54,bully,1725,1,0,0,11,0,154,0,1,54,29450,1725,0,12,0,0,0,LEADER,1,0,0,11,0,0,0,0,0,0,0,0,0,0,0
30522,17,bully,1992,1,0,0,11,0,154,0,1,17,28530,1992,0,12,0,0,0,LEADER,1,0,0,11,0,0,0,0,0,0,0,0,0,0,0
31036,100,bully,1586,1,0,0,11,0,154,0,1,100,29450,1586,0,12,0,0,0,LEADER,1,0,0,11,0,0,0,0,0,0,0,0,0,0,0
30999,16,bully,1549,1,0,0,11,0,154,0,1,16,29450,1549,0,12,0,0,0,LEADER,1,0,0,11,0,0,0,0,0,0,0,0,0,0,0
30588,37,bully,2058,1,0,0,11,0,154,0,1,37,28530,2058,0,12,0,0,0,LEADER,1,0,0,11,0,0,0,0,0,0,0,0,0,0,0
31224,13,bully,1774,1,0,0,11,0,154,0,1,13,29450,1774,0,12,0,0,0,LEADER,1,0,0,11,0,0,0,0,0,0,0,0,0,0,0
30385,20,bully,1855,1,0,0,11,0,154,0,1,20,28530,1855,0,12,0,0,0,LEADER,1,0,0,11,0,0,0,0,0,0,0,0,0,0,0
31017,41,bully,1567,1,0,0,11,0,154,0,1,41,29450,1567,0,12,0,0,0,LEADER,1,0,0,11,0,0,0,0,0,0,0,0,0,0,0
31006,47,bully,1556,1,0,0,11,0,154,0,1,47,29450,1556,0,12,0,0,0,LEADER,1,0,0,11,0,0,0,0,0,0,0,0,0,0,0
30831,95,bully,2301,1,0,0,11,0,154,0,1,95,28530,2301,0,12,0,0,0,LEADER,1,0,0,11,0,0,0,0,0,0,0,0,0,0,0
30695,98,bully,2165,1,0,0,11,0,154,0,1,98,28530,2165,0,12,0,0,0,LEADER,1,0,0,11,0,0,0,0,0,0,0,0,0,0,0
30879,73,bully,2349,1,0,0,11,0,154,0,1,73,28530,2349,0,12,0,0,0,LEADER,1,0,0,11,0,0,0,0,0,0,0,0,0,0,0
31202,33,bully,1752,1,0,0,11,0,154,0,1,33,29450,1752,0,12,0,0,0,LEADER,1,0,0,11,0,0,0,0,0,0,0,0,0,0,0
31172,97,bully,1722,1,0,0,11,0,154,0,1,97,29450,1722,0,12,0,0,0,LEADER,1,0,0,11,0,0,0,0,0,0,0,0,0,0,0
30425,61,bully,1895,1,0,0,11,0,154,0,1,61,28530,1895,0,12,0,0,0,LEADER,1,0,0,11,0,0,0,0,0,0,0,0,0,0,0
31360,29,bully,1910,1,0,0,11,0,154,0,1,29,29450,1910,0,12,0,0,0,LEADER,1,0,0,11,0,0,0,0,0,0,0,0,0,0,0
31372,40,bully,1922,1,0,0,11,0,154,0,1,40,29450,1922,0,12,0,0,0,LEADER,1,0,0,11,0,0,0,0,0,0,0,0,0,0,0
30861,31,bully,2331,1,0,0,11,0,154,0,1,31,28530,2331,0,12,0,0,0,LEADER,1,0,0,11,0,0,0,0,0,0,0,0,0,0,0
31194,96,bully,1744,1,0,0,11,0,154,0,1,96,29450,1744,0,12,0,0,0,LEADER,1,0,0,11,0,0,0,0,0,0,0,0,0,0,0
31275,84,bully,1825,1,0,0,11,0,154,0,1,84,29450,1825,0,12,0,0,0,LEADER,1,0,0,11,0,0,0,0,0,0,0,0,0,0,0
30969,80,bully,1519,1,0,0,11,0,154,0,1,80,29450,1519,0,12,0,0,0,LEADER,1,0,0,11,0,0,0,0,0,0,0,0,0,0,0
30813,53,bully,2283,1,0,0,11,0,154,0,1,53,28530,2283,0,12,0,0,0,LEADER,1,0,0,11,0,0,0,0,0,0,0,0,0,0,0
30888,92,bully,1438,1,0,0,11,0,154,0,1,92,29450,1438,0,12,0,0,0,LEADER,1,0,0,11,0,0,0,0,0,0,0,0,0,0,0
31324,62,bully,1874,1,0,0,11,0,154,0,1,62,29450,1874,0,12,0,0,0,LEADER,1,0,0,11,0,0,0,0,0,0,0,0,0,0,0
31069,91,bully,1619,1,0,0,11,0,154,0,1,91,29450,1619,0,12,0,0,0,LEADER,1,0,0,11,0,0,0,0,0,0,0,0,0,0,0
31021,15,bully,1571,1,0,0,11,0,154,0,1,15,29450,1571,0,12,0,0,0,LEADER,1,0,0,11,0,0,0,0,0,0,0,0,0,0,0
30691,26,bully,2161,1,0,0,11,0,154,0,1,26,28530,2161,0,12,0,0,0,LEADER,1,0,0,11,0,0,0,0,0,0,0,0,0,0,0
31427,49,bully,1977,1,0,0,11,0,154,0,1,49,29450,1977,0,12,0,0,0,LEADER,1,0,0,11,0,0,0,0,0,0,0,0,0,0,0
31242,58,bully,1792,1,0,0,11,0,154,0,1,58,29450,1792,0,12,0,0,0,LEADER,1,0,0,11,0,0,0,0,0,0,0,0,0,0,0
30776,86,bully,2246,1,0,0,11,0,154,0,1,86,28530,2246,0,12,0,0,0,LEADER,1,0,0,11,0,0,0,0,0,0,0,0,0,0,0
30949,50,bully,2419,1,0,0,11,0,154,0,1,50,28530,2419,0,12,0,0,0,LEADER,1,0,0,11,0,0,0,0,0,0,0,0,0,0,0
30801,85,bully,2268,1,0,0,11,0,154,0,1,85,28533,2268,0,12,0,0,0,LEADER,1,0,0,11,0,0,0,0,0,0,0,0,0,0,0
30740,87,bully,2212,1,0,0,11,0,154,0,1,87,28528,2212,0,12,0,0,0,LEADER,1,0,0,11,0,0,0,0,0,0,0,0,0,0,0
30946,64,bully,2416,1,0,0,11,0,154,0,1,64,28530,2416,0,12,0,0,0,LEADER,1,0,0,11,0,0,0,0,0,0,0,0,0,0,0
30884,18,bully,1434,1,0,0,11,0,154,0,1,18,29450,1434,0,12,0,0,0,LEADER,1,0,0,11,0,0,0,0,0,0,0,0,0,0,0
30794,11,bully,2264,1,0,0,11,0,154,0,1,11,28530,2264,0,12,0,0,0,LEADER,1,0,0,11,0,0,0,0,0,0,0,0,0,0,0
31003,90,bully,1553,1,0,0,11,0,154,0,1,90,29450,1553,0,12,0,0,0,LEADER,1,0,0,11,0,0,0,0,0,0,0,0,0,0,0
30897,35,bully,1447,1,0,0,11,0,154,0,1,35,29450,1447,0,12,0,0,0,LEADER,1,0,0,11,0,0,0,0,0,0,0,0,0,0,0
30779,43,bully,2249,1,0,0,11,0,154,0,1,43,28530,2249,0,12,0,0,0,LEADER,1,0,0,11,0,0,0,0,0,0,0,0,0,0,0
30917,28,bully,1467,1,0,0,11,0,154,0,1,28,29450,1467,0,12,0,0,0,LEADER,1,0,0,11,0,0,0,0,0,0,0,0,0,0,0
31591,23,bully,2141,1,0,0,11,0,154,0,1,23,29450,2141,0,12,0,0,0,LEADER,1,0,0,11,0,0,0,0,0,0,0,0,0,0,0
30757,44,bully,2228,1,0,0,11,0,154,0,1,44,28529,2228,0,12,0,0,0,LEADER,1,0,0,11,0,0,0,0,0,0,0,0,0,0,0
30911,30,bully,1461,1,0,0,11,0,154,0,1,30,29450,1461,0,12,0,0,0,LEADER,1,0,0,11,0,0,0,0,0,0,0,0,0,0,0
31309,94,bully,1859,1,0,0,11,0,154,0,1,94,29450,1859,0,12,0,0,0,LEADER,1,0,0,11,0,0,0,0,0,0,0,0,0,0,0
30951,38,bully,1501,1,0,0,11,0,154,0,1,38,29450,1501,0,12,0,0,0,LEADER,1,0,0,11,0,0,0,0,0,0,0,0,0,0,0
31630,66,bully,2180,1,0,0,11,0,154,0,1,66,29450,2180,0,12,0,0,0,LEADER,1,0,0,11,0,0,0,0,0,0,0,0,0,0,0
30936,70,bully,1486,1,0,0,11,0,154,0,1,70,29450,1486,0,12,0,0,0,LEADER,1,0,0,11,0,0,0,0,0,0,0,0,0,0,0
31581,88,bully,2131,1,0,0,11,0,154,0,1,88,29450,2131,0,12,0,0,0,LEADER,1,0,0,11,0,0,0,0,0,0,0,0,0,0,0
30765,75,bully,2235,1,0,0,11,0,154,0,1,75,28530,2235,0,12,0,0,0,LEADER,1,0,0,11,0,0,0,0,0,0,0,0,0,0,0
30773,12,bully,2243,1,0,0,11,0,154,0,1,12,28530,2243,0,12,0,0,0,LEADER,1,0,0,11,0,0,0,0,0,0,0,0,0,0,0
31475,27,bully,2025,1,0,0,11,0,154,0,1,27,29450,2025,0,12,0,0,0,LEADER,1,0,0,11,0,0,0,0,0,0,0,0,0,0,0
30964,42,bully,1514,1,0,0,11,0,154,0,1,42,29450,1514,0,12,0,0,0,LEADER,1,0,0,11,0,0,0,0,0,0,0,0,0,0,0
31611,24,bully,2161,1,0,0,11,0,154,0,1,24,29450,2161,0,12,0,0,0,LEADER,1,0,0,11,0,0,0,0,0,0,0,0,0,0,0
31563,46,bully,2113,1,0,0,11,0,154,0,1,46,29450,2113,0,12,0,0,0,LEADER,1,0,0,11,0,0,0,0,0,0,0,0,0,0,0
31087,34,bully,1637,1,0,0,11,0,154,0,1,34,29450,1637,0,12,0,0,0,LEADER,1,0,0,11,0,0,0,0,0,0,0,0,0,0,0
31460,59,bully,2010,1,0,0,11,0,154,0,1,59,29450,2010,0,12,0,0,0,LEADER,1,0,0,11,0,0,0,0,0,0,0,0,0,0,0
31742,32,bully,2292,1,0,0,11,0,154,0,1,32,29450,2292,0,12,0,0,0,LEADER,1,0,0,11,0,0,0,0,0,0,0,0,0,0,0
31357,72,bully,1907,1,0,0,11,0,154,0,1,72,29450,1907,0,12,0,0,0,LEADER,1,0,0,11,0,0,0,0,0,0,0,0,0,0,0
31766,63,bully,2316,1,0,0,11,0,154,0,1,63,29450,2316,0,12,0,0,0,LEADER,1,0,0,11,0,0,0,0,0,0,0,0,0,0,0
31242,74,bully,1792,1,0,0,11,0,154,0,1,74,29450,1792,0,12,0,0,0,LEADER,1,0,0,11,0,0,0,0,0,0,0,0,0,0,0
30984,48,bully,1534,1,0,0,11,0,154,0,1,48,29450,1534,0,12,0,0,0,LEADER,1,0,0,11,0,0,0,0,0,0,0,0,0,0,0
31445,57,bully,1995,1,0,0,11,0,154,0,1,57,29450,1995,0,12,0,0,0,LEADER,1,0,0,11,0,0,0,0,0,0,0,0,0,0,0
31515,68,bully,2065,1,0,0,11,0,154,0,1,68,29450,2065,0,12,0,0,0,LEADER,1,0,0,11,0,0,0,0,0,0,0,0,0,0,0
30916,45,bully,1466,1,0,0,11,0,154,0,1,45,29450,1466,0,12,0,0,0,LEADER,1,0,0,11,0,0,0,0,0,0,0,0,0,0,0
31273,93,bully,1823,1,0,0,11,0,154,0,1,93,29450,1823,0,12,0,0,0,LEADER,1,0,0,11,0,0,0,0,0,0,0,0,0,0,0
31854,82,bully,2404,1,0,0,11,0,154,0,1,82,29450,2404,0,12,0,0,0,LEADER,1,0,0,11,0,0,0,0,0,0,0,0,0,0,0
31848,51,bully,2398,1,0,0,11,0,154,0,1,51,29450,2398,0,12,0,0,0,LEADER,1,0,0,11,0,0,0,0,0,0,0,0,0,0,0
31393,39,bully,1943,1,0,0,11,0,154,0,1,39,29450,1943,0,12,0,0,0,LEADER,1,0,0,11,0,0,0,0,0,0,0,0,0,0,0
31139,78,bully,1689,1,0,0,11,0,154,0,1,78,29450,1689,0,12,0,0,0,LEADER,1,0,0,11,0,0,0,0,0,0,0,0,0,0,0
31527,79,bully,2077,1,0,0,11,0,154,0,1,79,29450,2077,0,12,0,0,0,LEADER,1,0,0,11,0,0,0,0,0,0,0,0,0,0,0
31102,14,bully,1652,1,0,0,11,0,154,0,1,14,29450,1652,0,12,0,0,0,LEADER,1,0,0,11,0,0,0,0,0,0,0,0,0,0,0
31529,36,bully,2080,1,0,0,11,0,154,0,1,36,29449,2080,0,12,0,0,0,LEADER,1,0,0,11,0,0,0,0,0,0,0,0,0,0,0
31412,81,bully,1962,1,0,0,11,0,154,0,1,81,29450,1962,0,12,0,0,0,LEADER,1,0,0,11,0,0,0,0,0,0,0,0,0,0,0
31072,67,bully,1622,1,0,0,11,0,154,0,1,67,29450,1622,0,12,0,0,0,LEADER,1,0,0,11,0,0,0,0,0,0,0,0,0,0,0
31833,83,bully,2383,1,0,0,11,0,154,0,1,83,29450,2383,0,12,0,0,0,LEADER,1,0,0,11,0,0,0,0,0,0,0,0,0,0,0
31978,99,bully,1607,1,0,0,12,0,168,0,1,99,30371,1607,0,13,0,0,0,LEADER,1,0,0,12,0,0,0,0,0,0,0,0,0,0,0
31154,55,bully,1704,1,0,0,11,0,154,0,1,55,29450,1704,0,12,0,0,0,LEADER,1,0,0,11,0,0,0,0,0,0,0,0,0,0,0
31945,89,bully,1574,1,0,0,12,0,168,0,1,89,30371,1574,0,13,0,0,0,LEADER,1,0,0,12,0,0,0,0,0,0,0,0,0,0,0
31106,77,bully,1656,1,0,0,11,0,154,0,1,77,29450,1656,0,12,0,0,0,LEADER,1,0,0,11,0,0,0,0,0,0,0,0,0,0,0
31378,71,bully,1928,1,0,0,11,0,154,0,1,71,29450,1928,0,12,0,0,0,LEADER,1,0,0,11,0,0,0,0,0,0,0,0,0,0,0
31290,52,bully,1840,1,0,0,11,0,154,0,1,52,29450,1840,0,12,0,0,0,LEADER,1,0,0,11,0,0,0,0,0,0,0,0,0,0,0
31661,76,bully,2213,1,0,0,11,0,154,0,1,76,29448,2213,0,12,0,0,0,LEADER,1,0,0,11,0,0,0,0,0,0,0,0,0,0,0
31257,10,bully,1807,1,0,0,11,0,154,0,1,10,29450,1807,0,12,0,0,0,LEADER,1,0,0,11,0,0,0,0,0,0,0,0,0,0,0
31190,22,bully,1740,1,0,0,11,0,154,0,1,22,29450,1740,0,12,0,0,0,LEADER,1,0,0,11,0,0,0,0,0,0,0,0,0,0,0
31339,21,bully,1889,1,0,0,11,0,154,0,1,21,29450,1889,0,12,0,0,0,LEADER,1,0,0,11,0,0,0,0,0,0,0,0,0,0,0
31596,56,bully,2146,1,0,0,11,0,154,0,1,56,29450,2146,0,12,0,0,0,LEADER,1,0,0,11,0,0,0,0,0,0,0,0,0,0,0
31121,60,bully,1671,1,0,0,11,0,154,0,1,60,29450,1671,0,12,0,0,0,LEADER,1,0,0,11,0,0,0,0,0,0,0,0,0,0,0
31975,25,bully,1604,1,0,0,12,0,168,0,1,25,30371,1604,0,13,0,0,0,LEADER,1,0,0,12,0,0,0,0,0,0,0,0,0,0,0
31187,65,bully,1737,1,0,0,11,0,154,0,1,65,29450,1737,0,12,0,0,0,LEADER,1,0,0,11,0,0,0,0,0,0,0,0,0,0,0
31863,19,bully,2413,1,0,0,11,0,154,0,1,19,29450,2413,0,12,0,0,0,LEADER,1,0,0,11,0,0,0,0,0,0,0,0,0,0,0
31493,69,bully,2043,1,0,0,11,0,154,0,1,69,29450,2043,0,12,0,0,0,LEADER,1,0,0,11,0,0,0,0,0,0,0,0,0,0,0
32096,54,bully,1725,1,0,0,12,0,168,0,1,54,30371,1725,0,13,0,0,0,LEADER,1,0,0,12,0,0,0,0,0,0,0,0,0,0,0
31442,17,bully,1992,1,0,0,11,0,154,0,1,17,29450,1992,0,12,0,0,0,LEADER,1,0,0,11,0,0,0,0,0,0,0,0,0,0,0
31957,100,bully,1586,1,0,0,12,0,168,0,1,100,30371,1586,0,13,0,0,0,LEADER,1,0,0,12,0,0,0,0,0,0,0,0,0,0,0
31920,16,bully,1549,1,0,0,12,0,168,0,1,16,30371,1549,0,13,0,0,0,LEADER,1,0,0,12,0,0,0,0,0,0,0,0,0,0,0
31508,37,bully,2058,1,0,0,11,0,154,0,1,37,29450,2058,0,12,0,0,0,LEADER,1,0,0,11,0,0,0,0,0,0,0,0,0,0,0
32145,13,bully,1774,1,0,0,12,0,168,0,1,13,30371,1774,0,13,0,0,0,LEADER,1,0,0,12,0,0,0,0,0,0,0,0,0,0,0
31305,20,bully,1855,1,0,0,11,0,154,0,1,20,29450,1855,0,12,0,0,0,LEADER,1,0,0,11,0,0,0,0,0,0,0,0,0,0,0
31938,41,bully,1567,1,0,0,12,0,168,0,1,41,30371,1567,0,13,0,0,0,LEADER,1,0,0,12,0,0,0,0,0,0,0,0,0,0,0
31792,1,bully,2293,1,0,0,6,7,84,98,1,1,29499,2293,0,5,0,0,0,LEADER,1,0,0,6,0,0,0,7,0,0,0,0,0,0,0
31927,47,bully,1556,1,0,0,12,0,168,0,1,47,30371,1556,0,13,0,0,0,LEADER,1,0,0,12,0,0,0,0,0,0,0,0,0,0,0
31751,95,bully,2301,1,0,0,11,0,154,0,1,95,29450,2301,0,12,0,0,0,LEADER,1,0,0,11,0,0,0,0,0,0,0,0,0,0,0
31615,98,bully,2165,1,0,0,11,0,154,0,1,98,29450,2165,0,12,0,0,0,LEADER,1,0,0,11,0,0,0,0,0,0,0,0,0,0,0
31799,73,bully,2349,1,0,0,11,0,154,0,1,73,29450,2349,0,12,0,0,0,LEADER,1,0,0,11,0,0,0,0,0,0,0,0,0,0,0
31345,61,bully,1895,1,0,0,11,0,154,0,1,61,29450,1895,0,12,0,0,0,LEADER,1,0,0,11,0,0,0,0,0,0,0,0,0,0,0
32093,97,bully,1722,1,0,0,12,0,168,0,1,97,30371,1722,0,13,0,0,0,LEADER,1,0,0,12,0,0,0,0,0,0,0,0,0,0,0
32123,33,bully,1752,1,0,0,12,0,168,0,1,33,30371,1752,0,13,0,0,0,LEADER,1,0,0,12,0,0,0,0,0,0,0,0,0,0,0
31781,31,bully,2331,1,0,0,11,0,154,0,1,31,29450,2331,0,12,0,0,0,LEADER,1,0,0,11,0,0,0,0,0,0,0,0,0,0,0
32281,29,bully,1910,1,0,0,12,0,168,0,1,29,30371,1910,0,13,0,0,0,LEADER,1,0,0,12,0,0,0,0,0,0,0,0,0,0,0
32293,40,bully,1922,1,0,0,12,0,168,0,1,40,30371,1922,0,13,0,0,0,LEADER,1,0,0,12,0,0,0,0,0,0,0,0,0,0,0
32115,96,bully,1744,1,0,0,12,0,168,0,1,96,30371,1744,0,13,0,0,0,LEADER,1,0,0,12,0,0,0,0,0,0,0,0,0,0,0
32196,84,bully,1825,1,0,0,12,0,168,0,1,84,30371,1825,0,13,0,0,0,LEADER,1,0,0,12,0,0,0,0,0,0,0,0,0,0,0
31890,80,bully,1519,1,0,0,12,0,168,0,1,80,30371,1519,0,13,0,0,0,LEADER,1,0,0,12,0,0,0,0,0,0,0,0,0,0,0
31733,53,bully,2283,1,0,0,11,0,154,0,1,53,29450,2283,0,12,0,0,0,LEADER,1,0,0,11,0,0,0,0,0,0,0,0,0,0,0
31809,92,bully,1438,1,0,0,12,0,168,0,1,92,30371,1438,0,13,0,0,0,LEADER,1,0,0,12,0,0,0,0,0,0,0,0,0,0,0
32245,62,bully,1874,1,0,0,12,0,168,0,1,62,30371,1874,0,13,0,0,0,LEADER,1,0,0,12,0,0,0,0,0,0,0,0,0,0,0
31990,91,bully,1619,1,0,0,12,0,168,0,1,91,30371,1619,0,13,0,0,0,LEADER,1,0,0,12,0,0,0,0,0,0,0,0,0,0,0
31942,15,bully,1571,1,0,0,12,0,168,0,1,15,30371,1571,0,13,0,0,0,LEADER,1,0,0,12,0,0,0,0,0,0,0,0,0,0,0
31611,26,bully,2161,1,0,0,11,0,154,0,1,26,29450,2161,0,12,0,0,0,LEADER,1,0,0,11,0,0,0,0,0,0,0,0,0,0,0
32348,49,bully,1977,1,0,0,12,0,168,0,1,49,30371,1977,0,13,0,0,0,LEADER,1,0,0,12,0,0,0,0,0,0,0,0,0,0,0
32163,58,bully,1792,1,0,0,12,0,168,0,1,58,30371,1792,0,13,0,0,0,LEADER,1,0,0,12,0,0,0,0,0,0,0,0,0,0,0
31696,86,bully,2246,1,0,0,11,0,154,0,1,86,29450,2246,0,12,0,0,0,LEADER,1,0,0,11,0,0,0,0,0,0,0,0,0,0,0
31869,50,bully,2419,1,0,0,11,0,154,0,1,50,29450,2419,0,12,0,0,0,LEADER,1,0,0,11,0,0,0,0,0,0,0,0,0,0,0
31721,85,bully,2268,1,0,0,11,0,154,0,1,85,29453,2268,0,12,0,0,0,LEADER,1,0,0,11,0,0,0,0,0,0,0,0,0,0,0
31660,87,bully,2212,1,0,0,11,0,154,0,1,87,29448,2212,0,12,0,0,0,LEADER,1,0,0,11,0,0,0,0,0,0,0,0,0,0,0
31866,64,bully,2416,1,0,0,11,0,154,0,1,64,29450,2416,0,12,0,0,0,LEADER,1,0,0,11,0,0,0,0,0,0,0,0,0,0,0
31714,11,bully,2264,1,0,0,11,0,154,0,1,11,29450,2264,0,12,0,0,0,LEADER,1,0,0,11,0,0,0,0,0,0,0,0,0,0,0
31805,18,bully,1434,1,0,0,12,0,168,0,1,18,30371,1434,0,13,0,0,0,LEADER,1,0,0,12,0,0,0,0,0,0,0,0,0,0,0
31924,90,bully,1553,1,0,0,12,0,168,0,1,90,30371,1553,0,13,0,0,0,LEADER,1,0,0,12,0,0,0,0,0,0,0,0,0,0,0
31818,35,bully,1447,1,0,0,12,0,168,0,1,35,30371,1447,0,13,0,0,0,LEADER,1,0,0,12,0,0,0,0,0,0,0,0,0,0,0
31699,43,bully,2249,1,0,0,11,0,154,0,1,43,29450,2249,0,12,0,0,0,LEADER,1,0,0,11,0,0,0,0,0,0,0,0,0,0,0
31838,28,bully,1467,1,0,0,12,0,168,0,1,28,30371,1467,0,13,0,0,0,LEADER,1,0,0,12,0,0,0,0,0,0,0,0,0,0,0
31677,44,bully,2228,1,0,0,11,0,154,0,1,44,29449,2228,0,12,0,0,0,LEADER,1,0,0,11,0,0,0,0,0,0,0,0,0,0,0
32512,23,bully,2141,1,0,0,12,0,168,0,1,23,30371,2141,0,13,0,0,0,LEADER,1,0,0,12,0,0,0,0,0,0,0,0,0,0,0
31832,30,bully,1461,1,0,0,12,0,168,0,1,30,30371,1461,0,13,0,0,0,LEADER,1,0,0,12,0,0,0,0,0,0,0,0,0,0,0
32230,94,bully,1859,1,0,0,12,0,168,0,1,94,30371,1859,0,13,0,0,0,LEADER,1,0,0,12,0,0,0,0,0,0,0,0,0,0,0
31872,38,bully,1501,1,0,0,12,0,168,0,1,38,30371,1501,0,13,0,0,0,LEADER,1,0,0,12,0,0,0,0,0,0,0,0,0,0,0
32551,66,bully,2180,1,0,0,12,0,168,0,1,66,30371,2180,0,13,0,0,0,LEADER,1,0,0,12,0,0,0,0,0,0,0,0,0,0,0
31857,70,bully,1486,1,0,0,12,0,168,0,1,70,30371,1486,0,13,0,0,0,LEADER,1,0,0,12,0,0,0,0,0,0,0,0,0,0,0
32502,88,bully,2131,1,0,0,12,0,168,0,1,88,30371,2131,0,13,0,0,0,LEADER,1,0,0,12,0,0,0,0,0,0,0,0,0,0,0
31685,75,bully,2235,1,0,0,11,0,154,0,1,75,29450,2235,0,12,0,0,0,LEADER,1,0,0,11,0,0,0,0,0,0,0,0,0,0,0
31693,12,bully,2243,1,0,0,11,0,154,0,1,12,29450,2243,0,12,0,0,0,LEADER,1,0,0,11,0,0,0,0,0,0,0,0,0,0,0
32396,27,bully,2025,1,0,0,12,0,168,0,1,27,30371,2025,0,13,0,0,0,LEADER,1,0,0,12,0,0,0,0,0,0,0,0,0,0,0
31885,42,bully,1514,1,0,0,12,0,168,0,1,42,30371,1514,0,13,0,0,0,LEADER,1,0,0,12,0,0,0,0,0,0,0,0,0,0,0
32532,24,bully,2161,1,0,0,12,0,168,0,1,24,30371,2161,0,13,0,0,0,LEADER,1,0,0,12,0,0,0,0,0,0,0,0,0,0,0
32484,46,bully,2113,1,0,0,12,0,168,0,1,46,30371,2113,0,13,0,0,0,LEADER,1,0,0,12,0,0,0,0,0,0,0,0,0,0,0
32008,34,bully,1637,1,0,0,12,0,168,0,1,34,30371,1637,0,13,0,0,0,LEADER,1,0,0,12,0,0,0,0,0,0,0,0,0,0,0
32381,59,bully,2010,1,0,0,12,0,168,0,1,59,30371,2010,0,13,0,0,0,LEADER,1,0,0,12,0,0,0,0,0,0,0,0,0,0,0
32663,32,bully,2292,1,0,0,12,0,168,0,1,32,30371,2292,0,13,0,0,0,LEADER,1,0,0,12,0,0,0,0,0,0,0,0,0,0,0
32278,72,bully,1907,1,0,0,12,0,168,0,1,72,30371,1907,0,13,0,0,0,LEADER,1,0,0,12,0,0,0,0,0,0,0,0,0,0,0
32687,63,bully,2316,1,0,0,12,0,168,0,1,63,30371,2316,0,13,0,0,0,LEADER,1,0,0,12,0,0,0,0,0,0,0,0,0,0,0
32163,74,bully,1792,1,0,0,12,0,168,0,1,74,30371,1792,0,13,0,0,0,LEADER,1,0,0,12,0,0,0,0,0,0,0,0,0,0,0
31905,48,bully,1534,1,0,0,12,0,168,0,1,48,30371,1534,0,13,0,0,0,LEADER,1,0,0,12,0,0,0,0,0,0,0,0,0,0,0
32366,57,bully,1995,1,0,0,12,0,168,0,1,57,30371,1995,0,13,0,0,0,LEADER,1,0,0,12,0,0,0,0,0,0,0,0,0,0,0
32436,68,bully,2065,1,0,0,12,0,168,0,1,68,30371,2065,0,13,0,0,0,LEADER,1,0,0,12,0,0,0,0,0,0,0,0,0,0,0
31837,45,bully,1466,1,0,0,12,0,168,0,1,45,30371,1466,0,13,0,0,0,LEADER,1,0,0,12,0,0,0,0,0,0,0,0,0,0,0
32194,93,bully,1823,1,0,0,12,0,168,0,1,93,30371,1823,0,13,0,0,0,LEADER,1,0,0,12,0,0,0,0,0,0,0,0,0,0,0
32775,82,bully,2404,1,0,0,12,0,168,0,1,82,30371,2404,0,13,0,0,0,LEADER,1,0,0,12,0,0,0,0,0,0,0,0,0,0,0
32769,51,bully,2398,1,0,0,12,0,168,0,1,51,30371,2398,0,13,0,0,0,LEADER,1,0,0,12,0,0,0,0,0,0,0,0,0,0,0
32314,39,bully,1943,1,0,0,12,0,168,0,1,39,30371,1943,0,13,0,0,0,LEADER,1,0,0,12,0,0,0,0,0,0,0,0,0,0,0
32060,78,bully,1689,1,0,0,12,0,168,0,1,78,30371,1689,0,13,0,0,0,LEADER,1,0,0,12,0,0,0,0,0,0,0,0,0,0,0
32448,79,bully,2077,1,0,0,12,0,168,0,1,79,30371,2077,0,13,0,0,0,LEADER,1,0,0,12,0,0,0,0,0,0,0,0,0,0,0
32023,14,bully,1652,1,0,0,12,0,168,0,1,14,30371,1652,0,13,0,0,0,LEADER,1,0,0,12,0,0,0,0,0,0,0,0,0,0,0
32450,36,bully,2080,1,0,0,12,0,168,0,1,36,30370,2080,0,13,0,0,0,LEADER,1,0,0,12,0,0,0,0,0,0,0,0,0,0,0
32333,81,bully,1962,1,0,0,12,0,168,0,1,81,30371,1962,0,13,0,0,0,LEADER,1,0,0,12,0,0,0,0,0,0,0,0,0,0,0
31993,67,bully,1622,1,0,0,12,0,168,0,1,67,30371,1622,0,13,0,0,0,LEADER,1,0,0,12,0,0,0,0,0,0,0,0,0,0,0
32754,83,bully,2383,1,0,0,12,0,168,0,1,83,30371,2383,0,13,0,0,0,LEADER,1,0,0,12,0,0,0,0,0,0,0,0,0,0,0
32898,99,bully,1607,1,0,0,12,0,168,0,1,99,31291,1607,0,13,0,0,0,LEADER,1,0,0,12,0,0,0,0,0,0,0,0,0,0,0
32075,55,bully,1704,1,0,0,12,0,168,0,1,55,30371,1704,0,13,0,0,0,LEADER,1,0,0,12,0,0,0,0,0,0,0,0,0,0,0
32865,89,bully,1574,1,0,0,12,0,168,0,1,89,31291,1574,0,13,0,0,0,LEADER,1,0,0,12,0,0,0,0,0,0,0,0,0,0,0
32027,77,bully,1656,1,0,0,12,0,168,0,1,77,30371,1656,0,13,0,0,0,LEADER,1,0,0,12,0,0,0,0,0,0,0,0,0,0,0
32299,71,bully,1928,1,0,0,12,0,168,0,1,71,30371,1928,0,13,0,0,0,LEADER,1,0,0,12,0,0,0,0,0,0,0,0,0,0,0
32211,52,bully,1840,1,0,0,12,0,168,0,1,52,30371,1840,0,13,0,0,0,LEADER,1,0,0,12,0,0,0,0,0,0,0,0,0,0,0
32582,76,bully,2213,1,0,0,12,0,168,0,1,76,30369,2213,0,13,0,0,0,LEADER,1,0,0,12,0,0,0,0,0,0,0,0,0,0,0
32178,10,bully,1807,1,0,0,12,0,168,0,1,10,30371,1807,0,13,0,0,0,LEADER,1,0,0,12,0,0,0,0,0,0,0,0,0,0,0
32111,22,bully,1740,1,0,0,12,0,168,0,1,22,30371,1740,0,13,0,0,0,LEADER,1,0,0,12,0,0,0,0,0,0,0,0,0,0,0
32260,21,bully,1889,1,0,0,12,0,168,0,1,21,30371,1889,0,13,0,0,0,LEADER,1,0,0,12,0,0,0,0,0,0,0,0,0,0,0
32517,56,bully,2146,1,0,0,12,0,168,0,1,56,30371,2146,0,13,0,0,0,LEADER,1,0,0,12,0,0,0,0,0,0,0,0,0,0,0
32042,60,bully,1671,1,0,0,12,0,168,0,1,60,30371,1671,0,13,0,0,0,LEADER,1,0,0,12,0,0,0,0,0,0,0,0,0,0,0
32895,25,bully,1604,1,0,0,12,0,168,0,1,25,31291,1604,0,13,0,0,0,LEADER,1,0,0,12,0,0,0,0,0,0,0,0,0,0,0
32108,65,bully,1737,1,0,0,12,0,168,0,1,65,30371,1737,0,13,0,0,0,LEADER,1,0,0,12,0,0,0,0,0,0,0,0,0,0,0
32784,19,bully,2413,1,0,0,12,0,168,0,1,19,30371,2413,0,13,0,0,0,LEADER,1,0,0,12,0,0,0,0,0,0,0,0,0,0,0
32414,69,bully,2043,1,0,0,12,0,168,0,1,69,30371,2043,0,13,0,0,0,LEADER,1,0,0,12,0,0,0,0,0,0,0,0,0,0,0
33016,54,bully,1725,1,0,0,12,0,168,0,1,54,31291,1725,0,13,0,0,0,LEADER,1,0,0,12,0,0,0,0,0,0,0,0,0,0,0
32363,17,bully,1992,1,0,0,12,0,168,0,1,17,30371,1992,0,13,0,0,0,LEADER,1,0,0,12,0,0,0,0,0,0,0,0,0,0,0
32877,100,bully,1586,1,0,0,12,0,168,0,1,100,31291,1586,0,13,0,0,0,LEADER,1,0,0,12,0,0,0,0,0,0,0,0,0,0,0
32840,16,bully,1549,1,0,0,12,0,168,0,1,16,31291,1549,0,13,0,0,0,LEADER,1,0,0,12,0,0,0,0,0,0,0,0,0,0,0
32429,37,bully,2058,1,0,0,12,0,168,0,1,37,30371,2058,0,13,0,0,0,LEADER,1,0,0,12,0,0,0,0,0,0,0,0,0,0,0
33065,13,bully,1774,1,0,0,12,0,168,0,1,13,31291,1774,0,13,0,0,0,LEADER,1,0,0,12,0,0,0,0,0,0,0,0,0,0,0
32226,20,bully,1855,1,0,0,12,0,168,0,1,20,30371,1855,0,13,0,0,0,LEADER,1,0,0,12,0,0,0,0,0,0,0,0,0,0,0
32858,41,bully,1567,1,0,0,12,0,168,0,1,41,31291,1567,0,13,0,0,0,LEADER,1,0,0,12,0,0,0,0,0,0,0,0,0,0,0
32847,47,bully,1556,1,0,0,12,0,168,0,1,47,31291,1556,0,13,0,0,0,LEADER,1,0,0,12,0,0,0,0,0,0,0,0,0,0,0
32672,95,bully,2301,1,0,0,12,0,168,0,1,95,30371,2301,0,13,0,0,0,LEADER,1,0,0,12,0,0,0,0,0,0,0,0,0,0,0
32536,98,bully,2165,1,0,0,12,0,168,0,1,98,30371,2165,0,13,0,0,0,LEADER,1,0,0,12,0,0,0,0,0,0,0,0,0,0,0
32720,73,bully,2349,1,0,0,12,0,168,0,1,73,30371,2349,0,13,0,0,0,LEADER,1,0,0,12,0,0,0,0,0,0,0,0,0,0,0
33043,33,bully,1752,1,0,0,12,0,168,0,1,33,31291,1752,0,13,0,0,0,LEADER,1,0,0,12,0,0,0,0,0,0,0,0,0,0,0
32266,61,bully,1895,1,0,0,12,0,168,0,1,61,30371,1895,0,13,0,0,0,LEADER,1,0,0,12,0,0,0,0,0,0,0,0,0,0,0
33013,97,bully,1722,1,0,0,12,0,168,0,1,97,31291,1722,0,13,0,0,0,LEADER,1,0,0,12,0,0,0,0,0,0,0,0,0,0,0
33201,29,bully,1910,1,0,0,12,0,168,0,1,29,31291,1910,0,13,0,0,0,LEADER,1,0,0,12,0,0,0,0,0,0,0,0,0,0,0
33213,40,bully,1922,1,0,0,12,0,168,0,1,40,31291,1922,0,13,0,0,0,LEADER,1,0,0,12,0,0,0,0,0,0,0,0,0,0,0
32702,31,bully,2331,1,0,0,12,0,168,0,1,31,30371,2331,0,13,0,0,0,LEADER,1,0,0,12,0,0,0,0,0,0,0,0,0,0,0
33035,96,bully,1744,1,0,0,12,0,168,0,1,96,31291,1744,0,13,0,0,0,LEADER,1,0,0,12,0,0,0,0,0,0,0,0,0,0,0
33116,84,bully,1825,1,0,0,12,0,168,0,1,84,31291,1825,0,13,0,0,0,LEADER,1,0,0,12,0,0,0,0,0,0,0,0,0,0,0
32810,80,bully,1519,1,0,0,12,0,168,0,1,80,31291,1519,0,13,0,0,0,LEADER,1,0,0,12,0,0,0,0,0,0,0,0,0,0,0
32654,53,bully,2283,1,0,0,12,0,168,0,1,53,30371,2283,0,13,0,0,0,LEADER,1,0,0,12,0,0,0,0,0,0,0,0,0,0,0
32729,92,bully,1438,1,0,0,12,0,168,0,1,92,31291,1438,0,13,0,0,0,LEADER,1,0,0,12,0,0,0,0,0,0,0,0,0,0,0
33165,62,bully,1874,1,0,0,12,0,168,0,1,62,31291,1874,0,13,0,0,0,LEADER,1,0,0,12,0,0,0,0,0,0,0,0,0,0,0
32910,91,bully,1619,1,0,0,12,0,168,0,1,91,31291,1619,0,13,0,0,0,LEADER,1,0,0,12,0,0,0,0,0,0,0,0,0,0,0
32862,15,bully,1571,1,0,0,12,0,168,0,1,15,31291,1571,0,13,0,0,0,LEADER,1,0,0,12,0,0,0,0,0,0,0,0,0,0,0
32532,26,bully,2161,1,0,0,12,0,168,0,1,26,30371,2161,0,13,0,0,0,LEADER,1,0,0,12,0,0,0,0,0,0,0,0,0,0,0
33268,49,bully,1977,1,0,0,12,0,168,0,1,49,31291,1977,0,13,0,0,0,LEADER,1,0,0,12,0,0,0,0,0,0,0,0,0,0,0
33083,58,bully,1792,1,0,0,12,0,168,0,1,58,31291,1792,0,13,0,0,0,LEADER,1,0,0,12,0,0,0,0,0,0,0,0,0,0,0
32617,86,bully,2246,1,0,0,12,0,168,0,1,86,30371,2246,0,13,0,0,0,LEADER,1,0,0,12,0,0,0,0,0,0,0,0,0,0,0
32790,50,bully,2419,1,0,0,12,0,168,0,1,50,30371,2419,0,13,0,0,0,LEADER,1,0,0,12,0,0,0,0,0,0,0,0,0,0,0
32642,85,bully,2268,1,0,0,12,0,168,0,1,85,30374,2268,0,13,0,0,0,LEADER,1,0,0,12,0,0,0,0,0,0,0,0,0,0,0
32581,87,bully,2212,1,0,0,12,0,168,0,1,87,30369,2212,0,13,0,0,0,LEADER,1,0,0,12,0,0,0,0,0,0,0,0,0,0,0
32787,64,bully,2416,1,0,0,12,0,168,0,1,64,30371,2416,0,13,0,0,0,LEADER,1,0,0,12,0,0,0,0,0,0,0,0,0,0,0
32725,18,bully,1434,1,0,0,12,0,168,0,1,18,31291,1434,0,13,0,0,0,LEADER,1,0,0,12,0,0,0,0,0,0,0,0,0,0,0
32635,11,bully,2264,1,0,0,12,0,168,0,1,11,30371,2264,0,13,0,0,0,LEADER,1,0,0,12,0,0,0,0,0,0,0,0,0,0,0
32844,90,bully,1553,1,0,0,12,0,168,0,1,90,31291,1553,0,13,0,0,0,LEADER,1,0,0,12,0,0,0,0,0,0,0,0,0,0,0
32738,35,bully,1447,1,0,0,12,0,168,0,1,35,31291,1447,0,13,0,0,0,LEADER,1,0,0,12,0,0,0,0,0,0,0,0,0,0,0
32620,43,bully,2249,1,0,0,12,0,168,0,1,43,30371,2249,0,13,0,0,0,LEADER,1,0,0,12,0,0,0,0,0,0,0,0,0,0,0
32758,28,bully,1467,1,0,0,12,0,168,0,1,28,31291,1467,0,13,0,0,0,LEADER,1,0,0,12,0,0,0,0,0,0,0,0,0,0,0
33432,23,bully,2141,1,0,0,12,0,168,0,1,23,31291,2141,0,13,0,0,0,LEADER,1,0,0,12,0,0,0,0,0,0,0,0,0,0,0
32598,44,bully,2228,1,0,0,12,0,168,0,1,44,30370,2228,0,13,0,0,0,LEADER,1,0,0,12,0,0,0,0,0,0,0,0,0,0,0
32752,30,bully,1461,1,0,0,12,0,168,0,1,30,31291,1461,0,13,0,0,0,LEADER,1,0,0,12,0,0,0,0,0,0,0,0,0,0,0
33150,94,bully,1859,1,0,0,12,0,168,0,1,94,31291,1859,0,13,0,0,0,LEADER,1,0,0,12,0,0,0,0,0,0,0,0,0,0,0
32792,38,bully,1501,1,0,0,12,0,168,0,1,38,31291,1501,0,13,0,0,0,LEADER,1,0,0,12,0,0,0,0,0,0,0,0,0,0,0
33471,66,bully,2180,1,0,0,12,0,168,0,1,66,31291,2180,0,13,0,0,0,LEADER,1,0,0,12,0,0,0,0,0,0,0,0,0,0,0
32777,70,bully,1486,1,0,0,12,0,168,0,1,70,31291,1486,0,13,0,0,0,LEADER,1,0,0,12,0,0,0,0,0,0,0,0,0,0,0
33422,88,bully,2131,1,0,0,12,0,168,0,1,88,31291,2131,0,13,0,0,0,LEADER,1,0,0,12,0,0,0,0,0,0,0,0,0,0,0
32606,75,bully,2235,1,0,0,12,0,168,0,1,75,30371,2235,0,13,0,0,0,LEADER,1,0,0,12,0,0,0,0,0,0,0,0,0,0,0
32614,12,bully,2243,1,0,0,12,0,168,0,1,12,30371,2243,0,13,0,0,0,LEADER,1,0,0,12,0,0,0,0,0,0,0,0,0,0,0
33316,27,bully,2025,1,0,0,12,0,168,0,1,27,31291,2025,0,13,0,0,0,LEADER,1,0,0,12,0,0,0,0,0,0,0,0,0,0,0
32805,42,bully,1514,1,0,0,12,0,168,0,1,42,31291,1514,0,13,0,0,0,LEADER,1,0,0,12,0,0,0,0,0,0,0,0,0,0,0
33452,24,bully,2161,1,0,0,12,0,168,0,1,24,31291,2161,0,13,0,0,0,LEADER,1,0,0,12,0,0,0,0,0,0,0,0,0,0,0
33404,46,bully,2113,1,0,0,12,0,168,0,1,46,31291,2113,0,13,0,0,0,LEADER,1,0,0,12,0,0,0,0,0,0,0,0,0,0,0
32928,34,bully,1637,1,0,0,12,0,168,0,1,34,31291,1637,0,13,0,0,0,LEADER,1,0,0,12,0,0,0,0,0,0,0,0,0,0,0
33301,59,bully,2010,1,0,0,12,0,168,0,1,59,31291,2010,0,13,0,0,0,LEADER,1,0,0,12,0,0,0,0,0,0,0,0,0,0,0
33583,32,bully,2292,1,0,0,12,0,168,0,1,32,31291,2292,0,13,0,0,0,LEADER,1,0,0,12,0,0,0,0,0,0,0,0,0,0,0
33198,72,bully,1907,1,0,0,12,0,168,0,1,72,31291,1907,0,13,0,0,0,LEADER,1,0,0,12,0,0,0,0,0,0,0,0,0,0,0
33607,63,bully,2316,1,0,0,12,0,168,0,1,63,31291,2316,0,13,0,0,0,LEADER,1,0,0,12,0,0,0,0,0,0,0,0,0,0,0
33083,74,bully,1792,1,0,0,12,0,168,0,1,74,31291,1792,0,13,0,0,0,LEADER,1,0,0,12,0,0,0,0,0,0,0,0,0,0,0
32825,48,bully,1534,1,0,0,12,0,168,0,1,48,31291,1534,0,13,0,0,0,LEADER,1,0,0,12,0,0,0,0,0,0,0,0,0,0,0
33286,57,bully,1995,1,0,0,12,0,168,0,1,57,31291,1995,0,13,0,0,0,LEADER,1,0,0,12,0,0,0,0,0,0,0,0,0,0,0
33356,68,bully,2065,1,0,0,12,0,168,0,1,68,31291,2065,0,13,0,0,0,LEADER,1,0,0,12,0,0,0,0,0,0,0,0,0,0,0
32757,45,bully,1466,1,0,0,12,0,168,0,1,45,31291,1466,0,13,0,0,0,LEADER,1,0,0,12,0,0,0,0,0,0,0,0,0,0,0
33114,93,bully,1823,1,0,0,12,0,168,0,1,93,31291,1823,0,13,0,0,0,LEADER,1,0,0,12,0,0,0,0,0,0,0,0,0,0,0
33695,82,bully,2404,1,0,0,12,0,168,0,1,82,31291,2404,0,13,0,0,0,LEADER,1,0,0,12,0,0,0,0,0,0,0,0,0,0,0
33689,51,bully,2398,1,0,0,12,0,168,0,1,51,31291,2398,0,13,0,0,0,LEADER,1,0,0,12,0,0,0,0,0,0,0,0,0,0,0
33234,39,bully,1943,1,0,0,12,0,168,0,1,39,31291,1943,0,13,0,0,0,LEADER,1,0,0,12,0,0,0,0,0,0,0,0,0,0,0
32980,78,bully,1689,1,0,0,12,0,168,0,1,78,31291,1689,0,13,0,0,0,LEADER,1,0,0,12,0,0,0,0,0,0,0,0,0,0,0
33368,79,bully,2077,1,0,0,12,0,168,0,1,79,31291,2077,0,13,0,0,0,LEADER,1,0,0,12,0,0,0,0,0,0,0,0,0,0,0
32943,14,bully,1652,1,0,0,12,0,168,0,1,14,31291,1652,0,13,0,0,0,LEADER,1,0,0,12,0,0,0,0,0,0,0,0,0,0,0
33370,36,bully,2080,1,0,0,12,0,168,0,1,36,31290,2080,0,13,0,0,0,LEADER,1,0,0,12,0,0,0,0,0,0,0,0,0,0,0
33253,81,bully,1962,1,0,0,12,0,168,0,1,81,31291,1962,0,13,0,0,0,LEADER,1,0,0,12,0,0,0,0,0,0,0,0,0,0,0
32913,67,bully,1622,1,0,0,12,0,168,0,1,67,31291,1622,0,13,0,0,0,LEADER,1,0,0,12,0,0,0,0,0,0,0,0,0,0,0
33674,83,bully,2383,1,0,0,12,0,168,0,1,83,31291,2383,0,13,0,0,0,LEADER,1,0,0,12,0,0,0,0,0,0,0,0,0,0,0
33818,99,bully,1607,1,0,0,12,0,168,0,1,99,32211,1607,0,13,0,0,0,LEADER,1,0,0,12,0,0,0,0,0,0,0,0,0,0,0
32995,55,bully,1704,1,0,0,12,0,168,0,1,55,31291,1704,0,13,0,0,0,LEADER,1,0,0,12,0,0,0,0,0,0,0,0,0,0,0
33785,89,bully,1574,1,0,0,12,0,168,0,1,89,32211,1574,0,13,0,0,0,LEADER,1,0,0,12,0,0,0,0,0,0,0,0,0,0,0
32947,77,bully,1656,1,0,0,12,0,168,0,1,77,31291,1656,0,13,0,0,0,LEADER,1,0,0,12,0,0,0,0,0,0,0,0,0,0,0
33219,71,bully,1928,1,0,0,12,0,168,0,1,71,31291,1928,0,13,0,0,0,LEADER,1,0,0,12,0,0,0,0,0,0,0,0,0,0,0
33131,52,bully,1840,1,0,0,12,0,168,0,1,52,31291,1840,0,13,0,0,0,LEADER,1,0,0,12,0,0,0,0,0,0,0,0,0,0,0
33502,76,bully,2213,1,0,0,12,0,168,0,1,76,31289,2213,0,13,0,0,0,LEADER,1,0,0,12,0,0,0,0,0,0,0,0,0,0,0
33098,10,bully,1807,1,0,0,12,0,168,0,1,10,31291,1807,0,13,0,0,0,LEADER,1,0,0,12,0,0,0,0,0,0,0,0,0,0,0
33031,22,bully,1740,1,0,0,12,0,168,0,1,22,31291,1740,0,13,0,0,0,LEADER,1,0,0,12,0,0,0,0,0,0,0,0,0,0,0
33180,21,bully,1889,1,0,0,12,0,168,0,1,21,31291,1889,0,13,0,0,0,LEADER,1,0,0,12,0,0,0,0,0,0,0,0,0,0,0
33437,56,bully,2146,1,0,0,12,0,168,0,1,56,31291,2146,0,13,0,0,0,LEADER,1,0,0,12,0,0,0,0,0,0,0,0,0,0,0
32962,60,bully,1671,1,0,0,12,0,168,0,1,60,31291,1671,0,13,0,0,0,LEADER,1,0,0,12,0,0,0,0,0,0,0,0,0,0,0
33815,25,bully,1604,1,0,0,12,0,168,0,1,25,32211,1604,0,13,0,0,0,LEADER,1,0,0,12,0,0,0,0,0,0,0,0,0,0,0
33028,65,bully,1737,1,0,0,12,0,168,0,1,65,31291,1737,0,13,0,0,0,LEADER,1,0,0,12,0,0,0,0,0,0,0,0,0,0,0
33704,19,bully,2413,1,0,0,12,0,168,0,1,19,31291,2413,0,13,0,0,0,LEADER,1,0,0,12,0,0,0,0,0,0,0,0,0,0,0
33334,69,bully,2043,1,0,0,12,0,168,0,1,69,31291,2043,0,13,0,0,0,LEADER,1,0,0,12,0,0,0,0,0,0,0,0,0,0,0
33936,54,bully,1725,1,0,0,12,0,168,0,1,54,32211,1725,0,13,0,0,0,LEADER,1,0,0,12,0,0,0,0,0,0,0,0,0,0,0
33283,17,bully,1992,1,0,0,12,0,168,0,1,17,31291,1992,0,13,0,0,0,LEADER,1,0,0,12,0,0,0,0,0,0,0,0,0,0,0
33797,100,bully,1586,1,0,0,12,0,168,0,1,100,32211,1586,0,13,0,0,0,LEADER,1,0,0,12,0,0,0,0,0,0,0,0,0,0,0
33358,7,bully,2253,1,0,0,8,13,112,182,3,7,31105,2253,0,4,0,0,0,LEADER,1,0,0,8,0,0,0,13,0,0,0,0,0,0,0
33760,16,bully,1549,1,0,0,12,0,168,0,1,16,32211,1549,0,13,0,0,0,LEADER,1,0,0,12,0,0,0,0,0,0,0,0,0,0,0
33349,37,bully,2058,1,0,0,12,0,168,0,1,37,31291,2058,0,13,0,0,0,LEADER,1,0,0,12,0,0,0,0,0,0,0,0,0,0,0
33985,13,bully,1774,1,0,0,12,0,168,0,1,13,32211,1774,0,13,0,0,0,LEADER,1,0,0,12,0,0,0,0,0,0,0,0,0,0,0
33146,20,bully,1855,1,0,0,12,0,168,0,1,20,31291,1855,0,13,0,0,0,LEADER,1,0,0,12,0,0,0,0,0,0,0,0,0,0,0
33778,41,bully,1567,1,0,0,12,0,168,0,1,41,32211,1567,0,13,0,0,0,LEADER,1,0,0,12,0,0,0,0,0,0,0,0,0,0,0
33767,47,bully,1556,1,0,0,12,0,168,0,1,47,32211,1556,0,13,0,0,0,LEADER,1,0,0,12,0,0,0,0,0,0,0,0,0,0,0
33592,95,bully,2301,1,0,0,12,0,168,0,1,95,31291,2301,0,13,0,0,0,LEADER,1,0,0,12,0,0,0,0,0,0,0,0,0,0,0
33456,98,bully,2165,1,0,0,12,0,168,0,1,98,31291,2165,0,13,0,0,0,LEADER,1,0,0,12,0,0,0,0,0,0,0,0,0,0,0
33640,73,bully,2349,1,0,0,12,0,168,0,1,73,31291,2349,0,13,0,0,0,LEADER,1,0,0,12,0,0,0,0,0,0,0,0,0,0,0
33963,33,bully,1752,1,0,0,12,0,168,0,1,33,32211,1752,0,13,0,0,0,LEADER,1,0,0,12,0,0,0,0,0,0,0,0,0,0,0
33186,61,bully,1895,1,0,0,12,0,168,0,1,61,31291,1895,0,13,0,0,0,LEADER,1,0,0,12,0,0,0,0,0,0,0,0,0,0,0
33933,97,bully,1722,1,0,0,12,0,168,0,1,97,32211,1722,0,13,0,0,0,LEADER,1,0,0,12,0,0,0,0,0,0,0,0,0,0,0
34121,29,bully,1910,1,0,0,12,0,168,0,1,29,32211,1910,0,13,0,0,0,LEADER,1,0,0,12,0,0,0,0,0,0,0,0,0,0,0
34133,40,bully,1922,1,0,0,12,0,168,0,1,40,32211,1922,0,13,0,0,0,LEADER,1,0,0,12,0,0,0,0,0,0,0,0,0,0,0
33622,31,bully,2331,1,0,0,12,0,168,0,1,31,31291,2331,0,13,0,0,0,LEADER,1,0,0,12,0,0,0,0,0,0,0,0,0,0,0
33955,96,bully,1744,1,0,0,12,0,168,0,1,96,32211,1744,0,13,0,0,0,LEADER,1,0,0,12,0,0,0,0,0,0,0,0,0,0,0
34036,84,bully,1825,1,0,0,12,0,168,0,1,84,32211,1825,0,13,0,0,0,LEADER,1,0,0,12,0,0,0,0,0,0,0,0,0,0,0
33454,4,bully,2115,1,0,0,7,15,98,210,2,4,31339,2115,0,5,0,0,0,LEADER,1,0,0,7,0,0,0,15,0,0,0,0,0,0,0
33730,80,bully,1519,1,0,0,12,0,168,0,1,80,32211,1519,0,13,0,0,0,LEADER,1,0,0,12,0,0,0,0,0,0,0,0,0,0,0
33347,3,bully,1903,1,0,0,6,14,84,196,2,4,31444,1903,0,3,0,0,0,NORMAL,0,0,0,6,0,0,0,14,0,0,0,0,0,0,0
33574,53,bully,2283,1,0,0,12,0,168,0,1,53,31291,2283,0,13,0,0,0,LEADER,1,0,0,12,0,0,0,0,0,0,0,0,0,0,0
33649,92,bully,1438,1,0,0,12,0,168,0,1,92,32211,1438,0,13,0,0,0,LEADER,1,0,0,12,0,0,0,0,0,0,0,0,0,0,0
34085,62,bully,1874,1,0,0,12,0,168,0,1,62,32211,1874,0,13,0,0,0,LEADER,1,0,0,12,0,0,0,0,0,0,0,0,0,0,0
33830,91,bully,1619,1,0,0,12,0,168,0,1,91,32211,1619,0,13,0,0,0,LEADER,1,0,0,12,0,0,0,0,0,0,0,0,0,0,0
33782,15,bully,1571,1,0,0,12,0,168,0,1,15,32211,1571,0,13,0,0,0,LEADER,1,0,0,12,0,0,0,0,0,0,0,0,0,0,0
33452,26,bully,2161,1,0,0,12,0,168,0,1,26,31291,2161,0,13,0,0,0,LEADER,1,0,0,12,0,0,0,0,0,0,0,0,0,0,0
34188,49,bully,1977,1,0,0,12,0,168,0,1,49,32211,1977,0,13,0,0,0,LEADER,1,0,0,12,0,0,0,0,0,0,0,0,0,0,0
34003,58,bully,1792,1,0,0,12,0,168,0,1,58,32211,1792,0,13,0,0,0,LEADER,1,0,0,12,0,0,0,0,0,0,0,0,0,0,0
33537,86,bully,2246,1,0,0,12,0,168,0,1,86,31291,2246,0,13,0,0,0,LEADER,1,0,0,12,0,0,0,0,0,0,0,0,0,0,0
33710,50,bully,2419,1,0,0,12,0,168,0,1,50,31291,2419,0,13,0,0,0,LEADER,1,0,0,12,0,0,0,0,0,0,0,0,0,0,0
33562,85,bully,2268,1,0,0,12,0,168,0,1,85,31294,2268,0,13,0,0,0,LEADER,1,0,0,12,0,0,0,0,0,0,0,0,0,0,0
33501,87,bully,2212,1,0,0,12,0,168,0,1,87,31289,2212,0,13,0,0,0,LEADER,1,0,0,12,0,0,0,0,0,0,0,0,0,0,0
33707,64,bully,2416,1,0,0,12,0,168,0,1,64,31291,2416,0,13,0,0,0,LEADER,1,0,0,12,0,0,0,0,0,0,0,0,0,0,0
33645,18,bully,1434,1,0,0,12,0,168,0,1,18,32211,1434,0,13,0,0,0,LEADER,1,0,0,12,0,0,0,0,0,0,0,0,0,0,0
33555,11,bully,2264,1,0,0,12,0,168,0,1,11,31291,2264,0,13,0,0,0,LEADER,1,0,0,12,0,0,0,0,0,0,0,0,0,0,0
33764,90,bully,1553,1,0,0,12,0,168,0,1,90,32211,1553,0,13,0,0,0,LEADER,1,0,0,12,0,0,0,0,0,0,0,0,0,0,0
33658,35,bully,1447,1,0,0,12,0,168,0,1,35,32211,1447,0,13,0,0,0,LEADER,1,0,0,12,0,0,0,0,0,0,0,0,0,0,0
33540,43,bully,2249,1,0,0,12,0,168,0,1,43,31291,2249,0,13,0,0,0,LEADER,1,0,0,12,0,0,0,0,0,0,0,0,0,0,0
33678,28,bully,1467,1,0,0,12,0,168,0,1,28,32211,1467,0,13,0,0,0,LEADER,1,0,0,12,0,0,0,0,0,0,0,0,0,0,0
34352,23,bully,2141,1,0,0,12,0,168,0,1,23,32211,2141,0,13,0,0,0,LEADER,1,0,0,12,0,0,0,0,0,0,0,0,0,0,0
33518,44,bully,2228,1,0,0,12,0,168,0,1,44,31290,2228,0,13,0,0,0,LEADER,1,0,0,12,0,0,0,0,0,0,0,0,0,0,0
33672,30,bully,1461,1,0,0,12,0,168,0,1,30,32211,1461,0,13,0,0,0,LEADER,1,0,0,12,0,0,0,0,0,0,0,0,0,0,0
34070,94,bully,1859,1,0,0,12,0,168,0,1,94,32211,1859,0,13,0,0,0,LEADER,1,0,0,12,0,0,0,0,0,0,0,0,0,0,0
33712,38,bully,1501,1,0,0,12,0,168,0,1,38,32211,1501,0,13,0,0,0,LEADER,1,0,0,12,0,0,0,0,0,0,0,0,0,0,0
34391,66,bully,2180,1,0,0,12,0,168,0,1,66,32211,2180,0,13,0,0,0,LEADER,1,0,0,12,0,0,0,0,0,0,0,0,0,0,0
33697,70,bully,1486,1,0,0,12,0,168,0,1,70,32211,1486,0,13,0,0,0,LEADER,1,0,0,12,0,0,0,0,0,0,0,0,0,0,0
34342,88,bully,2131,1,0,0,12,0,168,0,1,88,32211,2131,0,13,0,0,0,LEADER,1,0,0,12,0,0,0,0,0,0,0,0,0,0,0
33526,75,bully,2235,1,0,0,12,0,168,0,1,75,31291,2235,0,13,0,0,0,LEADER,1,0,0,12,0,0,0,0,0,0,0,0,0,0,0
33534,12,bully,2243,1,0,0,12,0,168,0,1,12,31291,2243,0,13,0,0,0,LEADER,1,0,0,12,0,0,0,0,0,0,0,0,0,0,0
34236,27,bully,2025,1,0,0,12,0,168,0,1,27,32211,2025,0,13,0,0,0,LEADER,1,0,0,12,0,0,0,0,0,0,0,0,0,0,0
33725,42,bully,1514,1,0,0,12,0,168,0,1,42,32211,1514,0,13,0,0,0,LEADER,1,0,0,12,0,0,0,0,0,0,0,0,0,0,0
34372,24,bully,2161,1,0,0,12,0,168,0,1,24,32211,2161,0,13,0,0,0,LEADER,1,0,0,12,0,0,0,0,0,0,0,0,0,0,0
34324,46,bully,2113,1,0,0,12,0,168,0,1,46,32211,2113,0,13,0,0,0,LEADER,1,0,0,12,0,0,0,0,0,0,0,0,0,0,0
33848,34,bully,1637,1,0,0,12,0,168,0,1,34,32211,1637,0,13,0,0,0,LEADER,1,0,0,12,0,0,0,0,0,0,0,0,0,0,0
34221,59,bully,2010,1,0,0,12,0,168,0,1,59,32211,2010,0,13,0,0,0,LEADER,1,0,0,12,0,0,0,0,0,0,0,0,0,0,0
34503,32,bully,2292,1,0,0,12,0,168,0,1,32,32211,2292,0,13,0,0,0,LEADER,1,0,0,12,0,0,0,0,0,0,0,0,0,0,0
34118,72,bully,1907,1,0,0,12,0,168,0,1,72,32211,1907,0,13,0,0,0,LEADER,1,0,0,12,0,0,0,0,0,0,0,0,0,0,0
34527,63,bully,2316,1,0,0,12,0,168,0,1,63,32211,2316,0,13,0,0,0,LEADER,1,0,0,12,0,0,0,0,0,0,0,0,0,0,0
34003,74,bully,1792,1,0,0,12,0,168,0,1,74,32211,1792,0,13,0,0,0,LEADER,1,0,0,12,0,0,0,0,0,0,0,0,0,0,0
33745,48,bully,1534,1,0,0,12,0,168,0,1,48,32211,1534,0,13,0,0,0,LEADER,1,0,0,12,0,0,0,0,0,0,0,0,0,0,0
34206,57,bully,1995,1,0,0,12,0,168,0,1,57,32211,1995,0,13,0,0,0,LEADER,1,0,0,12,0,0,0,0,0,0,0,0,0,0,0
34276,68,bully,2065,1,0,0,12,0,168,0,1,68,32211,2065,0,13,0,0,0,LEADER,1,0,0,12,0,0,0,0,0,0,0,0,0,0,0
33677,45,bully,1466,1,0,0,12,0,168,0,1,45,32211,1466,0,13,0,0,0,LEADER,1,0,0,12,0,0,0,0,0,0,0,0,0,0,0
34034,93,bully,1823,1,0,0,12,0,168,0,1,93,32211,1823,0,13,0,0,0,LEADER,1,0,0,12,0,0,0,0,0,0,0,0,0,0,0
34615,82,bully,2404,1,0,0,12,0,168,0,1,82,32211,2404,0,13,0,0,0,LEADER,1,0,0,12,0,0,0,0,0,0,0,0,0,0,0
34609,51,bully,2398,1,0,0,12,0,168,0,1,51,32211,2398,0,13,0,0,0,LEADER,1,0,0,12,0,0,0,0,0,0,0,0,0,0,0
34154,39,bully,1943,1,0,0,12,0,168,0,1,39,32211,1943,0,13,0,0,0,LEADER,1,0,0,12,0,0,0,0,0,0,0,0,0,0,0
33900,78,bully,1689,1,0,0,12,0,168,0,1,78,32211,1689,0,13,0,0,0,LEADER,1,0,0,12,0,0,0,0,0,0,0,0,0,0,0
34288,79,bully,2077,1,0,0,12,0,168,0,1,79,32211,2077,0,13,0,0,0,LEADER,1,0,0,12,0,0,0,0,0,0,0,0,0,0,0
33863,14,bully,1652,1,0,0,12,0,168,0,1,14,32211,1652,0,13,0,0,0,LEADER,1,0,0,12,0,0,0,0,0,0,0,0,0,0,0
34290,36,bully,2080,1,0,0,12,0,168,0,1,36,32210,2080,0,13,0,0,0,LEADER,1,0,0,12,0,0,0,0,0,0,0,0,0,0,0
34173,81,bully,1962,1,0,0,12,0,168,0,1,81,32211,1962,0,13,0,0,0,LEADER,1,0,0,12,0,0,0,0,0,0,0,0,0,0,0
33833,67,bully,1622,1,0,0,12,0,168,0,1,67,32211,1622,0,13,0,0,0,LEADER,1,0,0,12,0,0,0,0,0,0,0,0,0,0,0
34594,83,bully,2383,1,0,0,12,0,168,0,1,83,32211,2383,0,13,0,0,0,LEADER,1,0,0,12,0,0,0,0,0,0,0,0,0,0,0
34739,99,bully,1607,1,0,0,13,0,182,0,1,99,33132,1607,0,14,0,0,0,LEADER,1,0,0,13,0,0,0,0,0,0,0,0,0,0,0
33915,55,bully,1704,1,0,0,12,0,168,0,1,55,32211,1704,0,13,0,0,0,LEADER,1,0,0,12,0,0,0,0,0,0,0,0,0,0,0
34706,89,bully,1574,1,0,0,13,0,182,0,1,89,33132,1574,0,14,0,0,0,LEADER,1,0,0,13,0,0,0,0,0,0,0,0,0,0,0
33867,77,bully,1656,1,0,0,12,0,168,0,1,77,32211,1656,0,13,0,0,0,LEADER,1,0,0,12,0,0,0,0,0,0,0,0,0,0,0
34139,71,bully,1928,1,0,0,12,0,168,0,1,71,32211,1928,0,13,0,0,0,LEADER,1,0,0,12,0,0,0,0,0,0,0,0,0,0,0
34051,52,bully,1840,1,0,0,12,0,168,0,1,52,32211,1840,0,13,0,0,0,LEADER,1,0,0,12,0,0,0,0,0,0,0,0,0,0,0
34422,76,bully,2213,1,0,0,12,0,168,0,1,76,32209,2213,0,13,0,0,0,LEADER,1,0,0,12,0,0,0,0,0,0,0,0,0,0,0
34018,10,bully,1807,1,0,0,12,0,168,0,1,10,32211,1807,0,13,0,0,0,LEADER,1,0,0,12,0,0,0,0,0,0,0,0,0,0,0
33951,22,bully,1740,1,0,0,12,0,168,0,1,22,32211,1740,0,13,0,0,0,LEADER,1,0,0,12,0,0,0,0,0,0,0,0,0,0,0
34100,21,bully,1889,1,0,0,12,0,168,0,1,21,32211,1889,0,13,0,0,0,LEADER,1,0,0,12,0,0,0,0,0,0,0,0,0,0,0
34357,56,bully,2146,1,0,0,12,0,168,0,1,56,32211,2146,0,13,0,0,0,LEADER,1,0,0,12,0,0,0,0,0,0,0,0,0,0,0
33882,60,bully,1671,1,0,0,12,0,168,0,1,60,32211,1671,0,13,0,0,0,LEADER,1,0,0,12,0,0,0,0,0,0,0,0,0,0,0
34736,25,bully,1604,1,0,0,13,0,182,0,1,25,33132,1604,0,14,0,0,0,LEADER,1,0,0,13,0,0,0,0,0,0,0,0,0,0,0
33948,65,bully,1737,1,0,0,12,0,168,0,1,65,32211,1737,0,13,0,0,0,LEADER,1,0,0,12,0,0,0,0,0,0,0,0,0,0,0
34624,19,bully,2413,1,0,0,12,0,168,0,1,19,32211,2413,0,13,0,0,0,LEADER,1,0,0,12,0,0,0,0,0,0,0,0,0,0,0
34254,69,bully,2043,1,0,0,12,0,168,0,1,69,32211,2043,0,13,0,0,0,LEADER,1,0,0,12,0,0,0,0,0,0,0,0,0,0,0
34857,54,bully,1725,1,0,0,13,0,182,0,1,54,33132,1725,0,14,0,0,0,LEADER,1,0,0,13,0,0,0,0,0,0,0,0,0,0,0
34203,17,bully,1992,1,0,0,12,0,168,0,1,17,32211,1992,0,13,0,0,0,LEADER,1,0,0,12,0,0,0,0,0,0,0,0,0,0,0
34718,100,bully,1586,1,0,0,13,0,182,0,1,100,33132,1586,0,14,0,0,0,LEADER,1,0,0,13,0,0,0,0,0,0,0,0,0,0,0
34681,16,bully,1549,1,0,0,13,0,182,0,1,16,33132,1549,0,14,0,0,0,LEADER,1,0,0,13,0,0,0,0,0,0,0,0,0,0,0
34269,37,bully,2058,1,0,0,12,0,168,0,1,37,32211,2058,0,13,0,0,0,LEADER,1,0,0,12,0,0,0,0,0,0,0,0,0,0,0
34906,13,bully,1774,1,0,0,13,0,182,0,1,13,33132,1774,0,14,0,0,0,LEADER,1,0,0,13,0,0,0,0,0,0,0,0,0,0,0
34066,20,bully,1855,1,0,0,12,0,168,0,1,20,32211,1855,0,13,0,0,0,LEADER,1,0,0,12,0,0,0,0,0,0,0,0,0,0,0
34699,41,bully,1567,1,0,0,13,0,182,0,1,41,33132,1567,0,14,0,0,0,LEADER,1,0,0,13,0,0,0,0,0,0,0,0,0,0,0
34688,47,bully,1556,1,0,0,13,0,182,0,1,47,33132,1556,0,14,0,0,0,LEADER,1,0,0,13,0,0,0,0,0,0,0,0,0,0,0
34512,95,bully,2301,1,0,0,12,0,168,0,1,95,32211,2301,0,13,0,0,0,LEADER,1,0,0,12,0,0,0,0,0,0,0,0,0,0,0
34376,98,bully,2165,1,0,0,12,0,168,0,1,98,32211,2165,0,13,0,0,0,LEADER,1,0,0,12,0,0,0,0,0,0,0,0,0,0,0
34560,73,bully,2349,1,0,0,12,0,168,0,1,73,32211,2349,0,13,0,0,0,LEADER,1,0,0,12,0,0,0,0,0,0,0,0,0,0,0
34106,61,bully,1895,1,0,0,12,0,168,0,1,61,32211,1895,0,13,0,0,0,LEADER,1,0,0,12,0,0,0,0,0,0,0,0,0,0,0
34854,97,bully,1722,1,0,0,13,0,182,0,1,97,33132,1722,0,14,0,0,0,LEADER,1,0,0,13,0,0,0,0,0,0,0,0,0,0,0
34884,33,bully,1752,1,0,0,13,0,182,0,1,33,33132,1752,0,14,0,0,0,LEADER,1,0,0,13,0,0,0,0,0,0,0,0,0,0,0
34542,31,bully,2331,1,0,0,12,0,168,0,1,31,32211,2331,0,13,0,0,0,LEADER,1,0,0,12,0,0,0,0,0,0,0,0,0,0,0
35042,29,bully,1910,1,0,0,13,0,182,0,1,29,33132,1910,0,14,0,0,0,LEADER,1,0,0,13,0,0,0,0,0,0,0,0,0,0,0
35054,40,bully,1922,1,0,0,13,0,182,0,1,40,33132,1922,0,14,0,0,0,LEADER,1,0,0,13,0,0,0,0,0,0,0,0,0,0,0
34876,96,bully,1744,1,0,0,13,0,182,0,1,96,33132,1744,0,14,0,0,0,LEADER,1,0,0,13,0,0,0,0,0,0,0,0,0,0,0
34957,84,bully,1825,1,0,0,13,0,182,0,1,84,33132,1825,0,14,0,0,0,LEADER,1,0,0,13,0,0,0,0,0,0,0,0,0,0,0
34651,80,bully,1519,1,0,0,13,0,182,0,1,80,33132,1519,0,14,0,0,0,LEADER,1,0,0,13,0,0,0,0,0,0,0,0,0,0,0
34494,53,bully,2283,1,0,0,12,0,168,0,1,53,32211,2283,0,13,0,0,0,LEADER,1,0,0,12,0,0,0,0,0,0,0,0,0,0,0
34570,92,bully,1438,1,0,0,13,0,182,0,1,92,33132,1438,0,14,0,0,0,LEADER,1,0,0,13,0,0,0,0,0,0,0,0,0,0,0
35006,62,bully,1874,1,0,0,13,0,182,0,1,62,33132,1874,0,14,0,0,0,LEADER,1,0,0,13,0,0,0,0,0,0,0,0,0,0,0
34751,91,bully,1619,1,0,0,13,0,182,0,1,91,33132,1619,0,14,0,0,0,LEADER,1,0,0,13,0,0,0,0,0,0,0,0,0,0,0
34703,15,bully,1571,1,0,0,13,0,182,0,1,15,33132,1571,0,14,0,0,0,LEADER,1,0,0,13,0,0,0,0,0,0,0,0,0,0,0
34372,26,bully,2161,1,0,0,12,0,168,0,1,26,32211,2161,0,13,0,0,0,LEADER,1,0,0,12,0,0,0,0,0,0,0,0,0,0,0
35109,49,bully,1977,1,0,0,13,0,182,0,1,49,33132,1977,0,14,0,0,0,LEADER,1,0,0,13,0,0,0,0,0,0,0,0,0,0,0
34924,58,bully,1792,1,0,0,13,0,182,0,1,58,33132,1792,0,14,0,0,0,LEADER,1,0,0,13,0,0,0,0,0,0,0,0,0,0,0
34457,86,bully,2246,1,0,0,12,0,168,0,1,86,32211,2246,0,13,0,0,0,LEADER,1,0,0,12,0,0,0,0,0,0,0,0,0,0,0
34630,50,bully,2419,1,0,0,12,0,168,0,1,50,32211,2419,0,13,0,0,0,LEADER,1,0,0,12,0,0,0,0,0,0,0,0,0,0,0
34482,85,bully,2268,1,0,0,12,0,168,0,1,85,32214,2268,0,13,0,0,0,LEADER,1,0,0,12,0,0,0,0,0,0,0,0,0,0,0
34421,87,bully,2212,1,0,0,12,0,168,0,1,87,32209,2212,0,13,0,0,0,LEADER,1,0,0,12,0,0,0,0,0,0,0,0,0,0,0
34627,64,bully,2416,1,0,0,12,0,168,0,1,64,32211,2416,0,13,0,0,0,LEADER,1,0,0,12,0,0,0,0,0,0,0,0,0,0,0
34475,11,bully,2264,1,0,0,12,0,168,0,1,11,32211,2264,0,13,0,0,0,LEADER,1,0,0,12,0,0,0,0,0,0,0,0,0,0,0
34566,18,bully,1434,1,0,0,13,0,182,0,1,18,33132,1434,0,14,0,0,0,LEADER,1,0,0,13,0,0,0,0,0,0,0,0,0,0,0
34685,90,bully,1553,1,0,0,13,0,182,0,1,90,33132,1553,0,14,0,0,0,LEADER,1,0,0,13,0,0,0,0,0,0,0,0,0,0,0
34579,35,bully,1447,1,0,0,13,0,182,0,1,35,33132,1447,0,14,0,0,0,LEADER,1,0,0,13,0,0,0,0,0,0,0,0,0,0,0
34460,43,bully,2249,1,0,0,12,0,168,0,1,43,32211,2249,0,13,0,0,0,LEADER,1,0,0,12,0,0,0,0,0,0,0,0,0,0,0
34599,28,bully,1467,1,0,0,13,0,182,0,1,28,33132,1467,0,14,0,0,0,LEADER,1,0,0,13,0,0,0,0,0,0,0,0,0,0,0
34438,44,bully,2228,1,0,0,12,0,168,0,1,44,32210,2228,0,13,0,0,0,LEADER,1,0,0,12,0,0,0,0,0,0,0,0,0,0,0
35273,23,bully,2141,1,0,0,13,0,182,0,1,23,33132,2141,0,14,0,0,0,LEADER,1,0,0,13,0,0,0,0,0,0,0,0,0,0,0
34593,30,bully,1461,1,0,0,13,0,182,0,1,30,33132,1461,0,14,0,0,0,LEADER,1,0,0,13,0,0,0,0,0,0,0,0,0,0,0
34991,94,bully,1859,1,0,0,13,0,182,0,1,94,33132,1859,0,14,0,0,0,LEADER,1,0,0,13,0,0,0,0,0,0,0,0,0,0,0
34633,38,bully,1501,1,0,0,13,0,182,0,1,38,33132,1501,0,14,0,0,0,LEADER,1,0,0,13,0,0,0,0,0,0,0,0,0,0,0
35312,66,bully,2180,1,0,0,13,0,182,0,1,66,33132,2180,0,14,0,0,0,LEADER,1,0,0,13,0,0,0,0,0,0,0,0,0,0,0
34618,70,bully,1486,1,0,0,13,0,182,0,1,70,33132,1486,0,14,0,0,0,LEADER,1,0,0,13,0,0,0,0,0,0,0,0,0,0,0
35263,88,bully,2131,1,0,0,13,0,182,0,1,88,33132,2131,0,14,0,0,0,LEADER,1,0,0,13,0,0,0,0,0,0,0,0,0,0,0
34446,75,bully,2235,1,0,0,12,0,168,0,1,75,32211,2235,0,13,0,0,0,LEADER,1,0,0,12,0,0,0,0,0,0,0,0,0,0,0
34454,12,bully,2243,1,0,0,12,0,168,0,1,12,32211,2243,0,13,0,0,0,LEADER,1,0,0,12,0,0,0,0,0,0,0,0,0,0,0
35157,27,bully,2025,1,0,0,13,0,182,0,1,27,33132,2025,0,14,0,0,0,LEADER,1,0,0,13,0,0,0,0,0,0,0,0,0,0,0
34646,42,bully,1514,1,0,0,13,0,182,0,1,42,33132,1514,0,14,0,0,0,LEADER,1,0,0,13,0,0,0,0,0,0,0,0,0,0,0
35293,24,bully,2161,1,0,0,13,0,182,0,1,24,33132,2161,0,14,0,0,0,LEADER,1,0,0,13,0,0,0,0,0,0,0,0,0,0,0
35245,46,bully,2113,1,0,0,13,0,182,0,1,46,33132,2113,0,14,0,0,0,LEADER,1,0,0,13,0,0,0,0,0,0,0,0,0,0,0
34769,34,bully,1637,1,0,0,13,0,182,0,1,34,33132,1637,0,14,0,0,0,LEADER,1,0,0,13,0,0,0,0,0,0,0,0,0,0,0
35142,59,bully,2010,1,0,0,13,0,182,0,1,59,33132,2010,0,14,0,0,0,LEADER,1,0,0,13,0,0,0,0,0,0,0,0,0,0,0
35424,32,bully,2292,1,0,0,13,0,182,0,1,32,33132,2292,0,14,0,0,0,LEADER,1,0,0,13,0,0,0,0,0,0,0,0,0,0,0
35039,72,bully,1907,1,0,0,13,0,182,0,1,72,33132,1907,0,14,0,0,0,LEADER,1,0,0,13,0,0,0,0,0,0,0,0,0,0,0
35448,63,bully,2316,1,0,0,13,0,182,0,1,63,33132,2316,0,14,0,0,0,LEADER,1,0,0,13,0,0,0,0,0,0,0,0,0,0,0
34924,74,bully,1792,1,0,0,13,0,182,0,1,74,33132,1792,0,14,0,0,0,LEADER,1,0,0,13,0,0,0,0,0,0,0,0,0,0,0
34666,48,bully,1534,1,0,0,13,0,182,0,1,48,33132,1534,0,14,0,0,0,LEADER,1,0,0,13,0,0,0,0,0,0,0,0,0,0,0
35127,57,bully,1995,1,0,0,13,0,182,0,1,57,33132,1995,0,14,0,0,0,LEADER,1,0,0,13,0,0,0,0,0,0,0,0,0,0,0
35197,68,bully,2065,1,0,0,13,0,182,0,1,68,33132,2065,0,14,0,0,0,LEADER,1,0,0,13,0,0,0,0,0,0,0,0,0,0,0
34598,45,bully,1466,1,0,0,13,0,182,0,1,45,33132,1466,0,14,0,0,0,LEADER,1,0,0,13,0,0,0,0,0,0,0,0,0,0,0
34955,93,bully,1823,1,0,0,13,0,182,0,1,93,33132,1823,0,14,0,0,0,LEADER,1,0,0,13,0,0,0,0,0,0,0,0,0,0,0
35536,82,bully,2404,1,0,0,13,0,182,0,1,82,33132,2404,0,14,0,0,0,LEADER,1,0,0,13,0,0,0,0,0,0,0,0,0,0,0
35530,51,bully,2398,1,0,0,13,0,182,0,1,51,33132,2398,0,14,0,0,0,LEADER,1,0,0,13,0,0,0,0,0,0,0,0,0,0,0
35075,39,bully,1943,1,0,0,13,0,182,0,1,39,33132,1943,0,14,0,0,0,LEADER,1,0,0,13,0,0,0,0,0,0,0,0,0,0,0
34821,78,bully,1689,1,0,0,13,0,182,0,1,78,33132,1689,0,14,0,0,0,LEADER,1,0,0,13,0,0,0,0,0,0,0,0,0,0,0
35209,79,bully,2077,1,0,0,13,0,182,0,1,79,33132,2077,0,14,0,0,0,LEADER,1,0,0,13,0,0,0,0,0,0,0,0,0,0,0
34784,14,bully,1652,1,0,0,13,0,182,0,1,14,33132,1652,0,14,0,0,0,LEADER,1,0,0,13,0,0,0,0,0,0,0,0,0,0,0
35211,36,bully,2080,1,0,0,13,0,182,0,1,36,33131,2080,0,14,0,0,0,LEADER,1,0,0,13,0,0,0,0,0,0,0,0,0,0,0
35094,81,bully,1962,1,0,0,13,0,182,0,1,81,33132,1962,0,14,0,0,0,LEADER,1,0,0,13,0,0,0,0,0,0,0,0,0,0,0
34754,67,bully,1622,1,0,0,13,0,182,0,1,67,33132,1622,0,14,0,0,0,LEADER,1,0,0,13,0,0,0,0,0,0,0,0,0,0,0
35515,83,bully,2383,1,0,0,13,0,182,0,1,83,33132,2383,0,14,0,0,0,LEADER,1,0,0,13,0,0,0,0,0,0,0,0,0,0,0
35659,99,bully,1607,1,0,0,13,0,182,0,1,99,34052,1607,0,14,0,0,0,LEADER,1,0,0,13,0,0,0,0,0,0,0,0,0,0,0
34836,55,bully,1704,1,0,0,13,0,182,0,1,55,33132,1704,0,14,0,0,0,LEADER,1,0,0,13,0,0,0,0,0,0,0,0,0,0,0
35626,89,bully,1574,1,0,0,13,0,182,0,1,89,34052,1574,0,14,0,0,0,LEADER,1,0,0,13,0,0,0,0,0,0,0,0,0,0,0
34788,77,bully,1656,1,0,0,13,0,182,0,1,77,33132,1656,0,14,0,0,0,LEADER,1,0,0,13,0,0,0,0,0,0,0,0,0,0,0
35060,71,bully,1928,1,0,0,13,0,182,0,1,71,33132,1928,0,14,0,0,0,LEADER,1,0,0,13,0,0,0,0,0,0,0,0,0,0,0
34972,52,bully,1840,1,0,0,13,0,182,0,1,52,33132,1840,0,14,0,0,0,LEADER,1,0,0,13,0,0,0,0,0,0,0,0,0,0,0
35343,76,bully,2213,1,0,0,13,0,182,0,1,76,33130,2213,0,14,0,0,0,LEADER,1,0,0,13,0,0,0,0,0,0,0,0,0,0,0
34939,10,bully,1807,1,0,0,13,0,182,0,1,10,33132,1807,0,14,0,0,0,LEADER,1,0,0,13,0,0,0,0,0,0,0,0,0,0,0
34872,22,bully,1740,1,0,0,13,0,182,0,1,22,33132,1740,0,14,0,0,0,LEADER,1,0,0,13,0,0,0,0,0,0,0,0,0,0,0
35021,21,bully,1889,1,0,0,13,0,182,0,1,21,33132,1889,0,14,0,0,0,LEADER,1,0,0,13,0,0,0,0,0,0,0,0,0,0,0
35278,56,bully,2146,1,0,0,13,0,182,0,1,56,33132,2146,0,14,0,0,0,LEADER,1,0,0,13,0,0,0,0,0,0,0,0,0,0,0
34803,60,bully,1671,1,0,0,13,0,182,0,1,60,33132,1671,0,14,0,0,0,LEADER,1,0,0,13,0,0,0,0,0,0,0,0,0,0,0
35656,25,bully,1604,1,0,0,13,0,182,0,1,25,34052,1604,0,14,0,0,0,LEADER,1,0,0,13,0,0,0,0,0,0,0,0,0,0,0
34869,65,bully,1737,1,0,0,13,0,182,0,1,65,33132,1737,0,14,0,0,0,LEADER,1,0,0,13,0,0,0,0,0,0,0,0,0,0,0
35545,19,bully,2413,1,0,0,13,0,182,0,1,19,33132,2413,0,14,0,0,0,LEADER,1,0,0,13,0,0,0,0,0,0,0,0,0,0,0
35175,69,bully,2043,1,0,0,13,0,182,0,1,69,33132,2043,0,14,0,0,0,LEADER,1,0,0,13,0,0,0,0,0,0,0,0,0,0,0
35777,54,bully,1725,1,0,0,13,0,182,0,1,54,34052,1725,0,14,0,0,0,LEADER,1,0,0,13,0,0,0,0,0,0,0,0,0,0,0
35124,17,bully,1992,1,0,0,13,0,182,0,1,17,33132,1992,0,14,0,0,0,LEADER,1,0,0,13,0,0,0,0,0,0,0,0,0,0,0
35638,100,bully,1586,1,0,0,13,0,182,0,1,100,34052,1586,0,14,0,0,0,LEADER,1,0,0,13,0,0,0,0,0,0,0,0,0,0,0
35601,16,bully,1549,1,0,0,13,0,182,0,1,16,34052,1549,0,14,0,0,0,LEADER,1,0,0,13,0,0,0,0,0,0,0,0,0,0,0
35190,37,bully,2058,1,0,0,13,0,182,0,1,37,33132,2058,0,14,0,0,0,LEADER,1,0,0,13,0,0,0,0,0,0,0,0,0,0,0
35826,13,bully,1774,1,0,0,13,0,182,0,1,13,34052,1774,0,14,0,0,0,LEADER,1,0,0,13,0,0,0,0,0,0,0,0,0,0,0
34987,20,bully,1855,1,0,0,13,0,182,0,1,20,33132,1855,0,14,0,0,0,LEADER,1,0,0,13,0,0,0,0,0,0,0,0,0,0,0
35619,41,bully,1567,1,0,0,13,0,182,0,1,41,34052,1567,0,14,0,0,0,LEADER,1,0,0,13,0,0,0,0,0,0,0,0,0,0,0
35608,47,bully,1556,1,0,0,13,0,182,0,1,47,34052,1556,0,14,0,0,0,LEADER,1,0,0,13,0,0,0,0,0,0,0,0,0,0,0
35433,95,bully,2301,1,0,0,13,0,182,0,1,95,33132,2301,0,14,0,0,0,LEADER,1,0,0,13,0,0,0,0,0,0,0,0,0,0,0
35297,98,bully,2165,1,0,0,13,0,182,0,1,98,33132,2165,0,14,0,0,0,LEADER,1,0,0,13,0,0,0,0,0,0,0,0,0,0,0
35481,73,bully,2349,1,0,0,13,0,182,0,1,73,33132,2349,0,14,0,0,0,LEADER,1,0,0,13,0,0,0,0,0,0,0,0,0,0,0
35804,33,bully,1752,1,0,0,13,0,182,0,1,33,34052,1752,0,14,0,0,0,LEADER,1,0,0,13,0,0,0,0,0,0,0,0,0,0,0
35774,97,bully,1722,1,0,0,13,0,182,0,1,97,34052,1722,0,14,0,0,0,LEADER,1,0,0,13,0,0,0,0,0,0,0,0,0,0,0
35027,61,bully,1895,1,0,0,13,0,182,0,1,61,33132,1895,0,14,0,0,0,LEADER,1,0,0,13,0,0,0,0,0,0,0,0,0,0,0
35962,29,bully,1910,1,0,0,13,0,182,0,1,29,34052,1910,0,14,0,0,0,LEADER,1,0,0,13,0,0,0,0,0,0,0,0,0,0,0
35974,40,bully,1922,1,0,0,13,0,182,0,1,40,34052,1922,0,14,0,0,0,LEADER,1,0,0,13,0,0,0,0,0,0,0,0,0,0,0
35463,31,bully,2331,1,0,0,13,0,182,0,1,31,33132,2331,0,14,0,0,0,LEADER,1,0,0,13,0,0,0,0,0,0,0,0,0,0,0
35796,96,bully,1744,1,0,0,13,0,182,0,1,96,34052,1744,0,14,0,0,0,LEADER,1,0,0,13,0,0,0,0,0,0,0,0,0,0,0
35877,84,bully,1825,1,0,0,13,0,182,0,1,84,34052,1825,0,14,0,0,0,LEADER,1,0,0,13,0,0,0,0,0,0,0,0,0,0,0
35571,80,bully,1519,1,0,0,13,0,182,0,1,80,34052,1519,0,14,0,0,0,LEADER,1,0,0,13,0,0,0,0,0,0,0,0,0,0,0
35415,53,bully,2283,1,0,0,13,0,182,0,1,53,33132,2283,0,14,0,0,0,LEADER,1,0,0,13,0,0,0,0,0,0,0,0,0,0,0
35490,92,bully,1438,1,0,0,13,0,182,0,1,92,34052,1438,0,14,0,0,0,LEADER,1,0,0,13,0,0,0,0,0,0,0,0,0,0,0
35926,62,bully,1874,1,0,0,13,0,182,0,1,62,34052,1874,0,14,0,0,0,LEADER,1,0,0,13,0,0,0,0,0,0,0,0,0,0,0
35671,91,bully,1619,1,0,0,13,0,182,0,1,91,34052,1619,0,14,0,0,0,LEADER,1,0,0,13,0,0,0,0,0,0,0,0,0,0,0
35623,15,bully,1571,1,0,0,13,0,182,0,1,15,34052,1571,0,14,0,0,0,LEADER,1,0,0,13,0,0,0,0,0,0,0,0,0,0,0
35293,26,bully,2161,1,0,0,13,0,182,0,1,26,33132,2161,0,14,0,0,0,LEADER,1,0,0,13,0,0,0,0,0,0,0,0,0,0,0
36029,49,bully,1977,1,0,0,13,0,182,0,1,49,34052,1977,0,14,0,0,0,LEADER,1,0,0,13,0,0,0,0,0,0,0,0,0,0,0
35844,58,bully,1792,1,0,0,13,0,182,0,1,58,34052,1792,0,14,0,0,0,LEADER,1,0,0,13,0,0,0,0,0,0,0,0,0,0,0
35378,86,bully,2246,1,0,0,13,0,182,0,1,86,33132,2246,0,14,0,0,0,LEADER,1,0,0,13,0,0,0,0,0,0,0,0,0,0,0
35551,50,bully,2419,1,0,0,13,0,182,0,1,50,33132,2419,0,14,0,0,0,LEADER,1,0,0,13,0,0,0,0,0,0,0,0,0,0,0
35403,85,bully,2268,1,0,0,13,0,182,0,1,85,33135,2268,0,14,0,0,0,LEADER,1,0,0,13,0,0,0,0,0,0,0,0,0,0,0
35342,87,bully,2212,1,0,0,13,0,182,0,1,87,33130,2212,0,14,0,0,0,LEADER,1,0,0,13,0,0,0,0,0,0,0,0,0,0,0
35548,64,bully,2416,1,0,0,13,0,182,0,1,64,33132,2416,0,14,0,0,0,LEADER,1,0,0,13,0,0,0,0,0,0,0,0,0,0,0
35396,11,bully,2264,1,0,0,13,0,182,0,1,11,33132,2264,0,14,0,0,0,LEADER,1,0,0,13,0,0,0,0,0,0,0,0,0,0,0
35486,18,bully,1434,1,0,0,13,0,182,0,1,18,34052,1434,0,14,0,0,0,LEADER,1,0,0,13,0,0,0,0,0,0,0,0,0,0,0
35605,90,bully,1553,1,0,0,13,0,182,0,1,90,34052,1553,0,14,0,0,0,LEADER,1,0,0,13,0,0,0,0,0,0,0,0,0,0,0
35499,35,bully,1447,1,0,0,13,0,182,0,1,35,34052,1447,0,14,0,0,0,LEADER,1,0,0,13,0,0,0,0,0,0,0,0,0,0,0
35381,43,bully,2249,1,0,0,13,0,182,0,1,43,33132,2249,0,14,0,0,0,LEADER,1,0,0,13,0,0,0,0,0,0,0,0,0,0,0
35519,28,bully,1467,1,0,0,13,0,182,0,1,28,34052,1467,0,14,0,0,0,LEADER,1,0,0,13,0,0,0,0,0,0,0,0,0,0,0
36193,23,bully,2141,1,0,0,13,0,182,0,1,23,34052,2141,0,14,0,0,0,LEADER,1,0,0,13,0,0,0,0,0,0,0,0,0,0,0
35359,44,bully,2228,1,0,0,13,0,182,0,1,44,33131,2228,0,14,0,0,0,LEADER,1,0,0,13,0,0,0,0,0,0,0,0,0,0,0
35513,30,bully,1461,1,0,0,13,0,182,0,1,30,34052,1461,0,14,0,0,0,LEADER,1,0,0,13,0,0,0,0,0,0,0,0,0,0,0
35911,94,bully,1859,1,0,0,13,0,182,0,1,94,34052,1859,0,14,0,0,0,LEADER,1,0,0,13,0,0,0,0,0,0,0,0,0,0,0
35553,38,bully,1501,1,0,0,13,0,182,0,1,38,34052,1501,0,14,0,0,0,LEADER,1,0,0,13,0,0,0,0,0,0,0,0,0,0,0
36232,66,bully,2180,1,0,0,13,0,182,0,1,66,34052,2180,0,14,0,0,0,LEADER,1,0,0,13,0,0,0,0,0,0,0,0,0,0,0
35538,70,bully,1486,1,0,0,13,0,182,0,1,70,34052,1486,0,14,0,0,0,LEADER,1,0,0,13,0,0,0,0,0,0,0,0,0,0,0
36183,88,bully,2131,1,0,0,13,0,182,0,1,88,34052,2131,0,14,0,0,0,LEADER,1,0,0,13,0,0,0,0,0,0,0,0,0,0,0
35367,75,bully,2235,1,0,0,13,0,182,0,1,75,33132,2235,0,14,0,0,0,LEADER,1,0,0,13,0,0,0,0,0,0,0,0,0,0,0
35375,12,bully,2243,1,0,0,13,0,182,0,1,12,33132,2243,0,14,0,0,0,LEADER,1,0,0,13,0,0,0,0,0,0,0,0,0,0,0
36077,27,bully,2025,1,0,0,13,0,182,0,1,27,34052,2025,0,14,0,0,0,LEADER,1,0,0,13,0,0,0,0,0,0,0,0,0,0,0
35566,42,bully,1514,1,0,0,13,0,182,0,1,42,34052,1514,0,14,0,0,0,LEADER,1,0,0,13,0,0,0,0,0,0,0,0,0,0,0
36213,24,bully,2161,1,0,0,13,0,182,0,1,24,34052,2161,0,14,0,0,0,LEADER,1,0,0,13,0,0,0,0,0,0,0,0,0,0,0
36165,46,bully,2113,1,0,0,13,0,182,0,1,46,34052,2113,0,14,0,0,0,LEADER,1,0,0,13,0,0,0,0,0,0,0,0,0,0,0
35689,34,bully,1637,1,0,0,13,0,182,0,1,34,34052,1637,0,14,0,0,0,LEADER,1,0,0,13,0,0,0,0,0,0,0,0,0,0,0
36062,59,bully,2010,1,0,0,13,0,182,0,1,59,34052,2010,0,14,0,0,0,LEADER,1,0,0,13,0,0,0,0,0,0,0,0,0,0,0
36344,32,bully,2292,1,0,0,13,0,182,0,1,32,34052,2292,0,14,0,0,0,LEADER,1,0,0,13,0,0,0,0,0,0,0,0,0,0,0
35959,72,bully,1907,1,0,0,13,0,182,0,1,72,34052,1907,0,14,0,0,0,LEADER,1,0,0,13,0,0,0,0,0,0,0,0,0,0,0
36368,63,bully,2316,1,0,0,13,0,182,0,1,63,34052,2316,0,14,0,0,0,LEADER,1,0,0,13,0,0,0,0,0,0,0,0,0,0,0
35844,74,bully,1792,1,0,0,13,0,182,0,1,74,34052,1792,0,14,0,0,0,LEADER,1,0,0,13,0,0,0,0,0,0,0,0,0,0,0
35586,48,bully,1534,1,0,0,13,0,182,0,1,48,34052,1534,0,14,0,0,0,LEADER,1,0,0,13,0,0,0,0,0,0,0,0,0,0,0
36047,57,bully,1995,1,0,0,13,0,182,0,1,57,34052,1995,0,14,0,0,0,LEADER,1,0,0,13,0,0,0,0,0,0,0,0,0,0,0
36117,68,bully,2065,1,0,0,13,0,182,0,1,68,34052,2065,0,14,0,0,0,LEADER,1,0,0,13,0,0,0,0,0,0,0,0,0,0,0
35518,45,bully,1466,1,0,0,13,0,182,0,1,45,34052,1466,0,14,0,0,0,LEADER,1,0,0,13,0,0,0,0,0,0,0,0,0,0,0
35875,93,bully,1823,1,0,0,13,0,182,0,1,93,34052,1823,0,14,0,0,0,LEADER,1,0,0,13,0,0,0,0,0,0,0,0,0,0,0
36456,82,bully,2404,1,0,0,13,0,182,0,1,82,34052,2404,0,14,0,0,0,LEADER,1,0,0,13,0,0,0,0,0,0,0,0,0,0,0
36450,51,bully,2398,1,0,0,13,0,182,0,1,51,34052,2398,0,14,0,0,0,LEADER,1,0,0,13,0,0,0,0,0,0,0,0,0,0,0
35995,39,bully,1943,1,0,0,13,0,182,0,1,39,34052,1943,0,14,0,0,0,LEADER,1,0,0,13,0,0,0,0,0,0,0,0,0,0,0
35741,78,bully,1689,1,0,0,13,0,182,0,1,78,34052,1689,0,14,0,0,0,LEADER,1,0,0,13,0,0,0,0,0,0,0,0,0,0,0
36129,79,bully,2077,1,0,0,13,0,182,0,1,79,34052,2077,0,14,0,0,0,LEADER,1,0,0,13,0,0,0,0,0,0,0,0,0,0,0
35704,14,bully,1652,1,0,0,13,0,182,0,1,14,34052,1652,0,14,0,0,0,LEADER,1,0,0,13,0,0,0,0,0,0,0,0,0,0,0
36131,36,bully,2080,1,0,0,13,0,182,0,1,36,34051,2080,0,14,0,0,0,LEADER,1,0,0,13,0,0,0,0,0,0,0,0,0,0,0
36014,81,bully,1962,1,0,0,13,0,182,0,1,81,34052,1962,0,14,0,0,0,LEADER,1,0,0,13,0,0,0,0,0,0,0,0,0,0,0
35674,67,bully,1622,1,0,0,13,0,182,0,1,67,34052,1622,0,14,0,0,0,LEADER,1,0,0,13,0,0,0,0,0,0,0,0,0,0,0
36435,83,bully,2383,1,0,0,13,0,182,0,1,83,34052,2383,0,14,0,0,0,LEADER,1,0,0,13,0,0,0,0,0,0,0,0,0,0,0
36579,99,bully,1607,1,0,0,13,0,182,0,1,99,34972,1607,0,14,0,0,0,LEADER,1,0,0,13,0,0,0,0,0,0,0,0,0,0,0
35756,55,bully,1704,1,0,0,13,0,182,0,1,55,34052,1704,0,14,0,0,0,LEADER,1,0,0,13,0,0,0,0,0,0,0,0,0,0,0
36546,89,bully,1574,1,0,0,13,0,182,0,1,89,34972,1574,0,14,0,0,0,LEADER,1,0,0,13,0,0,0,0,0,0,0,0,0,0,0
35708,77,bully,1656,1,0,0,13,0,182,0,1,77,34052,1656,0,14,0,0,0,LEADER,1,0,0,13,0,0,0,0,0,0,0,0,0,0,0
35980,71,bully,1928,1,0,0,13,0,182,0,1,71,34052,1928,0,14,0,0,0,LEADER,1,0,0,13,0,0,0,0,0,0,0,0,0,0,0
35892,52,bully,1840,1,0,0,13,0,182,0,1,52,34052,1840,0,14,0,0,0,LEADER,1,0,0,13,0,0,0,0,0,0,0,0,0,0,0
36263,76,bully,2213,1,0,0,13,0,182,0,1,76,34050,2213,0,14,0,0,0,LEADER,1,0,0,13,0,0,0,0,0,0,0,0,0,0,0
35859,10,bully,1807,1,0,0,13,0,182,0,1,10,34052,1807,0,14,0,0,0,LEADER,1,0,0,13,0,0,0,0,0,0,0,0,0,0,0
35792,22,bully,1740,1,0,0,13,0,182,0,1,22,34052,1740,0,14,0,0,0,LEADER,1,0,0,13,0,0,0,0,0,0,0,0,0,0,0
35941,21,bully,1889,1,0,0,13,0,182,0,1,21,34052,1889,0,14,0,0,0,LEADER,1,0,0,13,0,0,0,0,0,0,0,0,0,0,0
36198,56,bully,2146,1,0,0,13,0,182,0,1,56,34052,2146,0,14,0,0,0,LEADER,1,0,0,13,0,0,0,0,0,0,0,0,0,0,0
35723,60,bully,1671,1,0,0,13,0,182,0,1,60,34052,1671,0,14,0,0,0,LEADER,1,0,0,13,0,0,0,0,0,0,0,0,0,0,0
36576,25,bully,1604,1,0,0,13,0,182,0,1,25,34972,1604,0,14,0,0,0,LEADER,1,0,0,13,0,0,0,0,0,0,0,0,0,0,0
35789,65,bully,1737,1,0,0,13,0,182,0,1,65,34052,1737,0,14,0,0,0,LEADER,1,0,0,13,0,0,0,0,0,0,0,0,0,0,0
36465,19,bully,2413,1,0,0,13,0,182,0,1,19,34052,2413,0,14,0,0,0,LEADER,1,0,0,13,0,0,0,0,0,0,0,0,0,0,0
36095,69,bully,2043,1,0,0,13,0,182,0,1,69,34052,2043,0,14,0,0,0,LEADER,1,0,0,13,0,0,0,0,0,0,0,0,0,0,0
36697,54,bully,1725,1,0,0,13,0,182,0,1,54,34972,1725,0,14,0,0,0,LEADER,1,0,0,13,0,0,0,0,0,0,0,0,0,0,0
36044,17,bully,1992,1,0,0,13,0,182,0,1,17,34052,1992,0,14,0,0,0,LEADER,1,0,0,13,0,0,0,0,0,0,0,0,0,0,0
36558,100,bully,1586,1,0,0,13,0,182,0,1,100,34972,1586,0,14,0,0,0,LEADER,1,0,0,13,0,0,0,0,0,0,0,0,0,0,0
36521,16,bully,1549,1,0,0,13,0,182,0,1,16,34972,1549,0,14,0,0,0,LEADER,1,0,0,13,0,0,0,0,0,0,0,0,0,0,0
36110,37,bully,2058,1,0,0,13,0,182,0,1,37,34052,2058,0,14,0,0,0,LEADER,1,0,0,13,0,0,0,0,0,0,0,0,0,0,0
36746,13,bully,1774,1,0,0,13,0,182,0,1,13,34972,1774,0,14,0,0,0,LEADER,1,0,0,13,0,0,0,0,0,0,0,0,0,0,0
35907,20,bully,1855,1,0,0,13,0,182,0,1,20,34052,1855,0,14,0,0,0,LEADER,1,0,0,13,0,0,0,0,0,0,0,0,0,0,0
36539,41,bully,1567,1,0,0,13,0,182,0,1,41,34972,1567,0,14,0,0,0,LEADER,1,0,0,13,0,0,0,0,0,0,0,0,0,0,0
36528,47,bully,1556,1,0,0,13,0,182,0,1,47,34972,1556,0,14,0,0,0,LEADER,1,0,0,13,0,0,0,0,0,0,0,0,0,0,0
36353,95,bully,2301,1,0,0,13,0,182,0,1,95,34052,2301,0,14,0,0,0,LEADER,1,0,0,13,0,0,0,0,0,0,0,0,0,0,0
36217,98,bully,2165,1,0,0,13,0,182,0,1,98,34052,2165,0,14,0,0,0,LEADER,1,0,0,13,0,0,0,0,0,0,0,0,0,0,0
36401,73,bully,2349,1,0,0,13,0,182,0,1,73,34052,2349,0,14,0,0,0,LEADER,1,0,0,13,0,0,0,0,0,0,0,0,0,0,0
36724,33,bully,1752,1,0,0,13,0,182,0,1,33,34972,1752,0,14,0,0,0,LEADER,1,0,0,13,0,0,0,0,0,0,0,0,0,0,0
36694,97,bully,1722,1,0,0,13,0,182,0,1,97,34972,1722,0,14,0,0,0,LEADER,1,0,0,13,0,0,0,0,0,0,0,0,0,0,0
35947,61,bully,1895,1,0,0,13,0,182,0,1,61,34052,1895,0,14,0,0,0,LEADER,1,0,0,13,0,0,0,0,0,0,0,0,0,0,0
36894,40,bully,1922,1,0,0,13,0,182,0,1,40,34972,1922,0,14,0,0,0,LEADER,1,0,0,13,0,0,0,0,0,0,0,0,0,0,0
36383,31,bully,2331,1,0,0,13,0,182,0,1,31,34052,2331,0,14,0,0,0,LEADER,1,0,0,13,0,0,0,0,0,0,0,0,0,0,0
36882,29,bully,1910,1,0,0,13,0,182,0,1,29,34972,1910,0,14,0,0,0,LEADER,1,0,0,13,0,0,0,0,0,0,0,0,0,0,0
36716,96,bully,1744,1,0,0,13,0,182,0,1,96,34972,1744,0,14,0,0,0,LEADER,1,0,0,13,0,0,0,0,0,0,0,0,0,0,0
36797,84,bully,1825,1,0,0,13,0,182,0,1,84,34972,1825,0,14,0,0,0,LEADER,1,0,0,13,0,0,0,0,0,0,0,0,0,0,0
36491,80,bully,1519,1,0,0,13,0,182,0,1,80,34972,1519,0,14,0,0,0,LEADER,1,0,0,13,0,0,0,0,0,0,0,0,0,0,0
36335,53,bully,2283,1,0,0,13,0,182,0,1,53,34052,2283,0,14,0,0,0,LEADER,1,0,0,13,0,0,0,0,0,0,0,0,0,0,0
36410,92,bully,1438,1,0,0,13,0,182,0,1,92,34972,1438,0,14,0,0,0,LEADER,1,0,0,13,0,0,0,0,0,0,0,0,0,0,0
36846,62,bully,1874,1,0,0,13,0,182,0,1,62,34972,1874,0,14,0,0,0,LEADER,1,0,0,13,0,0,0,0,0,0,0,0,0,0,0
36591,91,bully,1619,1,0,0,13,0,182,0,1,91,34972,1619,0,14,0,0,0,LEADER,1,0,0,13,0,0,0,0,0,0,0,0,0,0,0
36543,15,bully,1571,1,0,0,13,0,182,0,1,15,34972,1571,0,14,0,0,0,LEADER,1,0,0,13,0,0,0,0,0,0,0,0,0,0,0
36213,26,bully,2161,1,0,0,13,0,182,0,1,26,34052,2161,0,14,0,0,0,LEADER,1,0,0,13,0,0,0,0,0,0,0,0,0,0,0
36949,49,bully,1977,1,0,0,13,0,182,0,1,49,34972,1977,0,14,0,0,0,LEADER,1,0,0,13,0,0,0,0,0,0,0,0,0,0,0
36764,58,bully,1792,1,0,0,13,0,182,0,1,58,34972,1792,0,14,0,0,0,LEADER,1,0,0,13,0,0,0,0,0,0,0,0,0,0,0
36298,86,bully,2246,1,0,0,13,0,182,0,1,86,34052,2246,0,14,0,0,0,LEADER,1,0,0,13,0,0,0,0,0,0,0,0,0,0,0
36471,50,bully,2419,1,0,0,13,0,182,0,1,50,34052,2419,0,14,0,0,0,LEADER,1,0,0,13,0,0,0,0,0,0,0,0,0,0,0
36323,85,bully,2268,1,0,0,13,0,182,0,1,85,34055,2268,0,14,0,0,0,LEADER,1,0,0,13,0,0,0,0,0,0,0,0,0,0,0
36262,87,bully,2212,1,0,0,13,0,182,0,1,87,34050,2212,0,14,0,0,0,LEADER,1,0,0,13,0,0,0,0,0,0,0,0,0,0,0
36468,64,bully,2416,1,0,0,13,0,182,0,1,64,34052,2416,0,14,0,0,0,LEADER,1,0,0,13,0,0,0,0,0,0,0,0,0,0,0
36316,11,bully,2264,1,0,0,13,0,182,0,1,11,34052,2264,0,14,0,0,0,LEADER,1,0,0,13,0,0,0,0,0,0,0,0,0,0,0
36406,18,bully,1434,1,0,0,13,0,182,0,1,18,34972,1434,0,14,0,0,0,LEADER,1,0,0,13,0,0,0,0,0,0,0,0,0,0,0
36525,90,bully,1553,1,0,0,13,0,182,0,1,90,34972,1553,0,14,0,0,0,LEADER,1,0,0,13,0,0,0,0,0,0,0,0,0,0,0
36419,35,bully,1447,1,0,0,13,0,182,0,1,35,34972,1447,0,14,0,0,0,LEADER,1,0,0,13,0,0,0,0,0,0,0,0,0,0,0
36301,43,bully,2249,1,0,0,13,0,182,0,1,43,34052,2249,0,14,0,0,0,LEADER,1,0,0,13,0,0,0,0,0,0,0,0,0,0,0
36439,28,bully,1467,1,0,0,13,0,182,0,1,28,34972,1467,0,14,0,0,0,LEADER,1,0,0,13,0,0,0,0,0,0,0,0,0,0,0
37113,23,bully,2141,1,0,0,13,0,182,0,1,23,34972,2141,0,14,0,0,0,LEADER,1,0,0,13,0,0,0,0,0,0,0,0,0,0,0
36279,44,bully,2228,1,0,0,13,0,182,0,1,44,34051,2228,0,14,0,0,0,LEADER,1,0,0,13,0,0,0,0,0,0,0,0,0,0,0
36433,30,bully,1461,1,0,0,13,0,182,0,1,30,34972,1461,0,14,0,0,0,LEADER,1,0,0,13,0,0,0,0,0,0,0,0,0,0,0
36831,94,bully,1859,1,0,0,13,0,182,0,1,94,34972,1859,0,14,0,0,0,LEADER,1,0,0,13,0,0,0,0,0,0,0,0,0,0,0
36473,38,bully,1501,1,0,0,13,0,182,0,1,38,34972,1501,0,14,0,0,0,LEADER,1,0,0,13,0,0,0,0,0,0,0,0,0,0,0
37152,66,bully,2180,1,0,0,13,0,182,0,1,66,34972,2180,0,14,0,0,0,LEADER,1,0,0,13,0,0,0,0,0,0,0,0,0,0,0
36458,70,bully,1486,1,0,0,13,0,182,0,1,70,34972,1486,0,14,0,0,0,LEADER,1,0,0,13,0,0,0,0,0,0,0,0,0,0,0
37103,88,bully,2131,1,0,0,13,0,182,0,1,88,34972,2131,0,14,0,0,0,LEADER,1,0,0,13,0,0,0,0,0,0,0,0,0,0,0
36287,75,bully,2235,1,0,0,13,0,182,0,1,75,34052,2235,0,14,0,0,0,LEADER,1,0,0,13,0,0,0,0,0,0,0,0,0,0,0
36295,12,bully,2243,1,0,0,13,0,182,0,1,12,34052,2243,0,14,0,0,0,LEADER,1,0,0,13,0,0,0,0,0,0,0,0,0,0,0
36997,27,bully,2025,1,0,0,13,0,182,0,1,27,34972,2025,0,14,0,0,0,LEADER,1,0,0,13,0,0,0,0,0,0,0,0,0,0,0
36486,42,bully,1514,1,0,0,13,0,182,0,1,42,34972,1514,0,14,0,0,0,LEADER,1,0,0,13,0,0,0,0,0,0,0,0,0,0,0
37133,24,bully,2161,1,0,0,13,0,182,0,1,24,34972,2161,0,14,0,0,0,LEADER,1,0,0,13,0,0,0,0,0,0,0,0,0,0,0
37085,46,bully,2113,1,0,0,13,0,182,0,1,46,34972,2113,0,14,0,0,0,LEADER,1,0,0,13,0,0,0,0,0,0,0,0,0,0,0
36609,34,bully,1637,1,0,0,13,0,182,0,1,34,34972,1637,0,14,0,0,0,LEADER,1,0,0,13,0,0,0,0,0,0,0,0,0,0,0
36982,59,bully,2010,1,0,0,13,0,182,0,1,59,34972,2010,0,14,0,0,0,LEADER,1,0,0,13,0,0,0,0,0,0,0,0,0,0,0
37264,32,bully,2292,1,0,0,13,0,182,0,1,32,34972,2292,0,14,0,0,0,LEADER,1,0,0,13,0,0,0,0,0,0,0,0,0,0,0
36879,72,bully,1907,1,0,0,13,0,182,0,1,72,34972,1907,0,14,0,0,0,LEADER,1,0,0,13,0,0,0,0,0,0,0,0,0,0,0
37288,63,bully,2316,1,0,0,13,0,182,0,1,63,34972,2316,0,14,0,0,0,LEADER,1,0,0,13,0,0,0,0,0,0,0,0,0,0,0
36764,74,bully,1792,1,0,0,13,0,182,0,1,74,34972,1792,0,14,0,0,0,LEADER,1,0,0,13,0,0,0,0,0,0,0,0,0,0,0
36506,48,bully,1534,1,0,0,13,0,182,0,1,48,34972,1534,0,14,0,0,0,LEADER,1,0,0,13,0,0,0,0,0,0,0,0,0,0,0
36967,57,bully,1995,1,0,0,13,0,182,0,1,57,34972,1995,0,14,0,0,0,LEADER,1,0,0,13,0,0,0,0,0,0,0,0,0,0,0
37037,68,bully,2065,1,0,0,13,0,182,0,1,68,34972,2065,0,14,0,0,0,LEADER,1,0,0,13,0,0,0,0,0,0,0,0,0,0,0
36438,45,bully,1466,1,0,0,13,0,182,0,1,45,34972,1466,0,14,0,0,0,LEADER,1,0,0,13,0,0,0,0,0,0,0,0,0,0,0
36795,93,bully,1823,1,0,0,13,0,182,0,1,93,34972,1823,0,14,0,0,0,LEADER,1,0,0,13,0,0,0,0,0,0,0,0,0,0,0
37376,82,bully,2404,1,0,0,13,0,182,0,1,82,34972,2404,0,14,0,0,0,LEADER,1,0,0,13,0,0,0,0,0,0,0,0,0,0,0
37370,51,bully,2398,1,0,0,13,0,182,0,1,51,34972,2398,0,14,0,0,0,LEADER,1,0,0,13,0,0,0,0,0,0,0,0,0,0,0
36915,39,bully,1943,1,0,0,13,0,182,0,1,39,34972,1943,0,14,0,0,0,LEADER,1,0,0,13,0,0,0,0,0,0,0,0,0,0,0
36661,78,bully,1689,1,0,0,13,0,182,0,1,78,34972,1689,0,14,0,0,0,LEADER,1,0,0,13,0,0,0,0,0,0,0,0,0,0,0
37049,79,bully,2077,1,0,0,13,0,182,0,1,79,34972,2077,0,14,0,0,0,LEADER,1,0,0,13,0,0,0,0,0,0,0,0,0,0,0
36624,14,bully,1652,1,0,0,13,0,182,0,1,14,34972,1652,0,14,0,0,0,LEADER,1,0,0,13,0,0,0,0,0,0,0,0,0,0,0
37051,36,bully,2080,1,0,0,13,0,182,0,1,36,34971,2080,0,14,0,0,0,LEADER,1,0,0,13,0,0,0,0,0,0,0,0,0,0,0
36934,81,bully,1962,1,0,0,13,0,182,0,1,81,34972,1962,0,14,0,0,0,LEADER,1,0,0,13,0,0,0,0,0,0,0,0,0,0,0
36594,67,bully,1622,1,0,0,13,0,182,0,1,67,34972,1622,0,14,0,0,0,LEADER,1,0,0,13,0,0,0,0,0,0,0,0,0,0,0
37355,83,bully,2383,1,0,0,13,0,182,0,1,83,34972,2383,0,14,0,0,0,LEADER,1,0,0,13,0,0,0,0,0,0,0,0,0,0,0
37500,99,bully,1607,1,0,0,14,0,196,0,1,99,35893,1607,0,15,0,0,0,LEADER,1,0,0,14,0,0,0,0,0,0,0,0,0,0,0
36676,55,bully,1704,1,0,0,13,0,182,0,1,55,34972,1704,0,14,0,0,0,LEADER,1,0,0,13,0,0,0,0,0,0,0,0,0,0,0
37467,89,bully,1574,1,0,0,14,0,196,0,1,89,35893,1574,0,15,0,0,0,LEADER,1,0,0,14,0,0,0,0,0,0,0,0,0,0,0
36628,77,bully,1656,1,0,0,13,0,182,0,1,77,34972,1656,0,14,0,0,0,LEADER,1,0,0,13,0,0,0,0,0,0,0,0,0,0,0
36900,71,bully,1928,1,0,0,13,0,182,0,1,71,34972,1928,0,14,0,0,0,LEADER,1,0,0,13,0,0,0,0,0,0,0,0,0,0,0
36812,52,bully,1840,1,0,0,13,0,182,0,1,52,34972,1840,0,14,0,0,0,LEADER,1,0,0,13,0,0,0,0,0,0,0,0,0,0,0
37183,76,bully,2213,1,0,0,13,0,182,0,1,76,34970,2213,0,14,0,0,0,LEADER,1,0,0,13,0,0,0,0,0,0,0,0,0,0,0
36779,10,bully,1807,1,0,0,13,0,182,0,1,10,34972,1807,0,14,0,0,0,LEADER,1,0,0,13,0,0,0,0,0,0,0,0,0,0,0
36712,22,bully,1740,1,0,0,13,0,182,0,1,22,34972,1740,0,14,0,0,0,LEADER,1,0,0,13,0,0,0,0,0,0,0,0,0,0,0
36861,21,bully,1889,1,0,0,13,0,182,0,1,21,34972,1889,0,14,0,0,0,LEADER,1,0,0,13,0,0,0,0,0,0,0,0,0,0,0
37118,56,bully,2146,1,0,0,13,0,182,0,1,56,34972,2146,0,14,0,0,0,LEADER,1,0,0,13,0,0,0,0,0,0,0,0,0,0,0
36643,60,bully,1671,1,0,0,13,0,182,0,1,60,34972,1671,0,14,0,0,0,LEADER,1,0,0,13,0,0,0,0,0,0,0,0,0,0,0
37497,25,bully,1604,1,0,0,14,0,196,0,1,25,35893,1604,0,15,0,0,0,LEADER,1,0,0,14,0,0,0,0,0,0,0,0,0,0,0
36709,65,bully,1737,1,0,0,13,0,182,0,1,65,34972,1737,0,14,0,0,0,LEADER,1,0,0,13,0,0,0,0,0,0,0,0,0,0,0
37385,19,bully,2413,1,0,0,13,0,182,0,1,19,34972,2413,0,14,0,0,0,LEADER,1,0,0,13,0,0,0,0,0,0,0,0,0,0,0
37015,69,bully,2043,1,0,0,13,0,182,0,1,69,34972,2043,0,14,0,0,0,LEADER,1,0,0,13,0,0,0,0,0,0,0,0,0,0,0
37618,54,bully,1725,1,0,0,14,0,196,0,1,54,35893,1725,0,15,0,0,0,LEADER,1,0,0,14,0,0,0,0,0,0,0,0,0,0,0
36964,17,bully,1992,1,0,0,13,0,182,0,1,17,34972,1992,0,14,0,0,0,LEADER,1,0,0,13,0,0,0,0,0,0,0,0,0,0,0
37479,100,bully,1586,1,0,0,14,0,196,0,1,100,35893,1586,0,15,0,0,0,LEADER,1,0,0,14,0,0,0,0,0,0,0,0,0,0,0
37442,16,bully,1549,1,0,0,14,0,196,0,1,16,35893,1549,0,15,0,0,0,LEADER,1,0,0,14,0,0,0,0,0,0,0,0,0,0,0
37030,37,bully,2058,1,0,0,13,0,182,0,1,37,34972,2058,0,14,0,0,0,LEADER,1,0,0,13,0,0,0,0,0,0,0,0,0,0,0
37667,13,bully,1774,1,0,0,14,0,196,0,1,13,35893,1774,0,15,0,0,0,LEADER,1,0,0,14,0,0,0,0,0,0,0,0,0,0,0
36827,20,bully,1855,1,0,0,13,0,182,0,1,20,34972,1855,0,14,0,0,0,LEADER,1,0,0,13,0,0,0,0,0,0,0,0,0,0,0
37460,41,bully,1567,1,0,0,14,0,196,0,1,41,35893,1567,0,15,0,0,0,LEADER,1,0,0,14,0,0,0,0,0,0,0,0,0,0,0
37449,47,bully,1556,1,0,0,14,0,196,0,1,47,35893,1556,0,15,0,0,0,LEADER,1,0,0,14,0,0,0,0,0,0,0,0,0,0,0
37273,95,bully,2301,1,0,0,13,0,182,0,1,95,34972,2301,0,14,0,0,0,LEADER,1,0,0,13,0,0,0,0,0,0,0,0,0,0,0
37137,98,bully,2165,1,0,0,13,0,182,0,1,98,34972,2165,0,14,0,0,0,LEADER,1,0,0,13,0,0,0,0,0,0,0,0,0,0,0
37321,73,bully,2349,1,0,0,13,0,182,0,1,73,34972,2349,0,14,0,0,0,LEADER,1,0,0,13,0,0,0,0,0,0,0,0,0,0,0
36867,61,bully,1895,1,0,0,13,0,182,0,1,61,34972,1895,0,14,0,0,0,LEADER,1,0,0,13,0,0,0,0,0,0,0,0,0,0,0
37615,97,bully,1722,1,0,0,14,0,196,0,1,97,35893,1722,0,15,0,0,0,LEADER,1,0,0,14,0,0,0,0,0,0,0,0,0,0,0
37645,33,bully,1752,1,0,0,14,0,196,0,1,33,35893,1752,0,15,0,0,0,LEADER,1,0,0,14,0,0,0,0,0,0,0,0,0,0,0
37303,31,bully,2331,1,0,0,13,0,182,0,1,31,34972,2331,0,14,0,0,0,LEADER,1,0,0,13,0,0,0,0,0,0,0,0,0,0,0
37803,29,bully,1910,1,0,0,14,0,196,0,1,29,35893,1910,0,15,0,0,0,LEADER,1,0,0,14,0,0,0,0,0,0,0,0,0,0,0
37815,40,bully,1922,1,0,0,14,0,196,0,1,40,35893,1922,0,15,0,0,0,LEADER,1,0,0,14,0,0,0,0,0,0,0,0,0,0,0
37636,96,bully,1744,1,0,0,14,0,196,0,1,96,35892,1744,0,15,0,0,0,LEADER,1,0,0,14,0,0,0,0,0,0,0,0,0,0,0
37718,84,bully,1825,1,0,0,14,0,196,0,1,84,35893,1825,0,15,0,0,0,LEADER,1,0,0,14,0,0,0,0,0,0,0,0,0,0,0
37412,80,bully,1519,1,0,0,14,0,196,0,1,80,35893,1519,0,15,0,0,0,LEADER,1,0,0,14,0,0,0,0,0,0,0,0,0,0,0
37255,53,bully,2283,1,0,0,13,0,182,0,1,53,34972,2283,0,14,0,0,0,LEADER,1,0,0,13,0,0,0,0,0,0,0,0,0,0,0
37331,92,bully,1438,1,0,0,14,0,196,0,1,92,35893,1438,0,15,0,0,0,LEADER,1,0,0,14,0,0,0,0,0,0,0,0,0,0,0
37767,62,bully,1874,1,0,0,14,0,196,0,1,62,35893,1874,0,15,0,0,0,LEADER,1,0,0,14,0,0,0,0,0,0,0,0,0,0,0
37512,91,bully,1619,1,0,0,14,0,196,0,1,91,35893,1619,0,15,0,0,0,LEADER,1,0,0,14,0,0,0,0,0,0,0,0,0,0,0
37464,15,bully,1571,1,0,0,14,0,196,0,1,15,35893,1571,0,15,0,0,0,LEADER,1,0,0,14,0,0,0,0,0,0,0,0,0,0,0
37133,26,bully,2161,1,0,0,13,0,182,0,1,26,34972,2161,0,14,0,0,0,LEADER,1,0,0,13,0,0,0,0,0,0,0,0,0,0,0
37870,49,bully,1977,1,0,0,14,0,196,0,1,49,35893,1977,0,15,0,0,0,LEADER,1,0,0,14,0,0,0,0,0,0,0,0,0,0,0
37685,58,bully,1792,1,0,0,14,0,196,0,1,58,35893,1792,0,15,0,0,0,LEADER,1,0,0,14,0,0,0,0,0,0,0,0,0,0,0
37218,86,bully,2246,1,0,0,13,0,182,0,1,86,34972,2246,0,14,0,0,0,LEADER,1,0,0,13,0,0,0,0,0,0,0,0,0,0,0
37391,50,bully,2419,1,0,0,13,0,182,0,1,50,34972,2419,0,14,0,0,0,LEADER,1,0,0,13,0,0,0,0,0,0,0,0,0,0,0
37243,85,bully,2268,1,0,0,13,0,182,0,1,85,34975,2268,0,14,0,0,0,LEADER,1,0,0,13,0,0,0,0,0,0,0,0,0,0,0
37182,87,bully,2212,1,0,0,13,0,182,0,1,87,34970,2212,0,14,0,0,0,LEADER,1,0,0,13,0,0,0,0,0,0,0,0,0,0,0
37388,64,bully,2416,1,0,0,13,0,182,0,1,64,34972,2416,0,14,0,0,0,LEADER,1,0,0,13,0,0,0,0,0,0,0,0,0,0,0
37236,11,bully,2264,1,0,0,13,0,182,0,1,11,34972,2264,0,14,0,0,0,LEADER,1,0,0,13,0,0,0,0,0,0,0,0,0,0,0
37327,18,bully,1434,1,0,0,14,0,196,0,1,18,35893,1434,0,15,0,0,0,LEADER,1,0,0,14,0,0,0,0,0,0,0,0,0,0,0
37446,90,bully,1553,1,0,0,14,0,196,0,1,90,35893,1553,0,15,0,0,0,LEADER,1,0,0,14,0,0,0,0,0,0,0,0,0,0,0
37340,35,bully,1447,1,0,0,14,0,196,0,1,35,35893,1447,0,15,0,0,0,LEADER,1,0,0,14,0,0,0,0,0,0,0,0,0,0,0
37221,43,bully,2249,1,0,0,13,0,182,0,1,43,34972,2249,0,14,0,0,0,LEADER,1,0,0,13,0,0,0,0,0,0,0,0,0,0,0
37360,28,bully,1467,1,0,0,14,0,196,0,1,28,35893,1467,0,15,0,0,0,LEADER,1,0,0,14,0,0,0,0,0,0,0,0,0,0,0
37199,44,bully,2228,1,0,0,13,0,182,0,1,44,34971,2228,0,14,0,0,0,LEADER,1,0,0,13,0,0,0,0,0,0,0,0,0,0,0
38034,23,bully,2141,1,0,0,14,0,196,0,1,23,35893,2141,0,15,0,0,0,LEADER,1,0,0,14,0,0,0,0,0,0,0,0,0,0,0
37354,30,bully,1461,1,0,0,14,0,196,0,1,30,35893,1461,0,15,0,0,0,LEADER,1,0,0,14,0,0,0,0,0,0,0,0,0,0,0
37752,94,bully,1859,1,0,0,14,0,196,0,1,94,35893,1859,0,15,0,0,0,LEADER,1,0,0,14,0,0,0,0,0,0,0,0,0,0,0
37394,38,bully,1501,1,0,0,14,0,196,0,1,38,35893,1501,0,15,0,0,0,LEADER,1,0,0,14,0,0,0,0,0,0,0,0,0,0,0
38073,66,bully,2180,1,0,0,14,0,196,0,1,66,35893,2180,0,15,0,0,0,LEADER,1,0,0,14,0,0,0,0,0,0,0,0,0,0,0
37379,70,bully,1486,1,0,0,14,0,196,0,1,70,35893,1486,0,15,0,0,0,LEADER,1,0,0,14,0,0,0,0,0,0,0,0,0,0,0
38024,88,bully,2131,1,0,0,14,0,196,0,1,88,35893,2131,0,15,0,0,0,LEADER,1,0,0,14,0,0,0,0,0,0,0,0,0,0,0
37207,75,bully,2235,1,0,0,13,0,182,0,1,75,34972,2235,0,14,0,0,0,LEADER,1,0,0,13,0,0,0,0,0,0,0,0,0,0,0
37215,12,bully,2243,1,0,0,13,0,182,0,1,12,34972,2243,0,14,0,0,0,LEADER,1,0,0,13,0,0,0,0,0,0,0,0,0,0,0
37918,27,bully,2025,1,0,0,14,0,196,0,1,27,35893,2025,0,15,0,0,0,LEADER,1,0,0,14,0,0,0,0,0,0,0,0,0,0,0
37407,42,bully,1514,1,0,0,14,0,196,0,1,42,35893,1514,0,15,0,0,0,LEADER,1,0,0,14,0,0,0,0,0,0,0,0,0,0,0
38054,24,bully,2161,1,0,0,14,0,196,0,1,24,35893,2161,0,15,0,0,0,LEADER,1,0,0,14,0,0,0,0,0,0,0,0,0,0,0
38006,46,bully,2113,1,0,0,14,0,196,0,1,46,35893,2113,0,15,0,0,0,LEADER,1,0,0,14,0,0,0,0,0,0,0,0,0,0,0
37530,34,bully,1637,1,0,0,14,0,196,0,1,34,35893,1637,0,15,0,0,0,LEADER,1,0,0,14,0,0,0,0,0,0,0,0,0,0,0
37903,59,bully,2010,1,0,0,14,0,196,0,1,59,35893,2010,0,15,0,0,0,LEADER,1,0,0,14,0,0,0,0,0,0,0,0,0,0,0
38185,32,bully,2292,1,0,0,14,0,196,0,1,32,35893,2292,0,15,0,0,0,LEADER,1,0,0,14,0,0,0,0,0,0,0,0,0,0,0
37800,72,bully,1907,1,0,0,14,0,196,0,1,72,35893,1907,0,15,0,0,0,LEADER,1,0,0,14,0,0,0,0,0,0,0,0,0,0,0
38209,63,bully,2316,1,0,0,14,0,196,0,1,63,35893,2316,0,15,0,0,0,LEADER,1,0,0,14,0,0,0,0,0,0,0,0,0,0,0
37685,74,bully,1792,1,0,0,14,0,196,0,1,74,35893,1792,0,15,0,0,0,LEADER,1,0,0,14,0,0,0,0,0,0,0,0,0,0,0
37427,48,bully,1534,1,0,0,14,0,196,0,1,48,35893,1534,0,15,0,0,0,LEADER,1,0,0,14,0,0,0,0,0,0,0,0,0,0,0
37888,57,bully,1995,1,0,0,14,0,196,0,1,57,35893,1995,0,15,0,0,0,LEADER,1,0,0,14,0,0,0,0,0,0,0,0,0,0,0
37958,68,bully,2065,1,0,0,14,0,196,0,1,68,35893,2065,0,15,0,0,0,LEADER,1,0,0,14,0,0,0,0,0,0,0,0,0,0,0
37359,45,bully,1466,1,0,0,14,0,196,0,1,45,35893,1466,0,15,0,0,0,LEADER,1,0,0,14,0,0,0,0,0,0,0,0,0,0,0
37716,93,bully,1823,1,0,0,14,0,196,0,1,93,35893,1823,0,15,0,0,0,LEADER,1,0,0,14,0,0,0,0,0,0,0,0,0,0,0
38297,82,bully,2404,1,0,0,14,0,196,0,1,82,35893,2404,0,15,0,0,0,LEADER,1,0,0,14,0,0,0,0,0,0,0,0,0,0,0
38291,51,bully,2398,1,0,0,14,0,196,0,1,51,35893,2398,0,15,0,0,0,LEADER,1,0,0,14,0,0,0,0,0,0,0,0,0,0,0
37836,39,bully,1943,1,0,0,14,0,196,0,1,39,35893,1943,0,15,0,0,0,LEADER,1,0,0,14,0,0,0,0,0,0,0,0,0,0,0
37582,78,bully,1689,1,0,0,14,0,196,0,1,78,35893,1689,0,15,0,0,0,LEADER,1,0,0,14,0,0,0,0,0,0,0,0,0,0,0
37970,79,bully,2077,1,0,0,14,0,196,0,1,79,35893,2077,0,15,0,0,0,LEADER,1,0,0,14,0,0,0,0,0,0,0,0,0,0,0
37545,14,bully,1652,1,0,0,14,0,196,0,1,14,35893,1652,0,15,0,0,0,LEADER,1,0,0,14,0,0,0,0,0,0,0,0,0,0,0
37972,36,bully,2080,1,0,0,14,0,196,0,1,36,35892,2080,0,15,0,0,0,LEADER,1,0,0,14,0,0,0,0,0,0,0,0,0,0,0
37855,81,bully,1962,1,0,0,14,0,196,0,1,81,35893,1962,0,15,0,0,0,LEADER,1,0,0,14,0,0,0,0,0,0,0,0,0,0,0
37515,67,bully,1622,1,0,0,14,0,196,0,1,67,35893,1622,0,15,0,0,0,LEADER,1,0,0,14,0,0,0,0,0,0,0,0,0,0,0
38276,83,bully,2383,1,0,0,14,0,196,0,1,83,35893,2383,0,15,0,0,0,LEADER,1,0,0,14,0,0,0,0,0,0,0,0,0,0,0
38420,99,bully,1607,1,0,0,14,0,196,0,1,99,36813,1607,0,15,0,0,0,LEADER,1,0,0,14,0,0,0,0,0,0,0,0,0,0,0
37597,55,bully,1704,1,0,0,14,0,196,0,1,55,35893,1704,0,15,0,0,0,LEADER,1,0,0,14,0,0,0,0,0,0,0,0,0,0,0
38387,89,bully,1574,1,0,0,14,0,196,0,1,89,36813,1574,0,15,0,0,0,LEADER,1,0,0,14,0,0,0,0,0,0,0,0,0,0,0
37549,77,bully,1656,1,0,0,14,0,196,0,1,77,35893,1656,0,15,0,0,0,LEADER,1,0,0,14,0,0,0,0,0,0,0,0,0,0,0
37821,71,bully,1928,1,0,0,14,0,196,0,1,71,35893,1928,0,15,0,0,0,LEADER,1,0,0,14,0,0,0,0,0,0,0,0,0,0,0
37733,52,bully,1840,1,0,0,14,0,196,0,1,52,35893,1840,0,15,0,0,0,LEADER,1,0,0,14,0,0,0,0,0,0,0,0,0,0,0
38104,76,bully,2213,1,0,0,14,0,196,0,1,76,35891,2213,0,15,0,0,0,LEADER,1,0,0,14,0,0,0,0,0,0,0,0,0,0,0
37700,10,bully,1807,1,0,0,14,0,196,0,1,10,35893,1807,0,15,0,0,0,LEADER,1,0,0,14,0,0,0,0,0,0,0,0,0,0,0
37633,22,bully,1740,1,0,0,14,0,196,0,1,22,35893,1740,0,15,0,0,0,LEADER,1,0,0,14,0,0,0,0,0,0,0,0,0,0,0
37782,21,bully,1889,1,0,0,14,0,196,0,1,21,35893,1889,0,15,0,0,0,LEADER,1,0,0,14,0,0,0,0,0,0,0,0,0,0,0
38039,56,bully,2146,1,0,0,14,0,196,0,1,56,35893,2146,0,15,0,0,0,LEADER,1,0,0,14,0,0,0,0,0,0,0,0,0,0,0
37564,60,bully,1671,1,0,0,14,0,196,0,1,60,35893,1671,0,15,0,0,0,LEADER,1,0,0,14,0,0,0,0,0,0,0,0,0,0,0
38417,25,bully,1604,1,0,0,14,0,196,0,1,25,36813,1604,0,15,0,0,0,LEADER,1,0,0,14,0,0,0,0,0,0,0,0,0,0,0
37630,65,bully,1737,1,0,0,14,0,196,0,1,65,35893,1737,0,15,0,0,0,LEADER,1,0,0,14,0,0,0,0,0,0,0,0,0,0,0
38306,19,bully,2413,1,0,0,14,0,196,0,1,19,35893,2413,0,15,0,0,0,LEADER,1,0,0,14,0,0,0,0,0,0,0,0,0,0,0
37936,69,bully,2043,1,0,0,14,0,196,0,1,69,35893,2043,0,15,0,0,0,LEADER,1,0,0,14,0,0,0,0,0,0,0,0,0,0,0
38538,54,bully,1725,1,0,0,14,0,196,0,1,54,36813,1725,0,15,0,0,0,LEADER,1,0,0,14,0,0,0,0,0,0,0,0,0,0,0
37885,17,bully,1992,1,0,0,14,0,196,0,1,17,35893,1992,0,15,0,0,0,LEADER,1,0,0,14,0,0,0,0,0,0,0,0,0,0,0
38399,100,bully,1586,1,0,0,14,0,196,0,1,100,36813,1586,0,15,0,0,0,LEADER,1,0,0,14,0,0,0,0,0,0,0,0,0,0,0
38362,16,bully,1549,1,0,0,14,0,196,0,1,16,36813,1549,0,15,0,0,0,LEADER,1,0,0,14,0,0,0,0,0,0,0,0,0,0,0
37951,37,bully,2058,1,0,0,14,0,196,0,1,37,35893,2058,0,15,0,0,0,LEADER,1,0,0,14,0,0,0,0,0,0,0,0,0,0,0
38587,13,bully,1774,1,0,0,14,0,196,0,1,13,36813,1774,0,15,0,0,0,LEADER,1,0,0,14,0,0,0,0,0,0,0,0,0,0,0
37748,20,bully,1855,1,0,0,14,0,196,0,1,20,35893,1855,0,15,0,0,0,LEADER,1,0,0,14,0,0,0,0,0,0,0,0,0,0,0
38380,41,bully,1567,1,0,0,14,0,196,0,1,41,36813,1567,0,15,0,0,0,LEADER,1,0,0,14,0,0,0,0,0,0,0,0,0,0,0
38369,47,bully,1556,1,0,0,14,0,196,0,1,47,36813,1556,0,15,0,0,0,LEADER,1,0,0,14,0,0,0,0,0,0,0,0,0,0,0
38194,95,bully,2301,1,0,0,14,0,196,0,1,95,35893,2301,0,15,0,0,0,LEADER,1,0,0,14,0,0,0,0,0,0,0,0,0,0,0
38058,98,bully,2165,1,0,0,14,0,196,0,1,98,35893,2165,0,15,0,0,0,LEADER,1,0,0,14,0,0,0,0,0,0,0,0,0,0,0
38242,73,bully,2349,1,0,0,14,0,196,0,1,73,35893,2349,0,15,0,0,0,LEADER,1,0,0,14,0,0,0,0,0,0,0,0,0,0,0
38565,33,bully,1752,1,0,0,14,0,196,0,1,33,36813,1752,0,15,0,0,0,LEADER,1,0,0,14,0,0,0,0,0,0,0,0,0,0,0
38535,97,bully,1722,1,0,0,14,0,196,0,1,97,36813,1722,0,15,0,0,0,LEADER,1,0,0,14,0,0,0,0,0,0,0,0,0,0,0
37788,61,bully,1895,1,0,0,14,0,196,0,1,61,35893,1895,0,15,0,0,0,LEADER,1,0,0,14,0,0,0,0,0,0,0,0,0,0,0
38735,40,bully,1922,1,0,0,14,0,196,0,1,40,36813,1922,0,15,0,0,0,LEADER,1,0,0,14,0,0,0,0,0,0,0,0,0,0,0
38723,29,bully,1910,1,0,0,14,0,196,0,1,29,36813,1910,0,15,0,0,0,LEADER,1,0,0,14,0,0,0,0,0,0,0,0,0,0,0
38224,31,bully,2331,1,0,0,14,0,196,0,1,31,35893,2331,0,15,0,0,0,LEADER,1,0,0,14,0,0,0,0,0,0,0,0,0,0,0
38556,96,bully,1744,1,0,0,14,0,196,0,1,96,36812,1744,0,15,0,0,0,LEADER,1,0,0,14,0,0,0,0,0,0,0,0,0,0,0
38638,84,bully,1825,1,0,0,14,0,196,0,1,84,36813,1825,0,15,0,0,0,LEADER,1,0,0,14,0,0,0,0,0,0,0,0,0,0,0
38332,80,bully,1519,1,0,0,14,0,196,0,1,80,36813,1519,0,15,0,0,0,LEADER,1,0,0,14,0,0,0,0,0,0,0,0,0,0,0
38176,53,bully,2283,1,0,0,14,0,196,0,1,53,35893,2283,0,15,0,0,0,LEADER,1,0,0,14,0,0,0,0,0,0,0,0,0,0,0
38251,92,bully,1438,1,0,0,14,0,196,0,1,92,36813,1438,0,15,0,0,0,LEADER,1,0,0,14,0,0,0,0,0,0,0,0,0,0,0
38687,62,bully,1874,1,0,0,14,0,196,0,1,62,36813,1874,0,15,0,0,0,LEADER,1,0,0,14,0,0,0,0,0,0,0,0,0,0,0
38432,91,bully,1619,1,0,0,14,0,196,0,1,91,36813,1619,0,15,0,0,0,LEADER,1,0,0,14,0,0,0,0,0,0,0,0,0,0,0
38384,15,bully,1571,1,0,0,14,0,196,0,1,15,36813,1571,0,15,0,0,0,LEADER,1,0,0,14,0,0,0,0,0,0,0,0,0,0,0
38054,26,bully,2161,1,0,0,14,0,196,0,1,26,35893,2161,0,15,0,0,0,LEADER,1,0,0,14,0,0,0,0,0,0,0,0,0,0,0
38790,49,bully,1977,1,0,0,14,0,196,0,1,49,36813,1977,0,15,0,0,0,LEADER,1,0,0,14,0,0,0,0,0,0,0,0,0,0,0
38605,58,bully,1792,1,0,0,14,0,196,0,1,58,36813,1792,0,15,0,0,0,LEADER,1,0,0,14,0,0,0,0,0,0,0,0,0,0,0
38139,86,bully,2246,1,0,0,14,0,196,0,1,86,35893,2246,0,15,0,0,0,LEADER,1,0,0,14,0,0,0,0,0,0,0,0,0,0,0
38312,50,bully,2419,1,0,0,14,0,196,0,1,50,35893,2419,0,15,0,0,0,LEADER,1,0,0,14,0,0,0,0,0,0,0,0,0,0,0
38164,85,bully,2268,1,0,0,14,0,196,0,1,85,35896,2268,0,15,0,0,0,LEADER,1,0,0,14,0,0,0,0,0,0,0,0,0,0,0
38103,87,bully,2212,1,0,0,14,0,196,0,1,87,35891,2212,0,15,0,0,0,LEADER,1,0,0,14,0,0,0,0,0,0,0,0,0,0,0
38309,64,bully,2416,1,0,0,14,0,196,0,1,64,35893,2416,0,15,0,0,0,LEADER,1,0,0,14,0,0,0,0,0,0,0,0,0,0,0
38157,11,bully,2264,1,0,0,14,0,196,0,1,11,35893,2264,0,15,0,0,0,LEADER,1,0,0,14,0,0,0,0,0,0,0,0,0,0,0
38247,18,bully,1434,1,0,0,14,0,196,0,1,18,36813,1434,0,15,0,0,0,LEADER,1,0,0,14,0,0,0,0,0,0,0,0,0,0,0
38366,90,bully,1553,1,0,0,14,0,196,0,1,90,36813,1553,0,15,0,0,0,LEADER,1,0,0,14,0,0,0,0,0,0,0,0,0,0,0
38260,35,bully,1447,1,0,0,14,0,196,0,1,35,36813,1447,0,15,0,0,0,LEADER,1,0,0,14,0,0,0,0,0,0,0,0,0,0,0
38142,43,bully,2249,1,0,0,14,0,196,0,1,43,35893,2249,0,15,0,0,0,LEADER,1,0,0,14,0,0,0,0,0,0,0,0,0,0,0
38280,28,bully,1467,1,0,0,14,0,196,0,1,28,36813,1467,0,15,0,0,0,LEADER,1,0,0,14,0,0,0,0,0,0,0,0,0,0,0
38954,23,bully,2141,1,0,0,14,0,196,0,1,23,36813,2141,0,15,0,0,0,LEADER,1,0,0,14,0,0,0,0,0,0,0,0,0,0,0
38120,44,bully,2228,1,0,0,14,0,196,0,1,44,35892,2228,0,15,0,0,0,LEADER,1,0,0,14,0,0,0,0,0,0,0,0,0,0,0
38274,30,bully,1461,1,0,0,14,0,196,0,1,30,36813,1461,0,15,0,0,0,LEADER,1,0,0,14,0,0,0,0,0,0,0,0,0,0,0
38672,94,bully,1859,1,0,0,14,0,196,0,1,94,36813,1859,0,15,0,0,0,LEADER,1,0,0,14,0,0,0,0,0,0,0,0,0,0,0
38314,38,bully,1501,1,0,0,14,0,196,0,1,38,36813,1501,0,15,0,0,0,LEADER,1,0,0,14,0,0,0,0,0,0,0,0,0,0,0
38993,66,bully,2180,1,0,0,14,0,196,0,1,66,36813,2180,0,15,0,0,0,LEADER,1,0,0,14,0,0,0,0,0,0,0,0,0,0,0
38299,70,bully,1486,1,0,0,14,0,196,0,1,70,36813,1486,0,15,0,0,0,LEADER,1,0,0,14,0,0,0,0,0,0,0,0,0,0,0
38944,88,bully,2131,1,0,0,14,0,196,0,1,88,36813,2131,0,15,0,0,0,LEADER,1,0,0,14,0,0,0,0,0,0,0,0,0,0,0
38128,75,bully,2235,1,0,0,14,0,196,0,1,75,35893,2235,0,15,0,0,0,LEADER,1,0,0,14,0,0,0,0,0,0,0,0,0,0,0
38136,12,bully,2243,1,0,0,14,0,196,0,1,12,35893,2243,0,15,0,0,0,LEADER,1,0,0,14,0,0,0,0,0,0,0,0,0,0,0
38838,27,bully,2025,1,0,0,14,0,196,0,1,27,36813,2025,0,15,0,0,0,LEADER,1,0,0,14,0,0,0,0,0,0,0,0,0,0,0
38327,42,bully,1514,1,0,0,14,0,196,0,1,42,36813,1514,0,15,0,0,0,LEADER,1,0,0,14,0,0,0,0,0,0,0,0,0,0,0
38974,24,bully,2161,1,0,0,14,0,196,0,1,24,36813,2161,0,15,0,0,0,LEADER,1,0,0,14,0,0,0,0,0,0,0,0,0,0,0
38926,46,bully,2113,1,0,0,14,0,196,0,1,46,36813,2113,0,15,0,0,0,LEADER,1,0,0,14,0,0,0,0,0,0,0,0,0,0,0
38450,34,bully,1637,1,0,0,14,0,196,0,1,34,36813,1637,0,15,0,0,0,LEADER,1,0,0,14,0,0,0,0,0,0,0,0,0,0,0
38823,59,bully,2010,1,0,0,14,0,196,0,1,59,36813,2010,0,15,0,0,0,LEADER,1,0,0,14,0,0,0,0,0,0,0,0,0,0,0
39105,32,bully,2292,1,0,0,14,0,196,0,1,32,36813,2292,0,15,0,0,0,LEADER,1,0,0,14,0,0,0,0,0,0,0,0,0,0,0
38720,72,bully,1907,1,0,0,14,0,196,0,1,72,36813,1907,0,15,0,0,0,LEADER,1,0,0,14,0,0,0,0,0,0,0,0,0,0,0
39129,63,bully,2316,1,0,0,14,0,196,0,1,63,36813,2316,0,15,0,0,0,LEADER,1,0,0,14,0,0,0,0,0,0,0,0,0,0,0
38605,74,bully,1792,1,0,0,14,0,196,0,1,74,36813,1792,0,15,0,0,0,LEADER,1,0,0,14,0,0,0,0,0,0,0,0,0,0,0
38347,48,bully,1534,1,0,0,14,0,196,0,1,48,36813,1534,0,15,0,0,0,LEADER,1,0,0,14,0,0,0,0,0,0,0,0,0,0,0
38808,57,bully,1995,1,0,0,14,0,196,0,1,57,36813,1995,0,15,0,0,0,LEADER,1,0,0,14,0,0,0,0,0,0,0,0,0,0,0
38878,68,bully,2065,1,0,0,14,0,196,0,1,68,36813,2065,0,15,0,0,0,LEADER,1,0,0,14,0,0,0,0,0,0,0,0,0,0,0
38279,45,bully,1466,1,0,0,14,0,196,0,1,45,36813,1466,0,15,0,0,0,LEADER,1,0,0,14,0,0,0,0,0,0,0,0,0,0,0
38636,93,bully,1823,1,0,0,14,0,196,0,1,93,36813,1823,0,15,0,0,0,LEADER,1,0,0,14,0,0,0,0,0,0,0,0,0,0,0
39217,82,bully,2404,1,0,0,14,0,196,0,1,82,36813,2404,0,15,0,0,0,LEADER,1,0,0,14,0,0,0,0,0,0,0,0,0,0,0
39211,51,bully,2398,1,0,0,14,0,196,0,1,51,36813,2398,0,15,0,0,0,LEADER,1,0,0,14,0,0,0,0,0,0,0,0,0,0,0
38756,39,bully,1943,1,0,0,14,0,196,0,1,39,36813,1943,0,15,0,0,0,LEADER,1,0,0,14,0,0,0,0,0,0,0,0,0,0,0
38502,78,bully,1689,1,0,0,14,0,196,0,1,78,36813,1689,0,15,0,0,0,LEADER,1,0,0,14,0,0,0,0,0,0,0,0,0,0,0
38890,79,bully,2077,1,0,0,14,0,196,0,1,79,36813,2077,0,15,0,0,0,LEADER,1,0,0,14,0,0,0,0,0,0,0,0,0,0,0
38465,14,bully,1652,1,0,0,14,0,196,0,1,14,36813,1652,0,15,0,0,0,LEADER,1,0,0,14,0,0,0,0,0,0,0,0,0,0,0
38892,36,bully,2080,1,0,0,14,0,196,0,1,36,36812,2080,0,15,0,0,0,LEADER,1,0,0,14,0,0,0,0,0,0,0,0,0,0,0
38775,81,bully,1962,1,0,0,14,0,196,0,1,81,36813,1962,0,15,0,0,0,LEADER,1,0,0,14,0,0,0,0,0,0,0,0,0,0,0
38435,67,bully,1622,1,0,0,14,0,196,0,1,67,36813,1622,0,15,0,0,0,LEADER,1,0,0,14,0,0,0,0,0,0,0,0,0,0,0
39196,83,bully,2383,1,0,0,14,0,196,0,1,83,36813,2383,0,15,0,0,0,LEADER,1,0,0,14,0,0,0,0,0,0,0,0,0,0,0
39340,99,bully,1607,1,0,0,14,0,196,0,1,99,37733,1607,0,15,0,0,0,LEADER,1,0,0,14,0,0,0,0,0,0,0,0,0,0,0
38517,55,bully,1704,1,0,0,14,0,196,0,1,55,36813,1704,0,15,0,0,0,LEADER,1,0,0,14,0,0,0,0,0,0,0,0,0,0,0
39307,89,bully,1574,1,0,0,14,0,196,0,1,89,37733,1574,0,15,0,0,0,LEADER,1,0,0,14,0,0,0,0,0,0,0,0,0,0,0
38469,77,bully,1656,1,0,0,14,0,196,0,1,77,36813,1656,0,15,0,0,0,LEADER,1,0,0,14,0,0,0,0,0,0,0,0,0,0,0
38741,71,bully,1928,1,0,0,14,0,196,0,1,71,36813,1928,0,15,0,0,0,LEADER,1,0,0,14,0,0,0,0,0,0,0,0,0,0,0
38653,52,bully,1840,1,0,0,14,0,196,0,1,52,36813,1840,0,15,0,0,0,LEADER,1,0,0,14,0,0,0,0,0,0,0,0,0,0,0
39024,76,bully,2213,1,0,0,14,0,196,0,1,76,36811,2213,0,15,0,0,0,LEADER,1,0,0,14,0,0,0,0,0,0,0,0,0,0,0
38620,10,bully,1807,1,0,0,14,0,196,0,1,10,36813,1807,0,15,0,0,0,LEADER,1,0,0,14,0,0,0,0,0,0,0,0,0,0,0
38553,22,bully,1740,1,0,0,14,0,196,0,1,22,36813,1740,0,15,0,0,0,LEADER,1,0,0,14,0,0,0,0,0,0,0,0,0,0,0
38702,21,bully,1889,1,0,0,14,0,196,0,1,21,36813,1889,0,15,0,0,0,LEADER,1,0,0,14,0,0,0,0,0,0,0,0,0,0,0
38959,56,bully,2146,1,0,0,14,0,196,0,1,56,36813,2146,0,15,0,0,0,LEADER,1,0,0,14,0,0,0,0,0,0,0,0,0,0,0
38484,60,bully,1671,1,0,0,14,0,196,0,1,60,36813,1671,0,15,0,0,0,LEADER,1,0,0,14,0,0,0,0,0,0,0,0,0,0,0
39337,25,bully,1604,1,0,0,14,0,196,0,1,25,37733,1604,0,15,0,0,0,LEADER,1,0,0,14,0,0,0,0,0,0,0,0,0,0,0
38550,65,bully,1737,1,0,0,14,0,196,0,1,65,36813,1737,0,15,0,0,0,LEADER,1,0,0,14,0,0,0,0,0,0,0,0,0,0,0
39226,19,bully,2413,1,0,0,14,0,196,0,1,19,36813,2413,0,15,0,0,0,LEADER,1,0,0,14,0,0,0,0,0,0,0,0,0,0,0
38856,69,bully,2043,1,0,0,14,0,196,0,1,69,36813,2043,0,15,0,0,0,LEADER,1,0,0,14,0,0,0,0,0,0,0,0,0,0,0
39458,54,bully,1725,1,0,0,14,0,196,0,1,54,37733,1725,0,15,0,0,0,LEADER,1,0,0,14,0,0,0,0,0,0,0,0,0,0,0
38805,17,bully,1992,1,0,0,14,0,196,0,1,17,36813,1992,0,15,0,0,0,LEADER,1,0,0,14,0,0,0,0,0,0,0,0,0,0,0
39319,100,bully,1586,1,0,0,14,0,196,0,1,100,37733,1586,0,15,0,0,0,LEADER,1,0,0,14,0,0,0,0,0,0,0,0,0,0,0
39282,16,bully,1549,1,0,0,14,0,196,0,1,16,37733,1549,0,15,0,0,0,LEADER,1,0,0,14,0,0,0,0,0,0,0,0,0,0,0
38871,37,bully,2058,1,0,0,14,0,196,0,1,37,36813,2058,0,15,0,0,0,LEADER,1,0,0,14,0,0,0,0,0,0,0,0,0,0,0
39507,13,bully,1774,1,0,0,14,0,196,0,1,13,37733,1774,0,15,0,0,0,LEADER,1,0,0,14,0,0,0,0,0,0,0,0,0,0,0
38668,20,bully,1855,1,0,0,14,0,196,0,1,20,36813,1855,0,15,0,0,0,LEADER,1,0,0,14,0,0,0,0,0,0,0,0,0,0,0
39300,41,bully,1567,1,0,0,14,0,196,0,1,41,37733,1567,0,15,0,0,0,LEADER,1,0,0,14,0,0,0,0,0,0,0,0,0,0,0
39289,47,bully,1556,1,0,0,14,0,196,0,1,47,37733,1556,0,15,0,0,0,LEADER,1,0,0,14,0,0,0,0,0,0,0,0,0,0,0
39114,95,bully,2301,1,0,0,14,0,196,0,1,95,36813,2301,0,15,0,0,0,LEADER,1,0,0,14,0,0,0,0,0,0,0,0,0,0,0
38978,98,bully,2165,1,0,0,14,0,196,0,1,98,36813,2165,0,15,0,0,0,LEADER,1,0,0,14,0,0,0,0,0,0,0,0,0,0,0
39162,73,bully,2349,1,0,0,14,0,196,0,1,73,36813,2349,0,15,0,0,0,LEADER,1,0,0,14,0,0,0,0,0,0,0,0,0,0,0
39455,97,bully,1722,1,0,0,14,0,196,0,1,97,37733,1722,0,15,0,0,0,LEADER,1,0,0,14,0,0,0,0,0,0,0,0,0,0,0
38708,61,bully,1895,1,0,0,14,0,196,0,1,61,36813,1895,0,15,0,0,0,LEADER,1,0,0,14,0,0,0,0,0,0,0,0,0,0,0
39485,33,bully,1752,1,0,0,14,0,196,0,1,33,37733,1752,0,15,0,0,0,LEADER,1,0,0,14,0,0,0,0,0,0,0,0,0,0,0
39655,40,bully,1922,1,0,0,14,0,196,0,1,40,37733,1922,0,15,0,0,0,LEADER,1,0,0,14,0,0,0,0,0,0,0,0,0,0,0
39643,29,bully,1910,1,0,0,14,0,196,0,1,29,37733,1910,0,15,0,0,0,LEADER,1,0,0,14,0,0,0,0,0,0,0,0,0,0,0
39144,31,bully,2331,1,0,0,14,0,196,0,1,31,36813,2331,0,15,0,0,0,LEADER,1,0,0,14,0,0,0,0,0,0,0,0,0,0,0
39476,96,bully,1744,1,0,0,14,0,196,0,1,96,37732,1744,0,15,0,0,0,LEADER,1,0,0,14,0,0,0,0,0,0,0,0,0,0,0
39558,84,bully,1825,1,0,0,14,0,196,0,1,84,37733,1825,0,15,0,0,0,LEADER,1,0,0,14,0,0,0,0,0,0,0,0,0,0,0
39252,80,bully,1519,1,0,0,14,0,196,0,1,80,37733,1519,0,15,0,0,0,LEADER,1,0,0,14,0,0,0,0,0,0,0,0,0,0,0
39096,53,bully,2283,1,0,0,14,0,196,0,1,53,36813,2283,0,15,0,0,0,LEADER,1,0,0,14,0,0,0,0,0,0,0,0,0,0,0
39171,92,bully,1438,1,0,0,14,0,196,0,1,92,37733,1438,0,15,0,0,0,LEADER,1,0,0,14,0,0,0,0,0,0,0,0,0,0,0
39607,62,bully,1874,1,0,0,14,0,196,0,1,62,37733,1874,0,15,0,0,0,LEADER,1,0,0,14,0,0,0,0,0,0,0,0,0,0,0
39352,91,bully,1619,1,0,0,14,0,196,0,1,91,37733,1619,0,15,0,0,0,LEADER,1,0,0,14,0,0,0,0,0,0,0,0,0,0,0
39304,15,bully,1571,1,0,0,14,0,196,0,1,15,37733,1571,0,15,0,0,0,LEADER,1,0,0,14,0,0,0,0,0,0,0,0,0,0,0
38974,26,bully,2161,1,0,0,14,0,196,0,1,26,36813,2161,0,15,0,0,0,LEADER,1,0,0,14,0,0,0,0,0,0,0,0,0,0,0
39710,49,bully,1977,1,0,0,14,0,196,0,1,49,37733,1977,0,15,0,0,0,LEADER,1,0,0,14,0,0,0,0,0,0,0,0,0,0,0
39525,58,bully,1792,1,0,0,14,0,196,0,1,58,37733,1792,0,15,0,0,0,LEADER,1,0,0,14,0,0,0,0,0,0,0,0,0,0,0
39059,86,bully,2246,1,0,0,14,0,196,0,1,86,36813,2246,0,15,0,0,0,LEADER,1,0,0,14,0,0,0,0,0,0,0,0,0,0,0
39232,50,bully,2419,1,0,0,14,0,196,0,1,50,36813,2419,0,15,0,0,0,LEADER,1,0,0,14,0,0,0,0,0,0,0,0,0,0,0
39084,85,bully,2268,1,0,0,14,0,196,0,1,85,36816,2268,0,15,0,0,0,LEADER,1,0,0,14,0,0,0,0,0,0,0,0,0,0,0
39023,87,bully,2212,1,0,0,14,0,196,0,1,87,36811,2212,0,15,0,0,0,LEADER,1,0,0,14,0,0,0,0,0,0,0,0,0,0,0
39085,5,bully,2001,1,0,0,10,14,140,196,3,5,37084,2001,0,5,0,0,0,LEADER,1,0,0,10,0,0,0,14,0,0,0,0,0,0,0
39393,1,bully,2293,1,0,0,6,7,84,98,1,1,37100,2293,0,5,0,0,0,LEADER,1,0,0,6,0,0,0,7,0,0,0,0,0,0,0
39229,64,bully,2416,1,0,0,14,0,196,0,1,64,36813,2416,0,15,0,0,0,LEADER,1,0,0,14,0,0,0,0,0,0,0,0,0,0,0
39077,11,bully,2264,1,0,0,14,0,196,0,1,11,36813,2264,0,15,0,0,0,LEADER,1,0,0,14,0,0,0,0,0,0,0,0,0,0,0
39167,18,bully,1434,1,0,0,14,0,196,0,1,18,37733,1434,0,15,0,0,0,LEADER,1,0,0,14,0,0,0,0,0,0,0,0,0,0,0
39286,90,bully,1553,1,0,0,14,0,196,0,1,90,37733,1553,0,15,0,0,0,LEADER,1,0,0,14,0,0,0,0,0,0,0,0,0,0,0
39180,35,bully,1447,1,0,0,14,0,196,0,1,35,37733,1447,0,15,0,0,0,LEADER,1,0,0,14,0,0,0,0,0,0,0,0,0,0,0
39062,43,bully,2249,1,0,0,14,0,196,0,1,43,36813,2249,0,15,0,0,0,LEADER,1,0,0,14,0,0,0,0,0,0,0,0,0,0,0
39200,28,bully,1467,1,0,0,14,0,196,0,1,28,37733,1467,0,15,0,0,0,LEADER,1,0,0,14,0,0,0,0,0,0,0,0,0,0,0
39874,23,bully,2141,1,0,0,14,0,196,0,1,23,37733,2141,0,15,0,0,0,LEADER,1,0,0,14,0,0,0,0,0,0,0,0,0,0,0
39040,44,bully,2228,1,0,0,14,0,196,0,1,44,36812,2228,0,15,0,0,0,LEADER,1,0,0,14,0,0,0,0,0,0,0,0,0,0,0
39194,30,bully,1461,1,0,0,14,0,196,0,1,30,37733,1461,0,15,0,0,0,LEADER,1,0,0,14,0,0,0,0,0,0,0,0,0,0,0
39592,94,bully,1859,1,0,0,14,0,196,0,1,94,37733,1859,0,15,0,0,0,LEADER,1,0,0,14,0,0,0,0,0,0,0,0,0,0,0
39234,38,bully,1501,1,0,0,14,0,196,0,1,38,37733,1501,0,15,0,0,0,LEADER,1,0,0,14,0,0,0,0,0,0,0,0,0,0,0
39913,66,bully,2180,1,0,0,14,0,196,0,1,66,37733,2180,0,15,0,0,0,LEADER,1,0,0,14,0,0,0,0,0,0,0,0,0,0,0
39219,70,bully,1486,1,0,0,14,0,196,0,1,70,37733,1486,0,15,0,0,0,LEADER,1,0,0,14,0,0,0,0,0,0,0,0,0,0,0
39864,88,bully,2131,1,0,0,14,0,196,0,1,88,37733,2131,0,15,0,0,0,LEADER,1,0,0,14,0,0,0,0,0,0,0,0,0,0,0
39048,75,bully,2235,1,0,0,14,0,196,0,1,75,36813,2235,0,15,0,0,0,LEADER,1,0,0,14,0,0,0,0,0,0,0,0,0,0,0
39056,12,bully,2243,1,0,0,14,0,196,0,1,12,36813,2243,0,15,0,0,0,LEADER,1,0,0,14,0,0,0,0,0,0,0,0,0,0,0
39758,27,bully,2025,1,0,0,14,0,196,0,1,27,37733,2025,0,15,0,0,0,LEADER,1,0,0,14,0,0,0,0,0,0,0,0,0,0,0
39247,42,bully,1514,1,0,0,14,0,196,0,1,42,37733,1514,0,15,0,0,0,LEADER,1,0,0,14,0,0,0,0,0,0,0,0,0,0,0
39894,24,bully,2161,1,0,0,14,0,196,0,1,24,37733,2161,0,15,0,0,0,LEADER,1,0,0,14,0,0,0,0,0,0,0,0,0,0,0
39846,46,bully,2113,1,0,0,14,0,196,0,1,46,37733,2113,0,15,0,0,0,LEADER,1,0,0,14,0,0,0,0,0,0,0,0,0,0,0
39370,34,bully,1637,1,0,0,14,0,196,0,1,34,37733,1637,0,15,0,0,0,LEADER,1,0,0,14,0,0,0,0,0,0,0,0,0,0,0
39743,59,bully,2010,1,0,0,14,0,196,0,1,59,37733,2010,0,15,0,0,0,LEADER,1,0,0,14,0,0,0,0,0,0,0,0,0,0,0
40025,32,bully,2292,1,0,0,14,0,196,0,1,32,37733,2292,0,15,0,0,0,LEADER,1,0,0,14,0,0,0,0,0,0,0,0,0,0,0
39640,72,bully,1907,1,0,0,14,0,196,0,1,72,37733,1907,0,15,0,0,0,LEADER,1,0,0,14,0,0,0,0,0,0,0,0,0,0,0
40049,63,bully,2316,1,0,0,14,0,196,0,1,63,37733,2316,0,15,0,0,0,LEADER,1,0,0,14,0,0,0,0,0,0,0,0,0,0,0
39525,74,bully,1792,1,0,0,14,0,196,0,1,74,37733,1792,0,15,0,0,0,LEADER,1,0,0,14,0,0,0,0,0,0,0,0,0,0,0
39267,48,bully,1534,1,0,0,14,0,196,0,1,48,37733,1534,0,15,0,0,0,LEADER,1,0,0,14,0,0,0,0,0,0,0,0,0,0,0
39728,57,bully,1995,1,0,0,14,0,196,0,1,57,37733,1995,0,15,0,0,0,LEADER,1,0,0,14,0,0,0,0,0,0,0,0,0,0,0
39798,68,bully,2065,1,0,0,14,0,196,0,1,68,37733,2065,0,15,0,0,0,LEADER,1,0,0,14,0,0,0,0,0,0,0,0,0,0,0
39199,45,bully,1466,1,0,0,14,0,196,0,1,45,37733,1466,0,15,0,0,0,LEADER,1,0,0,14,0,0,0,0,0,0,0,0,0,0,0
39556,93,bully,1823,1,0,0,14,0,196,0,1,93,37733,1823,0,15,0,0,0,LEADER,1,0,0,14,0,0,0,0,0,0,0,0,0,0,0
40137,82,bully,2404,1,0,0,14,0,196,0,1,82,37733,2404,0,15,0,0,0,LEADER,1,0,0,14,0,0,0,0,0,0,0,0,0,0,0
40131,51,bully,2398,1,0,0,14,0,196,0,1,51,37733,2398,0,15,0,0,0,LEADER,1,0,0,14,0,0,0,0,0,0,0,0,0,0,0
39676,39,bully,1943,1,0,0,14,0,196,0,1,39,37733,1943,0,15,0,0,0,LEADER,1,0,0,14,0,0,0,0,0,0,0,0,0,0,0
39422,78,bully,1689,1,0,0,14,0,196,0,1,78,37733,1689,0,15,0,0,0,LEADER,1,0,0,14,0,0,0,0,0,0,0,0,0,0,0
39810,79,bully,2077,1,0,0,14,0,196,0,1,79,37733,2077,0,15,0,0,0,LEADER,1,0,0,14,0,0,0,0,0,0,0,0,0,0,0
39385,14,bully,1652,1,0,0,14,0,196,0,1,14,37733,1652,0,15,0,0,0,LEADER,1,0,0,14,0,0,0,0,0,0,0,0,0,0,0
39812,36,bully,2080,1,0,0,14,0,196,0,1,36,37732,2080,0,15,0,0,0,LEADER,1,0,0,14,0,0,0,0,0,0,0,0,0,0,0
39695,81,bully,1962,1,0,0,14,0,196,0,1,81,37733,1962,0,15,0,0,0,LEADER,1,0,0,14,0,0,0,0,0,0,0,0,0,0,0
39355,67,bully,1622,1,0,0,14,0,196,0,1,67,37733,1622,0,15,0,0,0,LEADER,1,0,0,14,0,0,0,0,0,0,0,0,0,0,0
40116,83,bully,2383,1,0,0,14,0,196,0,1,83,37733,2383,0,15,0,0,0,LEADER,1,0,0,14,0,0,0,0,0,0,0,0,0,0,0
40261,99,bully,1607,1,0,0,15,0,210,0,1,99,38654,1607,0,16,0,0,0,LEADER,1,0,0,15,0,0,0,0,0,0,0,0,0,0,0
39437,55,bully,1704,1,0,0,14,0,196,0,1,55,37733,1704,0,15,0,0,0,LEADER,1,0,0,14,0,0,0,0,0,0,0,0,0,0,0
40228,89,bully,1574,1,0,0,15,0,210,0,1,89,38654,1574,0,16,0,0,0,LEADER,1,0,0,15,0,0,0,0,0,0,0,0,0,0,0
39389,77,bully,1656,1,0,0,14,0,196,0,1,77,37733,1656,0,15,0,0,0,LEADER,1,0,0,14,0,0,0,0,0,0,0,0,0,0,0
39661,71,bully,1928,1,0,0,14,0,196,0,1,71,37733,1928,0,15,0,0,0,LEADER,1,0,0,14,0,0,0,0,0,0,0,0,0,0,0
39573,52,bully,1840,1,0,0,14,0,196,0,1,52,37733,1840,0,15,0,0,0,LEADER,1,0,0,14,0,0,0,0,0,0,0,0,0,0,0
39944,76,bully,2213,1,0,0,14,0,196,0,1,76,37731,2213,0,15,0,0,0,LEADER,1,0,0,14,0,0,0,0,0,0,0,0,0,0,0
39540,10,bully,1807,1,0,0,14,0,196,0,1,10,37733,1807,0,15,0,0,0,LEADER,1,0,0,14,0,0,0,0,0,0,0,0,0,0,0
39473,22,bully,1740,1,0,0,14,0,196,0,1,22,37733,1740,0,15,0,0,0,LEADER,1,0,0,14,0,0,0,0,0,0,0,0,0,0,0
39622,21,bully,1889,1,0,0,14,0,196,0,1,21,37733,1889,0,15,0,0,0,LEADER,1,0,0,14,0,0,0,0,0,0,0,0,0,0,0
39879,56,bully,2146,1,0,0,14,0,196,0,1,56,37733,2146,0,15,0,0,0,LEADER,1,0,0,14,0,0,0,0,0,0,0,0,0,0,0
39404,60,bully,1671,1,0,0,14,0,196,0,1,60,37733,1671,0,15,0,0,0,LEADER,1,0,0,14,0,0,0,0,0,0,0,0,0,0,0
40258,25,bully,1604,1,0,0,15,0,210,0,1,25,38654,1604,0,16,0,0,0,LEADER,1,0,0,15,0,0,0,0,0,0,0,0,0,0,0
39470,65,bully,1737,1,0,0,14,0,196,0,1,65,37733,1737,0,15,0,0,0,LEADER,1,0,0,14,0,0,0,0,0,0,0,0,0,0,0
40146,19,bully,2413,1,0,0,14,0,196,0,1,19,37733,2413,0,15,0,0,0,LEADER,1,0,0,14,0,0,0,0,0,0,0,0,0,0,0
39776,69,bully,2043,1,0,0,14,0,196,0,1,69,37733,2043,0,15,0,0,0,LEADER,1,0,0,14,0,0,0,0,0,0,0,0,0,0,0
40379,54,bully,1725,1,0,0,15,0,210,0,1,54,38654,1725,0,16,0,0,0,LEADER,1,0,0,15,0,0,0,0,0,0,0,0,0,0,0
39725,17,bully,1992,1,0,0,14,0,196,0,1,17,37733,1992,0,15,0,0,0,LEADER,1,0,0,14,0,0,0,0,0,0,0,0,0,0,0
40240,100,bully,1586,1,0,0,15,0,210,0,1,100,38654,1586,0,16,0,0,0,LEADER,1,0,0,15,0,0,0,0,0,0,0,0,0,0,0
40203,16,bully,1549,1,0,0,15,0,210,0,1,16,38654,1549,0,16,0,0,0,LEADER,1,0,0,15,0,0,0,0,0,0,0,0,0,0,0
39791,37,bully,2058,1,0,0,14,0,196,0,1,37,37733,2058,0,15,0,0,0,LEADER,1,0,0,14,0,0,0,0,0,0,0,0,0,0,0
40428,13,bully,1774,1,0,0,15,0,210,0,1,13,38654,1774,0,16,0,0,0,LEADER,1,0,0,15,0,0,0,0,0,0,0,0,0,0,0
39588,20,bully,1855,1,0,0,14,0,196,0,1,20,37733,1855,0,15,0,0,0,LEADER,1,0,0,14,0,0,0,0,0,0,0,0,0,0,0
40221,41,bully,1567,1,0,0,15,0,210,0,1,41,38654,1567,0,16,0,0,0,LEADER,1,0,0,15,0,0,0,0,0,0,0,0,0,0,0
40210,47,bully,1556,1,0,0,15,0,210,0,1,47,38654,1556,0,16,0,0,0,LEADER,1,0,0,15,0,0,0,0,0,0,0,0,0,0,0
40034,95,bully,2301,1,0,0,14,0,196,0,1,95,37733,2301,0,15,0,0,0,LEADER,1,0,0,14,0,0,0,0,0,0,0,0,0,0,0
39898,98,bully,2165,1,0,0,14,0,196,0,1,98,37733,2165,0,15,0,0,0,LEADER,1,0,0,14,0,0,0,0,0,0,0,0,0,0,0
40082,73,bully,2349,1,0,0,14,0,196,0,1,73,37733,2349,0,15,0,0,0,LEADER,1,0,0,14,0,0,0,0,0,0,0,0,0,0,0
39628,61,bully,1895,1,0,0,14,0,196,0,1,61,37733,1895,0,15,0,0,0,LEADER,1,0,0,14,0,0,0,0,0,0,0,0,0,0,0
40376,97,bully,1722,1,0,0,15,0,210,0,1,97,38654,1722,0,16,0,0,0,LEADER,1,0,0,15,0,0,0,0,0,0,0,0,0,0,0
40406,33,bully,1752,1,0,0,15,0,210,0,1,33,38654,1752,0,16,0,0,0,LEADER,1,0,0,15,0,0,0,0,0,0,0,0,0,0,0
40064,31,bully,2331,1,0,0,14,0,196,0,1,31,37733,2331,0,15,0,0,0,LEADER,1,0,0,14,0,0,0,0,0,0,0,0,0,0,0
40564,29,bully,1910,1,0,0,15,0,210,0,1,29,38654,1910,0,16,0,0,0,LEADER,1,0,0,15,0,0,0,0,0,0,0,0,0,0,0
40576,40,bully,1922,1,0,0,15,0,210,0,1,40,38654,1922,0,16,0,0,0,LEADER,1,0,0,15,0,0,0,0,0,0,0,0,0,0,0
40397,96,bully,1744,1,0,0,15,0,210,0,1,96,38653,1744,0,16,0,0,0,LEADER,1,0,0,15,0,0,0,0,0,0,0,0,0,0,0
40479,84,bully,1825,1,0,0,15,0,210,0,1,84,38654,1825,0,16,0,0,0,LEADER,1,0,0,15,0,0,0,0,0,0,0,0,0,0,0
40173,80,bully,1519,1,0,0,15,0,210,0,1,80,38654,1519,0,16,0,0,0,LEADER,1,0,0,15,0,0,0,0,0,0,0,0,0,0,0
40016,53,bully,2283,1,0,0,14,0,196,0,1,53,37733,2283,0,15,0,0,0,LEADER,1,0,0,14,0,0,0,0,0,0,0,0,0,0,0
40092,92,bully,1438,1,0,0,15,0,210,0,1,92,38654,1438,0,16,0,0,0,LEADER,1,0,0,15,0,0,0,0,0,0,0,0,0,0,0
40528,62,bully,1874,1,0,0,15,0,210,0,1,62,38654,1874,0,16,0,0,0,LEADER,1,0,0,15,0,0,0,0,0,0,0,0,0,0,0
40273,91,bully,1619,1,0,0,15,0,210,0,1,91,38654,1619,0,16,0,0,0,LEADER,1,0,0,15,0,0,0,0,0,0,0,0,0,0,0
40225,15,bully,1571,1,0,0,15,0,210,0,1,15,38654,1571,0,16,0,0,0,LEADER,1,0,0,15,0,0,0,0,0,0,0,0,0,0,0
39894,26,bully,2161,1,0,0,14,0,196,0,1,26,37733,2161,0,15,0,0,0,LEADER,1,0,0,14,0,0,0,0,0,0,0,0,0,0,0
40631,49,bully,1977,1,0,0,15,0,210,0,1,49,38654,1977,0,16,0,0,0,LEADER,1,0,0,15,0,0,0,0,0,0,0,0,0,0,0
40446,58,bully,1792,1,0,0,15,0,210,0,1,58,38654,1792,0,16,0,0,0,LEADER,1,0,0,15,0,0,0,0,0,0,0,0,0,0,0
39979,86,bully,2246,1,0,0,14,0,196,0,1,86,37733,2246,0,15,0,0,0,LEADER,1,0,0,14,0,0,0,0,0,0,0,0,0,0,0
40152,50,bully,2419,1,0,0,14,0,196,0,1,50,37733,2419,0,15,0,0,0,LEADER,1,0,0,14,0,0,0,0,0,0,0,0,0,0,0
40004,85,bully,2268,1,0,0,14,0,196,0,1,85,37736,2268,0,15,0,0,0,LEADER,1,0,0,14,0,0,0,0,0,0,0,0,0,0,0
39943,87,bully,2212,1,0,0,14,0,196,0,1,87,37731,2212,0,15,0,0,0,LEADER,1,0,0,14,0,0,0,0,0,0,0,0,0,0,0
40149,64,bully,2416,1,0,0,14,0,196,0,1,64,37733,2416,0,15,0,0,0,LEADER,1,0,0,14,0,0,0,0,0,0,0,0,0,0,0
39997,11,bully,2264,1,0,0,14,0,196,0,1,11,37733,2264,0,15,0,0,0,LEADER,1,0,0,14,0,0,0,0,0,0,0,0,0,0,0
40088,18,bully,1434,1,0,0,15,0,210,0,1,18,38654,1434,0,16,0,0,0,LEADER,1,0,0,15,0,0,0,0,0,0,0,0,0,0,0
40207,90,bully,1553,1,0,0,15,0,210,0,1,90,38654,1553,0,16,0,0,0,LEADER,1,0,0,15,0,0,0,0,0,0,0,0,0,0,0
40101,35,bully,1447,1,0,0,15,0,210,0,1,35,38654,1447,0,16,0,0,0,LEADER,1,0,0,15,0,0,0,0,0,0,0,0,0,0,0
39982,43,bully,2249,1,0,0,14,0,196,0,1,43,37733,2249,0,15,0,0,0,LEADER,1,0,0,14,0,0,0,0,0,0,0,0,0,0,0
40121,28,bully,1467,1,0,0,15,0,210,0,1,28,38654,1467,0,16,0,0,0,LEADER,1,0,0,15,0,0,0,0,0,0,0,0,0,0,0
39960,44,bully,2228,1,0,0,14,0,196,0,1,44,37732,2228,0,15,0,0,0,LEADER,1,0,0,14,0,0,0,0,0,0,0,0,0,0,0
40795,23,bully,2141,1,0,0,15,0,210,0,1,23,38654,2141,0,16,0,0,0,LEADER,1,0,0,15,0,0,0,0,0,0,0,0,0,0,0
40115,30,bully,1461,1,0,0,15,0,210,0,1,30,38654,1461,0,16,0,0,0,LEADER,1,0,0,15,0,0,0,0,0,0,0,0,0,0,0
40513,94,bully,1859,1,0,0,15,0,210,0,1,94,38654,1859,0,16,0,0,0,LEADER,1,0,0,15,0,0,0,0,0,0,0,0,0,0,0
40155,38,bully,1501,1,0,0,15,0,210,0,1,38,38654,1501,0,16,0,0,0,LEADER,1,0,0,15,0,0,0,0,0,0,0,0,0,0,0
40834,66,bully,2180,1,0,0,15,0,210,0,1,66,38654,2180,0,16,0,0,0,LEADER,1,0,0,15,0,0,0,0,0,0,0,0,0,0,0
40140,70,bully,1486,1,0,0,15,0,210,0,1,70,38654,1486,0,16,0,0,0,LEADER,1,0,0,15,0,0,0,0,0,0,0,0,0,0,0
40785,88,bully,2131,1,0,0,15,0,210,0,1,88,38654,2131,0,16,0,0,0,LEADER,1,0,0,15,0,0,0,0,0,0,0,0,0,0,0
39968,75,bully,2235,1,0,0,14,0,196,0,1,75,37733,2235,0,15,0,0,0,LEADER,1,0,0,14,0,0,0,0,0,0,0,0,0,0,0
39976,12,bully,2243,1,0,0,14,0,196,0,1,12,37733,2243,0,15,0,0,0,LEADER,1,0,0,14,0,0,0,0,0,0,0,0,0,0,0
40679,27,bully,2025,1,0,0,15,0,210,0,1,27,38654,2025,0,16,0,0,0,LEADER,1,0,0,15,0,0,0,0,0,0,0,0,0,0,0
40168,42,bully,1514,1,0,0,15,0,210,0,1,42,38654,1514,0,16,0,0,0,LEADER,1,0,0,15,0,0,0,0,0,0,0,0,0,0,0
40815,24,bully,2161,1,0,0,15,0,210,0,1,24,38654,2161,0,16,0,0,0,LEADER,1,0,0,15,0,0,0,0,0,0,0,0,0,0,0
40767,46,bully,2113,1,0,0,15,0,210,0,1,46,38654,2113,0,16,0,0,0,LEADER,1,0,0,15,0,0,0,0,0,0,0,0,0,0,0
40291,34,bully,1637,1,0,0,15,0,210,0,1,34,38654,1637,0,16,0,0,0,LEADER,1,0,0,15,0,0,0,0,0,0,0,0,0,0,0
40664,59,bully,2010,1,0,0,15,0,210,0,1,59,38654,2010,0,16,0,0,0,LEADER,1,0,0,15,0,0,0,0,0,0,0,0,0,0,0
40946,32,bully,2292,1,0,0,15,0,210,0,1,32,38654,2292,0,16,0,0,0,LEADER,1,0,0,15,0,0,0,0,0,0,0,0,0,0,0
40561,72,bully,1907,1,0,0,15,0,210,0,1,72,38654,1907,0,16,0,0,0,LEADER,1,0,0,15,0,0,0,0,0,0,0,0,0,0,0
40970,63,bully,2316,1,0,0,15,0,210,0,1,63,38654,2316,0,16,0,0,0,LEADER,1,0,0,15,0,0,0,0,0,0,0,0,0,0,0
40446,74,bully,1792,1,0,0,15,0,210,0,1,74,38654,1792,0,16,0,0,0,LEADER,1,0,0,15,0,0,0,0,0,0,0,0,0,0,0
40188,48,bully,1534,1,0,0,15,0,210,0,1,48,38654,1534,0,16,0,0,0,LEADER,1,0,0,15,0,0,0,0,0,0,0,0,0,0,0
40649,57,bully,1995,1,0,0,15,0,210,0,1,57,38654,1995,0,16,0,0,0,LEADER,1,0,0,15,0,0,0,0,0,0,0,0,0,0,0
40719,68,bully,2065,1,0,0,15,0,210,0,1,68,38654,2065,0,16,0,0,0,LEADER,1,0,0,15,0,0,0,0,0,0,0,0,0,0,0
40120,45,bully,1466,1,0,0,15,0,210,0,1,45,38654,1466,0,16,0,0,0,LEADER,1,0,0,15,0,0,0,0,0,0,0,0,0,0,0
40477,93,bully,1823,1,0,0,15,0,210,0,1,93,38654,1823,0,16,0,0,0,LEADER,1,0,0,15,0,0,0,0,0,0,0,0,0,0,0
41058,82,bully,2404,1,0,0,15,0,210,0,1,82,38654,2404,0,16,0,0,0,LEADER,1,0,0,15,0,0,0,0,0,0,0,0,0,0,0
41052,51,bully,2398,1,0,0,15,0,210,0,1,51,38654,2398,0,16,0,0,0,LEADER,1,0,0,15,0,0,0,0,0,0,0,0,0,0,0
40597,39,bully,1943,1,0,0,15,0,210,0,1,39,38654,1943,0,16,0,0,0,LEADER,1,0,0,15,0,0,0,0,0,0,0,0,0,0,0
40343,78,bully,1689,1,0,0,15,0,210,0,1,78,38654,1689,0,16,0,0,0,LEADER,1,0,0,15,0,0,0,0,0,0,0,0,0,0,0
40731,79,bully,2077,1,0,0,15,0,210,0,1,79,38654,2077,0,16,0,0,0,LEADER,1,0,0,15,0,0,0,0,0,0,0,0,0,0,0
40306,14,bully,1652,1,0,0,15,0,210,0,1,14,38654,1652,0,16,0,0,0,LEADER,1,0,0,15,0,0,0,0,0,0,0,0,0,0,0
40733,36,bully,2080,1,0,0,15,0,210,0,1,36,38653,2080,0,16,0,0,0,LEADER,1,0,0,15,0,0,0,0,0,0,0,0,0,0,0
40616,81,bully,1962,1,0,0,15,0,210,0,1,81,38654,1962,0,16,0,0,0,LEADER,1,0,0,15,0,0,0,0,0,0,0,0,0,0,0
40276,67,bully,1622,1,0,0,15,0,210,0,1,67,38654,1622,0,16,0,0,0,LEADER,1,0,0,15,0,0,0,0,0,0,0,0,0,0,0
41037,83,bully,2383,1,0,0,15,0,210,0,1,83,38654,2383,0,16,0,0,0,LEADER,1,0,0,15,0,0,0,0,0,0,0,0,0,0,0
41181,99,bully,1607,1,0,0,15,0,210,0,1,99,39574,1607,0,16,0,0,0,LEADER,1,0,0,15,0,0,0,0,0,0,0,0,0,0,0
40358,55,bully,1704,1,0,0,15,0,210,0,1,55,38654,1704,0,16,0,0,0,LEADER,1,0,0,15,0,0,0,0,0,0,0,0,0,0,0
41148,89,bully,1574,1,0,0,15,0,210,0,1,89,39574,1574,0,16,0,0,0,LEADER,1,0,0,15,0,0,0,0,0,0,0,0,0,0,0
40310,77,bully,1656,1,0,0,15,0,210,0,1,77,38654,1656,0,16,0,0,0,LEADER,1,0,0,15,0,0,0,0,0,0,0,0,0,0,0
40582,71,bully,1928,1,0,0,15,0,210,0,1,71,38654,1928,0,16,0,0,0,LEADER,1,0,0,15,0,0,0,0,0,0,0,0,0,0,0
40494,52,bully,1840,1,0,0,15,0,210,0,1,52,38654,1840,0,16,0,0,0,LEADER,1,0,0,15,0,0,0,0,0,0,0,0,0,0,0
40865,76,bully,2213,1,0,0,15,0,210,0,1,76,38652,2213,0,16,0,0,0,LEADER,1,0,0,15,0,0,0,0,0,0,0,0,0,0,0
40461,10,bully,1807,1,0,0,15,0,210,0,1,10,38654,1807,0,16,0,0,0,LEADER,1,0,0,15,0,0,0,0,0,0,0,0,0,0,0
40394,22,bully,1740,1,0,0,15,0,210,0,1,22,38654,1740,0,16,0,0,0,LEADER,1,0,0,15,0,0,0,0,0,0,0,0,0,0,0
40543,21,bully,1889,1,0,0,15,0,210,0,1,21,38654,1889,0,16,0,0,0,LEADER,1,0,0,15,0,0,0,0,0,0,0,0,0,0,0
40800,56,bully,2146,1,0,0,15,0,210,0,1,56,38654,2146,0,16,0,0,0,LEADER,1,0,0,15,0,0,0,0,0,0,0,0,0,0,0
40325,60,bully,1671,1,0,0,15,0,210,0,1,60,38654,1671,0,16,0,0,0,LEADER,1,0,0,15,0,0,0,0,0,0,0,0,0,0,0
41178,25,bully,1604,1,0,0,15,0,210,0,1,25,39574,1604,0,16,0,0,0,LEADER,1,0,0,15,0,0,0,0,0,0,0,0,0,0,0
40735,9,bully,2514,1,0,0,7,7,98,98,2,7,38221,2514,0,3,0,0,0,NORMAL,0,0,0,7,0,0,0,7,0,0,0,0,0,0,0
40391,65,bully,1737,1,0,0,15,0,210,0,1,65,38654,1737,0,16,0,0,0,LEADER,1,0,0,15,0,0,0,0,0,0,0,0,0,0,0
41067,19,bully,2413,1,0,0,15,0,210,0,1,19,38654,2413,0,16,0,0,0,LEADER,1,0,0,15,0,0,0,0,0,0,0,0,0,0,0
40697,69,bully,2043,1,0,0,15,0,210,0,1,69,38654,2043,0,16,0,0,0,LEADER,1,0,0,15,0,0,0,0,0,0,0,0,0,0,0
41299,54,bully,1725,1,0,0,15,0,210,0,1,54,39574,1725,0,16,0,0,0,LEADER,1,0,0,15,0,0,0,0,0,0,0,0,0,0,0
40646,17,bully,1992,1,0,0,15,0,210,0,1,17,38654,1992,0,16,0,0,0,LEADER,1,0,0,15,0,0,0,0,0,0,0,0,0,0,0
41160,100,bully,1586,1,0,0,15,0,210,0,1,100,39574,1586,0,16,0,0,0,LEADER,1,0,0,15,0,0,0,0,0,0,0,0,0,0,0
41123,16,bully,1549,1,0,0,15,0,210,0,1,16,39574,1549,0,16,0,0,0,LEADER,1,0,0,15,0,0,0,0,0,0,0,0,0,0,0
40712,37,bully,2058,1,0,0,15,0,210,0,1,37,38654,2058,0,16,0,0,0,LEADER,1,0,0,15,0,0,0,0,0,0,0,0,0,0,0
41348,13,bully,1774,1,0,0,15,0,210,0,1,13,39574,1774,0,16,0,0,0,LEADER,1,0,0,15,0,0,0,0,0,0,0,0,0,0,0
40509,20,bully,1855,1,0,0,15,0,210,0,1,20,38654,1855,0,16,0,0,0,LEADER,1,0,0,15,0,0,0,0,0,0,0,0,0,0,0
41141,41,bully,1567,1,0,0,15,0,210,0,1,41,39574,1567,0,16,0,0,0,LEADER,1,0,0,15,0,0,0,0,0,0,0,0,0,0,0
41130,47,bully,1556,1,0,0,15,0,210,0,1,47,39574,1556,0,16,0,0,0,LEADER,1,0,0,15,0,0,0,0,0,0,0,0,0,0,0
40955,95,bully,2301,1,0,0,15,0,210,0,1,95,38654,2301,0,16,0,0,0,LEADER,1,0,0,15,0,0,0,0,0,0,0,0,0,0,0
40819,98,bully,2165,1,0,0,15,0,210,0,1,98,38654,2165,0,16,0,0,0,LEADER,1,0,0,15,0,0,0,0,0,0,0,0,0,0,0
41003,73,bully,2349,1,0,0,15,0,210,0,1,73,38654,2349,0,16,0,0,0,LEADER,1,0,0,15,0,0,0,0,0,0,0,0,0,0,0
41326,33,bully,1752,1,0,0,15,0,210,0,1,33,39574,1752,0,16,0,0,0,LEADER,1,0,0,15,0,0,0,0,0,0,0,0,0,0,0
40549,61,bully,1895,1,0,0,15,0,210,0,1,61,38654,1895,0,16,0,0,0,LEADER,1,0,0,15,0,0,0,0,0,0,0,0,0,0,0
41296,97,bully,1722,1,0,0,15,0,210,0,1,97,39574,1722,0,16,0,0,0,LEADER,1,0,0,15,0,0,0,0,0,0,0,0,0,0,0
41484,29,bully,1910,1,0,0,15,0,210,0,1,29,39574,1910,0,16,0,0,0,LEADER,1,0,0,15,0,0,0,0,0,0,0,0,0,0,0
40985,31,bully,2331,1,0,0,15,0,210,0,1,31,38654,2331,0,16,0,0,0,LEADER,1,0,0,15,0,0,0,0,0,0,0,0,0,0,0
41496,40,bully,1922,1,0,0,15,0,210,0,1,40,39574,1922,0,16,0,0,0,LEADER,1,0,0,15,0,0,0,0,0,0,0,0,0,0,0
41317,96,bully,1744,1,0,0,15,0,210,0,1,96,39573,1744,0,16,0,0,0,LEADER,1,0,0,15,0,0,0,0,0,0,0,0,0,0,0
41399,84,bully,1825,1,0,0,15,0,210,0,1,84,39574,1825,0,16,0,0,0,LEADER,1,0,0,15,0,0,0,0,0,0,0,0,0,0,0
41093,80,bully,1519,1,0,0,15,0,210,0,1,80,39574,1519,0,16,0,0,0,LEADER,1,0,0,15,0,0,0,0,0,0,0,0,0,0,0
40937,53,bully,2283,1,0,0,15,0,210,0,1,53,38654,2283,0,16,0,0,0,LEADER,1,0,0,15,0,0,0,0,0,0,0,0,0,0,0
41012,92,bully,1438,1,0,0,15,0,210,0,1,92,39574,1438,0,16,0,0,0,LEADER,1,0,0,15,0,0,0,0,0,0,0,0,0,0,0
41448,62,bully,1874,1,0,0,15,0,210,0,1,62,39574,1874,0,16,0,0,0,LEADER,1,0,0,15,0,0,0,0,0,0,0,0,0,0,0
41193,91,bully,1619,1,0,0,15,0,210,0,1,91,39574,1619,0,16,0,0,0,LEADER,1,0,0,15,0,0,0,0,0,0,0,0,0,0,0
41145,15,bully,1571,1,0,0,15,0,210,0,1,15,39574,1571,0,16,0,0,0,LEADER,1,0,0,15,0,0,0,0,0,0,0,0,0,0,0
40815,26,bully,2161,1,0,0,15,0,210,0,1,26,38654,2161,0,16,0,0,0,LEADER,1,0,0,15,0,0,0,0,0,0,0,0,0,0,0
41551,49,bully,1977,1,0,0,15,0,210,0,1,49,39574,1977,0,16,0,0,0,LEADER,1,0,0,15,0,0,0,0,0,0,0,0,0,0,0
41366,58,bully,1792,1,0,0,15,0,210,0,1,58,39574,1792,0,16,0,0,0,LEADER,1,0,0,15,0,0,0,0,0,0,0,0,0,0,0
40900,86,bully,2246,1,0,0,15,0,210,0,1,86,38654,2246,0,16,0,0,0,LEADER,1,0,0,15,0,0,0,0,0,0,0,0,0,0,0
41073,50,bully,2419,1,0,0,15,0,210,0,1,50,38654,2419,0,16,0,0,0,LEADER,1,0,0,15,0,0,0,0,0,0,0,0,0,0,0
40925,85,bully,2268,1,0,0,15,0,210,0,1,85,38657,2268,0,16,0,0,0,LEADER,1,0,0,15,0,0,0,0,0,0,0,0,0,0,0
40864,87,bully,2212,1,0,0,15,0,210,0,1,87,38652,2212,0,16,0,0,0,LEADER,1,0,0,15,0,0,0,0,0,0,0,0,0,0,0
41070,64,bully,2416,1,0,0,15,0,210,0,1,64,38654,2416,0,16,0,0,0,LEADER,1,0,0,15,0,0,0,0,0,0,0,0,0,0,0
40918,11,bully,2264,1,0,0,15,0,210,0,1,11,38654,2264,0,16,0,0,0,LEADER,1,0,0,15,0,0,0,0,0,0,0,0,0,0,0
41008,18,bully,1434,1,0,0,15,0,210,0,1,18,39574,1434,0,16,0,0,0,LEADER,1,0,0,15,0,0,0,0,0,0,0,0,0,0,0
41127,90,bully,1553,1,0,0,15,0,210,0,1,90,39574,1553,0,16,0,0,0,LEADER,1,0,0,15,0,0,0,0,0,0,0,0,0,0,0
41021,35,bully,1447,1,0,0,15,0,210,0,1,35,39574,1447,0,16,0,0,0,LEADER,1,0,0,15,0,0,0,0,0,0,0,0,0,0,0
40903,43,bully,2249,1,0,0,15,0,210,0,1,43,38654,2249,0,16,0,0,0,LEADER,1,0,0,15,0,0,0,0,0,0,0,0,0,0,0
41041,28,bully,1467,1,0,0,15,0,210,0,1,28,39574,1467,0,16,0,0,0,LEADER,1,0,0,15,0,0,0,0,0,0,0,0,0,0,0
40881,44,bully,2228,1,0,0,15,0,210,0,1,44,38653,2228,0,16,0,0,0,LEADER,1,0,0,15,0,0,0,0,0,0,0,0,0,0,0
41715,23,bully,2141,1,0,0,15,0,210,0,1,23,39574,2141,0,16,0,0,0,LEADER,1,0,0,15,0,0,0,0,0,0,0,0,0,0,0
41035,30,bully,1461,1,0,0,15,0,210,0,1,30,39574,1461,0,16,0,0,0,LEADER,1,0,0,15,0,0,0,0,0,0,0,0,0,0,0
41433,94,bully,1859,1,0,0,15,0,210,0,1,94,39574,1859,0,16,0,0,0,LEADER,1,0,0,15,0,0,0,0,0,0,0,0,0,0,0
41075,38,bully,1501,1,0,0,15,0,210,0,1,38,39574,1501,0,16,0,0,0,LEADER,1,0,0,15,0,0,0,0,0,0,0,0,0,0,0
41754,66,bully,2180,1,0,0,15,0,210,0,1,66,39574,2180,0,16,0,0,0,LEADER,1,0,0,15,0,0,0,0,0,0,0,0,0,0,0
41060,70,bully,1486,1,0,0,15,0,210,0,1,70,39574,1486,0,16,0,0,0,LEADER,1,0,0,15,0,0,0,0,0,0,0,0,0,0,0
41705,88,bully,2131,1,0,0,15,0,210,0,1,88,39574,2131,0,16,0,0,0,LEADER,1,0,0,15,0,0,0,0,0,0,0,0,0,0,0
41116,4,bully,2115,1,0,0,8,17,112,238,2,4,39001,2115,0,5,0,0,0,LEADER,1,0,0,8,0,0,0,17,0,0,0,0,0,0,0
40889,75,bully,2235,1,0,0,15,0,210,0,1,75,38654,2235,0,16,0,0,0,LEADER,1,0,0,15,0,0,0,0,0,0,0,0,0,0,0
40897,12,bully,2243,1,0,0,15,0,210,0,1,12,38654,2243,0,16,0,0,0,LEADER,1,0,0,15,0,0,0,0,0,0,0,0,0,0,0
41599,27,bully,2025,1,0,0,15,0,210,0,1,27,39574,2025,0,16,0,0,0,LEADER,1,0,0,15,0,0,0,0,0,0,0,0,0,0,0
41088,42,bully,1514,1,0,0,15,0,210,0,1,42,39574,1514,0,16,0,0,0,LEADER,1,0,0,15,0,0,0,0,0,0,0,0,0,0,0
41735,24,bully,2161,1,0,0,15,0,210,0,1,24,39574,2161,0,16,0,0,0,LEADER,1,0,0,15,0,0,0,0,0,0,0,0,0,0,0
41687,46,bully,2113,1,0,0,15,0,210,0,1,46,39574,2113,0,16,0,0,0,LEADER,1,0,0,15,0,0,0,0,0,0,0,0,0,0,0
41211,34,bully,1637,1,0,0,15,0,210,0,1,34,39574,1637,0,16,0,0,0,LEADER,1,0,0,15,0,0,0,0,0,0,0,0,0,0,0
41584,59,bully,2010,1,0,0,15,0,210,0,1,59,39574,2010,0,16,0,0,0,LEADER,1,0,0,15,0,0,0,0,0,0,0,0,0,0,0
41866,32,bully,2292,1,0,0,15,0,210,0,1,32,39574,2292,0,16,0,0,0,LEADER,1,0,0,15,0,0,0,0,0,0,0,0,0,0,0
41481,72,bully,1907,1,0,0,15,0,210,0,1,72,39574,1907,0,16,0,0,0,LEADER,1,0,0,15,0,0,0,0,0,0,0,0,0,0,0
41890,63,bully,2316,1,0,0,15,0,210,0,1,63,39574,2316,0,16,0,0,0,LEADER,1,0,0,15,0,0,0,0,0,0,0,0,0,0,0
41366,74,bully,1792,1,0,0,15,0,210,0,1,74,39574,1792,0,16,0,0,0,LEADER,1,0,0,15,0,0,0,0,0,0,0,0,0,0,0
41108,48,bully,1534,1,0,0,15,0,210,0,1,48,39574,1534,0,16,0,0,0,LEADER,1,0,0,15,0,0,0,0,0,0,0,0,0,0,0
41569,57,bully,1995,1,0,0,15,0,210,0,1,57,39574,1995,0,16,0,0,0,LEADER,1,0,0,15,0,0,0,0,0,0,0,0,0,0,0
41639,68,bully,2065,1,0,0,15,0,210,0,1,68,39574,2065,0,16,0,0,0,LEADER,1,0,0,15,0,0,0,0,0,0,0,0,0,0,0
41040,45,bully,1466,1,0,0,15,0,210,0,1,45,39574,1466,0,16,0,0,0,LEADER,1,0,0,15,0,0,0,0,0,0,0,0,0,0,0
41397,93,bully,1823,1,0,0,15,0,210,0,1,93,39574,1823,0,16,0,0,0,LEADER,1,0,0,15,0,0,0,0,0,0,0,0,0,0,0
41978,82,bully,2404,1,0,0,15,0,210,0,1,82,39574,2404,0,16,0,0,0,LEADER,1,0,0,15,0,0,0,0,0,0,0,0,0,0,0
41972,51,bully,2398,1,0,0,15,0,210,0,1,51,39574,2398,0,16,0,0,0,LEADER,1,0,0,15,0,0,0,0,0,0,0,0,0,0,0
41517,39,bully,1943,1,0,0,15,0,210,0,1,39,39574,1943,0,16,0,0,0,LEADER,1,0,0,15,0,0,0,0,0,0,0,0,0,0,0
41263,78,bully,1689,1,0,0,15,0,210,0,1,78,39574,1689,0,16,0,0,0,LEADER,1,0,0,15,0,0,0,0,0,0,0,0,0,0,0
41651,79,bully,2077,1,0,0,15,0,210,0,1,79,39574,2077,0,16,0,0,0,LEADER,1,0,0,15,0,0,0,0,0,0,0,0,0,0,0
41226,14,bully,1652,1,0,0,15,0,210,0,1,14,39574,1652,0,16,0,0,0,LEADER,1,0,0,15,0,0,0,0,0,0,0,0,0,0,0
41653,36,bully,2080,1,0,0,15,0,210,0,1,36,39573,2080,0,16,0,0,0,LEADER,1,0,0,15,0,0,0,0,0,0,0,0,0,0,0
41536,81,bully,1962,1,0,0,15,0,210,0,1,81,39574,1962,0,16,0,0,0,LEADER,1,0,0,15,0,0,0,0,0,0,0,0,0,0,0
41196,67,bully,1622,1,0,0,15,0,210,0,1,67,39574,1622,0,16,0,0,0,LEADER,1,0,0,15,0,0,0,0,0,0,0,0,0,0,0
41957,83,bully,2383,1,0,0,15,0,210,0,1,83,39574,2383,0,16,0,0,0,LEADER,1,0,0,15,0,0,0,0,0,0,0,0,0,0,0
42101,99,bully,1607,1,0,0,15,0,210,0,1,99,40494,1607,0,16,0,0,0,LEADER,1,0,0,15,0,0,0,0,0,0,0,0,0,0,0
41278,55,bully,1704,1,0,0,15,0,210,0,1,55,39574,1704,0,16,0,0,0,LEADER,1,0,0,15,0,0,0,0,0,0,0,0,0,0,0
42068,89,bully,1574,1,0,0,15,0,210,0,1,89,40494,1574,0,16,0,0,0,LEADER,1,0,0,15,0,0,0,0,0,0,0,0,0,0,0
41230,77,bully,1656,1,0,0,15,0,210,0,1,77,39574,1656,0,16,0,0,0,LEADER,1,0,0,15,0,0,0,0,0,0,0,0,0,0,0
41502,71,bully,1928,1,0,0,15,0,210,0,1,71,39574,1928,0,16,0,0,0,LEADER,1,0,0,15,0,0,0,0,0,0,0,0,0,0,0
41414,52,bully,1840,1,0,0,15,0,210,0,1,52,39574,1840,0,16,0,0,0,LEADER,1,0,0,15,0,0,0,0,0,0,0,0,0,0,0
41785,76,bully,2213,1,0,0,15,0,210,0,1,76,39572,2213,0,16,0,0,0,LEADER,1,0,0,15,0,0,0,0,0,0,0,0,0,0,0
41381,10,bully,1807,1,0,0,15,0,210,0,1,10,39574,1807,0,16,0,0,0,LEADER,1,0,0,15,0,0,0,0,0,0,0,0,0,0,0
41314,22,bully,1740,1,0,0,15,0,210,0,1,22,39574,1740,0,16,0,0,0,LEADER,1,0,0,15,0,0,0,0,0,0,0,0,0,0,0
41463,21,bully,1889,1,0,0,15,0,210,0,1,21,39574,1889,0,16,0,0,0,LEADER,1,0,0,15,0,0,0,0,0,0,0,0,0,0,0
41720,56,bully,2146,1,0,0,15,0,210,0,1,56,39574,2146,0,16,0,0,0,LEADER,1,0,0,15,0,0,0,0,0,0,0,0,0,0,0
41245,60,bully,1671,1,0,0,15,0,210,0,1,60,39574,1671,0,16,0,0,0,LEADER,1,0,0,15,0,0,0,0,0,0,0,0,0,0,0
42098,25,bully,1604,1,0,0,15,0,210,0,1,25,40494,1604,0,16,0,0,0,LEADER,1,0,0,15,0,0,0,0,0,0,0,0,0,0,0
41311,65,bully,1737,1,0,0,15,0,210,0,1,65,39574,1737,0,16,0,0,0,LEADER,1,0,0,15,0,0,0,0,0,0,0,0,0,0,0
41681,8,bully,2467,1,0,0,7,15,98,210,2,8,39214,2467,0,4,0,0,0,LEADER,1,0,0,7,0,0,0,15,0,0,0,0,0,0,0
41987,19,bully,2413,1,0,0,15,0,210,0,1,19,39574,2413,0,16,0,0,0,LEADER,1,0,0,15,0,0,0,0,0,0,0,0,0,0,0
41617,69,bully,2043,1,0,0,15,0,210,0,1,69,39574,2043,0,16,0,0,0,LEADER,1,0,0,15,0,0,0,0,0,0,0,0,0,0,0
42219,54,bully,1725,1,0,0,15,0,210,0,1,54,40494,1725,0,16,0,0,0,LEADER,1,0,0,15,0,0,0,0,0,0,0,0,0,0,0
41566,17,bully,1992,1,0,0,15,0,210,0,1,17,39574,1992,0,16,0,0,0,LEADER,1,0,0,15,0,0,0,0,0,0,0,0,0,0,0
42080,100,bully,1586,1,0,0,15,0,210,0,1,100,40494,1586,0,16,0,0,0,LEADER,1,0,0,15,0,0,0,0,0,0,0,0,0,0,0
42043,16,bully,1549,1,0,0,15,0,210,0,1,16,40494,1549,0,16,0,0,0,LEADER,1,0,0,15,0,0,0,0,0,0,0,0,0,0,0
41632,37,bully,2058,1,0,0,15,0,210,0,1,37,39574,2058,0,16,0,0,0,LEADER,1,0,0,15,0,0,0,0,0,0,0,0,0,0,0
42268,13,bully,1774,1,0,0,15,0,210,0,1,13,40494,1774,0,16,0,0,0,LEADER,1,0,0,15,0,0,0,0,0,0,0,0,0,0,0
41429,20,bully,1855,1,0,0,15,0,210,0,1,20,39574,1855,0,16,0,0,0,LEADER,1,0,0,15,0,0,0,0,0,0,0,0,0,0,0
42061,41,bully,1567,1,0,0,15,0,210,0,1,41,40494,1567,0,16,0,0,0,LEADER,1,0,0,15,0,0,0,0,0,0,0,0,0,0,0
42050,47,bully,1556,1,0,0,15,0,210,0,1,47,40494,1556,0,16,0,0,0,LEADER,1,0,0,15,0,0,0,0,0,0,0,0,0,0,0
41875,95,bully,2301,1,0,0,15,0,210,0,1,95,39574,2301,0,16,0,0,0,LEADER,1,0,0,15,0,0,0,0,0,0,0,0,0,0,0
41739,98,bully,2165,1,0,0,15,0,210,0,1,98,39574,2165,0,16,0,0,0,LEADER,1,0,0,15,0,0,0,0,0,0,0,0,0,0,0
41923,73,bully,2349,1,0,0,15,0,210,0,1,73,39574,2349,0,16,0,0,0,LEADER,1,0,0,15,0,0,0,0,0,0,0,0,0,0,0
42246,33,bully,1752,1,0,0,15,0,210,0,1,33,40494,1752,0,16,0,0,0,LEADER,1,0,0,15,0,0,0,0,0,0,0,0,0,0,0
42216,97,bully,1722,1,0,0,15,0,210,0,1,97,40494,1722,0,16,0,0,0,LEADER,1,0,0,15,0,0,0,0,0,0,0,0,0,0,0
41469,61,bully,1895,1,0,0,15,0,210,0,1,61,39574,1895,0,16,0,0,0,LEADER,1,0,0,15,0,0,0,0,0,0,0,0,0,0,0
42404,29,bully,1910,1,0,0,15,0,210,0,1,29,40494,1910,0,16,0,0,0,LEADER,1,0,0,15,0,0,0,0,0,0,0,0,0,0,0
41905,31,bully,2331,1,0,0,15,0,210,0,1,31,39574,2331,0,16,0,0,0,LEADER,1,0,0,15,0,0,0,0,0,0,0,0,0,0,0
42416,40,bully,1922,1,0,0,15,0,210,0,1,40,40494,1922,0,16,0,0,0,LEADER,1,0,0,15,0,0,0,0,0,0,0,0,0,0,0
42237,96,bully,1744,1,0,0,15,0,210,0,1,96,40493,1744,0,16,0,0,0,LEADER,1,0,0,15,0,0,0,0,0,0,0,0,0,0,0
42319,84,bully,1825,1,0,0,15,0,210,0,1,84,40494,1825,0,16,0,0,0,LEADER,1,0,0,15,0,0,0,0,0,0,0,0,0,0,0
42013,80,bully,1519,1,0,0,15,0,210,0,1,80,40494,1519,0,16,0,0,0,LEADER,1,0,0,15,0,0,0,0,0,0,0,0,0,0,0
41857,53,bully,2283,1,0,0,15,0,210,0,1,53,39574,2283,0,16,0,0,0,LEADER,1,0,0,15,0,0,0,0,0,0,0,0,0,0,0
41932,92,bully,1438,1,0,0,15,0,210,0,1,92,40494,1438,0,16,0,0,0,LEADER,1,0,0,15,0,0,0,0,0,0,0,0,0,0,0
42368,62,bully,1874,1,0,0,15,0,210,0,1,62,40494,1874,0,16,0,0,0,LEADER,1,0,0,15,0,0,0,0,0,0,0,0,0,0,0
42113,91,bully,1619,1,0,0,15,0,210,0,1,91,40494,1619,0,16,0,0,0,LEADER,1,0,0,15,0,0,0,0,0,0,0,0,0,0,0
42065,15,bully,1571,1,0,0,15,0,210,0,1,15,40494,1571,0,16,0,0,0,LEADER,1,0,0,15,0,0,0,0,0,0,0,0,0,0,0
41735,26,bully,2161,1,0,0,15,0,210,0,1,26,39574,2161,0,16,0,0,0,LEADER,1,0,0,15,0,0,0,0,0,0,0,0,0,0,0
42471,49,bully,1977,1,0,0,15,0,210,0,1,49,40494,1977,0,16,0,0,0,LEADER,1,0,0,15,0,0,0,0,0,0,0,0,0,0,0
42286,58,bully,1792,1,0,0,15,0,210,0,1,58,40494,1792,0,16,0,0,0,LEADER,1,0,0,15,0,0,0,0,0,0,0,0,0,0,0
41820,86,bully,2246,1,0,0,15,0,210,0,1,86,39574,2246,0,16,0,0,0,LEADER,1,0,0,15,0,0,0,0,0,0,0,0,0,0,0
41993,50,bully,2419,1,0,0,15,0,210,0,1,50,39574,2419,0,16,0,0,0,LEADER,1,0,0,15,0,0,0,0,0,0,0,0,0,0,0
41845,85,bully,2268,1,0,0,15,0,210,0,1,85,39577,2268,0,16,0,0,0,LEADER,1,0,0,15,0,0,0,0,0,0,0,0,0,0,0
41784,87,bully,2212,1,0,0,15,0,210,0,1,87,39572,2212,0,16,0,0,0,LEADER,1,0,0,15,0,0,0,0,0,0,0,0,0,0,0
41990,64,bully,2416,1,0,0,15,0,210,0,1,64,39574,2416,0,16,0,0,0,LEADER,1,0,0,15,0,0,0,0,0,0,0,0,0,0,0
41838,11,bully,2264,1,0,0,15,0,210,0,1,11,39574,2264,0,16,0,0,0,LEADER,1,0,0,15,0,0,0,0,0,0,0,0,0,0,0
41928,18,bully,1434,1,0,0,15,0,210,0,1,18,40494,1434,0,16,0,0,0,LEADER,1,0,0,15,0,0,0,0,0,0,0,0,0,0,0
42047,90,bully,1553,1,0,0,15,0,210,0,1,90,40494,1553,0,16,0,0,0,LEADER,1,0,0,15,0,0,0,0,0,0,0,0,0,0,0
41941,35,bully,1447,1,0,0,15,0,210,0,1,35,40494,1447,0,16,0,0,0,LEADER,1,0,0,15,0,0,0,0,0,0,0,0,0,0,0
41823,43,bully,2249,1,0,0,15,0,210,0,1,43,39574,2249,0,16,0,0,0,LEADER,1,0,0,15,0,0,0,0,0,0,0,0,0,0,0
41961,28,bully,1467,1,0,0,15,0,210,0,1,28,40494,1467,0,16,0,0,0,LEADER,1,0,0,15,0,0,0,0,0,0,0,0,0,0,0
41801,44,bully,2228,1,0,0,15,0,210,0,1,44,39573,2228,0,16,0,0,0,LEADER,1,0,0,15,0,0,0,0,0,0,0,0,0,0,0
42635,23,bully,2141,1,0,0,15,0,210,0,1,23,40494,2141,0,16,0,0,0,LEADER,1,0,0,15,0,0,0,0,0,0,0,0,0,0,0
41955,30,bully,1461,1,0,0,15,0,210,0,1,30,40494,1461,0,16,0,0,0,LEADER,1,0,0,15,0,0,0,0,0,0,0,0,0,0,0
42353,94,bully,1859,1,0,0,15,0,210,0,1,94,40494,1859,0,16,0,0,0,LEADER,1,0,0,15,0,0,0,0,0,0,0,0,0,0,0
41995,38,bully,1501,1,0,0,15,0,210,0,1,38,40494,1501,0,16,0,0,0,LEADER,1,0,0,15,0,0,0,0,0,0,0,0,0,0,0
42674,66,bully,2180,1,0,0,15,0,210,0,1,66,40494,2180,0,16,0,0,0,LEADER,1,0,0,15,0,0,0,0,0,0,0,0,0,0,0
41980,70,bully,1486,1,0,0,15,0,210,0,1,70,40494,1486,0,16,0,0,0,LEADER,1,0,0,15,0,0,0,0,0,0,0,0,0,0,0
42625,88,bully,2131,1,0,0,15,0,210,0,1,88,40494,2131,0,16,0,0,0,LEADER,1,0,0,15,0,0,0,0,0,0,0,0,0,0,0
41809,75,bully,2235,1,0,0,15,0,210,0,1,75,39574,2235,0,16,0,0,0,LEADER,1,0,0,15,0,0,0,0,0,0,0,0,0,0,0
41817,12,bully,2243,1,0,0,15,0,210,0,1,12,39574,2243,0,16,0,0,0,LEADER,1,0,0,15,0,0,0,0,0,0,0,0,0,0,0
42519,27,bully,2025,1,0,0,15,0,210,0,1,27,40494,2025,0,16,0,0,0,LEADER,1,0,0,15,0,0,0,0,0,0,0,0,0,0,0
42008,42,bully,1514,1,0,0,15,0,210,0,1,42,40494,1514,0,16,0,0,0,LEADER,1,0,0,15,0,0,0,0,0,0,0,0,0,0,0
42655,24,bully,2161,1,0,0,15,0,210,0,1,24,40494,2161,0,16,0,0,0,LEADER,1,0,0,15,0,0,0,0,0,0,0,0,0,0,0
42607,46,bully,2113,1,0,0,15,0,210,0,1,46,40494,2113,0,16,0,0,0,LEADER,1,0,0,15,0,0,0,0,0,0,0,0,0,0,0
42504,59,bully,2010,1,0,0,15,0,210,0,1,59,40494,2010,0,16,0,0,0,LEADER,1,0,0,15,0,0,0,0,0,0,0,0,0,0,0
42131,34,bully,1637,1,0,0,15,0,210,0,1,34,40494,1637,0,16,0,0,0,LEADER,1,0,0,15,0,0,0,0,0,0,0,0,0,0,0
42786,32,bully,2292,1,0,0,15,0,210,0,1,32,40494,2292,0,16,0,0,0,LEADER,1,0,0,15,0,0,0,0,0,0,0,0,0,0,0
42401,72,bully,1907,1,0,0,15,0,210,0,1,72,40494,1907,0,16,0,0,0,LEADER,1,0,0,15,0,0,0,0,0,0,0,0,0,0,0
42810,63,bully,2316,1,0,0,15,0,210,0,1,63,40494,2316,0,16,0,0,0,LEADER,1,0,0,15,0,0,0,0,0,0,0,0,0,0,0
42286,74,bully,1792,1,0,0,15,0,210,0,1,74,40494,1792,0,16,0,0,0,LEADER,1,0,0,15,0,0,0,0,0,0,0,0,0,0,0
42028,48,bully,1534,1,0,0,15,0,210,0,1,48,40494,1534,0,16,0,0,0,LEADER,1,0,0,15,0,0,0,0,0,0,0,0,0,0,0
42489,57,bully,1995,1,0,0,15,0,210,0,1,57,40494,1995,0,16,0,0,0,LEADER,1,0,0,15,0,0,0,0,0,0,0,0,0,0,0
42559,68,bully,2065,1,0,0,15,0,210,0,1,68,40494,2065,0,16,0,0,0,LEADER,1,0,0,15,0,0,0,0,0,0,0,0,0,0,0
41960,45,bully,1466,1,0,0,15,0,210,0,1,45,40494,1466,0,16,0,0,0,LEADER,1,0,0,15,0,0,0,0,0,0,0,0,0,0,0
42317,93,bully,1823,1,0,0,15,0,210,0,1,93,40494,1823,0,16,0,0,0,LEADER,1,0,0,15,0,0,0,0,0,0,0,0,0,0,0
42898,82,bully,2404,1,0,0,15,0,210,0,1,82,40494,2404,0,16,0,0,0,LEADER,1,0,0,15,0,0,0,0,0,0,0,0,0,0,0
42892,51,bully,2398,1,0,0,15,0,210,0,1,51,40494,2398,0,16,0,0,0,LEADER,1,0,0,15,0,0,0,0,0,0,0,0,0,0,0
42437,39,bully,1943,1,0,0,15,0,210,0,1,39,40494,1943,0,16,0,0,0,LEADER,1,0,0,15,0,0,0,0,0,0,0,0,0,0,0
42183,78,bully,1689,1,0,0,15,0,210,0,1,78,40494,1689,0,16,0,0,0,LEADER,1,0,0,15,0,0,0,0,0,0,0,0,0,0,0
42571,79,bully,2077,1,0,0,15,0,210,0,1,79,40494,2077,0,16,0,0,0,LEADER,1,0,0,15,0,0,0,0,0,0,0,0,0,0,0
42146,14,bully,1652,1,0,0,15,0,210,0,1,14,40494,1652,0,16,0,0,0,LEADER,1,0,0,15,0,0,0,0,0,0,0,0,0,0,0
42573,36,bully,2080,1,0,0,15,0,210,0,1,36,40493,2080,0,16,0,0,0,LEADER,1,0,0,15,0,0,0,0,0,0,0,0,0,0,0
42456,81,bully,1962,1,0,0,15,0,210,0,1,81,40494,1962,0,16,0,0,0,LEADER,1,0,0,15,0,0,0,0,0,0,0,0,0,0,0
42116,67,bully,1622,1,0,0,15,0,210,0,1,67,40494,1622,0,16,0,0,0,LEADER,1,0,0,15,0,0,0,0,0,0,0,0,0,0,0
42877,83,bully,2383,1,0,0,15,0,210,0,1,83,40494,2383,0,16,0,0,0,LEADER,1,0,0,15,0,0,0,0,0,0,0,0,0,0,0
43022,99,bully,1607,1,0,0,16,0,224,0,1,99,41415,1607,0,17,0,0,0,LEADER,1,0,0,16,0,0,0,0,0,0,0,0,0,0,0
42198,55,bully,1704,1,0,0,15,0,210,0,1,55,40494,1704,0,16,0,0,0,LEADER,1,0,0,15,0,0,0,0,0,0,0,0,0,0,0
42989,89,bully,1574,1,0,0,16,0,224,0,1,89,41415,1574,0,17,0,0,0,LEADER,1,0,0,16,0,0,0,0,0,0,0,0,0,0,0
42150,77,bully,1656,1,0,0,15,0,210,0,1,77,40494,1656,0,16,0,0,0,LEADER,1,0,0,15,0,0,0,0,0,0,0,0,0,0,0
42422,71,bully,1928,1,0,0,15,0,210,0,1,71,40494,1928,0,16,0,0,0,LEADER,1,0,0,15,0,0,0,0,0,0,0,0,0,0,0
42334,52,bully,1840,1,0,0,15,0,210,0,1,52,40494,1840,0,16,0,0,0,LEADER,1,0,0,15,0,0,0,0,0,0,0,0,0,0,0
42705,76,bully,2213,1,0,0,15,0,210,0,1,76,40492,2213,0,16,0,0,0,LEADER,1,0,0,15,0,0,0,0,0,0,0,0,0,0,0
42301,10,bully,1807,1,0,0,15,0,210,0,1,10,40494,1807,0,16,0,0,0,LEADER,1,0,0,15,0,0,0,0,0,0,0,0,0,0,0
42234,22,bully,1740,1,0,0,15,0,210,0,1,22,40494,1740,0,16,0,0,0,LEADER,1,0,0,15,0,0,0,0,0,0,0,0,0,0,0
42383,21,bully,1889,1,0,0,15,0,210,0,1,21,40494,1889,0,16,0,0,0,LEADER,1,0,0,15,0,0,0,0,0,0,0,0,0,0,0
42640,56,bully,2146,1,0,0,15,0,210,0,1,56,40494,2146,0,16,0,0,0,LEADER,1,0,0,15,0,0,0,0,0,0,0,0,0,0,0
42165,60,bully,1671,1,0,0,15,0,210,0,1,60,40494,1671,0,16,0,0,0,LEADER,1,0,0,15,0,0,0,0,0,0,0,0,0,0,0
43019,25,bully,1604,1,0,0,16,0,224,0,1,25,41415,1604,0,17,0,0,0,LEADER,1,0,0,16,0,0,0,0,0,0,0,0,0,0,0
42231,65,bully,1737,1,0,0,15,0,210,0,1,65,40494,1737,0,16,0,0,0,LEADER,1,0,0,15,0,0,0,0,0,0,0,0,0,0,0
42907,19,bully,2413,1,0,0,15,0,210,0,1,19,40494,2413,0,16,0,0,0,LEADER,1,0,0,15,0,0,0,0,0,0,0,0,0,0,0
42537,69,bully,2043,1,0,0,15,0,210,0,1,69,40494,2043,0,16,0,0,0,LEADER,1,0,0,15,0,0,0,0,0,0,0,0,0,0,0
43140,54,bully,1725,1,0,0,16,0,224,0,1,54,41415,1725,0,17,0,0,0,LEADER,1,0,0,16,0,0,0,0,0,0,0,0,0,0,0
42486,17,bully,1992,1,0,0,15,0,210,0,1,17,40494,1992,0,16,0,0,0,LEADER,1,0,0,15,0,0,0,0,0,0,0,0,0,0,0
43001,100,bully,1586,1,0,0,16,0,224,0,1,100,41415,1586,0,17,0,0,0,LEADER,1,0,0,16,0,0,0,0,0,0,0,0,0,0,0
42964,16,bully,1549,1,0,0,16,0,224,0,1,16,41415,1549,0,17,0,0,0,LEADER,1,0,0,16,0,0,0,0,0,0,0,0,0,0,0
42552,37,bully,2058,1,0,0,15,0,210,0,1,37,40494,2058,0,16,0,0,0,LEADER,1,0,0,15,0,0,0,0,0,0,0,0,0,0,0
43189,13,bully,1774,1,0,0,16,0,224,0,1,13,41415,1774,0,17,0,0,0,LEADER,1,0,0,16,0,0,0,0,0,0,0,0,0,0,0
42349,20,bully,1855,1,0,0,15,0,210,0,1,20,40494,1855,0,16,0,0,0,LEADER,1,0,0,15,0,0,0,0,0,0,0,0,0,0,0
42982,41,bully,1567,1,0,0,16,0,224,0,1,41,41415,1567,0,17,0,0,0,LEADER,1,0,0,16,0,0,0,0,0,0,0,0,0,0,0
42971,47,bully,1556,1,0,0,16,0,224,0,1,47,41415,1556,0,17,0,0,0,LEADER,1,0,0,16,0,0,0,0,0,0,0,0,0,0,0
42795,95,bully,2301,1,0,0,15,0,210,0,1,95,40494,2301,0,16,0,0,0,LEADER,1,0,0,15,0,0,0,0,0,0,0,0,0,0,0
42659,98,bully,2165,1,0,0,15,0,210,0,1,98,40494,2165,0,16,0,0,0,LEADER,1,0,0,15,0,0,0,0,0,0,0,0,0,0,0
42843,73,bully,2349,1,0,0,15,0,210,0,1,73,40494,2349,0,16,0,0,0,LEADER,1,0,0,15,0,0,0,0,0,0,0,0,0,0,0
42389,61,bully,1895,1,0,0,15,0,210,0,1,61,40494,1895,0,16,0,0,0,LEADER,1,0,0,15,0,0,0,0,0,0,0,0,0,0,0
43137,97,bully,1722,1,0,0,16,0,224,0,1,97,41415,1722,0,17,0,0,0,LEADER,1,0,0,16,0,0,0,0,0,0,0,0,0,0,0
43167,33,bully,1752,1,0,0,16,0,224,0,1,33,41415,1752,0,17,0,0,0,LEADER,1,0,0,16,0,0,0,0,0,0,0,0,0,0,0
42825,31,bully,2331,1,0,0,15,0,210,0,1,31,40494,2331,0,16,0,0,0,LEADER,1,0,0,15,0,0,0,0,0,0,0,0,0,0,0
43325,29,bully,1910,1,0,0,16,0,224,0,1,29,41415,1910,0,17,0,0,0,LEADER,1,0,0,16,0,0,0,0,0,0,0,0,0,0,0
43337,40,bully,1922,1,0,0,16,0,224,0,1,40,41415,1922,0,17,0,0,0,LEADER,1,0,0,16,0,0,0,0,0,0,0,0,0,0,0
43158,96,bully,1744,1,0,0,16,0,224,0,1,96,41414,1744,0,17,0,0,0,LEADER,1,0,0,16,0,0,0,0,0,0,0,0,0,0,0
43240,84,bully,1825,1,0,0,16,0,224,0,1,84,41415,1825,0,17,0,0,0,LEADER,1,0,0,16,0,0,0,0,0,0,0,0,0,0,0
42934,80,bully,1519,1,0,0,16,0,224,0,1,80,41415,1519,0,17,0,0,0,LEADER,1,0,0,16,0,0,0,0,0,0,0,0,0,0,0
42777,53,bully,2283,1,0,0,15,0,210,0,1,53,40494,2283,0,16,0,0,0,LEADER,1,0,0,15,0,0,0,0,0,0,0,0,0,0,0
42853,92,bully,1438,1,0,0,16,0,224,0,1,92,41415,1438,0,17,0,0,0,LEADER,1,0,0,16,0,0,0,0,0,0,0,0,0,0,0
43289,62,bully,1874,1,0,0,16,0,224,0,1,62,41415,1874,0,17,0,0,0,LEADER,1,0,0,16,0,0,0,0,0,0,0,0,0,0,0
43034,91,bully,1619,1,0,0,16,0,224,0,1,91,41415,1619,0,17,0,0,0,LEADER,1,0,0,16,0,0,0,0,0,0,0,0,0,0,0
42986,15,bully,1571,1,0,0,16,0,224,0,1,15,41415,1571,0,17,0,0,0,LEADER,1,0,0,16,0,0,0,0,0,0,0,0,0,0,0
42655,26,bully,2161,1,0,0,15,0,210,0,1,26,40494,2161,0,16,0,0,0,LEADER,1,0,0,15,0,0,0,0,0,0,0,0,0,0,0
43392,49,bully,1977,1,0,0,16,0,224,0,1,49,41415,1977,0,17,0,0,0,LEADER,1,0,0,16,0,0,0,0,0,0,0,0,0,0,0
43207,58,bully,1792,1,0,0,16,0,224,0,1,58,41415,1792,0,17,0,0,0,LEADER,1,0,0,16,0,0,0,0,0,0,0,0,0,0,0
42740,86,bully,2246,1,0,0,15,0,210,0,1,86,40494,2246,0,16,0,0,0,LEADER,1,0,0,15,0,0,0,0,0,0,0,0,0,0,0
42913,50,bully,2419,1,0,0,15,0,210,0,1,50,40494,2419,0,16,0,0,0,LEADER,1,0,0,15,0,0,0,0,0,0,0,0,0,0,0
42765,85,bully,2268,1,0,0,15,0,210,0,1,85,40497,2268,0,16,0,0,0,LEADER,1,0,0,15,0,0,0,0,0,0,0,0,0,0,0
42704,87,bully,2212,1,0,0,15,0,210,0,1,87,40492,2212,0,16,0,0,0,LEADER,1,0,0,15,0,0,0,0,0,0,0,0,0,0,0
42910,64,bully,2416,1,0,0,15,0,210,0,1,64,40494,2416,0,16,0,0,0,LEADER,1,0,0,15,0,0,0,0,0,0,0,0,0,0,0
42758,11,bully,2264,1,0,0,15,0,210,0,1,11,40494,2264,0,16,0,0,0,LEADER,1,0,0,15,0,0,0,0,0,0,0,0,0,0,0
42849,18,bully,1434,1,0,0,16,0,224,0,1,18,41415,1434,0,17,0,0,0,LEADER,1,0,0,16,0,0,0,0,0,0,0,0,0,0,0
42968,90,bully,1553,1,0,0,16,0,224,0,1,90,41415,1553,0,17,0,0,0,LEADER,1,0,0,16,0,0,0,0,0,0,0,0,0,0,0
42862,35,bully,1447,1,0,0,16,0,224,0,1,35,41415,1447,0,17,0,0,0,LEADER,1,0,0,16,0,0,0,0,0,0,0,0,0,0,0
42743,43,bully,2249,1,0,0,15,0,210,0,1,43,40494,2249,0,16,0,0,0,LEADER,1,0,0,15,0,0,0,0,0,0,0,0,0,0,0
42882,28,bully,1467,1,0,0,16,0,224,0,1,28,41415,1467,0,17,0,0,0,LEADER,1,0,0,16,0,0,0,0,0,0,0,0,0,0,0
42721,44,bully,2228,1,0,0,15,0,210,0,1,44,40493,2228,0,16,0,0,0,LEADER,1,0,0,15,0,0,0,0,0,0,0,0,0,0,0
43556,23,bully,2141,1,0,0,16,0,224,0,1,23,41415,2141,0,17,0,0,0,LEADER,1,0,0,16,0,0,0,0,0,0,0,0,0,0,0
42876,30,bully,1461,1,0,0,16,0,224,0,1,30,41415,1461,0,17,0,0,0,LEADER,1,0,0,16,0,0,0,0,0,0,0,0,0,0,0
43274,94,bully,1859,1,0,0,16,0,224,0,1,94,41415,1859,0,17,0,0,0,LEADER,1,0,0,16,0,0,0,0,0,0,0,0,0,0,0
42916,38,bully,1501,1,0,0,16,0,224,0,1,38,41415,1501,0,17,0,0,0,LEADER,1,0,0,16,0,0,0,0,0,0,0,0,0,0,0
43595,66,bully,2180,1,0,0,16,0,224,0,1,66,41415,2180,0,17,0,0,0,LEADER,1,0,0,16,0,0,0,0,0,0,0,0,0,0,0
42901,70,bully,1486,1,0,0,16,0,224,0,1,70,41415,1486,0,17,0,0,0,LEADER,1,0,0,16,0,0,0,0,0,0,0,0,0,0,0
43546,88,bully,2131,1,0,0,16,0,224,0,1,88,41415,2131,0,17,0,0,0,LEADER,1,0,0,16,0,0,0,0,0,0,0,0,0,0,0
42729,75,bully,2235,1,0,0,15,0,210,0,1,75,40494,2235,0,16,0,0,0,LEADER,1,0,0,15,0,0,0,0,0,0,0,0,0,0,0
42737,12,bully,2243,1,0,0,15,0,210,0,1,12,40494,2243,0,16,0,0,0,LEADER,1,0,0,15,0,0,0,0,0,0,0,0,0,0,0
43440,27,bully,2025,1,0,0,16,0,224,0,1,27,41415,2025,0,17,0,0,0,LEADER,1,0,0,16,0,0,0,0,0,0,0,0,0,0,0
42929,42,bully,1514,1,0,0,16,0,224,0,1,42,41415,1514,0,17,0,0,0,LEADER,1,0,0,16,0,0,0,0,0,0,0,0,0,0,0
43576,24,bully,2161,1,0,0,16,0,224,0,1,24,41415,2161,0,17,0,0,0,LEADER,1,0,0,16,0,0,0,0,0,0,0,0,0,0,0
43528,46,bully,2113,1,0,0,16,0,224,0,1,46,41415,2113,0,17,0,0,0,LEADER,1,0,0,16,0,0,0,0,0,0,0,0,0,0,0
43052,34,bully,1637,1,0,0,16,0,224,0,1,34,41415,1637,0,17,0,0,0,LEADER,1,0,0,16,0,0,0,0,0,0,0,0,0,0,0
43425,59,bully,2010,1,0,0,16,0,224,0,1,59,41415,2010,0,17,0,0,0,LEADER,1,0,0,16,0,0,0,0,0,0,0,0,0,0,0
43707,32,bully,2292,1,0,0,16,0,224,0,1,32,41415,2292,0,17,0,0,0,LEADER,1,0,0,16,0,0,0,0,0,0,0,0,0,0,0
43322,72,bully,1907,1,0,0,16,0,224,0,1,72,41415,1907,0,17,0,0,0,LEADER,1,0,0,16,0,0,0,0,0,0,0,0,0,0,0
43731,63,bully,2316,1,0,0,16,0,224,0,1,63,41415,2316,0,17,0,0,0,LEADER,1,0,0,16,0,0,0,0,0,0,0,0,0,0,0
43207,74,bully,1792,1,0,0,16,0,224,0,1,74,41415,1792,0,17,0,0,0,LEADER,1,0,0,16,0,0,0,0,0,0,0,0,0,0,0
42949,48,bully,1534,1,0,0,16,0,224,0,1,48,41415,1534,0,17,0,0,0,LEADER,1,0,0,16,0,0,0,0,0,0,0,0,0,0,0
43410,57,bully,1995,1,0,0,16,0,224,0,1,57,41415,1995,0,17,0,0,0,LEADER,1,0,0,16,0,0,0,0,0,0,0,0,0,0,0
43480,68,bully,2065,1,0,0,16,0,224,0,1,68,41415,2065,0,17,0,0,0,LEADER,1,0,0,16,0,0,0,0,0,0,0,0,0,0,0
42881,45,bully,1466,1,0,0,16,0,224,0,1,45,41415,1466,0,17,0,0,0,LEADER,1,0,0,16,0,0,0,0,0,0,0,0,0,0,0
43238,93,bully,1823,1,0,0,16,0,224,0,1,93,41415,1823,0,17,0,0,0,LEADER,1,0,0,16,0,0,0,0,0,0,0,0,0,0,0
43819,82,bully,2404,1,0,0,16,0,224,0,1,82,41415,2404,0,17,0,0,0,LEADER,1,0,0,16,0,0,0,0,0,0,0,0,0,0,0
43813,51,bully,2398,1,0,0,16,0,224,0,1,51,41415,2398,0,17,0,0,0,LEADER,1,0,0,16,0,0,0,0,0,0,0,0,0,0,0
43358,39,bully,1943,1,0,0,16,0,224,0,1,39,41415,1943,0,17,0,0,0,LEADER,1,0,0,16,0,0,0,0,0,0,0,0,0,0,0
43104,78,bully,1689,1,0,0,16,0,224,0,1,78,41415,1689,0,17,0,0,0,LEADER,1,0,0,16,0,0,0,0,0,0,0,0,0,0,0
43492,79,bully,2077,1,0,0,16,0,224,0,1,79,41415,2077,0,17,0,0,0,LEADER,1,0,0,16,0,0,0,0,0,0,0,0,0,0,0
43067,14,bully,1652,1,0,0,16,0,224,0,1,14,41415,1652,0,17,0,0,0,LEADER,1,0,0,16,0,0,0,0,0,0,0,0,0,0,0
43494,36,bully,2080,1,0,0,16,0,224,0,1,36,41414,2080,0,17,0,0,0,LEADER,1,0,0,16,0,0,0,0,0,0,0,0,0,0,0
43377,81,bully,1962,1,0,0,16,0,224,0,1,81,41415,1962,0,17,0,0,0,LEADER,1,0,0,16,0,0,0,0,0,0,0,0,0,0,0
43037,67,bully,1622,1,0,0,16,0,224,0,1,67,41415,1622,0,17,0,0,0,LEADER,1,0,0,16,0,0,0,0,0,0,0,0,0,0,0
43798,83,bully,2383,1,0,0,16,0,224,0,1,83,41415,2383,0,17,0,0,0,LEADER,1,0,0,16,0,0,0,0,0,0,0,0,0,0,0
43942,99,bully,1607,1,0,0,16,0,224,0,1,99,42335,1607,0,17,0,0,0,LEADER,1,0,0,16,0,0,0,0,0,0,0,0,0,0,0
43119,55,bully,1704,1,0,0,16,0,224,0,1,55,41415,1704,0,17,0,0,0,LEADER,1,0,0,16,0,0,0,0,0,0,0,0,0,0,0
43909,89,bully,1574,1,0,0,16,0,224,0,1,89,42335,1574,0,17,0,0,0,LEADER,1,0,0,16,0,0,0,0,0,0,0,0,0,0,0
43071,77,bully,1656,1,0,0,16,0,224,0,1,77,41415,1656,0,17,0,0,0,LEADER,1,0,0,16,0,0,0,0,0,0,0,0,0,0,0
43343,71,bully,1928,1,0,0,16,0,224,0,1,71,41415,1928,0,17,0,0,0,LEADER,1,0,0,16,0,0,0,0,0,0,0,0,0,0,0
43255,52,bully,1840,1,0,0,16,0,224,0,1,52,41415,1840,0,17,0,0,0,LEADER,1,0,0,16,0,0,0,0,0,0,0,0,0,0,0
43626,76,bully,2213,1,0,0,16,0,224,0,1,76,41413,2213,0,17,0,0,0,LEADER,1,0,0,16,0,0,0,0,0,0,0,0,0,0,0
43222,10,bully,1807,1,0,0,16,0,224,0,1,10,41415,1807,0,17,0,0,0,LEADER,1,0,0,16,0,0,0,0,0,0,0,0,0,0,0
43155,22,bully,1740,1,0,0,16,0,224,0,1,22,41415,1740,0,17,0,0,0,LEADER,1,0,0,16,0,0,0,0,0,0,0,0,0,0,0
43304,21,bully,1889,1,0,0,16,0,224,0,1,21,41415,1889,0,17,0,0,0,LEADER,1,0,0,16,0,0,0,0,0,0,0,0,0,0,0
43561,56,bully,2146,1,0,0,16,0,224,0,1,56,41415,2146,0,17,0,0,0,LEADER,1,0,0,16,0,0,0,0,0,0,0,0,0,0,0
43086,60,bully,1671,1,0,0,16,0,224,0,1,60,41415,1671,0,17,0,0,0,LEADER,1,0,0,16,0,0,0,0,0,0,0,0,0,0,0
43939,25,bully,1604,1,0,0,16,0,224,0,1,25,42335,1604,0,17,0,0,0,LEADER,1,0,0,16,0,0,0,0,0,0,0,0,0,0,0
43152,65,bully,1737,1,0,0,16,0,224,0,1,65,41415,1737,0,17,0,0,0,LEADER,1,0,0,16,0,0,0,0,0,0,0,0,0,0,0
43828,19,bully,2413,1,0,0,16,0,224,0,1,19,41415,2413,0,17,0,0,0,LEADER,1,0,0,16,0,0,0,0,0,0,0,0,0,0,0
43458,69,bully,2043,1,0,0,16,0,224,0,1,69,41415,2043,0,17,0,0,0,LEADER,1,0,0,16,0,0,0,0,0,0,0,0,0,0,0
44060,54,bully,1725,1,0,0,16,0,224,0,1,54,42335,1725,0,17,0,0,0,LEADER,1,0,0,16,0,0,0,0,0,0,0,0,0,0,0
43407,17,bully,1992,1,0,0,16,0,224,0,1,17,41415,1992,0,17,0,0,0,LEADER,1,0,0,16,0,0,0,0,0,0,0,0,0,0,0
43921,100,bully,1586,1,0,0,16,0,224,0,1,100,42335,1586,0,17,0,0,0,LEADER,1,0,0,16,0,0,0,0,0,0,0,0,0,0,0
43884,16,bully,1549,1,0,0,16,0,224,0,1,16,42335,1549,0,17,0,0,0,LEADER,1,0,0,16,0,0,0,0,0,0,0,0,0,0,0
43473,37,bully,2058,1,0,0,16,0,224,0,1,37,41415,2058,0,17,0,0,0,LEADER,1,0,0,16,0,0,0,0,0,0,0,0,0,0,0
44109,13,bully,1774,1,0,0,16,0,224,0,1,13,42335,1774,0,17,0,0,0,LEADER,1,0,0,16,0,0,0,0,0,0,0,0,0,0,0
43270,20,bully,1855,1,0,0,16,0,224,0,1,20,41415,1855,0,17,0,0,0,LEADER,1,0,0,16,0,0,0,0,0,0,0,0,0,0,0
43902,41,bully,1567,1,0,0,16,0,224,0,1,41,42335,1567,0,17,0,0,0,LEADER,1,0,0,16,0,0,0,0,0,0,0,0,0,0,0
43891,47,bully,1556,1,0,0,16,0,224,0,1,47,42335,1556,0,17,0,0,0,LEADER,1,0,0,16,0,0,0,0,0,0,0,0,0,0,0
43716,95,bully,2301,1,0,0,16,0,224,0,1,95,41415,2301,0,17,0,0,0,LEADER,1,0,0,16,0,0,0,0,0,0,0,0,0,0,0
43580,98,bully,2165,1,0,0,16,0,224,0,1,98,41415,2165,0,17,0,0,0,LEADER,1,0,0,16,0,0,0,0,0,0,0,0,0,0,0
43764,73,bully,2349,1,0,0,16,0,224,0,1,73,41415,2349,0,17,0,0,0,LEADER,1,0,0,16,0,0,0,0,0,0,0,0,0,0,0
44087,33,bully,1752,1,0,0,16,0,224,0,1,33,42335,1752,0,17,0,0,0,LEADER,1,0,0,16,0,0,0,0,0,0,0,0,0,0,0
44057,97,bully,1722,1,0,0,16,0,224,0,1,97,42335,1722,0,17,0,0,0,LEADER,1,0,0,16,0,0,0,0,0,0,0,0,0,0,0
43310,61,bully,1895,1,0,0,16,0,224,0,1,61,41415,1895,0,17,0,0,0,LEADER,1,0,0,16,0,0,0,0,0,0,0,0,0,0,0
44245,29,bully,1910,1,0,0,16,0,224,0,1,29,42335,1910,0,17,0,0,0,LEADER,1,0,0,16,0,0,0,0,0,0,0,0,0,0,0
44257,40,bully,1922,1,0,0,16,0,224,0,1,40,42335,1922,0,17,0,0,0,LEADER,1,0,0,16,0,0,0,0,0,0,0,0,0,0,0
43746,31,bully,2331,1,0,0,16,0,224,0,1,31,41415,2331,0,17,0,0,0,LEADER,1,0,0,16,0,0,0,0,0,0,0,0,0,0,0
44078,96,bully,1744,1,0,0,16,0,224,0,1,96,42334,1744,0,17,0,0,0,LEADER,1,0,0,16,0,0,0,0,0,0,0,0,0,0,0
44160,84,bully,1825,1,0,0,16,0,224,0,1,84,42335,1825,0,17,0,0,0,LEADER,1,0,0,16,0,0,0,0,0,0,0,0,0,0,0
43854,80,bully,1519,1,0,0,16,0,224,0,1,80,42335,1519,0,17,0,0,0,LEADER,1,0,0,16,0,0,0,0,0,0,0,0,0,0,0
43698,53,bully,2283,1,0,0,16,0,224,0,1,53,41415,2283,0,17,0,0,0,LEADER,1,0,0,16,0,0,0,0,0,0,0,0,0,0,0
43773,92,bully,1438,1,0,0,16,0,224,0,1,92,42335,1438,0,17,0,0,0,LEADER,1,0,0,16,0,0,0,0,0,0,0,0,0,0,0
44209,62,bully,1874,1,0,0,16,0,224,0,1,62,42335,1874,0,17,0,0,0,LEADER,1,0,0,16,0,0,0,0,0,0,0,0,0,0,0
43954,91,bully,1619,1,0,0,16,0,224,0,1,91,42335,1619,0,17,0,0,0,LEADER,1,0,0,16,0,0,0,0,0,0,0,0,0,0,0
43906,15,bully,1571,1,0,0,16,0,224,0,1,15,42335,1571,0,17,0,0,0,LEADER,1,0,0,16,0,0,0,0,0,0,0,0,0,0,0
43576,26,bully,2161,1,0,0,16,0,224,0,1,26,41415,2161,0,17,0,0,0,LEADER,1,0,0,16,0,0,0,0,0,0,0,0,0,0,0
44312,49,bully,1977,1,0,0,16,0,224,0,1,49,42335,1977,0,17,0,0,0,LEADER,1,0,0,16,0,0,0,0,0,0,0,0,0,0,0
44127,58,bully,1792,1,0,0,16,0,224,0,1,58,42335,1792,0,17,0,0,0,LEADER,1,0,0,16,0,0,0,0,0,0,0,0,0,0,0
43661,86,bully,2246,1,0,0,16,0,224,0,1,86,41415,2246,0,17,0,0,0,LEADER,1,0,0,16,0,0,0,0,0,0,0,0,0,0,0
43834,50,bully,2419,1,0,0,16,0,224,0,1,50,41415,2419,0,17,0,0,0,LEADER,1,0,0,16,0,0,0,0,0,0,0,0,0,0,0
43686,85,bully,2268,1,0,0,16,0,224,0,1,85,41418,2268,0,17,0,0,0,LEADER,1,0,0,16,0,0,0,0,0,0,0,0,0,0,0
43625,87,bully,2212,1,0,0,16,0,224,0,1,87,41413,2212,0,17,0,0,0,LEADER,1,0,0,16,0,0,0,0,0,0,0,0,0,0,0
43831,64,bully,2416,1,0,0,16,0,224,0,1,64,41415,2416,0,17,0,0,0,LEADER,1,0,0,16,0,0,0,0,0,0,0,0,0,0,0
43769,18,bully,1434,1,0,0,16,0,224,0,1,18,42335,1434,0,17,0,0,0,LEADER,1,0,0,16,0,0,0,0,0,0,0,0,0,0,0
43679,11,bully,2264,1,0,0,16,0,224,0,1,11,41415,2264,0,17,0,0,0,LEADER,1,0,0,16,0,0,0,0,0,0,0,0,0,0,0
43888,90,bully,1553,1,0,0,16,0,224,0,1,90,42335,1553,0,17,0,0,0,LEADER,1,0,0,16,0,0,0,0,0,0,0,0,0,0,0
43782,35,bully,1447,1,0,0,16,0,224,0,1,35,42335,1447,0,17,0,0,0,LEADER,1,0,0,16,0,0,0,0,0,0,0,0,0,0,0
43664,43,bully,2249,1,0,0,16,0,224,0,1,43,41415,2249,0,17,0,0,0,LEADER,1,0,0,16,0,0,0,0,0,0,0,0,0,0,0
43802,28,bully,1467,1,0,0,16,0,224,0,1,28,42335,1467,0,17,0,0,0,LEADER,1,0,0,16,0,0,0,0,0,0,0,0,0,0,0
44476,23,bully,2141,1,0,0,16,0,224,0,1,23,42335,2141,0,17,0,0,0,LEADER,1,0,0,16,0,0,0,0,0,0,0,0,0,0,0
43642,44,bully,2228,1,0,0,16,0,224,0,1,44,41414,2228,0,17,0,0,0,LEADER,1,0,0,16,0,0,0,0,0,0,0,0,0,0,0
43796,30,bully,1461,1,0,0,16,0,224,0,1,30,42335,1461,0,17,0,0,0,LEADER,1,0,0,16,0,0,0,0,0,0,0,0,0,0,0
44194,94,bully,1859,1,0,0,16,0,224,0,1,94,42335,1859,0,17,0,0,0,LEADER,1,0,0,16,0,0,0,0,0,0,0,0,0,0,0
43836,38,bully,1501,1,0,0,16,0,224,0,1,38,42335,1501,0,17,0,0,0,LEADER,1,0,0,16,0,0,0,0,0,0,0,0,0,0,0
44515,66,bully,2180,1,0,0,16,0,224,0,1,66,42335,2180,0,17,0,0,0,LEADER,1,0,0,16,0,0,0,0,0,0,0,0,0,0,0
43821,70,bully,1486,1,0,0,16,0,224,0,1,70,42335,1486,0,17,0,0,0,LEADER,1,0,0,16,0,0,0,0,0,0,0,0,0,0,0
44466,88,bully,2131,1,0,0,16,0,224,0,1,88,42335,2131,0,17,0,0,0,LEADER,1,0,0,16,0,0,0,0,0,0,0,0,0,0,0
43650,75,bully,2235,1,0,0,16,0,224,0,1,75,41415,2235,0,17,0,0,0,LEADER,1,0,0,16,0,0,0,0,0,0,0,0,0,0,0
43658,12,bully,2243,1,0,0,16,0,224,0,1,12,41415,2243,0,17,0,0,0,LEADER,1,0,0,16,0,0,0,0,0,0,0,0,0,0,0
44360,27,bully,2025,1,0,0,16,0,224,0,1,27,42335,2025,0,17,0,0,0,LEADER,1,0,0,16,0,0,0,0,0,0,0,0,0,0,0
43849,42,bully,1514,1,0,0,16,0,224,0,1,42,42335,1514,0,17,0,0,0,LEADER,1,0,0,16,0,0,0,0,0,0,0,0,0,0,0
44496,24,bully,2161,1,0,0,16,0,224,0,1,24,42335,2161,0,17,0,0,0,LEADER,1,0,0,16,0,0,0,0,0,0,0,0,0,0,0
44448,46,bully,2113,1,0,0,16,0,224,0,1,46,42335,2113,0,17,0,0,0,LEADER,1,0,0,16,0,0,0,0,0,0,0,0,0,0,0
43972,34,bully,1637,1,0,0,16,0,224,0,1,34,42335,1637,0,17,0,0,0,LEADER,1,0,0,16,0,0,0,0,0,0,0,0,0,0,0
44345,59,bully,2010,1,0,0,16,0,224,0,1,59,42335,2010,0,17,0,0,0,LEADER,1,0,0,16,0,0,0,0,0,0,0,0,0,0,0
44627,32,bully,2292,1,0,0,16,0,224,0,1,32,42335,2292,0,17,0,0,0,LEADER,1,0,0,16,0,0,0,0,0,0,0,0,0,0,0
44242,72,bully,1907,1,0,0,16,0,224,0,1,72,42335,1907,0,17,0,0,0,LEADER,1,0,0,16,0,0,0,0,0,0,0,0,0,0,0
44651,63,bully,2316,1,0,0,16,0,224,0,1,63,42335,2316,0,17,0,0,0,LEADER,1,0,0,16,0,0,0,0,0,0,0,0,0,0,0
44127,74,bully,1792,1,0,0,16,0,224,0,1,74,42335,1792,0,17,0,0,0,LEADER,1,0,0,16,0,0,0,0,0,0,0,0,0,0,0
44261,6,bully,1516,1,0,0,6,18,84,252,2,4,42745,1516,0,3,0,0,0,NORMAL,0,0,0,6,0,0,0,18,0,0,0,0,0,0,0
43869,48,bully,1534,1,0,0,16,0,224,0,1,48,42335,1534,0,17,0,0,0,LEADER,1,0,0,16,0,0,0,0,0,0,0,0,0,0,0
44330,57,bully,1995,1,0,0,16,0,224,0,1,57,42335,1995,0,17,0,0,0,LEADER,1,0,0,16,0,0,0,0,0,0,0,0,0,0,0
44400,68,bully,2065,1,0,0,16,0,224,0,1,68,42335,2065,0,17,0,0,0,LEADER,1,0,0,16,0,0,0,0,0,0,0,0,0,0,0
43801,45,bully,1466,1,0,0,16,0,224,0,1,45,42335,1466,0,17,0,0,0,LEADER,1,0,0,16,0,0,0,0,0,0,0,0,0,0,0
44158,93,bully,1823,1,0,0,16,0,224,0,1,93,42335,1823,0,17,0,0,0,LEADER,1,0,0,16,0,0,0,0,0,0,0,0,0,0,0
44739,82,bully,2404,1,0,0,16,0,224,0,1,82,42335,2404,0,17,0,0,0,LEADER,1,0,0,16,0,0,0,0,0,0,0,0,0,0,0
44733,51,bully,2398,1,0,0,16,0,224,0,1,51,42335,2398,0,17,0,0,0,LEADER,1,0,0,16,0,0,0,0,0,0,0,0,0,0,0
44278,39,bully,1943,1,0,0,16,0,224,0,1,39,42335,1943,0,17,0,0,0,LEADER,1,0,0,16,0,0,0,0,0,0,0,0,0,0,0
44024,78,bully,1689,1,0,0,16,0,224,0,1,78,42335,1689,0,17,0,0,0,LEADER,1,0,0,16,0,0,0,0,0,0,0,0,0,0,0
44412,79,bully,2077,1,0,0,16,0,224,0,1,79,42335,2077,0,17,0,0,0,LEADER,1,0,0,16,0,0,0,0,0,0,0,0,0,0,0
43987,14,bully,1652,1,0,0,16,0,224,0,1,14,42335,1652,0,17,0,0,0,LEADER,1,0,0,16,0,0,0,0,0,0,0,0,0,0,0
44414,36,bully,2080,1,0,0,16,0,224,0,1,36,42334,2080,0,17,0,0,0,LEADER,1,0,0,16,0,0,0,0,0,0,0,0,0,0,0
44297,81,bully,1962,1,0,0,16,0,224,0,1,81,42335,1962,0,17,0,0,0,LEADER,1,0,0,16,0,0,0,0,0,0,0,0,0,0,0
43957,67,bully,1622,1,0,0,16,0,224,0,1,67,42335,1622,0,17,0,0,0,LEADER,1,0,0,16,0,0,0,0,0,0,0,0,0,0,0
44718,83,bully,2383,1,0,0,16,0,224,0,1,83,42335,2383,0,17,0,0,0,LEADER,1,0,0,16,0,0,0,0,0,0,0,0,0,0,0
44862,99,bully,1607,1,0,0,16,0,224,0,1,99,43255,1607,0,17,0,0,0,LEADER,1,0,0,16,0,0,0,0,0,0,0,0,0,0,0
44039,55,bully,1704,1,0,0,16,0,224,0,1,55,42335,1704,0,17,0,0,0,LEADER,1,0,0,16,0,0,0,0,0,0,0,0,0,0,0
44829,89,bully,1574,1,0,0,16,0,224,0,1,89,43255,1574,0,17,0,0,0,LEADER,1,0,0,16,0,0,0,0,0,0,0,0,0,0,0
43991,77,bully,1656,1,0,0,16,0,224,0,1,77,42335,1656,0,17,0,0,0,LEADER,1,0,0,16,0,0,0,0,0,0,0,0,0,0,0
44263,71,bully,1928,1,0,0,16,0,224,0,1,71,42335,1928,0,17,0,0,0,LEADER,1,0,0,16,0,0,0,0,0,0,0,0,0,0,0
44175,52,bully,1840,1,0,0,16,0,224,0,1,52,42335,1840,0,17,0,0,0,LEADER,1,0,0,16,0,0,0,0,0,0,0,0,0,0,0
44546,76,bully,2213,1,0,0,16,0,224,0,1,76,42333,2213,0,17,0,0,0,LEADER,1,0,0,16,0,0,0,0,0,0,0,0,0,0,0
44142,10,bully,1807,1,0,0,16,0,224,0,1,10,42335,1807,0,17,0,0,0,LEADER,1,0,0,16,0,0,0,0,0,0,0,0,0,0,0
44075,22,bully,1740,1,0,0,16,0,224,0,1,22,42335,1740,0,17,0,0,0,LEADER,1,0,0,16,0,0,0,0,0,0,0,0,0,0,0
44224,21,bully,1889,1,0,0,16,0,224,0,1,21,42335,1889,0,17,0,0,0,LEADER,1,0,0,16,0,0,0,0,0,0,0,0,0,0,0
44481,56,bully,2146,1,0,0,16,0,224,0,1,56,42335,2146,0,17,0,0,0,LEADER,1,0,0,16,0,0,0,0,0,0,0,0,0,0,0
44006,60,bully,1671,1,0,0,16,0,224,0,1,60,42335,1671,0,17,0,0,0,LEADER,1,0,0,16,0,0,0,0,0,0,0,0,0,0,0
44859,25,bully,1604,1,0,0,16,0,224,0,1,25,43255,1604,0,17,0,0,0,LEADER,1,0,0,16,0,0,0,0,0,0,0,0,0,0,0
44072,65,bully,1737,1,0,0,16,0,224,0,1,65,42335,1737,0,17,0,0,0,LEADER,1,0,0,16,0,0,0,0,0,0,0,0,0,0,0
44748,19,bully,2413,1,0,0,16,0,224,0,1,19,42335,2413,0,17,0,0,0,LEADER,1,0,0,16,0,0,0,0,0,0,0,0,0,0,0
44378,69,bully,2043,1,0,0,16,0,224,0,1,69,42335,2043,0,17,0,0,0,LEADER,1,0,0,16,0,0,0,0,0,0,0,0,0,0,0
44980,54,bully,1725,1,0,0,16,0,224,0,1,54,43255,1725,0,17,0,0,0,LEADER,1,0,0,16,0,0,0,0,0,0,0,0,0,0,0
44327,17,bully,1992,1,0,0,16,0,224,0,1,17,42335,1992,0,17,0,0,0,LEADER,1,0,0,16,0,0,0,0,0,0,0,0,0,0,0
44841,100,bully,1586,1,0,0,16,0,224,0,1,100,43255,1586,0,17,0,0,0,LEADER,1,0,0,16,0,0,0,0,0,0,0,0,0,0,0
44804,16,bully,1549,1,0,0,16,0,224,0,1,16,43255,1549,0,17,0,0,0,LEADER,1,0,0,16,0,0,0,0,0,0,0,0,0,0,0
44393,37,bully,2058,1,0,0,16,0,224,0,1,37,42335,2058,0,17,0,0,0,LEADER,1,0,0,16,0,0,0,0,0,0,0,0,0,0,0
45029,13,bully,1774,1,0,0,16,0,224,0,1,13,43255,1774,0,17,0,0,0,LEADER,1,0,0,16,0,0,0,0,0,0,0,0,0,0,0
44190,20,bully,1855,1,0,0,16,0,224,0,1,20,42335,1855,0,17,0,0,0,LEADER,1,0,0,16,0,0,0,0,0,0,0,0,0,0,0
44809,2,bully,2214,1,0,0,7,14,98,196,3,1,42595,2214,0,5,0,0,0,NORMAL,0,0,0,7,0,0,0,14,0,0,0,0,0,0,0
44822,41,bully,1567,1,0,0,16,0,224,0,1,41,43255,1567,0,17,0,0,0,LEADER,1,0,0,16,0,0,0,0,0,0,0,0,0,0,0
44811,47,bully,1556,1,0,0,16,0,224,0,1,47,43255,1556,0,17,0,0,0,LEADER,1,0,0,16,0,0,0,0,0,0,0,0,0,0,0
44636,95,bully,2301,1,0,0,16,0,224,0,1,95,42335,2301,0,17,0,0,0,LEADER,1,0,0,16,0,0,0,0,0,0,0,0,0,0,0
44500,98,bully,2165,1,0,0,16,0,224,0,1,98,42335,2165,0,17,0,0,0,LEADER,1,0,0,16,0,0,0,0,0,0,0,0,0,0,0
44684,73,bully,2349,1,0,0,16,0,224,0,1,73,42335,2349,0,17,0,0,0,LEADER,1,0,0,16,0,0,0,0,0,0,0,0,0,0,0
45007,33,bully,1752,1,0,0,16,0,224,0,1,33,43255,1752,0,17,0,0,0,LEADER,1,0,0,16,0,0,0,0,0,0,0,0,0,0,0
44977,97,bully,1722,1,0,0,16,0,224,0,1,97,43255,1722,0,17,0,0,0,LEADER,1,0,0,16,0,0,0,0,0,0,0,0,0,0,0
44230,61,bully,1895,1,0,0,16,0,224,0,1,61,42335,1895,0,17,0,0,0,LEADER,1,0,0,16,0,0,0,0,0,0,0,0,0,0,0
45165,29,bully,1910,1,0,0,16,0,224,0,1,29,43255,1910,0,17,0,0,0,LEADER,1,0,0,16,0,0,0,0,0,0,0,0,0,0,0
45177,40,bully,1922,1,0,0,16,0,224,0,1,40,43255,1922,0,17,0,0,0,LEADER,1,0,0,16,0,0,0,0,0,0,0,0,0,0,0
44666,31,bully,2331,1,0,0,16,0,224,0,1,31,42335,2331,0,17,0,0,0,LEADER,1,0,0,16,0,0,0,0,0,0,0,0,0,0,0
44998,96,bully,1744,1,0,0,16,0,224,0,1,96,43254,1744,0,17,0,0,0,LEADER,1,0,0,16,0,0,0,0,0,0,0,0,0,0,0
45080,84,bully,1825,1,0,0,16,0,224,0,1,84,43255,1825,0,17,0,0,0,LEADER,1,0,0,16,0,0,0,0,0,0,0,0,0,0,0
44774,80,bully,1519,1,0,0,16,0,224,0,1,80,43255,1519,0,17,0,0,0,LEADER,1,0,0,16,0,0,0,0,0,0,0,0,0,0,0
44618,53,bully,2283,1,0,0,16,0,224,0,1,53,42335,2283,0,17,0,0,0,LEADER,1,0,0,16,0,0,0,0,0,0,0,0,0,0,0
44693,92,bully,1438,1,0,0,16,0,224,0,1,92,43255,1438,0,17,0,0,0,LEADER,1,0,0,16,0,0,0,0,0,0,0,0,0,0,0
45129,62,bully,1874,1,0,0,16,0,224,0,1,62,43255,1874,0,17,0,0,0,LEADER,1,0,0,16,0,0,0,0,0,0,0,0,0,0,0
44874,91,bully,1619,1,0,0,16,0,224,0,1,91,43255,1619,0,17,0,0,0,LEADER,1,0,0,16,0,0,0,0,0,0,0,0,0,0,0
44826,15,bully,1571,1,0,0,16,0,224,0,1,15,43255,1571,0,17,0,0,0,LEADER,1,0,0,16,0,0,0,0,0,0,0,0,0,0,0
44496,26,bully,2161,1,0,0,16,0,224,0,1,26,42335,2161,0,17,0,0,0,LEADER,1,0,0,16,0,0,0,0,0,0,0,0,0,0,0
45232,49,bully,1977,1,0,0,16,0,224,0,1,49,43255,1977,0,17,0,0,0,LEADER,1,0,0,16,0,0,0,0,0,0,0,0,0,0,0
45047,58,bully,1792,1,0,0,16,0,224,0,1,58,43255,1792,0,17,0,0,0,LEADER,1,0,0,16,0,0,0,0,0,0,0,0,0,0,0
44581,86,bully,2246,1,0,0,16,0,224,0,1,86,42335,2246,0,17,0,0,0,LEADER,1,0,0,16,0,0,0,0,0,0,0,0,0,0,0
44754,50,bully,2419,1,0,0,16,0,224,0,1,50,42335,2419,0,17,0,0,0,LEADER,1,0,0,16,0,0,0,0,0,0,0,0,0,0,0
44606,85,bully,2268,1,0,0,16,0,224,0,1,85,42338,2268,0,17,0,0,0,LEADER,1,0,0,16,0,0,0,0,0,0,0,0,0,0,0
44545,87,bully,2212,1,0,0,16,0,224,0,1,87,42333,2212,0,17,0,0,0,LEADER,1,0,0,16,0,0,0,0,0,0,0,0,0,0,0
44751,64,bully,2416,1,0,0,16,0,224,0,1,64,42335,2416,0,17,0,0,0,LEADER,1,0,0,16,0,0,0,0,0,0,0,0,0,0,0
44689,18,bully,1434,1,0,0,16,0,224,0,1,18,43255,1434,0,17,0,0,0,LEADER,1,0,0,16,0,0,0,0,0,0,0,0,0,0,0
44599,11,bully,2264,1,0,0,16,0,224,0,1,11,42335,2264,0,17,0,0,0,LEADER,1,0,0,16,0,0,0,0,0,0,0,0,0,0,0
44808,90,bully,1553,1,0,0,16,0,224,0,1,90,43255,1553,0,17,0,0,0,LEADER,1,0,0,16,0,0,0,0,0,0,0,0,0,0,0
44702,35,bully,1447,1,0,0,16,0,224,0,1,35,43255,1447,0,17,0,0,0,LEADER,1,0,0,16,0,0,0,0,0,0,0,0,0,0,0
44584,43,bully,2249,1,0,0,16,0,224,0,1,43,42335,2249,0,17,0,0,0,LEADER,1,0,0,16,0,0,0,0,0,0,0,0,0,0,0
44722,28,bully,1467,1,0,0,16,0,224,0,1,28,43255,1467,0,17,0,0,0,LEADER,1,0,0,16,0,0,0,0,0,0,0,0,0,0,0
45396,23,bully,2141,1,0,0,16,0,224,0,1,23,43255,2141,0,17,0,0,0,LEADER,1,0,0,16,0,0,0,0,0,0,0,0,0,0,0
44562,44,bully,2228,1,0,0,16,0,224,0,1,44,42334,2228,0,17,0,0,0,LEADER,1,0,0,16,0,0,0,0,0,0,0,0,0,0,0
44716,30,bully,1461,1,0,0,16,0,224,0,1,30,43255,1461,0,17,0,0,0,LEADER,1,0,0,16,0,0,0,0,0,0,0,0,0,0,0
45114,94,bully,1859,1,0,0,16,0,224,0,1,94,43255,1859,0,17,0,0,0,LEADER,1,0,0,16,0,0,0,0,0,0,0,0,0,0,0
44756,38,bully,1501,1,0,0,16,0,224,0,1,38,43255,1501,0,17,0,0,0,LEADER,1,0,0,16,0,0,0,0,0,0,0,0,0,0,0
45435,66,bully,2180,1,0,0,16,0,224,0,1,66,43255,2180,0,17,0,0,0,LEADER,1,0,0,16,0,0,0,0,0,0,0,0,0,0,0
44741,70,bully,1486,1,0,0,16,0,224,0,1,70,43255,1486,0,17,0,0,0,LEADER,1,0,0,16,0,0,0,0,0,0,0,0,0,0,0
45386,88,bully,2131,1,0,0,16,0,224,0,1,88,43255,2131,0,17,0,0,0,LEADER,1,0,0,16,0,0,0,0,0,0,0,0,0,0,0
44570,75,bully,2235,1,0,0,16,0,224,0,1,75,42335,2235,0,17,0,0,0,LEADER,1,0,0,16,0,0,0,0,0,0,0,0,0,0,0
44578,12,bully,2243,1,0,0,16,0,224,0,1,12,42335,2243,0,17,0,0,0,LEADER,1,0,0,16,0,0,0,0,0,0,0,0,0,0,0
45280,27,bully,2025,1,0,0,16,0,224,0,1,27,43255,2025,0,17,0,0,0,LEADER,1,0,0,16,0,0,0,0,0,0,0,0,0,0,0
44769,42,bully,1514,1,0,0,16,0,224,0,1,42,43255,1514,0,17,0,0,0,LEADER,1,0,0,16,0,0,0,0,0,0,0,0,0,0,0
45416,24,bully,2161,1,0,0,16,0,224,0,1,24,43255,2161,0,17,0,0,0,LEADER,1,0,0,16,0,0,0,0,0,0,0,0,0,0,0
45368,46,bully,2113,1,0,0,16,0,224,0,1,46,43255,2113,0,17,0,0,0,LEADER,1,0,0,16,0,0,0,0,0,0,0,0,0,0,0
45265,59,bully,2010,1,0,0,16,0,224,0,1,59,43255,2010,0,17,0,0,0,LEADER,1,0,0,16,0,0,0,0,0,0,0,0,0,0,0
44892,34,bully,1637,1,0,0,16,0,224,0,1,34,43255,1637,0,17,0,0,0,LEADER,1,0,0,16,0,0,0,0,0,0,0,0,0,0,0
45547,32,bully,2292,1,0,0,16,0,224,0,1,32,43255,2292,0,17,0,0,0,LEADER,1,0,0,16,0,0,0,0,0,0,0,0,0,0,0
45162,72,bully,1907,1,0,0,16,0,224,0,1,72,43255,1907,0,17,0,0,0,LEADER,1,0,0,16,0,0,0,0,0,0,0,0,0,0,0
45571,63,bully,2316,1,0,0,16,0,224,0,1,63,43255,2316,0,17,0,0,0,LEADER,1,0,0,16,0,0,0,0,0,0,0,0,0,0,0
45047,74,bully,1792,1,0,0,16,0,224,0,1,74,43255,1792,0,17,0,0,0,LEADER,1,0,0,16,0,0,0,0,0,0,0,0,0,0,0
44789,48,bully,1534,1,0,0,16,0,224,0,1,48,43255,1534,0,17,0,0,0,LEADER,1,0,0,16,0,0,0,0,0,0,0,0,0,0,0
45250,57,bully,1995,1,0,0,16,0,224,0,1,57,43255,1995,0,17,0,0,0,LEADER,1,0,0,16,0,0,0,0,0,0,0,0,0,0,0
45320,68,bully,2065,1,0,0,16,0,224,0,1,68,43255,2065,0,17,0,0,0,LEADER,1,0,0,16,0,0,0,0,0,0,0,0,0,0,0
44721,45,bully,1466,1,0,0,16,0,224,0,1,45,43255,1466,0,17,0,0,0,LEADER,1,0,0,16,0,0,0,0,0,0,0,0,0,0,0
45078,93,bully,1823,1,0,0,16,0,224,0,1,93,43255,1823,0,17,0,0,0,LEADER,1,0,0,16,0,0,0,0,0,0,0,0,0,0,0
45659,82,bully,2404,1,0,0,16,0,224,0,1,82,43255,2404,0,17,0,0,0,LEADER,1,0,0,16,0,0,0,0,0,0,0,0,0,0,0
45653,51,bully,2398,1,0,0,16,0,224,0,1,51,43255,2398,0,17,0,0,0,LEADER,1,0,0,16,0,0,0,0,0,0,0,0,0,0,0
45198,39,bully,1943,1,0,0,16,0,224,0,1,39,43255,1943,0,17,0,0,0,LEADER,1,0,0,16,0,0,0,0,0,0,0,0,0,0,0
44944,78,bully,1689,1,0,0,16,0,224,0,1,78,43255,1689,0,17,0,0,0,LEADER,1,0,0,16,0,0,0,0,0,0,0,0,0,0,0
45332,79,bully,2077,1,0,0,16,0,224,0,1,79,43255,2077,0,17,0,0,0,LEADER,1,0,0,16,0,0,0,0,0,0,0,0,0,0,0
45105,7,bully,2253,1,0,0,8,13,112,182,3,7,42852,2253,0,4,0,0,0,LEADER,1,0,0,8,0,0,0,13,0,0,0,0,0,0,0
44907,14,bully,1652,1,0,0,16,0,224,0,1,14,43255,1652,0,17,0,0,0,LEADER,1,0,0,16,0,0,0,0,0,0,0,0,0,0,0
45334,36,bully,2080,1,0,0,16,0,224,0,1,36,43254,2080,0,17,0,0,0,LEADER,1,0,0,16,0,0,0,0,0,0,0,0,0,0,0
45217,81,bully,1962,1,0,0,16,0,224,0,1,81,43255,1962,0,17,0,0,0,LEADER,1,0,0,16,0,0,0,0,0,0,0,0,0,0,0
44877,67,bully,1622,1,0,0,16,0,224,0,1,67,43255,1622,0,17,0,0,0,LEADER,1,0,0,16,0,0,0,0,0,0,0,0,0,0,0
45638,83,bully,2383,1,0,0,16,0,224,0,1,83,43255,2383,0,17,0,0,0,LEADER,1,0,0,16,0,0,0,0,0,0,0,0,0,0,0
45783,99,bully,1607,1,0,0,17,0,238,0,1,99,44176,1607,0,18,0,0,0,LEADER,1,0,0,17,0,0,0,0,0,0,0,0,0,0,0
44959,55,bully,1704,1,0,0,16,0,224,0,1,55,43255,1704,0,17,0,0,0,LEADER,1,0,0,16,0,0,0,0,0,0,0,0,0,0,0
45750,89,bully,1574,1,0,0,17,0,238,0,1,89,44176,1574,0,18,0,0,0,LEADER,1,0,0,17,0,0,0,0,0,0,0,0,0,0,0
44911,77,bully,1656,1,0,0,16,0,224,0,1,77,43255,1656,0,17,0,0,0,LEADER,1,0,0,16,0,0,0,0,0,0,0,0,0,0,0
45183,71,bully,1928,1,0,0,16,0,224,0,1,71,43255,1928,0,17,0,0,0,LEADER,1,0,0,16,0,0,0,0,0,0,0,0,0,0,0
45095,52,bully,1840,1,0,0,16,0,224,0,1,52,43255,1840,0,17,0,0,0,LEADER,1,0,0,16,0,0,0,0,0,0,0,0,0,0,0
45466,76,bully,2213,1,0,0,16,0,224,0,1,76,43253,2213,0,17,0,0,0,LEADER,1,0,0,16,0,0,0,0,0,0,0,0,0,0,0
45062,10,bully,1807,1,0,0,16,0,224,0,1,10,43255,1807,0,17,0,0,0,LEADER,1,0,0,16,0,0,0,0,0,0,0,0,0,0,0
44995,22,bully,1740,1,0,0,16,0,224,0,1,22,43255,1740,0,17,0,0,0,LEADER,1,0,0,16,0,0,0,0,0,0,0,0,0,0,0
45144,21,bully,1889,1,0,0,16,0,224,0,1,21,43255,1889,0,17,0,0,0,LEADER,1,0,0,16,0,0,0,0,0,0,0,0,0,0,0
45401,56,bully,2146,1,0,0,16,0,224,0,1,56,43255,2146,0,17,0,0,0,LEADER,1,0,0,16,0,0,0,0,0,0,0,0,0,0,0
44926,60,bully,1671,1,0,0,16,0,224,0,1,60,43255,1671,0,17,0,0,0,LEADER,1,0,0,16,0,0,0,0,0,0,0,0,0,0,0
45780,25,bully,1604,1,0,0,17,0,238,0,1,25,44176,1604,0,18,0,0,0,LEADER,1,0,0,17,0,0,0,0,0,0,0,0,0,0,0
44992,65,bully,1737,1,0,0,16,0,224,0,1,65,43255,1737,0,17,0,0,0,LEADER,1,0,0,16,0,0,0,0,0,0,0,0,0,0,0
45668,19,bully,2413,1,0,0,16,0,224,0,1,19,43255,2413,0,17,0,0,0,LEADER,1,0,0,16,0,0,0,0,0,0,0,0,0,0,0
45298,69,bully,2043,1,0,0,16,0,224,0,1,69,43255,2043,0,17,0,0,0,LEADER,1,0,0,16,0,0,0,0,0,0,0,0,0,0,0
45901,54,bully,1725,1,0,0,17,0,238,0,1,54,44176,1725,0,18,0,0,0,LEADER,1,0,0,17,0,0,0,0,0,0,0,0,0,0,0
45247,17,bully,1992,1,0,0,16,0,224,0,1,17,43255,1992,0,17,0,0,0,LEADER,1,0,0,16,0,0,0,0,0,0,0,0,0,0,0
45762,100,bully,1586,1,0,0,17,0,238,0,1,100,44176,1586,0,18,0,0,0,LEADER,1,0,0,17,0,0,0,0,0,0,0,0,0,0,0
45725,16,bully,1549,1,0,0,17,0,238,0,1,16,44176,1549,0,18,0,0,0,LEADER,1,0,0,17,0,0,0,0,0,0,0,0,0,0,0
45313,37,bully,2058,1,0,0,16,0,224,0,1,37,43255,2058,0,17,0,0,0,LEADER,1,0,0,16,0,0,0,0,0,0,0,0,0,0,0
45950,13,bully,1774,1,0,0,17,0,238,0,1,13,44176,1774,0,18,0,0,0,LEADER,1,0,0,17,0,0,0,0,0,0,0,0,0,0,0
45110,20,bully,1855,1,0,0,16,0,224,0,1,20,43255,1855,0,17,0,0,0,LEADER,1,0,0,16,0,0,0,0,0,0,0,0,0,0,0
45743,41,bully,1567,1,0,0,17,0,238,0,1,41,44176,1567,0,18,0,0,0,LEADER,1,0,0,17,0,0,0,0,0,0,0,0,0,0,0
45732,47,bully,1556,1,0,0,17,0,238,0,1,47,44176,1556,0,18,0,0,0,LEADER,1,0,0,17,0,0,0,0,0,0,0,0,0,0,0
45556,95,bully,2301,1,0,0,16,0,224,0,1,95,43255,2301,0,17,0,0,0,LEADER,1,0,0,16,0,0,0,0,0,0,0,0,0,0,0
45420,98,bully,2165,1,0,0,16,0,224,0,1,98,43255,2165,0,17,0,0,0,LEADER,1,0,0,16,0,0,0,0,0,0,0,0,0,0,0
45604,73,bully,2349,1,0,0,16,0,224,0,1,73,43255,2349,0,17,0,0,0,LEADER,1,0,0,16,0,0,0,0,0,0,0,0,0,0,0
45150,61,bully,1895,1,0,0,16,0,224,0,1,61,43255,1895,0,17,0,0,0,LEADER,1,0,0,16,0,0,0,0,0,0,0,0,0,0,0
45898,97,bully,1722,1,0,0,17,0,238,0,1,97,44176,1722,0,18,0,0,0,LEADER,1,0,0,17,0,0,0,0,0,0,0,0,0,0,0
45928,33,bully,1752,1,0,0,17,0,238,0,1,33,44176,1752,0,18,0,0,0,LEADER,1,0,0,17,0,0,0,0,0,0,0,0,0,0,0
45586,31,bully,2331,1,0,0,16,0,224,0,1,31,43255,2331,0,17,0,0,0,LEADER,1,0,0,16,0,0,0,0,0,0,0,0,0,0,0
46086,29,bully,1910,1,0,0,17,0,238,0,1,29,44176,1910,0,18,0,0,0,LEADER,1,0,0,17,0,0,0,0,0,0,0,0,0,0,0
46098,40,bully,1922,1,0,0,17,0,238,0,1,40,44176,1922,0,18,0,0,0,LEADER,1,0,0,17,0,0,0,0,0,0,0,0,0,0,0
45919,96,bully,1744,1,0,0,17,0,238,0,1,96,44175,1744,0,18,0,0,0,LEADER,1,0,0,17,0,0,0,0,0,0,0,0,0,0,0
46001,84,bully,1825,1,0,0,17,0,238,0,1,84,44176,1825,0,18,0,0,0,LEADER,1,0,0,17,0,0,0,0,0,0,0,0,0,0,0
45695,80,bully,1519,1,0,0,17,0,238,0,1,80,44176,1519,0,18,0,0,0,LEADER,1,0,0,17,0,0,0,0,0,0,0,0,0,0,0
45538,53,bully,2283,1,0,0,16,0,224,0,1,53,43255,2283,0,17,0,0,0,LEADER,1,0,0,16,0,0,0,0,0,0,0,0,0,0,0
45614,92,bully,1438,1,0,0,17,0,238,0,1,92,44176,1438,0,18,0,0,0,LEADER,1,0,0,17,0,0,0,0,0,0,0,0,0,0,0
46050,62,bully,1874,1,0,0,17,0,238,0,1,62,44176,1874,0,18,0,0,0,LEADER,1,0,0,17,0,0,0,0,0,0,0,0,0,0,0
45795,91,bully,1619,1,0,0,17,0,238,0,1,91,44176,1619,0,18,0,0,0,LEADER,1,0,0,17,0,0,0,0,0,0,0,0,0,0,0
45747,15,bully,1571,1,0,0,17,0,238,0,1,15,44176,1571,0,18,0,0,0,LEADER,1,0,0,17,0,0,0,0,0,0,0,0,0,0,0
45416,26,bully,2161,1,0,0,16,0,224,0,1,26,43255,2161,0,17,0,0,0,LEADER,1,0,0,16,0,0,0,0,0,0,0,0,0,0,0
46153,49,bully,1977,1,0,0,17,0,238,0,1,49,44176,1977,0,18,0,0,0,LEADER,1,0,0,17,0,0,0,0,0,0,0,0,0,0,0
45968,58,bully,1792,1,0,0,17,0,238,0,1,58,44176,1792,0,18,0,0,0,LEADER,1,0,0,17,0,0,0,0,0,0,0,0,0,0,0
45501,86,bully,2246,1,0,0,16,0,224,0,1,86,43255,2246,0,17,0,0,0,LEADER,1,0,0,16,0,0,0,0,0,0,0,0,0,0,0
45674,50,bully,2419,1,0,0,16,0,224,0,1,50,43255,2419,0,17,0,0,0,LEADER,1,0,0,16,0,0,0,0,0,0,0,0,0,0,0
45526,85,bully,2268,1,0,0,16,0,224,0,1,85,43258,2268,0,17,0,0,0,LEADER,1,0,0,16,0,0,0,0,0,0,0,0,0,0,0
45465,87,bully,2212,1,0,0,16,0,224,0,1,87,43253,2212,0,17,0,0,0,LEADER,1,0,0,16,0,0,0,0,0,0,0,0,0,0,0
45671,64,bully,2416,1,0,0,16,0,224,0,1,64,43255,2416,0,17,0,0,0,LEADER,1,0,0,16,0,0,0,0,0,0,0,0,0,0,0
45519,11,bully,2264,1,0,0,16,0,224,0,1,11,43255,2264,0,17,0,0,0,LEADER,1,0,0,16,0,0,0,0,0,0,0,0,0,0,0
45610,18,bully,1434,1,0,0,17,0,238,0,1,18,44176,1434,0,18,0,0,0,LEADER,1,0,0,17,0,0,0,0,0,0,0,0,0,0,0
45729,90,bully,1553,1,0,0,17,0,238,0,1,90,44176,1553,0,18,0,0,0,LEADER,1,0,0,17,0,0,0,0,0,0,0,0,0,0,0
45623,35,bully,1447,1,0,0,17,0,238,0,1,35,44176,1447,0,18,0,0,0,LEADER,1,0,0,17,0,0,0,0,0,0,0,0,0,0,0
45504,43,bully,2249,1,0,0,16,0,224,0,1,43,43255,2249,0,17,0,0,0,LEADER,1,0,0,16,0,0,0,0,0,0,0,0,0,0,0
45643,28,bully,1467,1,0,0,17,0,238,0,1,28,44176,1467,0,18,0,0,0,LEADER,1,0,0,17,0,0,0,0,0,0,0,0,0,0,0
45482,44,bully,2228,1,0,0,16,0,224,0,1,44,43254,2228,0,17,0,0,0,LEADER,1,0,0,16,0,0,0,0,0,0,0,0,0,0,0
46317,23,bully,2141,1,0,0,17,0,238,0,1,23,44176,2141,0,18,0,0,0,LEADER,1,0,0,17,0,0,0,0,0,0,0,0,0,0,0
45637,30,bully,1461,1,0,0,17,0,238,0,1,30,44176,1461,0,18,0,0,0,LEADER,1,0,0,17,0,0,0,0,0,0,0,0,0,0,0
46035,94,bully,1859,1,0,0,17,0,238,0,1,94,44176,1859,0,18,0,0,0,LEADER,1,0,0,17,0,0,0,0,0,0,0,0,0,0,0
45677,38,bully,1501,1,0,0,17,0,238,0,1,38,44176,1501,0,18,0,0,0,LEADER,1,0,0,17,0,0,0,0,0,0,0,0,0,0,0
46356,66,bully,2180,1,0,0,17,0,238,0,1,66,44176,2180,0,18,0,0,0,LEADER,1,0,0,17,0,0,0,0,0,0,0,0,0,0,0
45662,70,bully,1486,1,0,0,17,0,238,0,1,70,44176,1486,0,18,0,0,0,LEADER,1,0,0,17,0,0,0,0,0,0,0,0,0,0,0
46307,88,bully,2131,1,0,0,17,0,238,0,1,88,44176,2131,0,18,0,0,0,LEADER,1,0,0,17,0,0,0,0,0,0,0,0,0,0,0
45490,75,bully,2235,1,0,0,16,0,224,0,1,75,43255,2235,0,17,0,0,0,LEADER,1,0,0,16,0,0,0,0,0,0,0,0,0,0,0
45498,12,bully,2243,1,0,0,16,0,224,0,1,12,43255,2243,0,17,0,0,0,LEADER,1,0,0,16,0,0,0,0,0,0,0,0,0,0,0
46201,27,bully,2025,1,0,0,17,0,238,0,1,27,44176,2025,0,18,0,0,0,LEADER,1,0,0,17,0,0,0,0,0,0,0,0,0,0,0
45690,42,bully,1514,1,0,0,17,0,238,0,1,42,44176,1514,0,18,0,0,0,LEADER,1,0,0,17,0,0,0,0,0,0,0,0,0,0,0
46337,24,bully,2161,1,0,0,17,0,238,0,1,24,44176,2161,0,18,0,0,0,LEADER,1,0,0,17,0,0,0,0,0,0,0,0,0,0,0
46289,46,bully,2113,1,0,0,17,0,238,0,1,46,44176,2113,0,18,0,0,0,LEADER,1,0,0,17,0,0,0,0,0,0,0,0,0,0,0
45813,34,bully,1637,1,0,0,17,0,238,0,1,34,44176,1637,0,18,0,0,0,LEADER,1,0,0,17,0,0,0,0,0,0,0,0,0,0,0
46186,59,bully,2010,1,0,0,17,0,238,0,1,59,44176,2010,0,18,0,0,0,LEADER,1,0,0,17,0,0,0,0,0,0,0,0,0,0,0
46468,32,bully,2292,1,0,0,17,0,238,0,1,32,44176,2292,0,18,0,0,0,LEADER,1,0,0,17,0,0,0,0,0,0,0,0,0,0,0
46083,72,bully,1907,1,0,0,17,0,238,0,1,72,44176,1907,0,18,0,0,0,LEADER,1,0,0,17,0,0,0,0,0,0,0,0,0,0,0
46492,63,bully,2316,1,0,0,17,0,238,0,1,63,44176,2316,0,18,0,0,0,LEADER,1,0,0,17,0,0,0,0,0,0,0,0,0,0,0
45968,74,bully,1792,1,0,0,17,0,238,0,1,74,44176,1792,0,18,0,0,0,LEADER,1,0,0,17,0,0,0,0,0,0,0,0,0,0,0
45710,48,bully,1534,1,0,0,17,0,238,0,1,48,44176,1534,0,18,0,0,0,LEADER,1,0,0,17,0,0,0,0,0,0,0,0,0,0,0
46171,57,bully,1995,1,0,0,17,0,238,0,1,57,44176,1995,0,18,0,0,0,LEADER,1,0,0,17,0,0,0,0,0,0,0,0,0,0,0
46241,68,bully,2065,1,0,0,17,0,238,0,1,68,44176,2065,0,18,0,0,0,LEADER,1,0,0,17,0,0,0,0,0,0,0,0,0,0,0
45642,45,bully,1466,1,0,0,17,0,238,0,1,45,44176,1466,0,18,0,0,0,LEADER,1,0,0,17,0,0,0,0,0,0,0,0,0,0,0
45999,93,bully,1823,1,0,0,17,0,238,0,1,93,44176,1823,0,18,0,0,0,LEADER,1,0,0,17,0,0,0,0,0,0,0,0,0,0,0
46580,82,bully,2404,1,0,0,17,0,238,0,1,82,44176,2404,0,18,0,0,0,LEADER,1,0,0,17,0,0,0,0,0,0,0,0,0,0,0
46574,51,bully,2398,1,0,0,17,0,238,0,1,51,44176,2398,0,18,0,0,0,LEADER,1,0,0,17,0,0,0,0,0,0,0,0,0,0,0
46119,39,bully,1943,1,0,0,17,0,238,0,1,39,44176,1943,0,18,0,0,0,LEADER,1,0,0,17,0,0,0,0,0,0,0,0,0,0,0
45865,78,bully,1689,1,0,0,17,0,238,0,1,78,44176,1689,0,18,0,0,0,LEADER,1,0,0,17,0,0,0,0,0,0,0,0,0,0,0
46253,79,bully,2077,1,0,0,17,0,238,0,1,79,44176,2077,0,18,0,0,0,LEADER,1,0,0,17,0,0,0,0,0,0,0,0,0,0,0
45828,14,bully,1652,1,0,0,17,0,238,0,1,14,44176,1652,0,18,0,0,0,LEADER,1,0,0,17,0,0,0,0,0,0,0,0,0,0,0
46255,36,bully,2080,1,0,0,17,0,238,0,1,36,44175,2080,0,18,0,0,0,LEADER,1,0,0,17,0,0,0,0,0,0,0,0,0,0,0
46138,81,bully,1962,1,0,0,17,0,238,0,1,81,44176,1962,0,18,0,0,0,LEADER,1,0,0,17,0,0,0,0,0,0,0,0,0,0,0
45798,67,bully,1622,1,0,0,17,0,238,0,1,67,44176,1622,0,18,0,0,0,LEADER,1,0,0,17,0,0,0,0,0,0,0,0,0,0,0
46559,83,bully,2383,1,0,0,17,0,238,0,1,83,44176,2383,0,18,0,0,0,LEADER,1,0,0,17,0,0,0,0,0,0,0,0,0,0,0
46703,99,bully,1607,1,0,0,17,0,238,0,1,99,45096,1607,0,18,0,0,0,LEADER,1,0,0,17,0,0,0,0,0,0,0,0,0,0,0
45880,55,bully,1704,1,0,0,17,0,238,0,1,55,44176,1704,0,18,0,0,0,LEADER,1,0,0,17,0,0,0,0,0,0,0,0,0,0,0
46670,89,bully,1574,1,0,0,17,0,238,0,1,89,45096,1574,0,18,0,0,0,LEADER,1,0,0,17,0,0,0,0,0,0,0,0,0,0,0
45832,77,bully,1656,1,0,0,17,0,238,0,1,77,44176,1656,0,18,0,0,0,LEADER,1,0,0,17,0,0,0,0,0,0,0,0,0,0,0
46104,71,bully,1928,1,0,0,17,0,238,0,1,71,44176,1928,0,18,0,0,0,LEADER,1,0,0,17,0,0,0,0,0,0,0,0,0,0,0
46016,52,bully,1840,1,0,0,17,0,238,0,1,52,44176,1840,0,18,0,0,0,LEADER,1,0,0,17,0,0,0,0,0,0,0,0,0,0,0
46387,76,bully,2213,1,0,0,17,0,238,0,1,76,44174,2213,0,18,0,0,0,LEADER,1,0,0,17,0,0,0,0,0,0,0,0,0,0,0
45983,10,bully,1807,1,0,0,17,0,238,0,1,10,44176,1807,0,18,0,0,0,LEADER,1,0,0,17,0,0,0,0,0,0,0,0,0,0,0
45916,22,bully,1740,1,0,0,17,0,238,0,1,22,44176,1740,0,18,0,0,0,LEADER,1,0,0,17,0,0,0,0,0,0,0,0,0,0,0
46065,21,bully,1889,1,0,0,17,0,238,0,1,21,44176,1889,0,18,0,0,0,LEADER,1,0,0,17,0,0,0,0,0,0,0,0,0,0,0
46322,56,bully,2146,1,0,0,17,0,238,0,1,56,44176,2146,0,18,0,0,0,LEADER,1,0,0,17,0,0,0,0,0,0,0,0,0,0,0
45847,60,bully,1671,1,0,0,17,0,238,0,1,60,44176,1671,0,18,0,0,0,LEADER,1,0,0,17,0,0,0,0,0,0,0,0,0,0,0
46700,25,bully,1604,1,0,0,17,0,238,0,1,25,45096,1604,0,18,0,0,0,LEADER,1,0,0,17,0,0,0,0,0,0,0,0,0,0,0
45913,65,bully,1737,1,0,0,17,0,238,0,1,65,44176,1737,0,18,0,0,0,LEADER,1,0,0,17,0,0,0,0,0,0,0,0,0,0,0
46589,19,bully,2413,1,0,0,17,0,238,0,1,19,44176,2413,0,18,0,0,0,LEADER,1,0,0,17,0,0,0,0,0,0,0,0,0,0,0
46219,69,bully,2043,1,0,0,17,0,238,0,1,69,44176,2043,0,18,0,0,0,LEADER,1,0,0,17,0,0,0,0,0,0,0,0,0,0,0
46821,54,bully,1725,1,0,0,17,0,238,0,1,54,45096,1725,0,18,0,0,0,LEADER,1,0,0,17,0,0,0,0,0,0,0,0,0,0,0
46168,17,bully,1992,1,0,0,17,0,238,0,1,17,44176,1992,0,18,0,0,0,LEADER,1,0,0,17,0,0,0,0,0,0,0,0,0,0,0
46682,100,bully,1586,1,0,0,17,0,238,0,1,100,45096,1586,0,18,0,0,0,LEADER,1,0,0,17,0,0,0,0,0,0,0,0,0,0,0
46645,16,bully,1549,1,0,0,17,0,238,0,1,16,45096,1549,0,18,0,0,0,LEADER,1,0,0,17,0,0,0,0,0,0,0,0,0,0,0
46234,37,bully,2058,1,0,0,17,0,238,0,1,37,44176,2058,0,18,0,0,0,LEADER,1,0,0,17,0,0,0,0,0,0,0,0,0,0,0
46870,13,bully,1774,1,0,0,17,0,238,0,1,13,45096,1774,0,18,0,0,0,LEADER,1,0,0,17,0,0,0,0,0,0,0,0,0,0,0
46031,20,bully,1855,1,0,0,17,0,238,0,1,20,44176,1855,0,18,0,0,0,LEADER,1,0,0,17,0,0,0,0,0,0,0,0,0,0,0
46663,41,bully,1567,1,0,0,17,0,238,0,1,41,45096,1567,0,18,0,0,0,LEADER,1,0,0,17,0,0,0,0,0,0,0,0,0,0,0
46652,47,bully,1556,1,0,0,17,0,238,0,1,47,45096,1556,0,18,0,0,0,LEADER,1,0,0,17,0,0,0,0,0,0,0,0,0,0,0
46477,95,bully,2301,1,0,0,17,0,238,0,1,95,44176,2301,0,18,0,0,0,LEADER,1,0,0,17,0,0,0,0,0,0,0,0,0,0,0
46341,98,bully,2165,1,0,0,17,0,238,0,1,98,44176,2165,0,18,0,0,0,LEADER,1,0,0,17,0,0,0,0,0,0,0,0,0,0,0
46525,73,bully,2349,1,0,0,17,0,238,0,1,73,44176,2349,0,18,0,0,0,LEADER,1,0,0,17,0,0,0,0,0,0,0,0,0,0,0
46848,33,bully,1752,1,0,0,17,0,238,0,1,33,45096,1752,0,18,0,0,0,LEADER,1,0,0,17,0,0,0,0,0,0,0,0,0,0,0
46071,61,bully,1895,1,0,0,17,0,238,0,1,61,44176,1895,0,18,0,0,0,LEADER,1,0,0,17,0,0,0,0,0,0,0,0,0,0,0
46818,97,bully,1722,1,0,0,17,0,238,0,1,97,45096,1722,0,18,0,0,0,LEADER,1,0,0,17,0,0,0,0,0,0,0,0,0,0,0
47006,29,bully,1910,1,0,0,17,0,238,0,1,29,45096,1910,0,18,0,0,0,LEADER,1,0,0,17,0,0,0,0,0,0,0,0,0,0,0
47018,40,bully,1922,1,0,0,17,0,238,0,1,40,45096,1922,0,18,0,0,0,LEADER,1,0,0,17,0,0,0,0,0,0,0,0,0,0,0
46507,31,bully,2331,1,0,0,17,0,238,0,1,31,44176,2331,0,18,0,0,0,LEADER,1,0,0,17,0,0,0,0,0,0,0,0,0,0,0
46839,96,bully,1744,1,0,0,17,0,238,0,1,96,45095,1744,0,18,0,0,0,LEADER,1,0,0,17,0,0,0,0,0,0,0,0,0,0,0
46921,84,bully,1825,1,0,0,17,0,238,0,1,84,45096,1825,0,18,0,0,0,LEADER,1,0,0,17,0,0,0,0,0,0,0,0,0,0,0
46615,80,bully,1519,1,0,0,17,0,238,0,1,80,45096,1519,0,18,0,0,0,LEADER,1,0,0,17,0,0,0,0,0,0,0,0,0,0,0
46459,53,bully,2283,1,0,0,17,0,238,0,1,53,44176,2283,0,18,0,0,0,LEADER,1,0,0,17,0,0,0,0,0,0,0,0,0,0,0
46534,92,bully,1438,1,0,0,17,0,238,0,1,92,45096,1438,0,18,0,0,0,LEADER,1,0,0,17,0,0,0,0,0,0,0,0,0,0,0
46970,62,bully,1874,1,0,0,17,0,238,0,1,62,45096,1874,0,18,0,0,0,LEADER,1,0,0,17,0,0,0,0,0,0,0,0,0,0,0
46715,91,bully,1619,1,0,0,17,0,238,0,1,91,45096,1619,0,18,0,0,0,LEADER,1,0,0,17,0,0,0,0,0,0,0,0,0,0,0
46667,15,bully,1571,1,0,0,17,0,238,0,1,15,45096,1571,0,18,0,0,0,LEADER,1,0,0,17,0,0,0,0,0,0,0,0,0,0,0
46337,26,bully,2161,1,0,0,17,0,238,0,1,26,44176,2161,0,18,0,0,0,LEADER,1,0,0,17,0,0,0,0,0,0,0,0,0,0,0
47073,49,bully,1977,1,0,0,17,0,238,0,1,49,45096,1977,0,18,0,0,0,LEADER,1,0,0,17,0,0,0,0,0,0,0,0,0,0,0
46888,58,bully,1792,1,0,0,17,0,238,0,1,58,45096,1792,0,18,0,0,0,LEADER,1,0,0,17,0,0,0,0,0,0,0,0,0,0,0
46422,86,bully,2246,1,0,0,17,0,238,0,1,86,44176,2246,0,18,0,0,0,LEADER,1,0,0,17,0,0,0,0,0,0,0,0,0,0,0
46595,50,bully,2419,1,0,0,17,0,238,0,1,50,44176,2419,0,18,0,0,0,LEADER,1,0,0,17,0,0,0,0,0,0,0,0,0,0,0
46447,85,bully,2268,1,0,0,17,0,238,0,1,85,44179,2268,0,18,0,0,0,LEADER,1,0,0,17,0,0,0,0,0,0,0,0,0,0,0
46386,87,bully,2212,1,0,0,17,0,238,0,1,87,44174,2212,0,18,0,0,0,LEADER,1,0,0,17,0,0,0,0,0,0,0,0,0,0,0
46592,64,bully,2416,1,0,0,17,0,238,0,1,64,44176,2416,0,18,0,0,0,LEADER,1,0,0,17,0,0,0,0,0,0,0,0,0,0,0
46530,18,bully,1434,1,0,0,17,0,238,0,1,18,45096,1434,0,18,0,0,0,LEADER,1,0,0,17,0,0,0,0,0,0,0,0,0,0,0
46440,11,bully,2264,1,0,0,17,0,238,0,1,11,44176,2264,0,18,0,0,0,LEADER,1,0,0,17,0,0,0,0,0,0,0,0,0,0,0
46649,90,bully,1553,1,0,0,17,0,238,0,1,90,45096,1553,0,18,0,0,0,LEADER,1,0,0,17,0,0,0,0,0,0,0,0,0,0,0
46543,35,bully,1447,1,0,0,17,0,238,0,1,35,45096,1447,0,18,0,0,0,LEADER,1,0,0,17,0,0,0,0,0,0,0,0,0,0,0
46425,43,bully,2249,1,0,0,17,0,238,0,1,43,44176,2249,0,18,0,0,0,LEADER,1,0,0,17,0,0,0,0,0,0,0,0,0,0,0
46563,28,bully,1467,1,0,0,17,0,238,0,1,28,45096,1467,0,18,0,0,0,LEADER,1,0,0,17,0,0,0,0,0,0,0,0,0,0,0
47237,23,bully,2141,1,0,0,17,0,238,0,1,23,45096,2141,0,18,0,0,0,LEADER,1,0,0,17,0,0,0,0,0,0,0,0,0,0,0
46403,44,bully,2228,1,0,0,17,0,238,0,1,44,44175,2228,0,18,0,0,0,LEADER,1,0,0,17,0,0,0,0,0,0,0,0,0,0,0
46557,30,bully,1461,1,0,0,17,0,238,0,1,30,45096,1461,0,18,0,0,0,LEADER,1,0,0,17,0,0,0,0,0,0,0,0,0,0,0
46955,94,bully,1859,1,0,0,17,0,238,0,1,94,45096,1859,0,18,0,0,0,LEADER,1,0,0,17,0,0,0,0,0,0,0,0,0,0,0
46597,38,bully,1501,1,0,0,17,0,238,0,1,38,45096,1501,0,18,0,0,0,LEADER,1,0,0,17,0,0,0,0,0,0,0,0,0,0,0
47276,66,bully,2180,1,0,0,17,0,238,0,1,66,45096,2180,0,18,0,0,0,LEADER,1,0,0,17,0,0,0,0,0,0,0,0,0,0,0
46582,70,bully,1486,1,0,0,17,0,238,0,1,70,45096,1486,0,18,0,0,0,LEADER,1,0,0,17,0,0,0,0,0,0,0,0,0,0,0
47227,88,bully,2131,1,0,0,17,0,238,0,1,88,45096,2131,0,18,0,0,0,LEADER,1,0,0,17,0,0,0,0,0,0,0,0,0,0,0
46411,75,bully,2235,1,0,0,17,0,238,0,1,75,44176,2235,0,18,0,0,0,LEADER,1,0,0,17,0,0,0,0,0,0,0,0,0,0,0
46419,12,bully,2243,1,0,0,17,0,238,0,1,12,44176,2243,0,18,0,0,0,LEADER,1,0,0,17,0,0,0,0,0,0,0,0,0,0,0
47121,27,bully,2025,1,0,0,17,0,238,0,1,27,45096,2025,0,18,0,0,0,LEADER,1,0,0,17,0,0,0,0,0,0,0,0,0,0,0
46610,42,bully,1514,1,0,0,17,0,238,0,1,42,45096,1514,0,18,0,0,0,LEADER,1,0,0,17,0,0,0,0,0,0,0,0,0,0,0
46995,1,bully,2293,1,0,0,7,7,98,98,1,1,44702,2293,0,6,0,0,0,LEADER,1,0,0,7,0,0,0,7,0,0,0,0,0,0,0
47257,24,bully,2161,1,0,0,17,0,238,0,1,24,45096,2161,0,18,0,0,0,LEADER,1,0,0,17,0,0,0,0,0,0,0,0,0,0,0
47209,46,bully,2113,1,0,0,17,0,238,0,1,46,45096,2113,0,18,0,0,0,LEADER,1,0,0,17,0,0,0,0,0,0,0,0,0,0,0
46733,34,bully,1637,1,0,0,17,0,238,0,1,34,45096,1637,0,18,0,0,0,LEADER,1,0,0,17,0,0,0,0,0,0,0,0,0,0,0
47106,59,bully,2010,1,0,0,17,0,238,0,1,59,45096,2010,0,18,0,0,0,LEADER,1,0,0,17,0,0,0,0,0,0,0,0,0,0,0
47388,32,bully,2292,1,0,0,17,0,238,0,1,32,45096,2292,0,18,0,0,0,LEADER,1,0,0,17,0,0,0,0,0,0,0,0,0,0,0
47003,72,bully,1907,1,0,0,17,0,238,0,1,72,45096,1907,0,18,0,0,0,LEADER,1,0,0,17,0,0,0,0,0,0,0,0,0,0,0
47412,63,bully,2316,1,0,0,17,0,238,0,1,63,45096,2316,0,18,0,0,0,LEADER,1,0,0,17,0,0,0,0,0,0,0,0,0,0,0
46888,74,bully,1792,1,0,0,17,0,238,0,1,74,45096,1792,0,18,0,0,0,LEADER,1,0,0,17,0,0,0,0,0,0,0,0,0,0,0
46630,48,bully,1534,1,0,0,17,0,238,0,1,48,45096,1534,0,18,0,0,0,LEADER,1,0,0,17,0,0,0,0,0,0,0,0,0,0,0
47091,57,bully,1995,1,0,0,17,0,238,0,1,57,45096,1995,0,18,0,0,0,LEADER,1,0,0,17,0,0,0,0,0,0,0,0,0,0,0
47161,68,bully,2065,1,0,0,17,0,238,0,1,68,45096,2065,0,18,0,0,0,LEADER,1,0,0,17,0,0,0,0,0,0,0,0,0,0,0
46562,45,bully,1466,1,0,0,17,0,238,0,1,45,45096,1466,0,18,0,0,0,LEADER,1,0,0,17,0,0,0,0,0,0,0,0,0,0,0
46919,93,bully,1823,1,0,0,17,0,238,0,1,93,45096,1823,0,18,0,0,0,LEADER,1,0,0,17,0,0,0,0,0,0,0,0,0,0,0
47500,82,bully,2404,1,0,0,17,0,238,0,1,82,45096,2404,0,18,0,0,0,LEADER,1,0,0,17,0,0,0,0,0,0,0,0,0,0,0
47494,51,bully,2398,1,0,0,17,0,238,0,1,51,45096,2398,0,18,0,0,0,LEADER,1,0,0,17,0,0,0,0,0,0,0,0,0,0,0
47039,39,bully,1943,1,0,0,17,0,238,0,1,39,45096,1943,0,18,0,0,0,LEADER,1,0,0,17,0,0,0,0,0,0,0,0,0,0,0
46785,78,bully,1689,1,0,0,17,0,238,0,1,78,45096,1689,0,18,0,0,0,LEADER,1,0,0,17,0,0,0,0,0,0,0,0,0,0,0
47173,79,bully,2077,1,0,0,17,0,238,0,1,79,45096,2077,0,18,0,0,0,LEADER,1,0,0,17,0,0,0,0,0,0,0,0,0,0,0
46748,14,bully,1652,1,0,0,17,0,238,0,1,14,45096,1652,0,18,0,0,0,LEADER,1,0,0,17,0,0,0,0,0,0,0,0,0,0,0
46751,3,bully,1903,1,0,0,7,15,98,210,3,3,44848,1903,0,4,0,0,0,LEADER,1,0,0,7,0,0,0,15,0,0,0,0,0,0,0
47175,36,bully,2080,1,0,0,17,0,238,0,1,36,45095,2080,0,18,0,0,0,LEADER,1,0,0,17,0,0,0,0,0,0,0,0,0,0,0
47058,81,bully,1962,1,0,0,17,0,238,0,1,81,45096,1962,0,18,0,0,0,LEADER,1,0,0,17,0,0,0,0,0,0,0,0,0,0,0
46718,67,bully,1622,1,0,0,17,0,238,0,1,67,45096,1622,0,18,0,0,0,LEADER,1,0,0,17,0,0,0,0,0,0,0,0,0,0,0
47479,83,bully,2383,1,0,0,17,0,238,0,1,83,45096,2383,0,18,0,0,0,LEADER,1,0,0,17,0,0,0,0,0,0,0,0,0,0,0
47623,99,bully,1607,1,0,0,17,0,238,0,1,99,46016,1607,0,18,0,0,0,LEADER,1,0,0,17,0,0,0,0,0,0,0,0,0,0,0
46800,55,bully,1704,1,0,0,17,0,238,0,1,55,45096,1704,0,18,0,0,0,LEADER,1,0,0,17,0,0,0,0,0,0,0,0,0,0,0
47590,89,bully,1574,1,0,0,17,0,238,0,1,89,46016,1574,0,18,0,0,0,LEADER,1,0,0,17,0,0,0,0,0,0,0,0,0,0,0
46752,77,bully,1656,1,0,0,17,0,238,0,1,77,45096,1656,0,18,0,0,0,LEADER,1,0,0,17,0,0,0,0,0,0,0,0,0,0,0
47024,71,bully,1928,1,0,0,17,0,238,0,1,71,45096,1928,0,18,0,0,0,LEADER,1,0,0,17,0,0,0,0,0,0,0,0,0,0,0
46936,52,bully,1840,1,0,0,17,0,238,0,1,52,45096,1840,0,18,0,0,0,LEADER,1,0,0,17,0,0,0,0,0,0,0,0,0,0,0
47307,76,bully,2213,1,0,0,17,0,238,0,1,76,45094,2213,0,18,0,0,0,LEADER,1,0,0,17,0,0,0,0,0,0,0,0,0,0,0
46903,10,bully,1807,1,0,0,17,0,238,0,1,10,45096,1807,0,18,0,0,0,LEADER,1,0,0,17,0,0,0,0,0,0,0,0,0,0,0
46836,22,bully,1740,1,0,0,17,0,238,0,1,22,45096,1740,0,18,0,0,0,LEADER,1,0,0,17,0,0,0,0,0,0,0,0,0,0,0
46985,21,bully,1889,1,0,0,17,0,238,0,1,21,45096,1889,0,18,0,0,0,LEADER,1,0,0,17,0,0,0,0,0,0,0,0,0,0,0
47242,56,bully,2146,1,0,0,17,0,238,0,1,56,45096,2146,0,18,0,0,0,LEADER,1,0,0,17,0,0,0,0,0,0,0,0,0,0,0
46767,60,bully,1671,1,0,0,17,0,238,0,1,60,45096,1671,0,18,0,0,0,LEADER,1,0,0,17,0,0,0,0,0,0,0,0,0,0,0
47620,25,bully,1604,1,0,0,17,0,238,0,1,25,46016,1604,0,18,0,0,0,LEADER,1,0,0,17,0,0,0,0,0,0,0,0,0,0,0
46833,65,bully,1737,1,0,0,17,0,238,0,1,65,45096,1737,0,18,0,0,0,LEADER,1,0,0,17,0,0,0,0,0,0,0,0,0,0,0
47509,19,bully,2413,1,0,0,17,0,238,0,1,19,45096,2413,0,18,0,0,0,LEADER,1,0,0,17,0,0,0,0,0,0,0,0,0,0,0
47139,69,bully,2043,1,0,0,17,0,238,0,1,69,45096,2043,0,18,0,0,0,LEADER,1,0,0,17,0,0,0,0,0,0,0,0,0,0,0
47741,54,bully,1725,1,0,0,17,0,238,0,1,54,46016,1725,0,18,0,0,0,LEADER,1,0,0,17,0,0,0,0,0,0,0,0,0,0,0
47088,17,bully,1992,1,0,0,17,0,238,0,1,17,45096,1992,0,18,0,0,0,LEADER,1,0,0,17,0,0,0,0,0,0,0,0,0,0,0
47602,100,bully,1586,1,0,0,17,0,238,0,1,100,46016,1586,0,18,0,0,0,LEADER,1,0,0,17,0,0,0,0,0,0,0,0,0,0,0
47565,16,bully,1549,1,0,0,17,0,238,0,1,16,46016,1549,0,18,0,0,0,LEADER,1,0,0,17,0,0,0,0,0,0,0,0,0,0,0
47154,37,bully,2058,1,0,0,17,0,238,0,1,37,45096,2058,0,18,0,0,0,LEADER,1,0,0,17,0,0,0,0,0,0,0,0,0,0,0
47790,13,bully,1774,1,0,0,17,0,238,0,1,13,46016,1774,0,18,0,0,0,LEADER,1,0,0,17,0,0,0,0,0,0,0,0,0,0,0
46951,20,bully,1855,1,0,0,17,0,238,0,1,20,45096,1855,0,18,0,0,0,LEADER,1,0,0,17,0,0,0,0,0,0,0,0,0,0,0
47583,41,bully,1567,1,0,0,17,0,238,0,1,41,46016,1567,0,18,0,0,0,LEADER,1,0,0,17,0,0,0,0,0,0,0,0,0,0,0
47572,47,bully,1556,1,0,0,17,0,238,0,1,47,46016,1556,0,18,0,0,0,LEADER,1,0,0,17,0,0,0,0,0,0,0,0,0,0,0
47397,95,bully,2301,1,0,0,17,0,238,0,1,95,45096,2301,0,18,0,0,0,LEADER,1,0,0,17,0,0,0,0,0,0,0,0,0,0,0
47261,98,bully,2165,1,0,0,17,0,238,0,1,98,45096,2165,0,18,0,0,0,LEADER,1,0,0,17,0,0,0,0,0,0,0,0,0,0,0
47445,73,bully,2349,1,0,0,17,0,238,0,1,73,45096,2349,0,18,0,0,0,LEADER,1,0,0,17,0,0,0,0,0,0,0,0,0,0,0
47768,33,bully,1752,1,0,0,17,0,238,0,1,33,46016,1752,0,18,0,0,0,LEADER,1,0,0,17,0,0,0,0,0,0,0,0,0,0,0
46991,61,bully,1895,1,0,0,17,0,238,0,1,61,45096,1895,0,18,0,0,0,LEADER,1,0,0,17,0,0,0,0,0,0,0,0,0,0,0
47738,97,bully,1722,1,0,0,17,0,238,0,1,97,46016,1722,0,18,0,0,0,LEADER,1,0,0,17,0,0,0,0,0,0,0,0,0,0,0
47926,29,bully,1910,1,0,0,17,0,238,0,1,29,46016,1910,0,18,0,0,0,LEADER,1,0,0,17,0,0,0,0,0,0,0,0,0,0,0
47938,40,bully,1922,1,0,0,17,0,238,0,1,40,46016,1922,0,18,0,0,0,LEADER,1,0,0,17,0,0,0,0,0,0,0,0,0,0,0
47427,31,bully,2331,1,0,0,17,0,238,0,1,31,45096,2331,0,18,0,0,0,LEADER,1,0,0,17,0,0,0,0,0,0,0,0,0,0,0
47759,96,bully,1744,1,0,0,17,0,238,0,1,96,46015,1744,0,18,0,0,0,LEADER,1,0,0,17,0,0,0,0,0,0,0,0,0,0,0
47841,84,bully,1825,1,0,0,17,0,238,0,1,84,46016,1825,0,18,0,0,0,LEADER,1,0,0,17,0,0,0,0,0,0,0,0,0,0,0
47535,80,bully,1519,1,0,0,17,0,238,0,1,80,46016,1519,0,18,0,0,0,LEADER,1,0,0,17,0,0,0,0,0,0,0,0,0,0,0
47379,53,bully,2283,1,0,0,17,0,238,0,1,53,45096,2283,0,18,0,0,0,LEADER,1,0,0,17,0,0,0,0,0,0,0,0,0,0,0
47454,92,bully,1438,1,0,0,17,0,238,0,1,92,46016,1438,0,18,0,0,0,LEADER,1,0,0,17,0,0,0,0,0,0,0,0,0,0,0
47890,62,bully,1874,1,0,0,17,0,238,0,1,62,46016,1874,0,18,0,0,0,LEADER,1,0,0,17,0,0,0,0,0,0,0,0,0,0,0
47635,91,bully,1619,1,0,0,17,0,238,0,1,91,46016,1619,0,18,0,0,0,LEADER,1,0,0,17,0,0,0,0,0,0,0,0,0,0,0
47587,15,bully,1571,1,0,0,17,0,238,0,1,15,46016,1571,0,18,0,0,0,LEADER,1,0,0,17,0,0,0,0,0,0,0,0,0,0,0
47257,26,bully,2161,1,0,0,17,0,238,0,1,26,45096,2161,0,18,0,0,0,LEADER,1,0,0,17,0,0,0,0,0,0,0,0,0,0,0
47993,49,bully,1977,1,0,0,17,0,238,0,1,49,46016,1977,0,18,0,0,0,LEADER,1,0,0,17,0,0,0,0,0,0,0,0,0,0,0
47808,58,bully,1792,1,0,0,17,0,238,0,1,58,46016,1792,0,18,0,0,0,LEADER,1,0,0,17,0,0,0,0,0,0,0,0,0,0,0
47342,86,bully,2246,1,0,0,17,0,238,0,1,86,45096,2246,0,18,0,0,0,LEADER,1,0,0,17,0,0,0,0,0,0,0,0,0,0,0
47515,50,bully,2419,1,0,0,17,0,238,0,1,50,45096,2419,0,18,0,0,0,LEADER,1,0,0,17,0,0,0,0,0,0,0,0,0,0,0
47367,85,bully,2268,1,0,0,17,0,238,0,1,85,45099,2268,0,18,0,0,0,LEADER,1,0,0,17,0,0,0,0,0,0,0,0,0,0,0
47306,87,bully,2212,1,0,0,17,0,238,0,1,87,45094,2212,0,18,0,0,0,LEADER,1,0,0,17,0,0,0,0,0,0,0,0,0,0,0
47512,64,bully,2416,1,0,0,17,0,238,0,1,64,45096,2416,0,18,0,0,0,LEADER,1,0,0,17,0,0,0,0,0,0,0,0,0,0,0
47450,18,bully,1434,1,0,0,17,0,238,0,1,18,46016,1434,0,18,0,0,0,LEADER,1,0,0,17,0,0,0,0,0,0,0,0,0,0,0
47360,11,bully,2264,1,0,0,17,0,238,0,1,11,45096,2264,0,18,0,0,0,LEADER,1,0,0,17,0,0,0,0,0,0,0,0,0,0,0
47569,90,bully,1553,1,0,0,17,0,238,0,1,90,46016,1553,0,18,0,0,0,LEADER,1,0,0,17,0,0,0,0,0,0,0,0,0,0,0
47463,35,bully,1447,1,0,0,17,0,238,0,1,35,46016,1447,0,18,0,0,0,LEADER,1,0,0,17,0,0,0,0,0,0,0,0,0,0,0
47345,43,bully,2249,1,0,0,17,0,238,0,1,43,45096,2249,0,18,0,0,0,LEADER,1,0,0,17,0,0,0,0,0,0,0,0,0,0,0
47483,28,bully,1467,1,0,0,17,0,238,0,1,28,46016,1467,0,18,0,0,0,LEADER,1,0,0,17,0,0,0,0,0,0,0,0,0,0,0
48157,23,bully,2141,1,0,0,17,0,238,0,1,23,46016,2141,0,18,0,0,0,LEADER,1,0,0,17,0,0,0,0,0,0,0,0,0,0,0
47323,44,bully,2228,1,0,0,17,0,238,0,1,44,45095,2228,0,18,0,0,0,LEADER,1,0,0,17,0,0,0,0,0,0,0,0,0,0,0
47477,30,bully,1461,1,0,0,17,0,238,0,1,30,46016,1461,0,18,0,0,0,LEADER,1,0,0,17,0,0,0,0,0,0,0,0,0,0,0
47875,94,bully,1859,1,0,0,17,0,238,0,1,94,46016,1859,0,18,0,0,0,LEADER,1,0,0,17,0,0,0,0,0,0,0,0,0,0,0
47517,38,bully,1501,1,0,0,17,0,238,0,1,38,46016,1501,0,18,0,0,0,LEADER,1,0,0,17,0,0,0,0,0,0,0,0,0,0,0
48196,66,bully,2180,1,0,0,17,0,238,0,1,66,46016,2180,0,18,0,0,0,LEADER,1,0,0,17,0,0,0,0,0,0,0,0,0,0,0
47502,70,bully,1486,1,0,0,17,0,238,0,1,70,46016,1486,0,18,0,0,0,LEADER,1,0,0,17,0,0,0,0,0,0,0,0,0,0,0
48147,88,bully,2131,1,0,0,17,0,238,0,1,88,46016,2131,0,18,0,0,0,LEADER,1,0,0,17,0,0,0,0,0,0,0,0,0,0,0
47331,75,bully,2235,1,0,0,17,0,238,0,1,75,45096,2235,0,18,0,0,0,LEADER,1,0,0,17,0,0,0,0,0,0,0,0,0,0,0
47339,12,bully,2243,1,0,0,17,0,238,0,1,12,45096,2243,0,18,0,0,0,LEADER,1,0,0,17,0,0,0,0,0,0,0,0,0,0,0
48041,27,bully,2025,1,0,0,17,0,238,0,1,27,46016,2025,0,18,0,0,0,LEADER,1,0,0,17,0,0,0,0,0,0,0,0,0,0,0
47530,42,bully,1514,1,0,0,17,0,238,0,1,42,46016,1514,0,18,0,0,0,LEADER,1,0,0,17,0,0,0,0,0,0,0,0,0,0,0
48177,24,bully,2161,1,0,0,17,0,238,0,1,24,46016,2161,0,18,0,0,0,LEADER,1,0,0,17,0,0,0,0,0,0,0,0,0,0,0
48129,46,bully,2113,1,0,0,17,0,238,0,1,46,46016,2113,0,18,0,0,0,LEADER,1,0,0,17,0,0,0,0,0,0,0,0,0,0,0
48026,59,bully,2010,1,0,0,17,0,238,0,1,59,46016,2010,0,18,0,0,0,LEADER,1,0,0,17,0,0,0,0,0,0,0,0,0,0,0
47653,34,bully,1637,1,0,0,17,0,238,0,1,34,46016,1637,0,18,0,0,0,LEADER,1,0,0,17,0,0,0,0,0,0,0,0,0,0,0
48308,32,bully,2292,1,0,0,17,0,238,0,1,32,46016,2292,0,18,0,0,0,LEADER,1,0,0,17,0,0,0,0,0,0,0,0,0,0,0
47923,72,bully,1907,1,0,0,17,0,238,0,1,72,46016,1907,0,18,0,0,0,LEADER,1,0,0,17,0,0,0,0,0,0,0,0,0,0,0
48332,63,bully,2316,1,0,0,17,0,238,0,1,63,46016,2316,0,18,0,0,0,LEADER,1,0,0,17,0,0,0,0,0,0,0,0,0,0,0
47808,74,bully,1792,1,0,0,17,0,238,0,1,74,46016,1792,0,18,0,0,0,LEADER,1,0,0,17,0,0,0,0,0,0,0,0,0,0,0
47550,48,bully,1534,1,0,0,17,0,238,0,1,48,46016,1534,0,18,0,0,0,LEADER,1,0,0,17,0,0,0,0,0,0,0,0,0,0,0
48011,57,bully,1995,1,0,0,17,0,238,0,1,57,46016,1995,0,18,0,0,0,LEADER,1,0,0,17,0,0,0,0,0,0,0,0,0,0,0
48081,68,bully,2065,1,0,0,17,0,238,0,1,68,46016,2065,0,18,0,0,0,LEADER,1,0,0,17,0,0,0,0,0,0,0,0,0,0,0
47482,45,bully,1466,1,0,0,17,0,238,0,1,45,46016,1466,0,18,0,0,0,LEADER,1,0,0,17,0,0,0,0,0,0,0,0,0,0,0
47839,93,bully,1823,1,0,0,17,0,238,0,1,93,46016,1823,0,18,0,0,0,LEADER,1,0,0,17,0,0,0,0,0,0,0,0,0,0,0
48420,82,bully,2404,1,0,0,17,0,238,0,1,82,46016,2404,0,18,0,0,0,LEADER,1,0,0,17,0,0,0,0,0,0,0,0,0,0,0
48414,51,bully,2398,1,0,0,17,0,238,0,1,51,46016,2398,0,18,0,0,0,LEADER,1,0,0,17,0,0,0,0,0,0,0,0,0,0,0
47959,39,bully,1943,1,0,0,17,0,238,0,1,39,46016,1943,0,18,0,0,0,LEADER,1,0,0,17,0,0,0,0,0,0,0,0,0,0,0
47705,78,bully,1689,1,0,0,17,0,238,0,1,78,46016,1689,0,18,0,0,0,LEADER,1,0,0,17,0,0,0,0,0,0,0,0,0,0,0
48093,79,bully,2077,1,0,0,17,0,238,0,1,79,46016,2077,0,18,0,0,0,LEADER,1,0,0,17,0,0,0,0,0,0,0,0,0,0,0
47668,14,bully,1652,1,0,0,17,0,238,0,1,14,46016,1652,0,18,0,0,0,LEADER,1,0,0,17,0,0,0,0,0,0,0,0,0,0,0
48095,36,bully,2080,1,0,0,17,0,238,0,1,36,46015,2080,0,18,0,0,0,LEADER,1,0,0,17,0,0,0,0,0,0,0,0,0,0,0
47978,81,bully,1962,1,0,0,17,0,238,0,1,81,46016,1962,0,18,0,0,0,LEADER,1,0,0,17,0,0,0,0,0,0,0,0,0,0,0
47638,67,bully,1622,1,0,0,17,0,238,0,1,67,46016,1622,0,18,0,0,0,LEADER,1,0,0,17,0,0,0,0,0,0,0,0,0,0,0
48399,83,bully,2383,1,0,0,17,0,238,0,1,83,46016,2383,0,18,0,0,0,LEADER,1,0,0,17,0,0,0,0,0,0,0,0,0,0,0
48544,99,bully,1607,1,0,0,18,0,252,0,1,99,46937,1607,0,19,0,0,0,LEADER,1,0,0,18,0,0,0,0,0,0,0,0,0,0,0
47720,55,bully,1704,1,0,0,17,0,238,0,1,55,46016,1704,0,18,0,0,0,LEADER,1,0,0,17,0,0,0,0,0,0,0,0,0,0,0
48511,89,bully,1574,1,0,0,18,0,252,0,1,89,46937,1574,0,19,0,0,0,LEADER,1,0,0,18,0,0,0,0,0,0,0,0,0,0,0
47672,77,bully,1656,1,0,0,17,0,238,0,1,77,46016,1656,0,18,0,0,0,LEADER,1,0,0,17,0,0,0,0,0,0,0,0,0,0,0
47944,71,bully,1928,1,0,0,17,0,238,0,1,71,46016,1928,0,18,0,0,0,LEADER,1,0,0,17,0,0,0,0,0,0,0,0,0,0,0
47856,52,bully,1840,1,0,0,17,0,238,0,1,52,46016,1840,0,18,0,0,0,LEADER,1,0,0,17,0,0,0,0,0,0,0,0,0,0,0
48227,76,bully,2213,1,0,0,17,0,238,0,1,76,46014,2213,0,18,0,0,0,LEADER,1,0,0,17,0,0,0,0,0,0,0,0,0,0,0
47823,10,bully,1807,1,0,0,17,0,238,0,1,10,46016,1807,0,18,0,0,0,LEADER,1,0,0,17,0,0,0,0,0,0,0,0,0,0,0
47756,22,bully,1740,1,0,0,17,0,238,0,1,22,46016,1740,0,18,0,0,0,LEADER,1,0,0,17,0,0,0,0,0,0,0,0,0,0,0
47905,21,bully,1889,1,0,0,17,0,238,0,1,21,46016,1889,0,18,0,0,0,LEADER,1,0,0,17,0,0,0,0,0,0,0,0,0,0,0
48162,56,bully,2146,1,0,0,17,0,238,0,1,56,46016,2146,0,18,0,0,0,LEADER,1,0,0,17,0,0,0,0,0,0,0,0,0,0,0
47687,60,bully,1671,1,0,0,17,0,238,0,1,60,46016,1671,0,18,0,0,0,LEADER,1,0,0,17,0,0,0,0,0,0,0,0,0,0,0
48541,25,bully,1604,1,0,0,18,0,252,0,1,25,46937,1604,0,19,0,0,0,LEADER,1,0,0,18,0,0,0,0,0,0,0,0,0,0,0
47753,65,bully,1737,1,0,0,17,0,238,0,1,65,46016,1737,0,18,0,0,0,LEADER,1,0,0,17,0,0,0,0,0,0,0,0,0,0,0
48429,19,bully,2413,1,0,0,17,0,238,0,1,19,46016,2413,0,18,0,0,0,LEADER,1,0,0,17,0,0,0,0,0,0,0,0,0,0,0
48059,69,bully,2043,1,0,0,17,0,238,0,1,69,46016,2043,0,18,0,0,0,LEADER,1,0,0,17,0,0,0,0,0,0,0,0,0,0,0
48662,54,bully,1725,1,0,0,18,0,252,0,1,54,46937,1725,0,19,0,0,0,LEADER,1,0,0,18,0,0,0,0,0,0,0,0,0,0,0
48008,17,bully,1992,1,0,0,17,0,238,0,1,17,46016,1992,0,18,0,0,0,LEADER,1,0,0,17,0,0,0,0,0,0,0,0,0,0,0
48523,100,bully,1586,1,0,0,18,0,252,0,1,100,46937,1586,0,19,0,0,0,LEADER,1,0,0,18,0,0,0,0,0,0,0,0,0,0,0
48486,16,bully,1549,1,0,0,18,0,252,0,1,16,46937,1549,0,19,0,0,0,LEADER,1,0,0,18,0,0,0,0,0,0,0,0,0,0,0
48074,37,bully,2058,1,0,0,17,0,238,0,1,37,46016,2058,0,18,0,0,0,LEADER,1,0,0,17,0,0,0,0,0,0,0,0,0,0,0
48711,13,bully,1774,1,0,0,18,0,252,0,1,13,46937,1774,0,19,0,0,0,LEADER,1,0,0,18,0,0,0,0,0,0,0,0,0,0,0
47871,20,bully,1855,1,0,0,17,0,238,0,1,20,46016,1855,0,18,0,0,0,LEADER,1,0,0,17,0,0,0,0,0,0,0,0,0,0,0
48504,41,bully,1567,1,0,0,18,0,252,0,1,41,46937,1567,0,19,0,0,0,LEADER,1,0,0,18,0,0,0,0,0,0,0,0,0,0,0
48493,47,bully,1556,1,0,0,18,0,252,0,1,47,46937,1556,0,19,0,0,0,LEADER,1,0,0,18,0,0,0,0,0,0,0,0,0,0,0
48317,95,bully,2301,1,0,0,17,0,238,0,1,95,46016,2301,0,18,0,0,0,LEADER,1,0,0,17,0,0,0,0,0,0,0,0,0,0,0
48181,98,bully,2165,1,0,0,17,0,238,0,1,98,46016,2165,0,18,0,0,0,LEADER,1,0,0,17,0,0,0,0,0,0,0,0,0,0,0
48108,4,bully,2115,1,0,0,8,18,112,252,2,4,45993,2115,0,5,0,0,0,LEADER,1,0,0,8,0,0,0,18,0,0,0,0,0,0,0
48365,73,bully,2349,1,0,0,17,0,238,0,1,73,46016,2349,0,18,0,0,0,LEADER,1,0,0,17,0,0,0,0,0,0,0,0,0,0,0
47911,61,bully,1895,1,0,0,17,0,238,0,1,61,46016,1895,0,18,0,0,0,LEADER,1,0,0,17,0,0,0,0,0,0,0,0,0,0,0
48659,97,bully,1722,1,0,0,18,0,252,0,1,97,46937,1722,0,19,0,0,0,LEADER,1,0,0,18,0,0,0,0,0,0,0,0,0,0,0
48689,33,bully,1752,1,0,0,18,0,252,0,1,33,46937,1752,0,19,0,0,0,LEADER,1,0,0,18,0,0,0,0,0,0,0,0,0,0,0
48347,31,bully,2331,1,0,0,17,0,238,0,1,31,46016,2331,0,18,0,0,0,LEADER,1,0,0,17,0,0,0,0,0,0,0,0,0,0,0
48847,29,bully,1910,1,0,0,18,0,252,0,1,29,46937,1910,0,19,0,0,0,LEADER,1,0,0,18,0,0,0,0,0,0,0,0,0,0,0
48859,40,bully,1922,1,0,0,18,0,252,0,1,40,46937,1922,0,19,0,0,0,LEADER,1,0,0,18,0,0,0,0,0,0,0,0,0,0,0
48680,96,bully,1744,1,0,0,18,0,252,0,1,96,46936,1744,0,19,0,0,0,LEADER,1,0,0,18,0,0,0,0,0,0,0,0,0,0,0
48762,84,bully,1825,1,0,0,18,0,252,0,1,84,46937,1825,0,19,0,0,0,LEADER,1,0,0,18,0,0,0,0,0,0,0,0,0,0,0
48456,80,bully,1519,1,0,0,18,0,252,0,1,80,46937,1519,0,19,0,0,0,LEADER,1,0,0,18,0,0,0,0,0,0,0,0,0,0,0
48299,53,bully,2283,1,0,0,17,0,238,0,1,53,46016,2283,0,18,0,0,0,LEADER,1,0,0,17,0,0,0,0,0,0,0,0,0,0,0
48375,92,bully,1438,1,0,0,18,0,252,0,1,92,46937,1438,0,19,0,0,0,LEADER,1,0,0,18,0,0,0,0,0,0,0,0,0,0,0
48811,62,bully,1874,1,0,0,18,0,252,0,1,62,46937,1874,0,19,0,0,0,LEADER,1,0,0,18,0,0,0,0,0,0,0,0,0,0,0
48555,91,bully,1619,1,0,0,18,0,252,0,1,91,46936,1619,0,19,0,0,0,LEADER,1,0,0,18,0,0,0,0,0,0,0,0,0,0,0
48508,15,bully,1571,1,0,0,18,0,252,0,1,15,46937,1571,0,19,0,0,0,LEADER,1,0,0,18,0,0,0,0,0,0,0,0,0,0,0
48177,26,bully,2161,1,0,0,17,0,238,0,1,26,46016,2161,0,18,0,0,0,LEADER,1,0,0,17,0,0,0,0,0,0,0,0,0,0,0
48914,49,bully,1977,1,0,0,18,0,252,0,1,49,46937,1977,0,19,0,0,0,LEADER,1,0,0,18,0,0,0,0,0,0,0,0,0,0,0
48729,58,bully,1792,1,0,0,18,0,252,0,1,58,46937,1792,0,19,0,0,0,LEADER,1,0,0,18,0,0,0,0,0,0,0,0,0,0,0
48262,86,bully,2246,1,0,0,17,0,238,0,1,86,46016,2246,0,18,0,0,0,LEADER,1,0,0,17,0,0,0,0,0,0,0,0,0,0,0
48435,50,bully,2419,1,0,0,17,0,238,0,1,50,46016,2419,0,18,0,0,0,LEADER,1,0,0,17,0,0,0,0,0,0,0,0,0,0,0
48287,85,bully,2268,1,0,0,17,0,238,0,1,85,46019,2268,0,18,0,0,0,LEADER,1,0,0,17,0,0,0,0,0,0,0,0,0,0,0
48226,87,bully,2212,1,0,0,17,0,238,0,1,87,46014,2212,0,18,0,0,0,LEADER,1,0,0,17,0,0,0,0,0,0,0,0,0,0,0
48432,64,bully,2416,1,0,0,17,0,238,0,1,64,46016,2416,0,18,0,0,0,LEADER,1,0,0,17,0,0,0,0,0,0,0,0,0,0,0
48280,11,bully,2264,1,0,0,17,0,238,0,1,11,46016,2264,0,18,0,0,0,LEADER,1,0,0,17,0,0,0,0,0,0,0,0,0,0,0
48371,18,bully,1434,1,0,0,18,0,252,0,1,18,46937,1434,0,19,0,0,0,LEADER,1,0,0,18,0,0,0,0,0,0,0,0,0,0,0
48490,90,bully,1553,1,0,0,18,0,252,0,1,90,46937,1553,0,19,0,0,0,LEADER,1,0,0,18,0,0,0,0,0,0,0,0,0,0,0
48384,35,bully,1447,1,0,0,18,0,252,0,1,35,46937,1447,0,19,0,0,0,LEADER,1,0,0,18,0,0,0,0,0,0,0,0,0,0,0
48265,43,bully,2249,1,0,0,17,0,238,0,1,43,46016,2249,0,18,0,0,0,LEADER,1,0,0,17,0,0,0,0,0,0,0,0,0,0,0
48404,28,bully,1467,1,0,0,18,0,252,0,1,28,46937,1467,0,19,0,0,0,LEADER,1,0,0,18,0,0,0,0,0,0,0,0,0,0,0
48243,44,bully,2228,1,0,0,17,0,238,0,1,44,46015,2228,0,18,0,0,0,LEADER,1,0,0,17,0,0,0,0,0,0,0,0,0,0,0
49078,23,bully,2141,1,0,0,18,0,252,0,1,23,46937,2141,0,19,0,0,0,LEADER,1,0,0,18,0,0,0,0,0,0,0,0,0,0,0
48398,30,bully,1461,1,0,0,18,0,252,0,1,30,46937,1461,0,19,0,0,0,LEADER,1,0,0,18,0,0,0,0,0,0,0,0,0,0,0
48796,94,bully,1859,1,0,0,18,0,252,0,1,94,46937,1859,0,19,0,0,0,LEADER,1,0,0,18,0,0,0,0,0,0,0,0,0,0,0
48438,38,bully,1501,1,0,0,18,0,252,0,1,38,46937,1501,0,19,0,0,0,LEADER,1,0,0,18,0,0,0,0,0,0,0,0,0,0,0
49117,66,bully,2180,1,0,0,18,0,252,0,1,66,46937,2180,0,19,0,0,0,LEADER,1,0,0,18,0,0,0,0,0,0,0,0,0,0,0
48423,70,bully,1486,1,0,0,18,0,252,0,1,70,46937,1486,0,19,0,0,0,LEADER,1,0,0,18,0,0,0,0,0,0,0,0,0,0,0
49068,88,bully,2131,1,0,0,18,0,252,0,1,88,46937,2131,0,19,0,0,0,LEADER,1,0,0,18,0,0,0,0,0,0,0,0,0,0,0
48251,75,bully,2235,1,0,0,17,0,238,0,1,75,46016,2235,0,18,0,0,0,LEADER,1,0,0,17,0,0,0,0,0,0,0,0,0,0,0
48259,12,bully,2243,1,0,0,17,0,238,0,1,12,46016,2243,0,18,0,0,0,LEADER,1,0,0,17,0,0,0,0,0,0,0,0,0,0,0
48962,27,bully,2025,1,0,0,18,0,252,0,1,27,46937,2025,0,19,0,0,0,LEADER,1,0,0,18,0,0,0,0,0,0,0,0,0,0,0
48451,42,bully,1514,1,0,0,18,0,252,0,1,42,46937,1514,0,19,0,0,0,LEADER,1,0,0,18,0,0,0,0,0,0,0,0,0,0,0
49098,24,bully,2161,1,0,0,18,0,252,0,1,24,46937,2161,0,19,0,0,0,LEADER,1,0,0,18,0,0,0,0,0,0,0,0,0,0,0
49050,46,bully,2113,1,0,0,18,0,252,0,1,46,46937,2113,0,19,0,0,0,LEADER,1,0,0,18,0,0,0,0,0,0,0,0,0,0,0
48574,34,bully,1637,1,0,0,18,0,252,0,1,34,46937,1637,0,19,0,0,0,LEADER,1,0,0,18,0,0,0,0,0,0,0,0,0,0,0
48947,59,bully,2010,1,0,0,18,0,252,0,1,59,46937,2010,0,19,0,0,0,LEADER,1,0,0,18,0,0,0,0,0,0,0,0,0,0,0
49229,32,bully,2292,1,0,0,18,0,252,0,1,32,46937,2292,0,19,0,0,0,LEADER,1,0,0,18,0,0,0,0,0,0,0,0,0,0,0
48844,72,bully,1907,1,0,0,18,0,252,0,1,72,46937,1907,0,19,0,0,0,LEADER,1,0,0,18,0,0,0,0,0,0,0,0,0,0,0
49253,63,bully,2316,1,0,0,18,0,252,0,1,63,46937,2316,0,19,0,0,0,LEADER,1,0,0,18,0,0,0,0,0,0,0,0,0,0,0
48729,74,bully,1792,1,0,0,18,0,252,0,1,74,46937,1792,0,19,0,0,0,LEADER,1,0,0,18,0,0,0,0,0,0,0,0,0,0,0
48471,48,bully,1534,1,0,0,18,0,252,0,1,48,46937,1534,0,19,0,0,0,LEADER,1,0,0,18,0,0,0,0,0,0,0,0,0,0,0
48932,57,bully,1995,1,0,0,18,0,252,0,1,57,46937,1995,0,19,0,0,0,LEADER,1,0,0,18,0,0,0,0,0,0,0,0,0,0,0
49002,68,bully,2065,1,0,0,18,0,252,0,1,68,46937,2065,0,19,0,0,0,LEADER,1,0,0,18,0,0,0,0,0,0,0,0,0,0,0
48403,45,bully,1466,1,0,0,18,0,252,0,1,45,46937,1466,0,19,0,0,0,LEADER,1,0,0,18,0,0,0,0,0,0,0,0,0,0,0
48760,93,bully,1823,1,0,0,18,0,252,0,1,93,46937,1823,0,19,0,0,0,LEADER,1,0,0,18,0,0,0,0,0,0,0,0,0,0,0
49341,82,bully,2404,1,0,0,18,0,252,0,1,82,46937,2404,0,19,0,0,0,LEADER,1,0,0,18,0,0,0,0,0,0,0,0,0,0,0
49335,51,bully,2398,1,0,0,18,0,252,0,1,51,46937,2398,0,19,0,0,0,LEADER,1,0,0,18,0,0,0,0,0,0,0,0,0,0,0
48880,39,bully,1943,1,0,0,18,0,252,0,1,39,46937,1943,0,19,0,0,0,LEADER,1,0,0,18,0,0,0,0,0,0,0,0,0,0,0
48626,78,bully,1689,1,0,0,18,0,252,0,1,78,46937,1689,0,19,0,0,0,LEADER,1,0,0,18,0,0,0,0,0,0,0,0,0,0,0
49014,79,bully,2077,1,0,0,18,0,252,0,1,79,46937,2077,0,19,0,0,0,LEADER,1,0,0,18,0,0,0,0,0,0,0,0,0,0,0
48589,14,bully,1652,1,0,0,18,0,252,0,1,14,46937,1652,0,19,0,0,0,LEADER,1,0,0,18,0,0,0,0,0,0,0,0,0,0,0
49016,36,bully,2080,1,0,0,18,0,252,0,1,36,46936,2080,0,19,0,0,0,LEADER,1,0,0,18,0,0,0,0,0,0,0,0,0,0,0
48899,81,bully,1962,1,0,0,18,0,252,0,1,81,46937,1962,0,19,0,0,0,LEADER,1,0,0,18,0,0,0,0,0,0,0,0,0,0,0
48559,67,bully,1622,1,0,0,18,0,252,0,1,67,46937,1622,0,19,0,0,0,LEADER,1,0,0,18,0,0,0,0,0,0,0,0,0,0,0
49320,83,bully,2383,1,0,0,18,0,252,0,1,83,46937,2383,0,19,0,0,0,LEADER,1,0,0,18,0,0,0,0,0,0,0,0,0,0,0
49464,99,bully,1607,1,0,0,18,0,252,0,1,99,47857,1607,0,19,0,0,0,LEADER,1,0,0,18,0,0,0,0,0,0,0,0,0,0,0
48641,55,bully,1704,1,0,0,18,0,252,0,1,55,46937,1704,0,19,0,0,0,LEADER,1,0,0,18,0,0,0,0,0,0,0,0,0,0,0
49431,89,bully,1574,1,0,0,18,0,252,0,1,89,47857,1574,0,19,0,0,0,LEADER,1,0,0,18,0,0,0,0,0,0,0,0,0,0,0
48593,77,bully,1656,1,0,0,18,0,252,0,1,77,46937,1656,0,19,0,0,0,LEADER,1,0,0,18,0,0,0,0,0,0,0,0,0,0,0
48865,71,bully,1928,1,0,0,18,0,252,0,1,71,46937,1928,0,19,0,0,0,LEADER,1,0,0,18,0,0,0,0,0,0,0,0,0,0,0
48777,52,bully,1840,1,0,0,18,0,252,0,1,52,46937,1840,0,19,0,0,0,LEADER,1,0,0,18,0,0,0,0,0,0,0,0,0,0,0
49148,76,bully,2213,1,0,0,18,0,252,0,1,76,46935,2213,0,19,0,0,0,LEADER,1,0,0,18,0,0,0,0,0,0,0,0,0,0,0
48744,10,bully,1807,1,0,0,18,0,252,0,1,10,46937,1807,0,19,0,0,0,LEADER,1,0,0,18,0,0,0,0,0,0,0,0,0,0,0
48677,22,bully,1740,1,0,0,18,0,252,0,1,22,46937,1740,0,19,0,0,0,LEADER,1,0,0,18,0,0,0,0,0,0,0,0,0,0,0
48826,21,bully,1889,1,0,0,18,0,252,0,1,21,46937,1889,0,19,0,0,0,LEADER,1,0,0,18,0,0,0,0,0,0,0,0,0,0,0
49083,56,bully,2146,1,0,0,18,0,252,0,1,56,46937,2146,0,19,0,0,0,LEADER,1,0,0,18,0,0,0,0,0,0,0,0,0,0,0
48608,60,bully,1671,1,0,0,18,0,252,0,1,60,46937,1671,0,19,0,0,0,LEADER,1,0,0,18,0,0,0,0,0,0,0,0,0,0,0
49461,25,bully,1604,1,0,0,18,0,252,0,1,25,47857,1604,0,19,0,0,0,LEADER,1,0,0,18,0,0,0,0,0,0,0,0,0,0,0
48674,65,bully,1737,1,0,0,18,0,252,0,1,65,46937,1737,0,19,0,0,0,LEADER,1,0,0,18,0,0,0,0,0,0,0,0,0,0,0
49350,19,bully,2413,1,0,0,18,0,252,0,1,19,46937,2413,0,19,0,0,0,LEADER,1,0,0,18,0,0,0,0,0,0,0,0,0,0,0
48980,69,bully,2043,1,0,0,18,0,252,0,1,69,46937,2043,0,19,0,0,0,LEADER,1,0,0,18,0,0,0,0,0,0,0,0,0,0,0
49582,54,bully,1725,1,0,0,18,0,252,0,1,54,47857,1725,0,19,0,0,0,LEADER,1,0,0,18,0,0,0,0,0,0,0,0,0,0,0
48929,17,bully,1992,1,0,0,18,0,252,0,1,17,46937,1992,0,19,0,0,0,LEADER,1,0,0,18,0,0,0,0,0,0,0,0,0,0,0
49443,100,bully,1586,1,0,0,18,0,252,0,1,100,47857,1586,0,19,0,0,0,LEADER,1,0,0,18,0,0,0,0,0,0,0,0,0,0,0
49406,16,bully,1549,1,0,0,18,0,252,0,1,16,47857,1549,0,19,0,0,0,LEADER,1,0,0,18,0,0,0,0,0,0,0,0,0,0,0
48995,37,bully,2058,1,0,0,18,0,252,0,1,37,46937,2058,0,19,0,0,0,LEADER,1,0,0,18,0,0,0,0,0,0,0,0,0,0,0
49631,13,bully,1774,1,0,0,18,0,252,0,1,13,47857,1774,0,19,0,0,0,LEADER,1,0,0,18,0,0,0,0,0,0,0,0,0,0,0
48792,20,bully,1855,1,0,0,18,0,252,0,1,20,46937,1855,0,19,0,0,0,LEADER,1,0,0,18,0,0,0,0,0,0,0,0,0,0,0
49424,41,bully,1567,1,0,0,18,0,252,0,1,41,47857,1567,0,19,0,0,0,LEADER,1,0,0,18,0,0,0,0,0,0,0,0,0,0,0
49413,47,bully,1556,1,0,0,18,0,252,0,1,47,47857,1556,0,19,0,0,0,LEADER,1,0,0,18,0,0,0,0,0,0,0,0,0,0,0
49238,95,bully,2301,1,0,0,18,0,252,0,1,95,46937,2301,0,19,0,0,0,LEADER,1,0,0,18,0,0,0,0,0,0,0,0,0,0,0
49102,98,bully,2165,1,0,0,18,0,252,0,1,98,46937,2165,0,19,0,0,0,LEADER,1,0,0,18,0,0,0,0,0,0,0,0,0,0,0
49286,73,bully,2349,1,0,0,18,0,252,0,1,73,46937,2349,0,19,0,0,0,LEADER,1,0,0,18,0,0,0,0,0,0,0,0,0,0,0
49609,33,bully,1752,1,0,0,18,0,252,0,1,33,47857,1752,0,19,0,0,0,LEADER,1,0,0,18,0,0,0,0,0,0,0,0,0,0,0
49579,97,bully,1722,1,0,0,18,0,252,0,1,97,47857,1722,0,19,0,0,0,LEADER,1,0,0,18,0,0,0,0,0,0,0,0,0,0,0
48832,61,bully,1895,1,0,0,18,0,252,0,1,61,46937,1895,0,19,0,0,0,LEADER,1,0,0,18,0,0,0,0,0,0,0,0,0,0,0
49767,29,bully,1910,1,0,0,18,0,252,0,1,29,47857,1910,0,19,0,0,0,LEADER,1,0,0,18,0,0,0,0,0,0,0,0,0,0,0
49779,40,bully,1922,1,0,0,18,0,252,0,1,40,47857,1922,0,19,0,0,0,LEADER,1,0,0,18,0,0,0,0,0,0,0,0,0,0,0
49268,31,bully,2331,1,0,0,18,0,252,0,1,31,46937,2331,0,19,0,0,0,LEADER,1,0,0,18,0,0,0,0,0,0,0,0,0,0,0
49600,96,bully,1744,1,0,0,18,0,252,0,1,96,47856,1744,0,19,0,0,0,LEADER,1,0,0,18,0,0,0,0,0,0,0,0,0,0,0
49682,84,bully,1825,1,0,0,18,0,252,0,1,84,47857,1825,0,19,0,0,0,LEADER,1,0,0,18,0,0,0,0,0,0,0,0,0,0,0
49376,80,bully,1519,1,0,0,18,0,252,0,1,80,47857,1519,0,19,0,0,0,LEADER,1,0,0,18,0,0,0,0,0,0,0,0,0,0,0
49220,53,bully,2283,1,0,0,18,0,252,0,1,53,46937,2283,0,19,0,0,0,LEADER,1,0,0,18,0,0,0,0,0,0,0,0,0,0,0
49295,92,bully,1438,1,0,0,18,0,252,0,1,92,47857,1438,0,19,0,0,0,LEADER,1,0,0,18,0,0,0,0,0,0,0,0,0,0,0
49731,62,bully,1874,1,0,0,18,0,252,0,1,62,47857,1874,0,19,0,0,0,LEADER,1,0,0,18,0,0,0,0,0,0,0,0,0,0,0
49475,91,bully,1619,1,0,0,18,0,252,0,1,91,47856,1619,0,19,0,0,0,LEADER,1,0,0,18,0,0,0,0,0,0,0,0,0,0,0
49428,15,bully,1571,1,0,0,18,0,252,0,1,15,47857,1571,0,19,0,0,0,LEADER,1,0,0,18,0,0,0,0,0,0,0,0,0,0,0
49098,26,bully,2161,1,0,0,18,0,252,0,1,26,46937,2161,0,19,0,0,0,LEADER,1,0,0,18,0,0,0,0,0,0,0,0,0,0,0
49834,49,bully,1977,1,0,0,18,0,252,0,1,49,47857,1977,0,19,0,0,0,LEADER,1,0,0,18,0,0,0,0,0,0,0,0,0,0,0
49649,58,bully,1792,1,0,0,18,0,252,0,1,58,47857,1792,0,19,0,0,0,LEADER,1,0,0,18,0,0,0,0,0,0,0,0,0,0,0
49183,86,bully,2246,1,0,0,18,0,252,0,1,86,46937,2246,0,19,0,0,0,LEADER,1,0,0,18,0,0,0,0,0,0,0,0,0,0,0
49356,50,bully,2419,1,0,0,18,0,252,0,1,50,46937,2419,0,19,0,0,0,LEADER,1,0,0,18,0,0,0,0,0,0,0,0,0,0,0
49208,85,bully,2268,1,0,0,18,0,252,0,1,85,46940,2268,0,19,0,0,0,LEADER,1,0,0,18,0,0,0,0,0,0,0,0,0,0,0
49147,87,bully,2212,1,0,0,18,0,252,0,1,87,46935,2212,0,19,0,0,0,LEADER,1,0,0,18,0,0,0,0,0,0,0,0,0,0,0
49353,64,bully,2416,1,0,0,18,0,252,0,1,64,46937,2416,0,19,0,0,0,LEADER,1,0,0,18,0,0,0,0,0,0,0,0,0,0,0
49291,18,bully,1434,1,0,0,18,0,252,0,1,18,47857,1434,0,19,0,0,0,LEADER,1,0,0,18,0,0,0,0,0,0,0,0,0,0,0
49201,11,bully,2264,1,0,0,18,0,252,0,1,11,46937,2264,0,19,0,0,0,LEADER,1,0,0,18,0,0,0,0,0,0,0,0,0,0,0
49410,90,bully,1553,1,0,0,18,0,252,0,1,90,47857,1553,0,19,0,0,0,LEADER,1,0,0,18,0,0,0,0,0,0,0,0,0,0,0
49304,35,bully,1447,1,0,0,18,0,252,0,1,35,47857,1447,0,19,0,0,0,LEADER,1,0,0,18,0,0,0,0,0,0,0,0,0,0,0
49186,43,bully,2249,1,0,0,18,0,252,0,1,43,46937,2249,0,19,0,0,0,LEADER,1,0,0,18,0,0,0,0,0,0,0,0,0,0,0
49324,28,bully,1467,1,0,0,18,0,252,0,1,28,47857,1467,0,19,0,0,0,LEADER,1,0,0,18,0,0,0,0,0,0,0,0,0,0,0
49998,23,bully,2141,1,0,0,18,0,252,0,1,23,47857,2141,0,19,0,0,0,LEADER,1,0,0,18,0,0,0,0,0,0,0,0,0,0,0
49164,44,bully,2228,1,0,0,18,0,252,0,1,44,46936,2228,0,19,0,0,0,LEADER,1,0,0,18,0,0,0,0,0,0,0,0,0,0,0
49318,30,bully,1461,1,0,0,18,0,252,0,1,30,47857,1461,0,19,0,0,0,LEADER,1,0,0,18,0,0,0,0,0,0,0,0,0,0,0
49716,94,bully,1859,1,0,0,18,0,252,0,1,94,47857,1859,0,19,0,0,0,LEADER,1,0,0,18,0,0,0,0,0,0,0,0,0,0,0
49358,38,bully,1501,1,0,0,18,0,252,0,1,38,47857,1501,0,19,0,0,0,LEADER,1,0,0,18,0,0,0,0,0,0,0,0,0,0,0
50037,66,bully,2180,1,0,0,18,0,252,0,1,66,47857,2180,0,19,0,0,0,LEADER,1,0,0,18,0,0,0,0,0,0,0,0,0,0,0
49343,70,bully,1486,1,0,0,18,0,252,0,1,70,47857,1486,0,19,0,0,0,LEADER,1,0,0,18,0,0,0,0,0,0,0,0,0,0,0
49988,88,bully,2131,1,0,0,18,0,252,0,1,88,47857,2131,0,19,0,0,0,LEADER,1,0,0,18,0,0,0,0,0,0,0,0,0,0,0
49172,75,bully,2235,1,0,0,18,0,252,0,1,75,46937,2235,0,19,0,0,0,LEADER,1,0,0,18,0,0,0,0,0,0,0,0,0,0,0
49180,12,bully,2243,1,0,0,18,0,252,0,1,12,46937,2243,0,19,0,0,0,LEADER,1,0,0,18,0,0,0,0,0,0,0,0,0,0,0
49882,27,bully,2025,1,0,0,18,0,252,0,1,27,47857,2025,0,19,0,0,0,LEADER,1,0,0,18,0,0,0,0,0,0,0,0,0,0,0
49371,42,bully,1514,1,0,0,18,0,252,0,1,42,47857,1514,0,19,0,0,0,LEADER,1,0,0,18,0,0,0,0,0,0,0,0,0,0,0
50018,24,bully,2161,1,0,0,18,0,252,0,1,24,47857,2161,0,19,0,0,0,LEADER,1,0,0,18,0,0,0,0,0,0,0,0,0,0,0
49970,46,bully,2113,1,0,0,18,0,252,0,1,46,47857,2113,0,19,0,0,0,LEADER,1,0,0,18,0,0,0,0,0,0,0,0,0,0,0
49494,34,bully,1637,1,0,0,18,0,252,0,1,34,47857,1637,0,19,0,0,0,LEADER,1,0,0,18,0,0,0,0,0,0,0,0,0,0,0
49867,59,bully,2010,1,0,0,18,0,252,0,1,59,47857,2010,0,19,0,0,0,LEADER,1,0,0,18,0,0,0,0,0,0,0,0,0,0,0
50149,32,bully,2292,1,0,0,18,0,252,0,1,32,47857,2292,0,19,0,0,0,LEADER,1,0,0,18,0,0,0,0,0,0,0,0,0,0,0
49764,72,bully,1907,1,0,0,18,0,252,0,1,72,47857,1907,0,19,0,0,0,LEADER,1,0,0,18,0,0,0,0,0,0,0,0,0,0,0
50173,63,bully,2316,1,0,0,18,0,252,0,1,63,47857,2316,0,19,0,0,0,LEADER,1,0,0,18,0,0,0,0,0,0,0,0,0,0,0
49649,74,bully,1792,1,0,0,18,0,252,0,1,74,47857,1792,0,19,0,0,0,LEADER,1,0,0,18,0,0,0,0,0,0,0,0,0,0,0
49391,48,bully,1534,1,0,0,18,0,252,0,1,48,47857,1534,0,19,0,0,0,LEADER,1,0,0,18,0,0,0,0,0,0,0,0,0,0,0
49852,57,bully,1995,1,0,0,18,0,252,0,1,57,47857,1995,0,19,0,0,0,LEADER,1,0,0,18,0,0,0,0,0,0,0,0,0,0,0
49922,68,bully,2065,1,0,0,18,0,252,0,1,68,47857,2065,0,19,0,0,0,LEADER,1,0,0,18,0,0,0,0,0,0,0,0,0,0,0
49323,45,bully,1466,1,0,0,18,0,252,0,1,45,47857,1466,0,19,0,0,0,LEADER,1,0,0,18,0,0,0,0,0,0,0,0,0,0,0
49680,93,bully,1823,1,0,0,18,0,252,0,1,93,47857,1823,0,19,0,0,0,LEADER,1,0,0,18,0,0,0,0,0,0,0,0,0,0,0
50261,82,bully,2404,1,0,0,18,0,252,0,1,82,47857,2404,0,19,0,0,0,LEADER,1,0,0,18,0,0,0,0,0,0,0,0,0,0,0
50255,51,bully,2398,1,0,0,18,0,252,0,1,51,47857,2398,0,19,0,0,0,LEADER,1,0,0,18,0,0,0,0,0,0,0,0,0,0,0
49800,39,bully,1943,1,0,0,18,0,252,0,1,39,47857,1943,0,19,0,0,0,LEADER,1,0,0,18,0,0,0,0,0,0,0,0,0,0,0
49546,78,bully,1689,1,0,0,18,0,252,0,1,78,47857,1689,0,19,0,0,0,LEADER,1,0,0,18,0,0,0,0,0,0,0,0,0,0,0
49934,79,bully,2077,1,0,0,18,0,252,0,1,79,47857,2077,0,19,0,0,0,LEADER,1,0,0,18,0,0,0,0,0,0,0,0,0,0,0
49509,14,bully,1652,1,0,0,18,0,252,0,1,14,47857,1652,0,19,0,0,0,LEADER,1,0,0,18,0,0,0,0,0,0,0,0,0,0,0
49936,36,bully,2080,1,0,0,18,0,252,0,1,36,47856,2080,0,19,0,0,0,LEADER,1,0,0,18,0,0,0,0,0,0,0,0,0,0,0
49819,81,bully,1962,1,0,0,18,0,252,0,1,81,47857,1962,0,19,0,0,0,LEADER,1,0,0,18,0,0,0,0,0,0,0,0,0,0,0
49479,67,bully,1622,1,0,0,18,0,252,0,1,67,47857,1622,0,19,0,0,0,LEADER,1,0,0,18,0,0,0,0,0,0,0,0,0,0,0
50240,83,bully,2383,1,0,0,18,0,252,0,1,83,47857,2383,0,19,0,0,0,LEADER,1,0,0,18,0,0,0,0,0,0,0,0,0,0,0
50384,99,bully,1607,1,0,0,18,0,252,0,1,99,48777,1607,0,19,0,0,0,LEADER,1,0,0,18,0,0,0,0,0,0,0,0,0,0,0
49561,55,bully,1704,1,0,0,18,0,252,0,1,55,47857,1704,0,19,0,0,0,LEADER,1,0,0,18,0,0,0,0,0,0,0,0,0,0,0
50351,89,bully,1574,1,0,0,18,0,252,0,1,89,48777,1574,0,19,0,0,0,LEADER,1,0,0,18,0,0,0,0,0,0,0,0,0,0,0
49513,77,bully,1656,1,0,0,18,0,252,0,1,77,47857,1656,0,19,0,0,0,LEADER,1,0,0,18,0,0,0,0,0,0,0,0,0,0,0
49785,71,bully,1928,1,0,0,18,0,252,0,1,71,47857,1928,0,19,0,0,0,LEADER,1,0,0,18,0,0,0,0,0,0,0,0,0,0,0
49697,52,bully,1840,1,0,0,18,0,252,0,1,52,47857,1840,0,19,0,0,0,LEADER,1,0,0,18,0,0,0,0,0,0,0,0,0,0,0
50068,76,bully,2213,1,0,0,18,0,252,0,1,76,47855,2213,0,19,0,0,0,LEADER,1,0,0,18,0,0,0,0,0,0,0,0,0,0,0
49664,10,bully,1807,1,0,0,18,0,252,0,1,10,47857,1807,0,19,0,0,0,LEADER,1,0,0,18,0,0,0,0,0,0,0,0,0,0,0
49597,22,bully,1740,1,0,0,18,0,252,0,1,22,47857,1740,0,19,0,0,0,LEADER,1,0,0,18,0,0,0,0,0,0,0,0,0,0,0
49746,21,bully,1889,1,0,0,18,0,252,0,1,21,47857,1889,0,19,0,0,0,LEADER,1,0,0,18,0,0,0,0,0,0,0,0,0,0,0
50003,56,bully,2146,1,0,0,18,0,252,0,1,56,47857,2146,0,19,0,0,0,LEADER,1,0,0,18,0,0,0,0,0,0,0,0,0,0,0
49528,60,bully,1671,1,0,0,18,0,252,0,1,60,47857,1671,0,19,0,0,0,LEADER,1,0,0,18,0,0,0,0,0,0,0,0,0,0,0
50381,25,bully,1604,1,0,0,18,0,252,0,1,25,48777,1604,0,19,0,0,0,LEADER,1,0,0,18,0,0,0,0,0,0,0,0,0,0,0
49594,65,bully,1737,1,0,0,18,0,252,0,1,65,47857,1737,0,19,0,0,0,LEADER,1,0,0,18,0,0,0,0,0,0,0,0,0,0,0
50270,19,bully,2413,1,0,0,18,0,252,0,1,19,47857,2413,0,19,0,0,0,LEADER,1,0,0,18,0,0,0,0,0,0,0,0,0,0,0
49900,69,bully,2043,1,0,0,18,0,252,0,1,69,47857,2043,0,19,0,0,0,LEADER,1,0,0,18,0,0,0,0,0,0,0,0,0,0,0
50502,54,bully,1725,1,0,0,18,0,252,0,1,54,48777,1725,0,19,0,0,0,LEADER,1,0,0,18,0,0,0,0,0,0,0,0,0,0,0
49849,17,bully,1992,1,0,0,18,0,252,0,1,17,47857,1992,0,19,0,0,0,LEADER,1,0,0,18,0,0,0,0,0,0,0,0,0,0,0
50363,100,bully,1586,1,0,0,18,0,252,0,1,100,48777,1586,0,19,0,0,0,LEADER,1,0,0,18,0,0,0,0,0,0,0,0,0,0,0
50326,16,bully,1549,1,0,0,18,0,252,0,1,16,48777,1549,0,19,0,0,0,LEADER,1,0,0,18,0,0,0,0,0,0,0,0,0,0,0
49915,37,bully,2058,1,0,0,18,0,252,0,1,37,47857,2058,0,19,0,0,0,LEADER,1,0,0,18,0,0,0,0,0,0,0,0,0,0,0
50551,13,bully,1774,1,0,0,18,0,252,0,1,13,48777,1774,0,19,0,0,0,LEADER,1,0,0,18,0,0,0,0,0,0,0,0,0,0,0
49712,20,bully,1855,1,0,0,18,0,252,0,1,20,47857,1855,0,19,0,0,0,LEADER,1,0,0,18,0,0,0,0,0,0,0,0,0,0,0
50344,41,bully,1567,1,0,0,18,0,252,0,1,41,48777,1567,0,19,0,0,0,LEADER,1,0,0,18,0,0,0,0,0,0,0,0,0,0,0
50333,47,bully,1556,1,0,0,18,0,252,0,1,47,48777,1556,0,19,0,0,0,LEADER,1,0,0,18,0,0,0,0,0,0,0,0,0,0,0
50158,95,bully,2301,1,0,0,18,0,252,0,1,95,47857,2301,0,19,0,0,0,LEADER,1,0,0,18,0,0,0,0,0,0,0,0,0,0,0
50022,98,bully,2165,1,0,0,18,0,252,0,1,98,47857,2165,0,19,0,0,0,LEADER,1,0,0,18,0,0,0,0,0,0,0,0,0,0,0
50206,73,bully,2349,1,0,0,18,0,252,0,1,73,47857,2349,0,19,0,0,0,LEADER,1,0,0,18,0,0,0,0,0,0,0,0,0,0,0
50529,33,bully,1752,1,0,0,18,0,252,0,1,33,48777,1752,0,19,0,0,0,LEADER,1,0,0,18,0,0,0,0,0,0,0,0,0,0,0
50499,97,bully,1722,1,0,0,18,0,252,0,1,97,48777,1722,0,19,0,0,0,LEADER,1,0,0,18,0,0,0,0,0,0,0,0,0,0,0
49752,61,bully,1895,1,0,0,18,0,252,0,1,61,47857,1895,0,19,0,0,0,LEADER,1,0,0,18,0,0,0,0,0,0,0,0,0,0,0
50687,29,bully,1910,1,0,0,18,0,252,0,1,29,48777,1910,0,19,0,0,0,LEADER,1,0,0,18,0,0,0,0,0,0,0,0,0,0,0
50699,40,bully,1922,1,0,0,18,0,252,0,1,40,48777,1922,0,19,0,0,0,LEADER,1,0,0,18,0,0,0,0,0,0,0,0,0,0,0
50188,31,bully,2331,1,0,0,18,0,252,0,1,31,47857,2331,0,19,0,0,0,LEADER,1,0,0,18,0,0,0,0,0,0,0,0,0,0,0
50520,96,bully,1744,1,0,0,18,0,252,0,1,96,48776,1744,0,19,0,0,0,LEADER,1,0,0,18,0,0,0,0,0,0,0,0,0,0,0
50602,84,bully,1825,1,0,0,18,0,252,0,1,84,48777,1825,0,19,0,0,0,LEADER,1,0,0,18,0,0,0,0,0,0,0,0,0,0,0
50296,80,bully,1519,1,0,0,18,0,252,0,1,80,48777,1519,0,19,0,0,0,LEADER,1,0,0,18,0,0,0,0,0,0,0,0,0,0,0
50140,53,bully,2283,1,0,0,18,0,252,0,1,53,47857,2283,0,19,0,0,0,LEADER,1,0,0,18,0,0,0,0,0,0,0,0,0,0,0
50215,92,bully,1438,1,0,0,18,0,252,0,1,92,48777,1438,0,19,0,0,0,LEADER,1,0,0,18,0,0,0,0,0,0,0,0,0,0,0
50651,62,bully,1874,1,0,0,18,0,252,0,1,62,48777,1874,0,19,0,0,0,LEADER,1,0,0,18,0,0,0,0,0,0,0,0,0,0,0
50395,91,bully,1619,1,0,0,18,0,252,0,1,91,48776,1619,0,19,0,0,0,LEADER,1,0,0,18,0,0,0,0,0,0,0,0,0,0,0
50348,15,bully,1571,1,0,0,18,0,252,0,1,15,48777,1571,0,19,0,0,0,LEADER,1,0,0,18,0,0,0,0,0,0,0,0,0,0,0
50018,26,bully,2161,1,0,0,18,0,252,0,1,26,47857,2161,0,19,0,0,0,LEADER,1,0,0,18,0,0,0,0,0,0,0,0,0,0,0
50754,49,bully,1977,1,0,0,18,0,252,0,1,49,48777,1977,0,19,0,0,0,LEADER,1,0,0,18,0,0,0,0,0,0,0,0,0,0,0
50569,58,bully,1792,1,0,0,18,0,252,0,1,58,48777,1792,0,19,0,0,0,LEADER,1,0,0,18,0,0,0,0,0,0,0,0,0,0,0
50103,86,bully,2246,1,0,0,18,0,252,0,1,86,47857,2246,0,19,0,0,0,LEADER,1,0,0,18,0,0,0,0,0,0,0,0,0,0,0
50276,50,bully,2419,1,0,0,18,0,252,0,1,50,47857,2419,0,19,0,0,0,LEADER,1,0,0,18,0,0,0,0,0,0,0,0,0,0,0
50128,85,bully,2268,1,0,0,18,0,252,0,1,85,47860,2268,0,19,0,0,0,LEADER,1,0,0,18,0,0,0,0,0,0,0,0,0,0,0
50067,87,bully,2212,1,0,0,18,0,252,0,1,87,47855,2212,0,19,0,0,0,LEADER,1,0,0,18,0,0,0,0,0,0,0,0,0,0,0
50273,64,bully,2416,1,0,0,18,0,252,0,1,64,47857,2416,0,19,0,0,0,LEADER,1,0,0,18,0,0,0,0,0,0,0,0,0,0,0
50211,18,bully,1434,1,0,0,18,0,252,0,1,18,48777,1434,0,19,0,0,0,LEADER,1,0,0,18,0,0,0,0,0,0,0,0,0,0,0
50121,11,bully,2264,1,0,0,18,0,252,0,1,11,47857,2264,0,19,0,0,0,LEADER,1,0,0,18,0,0,0,0,0,0,0,0,0,0,0
50330,90,bully,1553,1,0,0,18,0,252,0,1,90,48777,1553,0,19,0,0,0,LEADER,1,0,0,18,0,0,0,0,0,0,0,0,0,0,0
50224,35,bully,1447,1,0,0,18,0,252,0,1,35,48777,1447,0,19,0,0,0,LEADER,1,0,0,18,0,0,0,0,0,0,0,0,0,0,0
50106,43,bully,2249,1,0,0,18,0,252,0,1,43,47857,2249,0,19,0,0,0,LEADER,1,0,0,18,0,0,0,0,0,0,0,0,0,0,0
50244,28,bully,1467,1,0,0,18,0,252,0,1,28,48777,1467,0,19,0,0,0,LEADER,1,0,0,18,0,0,0,0,0,0,0,0,0,0,0
50918,23,bully,2141,1,0,0,18,0,252,0,1,23,48777,2141,0,19,0,0,0,LEADER,1,0,0,18,0,0,0,0,0,0,0,0,0,0,0
50084,44,bully,2228,1,0,0,18,0,252,0,1,44,47856,2228,0,19,0,0,0,LEADER,1,0,0,18,0,0,0,0,0,0,0,0,0,0,0
50238,30,bully,1461,1,0,0,18,0,252,0,1,30,48777,1461,0,19,0,0,0,LEADER,1,0,0,18,0,0,0,0,0,0,0,0,0,0,0
50636,94,bully,1859,1,0,0,18,0,252,0,1,94,48777,1859,0,19,0,0,0,LEADER,1,0,0,18,0,0,0,0,0,0,0,0,0,0,0
50278,38,bully,1501,1,0,0,18,0,252,0,1,38,48777,1501,0,19,0,0,0,LEADER,1,0,0,18,0,0,0,0,0,0,0,0,0,0,0
50957,66,bully,2180,1,0,0,18,0,252,0,1,66,48777,2180,0,19,0,0,0,LEADER,1,0,0,18,0,0,0,0,0,0,0,0,0,0,0
50263,70,bully,1486,1,0,0,18,0,252,0,1,70,48777,1486,0,19,0,0,0,LEADER,1,0,0,18,0,0,0,0,0,0,0,0,0,0,0
50908,88,bully,2131,1,0,0,18,0,252,0,1,88,48777,2131,0,19,0,0,0,LEADER,1,0,0,18,0,0,0,0,0,0,0,0,0,0,0
50092,75,bully,2235,1,0,0,18,0,252,0,1,75,47857,2235,0,19,0,0,0,LEADER,1,0,0,18,0,0,0,0,0,0,0,0,0,0,0
50100,12,bully,2243,1,0,0,18,0,252,0,1,12,47857,2243,0,19,0,0,0,LEADER,1,0,0,18,0,0,0,0,0,0,0,0,0,0,0
50802,27,bully,2025,1,0,0,18,0,252,0,1,27,48777,2025,0,19,0,0,0,LEADER,1,0,0,18,0,0,0,0,0,0,0,0,0,0,0
50291,42,bully,1514,1,0,0,18,0,252,0,1,42,48777,1514,0,19,0,0,0,LEADER,1,0,0,18,0,0,0,0,0,0,0,0,0,0,0
50938,24,bully,2161,1,0,0,18,0,252,0,1,24,48777,2161,0,19,0,0,0,LEADER,1,0,0,18,0,0,0,0,0,0,0,0,0,0,0
50890,46,bully,2113,1,0,0,18,0,252,0,1,46,48777,2113,0,19,0,0,0,LEADER,1,0,0,18,0,0,0,0,0,0,0,0,0,0,0
50414,34,bully,1637,1,0,0,18,0,252,0,1,34,48777,1637,0,19,0,0,0,LEADER,1,0,0,18,0,0,0,0,0,0,0,0,0,0,0
50787,59,bully,2010,1,0,0,18,0,252,0,1,59,48777,2010,0,19,0,0,0,LEADER,1,0,0,18,0,0,0,0,0,0,0,0,0,0,0
51069,32,bully,2292,1,0,0,18,0,252,0,1,32,48777,2292,0,19,0,0,0,LEADER,1,0,0,18,0,0,0,0,0,0,0,0,0,0,0
50684,72,bully,1907,1,0,0,18,0,252,0,1,72,48777,1907,0,19,0,0,0,LEADER,1,0,0,18,0,0,0,0,0,0,0,0,0,0,0
51093,63,bully,2316,1,0,0,18,0,252,0,1,63,48777,2316,0,19,0,0,0,LEADER,1,0,0,18,0,0,0,0,0,0,0,0,0,0,0
50569,74,bully,1792,1,0,0,18,0,252,0,1,74,48777,1792,0,19,0,0,0,LEADER,1,0,0,18,0,0,0,0,0,0,0,0,0,0,0
50311,48,bully,1534,1,0,0,18,0,252,0,1,48,48777,1534,0,19,0,0,0,LEADER,1,0,0,18,0,0,0,0,0,0,0,0,0,0,0
50772,57,bully,1995,1,0,0,18,0,252,0,1,57,48777,1995,0,19,0,0,0,LEADER,1,0,0,18,0,0,0,0,0,0,0,0,0,0,0
50842,68,bully,2065,1,0,0,18,0,252,0,1,68,48777,2065,0,19,0,0,0,LEADER,1,0,0,18,0,0,0,0,0,0,0,0,0,0,0
50243,45,bully,1466,1,0,0,18,0,252,0,1,45,48777,1466,0,19,0,0,0,LEADER,1,0,0,18,0,0,0,0,0,0,0,0,0,0,0
50600,93,bully,1823,1,0,0,18,0,252,0,1,93,48777,1823,0,19,0,0,0,LEADER,1,0,0,18,0,0,0,0,0,0,0,0,0,0,0
51181,82,bully,2404,1,0,0,18,0,252,0,1,82,48777,2404,0,19,0,0,0,LEADER,1,0,0,18,0,0,0,0,0,0,0,0,0,0,0
51175,51,bully,2398,1,0,0,18,0,252,0,1,51,48777,2398,0,19,0,0,0,LEADER,1,0,0,18,0,0,0,0,0,0,0,0,0,0,0
50720,39,bully,1943,1,0,0,18,0,252,0,1,39,48777,1943,0,19,0,0,0,LEADER,1,0,0,18,0,0,0,0,0,0,0,0,0,0,0
50466,78,bully,1689,1,0,0,18,0,252,0,1,78,48777,1689,0,19,0,0,0,LEADER,1,0,0,18,0,0,0,0,0,0,0,0,0,0,0
50854,79,bully,2077,1,0,0,18,0,252,0,1,79,48777,2077,0,19,0,0,0,LEADER,1,0,0,18,0,0,0,0,0,0,0,0,0,0,0
50429,14,bully,1652,1,0,0,18,0,252,0,1,14,48777,1652,0,19,0,0,0,LEADER,1,0,0,18,0,0,0,0,0,0,0,0,0,0,0
50856,36,bully,2080,1,0,0,18,0,252,0,1,36,48776,2080,0,19,0,0,0,LEADER,1,0,0,18,0,0,0,0,0,0,0,0,0,0,0
50739,81,bully,1962,1,0,0,18,0,252,0,1,81,48777,1962,0,19,0,0,0,LEADER,1,0,0,18,0,0,0,0,0,0,0,0,0,0,0
50399,67,bully,1622,1,0,0,18,0,252,0,1,67,48777,1622,0,19,0,0,0,LEADER,1,0,0,18,0,0,0,0,0,0,0,0,0,0,0
51160,83,bully,2383,1,0,0,18,0,252,0,1,83,48777,2383,0,19,0,0,0,LEADER,1,0,0,18,0,0,0,0,0,0,0,0,0,0,0
51305,99,bully,1607,1,0,0,19,0,266,0,1,99,49698,1607,0,20,0,0,0,LEADER,1,0,0,19,0,0,0,0,0,0,0,0,0,0,0
50481,55,bully,1704,1,0,0,18,0,252,0,1,55,48777,1704,0,19,0,0,0,LEADER,1,0,0,18,0,0,0,0,0,0,0,0,0,0,0
51272,89,bully,1574,1,0,0,19,0,266,0,1,89,49698,1574,0,20,0,0,0,LEADER,1,0,0,19,0,0,0,0,0,0,0,0,0,0,0
50433,77,bully,1656,1,0,0,18,0,252,0,1,77,48777,1656,0,19,0,0,0,LEADER,1,0,0,18,0,0,0,0,0,0,0,0,0,0,0
50705,71,bully,1928,1,0,0,18,0,252,0,1,71,48777,1928,0,19,0,0,0,LEADER,1,0,0,18,0,0,0,0,0,0,0,0,0,0,0
50617,52,bully,1840,1,0,0,18,0,252,0,1,52,48777,1840,0,19,0,0,0,LEADER,1,0,0,18,0,0,0,0,0,0,0,0,0,0,0
50988,76,bully,2213,1,0,0,18,0,252,0,1,76,48775,2213,0,19,0,0,0,LEADER,1,0,0,18,0,0,0,0,0,0,0,0,0,0,0
50584,10,bully,1807,1,0,0,18,0,252,0,1,10,48777,1807,0,19,0,0,0,LEADER,1,0,0,18,0,0,0,0,0,0,0,0,0,0,0
50517,22,bully,1740,1,0,0,18,0,252,0,1,22,48777,1740,0,19,0,0,0,LEADER,1,0,0,18,0,0,0,0,0,0,0,0,0,0,0
50666,21,bully,1889,1,0,0,18,0,252,0,1,21,48777,1889,0,19,0,0,0,LEADER,1,0,0,18,0,0,0,0,0,0,0,0,0,0,0
50923,56,bully,2146,1,0,0,18,0,252,0,1,56,48777,2146,0,19,0,0,0,LEADER,1,0,0,18,0,0,0,0,0,0,0,0,0,0,0
50448,60,bully,1671,1,0,0,18,0,252,0,1,60,48777,1671,0,19,0,0,0,LEADER,1,0,0,18,0,0,0,0,0,0,0,0,0,0,0
51302,25,bully,1604,1,0,0,19,0,266,0,1,25,49698,1604,0,20,0,0,0,LEADER,1,0,0,19,0,0,0,0,0,0,0,0,0,0,0
50514,65,bully,1737,1,0,0,18,0,252,0,1,65,48777,1737,0,19,0,0,0,LEADER,1,0,0,18,0,0,0,0,0,0,0,0,0,0,0
51190,19,bully,2413,1,0,0,18,0,252,0,1,19,48777,2413,0,19,0,0,0,LEADER,1,0,0,18,0,0,0,0,0,0,0,0,0,0,0
50820,69,bully,2043,1,0,0,18,0,252,0,1,69,48777,2043,0,19,0,0,0,LEADER,1,0,0,18,0,0,0,0,0,0,0,0,0,0,0
51423,54,bully,1725,1,0,0,19,0,266,0,1,54,49698,1725,0,20,0,0,0,LEADER,1,0,0,19,0,0,0,0,0,0,0,0,0,0,0
50769,17,bully,1992,1,0,0,18,0,252,0,1,17,48777,1992,0,19,0,0,0,LEADER,1,0,0,18,0,0,0,0,0,0,0,0,0,0,0
51284,100,bully,1586,1,0,0,19,0,266,0,1,100,49698,1586,0,20,0,0,0,LEADER,1,0,0,19,0,0,0,0,0,0,0,0,0,0,0
51247,16,bully,1549,1,0,0,19,0,266,0,1,16,49698,1549,0,20,0,0,0,LEADER,1,0,0,19,0,0,0,0,0,0,0,0,0,0,0
50835,37,bully,2058,1,0,0,18,0,252,0,1,37,48777,2058,0,19,0,0,0,LEADER,1,0,0,18,0,0,0,0,0,0,0,0,0,0,0
51472,13,bully,1774,1,0,0,19,0,266,0,1,13,49698,1774,0,20,0,0,0,LEADER,1,0,0,19,0,0,0,0,0,0,0,0,0,0,0
50632,20,bully,1855,1,0,0,18,0,252,0,1,20,48777,1855,0,19,0,0,0,LEADER,1,0,0,18,0,0,0,0,0,0,0,0,0,0,0
51265,41,bully,1567,1,0,0,19,0,266,0,1,41,49698,1567,0,20,0,0,0,LEADER,1,0,0,19,0,0,0,0,0,0,0,0,0,0,0
51254,47,bully,1556,1,0,0,19,0,266,0,1,47,49698,1556,0,20,0,0,0,LEADER,1,0,0,19,0,0,0,0,0,0,0,0,0,0,0
51078,95,bully,2301,1,0,0,18,0,252,0,1,95,48777,2301,0,19,0,0,0,LEADER,1,0,0,18,0,0,0,0,0,0,0,0,0,0,0
50942,98,bully,2165,1,0,0,18,0,252,0,1,98,48777,2165,0,19,0,0,0,LEADER,1,0,0,18,0,0,0,0,0,0,0,0,0,0,0
51126,73,bully,2349,1,0,0,18,0,252,0,1,73,48777,2349,0,19,0,0,0,LEADER,1,0,0,18,0,0,0,0,0,0,0,0,0,0,0
50672,61,bully,1895,1,0,0,18,0,252,0,1,61,48777,1895,0,19,0,0,0,LEADER,1,0,0,18,0,0,0,0,0,0,0,0,0,0,0
51420,97,bully,1722,1,0,0,19,0,266,0,1,97,49698,1722,0,20,0,0,0,LEADER,1,0,0,19,0,0,0,0,0,0,0,0,0,0,0
51450,33,bully,1752,1,0,0,19,0,266,0,1,33,49698,1752,0,20,0,0,0,LEADER,1,0,0,19,0,0,0,0,0,0,0,0,0,0,0
51108,31,bully,2331,1,0,0,18,0,252,0,1,31,48777,2331,0,19,0,0,0,LEADER,1,0,0,18,0,0,0,0,0,0,0,0,0,0,0
51608,29,bully,1910,1,0,0,19,0,266,0,1,29,49698,1910,0,20,0,0,0,LEADER,1,0,0,19,0,0,0,0,0,0,0,0,0,0,0
51620,40,bully,1922,1,0,0,19,0,266,0,1,40,49698,1922,0,20,0,0,0,LEADER,1,0,0,19,0,0,0,0,0,0,0,0,0,0,0
51441,96,bully,1744,1,0,0,19,0,266,0,1,96,49697,1744,0,20,0,0,0,LEADER,1,0,0,19,0,0,0,0,0,0,0,0,0,0,0
51523,84,bully,1825,1,0,0,19,0,266,0,1,84,49698,1825,0,20,0,0,0,LEADER,1,0,0,19,0,0,0,0,0,0,0,0,0,0,0
51217,80,bully,1519,1,0,0,19,0,266,0,1,80,49698,1519,0,20,0,0,0,LEADER,1,0,0,19,0,0,0,0,0,0,0,0,0,0,0
51060,53,bully,2283,1,0,0,18,0,252,0,1,53,48777,2283,0,19,0,0,0,LEADER,1,0,0,18,0,0,0,0,0,0,0,0,0,0,0
51136,92,bully,1438,1,0,0,19,0,266,0,1,92,49698,1438,0,20,0,0,0,LEADER,1,0,0,19,0,0,0,0,0,0,0,0,0,0,0
51572,62,bully,1874,1,0,0,19,0,266,0,1,62,49698,1874,0,20,0,0,0,LEADER,1,0,0,19,0,0,0,0,0,0,0,0,0,0,0
51316,91,bully,1619,1,0,0,19,0,266,0,1,91,49697,1619,0,20,0,0,0,LEADER,1,0,0,19,0,0,0,0,0,0,0,0,0,0,0
51269,15,bully,1571,1,0,0,19,0,266,0,1,15,49698,1571,0,20,0,0,0,LEADER,1,0,0,19,0,0,0,0,0,0,0,0,0,0,0
50938,26,bully,2161,1,0,0,18,0,252,0,1,26,48777,2161,0,19,0,0,0,LEADER,1,0,0,18,0,0,0,0,0,0,0,0,0,0,0
51675,49,bully,1977,1,0,0,19,0,266,0,1,49,49698,1977,0,20,0,0,0,LEADER,1,0,0,19,0,0,0,0,0,0,0,0,0,0,0
51490,58,bully,1792,1,0,0,19,0,266,0,1,58,49698,1792,0,20,0,0,0,LEADER,1,0,0,19,0,0,0,0,0,0,0,0,0,0,0
51023,86,bully,2246,1,0,0,18,0,252,0,1,86,48777,2246,0,19,0,0,0,LEADER,1,0,0,18,0,0,0,0,0,0,0,0,0,0,0
51196,50,bully,2419,1,0,0,18,0,252,0,1,50,48777,2419,0,19,0,0,0,LEADER,1,0,0,18,0,0,0,0,0,0,0,0,0,0,0
51048,85,bully,2268,1,0,0,18,0,252,0,1,85,48780,2268,0,19,0,0,0,LEADER,1,0,0,18,0,0,0,0,0,0,0,0,0,0,0
50987,87,bully,2212,1,0,0,18,0,252,0,1,87,48775,2212,0,19,0,0,0,LEADER,1,0,0,18,0,0,0,0,0,0,0,0,0,0,0
51193,64,bully,2416,1,0,0,18,0,252,0,1,64,48777,2416,0,19,0,0,0,LEADER,1,0,0,18,0,0,0,0,0,0,0,0,0,0,0
51041,11,bully,2264,1,0,0,18,0,252,0,1,11,48777,2264,0,19,0,0,0,LEADER,1,0,0,18,0,0,0,0,0,0,0,0,0,0,0
51132,18,bully,1434,1,0,0,19,0,266,0,1,18,49698,1434,0,20,0,0,0,LEADER,1,0,0,19,0,0,0,0,0,0,0,0,0,0,0
51251,90,bully,1553,1,0,0,19,0,266,0,1,90,49698,1553,0,20,0,0,0,LEADER,1,0,0,19,0,0,0,0,0,0,0,0,0,0,0
51145,35,bully,1447,1,0,0,19,0,266,0,1,35,49698,1447,0,20,0,0,0,LEADER,1,0,0,19,0,0,0,0,0,0,0,0,0,0,0
51026,43,bully,2249,1,0,0,18,0,252,0,1,43,48777,2249,0,19,0,0,0,LEADER,1,0,0,18,0,0,0,0,0,0,0,0,0,0,0
51165,28,bully,1467,1,0,0,19,0,266,0,1,28,49698,1467,0,20,0,0,0,LEADER,1,0,0,19,0,0,0,0,0,0,0,0,0,0,0
51004,44,bully,2228,1,0,0,18,0,252,0,1,44,48776,2228,0,19,0,0,0,LEADER,1,0,0,18,0,0,0,0,0,0,0,0,0,0,0
51839,23,bully,2141,1,0,0,19,0,266,0,1,23,49698,2141,0,20,0,0,0,LEADER,1,0,0,19,0,0,0,0,0,0,0,0,0,0,0
51159,30,bully,1461,1,0,0,19,0,266,0,1,30,49698,1461,0,20,0,0,0,LEADER,1,0,0,19,0,0,0,0,0,0,0,0,0,0,0
51557,94,bully,1859,1,0,0,19,0,266,0,1,94,49698,1859,0,20,0,0,0,LEADER,1,0,0,19,0,0,0,0,0,0,0,0,0,0,0
51199,38,bully,1501,1,0,0,19,0,266,0,1,38,49698,1501,0,20,0,0,0,LEADER,1,0,0,19,0,0,0,0,0,0,0,0,0,0,0
51878,66,bully,2180,1,0,0,19,0,266,0,1,66,49698,2180,0,20,0,0,0,LEADER,1,0,0,19,0,0,0,0,0,0,0,0,0,0,0
51184,70,bully,1486,1,0,0,19,0,266,0,1,70,49698,1486,0,20,0,0,0,LEADER,1,0,0,19,0,0,0,0,0,0,0,0,0,0,0
51829,88,bully,2131,1,0,0,19,0,266,0,1,88,49698,2131,0,20,0,0,0,LEADER,1,0,0,19,0,0,0,0,0,0,0,0,0,0,0
51012,75,bully,2235,1,0,0,18,0,252,0,1,75,48777,2235,0,19,0,0,0,LEADER,1,0,0,18,0,0,0,0,0,0,0,0,0,0,0
51020,12,bully,2243,1,0,0,18,0,252,0,1,12,48777,2243,0,19,0,0,0,LEADER,1,0,0,18,0,0,0,0,0,0,0,0,0,0,0
51723,27,bully,2025,1,0,0,19,0,266,0,1,27,49698,2025,0,20,0,0,0,LEADER,1,0,0,19,0,0,0,0,0,0,0,0,0,0,0
51212,42,bully,1514,1,0,0,19,0,266,0,1,42,49698,1514,0,20,0,0,0,LEADER,1,0,0,19,0,0,0,0,0,0,0,0,0,0,0
51859,24,bully,2161,1,0,0,19,0,266,0,1,24,49698,2161,0,20,0,0,0,LEADER,1,0,0,19,0,0,0,0,0,0,0,0,0,0,0
51811,46,bully,2113,1,0,0,19,0,266,0,1,46,49698,2113,0,20,0,0,0,LEADER,1,0,0,19,0,0,0,0,0,0,0,0,0,0,0
51335,34,bully,1637,1,0,0,19,0,266,0,1,34,49698,1637,0,20,0,0,0,LEADER,1,0,0,19,0,0,0,0,0,0,0,0,0,0,0
51708,59,bully,2010,1,0,0,19,0,266,0,1,59,49698,2010,0,20,0,0,0,LEADER,1,0,0,19,0,0,0,0,0,0,0,0,0,0,0
51990,32,bully,2292,1,0,0,19,0,266,0,1,32,49698,2292,0,20,0,0,0,LEADER,1,0,0,19,0,0,0,0,0,0,0,0,0,0,0
51605,72,bully,1907,1,0,0,19,0,266,0,1,72,49698,1907,0,20,0,0,0,LEADER,1,0,0,19,0,0,0,0,0,0,0,0,0,0,0
52014,63,bully,2316,1,0,0,19,0,266,0,1,63,49698,2316,0,20,0,0,0,LEADER,1,0,0,19,0,0,0,0,0,0,0,0,0,0,0
51490,74,bully,1792,1,0,0,19,0,266,0,1,74,49698,1792,0,20,0,0,0,LEADER,1,0,0,19,0,0,0,0,0,0,0,0,0,0,0
51232,48,bully,1534,1,0,0,19,0,266,0,1,48,49698,1534,0,20,0,0,0,LEADER,1,0,0,19,0,0,0,0,0,0,0,0,0,0,0
51693,57,bully,1995,1,0,0,19,0,266,0,1,57,49698,1995,0,20,0,0,0,LEADER,1,0,0,19,0,0,0,0,0,0,0,0,0,0,0
51763,68,bully,2065,1,0,0,19,0,266,0,1,68,49698,2065,0,20,0,0,0,LEADER,1,0,0,19,0,0,0,0,0,0,0,0,0,0,0
51164,45,bully,1466,1,0,0,19,0,266,0,1,45,49698,1466,0,20,0,0,0,LEADER,1,0,0,19,0,0,0,0,0,0,0,0,0,0,0
51521,93,bully,1823,1,0,0,19,0,266,0,1,93,49698,1823,0,20,0,0,0,LEADER,1,0,0,19,0,0,0,0,0,0,0,0,0,0,0
52102,82,bully,2404,1,0,0,19,0,266,0,1,82,49698,2404,0,20,0,0,0,LEADER,1,0,0,19,0,0,0,0,0,0,0,0,0,0,0
52096,51,bully,2398,1,0,0,19,0,266,0,1,51,49698,2398,0,20,0,0,0,LEADER,1,0,0,19,0,0,0,0,0,0,0,0,0,0,0
51641,39,bully,1943,1,0,0,19,0,266,0,1,39,49698,1943,0,20,0,0,0,LEADER,1,0,0,19,0,0,0,0,0,0,0,0,0,0,0
51387,78,bully,1689,1,0,0,19,0,266,0,1,78,49698,1689,0,20,0,0,0,LEADER,1,0,0,19,0,0,0,0,0,0,0,0,0,0,0
51775,79,bully,2077,1,0,0,19,0,266,0,1,79,49698,2077,0,20,0,0,0,LEADER,1,0,0,19,0,0,0,0,0,0,0,0,0,0,0
51350,14,bully,1652,1,0,0,19,0,266,0,1,14,49698,1652,0,20,0,0,0,LEADER,1,0,0,19,0,0,0,0,0,0,0,0,0,0,0
51777,36,bully,2080,1,0,0,19,0,266,0,1,36,49697,2080,0,20,0,0,0,LEADER,1,0,0,19,0,0,0,0,0,0,0,0,0,0,0
51660,81,bully,1962,1,0,0,19,0,266,0,1,81,49698,1962,0,20,0,0,0,LEADER,1,0,0,19,0,0,0,0,0,0,0,0,0,0,0
51320,67,bully,1622,1,0,0,19,0,266,0,1,67,49698,1622,0,20,0,0,0,LEADER,1,0,0,19,0,0,0,0,0,0,0,0,0,0,0
52081,83,bully,2383,1,0,0,19,0,266,0,1,83,49698,2383,0,20,0,0,0,LEADER,1,0,0,19,0,0,0,0,0,0,0,0,0,0,0
52225,99,bully,1607,1,0,0,19,0,266,0,1,99,50618,1607,0,20,0,0,0,LEADER,1,0,0,19,0,0,0,0,0,0,0,0,0,0,0
51402,55,bully,1704,1,0,0,19,0,266,0,1,55,49698,1704,0,20,0,0,0,LEADER,1,0,0,19,0,0,0,0,0,0,0,0,0,0,0
52192,89,bully,1574,1,0,0,19,0,266,0,1,89,50618,1574,0,20,0,0,0,LEADER,1,0,0,19,0,0,0,0,0,0,0,0,0,0,0
51354,77,bully,1656,1,0,0,19,0,266,0,1,77,49698,1656,0,20,0,0,0,LEADER,1,0,0,19,0,0,0,0,0,0,0,0,0,0,0
51626,71,bully,1928,1,0,0,19,0,266,0,1,71,49698,1928,0,20,0,0,0,LEADER,1,0,0,19,0,0,0,0,0,0,0,0,0,0,0
51538,52,bully,1840,1,0,0,19,0,266,0,1,52,49698,1840,0,20,0,0,0,LEADER,1,0,0,19,0,0,0,0,0,0,0,0,0,0,0
51909,76,bully,2213,1,0,0,19,0,266,0,1,76,49696,2213,0,20,0,0,0,LEADER,1,0,0,19,0,0,0,0,0,0,0,0,0,0,0
51505,10,bully,1807,1,0,0,19,0,266,0,1,10,49698,1807,0,20,0,0,0,LEADER,1,0,0,19,0,0,0,0,0,0,0,0,0,0,0
51438,22,bully,1740,1,0,0,19,0,266,0,1,22,49698,1740,0,20,0,0,0,LEADER,1,0,0,19,0,0,0,0,0,0,0,0,0,0,0
51587,21,bully,1889,1,0,0,19,0,266,0,1,21,49698,1889,0,20,0,0,0,LEADER,1,0,0,19,0,0,0,0,0,0,0,0,0,0,0
51844,56,bully,2146,1,0,0,19,0,266,0,1,56,49698,2146,0,20,0,0,0,LEADER,1,0,0,19,0,0,0,0,0,0,0,0,0,0,0
51369,60,bully,1671,1,0,0,19,0,266,0,1,60,49698,1671,0,20,0,0,0,LEADER,1,0,0,19,0,0,0,0,0,0,0,0,0,0,0
52222,25,bully,1604,1,0,0,19,0,266,0,1,25,50618,1604,0,20,0,0,0,LEADER,1,0,0,19,0,0,0,0,0,0,0,0,0,0,0
51435,65,bully,1737,1,0,0,19,0,266,0,1,65,49698,1737,0,20,0,0,0,LEADER,1,0,0,19,0,0,0,0,0,0,0,0,0,0,0
52111,19,bully,2413,1,0,0,19,0,266,0,1,19,49698,2413,0,20,0,0,0,LEADER,1,0,0,19,0,0,0,0,0,0,0,0,0,0,0
51741,69,bully,2043,1,0,0,19,0,266,0,1,69,49698,2043,0,20,0,0,0,LEADER,1,0,0,19,0,0,0,0,0,0,0,0,0,0,0
52343,54,bully,1725,1,0,0,19,0,266,0,1,54,50618,1725,0,20,0,0,0,LEADER,1,0,0,19,0,0,0,0,0,0,0,0,0,0,0
51690,17,bully,1992,1,0,0,19,0,266,0,1,17,49698,1992,0,20,0,0,0,LEADER,1,0,0,19,0,0,0,0,0,0,0,0,0,0,0
52204,100,bully,1586,1,0,0,19,0,266,0,1,100,50618,1586,0,20,0,0,0,LEADER,1,0,0,19,0,0,0,0,0,0,0,0,0,0,0
52167,16,bully,1549,1,0,0,19,0,266,0,1,16,50618,1549,0,20,0,0,0,LEADER,1,0,0,19,0,0,0,0,0,0,0,0,0,0,0
51756,37,bully,2058,1,0,0,19,0,266,0,1,37,49698,2058,0,20,0,0,0,LEADER,1,0,0,19,0,0,0,0,0,0,0,0,0,0,0
52392,13,bully,1774,1,0,0,19,0,266,0,1,13,50618,1774,0,20,0,0,0,LEADER,1,0,0,19,0,0,0,0,0,0,0,0,0,0,0
51553,20,bully,1855,1,0,0,19,0,266,0,1,20,49698,1855,0,20,0,0,0,LEADER,1,0,0,19,0,0,0,0,0,0,0,0,0,0,0
52185,41,bully,1567,1,0,0,19,0,266,0,1,41,50618,1567,0,20,0,0,0,LEADER,1,0,0,19,0,0,0,0,0,0,0,0,0,0,0
52174,47,bully,1556,1,0,0,19,0,266,0,1,47,50618,1556,0,20,0,0,0,LEADER,1,0,0,19,0,0,0,0,0,0,0,0,0,0,0
51999,95,bully,2301,1,0,0,19,0,266,0,1,95,49698,2301,0,20,0,0,0,LEADER,1,0,0,19,0,0,0,0,0,0,0,0,0,0,0
51863,98,bully,2165,1,0,0,19,0,266,0,1,98,49698,2165,0,20,0,0,0,LEADER,1,0,0,19,0,0,0,0,0,0,0,0,0,0,0
52047,73,bully,2349,1,0,0,19,0,266,0,1,73,49698,2349,0,20,0,0,0,LEADER,1,0,0,19,0,0,0,0,0,0,0,0,0,0,0
52370,33,bully,1752,1,0,0,19,0,266,0,1,33,50618,1752,0,20,0,0,0,LEADER,1,0,0,19,0,0,0,0,0,0,0,0,0,0,0
52340,97,bully,1722,1,0,0,19,0,266,0,1,97,50618,1722,0,20,0,0,0,LEADER,1,0,0,19,0,0,0,0,0,0,0,0,0,0,0
51593,61,bully,1895,1,0,0,19,0,266,0,1,61,49698,1895,0,20,0,0,0,LEADER,1,0,0,19,0,0,0,0,0,0,0,0,0,0,0
52528,29,bully,1910,1,0,0,19,0,266,0,1,29,50618,1910,0,20,0,0,0,LEADER,1,0,0,19,0,0,0,0,0,0,0,0,0,0,0
52540,40,bully,1922,1,0,0,19,0,266,0,1,40,50618,1922,0,20,0,0,0,LEADER,1,0,0,19,0,0,0,0,0,0,0,0,0,0,0
52029,31,bully,2331,1,0,0,19,0,266,0,1,31,49698,2331,0,20,0,0,0,LEADER,1,0,0,19,0,0,0,0,0,0,0,0,0,0,0
52361,96,bully,1744,1,0,0,19,0,266,0,1,96,50617,1744,0,20,0,0,0,LEADER,1,0,0,19,0,0,0,0,0,0,0,0,0,0,0
52443,84,bully,1825,1,0,0,19,0,266,0,1,84,50618,1825,0,20,0,0,0,LEADER,1,0,0,19,0,0,0,0,0,0,0,0,0,0,0
52137,80,bully,1519,1,0,0,19,0,266,0,1,80,50618,1519,0,20,0,0,0,LEADER,1,0,0,19,0,0,0,0,0,0,0,0,0,0,0
51981,53,bully,2283,1,0,0,19,0,266,0,1,53,49698,2283,0,20,0,0,0,LEADER,1,0,0,19,0,0,0,0,0,0,0,0,0,0,0
52056,92,bully,1438,1,0,0,19,0,266,0,1,92,50618,1438,0,20,0,0,0,LEADER,1,0,0,19,0,0,0,0,0,0,0,0,0,0,0
52492,62,bully,1874,1,0,0,19,0,266,0,1,62,50618,1874,0,20,0,0,0,LEADER,1,0,0,19,0,0,0,0,0,0,0,0,0,0,0
52236,91,bully,1619,1,0,0,19,0,266,0,1,91,50617,1619,0,20,0,0,0,LEADER,1,0,0,19,0,0,0,0,0,0,0,0,0,0,0
52189,15,bully,1571,1,0,0,19,0,266,0,1,15,50618,1571,0,20,0,0,0,LEADER,1,0,0,19,0,0,0,0,0,0,0,0,0,0,0
51859,26,bully,2161,1,0,0,19,0,266,0,1,26,49698,2161,0,20,0,0,0,LEADER,1,0,0,19,0,0,0,0,0,0,0,0,0,0,0
52595,49,bully,1977,1,0,0,19,0,266,0,1,49,50618,1977,0,20,0,0,0,LEADER,1,0,0,19,0,0,0,0,0,0,0,0,0,0,0
52410,58,bully,1792,1,0,0,19,0,266,0,1,58,50618,1792,0,20,0,0,0,LEADER,1,0,0,19,0,0,0,0,0,0,0,0,0,0,0
51944,86,bully,2246,1,0,0,19,0,266,0,1,86,49698,2246,0,20,0,0,0,LEADER,1,0,0,19,0,0,0,0,0,0,0,0,0,0,0
52117,50,bully,2419,1,0,0,19,0,266,0,1,50,49698,2419,0,20,0,0,0,LEADER,1,0,0,19,0,0,0,0,0,0,0,0,0,0,0
51969,85,bully,2268,1,0,0,19,0,266,0,1,85,49701,2268,0,20,0,0,0,LEADER,1,0,0,19,0,0,0,0,0,0,0,0,0,0,0
51908,87,bully,2212,1,0,0,19,0,266,0,1,87,49696,2212,0,20,0,0,0,LEADER,1,0,0,19,0,0,0,0,0,0,0,0,0,0,0
52114,64,bully,2416,1,0,0,19,0,266,0,1,64,49698,2416,0,20,0,0,0,LEADER,1,0,0,19,0,0,0,0,0,0,0,0,0,0,0
52052,18,bully,1434,1,0,0,19,0,266,0,1,18,50618,1434,0,20,0,0,0,LEADER,1,0,0,19,0,0,0,0,0,0,0,0,0,0,0
51962,11,bully,2264,1,0,0,19,0,266,0,1,11,49698,2264,0,20,0,0,0,LEADER,1,0,0,19,0,0,0,0,0,0,0,0,0,0,0
52171,90,bully,1553,1,0,0,19,0,266,0,1,90,50618,1553,0,20,0,0,0,LEADER,1,0,0,19,0,0,0,0,0,0,0,0,0,0,0
52065,35,bully,1447,1,0,0,19,0,266,0,1,35,50618,1447,0,20,0,0,0,LEADER,1,0,0,19,0,0,0,0,0,0,0,0,0,0,0
51947,43,bully,2249,1,0,0,19,0,266,0,1,43,49698,2249,0,20,0,0,0,LEADER,1,0,0,19,0,0,0,0,0,0,0,0,0,0,0
52085,28,bully,1467,1,0,0,19,0,266,0,1,28,50618,1467,0,20,0,0,0,LEADER,1,0,0,19,0,0,0,0,0,0,0,0,0,0,0
52759,23,bully,2141,1,0,0,19,0,266,0,1,23,50618,2141,0,20,0,0,0,LEADER,1,0,0,19,0,0,0,0,0,0,0,0,0,0,0
51925,44,bully,2228,1,0,0,19,0,266,0,1,44,49697,2228,0,20,0,0,0,LEADER,1,0,0,19,0,0,0,0,0,0,0,0,0,0,0
52079,30,bully,1461,1,0,0,19,0,266,0,1,30,50618,1461,0,20,0,0,0,LEADER,1,0,0,19,0,0,0,0,0,0,0,0,0,0,0
52477,94,bully,1859,1,0,0,19,0,266,0,1,94,50618,1859,0,20,0,0,0,LEADER,1,0,0,19,0,0,0,0,0,0,0,0,0,0,0
52119,38,bully,1501,1,0,0,19,0,266,0,1,38,50618,1501,0,20,0,0,0,LEADER,1,0,0,19,0,0,0,0,0,0,0,0,0,0,0
52798,66,bully,2180,1,0,0,19,0,266,0,1,66,50618,2180,0,20,0,0,0,LEADER,1,0,0,19,0,0,0,0,0,0,0,0,0,0,0
52104,70,bully,1486,1,0,0,19,0,266,0,1,70,50618,1486,0,20,0,0,0,LEADER,1,0,0,19,0,0,0,0,0,0,0,0,0,0,0
52749,88,bully,2131,1,0,0,19,0,266,0,1,88,50618,2131,0,20,0,0,0,LEADER,1,0,0,19,0,0,0,0,0,0,0,0,0,0,0
51933,75,bully,2235,1,0,0,19,0,266,0,1,75,49698,2235,0,20,0,0,0,LEADER,1,0,0,19,0,0,0,0,0,0,0,0,0,0,0
51941,12,bully,2243,1,0,0,19,0,266,0,1,12,49698,2243,0,20,0,0,0,LEADER,1,0,0,19,0,0,0,0,0,0,0,0,0,0,0
52643,27,bully,2025,1,0,0,19,0,266,0,1,27,50618,2025,0,20,0,0,0,LEADER,1,0,0,19,0,0,0,0,0,0,0,0,0,0,0
52132,42,bully,1514,1,0,0,19,0,266,0,1,42,50618,1514,0,20,0,0,0,LEADER,1,0,0,19,0,0,0,0,0,0,0,0,0,0,0
52779,24,bully,2161,1,0,0,19,0,266,0,1,24,50618,2161,0,20,0,0,0,LEADER,1,0,0,19,0,0,0,0,0,0,0,0,0,0,0
52731,46,bully,2113,1,0,0,19,0,266,0,1,46,50618,2113,0,20,0,0,0,LEADER,1,0,0,19,0,0,0,0,0,0,0,0,0,0,0
52255,34,bully,1637,1,0,0,19,0,266,0,1,34,50618,1637,0,20,0,0,0,LEADER,1,0,0,19,0,0,0,0,0,0,0,0,0,0,0
52628,59,bully,2010,1,0,0,19,0,266,0,1,59,50618,2010,0,20,0,0,0,LEADER,1,0,0,19,0,0,0,0,0,0,0,0,0,0,0
52910,32,bully,2292,1,0,0,19,0,266,0,1,32,50618,2292,0,20,0,0,0,LEADER,1,0,0,19,0,0,0,0,0,0,0,0,0,0,0
52525,72,bully,1907,1,0,0,19,0,266,0,1,72,50618,1907,0,20,0,0,0,LEADER,1,0,0,19,0,0,0,0,0,0,0,0,0,0,0
52934,63,bully,2316,1,0,0,19,0,266,0,1,63,50618,2316,0,20,0,0,0,LEADER,1,0,0,19,0,0,0,0,0,0,0,0,0,0,0
52410,74,bully,1792,1,0,0,19,0,266,0,1,74,50618,1792,0,20,0,0,0,LEADER,1,0,0,19,0,0,0,0,0,0,0,0,0,0,0
52152,48,bully,1534,1,0,0,19,0,266,0,1,48,50618,1534,0,20,0,0,0,LEADER,1,0,0,19,0,0,0,0,0,0,0,0,0,0,0
52613,57,bully,1995,1,0,0,19,0,266,0,1,57,50618,1995,0,20,0,0,0,LEADER,1,0,0,19,0,0,0,0,0,0,0,0,0,0,0
52683,68,bully,2065,1,0,0,19,0,266,0,1,68,50618,2065,0,20,0,0,0,LEADER,1,0,0,19,0,0,0,0,0,0,0,0,0,0,0
52084,45,bully,1466,1,0,0,19,0,266,0,1,45,50618,1466,0,20,0,0,0,LEADER,1,0,0,19,0,0,0,0,0,0,0,0,0,0,0
52441,93,bully,1823,1,0,0,19,0,266,0,1,93,50618,1823,0,20,0,0,0,LEADER,1,0,0,19,0,0,0,0,0,0,0,0,0,0,0
53022,82,bully,2404,1,0,0,19,0,266,0,1,82,50618,2404,0,20,0,0,0,LEADER,1,0,0,19,0,0,0,0,0,0,0,0,0,0,0
53016,51,bully,2398,1,0,0,19,0,266,0,1,51,50618,2398,0,20,0,0,0,LEADER,1,0,0,19,0,0,0,0,0,0,0,0,0,0,0
52561,39,bully,1943,1,0,0,19,0,266,0,1,39,50618,1943,0,20,0,0,0,LEADER,1,0,0,19,0,0,0,0,0,0,0,0,0,0,0
52307,78,bully,1689,1,0,0,19,0,266,0,1,78,50618,1689,0,20,0,0,0,LEADER,1,0,0,19,0,0,0,0,0,0,0,0,0,0,0
52695,79,bully,2077,1,0,0,19,0,266,0,1,79,50618,2077,0,20,0,0,0,LEADER,1,0,0,19,0,0,0,0,0,0,0,0,0,0,0
52270,14,bully,1652,1,0,0,19,0,266,0,1,14,50618,1652,0,20,0,0,0,LEADER,1,0,0,19,0,0,0,0,0,0,0,0,0,0,0
52697,36,bully,2080,1,0,0,19,0,266,0,1,36,50617,2080,0,20,0,0,0,LEADER,1,0,0,19,0,0,0,0,0,0,0,0,0,0,0
52580,81,bully,1962,1,0,0,19,0,266,0,1,81,50618,1962,0,20,0,0,0,LEADER,1,0,0,19,0,0,0,0,0,0,0,0,0,0,0
52240,67,bully,1622,1,0,0,19,0,266,0,1,67,50618,1622,0,20,0,0,0,LEADER,1,0,0,19,0,0,0,0,0,0,0,0,0,0,0
53001,83,bully,2383,1,0,0,19,0,266,0,1,83,50618,2383,0,20,0,0,0,LEADER,1,0,0,19,0,0,0,0,0,0,0,0,0,0,0
53145,99,bully,1607,1,0,0,19,0,266,0,1,99,51538,1607,0,20,0,0,0,LEADER,1,0,0,19,0,0,0,0,0,0,0,0,0,0,0
52322,55,bully,1704,1,0,0,19,0,266,0,1,55,50618,1704,0,20,0,0,0,LEADER,1,0,0,19,0,0,0,0,0,0,0,0,0,0,0
53112,89,bully,1574,1,0,0,19,0,266,0,1,89,51538,1574,0,20,0,0,0,LEADER,1,0,0,19,0,0,0,0,0,0,0,0,0,0,0
52274,77,bully,1656,1,0,0,19,0,266,0,1,77,50618,1656,0,20,0,0,0,LEADER,1,0,0,19,0,0,0,0,0,0,0,0,0,0,0
52546,71,bully,1928,1,0,0,19,0,266,0,1,71,50618,1928,0,20,0,0,0,LEADER,1,0,0,19,0,0,0,0,0,0,0,0,0,0,0
52458,52,bully,1840,1,0,0,19,0,266,0,1,52,50618,1840,0,20,0,0,0,LEADER,1,0,0,19,0,0,0,0,0,0,0,0,0,0,0
52829,76,bully,2213,1,0,0,19,0,266,0,1,76,50616,2213,0,20,0,0,0,LEADER,1,0,0,19,0,0,0,0,0,0,0,0,0,0,0
52425,10,bully,1807,1,0,0,19,0,266,0,1,10,50618,1807,0,20,0,0,0,LEADER,1,0,0,19,0,0,0,0,0,0,0,0,0,0,0
52358,22,bully,1740,1,0,0,19,0,266,0,1,22,50618,1740,0,20,0,0,0,LEADER,1,0,0,19,0,0,0,0,0,0,0,0,0,0,0
52507,21,bully,1889,1,0,0,19,0,266,0,1,21,50618,1889,0,20,0,0,0,LEADER,1,0,0,19,0,0,0,0,0,0,0,0,0,0,0
52764,56,bully,2146,1,0,0,19,0,266,0,1,56,50618,2146,0,20,0,0,0,LEADER,1,0,0,19,0,0,0,0,0,0,0,0,0,0,0
52289,60,bully,1671,1,0,0,19,0,266,0,1,60,50618,1671,0,20,0,0,0,LEADER,1,0,0,19,0,0,0,0,0,0,0,0,0,0,0
53142,25,bully,1604,1,0,0,19,0,266,0,1,25,51538,1604,0,20,0,0,0,LEADER,1,0,0,19,0,0,0,0,0,0,0,0,0,0,0
52355,65,bully,1737,1,0,0,19,0,266,0,1,65,50618,1737,0,20,0,0,0,LEADER,1,0,0,19,0,0,0,0,0,0,0,0,0,0,0
53031,19,bully,2413,1,0,0,19,0,266,0,1,19,50618,2413,0,20,0,0,0,LEADER,1,0,0,19,0,0,0,0,0,0,0,0,0,0,0
52661,69,bully,2043,1,0,0,19,0,266,0,1,69,50618,2043,0,20,0,0,0,LEADER,1,0,0,19,0,0,0,0,0,0,0,0,0,0,0
53263,54,bully,1725,1,0,0,19,0,266,0,1,54,51538,1725,0,20,0,0,0,LEADER,1,0,0,19,0,0,0,0,0,0,0,0,0,0,0
52610,17,bully,1992,1,0,0,19,0,266,0,1,17,50618,1992,0,20,0,0,0,LEADER,1,0,0,19,0,0,0,0,0,0,0,0,0,0,0
53124,100,bully,1586,1,0,0,19,0,266,0,1,100,51538,1586,0,20,0,0,0,LEADER,1,0,0,19,0,0,0,0,0,0,0,0,0,0,0
53087,16,bully,1549,1,0,0,19,0,266,0,1,16,51538,1549,0,20,0,0,0,LEADER,1,0,0,19,0,0,0,0,0,0,0,0,0,0,0
52676,37,bully,2058,1,0,0,19,0,266,0,1,37,50618,2058,0,20,0,0,0,LEADER,1,0,0,19,0,0,0,0,0,0,0,0,0,0,0
53312,13,bully,1774,1,0,0,19,0,266,0,1,13,51538,1774,0,20,0,0,0,LEADER,1,0,0,19,0,0,0,0,0,0,0,0,0,0,0
52473,20,bully,1855,1,0,0,19,0,266,0,1,20,50618,1855,0,20,0,0,0,LEADER,1,0,0,19,0,0,0,0,0,0,0,0,0,0,0
53105,41,bully,1567,1,0,0,19,0,266,0,1,41,51538,1567,0,20,0,0,0,LEADER,1,0,0,19,0,0,0,0,0,0,0,0,0,0,0
53094,47,bully,1556,1,0,0,19,0,266,0,1,47,51538,1556,0,20,0,0,0,LEADER,1,0,0,19,0,0,0,0,0,0,0,0,0,0,0
52919,95,bully,2301,1,0,0,19,0,266,0,1,95,50618,2301,0,20,0,0,0,LEADER,1,0,0,19,0,0,0,0,0,0,0,0,0,0,0
52783,98,bully,2165,1,0,0,19,0,266,0,1,98,50618,2165,0,20,0,0,0,LEADER,1,0,0,19,0,0,0,0,0,0,0,0,0,0,0
52967,73,bully,2349,1,0,0,19,0,266,0,1,73,50618,2349,0,20,0,0,0,LEADER,1,0,0,19,0,0,0,0,0,0,0,0,0,0,0
53290,33,bully,1752,1,0,0,19,0,266,0,1,33,51538,1752,0,20,0,0,0,LEADER,1,0,0,19,0,0,0,0,0,0,0,0,0,0,0
53260,97,bully,1722,1,0,0,19,0,266,0,1,97,51538,1722,0,20,0,0,0,LEADER,1,0,0,19,0,0,0,0,0,0,0,0,0,0,0
52513,61,bully,1895,1,0,0,19,0,266,0,1,61,50618,1895,0,20,0,0,0,LEADER,1,0,0,19,0,0,0,0,0,0,0,0,0,0,0
53448,29,bully,1910,1,0,0,19,0,266,0,1,29,51538,1910,0,20,0,0,0,LEADER,1,0,0,19,0,0,0,0,0,0,0,0,0,0,0
53460,40,bully,1922,1,0,0,19,0,266,0,1,40,51538,1922,0,20,0,0,0,LEADER,1,0,0,19,0,0,0,0,0,0,0,0,0,0,0
52949,31,bully,2331,1,0,0,19,0,266,0,1,31,50618,2331,0,20,0,0,0,LEADER,1,0,0,19,0,0,0,0,0,0,0,0,0,0,0
53281,96,bully,1744,1,0,0,19,0,266,0,1,96,51537,1744,0,20,0,0,0,LEADER,1,0,0,19,0,0,0,0,0,0,0,0,0,0,0
53363,84,bully,1825,1,0,0,19,0,266,0,1,84,51538,1825,0,20,0,0,0,LEADER,1,0,0,19,0,0,0,0,0,0,0,0,0,0,0
53057,80,bully,1519,1,0,0,19,0,266,0,1,80,51538,1519,0,20,0,0,0,LEADER,1,0,0,19,0,0,0,0,0,0,0,0,0,0,0
52901,53,bully,2283,1,0,0,19,0,266,0,1,53,50618,2283,0,20,0,0,0,LEADER,1,0,0,19,0,0,0,0,0,0,0,0,0,0,0
52976,92,bully,1438,1,0,0,19,0,266,0,1,92,51538,1438,0,20,0,0,0,LEADER,1,0,0,19,0,0,0,0,0,0,0,0,0,0,0
53412,62,bully,1874,1,0,0,19,0,266,0,1,62,51538,1874,0,20,0,0,0,LEADER,1,0,0,19,0,0,0,0,0,0,0,0,0,0,0
53156,91,bully,1619,1,0,0,19,0,266,0,1,91,51537,1619,0,20,0,0,0,LEADER,1,0,0,19,0,0,0,0,0,0,0,0,0,0,0
53109,15,bully,1571,1,0,0,19,0,266,0,1,15,51538,1571,0,20,0,0,0,LEADER,1,0,0,19,0,0,0,0,0,0,0,0,0,0,0
52779,26,bully,2161,1,0,0,19,0,266,0,1,26,50618,2161,0,20,0,0,0,LEADER,1,0,0,19,0,0,0,0,0,0,0,0,0,0,0
53515,49,bully,1977,1,0,0,19,0,266,0,1,49,51538,1977,0,20,0,0,0,LEADER,1,0,0,19,0,0,0,0,0,0,0,0,0,0,0
53330,58,bully,1792,1,0,0,19,0,266,0,1,58,51538,1792,0,20,0,0,0,LEADER,1,0,0,19,0,0,0,0,0,0,0,0,0,0,0
52864,86,bully,2246,1,0,0,19,0,266,0,1,86,50618,2246,0,20,0,0,0,LEADER,1,0,0,19,0,0,0,0,0,0,0,0,0,0,0
53037,50,bully,2419,1,0,0,19,0,266,0,1,50,50618,2419,0,20,0,0,0,LEADER,1,0,0,19,0,0,0,0,0,0,0,0,0,0,0
52889,85,bully,2268,1,0,0,19,0,266,0,1,85,50621,2268,0,20,0,0,0,LEADER,1,0,0,19,0,0,0,0,0,0,0,0,0,0,0
52828,87,bully,2212,1,0,0,19,0,266,0,1,87,50616,2212,0,20,0,0,0,LEADER,1,0,0,19,0,0,0,0,0,0,0,0,0,0,0
53034,64,bully,2416,1,0,0,19,0,266,0,1,64,50618,2416,0,20,0,0,0,LEADER,1,0,0,19,0,0,0,0,0,0,0,0,0,0,0
52972,18,bully,1434,1,0,0,19,0,266,0,1,18,51538,1434,0,20,0,0,0,LEADER,1,0,0,19,0,0,0,0,0,0,0,0,0,0,0
52882,11,bully,2264,1,0,0,19,0,266,0,1,11,50618,2264,0,20,0,0,0,LEADER,1,0,0,19,0,0,0,0,0,0,0,0,0,0,0
53091,90,bully,1553,1,0,0,19,0,266,0,1,90,51538,1553,0,20,0,0,0,LEADER,1,0,0,19,0,0,0,0,0,0,0,0,0,0,0
52985,35,bully,1447,1,0,0,19,0,266,0,1,35,51538,1447,0,20,0,0,0,LEADER,1,0,0,19,0,0,0,0,0,0,0,0,0,0,0
52867,43,bully,2249,1,0,0,19,0,266,0,1,43,50618,2249,0,20,0,0,0,LEADER,1,0,0,19,0,0,0,0,0,0,0,0,0,0,0
53005,28,bully,1467,1,0,0,19,0,266,0,1,28,51538,1467,0,20,0,0,0,LEADER,1,0,0,19,0,0,0,0,0,0,0,0,0,0,0
53679,23,bully,2141,1,0,0,19,0,266,0,1,23,51538,2141,0,20,0,0,0,LEADER,1,0,0,19,0,0,0,0,0,0,0,0,0,0,0
52845,44,bully,2228,1,0,0,19,0,266,0,1,44,50617,2228,0,20,0,0,0,LEADER,1,0,0,19,0,0,0,0,0,0,0,0,0,0,0
52999,30,bully,1461,1,0,0,19,0,266,0,1,30,51538,1461,0,20,0,0,0,LEADER,1,0,0,19,0,0,0,0,0,0,0,0,0,0,0
53397,94,bully,1859,1,0,0,19,0,266,0,1,94,51538,1859,0,20,0,0,0,LEADER,1,0,0,19,0,0,0,0,0,0,0,0,0,0,0
53039,38,bully,1501,1,0,0,19,0,266,0,1,38,51538,1501,0,20,0,0,0,LEADER,1,0,0,19,0,0,0,0,0,0,0,0,0,0,0
53718,66,bully,2180,1,0,0,19,0,266,0,1,66,51538,2180,0,20,0,0,0,LEADER,1,0,0,19,0,0,0,0,0,0,0,0,0,0,0
53024,70,bully,1486,1,0,0,19,0,266,0,1,70,51538,1486,0,20,0,0,0,LEADER,1,0,0,19,0,0,0,0,0,0,0,0,0,0,0
53669,88,bully,2131,1,0,0,19,0,266,0,1,88,51538,2131,0,20,0,0,0,LEADER,1,0,0,19,0,0,0,0,0,0,0,0,0,0,0
52853,75,bully,2235,1,0,0,19,0,266,0,1,75,50618,2235,0,20,0,0,0,LEADER,1,0,0,19,0,0,0,0,0,0,0,0,0,0,0
52861,12,bully,2243,1,0,0,19,0,266,0,1,12,50618,2243,0,20,0,0,0,LEADER,1,0,0,19,0,0,0,0,0,0,0,0,0,0,0
53563,27,bully,2025,1,0,0,19,0,266,0,1,27,51538,2025,0,20,0,0,0,LEADER,1,0,0,19,0,0,0,0,0,0,0,0,0,0,0
53052,42,bully,1514,1,0,0,19,0,266,0,1,42,51538,1514,0,20,0,0,0,LEADER,1,0,0,19,0,0,0,0,0,0,0,0,0,0,0
53699,24,bully,2161,1,0,0,19,0,266,0,1,24,51538,2161,0,20,0,0,0,LEADER,1,0,0,19,0,0,0,0,0,0,0,0,0,0,0
53651,46,bully,2113,1,0,0,19,0,266,0,1,46,51538,2113,0,20,0,0,0,LEADER,1,0,0,19,0,0,0,0,0,0,0,0,0,0,0
53175,34,bully,1637,1,0,0,19,0,266,0,1,34,51538,1637,0,20,0,0,0,LEADER,1,0,0,19,0,0,0,0,0,0,0,0,0,0,0
53548,59,bully,2010,1,0,0,19,0,266,0,1,59,51538,2010,0,20,0,0,0,LEADER,1,0,0,19,0,0,0,0,0,0,0,0,0,0,0
53830,32,bully,2292,1,0,0,19,0,266,0,1,32,51538,2292,0,20,0,0,0,LEADER,1,0,0,19,0,0,0,0,0,0,0,0,0,0,0
53445,72,bully,1907,1,0,0,19,0,266,0,1,72,51538,1907,0,20,0,0,0,LEADER,1,0,0,19,0,0,0,0,0,0,0,0,0,0,0
53854,63,bully,2316,1,0,0,19,0,266,0,1,63,51538,2316,0,20,0,0,0,LEADER,1,0,0,19,0,0,0,0,0,0,0,0,0,0,0
53330,74,bully,1792,1,0,0,19,0,266,0,1,74,51538,1792,0,20,0,0,0,LEADER,1,0,0,19,0,0,0,0,0,0,0,0,0,0,0
53072,48,bully,1534,1,0,0,19,0,266,0,1,48,51538,1534,0,20,0,0,0,LEADER,1,0,0,19,0,0,0,0,0,0,0,0,0,0,0
53533,57,bully,1995,1,0,0,19,0,266,0,1,57,51538,1995,0,20,0,0,0,LEADER,1,0,0,19,0,0,0,0,0,0,0,0,0,0,0
53603,68,bully,2065,1,0,0,19,0,266,0,1,68,51538,2065,0,20,0,0,0,LEADER,1,0,0,19,0,0,0,0,0,0,0,0,0,0,0
53004,45,bully,1466,1,0,0,19,0,266,0,1,45,51538,1466,0,20,0,0,0,LEADER,1,0,0,19,0,0,0,0,0,0,0,0,0,0,0
53361,93,bully,1823,1,0,0,19,0,266,0,1,93,51538,1823,0,20,0,0,0,LEADER,1,0,0,19,0,0,0,0,0,0,0,0,0,0,0
53942,82,bully,2404,1,0,0,19,0,266,0,1,82,51538,2404,0,20,0,0,0,LEADER,1,0,0,19,0,0,0,0,0,0,0,0,0,0,0
53936,51,bully,2398,1,0,0,19,0,266,0,1,51,51538,2398,0,20,0,0,0,LEADER,1,0,0,19,0,0,0,0,0,0,0,0,0,0,0
53481,39,bully,1943,1,0,0,19,0,266,0,1,39,51538,1943,0,20,0,0,0,LEADER,1,0,0,19,0,0,0,0,0,0,0,0,0,0,0
53227,78,bully,1689,1,0,0,19,0,266,0,1,78,51538,1689,0,20,0,0,0,LEADER,1,0,0,19,0,0,0,0,0,0,0,0,0,0,0
53615,79,bully,2077,1,0,0,19,0,266,0,1,79,51538,2077,0,20,0,0,0,LEADER,1,0,0,19,0,0,0,0,0,0,0,0,0,0,0
53190,14,bully,1652,1,0,0,19,0,266,0,1,14,51538,1652,0,20,0,0,0,LEADER,1,0,0,19,0,0,0,0,0,0,0,0,0,0,0
53617,36,bully,2080,1,0,0,19,0,266,0,1,36,51537,2080,0,20,0,0,0,LEADER,1,0,0,19,0,0,0,0,0,0,0,0,0,0,0
53500,81,bully,1962,1,0,0,19,0,266,0,1,81,51538,1962,0,20,0,0,0,LEADER,1,0,0,19,0,0,0,0,0,0,0,0,0,0,0
53160,67,bully,1622,1,0,0,19,0,266,0,1,67,51538,1622,0,20,0,0,0,LEADER,1,0,0,19,0,0,0,0,0,0,0,0,0,0,0
53921,83,bully,2383,1,0,0,19,0,266,0,1,83,51538,2383,0,20,0,0,0,LEADER,1,0,0,19,0,0,0,0,0,0,0,0,0,0,0
54066,99,bully,1607,1,0,0,20,0,280,0,1,99,52459,1607,0,21,0,0,0,LEADER,1,0,0,20,0,0,0,0,0,0,0,0,0,0,0
53242,55,bully,1704,1,0,0,19,0,266,0,1,55,51538,1704,0,20,0,0,0,LEADER,1,0,0,19,0,0,0,0,0,0,0,0,0,0,0
54033,89,bully,1574,1,0,0,20,0,280,0,1,89,52459,1574,0,21,0,0,0,LEADER,1,0,0,20,0,0,0,0,0,0,0,0,0,0,0
53194,77,bully,1656,1,0,0,19,0,266,0,1,77,51538,1656,0,20,0,0,0,LEADER,1,0,0,19,0,0,0,0,0,0,0,0,0,0,0
53466,71,bully,1928,1,0,0,19,0,266,0,1,71,51538,1928,0,20,0,0,0,LEADER,1,0,0,19,0,0,0,0,0,0,0,0,0,0,0
53378,52,bully,1840,1,0,0,19,0,266,0,1,52,51538,1840,0,20,0,0,0,LEADER,1,0,0,19,0,0,0,0,0,0,0,0,0,0,0
53749,76,bully,2213,1,0,0,19,0,266,0,1,76,51536,2213,0,20,0,0,0,LEADER,1,0,0,19,0,0,0,0,0,0,0,0,0,0,0
53345,10,bully,1807,1,0,0,19,0,266,0,1,10,51538,1807,0,20,0,0,0,LEADER,1,0,0,19,0,0,0,0,0,0,0,0,0,0,0
53278,22,bully,1740,1,0,0,19,0,266,0,1,22,51538,1740,0,20,0,0,0,LEADER,1,0,0,19,0,0,0,0,0,0,0,0,0,0,0
53427,21,bully,1889,1,0,0,19,0,266,0,1,21,51538,1889,0,20,0,0,0,LEADER,1,0,0,19,0,0,0,0,0,0,0,0,0,0,0
53684,56,bully,2146,1,0,0,19,0,266,0,1,56,51538,2146,0,20,0,0,0,LEADER,1,0,0,19,0,0,0,0,0,0,0,0,0,0,0
53209,60,bully,1671,1,0,0,19,0,266,0,1,60,51538,1671,0,20,0,0,0,LEADER,1,0,0,19,0,0,0,0,0,0,0,0,0,0,0
54063,25,bully,1604,1,0,0,20,0,280,0,1,25,52459,1604,0,21,0,0,0,LEADER,1,0,0,20,0,0,0,0,0,0,0,0,0,0,0
53275,65,bully,1737,1,0,0,19,0,266,0,1,65,51538,1737,0,20,0,0,0,LEADER,1,0,0,19,0,0,0,0,0,0,0,0,0,0,0
53951,19,bully,2413,1,0,0,19,0,266,0,1,19,51538,2413,0,20,0,0,0,LEADER,1,0,0,19,0,0,0,0,0,0,0,0,0,0,0
53581,69,bully,2043,1,0,0,19,0,266,0,1,69,51538,2043,0,20,0,0,0,LEADER,1,0,0,19,0,0,0,0,0,0,0,0,0,0,0
54184,54,bully,1725,1,0,0,20,0,280,0,1,54,52459,1725,0,21,0,0,0,LEADER,1,0,0,20,0,0,0,0,0,0,0,0,0,0,0
53530,17,bully,1992,1,0,0,19,0,266,0,1,17,51538,1992,0,20,0,0,0,LEADER,1,0,0,19,0,0,0,0,0,0,0,0,0,0,0
54045,100,bully,1586,1,0,0,20,0,280,0,1,100,52459,1586,0,21,0,0,0,LEADER,1,0,0,20,0,0,0,0,0,0,0,0,0,0,0
54008,16,bully,1549,1,0,0,20,0,280,0,1,16,52459,1549,0,21,0,0,0,LEADER,1,0,0,20,0,0,0,0,0,0,0,0,0,0,0
53596,37,bully,2058,1,0,0,19,0,266,0,1,37,51538,2058,0,20,0,0,0,LEADER,1,0,0,19,0,0,0,0,0,0,0,0,0,0,0
54233,13,bully,1774,1,0,0,20,0,280,0,1,13,52459,1774,0,21,0,0,0,LEADER,1,0,0,20,0,0,0,0,0,0,0,0,0,0,0
53393,20,bully,1855,1,0,0,19,0,266,0,1,20,51538,1855,0,20,0,0,0,LEADER,1,0,0,19,0,0,0,0,0,0,0,0,0,0,0
54026,41,bully,1567,1,0,0,20,0,280,0,1,41,52459,1567,0,21,0,0,0,LEADER,1,0,0,20,0,0,0,0,0,0,0,0,0,0,0
54015,47,bully,1556,1,0,0,20,0,280,0,1,47,52459,1556,0,21,0,0,0,LEADER,1,0,0,20,0,0,0,0,0,0,0,0,0,0,0
53839,95,bully,2301,1,0,0,19,0,266,0,1,95,51538,2301,0,20,0,0,0,LEADER,1,0,0,19,0,0,0,0,0,0,0,0,0,0,0
53703,98,bully,2165,1,0,0,19,0,266,0,1,98,51538,2165,0,20,0,0,0,LEADER,1,0,0,19,0,0,0,0,0,0,0,0,0,0,0
53887,73,bully,2349,1,0,0,19,0,266,0,1,73,51538,2349,0,20,0,0,0,LEADER,1,0,0,19,0,0,0,0,0,0,0,0,0,0,0
53433,61,bully,1895,1,0,0,19,0,266,0,1,61,51538,1895,0,20,0,0,0,LEADER,1,0,0,19,0,0,0,0,0,0,0,0,0,0,0
54181,97,bully,1722,1,0,0,20,0,280,0,1,97,52459,1722,0,21,0,0,0,LEADER,1,0,0,20,0,0,0,0,0,0,0,0,0,0,0
54211,33,bully,1752,1,0,0,20,0,280,0,1,33,52459,1752,0,21,0,0,0,LEADER,1,0,0,20,0,0,0,0,0,0,0,0,0,0,0
53869,31,bully,2331,1,0,0,19,0,266,0,1,31,51538,2331,0,20,0,0,0,LEADER,1,0,0,19,0,0,0,0,0,0,0,0,0,0,0
54369,29,bully,1910,1,0,0,20,0,280,0,1,29,52459,1910,0,21,0,0,0,LEADER,1,0,0,20,0,0,0,0,0,0,0,0,0,0,0
54381,40,bully,1922,1,0,0,20,0,280,0,1,40,52459,1922,0,21,0,0,0,LEADER,1,0,0,20,0,0,0,0,0,0,0,0,0,0,0
54202,96,bully,1744,1,0,0,20,0,280,0,1,96,52458,1744,0,21,0,0,0,LEADER,1,0,0,20,0,0,0,0,0,0,0,0,0,0,0
54284,84,bully,1825,1,0,0,20,0,280,0,1,84,52459,1825,0,21,0,0,0,LEADER,1,0,0,20,0,0,0,0,0,0,0,0,0,0,0
53978,80,bully,1519,1,0,0,20,0,280,0,1,80,52459,1519,0,21,0,0,0,LEADER,1,0,0,20,0,0,0,0,0,0,0,0,0,0,0
53821,53,bully,2283,1,0,0,19,0,266,0,1,53,51538,2283,0,20,0,0,0,LEADER,1,0,0,19,0,0,0,0,0,0,0,0,0,0,0
53897,92,bully,1438,1,0,0,20,0,280,0,1,92,52459,1438,0,21,0,0,0,LEADER,1,0,0,20,0,0,0,0,0,0,0,0,0,0,0
54333,62,bully,1874,1,0,0,20,0,280,0,1,62,52459,1874,0,21,0,0,0,LEADER,1,0,0,20,0,0,0,0,0,0,0,0,0,0,0
54077,91,bully,1619,1,0,0,20,0,280,0,1,91,52458,1619,0,21,0,0,0,LEADER,1,0,0,20,0,0,0,0,0,0,0,0,0,0,0
54030,15,bully,1571,1,0,0,20,0,280,0,1,15,52459,1571,0,21,0,0,0,LEADER,1,0,0,20,0,0,0,0,0,0,0,0,0,0,0
53699,26,bully,2161,1,0,0,19,0,266,0,1,26,51538,2161,0,20,0,0,0,LEADER,1,0,0,19,0,0,0,0,0,0,0,0,0,0,0
54436,49,bully,1977,1,0,0,20,0,280,0,1,49,52459,1977,0,21,0,0,0,LEADER,1,0,0,20,0,0,0,0,0,0,0,0,0,0,0
54251,58,bully,1792,1,0,0,20,0,280,0,1,58,52459,1792,0,21,0,0,0,LEADER,1,0,0,20,0,0,0,0,0,0,0,0,0,0,0
53784,86,bully,2246,1,0,0,19,0,266,0,1,86,51538,2246,0,20,0,0,0,LEADER,1,0,0,19,0,0,0,0,0,0,0,0,0,0,0
53957,50,bully,2419,1,0,0,19,0,266,0,1,50,51538,2419,0,20,0,0,0,LEADER,1,0,0,19,0,0,0,0,0,0,0,0,0,0,0
53809,85,bully,2268,1,0,0,19,0,266,0,1,85,51541,2268,0,20,0,0,0,LEADER,1,0,0,19,0,0,0,0,0,0,0,0,0,0,0
53748,87,bully,2212,1,0,0,19,0,266,0,1,87,51536,2212,0,20,0,0,0,LEADER,1,0,0,19,0,0,0,0,0,0,0,0,0,0,0
53954,64,bully,2416,1,0,0,19,0,266,0,1,64,51538,2416,0,20,0,0,0,LEADER,1,0,0,19,0,0,0,0,0,0,0,0,0,0,0
53802,11,bully,2264,1,0,0,19,0,266,0,1,11,51538,2264,0,20,0,0,0,LEADER,1,0,0,19,0,0,0,0,0,0,0,0,0,0,0
53893,18,bully,1434,1,0,0,20,0,280,0,1,18,52459,1434,0,21,0,0,0,LEADER,1,0,0,20,0,0,0,0,0,0,0,0,0,0,0
54012,90,bully,1553,1,0,0,20,0,280,0,1,90,52459,1553,0,21,0,0,0,LEADER,1,0,0,20,0,0,0,0,0,0,0,0,0,0,0
53906,35,bully,1447,1,0,0,20,0,280,0,1,35,52459,1447,0,21,0,0,0,LEADER,1,0,0,20,0,0,0,0,0,0,0,0,0,0,0
53787,43,bully,2249,1,0,0,19,0,266,0,1,43,51538,2249,0,20,0,0,0,LEADER,1,0,0,19,0,0,0,0,0,0,0,0,0,0,0
53926,28,bully,1467,1,0,0,20,0,280,0,1,28,52459,1467,0,21,0,0,0,LEADER,1,0,0,20,0,0,0,0,0,0,0,0,0,0,0
53765,44,bully,2228,1,0,0,19,0,266,0,1,44,51537,2228,0,20,0,0,0,LEADER,1,0,0,19,0,0,0,0,0,0,0,0,0,0,0
54600,23,bully,2141,1,0,0,20,0,280,0,1,23,52459,2141,0,21,0,0,0,LEADER,1,0,0,20,0,0,0,0,0,0,0,0,0,0,0
53920,30,bully,1461,1,0,0,20,0,280,0,1,30,52459,1461,0,21,0,0,0,LEADER,1,0,0,20,0,0,0,0,0,0,0,0,0,0,0
54318,94,bully,1859,1,0,0,20,0,280,0,1,94,52459,1859,0,21,0,0,0,LEADER,1,0,0,20,0,0,0,0,0,0,0,0,0,0,0
53960,38,bully,1501,1,0,0,20,0,280,0,1,38,52459,1501,0,21,0,0,0,LEADER,1,0,0,20,0,0,0,0,0,0,0,0,0,0,0
54639,66,bully,2180,1,0,0,20,0,280,0,1,66,52459,2180,0,21,0,0,0,LEADER,1,0,0,20,0,0,0,0,0,0,0,0,0,0,0
53945,70,bully,1486,1,0,0,20,0,280,0,1,70,52459,1486,0,21,0,0,0,LEADER,1,0,0,20,0,0,0,0,0,0,0,0,0,0,0
54590,88,bully,2131,1,0,0,20,0,280,0,1,88,52459,2131,0,21,0,0,0,LEADER,1,0,0,20,0,0,0,0,0,0,0,0,0,0,0
53773,75,bully,2235,1,0,0,19,0,266,0,1,75,51538,2235,0,20,0,0,0,LEADER,1,0,0,19,0,0,0,0,0,0,0,0,0,0,0
53781,12,bully,2243,1,0,0,19,0,266,0,1,12,51538,2243,0,20,0,0,0,LEADER,1,0,0,19,0,0,0,0,0,0,0,0,0,0,0
54484,27,bully,2025,1,0,0,20,0,280,0,1,27,52459,2025,0,21,0,0,0,LEADER,1,0,0,20,0,0,0,0,0,0,0,0,0,0,0
53973,42,bully,1514,1,0,0,20,0,280,0,1,42,52459,1514,0,21,0,0,0,LEADER,1,0,0,20,0,0,0,0,0,0,0,0,0,0,0
54620,24,bully,2161,1,0,0,20,0,280,0,1,24,52459,2161,0,21,0,0,0,LEADER,1,0,0,20,0,0,0,0,0,0,0,0,0,0,0
54572,46,bully,2113,1,0,0,20,0,280,0,1,46,52459,2113,0,21,0,0,0,LEADER,1,0,0,20,0,0,0,0,0,0,0,0,0,0,0
54096,34,bully,1637,1,0,0,20,0,280,0,1,34,52459,1637,0,21,0,0,0,LEADER,1,0,0,20,0,0,0,0,0,0,0,0,0,0,0
54469,59,bully,2010,1,0,0,20,0,280,0,1,59,52459,2010,0,21,0,0,0,LEADER,1,0,0,20,0,0,0,0,0,0,0,0,0,0,0
54751,32,bully,2292,1,0,0,20,0,280,0,1,32,52459,2292,0,21,0,0,0,LEADER,1,0,0,20,0,0,0,0,0,0,0,0,0,0,0
54366,72,bully,1907,1,0,0,20,0,280,0,1,72,52459,1907,0,21,0,0,0,LEADER,1,0,0,20,0,0,0,0,0,0,0,0,0,0,0
54775,63,bully,2316,1,0,0,20,0,280,0,1,63,52459,2316,0,21,0,0,0,LEADER,1,0,0,20,0,0,0,0,0,0,0,0,0,0,0
54251,74,bully,1792,1,0,0,20,0,280,0,1,74,52459,1792,0,21,0,0,0,LEADER,1,0,0,20,0,0,0,0,0,0,0,0,0,0,0
53993,48,bully,1534,1,0,0,20,0,280,0,1,48,52459,1534,0,21,0,0,0,LEADER,1,0,0,20,0,0,0,0,0,0,0,0,0,0,0
54454,57,bully,1995,1,0,0,20,0,280,0,1,57,52459,1995,0,21,0,0,0,LEADER,1,0,0,20,0,0,0,0,0,0,0,0,0,0,0
54524,68,bully,2065,1,0,0,20,0,280,0,1,68,52459,2065,0,21,0,0,0,LEADER,1,0,0,20,0,0,0,0,0,0,0,0,0,0,0
53925,45,bully,1466,1,0,0,20,0,280,0,1,45,52459,1466,0,21,0,0,0,LEADER,1,0,0,20,0,0,0,0,0,0,0,0,0,0,0
54282,93,bully,1823,1,0,0,20,0,280,0,1,93,52459,1823,0,21,0,0,0,LEADER,1,0,0,20,0,0,0,0,0,0,0,0,0,0,0
54863,82,bully,2404,1,0,0,20,0,280,0,1,82,52459,2404,0,21,0,0,0,LEADER,1,0,0,20,0,0,0,0,0,0,0,0,0,0,0
54857,51,bully,2398,1,0,0,20,0,280,0,1,51,52459,2398,0,21,0,0,0,LEADER,1,0,0,20,0,0,0,0,0,0,0,0,0,0,0
54402,39,bully,1943,1,0,0,20,0,280,0,1,39,52459,1943,0,21,0,0,0,LEADER,1,0,0,20,0,0,0,0,0,0,0,0,0,0,0
54148,78,bully,1689,1,0,0,20,0,280,0,1,78,52459,1689,0,21,0,0,0,LEADER,1,0,0,20,0,0,0,0,0,0,0,0,0,0,0
54536,79,bully,2077,1,0,0,20,0,280,0,1,79,52459,2077,0,21,0,0,0,LEADER,1,0,0,20,0,0,0,0,0,0,0,0,0,0,0
54111,14,bully,1652,1,0,0,20,0,280,0,1,14,52459,1652,0,21,0,0,0,LEADER,1,0,0,20,0,0,0,0,0,0,0,0,0,0,0
54538,36,bully,2080,1,0,0,20,0,280,0,1,36,52458,2080,0,21,0,0,0,LEADER,1,0,0,20,0,0,0,0,0,0,0,0,0,0,0
54421,81,bully,1962,1,0,0,20,0,280,0,1,81,52459,1962,0,21,0,0,0,LEADER,1,0,0,20,0,0,0,0,0,0,0,0,0,0,0
54081,67,bully,1622,1,0,0,20,0,280,0,1,67,52459,1622,0,21,0,0,0,LEADER,1,0,0,20,0,0,0,0,0,0,0,0,0,0,0
54842,83,bully,2383,1,0,0,20,0,280,0,1,83,52459,2383,0,21,0,0,0,LEADER,1,0,0,20,0,0,0,0,0,0,0,0,0,0,0
54986,99,bully,1607,1,0,0,20,0,280,0,1,99,53379,1607,0,21,0,0,0,LEADER,1,0,0,20,0,0,0,0,0,0,0,0,0,0,0
54163,55,bully,1704,1,0,0,20,0,280,0,1,55,52459,1704,0,21,0,0,0,LEADER,1,0,0,20,0,0,0,0,0,0,0,0,0,0,0
54287,5,bully,2001,1,0,0,12,16,168,224,4,4,52286,2001,0,6,0,0,0,NORMAL,0,0,0,12,0,0,0,16,0,0,0,0,0,0,0
54596,1,bully,2293,1,0,0,7,7,98,98,1,1,52303,2293,0,6,0,0,0,LEADER,1,0,0,7,0,0,0,7,0,0,0,0,0,0,0
54953,89,bully,1574,1,0,0,20,0,280,0,1,89,53379,1574,0,21,0,0,0,LEADER,1,0,0,20,0,0,0,0,0,0,0,0,0,0,0
54115,77,bully,1656,1,0,0,20,0,280,0,1,77,52459,1656,0,21,0,0,0,LEADER,1,0,0,20,0,0,0,0,0,0,0,0,0,0,0
54387,71,bully,1928,1,0,0,20,0,280,0,1,71,52459,1928,0,21,0,0,0,LEADER,1,0,0,20,0,0,0,0,0,0,0,0,0,0,0
54299,52,bully,1840,1,0,0,20,0,280,0,1,52,52459,1840,0,21,0,0,0,LEADER,1,0,0,20,0,0,0,0,0,0,0,0,0,0,0
54670,76,bully,2213,1,0,0,20,0,280,0,1,76,52457,2213,0,21,0,0,0,LEADER,1,0,0,20,0,0,0,0,0,0,0,0,0,0,0
54266,10,bully,1807,1,0,0,20,0,280,0,1,10,52459,1807,0,21,0,0,0,LEADER,1,0,0,20,0,0,0,0,0,0,0,0,0,0,0
54199,22,bully,1740,1,0,0,20,0,280,0,1,22,52459,1740,0,21,0,0,0,LEADER,1,0,0,20,0,0,0,0,0,0,0,0,0,0,0
54347,21,bully,1889,1,0,0,20,0,280,0,1,21,52458,1889,0,21,0,0,0,LEADER,1,0,0,20,0,0,0,0,0,0,0,0,0,0,0
54605,56,bully,2146,1,0,0,20,0,280,0,1,56,52459,2146,0,21,0,0,0,LEADER,1,0,0,20,0,0,0,0,0,0,0,0,0,0,0
54130,60,bully,1671,1,0,0,20,0,280,0,1,60,52459,1671,0,21,0,0,0,LEADER,1,0,0,20,0,0,0,0,0,0,0,0,0,0,0
54983,25,bully,1604,1,0,0,20,0,280,0,1,25,53379,1604,0,21,0,0,0,LEADER,1,0,0,20,0,0,0,0,0,0,0,0,0,0,0
54196,65,bully,1737,1,0,0,20,0,280,0,1,65,52459,1737,0,21,0,0,0,LEADER,1,0,0,20,0,0,0,0,0,0,0,0,0,0,0
54872,19,bully,2413,1,0,0,20,0,280,0,1,19,52459,2413,0,21,0,0,0,LEADER,1,0,0,20,0,0,0,0,0,0,0,0,0,0,0
54502,69,bully,2043,1,0,0,20,0,280,0,1,69,52459,2043,0,21,0,0,0,LEADER,1,0,0,20,0,0,0,0,0,0,0,0,0,0,0
55104,54,bully,1725,1,0,0,20,0,280,0,1,54,53379,1725,0,21,0,0,0,LEADER,1,0,0,20,0,0,0,0,0,0,0,0,0,0,0
54451,17,bully,1992,1,0,0,20,0,280,0,1,17,52459,1992,0,21,0,0,0,LEADER,1,0,0,20,0,0,0,0,0,0,0,0,0,0,0
54965,100,bully,1586,1,0,0,20,0,280,0,1,100,53379,1586,0,21,0,0,0,LEADER,1,0,0,20,0,0,0,0,0,0,0,0,0,0,0
54928,16,bully,1549,1,0,0,20,0,280,0,1,16,53379,1549,0,21,0,0,0,LEADER,1,0,0,20,0,0,0,0,0,0,0,0,0,0,0
54517,37,bully,2058,1,0,0,20,0,280,0,1,37,52459,2058,0,21,0,0,0,LEADER,1,0,0,20,0,0,0,0,0,0,0,0,0,0,0
55153,13,bully,1774,1,0,0,20,0,280,0,1,13,53379,1774,0,21,0,0,0,LEADER,1,0,0,20,0,0,0,0,0,0,0,0,0,0,0
54314,20,bully,1855,1,0,0,20,0,280,0,1,20,52459,1855,0,21,0,0,0,LEADER,1,0,0,20,0,0,0,0,0,0,0,0,0,0,0
54946,41,bully,1567,1,0,0,20,0,280,0,1,41,53379,1567,0,21,0,0,0,LEADER,1,0,0,20,0,0,0,0,0,0,0,0,0,0,0
54935,47,bully,1556,1,0,0,20,0,280,0,1,47,53379,1556,0,21,0,0,0,LEADER,1,0,0,20,0,0,0,0,0,0,0,0,0,0,0
54760,95,bully,2301,1,0,0,20,0,280,0,1,95,52459,2301,0,21,0,0,0,LEADER,1,0,0,20,0,0,0,0,0,0,0,0,0,0,0
54624,98,bully,2165,1,0,0,20,0,280,0,1,98,52459,2165,0,21,0,0,0,LEADER,1,0,0,20,0,0,0,0,0,0,0,0,0,0,0
54808,73,bully,2349,1,0,0,20,0,280,0,1,73,52459,2349,0,21,0,0,0,LEADER,1,0,0,20,0,0,0,0,0,0,0,0,0,0,0
55131,33,bully,1752,1,0,0,20,0,280,0,1,33,53379,1752,0,21,0,0,0,LEADER,1,0,0,20,0,0,0,0,0,0,0,0,0,0,0
54354,61,bully,1895,1,0,0,20,0,280,0,1,61,52459,1895,0,21,0,0,0,LEADER,1,0,0,20,0,0,0,0,0,0,0,0,0,0,0
55101,97,bully,1722,1,0,0,20,0,280,0,1,97,53379,1722,0,21,0,0,0,LEADER,1,0,0,20,0,0,0,0,0,0,0,0,0,0,0
55289,29,bully,1910,1,0,0,20,0,280,0,1,29,53379,1910,0,21,0,0,0,LEADER,1,0,0,20,0,0,0,0,0,0,0,0,0,0,0
55301,40,bully,1922,1,0,0,20,0,280,0,1,40,53379,1922,0,21,0,0,0,LEADER,1,0,0,20,0,0,0,0,0,0,0,0,0,0,0
54790,31,bully,2331,1,0,0,20,0,280,0,1,31,52459,2331,0,21,0,0,0,LEADER,1,0,0,20,0,0,0,0,0,0,0,0,0,0,0
55122,96,bully,1744,1,0,0,20,0,280,0,1,96,53378,1744,0,21,0,0,0,LEADER,1,0,0,20,0,0,0,0,0,0,0,0,0,0,0
55204,84,bully,1825,1,0,0,20,0,280,0,1,84,53379,1825,0,21,0,0,0,LEADER,1,0,0,20,0,0,0,0,0,0,0,0,0,0,0
54898,80,bully,1519,1,0,0,20,0,280,0,1,80,53379,1519,0,21,0,0,0,LEADER,1,0,0,20,0,0,0,0,0,0,0,0,0,0,0
54742,53,bully,2283,1,0,0,20,0,280,0,1,53,52459,2283,0,21,0,0,0,LEADER,1,0,0,20,0,0,0,0,0,0,0,0,0,0,0
54817,92,bully,1438,1,0,0,20,0,280,0,1,92,53379,1438,0,21,0,0,0,LEADER,1,0,0,20,0,0,0,0,0,0,0,0,0,0,0
55253,62,bully,1874,1,0,0,20,0,280,0,1,62,53379,1874,0,21,0,0,0,LEADER,1,0,0,20,0,0,0,0,0,0,0,0,0,0,0
54997,91,bully,1619,1,0,0,20,0,280,0,1,91,53378,1619,0,21,0,0,0,LEADER,1,0,0,20,0,0,0,0,0,0,0,0,0,0,0
54950,15,bully,1571,1,0,0,20,0,280,0,1,15,53379,1571,0,21,0,0,0,LEADER,1,0,0,20,0,0,0,0,0,0,0,0,0,0,0
54620,26,bully,2161,1,0,0,20,0,280,0,1,26,52459,2161,0,21,0,0,0,LEADER,1,0,0,20,0,0,0,0,0,0,0,0,0,0,0
55356,49,bully,1977,1,0,0,20,0,280,0,1,49,53379,1977,0,21,0,0,0,LEADER,1,0,0,20,0,0,0,0,0,0,0,0,0,0,0
55171,58,bully,1792,1,0,0,20,0,280,0,1,58,53379,1792,0,21,0,0,0,LEADER,1,0,0,20,0,0,0,0,0,0,0,0,0,0,0
54705,86,bully,2246,1,0,0,20,0,280,0,1,86,52459,2246,0,21,0,0,0,LEADER,1,0,0,20,0,0,0,0,0,0,0,0,0,0,0
54878,50,bully,2419,1,0,0,20,0,280,0,1,50,52459,2419,0,21,0,0,0,LEADER,1,0,0,20,0,0,0,0,0,0,0,0,0,0,0
54730,85,bully,2268,1,0,0,20,0,280,0,1,85,52462,2268,0,21,0,0,0,LEADER,1,0,0,20,0,0,0,0,0,0,0,0,0,0,0
54669,87,bully,2212,1,0,0,20,0,280,0,1,87,52457,2212,0,21,0,0,0,LEADER,1,0,0,20,0,0,0,0,0,0,0,0,0,0,0
54875,64,bully,2416,1,0,0,20,0,280,0,1,64,52459,2416,0,21,0,0,0,LEADER,1,0,0,20,0,0,0,0,0,0,0,0,0,0,0
54813,18,bully,1434,1,0,0,20,0,280,0,1,18,53379,1434,0,21,0,0,0,LEADER,1,0,0,20,0,0,0,0,0,0,0,0,0,0,0
54723,11,bully,2264,1,0,0,20,0,280,0,1,11,52459,2264,0,21,0,0,0,LEADER,1,0,0,20,0,0,0,0,0,0,0,0,0,0,0
54932,90,bully,1553,1,0,0,20,0,280,0,1,90,53379,1553,0,21,0,0,0,LEADER,1,0,0,20,0,0,0,0,0,0,0,0,0,0,0
54826,35,bully,1447,1,0,0,20,0,280,0,1,35,53379,1447,0,21,0,0,0,LEADER,1,0,0,20,0,0,0,0,0,0,0,0,0,0,0
54708,43,bully,2249,1,0,0,20,0,280,0,1,43,52459,2249,0,21,0,0,0,LEADER,1,0,0,20,0,0,0,0,0,0,0,0,0,0,0
54846,28,bully,1467,1,0,0,20,0,280,0,1,28,53379,1467,0,21,0,0,0,LEADER,1,0,0,20,0,0,0,0,0,0,0,0,0,0,0
55520,23,bully,2141,1,0,0,20,0,280,0,1,23,53379,2141,0,21,0,0,0,LEADER,1,0,0,20,0,0,0,0,0,0,0,0,0,0,0
54686,44,bully,2228,1,0,0,20,0,280,0,1,44,52458,2228,0,21,0,0,0,LEADER,1,0,0,20,0,0,0,0,0,0,0,0,0,0,0
54840,30,bully,1461,1,0,0,20,0,280,0,1,30,53379,1461,0,21,0,0,0,LEADER,1,0,0,20,0,0,0,0,0,0,0,0,0,0,0
55238,94,bully,1859,1,0,0,20,0,280,0,1,94,53379,1859,0,21,0,0,0,LEADER,1,0,0,20,0,0,0,0,0,0,0,0,0,0,0
54880,38,bully,1501,1,0,0,20,0,280,0,1,38,53379,1501,0,21,0,0,0,LEADER,1,0,0,20,0,0,0,0,0,0,0,0,0,0,0
55559,66,bully,2180,1,0,0,20,0,280,0,1,66,53379,2180,0,21,0,0,0,LEADER,1,0,0,20,0,0,0,0,0,0,0,0,0,0,0
54865,70,bully,1486,1,0,0,20,0,280,0,1,70,53379,1486,0,21,0,0,0,LEADER,1,0,0,20,0,0,0,0,0,0,0,0,0,0,0
55510,88,bully,2131,1,0,0,20,0,280,0,1,88,53379,2131,0,21,0,0,0,LEADER,1,0,0,20,0,0,0,0,0,0,0,0,0,0,0
54694,75,bully,2235,1,0,0,20,0,280,0,1,75,52459,2235,0,21,0,0,0,LEADER,1,0,0,20,0,0,0,0,0,0,0,0,0,0,0
54702,12,bully,2243,1,0,0,20,0,280,0,1,12,52459,2243,0,21,0,0,0,LEADER,1,0,0,20,0,0,0,0,0,0,0,0,0,0,0
55404,27,bully,2025,1,0,0,20,0,280,0,1,27,53379,2025,0,21,0,0,0,LEADER,1,0,0,20,0,0,0,0,0,0,0,0,0,0,0
54893,42,bully,1514,1,0,0,20,0,280,0,1,42,53379,1514,0,21,0,0,0,LEADER,1,0,0,20,0,0,0,0,0,0,0,0,0,0,0
55540,24,bully,2161,1,0,0,20,0,280,0,1,24,53379,2161,0,21,0,0,0,LEADER,1,0,0,20,0,0,0,0,0,0,0,0,0,0,0
55492,46,bully,2113,1,0,0,20,0,280,0,1,46,53379,2113,0,21,0,0,0,LEADER,1,0,0,20,0,0,0,0,0,0,0,0,0,0,0
55016,34,bully,1637,1,0,0,20,0,280,0,1,34,53379,1637,0,21,0,0,0,LEADER,1,0,0,20,0,0,0,0,0,0,0,0,0,0,0
55389,59,bully,2010,1,0,0,20,0,280,0,1,59,53379,2010,0,21,0,0,0,LEADER,1,0,0,20,0,0,0,0,0,0,0,0,0,0,0
55671,32,bully,2292,1,0,0,20,0,280,0,1,32,53379,2292,0,21,0,0,0,LEADER,1,0,0,20,0,0,0,0,0,0,0,0,0,0,0
55286,72,bully,1907,1,0,0,20,0,280,0,1,72,53379,1907,0,21,0,0,0,LEADER,1,0,0,20,0,0,0,0,0,0,0,0,0,0,0
55695,63,bully,2316,1,0,0,20,0,280,0,1,63,53379,2316,0,21,0,0,0,LEADER,1,0,0,20,0,0,0,0,0,0,0,0,0,0,0
55171,74,bully,1792,1,0,0,20,0,280,0,1,74,53379,1792,0,21,0,0,0,LEADER,1,0,0,20,0,0,0,0,0,0,0,0,0,0,0
54913,48,bully,1534,1,0,0,20,0,280,0,1,48,53379,1534,0,21,0,0,0,LEADER,1,0,0,20,0,0,0,0,0,0,0,0,0,0,0
55374,57,bully,1995,1,0,0,20,0,280,0,1,57,53379,1995,0,21,0,0,0,LEADER,1,0,0,20,0,0,0,0,0,0,0,0,0,0,0
55444,68,bully,2065,1,0,0,20,0,280,0,1,68,53379,2065,0,21,0,0,0,LEADER,1,0,0,20,0,0,0,0,0,0,0,0,0,0,0
54845,45,bully,1466,1,0,0,20,0,280,0,1,45,53379,1466,0,21,0,0,0,LEADER,1,0,0,20,0,0,0,0,0,0,0,0,0,0,0
55202,93,bully,1823,1,0,0,20,0,280,0,1,93,53379,1823,0,21,0,0,0,LEADER,1,0,0,20,0,0,0,0,0,0,0,0,0,0,0
55101,4,bully,2115,1,0,0,9,19,126,266,2,4,52986,2115,0,6,0,0,0,LEADER,1,0,0,9,0,0,0,19,0,0,0,0,0,0,0
55783,82,bully,2404,1,0,0,20,0,280,0,1,82,53379,2404,0,21,0,0,0,LEADER,1,0,0,20,0,0,0,0,0,0,0,0,0,0,0
55777,51,bully,2398,1,0,0,20,0,280,0,1,51,53379,2398,0,21,0,0,0,LEADER,1,0,0,20,0,0,0,0,0,0,0,0,0,0,0
55322,39,bully,1943,1,0,0,20,0,280,0,1,39,53379,1943,0,21,0,0,0,LEADER,1,0,0,20,0,0,0,0,0,0,0,0,0,0,0
55068,78,bully,1689,1,0,0,20,0,280,0,1,78,53379,1689,0,21,0,0,0,LEADER,1,0,0,20,0,0,0,0,0,0,0,0,0,0,0
55456,79,bully,2077,1,0,0,20,0,280,0,1,79,53379,2077,0,21,0,0,0,LEADER,1,0,0,20,0,0,0,0,0,0,0,0,0,0,0
55031,14,bully,1652,1,0,0,20,0,280,0,1,14,53379,1652,0,21,0,0,0,LEADER,1,0,0,20,0,0,0,0,0,0,0,0,0,0,0
55458,36,bully,2080,1,0,0,20,0,280,0,1,36,53378,2080,0,21,0,0,0,LEADER,1,0,0,20,0,0,0,0,0,0,0,0,0,0,0
55341,81,bully,1962,1,0,0,20,0,280,0,1,81,53379,1962,0,21,0,0,0,LEADER,1,0,0,20,0,0,0,0,0,0,0,0,0,0,0
55001,67,bully,1622,1,0,0,20,0,280,0,1,67,53379,1622,0,21,0,0,0,LEADER,1,0,0,20,0,0,0,0,0,0,0,0,0,0,0
55762,83,bully,2383,1,0,0,20,0,280,0,1,83,53379,2383,0,21,0,0,0,LEADER,1,0,0,20,0,0,0,0,0,0,0,0,0,0,0
55906,99,bully,1607,1,0,0,20,0,280,0,1,99,54299,1607,0,21,0,0,0,LEADER,1,0,0,20,0,0,0,0,0,0,0,0,0,0,0
55083,55,bully,1704,1,0,0,20,0,280,0,1,55,53379,1704,0,21,0,0,0,LEADER,1,0,0,20,0,0,0,0,0,0,0,0,0,0,0
55873,89,bully,1574,1,0,0,20,0,280,0,1,89,54299,1574,0,21,0,0,0,LEADER,1,0,0,20,0,0,0,0,0,0,0,0,0,0,0
55035,77,bully,1656,1,0,0,20,0,280,0,1,77,53379,1656,0,21,0,0,0,LEADER,1,0,0,20,0,0,0,0,0,0,0,0,0,0,0
55307,71,bully,1928,1,0,0,20,0,280,0,1,71,53379,1928,0,21,0,0,0,LEADER,1,0,0,20,0,0,0,0,0,0,0,0,0,0,0
55219,52,bully,1840,1,0,0,20,0,280,0,1,52,53379,1840,0,21,0,0,0,LEADER,1,0,0,20,0,0,0,0,0,0,0,0,0,0,0
55590,76,bully,2213,1,0,0,20,0,280,0,1,76,53377,2213,0,21,0,0,0,LEADER,1,0,0,20,0,0,0,0,0,0,0,0,0,0,0
55186,10,bully,1807,1,0,0,20,0,280,0,1,10,53379,1807,0,21,0,0,0,LEADER,1,0,0,20,0,0,0,0,0,0,0,0,0,0,0
55119,22,bully,1740,1,0,0,20,0,280,0,1,22,53379,1740,0,21,0,0,0,LEADER,1,0,0,20,0,0,0,0,0,0,0,0,0,0,0
55267,21,bully,1889,1,0,0,20,0,280,0,1,21,53378,1889,0,21,0,0,0,LEADER,1,0,0,20,0,0,0,0,0,0,0,0,0,0,0
55525,56,bully,2146,1,0,0,20,0,280,0,1,56,53379,2146,0,21,0,0,0,LEADER,1,0,0,20,0,0,0,0,0,0,0,0,0,0,0
55050,60,bully,1671,1,0,0,20,0,280,0,1,60,53379,1671,0,21,0,0,0,LEADER,1,0,0,20,0,0,0,0,0,0,0,0,0,0,0
55903,25,bully,1604,1,0,0,20,0,280,0,1,25,54299,1604,0,21,0,0,0,LEADER,1,0,0,20,0,0,0,0,0,0,0,0,0,0,0
55116,65,bully,1737,1,0,0,20,0,280,0,1,65,53379,1737,0,21,0,0,0,LEADER,1,0,0,20,0,0,0,0,0,0,0,0,0,0,0
55792,19,bully,2413,1,0,0,20,0,280,0,1,19,53379,2413,0,21,0,0,0,LEADER,1,0,0,20,0,0,0,0,0,0,0,0,0,0,0
55422,69,bully,2043,1,0,0,20,0,280,0,1,69,53379,2043,0,21,0,0,0,LEADER,1,0,0,20,0,0,0,0,0,0,0,0,0,0,0
56024,54,bully,1725,1,0,0,20,0,280,0,1,54,54299,1725,0,21,0,0,0,LEADER,1,0,0,20,0,0,0,0,0,0,0,0,0,0,0
55371,17,bully,1992,1,0,0,20,0,280,0,1,17,53379,1992,0,21,0,0,0,LEADER,1,0,0,20,0,0,0,0,0,0,0,0,0,0,0
55885,100,bully,1586,1,0,0,20,0,280,0,1,100,54299,1586,0,21,0,0,0,LEADER,1,0,0,20,0,0,0,0,0,0,0,0,0,0,0
55848,16,bully,1549,1,0,0,20,0,280,0,1,16,54299,1549,0,21,0,0,0,LEADER,1,0,0,20,0,0,0,0,0,0,0,0,0,0,0
55437,37,bully,2058,1,0,0,20,0,280,0,1,37,53379,2058,0,21,0,0,0,LEADER,1,0,0,20,0,0,0,0,0,0,0,0,0,0,0
56073,13,bully,1774,1,0,0,20,0,280,0,1,13,54299,1774,0,21,0,0,0,LEADER,1,0,0,20,0,0,0,0,0,0,0,0,0,0,0
55234,20,bully,1855,1,0,0,20,0,280,0,1,20,53379,1855,0,21,0,0,0,LEADER,1,0,0,20,0,0,0,0,0,0,0,0,0,0,0
55866,41,bully,1567,1,0,0,20,0,280,0,1,41,54299,1567,0,21,0,0,0,LEADER,1,0,0,20,0,0,0,0,0,0,0,0,0,0,0
55855,47,bully,1556,1,0,0,20,0,280,0,1,47,54299,1556,0,21,0,0,0,LEADER,1,0,0,20,0,0,0,0,0,0,0,0,0,0,0
55680,95,bully,2301,1,0,0,20,0,280,0,1,95,53379,2301,0,21,0,0,0,LEADER,1,0,0,20,0,0,0,0,0,0,0,0,0,0,0
55544,98,bully,2165,1,0,0,20,0,280,0,1,98,53379,2165,0,21,0,0,0,LEADER,1,0,0,20,0,0,0,0,0,0,0,0,0,0,0
55728,73,bully,2349,1,0,0,20,0,280,0,1,73,53379,2349,0,21,0,0,0,LEADER,1,0,0,20,0,0,0,0,0,0,0,0,0,0,0
56051,33,bully,1752,1,0,0,20,0,280,0,1,33,54299,1752,0,21,0,0,0,LEADER,1,0,0,20,0,0,0,0,0,0,0,0,0,0,0
56021,97,bully,1722,1,0,0,20,0,280,0,1,97,54299,1722,0,21,0,0,0,LEADER,1,0,0,20,0,0,0,0,0,0,0,0,0,0,0
55274,61,bully,1895,1,0,0,20,0,280,0,1,61,53379,1895,0,21,0,0,0,LEADER,1,0,0,20,0,0,0,0,0,0,0,0,0,0,0
56209,29,bully,1910,1,0,0,20,0,280,0,1,29,54299,1910,0,21,0,0,0,LEADER,1,0,0,20,0,0,0,0,0,0,0,0,0,0,0
56221,40,bully,1922,1,0,0,20,0,280,0,1,40,54299,1922,0,21,0,0,0,LEADER,1,0,0,20,0,0,0,0,0,0,0,0,0,0,0
55710,31,bully,2331,1,0,0,20,0,280,0,1,31,53379,2331,0,21,0,0,0,LEADER,1,0,0,20,0,0,0,0,0,0,0,0,0,0,0
56042,96,bully,1744,1,0,0,20,0,280,0,1,96,54298,1744,0,21,0,0,0,LEADER,1,0,0,20,0,0,0,0,0,0,0,0,0,0,0
56124,84,bully,1825,1,0,0,20,0,280,0,1,84,54299,1825,0,21,0,0,0,LEADER,1,0,0,20,0,0,0,0,0,0,0,0,0,0,0
55818,80,bully,1519,1,0,0,20,0,280,0,1,80,54299,1519,0,21,0,0,0,LEADER,1,0,0,20,0,0,0,0,0,0,0,0,0,0,0
55662,53,bully,2283,1,0,0,20,0,280,0,1,53,53379,2283,0,21,0,0,0,LEADER,1,0,0,20,0,0,0,0,0,0,0,0,0,0,0
55737,92,bully,1438,1,0,0,20,0,280,0,1,92,54299,1438,0,21,0,0,0,LEADER,1,0,0,20,0,0,0,0,0,0,0,0,0,0,0
56173,62,bully,1874,1,0,0,20,0,280,0,1,62,54299,1874,0,21,0,0,0,LEADER,1,0,0,20,0,0,0,0,0,0,0,0,0,0,0
55917,91,bully,1619,1,0,0,20,0,280,0,1,91,54298,1619,0,21,0,0,0,LEADER,1,0,0,20,0,0,0,0,0,0,0,0,0,0,0
55870,15,bully,1571,1,0,0,20,0,280,0,1,15,54299,1571,0,21,0,0,0,LEADER,1,0,0,20,0,0,0,0,0,0,0,0,0,0,0
55540,26,bully,2161,1,0,0,20,0,280,0,1,26,53379,2161,0,21,0,0,0,LEADER,1,0,0,20,0,0,0,0,0,0,0,0,0,0,0
56276,49,bully,1977,1,0,0,20,0,280,0,1,49,54299,1977,0,21,0,0,0,LEADER,1,0,0,20,0,0,0,0,0,0,0,0,0,0,0
56091,58,bully,1792,1,0,0,20,0,280,0,1,58,54299,1792,0,21,0,0,0,LEADER,1,0,0,20,0,0,0,0,0,0,0,0,0,0,0
55625,86,bully,2246,1,0,0,20,0,280,0,1,86,53379,2246,0,21,0,0,0,LEADER,1,0,0,20,0,0,0,0,0,0,0,0,0,0,0
55798,50,bully,2419,1,0,0,20,0,280,0,1,50,53379,2419,0,21,0,0,0,LEADER,1,0,0,20,0,0,0,0,0,0,0,0,0,0,0
55650,85,bully,2268,1,0,0,20,0,280,0,1,85,53382,2268,0,21,0,0,0,LEADER,1,0,0,20,0,0,0,0,0,0,0,0,0,0,0
55589,87,bully,2212,1,0,0,20,0,280,0,1,87,53377,2212,0,21,0,0,0,LEADER,1,0,0,20,0,0,0,0,0,0,0,0,0,0,0
55795,64,bully,2416,1,0,0,20,0,280,0,1,64,53379,2416,0,21,0,0,0,LEADER,1,0,0,20,0,0,0,0,0,0,0,0,0,0,0
55733,18,bully,1434,1,0,0,20,0,280,0,1,18,54299,1434,0,21,0,0,0,LEADER,1,0,0,20,0,0,0,0,0,0,0,0,0,0,0
55643,11,bully,2264,1,0,0,20,0,280,0,1,11,53379,2264,0,21,0,0,0,LEADER,1,0,0,20,0,0,0,0,0,0,0,0,0,0,0
55852,90,bully,1553,1,0,0,20,0,280,0,1,90,54299,1553,0,21,0,0,0,LEADER,1,0,0,20,0,0,0,0,0,0,0,0,0,0,0
55746,35,bully,1447,1,0,0,20,0,280,0,1,35,54299,1447,0,21,0,0,0,LEADER,1,0,0,20,0,0,0,0,0,0,0,0,0,0,0
55628,43,bully,2249,1,0,0,20,0,280,0,1,43,53379,2249,0,21,0,0,0,LEADER,1,0,0,20,0,0,0,0,0,0,0,0,0,0,0
55766,28,bully,1467,1,0,0,20,0,280,0,1,28,54299,1467,0,21,0,0,0,LEADER,1,0,0,20,0,0,0,0,0,0,0,0,0,0,0
56440,23,bully,2141,1,0,0,20,0,280,0,1,23,54299,2141,0,21,0,0,0,LEADER,1,0,0,20,0,0,0,0,0,0,0,0,0,0,0
55606,44,bully,2228,1,0,0,20,0,280,0,1,44,53378,2228,0,21,0,0,0,LEADER,1,0,0,20,0,0,0,0,0,0,0,0,0,0,0
55935,9,bully,2514,1,0,0,7,9,98,126,2,7,53421,2514,0,3,0,0,0,NORMAL,0,0,0,7,0,0,0,9,0,0,0,0,0,0,0
55760,30,bully,1461,1,0,0,20,0,280,0,1,30,54299,1461,0,21,0,0,0,LEADER,1,0,0,20,0,0,0,0,0,0,0,0,0,0,0
56158,94,bully,1859,1,0,0,20,0,280,0,1,94,54299,1859,0,21,0,0,0,LEADER,1,0,0,20,0,0,0,0,0,0,0,0,0,0,0
55800,38,bully,1501,1,0,0,20,0,280,0,1,38,54299,1501,0,21,0,0,0,LEADER,1,0,0,20,0,0,0,0,0,0,0,0,0,0,0
56479,66,bully,2180,1,0,0,20,0,280,0,1,66,54299,2180,0,21,0,0,0,LEADER,1,0,0,20,0,0,0,0,0,0,0,0,0,0,0
55785,70,bully,1486,1,0,0,20,0,280,0,1,70,54299,1486,0,21,0,0,0,LEADER,1,0,0,20,0,0,0,0,0,0,0,0,0,0,0
56430,88,bully,2131,1,0,0,20,0,280,0,1,88,54299,2131,0,21,0,0,0,LEADER,1,0,0,20,0,0,0,0,0,0,0,0,0,0,0
55614,75,bully,2235,1,0,0,20,0,280,0,1,75,53379,2235,0,21,0,0,0,LEADER,1,0,0,20,0,0,0,0,0,0,0,0,0,0,0
55622,12,bully,2243,1,0,0,20,0,280,0,1,12,53379,2243,0,21,0,0,0,LEADER,1,0,0,20,0,0,0,0,0,0,0,0,0,0,0
56324,27,bully,2025,1,0,0,20,0,280,0,1,27,54299,2025,0,21,0,0,0,LEADER,1,0,0,20,0,0,0,0,0,0,0,0,0,0,0
55813,42,bully,1514,1,0,0,20,0,280,0,1,42,54299,1514,0,21,0,0,0,LEADER,1,0,0,20,0,0,0,0,0,0,0,0,0,0,0
56460,24,bully,2161,1,0,0,20,0,280,0,1,24,54299,2161,0,21,0,0,0,LEADER,1,0,0,20,0,0,0,0,0,0,0,0,0,0,0
56412,46,bully,2113,1,0,0,20,0,280,0,1,46,54299,2113,0,21,0,0,0,LEADER,1,0,0,20,0,0,0,0,0,0,0,0,0,0,0
55936,34,bully,1637,1,0,0,20,0,280,0,1,34,54299,1637,0,21,0,0,0,LEADER,1,0,0,20,0,0,0,0,0,0,0,0,0,0,0
56309,59,bully,2010,1,0,0,20,0,280,0,1,59,54299,2010,0,21,0,0,0,LEADER,1,0,0,20,0,0,0,0,0,0,0,0,0,0,0
56591,32,bully,2292,1,0,0,20,0,280,0,1,32,54299,2292,0,21,0,0,0,LEADER,1,0,0,20,0,0,0,0,0,0,0,0,0,0,0
56206,72,bully,1907,1,0,0,20,0,280,0,1,72,54299,1907,0,21,0,0,0,LEADER,1,0,0,20,0,0,0,0,0,0,0,0,0,0,0
56615,63,bully,2316,1,0,0,20,0,280,0,1,63,54299,2316,0,21,0,0,0,LEADER,1,0,0,20,0,0,0,0,0,0,0,0,0,0,0
56091,74,bully,1792,1,0,0,20,0,280,0,1,74,54299,1792,0,21,0,0,0,LEADER,1,0,0,20,0,0,0,0,0,0,0,0,0,0,0
55833,48,bully,1534,1,0,0,20,0,280,0,1,48,54299,1534,0,21,0,0,0,LEADER,1,0,0,20,0,0,0,0,0,0,0,0,0,0,0
56294,57,bully,1995,1,0,0,20,0,280,0,1,57,54299,1995,0,21,0,0,0,LEADER,1,0,0,20,0,0,0,0,0,0,0,0,0,0,0
56364,68,bully,2065,1,0,0,20,0,280,0,1,68,54299,2065,0,21,0,0,0,LEADER,1,0,0,20,0,0,0,0,0,0,0,0,0,0,0
55765,45,bully,1466,1,0,0,20,0,280,0,1,45,54299,1466,0,21,0,0,0,LEADER,1,0,0,20,0,0,0,0,0,0,0,0,0,0,0
56122,93,bully,1823,1,0,0,20,0,280,0,1,93,54299,1823,0,21,0,0,0,LEADER,1,0,0,20,0,0,0,0,0,0,0,0,0,0,0
56703,82,bully,2404,1,0,0,20,0,280,0,1,82,54299,2404,0,21,0,0,0,LEADER,1,0,0,20,0,0,0,0,0,0,0,0,0,0,0
56697,51,bully,2398,1,0,0,20,0,280,0,1,51,54299,2398,0,21,0,0,0,LEADER,1,0,0,20,0,0,0,0,0,0,0,0,0,0,0
56242,39,bully,1943,1,0,0,20,0,280,0,1,39,54299,1943,0,21,0,0,0,LEADER,1,0,0,20,0,0,0,0,0,0,0,0,0,0,0
55988,78,bully,1689,1,0,0,20,0,280,0,1,78,54299,1689,0,21,0,0,0,LEADER,1,0,0,20,0,0,0,0,0,0,0,0,0,0,0
56376,79,bully,2077,1,0,0,20,0,280,0,1,79,54299,2077,0,21,0,0,0,LEADER,1,0,0,20,0,0,0,0,0,0,0,0,0,0,0
55951,14,bully,1652,1,0,0,20,0,280,0,1,14,54299,1652,0,21,0,0,0,LEADER,1,0,0,20,0,0,0,0,0,0,0,0,0,0,0
56378,36,bully,2080,1,0,0,20,0,280,0,1,36,54298,2080,0,21,0,0,0,LEADER,1,0,0,20,0,0,0,0,0,0,0,0,0,0,0
56261,81,bully,1962,1,0,0,20,0,280,0,1,81,54299,1962,0,21,0,0,0,LEADER,1,0,0,20,0,0,0,0,0,0,0,0,0,0,0
55921,67,bully,1622,1,0,0,20,0,280,0,1,67,54299,1622,0,21,0,0,0,LEADER,1,0,0,20,0,0,0,0,0,0,0,0,0,0,0
56682,83,bully,2383,1,0,0,20,0,280,0,1,83,54299,2383,0,21,0,0,0,LEADER,1,0,0,20,0,0,0,0,0,0,0,0,0,0,0
56827,99,bully,1607,1,0,0,21,0,294,0,1,99,55220,1607,0,22,0,0,0,LEADER,1,0,0,21,0,0,0,0,0,0,0,0,0,0,0
56003,55,bully,1704,1,0,0,20,0,280,0,1,55,54299,1704,0,21,0,0,0,LEADER,1,0,0,20,0,0,0,0,0,0,0,0,0,0,0
56794,89,bully,1574,1,0,0,21,0,294,0,1,89,55220,1574,0,22,0,0,0,LEADER,1,0,0,21,0,0,0,0,0,0,0,0,0,0,0
55955,77,bully,1656,1,0,0,20,0,280,0,1,77,54299,1656,0,21,0,0,0,LEADER,1,0,0,20,0,0,0,0,0,0,0,0,0,0,0
56227,71,bully,1928,1,0,0,20,0,280,0,1,71,54299,1928,0,21,0,0,0,LEADER,1,0,0,20,0,0,0,0,0,0,0,0,0,0,0
56139,52,bully,1840,1,0,0,20,0,280,0,1,52,54299,1840,0,21,0,0,0,LEADER,1,0,0,20,0,0,0,0,0,0,0,0,0,0,0
56510,76,bully,2213,1,0,0,20,0,280,0,1,76,54297,2213,0,21,0,0,0,LEADER,1,0,0,20,0,0,0,0,0,0,0,0,0,0,0
56106,10,bully,1807,1,0,0,20,0,280,0,1,10,54299,1807,0,21,0,0,0,LEADER,1,0,0,20,0,0,0,0,0,0,0,0,0,0,0
56039,22,bully,1740,1,0,0,20,0,280,0,1,22,54299,1740,0,21,0,0,0,LEADER,1,0,0,20,0,0,0,0,0,0,0,0,0,0,0
56187,21,bully,1889,1,0,0,20,0,280,0,1,21,54298,1889,0,21,0,0,0,LEADER,1,0,0,20,0,0,0,0,0,0,0,0,0,0,0
56445,56,bully,2146,1,0,0,20,0,280,0,1,56,54299,2146,0,21,0,0,0,LEADER,1,0,0,20,0,0,0,0,0,0,0,0,0,0,0
55970,60,bully,1671,1,0,0,20,0,280,0,1,60,54299,1671,0,21,0,0,0,LEADER,1,0,0,20,0,0,0,0,0,0,0,0,0,0,0
56824,25,bully,1604,1,0,0,21,0,294,0,1,25,55220,1604,0,22,0,0,0,LEADER,1,0,0,21,0,0,0,0,0,0,0,0,0,0,0
56036,65,bully,1737,1,0,0,20,0,280,0,1,65,54299,1737,0,21,0,0,0,LEADER,1,0,0,20,0,0,0,0,0,0,0,0,0,0,0
56712,19,bully,2413,1,0,0,20,0,280,0,1,19,54299,2413,0,21,0,0,0,LEADER,1,0,0,20,0,0,0,0,0,0,0,0,0,0,0
56342,69,bully,2043,1,0,0,20,0,280,0,1,69,54299,2043,0,21,0,0,0,LEADER,1,0,0,20,0,0,0,0,0,0,0,0,0,0,0
56945,54,bully,1725,1,0,0,21,0,294,0,1,54,55220,1725,0,22,0,0,0,LEADER,1,0,0,21,0,0,0,0,0,0,0,0,0,0,0
56291,17,bully,1992,1,0,0,20,0,280,0,1,17,54299,1992,0,21,0,0,0,LEADER,1,0,0,20,0,0,0,0,0,0,0,0,0,0,0
56806,100,bully,1586,1,0,0,21,0,294,0,1,100,55220,1586,0,22,0,0,0,LEADER,1,0,0,21,0,0,0,0,0,0,0,0,0,0,0
56769,16,bully,1549,1,0,0,21,0,294,0,1,16,55220,1549,0,22,0,0,0,LEADER,1,0,0,21,0,0,0,0,0,0,0,0,0,0,0
56357,37,bully,2058,1,0,0,20,0,280,0,1,37,54299,2058,0,21,0,0,0,LEADER,1,0,0,20,0,0,0,0,0,0,0,0,0,0,0
56994,13,bully,1774,1,0,0,21,0,294,0,1,13,55220,1774,0,22,0,0,0,LEADER,1,0,0,21,0,0,0,0,0,0,0,0,0,0,0
56154,20,bully,1855,1,0,0,20,0,280,0,1,20,54299,1855,0,21,0,0,0,LEADER,1,0,0,20,0,0,0,0,0,0,0,0,0,0,0
56787,41,bully,1567,1,0,0,21,0,294,0,1,41,55220,1567,0,22,0,0,0,LEADER,1,0,0,21,0,0,0,0,0,0,0,0,0,0,0
56776,47,bully,1556,1,0,0,21,0,294,0,1,47,55220,1556,0,22,0,0,0,LEADER,1,0,0,21,0,0,0,0,0,0,0,0,0,0,0
56600,95,bully,2301,1,0,0,20,0,280,0,1,95,54299,2301,0,21,0,0,0,LEADER,1,0,0,20,0,0,0,0,0,0,0,0,0,0,0
56439,7,bully,2253,1,0,0,10,16,140,224,4,5,54186,2253,0,5,0,0,0,NORMAL,0,0,0,10,0,0,0,16,0,0,0,0,0,0,0
56464,98,bully,2165,1,0,0,20,0,280,0,1,98,54299,2165,0,21,0,0,0,LEADER,1,0,0,20,0,0,0,0,0,0,0,0,0,0,0
56648,73,bully,2349,1,0,0,20,0,280,0,1,73,54299,2349,0,21,0,0,0,LEADER,1,0,0,20,0,0,0,0,0,0,0,0,0,0,0
56194,61,bully,1895,1,0,0,20,0,280,0,1,61,54299,1895,0,21,0,0,0,LEADER,1,0,0,20,0,0,0,0,0,0,0,0,0,0,0
56942,97,bully,1722,1,0,0,21,0,294,0,1,97,55220,1722,0,22,0,0,0,LEADER,1,0,0,21,0,0,0,0,0,0,0,0,0,0,0
56972,33,bully,1752,1,0,0,21,0,294,0,1,33,55220,1752,0,22,0,0,0,LEADER,1,0,0,21,0,0,0,0,0,0,0,0,0,0,0
56630,31,bully,2331,1,0,0,20,0,280,0,1,31,54299,2331,0,21,0,0,0,LEADER,1,0,0,20,0,0,0,0,0,0,0,0,0,0,0
57130,29,bully,1910,1,0,0,21,0,294,0,1,29,55220,1910,0,22,0,0,0,LEADER,1,0,0,21,0,0,0,0,0,0,0,0,0,0,0
57142,40,bully,1922,1,0,0,21,0,294,0,1,40,55220,1922,0,22,0,0,0,LEADER,1,0,0,21,0,0,0,0,0,0,0,0,0,0,0
56963,96,bully,1744,1,0,0,21,0,294,0,1,96,55219,1744,0,22,0,0,0,LEADER,1,0,0,21,0,0,0,0,0,0,0,0,0,0,0
57045,84,bully,1825,1,0,0,21,0,294,0,1,84,55220,1825,0,22,0,0,0,LEADER,1,0,0,21,0,0,0,0,0,0,0,0,0,0,0
56739,80,bully,1519,1,0,0,21,0,294,0,1,80,55220,1519,0,22,0,0,0,LEADER,1,0,0,21,0,0,0,0,0,0,0,0,0,0,0
56582,53,bully,2283,1,0,0,20,0,280,0,1,53,54299,2283,0,21,0,0,0,LEADER,1,0,0,20,0,0,0,0,0,0,0,0,0,0,0
56658,92,bully,1438,1,0,0,21,0,294,0,1,92,55220,1438,0,22,0,0,0,LEADER,1,0,0,21,0,0,0,0,0,0,0,0,0,0,0
57094,62,bully,1874,1,0,0,21,0,294,0,1,62,55220,1874,0,22,0,0,0,LEADER,1,0,0,21,0,0,0,0,0,0,0,0,0,0,0
56838,91,bully,1619,1,0,0,21,0,294,0,1,91,55219,1619,0,22,0,0,0,LEADER,1,0,0,21,0,0,0,0,0,0,0,0,0,0,0
56791,15,bully,1571,1,0,0,21,0,294,0,1,15,55220,1571,0,22,0,0,0,LEADER,1,0,0,21,0,0,0,0,0,0,0,0,0,0,0
56460,26,bully,2161,1,0,0,20,0,280,0,1,26,54299,2161,0,21,0,0,0,LEADER,1,0,0,20,0,0,0,0,0,0,0,0,0,0,0
57197,49,bully,1977,1,0,0,21,0,294,0,1,49,55220,1977,0,22,0,0,0,LEADER,1,0,0,21,0,0,0,0,0,0,0,0,0,0,0
57012,58,bully,1792,1,0,0,21,0,294,0,1,58,55220,1792,0,22,0,0,0,LEADER,1,0,0,21,0,0,0,0,0,0,0,0,0,0,0
56545,86,bully,2246,1,0,0,20,0,280,0,1,86,54299,2246,0,21,0,0,0,LEADER,1,0,0,20,0,0,0,0,0,0,0,0,0,0,0
56718,50,bully,2419,1,0,0,20,0,280,0,1,50,54299,2419,0,21,0,0,0,LEADER,1,0,0,20,0,0,0,0,0,0,0,0,0,0,0
56570,85,bully,2268,1,0,0,20,0,280,0,1,85,54302,2268,0,21,0,0,0,LEADER,1,0,0,20,0,0,0,0,0,0,0,0,0,0,0
56509,87,bully,2212,1,0,0,20,0,280,0,1,87,54297,2212,0,21,0,0,0,LEADER,1,0,0,20,0,0,0,0,0,0,0,0,0,0,0
56715,64,bully,2416,1,0,0,20,0,280,0,1,64,54299,2416,0,21,0,0,0,LEADER,1,0,0,20,0,0,0,0,0,0,0,0,0,0,0
56563,11,bully,2264,1,0,0,20,0,280,0,1,11,54299,2264,0,21,0,0,0,LEADER,1,0,0,20,0,0,0,0,0,0,0,0,0,0,0
56654,18,bully,1434,1,0,0,21,0,294,0,1,18,55220,1434,0,22,0,0,0,LEADER,1,0,0,21,0,0,0,0,0,0,0,0,0,0,0
56773,90,bully,1553,1,0,0,21,0,294,0,1,90,55220,1553,0,22,0,0,0,LEADER,1,0,0,21,0,0,0,0,0,0,0,0,0,0,0
56667,35,bully,1447,1,0,0,21,0,294,0,1,35,55220,1447,0,22,0,0,0,LEADER,1,0,0,21,0,0,0,0,0,0,0,0,0,0,0
56548,43,bully,2249,1,0,0,20,0,280,0,1,43,54299,2249,0,21,0,0,0,LEADER,1,0,0,20,0,0,0,0,0,0,0,0,0,0,0
56687,28,bully,1467,1,0,0,21,0,294,0,1,28,55220,1467,0,22,0,0,0,LEADER,1,0,0,21,0,0,0,0,0,0,0,0,0,0,0
56526,44,bully,2228,1,0,0,20,0,280,0,1,44,54298,2228,0,21,0,0,0,LEADER,1,0,0,20,0,0,0,0,0,0,0,0,0,0,0
57361,23,bully,2141,1,0,0,21,0,294,0,1,23,55220,2141,0,22,0,0,0,LEADER,1,0,0,21,0,0,0,0,0,0,0,0,0,0,0
56681,30,bully,1461,1,0,0,21,0,294,0,1,30,55220,1461,0,22,0,0,0,LEADER,1,0,0,21,0,0,0,0,0,0,0,0,0,0,0
57079,94,bully,1859,1,0,0,21,0,294,0,1,94,55220,1859,0,22,0,0,0,LEADER,1,0,0,21,0,0,0,0,0,0,0,0,0,0,0
56884,8,bully,2467,1,0,0,10,17,140,238,3,5,54417,2467,0,5,0,0,0,NORMAL,0,0,0,10,0,0,0,17,0,0,0,0,0,0,0
56721,38,bully,1501,1,0,0,21,0,294,0,1,38,55220,1501,0,22,0,0,0,LEADER,1,0,0,21,0,0,0,0,0,0,0,0,0,0,0
57400,66,bully,2180,1,0,0,21,0,294,0,1,66,55220,2180,0,22,0,0,0,LEADER,1,0,0,21,0,0,0,0,0,0,0,0,0,0,0
56706,70,bully,1486,1,0,0,21,0,294,0,1,70,55220,1486,0,22,0,0,0,LEADER,1,0,0,21,0,0,0,0,0,0,0,0,0,0,0
57351,88,bully,2131,1,0,0,21,0,294,0,1,88,55220,2131,0,22,0,0,0,LEADER,1,0,0,21,0,0,0,0,0,0,0,0,0,0,0
56534,75,bully,2235,1,0,0,20,0,280,0,1,75,54299,2235,0,21,0,0,0,LEADER,1,0,0,20,0,0,0,0,0,0,0,0,0,0,0
56542,12,bully,2243,1,0,0,20,0,280,0,1,12,54299,2243,0,21,0,0,0,LEADER,1,0,0,20,0,0,0,0,0,0,0,0,0,0,0
57245,27,bully,2025,1,0,0,21,0,294,0,1,27,55220,2025,0,22,0,0,0,LEADER,1,0,0,21,0,0,0,0,0,0,0,0,0,0,0
56734,42,bully,1514,1,0,0,21,0,294,0,1,42,55220,1514,0,22,0,0,0,LEADER,1,0,0,21,0,0,0,0,0,0,0,0,0,0,0
57381,24,bully,2161,1,0,0,21,0,294,0,1,24,55220,2161,0,22,0,0,0,LEADER,1,0,0,21,0,0,0,0,0,0,0,0,0,0,0
57333,46,bully,2113,1,0,0,21,0,294,0,1,46,55220,2113,0,22,0,0,0,LEADER,1,0,0,21,0,0,0,0,0,0,0,0,0,0,0
56857,34,bully,1637,1,0,0,21,0,294,0,1,34,55220,1637,0,22,0,0,0,LEADER,1,0,0,21,0,0,0,0,0,0,0,0,0,0,0
57230,59,bully,2010,1,0,0,21,0,294,0,1,59,55220,2010,0,22,0,0,0,LEADER,1,0,0,21,0,0,0,0,0,0,0,0,0,0,0
57512,32,bully,2292,1,0,0,21,0,294,0,1,32,55220,2292,0,22,0,0,0,LEADER,1,0,0,21,0,0,0,0,0,0,0,0,0,0,0
57127,72,bully,1907,1,0,0,21,0,294,0,1,72,55220,1907,0,22,0,0,0,LEADER,1,0,0,21,0,0,0,0,0,0,0,0,0,0,0
57536,63,bully,2316,1,0,0,21,0,294,0,1,63,55220,2316,0,22,0,0,0,LEADER,1,0,0,21,0,0,0,0,0,0,0,0,0,0,0
57012,74,bully,1792,1,0,0,21,0,294,0,1,74,55220,1792,0,22,0,0,0,LEADER,1,0,0,21,0,0,0,0,0,0,0,0,0,0,0
56754,48,bully,1534,1,0,0,21,0,294,0,1,48,55220,1534,0,22,0,0,0,LEADER,1,0,0,21,0,0,0,0,0,0,0,0,0,0,0
57215,57,bully,1995,1,0,0,21,0,294,0,1,57,55220,1995,0,22,0,0,0,LEADER,1,0,0,21,0,0,0,0,0,0,0,0,0,0,0
57285,68,bully,2065,1,0,0,21,0,294,0,1,68,55220,2065,0,22,0,0,0,LEADER,1,0,0,21,0,0,0,0,0,0,0,0,0,0,0
56686,45,bully,1466,1,0,0,21,0,294,0,1,45,55220,1466,0,22,0,0,0,LEADER,1,0,0,21,0,0,0,0,0,0,0,0,0,0,0
57043,93,bully,1823,1,0,0,21,0,294,0,1,93,55220,1823,0,22,0,0,0,LEADER,1,0,0,21,0,0,0,0,0,0,0,0,0,0,0
57624,82,bully,2404,1,0,0,21,0,294,0,1,82,55220,2404,0,22,0,0,0,LEADER,1,0,0,21,0,0,0,0,0,0,0,0,0,0,0
57618,51,bully,2398,1,0,0,21,0,294,0,1,51,55220,2398,0,22,0,0,0,LEADER,1,0,0,21,0,0,0,0,0,0,0,0,0,0,0
57163,39,bully,1943,1,0,0,21,0,294,0,1,39,55220,1943,0,22,0,0,0,LEADER,1,0,0,21,0,0,0,0,0,0,0,0,0,0,0
56909,78,bully,1689,1,0,0,21,0,294,0,1,78,55220,1689,0,22,0,0,0,LEADER,1,0,0,21,0,0,0,0,0,0,0,0,0,0,0
57297,79,bully,2077,1,0,0,21,0,294,0,1,79,55220,2077,0,22,0,0,0,LEADER,1,0,0,21,0,0,0,0,0,0,0,0,0,0,0
56872,14,bully,1652,1,0,0,21,0,294,0,1,14,55220,1652,0,22,0,0,0,LEADER,1,0,0,21,0,0,0,0,0,0,0,0,0,0,0
57299,36,bully,2080,1,0,0,21,0,294,0,1,36,55219,2080,0,22,0,0,0,LEADER,1,0,0,21,0,0,0,0,0,0,0,0,0,0,0
57182,81,bully,1962,1,0,0,21,0,294,0,1,81,55220,1962,0,22,0,0,0,LEADER,1,0,0,21,0,0,0,0,0,0,0,0,0,0,0
56842,67,bully,1622,1,0,0,21,0,294,0,1,67,55220,1622,0,22,0,0,0,LEADER,1,0,0,21,0,0,0,0,0,0,0,0,0,0,0
57603,83,bully,2383,1,0,0,21,0,294,0,1,83,55220,2383,0,22,0,0,0,LEADER,1,0,0,21,0,0,0,0,0,0,0,0,0,0,0
57747,99,bully,1607,1,0,0,21,0,294,0,1,99,56140,1607,0,22,0,0,0,LEADER,1,0,0,21,0,0,0,0,0,0,0,0,0,0,0
56924,55,bully,1704,1,0,0,21,0,294,0,1,55,55220,1704,0,22,0,0,0,LEADER,1,0,0,21,0,0,0,0,0,0,0,0,0,0,0
57714,89,bully,1574,1,0,0,21,0,294,0,1,89,56140,1574,0,22,0,0,0,LEADER,1,0,0,21,0,0,0,0,0,0,0,0,0,0,0
56876,77,bully,1656,1,0,0,21,0,294,0,1,77,55220,1656,0,22,0,0,0,LEADER,1,0,0,21,0,0,0,0,0,0,0,0,0,0,0
57148,71,bully,1928,1,0,0,21,0,294,0,1,71,55220,1928,0,22,0,0,0,LEADER,1,0,0,21,0,0,0,0,0,0,0,0,0,0,0
57060,52,bully,1840,1,0,0,21,0,294,0,1,52,55220,1840,0,22,0,0,0,LEADER,1,0,0,21,0,0,0,0,0,0,0,0,0,0,0
57431,76,bully,2213,1,0,0,21,0,294,0,1,76,55218,2213,0,22,0,0,0,LEADER,1,0,0,21,0,0,0,0,0,0,0,0,0,0,0
57027,10,bully,1807,1,0,0,21,0,294,0,1,10,55220,1807,0,22,0,0,0,LEADER,1,0,0,21,0,0,0,0,0,0,0,0,0,0,0
56960,22,bully,1740,1,0,0,21,0,294,0,1,22,55220,1740,0,22,0,0,0,LEADER,1,0,0,21,0,0,0,0,0,0,0,0,0,0,0
57108,21,bully,1889,1,0,0,21,0,294,0,1,21,55219,1889,0,22,0,0,0,LEADER,1,0,0,21,0,0,0,0,0,0,0,0,0,0,0
57366,56,bully,2146,1,0,0,21,0,294,0,1,56,55220,2146,0,22,0,0,0,LEADER,1,0,0,21,0,0,0,0,0,0,0,0,0,0,0
56891,60,bully,1671,1,0,0,21,0,294,0,1,60,55220,1671,0,22,0,0,0,LEADER,1,0,0,21,0,0,0,0,0,0,0,0,0,0,0
57744,25,bully,1604,1,0,0,21,0,294,0,1,25,56140,1604,0,22,0,0,0,LEADER,1,0,0,21,0,0,0,0,0,0,0,0,0,0,0
56957,65,bully,1737,1,0,0,21,0,294,0,1,65,55220,1737,0,22,0,0,0,LEADER,1,0,0,21,0,0,0,0,0,0,0,0,0,0,0
57633,19,bully,2413,1,0,0,21,0,294,0,1,19,55220,2413,0,22,0,0,0,LEADER,1,0,0,21,0,0,0,0,0,0,0,0,0,0,0
57263,69,bully,2043,1,0,0,21,0,294,0,1,69,55220,2043,0,22,0,0,0,LEADER,1,0,0,21,0,0,0,0,0,0,0,0,0,0,0
57865,54,bully,1725,1,0,0,21,0,294,0,1,54,56140,1725,0,22,0,0,0,LEADER,1,0,0,21,0,0,0,0,0,0,0,0,0,0,0
57212,17,bully,1992,1,0,0,21,0,294,0,1,17,55220,1992,0,22,0,0,0,LEADER,1,0,0,21,0,0,0,0,0,0,0,0,0,0,0
57726,100,bully,1586,1,0,0,21,0,294,0,1,100,56140,1586,0,22,0,0,0,LEADER,1,0,0,21,0,0,0,0,0,0,0,0,0,0,0
57689,16,bully,1549,1,0,0,21,0,294,0,1,16,56140,1549,0,22,0,0,0,LEADER,1,0,0,21,0,0,0,0,0,0,0,0,0,0,0
57278,37,bully,2058,1,0,0,21,0,294,0,1,37,55220,2058,0,22,0,0,0,LEADER,1,0,0,21,0,0,0,0,0,0,0,0,0,0,0
57914,13,bully,1774,1,0,0,21,0,294,0,1,13,56140,1774,0,22,0,0,0,LEADER,1,0,0,21,0,0,0,0,0,0,0,0,0,0,0
57075,20,bully,1855,1,0,0,21,0,294,0,1,20,55220,1855,0,22,0,0,0,LEADER,1,0,0,21,0,0,0,0,0,0,0,0,0,0,0
57707,41,bully,1567,1,0,0,21,0,294,0,1,41,56140,1567,0,22,0,0,0,LEADER,1,0,0,21,0,0,0,0,0,0,0,0,0,0,0
57696,47,bully,1556,1,0,0,21,0,294,0,1,47,56140,1556,0,22,0,0,0,LEADER,1,0,0,21,0,0,0,0,0,0,0,0,0,0,0
57522,95,bully,2301,1,0,0,21,0,294,0,1,95,55221,2301,0,22,0,0,0,LEADER,1,0,0,21,0,0,0,0,0,0,0,0,0,0,0
57385,98,bully,2165,1,0,0,21,0,294,0,1,98,55220,2165,0,22,0,0,0,LEADER,1,0,0,21,0,0,0,0,0,0,0,0,0,0,0
57569,73,bully,2349,1,0,0,21,0,294,0,1,73,55220,2349,0,22,0,0,0,LEADER,1,0,0,21,0,0,0,0,0,0,0,0,0,0,0
57115,61,bully,1895,1,0,0,21,0,294,0,1,61,55220,1895,0,22,0,0,0,LEADER,1,0,0,21,0,0,0,0,0,0,0,0,0,0,0
57862,97,bully,1722,1,0,0,21,0,294,0,1,97,56140,1722,0,22,0,0,0,LEADER,1,0,0,21,0,0,0,0,0,0,0,0,0,0,0
57892,33,bully,1752,1,0,0,21,0,294,0,1,33,56140,1752,0,22,0,0,0,LEADER,1,0,0,21,0,0,0,0,0,0,0,0,0,0,0
58050,29,bully,1910,1,0,0,21,0,294,0,1,29,56140,1910,0,22,0,0,0,LEADER,1,0,0,21,0,0,0,0,0,0,0,0,0,0,0
58062,40,bully,1922,1,0,0,21,0,294,0,1,40,56140,1922,0,22,0,0,0,LEADER,1,0,0,21,0,0,0,0,0,0,0,0,0,0,0
57551,31,bully,2331,1,0,0,21,0,294,0,1,31,55220,2331,0,22,0,0,0,LEADER,1,0,0,21,0,0,0,0,0,0,0,0,0,0,0
57883,96,bully,1744,1,0,0,21,0,294,0,1,96,56139,1744,0,22,0,0,0,LEADER,1,0,0,21,0,0,0,0,0,0,0,0,0,0,0
57965,84,bully,1825,1,0,0,21,0,294,0,1,84,56140,1825,0,22,0,0,0,LEADER,1,0,0,21,0,0,0,0,0,0,0,0,0,0,0
57659,80,bully,1519,1,0,0,21,0,294,0,1,80,56140,1519,0,22,0,0,0,LEADER,1,0,0,21,0,0,0,0,0,0,0,0,0,0,0
57503,53,bully,2283,1,0,0,21,0,294,0,1,53,55220,2283,0,22,0,0,0,LEADER,1,0,0,21,0,0,0,0,0,0,0,0,0,0,0
57578,92,bully,1438,1,0,0,21,0,294,0,1,92,56140,1438,0,22,0,0,0,LEADER,1,0,0,21,0,0,0,0,0,0,0,0,0,0,0
58014,62,bully,1874,1,0,0,21,0,294,0,1,62,56140,1874,0,22,0,0,0,LEADER,1,0,0,21,0,0,0,0,0,0,0,0,0,0,0
57758,91,bully,1619,1,0,0,21,0,294,0,1,91,56139,1619,0,22,0,0,0,LEADER,1,0,0,21,0,0,0,0,0,0,0,0,0,0,0
57711,15,bully,1571,1,0,0,21,0,294,0,1,15,56140,1571,0,22,0,0,0,LEADER,1,0,0,21,0,0,0,0,0,0,0,0,0,0,0
57381,26,bully,2161,1,0,0,21,0,294,0,1,26,55220,2161,0,22,0,0,0,LEADER,1,0,0,21,0,0,0,0,0,0,0,0,0,0,0
58117,49,bully,1977,1,0,0,21,0,294,0,1,49,56140,1977,0,22,0,0,0,LEADER,1,0,0,21,0,0,0,0,0,0,0,0,0,0,0
57932,58,bully,1792,1,0,0,21,0,294,0,1,58,56140,1792,0,22,0,0,0,LEADER,1,0,0,21,0,0,0,0,0,0,0,0,0,0,0
57466,86,bully,2246,1,0,0,21,0,294,0,1,86,55220,2246,0,22,0,0,0,LEADER,1,0,0,21,0,0,0,0,0,0,0,0,0,0,0
57639,50,bully,2419,1,0,0,21,0,294,0,1,50,55220,2419,0,22,0,0,0,LEADER,1,0,0,21,0,0,0,0,0,0,0,0,0,0,0
57491,85,bully,2268,1,0,0,21,0,294,0,1,85,55223,2268,0,22,0,0,0,LEADER,1,0,0,21,0,0,0,0,0,0,0,0,0,0,0
57430,87,bully,2212,1,0,0,21,0,294,0,1,87,55218,2212,0,22,0,0,0,LEADER,1,0,0,21,0,0,0,0,0,0,0,0,0,0,0
57636,64,bully,2416,1,0,0,21,0,294,0,1,64,55220,2416,0,22,0,0,0,LEADER,1,0,0,21,0,0,0,0,0,0,0,0,0,0,0
57574,18,bully,1434,1,0,0,21,0,294,0,1,18,56140,1434,0,22,0,0,0,LEADER,1,0,0,21,0,0,0,0,0,0,0,0,0,0,0
57484,11,bully,2264,1,0,0,21,0,294,0,1,11,55220,2264,0,22,0,0,0,LEADER,1,0,0,21,0,0,0,0,0,0,0,0,0,0,0
57693,90,bully,1553,1,0,0,21,0,294,0,1,90,56140,1553,0,22,0,0,0,LEADER,1,0,0,21,0,0,0,0,0,0,0,0,0,0,0
57587,35,bully,1447,1,0,0,21,0,294,0,1,35,56140,1447,0,22,0,0,0,LEADER,1,0,0,21,0,0,0,0,0,0,0,0,0,0,0
57469,43,bully,2249,1,0,0,21,0,294,0,1,43,55220,2249,0,22,0,0,0,LEADER,1,0,0,21,0,0,0,0,0,0,0,0,0,0,0
57607,28,bully,1467,1,0,0,21,0,294,0,1,28,56140,1467,0,22,0,0,0,LEADER,1,0,0,21,0,0,0,0,0,0,0,0,0,0,0
58281,23,bully,2141,1,0,0,21,0,294,0,1,23,56140,2141,0,22,0,0,0,LEADER,1,0,0,21,0,0,0,0,0,0,0,0,0,0,0
57447,44,bully,2228,1,0,0,21,0,294,0,1,44,55219,2228,0,22,0,0,0,LEADER,1,0,0,21,0,0,0,0,0,0,0,0,0,0,0
57601,30,bully,1461,1,0,0,21,0,294,0,1,30,56140,1461,0,22,0,0,0,LEADER,1,0,0,21,0,0,0,0,0,0,0,0,0,0,0
57999,94,bully,1859,1,0,0,21,0,294,0,1,94,56140,1859,0,22,0,0,0,LEADER,1,0,0,21,0,0,0,0,0,0,0,0,0,0,0
57641,38,bully,1501,1,0,0,21,0,294,0,1,38,56140,1501,0,22,0,0,0,LEADER,1,0,0,21,0,0,0,0,0,0,0,0,0,0,0
58320,66,bully,2180,1,0,0,21,0,294,0,1,66,56140,2180,0,22,0,0,0,LEADER,1,0,0,21,0,0,0,0,0,0,0,0,0,0,0
57626,70,bully,1486,1,0,0,21,0,294,0,1,70,56140,1486,0,22,0,0,0,LEADER,1,0,0,21,0,0,0,0,0,0,0,0,0,0,0
58271,88,bully,2131,1,0,0,21,0,294,0,1,88,56140,2131,0,22,0,0,0,LEADER,1,0,0,21,0,0,0,0,0,0,0,0,0,0,0
57455,75,bully,2235,1,0,0,21,0,294,0,1,75,55220,2235,0,22,0,0,0,LEADER,1,0,0,21,0,0,0,0,0,0,0,0,0,0,0
57463,12,bully,2243,1,0,0,21,0,294,0,1,12,55220,2243,0,22,0,0,0,LEADER,1,0,0,21,0,0,0,0,0,0,0,0,0,0,0
58165,27,bully,2025,1,0,0,21,0,294,0,1,27,56140,2025,0,22,0,0,0,LEADER,1,0,0,21,0,0,0,0,0,0,0,0,0,0,0
57654,42,bully,1514,1,0,0,21,0,294,0,1,42,56140,1514,0,22,0,0,0,LEADER,1,0,0,21,0,0,0,0,0,0,0,0,0,0,0
58301,24,bully,2161,1,0,0,21,0,294,0,1,24,56140,2161,0,22,0,0,0,LEADER,1,0,0,21,0,0,0,0,0,0,0,0,0,0,0
58253,46,bully,2113,1,0,0,21,0,294,0,1,46,56140,2113,0,22,0,0,0,LEADER,1,0,0,21,0,0,0,0,0,0,0,0,0,0,0
57777,34,bully,1637,1,0,0,21,0,294,0,1,34,56140,1637,0,22,0,0,0,LEADER,1,0,0,21,0,0,0,0,0,0,0,0,0,0,0
58150,59,bully,2010,1,0,0,21,0,294,0,1,59,56140,2010,0,22,0,0,0,LEADER,1,0,0,21,0,0,0,0,0,0,0,0,0,0,0
58432,32,bully,2292,1,0,0,21,0,294,0,1,32,56140,2292,0,22,0,0,0,LEADER,1,0,0,21,0,0,0,0,0,0,0,0,0,0,0
58047,72,bully,1907,1,0,0,21,0,294,0,1,72,56140,1907,0,22,0,0,0,LEADER,1,0,0,21,0,0,0,0,0,0,0,0,0,0,0
58456,63,bully,2316,1,0,0,21,0,294,0,1,63,56140,2316,0,22,0,0,0,LEADER,1,0,0,21,0,0,0,0,0,0,0,0,0,0,0
57932,74,bully,1792,1,0,0,21,0,294,0,1,74,56140,1792,0,22,0,0,0,LEADER,1,0,0,21,0,0,0,0,0,0,0,0,0,0,0
57674,48,bully,1534,1,0,0,21,0,294,0,1,48,56140,1534,0,22,0,0,0,LEADER,1,0,0,21,0,0,0,0,0,0,0,0,0,0,0
58135,57,bully,1995,1,0,0,21,0,294,0,1,57,56140,1995,0,22,0,0,0,LEADER,1,0,0,21,0,0,0,0,0,0,0,0,0,0,0
58205,68,bully,2065,1,0,0,21,0,294,0,1,68,56140,2065,0,22,0,0,0,LEADER,1,0,0,21,0,0,0,0,0,0,0,0,0,0,0
57606,45,bully,1466,1,0,0,21,0,294,0,1,45,56140,1466,0,22,0,0,0,LEADER,1,0,0,21,0,0,0,0,0,0,0,0,0,0,0
57963,93,bully,1823,1,0,0,21,0,294,0,1,93,56140,1823,0,22,0,0,0,LEADER,1,0,0,21,0,0,0,0,0,0,0,0,0,0,0
58544,82,bully,2404,1,0,0,21,0,294,0,1,82,56140,2404,0,22,0,0,0,LEADER,1,0,0,21,0,0,0,0,0,0,0,0,0,0,0
58538,51,bully,2398,1,0,0,21,0,294,0,1,51,56140,2398,0,22,0,0,0,LEADER,1,0,0,21,0,0,0,0,0,0,0,0,0,0,0
58083,39,bully,1943,1,0,0,21,0,294,0,1,39,56140,1943,0,22,0,0,0,LEADER,1,0,0,21,0,0,0,0,0,0,0,0,0,0,0
57829,78,bully,1689,1,0,0,21,0,294,0,1,78,56140,1689,0,22,0,0,0,LEADER,1,0,0,21,0,0,0,0,0,0,0,0,0,0,0
58217,79,bully,2077,1,0,0,21,0,294,0,1,79,56140,2077,0,22,0,0,0,LEADER,1,0,0,21,0,0,0,0,0,0,0,0,0,0,0
57792,14,bully,1652,1,0,0,21,0,294,0,1,14,56140,1652,0,22,0,0,0,LEADER,1,0,0,21,0,0,0,0,0,0,0,0,0,0,0
58219,36,bully,2080,1,0,0,21,0,294,0,1,36,56139,2080,0,22,0,0,0,LEADER,1,0,0,21,0,0,0,0,0,0,0,0,0,0,0
58102,81,bully,1962,1,0,0,21,0,294,0,1,81,56140,1962,0,22,0,0,0,LEADER,1,0,0,21,0,0,0,0,0,0,0,0,0,0,0
57762,67,bully,1622,1,0,0,21,0,294,0,1,67,56140,1622,0,22,0,0,0,LEADER,1,0,0,21,0,0,0,0,0,0,0,0,0,0,0
58523,83,bully,2383,1,0,0,21,0,294,0,1,83,56140,2383,0,22,0,0,0,LEADER,1,0,0,21,0,0,0,0,0,0,0,0,0,0,0
58667,99,bully,1607,1,0,0,21,0,294,0,1,99,57060,1607,0,22,0,0,0,LEADER,1,0,0,21,0,0,0,0,0,0,0,0,0,0,0
57844,55,bully,1704,1,0,0,21,0,294,0,1,55,56140,1704,0,22,0,0,0,LEADER,1,0,0,21,0,0,0,0,0,0,0,0,0,0,0
58634,89,bully,1574,1,0,0,21,0,294,0,1,89,57060,1574,0,22,0,0,0,LEADER,1,0,0,21,0,0,0,0,0,0,0,0,0,0,0
57796,77,bully,1656,1,0,0,21,0,294,0,1,77,56140,1656,0,22,0,0,0,LEADER,1,0,0,21,0,0,0,0,0,0,0,0,0,0,0
58068,71,bully,1928,1,0,0,21,0,294,0,1,71,56140,1928,0,22,0,0,0,LEADER,1,0,0,21,0,0,0,0,0,0,0,0,0,0,0
57980,52,bully,1840,1,0,0,21,0,294,0,1,52,56140,1840,0,22,0,0,0,LEADER,1,0,0,21,0,0,0,0,0,0,0,0,0,0,0
58351,76,bully,2213,1,0,0,21,0,294,0,1,76,56138,2213,0,22,0,0,0,LEADER,1,0,0,21,0,0,0,0,0,0,0,0,0,0,0
57947,10,bully,1807,1,0,0,21,0,294,0,1,10,56140,1807,0,22,0,0,0,LEADER,1,0,0,21,0,0,0,0,0,0,0,0,0,0,0
57880,22,bully,1740,1,0,0,21,0,294,0,1,22,56140,1740,0,22,0,0,0,LEADER,1,0,0,21,0,0,0,0,0,0,0,0,0,0,0
58028,21,bully,1889,1,0,0,21,0,294,0,1,21,56139,1889,0,22,0,0,0,LEADER,1,0,0,21,0,0,0,0,0,0,0,0,0,0,0
58286,56,bully,2146,1,0,0,21,0,294,0,1,56,56140,2146,0,22,0,0,0,LEADER,1,0,0,21,0,0,0,0,0,0,0,0,0,0,0
57811,60,bully,1671,1,0,0,21,0,294,0,1,60,56140,1671,0,22,0,0,0,LEADER,1,0,0,21,0,0,0,0,0,0,0,0,0,0,0
58664,25,bully,1604,1,0,0,21,0,294,0,1,25,57060,1604,0,22,0,0,0,LEADER,1,0,0,21,0,0,0,0,0,0,0,0,0,0,0
57877,65,bully,1737,1,0,0,21,0,294,0,1,65,56140,1737,0,22,0,0,0,LEADER,1,0,0,21,0,0,0,0,0,0,0,0,0,0,0
58553,19,bully,2413,1,0,0,21,0,294,0,1,19,56140,2413,0,22,0,0,0,LEADER,1,0,0,21,0,0,0,0,0,0,0,0,0,0,0
58183,69,bully,2043,1,0,0,21,0,294,0,1,69,56140,2043,0,22,0,0,0,LEADER,1,0,0,21,0,0,0,0,0,0,0,0,0,0,0
58785,54,bully,1725,1,0,0,21,0,294,0,1,54,57060,1725,0,22,0,0,0,LEADER,1,0,0,21,0,0,0,0,0,0,0,0,0,0,0
58132,17,bully,1992,1,0,0,21,0,294,0,1,17,56140,1992,0,22,0,0,0,LEADER,1,0,0,21,0,0,0,0,0,0,0,0,0,0,0
58646,100,bully,1586,1,0,0,21,0,294,0,1,100,57060,1586,0,22,0,0,0,LEADER,1,0,0,21,0,0,0,0,0,0,0,0,0,0,0
58609,16,bully,1549,1,0,0,21,0,294,0,1,16,57060,1549,0,22,0,0,0,LEADER,1,0,0,21,0,0,0,0,0,0,0,0,0,0,0
58198,37,bully,2058,1,0,0,21,0,294,0,1,37,56140,2058,0,22,0,0,0,LEADER,1,0,0,21,0,0,0,0,0,0,0,0,0,0,0
58834,13,bully,1774,1,0,0,21,0,294,0,1,13,57060,1774,0,22,0,0,0,LEADER,1,0,0,21,0,0,0,0,0,0,0,0,0,0,0
57995,20,bully,1855,1,0,0,21,0,294,0,1,20,56140,1855,0,22,0,0,0,LEADER,1,0,0,21,0,0,0,0,0,0,0,0,0,0,0
58627,41,bully,1567,1,0,0,21,0,294,0,1,41,57060,1567,0,22,0,0,0,LEADER,1,0,0,21,0,0,0,0,0,0,0,0,0,0,0
58616,47,bully,1556,1,0,0,21,0,294,0,1,47,57060,1556,0,22,0,0,0,LEADER,1,0,0,21,0,0,0,0,0,0,0,0,0,0,0
58442,95,bully,2301,1,0,0,21,0,294,0,1,95,56141,2301,0,22,0,0,0,LEADER,1,0,0,21,0,0,0,0,0,0,0,0,0,0,0
58305,98,bully,2165,1,0,0,21,0,294,0,1,98,56140,2165,0,22,0,0,0,LEADER,1,0,0,21,0,0,0,0,0,0,0,0,0,0,0
58489,73,bully,2349,1,0,0,21,0,294,0,1,73,56140,2349,0,22,0,0,0,LEADER,1,0,0,21,0,0,0,0,0,0,0,0,0,0,0
58035,61,bully,1895,1,0,0,21,0,294,0,1,61,56140,1895,0,22,0,0,0,LEADER,1,0,0,21,0,0,0,0,0,0,0,0,0,0,0
58782,97,bully,1722,1,0,0,21,0,294,0,1,97,57060,1722,0,22,0,0,0,LEADER,1,0,0,21,0,0,0,0,0,0,0,0,0,0,0
58812,33,bully,1752,1,0,0,21,0,294,0,1,33,57060,1752,0,22,0,0,0,LEADER,1,0,0,21,0,0,0,0,0,0,0,0,0,0,0
58970,29,bully,1910,1,0,0,21,0,294,0,1,29,57060,1910,0,22,0,0,0,LEADER,1,0,0,21,0,0,0,0,0,0,0,0,0,0,0
58982,40,bully,1922,1,0,0,21,0,294,0,1,40,57060,1922,0,22,0,0,0,LEADER,1,0,0,21,0,0,0,0,0,0,0,0,0,0,0
58471,31,bully,2331,1,0,0,21,0,294,0,1,31,56140,2331,0,22,0,0,0,LEADER,1,0,0,21,0,0,0,0,0,0,0,0,0,0,0
58803,96,bully,1744,1,0,0,21,0,294,0,1,96,57059,1744,0,22,0,0,0,LEADER,1,0,0,21,0,0,0,0,0,0,0,0,0,0,0
58885,84,bully,1825,1,0,0,21,0,294,0,1,84,57060,1825,0,22,0,0,0,LEADER,1,0,0,21,0,0,0,0,0,0,0,0,0,0,0
58579,80,bully,1519,1,0,0,21,0,294,0,1,80,57060,1519,0,22,0,0,0,LEADER,1,0,0,21,0,0,0,0,0,0,0,0,0,0,0
58423,53,bully,2283,1,0,0,21,0,294,0,1,53,56140,2283,0,22,0,0,0,LEADER,1,0,0,21,0,0,0,0,0,0,0,0,0,0,0
58498,92,bully,1438,1,0,0,21,0,294,0,1,92,57060,1438,0,22,0,0,0,LEADER,1,0,0,21,0,0,0,0,0,0,0,0,0,0,0
58934,62,bully,1874,1,0,0,21,0,294,0,1,62,57060,1874,0,22,0,0,0,LEADER,1,0,0,21,0,0,0,0,0,0,0,0,0,0,0
58678,91,bully,1619,1,0,0,21,0,294,0,1,91,57059,1619,0,22,0,0,0,LEADER,1,0,0,21,0,0,0,0,0,0,0,0,0,0,0
58631,15,bully,1571,1,0,0,21,0,294,0,1,15,57060,1571,0,22,0,0,0,LEADER,1,0,0,21,0,0,0,0,0,0,0,0,0,0,0
58301,26,bully,2161,1,0,0,21,0,294,0,1,26,56140,2161,0,22,0,0,0,LEADER,1,0,0,21,0,0,0,0,0,0,0,0,0,0,0
59037,49,bully,1977,1,0,0,21,0,294,0,1,49,57060,1977,0,22,0,0,0,LEADER,1,0,0,21,0,0,0,0,0,0,0,0,0,0,0
58852,58,bully,1792,1,0,0,21,0,294,0,1,58,57060,1792,0,22,0,0,0,LEADER,1,0,0,21,0,0,0,0,0,0,0,0,0,0,0
58386,86,bully,2246,1,0,0,21,0,294,0,1,86,56140,2246,0,22,0,0,0,LEADER,1,0,0,21,0,0,0,0,0,0,0,0,0,0,0
58559,50,bully,2419,1,0,0,21,0,294,0,1,50,56140,2419,0,22,0,0,0,LEADER,1,0,0,21,0,0,0,0,0,0,0,0,0,0,0
58411,85,bully,2268,1,0,0,21,0,294,0,1,85,56143,2268,0,22,0,0,0,LEADER,1,0,0,21,0,0,0,0,0,0,0,0,0,0,0
58350,87,bully,2212,1,0,0,21,0,294,0,1,87,56138,2212,0,22,0,0,0,LEADER,1,0,0,21,0,0,0,0,0,0,0,0,0,0,0
58556,64,bully,2416,1,0,0,21,0,294,0,1,64,56140,2416,0,22,0,0,0,LEADER,1,0,0,21,0,0,0,0,0,0,0,0,0,0,0
58494,18,bully,1434,1,0,0,21,0,294,0,1,18,57060,1434,0,22,0,0,0,LEADER,1,0,0,21,0,0,0,0,0,0,0,0,0,0,0
58404,11,bully,2264,1,0,0,21,0,294,0,1,11,56140,2264,0,22,0,0,0,LEADER,1,0,0,21,0,0,0,0,0,0,0,0,0,0,0
58613,90,bully,1553,1,0,0,21,0,294,0,1,90,57060,1553,0,22,0,0,0,LEADER,1,0,0,21,0,0,0,0,0,0,0,0,0,0,0
58507,35,bully,1447,1,0,0,21,0,294,0,1,35,57060,1447,0,22,0,0,0,LEADER,1,0,0,21,0,0,0,0,0,0,0,0,0,0,0
58389,43,bully,2249,1,0,0,21,0,294,0,1,43,56140,2249,0,22,0,0,0,LEADER,1,0,0,21,0,0,0,0,0,0,0,0,0,0,0
58527,28,bully,1467,1,0,0,21,0,294,0,1,28,57060,1467,0,22,0,0,0,LEADER,1,0,0,21,0,0,0,0,0,0,0,0,0,0,0
59201,23,bully,2141,1,0,0,21,0,294,0,1,23,57060,2141,0,22,0,0,0,LEADER,1,0,0,21,0,0,0,0,0,0,0,0,0,0,0
58367,44,bully,2228,1,0,0,21,0,294,0,1,44,56139,2228,0,22,0,0,0,LEADER,1,0,0,21,0,0,0,0,0,0,0,0,0,0,0
58521,30,bully,1461,1,0,0,21,0,294,0,1,30,57060,1461,0,22,0,0,0,LEADER,1,0,0,21,0,0,0,0,0,0,0,0,0,0,0
58919,94,bully,1859,1,0,0,21,0,294,0,1,94,57060,1859,0,22,0,0,0,LEADER,1,0,0,21,0,0,0,0,0,0,0,0,0,0,0
58561,38,bully,1501,1,0,0,21,0,294,0,1,38,57060,1501,0,22,0,0,0,LEADER,1,0,0,21,0,0,0,0,0,0,0,0,0,0,0
59240,66,bully,2180,1,0,0,21,0,294,0,1,66,57060,2180,0,22,0,0,0,LEADER,1,0,0,21,0,0,0,0,0,0,0,0,0,0,0
58546,70,bully,1486,1,0,0,21,0,294,0,1,70,57060,1486,0,22,0,0,0,LEADER,1,0,0,21,0,0,0,0,0,0,0,0,0,0,0
59191,88,bully,2131,1,0,0,21,0,294,0,1,88,57060,2131,0,22,0,0,0,LEADER,1,0,0,21,0,0,0,0,0,0,0,0,0,0,0
58375,75,bully,2235,1,0,0,21,0,294,0,1,75,56140,2235,0,22,0,0,0,LEADER,1,0,0,21,0,0,0,0,0,0,0,0,0,0,0
58492,3,bully,1903,1,0,0,7,16,98,224,3,3,56589,1903,0,4,0,0,0,LEADER,1,0,0,7,0,0,0,16,0,0,0,0,0,0,0
58383,12,bully,2243,1,0,0,21,0,294,0,1,12,56140,2243,0,22,0,0,0,LEADER,1,0,0,21,0,0,0,0,0,0,0,0,0,0,0
59085,27,bully,2025,1,0,0,21,0,294,0,1,27,57060,2025,0,22,0,0,0,LEADER,1,0,0,21,0,0,0,0,0,0,0,0,0,0,0
58574,42,bully,1514,1,0,0,21,0,294,0,1,42,57060,1514,0,22,0,0,0,LEADER,1,0,0,21,0,0,0,0,0,0,0,0,0,0,0
59221,24,bully,2161,1,0,0,21,0,294,0,1,24,57060,2161,0,22,0,0,0,LEADER,1,0,0,21,0,0,0,0,0,0,0,0,0,0,0
59173,46,bully,2113,1,0,0,21,0,294,0,1,46,57060,2113,0,22,0,0,0,LEADER,1,0,0,21,0,0,0,0,0,0,0,0,0,0,0
58697,34,bully,1637,1,0,0,21,0,294,0,1,34,57060,1637,0,22,0,0,0,LEADER,1,0,0,21,0,0,0,0,0,0,0,0,0,0,0
59070,59,bully,2010,1,0,0,21,0,294,0,1,59,57060,2010,0,22,0,0,0,LEADER,1,0,0,21,0,0,0,0,0,0,0,0,0,0,0
59352,32,bully,2292,1,0,0,21,0,294,0,1,32,57060,2292,0,22,0,0,0,LEADER,1,0,0,21,0,0,0,0,0,0,0,0,0,0,0
58967,72,bully,1907,1,0,0,21,0,294,0,1,72,57060,1907,0,22,0,0,0,LEADER,1,0,0,21,0,0,0,0,0,0,0,0,0,0,0
59376,63,bully,2316,1,0,0,21,0,294,0,1,63,57060,2316,0,22,0,0,0,LEADER,1,0,0,21,0,0,0,0,0,0,0,0,0,0,0
58852,74,bully,1792,1,0,0,21,0,294,0,1,74,57060,1792,0,22,0,0,0,LEADER,1,0,0,21,0,0,0,0,0,0,0,0,0,0,0
58594,48,bully,1534,1,0,0,21,0,294,0,1,48,57060,1534,0,22,0,0,0,LEADER,1,0,0,21,0,0,0,0,0,0,0,0,0,0,0
59055,57,bully,1995,1,0,0,21,0,294,0,1,57,57060,1995,0,22,0,0,0,LEADER,1,0,0,21,0,0,0,0,0,0,0,0,0,0,0
59125,68,bully,2065,1,0,0,21,0,294,0,1,68,57060,2065,0,22,0,0,0,LEADER,1,0,0,21,0,0,0,0,0,0,0,0,0,0,0
58526,45,bully,1466,1,0,0,21,0,294,0,1,45,57060,1466,0,22,0,0,0,LEADER,1,0,0,21,0,0,0,0,0,0,0,0,0,0,0
58883,93,bully,1823,1,0,0,21,0,294,0,1,93,57060,1823,0,22,0,0,0,LEADER,1,0,0,21,0,0,0,0,0,0,0,0,0,0,0
59464,82,bully,2404,1,0,0,21,0,294,0,1,82,57060,2404,0,22,0,0,0,LEADER,1,0,0,21,0,0,0,0,0,0,0,0,0,0,0
59458,51,bully,2398,1,0,0,21,0,294,0,1,51,57060,2398,0,22,0,0,0,LEADER,1,0,0,21,0,0,0,0,0,0,0,0,0,0,0
59003,39,bully,1943,1,0,0,21,0,294,0,1,39,57060,1943,0,22,0,0,0,LEADER,1,0,0,21,0,0,0,0,0,0,0,0,0,0,0
58749,78,bully,1689,1,0,0,21,0,294,0,1,78,57060,1689,0,22,0,0,0,LEADER,1,0,0,21,0,0,0,0,0,0,0,0,0,0,0
59137,79,bully,2077,1,0,0,21,0,294,0,1,79,57060,2077,0,22,0,0,0,LEADER,1,0,0,21,0,0,0,0,0,0,0,0,0,0,0
58712,14,bully,1652,1,0,0,21,0,294,0,1,14,57060,1652,0,22,0,0,0,LEADER,1,0,0,21,0,0,0,0,0,0,0,0,0,0,0
59139,36,bully,2080,1,0,0,21,0,294,0,1,36,57059,2080,0,22,0,0,0,LEADER,1,0,0,21,0,0,0,0,0,0,0,0,0,0,0
59022,81,bully,1962,1,0,0,21,0,294,0,1,81,57060,1962,0,22,0,0,0,LEADER,1,0,0,21,0,0,0,0,0,0,0,0,0,0,0
58682,67,bully,1622,1,0,0,21,0,294,0,1,67,57060,1622,0,22,0,0,0,LEADER,1,0,0,21,0,0,0,0,0,0,0,0,0,0,0
59443,83,bully,2383,1,0,0,21,0,294,0,1,83,57060,2383,0,22,0,0,0,LEADER,1,0,0,21,0,0,0,0,0,0,0,0,0,0,0
59588,99,bully,1607,1,0,0,22,0,308,0,1,99,57981,1607,0,23,0,0,0,LEADER,1,0,0,22,0,0,0,0,0,0,0,0,0,0,0
58764,55,bully,1704,1,0,0,21,0,294,0,1,55,57060,1704,0,22,0,0,0,LEADER,1,0,0,21,0,0,0,0,0,0,0,0,0,0,0
59555,89,bully,1574,1,0,0,22,0,308,0,1,89,57981,1574,0,23,0,0,0,LEADER,1,0,0,22,0,0,0,0,0,0,0,0,0,0,0
58716,77,bully,1656,1,0,0,21,0,294,0,1,77,57060,1656,0,22,0,0,0,LEADER,1,0,0,21,0,0,0,0,0,0,0,0,0,0,0
58988,71,bully,1928,1,0,0,21,0,294,0,1,71,57060,1928,0,22,0,0,0,LEADER,1,0,0,21,0,0,0,0,0,0,0,0,0,0,0
58900,52,bully,1840,1,0,0,21,0,294,0,1,52,57060,1840,0,22,0,0,0,LEADER,1,0,0,21,0,0,0,0,0,0,0,0,0,0,0
59271,76,bully,2213,1,0,0,21,0,294,0,1,76,57058,2213,0,22,0,0,0,LEADER,1,0,0,21,0,0,0,0,0,0,0,0,0,0,0
58867,10,bully,1807,1,0,0,21,0,294,0,1,10,57060,1807,0,22,0,0,0,LEADER,1,0,0,21,0,0,0,0,0,0,0,0,0,0,0
58800,22,bully,1740,1,0,0,21,0,294,0,1,22,57060,1740,0,22,0,0,0,LEADER,1,0,0,21,0,0,0,0,0,0,0,0,0,0,0
58948,21,bully,1889,1,0,0,21,0,294,0,1,21,57059,1889,0,22,0,0,0,LEADER,1,0,0,21,0,0,0,0,0,0,0,0,0,0,0
59206,56,bully,2146,1,0,0,21,0,294,0,1,56,57060,2146,0,22,0,0,0,LEADER,1,0,0,21,0,0,0,0,0,0,0,0,0,0,0
58731,60,bully,1671,1,0,0,21,0,294,0,1,60,57060,1671,0,22,0,0,0,LEADER,1,0,0,21,0,0,0,0,0,0,0,0,0,0,0
59585,25,bully,1604,1,0,0,22,0,308,0,1,25,57981,1604,0,23,0,0,0,LEADER,1,0,0,22,0,0,0,0,0,0,0,0,0,0,0
58797,65,bully,1737,1,0,0,21,0,294,0,1,65,57060,1737,0,22,0,0,0,LEADER,1,0,0,21,0,0,0,0,0,0,0,0,0,0,0
59473,19,bully,2413,1,0,0,21,0,294,0,1,19,57060,2413,0,22,0,0,0,LEADER,1,0,0,21,0,0,0,0,0,0,0,0,0,0,0
59103,69,bully,2043,1,0,0,21,0,294,0,1,69,57060,2043,0,22,0,0,0,LEADER,1,0,0,21,0,0,0,0,0,0,0,0,0,0,0
59706,54,bully,1725,1,0,0,22,0,308,0,1,54,57981,1725,0,23,0,0,0,LEADER,1,0,0,22,0,0,0,0,0,0,0,0,0,0,0
59052,17,bully,1992,1,0,0,21,0,294,0,1,17,57060,1992,0,22,0,0,0,LEADER,1,0,0,21,0,0,0,0,0,0,0,0,0,0,0
59567,100,bully,1586,1,0,0,22,0,308,0,1,100,57981,1586,0,23,0,0,0,LEADER,1,0,0,22,0,0,0,0,0,0,0,0,0,0,0
59530,16,bully,1549,1,0,0,22,0,308,0,1,16,57981,1549,0,23,0,0,0,LEADER,1,0,0,22,0,0,0,0,0,0,0,0,0,0,0
59118,37,bully,2058,1,0,0,21,0,294,0,1,37,57060,2058,0,22,0,0,0,LEADER,1,0,0,21,0,0,0,0,0,0,0,0,0,0,0
59755,13,bully,1774,1,0,0,22,0,308,0,1,13,57981,1774,0,23,0,0,0,LEADER,1,0,0,22,0,0,0,0,0,0,0,0,0,0,0
58915,20,bully,1855,1,0,0,21,0,294,0,1,20,57060,1855,0,22,0,0,0,LEADER,1,0,0,21,0,0,0,0,0,0,0,0,0,0,0
59548,41,bully,1567,1,0,0,22,0,308,0,1,41,57981,1567,0,23,0,0,0,LEADER,1,0,0,22,0,0,0,0,0,0,0,0,0,0,0
59537,47,bully,1556,1,0,0,22,0,308,0,1,47,57981,1556,0,23,0,0,0,LEADER,1,0,0,22,0,0,0,0,0,0,0,0,0,0,0
59362,95,bully,2301,1,0,0,21,0,294,0,1,95,57061,2301,0,22,0,0,0,LEADER,1,0,0,21,0,0,0,0,0,0,0,0,0,0,0
59225,98,bully,2165,1,0,0,21,0,294,0,1,98,57060,2165,0,22,0,0,0,LEADER,1,0,0,21,0,0,0,0,0,0,0,0,0,0,0
59409,73,bully,2349,1,0,0,21,0,294,0,1,73,57060,2349,0,22,0,0,0,LEADER,1,0,0,21,0,0,0,0,0,0,0,0,0,0,0
58955,61,bully,1895,1,0,0,21,0,294,0,1,61,57060,1895,0,22,0,0,0,LEADER,1,0,0,21,0,0,0,0,0,0,0,0,0,0,0
59703,97,bully,1722,1,0,0,22,0,308,0,1,97,57981,1722,0,23,0,0,0,LEADER,1,0,0,22,0,0,0,0,0,0,0,0,0,0,0
59733,33,bully,1752,1,0,0,22,0,308,0,1,33,57981,1752,0,23,0,0,0,LEADER,1,0,0,22,0,0,0,0,0,0,0,0,0,0,0
59391,31,bully,2331,1,0,0,21,0,294,0,1,31,57060,2331,0,22,0,0,0,LEADER,1,0,0,21,0,0,0,0,0,0,0,0,0,0,0
59891,29,bully,1910,1,0,0,22,0,308,0,1,29,57981,1910,0,23,0,0,0,LEADER,1,0,0,22,0,0,0,0,0,0,0,0,0,0,0
59903,40,bully,1922,1,0,0,22,0,308,0,1,40,57981,1922,0,23,0,0,0,LEADER,1,0,0,22,0,0,0,0,0,0,0,0,0,0,0
59724,96,bully,1744,1,0,0,22,0,308,0,1,96,57980,1744,0,23,0,0,0,LEADER,1,0,0,22,0,0,0,0,0,0,0,0,0,0,0
59463,6,bully,1516,1,0,0,8,22,112,308,2,4,57947,1516,0,4,0,0,0,NORMAL,0,0,0,8,0,0,0,22,0,0,0,0,0,0,0
59806,84,bully,1825,1,0,0,22,0,308,0,1,84,57981,1825,0,23,0,0,0,LEADER,1,0,0,22,0,0,0,0,0,0,0,0,0,0,0
59500,80,bully,1519,1,0,0,22,0,308,0,1,80,57981,1519,0,23,0,0,0,LEADER,1,0,0,22,0,0,0,0,0,0,0,0,0,0,0
59343,53,bully,2283,1,0,0,21,0,294,0,1,53,57060,2283,0,22,0,0,0,LEADER,1,0,0,21,0,0,0,0,0,0,0,0,0,0,0
59419,92,bully,1438,1,0,0,22,0,308,0,1,92,57981,1438,0,23,0,0,0,LEADER,1,0,0,22,0,0,0,0,0,0,0,0,0,0,0
59855,62,bully,1874,1,0,0,22,0,308,0,1,62,57981,1874,0,23,0,0,0,LEADER,1,0,0,22,0,0,0,0,0,0,0,0,0,0,0
59598,91,bully,1619,1,0,0,22,0,308,0,1,91,57979,1619,0,23,0,0,0,LEADER,1,0,0,22,0,0,0,0,0,0,0,0,0,0,0
59552,15,bully,1571,1,0,0,22,0,308,0,1,15,57981,1571,0,23,0,0,0,LEADER,1,0,0,22,0,0,0,0,0,0,0,0,0,0,0
59221,26,bully,2161,1,0,0,21,0,294,0,1,26,57060,2161,0,22,0,0,0,LEADER,1,0,0,21,0,0,0,0,0,0,0,0,0,0,0
59958,49,bully,1977,1,0,0,22,0,308,0,1,49,57981,1977,0,23,0,0,0,LEADER,1,0,0,22,0,0,0,0,0,0,0,0,0,0,0
59773,58,bully,1792,1,0,0,22,0,308,0,1,58,57981,1792,0,23,0,0,0,LEADER,1,0,0,22,0,0,0,0,0,0,0,0,0,0,0
59306,86,bully,2246,1,0,0,21,0,294,0,1,86,57060,2246,0,22,0,0,0,LEADER,1,0,0,21,0,0,0,0,0,0,0,0,0,0,0
59479,50,bully,2419,1,0,0,21,0,294,0,1,50,57060,2419,0,22,0,0,0,LEADER,1,0,0,21,0,0,0,0,0,0,0,0,0,0,0
59331,85,bully,2268,1,0,0,21,0,294,0,1,85,57063,2268,0,22,0,0,0,LEADER,1,0,0,21,0,0,0,0,0,0,0,0,0,0,0
59270,87,bully,2212,1,0,0,21,0,294,0,1,87,57058,2212,0,22,0,0,0,LEADER,1,0,0,21,0,0,0,0,0,0,0,0,0,0,0
59476,64,bully,2416,1,0,0,21,0,294,0,1,64,57060,2416,0,22,0,0,0,LEADER,1,0,0,21,0,0,0,0,0,0,0,0,0,0,0
59324,11,bully,2264,1,0,0,21,0,294,0,1,11,57060,2264,0,22,0,0,0,LEADER,1,0,0,21,0,0,0,0,0,0,0,0,0,0,0
59415,18,bully,1434,1,0,0,22,0,308,0,1,18,57981,1434,0,23,0,0,0,LEADER,1,0,0,22,0,0,0,0,0,0,0,0,0,0,0
59534,90,bully,1553,1,0,0,22,0,308,0,1,90,57981,1553,0,23,0,0,0,LEADER,1,0,0,22,0,0,0,0,0,0,0,0,0,0,0
59428,35,bully,1447,1,0,0,22,0,308,0,1,35,57981,1447,0,23,0,0,0,LEADER,1,0,0,22,0,0,0,0,0,0,0,0,0,0,0
59309,43,bully,2249,1,0,0,21,0,294,0,1,43,57060,2249,0,22,0,0,0,LEADER,1,0,0,21,0,0,0,0,0,0,0,0,0,0,0
59448,28,bully,1467,1,0,0,22,0,308,0,1,28,57981,1467,0,23,0,0,0,LEADER,1,0,0,22,0,0,0,0,0,0,0,0,0,0,0
59287,44,bully,2228,1,0,0,21,0,294,0,1,44,57059,2228,0,22,0,0,0,LEADER,1,0,0,21,0,0,0,0,0,0,0,0,0,0,0
60122,23,bully,2141,1,0,0,22,0,308,0,1,23,57981,2141,0,23,0,0,0,LEADER,1,0,0,22,0,0,0,0,0,0,0,0,0,0,0
59442,30,bully,1461,1,0,0,22,0,308,0,1,30,57981,1461,0,23,0,0,0,LEADER,1,0,0,22,0,0,0,0,0,0,0,0,0,0,0
59840,94,bully,1859,1,0,0,22,0,308,0,1,94,57981,1859,0,23,0,0,0,LEADER,1,0,0,22,0,0,0,0,0,0,0,0,0,0,0
59482,38,bully,1501,1,0,0,22,0,308,0,1,38,57981,1501,0,23,0,0,0,LEADER,1,0,0,22,0,0,0,0,0,0,0,0,0,0,0
60161,66,bully,2180,1,0,0,22,0,308,0,1,66,57981,2180,0,23,0,0,0,LEADER,1,0,0,22,0,0,0,0,0,0,0,0,0,0,0
59467,70,bully,1486,1,0,0,22,0,308,0,1,70,57981,1486,0,23,0,0,0,LEADER,1,0,0,22,0,0,0,0,0,0,0,0,0,0,0
60112,88,bully,2131,1,0,0,22,0,308,0,1,88,57981,2131,0,23,0,0,0,LEADER,1,0,0,22,0,0,0,0,0,0,0,0,0,0,0
59295,75,bully,2235,1,0,0,21,0,294,0,1,75,57060,2235,0,22,0,0,0,LEADER,1,0,0,21,0,0,0,0,0,0,0,0,0,0,0
59303,12,bully,2243,1,0,0,21,0,294,0,1,12,57060,2243,0,22,0,0,0,LEADER,1,0,0,21,0,0,0,0,0,0,0,0,0,0,0
60006,27,bully,2025,1,0,0,22,0,308,0,1,27,57981,2025,0,23,0,0,0,LEADER,1,0,0,22,0,0,0,0,0,0,0,0,0,0,0
60009,2,bully,2214,1,0,0,7,14,98,196,3,1,57795,2214,0,5,0,0,0,NORMAL,0,0,0,7,0,0,0,14,0,0,0,0,0,0,0
59495,42,bully,1514,1,0,0,22,0,308,0,1,42,57981,1514,0,23,0,0,0,LEADER,1,0,0,22,0,0,0,0,0,0,0,0,0,0,0
60142,24,bully,2161,1,0,0,22,0,308,0,1,24,57981,2161,0,23,0,0,0,LEADER,1,0,0,22,0,0,0,0,0,0,0,0,0,0,0
60094,46,bully,2113,1,0,0,22,0,308,0,1,46,57981,2113,0,23,0,0,0,LEADER,1,0,0,22,0,0,0,0,0,0,0,0,0,0,0
59618,34,bully,1637,1,0,0,22,0,308,0,1,34,57981,1637,0,23,0,0,0,LEADER,1,0,0,22,0,0,0,0,0,0,0,0,0,0,0
59991,59,bully,2010,1,0,0,22,0,308,0,1,59,57981,2010,0,23,0,0,0,LEADER,1,0,0,22,0,0,0,0,0,0,0,0,0,0,0
60273,32,bully,2292,1,0,0,22,0,308,0,1,32,57981,2292,0,23,0,0,0,LEADER,1,0,0,22,0,0,0,0,0,0,0,0,0,0,0
59888,72,bully,1907,1,0,0,22,0,308,0,1,72,57981,1907,0,23,0,0,0,LEADER,1,0,0,22,0,0,0,0,0,0,0,0,0,0,0
60297,63,bully,2316,1,0,0,22,0,308,0,1,63,57981,2316,0,23,0,0,0,LEADER,1,0,0,22,0,0,0,0,0,0,0,0,0,0,0
59773,74,bully,1792,1,0,0,22,0,308,0,1,74,57981,1792,0,23,0,0,0,LEADER,1,0,0,22,0,0,0,0,0,0,0,0,0,0,0
59515,48,bully,1534,1,0,0,22,0,308,0,1,48,57981,1534,0,23,0,0,0,LEADER,1,0,0,22,0,0,0,0,0,0,0,0,0,0,0
59976,57,bully,1995,1,0,0,22,0,308,0,1,57,57981,1995,0,23,0,0,0,LEADER,1,0,0,22,0,0,0,0,0,0,0,0,0,0,0
60046,68,bully,2065,1,0,0,22,0,308,0,1,68,57981,2065,0,23,0,0,0,LEADER,1,0,0,22,0,0,0,0,0,0,0,0,0,0,0
59447,45,bully,1466,1,0,0,22,0,308,0,1,45,57981,1466,0,23,0,0,0,LEADER,1,0,0,22,0,0,0,0,0,0,0,0,0,0,0
59804,93,bully,1823,1,0,0,22,0,308,0,1,93,57981,1823,0,23,0,0,0,LEADER,1,0,0,22,0,0,0,0,0,0,0,0,0,0,0
60385,82,bully,2404,1,0,0,22,0,308,0,1,82,57981,2404,0,23,0,0,0,LEADER,1,0,0,22,0,0,0,0,0,0,0,0,0,0,0
60379,51,bully,2398,1,0,0,22,0,308,0,1,51,57981,2398,0,23,0,0,0,LEADER,1,0,0,22,0,0,0,0,0,0,0,0,0,0,0
59924,39,bully,1943,1,0,0,22,0,308,0,1,39,57981,1943,0,23,0,0,0,LEADER,1,0,0,22,0,0,0,0,0,0,0,0,0,0,0
59670,78,bully,1689,1,0,0,22,0,308,0,1,78,57981,1689,0,23,0,0,0,LEADER,1,0,0,22,0,0,0,0,0,0,0,0,0,0,0
60058,79,bully,2077,1,0,0,22,0,308,0,1,79,57981,2077,0,23,0,0,0,LEADER,1,0,0,22,0,0,0,0,0,0,0,0,0,0,0
59633,14,bully,1652,1,0,0,22,0,308,0,1,14,57981,1652,0,23,0,0,0,LEADER,1,0,0,22,0,0,0,0,0,0,0,0,0,0,0
60060,36,bully,2080,1,0,0,22,0,308,0,1,36,57980,2080,0,23,0,0,0,LEADER,1,0,0,22,0,0,0,0,0,0,0,0,0,0,0
59943,81,bully,1962,1,0,0,22,0,308,0,1,81,57981,1962,0,23,0,0,0,LEADER,1,0,0,22,0,0,0,0,0,0,0,0,0,0,0
59603,67,bully,1622,1,0,0,22,0,308,0,1,67,57981,1622,0,23,0,0,0,LEADER,1,0,0,22,0,0,0,0,0,0,0,0,0,0,0
60364,83,bully,2383,1,0,0,22,0,308,0,1,83,57981,2383,0,23,0,0,0,LEADER,1,0,0,22,0,0,0,0,0,0,0,0,0,0,0
60508,99,bully,1607,1,0,0,22,0,308,0,1,99,58901,1607,0,23,0,0,0,LEADER,1,0,0,22,0,0,0,0,0,0,0,0,0,0,0
59685,55,bully,1704,1,0,0,22,0,308,0,1,55,57981,1704,0,23,0,0,0,LEADER,1,0,0,22,0,0,0,0,0,0,0,0,0,0,0
60475,89,bully,1574,1,0,0,22,0,308,0,1,89,58901,1574,0,23,0,0,0,LEADER,1,0,0,22,0,0,0,0,0,0,0,0,0,0,0
59637,77,bully,1656,1,0,0,22,0,308,0,1,77,57981,1656,0,23,0,0,0,LEADER,1,0,0,22,0,0,0,0,0,0,0,0,0,0,0
59909,71,bully,1928,1,0,0,22,0,308,0,1,71,57981,1928,0,23,0,0,0,LEADER,1,0,0,22,0,0,0,0,0,0,0,0,0,0,0
59821,52,bully,1840,1,0,0,22,0,308,0,1,52,57981,1840,0,23,0,0,0,LEADER,1,0,0,22,0,0,0,0,0,0,0,0,0,0,0
60192,76,bully,2213,1,0,0,22,0,308,0,1,76,57979,2213,0,23,0,0,0,LEADER,1,0,0,22,0,0,0,0,0,0,0,0,0,0,0
59788,10,bully,1807,1,0,0,22,0,308,0,1,10,57981,1807,0,23,0,0,0,LEADER,1,0,0,22,0,0,0,0,0,0,0,0,0,0,0
59721,22,bully,1740,1,0,0,22,0,308,0,1,22,57981,1740,0,23,0,0,0,LEADER,1,0,0,22,0,0,0,0,0,0,0,0,0,0,0
59869,21,bully,1889,1,0,0,22,0,308,0,1,21,57980,1889,0,23,0,0,0,LEADER,1,0,0,22,0,0,0,0,0,0,0,0,0,0,0
60127,56,bully,2146,1,0,0,22,0,308,0,1,56,57981,2146,0,23,0,0,0,LEADER,1,0,0,22,0,0,0,0,0,0,0,0,0,0,0
59652,60,bully,1671,1,0,0,22,0,308,0,1,60,57981,1671,0,23,0,0,0,LEADER,1,0,0,22,0,0,0,0,0,0,0,0,0,0,0
60505,25,bully,1604,1,0,0,22,0,308,0,1,25,58901,1604,0,23,0,0,0,LEADER,1,0,0,22,0,0,0,0,0,0,0,0,0,0,0
59718,65,bully,1737,1,0,0,22,0,308,0,1,65,57981,1737,0,23,0,0,0,LEADER,1,0,0,22,0,0,0,0,0,0,0,0,0,0,0
60394,19,bully,2413,1,0,0,22,0,308,0,1,19,57981,2413,0,23,0,0,0,LEADER,1,0,0,22,0,0,0,0,0,0,0,0,0,0,0
60024,69,bully,2043,1,0,0,22,0,308,0,1,69,57981,2043,0,23,0,0,0,LEADER,1,0,0,22,0,0,0,0,0,0,0,0,0,0,0
60626,54,bully,1725,1,0,0,22,0,308,0,1,54,58901,1725,0,23,0,0,0,LEADER,1,0,0,22,0,0,0,0,0,0,0,0,0,0,0
59973,17,bully,1992,1,0,0,22,0,308,0,1,17,57981,1992,0,23,0,0,0,LEADER,1,0,0,22,0,0,0,0,0,0,0,0,0,0,0
60487,100,bully,1586,1,0,0,22,0,308,0,1,100,58901,1586,0,23,0,0,0,LEADER,1,0,0,22,0,0,0,0,0,0,0,0,0,0,0
60450,16,bully,1549,1,0,0,22,0,308,0,1,16,58901,1549,0,23,0,0,0,LEADER,1,0,0,22,0,0,0,0,0,0,0,0,0,0,0
60039,37,bully,2058,1,0,0,22,0,308,0,1,37,57981,2058,0,23,0,0,0,LEADER,1,0,0,22,0,0,0,0,0,0,0,0,0,0,0
60675,13,bully,1774,1,0,0,22,0,308,0,1,13,58901,1774,0,23,0,0,0,LEADER,1,0,0,22,0,0,0,0,0,0,0,0,0,0,0
59836,20,bully,1855,1,0,0,22,0,308,0,1,20,57981,1855,0,23,0,0,0,LEADER,1,0,0,22,0,0,0,0,0,0,0,0,0,0,0
60468,41,bully,1567,1,0,0,22,0,308,0,1,41,58901,1567,0,23,0,0,0,LEADER,1,0,0,22,0,0,0,0,0,0,0,0,0,0,0
60457,47,bully,1556,1,0,0,22,0,308,0,1,47,58901,1556,0,23,0,0,0,LEADER,1,0,0,22,0,0,0,0,0,0,0,0,0,0,0
60283,95,bully,2301,1,0,0,22,0,308,0,1,95,57982,2301,0,23,0,0,0,LEADER,1,0,0,22,0,0,0,0,0,0,0,0,0,0,0
60146,98,bully,2165,1,0,0,22,0,308,0,1,98,57981,2165,0,23,0,0,0,LEADER,1,0,0,22,0,0,0,0,0,0,0,0,0,0,0
60330,73,bully,2349,1,0,0,22,0,308,0,1,73,57981,2349,0,23,0,0,0,LEADER,1,0,0,22,0,0,0,0,0,0,0,0,0,0,0
59876,61,bully,1895,1,0,0,22,0,308,0,1,61,57981,1895,0,23,0,0,0,LEADER,1,0,0,22,0,0,0,0,0,0,0,0,0,0,0
60653,33,bully,1752,1,0,0,22,0,308,0,1,33,58901,1752,0,23,0,0,0,LEADER,1,0,0,22,0,0,0,0,0,0,0,0,0,0,0
60623,97,bully,1722,1,0,0,22,0,308,0,1,97,58901,1722,0,23,0,0,0,LEADER,1,0,0,22,0,0,0,0,0,0,0,0,0,0,0
60823,40,bully,1922,1,0,0,22,0,308,0,1,40,58901,1922,0,23,0,0,0,LEADER,1,0,0,22,0,0,0,0,0,0,0,0,0,0,0
60312,31,bully,2331,1,0,0,22,0,308,0,1,31,57981,2331,0,23,0,0,0,LEADER,1,0,0,22,0,0,0,0,0,0,0,0,0,0,0
60811,29,bully,1910,1,0,0,22,0,308,0,1,29,58901,1910,0,23,0,0,0,LEADER,1,0,0,22,0,0,0,0,0,0,0,0,0,0,0
60644,96,bully,1744,1,0,0,22,0,308,0,1,96,58900,1744,0,23,0,0,0,LEADER,1,0,0,22,0,0,0,0,0,0,0,0,0,0,0
60726,84,bully,1825,1,0,0,22,0,308,0,1,84,58901,1825,0,23,0,0,0,LEADER,1,0,0,22,0,0,0,0,0,0,0,0,0,0,0
60420,80,bully,1519,1,0,0,22,0,308,0,1,80,58901,1519,0,23,0,0,0,LEADER,1,0,0,22,0,0,0,0,0,0,0,0,0,0,0
60264,53,bully,2283,1,0,0,22,0,308,0,1,53,57981,2283,0,23,0,0,0,LEADER,1,0,0,22,0,0,0,0,0,0,0,0,0,0,0
60339,92,bully,1438,1,0,0,22,0,308,0,1,92,58901,1438,0,23,0,0,0,LEADER,1,0,0,22,0,0,0,0,0,0,0,0,0,0,0
60775,62,bully,1874,1,0,0,22,0,308,0,1,62,58901,1874,0,23,0,0,0,LEADER,1,0,0,22,0,0,0,0,0,0,0,0,0,0,0
60518,91,bully,1619,1,0,0,22,0,308,0,1,91,58899,1619,0,23,0,0,0,LEADER,1,0,0,22,0,0,0,0,0,0,0,0,0,0,0
60472,15,bully,1571,1,0,0,22,0,308,0,1,15,58901,1571,0,23,0,0,0,LEADER,1,0,0,22,0,0,0,0,0,0,0,0,0,0,0
60142,26,bully,2161,1,0,0,22,0,308,0,1,26,57981,2161,0,23,0,0,0,LEADER,1,0,0,22,0,0,0,0,0,0,0,0,0,0,0
60878,49,bully,1977,1,0,0,22,0,308,0,1,49,58901,1977,0,23,0,0,0,LEADER,1,0,0,22,0,0,0,0,0,0,0,0,0,0,0
60693,58,bully,1792,1,0,0,22,0,308,0,1,58,58901,1792,0,23,0,0,0,LEADER,1,0,0,22,0,0,0,0,0,0,0,0,0,0,0
60227,86,bully,2246,1,0,0,22,0,308,0,1,86,57981,2246,0,23,0,0,0,LEADER,1,0,0,22,0,0,0,0,0,0,0,0,0,0,0
60400,50,bully,2419,1,0,0,22,0,308,0,1,50,57981,2419,0,23,0,0,0,LEADER,1,0,0,22,0,0,0,0,0,0,0,0,0,0,0
60252,85,bully,2268,1,0,0,22,0,308,0,1,85,57984,2268,0,23,0,0,0,LEADER,1,0,0,22,0,0,0,0,0,0,0,0,0,0,0
60191,87,bully,2212,1,0,0,22,0,308,0,1,87,57979,2212,0,23,0,0,0,LEADER,1,0,0,22,0,0,0,0,0,0,0,0,0,0,0
60397,64,bully,2416,1,0,0,22,0,308,0,1,64,57981,2416,0,23,0,0,0,LEADER,1,0,0,22,0,0,0,0,0,0,0,0,0,0,0
60335,18,bully,1434,1,0,0,22,0,308,0,1,18,58901,1434,0,23,0,0,0,LEADER,1,0,0,22,0,0,0,0,0,0,0,0,0,0,0
60245,11,bully,2264,1,0,0,22,0,308,0,1,11,57981,2264,0,23,0,0,0,LEADER,1,0,0,22,0,0,0,0,0,0,0,0,0,0,0
60454,90,bully,1553,1,0,0,22,0,308,0,1,90,58901,1553,0,23,0,0,0,LEADER,1,0,0,22,0,0,0,0,0,0,0,0,0,0,0
60348,35,bully,1447,1,0,0,22,0,308,0,1,35,58901,1447,0,23,0,0,0,LEADER,1,0,0,22,0,0,0,0,0,0,0,0,0,0,0
60230,43,bully,2249,1,0,0,22,0,308,0,1,43,57981,2249,0,23,0,0,0,LEADER,1,0,0,22,0,0,0,0,0,0,0,0,0,0,0
60368,28,bully,1467,1,0,0,22,0,308,0,1,28,58901,1467,0,23,0,0,0,LEADER,1,0,0,22,0,0,0,0,0,0,0,0,0,0,0
61042,23,bully,2141,1,0,0,22,0,308,0,1,23,58901,2141,0,23,0,0,0,LEADER,1,0,0,22,0,0,0,0,0,0,0,0,0,0,0
60208,44,bully,2228,1,0,0,22,0,308,0,1,44,57980,2228,0,23,0,0,0,LEADER,1,0,0,22,0,0,0,0,0,0,0,0,0,0,0
60362,30,bully,1461,1,0,0,22,0,308,0,1,30,58901,1461,0,23,0,0,0,LEADER,1,0,0,22,0,0,0,0,0,0,0,0,0,0,0
60760,94,bully,1859,1,0,0,22,0,308,0,1,94,58901,1859,0,23,0,0,0,LEADER,1,0,0,22,0,0,0,0,0,0,0,0,0,0,0
60402,38,bully,1501,1,0,0,22,0,308,0,1,38,58901,1501,0,23,0,0,0,LEADER,1,0,0,22,0,0,0,0,0,0,0,0,0,0,0
61081,66,bully,2180,1,0,0,22,0,308,0,1,66,58901,2180,0,23,0,0,0,LEADER,1,0,0,22,0,0,0,0,0,0,0,0,0,0,0
60387,70,bully,1486,1,0,0,22,0,308,0,1,70,58901,1486,0,23,0,0,0,LEADER,1,0,0,22,0,0,0,0,0,0,0,0,0,0,0
61032,88,bully,2131,1,0,0,22,0,308,0,1,88,58901,2131,0,23,0,0,0,LEADER,1,0,0,22,0,0,0,0,0,0,0,0,0,0,0
60216,75,bully,2235,1,0,0,22,0,308,0,1,75,57981,2235,0,23,0,0,0,LEADER,1,0,0,22,0,0,0,0,0,0,0,0,0,0,0
60224,12,bully,2243,1,0,0,22,0,308,0,1,12,57981,2243,0,23,0,0,0,LEADER,1,0,0,22,0,0,0,0,0,0,0,0,0,0,0
60926,27,bully,2025,1,0,0,22,0,308,0,1,27,58901,2025,0,23,0,0,0,LEADER,1,0,0,22,0,0,0,0,0,0,0,0,0,0,0
60415,42,bully,1514,1,0,0,22,0,308,0,1,42,58901,1514,0,23,0,0,0,LEADER,1,0,0,22,0,0,0,0,0,0,0,0,0,0,0
61062,24,bully,2161,1,0,0,22,0,308,0,1,24,58901,2161,0,23,0,0,0,LEADER,1,0,0,22,0,0,0,0,0,0,0,0,0,0,0
61014,46,bully,2113,1,0,0,22,0,308,0,1,46,58901,2113,0,23,0,0,0,LEADER,1,0,0,22,0,0,0,0,0,0,0,0,0,0,0
60911,59,bully,2010,1,0,0,22,0,308,0,1,59,58901,2010,0,23,0,0,0,LEADER,1,0,0,22,0,0,0,0,0,0,0,0,0,0,0
60538,34,bully,1637,1,0,0,22,0,308,0,1,34,58901,1637,0,23,0,0,0,LEADER,1,0,0,22,0,0,0,0,0,0,0,0,0,0,0
61193,32,bully,2292,1,0,0,22,0,308,0,1,32,58901,2292,0,23,0,0,0,LEADER,1,0,0,22,0,0,0,0,0,0,0,0,0,0,0
60808,72,bully,1907,1,0,0,22,0,308,0,1,72,58901,1907,0,23,0,0,0,LEADER,1,0,0,22,0,0,0,0,0,0,0,0,0,0,0
61217,63,bully,2316,1,0,0,22,0,308,0,1,63,58901,2316,0,23,0,0,0,LEADER,1,0,0,22,0,0,0,0,0,0,0,0,0,0,0
60693,74,bully,1792,1,0,0,22,0,308,0,1,74,58901,1792,0,23,0,0,0,LEADER,1,0,0,22,0,0,0,0,0,0,0,0,0,0,0
60435,48,bully,1534,1,0,0,22,0,308,0,1,48,58901,1534,0,23,0,0,0,LEADER,1,0,0,22,0,0,0,0,0,0,0,0,0,0,0
60896,57,bully,1995,1,0,0,22,0,308,0,1,57,58901,1995,0,23,0,0,0,LEADER,1,0,0,22,0,0,0,0,0,0,0,0,0,0,0
60966,68,bully,2065,1,0,0,22,0,308,0,1,68,58901,2065,0,23,0,0,0,LEADER,1,0,0,22,0,0,0,0,0,0,0,0,0,0,0
60367,45,bully,1466,1,0,0,22,0,308,0,1,45,58901,1466,0,23,0,0,0,LEADER,1,0,0,22,0,0,0,0,0,0,0,0,0,0,0
60724,93,bully,1823,1,0,0,22,0,308,0,1,93,58901,1823,0,23,0,0,0,LEADER,1,0,0,22,0,0,0,0,0,0,0,0,0,0,0
61305,82,bully,2404,1,0,0,22,0,308,0,1,82,58901,2404,0,23,0,0,0,LEADER,1,0,0,22,0,0,0,0,0,0,0,0,0,0,0
61299,51,bully,2398,1,0,0,22,0,308,0,1,51,58901,2398,0,23,0,0,0,LEADER,1,0,0,22,0,0,0,0,0,0,0,0,0,0,0
60844,39,bully,1943,1,0,0,22,0,308,0,1,39,58901,1943,0,23,0,0,0,LEADER,1,0,0,22,0,0,0,0,0,0,0,0,0,0,0
60590,78,bully,1689,1,0,0,22,0,308,0,1,78,58901,1689,0,23,0,0,0,LEADER,1,0,0,22,0,0,0,0,0,0,0,0,0,0,0
60978,79,bully,2077,1,0,0,22,0,308,0,1,79,58901,2077,0,23,0,0,0,LEADER,1,0,0,22,0,0,0,0,0,0,0,0,0,0,0
60553,14,bully,1652,1,0,0,22,0,308,0,1,14,58901,1652,0,23,0,0,0,LEADER,1,0,0,22,0,0,0,0,0,0,0,0,0,0,0
60980,36,bully,2080,1,0,0,22,0,308,0,1,36,58900,2080,0,23,0,0,0,LEADER,1,0,0,22,0,0,0,0,0,0,0,0,0,0,0
60863,81,bully,1962,1,0,0,22,0,308,0,1,81,58901,1962,0,23,0,0,0,LEADER,1,0,0,22,0,0,0,0,0,0,0,0,0,0,0
60523,67,bully,1622,1,0,0,22,0,308,0,1,67,58901,1622,0,23,0,0,0,LEADER,1,0,0,22,0,0,0,0,0,0,0,0,0,0,0
61284,83,bully,2383,1,0,0,22,0,308,0,1,83,58901,2383,0,23,0,0,0,LEADER,1,0,0,22,0,0,0,0,0,0,0,0,0,0,0
61428,99,bully,1607,1,0,0,22,0,308,0,1,99,59821,1607,0,23,0,0,0,LEADER,1,0,0,22,0,0,0,0,0,0,0,0,0,0,0
60605,55,bully,1704,1,0,0,22,0,308,0,1,55,58901,1704,0,23,0,0,0,LEADER,1,0,0,22,0,0,0,0,0,0,0,0,0,0,0
61395,89,bully,1574,1,0,0,22,0,308,0,1,89,59821,1574,0,23,0,0,0,LEADER,1,0,0,22,0,0,0,0,0,0,0,0,0,0,0
60557,77,bully,1656,1,0,0,22,0,308,0,1,77,58901,1656,0,23,0,0,0,LEADER,1,0,0,22,0,0,0,0,0,0,0,0,0,0,0
60829,71,bully,1928,1,0,0,22,0,308,0,1,71,58901,1928,0,23,0,0,0,LEADER,1,0,0,22,0,0,0,0,0,0,0,0,0,0,0
60741,52,bully,1840,1,0,0,22,0,308,0,1,52,58901,1840,0,23,0,0,0,LEADER,1,0,0,22,0,0,0,0,0,0,0,0,0,0,0
61112,76,bully,2213,1,0,0,22,0,308,0,1,76,58899,2213,0,23,0,0,0,LEADER,1,0,0,22,0,0,0,0,0,0,0,0,0,0,0
60708,10,bully,1807,1,0,0,22,0,308,0,1,10,58901,1807,0,23,0,0,0,LEADER,1,0,0,22,0,0,0,0,0,0,0,0,0,0,0
60641,22,bully,1740,1,0,0,22,0,308,0,1,22,58901,1740,0,23,0,0,0,LEADER,1,0,0,22,0,0,0,0,0,0,0,0,0,0,0
60789,21,bully,1889,1,0,0,22,0,308,0,1,21,58900,1889,0,23,0,0,0,LEADER,1,0,0,22,0,0,0,0,0,0,0,0,0,0,0
61047,56,bully,2146,1,0,0,22,0,308,0,1,56,58901,2146,0,23,0,0,0,LEADER,1,0,0,22,0,0,0,0,0,0,0,0,0,0,0
60572,60,bully,1671,1,0,0,22,0,308,0,1,60,58901,1671,0,23,0,0,0,LEADER,1,0,0,22,0,0,0,0,0,0,0,0,0,0,0
61425,25,bully,1604,1,0,0,22,0,308,0,1,25,59821,1604,0,23,0,0,0,LEADER,1,0,0,22,0,0,0,0,0,0,0,0,0,0,0
60638,65,bully,1737,1,0,0,22,0,308,0,1,65,58901,1737,0,23,0,0,0,LEADER,1,0,0,22,0,0,0,0,0,0,0,0,0,0,0
61314,19,bully,2413,1,0,0,22,0,308,0,1,19,58901,2413,0,23,0,0,0,LEADER,1,0,0,22,0,0,0,0,0,0,0,0,0,0,0
60944,69,bully,2043,1,0,0,22,0,308,0,1,69,58901,2043,0,23,0,0,0,LEADER,1,0,0,22,0,0,0,0,0,0,0,0,0,0,0
61546,54,bully,1725,1,0,0,22,0,308,0,1,54,59821,1725,0,23,0,0,0,LEADER,1,0,0,22,0,0,0,0,0,0,0,0,0,0,0
60893,17,bully,1992,1,0,0,22,0,308,0,1,17,58901,1992,0,23,0,0,0,LEADER,1,0,0,22,0,0,0,0,0,0,0,0,0,0,0
61407,100,bully,1586,1,0,0,22,0,308,0,1,100,59821,1586,0,23,0,0,0,LEADER,1,0,0,22,0,0,0,0,0,0,0,0,0,0,0
61370,16,bully,1549,1,0,0,22,0,308,0,1,16,59821,1549,0,23,0,0,0,LEADER,1,0,0,22,0,0,0,0,0,0,0,0,0,0,0
60959,37,bully,2058,1,0,0,22,0,308,0,1,37,58901,2058,0,23,0,0,0,LEADER,1,0,0,22,0,0,0,0,0,0,0,0,0,0,0
61595,13,bully,1774,1,0,0,22,0,308,0,1,13,59821,1774,0,23,0,0,0,LEADER,1,0,0,22,0,0,0,0,0,0,0,0,0,0,0
60756,20,bully,1855,1,0,0,22,0,308,0,1,20,58901,1855,0,23,0,0,0,LEADER,1,0,0,22,0,0,0,0,0,0,0,0,0,0,0
61388,41,bully,1567,1,0,0,22,0,308,0,1,41,59821,1567,0,23,0,0,0,LEADER,1,0,0,22,0,0,0,0,0,0,0,0,0,0,0
61377,47,bully,1556,1,0,0,22,0,308,0,1,47,59821,1556,0,23,0,0,0,LEADER,1,0,0,22,0,0,0,0,0,0,0,0,0,0,0
61203,95,bully,2301,1,0,0,22,0,308,0,1,95,58902,2301,0,23,0,0,0,LEADER,1,0,0,22,0,0,0,0,0,0,0,0,0,0,0
61066,98,bully,2165,1,0,0,22,0,308,0,1,98,58901,2165,0,23,0,0,0,LEADER,1,0,0,22,0,0,0,0,0,0,0,0,0,0,0
61250,73,bully,2349,1,0,0,22,0,308,0,1,73,58901,2349,0,23,0,0,0,LEADER,1,0,0,22,0,0,0,0,0,0,0,0,0,0,0
61573,33,bully,1752,1,0,0,22,0,308,0,1,33,59821,1752,0,23,0,0,0,LEADER,1,0,0,22,0,0,0,0,0,0,0,0,0,0,0
61543,97,bully,1722,1,0,0,22,0,308,0,1,97,59821,1722,0,23,0,0,0,LEADER,1,0,0,22,0,0,0,0,0,0,0,0,0,0,0
60796,61,bully,1895,1,0,0,22,0,308,0,1,61,58901,1895,0,23,0,0,0,LEADER,1,0,0,22,0,0,0,0,0,0,0,0,0,0,0
61232,31,bully,2331,1,0,0,22,0,308,0,1,31,58901,2331,0,23,0,0,0,LEADER,1,0,0,22,0,0,0,0,0,0,0,0,0,0,0
61731,29,bully,1910,1,0,0,22,0,308,0,1,29,59821,1910,0,23,0,0,0,LEADER,1,0,0,22,0,0,0,0,0,0,0,0,0,0,0
61743,40,bully,1922,1,0,0,22,0,308,0,1,40,59821,1922,0,23,0,0,0,LEADER,1,0,0,22,0,0,0,0,0,0,0,0,0,0,0
61564,96,bully,1744,1,0,0,22,0,308,0,1,96,59820,1744,0,23,0,0,0,LEADER,1,0,0,22,0,0,0,0,0,0,0,0,0,0,0
61646,84,bully,1825,1,0,0,22,0,308,0,1,84,59821,1825,0,23,0,0,0,LEADER,1,0,0,22,0,0,0,0,0,0,0,0,0,0,0
61340,80,bully,1519,1,0,0,22,0,308,0,1,80,59821,1519,0,23,0,0,0,LEADER,1,0,0,22,0,0,0,0,0,0,0,0,0,0,0
61184,53,bully,2283,1,0,0,22,0,308,0,1,53,58901,2283,0,23,0,0,0,LEADER,1,0,0,22,0,0,0,0,0,0,0,0,0,0,0
61259,92,bully,1438,1,0,0,22,0,308,0,1,92,59821,1438,0,23,0,0,0,LEADER,1,0,0,22,0,0,0,0,0,0,0,0,0,0,0
61695,62,bully,1874,1,0,0,22,0,308,0,1,62,59821,1874,0,23,0,0,0,LEADER,1,0,0,22,0,0,0,0,0,0,0,0,0,0,0
61438,91,bully,1619,1,0,0,22,0,308,0,1,91,59819,1619,0,23,0,0,0,LEADER,1,0,0,22,0,0,0,0,0,0,0,0,0,0,0
61392,15,bully,1571,1,0,0,22,0,308,0,1,15,59821,1571,0,23,0,0,0,LEADER,1,0,0,22,0,0,0,0,0,0,0,0,0,0,0
61062,26,bully,2161,1,0,0,22,0,308,0,1,26,58901,2161,0,23,0,0,0,LEADER,1,0,0,22,0,0,0,0,0,0,0,0,0,0,0
61798,49,bully,1977,1,0,0,22,0,308,0,1,49,59821,1977,0,23,0,0,0,LEADER,1,0,0,22,0,0,0,0,0,0,0,0,0,0,0
61613,58,bully,1792,1,0,0,22,0,308,0,1,58,59821,1792,0,23,0,0,0,LEADER,1,0,0,22,0,0,0,0,0,0,0,0,0,0,0
61147,86,bully,2246,1,0,0,22,0,308,0,1,86,58901,2246,0,23,0,0,0,LEADER,1,0,0,22,0,0,0,0,0,0,0,0,0,0,0
61320,50,bully,2419,1,0,0,22,0,308,0,1,50,58901,2419,0,23,0,0,0,LEADER,1,0,0,22,0,0,0,0,0,0,0,0,0,0,0
61172,85,bully,2268,1,0,0,22,0,308,0,1,85,58904,2268,0,23,0,0,0,LEADER,1,0,0,22,0,0,0,0,0,0,0,0,0,0,0
61111,87,bully,2212,1,0,0,22,0,308,0,1,87,58899,2212,0,23,0,0,0,LEADER,1,0,0,22,0,0,0,0,0,0,0,0,0,0,0
61317,64,bully,2416,1,0,0,22,0,308,0,1,64,58901,2416,0,23,0,0,0,LEADER,1,0,0,22,0,0,0,0,0,0,0,0,0,0,0
61255,18,bully,1434,1,0,0,22,0,308,0,1,18,59821,1434,0,23,0,0,0,LEADER,1,0,0,22,0,0,0,0,0,0,0,0,0,0,0
61165,11,bully,2264,1,0,0,22,0,308,0,1,11,58901,2264,0,23,0,0,0,LEADER,1,0,0,22,0,0,0,0,0,0,0,0,0,0,0
61374,90,bully,1553,1,0,0,22,0,308,0,1,90,59821,1553,0,23,0,0,0,LEADER,1,0,0,22,0,0,0,0,0,0,0,0,0,0,0
61268,35,bully,1447,1,0,0,22,0,308,0,1,35,59821,1447,0,23,0,0,0,LEADER,1,0,0,22,0,0,0,0,0,0,0,0,0,0,0
61150,43,bully,2249,1,0,0,22,0,308,0,1,43,58901,2249,0,23,0,0,0,LEADER,1,0,0,22,0,0,0,0,0,0,0,0,0,0,0
61288,28,bully,1467,1,0,0,22,0,308,0,1,28,59821,1467,0,23,0,0,0,LEADER,1,0,0,22,0,0,0,0,0,0,0,0,0,0,0
61962,23,bully,2141,1,0,0,22,0,308,0,1,23,59821,2141,0,23,0,0,0,LEADER,1,0,0,22,0,0,0,0,0,0,0,0,0,0,0
61128,44,bully,2228,1,0,0,22,0,308,0,1,44,58900,2228,0,23,0,0,0,LEADER,1,0,0,22,0,0,0,0,0,0,0,0,0,0,0
61282,30,bully,1461,1,0,0,22,0,308,0,1,30,59821,1461,0,23,0,0,0,LEADER,1,0,0,22,0,0,0,0,0,0,0,0,0,0,0
61680,94,bully,1859,1,0,0,22,0,308,0,1,94,59821,1859,0,23,0,0,0,LEADER,1,0,0,22,0,0,0,0,0,0,0,0,0,0,0
61322,38,bully,1501,1,0,0,22,0,308,0,1,38,59821,1501,0,23,0,0,0,LEADER,1,0,0,22,0,0,0,0,0,0,0,0,0,0,0
62001,66,bully,2180,1,0,0,22,0,308,0,1,66,59821,2180,0,23,0,0,0,LEADER,1,0,0,22,0,0,0,0,0,0,0,0,0,0,0
61307,70,bully,1486,1,0,0,22,0,308,0,1,70,59821,1486,0,23,0,0,0,LEADER,1,0,0,22,0,0,0,0,0,0,0,0,0,0,0
61952,88,bully,2131,1,0,0,22,0,308,0,1,88,59821,2131,0,23,0,0,0,LEADER,1,0,0,22,0,0,0,0,0,0,0,0,0,0,0
61136,75,bully,2235,1,0,0,22,0,308,0,1,75,58901,2235,0,23,0,0,0,LEADER,1,0,0,22,0,0,0,0,0,0,0,0,0,0,0
61144,12,bully,2243,1,0,0,22,0,308,0,1,12,58901,2243,0,23,0,0,0,LEADER,1,0,0,22,0,0,0,0,0,0,0,0,0,0,0
61846,27,bully,2025,1,0,0,22,0,308,0,1,27,59821,2025,0,23,0,0,0,LEADER,1,0,0,22,0,0,0,0,0,0,0,0,0,0,0
61335,42,bully,1514,1,0,0,22,0,308,0,1,42,59821,1514,0,23,0,0,0,LEADER,1,0,0,22,0,0,0,0,0,0,0,0,0,0,0
61982,24,bully,2161,1,0,0,22,0,308,0,1,24,59821,2161,0,23,0,0,0,LEADER,1,0,0,22,0,0,0,0,0,0,0,0,0,0,0
61934,46,bully,2113,1,0,0,22,0,308,0,1,46,59821,2113,0,23,0,0,0,LEADER,1,0,0,22,0,0,0,0,0,0,0,0,0,0,0
61458,34,bully,1637,1,0,0,22,0,308,0,1,34,59821,1637,0,23,0,0,0,LEADER,1,0,0,22,0,0,0,0,0,0,0,0,0,0,0
61831,59,bully,2010,1,0,0,22,0,308,0,1,59,59821,2010,0,23,0,0,0,LEADER,1,0,0,22,0,0,0,0,0,0,0,0,0,0,0
62113,32,bully,2292,1,0,0,22,0,308,0,1,32,59821,2292,0,23,0,0,0,LEADER,1,0,0,22,0,0,0,0,0,0,0,0,0,0,0
61728,72,bully,1907,1,0,0,22,0,308,0,1,72,59821,1907,0,23,0,0,0,LEADER,1,0,0,22,0,0,0,0,0,0,0,0,0,0,0
62137,63,bully,2316,1,0,0,22,0,308,0,1,63,59821,2316,0,23,0,0,0,LEADER,1,0,0,22,0,0,0,0,0,0,0,0,0,0,0
61613,74,bully,1792,1,0,0,22,0,308,0,1,74,59821,1792,0,23,0,0,0,LEADER,1,0,0,22,0,0,0,0,0,0,0,0,0,0,0
61355,48,bully,1534,1,0,0,22,0,308,0,1,48,59821,1534,0,23,0,0,0,LEADER,1,0,0,22,0,0,0,0,0,0,0,0,0,0,0
61816,57,bully,1995,1,0,0,22,0,308,0,1,57,59821,1995,0,23,0,0,0,LEADER,1,0,0,22,0,0,0,0,0,0,0,0,0,0,0
61886,68,bully,2065,1,0,0,22,0,308,0,1,68,59821,2065,0,23,0,0,0,LEADER,1,0,0,22,0,0,0,0,0,0,0,0,0,0,0
61287,45,bully,1466,1,0,0,22,0,308,0,1,45,59821,1466,0,23,0,0,0,LEADER,1,0,0,22,0,0,0,0,0,0,0,0,0,0,0
61644,93,bully,1823,1,0,0,22,0,308,0,1,93,59821,1823,0,23,0,0,0,LEADER,1,0,0,22,0,0,0,0,0,0,0,0,0,0,0
62225,82,bully,2404,1,0,0,22,0,308,0,1,82,59821,2404,0,23,0,0,0,LEADER,1,0,0,22,0,0,0,0,0,0,0,0,0,0,0
62219,51,bully,2398,1,0,0,22,0,308,0,1,51,59821,2398,0,23,0,0,0,LEADER,1,0,0,22,0,0,0,0,0,0,0,0,0,0,0
61764,39,bully,1943,1,0,0,22,0,308,0,1,39,59821,1943,0,23,0,0,0,LEADER,1,0,0,22,0,0,0,0,0,0,0,0,0,0,0
61510,78,bully,1689,1,0,0,22,0,308,0,1,78,59821,1689,0,23,0,0,0,LEADER,1,0,0,22,0,0,0,0,0,0,0,0,0,0,0
61898,79,bully,2077,1,0,0,22,0,308,0,1,79,59821,2077,0,23,0,0,0,LEADER,1,0,0,22,0,0,0,0,0,0,0,0,0,0,0
61473,14,bully,1652,1,0,0,22,0,308,0,1,14,59821,1652,0,23,0,0,0,LEADER,1,0,0,22,0,0,0,0,0,0,0,0,0,0,0
61900,36,bully,2080,1,0,0,22,0,308,0,1,36,59820,2080,0,23,0,0,0,LEADER,1,0,0,22,0,0,0,0,0,0,0,0,0,0,0
61783,81,bully,1962,1,0,0,22,0,308,0,1,81,59821,1962,0,23,0,0,0,LEADER,1,0,0,22,0,0,0,0,0,0,0,0,0,0,0
61443,67,bully,1622,1,0,0,22,0,308,0,1,67,59821,1622,0,23,0,0,0,LEADER,1,0,0,22,0,0,0,0,0,0,0,0,0,0,0
62204,83,bully,2383,1,0,0,22,0,308,0,1,83,59821,2383,0,23,0,0,0,LEADER,1,0,0,22,0,0,0,0,0,0,0,0,0,0,0
62349,99,bully,1607,1,0,0,23,0,322,0,1,99,60742,1607,0,24,0,0,0,LEADER,1,0,0,23,0,0,0,0,0,0,0,0,0,0,0
61525,55,bully,1704,1,0,0,22,0,308,0,1,55,59821,1704,0,23,0,0,0,LEADER,1,0,0,22,0,0,0,0,0,0,0,0,0,0,0
62316,89,bully,1574,1,0,0,23,0,322,0,1,89,60742,1574,0,24,0,0,0,LEADER,1,0,0,23,0,0,0,0,0,0,0,0,0,0,0
61477,77,bully,1656,1,0,0,22,0,308,0,1,77,59821,1656,0,23,0,0,0,LEADER,1,0,0,22,0,0,0,0,0,0,0,0,0,0,0
61749,71,bully,1928,1,0,0,22,0,308,0,1,71,59821,1928,0,23,0,0,0,LEADER,1,0,0,22,0,0,0,0,0,0,0,0,0,0,0
61661,52,bully,1840,1,0,0,22,0,308,0,1,52,59821,1840,0,23,0,0,0,LEADER,1,0,0,22,0,0,0,0,0,0,0,0,0,0,0
62032,76,bully,2213,1,0,0,22,0,308,0,1,76,59819,2213,0,23,0,0,0,LEADER,1,0,0,22,0,0,0,0,0,0,0,0,0,0,0
61628,10,bully,1807,1,0,0,22,0,308,0,1,10,59821,1807,0,23,0,0,0,LEADER,1,0,0,22,0,0,0,0,0,0,0,0,0,0,0
61561,22,bully,1740,1,0,0,22,0,308,0,1,22,59821,1740,0,23,0,0,0,LEADER,1,0,0,22,0,0,0,0,0,0,0,0,0,0,0
61709,21,bully,1889,1,0,0,22,0,308,0,1,21,59820,1889,0,23,0,0,0,LEADER,1,0,0,22,0,0,0,0,0,0,0,0,0,0,0
61967,56,bully,2146,1,0,0,22,0,308,0,1,56,59821,2146,0,23,0,0,0,LEADER,1,0,0,22,0,0,0,0,0,0,0,0,0,0,0
61492,60,bully,1671,1,0,0,22,0,308,0,1,60,59821,1671,0,23,0,0,0,LEADER,1,0,0,22,0,0,0,0,0,0,0,0,0,0,0
62346,25,bully,1604,1,0,0,23,0,322,0,1,25,60742,1604,0,24,0,0,0,LEADER,1,0,0,23,0,0,0,0,0,0,0,0,0,0,0
61558,65,bully,1737,1,0,0,22,0,308,0,1,65,59821,1737,0,23,0,0,0,LEADER,1,0,0,22,0,0,0,0,0,0,0,0,0,0,0
62234,19,bully,2413,1,0,0,22,0,308,0,1,19,59821,2413,0,23,0,0,0,LEADER,1,0,0,22,0,0,0,0,0,0,0,0,0,0,0
61864,69,bully,2043,1,0,0,22,0,308,0,1,69,59821,2043,0,23,0,0,0,LEADER,1,0,0,22,0,0,0,0,0,0,0,0,0,0,0
62467,54,bully,1725,1,0,0,23,0,322,0,1,54,60742,1725,0,24,0,0,0,LEADER,1,0,0,23,0,0,0,0,0,0,0,0,0,0,0
61813,17,bully,1992,1,0,0,22,0,308,0,1,17,59821,1992,0,23,0,0,0,LEADER,1,0,0,22,0,0,0,0,0,0,0,0,0,0,0
62328,100,bully,1586,1,0,0,23,0,322,0,1,100,60742,1586,0,24,0,0,0,LEADER,1,0,0,23,0,0,0,0,0,0,0,0,0,0,0
62291,16,bully,1549,1,0,0,23,0,322,0,1,16,60742,1549,0,24,0,0,0,LEADER,1,0,0,23,0,0,0,0,0,0,0,0,0,0,0
61879,37,bully,2058,1,0,0,22,0,308,0,1,37,59821,2058,0,23,0,0,0,LEADER,1,0,0,22,0,0,0,0,0,0,0,0,0,0,0
62516,13,bully,1774,1,0,0,23,0,322,0,1,13,60742,1774,0,24,0,0,0,LEADER,1,0,0,23,0,0,0,0,0,0,0,0,0,0,0
61676,20,bully,1855,1,0,0,22,0,308,0,1,20,59821,1855,0,23,0,0,0,LEADER,1,0,0,22,0,0,0,0,0,0,0,0,0,0,0
62309,41,bully,1567,1,0,0,23,0,322,0,1,41,60742,1567,0,24,0,0,0,LEADER,1,0,0,23,0,0,0,0,0,0,0,0,0,0,0
62298,47,bully,1556,1,0,0,23,0,322,0,1,47,60742,1556,0,24,0,0,0,LEADER,1,0,0,23,0,0,0,0,0,0,0,0,0,0,0
62123,95,bully,2301,1,0,0,22,0,308,0,1,95,59822,2301,0,23,0,0,0,LEADER,1,0,0,22,0,0,0,0,0,0,0,0,0,0,0
62197,1,bully,2293,1,0,0,7,7,98,98,1,1,59904,2293,0,6,0,0,0,LEADER,1,0,0,7,0,0,0,7,0,0,0,0,0,0,0
61986,98,bully,2165,1,0,0,22,0,308,0,1,98,59821,2165,0,23,0,0,0,LEADER,1,0,0,22,0,0,0,0,0,0,0,0,0,0,0
62170,73,bully,2349,1,0,0,22,0,308,0,1,73,59821,2349,0,23,0,0,0,LEADER,1,0,0,22,0,0,0,0,0,0,0,0,0,0,0
61716,61,bully,1895,1,0,0,22,0,308,0,1,61,59821,1895,0,23,0,0,0,LEADER,1,0,0,22,0,0,0,0,0,0,0,0,0,0,0
62464,97,bully,1722,1,0,0,23,0,322,0,1,97,60742,1722,0,24,0,0,0,LEADER,1,0,0,23,0,0,0,0,0,0,0,0,0,0,0
62494,33,bully,1752,1,0,0,23,0,322,0,1,33,60742,1752,0,24,0,0,0,LEADER,1,0,0,23,0,0,0,0,0,0,0,0,0,0,0
62152,31,bully,2331,1,0,0,22,0,308,0,1,31,59821,2331,0,23,0,0,0,LEADER,1,0,0,22,0,0,0,0,0,0,0,0,0,0,0
62652,29,bully,1910,1,0,0,23,0,322,0,1,29,60742,1910,0,24,0,0,0,LEADER,1,0,0,23,0,0,0,0,0,0,0,0,0,0,0
62664,40,bully,1922,1,0,0,23,0,322,0,1,40,60742,1922,0,24,0,0,0,LEADER,1,0,0,23,0,0,0,0,0,0,0,0,0,0,0
62485,96,bully,1744,1,0,0,23,0,322,0,1,96,60741,1744,0,24,0,0,0,LEADER,1,0,0,23,0,0,0,0,0,0,0,0,0,0,0
62567,84,bully,1825,1,0,0,23,0,322,0,1,84,60742,1825,0,24,0,0,0,LEADER,1,0,0,23,0,0,0,0,0,0,0,0,0,0,0
62261,80,bully,1519,1,0,0,23,0,322,0,1,80,60742,1519,0,24,0,0,0,LEADER,1,0,0,23,0,0,0,0,0,0,0,0,0,0,0
62104,53,bully,2283,1,0,0,22,0,308,0,1,53,59821,2283,0,23,0,0,0,LEADER,1,0,0,22,0,0,0,0,0,0,0,0,0,0,0
62180,92,bully,1438,1,0,0,23,0,322,0,1,92,60742,1438,0,24,0,0,0,LEADER,1,0,0,23,0,0,0,0,0,0,0,0,0,0,0
62616,62,bully,1874,1,0,0,23,0,322,0,1,62,60742,1874,0,24,0,0,0,LEADER,1,0,0,23,0,0,0,0,0,0,0,0,0,0,0
62359,91,bully,1619,1,0,0,23,0,322,0,1,91,60740,1619,0,24,0,0,0,LEADER,1,0,0,23,0,0,0,0,0,0,0,0,0,0,0
62313,15,bully,1571,1,0,0,23,0,322,0,1,15,60742,1571,0,24,0,0,0,LEADER,1,0,0,23,0,0,0,0,0,0,0,0,0,0,0
61982,26,bully,2161,1,0,0,22,0,308,0,1,26,59821,2161,0,23,0,0,0,LEADER,1,0,0,22,0,0,0,0,0,0,0,0,0,0,0
62719,49,bully,1977,1,0,0,23,0,322,0,1,49,60742,1977,0,24,0,0,0,LEADER,1,0,0,23,0,0,0,0,0,0,0,0,0,0,0
62534,58,bully,1792,1,0,0,23,0,322,0,1,58,60742,1792,0,24,0,0,0,LEADER,1,0,0,23,0,0,0,0,0,0,0,0,0,0,0
62067,86,bully,2246,1,0,0,22,0,308,0,1,86,59821,2246,0,23,0,0,0,LEADER,1,0,0,22,0,0,0,0,0,0,0,0,0,0,0
62240,50,bully,2419,1,0,0,22,0,308,0,1,50,59821,2419,0,23,0,0,0,LEADER,1,0,0,22,0,0,0,0,0,0,0,0,0,0,0
62092,85,bully,2268,1,0,0,22,0,308,0,1,85,59824,2268,0,23,0,0,0,LEADER,1,0,0,22,0,0,0,0,0,0,0,0,0,0,0
62031,87,bully,2212,1,0,0,22,0,308,0,1,87,59819,2212,0,23,0,0,0,LEADER,1,0,0,22,0,0,0,0,0,0,0,0,0,0,0
62237,64,bully,2416,1,0,0,22,0,308,0,1,64,59821,2416,0,23,0,0,0,LEADER,1,0,0,22,0,0,0,0,0,0,0,0,0,0,0
62085,11,bully,2264,1,0,0,22,0,308,0,1,11,59821,2264,0,23,0,0,0,LEADER,1,0,0,22,0,0,0,0,0,0,0,0,0,0,0
62176,18,bully,1434,1,0,0,23,0,322,0,1,18,60742,1434,0,24,0,0,0,LEADER,1,0,0,23,0,0,0,0,0,0,0,0,0,0,0
62295,90,bully,1553,1,0,0,23,0,322,0,1,90,60742,1553,0,24,0,0,0,LEADER,1,0,0,23,0,0,0,0,0,0,0,0,0,0,0
62189,35,bully,1447,1,0,0,23,0,322,0,1,35,60742,1447,0,24,0,0,0,LEADER,1,0,0,23,0,0,0,0,0,0,0,0,0,0,0
62070,43,bully,2249,1,0,0,22,0,308,0,1,43,59821,2249,0,23,0,0,0,LEADER,1,0,0,22,0,0,0,0,0,0,0,0,0,0,0
62209,28,bully,1467,1,0,0,23,0,322,0,1,28,60742,1467,0,24,0,0,0,LEADER,1,0,0,23,0,0,0,0,0,0,0,0,0,0,0
62048,44,bully,2228,1,0,0,22,0,308,0,1,44,59820,2228,0,23,0,0,0,LEADER,1,0,0,22,0,0,0,0,0,0,0,0,0,0,0
62883,23,bully,2141,1,0,0,23,0,322,0,1,23,60742,2141,0,24,0,0,0,LEADER,1,0,0,23,0,0,0,0,0,0,0,0,0,0,0
62203,30,bully,1461,1,0,0,23,0,322,0,1,30,60742,1461,0,24,0,0,0,LEADER,1,0,0,23,0,0,0,0,0,0,0,0,0,0,0
62601,94,bully,1859,1,0,0,23,0,322,0,1,94,60742,1859,0,24,0,0,0,LEADER,1,0,0,23,0,0,0,0,0,0,0,0,0,0,0
62243,38,bully,1501,1,0,0,23,0,322,0,1,38,60742,1501,0,24,0,0,0,LEADER,1,0,0,23,0,0,0,0,0,0,0,0,0,0,0
62922,66,bully,2180,1,0,0,23,0,322,0,1,66,60742,2180,0,24,0,0,0,LEADER,1,0,0,23,0,0,0,0,0,0,0,0,0,0,0
62228,70,bully,1486,1,0,0,23,0,322,0,1,70,60742,1486,0,24,0,0,0,LEADER,1,0,0,23,0,0,0,0,0,0,0,0,0,0,0
62873,88,bully,2131,1,0,0,23,0,322,0,1,88,60742,2131,0,24,0,0,0,LEADER,1,0,0,23,0,0,0,0,0,0,0,0,0,0,0
62056,75,bully,2235,1,0,0,22,0,308,0,1,75,59821,2235,0,23,0,0,0,LEADER,1,0,0,22,0,0,0,0,0,0,0,0,0,0,0
62064,12,bully,2243,1,0,0,22,0,308,0,1,12,59821,2243,0,23,0,0,0,LEADER,1,0,0,22,0,0,0,0,0,0,0,0,0,0,0
62767,27,bully,2025,1,0,0,23,0,322,0,1,27,60742,2025,0,24,0,0,0,LEADER,1,0,0,23,0,0,0,0,0,0,0,0,0,0,0
62256,42,bully,1514,1,0,0,23,0,322,0,1,42,60742,1514,0,24,0,0,0,LEADER,1,0,0,23,0,0,0,0,0,0,0,0,0,0,0
62903,24,bully,2161,1,0,0,23,0,322,0,1,24,60742,2161,0,24,0,0,0,LEADER,1,0,0,23,0,0,0,0,0,0,0,0,0,0,0
62855,46,bully,2113,1,0,0,23,0,322,0,1,46,60742,2113,0,24,0,0,0,LEADER,1,0,0,23,0,0,0,0,0,0,0,0,0,0,0
62379,34,bully,1637,1,0,0,23,0,322,0,1,34,60742,1637,0,24,0,0,0,LEADER,1,0,0,23,0,0,0,0,0,0,0,0,0,0,0
62752,59,bully,2010,1,0,0,23,0,322,0,1,59,60742,2010,0,24,0,0,0,LEADER,1,0,0,23,0,0,0,0,0,0,0,0,0,0,0
63034,32,bully,2292,1,0,0,23,0,322,0,1,32,60742,2292,0,24,0,0,0,LEADER,1,0,0,23,0,0,0,0,0,0,0,0,0,0,0
62649,72,bully,1907,1,0,0,23,0,322,0,1,72,60742,1907,0,24,0,0,0,LEADER,1,0,0,23,0,0,0,0,0,0,0,0,0,0,0
63058,63,bully,2316,1,0,0,23,0,322,0,1,63,60742,2316,0,24,0,0,0,LEADER,1,0,0,23,0,0,0,0,0,0,0,0,0,0,0
62534,74,bully,1792,1,0,0,23,0,322,0,1,74,60742,1792,0,24,0,0,0,LEADER,1,0,0,23,0,0,0,0,0,0,0,0,0,0,0
62276,48,bully,1534,1,0,0,23,0,322,0,1,48,60742,1534,0,24,0,0,0,LEADER,1,0,0,23,0,0,0,0,0,0,0,0,0,0,0
62737,57,bully,1995,1,0,0,23,0,322,0,1,57,60742,1995,0,24,0,0,0,LEADER,1,0,0,23,0,0,0,0,0,0,0,0,0,0,0
62807,68,bully,2065,1,0,0,23,0,322,0,1,68,60742,2065,0,24,0,0,0,LEADER,1,0,0,23,0,0,0,0,0,0,0,0,0,0,0
62208,45,bully,1466,1,0,0,23,0,322,0,1,45,60742,1466,0,24,0,0,0,LEADER,1,0,0,23,0,0,0,0,0,0,0,0,0,0,0
62565,93,bully,1823,1,0,0,23,0,322,0,1,93,60742,1823,0,24,0,0,0,LEADER,1,0,0,23,0,0,0,0,0,0,0,0,0,0,0
63146,82,bully,2404,1,0,0,23,0,322,0,1,82,60742,2404,0,24,0,0,0,LEADER,1,0,0,23,0,0,0,0,0,0,0,0,0,0,0
63140,51,bully,2398,1,0,0,23,0,322,0,1,51,60742,2398,0,24,0,0,0,LEADER,1,0,0,23,0,0,0,0,0,0,0,0,0,0,0
62685,39,bully,1943,1,0,0,23,0,322,0,1,39,60742,1943,0,24,0,0,0,LEADER,1,0,0,23,0,0,0,0,0,0,0,0,0,0,0
62431,78,bully,1689,1,0,0,23,0,322,0,1,78,60742,1689,0,24,0,0,0,LEADER,1,0,0,23,0,0,0,0,0,0,0,0,0,0,0
62819,79,bully,2077,1,0,0,23,0,322,0,1,79,60742,2077,0,24,0,0,0,LEADER,1,0,0,23,0,0,0,0,0,0,0,0,0,0,0
62394,14,bully,1652,1,0,0,23,0,322,0,1,14,60742,1652,0,24,0,0,0,LEADER,1,0,0,23,0,0,0,0,0,0,0,0,0,0,0
62821,36,bully,2080,1,0,0,23,0,322,0,1,36,60741,2080,0,24,0,0,0,LEADER,1,0,0,23,0,0,0,0,0,0,0,0,0,0,0
62704,81,bully,1962,1,0,0,23,0,322,0,1,81,60742,1962,0,24,0,0,0,LEADER,1,0,0,23,0,0,0,0,0,0,0,0,0,0,0
62364,67,bully,1622,1,0,0,23,0,322,0,1,67,60742,1622,0,24,0,0,0,LEADER,1,0,0,23,0,0,0,0,0,0,0,0,0,0,0
63125,83,bully,2383,1,0,0,23,0,322,0,1,83,60742,2383,0,24,0,0,0,LEADER,1,0,0,23,0,0,0,0,0,0,0,0,0,0,0
63269,99,bully,1607,1,0,0,23,0,322,0,1,99,61662,1607,0,24,0,0,0,LEADER,1,0,0,23,0,0,0,0,0,0,0,0,0,0,0
62446,55,bully,1704,1,0,0,23,0,322,0,1,55,60742,1704,0,24,0,0,0,LEADER,1,0,0,23,0,0,0,0,0,0,0,0,0,0,0
63236,89,bully,1574,1,0,0,23,0,322,0,1,89,61662,1574,0,24,0,0,0,LEADER,1,0,0,23,0,0,0,0,0,0,0,0,0,0,0
62398,77,bully,1656,1,0,0,23,0,322,0,1,77,60742,1656,0,24,0,0,0,LEADER,1,0,0,23,0,0,0,0,0,0,0,0,0,0,0
62670,71,bully,1928,1,0,0,23,0,322,0,1,71,60742,1928,0,24,0,0,0,LEADER,1,0,0,23,0,0,0,0,0,0,0,0,0,0,0
62582,52,bully,1840,1,0,0,23,0,322,0,1,52,60742,1840,0,24,0,0,0,LEADER,1,0,0,23,0,0,0,0,0,0,0,0,0,0,0
62953,76,bully,2213,1,0,0,23,0,322,0,1,76,60740,2213,0,24,0,0,0,LEADER,1,0,0,23,0,0,0,0,0,0,0,0,0,0,0
62549,10,bully,1807,1,0,0,23,0,322,0,1,10,60742,1807,0,24,0,0,0,LEADER,1,0,0,23,0,0,0,0,0,0,0,0,0,0,0
62482,22,bully,1740,1,0,0,23,0,322,0,1,22,60742,1740,0,24,0,0,0,LEADER,1,0,0,23,0,0,0,0,0,0,0,0,0,0,0
62630,21,bully,1889,1,0,0,23,0,322,0,1,21,60741,1889,0,24,0,0,0,LEADER,1,0,0,23,0,0,0,0,0,0,0,0,0,0,0
62888,56,bully,2146,1,0,0,23,0,322,0,1,56,60742,2146,0,24,0,0,0,LEADER,1,0,0,23,0,0,0,0,0,0,0,0,0,0,0
62413,60,bully,1671,1,0,0,23,0,322,0,1,60,60742,1671,0,24,0,0,0,LEADER,1,0,0,23,0,0,0,0,0,0,0,0,0,0,0
63266,25,bully,1604,1,0,0,23,0,322,0,1,25,61662,1604,0,24,0,0,0,LEADER,1,0,0,23,0,0,0,0,0,0,0,0,0,0,0
62479,65,bully,1737,1,0,0,23,0,322,0,1,65,60742,1737,0,24,0,0,0,LEADER,1,0,0,23,0,0,0,0,0,0,0,0,0,0,0
63155,19,bully,2413,1,0,0,23,0,322,0,1,19,60742,2413,0,24,0,0,0,LEADER,1,0,0,23,0,0,0,0,0,0,0,0,0,0,0
62785,69,bully,2043,1,0,0,23,0,322,0,1,69,60742,2043,0,24,0,0,0,LEADER,1,0,0,23,0,0,0,0,0,0,0,0,0,0,0
63387,54,bully,1725,1,0,0,23,0,322,0,1,54,61662,1725,0,24,0,0,0,LEADER,1,0,0,23,0,0,0,0,0,0,0,0,0,0,0
62734,17,bully,1992,1,0,0,23,0,322,0,1,17,60742,1992,0,24,0,0,0,LEADER,1,0,0,23,0,0,0,0,0,0,0,0,0,0,0
63248,100,bully,1586,1,0,0,23,0,322,0,1,100,61662,1586,0,24,0,0,0,LEADER,1,0,0,23,0,0,0,0,0,0,0,0,0,0,0
63211,16,bully,1549,1,0,0,23,0,322,0,1,16,61662,1549,0,24,0,0,0,LEADER,1,0,0,23,0,0,0,0,0,0,0,0,0,0,0
62800,37,bully,2058,1,0,0,23,0,322,0,1,37,60742,2058,0,24,0,0,0,LEADER,1,0,0,23,0,0,0,0,0,0,0,0,0,0,0
63436,13,bully,1774,1,0,0,23,0,322,0,1,13,61662,1774,0,24,0,0,0,LEADER,1,0,0,23,0,0,0,0,0,0,0,0,0,0,0
62597,20,bully,1855,1,0,0,23,0,322,0,1,20,60742,1855,0,24,0,0,0,LEADER,1,0,0,23,0,0,0,0,0,0,0,0,0,0,0
63229,41,bully,1567,1,0,0,23,0,322,0,1,41,61662,1567,0,24,0,0,0,LEADER,1,0,0,23,0,0,0,0,0,0,0,0,0,0,0
63218,47,bully,1556,1,0,0,23,0,322,0,1,47,61662,1556,0,24,0,0,0,LEADER,1,0,0,23,0,0,0,0,0,0,0,0,0,0,0
63044,95,bully,2301,1,0,0,23,0,322,0,1,95,60743,2301,0,24,0,0,0,LEADER,1,0,0,23,0,0,0,0,0,0,0,0,0,0,0
62907,98,bully,2165,1,0,0,23,0,322,0,1,98,60742,2165,0,24,0,0,0,LEADER,1,0,0,23,0,0,0,0,0,0,0,0,0,0,0
63091,73,bully,2349,1,0,0,23,0,322,0,1,73,60742,2349,0,24,0,0,0,LEADER,1,0,0,23,0,0,0,0,0,0,0,0,0,0,0
63414,33,bully,1752,1,0,0,23,0,322,0,1,33,61662,1752,0,24,0,0,0,LEADER,1,0,0,23,0,0,0,0,0,0,0,0,0,0,0
63384,97,bully,1722,1,0,0,23,0,322,0,1,97,61662,1722,0,24,0,0,0,LEADER,1,0,0,23,0,0,0,0,0,0,0,0,0,0,0
62637,61,bully,1895,1,0,0,23,0,322,0,1,61,60742,1895,0,24,0,0,0,LEADER,1,0,0,23,0,0,0,0,0,0,0,0,0,0,0
63572,29,bully,1910,1,0,0,23,0,322,0,1,29,61662,1910,0,24,0,0,0,LEADER,1,0,0,23,0,0,0,0,0,0,0,0,0,0,0
63584,40,bully,1922,1,0,0,23,0,322,0,1,40,61662,1922,0,24,0,0,0,LEADER,1,0,0,23,0,0,0,0,0,0,0,0,0,0,0
63073,31,bully,2331,1,0,0,23,0,322,0,1,31,60742,2331,0,24,0,0,0,LEADER,1,0,0,23,0,0,0,0,0,0,0,0,0,0,0
63405,96,bully,1744,1,0,0,23,0,322,0,1,96,61661,1744,0,24,0,0,0,LEADER,1,0,0,23,0,0,0,0,0,0,0,0,0,0,0
63487,84,bully,1825,1,0,0,23,0,322,0,1,84,61662,1825,0,24,0,0,0,LEADER,1,0,0,23,0,0,0,0,0,0,0,0,0,0,0
63181,80,bully,1519,1,0,0,23,0,322,0,1,80,61662,1519,0,24,0,0,0,LEADER,1,0,0,23,0,0,0,0,0,0,0,0,0,0,0
63025,53,bully,2283,1,0,0,23,0,322,0,1,53,60742,2283,0,24,0,0,0,LEADER,1,0,0,23,0,0,0,0,0,0,0,0,0,0,0
63100,92,bully,1438,1,0,0,23,0,322,0,1,92,61662,1438,0,24,0,0,0,LEADER,1,0,0,23,0,0,0,0,0,0,0,0,0,0,0
63536,62,bully,1874,1,0,0,23,0,322,0,1,62,61662,1874,0,24,0,0,0,LEADER,1,0,0,23,0,0,0,0,0,0,0,0,0,0,0
63279,91,bully,1619,1,0,0,23,0,322,0,1,91,61660,1619,0,24,0,0,0,LEADER,1,0,0,23,0,0,0,0,0,0,0,0,0,0,0
63233,15,bully,1571,1,0,0,23,0,322,0,1,15,61662,1571,0,24,0,0,0,LEADER,1,0,0,23,0,0,0,0,0,0,0,0,0,0,0
62903,26,bully,2161,1,0,0,23,0,322,0,1,26,60742,2161,0,24,0,0,0,LEADER,1,0,0,23,0,0,0,0,0,0,0,0,0,0,0
63639,49,bully,1977,1,0,0,23,0,322,0,1,49,61662,1977,0,24,0,0,0,LEADER,1,0,0,23,0,0,0,0,0,0,0,0,0,0,0
63454,58,bully,1792,1,0,0,23,0,322,0,1,58,61662,1792,0,24,0,0,0,LEADER,1,0,0,23,0,0,0,0,0,0,0,0,0,0,0
62988,86,bully,2246,1,0,0,23,0,322,0,1,86,60742,2246,0,24,0,0,0,LEADER,1,0,0,23,0,0,0,0,0,0,0,0,0,0,0
63161,50,bully,2419,1,0,0,23,0,322,0,1,50,60742,2419,0,24,0,0,0,LEADER,1,0,0,23,0,0,0,0,0,0,0,0,0,0,0
63013,85,bully,2268,1,0,0,23,0,322,0,1,85,60745,2268,0,24,0,0,0,LEADER,1,0,0,23,0,0,0,0,0,0,0,0,0,0,0
62952,87,bully,2212,1,0,0,23,0,322,0,1,87,60740,2212,0,24,0,0,0,LEADER,1,0,0,23,0,0,0,0,0,0,0,0,0,0,0
63158,64,bully,2416,1,0,0,23,0,322,0,1,64,60742,2416,0,24,0,0,0,LEADER,1,0,0,23,0,0,0,0,0,0,0,0,0,0,0
63096,18,bully,1434,1,0,0,23,0,322,0,1,18,61662,1434,0,24,0,0,0,LEADER,1,0,0,23,0,0,0,0,0,0,0,0,0,0,0
63006,11,bully,2264,1,0,0,23,0,322,0,1,11,60742,2264,0,24,0,0,0,LEADER,1,0,0,23,0,0,0,0,0,0,0,0,0,0,0
63215,90,bully,1553,1,0,0,23,0,322,0,1,90,61662,1553,0,24,0,0,0,LEADER,1,0,0,23,0,0,0,0,0,0,0,0,0,0,0
63109,35,bully,1447,1,0,0,23,0,322,0,1,35,61662,1447,0,24,0,0,0,LEADER,1,0,0,23,0,0,0,0,0,0,0,0,0,0,0
62991,43,bully,2249,1,0,0,23,0,322,0,1,43,60742,2249,0,24,0,0,0,LEADER,1,0,0,23,0,0,0,0,0,0,0,0,0,0,0
63129,28,bully,1467,1,0,0,23,0,322,0,1,28,61662,1467,0,24,0,0,0,LEADER,1,0,0,23,0,0,0,0,0,0,0,0,0,0,0
63803,23,bully,2141,1,0,0,23,0,322,0,1,23,61662,2141,0,24,0,0,0,LEADER,1,0,0,23,0,0,0,0,0,0,0,0,0,0,0
62969,44,bully,2228,1,0,0,23,0,322,0,1,44,60741,2228,0,24,0,0,0,LEADER,1,0,0,23,0,0,0,0,0,0,0,0,0,0,0
63123,30,bully,1461,1,0,0,23,0,322,0,1,30,61662,1461,0,24,0,0,0,LEADER,1,0,0,23,0,0,0,0,0,0,0,0,0,0,0
63521,94,bully,1859,1,0,0,23,0,322,0,1,94,61662,1859,0,24,0,0,0,LEADER,1,0,0,23,0,0,0,0,0,0,0,0,0,0,0
63163,38,bully,1501,1,0,0,23,0,322,0,1,38,61662,1501,0,24,0,0,0,LEADER,1,0,0,23,0,0,0,0,0,0,0,0,0,0,0
63842,66,bully,2180,1,0,0,23,0,322,0,1,66,61662,2180,0,24,0,0,0,LEADER,1,0,0,23,0,0,0,0,0,0,0,0,0,0,0
63148,70,bully,1486,1,0,0,23,0,322,0,1,70,61662,1486,0,24,0,0,0,LEADER,1,0,0,23,0,0,0,0,0,0,0,0,0,0,0
63793,88,bully,2131,1,0,0,23,0,322,0,1,88,61662,2131,0,24,0,0,0,LEADER,1,0,0,23,0,0,0,0,0,0,0,0,0,0,0
62977,75,bully,2235,1,0,0,23,0,322,0,1,75,60742,2235,0,24,0,0,0,LEADER,1,0,0,23,0,0,0,0,0,0,0,0,0,0,0
62985,12,bully,2243,1,0,0,23,0,322,0,1,12,60742,2243,0,24,0,0,0,LEADER,1,0,0,23,0,0,0,0,0,0,0,0,0,0,0
63687,27,bully,2025,1,0,0,23,0,322,0,1,27,61662,2025,0,24,0,0,0,LEADER,1,0,0,23,0,0,0,0,0,0,0,0,0,0,0
63176,42,bully,1514,1,0,0,23,0,322,0,1,42,61662,1514,0,24,0,0,0,LEADER,1,0,0,23,0,0,0,0,0,0,0,0,0,0,0
63823,24,bully,2161,1,0,0,23,0,322,0,1,24,61662,2161,0,24,0,0,0,LEADER,1,0,0,23,0,0,0,0,0,0,0,0,0,0,0
63775,46,bully,2113,1,0,0,23,0,322,0,1,46,61662,2113,0,24,0,0,0,LEADER,1,0,0,23,0,0,0,0,0,0,0,0,0,0,0
63299,34,bully,1637,1,0,0,23,0,322,0,1,34,61662,1637,0,24,0,0,0,LEADER,1,0,0,23,0,0,0,0,0,0,0,0,0,0,0
63672,59,bully,2010,1,0,0,23,0,322,0,1,59,61662,2010,0,24,0,0,0,LEADER,1,0,0,23,0,0,0,0,0,0,0,0,0,0,0
63954,32,bully,2292,1,0,0,23,0,322,0,1,32,61662,2292,0,24,0,0,0,LEADER,1,0,0,23,0,0,0,0,0,0,0,0,0,0,0
63569,72,bully,1907,1,0,0,23,0,322,0,1,72,61662,1907,0,24,0,0,0,LEADER,1,0,0,23,0,0,0,0,0,0,0,0,0,0,0
63978,63,bully,2316,1,0,0,23,0,322,0,1,63,61662,2316,0,24,0,0,0,LEADER,1,0,0,23,0,0,0,0,0,0,0,0,0,0,0
63454,74,bully,1792,1,0,0,23,0,322,0,1,74,61662,1792,0,24,0,0,0,LEADER,1,0,0,23,0,0,0,0,0,0,0,0,0,0,0
63196,48,bully,1534,1,0,0,23,0,322,0,1,48,61662,1534,0,24,0,0,0,LEADER,1,0,0,23,0,0,0,0,0,0,0,0,0,0,0
63657,57,bully,1995,1,0,0,23,0,322,0,1,57,61662,1995,0,24,0,0,0,LEADER,1,0,0,23,0,0,0,0,0,0,0,0,0,0,0
63727,68,bully,2065,1,0,0,23,0,322,0,1,68,61662,2065,0,24,0,0,0,LEADER,1,0,0,23,0,0,0,0,0,0,0,0,0,0,0
63128,45,bully,1466,1,0,0,23,0,322,0,1,45,61662,1466,0,24,0,0,0,LEADER,1,0,0,23,0,0,0,0,0,0,0,0,0,0,0
63485,93,bully,1823,1,0,0,23,0,322,0,1,93,61662,1823,0,24,0,0,0,LEADER,1,0,0,23,0,0,0,0,0,0,0,0,0,0,0
64066,82,bully,2404,1,0,0,23,0,322,0,1,82,61662,2404,0,24,0,0,0,LEADER,1,0,0,23,0,0,0,0,0,0,0,0,0,0,0
64060,51,bully,2398,1,0,0,23,0,322,0,1,51,61662,2398,0,24,0,0,0,LEADER,1,0,0,23,0,0,0,0,0,0,0,0,0,0,0
63605,39,bully,1943,1,0,0,23,0,322,0,1,39,61662,1943,0,24,0,0,0,LEADER,1,0,0,23,0,0,0,0,0,0,0,0,0,0,0
63351,78,bully,1689,1,0,0,23,0,322,0,1,78,61662,1689,0,24,0,0,0,LEADER,1,0,0,23,0,0,0,0,0,0,0,0,0,0,0
63739,79,bully,2077,1,0,0,23,0,322,0,1,79,61662,2077,0,24,0,0,0,LEADER,1,0,0,23,0,0,0,0,0,0,0,0,0,0,0
63314,14,bully,1652,1,0,0,23,0,322,0,1,14,61662,1652,0,24,0,0,0,LEADER,1,0,0,23,0,0,0,0,0,0,0,0,0,0,0
63741,36,bully,2080,1,0,0,23,0,322,0,1,36,61661,2080,0,24,0,0,0,LEADER,1,0,0,23,0,0,0,0,0,0,0,0,0,0,0
63624,81,bully,1962,1,0,0,23,0,322,0,1,81,61662,1962,0,24,0,0,0,LEADER,1,0,0,23,0,0,0,0,0,0,0,0,0,0,0
63284,67,bully,1622,1,0,0,23,0,322,0,1,67,61662,1622,0,24,0,0,0,LEADER,1,0,0,23,0,0,0,0,0,0,0,0,0,0,0
64045,83,bully,2383,1,0,0,23,0,322,0,1,83,61662,2383,0,24,0,0,0,LEADER,1,0,0,23,0,0,0,0,0,0,0,0,0,0,0
64189,99,bully,1607,1,0,0,23,0,322,0,1,99,62582,1607,0,24,0,0,0,LEADER,1,0,0,23,0,0,0,0,0,0,0,0,0,0,0
63366,55,bully,1704,1,0,0,23,0,322,0,1,55,61662,1704,0,24,0,0,0,LEADER,1,0,0,23,0,0,0,0,0,0,0,0,0,0,0
64156,89,bully,1574,1,0,0,23,0,322,0,1,89,62582,1574,0,24,0,0,0,LEADER,1,0,0,23,0,0,0,0,0,0,0,0,0,0,0
63318,77,bully,1656,1,0,0,23,0,322,0,1,77,61662,1656,0,24,0,0,0,LEADER,1,0,0,23,0,0,0,0,0,0,0,0,0,0,0
63590,71,bully,1928,1,0,0,23,0,322,0,1,71,61662,1928,0,24,0,0,0,LEADER,1,0,0,23,0,0,0,0,0,0,0,0,0,0,0
63502,52,bully,1840,1,0,0,23,0,322,0,1,52,61662,1840,0,24,0,0,0,LEADER,1,0,0,23,0,0,0,0,0,0,0,0,0,0,0
63873,76,bully,2213,1,0,0,23,0,322,0,1,76,61660,2213,0,24,0,0,0,LEADER,1,0,0,23,0,0,0,0,0,0,0,0,0,0,0
63469,10,bully,1807,1,0,0,23,0,322,0,1,10,61662,1807,0,24,0,0,0,LEADER,1,0,0,23,0,0,0,0,0,0,0,0,0,0,0
63402,22,bully,1740,1,0,0,23,0,322,0,1,22,61662,1740,0,24,0,0,0,LEADER,1,0,0,23,0,0,0,0,0,0,0,0,0,0,0
63550,21,bully,1889,1,0,0,23,0,322,0,1,21,61661,1889,0,24,0,0,0,LEADER,1,0,0,23,0,0,0,0,0,0,0,0,0,0,0
63808,56,bully,2146,1,0,0,23,0,322,0,1,56,61662,2146,0,24,0,0,0,LEADER,1,0,0,23,0,0,0,0,0,0,0,0,0,0,0
63333,60,bully,1671,1,0,0,23,0,322,0,1,60,61662,1671,0,24,0,0,0,LEADER,1,0,0,23,0,0,0,0,0,0,0,0,0,0,0
64186,25,bully,1604,1,0,0,23,0,322,0,1,25,62582,1604,0,24,0,0,0,LEADER,1,0,0,23,0,0,0,0,0,0,0,0,0,0,0
63399,65,bully,1737,1,0,0,23,0,322,0,1,65,61662,1737,0,24,0,0,0,LEADER,1,0,0,23,0,0,0,0,0,0,0,0,0,0,0
64075,19,bully,2413,1,0,0,23,0,322,0,1,19,61662,2413,0,24,0,0,0,LEADER,1,0,0,23,0,0,0,0,0,0,0,0,0,0,0
63705,69,bully,2043,1,0,0,23,0,322,0,1,69,61662,2043,0,24,0,0,0,LEADER,1,0,0,23,0,0,0,0,0,0,0,0,0,0,0
64307,54,bully,1725,1,0,0,23,0,322,0,1,54,62582,1725,0,24,0,0,0,LEADER,1,0,0,23,0,0,0,0,0,0,0,0,0,0,0
63654,17,bully,1992,1,0,0,23,0,322,0,1,17,61662,1992,0,24,0,0,0,LEADER,1,0,0,23,0,0,0,0,0,0,0,0,0,0,0
64168,100,bully,1586,1,0,0,23,0,322,0,1,100,62582,1586,0,24,0,0,0,LEADER,1,0,0,23,0,0,0,0,0,0,0,0,0,0,0
64131,16,bully,1549,1,0,0,23,0,322,0,1,16,62582,1549,0,24,0,0,0,LEADER,1,0,0,23,0,0,0,0,0,0,0,0,0,0,0
63720,37,bully,2058,1,0,0,23,0,322,0,1,37,61662,2058,0,24,0,0,0,LEADER,1,0,0,23,0,0,0,0,0,0,0,0,0,0,0
64356,13,bully,1774,1,0,0,23,0,322,0,1,13,62582,1774,0,24,0,0,0,LEADER,1,0,0,23,0,0,0,0,0,0,0,0,0,0,0
63517,20,bully,1855,1,0,0,23,0,322,0,1,20,61662,1855,0,24,0,0,0,LEADER,1,0,0,23,0,0,0,0,0,0,0,0,0,0,0
64149,41,bully,1567,1,0,0,23,0,322,0,1,41,62582,1567,0,24,0,0,0,LEADER,1,0,0,23,0,0,0,0,0,0,0,0,0,0,0
64138,47,bully,1556,1,0,0,23,0,322,0,1,47,62582,1556,0,24,0,0,0,LEADER,1,0,0,23,0,0,0,0,0,0,0,0,0,0,0
63964,95,bully,2301,1,0,0,23,0,322,0,1,95,61663,2301,0,24,0,0,0,LEADER,1,0,0,23,0,0,0,0,0,0,0,0,0,0,0
63827,98,bully,2165,1,0,0,23,0,322,0,1,98,61662,2165,0,24,0,0,0,LEADER,1,0,0,23,0,0,0,0,0,0,0,0,0,0,0
64011,73,bully,2349,1,0,0,23,0,322,0,1,73,61662,2349,0,24,0,0,0,LEADER,1,0,0,23,0,0,0,0,0,0,0,0,0,0,0
64334,33,bully,1752,1,0,0,23,0,322,0,1,33,62582,1752,0,24,0,0,0,LEADER,1,0,0,23,0,0,0,0,0,0,0,0,0,0,0
64304,97,bully,1722,1,0,0,23,0,322,0,1,97,62582,1722,0,24,0,0,0,LEADER,1,0,0,23,0,0,0,0,0,0,0,0,0,0,0
63557,61,bully,1895,1,0,0,23,0,322,0,1,61,61662,1895,0,24,0,0,0,LEADER,1,0,0,23,0,0,0,0,0,0,0,0,0,0,0
64492,29,bully,1910,1,0,0,23,0,322,0,1,29,62582,1910,0,24,0,0,0,LEADER,1,0,0,23,0,0,0,0,0,0,0,0,0,0,0
64504,40,bully,1922,1,0,0,23,0,322,0,1,40,62582,1922,0,24,0,0,0,LEADER,1,0,0,23,0,0,0,0,0,0,0,0,0,0,0
63993,31,bully,2331,1,0,0,23,0,322,0,1,31,61662,2331,0,24,0,0,0,LEADER,1,0,0,23,0,0,0,0,0,0,0,0,0,0,0
64325,96,bully,1744,1,0,0,23,0,322,0,1,96,62581,1744,0,24,0,0,0,LEADER,1,0,0,23,0,0,0,0,0,0,0,0,0,0,0
64407,84,bully,1825,1,0,0,23,0,322,0,1,84,62582,1825,0,24,0,0,0,LEADER,1,0,0,23,0,0,0,0,0,0,0,0,0,0,0
64101,80,bully,1519,1,0,0,23,0,322,0,1,80,62582,1519,0,24,0,0,0,LEADER,1,0,0,23,0,0,0,0,0,0,0,0,0,0,0
63945,53,bully,2283,1,0,0,23,0,322,0,1,53,61662,2283,0,24,0,0,0,LEADER,1,0,0,23,0,0,0,0,0,0,0,0,0,0,0
64020,92,bully,1438,1,0,0,23,0,322,0,1,92,62582,1438,0,24,0,0,0,LEADER,1,0,0,23,0,0,0,0,0,0,0,0,0,0,0
64456,62,bully,1874,1,0,0,23,0,322,0,1,62,62582,1874,0,24,0,0,0,LEADER,1,0,0,23,0,0,0,0,0,0,0,0,0,0,0
64199,91,bully,1619,1,0,0,23,0,322,0,1,91,62580,1619,0,24,0,0,0,LEADER,1,0,0,23,0,0,0,0,0,0,0,0,0,0,0
64153,15,bully,1571,1,0,0,23,0,322,0,1,15,62582,1571,0,24,0,0,0,LEADER,1,0,0,23,0,0,0,0,0,0,0,0,0,0,0
63823,26,bully,2161,1,0,0,23,0,322,0,1,26,61662,2161,0,24,0,0,0,LEADER,1,0,0,23,0,0,0,0,0,0,0,0,0,0,0
64559,49,bully,1977,1,0,0,23,0,322,0,1,49,62582,1977,0,24,0,0,0,LEADER,1,0,0,23,0,0,0,0,0,0,0,0,0,0,0
64374,58,bully,1792,1,0,0,23,0,322,0,1,58,62582,1792,0,24,0,0,0,LEADER,1,0,0,23,0,0,0,0,0,0,0,0,0,0,0
63908,86,bully,2246,1,0,0,23,0,322,0,1,86,61662,2246,0,24,0,0,0,LEADER,1,0,0,23,0,0,0,0,0,0,0,0,0,0,0
64081,50,bully,2419,1,0,0,23,0,322,0,1,50,61662,2419,0,24,0,0,0,LEADER,1,0,0,23,0,0,0,0,0,0,0,0,0,0,0
63933,85,bully,2268,1,0,0,23,0,322,0,1,85,61665,2268,0,24,0,0,0,LEADER,1,0,0,23,0,0,0,0,0,0,0,0,0,0,0
63872,87,bully,2212,1,0,0,23,0,322,0,1,87,61660,2212,0,24,0,0,0,LEADER,1,0,0,23,0,0,0,0,0,0,0,0,0,0,0
64078,64,bully,2416,1,0,0,23,0,322,0,1,64,61662,2416,0,24,0,0,0,LEADER,1,0,0,23,0,0,0,0,0,0,0,0,0,0,0
64016,18,bully,1434,1,0,0,23,0,322,0,1,18,62582,1434,0,24,0,0,0,LEADER,1,0,0,23,0,0,0,0,0,0,0,0,0,0,0
63926,11,bully,2264,1,0,0,23,0,322,0,1,11,61662,2264,0,24,0,0,0,LEADER,1,0,0,23,0,0,0,0,0,0,0,0,0,0,0
64135,90,bully,1553,1,0,0,23,0,322,0,1,90,62582,1553,0,24,0,0,0,LEADER,1,0,0,23,0,0,0,0,0,0,0,0,0,0,0
64029,35,bully,1447,1,0,0,23,0,322,0,1,35,62582,1447,0,24,0,0,0,LEADER,1,0,0,23,0,0,0,0,0,0,0,0,0,0,0
63911,43,bully,2249,1,0,0,23,0,322,0,1,43,61662,2249,0,24,0,0,0,LEADER,1,0,0,23,0,0,0,0,0,0,0,0,0,0,0
64049,28,bully,1467,1,0,0,23,0,322,0,1,28,62582,1467,0,24,0,0,0,LEADER,1,0,0,23,0,0,0,0,0,0,0,0,0,0,0
64723,23,bully,2141,1,0,0,23,0,322,0,1,23,62582,2141,0,24,0,0,0,LEADER,1,0,0,23,0,0,0,0,0,0,0,0,0,0,0
63889,44,bully,2228,1,0,0,23,0,322,0,1,44,61661,2228,0,24,0,0,0,LEADER,1,0,0,23,0,0,0,0,0,0,0,0,0,0,0
64043,30,bully,1461,1,0,0,23,0,322,0,1,30,62582,1461,0,24,0,0,0,LEADER,1,0,0,23,0,0,0,0,0,0,0,0,0,0,0
64441,94,bully,1859,1,0,0,23,0,322,0,1,94,62582,1859,0,24,0,0,0,LEADER,1,0,0,23,0,0,0,0,0,0,0,0,0,0,0
64083,38,bully,1501,1,0,0,23,0,322,0,1,38,62582,1501,0,24,0,0,0,LEADER,1,0,0,23,0,0,0,0,0,0,0,0,0,0,0
64762,66,bully,2180,1,0,0,23,0,322,0,1,66,62582,2180,0,24,0,0,0,LEADER,1,0,0,23,0,0,0,0,0,0,0,0,0,0,0
64068,70,bully,1486,1,0,0,23,0,322,0,1,70,62582,1486,0,24,0,0,0,LEADER,1,0,0,23,0,0,0,0,0,0,0,0,0,0,0
64713,88,bully,2131,1,0,0,23,0,322,0,1,88,62582,2131,0,24,0,0,0,LEADER,1,0,0,23,0,0,0,0,0,0,0,0,0,0,0
63897,75,bully,2235,1,0,0,23,0,322,0,1,75,61662,2235,0,24,0,0,0,LEADER,1,0,0,23,0,0,0,0,0,0,0,0,0,0,0
63905,12,bully,2243,1,0,0,23,0,322,0,1,12,61662,2243,0,24,0,0,0,LEADER,1,0,0,23,0,0,0,0,0,0,0,0,0,0,0
64607,27,bully,2025,1,0,0,23,0,322,0,1,27,62582,2025,0,24,0,0,0,LEADER,1,0,0,23,0,0,0,0,0,0,0,0,0,0,0
64096,42,bully,1514,1,0,0,23,0,322,0,1,42,62582,1514,0,24,0,0,0,LEADER,1,0,0,23,0,0,0,0,0,0,0,0,0,0,0
64743,24,bully,2161,1,0,0,23,0,322,0,1,24,62582,2161,0,24,0,0,0,LEADER,1,0,0,23,0,0,0,0,0,0,0,0,0,0,0
64695,46,bully,2113,1,0,0,23,0,322,0,1,46,62582,2113,0,24,0,0,0,LEADER,1,0,0,23,0,0,0,0,0,0,0,0,0,0,0
64219,34,bully,1637,1,0,0,23,0,322,0,1,34,62582,1637,0,24,0,0,0,LEADER,1,0,0,23,0,0,0,0,0,0,0,0,0,0,0
64592,59,bully,2010,1,0,0,23,0,322,0,1,59,62582,2010,0,24,0,0,0,LEADER,1,0,0,23,0,0,0,0,0,0,0,0,0,0,0
64874,32,bully,2292,1,0,0,23,0,322,0,1,32,62582,2292,0,24,0,0,0,LEADER,1,0,0,23,0,0,0,0,0,0,0,0,0,0,0
64489,72,bully,1907,1,0,0,23,0,322,0,1,72,62582,1907,0,24,0,0,0,LEADER,1,0,0,23,0,0,0,0,0,0,0,0,0,0,0
64898,63,bully,2316,1,0,0,23,0,322,0,1,63,62582,2316,0,24,0,0,0,LEADER,1,0,0,23,0,0,0,0,0,0,0,0,0,0,0
64374,74,bully,1792,1,0,0,23,0,322,0,1,74,62582,1792,0,24,0,0,0,LEADER,1,0,0,23,0,0,0,0,0,0,0,0,0,0,0
64116,48,bully,1534,1,0,0,23,0,322,0,1,48,62582,1534,0,24,0,0,0,LEADER,1,0,0,23,0,0,0,0,0,0,0,0,0,0,0
64577,57,bully,1995,1,0,0,23,0,322,0,1,57,62582,1995,0,24,0,0,0,LEADER,1,0,0,23,0,0,0,0,0,0,0,0,0,0,0
64647,68,bully,2065,1,0,0,23,0,322,0,1,68,62582,2065,0,24,0,0,0,LEADER,1,0,0,23,0,0,0,0,0,0,0,0,0,0,0
64048,45,bully,1466,1,0,0,23,0,322,0,1,45,62582,1466,0,24,0,0,0,LEADER,1,0,0,23,0,0,0,0,0,0,0,0,0,0,0
64405,93,bully,1823,1,0,0,23,0,322,0,1,93,62582,1823,0,24,0,0,0,LEADER,1,0,0,23,0,0,0,0,0,0,0,0,0,0,0
64986,82,bully,2404,1,0,0,23,0,322,0,1,82,62582,2404,0,24,0,0,0,LEADER,1,0,0,23,0,0,0,0,0,0,0,0,0,0,0
64980,51,bully,2398,1,0,0,23,0,322,0,1,51,62582,2398,0,24,0,0,0,LEADER,1,0,0,23,0,0,0,0,0,0,0,0,0,0,0
64525,39,bully,1943,1,0,0,23,0,322,0,1,39,62582,1943,0,24,0,0,0,LEADER,1,0,0,23,0,0,0,0,0,0,0,0,0,0,0
64271,78,bully,1689,1,0,0,23,0,322,0,1,78,62582,1689,0,24,0,0,0,LEADER,1,0,0,23,0,0,0,0,0,0,0,0,0,0,0
64659,79,bully,2077,1,0,0,23,0,322,0,1,79,62582,2077,0,24,0,0,0,LEADER,1,0,0,23,0,0,0,0,0,0,0,0,0,0,0
64234,14,bully,1652,1,0,0,23,0,322,0,1,14,62582,1652,0,24,0,0,0,LEADER,1,0,0,23,0,0,0,0,0,0,0,0,0,0,0
64661,36,bully,2080,1,0,0,23,0,322,0,1,36,62581,2080,0,24,0,0,0,LEADER,1,0,0,23,0,0,0,0,0,0,0,0,0,0,0
64544,81,bully,1962,1,0,0,23,0,322,0,1,81,62582,1962,0,24,0,0,0,LEADER,1,0,0,23,0,0,0,0,0,0,0,0,0,0,0
64204,67,bully,1622,1,0,0,23,0,322,0,1,67,62582,1622,0,24,0,0,0,LEADER,1,0,0,23,0,0,0,0,0,0,0,0,0,0,0
64965,83,bully,2383,1,0,0,23,0,322,0,1,83,62582,2383,0,24,0,0,0,LEADER,1,0,0,23,0,0,0,0,0,0,0,0,0,0,0
65110,99,bully,1607,1,0,0,24,0,336,0,1,99,63503,1607,0,25,0,0,0,LEADER,1,0,0,24,0,0,0,0,0,0,0,0,0,0,0
64286,55,bully,1704,1,0,0,23,0,322,0,1,55,62582,1704,0,24,0,0,0,LEADER,1,0,0,23,0,0,0,0,0,0,0,0,0,0,0
65077,89,bully,1574,1,0,0,24,0,336,0,1,89,63503,1574,0,25,0,0,0,LEADER,1,0,0,24,0,0,0,0,0,0,0,0,0,0,0
64238,77,bully,1656,1,0,0,23,0,322,0,1,77,62582,1656,0,24,0,0,0,LEADER,1,0,0,23,0,0,0,0,0,0,0,0,0,0,0
64510,71,bully,1928,1,0,0,23,0,322,0,1,71,62582,1928,0,24,0,0,0,LEADER,1,0,0,23,0,0,0,0,0,0,0,0,0,0,0
64422,52,bully,1840,1,0,0,23,0,322,0,1,52,62582,1840,0,24,0,0,0,LEADER,1,0,0,23,0,0,0,0,0,0,0,0,0,0,0
64793,76,bully,2213,1,0,0,23,0,322,0,1,76,62580,2213,0,24,0,0,0,LEADER,1,0,0,23,0,0,0,0,0,0,0,0,0,0,0
64389,10,bully,1807,1,0,0,23,0,322,0,1,10,62582,1807,0,24,0,0,0,LEADER,1,0,0,23,0,0,0,0,0,0,0,0,0,0,0
64322,22,bully,1740,1,0,0,23,0,322,0,1,22,62582,1740,0,24,0,0,0,LEADER,1,0,0,23,0,0,0,0,0,0,0,0,0,0,0
64470,21,bully,1889,1,0,0,23,0,322,0,1,21,62581,1889,0,24,0,0,0,LEADER,1,0,0,23,0,0,0,0,0,0,0,0,0,0,0
64728,56,bully,2146,1,0,0,23,0,322,0,1,56,62582,2146,0,24,0,0,0,LEADER,1,0,0,23,0,0,0,0,0,0,0,0,0,0,0
64253,60,bully,1671,1,0,0,23,0,322,0,1,60,62582,1671,0,24,0,0,0,LEADER,1,0,0,23,0,0,0,0,0,0,0,0,0,0,0
65107,25,bully,1604,1,0,0,24,0,336,0,1,25,63503,1604,0,25,0,0,0,LEADER,1,0,0,24,0,0,0,0,0,0,0,0,0,0,0
64319,65,bully,1737,1,0,0,23,0,322,0,1,65,62582,1737,0,24,0,0,0,LEADER,1,0,0,23,0,0,0,0,0,0,0,0,0,0,0
64995,19,bully,2413,1,0,0,23,0,322,0,1,19,62582,2413,0,24,0,0,0,LEADER,1,0,0,23,0,0,0,0,0,0,0,0,0,0,0
64625,69,bully,2043,1,0,0,23,0,322,0,1,69,62582,2043,0,24,0,0,0,LEADER,1,0,0,23,0,0,0,0,0,0,0,0,0,0,0
65228,54,bully,1725,1,0,0,24,0,336,0,1,54,63503,1725,0,25,0,0,0,LEADER,1,0,0,24,0,0,0,0,0,0,0,0,0,0,0
64574,17,bully,1992,1,0,0,23,0,322,0,1,17,62582,1992,0,24,0,0,0,LEADER,1,0,0,23,0,0,0,0,0,0,0,0,0,0,0
65089,100,bully,1586,1,0,0,24,0,336,0,1,100,63503,1586,0,25,0,0,0,LEADER,1,0,0,24,0,0,0,0,0,0,0,0,0,0,0
65052,16,bully,1549,1,0,0,24,0,336,0,1,16,63503,1549,0,25,0,0,0,LEADER,1,0,0,24,0,0,0,0,0,0,0,0,0,0,0
64640,37,bully,2058,1,0,0,23,0,322,0,1,37,62582,2058,0,24,0,0,0,LEADER,1,0,0,23,0,0,0,0,0,0,0,0,0,0,0
65277,13,bully,1774,1,0,0,24,0,336,0,1,13,63503,1774,0,25,0,0,0,LEADER,1,0,0,24,0,0,0,0,0,0,0,0,0,0,0
64437,20,bully,1855,1,0,0,23,0,322,0,1,20,62582,1855,0,24,0,0,0,LEADER,1,0,0,23,0,0,0,0,0,0,0,0,0,0,0
65070,41,bully,1567,1,0,0,24,0,336,0,1,41,63503,1567,0,25,0,0,0,LEADER,1,0,0,24,0,0,0,0,0,0,0,0,0,0,0
65059,47,bully,1556,1,0,0,24,0,336,0,1,47,63503,1556,0,25,0,0,0,LEADER,1,0,0,24,0,0,0,0,0,0,0,0,0,0,0
64884,95,bully,2301,1,0,0,23,0,322,0,1,95,62583,2301,0,24,0,0,0,LEADER,1,0,0,23,0,0,0,0,0,0,0,0,0,0,0
64747,98,bully,2165,1,0,0,23,0,322,0,1,98,62582,2165,0,24,0,0,0,LEADER,1,0,0,23,0,0,0,0,0,0,0,0,0,0,0
64931,73,bully,2349,1,0,0,23,0,322,0,1,73,62582,2349,0,24,0,0,0,LEADER,1,0,0,23,0,0,0,0,0,0,0,0,0,0,0
64477,61,bully,1895,1,0,0,23,0,322,0,1,61,62582,1895,0,24,0,0,0,LEADER,1,0,0,23,0,0,0,0,0,0,0,0,0,0,0
65225,97,bully,1722,1,0,0,24,0,336,0,1,97,63503,1722,0,25,0,0,0,LEADER,1,0,0,24,0,0,0,0,0,0,0,0,0,0,0
65255,33,bully,1752,1,0,0,24,0,336,0,1,33,63503,1752,0,25,0,0,0,LEADER,1,0,0,24,0,0,0,0,0,0,0,0,0,0,0
64913,31,bully,2331,1,0,0,23,0,322,0,1,31,62582,2331,0,24,0,0,0,LEADER,1,0,0,23,0,0,0,0,0,0,0,0,0,0,0
65413,29,bully,1910,1,0,0,24,0,336,0,1,29,63503,1910,0,25,0,0,0,LEADER,1,0,0,24,0,0,0,0,0,0,0,0,0,0,0
65425,40,bully,1922,1,0,0,24,0,336,0,1,40,63503,1922,0,25,0,0,0,LEADER,1,0,0,24,0,0,0,0,0,0,0,0,0,0,0
65246,96,bully,1744,1,0,0,24,0,336,0,1,96,63502,1744,0,25,0,0,0,LEADER,1,0,0,24,0,0,0,0,0,0,0,0,0,0,0
65328,84,bully,1825,1,0,0,24,0,336,0,1,84,63503,1825,0,25,0,0,0,LEADER,1,0,0,24,0,0,0,0,0,0,0,0,0,0,0
65022,80,bully,1519,1,0,0,24,0,336,0,1,80,63503,1519,0,25,0,0,0,LEADER,1,0,0,24,0,0,0,0,0,0,0,0,0,0,0
64865,53,bully,2283,1,0,0,23,0,322,0,1,53,62582,2283,0,24,0,0,0,LEADER,1,0,0,23,0,0,0,0,0,0,0,0,0,0,0
64941,92,bully,1438,1,0,0,24,0,336,0,1,92,63503,1438,0,25,0,0,0,LEADER,1,0,0,24,0,0,0,0,0,0,0,0,0,0,0
65377,62,bully,1874,1,0,0,24,0,336,0,1,62,63503,1874,0,25,0,0,0,LEADER,1,0,0,24,0,0,0,0,0,0,0,0,0,0,0
65120,91,bully,1619,1,0,0,24,0,336,0,1,91,63501,1619,0,25,0,0,0,LEADER,1,0,0,24,0,0,0,0,0,0,0,0,0,0,0
65074,15,bully,1571,1,0,0,24,0,336,0,1,15,63503,1571,0,25,0,0,0,LEADER,1,0,0,24,0,0,0,0,0,0,0,0,0,0,0
64743,26,bully,2161,1,0,0,23,0,322,0,1,26,62582,2161,0,24,0,0,0,LEADER,1,0,0,23,0,0,0,0,0,0,0,0,0,0,0
65480,49,bully,1977,1,0,0,24,0,336,0,1,49,63503,1977,0,25,0,0,0,LEADER,1,0,0,24,0,0,0,0,0,0,0,0,0,0,0
65295,58,bully,1792,1,0,0,24,0,336,0,1,58,63503,1792,0,25,0,0,0,LEADER,1,0,0,24,0,0,0,0,0,0,0,0,0,0,0
64828,86,bully,2246,1,0,0,23,0,322,0,1,86,62582,2246,0,24,0,0,0,LEADER,1,0,0,23,0,0,0,0,0,0,0,0,0,0,0
65001,50,bully,2419,1,0,0,23,0,322,0,1,50,62582,2419,0,24,0,0,0,LEADER,1,0,0,23,0,0,0,0,0,0,0,0,0,0,0
64853,85,bully,2268,1,0,0,23,0,322,0,1,85,62585,2268,0,24,0,0,0,LEADER,1,0,0,23,0,0,0,0,0,0,0,0,0,0,0
64792,87,bully,2212,1,0,0,23,0,322,0,1,87,62580,2212,0,24,0,0,0,LEADER,1,0,0,23,0,0,0,0,0,0,0,0,0,0,0
64998,64,bully,2416,1,0,0,23,0,322,0,1,64,62582,2416,0,24,0,0,0,LEADER,1,0,0,23,0,0,0,0,0,0,0,0,0,0,0
64846,11,bully,2264,1,0,0,23,0,322,0,1,11,62582,2264,0,24,0,0,0,LEADER,1,0,0,23,0,0,0,0,0,0,0,0,0,0,0
64937,18,bully,1434,1,0,0,24,0,336,0,1,18,63503,1434,0,25,0,0,0,LEADER,1,0,0,24,0,0,0,0,0,0,0,0,0,0,0
65056,90,bully,1553,1,0,0,24,0,336,0,1,90,63503,1553,0,25,0,0,0,LEADER,1,0,0,24,0,0,0,0,0,0,0,0,0,0,0
64950,35,bully,1447,1,0,0,24,0,336,0,1,35,63503,1447,0,25,0,0,0,LEADER,1,0,0,24,0,0,0,0,0,0,0,0,0,0,0
64831,43,bully,2249,1,0,0,23,0,322,0,1,43,62582,2249,0,24,0,0,0,LEADER,1,0,0,23,0,0,0,0,0,0,0,0,0,0,0
64970,28,bully,1467,1,0,0,24,0,336,0,1,28,63503,1467,0,25,0,0,0,LEADER,1,0,0,24,0,0,0,0,0,0,0,0,0,0,0
64809,44,bully,2228,1,0,0,23,0,322,0,1,44,62581,2228,0,24,0,0,0,LEADER,1,0,0,23,0,0,0,0,0,0,0,0,0,0,0
65644,23,bully,2141,1,0,0,24,0,336,0,1,23,63503,2141,0,25,0,0,0,LEADER,1,0,0,24,0,0,0,0,0,0,0,0,0,0,0
64964,30,bully,1461,1,0,0,24,0,336,0,1,30,63503,1461,0,25,0,0,0,LEADER,1,0,0,24,0,0,0,0,0,0,0,0,0,0,0
65362,94,bully,1859,1,0,0,24,0,336,0,1,94,63503,1859,0,25,0,0,0,LEADER,1,0,0,24,0,0,0,0,0,0,0,0,0,0,0
65004,38,bully,1501,1,0,0,24,0,336,0,1,38,63503,1501,0,25,0,0,0,LEADER,1,0,0,24,0,0,0,0,0,0,0,0,0,0,0
65683,66,bully,2180,1,0,0,24,0,336,0,1,66,63503,2180,0,25,0,0,0,LEADER,1,0,0,24,0,0,0,0,0,0,0,0,0,0,0
64989,70,bully,1486,1,0,0,24,0,336,0,1,70,63503,1486,0,25,0,0,0,LEADER,1,0,0,24,0,0,0,0,0,0,0,0,0,0,0
65634,88,bully,2131,1,0,0,24,0,336,0,1,88,63503,2131,0,25,0,0,0,LEADER,1,0,0,24,0,0,0,0,0,0,0,0,0,0,0
64817,75,bully,2235,1,0,0,23,0,322,0,1,75,62582,2235,0,24,0,0,0,LEADER,1,0,0,23,0,0,0,0,0,0,0,0,0,0,0
64825,12,bully,2243,1,0,0,23,0,322,0,1,12,62582,2243,0,24,0,0,0,LEADER,1,0,0,23,0,0,0,0,0,0,0,0,0,0,0
65528,27,bully,2025,1,0,0,24,0,336,0,1,27,63503,2025,0,25,0,0,0,LEADER,1,0,0,24,0,0,0,0,0,0,0,0,0,0,0
65017,42,bully,1514,1,0,0,24,0,336,0,1,42,63503,1514,0,25,0,0,0,LEADER,1,0,0,24,0,0,0,0,0,0,0,0,0,0,0
65664,24,bully,2161,1,0,0,24,0,336,0,1,24,63503,2161,0,25,0,0,0,LEADER,1,0,0,24,0,0,0,0,0,0,0,0,0,0,0
65616,46,bully,2113,1,0,0,24,0,336,0,1,46,63503,2113,0,25,0,0,0,LEADER,1,0,0,24,0,0,0,0,0,0,0,0,0,0,0
65140,34,bully,1637,1,0,0,24,0,336,0,1,34,63503,1637,0,25,0,0,0,LEADER,1,0,0,24,0,0,0,0,0,0,0,0,0,0,0
65513,59,bully,2010,1,0,0,24,0,336,0,1,59,63503,2010,0,25,0,0,0,LEADER,1,0,0,24,0,0,0,0,0,0,0,0,0,0,0
65795,32,bully,2292,1,0,0,24,0,336,0,1,32,63503,2292,0,25,0,0,0,LEADER,1,0,0,24,0,0,0,0,0,0,0,0,0,0,0
65410,72,bully,1907,1,0,0,24,0,336,0,1,72,63503,1907,0,25,0,0,0,LEADER,1,0,0,24,0,0,0,0,0,0,0,0,0,0,0
65819,63,bully,2316,1,0,0,24,0,336,0,1,63,63503,2316,0,25,0,0,0,LEADER,1,0,0,24,0,0,0,0,0,0,0,0,0,0,0
65295,74,bully,1792,1,0,0,24,0,336,0,1,74,63503,1792,0,25,0,0,0,LEADER,1,0,0,24,0,0,0,0,0,0,0,0,0,0,0
65037,48,bully,1534,1,0,0,24,0,336,0,1,48,63503,1534,0,25,0,0,0,LEADER,1,0,0,24,0,0,0,0,0,0,0,0,0,0,0
65498,57,bully,1995,1,0,0,24,0,336,0,1,57,63503,1995,0,25,0,0,0,LEADER,1,0,0,24,0,0,0,0,0,0,0,0,0,0,0
65568,68,bully,2065,1,0,0,24,0,336,0,1,68,63503,2065,0,25,0,0,0,LEADER,1,0,0,24,0,0,0,0,0,0,0,0,0,0,0
64969,45,bully,1466,1,0,0,24,0,336,0,1,45,63503,1466,0,25,0,0,0,LEADER,1,0,0,24,0,0,0,0,0,0,0,0,0,0,0
65326,93,bully,1823,1,0,0,24,0,336,0,1,93,63503,1823,0,25,0,0,0,LEADER,1,0,0,24,0,0,0,0,0,0,0,0,0,0,0
65907,82,bully,2404,1,0,0,24,0,336,0,1,82,63503,2404,0,25,0,0,0,LEADER,1,0,0,24,0,0,0,0,0,0,0,0,0,0,0
65901,51,bully,2398,1,0,0,24,0,336,0,1,51,63503,2398,0,25,0,0,0,LEADER,1,0,0,24,0,0,0,0,0,0,0,0,0,0,0
65446,39,bully,1943,1,0,0,24,0,336,0,1,39,63503,1943,0,25,0,0,0,LEADER,1,0,0,24,0,0,0,0,0,0,0,0,0,0,0
65192,78,bully,1689,1,0,0,24,0,336,0,1,78,63503,1689,0,25,0,0,0,LEADER,1,0,0,24,0,0,0,0,0,0,0,0,0,0,0
65580,79,bully,2077,1,0,0,24,0,336,0,1,79,63503,2077,0,25,0,0,0,LEADER,1,0,0,24,0,0,0,0,0,0,0,0,0,0,0
65155,14,bully,1652,1,0,0,24,0,336,0,1,14,63503,1652,0,25,0,0,0,LEADER,1,0,0,24,0,0,0,0,0,0,0,0,0,0,0
65582,36,bully,2080,1,0,0,24,0,336,0,1,36,63502,2080,0,25,0,0,0,LEADER,1,0,0,24,0,0,0,0,0,0,0,0,0,0,0
65465,81,bully,1962,1,0,0,24,0,336,0,1,81,63503,1962,0,25,0,0,0,LEADER,1,0,0,24,0,0,0,0,0,0,0,0,0,0,0
65125,67,bully,1622,1,0,0,24,0,336,0,1,67,63503,1622,0,25,0,0,0,LEADER,1,0,0,24,0,0,0,0,0,0,0,0,0,0,0
65886,83,bully,2383,1,0,0,24,0,336,0,1,83,63503,2383,0,25,0,0,0,LEADER,1,0,0,24,0,0,0,0,0,0,0,0,0,0,0
66030,99,bully,1607,1,0,0,24,0,336,0,1,99,64423,1607,0,25,0,0,0,LEADER,1,0,0,24,0,0,0,0,0,0,0,0,0,0,0
65207,55,bully,1704,1,0,0,24,0,336,0,1,55,63503,1704,0,25,0,0,0,LEADER,1,0,0,24,0,0,0,0,0,0,0,0,0,0,0
65997,89,bully,1574,1,0,0,24,0,336,0,1,89,64423,1574,0,25,0,0,0,LEADER,1,0,0,24,0,0,0,0,0,0,0,0,0,0,0
65159,77,bully,1656,1,0,0,24,0,336,0,1,77,63503,1656,0,25,0,0,0,LEADER,1,0,0,24,0,0,0,0,0,0,0,0,0,0,0
65431,71,bully,1928,1,0,0,24,0,336,0,1,71,63503,1928,0,25,0,0,0,LEADER,1,0,0,24,0,0,0,0,0,0,0,0,0,0,0
65343,52,bully,1840,1,0,0,24,0,336,0,1,52,63503,1840,0,25,0,0,0,LEADER,1,0,0,24,0,0,0,0,0,0,0,0,0,0,0
65714,76,bully,2213,1,0,0,24,0,336,0,1,76,63501,2213,0,25,0,0,0,LEADER,1,0,0,24,0,0,0,0,0,0,0,0,0,0,0
65310,10,bully,1807,1,0,0,24,0,336,0,1,10,63503,1807,0,25,0,0,0,LEADER,1,0,0,24,0,0,0,0,0,0,0,0,0,0,0
65243,22,bully,1740,1,0,0,24,0,336,0,1,22,63503,1740,0,25,0,0,0,LEADER,1,0,0,24,0,0,0,0,0,0,0,0,0,0,0
65391,21,bully,1889,1,0,0,24,0,336,0,1,21,63502,1889,0,25,0,0,0,LEADER,1,0,0,24,0,0,0,0,0,0,0,0,0,0,0
65649,56,bully,2146,1,0,0,24,0,336,0,1,56,63503,2146,0,25,0,0,0,LEADER,1,0,0,24,0,0,0,0,0,0,0,0,0,0,0
65174,60,bully,1671,1,0,0,24,0,336,0,1,60,63503,1671,0,25,0,0,0,LEADER,1,0,0,24,0,0,0,0,0,0,0,0,0,0,0
66027,25,bully,1604,1,0,0,24,0,336,0,1,25,64423,1604,0,25,0,0,0,LEADER,1,0,0,24,0,0,0,0,0,0,0,0,0,0,0
65240,65,bully,1737,1,0,0,24,0,336,0,1,65,63503,1737,0,25,0,0,0,LEADER,1,0,0,24,0,0,0,0,0,0,0,0,0,0,0
65916,19,bully,2413,1,0,0,24,0,336,0,1,19,63503,2413,0,25,0,0,0,LEADER,1,0,0,24,0,0,0,0,0,0,0,0,0,0,0
65546,69,bully,2043,1,0,0,24,0,336,0,1,69,63503,2043,0,25,0,0,0,LEADER,1,0,0,24,0,0,0,0,0,0,0,0,0,0,0
66148,54,bully,1725,1,0,0,24,0,336,0,1,54,64423,1725,0,25,0,0,0,LEADER,1,0,0,24,0,0,0,0,0,0,0,0,0,0,0
65495,17,bully,1992,1,0,0,24,0,336,0,1,17,63503,1992,0,25,0,0,0,LEADER,1,0,0,24,0,0,0,0,0,0,0,0,0,0,0
66009,100,bully,1586,1,0,0,24,0,336,0,1,100,64423,1586,0,25,0,0,0,LEADER,1,0,0,24,0,0,0,0,0,0,0,0,0,0,0
65972,16,bully,1549,1,0,0,24,0,336,0,1,16,64423,1549,0,25,0,0,0,LEADER,1,0,0,24,0,0,0,0,0,0,0,0,0,0,0
65561,37,bully,2058,1,0,0,24,0,336,0,1,37,63503,2058,0,25,0,0,0,LEADER,1,0,0,24,0,0,0,0,0,0,0,0,0,0,0
66197,13,bully,1774,1,0,0,24,0,336,0,1,13,64423,1774,0,25,0,0,0,LEADER,1,0,0,24,0,0,0,0,0,0,0,0,0,0,0
65358,20,bully,1855,1,0,0,24,0,336,0,1,20,63503,1855,0,25,0,0,0,LEADER,1,0,0,24,0,0,0,0,0,0,0,0,0,0,0
65990,41,bully,1567,1,0,0,24,0,336,0,1,41,64423,1567,0,25,0,0,0,LEADER,1,0,0,24,0,0,0,0,0,0,0,0,0,0,0
65979,47,bully,1556,1,0,0,24,0,336,0,1,47,64423,1556,0,25,0,0,0,LEADER,1,0,0,24,0,0,0,0,0,0,0,0,0,0,0
65805,95,bully,2301,1,0,0,24,0,336,0,1,95,63504,2301,0,25,0,0,0,LEADER,1,0,0,24,0,0,0,0,0,0,0,0,0,0,0
65668,98,bully,2165,1,0,0,24,0,336,0,1,98,63503,2165,0,25,0,0,0,LEADER,1,0,0,24,0,0,0,0,0,0,0,0,0,0,0
65852,73,bully,2349,1,0,0,24,0,336,0,1,73,63503,2349,0,25,0,0,0,LEADER,1,0,0,24,0,0,0,0,0,0,0,0,0,0,0
66175,33,bully,1752,1,0,0,24,0,336,0,1,33,64423,1752,0,25,0,0,0,LEADER,1,0,0,24,0,0,0,0,0,0,0,0,0,0,0
66145,97,bully,1722,1,0,0,24,0,336,0,1,97,64423,1722,0,25,0,0,0,LEADER,1,0,0,24,0,0,0,0,0,0,0,0,0,0,0
65398,61,bully,1895,1,0,0,24,0,336,0,1,61,63503,1895,0,25,0,0,0,LEADER,1,0,0,24,0,0,0,0,0,0,0,0,0,0,0
66333,29,bully,1910,1,0,0,24,0,336,0,1,29,64423,1910,0,25,0,0,0,LEADER,1,0,0,24,0,0,0,0,0,0,0,0,0,0,0
66345,40,bully,1922,1,0,0,24,0,336,0,1,40,64423,1922,0,25,0,0,0,LEADER,1,0,0,24,0,0,0,0,0,0,0,0,0,0,0
65834,31,bully,2331,1,0,0,24,0,336,0,1,31,63503,2331,0,25,0,0,0,LEADER,1,0,0,24,0,0,0,0,0,0,0,0,0,0,0
66166,96,bully,1744,1,0,0,24,0,336,0,1,96,64422,1744,0,25,0,0,0,LEADER,1,0,0,24,0,0,0,0,0,0,0,0,0,0,0
66248,84,bully,1825,1,0,0,24,0,336,0,1,84,64423,1825,0,25,0,0,0,LEADER,1,0,0,24,0,0,0,0,0,0,0,0,0,0,0
65942,80,bully,1519,1,0,0,24,0,336,0,1,80,64423,1519,0,25,0,0,0,LEADER,1,0,0,24,0,0,0,0,0,0,0,0,0,0,0
65786,53,bully,2283,1,0,0,24,0,336,0,1,53,63503,2283,0,25,0,0,0,LEADER,1,0,0,24,0,0,0,0,0,0,0,0,0,0,0
65861,92,bully,1438,1,0,0,24,0,336,0,1,92,64423,1438,0,25,0,0,0,LEADER,1,0,0,24,0,0,0,0,0,0,0,0,0,0,0
66297,62,bully,1874,1,0,0,24,0,336,0,1,62,64423,1874,0,25,0,0,0,LEADER,1,0,0,24,0,0,0,0,0,0,0,0,0,0,0
66040,91,bully,1619,1,0,0,24,0,336,0,1,91,64421,1619,0,25,0,0,0,LEADER,1,0,0,24,0,0,0,0,0,0,0,0,0,0,0
65994,15,bully,1571,1,0,0,24,0,336,0,1,15,64423,1571,0,25,0,0,0,LEADER,1,0,0,24,0,0,0,0,0,0,0,0,0,0,0
65664,26,bully,2161,1,0,0,24,0,336,0,1,26,63503,2161,0,25,0,0,0,LEADER,1,0,0,24,0,0,0,0,0,0,0,0,0,0,0
66400,49,bully,1977,1,0,0,24,0,336,0,1,49,64423,1977,0,25,0,0,0,LEADER,1,0,0,24,0,0,0,0,0,0,0,0,0,0,0
66215,58,bully,1792,1,0,0,24,0,336,0,1,58,64423,1792,0,25,0,0,0,LEADER,1,0,0,24,0,0,0,0,0,0,0,0,0,0,0
65749,86,bully,2246,1,0,0,24,0,336,0,1,86,63503,2246,0,25,0,0,0,LEADER,1,0,0,24,0,0,0,0,0,0,0,0,0,0,0
65922,50,bully,2419,1,0,0,24,0,336,0,1,50,63503,2419,0,25,0,0,0,LEADER,1,0,0,24,0,0,0,0,0,0,0,0,0,0,0
65774,85,bully,2268,1,0,0,24,0,336,0,1,85,63506,2268,0,25,0,0,0,LEADER,1,0,0,24,0,0,0,0,0,0,0,0,0,0,0
65713,87,bully,2212,1,0,0,24,0,336,0,1,87,63501,2212,0,25,0,0,0,LEADER,1,0,0,24,0,0,0,0,0,0,0,0,0,0,0
65919,64,bully,2416,1,0,0,24,0,336,0,1,64,63503,2416,0,25,0,0,0,LEADER,1,0,0,24,0,0,0,0,0,0,0,0,0,0,0
65857,18,bully,1434,1,0,0,24,0,336,0,1,18,64423,1434,0,25,0,0,0,LEADER,1,0,0,24,0,0,0,0,0,0,0,0,0,0,0
65767,11,bully,2264,1,0,0,24,0,336,0,1,11,63503,2264,0,25,0,0,0,LEADER,1,0,0,24,0,0,0,0,0,0,0,0,0,0,0
65976,90,bully,1553,1,0,0,24,0,336,0,1,90,64423,1553,0,25,0,0,0,LEADER,1,0,0,24,0,0,0,0,0,0,0,0,0,0,0
65870,35,bully,1447,1,0,0,24,0,336,0,1,35,64423,1447,0,25,0,0,0,LEADER,1,0,0,24,0,0,0,0,0,0,0,0,0,0,0
65752,43,bully,2249,1,0,0,24,0,336,0,1,43,63503,2249,0,25,0,0,0,LEADER,1,0,0,24,0,0,0,0,0,0,0,0,0,0,0
65890,28,bully,1467,1,0,0,24,0,336,0,1,28,64423,1467,0,25,0,0,0,LEADER,1,0,0,24,0,0,0,0,0,0,0,0,0,0,0
66564,23,bully,2141,1,0,0,24,0,336,0,1,23,64423,2141,0,25,0,0,0,LEADER,1,0,0,24,0,0,0,0,0,0,0,0,0,0,0
65730,44,bully,2228,1,0,0,24,0,336,0,1,44,63502,2228,0,25,0,0,0,LEADER,1,0,0,24,0,0,0,0,0,0,0,0,0,0,0
65884,30,bully,1461,1,0,0,24,0,336,0,1,30,64423,1461,0,25,0,0,0,LEADER,1,0,0,24,0,0,0,0,0,0,0,0,0,0,0
66282,94,bully,1859,1,0,0,24,0,336,0,1,94,64423,1859,0,25,0,0,0,LEADER,1,0,0,24,0,0,0,0,0,0,0,0,0,0,0
65924,38,bully,1501,1,0,0,24,0,336,0,1,38,64423,1501,0,25,0,0,0,LEADER,1,0,0,24,0,0,0,0,0,0,0,0,0,0,0
66603,66,bully,2180,1,0,0,24,0,336,0,1,66,64423,2180,0,25,0,0,0,LEADER,1,0,0,24,0,0,0,0,0,0,0,0,0,0,0
65909,70,bully,1486,1,0,0,24,0,336,0,1,70,64423,1486,0,25,0,0,0,LEADER,1,0,0,24,0,0,0,0,0,0,0,0,0,0,0
66554,88,bully,2131,1,0,0,24,0,336,0,1,88,64423,2131,0,25,0,0,0,LEADER,1,0,0,24,0,0,0,0,0,0,0,0,0,0,0
65738,75,bully,2235,1,0,0,24,0,336,0,1,75,63503,2235,0,25,0,0,0,LEADER,1,0,0,24,0,0,0,0,0,0,0,0,0,0,0
65746,12,bully,2243,1,0,0,24,0,336,0,1,12,63503,2243,0,25,0,0,0,LEADER,1,0,0,24,0,0,0,0,0,0,0,0,0,0,0
66448,27,bully,2025,1,0,0,24,0,336,0,1,27,64423,2025,0,25,0,0,0,LEADER,1,0,0,24,0,0,0,0,0,0,0,0,0,0,0
65937,42,bully,1514,1,0,0,24,0,336,0,1,42,64423,1514,0,25,0,0,0,LEADER,1,0,0,24,0,0,0,0,0,0,0,0,0,0,0
66584,24,bully,2161,1,0,0,24,0,336,0,1,24,64423,2161,0,25,0,0,0,LEADER,1,0,0,24,0,0,0,0,0,0,0,0,0,0,0
66536,46,bully,2113,1,0,0,24,0,336,0,1,46,64423,2113,0,25,0,0,0,LEADER,1,0,0,24,0,0,0,0,0,0,0,0,0,0,0
66060,34,bully,1637,1,0,0,24,0,336,0,1,34,64423,1637,0,25,0,0,0,LEADER,1,0,0,24,0,0,0,0,0,0,0,0,0,0,0
66433,59,bully,2010,1,0,0,24,0,336,0,1,59,64423,2010,0,25,0,0,0,LEADER,1,0,0,24,0,0,0,0,0,0,0,0,0,0,0
66715,32,bully,2292,1,0,0,24,0,336,0,1,32,64423,2292,0,25,0,0,0,LEADER,1,0,0,24,0,0,0,0,0,0,0,0,0,0,0
66330,72,bully,1907,1,0,0,24,0,336,0,1,72,64423,1907,0,25,0,0,0,LEADER,1,0,0,24,0,0,0,0,0,0,0,0,0,0,0
66739,63,bully,2316,1,0,0,24,0,336,0,1,63,64423,2316,0,25,0,0,0,LEADER,1,0,0,24,0,0,0,0,0,0,0,0,0,0,0
66215,74,bully,1792,1,0,0,24,0,336,0,1,74,64423,1792,0,25,0,0,0,LEADER,1,0,0,24,0,0,0,0,0,0,0,0,0,0,0
65957,48,bully,1534,1,0,0,24,0,336,0,1,48,64423,1534,0,25,0,0,0,LEADER,1,0,0,24,0,0,0,0,0,0,0,0,0,0,0
66418,57,bully,1995,1,0,0,24,0,336,0,1,57,64423,1995,0,25,0,0,0,LEADER,1,0,0,24,0,0,0,0,0,0,0,0,0,0,0
66488,68,bully,2065,1,0,0,24,0,336,0,1,68,64423,2065,0,25,0,0,0,LEADER,1,0,0,24,0,0,0,0,0,0,0,0,0,0,0
65889,45,bully,1466,1,0,0,24,0,336,0,1,45,64423,1466,0,25,0,0,0,LEADER,1,0,0,24,0,0,0,0,0,0,0,0,0,0,0
66246,93,bully,1823,1,0,0,24,0,336,0,1,93,64423,1823,0,25,0,0,0,LEADER,1,0,0,24,0,0,0,0,0,0,0,0,0,0,0
66827,82,bully,2404,1,0,0,24,0,336,0,1,82,64423,2404,0,25,0,0,0,LEADER,1,0,0,24,0,0,0,0,0,0,0,0,0,0,0
66821,51,bully,2398,1,0,0,24,0,336,0,1,51,64423,2398,0,25,0,0,0,LEADER,1,0,0,24,0,0,0,0,0,0,0,0,0,0,0
66366,39,bully,1943,1,0,0,24,0,336,0,1,39,64423,1943,0,25,0,0,0,LEADER,1,0,0,24,0,0,0,0,0,0,0,0,0,0,0
66112,78,bully,1689,1,0,0,24,0,336,0,1,78,64423,1689,0,25,0,0,0,LEADER,1,0,0,24,0,0,0,0,0,0,0,0,0,0,0
66500,79,bully,2077,1,0,0,24,0,336,0,1,79,64423,2077,0,25,0,0,0,LEADER,1,0,0,24,0,0,0,0,0,0,0,0,0,0,0
66075,14,bully,1652,1,0,0,24,0,336,0,1,14,64423,1652,0,25,0,0,0,LEADER,1,0,0,24,0,0,0,0,0,0,0,0,0,0,0
66502,36,bully,2080,1,0,0,24,0,336,0,1,36,64422,2080,0,25,0,0,0,LEADER,1,0,0,24,0,0,0,0,0,0,0,0,0,0,0
66385,81,bully,1962,1,0,0,24,0,336,0,1,81,64423,1962,0,25,0,0,0,LEADER,1,0,0,24,0,0,0,0,0,0,0,0,0,0,0
66045,67,bully,1622,1,0,0,24,0,336,0,1,67,64423,1622,0,25,0,0,0,LEADER,1,0,0,24,0,0,0,0,0,0,0,0,0,0,0
66806,83,bully,2383,1,0,0,24,0,336,0,1,83,64423,2383,0,25,0,0,0,LEADER,1,0,0,24,0,0,0,0,0,0,0,0,0,0,0
66950,99,bully,1607,1,0,0,24,0,336,0,1,99,65343,1607,0,25,0,0,0,LEADER,1,0,0,24,0,0,0,0,0,0,0,0,0,0,0
66127,55,bully,1704,1,0,0,24,0,336,0,1,55,64423,1704,0,25,0,0,0,LEADER,1,0,0,24,0,0,0,0,0,0,0,0,0,0,0
66917,89,bully,1574,1,0,0,24,0,336,0,1,89,65343,1574,0,25,0,0,0,LEADER,1,0,0,24,0,0,0,0,0,0,0,0,0,0,0
66079,77,bully,1656,1,0,0,24,0,336,0,1,77,64423,1656,0,25,0,0,0,LEADER,1,0,0,24,0,0,0,0,0,0,0,0,0,0,0
66351,71,bully,1928,1,0,0,24,0,336,0,1,71,64423,1928,0,25,0,0,0,LEADER,1,0,0,24,0,0,0,0,0,0,0,0,0,0,0
66263,52,bully,1840,1,0,0,24,0,336,0,1,52,64423,1840,0,25,0,0,0,LEADER,1,0,0,24,0,0,0,0,0,0,0,0,0,0,0
66634,76,bully,2213,1,0,0,24,0,336,0,1,76,64421,2213,0,25,0,0,0,LEADER,1,0,0,24,0,0,0,0,0,0,0,0,0,0,0
66230,10,bully,1807,1,0,0,24,0,336,0,1,10,64423,1807,0,25,0,0,0,LEADER,1,0,0,24,0,0,0,0,0,0,0,0,0,0,0
66163,22,bully,1740,1,0,0,24,0,336,0,1,22,64423,1740,0,25,0,0,0,LEADER,1,0,0,24,0,0,0,0,0,0,0,0,0,0,0
66311,21,bully,1889,1,0,0,24,0,336,0,1,21,64422,1889,0,25,0,0,0,LEADER,1,0,0,24,0,0,0,0,0,0,0,0,0,0,0
66569,56,bully,2146,1,0,0,24,0,336,0,1,56,64423,2146,0,25,0,0,0,LEADER,1,0,0,24,0,0,0,0,0,0,0,0,0,0,0
66094,60,bully,1671,1,0,0,24,0,336,0,1,60,64423,1671,0,25,0,0,0,LEADER,1,0,0,24,0,0,0,0,0,0,0,0,0,0,0
66947,25,bully,1604,1,0,0,24,0,336,0,1,25,65343,1604,0,25,0,0,0,LEADER,1,0,0,24,0,0,0,0,0,0,0,0,0,0,0
66160,65,bully,1737,1,0,0,24,0,336,0,1,65,64423,1737,0,25,0,0,0,LEADER,1,0,0,24,0,0,0,0,0,0,0,0,0,0,0
66836,19,bully,2413,1,0,0,24,0,336,0,1,19,64423,2413,0,25,0,0,0,LEADER,1,0,0,24,0,0,0,0,0,0,0,0,0,0,0
66466,69,bully,2043,1,0,0,24,0,336,0,1,69,64423,2043,0,25,0,0,0,LEADER,1,0,0,24,0,0,0,0,0,0,0,0,0,0,0
67068,54,bully,1725,1,0,0,24,0,336,0,1,54,65343,1725,0,25,0,0,0,LEADER,1,0,0,24,0,0,0,0,0,0,0,0,0,0,0
66415,17,bully,1992,1,0,0,24,0,336,0,1,17,64423,1992,0,25,0,0,0,LEADER,1,0,0,24,0,0,0,0,0,0,0,0,0,0,0
66929,100,bully,1586,1,0,0,24,0,336,0,1,100,65343,1586,0,25,0,0,0,LEADER,1,0,0,24,0,0,0,0,0,0,0,0,0,0,0
66892,16,bully,1549,1,0,0,24,0,336,0,1,16,65343,1549,0,25,0,0,0,LEADER,1,0,0,24,0,0,0,0,0,0,0,0,0,0,0
66481,37,bully,2058,1,0,0,24,0,336,0,1,37,64423,2058,0,25,0,0,0,LEADER,1,0,0,24,0,0,0,0,0,0,0,0,0,0,0
67117,13,bully,1774,1,0,0,24,0,336,0,1,13,65343,1774,0,25,0,0,0,LEADER,1,0,0,24,0,0,0,0,0,0,0,0,0,0,0
66278,20,bully,1855,1,0,0,24,0,336,0,1,20,64423,1855,0,25,0,0,0,LEADER,1,0,0,24,0,0,0,0,0,0,0,0,0,0,0
66910,41,bully,1567,1,0,0,24,0,336,0,1,41,65343,1567,0,25,0,0,0,LEADER,1,0,0,24,0,0,0,0,0,0,0,0,0,0,0
66899,47,bully,1556,1,0,0,24,0,336,0,1,47,65343,1556,0,25,0,0,0,LEADER,1,0,0,24,0,0,0,0,0,0,0,0,0,0,0
66725,95,bully,2301,1,0,0,24,0,336,0,1,95,64424,2301,0,25,0,0,0,LEADER,1,0,0,24,0,0,0,0,0,0,0,0,0,0,0
66588,98,bully,2165,1,0,0,24,0,336,0,1,98,64423,2165,0,25,0,0,0,LEADER,1,0,0,24,0,0,0,0,0,0,0,0,0,0,0
66772,73,bully,2349,1,0,0,24,0,336,0,1,73,64423,2349,0,25,0,0,0,LEADER,1,0,0,24,0,0,0,0,0,0,0,0,0,0,0
67095,33,bully,1752,1,0,0,24,0,336,0,1,33,65343,1752,0,25,0,0,0,LEADER,1,0,0,24,0,0,0,0,0,0,0,0,0,0,0
67065,97,bully,1722,1,0,0,24,0,336,0,1,97,65343,1722,0,25,0,0,0,LEADER,1,0,0,24,0,0,0,0,0,0,0,0,0,0,0
66318,61,bully,1895,1,0,0,24,0,336,0,1,61,64423,1895,0,25,0,0,0,LEADER,1,0,0,24,0,0,0,0,0,0,0,0,0,0,0
67253,29,bully,1910,1,0,0,24,0,336,0,1,29,65343,1910,0,25,0,0,0,LEADER,1,0,0,24,0,0,0,0,0,0,0,0,0,0,0
67265,40,bully,1922,1,0,0,24,0,336,0,1,40,65343,1922,0,25,0,0,0,LEADER,1,0,0,24,0,0,0,0,0,0,0,0,0,0,0
66754,31,bully,2331,1,0,0,24,0,336,0,1,31,64423,2331,0,25,0,0,0,LEADER,1,0,0,24,0,0,0,0,0,0,0,0,0,0,0
67086,96,bully,1744,1,0,0,24,0,336,0,1,96,65342,1744,0,25,0,0,0,LEADER,1,0,0,24,0,0,0,0,0,0,0,0,0,0,0
67168,84,bully,1825,1,0,0,24,0,336,0,1,84,65343,1825,0,25,0,0,0,LEADER,1,0,0,24,0,0,0,0,0,0,0,0,0,0,0
66862,80,bully,1519,1,0,0,24,0,336,0,1,80,65343,1519,0,25,0,0,0,LEADER,1,0,0,24,0,0,0,0,0,0,0,0,0,0,0
66706,53,bully,2283,1,0,0,24,0,336,0,1,53,64423,2283,0,25,0,0,0,LEADER,1,0,0,24,0,0,0,0,0,0,0,0,0,0,0
66781,92,bully,1438,1,0,0,24,0,336,0,1,92,65343,1438,0,25,0,0,0,LEADER,1,0,0,24,0,0,0,0,0,0,0,0,0,0,0
67217,62,bully,1874,1,0,0,24,0,336,0,1,62,65343,1874,0,25,0,0,0,LEADER,1,0,0,24,0,0,0,0,0,0,0,0,0,0,0
66960,91,bully,1619,1,0,0,24,0,336,0,1,91,65341,1619,0,25,0,0,0,LEADER,1,0,0,24,0,0,0,0,0,0,0,0,0,0,0
66914,15,bully,1571,1,0,0,24,0,336,0,1,15,65343,1571,0,25,0,0,0,LEADER,1,0,0,24,0,0,0,0,0,0,0,0,0,0,0
66584,26,bully,2161,1,0,0,24,0,336,0,1,26,64423,2161,0,25,0,0,0,LEADER,1,0,0,24,0,0,0,0,0,0,0,0,0,0,0
67320,49,bully,1977,1,0,0,24,0,336,0,1,49,65343,1977,0,25,0,0,0,LEADER,1,0,0,24,0,0,0,0,0,0,0,0,0,0,0
67135,58,bully,1792,1,0,0,24,0,336,0,1,58,65343,1792,0,25,0,0,0,LEADER,1,0,0,24,0,0,0,0,0,0,0,0,0,0,0
66669,86,bully,2246,1,0,0,24,0,336,0,1,86,64423,2246,0,25,0,0,0,LEADER,1,0,0,24,0,0,0,0,0,0,0,0,0,0,0
66842,50,bully,2419,1,0,0,24,0,336,0,1,50,64423,2419,0,25,0,0,0,LEADER,1,0,0,24,0,0,0,0,0,0,0,0,0,0,0
66694,85,bully,2268,1,0,0,24,0,336,0,1,85,64426,2268,0,25,0,0,0,LEADER,1,0,0,24,0,0,0,0,0,0,0,0,0,0,0
66633,87,bully,2212,1,0,0,24,0,336,0,1,87,64421,2212,0,25,0,0,0,LEADER,1,0,0,24,0,0,0,0,0,0,0,0,0,0,0
66839,64,bully,2416,1,0,0,24,0,336,0,1,64,64423,2416,0,25,0,0,0,LEADER,1,0,0,24,0,0,0,0,0,0,0,0,0,0,0
66777,18,bully,1434,1,0,0,24,0,336,0,1,18,65343,1434,0,25,0,0,0,LEADER,1,0,0,24,0,0,0,0,0,0,0,0,0,0,0
66687,11,bully,2264,1,0,0,24,0,336,0,1,11,64423,2264,0,25,0,0,0,LEADER,1,0,0,24,0,0,0,0,0,0,0,0,0,0,0
66896,90,bully,1553,1,0,0,24,0,336,0,1,90,65343,1553,0,25,0,0,0,LEADER,1,0,0,24,0,0,0,0,0,0,0,0,0,0,0
66790,35,bully,1447,1,0,0,24,0,336,0,1,35,65343,1447,0,25,0,0,0,LEADER,1,0,0,24,0,0,0,0,0,0,0,0,0,0,0
66672,43,bully,2249,1,0,0,24,0,336,0,1,43,64423,2249,0,25,0,0,0,LEADER,1,0,0,24,0,0,0,0,0,0,0,0,0,0,0
66810,28,bully,1467,1,0,0,24,0,336,0,1,28,65343,1467,0,25,0,0,0,LEADER,1,0,0,24,0,0,0,0,0,0,0,0,0,0,0
67484,23,bully,2141,1,0,0,24,0,336,0,1,23,65343,2141,0,25,0,0,0,LEADER,1,0,0,24,0,0,0,0,0,0,0,0,0,0,0
66650,44,bully,2228,1,0,0,24,0,336,0,1,44,64422,2228,0,25,0,0,0,LEADER,1,0,0,24,0,0,0,0,0,0,0,0,0,0,0
66804,30,bully,1461,1,0,0,24,0,336,0,1,30,65343,1461,0,25,0,0,0,LEADER,1,0,0,24,0,0,0,0,0,0,0,0,0,0,0
67202,94,bully,1859,1,0,0,24,0,336,0,1,94,65343,1859,0,25,0,0,0,LEADER,1,0,0,24,0,0,0,0,0,0,0,0,0,0,0
66844,38,bully,1501,1,0,0,24,0,336,0,1,38,65343,1501,0,25,0,0,0,LEADER,1,0,0,24,0,0,0,0,0,0,0,0,0,0,0
67523,66,bully,2180,1,0,0,24,0,336,0,1,66,65343,2180,0,25,0,0,0,LEADER,1,0,0,24,0,0,0,0,0,0,0,0,0,0,0
66829,70,bully,1486,1,0,0,24,0,336,0,1,70,65343,1486,0,25,0,0,0,LEADER,1,0,0,24,0,0,0,0,0,0,0,0,0,0,0
67474,88,bully,2131,1,0,0,24,0,336,0,1,88,65343,2131,0,25,0,0,0,LEADER,1,0,0,24,0,0,0,0,0,0,0,0,0,0,0
66658,75,bully,2235,1,0,0,24,0,336,0,1,75,64423,2235,0,25,0,0,0,LEADER,1,0,0,24,0,0,0,0,0,0,0,0,0,0,0
66666,12,bully,2243,1,0,0,24,0,336,0,1,12,64423,2243,0,25,0,0,0,LEADER,1,0,0,24,0,0,0,0,0,0,0,0,0,0,0
67368,27,bully,2025,1,0,0,24,0,336,0,1,27,65343,2025,0,25,0,0,0,LEADER,1,0,0,24,0,0,0,0,0,0,0,0,0,0,0
66857,42,bully,1514,1,0,0,24,0,336,0,1,42,65343,1514,0,25,0,0,0,LEADER,1,0,0,24,0,0,0,0,0,0,0,0,0,0,0
67504,24,bully,2161,1,0,0,24,0,336,0,1,24,65343,2161,0,25,0,0,0,LEADER,1,0,0,24,0,0,0,0,0,0,0,0,0,0,0
67456,46,bully,2113,1,0,0,24,0,336,0,1,46,65343,2113,0,25,0,0,0,LEADER,1,0,0,24,0,0,0,0,0,0,0,0,0,0,0
66980,34,bully,1637,1,0,0,24,0,336,0,1,34,65343,1637,0,25,0,0,0,LEADER,1,0,0,24,0,0,0,0,0,0,0,0,0,0,0
67353,59,bully,2010,1,0,0,24,0,336,0,1,59,65343,2010,0,25,0,0,0,LEADER,1,0,0,24,0,0,0,0,0,0,0,0,0,0,0
67635,32,bully,2292,1,0,0,24,0,336,0,1,32,65343,2292,0,25,0,0,0,LEADER,1,0,0,24,0,0,0,0,0,0,0,0,0,0,0
67250,72,bully,1907,1,0,0,24,0,336,0,1,72,65343,1907,0,25,0,0,0,LEADER,1,0,0,24,0,0,0,0,0,0,0,0,0,0,0
67659,63,bully,2316,1,0,0,24,0,336,0,1,63,65343,2316,0,25,0,0,0,LEADER,1,0,0,24,0,0,0,0,0,0,0,0,0,0,0
67135,74,bully,1792,1,0,0,24,0,336,0,1,74,65343,1792,0,25,0,0,0,LEADER,1,0,0,24,0,0,0,0,0,0,0,0,0,0,0
66877,48,bully,1534,1,0,0,24,0,336,0,1,48,65343,1534,0,25,0,0,0,LEADER,1,0,0,24,0,0,0,0,0,0,0,0,0,0,0
67338,57,bully,1995,1,0,0,24,0,336,0,1,57,65343,1995,0,25,0,0,0,LEADER,1,0,0,24,0,0,0,0,0,0,0,0,0,0,0
67408,68,bully,2065,1,0,0,24,0,336,0,1,68,65343,2065,0,25,0,0,0,LEADER,1,0,0,24,0,0,0,0,0,0,0,0,0,0,0
66809,45,bully,1466,1,0,0,24,0,336,0,1,45,65343,1466,0,25,0,0,0,LEADER,1,0,0,24,0,0,0,0,0,0,0,0,0,0,0
67166,93,bully,1823,1,0,0,24,0,336,0,1,93,65343,1823,0,25,0,0,0,LEADER,1,0,0,24,0,0,0,0,0,0,0,0,0,0,0
67747,82,bully,2404,1,0,0,24,0,336,0,1,82,65343,2404,0,25,0,0,0,LEADER,1,0,0,24,0,0,0,0,0,0,0,0,0,0,0
67741,51,bully,2398,1,0,0,24,0,336,0,1,51,65343,2398,0,25,0,0,0,LEADER,1,0,0,24,0,0,0,0,0,0,0,0,0,0,0
67286,39,bully,1943,1,0,0,24,0,336,0,1,39,65343,1943,0,25,0,0,0,LEADER,1,0,0,24,0,0,0,0,0,0,0,0,0,0,0
67032,78,bully,1689,1,0,0,24,0,336,0,1,78,65343,1689,0,25,0,0,0,LEADER,1,0,0,24,0,0,0,0,0,0,0,0,0,0,0
67420,79,bully,2077,1,0,0,24,0,336,0,1,79,65343,2077,0,25,0,0,0,LEADER,1,0,0,24,0,0,0,0,0,0,0,0,0,0,0
66995,14,bully,1652,1,0,0,24,0,336,0,1,14,65343,1652,0,25,0,0,0,LEADER,1,0,0,24,0,0,0,0,0,0,0,0,0,0,0
67422,36,bully,2080,1,0,0,24,0,336,0,1,36,65342,2080,0,25,0,0,0,LEADER,1,0,0,24,0,0,0,0,0,0,0,0,0,0,0
67305,81,bully,1962,1,0,0,24,0,336,0,1,81,65343,1962,0,25,0,0,0,LEADER,1,0,0,24,0,0,0,0,0,0,0,0,0,0,0
66965,67,bully,1622,1,0,0,24,0,336,0,1,67,65343,1622,0,25,0,0,0,LEADER,1,0,0,24,0,0,0,0,0,0,0,0,0,0,0
67726,83,bully,2383,1,0,0,24,0,336,0,1,83,65343,2383,0,25,0,0,0,LEADER,1,0,0,24,0,0,0,0,0,0,0,0,0,0,0
67871,99,bully,1607,1,0,0,25,0,350,0,1,99,66264,1607,0,26,0,0,0,LEADER,1,0,0,25,0,0,0,0,0,0,0,0,0,0,0
67047,55,bully,1704,1,0,0,24,0,336,0,1,55,65343,1704,0,25,0,0,0,LEADER,1,0,0,24,0,0,0,0,0,0,0,0,0,0,0
67838,89,bully,1574,1,0,0,25,0,350,0,1,89,66264,1574,0,26,0,0,0,LEADER,1,0,0,25,0,0,0,0,0,0,0,0,0,0,0
66999,77,bully,1656,1,0,0,24,0,336,0,1,77,65343,1656,0,25,0,0,0,LEADER,1,0,0,24,0,0,0,0,0,0,0,0,0,0,0
67271,71,bully,1928,1,0,0,24,0,336,0,1,71,65343,1928,0,25,0,0,0,LEADER,1,0,0,24,0,0,0,0,0,0,0,0,0,0,0
67183,52,bully,1840,1,0,0,24,0,336,0,1,52,65343,1840,0,25,0,0,0,LEADER,1,0,0,24,0,0,0,0,0,0,0,0,0,0,0
67554,76,bully,2213,1,0,0,24,0,336,0,1,76,65341,2213,0,25,0,0,0,LEADER,1,0,0,24,0,0,0,0,0,0,0,0,0,0,0
67150,10,bully,1807,1,0,0,24,0,336,0,1,10,65343,1807,0,25,0,0,0,LEADER,1,0,0,24,0,0,0,0,0,0,0,0,0,0,0
67083,22,bully,1740,1,0,0,24,0,336,0,1,22,65343,1740,0,25,0,0,0,LEADER,1,0,0,24,0,0,0,0,0,0,0,0,0,0,0
67231,21,bully,1889,1,0,0,24,0,336,0,1,21,65342,1889,0,25,0,0,0,LEADER,1,0,0,24,0,0,0,0,0,0,0,0,0,0,0
67489,56,bully,2146,1,0,0,24,0,336,0,1,56,65343,2146,0,25,0,0,0,LEADER,1,0,0,24,0,0,0,0,0,0,0,0,0,0,0
67014,60,bully,1671,1,0,0,24,0,336,0,1,60,65343,1671,0,25,0,0,0,LEADER,1,0,0,24,0,0,0,0,0,0,0,0,0,0,0
67868,25,bully,1604,1,0,0,25,0,350,0,1,25,66264,1604,0,26,0,0,0,LEADER,1,0,0,25,0,0,0,0,0,0,0,0,0,0,0
67080,65,bully,1737,1,0,0,24,0,336,0,1,65,65343,1737,0,25,0,0,0,LEADER,1,0,0,24,0,0,0,0,0,0,0,0,0,0,0
67756,19,bully,2413,1,0,0,24,0,336,0,1,19,65343,2413,0,25,0,0,0,LEADER,1,0,0,24,0,0,0,0,0,0,0,0,0,0,0
67386,69,bully,2043,1,0,0,24,0,336,0,1,69,65343,2043,0,25,0,0,0,LEADER,1,0,0,24,0,0,0,0,0,0,0,0,0,0,0
67989,54,bully,1725,1,0,0,25,0,350,0,1,54,66264,1725,0,26,0,0,0,LEADER,1,0,0,25,0,0,0,0,0,0,0,0,0,0,0
67335,17,bully,1992,1,0,0,24,0,336,0,1,17,65343,1992,0,25,0,0,0,LEADER,1,0,0,24,0,0,0,0,0,0,0,0,0,0,0
67850,100,bully,1586,1,0,0,25,0,350,0,1,100,66264,1586,0,26,0,0,0,LEADER,1,0,0,25,0,0,0,0,0,0,0,0,0,0,0
67813,16,bully,1549,1,0,0,25,0,350,0,1,16,66264,1549,0,26,0,0,0,LEADER,1,0,0,25,0,0,0,0,0,0,0,0,0,0,0
67401,37,bully,2058,1,0,0,24,0,336,0,1,37,65343,2058,0,25,0,0,0,LEADER,1,0,0,24,0,0,0,0,0,0,0,0,0,0,0
68038,13,bully,1774,1,0,0,25,0,350,0,1,13,66264,1774,0,26,0,0,0,LEADER,1,0,0,25,0,0,0,0,0,0,0,0,0,0,0
67198,20,bully,1855,1,0,0,24,0,336,0,1,20,65343,1855,0,25,0,0,0,LEADER,1,0,0,24,0,0,0,0,0,0,0,0,0,0,0
67831,41,bully,1567,1,0,0,25,0,350,0,1,41,66264,1567,0,26,0,0,0,LEADER,1,0,0,25,0,0,0,0,0,0,0,0,0,0,0
67820,47,bully,1556,1,0,0,25,0,350,0,1,47,66264,1556,0,26,0,0,0,LEADER,1,0,0,25,0,0,0,0,0,0,0,0,0,0,0
67645,95,bully,2301,1,0,0,24,0,336,0,1,95,65344,2301,0,25,0,0,0,LEADER,1,0,0,24,0,0,0,0,0,0,0,0,0,0,0
67508,98,bully,2165,1,0,0,24,0,336,0,1,98,65343,2165,0,25,0,0,0,LEADER,1,0,0,24,0,0,0,0,0,0,0,0,0,0,0
67692,73,bully,2349,1,0,0,24,0,336,0,1,73,65343,2349,0,25,0,0,0,LEADER,1,0,0,24,0,0,0,0,0,0,0,0,0,0,0
67238,61,bully,1895,1,0,0,24,0,336,0,1,61,65343,1895,0,25,0,0,0,LEADER,1,0,0,24,0,0,0,0,0,0,0,0,0,0,0
67986,97,bully,1722,1,0,0,25,0,350,0,1,97,66264,1722,0,26,0,0,0,LEADER,1,0,0,25,0,0,0,0,0,0,0,0,0,0,0
68016,33,bully,1752,1,0,0,25,0,350,0,1,33,66264,1752,0,26,0,0,0,LEADER,1,0,0,25,0,0,0,0,0,0,0,0,0,0,0
67674,31,bully,2331,1,0,0,24,0,336,0,1,31,65343,2331,0,25,0,0,0,LEADER,1,0,0,24,0,0,0,0,0,0,0,0,0,0,0
68174,29,bully,1910,1,0,0,25,0,350,0,1,29,66264,1910,0,26,0,0,0,LEADER,1,0,0,25,0,0,0,0,0,0,0,0,0,0,0
68186,40,bully,1922,1,0,0,25,0,350,0,1,40,66264,1922,0,26,0,0,0,LEADER,1,0,0,25,0,0,0,0,0,0,0,0,0,0,0
68006,96,bully,1744,1,0,0,25,0,350,0,1,96,66262,1744,0,26,0,0,0,LEADER,1,0,0,25,0,0,0,0,0,0,0,0,0,0,0
68089,84,bully,1825,1,0,0,25,0,350,0,1,84,66264,1825,0,26,0,0,0,LEADER,1,0,0,25,0,0,0,0,0,0,0,0,0,0,0
67783,80,bully,1519,1,0,0,25,0,350,0,1,80,66264,1519,0,26,0,0,0,LEADER,1,0,0,25,0,0,0,0,0,0,0,0,0,0,0
67626,53,bully,2283,1,0,0,24,0,336,0,1,53,65343,2283,0,25,0,0,0,LEADER,1,0,0,24,0,0,0,0,0,0,0,0,0,0,0
67702,92,bully,1438,1,0,0,25,0,350,0,1,92,66264,1438,0,26,0,0,0,LEADER,1,0,0,25,0,0,0,0,0,0,0,0,0,0,0
68138,62,bully,1874,1,0,0,25,0,350,0,1,62,66264,1874,0,26,0,0,0,LEADER,1,0,0,25,0,0,0,0,0,0,0,0,0,0,0
67881,91,bully,1619,1,0,0,25,0,350,0,1,91,66262,1619,0,26,0,0,0,LEADER,1,0,0,25,0,0,0,0,0,0,0,0,0,0,0
67835,15,bully,1571,1,0,0,25,0,350,0,1,15,66264,1571,0,26,0,0,0,LEADER,1,0,0,25,0,0,0,0,0,0,0,0,0,0,0
67504,26,bully,2161,1,0,0,24,0,336,0,1,26,65343,2161,0,25,0,0,0,LEADER,1,0,0,24,0,0,0,0,0,0,0,0,0,0,0
68241,49,bully,1977,1,0,0,25,0,350,0,1,49,66264,1977,0,26,0,0,0,LEADER,1,0,0,25,0,0,0,0,0,0,0,0,0,0,0
68056,58,bully,1792,1,0,0,25,0,350,0,1,58,66264,1792,0,26,0,0,0,LEADER,1,0,0,25,0,0,0,0,0,0,0,0,0,0,0
67589,86,bully,2246,1,0,0,24,0,336,0,1,86,65343,2246,0,25,0,0,0,LEADER,1,0,0,24,0,0,0,0,0,0,0,0,0,0,0
67762,50,bully,2419,1,0,0,24,0,336,0,1,50,65343,2419,0,25,0,0,0,LEADER,1,0,0,24,0,0,0,0,0,0,0,0,0,0,0
67614,85,bully,2268,1,0,0,24,0,336,0,1,85,65346,2268,0,25,0,0,0,LEADER,1,0,0,24,0,0,0,0,0,0,0,0,0,0,0
67553,87,bully,2212,1,0,0,24,0,336,0,1,87,65341,2212,0,25,0,0,0,LEADER,1,0,0,24,0,0,0,0,0,0,0,0,0,0,0
67759,64,bully,2416,1,0,0,24,0,336,0,1,64,65343,2416,0,25,0,0,0,LEADER,1,0,0,24,0,0,0,0,0,0,0,0,0,0,0
67607,11,bully,2264,1,0,0,24,0,336,0,1,11,65343,2264,0,25,0,0,0,LEADER,1,0,0,24,0,0,0,0,0,0,0,0,0,0,0
67698,18,bully,1434,1,0,0,25,0,350,0,1,18,66264,1434,0,26,0,0,0,LEADER,1,0,0,25,0,0,0,0,0,0,0,0,0,0,0
67817,90,bully,1553,1,0,0,25,0,350,0,1,90,66264,1553,0,26,0,0,0,LEADER,1,0,0,25,0,0,0,0,0,0,0,0,0,0,0
67711,35,bully,1447,1,0,0,25,0,350,0,1,35,66264,1447,0,26,0,0,0,LEADER,1,0,0,25,0,0,0,0,0,0,0,0,0,0,0
67592,43,bully,2249,1,0,0,24,0,336,0,1,43,65343,2249,0,25,0,0,0,LEADER,1,0,0,24,0,0,0,0,0,0,0,0,0,0,0
67731,28,bully,1467,1,0,0,25,0,350,0,1,28,66264,1467,0,26,0,0,0,LEADER,1,0,0,25,0,0,0,0,0,0,0,0,0,0,0
67570,44,bully,2228,1,0,0,24,0,336,0,1,44,65342,2228,0,25,0,0,0,LEADER,1,0,0,24,0,0,0,0,0,0,0,0,0,0,0
68405,23,bully,2141,1,0,0,25,0,350,0,1,23,66264,2141,0,26,0,0,0,LEADER,1,0,0,25,0,0,0,0,0,0,0,0,0,0,0
67725,30,bully,1461,1,0,0,25,0,350,0,1,30,66264,1461,0,26,0,0,0,LEADER,1,0,0,25,0,0,0,0,0,0,0,0,0,0,0
68123,94,bully,1859,1,0,0,25,0,350,0,1,94,66264,1859,0,26,0,0,0,LEADER,1,0,0,25,0,0,0,0,0,0,0,0,0,0,0
67765,38,bully,1501,1,0,0,25,0,350,0,1,38,66264,1501,0,26,0,0,0,LEADER,1,0,0,25,0,0,0,0,0,0,0,0,0,0,0
68444,66,bully,2180,1,0,0,25,0,350,0,1,66,66264,2180,0,26,0,0,0,LEADER,1,0,0,25,0,0,0,0,0,0,0,0,0,0,0
67750,70,bully,1486,1,0,0,25,0,350,0,1,70,66264,1486,0,26,0,0,0,LEADER,1,0,0,25,0,0,0,0,0,0,0,0,0,0,0
68395,88,bully,2131,1,0,0,25,0,350,0,1,88,66264,2131,0,26,0,0,0,LEADER,1,0,0,25,0,0,0,0,0,0,0,0,0,0,0
67578,75,bully,2235,1,0,0,24,0,336,0,1,75,65343,2235,0,25,0,0,0,LEADER,1,0,0,24,0,0,0,0,0,0,0,0,0,0,0
67586,12,bully,2243,1,0,0,24,0,336,0,1,12,65343,2243,0,25,0,0,0,LEADER,1,0,0,24,0,0,0,0,0,0,0,0,0,0,0
68289,27,bully,2025,1,0,0,25,0,350,0,1,27,66264,2025,0,26,0,0,0,LEADER,1,0,0,25,0,0,0,0,0,0,0,0,0,0,0
67778,42,bully,1514,1,0,0,25,0,350,0,1,42,66264,1514,0,26,0,0,0,LEADER,1,0,0,25,0,0,0,0,0,0,0,0,0,0,0
68425,24,bully,2161,1,0,0,25,0,350,0,1,24,66264,2161,0,26,0,0,0,LEADER,1,0,0,25,0,0,0,0,0,0,0,0,0,0,0
68377,46,bully,2113,1,0,0,25,0,350,0,1,46,66264,2113,0,26,0,0,0,LEADER,1,0,0,25,0,0,0,0,0,0,0,0,0,0,0
67901,34,bully,1637,1,0,0,25,0,350,0,1,34,66264,1637,0,26,0,0,0,LEADER,1,0,0,25,0,0,0,0,0,0,0,0,0,0,0
68274,59,bully,2010,1,0,0,25,0,350,0,1,59,66264,2010,0,26,0,0,0,LEADER,1,0,0,25,0,0,0,0,0,0,0,0,0,0,0
68556,32,bully,2292,1,0,0,25,0,350,0,1,32,66264,2292,0,26,0,0,0,LEADER,1,0,0,25,0,0,0,0,0,0,0,0,0,0,0
68171,72,bully,1907,1,0,0,25,0,350,0,1,72,66264,1907,0,26,0,0,0,LEADER,1,0,0,25,0,0,0,0,0,0,0,0,0,0,0
68580,63,bully,2316,1,0,0,25,0,350,0,1,63,66264,2316,0,26,0,0,0,LEADER,1,0,0,25,0,0,0,0,0,0,0,0,0,0,0
68056,74,bully,1792,1,0,0,25,0,350,0,1,74,66264,1792,0,26,0,0,0,LEADER,1,0,0,25,0,0,0,0,0,0,0,0,0,0,0
67798,48,bully,1534,1,0,0,25,0,350,0,1,48,66264,1534,0,26,0,0,0,LEADER,1,0,0,25,0,0,0,0,0,0,0,0,0,0,0
68259,57,bully,1995,1,0,0,25,0,350,0,1,57,66264,1995,0,26,0,0,0,LEADER,1,0,0,25,0,0,0,0,0,0,0,0,0,0,0
68329,68,bully,2065,1,0,0,25,0,350,0,1,68,66264,2065,0,26,0,0,0,LEADER,1,0,0,25,0,0,0,0,0,0,0,0,0,0,0
67730,45,bully,1466,1,0,0,25,0,350,0,1,45,66264,1466,0,26,0,0,0,LEADER,1,0,0,25,0,0,0,0,0,0,0,0,0,0,0
68087,93,bully,1823,1,0,0,25,0,350,0,1,93,66264,1823,0,26,0,0,0,LEADER,1,0,0,25,0,0,0,0,0,0,0,0,0,0,0
68668,82,bully,2404,1,0,0,25,0,350,0,1,82,66264,2404,0,26,0,0,0,LEADER,1,0,0,25,0,0,0,0,0,0,0,0,0,0,0
68662,51,bully,2398,1,0,0,25,0,350,0,1,51,66264,2398,0,26,0,0,0,LEADER,1,0,0,25,0,0,0,0,0,0,0,0,0,0,0
68207,39,bully,1943,1,0,0,25,0,350,0,1,39,66264,1943,0,26,0,0,0,LEADER,1,0,0,25,0,0,0,0,0,0,0,0,0,0,0
67953,78,bully,1689,1,0,0,25,0,350,0,1,78,66264,1689,0,26,0,0,0,LEADER,1,0,0,25,0,0,0,0,0,0,0,0,0,0,0
68341,79,bully,2077,1,0,0,25,0,350,0,1,79,66264,2077,0,26,0,0,0,LEADER,1,0,0,25,0,0,0,0,0,0,0,0,0,0,0
67916,14,bully,1652,1,0,0,25,0,350,0,1,14,66264,1652,0,26,0,0,0,LEADER,1,0,0,25,0,0,0,0,0,0,0,0,0,0,0
68343,36,bully,2080,1,0,0,25,0,350,0,1,36,66263,2080,0,26,0,0,0,LEADER,1,0,0,25,0,0,0,0,0,0,0,0,0,0,0
68226,81,bully,1962,1,0,0,25,0,350,0,1,81,66264,1962,0,26,0,0,0,LEADER,1,0,0,25,0,0,0,0,0,0,0,0,0,0,0
67886,67,bully,1622,1,0,0,25,0,350,0,1,67,66264,1622,0,26,0,0,0,LEADER,1,0,0,25,0,0,0,0,0,0,0,0,0,0,0
68647,83,bully,2383,1,0,0,25,0,350,0,1,83,66264,2383,0,26,0,0,0,LEADER,1,0,0,25,0,0,0,0,0,0,0,0,0,0,0
68791,99,bully,1607,1,0,0,25,0,350,0,1,99,67184,1607,0,26,0,0,0,LEADER,1,0,0,25,0,0,0,0,0,0,0,0,0,0,0
67968,55,bully,1704,1,0,0,25,0,350,0,1,55,66264,1704,0,26,0,0,0,LEADER,1,0,0,25,0,0,0,0,0,0,0,0,0,0,0
68758,89,bully,1574,1,0,0,25,0,350,0,1,89,67184,1574,0,26,0,0,0,LEADER,1,0,0,25,0,0,0,0,0,0,0,0,0,0,0
67920,77,bully,1656,1,0,0,25,0,350,0,1,77,66264,1656,0,26,0,0,0,LEADER,1,0,0,25,0,0,0,0,0,0,0,0,0,0,0
68192,71,bully,1928,1,0,0,25,0,350,0,1,71,66264,1928,0,26,0,0,0,LEADER,1,0,0,25,0,0,0,0,0,0,0,0,0,0,0
68104,52,bully,1840,1,0,0,25,0,350,0,1,52,66264,1840,0,26,0,0,0,LEADER,1,0,0,25,0,0,0,0,0,0,0,0,0,0,0
68475,76,bully,2213,1,0,0,25,0,350,0,1,76,66262,2213,0,26,0,0,0,LEADER,1,0,0,25,0,0,0,0,0,0,0,0,0,0,0
68071,10,bully,1807,1,0,0,25,0,350,0,1,10,66264,1807,0,26,0,0,0,LEADER,1,0,0,25,0,0,0,0,0,0,0,0,0,0,0
68004,22,bully,1740,1,0,0,25,0,350,0,1,22,66264,1740,0,26,0,0,0,LEADER,1,0,0,25,0,0,0,0,0,0,0,0,0,0,0
68152,21,bully,1889,1,0,0,25,0,350,0,1,21,66263,1889,0,26,0,0,0,LEADER,1,0,0,25,0,0,0,0,0,0,0,0,0,0,0
68410,56,bully,2146,1,0,0,25,0,350,0,1,56,66264,2146,0,26,0,0,0,LEADER,1,0,0,25,0,0,0,0,0,0,0,0,0,0,0
67935,60,bully,1671,1,0,0,25,0,350,0,1,60,66264,1671,0,26,0,0,0,LEADER,1,0,0,25,0,0,0,0,0,0,0,0,0,0,0
68788,25,bully,1604,1,0,0,25,0,350,0,1,25,67184,1604,0,26,0,0,0,LEADER,1,0,0,25,0,0,0,0,0,0,0,0,0,0,0
68001,65,bully,1737,1,0,0,25,0,350,0,1,65,66264,1737,0,26,0,0,0,LEADER,1,0,0,25,0,0,0,0,0,0,0,0,0,0,0
68677,19,bully,2413,1,0,0,25,0,350,0,1,19,66264,2413,0,26,0,0,0,LEADER,1,0,0,25,0,0,0,0,0,0,0,0,0,0,0
68307,69,bully,2043,1,0,0,25,0,350,0,1,69,66264,2043,0,26,0,0,0,LEADER,1,0,0,25,0,0,0,0,0,0,0,0,0,0,0
68909,54,bully,1725,1,0,0,25,0,350,0,1,54,67184,1725,0,26,0,0,0,LEADER,1,0,0,25,0,0,0,0,0,0,0,0,0,0,0
68256,17,bully,1992,1,0,0,25,0,350,0,1,17,66264,1992,0,26,0,0,0,LEADER,1,0,0,25,0,0,0,0,0,0,0,0,0,0,0
68770,100,bully,1586,1,0,0,25,0,350,0,1,100,67184,1586,0,26,0,0,0,LEADER,1,0,0,25,0,0,0,0,0,0,0,0,0,0,0
68733,16,bully,1549,1,0,0,25,0,350,0,1,16,67184,1549,0,26,0,0,0,LEADER,1,0,0,25,0,0,0,0,0,0,0,0,0,0,0
68322,37,bully,2058,1,0,0,25,0,350,0,1,37,66264,2058,0,26,0,0,0,LEADER,1,0,0,25,0,0,0,0,0,0,0,0,0,0,0
68958,13,bully,1774,1,0,0,25,0,350,0,1,13,67184,1774,0,26,0,0,0,LEADER,1,0,0,25,0,0,0,0,0,0,0,0,0,0,0
68119,20,bully,1855,1,0,0,25,0,350,0,1,20,66264,1855,0,26,0,0,0,LEADER,1,0,0,25,0,0,0,0,0,0,0,0,0,0,0
68751,41,bully,1567,1,0,0,25,0,350,0,1,41,67184,1567,0,26,0,0,0,LEADER,1,0,0,25,0,0,0,0,0,0,0,0,0,0,0
68740,47,bully,1556,1,0,0,25,0,350,0,1,47,67184,1556,0,26,0,0,0,LEADER,1,0,0,25,0,0,0,0,0,0,0,0,0,0,0
68566,95,bully,2301,1,0,0,25,0,350,0,1,95,66265,2301,0,26,0,0,0,LEADER,1,0,0,25,0,0,0,0,0,0,0,0,0,0,0
68429,98,bully,2165,1,0,0,25,0,350,0,1,98,66264,2165,0,26,0,0,0,LEADER,1,0,0,25,0,0,0,0,0,0,0,0,0,0,0
68613,73,bully,2349,1,0,0,25,0,350,0,1,73,66264,2349,0,26,0,0,0,LEADER,1,0,0,25,0,0,0,0,0,0,0,0,0,0,0
68936,33,bully,1752,1,0,0,25,0,350,0,1,33,67184,1752,0,26,0,0,0,LEADER,1,0,0,25,0,0,0,0,0,0,0,0,0,0,0
68906,97,bully,1722,1,0,0,25,0,350,0,1,97,67184,1722,0,26,0,0,0,LEADER,1,0,0,25,0,0,0,0,0,0,0,0,0,0,0
68159,61,bully,1895,1,0,0,25,0,350,0,1,61,66264,1895,0,26,0,0,0,LEADER,1,0,0,25,0,0,0,0,0,0,0,0,0,0,0
69094,29,bully,1910,1,0,0,25,0,350,0,1,29,67184,1910,0,26,0,0,0,LEADER,1,0,0,25,0,0,0,0,0,0,0,0,0,0,0
69106,40,bully,1922,1,0,0,25,0,350,0,1,40,67184,1922,0,26,0,0,0,LEADER,1,0,0,25,0,0,0,0,0,0,0,0,0,0,0
68595,31,bully,2331,1,0,0,25,0,350,0,1,31,66264,2331,0,26,0,0,0,LEADER,1,0,0,25,0,0,0,0,0,0,0,0,0,0,0
68926,96,bully,1744,1,0,0,25,0,350,0,1,96,67182,1744,0,26,0,0,0,LEADER,1,0,0,25,0,0,0,0,0,0,0,0,0,0,0
69009,84,bully,1825,1,0,0,25,0,350,0,1,84,67184,1825,0,26,0,0,0,LEADER,1,0,0,25,0,0,0,0,0,0,0,0,0,0,0
68703,80,bully,1519,1,0,0,25,0,350,0,1,80,67184,1519,0,26,0,0,0,LEADER,1,0,0,25,0,0,0,0,0,0,0,0,0,0,0
68547,53,bully,2283,1,0,0,25,0,350,0,1,53,66264,2283,0,26,0,0,0,LEADER,1,0,0,25,0,0,0,0,0,0,0,0,0,0,0
68622,92,bully,1438,1,0,0,25,0,350,0,1,92,67184,1438,0,26,0,0,0,LEADER,1,0,0,25,0,0,0,0,0,0,0,0,0,0,0
69058,62,bully,1874,1,0,0,25,0,350,0,1,62,67184,1874,0,26,0,0,0,LEADER,1,0,0,25,0,0,0,0,0,0,0,0,0,0,0
68801,91,bully,1619,1,0,0,25,0,350,0,1,91,67182,1619,0,26,0,0,0,LEADER,1,0,0,25,0,0,0,0,0,0,0,0,0,0,0
68755,15,bully,1571,1,0,0,25,0,350,0,1,15,67184,1571,0,26,0,0,0,LEADER,1,0,0,25,0,0,0,0,0,0,0,0,0,0,0
68425,26,bully,2161,1,0,0,25,0,350,0,1,26,66264,2161,0,26,0,0,0,LEADER,1,0,0,25,0,0,0,0,0,0,0,0,0,0,0
69161,49,bully,1977,1,0,0,25,0,350,0,1,49,67184,1977,0,26,0,0,0,LEADER,1,0,0,25,0,0,0,0,0,0,0,0,0,0,0
68976,58,bully,1792,1,0,0,25,0,350,0,1,58,67184,1792,0,26,0,0,0,LEADER,1,0,0,25,0,0,0,0,0,0,0,0,0,0,0
68510,86,bully,2246,1,0,0,25,0,350,0,1,86,66264,2246,0,26,0,0,0,LEADER,1,0,0,25,0,0,0,0,0,0,0,0,0,0,0
68683,50,bully,2419,1,0,0,25,0,350,0,1,50,66264,2419,0,26,0,0,0,LEADER,1,0,0,25,0,0,0,0,0,0,0,0,0,0,0
68535,85,bully,2268,1,0,0,25,0,350,0,1,85,66267,2268,0,26,0,0,0,LEADER,1,0,0,25,0,0,0,0,0,0,0,0,0,0,0
68474,87,bully,2212,1,0,0,25,0,350,0,1,87,66262,2212,0,26,0,0,0,LEADER,1,0,0,25,0,0,0,0,0,0,0,0,0,0,0
68680,64,bully,2416,1,0,0,25,0,350,0,1,64,66264,2416,0,26,0,0,0,LEADER,1,0,0,25,0,0,0,0,0,0,0,0,0,0,0
68618,18,bully,1434,1,0,0,25,0,350,0,1,18,67184,1434,0,26,0,0,0,LEADER,1,0,0,25,0,0,0,0,0,0,0,0,0,0,0
68528,11,bully,2264,1,0,0,25,0,350,0,1,11,66264,2264,0,26,0,0,0,LEADER,1,0,0,25,0,0,0,0,0,0,0,0,0,0,0
68737,90,bully,1553,1,0,0,25,0,350,0,1,90,67184,1553,0,26,0,0,0,LEADER,1,0,0,25,0,0,0,0,0,0,0,0,0,0,0
68631,35,bully,1447,1,0,0,25,0,350,0,1,35,67184,1447,0,26,0,0,0,LEADER,1,0,0,25,0,0,0,0,0,0,0,0,0,0,0
68513,43,bully,2249,1,0,0,25,0,350,0,1,43,66264,2249,0,26,0,0,0,LEADER,1,0,0,25,0,0,0,0,0,0,0,0,0,0,0
68651,28,bully,1467,1,0,0,25,0,350,0,1,28,67184,1467,0,26,0,0,0,LEADER,1,0,0,25,0,0,0,0,0,0,0,0,0,0,0
69325,23,bully,2141,1,0,0,25,0,350,0,1,23,67184,2141,0,26,0,0,0,LEADER,1,0,0,25,0,0,0,0,0,0,0,0,0,0,0
68491,44,bully,2228,1,0,0,25,0,350,0,1,44,66263,2228,0,26,0,0,0,LEADER,1,0,0,25,0,0,0,0,0,0,0,0,0,0,0
68645,30,bully,1461,1,0,0,25,0,350,0,1,30,67184,1461,0,26,0,0,0,LEADER,1,0,0,25,0,0,0,0,0,0,0,0,0,0,0
69043,94,bully,1859,1,0,0,25,0,350,0,1,94,67184,1859,0,26,0,0,0,LEADER,1,0,0,25,0,0,0,0,0,0,0,0,0,0,0
68685,38,bully,1501,1,0,0,25,0,350,0,1,38,67184,1501,0,26,0,0,0,LEADER,1,0,0,25,0,0,0,0,0,0,0,0,0,0,0
69364,66,bully,2180,1,0,0,25,0,350,0,1,66,67184,2180,0,26,0,0,0,LEADER,1,0,0,25,0,0,0,0,0,0,0,0,0,0,0
68670,70,bully,1486,1,0,0,25,0,350,0,1,70,67184,1486,0,26,0,0,0,LEADER,1,0,0,25,0,0,0,0,0,0,0,0,0,0,0
69315,88,bully,2131,1,0,0,25,0,350,0,1,88,67184,2131,0,26,0,0,0,LEADER,1,0,0,25,0,0,0,0,0,0,0,0,0,0,0
68499,75,bully,2235,1,0,0,25,0,350,0,1,75,66264,2235,0,26,0,0,0,LEADER,1,0,0,25,0,0,0,0,0,0,0,0,0,0,0
68507,12,bully,2243,1,0,0,25,0,350,0,1,12,66264,2243,0,26,0,0,0,LEADER,1,0,0,25,0,0,0,0,0,0,0,0,0,0,0
69209,27,bully,2025,1,0,0,25,0,350,0,1,27,67184,2025,0,26,0,0,0,LEADER,1,0,0,25,0,0,0,0,0,0,0,0,0,0,0
68698,42,bully,1514,1,0,0,25,0,350,0,1,42,67184,1514,0,26,0,0,0,LEADER,1,0,0,25,0,0,0,0,0,0,0,0,0,0,0
69345,24,bully,2161,1,0,0,25,0,350,0,1,24,67184,2161,0,26,0,0,0,LEADER,1,0,0,25,0,0,0,0,0,0,0,0,0,0,0
69297,46,bully,2113,1,0,0,25,0,350,0,1,46,67184,2113,0,26,0,0,0,LEADER,1,0,0,25,0,0,0,0,0,0,0,0,0,0,0
69194,59,bully,2010,1,0,0,25,0,350,0,1,59,67184,2010,0,26,0,0,0,LEADER,1,0,0,25,0,0,0,0,0,0,0,0,0,0,0
68821,34,bully,1637,1,0,0,25,0,350,0,1,34,67184,1637,0,26,0,0,0,LEADER,1,0,0,25,0,0,0,0,0,0,0,0,0,0,0
69476,32,bully,2292,1,0,0,25,0,350,0,1,32,67184,2292,0,26,0,0,0,LEADER,1,0,0,25,0,0,0,0,0,0,0,0,0,0,0
69091,72,bully,1907,1,0,0,25,0,350,0,1,72,67184,1907,0,26,0,0,0,LEADER,1,0,0,25,0,0,0,0,0,0,0,0,0,0,0
69500,63,bully,2316,1,0,0,25,0,350,0,1,63,67184,2316,0,26,0,0,0,LEADER,1,0,0,25,0,0,0,0,0,0,0,0,0,0,0
68976,74,bully,1792,1,0,0,25,0,350,0,1,74,67184,1792,0,26,0,0,0,LEADER,1,0,0,25,0,0,0,0,0,0,0,0,0,0,0
68718,48,bully,1534,1,0,0,25,0,350,0,1,48,67184,1534,0,26,0,0,0,LEADER,1,0,0,25,0,0,0,0,0,0,0,0,0,0,0
69179,57,bully,1995,1,0,0,25,0,350,0,1,57,67184,1995,0,26,0,0,0,LEADER,1,0,0,25,0,0,0,0,0,0,0,0,0,0,0
69249,68,bully,2065,1,0,0,25,0,350,0,1,68,67184,2065,0,26,0,0,0,LEADER,1,0,0,25,0,0,0,0,0,0,0,0,0,0,0
68650,45,bully,1466,1,0,0,25,0,350,0,1,45,67184,1466,0,26,0,0,0,LEADER,1,0,0,25,0,0,0,0,0,0,0,0,0,0,0
69007,93,bully,1823,1,0,0,25,0,350,0,1,93,67184,1823,0,26,0,0,0,LEADER,1,0,0,25,0,0,0,0,0,0,0,0,0,0,0
69588,82,bully,2404,1,0,0,25,0,350,0,1,82,67184,2404,0,26,0,0,0,LEADER,1,0,0,25,0,0,0,0,0,0,0,0,0,0,0
69582,51,bully,2398,1,0,0,25,0,350,0,1,51,67184,2398,0,26,0,0,0,LEADER,1,0,0,25,0,0,0,0,0,0,0,0,0,0,0
69127,39,bully,1943,1,0,0,25,0,350,0,1,39,67184,1943,0,26,0,0,0,LEADER,1,0,0,25,0,0,0,0,0,0,0,0,0,0,0
68873,78,bully,1689,1,0,0,25,0,350,0,1,78,67184,1689,0,26,0,0,0,LEADER,1,0,0,25,0,0,0,0,0,0,0,0,0,0,0
69261,79,bully,2077,1,0,0,25,0,350,0,1,79,67184,2077,0,26,0,0,0,LEADER,1,0,0,25,0,0,0,0,0,0,0,0,0,0,0
68836,14,bully,1652,1,0,0,25,0,350,0,1,14,67184,1652,0,26,0,0,0,LEADER,1,0,0,25,0,0,0,0,0,0,0,0,0,0,0
69263,36,bully,2080,1,0,0,25,0,350,0,1,36,67183,2080,0,26,0,0,0,LEADER,1,0,0,25,0,0,0,0,0,0,0,0,0,0,0
69146,81,bully,1962,1,0,0,25,0,350,0,1,81,67184,1962,0,26,0,0,0,LEADER,1,0,0,25,0,0,0,0,0,0,0,0,0,0,0
68806,67,bully,1622,1,0,0,25,0,350,0,1,67,67184,1622,0,26,0,0,0,LEADER,1,0,0,25,0,0,0,0,0,0,0,0,0,0,0
69567,83,bully,2383,1,0,0,25,0,350,0,1,83,67184,2383,0,26,0,0,0,LEADER,1,0,0,25,0,0,0,0,0,0,0,0,0,0,0
69711,99,bully,1607,1,0,0,25,0,350,0,1,99,68104,1607,0,26,0,0,0,LEADER,1,0,0,25,0,0,0,0,0,0,0,0,0,0,0
68888,55,bully,1704,1,0,0,25,0,350,0,1,55,67184,1704,0,26,0,0,0,LEADER,1,0,0,25,0,0,0,0,0,0,0,0,0,0,0
69678,89,bully,1574,1,0,0,25,0,350,0,1,89,68104,1574,0,26,0,0,0,LEADER,1,0,0,25,0,0,0,0,0,0,0,0,0,0,0
68840,77,bully,1656,1,0,0,25,0,350,0,1,77,67184,1656,0,26,0,0,0,LEADER,1,0,0,25,0,0,0,0,0,0,0,0,0,0,0
69112,71,bully,1928,1,0,0,25,0,350,0,1,71,67184,1928,0,26,0,0,0,LEADER,1,0,0,25,0,0,0,0,0,0,0,0,0,0,0
69024,52,bully,1840,1,0,0,25,0,350,0,1,52,67184,1840,0,26,0,0,0,LEADER,1,0,0,25,0,0,0,0,0,0,0,0,0,0,0
69395,76,bully,2213,1,0,0,25,0,350,0,1,76,67182,2213,0,26,0,0,0,LEADER,1,0,0,25,0,0,0,0,0,0,0,0,0,0,0
68991,10,bully,1807,1,0,0,25,0,350,0,1,10,67184,1807,0,26,0,0,0,LEADER,1,0,0,25,0,0,0,0,0,0,0,0,0,0,0
68924,22,bully,1740,1,0,0,25,0,350,0,1,22,67184,1740,0,26,0,0,0,LEADER,1,0,0,25,0,0,0,0,0,0,0,0,0,0,0
69072,21,bully,1889,1,0,0,25,0,350,0,1,21,67183,1889,0,26,0,0,0,LEADER,1,0,0,25,0,0,0,0,0,0,0,0,0,0,0
69330,56,bully,2146,1,0,0,25,0,350,0,1,56,67184,2146,0,26,0,0,0,LEADER,1,0,0,25,0,0,0,0,0,0,0,0,0,0,0
68855,60,bully,1671,1,0,0,25,0,350,0,1,60,67184,1671,0,26,0,0,0,LEADER,1,0,0,25,0,0,0,0,0,0,0,0,0,0,0
69708,25,bully,1604,1,0,0,25,0,350,0,1,25,68104,1604,0,26,0,0,0,LEADER,1,0,0,25,0,0,0,0,0,0,0,0,0,0,0
68921,65,bully,1737,1,0,0,25,0,350,0,1,65,67184,1737,0,26,0,0,0,LEADER,1,0,0,25,0,0,0,0,0,0,0,0,0,0,0
69597,19,bully,2413,1,0,0,25,0,350,0,1,19,67184,2413,0,26,0,0,0,LEADER,1,0,0,25,0,0,0,0,0,0,0,0,0,0,0
69227,69,bully,2043,1,0,0,25,0,350,0,1,69,67184,2043,0,26,0,0,0,LEADER,1,0,0,25,0,0,0,0,0,0,0,0,0,0,0
69829,54,bully,1725,1,0,0,25,0,350,0,1,54,68104,1725,0,26,0,0,0,LEADER,1,0,0,25,0,0,0,0,0,0,0,0,0,0,0
69441,1,bully,2293,1,0,0,8,8,112,112,1,1,67148,2293,0,7,0,0,0,LEADER,1,0,0,8,0,0,0,8,0,0,0,0,0,0,0
69176,17,bully,1992,1,0,0,25,0,350,0,1,17,67184,1992,0,26,0,0,0,LEADER,1,0,0,25,0,0,0,0,0,0,0,0,0,0,0
69690,100,bully,1586,1,0,0,25,0,350,0,1,100,68104,1586,0,26,0,0,0,LEADER,1,0,0,25,0,0,0,0,0,0,0,0,0,0,0
69653,16,bully,1549,1,0,0,25,0,350,0,1,16,68104,1549,0,26,0,0,0,LEADER,1,0,0,25,0,0,0,0,0,0,0,0,0,0,0
69242,37,bully,2058,1,0,0,25,0,350,0,1,37,67184,2058,0,26,0,0,0,LEADER,1,0,0,25,0,0,0,0,0,0,0,0,0,0,0
69878,13,bully,1774,1,0,0,25,0,350,0,1,13,68104,1774,0,26,0,0,0,LEADER,1,0,0,25,0,0,0,0,0,0,0,0,0,0,0
69039,20,bully,1855,1,0,0,25,0,350,0,1,20,67184,1855,0,26,0,0,0,LEADER,1,0,0,25,0,0,0,0,0,0,0,0,0,0,0
69671,41,bully,1567,1,0,0,25,0,350,0,1,41,68104,1567,0,26,0,0,0,LEADER,1,0,0,25,0,0,0,0,0,0,0,0,0,0,0
69660,47,bully,1556,1,0,0,25,0,350,0,1,47,68104,1556,0,26,0,0,0,LEADER,1,0,0,25,0,0,0,0,0,0,0,0,0,0,0
69486,95,bully,2301,1,0,0,25,0,350,0,1,95,67185,2301,0,26,0,0,0,LEADER,1,0,0,25,0,0,0,0,0,0,0,0,0,0,0
69349,98,bully,2165,1,0,0,25,0,350,0,1,98,67184,2165,0,26,0,0,0,LEADER,1,0,0,25,0,0,0,0,0,0,0,0,0,0,0
69533,73,bully,2349,1,0,0,25,0,350,0,1,73,67184,2349,0,26,0,0,0,LEADER,1,0,0,25,0,0,0,0,0,0,0,0,0,0,0
69826,97,bully,1722,1,0,0,25,0,350,0,1,97,68104,1722,0,26,0,0,0,LEADER,1,0,0,25,0,0,0,0,0,0,0,0,0,0,0
69079,61,bully,1895,1,0,0,25,0,350,0,1,61,67184,1895,0,26,0,0,0,LEADER,1,0,0,25,0,0,0,0,0,0,0,0,0,0,0
69856,33,bully,1752,1,0,0,25,0,350,0,1,33,68104,1752,0,26,0,0,0,LEADER,1,0,0,25,0,0,0,0,0,0,0,0,0,0,0
70014,29,bully,1910,1,0,0,25,0,350,0,1,29,68104,1910,0,26,0,0,0,LEADER,1,0,0,25,0,0,0,0,0,0,0,0,0,0,0
70026,40,bully,1922,1,0,0,25,0,350,0,1,40,68104,1922,0,26,0,0,0,LEADER,1,0,0,25,0,0,0,0,0,0,0,0,0,0,0
69515,31,bully,2331,1,0,0,25,0,350,0,1,31,67184,2331,0,26,0,0,0,LEADER,1,0,0,25,0,0,0,0,0,0,0,0,0,0,0
69846,96,bully,1744,1,0,0,25,0,350,0,1,96,68102,1744,0,26,0,0,0,LEADER,1,0,0,25,0,0,0,0,0,0,0,0,0,0,0
69929,84,bully,1825,1,0,0,25,0,350,0,1,84,68104,1825,0,26,0,0,0,LEADER,1,0,0,25,0,0,0,0,0,0,0,0,0,0,0
69623,80,bully,1519,1,0,0,25,0,350,0,1,80,68104,1519,0,26,0,0,0,LEADER,1,0,0,25,0,0,0,0,0,0,0,0,0,0,0
69467,53,bully,2283,1,0,0,25,0,350,0,1,53,67184,2283,0,26,0,0,0,LEADER,1,0,0,25,0,0,0,0,0,0,0,0,0,0,0
69542,92,bully,1438,1,0,0,25,0,350,0,1,92,68104,1438,0,26,0,0,0,LEADER,1,0,0,25,0,0,0,0,0,0,0,0,0,0,0
69978,62,bully,1874,1,0,0,25,0,350,0,1,62,68104,1874,0,26,0,0,0,LEADER,1,0,0,25,0,0,0,0,0,0,0,0,0,0,0
69721,91,bully,1619,1,0,0,25,0,350,0,1,91,68102,1619,0,26,0,0,0,LEADER,1,0,0,25,0,0,0,0,0,0,0,0,0,0,0
69675,15,bully,1571,1,0,0,25,0,350,0,1,15,68104,1571,0,26,0,0,0,LEADER,1,0,0,25,0,0,0,0,0,0,0,0,0,0,0
69345,26,bully,2161,1,0,0,25,0,350,0,1,26,67184,2161,0,26,0,0,0,LEADER,1,0,0,25,0,0,0,0,0,0,0,0,0,0,0
70081,49,bully,1977,1,0,0,25,0,350,0,1,49,68104,1977,0,26,0,0,0,LEADER,1,0,0,25,0,0,0,0,0,0,0,0,0,0,0
69896,58,bully,1792,1,0,0,25,0,350,0,1,58,68104,1792,0,26,0,0,0,LEADER,1,0,0,25,0,0,0,0,0,0,0,0,0,0,0
69430,86,bully,2246,1,0,0,25,0,350,0,1,86,67184,2246,0,26,0,0,0,LEADER,1,0,0,25,0,0,0,0,0,0,0,0,0,0,0
69603,50,bully,2419,1,0,0,25,0,350,0,1,50,67184,2419,0,26,0,0,0,LEADER,1,0,0,25,0,0,0,0,0,0,0,0,0,0,0
69455,85,bully,2268,1,0,0,25,0,350,0,1,85,67187,2268,0,26,0,0,0,LEADER,1,0,0,25,0,0,0,0,0,0,0,0,0,0,0
69394,87,bully,2212,1,0,0,25,0,350,0,1,87,67182,2212,0,26,0,0,0,LEADER,1,0,0,25,0,0,0,0,0,0,0,0,0,0,0
69600,64,bully,2416,1,0,0,25,0,350,0,1,64,67184,2416,0,26,0,0,0,LEADER,1,0,0,25,0,0,0,0,0,0,0,0,0,0,0
69538,18,bully,1434,1,0,0,25,0,350,0,1,18,68104,1434,0,26,0,0,0,LEADER,1,0,0,25,0,0,0,0,0,0,0,0,0,0,0
69448,11,bully,2264,1,0,0,25,0,350,0,1,11,67184,2264,0,26,0,0,0,LEADER,1,0,0,25,0,0,0,0,0,0,0,0,0,0,0
69657,90,bully,1553,1,0,0,25,0,350,0,1,90,68104,1553,0,26,0,0,0,LEADER,1,0,0,25,0,0,0,0,0,0,0,0,0,0,0
69487,5,bully,2001,1,0,0,12,17,168,238,4,4,67486,2001,0,6,0,0,0,NORMAL,0,0,0,12,0,0,0,17,0,0,0,0,0,0,0
69551,35,bully,1447,1,0,0,25,0,350,0,1,35,68104,1447,0,26,0,0,0,LEADER,1,0,0,25,0,0,0,0,0,0,0,0,0,0,0
69433,43,bully,2249,1,0,0,25,0,350,0,1,43,67184,2249,0,26,0,0,0,LEADER,1,0,0,25,0,0,0,0,0,0,0,0,0,0,0
69571,28,bully,1467,1,0,0,25,0,350,0,1,28,68104,1467,0,26,0,0,0,LEADER,1,0,0,25,0,0,0,0,0,0,0,0,0,0,0
70245,23,bully,2141,1,0,0,25,0,350,0,1,23,68104,2141,0,26,0,0,0,LEADER,1,0,0,25,0,0,0,0,0,0,0,0,0,0,0
69411,44,bully,2228,1,0,0,25,0,350,0,1,44,67183,2228,0,26,0,0,0,LEADER,1,0,0,25,0,0,0,0,0,0,0,0,0,0,0
69565,30,bully,1461,1,0,0,25,0,350,0,1,30,68104,1461,0,26,0,0,0,LEADER,1,0,0,25,0,0,0,0,0,0,0,0,0,0,0
69963,94,bully,1859,1,0,0,25,0,350,0,1,94,68104,1859,0,26,0,0,0,LEADER,1,0,0,25,0,0,0,0,0,0,0,0,0,0,0
69605,38,bully,1501,1,0,0,25,0,350,0,1,38,68104,1501,0,26,0,0,0,LEADER,1,0,0,25,0,0,0,0,0,0,0,0,0,0,0
70284,66,bully,2180,1,0,0,25,0,350,0,1,66,68104,2180,0,26,0,0,0,LEADER,1,0,0,25,0,0,0,0,0,0,0,0,0,0,0
69590,70,bully,1486,1,0,0,25,0,350,0,1,70,68104,1486,0,26,0,0,0,LEADER,1,0,0,25,0,0,0,0,0,0,0,0,0,0,0
70235,88,bully,2131,1,0,0,25,0,350,0,1,88,68104,2131,0,26,0,0,0,LEADER,1,0,0,25,0,0,0,0,0,0,0,0,0,0,0
69419,75,bully,2235,1,0,0,25,0,350,0,1,75,67184,2235,0,26,0,0,0,LEADER,1,0,0,25,0,0,0,0,0,0,0,0,0,0,0
69427,12,bully,2243,1,0,0,25,0,350,0,1,12,67184,2243,0,26,0,0,0,LEADER,1,0,0,25,0,0,0,0,0,0,0,0,0,0,0
70129,27,bully,2025,1,0,0,25,0,350,0,1,27,68104,2025,0,26,0,0,0,LEADER,1,0,0,25,0,0,0,0,0,0,0,0,0,0,0
69618,42,bully,1514,1,0,0,25,0,350,0,1,42,68104,1514,0,26,0,0,0,LEADER,1,0,0,25,0,0,0,0,0,0,0,0,0,0,0
70265,24,bully,2161,1,0,0,25,0,350,0,1,24,68104,2161,0,26,0,0,0,LEADER,1,0,0,25,0,0,0,0,0,0,0,0,0,0,0
70217,46,bully,2113,1,0,0,25,0,350,0,1,46,68104,2113,0,26,0,0,0,LEADER,1,0,0,25,0,0,0,0,0,0,0,0,0,0,0
70114,59,bully,2010,1,0,0,25,0,350,0,1,59,68104,2010,0,26,0,0,0,LEADER,1,0,0,25,0,0,0,0,0,0,0,0,0,0,0
69741,34,bully,1637,1,0,0,25,0,350,0,1,34,68104,1637,0,26,0,0,0,LEADER,1,0,0,25,0,0,0,0,0,0,0,0,0,0,0
70396,32,bully,2292,1,0,0,25,0,350,0,1,32,68104,2292,0,26,0,0,0,LEADER,1,0,0,25,0,0,0,0,0,0,0,0,0,0,0
70011,72,bully,1907,1,0,0,25,0,350,0,1,72,68104,1907,0,26,0,0,0,LEADER,1,0,0,25,0,0,0,0,0,0,0,0,0,0,0
70420,63,bully,2316,1,0,0,25,0,350,0,1,63,68104,2316,0,26,0,0,0,LEADER,1,0,0,25,0,0,0,0,0,0,0,0,0,0,0
69896,74,bully,1792,1,0,0,25,0,350,0,1,74,68104,1792,0,26,0,0,0,LEADER,1,0,0,25,0,0,0,0,0,0,0,0,0,0,0
69638,48,bully,1534,1,0,0,25,0,350,0,1,48,68104,1534,0,26,0,0,0,LEADER,1,0,0,25,0,0,0,0,0,0,0,0,0,0,0
70099,57,bully,1995,1,0,0,25,0,350,0,1,57,68104,1995,0,26,0,0,0,LEADER,1,0,0,25,0,0,0,0,0,0,0,0,0,0,0
70169,68,bully,2065,1,0,0,25,0,350,0,1,68,68104,2065,0,26,0,0,0,LEADER,1,0,0,25,0,0,0,0,0,0,0,0,0,0,0
69570,45,bully,1466,1,0,0,25,0,350,0,1,45,68104,1466,0,26,0,0,0,LEADER,1,0,0,25,0,0,0,0,0,0,0,0,0,0,0
69927,93,bully,1823,1,0,0,25,0,350,0,1,93,68104,1823,0,26,0,0,0,LEADER,1,0,0,25,0,0,0,0,0,0,0,0,0,0,0
70508,82,bully,2404,1,0,0,25,0,350,0,1,82,68104,2404,0,26,0,0,0,LEADER,1,0,0,25,0,0,0,0,0,0,0,0,0,0,0
70502,51,bully,2398,1,0,0,25,0,350,0,1,51,68104,2398,0,26,0,0,0,LEADER,1,0,0,25,0,0,0,0,0,0,0,0,0,0,0
70047,39,bully,1943,1,0,0,25,0,350,0,1,39,68104,1943,0,26,0,0,0,LEADER,1,0,0,25,0,0,0,0,0,0,0,0,0,0,0
69793,78,bully,1689,1,0,0,25,0,350,0,1,78,68104,1689,0,26,0,0,0,LEADER,1,0,0,25,0,0,0,0,0,0,0,0,0,0,0
70181,79,bully,2077,1,0,0,25,0,350,0,1,79,68104,2077,0,26,0,0,0,LEADER,1,0,0,25,0,0,0,0,0,0,0,0,0,0,0
69756,14,bully,1652,1,0,0,25,0,350,0,1,14,68104,1652,0,26,0,0,0,LEADER,1,0,0,25,0,0,0,0,0,0,0,0,0,0,0
70183,36,bully,2080,1,0,0,25,0,350,0,1,36,68103,2080,0,26,0,0,0,LEADER,1,0,0,25,0,0,0,0,0,0,0,0,0,0,0
70066,81,bully,1962,1,0,0,25,0,350,0,1,81,68104,1962,0,26,0,0,0,LEADER,1,0,0,25,0,0,0,0,0,0,0,0,0,0,0
69726,67,bully,1622,1,0,0,25,0,350,0,1,67,68104,1622,0,26,0,0,0,LEADER,1,0,0,25,0,0,0,0,0,0,0,0,0,0,0
70487,83,bully,2383,1,0,0,25,0,350,0,1,83,68104,2383,0,26,0,0,0,LEADER,1,0,0,25,0,0,0,0,0,0,0,0,0,0,0
70632,99,bully,1607,1,0,0,26,0,364,0,1,99,69025,1607,0,27,0,0,0,LEADER,1,0,0,26,0,0,0,0,0,0,0,0,0,0,0
69808,55,bully,1704,1,0,0,25,0,350,0,1,55,68104,1704,0,26,0,0,0,LEADER,1,0,0,25,0,0,0,0,0,0,0,0,0,0,0
70599,89,bully,1574,1,0,0,26,0,364,0,1,89,69025,1574,0,27,0,0,0,LEADER,1,0,0,26,0,0,0,0,0,0,0,0,0,0,0
69760,77,bully,1656,1,0,0,25,0,350,0,1,77,68104,1656,0,26,0,0,0,LEADER,1,0,0,25,0,0,0,0,0,0,0,0,0,0,0
70032,71,bully,1928,1,0,0,25,0,350,0,1,71,68104,1928,0,26,0,0,0,LEADER,1,0,0,25,0,0,0,0,0,0,0,0,0,0,0
69944,52,bully,1840,1,0,0,25,0,350,0,1,52,68104,1840,0,26,0,0,0,LEADER,1,0,0,25,0,0,0,0,0,0,0,0,0,0,0
70315,76,bully,2213,1,0,0,25,0,350,0,1,76,68102,2213,0,26,0,0,0,LEADER,1,0,0,25,0,0,0,0,0,0,0,0,0,0,0
70074,7,bully,2253,1,0,0,11,19,154,266,4,5,67821,2253,0,5,0,0,0,NORMAL,0,0,0,11,0,0,0,19,0,0,0,0,0,0,0
69911,10,bully,1807,1,0,0,25,0,350,0,1,10,68104,1807,0,26,0,0,0,LEADER,1,0,0,25,0,0,0,0,0,0,0,0,0,0,0
69844,22,bully,1740,1,0,0,25,0,350,0,1,22,68104,1740,0,26,0,0,0,LEADER,1,0,0,25,0,0,0,0,0,0,0,0,0,0,0
69992,21,bully,1889,1,0,0,25,0,350,0,1,21,68103,1889,0,26,0,0,0,LEADER,1,0,0,25,0,0,0,0,0,0,0,0,0,0,0
70250,56,bully,2146,1,0,0,25,0,350,0,1,56,68104,2146,0,26,0,0,0,LEADER,1,0,0,25,0,0,0,0,0,0,0,0,0,0,0
69775,60,bully,1671,1,0,0,25,0,350,0,1,60,68104,1671,0,26,0,0,0,LEADER,1,0,0,25,0,0,0,0,0,0,0,0,0,0,0
70629,25,bully,1604,1,0,0,26,0,364,0,1,25,69025,1604,0,27,0,0,0,LEADER,1,0,0,26,0,0,0,0,0,0,0,0,0,0,0
69841,65,bully,1737,1,0,0,25,0,350,0,1,65,68104,1737,0,26,0,0,0,LEADER,1,0,0,25,0,0,0,0,0,0,0,0,0,0,0
70517,19,bully,2413,1,0,0,25,0,350,0,1,19,68104,2413,0,26,0,0,0,LEADER,1,0,0,25,0,0,0,0,0,0,0,0,0,0,0
70147,69,bully,2043,1,0,0,25,0,350,0,1,69,68104,2043,0,26,0,0,0,LEADER,1,0,0,25,0,0,0,0,0,0,0,0,0,0,0
70750,54,bully,1725,1,0,0,26,0,364,0,1,54,69025,1725,0,27,0,0,0,LEADER,1,0,0,26,0,0,0,0,0,0,0,0,0,0,0
70096,17,bully,1992,1,0,0,25,0,350,0,1,17,68104,1992,0,26,0,0,0,LEADER,1,0,0,25,0,0,0,0,0,0,0,0,0,0,0
70611,100,bully,1586,1,0,0,26,0,364,0,1,100,69025,1586,0,27,0,0,0,LEADER,1,0,0,26,0,0,0,0,0,0,0,0,0,0,0
70574,16,bully,1549,1,0,0,26,0,364,0,1,16,69025,1549,0,27,0,0,0,LEADER,1,0,0,26,0,0,0,0,0,0,0,0,0,0,0
70162,37,bully,2058,1,0,0,25,0,350,0,1,37,68104,2058,0,26,0,0,0,LEADER,1,0,0,25,0,0,0,0,0,0,0,0,0,0,0
70799,13,bully,1774,1,0,0,26,0,364,0,1,13,69025,1774,0,27,0,0,0,LEADER,1,0,0,26,0,0,0,0,0,0,0,0,0,0,0
69959,20,bully,1855,1,0,0,25,0,350,0,1,20,68104,1855,0,26,0,0,0,LEADER,1,0,0,25,0,0,0,0,0,0,0,0,0,0,0
70592,41,bully,1567,1,0,0,26,0,364,0,1,41,69025,1567,0,27,0,0,0,LEADER,1,0,0,26,0,0,0,0,0,0,0,0,0,0,0
70581,47,bully,1556,1,0,0,26,0,364,0,1,47,69025,1556,0,27,0,0,0,LEADER,1,0,0,26,0,0,0,0,0,0,0,0,0,0,0
70406,95,bully,2301,1,0,0,25,0,350,0,1,95,68105,2301,0,26,0,0,0,LEADER,1,0,0,25,0,0,0,0,0,0,0,0,0,0,0
70269,98,bully,2165,1,0,0,25,0,350,0,1,98,68104,2165,0,26,0,0,0,LEADER,1,0,0,25,0,0,0,0,0,0,0,0,0,0,0
70453,73,bully,2349,1,0,0,25,0,350,0,1,73,68104,2349,0,26,0,0,0,LEADER,1,0,0,25,0,0,0,0,0,0,0,0,0,0,0
69999,61,bully,1895,1,0,0,25,0,350,0,1,61,68104,1895,0,26,0,0,0,LEADER,1,0,0,25,0,0,0,0,0,0,0,0,0,0,0
70747,97,bully,1722,1,0,0,26,0,364,0,1,97,69025,1722,0,27,0,0,0,LEADER,1,0,0,26,0,0,0,0,0,0,0,0,0,0,0
70777,33,bully,1752,1,0,0,26,0,364,0,1,33,69025,1752,0,27,0,0,0,LEADER,1,0,0,26,0,0,0,0,0,0,0,0,0,0,0
70435,31,bully,2331,1,0,0,25,0,350,0,1,31,68104,2331,0,26,0,0,0,LEADER,1,0,0,25,0,0,0,0,0,0,0,0,0,0,0
70935,29,bully,1910,1,0,0,26,0,364,0,1,29,69025,1910,0,27,0,0,0,LEADER,1,0,0,26,0,0,0,0,0,0,0,0,0,0,0
70947,40,bully,1922,1,0,0,26,0,364,0,1,40,69025,1922,0,27,0,0,0,LEADER,1,0,0,26,0,0,0,0,0,0,0,0,0,0,0
70767,96,bully,1744,1,0,0,26,0,364,0,1,96,69023,1744,0,27,0,0,0,LEADER,1,0,0,26,0,0,0,0,0,0,0,0,0,0,0
70850,84,bully,1825,1,0,0,26,0,364,0,1,84,69025,1825,0,27,0,0,0,LEADER,1,0,0,26,0,0,0,0,0,0,0,0,0,0,0
70544,80,bully,1519,1,0,0,26,0,364,0,1,80,69025,1519,0,27,0,0,0,LEADER,1,0,0,26,0,0,0,0,0,0,0,0,0,0,0
70387,53,bully,2283,1,0,0,25,0,350,0,1,53,68104,2283,0,26,0,0,0,LEADER,1,0,0,25,0,0,0,0,0,0,0,0,0,0,0
70301,4,bully,2115,1,0,0,9,19,126,266,2,4,68186,2115,0,6,0,0,0,LEADER,1,0,0,9,0,0,0,19,0,0,0,0,0,0,0
70463,92,bully,1438,1,0,0,26,0,364,0,1,92,69025,1438,0,27,0,0,0,LEADER,1,0,0,26,0,0,0,0,0,0,0,0,0,0,0
70899,62,bully,1874,1,0,0,26,0,364,0,1,62,69025,1874,0,27,0,0,0,LEADER,1,0,0,26,0,0,0,0,0,0,0,0,0,0,0
70642,91,bully,1619,1,0,0,26,0,364,0,1,91,69023,1619,0,27,0,0,0,LEADER,1,0,0,26,0,0,0,0,0,0,0,0,0,0,0
70596,15,bully,1571,1,0,0,26,0,364,0,1,15,69025,1571,0,27,0,0,0,LEADER,1,0,0,26,0,0,0,0,0,0,0,0,0,0,0
70265,26,bully,2161,1,0,0,25,0,350,0,1,26,68104,2161,0,26,0,0,0,LEADER,1,0,0,25,0,0,0,0,0,0,0,0,0,0,0
70233,3,bully,1903,1,0,0,7,17,98,238,3,3,68330,1903,0,4,0,0,0,LEADER,1,0,0,7,0,0,0,17,0,0,0,0,0,0,0
71002,49,bully,1977,1,0,0,26,0,364,0,1,49,69025,1977,0,27,0,0,0,LEADER,1,0,0,26,0,0,0,0,0,0,0,0,0,0,0
70817,58,bully,1792,1,0,0,26,0,364,0,1,58,69025,1792,0,27,0,0,0,LEADER,1,0,0,26,0,0,0,0,0,0,0,0,0,0,0
70350,86,bully,2246,1,0,0,25,0,350,0,1,86,68104,2246,0,26,0,0,0,LEADER,1,0,0,25,0,0,0,0,0,0,0,0,0,0,0
70523,50,bully,2419,1,0,0,25,0,350,0,1,50,68104,2419,0,26,0,0,0,LEADER,1,0,0,25,0,0,0,0,0,0,0,0,0,0,0
70375,85,bully,2268,1,0,0,25,0,350,0,1,85,68107,2268,0,26,0,0,0,LEADER,1,0,0,25,0,0,0,0,0,0,0,0,0,0,0
70314,87,bully,2212,1,0,0,25,0,350,0,1,87,68102,2212,0,26,0,0,0,LEADER,1,0,0,25,0,0,0,0,0,0,0,0,0,0,0
70520,64,bully,2416,1,0,0,25,0,350,0,1,64,68104,2416,0,26,0,0,0,LEADER,1,0,0,25,0,0,0,0,0,0,0,0,0,0,0
70369,11,bully,2264,1,0,0,25,0,350,0,1,11,68105,2264,0,26,0,0,0,LEADER,1,0,0,25,0,0,0,0,0,0,0,0,0,0,0
70459,18,bully,1434,1,0,0,26,0,364,0,1,18,69025,1434,0,27,0,0,0,LEADER,1,0,0,26,0,0,0,0,0,0,0,0,0,0,0
70578,90,bully,1553,1,0,0,26,0,364,0,1,90,69025,1553,0,27,0,0,0,LEADER,1,0,0,26,0,0,0,0,0,0,0,0,0,0,0
70472,35,bully,1447,1,0,0,26,0,364,0,1,35,69025,1447,0,27,0,0,0,LEADER,1,0,0,26,0,0,0,0,0,0,0,0,0,0,0
70353,43,bully,2249,1,0,0,25,0,350,0,1,43,68104,2249,0,26,0,0,0,LEADER,1,0,0,25,0,0,0,0,0,0,0,0,0,0,0
70492,28,bully,1467,1,0,0,26,0,364,0,1,28,69025,1467,0,27,0,0,0,LEADER,1,0,0,26,0,0,0,0,0,0,0,0,0,0,0
70331,44,bully,2228,1,0,0,25,0,350,0,1,44,68103,2228,0,26,0,0,0,LEADER,1,0,0,25,0,0,0,0,0,0,0,0,0,0,0
71166,23,bully,2141,1,0,0,26,0,364,0,1,23,69025,2141,0,27,0,0,0,LEADER,1,0,0,26,0,0,0,0,0,0,0,0,0,0,0
70486,30,bully,1461,1,0,0,26,0,364,0,1,30,69025,1461,0,27,0,0,0,LEADER,1,0,0,26,0,0,0,0,0,0,0,0,0,0,0
70884,94,bully,1859,1,0,0,26,0,364,0,1,94,69025,1859,0,27,0,0,0,LEADER,1,0,0,26,0,0,0,0,0,0,0,0,0,0,0
70526,38,bully,1501,1,0,0,26,0,364,0,1,38,69025,1501,0,27,0,0,0,LEADER,1,0,0,26,0,0,0,0,0,0,0,0,0,0,0
71205,66,bully,2180,1,0,0,26,0,364,0,1,66,69025,2180,0,27,0,0,0,LEADER,1,0,0,26,0,0,0,0,0,0,0,0,0,0,0
70511,70,bully,1486,1,0,0,26,0,364,0,1,70,69025,1486,0,27,0,0,0,LEADER,1,0,0,26,0,0,0,0,0,0,0,0,0,0,0
71156,88,bully,2131,1,0,0,26,0,364,0,1,88,69025,2131,0,27,0,0,0,LEADER,1,0,0,26,0,0,0,0,0,0,0,0,0,0,0
70339,75,bully,2235,1,0,0,25,0,350,0,1,75,68104,2235,0,26,0,0,0,LEADER,1,0,0,25,0,0,0,0,0,0,0,0,0,0,0
70347,12,bully,2243,1,0,0,25,0,350,0,1,12,68104,2243,0,26,0,0,0,LEADER,1,0,0,25,0,0,0,0,0,0,0,0,0,0,0
71050,27,bully,2025,1,0,0,26,0,364,0,1,27,69025,2025,0,27,0,0,0,LEADER,1,0,0,26,0,0,0,0,0,0,0,0,0,0,0
70539,42,bully,1514,1,0,0,26,0,364,0,1,42,69025,1514,0,27,0,0,0,LEADER,1,0,0,26,0,0,0,0,0,0,0,0,0,0,0
71186,24,bully,2161,1,0,0,26,0,364,0,1,24,69025,2161,0,27,0,0,0,LEADER,1,0,0,26,0,0,0,0,0,0,0,0,0,0,0
71138,46,bully,2113,1,0,0,26,0,364,0,1,46,69025,2113,0,27,0,0,0,LEADER,1,0,0,26,0,0,0,0,0,0,0,0,0,0,0
70662,34,bully,1637,1,0,0,26,0,364,0,1,34,69025,1637,0,27,0,0,0,LEADER,1,0,0,26,0,0,0,0,0,0,0,0,0,0,0
71035,59,bully,2010,1,0,0,26,0,364,0,1,59,69025,2010,0,27,0,0,0,LEADER,1,0,0,26,0,0,0,0,0,0,0,0,0,0,0
71317,32,bully,2292,1,0,0,26,0,364,0,1,32,69025,2292,0,27,0,0,0,LEADER,1,0,0,26,0,0,0,0,0,0,0,0,0,0,0
70932,72,bully,1907,1,0,0,26,0,364,0,1,72,69025,1907,0,27,0,0,0,LEADER,1,0,0,26,0,0,0,0,0,0,0,0,0,0,0
71341,63,bully,2316,1,0,0,26,0,364,0,1,63,69025,2316,0,27,0,0,0,LEADER,1,0,0,26,0,0,0,0,0,0,0,0,0,0,0
70817,74,bully,1792,1,0,0,26,0,364,0,1,74,69025,1792,0,27,0,0,0,LEADER,1,0,0,26,0,0,0,0,0,0,0,0,0,0,0
70559,48,bully,1534,1,0,0,26,0,364,0,1,48,69025,1534,0,27,0,0,0,LEADER,1,0,0,26,0,0,0,0,0,0,0,0,0,0,0
71020,57,bully,1995,1,0,0,26,0,364,0,1,57,69025,1995,0,27,0,0,0,LEADER,1,0,0,26,0,0,0,0,0,0,0,0,0,0,0
71090,68,bully,2065,1,0,0,26,0,364,0,1,68,69025,2065,0,27,0,0,0,LEADER,1,0,0,26,0,0,0,0,0,0,0,0,0,0,0
70491,45,bully,1466,1,0,0,26,0,364,0,1,45,69025,1466,0,27,0,0,0,LEADER,1,0,0,26,0,0,0,0,0,0,0,0,0,0,0
70848,93,bully,1823,1,0,0,26,0,364,0,1,93,69025,1823,0,27,0,0,0,LEADER,1,0,0,26,0,0,0,0,0,0,0,0,0,0,0
71429,82,bully,2404,1,0,0,26,0,364,0,1,82,69025,2404,0,27,0,0,0,LEADER,1,0,0,26,0,0,0,0,0,0,0,0,0,0,0
71423,51,bully,2398,1,0,0,26,0,364,0,1,51,69025,2398,0,27,0,0,0,LEADER,1,0,0,26,0,0,0,0,0,0,0,0,0,0,0
70968,39,bully,1943,1,0,0,26,0,364,0,1,39,69025,1943,0,27,0,0,0,LEADER,1,0,0,26,0,0,0,0,0,0,0,0,0,0,0
70714,78,bully,1689,1,0,0,26,0,364,0,1,78,69025,1689,0,27,0,0,0,LEADER,1,0,0,26,0,0,0,0,0,0,0,0,0,0,0
71102,79,bully,2077,1,0,0,26,0,364,0,1,79,69025,2077,0,27,0,0,0,LEADER,1,0,0,26,0,0,0,0,0,0,0,0,0,0,0
70677,14,bully,1652,1,0,0,26,0,364,0,1,14,69025,1652,0,27,0,0,0,LEADER,1,0,0,26,0,0,0,0,0,0,0,0,0,0,0
71104,36,bully,2080,1,0,0,26,0,364,0,1,36,69024,2080,0,27,0,0,0,LEADER,1,0,0,26,0,0,0,0,0,0,0,0,0,0,0
70987,81,bully,1962,1,0,0,26,0,364,0,1,81,69025,1962,0,27,0,0,0,LEADER,1,0,0,26,0,0,0,0,0,0,0,0,0,0,0
70647,67,bully,1622,1,0,0,26,0,364,0,1,67,69025,1622,0,27,0,0,0,LEADER,1,0,0,26,0,0,0,0,0,0,0,0,0,0,0
71408,83,bully,2383,1,0,0,26,0,364,0,1,83,69025,2383,0,27,0,0,0,LEADER,1,0,0,26,0,0,0,0,0,0,0,0,0,0,0
71552,99,bully,1607,1,0,0,26,0,364,0,1,99,69945,1607,0,27,0,0,0,LEADER,1,0,0,26,0,0,0,0,0,0,0,0,0,0,0
70729,55,bully,1704,1,0,0,26,0,364,0,1,55,69025,1704,0,27,0,0,0,LEADER,1,0,0,26,0,0,0,0,0,0,0,0,0,0,0
71519,89,bully,1574,1,0,0,26,0,364,0,1,89,69945,1574,0,27,0,0,0,LEADER,1,0,0,26,0,0,0,0,0,0,0,0,0,0,0
70681,77,bully,1656,1,0,0,26,0,364,0,1,77,69025,1656,0,27,0,0,0,LEADER,1,0,0,26,0,0,0,0,0,0,0,0,0,0,0
70953,71,bully,1928,1,0,0,26,0,364,0,1,71,69025,1928,0,27,0,0,0,LEADER,1,0,0,26,0,0,0,0,0,0,0,0,0,0,0
70865,52,bully,1840,1,0,0,26,0,364,0,1,52,69025,1840,0,27,0,0,0,LEADER,1,0,0,26,0,0,0,0,0,0,0,0,0,0,0
71236,76,bully,2213,1,0,0,26,0,364,0,1,76,69023,2213,0,27,0,0,0,LEADER,1,0,0,26,0,0,0,0,0,0,0,0,0,0,0
70832,10,bully,1807,1,0,0,26,0,364,0,1,10,69025,1807,0,27,0,0,0,LEADER,1,0,0,26,0,0,0,0,0,0,0,0,0,0,0
70765,22,bully,1740,1,0,0,26,0,364,0,1,22,69025,1740,0,27,0,0,0,LEADER,1,0,0,26,0,0,0,0,0,0,0,0,0,0,0
70913,21,bully,1889,1,0,0,26,0,364,0,1,21,69024,1889,0,27,0,0,0,LEADER,1,0,0,26,0,0,0,0,0,0,0,0,0,0,0
71171,56,bully,2146,1,0,0,26,0,364,0,1,56,69025,2146,0,27,0,0,0,LEADER,1,0,0,26,0,0,0,0,0,0,0,0,0,0,0
70696,60,bully,1671,1,0,0,26,0,364,0,1,60,69025,1671,0,27,0,0,0,LEADER,1,0,0,26,0,0,0,0,0,0,0,0,0,0,0
71549,25,bully,1604,1,0,0,26,0,364,0,1,25,69945,1604,0,27,0,0,0,LEADER,1,0,0,26,0,0,0,0,0,0,0,0,0,0,0
70762,65,bully,1737,1,0,0,26,0,364,0,1,65,69025,1737,0,27,0,0,0,LEADER,1,0,0,26,0,0,0,0,0,0,0,0,0,0,0
71438,19,bully,2413,1,0,0,26,0,364,0,1,19,69025,2413,0,27,0,0,0,LEADER,1,0,0,26,0,0,0,0,0,0,0,0,0,0,0
71137,9,bully,2514,1,0,0,9,11,126,154,3,4,68623,2514,0,4,0,0,0,NORMAL,0,0,0,9,0,0,0,11,0,0,0,0,0,0,0
71068,69,bully,2043,1,0,0,26,0,364,0,1,69,69025,2043,0,27,0,0,0,LEADER,1,0,0,26,0,0,0,0,0,0,0,0,0,0,0
71670,54,bully,1725,1,0,0,26,0,364,0,1,54,69945,1725,0,27,0,0,0,LEADER,1,0,0,26,0,0,0,0,0,0,0,0,0,0,0
71017,17,bully,1992,1,0,0,26,0,364,0,1,17,69025,1992,0,27,0,0,0,LEADER,1,0,0,26,0,0,0,0,0,0,0,0,0,0,0
71531,100,bully,1586,1,0,0,26,0,364,0,1,100,69945,1586,0,27,0,0,0,LEADER,1,0,0,26,0,0,0,0,0,0,0,0,0,0,0
71494,16,bully,1549,1,0,0,26,0,364,0,1,16,69945,1549,0,27,0,0,0,LEADER,1,0,0,26,0,0,0,0,0,0,0,0,0,0,0
71083,37,bully,2058,1,0,0,26,0,364,0,1,37,69025,2058,0,27,0,0,0,LEADER,1,0,0,26,0,0,0,0,0,0,0,0,0,0,0
71719,13,bully,1774,1,0,0,26,0,364,0,1,13,69945,1774,0,27,0,0,0,LEADER,1,0,0,26,0,0,0,0,0,0,0,0,0,0,0
70880,20,bully,1855,1,0,0,26,0,364,0,1,20,69025,1855,0,27,0,0,0,LEADER,1,0,0,26,0,0,0,0,0,0,0,0,0,0,0
71512,41,bully,1567,1,0,0,26,0,364,0,1,41,69945,1567,0,27,0,0,0,LEADER,1,0,0,26,0,0,0,0,0,0,0,0,0,0,0
71501,47,bully,1556,1,0,0,26,0,364,0,1,47,69945,1556,0,27,0,0,0,LEADER,1,0,0,26,0,0,0,0,0,0,0,0,0,0,0
71327,95,bully,2301,1,0,0,26,0,364,0,1,95,69026,2301,0,27,0,0,0,LEADER,1,0,0,26,0,0,0,0,0,0,0,0,0,0,0
71190,98,bully,2165,1,0,0,26,0,364,0,1,98,69025,2165,0,27,0,0,0,LEADER,1,0,0,26,0,0,0,0,0,0,0,0,0,0,0
71374,73,bully,2349,1,0,0,26,0,364,0,1,73,69025,2349,0,27,0,0,0,LEADER,1,0,0,26,0,0,0,0,0,0,0,0,0,0,0
71697,33,bully,1752,1,0,0,26,0,364,0,1,33,69945,1752,0,27,0,0,0,LEADER,1,0,0,26,0,0,0,0,0,0,0,0,0,0,0
70920,61,bully,1895,1,0,0,26,0,364,0,1,61,69025,1895,0,27,0,0,0,LEADER,1,0,0,26,0,0,0,0,0,0,0,0,0,0,0
71667,97,bully,1722,1,0,0,26,0,364,0,1,97,69945,1722,0,27,0,0,0,LEADER,1,0,0,26,0,0,0,0,0,0,0,0,0,0,0
71855,29,bully,1910,1,0,0,26,0,364,0,1,29,69945,1910,0,27,0,0,0,LEADER,1,0,0,26,0,0,0,0,0,0,0,0,0,0,0
71867,40,bully,1922,1,0,0,26,0,364,0,1,40,69945,1922,0,27,0,0,0,LEADER,1,0,0,26,0,0,0,0,0,0,0,0,0,0,0
71356,31,bully,2331,1,0,0,26,0,364,0,1,31,69025,2331,0,27,0,0,0,LEADER,1,0,0,26,0,0,0,0,0,0,0,0,0,0,0
71687,96,bully,1744,1,0,0,26,0,364,0,1,96,69943,1744,0,27,0,0,0,LEADER,1,0,0,26,0,0,0,0,0,0,0,0,0,0,0
71770,84,bully,1825,1,0,0,26,0,364,0,1,84,69945,1825,0,27,0,0,0,LEADER,1,0,0,26,0,0,0,0,0,0,0,0,0,0,0
71464,80,bully,1519,1,0,0,26,0,364,0,1,80,69945,1519,0,27,0,0,0,LEADER,1,0,0,26,0,0,0,0,0,0,0,0,0,0,0
71308,53,bully,2283,1,0,0,26,0,364,0,1,53,69025,2283,0,27,0,0,0,LEADER,1,0,0,26,0,0,0,0,0,0,0,0,0,0,0
71383,92,bully,1438,1,0,0,26,0,364,0,1,92,69945,1438,0,27,0,0,0,LEADER,1,0,0,26,0,0,0,0,0,0,0,0,0,0,0
71819,62,bully,1874,1,0,0,26,0,364,0,1,62,69945,1874,0,27,0,0,0,LEADER,1,0,0,26,0,0,0,0,0,0,0,0,0,0,0
71562,91,bully,1619,1,0,0,26,0,364,0,1,91,69943,1619,0,27,0,0,0,LEADER,1,0,0,26,0,0,0,0,0,0,0,0,0,0,0
71516,15,bully,1571,1,0,0,26,0,364,0,1,15,69945,1571,0,27,0,0,0,LEADER,1,0,0,26,0,0,0,0,0,0,0,0,0,0,0
71186,26,bully,2161,1,0,0,26,0,364,0,1,26,69025,2161,0,27,0,0,0,LEADER,1,0,0,26,0,0,0,0,0,0,0,0,0,0,0
71922,49,bully,1977,1,0,0,26,0,364,0,1,49,69945,1977,0,27,0,0,0,LEADER,1,0,0,26,0,0,0,0,0,0,0,0,0,0,0
71737,58,bully,1792,1,0,0,26,0,364,0,1,58,69945,1792,0,27,0,0,0,LEADER,1,0,0,26,0,0,0,0,0,0,0,0,0,0,0
71271,86,bully,2246,1,0,0,26,0,364,0,1,86,69025,2246,0,27,0,0,0,LEADER,1,0,0,26,0,0,0,0,0,0,0,0,0,0,0
71444,50,bully,2419,1,0,0,26,0,364,0,1,50,69025,2419,0,27,0,0,0,LEADER,1,0,0,26,0,0,0,0,0,0,0,0,0,0,0
71296,85,bully,2268,1,0,0,26,0,364,0,1,85,69028,2268,0,27,0,0,0,LEADER,1,0,0,26,0,0,0,0,0,0,0,0,0,0,0
71235,87,bully,2212,1,0,0,26,0,364,0,1,87,69023,2212,0,27,0,0,0,LEADER,1,0,0,26,0,0,0,0,0,0,0,0,0,0,0
71441,64,bully,2416,1,0,0,26,0,364,0,1,64,69025,2416,0,27,0,0,0,LEADER,1,0,0,26,0,0,0,0,0,0,0,0,0,0,0
71379,18,bully,1434,1,0,0,26,0,364,0,1,18,69945,1434,0,27,0,0,0,LEADER,1,0,0,26,0,0,0,0,0,0,0,0,0,0,0
71290,11,bully,2264,1,0,0,26,0,364,0,1,11,69026,2264,0,27,0,0,0,LEADER,1,0,0,26,0,0,0,0,0,0,0,0,0,0,0
71498,90,bully,1553,1,0,0,26,0,364,0,1,90,69945,1553,0,27,0,0,0,LEADER,1,0,0,26,0,0,0,0,0,0,0,0,0,0,0
71392,35,bully,1447,1,0,0,26,0,364,0,1,35,69945,1447,0,27,0,0,0,LEADER,1,0,0,26,0,0,0,0,0,0,0,0,0,0,0
71274,43,bully,2249,1,0,0,26,0,364,0,1,43,69025,2249,0,27,0,0,0,LEADER,1,0,0,26,0,0,0,0,0,0,0,0,0,0,0
71412,28,bully,1467,1,0,0,26,0,364,0,1,28,69945,1467,0,27,0,0,0,LEADER,1,0,0,26,0,0,0,0,0,0,0,0,0,0,0
72086,23,bully,2141,1,0,0,26,0,364,0,1,23,69945,2141,0,27,0,0,0,LEADER,1,0,0,26,0,0,0,0,0,0,0,0,0,0,0
71252,44,bully,2228,1,0,0,26,0,364,0,1,44,69024,2228,0,27,0,0,0,LEADER,1,0,0,26,0,0,0,0,0,0,0,0,0,0,0
71406,30,bully,1461,1,0,0,26,0,364,0,1,30,69945,1461,0,27,0,0,0,LEADER,1,0,0,26,0,0,0,0,0,0,0,0,0,0,0
71804,94,bully,1859,1,0,0,26,0,364,0,1,94,69945,1859,0,27,0,0,0,LEADER,1,0,0,26,0,0,0,0,0,0,0,0,0,0,0
71446,38,bully,1501,1,0,0,26,0,364,0,1,38,69945,1501,0,27,0,0,0,LEADER,1,0,0,26,0,0,0,0,0,0,0,0,0,0,0
72125,66,bully,2180,1,0,0,26,0,364,0,1,66,69945,2180,0,27,0,0,0,LEADER,1,0,0,26,0,0,0,0,0,0,0,0,0,0,0
71431,70,bully,1486,1,0,0,26,0,364,0,1,70,69945,1486,0,27,0,0,0,LEADER,1,0,0,26,0,0,0,0,0,0,0,0,0,0,0
72076,88,bully,2131,1,0,0,26,0,364,0,1,88,69945,2131,0,27,0,0,0,LEADER,1,0,0,26,0,0,0,0,0,0,0,0,0,0,0
71260,75,bully,2235,1,0,0,26,0,364,0,1,75,69025,2235,0,27,0,0,0,LEADER,1,0,0,26,0,0,0,0,0,0,0,0,0,0,0
71268,12,bully,2243,1,0,0,26,0,364,0,1,12,69025,2243,0,27,0,0,0,LEADER,1,0,0,26,0,0,0,0,0,0,0,0,0,0,0
71970,27,bully,2025,1,0,0,26,0,364,0,1,27,69945,2025,0,27,0,0,0,LEADER,1,0,0,26,0,0,0,0,0,0,0,0,0,0,0
71459,42,bully,1514,1,0,0,26,0,364,0,1,42,69945,1514,0,27,0,0,0,LEADER,1,0,0,26,0,0,0,0,0,0,0,0,0,0,0
72106,24,bully,2161,1,0,0,26,0,364,0,1,24,69945,2161,0,27,0,0,0,LEADER,1,0,0,26,0,0,0,0,0,0,0,0,0,0,0
72058,46,bully,2113,1,0,0,26,0,364,0,1,46,69945,2113,0,27,0,0,0,LEADER,1,0,0,26,0,0,0,0,0,0,0,0,0,0,0
71582,34,bully,1637,1,0,0,26,0,364,0,1,34,69945,1637,0,27,0,0,0,LEADER,1,0,0,26,0,0,0,0,0,0,0,0,0,0,0
71955,59,bully,2010,1,0,0,26,0,364,0,1,59,69945,2010,0,27,0,0,0,LEADER,1,0,0,26,0,0,0,0,0,0,0,0,0,0,0
72237,32,bully,2292,1,0,0,26,0,364,0,1,32,69945,2292,0,27,0,0,0,LEADER,1,0,0,26,0,0,0,0,0,0,0,0,0,0,0
71852,72,bully,1907,1,0,0,26,0,364,0,1,72,69945,1907,0,27,0,0,0,LEADER,1,0,0,26,0,0,0,0,0,0,0,0,0,0,0
72261,63,bully,2316,1,0,0,26,0,364,0,1,63,69945,2316,0,27,0,0,0,LEADER,1,0,0,26,0,0,0,0,0,0,0,0,0,0,0
71737,74,bully,1792,1,0,0,26,0,364,0,1,74,69945,1792,0,27,0,0,0,LEADER,1,0,0,26,0,0,0,0,0,0,0,0,0,0,0
71479,48,bully,1534,1,0,0,26,0,364,0,1,48,69945,1534,0,27,0,0,0,LEADER,1,0,0,26,0,0,0,0,0,0,0,0,0,0,0
71940,57,bully,1995,1,0,0,26,0,364,0,1,57,69945,1995,0,27,0,0,0,LEADER,1,0,0,26,0,0,0,0,0,0,0,0,0,0,0
72010,68,bully,2065,1,0,0,26,0,364,0,1,68,69945,2065,0,27,0,0,0,LEADER,1,0,0,26,0,0,0,0,0,0,0,0,0,0,0
71411,45,bully,1466,1,0,0,26,0,364,0,1,45,69945,1466,0,27,0,0,0,LEADER,1,0,0,26,0,0,0,0,0,0,0,0,0,0,0
71768,93,bully,1823,1,0,0,26,0,364,0,1,93,69945,1823,0,27,0,0,0,LEADER,1,0,0,26,0,0,0,0,0,0,0,0,0,0,0
72349,82,bully,2404,1,0,0,26,0,364,0,1,82,69945,2404,0,27,0,0,0,LEADER,1,0,0,26,0,0,0,0,0,0,0,0,0,0,0
72343,51,bully,2398,1,0,0,26,0,364,0,1,51,69945,2398,0,27,0,0,0,LEADER,1,0,0,26,0,0,0,0,0,0,0,0,0,0,0
71888,39,bully,1943,1,0,0,26,0,364,0,1,39,69945,1943,0,27,0,0,0,LEADER,1,0,0,26,0,0,0,0,0,0,0,0,0,0,0
71634,78,bully,1689,1,0,0,26,0,364,0,1,78,69945,1689,0,27,0,0,0,LEADER,1,0,0,26,0,0,0,0,0,0,0,0,0,0,0
72022,79,bully,2077,1,0,0,26,0,364,0,1,79,69945,2077,0,27,0,0,0,LEADER,1,0,0,26,0,0,0,0,0,0,0,0,0,0,0
71597,14,bully,1652,1,0,0,26,0,364,0,1,14,69945,1652,0,27,0,0,0,LEADER,1,0,0,26,0,0,0,0,0,0,0,0,0,0,0
72024,36,bully,2080,1,0,0,26,0,364,0,1,36,69944,2080,0,27,0,0,0,LEADER,1,0,0,26,0,0,0,0,0,0,0,0,0,0,0
71907,81,bully,1962,1,0,0,26,0,364,0,1,81,69945,1962,0,27,0,0,0,LEADER,1,0,0,26,0,0,0,0,0,0,0,0,0,0,0
71567,67,bully,1622,1,0,0,26,0,364,0,1,67,69945,1622,0,27,0,0,0,LEADER,1,0,0,26,0,0,0,0,0,0,0,0,0,0,0
72328,83,bully,2383,1,0,0,26,0,364,0,1,83,69945,2383,0,27,0,0,0,LEADER,1,0,0,26,0,0,0,0,0,0,0,0,0,0,0
72472,99,bully,1607,1,0,0,26,0,364,0,1,99,70865,1607,0,27,0,0,0,LEADER,1,0,0,26,0,0,0,0,0,0,0,0,0,0,0
71649,55,bully,1704,1,0,0,26,0,364,0,1,55,69945,1704,0,27,0,0,0,LEADER,1,0,0,26,0,0,0,0,0,0,0,0,0,0,0
72439,89,bully,1574,1,0,0,26,0,364,0,1,89,70865,1574,0,27,0,0,0,LEADER,1,0,0,26,0,0,0,0,0,0,0,0,0,0,0
71601,77,bully,1656,1,0,0,26,0,364,0,1,77,69945,1656,0,27,0,0,0,LEADER,1,0,0,26,0,0,0,0,0,0,0,0,0,0,0
71873,71,bully,1928,1,0,0,26,0,364,0,1,71,69945,1928,0,27,0,0,0,LEADER,1,0,0,26,0,0,0,0,0,0,0,0,0,0,0
71785,52,bully,1840,1,0,0,26,0,364,0,1,52,69945,1840,0,27,0,0,0,LEADER,1,0,0,26,0,0,0,0,0,0,0,0,0,0,0
72156,76,bully,2213,1,0,0,26,0,364,0,1,76,69943,2213,0,27,0,0,0,LEADER,1,0,0,26,0,0,0,0,0,0,0,0,0,0,0
71752,10,bully,1807,1,0,0,26,0,364,0,1,10,69945,1807,0,27,0,0,0,LEADER,1,0,0,26,0,0,0,0,0,0,0,0,0,0,0
71685,22,bully,1740,1,0,0,26,0,364,0,1,22,69945,1740,0,27,0,0,0,LEADER,1,0,0,26,0,0,0,0,0,0,0,0,0,0,0
71833,21,bully,1889,1,0,0,26,0,364,0,1,21,69944,1889,0,27,0,0,0,LEADER,1,0,0,26,0,0,0,0,0,0,0,0,0,0,0
72091,56,bully,2146,1,0,0,26,0,364,0,1,56,69945,2146,0,27,0,0,0,LEADER,1,0,0,26,0,0,0,0,0,0,0,0,0,0,0
71616,60,bully,1671,1,0,0,26,0,364,0,1,60,69945,1671,0,27,0,0,0,LEADER,1,0,0,26,0,0,0,0,0,0,0,0,0,0,0
72469,25,bully,1604,1,0,0,26,0,364,0,1,25,70865,1604,0,27,0,0,0,LEADER,1,0,0,26,0,0,0,0,0,0,0,0,0,0,0
71682,65,bully,1737,1,0,0,26,0,364,0,1,65,69945,1737,0,27,0,0,0,LEADER,1,0,0,26,0,0,0,0,0,0,0,0,0,0,0
72358,19,bully,2413,1,0,0,26,0,364,0,1,19,69945,2413,0,27,0,0,0,LEADER,1,0,0,26,0,0,0,0,0,0,0,0,0,0,0
71988,69,bully,2043,1,0,0,26,0,364,0,1,69,69945,2043,0,27,0,0,0,LEADER,1,0,0,26,0,0,0,0,0,0,0,0,0,0,0
72085,8,bully,2467,1,0,0,11,20,154,280,3,5,69618,2467,0,5,0,0,0,NORMAL,0,0,0,11,0,0,0,20,0,0,0,0,0,0,0
72590,54,bully,1725,1,0,0,26,0,364,0,1,54,70865,1725,0,27,0,0,0,LEADER,1,0,0,26,0,0,0,0,0,0,0,0,0,0,0
71937,17,bully,1992,1,0,0,26,0,364,0,1,17,69945,1992,0,27,0,0,0,LEADER,1,0,0,26,0,0,0,0,0,0,0,0,0,0,0
72451,100,bully,1586,1,0,0,26,0,364,0,1,100,70865,1586,0,27,0,0,0,LEADER,1,0,0,26,0,0,0,0,0,0,0,0,0,0,0
72414,16,bully,1549,1,0,0,26,0,364,0,1,16,70865,1549,0,27,0,0,0,LEADER,1,0,0,26,0,0,0,0,0,0,0,0,0,0,0
72003,37,bully,2058,1,0,0,26,0,364,0,1,37,69945,2058,0,27,0,0,0,LEADER,1,0,0,26,0,0,0,0,0,0,0,0,0,0,0
72639,13,bully,1774,1,0,0,26,0,364,0,1,13,70865,1774,0,27,0,0,0,LEADER,1,0,0,26,0,0,0,0,0,0,0,0,0,0,0
71800,20,bully,1855,1,0,0,26,0,364,0,1,20,69945,1855,0,27,0,0,0,LEADER,1,0,0,26,0,0,0,0,0,0,0,0,0,0,0
72432,41,bully,1567,1,0,0,26,0,364,0,1,41,70865,1567,0,27,0,0,0,LEADER,1,0,0,26,0,0,0,0,0,0,0,0,0,0,0
72421,47,bully,1556,1,0,0,26,0,364,0,1,47,70865,1556,0,27,0,0,0,LEADER,1,0,0,26,0,0,0,0,0,0,0,0,0,0,0
72247,95,bully,2301,1,0,0,26,0,364,0,1,95,69946,2301,0,27,0,0,0,LEADER,1,0,0,26,0,0,0,0,0,0,0,0,0,0,0
72110,98,bully,2165,1,0,0,26,0,364,0,1,98,69945,2165,0,27,0,0,0,LEADER,1,0,0,26,0,0,0,0,0,0,0,0,0,0,0
72294,73,bully,2349,1,0,0,26,0,364,0,1,73,69945,2349,0,27,0,0,0,LEADER,1,0,0,26,0,0,0,0,0,0,0,0,0,0,0
72617,33,bully,1752,1,0,0,26,0,364,0,1,33,70865,1752,0,27,0,0,0,LEADER,1,0,0,26,0,0,0,0,0,0,0,0,0,0,0
71840,61,bully,1895,1,0,0,26,0,364,0,1,61,69945,1895,0,27,0,0,0,LEADER,1,0,0,26,0,0,0,0,0,0,0,0,0,0,0
72587,97,bully,1722,1,0,0,26,0,364,0,1,97,70865,1722,0,27,0,0,0,LEADER,1,0,0,26,0,0,0,0,0,0,0,0,0,0,0
72775,29,bully,1910,1,0,0,26,0,364,0,1,29,70865,1910,0,27,0,0,0,LEADER,1,0,0,26,0,0,0,0,0,0,0,0,0,0,0
72787,40,bully,1922,1,0,0,26,0,364,0,1,40,70865,1922,0,27,0,0,0,LEADER,1,0,0,26,0,0,0,0,0,0,0,0,0,0,0
72276,31,bully,2331,1,0,0,26,0,364,0,1,31,69945,2331,0,27,0,0,0,LEADER,1,0,0,26,0,0,0,0,0,0,0,0,0,0,0
72607,96,bully,1744,1,0,0,26,0,364,0,1,96,70863,1744,0,27,0,0,0,LEADER,1,0,0,26,0,0,0,0,0,0,0,0,0,0,0
72690,84,bully,1825,1,0,0,26,0,364,0,1,84,70865,1825,0,27,0,0,0,LEADER,1,0,0,26,0,0,0,0,0,0,0,0,0,0,0
72384,80,bully,1519,1,0,0,26,0,364,0,1,80,70865,1519,0,27,0,0,0,LEADER,1,0,0,26,0,0,0,0,0,0,0,0,0,0,0
72228,53,bully,2283,1,0,0,26,0,364,0,1,53,69945,2283,0,27,0,0,0,LEADER,1,0,0,26,0,0,0,0,0,0,0,0,0,0,0
72303,92,bully,1438,1,0,0,26,0,364,0,1,92,70865,1438,0,27,0,0,0,LEADER,1,0,0,26,0,0,0,0,0,0,0,0,0,0,0
72739,62,bully,1874,1,0,0,26,0,364,0,1,62,70865,1874,0,27,0,0,0,LEADER,1,0,0,26,0,0,0,0,0,0,0,0,0,0,0
72482,91,bully,1619,1,0,0,26,0,364,0,1,91,70863,1619,0,27,0,0,0,LEADER,1,0,0,26,0,0,0,0,0,0,0,0,0,0,0
72436,15,bully,1571,1,0,0,26,0,364,0,1,15,70865,1571,0,27,0,0,0,LEADER,1,0,0,26,0,0,0,0,0,0,0,0,0,0,0
72106,26,bully,2161,1,0,0,26,0,364,0,1,26,69945,2161,0,27,0,0,0,LEADER,1,0,0,26,0,0,0,0,0,0,0,0,0,0,0
72842,49,bully,1977,1,0,0,26,0,364,0,1,49,70865,1977,0,27,0,0,0,LEADER,1,0,0,26,0,0,0,0,0,0,0,0,0,0,0
72657,58,bully,1792,1,0,0,26,0,364,0,1,58,70865,1792,0,27,0,0,0,LEADER,1,0,0,26,0,0,0,0,0,0,0,0,0,0,0
72191,86,bully,2246,1,0,0,26,0,364,0,1,86,69945,2246,0,27,0,0,0,LEADER,1,0,0,26,0,0,0,0,0,0,0,0,0,0,0
72364,50,bully,2419,1,0,0,26,0,364,0,1,50,69945,2419,0,27,0,0,0,LEADER,1,0,0,26,0,0,0,0,0,0,0,0,0,0,0
72216,85,bully,2268,1,0,0,26,0,364,0,1,85,69948,2268,0,27,0,0,0,LEADER,1,0,0,26,0,0,0,0,0,0,0,0,0,0,0
72155,87,bully,2212,1,0,0,26,0,364,0,1,87,69943,2212,0,27,0,0,0,LEADER,1,0,0,26,0,0,0,0,0,0,0,0,0,0,0
72361,64,bully,2416,1,0,0,26,0,364,0,1,64,69945,2416,0,27,0,0,0,LEADER,1,0,0,26,0,0,0,0,0,0,0,0,0,0,0
72299,18,bully,1434,1,0,0,26,0,364,0,1,18,70865,1434,0,27,0,0,0,LEADER,1,0,0,26,0,0,0,0,0,0,0,0,0,0,0
72210,11,bully,2264,1,0,0,26,0,364,0,1,11,69946,2264,0,27,0,0,0,LEADER,1,0,0,26,0,0,0,0,0,0,0,0,0,0,0
72418,90,bully,1553,1,0,0,26,0,364,0,1,90,70865,1553,0,27,0,0,0,LEADER,1,0,0,26,0,0,0,0,0,0,0,0,0,0,0
72312,35,bully,1447,1,0,0,26,0,364,0,1,35,70865,1447,0,27,0,0,0,LEADER,1,0,0,26,0,0,0,0,0,0,0,0,0,0,0
72194,43,bully,2249,1,0,0,26,0,364,0,1,43,69945,2249,0,27,0,0,0,LEADER,1,0,0,26,0,0,0,0,0,0,0,0,0,0,0
72332,28,bully,1467,1,0,0,26,0,364,0,1,28,70865,1467,0,27,0,0,0,LEADER,1,0,0,26,0,0,0,0,0,0,0,0,0,0,0
73006,23,bully,2141,1,0,0,26,0,364,0,1,23,70865,2141,0,27,0,0,0,LEADER,1,0,0,26,0,0,0,0,0,0,0,0,0,0,0
72172,44,bully,2228,1,0,0,26,0,364,0,1,44,69944,2228,0,27,0,0,0,LEADER,1,0,0,26,0,0,0,0,0,0,0,0,0,0,0
72326,30,bully,1461,1,0,0,26,0,364,0,1,30,70865,1461,0,27,0,0,0,LEADER,1,0,0,26,0,0,0,0,0,0,0,0,0,0,0
72724,94,bully,1859,1,0,0,26,0,364,0,1,94,70865,1859,0,27,0,0,0,LEADER,1,0,0,26,0,0,0,0,0,0,0,0,0,0,0
72366,38,bully,1501,1,0,0,26,0,364,0,1,38,70865,1501,0,27,0,0,0,LEADER,1,0,0,26,0,0,0,0,0,0,0,0,0,0,0
73045,66,bully,2180,1,0,0,26,0,364,0,1,66,70865,2180,0,27,0,0,0,LEADER,1,0,0,26,0,0,0,0,0,0,0,0,0,0,0
72351,70,bully,1486,1,0,0,26,0,364,0,1,70,70865,1486,0,27,0,0,0,LEADER,1,0,0,26,0,0,0,0,0,0,0,0,0,0,0
72996,88,bully,2131,1,0,0,26,0,364,0,1,88,70865,2131,0,27,0,0,0,LEADER,1,0,0,26,0,0,0,0,0,0,0,0,0,0,0
72180,75,bully,2235,1,0,0,26,0,364,0,1,75,69945,2235,0,27,0,0,0,LEADER,1,0,0,26,0,0,0,0,0,0,0,0,0,0,0
72188,12,bully,2243,1,0,0,26,0,364,0,1,12,69945,2243,0,27,0,0,0,LEADER,1,0,0,26,0,0,0,0,0,0,0,0,0,0,0
72890,27,bully,2025,1,0,0,26,0,364,0,1,27,70865,2025,0,27,0,0,0,LEADER,1,0,0,26,0,0,0,0,0,0,0,0,0,0,0
72379,42,bully,1514,1,0,0,26,0,364,0,1,42,70865,1514,0,27,0,0,0,LEADER,1,0,0,26,0,0,0,0,0,0,0,0,0,0,0
73026,24,bully,2161,1,0,0,26,0,364,0,1,24,70865,2161,0,27,0,0,0,LEADER,1,0,0,26,0,0,0,0,0,0,0,0,0,0,0
72978,46,bully,2113,1,0,0,26,0,364,0,1,46,70865,2113,0,27,0,0,0,LEADER,1,0,0,26,0,0,0,0,0,0,0,0,0,0,0
72502,34,bully,1637,1,0,0,26,0,364,0,1,34,70865,1637,0,27,0,0,0,LEADER,1,0,0,26,0,0,0,0,0,0,0,0,0,0,0
72875,59,bully,2010,1,0,0,26,0,364,0,1,59,70865,2010,0,27,0,0,0,LEADER,1,0,0,26,0,0,0,0,0,0,0,0,0,0,0
73157,32,bully,2292,1,0,0,26,0,364,0,1,32,70865,2292,0,27,0,0,0,LEADER,1,0,0,26,0,0,0,0,0,0,0,0,0,0,0
72772,72,bully,1907,1,0,0,26,0,364,0,1,72,70865,1907,0,27,0,0,0,LEADER,1,0,0,26,0,0,0,0,0,0,0,0,0,0,0
73181,63,bully,2316,1,0,0,26,0,364,0,1,63,70865,2316,0,27,0,0,0,LEADER,1,0,0,26,0,0,0,0,0,0,0,0,0,0,0
72657,74,bully,1792,1,0,0,26,0,364,0,1,74,70865,1792,0,27,0,0,0,LEADER,1,0,0,26,0,0,0,0,0,0,0,0,0,0,0
72399,48,bully,1534,1,0,0,26,0,364,0,1,48,70865,1534,0,27,0,0,0,LEADER,1,0,0,26,0,0,0,0,0,0,0,0,0,0,0
72860,57,bully,1995,1,0,0,26,0,364,0,1,57,70865,1995,0,27,0,0,0,LEADER,1,0,0,26,0,0,0,0,0,0,0,0,0,0,0
72930,68,bully,2065,1,0,0,26,0,364,0,1,68,70865,2065,0,27,0,0,0,LEADER,1,0,0,26,0,0,0,0,0,0,0,0,0,0,0
72331,45,bully,1466,1,0,0,26,0,364,0,1,45,70865,1466,0,27,0,0,0,LEADER,1,0,0,26,0,0,0,0,0,0,0,0,0,0,0
72688,93,bully,1823,1,0,0,26,0,364,0,1,93,70865,1823,0,27,0,0,0,LEADER,1,0,0,26,0,0,0,0,0,0,0,0,0,0,0
73269,82,bully,2404,1,0,0,26,0,364,0,1,82,70865,2404,0,27,0,0,0,LEADER,1,0,0,26,0,0,0,0,0,0,0,0,0,0,0
73263,51,bully,2398,1,0,0,26,0,364,0,1,51,70865,2398,0,27,0,0,0,LEADER,1,0,0,26,0,0,0,0,0,0,0,0,0,0,0
72808,39,bully,1943,1,0,0,26,0,364,0,1,39,70865,1943,0,27,0,0,0,LEADER,1,0,0,26,0,0,0,0,0,0,0,0,0,0,0
72554,78,bully,1689,1,0,0,26,0,364,0,1,78,70865,1689,0,27,0,0,0,LEADER,1,0,0,26,0,0,0,0,0,0,0,0,0,0,0
72942,79,bully,2077,1,0,0,26,0,364,0,1,79,70865,2077,0,27,0,0,0,LEADER,1,0,0,26,0,0,0,0,0,0,0,0,0,0,0
72517,14,bully,1652,1,0,0,26,0,364,0,1,14,70865,1652,0,27,0,0,0,LEADER,1,0,0,26,0,0,0,0,0,0,0,0,0,0,0
72944,36,bully,2080,1,0,0,26,0,364,0,1,36,70864,2080,0,27,0,0,0,LEADER,1,0,0,26,0,0,0,0,0,0,0,0,0,0,0
72827,81,bully,1962,1,0,0,26,0,364,0,1,81,70865,1962,0,27,0,0,0,LEADER,1,0,0,26,0,0,0,0,0,0,0,0,0,0,0
72487,67,bully,1622,1,0,0,26,0,364,0,1,67,70865,1622,0,27,0,0,0,LEADER,1,0,0,26,0,0,0,0,0,0,0,0,0,0,0
73248,83,bully,2383,1,0,0,26,0,364,0,1,83,70865,2383,0,27,0,0,0,LEADER,1,0,0,26,0,0,0,0,0,0,0,0,0,0,0
73393,99,bully,1607,1,0,0,27,0,378,0,1,99,71786,1607,0,28,0,0,0,LEADER,1,0,0,27,0,0,0,0,0,0,0,0,0,0,0
72569,55,bully,1704,1,0,0,26,0,364,0,1,55,70865,1704,0,27,0,0,0,LEADER,1,0,0,26,0,0,0,0,0,0,0,0,0,0,0
73360,89,bully,1574,1,0,0,27,0,378,0,1,89,71786,1574,0,28,0,0,0,LEADER,1,0,0,27,0,0,0,0,0,0,0,0,0,0,0
72521,77,bully,1656,1,0,0,26,0,364,0,1,77,70865,1656,0,27,0,0,0,LEADER,1,0,0,26,0,0,0,0,0,0,0,0,0,0,0
72793,71,bully,1928,1,0,0,26,0,364,0,1,71,70865,1928,0,27,0,0,0,LEADER,1,0,0,26,0,0,0,0,0,0,0,0,0,0,0
72705,52,bully,1840,1,0,0,26,0,364,0,1,52,70865,1840,0,27,0,0,0,LEADER,1,0,0,26,0,0,0,0,0,0,0,0,0,0,0
73076,76,bully,2213,1,0,0,26,0,364,0,1,76,70863,2213,0,27,0,0,0,LEADER,1,0,0,26,0,0,0,0,0,0,0,0,0,0,0
72672,10,bully,1807,1,0,0,26,0,364,0,1,10,70865,1807,0,27,0,0,0,LEADER,1,0,0,26,0,0,0,0,0,0,0,0,0,0,0
72605,22,bully,1740,1,0,0,26,0,364,0,1,22,70865,1740,0,27,0,0,0,LEADER,1,0,0,26,0,0,0,0,0,0,0,0,0,0,0
72753,21,bully,1889,1,0,0,26,0,364,0,1,21,70864,1889,0,27,0,0,0,LEADER,1,0,0,26,0,0,0,0,0,0,0,0,0,0,0
73011,56,bully,2146,1,0,0,26,0,364,0,1,56,70865,2146,0,27,0,0,0,LEADER,1,0,0,26,0,0,0,0,0,0,0,0,0,0,0
72536,60,bully,1671,1,0,0,26,0,364,0,1,60,70865,1671,0,27,0,0,0,LEADER,1,0,0,26,0,0,0,0,0,0,0,0,0,0,0
73390,25,bully,1604,1,0,0,27,0,378,0,1,25,71786,1604,0,28,0,0,0,LEADER,1,0,0,27,0,0,0,0,0,0,0,0,0,0,0
72602,65,bully,1737,1,0,0,26,0,364,0,1,65,70865,1737,0,27,0,0,0,LEADER,1,0,0,26,0,0,0,0,0,0,0,0,0,0,0
73278,19,bully,2413,1,0,0,26,0,364,0,1,19,70865,2413,0,27,0,0,0,LEADER,1,0,0,26,0,0,0,0,0,0,0,0,0,0,0
72908,69,bully,2043,1,0,0,26,0,364,0,1,69,70865,2043,0,27,0,0,0,LEADER,1,0,0,26,0,0,0,0,0,0,0,0,0,0,0
73511,54,bully,1725,1,0,0,27,0,378,0,1,54,71786,1725,0,28,0,0,0,LEADER,1,0,0,27,0,0,0,0,0,0,0,0,0,0,0
72857,17,bully,1992,1,0,0,26,0,364,0,1,17,70865,1992,0,27,0,0,0,LEADER,1,0,0,26,0,0,0,0,0,0,0,0,0,0,0
73372,100,bully,1586,1,0,0,27,0,378,0,1,100,71786,1586,0,28,0,0,0,LEADER,1,0,0,27,0,0,0,0,0,0,0,0,0,0,0
73335,16,bully,1549,1,0,0,27,0,378,0,1,16,71786,1549,0,28,0,0,0,LEADER,1,0,0,27,0,0,0,0,0,0,0,0,0,0,0
72923,37,bully,2058,1,0,0,26,0,364,0,1,37,70865,2058,0,27,0,0,0,LEADER,1,0,0,26,0,0,0,0,0,0,0,0,0,0,0
73560,13,bully,1774,1,0,0,27,0,378,0,1,13,71786,1774,0,28,0,0,0,LEADER,1,0,0,27,0,0,0,0,0,0,0,0,0,0,0
72720,20,bully,1855,1,0,0,26,0,364,0,1,20,70865,1855,0,27,0,0,0,LEADER,1,0,0,26,0,0,0,0,0,0,0,0,0,0,0
73353,41,bully,1567,1,0,0,27,0,378,0,1,41,71786,1567,0,28,0,0,0,LEADER,1,0,0,27,0,0,0,0,0,0,0,0,0,0,0
73342,47,bully,1556,1,0,0,27,0,378,0,1,47,71786,1556,0,28,0,0,0,LEADER,1,0,0,27,0,0,0,0,0,0,0,0,0,0,0
73167,95,bully,2301,1,0,0,26,0,364,0,1,95,70866,2301,0,27,0,0,0,LEADER,1,0,0,26,0,0,0,0,0,0,0,0,0,0,0
73030,98,bully,2165,1,0,0,26,0,364,0,1,98,70865,2165,0,27,0,0,0,LEADER,1,0,0,26,0,0,0,0,0,0,0,0,0,0,0
73214,73,bully,2349,1,0,0,26,0,364,0,1,73,70865,2349,0,27,0,0,0,LEADER,1,0,0,26,0,0,0,0,0,0,0,0,0,0,0
72760,61,bully,1895,1,0,0,26,0,364,0,1,61,70865,1895,0,27,0,0,0,LEADER,1,0,0,26,0,0,0,0,0,0,0,0,0,0,0
73508,97,bully,1722,1,0,0,27,0,378,0,1,97,71786,1722,0,28,0,0,0,LEADER,1,0,0,27,0,0,0,0,0,0,0,0,0,0,0
73538,33,bully,1752,1,0,0,27,0,378,0,1,33,71786,1752,0,28,0,0,0,LEADER,1,0,0,27,0,0,0,0,0,0,0,0,0,0,0
73196,31,bully,2331,1,0,0,26,0,364,0,1,31,70865,2331,0,27,0,0,0,LEADER,1,0,0,26,0,0,0,0,0,0,0,0,0,0,0
73696,29,bully,1910,1,0,0,27,0,378,0,1,29,71786,1910,0,28,0,0,0,LEADER,1,0,0,27,0,0,0,0,0,0,0,0,0,0,0
73708,40,bully,1922,1,0,0,27,0,378,0,1,40,71786,1922,0,28,0,0,0,LEADER,1,0,0,27,0,0,0,0,0,0,0,0,0,0,0
73528,96,bully,1744,1,0,0,27,0,378,0,1,96,71784,1744,0,28,0,0,0,LEADER,1,0,0,27,0,0,0,0,0,0,0,0,0,0,0
73611,84,bully,1825,1,0,0,27,0,378,0,1,84,71786,1825,0,28,0,0,0,LEADER,1,0,0,27,0,0,0,0,0,0,0,0,0,0,0
73305,80,bully,1519,1,0,0,27,0,378,0,1,80,71786,1519,0,28,0,0,0,LEADER,1,0,0,27,0,0,0,0,0,0,0,0,0,0,0
73148,53,bully,2283,1,0,0,26,0,364,0,1,53,70865,2283,0,27,0,0,0,LEADER,1,0,0,26,0,0,0,0,0,0,0,0,0,0,0
73224,92,bully,1438,1,0,0,27,0,378,0,1,92,71786,1438,0,28,0,0,0,LEADER,1,0,0,27,0,0,0,0,0,0,0,0,0,0,0
73660,62,bully,1874,1,0,0,27,0,378,0,1,62,71786,1874,0,28,0,0,0,LEADER,1,0,0,27,0,0,0,0,0,0,0,0,0,0,0
73403,91,bully,1619,1,0,0,27,0,378,0,1,91,71784,1619,0,28,0,0,0,LEADER,1,0,0,27,0,0,0,0,0,0,0,0,0,0,0
73357,15,bully,1571,1,0,0,27,0,378,0,1,15,71786,1571,0,28,0,0,0,LEADER,1,0,0,27,0,0,0,0,0,0,0,0,0,0,0
73026,26,bully,2161,1,0,0,26,0,364,0,1,26,70865,2161,0,27,0,0,0,LEADER,1,0,0,26,0,0,0,0,0,0,0,0,0,0,0
73763,49,bully,1977,1,0,0,27,0,378,0,1,49,71786,1977,0,28,0,0,0,LEADER,1,0,0,27,0,0,0,0,0,0,0,0,0,0,0
73578,58,bully,1792,1,0,0,27,0,378,0,1,58,71786,1792,0,28,0,0,0,LEADER,1,0,0,27,0,0,0,0,0,0,0,0,0,0,0
73111,86,bully,2246,1,0,0,26,0,364,0,1,86,70865,2246,0,27,0,0,0,LEADER,1,0,0,26,0,0,0,0,0,0,0,0,0,0,0
73284,50,bully,2419,1,0,0,26,0,364,0,1,50,70865,2419,0,27,0,0,0,LEADER,1,0,0,26,0,0,0,0,0,0,0,0,0,0,0
73136,85,bully,2268,1,0,0,26,0,364,0,1,85,70868,2268,0,27,0,0,0,LEADER,1,0,0,26,0,0,0,0,0,0,0,0,0,0,0
73075,87,bully,2212,1,0,0,26,0,364,0,1,87,70863,2212,0,27,0,0,0,LEADER,1,0,0,26,0,0,0,0,0,0,0,0,0,0,0
73281,64,bully,2416,1,0,0,26,0,364,0,1,64,70865,2416,0,27,0,0,0,LEADER,1,0,0,26,0,0,0,0,0,0,0,0,0,0,0
73130,11,bully,2264,1,0,0,26,0,364,0,1,11,70866,2264,0,27,0,0,0,LEADER,1,0,0,26,0,0,0,0,0,0,0,0,0,0,0
73220,18,bully,1434,1,0,0,27,0,378,0,1,18,71786,1434,0,28,0,0,0,LEADER,1,0,0,27,0,0,0,0,0,0,0,0,0,0,0
73339,90,bully,1553,1,0,0,27,0,378,0,1,90,71786,1553,0,28,0,0,0,LEADER,1,0,0,27,0,0,0,0,0,0,0,0,0,0,0
73233,35,bully,1447,1,0,0,27,0,378,0,1,35,71786,1447,0,28,0,0,0,LEADER,1,0,0,27,0,0,0,0,0,0,0,0,0,0,0
73114,43,bully,2249,1,0,0,26,0,364,0,1,43,70865,2249,0,27,0,0,0,LEADER,1,0,0,26,0,0,0,0,0,0,0,0,0,0,0
73253,28,bully,1467,1,0,0,27,0,378,0,1,28,71786,1467,0,28,0,0,0,LEADER,1,0,0,27,0,0,0,0,0,0,0,0,0,0,0
73092,44,bully,2228,1,0,0,26,0,364,0,1,44,70864,2228,0,27,0,0,0,LEADER,1,0,0,26,0,0,0,0,0,0,0,0,0,0,0
73927,23,bully,2141,1,0,0,27,0,378,0,1,23,71786,2141,0,28,0,0,0,LEADER,1,0,0,27,0,0,0,0,0,0,0,0,0,0,0
73247,30,bully,1461,1,0,0,27,0,378,0,1,30,71786,1461,0,28,0,0,0,LEADER,1,0,0,27,0,0,0,0,0,0,0,0,0,0,0
73645,94,bully,1859,1,0,0,27,0,378,0,1,94,71786,1859,0,28,0,0,0,LEADER,1,0,0,27,0,0,0,0,0,0,0,0,0,0,0
73287,38,bully,1501,1,0,0,27,0,378,0,1,38,71786,1501,0,28,0,0,0,LEADER,1,0,0,27,0,0,0,0,0,0,0,0,0,0,0
73966,66,bully,2180,1,0,0,27,0,378,0,1,66,71786,2180,0,28,0,0,0,LEADER,1,0,0,27,0,0,0,0,0,0,0,0,0,0,0
73272,70,bully,1486,1,0,0,27,0,378,0,1,70,71786,1486,0,28,0,0,0,LEADER,1,0,0,27,0,0,0,0,0,0,0,0,0,0,0
73917,88,bully,2131,1,0,0,27,0,378,0,1,88,71786,2131,0,28,0,0,0,LEADER,1,0,0,27,0,0,0,0,0,0,0,0,0,0,0
73100,75,bully,2235,1,0,0,26,0,364,0,1,75,70865,2235,0,27,0,0,0,LEADER,1,0,0,26,0,0,0,0,0,0,0,0,0,0,0
73108,12,bully,2243,1,0,0,26,0,364,0,1,12,70865,2243,0,27,0,0,0,LEADER,1,0,0,26,0,0,0,0,0,0,0,0,0,0,0
73811,27,bully,2025,1,0,0,27,0,378,0,1,27,71786,2025,0,28,0,0,0,LEADER,1,0,0,27,0,0,0,0,0,0,0,0,0,0,0
73300,42,bully,1514,1,0,0,27,0,378,0,1,42,71786,1514,0,28,0,0,0,LEADER,1,0,0,27,0,0,0,0,0,0,0,0,0,0,0
73947,24,bully,2161,1,0,0,27,0,378,0,1,24,71786,2161,0,28,0,0,0,LEADER,1,0,0,27,0,0,0,0,0,0,0,0,0,0,0
73899,46,bully,2113,1,0,0,27,0,378,0,1,46,71786,2113,0,28,0,0,0,LEADER,1,0,0,27,0,0,0,0,0,0,0,0,0,0,0
73423,34,bully,1637,1,0,0,27,0,378,0,1,34,71786,1637,0,28,0,0,0,LEADER,1,0,0,27,0,0,0,0,0,0,0,0,0,0,0
73796,59,bully,2010,1,0,0,27,0,378,0,1,59,71786,2010,0,28,0,0,0,LEADER,1,0,0,27,0,0,0,0,0,0,0,0,0,0,0
74078,32,bully,2292,1,0,0,27,0,378,0,1,32,71786,2292,0,28,0,0,0,LEADER,1,0,0,27,0,0,0,0,0,0,0,0,0,0,0
73693,72,bully,1907,1,0,0,27,0,378,0,1,72,71786,1907,0,28,0,0,0,LEADER,1,0,0,27,0,0,0,0,0,0,0,0,0,0,0
74102,63,bully,2316,1,0,0,27,0,378,0,1,63,71786,2316,0,28,0,0,0,LEADER,1,0,0,27,0,0,0,0,0,0,0,0,0,0,0
73578,74,bully,1792,1,0,0,27,0,378,0,1,74,71786,1792,0,28,0,0,0,LEADER,1,0,0,27,0,0,0,0,0,0,0,0,0,0,0
73320,48,bully,1534,1,0,0,27,0,378,0,1,48,71786,1534,0,28,0,0,0,LEADER,1,0,0,27,0,0,0,0,0,0,0,0,0,0,0
73781,57,bully,1995,1,0,0,27,0,378,0,1,57,71786,1995,0,28,0,0,0,LEADER,1,0,0,27,0,0,0,0,0,0,0,0,0,0,0
73851,68,bully,2065,1,0,0,27,0,378,0,1,68,71786,2065,0,28,0,0,0,LEADER,1,0,0,27,0,0,0,0,0,0,0,0,0,0,0
73252,45,bully,1466,1,0,0,27,0,378,0,1,45,71786,1466,0,28,0,0,0,LEADER,1,0,0,27,0,0,0,0,0,0,0,0,0,0,0
73609,93,bully,1823,1,0,0,27,0,378,0,1,93,71786,1823,0,28,0,0,0,LEADER,1,0,0,27,0,0,0,0,0,0,0,0,0,0,0
74190,82,bully,2404,1,0,0,27,0,378,0,1,82,71786,2404,0,28,0,0,0,LEADER,1,0,0,27,0,0,0,0,0,0,0,0,0,0,0
74184,51,bully,2398,1,0,0,27,0,378,0,1,51,71786,2398,0,28,0,0,0,LEADER,1,0,0,27,0,0,0,0,0,0,0,0,0,0,0
73729,39,bully,1943,1,0,0,27,0,378,0,1,39,71786,1943,0,28,0,0,0,LEADER,1,0,0,27,0,0,0,0,0,0,0,0,0,0,0
73475,78,bully,1689,1,0,0,27,0,378,0,1,78,71786,1689,0,28,0,0,0,LEADER,1,0,0,27,0,0,0,0,0,0,0,0,0,0,0
73863,79,bully,2077,1,0,0,27,0,378,0,1,79,71786,2077,0,28,0,0,0,LEADER,1,0,0,27,0,0,0,0,0,0,0,0,0,0,0
73438,14,bully,1652,1,0,0,27,0,378,0,1,14,71786,1652,0,28,0,0,0,LEADER,1,0,0,27,0,0,0,0,0,0,0,0,0,0,0
73865,36,bully,2080,1,0,0,27,0,378,0,1,36,71785,2080,0,28,0,0,0,LEADER,1,0,0,27,0,0,0,0,0,0,0,0,0,0,0
73748,81,bully,1962,1,0,0,27,0,378,0,1,81,71786,1962,0,28,0,0,0,LEADER,1,0,0,27,0,0,0,0,0,0,0,0,0,0,0
73408,67,bully,1622,1,0,0,27,0,378,0,1,67,71786,1622,0,28,0,0,0,LEADER,1,0,0,27,0,0,0,0,0,0,0,0,0,0,0
74169,83,bully,2383,1,0,0,27,0,378,0,1,83,71786,2383,0,28,0,0,0,LEADER,1,0,0,27,0,0,0,0,0,0,0,0,0,0,0
74313,99,bully,1607,1,0,0,27,0,378,0,1,99,72706,1607,0,28,0,0,0,LEADER,1,0,0,27,0,0,0,0,0,0,0,0,0,0,0
73490,55,bully,1704,1,0,0,27,0,378,0,1,55,71786,1704,0,28,0,0,0,LEADER,1,0,0,27,0,0,0,0,0,0,0,0,0,0,0
74280,89,bully,1574,1,0,0,27,0,378,0,1,89,72706,1574,0,28,0,0,0,LEADER,1,0,0,27,0,0,0,0,0,0,0,0,0,0,0
73442,77,bully,1656,1,0,0,27,0,378,0,1,77,71786,1656,0,28,0,0,0,LEADER,1,0,0,27,0,0,0,0,0,0,0,0,0,0,0
73714,71,bully,1928,1,0,0,27,0,378,0,1,71,71786,1928,0,28,0,0,0,LEADER,1,0,0,27,0,0,0,0,0,0,0,0,0,0,0
73626,52,bully,1840,1,0,0,27,0,378,0,1,52,71786,1840,0,28,0,0,0,LEADER,1,0,0,27,0,0,0,0,0,0,0,0,0,0,0
73996,76,bully,2213,1,0,0,27,0,378,0,1,76,71783,2213,0,28,0,0,0,LEADER,1,0,0,27,0,0,0,0,0,0,0,0,0,0,0
73593,10,bully,1807,1,0,0,27,0,378,0,1,10,71786,1807,0,28,0,0,0,LEADER,1,0,0,27,0,0,0,0,0,0,0,0,0,0,0
73526,22,bully,1740,1,0,0,27,0,378,0,1,22,71786,1740,0,28,0,0,0,LEADER,1,0,0,27,0,0,0,0,0,0,0,0,0,0,0
73674,21,bully,1889,1,0,0,27,0,378,0,1,21,71785,1889,0,28,0,0,0,LEADER,1,0,0,27,0,0,0,0,0,0,0,0,0,0,0
73932,56,bully,2146,1,0,0,27,0,378,0,1,56,71786,2146,0,28,0,0,0,LEADER,1,0,0,27,0,0,0,0,0,0,0,0,0,0,0
73457,60,bully,1671,1,0,0,27,0,378,0,1,60,71786,1671,0,28,0,0,0,LEADER,1,0,0,27,0,0,0,0,0,0,0,0,0,0,0
74310,25,bully,1604,1,0,0,27,0,378,0,1,25,72706,1604,0,28,0,0,0,LEADER,1,0,0,27,0,0,0,0,0,0,0,0,0,0,0
73523,65,bully,1737,1,0,0,27,0,378,0,1,65,71786,1737,0,28,0,0,0,LEADER,1,0,0,27,0,0,0,0,0,0,0,0,0,0,0
74199,19,bully,2413,1,0,0,27,0,378,0,1,19,71786,2413,0,28,0,0,0,LEADER,1,0,0,27,0,0,0,0,0,0,0,0,0,0,0
73829,69,bully,2043,1,0,0,27,0,378,0,1,69,71786,2043,0,28,0,0,0,LEADER,1,0,0,27,0,0,0,0,0,0,0,0,0,0,0
74431,54,bully,1725,1,0,0,27,0,378,0,1,54,72706,1725,0,28,0,0,0,LEADER,1,0,0,27,0,0,0,0,0,0,0,0,0,0,0
73778,17,bully,1992,1,0,0,27,0,378,0,1,17,71786,1992,0,28,0,0,0,LEADER,1,0,0,27,0,0,0,0,0,0,0,0,0,0,0
74292,100,bully,1586,1,0,0,27,0,378,0,1,100,72706,1586,0,28,0,0,0,LEADER,1,0,0,27,0,0,0,0,0,0,0,0,0,0,0
74255,16,bully,1549,1,0,0,27,0,378,0,1,16,72706,1549,0,28,0,0,0,LEADER,1,0,0,27,0,0,0,0,0,0,0,0,0,0,0
73844,37,bully,2058,1,0,0,27,0,378,0,1,37,71786,2058,0,28,0,0,0,LEADER,1,0,0,27,0,0,0,0,0,0,0,0,0,0,0
74480,13,bully,1774,1,0,0,27,0,378,0,1,13,72706,1774,0,28,0,0,0,LEADER,1,0,0,27,0,0,0,0,0,0,0,0,0,0,0
73641,20,bully,1855,1,0,0,27,0,378,0,1,20,71786,1855,0,28,0,0,0,LEADER,1,0,0,27,0,0,0,0,0,0,0,0,0,0,0
74273,41,bully,1567,1,0,0,27,0,378,0,1,41,72706,1567,0,28,0,0,0,LEADER,1,0,0,27,0,0,0,0,0,0,0,0,0,0,0
74262,47,bully,1556,1,0,0,27,0,378,0,1,47,72706,1556,0,28,0,0,0,LEADER,1,0,0,27,0,0,0,0,0,0,0,0,0,0,0
74088,95,bully,2301,1,0,0,27,0,378,0,1,95,71787,2301,0,28,0,0,0,LEADER,1,0,0,27,0,0,0,0,0,0,0,0,0,0,0
73951,98,bully,2165,1,0,0,27,0,378,0,1,98,71786,2165,0,28,0,0,0,LEADER,1,0,0,27,0,0,0,0,0,0,0,0,0,0,0
74135,73,bully,2349,1,0,0,27,0,378,0,1,73,71786,2349,0,28,0,0,0,LEADER,1,0,0,27,0,0,0,0,0,0,0,0,0,0,0
74458,33,bully,1752,1,0,0,27,0,378,0,1,33,72706,1752,0,28,0,0,0,LEADER,1,0,0,27,0,0,0,0,0,0,0,0,0,0,0
73681,61,bully,1895,1,0,0,27,0,378,0,1,61,71786,1895,0,28,0,0,0,LEADER,1,0,0,27,0,0,0,0,0,0,0,0,0,0,0
74428,97,bully,1722,1,0,0,27,0,378,0,1,97,72706,1722,0,28,0,0,0,LEADER,1,0,0,27,0,0,0,0,0,0,0,0,0,0,0
74616,29,bully,1910,1,0,0,27,0,378,0,1,29,72706,1910,0,28,0,0,0,LEADER,1,0,0,27,0,0,0,0,0,0,0,0,0,0,0
74628,40,bully,1922,1,0,0,27,0,378,0,1,40,72706,1922,0,28,0,0,0,LEADER,1,0,0,27,0,0,0,0,0,0,0,0,0,0,0
74117,31,bully,2331,1,0,0,27,0,378,0,1,31,71786,2331,0,28,0,0,0,LEADER,1,0,0,27,0,0,0,0,0,0,0,0,0,0,0
74448,96,bully,1744,1,0,0,27,0,378,0,1,96,72704,1744,0,28,0,0,0,LEADER,1,0,0,27,0,0,0,0,0,0,0,0,0,0,0
74531,84,bully,1825,1,0,0,27,0,378,0,1,84,72706,1825,0,28,0,0,0,LEADER,1,0,0,27,0,0,0,0,0,0,0,0,0,0,0
74225,80,bully,1519,1,0,0,27,0,378,0,1,80,72706,1519,0,28,0,0,0,LEADER,1,0,0,27,0,0,0,0,0,0,0,0,0,0,0
74069,53,bully,2283,1,0,0,27,0,378,0,1,53,71786,2283,0,28,0,0,0,LEADER,1,0,0,27,0,0,0,0,0,0,0,0,0,0,0
74144,92,bully,1438,1,0,0,27,0,378,0,1,92,72706,1438,0,28,0,0,0,LEADER,1,0,0,27,0,0,0,0,0,0,0,0,0,0,0
74580,62,bully,1874,1,0,0,27,0,378,0,1,62,72706,1874,0,28,0,0,0,LEADER,1,0,0,27,0,0,0,0,0,0,0,0,0,0,0
74323,91,bully,1619,1,0,0,27,0,378,0,1,91,72704,1619,0,28,0,0,0,LEADER,1,0,0,27,0,0,0,0,0,0,0,0,0,0,0
74277,15,bully,1571,1,0,0,27,0,378,0,1,15,72706,1571,0,28,0,0,0,LEADER,1,0,0,27,0,0,0,0,0,0,0,0,0,0,0
73947,26,bully,2161,1,0,0,27,0,378,0,1,26,71786,2161,0,28,0,0,0,LEADER,1,0,0,27,0,0,0,0,0,0,0,0,0,0,0
74683,49,bully,1977,1,0,0,27,0,378,0,1,49,72706,1977,0,28,0,0,0,LEADER,1,0,0,27,0,0,0,0,0,0,0,0,0,0,0
74498,58,bully,1792,1,0,0,27,0,378,0,1,58,72706,1792,0,28,0,0,0,LEADER,1,0,0,27,0,0,0,0,0,0,0,0,0,0,0
74032,86,bully,2246,1,0,0,27,0,378,0,1,86,71786,2246,0,28,0,0,0,LEADER,1,0,0,27,0,0,0,0,0,0,0,0,0,0,0
74205,50,bully,2419,1,0,0,27,0,378,0,1,50,71786,2419,0,28,0,0,0,LEADER,1,0,0,27,0,0,0,0,0,0,0,0,0,0,0
74057,85,bully,2268,1,0,0,27,0,378,0,1,85,71789,2268,0,28,0,0,0,LEADER,1,0,0,27,0,0,0,0,0,0,0,0,0,0,0
73996,87,bully,2212,1,0,0,27,0,378,0,1,87,71784,2212,0,28,0,0,0,LEADER,1,0,0,27,0,0,0,0,0,0,0,0,0,0,0
74202,64,bully,2416,1,0,0,27,0,378,0,1,64,71786,2416,0,28,0,0,0,LEADER,1,0,0,27,0,0,0,0,0,0,0,0,0,0,0
74140,18,bully,1434,1,0,0,27,0,378,0,1,18,72706,1434,0,28,0,0,0,LEADER,1,0,0,27,0,0,0,0,0,0,0,0,0,0,0
74051,11,bully,2264,1,0,0,27,0,378,0,1,11,71787,2264,0,28,0,0,0,LEADER,1,0,0,27,0,0,0,0,0,0,0,0,0,0,0
74259,90,bully,1553,1,0,0,27,0,378,0,1,90,72706,1553,0,28,0,0,0,LEADER,1,0,0,27,0,0,0,0,0,0,0,0,0,0,0
74153,35,bully,1447,1,0,0,27,0,378,0,1,35,72706,1447,0,28,0,0,0,LEADER,1,0,0,27,0,0,0,0,0,0,0,0,0,0,0
74035,43,bully,2249,1,0,0,27,0,378,0,1,43,71786,2249,0,28,0,0,0,LEADER,1,0,0,27,0,0,0,0,0,0,0,0,0,0,0
74173,28,bully,1467,1,0,0,27,0,378,0,1,28,72706,1467,0,28,0,0,0,LEADER,1,0,0,27,0,0,0,0,0,0,0,0,0,0,0
74847,23,bully,2141,1,0,0,27,0,378,0,1,23,72706,2141,0,28,0,0,0,LEADER,1,0,0,27,0,0,0,0,0,0,0,0,0,0,0
74013,44,bully,2228,1,0,0,27,0,378,0,1,44,71785,2228,0,28,0,0,0,LEADER,1,0,0,27,0,0,0,0,0,0,0,0,0,0,0
74167,30,bully,1461,1,0,0,27,0,378,0,1,30,72706,1461,0,28,0,0,0,LEADER,1,0,0,27,0,0,0,0,0,0,0,0,0,0,0
74565,94,bully,1859,1,0,0,27,0,378,0,1,94,72706,1859,0,28,0,0,0,LEADER,1,0,0,27,0,0,0,0,0,0,0,0,0,0,0
74207,38,bully,1501,1,0,0,27,0,378,0,1,38,72706,1501,0,28,0,0,0,LEADER,1,0,0,27,0,0,0,0,0,0,0,0,0,0,0
74886,66,bully,2180,1,0,0,27,0,378,0,1,66,72706,2180,0,28,0,0,0,LEADER,1,0,0,27,0,0,0,0,0,0,0,0,0,0,0
74192,70,bully,1486,1,0,0,27,0,378,0,1,70,72706,1486,0,28,0,0,0,LEADER,1,0,0,27,0,0,0,0,0,0,0,0,0,0,0
74837,88,bully,2131,1,0,0,27,0,378,0,1,88,72706,2131,0,28,0,0,0,LEADER,1,0,0,27,0,0,0,0,0,0,0,0,0,0,0
74021,75,bully,2235,1,0,0,27,0,378,0,1,75,71786,2235,0,28,0,0,0,LEADER,1,0,0,27,0,0,0,0,0,0,0,0,0,0,0
74029,12,bully,2243,1,0,0,27,0,378,0,1,12,71786,2243,0,28,0,0,0,LEADER,1,0,0,27,0,0,0,0,0,0,0,0,0,0,0
74731,27,bully,2025,1,0,0,27,0,378,0,1,27,72706,2025,0,28,0,0,0,LEADER,1,0,0,27,0,0,0,0,0,0,0,0,0,0,0
74220,42,bully,1514,1,0,0,27,0,378,0,1,42,72706,1514,0,28,0,0,0,LEADER,1,0,0,27,0,0,0,0,0,0,0,0,0,0,0
74867,24,bully,2161,1,0,0,27,0,378,0,1,24,72706,2161,0,28,0,0,0,LEADER,1,0,0,27,0,0,0,0,0,0,0,0,0,0,0
74819,46,bully,2113,1,0,0,27,0,378,0,1,46,72706,2113,0,28,0,0,0,LEADER,1,0,0,27,0,0,0,0,0,0,0,0,0,0,0
74343,34,bully,1637,1,0,0,27,0,378,0,1,34,72706,1637,0,28,0,0,0,LEADER,1,0,0,27,0,0,0,0,0,0,0,0,0,0,0
74716,59,bully,2010,1,0,0,27,0,378,0,1,59,72706,2010,0,28,0,0,0,LEADER,1,0,0,27,0,0,0,0,0,0,0,0,0,0,0
74998,32,bully,2292,1,0,0,27,0,378,0,1,32,72706,2292,0,28,0,0,0,LEADER,1,0,0,27,0,0,0,0,0,0,0,0,0,0,0
74613,72,bully,1907,1,0,0,27,0,378,0,1,72,72706,1907,0,28,0,0,0,LEADER,1,0,0,27,0,0,0,0,0,0,0,0,0,0,0
75025,63,bully,2316,1,0,0,27,0,378,0,1,63,72709,2316,0,28,0,0,0,LEADER,1,0,0,27,0,0,0,0,0,0,0,0,0,0,0
74498,74,bully,1792,1,0,0,27,0,378,0,1,74,72706,1792,0,28,0,0,0,LEADER,1,0,0,27,0,0,0,0,0,0,0,0,0,0,0
74240,48,bully,1534,1,0,0,27,0,378,0,1,48,72706,1534,0,28,0,0,0,LEADER,1,0,0,27,0,0,0,0,0,0,0,0,0,0,0
74701,57,bully,1995,1,0,0,27,0,378,0,1,57,72706,1995,0,28,0,0,0,LEADER,1,0,0,27,0,0,0,0,0,0,0,0,0,0,0
74771,68,bully,2065,1,0,0,27,0,378,0,1,68,72706,2065,0,28,0,0,0,LEADER,1,0,0,27,0,0,0,0,0,0,0,0,0,0,0
74663,6,bully,1516,1,0,0,8,23,112,322,2,4,73147,1516,0,4,0,0,0,NORMAL,0,0,0,8,0,0,0,23,0,0,0,0,0,0,0
74172,45,bully,1466,1,0,0,27,0,378,0,1,45,72706,1466,0,28,0,0,0,LEADER,1,0,0,27,0,0,0,0,0,0,0,0,0,0,0
74529,93,bully,1823,1,0,0,27,0,378,0,1,93,72706,1823,0,28,0,0,0,LEADER,1,0,0,27,0,0,0,0,0,0,0,0,0,0,0
75110,82,bully,2404,1,0,0,27,0,378,0,1,82,72706,2404,0,28,0,0,0,LEADER,1,0,0,27,0,0,0,0,0,0,0,0,0,0,0
75104,51,bully,2398,1,0,0,27,0,378,0,1,51,72706,2398,0,28,0,0,0,LEADER,1,0,0,27,0,0,0,0,0,0,0,0,0,0,0
74649,39,bully,1943,1,0,0,27,0,378,0,1,39,72706,1943,0,28,0,0,0,LEADER,1,0,0,27,0,0,0,0,0,0,0,0,0,0,0
74395,78,bully,1689,1,0,0,27,0,378,0,1,78,72706,1689,0,28,0,0,0,LEADER,1,0,0,27,0,0,0,0,0,0,0,0,0,0,0
74783,79,bully,2077,1,0,0,27,0,378,0,1,79,72706,2077,0,28,0,0,0,LEADER,1,0,0,27,0,0,0,0,0,0,0,0,0,0,0
74358,14,bully,1652,1,0,0,27,0,378,0,1,14,72706,1652,0,28,0,0,0,LEADER,1,0,0,27,0,0,0,0,0,0,0,0,0,0,0
74785,36,bully,2080,1,0,0,27,0,378,0,1,36,72705,2080,0,28,0,0,0,LEADER,1,0,0,27,0,0,0,0,0,0,0,0,0,0,0
74668,81,bully,1962,1,0,0,27,0,378,0,1,81,72706,1962,0,28,0,0,0,LEADER,1,0,0,27,0,0,0,0,0,0,0,0,0,0,0
74328,67,bully,1622,1,0,0,27,0,378,0,1,67,72706,1622,0,28,0,0,0,LEADER,1,0,0,27,0,0,0,0,0,0,0,0,0,0,0
75089,83,bully,2383,1,0,0,27,0,378,0,1,83,72706,2383,0,28,0,0,0,LEADER,1,0,0,27,0,0,0,0,0,0,0,0,0,0,0
75233,99,bully,1607,1,0,0,27,0,378,0,1,99,73626,1607,0,28,0,0,0,LEADER,1,0,0,27,0,0,0,0,0,0,0,0,0,0,0
74410,55,bully,1704,1,0,0,27,0,378,0,1,55,72706,1704,0,28,0,0,0,LEADER,1,0,0,27,0,0,0,0,0,0,0,0,0,0,0
75200,89,bully,1574,1,0,0,27,0,378,0,1,89,73626,1574,0,28,0,0,0,LEADER,1,0,0,27,0,0,0,0,0,0,0,0,0,0,0
74362,77,bully,1656,1,0,0,27,0,378,0,1,77,72706,1656,0,28,0,0,0,LEADER,1,0,0,27,0,0,0,0,0,0,0,0,0,0,0
74634,71,bully,1928,1,0,0,27,0,378,0,1,71,72706,1928,0,28,0,0,0,LEADER,1,0,0,27,0,0,0,0,0,0,0,0,0,0,0
74546,52,bully,1840,1,0,0,27,0,378,0,1,52,72706,1840,0,28,0,0,0,LEADER,1,0,0,27,0,0,0,0,0,0,0,0,0,0,0
74916,76,bully,2213,1,0,0,27,0,378,0,1,76,72703,2213,0,28,0,0,0,LEADER,1,0,0,27,0,0,0,0,0,0,0,0,0,0,0
74513,10,bully,1807,1,0,0,27,0,378,0,1,10,72706,1807,0,28,0,0,0,LEADER,1,0,0,27,0,0,0,0,0,0,0,0,0,0,0
74446,22,bully,1740,1,0,0,27,0,378,0,1,22,72706,1740,0,28,0,0,0,LEADER,1,0,0,27,0,0,0,0,0,0,0,0,0,0,0
74594,21,bully,1889,1,0,0,27,0,378,0,1,21,72705,1889,0,28,0,0,0,LEADER,1,0,0,27,0,0,0,0,0,0,0,0,0,0,0
74852,56,bully,2146,1,0,0,27,0,378,0,1,56,72706,2146,0,28,0,0,0,LEADER,1,0,0,27,0,0,0,0,0,0,0,0,0,0,0
74377,60,bully,1671,1,0,0,27,0,378,0,1,60,72706,1671,0,28,0,0,0,LEADER,1,0,0,27,0,0,0,0,0,0,0,0,0,0,0
75230,25,bully,1604,1,0,0,27,0,378,0,1,25,73626,1604,0,28,0,0,0,LEADER,1,0,0,27,0,0,0,0,0,0,0,0,0,0,0
74443,65,bully,1737,1,0,0,27,0,378,0,1,65,72706,1737,0,28,0,0,0,LEADER,1,0,0,27,0,0,0,0,0,0,0,0,0,0,0
75119,19,bully,2413,1,0,0,27,0,378,0,1,19,72706,2413,0,28,0,0,0,LEADER,1,0,0,27,0,0,0,0,0,0,0,0,0,0,0
74749,69,bully,2043,1,0,0,27,0,378,0,1,69,72706,2043,0,28,0,0,0,LEADER,1,0,0,27,0,0,0,0,0,0,0,0,0,0,0
75351,54,bully,1725,1,0,0,27,0,378,0,1,54,73626,1725,0,28,0,0,0,LEADER,1,0,0,27,0,0,0,0,0,0,0,0,0,0,0
74698,17,bully,1992,1,0,0,27,0,378,0,1,17,72706,1992,0,28,0,0,0,LEADER,1,0,0,27,0,0,0,0,0,0,0,0,0,0,0
75212,100,bully,1586,1,0,0,27,0,378,0,1,100,73626,1586,0,28,0,0,0,LEADER,1,0,0,27,0,0,0,0,0,0,0,0,0,0,0
75175,16,bully,1549,1,0,0,27,0,378,0,1,16,73626,1549,0,28,0,0,0,LEADER,1,0,0,27,0,0,0,0,0,0,0,0,0,0,0
74764,37,bully,2058,1,0,0,27,0,378,0,1,37,72706,2058,0,28,0,0,0,LEADER,1,0,0,27,0,0,0,0,0,0,0,0,0,0,0
75400,13,bully,1774,1,0,0,27,0,378,0,1,13,73626,1774,0,28,0,0,0,LEADER,1,0,0,27,0,0,0,0,0,0,0,0,0,0,0
74561,20,bully,1855,1,0,0,27,0,378,0,1,20,72706,1855,0,28,0,0,0,LEADER,1,0,0,27,0,0,0,0,0,0,0,0,0,0,0
75193,41,bully,1567,1,0,0,27,0,378,0,1,41,73626,1567,0,28,0,0,0,LEADER,1,0,0,27,0,0,0,0,0,0,0,0,0,0,0
75182,47,bully,1556,1,0,0,27,0,378,0,1,47,73626,1556,0,28,0,0,0,LEADER,1,0,0,27,0,0,0,0,0,0,0,0,0,0,0
75008,95,bully,2301,1,0,0,27,0,378,0,1,95,72707,2301,0,28,0,0,0,LEADER,1,0,0,27,0,0,0,0,0,0,0,0,0,0,0
75210,2,bully,2214,1,0,0,8,16,112,224,3,1,72996,2214,0,6,0,0,0,NORMAL,0,0,0,8,0,0,0,16,0,0,0,0,0,0,0
74871,98,bully,2165,1,0,0,27,0,378,0,1,98,72706,2165,0,28,0,0,0,LEADER,1,0,0,27,0,0,0,0,0,0,0,0,0,0,0
75055,73,bully,2349,1,0,0,27,0,378,0,1,73,72706,2349,0,28,0,0,0,LEADER,1,0,0,27,0,0,0,0,0,0,0,0,0,0,0
75348,97,bully,1722,1,0,0,27,0,378,0,1,97,73626,1722,0,28,0,0,0,LEADER,1,0,0,27,0,0,0,0,0,0,0,0,0,0,0
75378,33,bully,1752,1,0,0,27,0,378,0,1,33,73626,1752,0,28,0,0,0,LEADER,1,0,0,27,0,0,0,0,0,0,0,0,0,0,0
74601,61,bully,1895,1,0,0,27,0,378,0,1,61,72706,1895,0,28,0,0,0,LEADER,1,0,0,27,0,0,0,0,0,0,0,0,0,0,0
75536,29,bully,1910,1,0,0,27,0,378,0,1,29,73626,1910,0,28,0,0,0,LEADER,1,0,0,27,0,0,0,0,0,0,0,0,0,0,0
75548,40,bully,1922,1,0,0,27,0,378,0,1,40,73626,1922,0,28,0,0,0,LEADER,1,0,0,27,0,0,0,0,0,0,0,0,0,0,0
75037,31,bully,2331,1,0,0,27,0,378,0,1,31,72706,2331,0,28,0,0,0,LEADER,1,0,0,27,0,0,0,0,0,0,0,0,0,0,0
75368,96,bully,1744,1,0,0,27,0,378,0,1,96,73624,1744,0,28,0,0,0,LEADER,1,0,0,27,0,0,0,0,0,0,0,0,0,0,0
75451,84,bully,1825,1,0,0,27,0,378,0,1,84,73626,1825,0,28,0,0,0,LEADER,1,0,0,27,0,0,0,0,0,0,0,0,0,0,0
75145,80,bully,1519,1,0,0,27,0,378,0,1,80,73626,1519,0,28,0,0,0,LEADER,1,0,0,27,0,0,0,0,0,0,0,0,0,0,0
74989,53,bully,2283,1,0,0,27,0,378,0,1,53,72706,2283,0,28,0,0,0,LEADER,1,0,0,27,0,0,0,0,0,0,0,0,0,0,0
75064,92,bully,1438,1,0,0,27,0,378,0,1,92,73626,1438,0,28,0,0,0,LEADER,1,0,0,27,0,0,0,0,0,0,0,0,0,0,0
75500,62,bully,1874,1,0,0,27,0,378,0,1,62,73626,1874,0,28,0,0,0,LEADER,1,0,0,27,0,0,0,0,0,0,0,0,0,0,0
75243,91,bully,1619,1,0,0,27,0,378,0,1,91,73624,1619,0,28,0,0,0,LEADER,1,0,0,27,0,0,0,0,0,0,0,0,0,0,0
75197,15,bully,1571,1,0,0,27,0,378,0,1,15,73626,1571,0,28,0,0,0,LEADER,1,0,0,27,0,0,0,0,0,0,0,0,0,0,0
74867,26,bully,2161,1,0,0,27,0,378,0,1,26,72706,2161,0,28,0,0,0,LEADER,1,0,0,27,0,0,0,0,0,0,0,0,0,0,0
75603,49,bully,1977,1,0,0,27,0,378,0,1,49,73626,1977,0,28,0,0,0,LEADER,1,0,0,27,0,0,0,0,0,0,0,0,0,0,0
75418,58,bully,1792,1,0,0,27,0,378,0,1,58,73626,1792,0,28,0,0,0,LEADER,1,0,0,27,0,0,0,0,0,0,0,0,0,0,0
74952,86,bully,2246,1,0,0,27,0,378,0,1,86,72706,2246,0,28,0,0,0,LEADER,1,0,0,27,0,0,0,0,0,0,0,0,0,0,0
75125,50,bully,2419,1,0,0,27,0,378,0,1,50,72706,2419,0,28,0,0,0,LEADER,1,0,0,27,0,0,0,0,0,0,0,0,0,0,0
74977,85,bully,2268,1,0,0,27,0,378,0,1,85,72709,2268,0,28,0,0,0,LEADER,1,0,0,27,0,0,0,0,0,0,0,0,0,0,0
74916,87,bully,2212,1,0,0,27,0,378,0,1,87,72704,2212,0,28,0,0,0,LEADER,1,0,0,27,0,0,0,0,0,0,0,0,0,0,0
75122,64,bully,2416,1,0,0,27,0,378,0,1,64,72706,2416,0,28,0,0,0,LEADER,1,0,0,27,0,0,0,0,0,0,0,0,0,0,0
75060,18,bully,1434,1,0,0,27,0,378,0,1,18,73626,1434,0,28,0,0,0,LEADER,1,0,0,27,0,0,0,0,0,0,0,0,0,0,0
74971,11,bully,2264,1,0,0,27,0,378,0,1,11,72707,2264,0,28,0,0,0,LEADER,1,0,0,27,0,0,0,0,0,0,0,0,0,0,0
75179,90,bully,1553,1,0,0,27,0,378,0,1,90,73626,1553,0,28,0,0,0,LEADER,1,0,0,27,0,0,0,0,0,0,0,0,0,0,0
75073,35,bully,1447,1,0,0,27,0,378,0,1,35,73626,1447,0,28,0,0,0,LEADER,1,0,0,27,0,0,0,0,0,0,0,0,0,0,0
74955,43,bully,2249,1,0,0,27,0,378,0,1,43,72706,2249,0,28,0,0,0,LEADER,1,0,0,27,0,0,0,0,0,0,0,0,0,0,0
75093,28,bully,1467,1,0,0,27,0,378,0,1,28,73626,1467,0,28,0,0,0,LEADER,1,0,0,27,0,0,0,0,0,0,0,0,0,0,0
75767,23,bully,2141,1,0,0,27,0,378,0,1,23,73626,2141,0,28,0,0,0,LEADER,1,0,0,27,0,0,0,0,0,0,0,0,0,0,0
74933,44,bully,2228,1,0,0,27,0,378,0,1,44,72705,2228,0,28,0,0,0,LEADER,1,0,0,27,0,0,0,0,0,0,0,0,0,0,0
75087,30,bully,1461,1,0,0,27,0,378,0,1,30,73626,1461,0,28,0,0,0,LEADER,1,0,0,27,0,0,0,0,0,0,0,0,0,0,0
75485,94,bully,1859,1,0,0,27,0,378,0,1,94,73626,1859,0,28,0,0,0,LEADER,1,0,0,27,0,0,0,0,0,0,0,0,0,0,0
75127,38,bully,1501,1,0,0,27,0,378,0,1,38,73626,1501,0,28,0,0,0,LEADER,1,0,0,27,0,0,0,0,0,0,0,0,0,0,0
75806,66,bully,2180,1,0,0,27,0,378,0,1,66,73626,2180,0,28,0,0,0,LEADER,1,0,0,27,0,0,0,0,0,0,0,0,0,0,0
75112,70,bully,1486,1,0,0,27,0,378,0,1,70,73626,1486,0,28,0,0,0,LEADER,1,0,0,27,0,0,0,0,0,0,0,0,0,0,0
75757,88,bully,2131,1,0,0,27,0,378,0,1,88,73626,2131,0,28,0,0,0,LEADER,1,0,0,27,0,0,0,0,0,0,0,0,0,0,0
74941,75,bully,2235,1,0,0,27,0,378,0,1,75,72706,2235,0,28,0,0,0,LEADER,1,0,0,27,0,0,0,0,0,0,0,0,0,0,0
74949,12,bully,2243,1,0,0,27,0,378,0,1,12,72706,2243,0,28,0,0,0,LEADER,1,0,0,27,0,0,0,0,0,0,0,0,0,0,0
75651,27,bully,2025,1,0,0,27,0,378,0,1,27,73626,2025,0,28,0,0,0,LEADER,1,0,0,27,0,0,0,0,0,0,0,0,0,0,0
75140,42,bully,1514,1,0,0,27,0,378,0,1,42,73626,1514,0,28,0,0,0,LEADER,1,0,0,27,0,0,0,0,0,0,0,0,0,0,0
75787,24,bully,2161,1,0,0,27,0,378,0,1,24,73626,2161,0,28,0,0,0,LEADER,1,0,0,27,0,0,0,0,0,0,0,0,0,0,0
75739,46,bully,2113,1,0,0,27,0,378,0,1,46,73626,2113,0,28,0,0,0,LEADER,1,0,0,27,0,0,0,0,0,0,0,0,0,0,0
75263,34,bully,1637,1,0,0,27,0,378,0,1,34,73626,1637,0,28,0,0,0,LEADER,1,0,0,27,0,0,0,0,0,0,0,0,0,0,0
75636,59,bully,2010,1,0,0,27,0,378,0,1,59,73626,2010,0,28,0,0,0,LEADER,1,0,0,27,0,0,0,0,0,0,0,0,0,0,0
75918,32,bully,2292,1,0,0,27,0,378,0,1,32,73626,2292,0,28,0,0,0,LEADER,1,0,0,27,0,0,0,0,0,0,0,0,0,0,0
75533,72,bully,1907,1,0,0,27,0,378,0,1,72,73626,1907,0,28,0,0,0,LEADER,1,0,0,27,0,0,0,0,0,0,0,0,0,0,0
75945,63,bully,2316,1,0,0,27,0,378,0,1,63,73629,2316,0,28,0,0,0,LEADER,1,0,0,27,0,0,0,0,0,0,0,0,0,0,0
75418,74,bully,1792,1,0,0,27,0,378,0,1,74,73626,1792,0,28,0,0,0,LEADER,1,0,0,27,0,0,0,0,0,0,0,0,0,0,0
75160,48,bully,1534,1,0,0,27,0,378,0,1,48,73626,1534,0,28,0,0,0,LEADER,1,0,0,27,0,0,0,0,0,0,0,0,0,0,0
75621,57,bully,1995,1,0,0,27,0,378,0,1,57,73626,1995,0,28,0,0,0,LEADER,1,0,0,27,0,0,0,0,0,0,0,0,0,0,0
75691,68,bully,2065,1,0,0,27,0,378,0,1,68,73626,2065,0,28,0,0,0,LEADER,1,0,0,27,0,0,0,0,0,0,0,0,0,0,0
75092,45,bully,1466,1,0,0,27,0,378,0,1,45,73626,1466,0,28,0,0,0,LEADER,1,0,0,27,0,0,0,0,0,0,0,0,0,0,0
75449,93,bully,1823,1,0,0,27,0,378,0,1,93,73626,1823,0,28,0,0,0,LEADER,1,0,0,27,0,0,0,0,0,0,0,0,0,0,0
76030,82,bully,2404,1,0,0,27,0,378,0,1,82,73626,2404,0,28,0,0,0,LEADER,1,0,0,27,0,0,0,0,0,0,0,0,0,0,0
76024,51,bully,2398,1,0,0,27,0,378,0,1,51,73626,2398,0,28,0,0,0,LEADER,1,0,0,27,0,0,0,0,0,0,0,0,0,0,0
75569,39,bully,1943,1,0,0,27,0,378,0,1,39,73626,1943,0,28,0,0,0,LEADER,1,0,0,27,0,0,0,0,0,0,0,0,0,0,0
75315,78,bully,1689,1,0,0,27,0,378,0,1,78,73626,1689,0,28,0,0,0,LEADER,1,0,0,27,0,0,0,0,0,0,0,0,0,0,0
75703,79,bully,2077,1,0,0,27,0,378,0,1,79,73626,2077,0,28,0,0,0,LEADER,1,0,0,27,0,0,0,0,0,0,0,0,0,0,0
75278,14,bully,1652,1,0,0,27,0,378,0,1,14,73626,1652,0,28,0,0,0,LEADER,1,0,0,27,0,0,0,0,0,0,0,0,0,0,0
75705,36,bully,2080,1,0,0,27,0,378,0,1,36,73625,2080,0,28,0,0,0,LEADER,1,0,0,27,0,0,0,0,0,0,0,0,0,0,0
75588,81,bully,1962,1,0,0,27,0,378,0,1,81,73626,1962,0,28,0,0,0,LEADER,1,0,0,27,0,0,0,0,0,0,0,0,0,0,0
75248,67,bully,1622,1,0,0,27,0,378,0,1,67,73626,1622,0,28,0,0,0,LEADER,1,0,0,27,0,0,0,0,0,0,0,0,0,0,0
76009,83,bully,2383,1,0,0,27,0,378,0,1,83,73626,2383,0,28,0,0,0,LEADER,1,0,0,27,0,0,0,0,0,0,0,0,0,0,0
76154,99,bully,1607,1,0,0,28,0,392,0,1,99,74547,1607,0,29,0,0,0,LEADER,1,0,0,28,0,0,0,0,0,0,0,0,0,0,0
75330,55,bully,1704,1,0,0,27,0,378,0,1,55,73626,1704,0,28,0,0,0,LEADER,1,0,0,27,0,0,0,0,0,0,0,0,0,0,0
76121,89,bully,1574,1,0,0,28,0,392,0,1,89,74547,1574,0,29,0,0,0,LEADER,1,0,0,28,0,0,0,0,0,0,0,0,0,0,0
75282,77,bully,1656,1,0,0,27,0,378,0,1,77,73626,1656,0,28,0,0,0,LEADER,1,0,0,27,0,0,0,0,0,0,0,0,0,0,0
75554,71,bully,1928,1,0,0,27,0,378,0,1,71,73626,1928,0,28,0,0,0,LEADER,1,0,0,27,0,0,0,0,0,0,0,0,0,0,0
75466,52,bully,1840,1,0,0,27,0,378,0,1,52,73626,1840,0,28,0,0,0,LEADER,1,0,0,27,0,0,0,0,0,0,0,0,0,0,0
75836,76,bully,2213,1,0,0,27,0,378,0,1,76,73623,2213,0,28,0,0,0,LEADER,1,0,0,27,0,0,0,0,0,0,0,0,0,0,0
75433,10,bully,1807,1,0,0,27,0,378,0,1,10,73626,1807,0,28,0,0,0,LEADER,1,0,0,27,0,0,0,0,0,0,0,0,0,0,0
75366,22,bully,1740,1,0,0,27,0,378,0,1,22,73626,1740,0,28,0,0,0,LEADER,1,0,0,27,0,0,0,0,0,0,0,0,0,0,0
75514,21,bully,1889,1,0,0,27,0,378,0,1,21,73625,1889,0,28,0,0,0,LEADER,1,0,0,27,0,0,0,0,0,0,0,0,0,0,0
75772,56,bully,2146,1,0,0,27,0,378,0,1,56,73626,2146,0,28,0,0,0,LEADER,1,0,0,27,0,0,0,0,0,0,0,0,0,0,0
75297,60,bully,1671,1,0,0,27,0,378,0,1,60,73626,1671,0,28,0,0,0,LEADER,1,0,0,27,0,0,0,0,0,0,0,0,0,0,0
76151,25,bully,1604,1,0,0,28,0,392,0,1,25,74547,1604,0,29,0,0,0,LEADER,1,0,0,28,0,0,0,0,0,0,0,0,0,0,0
75363,65,bully,1737,1,0,0,27,0,378,0,1,65,73626,1737,0,28,0,0,0,LEADER,1,0,0,27,0,0,0,0,0,0,0,0,0,0,0
76039,19,bully,2413,1,0,0,27,0,378,0,1,19,73626,2413,0,28,0,0,0,LEADER,1,0,0,27,0,0,0,0,0,0,0,0,0,0,0
75669,69,bully,2043,1,0,0,27,0,378,0,1,69,73626,2043,0,28,0,0,0,LEADER,1,0,0,27,0,0,0,0,0,0,0,0,0,0,0
76272,54,bully,1725,1,0,0,28,0,392,0,1,54,74547,1725,0,29,0,0,0,LEADER,1,0,0,28,0,0,0,0,0,0,0,0,0,0,0
75618,17,bully,1992,1,0,0,27,0,378,0,1,17,73626,1992,0,28,0,0,0,LEADER,1,0,0,27,0,0,0,0,0,0,0,0,0,0,0
76133,100,bully,1586,1,0,0,28,0,392,0,1,100,74547,1586,0,29,0,0,0,LEADER,1,0,0,28,0,0,0,0,0,0,0,0,0,0,0
76096,16,bully,1549,1,0,0,28,0,392,0,1,16,74547,1549,0,29,0,0,0,LEADER,1,0,0,28,0,0,0,0,0,0,0,0,0,0,0
75684,37,bully,2058,1,0,0,27,0,378,0,1,37,73626,2058,0,28,0,0,0,LEADER,1,0,0,27,0,0,0,0,0,0,0,0,0,0,0
76321,13,bully,1774,1,0,0,28,0,392,0,1,13,74547,1774,0,29,0,0,0,LEADER,1,0,0,28,0,0,0,0,0,0,0,0,0,0,0
75481,20,bully,1855,1,0,0,27,0,378,0,1,20,73626,1855,0,28,0,0,0,LEADER,1,0,0,27,0,0,0,0,0,0,0,0,0,0,0
76114,41,bully,1567,1,0,0,28,0,392,0,1,41,74547,1567,0,29,0,0,0,LEADER,1,0,0,28,0,0,0,0,0,0,0,0,0,0,0
75968,1,bully,2293,1,0,0,8,8,112,112,1,1,73675,2293,0,7,0,0,0,LEADER,1,0,0,8,0,0,0,8,0,0,0,0,0,0,0
76103,47,bully,1556,1,0,0,28,0,392,0,1,47,74547,1556,0,29,0,0,0,LEADER,1,0,0,28,0,0,0,0,0,0,0,0,0,0,0
75928,95,bully,2301,1,0,0,27,0,378,0,1,95,73627,2301,0,28,0,0,0,LEADER,1,0,0,27,0,0,0,0,0,0,0,0,0,0,0
75791,98,bully,2165,1,0,0,27,0,378,0,1,98,73626,2165,0,28,0,0,0,LEADER,1,0,0,27,0,0,0,0,0,0,0,0,0,0,0
75975,73,bully,2349,1,0,0,27,0,378,0,1,73,73626,2349,0,28,0,0,0,LEADER,1,0,0,27,0,0,0,0,0,0,0,0,0,0,0
75521,61,bully,1895,1,0,0,27,0,378,0,1,61,73626,1895,0,28,0,0,0,LEADER,1,0,0,27,0,0,0,0,0,0,0,0,0,0,0
76269,97,bully,1722,1,0,0,28,0,392,0,1,97,74547,1722,0,29,0,0,0,LEADER,1,0,0,28,0,0,0,0,0,0,0,0,0,0,0
76299,33,bully,1752,1,0,0,28,0,392,0,1,33,74547,1752,0,29,0,0,0,LEADER,1,0,0,28,0,0,0,0,0,0,0,0,0,0,0
75957,31,bully,2331,1,0,0,27,0,378,0,1,31,73626,2331,0,28,0,0,0,LEADER,1,0,0,27,0,0,0,0,0,0,0,0,0,0,0
76457,29,bully,1910,1,0,0,28,0,392,0,1,29,74547,1910,0,29,0,0,0,LEADER,1,0,0,28,0,0,0,0,0,0,0,0,0,0,0
76469,40,bully,1922,1,0,0,28,0,392,0,1,40,74547,1922,0,29,0,0,0,LEADER,1,0,0,28,0,0,0,0,0,0,0,0,0,0,0
76289,96,bully,1744,1,0,0,28,0,392,0,1,96,74545,1744,0,29,0,0,0,LEADER,1,0,0,28,0,0,0,0,0,0,0,0,0,0,0
76372,84,bully,1825,1,0,0,28,0,392,0,1,84,74547,1825,0,29,0,0,0,LEADER,1,0,0,28,0,0,0,0,0,0,0,0,0,0,0
76066,80,bully,1519,1,0,0,28,0,392,0,1,80,74547,1519,0,29,0,0,0,LEADER,1,0,0,28,0,0,0,0,0,0,0,0,0,0,0
75909,53,bully,2283,1,0,0,27,0,378,0,1,53,73626,2283,0,28,0,0,0,LEADER,1,0,0,27,0,0,0,0,0,0,0,0,0,0,0
75985,92,bully,1438,1,0,0,28,0,392,0,1,92,74547,1438,0,29,0,0,0,LEADER,1,0,0,28,0,0,0,0,0,0,0,0,0,0,0
76421,62,bully,1874,1,0,0,28,0,392,0,1,62,74547,1874,0,29,0,0,0,LEADER,1,0,0,28,0,0,0,0,0,0,0,0,0,0,0
76163,91,bully,1619,1,0,0,28,0,392,0,1,91,74544,1619,0,29,0,0,0,LEADER,1,0,0,28,0,0,0,0,0,0,0,0,0,0,0
76118,15,bully,1571,1,0,0,28,0,392,0,1,15,74547,1571,0,29,0,0,0,LEADER,1,0,0,28,0,0,0,0,0,0,0,0,0,0,0
75787,26,bully,2161,1,0,0,27,0,378,0,1,26,73626,2161,0,28,0,0,0,LEADER,1,0,0,27,0,0,0,0,0,0,0,0,0,0,0
76524,49,bully,1977,1,0,0,28,0,392,0,1,49,74547,1977,0,29,0,0,0,LEADER,1,0,0,28,0,0,0,0,0,0,0,0,0,0,0
76339,58,bully,1792,1,0,0,28,0,392,0,1,58,74547,1792,0,29,0,0,0,LEADER,1,0,0,28,0,0,0,0,0,0,0,0,0,0,0
75872,86,bully,2246,1,0,0,27,0,378,0,1,86,73626,2246,0,28,0,0,0,LEADER,1,0,0,27,0,0,0,0,0,0,0,0,0,0,0
76045,50,bully,2419,1,0,0,27,0,378,0,1,50,73626,2419,0,28,0,0,0,LEADER,1,0,0,27,0,0,0,0,0,0,0,0,0,0,0
75897,85,bully,2268,1,0,0,27,0,378,0,1,85,73629,2268,0,28,0,0,0,LEADER,1,0,0,27,0,0,0,0,0,0,0,0,0,0,0
75836,87,bully,2212,1,0,0,27,0,378,0,1,87,73624,2212,0,28,0,0,0,LEADER,1,0,0,27,0,0,0,0,0,0,0,0,0,0,0
76042,64,bully,2416,1,0,0,27,0,378,0,1,64,73626,2416,0,28,0,0,0,LEADER,1,0,0,27,0,0,0,0,0,0,0,0,0,0,0
75891,11,bully,2264,1,0,0,27,0,378,0,1,11,73627,2264,0,28,0,0,0,LEADER,1,0,0,27,0,0,0,0,0,0,0,0,0,0,0
75981,18,bully,1434,1,0,0,28,0,392,0,1,18,74547,1434,0,29,0,0,0,LEADER,1,0,0,28,0,0,0,0,0,0,0,0,0,0,0
76100,90,bully,1553,1,0,0,28,0,392,0,1,90,74547,1553,0,29,0,0,0,LEADER,1,0,0,28,0,0,0,0,0,0,0,0,0,0,0
75994,35,bully,1447,1,0,0,28,0,392,0,1,35,74547,1447,0,29,0,0,0,LEADER,1,0,0,28,0,0,0,0,0,0,0,0,0,0,0
75875,43,bully,2249,1,0,0,27,0,378,0,1,43,73626,2249,0,28,0,0,0,LEADER,1,0,0,27,0,0,0,0,0,0,0,0,0,0,0
76014,28,bully,1467,1,0,0,28,0,392,0,1,28,74547,1467,0,29,0,0,0,LEADER,1,0,0,28,0,0,0,0,0,0,0,0,0,0,0
75853,44,bully,2228,1,0,0,27,0,378,0,1,44,73625,2228,0,28,0,0,0,LEADER,1,0,0,27,0,0,0,0,0,0,0,0,0,0,0
76688,23,bully,2141,1,0,0,28,0,392,0,1,23,74547,2141,0,29,0,0,0,LEADER,1,0,0,28,0,0,0,0,0,0,0,0,0,0,0
76008,30,bully,1461,1,0,0,28,0,392,0,1,30,74547,1461,0,29,0,0,0,LEADER,1,0,0,28,0,0,0,0,0,0,0,0,0,0,0
76406,94,bully,1859,1,0,0,28,0,392,0,1,94,74547,1859,0,29,0,0,0,LEADER,1,0,0,28,0,0,0,0,0,0,0,0,0,0,0
76048,38,bully,1501,1,0,0,28,0,392,0,1,38,74547,1501,0,29,0,0,0,LEADER,1,0,0,28,0,0,0,0,0,0,0,0,0,0,0
76727,66,bully,2180,1,0,0,28,0,392,0,1,66,74547,2180,0,29,0,0,0,LEADER,1,0,0,28,0,0,0,0,0,0,0,0,0,0,0
76033,70,bully,1486,1,0,0,28,0,392,0,1,70,74547,1486,0,29,0,0,0,LEADER,1,0,0,28,0,0,0,0,0,0,0,0,0,0,0
76678,88,bully,2131,1,0,0,28,0,392,0,1,88,74547,2131,0,29,0,0,0,LEADER,1,0,0,28,0,0,0,0,0,0,0,0,0,0,0
75861,75,bully,2235,1,0,0,27,0,378,0,1,75,73626,2235,0,28,0,0,0,LEADER,1,0,0,27,0,0,0,0,0,0,0,0,0,0,0
75869,12,bully,2243,1,0,0,27,0,378,0,1,12,73626,2243,0,28,0,0,0,LEADER,1,0,0,27,0,0,0,0,0,0,0,0,0,0,0
76572,27,bully,2025,1,0,0,28,0,392,0,1,27,74547,2025,0,29,0,0,0,LEADER,1,0,0,28,0,0,0,0,0,0,0,0,0,0,0
76061,42,bully,1514,1,0,0,28,0,392,0,1,42,74547,1514,0,29,0,0,0,LEADER,1,0,0,28,0,0,0,0,0,0,0,0,0,0,0
76708,24,bully,2161,1,0,0,28,0,392,0,1,24,74547,2161,0,29,0,0,0,LEADER,1,0,0,28,0,0,0,0,0,0,0,0,0,0,0
76660,46,bully,2113,1,0,0,28,0,392,0,1,46,74547,2113,0,29,0,0,0,LEADER,1,0,0,28,0,0,0,0,0,0,0,0,0,0,0
76184,34,bully,1637,1,0,0,28,0,392,0,1,34,74547,1637,0,29,0,0,0,LEADER,1,0,0,28,0,0,0,0,0,0,0,0,0,0,0
76557,59,bully,2010,1,0,0,28,0,392,0,1,59,74547,2010,0,29,0,0,0,LEADER,1,0,0,28,0,0,0,0,0,0,0,0,0,0,0
76839,32,bully,2292,1,0,0,28,0,392,0,1,32,74547,2292,0,29,0,0,0,LEADER,1,0,0,28,0,0,0,0,0,0,0,0,0,0,0
76454,72,bully,1907,1,0,0,28,0,392,0,1,72,74547,1907,0,29,0,0,0,LEADER,1,0,0,28,0,0,0,0,0,0,0,0,0,0,0
76866,63,bully,2316,1,0,0,28,0,392,0,1,63,74550,2316,0,29,0,0,0,LEADER,1,0,0,28,0,0,0,0,0,0,0,0,0,0,0
76339,74,bully,1792,1,0,0,28,0,392,0,1,74,74547,1792,0,29,0,0,0,LEADER,1,0,0,28,0,0,0,0,0,0,0,0,0,0,0
76081,48,bully,1534,1,0,0,28,0,392,0,1,48,74547,1534,0,29,0,0,0,LEADER,1,0,0,28,0,0,0,0,0,0,0,0,0,0,0
76542,57,bully,1995,1,0,0,28,0,392,0,1,57,74547,1995,0,29,0,0,0,LEADER,1,0,0,28,0,0,0,0,0,0,0,0,0,0,0
76612,68,bully,2065,1,0,0,28,0,392,0,1,68,74547,2065,0,29,0,0,0,LEADER,1,0,0,28,0,0,0,0,0,0,0,0,0,0,0
76013,45,bully,1466,1,0,0,28,0,392,0,1,45,74547,1466,0,29,0,0,0,LEADER,1,0,0,28,0,0,0,0,0,0,0,0,0,0,0
76370,93,bully,1823,1,0,0,28,0,392,0,1,93,74547,1823,0,29,0,0,0,LEADER,1,0,0,28,0,0,0,0,0,0,0,0,0,0,0
76951,82,bully,2404,1,0,0,28,0,392,0,1,82,74547,2404,0,29,0,0,0,LEADER,1,0,0,28,0,0,0,0,0,0,0,0,0,0,0
76945,51,bully,2398,1,0,0,28,0,392,0,1,51,74547,2398,0,29,0,0,0,LEADER,1,0,0,28,0,0,0,0,0,0,0,0,0,0,0
76490,39,bully,1943,1,0,0,28,0,392,0,1,39,74547,1943,0,29,0,0,0,LEADER,1,0,0,28,0,0,0,0,0,0,0,0,0,0,0
76236,78,bully,1689,1,0,0,28,0,392,0,1,78,74547,1689,0,29,0,0,0,LEADER,1,0,0,28,0,0,0,0,0,0,0,0,0,0,0
76624,79,bully,2077,1,0,0,28,0,392,0,1,79,74547,2077,0,29,0,0,0,LEADER,1,0,0,28,0,0,0,0,0,0,0,0,0,0,0
76199,14,bully,1652,1,0,0,28,0,392,0,1,14,74547,1652,0,29,0,0,0,LEADER,1,0,0,28,0,0,0,0,0,0,0,0,0,0,0
76626,36,bully,2080,1,0,0,28,0,392,0,1,36,74546,2080,0,29,0,0,0,LEADER,1,0,0,28,0,0,0,0,0,0,0,0,0,0,0
76509,81,bully,1962,1,0,0,28,0,392,0,1,81,74547,1962,0,29,0,0,0,LEADER,1,0,0,28,0,0,0,0,0,0,0,0,0,0,0
76169,67,bully,1622,1,0,0,28,0,392,0,1,67,74547,1622,0,29,0,0,0,LEADER,1,0,0,28,0,0,0,0,0,0,0,0,0,0,0
76930,83,bully,2383,1,0,0,28,0,392,0,1,83,74547,2383,0,29,0,0,0,LEADER,1,0,0,28,0,0,0,0,0,0,0,0,0,0,0
77074,99,bully,1607,1,0,0,28,0,392,0,1,99,75467,1607,0,29,0,0,0,LEADER,1,0,0,28,0,0,0,0,0,0,0,0,0,0,0
76251,55,bully,1704,1,0,0,28,0,392,0,1,55,74547,1704,0,29,0,0,0,LEADER,1,0,0,28,0,0,0,0,0,0,0,0,0,0,0
77041,89,bully,1574,1,0,0,28,0,392,0,1,89,75467,1574,0,29,0,0,0,LEADER,1,0,0,28,0,0,0,0,0,0,0,0,0,0,0
76203,77,bully,1656,1,0,0,28,0,392,0,1,77,74547,1656,0,29,0,0,0,LEADER,1,0,0,28,0,0,0,0,0,0,0,0,0,0,0
76475,71,bully,1928,1,0,0,28,0,392,0,1,71,74547,1928,0,29,0,0,0,LEADER,1,0,0,28,0,0,0,0,0,0,0,0,0,0,0
76387,52,bully,1840,1,0,0,28,0,392,0,1,52,74547,1840,0,29,0,0,0,LEADER,1,0,0,28,0,0,0,0,0,0,0,0,0,0,0
76757,76,bully,2213,1,0,0,28,0,392,0,1,76,74544,2213,0,29,0,0,0,LEADER,1,0,0,28,0,0,0,0,0,0,0,0,0,0,0
76354,10,bully,1807,1,0,0,28,0,392,0,1,10,74547,1807,0,29,0,0,0,LEADER,1,0,0,28,0,0,0,0,0,0,0,0,0,0,0
76287,22,bully,1740,1,0,0,28,0,392,0,1,22,74547,1740,0,29,0,0,0,LEADER,1,0,0,28,0,0,0,0,0,0,0,0,0,0,0
76435,21,bully,1889,1,0,0,28,0,392,0,1,21,74546,1889,0,29,0,0,0,LEADER,1,0,0,28,0,0,0,0,0,0,0,0,0,0,0
76693,56,bully,2146,1,0,0,28,0,392,0,1,56,74547,2146,0,29,0,0,0,LEADER,1,0,0,28,0,0,0,0,0,0,0,0,0,0,0
76218,60,bully,1671,1,0,0,28,0,392,0,1,60,74547,1671,0,29,0,0,0,LEADER,1,0,0,28,0,0,0,0,0,0,0,0,0,0,0
77071,25,bully,1604,1,0,0,28,0,392,0,1,25,75467,1604,0,29,0,0,0,LEADER,1,0,0,28,0,0,0,0,0,0,0,0,0,0,0
76284,65,bully,1737,1,0,0,28,0,392,0,1,65,74547,1737,0,29,0,0,0,LEADER,1,0,0,28,0,0,0,0,0,0,0,0,0,0,0
76960,19,bully,2413,1,0,0,28,0,392,0,1,19,74547,2413,0,29,0,0,0,LEADER,1,0,0,28,0,0,0,0,0,0,0,0,0,0,0
76590,69,bully,2043,1,0,0,28,0,392,0,1,69,74547,2043,0,29,0,0,0,LEADER,1,0,0,28,0,0,0,0,0,0,0,0,0,0,0
77192,54,bully,1725,1,0,0,28,0,392,0,1,54,75467,1725,0,29,0,0,0,LEADER,1,0,0,28,0,0,0,0,0,0,0,0,0,0,0
76539,17,bully,1992,1,0,0,28,0,392,0,1,17,74547,1992,0,29,0,0,0,LEADER,1,0,0,28,0,0,0,0,0,0,0,0,0,0,0
77053,100,bully,1586,1,0,0,28,0,392,0,1,100,75467,1586,0,29,0,0,0,LEADER,1,0,0,28,0,0,0,0,0,0,0,0,0,0,0
77016,16,bully,1549,1,0,0,28,0,392,0,1,16,75467,1549,0,29,0,0,0,LEADER,1,0,0,28,0,0,0,0,0,0,0,0,0,0,0
76605,37,bully,2058,1,0,0,28,0,392,0,1,37,74547,2058,0,29,0,0,0,LEADER,1,0,0,28,0,0,0,0,0,0,0,0,0,0,0
77241,13,bully,1774,1,0,0,28,0,392,0,1,13,75467,1774,0,29,0,0,0,LEADER,1,0,0,28,0,0,0,0,0,0,0,0,0,0,0
76402,20,bully,1855,1,0,0,28,0,392,0,1,20,74547,1855,0,29,0,0,0,LEADER,1,0,0,28,0,0,0,0,0,0,0,0,0,0,0
77034,41,bully,1567,1,0,0,28,0,392,0,1,41,75467,1567,0,29,0,0,0,LEADER,1,0,0,28,0,0,0,0,0,0,0,0,0,0,0
77023,47,bully,1556,1,0,0,28,0,392,0,1,47,75467,1556,0,29,0,0,0,LEADER,1,0,0,28,0,0,0,0,0,0,0,0,0,0,0
76849,95,bully,2301,1,0,0,28,0,392,0,1,95,74548,2301,0,29,0,0,0,LEADER,1,0,0,28,0,0,0,0,0,0,0,0,0,0,0
76712,98,bully,2165,1,0,0,28,0,392,0,1,98,74547,2165,0,29,0,0,0,LEADER,1,0,0,28,0,0,0,0,0,0,0,0,0,0,0
76896,73,bully,2349,1,0,0,28,0,392,0,1,73,74547,2349,0,29,0,0,0,LEADER,1,0,0,28,0,0,0,0,0,0,0,0,0,0,0
77219,33,bully,1752,1,0,0,28,0,392,0,1,33,75467,1752,0,29,0,0,0,LEADER,1,0,0,28,0,0,0,0,0,0,0,0,0,0,0
77189,97,bully,1722,1,0,0,28,0,392,0,1,97,75467,1722,0,29,0,0,0,LEADER,1,0,0,28,0,0,0,0,0,0,0,0,0,0,0
76442,61,bully,1895,1,0,0,28,0,392,0,1,61,74547,1895,0,29,0,0,0,LEADER,1,0,0,28,0,0,0,0,0,0,0,0,0,0,0
77377,29,bully,1910,1,0,0,28,0,392,0,1,29,75467,1910,0,29,0,0,0,LEADER,1,0,0,28,0,0,0,0,0,0,0,0,0,0,0
77389,40,bully,1922,1,0,0,28,0,392,0,1,40,75467,1922,0,29,0,0,0,LEADER,1,0,0,28,0,0,0,0,0,0,0,0,0,0,0
76878,31,bully,2331,1,0,0,28,0,392,0,1,31,74547,2331,0,29,0,0,0,LEADER,1,0,0,28,0,0,0,0,0,0,0,0,0,0,0
77209,96,bully,1744,1,0,0,28,0,392,0,1,96,75465,1744,0,29,0,0,0,LEADER,1,0,0,28,0,0,0,0,0,0,0,0,0,0,0
77292,84,bully,1825,1,0,0,28,0,392,0,1,84,75467,1825,0,29,0,0,0,LEADER,1,0,0,28,0,0,0,0,0,0,0,0,0,0,0
76986,80,bully,1519,1,0,0,28,0,392,0,1,80,75467,1519,0,29,0,0,0,LEADER,1,0,0,28,0,0,0,0,0,0,0,0,0,0,0
76830,53,bully,2283,1,0,0,28,0,392,0,1,53,74547,2283,0,29,0,0,0,LEADER,1,0,0,28,0,0,0,0,0,0,0,0,0,0,0
76905,92,bully,1438,1,0,0,28,0,392,0,1,92,75467,1438,0,29,0,0,0,LEADER,1,0,0,28,0,0,0,0,0,0,0,0,0,0,0
77341,62,bully,1874,1,0,0,28,0,392,0,1,62,75467,1874,0,29,0,0,0,LEADER,1,0,0,28,0,0,0,0,0,0,0,0,0,0,0
77083,91,bully,1619,1,0,0,28,0,392,0,1,91,75464,1619,0,29,0,0,0,LEADER,1,0,0,28,0,0,0,0,0,0,0,0,0,0,0
77038,15,bully,1571,1,0,0,28,0,392,0,1,15,75467,1571,0,29,0,0,0,LEADER,1,0,0,28,0,0,0,0,0,0,0,0,0,0,0
76708,26,bully,2161,1,0,0,28,0,392,0,1,26,74547,2161,0,29,0,0,0,LEADER,1,0,0,28,0,0,0,0,0,0,0,0,0,0,0
77444,49,bully,1977,1,0,0,28,0,392,0,1,49,75467,1977,0,29,0,0,0,LEADER,1,0,0,28,0,0,0,0,0,0,0,0,0,0,0
77259,58,bully,1792,1,0,0,28,0,392,0,1,58,75467,1792,0,29,0,0,0,LEADER,1,0,0,28,0,0,0,0,0,0,0,0,0,0,0
76793,86,bully,2246,1,0,0,28,0,392,0,1,86,74547,2246,0,29,0,0,0,LEADER,1,0,0,28,0,0,0,0,0,0,0,0,0,0,0
76966,50,bully,2419,1,0,0,28,0,392,0,1,50,74547,2419,0,29,0,0,0,LEADER,1,0,0,28,0,0,0,0,0,0,0,0,0,0,0
76818,85,bully,2268,1,0,0,28,0,392,0,1,85,74550,2268,0,29,0,0,0,LEADER,1,0,0,28,0,0,0,0,0,0,0,0,0,0,0
76757,87,bully,2212,1,0,0,28,0,392,0,1,87,74545,2212,0,29,0,0,0,LEADER,1,0,0,28,0,0,0,0,0,0,0,0,0,0,0
76963,64,bully,2416,1,0,0,28,0,392,0,1,64,74547,2416,0,29,0,0,0,LEADER,1,0,0,28,0,0,0,0,0,0,0,0,0,0,0
76901,18,bully,1434,1,0,0,28,0,392,0,1,18,75467,1434,0,29,0,0,0,LEADER,1,0,0,28,0,0,0,0,0,0,0,0,0,0,0
76812,11,bully,2264,1,0,0,28,0,392,0,1,11,74548,2264,0,29,0,0,0,LEADER,1,0,0,28,0,0,0,0,0,0,0,0,0,0,0
77020,90,bully,1553,1,0,0,28,0,392,0,1,90,75467,1553,0,29,0,0,0,LEADER,1,0,0,28,0,0,0,0,0,0,0,0,0,0,0
76914,35,bully,1447,1,0,0,28,0,392,0,1,35,75467,1447,0,29,0,0,0,LEADER,1,0,0,28,0,0,0,0,0,0,0,0,0,0,0
76796,43,bully,2249,1,0,0,28,0,392,0,1,43,74547,2249,0,29,0,0,0,LEADER,1,0,0,28,0,0,0,0,0,0,0,0,0,0,0
76934,28,bully,1467,1,0,0,28,0,392,0,1,28,75467,1467,0,29,0,0,0,LEADER,1,0,0,28,0,0,0,0,0,0,0,0,0,0,0
77608,23,bully,2141,1,0,0,28,0,392,0,1,23,75467,2141,0,29,0,0,0,LEADER,1,0,0,28,0,0,0,0,0,0,0,0,0,0,0
76774,44,bully,2228,1,0,0,28,0,392,0,1,44,74546,2228,0,29,0,0,0,LEADER,1,0,0,28,0,0,0,0,0,0,0,0,0,0,0
76928,30,bully,1461,1,0,0,28,0,392,0,1,30,75467,1461,0,29,0,0,0,LEADER,1,0,0,28,0,0,0,0,0,0,0,0,0,0,0
77326,94,bully,1859,1,0,0,28,0,392,0,1,94,75467,1859,0,29,0,0,0,LEADER,1,0,0,28,0,0,0,0,0,0,0,0,0,0,0
76968,38,bully,1501,1,0,0,28,0,392,0,1,38,75467,1501,0,29,0,0,0,LEADER,1,0,0,28,0,0,0,0,0,0,0,0,0,0,0
77647,66,bully,2180,1,0,0,28,0,392,0,1,66,75467,2180,0,29,0,0,0,LEADER,1,0,0,28,0,0,0,0,0,0,0,0,0,0,0
76953,70,bully,1486,1,0,0,28,0,392,0,1,70,75467,1486,0,29,0,0,0,LEADER,1,0,0,28,0,0,0,0,0,0,0,0,0,0,0
77598,88,bully,2131,1,0,0,28,0,392,0,1,88,75467,2131,0,29,0,0,0,LEADER,1,0,0,28,0,0,0,0,0,0,0,0,0,0,0
76782,75,bully,2235,1,0,0,28,0,392,0,1,75,74547,2235,0,29,0,0,0,LEADER,1,0,0,28,0,0,0,0,0,0,0,0,0,0,0
76790,12,bully,2243,1,0,0,28,0,392,0,1,12,74547,2243,0,29,0,0,0,LEADER,1,0,0,28,0,0,0,0,0,0,0,0,0,0,0
77492,27,bully,2025,1,0,0,28,0,392,0,1,27,75467,2025,0,29,0,0,0,LEADER,1,0,0,28,0,0,0,0,0,0,0,0,0,0,0
76981,42,bully,1514,1,0,0,28,0,392,0,1,42,75467,1514,0,29,0,0,0,LEADER,1,0,0,28,0,0,0,0,0,0,0,0,0,0,0
77628,24,bully,2161,1,0,0,28,0,392,0,1,24,75467,2161,0,29,0,0,0,LEADER,1,0,0,28,0,0,0,0,0,0,0,0,0,0,0
77580,46,bully,2113,1,0,0,28,0,392,0,1,46,75467,2113,0,29,0,0,0,LEADER,1,0,0,28,0,0,0,0,0,0,0,0,0,0,0
77104,34,bully,1637,1,0,0,28,0,392,0,1,34,75467,1637,0,29,0,0,0,LEADER,1,0,0,28,0,0,0,0,0,0,0,0,0,0,0
77477,59,bully,2010,1,0,0,28,0,392,0,1,59,75467,2010,0,29,0,0,0,LEADER,1,0,0,28,0,0,0,0,0,0,0,0,0,0,0
77759,32,bully,2292,1,0,0,28,0,392,0,1,32,75467,2292,0,29,0,0,0,LEADER,1,0,0,28,0,0,0,0,0,0,0,0,0,0,0
77374,72,bully,1907,1,0,0,28,0,392,0,1,72,75467,1907,0,29,0,0,0,LEADER,1,0,0,28,0,0,0,0,0,0,0,0,0,0,0
77786,63,bully,2316,1,0,0,28,0,392,0,1,63,75470,2316,0,29,0,0,0,LEADER,1,0,0,28,0,0,0,0,0,0,0,0,0,0,0
77259,74,bully,1792,1,0,0,28,0,392,0,1,74,75467,1792,0,29,0,0,0,LEADER,1,0,0,28,0,0,0,0,0,0,0,0,0,0,0
77001,48,bully,1534,1,0,0,28,0,392,0,1,48,75467,1534,0,29,0,0,0,LEADER,1,0,0,28,0,0,0,0,0,0,0,0,0,0,0
77462,57,bully,1995,1,0,0,28,0,392,0,1,57,75467,1995,0,29,0,0,0,LEADER,1,0,0,28,0,0,0,0,0,0,0,0,0,0,0
77532,68,bully,2065,1,0,0,28,0,392,0,1,68,75467,2065,0,29,0,0,0,LEADER,1,0,0,28,0,0,0,0,0,0,0,0,0,0,0
76933,45,bully,1466,1,0,0,28,0,392,0,1,45,75467,1466,0,29,0,0,0,LEADER,1,0,0,28,0,0,0,0,0,0,0,0,0,0,0
77290,93,bully,1823,1,0,0,28,0,392,0,1,93,75467,1823,0,29,0,0,0,LEADER,1,0,0,28,0,0,0,0,0,0,0,0,0,0,0
77871,82,bully,2404,1,0,0,28,0,392,0,1,82,75467,2404,0,29,0,0,0,LEADER,1,0,0,28,0,0,0,0,0,0,0,0,0,0,0
77865,51,bully,2398,1,0,0,28,0,392,0,1,51,75467,2398,0,29,0,0,0,LEADER,1,0,0,28,0,0,0,0,0,0,0,0,0,0,0
77410,39,bully,1943,1,0,0,28,0,392,0,1,39,75467,1943,0,29,0,0,0,LEADER,1,0,0,28,0,0,0,0,0,0,0,0,0,0,0
77156,78,bully,1689,1,0,0,28,0,392,0,1,78,75467,1689,0,29,0,0,0,LEADER,1,0,0,28,0,0,0,0,0,0,0,0,0,0,0
77544,79,bully,2077,1,0,0,28,0,392,0,1,79,75467,2077,0,29,0,0,0,LEADER,1,0,0,28,0,0,0,0,0,0,0,0,0,0,0
77119,14,bully,1652,1,0,0,28,0,392,0,1,14,75467,1652,0,29,0,0,0,LEADER,1,0,0,28,0,0,0,0,0,0,0,0,0,0,0
77546,36,bully,2080,1,0,0,28,0,392,0,1,36,75466,2080,0,29,0,0,0,LEADER,1,0,0,28,0,0,0,0,0,0,0,0,0,0,0
77429,81,bully,1962,1,0,0,28,0,392,0,1,81,75467,1962,0,29,0,0,0,LEADER,1,0,0,28,0,0,0,0,0,0,0,0,0,0,0
77089,67,bully,1622,1,0,0,28,0,392,0,1,67,75467,1622,0,29,0,0,0,LEADER,1,0,0,28,0,0,0,0,0,0,0,0,0,0,0
77850,83,bully,2383,1,0,0,28,0,392,0,1,83,75467,2383,0,29,0,0,0,LEADER,1,0,0,28,0,0,0,0,0,0,0,0,0,0,0
77994,99,bully,1607,1,0,0,28,0,392,0,1,99,76387,1607,0,29,0,0,0,LEADER,1,0,0,28,0,0,0,0,0,0,0,0,0,0,0
77171,55,bully,1704,1,0,0,28,0,392,0,1,55,75467,1704,0,29,0,0,0,LEADER,1,0,0,28,0,0,0,0,0,0,0,0,0,0,0
77961,89,bully,1574,1,0,0,28,0,392,0,1,89,76387,1574,0,29,0,0,0,LEADER,1,0,0,28,0,0,0,0,0,0,0,0,0,0,0
77123,77,bully,1656,1,0,0,28,0,392,0,1,77,75467,1656,0,29,0,0,0,LEADER,1,0,0,28,0,0,0,0,0,0,0,0,0,0,0
77395,71,bully,1928,1,0,0,28,0,392,0,1,71,75467,1928,0,29,0,0,0,LEADER,1,0,0,28,0,0,0,0,0,0,0,0,0,0,0
77307,52,bully,1840,1,0,0,28,0,392,0,1,52,75467,1840,0,29,0,0,0,LEADER,1,0,0,28,0,0,0,0,0,0,0,0,0,0,0
77677,76,bully,2213,1,0,0,28,0,392,0,1,76,75464,2213,0,29,0,0,0,LEADER,1,0,0,28,0,0,0,0,0,0,0,0,0,0,0
77274,10,bully,1807,1,0,0,28,0,392,0,1,10,75467,1807,0,29,0,0,0,LEADER,1,0,0,28,0,0,0,0,0,0,0,0,0,0,0
77207,22,bully,1740,1,0,0,28,0,392,0,1,22,75467,1740,0,29,0,0,0,LEADER,1,0,0,28,0,0,0,0,0,0,0,0,0,0,0
77355,21,bully,1889,1,0,0,28,0,392,0,1,21,75466,1889,0,29,0,0,0,LEADER,1,0,0,28,0,0,0,0,0,0,0,0,0,0,0
77613,56,bully,2146,1,0,0,28,0,392,0,1,56,75467,2146,0,29,0,0,0,LEADER,1,0,0,28,0,0,0,0,0,0,0,0,0,0,0
77138,60,bully,1671,1,0,0,28,0,392,0,1,60,75467,1671,0,29,0,0,0,LEADER,1,0,0,28,0,0,0,0,0,0,0,0,0,0,0
77991,25,bully,1604,1,0,0,28,0,392,0,1,25,76387,1604,0,29,0,0,0,LEADER,1,0,0,28,0,0,0,0,0,0,0,0,0,0,0
77204,65,bully,1737,1,0,0,28,0,392,0,1,65,75467,1737,0,29,0,0,0,LEADER,1,0,0,28,0,0,0,0,0,0,0,0,0,0,0
77880,19,bully,2413,1,0,0,28,0,392,0,1,19,75467,2413,0,29,0,0,0,LEADER,1,0,0,28,0,0,0,0,0,0,0,0,0,0,0
77510,69,bully,2043,1,0,0,28,0,392,0,1,69,75467,2043,0,29,0,0,0,LEADER,1,0,0,28,0,0,0,0,0,0,0,0,0,0,0
78112,54,bully,1725,1,0,0,28,0,392,0,1,54,76387,1725,0,29,0,0,0,LEADER,1,0,0,28,0,0,0,0,0,0,0,0,0,0,0
77459,17,bully,1992,1,0,0,28,0,392,0,1,17,75467,1992,0,29,0,0,0,LEADER,1,0,0,28,0,0,0,0,0,0,0,0,0,0,0
77973,100,bully,1586,1,0,0,28,0,392,0,1,100,76387,1586,0,29,0,0,0,LEADER,1,0,0,28,0,0,0,0,0,0,0,0,0,0,0
77936,16,bully,1549,1,0,0,28,0,392,0,1,16,76387,1549,0,29,0,0,0,LEADER,1,0,0,28,0,0,0,0,0,0,0,0,0,0,0
77525,37,bully,2058,1,0,0,28,0,392,0,1,37,75467,2058,0,29,0,0,0,LEADER,1,0,0,28,0,0,0,0,0,0,0,0,0,0,0
78161,13,bully,1774,1,0,0,28,0,392,0,1,13,76387,1774,0,29,0,0,0,LEADER,1,0,0,28,0,0,0,0,0,0,0,0,0,0,0
77322,20,bully,1855,1,0,0,28,0,392,0,1,20,75467,1855,0,29,0,0,0,LEADER,1,0,0,28,0,0,0,0,0,0,0,0,0,0,0
77954,41,bully,1567,1,0,0,28,0,392,0,1,41,76387,1567,0,29,0,0,0,LEADER,1,0,0,28,0,0,0,0,0,0,0,0,0,0,0
77943,47,bully,1556,1,0,0,28,0,392,0,1,47,76387,1556,0,29,0,0,0,LEADER,1,0,0,28,0,0,0,0,0,0,0,0,0,0,0
77769,95,bully,2301,1,0,0,28,0,392,0,1,95,75468,2301,0,29,0,0,0,LEADER,1,0,0,28,0,0,0,0,0,0,0,0,0,0,0
77632,98,bully,2165,1,0,0,28,0,392,0,1,98,75467,2165,0,29,0,0,0,LEADER,1,0,0,28,0,0,0,0,0,0,0,0,0,0,0
77816,73,bully,2349,1,0,0,28,0,392,0,1,73,75467,2349,0,29,0,0,0,LEADER,1,0,0,28,0,0,0,0,0,0,0,0,0,0,0
78139,33,bully,1752,1,0,0,28,0,392,0,1,33,76387,1752,0,29,0,0,0,LEADER,1,0,0,28,0,0,0,0,0,0,0,0,0,0,0
78109,97,bully,1722,1,0,0,28,0,392,0,1,97,76387,1722,0,29,0,0,0,LEADER,1,0,0,28,0,0,0,0,0,0,0,0,0,0,0
77362,61,bully,1895,1,0,0,28,0,392,0,1,61,75467,1895,0,29,0,0,0,LEADER,1,0,0,28,0,0,0,0,0,0,0,0,0,0,0
78297,29,bully,1910,1,0,0,28,0,392,0,1,29,76387,1910,0,29,0,0,0,LEADER,1,0,0,28,0,0,0,0,0,0,0,0,0,0,0
78309,40,bully,1922,1,0,0,28,0,392,0,1,40,76387,1922,0,29,0,0,0,LEADER,1,0,0,28,0,0,0,0,0,0,0,0,0,0,0
77798,31,bully,2331,1,0,0,28,0,392,0,1,31,75467,2331,0,29,0,0,0,LEADER,1,0,0,28,0,0,0,0,0,0,0,0,0,0,0
78129,96,bully,1744,1,0,0,28,0,392,0,1,96,76385,1744,0,29,0,0,0,LEADER,1,0,0,28,0,0,0,0,0,0,0,0,0,0,0
78212,84,bully,1825,1,0,0,28,0,392,0,1,84,76387,1825,0,29,0,0,0,LEADER,1,0,0,28,0,0,0,0,0,0,0,0,0,0,0
77906,80,bully,1519,1,0,0,28,0,392,0,1,80,76387,1519,0,29,0,0,0,LEADER,1,0,0,28,0,0,0,0,0,0,0,0,0,0,0
77750,53,bully,2283,1,0,0,28,0,392,0,1,53,75467,2283,0,29,0,0,0,LEADER,1,0,0,28,0,0,0,0,0,0,0,0,0,0,0
77825,92,bully,1438,1,0,0,28,0,392,0,1,92,76387,1438,0,29,0,0,0,LEADER,1,0,0,28,0,0,0,0,0,0,0,0,0,0,0
78261,62,bully,1874,1,0,0,28,0,392,0,1,62,76387,1874,0,29,0,0,0,LEADER,1,0,0,28,0,0,0,0,0,0,0,0,0,0,0
78003,91,bully,1619,1,0,0,28,0,392,0,1,91,76384,1619,0,29,0,0,0,LEADER,1,0,0,28,0,0,0,0,0,0,0,0,0,0,0
77958,15,bully,1571,1,0,0,28,0,392,0,1,15,76387,1571,0,29,0,0,0,LEADER,1,0,0,28,0,0,0,0,0,0,0,0,0,0,0
77628,26,bully,2161,1,0,0,28,0,392,0,1,26,75467,2161,0,29,0,0,0,LEADER,1,0,0,28,0,0,0,0,0,0,0,0,0,0,0
78364,49,bully,1977,1,0,0,28,0,392,0,1,49,76387,1977,0,29,0,0,0,LEADER,1,0,0,28,0,0,0,0,0,0,0,0,0,0,0
78179,58,bully,1792,1,0,0,28,0,392,0,1,58,76387,1792,0,29,0,0,0,LEADER,1,0,0,28,0,0,0,0,0,0,0,0,0,0,0
77713,86,bully,2246,1,0,0,28,0,392,0,1,86,75467,2246,0,29,0,0,0,LEADER,1,0,0,28,0,0,0,0,0,0,0,0,0,0,0
77886,50,bully,2419,1,0,0,28,0,392,0,1,50,75467,2419,0,29,0,0,0,LEADER,1,0,0,28,0,0,0,0,0,0,0,0,0,0,0
77738,85,bully,2268,1,0,0,28,0,392,0,1,85,75470,2268,0,29,0,0,0,LEADER,1,0,0,28,0,0,0,0,0,0,0,0,0,0,0
77677,87,bully,2212,1,0,0,28,0,392,0,1,87,75465,2212,0,29,0,0,0,LEADER,1,0,0,28,0,0,0,0,0,0,0,0,0,0,0
77883,64,bully,2416,1,0,0,28,0,392,0,1,64,75467,2416,0,29,0,0,0,LEADER,1,0,0,28,0,0,0,0,0,0,0,0,0,0,0
77821,18,bully,1434,1,0,0,28,0,392,0,1,18,76387,1434,0,29,0,0,0,LEADER,1,0,0,28,0,0,0,0,0,0,0,0,0,0,0
77732,11,bully,2264,1,0,0,28,0,392,0,1,11,75468,2264,0,29,0,0,0,LEADER,1,0,0,28,0,0,0,0,0,0,0,0,0,0,0
77940,90,bully,1553,1,0,0,28,0,392,0,1,90,76387,1553,0,29,0,0,0,LEADER,1,0,0,28,0,0,0,0,0,0,0,0,0,0,0
77834,35,bully,1447,1,0,0,28,0,392,0,1,35,76387,1447,0,29,0,0,0,LEADER,1,0,0,28,0,0,0,0,0,0,0,0,0,0,0
77716,43,bully,2249,1,0,0,28,0,392,0,1,43,75467,2249,0,29,0,0,0,LEADER,1,0,0,28,0,0,0,0,0,0,0,0,0,0,0
77854,28,bully,1467,1,0,0,28,0,392,0,1,28,76387,1467,0,29,0,0,0,LEADER,1,0,0,28,0,0,0,0,0,0,0,0,0,0,0
78528,23,bully,2141,1,0,0,28,0,392,0,1,23,76387,2141,0,29,0,0,0,LEADER,1,0,0,28,0,0,0,0,0,0,0,0,0,0,0
77694,44,bully,2228,1,0,0,28,0,392,0,1,44,75466,2228,0,29,0,0,0,LEADER,1,0,0,28,0,0,0,0,0,0,0,0,0,0,0
77848,30,bully,1461,1,0,0,28,0,392,0,1,30,76387,1461,0,29,0,0,0,LEADER,1,0,0,28,0,0,0,0,0,0,0,0,0,0,0
78246,94,bully,1859,1,0,0,28,0,392,0,1,94,76387,1859,0,29,0,0,0,LEADER,1,0,0,28,0,0,0,0,0,0,0,0,0,0,0
77888,38,bully,1501,1,0,0,28,0,392,0,1,38,76387,1501,0,29,0,0,0,LEADER,1,0,0,28,0,0,0,0,0,0,0,0,0,0,0
78567,66,bully,2180,1,0,0,28,0,392,0,1,66,76387,2180,0,29,0,0,0,LEADER,1,0,0,28,0,0,0,0,0,0,0,0,0,0,0
77873,70,bully,1486,1,0,0,28,0,392,0,1,70,76387,1486,0,29,0,0,0,LEADER,1,0,0,28,0,0,0,0,0,0,0,0,0,0,0
78518,88,bully,2131,1,0,0,28,0,392,0,1,88,76387,2131,0,29,0,0,0,LEADER,1,0,0,28,0,0,0,0,0,0,0,0,0,0,0
77702,75,bully,2235,1,0,0,28,0,392,0,1,75,75467,2235,0,29,0,0,0,LEADER,1,0,0,28,0,0,0,0,0,0,0,0,0,0,0
77710,12,bully,2243,1,0,0,28,0,392,0,1,12,75467,2243,0,29,0,0,0,LEADER,1,0,0,28,0,0,0,0,0,0,0,0,0,0,0
78412,27,bully,2025,1,0,0,28,0,392,0,1,27,76387,2025,0,29,0,0,0,LEADER,1,0,0,28,0,0,0,0,0,0,0,0,0,0,0
77901,42,bully,1514,1,0,0,28,0,392,0,1,42,76387,1514,0,29,0,0,0,LEADER,1,0,0,28,0,0,0,0,0,0,0,0,0,0,0
78548,24,bully,2161,1,0,0,28,0,392,0,1,24,76387,2161,0,29,0,0,0,LEADER,1,0,0,28,0,0,0,0,0,0,0,0,0,0,0
78500,46,bully,2113,1,0,0,28,0,392,0,1,46,76387,2113,0,29,0,0,0,LEADER,1,0,0,28,0,0,0,0,0,0,0,0,0,0,0
78024,34,bully,1637,1,0,0,28,0,392,0,1,34,76387,1637,0,29,0,0,0,LEADER,1,0,0,28,0,0,0,0,0,0,0,0,0,0,0
78397,59,bully,2010,1,0,0,28,0,392,0,1,59,76387,2010,0,29,0,0,0,LEADER,1,0,0,28,0,0,0,0,0,0,0,0,0,0,0
78679,32,bully,2292,1,0,0,28,0,392,0,1,32,76387,2292,0,29,0,0,0,LEADER,1,0,0,28,0,0,0,0,0,0,0,0,0,0,0
78294,72,bully,1907,1,0,0,28,0,392,0,1,72,76387,1907,0,29,0,0,0,LEADER,1,0,0,28,0,0,0,0,0,0,0,0,0,0,0
78706,63,bully,2316,1,0,0,28,0,392,0,1,63,76390,2316,0,29,0,0,0,LEADER,1,0,0,28,0,0,0,0,0,0,0,0,0,0,0
78179,74,bully,1792,1,0,0,28,0,392,0,1,74,76387,1792,0,29,0,0,0,LEADER,1,0,0,28,0,0,0,0,0,0,0,0,0,0,0
77921,48,bully,1534,1,0,0,28,0,392,0,1,48,76387,1534,0,29,0,0,0,LEADER,1,0,0,28,0,0,0,0,0,0,0,0,0,0,0
78382,57,bully,1995,1,0,0,28,0,392,0,1,57,76387,1995,0,29,0,0,0,LEADER,1,0,0,28,0,0,0,0,0,0,0,0,0,0,0
78452,68,bully,2065,1,0,0,28,0,392,0,1,68,76387,2065,0,29,0,0,0,LEADER,1,0,0,28,0,0,0,0,0,0,0,0,0,0,0
77853,45,bully,1466,1,0,0,28,0,392,0,1,45,76387,1466,0,29,0,0,0,LEADER,1,0,0,28,0,0,0,0,0,0,0,0,0,0,0
78210,93,bully,1823,1,0,0,28,0,392,0,1,93,76387,1823,0,29,0,0,0,LEADER,1,0,0,28,0,0,0,0,0,0,0,0,0,0,0
78791,82,bully,2404,1,0,0,28,0,392,0,1,82,76387,2404,0,29,0,0,0,LEADER,1,0,0,28,0,0,0,0,0,0,0,0,0,0,0
78785,51,bully,2398,1,0,0,28,0,392,0,1,51,76387,2398,0,29,0,0,0,LEADER,1,0,0,28,0,0,0,0,0,0,0,0,0,0,0
78330,39,bully,1943,1,0,0,28,0,392,0,1,39,76387,1943,0,29,0,0,0,LEADER,1,0,0,28,0,0,0,0,0,0,0,0,0,0,0
78076,78,bully,1689,1,0,0,28,0,392,0,1,78,76387,1689,0,29,0,0,0,LEADER,1,0,0,28,0,0,0,0,0,0,0,0,0,0,0
78464,79,bully,2077,1,0,0,28,0,392,0,1,79,76387,2077,0,29,0,0,0,LEADER,1,0,0,28,0,0,0,0,0,0,0,0,0,0,0
78039,14,bully,1652,1,0,0,28,0,392,0,1,14,76387,1652,0,29,0,0,0,LEADER,1,0,0,28,0,0,0,0,0,0,0,0,0,0,0
78466,36,bully,2080,1,0,0,28,0,392,0,1,36,76386,2080,0,29,0,0,0,LEADER,1,0,0,28,0,0,0,0,0,0,0,0,0,0,0
78349,81,bully,1962,1,0,0,28,0,392,0,1,81,76387,1962,0,29,0,0,0,LEADER,1,0,0,28,0,0,0,0,0,0,0,0,0,0,0
78009,67,bully,1622,1,0,0,28,0,392,0,1,67,76387,1622,0,29,0,0,0,LEADER,1,0,0,28,0,0,0,0,0,0,0,0,0,0,0
78770,83,bully,2383,1,0,0,28,0,392,0,1,83,76387,2383,0,29,0,0,0,LEADER,1,0,0,28,0,0,0,0,0,0,0,0,0,0,0
78915,99,bully,1607,1,0,0,29,0,406,0,1,99,77308,1607,0,30,0,0,0,LEADER,1,0,0,29,0,0,0,0,0,0,0,0,0,0,0
78091,55,bully,1704,1,0,0,28,0,392,0,1,55,76387,1704,0,29,0,0,0,LEADER,1,0,0,28,0,0,0,0,0,0,0,0,0,0,0
78882,89,bully,1574,1,0,0,29,0,406,0,1,89,77308,1574,0,30,0,0,0,LEADER,1,0,0,29,0,0,0,0,0,0,0,0,0,0,0
78043,77,bully,1656,1,0,0,28,0,392,0,1,77,76387,1656,0,29,0,0,0,LEADER,1,0,0,28,0,0,0,0,0,0,0,0,0,0,0
78315,71,bully,1928,1,0,0,28,0,392,0,1,71,76387,1928,0,29,0,0,0,LEADER,1,0,0,28,0,0,0,0,0,0,0,0,0,0,0
78227,52,bully,1840,1,0,0,28,0,392,0,1,52,76387,1840,0,29,0,0,0,LEADER,1,0,0,28,0,0,0,0,0,0,0,0,0,0,0
78597,76,bully,2213,1,0,0,28,0,392,0,1,76,76384,2213,0,29,0,0,0,LEADER,1,0,0,28,0,0,0,0,0,0,0,0,0,0,0
78194,10,bully,1807,1,0,0,28,0,392,0,1,10,76387,1807,0,29,0,0,0,LEADER,1,0,0,28,0,0,0,0,0,0,0,0,0,0,0
78127,22,bully,1740,1,0,0,28,0,392,0,1,22,76387,1740,0,29,0,0,0,LEADER,1,0,0,28,0,0,0,0,0,0,0,0,0,0,0
78275,21,bully,1889,1,0,0,28,0,392,0,1,21,76386,1889,0,29,0,0,0,LEADER,1,0,0,28,0,0,0,0,0,0,0,0,0,0,0
78533,56,bully,2146,1,0,0,28,0,392,0,1,56,76387,2146,0,29,0,0,0,LEADER,1,0,0,28,0,0,0,0,0,0,0,0,0,0,0
78058,60,bully,1671,1,0,0,28,0,392,0,1,60,76387,1671,0,29,0,0,0,LEADER,1,0,0,28,0,0,0,0,0,0,0,0,0,0,0
78912,25,bully,1604,1,0,0,29,0,406,0,1,25,77308,1604,0,30,0,0,0,LEADER,1,0,0,29,0,0,0,0,0,0,0,0,0,0,0
78124,65,bully,1737,1,0,0,28,0,392,0,1,65,76387,1737,0,29,0,0,0,LEADER,1,0,0,28,0,0,0,0,0,0,0,0,0,0,0
78800,19,bully,2413,1,0,0,28,0,392,0,1,19,76387,2413,0,29,0,0,0,LEADER,1,0,0,28,0,0,0,0,0,0,0,0,0,0,0
78430,69,bully,2043,1,0,0,28,0,392,0,1,69,76387,2043,0,29,0,0,0,LEADER,1,0,0,28,0,0,0,0,0,0,0,0,0,0,0
79033,54,bully,1725,1,0,0,29,0,406,0,1,54,77308,1725,0,30,0,0,0,LEADER,1,0,0,29,0,0,0,0,0,0,0,0,0,0,0
78379,17,bully,1992,1,0,0,28,0,392,0,1,17,76387,1992,0,29,0,0,0,LEADER,1,0,0,28,0,0,0,0,0,0,0,0,0,0,0
78894,100,bully,1586,1,0,0,29,0,406,0,1,100,77308,1586,0,30,0,0,0,LEADER,1,0,0,29,0,0,0,0,0,0,0,0,0,0,0
78857,16,bully,1549,1,0,0,29,0,406,0,1,16,77308,1549,0,30,0,0,0,LEADER,1,0,0,29,0,0,0,0,0,0,0,0,0,0,0
78445,37,bully,2058,1,0,0,28,0,392,0,1,37,76387,2058,0,29,0,0,0,LEADER,1,0,0,28,0,0,0,0,0,0,0,0,0,0,0
79082,13,bully,1774,1,0,0,29,0,406,0,1,13,77308,1774,0,30,0,0,0,LEADER,1,0,0,29,0,0,0,0,0,0,0,0,0,0,0
78242,20,bully,1855,1,0,0,28,0,392,0,1,20,76387,1855,0,29,0,0,0,LEADER,1,0,0,28,0,0,0,0,0,0,0,0,0,0,0
78875,41,bully,1567,1,0,0,29,0,406,0,1,41,77308,1567,0,30,0,0,0,LEADER,1,0,0,29,0,0,0,0,0,0,0,0,0,0,0
78864,47,bully,1556,1,0,0,29,0,406,0,1,47,77308,1556,0,30,0,0,0,LEADER,1,0,0,29,0,0,0,0,0,0,0,0,0,0,0
78689,95,bully,2301,1,0,0,28,0,392,0,1,95,76388,2301,0,29,0,0,0,LEADER,1,0,0,28,0,0,0,0,0,0,0,0,0,0,0
78552,98,bully,2165,1,0,0,28,0,392,0,1,98,76387,2165,0,29,0,0,0,LEADER,1,0,0,28,0,0,0,0,0,0,0,0,0,0,0
78736,73,bully,2349,1,0,0,28,0,392,0,1,73,76387,2349,0,29,0,0,0,LEADER,1,0,0,28,0,0,0,0,0,0,0,0,0,0,0
78282,61,bully,1895,1,0,0,28,0,392,0,1,61,76387,1895,0,29,0,0,0,LEADER,1,0,0,28,0,0,0,0,0,0,0,0,0,0,0
79030,97,bully,1722,1,0,0,29,0,406,0,1,97,77308,1722,0,30,0,0,0,LEADER,1,0,0,29,0,0,0,0,0,0,0,0,0,0,0
79060,33,bully,1752,1,0,0,29,0,406,0,1,33,77308,1752,0,30,0,0,0,LEADER,1,0,0,29,0,0,0,0,0,0,0,0,0,0,0
78718,31,bully,2331,1,0,0,28,0,392,0,1,31,76387,2331,0,29,0,0,0,LEADER,1,0,0,28,0,0,0,0,0,0,0,0,0,0,0
79218,29,bully,1910,1,0,0,29,0,406,0,1,29,77308,1910,0,30,0,0,0,LEADER,1,0,0,29,0,0,0,0,0,0,0,0,0,0,0
79230,40,bully,1922,1,0,0,29,0,406,0,1,40,77308,1922,0,30,0,0,0,LEADER,1,0,0,29,0,0,0,0,0,0,0,0,0,0,0
79050,96,bully,1744,1,0,0,29,0,406,0,1,96,77306,1744,0,30,0,0,0,LEADER,1,0,0,29,0,0,0,0,0,0,0,0,0,0,0
79133,84,bully,1825,1,0,0,29,0,406,0,1,84,77308,1825,0,30,0,0,0,LEADER,1,0,0,29,0,0,0,0,0,0,0,0,0,0,0
78827,80,bully,1519,1,0,0,29,0,406,0,1,80,77308,1519,0,30,0,0,0,LEADER,1,0,0,29,0,0,0,0,0,0,0,0,0,0,0
78670,53,bully,2283,1,0,0,28,0,392,0,1,53,76387,2283,0,29,0,0,0,LEADER,1,0,0,28,0,0,0,0,0,0,0,0,0,0,0
78746,92,bully,1438,1,0,0,29,0,406,0,1,92,77308,1438,0,30,0,0,0,LEADER,1,0,0,29,0,0,0,0,0,0,0,0,0,0,0
79182,62,bully,1874,1,0,0,29,0,406,0,1,62,77308,1874,0,30,0,0,0,LEADER,1,0,0,29,0,0,0,0,0,0,0,0,0,0,0
78924,91,bully,1619,1,0,0,29,0,406,0,1,91,77305,1619,0,30,0,0,0,LEADER,1,0,0,29,0,0,0,0,0,0,0,0,0,0,0
78879,15,bully,1571,1,0,0,29,0,406,0,1,15,77308,1571,0,30,0,0,0,LEADER,1,0,0,29,0,0,0,0,0,0,0,0,0,0,0
78548,26,bully,2161,1,0,0,28,0,392,0,1,26,76387,2161,0,29,0,0,0,LEADER,1,0,0,28,0,0,0,0,0,0,0,0,0,0,0
79285,49,bully,1977,1,0,0,29,0,406,0,1,49,77308,1977,0,30,0,0,0,LEADER,1,0,0,29,0,0,0,0,0,0,0,0,0,0,0
79100,58,bully,1792,1,0,0,29,0,406,0,1,58,77308,1792,0,30,0,0,0,LEADER,1,0,0,29,0,0,0,0,0,0,0,0,0,0,0
78633,86,bully,2246,1,0,0,28,0,392,0,1,86,76387,2246,0,29,0,0,0,LEADER,1,0,0,28,0,0,0,0,0,0,0,0,0,0,0
78806,50,bully,2419,1,0,0,28,0,392,0,1,50,76387,2419,0,29,0,0,0,LEADER,1,0,0,28,0,0,0,0,0,0,0,0,0,0,0
78658,85,bully,2268,1,0,0,28,0,392,0,1,85,76390,2268,0,29,0,0,0,LEADER,1,0,0,28,0,0,0,0,0,0,0,0,0,0,0
78597,87,bully,2212,1,0,0,28,0,392,0,1,87,76385,2212,0,29,0,0,0,LEADER,1,0,0,28,0,0,0,0,0,0,0,0,0,0,0
78803,64,bully,2416,1,0,0,28,0,392,0,1,64,76387,2416,0,29,0,0,0,LEADER,1,0,0,28,0,0,0,0,0,0,0,0,0,0,0
78652,11,bully,2264,1,0,0,28,0,392,0,1,11,76388,2264,0,29,0,0,0,LEADER,1,0,0,28,0,0,0,0,0,0,0,0,0,0,0
78742,18,bully,1434,1,0,0,29,0,406,0,1,18,77308,1434,0,30,0,0,0,LEADER,1,0,0,29,0,0,0,0,0,0,0,0,0,0,0
78861,90,bully,1553,1,0,0,29,0,406,0,1,90,77308,1553,0,30,0,0,0,LEADER,1,0,0,29,0,0,0,0,0,0,0,0,0,0,0
78755,35,bully,1447,1,0,0,29,0,406,0,1,35,77308,1447,0,30,0,0,0,LEADER,1,0,0,29,0,0,0,0,0,0,0,0,0,0,0
78636,43,bully,2249,1,0,0,28,0,392,0,1,43,76387,2249,0,29,0,0,0,LEADER,1,0,0,28,0,0,0,0,0,0,0,0,0,0,0
78775,28,bully,1467,1,0,0,29,0,406,0,1,28,77308,1467,0,30,0,0,0,LEADER,1,0,0,29,0,0,0,0,0,0,0,0,0,0,0
78614,44,bully,2228,1,0,0,28,0,392,0,1,44,76386,2228,0,29,0,0,0,LEADER,1,0,0,28,0,0,0,0,0,0,0,0,0,0,0
79449,23,bully,2141,1,0,0,29,0,406,0,1,23,77308,2141,0,30,0,0,0,LEADER,1,0,0,29,0,0,0,0,0,0,0,0,0,0,0
78769,30,bully,1461,1,0,0,29,0,406,0,1,30,77308,1461,0,30,0,0,0,LEADER,1,0,0,29,0,0,0,0,0,0,0,0,0,0,0
79167,94,bully,1859,1,0,0,29,0,406,0,1,94,77308,1859,0,30,0,0,0,LEADER,1,0,0,29,0,0,0,0,0,0,0,0,0,0,0
78809,38,bully,1501,1,0,0,29,0,406,0,1,38,77308,1501,0,30,0,0,0,LEADER,1,0,0,29,0,0,0,0,0,0,0,0,0,0,0
79488,66,bully,2180,1,0,0,29,0,406,0,1,66,77308,2180,0,30,0,0,0,LEADER,1,0,0,29,0,0,0,0,0,0,0,0,0,0,0
78794,70,bully,1486,1,0,0,29,0,406,0,1,70,77308,1486,0,30,0,0,0,LEADER,1,0,0,29,0,0,0,0,0,0,0,0,0,0,0
79439,88,bully,2131,1,0,0,29,0,406,0,1,88,77308,2131,0,30,0,0,0,LEADER,1,0,0,29,0,0,0,0,0,0,0,0,0,0,0
78622,75,bully,2235,1,0,0,28,0,392,0,1,75,76387,2235,0,29,0,0,0,LEADER,1,0,0,28,0,0,0,0,0,0,0,0,0,0,0
78630,12,bully,2243,1,0,0,28,0,392,0,1,12,76387,2243,0,29,0,0,0,LEADER,1,0,0,28,0,0,0,0,0,0,0,0,0,0,0
79333,27,bully,2025,1,0,0,29,0,406,0,1,27,77308,2025,0,30,0,0,0,LEADER,1,0,0,29,0,0,0,0,0,0,0,0,0,0,0
78822,42,bully,1514,1,0,0,29,0,406,0,1,42,77308,1514,0,30,0,0,0,LEADER,1,0,0,29,0,0,0,0,0,0,0,0,0,0,0
79469,24,bully,2161,1,0,0,29,0,406,0,1,24,77308,2161,0,30,0,0,0,LEADER,1,0,0,29,0,0,0,0,0,0,0,0,0,0,0
79421,46,bully,2113,1,0,0,29,0,406,0,1,46,77308,2113,0,30,0,0,0,LEADER,1,0,0,29,0,0,0,0,0,0,0,0,0,0,0
78945,34,bully,1637,1,0,0,29,0,406,0,1,34,77308,1637,0,30,0,0,0,LEADER,1,0,0,29,0,0,0,0,0,0,0,0,0,0,0
79318,59,bully,2010,1,0,0,29,0,406,0,1,59,77308,2010,0,30,0,0,0,LEADER,1,0,0,29,0,0,0,0,0,0,0,0,0,0,0
79600,32,bully,2292,1,0,0,29,0,406,0,1,32,77308,2292,0,30,0,0,0,LEADER,1,0,0,29,0,0,0,0,0,0,0,0,0,0,0
79215,72,bully,1907,1,0,0,29,0,406,0,1,72,77308,1907,0,30,0,0,0,LEADER,1,0,0,29,0,0,0,0,0,0,0,0,0,0,0
79627,63,bully,2316,1,0,0,29,0,406,0,1,63,77311,2316,0,30,0,0,0,LEADER,1,0,0,29,0,0,0,0,0,0,0,0,0,0,0
79100,74,bully,1792,1,0,0,29,0,406,0,1,74,77308,1792,0,30,0,0,0,LEADER,1,0,0,29,0,0,0,0,0,0,0,0,0,0,0
78842,48,bully,1534,1,0,0,29,0,406,0,1,48,77308,1534,0,30,0,0,0,LEADER,1,0,0,29,0,0,0,0,0,0,0,0,0,0,0
79303,57,bully,1995,1,0,0,29,0,406,0,1,57,77308,1995,0,30,0,0,0,LEADER,1,0,0,29,0,0,0,0,0,0,0,0,0,0,0
79373,68,bully,2065,1,0,0,29,0,406,0,1,68,77308,2065,0,30,0,0,0,LEADER,1,0,0,29,0,0,0,0,0,0,0,0,0,0,0
78774,45,bully,1466,1,0,0,29,0,406,0,1,45,77308,1466,0,30,0,0,0,LEADER,1,0,0,29,0,0,0,0,0,0,0,0,0,0,0
79131,93,bully,1823,1,0,0,29,0,406,0,1,93,77308,1823,0,30,0,0,0,LEADER,1,0,0,29,0,0,0,0,0,0,0,0,0,0,0
79712,82,bully,2404,1,0,0,29,0,406,0,1,82,77308,2404,0,30,0,0,0,LEADER,1,0,0,29,0,0,0,0,0,0,0,0,0,0,0
79706,51,bully,2398,1,0,0,29,0,406,0,1,51,77308,2398,0,30,0,0,0,LEADER,1,0,0,29,0,0,0,0,0,0,0,0,0,0,0
79251,39,bully,1943,1,0,0,29,0,406,0,1,39,77308,1943,0,30,0,0,0,LEADER,1,0,0,29,0,0,0,0,0,0,0,0,0,0,0
78997,78,bully,1689,1,0,0,29,0,406,0,1,78,77308,1689,0,30,0,0,0,LEADER,1,0,0,29,0,0,0,0,0,0,0,0,0,0,0
79385,79,bully,2077,1,0,0,29,0,406,0,1,79,77308,2077,0,30,0,0,0,LEADER,1,0,0,29,0,0,0,0,0,0,0,0,0,0,0
78960,14,bully,1652,1,0,0,29,0,406,0,1,14,77308,1652,0,30,0,0,0,LEADER,1,0,0,29,0,0,0,0,0,0,0,0,0,0,0
79387,36,bully,2080,1,0,0,29,0,406,0,1,36,77307,2080,0,30,0,0,0,LEADER,1,0,0,29,0,0,0,0,0,0,0,0,0,0,0
79270,81,bully,1962,1,0,0,29,0,406,0,1,81,77308,1962,0,30,0,0,0,LEADER,1,0,0,29,0,0,0,0,0,0,0,0,0,0,0
78930,67,bully,1622,1,0,0,29,0,406,0,1,67,77308,1622,0,30,0,0,0,LEADER,1,0,0,29,0,0,0,0,0,0,0,0,0,0,0
79691,83,bully,2383,1,0,0,29,0,406,0,1,83,77308,2383,0,30,0,0,0,LEADER,1,0,0,29,0,0,0,0,0,0,0,0,0,0,0
79835,99,bully,1607,1,0,0,29,0,406,0,1,99,78228,1607,0,30,0,0,0,LEADER,1,0,0,29,0,0,0,0,0,0,0,0,0,0,0
79012,55,bully,1704,1,0,0,29,0,406,0,1,55,77308,1704,0,30,0,0,0,LEADER,1,0,0,29,0,0,0,0,0,0,0,0,0,0,0
79802,89,bully,1574,1,0,0,29,0,406,0,1,89,78228,1574,0,30,0,0,0,LEADER,1,0,0,29,0,0,0,0,0,0,0,0,0,0,0
78964,77,bully,1656,1,0,0,29,0,406,0,1,77,77308,1656,0,30,0,0,0,LEADER,1,0,0,29,0,0,0,0,0,0,0,0,0,0,0
79236,71,bully,1928,1,0,0,29,0,406,0,1,71,77308,1928,0,30,0,0,0,LEADER,1,0,0,29,0,0,0,0,0,0,0,0,0,0,0
79148,52,bully,1840,1,0,0,29,0,406,0,1,52,77308,1840,0,30,0,0,0,LEADER,1,0,0,29,0,0,0,0,0,0,0,0,0,0,0
79518,76,bully,2213,1,0,0,29,0,406,0,1,76,77305,2213,0,30,0,0,0,LEADER,1,0,0,29,0,0,0,0,0,0,0,0,0,0,0
79115,10,bully,1807,1,0,0,29,0,406,0,1,10,77308,1807,0,30,0,0,0,LEADER,1,0,0,29,0,0,0,0,0,0,0,0,0,0,0
79048,22,bully,1740,1,0,0,29,0,406,0,1,22,77308,1740,0,30,0,0,0,LEADER,1,0,0,29,0,0,0,0,0,0,0,0,0,0,0
79196,21,bully,1889,1,0,0,29,0,406,0,1,21,77307,1889,0,30,0,0,0,LEADER,1,0,0,29,0,0,0,0,0,0,0,0,0,0,0
79454,56,bully,2146,1,0,0,29,0,406,0,1,56,77308,2146,0,30,0,0,0,LEADER,1,0,0,29,0,0,0,0,0,0,0,0,0,0,0
78979,60,bully,1671,1,0,0,29,0,406,0,1,60,77308,1671,0,30,0,0,0,LEADER,1,0,0,29,0,0,0,0,0,0,0,0,0,0,0
79832,25,bully,1604,1,0,0,29,0,406,0,1,25,78228,1604,0,30,0,0,0,LEADER,1,0,0,29,0,0,0,0,0,0,0,0,0,0,0
79045,65,bully,1737,1,0,0,29,0,406,0,1,65,77308,1737,0,30,0,0,0,LEADER,1,0,0,29,0,0,0,0,0,0,0,0,0,0,0
79721,19,bully,2413,1,0,0,29,0,406,0,1,19,77308,2413,0,30,0,0,0,LEADER,1,0,0,29,0,0,0,0,0,0,0,0,0,0,0
79351,69,bully,2043,1,0,0,29,0,406,0,1,69,77308,2043,0,30,0,0,0,LEADER,1,0,0,29,0,0,0,0,0,0,0,0,0,0,0
79953,54,bully,1725,1,0,0,29,0,406,0,1,54,78228,1725,0,30,0,0,0,LEADER,1,0,0,29,0,0,0,0,0,0,0,0,0,0,0
79300,17,bully,1992,1,0,0,29,0,406,0,1,17,77308,1992,0,30,0,0,0,LEADER,1,0,0,29,0,0,0,0,0,0,0,0,0,0,0
79814,100,bully,1586,1,0,0,29,0,406,0,1,100,78228,1586,0,30,0,0,0,LEADER,1,0,0,29,0,0,0,0,0,0,0,0,0,0,0
79777,16,bully,1549,1,0,0,29,0,406,0,1,16,78228,1549,0,30,0,0,0,LEADER,1,0,0,29,0,0,0,0,0,0,0,0,0,0,0
79366,37,bully,2058,1,0,0,29,0,406,0,1,37,77308,2058,0,30,0,0,0,LEADER,1,0,0,29,0,0,0,0,0,0,0,0,0,0,0
80002,13,bully,1774,1,0,0,29,0,406,0,1,13,78228,1774,0,30,0,0,0,LEADER,1,0,0,29,0,0,0,0,0,0,0,0,0,0,0
79163,20,bully,1855,1,0,0,29,0,406,0,1,20,77308,1855,0,30,0,0,0,LEADER,1,0,0,29,0,0,0,0,0,0,0,0,0,0,0
79795,41,bully,1567,1,0,0,29,0,406,0,1,41,78228,1567,0,30,0,0,0,LEADER,1,0,0,29,0,0,0,0,0,0,0,0,0,0,0
79784,47,bully,1556,1,0,0,29,0,406,0,1,47,78228,1556,0,30,0,0,0,LEADER,1,0,0,29,0,0,0,0,0,0,0,0,0,0,0
79610,95,bully,2301,1,0,0,29,0,406,0,1,95,77309,2301,0,30,0,0,0,LEADER,1,0,0,29,0,0,0,0,0,0,0,0,0,0,0
79473,98,bully,2165,1,0,0,29,0,406,0,1,98,77308,2165,0,30,0,0,0,LEADER,1,0,0,29,0,0,0,0,0,0,0,0,0,0,0
79657,73,bully,2349,1,0,0,29,0,406,0,1,73,77308,2349,0,30,0,0,0,LEADER,1,0,0,29,0,0,0,0,0,0,0,0,0,0,0
79980,33,bully,1752,1,0,0,29,0,406,0,1,33,78228,1752,0,30,0,0,0,LEADER,1,0,0,29,0,0,0,0,0,0,0,0,0,0,0
79203,61,bully,1895,1,0,0,29,0,406,0,1,61,77308,1895,0,30,0,0,0,LEADER,1,0,0,29,0,0,0,0,0,0,0,0,0,0,0
79950,97,bully,1722,1,0,0,29,0,406,0,1,97,78228,1722,0,30,0,0,0,LEADER,1,0,0,29,0,0,0,0,0,0,0,0,0,0,0
80150,40,bully,1922,1,0,0,29,0,406,0,1,40,78228,1922,0,30,0,0,0,LEADER,1,0,0,29,0,0,0,0,0,0,0,0,0,0,0
80138,29,bully,1910,1,0,0,29,0,406,0,1,29,78228,1910,0,30,0,0,0,LEADER,1,0,0,29,0,0,0,0,0,0,0,0,0,0,0
79639,31,bully,2331,1,0,0,29,0,406,0,1,31,77308,2331,0,30,0,0,0,LEADER,1,0,0,29,0,0,0,0,0,0,0,0,0,0,0
79970,96,bully,1744,1,0,0,29,0,406,0,1,96,78226,1744,0,30,0,0,0,LEADER,1,0,0,29,0,0,0,0,0,0,0,0,0,0,0
80053,84,bully,1825,1,0,0,29,0,406,0,1,84,78228,1825,0,30,0,0,0,LEADER,1,0,0,29,0,0,0,0,0,0,0,0,0,0,0
79747,80,bully,1519,1,0,0,29,0,406,0,1,80,78228,1519,0,30,0,0,0,LEADER,1,0,0,29,0,0,0,0,0,0,0,0,0,0,0
79591,53,bully,2283,1,0,0,29,0,406,0,1,53,77308,2283,0,30,0,0,0,LEADER,1,0,0,29,0,0,0,0,0,0,0,0,0,0,0
79666,92,bully,1438,1,0,0,29,0,406,0,1,92,78228,1438,0,30,0,0,0,LEADER,1,0,0,29,0,0,0,0,0,0,0,0,0,0,0
80102,62,bully,1874,1,0,0,29,0,406,0,1,62,78228,1874,0,30,0,0,0,LEADER,1,0,0,29,0,0,0,0,0,0,0,0,0,0,0
79844,91,bully,1619,1,0,0,29,0,406,0,1,91,78225,1619,0,30,0,0,0,LEADER,1,0,0,29,0,0,0,0,0,0,0,0,0,0,0
79799,15,bully,1571,1,0,0,29,0,406,0,1,15,78228,1571,0,30,0,0,0,LEADER,1,0,0,29,0,0,0,0,0,0,0,0,0,0,0
79469,26,bully,2161,1,0,0,29,0,406,0,1,26,77308,2161,0,30,0,0,0,LEADER,1,0,0,29,0,0,0,0,0,0,0,0,0,0,0
80205,49,bully,1977,1,0,0,29,0,406,0,1,49,78228,1977,0,30,0,0,0,LEADER,1,0,0,29,0,0,0,0,0,0,0,0,0,0,0
80020,58,bully,1792,1,0,0,29,0,406,0,1,58,78228,1792,0,30,0,0,0,LEADER,1,0,0,29,0,0,0,0,0,0,0,0,0,0,0
79554,86,bully,2246,1,0,0,29,0,406,0,1,86,77308,2246,0,30,0,0,0,LEADER,1,0,0,29,0,0,0,0,0,0,0,0,0,0,0
79727,50,bully,2419,1,0,0,29,0,406,0,1,50,77308,2419,0,30,0,0,0,LEADER,1,0,0,29,0,0,0,0,0,0,0,0,0,0,0
79579,85,bully,2268,1,0,0,29,0,406,0,1,85,77311,2268,0,30,0,0,0,LEADER,1,0,0,29,0,0,0,0,0,0,0,0,0,0,0
79518,87,bully,2212,1,0,0,29,0,406,0,1,87,77306,2212,0,30,0,0,0,LEADER,1,0,0,29,0,0,0,0,0,0,0,0,0,0,0
79724,64,bully,2416,1,0,0,29,0,406,0,1,64,77308,2416,0,30,0,0,0,LEADER,1,0,0,29,0,0,0,0,0,0,0,0,0,0,0
79662,18,bully,1434,1,0,0,29,0,406,0,1,18,78228,1434,0,30,0,0,0,LEADER,1,0,0,29,0,0,0,0,0,0,0,0,0,0,0
79573,11,bully,2264,1,0,0,29,0,406,0,1,11,77309,2264,0,30,0,0,0,LEADER,1,0,0,29,0,0,0,0,0,0,0,0,0,0,0
79781,90,bully,1553,1,0,0,29,0,406,0,1,90,78228,1553,0,30,0,0,0,LEADER,1,0,0,29,0,0,0,0,0,0,0,0,0,0,0
79675,35,bully,1447,1,0,0,29,0,406,0,1,35,78228,1447,0,30,0,0,0,LEADER,1,0,0,29,0,0,0,0,0,0,0,0,0,0,0
79557,43,bully,2249,1,0,0,29,0,406,0,1,43,77308,2249,0,30,0,0,0,LEADER,1,0,0,29,0,0,0,0,0,0,0,0,0,0,0
79695,28,bully,1467,1,0,0,29,0,406,0,1,28,78228,1467,0,30,0,0,0,LEADER,1,0,0,29,0,0,0,0,0,0,0,0,0,0,0
80369,23,bully,2141,1,0,0,29,0,406,0,1,23,78228,2141,0,30,0,0,0,LEADER,1,0,0,29,0,0,0,0,0,0,0,0,0,0,0
79535,44,bully,2228,1,0,0,29,0,406,0,1,44,77307,2228,0,30,0,0,0,LEADER,1,0,0,29,0,0,0,0,0,0,0,0,0,0,0
79689,30,bully,1461,1,0,0,29,0,406,0,1,30,78228,1461,0,30,0,0,0,LEADER,1,0,0,29,0,0,0,0,0,0,0,0,0,0,0
80087,94,bully,1859,1,0,0,29,0,406,0,1,94,78228,1859,0,30,0,0,0,LEADER,1,0,0,29,0,0,0,0,0,0,0,0,0,0,0
79729,38,bully,1501,1,0,0,29,0,406,0,1,38,78228,1501,0,30,0,0,0,LEADER,1,0,0,29,0,0,0,0,0,0,0,0,0,0,0
80408,66,bully,2180,1,0,0,29,0,406,0,1,66,78228,2180,0,30,0,0,0,LEADER,1,0,0,29,0,0,0,0,0,0,0,0,0,0,0
79714,70,bully,1486,1,0,0,29,0,406,0,1,70,78228,1486,0,30,0,0,0,LEADER,1,0,0,29,0,0,0,0,0,0,0,0,0,0,0
80359,88,bully,2131,1,0,0,29,0,406,0,1,88,78228,2131,0,30,0,0,0,LEADER,1,0,0,29,0,0,0,0,0,0,0,0,0,0,0
79543,75,bully,2235,1,0,0,29,0,406,0,1,75,77308,2235,0,30,0,0,0,LEADER,1,0,0,29,0,0,0,0,0,0,0,0,0,0,0
79551,12,bully,2243,1,0,0,29,0,406,0,1,12,77308,2243,0,30,0,0,0,LEADER,1,0,0,29,0,0,0,0,0,0,0,0,0,0,0
80253,27,bully,2025,1,0,0,29,0,406,0,1,27,78228,2025,0,30,0,0,0,LEADER,1,0,0,29,0,0,0,0,0,0,0,0,0,0,0
79742,42,bully,1514,1,0,0,29,0,406,0,1,42,78228,1514,0,30,0,0,0,LEADER,1,0,0,29,0,0,0,0,0,0,0,0,0,0,0
80389,24,bully,2161,1,0,0,29,0,406,0,1,24,78228,2161,0,30,0,0,0,LEADER,1,0,0,29,0,0,0,0,0,0,0,0,0,0,0
80341,46,bully,2113,1,0,0,29,0,406,0,1,46,78228,2113,0,30,0,0,0,LEADER,1,0,0,29,0,0,0,0,0,0,0,0,0,0,0
79865,34,bully,1637,1,0,0,29,0,406,0,1,34,78228,1637,0,30,0,0,0,LEADER,1,0,0,29,0,0,0,0,0,0,0,0,0,0,0
80238,59,bully,2010,1,0,0,29,0,406,0,1,59,78228,2010,0,30,0,0,0,LEADER,1,0,0,29,0,0,0,0,0,0,0,0,0,0,0
80520,32,bully,2292,1,0,0,29,0,406,0,1,32,78228,2292,0,30,0,0,0,LEADER,1,0,0,29,0,0,0,0,0,0,0,0,0,0,0
80135,72,bully,1907,1,0,0,29,0,406,0,1,72,78228,1907,0,30,0,0,0,LEADER,1,0,0,29,0,0,0,0,0,0,0,0,0,0,0
80547,63,bully,2316,1,0,0,29,0,406,0,1,63,78231,2316,0,30,0,0,0,LEADER,1,0,0,29,0,0,0,0,0,0,0,0,0,0,0
80020,74,bully,1792,1,0,0,29,0,406,0,1,74,78228,1792,0,30,0,0,0,LEADER,1,0,0,29,0,0,0,0,0,0,0,0,0,0,0
79762,48,bully,1534,1,0,0,29,0,406,0,1,48,78228,1534,0,30,0,0,0,LEADER,1,0,0,29,0,0,0,0,0,0,0,0,0,0,0
80223,57,bully,1995,1,0,0,29,0,406,0,1,57,78228,1995,0,30,0,0,0,LEADER,1,0,0,29,0,0,0,0,0,0,0,0,0,0,0
80293,68,bully,2065,1,0,0,29,0,406,0,1,68,78228,2065,0,30,0,0,0,LEADER,1,0,0,29,0,0,0,0,0,0,0,0,0,0,0
79694,45,bully,1466,1,0,0,29,0,406,0,1,45,78228,1466,0,30,0,0,0,LEADER,1,0,0,29,0,0,0,0,0,0,0,0,0,0,0
80051,93,bully,1823,1,0,0,29,0,406,0,1,93,78228,1823,0,30,0,0,0,LEADER,1,0,0,29,0,0,0,0,0,0,0,0,0,0,0
80632,82,bully,2404,1,0,0,29,0,406,0,1,82,78228,2404,0,30,0,0,0,LEADER,1,0,0,29,0,0,0,0,0,0,0,0,0,0,0
80626,51,bully,2398,1,0,0,29,0,406,0,1,51,78228,2398,0,30,0,0,0,LEADER,1,0,0,29,0,0,0,0,0,0,0,0,0,0,0
80171,39,bully,1943,1,0,0,29,0,406,0,1,39,78228,1943,0,30,0,0,0,LEADER,1,0,0,29,0,0,0,0,0,0,0,0,0,0,0
79917,78,bully,1689,1,0,0,29,0,406,0,1,78,78228,1689,0,30,0,0,0,LEADER,1,0,0,29,0,0,0,0,0,0,0,0,0,0,0
80305,79,bully,2077,1,0,0,29,0,406,0,1,79,78228,2077,0,30,0,0,0,LEADER,1,0,0,29,0,0,0,0,0,0,0,0,0,0,0
79880,14,bully,1652,1,0,0,29,0,406,0,1,14,78228,1652,0,30,0,0,0,LEADER,1,0,0,29,0,0,0,0,0,0,0,0,0,0,0
80307,36,bully,2080,1,0,0,29,0,406,0,1,36,78227,2080,0,30,0,0,0,LEADER,1,0,0,29,0,0,0,0,0,0,0,0,0,0,0
80190,81,bully,1962,1,0,0,29,0,406,0,1,81,78228,1962,0,30,0,0,0,LEADER,1,0,0,29,0,0,0,0,0,0,0,0,0,0,0
79850,67,bully,1622,1,0,0,29,0,406,0,1,67,78228,1622,0,30,0,0,0,LEADER,1,0,0,29,0,0,0,0,0,0,0,0,0,0,0
80611,83,bully,2383,1,0,0,29,0,406,0,1,83,78228,2383,0,30,0,0,0,LEADER,1,0,0,29,0,0,0,0,0,0,0,0,0,0,0
80755,99,bully,1607,1,0,0,29,0,406,0,1,99,79148,1607,0,30,0,0,0,LEADER,1,0,0,29,0,0,0,0,0,0,0,0,0,0,0
79932,55,bully,1704,1,0,0,29,0,406,0,1,55,78228,1704,0,30,0,0,0,LEADER,1,0,0,29,0,0,0,0,0,0,0,0,0,0,0
80722,89,bully,1574,1,0,0,29,0,406,0,1,89,79148,1574,0,30,0,0,0,LEADER,1,0,0,29,0,0,0,0,0,0,0,0,0,0,0
79884,77,bully,1656,1,0,0,29,0,406,0,1,77,78228,1656,0,30,0,0,0,LEADER,1,0,0,29,0,0,0,0,0,0,0,0,0,0,0
80156,71,bully,1928,1,0,0,29,0,406,0,1,71,78228,1928,0,30,0,0,0,LEADER,1,0,0,29,0,0,0,0,0,0,0,0,0,0,0
80068,52,bully,1840,1,0,0,29,0,406,0,1,52,78228,1840,0,30,0,0,0,LEADER,1,0,0,29,0,0,0,0,0,0,0,0,0,0,0
80438,76,bully,2213,1,0,0,29,0,406,0,1,76,78225,2213,0,30,0,0,0,LEADER,1,0,0,29,0,0,0,0,0,0,0,0,0,0,0
80035,10,bully,1807,1,0,0,29,0,406,0,1,10,78228,1807,0,30,0,0,0,LEADER,1,0,0,29,0,0,0,0,0,0,0,0,0,0,0
79968,22,bully,1740,1,0,0,29,0,406,0,1,22,78228,1740,0,30,0,0,0,LEADER,1,0,0,29,0,0,0,0,0,0,0,0,0,0,0
80116,21,bully,1889,1,0,0,29,0,406,0,1,21,78227,1889,0,30,0,0,0,LEADER,1,0,0,29,0,0,0,0,0,0,0,0,0,0,0
80374,56,bully,2146,1,0,0,29,0,406,0,1,56,78228,2146,0,30,0,0,0,LEADER,1,0,0,29,0,0,0,0,0,0,0,0,0,0,0
79899,60,bully,1671,1,0,0,29,0,406,0,1,60,78228,1671,0,30,0,0,0,LEADER,1,0,0,29,0,0,0,0,0,0,0,0,0,0,0
80752,25,bully,1604,1,0,0,29,0,406,0,1,25,79148,1604,0,30,0,0,0,LEADER,1,0,0,29,0,0,0,0,0,0,0,0,0,0,0
79965,65,bully,1737,1,0,0,29,0,406,0,1,65,78228,1737,0,30,0,0,0,LEADER,1,0,0,29,0,0,0,0,0,0,0,0,0,0,0
80641,19,bully,2413,1,0,0,29,0,406,0,1,19,78228,2413,0,30,0,0,0,LEADER,1,0,0,29,0,0,0,0,0,0,0,0,0,0,0
80271,69,bully,2043,1,0,0,29,0,406,0,1,69,78228,2043,0,30,0,0,0,LEADER,1,0,0,29,0,0,0,0,0,0,0,0,0,0,0
80873,54,bully,1725,1,0,0,29,0,406,0,1,54,79148,1725,0,30,0,0,0,LEADER,1,0,0,29,0,0,0,0,0,0,0,0,0,0,0
80220,17,bully,1992,1,0,0,29,0,406,0,1,17,78228,1992,0,30,0,0,0,LEADER,1,0,0,29,0,0,0,0,0,0,0,0,0,0,0
80734,100,bully,1586,1,0,0,29,0,406,0,1,100,79148,1586,0,30,0,0,0,LEADER,1,0,0,29,0,0,0,0,0,0,0,0,0,0,0
80697,16,bully,1549,1,0,0,29,0,406,0,1,16,79148,1549,0,30,0,0,0,LEADER,1,0,0,29,0,0,0,0,0,0,0,0,0,0,0
80286,37,bully,2058,1,0,0,29,0,406,0,1,37,78228,2058,0,30,0,0,0,LEADER,1,0,0,29,0,0,0,0,0,0,0,0,0,0,0
80922,13,bully,1774,1,0,0,29,0,406,0,1,13,79148,1774,0,30,0,0,0,LEADER,1,0,0,29,0,0,0,0,0,0,0,0,0,0,0
80083,20,bully,1855,1,0,0,29,0,406,0,1,20,78228,1855,0,30,0,0,0,LEADER,1,0,0,29,0,0,0,0,0,0,0,0,0,0,0
80715,41,bully,1567,1,0,0,29,0,406,0,1,41,79148,1567,0,30,0,0,0,LEADER,1,0,0,29,0,0,0,0,0,0,0,0,0,0,0
80704,47,bully,1556,1,0,0,29,0,406,0,1,47,79148,1556,0,30,0,0,0,LEADER,1,0,0,29,0,0,0,0,0,0,0,0,0,0,0
80530,95,bully,2301,1,0,0,29,0,406,0,1,95,78229,2301,0,30,0,0,0,LEADER,1,0,0,29,0,0,0,0,0,0,0,0,0,0,0
80393,98,bully,2165,1,0,0,29,0,406,0,1,98,78228,2165,0,30,0,0,0,LEADER,1,0,0,29,0,0,0,0,0,0,0,0,0,0,0
80577,73,bully,2349,1,0,0,29,0,406,0,1,73,78228,2349,0,30,0,0,0,LEADER,1,0,0,29,0,0,0,0,0,0,0,0,0,0,0
80900,33,bully,1752,1,0,0,29,0,406,0,1,33,79148,1752,0,30,0,0,0,LEADER,1,0,0,29,0,0,0,0,0,0,0,0,0,0,0
80123,61,bully,1895,1,0,0,29,0,406,0,1,61,78228,1895,0,30,0,0,0,LEADER,1,0,0,29,0,0,0,0,0,0,0,0,0,0,0
80870,97,bully,1722,1,0,0,29,0,406,0,1,97,79148,1722,0,30,0,0,0,LEADER,1,0,0,29,0,0,0,0,0,0,0,0,0,0,0
81070,40,bully,1922,1,0,0,29,0,406,0,1,40,79148,1922,0,30,0,0,0,LEADER,1,0,0,29,0,0,0,0,0,0,0,0,0,0,0
81058,29,bully,1910,1,0,0,29,0,406,0,1,29,79148,1910,0,30,0,0,0,LEADER,1,0,0,29,0,0,0,0,0,0,0,0,0,0,0
80559,31,bully,2331,1,0,0,29,0,406,0,1,31,78228,2331,0,30,0,0,0,LEADER,1,0,0,29,0,0,0,0,0,0,0,0,0,0,0
80890,96,bully,1744,1,0,0,29,0,406,0,1,96,79146,1744,0,30,0,0,0,LEADER,1,0,0,29,0,0,0,0,0,0,0,0,0,0,0
80973,84,bully,1825,1,0,0,29,0,406,0,1,84,79148,1825,0,30,0,0,0,LEADER,1,0,0,29,0,0,0,0,0,0,0,0,0,0,0
80667,80,bully,1519,1,0,0,29,0,406,0,1,80,79148,1519,0,30,0,0,0,LEADER,1,0,0,29,0,0,0,0,0,0,0,0,0,0,0
80511,53,bully,2283,1,0,0,29,0,406,0,1,53,78228,2283,0,30,0,0,0,LEADER,1,0,0,29,0,0,0,0,0,0,0,0,0,0,0
80586,92,bully,1438,1,0,0,29,0,406,0,1,92,79148,1438,0,30,0,0,0,LEADER,1,0,0,29,0,0,0,0,0,0,0,0,0,0,0
81022,62,bully,1874,1,0,0,29,0,406,0,1,62,79148,1874,0,30,0,0,0,LEADER,1,0,0,29,0,0,0,0,0,0,0,0,0,0,0
80764,91,bully,1619,1,0,0,29,0,406,0,1,91,79145,1619,0,30,0,0,0,LEADER,1,0,0,29,0,0,0,0,0,0,0,0,0,0,0
80719,15,bully,1571,1,0,0,29,0,406,0,1,15,79148,1571,0,30,0,0,0,LEADER,1,0,0,29,0,0,0,0,0,0,0,0,0,0,0
80389,26,bully,2161,1,0,0,29,0,406,0,1,26,78228,2161,0,30,0,0,0,LEADER,1,0,0,29,0,0,0,0,0,0,0,0,0,0,0
81125,49,bully,1977,1,0,0,29,0,406,0,1,49,79148,1977,0,30,0,0,0,LEADER,1,0,0,29,0,0,0,0,0,0,0,0,0,0,0
80940,58,bully,1792,1,0,0,29,0,406,0,1,58,79148,1792,0,30,0,0,0,LEADER,1,0,0,29,0,0,0,0,0,0,0,0,0,0,0
80474,86,bully,2246,1,0,0,29,0,406,0,1,86,78228,2246,0,30,0,0,0,LEADER,1,0,0,29,0,0,0,0,0,0,0,0,0,0,0
80647,50,bully,2419,1,0,0,29,0,406,0,1,50,78228,2419,0,30,0,0,0,LEADER,1,0,0,29,0,0,0,0,0,0,0,0,0,0,0
80499,85,bully,2268,1,0,0,29,0,406,0,1,85,78231,2268,0,30,0,0,0,LEADER,1,0,0,29,0,0,0,0,0,0,0,0,0,0,0
80438,87,bully,2212,1,0,0,29,0,406,0,1,87,78226,2212,0,30,0,0,0,LEADER,1,0,0,29,0,0,0,0,0,0,0,0,0,0,0
80644,64,bully,2416,1,0,0,29,0,406,0,1,64,78228,2416,0,30,0,0,0,LEADER,1,0,0,29,0,0,0,0,0,0,0,0,0,0,0
80582,18,bully,1434,1,0,0,29,0,406,0,1,18,79148,1434,0,30,0,0,0,LEADER,1,0,0,29,0,0,0,0,0,0,0,0,0,0,0
80493,11,bully,2264,1,0,0,29,0,406,0,1,11,78229,2264,0,30,0,0,0,LEADER,1,0,0,29,0,0,0,0,0,0,0,0,0,0,0
80701,90,bully,1553,1,0,0,29,0,406,0,1,90,79148,1553,0,30,0,0,0,LEADER,1,0,0,29,0,0,0,0,0,0,0,0,0,0,0
80595,35,bully,1447,1,0,0,29,0,406,0,1,35,79148,1447,0,30,0,0,0,LEADER,1,0,0,29,0,0,0,0,0,0,0,0,0,0,0
80477,43,bully,2249,1,0,0,29,0,406,0,1,43,78228,2249,0,30,0,0,0,LEADER,1,0,0,29,0,0,0,0,0,0,0,0,0,0,0
80615,28,bully,1467,1,0,0,29,0,406,0,1,28,79148,1467,0,30,0,0,0,LEADER,1,0,0,29,0,0,0,0,0,0,0,0,0,0,0
81289,23,bully,2141,1,0,0,29,0,406,0,1,23,79148,2141,0,30,0,0,0,LEADER,1,0,0,29,0,0,0,0,0,0,0,0,0,0,0
80455,44,bully,2228,1,0,0,29,0,406,0,1,44,78227,2228,0,30,0,0,0,LEADER,1,0,0,29,0,0,0,0,0,0,0,0,0,0,0
80609,30,bully,1461,1,0,0,29,0,406,0,1,30,79148,1461,0,30,0,0,0,LEADER,1,0,0,29,0,0,0,0,0,0,0,0,0,0,0
81007,94,bully,1859,1,0,0,29,0,406,0,1,94,79148,1859,0,30,0,0,0,LEADER,1,0,0,29,0,0,0,0,0,0,0,0,0,0,0
80649,38,bully,1501,1,0,0,29,0,406,0,1,38,79148,1501,0,30,0,0,0,LEADER,1,0,0,29,0,0,0,0,0,0,0,0,0,0,0
81328,66,bully,2180,1,0,0,29,0,406,0,1,66,79148,2180,0,30,0,0,0,LEADER,1,0,0,29,0,0,0,0,0,0,0,0,0,0,0
80634,70,bully,1486,1,0,0,29,0,406,0,1,70,79148,1486,0,30,0,0,0,LEADER,1,0,0,29,0,0,0,0,0,0,0,0,0,0,0
81279,88,bully,2131,1,0,0,29,0,406,0,1,88,79148,2131,0,30,0,0,0,LEADER,1,0,0,29,0,0,0,0,0,0,0,0,0,0,0
80463,75,bully,2235,1,0,0,29,0,406,0,1,75,78228,2235,0,30,0,0,0,LEADER,1,0,0,29,0,0,0,0,0,0,0,0,0,0,0
80471,12,bully,2243,1,0,0,29,0,406,0,1,12,78228,2243,0,30,0,0,0,LEADER,1,0,0,29,0,0,0,0,0,0,0,0,0,0,0
81173,27,bully,2025,1,0,0,29,0,406,0,1,27,79148,2025,0,30,0,0,0,LEADER,1,0,0,29,0,0,0,0,0,0,0,0,0,0,0
80662,42,bully,1514,1,0,0,29,0,406,0,1,42,79148,1514,0,30,0,0,0,LEADER,1,0,0,29,0,0,0,0,0,0,0,0,0,0,0
81309,24,bully,2161,1,0,0,29,0,406,0,1,24,79148,2161,0,30,0,0,0,LEADER,1,0,0,29,0,0,0,0,0,0,0,0,0,0,0
81261,46,bully,2113,1,0,0,29,0,406,0,1,46,79148,2113,0,30,0,0,0,LEADER,1,0,0,29,0,0,0,0,0,0,0,0,0,0,0
80785,34,bully,1637,1,0,0,29,0,406,0,1,34,79148,1637,0,30,0,0,0,LEADER,1,0,0,29,0,0,0,0,0,0,0,0,0,0,0
81158,59,bully,2010,1,0,0,29,0,406,0,1,59,79148,2010,0,30,0,0,0,LEADER,1,0,0,29,0,0,0,0,0,0,0,0,0,0,0
81440,32,bully,2292,1,0,0,29,0,406,0,1,32,79148,2292,0,30,0,0,0,LEADER,1,0,0,29,0,0,0,0,0,0,0,0,0,0,0
81055,72,bully,1907,1,0,0,29,0,406,0,1,72,79148,1907,0,30,0,0,0,LEADER,1,0,0,29,0,0,0,0,0,0,0,0,0,0,0
81467,63,bully,2316,1,0,0,29,0,406,0,1,63,79151,2316,0,30,0,0,0,LEADER,1,0,0,29,0,0,0,0,0,0,0,0,0,0,0
80940,74,bully,1792,1,0,0,29,0,406,0,1,74,79148,1792,0,30,0,0,0,LEADER,1,0,0,29,0,0,0,0,0,0,0,0,0,0,0
80682,48,bully,1534,1,0,0,29,0,406,0,1,48,79148,1534,0,30,0,0,0,LEADER,1,0,0,29,0,0,0,0,0,0,0,0,0,0,0
81143,57,bully,1995,1,0,0,29,0,406,0,1,57,79148,1995,0,30,0,0,0,LEADER,1,0,0,29,0,0,0,0,0,0,0,0,0,0,0
81213,68,bully,2065,1,0,0,29,0,406,0,1,68,79148,2065,0,30,0,0,0,LEADER,1,0,0,29,0,0,0,0,0,0,0,0,0,0,0
80614,45,bully,1466,1,0,0,29,0,406,0,1,45,79148,1466,0,30,0,0,0,LEADER,1,0,0,29,0,0,0,0,0,0,0,0,0,0,0
80971,93,bully,1823,1,0,0,29,0,406,0,1,93,79148,1823,0,30,0,0,0,LEADER,1,0,0,29,0,0,0,0,0,0,0,0,0,0,0
81552,82,bully,2404,1,0,0,29,0,406,0,1,82,79148,2404,0,30,0,0,0,LEADER,1,0,0,29,0,0,0,0,0,0,0,0,0,0,0
81546,51,bully,2398,1,0,0,29,0,406,0,1,51,79148,2398,0,30,0,0,0,LEADER,1,0,0,29,0,0,0,0,0,0,0,0,0,0,0
81091,39,bully,1943,1,0,0,29,0,406,0,1,39,79148,1943,0,30,0,0,0,LEADER,1,0,0,29,0,0,0,0,0,0,0,0,0,0,0
80837,78,bully,1689,1,0,0,29,0,406,0,1,78,79148,1689,0,30,0,0,0,LEADER,1,0,0,29,0,0,0,0,0,0,0,0,0,0,0
81225,79,bully,2077,1,0,0,29,0,406,0,1,79,79148,2077,0,30,0,0,0,LEADER,1,0,0,29,0,0,0,0,0,0,0,0,0,0,0
80800,14,bully,1652,1,0,0,29,0,406,0,1,14,79148,1652,0,30,0,0,0,LEADER,1,0,0,29,0,0,0,0,0,0,0,0,0,0,0
81227,36,bully,2080,1,0,0,29,0,406,0,1,36,79147,2080,0,30,0,0,0,LEADER,1,0,0,29,0,0,0,0,0,0,0,0,0,0,0
81110,81,bully,1962,1,0,0,29,0,406,0,1,81,79148,1962,0,30,0,0,0,LEADER,1,0,0,29,0,0,0,0,0,0,0,0,0,0,0
80770,67,bully,1622,1,0,0,29,0,406,0,1,67,79148,1622,0,30,0,0,0,LEADER,1,0,0,29,0,0,0,0,0,0,0,0,0,0,0
81531,83,bully,2383,1,0,0,29,0,406,0,1,83,79148,2383,0,30,0,0,0,LEADER,1,0,0,29,0,0,0,0,0,0,0,0,0,0,0
81676,99,bully,1607,1,0,0,30,0,420,0,1,99,80069,1607,0,31,0,0,0,LEADER,1,0,0,30,0,0,0,0,0,0,0,0,0,0,0
80852,55,bully,1704,1,0,0,29,0,406,0,1,55,79148,1704,0,30,0,0,0,LEADER,1,0,0,29,0,0,0,0,0,0,0,0,0,0,0
81643,89,bully,1574,1,0,0,30,0,420,0,1,89,80069,1574,0,31,0,0,0,LEADER,1,0,0,30,0,0,0,0,0,0,0,0,0,0,0
80804,77,bully,1656,1,0,0,29,0,406,0,1,77,79148,1656,0,30,0,0,0,LEADER,1,0,0,29,0,0,0,0,0,0,0,0,0,0,0
81076,71,bully,1928,1,0,0,29,0,406,0,1,71,79148,1928,0,30,0,0,0,LEADER,1,0,0,29,0,0,0,0,0,0,0,0,0,0,0
80988,52,bully,1840,1,0,0,29,0,406,0,1,52,79148,1840,0,30,0,0,0,LEADER,1,0,0,29,0,0,0,0,0,0,0,0,0,0,0
81358,76,bully,2213,1,0,0,29,0,406,0,1,76,79145,2213,0,30,0,0,0,LEADER,1,0,0,29,0,0,0,0,0,0,0,0,0,0,0
80955,10,bully,1807,1,0,0,29,0,406,0,1,10,79148,1807,0,30,0,0,0,LEADER,1,0,0,29,0,0,0,0,0,0,0,0,0,0,0
80888,22,bully,1740,1,0,0,29,0,406,0,1,22,79148,1740,0,30,0,0,0,LEADER,1,0,0,29,0,0,0,0,0,0,0,0,0,0,0
81036,21,bully,1889,1,0,0,29,0,406,0,1,21,79147,1889,0,30,0,0,0,LEADER,1,0,0,29,0,0,0,0,0,0,0,0,0,0,0
81294,56,bully,2146,1,0,0,29,0,406,0,1,56,79148,2146,0,30,0,0,0,LEADER,1,0,0,29,0,0,0,0,0,0,0,0,0,0,0
80819,60,bully,1671,1,0,0,29,0,406,0,1,60,79148,1671,0,30,0,0,0,LEADER,1,0,0,29,0,0,0,0,0,0,0,0,0,0,0
81673,25,bully,1604,1,0,0,30,0,420,0,1,25,80069,1604,0,31,0,0,0,LEADER,1,0,0,30,0,0,0,0,0,0,0,0,0,0,0
80885,65,bully,1737,1,0,0,29,0,406,0,1,65,79148,1737,0,30,0,0,0,LEADER,1,0,0,29,0,0,0,0,0,0,0,0,0,0,0
81561,19,bully,2413,1,0,0,29,0,406,0,1,19,79148,2413,0,30,0,0,0,LEADER,1,0,0,29,0,0,0,0,0,0,0,0,0,0,0
81191,69,bully,2043,1,0,0,29,0,406,0,1,69,79148,2043,0,30,0,0,0,LEADER,1,0,0,29,0,0,0,0,0,0,0,0,0,0,0
81794,54,bully,1725,1,0,0,30,0,420,0,1,54,80069,1725,0,31,0,0,0,LEADER,1,0,0,30,0,0,0,0,0,0,0,0,0,0,0
81140,17,bully,1992,1,0,0,29,0,406,0,1,17,79148,1992,0,30,0,0,0,LEADER,1,0,0,29,0,0,0,0,0,0,0,0,0,0,0
81655,100,bully,1586,1,0,0,30,0,420,0,1,100,80069,1586,0,31,0,0,0,LEADER,1,0,0,30,0,0,0,0,0,0,0,0,0,0,0
81618,16,bully,1549,1,0,0,30,0,420,0,1,16,80069,1549,0,31,0,0,0,LEADER,1,0,0,30,0,0,0,0,0,0,0,0,0,0,0
81206,37,bully,2058,1,0,0,29,0,406,0,1,37,79148,2058,0,30,0,0,0,LEADER,1,0,0,29,0,0,0,0,0,0,0,0,0,0,0
81843,13,bully,1774,1,0,0,30,0,420,0,1,13,80069,1774,0,31,0,0,0,LEADER,1,0,0,30,0,0,0,0,0,0,0,0,0,0,0
81003,20,bully,1855,1,0,0,29,0,406,0,1,20,79148,1855,0,30,0,0,0,LEADER,1,0,0,29,0,0,0,0,0,0,0,0,0,0,0
81636,41,bully,1567,1,0,0,30,0,420,0,1,41,80069,1567,0,31,0,0,0,LEADER,1,0,0,30,0,0,0,0,0,0,0,0,0,0,0
81625,47,bully,1556,1,0,0,30,0,420,0,1,47,80069,1556,0,31,0,0,0,LEADER,1,0,0,30,0,0,0,0,0,0,0,0,0,0,0
81450,95,bully,2301,1,0,0,29,0,406,0,1,95,79149,2301,0,30,0,0,0,LEADER,1,0,0,29,0,0,0,0,0,0,0,0,0,0,0
81313,98,bully,2165,1,0,0,29,0,406,0,1,98,79148,2165,0,30,0,0,0,LEADER,1,0,0,29,0,0,0,0,0,0,0,0,0,0,0
81497,73,bully,2349,1,0,0,29,0,406,0,1,73,79148,2349,0,30,0,0,0,LEADER,1,0,0,29,0,0,0,0,0,0,0,0,0,0,0
81043,61,bully,1895,1,0,0,29,0,406,0,1,61,79148,1895,0,30,0,0,0,LEADER,1,0,0,29,0,0,0,0,0,0,0,0,0,0,0
81791,97,bully,1722,1,0,0,30,0,420,0,1,97,80069,1722,0,31,0,0,0,LEADER,1,0,0,30,0,0,0,0,0,0,0,0,0,0,0
81821,33,bully,1752,1,0,0,30,0,420,0,1,33,80069,1752,0,31,0,0,0,LEADER,1,0,0,30,0,0,0,0,0,0,0,0,0,0,0
81479,31,bully,2331,1,0,0,29,0,406,0,1,31,79148,2331,0,30,0,0,0,LEADER,1,0,0,29,0,0,0,0,0,0,0,0,0,0,0
81979,29,bully,1910,1,0,0,30,0,420,0,1,29,80069,1910,0,31,0,0,0,LEADER,1,0,0,30,0,0,0,0,0,0,0,0,0,0,0
81991,40,bully,1922,1,0,0,30,0,420,0,1,40,80069,1922,0,31,0,0,0,LEADER,1,0,0,30,0,0,0,0,0,0,0,0,0,0,0
81811,96,bully,1744,1,0,0,30,0,420,0,1,96,80067,1744,0,31,0,0,0,LEADER,1,0,0,30,0,0,0,0,0,0,0,0,0,0,0
81894,84,bully,1825,1,0,0,30,0,420,0,1,84,80069,1825,0,31,0,0,0,LEADER,1,0,0,30,0,0,0,0,0,0,0,0,0,0,0
81588,80,bully,1519,1,0,0,30,0,420,0,1,80,80069,1519,0,31,0,0,0,LEADER,1,0,0,30,0,0,0,0,0,0,0,0,0,0,0
81431,53,bully,2283,1,0,0,29,0,406,0,1,53,79148,2283,0,30,0,0,0,LEADER,1,0,0,29,0,0,0,0,0,0,0,0,0,0,0
81507,92,bully,1438,1,0,0,30,0,420,0,1,92,80069,1438,0,31,0,0,0,LEADER,1,0,0,30,0,0,0,0,0,0,0,0,0,0,0
81943,62,bully,1874,1,0,0,30,0,420,0,1,62,80069,1874,0,31,0,0,0,LEADER,1,0,0,30,0,0,0,0,0,0,0,0,0,0,0
81685,91,bully,1619,1,0,0,30,0,420,0,1,91,80066,1619,0,31,0,0,0,LEADER,1,0,0,30,0,0,0,0,0,0,0,0,0,0,0
81640,15,bully,1571,1,0,0,30,0,420,0,1,15,80069,1571,0,31,0,0,0,LEADER,1,0,0,30,0,0,0,0,0,0,0,0,0,0,0
81309,26,bully,2161,1,0,0,29,0,406,0,1,26,79148,2161,0,30,0,0,0,LEADER,1,0,0,29,0,0,0,0,0,0,0,0,0,0,0
82046,49,bully,1977,1,0,0,30,0,420,0,1,49,80069,1977,0,31,0,0,0,LEADER,1,0,0,30,0,0,0,0,0,0,0,0,0,0,0
81861,58,bully,1792,1,0,0,30,0,420,0,1,58,80069,1792,0,31,0,0,0,LEADER,1,0,0,30,0,0,0,0,0,0,0,0,0,0,0
81394,86,bully,2246,1,0,0,29,0,406,0,1,86,79148,2246,0,30,0,0,0,LEADER,1,0,0,29,0,0,0,0,0,0,0,0,0,0,0
81567,50,bully,2419,1,0,0,29,0,406,0,1,50,79148,2419,0,30,0,0,0,LEADER,1,0,0,29,0,0,0,0,0,0,0,0,0,0,0
81419,85,bully,2268,1,0,0,29,0,406,0,1,85,79151,2268,0,30,0,0,0,LEADER,1,0,0,29,0,0,0,0,0,0,0,0,0,0,0
81358,87,bully,2212,1,0,0,29,0,406,0,1,87,79146,2212,0,30,0,0,0,LEADER,1,0,0,29,0,0,0,0,0,0,0,0,0,0,0
81564,64,bully,2416,1,0,0,29,0,406,0,1,64,79148,2416,0,30,0,0,0,LEADER,1,0,0,29,0,0,0,0,0,0,0,0,0,0,0
81413,11,bully,2264,1,0,0,29,0,406,0,1,11,79149,2264,0,30,0,0,0,LEADER,1,0,0,29,0,0,0,0,0,0,0,0,0,0,0
81503,18,bully,1434,1,0,0,30,0,420,0,1,18,80069,1434,0,31,0,0,0,LEADER,1,0,0,30,0,0,0,0,0,0,0,0,0,0,0
81622,90,bully,1553,1,0,0,30,0,420,0,1,90,80069,1553,0,31,0,0,0,LEADER,1,0,0,30,0,0,0,0,0,0,0,0,0,0,0
81516,35,bully,1447,1,0,0,30,0,420,0,1,35,80069,1447,0,31,0,0,0,LEADER,1,0,0,30,0,0,0,0,0,0,0,0,0,0,0
81397,43,bully,2249,1,0,0,29,0,406,0,1,43,79148,2249,0,30,0,0,0,LEADER,1,0,0,29,0,0,0,0,0,0,0,0,0,0,0
81536,28,bully,1467,1,0,0,30,0,420,0,1,28,80069,1467,0,31,0,0,0,LEADER,1,0,0,30,0,0,0,0,0,0,0,0,0,0,0
81375,44,bully,2228,1,0,0,29,0,406,0,1,44,79147,2228,0,30,0,0,0,LEADER,1,0,0,29,0,0,0,0,0,0,0,0,0,0,0
82210,23,bully,2141,1,0,0,30,0,420,0,1,23,80069,2141,0,31,0,0,0,LEADER,1,0,0,30,0,0,0,0,0,0,0,0,0,0,0
81530,30,bully,1461,1,0,0,30,0,420,0,1,30,80069,1461,0,31,0,0,0,LEADER,1,0,0,30,0,0,0,0,0,0,0,0,0,0,0
81928,94,bully,1859,1,0,0,30,0,420,0,1,94,80069,1859,0,31,0,0,0,LEADER,1,0,0,30,0,0,0,0,0,0,0,0,0,0,0
81570,38,bully,1501,1,0,0,30,0,420,0,1,38,80069,1501,0,31,0,0,0,LEADER,1,0,0,30,0,0,0,0,0,0,0,0,0,0,0
82249,66,bully,2180,1,0,0,30,0,420,0,1,66,80069,2180,0,31,0,0,0,LEADER,1,0,0,30,0,0,0,0,0,0,0,0,0,0,0
81555,70,bully,1486,1,0,0,30,0,420,0,1,70,80069,1486,0,31,0,0,0,LEADER,1,0,0,30,0,0,0,0,0,0,0,0,0,0,0
82200,88,bully,2131,1,0,0,30,0,420,0,1,88,80069,2131,0,31,0,0,0,LEADER,1,0,0,30,0,0,0,0,0,0,0,0,0,0,0
81383,75,bully,2235,1,0,0,29,0,406,0,1,75,79148,2235,0,30,0,0,0,LEADER,1,0,0,29,0,0,0,0,0,0,0,0,0,0,0
81391,12,bully,2243,1,0,0,29,0,406,0,1,12,79148,2243,0,30,0,0,0,LEADER,1,0,0,29,0,0,0,0,0,0,0,0,0,0,0
82094,27,bully,2025,1,0,0,30,0,420,0,1,27,80069,2025,0,31,0,0,0,LEADER,1,0,0,30,0,0,0,0,0,0,0,0,0,0,0
81583,42,bully,1514,1,0,0,30,0,420,0,1,42,80069,1514,0,31,0,0,0,LEADER,1,0,0,30,0,0,0,0,0,0,0,0,0,0,0
82230,24,bully,2161,1,0,0,30,0,420,0,1,24,80069,2161,0,31,0,0,0,LEADER,1,0,0,30,0,0,0,0,0,0,0,0,0,0,0
82182,46,bully,2113,1,0,0,30,0,420,0,1,46,80069,2113,0,31,0,0,0,LEADER,1,0,0,30,0,0,0,0,0,0,0,0,0,0,0
81706,34,bully,1637,1,0,0,30,0,420,0,1,34,80069,1637,0,31,0,0,0,LEADER,1,0,0,30,0,0,0,0,0,0,0,0,0,0,0
82079,59,bully,2010,1,0,0,30,0,420,0,1,59,80069,2010,0,31,0,0,0,LEADER,1,0,0,30,0,0,0,0,0,0,0,0,0,0,0
82361,32,bully,2292,1,0,0,30,0,420,0,1,32,80069,2292,0,31,0,0,0,LEADER,1,0,0,30,0,0,0,0,0,0,0,0,0,0,0
81976,72,bully,1907,1,0,0,30,0,420,0,1,72,80069,1907,0,31,0,0,0,LEADER,1,0,0,30,0,0,0,0,0,0,0,0,0,0,0
82388,63,bully,2316,1,0,0,30,0,420,0,1,63,80072,2316,0,31,0,0,0,LEADER,1,0,0,30,0,0,0,0,0,0,0,0,0,0,0
81861,74,bully,1792,1,0,0,30,0,420,0,1,74,80069,1792,0,31,0,0,0,LEADER,1,0,0,30,0,0,0,0,0,0,0,0,0,0,0
81603,48,bully,1534,1,0,0,30,0,420,0,1,48,80069,1534,0,31,0,0,0,LEADER,1,0,0,30,0,0,0,0,0,0,0,0,0,0,0
82064,57,bully,1995,1,0,0,30,0,420,0,1,57,80069,1995,0,31,0,0,0,LEADER,1,0,0,30,0,0,0,0,0,0,0,0,0,0,0
82134,68,bully,2065,1,0,0,30,0,420,0,1,68,80069,2065,0,31,0,0,0,LEADER,1,0,0,30,0,0,0,0,0,0,0,0,0,0,0
81535,45,bully,1466,1,0,0,30,0,420,0,1,45,80069,1466,0,31,0,0,0,LEADER,1,0,0,30,0,0,0,0,0,0,0,0,0,0,0
81892,93,bully,1823,1,0,0,30,0,420,0,1,93,80069,1823,0,31,0,0,0,LEADER,1,0,0,30,0,0,0,0,0,0,0,0,0,0,0
82473,82,bully,2404,1,0,0,30,0,420,0,1,82,80069,2404,0,31,0,0,0,LEADER,1,0,0,30,0,0,0,0,0,0,0,0,0,0,0
82467,51,bully,2398,1,0,0,30,0,420,0,1,51,80069,2398,0,31,0,0,0,LEADER,1,0,0,30,0,0,0,0,0,0,0,0,0,0,0
82012,39,bully,1943,1,0,0,30,0,420,0,1,39,80069,1943,0,31,0,0,0,LEADER,1,0,0,30,0,0,0,0,0,0,0,0,0,0,0
81758,78,bully,1689,1,0,0,30,0,420,0,1,78,80069,1689,0,31,0,0,0,LEADER,1,0,0,30,0,0,0,0,0,0,0,0,0,0,0
82146,79,bully,2077,1,0,0,30,0,420,0,1,79,80069,2077,0,31,0,0,0,LEADER,1,0,0,30,0,0,0,0,0,0,0,0,0,0,0
81721,14,bully,1652,1,0,0,30,0,420,0,1,14,80069,1652,0,31,0,0,0,LEADER,1,0,0,30,0,0,0,0,0,0,0,0,0,0,0
82148,36,bully,2080,1,0,0,30,0,420,0,1,36,80068,2080,0,31,0,0,0,LEADER,1,0,0,30,0,0,0,0,0,0,0,0,0,0,0
82031,81,bully,1962,1,0,0,30,0,420,0,1,81,80069,1962,0,31,0,0,0,LEADER,1,0,0,30,0,0,0,0,0,0,0,0,0,0,0
81691,67,bully,1622,1,0,0,30,0,420,0,1,67,80069,1622,0,31,0,0,0,LEADER,1,0,0,30,0,0,0,0,0,0,0,0,0,0,0
82452,83,bully,2383,1,0,0,30,0,420,0,1,83,80069,2383,0,31,0,0,0,LEADER,1,0,0,30,0,0,0,0,0,0,0,0,0,0,0
82596,99,bully,1607,1,0,0,30,0,420,0,1,99,80989,1607,0,31,0,0,0,LEADER,1,0,0,30,0,0,0,0,0,0,0,0,0,0,0
81773,55,bully,1704,1,0,0,30,0,420,0,1,55,80069,1704,0,31,0,0,0,LEADER,1,0,0,30,0,0,0,0,0,0,0,0,0,0,0
82563,89,bully,1574,1,0,0,30,0,420,0,1,89,80989,1574,0,31,0,0,0,LEADER,1,0,0,30,0,0,0,0,0,0,0,0,0,0,0
81725,77,bully,1656,1,0,0,30,0,420,0,1,77,80069,1656,0,31,0,0,0,LEADER,1,0,0,30,0,0,0,0,0,0,0,0,0,0,0
81997,71,bully,1928,1,0,0,30,0,420,0,1,71,80069,1928,0,31,0,0,0,LEADER,1,0,0,30,0,0,0,0,0,0,0,0,0,0,0
81909,52,bully,1840,1,0,0,30,0,420,0,1,52,80069,1840,0,31,0,0,0,LEADER,1,0,0,30,0,0,0,0,0,0,0,0,0,0,0
82279,76,bully,2213,1,0,0,30,0,420,0,1,76,80066,2213,0,31,0,0,0,LEADER,1,0,0,30,0,0,0,0,0,0,0,0,0,0,0
81876,10,bully,1807,1,0,0,30,0,420,0,1,10,80069,1807,0,31,0,0,0,LEADER,1,0,0,30,0,0,0,0,0,0,0,0,0,0,0
81809,22,bully,1740,1,0,0,30,0,420,0,1,22,80069,1740,0,31,0,0,0,LEADER,1,0,0,30,0,0,0,0,0,0,0,0,0,0,0
81957,21,bully,1889,1,0,0,30,0,420,0,1,21,80068,1889,0,31,0,0,0,LEADER,1,0,0,30,0,0,0,0,0,0,0,0,0,0,0
82215,56,bully,2146,1,0,0,30,0,420,0,1,56,80069,2146,0,31,0,0,0,LEADER,1,0,0,30,0,0,0,0,0,0,0,0,0,0,0
81740,60,bully,1671,1,0,0,30,0,420,0,1,60,80069,1671,0,31,0,0,0,LEADER,1,0,0,30,0,0,0,0,0,0,0,0,0,0,0
82593,25,bully,1604,1,0,0,30,0,420,0,1,25,80989,1604,0,31,0,0,0,LEADER,1,0,0,30,0,0,0,0,0,0,0,0,0,0,0
81806,65,bully,1737,1,0,0,30,0,420,0,1,65,80069,1737,0,31,0,0,0,LEADER,1,0,0,30,0,0,0,0,0,0,0,0,0,0,0
82482,19,bully,2413,1,0,0,30,0,420,0,1,19,80069,2413,0,31,0,0,0,LEADER,1,0,0,30,0,0,0,0,0,0,0,0,0,0,0
82112,69,bully,2043,1,0,0,30,0,420,0,1,69,80069,2043,0,31,0,0,0,LEADER,1,0,0,30,0,0,0,0,0,0,0,0,0,0,0
82714,54,bully,1725,1,0,0,30,0,420,0,1,54,80989,1725,0,31,0,0,0,LEADER,1,0,0,30,0,0,0,0,0,0,0,0,0,0,0
82061,17,bully,1992,1,0,0,30,0,420,0,1,17,80069,1992,0,31,0,0,0,LEADER,1,0,0,30,0,0,0,0,0,0,0,0,0,0,0
82575,100,bully,1586,1,0,0,30,0,420,0,1,100,80989,1586,0,31,0,0,0,LEADER,1,0,0,30,0,0,0,0,0,0,0,0,0,0,0
82538,16,bully,1549,1,0,0,30,0,420,0,1,16,80989,1549,0,31,0,0,0,LEADER,1,0,0,30,0,0,0,0,0,0,0,0,0,0,0
82127,37,bully,2058,1,0,0,30,0,420,0,1,37,80069,2058,0,31,0,0,0,LEADER,1,0,0,30,0,0,0,0,0,0,0,0,0,0,0
82763,13,bully,1774,1,0,0,30,0,420,0,1,13,80989,1774,0,31,0,0,0,LEADER,1,0,0,30,0,0,0,0,0,0,0,0,0,0,0
81924,20,bully,1855,1,0,0,30,0,420,0,1,20,80069,1855,0,31,0,0,0,LEADER,1,0,0,30,0,0,0,0,0,0,0,0,0,0,0
81975,3,bully,1903,1,0,0,8,17,112,238,3,3,80072,1903,0,5,0,0,0,LEADER,1,0,0,8,0,0,0,17,0,0,0,0,0,0,0
82556,41,bully,1567,1,0,0,30,0,420,0,1,41,80989,1567,0,31,0,0,0,LEADER,1,0,0,30,0,0,0,0,0,0,0,0,0,0,0
82545,47,bully,1556,1,0,0,30,0,420,0,1,47,80989,1556,0,31,0,0,0,LEADER,1,0,0,30,0,0,0,0,0,0,0,0,0,0,0
82371,95,bully,2301,1,0,0,30,0,420,0,1,95,80070,2301,0,31,0,0,0,LEADER,1,0,0,30,0,0,0,0,0,0,0,0,0,0,0
82234,98,bully,2165,1,0,0,30,0,420,0,1,98,80069,2165,0,31,0,0,0,LEADER,1,0,0,30,0,0,0,0,0,0,0,0,0,0,0
82418,73,bully,2349,1,0,0,30,0,420,0,1,73,80069,2349,0,31,0,0,0,LEADER,1,0,0,30,0,0,0,0,0,0,0,0,0,0,0
82741,33,bully,1752,1,0,0,30,0,420,0,1,33,80989,1752,0,31,0,0,0,LEADER,1,0,0,30,0,0,0,0,0,0,0,0,0,0,0
82711,97,bully,1722,1,0,0,30,0,420,0,1,97,80989,1722,0,31,0,0,0,LEADER,1,0,0,30,0,0,0,0,0,0,0,0,0,0,0
81964,61,bully,1895,1,0,0,30,0,420,0,1,61,80069,1895,0,31,0,0,0,LEADER,1,0,0,30,0,0,0,0,0,0,0,0,0,0,0
82899,29,bully,1910,1,0,0,30,0,420,0,1,29,80989,1910,0,31,0,0,0,LEADER,1,0,0,30,0,0,0,0,0,0,0,0,0,0,0
82911,40,bully,1922,1,0,0,30,0,420,0,1,40,80989,1922,0,31,0,0,0,LEADER,1,0,0,30,0,0,0,0,0,0,0,0,0,0,0
82400,31,bully,2331,1,0,0,30,0,420,0,1,31,80069,2331,0,31,0,0,0,LEADER,1,0,0,30,0,0,0,0,0,0,0,0,0,0,0
82731,96,bully,1744,1,0,0,30,0,420,0,1,96,80987,1744,0,31,0,0,0,LEADER,1,0,0,30,0,0,0,0,0,0,0,0,0,0,0
82495,1,bully,2293,1,0,0,8,8,112,112,1,1,80202,2293,0,7,0,0,0,LEADER,1,0,0,8,0,0,0,8,0,0,0,0,0,0,0
82814,84,bully,1825,1,0,0,30,0,420,0,1,84,80989,1825,0,31,0,0,0,LEADER,1,0,0,30,0,0,0,0,0,0,0,0,0,0,0
82508,80,bully,1519,1,0,0,30,0,420,0,1,80,80989,1519,0,31,0,0,0,LEADER,1,0,0,30,0,0,0,0,0,0,0,0,0,0,0
82352,53,bully,2283,1,0,0,30,0,420,0,1,53,80069,2283,0,31,0,0,0,LEADER,1,0,0,30,0,0,0,0,0,0,0,0,0,0,0
82427,92,bully,1438,1,0,0,30,0,420,0,1,92,80989,1438,0,31,0,0,0,LEADER,1,0,0,30,0,0,0,0,0,0,0,0,0,0,0
82863,62,bully,1874,1,0,0,30,0,420,0,1,62,80989,1874,0,31,0,0,0,LEADER,1,0,0,30,0,0,0,0,0,0,0,0,0,0,0
82605,91,bully,1619,1,0,0,30,0,420,0,1,91,80986,1619,0,31,0,0,0,LEADER,1,0,0,30,0,0,0,0,0,0,0,0,0,0,0
82560,15,bully,1571,1,0,0,30,0,420,0,1,15,80989,1571,0,31,0,0,0,LEADER,1,0,0,30,0,0,0,0,0,0,0,0,0,0,0
82230,26,bully,2161,1,0,0,30,0,420,0,1,26,80069,2161,0,31,0,0,0,LEADER,1,0,0,30,0,0,0,0,0,0,0,0,0,0,0
82966,49,bully,1977,1,0,0,30,0,420,0,1,49,80989,1977,0,31,0,0,0,LEADER,1,0,0,30,0,0,0,0,0,0,0,0,0,0,0
82781,58,bully,1792,1,0,0,30,0,420,0,1,58,80989,1792,0,31,0,0,0,LEADER,1,0,0,30,0,0,0,0,0,0,0,0,0,0,0
82315,86,bully,2246,1,0,0,30,0,420,0,1,86,80069,2246,0,31,0,0,0,LEADER,1,0,0,30,0,0,0,0,0,0,0,0,0,0,0
82488,50,bully,2419,1,0,0,30,0,420,0,1,50,80069,2419,0,31,0,0,0,LEADER,1,0,0,30,0,0,0,0,0,0,0,0,0,0,0
82340,85,bully,2268,1,0,0,30,0,420,0,1,85,80072,2268,0,31,0,0,0,LEADER,1,0,0,30,0,0,0,0,0,0,0,0,0,0,0
82279,87,bully,2212,1,0,0,30,0,420,0,1,87,80067,2212,0,31,0,0,0,LEADER,1,0,0,30,0,0,0,0,0,0,0,0,0,0,0
82485,64,bully,2416,1,0,0,30,0,420,0,1,64,80069,2416,0,31,0,0,0,LEADER,1,0,0,30,0,0,0,0,0,0,0,0,0,0,0
82423,18,bully,1434,1,0,0,30,0,420,0,1,18,80989,1434,0,31,0,0,0,LEADER,1,0,0,30,0,0,0,0,0,0,0,0,0,0,0
82334,11,bully,2264,1,0,0,30,0,420,0,1,11,80070,2264,0,31,0,0,0,LEADER,1,0,0,30,0,0,0,0,0,0,0,0,0,0,0
82542,90,bully,1553,1,0,0,30,0,420,0,1,90,80989,1553,0,31,0,0,0,LEADER,1,0,0,30,0,0,0,0,0,0,0,0,0,0,0
82436,35,bully,1447,1,0,0,30,0,420,0,1,35,80989,1447,0,31,0,0,0,LEADER,1,0,0,30,0,0,0,0,0,0,0,0,0,0,0
82318,43,bully,2249,1,0,0,30,0,420,0,1,43,80069,2249,0,31,0,0,0,LEADER,1,0,0,30,0,0,0,0,0,0,0,0,0,0,0
82456,28,bully,1467,1,0,0,30,0,420,0,1,28,80989,1467,0,31,0,0,0,LEADER,1,0,0,30,0,0,0,0,0,0,0,0,0,0,0
82295,44,bully,2228,1,0,0,30,0,420,0,1,44,80067,2228,0,31,0,0,0,LEADER,1,0,0,30,0,0,0,0,0,0,0,0,0,0,0
83130,23,bully,2141,1,0,0,30,0,420,0,1,23,80989,2141,0,31,0,0,0,LEADER,1,0,0,30,0,0,0,0,0,0,0,0,0,0,0
82450,30,bully,1461,1,0,0,30,0,420,0,1,30,80989,1461,0,31,0,0,0,LEADER,1,0,0,30,0,0,0,0,0,0,0,0,0,0,0
82848,94,bully,1859,1,0,0,30,0,420,0,1,94,80989,1859,0,31,0,0,0,LEADER,1,0,0,30,0,0,0,0,0,0,0,0,0,0,0
82490,38,bully,1501,1,0,0,30,0,420,0,1,38,80989,1501,0,31,0,0,0,LEADER,1,0,0,30,0,0,0,0,0,0,0,0,0,0,0
83169,66,bully,2180,1,0,0,30,0,420,0,1,66,80989,2180,0,31,0,0,0,LEADER,1,0,0,30,0,0,0,0,0,0,0,0,0,0,0
82475,70,bully,1486,1,0,0,30,0,420,0,1,70,80989,1486,0,31,0,0,0,LEADER,1,0,0,30,0,0,0,0,0,0,0,0,0,0,0
83120,88,bully,2131,1,0,0,30,0,420,0,1,88,80989,2131,0,31,0,0,0,LEADER,1,0,0,30,0,0,0,0,0,0,0,0,0,0,0
82304,75,bully,2235,1,0,0,30,0,420,0,1,75,80069,2235,0,31,0,0,0,LEADER,1,0,0,30,0,0,0,0,0,0,0,0,0,0,0
82312,12,bully,2243,1,0,0,30,0,420,0,1,12,80069,2243,0,31,0,0,0,LEADER,1,0,0,30,0,0,0,0,0,0,0,0,0,0,0
83014,27,bully,2025,1,0,0,30,0,420,0,1,27,80989,2025,0,31,0,0,0,LEADER,1,0,0,30,0,0,0,0,0,0,0,0,0,0,0
82503,42,bully,1514,1,0,0,30,0,420,0,1,42,80989,1514,0,31,0,0,0,LEADER,1,0,0,30,0,0,0,0,0,0,0,0,0,0,0
83150,24,bully,2161,1,0,0,30,0,420,0,1,24,80989,2161,0,31,0,0,0,LEADER,1,0,0,30,0,0,0,0,0,0,0,0,0,0,0
83102,46,bully,2113,1,0,0,30,0,420,0,1,46,80989,2113,0,31,0,0,0,LEADER,1,0,0,30,0,0,0,0,0,0,0,0,0,0,0
82626,34,bully,1637,1,0,0,30,0,420,0,1,34,80989,1637,0,31,0,0,0,LEADER,1,0,0,30,0,0,0,0,0,0,0,0,0,0,0
82999,59,bully,2010,1,0,0,30,0,420,0,1,59,80989,2010,0,31,0,0,0,LEADER,1,0,0,30,0,0,0,0,0,0,0,0,0,0,0
83281,32,bully,2292,1,0,0,30,0,420,0,1,32,80989,2292,0,31,0,0,0,LEADER,1,0,0,30,0,0,0,0,0,0,0,0,0,0,0
82896,72,bully,1907,1,0,0,30,0,420,0,1,72,80989,1907,0,31,0,0,0,LEADER,1,0,0,30,0,0,0,0,0,0,0,0,0,0,0
83308,63,bully,2316,1,0,0,30,0,420,0,1,63,80992,2316,0,31,0,0,0,LEADER,1,0,0,30,0,0,0,0,0,0,0,0,0,0,0
82781,74,bully,1792,1,0,0,30,0,420,0,1,74,80989,1792,0,31,0,0,0,LEADER,1,0,0,30,0,0,0,0,0,0,0,0,0,0,0
82523,48,bully,1534,1,0,0,30,0,420,0,1,48,80989,1534,0,31,0,0,0,LEADER,1,0,0,30,0,0,0,0,0,0,0,0,0,0,0
82984,57,bully,1995,1,0,0,30,0,420,0,1,57,80989,1995,0,31,0,0,0,LEADER,1,0,0,30,0,0,0,0,0,0,0,0,0,0,0
83054,68,bully,2065,1,0,0,30,0,420,0,1,68,80989,2065,0,31,0,0,0,LEADER,1,0,0,30,0,0,0,0,0,0,0,0,0,0,0
82455,45,bully,1466,1,0,0,30,0,420,0,1,45,80989,1466,0,31,0,0,0,LEADER,1,0,0,30,0,0,0,0,0,0,0,0,0,0,0
82812,93,bully,1823,1,0,0,30,0,420,0,1,93,80989,1823,0,31,0,0,0,LEADER,1,0,0,30,0,0,0,0,0,0,0,0,0,0,0
83393,82,bully,2404,1,0,0,30,0,420,0,1,82,80989,2404,0,31,0,0,0,LEADER,1,0,0,30,0,0,0,0,0,0,0,0,0,0,0
83387,51,bully,2398,1,0,0,30,0,420,0,1,51,80989,2398,0,31,0,0,0,LEADER,1,0,0,30,0,0,0,0,0,0,0,0,0,0,0
82932,39,bully,1943,1,0,0,30,0,420,0,1,39,80989,1943,0,31,0,0,0,LEADER,1,0,0,30,0,0,0,0,0,0,0,0,0,0,0
82678,78,bully,1689,1,0,0,30,0,420,0,1,78,80989,1689,0,31,0,0,0,LEADER,1,0,0,30,0,0,0,0,0,0,0,0,0,0,0
83066,79,bully,2077,1,0,0,30,0,420,0,1,79,80989,2077,0,31,0,0,0,LEADER,1,0,0,30,0,0,0,0,0,0,0,0,0,0,0
82641,14,bully,1652,1,0,0,30,0,420,0,1,14,80989,1652,0,31,0,0,0,LEADER,1,0,0,30,0,0,0,0,0,0,0,0,0,0,0
83068,36,bully,2080,1,0,0,30,0,420,0,1,36,80988,2080,0,31,0,0,0,LEADER,1,0,0,30,0,0,0,0,0,0,0,0,0,0,0
82951,81,bully,1962,1,0,0,30,0,420,0,1,81,80989,1962,0,31,0,0,0,LEADER,1,0,0,30,0,0,0,0,0,0,0,0,0,0,0
82611,67,bully,1622,1,0,0,30,0,420,0,1,67,80989,1622,0,31,0,0,0,LEADER,1,0,0,30,0,0,0,0,0,0,0,0,0,0,0
83372,83,bully,2383,1,0,0,30,0,420,0,1,83,80989,2383,0,31,0,0,0,LEADER,1,0,0,30,0,0,0,0,0,0,0,0,0,0,0
83516,99,bully,1607,1,0,0,30,0,420,0,1,99,81909,1607,0,31,0,0,0,LEADER,1,0,0,30,0,0,0,0,0,0,0,0,0,0,0
82693,55,bully,1704,1,0,0,30,0,420,0,1,55,80989,1704,0,31,0,0,0,LEADER,1,0,0,30,0,0,0,0,0,0,0,0,0,0,0
83483,89,bully,1574,1,0,0,30,0,420,0,1,89,81909,1574,0,31,0,0,0,LEADER,1,0,0,30,0,0,0,0,0,0,0,0,0,0,0
82645,77,bully,1656,1,0,0,30,0,420,0,1,77,80989,1656,0,31,0,0,0,LEADER,1,0,0,30,0,0,0,0,0,0,0,0,0,0,0
82917,71,bully,1928,1,0,0,30,0,420,0,1,71,80989,1928,0,31,0,0,0,LEADER,1,0,0,30,0,0,0,0,0,0,0,0,0,0,0
82829,52,bully,1840,1,0,0,30,0,420,0,1,52,80989,1840,0,31,0,0,0,LEADER,1,0,0,30,0,0,0,0,0,0,0,0,0,0,0
83199,76,bully,2213,1,0,0,30,0,420,0,1,76,80986,2213,0,31,0,0,0,LEADER,1,0,0,30,0,0,0,0,0,0,0,0,0,0,0
82796,10,bully,1807,1,0,0,30,0,420,0,1,10,80989,1807,0,31,0,0,0,LEADER,1,0,0,30,0,0,0,0,0,0,0,0,0,0,0
82729,22,bully,1740,1,0,0,30,0,420,0,1,22,80989,1740,0,31,0,0,0,LEADER,1,0,0,30,0,0,0,0,0,0,0,0,0,0,0
82877,21,bully,1889,1,0,0,30,0,420,0,1,21,80988,1889,0,31,0,0,0,LEADER,1,0,0,30,0,0,0,0,0,0,0,0,0,0,0
83135,56,bully,2146,1,0,0,30,0,420,0,1,56,80989,2146,0,31,0,0,0,LEADER,1,0,0,30,0,0,0,0,0,0,0,0,0,0,0
82660,60,bully,1671,1,0,0,30,0,420,0,1,60,80989,1671,0,31,0,0,0,LEADER,1,0,0,30,0,0,0,0,0,0,0,0,0,0,0
83513,25,bully,1604,1,0,0,30,0,420,0,1,25,81909,1604,0,31,0,0,0,LEADER,1,0,0,30,0,0,0,0,0,0,0,0,0,0,0
82726,65,bully,1737,1,0,0,30,0,420,0,1,65,80989,1737,0,31,0,0,0,LEADER,1,0,0,30,0,0,0,0,0,0,0,0,0,0,0
83402,19,bully,2413,1,0,0,30,0,420,0,1,19,80989,2413,0,31,0,0,0,LEADER,1,0,0,30,0,0,0,0,0,0,0,0,0,0,0
83032,69,bully,2043,1,0,0,30,0,420,0,1,69,80989,2043,0,31,0,0,0,LEADER,1,0,0,30,0,0,0,0,0,0,0,0,0,0,0
83634,54,bully,1725,1,0,0,30,0,420,0,1,54,81909,1725,0,31,0,0,0,LEADER,1,0,0,30,0,0,0,0,0,0,0,0,0,0,0
82981,17,bully,1992,1,0,0,30,0,420,0,1,17,80989,1992,0,31,0,0,0,LEADER,1,0,0,30,0,0,0,0,0,0,0,0,0,0,0
83495,100,bully,1586,1,0,0,30,0,420,0,1,100,81909,1586,0,31,0,0,0,LEADER,1,0,0,30,0,0,0,0,0,0,0,0,0,0,0
83458,16,bully,1549,1,0,0,30,0,420,0,1,16,81909,1549,0,31,0,0,0,LEADER,1,0,0,30,0,0,0,0,0,0,0,0,0,0,0
83047,37,bully,2058,1,0,0,30,0,420,0,1,37,80989,2058,0,31,0,0,0,LEADER,1,0,0,30,0,0,0,0,0,0,0,0,0,0,0
83683,13,bully,1774,1,0,0,30,0,420,0,1,13,81909,1774,0,31,0,0,0,LEADER,1,0,0,30,0,0,0,0,0,0,0,0,0,0,0
82844,20,bully,1855,1,0,0,30,0,420,0,1,20,80989,1855,0,31,0,0,0,LEADER,1,0,0,30,0,0,0,0,0,0,0,0,0,0,0
83476,41,bully,1567,1,0,0,30,0,420,0,1,41,81909,1567,0,31,0,0,0,LEADER,1,0,0,30,0,0,0,0,0,0,0,0,0,0,0
83465,47,bully,1556,1,0,0,30,0,420,0,1,47,81909,1556,0,31,0,0,0,LEADER,1,0,0,30,0,0,0,0,0,0,0,0,0,0,0
83291,95,bully,2301,1,0,0,30,0,420,0,1,95,80990,2301,0,31,0,0,0,LEADER,1,0,0,30,0,0,0,0,0,0,0,0,0,0,0
83154,98,bully,2165,1,0,0,30,0,420,0,1,98,80989,2165,0,31,0,0,0,LEADER,1,0,0,30,0,0,0,0,0,0,0,0,0,0,0
83338,73,bully,2349,1,0,0,30,0,420,0,1,73,80989,2349,0,31,0,0,0,LEADER,1,0,0,30,0,0,0,0,0,0,0,0,0,0,0
83661,33,bully,1752,1,0,0,30,0,420,0,1,33,81909,1752,0,31,0,0,0,LEADER,1,0,0,30,0,0,0,0,0,0,0,0,0,0,0
83631,97,bully,1722,1,0,0,30,0,420,0,1,97,81909,1722,0,31,0,0,0,LEADER,1,0,0,30,0,0,0,0,0,0,0,0,0,0,0
82884,61,bully,1895,1,0,0,30,0,420,0,1,61,80989,1895,0,31,0,0,0,LEADER,1,0,0,30,0,0,0,0,0,0,0,0,0,0,0
83819,29,bully,1910,1,0,0,30,0,420,0,1,29,81909,1910,0,31,0,0,0,LEADER,1,0,0,30,0,0,0,0,0,0,0,0,0,0,0
83831,40,bully,1922,1,0,0,30,0,420,0,1,40,81909,1922,0,31,0,0,0,LEADER,1,0,0,30,0,0,0,0,0,0,0,0,0,0,0
83320,31,bully,2331,1,0,0,30,0,420,0,1,31,80989,2331,0,31,0,0,0,LEADER,1,0,0,30,0,0,0,0,0,0,0,0,0,0,0
83651,96,bully,1744,1,0,0,30,0,420,0,1,96,81907,1744,0,31,0,0,0,LEADER,1,0,0,30,0,0,0,0,0,0,0,0,0,0,0
83734,84,bully,1825,1,0,0,30,0,420,0,1,84,81909,1825,0,31,0,0,0,LEADER,1,0,0,30,0,0,0,0,0,0,0,0,0,0,0
83428,80,bully,1519,1,0,0,30,0,420,0,1,80,81909,1519,0,31,0,0,0,LEADER,1,0,0,30,0,0,0,0,0,0,0,0,0,0,0
83272,53,bully,2283,1,0,0,30,0,420,0,1,53,80989,2283,0,31,0,0,0,LEADER,1,0,0,30,0,0,0,0,0,0,0,0,0,0,0
83347,92,bully,1438,1,0,0,30,0,420,0,1,92,81909,1438,0,31,0,0,0,LEADER,1,0,0,30,0,0,0,0,0,0,0,0,0,0,0
83783,62,bully,1874,1,0,0,30,0,420,0,1,62,81909,1874,0,31,0,0,0,LEADER,1,0,0,30,0,0,0,0,0,0,0,0,0,0,0
83525,91,bully,1619,1,0,0,30,0,420,0,1,91,81906,1619,0,31,0,0,0,LEADER,1,0,0,30,0,0,0,0,0,0,0,0,0,0,0
83480,15,bully,1571,1,0,0,30,0,420,0,1,15,81909,1571,0,31,0,0,0,LEADER,1,0,0,30,0,0,0,0,0,0,0,0,0,0,0
83150,26,bully,2161,1,0,0,30,0,420,0,1,26,80989,2161,0,31,0,0,0,LEADER,1,0,0,30,0,0,0,0,0,0,0,0,0,0,0
83886,49,bully,1977,1,0,0,30,0,420,0,1,49,81909,1977,0,31,0,0,0,LEADER,1,0,0,30,0,0,0,0,0,0,0,0,0,0,0
83701,58,bully,1792,1,0,0,30,0,420,0,1,58,81909,1792,0,31,0,0,0,LEADER,1,0,0,30,0,0,0,0,0,0,0,0,0,0,0
83235,86,bully,2246,1,0,0,30,0,420,0,1,86,80989,2246,0,31,0,0,0,LEADER,1,0,0,30,0,0,0,0,0,0,0,0,0,0,0
83408,50,bully,2419,1,0,0,30,0,420,0,1,50,80989,2419,0,31,0,0,0,LEADER,1,0,0,30,0,0,0,0,0,0,0,0,0,0,0
83260,85,bully,2268,1,0,0,30,0,420,0,1,85,80992,2268,0,31,0,0,0,LEADER,1,0,0,30,0,0,0,0,0,0,0,0,0,0,0
83199,87,bully,2212,1,0,0,30,0,420,0,1,87,80987,2212,0,31,0,0,0,LEADER,1,0,0,30,0,0,0,0,0,0,0,0,0,0,0
83405,64,bully,2416,1,0,0,30,0,420,0,1,64,80989,2416,0,31,0,0,0,LEADER,1,0,0,30,0,0,0,0,0,0,0,0,0,0,0
83343,18,bully,1434,1,0,0,30,0,420,0,1,18,81909,1434,0,31,0,0,0,LEADER,1,0,0,30,0,0,0,0,0,0,0,0,0,0,0
83254,11,bully,2264,1,0,0,30,0,420,0,1,11,80990,2264,0,31,0,0,0,LEADER,1,0,0,30,0,0,0,0,0,0,0,0,0,0,0
83462,90,bully,1553,1,0,0,30,0,420,0,1,90,81909,1553,0,31,0,0,0,LEADER,1,0,0,30,0,0,0,0,0,0,0,0,0,0,0
83356,35,bully,1447,1,0,0,30,0,420,0,1,35,81909,1447,0,31,0,0,0,LEADER,1,0,0,30,0,0,0,0,0,0,0,0,0,0,0
83238,43,bully,2249,1,0,0,30,0,420,0,1,43,80989,2249,0,31,0,0,0,LEADER,1,0,0,30,0,0,0,0,0,0,0,0,0,0,0
83376,28,bully,1467,1,0,0,30,0,420,0,1,28,81909,1467,0,31,0,0,0,LEADER,1,0,0,30,0,0,0,0,0,0,0,0,0,0,0
83215,44,bully,2228,1,0,0,30,0,420,0,1,44,80987,2228,0,31,0,0,0,LEADER,1,0,0,30,0,0,0,0,0,0,0,0,0,0,0
84050,23,bully,2141,1,0,0,30,0,420,0,1,23,81909,2141,0,31,0,0,0,LEADER,1,0,0,30,0,0,0,0,0,0,0,0,0,0,0
83370,30,bully,1461,1,0,0,30,0,420,0,1,30,81909,1461,0,31,0,0,0,LEADER,1,0,0,30,0,0,0,0,0,0,0,0,0,0,0
83768,94,bully,1859,1,0,0,30,0,420,0,1,94,81909,1859,0,31,0,0,0,LEADER,1,0,0,30,0,0,0,0,0,0,0,0,0,0,0
83410,38,bully,1501,1,0,0,30,0,420,0,1,38,81909,1501,0,31,0,0,0,LEADER,1,0,0,30,0,0,0,0,0,0,0,0,0,0,0
84089,66,bully,2180,1,0,0,30,0,420,0,1,66,81909,2180,0,31,0,0,0,LEADER,1,0,0,30,0,0,0,0,0,0,0,0,0,0,0
83395,70,bully,1486,1,0,0,30,0,420,0,1,70,81909,1486,0,31,0,0,0,LEADER,1,0,0,30,0,0,0,0,0,0,0,0,0,0,0
84040,88,bully,2131,1,0,0,30,0,420,0,1,88,81909,2131,0,31,0,0,0,LEADER,1,0,0,30,0,0,0,0,0,0,0,0,0,0,0
83224,75,bully,2235,1,0,0,30,0,420,0,1,75,80989,2235,0,31,0,0,0,LEADER,1,0,0,30,0,0,0,0,0,0,0,0,0,0,0
83232,12,bully,2243,1,0,0,30,0,420,0,1,12,80989,2243,0,31,0,0,0,LEADER,1,0,0,30,0,0,0,0,0,0,0,0,0,0,0
83934,27,bully,2025,1,0,0,30,0,420,0,1,27,81909,2025,0,31,0,0,0,LEADER,1,0,0,30,0,0,0,0,0,0,0,0,0,0,0
83423,42,bully,1514,1,0,0,30,0,420,0,1,42,81909,1514,0,31,0,0,0,LEADER,1,0,0,30,0,0,0,0,0,0,0,0,0,0,0
84070,24,bully,2161,1,0,0,30,0,420,0,1,24,81909,2161,0,31,0,0,0,LEADER,1,0,0,30,0,0,0,0,0,0,0,0,0,0,0
84022,46,bully,2113,1,0,0,30,0,420,0,1,46,81909,2113,0,31,0,0,0,LEADER,1,0,0,30,0,0,0,0,0,0,0,0,0,0,0
83919,59,bully,2010,1,0,0,30,0,420,0,1,59,81909,2010,0,31,0,0,0,LEADER,1,0,0,30,0,0,0,0,0,0,0,0,0,0,0
83546,34,bully,1637,1,0,0,30,0,420,0,1,34,81909,1637,0,31,0,0,0,LEADER,1,0,0,30,0,0,0,0,0,0,0,0,0,0,0
84201,32,bully,2292,1,0,0,30,0,420,0,1,32,81909,2292,0,31,0,0,0,LEADER,1,0,0,30,0,0,0,0,0,0,0,0,0,0,0
83816,72,bully,1907,1,0,0,30,0,420,0,1,72,81909,1907,0,31,0,0,0,LEADER,1,0,0,30,0,0,0,0,0,0,0,0,0,0,0
84228,63,bully,2316,1,0,0,30,0,420,0,1,63,81912,2316,0,31,0,0,0,LEADER,1,0,0,30,0,0,0,0,0,0,0,0,0,0,0
83701,74,bully,1792,1,0,0,30,0,420,0,1,74,81909,1792,0,31,0,0,0,LEADER,1,0,0,30,0,0,0,0,0,0,0,0,0,0,0
83443,48,bully,1534,1,0,0,30,0,420,0,1,48,81909,1534,0,31,0,0,0,LEADER,1,0,0,30,0,0,0,0,0,0,0,0,0,0,0
83904,57,bully,1995,1,0,0,30,0,420,0,1,57,81909,1995,0,31,0,0,0,LEADER,1,0,0,30,0,0,0,0,0,0,0,0,0,0,0
83974,68,bully,2065,1,0,0,30,0,420,0,1,68,81909,2065,0,31,0,0,0,LEADER,1,0,0,30,0,0,0,0,0,0,0,0,0,0,0
83375,45,bully,1466,1,0,0,30,0,420,0,1,45,81909,1466,0,31,0,0,0,LEADER,1,0,0,30,0,0,0,0,0,0,0,0,0,0,0
83732,93,bully,1823,1,0,0,30,0,420,0,1,93,81909,1823,0,31,0,0,0,LEADER,1,0,0,30,0,0,0,0,0,0,0,0,0,0,0
84313,82,bully,2404,1,0,0,30,0,420,0,1,82,81909,2404,0,31,0,0,0,LEADER,1,0,0,30,0,0,0,0,0,0,0,0,0,0,0
84307,51,bully,2398,1,0,0,30,0,420,0,1,51,81909,2398,0,31,0,0,0,LEADER,1,0,0,30,0,0,0,0,0,0,0,0,0,0,0
83852,39,bully,1943,1,0,0,30,0,420,0,1,39,81909,1943,0,31,0,0,0,LEADER,1,0,0,30,0,0,0,0,0,0,0,0,0,0,0
83598,78,bully,1689,1,0,0,30,0,420,0,1,78,81909,1689,0,31,0,0,0,LEADER,1,0,0,30,0,0,0,0,0,0,0,0,0,0,0
83986,79,bully,2077,1,0,0,30,0,420,0,1,79,81909,2077,0,31,0,0,0,LEADER,1,0,0,30,0,0,0,0,0,0,0,0,0,0,0
83561,14,bully,1652,1,0,0,30,0,420,0,1,14,81909,1652,0,31,0,0,0,LEADER,1,0,0,30,0,0,0,0,0,0,0,0,0,0,0
83988,36,bully,2080,1,0,0,30,0,420,0,1,36,81908,2080,0,31,0,0,0,LEADER,1,0,0,30,0,0,0,0,0,0,0,0,0,0,0
83871,81,bully,1962,1,0,0,30,0,420,0,1,81,81909,1962,0,31,0,0,0,LEADER,1,0,0,30,0,0,0,0,0,0,0,0,0,0,0
83531,67,bully,1622,1,0,0,30,0,420,0,1,67,81909,1622,0,31,0,0,0,LEADER,1,0,0,30,0,0,0,0,0,0,0,0,0,0,0
84292,83,bully,2383,1,0,0,30,0,420,0,1,83,81909,2383,0,31,0,0,0,LEADER,1,0,0,30,0,0,0,0,0,0,0,0,0,0,0
84437,99,bully,1607,1,0,0,31,0,434,0,1,99,82830,1607,0,32,0,0,0,LEADER,1,0,0,31,0,0,0,0,0,0,0,0,0,0,0
83613,55,bully,1704,1,0,0,30,0,420,0,1,55,81909,1704,0,31,0,0,0,LEADER,1,0,0,30,0,0,0,0,0,0,0,0,0,0,0
84404,89,bully,1574,1,0,0,31,0,434,0,1,89,82830,1574,0,32,0,0,0,LEADER,1,0,0,31,0,0,0,0,0,0,0,0,0,0,0
83565,77,bully,1656,1,0,0,30,0,420,0,1,77,81909,1656,0,31,0,0,0,LEADER,1,0,0,30,0,0,0,0,0,0,0,0,0,0,0
83837,71,bully,1928,1,0,0,30,0,420,0,1,71,81909,1928,0,31,0,0,0,LEADER,1,0,0,30,0,0,0,0,0,0,0,0,0,0,0
83749,52,bully,1840,1,0,0,30,0,420,0,1,52,81909,1840,0,31,0,0,0,LEADER,1,0,0,30,0,0,0,0,0,0,0,0,0,0,0
84119,76,bully,2213,1,0,0,30,0,420,0,1,76,81906,2213,0,31,0,0,0,LEADER,1,0,0,30,0,0,0,0,0,0,0,0,0,0,0
83716,10,bully,1807,1,0,0,30,0,420,0,1,10,81909,1807,0,31,0,0,0,LEADER,1,0,0,30,0,0,0,0,0,0,0,0,0,0,0
83649,22,bully,1740,1,0,0,30,0,420,0,1,22,81909,1740,0,31,0,0,0,LEADER,1,0,0,30,0,0,0,0,0,0,0,0,0,0,0
83797,21,bully,1889,1,0,0,30,0,420,0,1,21,81908,1889,0,31,0,0,0,LEADER,1,0,0,30,0,0,0,0,0,0,0,0,0,0,0
84055,56,bully,2146,1,0,0,30,0,420,0,1,56,81909,2146,0,31,0,0,0,LEADER,1,0,0,30,0,0,0,0,0,0,0,0,0,0,0
83580,60,bully,1671,1,0,0,30,0,420,0,1,60,81909,1671,0,31,0,0,0,LEADER,1,0,0,30,0,0,0,0,0,0,0,0,0,0,0
84434,25,bully,1604,1,0,0,31,0,434,0,1,25,82830,1604,0,32,0,0,0,LEADER,1,0,0,31,0,0,0,0,0,0,0,0,0,0,0
83646,65,bully,1737,1,0,0,30,0,420,0,1,65,81909,1737,0,31,0,0,0,LEADER,1,0,0,30,0,0,0,0,0,0,0,0,0,0,0
84322,19,bully,2413,1,0,0,30,0,420,0,1,19,81909,2413,0,31,0,0,0,LEADER,1,0,0,30,0,0,0,0,0,0,0,0,0,0,0
83952,69,bully,2043,1,0,0,30,0,420,0,1,69,81909,2043,0,31,0,0,0,LEADER,1,0,0,30,0,0,0,0,0,0,0,0,0,0,0
84555,54,bully,1725,1,0,0,31,0,434,0,1,54,82830,1725,0,32,0,0,0,LEADER,1,0,0,31,0,0,0,0,0,0,0,0,0,0,0
83901,17,bully,1992,1,0,0,30,0,420,0,1,17,81909,1992,0,31,0,0,0,LEADER,1,0,0,30,0,0,0,0,0,0,0,0,0,0,0
84416,100,bully,1586,1,0,0,31,0,434,0,1,100,82830,1586,0,32,0,0,0,LEADER,1,0,0,31,0,0,0,0,0,0,0,0,0,0,0
84379,16,bully,1549,1,0,0,31,0,434,0,1,16,82830,1549,0,32,0,0,0,LEADER,1,0,0,31,0,0,0,0,0,0,0,0,0,0,0
83967,37,bully,2058,1,0,0,30,0,420,0,1,37,81909,2058,0,31,0,0,0,LEADER,1,0,0,30,0,0,0,0,0,0,0,0,0,0,0
84604,13,bully,1774,1,0,0,31,0,434,0,1,13,82830,1774,0,32,0,0,0,LEADER,1,0,0,31,0,0,0,0,0,0,0,0,0,0,0
83764,20,bully,1855,1,0,0,30,0,420,0,1,20,81909,1855,0,31,0,0,0,LEADER,1,0,0,30,0,0,0,0,0,0,0,0,0,0,0
84397,41,bully,1567,1,0,0,31,0,434,0,1,41,82830,1567,0,32,0,0,0,LEADER,1,0,0,31,0,0,0,0,0,0,0,0,0,0,0
84386,47,bully,1556,1,0,0,31,0,434,0,1,47,82830,1556,0,32,0,0,0,LEADER,1,0,0,31,0,0,0,0,0,0,0,0,0,0,0
84211,95,bully,2301,1,0,0,30,0,420,0,1,95,81910,2301,0,31,0,0,0,LEADER,1,0,0,30,0,0,0,0,0,0,0,0,0,0,0
84074,98,bully,2165,1,0,0,30,0,420,0,1,98,81909,2165,0,31,0,0,0,LEADER,1,0,0,30,0,0,0,0,0,0,0,0,0,0,0
84258,73,bully,2349,1,0,0,30,0,420,0,1,73,81909,2349,0,31,0,0,0,LEADER,1,0,0,30,0,0,0,0,0,0,0,0,0,0,0
83804,61,bully,1895,1,0,0,30,0,420,0,1,61,81909,1895,0,31,0,0,0,LEADER,1,0,0,30,0,0,0,0,0,0,0,0,0,0,0
84552,97,bully,1722,1,0,0,31,0,434,0,1,97,82830,1722,0,32,0,0,0,LEADER,1,0,0,31,0,0,0,0,0,0,0,0,0,0,0
84582,33,bully,1752,1,0,0,31,0,434,0,1,33,82830,1752,0,32,0,0,0,LEADER,1,0,0,31,0,0,0,0,0,0,0,0,0,0,0
84240,31,bully,2331,1,0,0,30,0,420,0,1,31,81909,2331,0,31,0,0,0,LEADER,1,0,0,30,0,0,0,0,0,0,0,0,0,0,0
84740,29,bully,1910,1,0,0,31,0,434,0,1,29,82830,1910,0,32,0,0,0,LEADER,1,0,0,31,0,0,0,0,0,0,0,0,0,0,0
84752,40,bully,1922,1,0,0,31,0,434,0,1,40,82830,1922,0,32,0,0,0,LEADER,1,0,0,31,0,0,0,0,0,0,0,0,0,0,0
84572,96,bully,1744,1,0,0,31,0,434,0,1,96,82828,1744,0,32,0,0,0,LEADER,1,0,0,31,0,0,0,0,0,0,0,0,0,0,0
84655,84,bully,1825,1,0,0,31,0,434,0,1,84,82830,1825,0,32,0,0,0,LEADER,1,0,0,31,0,0,0,0,0,0,0,0,0,0,0
84349,80,bully,1519,1,0,0,31,0,434,0,1,80,82830,1519,0,32,0,0,0,LEADER,1,0,0,31,0,0,0,0,0,0,0,0,0,0,0
84192,53,bully,2283,1,0,0,30,0,420,0,1,53,81909,2283,0,31,0,0,0,LEADER,1,0,0,30,0,0,0,0,0,0,0,0,0,0,0
84268,92,bully,1438,1,0,0,31,0,434,0,1,92,82830,1438,0,32,0,0,0,LEADER,1,0,0,31,0,0,0,0,0,0,0,0,0,0,0
84704,62,bully,1874,1,0,0,31,0,434,0,1,62,82830,1874,0,32,0,0,0,LEADER,1,0,0,31,0,0,0,0,0,0,0,0,0,0,0
84446,91,bully,1619,1,0,0,31,0,434,0,1,91,82827,1619,0,32,0,0,0,LEADER,1,0,0,31,0,0,0,0,0,0,0,0,0,0,0
84401,15,bully,1571,1,0,0,31,0,434,0,1,15,82830,1571,0,32,0,0,0,LEADER,1,0,0,31,0,0,0,0,0,0,0,0,0,0,0
84070,26,bully,2161,1,0,0,30,0,420,0,1,26,81909,2161,0,31,0,0,0,LEADER,1,0,0,30,0,0,0,0,0,0,0,0,0,0,0
84807,49,bully,1977,1,0,0,31,0,434,0,1,49,82830,1977,0,32,0,0,0,LEADER,1,0,0,31,0,0,0,0,0,0,0,0,0,0,0
84622,58,bully,1792,1,0,0,31,0,434,0,1,58,82830,1792,0,32,0,0,0,LEADER,1,0,0,31,0,0,0,0,0,0,0,0,0,0,0
84155,86,bully,2246,1,0,0,30,0,420,0,1,86,81909,2246,0,31,0,0,0,LEADER,1,0,0,30,0,0,0,0,0,0,0,0,0,0,0
84328,50,bully,2419,1,0,0,30,0,420,0,1,50,81909,2419,0,31,0,0,0,LEADER,1,0,0,30,0,0,0,0,0,0,0,0,0,0,0
84180,85,bully,2268,1,0,0,30,0,420,0,1,85,81912,2268,0,31,0,0,0,LEADER,1,0,0,30,0,0,0,0,0,0,0,0,0,0,0
84119,87,bully,2212,1,0,0,30,0,420,0,1,87,81907,2212,0,31,0,0,0,LEADER,1,0,0,30,0,0,0,0,0,0,0,0,0,0,0
84325,64,bully,2416,1,0,0,30,0,420,0,1,64,81909,2416,0,31,0,0,0,LEADER,1,0,0,30,0,0,0,0,0,0,0,0,0,0,0
84174,11,bully,2264,1,0,0,30,0,420,0,1,11,81910,2264,0,31,0,0,0,LEADER,1,0,0,30,0,0,0,0,0,0,0,0,0,0,0
84264,18,bully,1434,1,0,0,31,0,434,0,1,18,82830,1434,0,32,0,0,0,LEADER,1,0,0,31,0,0,0,0,0,0,0,0,0,0,0
84383,90,bully,1553,1,0,0,31,0,434,0,1,90,82830,1553,0,32,0,0,0,LEADER,1,0,0,31,0,0,0,0,0,0,0,0,0,0,0
84277,35,bully,1447,1,0,0,31,0,434,0,1,35,82830,1447,0,32,0,0,0,LEADER,1,0,0,31,0,0,0,0,0,0,0,0,0,0,0
84158,43,bully,2249,1,0,0,30,0,420,0,1,43,81909,2249,0,31,0,0,0,LEADER,1,0,0,30,0,0,0,0,0,0,0,0,0,0,0
84297,28,bully,1467,1,0,0,31,0,434,0,1,28,82830,1467,0,32,0,0,0,LEADER,1,0,0,31,0,0,0,0,0,0,0,0,0,0,0
84135,44,bully,2228,1,0,0,30,0,420,0,1,44,81907,2228,0,31,0,0,0,LEADER,1,0,0,30,0,0,0,0,0,0,0,0,0,0,0
84971,23,bully,2141,1,0,0,31,0,434,0,1,23,82830,2141,0,32,0,0,0,LEADER,1,0,0,31,0,0,0,0,0,0,0,0,0,0,0
84291,30,bully,1461,1,0,0,31,0,434,0,1,30,82830,1461,0,32,0,0,0,LEADER,1,0,0,31,0,0,0,0,0,0,0,0,0,0,0
84689,94,bully,1859,1,0,0,31,0,434,0,1,94,82830,1859,0,32,0,0,0,LEADER,1,0,0,31,0,0,0,0,0,0,0,0,0,0,0
84331,38,bully,1501,1,0,0,31,0,434,0,1,38,82830,1501,0,32,0,0,0,LEADER,1,0,0,31,0,0,0,0,0,0,0,0,0,0,0
85010,66,bully,2180,1,0,0,31,0,434,0,1,66,82830,2180,0,32,0,0,0,LEADER,1,0,0,31,0,0,0,0,0,0,0,0,0,0,0
84316,70,bully,1486,1,0,0,31,0,434,0,1,70,82830,1486,0,32,0,0,0,LEADER,1,0,0,31,0,0,0,0,0,0,0,0,0,0,0
84961,88,bully,2131,1,0,0,31,0,434,0,1,88,82830,2131,0,32,0,0,0,LEADER,1,0,0,31,0,0,0,0,0,0,0,0,0,0,0
84144,75,bully,2235,1,0,0,30,0,420,0,1,75,81909,2235,0,31,0,0,0,LEADER,1,0,0,30,0,0,0,0,0,0,0,0,0,0,0
84152,12,bully,2243,1,0,0,30,0,420,0,1,12,81909,2243,0,31,0,0,0,LEADER,1,0,0,30,0,0,0,0,0,0,0,0,0,0,0
84855,27,bully,2025,1,0,0,31,0,434,0,1,27,82830,2025,0,32,0,0,0,LEADER,1,0,0,31,0,0,0,0,0,0,0,0,0,0,0
84344,42,bully,1514,1,0,0,31,0,434,0,1,42,82830,1514,0,32,0,0,0,LEADER,1,0,0,31,0,0,0,0,0,0,0,0,0,0,0
84991,24,bully,2161,1,0,0,31,0,434,0,1,24,82830,2161,0,32,0,0,0,LEADER,1,0,0,31,0,0,0,0,0,0,0,0,0,0,0
84943,46,bully,2113,1,0,0,31,0,434,0,1,46,82830,2113,0,32,0,0,0,LEADER,1,0,0,31,0,0,0,0,0,0,0,0,0,0,0
84467,34,bully,1637,1,0,0,31,0,434,0,1,34,82830,1637,0,32,0,0,0,LEADER,1,0,0,31,0,0,0,0,0,0,0,0,0,0,0
84840,59,bully,2010,1,0,0,31,0,434,0,1,59,82830,2010,0,32,0,0,0,LEADER,1,0,0,31,0,0,0,0,0,0,0,0,0,0,0
85122,32,bully,2292,1,0,0,31,0,434,0,1,32,82830,2292,0,32,0,0,0,LEADER,1,0,0,31,0,0,0,0,0,0,0,0,0,0,0
84737,72,bully,1907,1,0,0,31,0,434,0,1,72,82830,1907,0,32,0,0,0,LEADER,1,0,0,31,0,0,0,0,0,0,0,0,0,0,0
85149,63,bully,2316,1,0,0,31,0,434,0,1,63,82833,2316,0,32,0,0,0,LEADER,1,0,0,31,0,0,0,0,0,0,0,0,0,0,0
84622,74,bully,1792,1,0,0,31,0,434,0,1,74,82830,1792,0,32,0,0,0,LEADER,1,0,0,31,0,0,0,0,0,0,0,0,0,0,0
84364,48,bully,1534,1,0,0,31,0,434,0,1,48,82830,1534,0,32,0,0,0,LEADER,1,0,0,31,0,0,0,0,0,0,0,0,0,0,0
84825,57,bully,1995,1,0,0,31,0,434,0,1,57,82830,1995,0,32,0,0,0,LEADER,1,0,0,31,0,0,0,0,0,0,0,0,0,0,0
84895,68,bully,2065,1,0,0,31,0,434,0,1,68,82830,2065,0,32,0,0,0,LEADER,1,0,0,31,0,0,0,0,0,0,0,0,0,0,0
84296,45,bully,1466,1,0,0,31,0,434,0,1,45,82830,1466,0,32,0,0,0,LEADER,1,0,0,31,0,0,0,0,0,0,0,0,0,0,0
84653,93,bully,1823,1,0,0,31,0,434,0,1,93,82830,1823,0,32,0,0,0,LEADER,1,0,0,31,0,0,0,0,0,0,0,0,0,0,0
85234,82,bully,2404,1,0,0,31,0,434,0,1,82,82830,2404,0,32,0,0,0,LEADER,1,0,0,31,0,0,0,0,0,0,0,0,0,0,0
85228,51,bully,2398,1,0,0,31,0,434,0,1,51,82830,2398,0,32,0,0,0,LEADER,1,0,0,31,0,0,0,0,0,0,0,0,0,0,0
84773,39,bully,1943,1,0,0,31,0,434,0,1,39,82830,1943,0,32,0,0,0,LEADER,1,0,0,31,0,0,0,0,0,0,0,0,0,0,0
84519,78,bully,1689,1,0,0,31,0,434,0,1,78,82830,1689,0,32,0,0,0,LEADER,1,0,0,31,0,0,0,0,0,0,0,0,0,0,0
84907,79,bully,2077,1,0,0,31,0,434,0,1,79,82830,2077,0,32,0,0,0,LEADER,1,0,0,31,0,0,0,0,0,0,0,0,0,0,0
84482,14,bully,1652,1,0,0,31,0,434,0,1,14,82830,1652,0,32,0,0,0,LEADER,1,0,0,31,0,0,0,0,0,0,0,0,0,0,0
84909,36,bully,2080,1,0,0,31,0,434,0,1,36,82829,2080,0,32,0,0,0,LEADER,1,0,0,31,0,0,0,0,0,0,0,0,0,0,0
84792,81,bully,1962,1,0,0,31,0,434,0,1,81,82830,1962,0,32,0,0,0,LEADER,1,0,0,31,0,0,0,0,0,0,0,0,0,0,0
84452,67,bully,1622,1,0,0,31,0,434,0,1,67,82830,1622,0,32,0,0,0,LEADER,1,0,0,31,0,0,0,0,0,0,0,0,0,0,0
85213,83,bully,2383,1,0,0,31,0,434,0,1,83,82830,2383,0,32,0,0,0,LEADER,1,0,0,31,0,0,0,0,0,0,0,0,0,0,0
85357,99,bully,1607,1,0,0,31,0,434,0,1,99,83750,1607,0,32,0,0,0,LEADER,1,0,0,31,0,0,0,0,0,0,0,0,0,0,0
84534,55,bully,1704,1,0,0,31,0,434,0,1,55,82830,1704,0,32,0,0,0,LEADER,1,0,0,31,0,0,0,0,0,0,0,0,0,0,0
85324,89,bully,1574,1,0,0,31,0,434,0,1,89,83750,1574,0,32,0,0,0,LEADER,1,0,0,31,0,0,0,0,0,0,0,0,0,0,0
84486,77,bully,1656,1,0,0,31,0,434,0,1,77,82830,1656,0,32,0,0,0,LEADER,1,0,0,31,0,0,0,0,0,0,0,0,0,0,0
84758,71,bully,1928,1,0,0,31,0,434,0,1,71,82830,1928,0,32,0,0,0,LEADER,1,0,0,31,0,0,0,0,0,0,0,0,0,0,0
84687,5,bully,2001,1,0,0,12,17,168,238,4,4,82686,2001,0,6,0,0,0,NORMAL,0,0,0,12,0,0,0,17,0,0,0,0,0,0,0
84670,52,bully,1840,1,0,0,31,0,434,0,1,52,82830,1840,0,32,0,0,0,LEADER,1,0,0,31,0,0,0,0,0,0,0,0,0,0,0
85040,76,bully,2213,1,0,0,31,0,434,0,1,76,82827,2213,0,32,0,0,0,LEADER,1,0,0,31,0,0,0,0,0,0,0,0,0,0,0
84637,10,bully,1807,1,0,0,31,0,434,0,1,10,82830,1807,0,32,0,0,0,LEADER,1,0,0,31,0,0,0,0,0,0,0,0,0,0,0
84570,22,bully,1740,1,0,0,31,0,434,0,1,22,82830,1740,0,32,0,0,0,LEADER,1,0,0,31,0,0,0,0,0,0,0,0,0,0,0
84718,21,bully,1889,1,0,0,31,0,434,0,1,21,82829,1889,0,32,0,0,0,LEADER,1,0,0,31,0,0,0,0,0,0,0,0,0,0,0
84976,56,bully,2146,1,0,0,31,0,434,0,1,56,82830,2146,0,32,0,0,0,LEADER,1,0,0,31,0,0,0,0,0,0,0,0,0,0,0
84501,60,bully,1671,1,0,0,31,0,434,0,1,60,82830,1671,0,32,0,0,0,LEADER,1,0,0,31,0,0,0,0,0,0,0,0,0,0,0
85354,25,bully,1604,1,0,0,31,0,434,0,1,25,83750,1604,0,32,0,0,0,LEADER,1,0,0,31,0,0,0,0,0,0,0,0,0,0,0
84567,65,bully,1737,1,0,0,31,0,434,0,1,65,82830,1737,0,32,0,0,0,LEADER,1,0,0,31,0,0,0,0,0,0,0,0,0,0,0
85243,19,bully,2413,1,0,0,31,0,434,0,1,19,82830,2413,0,32,0,0,0,LEADER,1,0,0,31,0,0,0,0,0,0,0,0,0,0,0
84873,69,bully,2043,1,0,0,31,0,434,0,1,69,82830,2043,0,32,0,0,0,LEADER,1,0,0,31,0,0,0,0,0,0,0,0,0,0,0
85475,54,bully,1725,1,0,0,31,0,434,0,1,54,83750,1725,0,32,0,0,0,LEADER,1,0,0,31,0,0,0,0,0,0,0,0,0,0,0
84822,17,bully,1992,1,0,0,31,0,434,0,1,17,82830,1992,0,32,0,0,0,LEADER,1,0,0,31,0,0,0,0,0,0,0,0,0,0,0
85336,100,bully,1586,1,0,0,31,0,434,0,1,100,83750,1586,0,32,0,0,0,LEADER,1,0,0,31,0,0,0,0,0,0,0,0,0,0,0
85299,16,bully,1549,1,0,0,31,0,434,0,1,16,83750,1549,0,32,0,0,0,LEADER,1,0,0,31,0,0,0,0,0,0,0,0,0,0,0
84888,37,bully,2058,1,0,0,31,0,434,0,1,37,82830,2058,0,32,0,0,0,LEADER,1,0,0,31,0,0,0,0,0,0,0,0,0,0,0
85524,13,bully,1774,1,0,0,31,0,434,0,1,13,83750,1774,0,32,0,0,0,LEADER,1,0,0,31,0,0,0,0,0,0,0,0,0,0,0
84685,20,bully,1855,1,0,0,31,0,434,0,1,20,82830,1855,0,32,0,0,0,LEADER,1,0,0,31,0,0,0,0,0,0,0,0,0,0,0
85317,41,bully,1567,1,0,0,31,0,434,0,1,41,83750,1567,0,32,0,0,0,LEADER,1,0,0,31,0,0,0,0,0,0,0,0,0,0,0
85306,47,bully,1556,1,0,0,31,0,434,0,1,47,83750,1556,0,32,0,0,0,LEADER,1,0,0,31,0,0,0,0,0,0,0,0,0,0,0
85132,95,bully,2301,1,0,0,31,0,434,0,1,95,82831,2301,0,32,0,0,0,LEADER,1,0,0,31,0,0,0,0,0,0,0,0,0,0,0
84995,98,bully,2165,1,0,0,31,0,434,0,1,98,82830,2165,0,32,0,0,0,LEADER,1,0,0,31,0,0,0,0,0,0,0,0,0,0,0
85179,73,bully,2349,1,0,0,31,0,434,0,1,73,82830,2349,0,32,0,0,0,LEADER,1,0,0,31,0,0,0,0,0,0,0,0,0,0,0
85502,33,bully,1752,1,0,0,31,0,434,0,1,33,83750,1752,0,32,0,0,0,LEADER,1,0,0,31,0,0,0,0,0,0,0,0,0,0,0
85472,97,bully,1722,1,0,0,31,0,434,0,1,97,83750,1722,0,32,0,0,0,LEADER,1,0,0,31,0,0,0,0,0,0,0,0,0,0,0
84725,61,bully,1895,1,0,0,31,0,434,0,1,61,82830,1895,0,32,0,0,0,LEADER,1,0,0,31,0,0,0,0,0,0,0,0,0,0,0
85660,29,bully,1910,1,0,0,31,0,434,0,1,29,83750,1910,0,32,0,0,0,LEADER,1,0,0,31,0,0,0,0,0,0,0,0,0,0,0
85672,40,bully,1922,1,0,0,31,0,434,0,1,40,83750,1922,0,32,0,0,0,LEADER,1,0,0,31,0,0,0,0,0,0,0,0,0,0,0
85161,31,bully,2331,1,0,0,31,0,434,0,1,31,82830,2331,0,32,0,0,0,LEADER,1,0,0,31,0,0,0,0,0,0,0,0,0,0,0
85492,96,bully,1744,1,0,0,31,0,434,0,1,96,83748,1744,0,32,0,0,0,LEADER,1,0,0,31,0,0,0,0,0,0,0,0,0,0,0
85575,84,bully,1825,1,0,0,31,0,434,0,1,84,83750,1825,0,32,0,0,0,LEADER,1,0,0,31,0,0,0,0,0,0,0,0,0,0,0
85269,80,bully,1519,1,0,0,31,0,434,0,1,80,83750,1519,0,32,0,0,0,LEADER,1,0,0,31,0,0,0,0,0,0,0,0,0,0,0
85113,53,bully,2283,1,0,0,31,0,434,0,1,53,82830,2283,0,32,0,0,0,LEADER,1,0,0,31,0,0,0,0,0,0,0,0,0,0,0
85188,92,bully,1438,1,0,0,31,0,434,0,1,92,83750,1438,0,32,0,0,0,LEADER,1,0,0,31,0,0,0,0,0,0,0,0,0,0,0
85624,62,bully,1874,1,0,0,31,0,434,0,1,62,83750,1874,0,32,0,0,0,LEADER,1,0,0,31,0,0,0,0,0,0,0,0,0,0,0
85366,91,bully,1619,1,0,0,31,0,434,0,1,91,83747,1619,0,32,0,0,0,LEADER,1,0,0,31,0,0,0,0,0,0,0,0,0,0,0
85321,15,bully,1571,1,0,0,31,0,434,0,1,15,83750,1571,0,32,0,0,0,LEADER,1,0,0,31,0,0,0,0,0,0,0,0,0,0,0
84991,26,bully,2161,1,0,0,31,0,434,0,1,26,82830,2161,0,32,0,0,0,LEADER,1,0,0,31,0,0,0,0,0,0,0,0,0,0,0
85727,49,bully,1977,1,0,0,31,0,434,0,1,49,83750,1977,0,32,0,0,0,LEADER,1,0,0,31,0,0,0,0,0,0,0,0,0,0,0
85542,58,bully,1792,1,0,0,31,0,434,0,1,58,83750,1792,0,32,0,0,0,LEADER,1,0,0,31,0,0,0,0,0,0,0,0,0,0,0
85076,86,bully,2246,1,0,0,31,0,434,0,1,86,82830,2246,0,32,0,0,0,LEADER,1,0,0,31,0,0,0,0,0,0,0,0,0,0,0
85249,50,bully,2419,1,0,0,31,0,434,0,1,50,82830,2419,0,32,0,0,0,LEADER,1,0,0,31,0,0,0,0,0,0,0,0,0,0,0
85101,85,bully,2268,1,0,0,31,0,434,0,1,85,82833,2268,0,32,0,0,0,LEADER,1,0,0,31,0,0,0,0,0,0,0,0,0,0,0
85040,87,bully,2212,1,0,0,31,0,434,0,1,87,82828,2212,0,32,0,0,0,LEADER,1,0,0,31,0,0,0,0,0,0,0,0,0,0,0
85246,64,bully,2416,1,0,0,31,0,434,0,1,64,82830,2416,0,32,0,0,0,LEADER,1,0,0,31,0,0,0,0,0,0,0,0,0,0,0
85184,18,bully,1434,1,0,0,31,0,434,0,1,18,83750,1434,0,32,0,0,0,LEADER,1,0,0,31,0,0,0,0,0,0,0,0,0,0,0
85095,11,bully,2264,1,0,0,31,0,434,0,1,11,82831,2264,0,32,0,0,0,LEADER,1,0,0,31,0,0,0,0,0,0,0,0,0,0,0
85303,90,bully,1553,1,0,0,31,0,434,0,1,90,83750,1553,0,32,0,0,0,LEADER,1,0,0,31,0,0,0,0,0,0,0,0,0,0,0
85197,35,bully,1447,1,0,0,31,0,434,0,1,35,83750,1447,0,32,0,0,0,LEADER,1,0,0,31,0,0,0,0,0,0,0,0,0,0,0
85079,43,bully,2249,1,0,0,31,0,434,0,1,43,82830,2249,0,32,0,0,0,LEADER,1,0,0,31,0,0,0,0,0,0,0,0,0,0,0
85274,7,bully,2253,1,0,0,11,19,154,266,4,5,83021,2253,0,5,0,0,0,NORMAL,0,0,0,11,0,0,0,19,0,0,0,0,0,0,0
85217,28,bully,1467,1,0,0,31,0,434,0,1,28,83750,1467,0,32,0,0,0,LEADER,1,0,0,31,0,0,0,0,0,0,0,0,0,0,0
85056,44,bully,2228,1,0,0,31,0,434,0,1,44,82828,2228,0,32,0,0,0,LEADER,1,0,0,31,0,0,0,0,0,0,0,0,0,0,0
85891,23,bully,2141,1,0,0,31,0,434,0,1,23,83750,2141,0,32,0,0,0,LEADER,1,0,0,31,0,0,0,0,0,0,0,0,0,0,0
85211,30,bully,1461,1,0,0,31,0,434,0,1,30,83750,1461,0,32,0,0,0,LEADER,1,0,0,31,0,0,0,0,0,0,0,0,0,0,0
85609,94,bully,1859,1,0,0,31,0,434,0,1,94,83750,1859,0,32,0,0,0,LEADER,1,0,0,31,0,0,0,0,0,0,0,0,0,0,0
85251,38,bully,1501,1,0,0,31,0,434,0,1,38,83750,1501,0,32,0,0,0,LEADER,1,0,0,31,0,0,0,0,0,0,0,0,0,0,0
85930,66,bully,2180,1,0,0,31,0,434,0,1,66,83750,2180,0,32,0,0,0,LEADER,1,0,0,31,0,0,0,0,0,0,0,0,0,0,0
85236,70,bully,1486,1,0,0,31,0,434,0,1,70,83750,1486,0,32,0,0,0,LEADER,1,0,0,31,0,0,0,0,0,0,0,0,0,0,0
85881,88,bully,2131,1,0,0,31,0,434,0,1,88,83750,2131,0,32,0,0,0,LEADER,1,0,0,31,0,0,0,0,0,0,0,0,0,0,0
85065,75,bully,2235,1,0,0,31,0,434,0,1,75,82830,2235,0,32,0,0,0,LEADER,1,0,0,31,0,0,0,0,0,0,0,0,0,0,0
85073,12,bully,2243,1,0,0,31,0,434,0,1,12,82830,2243,0,32,0,0,0,LEADER,1,0,0,31,0,0,0,0,0,0,0,0,0,0,0
85775,27,bully,2025,1,0,0,31,0,434,0,1,27,83750,2025,0,32,0,0,0,LEADER,1,0,0,31,0,0,0,0,0,0,0,0,0,0,0
85264,42,bully,1514,1,0,0,31,0,434,0,1,42,83750,1514,0,32,0,0,0,LEADER,1,0,0,31,0,0,0,0,0,0,0,0,0,0,0
85911,24,bully,2161,1,0,0,31,0,434,0,1,24,83750,2161,0,32,0,0,0,LEADER,1,0,0,31,0,0,0,0,0,0,0,0,0,0,0
85863,46,bully,2113,1,0,0,31,0,434,0,1,46,83750,2113,0,32,0,0,0,LEADER,1,0,0,31,0,0,0,0,0,0,0,0,0,0,0
85387,34,bully,1637,1,0,0,31,0,434,0,1,34,83750,1637,0,32,0,0,0,LEADER,1,0,0,31,0,0,0,0,0,0,0,0,0,0,0
85760,59,bully,2010,1,0,0,31,0,434,0,1,59,83750,2010,0,32,0,0,0,LEADER,1,0,0,31,0,0,0,0,0,0,0,0,0,0,0
86042,32,bully,2292,1,0,0,31,0,434,0,1,32,83750,2292,0,32,0,0,0,LEADER,1,0,0,31,0,0,0,0,0,0,0,0,0,0,0
85657,72,bully,1907,1,0,0,31,0,434,0,1,72,83750,1907,0,32,0,0,0,LEADER,1,0,0,31,0,0,0,0,0,0,0,0,0,0,0
86069,63,bully,2316,1,0,0,31,0,434,0,1,63,83753,2316,0,32,0,0,0,LEADER,1,0,0,31,0,0,0,0,0,0,0,0,0,0,0
85542,74,bully,1792,1,0,0,31,0,434,0,1,74,83750,1792,0,32,0,0,0,LEADER,1,0,0,31,0,0,0,0,0,0,0,0,0,0,0
85284,48,bully,1534,1,0,0,31,0,434,0,1,48,83750,1534,0,32,0,0,0,LEADER,1,0,0,31,0,0,0,0,0,0,0,0,0,0,0
85745,57,bully,1995,1,0,0,31,0,434,0,1,57,83750,1995,0,32,0,0,0,LEADER,1,0,0,31,0,0,0,0,0,0,0,0,0,0,0
85815,68,bully,2065,1,0,0,31,0,434,0,1,68,83750,2065,0,32,0,0,0,LEADER,1,0,0,31,0,0,0,0,0,0,0,0,0,0,0
85216,45,bully,1466,1,0,0,31,0,434,0,1,45,83750,1466,0,32,0,0,0,LEADER,1,0,0,31,0,0,0,0,0,0,0,0,0,0,0
85573,93,bully,1823,1,0,0,31,0,434,0,1,93,83750,1823,0,32,0,0,0,LEADER,1,0,0,31,0,0,0,0,0,0,0,0,0,0,0
86154,82,bully,2404,1,0,0,31,0,434,0,1,82,83750,2404,0,32,0,0,0,LEADER,1,0,0,31,0,0,0,0,0,0,0,0,0,0,0
86148,51,bully,2398,1,0,0,31,0,434,0,1,51,83750,2398,0,32,0,0,0,LEADER,1,0,0,31,0,0,0,0,0,0,0,0,0,0,0
85693,39,bully,1943,1,0,0,31,0,434,0,1,39,83750,1943,0,32,0,0,0,LEADER,1,0,0,31,0,0,0,0,0,0,0,0,0,0,0
85501,4,bully,2115,1,0,0,9,20,126,280,2,4,83386,2115,0,6,0,0,0,LEADER,1,0,0,9,0,0,0,20,0,0,0,0,0,0,0
85439,78,bully,1689,1,0,0,31,0,434,0,1,78,83750,1689,0,32,0,0,0,LEADER,1,0,0,31,0,0,0,0,0,0,0,0,0,0,0
85827,79,bully,2077,1,0,0,31,0,434,0,1,79,83750,2077,0,32,0,0,0,LEADER,1,0,0,31,0,0,0,0,0,0,0,0,0,0,0
85402,14,bully,1652,1,0,0,31,0,434,0,1,14,83750,1652,0,32,0,0,0,LEADER,1,0,0,31,0,0,0,0,0,0,0,0,0,0,0
85829,36,bully,2080,1,0,0,31,0,434,0,1,36,83749,2080,0,32,0,0,0,LEADER,1,0,0,31,0,0,0,0,0,0,0,0,0,0,0
85712,81,bully,1962,1,0,0,31,0,434,0,1,81,83750,1962,0,32,0,0,0,LEADER,1,0,0,31,0,0,0,0,0,0,0,0,0,0,0
85372,67,bully,1622,1,0,0,31,0,434,0,1,67,83750,1622,0,32,0,0,0,LEADER,1,0,0,31,0,0,0,0,0,0,0,0,0,0,0
86133,83,bully,2383,1,0,0,31,0,434,0,1,83,83750,2383,0,32,0,0,0,LEADER,1,0,0,31,0,0,0,0,0,0,0,0,0,0,0
86277,99,bully,1607,1,0,0,31,0,434,0,1,99,84670,1607,0,32,0,0,0,LEADER,1,0,0,31,0,0,0,0,0,0,0,0,0,0,0
85454,55,bully,1704,1,0,0,31,0,434,0,1,55,83750,1704,0,32,0,0,0,LEADER,1,0,0,31,0,0,0,0,0,0,0,0,0,0,0
86244,89,bully,1574,1,0,0,31,0,434,0,1,89,84670,1574,0,32,0,0,0,LEADER,1,0,0,31,0,0,0,0,0,0,0,0,0,0,0
85406,77,bully,1656,1,0,0,31,0,434,0,1,77,83750,1656,0,32,0,0,0,LEADER,1,0,0,31,0,0,0,0,0,0,0,0,0,0,0
85678,71,bully,1928,1,0,0,31,0,434,0,1,71,83750,1928,0,32,0,0,0,LEADER,1,0,0,31,0,0,0,0,0,0,0,0,0,0,0
85590,52,bully,1840,1,0,0,31,0,434,0,1,52,83750,1840,0,32,0,0,0,LEADER,1,0,0,31,0,0,0,0,0,0,0,0,0,0,0
85960,76,bully,2213,1,0,0,31,0,434,0,1,76,83747,2213,0,32,0,0,0,LEADER,1,0,0,31,0,0,0,0,0,0,0,0,0,0,0
85557,10,bully,1807,1,0,0,31,0,434,0,1,10,83750,1807,0,32,0,0,0,LEADER,1,0,0,31,0,0,0,0,0,0,0,0,0,0,0
85490,22,bully,1740,1,0,0,31,0,434,0,1,22,83750,1740,0,32,0,0,0,LEADER,1,0,0,31,0,0,0,0,0,0,0,0,0,0,0
85638,21,bully,1889,1,0,0,31,0,434,0,1,21,83749,1889,0,32,0,0,0,LEADER,1,0,0,31,0,0,0,0,0,0,0,0,0,0,0
85896,56,bully,2146,1,0,0,31,0,434,0,1,56,83750,2146,0,32,0,0,0,LEADER,1,0,0,31,0,0,0,0,0,0,0,0,0,0,0
85421,60,bully,1671,1,0,0,31,0,434,0,1,60,83750,1671,0,32,0,0,0,LEADER,1,0,0,31,0,0,0,0,0,0,0,0,0,0,0
86274,25,bully,1604,1,0,0,31,0,434,0,1,25,84670,1604,0,32,0,0,0,LEADER,1,0,0,31,0,0,0,0,0,0,0,0,0,0,0
85487,65,bully,1737,1,0,0,31,0,434,0,1,65,83750,1737,0,32,0,0,0,LEADER,1,0,0,31,0,0,0,0,0,0,0,0,0,0,0
86163,19,bully,2413,1,0,0,31,0,434,0,1,19,83750,2413,0,32,0,0,0,LEADER,1,0,0,31,0,0,0,0,0,0,0,0,0,0,0
85793,69,bully,2043,1,0,0,31,0,434,0,1,69,83750,2043,0,32,0,0,0,LEADER,1,0,0,31,0,0,0,0,0,0,0,0,0,0,0
86395,54,bully,1725,1,0,0,31,0,434,0,1,54,84670,1725,0,32,0,0,0,LEADER,1,0,0,31,0,0,0,0,0,0,0,0,0,0,0
85742,17,bully,1992,1,0,0,31,0,434,0,1,17,83750,1992,0,32,0,0,0,LEADER,1,0,0,31,0,0,0,0,0,0,0,0,0,0,0
86256,100,bully,1586,1,0,0,31,0,434,0,1,100,84670,1586,0,32,0,0,0,LEADER,1,0,0,31,0,0,0,0,0,0,0,0,0,0,0
86219,16,bully,1549,1,0,0,31,0,434,0,1,16,84670,1549,0,32,0,0,0,LEADER,1,0,0,31,0,0,0,0,0,0,0,0,0,0,0
85808,37,bully,2058,1,0,0,31,0,434,0,1,37,83750,2058,0,32,0,0,0,LEADER,1,0,0,31,0,0,0,0,0,0,0,0,0,0,0
86444,13,bully,1774,1,0,0,31,0,434,0,1,13,84670,1774,0,32,0,0,0,LEADER,1,0,0,31,0,0,0,0,0,0,0,0,0,0,0
85605,20,bully,1855,1,0,0,31,0,434,0,1,20,83750,1855,0,32,0,0,0,LEADER,1,0,0,31,0,0,0,0,0,0,0,0,0,0,0
86237,41,bully,1567,1,0,0,31,0,434,0,1,41,84670,1567,0,32,0,0,0,LEADER,1,0,0,31,0,0,0,0,0,0,0,0,0,0,0
86226,47,bully,1556,1,0,0,31,0,434,0,1,47,84670,1556,0,32,0,0,0,LEADER,1,0,0,31,0,0,0,0,0,0,0,0,0,0,0
86052,95,bully,2301,1,0,0,31,0,434,0,1,95,83751,2301,0,32,0,0,0,LEADER,1,0,0,31,0,0,0,0,0,0,0,0,0,0,0
85915,98,bully,2165,1,0,0,31,0,434,0,1,98,83750,2165,0,32,0,0,0,LEADER,1,0,0,31,0,0,0,0,0,0,0,0,0,0,0
86099,73,bully,2349,1,0,0,31,0,434,0,1,73,83750,2349,0,32,0,0,0,LEADER,1,0,0,31,0,0,0,0,0,0,0,0,0,0,0
86422,33,bully,1752,1,0,0,31,0,434,0,1,33,84670,1752,0,32,0,0,0,LEADER,1,0,0,31,0,0,0,0,0,0,0,0,0,0,0
85645,61,bully,1895,1,0,0,31,0,434,0,1,61,83750,1895,0,32,0,0,0,LEADER,1,0,0,31,0,0,0,0,0,0,0,0,0,0,0
86392,97,bully,1722,1,0,0,31,0,434,0,1,97,84670,1722,0,32,0,0,0,LEADER,1,0,0,31,0,0,0,0,0,0,0,0,0,0,0
86580,29,bully,1910,1,0,0,31,0,434,0,1,29,84670,1910,0,32,0,0,0,LEADER,1,0,0,31,0,0,0,0,0,0,0,0,0,0,0
86081,31,bully,2331,1,0,0,31,0,434,0,1,31,83750,2331,0,32,0,0,0,LEADER,1,0,0,31,0,0,0,0,0,0,0,0,0,0,0
86592,40,bully,1922,1,0,0,31,0,434,0,1,40,84670,1922,0,32,0,0,0,LEADER,1,0,0,31,0,0,0,0,0,0,0,0,0,0,0
86412,96,bully,1744,1,0,0,31,0,434,0,1,96,84668,1744,0,32,0,0,0,LEADER,1,0,0,31,0,0,0,0,0,0,0,0,0,0,0
86495,84,bully,1825,1,0,0,31,0,434,0,1,84,84670,1825,0,32,0,0,0,LEADER,1,0,0,31,0,0,0,0,0,0,0,0,0,0,0
86189,80,bully,1519,1,0,0,31,0,434,0,1,80,84670,1519,0,32,0,0,0,LEADER,1,0,0,31,0,0,0,0,0,0,0,0,0,0,0
86033,53,bully,2283,1,0,0,31,0,434,0,1,53,83750,2283,0,32,0,0,0,LEADER,1,0,0,31,0,0,0,0,0,0,0,0,0,0,0
86108,92,bully,1438,1,0,0,31,0,434,0,1,92,84670,1438,0,32,0,0,0,LEADER,1,0,0,31,0,0,0,0,0,0,0,0,0,0,0
86544,62,bully,1874,1,0,0,31,0,434,0,1,62,84670,1874,0,32,0,0,0,LEADER,1,0,0,31,0,0,0,0,0,0,0,0,0,0,0
86286,91,bully,1619,1,0,0,31,0,434,0,1,91,84667,1619,0,32,0,0,0,LEADER,1,0,0,31,0,0,0,0,0,0,0,0,0,0,0
86241,15,bully,1571,1,0,0,31,0,434,0,1,15,84670,1571,0,32,0,0,0,LEADER,1,0,0,31,0,0,0,0,0,0,0,0,0,0,0
85911,26,bully,2161,1,0,0,31,0,434,0,1,26,83750,2161,0,32,0,0,0,LEADER,1,0,0,31,0,0,0,0,0,0,0,0,0,0,0
86647,49,bully,1977,1,0,0,31,0,434,0,1,49,84670,1977,0,32,0,0,0,LEADER,1,0,0,31,0,0,0,0,0,0,0,0,0,0,0
86462,58,bully,1792,1,0,0,31,0,434,0,1,58,84670,1792,0,32,0,0,0,LEADER,1,0,0,31,0,0,0,0,0,0,0,0,0,0,0
85996,86,bully,2246,1,0,0,31,0,434,0,1,86,83750,2246,0,32,0,0,0,LEADER,1,0,0,31,0,0,0,0,0,0,0,0,0,0,0
86169,50,bully,2419,1,0,0,31,0,434,0,1,50,83750,2419,0,32,0,0,0,LEADER,1,0,0,31,0,0,0,0,0,0,0,0,0,0,0
86021,85,bully,2268,1,0,0,31,0,434,0,1,85,83753,2268,0,32,0,0,0,LEADER,1,0,0,31,0,0,0,0,0,0,0,0,0,0,0
85960,87,bully,2212,1,0,0,31,0,434,0,1,87,83748,2212,0,32,0,0,0,LEADER,1,0,0,31,0,0,0,0,0,0,0,0,0,0,0
86166,64,bully,2416,1,0,0,31,0,434,0,1,64,83750,2416,0,32,0,0,0,LEADER,1,0,0,31,0,0,0,0,0,0,0,0,0,0,0
86104,18,bully,1434,1,0,0,31,0,434,0,1,18,84670,1434,0,32,0,0,0,LEADER,1,0,0,31,0,0,0,0,0,0,0,0,0,0,0
86015,11,bully,2264,1,0,0,31,0,434,0,1,11,83751,2264,0,32,0,0,0,LEADER,1,0,0,31,0,0,0,0,0,0,0,0,0,0,0
86223,90,bully,1553,1,0,0,31,0,434,0,1,90,84670,1553,0,32,0,0,0,LEADER,1,0,0,31,0,0,0,0,0,0,0,0,0,0,0
86117,35,bully,1447,1,0,0,31,0,434,0,1,35,84670,1447,0,32,0,0,0,LEADER,1,0,0,31,0,0,0,0,0,0,0,0,0,0,0
85999,43,bully,2249,1,0,0,31,0,434,0,1,43,83750,2249,0,32,0,0,0,LEADER,1,0,0,31,0,0,0,0,0,0,0,0,0,0,0
86137,28,bully,1467,1,0,0,31,0,434,0,1,28,84670,1467,0,32,0,0,0,LEADER,1,0,0,31,0,0,0,0,0,0,0,0,0,0,0
85976,44,bully,2228,1,0,0,31,0,434,0,1,44,83748,2228,0,32,0,0,0,LEADER,1,0,0,31,0,0,0,0,0,0,0,0,0,0,0
86811,23,bully,2141,1,0,0,31,0,434,0,1,23,84670,2141,0,32,0,0,0,LEADER,1,0,0,31,0,0,0,0,0,0,0,0,0,0,0
86131,30,bully,1461,1,0,0,31,0,434,0,1,30,84670,1461,0,32,0,0,0,LEADER,1,0,0,31,0,0,0,0,0,0,0,0,0,0,0
86529,94,bully,1859,1,0,0,31,0,434,0,1,94,84670,1859,0,32,0,0,0,LEADER,1,0,0,31,0,0,0,0,0,0,0,0,0,0,0
86171,38,bully,1501,1,0,0,31,0,434,0,1,38,84670,1501,0,32,0,0,0,LEADER,1,0,0,31,0,0,0,0,0,0,0,0,0,0,0
86337,9,bully,2514,1,0,0,9,11,126,154,3,4,83823,2514,0,4,0,0,0,NORMAL,0,0,0,9,0,0,0,11,0,0,0,0,0,0,0
86850,66,bully,2180,1,0,0,31,0,434,0,1,66,84670,2180,0,32,0,0,0,LEADER,1,0,0,31,0,0,0,0,0,0,0,0,0,0,0
86156,70,bully,1486,1,0,0,31,0,434,0,1,70,84670,1486,0,32,0,0,0,LEADER,1,0,0,31,0,0,0,0,0,0,0,0,0,0,0
86801,88,bully,2131,1,0,0,31,0,434,0,1,88,84670,2131,0,32,0,0,0,LEADER,1,0,0,31,0,0,0,0,0,0,0,0,0,0,0
85985,75,bully,2235,1,0,0,31,0,434,0,1,75,83750,2235,0,32,0,0,0,LEADER,1,0,0,31,0,0,0,0,0,0,0,0,0,0,0
85993,12,bully,2243,1,0,0,31,0,434,0,1,12,83750,2243,0,32,0,0,0,LEADER,1,0,0,31,0,0,0,0,0,0,0,0,0,0,0
86695,27,bully,2025,1,0,0,31,0,434,0,1,27,84670,2025,0,32,0,0,0,LEADER,1,0,0,31,0,0,0,0,0,0,0,0,0,0,0
86184,42,bully,1514,1,0,0,31,0,434,0,1,42,84670,1514,0,32,0,0,0,LEADER,1,0,0,31,0,0,0,0,0,0,0,0,0,0,0
86831,24,bully,2161,1,0,0,31,0,434,0,1,24,84670,2161,0,32,0,0,0,LEADER,1,0,0,31,0,0,0,0,0,0,0,0,0,0,0
86783,46,bully,2113,1,0,0,31,0,434,0,1,46,84670,2113,0,32,0,0,0,LEADER,1,0,0,31,0,0,0,0,0,0,0,0,0,0,0
86307,34,bully,1637,1,0,0,31,0,434,0,1,34,84670,1637,0,32,0,0,0,LEADER,1,0,0,31,0,0,0,0,0,0,0,0,0,0,0
86680,59,bully,2010,1,0,0,31,0,434,0,1,59,84670,2010,0,32,0,0,0,LEADER,1,0,0,31,0,0,0,0,0,0,0,0,0,0,0
86962,32,bully,2292,1,0,0,31,0,434,0,1,32,84670,2292,0,32,0,0,0,LEADER,1,0,0,31,0,0,0,0,0,0,0,0,0,0,0
86577,72,bully,1907,1,0,0,31,0,434,0,1,72,84670,1907,0,32,0,0,0,LEADER,1,0,0,31,0,0,0,0,0,0,0,0,0,0,0
86989,63,bully,2316,1,0,0,31,0,434,0,1,63,84673,2316,0,32,0,0,0,LEADER,1,0,0,31,0,0,0,0,0,0,0,0,0,0,0
86462,74,bully,1792,1,0,0,31,0,434,0,1,74,84670,1792,0,32,0,0,0,LEADER,1,0,0,31,0,0,0,0,0,0,0,0,0,0,0
86204,48,bully,1534,1,0,0,31,0,434,0,1,48,84670,1534,0,32,0,0,0,LEADER,1,0,0,31,0,0,0,0,0,0,0,0,0,0,0
86665,57,bully,1995,1,0,0,31,0,434,0,1,57,84670,1995,0,32,0,0,0,LEADER,1,0,0,31,0,0,0,0,0,0,0,0,0,0,0
86735,68,bully,2065,1,0,0,31,0,434,0,1,68,84670,2065,0,32,0,0,0,LEADER,1,0,0,31,0,0,0,0,0,0,0,0,0,0,0
86136,45,bully,1466,1,0,0,31,0,434,0,1,45,84670,1466,0,32,0,0,0,LEADER,1,0,0,31,0,0,0,0,0,0,0,0,0,0,0
86493,93,bully,1823,1,0,0,31,0,434,0,1,93,84670,1823,0,32,0,0,0,LEADER,1,0,0,31,0,0,0,0,0,0,0,0,0,0,0
87074,82,bully,2404,1,0,0,31,0,434,0,1,82,84670,2404,0,32,0,0,0,LEADER,1,0,0,31,0,0,0,0,0,0,0,0,0,0,0
87068,51,bully,2398,1,0,0,31,0,434,0,1,51,84670,2398,0,32,0,0,0,LEADER,1,0,0,31,0,0,0,0,0,0,0,0,0,0,0
86613,39,bully,1943,1,0,0,31,0,434,0,1,39,84670,1943,0,32,0,0,0,LEADER,1,0,0,31,0,0,0,0,0,0,0,0,0,0,0
86359,78,bully,1689,1,0,0,31,0,434,0,1,78,84670,1689,0,32,0,0,0,LEADER,1,0,0,31,0,0,0,0,0,0,0,0,0,0,0
86747,79,bully,2077,1,0,0,31,0,434,0,1,79,84670,2077,0,32,0,0,0,LEADER,1,0,0,31,0,0,0,0,0,0,0,0,0,0,0
86322,14,bully,1652,1,0,0,31,0,434,0,1,14,84670,1652,0,32,0,0,0,LEADER,1,0,0,31,0,0,0,0,0,0,0,0,0,0,0
86749,36,bully,2080,1,0,0,31,0,434,0,1,36,84669,2080,0,32,0,0,0,LEADER,1,0,0,31,0,0,0,0,0,0,0,0,0,0,0
86632,81,bully,1962,1,0,0,31,0,434,0,1,81,84670,1962,0,32,0,0,0,LEADER,1,0,0,31,0,0,0,0,0,0,0,0,0,0,0
86292,67,bully,1622,1,0,0,31,0,434,0,1,67,84670,1622,0,32,0,0,0,LEADER,1,0,0,31,0,0,0,0,0,0,0,0,0,0,0
87053,83,bully,2383,1,0,0,31,0,434,0,1,83,84670,2383,0,32,0,0,0,LEADER,1,0,0,31,0,0,0,0,0,0,0,0,0,0,0
87198,99,bully,1607,1,0,0,32,0,448,0,1,99,85591,1607,0,33,0,0,0,LEADER,1,0,0,32,0,0,0,0,0,0,0,0,0,0,0
86374,55,bully,1704,1,0,0,31,0,434,0,1,55,84670,1704,0,32,0,0,0,LEADER,1,0,0,31,0,0,0,0,0,0,0,0,0,0,0
87165,89,bully,1574,1,0,0,32,0,448,0,1,89,85591,1574,0,33,0,0,0,LEADER,1,0,0,32,0,0,0,0,0,0,0,0,0,0,0
86326,77,bully,1656,1,0,0,31,0,434,0,1,77,84670,1656,0,32,0,0,0,LEADER,1,0,0,31,0,0,0,0,0,0,0,0,0,0,0
86598,71,bully,1928,1,0,0,31,0,434,0,1,71,84670,1928,0,32,0,0,0,LEADER,1,0,0,31,0,0,0,0,0,0,0,0,0,0,0
86510,52,bully,1840,1,0,0,31,0,434,0,1,52,84670,1840,0,32,0,0,0,LEADER,1,0,0,31,0,0,0,0,0,0,0,0,0,0,0
86880,76,bully,2213,1,0,0,31,0,434,0,1,76,84667,2213,0,32,0,0,0,LEADER,1,0,0,31,0,0,0,0,0,0,0,0,0,0,0
86477,10,bully,1807,1,0,0,31,0,434,0,1,10,84670,1807,0,32,0,0,0,LEADER,1,0,0,31,0,0,0,0,0,0,0,0,0,0,0
86410,22,bully,1740,1,0,0,31,0,434,0,1,22,84670,1740,0,32,0,0,0,LEADER,1,0,0,31,0,0,0,0,0,0,0,0,0,0,0
86558,21,bully,1889,1,0,0,31,0,434,0,1,21,84669,1889,0,32,0,0,0,LEADER,1,0,0,31,0,0,0,0,0,0,0,0,0,0,0
86816,56,bully,2146,1,0,0,31,0,434,0,1,56,84670,2146,0,32,0,0,0,LEADER,1,0,0,31,0,0,0,0,0,0,0,0,0,0,0
86341,60,bully,1671,1,0,0,31,0,434,0,1,60,84670,1671,0,32,0,0,0,LEADER,1,0,0,31,0,0,0,0,0,0,0,0,0,0,0
87195,25,bully,1604,1,0,0,32,0,448,0,1,25,85591,1604,0,33,0,0,0,LEADER,1,0,0,32,0,0,0,0,0,0,0,0,0,0,0
86407,65,bully,1737,1,0,0,31,0,434,0,1,65,84670,1737,0,32,0,0,0,LEADER,1,0,0,31,0,0,0,0,0,0,0,0,0,0,0
87083,19,bully,2413,1,0,0,31,0,434,0,1,19,84670,2413,0,32,0,0,0,LEADER,1,0,0,31,0,0,0,0,0,0,0,0,0,0,0
86713,69,bully,2043,1,0,0,31,0,434,0,1,69,84670,2043,0,32,0,0,0,LEADER,1,0,0,31,0,0,0,0,0,0,0,0,0,0,0
87316,54,bully,1725,1,0,0,32,0,448,0,1,54,85591,1725,0,33,0,0,0,LEADER,1,0,0,32,0,0,0,0,0,0,0,0,0,0,0
86662,17,bully,1992,1,0,0,31,0,434,0,1,17,84670,1992,0,32,0,0,0,LEADER,1,0,0,31,0,0,0,0,0,0,0,0,0,0,0
87177,100,bully,1586,1,0,0,32,0,448,0,1,100,85591,1586,0,33,0,0,0,LEADER,1,0,0,32,0,0,0,0,0,0,0,0,0,0,0
87140,16,bully,1549,1,0,0,32,0,448,0,1,16,85591,1549,0,33,0,0,0,LEADER,1,0,0,32,0,0,0,0,0,0,0,0,0,0,0
86728,37,bully,2058,1,0,0,31,0,434,0,1,37,84670,2058,0,32,0,0,0,LEADER,1,0,0,31,0,0,0,0,0,0,0,0,0,0,0
87365,13,bully,1774,1,0,0,32,0,448,0,1,13,85591,1774,0,33,0,0,0,LEADER,1,0,0,32,0,0,0,0,0,0,0,0,0,0,0
86525,20,bully,1855,1,0,0,31,0,434,0,1,20,84670,1855,0,32,0,0,0,LEADER,1,0,0,31,0,0,0,0,0,0,0,0,0,0,0
87158,41,bully,1567,1,0,0,32,0,448,0,1,41,85591,1567,0,33,0,0,0,LEADER,1,0,0,32,0,0,0,0,0,0,0,0,0,0,0
87147,47,bully,1556,1,0,0,32,0,448,0,1,47,85591,1556,0,33,0,0,0,LEADER,1,0,0,32,0,0,0,0,0,0,0,0,0,0,0
86972,95,bully,2301,1,0,0,31,0,434,0,1,95,84671,2301,0,32,0,0,0,LEADER,1,0,0,31,0,0,0,0,0,0,0,0,0,0,0
86835,98,bully,2165,1,0,0,31,0,434,0,1,98,84670,2165,0,32,0,0,0,LEADER,1,0,0,31,0,0,0,0,0,0,0,0,0,0,0
87019,73,bully,2349,1,0,0,31,0,434,0,1,73,84670,2349,0,32,0,0,0,LEADER,1,0,0,31,0,0,0,0,0,0,0,0,0,0,0
86565,61,bully,1895,1,0,0,31,0,434,0,1,61,84670,1895,0,32,0,0,0,LEADER,1,0,0,31,0,0,0,0,0,0,0,0,0,0,0
87313,97,bully,1722,1,0,0,32,0,448,0,1,97,85591,1722,0,33,0,0,0,LEADER,1,0,0,32,0,0,0,0,0,0,0,0,0,0,0
87343,33,bully,1752,1,0,0,32,0,448,0,1,33,85591,1752,0,33,0,0,0,LEADER,1,0,0,32,0,0,0,0,0,0,0,0,0,0,0
87001,31,bully,2331,1,0,0,31,0,434,0,1,31,84670,2331,0,32,0,0,0,LEADER,1,0,0,31,0,0,0,0,0,0,0,0,0,0,0
87501,29,bully,1910,1,0,0,32,0,448,0,1,29,85591,1910,0,33,0,0,0,LEADER,1,0,0,32,0,0,0,0,0,0,0,0,0,0,0
87513,40,bully,1922,1,0,0,32,0,448,0,1,40,85591,1922,0,33,0,0,0,LEADER,1,0,0,32,0,0,0,0,0,0,0,0,0,0,0
87333,96,bully,1744,1,0,0,32,0,448,0,1,96,85589,1744,0,33,0,0,0,LEADER,1,0,0,32,0,0,0,0,0,0,0,0,0,0,0
87416,84,bully,1825,1,0,0,32,0,448,0,1,84,85591,1825,0,33,0,0,0,LEADER,1,0,0,32,0,0,0,0,0,0,0,0,0,0,0
87110,80,bully,1519,1,0,0,32,0,448,0,1,80,85591,1519,0,33,0,0,0,LEADER,1,0,0,32,0,0,0,0,0,0,0,0,0,0,0
86953,53,bully,2283,1,0,0,31,0,434,0,1,53,84670,2283,0,32,0,0,0,LEADER,1,0,0,31,0,0,0,0,0,0,0,0,0,0,0
87029,92,bully,1438,1,0,0,32,0,448,0,1,92,85591,1438,0,33,0,0,0,LEADER,1,0,0,32,0,0,0,0,0,0,0,0,0,0,0
87465,62,bully,1874,1,0,0,32,0,448,0,1,62,85591,1874,0,33,0,0,0,LEADER,1,0,0,32,0,0,0,0,0,0,0,0,0,0,0
87207,91,bully,1619,1,0,0,32,0,448,0,1,91,85588,1619,0,33,0,0,0,LEADER,1,0,0,32,0,0,0,0,0,0,0,0,0,0,0
87162,15,bully,1571,1,0,0,32,0,448,0,1,15,85591,1571,0,33,0,0,0,LEADER,1,0,0,32,0,0,0,0,0,0,0,0,0,0,0
86831,26,bully,2161,1,0,0,31,0,434,0,1,26,84670,2161,0,32,0,0,0,LEADER,1,0,0,31,0,0,0,0,0,0,0,0,0,0,0
87568,49,bully,1977,1,0,0,32,0,448,0,1,49,85591,1977,0,33,0,0,0,LEADER,1,0,0,32,0,0,0,0,0,0,0,0,0,0,0
87383,58,bully,1792,1,0,0,32,0,448,0,1,58,85591,1792,0,33,0,0,0,LEADER,1,0,0,32,0,0,0,0,0,0,0,0,0,0,0
86916,86,bully,2246,1,0,0,31,0,434,0,1,86,84670,2246,0,32,0,0,0,LEADER,1,0,0,31,0,0,0,0,0,0,0,0,0,0,0
87089,50,bully,2419,1,0,0,31,0,434,0,1,50,84670,2419,0,32,0,0,0,LEADER,1,0,0,31,0,0,0,0,0,0,0,0,0,0,0
86941,85,bully,2268,1,0,0,31,0,434,0,1,85,84673,2268,0,32,0,0,0,LEADER,1,0,0,31,0,0,0,0,0,0,0,0,0,0,0
86880,87,bully,2212,1,0,0,31,0,434,0,1,87,84668,2212,0,32,0,0,0,LEADER,1,0,0,31,0,0,0,0,0,0,0,0,0,0,0
87086,64,bully,2416,1,0,0,31,0,434,0,1,64,84670,2416,0,32,0,0,0,LEADER,1,0,0,31,0,0,0,0,0,0,0,0,0,0,0
86935,11,bully,2264,1,0,0,31,0,434,0,1,11,84671,2264,0,32,0,0,0,LEADER,1,0,0,31,0,0,0,0,0,0,0,0,0,0,0
87025,18,bully,1434,1,0,0,32,0,448,0,1,18,85591,1434,0,33,0,0,0,LEADER,1,0,0,32,0,0,0,0,0,0,0,0,0,0,0
87144,90,bully,1553,1,0,0,32,0,448,0,1,90,85591,1553,0,33,0,0,0,LEADER,1,0,0,32,0,0,0,0,0,0,0,0,0,0,0
87038,35,bully,1447,1,0,0,32,0,448,0,1,35,85591,1447,0,33,0,0,0,LEADER,1,0,0,32,0,0,0,0,0,0,0,0,0,0,0
86919,43,bully,2249,1,0,0,31,0,434,0,1,43,84670,2249,0,32,0,0,0,LEADER,1,0,0,31,0,0,0,0,0,0,0,0,0,0,0
87058,28,bully,1467,1,0,0,32,0,448,0,1,28,85591,1467,0,33,0,0,0,LEADER,1,0,0,32,0,0,0,0,0,0,0,0,0,0,0
86896,44,bully,2228,1,0,0,31,0,434,0,1,44,84668,2228,0,32,0,0,0,LEADER,1,0,0,31,0,0,0,0,0,0,0,0,0,0,0
87732,23,bully,2141,1,0,0,32,0,448,0,1,23,85591,2141,0,33,0,0,0,LEADER,1,0,0,32,0,0,0,0,0,0,0,0,0,0,0
87052,30,bully,1461,1,0,0,32,0,448,0,1,30,85591,1461,0,33,0,0,0,LEADER,1,0,0,32,0,0,0,0,0,0,0,0,0,0,0
87450,94,bully,1859,1,0,0,32,0,448,0,1,94,85591,1859,0,33,0,0,0,LEADER,1,0,0,32,0,0,0,0,0,0,0,0,0,0,0
87092,38,bully,1501,1,0,0,32,0,448,0,1,38,85591,1501,0,33,0,0,0,LEADER,1,0,0,32,0,0,0,0,0,0,0,0,0,0,0
87771,66,bully,2180,1,0,0,32,0,448,0,1,66,85591,2180,0,33,0,0,0,LEADER,1,0,0,32,0,0,0,0,0,0,0,0,0,0,0
87285,8,bully,2467,1,0,0,11,20,154,280,3,5,84818,2467,0,5,0,0,0,NORMAL,0,0,0,11,0,0,0,20,0,0,0,0,0,0,0
87077,70,bully,1486,1,0,0,32,0,448,0,1,70,85591,1486,0,33,0,0,0,LEADER,1,0,0,32,0,0,0,0,0,0,0,0,0,0,0
87722,88,bully,2131,1,0,0,32,0,448,0,1,88,85591,2131,0,33,0,0,0,LEADER,1,0,0,32,0,0,0,0,0,0,0,0,0,0,0
86905,75,bully,2235,1,0,0,31,0,434,0,1,75,84670,2235,0,32,0,0,0,LEADER,1,0,0,31,0,0,0,0,0,0,0,0,0,0,0
86913,12,bully,2243,1,0,0,31,0,434,0,1,12,84670,2243,0,32,0,0,0,LEADER,1,0,0,31,0,0,0,0,0,0,0,0,0,0,0
87616,27,bully,2025,1,0,0,32,0,448,0,1,27,85591,2025,0,33,0,0,0,LEADER,1,0,0,32,0,0,0,0,0,0,0,0,0,0,0
87105,42,bully,1514,1,0,0,32,0,448,0,1,42,85591,1514,0,33,0,0,0,LEADER,1,0,0,32,0,0,0,0,0,0,0,0,0,0,0
87752,24,bully,2161,1,0,0,32,0,448,0,1,24,85591,2161,0,33,0,0,0,LEADER,1,0,0,32,0,0,0,0,0,0,0,0,0,0,0
87704,46,bully,2113,1,0,0,32,0,448,0,1,46,85591,2113,0,33,0,0,0,LEADER,1,0,0,32,0,0,0,0,0,0,0,0,0,0,0
87228,34,bully,1637,1,0,0,32,0,448,0,1,34,85591,1637,0,33,0,0,0,LEADER,1,0,0,32,0,0,0,0,0,0,0,0,0,0,0
87601,59,bully,2010,1,0,0,32,0,448,0,1,59,85591,2010,0,33,0,0,0,LEADER,1,0,0,32,0,0,0,0,0,0,0,0,0,0,0
87883,32,bully,2292,1,0,0,32,0,448,0,1,32,85591,2292,0,33,0,0,0,LEADER,1,0,0,32,0,0,0,0,0,0,0,0,0,0,0
87498,72,bully,1907,1,0,0,32,0,448,0,1,72,85591,1907,0,33,0,0,0,LEADER,1,0,0,32,0,0,0,0,0,0,0,0,0,0,0
87910,63,bully,2316,1,0,0,32,0,448,0,1,63,85594,2316,0,33,0,0,0,LEADER,1,0,0,32,0,0,0,0,0,0,0,0,0,0,0
87383,74,bully,1792,1,0,0,32,0,448,0,1,74,85591,1792,0,33,0,0,0,LEADER,1,0,0,32,0,0,0,0,0,0,0,0,0,0,0
87125,48,bully,1534,1,0,0,32,0,448,0,1,48,85591,1534,0,33,0,0,0,LEADER,1,0,0,32,0,0,0,0,0,0,0,0,0,0,0
87586,57,bully,1995,1,0,0,32,0,448,0,1,57,85591,1995,0,33,0,0,0,LEADER,1,0,0,32,0,0,0,0,0,0,0,0,0,0,0
87656,68,bully,2065,1,0,0,32,0,448,0,1,68,85591,2065,0,33,0,0,0,LEADER,1,0,0,32,0,0,0,0,0,0,0,0,0,0,0
87057,45,bully,1466,1,0,0,32,0,448,0,1,45,85591,1466,0,33,0,0,0,LEADER,1,0,0,32,0,0,0,0,0,0,0,0,0,0,0
87414,93,bully,1823,1,0,0,32,0,448,0,1,93,85591,1823,0,33,0,0,0,LEADER,1,0,0,32,0,0,0,0,0,0,0,0,0,0,0
87995,82,bully,2404,1,0,0,32,0,448,0,1,82,85591,2404,0,33,0,0,0,LEADER,1,0,0,32,0,0,0,0,0,0,0,0,0,0,0
87989,51,bully,2398,1,0,0,32,0,448,0,1,51,85591,2398,0,33,0,0,0,LEADER,1,0,0,32,0,0,0,0,0,0,0,0,0,0,0
87534,39,bully,1943,1,0,0,32,0,448,0,1,39,85591,1943,0,33,0,0,0,LEADER,1,0,0,32,0,0,0,0,0,0,0,0,0,0,0
87280,78,bully,1689,1,0,0,32,0,448,0,1,78,85591,1689,0,33,0,0,0,LEADER,1,0,0,32,0,0,0,0,0,0,0,0,0,0,0
87668,79,bully,2077,1,0,0,32,0,448,0,1,79,85591,2077,0,33,0,0,0,LEADER,1,0,0,32,0,0,0,0,0,0,0,0,0,0,0
87243,14,bully,1652,1,0,0,32,0,448,0,1,14,85591,1652,0,33,0,0,0,LEADER,1,0,0,32,0,0,0,0,0,0,0,0,0,0,0
87670,36,bully,2080,1,0,0,32,0,448,0,1,36,85590,2080,0,33,0,0,0,LEADER,1,0,0,32,0,0,0,0,0,0,0,0,0,0,0
87553,81,bully,1962,1,0,0,32,0,448,0,1,81,85591,1962,0,33,0,0,0,LEADER,1,0,0,32,0,0,0,0,0,0,0,0,0,0,0
87213,67,bully,1622,1,0,0,32,0,448,0,1,67,85591,1622,0,33,0,0,0,LEADER,1,0,0,32,0,0,0,0,0,0,0,0,0,0,0
87974,83,bully,2383,1,0,0,32,0,448,0,1,83,85591,2383,0,33,0,0,0,LEADER,1,0,0,32,0,0,0,0,0,0,0,0,0,0,0
88118,99,bully,1607,1,0,0,32,0,448,0,1,99,86511,1607,0,33,0,0,0,LEADER,1,0,0,32,0,0,0,0,0,0,0,0,0,0,0
87295,55,bully,1704,1,0,0,32,0,448,0,1,55,85591,1704,0,33,0,0,0,LEADER,1,0,0,32,0,0,0,0,0,0,0,0,0,0,0
88085,89,bully,1574,1,0,0,32,0,448,0,1,89,86511,1574,0,33,0,0,0,LEADER,1,0,0,32,0,0,0,0,0,0,0,0,0,0,0
87247,77,bully,1656,1,0,0,32,0,448,0,1,77,85591,1656,0,33,0,0,0,LEADER,1,0,0,32,0,0,0,0,0,0,0,0,0,0,0
87519,71,bully,1928,1,0,0,32,0,448,0,1,71,85591,1928,0,33,0,0,0,LEADER,1,0,0,32,0,0,0,0,0,0,0,0,0,0,0
87431,52,bully,1840,1,0,0,32,0,448,0,1,52,85591,1840,0,33,0,0,0,LEADER,1,0,0,32,0,0,0,0,0,0,0,0,0,0,0
87801,76,bully,2213,1,0,0,32,0,448,0,1,76,85588,2213,0,33,0,0,0,LEADER,1,0,0,32,0,0,0,0,0,0,0,0,0,0,0
87398,10,bully,1807,1,0,0,32,0,448,0,1,10,85591,1807,0,33,0,0,0,LEADER,1,0,0,32,0,0,0,0,0,0,0,0,0,0,0
87331,22,bully,1740,1,0,0,32,0,448,0,1,22,85591,1740,0,33,0,0,0,LEADER,1,0,0,32,0,0,0,0,0,0,0,0,0,0,0
87479,21,bully,1889,1,0,0,32,0,448,0,1,21,85590,1889,0,33,0,0,0,LEADER,1,0,0,32,0,0,0,0,0,0,0,0,0,0,0
87737,56,bully,2146,1,0,0,32,0,448,0,1,56,85591,2146,0,33,0,0,0,LEADER,1,0,0,32,0,0,0,0,0,0,0,0,0,0,0
87262,60,bully,1671,1,0,0,32,0,448,0,1,60,85591,1671,0,33,0,0,0,LEADER,1,0,0,32,0,0,0,0,0,0,0,0,0,0,0
88115,25,bully,1604,1,0,0,32,0,448,0,1,25,86511,1604,0,33,0,0,0,LEADER,1,0,0,32,0,0,0,0,0,0,0,0,0,0,0
87328,65,bully,1737,1,0,0,32,0,448,0,1,65,85591,1737,0,33,0,0,0,LEADER,1,0,0,32,0,0,0,0,0,0,0,0,0,0,0
88004,19,bully,2413,1,0,0,32,0,448,0,1,19,85591,2413,0,33,0,0,0,LEADER,1,0,0,32,0,0,0,0,0,0,0,0,0,0,0
87634,69,bully,2043,1,0,0,32,0,448,0,1,69,85591,2043,0,33,0,0,0,LEADER,1,0,0,32,0,0,0,0,0,0,0,0,0,0,0
88236,54,bully,1725,1,0,0,32,0,448,0,1,54,86511,1725,0,33,0,0,0,LEADER,1,0,0,32,0,0,0,0,0,0,0,0,0,0,0
87583,17,bully,1992,1,0,0,32,0,448,0,1,17,85591,1992,0,33,0,0,0,LEADER,1,0,0,32,0,0,0,0,0,0,0,0,0,0,0
88097,100,bully,1586,1,0,0,32,0,448,0,1,100,86511,1586,0,33,0,0,0,LEADER,1,0,0,32,0,0,0,0,0,0,0,0,0,0,0
88060,16,bully,1549,1,0,0,32,0,448,0,1,16,86511,1549,0,33,0,0,0,LEADER,1,0,0,32,0,0,0,0,0,0,0,0,0,0,0
87649,37,bully,2058,1,0,0,32,0,448,0,1,37,85591,2058,0,33,0,0,0,LEADER,1,0,0,32,0,0,0,0,0,0,0,0,0,0,0
88285,13,bully,1774,1,0,0,32,0,448,0,1,13,86511,1774,0,33,0,0,0,LEADER,1,0,0,32,0,0,0,0,0,0,0,0,0,0,0
87446,20,bully,1855,1,0,0,32,0,448,0,1,20,85591,1855,0,33,0,0,0,LEADER,1,0,0,32,0,0,0,0,0,0,0,0,0,0,0
88078,41,bully,1567,1,0,0,32,0,448,0,1,41,86511,1567,0,33,0,0,0,LEADER,1,0,0,32,0,0,0,0,0,0,0,0,0,0,0
88067,47,bully,1556,1,0,0,32,0,448,0,1,47,86511,1556,0,33,0,0,0,LEADER,1,0,0,32,0,0,0,0,0,0,0,0,0,0,0
87893,95,bully,2301,1,0,0,32,0,448,0,1,95,85592,2301,0,33,0,0,0,LEADER,1,0,0,32,0,0,0,0,0,0,0,0,0,0,0
87756,98,bully,2165,1,0,0,32,0,448,0,1,98,85591,2165,0,33,0,0,0,LEADER,1,0,0,32,0,0,0,0,0,0,0,0,0,0,0
87940,73,bully,2349,1,0,0,32,0,448,0,1,73,85591,2349,0,33,0,0,0,LEADER,1,0,0,32,0,0,0,0,0,0,0,0,0,0,0
88263,33,bully,1752,1,0,0,32,0,448,0,1,33,86511,1752,0,33,0,0,0,LEADER,1,0,0,32,0,0,0,0,0,0,0,0,0,0,0
88233,97,bully,1722,1,0,0,32,0,448,0,1,97,86511,1722,0,33,0,0,0,LEADER,1,0,0,32,0,0,0,0,0,0,0,0,0,0,0
87486,61,bully,1895,1,0,0,32,0,448,0,1,61,85591,1895,0,33,0,0,0,LEADER,1,0,0,32,0,0,0,0,0,0,0,0,0,0,0
88421,29,bully,1910,1,0,0,32,0,448,0,1,29,86511,1910,0,33,0,0,0,LEADER,1,0,0,32,0,0,0,0,0,0,0,0,0,0,0
88433,40,bully,1922,1,0,0,32,0,448,0,1,40,86511,1922,0,33,0,0,0,LEADER,1,0,0,32,0,0,0,0,0,0,0,0,0,0,0
87922,31,bully,2331,1,0,0,32,0,448,0,1,31,85591,2331,0,33,0,0,0,LEADER,1,0,0,32,0,0,0,0,0,0,0,0,0,0,0
88253,96,bully,1744,1,0,0,32,0,448,0,1,96,86509,1744,0,33,0,0,0,LEADER,1,0,0,32,0,0,0,0,0,0,0,0,0,0,0
88336,84,bully,1825,1,0,0,32,0,448,0,1,84,86511,1825,0,33,0,0,0,LEADER,1,0,0,32,0,0,0,0,0,0,0,0,0,0,0
88030,80,bully,1519,1,0,0,32,0,448,0,1,80,86511,1519,0,33,0,0,0,LEADER,1,0,0,32,0,0,0,0,0,0,0,0,0,0,0
87874,53,bully,2283,1,0,0,32,0,448,0,1,53,85591,2283,0,33,0,0,0,LEADER,1,0,0,32,0,0,0,0,0,0,0,0,0,0,0
87949,92,bully,1438,1,0,0,32,0,448,0,1,92,86511,1438,0,33,0,0,0,LEADER,1,0,0,32,0,0,0,0,0,0,0,0,0,0,0
88385,62,bully,1874,1,0,0,32,0,448,0,1,62,86511,1874,0,33,0,0,0,LEADER,1,0,0,32,0,0,0,0,0,0,0,0,0,0,0
88127,91,bully,1619,1,0,0,32,0,448,0,1,91,86508,1619,0,33,0,0,0,LEADER,1,0,0,32,0,0,0,0,0,0,0,0,0,0,0
88082,15,bully,1571,1,0,0,32,0,448,0,1,15,86511,1571,0,33,0,0,0,LEADER,1,0,0,32,0,0,0,0,0,0,0,0,0,0,0
87752,26,bully,2161,1,0,0,32,0,448,0,1,26,85591,2161,0,33,0,0,0,LEADER,1,0,0,32,0,0,0,0,0,0,0,0,0,0,0
88488,49,bully,1977,1,0,0,32,0,448,0,1,49,86511,1977,0,33,0,0,0,LEADER,1,0,0,32,0,0,0,0,0,0,0,0,0,0,0
88303,58,bully,1792,1,0,0,32,0,448,0,1,58,86511,1792,0,33,0,0,0,LEADER,1,0,0,32,0,0,0,0,0,0,0,0,0,0,0
87837,86,bully,2246,1,0,0,32,0,448,0,1,86,85591,2246,0,33,0,0,0,LEADER,1,0,0,32,0,0,0,0,0,0,0,0,0,0,0
88010,50,bully,2419,1,0,0,32,0,448,0,1,50,85591,2419,0,33,0,0,0,LEADER,1,0,0,32,0,0,0,0,0,0,0,0,0,0,0
87862,85,bully,2268,1,0,0,32,0,448,0,1,85,85594,2268,0,33,0,0,0,LEADER,1,0,0,32,0,0,0,0,0,0,0,0,0,0,0
87801,87,bully,2212,1,0,0,32,0,448,0,1,87,85589,2212,0,33,0,0,0,LEADER,1,0,0,32,0,0,0,0,0,0,0,0,0,0,0
88007,64,bully,2416,1,0,0,32,0,448,0,1,64,85591,2416,0,33,0,0,0,LEADER,1,0,0,32,0,0,0,0,0,0,0,0,0,0,0
87945,18,bully,1434,1,0,0,32,0,448,0,1,18,86511,1434,0,33,0,0,0,LEADER,1,0,0,32,0,0,0,0,0,0,0,0,0,0,0
87856,11,bully,2264,1,0,0,32,0,448,0,1,11,85592,2264,0,33,0,0,0,LEADER,1,0,0,32,0,0,0,0,0,0,0,0,0,0,0
88064,90,bully,1553,1,0,0,32,0,448,0,1,90,86511,1553,0,33,0,0,0,LEADER,1,0,0,32,0,0,0,0,0,0,0,0,0,0,0
87958,35,bully,1447,1,0,0,32,0,448,0,1,35,86511,1447,0,33,0,0,0,LEADER,1,0,0,32,0,0,0,0,0,0,0,0,0,0,0
87840,43,bully,2249,1,0,0,32,0,448,0,1,43,85591,2249,0,33,0,0,0,LEADER,1,0,0,32,0,0,0,0,0,0,0,0,0,0,0
87978,28,bully,1467,1,0,0,32,0,448,0,1,28,86511,1467,0,33,0,0,0,LEADER,1,0,0,32,0,0,0,0,0,0,0,0,0,0,0
87817,44,bully,2228,1,0,0,32,0,448,0,1,44,85589,2228,0,33,0,0,0,LEADER,1,0,0,32,0,0,0,0,0,0,0,0,0,0,0
88652,23,bully,2141,1,0,0,32,0,448,0,1,23,86511,2141,0,33,0,0,0,LEADER,1,0,0,32,0,0,0,0,0,0,0,0,0,0,0
87972,30,bully,1461,1,0,0,32,0,448,0,1,30,86511,1461,0,33,0,0,0,LEADER,1,0,0,32,0,0,0,0,0,0,0,0,0,0,0
88370,94,bully,1859,1,0,0,32,0,448,0,1,94,86511,1859,0,33,0,0,0,LEADER,1,0,0,32,0,0,0,0,0,0,0,0,0,0,0
88012,38,bully,1501,1,0,0,32,0,448,0,1,38,86511,1501,0,33,0,0,0,LEADER,1,0,0,32,0,0,0,0,0,0,0,0,0,0,0
88691,66,bully,2180,1,0,0,32,0,448,0,1,66,86511,2180,0,33,0,0,0,LEADER,1,0,0,32,0,0,0,0,0,0,0,0,0,0,0
87997,70,bully,1486,1,0,0,32,0,448,0,1,70,86511,1486,0,33,0,0,0,LEADER,1,0,0,32,0,0,0,0,0,0,0,0,0,0,0
88642,88,bully,2131,1,0,0,32,0,448,0,1,88,86511,2131,0,33,0,0,0,LEADER,1,0,0,32,0,0,0,0,0,0,0,0,0,0,0
87826,75,bully,2235,1,0,0,32,0,448,0,1,75,85591,2235,0,33,0,0,0,LEADER,1,0,0,32,0,0,0,0,0,0,0,0,0,0,0
87834,12,bully,2243,1,0,0,32,0,448,0,1,12,85591,2243,0,33,0,0,0,LEADER,1,0,0,32,0,0,0,0,0,0,0,0,0,0,0
88536,27,bully,2025,1,0,0,32,0,448,0,1,27,86511,2025,0,33,0,0,0,LEADER,1,0,0,32,0,0,0,0,0,0,0,0,0,0,0
88025,42,bully,1514,1,0,0,32,0,448,0,1,42,86511,1514,0,33,0,0,0,LEADER,1,0,0,32,0,0,0,0,0,0,0,0,0,0,0
88672,24,bully,2161,1,0,0,32,0,448,0,1,24,86511,2161,0,33,0,0,0,LEADER,1,0,0,32,0,0,0,0,0,0,0,0,0,0,0
88624,46,bully,2113,1,0,0,32,0,448,0,1,46,86511,2113,0,33,0,0,0,LEADER,1,0,0,32,0,0,0,0,0,0,0,0,0,0,0
88148,34,bully,1637,1,0,0,32,0,448,0,1,34,86511,1637,0,33,0,0,0,LEADER,1,0,0,32,0,0,0,0,0,0,0,0,0,0,0
88521,59,bully,2010,1,0,0,32,0,448,0,1,59,86511,2010,0,33,0,0,0,LEADER,1,0,0,32,0,0,0,0,0,0,0,0,0,0,0
88803,32,bully,2292,1,0,0,32,0,448,0,1,32,86511,2292,0,33,0,0,0,LEADER,1,0,0,32,0,0,0,0,0,0,0,0,0,0,0
88418,72,bully,1907,1,0,0,32,0,448,0,1,72,86511,1907,0,33,0,0,0,LEADER,1,0,0,32,0,0,0,0,0,0,0,0,0,0,0
88830,63,bully,2316,1,0,0,32,0,448,0,1,63,86514,2316,0,33,0,0,0,LEADER,1,0,0,32,0,0,0,0,0,0,0,0,0,0,0
88303,74,bully,1792,1,0,0,32,0,448,0,1,74,86511,1792,0,33,0,0,0,LEADER,1,0,0,32,0,0,0,0,0,0,0,0,0,0,0
88045,48,bully,1534,1,0,0,32,0,448,0,1,48,86511,1534,0,33,0,0,0,LEADER,1,0,0,32,0,0,0,0,0,0,0,0,0,0,0
88506,57,bully,1995,1,0,0,32,0,448,0,1,57,86511,1995,0,33,0,0,0,LEADER,1,0,0,32,0,0,0,0,0,0,0,0,0,0,0
88576,68,bully,2065,1,0,0,32,0,448,0,1,68,86511,2065,0,33,0,0,0,LEADER,1,0,0,32,0,0,0,0,0,0,0,0,0,0,0
87977,45,bully,1466,1,0,0,32,0,448,0,1,45,86511,1466,0,33,0,0,0,LEADER,1,0,0,32,0,0,0,0,0,0,0,0,0,0,0
88334,93,bully,1823,1,0,0,32,0,448,0,1,93,86511,1823,0,33,0,0,0,LEADER,1,0,0,32,0,0,0,0,0,0,0,0,0,0,0
88915,82,bully,2404,1,0,0,32,0,448,0,1,82,86511,2404,0,33,0,0,0,LEADER,1,0,0,32,0,0,0,0,0,0,0,0,0,0,0
88909,51,bully,2398,1,0,0,32,0,448,0,1,51,86511,2398,0,33,0,0,0,LEADER,1,0,0,32,0,0,0,0,0,0,0,0,0,0,0
88454,39,bully,1943,1,0,0,32,0,448,0,1,39,86511,1943,0,33,0,0,0,LEADER,1,0,0,32,0,0,0,0,0,0,0,0,0,0,0
88200,78,bully,1689,1,0,0,32,0,448,0,1,78,86511,1689,0,33,0,0,0,LEADER,1,0,0,32,0,0,0,0,0,0,0,0,0,0,0
88588,79,bully,2077,1,0,0,32,0,448,0,1,79,86511,2077,0,33,0,0,0,LEADER,1,0,0,32,0,0,0,0,0,0,0,0,0,0,0
88163,14,bully,1652,1,0,0,32,0,448,0,1,14,86511,1652,0,33,0,0,0,LEADER,1,0,0,32,0,0,0,0,0,0,0,0,0,0,0
88590,36,bully,2080,1,0,0,32,0,448,0,1,36,86510,2080,0,33,0,0,0,LEADER,1,0,0,32,0,0,0,0,0,0,0,0,0,0,0
88473,81,bully,1962,1,0,0,32,0,448,0,1,81,86511,1962,0,33,0,0,0,LEADER,1,0,0,32,0,0,0,0,0,0,0,0,0,0,0
88133,67,bully,1622,1,0,0,32,0,448,0,1,67,86511,1622,0,33,0,0,0,LEADER,1,0,0,32,0,0,0,0,0,0,0,0,0,0,0
88894,83,bully,2383,1,0,0,32,0,448,0,1,83,86511,2383,0,33,0,0,0,LEADER,1,0,0,32,0,0,0,0,0,0,0,0,0,0,0
89038,99,bully,1607,1,0,0,32,0,448,0,1,99,87431,1607,0,33,0,0,0,LEADER,1,0,0,32,0,0,0,0,0,0,0,0,0,0,0
88215,55,bully,1704,1,0,0,32,0,448,0,1,55,86511,1704,0,33,0,0,0,LEADER,1,0,0,32,0,0,0,0,0,0,0,0,0,0,0
89005,89,bully,1574,1,0,0,32,0,448,0,1,89,87431,1574,0,33,0,0,0,LEADER,1,0,0,32,0,0,0,0,0,0,0,0,0,0,0
88167,77,bully,1656,1,0,0,32,0,448,0,1,77,86511,1656,0,33,0,0,0,LEADER,1,0,0,32,0,0,0,0,0,0,0,0,0,0,0
88439,71,bully,1928,1,0,0,32,0,448,0,1,71,86511,1928,0,33,0,0,0,LEADER,1,0,0,32,0,0,0,0,0,0,0,0,0,0,0
88351,52,bully,1840,1,0,0,32,0,448,0,1,52,86511,1840,0,33,0,0,0,LEADER,1,0,0,32,0,0,0,0,0,0,0,0,0,0,0
88721,76,bully,2213,1,0,0,32,0,448,0,1,76,86508,2213,0,33,0,0,0,LEADER,1,0,0,32,0,0,0,0,0,0,0,0,0,0,0
88318,10,bully,1807,1,0,0,32,0,448,0,1,10,86511,1807,0,33,0,0,0,LEADER,1,0,0,32,0,0,0,0,0,0,0,0,0,0,0
88251,22,bully,1740,1,0,0,32,0,448,0,1,22,86511,1740,0,33,0,0,0,LEADER,1,0,0,32,0,0,0,0,0,0,0,0,0,0,0
88399,21,bully,1889,1,0,0,32,0,448,0,1,21,86510,1889,0,33,0,0,0,LEADER,1,0,0,32,0,0,0,0,0,0,0,0,0,0,0
88657,56,bully,2146,1,0,0,32,0,448,0,1,56,86511,2146,0,33,0,0,0,LEADER,1,0,0,32,0,0,0,0,0,0,0,0,0,0,0
88182,60,bully,1671,1,0,0,32,0,448,0,1,60,86511,1671,0,33,0,0,0,LEADER,1,0,0,32,0,0,0,0,0,0,0,0,0,0,0
89035,25,bully,1604,1,0,0,32,0,448,0,1,25,87431,1604,0,33,0,0,0,LEADER,1,0,0,32,0,0,0,0,0,0,0,0,0,0,0
88248,65,bully,1737,1,0,0,32,0,448,0,1,65,86511,1737,0,33,0,0,0,LEADER,1,0,0,32,0,0,0,0,0,0,0,0,0,0,0
88924,19,bully,2413,1,0,0,32,0,448,0,1,19,86511,2413,0,33,0,0,0,LEADER,1,0,0,32,0,0,0,0,0,0,0,0,0,0,0
88554,69,bully,2043,1,0,0,32,0,448,0,1,69,86511,2043,0,33,0,0,0,LEADER,1,0,0,32,0,0,0,0,0,0,0,0,0,0,0
89156,54,bully,1725,1,0,0,32,0,448,0,1,54,87431,1725,0,33,0,0,0,LEADER,1,0,0,32,0,0,0,0,0,0,0,0,0,0,0
88503,17,bully,1992,1,0,0,32,0,448,0,1,17,86511,1992,0,33,0,0,0,LEADER,1,0,0,32,0,0,0,0,0,0,0,0,0,0,0
89017,100,bully,1586,1,0,0,32,0,448,0,1,100,87431,1586,0,33,0,0,0,LEADER,1,0,0,32,0,0,0,0,0,0,0,0,0,0,0
88980,16,bully,1549,1,0,0,32,0,448,0,1,16,87431,1549,0,33,0,0,0,LEADER,1,0,0,32,0,0,0,0,0,0,0,0,0,0,0
88569,37,bully,2058,1,0,0,32,0,448,0,1,37,86511,2058,0,33,0,0,0,LEADER,1,0,0,32,0,0,0,0,0,0,0,0,0,0,0
89205,13,bully,1774,1,0,0,32,0,448,0,1,13,87431,1774,0,33,0,0,0,LEADER,1,0,0,32,0,0,0,0,0,0,0,0,0,0,0
88366,20,bully,1855,1,0,0,32,0,448,0,1,20,86511,1855,0,33,0,0,0,LEADER,1,0,0,32,0,0,0,0,0,0,0,0,0,0,0
88998,41,bully,1567,1,0,0,32,0,448,0,1,41,87431,1567,0,33,0,0,0,LEADER,1,0,0,32,0,0,0,0,0,0,0,0,0,0,0
88987,47,bully,1556,1,0,0,32,0,448,0,1,47,87431,1556,0,33,0,0,0,LEADER,1,0,0,32,0,0,0,0,0,0,0,0,0,0,0
88813,95,bully,2301,1,0,0,32,0,448,0,1,95,86512,2301,0,33,0,0,0,LEADER,1,0,0,32,0,0,0,0,0,0,0,0,0,0,0
88676,98,bully,2165,1,0,0,32,0,448,0,1,98,86511,2165,0,33,0,0,0,LEADER,1,0,0,32,0,0,0,0,0,0,0,0,0,0,0
88860,73,bully,2349,1,0,0,32,0,448,0,1,73,86511,2349,0,33,0,0,0,LEADER,1,0,0,32,0,0,0,0,0,0,0,0,0,0,0
89183,33,bully,1752,1,0,0,32,0,448,0,1,33,87431,1752,0,33,0,0,0,LEADER,1,0,0,32,0,0,0,0,0,0,0,0,0,0,0
89153,97,bully,1722,1,0,0,32,0,448,0,1,97,87431,1722,0,33,0,0,0,LEADER,1,0,0,32,0,0,0,0,0,0,0,0,0,0,0
88406,61,bully,1895,1,0,0,32,0,448,0,1,61,86511,1895,0,33,0,0,0,LEADER,1,0,0,32,0,0,0,0,0,0,0,0,0,0,0
89341,29,bully,1910,1,0,0,32,0,448,0,1,29,87431,1910,0,33,0,0,0,LEADER,1,0,0,32,0,0,0,0,0,0,0,0,0,0,0
89353,40,bully,1922,1,0,0,32,0,448,0,1,40,87431,1922,0,33,0,0,0,LEADER,1,0,0,32,0,0,0,0,0,0,0,0,0,0,0
88842,31,bully,2331,1,0,0,32,0,448,0,1,31,86511,2331,0,33,0,0,0,LEADER,1,0,0,32,0,0,0,0,0,0,0,0,0,0,0
89173,96,bully,1744,1,0,0,32,0,448,0,1,96,87429,1744,0,33,0,0,0,LEADER,1,0,0,32,0,0,0,0,0,0,0,0,0,0,0
89256,84,bully,1825,1,0,0,32,0,448,0,1,84,87431,1825,0,33,0,0,0,LEADER,1,0,0,32,0,0,0,0,0,0,0,0,0,0,0
88950,80,bully,1519,1,0,0,32,0,448,0,1,80,87431,1519,0,33,0,0,0,LEADER,1,0,0,32,0,0,0,0,0,0,0,0,0,0,0
88794,53,bully,2283,1,0,0,32,0,448,0,1,53,86511,2283,0,33,0,0,0,LEADER,1,0,0,32,0,0,0,0,0,0,0,0,0,0,0
88869,92,bully,1438,1,0,0,32,0,448,0,1,92,87431,1438,0,33,0,0,0,LEADER,1,0,0,32,0,0,0,0,0,0,0,0,0,0,0
89305,62,bully,1874,1,0,0,32,0,448,0,1,62,87431,1874,0,33,0,0,0,LEADER,1,0,0,32,0,0,0,0,0,0,0,0,0,0,0
89023,1,bully,2293,1,0,0,9,8,126,112,1,1,86730,2293,0,8,0,0,0,LEADER,1,0,0,9,0,0,0,8,0,0,0,0,0,0,0
89047,91,bully,1619,1,0,0,32,0,448,0,1,91,87428,1619,0,33,0,0,0,LEADER,1,0,0,32,0,0,0,0,0,0,0,0,0,0,0
89002,15,bully,1571,1,0,0,32,0,448,0,1,15,87431,1571,0,33,0,0,0,LEADER,1,0,0,32,0,0,0,0,0,0,0,0,0,0,0
88672,26,bully,2161,1,0,0,32,0,448,0,1,26,86511,2161,0,33,0,0,0,LEADER,1,0,0,32,0,0,0,0,0,0,0,0,0,0,0
89408,49,bully,1977,1,0,0,32,0,448,0,1,49,87431,1977,0,33,0,0,0,LEADER,1,0,0,32,0,0,0,0,0,0,0,0,0,0,0
89223,58,bully,1792,1,0,0,32,0,448,0,1,58,87431,1792,0,33,0,0,0,LEADER,1,0,0,32,0,0,0,0,0,0,0,0,0,0,0
88757,86,bully,2246,1,0,0,32,0,448,0,1,86,86511,2246,0,33,0,0,0,LEADER,1,0,0,32,0,0,0,0,0,0,0,0,0,0,0
88930,50,bully,2419,1,0,0,32,0,448,0,1,50,86511,2419,0,33,0,0,0,LEADER,1,0,0,32,0,0,0,0,0,0,0,0,0,0,0
88782,85,bully,2268,1,0,0,32,0,448,0,1,85,86514,2268,0,33,0,0,0,LEADER,1,0,0,32,0,0,0,0,0,0,0,0,0,0,0
88721,87,bully,2212,1,0,0,32,0,448,0,1,87,86509,2212,0,33,0,0,0,LEADER,1,0,0,32,0,0,0,0,0,0,0,0,0,0,0
88927,64,bully,2416,1,0,0,32,0,448,0,1,64,86511,2416,0,33,0,0,0,LEADER,1,0,0,32,0,0,0,0,0,0,0,0,0,0,0
88865,18,bully,1434,1,0,0,32,0,448,0,1,18,87431,1434,0,33,0,0,0,LEADER,1,0,0,32,0,0,0,0,0,0,0,0,0,0,0
88776,11,bully,2264,1,0,0,32,0,448,0,1,11,86512,2264,0,33,0,0,0,LEADER,1,0,0,32,0,0,0,0,0,0,0,0,0,0,0
88984,90,bully,1553,1,0,0,32,0,448,0,1,90,87431,1553,0,33,0,0,0,LEADER,1,0,0,32,0,0,0,0,0,0,0,0,0,0,0
88878,35,bully,1447,1,0,0,32,0,448,0,1,35,87431,1447,0,33,0,0,0,LEADER,1,0,0,32,0,0,0,0,0,0,0,0,0,0,0
88760,43,bully,2249,1,0,0,32,0,448,0,1,43,86511,2249,0,33,0,0,0,LEADER,1,0,0,32,0,0,0,0,0,0,0,0,0,0,0
88898,28,bully,1467,1,0,0,32,0,448,0,1,28,87431,1467,0,33,0,0,0,LEADER,1,0,0,32,0,0,0,0,0,0,0,0,0,0,0
88737,44,bully,2228,1,0,0,32,0,448,0,1,44,86509,2228,0,33,0,0,0,LEADER,1,0,0,32,0,0,0,0,0,0,0,0,0,0,0
89572,23,bully,2141,1,0,0,32,0,448,0,1,23,87431,2141,0,33,0,0,0,LEADER,1,0,0,32,0,0,0,0,0,0,0,0,0,0,0
88892,30,bully,1461,1,0,0,32,0,448,0,1,30,87431,1461,0,33,0,0,0,LEADER,1,0,0,32,0,0,0,0,0,0,0,0,0,0,0
89290,94,bully,1859,1,0,0,32,0,448,0,1,94,87431,1859,0,33,0,0,0,LEADER,1,0,0,32,0,0,0,0,0,0,0,0,0,0,0
88932,38,bully,1501,1,0,0,32,0,448,0,1,38,87431,1501,0,33,0,0,0,LEADER,1,0,0,32,0,0,0,0,0,0,0,0,0,0,0
89611,66,bully,2180,1,0,0,32,0,448,0,1,66,87431,2180,0,33,0,0,0,LEADER,1,0,0,32,0,0,0,0,0,0,0,0,0,0,0
88917,70,bully,1486,1,0,0,32,0,448,0,1,70,87431,1486,0,33,0,0,0,LEADER,1,0,0,32,0,0,0,0,0,0,0,0,0,0,0
89562,88,bully,2131,1,0,0,32,0,448,0,1,88,87431,2131,0,33,0,0,0,LEADER,1,0,0,32,0,0,0,0,0,0,0,0,0,0,0
88746,75,bully,2235,1,0,0,32,0,448,0,1,75,86511,2235,0,33,0,0,0,LEADER,1,0,0,32,0,0,0,0,0,0,0,0,0,0,0
88754,12,bully,2243,1,0,0,32,0,448,0,1,12,86511,2243,0,33,0,0,0,LEADER,1,0,0,32,0,0,0,0,0,0,0,0,0,0,0
89456,27,bully,2025,1,0,0,32,0,448,0,1,27,87431,2025,0,33,0,0,0,LEADER,1,0,0,32,0,0,0,0,0,0,0,0,0,0,0
88945,42,bully,1514,1,0,0,32,0,448,0,1,42,87431,1514,0,33,0,0,0,LEADER,1,0,0,32,0,0,0,0,0,0,0,0,0,0,0
89592,24,bully,2161,1,0,0,32,0,448,0,1,24,87431,2161,0,33,0,0,0,LEADER,1,0,0,32,0,0,0,0,0,0,0,0,0,0,0
89544,46,bully,2113,1,0,0,32,0,448,0,1,46,87431,2113,0,33,0,0,0,LEADER,1,0,0,32,0,0,0,0,0,0,0,0,0,0,0
89068,34,bully,1637,1,0,0,32,0,448,0,1,34,87431,1637,0,33,0,0,0,LEADER,1,0,0,32,0,0,0,0,0,0,0,0,0,0,0
89441,59,bully,2010,1,0,0,32,0,448,0,1,59,87431,2010,0,33,0,0,0,LEADER,1,0,0,32,0,0,0,0,0,0,0,0,0,0,0
89723,32,bully,2292,1,0,0,32,0,448,0,1,32,87431,2292,0,33,0,0,0,LEADER,1,0,0,32,0,0,0,0,0,0,0,0,0,0,0
89338,72,bully,1907,1,0,0,32,0,448,0,1,72,87431,1907,0,33,0,0,0,LEADER,1,0,0,32,0,0,0,0,0,0,0,0,0,0,0
89750,63,bully,2316,1,0,0,32,0,448,0,1,63,87434,2316,0,33,0,0,0,LEADER,1,0,0,32,0,0,0,0,0,0,0,0,0,0,0
89223,74,bully,1792,1,0,0,32,0,448,0,1,74,87431,1792,0,33,0,0,0,LEADER,1,0,0,32,0,0,0,0,0,0,0,0,0,0,0
88965,48,bully,1534,1,0,0,32,0,448,0,1,48,87431,1534,0,33,0,0,0,LEADER,1,0,0,32,0,0,0,0,0,0,0,0,0,0,0
89426,57,bully,1995,1,0,0,32,0,448,0,1,57,87431,1995,0,33,0,0,0,LEADER,1,0,0,32,0,0,0,0,0,0,0,0,0,0,0
89496,68,bully,2065,1,0,0,32,0,448,0,1,68,87431,2065,0,33,0,0,0,LEADER,1,0,0,32,0,0,0,0,0,0,0,0,0,0,0
88897,45,bully,1466,1,0,0,32,0,448,0,1,45,87431,1466,0,33,0,0,0,LEADER,1,0,0,32,0,0,0,0,0,0,0,0,0,0,0
89254,93,bully,1823,1,0,0,32,0,448,0,1,93,87431,1823,0,33,0,0,0,LEADER,1,0,0,32,0,0,0,0,0,0,0,0,0,0,0
89835,82,bully,2404,1,0,0,32,0,448,0,1,82,87431,2404,0,33,0,0,0,LEADER,1,0,0,32,0,0,0,0,0,0,0,0,0,0,0
89829,51,bully,2398,1,0,0,32,0,448,0,1,51,87431,2398,0,33,0,0,0,LEADER,1,0,0,32,0,0,0,0,0,0,0,0,0,0,0
89374,39,bully,1943,1,0,0,32,0,448,0,1,39,87431,1943,0,33,0,0,0,LEADER,1,0,0,32,0,0,0,0,0,0,0,0,0,0,0
89120,78,bully,1689,1,0,0,32,0,448,0,1,78,87431,1689,0,33,0,0,0,LEADER,1,0,0,32,0,0,0,0,0,0,0,0,0,0,0
89508,79,bully,2077,1,0,0,32,0,448,0,1,79,87431,2077,0,33,0,0,0,LEADER,1,0,0,32,0,0,0,0,0,0,0,0,0,0,0
89083,14,bully,1652,1,0,0,32,0,448,0,1,14,87431,1652,0,33,0,0,0,LEADER,1,0,0,32,0,0,0,0,0,0,0,0,0,0,0
89510,36,bully,2080,1,0,0,32,0,448,0,1,36,87430,2080,0,33,0,0,0,LEADER,1,0,0,32,0,0,0,0,0,0,0,0,0,0,0
89393,81,bully,1962,1,0,0,32,0,448,0,1,81,87431,1962,0,33,0,0,0,LEADER,1,0,0,32,0,0,0,0,0,0,0,0,0,0,0
89053,67,bully,1622,1,0,0,32,0,448,0,1,67,87431,1622,0,33,0,0,0,LEADER,1,0,0,32,0,0,0,0,0,0,0,0,0,0,0
89814,83,bully,2383,1,0,0,32,0,448,0,1,83,87431,2383,0,33,0,0,0,LEADER,1,0,0,32,0,0,0,0,0,0,0,0,0,0,0
89959,99,bully,1607,1,0,0,33,0,462,0,1,99,88352,1607,0,34,0,0,0,LEADER,1,0,0,33,0,0,0,0,0,0,0,0,0,0,0
89135,55,bully,1704,1,0,0,32,0,448,0,1,55,87431,1704,0,33,0,0,0,LEADER,1,0,0,32,0,0,0,0,0,0,0,0,0,0,0
89926,89,bully,1574,1,0,0,33,0,462,0,1,89,88352,1574,0,34,0,0,0,LEADER,1,0,0,33,0,0,0,0,0,0,0,0,0,0,0
89087,77,bully,1656,1,0,0,32,0,448,0,1,77,87431,1656,0,33,0,0,0,LEADER,1,0,0,32,0,0,0,0,0,0,0,0,0,0,0
89359,71,bully,1928,1,0,0,32,0,448,0,1,71,87431,1928,0,33,0,0,0,LEADER,1,0,0,32,0,0,0,0,0,0,0,0,0,0,0
89271,52,bully,1840,1,0,0,32,0,448,0,1,52,87431,1840,0,33,0,0,0,LEADER,1,0,0,32,0,0,0,0,0,0,0,0,0,0,0
89641,76,bully,2213,1,0,0,32,0,448,0,1,76,87428,2213,0,33,0,0,0,LEADER,1,0,0,32,0,0,0,0,0,0,0,0,0,0,0
89238,10,bully,1807,1,0,0,32,0,448,0,1,10,87431,1807,0,33,0,0,0,LEADER,1,0,0,32,0,0,0,0,0,0,0,0,0,0,0
89171,22,bully,1740,1,0,0,32,0,448,0,1,22,87431,1740,0,33,0,0,0,LEADER,1,0,0,32,0,0,0,0,0,0,0,0,0,0,0
89319,21,bully,1889,1,0,0,32,0,448,0,1,21,87430,1889,0,33,0,0,0,LEADER,1,0,0,32,0,0,0,0,0,0,0,0,0,0,0
89577,56,bully,2146,1,0,0,32,0,448,0,1,56,87431,2146,0,33,0,0,0,LEADER,1,0,0,32,0,0,0,0,0,0,0,0,0,0,0
89102,60,bully,1671,1,0,0,32,0,448,0,1,60,87431,1671,0,33,0,0,0,LEADER,1,0,0,32,0,0,0,0,0,0,0,0,0,0,0
89956,25,bully,1604,1,0,0,33,0,462,0,1,25,88352,1604,0,34,0,0,0,LEADER,1,0,0,33,0,0,0,0,0,0,0,0,0,0,0
89168,65,bully,1737,1,0,0,32,0,448,0,1,65,87431,1737,0,33,0,0,0,LEADER,1,0,0,32,0,0,0,0,0,0,0,0,0,0,0
89844,19,bully,2413,1,0,0,32,0,448,0,1,19,87431,2413,0,33,0,0,0,LEADER,1,0,0,32,0,0,0,0,0,0,0,0,0,0,0
89474,69,bully,2043,1,0,0,32,0,448,0,1,69,87431,2043,0,33,0,0,0,LEADER,1,0,0,32,0,0,0,0,0,0,0,0,0,0,0
90077,54,bully,1725,1,0,0,33,0,462,0,1,54,88352,1725,0,34,0,0,0,LEADER,1,0,0,33,0,0,0,0,0,0,0,0,0,0,0
89423,17,bully,1992,1,0,0,32,0,448,0,1,17,87431,1992,0,33,0,0,0,LEADER,1,0,0,32,0,0,0,0,0,0,0,0,0,0,0
89938,100,bully,1586,1,0,0,33,0,462,0,1,100,88352,1586,0,34,0,0,0,LEADER,1,0,0,33,0,0,0,0,0,0,0,0,0,0,0
89901,16,bully,1549,1,0,0,33,0,462,0,1,16,88352,1549,0,34,0,0,0,LEADER,1,0,0,33,0,0,0,0,0,0,0,0,0,0,0
89489,37,bully,2058,1,0,0,32,0,448,0,1,37,87431,2058,0,33,0,0,0,LEADER,1,0,0,32,0,0,0,0,0,0,0,0,0,0,0
90126,13,bully,1774,1,0,0,33,0,462,0,1,13,88352,1774,0,34,0,0,0,LEADER,1,0,0,33,0,0,0,0,0,0,0,0,0,0,0
89286,20,bully,1855,1,0,0,32,0,448,0,1,20,87431,1855,0,33,0,0,0,LEADER,1,0,0,32,0,0,0,0,0,0,0,0,0,0,0
89919,41,bully,1567,1,0,0,33,0,462,0,1,41,88352,1567,0,34,0,0,0,LEADER,1,0,0,33,0,0,0,0,0,0,0,0,0,0,0
89908,47,bully,1556,1,0,0,33,0,462,0,1,47,88352,1556,0,34,0,0,0,LEADER,1,0,0,33,0,0,0,0,0,0,0,0,0,0,0
89733,95,bully,2301,1,0,0,32,0,448,0,1,95,87432,2301,0,33,0,0,0,LEADER,1,0,0,32,0,0,0,0,0,0,0,0,0,0,0
89596,98,bully,2165,1,0,0,32,0,448,0,1,98,87431,2165,0,33,0,0,0,LEADER,1,0,0,32,0,0,0,0,0,0,0,0,0,0,0
89780,73,bully,2349,1,0,0,32,0,448,0,1,73,87431,2349,0,33,0,0,0,LEADER,1,0,0,32,0,0,0,0,0,0,0,0,0,0,0
89326,61,bully,1895,1,0,0,32,0,448,0,1,61,87431,1895,0,33,0,0,0,LEADER,1,0,0,32,0,0,0,0,0,0,0,0,0,0,0
90074,97,bully,1722,1,0,0,33,0,462,0,1,97,88352,1722,0,34,0,0,0,LEADER,1,0,0,33,0,0,0,0,0,0,0,0,0,0,0
90104,33,bully,1752,1,0,0,33,0,462,0,1,33,88352,1752,0,34,0,0,0,LEADER,1,0,0,33,0,0,0,0,0,0,0,0,0,0,0
89762,31,bully,2331,1,0,0,32,0,448,0,1,31,87431,2331,0,33,0,0,0,LEADER,1,0,0,32,0,0,0,0,0,0,0,0,0,0,0
90262,29,bully,1910,1,0,0,33,0,462,0,1,29,88352,1910,0,34,0,0,0,LEADER,1,0,0,33,0,0,0,0,0,0,0,0,0,0,0
90274,40,bully,1922,1,0,0,33,0,462,0,1,40,88352,1922,0,34,0,0,0,LEADER,1,0,0,33,0,0,0,0,0,0,0,0,0,0,0
90094,96,bully,1744,1,0,0,33,0,462,0,1,96,88350,1744,0,34,0,0,0,LEADER,1,0,0,33,0,0,0,0,0,0,0,0,0,0,0
90177,84,bully,1825,1,0,0,33,0,462,0,1,84,88352,1825,0,34,0,0,0,LEADER,1,0,0,33,0,0,0,0,0,0,0,0,0,0,0
89863,6,bully,1516,1,0,0,8,23,112,322,2,4,88347,1516,0,4,0,0,0,NORMAL,0,0,0,8,0,0,0,23,0,0,0,0,0,0,0
89871,80,bully,1519,1,0,0,33,0,462,0,1,80,88352,1519,0,34,0,0,0,LEADER,1,0,0,33,0,0,0,0,0,0,0,0,0,0,0
89714,53,bully,2283,1,0,0,32,0,448,0,1,53,87431,2283,0,33,0,0,0,LEADER,1,0,0,32,0,0,0,0,0,0,0,0,0,0,0
89790,92,bully,1438,1,0,0,33,0,462,0,1,92,88352,1438,0,34,0,0,0,LEADER,1,0,0,33,0,0,0,0,0,0,0,0,0,0,0
90226,62,bully,1874,1,0,0,33,0,462,0,1,62,88352,1874,0,34,0,0,0,LEADER,1,0,0,33,0,0,0,0,0,0,0,0,0,0,0
89968,91,bully,1619,1,0,0,33,0,462,0,1,91,88349,1619,0,34,0,0,0,LEADER,1,0,0,33,0,0,0,0,0,0,0,0,0,0,0
89923,15,bully,1571,1,0,0,33,0,462,0,1,15,88352,1571,0,34,0,0,0,LEADER,1,0,0,33,0,0,0,0,0,0,0,0,0,0,0
89592,26,bully,2161,1,0,0,32,0,448,0,1,26,87431,2161,0,33,0,0,0,LEADER,1,0,0,32,0,0,0,0,0,0,0,0,0,0,0
90329,49,bully,1977,1,0,0,33,0,462,0,1,49,88352,1977,0,34,0,0,0,LEADER,1,0,0,33,0,0,0,0,0,0,0,0,0,0,0
90144,58,bully,1792,1,0,0,33,0,462,0,1,58,88352,1792,0,34,0,0,0,LEADER,1,0,0,33,0,0,0,0,0,0,0,0,0,0,0
89677,86,bully,2246,1,0,0,32,0,448,0,1,86,87431,2246,0,33,0,0,0,LEADER,1,0,0,32,0,0,0,0,0,0,0,0,0,0,0
89850,50,bully,2419,1,0,0,32,0,448,0,1,50,87431,2419,0,33,0,0,0,LEADER,1,0,0,32,0,0,0,0,0,0,0,0,0,0,0
89702,85,bully,2268,1,0,0,32,0,448,0,1,85,87434,2268,0,33,0,0,0,LEADER,1,0,0,32,0,0,0,0,0,0,0,0,0,0,0
89641,87,bully,2212,1,0,0,32,0,448,0,1,87,87429,2212,0,33,0,0,0,LEADER,1,0,0,32,0,0,0,0,0,0,0,0,0,0,0
89847,64,bully,2416,1,0,0,32,0,448,0,1,64,87431,2416,0,33,0,0,0,LEADER,1,0,0,32,0,0,0,0,0,0,0,0,0,0,0
89696,11,bully,2264,1,0,0,32,0,448,0,1,11,87432,2264,0,33,0,0,0,LEADER,1,0,0,32,0,0,0,0,0,0,0,0,0,0,0
89786,18,bully,1434,1,0,0,33,0,462,0,1,18,88352,1434,0,34,0,0,0,LEADER,1,0,0,33,0,0,0,0,0,0,0,0,0,0,0
89905,90,bully,1553,1,0,0,33,0,462,0,1,90,88352,1553,0,34,0,0,0,LEADER,1,0,0,33,0,0,0,0,0,0,0,0,0,0,0
89799,35,bully,1447,1,0,0,33,0,462,0,1,35,88352,1447,0,34,0,0,0,LEADER,1,0,0,33,0,0,0,0,0,0,0,0,0,0,0
89680,43,bully,2249,1,0,0,32,0,448,0,1,43,87431,2249,0,33,0,0,0,LEADER,1,0,0,32,0,0,0,0,0,0,0,0,0,0,0
89819,28,bully,1467,1,0,0,33,0,462,0,1,28,88352,1467,0,34,0,0,0,LEADER,1,0,0,33,0,0,0,0,0,0,0,0,0,0,0
89657,44,bully,2228,1,0,0,32,0,448,0,1,44,87429,2228,0,33,0,0,0,LEADER,1,0,0,32,0,0,0,0,0,0,0,0,0,0,0
90493,23,bully,2141,1,0,0,33,0,462,0,1,23,88352,2141,0,34,0,0,0,LEADER,1,0,0,33,0,0,0,0,0,0,0,0,0,0,0
89813,30,bully,1461,1,0,0,33,0,462,0,1,30,88352,1461,0,34,0,0,0,LEADER,1,0,0,33,0,0,0,0,0,0,0,0,0,0,0
90211,94,bully,1859,1,0,0,33,0,462,0,1,94,88352,1859,0,34,0,0,0,LEADER,1,0,0,33,0,0,0,0,0,0,0,0,0,0,0
89853,38,bully,1501,1,0,0,33,0,462,0,1,38,88352,1501,0,34,0,0,0,LEADER,1,0,0,33,0,0,0,0,0,0,0,0,0,0,0
90532,66,bully,2180,1,0,0,33,0,462,0,1,66,88352,2180,0,34,0,0,0,LEADER,1,0,0,33,0,0,0,0,0,0,0,0,0,0,0
89838,70,bully,1486,1,0,0,33,0,462,0,1,70,88352,1486,0,34,0,0,0,LEADER,1,0,0,33,0,0,0,0,0,0,0,0,0,0,0
90483,88,bully,2131,1,0,0,33,0,462,0,1,88,88352,2131,0,34,0,0,0,LEADER,1,0,0,33,0,0,0,0,0,0,0,0,0,0,0
89666,75,bully,2235,1,0,0,32,0,448,0,1,75,87431,2235,0,33,0,0,0,LEADER,1,0,0,32,0,0,0,0,0,0,0,0,0,0,0
89674,12,bully,2243,1,0,0,32,0,448,0,1,12,87431,2243,0,33,0,0,0,LEADER,1,0,0,32,0,0,0,0,0,0,0,0,0,0,0
90377,27,bully,2025,1,0,0,33,0,462,0,1,27,88352,2025,0,34,0,0,0,LEADER,1,0,0,33,0,0,0,0,0,0,0,0,0,0,0
89866,42,bully,1514,1,0,0,33,0,462,0,1,42,88352,1514,0,34,0,0,0,LEADER,1,0,0,33,0,0,0,0,0,0,0,0,0,0,0
90513,24,bully,2161,1,0,0,33,0,462,0,1,24,88352,2161,0,34,0,0,0,LEADER,1,0,0,33,0,0,0,0,0,0,0,0,0,0,0
90465,46,bully,2113,1,0,0,33,0,462,0,1,46,88352,2113,0,34,0,0,0,LEADER,1,0,0,33,0,0,0,0,0,0,0,0,0,0,0
90362,59,bully,2010,1,0,0,33,0,462,0,1,59,88352,2010,0,34,0,0,0,LEADER,1,0,0,33,0,0,0,0,0,0,0,0,0,0,0
89989,34,bully,1637,1,0,0,33,0,462,0,1,34,88352,1637,0,34,0,0,0,LEADER,1,0,0,33,0,0,0,0,0,0,0,0,0,0,0
90644,32,bully,2292,1,0,0,33,0,462,0,1,32,88352,2292,0,34,0,0,0,LEADER,1,0,0,33,0,0,0,0,0,0,0,0,0,0,0
90410,2,bully,2214,1,0,0,8,17,112,238,3,1,88196,2214,0,6,0,0,0,NORMAL,0,0,0,8,0,0,0,17,0,0,0,0,0,0,0
90259,72,bully,1907,1,0,0,33,0,462,0,1,72,88352,1907,0,34,0,0,0,LEADER,1,0,0,33,0,0,0,0,0,0,0,0,0,0,0
90671,63,bully,2316,1,0,0,33,0,462,0,1,63,88355,2316,0,34,0,0,0,LEADER,1,0,0,33,0,0,0,0,0,0,0,0,0,0,0
90144,74,bully,1792,1,0,0,33,0,462,0,1,74,88352,1792,0,34,0,0,0,LEADER,1,0,0,33,0,0,0,0,0,0,0,0,0,0,0
89886,48,bully,1534,1,0,0,33,0,462,0,1,48,88352,1534,0,34,0,0,0,LEADER,1,0,0,33,0,0,0,0,0,0,0,0,0,0,0
90347,57,bully,1995,1,0,0,33,0,462,0,1,57,88352,1995,0,34,0,0,0,LEADER,1,0,0,33,0,0,0,0,0,0,0,0,0,0,0
90417,68,bully,2065,1,0,0,33,0,462,0,1,68,88352,2065,0,34,0,0,0,LEADER,1,0,0,33,0,0,0,0,0,0,0,0,0,0,0
89818,45,bully,1466,1,0,0,33,0,462,0,1,45,88352,1466,0,34,0,0,0,LEADER,1,0,0,33,0,0,0,0,0,0,0,0,0,0,0
90175,93,bully,1823,1,0,0,33,0,462,0,1,93,88352,1823,0,34,0,0,0,LEADER,1,0,0,33,0,0,0,0,0,0,0,0,0,0,0
90756,82,bully,2404,1,0,0,33,0,462,0,1,82,88352,2404,0,34,0,0,0,LEADER,1,0,0,33,0,0,0,0,0,0,0,0,0,0,0
90750,51,bully,2398,1,0,0,33,0,462,0,1,51,88352,2398,0,34,0,0,0,LEADER,1,0,0,33,0,0,0,0,0,0,0,0,0,0,0
90295,39,bully,1943,1,0,0,33,0,462,0,1,39,88352,1943,0,34,0,0,0,LEADER,1,0,0,33,0,0,0,0,0,0,0,0,0,0,0
90041,78,bully,1689,1,0,0,33,0,462,0,1,78,88352,1689,0,34,0,0,0,LEADER,1,0,0,33,0,0,0,0,0,0,0,0,0,0,0
90429,79,bully,2077,1,0,0,33,0,462,0,1,79,88352,2077,0,34,0,0,0,LEADER,1,0,0,33,0,0,0,0,0,0,0,0,0,0,0
90004,14,bully,1652,1,0,0,33,0,462,0,1,14,88352,1652,0,34,0,0,0,LEADER,1,0,0,33,0,0,0,0,0,0,0,0,0,0,0
90431,36,bully,2080,1,0,0,33,0,462,0,1,36,88351,2080,0,34,0,0,0,LEADER,1,0,0,33,0,0,0,0,0,0,0,0,0,0,0
90314,81,bully,1962,1,0,0,33,0,462,0,1,81,88352,1962,0,34,0,0,0,LEADER,1,0,0,33,0,0,0,0,0,0,0,0,0,0,0
89974,67,bully,1622,1,0,0,33,0,462,0,1,67,88352,1622,0,34,0,0,0,LEADER,1,0,0,33,0,0,0,0,0,0,0,0,0,0,0
90735,83,bully,2383,1,0,0,33,0,462,0,1,83,88352,2383,0,34,0,0,0,LEADER,1,0,0,33,0,0,0,0,0,0,0,0,0,0,0
90879,99,bully,1607,1,0,0,33,0,462,0,1,99,89272,1607,0,34,0,0,0,LEADER,1,0,0,33,0,0,0,0,0,0,0,0,0,0,0
90056,55,bully,1704,1,0,0,33,0,462,0,1,55,88352,1704,0,34,0,0,0,LEADER,1,0,0,33,0,0,0,0,0,0,0,0,0,0,0
90846,89,bully,1574,1,0,0,33,0,462,0,1,89,89272,1574,0,34,0,0,0,LEADER,1,0,0,33,0,0,0,0,0,0,0,0,0,0,0
90008,77,bully,1656,1,0,0,33,0,462,0,1,77,88352,1656,0,34,0,0,0,LEADER,1,0,0,33,0,0,0,0,0,0,0,0,0,0,0
90280,71,bully,1928,1,0,0,33,0,462,0,1,71,88352,1928,0,34,0,0,0,LEADER,1,0,0,33,0,0,0,0,0,0,0,0,0,0,0
90192,52,bully,1840,1,0,0,33,0,462,0,1,52,88352,1840,0,34,0,0,0,LEADER,1,0,0,33,0,0,0,0,0,0,0,0,0,0,0
90562,76,bully,2213,1,0,0,33,0,462,0,1,76,88349,2213,0,34,0,0,0,LEADER,1,0,0,33,0,0,0,0,0,0,0,0,0,0,0
90159,10,bully,1807,1,0,0,33,0,462,0,1,10,88352,1807,0,34,0,0,0,LEADER,1,0,0,33,0,0,0,0,0,0,0,0,0,0,0
90092,22,bully,1740,1,0,0,33,0,462,0,1,22,88352,1740,0,34,0,0,0,LEADER,1,0,0,33,0,0,0,0,0,0,0,0,0,0,0
90240,21,bully,1889,1,0,0,33,0,462,0,1,21,88351,1889,0,34,0,0,0,LEADER,1,0,0,33,0,0,0,0,0,0,0,0,0,0,0
90498,56,bully,2146,1,0,0,33,0,462,0,1,56,88352,2146,0,34,0,0,0,LEADER,1,0,0,33,0,0,0,0,0,0,0,0,0,0,0
90023,60,bully,1671,1,0,0,33,0,462,0,1,60,88352,1671,0,34,0,0,0,LEADER,1,0,0,33,0,0,0,0,0,0,0,0,0,0,0
90876,25,bully,1604,1,0,0,33,0,462,0,1,25,89272,1604,0,34,0,0,0,LEADER,1,0,0,33,0,0,0,0,0,0,0,0,0,0,0
90089,65,bully,1737,1,0,0,33,0,462,0,1,65,88352,1737,0,34,0,0,0,LEADER,1,0,0,33,0,0,0,0,0,0,0,0,0,0,0
90765,19,bully,2413,1,0,0,33,0,462,0,1,19,88352,2413,0,34,0,0,0,LEADER,1,0,0,33,0,0,0,0,0,0,0,0,0,0,0
90395,69,bully,2043,1,0,0,33,0,462,0,1,69,88352,2043,0,34,0,0,0,LEADER,1,0,0,33,0,0,0,0,0,0,0,0,0,0,0
90997,54,bully,1725,1,0,0,33,0,462,0,1,54,89272,1725,0,34,0,0,0,LEADER,1,0,0,33,0,0,0,0,0,0,0,0,0,0,0
90344,17,bully,1992,1,0,0,33,0,462,0,1,17,88352,1992,0,34,0,0,0,LEADER,1,0,0,33,0,0,0,0,0,0,0,0,0,0,0
90858,100,bully,1586,1,0,0,33,0,462,0,1,100,89272,1586,0,34,0,0,0,LEADER,1,0,0,33,0,0,0,0,0,0,0,0,0,0,0
90821,16,bully,1549,1,0,0,33,0,462,0,1,16,89272,1549,0,34,0,0,0,LEADER,1,0,0,33,0,0,0,0,0,0,0,0,0,0,0
90410,37,bully,2058,1,0,0,33,0,462,0,1,37,88352,2058,0,34,0,0,0,LEADER,1,0,0,33,0,0,0,0,0,0,0,0,0,0,0
91046,13,bully,1774,1,0,0,33,0,462,0,1,13,89272,1774,0,34,0,0,0,LEADER,1,0,0,33,0,0,0,0,0,0,0,0,0,0,0
90207,20,bully,1855,1,0,0,33,0,462,0,1,20,88352,1855,0,34,0,0,0,LEADER,1,0,0,33,0,0,0,0,0,0,0,0,0,0,0
90839,41,bully,1567,1,0,0,33,0,462,0,1,41,89272,1567,0,34,0,0,0,LEADER,1,0,0,33,0,0,0,0,0,0,0,0,0,0,0
90828,47,bully,1556,1,0,0,33,0,462,0,1,47,89272,1556,0,34,0,0,0,LEADER,1,0,0,33,0,0,0,0,0,0,0,0,0,0,0
90654,95,bully,2301,1,0,0,33,0,462,0,1,95,88353,2301,0,34,0,0,0,LEADER,1,0,0,33,0,0,0,0,0,0,0,0,0,0,0
90517,98,bully,2165,1,0,0,33,0,462,0,1,98,88352,2165,0,34,0,0,0,LEADER,1,0,0,33,0,0,0,0,0,0,0,0,0,0,0
90701,73,bully,2349,1,0,0,33,0,462,0,1,73,88352,2349,0,34,0,0,0,LEADER,1,0,0,33,0,0,0,0,0,0,0,0,0,0,0
91024,33,bully,1752,1,0,0,33,0,462,0,1,33,89272,1752,0,34,0,0,0,LEADER,1,0,0,33,0,0,0,0,0,0,0,0,0,0,0
90247,61,bully,1895,1,0,0,33,0,462,0,1,61,88352,1895,0,34,0,0,0,LEADER,1,0,0,33,0,0,0,0,0,0,0,0,0,0,0
90994,97,bully,1722,1,0,0,33,0,462,0,1,97,89272,1722,0,34,0,0,0,LEADER,1,0,0,33,0,0,0,0,0,0,0,0,0,0,0
91182,29,bully,1910,1,0,0,33,0,462,0,1,29,89272,1910,0,34,0,0,0,LEADER,1,0,0,33,0,0,0,0,0,0,0,0,0,0,0
91194,40,bully,1922,1,0,0,33,0,462,0,1,40,89272,1922,0,34,0,0,0,LEADER,1,0,0,33,0,0,0,0,0,0,0,0,0,0,0
90683,31,bully,2331,1,0,0,33,0,462,0,1,31,88352,2331,0,34,0,0,0,LEADER,1,0,0,33,0,0,0,0,0,0,0,0,0,0,0
91014,96,bully,1744,1,0,0,33,0,462,0,1,96,89270,1744,0,34,0,0,0,LEADER,1,0,0,33,0,0,0,0,0,0,0,0,0,0,0
91097,84,bully,1825,1,0,0,33,0,462,0,1,84,89272,1825,0,34,0,0,0,LEADER,1,0,0,33,0,0,0,0,0,0,0,0,0,0,0
90791,80,bully,1519,1,0,0,33,0,462,0,1,80,89272,1519,0,34,0,0,0,LEADER,1,0,0,33,0,0,0,0,0,0,0,0,0,0,0
90635,53,bully,2283,1,0,0,33,0,462,0,1,53,88352,2283,0,34,0,0,0,LEADER,1,0,0,33,0,0,0,0,0,0,0,0,0,0,0
90710,92,bully,1438,1,0,0,33,0,462,0,1,92,89272,1438,0,34,0,0,0,LEADER,1,0,0,33,0,0,0,0,0,0,0,0,0,0,0
91146,62,bully,1874,1,0,0,33,0,462,0,1,62,89272,1874,0,34,0,0,0,LEADER,1,0,0,33,0,0,0,0,0,0,0,0,0,0,0
90888,91,bully,1619,1,0,0,33,0,462,0,1,91,89269,1619,0,34,0,0,0,LEADER,1,0,0,33,0,0,0,0,0,0,0,0,0,0,0
90843,15,bully,1571,1,0,0,33,0,462,0,1,15,89272,1571,0,34,0,0,0,LEADER,1,0,0,33,0,0,0,0,0,0,0,0,0,0,0
90513,26,bully,2161,1,0,0,33,0,462,0,1,26,88352,2161,0,34,0,0,0,LEADER,1,0,0,33,0,0,0,0,0,0,0,0,0,0,0
91249,49,bully,1977,1,0,0,33,0,462,0,1,49,89272,1977,0,34,0,0,0,LEADER,1,0,0,33,0,0,0,0,0,0,0,0,0,0,0
91064,58,bully,1792,1,0,0,33,0,462,0,1,58,89272,1792,0,34,0,0,0,LEADER,1,0,0,33,0,0,0,0,0,0,0,0,0,0,0
90598,86,bully,2246,1,0,0,33,0,462,0,1,86,88352,2246,0,34,0,0,0,LEADER,1,0,0,33,0,0,0,0,0,0,0,0,0,0,0
90771,50,bully,2419,1,0,0,33,0,462,0,1,50,88352,2419,0,34,0,0,0,LEADER,1,0,0,33,0,0,0,0,0,0,0,0,0,0,0
90623,85,bully,2268,1,0,0,33,0,462,0,1,85,88355,2268,0,34,0,0,0,LEADER,1,0,0,33,0,0,0,0,0,0,0,0,0,0,0
90562,87,bully,2212,1,0,0,33,0,462,0,1,87,88350,2212,0,34,0,0,0,LEADER,1,0,0,33,0,0,0,0,0,0,0,0,0,0,0
90768,64,bully,2416,1,0,0,33,0,462,0,1,64,88352,2416,0,34,0,0,0,LEADER,1,0,0,33,0,0,0,0,0,0,0,0,0,0,0
90706,18,bully,1434,1,0,0,33,0,462,0,1,18,89272,1434,0,34,0,0,0,LEADER,1,0,0,33,0,0,0,0,0,0,0,0,0,0,0
90617,11,bully,2264,1,0,0,33,0,462,0,1,11,88353,2264,0,34,0,0,0,LEADER,1,0,0,33,0,0,0,0,0,0,0,0,0,0,0
90825,90,bully,1553,1,0,0,33,0,462,0,1,90,89272,1553,0,34,0,0,0,LEADER,1,0,0,33,0,0,0,0,0,0,0,0,0,0,0
90719,35,bully,1447,1,0,0,33,0,462,0,1,35,89272,1447,0,34,0,0,0,LEADER,1,0,0,33,0,0,0,0,0,0,0,0,0,0,0
90601,43,bully,2249,1,0,0,33,0,462,0,1,43,88352,2249,0,34,0,0,0,LEADER,1,0,0,33,0,0,0,0,0,0,0,0,0,0,0
90739,28,bully,1467,1,0,0,33,0,462,0,1,28,89272,1467,0,34,0,0,0,LEADER,1,0,0,33,0,0,0,0,0,0,0,0,0,0,0
90578,44,bully,2228,1,0,0,33,0,462,0,1,44,88350,2228,0,34,0,0,0,LEADER,1,0,0,33,0,0,0,0,0,0,0,0,0,0,0
91413,23,bully,2141,1,0,0,33,0,462,0,1,23,89272,2141,0,34,0,0,0,LEADER,1,0,0,33,0,0,0,0,0,0,0,0,0,0,0
90733,30,bully,1461,1,0,0,33,0,462,0,1,30,89272,1461,0,34,0,0,0,LEADER,1,0,0,33,0,0,0,0,0,0,0,0,0,0,0
91131,94,bully,1859,1,0,0,33,0,462,0,1,94,89272,1859,0,34,0,0,0,LEADER,1,0,0,33,0,0,0,0,0,0,0,0,0,0,0
90773,38,bully,1501,1,0,0,33,0,462,0,1,38,89272,1501,0,34,0,0,0,LEADER,1,0,0,33,0,0,0,0,0,0,0,0,0,0,0
91452,66,bully,2180,1,0,0,33,0,462,0,1,66,89272,2180,0,34,0,0,0,LEADER,1,0,0,33,0,0,0,0,0,0,0,0,0,0,0
90758,70,bully,1486,1,0,0,33,0,462,0,1,70,89272,1486,0,34,0,0,0,LEADER,1,0,0,33,0,0,0,0,0,0,0,0,0,0,0
91403,88,bully,2131,1,0,0,33,0,462,0,1,88,89272,2131,0,34,0,0,0,LEADER,1,0,0,33,0,0,0,0,0,0,0,0,0,0,0
90587,75,bully,2235,1,0,0,33,0,462,0,1,75,88352,2235,0,34,0,0,0,LEADER,1,0,0,33,0,0,0,0,0,0,0,0,0,0,0
90595,12,bully,2243,1,0,0,33,0,462,0,1,12,88352,2243,0,34,0,0,0,LEADER,1,0,0,33,0,0,0,0,0,0,0,0,0,0,0
91297,27,bully,2025,1,0,0,33,0,462,0,1,27,89272,2025,0,34,0,0,0,LEADER,1,0,0,33,0,0,0,0,0,0,0,0,0,0,0
90786,42,bully,1514,1,0,0,33,0,462,0,1,42,89272,1514,0,34,0,0,0,LEADER,1,0,0,33,0,0,0,0,0,0,0,0,0,0,0
91433,24,bully,2161,1,0,0,33,0,462,0,1,24,89272,2161,0,34,0,0,0,LEADER,1,0,0,33,0,0,0,0,0,0,0,0,0,0,0
91385,46,bully,2113,1,0,0,33,0,462,0,1,46,89272,2113,0,34,0,0,0,LEADER,1,0,0,33,0,0,0,0,0,0,0,0,0,0,0
91282,59,bully,2010,1,0,0,33,0,462,0,1,59,89272,2010,0,34,0,0,0,LEADER,1,0,0,33,0,0,0,0,0,0,0,0,0,0,0
90909,34,bully,1637,1,0,0,33,0,462,0,1,34,89272,1637,0,34,0,0,0,LEADER,1,0,0,33,0,0,0,0,0,0,0,0,0,0,0
91564,32,bully,2292,1,0,0,33,0,462,0,1,32,89272,2292,0,34,0,0,0,LEADER,1,0,0,33,0,0,0,0,0,0,0,0,0,0,0
91179,72,bully,1907,1,0,0,33,0,462,0,1,72,89272,1907,0,34,0,0,0,LEADER,1,0,0,33,0,0,0,0,0,0,0,0,0,0,0
91591,63,bully,2316,1,0,0,33,0,462,0,1,63,89275,2316,0,34,0,0,0,LEADER,1,0,0,33,0,0,0,0,0,0,0,0,0,0,0
91064,74,bully,1792,1,0,0,33,0,462,0,1,74,89272,1792,0,34,0,0,0,LEADER,1,0,0,33,0,0,0,0,0,0,0,0,0,0,0
90806,48,bully,1534,1,0,0,33,0,462,0,1,48,89272,1534,0,34,0,0,0,LEADER,1,0,0,33,0,0,0,0,0,0,0,0,0,0,0
91267,57,bully,1995,1,0,0,33,0,462,0,1,57,89272,1995,0,34,0,0,0,LEADER,1,0,0,33,0,0,0,0,0,0,0,0,0,0,0
91337,68,bully,2065,1,0,0,33,0,462,0,1,68,89272,2065,0,34,0,0,0,LEADER,1,0,0,33,0,0,0,0,0,0,0,0,0,0,0
90738,45,bully,1466,1,0,0,33,0,462,0,1,45,89272,1466,0,34,0,0,0,LEADER,1,0,0,33,0,0,0,0,0,0,0,0,0,0,0
91095,93,bully,1823,1,0,0,33,0,462,0,1,93,89272,1823,0,34,0,0,0,LEADER,1,0,0,33,0,0,0,0,0,0,0,0,0,0,0
91676,82,bully,2404,1,0,0,33,0,462,0,1,82,89272,2404,0,34,0,0,0,LEADER,1,0,0,33,0,0,0,0,0,0,0,0,0,0,0
91670,51,bully,2398,1,0,0,33,0,462,0,1,51,89272,2398,0,34,0,0,0,LEADER,1,0,0,33,0,0,0,0,0,0,0,0,0,0,0
91215,39,bully,1943,1,0,0,33,0,462,0,1,39,89272,1943,0,34,0,0,0,LEADER,1,0,0,33,0,0,0,0,0,0,0,0,0,0,0
90961,78,bully,1689,1,0,0,33,0,462,0,1,78,89272,1689,0,34,0,0,0,LEADER,1,0,0,33,0,0,0,0,0,0,0,0,0,0,0
91349,79,bully,2077,1,0,0,33,0,462,0,1,79,89272,2077,0,34,0,0,0,LEADER,1,0,0,33,0,0,0,0,0,0,0,0,0,0,0
90924,14,bully,1652,1,0,0,33,0,462,0,1,14,89272,1652,0,34,0,0,0,LEADER,1,0,0,33,0,0,0,0,0,0,0,0,0,0,0
91351,36,bully,2080,1,0,0,33,0,462,0,1,36,89271,2080,0,34,0,0,0,LEADER,1,0,0,33,0,0,0,0,0,0,0,0,0,0,0
91234,81,bully,1962,1,0,0,33,0,462,0,1,81,89272,1962,0,34,0,0,0,LEADER,1,0,0,33,0,0,0,0,0,0,0,0,0,0,0
90894,67,bully,1622,1,0,0,33,0,462,0,1,67,89272,1622,0,34,0,0,0,LEADER,1,0,0,33,0,0,0,0,0,0,0,0,0,0,0
91655,83,bully,2383,1,0,0,33,0,462,0,1,83,89272,2383,0,34,0,0,0,LEADER,1,0,0,33,0,0,0,0,0,0,0,0,0,0,0
91799,99,bully,1607,1,0,0,33,0,462,0,1,99,90192,1607,0,34,0,0,0,LEADER,1,0,0,33,0,0,0,0,0,0,0,0,0,0,0
90976,55,bully,1704,1,0,0,33,0,462,0,1,55,89272,1704,0,34,0,0,0,LEADER,1,0,0,33,0,0,0,0,0,0,0,0,0,0,0
91766,89,bully,1574,1,0,0,33,0,462,0,1,89,90192,1574,0,34,0,0,0,LEADER,1,0,0,33,0,0,0,0,0,0,0,0,0,0,0
90928,77,bully,1656,1,0,0,33,0,462,0,1,77,89272,1656,0,34,0,0,0,LEADER,1,0,0,33,0,0,0,0,0,0,0,0,0,0,0
91200,71,bully,1928,1,0,0,33,0,462,0,1,71,89272,1928,0,34,0,0,0,LEADER,1,0,0,33,0,0,0,0,0,0,0,0,0,0,0
91112,52,bully,1840,1,0,0,33,0,462,0,1,52,89272,1840,0,34,0,0,0,LEADER,1,0,0,33,0,0,0,0,0,0,0,0,0,0,0
91482,76,bully,2213,1,0,0,33,0,462,0,1,76,89269,2213,0,34,0,0,0,LEADER,1,0,0,33,0,0,0,0,0,0,0,0,0,0,0
91079,10,bully,1807,1,0,0,33,0,462,0,1,10,89272,1807,0,34,0,0,0,LEADER,1,0,0,33,0,0,0,0,0,0,0,0,0,0,0
91012,22,bully,1740,1,0,0,33,0,462,0,1,22,89272,1740,0,34,0,0,0,LEADER,1,0,0,33,0,0,0,0,0,0,0,0,0,0,0
91160,21,bully,1889,1,0,0,33,0,462,0,1,21,89271,1889,0,34,0,0,0,LEADER,1,0,0,33,0,0,0,0,0,0,0,0,0,0,0
91418,56,bully,2146,1,0,0,33,0,462,0,1,56,89272,2146,0,34,0,0,0,LEADER,1,0,0,33,0,0,0,0,0,0,0,0,0,0,0
90943,60,bully,1671,1,0,0,33,0,462,0,1,60,89272,1671,0,34,0,0,0,LEADER,1,0,0,33,0,0,0,0,0,0,0,0,0,0,0
91796,25,bully,1604,1,0,0,33,0,462,0,1,25,90192,1604,0,34,0,0,0,LEADER,1,0,0,33,0,0,0,0,0,0,0,0,0,0,0
91009,65,bully,1737,1,0,0,33,0,462,0,1,65,89272,1737,0,34,0,0,0,LEADER,1,0,0,33,0,0,0,0,0,0,0,0,0,0,0
91685,19,bully,2413,1,0,0,33,0,462,0,1,19,89272,2413,0,34,0,0,0,LEADER,1,0,0,33,0,0,0,0,0,0,0,0,0,0,0
91315,69,bully,2043,1,0,0,33,0,462,0,1,69,89272,2043,0,34,0,0,0,LEADER,1,0,0,33,0,0,0,0,0,0,0,0,0,0,0
91917,54,bully,1725,1,0,0,33,0,462,0,1,54,90192,1725,0,34,0,0,0,LEADER,1,0,0,33,0,0,0,0,0,0,0,0,0,0,0
91264,17,bully,1992,1,0,0,33,0,462,0,1,17,89272,1992,0,34,0,0,0,LEADER,1,0,0,33,0,0,0,0,0,0,0,0,0,0,0
91778,100,bully,1586,1,0,0,33,0,462,0,1,100,90192,1586,0,34,0,0,0,LEADER,1,0,0,33,0,0,0,0,0,0,0,0,0,0,0
91741,16,bully,1549,1,0,0,33,0,462,0,1,16,90192,1549,0,34,0,0,0,LEADER,1,0,0,33,0,0,0,0,0,0,0,0,0,0,0
91330,37,bully,2058,1,0,0,33,0,462,0,1,37,89272,2058,0,34,0,0,0,LEADER,1,0,0,33,0,0,0,0,0,0,0,0,0,0,0
91966,13,bully,1774,1,0,0,33,0,462,0,1,13,90192,1774,0,34,0,0,0,LEADER,1,0,0,33,0,0,0,0,0,0,0,0,0,0,0
91127,20,bully,1855,1,0,0,33,0,462,0,1,20,89272,1855,0,34,0,0,0,LEADER,1,0,0,33,0,0,0,0,0,0,0,0,0,0,0
91759,41,bully,1567,1,0,0,33,0,462,0,1,41,90192,1567,0,34,0,0,0,LEADER,1,0,0,33,0,0,0,0,0,0,0,0,0,0,0
91748,47,bully,1556,1,0,0,33,0,462,0,1,47,90192,1556,0,34,0,0,0,LEADER,1,0,0,33,0,0,0,0,0,0,0,0,0,0,0
91574,95,bully,2301,1,0,0,33,0,462,0,1,95,89273,2301,0,34,0,0,0,LEADER,1,0,0,33,0,0,0,0,0,0,0,0,0,0,0
91437,98,bully,2165,1,0,0,33,0,462,0,1,98,89272,2165,0,34,0,0,0,LEADER,1,0,0,33,0,0,0,0,0,0,0,0,0,0,0
91621,73,bully,2349,1,0,0,33,0,462,0,1,73,89272,2349,0,34,0,0,0,LEADER,1,0,0,33,0,0,0,0,0,0,0,0,0,0,0
91944,33,bully,1752,1,0,0,33,0,462,0,1,33,90192,1752,0,34,0,0,0,LEADER,1,0,0,33,0,0,0,0,0,0,0,0,0,0,0
91167,61,bully,1895,1,0,0,33,0,462,0,1,61,89272,1895,0,34,0,0,0,LEADER,1,0,0,33,0,0,0,0,0,0,0,0,0,0,0
91914,97,bully,1722,1,0,0,33,0,462,0,1,97,90192,1722,0,34,0,0,0,LEADER,1,0,0,33,0,0,0,0,0,0,0,0,0,0,0
92102,29,bully,1910,1,0,0,33,0,462,0,1,29,90192,1910,0,34,0,0,0,LEADER,1,0,0,33,0,0,0,0,0,0,0,0,0,0,0
92114,40,bully,1922,1,0,0,33,0,462,0,1,40,90192,1922,0,34,0,0,0,LEADER,1,0,0,33,0,0,0,0,0,0,0,0,0,0,0
91603,31,bully,2331,1,0,0,33,0,462,0,1,31,89272,2331,0,34,0,0,0,LEADER,1,0,0,33,0,0,0,0,0,0,0,0,0,0,0
91934,96,bully,1744,1,0,0,33,0,462,0,1,96,90190,1744,0,34,0,0,0,LEADER,1,0,0,33,0,0,0,0,0,0,0,0,0,0,0
92017,84,bully,1825,1,0,0,33,0,462,0,1,84,90192,1825,0,34,0,0,0,LEADER,1,0,0,33,0,0,0,0,0,0,0,0,0,0,0
91711,80,bully,1519,1,0,0,33,0,462,0,1,80,90192,1519,0,34,0,0,0,LEADER,1,0,0,33,0,0,0,0,0,0,0,0,0,0,0
91555,53,bully,2283,1,0,0,33,0,462,0,1,53,89272,2283,0,34,0,0,0,LEADER,1,0,0,33,0,0,0,0,0,0,0,0,0,0,0
91630,92,bully,1438,1,0,0,33,0,462,0,1,92,90192,1438,0,34,0,0,0,LEADER,1,0,0,33,0,0,0,0,0,0,0,0,0,0,0
92066,62,bully,1874,1,0,0,33,0,462,0,1,62,90192,1874,0,34,0,0,0,LEADER,1,0,0,33,0,0,0,0,0,0,0,0,0,0,0
91808,91,bully,1619,1,0,0,33,0,462,0,1,91,90189,1619,0,34,0,0,0,LEADER,1,0,0,33,0,0,0,0,0,0,0,0,0,0,0
91763,15,bully,1571,1,0,0,33,0,462,0,1,15,90192,1571,0,34,0,0,0,LEADER,1,0,0,33,0,0,0,0,0,0,0,0,0,0,0
91433,26,bully,2161,1,0,0,33,0,462,0,1,26,89272,2161,0,34,0,0,0,LEADER,1,0,0,33,0,0,0,0,0,0,0,0,0,0,0
92169,49,bully,1977,1,0,0,33,0,462,0,1,49,90192,1977,0,34,0,0,0,LEADER,1,0,0,33,0,0,0,0,0,0,0,0,0,0,0
91984,58,bully,1792,1,0,0,33,0,462,0,1,58,90192,1792,0,34,0,0,0,LEADER,1,0,0,33,0,0,0,0,0,0,0,0,0,0,0
91518,86,bully,2246,1,0,0,33,0,462,0,1,86,89272,2246,0,34,0,0,0,LEADER,1,0,0,33,0,0,0,0,0,0,0,0,0,0,0
91691,50,bully,2419,1,0,0,33,0,462,0,1,50,89272,2419,0,34,0,0,0,LEADER,1,0,0,33,0,0,0,0,0,0,0,0,0,0,0
91543,85,bully,2268,1,0,0,33,0,462,0,1,85,89275,2268,0,34,0,0,0,LEADER,1,0,0,33,0,0,0,0,0,0,0,0,0,0,0
91482,87,bully,2212,1,0,0,33,0,462,0,1,87,89270,2212,0,34,0,0,0,LEADER,1,0,0,33,0,0,0,0,0,0,0,0,0,0,0
91688,64,bully,2416,1,0,0,33,0,462,0,1,64,89272,2416,0,34,0,0,0,LEADER,1,0,0,33,0,0,0,0,0,0,0,0,0,0,0
91626,18,bully,1434,1,0,0,33,0,462,0,1,18,90192,1434,0,34,0,0,0,LEADER,1,0,0,33,0,0,0,0,0,0,0,0,0,0,0
91537,11,bully,2264,1,0,0,33,0,462,0,1,11,89273,2264,0,34,0,0,0,LEADER,1,0,0,33,0,0,0,0,0,0,0,0,0,0,0
91745,90,bully,1553,1,0,0,33,0,462,0,1,90,90192,1553,0,34,0,0,0,LEADER,1,0,0,33,0,0,0,0,0,0,0,0,0,0,0
91639,35,bully,1447,1,0,0,33,0,462,0,1,35,90192,1447,0,34,0,0,0,LEADER,1,0,0,33,0,0,0,0,0,0,0,0,0,0,0
91521,43,bully,2249,1,0,0,33,0,462,0,1,43,89272,2249,0,34,0,0,0,LEADER,1,0,0,33,0,0,0,0,0,0,0,0,0,0,0
91659,28,bully,1467,1,0,0,33,0,462,0,1,28,90192,1467,0,34,0,0,0,LEADER,1,0,0,33,0,0,0,0,0,0,0,0,0,0,0
91498,44,bully,2228,1,0,0,33,0,462,0,1,44,89270,2228,0,34,0,0,0,LEADER,1,0,0,33,0,0,0,0,0,0,0,0,0,0,0
92333,23,bully,2141,1,0,0,33,0,462,0,1,23,90192,2141,0,34,0,0,0,LEADER,1,0,0,33,0,0,0,0,0,0,0,0,0,0,0
91653,30,bully,1461,1,0,0,33,0,462,0,1,30,90192,1461,0,34,0,0,0,LEADER,1,0,0,33,0,0,0,0,0,0,0,0,0,0,0
92051,94,bully,1859,1,0,0,33,0,462,0,1,94,90192,1859,0,34,0,0,0,LEADER,1,0,0,33,0,0,0,0,0,0,0,0,0,0,0
91693,38,bully,1501,1,0,0,33,0,462,0,1,38,90192,1501,0,34,0,0,0,LEADER,1,0,0,33,0,0,0,0,0,0,0,0,0,0,0
92372,66,bully,2180,1,0,0,33,0,462,0,1,66,90192,2180,0,34,0,0,0,LEADER,1,0,0,33,0,0,0,0,0,0,0,0,0,0,0
91678,70,bully,1486,1,0,0,33,0,462,0,1,70,90192,1486,0,34,0,0,0,LEADER,1,0,0,33,0,0,0,0,0,0,0,0,0,0,0
92323,88,bully,2131,1,0,0,33,0,462,0,1,88,90192,2131,0,34,0,0,0,LEADER,1,0,0,33,0,0,0,0,0,0,0,0,0,0,0
91507,75,bully,2235,1,0,0,33,0,462,0,1,75,89272,2235,0,34,0,0,0,LEADER,1,0,0,33,0,0,0,0,0,0,0,0,0,0,0
91515,12,bully,2243,1,0,0,33,0,462,0,1,12,89272,2243,0,34,0,0,0,LEADER,1,0,0,33,0,0,0,0,0,0,0,0,0,0,0
92217,27,bully,2025,1,0,0,33,0,462,0,1,27,90192,2025,0,34,0,0,0,LEADER,1,0,0,33,0,0,0,0,0,0,0,0,0,0,0
91706,42,bully,1514,1,0,0,33,0,462,0,1,42,90192,1514,0,34,0,0,0,LEADER,1,0,0,33,0,0,0,0,0,0,0,0,0,0,0
92353,24,bully,2161,1,0,0,33,0,462,0,1,24,90192,2161,0,34,0,0,0,LEADER,1,0,0,33,0,0,0,0,0,0,0,0,0,0,0
92305,46,bully,2113,1,0,0,33,0,462,0,1,46,90192,2113,0,34,0,0,0,LEADER,1,0,0,33,0,0,0,0,0,0,0,0,0,0,0
92202,59,bully,2010,1,0,0,33,0,462,0,1,59,90192,2010,0,34,0,0,0,LEADER,1,0,0,33,0,0,0,0,0,0,0,0,0,0,0
91829,34,bully,1637,1,0,0,33,0,462,0,1,34,90192,1637,0,34,0,0,0,LEADER,1,0,0,33,0,0,0,0,0,0,0,0,0,0,0
92484,32,bully,2292,1,0,0,33,0,462,0,1,32,90192,2292,0,34,0,0,0,LEADER,1,0,0,33,0,0,0,0,0,0,0,0,0,0,0
92099,72,bully,1907,1,0,0,33,0,462,0,1,72,90192,1907,0,34,0,0,0,LEADER,1,0,0,33,0,0,0,0,0,0,0,0,0,0,0
92511,63,bully,2316,1,0,0,33,0,462,0,1,63,90195,2316,0,34,0,0,0,LEADER,1,0,0,33,0,0,0,0,0,0,0,0,0,0,0
91984,74,bully,1792,1,0,0,33,0,462,0,1,74,90192,1792,0,34,0,0,0,LEADER,1,0,0,33,0,0,0,0,0,0,0,0,0,0,0
91726,48,bully,1534,1,0,0,33,0,462,0,1,48,90192,1534,0,34,0,0,0,LEADER,1,0,0,33,0,0,0,0,0,0,0,0,0,0,0
92187,57,bully,1995,1,0,0,33,0,462,0,1,57,90192,1995,0,34,0,0,0,LEADER,1,0,0,33,0,0,0,0,0,0,0,0,0,0,0
92257,68,bully,2065,1,0,0,33,0,462,0,1,68,90192,2065,0,34,0,0,0,LEADER,1,0,0,33,0,0,0,0,0,0,0,0,0,0,0
91658,45,bully,1466,1,0,0,33,0,462,0,1,45,90192,1466,0,34,0,0,0,LEADER,1,0,0,33,0,0,0,0,0,0,0,0,0,0,0
92015,93,bully,1823,1,0,0,33,0,462,0,1,93,90192,1823,0,34,0,0,0,LEADER,1,0,0,33,0,0,0,0,0,0,0,0,0,0,0
92596,82,bully,2404,1,0,0,33,0,462,0,1,82,90192,2404,0,34,0,0,0,LEADER,1,0,0,33,0,0,0,0,0,0,0,0,0,0,0
92590,51,bully,2398,1,0,0,33,0,462,0,1,51,90192,2398,0,34,0,0,0,LEADER,1,0,0,33,0,0,0,0,0,0,0,0,0,0,0
92135,39,bully,1943,1,0,0,33,0,462,0,1,39,90192,1943,0,34,0,0,0,LEADER,1,0,0,33,0,0,0,0,0,0,0,0,0,0,0
91881,78,bully,1689,1,0,0,33,0,462,0,1,78,90192,1689,0,34,0,0,0,LEADER,1,0,0,33,0,0,0,0,0,0,0,0,0,0,0
92269,79,bully,2077,1,0,0,33,0,462,0,1,79,90192,2077,0,34,0,0,0,LEADER,1,0,0,33,0,0,0,0,0,0,0,0,0,0,0
91844,14,bully,1652,1,0,0,33,0,462,0,1,14,90192,1652,0,34,0,0,0,LEADER,1,0,0,33,0,0,0,0,0,0,0,0,0,0,0
92271,36,bully,2080,1,0,0,33,0,462,0,1,36,90191,2080,0,34,0,0,0,LEADER,1,0,0,33,0,0,0,0,0,0,0,0,0,0,0
92154,81,bully,1962,1,0,0,33,0,462,0,1,81,90192,1962,0,34,0,0,0,LEADER,1,0,0,33,0,0,0,0,0,0,0,0,0,0,0
91814,67,bully,1622,1,0,0,33,0,462,0,1,67,90192,1622,0,34,0,0,0,LEADER,1,0,0,33,0,0,0,0,0,0,0,0,0,0,0
92575,83,bully,2383,1,0,0,33,0,462,0,1,83,90192,2383,0,34,0,0,0,LEADER,1,0,0,33,0,0,0,0,0,0,0,0,0,0,0
92720,99,bully,1607,1,0,0,34,0,476,0,1,99,91113,1607,0,35,0,0,0,LEADER,1,0,0,34,0,0,0,0,0,0,0,0,0,0,0
91896,55,bully,1704,1,0,0,33,0,462,0,1,55,90192,1704,0,34,0,0,0,LEADER,1,0,0,33,0,0,0,0,0,0,0,0,0,0,0
92687,89,bully,1574,1,0,0,34,0,476,0,1,89,91113,1574,0,35,0,0,0,LEADER,1,0,0,34,0,0,0,0,0,0,0,0,0,0,0
91848,77,bully,1656,1,0,0,33,0,462,0,1,77,90192,1656,0,34,0,0,0,LEADER,1,0,0,33,0,0,0,0,0,0,0,0,0,0,0
92120,71,bully,1928,1,0,0,33,0,462,0,1,71,90192,1928,0,34,0,0,0,LEADER,1,0,0,33,0,0,0,0,0,0,0,0,0,0,0
92032,52,bully,1840,1,0,0,33,0,462,0,1,52,90192,1840,0,34,0,0,0,LEADER,1,0,0,33,0,0,0,0,0,0,0,0,0,0,0
92402,76,bully,2213,1,0,0,33,0,462,0,1,76,90189,2213,0,34,0,0,0,LEADER,1,0,0,33,0,0,0,0,0,0,0,0,0,0,0
91999,10,bully,1807,1,0,0,33,0,462,0,1,10,90192,1807,0,34,0,0,0,LEADER,1,0,0,33,0,0,0,0,0,0,0,0,0,0,0
91932,22,bully,1740,1,0,0,33,0,462,0,1,22,90192,1740,0,34,0,0,0,LEADER,1,0,0,33,0,0,0,0,0,0,0,0,0,0,0
92080,21,bully,1889,1,0,0,33,0,462,0,1,21,90191,1889,0,34,0,0,0,LEADER,1,0,0,33,0,0,0,0,0,0,0,0,0,0,0
92338,56,bully,2146,1,0,0,33,0,462,0,1,56,90192,2146,0,34,0,0,0,LEADER,1,0,0,33,0,0,0,0,0,0,0,0,0,0,0
91863,60,bully,1671,1,0,0,33,0,462,0,1,60,90192,1671,0,34,0,0,0,LEADER,1,0,0,33,0,0,0,0,0,0,0,0,0,0,0
92717,25,bully,1604,1,0,0,34,0,476,0,1,25,91113,1604,0,35,0,0,0,LEADER,1,0,0,34,0,0,0,0,0,0,0,0,0,0,0
91929,65,bully,1737,1,0,0,33,0,462,0,1,65,90192,1737,0,34,0,0,0,LEADER,1,0,0,33,0,0,0,0,0,0,0,0,0,0,0
92605,19,bully,2413,1,0,0,33,0,462,0,1,19,90192,2413,0,34,0,0,0,LEADER,1,0,0,33,0,0,0,0,0,0,0,0,0,0,0
92235,69,bully,2043,1,0,0,33,0,462,0,1,69,90192,2043,0,34,0,0,0,LEADER,1,0,0,33,0,0,0,0,0,0,0,0,0,0,0
92838,54,bully,1725,1,0,0,34,0,476,0,1,54,91113,1725,0,35,0,0,0,LEADER,1,0,0,34,0,0,0,0,0,0,0,0,0,0,0
92184,17,bully,1992,1,0,0,33,0,462,0,1,17,90192,1992,0,34,0,0,0,LEADER,1,0,0,33,0,0,0,0,0,0,0,0,0,0,0
92699,100,bully,1586,1,0,0,34,0,476,0,1,100,91113,1586,0,35,0,0,0,LEADER,1,0,0,34,0,0,0,0,0,0,0,0,0,0,0
92662,16,bully,1549,1,0,0,34,0,476,0,1,16,91113,1549,0,35,0,0,0,LEADER,1,0,0,34,0,0,0,0,0,0,0,0,0,0,0
92250,37,bully,2058,1,0,0,33,0,462,0,1,37,90192,2058,0,34,0,0,0,LEADER,1,0,0,33,0,0,0,0,0,0,0,0,0,0,0
92887,13,bully,1774,1,0,0,34,0,476,0,1,13,91113,1774,0,35,0,0,0,LEADER,1,0,0,34,0,0,0,0,0,0,0,0,0,0,0
92047,20,bully,1855,1,0,0,33,0,462,0,1,20,90192,1855,0,34,0,0,0,LEADER,1,0,0,33,0,0,0,0,0,0,0,0,0,0,0
92680,41,bully,1567,1,0,0,34,0,476,0,1,41,91113,1567,0,35,0,0,0,LEADER,1,0,0,34,0,0,0,0,0,0,0,0,0,0,0
92669,47,bully,1556,1,0,0,34,0,476,0,1,47,91113,1556,0,35,0,0,0,LEADER,1,0,0,34,0,0,0,0,0,0,0,0,0,0,0
92494,95,bully,2301,1,0,0,33,0,462,0,1,95,90193,2301,0,34,0,0,0,LEADER,1,0,0,33,0,0,0,0,0,0,0,0,0,0,0
92357,98,bully,2165,1,0,0,33,0,462,0,1,98,90192,2165,0,34,0,0,0,LEADER,1,0,0,33,0,0,0,0,0,0,0,0,0,0,0
92541,73,bully,2349,1,0,0,33,0,462,0,1,73,90192,2349,0,34,0,0,0,LEADER,1,0,0,33,0,0,0,0,0,0,0,0,0,0,0
92087,61,bully,1895,1,0,0,33,0,462,0,1,61,90192,1895,0,34,0,0,0,LEADER,1,0,0,33,0,0,0,0,0,0,0,0,0,0,0
92835,97,bully,1722,1,0,0,34,0,476,0,1,97,91113,1722,0,35,0,0,0,LEADER,1,0,0,34,0,0,0,0,0,0,0,0,0,0,0
92865,33,bully,1752,1,0,0,34,0,476,0,1,33,91113,1752,0,35,0,0,0,LEADER,1,0,0,34,0,0,0,0,0,0,0,0,0,0,0
92523,31,bully,2331,1,0,0,33,0,462,0,1,31,90192,2331,0,34,0,0,0,LEADER,1,0,0,33,0,0,0,0,0,0,0,0,0,0,0
93023,29,bully,1910,1,0,0,34,0,476,0,1,29,91113,1910,0,35,0,0,0,LEADER,1,0,0,34,0,0,0,0,0,0,0,0,0,0,0
93035,40,bully,1922,1,0,0,34,0,476,0,1,40,91113,1922,0,35,0,0,0,LEADER,1,0,0,34,0,0,0,0,0,0,0,0,0,0,0
92855,96,bully,1744,1,0,0,34,0,476,0,1,96,91111,1744,0,35,0,0,0,LEADER,1,0,0,34,0,0,0,0,0,0,0,0,0,0,0
92938,84,bully,1825,1,0,0,34,0,476,0,1,84,91113,1825,0,35,0,0,0,LEADER,1,0,0,34,0,0,0,0,0,0,0,0,0,0,0
92632,80,bully,1519,1,0,0,34,0,476,0,1,80,91113,1519,0,35,0,0,0,LEADER,1,0,0,34,0,0,0,0,0,0,0,0,0,0,0
92475,53,bully,2283,1,0,0,33,0,462,0,1,53,90192,2283,0,34,0,0,0,LEADER,1,0,0,33,0,0,0,0,0,0,0,0,0,0,0
92551,92,bully,1438,1,0,0,34,0,476,0,1,92,91113,1438,0,35,0,0,0,LEADER,1,0,0,34,0,0,0,0,0,0,0,0,0,0,0
92987,62,bully,1874,1,0,0,34,0,476,0,1,62,91113,1874,0,35,0,0,0,LEADER,1,0,0,34,0,0,0,0,0,0,0,0,0,0,0
92729,91,bully,1619,1,0,0,34,0,476,0,1,91,91110,1619,0,35,0,0,0,LEADER,1,0,0,34,0,0,0,0,0,0,0,0,0,0,0
92684,15,bully,1571,1,0,0,34,0,476,0,1,15,91113,1571,0,35,0,0,0,LEADER,1,0,0,34,0,0,0,0,0,0,0,0,0,0,0
92353,26,bully,2161,1,0,0,33,0,462,0,1,26,90192,2161,0,34,0,0,0,LEADER,1,0,0,33,0,0,0,0,0,0,0,0,0,0,0
93090,49,bully,1977,1,0,0,34,0,476,0,1,49,91113,1977,0,35,0,0,0,LEADER,1,0,0,34,0,0,0,0,0,0,0,0,0,0,0
92905,58,bully,1792,1,0,0,34,0,476,0,1,58,91113,1792,0,35,0,0,0,LEADER,1,0,0,34,0,0,0,0,0,0,0,0,0,0,0
92438,86,bully,2246,1,0,0,33,0,462,0,1,86,90192,2246,0,34,0,0,0,LEADER,1,0,0,33,0,0,0,0,0,0,0,0,0,0,0
92611,50,bully,2419,1,0,0,33,0,462,0,1,50,90192,2419,0,34,0,0,0,LEADER,1,0,0,33,0,0,0,0,0,0,0,0,0,0,0
92463,85,bully,2268,1,0,0,33,0,462,0,1,85,90195,2268,0,34,0,0,0,LEADER,1,0,0,33,0,0,0,0,0,0,0,0,0,0,0
92402,87,bully,2212,1,0,0,33,0,462,0,1,87,90190,2212,0,34,0,0,0,LEADER,1,0,0,33,0,0,0,0,0,0,0,0,0,0,0
92608,64,bully,2416,1,0,0,33,0,462,0,1,64,90192,2416,0,34,0,0,0,LEADER,1,0,0,33,0,0,0,0,0,0,0,0,0,0,0
92457,11,bully,2264,1,0,0,33,0,462,0,1,11,90193,2264,0,34,0,0,0,LEADER,1,0,0,33,0,0,0,0,0,0,0,0,0,0,0
92547,18,bully,1434,1,0,0,34,0,476,0,1,18,91113,1434,0,35,0,0,0,LEADER,1,0,0,34,0,0,0,0,0,0,0,0,0,0,0
92666,90,bully,1553,1,0,0,34,0,476,0,1,90,91113,1553,0,35,0,0,0,LEADER,1,0,0,34,0,0,0,0,0,0,0,0,0,0,0
92560,35,bully,1447,1,0,0,34,0,476,0,1,35,91113,1447,0,35,0,0,0,LEADER,1,0,0,34,0,0,0,0,0,0,0,0,0,0,0
92441,43,bully,2249,1,0,0,33,0,462,0,1,43,90192,2249,0,34,0,0,0,LEADER,1,0,0,33,0,0,0,0,0,0,0,0,0,0,0
92580,28,bully,1467,1,0,0,34,0,476,0,1,28,91113,1467,0,35,0,0,0,LEADER,1,0,0,34,0,0,0,0,0,0,0,0,0,0,0
92418,44,bully,2228,1,0,0,33,0,462,0,1,44,90190,2228,0,34,0,0,0,LEADER,1,0,0,33,0,0,0,0,0,0,0,0,0,0,0
93254,23,bully,2141,1,0,0,34,0,476,0,1,23,91113,2141,0,35,0,0,0,LEADER,1,0,0,34,0,0,0,0,0,0,0,0,0,0,0
92574,30,bully,1461,1,0,0,34,0,476,0,1,30,91113,1461,0,35,0,0,0,LEADER,1,0,0,34,0,0,0,0,0,0,0,0,0,0,0
92972,94,bully,1859,1,0,0,34,0,476,0,1,94,91113,1859,0,35,0,0,0,LEADER,1,0,0,34,0,0,0,0,0,0,0,0,0,0,0
92614,38,bully,1501,1,0,0,34,0,476,0,1,38,91113,1501,0,35,0,0,0,LEADER,1,0,0,34,0,0,0,0,0,0,0,0,0,0,0
93293,66,bully,2180,1,0,0,34,0,476,0,1,66,91113,2180,0,35,0,0,0,LEADER,1,0,0,34,0,0,0,0,0,0,0,0,0,0,0
92599,70,bully,1486,1,0,0,34,0,476,0,1,70,91113,1486,0,35,0,0,0,LEADER,1,0,0,34,0,0,0,0,0,0,0,0,0,0,0
93244,88,bully,2131,1,0,0,34,0,476,0,1,88,91113,2131,0,35,0,0,0,LEADER,1,0,0,34,0,0,0,0,0,0,0,0,0,0,0
92427,75,bully,2235,1,0,0,33,0,462,0,1,75,90192,2235,0,34,0,0,0,LEADER,1,0,0,33,0,0,0,0,0,0,0,0,0,0,0
92435,12,bully,2243,1,0,0,33,0,462,0,1,12,90192,2243,0,34,0,0,0,LEADER,1,0,0,33,0,0,0,0,0,0,0,0,0,0,0
93138,27,bully,2025,1,0,0,34,0,476,0,1,27,91113,2025,0,35,0,0,0,LEADER,1,0,0,34,0,0,0,0,0,0,0,0,0,0,0
92627,42,bully,1514,1,0,0,34,0,476,0,1,42,91113,1514,0,35,0,0,0,LEADER,1,0,0,34,0,0,0,0,0,0,0,0,0,0,0
93274,24,bully,2161,1,0,0,34,0,476,0,1,24,91113,2161,0,35,0,0,0,LEADER,1,0,0,34,0,0,0,0,0,0,0,0,0,0,0
93226,46,bully,2113,1,0,0,34,0,476,0,1,46,91113,2113,0,35,0,0,0,LEADER,1,0,0,34,0,0,0,0,0,0,0,0,0,0,0
92750,34,bully,1637,1,0,0,34,0,476,0,1,34,91113,1637,0,35,0,0,0,LEADER,1,0,0,34,0,0,0,0,0,0,0,0,0,0,0
93123,59,bully,2010,1,0,0,34,0,476,0,1,59,91113,2010,0,35,0,0,0,LEADER,1,0,0,34,0,0,0,0,0,0,0,0,0,0,0
93405,32,bully,2292,1,0,0,34,0,476,0,1,32,91113,2292,0,35,0,0,0,LEADER,1,0,0,34,0,0,0,0,0,0,0,0,0,0,0
93020,72,bully,1907,1,0,0,34,0,476,0,1,72,91113,1907,0,35,0,0,0,LEADER,1,0,0,34,0,0,0,0,0,0,0,0,0,0,0
93432,63,bully,2316,1,0,0,34,0,476,0,1,63,91116,2316,0,35,0,0,0,LEADER,1,0,0,34,0,0,0,0,0,0,0,0,0,0,0
92905,74,bully,1792,1,0,0,34,0,476,0,1,74,91113,1792,0,35,0,0,0,LEADER,1,0,0,34,0,0,0,0,0,0,0,0,0,0,0
92647,48,bully,1534,1,0,0,34,0,476,0,1,48,91113,1534,0,35,0,0,0,LEADER,1,0,0,34,0,0,0,0,0,0,0,0,0,0,0
93108,57,bully,1995,1,0,0,34,0,476,0,1,57,91113,1995,0,35,0,0,0,LEADER,1,0,0,34,0,0,0,0,0,0,0,0,0,0,0
93178,68,bully,2065,1,0,0,34,0,476,0,1,68,91113,2065,0,35,0,0,0,LEADER,1,0,0,34,0,0,0,0,0,0,0,0,0,0,0
92579,45,bully,1466,1,0,0,34,0,476,0,1,45,91113,1466,0,35,0,0,0,LEADER,1,0,0,34,0,0,0,0,0,0,0,0,0,0,0
92936,93,bully,1823,1,0,0,34,0,476,0,1,93,91113,1823,0,35,0,0,0,LEADER,1,0,0,34,0,0,0,0,0,0,0,0,0,0,0
93517,82,bully,2404,1,0,0,34,0,476,0,1,82,91113,2404,0,35,0,0,0,LEADER,1,0,0,34,0,0,0,0,0,0,0,0,0,0,0
93511,51,bully,2398,1,0,0,34,0,476,0,1,51,91113,2398,0,35,0,0,0,LEADER,1,0,0,34,0,0,0,0,0,0,0,0,0,0,0
93056,39,bully,1943,1,0,0,34,0,476,0,1,39,91113,1943,0,35,0,0,0,LEADER,1,0,0,34,0,0,0,0,0,0,0,0,0,0,0
92802,78,bully,1689,1,0,0,34,0,476,0,1,78,91113,1689,0,35,0,0,0,LEADER,1,0,0,34,0,0,0,0,0,0,0,0,0,0,0
93190,79,bully,2077,1,0,0,34,0,476,0,1,79,91113,2077,0,35,0,0,0,LEADER,1,0,0,34,0,0,0,0,0,0,0,0,0,0,0
92765,14,bully,1652,1,0,0,34,0,476,0,1,14,91113,1652,0,35,0,0,0,LEADER,1,0,0,34,0,0,0,0,0,0,0,0,0,0,0
93192,36,bully,2080,1,0,0,34,0,476,0,1,36,91112,2080,0,35,0,0,0,LEADER,1,0,0,34,0,0,0,0,0,0,0,0,0,0,0
93075,81,bully,1962,1,0,0,34,0,476,0,1,81,91113,1962,0,35,0,0,0,LEADER,1,0,0,34,0,0,0,0,0,0,0,0,0,0,0
92735,67,bully,1622,1,0,0,34,0,476,0,1,67,91113,1622,0,35,0,0,0,LEADER,1,0,0,34,0,0,0,0,0,0,0,0,0,0,0
93496,83,bully,2383,1,0,0,34,0,476,0,1,83,91113,2383,0,35,0,0,0,LEADER,1,0,0,34,0,0,0,0,0,0,0,0,0,0,0
93640,99,bully,1607,1,0,0,34,0,476,0,1,99,92033,1607,0,35,0,0,0,LEADER,1,0,0,34,0,0,0,0,0,0,0,0,0,0,0
92817,55,bully,1704,1,0,0,34,0,476,0,1,55,91113,1704,0,35,0,0,0,LEADER,1,0,0,34,0,0,0,0,0,0,0,0,0,0,0
93607,89,bully,1574,1,0,0,34,0,476,0,1,89,92033,1574,0,35,0,0,0,LEADER,1,0,0,34,0,0,0,0,0,0,0,0,0,0,0
92769,77,bully,1656,1,0,0,34,0,476,0,1,77,91113,1656,0,35,0,0,0,LEADER,1,0,0,34,0,0,0,0,0,0,0,0,0,0,0
93041,71,bully,1928,1,0,0,34,0,476,0,1,71,91113,1928,0,35,0,0,0,LEADER,1,0,0,34,0,0,0,0,0,0,0,0,0,0,0
92953,52,bully,1840,1,0,0,34,0,476,0,1,52,91113,1840,0,35,0,0,0,LEADER,1,0,0,34,0,0,0,0,0,0,0,0,0,0,0
93323,76,bully,2213,1,0,0,34,0,476,0,1,76,91110,2213,0,35,0,0,0,LEADER,1,0,0,34,0,0,0,0,0,0,0,0,0,0,0
92920,10,bully,1807,1,0,0,34,0,476,0,1,10,91113,1807,0,35,0,0,0,LEADER,1,0,0,34,0,0,0,0,0,0,0,0,0,0,0
92853,22,bully,1740,1,0,0,34,0,476,0,1,22,91113,1740,0,35,0,0,0,LEADER,1,0,0,34,0,0,0,0,0,0,0,0,0,0,0
93001,21,bully,1889,1,0,0,34,0,476,0,1,21,91112,1889,0,35,0,0,0,LEADER,1,0,0,34,0,0,0,0,0,0,0,0,0,0,0
93259,56,bully,2146,1,0,0,34,0,476,0,1,56,91113,2146,0,35,0,0,0,LEADER,1,0,0,34,0,0,0,0,0,0,0,0,0,0,0
92784,60,bully,1671,1,0,0,34,0,476,0,1,60,91113,1671,0,35,0,0,0,LEADER,1,0,0,34,0,0,0,0,0,0,0,0,0,0,0
93637,25,bully,1604,1,0,0,34,0,476,0,1,25,92033,1604,0,35,0,0,0,LEADER,1,0,0,34,0,0,0,0,0,0,0,0,0,0,0
92850,65,bully,1737,1,0,0,34,0,476,0,1,65,91113,1737,0,35,0,0,0,LEADER,1,0,0,34,0,0,0,0,0,0,0,0,0,0,0
93526,19,bully,2413,1,0,0,34,0,476,0,1,19,91113,2413,0,35,0,0,0,LEADER,1,0,0,34,0,0,0,0,0,0,0,0,0,0,0
93156,69,bully,2043,1,0,0,34,0,476,0,1,69,91113,2043,0,35,0,0,0,LEADER,1,0,0,34,0,0,0,0,0,0,0,0,0,0,0
93758,54,bully,1725,1,0,0,34,0,476,0,1,54,92033,1725,0,35,0,0,0,LEADER,1,0,0,34,0,0,0,0,0,0,0,0,0,0,0
93105,17,bully,1992,1,0,0,34,0,476,0,1,17,91113,1992,0,35,0,0,0,LEADER,1,0,0,34,0,0,0,0,0,0,0,0,0,0,0
93619,100,bully,1586,1,0,0,34,0,476,0,1,100,92033,1586,0,35,0,0,0,LEADER,1,0,0,34,0,0,0,0,0,0,0,0,0,0,0
93582,16,bully,1549,1,0,0,34,0,476,0,1,16,92033,1549,0,35,0,0,0,LEADER,1,0,0,34,0,0,0,0,0,0,0,0,0,0,0
93171,37,bully,2058,1,0,0,34,0,476,0,1,37,91113,2058,0,35,0,0,0,LEADER,1,0,0,34,0,0,0,0,0,0,0,0,0,0,0
93807,13,bully,1774,1,0,0,34,0,476,0,1,13,92033,1774,0,35,0,0,0,LEADER,1,0,0,34,0,0,0,0,0,0,0,0,0,0,0
92968,20,bully,1855,1,0,0,34,0,476,0,1,20,91113,1855,0,35,0,0,0,LEADER,1,0,0,34,0,0,0,0,0,0,0,0,0,0,0
93600,41,bully,1567,1,0,0,34,0,476,0,1,41,92033,1567,0,35,0,0,0,LEADER,1,0,0,34,0,0,0,0,0,0,0,0,0,0,0
93589,47,bully,1556,1,0,0,34,0,476,0,1,47,92033,1556,0,35,0,0,0,LEADER,1,0,0,34,0,0,0,0,0,0,0,0,0,0,0
93415,95,bully,2301,1,0,0,34,0,476,0,1,95,91114,2301,0,35,0,0,0,LEADER,1,0,0,34,0,0,0,0,0,0,0,0,0,0,0
93278,98,bully,2165,1,0,0,34,0,476,0,1,98,91113,2165,0,35,0,0,0,LEADER,1,0,0,34,0,0,0,0,0,0,0,0,0,0,0
93462,73,bully,2349,1,0,0,34,0,476,0,1,73,91113,2349,0,35,0,0,0,LEADER,1,0,0,34,0,0,0,0,0,0,0,0,0,0,0
93785,33,bully,1752,1,0,0,34,0,476,0,1,33,92033,1752,0,35,0,0,0,LEADER,1,0,0,34,0,0,0,0,0,0,0,0,0,0,0
93755,97,bully,1722,1,0,0,34,0,476,0,1,97,92033,1722,0,35,0,0,0,LEADER,1,0,0,34,0,0,0,0,0,0,0,0,0,0,0
93008,61,bully,1895,1,0,0,34,0,476,0,1,61,91113,1895,0,35,0,0,0,LEADER,1,0,0,34,0,0,0,0,0,0,0,0,0,0,0
93943,29,bully,1910,1,0,0,34,0,476,0,1,29,92033,1910,0,35,0,0,0,LEADER,1,0,0,34,0,0,0,0,0,0,0,0,0,0,0
93955,40,bully,1922,1,0,0,34,0,476,0,1,40,92033,1922,0,35,0,0,0,LEADER,1,0,0,34,0,0,0,0,0,0,0,0,0,0,0
93444,31,bully,2331,1,0,0,34,0,476,0,1,31,91113,2331,0,35,0,0,0,LEADER,1,0,0,34,0,0,0,0,0,0,0,0,0,0,0
93775,96,bully,1744,1,0,0,34,0,476,0,1,96,92031,1744,0,35,0,0,0,LEADER,1,0,0,34,0,0,0,0,0,0,0,0,0,0,0
93858,84,bully,1825,1,0,0,34,0,476,0,1,84,92033,1825,0,35,0,0,0,LEADER,1,0,0,34,0,0,0,0,0,0,0,0,0,0,0
93552,80,bully,1519,1,0,0,34,0,476,0,1,80,92033,1519,0,35,0,0,0,LEADER,1,0,0,34,0,0,0,0,0,0,0,0,0,0,0
93396,53,bully,2283,1,0,0,34,0,476,0,1,53,91113,2283,0,35,0,0,0,LEADER,1,0,0,34,0,0,0,0,0,0,0,0,0,0,0
93471,92,bully,1438,1,0,0,34,0,476,0,1,92,92033,1438,0,35,0,0,0,LEADER,1,0,0,34,0,0,0,0,0,0,0,0,0,0,0
93907,62,bully,1874,1,0,0,34,0,476,0,1,62,92033,1874,0,35,0,0,0,LEADER,1,0,0,34,0,0,0,0,0,0,0,0,0,0,0
93649,91,bully,1619,1,0,0,34,0,476,0,1,91,92030,1619,0,35,0,0,0,LEADER,1,0,0,34,0,0,0,0,0,0,0,0,0,0,0
93604,15,bully,1571,1,0,0,34,0,476,0,1,15,92033,1571,0,35,0,0,0,LEADER,1,0,0,34,0,0,0,0,0,0,0,0,0,0,0
93274,26,bully,2161,1,0,0,34,0,476,0,1,26,91113,2161,0,35,0,0,0,LEADER,1,0,0,34,0,0,0,0,0,0,0,0,0,0,0
94010,49,bully,1977,1,0,0,34,0,476,0,1,49,92033,1977,0,35,0,0,0,LEADER,1,0,0,34,0,0,0,0,0,0,0,0,0,0,0
93825,58,bully,1792,1,0,0,34,0,476,0,1,58,92033,1792,0,35,0,0,0,LEADER,1,0,0,34,0,0,0,0,0,0,0,0,0,0,0
93359,86,bully,2246,1,0,0,34,0,476,0,1,86,91113,2246,0,35,0,0,0,LEADER,1,0,0,34,0,0,0,0,0,0,0,0,0,0,0
93532,50,bully,2419,1,0,0,34,0,476,0,1,50,91113,2419,0,35,0,0,0,LEADER,1,0,0,34,0,0,0,0,0,0,0,0,0,0,0
93384,85,bully,2268,1,0,0,34,0,476,0,1,85,91116,2268,0,35,0,0,0,LEADER,1,0,0,34,0,0,0,0,0,0,0,0,0,0,0
93323,87,bully,2212,1,0,0,34,0,476,0,1,87,91111,2212,0,35,0,0,0,LEADER,1,0,0,34,0,0,0,0,0,0,0,0,0,0,0
93529,64,bully,2416,1,0,0,34,0,476,0,1,64,91113,2416,0,35,0,0,0,LEADER,1,0,0,34,0,0,0,0,0,0,0,0,0,0,0
93467,18,bully,1434,1,0,0,34,0,476,0,1,18,92033,1434,0,35,0,0,0,LEADER,1,0,0,34,0,0,0,0,0,0,0,0,0,0,0
93378,11,bully,2264,1,0,0,34,0,476,0,1,11,91114,2264,0,35,0,0,0,LEADER,1,0,0,34,0,0,0,0,0,0,0,0,0,0,0
93586,90,bully,1553,1,0,0,34,0,476,0,1,90,92033,1553,0,35,0,0,0,LEADER,1,0,0,34,0,0,0,0,0,0,0,0,0,0,0
93480,35,bully,1447,1,0,0,34,0,476,0,1,35,92033,1447,0,35,0,0,0,LEADER,1,0,0,34,0,0,0,0,0,0,0,0,0,0,0
93362,43,bully,2249,1,0,0,34,0,476,0,1,43,91113,2249,0,35,0,0,0,LEADER,1,0,0,34,0,0,0,0,0,0,0,0,0,0,0
93500,28,bully,1467,1,0,0,34,0,476,0,1,28,92033,1467,0,35,0,0,0,LEADER,1,0,0,34,0,0,0,0,0,0,0,0,0,0,0
93339,44,bully,2228,1,0,0,34,0,476,0,1,44,91111,2228,0,35,0,0,0,LEADER,1,0,0,34,0,0,0,0,0,0,0,0,0,0,0
94174,23,bully,2141,1,0,0,34,0,476,0,1,23,92033,2141,0,35,0,0,0,LEADER,1,0,0,34,0,0,0,0,0,0,0,0,0,0,0
93494,30,bully,1461,1,0,0,34,0,476,0,1,30,92033,1461,0,35,0,0,0,LEADER,1,0,0,34,0,0,0,0,0,0,0,0,0,0,0
93892,94,bully,1859,1,0,0,34,0,476,0,1,94,92033,1859,0,35,0,0,0,LEADER,1,0,0,34,0,0,0,0,0,0,0,0,0,0,0
93534,38,bully,1501,1,0,0,34,0,476,0,1,38,92033,1501,0,35,0,0,0,LEADER,1,0,0,34,0,0,0,0,0,0,0,0,0,0,0
94213,66,bully,2180,1,0,0,34,0,476,0,1,66,92033,2180,0,35,0,0,0,LEADER,1,0,0,34,0,0,0,0,0,0,0,0,0,0,0
93519,70,bully,1486,1,0,0,34,0,476,0,1,70,92033,1486,0,35,0,0,0,LEADER,1,0,0,34,0,0,0,0,0,0,0,0,0,0,0
94164,88,bully,2131,1,0,0,34,0,476,0,1,88,92033,2131,0,35,0,0,0,LEADER,1,0,0,34,0,0,0,0,0,0,0,0,0,0,0
93348,75,bully,2235,1,0,0,34,0,476,0,1,75,91113,2235,0,35,0,0,0,LEADER,1,0,0,34,0,0,0,0,0,0,0,0,0,0,0
93356,12,bully,2243,1,0,0,34,0,476,0,1,12,91113,2243,0,35,0,0,0,LEADER,1,0,0,34,0,0,0,0,0,0,0,0,0,0,0
94058,27,bully,2025,1,0,0,34,0,476,0,1,27,92033,2025,0,35,0,0,0,LEADER,1,0,0,34,0,0,0,0,0,0,0,0,0,0,0
93547,42,bully,1514,1,0,0,34,0,476,0,1,42,92033,1514,0,35,0,0,0,LEADER,1,0,0,34,0,0,0,0,0,0,0,0,0,0,0
94194,24,bully,2161,1,0,0,34,0,476,0,1,24,92033,2161,0,35,0,0,0,LEADER,1,0,0,34,0,0,0,0,0,0,0,0,0,0,0
94146,46,bully,2113,1,0,0,34,0,476,0,1,46,92033,2113,0,35,0,0,0,LEADER,1,0,0,34,0,0,0,0,0,0,0,0,0,0,0
93670,34,bully,1637,1,0,0,34,0,476,0,1,34,92033,1637,0,35,0,0,0,LEADER,1,0,0,34,0,0,0,0,0,0,0,0,0,0,0
94043,59,bully,2010,1,0,0,34,0,476,0,1,59,92033,2010,0,35,0,0,0,LEADER,1,0,0,34,0,0,0,0,0,0,0,0,0,0,0
94325,32,bully,2292,1,0,0,34,0,476,0,1,32,92033,2292,0,35,0,0,0,LEADER,1,0,0,34,0,0,0,0,0,0,0,0,0,0,0
93940,72,bully,1907,1,0,0,34,0,476,0,1,72,92033,1907,0,35,0,0,0,LEADER,1,0,0,34,0,0,0,0,0,0,0,0,0,0,0
94352,63,bully,2316,1,0,0,34,0,476,0,1,63,92036,2316,0,35,0,0,0,LEADER,1,0,0,34,0,0,0,0,0,0,0,0,0,0,0
93825,74,bully,1792,1,0,0,34,0,476,0,1,74,92033,1792,0,35,0,0,0,LEADER,1,0,0,34,0,0,0,0,0,0,0,0,0,0,0
93567,48,bully,1534,1,0,0,34,0,476,0,1,48,92033,1534,0,35,0,0,0,LEADER,1,0,0,34,0,0,0,0,0,0,0,0,0,0,0
94028,57,bully,1995,1,0,0,34,0,476,0,1,57,92033,1995,0,35,0,0,0,LEADER,1,0,0,34,0,0,0,0,0,0,0,0,0,0,0
94098,68,bully,2065,1,0,0,34,0,476,0,1,68,92033,2065,0,35,0,0,0,LEADER,1,0,0,34,0,0,0,0,0,0,0,0,0,0,0
93499,45,bully,1466,1,0,0,34,0,476,0,1,45,92033,1466,0,35,0,0,0,LEADER,1,0,0,34,0,0,0,0,0,0,0,0,0,0,0
93856,93,bully,1823,1,0,0,34,0,476,0,1,93,92033,1823,0,35,0,0,0,LEADER,1,0,0,34,0,0,0,0,0,0,0,0,0,0,0
94437,82,bully,2404,1,0,0,34,0,476,0,1,82,92033,2404,0,35,0,0,0,LEADER,1,0,0,34,0,0,0,0,0,0,0,0,0,0,0
94431,51,bully,2398,1,0,0,34,0,476,0,1,51,92033,2398,0,35,0,0,0,LEADER,1,0,0,34,0,0,0,0,0,0,0,0,0,0,0
93976,39,bully,1943,1,0,0,34,0,476,0,1,39,92033,1943,0,35,0,0,0,LEADER,1,0,0,34,0,0,0,0,0,0,0,0,0,0,0
93722,78,bully,1689,1,0,0,34,0,476,0,1,78,92033,1689,0,35,0,0,0,LEADER,1,0,0,34,0,0,0,0,0,0,0,0,0,0,0
94110,79,bully,2077,1,0,0,34,0,476,0,1,79,92033,2077,0,35,0,0,0,LEADER,1,0,0,34,0,0,0,0,0,0,0,0,0,0,0
93685,14,bully,1652,1,0,0,34,0,476,0,1,14,92033,1652,0,35,0,0,0,LEADER,1,0,0,34,0,0,0,0,0,0,0,0,0,0,0
94112,36,bully,2080,1,0,0,34,0,476,0,1,36,92032,2080,0,35,0,0,0,LEADER,1,0,0,34,0,0,0,0,0,0,0,0,0,0,0
93716,3,bully,1903,1,0,0,8,18,112,252,3,3,91813,1903,0,5,0,0,0,LEADER,1,0,0,8,0,0,0,18,0,0,0,0,0,0,0
93995,81,bully,1962,1,0,0,34,0,476,0,1,81,92033,1962,0,35,0,0,0,LEADER,1,0,0,34,0,0,0,0,0,0,0,0,0,0,0
93655,67,bully,1622,1,0,0,34,0,476,0,1,67,92033,1622,0,35,0,0,0,LEADER,1,0,0,34,0,0,0,0,0,0,0,0,0,0,0
94416,83,bully,2383,1,0,0,34,0,476,0,1,83,92033,2383,0,35,0,0,0,LEADER,1,0,0,34,0,0,0,0,0,0,0,0,0,0,0
94560,99,bully,1607,1,0,0,34,0,476,0,1,99,92953,1607,0,35,0,0,0,LEADER,1,0,0,34,0,0,0,0,0,0,0,0,0,0,0
93737,55,bully,1704,1,0,0,34,0,476,0,1,55,92033,1704,0,35,0,0,0,LEADER,1,0,0,34,0,0,0,0,0,0,0,0,0,0,0
94527,89,bully,1574,1,0,0,34,0,476,0,1,89,92953,1574,0,35,0,0,0,LEADER,1,0,0,34,0,0,0,0,0,0,0,0,0,0,0
93689,77,bully,1656,1,0,0,34,0,476,0,1,77,92033,1656,0,35,0,0,0,LEADER,1,0,0,34,0,0,0,0,0,0,0,0,0,0,0
93961,71,bully,1928,1,0,0,34,0,476,0,1,71,92033,1928,0,35,0,0,0,LEADER,1,0,0,34,0,0,0,0,0,0,0,0,0,0,0
93873,52,bully,1840,1,0,0,34,0,476,0,1,52,92033,1840,0,35,0,0,0,LEADER,1,0,0,34,0,0,0,0,0,0,0,0,0,0,0
94243,76,bully,2213,1,0,0,34,0,476,0,1,76,92030,2213,0,35,0,0,0,LEADER,1,0,0,34,0,0,0,0,0,0,0,0,0,0,0
93840,10,bully,1807,1,0,0,34,0,476,0,1,10,92033,1807,0,35,0,0,0,LEADER,1,0,0,34,0,0,0,0,0,0,0,0,0,0,0
93773,22,bully,1740,1,0,0,34,0,476,0,1,22,92033,1740,0,35,0,0,0,LEADER,1,0,0,34,0,0,0,0,0,0,0,0,0,0,0
93921,21,bully,1889,1,0,0,34,0,476,0,1,21,92032,1889,0,35,0,0,0,LEADER,1,0,0,34,0,0,0,0,0,0,0,0,0,0,0
94179,56,bully,2146,1,0,0,34,0,476,0,1,56,92033,2146,0,35,0,0,0,LEADER,1,0,0,34,0,0,0,0,0,0,0,0,0,0,0
93704,60,bully,1671,1,0,0,34,0,476,0,1,60,92033,1671,0,35,0,0,0,LEADER,1,0,0,34,0,0,0,0,0,0,0,0,0,0,0
94557,25,bully,1604,1,0,0,34,0,476,0,1,25,92953,1604,0,35,0,0,0,LEADER,1,0,0,34,0,0,0,0,0,0,0,0,0,0,0
93770,65,bully,1737,1,0,0,34,0,476,0,1,65,92033,1737,0,35,0,0,0,LEADER,1,0,0,34,0,0,0,0,0,0,0,0,0,0,0
94446,19,bully,2413,1,0,0,34,0,476,0,1,19,92033,2413,0,35,0,0,0,LEADER,1,0,0,34,0,0,0,0,0,0,0,0,0,0,0
94076,69,bully,2043,1,0,0,34,0,476,0,1,69,92033,2043,0,35,0,0,0,LEADER,1,0,0,34,0,0,0,0,0,0,0,0,0,0,0
94678,54,bully,1725,1,0,0,34,0,476,0,1,54,92953,1725,0,35,0,0,0,LEADER,1,0,0,34,0,0,0,0,0,0,0,0,0,0,0
94025,17,bully,1992,1,0,0,34,0,476,0,1,17,92033,1992,0,35,0,0,0,LEADER,1,0,0,34,0,0,0,0,0,0,0,0,0,0,0
94539,100,bully,1586,1,0,0,34,0,476,0,1,100,92953,1586,0,35,0,0,0,LEADER,1,0,0,34,0,0,0,0,0,0,0,0,0,0,0
94502,16,bully,1549,1,0,0,34,0,476,0,1,16,92953,1549,0,35,0,0,0,LEADER,1,0,0,34,0,0,0,0,0,0,0,0,0,0,0
94091,37,bully,2058,1,0,0,34,0,476,0,1,37,92033,2058,0,35,0,0,0,LEADER,1,0,0,34,0,0,0,0,0,0,0,0,0,0,0
94727,13,bully,1774,1,0,0,34,0,476,0,1,13,92953,1774,0,35,0,0,0,LEADER,1,0,0,34,0,0,0,0,0,0,0,0,0,0,0
93888,20,bully,1855,1,0,0,34,0,476,0,1,20,92033,1855,0,35,0,0,0,LEADER,1,0,0,34,0,0,0,0,0,0,0,0,0,0,0
94520,41,bully,1567,1,0,0,34,0,476,0,1,41,92953,1567,0,35,0,0,0,LEADER,1,0,0,34,0,0,0,0,0,0,0,0,0,0,0
94509,47,bully,1556,1,0,0,34,0,476,0,1,47,92953,1556,0,35,0,0,0,LEADER,1,0,0,34,0,0,0,0,0,0,0,0,0,0,0
94335,95,bully,2301,1,0,0,34,0,476,0,1,95,92034,2301,0,35,0,0,0,LEADER,1,0,0,34,0,0,0,0,0,0,0,0,0,0,0
94198,98,bully,2165,1,0,0,34,0,476,0,1,98,92033,2165,0,35,0,0,0,LEADER,1,0,0,34,0,0,0,0,0,0,0,0,0,0,0
94382,73,bully,2349,1,0,0,34,0,476,0,1,73,92033,2349,0,35,0,0,0,LEADER,1,0,0,34,0,0,0,0,0,0,0,0,0,0,0
94705,33,bully,1752,1,0,0,34,0,476,0,1,33,92953,1752,0,35,0,0,0,LEADER,1,0,0,34,0,0,0,0,0,0,0,0,0,0,0
94675,97,bully,1722,1,0,0,34,0,476,0,1,97,92953,1722,0,35,0,0,0,LEADER,1,0,0,34,0,0,0,0,0,0,0,0,0,0,0
93928,61,bully,1895,1,0,0,34,0,476,0,1,61,92033,1895,0,35,0,0,0,LEADER,1,0,0,34,0,0,0,0,0,0,0,0,0,0,0
94863,29,bully,1910,1,0,0,34,0,476,0,1,29,92953,1910,0,35,0,0,0,LEADER,1,0,0,34,0,0,0,0,0,0,0,0,0,0,0
94875,40,bully,1922,1,0,0,34,0,476,0,1,40,92953,1922,0,35,0,0,0,LEADER,1,0,0,34,0,0,0,0,0,0,0,0,0,0,0
94364,31,bully,2331,1,0,0,34,0,476,0,1,31,92033,2331,0,35,0,0,0,LEADER,1,0,0,34,0,0,0,0,0,0,0,0,0,0,0
94695,96,bully,1744,1,0,0,34,0,476,0,1,96,92951,1744,0,35,0,0,0,LEADER,1,0,0,34,0,0,0,0,0,0,0,0,0,0,0
94778,84,bully,1825,1,0,0,34,0,476,0,1,84,92953,1825,0,35,0,0,0,LEADER,1,0,0,34,0,0,0,0,0,0,0,0,0,0,0
94472,80,bully,1519,1,0,0,34,0,476,0,1,80,92953,1519,0,35,0,0,0,LEADER,1,0,0,34,0,0,0,0,0,0,0,0,0,0,0
94316,53,bully,2283,1,0,0,34,0,476,0,1,53,92033,2283,0,35,0,0,0,LEADER,1,0,0,34,0,0,0,0,0,0,0,0,0,0,0
94391,92,bully,1438,1,0,0,34,0,476,0,1,92,92953,1438,0,35,0,0,0,LEADER,1,0,0,34,0,0,0,0,0,0,0,0,0,0,0
94827,62,bully,1874,1,0,0,34,0,476,0,1,62,92953,1874,0,35,0,0,0,LEADER,1,0,0,34,0,0,0,0,0,0,0,0,0,0,0
94569,91,bully,1619,1,0,0,34,0,476,0,1,91,92950,1619,0,35,0,0,0,LEADER,1,0,0,34,0,0,0,0,0,0,0,0,0,0,0
94524,15,bully,1571,1,0,0,34,0,476,0,1,15,92953,1571,0,35,0,0,0,LEADER,1,0,0,34,0,0,0,0,0,0,0,0,0,0,0
94194,26,bully,2161,1,0,0,34,0,476,0,1,26,92033,2161,0,35,0,0,0,LEADER,1,0,0,34,0,0,0,0,0,0,0,0,0,0,0
94930,49,bully,1977,1,0,0,34,0,476,0,1,49,92953,1977,0,35,0,0,0,LEADER,1,0,0,34,0,0,0,0,0,0,0,0,0,0,0
94745,58,bully,1792,1,0,0,34,0,476,0,1,58,92953,1792,0,35,0,0,0,LEADER,1,0,0,34,0,0,0,0,0,0,0,0,0,0,0
94279,86,bully,2246,1,0,0,34,0,476,0,1,86,92033,2246,0,35,0,0,0,LEADER,1,0,0,34,0,0,0,0,0,0,0,0,0,0,0
94452,50,bully,2419,1,0,0,34,0,476,0,1,50,92033,2419,0,35,0,0,0,LEADER,1,0,0,34,0,0,0,0,0,0,0,0,0,0,0
94304,85,bully,2268,1,0,0,34,0,476,0,1,85,92036,2268,0,35,0,0,0,LEADER,1,0,0,34,0,0,0,0,0,0,0,0,0,0,0
94243,87,bully,2212,1,0,0,34,0,476,0,1,87,92031,2212,0,35,0,0,0,LEADER,1,0,0,34,0,0,0,0,0,0,0,0,0,0,0
94449,64,bully,2416,1,0,0,34,0,476,0,1,64,92033,2416,0,35,0,0,0,LEADER,1,0,0,34,0,0,0,0,0,0,0,0,0,0,0
94387,18,bully,1434,1,0,0,34,0,476,0,1,18,92953,1434,0,35,0,0,0,LEADER,1,0,0,34,0,0,0,0,0,0,0,0,0,0,0
94298,11,bully,2264,1,0,0,34,0,476,0,1,11,92034,2264,0,35,0,0,0,LEADER,1,0,0,34,0,0,0,0,0,0,0,0,0,0,0
94506,90,bully,1553,1,0,0,34,0,476,0,1,90,92953,1553,0,35,0,0,0,LEADER,1,0,0,34,0,0,0,0,0,0,0,0,0,0,0
94400,35,bully,1447,1,0,0,34,0,476,0,1,35,92953,1447,0,35,0,0,0,LEADER,1,0,0,34,0,0,0,0,0,0,0,0,0,0,0
94282,43,bully,2249,1,0,0,34,0,476,0,1,43,92033,2249,0,35,0,0,0,LEADER,1,0,0,34,0,0,0,0,0,0,0,0,0,0,0
94420,28,bully,1467,1,0,0,34,0,476,0,1,28,92953,1467,0,35,0,0,0,LEADER,1,0,0,34,0,0,0,0,0,0,0,0,0,0,0
94259,44,bully,2228,1,0,0,34,0,476,0,1,44,92031,2228,0,35,0,0,0,LEADER,1,0,0,34,0,0,0,0,0,0,0,0,0,0,0
95094,23,bully,2141,1,0,0,34,0,476,0,1,23,92953,2141,0,35,0,0,0,LEADER,1,0,0,34,0,0,0,0,0,0,0,0,0,0,0
94414,30,bully,1461,1,0,0,34,0,476,0,1,30,92953,1461,0,35,0,0,0,LEADER,1,0,0,34,0,0,0,0,0,0,0,0,0,0,0
94812,94,bully,1859,1,0,0,34,0,476,0,1,94,92953,1859,0,35,0,0,0,LEADER,1,0,0,34,0,0,0,0,0,0,0,0,0,0,0
94454,38,bully,1501,1,0,0,34,0,476,0,1,38,92953,1501,0,35,0,0,0,LEADER,1,0,0,34,0,0,0,0,0,0,0,0,0,0,0
95133,66,bully,2180,1,0,0,34,0,476,0,1,66,92953,2180,0,35,0,0,0,LEADER,1,0,0,34,0,0,0,0,0,0,0,0,0,0,0
94439,70,bully,1486,1,0,0,34,0,476,0,1,70,92953,1486,0,35,0,0,0,LEADER,1,0,0,34,0,0,0,0,0,0,0,0,0,0,0
95084,88,bully,2131,1,0,0,34,0,476,0,1,88,92953,2131,0,35,0,0,0,LEADER,1,0,0,34,0,0,0,0,0,0,0,0,0,0,0
94268,75,bully,2235,1,0,0,34,0,476,0,1,75,92033,2235,0,35,0,0,0,LEADER,1,0,0,34,0,0,0,0,0,0,0,0,0,0,0
94276,12,bully,2243,1,0,0,34,0,476,0,1,12,92033,2243,0,35,0,0,0,LEADER,1,0,0,34,0,0,0,0,0,0,0,0,0,0,0
94978,27,bully,2025,1,0,0,34,0,476,0,1,27,92953,2025,0,35,0,0,0,LEADER,1,0,0,34,0,0,0,0,0,0,0,0,0,0,0
94467,42,bully,1514,1,0,0,34,0,476,0,1,42,92953,1514,0,35,0,0,0,LEADER,1,0,0,34,0,0,0,0,0,0,0,0,0,0,0
95114,24,bully,2161,1,0,0,34,0,476,0,1,24,92953,2161,0,35,0,0,0,LEADER,1,0,0,34,0,0,0,0,0,0,0,0,0,0,0
95066,46,bully,2113,1,0,0,34,0,476,0,1,46,92953,2113,0,35,0,0,0,LEADER,1,0,0,34,0,0,0,0,0,0,0,0,0,0,0
94963,59,bully,2010,1,0,0,34,0,476,0,1,59,92953,2010,0,35,0,0,0,LEADER,1,0,0,34,0,0,0,0,0,0,0,0,0,0,0
94590,34,bully,1637,1,0,0,34,0,476,0,1,34,92953,1637,0,35,0,0,0,LEADER,1,0,0,34,0,0,0,0,0,0,0,0,0,0,0
95245,32,bully,2292,1,0,0,34,0,476,0,1,32,92953,2292,0,35,0,0,0,LEADER,1,0,0,34,0,0,0,0,0,0,0,0,0,0,0
94860,72,bully,1907,1,0,0,34,0,476,0,1,72,92953,1907,0,35,0,0,0,LEADER,1,0,0,34,0,0,0,0,0,0,0,0,0,0,0
95272,63,bully,2316,1,0,0,34,0,476,0,1,63,92956,2316,0,35,0,0,0,LEADER,1,0,0,34,0,0,0,0,0,0,0,0,0,0,0
94745,74,bully,1792,1,0,0,34,0,476,0,1,74,92953,1792,0,35,0,0,0,LEADER,1,0,0,34,0,0,0,0,0,0,0,0,0,0,0
94487,48,bully,1534,1,0,0,34,0,476,0,1,48,92953,1534,0,35,0,0,0,LEADER,1,0,0,34,0,0,0,0,0,0,0,0,0,0,0
94948,57,bully,1995,1,0,0,34,0,476,0,1,57,92953,1995,0,35,0,0,0,LEADER,1,0,0,34,0,0,0,0,0,0,0,0,0,0,0
95018,68,bully,2065,1,0,0,34,0,476,0,1,68,92953,2065,0,35,0,0,0,LEADER,1,0,0,34,0,0,0,0,0,0,0,0,0,0,0
94419,45,bully,1466,1,0,0,34,0,476,0,1,45,92953,1466,0,35,0,0,0,LEADER,1,0,0,34,0,0,0,0,0,0,0,0,0,0,0
94776,93,bully,1823,1,0,0,34,0,476,0,1,93,92953,1823,0,35,0,0,0,LEADER,1,0,0,34,0,0,0,0,0,0,0,0,0,0,0
95357,82,bully,2404,1,0,0,34,0,476,0,1,82,92953,2404,0,35,0,0,0,LEADER,1,0,0,34,0,0,0,0,0,0,0,0,0,0,0
95351,51,bully,2398,1,0,0,34,0,476,0,1,51,92953,2398,0,35,0,0,0,LEADER,1,0,0,34,0,0,0,0,0,0,0,0,0,0,0
94896,39,bully,1943,1,0,0,34,0,476,0,1,39,92953,1943,0,35,0,0,0,LEADER,1,0,0,34,0,0,0,0,0,0,0,0,0,0,0
94642,78,bully,1689,1,0,0,34,0,476,0,1,78,92953,1689,0,35,0,0,0,LEADER,1,0,0,34,0,0,0,0,0,0,0,0,0,0,0
95030,79,bully,2077,1,0,0,34,0,476,0,1,79,92953,2077,0,35,0,0,0,LEADER,1,0,0,34,0,0,0,0,0,0,0,0,0,0,0
94605,14,bully,1652,1,0,0,34,0,476,0,1,14,92953,1652,0,35,0,0,0,LEADER,1,0,0,34,0,0,0,0,0,0,0,0,0,0,0
95032,36,bully,2080,1,0,0,34,0,476,0,1,36,92952,2080,0,35,0,0,0,LEADER,1,0,0,34,0,0,0,0,0,0,0,0,0,0,0
94915,81,bully,1962,1,0,0,34,0,476,0,1,81,92953,1962,0,35,0,0,0,LEADER,1,0,0,34,0,0,0,0,0,0,0,0,0,0,0
94575,67,bully,1622,1,0,0,34,0,476,0,1,67,92953,1622,0,35,0,0,0,LEADER,1,0,0,34,0,0,0,0,0,0,0,0,0,0,0
95336,83,bully,2383,1,0,0,34,0,476,0,1,83,92953,2383,0,35,0,0,0,LEADER,1,0,0,34,0,0,0,0,0,0,0,0,0,0,0
95481,99,bully,1607,1,0,0,35,0,490,0,1,99,93874,1607,0,36,0,0,0,LEADER,1,0,0,35,0,0,0,0,0,0,0,0,0,0,0
94657,55,bully,1704,1,0,0,34,0,476,0,1,55,92953,1704,0,35,0,0,0,LEADER,1,0,0,34,0,0,0,0,0,0,0,0,0,0,0
95448,89,bully,1574,1,0,0,35,0,490,0,1,89,93874,1574,0,36,0,0,0,LEADER,1,0,0,35,0,0,0,0,0,0,0,0,0,0,0
94609,77,bully,1656,1,0,0,34,0,476,0,1,77,92953,1656,0,35,0,0,0,LEADER,1,0,0,34,0,0,0,0,0,0,0,0,0,0,0
94881,71,bully,1928,1,0,0,34,0,476,0,1,71,92953,1928,0,35,0,0,0,LEADER,1,0,0,34,0,0,0,0,0,0,0,0,0,0,0
94793,52,bully,1840,1,0,0,34,0,476,0,1,52,92953,1840,0,35,0,0,0,LEADER,1,0,0,34,0,0,0,0,0,0,0,0,0,0,0
95163,76,bully,2213,1,0,0,34,0,476,0,1,76,92950,2213,0,35,0,0,0,LEADER,1,0,0,34,0,0,0,0,0,0,0,0,0,0,0
94760,10,bully,1807,1,0,0,34,0,476,0,1,10,92953,1807,0,35,0,0,0,LEADER,1,0,0,34,0,0,0,0,0,0,0,0,0,0,0
94693,22,bully,1740,1,0,0,34,0,476,0,1,22,92953,1740,0,35,0,0,0,LEADER,1,0,0,34,0,0,0,0,0,0,0,0,0,0,0
94841,21,bully,1889,1,0,0,34,0,476,0,1,21,92952,1889,0,35,0,0,0,LEADER,1,0,0,34,0,0,0,0,0,0,0,0,0,0,0
95099,56,bully,2146,1,0,0,34,0,476,0,1,56,92953,2146,0,35,0,0,0,LEADER,1,0,0,34,0,0,0,0,0,0,0,0,0,0,0
94624,60,bully,1671,1,0,0,34,0,476,0,1,60,92953,1671,0,35,0,0,0,LEADER,1,0,0,34,0,0,0,0,0,0,0,0,0,0,0
95478,25,bully,1604,1,0,0,35,0,490,0,1,25,93874,1604,0,36,0,0,0,LEADER,1,0,0,35,0,0,0,0,0,0,0,0,0,0,0
94690,65,bully,1737,1,0,0,34,0,476,0,1,65,92953,1737,0,35,0,0,0,LEADER,1,0,0,34,0,0,0,0,0,0,0,0,0,0,0
95366,19,bully,2413,1,0,0,34,0,476,0,1,19,92953,2413,0,35,0,0,0,LEADER,1,0,0,34,0,0,0,0,0,0,0,0,0,0,0
94996,69,bully,2043,1,0,0,34,0,476,0,1,69,92953,2043,0,35,0,0,0,LEADER,1,0,0,34,0,0,0,0,0,0,0,0,0,0,0
95599,54,bully,1725,1,0,0,35,0,490,0,1,54,93874,1725,0,36,0,0,0,LEADER,1,0,0,35,0,0,0,0,0,0,0,0,0,0,0
94945,17,bully,1992,1,0,0,34,0,476,0,1,17,92953,1992,0,35,0,0,0,LEADER,1,0,0,34,0,0,0,0,0,0,0,0,0,0,0
95460,100,bully,1586,1,0,0,35,0,490,0,1,100,93874,1586,0,36,0,0,0,LEADER,1,0,0,35,0,0,0,0,0,0,0,0,0,0,0
95423,16,bully,1549,1,0,0,35,0,490,0,1,16,93874,1549,0,36,0,0,0,LEADER,1,0,0,35,0,0,0,0,0,0,0,0,0,0,0
95011,37,bully,2058,1,0,0,34,0,476,0,1,37,92953,2058,0,35,0,0,0,LEADER,1,0,0,34,0,0,0,0,0,0,0,0,0,0,0
95648,13,bully,1774,1,0,0,35,0,490,0,1,13,93874,1774,0,36,0,0,0,LEADER,1,0,0,35,0,0,0,0,0,0,0,0,0,0,0
94808,20,bully,1855,1,0,0,34,0,476,0,1,20,92953,1855,0,35,0,0,0,LEADER,1,0,0,34,0,0,0,0,0,0,0,0,0,0,0
95441,41,bully,1567,1,0,0,35,0,490,0,1,41,93874,1567,0,36,0,0,0,LEADER,1,0,0,35,0,0,0,0,0,0,0,0,0,0,0
95430,47,bully,1556,1,0,0,35,0,490,0,1,47,93874,1556,0,36,0,0,0,LEADER,1,0,0,35,0,0,0,0,0,0,0,0,0,0,0
95255,95,bully,2301,1,0,0,34,0,476,0,1,95,92954,2301,0,35,0,0,0,LEADER,1,0,0,34,0,0,0,0,0,0,0,0,0,0,0
95118,98,bully,2165,1,0,0,34,0,476,0,1,98,92953,2165,0,35,0,0,0,LEADER,1,0,0,34,0,0,0,0,0,0,0,0,0,0,0
95302,73,bully,2349,1,0,0,34,0,476,0,1,73,92953,2349,0,35,0,0,0,LEADER,1,0,0,34,0,0,0,0,0,0,0,0,0,0,0
94848,61,bully,1895,1,0,0,34,0,476,0,1,61,92953,1895,0,35,0,0,0,LEADER,1,0,0,34,0,0,0,0,0,0,0,0,0,0,0
95596,97,bully,1722,1,0,0,35,0,490,0,1,97,93874,1722,0,36,0,0,0,LEADER,1,0,0,35,0,0,0,0,0,0,0,0,0,0,0
95626,33,bully,1752,1,0,0,35,0,490,0,1,33,93874,1752,0,36,0,0,0,LEADER,1,0,0,35,0,0,0,0,0,0,0,0,0,0,0
95284,31,bully,2331,1,0,0,34,0,476,0,1,31,92953,2331,0,35,0,0,0,LEADER,1,0,0,34,0,0,0,0,0,0,0,0,0,0,0
95784,29,bully,1910,1,0,0,35,0,490,0,1,29,93874,1910,0,36,0,0,0,LEADER,1,0,0,35,0,0,0,0,0,0,0,0,0,0,0
95796,40,bully,1922,1,0,0,35,0,490,0,1,40,93874,1922,0,36,0,0,0,LEADER,1,0,0,35,0,0,0,0,0,0,0,0,0,0,0
95616,96,bully,1744,1,0,0,35,0,490,0,1,96,93872,1744,0,36,0,0,0,LEADER,1,0,0,35,0,0,0,0,0,0,0,0,0,0,0
95699,84,bully,1825,1,0,0,35,0,490,0,1,84,93874,1825,0,36,0,0,0,LEADER,1,0,0,35,0,0,0,0,0,0,0,0,0,0,0
95393,80,bully,1519,1,0,0,35,0,490,0,1,80,93874,1519,0,36,0,0,0,LEADER,1,0,0,35,0,0,0,0,0,0,0,0,0,0,0
95236,53,bully,2283,1,0,0,34,0,476,0,1,53,92953,2283,0,35,0,0,0,LEADER,1,0,0,34,0,0,0,0,0,0,0,0,0,0,0
95312,92,bully,1438,1,0,0,35,0,490,0,1,92,93874,1438,0,36,0,0,0,LEADER,1,0,0,35,0,0,0,0,0,0,0,0,0,0,0
95748,62,bully,1874,1,0,0,35,0,490,0,1,62,93874,1874,0,36,0,0,0,LEADER,1,0,0,35,0,0,0,0,0,0,0,0,0,0,0
95489,91,bully,1619,1,0,0,35,0,490,0,1,91,93870,1619,0,36,0,0,0,LEADER,1,0,0,35,0,0,0,0,0,0,0,0,0,0,0
95445,15,bully,1571,1,0,0,35,0,490,0,1,15,93874,1571,0,36,0,0,0,LEADER,1,0,0,35,0,0,0,0,0,0,0,0,0,0,0
95114,26,bully,2161,1,0,0,34,0,476,0,1,26,92953,2161,0,35,0,0,0,LEADER,1,0,0,34,0,0,0,0,0,0,0,0,0,0,0
95851,49,bully,1977,1,0,0,35,0,490,0,1,49,93874,1977,0,36,0,0,0,LEADER,1,0,0,35,0,0,0,0,0,0,0,0,0,0,0
95666,58,bully,1792,1,0,0,35,0,490,0,1,58,93874,1792,0,36,0,0,0,LEADER,1,0,0,35,0,0,0,0,0,0,0,0,0,0,0
95199,86,bully,2246,1,0,0,34,0,476,0,1,86,92953,2246,0,35,0,0,0,LEADER,1,0,0,34,0,0,0,0,0,0,0,0,0,0,0
95372,50,bully,2419,1,0,0,34,0,476,0,1,50,92953,2419,0,35,0,0,0,LEADER,1,0,0,34,0,0,0,0,0,0,0,0,0,0,0
95224,85,bully,2268,1,0,0,34,0,476,0,1,85,92956,2268,0,35,0,0,0,LEADER,1,0,0,34,0,0,0,0,0,0,0,0,0,0,0
95163,87,bully,2212,1,0,0,34,0,476,0,1,87,92951,2212,0,35,0,0,0,LEADER,1,0,0,34,0,0,0,0,0,0,0,0,0,0,0
95369,64,bully,2416,1,0,0,34,0,476,0,1,64,92953,2416,0,35,0,0,0,LEADER,1,0,0,34,0,0,0,0,0,0,0,0,0,0,0
95218,11,bully,2264,1,0,0,34,0,476,0,1,11,92954,2264,0,35,0,0,0,LEADER,1,0,0,34,0,0,0,0,0,0,0,0,0,0,0
95308,18,bully,1434,1,0,0,35,0,490,0,1,18,93874,1434,0,36,0,0,0,LEADER,1,0,0,35,0,0,0,0,0,0,0,0,0,0,0
95550,1,bully,2293,1,0,0,9,8,126,112,1,1,93257,2293,0,8,0,0,0,LEADER,1,0,0,9,0,0,0,8,0,0,0,0,0,0,0
95427,90,bully,1553,1,0,0,35,0,490,0,1,90,93874,1553,0,36,0,0,0,LEADER,1,0,0,35,0,0,0,0,0,0,0,0,0,0,0
95321,35,bully,1447,1,0,0,35,0,490,0,1,35,93874,1447,0,36,0,0,0,LEADER,1,0,0,35,0,0,0,0,0,0,0,0,0,0,0
95202,43,bully,2249,1,0,0,34,0,476,0,1,43,92953,2249,0,35,0,0,0,LEADER,1,0,0,34,0,0,0,0,0,0,0,0,0,0,0
95341,28,bully,1467,1,0,0,35,0,490,0,1,28,93874,1467,0,36,0,0,0,LEADER,1,0,0,35,0,0,0,0,0,0,0,0,0,0,0
95179,44,bully,2228,1,0,0,34,0,476,0,1,44,92951,2228,0,35,0,0,0,LEADER,1,0,0,34,0,0,0,0,0,0,0,0,0,0,0
96015,23,bully,2141,1,0,0,35,0,490,0,1,23,93874,2141,0,36,0,0,0,LEADER,1,0,0,35,0,0,0,0,0,0,0,0,0,0,0
95335,30,bully,1461,1,0,0,35,0,490,0,1,30,93874,1461,0,36,0,0,0,LEADER,1,0,0,35,0,0,0,0,0,0,0,0,0,0,0
95733,94,bully,1859,1,0,0,35,0,490,0,1,94,93874,1859,0,36,0,0,0,LEADER,1,0,0,35,0,0,0,0,0,0,0,0,0,0,0
95375,38,bully,1501,1,0,0,35,0,490,0,1,38,93874,1501,0,36,0,0,0,LEADER,1,0,0,35,0,0,0,0,0,0,0,0,0,0,0
96054,66,bully,2180,1,0,0,35,0,490,0,1,66,93874,2180,0,36,0,0,0,LEADER,1,0,0,35,0,0,0,0,0,0,0,0,0,0,0
95360,70,bully,1486,1,0,0,35,0,490,0,1,70,93874,1486,0,36,0,0,0,LEADER,1,0,0,35,0,0,0,0,0,0,0,0,0,0,0
96005,88,bully,2131,1,0,0,35,0,490,0,1,88,93874,2131,0,36,0,0,0,LEADER,1,0,0,35,0,0,0,0,0,0,0,0,0,0,0
95188,75,bully,2235,1,0,0,34,0,476,0,1,75,92953,2235,0,35,0,0,0,LEADER,1,0,0,34,0,0,0,0,0,0,0,0,0,0,0
95196,12,bully,2243,1,0,0,34,0,476,0,1,12,92953,2243,0,35,0,0,0,LEADER,1,0,0,34,0,0,0,0,0,0,0,0,0,0,0
95899,27,bully,2025,1,0,0,35,0,490,0,1,27,93874,2025,0,36,0,0,0,LEADER,1,0,0,35,0,0,0,0,0,0,0,0,0,0,0
95388,42,bully,1514,1,0,0,35,0,490,0,1,42,93874,1514,0,36,0,0,0,LEADER,1,0,0,35,0,0,0,0,0,0,0,0,0,0,0
96035,24,bully,2161,1,0,0,35,0,490,0,1,24,93874,2161,0,36,0,0,0,LEADER,1,0,0,35,0,0,0,0,0,0,0,0,0,0,0
95987,46,bully,2113,1,0,0,35,0,490,0,1,46,93874,2113,0,36,0,0,0,LEADER,1,0,0,35,0,0,0,0,0,0,0,0,0,0,0
95511,34,bully,1637,1,0,0,35,0,490,0,1,34,93874,1637,0,36,0,0,0,LEADER,1,0,0,35,0,0,0,0,0,0,0,0,0,0,0
95884,59,bully,2010,1,0,0,35,0,490,0,1,59,93874,2010,0,36,0,0,0,LEADER,1,0,0,35,0,0,0,0,0,0,0,0,0,0,0
96166,32,bully,2292,1,0,0,35,0,490,0,1,32,93874,2292,0,36,0,0,0,LEADER,1,0,0,35,0,0,0,0,0,0,0,0,0,0,0
95781,72,bully,1907,1,0,0,35,0,490,0,1,72,93874,1907,0,36,0,0,0,LEADER,1,0,0,35,0,0,0,0,0,0,0,0,0,0,0
96193,63,bully,2316,1,0,0,35,0,490,0,1,63,93877,2316,0,36,0,0,0,LEADER,1,0,0,35,0,0,0,0,0,0,0,0,0,0,0
95666,74,bully,1792,1,0,0,35,0,490,0,1,74,93874,1792,0,36,0,0,0,LEADER,1,0,0,35,0,0,0,0,0,0,0,0,0,0,0
95408,48,bully,1534,1,0,0,35,0,490,0,1,48,93874,1534,0,36,0,0,0,LEADER,1,0,0,35,0,0,0,0,0,0,0,0,0,0,0
95869,57,bully,1995,1,0,0,35,0,490,0,1,57,93874,1995,0,36,0,0,0,LEADER,1,0,0,35,0,0,0,0,0,0,0,0,0,0,0
95939,68,bully,2065,1,0,0,35,0,490,0,1,68,93874,2065,0,36,0,0,0,LEADER,1,0,0,35,0,0,0,0,0,0,0,0,0,0,0
95340,45,bully,1466,1,0,0,35,0,490,0,1,45,93874,1466,0,36,0,0,0,LEADER,1,0,0,35,0,0,0,0,0,0,0,0,0,0,0
95697,93,bully,1823,1,0,0,35,0,490,0,1,93,93874,1823,0,36,0,0,0,LEADER,1,0,0,35,0,0,0,0,0,0,0,0,0,0,0
96278,82,bully,2404,1,0,0,35,0,490,0,1,82,93874,2404,0,36,0,0,0,LEADER,1,0,0,35,0,0,0,0,0,0,0,0,0,0,0
96272,51,bully,2398,1,0,0,35,0,490,0,1,51,93874,2398,0,36,0,0,0,LEADER,1,0,0,35,0,0,0,0,0,0,0,0,0,0,0
95817,39,bully,1943,1,0,0,35,0,490,0,1,39,93874,1943,0,36,0,0,0,LEADER,1,0,0,35,0,0,0,0,0,0,0,0,0,0,0
95563,78,bully,1689,1,0,0,35,0,490,0,1,78,93874,1689,0,36,0,0,0,LEADER,1,0,0,35,0,0,0,0,0,0,0,0,0,0,0
95951,79,bully,2077,1,0,0,35,0,490,0,1,79,93874,2077,0,36,0,0,0,LEADER,1,0,0,35,0,0,0,0,0,0,0,0,0,0,0
95526,14,bully,1652,1,0,0,35,0,490,0,1,14,93874,1652,0,36,0,0,0,LEADER,1,0,0,35,0,0,0,0,0,0,0,0,0,0,0
95953,36,bully,2080,1,0,0,35,0,490,0,1,36,93873,2080,0,36,0,0,0,LEADER,1,0,0,35,0,0,0,0,0,0,0,0,0,0,0
95836,81,bully,1962,1,0,0,35,0,490,0,1,81,93874,1962,0,36,0,0,0,LEADER,1,0,0,35,0,0,0,0,0,0,0,0,0,0,0
95496,67,bully,1622,1,0,0,35,0,490,0,1,67,93874,1622,0,36,0,0,0,LEADER,1,0,0,35,0,0,0,0,0,0,0,0,0,0,0
96257,83,bully,2383,1,0,0,35,0,490,0,1,83,93874,2383,0,36,0,0,0,LEADER,1,0,0,35,0,0,0,0,0,0,0,0,0,0,0
96401,99,bully,1607,1,0,0,35,0,490,0,1,99,94794,1607,0,36,0,0,0,LEADER,1,0,0,35,0,0,0,0,0,0,0,0,0,0,0
95578,55,bully,1704,1,0,0,35,0,490,0,1,55,93874,1704,0,36,0,0,0,LEADER,1,0,0,35,0,0,0,0,0,0,0,0,0,0,0
96368,89,bully,1574,1,0,0,35,0,490,0,1,89,94794,1574,0,36,0,0,0,LEADER,1,0,0,35,0,0,0,0,0,0,0,0,0,0,0
95530,77,bully,1656,1,0,0,35,0,490,0,1,77,93874,1656,0,36,0,0,0,LEADER,1,0,0,35,0,0,0,0,0,0,0,0,0,0,0
95802,71,bully,1928,1,0,0,35,0,490,0,1,71,93874,1928,0,36,0,0,0,LEADER,1,0,0,35,0,0,0,0,0,0,0,0,0,0,0
95714,52,bully,1840,1,0,0,35,0,490,0,1,52,93874,1840,0,36,0,0,0,LEADER,1,0,0,35,0,0,0,0,0,0,0,0,0,0,0
96084,76,bully,2213,1,0,0,35,0,490,0,1,76,93871,2213,0,36,0,0,0,LEADER,1,0,0,35,0,0,0,0,0,0,0,0,0,0,0
95681,10,bully,1807,1,0,0,35,0,490,0,1,10,93874,1807,0,36,0,0,0,LEADER,1,0,0,35,0,0,0,0,0,0,0,0,0,0,0
95614,22,bully,1740,1,0,0,35,0,490,0,1,22,93874,1740,0,36,0,0,0,LEADER,1,0,0,35,0,0,0,0,0,0,0,0,0,0,0
95762,21,bully,1889,1,0,0,35,0,490,0,1,21,93873,1889,0,36,0,0,0,LEADER,1,0,0,35,0,0,0,0,0,0,0,0,0,0,0
96020,56,bully,2146,1,0,0,35,0,490,0,1,56,93874,2146,0,36,0,0,0,LEADER,1,0,0,35,0,0,0,0,0,0,0,0,0,0,0
95545,60,bully,1671,1,0,0,35,0,490,0,1,60,93874,1671,0,36,0,0,0,LEADER,1,0,0,35,0,0,0,0,0,0,0,0,0,0,0
96398,25,bully,1604,1,0,0,35,0,490,0,1,25,94794,1604,0,36,0,0,0,LEADER,1,0,0,35,0,0,0,0,0,0,0,0,0,0,0
95611,65,bully,1737,1,0,0,35,0,490,0,1,65,93874,1737,0,36,0,0,0,LEADER,1,0,0,35,0,0,0,0,0,0,0,0,0,0,0
96287,19,bully,2413,1,0,0,35,0,490,0,1,19,93874,2413,0,36,0,0,0,LEADER,1,0,0,35,0,0,0,0,0,0,0,0,0,0,0
95917,69,bully,2043,1,0,0,35,0,490,0,1,69,93874,2043,0,36,0,0,0,LEADER,1,0,0,35,0,0,0,0,0,0,0,0,0,0,0
96519,54,bully,1725,1,0,0,35,0,490,0,1,54,94794,1725,0,36,0,0,0,LEADER,1,0,0,35,0,0,0,0,0,0,0,0,0,0,0
95866,17,bully,1992,1,0,0,35,0,490,0,1,17,93874,1992,0,36,0,0,0,LEADER,1,0,0,35,0,0,0,0,0,0,0,0,0,0,0
96380,100,bully,1586,1,0,0,35,0,490,0,1,100,94794,1586,0,36,0,0,0,LEADER,1,0,0,35,0,0,0,0,0,0,0,0,0,0,0
96343,16,bully,1549,1,0,0,35,0,490,0,1,16,94794,1549,0,36,0,0,0,LEADER,1,0,0,35,0,0,0,0,0,0,0,0,0,0,0
95932,37,bully,2058,1,0,0,35,0,490,0,1,37,93874,2058,0,36,0,0,0,LEADER,1,0,0,35,0,0,0,0,0,0,0,0,0,0,0
96568,13,bully,1774,1,0,0,35,0,490,0,1,13,94794,1774,0,36,0,0,0,LEADER,1,0,0,35,0,0,0,0,0,0,0,0,0,0,0
95729,20,bully,1855,1,0,0,35,0,490,0,1,20,93874,1855,0,36,0,0,0,LEADER,1,0,0,35,0,0,0,0,0,0,0,0,0,0,0
96361,41,bully,1567,1,0,0,35,0,490,0,1,41,94794,1567,0,36,0,0,0,LEADER,1,0,0,35,0,0,0,0,0,0,0,0,0,0,0
96350,47,bully,1556,1,0,0,35,0,490,0,1,47,94794,1556,0,36,0,0,0,LEADER,1,0,0,35,0,0,0,0,0,0,0,0,0,0,0
96176,95,bully,2301,1,0,0,35,0,490,0,1,95,93875,2301,0,36,0,0,0,LEADER,1,0,0,35,0,0,0,0,0,0,0,0,0,0,0
96039,98,bully,2165,1,0,0,35,0,490,0,1,98,93874,2165,0,36,0,0,0,LEADER,1,0,0,35,0,0,0,0,0,0,0,0,0,0,0
96223,73,bully,2349,1,0,0,35,0,490,0,1,73,93874,2349,0,36,0,0,0,LEADER,1,0,0,35,0,0,0,0,0,0,0,0,0,0,0
96546,33,bully,1752,1,0,0,35,0,490,0,1,33,94794,1752,0,36,0,0,0,LEADER,1,0,0,35,0,0,0,0,0,0,0,0,0,0,0
95769,61,bully,1895,1,0,0,35,0,490,0,1,61,93874,1895,0,36,0,0,0,LEADER,1,0,0,35,0,0,0,0,0,0,0,0,0,0,0
96516,97,bully,1722,1,0,0,35,0,490,0,1,97,94794,1722,0,36,0,0,0,LEADER,1,0,0,35,0,0,0,0,0,0,0,0,0,0,0
96704,29,bully,1910,1,0,0,35,0,490,0,1,29,94794,1910,0,36,0,0,0,LEADER,1,0,0,35,0,0,0,0,0,0,0,0,0,0,0
96716,40,bully,1922,1,0,0,35,0,490,0,1,40,94794,1922,0,36,0,0,0,LEADER,1,0,0,35,0,0,0,0,0,0,0,0,0,0,0
96205,31,bully,2331,1,0,0,35,0,490,0,1,31,93874,2331,0,36,0,0,0,LEADER,1,0,0,35,0,0,0,0,0,0,0,0,0,0,0
96536,96,bully,1744,1,0,0,35,0,490,0,1,96,94792,1744,0,36,0,0,0,LEADER,1,0,0,35,0,0,0,0,0,0,0,0,0,0,0
96619,84,bully,1825,1,0,0,35,0,490,0,1,84,94794,1825,0,36,0,0,0,LEADER,1,0,0,35,0,0,0,0,0,0,0,0,0,0,0
96313,80,bully,1519,1,0,0,35,0,490,0,1,80,94794,1519,0,36,0,0,0,LEADER,1,0,0,35,0,0,0,0,0,0,0,0,0,0,0
96157,53,bully,2283,1,0,0,35,0,490,0,1,53,93874,2283,0,36,0,0,0,LEADER,1,0,0,35,0,0,0,0,0,0,0,0,0,0,0
96232,92,bully,1438,1,0,0,35,0,490,0,1,92,94794,1438,0,36,0,0,0,LEADER,1,0,0,35,0,0,0,0,0,0,0,0,0,0,0
96668,62,bully,1874,1,0,0,35,0,490,0,1,62,94794,1874,0,36,0,0,0,LEADER,1,0,0,35,0,0,0,0,0,0,0,0,0,0,0
96409,91,bully,1619,1,0,0,35,0,490,0,1,91,94790,1619,0,36,0,0,0,LEADER,1,0,0,35,0,0,0,0,0,0,0,0,0,0,0
96365,15,bully,1571,1,0,0,35,0,490,0,1,15,94794,1571,0,36,0,0,0,LEADER,1,0,0,35,0,0,0,0,0,0,0,0,0,0,0
96035,26,bully,2161,1,0,0,35,0,490,0,1,26,93874,2161,0,36,0,0,0,LEADER,1,0,0,35,0,0,0,0,0,0,0,0,0,0,0
96771,49,bully,1977,1,0,0,35,0,490,0,1,49,94794,1977,0,36,0,0,0,LEADER,1,0,0,35,0,0,0,0,0,0,0,0,0,0,0
96586,58,bully,1792,1,0,0,35,0,490,0,1,58,94794,1792,0,36,0,0,0,LEADER,1,0,0,35,0,0,0,0,0,0,0,0,0,0,0
96120,86,bully,2246,1,0,0,35,0,490,0,1,86,93874,2246,0,36,0,0,0,LEADER,1,0,0,35,0,0,0,0,0,0,0,0,0,0,0
96293,50,bully,2419,1,0,0,35,0,490,0,1,50,93874,2419,0,36,0,0,0,LEADER,1,0,0,35,0,0,0,0,0,0,0,0,0,0,0
96145,85,bully,2268,1,0,0,35,0,490,0,1,85,93877,2268,0,36,0,0,0,LEADER,1,0,0,35,0,0,0,0,0,0,0,0,0,0,0
96084,87,bully,2212,1,0,0,35,0,490,0,1,87,93872,2212,0,36,0,0,0,LEADER,1,0,0,35,0,0,0,0,0,0,0,0,0,0,0
96290,64,bully,2416,1,0,0,35,0,490,0,1,64,93874,2416,0,36,0,0,0,LEADER,1,0,0,35,0,0,0,0,0,0,0,0,0,0,0
96228,18,bully,1434,1,0,0,35,0,490,0,1,18,94794,1434,0,36,0,0,0,LEADER,1,0,0,35,0,0,0,0,0,0,0,0,0,0,0
96139,11,bully,2264,1,0,0,35,0,490,0,1,11,93875,2264,0,36,0,0,0,LEADER,1,0,0,35,0,0,0,0,0,0,0,0,0,0,0
96347,90,bully,1553,1,0,0,35,0,490,0,1,90,94794,1553,0,36,0,0,0,LEADER,1,0,0,35,0,0,0,0,0,0,0,0,0,0,0
96241,35,bully,1447,1,0,0,35,0,490,0,1,35,94794,1447,0,36,0,0,0,LEADER,1,0,0,35,0,0,0,0,0,0,0,0,0,0,0
96123,43,bully,2249,1,0,0,35,0,490,0,1,43,93874,2249,0,36,0,0,0,LEADER,1,0,0,35,0,0,0,0,0,0,0,0,0,0,0
96261,28,bully,1467,1,0,0,35,0,490,0,1,28,94794,1467,0,36,0,0,0,LEADER,1,0,0,35,0,0,0,0,0,0,0,0,0,0,0
96100,44,bully,2228,1,0,0,35,0,490,0,1,44,93872,2228,0,36,0,0,0,LEADER,1,0,0,35,0,0,0,0,0,0,0,0,0,0,0
96935,23,bully,2141,1,0,0,35,0,490,0,1,23,94794,2141,0,36,0,0,0,LEADER,1,0,0,35,0,0,0,0,0,0,0,0,0,0,0
96255,30,bully,1461,1,0,0,35,0,490,0,1,30,94794,1461,0,36,0,0,0,LEADER,1,0,0,35,0,0,0,0,0,0,0,0,0,0,0
96653,94,bully,1859,1,0,0,35,0,490,0,1,94,94794,1859,0,36,0,0,0,LEADER,1,0,0,35,0,0,0,0,0,0,0,0,0,0,0
96295,38,bully,1501,1,0,0,35,0,490,0,1,38,94794,1501,0,36,0,0,0,LEADER,1,0,0,35,0,0,0,0,0,0,0,0,0,0,0
96974,66,bully,2180,1,0,0,35,0,490,0,1,66,94794,2180,0,36,0,0,0,LEADER,1,0,0,35,0,0,0,0,0,0,0,0,0,0,0
96280,70,bully,1486,1,0,0,35,0,490,0,1,70,94794,1486,0,36,0,0,0,LEADER,1,0,0,35,0,0,0,0,0,0,0,0,0,0,0
96925,88,bully,2131,1,0,0,35,0,490,0,1,88,94794,2131,0,36,0,0,0,LEADER,1,0,0,35,0,0,0,0,0,0,0,0,0,0,0
96109,75,bully,2235,1,0,0,35,0,490,0,1,75,93874,2235,0,36,0,0,0,LEADER,1,0,0,35,0,0,0,0,0,0,0,0,0,0,0
96117,12,bully,2243,1,0,0,35,0,490,0,1,12,93874,2243,0,36,0,0,0,LEADER,1,0,0,35,0,0,0,0,0,0,0,0,0,0,0
96819,27,bully,2025,1,0,0,35,0,490,0,1,27,94794,2025,0,36,0,0,0,LEADER,1,0,0,35,0,0,0,0,0,0,0,0,0,0,0
96308,42,bully,1514,1,0,0,35,0,490,0,1,42,94794,1514,0,36,0,0,0,LEADER,1,0,0,35,0,0,0,0,0,0,0,0,0,0,0
96955,24,bully,2161,1,0,0,35,0,490,0,1,24,94794,2161,0,36,0,0,0,LEADER,1,0,0,35,0,0,0,0,0,0,0,0,0,0,0
96907,46,bully,2113,1,0,0,35,0,490,0,1,46,94794,2113,0,36,0,0,0,LEADER,1,0,0,35,0,0,0,0,0,0,0,0,0,0,0
96804,59,bully,2010,1,0,0,35,0,490,0,1,59,94794,2010,0,36,0,0,0,LEADER,1,0,0,35,0,0,0,0,0,0,0,0,0,0,0
96431,34,bully,1637,1,0,0,35,0,490,0,1,34,94794,1637,0,36,0,0,0,LEADER,1,0,0,35,0,0,0,0,0,0,0,0,0,0,0
97086,32,bully,2292,1,0,0,35,0,490,0,1,32,94794,2292,0,36,0,0,0,LEADER,1,0,0,35,0,0,0,0,0,0,0,0,0,0,0
96701,72,bully,1907,1,0,0,35,0,490,0,1,72,94794,1907,0,36,0,0,0,LEADER,1,0,0,35,0,0,0,0,0,0,0,0,0,0,0
97113,63,bully,2316,1,0,0,35,0,490,0,1,63,94797,2316,0,36,0,0,0,LEADER,1,0,0,35,0,0,0,0,0,0,0,0,0,0,0
96586,74,bully,1792,1,0,0,35,0,490,0,1,74,94794,1792,0,36,0,0,0,LEADER,1,0,0,35,0,0,0,0,0,0,0,0,0,0,0
96328,48,bully,1534,1,0,0,35,0,490,0,1,48,94794,1534,0,36,0,0,0,LEADER,1,0,0,35,0,0,0,0,0,0,0,0,0,0,0
96789,57,bully,1995,1,0,0,35,0,490,0,1,57,94794,1995,0,36,0,0,0,LEADER,1,0,0,35,0,0,0,0,0,0,0,0,0,0,0
96859,68,bully,2065,1,0,0,35,0,490,0,1,68,94794,2065,0,36,0,0,0,LEADER,1,0,0,35,0,0,0,0,0,0,0,0,0,0,0
96260,45,bully,1466,1,0,0,35,0,490,0,1,45,94794,1466,0,36,0,0,0,LEADER,1,0,0,35,0,0,0,0,0,0,0,0,0,0,0
96617,93,bully,1823,1,0,0,35,0,490,0,1,93,94794,1823,0,36,0,0,0,LEADER,1,0,0,35,0,0,0,0,0,0,0,0,0,0,0
97198,82,bully,2404,1,0,0,35,0,490,0,1,82,94794,2404,0,36,0,0,0,LEADER,1,0,0,35,0,0,0,0,0,0,0,0,0,0,0
97192,51,bully,2398,1,0,0,35,0,490,0,1,51,94794,2398,0,36,0,0,0,LEADER,1,0,0,35,0,0,0,0,0,0,0,0,0,0,0
96737,39,bully,1943,1,0,0,35,0,490,0,1,39,94794,1943,0,36,0,0,0,LEADER,1,0,0,35,0,0,0,0,0,0,0,0,0,0,0
96483,78,bully,1689,1,0,0,35,0,490,0,1,78,94794,1689,0,36,0,0,0,LEADER,1,0,0,35,0,0,0,0,0,0,0,0,0,0,0
96871,79,bully,2077,1,0,0,35,0,490,0,1,79,94794,2077,0,36,0,0,0,LEADER,1,0,0,35,0,0,0,0,0,0,0,0,0,0,0
96446,14,bully,1652,1,0,0,35,0,490,0,1,14,94794,1652,0,36,0,0,0,LEADER,1,0,0,35,0,0,0,0,0,0,0,0,0,0,0
96873,36,bully,2080,1,0,0,35,0,490,0,1,36,94793,2080,0,36,0,0,0,LEADER,1,0,0,35,0,0,0,0,0,0,0,0,0,0,0
96756,81,bully,1962,1,0,0,35,0,490,0,1,81,94794,1962,0,36,0,0,0,LEADER,1,0,0,35,0,0,0,0,0,0,0,0,0,0,0
96416,67,bully,1622,1,0,0,35,0,490,0,1,67,94794,1622,0,36,0,0,0,LEADER,1,0,0,35,0,0,0,0,0,0,0,0,0,0,0
97177,83,bully,2383,1,0,0,35,0,490,0,1,83,94794,2383,0,36,0,0,0,LEADER,1,0,0,35,0,0,0,0,0,0,0,0,0,0,0
97321,99,bully,1607,1,0,0,35,0,490,0,1,99,95714,1607,0,36,0,0,0,LEADER,1,0,0,35,0,0,0,0,0,0,0,0,0,0,0
96498,55,bully,1704,1,0,0,35,0,490,0,1,55,94794,1704,0,36,0,0,0,LEADER,1,0,0,35,0,0,0,0,0,0,0,0,0,0,0
97288,89,bully,1574,1,0,0,35,0,490,0,1,89,95714,1574,0,36,0,0,0,LEADER,1,0,0,35,0,0,0,0,0,0,0,0,0,0,0
96450,77,bully,1656,1,0,0,35,0,490,0,1,77,94794,1656,0,36,0,0,0,LEADER,1,0,0,35,0,0,0,0,0,0,0,0,0,0,0
96722,71,bully,1928,1,0,0,35,0,490,0,1,71,94794,1928,0,36,0,0,0,LEADER,1,0,0,35,0,0,0,0,0,0,0,0,0,0,0
96634,52,bully,1840,1,0,0,35,0,490,0,1,52,94794,1840,0,36,0,0,0,LEADER,1,0,0,35,0,0,0,0,0,0,0,0,0,0,0
97004,76,bully,2213,1,0,0,35,0,490,0,1,76,94791,2213,0,36,0,0,0,LEADER,1,0,0,35,0,0,0,0,0,0,0,0,0,0,0
96601,10,bully,1807,1,0,0,35,0,490,0,1,10,94794,1807,0,36,0,0,0,LEADER,1,0,0,35,0,0,0,0,0,0,0,0,0,0,0
96534,22,bully,1740,1,0,0,35,0,490,0,1,22,94794,1740,0,36,0,0,0,LEADER,1,0,0,35,0,0,0,0,0,0,0,0,0,0,0
96682,21,bully,1889,1,0,0,35,0,490,0,1,21,94793,1889,0,36,0,0,0,LEADER,1,0,0,35,0,0,0,0,0,0,0,0,0,0,0
96940,56,bully,2146,1,0,0,35,0,490,0,1,56,94794,2146,0,36,0,0,0,LEADER,1,0,0,35,0,0,0,0,0,0,0,0,0,0,0
96465,60,bully,1671,1,0,0,35,0,490,0,1,60,94794,1671,0,36,0,0,0,LEADER,1,0,0,35,0,0,0,0,0,0,0,0,0,0,0
97318,25,bully,1604,1,0,0,35,0,490,0,1,25,95714,1604,0,36,0,0,0,LEADER,1,0,0,35,0,0,0,0,0,0,0,0,0,0,0
96531,65,bully,1737,1,0,0,35,0,490,0,1,65,94794,1737,0,36,0,0,0,LEADER,1,0,0,35,0,0,0,0,0,0,0,0,0,0,0
97207,19,bully,2413,1,0,0,35,0,490,0,1,19,94794,2413,0,36,0,0,0,LEADER,1,0,0,35,0,0,0,0,0,0,0,0,0,0,0
96837,69,bully,2043,1,0,0,35,0,490,0,1,69,94794,2043,0,36,0,0,0,LEADER,1,0,0,35,0,0,0,0,0,0,0,0,0,0,0
97439,54,bully,1725,1,0,0,35,0,490,0,1,54,95714,1725,0,36,0,0,0,LEADER,1,0,0,35,0,0,0,0,0,0,0,0,0,0,0
96786,17,bully,1992,1,0,0,35,0,490,0,1,17,94794,1992,0,36,0,0,0,LEADER,1,0,0,35,0,0,0,0,0,0,0,0,0,0,0
97300,100,bully,1586,1,0,0,35,0,490,0,1,100,95714,1586,0,36,0,0,0,LEADER,1,0,0,35,0,0,0,0,0,0,0,0,0,0,0
97263,16,bully,1549,1,0,0,35,0,490,0,1,16,95714,1549,0,36,0,0,0,LEADER,1,0,0,35,0,0,0,0,0,0,0,0,0,0,0
96852,37,bully,2058,1,0,0,35,0,490,0,1,37,94794,2058,0,36,0,0,0,LEADER,1,0,0,35,0,0,0,0,0,0,0,0,0,0,0
97488,13,bully,1774,1,0,0,35,0,490,0,1,13,95714,1774,0,36,0,0,0,LEADER,1,0,0,35,0,0,0,0,0,0,0,0,0,0,0
96649,20,bully,1855,1,0,0,35,0,490,0,1,20,94794,1855,0,36,0,0,0,LEADER,1,0,0,35,0,0,0,0,0,0,0,0,0,0,0
97281,41,bully,1567,1,0,0,35,0,490,0,1,41,95714,1567,0,36,0,0,0,LEADER,1,0,0,35,0,0,0,0,0,0,0,0,0,0,0
97270,47,bully,1556,1,0,0,35,0,490,0,1,47,95714,1556,0,36,0,0,0,LEADER,1,0,0,35,0,0,0,0,0,0,0,0,0,0,0
97096,95,bully,2301,1,0,0,35,0,490,0,1,95,94795,2301,0,36,0,0,0,LEADER,1,0,0,35,0,0,0,0,0,0,0,0,0,0,0
96959,98,bully,2165,1,0,0,35,0,490,0,1,98,94794,2165,0,36,0,0,0,LEADER,1,0,0,35,0,0,0,0,0,0,0,0,0,0,0
97143,73,bully,2349,1,0,0,35,0,490,0,1,73,94794,2349,0,36,0,0,0,LEADER,1,0,0,35,0,0,0,0,0,0,0,0,0,0,0
97466,33,bully,1752,1,0,0,35,0,490,0,1,33,95714,1752,0,36,0,0,0,LEADER,1,0,0,35,0,0,0,0,0,0,0,0,0,0,0
96689,61,bully,1895,1,0,0,35,0,490,0,1,61,94794,1895,0,36,0,0,0,LEADER,1,0,0,35,0,0,0,0,0,0,0,0,0,0,0
97436,97,bully,1722,1,0,0,35,0,490,0,1,97,95714,1722,0,36,0,0,0,LEADER,1,0,0,35,0,0,0,0,0,0,0,0,0,0,0
97624,29,bully,1910,1,0,0,35,0,490,0,1,29,95714,1910,0,36,0,0,0,LEADER,1,0,0,35,0,0,0,0,0,0,0,0,0,0,0
97636,40,bully,1922,1,0,0,35,0,490,0,1,40,95714,1922,0,36,0,0,0,LEADER,1,0,0,35,0,0,0,0,0,0,0,0,0,0,0
97125,31,bully,2331,1,0,0,35,0,490,0,1,31,94794,2331,0,36,0,0,0,LEADER,1,0,0,35,0,0,0,0,0,0,0,0,0,0,0
97456,96,bully,1744,1,0,0,35,0,490,0,1,96,95712,1744,0,36,0,0,0,LEADER,1,0,0,35,0,0,0,0,0,0,0,0,0,0,0
97539,84,bully,1825,1,0,0,35,0,490,0,1,84,95714,1825,0,36,0,0,0,LEADER,1,0,0,35,0,0,0,0,0,0,0,0,0,0,0
97233,80,bully,1519,1,0,0,35,0,490,0,1,80,95714,1519,0,36,0,0,0,LEADER,1,0,0,35,0,0,0,0,0,0,0,0,0,0,0
97077,53,bully,2283,1,0,0,35,0,490,0,1,53,94794,2283,0,36,0,0,0,LEADER,1,0,0,35,0,0,0,0,0,0,0,0,0,0,0
97152,92,bully,1438,1,0,0,35,0,490,0,1,92,95714,1438,0,36,0,0,0,LEADER,1,0,0,35,0,0,0,0,0,0,0,0,0,0,0
97588,62,bully,1874,1,0,0,35,0,490,0,1,62,95714,1874,0,36,0,0,0,LEADER,1,0,0,35,0,0,0,0,0,0,0,0,0,0,0
97329,91,bully,1619,1,0,0,35,0,490,0,1,91,95710,1619,0,36,0,0,0,LEADER,1,0,0,35,0,0,0,0,0,0,0,0,0,0,0
97285,15,bully,1571,1,0,0,35,0,490,0,1,15,95714,1571,0,36,0,0,0,LEADER,1,0,0,35,0,0,0,0,0,0,0,0,0,0,0
96955,26,bully,2161,1,0,0,35,0,490,0,1,26,94794,2161,0,36,0,0,0,LEADER,1,0,0,35,0,0,0,0,0,0,0,0,0,0,0
97691,49,bully,1977,1,0,0,35,0,490,0,1,49,95714,1977,0,36,0,0,0,LEADER,1,0,0,35,0,0,0,0,0,0,0,0,0,0,0
97506,58,bully,1792,1,0,0,35,0,490,0,1,58,95714,1792,0,36,0,0,0,LEADER,1,0,0,35,0,0,0,0,0,0,0,0,0,0,0
97040,86,bully,2246,1,0,0,35,0,490,0,1,86,94794,2246,0,36,0,0,0,LEADER,1,0,0,35,0,0,0,0,0,0,0,0,0,0,0
97213,50,bully,2419,1,0,0,35,0,490,0,1,50,94794,2419,0,36,0,0,0,LEADER,1,0,0,35,0,0,0,0,0,0,0,0,0,0,0
97065,85,bully,2268,1,0,0,35,0,490,0,1,85,94797,2268,0,36,0,0,0,LEADER,1,0,0,35,0,0,0,0,0,0,0,0,0,0,0
97004,87,bully,2212,1,0,0,35,0,490,0,1,87,94792,2212,0,36,0,0,0,LEADER,1,0,0,35,0,0,0,0,0,0,0,0,0,0,0
97210,64,bully,2416,1,0,0,35,0,490,0,1,64,94794,2416,0,36,0,0,0,LEADER,1,0,0,35,0,0,0,0,0,0,0,0,0,0,0
97148,18,bully,1434,1,0,0,35,0,490,0,1,18,95714,1434,0,36,0,0,0,LEADER,1,0,0,35,0,0,0,0,0,0,0,0,0,0,0
97059,11,bully,2264,1,0,0,35,0,490,0,1,11,94795,2264,0,36,0,0,0,LEADER,1,0,0,35,0,0,0,0,0,0,0,0,0,0,0
97267,90,bully,1553,1,0,0,35,0,490,0,1,90,95714,1553,0,36,0,0,0,LEADER,1,0,0,35,0,0,0,0,0,0,0,0,0,0,0
97161,35,bully,1447,1,0,0,35,0,490,0,1,35,95714,1447,0,36,0,0,0,LEADER,1,0,0,35,0,0,0,0,0,0,0,0,0,0,0
97043,43,bully,2249,1,0,0,35,0,490,0,1,43,94794,2249,0,36,0,0,0,LEADER,1,0,0,35,0,0,0,0,0,0,0,0,0,0,0
97181,28,bully,1467,1,0,0,35,0,490,0,1,28,95714,1467,0,36,0,0,0,LEADER,1,0,0,35,0,0,0,0,0,0,0,0,0,0,0
97020,44,bully,2228,1,0,0,35,0,490,0,1,44,94792,2228,0,36,0,0,0,LEADER,1,0,0,35,0,0,0,0,0,0,0,0,0,0,0
97855,23,bully,2141,1,0,0,35,0,490,0,1,23,95714,2141,0,36,0,0,0,LEADER,1,0,0,35,0,0,0,0,0,0,0,0,0,0,0
97175,30,bully,1461,1,0,0,35,0,490,0,1,30,95714,1461,0,36,0,0,0,LEADER,1,0,0,35,0,0,0,0,0,0,0,0,0,0,0
97573,94,bully,1859,1,0,0,35,0,490,0,1,94,95714,1859,0,36,0,0,0,LEADER,1,0,0,35,0,0,0,0,0,0,0,0,0,0,0
97215,38,bully,1501,1,0,0,35,0,490,0,1,38,95714,1501,0,36,0,0,0,LEADER,1,0,0,35,0,0,0,0,0,0,0,0,0,0,0
97894,66,bully,2180,1,0,0,35,0,490,0,1,66,95714,2180,0,36,0,0,0,LEADER,1,0,0,35,0,0,0,0,0,0,0,0,0,0,0
97200,70,bully,1486,1,0,0,35,0,490,0,1,70,95714,1486,0,36,0,0,0,LEADER,1,0,0,35,0,0,0,0,0,0,0,0,0,0,0
97845,88,bully,2131,1,0,0,35,0,490,0,1,88,95714,2131,0,36,0,0,0,LEADER,1,0,0,35,0,0,0,0,0,0,0,0,0,0,0
97029,75,bully,2235,1,0,0,35,0,490,0,1,75,94794,2235,0,36,0,0,0,LEADER,1,0,0,35,0,0,0,0,0,0,0,0,0,0,0
97037,12,bully,2243,1,0,0,35,0,490,0,1,12,94794,2243,0,36,0,0,0,LEADER,1,0,0,35,0,0,0,0,0,0,0,0,0,0,0
97739,27,bully,2025,1,0,0,35,0,490,0,1,27,95714,2025,0,36,0,0,0,LEADER,1,0,0,35,0,0,0,0,0,0,0,0,0,0,0
97228,42,bully,1514,1,0,0,35,0,490,0,1,42,95714,1514,0,36,0,0,0,LEADER,1,0,0,35,0,0,0,0,0,0,0,0,0,0,0
97875,24,bully,2161,1,0,0,35,0,490,0,1,24,95714,2161,0,36,0,0,0,LEADER,1,0,0,35,0,0,0,0,0,0,0,0,0,0,0
97827,46,bully,2113,1,0,0,35,0,490,0,1,46,95714,2113,0,36,0,0,0,LEADER,1,0,0,35,0,0,0,0,0,0,0,0,0,0,0
97724,59,bully,2010,1,0,0,35,0,490,0,1,59,95714,2010,0,36,0,0,0,LEADER,1,0,0,35,0,0,0,0,0,0,0,0,0,0,0
97351,34,bully,1637,1,0,0,35,0,490,0,1,34,95714,1637,0,36,0,0,0,LEADER,1,0,0,35,0,0,0,0,0,0,0,0,0,0,0
98006,32,bully,2292,1,0,0,35,0,490,0,1,32,95714,2292,0,36,0,0,0,LEADER,1,0,0,35,0,0,0,0,0,0,0,0,0,0,0
97621,72,bully,1907,1,0,0,35,0,490,0,1,72,95714,1907,0,36,0,0,0,LEADER,1,0,0,35,0,0,0,0,0,0,0,0,0,0,0
98033,63,bully,2316,1,0,0,35,0,490,0,1,63,95717,2316,0,36,0,0,0,LEADER,1,0,0,35,0,0,0,0,0,0,0,0,0,0,0
97506,74,bully,1792,1,0,0,35,0,490,0,1,74,95714,1792,0,36,0,0,0,LEADER,1,0,0,35,0,0,0,0,0,0,0,0,0,0,0
97248,48,bully,1534,1,0,0,35,0,490,0,1,48,95714,1534,0,36,0,0,0,LEADER,1,0,0,35,0,0,0,0,0,0,0,0,0,0,0
97709,57,bully,1995,1,0,0,35,0,490,0,1,57,95714,1995,0,36,0,0,0,LEADER,1,0,0,35,0,0,0,0,0,0,0,0,0,0,0
97779,68,bully,2065,1,0,0,35,0,490,0,1,68,95714,2065,0,36,0,0,0,LEADER,1,0,0,35,0,0,0,0,0,0,0,0,0,0,0
97180,45,bully,1466,1,0,0,35,0,490,0,1,45,95714,1466,0,36,0,0,0,LEADER,1,0,0,35,0,0,0,0,0,0,0,0,0,0,0
97537,93,bully,1823,1,0,0,35,0,490,0,1,93,95714,1823,0,36,0,0,0,LEADER,1,0,0,35,0,0,0,0,0,0,0,0,0,0,0
98118,82,bully,2404,1,0,0,35,0,490,0,1,82,95714,2404,0,36,0,0,0,LEADER,1,0,0,35,0,0,0,0,0,0,0,0,0,0,0
98112,51,bully,2398,1,0,0,35,0,490,0,1,51,95714,2398,0,36,0,0,0,LEADER,1,0,0,35,0,0,0,0,0,0,0,0,0,0,0
97657,39,bully,1943,1,0,0,35,0,490,0,1,39,95714,1943,0,36,0,0,0,LEADER,1,0,0,35,0,0,0,0,0,0,0,0,0,0,0
97403,78,bully,1689,1,0,0,35,0,490,0,1,78,95714,1689,0,36,0,0,0,LEADER,1,0,0,35,0,0,0,0,0,0,0,0,0,0,0
97791,79,bully,2077,1,0,0,35,0,490,0,1,79,95714,2077,0,36,0,0,0,LEADER,1,0,0,35,0,0,0,0,0,0,0,0,0,0,0
97366,14,bully,1652,1,0,0,35,0,490,0,1,14,95714,1652,0,36,0,0,0,LEADER,1,0,0,35,0,0,0,0,0,0,0,0,0,0,0
97793,36,bully,2080,1,0,0,35,0,490,0,1,36,95713,2080,0,36,0,0,0,LEADER,1,0,0,35,0,0,0,0,0,0,0,0,0,0,0
97676,81,bully,1962,1,0,0,35,0,490,0,1,81,95714,1962,0,36,0,0,0,LEADER,1,0,0,35,0,0,0,0,0,0,0,0,0,0,0
97336,67,bully,1622,1,0,0,35,0,490,0,1,67,95714,1622,0,36,0,0,0,LEADER,1,0,0,35,0,0,0,0,0,0,0,0,0,0,0
98097,83,bully,2383,1,0,0,35,0,490,0,1,83,95714,2383,0,36,0,0,0,LEADER,1,0,0,35,0,0,0,0,0,0,0,0,0,0,0
98242,99,bully,1607,1,0,0,36,0,504,0,1,99,96635,1607,0,37,0,0,0,LEADER,1,0,0,36,0,0,0,0,0,0,0,0,0,0,0
97418,55,bully,1704,1,0,0,35,0,490,0,1,55,95714,1704,0,36,0,0,0,LEADER,1,0,0,35,0,0,0,0,0,0,0,0,0,0,0
98209,89,bully,1574,1,0,0,36,0,504,0,1,89,96635,1574,0,37,0,0,0,LEADER,1,0,0,36,0,0,0,0,0,0,0,0,0,0,0
97370,77,bully,1656,1,0,0,35,0,490,0,1,77,95714,1656,0,36,0,0,0,LEADER,1,0,0,35,0,0,0,0,0,0,0,0,0,0,0
97642,71,bully,1928,1,0,0,35,0,490,0,1,71,95714,1928,0,36,0,0,0,LEADER,1,0,0,35,0,0,0,0,0,0,0,0,0,0,0
97554,52,bully,1840,1,0,0,35,0,490,0,1,52,95714,1840,0,36,0,0,0,LEADER,1,0,0,35,0,0,0,0,0,0,0,0,0,0,0
97924,76,bully,2213,1,0,0,35,0,490,0,1,76,95711,2213,0,36,0,0,0,LEADER,1,0,0,35,0,0,0,0,0,0,0,0,0,0,0
97521,10,bully,1807,1,0,0,35,0,490,0,1,10,95714,1807,0,36,0,0,0,LEADER,1,0,0,35,0,0,0,0,0,0,0,0,0,0,0
97454,22,bully,1740,1,0,0,35,0,490,0,1,22,95714,1740,0,36,0,0,0,LEADER,1,0,0,35,0,0,0,0,0,0,0,0,0,0,0
97602,21,bully,1889,1,0,0,35,0,490,0,1,21,95713,1889,0,36,0,0,0,LEADER,1,0,0,35,0,0,0,0,0,0,0,0,0,0,0
97860,56,bully,2146,1,0,0,35,0,490,0,1,56,95714,2146,0,36,0,0,0,LEADER,1,0,0,35,0,0,0,0,0,0,0,0,0,0,0
97385,60,bully,1671,1,0,0,35,0,490,0,1,60,95714,1671,0,36,0,0,0,LEADER,1,0,0,35,0,0,0,0,0,0,0,0,0,0,0
98239,25,bully,1604,1,0,0,36,0,504,0,1,25,96635,1604,0,37,0,0,0,LEADER,1,0,0,36,0,0,0,0,0,0,0,0,0,0,0
97451,65,bully,1737,1,0,0,35,0,490,0,1,65,95714,1737,0,36,0,0,0,LEADER,1,0,0,35,0,0,0,0,0,0,0,0,0,0,0
98127,19,bully,2413,1,0,0,35,0,490,0,1,19,95714,2413,0,36,0,0,0,LEADER,1,0,0,35,0,0,0,0,0,0,0,0,0,0,0
97757,69,bully,2043,1,0,0,35,0,490,0,1,69,95714,2043,0,36,0,0,0,LEADER,1,0,0,35,0,0,0,0,0,0,0,0,0,0,0
98360,54,bully,1725,1,0,0,36,0,504,0,1,54,96635,1725,0,37,0,0,0,LEADER,1,0,0,36,0,0,0,0,0,0,0,0,0,0,0
97706,17,bully,1992,1,0,0,35,0,490,0,1,17,95714,1992,0,36,0,0,0,LEADER,1,0,0,35,0,0,0,0,0,0,0,0,0,0,0
98221,100,bully,1586,1,0,0,36,0,504,0,1,100,96635,1586,0,37,0,0,0,LEADER,1,0,0,36,0,0,0,0,0,0,0,0,0,0,0
98184,16,bully,1549,1,0,0,36,0,504,0,1,16,96635,1549,0,37,0,0,0,LEADER,1,0,0,36,0,0,0,0,0,0,0,0,0,0,0
97772,37,bully,2058,1,0,0,35,0,490,0,1,37,95714,2058,0,36,0,0,0,LEADER,1,0,0,35,0,0,0,0,0,0,0,0,0,0,0
98409,13,bully,1774,1,0,0,36,0,504,0,1,13,96635,1774,0,37,0,0,0,LEADER,1,0,0,36,0,0,0,0,0,0,0,0,0,0,0
97569,20,bully,1855,1,0,0,35,0,490,0,1,20,95714,1855,0,36,0,0,0,LEADER,1,0,0,35,0,0,0,0,0,0,0,0,0,0,0
98202,41,bully,1567,1,0,0,36,0,504,0,1,41,96635,1567,0,37,0,0,0,LEADER,1,0,0,36,0,0,0,0,0,0,0,0,0,0,0
98191,47,bully,1556,1,0,0,36,0,504,0,1,47,96635,1556,0,37,0,0,0,LEADER,1,0,0,36,0,0,0,0,0,0,0,0,0,0,0
98016,95,bully,2301,1,0,0,35,0,490,0,1,95,95715,2301,0,36,0,0,0,LEADER,1,0,0,35,0,0,0,0,0,0,0,0,0,0,0
97879,98,bully,2165,1,0,0,35,0,490,0,1,98,95714,2165,0,36,0,0,0,LEADER,1,0,0,35,0,0,0,0,0,0,0,0,0,0,0
98063,73,bully,2349,1,0,0,35,0,490,0,1,73,95714,2349,0,36,0,0,0,LEADER,1,0,0,35,0,0,0,0,0,0,0,0,0,0,0
97609,61,bully,1895,1,0,0,35,0,490,0,1,61,95714,1895,0,36,0,0,0,LEADER,1,0,0,35,0,0,0,0,0,0,0,0,0,0,0
98357,97,bully,1722,1,0,0,36,0,504,0,1,97,96635,1722,0,37,0,0,0,LEADER,1,0,0,36,0,0,0,0,0,0,0,0,0,0,0
98387,33,bully,1752,1,0,0,36,0,504,0,1,33,96635,1752,0,37,0,0,0,LEADER,1,0,0,36,0,0,0,0,0,0,0,0,0,0,0
98045,31,bully,2331,1,0,0,35,0,490,0,1,31,95714,2331,0,36,0,0,0,LEADER,1,0,0,35,0,0,0,0,0,0,0,0,0,0,0
98545,29,bully,1910,1,0,0,36,0,504,0,1,29,96635,1910,0,37,0,0,0,LEADER,1,0,0,36,0,0,0,0,0,0,0,0,0,0,0
98557,40,bully,1922,1,0,0,36,0,504,0,1,40,96635,1922,0,37,0,0,0,LEADER,1,0,0,36,0,0,0,0,0,0,0,0,0,0,0
98377,96,bully,1744,1,0,0,36,0,504,0,1,96,96633,1744,0,37,0,0,0,LEADER,1,0,0,36,0,0,0,0,0,0,0,0,0,0,0
98460,84,bully,1825,1,0,0,36,0,504,0,1,84,96635,1825,0,37,0,0,0,LEADER,1,0,0,36,0,0,0,0,0,0,0,0,0,0,0
98154,80,bully,1519,1,0,0,36,0,504,0,1,80,96635,1519,0,37,0,0,0,LEADER,1,0,0,36,0,0,0,0,0,0,0,0,0,0,0
97997,53,bully,2283,1,0,0,35,0,490,0,1,53,95714,2283,0,36,0,0,0,LEADER,1,0,0,35,0,0,0,0,0,0,0,0,0,0,0
98073,92,bully,1438,1,0,0,36,0,504,0,1,92,96635,1438,0,37,0,0,0,LEADER,1,0,0,36,0,0,0,0,0,0,0,0,0,0,0
98509,62,bully,1874,1,0,0,36,0,504,0,1,62,96635,1874,0,37,0,0,0,LEADER,1,0,0,36,0,0,0,0,0,0,0,0,0,0,0
98250,91,bully,1619,1,0,0,36,0,504,0,1,91,96631,1619,0,37,0,0,0,LEADER,1,0,0,36,0,0,0,0,0,0,0,0,0,0,0
98206,15,bully,1571,1,0,0,36,0,504,0,1,15,96635,1571,0,37,0,0,0,LEADER,1,0,0,36,0,0,0,0,0,0,0,0,0,0,0
97875,26,bully,2161,1,0,0,35,0,490,0,1,26,95714,2161,0,36,0,0,0,LEADER,1,0,0,35,0,0,0,0,0,0,0,0,0,0,0
98612,49,bully,1977,1,0,0,36,0,504,0,1,49,96635,1977,0,37,0,0,0,LEADER,1,0,0,36,0,0,0,0,0,0,0,0,0,0,0
98427,58,bully,1792,1,0,0,36,0,504,0,1,58,96635,1792,0,37,0,0,0,LEADER,1,0,0,36,0,0,0,0,0,0,0,0,0,0,0
97960,86,bully,2246,1,0,0,35,0,490,0,1,86,95714,2246,0,36,0,0,0,LEADER,1,0,0,35,0,0,0,0,0,0,0,0,0,0,0
98133,50,bully,2419,1,0,0,35,0,490,0,1,50,95714,2419,0,36,0,0,0,LEADER,1,0,0,35,0,0,0,0,0,0,0,0,0,0,0
97985,85,bully,2268,1,0,0,35,0,490,0,1,85,95717,2268,0,36,0,0,0,LEADER,1,0,0,35,0,0,0,0,0,0,0,0,0,0,0
97924,87,bully,2212,1,0,0,35,0,490,0,1,87,95712,2212,0,36,0,0,0,LEADER,1,0,0,35,0,0,0,0,0,0,0,0,0,0,0
98130,64,bully,2416,1,0,0,35,0,490,0,1,64,95714,2416,0,36,0,0,0,LEADER,1,0,0,35,0,0,0,0,0,0,0,0,0,0,0
97979,11,bully,2264,1,0,0,35,0,490,0,1,11,95715,2264,0,36,0,0,0,LEADER,1,0,0,35,0,0,0,0,0,0,0,0,0,0,0
98069,18,bully,1434,1,0,0,36,0,504,0,1,18,96635,1434,0,37,0,0,0,LEADER,1,0,0,36,0,0,0,0,0,0,0,0,0,0,0
98188,90,bully,1553,1,0,0,36,0,504,0,1,90,96635,1553,0,37,0,0,0,LEADER,1,0,0,36,0,0,0,0,0,0,0,0,0,0,0
98082,35,bully,1447,1,0,0,36,0,504,0,1,35,96635,1447,0,37,0,0,0,LEADER,1,0,0,36,0,0,0,0,0,0,0,0,0,0,0
97963,43,bully,2249,1,0,0,35,0,490,0,1,43,95714,2249,0,36,0,0,0,LEADER,1,0,0,35,0,0,0,0,0,0,0,0,0,0,0
98102,28,bully,1467,1,0,0,36,0,504,0,1,28,96635,1467,0,37,0,0,0,LEADER,1,0,0,36,0,0,0,0,0,0,0,0,0,0,0
97940,44,bully,2228,1,0,0,35,0,490,0,1,44,95712,2228,0,36,0,0,0,LEADER,1,0,0,35,0,0,0,0,0,0,0,0,0,0,0
98776,23,bully,2141,1,0,0,36,0,504,0,1,23,96635,2141,0,37,0,0,0,LEADER,1,0,0,36,0,0,0,0,0,0,0,0,0,0,0
98096,30,bully,1461,1,0,0,36,0,504,0,1,30,96635,1461,0,37,0,0,0,LEADER,1,0,0,36,0,0,0,0,0,0,0,0,0,0,0
98494,94,bully,1859,1,0,0,36,0,504,0,1,94,96635,1859,0,37,0,0,0,LEADER,1,0,0,36,0,0,0,0,0,0,0,0,0,0,0
98136,38,bully,1501,1,0,0,36,0,504,0,1,38,96635,1501,0,37,0,0,0,LEADER,1,0,0,36,0,0,0,0,0,0,0,0,0,0,0
98815,66,bully,2180,1,0,0,36,0,504,0,1,66,96635,2180,0,37,0,0,0,LEADER,1,0,0,36,0,0,0,0,0,0,0,0,0,0,0
98121,70,bully,1486,1,0,0,36,0,504,0,1,70,96635,1486,0,37,0,0,0,LEADER,1,0,0,36,0,0,0,0,0,0,0,0,0,0,0
98766,88,bully,2131,1,0,0,36,0,504,0,1,88,96635,2131,0,37,0,0,0,LEADER,1,0,0,36,0,0,0,0,0,0,0,0,0,0,0
97949,75,bully,2235,1,0,0,35,0,490,0,1,75,95714,2235,0,36,0,0,0,LEADER,1,0,0,35,0,0,0,0,0,0,0,0,0,0,0
97957,12,bully,2243,1,0,0,35,0,490,0,1,12,95714,2243,0,36,0,0,0,LEADER,1,0,0,35,0,0,0,0,0,0,0,0,0,0,0
98660,27,bully,2025,1,0,0,36,0,504,0,1,27,96635,2025,0,37,0,0,0,LEADER,1,0,0,36,0,0,0,0,0,0,0,0,0,0,0
98149,42,bully,1514,1,0,0,36,0,504,0,1,42,96635,1514,0,37,0,0,0,LEADER,1,0,0,36,0,0,0,0,0,0,0,0,0,0,0
98796,24,bully,2161,1,0,0,36,0,504,0,1,24,96635,2161,0,37,0,0,0,LEADER,1,0,0,36,0,0,0,0,0,0,0,0,0,0,0
98748,46,bully,2113,1,0,0,36,0,504,0,1,46,96635,2113,0,37,0,0,0,LEADER,1,0,0,36,0,0,0,0,0,0,0,0,0,0,0
98272,34,bully,1637,1,0,0,36,0,504,0,1,34,96635,1637,0,37,0,0,0,LEADER,1,0,0,36,0,0,0,0,0,0,0,0,0,0,0
98645,59,bully,2010,1,0,0,36,0,504,0,1,59,96635,2010,0,37,0,0,0,LEADER,1,0,0,36,0,0,0,0,0,0,0,0,0,0,0
98927,32,bully,2292,1,0,0,36,0,504,0,1,32,96635,2292,0,37,0,0,0,LEADER,1,0,0,36,0,0,0,0,0,0,0,0,0,0,0
98542,72,bully,1907,1,0,0,36,0,504,0,1,72,96635,1907,0,37,0,0,0,LEADER,1,0,0,36,0,0,0,0,0,0,0,0,0,0,0
98954,63,bully,2316,1,0,0,36,0,504,0,1,63,96638,2316,0,37,0,0,0,LEADER,1,0,0,36,0,0,0,0,0,0,0,0,0,0,0
98427,74,bully,1792,1,0,0,36,0,504,0,1,74,96635,1792,0,37,0,0,0,LEADER,1,0,0,36,0,0,0,0,0,0,0,0,0,0,0
98169,48,bully,1534,1,0,0,36,0,504,0,1,48,96635,1534,0,37,0,0,0,LEADER,1,0,0,36,0,0,0,0,0,0,0,0,0,0,0
98630,57,bully,1995,1,0,0,36,0,504,0,1,57,96635,1995,0,37,0,0,0,LEADER,1,0,0,36,0,0,0,0,0,0,0,0,0,0,0
98700,68,bully,2065,1,0,0,36,0,504,0,1,68,96635,2065,0,37,0,0,0,LEADER,1,0,0,36,0,0,0,0,0,0,0,0,0,0,0
98101,45,bully,1466,1,0,0,36,0,504,0,1,45,96635,1466,0,37,0,0,0,LEADER,1,0,0,36,0,0,0,0,0,0,0,0,0,0,0
98458,93,bully,1823,1,0,0,36,0,504,0,1,93,96635,1823,0,37,0,0,0,LEADER,1,0,0,36,0,0,0,0,0,0,0,0,0,0,0
99039,82,bully,2404,1,0,0,36,0,504,0,1,82,96635,2404,0,37,0,0,0,LEADER,1,0,0,36,0,0,0,0,0,0,0,0,0,0,0
99033,51,bully,2398,1,0,0,36,0,504,0,1,51,96635,2398,0,37,0,0,0,LEADER,1,0,0,36,0,0,0,0,0,0,0,0,0,0,0
98578,39,bully,1943,1,0,0,36,0,504,0,1,39,96635,1943,0,37,0,0,0,LEADER,1,0,0,36,0,0,0,0,0,0,0,0,0,0,0
98324,78,bully,1689,1,0,0,36,0,504,0,1,78,96635,1689,0,37,0,0,0,LEADER,1,0,0,36,0,0,0,0,0,0,0,0,0,0,0
98712,79,bully,2077,1,0,0,36,0,504,0,1,79,96635,2077,0,37,0,0,0,LEADER,1,0,0,36,0,0,0,0,0,0,0,0,0,0,0
98287,14,bully,1652,1,0,0,36,0,504,0,1,14,96635,1652,0,37,0,0,0,LEADER,1,0,0,36,0,0,0,0,0,0,0,0,0,0,0
98714,36,bully,2080,1,0,0,36,0,504,0,1,36,96634,2080,0,37,0,0,0,LEADER,1,0,0,36,0,0,0,0,0,0,0,0,0,0,0
98597,81,bully,1962,1,0,0,36,0,504,0,1,81,96635,1962,0,37,0,0,0,LEADER,1,0,0,36,0,0,0,0,0,0,0,0,0,0,0
98257,67,bully,1622,1,0,0,36,0,504,0,1,67,96635,1622,0,37,0,0,0,LEADER,1,0,0,36,0,0,0,0,0,0,0,0,0,0,0
99018,83,bully,2383,1,0,0,36,0,504,0,1,83,96635,2383,0,37,0,0,0,LEADER,1,0,0,36,0,0,0,0,0,0,0,0,0,0,0
99162,99,bully,1607,1,0,0,36,0,504,0,1,99,97555,1607,0,37,0,0,0,LEADER,1,0,0,36,0,0,0,0,0,0,0,0,0,0,0
98339,55,bully,1704,1,0,0,36,0,504,0,1,55,96635,1704,0,37,0,0,0,LEADER,1,0,0,36,0,0,0,0,0,0,0,0,0,0,0
99129,89,bully,1574,1,0,0,36,0,504,0,1,89,97555,1574,0,37,0,0,0,LEADER,1,0,0,36,0,0,0,0,0,0,0,0,0,0,0
98291,77,bully,1656,1,0,0,36,0,504,0,1,77,96635,1656,0,37,0,0,0,LEADER,1,0,0,36,0,0,0,0,0,0,0,0,0,0,0
98563,71,bully,1928,1,0,0,36,0,504,0,1,71,96635,1928,0,37,0,0,0,LEADER,1,0,0,36,0,0,0,0,0,0,0,0,0,0,0
98475,52,bully,1840,1,0,0,36,0,504,0,1,52,96635,1840,0,37,0,0,0,LEADER,1,0,0,36,0,0,0,0,0,0,0,0,0,0,0
98845,76,bully,2213,1,0,0,36,0,504,0,1,76,96632,2213,0,37,0,0,0,LEADER,1,0,0,36,0,0,0,0,0,0,0,0,0,0,0
98442,10,bully,1807,1,0,0,36,0,504,0,1,10,96635,1807,0,37,0,0,0,LEADER,1,0,0,36,0,0,0,0,0,0,0,0,0,0,0
98375,22,bully,1740,1,0,0,36,0,504,0,1,22,96635,1740,0,37,0,0,0,LEADER,1,0,0,36,0,0,0,0,0,0,0,0,0,0,0
98523,21,bully,1889,1,0,0,36,0,504,0,1,21,96634,1889,0,37,0,0,0,LEADER,1,0,0,36,0,0,0,0,0,0,0,0,0,0,0
98781,56,bully,2146,1,0,0,36,0,504,0,1,56,96635,2146,0,37,0,0,0,LEADER,1,0,0,36,0,0,0,0,0,0,0,0,0,0,0
98306,60,bully,1671,1,0,0,36,0,504,0,1,60,96635,1671,0,37,0,0,0,LEADER,1,0,0,36,0,0,0,0,0,0,0,0,0,0,0
99159,25,bully,1604,1,0,0,36,0,504,0,1,25,97555,1604,0,37,0,0,0,LEADER,1,0,0,36,0,0,0,0,0,0,0,0,0,0,0
98372,65,bully,1737,1,0,0,36,0,504,0,1,65,96635,1737,0,37,0,0,0,LEADER,1,0,0,36,0,0,0,0,0,0,0,0,0,0,0
99048,19,bully,2413,1,0,0,36,0,504,0,1,19,96635,2413,0,37,0,0,0,LEADER,1,0,0,36,0,0,0,0,0,0,0,0,0,0,0
98678,69,bully,2043,1,0,0,36,0,504,0,1,69,96635,2043,0,37,0,0,0,LEADER,1,0,0,36,0,0,0,0,0,0,0,0,0,0,0
99280,54,bully,1725,1,0,0,36,0,504,0,1,54,97555,1725,0,37,0,0,0,LEADER,1,0,0,36,0,0,0,0,0,0,0,0,0,0,0
98627,17,bully,1992,1,0,0,36,0,504,0,1,17,96635,1992,0,37,0,0,0,LEADER,1,0,0,36,0,0,0,0,0,0,0,0,0,0,0
99141,100,bully,1586,1,0,0,36,0,504,0,1,100,97555,1586,0,37,0,0,0,LEADER,1,0,0,36,0,0,0,0,0,0,0,0,0,0,0
99104,16,bully,1549,1,0,0,36,0,504,0,1,16,97555,1549,0,37,0,0,0,LEADER,1,0,0,36,0,0,0,0,0,0,0,0,0,0,0
98693,37,bully,2058,1,0,0,36,0,504,0,1,37,96635,2058,0,37,0,0,0,LEADER,1,0,0,36,0,0,0,0,0,0,0,0,0,0,0
99329,13,bully,1774,1,0,0,36,0,504,0,1,13,97555,1774,0,37,0,0,0,LEADER,1,0,0,36,0,0,0,0,0,0,0,0,0,0,0
98490,20,bully,1855,1,0,0,36,0,504,0,1,20,96635,1855,0,37,0,0,0,LEADER,1,0,0,36,0,0,0,0,0,0,0,0,0,0,0
99122,41,bully,1567,1,0,0,36,0,504,0,1,41,97555,1567,0,37,0,0,0,LEADER,1,0,0,36,0,0,0,0,0,0,0,0,0,0,0
99111,47,bully,1556,1,0,0,36,0,504,0,1,47,97555,1556,0,37,0,0,0,LEADER,1,0,0,36,0,0,0,0,0,0,0,0,0,0,0
98937,95,bully,2301,1,0,0,36,0,504,0,1,95,96636,2301,0,37,0,0,0,LEADER,1,0,0,36,0,0,0,0,0,0,0,0,0,0,0
98800,98,bully,2165,1,0,0,36,0,504,0,1,98,96635,2165,0,37,0,0,0,LEADER,1,0,0,36,0,0,0,0,0,0,0,0,0,0,0
98984,73,bully,2349,1,0,0,36,0,504,0,1,73,96635,2349,0,37,0,0,0,LEADER,1,0,0,36,0,0,0,0,0,0,0,0,0,0,0
99307,33,bully,1752,1,0,0,36,0,504,0,1,33,97555,1752,0,37,0,0,0,LEADER,1,0,0,36,0,0,0,0,0,0,0,0,0,0,0
99277,97,bully,1722,1,0,0,36,0,504,0,1,97,97555,1722,0,37,0,0,0,LEADER,1,0,0,36,0,0,0,0,0,0,0,0,0,0,0
98530,61,bully,1895,1,0,0,36,0,504,0,1,61,96635,1895,0,37,0,0,0,LEADER,1,0,0,36,0,0,0,0,0,0,0,0,0,0,0
99465,29,bully,1910,1,0,0,36,0,504,0,1,29,97555,1910,0,37,0,0,0,LEADER,1,0,0,36,0,0,0,0,0,0,0,0,0,0,0
99477,40,bully,1922,1,0,0,36,0,504,0,1,40,97555,1922,0,37,0,0,0,LEADER,1,0,0,36,0,0,0,0,0,0,0,0,0,0,0
98966,31,bully,2331,1,0,0,36,0,504,0,1,31,96635,2331,0,37,0,0,0,LEADER,1,0,0,36,0,0,0,0,0,0,0,0,0,0,0
99297,96,bully,1744,1,0,0,36,0,504,0,1,96,97553,1744,0,37,0,0,0,LEADER,1,0,0,36,0,0,0,0,0,0,0,0,0,0,0
99380,84,bully,1825,1,0,0,36,0,504,0,1,84,97555,1825,0,37,0,0,0,LEADER,1,0,0,36,0,0,0,0,0,0,0,0,0,0,0
99074,80,bully,1519,1,0,0,36,0,504,0,1,80,97555,1519,0,37,0,0,0,LEADER,1,0,0,36,0,0,0,0,0,0,0,0,0,0,0
98918,53,bully,2283,1,0,0,36,0,504,0,1,53,96635,2283,0,37,0,0,0,LEADER,1,0,0,36,0,0,0,0,0,0,0,0,0,0,0
98993,92,bully,1438,1,0,0,36,0,504,0,1,92,97555,1438,0,37,0,0,0,LEADER,1,0,0,36,0,0,0,0,0,0,0,0,0,0,0
99429,62,bully,1874,1,0,0,36,0,504,0,1,62,97555,1874,0,37,0,0,0,LEADER,1,0,0,36,0,0,0,0,0,0,0,0,0,0,0
99170,91,bully,1619,1,0,0,36,0,504,0,1,91,97551,1619,0,37,0,0,0,LEADER,1,0,0,36,0,0,0,0,0,0,0,0,0,0,0
99126,15,bully,1571,1,0,0,36,0,504,0,1,15,97555,1571,0,37,0,0,0,LEADER,1,0,0,36,0,0,0,0,0,0,0,0,0,0,0
98796,26,bully,2161,1,0,0,36,0,504,0,1,26,96635,2161,0,37,0,0,0,LEADER,1,0,0,36,0,0,0,0,0,0,0,0,0,0,0
99532,49,bully,1977,1,0,0,36,0,504,0,1,49,97555,1977,0,37,0,0,0,LEADER,1,0,0,36,0,0,0,0,0,0,0,0,0,0,0
99347,58,bully,1792,1,0,0,36,0,504,0,1,58,97555,1792,0,37,0,0,0,LEADER,1,0,0,36,0,0,0,0,0,0,0,0,0,0,0
98881,86,bully,2246,1,0,0,36,0,504,0,1,86,96635,2246,0,37,0,0,0,LEADER,1,0,0,36,0,0,0,0,0,0,0,0,0,0,0
99054,50,bully,2419,1,0,0,36,0,504,0,1,50,96635,2419,0,37,0,0,0,LEADER,1,0,0,36,0,0,0,0,0,0,0,0,0,0,0
98906,85,bully,2268,1,0,0,36,0,504,0,1,85,96638,2268,0,37,0,0,0,LEADER,1,0,0,36,0,0,0,0,0,0,0,0,0,0,0
98845,87,bully,2212,1,0,0,36,0,504,0,1,87,96633,2212,0,37,0,0,0,LEADER,1,0,0,36,0,0,0,0,0,0,0,0,0,0,0
99051,64,bully,2416,1,0,0,36,0,504,0,1,64,96635,2416,0,37,0,0,0,LEADER,1,0,0,36,0,0,0,0,0,0,0,0,0,0,0
98989,18,bully,1434,1,0,0,36,0,504,0,1,18,97555,1434,0,37,0,0,0,LEADER,1,0,0,36,0,0,0,0,0,0,0,0,0,0,0
98900,11,bully,2264,1,0,0,36,0,504,0,1,11,96636,2264,0,37,0,0,0,LEADER,1,0,0,36,0,0,0,0,0,0,0,0,0,0,0
99108,90,bully,1553,1,0,0,36,0,504,0,1,90,97555,1553,0,37,0,0,0,LEADER,1,0,0,36,0,0,0,0,0,0,0,0,0,0,0
99002,35,bully,1447,1,0,0,36,0,504,0,1,35,97555,1447,0,37,0,0,0,LEADER,1,0,0,36,0,0,0,0,0,0,0,0,0,0,0
98884,43,bully,2249,1,0,0,36,0,504,0,1,43,96635,2249,0,37,0,0,0,LEADER,1,0,0,36,0,0,0,0,0,0,0,0,0,0,0
99022,28,bully,1467,1,0,0,36,0,504,0,1,28,97555,1467,0,37,0,0,0,LEADER,1,0,0,36,0,0,0,0,0,0,0,0,0,0,0
98861,44,bully,2228,1,0,0,36,0,504,0,1,44,96633,2228,0,37,0,0,0,LEADER,1,0,0,36,0,0,0,0,0,0,0,0,0,0,0
99696,23,bully,2141,1,0,0,36,0,504,0,1,23,97555,2141,0,37,0,0,0,LEADER,1,0,0,36,0,0,0,0,0,0,0,0,0,0,0
99016,30,bully,1461,1,0,0,36,0,504,0,1,30,97555,1461,0,37,0,0,0,LEADER,1,0,0,36,0,0,0,0,0,0,0,0,0,0,0
99414,94,bully,1859,1,0,0,36,0,504,0,1,94,97555,1859,0,37,0,0,0,LEADER,1,0,0,36,0,0,0,0,0,0,0,0,0,0,0
99056,38,bully,1501,1,0,0,36,0,504,0,1,38,97555,1501,0,37,0,0,0,LEADER,1,0,0,36,0,0,0,0,0,0,0,0,0,0,0
99735,66,bully,2180,1,0,0,36,0,504,0,1,66,97555,2180,0,37,0,0,0,LEADER,1,0,0,36,0,0,0,0,0,0,0,0,0,0,0
99041,70,bully,1486,1,0,0,36,0,504,0,1,70,97555,1486,0,37,0,0,0,LEADER,1,0,0,36,0,0,0,0,0,0,0,0,0,0,0
99686,88,bully,2131,1,0,0,36,0,504,0,1,88,97555,2131,0,37,0,0,0,LEADER,1,0,0,36,0,0,0,0,0,0,0,0,0,0,0
98870,75,bully,2235,1,0,0,36,0,504,0,1,75,96635,2235,0,37,0,0,0,LEADER,1,0,0,36,0,0,0,0,0,0,0,0,0,0,0
98878,12,bully,2243,1,0,0,36,0,504,0,1,12,96635,2243,0,37,0,0,0,LEADER,1,0,0,36,0,0,0,0,0,0,0,0,0,0,0
99580,27,bully,2025,1,0,0,36,0,504,0,1,27,97555,2025,0,37,0,0,0,LEADER,1,0,0,36,0,0,0,0,0,0,0,0,0,0,0
99069,42,bully,1514,1,0,0,36,0,504,0,1,42,97555,1514,0,37,0,0,0,LEADER,1,0,0,36,0,0,0,0,0,0,0,0,0,0,0
99716,24,bully,2161,1,0,0,36,0,504,0,1,24,97555,2161,0,37,0,0,0,LEADER,1,0,0,36,0,0,0,0,0,0,0,0,0,0,0
99668,46,bully,2113,1,0,0,36,0,504,0,1,46,97555,2113,0,37,0,0,0,LEADER,1,0,0,36,0,0,0,0,0,0,0,0,0,0,0
99192,34,bully,1637,1,0,0,36,0,504,0,1,34,97555,1637,0,37,0,0,0,LEADER,1,0,0,36,0,0,0,0,0,0,0,0,0,0,0
99565,59,bully,2010,1,0,0,36,0,504,0,1,59,97555,2010,0,37,0,0,0,LEADER,1,0,0,36,0,0,0,0,0,0,0,0,0,0,0
99847,32,bully,2292,1,0,0,36,0,504,0,1,32,97555,2292,0,37,0,0,0,LEADER,1,0,0,36,0,0,0,0,0,0,0,0,0,0,0
99462,72,bully,1907,1,0,0,36,0,504,0,1,72,97555,1907,0,37,0,0,0,LEADER,1,0,0,36,0,0,0,0,0,0,0,0,0,0,0
99874,63,bully,2316,1,0,0,36,0,504,0,1,63,97558,2316,0,37,0,0,0,LEADER,1,0,0,36,0,0,0,0,0,0,0,0,0,0,0
99347,74,bully,1792,1,0,0,36,0,504,0,1,74,97555,1792,0,37,0,0,0,LEADER,1,0,0,36,0,0,0,0,0,0,0,0,0,0,0
99089,48,bully,1534,1,0,0,36,0,504,0,1,48,97555,1534,0,37,0,0,0,LEADER,1,0,0,36,0,0,0,0,0,0,0,0,0,0,0
99550,57,bully,1995,1,0,0,36,0,504,0,1,57,97555,1995,0,37,0,0,0,LEADER,1,0,0,36,0,0,0,0,0,0,0,0,0,0,0
99620,68,bully,2065,1,0,0,36,0,504,0,1,68,97555,2065,0,37,0,0,0,LEADER,1,0,0,36,0,0,0,0,0,0,0,0,0,0,0
99021,45,bully,1466,1,0,0,36,0,504,0,1,45,97555,1466,0,37,0,0,0,LEADER,1,0,0,36,0,0,0,0,0,0,0,0,0,0,0
99378,93,bully,1823,1,0,0,36,0,504,0,1,93,97555,1823,0,37,0,0,0,LEADER,1,0,0,36,0,0,0,0,0,0,0,0,0,0,0
99959,82,bully,2404,1,0,0,36,0,504,0,1,82,97555,2404,0,37,0,0,0,LEADER,1,0,0,36,0,0,0,0,0,0,0,0,0,0,0
99953,51,bully,2398,1,0,0,36,0,504,0,1,51,97555,2398,0,37,0,0,0,LEADER,1,0,0,36,0,0,0,0,0,0,0,0,0,0,0
99498,39,bully,1943,1,0,0,36,0,504,0,1,39,97555,1943,0,37,0,0,0,LEADER,1,0,0,36,0,0,0,0,0,0,0,0,0,0,0
99244,78,bully,1689,1,0,0,36,0,504,0,1,78,97555,1689,0,37,0,0,0,LEADER,1,0,0,36,0,0,0,0,0,0,0,0,0,0,0
99632,79,bully,2077,1,0,0,36,0,504,0,1,79,97555,2077,0,37,0,0,0,LEADER,1,0,0,36,0,0,0,0,0,0,0,0,0,0,0
99207,14,bully,1652,1,0,0,36,0,504,0,1,14,97555,1652,0,37,0,0,0,LEADER,1,0,0,36,0,0,0,0,0,0,0,0,0,0,0
99634,36,bully,2080,1,0,0,36,0,504,0,1,36,97554,2080,0,37,0,0,0,LEADER,1,0,0,36,0,0,0,0,0,0,0,0,0,0,0
99517,81,bully,1962,1,0,0,36,0,504,0,1,81,97555,1962,0,37,0,0,0,LEADER,1,0,0,36,0,0,0,0,0,0,0,0,0,0,0
99177,67,bully,1622,1,0,0,36,0,504,0,1,67,97555,1622,0,37,0,0,0,LEADER,1,0,0,36,0,0,0,0,0,0,0,0,0,0,0
99938,83,bully,2383,1,0,0,36,0,504,0,1,83,97555,2383,0,37,0,0,0,LEADER,1,0,0,36,0,0,0,0,0,0,0,0,0,0,0
100082,99,bully,1607,1,0,0,36,0,504,0,1,99,98475,1607,0,37,0,0,0,LEADER,1,0,0,36,0,0,0,0,0,0,0,0,0,0,0
99259,55,bully,1704,1,0,0,36,0,504,0,1,55,97555,1704,0,37,0,0,0,LEADER,1,0,0,36,0,0,0,0,0,0,0,0,0,0,0
100049,89,bully,1574,1,0,0,36,0,504,0,1,89,98475,1574,0,37,0,0,0,LEADER,1,0,0,36,0,0,0,0,0,0,0,0,0,0,0
99211,77,bully,1656,1,0,0,36,0,504,0,1,77,97555,1656,0,37,0,0,0,LEADER,1,0,0,36,0,0,0,0,0,0,0,0,0,0,0
99483,71,bully,1928,1,0,0,36,0,504,0,1,71,97555,1928,0,37,0,0,0,LEADER,1,0,0,36,0,0,0,0,0,0,0,0,0,0,0
99395,52,bully,1840,1,0,0,36,0,504,0,1,52,97555,1840,0,37,0,0,0,LEADER,1,0,0,36,0,0,0,0,0,0,0,0,0,0,0
99765,76,bully,2213,1,0,0,36,0,504,0,1,76,97552,2213,0,37,0,0,0,LEADER,1,0,0,36,0,0,0,0,0,0,0,0,0,0,0
99362,10,bully,1807,1,0,0,36,0,504,0,1,10,97555,1807,0,37,0,0,0,LEADER,1,0,0,36,0,0,0,0,0,0,0,0,0,0,0
99295,22,bully,1740,1,0,0,36,0,504,0,1,22,97555,1740,0,37,0,0,0,LEADER,1,0,0,36,0,0,0,0,0,0,0,0,0,0,0
99443,21,bully,1889,1,0,0,36,0,504,0,1,21,97554,1889,0,37,0,0,0,LEADER,1,0,0,36,0,0,0,0,0,0,0,0,0,0,0
99701,56,bully,2146,1,0,0,36,0,504,0,1,56,97555,2146,0,37,0,0,0,LEADER,1,0,0,36,0,0,0,0,0,0,0,0,0,0,0
99226,60,bully,1671,1,0,0,36,0,504,0,1,60,97555,1671,0,37,0,0,0,LEADER,1,0,0,36,0,0,0,0,0,0,0,0,0,0,0
100079,25,bully,1604,1,0,0,36,0,504,0,1,25,98475,1604,0,37,0,0,0,LEADER,1,0,0,36,0,0,0,0,0,0,0,0,0,0,0
99292,65,bully,1737,1,0,0,36,0,504,0,1,65,97555,1737,0,37,0,0,0,LEADER,1,0,0,36,0,0,0,0,0,0,0,0,0,0,0
99968,19,bully,2413,1,0,0,36,0,504,0,1,19,97555,2413,0,37,0,0,0,LEADER,1,0,0,36,0,0,0,0,0,0,0,0,0,0,0
99598,69,bully,2043,1,0,0,36,0,504,0,1,69,97555,2043,0,37,0,0,0,LEADER,1,0,0,36,0,0,0,0,0,0,0,0,0,0,0
100200,54,bully,1725,1,0,0,36,0,504,0,1,54,98475,1725,0,37,0,0,0,LEADER,1,0,0,36,0,0,0,0,0,0,0,0,0,0,0
99547,17,bully,1992,1,0,0,36,0,504,0,1,17,97555,1992,0,37,0,0,0,LEADER,1,0,0,36,0,0,0,0,0,0,0,0,0,0,0
100061,100,bully,1586,1,0,0,36,0,504,0,1,100,98475,1586,0,37,0,0,0,LEADER,1,0,0,36,0,0,0,0,0,0,0,0,0,0,0
100024,16,bully,1549,1,0,0,36,0,504,0,1,16,98475,1549,0,37,0,0,0,LEADER,1,0,0,36,0,0,0,0,0,0,0,0,0,0,0
99613,37,bully,2058,1,0,0,36,0,504,0,1,37,97555,2058,0,37,0,0,0,LEADER,1,0,0,36,0,0,0,0,0,0,0,0,0,0,0
100249,13,bully,1774,1,0,0,36,0,504,0,1,13,98475,1774,0,37,0,0,0,LEADER,1,0,0,36,0,0,0,0,0,0,0,0,0,0,0
99410,20,bully,1855,1,0,0,36,0,504,0,1,20,97555,1855,0,37,0,0,0,LEADER,1,0,0,36,0,0,0,0,0,0,0,0,0,0,0
100042,41,bully,1567,1,0,0,36,0,504,0,1,41,98475,1567,0,37,0,0,0,LEADER,1,0,0,36,0,0,0,0,0,0,0,0,0,0,0
100031,47,bully,1556,1,0,0,36,0,504,0,1,47,98475,1556,0,37,0,0,0,LEADER,1,0,0,36,0,0,0,0,0,0,0,0,0,0,0
99857,95,bully,2301,1,0,0,36,0,504,0,1,95,97556,2301,0,37,0,0,0,LEADER,1,0,0,36,0,0,0,0,0,0,0,0,0,0,0
99720,98,bully,2165,1,0,0,36,0,504,0,1,98,97555,2165,0,37,0,0,0,LEADER,1,0,0,36,0,0,0,0,0,0,0,0,0,0,0
99904,73,bully,2349,1,0,0,36,0,504,0,1,73,97555,2349,0,37,0,0,0,LEADER,1,0,0,36,0,0,0,0,0,0,0,0,0,0,0
100227,33,bully,1752,1,0,0,36,0,504,0,1,33,98475,1752,0,37,0,0,0,LEADER,1,0,0,36,0,0,0,0,0,0,0,0,0,0,0
100197,97,bully,1722,1,0,0,36,0,504,0,1,97,98475,1722,0,37,0,0,0,LEADER,1,0,0,36,0,0,0,0,0,0,0,0,0,0,0
99450,61,bully,1895,1,0,0,36,0,504,0,1,61,97555,1895,0,37,0,0,0,LEADER,1,0,0,36,0,0,0,0,0,0,0,0,0,0,0
100385,29,bully,1910,1,0,0,36,0,504,0,1,29,98475,1910,0,37,0,0,0,LEADER,1,0,0,36,0,0,0,0,0,0,0,0,0,0,0
100397,40,bully,1922,1,0,0,36,0,504,0,1,40,98475,1922,0,37,0,0,0,LEADER,1,0,0,36,0,0,0,0,0,0,0,0,0,0,0
99886,31,bully,2331,1,0,0,36,0,504,0,1,31,97555,2331,0,37,0,0,0,LEADER,1,0,0,36,0,0,0,0,0,0,0,0,0,0,0
100217,96,bully,1744,1,0,0,36,0,504,0,1,96,98473,1744,0,37,0,0,0,LEADER,1,0,0,36,0,0,0,0,0,0,0,0,0,0,0
100300,84,bully,1825,1,0,0,36,0,504,0,1,84,98475,1825,0,37,0,0,0,LEADER,1,0,0,36,0,0,0,0,0,0,0,0,0,0,0
99994,80,bully,1519,1,0,0,36,0,504,0,1,80,98475,1519,0,37,0,0,0,LEADER,1,0,0,36,0,0,0,0,0,0,0,0,0,0,0
99838,53,bully,2283,1,0,0,36,0,504,0,1,53,97555,2283,0,37,0,0,0,LEADER,1,0,0,36,0,0,0,0,0,0,0,0,0,0,0
99913,92,bully,1438,1,0,0,36,0,504,0,1,92,98475,1438,0,37,0,0,0,LEADER,1,0,0,36,0,0,0,0,0,0,0,0,0,0,0
100349,62,bully,1874,1,0,0,36,0,504,0,1,62,98475,1874,0,37,0,0,0,LEADER,1,0,0,36,0,0,0,0,0,0,0,0,0,0,0
100090,91,bully,1619,1,0,0,36,0,504,0,1,91,98471,1619,0,37,0,0,0,LEADER,1,0,0,36,0,0,0,0,0,0,0,0,0,0,0
100046,15,bully,1571,1,0,0,36,0,504,0,1,15,98475,1571,0,37,0,0,0,LEADER,1,0,0,36,0,0,0,0,0,0,0,0,0,0,0
99716,26,bully,2161,1,0,0,36,0,504,0,1,26,97555,2161,0,37,0,0,0,LEADER,1,0,0,36,0,0,0,0,0,0,0,0,0,0,0
100452,49,bully,1977,1,0,0,36,0,504,0,1,49,98475,1977,0,37,0,0,0,LEADER,1,0,0,36,0,0,0,0,0,0,0,0,0,0,0
100267,58,bully,1792,1,0,0,36,0,504,0,1,58,98475,1792,0,37,0,0,0,LEADER,1,0,0,36,0,0,0,0,0,0,0,0,0,0,0
99801,86,bully,2246,1,0,0,36,0,504,0,1,86,97555,2246,0,37,0,0,0,LEADER,1,0,0,36,0,0,0,0,0,0,0,0,0,0,0
99974,50,bully,2419,1,0,0,36,0,504,0,1,50,97555,2419,0,37,0,0,0,LEADER,1,0,0,36,0,0,0,0,0,0,0,0,0,0,0
99826,85,bully,2268,1,0,0,36,0,504,0,1,85,97558,2268,0,37,0,0,0,LEADER,1,0,0,36,0,0,0,0,0,0,0,0,0,0,0
99765,87,bully,2212,1,0,0,36,0,504,0,1,87,97553,2212,0,37,0,0,0,LEADER,1,0,0,36,0,0,0,0,0,0,0,0,0,0,0
99971,64,bully,2416,1,0,0,36,0,504,0,1,64,97555,2416,0,37,0,0,0,LEADER,1,0,0,36,0,0,0,0,0,0,0,0,0,0,0
99909,18,bully,1434,1,0,0,36,0,504,0,1,18,98475,1434,0,37,0,0,0,LEADER,1,0,0,36,0,0,0,0,0,0,0,0,0,0,0
99820,11,bully,2264,1,0,0,36,0,504,0,1,11,97556,2264,0,37,0,0,0,LEADER,1,0,0,36,0,0,0,0,0,0,0,0,0,0,0
100028,90,bully,1553,1,0,0,36,0,504,0,1,90,98475,1553,0,37,0,0,0,LEADER,1,0,0,36,0,0,0,0,0,0,0,0,0,0,0
99922,35,bully,1447,1,0,0,36,0,504,0,1,35,98475,1447,0,37,0,0,0,LEADER,1,0,0,36,0,0,0,0,0,0,0,0,0,0,0
99804,43,bully,2249,1,0,0,36,0,504,0,1,43,97555,2249,0,37,0,0,0,LEADER,1,0,0,36,0,0,0,0,0,0,0,0,0,0,0
99889,5,bully,2001,1,0,0,14,20,196,280,5,7,97888,2001,0,7,0,0,0,NORMAL,0,0,0,14,0,0,0,20,0,0,0,0,0,0,0
99942,28,bully,1467,1,0,0,36,0,504,0,1,28,98475,1467,0,37,0,0,0,LEADER,1,0,0,36,0,0,0,0,0,0,0,0,0,0,0
99781,44,bully,2228,1,0,0,36,0,504,0,1,44,97553,2228,0,37,0,0,0,LEADER,1,0,0,36,0,0,0,0,0,0,0,0,0,0,0
100616,23,bully,2141,1,0,0,36,0,504,0,1,23,98475,2141,0,37,0,0,0,LEADER,1,0,0,36,0,0,0,0,0,0,0,0,0,0,0
99936,30,bully,1461,1,0,0,36,0,504,0,1,30,98475,1461,0,37,0,0,0,LEADER,1,0,0,36,0,0,0,0,0,0,0,0,0,0,0
100334,94,bully,1859,1,0,0,36,0,504,0,1,94,98475,1859,0,37,0,0,0,LEADER,1,0,0,36,0,0,0,0,0,0,0,0,0,0,0
99976,38,bully,1501,1,0,0,36,0,504,0,1,38,98475,1501,0,37,0,0,0,LEADER,1,0,0,36,0,0,0,0,0,0,0,0,0,0,0
100655,66,bully,2180,1,0,0,36,0,504,0,1,66,98475,2180,0,37,0,0,0,LEADER,1,0,0,36,0,0,0,0,0,0,0,0,0,0,0
99961,70,bully,1486,1,0,0,36,0,504,0,1,70,98475,1486,0,37,0,0,0,LEADER,1,0,0,36,0,0,0,0,0,0,0,0,0,0,0
100606,88,bully,2131,1,0,0,36,0,504,0,1,88,98475,2131,0,37,0,0,0,LEADER,1,0,0,36,0,0,0,0,0,0,0,0,0,0,0
99790,75,bully,2235,1,0,0,36,0,504,0,1,75,97555,2235,0,37,0,0,0,LEADER,1,0,0,36,0,0,0,0,0,0,0,0,0,0,0
99800,12,bully,2243,1,0,0,36,0,504,0,1,12,97557,2243,0,37,0,0,0,LEADER,1,0,0,36,0,0,0,0,0,0,0,0,0,0,0
100500,27,bully,2025,1,0,0,36,0,504,0,1,27,98475,2025,0,37,0,0,0,LEADER,1,0,0,36,0,0,0,0,0,0,0,0,0,0,0
99989,42,bully,1514,1,0,0,36,0,504,0,1,42,98475,1514,0,37,0,0,0,LEADER,1,0,0,36,0,0,0,0,0,0,0,0,0,0,0
100636,24,bully,2161,1,0,0,36,0,504,0,1,24,98475,2161,0,37,0,0,0,LEADER,1,0,0,36,0,0,0,0,0,0,0,0,0,0,0
100588,46,bully,2113,1,0,0,36,0,504,0,1,46,98475,2113,0,37,0,0,0,LEADER,1,0,0,36,0,0,0,0,0,0,0,0,0,0,0
100112,34,bully,1637,1,0,0,36,0,504,0,1,34,98475,1637,0,37,0,0,0,LEADER,1,0,0,36,0,0,0,0,0,0,0,0,0,0,0
100485,59,bully,2010,1,0,0,36,0,504,0,1,59,98475,2010,0,37,0,0,0,LEADER,1,0,0,36,0,0,0,0,0,0,0,0,0,0,0
100767,32,bully,2292,1,0,0,36,0,504,0,1,32,98475,2292,0,37,0,0,0,LEADER,1,0,0,36,0,0,0,0,0,0,0,0,0,0,0
100382,72,bully,1907,1,0,0,36,0,504,0,1,72,98475,1907,0,37,0,0,0,LEADER,1,0,0,36,0,0,0,0,0,0,0,0,0,0,0
100794,63,bully,2316,1,0,0,36,0,504,0,1,63,98478,2316,0,37,0,0,0,LEADER,1,0,0,36,0,0,0,0,0,0,0,0,0,0,0
100267,74,bully,1792,1,0,0,36,0,504,0,1,74,98475,1792,0,37,0,0,0,LEADER,1,0,0,36,0,0,0,0,0,0,0,0,0,0,0
100009,48,bully,1534,1,0,0,36,0,504,0,1,48,98475,1534,0,37,0,0,0,LEADER,1,0,0,36,0,0,0,0,0,0,0,0,0,0,0
100470,57,bully,1995,1,0,0,36,0,504,0,1,57,98475,1995,0,37,0,0,0,LEADER,1,0,0,36,0,0,0,0,0,0,0,0,0,0,0
100540,68,bully,2065,1,0,0,36,0,504,0,1,68,98475,2065,0,37,0,0,0,LEADER,1,0,0,36,0,0,0,0,0,0,0,0,0,0,0
99941,45,bully,1466,1,0,0,36,0,504,0,1,45,98475,1466,0,37,0,0,0,LEADER,1,0,0,36,0,0,0,0,0,0,0,0,0,0,0
100298,93,bully,1823,1,0,0,36,0,504,0,1,93,98475,1823,0,37,0,0,0,LEADER,1,0,0,36,0,0,0,0,0,0,0,0,0,0,0
100879,82,bully,2404,1,0,0,36,0,504,0,1,82,98475,2404,0,37,0,0,0,LEADER,1,0,0,36,0,0,0,0,0,0,0,0,0,0,0
100873,51,bully,2398,1,0,0,36,0,504,0,1,51,98475,2398,0,37,0,0,0,LEADER,1,0,0,36,0,0,0,0,0,0,0,0,0,0,0
100418,39,bully,1943,1,0,0,36,0,504,0,1,39,98475,1943,0,37,0,0,0,LEADER,1,0,0,36,0,0,0,0,0,0,0,0,0,0,0
100164,78,bully,1689,1,0,0,36,0,504,0,1,78,98475,1689,0,37,0,0,0,LEADER,1,0,0,36,0,0,0,0,0,0,0,0,0,0,0
100552,79,bully,2077,1,0,0,36,0,504,0,1,79,98475,2077,0,37,0,0,0,LEADER,1,0,0,36,0,0,0,0,0,0,0,0,0,0,0
100127,14,bully,1652,1,0,0,36,0,504,0,1,14,98475,1652,0,37,0,0,0,LEADER,1,0,0,36,0,0,0,0,0,0,0,0,0,0,0
100554,36,bully,2080,1,0,0,36,0,504,0,1,36,98474,2080,0,37,0,0,0,LEADER,1,0,0,36,0,0,0,0,0,0,0,0,0,0,0
100437,81,bully,1962,1,0,0,36,0,504,0,1,81,98475,1962,0,37,0,0,0,LEADER,1,0,0,36,0,0,0,0,0,0,0,0,0,0,0
100097,67,bully,1622,1,0,0,36,0,504,0,1,67,98475,1622,0,37,0,0,0,LEADER,1,0,0,36,0,0,0,0,0,0,0,0,0,0,0
100858,83,bully,2383,1,0,0,36,0,504,0,1,83,98475,2383,0,37,0,0,0,LEADER,1,0,0,36,0,0,0,0,0,0,0,0,0,0,0
101003,99,bully,1607,1,0,0,37,0,518,0,1,99,99396,1607,0,38,0,0,0,LEADER,1,0,0,37,0,0,0,0,0,0,0,0,0,0,0
100179,55,bully,1704,1,0,0,36,0,504,0,1,55,98475,1704,0,37,0,0,0,LEADER,1,0,0,36,0,0,0,0,0,0,0,0,0,0,0
100970,89,bully,1574,1,0,0,37,0,518,0,1,89,99396,1574,0,38,0,0,0,LEADER,1,0,0,37,0,0,0,0,0,0,0,0,0,0,0
100131,77,bully,1656,1,0,0,36,0,504,0,1,77,98475,1656,0,37,0,0,0,LEADER,1,0,0,36,0,0,0,0,0,0,0,0,0,0,0
100403,71,bully,1928,1,0,0,36,0,504,0,1,71,98475,1928,0,37,0,0,0,LEADER,1,0,0,36,0,0,0,0,0,0,0,0,0,0,0
100315,52,bully,1840,1,0,0,36,0,504,0,1,52,98475,1840,0,37,0,0,0,LEADER,1,0,0,36,0,0,0,0,0,0,0,0,0,0,0
100685,76,bully,2213,1,0,0,36,0,504,0,1,76,98472,2213,0,37,0,0,0,LEADER,1,0,0,36,0,0,0,0,0,0,0,0,0,0,0
100282,10,bully,1807,1,0,0,36,0,504,0,1,10,98475,1807,0,37,0,0,0,LEADER,1,0,0,36,0,0,0,0,0,0,0,0,0,0,0
100215,22,bully,1740,1,0,0,36,0,504,0,1,22,98475,1740,0,37,0,0,0,LEADER,1,0,0,36,0,0,0,0,0,0,0,0,0,0,0
100363,21,bully,1889,1,0,0,36,0,504,0,1,21,98474,1889,0,37,0,0,0,LEADER,1,0,0,36,0,0,0,0,0,0,0,0,0,0,0
100621,56,bully,2146,1,0,0,36,0,504,0,1,56,98475,2146,0,37,0,0,0,LEADER,1,0,0,36,0,0,0,0,0,0,0,0,0,0,0
100146,60,bully,1671,1,0,0,36,0,504,0,1,60,98475,1671,0,37,0,0,0,LEADER,1,0,0,36,0,0,0,0,0,0,0,0,0,0,0
101000,25,bully,1604,1,0,0,37,0,518,0,1,25,99396,1604,0,38,0,0,0,LEADER,1,0,0,37,0,0,0,0,0,0,0,0,0,0,0
100475,7,bully,2253,1,0,0,12,21,168,294,5,7,98222,2253,0,6,0,0,0,LEADER,1,0,0,12,0,0,0,21,0,0,0,0,0,0,0
100212,65,bully,1737,1,0,0,36,0,504,0,1,65,98475,1737,0,37,0,0,0,LEADER,1,0,0,36,0,0,0,0,0,0,0,0,0,0,0
100888,19,bully,2413,1,0,0,36,0,504,0,1,19,98475,2413,0,37,0,0,0,LEADER,1,0,0,36,0,0,0,0,0,0,0,0,0,0,0
100518,69,bully,2043,1,0,0,36,0,504,0,1,69,98475,2043,0,37,0,0,0,LEADER,1,0,0,36,0,0,0,0,0,0,0,0,0,0,0
101121,54,bully,1725,1,0,0,37,0,518,0,1,54,99396,1725,0,38,0,0,0,LEADER,1,0,0,37,0,0,0,0,0,0,0,0,0,0,0
100467,17,bully,1992,1,0,0,36,0,504,0,1,17,98475,1992,0,37,0,0,0,LEADER,1,0,0,36,0,0,0,0,0,0,0,0,0,0,0
100982,100,bully,1586,1,0,0,37,0,518,0,1,100,99396,1586,0,38,0,0,0,LEADER,1,0,0,37,0,0,0,0,0,0,0,0,0,0,0
100945,16,bully,1549,1,0,0,37,0,518,0,1,16,99396,1549,0,38,0,0,0,LEADER,1,0,0,37,0,0,0,0,0,0,0,0,0,0,0
100533,37,bully,2058,1,0,0,36,0,504,0,1,37,98475,2058,0,37,0,0,0,LEADER,1,0,0,36,0,0,0,0,0,0,0,0,0,0,0
101170,13,bully,1774,1,0,0,37,0,518,0,1,13,99396,1774,0,38,0,0,0,LEADER,1,0,0,37,0,0,0,0,0,0,0,0,0,0,0
100330,20,bully,1855,1,0,0,36,0,504,0,1,20,98475,1855,0,37,0,0,0,LEADER,1,0,0,36,0,0,0,0,0,0,0,0,0,0,0
100963,41,bully,1567,1,0,0,37,0,518,0,1,41,99396,1567,0,38,0,0,0,LEADER,1,0,0,37,0,0,0,0,0,0,0,0,0,0,0
100952,47,bully,1556,1,0,0,37,0,518,0,1,47,99396,1556,0,38,0,0,0,LEADER,1,0,0,37,0,0,0,0,0,0,0,0,0,0,0
100777,95,bully,2301,1,0,0,36,0,504,0,1,95,98476,2301,0,37,0,0,0,LEADER,1,0,0,36,0,0,0,0,0,0,0,0,0,0,0
100640,98,bully,2165,1,0,0,36,0,504,0,1,98,98475,2165,0,37,0,0,0,LEADER,1,0,0,36,0,0,0,0,0,0,0,0,0,0,0
100824,73,bully,2349,1,0,0,36,0,504,0,1,73,98475,2349,0,37,0,0,0,LEADER,1,0,0,36,0,0,0,0,0,0,0,0,0,0,0
100370,61,bully,1895,1,0,0,36,0,504,0,1,61,98475,1895,0,37,0,0,0,LEADER,1,0,0,36,0,0,0,0,0,0,0,0,0,0,0
101118,97,bully,1722,1,0,0,37,0,518,0,1,97,99396,1722,0,38,0,0,0,LEADER,1,0,0,37,0,0,0,0,0,0,0,0,0,0,0
101148,33,bully,1752,1,0,0,37,0,518,0,1,33,99396,1752,0,38,0,0,0,LEADER,1,0,0,37,0,0,0,0,0,0,0,0,0,0,0
100806,31,bully,2331,1,0,0,36,0,504,0,1,31,98475,2331,0,37,0,0,0,LEADER,1,0,0,36,0,0,0,0,0,0,0,0,0,0,0
101306,29,bully,1910,1,0,0,37,0,518,0,1,29,99396,1910,0,38,0,0,0,LEADER,1,0,0,37,0,0,0,0,0,0,0,0,0,0,0
101318,40,bully,1922,1,0,0,37,0,518,0,1,40,99396,1922,0,38,0,0,0,LEADER,1,0,0,37,0,0,0,0,0,0,0,0,0,0,0
101138,96,bully,1744,1,0,0,37,0,518,0,1,96,99394,1744,0,38,0,0,0,LEADER,1,0,0,37,0,0,0,0,0,0,0,0,0,0,0
101221,84,bully,1825,1,0,0,37,0,518,0,1,84,99396,1825,0,38,0,0,0,LEADER,1,0,0,37,0,0,0,0,0,0,0,0,0,0,0
100915,80,bully,1519,1,0,0,37,0,518,0,1,80,99396,1519,0,38,0,0,0,LEADER,1,0,0,37,0,0,0,0,0,0,0,0,0,0,0
100758,53,bully,2283,1,0,0,36,0,504,0,1,53,98475,2283,0,37,0,0,0,LEADER,1,0,0,36,0,0,0,0,0,0,0,0,0,0,0
100834,92,bully,1438,1,0,0,37,0,518,0,1,92,99396,1438,0,38,0,0,0,LEADER,1,0,0,37,0,0,0,0,0,0,0,0,0,0,0
101270,62,bully,1874,1,0,0,37,0,518,0,1,62,99396,1874,0,38,0,0,0,LEADER,1,0,0,37,0,0,0,0,0,0,0,0,0,0,0
101011,91,bully,1619,1,0,0,37,0,518,0,1,91,99392,1619,0,38,0,0,0,LEADER,1,0,0,37,0,0,0,0,0,0,0,0,0,0,0
100703,4,bully,2115,1,0,0,11,22,154,308,3,7,98588,2115,0,7,0,0,0,NORMAL,0,0,0,11,0,0,0,22,0,0,0,0,0,0,0
100967,15,bully,1571,1,0,0,37,0,518,0,1,15,99396,1571,0,38,0,0,0,LEADER,1,0,0,37,0,0,0,0,0,0,0,0,0,0,0
100636,26,bully,2161,1,0,0,36,0,504,0,1,26,98475,2161,0,37,0,0,0,LEADER,1,0,0,36,0,0,0,0,0,0,0,0,0,0,0
101373,49,bully,1977,1,0,0,37,0,518,0,1,49,99396,1977,0,38,0,0,0,LEADER,1,0,0,37,0,0,0,0,0,0,0,0,0,0,0
101188,58,bully,1792,1,0,0,37,0,518,0,1,58,99396,1792,0,38,0,0,0,LEADER,1,0,0,37,0,0,0,0,0,0,0,0,0,0,0
100721,86,bully,2246,1,0,0,36,0,504,0,1,86,98475,2246,0,37,0,0,0,LEADER,1,0,0,36,0,0,0,0,0,0,0,0,0,0,0
100894,50,bully,2419,1,0,0,36,0,504,0,1,50,98475,2419,0,37,0,0,0,LEADER,1,0,0,36,0,0,0,0,0,0,0,0,0,0,0
100746,85,bully,2268,1,0,0,36,0,504,0,1,85,98478,2268,0,37,0,0,0,LEADER,1,0,0,36,0,0,0,0,0,0,0,0,0,0,0
100685,87,bully,2212,1,0,0,36,0,504,0,1,87,98473,2212,0,37,0,0,0,LEADER,1,0,0,36,0,0,0,0,0,0,0,0,0,0,0
100891,64,bully,2416,1,0,0,36,0,504,0,1,64,98475,2416,0,37,0,0,0,LEADER,1,0,0,36,0,0,0,0,0,0,0,0,0,0,0
100740,11,bully,2264,1,0,0,36,0,504,0,1,11,98476,2264,0,37,0,0,0,LEADER,1,0,0,36,0,0,0,0,0,0,0,0,0,0,0
100830,18,bully,1434,1,0,0,37,0,518,0,1,18,99396,1434,0,38,0,0,0,LEADER,1,0,0,37,0,0,0,0,0,0,0,0,0,0,0
100949,90,bully,1553,1,0,0,37,0,518,0,1,90,99396,1553,0,38,0,0,0,LEADER,1,0,0,37,0,0,0,0,0,0,0,0,0,0,0
100843,35,bully,1447,1,0,0,37,0,518,0,1,35,99396,1447,0,38,0,0,0,LEADER,1,0,0,37,0,0,0,0,0,0,0,0,0,0,0
100724,43,bully,2249,1,0,0,36,0,504,0,1,43,98475,2249,0,37,0,0,0,LEADER,1,0,0,36,0,0,0,0,0,0,0,0,0,0,0
100863,28,bully,1467,1,0,0,37,0,518,0,1,28,99396,1467,0,38,0,0,0,LEADER,1,0,0,37,0,0,0,0,0,0,0,0,0,0,0
100701,44,bully,2228,1,0,0,36,0,504,0,1,44,98473,2228,0,37,0,0,0,LEADER,1,0,0,36,0,0,0,0,0,0,0,0,0,0,0
101537,23,bully,2141,1,0,0,37,0,518,0,1,23,99396,2141,0,38,0,0,0,LEADER,1,0,0,37,0,0,0,0,0,0,0,0,0,0,0
100857,30,bully,1461,1,0,0,37,0,518,0,1,30,99396,1461,0,38,0,0,0,LEADER,1,0,0,37,0,0,0,0,0,0,0,0,0,0,0
101255,94,bully,1859,1,0,0,37,0,518,0,1,94,99396,1859,0,38,0,0,0,LEADER,1,0,0,37,0,0,0,0,0,0,0,0,0,0,0
100897,38,bully,1501,1,0,0,37,0,518,0,1,38,99396,1501,0,38,0,0,0,LEADER,1,0,0,37,0,0,0,0,0,0,0,0,0,0,0
101576,66,bully,2180,1,0,0,37,0,518,0,1,66,99396,2180,0,38,0,0,0,LEADER,1,0,0,37,0,0,0,0,0,0,0,0,0,0,0
100882,70,bully,1486,1,0,0,37,0,518,0,1,70,99396,1486,0,38,0,0,0,LEADER,1,0,0,37,0,0,0,0,0,0,0,0,0,0,0
101527,88,bully,2131,1,0,0,37,0,518,0,1,88,99396,2131,0,38,0,0,0,LEADER,1,0,0,37,0,0,0,0,0,0,0,0,0,0,0
100710,75,bully,2235,1,0,0,36,0,504,0,1,75,98475,2235,0,37,0,0,0,LEADER,1,0,0,36,0,0,0,0,0,0,0,0,0,0,0
100720,12,bully,2243,1,0,0,36,0,504,0,1,12,98477,2243,0,37,0,0,0,LEADER,1,0,0,36,0,0,0,0,0,0,0,0,0,0,0
101421,27,bully,2025,1,0,0,37,0,518,0,1,27,99396,2025,0,38,0,0,0,LEADER,1,0,0,37,0,0,0,0,0,0,0,0,0,0,0
100910,42,bully,1514,1,0,0,37,0,518,0,1,42,99396,1514,0,38,0,0,0,LEADER,1,0,0,37,0,0,0,0,0,0,0,0,0,0,0
101557,24,bully,2161,1,0,0,37,0,518,0,1,24,99396,2161,0,38,0,0,0,LEADER,1,0,0,37,0,0,0,0,0,0,0,0,0,0,0
101509,46,bully,2113,1,0,0,37,0,518,0,1,46,99396,2113,0,38,0,0,0,LEADER,1,0,0,37,0,0,0,0,0,0,0,0,0,0,0
101033,34,bully,1637,1,0,0,37,0,518,0,1,34,99396,1637,0,38,0,0,0,LEADER,1,0,0,37,0,0,0,0,0,0,0,0,0,0,0
101406,59,bully,2010,1,0,0,37,0,518,0,1,59,99396,2010,0,38,0,0,0,LEADER,1,0,0,37,0,0,0,0,0,0,0,0,0,0,0
101688,32,bully,2292,1,0,0,37,0,518,0,1,32,99396,2292,0,38,0,0,0,LEADER,1,0,0,37,0,0,0,0,0,0,0,0,0,0,0
101303,72,bully,1907,1,0,0,37,0,518,0,1,72,99396,1907,0,38,0,0,0,LEADER,1,0,0,37,0,0,0,0,0,0,0,0,0,0,0
101715,63,bully,2316,1,0,0,37,0,518,0,1,63,99399,2316,0,38,0,0,0,LEADER,1,0,0,37,0,0,0,0,0,0,0,0,0,0,0
101188,74,bully,1792,1,0,0,37,0,518,0,1,74,99396,1792,0,38,0,0,0,LEADER,1,0,0,37,0,0,0,0,0,0,0,0,0,0,0
100930,48,bully,1534,1,0,0,37,0,518,0,1,48,99396,1534,0,38,0,0,0,LEADER,1,0,0,37,0,0,0,0,0,0,0,0,0,0,0
101391,57,bully,1995,1,0,0,37,0,518,0,1,57,99396,1995,0,38,0,0,0,LEADER,1,0,0,37,0,0,0,0,0,0,0,0,0,0,0
101461,68,bully,2065,1,0,0,37,0,518,0,1,68,99396,2065,0,38,0,0,0,LEADER,1,0,0,37,0,0,0,0,0,0,0,0,0,0,0
100862,45,bully,1466,1,0,0,37,0,518,0,1,45,99396,1466,0,38,0,0,0,LEADER,1,0,0,37,0,0,0,0,0,0,0,0,0,0,0
101219,93,bully,1823,1,0,0,37,0,518,0,1,93,99396,1823,0,38,0,0,0,LEADER,1,0,0,37,0,0,0,0,0,0,0,0,0,0,0
101800,82,bully,2404,1,0,0,37,0,518,0,1,82,99396,2404,0,38,0,0,0,LEADER,1,0,0,37,0,0,0,0,0,0,0,0,0,0,0
101794,51,bully,2398,1,0,0,37,0,518,0,1,51,99396,2398,0,38,0,0,0,LEADER,1,0,0,37,0,0,0,0,0,0,0,0,0,0,0
101339,39,bully,1943,1,0,0,37,0,518,0,1,39,99396,1943,0,38,0,0,0,LEADER,1,0,0,37,0,0,0,0,0,0,0,0,0,0,0
101085,78,bully,1689,1,0,0,37,0,518,0,1,78,99396,1689,0,38,0,0,0,LEADER,1,0,0,37,0,0,0,0,0,0,0,0,0,0,0
101473,79,bully,2077,1,0,0,37,0,518,0,1,79,99396,2077,0,38,0,0,0,LEADER,1,0,0,37,0,0,0,0,0,0,0,0,0,0,0
101048,14,bully,1652,1,0,0,37,0,518,0,1,14,99396,1652,0,38,0,0,0,LEADER,1,0,0,37,0,0,0,0,0,0,0,0,0,0,0
101475,36,bully,2080,1,0,0,37,0,518,0,1,36,99395,2080,0,38,0,0,0,LEADER,1,0,0,37,0,0,0,0,0,0,0,0,0,0,0
101358,81,bully,1962,1,0,0,37,0,518,0,1,81,99396,1962,0,38,0,0,0,LEADER,1,0,0,37,0,0,0,0,0,0,0,0,0,0,0
101018,67,bully,1622,1,0,0,37,0,518,0,1,67,99396,1622,0,38,0,0,0,LEADER,1,0,0,37,0,0,0,0,0,0,0,0,0,0,0
101779,83,bully,2383,1,0,0,37,0,518,0,1,83,99396,2383,0,38,0,0,0,LEADER,1,0,0,37,0,0,0,0,0,0,0,0,0,0,0
101923,99,bully,1607,1,0,0,37,0,518,0,1,99,100316,1607,0,38,0,0,0,LEADER,1,0,0,37,0,0,0,0,0,0,0,0,0,0,0
101100,55,bully,1704,1,0,0,37,0,518,0,1,55,99396,1704,0,38,0,0,0,LEADER,1,0,0,37,0,0,0,0,0,0,0,0,0,0,0
101890,89,bully,1574,1,0,0,37,0,518,0,1,89,100316,1574,0,38,0,0,0,LEADER,1,0,0,37,0,0,0,0,0,0,0,0,0,0,0
101052,77,bully,1656,1,0,0,37,0,518,0,1,77,99396,1656,0,38,0,0,0,LEADER,1,0,0,37,0,0,0,0,0,0,0,0,0,0,0
101324,71,bully,1928,1,0,0,37,0,518,0,1,71,99396,1928,0,38,0,0,0,LEADER,1,0,0,37,0,0,0,0,0,0,0,0,0,0,0
101236,52,bully,1840,1,0,0,37,0,518,0,1,52,99396,1840,0,38,0,0,0,LEADER,1,0,0,37,0,0,0,0,0,0,0,0,0,0,0
101605,76,bully,2213,1,0,0,37,0,518,0,1,76,99392,2213,0,38,0,0,0,LEADER,1,0,0,37,0,0,0,0,0,0,0,0,0,0,0
101203,10,bully,1807,1,0,0,37,0,518,0,1,10,99396,1807,0,38,0,0,0,LEADER,1,0,0,37,0,0,0,0,0,0,0,0,0,0,0
101136,22,bully,1740,1,0,0,37,0,518,0,1,22,99396,1740,0,38,0,0,0,LEADER,1,0,0,37,0,0,0,0,0,0,0,0,0,0,0
101284,21,bully,1889,1,0,0,37,0,518,0,1,21,99395,1889,0,38,0,0,0,LEADER,1,0,0,37,0,0,0,0,0,0,0,0,0,0,0
101542,56,bully,2146,1,0,0,37,0,518,0,1,56,99396,2146,0,38,0,0,0,LEADER,1,0,0,37,0,0,0,0,0,0,0,0,0,0,0
101067,60,bully,1671,1,0,0,37,0,518,0,1,60,99396,1671,0,38,0,0,0,LEADER,1,0,0,37,0,0,0,0,0,0,0,0,0,0,0
101920,25,bully,1604,1,0,0,37,0,518,0,1,25,100316,1604,0,38,0,0,0,LEADER,1,0,0,37,0,0,0,0,0,0,0,0,0,0,0
101133,65,bully,1737,1,0,0,37,0,518,0,1,65,99396,1737,0,38,0,0,0,LEADER,1,0,0,37,0,0,0,0,0,0,0,0,0,0,0
101809,19,bully,2413,1,0,0,37,0,518,0,1,19,99396,2413,0,38,0,0,0,LEADER,1,0,0,37,0,0,0,0,0,0,0,0,0,0,0
101439,69,bully,2043,1,0,0,37,0,518,0,1,69,99396,2043,0,38,0,0,0,LEADER,1,0,0,37,0,0,0,0,0,0,0,0,0,0,0
102041,54,bully,1725,1,0,0,37,0,518,0,1,54,100316,1725,0,38,0,0,0,LEADER,1,0,0,37,0,0,0,0,0,0,0,0,0,0,0
101537,9,bully,2514,1,0,0,9,12,126,168,3,4,99023,2514,0,4,0,0,0,NORMAL,0,0,0,9,0,0,0,12,0,0,0,0,0,0,0
101388,17,bully,1992,1,0,0,37,0,518,0,1,17,99396,1992,0,38,0,0,0,LEADER,1,0,0,37,0,0,0,0,0,0,0,0,0,0,0
101902,100,bully,1586,1,0,0,37,0,518,0,1,100,100316,1586,0,38,0,0,0,LEADER,1,0,0,37,0,0,0,0,0,0,0,0,0,0,0
101865,16,bully,1549,1,0,0,37,0,518,0,1,16,100316,1549,0,38,0,0,0,LEADER,1,0,0,37,0,0,0,0,0,0,0,0,0,0,0
101454,37,bully,2058,1,0,0,37,0,518,0,1,37,99396,2058,0,38,0,0,0,LEADER,1,0,0,37,0,0,0,0,0,0,0,0,0,0,0
102090,13,bully,1774,1,0,0,37,0,518,0,1,13,100316,1774,0,38,0,0,0,LEADER,1,0,0,37,0,0,0,0,0,0,0,0,0,0,0
101251,20,bully,1855,1,0,0,37,0,518,0,1,20,99396,1855,0,38,0,0,0,LEADER,1,0,0,37,0,0,0,0,0,0,0,0,0,0,0
101883,41,bully,1567,1,0,0,37,0,518,0,1,41,100316,1567,0,38,0,0,0,LEADER,1,0,0,37,0,0,0,0,0,0,0,0,0,0,0
101872,47,bully,1556,1,0,0,37,0,518,0,1,47,100316,1556,0,38,0,0,0,LEADER,1,0,0,37,0,0,0,0,0,0,0,0,0,0,0
101698,95,bully,2301,1,0,0,37,0,518,0,1,95,99397,2301,0,38,0,0,0,LEADER,1,0,0,37,0,0,0,0,0,0,0,0,0,0,0
101561,98,bully,2165,1,0,0,37,0,518,0,1,98,99396,2165,0,38,0,0,0,LEADER,1,0,0,37,0,0,0,0,0,0,0,0,0,0,0
101745,73,bully,2349,1,0,0,37,0,518,0,1,73,99396,2349,0,38,0,0,0,LEADER,1,0,0,37,0,0,0,0,0,0,0,0,0,0,0
102068,33,bully,1752,1,0,0,37,0,518,0,1,33,100316,1752,0,38,0,0,0,LEADER,1,0,0,37,0,0,0,0,0,0,0,0,0,0,0
101291,61,bully,1895,1,0,0,37,0,518,0,1,61,99396,1895,0,38,0,0,0,LEADER,1,0,0,37,0,0,0,0,0,0,0,0,0,0,0
102038,97,bully,1722,1,0,0,37,0,518,0,1,97,100316,1722,0,38,0,0,0,LEADER,1,0,0,37,0,0,0,0,0,0,0,0,0,0,0
102238,40,bully,1922,1,0,0,37,0,518,0,1,40,100316,1922,0,38,0,0,0,LEADER,1,0,0,37,0,0,0,0,0,0,0,0,0,0,0
101727,31,bully,2331,1,0,0,37,0,518,0,1,31,99396,2331,0,38,0,0,0,LEADER,1,0,0,37,0,0,0,0,0,0,0,0,0,0,0
102226,29,bully,1910,1,0,0,37,0,518,0,1,29,100316,1910,0,38,0,0,0,LEADER,1,0,0,37,0,0,0,0,0,0,0,0,0,0,0
102058,96,bully,1744,1,0,0,37,0,518,0,1,96,100314,1744,0,38,0,0,0,LEADER,1,0,0,37,0,0,0,0,0,0,0,0,0,0,0
102141,84,bully,1825,1,0,0,37,0,518,0,1,84,100316,1825,0,38,0,0,0,LEADER,1,0,0,37,0,0,0,0,0,0,0,0,0,0,0
101835,80,bully,1519,1,0,0,37,0,518,0,1,80,100316,1519,0,38,0,0,0,LEADER,1,0,0,37,0,0,0,0,0,0,0,0,0,0,0
101679,53,bully,2283,1,0,0,37,0,518,0,1,53,99396,2283,0,38,0,0,0,LEADER,1,0,0,37,0,0,0,0,0,0,0,0,0,0,0
101754,92,bully,1438,1,0,0,37,0,518,0,1,92,100316,1438,0,38,0,0,0,LEADER,1,0,0,37,0,0,0,0,0,0,0,0,0,0,0
102190,62,bully,1874,1,0,0,37,0,518,0,1,62,100316,1874,0,38,0,0,0,LEADER,1,0,0,37,0,0,0,0,0,0,0,0,0,0,0
101931,91,bully,1619,1,0,0,37,0,518,0,1,91,100312,1619,0,38,0,0,0,LEADER,1,0,0,37,0,0,0,0,0,0,0,0,0,0,0
101887,15,bully,1571,1,0,0,37,0,518,0,1,15,100316,1571,0,38,0,0,0,LEADER,1,0,0,37,0,0,0,0,0,0,0,0,0,0,0
101557,26,bully,2161,1,0,0,37,0,518,0,1,26,99396,2161,0,38,0,0,0,LEADER,1,0,0,37,0,0,0,0,0,0,0,0,0,0,0
102293,49,bully,1977,1,0,0,37,0,518,0,1,49,100316,1977,0,38,0,0,0,LEADER,1,0,0,37,0,0,0,0,0,0,0,0,0,0,0
102108,58,bully,1792,1,0,0,37,0,518,0,1,58,100316,1792,0,38,0,0,0,LEADER,1,0,0,37,0,0,0,0,0,0,0,0,0,0,0
101642,86,bully,2246,1,0,0,37,0,518,0,1,86,99396,2246,0,38,0,0,0,LEADER,1,0,0,37,0,0,0,0,0,0,0,0,0,0,0
101815,50,bully,2419,1,0,0,37,0,518,0,1,50,99396,2419,0,38,0,0,0,LEADER,1,0,0,37,0,0,0,0,0,0,0,0,0,0,0
101667,85,bully,2268,1,0,0,37,0,518,0,1,85,99399,2268,0,38,0,0,0,LEADER,1,0,0,37,0,0,0,0,0,0,0,0,0,0,0
101606,87,bully,2212,1,0,0,37,0,518,0,1,87,99394,2212,0,38,0,0,0,LEADER,1,0,0,37,0,0,0,0,0,0,0,0,0,0,0
101812,64,bully,2416,1,0,0,37,0,518,0,1,64,99396,2416,0,38,0,0,0,LEADER,1,0,0,37,0,0,0,0,0,0,0,0,0,0,0
101750,18,bully,1434,1,0,0,37,0,518,0,1,18,100316,1434,0,38,0,0,0,LEADER,1,0,0,37,0,0,0,0,0,0,0,0,0,0,0
101661,11,bully,2264,1,0,0,37,0,518,0,1,11,99397,2264,0,38,0,0,0,LEADER,1,0,0,37,0,0,0,0,0,0,0,0,0,0,0
101869,90,bully,1553,1,0,0,37,0,518,0,1,90,100316,1553,0,38,0,0,0,LEADER,1,0,0,37,0,0,0,0,0,0,0,0,0,0,0
101763,35,bully,1447,1,0,0,37,0,518,0,1,35,100316,1447,0,38,0,0,0,LEADER,1,0,0,37,0,0,0,0,0,0,0,0,0,0,0
101645,43,bully,2249,1,0,0,37,0,518,0,1,43,99396,2249,0,38,0,0,0,LEADER,1,0,0,37,0,0,0,0,0,0,0,0,0,0,0
101783,28,bully,1467,1,0,0,37,0,518,0,1,28,100316,1467,0,38,0,0,0,LEADER,1,0,0,37,0,0,0,0,0,0,0,0,0,0,0
101622,44,bully,2228,1,0,0,37,0,518,0,1,44,99394,2228,0,38,0,0,0,LEADER,1,0,0,37,0,0,0,0,0,0,0,0,0,0,0
102457,23,bully,2141,1,0,0,37,0,518,0,1,23,100316,2141,0,38,0,0,0,LEADER,1,0,0,37,0,0,0,0,0,0,0,0,0,0,0
102077,1,bully,2293,1,0,0,9,8,126,112,1,1,99784,2293,0,8,0,0,0,LEADER,1,0,0,9,0,0,0,8,0,0,0,0,0,0,0
101777,30,bully,1461,1,0,0,37,0,518,0,1,30,100316,1461,0,38,0,0,0,LEADER,1,0,0,37,0,0,0,0,0,0,0,0,0,0,0
102175,94,bully,1859,1,0,0,37,0,518,0,1,94,100316,1859,0,38,0,0,0,LEADER,1,0,0,37,0,0,0,0,0,0,0,0,0,0,0
101817,38,bully,1501,1,0,0,37,0,518,0,1,38,100316,1501,0,38,0,0,0,LEADER,1,0,0,37,0,0,0,0,0,0,0,0,0,0,0
102496,66,bully,2180,1,0,0,37,0,518,0,1,66,100316,2180,0,38,0,0,0,LEADER,1,0,0,37,0,0,0,0,0,0,0,0,0,0,0
101802,70,bully,1486,1,0,0,37,0,518,0,1,70,100316,1486,0,38,0,0,0,LEADER,1,0,0,37,0,0,0,0,0,0,0,0,0,0,0
102447,88,bully,2131,1,0,0,37,0,518,0,1,88,100316,2131,0,38,0,0,0,LEADER,1,0,0,37,0,0,0,0,0,0,0,0,0,0,0
101631,75,bully,2235,1,0,0,37,0,518,0,1,75,99396,2235,0,38,0,0,0,LEADER,1,0,0,37,0,0,0,0,0,0,0,0,0,0,0
101641,12,bully,2243,1,0,0,37,0,518,0,1,12,99398,2243,0,38,0,0,0,LEADER,1,0,0,37,0,0,0,0,0,0,0,0,0,0,0
102341,27,bully,2025,1,0,0,37,0,518,0,1,27,100316,2025,0,38,0,0,0,LEADER,1,0,0,37,0,0,0,0,0,0,0,0,0,0,0
101830,42,bully,1514,1,0,0,37,0,518,0,1,42,100316,1514,0,38,0,0,0,LEADER,1,0,0,37,0,0,0,0,0,0,0,0,0,0,0
102477,24,bully,2161,1,0,0,37,0,518,0,1,24,100316,2161,0,38,0,0,0,LEADER,1,0,0,37,0,0,0,0,0,0,0,0,0,0,0
102429,46,bully,2113,1,0,0,37,0,518,0,1,46,100316,2113,0,38,0,0,0,LEADER,1,0,0,37,0,0,0,0,0,0,0,0,0,0,0
101953,34,bully,1637,1,0,0,37,0,518,0,1,34,100316,1637,0,38,0,0,0,LEADER,1,0,0,37,0,0,0,0,0,0,0,0,0,0,0
102326,59,bully,2010,1,0,0,37,0,518,0,1,59,100316,2010,0,38,0,0,0,LEADER,1,0,0,37,0,0,0,0,0,0,0,0,0,0,0
102608,32,bully,2292,1,0,0,37,0,518,0,1,32,100316,2292,0,38,0,0,0,LEADER,1,0,0,37,0,0,0,0,0,0,0,0,0,0,0
102223,72,bully,1907,1,0,0,37,0,518,0,1,72,100316,1907,0,38,0,0,0,LEADER,1,0,0,37,0,0,0,0,0,0,0,0,0,0,0
102635,63,bully,2316,1,0,0,37,0,518,0,1,63,100319,2316,0,38,0,0,0,LEADER,1,0,0,37,0,0,0,0,0,0,0,0,0,0,0
102108,74,bully,1792,1,0,0,37,0,518,0,1,74,100316,1792,0,38,0,0,0,LEADER,1,0,0,37,0,0,0,0,0,0,0,0,0,0,0
101850,48,bully,1534,1,0,0,37,0,518,0,1,48,100316,1534,0,38,0,0,0,LEADER,1,0,0,37,0,0,0,0,0,0,0,0,0,0,0
102311,57,bully,1995,1,0,0,37,0,518,0,1,57,100316,1995,0,38,0,0,0,LEADER,1,0,0,37,0,0,0,0,0,0,0,0,0,0,0
102381,68,bully,2065,1,0,0,37,0,518,0,1,68,100316,2065,0,38,0,0,0,LEADER,1,0,0,37,0,0,0,0,0,0,0,0,0,0,0
101782,45,bully,1466,1,0,0,37,0,518,0,1,45,100316,1466,0,38,0,0,0,LEADER,1,0,0,37,0,0,0,0,0,0,0,0,0,0,0
102139,93,bully,1823,1,0,0,37,0,518,0,1,93,100316,1823,0,38,0,0,0,LEADER,1,0,0,37,0,0,0,0,0,0,0,0,0,0,0
102720,82,bully,2404,1,0,0,37,0,518,0,1,82,100316,2404,0,38,0,0,0,LEADER,1,0,0,37,0,0,0,0,0,0,0,0,0,0,0
102714,51,bully,2398,1,0,0,37,0,518,0,1,51,100316,2398,0,38,0,0,0,LEADER,1,0,0,37,0,0,0,0,0,0,0,0,0,0,0
102259,39,bully,1943,1,0,0,37,0,518,0,1,39,100316,1943,0,38,0,0,0,LEADER,1,0,0,37,0,0,0,0,0,0,0,0,0,0,0
102005,78,bully,1689,1,0,0,37,0,518,0,1,78,100316,1689,0,38,0,0,0,LEADER,1,0,0,37,0,0,0,0,0,0,0,0,0,0,0
102393,79,bully,2077,1,0,0,37,0,518,0,1,79,100316,2077,0,38,0,0,0,LEADER,1,0,0,37,0,0,0,0,0,0,0,0,0,0,0
101968,14,bully,1652,1,0,0,37,0,518,0,1,14,100316,1652,0,38,0,0,0,LEADER,1,0,0,37,0,0,0,0,0,0,0,0,0,0,0
102395,36,bully,2080,1,0,0,37,0,518,0,1,36,100315,2080,0,38,0,0,0,LEADER,1,0,0,37,0,0,0,0,0,0,0,0,0,0,0
102278,81,bully,1962,1,0,0,37,0,518,0,1,81,100316,1962,0,38,0,0,0,LEADER,1,0,0,37,0,0,0,0,0,0,0,0,0,0,0
101938,67,bully,1622,1,0,0,37,0,518,0,1,67,100316,1622,0,38,0,0,0,LEADER,1,0,0,37,0,0,0,0,0,0,0,0,0,0,0
102699,83,bully,2383,1,0,0,37,0,518,0,1,83,100316,2383,0,38,0,0,0,LEADER,1,0,0,37,0,0,0,0,0,0,0,0,0,0,0
102843,99,bully,1607,1,0,0,37,0,518,0,1,99,101236,1607,0,38,0,0,0,LEADER,1,0,0,37,0,0,0,0,0,0,0,0,0,0,0
102020,55,bully,1704,1,0,0,37,0,518,0,1,55,100316,1704,0,38,0,0,0,LEADER,1,0,0,37,0,0,0,0,0,0,0,0,0,0,0
102810,89,bully,1574,1,0,0,37,0,518,0,1,89,101236,1574,0,38,0,0,0,LEADER,1,0,0,37,0,0,0,0,0,0,0,0,0,0,0
101972,77,bully,1656,1,0,0,37,0,518,0,1,77,100316,1656,0,38,0,0,0,LEADER,1,0,0,37,0,0,0,0,0,0,0,0,0,0,0
102244,71,bully,1928,1,0,0,37,0,518,0,1,71,100316,1928,0,38,0,0,0,LEADER,1,0,0,37,0,0,0,0,0,0,0,0,0,0,0
102156,52,bully,1840,1,0,0,37,0,518,0,1,52,100316,1840,0,38,0,0,0,LEADER,1,0,0,37,0,0,0,0,0,0,0,0,0,0,0
102525,76,bully,2213,1,0,0,37,0,518,0,1,76,100312,2213,0,38,0,0,0,LEADER,1,0,0,37,0,0,0,0,0,0,0,0,0,0,0
102123,10,bully,1807,1,0,0,37,0,518,0,1,10,100316,1807,0,38,0,0,0,LEADER,1,0,0,37,0,0,0,0,0,0,0,0,0,0,0
102056,22,bully,1740,1,0,0,37,0,518,0,1,22,100316,1740,0,38,0,0,0,LEADER,1,0,0,37,0,0,0,0,0,0,0,0,0,0,0
102204,21,bully,1889,1,0,0,37,0,518,0,1,21,100315,1889,0,38,0,0,0,LEADER,1,0,0,37,0,0,0,0,0,0,0,0,0,0,0
102462,56,bully,2146,1,0,0,37,0,518,0,1,56,100316,2146,0,38,0,0,0,LEADER,1,0,0,37,0,0,0,0,0,0,0,0,0,0,0
101987,60,bully,1671,1,0,0,37,0,518,0,1,60,100316,1671,0,38,0,0,0,LEADER,1,0,0,37,0,0,0,0,0,0,0,0,0,0,0
102840,25,bully,1604,1,0,0,37,0,518,0,1,25,101236,1604,0,38,0,0,0,LEADER,1,0,0,37,0,0,0,0,0,0,0,0,0,0,0
102053,65,bully,1737,1,0,0,37,0,518,0,1,65,100316,1737,0,38,0,0,0,LEADER,1,0,0,37,0,0,0,0,0,0,0,0,0,0,0
102729,19,bully,2413,1,0,0,37,0,518,0,1,19,100316,2413,0,38,0,0,0,LEADER,1,0,0,37,0,0,0,0,0,0,0,0,0,0,0
102359,69,bully,2043,1,0,0,37,0,518,0,1,69,100316,2043,0,38,0,0,0,LEADER,1,0,0,37,0,0,0,0,0,0,0,0,0,0,0
102961,54,bully,1725,1,0,0,37,0,518,0,1,54,101236,1725,0,38,0,0,0,LEADER,1,0,0,37,0,0,0,0,0,0,0,0,0,0,0
102308,17,bully,1992,1,0,0,37,0,518,0,1,17,100316,1992,0,38,0,0,0,LEADER,1,0,0,37,0,0,0,0,0,0,0,0,0,0,0
102822,100,bully,1586,1,0,0,37,0,518,0,1,100,101236,1586,0,38,0,0,0,LEADER,1,0,0,37,0,0,0,0,0,0,0,0,0,0,0
102486,8,bully,2467,1,0,0,12,21,168,294,4,7,100019,2467,0,6,0,0,0,NORMAL,0,0,0,12,0,0,0,21,0,0,0,0,0,0,0
102785,16,bully,1549,1,0,0,37,0,518,0,1,16,101236,1549,0,38,0,0,0,LEADER,1,0,0,37,0,0,0,0,0,0,0,0,0,0,0
102374,37,bully,2058,1,0,0,37,0,518,0,1,37,100316,2058,0,38,0,0,0,LEADER,1,0,0,37,0,0,0,0,0,0,0,0,0,0,0
103010,13,bully,1774,1,0,0,37,0,518,0,1,13,101236,1774,0,38,0,0,0,LEADER,1,0,0,37,0,0,0,0,0,0,0,0,0,0,0
102171,20,bully,1855,1,0,0,37,0,518,0,1,20,100316,1855,0,38,0,0,0,LEADER,1,0,0,37,0,0,0,0,0,0,0,0,0,0,0
102803,41,bully,1567,1,0,0,37,0,518,0,1,41,101236,1567,0,38,0,0,0,LEADER,1,0,0,37,0,0,0,0,0,0,0,0,0,0,0
102792,47,bully,1556,1,0,0,37,0,518,0,1,47,101236,1556,0,38,0,0,0,LEADER,1,0,0,37,0,0,0,0,0,0,0,0,0,0,0
102618,95,bully,2301,1,0,0,37,0,518,0,1,95,100317,2301,0,38,0,0,0,LEADER,1,0,0,37,0,0,0,0,0,0,0,0,0,0,0
102481,98,bully,2165,1,0,0,37,0,518,0,1,98,100316,2165,0,38,0,0,0,LEADER,1,0,0,37,0,0,0,0,0,0,0,0,0,0,0
102665,73,bully,2349,1,0,0,37,0,518,0,1,73,100316,2349,0,38,0,0,0,LEADER,1,0,0,37,0,0,0,0,0,0,0,0,0,0,0
102988,33,bully,1752,1,0,0,37,0,518,0,1,33,101236,1752,0,38,0,0,0,LEADER,1,0,0,37,0,0,0,0,0,0,0,0,0,0,0
102211,61,bully,1895,1,0,0,37,0,518,0,1,61,100316,1895,0,38,0,0,0,LEADER,1,0,0,37,0,0,0,0,0,0,0,0,0,0,0
102958,97,bully,1722,1,0,0,37,0,518,0,1,97,101236,1722,0,38,0,0,0,LEADER,1,0,0,37,0,0,0,0,0,0,0,0,0,0,0
102647,31,bully,2331,1,0,0,37,0,518,0,1,31,100316,2331,0,38,0,0,0,LEADER,1,0,0,37,0,0,0,0,0,0,0,0,0,0,0
103146,29,bully,1910,1,0,0,37,0,518,0,1,29,101236,1910,0,38,0,0,0,LEADER,1,0,0,37,0,0,0,0,0,0,0,0,0,0,0
103158,40,bully,1922,1,0,0,37,0,518,0,1,40,101236,1922,0,38,0,0,0,LEADER,1,0,0,37,0,0,0,0,0,0,0,0,0,0,0
102978,96,bully,1744,1,0,0,37,0,518,0,1,96,101234,1744,0,38,0,0,0,LEADER,1,0,0,37,0,0,0,0,0,0,0,0,0,0,0
103061,84,bully,1825,1,0,0,37,0,518,0,1,84,101236,1825,0,38,0,0,0,LEADER,1,0,0,37,0,0,0,0,0,0,0,0,0,0,0
102755,80,bully,1519,1,0,0,37,0,518,0,1,80,101236,1519,0,38,0,0,0,LEADER,1,0,0,37,0,0,0,0,0,0,0,0,0,0,0
102599,53,bully,2283,1,0,0,37,0,518,0,1,53,100316,2283,0,38,0,0,0,LEADER,1,0,0,37,0,0,0,0,0,0,0,0,0,0,0
102674,92,bully,1438,1,0,0,37,0,518,0,1,92,101236,1438,0,38,0,0,0,LEADER,1,0,0,37,0,0,0,0,0,0,0,0,0,0,0
103110,62,bully,1874,1,0,0,37,0,518,0,1,62,101236,1874,0,38,0,0,0,LEADER,1,0,0,37,0,0,0,0,0,0,0,0,0,0,0
102851,91,bully,1619,1,0,0,37,0,518,0,1,91,101232,1619,0,38,0,0,0,LEADER,1,0,0,37,0,0,0,0,0,0,0,0,0,0,0
102807,15,bully,1571,1,0,0,37,0,518,0,1,15,101236,1571,0,38,0,0,0,LEADER,1,0,0,37,0,0,0,0,0,0,0,0,0,0,0
102477,26,bully,2161,1,0,0,37,0,518,0,1,26,100316,2161,0,38,0,0,0,LEADER,1,0,0,37,0,0,0,0,0,0,0,0,0,0,0
103213,49,bully,1977,1,0,0,37,0,518,0,1,49,101236,1977,0,38,0,0,0,LEADER,1,0,0,37,0,0,0,0,0,0,0,0,0,0,0
103028,58,bully,1792,1,0,0,37,0,518,0,1,58,101236,1792,0,38,0,0,0,LEADER,1,0,0,37,0,0,0,0,0,0,0,0,0,0,0
102562,86,bully,2246,1,0,0,37,0,518,0,1,86,100316,2246,0,38,0,0,0,LEADER,1,0,0,37,0,0,0,0,0,0,0,0,0,0,0
102735,50,bully,2419,1,0,0,37,0,518,0,1,50,100316,2419,0,38,0,0,0,LEADER,1,0,0,37,0,0,0,0,0,0,0,0,0,0,0
102587,85,bully,2268,1,0,0,37,0,518,0,1,85,100319,2268,0,38,0,0,0,LEADER,1,0,0,37,0,0,0,0,0,0,0,0,0,0,0
102526,87,bully,2212,1,0,0,37,0,518,0,1,87,100314,2212,0,38,0,0,0,LEADER,1,0,0,37,0,0,0,0,0,0,0,0,0,0,0
102732,64,bully,2416,1,0,0,37,0,518,0,1,64,100316,2416,0,38,0,0,0,LEADER,1,0,0,37,0,0,0,0,0,0,0,0,0,0,0
102670,18,bully,1434,1,0,0,37,0,518,0,1,18,101236,1434,0,38,0,0,0,LEADER,1,0,0,37,0,0,0,0,0,0,0,0,0,0,0
102581,11,bully,2264,1,0,0,37,0,518,0,1,11,100317,2264,0,38,0,0,0,LEADER,1,0,0,37,0,0,0,0,0,0,0,0,0,0,0
102789,90,bully,1553,1,0,0,37,0,518,0,1,90,101236,1553,0,38,0,0,0,LEADER,1,0,0,37,0,0,0,0,0,0,0,0,0,0,0
102683,35,bully,1447,1,0,0,37,0,518,0,1,35,101236,1447,0,38,0,0,0,LEADER,1,0,0,37,0,0,0,0,0,0,0,0,0,0,0
102565,43,bully,2249,1,0,0,37,0,518,0,1,43,100316,2249,0,38,0,0,0,LEADER,1,0,0,37,0,0,0,0,0,0,0,0,0,0,0
102703,28,bully,1467,1,0,0,37,0,518,0,1,28,101236,1467,0,38,0,0,0,LEADER,1,0,0,37,0,0,0,0,0,0,0,0,0,0,0
102542,44,bully,2228,1,0,0,37,0,518,0,1,44,100314,2228,0,38,0,0,0,LEADER,1,0,0,37,0,0,0,0,0,0,0,0,0,0,0
103377,23,bully,2141,1,0,0,37,0,518,0,1,23,101236,2141,0,38,0,0,0,LEADER,1,0,0,37,0,0,0,0,0,0,0,0,0,0,0
102697,30,bully,1461,1,0,0,37,0,518,0,1,30,101236,1461,0,38,0,0,0,LEADER,1,0,0,37,0,0,0,0,0,0,0,0,0,0,0
103095,94,bully,1859,1,0,0,37,0,518,0,1,94,101236,1859,0,38,0,0,0,LEADER,1,0,0,37,0,0,0,0,0,0,0,0,0,0,0
102737,38,bully,1501,1,0,0,37,0,518,0,1,38,101236,1501,0,38,0,0,0,LEADER,1,0,0,37,0,0,0,0,0,0,0,0,0,0,0
103416,66,bully,2180,1,0,0,37,0,518,0,1,66,101236,2180,0,38,0,0,0,LEADER,1,0,0,37,0,0,0,0,0,0,0,0,0,0,0
102722,70,bully,1486,1,0,0,37,0,518,0,1,70,101236,1486,0,38,0,0,0,LEADER,1,0,0,37,0,0,0,0,0,0,0,0,0,0,0
103367,88,bully,2131,1,0,0,37,0,518,0,1,88,101236,2131,0,38,0,0,0,LEADER,1,0,0,37,0,0,0,0,0,0,0,0,0,0,0
102551,75,bully,2235,1,0,0,37,0,518,0,1,75,100316,2235,0,38,0,0,0,LEADER,1,0,0,37,0,0,0,0,0,0,0,0,0,0,0
102561,12,bully,2243,1,0,0,37,0,518,0,1,12,100318,2243,0,38,0,0,0,LEADER,1,0,0,37,0,0,0,0,0,0,0,0,0,0,0
103261,27,bully,2025,1,0,0,37,0,518,0,1,27,101236,2025,0,38,0,0,0,LEADER,1,0,0,37,0,0,0,0,0,0,0,0,0,0,0
102750,42,bully,1514,1,0,0,37,0,518,0,1,42,101236,1514,0,38,0,0,0,LEADER,1,0,0,37,0,0,0,0,0,0,0,0,0,0,0
103397,24,bully,2161,1,0,0,37,0,518,0,1,24,101236,2161,0,38,0,0,0,LEADER,1,0,0,37,0,0,0,0,0,0,0,0,0,0,0
103349,46,bully,2113,1,0,0,37,0,518,0,1,46,101236,2113,0,38,0,0,0,LEADER,1,0,0,37,0,0,0,0,0,0,0,0,0,0,0
102873,34,bully,1637,1,0,0,37,0,518,0,1,34,101236,1637,0,38,0,0,0,LEADER,1,0,0,37,0,0,0,0,0,0,0,0,0,0,0
103246,59,bully,2010,1,0,0,37,0,518,0,1,59,101236,2010,0,38,0,0,0,LEADER,1,0,0,37,0,0,0,0,0,0,0,0,0,0,0
103528,32,bully,2292,1,0,0,37,0,518,0,1,32,101236,2292,0,38,0,0,0,LEADER,1,0,0,37,0,0,0,0,0,0,0,0,0,0,0
103143,72,bully,1907,1,0,0,37,0,518,0,1,72,101236,1907,0,38,0,0,0,LEADER,1,0,0,37,0,0,0,0,0,0,0,0,0,0,0
103555,63,bully,2316,1,0,0,37,0,518,0,1,63,101239,2316,0,38,0,0,0,LEADER,1,0,0,37,0,0,0,0,0,0,0,0,0,0,0
103028,74,bully,1792,1,0,0,37,0,518,0,1,74,101236,1792,0,38,0,0,0,LEADER,1,0,0,37,0,0,0,0,0,0,0,0,0,0,0
102770,48,bully,1534,1,0,0,37,0,518,0,1,48,101236,1534,0,38,0,0,0,LEADER,1,0,0,37,0,0,0,0,0,0,0,0,0,0,0
103231,57,bully,1995,1,0,0,37,0,518,0,1,57,101236,1995,0,38,0,0,0,LEADER,1,0,0,37,0,0,0,0,0,0,0,0,0,0,0
103301,68,bully,2065,1,0,0,37,0,518,0,1,68,101236,2065,0,38,0,0,0,LEADER,1,0,0,37,0,0,0,0,0,0,0,0,0,0,0
102702,45,bully,1466,1,0,0,37,0,518,0,1,45,101236,1466,0,38,0,0,0,LEADER,1,0,0,37,0,0,0,0,0,0,0,0,0,0,0
103059,93,bully,1823,1,0,0,37,0,518,0,1,93,101236,1823,0,38,0,0,0,LEADER,1,0,0,37,0,0,0,0,0,0,0,0,0,0,0
103640,82,bully,2404,1,0,0,37,0,518,0,1,82,101236,2404,0,38,0,0,0,LEADER,1,0,0,37,0,0,0,0,0,0,0,0,0,0,0
103634,51,bully,2398,1,0,0,37,0,518,0,1,51,101236,2398,0,38,0,0,0,LEADER,1,0,0,37,0,0,0,0,0,0,0,0,0,0,0
103179,39,bully,1943,1,0,0,37,0,518,0,1,39,101236,1943,0,38,0,0,0,LEADER,1,0,0,37,0,0,0,0,0,0,0,0,0,0,0
102925,78,bully,1689,1,0,0,37,0,518,0,1,78,101236,1689,0,38,0,0,0,LEADER,1,0,0,37,0,0,0,0,0,0,0,0,0,0,0
103313,79,bully,2077,1,0,0,37,0,518,0,1,79,101236,2077,0,38,0,0,0,LEADER,1,0,0,37,0,0,0,0,0,0,0,0,0,0,0
102888,14,bully,1652,1,0,0,37,0,518,0,1,14,101236,1652,0,38,0,0,0,LEADER,1,0,0,37,0,0,0,0,0,0,0,0,0,0,0
103315,36,bully,2080,1,0,0,37,0,518,0,1,36,101235,2080,0,38,0,0,0,LEADER,1,0,0,37,0,0,0,0,0,0,0,0,0,0,0
103198,81,bully,1962,1,0,0,37,0,518,0,1,81,101236,1962,0,38,0,0,0,LEADER,1,0,0,37,0,0,0,0,0,0,0,0,0,0,0
102858,67,bully,1622,1,0,0,37,0,518,0,1,67,101236,1622,0,38,0,0,0,LEADER,1,0,0,37,0,0,0,0,0,0,0,0,0,0,0
103619,83,bully,2383,1,0,0,37,0,518,0,1,83,101236,2383,0,38,0,0,0,LEADER,1,0,0,37,0,0,0,0,0,0,0,0,0,0,0
103764,99,bully,1607,1,0,0,38,0,532,0,1,99,102157,1607,0,39,0,0,0,LEADER,1,0,0,38,0,0,0,0,0,0,0,0,0,0,0
102940,55,bully,1704,1,0,0,37,0,518,0,1,55,101236,1704,0,38,0,0,0,LEADER,1,0,0,37,0,0,0,0,0,0,0,0,0,0,0
103731,89,bully,1574,1,0,0,38,0,532,0,1,89,102157,1574,0,39,0,0,0,LEADER,1,0,0,38,0,0,0,0,0,0,0,0,0,0,0
102892,77,bully,1656,1,0,0,37,0,518,0,1,77,101236,1656,0,38,0,0,0,LEADER,1,0,0,37,0,0,0,0,0,0,0,0,0,0,0
103164,71,bully,1928,1,0,0,37,0,518,0,1,71,101236,1928,0,38,0,0,0,LEADER,1,0,0,37,0,0,0,0,0,0,0,0,0,0,0
103076,52,bully,1840,1,0,0,37,0,518,0,1,52,101236,1840,0,38,0,0,0,LEADER,1,0,0,37,0,0,0,0,0,0,0,0,0,0,0
103445,76,bully,2213,1,0,0,37,0,518,0,1,76,101232,2213,0,38,0,0,0,LEADER,1,0,0,37,0,0,0,0,0,0,0,0,0,0,0
103043,10,bully,1807,1,0,0,37,0,518,0,1,10,101236,1807,0,38,0,0,0,LEADER,1,0,0,37,0,0,0,0,0,0,0,0,0,0,0
102976,22,bully,1740,1,0,0,37,0,518,0,1,22,101236,1740,0,38,0,0,0,LEADER,1,0,0,37,0,0,0,0,0,0,0,0,0,0,0
103124,21,bully,1889,1,0,0,37,0,518,0,1,21,101235,1889,0,38,0,0,0,LEADER,1,0,0,37,0,0,0,0,0,0,0,0,0,0,0
103382,56,bully,2146,1,0,0,37,0,518,0,1,56,101236,2146,0,38,0,0,0,LEADER,1,0,0,37,0,0,0,0,0,0,0,0,0,0,0
102907,60,bully,1671,1,0,0,37,0,518,0,1,60,101236,1671,0,38,0,0,0,LEADER,1,0,0,37,0,0,0,0,0,0,0,0,0,0,0
103761,25,bully,1604,1,0,0,38,0,532,0,1,25,102157,1604,0,39,0,0,0,LEADER,1,0,0,38,0,0,0,0,0,0,0,0,0,0,0
102973,65,bully,1737,1,0,0,37,0,518,0,1,65,101236,1737,0,38,0,0,0,LEADER,1,0,0,37,0,0,0,0,0,0,0,0,0,0,0
103649,19,bully,2413,1,0,0,37,0,518,0,1,19,101236,2413,0,38,0,0,0,LEADER,1,0,0,37,0,0,0,0,0,0,0,0,0,0,0
103279,69,bully,2043,1,0,0,37,0,518,0,1,69,101236,2043,0,38,0,0,0,LEADER,1,0,0,37,0,0,0,0,0,0,0,0,0,0,0
103882,54,bully,1725,1,0,0,38,0,532,0,1,54,102157,1725,0,39,0,0,0,LEADER,1,0,0,38,0,0,0,0,0,0,0,0,0,0,0
103228,17,bully,1992,1,0,0,37,0,518,0,1,17,101236,1992,0,38,0,0,0,LEADER,1,0,0,37,0,0,0,0,0,0,0,0,0,0,0
103743,100,bully,1586,1,0,0,38,0,532,0,1,100,102157,1586,0,39,0,0,0,LEADER,1,0,0,38,0,0,0,0,0,0,0,0,0,0,0
103706,16,bully,1549,1,0,0,38,0,532,0,1,16,102157,1549,0,39,0,0,0,LEADER,1,0,0,38,0,0,0,0,0,0,0,0,0,0,0
103294,37,bully,2058,1,0,0,37,0,518,0,1,37,101236,2058,0,38,0,0,0,LEADER,1,0,0,37,0,0,0,0,0,0,0,0,0,0,0
103931,13,bully,1774,1,0,0,38,0,532,0,1,13,102157,1774,0,39,0,0,0,LEADER,1,0,0,38,0,0,0,0,0,0,0,0,0,0,0
103091,20,bully,1855,1,0,0,37,0,518,0,1,20,101236,1855,0,38,0,0,0,LEADER,1,0,0,37,0,0,0,0,0,0,0,0,0,0,0
103724,41,bully,1567,1,0,0,38,0,532,0,1,41,102157,1567,0,39,0,0,0,LEADER,1,0,0,38,0,0,0,0,0,0,0,0,0,0,0
103713,47,bully,1556,1,0,0,38,0,532,0,1,47,102157,1556,0,39,0,0,0,LEADER,1,0,0,38,0,0,0,0,0,0,0,0,0,0,0
103538,95,bully,2301,1,0,0,37,0,518,0,1,95,101237,2301,0,38,0,0,0,LEADER,1,0,0,37,0,0,0,0,0,0,0,0,0,0,0
103401,98,bully,2165,1,0,0,37,0,518,0,1,98,101236,2165,0,38,0,0,0,LEADER,1,0,0,37,0,0,0,0,0,0,0,0,0,0,0
103585,73,bully,2349,1,0,0,37,0,518,0,1,73,101236,2349,0,38,0,0,0,LEADER,1,0,0,37,0,0,0,0,0,0,0,0,0,0,0
103131,61,bully,1895,1,0,0,37,0,518,0,1,61,101236,1895,0,38,0,0,0,LEADER,1,0,0,37,0,0,0,0,0,0,0,0,0,0,0
103879,97,bully,1722,1,0,0,38,0,532,0,1,97,102157,1722,0,39,0,0,0,LEADER,1,0,0,38,0,0,0,0,0,0,0,0,0,0,0
103909,33,bully,1752,1,0,0,38,0,532,0,1,33,102157,1752,0,39,0,0,0,LEADER,1,0,0,38,0,0,0,0,0,0,0,0,0,0,0
103567,31,bully,2331,1,0,0,37,0,518,0,1,31,101236,2331,0,38,0,0,0,LEADER,1,0,0,37,0,0,0,0,0,0,0,0,0,0,0
104067,29,bully,1910,1,0,0,38,0,532,0,1,29,102157,1910,0,39,0,0,0,LEADER,1,0,0,38,0,0,0,0,0,0,0,0,0,0,0
104079,40,bully,1922,1,0,0,38,0,532,0,1,40,102157,1922,0,39,0,0,0,LEADER,1,0,0,38,0,0,0,0,0,0,0,0,0,0,0
103899,96,bully,1744,1,0,0,38,0,532,0,1,96,102155,1744,0,39,0,0,0,LEADER,1,0,0,38,0,0,0,0,0,0,0,0,0,0,0
103982,84,bully,1825,1,0,0,38,0,532,0,1,84,102157,1825,0,39,0,0,0,LEADER,1,0,0,38,0,0,0,0,0,0,0,0,0,0,0
103676,80,bully,1519,1,0,0,38,0,532,0,1,80,102157,1519,0,39,0,0,0,LEADER,1,0,0,38,0,0,0,0,0,0,0,0,0,0,0
103519,53,bully,2283,1,0,0,37,0,518,0,1,53,101236,2283,0,38,0,0,0,LEADER,1,0,0,37,0,0,0,0,0,0,0,0,0,0,0
103595,92,bully,1438,1,0,0,38,0,532,0,1,92,102157,1438,0,39,0,0,0,LEADER,1,0,0,38,0,0,0,0,0,0,0,0,0,0,0
104031,62,bully,1874,1,0,0,38,0,532,0,1,62,102157,1874,0,39,0,0,0,LEADER,1,0,0,38,0,0,0,0,0,0,0,0,0,0,0
103772,91,bully,1619,1,0,0,38,0,532,0,1,91,102153,1619,0,39,0,0,0,LEADER,1,0,0,38,0,0,0,0,0,0,0,0,0,0,0
103728,15,bully,1571,1,0,0,38,0,532,0,1,15,102157,1571,0,39,0,0,0,LEADER,1,0,0,38,0,0,0,0,0,0,0,0,0,0,0
103397,26,bully,2161,1,0,0,37,0,518,0,1,26,101236,2161,0,38,0,0,0,LEADER,1,0,0,37,0,0,0,0,0,0,0,0,0,0,0
104134,49,bully,1977,1,0,0,38,0,532,0,1,49,102157,1977,0,39,0,0,0,LEADER,1,0,0,38,0,0,0,0,0,0,0,0,0,0,0
103949,58,bully,1792,1,0,0,38,0,532,0,1,58,102157,1792,0,39,0,0,0,LEADER,1,0,0,38,0,0,0,0,0,0,0,0,0,0,0
103482,86,bully,2246,1,0,0,37,0,518,0,1,86,101236,2246,0,38,0,0,0,LEADER,1,0,0,37,0,0,0,0,0,0,0,0,0,0,0
103655,50,bully,2419,1,0,0,37,0,518,0,1,50,101236,2419,0,38,0,0,0,LEADER,1,0,0,37,0,0,0,0,0,0,0,0,0,0,0
103507,85,bully,2268,1,0,0,37,0,518,0,1,85,101239,2268,0,38,0,0,0,LEADER,1,0,0,37,0,0,0,0,0,0,0,0,0,0,0
103446,87,bully,2212,1,0,0,37,0,518,0,1,87,101234,2212,0,38,0,0,0,LEADER,1,0,0,37,0,0,0,0,0,0,0,0,0,0,0
103652,64,bully,2416,1,0,0,37,0,518,0,1,64,101236,2416,0,38,0,0,0,LEADER,1,0,0,37,0,0,0,0,0,0,0,0,0,0,0
103501,11,bully,2264,1,0,0,37,0,518,0,1,11,101237,2264,0,38,0,0,0,LEADER,1,0,0,37,0,0,0,0,0,0,0,0,0,0,0
103591,18,bully,1434,1,0,0,38,0,532,0,1,18,102157,1434,0,39,0,0,0,LEADER,1,0,0,38,0,0,0,0,0,0,0,0,0,0,0
103710,90,bully,1553,1,0,0,38,0,532,0,1,90,102157,1553,0,39,0,0,0,LEADER,1,0,0,38,0,0,0,0,0,0,0,0,0,0,0
103604,35,bully,1447,1,0,0,38,0,532,0,1,35,102157,1447,0,39,0,0,0,LEADER,1,0,0,38,0,0,0,0,0,0,0,0,0,0,0
103485,43,bully,2249,1,0,0,37,0,518,0,1,43,101236,2249,0,38,0,0,0,LEADER,1,0,0,37,0,0,0,0,0,0,0,0,0,0,0
103624,28,bully,1467,1,0,0,38,0,532,0,1,28,102157,1467,0,39,0,0,0,LEADER,1,0,0,38,0,0,0,0,0,0,0,0,0,0,0
103462,44,bully,2228,1,0,0,37,0,518,0,1,44,101234,2228,0,38,0,0,0,LEADER,1,0,0,37,0,0,0,0,0,0,0,0,0,0,0
104298,23,bully,2141,1,0,0,38,0,532,0,1,23,102157,2141,0,39,0,0,0,LEADER,1,0,0,38,0,0,0,0,0,0,0,0,0,0,0
103618,30,bully,1461,1,0,0,38,0,532,0,1,30,102157,1461,0,39,0,0,0,LEADER,1,0,0,38,0,0,0,0,0,0,0,0,0,0,0
104016,94,bully,1859,1,0,0,38,0,532,0,1,94,102157,1859,0,39,0,0,0,LEADER,1,0,0,38,0,0,0,0,0,0,0,0,0,0,0
103658,38,bully,1501,1,0,0,38,0,532,0,1,38,102157,1501,0,39,0,0,0,LEADER,1,0,0,38,0,0,0,0,0,0,0,0,0,0,0
104337,66,bully,2180,1,0,0,38,0,532,0,1,66,102157,2180,0,39,0,0,0,LEADER,1,0,0,38,0,0,0,0,0,0,0,0,0,0,0
103643,70,bully,1486,1,0,0,38,0,532,0,1,70,102157,1486,0,39,0,0,0,LEADER,1,0,0,38,0,0,0,0,0,0,0,0,0,0,0
104288,88,bully,2131,1,0,0,38,0,532,0,1,88,102157,2131,0,39,0,0,0,LEADER,1,0,0,38,0,0,0,0,0,0,0,0,0,0,0
103471,75,bully,2235,1,0,0,37,0,518,0,1,75,101236,2235,0,38,0,0,0,LEADER,1,0,0,37,0,0,0,0,0,0,0,0,0,0,0
103481,12,bully,2243,1,0,0,37,0,518,0,1,12,101238,2243,0,38,0,0,0,LEADER,1,0,0,37,0,0,0,0,0,0,0,0,0,0,0
104182,27,bully,2025,1,0,0,38,0,532,0,1,27,102157,2025,0,39,0,0,0,LEADER,1,0,0,38,0,0,0,0,0,0,0,0,0,0,0
103671,42,bully,1514,1,0,0,38,0,532,0,1,42,102157,1514,0,39,0,0,0,LEADER,1,0,0,38,0,0,0,0,0,0,0,0,0,0,0
104318,24,bully,2161,1,0,0,38,0,532,0,1,24,102157,2161,0,39,0,0,0,LEADER,1,0,0,38,0,0,0,0,0,0,0,0,0,0,0
104270,46,bully,2113,1,0,0,38,0,532,0,1,46,102157,2113,0,39,0,0,0,LEADER,1,0,0,38,0,0,0,0,0,0,0,0,0,0,0
103794,34,bully,1637,1,0,0,38,0,532,0,1,34,102157,1637,0,39,0,0,0,LEADER,1,0,0,38,0,0,0,0,0,0,0,0,0,0,0
104167,59,bully,2010,1,0,0,38,0,532,0,1,59,102157,2010,0,39,0,0,0,LEADER,1,0,0,38,0,0,0,0,0,0,0,0,0,0,0
104449,32,bully,2292,1,0,0,38,0,532,0,1,32,102157,2292,0,39,0,0,0,LEADER,1,0,0,38,0,0,0,0,0,0,0,0,0,0,0
104064,72,bully,1907,1,0,0,38,0,532,0,1,72,102157,1907,0,39,0,0,0,LEADER,1,0,0,38,0,0,0,0,0,0,0,0,0,0,0
104476,63,bully,2316,1,0,0,38,0,532,0,1,63,102160,2316,0,39,0,0,0,LEADER,1,0,0,38,0,0,0,0,0,0,0,0,0,0,0
103949,74,bully,1792,1,0,0,38,0,532,0,1,74,102157,1792,0,39,0,0,0,LEADER,1,0,0,38,0,0,0,0,0,0,0,0,0,0,0
103691,48,bully,1534,1,0,0,38,0,532,0,1,48,102157,1534,0,39,0,0,0,LEADER,1,0,0,38,0,0,0,0,0,0,0,0,0,0,0
104152,57,bully,1995,1,0,0,38,0,532,0,1,57,102157,1995,0,39,0,0,0,LEADER,1,0,0,38,0,0,0,0,0,0,0,0,0,0,0
104222,68,bully,2065,1,0,0,38,0,532,0,1,68,102157,2065,0,39,0,0,0,LEADER,1,0,0,38,0,0,0,0,0,0,0,0,0,0,0
103623,45,bully,1466,1,0,0,38,0,532,0,1,45,102157,1466,0,39,0,0,0,LEADER,1,0,0,38,0,0,0,0,0,0,0,0,0,0,0
103980,93,bully,1823,1,0,0,38,0,532,0,1,93,102157,1823,0,39,0,0,0,LEADER,1,0,0,38,0,0,0,0,0,0,0,0,0,0,0
104561,82,bully,2404,1,0,0,38,0,532,0,1,82,102157,2404,0,39,0,0,0,LEADER,1,0,0,38,0,0,0,0,0,0,0,0,0,0,0
104555,51,bully,2398,1,0,0,38,0,532,0,1,51,102157,2398,0,39,0,0,0,LEADER,1,0,0,38,0,0,0,0,0,0,0,0,0,0,0
104100,39,bully,1943,1,0,0,38,0,532,0,1,39,102157,1943,0,39,0,0,0,LEADER,1,0,0,38,0,0,0,0,0,0,0,0,0,0,0
103846,78,bully,1689,1,0,0,38,0,532,0,1,78,102157,1689,0,39,0,0,0,LEADER,1,0,0,38,0,0,0,0,0,0,0,0,0,0,0
104234,79,bully,2077,1,0,0,38,0,532,0,1,79,102157,2077,0,39,0,0,0,LEADER,1,0,0,38,0,0,0,0,0,0,0,0,0,0,0
103809,14,bully,1652,1,0,0,38,0,532,0,1,14,102157,1652,0,39,0,0,0,LEADER,1,0,0,38,0,0,0,0,0,0,0,0,0,0,0
104236,36,bully,2080,1,0,0,38,0,532,0,1,36,102156,2080,0,39,0,0,0,LEADER,1,0,0,38,0,0,0,0,0,0,0,0,0,0,0
104119,81,bully,1962,1,0,0,38,0,532,0,1,81,102157,1962,0,39,0,0,0,LEADER,1,0,0,38,0,0,0,0,0,0,0,0,0,0,0
103779,67,bully,1622,1,0,0,38,0,532,0,1,67,102157,1622,0,39,0,0,0,LEADER,1,0,0,38,0,0,0,0,0,0,0,0,0,0,0
104540,83,bully,2383,1,0,0,38,0,532,0,1,83,102157,2383,0,39,0,0,0,LEADER,1,0,0,38,0,0,0,0,0,0,0,0,0,0,0
104684,99,bully,1607,1,0,0,38,0,532,0,1,99,103077,1607,0,39,0,0,0,LEADER,1,0,0,38,0,0,0,0,0,0,0,0,0,0,0
103861,55,bully,1704,1,0,0,38,0,532,0,1,55,102157,1704,0,39,0,0,0,LEADER,1,0,0,38,0,0,0,0,0,0,0,0,0,0,0
104651,89,bully,1574,1,0,0,38,0,532,0,1,89,103077,1574,0,39,0,0,0,LEADER,1,0,0,38,0,0,0,0,0,0,0,0,0,0,0
103813,77,bully,1656,1,0,0,38,0,532,0,1,77,102157,1656,0,39,0,0,0,LEADER,1,0,0,38,0,0,0,0,0,0,0,0,0,0,0
104085,71,bully,1928,1,0,0,38,0,532,0,1,71,102157,1928,0,39,0,0,0,LEADER,1,0,0,38,0,0,0,0,0,0,0,0,0,0,0
103997,52,bully,1840,1,0,0,38,0,532,0,1,52,102157,1840,0,39,0,0,0,LEADER,1,0,0,38,0,0,0,0,0,0,0,0,0,0,0
104366,76,bully,2213,1,0,0,38,0,532,0,1,76,102153,2213,0,39,0,0,0,LEADER,1,0,0,38,0,0,0,0,0,0,0,0,0,0,0
103964,10,bully,1807,1,0,0,38,0,532,0,1,10,102157,1807,0,39,0,0,0,LEADER,1,0,0,38,0,0,0,0,0,0,0,0,0,0,0
103897,22,bully,1740,1,0,0,38,0,532,0,1,22,102157,1740,0,39,0,0,0,LEADER,1,0,0,38,0,0,0,0,0,0,0,0,0,0,0
104045,21,bully,1889,1,0,0,38,0,532,0,1,21,102156,1889,0,39,0,0,0,LEADER,1,0,0,38,0,0,0,0,0,0,0,0,0,0,0
104303,56,bully,2146,1,0,0,38,0,532,0,1,56,102157,2146,0,39,0,0,0,LEADER,1,0,0,38,0,0,0,0,0,0,0,0,0,0,0
103828,60,bully,1671,1,0,0,38,0,532,0,1,60,102157,1671,0,39,0,0,0,LEADER,1,0,0,38,0,0,0,0,0,0,0,0,0,0,0
104681,25,bully,1604,1,0,0,38,0,532,0,1,25,103077,1604,0,39,0,0,0,LEADER,1,0,0,38,0,0,0,0,0,0,0,0,0,0,0
103894,65,bully,1737,1,0,0,38,0,532,0,1,65,102157,1737,0,39,0,0,0,LEADER,1,0,0,38,0,0,0,0,0,0,0,0,0,0,0
104570,19,bully,2413,1,0,0,38,0,532,0,1,19,102157,2413,0,39,0,0,0,LEADER,1,0,0,38,0,0,0,0,0,0,0,0,0,0,0
104200,69,bully,2043,1,0,0,38,0,532,0,1,69,102157,2043,0,39,0,0,0,LEADER,1,0,0,38,0,0,0,0,0,0,0,0,0,0,0
104802,54,bully,1725,1,0,0,38,0,532,0,1,54,103077,1725,0,39,0,0,0,LEADER,1,0,0,38,0,0,0,0,0,0,0,0,0,0,0
104149,17,bully,1992,1,0,0,38,0,532,0,1,17,102157,1992,0,39,0,0,0,LEADER,1,0,0,38,0,0,0,0,0,0,0,0,0,0,0
104663,100,bully,1586,1,0,0,38,0,532,0,1,100,103077,1586,0,39,0,0,0,LEADER,1,0,0,38,0,0,0,0,0,0,0,0,0,0,0
104626,16,bully,1549,1,0,0,38,0,532,0,1,16,103077,1549,0,39,0,0,0,LEADER,1,0,0,38,0,0,0,0,0,0,0,0,0,0,0
104215,37,bully,2058,1,0,0,38,0,532,0,1,37,102157,2058,0,39,0,0,0,LEADER,1,0,0,38,0,0,0,0,0,0,0,0,0,0,0
104851,13,bully,1774,1,0,0,38,0,532,0,1,13,103077,1774,0,39,0,0,0,LEADER,1,0,0,38,0,0,0,0,0,0,0,0,0,0,0
104012,20,bully,1855,1,0,0,38,0,532,0,1,20,102157,1855,0,39,0,0,0,LEADER,1,0,0,38,0,0,0,0,0,0,0,0,0,0,0
104644,41,bully,1567,1,0,0,38,0,532,0,1,41,103077,1567,0,39,0,0,0,LEADER,1,0,0,38,0,0,0,0,0,0,0,0,0,0,0
104633,47,bully,1556,1,0,0,38,0,532,0,1,47,103077,1556,0,39,0,0,0,LEADER,1,0,0,38,0,0,0,0,0,0,0,0,0,0,0
104459,95,bully,2301,1,0,0,38,0,532,0,1,95,102158,2301,0,39,0,0,0,LEADER,1,0,0,38,0,0,0,0,0,0,0,0,0,0,0
104322,98,bully,2165,1,0,0,38,0,532,0,1,98,102157,2165,0,39,0,0,0,LEADER,1,0,0,38,0,0,0,0,0,0,0,0,0,0,0
104506,73,bully,2349,1,0,0,38,0,532,0,1,73,102157,2349,0,39,0,0,0,LEADER,1,0,0,38,0,0,0,0,0,0,0,0,0,0,0
104829,33,bully,1752,1,0,0,38,0,532,0,1,33,103077,1752,0,39,0,0,0,LEADER,1,0,0,38,0,0,0,0,0,0,0,0,0,0,0
104799,97,bully,1722,1,0,0,38,0,532,0,1,97,103077,1722,0,39,0,0,0,LEADER,1,0,0,38,0,0,0,0,0,0,0,0,0,0,0
104052,61,bully,1895,1,0,0,38,0,532,0,1,61,102157,1895,0,39,0,0,0,LEADER,1,0,0,38,0,0,0,0,0,0,0,0,0,0,0
104987,29,bully,1910,1,0,0,38,0,532,0,1,29,103077,1910,0,39,0,0,0,LEADER,1,0,0,38,0,0,0,0,0,0,0,0,0,0,0
104999,40,bully,1922,1,0,0,38,0,532,0,1,40,103077,1922,0,39,0,0,0,LEADER,1,0,0,38,0,0,0,0,0,0,0,0,0,0,0
104488,31,bully,2331,1,0,0,38,0,532,0,1,31,102157,2331,0,39,0,0,0,LEADER,1,0,0,38,0,0,0,0,0,0,0,0,0,0,0
104819,96,bully,1744,1,0,0,38,0,532,0,1,96,103075,1744,0,39,0,0,0,LEADER,1,0,0,38,0,0,0,0,0,0,0,0,0,0,0
104902,84,bully,1825,1,0,0,38,0,532,0,1,84,103077,1825,0,39,0,0,0,LEADER,1,0,0,38,0,0,0,0,0,0,0,0,0,0,0
104596,80,bully,1519,1,0,0,38,0,532,0,1,80,103077,1519,0,39,0,0,0,LEADER,1,0,0,38,0,0,0,0,0,0,0,0,0,0,0
104440,53,bully,2283,1,0,0,38,0,532,0,1,53,102157,2283,0,39,0,0,0,LEADER,1,0,0,38,0,0,0,0,0,0,0,0,0,0,0
104515,92,bully,1438,1,0,0,38,0,532,0,1,92,103077,1438,0,39,0,0,0,LEADER,1,0,0,38,0,0,0,0,0,0,0,0,0,0,0
104951,62,bully,1874,1,0,0,38,0,532,0,1,62,103077,1874,0,39,0,0,0,LEADER,1,0,0,38,0,0,0,0,0,0,0,0,0,0,0
104692,91,bully,1619,1,0,0,38,0,532,0,1,91,103073,1619,0,39,0,0,0,LEADER,1,0,0,38,0,0,0,0,0,0,0,0,0,0,0
104648,15,bully,1571,1,0,0,38,0,532,0,1,15,103077,1571,0,39,0,0,0,LEADER,1,0,0,38,0,0,0,0,0,0,0,0,0,0,0
104318,26,bully,2161,1,0,0,38,0,532,0,1,26,102157,2161,0,39,0,0,0,LEADER,1,0,0,38,0,0,0,0,0,0,0,0,0,0,0
105054,49,bully,1977,1,0,0,38,0,532,0,1,49,103077,1977,0,39,0,0,0,LEADER,1,0,0,38,0,0,0,0,0,0,0,0,0,0,0
104869,58,bully,1792,1,0,0,38,0,532,0,1,58,103077,1792,0,39,0,0,0,LEADER,1,0,0,38,0,0,0,0,0,0,0,0,0,0,0
104403,86,bully,2246,1,0,0,38,0,532,0,1,86,102157,2246,0,39,0,0,0,LEADER,1,0,0,38,0,0,0,0,0,0,0,0,0,0,0
104576,50,bully,2419,1,0,0,38,0,532,0,1,50,102157,2419,0,39,0,0,0,LEADER,1,0,0,38,0,0,0,0,0,0,0,0,0,0,0
104428,85,bully,2268,1,0,0,38,0,532,0,1,85,102160,2268,0,39,0,0,0,LEADER,1,0,0,38,0,0,0,0,0,0,0,0,0,0,0
104367,87,bully,2212,1,0,0,38,0,532,0,1,87,102155,2212,0,39,0,0,0,LEADER,1,0,0,38,0,0,0,0,0,0,0,0,0,0,0
104573,64,bully,2416,1,0,0,38,0,532,0,1,64,102157,2416,0,39,0,0,0,LEADER,1,0,0,38,0,0,0,0,0,0,0,0,0,0,0
104511,18,bully,1434,1,0,0,38,0,532,0,1,18,103077,1434,0,39,0,0,0,LEADER,1,0,0,38,0,0,0,0,0,0,0,0,0,0,0
104422,11,bully,2264,1,0,0,38,0,532,0,1,11,102158,2264,0,39,0,0,0,LEADER,1,0,0,38,0,0,0,0,0,0,0,0,0,0,0
104630,90,bully,1553,1,0,0,38,0,532,0,1,90,103077,1553,0,39,0,0,0,LEADER,1,0,0,38,0,0,0,0,0,0,0,0,0,0,0
104524,35,bully,1447,1,0,0,38,0,532,0,1,35,103077,1447,0,39,0,0,0,LEADER,1,0,0,38,0,0,0,0,0,0,0,0,0,0,0
104406,43,bully,2249,1,0,0,38,0,532,0,1,43,102157,2249,0,39,0,0,0,LEADER,1,0,0,38,0,0,0,0,0,0,0,0,0,0,0
104544,28,bully,1467,1,0,0,38,0,532,0,1,28,103077,1467,0,39,0,0,0,LEADER,1,0,0,38,0,0,0,0,0,0,0,0,0,0,0
104383,44,bully,2228,1,0,0,38,0,532,0,1,44,102155,2228,0,39,0,0,0,LEADER,1,0,0,38,0,0,0,0,0,0,0,0,0,0,0
105218,23,bully,2141,1,0,0,38,0,532,0,1,23,103077,2141,0,39,0,0,0,LEADER,1,0,0,38,0,0,0,0,0,0,0,0,0,0,0
104538,30,bully,1461,1,0,0,38,0,532,0,1,30,103077,1461,0,39,0,0,0,LEADER,1,0,0,38,0,0,0,0,0,0,0,0,0,0,0
104936,94,bully,1859,1,0,0,38,0,532,0,1,94,103077,1859,0,39,0,0,0,LEADER,1,0,0,38,0,0,0,0,0,0,0,0,0,0,0
104578,38,bully,1501,1,0,0,38,0,532,0,1,38,103077,1501,0,39,0,0,0,LEADER,1,0,0,38,0,0,0,0,0,0,0,0,0,0,0
105257,66,bully,2180,1,0,0,38,0,532,0,1,66,103077,2180,0,39,0,0,0,LEADER,1,0,0,38,0,0,0,0,0,0,0,0,0,0,0
104563,70,bully,1486,1,0,0,38,0,532,0,1,70,103077,1486,0,39,0,0,0,LEADER,1,0,0,38,0,0,0,0,0,0,0,0,0,0,0
105208,88,bully,2131,1,0,0,38,0,532,0,1,88,103077,2131,0,39,0,0,0,LEADER,1,0,0,38,0,0,0,0,0,0,0,0,0,0,0
104392,75,bully,2235,1,0,0,38,0,532,0,1,75,102157,2235,0,39,0,0,0,LEADER,1,0,0,38,0,0,0,0,0,0,0,0,0,0,0
104402,12,bully,2243,1,0,0,38,0,532,0,1,12,102159,2243,0,39,0,0,0,LEADER,1,0,0,38,0,0,0,0,0,0,0,0,0,0,0
105102,27,bully,2025,1,0,0,38,0,532,0,1,27,103077,2025,0,39,0,0,0,LEADER,1,0,0,38,0,0,0,0,0,0,0,0,0,0,0
104591,42,bully,1514,1,0,0,38,0,532,0,1,42,103077,1514,0,39,0,0,0,LEADER,1,0,0,38,0,0,0,0,0,0,0,0,0,0,0
105238,24,bully,2161,1,0,0,38,0,532,0,1,24,103077,2161,0,39,0,0,0,LEADER,1,0,0,38,0,0,0,0,0,0,0,0,0,0,0
105190,46,bully,2113,1,0,0,38,0,532,0,1,46,103077,2113,0,39,0,0,0,LEADER,1,0,0,38,0,0,0,0,0,0,0,0,0,0,0
104714,34,bully,1637,1,0,0,38,0,532,0,1,34,103077,1637,0,39,0,0,0,LEADER,1,0,0,38,0,0,0,0,0,0,0,0,0,0,0
105087,59,bully,2010,1,0,0,38,0,532,0,1,59,103077,2010,0,39,0,0,0,LEADER,1,0,0,38,0,0,0,0,0,0,0,0,0,0,0
105369,32,bully,2292,1,0,0,38,0,532,0,1,32,103077,2292,0,39,0,0,0,LEADER,1,0,0,38,0,0,0,0,0,0,0,0,0,0,0
104984,72,bully,1907,1,0,0,38,0,532,0,1,72,103077,1907,0,39,0,0,0,LEADER,1,0,0,38,0,0,0,0,0,0,0,0,0,0,0
105396,63,bully,2316,1,0,0,38,0,532,0,1,63,103080,2316,0,39,0,0,0,LEADER,1,0,0,38,0,0,0,0,0,0,0,0,0,0,0
104869,74,bully,1792,1,0,0,38,0,532,0,1,74,103077,1792,0,39,0,0,0,LEADER,1,0,0,38,0,0,0,0,0,0,0,0,0,0,0
104611,48,bully,1534,1,0,0,38,0,532,0,1,48,103077,1534,0,39,0,0,0,LEADER,1,0,0,38,0,0,0,0,0,0,0,0,0,0,0
105072,57,bully,1995,1,0,0,38,0,532,0,1,57,103077,1995,0,39,0,0,0,LEADER,1,0,0,38,0,0,0,0,0,0,0,0,0,0,0
105142,68,bully,2065,1,0,0,38,0,532,0,1,68,103077,2065,0,39,0,0,0,LEADER,1,0,0,38,0,0,0,0,0,0,0,0,0,0,0
104543,45,bully,1466,1,0,0,38,0,532,0,1,45,103077,1466,0,39,0,0,0,LEADER,1,0,0,38,0,0,0,0,0,0,0,0,0,0,0
104900,93,bully,1823,1,0,0,38,0,532,0,1,93,103077,1823,0,39,0,0,0,LEADER,1,0,0,38,0,0,0,0,0,0,0,0,0,0,0
105481,82,bully,2404,1,0,0,38,0,532,0,1,82,103077,2404,0,39,0,0,0,LEADER,1,0,0,38,0,0,0,0,0,0,0,0,0,0,0
105064,6,bully,1516,1,0,0,9,26,126,364,3,7,103548,1516,0,5,0,0,0,NORMAL,0,0,0,9,0,0,0,26,0,0,0,0,0,0,0
105475,51,bully,2398,1,0,0,38,0,532,0,1,51,103077,2398,0,39,0,0,0,LEADER,1,0,0,38,0,0,0,0,0,0,0,0,0,0,0
105020,39,bully,1943,1,0,0,38,0,532,0,1,39,103077,1943,0,39,0,0,0,LEADER,1,0,0,38,0,0,0,0,0,0,0,0,0,0,0
104766,78,bully,1689,1,0,0,38,0,532,0,1,78,103077,1689,0,39,0,0,0,LEADER,1,0,0,38,0,0,0,0,0,0,0,0,0,0,0
105154,79,bully,2077,1,0,0,38,0,532,0,1,79,103077,2077,0,39,0,0,0,LEADER,1,0,0,38,0,0,0,0,0,0,0,0,0,0,0
104729,14,bully,1652,1,0,0,38,0,532,0,1,14,103077,1652,0,39,0,0,0,LEADER,1,0,0,38,0,0,0,0,0,0,0,0,0,0,0
105156,36,bully,2080,1,0,0,38,0,532,0,1,36,103076,2080,0,39,0,0,0,LEADER,1,0,0,38,0,0,0,0,0,0,0,0,0,0,0
105039,81,bully,1962,1,0,0,38,0,532,0,1,81,103077,1962,0,39,0,0,0,LEADER,1,0,0,38,0,0,0,0,0,0,0,0,0,0,0
104699,67,bully,1622,1,0,0,38,0,532,0,1,67,103077,1622,0,39,0,0,0,LEADER,1,0,0,38,0,0,0,0,0,0,0,0,0,0,0
105460,83,bully,2383,1,0,0,38,0,532,0,1,83,103077,2383,0,39,0,0,0,LEADER,1,0,0,38,0,0,0,0,0,0,0,0,0,0,0
105604,99,bully,1607,1,0,0,38,0,532,0,1,99,103997,1607,0,39,0,0,0,LEADER,1,0,0,38,0,0,0,0,0,0,0,0,0,0,0
104781,55,bully,1704,1,0,0,38,0,532,0,1,55,103077,1704,0,39,0,0,0,LEADER,1,0,0,38,0,0,0,0,0,0,0,0,0,0,0
105571,89,bully,1574,1,0,0,38,0,532,0,1,89,103997,1574,0,39,0,0,0,LEADER,1,0,0,38,0,0,0,0,0,0,0,0,0,0,0
104733,77,bully,1656,1,0,0,38,0,532,0,1,77,103077,1656,0,39,0,0,0,LEADER,1,0,0,38,0,0,0,0,0,0,0,0,0,0,0
105005,71,bully,1928,1,0,0,38,0,532,0,1,71,103077,1928,0,39,0,0,0,LEADER,1,0,0,38,0,0,0,0,0,0,0,0,0,0,0
104917,52,bully,1840,1,0,0,38,0,532,0,1,52,103077,1840,0,39,0,0,0,LEADER,1,0,0,38,0,0,0,0,0,0,0,0,0,0,0
105286,76,bully,2213,1,0,0,38,0,532,0,1,76,103073,2213,0,39,0,0,0,LEADER,1,0,0,38,0,0,0,0,0,0,0,0,0,0,0
104884,10,bully,1807,1,0,0,38,0,532,0,1,10,103077,1807,0,39,0,0,0,LEADER,1,0,0,38,0,0,0,0,0,0,0,0,0,0,0
104817,22,bully,1740,1,0,0,38,0,532,0,1,22,103077,1740,0,39,0,0,0,LEADER,1,0,0,38,0,0,0,0,0,0,0,0,0,0,0
104965,21,bully,1889,1,0,0,38,0,532,0,1,21,103076,1889,0,39,0,0,0,LEADER,1,0,0,38,0,0,0,0,0,0,0,0,0,0,0
105223,56,bully,2146,1,0,0,38,0,532,0,1,56,103077,2146,0,39,0,0,0,LEADER,1,0,0,38,0,0,0,0,0,0,0,0,0,0,0
104748,60,bully,1671,1,0,0,38,0,532,0,1,60,103077,1671,0,39,0,0,0,LEADER,1,0,0,38,0,0,0,0,0,0,0,0,0,0,0
105601,25,bully,1604,1,0,0,38,0,532,0,1,25,103997,1604,0,39,0,0,0,LEADER,1,0,0,38,0,0,0,0,0,0,0,0,0,0,0
104814,65,bully,1737,1,0,0,38,0,532,0,1,65,103077,1737,0,39,0,0,0,LEADER,1,0,0,38,0,0,0,0,0,0,0,0,0,0,0
105490,19,bully,2413,1,0,0,38,0,532,0,1,19,103077,2413,0,39,0,0,0,LEADER,1,0,0,38,0,0,0,0,0,0,0,0,0,0,0
105120,69,bully,2043,1,0,0,38,0,532,0,1,69,103077,2043,0,39,0,0,0,LEADER,1,0,0,38,0,0,0,0,0,0,0,0,0,0,0
105722,54,bully,1725,1,0,0,38,0,532,0,1,54,103997,1725,0,39,0,0,0,LEADER,1,0,0,38,0,0,0,0,0,0,0,0,0,0,0
105069,17,bully,1992,1,0,0,38,0,532,0,1,17,103077,1992,0,39,0,0,0,LEADER,1,0,0,38,0,0,0,0,0,0,0,0,0,0,0
105583,100,bully,1586,1,0,0,38,0,532,0,1,100,103997,1586,0,39,0,0,0,LEADER,1,0,0,38,0,0,0,0,0,0,0,0,0,0,0
105546,16,bully,1549,1,0,0,38,0,532,0,1,16,103997,1549,0,39,0,0,0,LEADER,1,0,0,38,0,0,0,0,0,0,0,0,0,0,0
105135,37,bully,2058,1,0,0,38,0,532,0,1,37,103077,2058,0,39,0,0,0,LEADER,1,0,0,38,0,0,0,0,0,0,0,0,0,0,0
105771,13,bully,1774,1,0,0,38,0,532,0,1,13,103997,1774,0,39,0,0,0,LEADER,1,0,0,38,0,0,0,0,0,0,0,0,0,0,0
104932,20,bully,1855,1,0,0,38,0,532,0,1,20,103077,1855,0,39,0,0,0,LEADER,1,0,0,38,0,0,0,0,0,0,0,0,0,0,0
105564,41,bully,1567,1,0,0,38,0,532,0,1,41,103997,1567,0,39,0,0,0,LEADER,1,0,0,38,0,0,0,0,0,0,0,0,0,0,0
105553,47,bully,1556,1,0,0,38,0,532,0,1,47,103997,1556,0,39,0,0,0,LEADER,1,0,0,38,0,0,0,0,0,0,0,0,0,0,0
105379,95,bully,2301,1,0,0,38,0,532,0,1,95,103078,2301,0,39,0,0,0,LEADER,1,0,0,38,0,0,0,0,0,0,0,0,0,0,0
105610,2,bully,2214,1,0,0,8,18,112,252,3,1,103396,2214,0,6,0,0,0,NORMAL,0,0,0,8,0,0,0,18,0,0,0,0,0,0,0
105242,98,bully,2165,1,0,0,38,0,532,0,1,98,103077,2165,0,39,0,0,0,LEADER,1,0,0,38,0,0,0,0,0,0,0,0,0,0,0
105426,73,bully,2349,1,0,0,38,0,532,0,1,73,103077,2349,0,39,0,0,0,LEADER,1,0,0,38,0,0,0,0,0,0,0,0,0,0,0
105749,33,bully,1752,1,0,0,38,0,532,0,1,33,103997,1752,0,39,0,0,0,LEADER,1,0,0,38,0,0,0,0,0,0,0,0,0,0,0
105719,97,bully,1722,1,0,0,38,0,532,0,1,97,103997,1722,0,39,0,0,0,LEADER,1,0,0,38,0,0,0,0,0,0,0,0,0,0,0
104972,61,bully,1895,1,0,0,38,0,532,0,1,61,103077,1895,0,39,0,0,0,LEADER,1,0,0,38,0,0,0,0,0,0,0,0,0,0,0
105907,29,bully,1910,1,0,0,38,0,532,0,1,29,103997,1910,0,39,0,0,0,LEADER,1,0,0,38,0,0,0,0,0,0,0,0,0,0,0
105919,40,bully,1922,1,0,0,38,0,532,0,1,40,103997,1922,0,39,0,0,0,LEADER,1,0,0,38,0,0,0,0,0,0,0,0,0,0,0
105408,31,bully,2331,1,0,0,38,0,532,0,1,31,103077,2331,0,39,0,0,0,LEADER,1,0,0,38,0,0,0,0,0,0,0,0,0,0,0
105739,96,bully,1744,1,0,0,38,0,532,0,1,96,103995,1744,0,39,0,0,0,LEADER,1,0,0,38,0,0,0,0,0,0,0,0,0,0,0
105822,84,bully,1825,1,0,0,38,0,532,0,1,84,103997,1825,0,39,0,0,0,LEADER,1,0,0,38,0,0,0,0,0,0,0,0,0,0,0
105516,80,bully,1519,1,0,0,38,0,532,0,1,80,103997,1519,0,39,0,0,0,LEADER,1,0,0,38,0,0,0,0,0,0,0,0,0,0,0
105360,53,bully,2283,1,0,0,38,0,532,0,1,53,103077,2283,0,39,0,0,0,LEADER,1,0,0,38,0,0,0,0,0,0,0,0,0,0,0
105435,92,bully,1438,1,0,0,38,0,532,0,1,92,103997,1438,0,39,0,0,0,LEADER,1,0,0,38,0,0,0,0,0,0,0,0,0,0,0
105871,62,bully,1874,1,0,0,38,0,532,0,1,62,103997,1874,0,39,0,0,0,LEADER,1,0,0,38,0,0,0,0,0,0,0,0,0,0,0
105612,91,bully,1619,1,0,0,38,0,532,0,1,91,103993,1619,0,39,0,0,0,LEADER,1,0,0,38,0,0,0,0,0,0,0,0,0,0,0
105568,15,bully,1571,1,0,0,38,0,532,0,1,15,103997,1571,0,39,0,0,0,LEADER,1,0,0,38,0,0,0,0,0,0,0,0,0,0,0
105238,26,bully,2161,1,0,0,38,0,532,0,1,26,103077,2161,0,39,0,0,0,LEADER,1,0,0,38,0,0,0,0,0,0,0,0,0,0,0
105974,49,bully,1977,1,0,0,38,0,532,0,1,49,103997,1977,0,39,0,0,0,LEADER,1,0,0,38,0,0,0,0,0,0,0,0,0,0,0
105789,58,bully,1792,1,0,0,38,0,532,0,1,58,103997,1792,0,39,0,0,0,LEADER,1,0,0,38,0,0,0,0,0,0,0,0,0,0,0
105323,86,bully,2246,1,0,0,38,0,532,0,1,86,103077,2246,0,39,0,0,0,LEADER,1,0,0,38,0,0,0,0,0,0,0,0,0,0,0
105496,50,bully,2419,1,0,0,38,0,532,0,1,50,103077,2419,0,39,0,0,0,LEADER,1,0,0,38,0,0,0,0,0,0,0,0,0,0,0
105348,85,bully,2268,1,0,0,38,0,532,0,1,85,103080,2268,0,39,0,0,0,LEADER,1,0,0,38,0,0,0,0,0,0,0,0,0,0,0
105287,87,bully,2212,1,0,0,38,0,532,0,1,87,103075,2212,0,39,0,0,0,LEADER,1,0,0,38,0,0,0,0,0,0,0,0,0,0,0
105493,64,bully,2416,1,0,0,38,0,532,0,1,64,103077,2416,0,39,0,0,0,LEADER,1,0,0,38,0,0,0,0,0,0,0,0,0,0,0
105431,18,bully,1434,1,0,0,38,0,532,0,1,18,103997,1434,0,39,0,0,0,LEADER,1,0,0,38,0,0,0,0,0,0,0,0,0,0,0
105342,11,bully,2264,1,0,0,38,0,532,0,1,11,103078,2264,0,39,0,0,0,LEADER,1,0,0,38,0,0,0,0,0,0,0,0,0,0,0
105550,90,bully,1553,1,0,0,38,0,532,0,1,90,103997,1553,0,39,0,0,0,LEADER,1,0,0,38,0,0,0,0,0,0,0,0,0,0,0
105444,35,bully,1447,1,0,0,38,0,532,0,1,35,103997,1447,0,39,0,0,0,LEADER,1,0,0,38,0,0,0,0,0,0,0,0,0,0,0
105326,43,bully,2249,1,0,0,38,0,532,0,1,43,103077,2249,0,39,0,0,0,LEADER,1,0,0,38,0,0,0,0,0,0,0,0,0,0,0
105464,28,bully,1467,1,0,0,38,0,532,0,1,28,103997,1467,0,39,0,0,0,LEADER,1,0,0,38,0,0,0,0,0,0,0,0,0,0,0
105303,44,bully,2228,1,0,0,38,0,532,0,1,44,103075,2228,0,39,0,0,0,LEADER,1,0,0,38,0,0,0,0,0,0,0,0,0,0,0
106138,23,bully,2141,1,0,0,38,0,532,0,1,23,103997,2141,0,39,0,0,0,LEADER,1,0,0,38,0,0,0,0,0,0,0,0,0,0,0
105458,30,bully,1461,1,0,0,38,0,532,0,1,30,103997,1461,0,39,0,0,0,LEADER,1,0,0,38,0,0,0,0,0,0,0,0,0,0,0
105856,94,bully,1859,1,0,0,38,0,532,0,1,94,103997,1859,0,39,0,0,0,LEADER,1,0,0,38,0,0,0,0,0,0,0,0,0,0,0
105498,38,bully,1501,1,0,0,38,0,532,0,1,38,103997,1501,0,39,0,0,0,LEADER,1,0,0,38,0,0,0,0,0,0,0,0,0,0,0
106177,66,bully,2180,1,0,0,38,0,532,0,1,66,103997,2180,0,39,0,0,0,LEADER,1,0,0,38,0,0,0,0,0,0,0,0,0,0,0
105483,70,bully,1486,1,0,0,38,0,532,0,1,70,103997,1486,0,39,0,0,0,LEADER,1,0,0,38,0,0,0,0,0,0,0,0,0,0,0
106128,88,bully,2131,1,0,0,38,0,532,0,1,88,103997,2131,0,39,0,0,0,LEADER,1,0,0,38,0,0,0,0,0,0,0,0,0,0,0
105312,75,bully,2235,1,0,0,38,0,532,0,1,75,103077,2235,0,39,0,0,0,LEADER,1,0,0,38,0,0,0,0,0,0,0,0,0,0,0
105322,12,bully,2243,1,0,0,38,0,532,0,1,12,103079,2243,0,39,0,0,0,LEADER,1,0,0,38,0,0,0,0,0,0,0,0,0,0,0
106022,27,bully,2025,1,0,0,38,0,532,0,1,27,103997,2025,0,39,0,0,0,LEADER,1,0,0,38,0,0,0,0,0,0,0,0,0,0,0
105511,42,bully,1514,1,0,0,38,0,532,0,1,42,103997,1514,0,39,0,0,0,LEADER,1,0,0,38,0,0,0,0,0,0,0,0,0,0,0
106158,24,bully,2161,1,0,0,38,0,532,0,1,24,103997,2161,0,39,0,0,0,LEADER,1,0,0,38,0,0,0,0,0,0,0,0,0,0,0
106110,46,bully,2113,1,0,0,38,0,532,0,1,46,103997,2113,0,39,0,0,0,LEADER,1,0,0,38,0,0,0,0,0,0,0,0,0,0,0
105634,34,bully,1637,1,0,0,38,0,532,0,1,34,103997,1637,0,39,0,0,0,LEADER,1,0,0,38,0,0,0,0,0,0,0,0,0,0,0
106007,59,bully,2010,1,0,0,38,0,532,0,1,59,103997,2010,0,39,0,0,0,LEADER,1,0,0,38,0,0,0,0,0,0,0,0,0,0,0
106289,32,bully,2292,1,0,0,38,0,532,0,1,32,103997,2292,0,39,0,0,0,LEADER,1,0,0,38,0,0,0,0,0,0,0,0,0,0,0
105904,72,bully,1907,1,0,0,38,0,532,0,1,72,103997,1907,0,39,0,0,0,LEADER,1,0,0,38,0,0,0,0,0,0,0,0,0,0,0
106316,63,bully,2316,1,0,0,38,0,532,0,1,63,104000,2316,0,39,0,0,0,LEADER,1,0,0,38,0,0,0,0,0,0,0,0,0,0,0
105789,74,bully,1792,1,0,0,38,0,532,0,1,74,103997,1792,0,39,0,0,0,LEADER,1,0,0,38,0,0,0,0,0,0,0,0,0,0,0
105531,48,bully,1534,1,0,0,38,0,532,0,1,48,103997,1534,0,39,0,0,0,LEADER,1,0,0,38,0,0,0,0,0,0,0,0,0,0,0
105992,57,bully,1995,1,0,0,38,0,532,0,1,57,103997,1995,0,39,0,0,0,LEADER,1,0,0,38,0,0,0,0,0,0,0,0,0,0,0
106062,68,bully,2065,1,0,0,38,0,532,0,1,68,103997,2065,0,39,0,0,0,LEADER,1,0,0,38,0,0,0,0,0,0,0,0,0,0,0
105463,45,bully,1466,1,0,0,38,0,532,0,1,45,103997,1466,0,39,0,0,0,LEADER,1,0,0,38,0,0,0,0,0,0,0,0,0,0,0
105820,93,bully,1823,1,0,0,38,0,532,0,1,93,103997,1823,0,39,0,0,0,LEADER,1,0,0,38,0,0,0,0,0,0,0,0,0,0,0
106401,82,bully,2404,1,0,0,38,0,532,0,1,82,103997,2404,0,39,0,0,0,LEADER,1,0,0,38,0,0,0,0,0,0,0,0,0,0,0
106395,51,bully,2398,1,0,0,38,0,532,0,1,51,103997,2398,0,39,0,0,0,LEADER,1,0,0,38,0,0,0,0,0,0,0,0,0,0,0
105940,39,bully,1943,1,0,0,38,0,532,0,1,39,103997,1943,0,39,0,0,0,LEADER,1,0,0,38,0,0,0,0,0,0,0,0,0,0,0
105686,78,bully,1689,1,0,0,38,0,532,0,1,78,103997,1689,0,39,0,0,0,LEADER,1,0,0,38,0,0,0,0,0,0,0,0,0,0,0
106074,79,bully,2077,1,0,0,38,0,532,0,1,79,103997,2077,0,39,0,0,0,LEADER,1,0,0,38,0,0,0,0,0,0,0,0,0,0,0
105649,14,bully,1652,1,0,0,38,0,532,0,1,14,103997,1652,0,39,0,0,0,LEADER,1,0,0,38,0,0,0,0,0,0,0,0,0,0,0
106076,36,bully,2080,1,0,0,38,0,532,0,1,36,103996,2080,0,39,0,0,0,LEADER,1,0,0,38,0,0,0,0,0,0,0,0,0,0,0
105959,81,bully,1962,1,0,0,38,0,532,0,1,81,103997,1962,0,39,0,0,0,LEADER,1,0,0,38,0,0,0,0,0,0,0,0,0,0,0
105619,67,bully,1622,1,0,0,38,0,532,0,1,67,103997,1622,0,39,0,0,0,LEADER,1,0,0,38,0,0,0,0,0,0,0,0,0,0,0
106380,83,bully,2383,1,0,0,38,0,532,0,1,83,103997,2383,0,39,0,0,0,LEADER,1,0,0,38,0,0,0,0,0,0,0,0,0,0,0
106525,99,bully,1607,1,0,0,39,0,546,0,1,99,104918,1607,0,40,0,0,0,LEADER,1,0,0,39,0,0,0,0,0,0,0,0,0,0,0
105701,55,bully,1704,1,0,0,38,0,532,0,1,55,103997,1704,0,39,0,0,0,LEADER,1,0,0,38,0,0,0,0,0,0,0,0,0,0,0
106492,89,bully,1574,1,0,0,39,0,546,0,1,89,104918,1574,0,40,0,0,0,LEADER,1,0,0,39,0,0,0,0,0,0,0,0,0,0,0
105653,77,bully,1656,1,0,0,38,0,532,0,1,77,103997,1656,0,39,0,0,0,LEADER,1,0,0,38,0,0,0,0,0,0,0,0,0,0,0
105925,71,bully,1928,1,0,0,38,0,532,0,1,71,103997,1928,0,39,0,0,0,LEADER,1,0,0,38,0,0,0,0,0,0,0,0,0,0,0
105837,52,bully,1840,1,0,0,38,0,532,0,1,52,103997,1840,0,39,0,0,0,LEADER,1,0,0,38,0,0,0,0,0,0,0,0,0,0,0
106206,76,bully,2213,1,0,0,38,0,532,0,1,76,103993,2213,0,39,0,0,0,LEADER,1,0,0,38,0,0,0,0,0,0,0,0,0,0,0
105804,10,bully,1807,1,0,0,38,0,532,0,1,10,103997,1807,0,39,0,0,0,LEADER,1,0,0,38,0,0,0,0,0,0,0,0,0,0,0
105737,22,bully,1740,1,0,0,38,0,532,0,1,22,103997,1740,0,39,0,0,0,LEADER,1,0,0,38,0,0,0,0,0,0,0,0,0,0,0
105885,21,bully,1889,1,0,0,38,0,532,0,1,21,103996,1889,0,39,0,0,0,LEADER,1,0,0,38,0,0,0,0,0,0,0,0,0,0,0
106143,56,bully,2146,1,0,0,38,0,532,0,1,56,103997,2146,0,39,0,0,0,LEADER,1,0,0,38,0,0,0,0,0,0,0,0,0,0,0
105668,60,bully,1671,1,0,0,38,0,532,0,1,60,103997,1671,0,39,0,0,0,LEADER,1,0,0,38,0,0,0,0,0,0,0,0,0,0,0
106522,25,bully,1604,1,0,0,39,0,546,0,1,25,104918,1604,0,40,0,0,0,LEADER,1,0,0,39,0,0,0,0,0,0,0,0,0,0,0
105734,65,bully,1737,1,0,0,38,0,532,0,1,65,103997,1737,0,39,0,0,0,LEADER,1,0,0,38,0,0,0,0,0,0,0,0,0,0,0
106410,19,bully,2413,1,0,0,38,0,532,0,1,19,103997,2413,0,39,0,0,0,LEADER,1,0,0,38,0,0,0,0,0,0,0,0,0,0,0
106040,69,bully,2043,1,0,0,38,0,532,0,1,69,103997,2043,0,39,0,0,0,LEADER,1,0,0,38,0,0,0,0,0,0,0,0,0,0,0
106643,54,bully,1725,1,0,0,39,0,546,0,1,54,104918,1725,0,40,0,0,0,LEADER,1,0,0,39,0,0,0,0,0,0,0,0,0,0,0
105989,17,bully,1992,1,0,0,38,0,532,0,1,17,103997,1992,0,39,0,0,0,LEADER,1,0,0,38,0,0,0,0,0,0,0,0,0,0,0
106504,100,bully,1586,1,0,0,39,0,546,0,1,100,104918,1586,0,40,0,0,0,LEADER,1,0,0,39,0,0,0,0,0,0,0,0,0,0,0
106467,16,bully,1549,1,0,0,39,0,546,0,1,16,104918,1549,0,40,0,0,0,LEADER,1,0,0,39,0,0,0,0,0,0,0,0,0,0,0
106055,37,bully,2058,1,0,0,38,0,532,0,1,37,103997,2058,0,39,0,0,0,LEADER,1,0,0,38,0,0,0,0,0,0,0,0,0,0,0
106692,13,bully,1774,1,0,0,39,0,546,0,1,13,104918,1774,0,40,0,0,0,LEADER,1,0,0,39,0,0,0,0,0,0,0,0,0,0,0
105852,20,bully,1855,1,0,0,38,0,532,0,1,20,103997,1855,0,39,0,0,0,LEADER,1,0,0,38,0,0,0,0,0,0,0,0,0,0,0
106485,41,bully,1567,1,0,0,39,0,546,0,1,41,104918,1567,0,40,0,0,0,LEADER,1,0,0,39,0,0,0,0,0,0,0,0,0,0,0
106474,47,bully,1556,1,0,0,39,0,546,0,1,47,104918,1556,0,40,0,0,0,LEADER,1,0,0,39,0,0,0,0,0,0,0,0,0,0,0
106299,95,bully,2301,1,0,0,38,0,532,0,1,95,103998,2301,0,39,0,0,0,LEADER,1,0,0,38,0,0,0,0,0,0,0,0,0,0,0
106162,98,bully,2165,1,0,0,38,0,532,0,1,98,103997,2165,0,39,0,0,0,LEADER,1,0,0,38,0,0,0,0,0,0,0,0,0,0,0
106346,73,bully,2349,1,0,0,38,0,532,0,1,73,103997,2349,0,39,0,0,0,LEADER,1,0,0,38,0,0,0,0,0,0,0,0,0,0,0
105892,61,bully,1895,1,0,0,38,0,532,0,1,61,103997,1895,0,39,0,0,0,LEADER,1,0,0,38,0,0,0,0,0,0,0,0,0,0,0
106670,33,bully,1752,1,0,0,39,0,546,0,1,33,104918,1752,0,40,0,0,0,LEADER,1,0,0,39,0,0,0,0,0,0,0,0,0,0,0
106640,97,bully,1722,1,0,0,39,0,546,0,1,97,104918,1722,0,40,0,0,0,LEADER,1,0,0,39,0,0,0,0,0,0,0,0,0,0,0
106328,31,bully,2331,1,0,0,38,0,532,0,1,31,103997,2331,0,39,0,0,0,LEADER,1,0,0,38,0,0,0,0,0,0,0,0,0,0,0
106828,29,bully,1910,1,0,0,39,0,546,0,1,29,104918,1910,0,40,0,0,0,LEADER,1,0,0,39,0,0,0,0,0,0,0,0,0,0,0
106840,40,bully,1922,1,0,0,39,0,546,0,1,40,104918,1922,0,40,0,0,0,LEADER,1,0,0,39,0,0,0,0,0,0,0,0,0,0,0
106660,96,bully,1744,1,0,0,39,0,546,0,1,96,104916,1744,0,40,0,0,0,LEADER,1,0,0,39,0,0,0,0,0,0,0,0,0,0,0
106743,84,bully,1825,1,0,0,39,0,546,0,1,84,104918,1825,0,40,0,0,0,LEADER,1,0,0,39,0,0,0,0,0,0,0,0,0,0,0
106437,80,bully,1519,1,0,0,39,0,546,0,1,80,104918,1519,0,40,0,0,0,LEADER,1,0,0,39,0,0,0,0,0,0,0,0,0,0,0
106280,53,bully,2283,1,0,0,38,0,532,0,1,53,103997,2283,0,39,0,0,0,LEADER,1,0,0,38,0,0,0,0,0,0,0,0,0,0,0
106356,92,bully,1438,1,0,0,39,0,546,0,1,92,104918,1438,0,40,0,0,0,LEADER,1,0,0,39,0,0,0,0,0,0,0,0,0,0,0
106792,62,bully,1874,1,0,0,39,0,546,0,1,62,104918,1874,0,40,0,0,0,LEADER,1,0,0,39,0,0,0,0,0,0,0,0,0,0,0
106533,91,bully,1619,1,0,0,39,0,546,0,1,91,104914,1619,0,40,0,0,0,LEADER,1,0,0,39,0,0,0,0,0,0,0,0,0,0,0
106489,15,bully,1571,1,0,0,39,0,546,0,1,15,104918,1571,0,40,0,0,0,LEADER,1,0,0,39,0,0,0,0,0,0,0,0,0,0,0
106158,26,bully,2161,1,0,0,38,0,532,0,1,26,103997,2161,0,39,0,0,0,LEADER,1,0,0,38,0,0,0,0,0,0,0,0,0,0,0
106895,49,bully,1977,1,0,0,39,0,546,0,1,49,104918,1977,0,40,0,0,0,LEADER,1,0,0,39,0,0,0,0,0,0,0,0,0,0,0
106710,58,bully,1792,1,0,0,39,0,546,0,1,58,104918,1792,0,40,0,0,0,LEADER,1,0,0,39,0,0,0,0,0,0,0,0,0,0,0
106243,86,bully,2246,1,0,0,38,0,532,0,1,86,103997,2246,0,39,0,0,0,LEADER,1,0,0,38,0,0,0,0,0,0,0,0,0,0,0
106416,50,bully,2419,1,0,0,38,0,532,0,1,50,103997,2419,0,39,0,0,0,LEADER,1,0,0,38,0,0,0,0,0,0,0,0,0,0,0
106268,85,bully,2268,1,0,0,38,0,532,0,1,85,104000,2268,0,39,0,0,0,LEADER,1,0,0,38,0,0,0,0,0,0,0,0,0,0,0
106207,87,bully,2212,1,0,0,38,0,532,0,1,87,103995,2212,0,39,0,0,0,LEADER,1,0,0,38,0,0,0,0,0,0,0,0,0,0,0
106413,64,bully,2416,1,0,0,38,0,532,0,1,64,103997,2416,0,39,0,0,0,LEADER,1,0,0,38,0,0,0,0,0,0,0,0,0,0,0
106262,11,bully,2264,1,0,0,38,0,532,0,1,11,103998,2264,0,39,0,0,0,LEADER,1,0,0,38,0,0,0,0,0,0,0,0,0,0,0
106352,18,bully,1434,1,0,0,39,0,546,0,1,18,104918,1434,0,40,0,0,0,LEADER,1,0,0,39,0,0,0,0,0,0,0,0,0,0,0
106471,90,bully,1553,1,0,0,39,0,546,0,1,90,104918,1553,0,40,0,0,0,LEADER,1,0,0,39,0,0,0,0,0,0,0,0,0,0,0
106365,35,bully,1447,1,0,0,39,0,546,0,1,35,104918,1447,0,40,0,0,0,LEADER,1,0,0,39,0,0,0,0,0,0,0,0,0,0,0
106246,43,bully,2249,1,0,0,38,0,532,0,1,43,103997,2249,0,39,0,0,0,LEADER,1,0,0,38,0,0,0,0,0,0,0,0,0,0,0
106385,28,bully,1467,1,0,0,39,0,546,0,1,28,104918,1467,0,40,0,0,0,LEADER,1,0,0,39,0,0,0,0,0,0,0,0,0,0,0
106223,44,bully,2228,1,0,0,38,0,532,0,1,44,103995,2228,0,39,0,0,0,LEADER,1,0,0,38,0,0,0,0,0,0,0,0,0,0,0
107059,23,bully,2141,1,0,0,39,0,546,0,1,23,104918,2141,0,40,0,0,0,LEADER,1,0,0,39,0,0,0,0,0,0,0,0,0,0,0
106379,30,bully,1461,1,0,0,39,0,546,0,1,30,104918,1461,0,40,0,0,0,LEADER,1,0,0,39,0,0,0,0,0,0,0,0,0,0,0
106777,94,bully,1859,1,0,0,39,0,546,0,1,94,104918,1859,0,40,0,0,0,LEADER,1,0,0,39,0,0,0,0,0,0,0,0,0,0,0
106419,38,bully,1501,1,0,0,39,0,546,0,1,38,104918,1501,0,40,0,0,0,LEADER,1,0,0,39,0,0,0,0,0,0,0,0,0,0,0
107098,66,bully,2180,1,0,0,39,0,546,0,1,66,104918,2180,0,40,0,0,0,LEADER,1,0,0,39,0,0,0,0,0,0,0,0,0,0,0
106404,70,bully,1486,1,0,0,39,0,546,0,1,70,104918,1486,0,40,0,0,0,LEADER,1,0,0,39,0,0,0,0,0,0,0,0,0,0,0
107049,88,bully,2131,1,0,0,39,0,546,0,1,88,104918,2131,0,40,0,0,0,LEADER,1,0,0,39,0,0,0,0,0,0,0,0,0,0,0
106232,75,bully,2235,1,0,0,38,0,532,0,1,75,103997,2235,0,39,0,0,0,LEADER,1,0,0,38,0,0,0,0,0,0,0,0,0,0,0
106242,12,bully,2243,1,0,0,38,0,532,0,1,12,103999,2243,0,39,0,0,0,LEADER,1,0,0,38,0,0,0,0,0,0,0,0,0,0,0
106943,27,bully,2025,1,0,0,39,0,546,0,1,27,104918,2025,0,40,0,0,0,LEADER,1,0,0,39,0,0,0,0,0,0,0,0,0,0,0
106432,42,bully,1514,1,0,0,39,0,546,0,1,42,104918,1514,0,40,0,0,0,LEADER,1,0,0,39,0,0,0,0,0,0,0,0,0,0,0
107079,24,bully,2161,1,0,0,39,0,546,0,1,24,104918,2161,0,40,0,0,0,LEADER,1,0,0,39,0,0,0,0,0,0,0,0,0,0,0
107031,46,bully,2113,1,0,0,39,0,546,0,1,46,104918,2113,0,40,0,0,0,LEADER,1,0,0,39,0,0,0,0,0,0,0,0,0,0,0
106928,59,bully,2010,1,0,0,39,0,546,0,1,59,104918,2010,0,40,0,0,0,LEADER,1,0,0,39,0,0,0,0,0,0,0,0,0,0,0
106555,34,bully,1637,1,0,0,39,0,546,0,1,34,104918,1637,0,40,0,0,0,LEADER,1,0,0,39,0,0,0,0,0,0,0,0,0,0,0
107210,32,bully,2292,1,0,0,39,0,546,0,1,32,104918,2292,0,40,0,0,0,LEADER,1,0,0,39,0,0,0,0,0,0,0,0,0,0,0
106825,72,bully,1907,1,0,0,39,0,546,0,1,72,104918,1907,0,40,0,0,0,LEADER,1,0,0,39,0,0,0,0,0,0,0,0,0,0,0
107237,63,bully,2316,1,0,0,39,0,546,0,1,63,104921,2316,0,40,0,0,0,LEADER,1,0,0,39,0,0,0,0,0,0,0,0,0,0,0
106710,74,bully,1792,1,0,0,39,0,546,0,1,74,104918,1792,0,40,0,0,0,LEADER,1,0,0,39,0,0,0,0,0,0,0,0,0,0,0
106452,48,bully,1534,1,0,0,39,0,546,0,1,48,104918,1534,0,40,0,0,0,LEADER,1,0,0,39,0,0,0,0,0,0,0,0,0,0,0
106913,57,bully,1995,1,0,0,39,0,546,0,1,57,104918,1995,0,40,0,0,0,LEADER,1,0,0,39,0,0,0,0,0,0,0,0,0,0,0
106983,68,bully,2065,1,0,0,39,0,546,0,1,68,104918,2065,0,40,0,0,0,LEADER,1,0,0,39,0,0,0,0,0,0,0,0,0,0,0
106384,45,bully,1466,1,0,0,39,0,546,0,1,45,104918,1466,0,40,0,0,0,LEADER,1,0,0,39,0,0,0,0,0,0,0,0,0,0,0
106741,93,bully,1823,1,0,0,39,0,546,0,1,93,104918,1823,0,40,0,0,0,LEADER,1,0,0,39,0,0,0,0,0,0,0,0,0,0,0
107322,82,bully,2404,1,0,0,39,0,546,0,1,82,104918,2404,0,40,0,0,0,LEADER,1,0,0,39,0,0,0,0,0,0,0,0,0,0,0
107316,51,bully,2398,1,0,0,39,0,546,0,1,51,104918,2398,0,40,0,0,0,LEADER,1,0,0,39,0,0,0,0,0,0,0,0,0,0,0
106861,39,bully,1943,1,0,0,39,0,546,0,1,39,104918,1943,0,40,0,0,0,LEADER,1,0,0,39,0,0,0,0,0,0,0,0,0,0,0
106607,78,bully,1689,1,0,0,39,0,546,0,1,78,104918,1689,0,40,0,0,0,LEADER,1,0,0,39,0,0,0,0,0,0,0,0,0,0,0
106995,79,bully,2077,1,0,0,39,0,546,0,1,79,104918,2077,0,40,0,0,0,LEADER,1,0,0,39,0,0,0,0,0,0,0,0,0,0,0
106570,14,bully,1652,1,0,0,39,0,546,0,1,14,104918,1652,0,40,0,0,0,LEADER,1,0,0,39,0,0,0,0,0,0,0,0,0,0,0
106997,36,bully,2080,1,0,0,39,0,546,0,1,36,104917,2080,0,40,0,0,0,LEADER,1,0,0,39,0,0,0,0,0,0,0,0,0,0,0
106880,81,bully,1962,1,0,0,39,0,546,0,1,81,104918,1962,0,40,0,0,0,LEADER,1,0,0,39,0,0,0,0,0,0,0,0,0,0,0
106540,67,bully,1622,1,0,0,39,0,546,0,1,67,104918,1622,0,40,0,0,0,LEADER,1,0,0,39,0,0,0,0,0,0,0,0,0,0,0
107301,83,bully,2383,1,0,0,39,0,546,0,1,83,104918,2383,0,40,0,0,0,LEADER,1,0,0,39,0,0,0,0,0,0,0,0,0,0,0
107445,99,bully,1607,1,0,0,39,0,546,0,1,99,105838,1607,0,40,0,0,0,LEADER,1,0,0,39,0,0,0,0,0,0,0,0,0,0,0
106622,55,bully,1704,1,0,0,39,0,546,0,1,55,104918,1704,0,40,0,0,0,LEADER,1,0,0,39,0,0,0,0,0,0,0,0,0,0,0
107412,89,bully,1574,1,0,0,39,0,546,0,1,89,105838,1574,0,40,0,0,0,LEADER,1,0,0,39,0,0,0,0,0,0,0,0,0,0,0
106574,77,bully,1656,1,0,0,39,0,546,0,1,77,104918,1656,0,40,0,0,0,LEADER,1,0,0,39,0,0,0,0,0,0,0,0,0,0,0
106846,71,bully,1928,1,0,0,39,0,546,0,1,71,104918,1928,0,40,0,0,0,LEADER,1,0,0,39,0,0,0,0,0,0,0,0,0,0,0
106758,52,bully,1840,1,0,0,39,0,546,0,1,52,104918,1840,0,40,0,0,0,LEADER,1,0,0,39,0,0,0,0,0,0,0,0,0,0,0
107126,76,bully,2213,1,0,0,39,0,546,0,1,76,104913,2213,0,40,0,0,0,LEADER,1,0,0,39,0,0,0,0,0,0,0,0,0,0,0
106725,10,bully,1807,1,0,0,39,0,546,0,1,10,104918,1807,0,40,0,0,0,LEADER,1,0,0,39,0,0,0,0,0,0,0,0,0,0,0
106658,22,bully,1740,1,0,0,39,0,546,0,1,22,104918,1740,0,40,0,0,0,LEADER,1,0,0,39,0,0,0,0,0,0,0,0,0,0,0
106806,21,bully,1889,1,0,0,39,0,546,0,1,21,104917,1889,0,40,0,0,0,LEADER,1,0,0,39,0,0,0,0,0,0,0,0,0,0,0
107064,56,bully,2146,1,0,0,39,0,546,0,1,56,104918,2146,0,40,0,0,0,LEADER,1,0,0,39,0,0,0,0,0,0,0,0,0,0,0
106589,60,bully,1671,1,0,0,39,0,546,0,1,60,104918,1671,0,40,0,0,0,LEADER,1,0,0,39,0,0,0,0,0,0,0,0,0,0,0
107442,25,bully,1604,1,0,0,39,0,546,0,1,25,105838,1604,0,40,0,0,0,LEADER,1,0,0,39,0,0,0,0,0,0,0,0,0,0,0
106655,65,bully,1737,1,0,0,39,0,546,0,1,65,104918,1737,0,40,0,0,0,LEADER,1,0,0,39,0,0,0,0,0,0,0,0,0,0,0
107331,19,bully,2413,1,0,0,39,0,546,0,1,19,104918,2413,0,40,0,0,0,LEADER,1,0,0,39,0,0,0,0,0,0,0,0,0,0,0
106961,69,bully,2043,1,0,0,39,0,546,0,1,69,104918,2043,0,40,0,0,0,LEADER,1,0,0,39,0,0,0,0,0,0,0,0,0,0,0
107563,54,bully,1725,1,0,0,39,0,546,0,1,54,105838,1725,0,40,0,0,0,LEADER,1,0,0,39,0,0,0,0,0,0,0,0,0,0,0
106910,17,bully,1992,1,0,0,39,0,546,0,1,17,104918,1992,0,40,0,0,0,LEADER,1,0,0,39,0,0,0,0,0,0,0,0,0,0,0
107424,100,bully,1586,1,0,0,39,0,546,0,1,100,105838,1586,0,40,0,0,0,LEADER,1,0,0,39,0,0,0,0,0,0,0,0,0,0,0
107387,16,bully,1549,1,0,0,39,0,546,0,1,16,105838,1549,0,40,0,0,0,LEADER,1,0,0,39,0,0,0,0,0,0,0,0,0,0,0
106976,37,bully,2058,1,0,0,39,0,546,0,1,37,104918,2058,0,40,0,0,0,LEADER,1,0,0,39,0,0,0,0,0,0,0,0,0,0,0
107612,13,bully,1774,1,0,0,39,0,546,0,1,13,105838,1774,0,40,0,0,0,LEADER,1,0,0,39,0,0,0,0,0,0,0,0,0,0,0
106773,20,bully,1855,1,0,0,39,0,546,0,1,20,104918,1855,0,40,0,0,0,LEADER,1,0,0,39,0,0,0,0,0,0,0,0,0,0,0
107405,41,bully,1567,1,0,0,39,0,546,0,1,41,105838,1567,0,40,0,0,0,LEADER,1,0,0,39,0,0,0,0,0,0,0,0,0,0,0
107394,47,bully,1556,1,0,0,39,0,546,0,1,47,105838,1556,0,40,0,0,0,LEADER,1,0,0,39,0,0,0,0,0,0,0,0,0,0,0
107220,95,bully,2301,1,0,0,39,0,546,0,1,95,104919,2301,0,40,0,0,0,LEADER,1,0,0,39,0,0,0,0,0,0,0,0,0,0,0
107083,98,bully,2165,1,0,0,39,0,546,0,1,98,104918,2165,0,40,0,0,0,LEADER,1,0,0,39,0,0,0,0,0,0,0,0,0,0,0
107267,73,bully,2349,1,0,0,39,0,546,0,1,73,104918,2349,0,40,0,0,0,LEADER,1,0,0,39,0,0,0,0,0,0,0,0,0,0,0
107560,97,bully,1722,1,0,0,39,0,546,0,1,97,105838,1722,0,40,0,0,0,LEADER,1,0,0,39,0,0,0,0,0,0,0,0,0,0,0
106813,61,bully,1895,1,0,0,39,0,546,0,1,61,104918,1895,0,40,0,0,0,LEADER,1,0,0,39,0,0,0,0,0,0,0,0,0,0,0
107590,33,bully,1752,1,0,0,39,0,546,0,1,33,105838,1752,0,40,0,0,0,LEADER,1,0,0,39,0,0,0,0,0,0,0,0,0,0,0
107748,29,bully,1910,1,0,0,39,0,546,0,1,29,105838,1910,0,40,0,0,0,LEADER,1,0,0,39,0,0,0,0,0,0,0,0,0,0,0
107760,40,bully,1922,1,0,0,39,0,546,0,1,40,105838,1922,0,40,0,0,0,LEADER,1,0,0,39,0,0,0,0,0,0,0,0,0,0,0
107249,31,bully,2331,1,0,0,39,0,546,0,1,31,104918,2331,0,40,0,0,0,LEADER,1,0,0,39,0,0,0,0,0,0,0,0,0,0,0
107580,96,bully,1744,1,0,0,39,0,546,0,1,96,105836,1744,0,40,0,0,0,LEADER,1,0,0,39,0,0,0,0,0,0,0,0,0,0,0
107663,84,bully,1825,1,0,0,39,0,546,0,1,84,105838,1825,0,40,0,0,0,LEADER,1,0,0,39,0,0,0,0,0,0,0,0,0,0,0
107357,80,bully,1519,1,0,0,39,0,546,0,1,80,105838,1519,0,40,0,0,0,LEADER,1,0,0,39,0,0,0,0,0,0,0,0,0,0,0
107201,53,bully,2283,1,0,0,39,0,546,0,1,53,104918,2283,0,40,0,0,0,LEADER,1,0,0,39,0,0,0,0,0,0,0,0,0,0,0
107276,92,bully,1438,1,0,0,39,0,546,0,1,92,105838,1438,0,40,0,0,0,LEADER,1,0,0,39,0,0,0,0,0,0,0,0,0,0,0
107712,62,bully,1874,1,0,0,39,0,546,0,1,62,105838,1874,0,40,0,0,0,LEADER,1,0,0,39,0,0,0,0,0,0,0,0,0,0,0
107453,91,bully,1619,1,0,0,39,0,546,0,1,91,105834,1619,0,40,0,0,0,LEADER,1,0,0,39,0,0,0,0,0,0,0,0,0,0,0
107409,15,bully,1571,1,0,0,39,0,546,0,1,15,105838,1571,0,40,0,0,0,LEADER,1,0,0,39,0,0,0,0,0,0,0,0,0,0,0
107079,26,bully,2161,1,0,0,39,0,546,0,1,26,104918,2161,0,40,0,0,0,LEADER,1,0,0,39,0,0,0,0,0,0,0,0,0,0,0
107815,49,bully,1977,1,0,0,39,0,546,0,1,49,105838,1977,0,40,0,0,0,LEADER,1,0,0,39,0,0,0,0,0,0,0,0,0,0,0
107630,58,bully,1792,1,0,0,39,0,546,0,1,58,105838,1792,0,40,0,0,0,LEADER,1,0,0,39,0,0,0,0,0,0,0,0,0,0,0
107164,86,bully,2246,1,0,0,39,0,546,0,1,86,104918,2246,0,40,0,0,0,LEADER,1,0,0,39,0,0,0,0,0,0,0,0,0,0,0
107337,50,bully,2419,1,0,0,39,0,546,0,1,50,104918,2419,0,40,0,0,0,LEADER,1,0,0,39,0,0,0,0,0,0,0,0,0,0,0
107189,85,bully,2268,1,0,0,39,0,546,0,1,85,104921,2268,0,40,0,0,0,LEADER,1,0,0,39,0,0,0,0,0,0,0,0,0,0,0
107128,87,bully,2212,1,0,0,39,0,546,0,1,87,104916,2212,0,40,0,0,0,LEADER,1,0,0,39,0,0,0,0,0,0,0,0,0,0,0
107334,64,bully,2416,1,0,0,39,0,546,0,1,64,104918,2416,0,40,0,0,0,LEADER,1,0,0,39,0,0,0,0,0,0,0,0,0,0,0
107272,18,bully,1434,1,0,0,39,0,546,0,1,18,105838,1434,0,40,0,0,0,LEADER,1,0,0,39,0,0,0,0,0,0,0,0,0,0,0
107183,11,bully,2264,1,0,0,39,0,546,0,1,11,104919,2264,0,40,0,0,0,LEADER,1,0,0,39,0,0,0,0,0,0,0,0,0,0,0
107391,90,bully,1553,1,0,0,39,0,546,0,1,90,105838,1553,0,40,0,0,0,LEADER,1,0,0,39,0,0,0,0,0,0,0,0,0,0,0
107285,35,bully,1447,1,0,0,39,0,546,0,1,35,105838,1447,0,40,0,0,0,LEADER,1,0,0,39,0,0,0,0,0,0,0,0,0,0,0
107167,43,bully,2249,1,0,0,39,0,546,0,1,43,104918,2249,0,40,0,0,0,LEADER,1,0,0,39,0,0,0,0,0,0,0,0,0,0,0
107305,28,bully,1467,1,0,0,39,0,546,0,1,28,105838,1467,0,40,0,0,0,LEADER,1,0,0,39,0,0,0,0,0,0,0,0,0,0,0
107144,44,bully,2228,1,0,0,39,0,546,0,1,44,104916,2228,0,40,0,0,0,LEADER,1,0,0,39,0,0,0,0,0,0,0,0,0,0,0
107979,23,bully,2141,1,0,0,39,0,546,0,1,23,105838,2141,0,40,0,0,0,LEADER,1,0,0,39,0,0,0,0,0,0,0,0,0,0,0
107299,30,bully,1461,1,0,0,39,0,546,0,1,30,105838,1461,0,40,0,0,0,LEADER,1,0,0,39,0,0,0,0,0,0,0,0,0,0,0
107697,94,bully,1859,1,0,0,39,0,546,0,1,94,105838,1859,0,40,0,0,0,LEADER,1,0,0,39,0,0,0,0,0,0,0,0,0,0,0
107339,38,bully,1501,1,0,0,39,0,546,0,1,38,105838,1501,0,40,0,0,0,LEADER,1,0,0,39,0,0,0,0,0,0,0,0,0,0,0
108018,66,bully,2180,1,0,0,39,0,546,0,1,66,105838,2180,0,40,0,0,0,LEADER,1,0,0,39,0,0,0,0,0,0,0,0,0,0,0
107324,70,bully,1486,1,0,0,39,0,546,0,1,70,105838,1486,0,40,0,0,0,LEADER,1,0,0,39,0,0,0,0,0,0,0,0,0,0,0
107969,88,bully,2131,1,0,0,39,0,546,0,1,88,105838,2131,0,40,0,0,0,LEADER,1,0,0,39,0,0,0,0,0,0,0,0,0,0,0
107153,75,bully,2235,1,0,0,39,0,546,0,1,75,104918,2235,0,40,0,0,0,LEADER,1,0,0,39,0,0,0,0,0,0,0,0,0,0,0
107163,12,bully,2243,1,0,0,39,0,546,0,1,12,104920,2243,0,40,0,0,0,LEADER,1,0,0,39,0,0,0,0,0,0,0,0,0,0,0
107863,27,bully,2025,1,0,0,39,0,546,0,1,27,105838,2025,0,40,0,0,0,LEADER,1,0,0,39,0,0,0,0,0,0,0,0,0,0,0
107352,42,bully,1514,1,0,0,39,0,546,0,1,42,105838,1514,0,40,0,0,0,LEADER,1,0,0,39,0,0,0,0,0,0,0,0,0,0,0
107999,24,bully,2161,1,0,0,39,0,546,0,1,24,105838,2161,0,40,0,0,0,LEADER,1,0,0,39,0,0,0,0,0,0,0,0,0,0,0
107951,46,bully,2113,1,0,0,39,0,546,0,1,46,105838,2113,0,40,0,0,0,LEADER,1,0,0,39,0,0,0,0,0,0,0,0,0,0,0
107475,34,bully,1637,1,0,0,39,0,546,0,1,34,105838,1637,0,40,0,0,0,LEADER,1,0,0,39,0,0,0,0,0,0,0,0,0,0,0
107848,59,bully,2010,1,0,0,39,0,546,0,1,59,105838,2010,0,40,0,0,0,LEADER,1,0,0,39,0,0,0,0,0,0,0,0,0,0,0
108130,32,bully,2292,1,0,0,39,0,546,0,1,32,105838,2292,0,40,0,0,0,LEADER,1,0,0,39,0,0,0,0,0,0,0,0,0,0,0
107745,72,bully,1907,1,0,0,39,0,546,0,1,72,105838,1907,0,40,0,0,0,LEADER,1,0,0,39,0,0,0,0,0,0,0,0,0,0,0
108157,63,bully,2316,1,0,0,39,0,546,0,1,63,105841,2316,0,40,0,0,0,LEADER,1,0,0,39,0,0,0,0,0,0,0,0,0,0,0
107630,74,bully,1792,1,0,0,39,0,546,0,1,74,105838,1792,0,40,0,0,0,LEADER,1,0,0,39,0,0,0,0,0,0,0,0,0,0,0
107372,48,bully,1534,1,0,0,39,0,546,0,1,48,105838,1534,0,40,0,0,0,LEADER,1,0,0,39,0,0,0,0,0,0,0,0,0,0,0
107833,57,bully,1995,1,0,0,39,0,546,0,1,57,105838,1995,0,40,0,0,0,LEADER,1,0,0,39,0,0,0,0,0,0,0,0,0,0,0
107903,68,bully,2065,1,0,0,39,0,546,0,1,68,105838,2065,0,40,0,0,0,LEADER,1,0,0,39,0,0,0,0,0,0,0,0,0,0,0
107304,45,bully,1466,1,0,0,39,0,546,0,1,45,105838,1466,0,40,0,0,0,LEADER,1,0,0,39,0,0,0,0,0,0,0,0,0,0,0
107661,93,bully,1823,1,0,0,39,0,546,0,1,93,105838,1823,0,40,0,0,0,LEADER,1,0,0,39,0,0,0,0,0,0,0,0,0,0,0
108242,82,bully,2404,1,0,0,39,0,546,0,1,82,105838,2404,0,40,0,0,0,LEADER,1,0,0,39,0,0,0,0,0,0,0,0,0,0,0
108236,51,bully,2398,1,0,0,39,0,546,0,1,51,105838,2398,0,40,0,0,0,LEADER,1,0,0,39,0,0,0,0,0,0,0,0,0,0,0
107781,39,bully,1943,1,0,0,39,0,546,0,1,39,105838,1943,0,40,0,0,0,LEADER,1,0,0,39,0,0,0,0,0,0,0,0,0,0,0
107527,78,bully,1689,1,0,0,39,0,546,0,1,78,105838,1689,0,40,0,0,0,LEADER,1,0,0,39,0,0,0,0,0,0,0,0,0,0,0
107915,79,bully,2077,1,0,0,39,0,546,0,1,79,105838,2077,0,40,0,0,0,LEADER,1,0,0,39,0,0,0,0,0,0,0,0,0,0,0
107490,14,bully,1652,1,0,0,39,0,546,0,1,14,105838,1652,0,40,0,0,0,LEADER,1,0,0,39,0,0,0,0,0,0,0,0,0,0,0
107917,36,bully,2080,1,0,0,39,0,546,0,1,36,105837,2080,0,40,0,0,0,LEADER,1,0,0,39,0,0,0,0,0,0,0,0,0,0,0
107800,81,bully,1962,1,0,0,39,0,546,0,1,81,105838,1962,0,40,0,0,0,LEADER,1,0,0,39,0,0,0,0,0,0,0,0,0,0,0
107460,67,bully,1622,1,0,0,39,0,546,0,1,67,105838,1622,0,40,0,0,0,LEADER,1,0,0,39,0,0,0,0,0,0,0,0,0,0,0
108221,83,bully,2383,1,0,0,39,0,546,0,1,83,105838,2383,0,40,0,0,0,LEADER,1,0,0,39,0,0,0,0,0,0,0,0,0,0,0
108365,99,bully,1607,1,0,0,39,0,546,0,1,99,106758,1607,0,40,0,0,0,LEADER,1,0,0,39,0,0,0,0,0,0,0,0,0,0,0
107542,55,bully,1704,1,0,0,39,0,546,0,1,55,105838,1704,0,40,0,0,0,LEADER,1,0,0,39,0,0,0,0,0,0,0,0,0,0,0
108332,89,bully,1574,1,0,0,39,0,546,0,1,89,106758,1574,0,40,0,0,0,LEADER,1,0,0,39,0,0,0,0,0,0,0,0,0,0,0
107494,77,bully,1656,1,0,0,39,0,546,0,1,77,105838,1656,0,40,0,0,0,LEADER,1,0,0,39,0,0,0,0,0,0,0,0,0,0,0
107766,71,bully,1928,1,0,0,39,0,546,0,1,71,105838,1928,0,40,0,0,0,LEADER,1,0,0,39,0,0,0,0,0,0,0,0,0,0,0
107678,52,bully,1840,1,0,0,39,0,546,0,1,52,105838,1840,0,40,0,0,0,LEADER,1,0,0,39,0,0,0,0,0,0,0,0,0,0,0
108046,76,bully,2213,1,0,0,39,0,546,0,1,76,105833,2213,0,40,0,0,0,LEADER,1,0,0,39,0,0,0,0,0,0,0,0,0,0,0
107645,10,bully,1807,1,0,0,39,0,546,0,1,10,105838,1807,0,40,0,0,0,LEADER,1,0,0,39,0,0,0,0,0,0,0,0,0,0,0
107578,22,bully,1740,1,0,0,39,0,546,0,1,22,105838,1740,0,40,0,0,0,LEADER,1,0,0,39,0,0,0,0,0,0,0,0,0,0,0
107726,21,bully,1889,1,0,0,39,0,546,0,1,21,105837,1889,0,40,0,0,0,LEADER,1,0,0,39,0,0,0,0,0,0,0,0,0,0,0
107984,56,bully,2146,1,0,0,39,0,546,0,1,56,105838,2146,0,40,0,0,0,LEADER,1,0,0,39,0,0,0,0,0,0,0,0,0,0,0
107509,60,bully,1671,1,0,0,39,0,546,0,1,60,105838,1671,0,40,0,0,0,LEADER,1,0,0,39,0,0,0,0,0,0,0,0,0,0,0
108362,25,bully,1604,1,0,0,39,0,546,0,1,25,106758,1604,0,40,0,0,0,LEADER,1,0,0,39,0,0,0,0,0,0,0,0,0,0,0
107575,65,bully,1737,1,0,0,39,0,546,0,1,65,105838,1737,0,40,0,0,0,LEADER,1,0,0,39,0,0,0,0,0,0,0,0,0,0,0
108251,19,bully,2413,1,0,0,39,0,546,0,1,19,105838,2413,0,40,0,0,0,LEADER,1,0,0,39,0,0,0,0,0,0,0,0,0,0,0
107881,69,bully,2043,1,0,0,39,0,546,0,1,69,105838,2043,0,40,0,0,0,LEADER,1,0,0,39,0,0,0,0,0,0,0,0,0,0,0
108483,54,bully,1725,1,0,0,39,0,546,0,1,54,106758,1725,0,40,0,0,0,LEADER,1,0,0,39,0,0,0,0,0,0,0,0,0,0,0
107830,17,bully,1992,1,0,0,39,0,546,0,1,17,105838,1992,0,40,0,0,0,LEADER,1,0,0,39,0,0,0,0,0,0,0,0,0,0,0
108344,100,bully,1586,1,0,0,39,0,546,0,1,100,106758,1586,0,40,0,0,0,LEADER,1,0,0,39,0,0,0,0,0,0,0,0,0,0,0
108307,16,bully,1549,1,0,0,39,0,546,0,1,16,106758,1549,0,40,0,0,0,LEADER,1,0,0,39,0,0,0,0,0,0,0,0,0,0,0
107896,37,bully,2058,1,0,0,39,0,546,0,1,37,105838,2058,0,40,0,0,0,LEADER,1,0,0,39,0,0,0,0,0,0,0,0,0,0,0
108532,13,bully,1774,1,0,0,39,0,546,0,1,13,106758,1774,0,40,0,0,0,LEADER,1,0,0,39,0,0,0,0,0,0,0,0,0,0,0
107693,20,bully,1855,1,0,0,39,0,546,0,1,20,105838,1855,0,40,0,0,0,LEADER,1,0,0,39,0,0,0,0,0,0,0,0,0,0,0
108325,41,bully,1567,1,0,0,39,0,546,0,1,41,106758,1567,0,40,0,0,0,LEADER,1,0,0,39,0,0,0,0,0,0,0,0,0,0,0
108314,47,bully,1556,1,0,0,39,0,546,0,1,47,106758,1556,0,40,0,0,0,LEADER,1,0,0,39,0,0,0,0,0,0,0,0,0,0,0
108140,95,bully,2301,1,0,0,39,0,546,0,1,95,105839,2301,0,40,0,0,0,LEADER,1,0,0,39,0,0,0,0,0,0,0,0,0,0,0
108003,98,bully,2165,1,0,0,39,0,546,0,1,98,105838,2165,0,40,0,0,0,LEADER,1,0,0,39,0,0,0,0,0,0,0,0,0,0,0
108187,73,bully,2349,1,0,0,39,0,546,0,1,73,105838,2349,0,40,0,0,0,LEADER,1,0,0,39,0,0,0,0,0,0,0,0,0,0,0
108480,97,bully,1722,1,0,0,39,0,546,0,1,97,106758,1722,0,40,0,0,0,LEADER,1,0,0,39,0,0,0,0,0,0,0,0,0,0,0
107733,61,bully,1895,1,0,0,39,0,546,0,1,61,105838,1895,0,40,0,0,0,LEADER,1,0,0,39,0,0,0,0,0,0,0,0,0,0,0
108510,33,bully,1752,1,0,0,39,0,546,0,1,33,106758,1752,0,40,0,0,0,LEADER,1,0,0,39,0,0,0,0,0,0,0,0,0,0,0
108668,29,bully,1910,1,0,0,39,0,546,0,1,29,106758,1910,0,40,0,0,0,LEADER,1,0,0,39,0,0,0,0,0,0,0,0,0,0,0
108680,40,bully,1922,1,0,0,39,0,546,0,1,40,106758,1922,0,40,0,0,0,LEADER,1,0,0,39,0,0,0,0,0,0,0,0,0,0,0
108169,31,bully,2331,1,0,0,39,0,546,0,1,31,105838,2331,0,40,0,0,0,LEADER,1,0,0,39,0,0,0,0,0,0,0,0,0,0,0
108500,96,bully,1744,1,0,0,39,0,546,0,1,96,106756,1744,0,40,0,0,0,LEADER,1,0,0,39,0,0,0,0,0,0,0,0,0,0,0
108583,84,bully,1825,1,0,0,39,0,546,0,1,84,106758,1825,0,40,0,0,0,LEADER,1,0,0,39,0,0,0,0,0,0,0,0,0,0,0
108277,80,bully,1519,1,0,0,39,0,546,0,1,80,106758,1519,0,40,0,0,0,LEADER,1,0,0,39,0,0,0,0,0,0,0,0,0,0,0
108121,53,bully,2283,1,0,0,39,0,546,0,1,53,105838,2283,0,40,0,0,0,LEADER,1,0,0,39,0,0,0,0,0,0,0,0,0,0,0
108196,92,bully,1438,1,0,0,39,0,546,0,1,92,106758,1438,0,40,0,0,0,LEADER,1,0,0,39,0,0,0,0,0,0,0,0,0,0,0
108632,62,bully,1874,1,0,0,39,0,546,0,1,62,106758,1874,0,40,0,0,0,LEADER,1,0,0,39,0,0,0,0,0,0,0,0,0,0,0
108373,91,bully,1619,1,0,0,39,0,546,0,1,91,106754,1619,0,40,0,0,0,LEADER,1,0,0,39,0,0,0,0,0,0,0,0,0,0,0
108329,15,bully,1571,1,0,0,39,0,546,0,1,15,106758,1571,0,40,0,0,0,LEADER,1,0,0,39,0,0,0,0,0,0,0,0,0,0,0
107999,26,bully,2161,1,0,0,39,0,546,0,1,26,105838,2161,0,40,0,0,0,LEADER,1,0,0,39,0,0,0,0,0,0,0,0,0,0,0
108735,49,bully,1977,1,0,0,39,0,546,0,1,49,106758,1977,0,40,0,0,0,LEADER,1,0,0,39,0,0,0,0,0,0,0,0,0,0,0
108550,58,bully,1792,1,0,0,39,0,546,0,1,58,106758,1792,0,40,0,0,0,LEADER,1,0,0,39,0,0,0,0,0,0,0,0,0,0,0
108084,86,bully,2246,1,0,0,39,0,546,0,1,86,105838,2246,0,40,0,0,0,LEADER,1,0,0,39,0,0,0,0,0,0,0,0,0,0,0
108257,50,bully,2419,1,0,0,39,0,546,0,1,50,105838,2419,0,40,0,0,0,LEADER,1,0,0,39,0,0,0,0,0,0,0,0,0,0,0
108109,85,bully,2268,1,0,0,39,0,546,0,1,85,105841,2268,0,40,0,0,0,LEADER,1,0,0,39,0,0,0,0,0,0,0,0,0,0,0
108048,87,bully,2212,1,0,0,39,0,546,0,1,87,105836,2212,0,40,0,0,0,LEADER,1,0,0,39,0,0,0,0,0,0,0,0,0,0,0
108254,64,bully,2416,1,0,0,39,0,546,0,1,64,105838,2416,0,40,0,0,0,LEADER,1,0,0,39,0,0,0,0,0,0,0,0,0,0,0
108192,18,bully,1434,1,0,0,39,0,546,0,1,18,106758,1434,0,40,0,0,0,LEADER,1,0,0,39,0,0,0,0,0,0,0,0,0,0,0
108103,11,bully,2264,1,0,0,39,0,546,0,1,11,105839,2264,0,40,0,0,0,LEADER,1,0,0,39,0,0,0,0,0,0,0,0,0,0,0
108311,90,bully,1553,1,0,0,39,0,546,0,1,90,106758,1553,0,40,0,0,0,LEADER,1,0,0,39,0,0,0,0,0,0,0,0,0,0,0
108205,35,bully,1447,1,0,0,39,0,546,0,1,35,106758,1447,0,40,0,0,0,LEADER,1,0,0,39,0,0,0,0,0,0,0,0,0,0,0
108087,43,bully,2249,1,0,0,39,0,546,0,1,43,105838,2249,0,40,0,0,0,LEADER,1,0,0,39,0,0,0,0,0,0,0,0,0,0,0
108225,28,bully,1467,1,0,0,39,0,546,0,1,28,106758,1467,0,40,0,0,0,LEADER,1,0,0,39,0,0,0,0,0,0,0,0,0,0,0
108064,44,bully,2228,1,0,0,39,0,546,0,1,44,105836,2228,0,40,0,0,0,LEADER,1,0,0,39,0,0,0,0,0,0,0,0,0,0,0
108899,23,bully,2141,1,0,0,39,0,546,0,1,23,106758,2141,0,40,0,0,0,LEADER,1,0,0,39,0,0,0,0,0,0,0,0,0,0,0
108219,30,bully,1461,1,0,0,39,0,546,0,1,30,106758,1461,0,40,0,0,0,LEADER,1,0,0,39,0,0,0,0,0,0,0,0,0,0,0
108617,94,bully,1859,1,0,0,39,0,546,0,1,94,106758,1859,0,40,0,0,0,LEADER,1,0,0,39,0,0,0,0,0,0,0,0,0,0,0
108259,38,bully,1501,1,0,0,39,0,546,0,1,38,106758,1501,0,40,0,0,0,LEADER,1,0,0,39,0,0,0,0,0,0,0,0,0,0,0
108938,66,bully,2180,1,0,0,39,0,546,0,1,66,106758,2180,0,40,0,0,0,LEADER,1,0,0,39,0,0,0,0,0,0,0,0,0,0,0
108244,70,bully,1486,1,0,0,39,0,546,0,1,70,106758,1486,0,40,0,0,0,LEADER,1,0,0,39,0,0,0,0,0,0,0,0,0,0,0
108889,88,bully,2131,1,0,0,39,0,546,0,1,88,106758,2131,0,40,0,0,0,LEADER,1,0,0,39,0,0,0,0,0,0,0,0,0,0,0
108073,75,bully,2235,1,0,0,39,0,546,0,1,75,105838,2235,0,40,0,0,0,LEADER,1,0,0,39,0,0,0,0,0,0,0,0,0,0,0
108605,1,bully,2293,1,0,0,10,8,140,112,1,1,106312,2293,0,9,0,0,0,LEADER,1,0,0,10,0,0,0,8,0,0,0,0,0,0,0
108083,12,bully,2243,1,0,0,39,0,546,0,1,12,105840,2243,0,40,0,0,0,LEADER,1,0,0,39,0,0,0,0,0,0,0,0,0,0,0
108783,27,bully,2025,1,0,0,39,0,546,0,1,27,106758,2025,0,40,0,0,0,LEADER,1,0,0,39,0,0,0,0,0,0,0,0,0,0,0
108272,42,bully,1514,1,0,0,39,0,546,0,1,42,106758,1514,0,40,0,0,0,LEADER,1,0,0,39,0,0,0,0,0,0,0,0,0,0,0
108919,24,bully,2161,1,0,0,39,0,546,0,1,24,106758,2161,0,40,0,0,0,LEADER,1,0,0,39,0,0,0,0,0,0,0,0,0,0,0
108871,46,bully,2113,1,0,0,39,0,546,0,1,46,106758,2113,0,40,0,0,0,LEADER,1,0,0,39,0,0,0,0,0,0,0,0,0,0,0
108768,59,bully,2010,1,0,0,39,0,546,0,1,59,106758,2010,0,40,0,0,0,LEADER,1,0,0,39,0,0,0,0,0,0,0,0,0,0,0
108395,34,bully,1637,1,0,0,39,0,546,0,1,34,106758,1637,0,40,0,0,0,LEADER,1,0,0,39,0,0,0,0,0,0,0,0,0,0,0
109050,32,bully,2292,1,0,0,39,0,546,0,1,32,106758,2292,0,40,0,0,0,LEADER,1,0,0,39,0,0,0,0,0,0,0,0,0,0,0
108665,72,bully,1907,1,0,0,39,0,546,0,1,72,106758,1907,0,40,0,0,0,LEADER,1,0,0,39,0,0,0,0,0,0,0,0,0,0,0
109077,63,bully,2316,1,0,0,39,0,546,0,1,63,106761,2316,0,40,0,0,0,LEADER,1,0,0,39,0,0,0,0,0,0,0,0,0,0,0
108550,74,bully,1792,1,0,0,39,0,546,0,1,74,106758,1792,0,40,0,0,0,LEADER,1,0,0,39,0,0,0,0,0,0,0,0,0,0,0
108292,48,bully,1534,1,0,0,39,0,546,0,1,48,106758,1534,0,40,0,0,0,LEADER,1,0,0,39,0,0,0,0,0,0,0,0,0,0,0
108753,57,bully,1995,1,0,0,39,0,546,0,1,57,106758,1995,0,40,0,0,0,LEADER,1,0,0,39,0,0,0,0,0,0,0,0,0,0,0
108823,68,bully,2065,1,0,0,39,0,546,0,1,68,106758,2065,0,40,0,0,0,LEADER,1,0,0,39,0,0,0,0,0,0,0,0,0,0,0
108224,45,bully,1466,1,0,0,39,0,546,0,1,45,106758,1466,0,40,0,0,0,LEADER,1,0,0,39,0,0,0,0,0,0,0,0,0,0,0
108581,93,bully,1823,1,0,0,39,0,546,0,1,93,106758,1823,0,40,0,0,0,LEADER,1,0,0,39,0,0,0,0,0,0,0,0,0,0,0
109162,82,bully,2404,1,0,0,39,0,546,0,1,82,106758,2404,0,40,0,0,0,LEADER,1,0,0,39,0,0,0,0,0,0,0,0,0,0,0
109156,51,bully,2398,1,0,0,39,0,546,0,1,51,106758,2398,0,40,0,0,0,LEADER,1,0,0,39,0,0,0,0,0,0,0,0,0,0,0
108701,39,bully,1943,1,0,0,39,0,546,0,1,39,106758,1943,0,40,0,0,0,LEADER,1,0,0,39,0,0,0,0,0,0,0,0,0,0,0
108447,78,bully,1689,1,0,0,39,0,546,0,1,78,106758,1689,0,40,0,0,0,LEADER,1,0,0,39,0,0,0,0,0,0,0,0,0,0,0
108835,79,bully,2077,1,0,0,39,0,546,0,1,79,106758,2077,0,40,0,0,0,LEADER,1,0,0,39,0,0,0,0,0,0,0,0,0,0,0
108410,14,bully,1652,1,0,0,39,0,546,0,1,14,106758,1652,0,40,0,0,0,LEADER,1,0,0,39,0,0,0,0,0,0,0,0,0,0,0
108837,36,bully,2080,1,0,0,39,0,546,0,1,36,106757,2080,0,40,0,0,0,LEADER,1,0,0,39,0,0,0,0,0,0,0,0,0,0,0
108720,81,bully,1962,1,0,0,39,0,546,0,1,81,106758,1962,0,40,0,0,0,LEADER,1,0,0,39,0,0,0,0,0,0,0,0,0,0,0
108380,67,bully,1622,1,0,0,39,0,546,0,1,67,106758,1622,0,40,0,0,0,LEADER,1,0,0,39,0,0,0,0,0,0,0,0,0,0,0
109141,83,bully,2383,1,0,0,39,0,546,0,1,83,106758,2383,0,40,0,0,0,LEADER,1,0,0,39,0,0,0,0,0,0,0,0,0,0,0
109286,99,bully,1607,1,0,0,40,0,560,0,1,99,107679,1607,0,41,0,0,0,LEADER,1,0,0,40,0,0,0,0,0,0,0,0,0,0,0
108462,55,bully,1704,1,0,0,39,0,546,0,1,55,106758,1704,0,40,0,0,0,LEADER,1,0,0,39,0,0,0,0,0,0,0,0,0,0,0
109253,89,bully,1574,1,0,0,40,0,560,0,1,89,107679,1574,0,41,0,0,0,LEADER,1,0,0,40,0,0,0,0,0,0,0,0,0,0,0
108414,77,bully,1656,1,0,0,39,0,546,0,1,77,106758,1656,0,40,0,0,0,LEADER,1,0,0,39,0,0,0,0,0,0,0,0,0,0,0
108686,71,bully,1928,1,0,0,39,0,546,0,1,71,106758,1928,0,40,0,0,0,LEADER,1,0,0,39,0,0,0,0,0,0,0,0,0,0,0
108598,52,bully,1840,1,0,0,39,0,546,0,1,52,106758,1840,0,40,0,0,0,LEADER,1,0,0,39,0,0,0,0,0,0,0,0,0,0,0
108966,76,bully,2213,1,0,0,39,0,546,0,1,76,106753,2213,0,40,0,0,0,LEADER,1,0,0,39,0,0,0,0,0,0,0,0,0,0,0
108565,10,bully,1807,1,0,0,39,0,546,0,1,10,106758,1807,0,40,0,0,0,LEADER,1,0,0,39,0,0,0,0,0,0,0,0,0,0,0
108498,22,bully,1740,1,0,0,39,0,546,0,1,22,106758,1740,0,40,0,0,0,LEADER,1,0,0,39,0,0,0,0,0,0,0,0,0,0,0
108646,21,bully,1889,1,0,0,39,0,546,0,1,21,106757,1889,0,40,0,0,0,LEADER,1,0,0,39,0,0,0,0,0,0,0,0,0,0,0
108904,56,bully,2146,1,0,0,39,0,546,0,1,56,106758,2146,0,40,0,0,0,LEADER,1,0,0,39,0,0,0,0,0,0,0,0,0,0,0
108429,60,bully,1671,1,0,0,39,0,546,0,1,60,106758,1671,0,40,0,0,0,LEADER,1,0,0,39,0,0,0,0,0,0,0,0,0,0,0
109283,25,bully,1604,1,0,0,40,0,560,0,1,25,107679,1604,0,41,0,0,0,LEADER,1,0,0,40,0,0,0,0,0,0,0,0,0,0,0
108495,65,bully,1737,1,0,0,39,0,546,0,1,65,106758,1737,0,40,0,0,0,LEADER,1,0,0,39,0,0,0,0,0,0,0,0,0,0,0
109171,19,bully,2413,1,0,0,39,0,546,0,1,19,106758,2413,0,40,0,0,0,LEADER,1,0,0,39,0,0,0,0,0,0,0,0,0,0,0
108801,69,bully,2043,1,0,0,39,0,546,0,1,69,106758,2043,0,40,0,0,0,LEADER,1,0,0,39,0,0,0,0,0,0,0,0,0,0,0
109404,54,bully,1725,1,0,0,40,0,560,0,1,54,107679,1725,0,41,0,0,0,LEADER,1,0,0,40,0,0,0,0,0,0,0,0,0,0,0
108750,17,bully,1992,1,0,0,39,0,546,0,1,17,106758,1992,0,40,0,0,0,LEADER,1,0,0,39,0,0,0,0,0,0,0,0,0,0,0
109265,100,bully,1586,1,0,0,40,0,560,0,1,100,107679,1586,0,41,0,0,0,LEADER,1,0,0,40,0,0,0,0,0,0,0,0,0,0,0
109228,16,bully,1549,1,0,0,40,0,560,0,1,16,107679,1549,0,41,0,0,0,LEADER,1,0,0,40,0,0,0,0,0,0,0,0,0,0,0
108816,37,bully,2058,1,0,0,39,0,546,0,1,37,106758,2058,0,40,0,0,0,LEADER,1,0,0,39,0,0,0,0,0,0,0,0,0,0,0
109453,13,bully,1774,1,0,0,40,0,560,0,1,13,107679,1774,0,41,0,0,0,LEADER,1,0,0,40,0,0,0,0,0,0,0,0,0,0,0
108613,20,bully,1855,1,0,0,39,0,546,0,1,20,106758,1855,0,40,0,0,0,LEADER,1,0,0,39,0,0,0,0,0,0,0,0,0,0,0
109246,41,bully,1567,1,0,0,40,0,560,0,1,41,107679,1567,0,41,0,0,0,LEADER,1,0,0,40,0,0,0,0,0,0,0,0,0,0,0
109235,47,bully,1556,1,0,0,40,0,560,0,1,47,107679,1556,0,41,0,0,0,LEADER,1,0,0,40,0,0,0,0,0,0,0,0,0,0,0
109060,95,bully,2301,1,0,0,39,0,546,0,1,95,106759,2301,0,40,0,0,0,LEADER,1,0,0,39,0,0,0,0,0,0,0,0,0,0,0
108923,98,bully,2165,1,0,0,39,0,546,0,1,98,106758,2165,0,40,0,0,0,LEADER,1,0,0,39,0,0,0,0,0,0,0,0,0,0,0
109107,73,bully,2349,1,0,0,39,0,546,0,1,73,106758,2349,0,40,0,0,0,LEADER,1,0,0,39,0,0,0,0,0,0,0,0,0,0,0
108653,61,bully,1895,1,0,0,39,0,546,0,1,61,106758,1895,0,40,0,0,0,LEADER,1,0,0,39,0,0,0,0,0,0,0,0,0,0,0
109401,97,bully,1722,1,0,0,40,0,560,0,1,97,107679,1722,0,41,0,0,0,LEADER,1,0,0,40,0,0,0,0,0,0,0,0,0,0,0
109431,33,bully,1752,1,0,0,40,0,560,0,1,33,107679,1752,0,41,0,0,0,LEADER,1,0,0,40,0,0,0,0,0,0,0,0,0,0,0
109089,31,bully,2331,1,0,0,39,0,546,0,1,31,106758,2331,0,40,0,0,0,LEADER,1,0,0,39,0,0,0,0,0,0,0,0,0,0,0
109589,29,bully,1910,1,0,0,40,0,560,0,1,29,107679,1910,0,41,0,0,0,LEADER,1,0,0,40,0,0,0,0,0,0,0,0,0,0,0
109601,40,bully,1922,1,0,0,40,0,560,0,1,40,107679,1922,0,41,0,0,0,LEADER,1,0,0,40,0,0,0,0,0,0,0,0,0,0,0
109421,96,bully,1744,1,0,0,40,0,560,0,1,96,107677,1744,0,41,0,0,0,LEADER,1,0,0,40,0,0,0,0,0,0,0,0,0,0,0
109504,84,bully,1825,1,0,0,40,0,560,0,1,84,107679,1825,0,41,0,0,0,LEADER,1,0,0,40,0,0,0,0,0,0,0,0,0,0,0
109198,80,bully,1519,1,0,0,40,0,560,0,1,80,107679,1519,0,41,0,0,0,LEADER,1,0,0,40,0,0,0,0,0,0,0,0,0,0,0
109041,53,bully,2283,1,0,0,39,0,546,0,1,53,106758,2283,0,40,0,0,0,LEADER,1,0,0,39,0,0,0,0,0,0,0,0,0,0,0
109117,92,bully,1438,1,0,0,40,0,560,0,1,92,107679,1438,0,41,0,0,0,LEADER,1,0,0,40,0,0,0,0,0,0,0,0,0,0,0
109553,62,bully,1874,1,0,0,40,0,560,0,1,62,107679,1874,0,41,0,0,0,LEADER,1,0,0,40,0,0,0,0,0,0,0,0,0,0,0
109294,91,bully,1619,1,0,0,40,0,560,0,1,91,107675,1619,0,41,0,0,0,LEADER,1,0,0,40,0,0,0,0,0,0,0,0,0,0,0
109250,15,bully,1571,1,0,0,40,0,560,0,1,15,107679,1571,0,41,0,0,0,LEADER,1,0,0,40,0,0,0,0,0,0,0,0,0,0,0
108919,26,bully,2161,1,0,0,39,0,546,0,1,26,106758,2161,0,40,0,0,0,LEADER,1,0,0,39,0,0,0,0,0,0,0,0,0,0,0
109656,49,bully,1977,1,0,0,40,0,560,0,1,49,107679,1977,0,41,0,0,0,LEADER,1,0,0,40,0,0,0,0,0,0,0,0,0,0,0
109471,58,bully,1792,1,0,0,40,0,560,0,1,58,107679,1792,0,41,0,0,0,LEADER,1,0,0,40,0,0,0,0,0,0,0,0,0,0,0
109004,86,bully,2246,1,0,0,39,0,546,0,1,86,106758,2246,0,40,0,0,0,LEADER,1,0,0,39,0,0,0,0,0,0,0,0,0,0,0
109177,50,bully,2419,1,0,0,39,0,546,0,1,50,106758,2419,0,40,0,0,0,LEADER,1,0,0,39,0,0,0,0,0,0,0,0,0,0,0
109029,85,bully,2268,1,0,0,39,0,546,0,1,85,106761,2268,0,40,0,0,0,LEADER,1,0,0,39,0,0,0,0,0,0,0,0,0,0,0
108968,87,bully,2212,1,0,0,39,0,546,0,1,87,106756,2212,0,40,0,0,0,LEADER,1,0,0,39,0,0,0,0,0,0,0,0,0,0,0
108916,3,bully,1903,1,0,0,8,19,112,266,3,3,107013,1903,0,5,0,0,0,LEADER,1,0,0,8,0,0,0,19,0,0,0,0,0,0,0
109174,64,bully,2416,1,0,0,39,0,546,0,1,64,106758,2416,0,40,0,0,0,LEADER,1,0,0,39,0,0,0,0,0,0,0,0,0,0,0
109023,11,bully,2264,1,0,0,39,0,546,0,1,11,106759,2264,0,40,0,0,0,LEADER,1,0,0,39,0,0,0,0,0,0,0,0,0,0,0
109113,18,bully,1434,1,0,0,40,0,560,0,1,18,107679,1434,0,41,0,0,0,LEADER,1,0,0,40,0,0,0,0,0,0,0,0,0,0,0
109232,90,bully,1553,1,0,0,40,0,560,0,1,90,107679,1553,0,41,0,0,0,LEADER,1,0,0,40,0,0,0,0,0,0,0,0,0,0,0
109126,35,bully,1447,1,0,0,40,0,560,0,1,35,107679,1447,0,41,0,0,0,LEADER,1,0,0,40,0,0,0,0,0,0,0,0,0,0,0
109007,43,bully,2249,1,0,0,39,0,546,0,1,43,106758,2249,0,40,0,0,0,LEADER,1,0,0,39,0,0,0,0,0,0,0,0,0,0,0
109146,28,bully,1467,1,0,0,40,0,560,0,1,28,107679,1467,0,41,0,0,0,LEADER,1,0,0,40,0,0,0,0,0,0,0,0,0,0,0
108984,44,bully,2228,1,0,0,39,0,546,0,1,44,106756,2228,0,40,0,0,0,LEADER,1,0,0,39,0,0,0,0,0,0,0,0,0,0,0
109820,23,bully,2141,1,0,0,40,0,560,0,1,23,107679,2141,0,41,0,0,0,LEADER,1,0,0,40,0,0,0,0,0,0,0,0,0,0,0
109140,30,bully,1461,1,0,0,40,0,560,0,1,30,107679,1461,0,41,0,0,0,LEADER,1,0,0,40,0,0,0,0,0,0,0,0,0,0,0
109538,94,bully,1859,1,0,0,40,0,560,0,1,94,107679,1859,0,41,0,0,0,LEADER,1,0,0,40,0,0,0,0,0,0,0,0,0,0,0
109180,38,bully,1501,1,0,0,40,0,560,0,1,38,107679,1501,0,41,0,0,0,LEADER,1,0,0,40,0,0,0,0,0,0,0,0,0,0,0
109859,66,bully,2180,1,0,0,40,0,560,0,1,66,107679,2180,0,41,0,0,0,LEADER,1,0,0,40,0,0,0,0,0,0,0,0,0,0,0
109165,70,bully,1486,1,0,0,40,0,560,0,1,70,107679,1486,0,41,0,0,0,LEADER,1,0,0,40,0,0,0,0,0,0,0,0,0,0,0
109810,88,bully,2131,1,0,0,40,0,560,0,1,88,107679,2131,0,41,0,0,0,LEADER,1,0,0,40,0,0,0,0,0,0,0,0,0,0,0
108993,75,bully,2235,1,0,0,39,0,546,0,1,75,106758,2235,0,40,0,0,0,LEADER,1,0,0,39,0,0,0,0,0,0,0,0,0,0,0
109003,12,bully,2243,1,0,0,39,0,546,0,1,12,106760,2243,0,40,0,0,0,LEADER,1,0,0,39,0,0,0,0,0,0,0,0,0,0,0
109704,27,bully,2025,1,0,0,40,0,560,0,1,27,107679,2025,0,41,0,0,0,LEADER,1,0,0,40,0,0,0,0,0,0,0,0,0,0,0
109193,42,bully,1514,1,0,0,40,0,560,0,1,42,107679,1514,0,41,0,0,0,LEADER,1,0,0,40,0,0,0,0,0,0,0,0,0,0,0
109840,24,bully,2161,1,0,0,40,0,560,0,1,24,107679,2161,0,41,0,0,0,LEADER,1,0,0,40,0,0,0,0,0,0,0,0,0,0,0
109792,46,bully,2113,1,0,0,40,0,560,0,1,46,107679,2113,0,41,0,0,0,LEADER,1,0,0,40,0,0,0,0,0,0,0,0,0,0,0
109316,34,bully,1637,1,0,0,40,0,560,0,1,34,107679,1637,0,41,0,0,0,LEADER,1,0,0,40,0,0,0,0,0,0,0,0,0,0,0
109689,59,bully,2010,1,0,0,40,0,560,0,1,59,107679,2010,0,41,0,0,0,LEADER,1,0,0,40,0,0,0,0,0,0,0,0,0,0,0
109971,32,bully,2292,1,0,0,40,0,560,0,1,32,107679,2292,0,41,0,0,0,LEADER,1,0,0,40,0,0,0,0,0,0,0,0,0,0,0
109586,72,bully,1907,1,0,0,40,0,560,0,1,72,107679,1907,0,41,0,0,0,LEADER,1,0,0,40,0,0,0,0,0,0,0,0,0,0,0
109998,63,bully,2316,1,0,0,40,0,560,0,1,63,107682,2316,0,41,0,0,0,LEADER,1,0,0,40,0,0,0,0,0,0,0,0,0,0,0
109471,74,bully,1792,1,0,0,40,0,560,0,1,74,107679,1792,0,41,0,0,0,LEADER,1,0,0,40,0,0,0,0,0,0,0,0,0,0,0
109213,48,bully,1534,1,0,0,40,0,560,0,1,48,107679,1534,0,41,0,0,0,LEADER,1,0,0,40,0,0,0,0,0,0,0,0,0,0,0
109674,57,bully,1995,1,0,0,40,0,560,0,1,57,107679,1995,0,41,0,0,0,LEADER,1,0,0,40,0,0,0,0,0,0,0,0,0,0,0
109744,68,bully,2065,1,0,0,40,0,560,0,1,68,107679,2065,0,41,0,0,0,LEADER,1,0,0,40,0,0,0,0,0,0,0,0,0,0,0
109145,45,bully,1466,1,0,0,40,0,560,0,1,45,107679,1466,0,41,0,0,0,LEADER,1,0,0,40,0,0,0,0,0,0,0,0,0,0,0
109502,93,bully,1823,1,0,0,40,0,560,0,1,93,107679,1823,0,41,0,0,0,LEADER,1,0,0,40,0,0,0,0,0,0,0,0,0,0,0
110083,82,bully,2404,1,0,0,40,0,560,0,1,82,107679,2404,0,41,0,0,0,LEADER,1,0,0,40,0,0,0,0,0,0,0,0,0,0,0
110077,51,bully,2398,1,0,0,40,0,560,0,1,51,107679,2398,0,41,0,0,0,LEADER,1,0,0,40,0,0,0,0,0,0,0,0,0,0,0
109622,39,bully,1943,1,0,0,40,0,560,0,1,39,107679,1943,0,41,0,0,0,LEADER,1,0,0,40,0,0,0,0,0,0,0,0,0,0,0
109368,78,bully,1689,1,0,0,40,0,560,0,1,78,107679,1689,0,41,0,0,0,LEADER,1,0,0,40,0,0,0,0,0,0,0,0,0,0,0
109756,79,bully,2077,1,0,0,40,0,560,0,1,79,107679,2077,0,41,0,0,0,LEADER,1,0,0,40,0,0,0,0,0,0,0,0,0,0,0
109331,14,bully,1652,1,0,0,40,0,560,0,1,14,107679,1652,0,41,0,0,0,LEADER,1,0,0,40,0,0,0,0,0,0,0,0,0,0,0
109758,36,bully,2080,1,0,0,40,0,560,0,1,36,107678,2080,0,41,0,0,0,LEADER,1,0,0,40,0,0,0,0,0,0,0,0,0,0,0
109641,81,bully,1962,1,0,0,40,0,560,0,1,81,107679,1962,0,41,0,0,0,LEADER,1,0,0,40,0,0,0,0,0,0,0,0,0,0,0
109301,67,bully,1622,1,0,0,40,0,560,0,1,67,107679,1622,0,41,0,0,0,LEADER,1,0,0,40,0,0,0,0,0,0,0,0,0,0,0
110062,83,bully,2383,1,0,0,40,0,560,0,1,83,107679,2383,0,41,0,0,0,LEADER,1,0,0,40,0,0,0,0,0,0,0,0,0,0,0
110206,99,bully,1607,1,0,0,40,0,560,0,1,99,108599,1607,0,41,0,0,0,LEADER,1,0,0,40,0,0,0,0,0,0,0,0,0,0,0
109383,55,bully,1704,1,0,0,40,0,560,0,1,55,107679,1704,0,41,0,0,0,LEADER,1,0,0,40,0,0,0,0,0,0,0,0,0,0,0
110173,89,bully,1574,1,0,0,40,0,560,0,1,89,108599,1574,0,41,0,0,0,LEADER,1,0,0,40,0,0,0,0,0,0,0,0,0,0,0
109335,77,bully,1656,1,0,0,40,0,560,0,1,77,107679,1656,0,41,0,0,0,LEADER,1,0,0,40,0,0,0,0,0,0,0,0,0,0,0
109607,71,bully,1928,1,0,0,40,0,560,0,1,71,107679,1928,0,41,0,0,0,LEADER,1,0,0,40,0,0,0,0,0,0,0,0,0,0,0
109519,52,bully,1840,1,0,0,40,0,560,0,1,52,107679,1840,0,41,0,0,0,LEADER,1,0,0,40,0,0,0,0,0,0,0,0,0,0,0
109887,76,bully,2213,1,0,0,40,0,560,0,1,76,107674,2213,0,41,0,0,0,LEADER,1,0,0,40,0,0,0,0,0,0,0,0,0,0,0
109486,10,bully,1807,1,0,0,40,0,560,0,1,10,107679,1807,0,41,0,0,0,LEADER,1,0,0,40,0,0,0,0,0,0,0,0,0,0,0
109419,22,bully,1740,1,0,0,40,0,560,0,1,22,107679,1740,0,41,0,0,0,LEADER,1,0,0,40,0,0,0,0,0,0,0,0,0,0,0
109567,21,bully,1889,1,0,0,40,0,560,0,1,21,107678,1889,0,41,0,0,0,LEADER,1,0,0,40,0,0,0,0,0,0,0,0,0,0,0
109825,56,bully,2146,1,0,0,40,0,560,0,1,56,107679,2146,0,41,0,0,0,LEADER,1,0,0,40,0,0,0,0,0,0,0,0,0,0,0
109350,60,bully,1671,1,0,0,40,0,560,0,1,60,107679,1671,0,41,0,0,0,LEADER,1,0,0,40,0,0,0,0,0,0,0,0,0,0,0
110203,25,bully,1604,1,0,0,40,0,560,0,1,25,108599,1604,0,41,0,0,0,LEADER,1,0,0,40,0,0,0,0,0,0,0,0,0,0,0
109416,65,bully,1737,1,0,0,40,0,560,0,1,65,107679,1737,0,41,0,0,0,LEADER,1,0,0,40,0,0,0,0,0,0,0,0,0,0,0
110092,19,bully,2413,1,0,0,40,0,560,0,1,19,107679,2413,0,41,0,0,0,LEADER,1,0,0,40,0,0,0,0,0,0,0,0,0,0,0
109722,69,bully,2043,1,0,0,40,0,560,0,1,69,107679,2043,0,41,0,0,0,LEADER,1,0,0,40,0,0,0,0,0,0,0,0,0,0,0
110324,54,bully,1725,1,0,0,40,0,560,0,1,54,108599,1725,0,41,0,0,0,LEADER,1,0,0,40,0,0,0,0,0,0,0,0,0,0,0
109671,17,bully,1992,1,0,0,40,0,560,0,1,17,107679,1992,0,41,0,0,0,LEADER,1,0,0,40,0,0,0,0,0,0,0,0,0,0,0
110185,100,bully,1586,1,0,0,40,0,560,0,1,100,108599,1586,0,41,0,0,0,LEADER,1,0,0,40,0,0,0,0,0,0,0,0,0,0,0
110148,16,bully,1549,1,0,0,40,0,560,0,1,16,108599,1549,0,41,0,0,0,LEADER,1,0,0,40,0,0,0,0,0,0,0,0,0,0,0
109737,37,bully,2058,1,0,0,40,0,560,0,1,37,107679,2058,0,41,0,0,0,LEADER,1,0,0,40,0,0,0,0,0,0,0,0,0,0,0
110373,13,bully,1774,1,0,0,40,0,560,0,1,13,108599,1774,0,41,0,0,0,LEADER,1,0,0,40,0,0,0,0,0,0,0,0,0,0,0
109534,20,bully,1855,1,0,0,40,0,560,0,1,20,107679,1855,0,41,0,0,0,LEADER,1,0,0,40,0,0,0,0,0,0,0,0,0,0,0
110166,41,bully,1567,1,0,0,40,0,560,0,1,41,108599,1567,0,41,0,0,0,LEADER,1,0,0,40,0,0,0,0,0,0,0,0,0,0,0
110155,47,bully,1556,1,0,0,40,0,560,0,1,47,108599,1556,0,41,0,0,0,LEADER,1,0,0,40,0,0,0,0,0,0,0,0,0,0,0
109981,95,bully,2301,1,0,0,40,0,560,0,1,95,107680,2301,0,41,0,0,0,LEADER,1,0,0,40,0,0,0,0,0,0,0,0,0,0,0
109844,98,bully,2165,1,0,0,40,0,560,0,1,98,107679,2165,0,41,0,0,0,LEADER,1,0,0,40,0,0,0,0,0,0,0,0,0,0,0
110028,73,bully,2349,1,0,0,40,0,560,0,1,73,107679,2349,0,41,0,0,0,LEADER,1,0,0,40,0,0,0,0,0,0,0,0,0,0,0
110351,33,bully,1752,1,0,0,40,0,560,0,1,33,108599,1752,0,41,0,0,0,LEADER,1,0,0,40,0,0,0,0,0,0,0,0,0,0,0
110321,97,bully,1722,1,0,0,40,0,560,0,1,97,108599,1722,0,41,0,0,0,LEADER,1,0,0,40,0,0,0,0,0,0,0,0,0,0,0
109574,61,bully,1895,1,0,0,40,0,560,0,1,61,107679,1895,0,41,0,0,0,LEADER,1,0,0,40,0,0,0,0,0,0,0,0,0,0,0
110509,29,bully,1910,1,0,0,40,0,560,0,1,29,108599,1910,0,41,0,0,0,LEADER,1,0,0,40,0,0,0,0,0,0,0,0,0,0,0
110521,40,bully,1922,1,0,0,40,0,560,0,1,40,108599,1922,0,41,0,0,0,LEADER,1,0,0,40,0,0,0,0,0,0,0,0,0,0,0
110010,31,bully,2331,1,0,0,40,0,560,0,1,31,107679,2331,0,41,0,0,0,LEADER,1,0,0,40,0,0,0,0,0,0,0,0,0,0,0
110341,96,bully,1744,1,0,0,40,0,560,0,1,96,108597,1744,0,41,0,0,0,LEADER,1,0,0,40,0,0,0,0,0,0,0,0,0,0,0
110424,84,bully,1825,1,0,0,40,0,560,0,1,84,108599,1825,0,41,0,0,0,LEADER,1,0,0,40,0,0,0,0,0,0,0,0,0,0,0
110118,80,bully,1519,1,0,0,40,0,560,0,1,80,108599,1519,0,41,0,0,0,LEADER,1,0,0,40,0,0,0,0,0,0,0,0,0,0,0
109962,53,bully,2283,1,0,0,40,0,560,0,1,53,107679,2283,0,41,0,0,0,LEADER,1,0,0,40,0,0,0,0,0,0,0,0,0,0,0
110037,92,bully,1438,1,0,0,40,0,560,0,1,92,108599,1438,0,41,0,0,0,LEADER,1,0,0,40,0,0,0,0,0,0,0,0,0,0,0
110473,62,bully,1874,1,0,0,40,0,560,0,1,62,108599,1874,0,41,0,0,0,LEADER,1,0,0,40,0,0,0,0,0,0,0,0,0,0,0
110214,91,bully,1619,1,0,0,40,0,560,0,1,91,108595,1619,0,41,0,0,0,LEADER,1,0,0,40,0,0,0,0,0,0,0,0,0,0,0
110170,15,bully,1571,1,0,0,40,0,560,0,1,15,108599,1571,0,41,0,0,0,LEADER,1,0,0,40,0,0,0,0,0,0,0,0,0,0,0
109840,26,bully,2161,1,0,0,40,0,560,0,1,26,107679,2161,0,41,0,0,0,LEADER,1,0,0,40,0,0,0,0,0,0,0,0,0,0,0
110576,49,bully,1977,1,0,0,40,0,560,0,1,49,108599,1977,0,41,0,0,0,LEADER,1,0,0,40,0,0,0,0,0,0,0,0,0,0,0
110391,58,bully,1792,1,0,0,40,0,560,0,1,58,108599,1792,0,41,0,0,0,LEADER,1,0,0,40,0,0,0,0,0,0,0,0,0,0,0
109925,86,bully,2246,1,0,0,40,0,560,0,1,86,107679,2246,0,41,0,0,0,LEADER,1,0,0,40,0,0,0,0,0,0,0,0,0,0,0
110098,50,bully,2419,1,0,0,40,0,560,0,1,50,107679,2419,0,41,0,0,0,LEADER,1,0,0,40,0,0,0,0,0,0,0,0,0,0,0
109950,85,bully,2268,1,0,0,40,0,560,0,1,85,107682,2268,0,41,0,0,0,LEADER,1,0,0,40,0,0,0,0,0,0,0,0,0,0,0
109889,87,bully,2212,1,0,0,40,0,560,0,1,87,107677,2212,0,41,0,0,0,LEADER,1,0,0,40,0,0,0,0,0,0,0,0,0,0,0
110095,64,bully,2416,1,0,0,40,0,560,0,1,64,107679,2416,0,41,0,0,0,LEADER,1,0,0,40,0,0,0,0,0,0,0,0,0,0,0
110033,18,bully,1434,1,0,0,40,0,560,0,1,18,108599,1434,0,41,0,0,0,LEADER,1,0,0,40,0,0,0,0,0,0,0,0,0,0,0
109944,11,bully,2264,1,0,0,40,0,560,0,1,11,107680,2264,0,41,0,0,0,LEADER,1,0,0,40,0,0,0,0,0,0,0,0,0,0,0
110152,90,bully,1553,1,0,0,40,0,560,0,1,90,108599,1553,0,41,0,0,0,LEADER,1,0,0,40,0,0,0,0,0,0,0,0,0,0,0
110046,35,bully,1447,1,0,0,40,0,560,0,1,35,108599,1447,0,41,0,0,0,LEADER,1,0,0,40,0,0,0,0,0,0,0,0,0,0,0
109928,43,bully,2249,1,0,0,40,0,560,0,1,43,107679,2249,0,41,0,0,0,LEADER,1,0,0,40,0,0,0,0,0,0,0,0,0,0,0
110066,28,bully,1467,1,0,0,40,0,560,0,1,28,108599,1467,0,41,0,0,0,LEADER,1,0,0,40,0,0,0,0,0,0,0,0,0,0,0
109905,44,bully,2228,1,0,0,40,0,560,0,1,44,107677,2228,0,41,0,0,0,LEADER,1,0,0,40,0,0,0,0,0,0,0,0,0,0,0
110740,23,bully,2141,1,0,0,40,0,560,0,1,23,108599,2141,0,41,0,0,0,LEADER,1,0,0,40,0,0,0,0,0,0,0,0,0,0,0
110060,30,bully,1461,1,0,0,40,0,560,0,1,30,108599,1461,0,41,0,0,0,LEADER,1,0,0,40,0,0,0,0,0,0,0,0,0,0,0
110458,94,bully,1859,1,0,0,40,0,560,0,1,94,108599,1859,0,41,0,0,0,LEADER,1,0,0,40,0,0,0,0,0,0,0,0,0,0,0
110100,38,bully,1501,1,0,0,40,0,560,0,1,38,108599,1501,0,41,0,0,0,LEADER,1,0,0,40,0,0,0,0,0,0,0,0,0,0,0
110779,66,bully,2180,1,0,0,40,0,560,0,1,66,108599,2180,0,41,0,0,0,LEADER,1,0,0,40,0,0,0,0,0,0,0,0,0,0,0
110085,70,bully,1486,1,0,0,40,0,560,0,1,70,108599,1486,0,41,0,0,0,LEADER,1,0,0,40,0,0,0,0,0,0,0,0,0,0,0
110730,88,bully,2131,1,0,0,40,0,560,0,1,88,108599,2131,0,41,0,0,0,LEADER,1,0,0,40,0,0,0,0,0,0,0,0,0,0,0
109914,75,bully,2235,1,0,0,40,0,560,0,1,75,107679,2235,0,41,0,0,0,LEADER,1,0,0,40,0,0,0,0,0,0,0,0,0,0,0
109924,12,bully,2243,1,0,0,40,0,560,0,1,12,107681,2243,0,41,0,0,0,LEADER,1,0,0,40,0,0,0,0,0,0,0,0,0,0,0
110624,27,bully,2025,1,0,0,40,0,560,0,1,27,108599,2025,0,41,0,0,0,LEADER,1,0,0,40,0,0,0,0,0,0,0,0,0,0,0
110113,42,bully,1514,1,0,0,40,0,560,0,1,42,108599,1514,0,41,0,0,0,LEADER,1,0,0,40,0,0,0,0,0,0,0,0,0,0,0
110760,24,bully,2161,1,0,0,40,0,560,0,1,24,108599,2161,0,41,0,0,0,LEADER,1,0,0,40,0,0,0,0,0,0,0,0,0,0,0
110712,46,bully,2113,1,0,0,40,0,560,0,1,46,108599,2113,0,41,0,0,0,LEADER,1,0,0,40,0,0,0,0,0,0,0,0,0,0,0
110236,34,bully,1637,1,0,0,40,0,560,0,1,34,108599,1637,0,41,0,0,0,LEADER,1,0,0,40,0,0,0,0,0,0,0,0,0,0,0
110609,59,bully,2010,1,0,0,40,0,560,0,1,59,108599,2010,0,41,0,0,0,LEADER,1,0,0,40,0,0,0,0,0,0,0,0,0,0,0
110891,32,bully,2292,1,0,0,40,0,560,0,1,32,108599,2292,0,41,0,0,0,LEADER,1,0,0,40,0,0,0,0,0,0,0,0,0,0,0
110506,72,bully,1907,1,0,0,40,0,560,0,1,72,108599,1907,0,41,0,0,0,LEADER,1,0,0,40,0,0,0,0,0,0,0,0,0,0,0
110918,63,bully,2316,1,0,0,40,0,560,0,1,63,108602,2316,0,41,0,0,0,LEADER,1,0,0,40,0,0,0,0,0,0,0,0,0,0,0
110391,74,bully,1792,1,0,0,40,0,560,0,1,74,108599,1792,0,41,0,0,0,LEADER,1,0,0,40,0,0,0,0,0,0,0,0,0,0,0
110133,48,bully,1534,1,0,0,40,0,560,0,1,48,108599,1534,0,41,0,0,0,LEADER,1,0,0,40,0,0,0,0,0,0,0,0,0,0,0
110594,57,bully,1995,1,0,0,40,0,560,0,1,57,108599,1995,0,41,0,0,0,LEADER,1,0,0,40,0,0,0,0,0,0,0,0,0,0,0
110664,68,bully,2065,1,0,0,40,0,560,0,1,68,108599,2065,0,41,0,0,0,LEADER,1,0,0,40,0,0,0,0,0,0,0,0,0,0,0
110065,45,bully,1466,1,0,0,40,0,560,0,1,45,108599,1466,0,41,0,0,0,LEADER,1,0,0,40,0,0,0,0,0,0,0,0,0,0,0
110422,93,bully,1823,1,0,0,40,0,560,0,1,93,108599,1823,0,41,0,0,0,LEADER,1,0,0,40,0,0,0,0,0,0,0,0,0,0,0
111003,82,bully,2404,1,0,0,40,0,560,0,1,82,108599,2404,0,41,0,0,0,LEADER,1,0,0,40,0,0,0,0,0,0,0,0,0,0,0
110997,51,bully,2398,1,0,0,40,0,560,0,1,51,108599,2398,0,41,0,0,0,LEADER,1,0,0,40,0,0,0,0,0,0,0,0,0,0,0
110542,39,bully,1943,1,0,0,40,0,560,0,1,39,108599,1943,0,41,0,0,0,LEADER,1,0,0,40,0,0,0,0,0,0,0,0,0,0,0
110288,78,bully,1689,1,0,0,40,0,560,0,1,78,108599,1689,0,41,0,0,0,LEADER,1,0,0,40,0,0,0,0,0,0,0,0,0,0,0
110676,79,bully,2077,1,0,0,40,0,560,0,1,79,108599,2077,0,41,0,0,0,LEADER,1,0,0,40,0,0,0,0,0,0,0,0,0,0,0
110251,14,bully,1652,1,0,0,40,0,560,0,1,14,108599,1652,0,41,0,0,0,LEADER,1,0,0,40,0,0,0,0,0,0,0,0,0,0,0
110678,36,bully,2080,1,0,0,40,0,560,0,1,36,108598,2080,0,41,0,0,0,LEADER,1,0,0,40,0,0,0,0,0,0,0,0,0,0,0
110561,81,bully,1962,1,0,0,40,0,560,0,1,81,108599,1962,0,41,0,0,0,LEADER,1,0,0,40,0,0,0,0,0,0,0,0,0,0,0
110221,67,bully,1622,1,0,0,40,0,560,0,1,67,108599,1622,0,41,0,0,0,LEADER,1,0,0,40,0,0,0,0,0,0,0,0,0,0,0
110982,83,bully,2383,1,0,0,40,0,560,0,1,83,108599,2383,0,41,0,0,0,LEADER,1,0,0,40,0,0,0,0,0,0,0,0,0,0,0
111126,99,bully,1607,1,0,0,40,0,560,0,1,99,109519,1607,0,41,0,0,0,LEADER,1,0,0,40,0,0,0,0,0,0,0,0,0,0,0
110303,55,bully,1704,1,0,0,40,0,560,0,1,55,108599,1704,0,41,0,0,0,LEADER,1,0,0,40,0,0,0,0,0,0,0,0,0,0,0
111093,89,bully,1574,1,0,0,40,0,560,0,1,89,109519,1574,0,41,0,0,0,LEADER,1,0,0,40,0,0,0,0,0,0,0,0,0,0,0
110255,77,bully,1656,1,0,0,40,0,560,0,1,77,108599,1656,0,41,0,0,0,LEADER,1,0,0,40,0,0,0,0,0,0,0,0,0,0,0
110527,71,bully,1928,1,0,0,40,0,560,0,1,71,108599,1928,0,41,0,0,0,LEADER,1,0,0,40,0,0,0,0,0,0,0,0,0,0,0
110439,52,bully,1840,1,0,0,40,0,560,0,1,52,108599,1840,0,41,0,0,0,LEADER,1,0,0,40,0,0,0,0,0,0,0,0,0,0,0
110807,76,bully,2213,1,0,0,40,0,560,0,1,76,108594,2213,0,41,0,0,0,LEADER,1,0,0,40,0,0,0,0,0,0,0,0,0,0,0
110406,10,bully,1807,1,0,0,40,0,560,0,1,10,108599,1807,0,41,0,0,0,LEADER,1,0,0,40,0,0,0,0,0,0,0,0,0,0,0
110339,22,bully,1740,1,0,0,40,0,560,0,1,22,108599,1740,0,41,0,0,0,LEADER,1,0,0,40,0,0,0,0,0,0,0,0,0,0,0
110487,21,bully,1889,1,0,0,40,0,560,0,1,21,108598,1889,0,41,0,0,0,LEADER,1,0,0,40,0,0,0,0,0,0,0,0,0,0,0
110745,56,bully,2146,1,0,0,40,0,560,0,1,56,108599,2146,0,41,0,0,0,LEADER,1,0,0,40,0,0,0,0,0,0,0,0,0,0,0
110270,60,bully,1671,1,0,0,40,0,560,0,1,60,108599,1671,0,41,0,0,0,LEADER,1,0,0,40,0,0,0,0,0,0,0,0,0,0,0
111123,25,bully,1604,1,0,0,40,0,560,0,1,25,109519,1604,0,41,0,0,0,LEADER,1,0,0,40,0,0,0,0,0,0,0,0,0,0,0
110336,65,bully,1737,1,0,0,40,0,560,0,1,65,108599,1737,0,41,0,0,0,LEADER,1,0,0,40,0,0,0,0,0,0,0,0,0,0,0
111012,19,bully,2413,1,0,0,40,0,560,0,1,19,108599,2413,0,41,0,0,0,LEADER,1,0,0,40,0,0,0,0,0,0,0,0,0,0,0
110642,69,bully,2043,1,0,0,40,0,560,0,1,69,108599,2043,0,41,0,0,0,LEADER,1,0,0,40,0,0,0,0,0,0,0,0,0,0,0
111244,54,bully,1725,1,0,0,40,0,560,0,1,54,109519,1725,0,41,0,0,0,LEADER,1,0,0,40,0,0,0,0,0,0,0,0,0,0,0
110591,17,bully,1992,1,0,0,40,0,560,0,1,17,108599,1992,0,41,0,0,0,LEADER,1,0,0,40,0,0,0,0,0,0,0,0,0,0,0
111105,100,bully,1586,1,0,0,40,0,560,0,1,100,109519,1586,0,41,0,0,0,LEADER,1,0,0,40,0,0,0,0,0,0,0,0,0,0,0
111068,16,bully,1549,1,0,0,40,0,560,0,1,16,109519,1549,0,41,0,0,0,LEADER,1,0,0,40,0,0,0,0,0,0,0,0,0,0,0
110657,37,bully,2058,1,0,0,40,0,560,0,1,37,108599,2058,0,41,0,0,0,LEADER,1,0,0,40,0,0,0,0,0,0,0,0,0,0,0
111293,13,bully,1774,1,0,0,40,0,560,0,1,13,109519,1774,0,41,0,0,0,LEADER,1,0,0,40,0,0,0,0,0,0,0,0,0,0,0
110454,20,bully,1855,1,0,0,40,0,560,0,1,20,108599,1855,0,41,0,0,0,LEADER,1,0,0,40,0,0,0,0,0,0,0,0,0,0,0
111086,41,bully,1567,1,0,0,40,0,560,0,1,41,109519,1567,0,41,0,0,0,LEADER,1,0,0,40,0,0,0,0,0,0,0,0,0,0,0
111075,47,bully,1556,1,0,0,40,0,560,0,1,47,109519,1556,0,41,0,0,0,LEADER,1,0,0,40,0,0,0,0,0,0,0,0,0,0,0
110901,95,bully,2301,1,0,0,40,0,560,0,1,95,108600,2301,0,41,0,0,0,LEADER,1,0,0,40,0,0,0,0,0,0,0,0,0,0,0
110764,98,bully,2165,1,0,0,40,0,560,0,1,98,108599,2165,0,41,0,0,0,LEADER,1,0,0,40,0,0,0,0,0,0,0,0,0,0,0
110948,73,bully,2349,1,0,0,40,0,560,0,1,73,108599,2349,0,41,0,0,0,LEADER,1,0,0,40,0,0,0,0,0,0,0,0,0,0,0
111271,33,bully,1752,1,0,0,40,0,560,0,1,33,109519,1752,0,41,0,0,0,LEADER,1,0,0,40,0,0,0,0,0,0,0,0,0,0,0
110494,61,bully,1895,1,0,0,40,0,560,0,1,61,108599,1895,0,41,0,0,0,LEADER,1,0,0,40,0,0,0,0,0,0,0,0,0,0,0
111241,97,bully,1722,1,0,0,40,0,560,0,1,97,109519,1722,0,41,0,0,0,LEADER,1,0,0,40,0,0,0,0,0,0,0,0,0,0,0
111429,29,bully,1910,1,0,0,40,0,560,0,1,29,109519,1910,0,41,0,0,0,LEADER,1,0,0,40,0,0,0,0,0,0,0,0,0,0,0
111441,40,bully,1922,1,0,0,40,0,560,0,1,40,109519,1922,0,41,0,0,0,LEADER,1,0,0,40,0,0,0,0,0,0,0,0,0,0,0
110930,31,bully,2331,1,0,0,40,0,560,0,1,31,108599,2331,0,41,0,0,0,LEADER,1,0,0,40,0,0,0,0,0,0,0,0,0,0,0
111261,96,bully,1744,1,0,0,40,0,560,0,1,96,109517,1744,0,41,0,0,0,LEADER,1,0,0,40,0,0,0,0,0,0,0,0,0,0,0
111344,84,bully,1825,1,0,0,40,0,560,0,1,84,109519,1825,0,41,0,0,0,LEADER,1,0,0,40,0,0,0,0,0,0,0,0,0,0,0
111038,80,bully,1519,1,0,0,40,0,560,0,1,80,109519,1519,0,41,0,0,0,LEADER,1,0,0,40,0,0,0,0,0,0,0,0,0,0,0
110882,53,bully,2283,1,0,0,40,0,560,0,1,53,108599,2283,0,41,0,0,0,LEADER,1,0,0,40,0,0,0,0,0,0,0,0,0,0,0
110957,92,bully,1438,1,0,0,40,0,560,0,1,92,109519,1438,0,41,0,0,0,LEADER,1,0,0,40,0,0,0,0,0,0,0,0,0,0,0
111393,62,bully,1874,1,0,0,40,0,560,0,1,62,109519,1874,0,41,0,0,0,LEADER,1,0,0,40,0,0,0,0,0,0,0,0,0,0,0
111134,91,bully,1619,1,0,0,40,0,560,0,1,91,109515,1619,0,41,0,0,0,LEADER,1,0,0,40,0,0,0,0,0,0,0,0,0,0,0
111090,15,bully,1571,1,0,0,40,0,560,0,1,15,109519,1571,0,41,0,0,0,LEADER,1,0,0,40,0,0,0,0,0,0,0,0,0,0,0
110760,26,bully,2161,1,0,0,40,0,560,0,1,26,108599,2161,0,41,0,0,0,LEADER,1,0,0,40,0,0,0,0,0,0,0,0,0,0,0
111496,49,bully,1977,1,0,0,40,0,560,0,1,49,109519,1977,0,41,0,0,0,LEADER,1,0,0,40,0,0,0,0,0,0,0,0,0,0,0
111311,58,bully,1792,1,0,0,40,0,560,0,1,58,109519,1792,0,41,0,0,0,LEADER,1,0,0,40,0,0,0,0,0,0,0,0,0,0,0
110845,86,bully,2246,1,0,0,40,0,560,0,1,86,108599,2246,0,41,0,0,0,LEADER,1,0,0,40,0,0,0,0,0,0,0,0,0,0,0
111018,50,bully,2419,1,0,0,40,0,560,0,1,50,108599,2419,0,41,0,0,0,LEADER,1,0,0,40,0,0,0,0,0,0,0,0,0,0,0
110870,85,bully,2268,1,0,0,40,0,560,0,1,85,108602,2268,0,41,0,0,0,LEADER,1,0,0,40,0,0,0,0,0,0,0,0,0,0,0
110809,87,bully,2212,1,0,0,40,0,560,0,1,87,108597,2212,0,41,0,0,0,LEADER,1,0,0,40,0,0,0,0,0,0,0,0,0,0,0
111015,64,bully,2416,1,0,0,40,0,560,0,1,64,108599,2416,0,41,0,0,0,LEADER,1,0,0,40,0,0,0,0,0,0,0,0,0,0,0
110953,18,bully,1434,1,0,0,40,0,560,0,1,18,109519,1434,0,41,0,0,0,LEADER,1,0,0,40,0,0,0,0,0,0,0,0,0,0,0
110864,11,bully,2264,1,0,0,40,0,560,0,1,11,108600,2264,0,41,0,0,0,LEADER,1,0,0,40,0,0,0,0,0,0,0,0,0,0,0
111072,90,bully,1553,1,0,0,40,0,560,0,1,90,109519,1553,0,41,0,0,0,LEADER,1,0,0,40,0,0,0,0,0,0,0,0,0,0,0
110966,35,bully,1447,1,0,0,40,0,560,0,1,35,109519,1447,0,41,0,0,0,LEADER,1,0,0,40,0,0,0,0,0,0,0,0,0,0,0
110848,43,bully,2249,1,0,0,40,0,560,0,1,43,108599,2249,0,41,0,0,0,LEADER,1,0,0,40,0,0,0,0,0,0,0,0,0,0,0
110986,28,bully,1467,1,0,0,40,0,560,0,1,28,109519,1467,0,41,0,0,0,LEADER,1,0,0,40,0,0,0,0,0,0,0,0,0,0,0
110825,44,bully,2228,1,0,0,40,0,560,0,1,44,108597,2228,0,41,0,0,0,LEADER,1,0,0,40,0,0,0,0,0,0,0,0,0,0,0
111660,23,bully,2141,1,0,0,40,0,560,0,1,23,109519,2141,0,41,0,0,0,LEADER,1,0,0,40,0,0,0,0,0,0,0,0,0,0,0
110980,30,bully,1461,1,0,0,40,0,560,0,1,30,109519,1461,0,41,0,0,0,LEADER,1,0,0,40,0,0,0,0,0,0,0,0,0,0,0
111378,94,bully,1859,1,0,0,40,0,560,0,1,94,109519,1859,0,41,0,0,0,LEADER,1,0,0,40,0,0,0,0,0,0,0,0,0,0,0
111020,38,bully,1501,1,0,0,40,0,560,0,1,38,109519,1501,0,41,0,0,0,LEADER,1,0,0,40,0,0,0,0,0,0,0,0,0,0,0
111699,66,bully,2180,1,0,0,40,0,560,0,1,66,109519,2180,0,41,0,0,0,LEADER,1,0,0,40,0,0,0,0,0,0,0,0,0,0,0
111005,70,bully,1486,1,0,0,40,0,560,0,1,70,109519,1486,0,41,0,0,0,LEADER,1,0,0,40,0,0,0,0,0,0,0,0,0,0,0
111650,88,bully,2131,1,0,0,40,0,560,0,1,88,109519,2131,0,41,0,0,0,LEADER,1,0,0,40,0,0,0,0,0,0,0,0,0,0,0
110834,75,bully,2235,1,0,0,40,0,560,0,1,75,108599,2235,0,41,0,0,0,LEADER,1,0,0,40,0,0,0,0,0,0,0,0,0,0,0
110844,12,bully,2243,1,0,0,40,0,560,0,1,12,108601,2243,0,41,0,0,0,LEADER,1,0,0,40,0,0,0,0,0,0,0,0,0,0,0
111544,27,bully,2025,1,0,0,40,0,560,0,1,27,109519,2025,0,41,0,0,0,LEADER,1,0,0,40,0,0,0,0,0,0,0,0,0,0,0
111033,42,bully,1514,1,0,0,40,0,560,0,1,42,109519,1514,0,41,0,0,0,LEADER,1,0,0,40,0,0,0,0,0,0,0,0,0,0,0
111680,24,bully,2161,1,0,0,40,0,560,0,1,24,109519,2161,0,41,0,0,0,LEADER,1,0,0,40,0,0,0,0,0,0,0,0,0,0,0
111632,46,bully,2113,1,0,0,40,0,560,0,1,46,109519,2113,0,41,0,0,0,LEADER,1,0,0,40,0,0,0,0,0,0,0,0,0,0,0
111156,34,bully,1637,1,0,0,40,0,560,0,1,34,109519,1637,0,41,0,0,0,LEADER,1,0,0,40,0,0,0,0,0,0,0,0,0,0,0
111529,59,bully,2010,1,0,0,40,0,560,0,1,59,109519,2010,0,41,0,0,0,LEADER,1,0,0,40,0,0,0,0,0,0,0,0,0,0,0
111811,32,bully,2292,1,0,0,40,0,560,0,1,32,109519,2292,0,41,0,0,0,LEADER,1,0,0,40,0,0,0,0,0,0,0,0,0,0,0
111426,72,bully,1907,1,0,0,40,0,560,0,1,72,109519,1907,0,41,0,0,0,LEADER,1,0,0,40,0,0,0,0,0,0,0,0,0,0,0
111838,63,bully,2316,1,0,0,40,0,560,0,1,63,109522,2316,0,41,0,0,0,LEADER,1,0,0,40,0,0,0,0,0,0,0,0,0,0,0
111311,74,bully,1792,1,0,0,40,0,560,0,1,74,109519,1792,0,41,0,0,0,LEADER,1,0,0,40,0,0,0,0,0,0,0,0,0,0,0
111053,48,bully,1534,1,0,0,40,0,560,0,1,48,109519,1534,0,41,0,0,0,LEADER,1,0,0,40,0,0,0,0,0,0,0,0,0,0,0
111514,57,bully,1995,1,0,0,40,0,560,0,1,57,109519,1995,0,41,0,0,0,LEADER,1,0,0,40,0,0,0,0,0,0,0,0,0,0,0
111584,68,bully,2065,1,0,0,40,0,560,0,1,68,109519,2065,0,41,0,0,0,LEADER,1,0,0,40,0,0,0,0,0,0,0,0,0,0,0
110985,45,bully,1466,1,0,0,40,0,560,0,1,45,109519,1466,0,41,0,0,0,LEADER,1,0,0,40,0,0,0,0,0,0,0,0,0,0,0
111342,93,bully,1823,1,0,0,40,0,560,0,1,93,109519,1823,0,41,0,0,0,LEADER,1,0,0,40,0,0,0,0,0,0,0,0,0,0,0
111923,82,bully,2404,1,0,0,40,0,560,0,1,82,109519,2404,0,41,0,0,0,LEADER,1,0,0,40,0,0,0,0,0,0,0,0,0,0,0
111917,51,bully,2398,1,0,0,40,0,560,0,1,51,109519,2398,0,41,0,0,0,LEADER,1,0,0,40,0,0,0,0,0,0,0,0,0,0,0
111462,39,bully,1943,1,0,0,40,0,560,0,1,39,109519,1943,0,41,0,0,0,LEADER,1,0,0,40,0,0,0,0,0,0,0,0,0,0,0
111208,78,bully,1689,1,0,0,40,0,560,0,1,78,109519,1689,0,41,0,0,0,LEADER,1,0,0,40,0,0,0,0,0,0,0,0,0,0,0
111596,79,bully,2077,1,0,0,40,0,560,0,1,79,109519,2077,0,41,0,0,0,LEADER,1,0,0,40,0,0,0,0,0,0,0,0,0,0,0
111171,14,bully,1652,1,0,0,40,0,560,0,1,14,109519,1652,0,41,0,0,0,LEADER,1,0,0,40,0,0,0,0,0,0,0,0,0,0,0
111598,36,bully,2080,1,0,0,40,0,560,0,1,36,109518,2080,0,41,0,0,0,LEADER,1,0,0,40,0,0,0,0,0,0,0,0,0,0,0
111481,81,bully,1962,1,0,0,40,0,560,0,1,81,109519,1962,0,41,0,0,0,LEADER,1,0,0,40,0,0,0,0,0,0,0,0,0,0,0
111141,67,bully,1622,1,0,0,40,0,560,0,1,67,109519,1622,0,41,0,0,0,LEADER,1,0,0,40,0,0,0,0,0,0,0,0,0,0,0
111902,83,bully,2383,1,0,0,40,0,560,0,1,83,109519,2383,0,41,0,0,0,LEADER,1,0,0,40,0,0,0,0,0,0,0,0,0,0,0
112047,99,bully,1607,1,0,0,41,0,574,0,1,99,110440,1607,0,42,0,0,0,LEADER,1,0,0,41,0,0,0,0,0,0,0,0,0,0,0
111223,55,bully,1704,1,0,0,40,0,560,0,1,55,109519,1704,0,41,0,0,0,LEADER,1,0,0,40,0,0,0,0,0,0,0,0,0,0,0
112014,89,bully,1574,1,0,0,41,0,574,0,1,89,110440,1574,0,42,0,0,0,LEADER,1,0,0,41,0,0,0,0,0,0,0,0,0,0,0
111175,77,bully,1656,1,0,0,40,0,560,0,1,77,109519,1656,0,41,0,0,0,LEADER,1,0,0,40,0,0,0,0,0,0,0,0,0,0,0
111447,71,bully,1928,1,0,0,40,0,560,0,1,71,109519,1928,0,41,0,0,0,LEADER,1,0,0,40,0,0,0,0,0,0,0,0,0,0,0
111359,52,bully,1840,1,0,0,40,0,560,0,1,52,109519,1840,0,41,0,0,0,LEADER,1,0,0,40,0,0,0,0,0,0,0,0,0,0,0
111727,76,bully,2213,1,0,0,40,0,560,0,1,76,109514,2213,0,41,0,0,0,LEADER,1,0,0,40,0,0,0,0,0,0,0,0,0,0,0
111326,10,bully,1807,1,0,0,40,0,560,0,1,10,109519,1807,0,41,0,0,0,LEADER,1,0,0,40,0,0,0,0,0,0,0,0,0,0,0
111259,22,bully,1740,1,0,0,40,0,560,0,1,22,109519,1740,0,41,0,0,0,LEADER,1,0,0,40,0,0,0,0,0,0,0,0,0,0,0
111407,21,bully,1889,1,0,0,40,0,560,0,1,21,109518,1889,0,41,0,0,0,LEADER,1,0,0,40,0,0,0,0,0,0,0,0,0,0,0
111665,56,bully,2146,1,0,0,40,0,560,0,1,56,109519,2146,0,41,0,0,0,LEADER,1,0,0,40,0,0,0,0,0,0,0,0,0,0,0
111190,60,bully,1671,1,0,0,40,0,560,0,1,60,109519,1671,0,41,0,0,0,LEADER,1,0,0,40,0,0,0,0,0,0,0,0,0,0,0
112044,25,bully,1604,1,0,0,41,0,574,0,1,25,110440,1604,0,42,0,0,0,LEADER,1,0,0,41,0,0,0,0,0,0,0,0,0,0,0
111256,65,bully,1737,1,0,0,40,0,560,0,1,65,109519,1737,0,41,0,0,0,LEADER,1,0,0,40,0,0,0,0,0,0,0,0,0,0,0
111932,19,bully,2413,1,0,0,40,0,560,0,1,19,109519,2413,0,41,0,0,0,LEADER,1,0,0,40,0,0,0,0,0,0,0,0,0,0,0
111562,69,bully,2043,1,0,0,40,0,560,0,1,69,109519,2043,0,41,0,0,0,LEADER,1,0,0,40,0,0,0,0,0,0,0,0,0,0,0
112165,54,bully,1725,1,0,0,41,0,574,0,1,54,110440,1725,0,42,0,0,0,LEADER,1,0,0,41,0,0,0,0,0,0,0,0,0,0,0
111511,17,bully,1992,1,0,0,40,0,560,0,1,17,109519,1992,0,41,0,0,0,LEADER,1,0,0,40,0,0,0,0,0,0,0,0,0,0,0
112026,100,bully,1586,1,0,0,41,0,574,0,1,100,110440,1586,0,42,0,0,0,LEADER,1,0,0,41,0,0,0,0,0,0,0,0,0,0,0
111989,16,bully,1549,1,0,0,41,0,574,0,1,16,110440,1549,0,42,0,0,0,LEADER,1,0,0,41,0,0,0,0,0,0,0,0,0,0,0
111577,37,bully,2058,1,0,0,40,0,560,0,1,37,109519,2058,0,41,0,0,0,LEADER,1,0,0,40,0,0,0,0,0,0,0,0,0,0,0
112214,13,bully,1774,1,0,0,41,0,574,0,1,13,110440,1774,0,42,0,0,0,LEADER,1,0,0,41,0,0,0,0,0,0,0,0,0,0,0
111374,20,bully,1855,1,0,0,40,0,560,0,1,20,109519,1855,0,41,0,0,0,LEADER,1,0,0,40,0,0,0,0,0,0,0,0,0,0,0
112007,41,bully,1567,1,0,0,41,0,574,0,1,41,110440,1567,0,42,0,0,0,LEADER,1,0,0,41,0,0,0,0,0,0,0,0,0,0,0
111996,47,bully,1556,1,0,0,41,0,574,0,1,47,110440,1556,0,42,0,0,0,LEADER,1,0,0,41,0,0,0,0,0,0,0,0,0,0,0
111821,95,bully,2301,1,0,0,40,0,560,0,1,95,109520,2301,0,41,0,0,0,LEADER,1,0,0,40,0,0,0,0,0,0,0,0,0,0,0
111684,98,bully,2165,1,0,0,40,0,560,0,1,98,109519,2165,0,41,0,0,0,LEADER,1,0,0,40,0,0,0,0,0,0,0,0,0,0,0
111868,73,bully,2349,1,0,0,40,0,560,0,1,73,109519,2349,0,41,0,0,0,LEADER,1,0,0,40,0,0,0,0,0,0,0,0,0,0,0
111414,61,bully,1895,1,0,0,40,0,560,0,1,61,109519,1895,0,41,0,0,0,LEADER,1,0,0,40,0,0,0,0,0,0,0,0,0,0,0
112162,97,bully,1722,1,0,0,41,0,574,0,1,97,110440,1722,0,42,0,0,0,LEADER,1,0,0,41,0,0,0,0,0,0,0,0,0,0,0
112192,33,bully,1752,1,0,0,41,0,574,0,1,33,110440,1752,0,42,0,0,0,LEADER,1,0,0,41,0,0,0,0,0,0,0,0,0,0,0
111850,31,bully,2331,1,0,0,40,0,560,0,1,31,109519,2331,0,41,0,0,0,LEADER,1,0,0,40,0,0,0,0,0,0,0,0,0,0,0
112350,29,bully,1910,1,0,0,41,0,574,0,1,29,110440,1910,0,42,0,0,0,LEADER,1,0,0,41,0,0,0,0,0,0,0,0,0,0,0
112362,40,bully,1922,1,0,0,41,0,574,0,1,40,110440,1922,0,42,0,0,0,LEADER,1,0,0,41,0,0,0,0,0,0,0,0,0,0,0
112181,96,bully,1744,1,0,0,41,0,574,0,1,96,110437,1744,0,42,0,0,0,LEADER,1,0,0,41,0,0,0,0,0,0,0,0,0,0,0
112265,84,bully,1825,1,0,0,41,0,574,0,1,84,110440,1825,0,42,0,0,0,LEADER,1,0,0,41,0,0,0,0,0,0,0,0,0,0,0
111959,80,bully,1519,1,0,0,41,0,574,0,1,80,110440,1519,0,42,0,0,0,LEADER,1,0,0,41,0,0,0,0,0,0,0,0,0,0,0
111802,53,bully,2283,1,0,0,40,0,560,0,1,53,109519,2283,0,41,0,0,0,LEADER,1,0,0,40,0,0,0,0,0,0,0,0,0,0,0
111878,92,bully,1438,1,0,0,41,0,574,0,1,92,110440,1438,0,42,0,0,0,LEADER,1,0,0,41,0,0,0,0,0,0,0,0,0,0,0
112314,62,bully,1874,1,0,0,41,0,574,0,1,62,110440,1874,0,42,0,0,0,LEADER,1,0,0,41,0,0,0,0,0,0,0,0,0,0,0
112055,91,bully,1619,1,0,0,41,0,574,0,1,91,110436,1619,0,42,0,0,0,LEADER,1,0,0,41,0,0,0,0,0,0,0,0,0,0,0
112011,15,bully,1571,1,0,0,41,0,574,0,1,15,110440,1571,0,42,0,0,0,LEADER,1,0,0,41,0,0,0,0,0,0,0,0,0,0,0
111680,26,bully,2161,1,0,0,40,0,560,0,1,26,109519,2161,0,41,0,0,0,LEADER,1,0,0,40,0,0,0,0,0,0,0,0,0,0,0
112417,49,bully,1977,1,0,0,41,0,574,0,1,49,110440,1977,0,42,0,0,0,LEADER,1,0,0,41,0,0,0,0,0,0,0,0,0,0,0
112232,58,bully,1792,1,0,0,41,0,574,0,1,58,110440,1792,0,42,0,0,0,LEADER,1,0,0,41,0,0,0,0,0,0,0,0,0,0,0
111765,86,bully,2246,1,0,0,40,0,560,0,1,86,109519,2246,0,41,0,0,0,LEADER,1,0,0,40,0,0,0,0,0,0,0,0,0,0,0
111938,50,bully,2419,1,0,0,40,0,560,0,1,50,109519,2419,0,41,0,0,0,LEADER,1,0,0,40,0,0,0,0,0,0,0,0,0,0,0
111790,85,bully,2268,1,0,0,40,0,560,0,1,85,109522,2268,0,41,0,0,0,LEADER,1,0,0,40,0,0,0,0,0,0,0,0,0,0,0
111729,87,bully,2212,1,0,0,40,0,560,0,1,87,109517,2212,0,41,0,0,0,LEADER,1,0,0,40,0,0,0,0,0,0,0,0,0,0,0
111935,64,bully,2416,1,0,0,40,0,560,0,1,64,109519,2416,0,41,0,0,0,LEADER,1,0,0,40,0,0,0,0,0,0,0,0,0,0,0
111784,11,bully,2264,1,0,0,40,0,560,0,1,11,109520,2264,0,41,0,0,0,LEADER,1,0,0,40,0,0,0,0,0,0,0,0,0,0,0
111874,18,bully,1434,1,0,0,41,0,574,0,1,18,110440,1434,0,42,0,0,0,LEADER,1,0,0,41,0,0,0,0,0,0,0,0,0,0,0
111993,90,bully,1553,1,0,0,41,0,574,0,1,90,110440,1553,0,42,0,0,0,LEADER,1,0,0,41,0,0,0,0,0,0,0,0,0,0,0
111887,35,bully,1447,1,0,0,41,0,574,0,1,35,110440,1447,0,42,0,0,0,LEADER,1,0,0,41,0,0,0,0,0,0,0,0,0,0,0
111768,43,bully,2249,1,0,0,40,0,560,0,1,43,109519,2249,0,41,0,0,0,LEADER,1,0,0,40,0,0,0,0,0,0,0,0,0,0,0
111907,28,bully,1467,1,0,0,41,0,574,0,1,28,110440,1467,0,42,0,0,0,LEADER,1,0,0,41,0,0,0,0,0,0,0,0,0,0,0
111745,44,bully,2228,1,0,0,40,0,560,0,1,44,109517,2228,0,41,0,0,0,LEADER,1,0,0,40,0,0,0,0,0,0,0,0,0,0,0
112581,23,bully,2141,1,0,0,41,0,574,0,1,23,110440,2141,0,42,0,0,0,LEADER,1,0,0,41,0,0,0,0,0,0,0,0,0,0,0
111901,30,bully,1461,1,0,0,41,0,574,0,1,30,110440,1461,0,42,0,0,0,LEADER,1,0,0,41,0,0,0,0,0,0,0,0,0,0,0
112299,94,bully,1859,1,0,0,41,0,574,0,1,94,110440,1859,0,42,0,0,0,LEADER,1,0,0,41,0,0,0,0,0,0,0,0,0,0,0
111941,38,bully,1501,1,0,0,41,0,574,0,1,38,110440,1501,0,42,0,0,0,LEADER,1,0,0,41,0,0,0,0,0,0,0,0,0,0,0
112620,66,bully,2180,1,0,0,41,0,574,0,1,66,110440,2180,0,42,0,0,0,LEADER,1,0,0,41,0,0,0,0,0,0,0,0,0,0,0
111926,70,bully,1486,1,0,0,41,0,574,0,1,70,110440,1486,0,42,0,0,0,LEADER,1,0,0,41,0,0,0,0,0,0,0,0,0,0,0
112571,88,bully,2131,1,0,0,41,0,574,0,1,88,110440,2131,0,42,0,0,0,LEADER,1,0,0,41,0,0,0,0,0,0,0,0,0,0,0
111754,75,bully,2235,1,0,0,40,0,560,0,1,75,109519,2235,0,41,0,0,0,LEADER,1,0,0,40,0,0,0,0,0,0,0,0,0,0,0
111764,12,bully,2243,1,0,0,40,0,560,0,1,12,109521,2243,0,41,0,0,0,LEADER,1,0,0,40,0,0,0,0,0,0,0,0,0,0,0
112465,27,bully,2025,1,0,0,41,0,574,0,1,27,110440,2025,0,42,0,0,0,LEADER,1,0,0,41,0,0,0,0,0,0,0,0,0,0,0
111954,42,bully,1514,1,0,0,41,0,574,0,1,42,110440,1514,0,42,0,0,0,LEADER,1,0,0,41,0,0,0,0,0,0,0,0,0,0,0
112601,24,bully,2161,1,0,0,41,0,574,0,1,24,110440,2161,0,42,0,0,0,LEADER,1,0,0,41,0,0,0,0,0,0,0,0,0,0,0
112553,46,bully,2113,1,0,0,41,0,574,0,1,46,110440,2113,0,42,0,0,0,LEADER,1,0,0,41,0,0,0,0,0,0,0,0,0,0,0
112077,34,bully,1637,1,0,0,41,0,574,0,1,34,110440,1637,0,42,0,0,0,LEADER,1,0,0,41,0,0,0,0,0,0,0,0,0,0,0
112450,59,bully,2010,1,0,0,41,0,574,0,1,59,110440,2010,0,42,0,0,0,LEADER,1,0,0,41,0,0,0,0,0,0,0,0,0,0,0
112732,32,bully,2292,1,0,0,41,0,574,0,1,32,110440,2292,0,42,0,0,0,LEADER,1,0,0,41,0,0,0,0,0,0,0,0,0,0,0
112347,72,bully,1907,1,0,0,41,0,574,0,1,72,110440,1907,0,42,0,0,0,LEADER,1,0,0,41,0,0,0,0,0,0,0,0,0,0,0
112759,63,bully,2316,1,0,0,41,0,574,0,1,63,110443,2316,0,42,0,0,0,LEADER,1,0,0,41,0,0,0,0,0,0,0,0,0,0,0
112232,74,bully,1792,1,0,0,41,0,574,0,1,74,110440,1792,0,42,0,0,0,LEADER,1,0,0,41,0,0,0,0,0,0,0,0,0,0,0
111974,48,bully,1534,1,0,0,41,0,574,0,1,48,110440,1534,0,42,0,0,0,LEADER,1,0,0,41,0,0,0,0,0,0,0,0,0,0,0
112435,57,bully,1995,1,0,0,41,0,574,0,1,57,110440,1995,0,42,0,0,0,LEADER,1,0,0,41,0,0,0,0,0,0,0,0,0,0,0
112505,68,bully,2065,1,0,0,41,0,574,0,1,68,110440,2065,0,42,0,0,0,LEADER,1,0,0,41,0,0,0,0,0,0,0,0,0,0,0
111906,45,bully,1466,1,0,0,41,0,574,0,1,45,110440,1466,0,42,0,0,0,LEADER,1,0,0,41,0,0,0,0,0,0,0,0,0,0,0
112263,93,bully,1823,1,0,0,41,0,574,0,1,93,110440,1823,0,42,0,0,0,LEADER,1,0,0,41,0,0,0,0,0,0,0,0,0,0,0
112844,82,bully,2404,1,0,0,41,0,574,0,1,82,110440,2404,0,42,0,0,0,LEADER,1,0,0,41,0,0,0,0,0,0,0,0,0,0,0
112838,51,bully,2398,1,0,0,41,0,574,0,1,51,110440,2398,0,42,0,0,0,LEADER,1,0,0,41,0,0,0,0,0,0,0,0,0,0,0
112383,39,bully,1943,1,0,0,41,0,574,0,1,39,110440,1943,0,42,0,0,0,LEADER,1,0,0,41,0,0,0,0,0,0,0,0,0,0,0
112129,78,bully,1689,1,0,0,41,0,574,0,1,78,110440,1689,0,42,0,0,0,LEADER,1,0,0,41,0,0,0,0,0,0,0,0,0,0,0
112517,79,bully,2077,1,0,0,41,0,574,0,1,79,110440,2077,0,42,0,0,0,LEADER,1,0,0,41,0,0,0,0,0,0,0,0,0,0,0
112092,14,bully,1652,1,0,0,41,0,574,0,1,14,110440,1652,0,42,0,0,0,LEADER,1,0,0,41,0,0,0,0,0,0,0,0,0,0,0
112519,36,bully,2080,1,0,0,41,0,574,0,1,36,110439,2080,0,42,0,0,0,LEADER,1,0,0,41,0,0,0,0,0,0,0,0,0,0,0
112402,81,bully,1962,1,0,0,41,0,574,0,1,81,110440,1962,0,42,0,0,0,LEADER,1,0,0,41,0,0,0,0,0,0,0,0,0,0,0
112062,67,bully,1622,1,0,0,41,0,574,0,1,67,110440,1622,0,42,0,0,0,LEADER,1,0,0,41,0,0,0,0,0,0,0,0,0,0,0
112823,83,bully,2383,1,0,0,41,0,574,0,1,83,110440,2383,0,42,0,0,0,LEADER,1,0,0,41,0,0,0,0,0,0,0,0,0,0,0
112967,99,bully,1607,1,0,0,41,0,574,0,1,99,111360,1607,0,42,0,0,0,LEADER,1,0,0,41,0,0,0,0,0,0,0,0,0,0,0
112144,55,bully,1704,1,0,0,41,0,574,0,1,55,110440,1704,0,42,0,0,0,LEADER,1,0,0,41,0,0,0,0,0,0,0,0,0,0,0
112934,89,bully,1574,1,0,0,41,0,574,0,1,89,111360,1574,0,42,0,0,0,LEADER,1,0,0,41,0,0,0,0,0,0,0,0,0,0,0
112096,77,bully,1656,1,0,0,41,0,574,0,1,77,110440,1656,0,42,0,0,0,LEADER,1,0,0,41,0,0,0,0,0,0,0,0,0,0,0
112368,71,bully,1928,1,0,0,41,0,574,0,1,71,110440,1928,0,42,0,0,0,LEADER,1,0,0,41,0,0,0,0,0,0,0,0,0,0,0
112280,52,bully,1840,1,0,0,41,0,574,0,1,52,110440,1840,0,42,0,0,0,LEADER,1,0,0,41,0,0,0,0,0,0,0,0,0,0,0
112648,76,bully,2213,1,0,0,41,0,574,0,1,76,110435,2213,0,42,0,0,0,LEADER,1,0,0,41,0,0,0,0,0,0,0,0,0,0,0
112247,10,bully,1807,1,0,0,41,0,574,0,1,10,110440,1807,0,42,0,0,0,LEADER,1,0,0,41,0,0,0,0,0,0,0,0,0,0,0
112180,22,bully,1740,1,0,0,41,0,574,0,1,22,110440,1740,0,42,0,0,0,LEADER,1,0,0,41,0,0,0,0,0,0,0,0,0,0,0
112328,21,bully,1889,1,0,0,41,0,574,0,1,21,110439,1889,0,42,0,0,0,LEADER,1,0,0,41,0,0,0,0,0,0,0,0,0,0,0
112586,56,bully,2146,1,0,0,41,0,574,0,1,56,110440,2146,0,42,0,0,0,LEADER,1,0,0,41,0,0,0,0,0,0,0,0,0,0,0
112111,60,bully,1671,1,0,0,41,0,574,0,1,60,110440,1671,0,42,0,0,0,LEADER,1,0,0,41,0,0,0,0,0,0,0,0,0,0,0
112964,25,bully,1604,1,0,0,41,0,574,0,1,25,111360,1604,0,42,0,0,0,LEADER,1,0,0,41,0,0,0,0,0,0,0,0,0,0,0
112177,65,bully,1737,1,0,0,41,0,574,0,1,65,110440,1737,0,42,0,0,0,LEADER,1,0,0,41,0,0,0,0,0,0,0,0,0,0,0
112853,19,bully,2413,1,0,0,41,0,574,0,1,19,110440,2413,0,42,0,0,0,LEADER,1,0,0,41,0,0,0,0,0,0,0,0,0,0,0
112483,69,bully,2043,1,0,0,41,0,574,0,1,69,110440,2043,0,42,0,0,0,LEADER,1,0,0,41,0,0,0,0,0,0,0,0,0,0,0
113085,54,bully,1725,1,0,0,41,0,574,0,1,54,111360,1725,0,42,0,0,0,LEADER,1,0,0,41,0,0,0,0,0,0,0,0,0,0,0
112432,17,bully,1992,1,0,0,41,0,574,0,1,17,110440,1992,0,42,0,0,0,LEADER,1,0,0,41,0,0,0,0,0,0,0,0,0,0,0
112946,100,bully,1586,1,0,0,41,0,574,0,1,100,111360,1586,0,42,0,0,0,LEADER,1,0,0,41,0,0,0,0,0,0,0,0,0,0,0
112909,16,bully,1549,1,0,0,41,0,574,0,1,16,111360,1549,0,42,0,0,0,LEADER,1,0,0,41,0,0,0,0,0,0,0,0,0,0,0
112498,37,bully,2058,1,0,0,41,0,574,0,1,37,110440,2058,0,42,0,0,0,LEADER,1,0,0,41,0,0,0,0,0,0,0,0,0,0,0
113134,13,bully,1774,1,0,0,41,0,574,0,1,13,111360,1774,0,42,0,0,0,LEADER,1,0,0,41,0,0,0,0,0,0,0,0,0,0,0
112295,20,bully,1855,1,0,0,41,0,574,0,1,20,110440,1855,0,42,0,0,0,LEADER,1,0,0,41,0,0,0,0,0,0,0,0,0,0,0
112927,41,bully,1567,1,0,0,41,0,574,0,1,41,111360,1567,0,42,0,0,0,LEADER,1,0,0,41,0,0,0,0,0,0,0,0,0,0,0
112916,47,bully,1556,1,0,0,41,0,574,0,1,47,111360,1556,0,42,0,0,0,LEADER,1,0,0,41,0,0,0,0,0,0,0,0,0,0,0
112742,95,bully,2301,1,0,0,41,0,574,0,1,95,110441,2301,0,42,0,0,0,LEADER,1,0,0,41,0,0,0,0,0,0,0,0,0,0,0
112605,98,bully,2165,1,0,0,41,0,574,0,1,98,110440,2165,0,42,0,0,0,LEADER,1,0,0,41,0,0,0,0,0,0,0,0,0,0,0
112789,73,bully,2349,1,0,0,41,0,574,0,1,73,110440,2349,0,42,0,0,0,LEADER,1,0,0,41,0,0,0,0,0,0,0,0,0,0,0
113112,33,bully,1752,1,0,0,41,0,574,0,1,33,111360,1752,0,42,0,0,0,LEADER,1,0,0,41,0,0,0,0,0,0,0,0,0,0,0
112335,61,bully,1895,1,0,0,41,0,574,0,1,61,110440,1895,0,42,0,0,0,LEADER,1,0,0,41,0,0,0,0,0,0,0,0,0,0,0
113082,97,bully,1722,1,0,0,41,0,574,0,1,97,111360,1722,0,42,0,0,0,LEADER,1,0,0,41,0,0,0,0,0,0,0,0,0,0,0
113270,29,bully,1910,1,0,0,41,0,574,0,1,29,111360,1910,0,42,0,0,0,LEADER,1,0,0,41,0,0,0,0,0,0,0,0,0,0,0
113282,40,bully,1922,1,0,0,41,0,574,0,1,40,111360,1922,0,42,0,0,0,LEADER,1,0,0,41,0,0,0,0,0,0,0,0,0,0,0
112771,31,bully,2331,1,0,0,41,0,574,0,1,31,110440,2331,0,42,0,0,0,LEADER,1,0,0,41,0,0,0,0,0,0,0,0,0,0,0
113101,96,bully,1744,1,0,0,41,0,574,0,1,96,111357,1744,0,42,0,0,0,LEADER,1,0,0,41,0,0,0,0,0,0,0,0,0,0,0
113185,84,bully,1825,1,0,0,41,0,574,0,1,84,111360,1825,0,42,0,0,0,LEADER,1,0,0,41,0,0,0,0,0,0,0,0,0,0,0
112879,80,bully,1519,1,0,0,41,0,574,0,1,80,111360,1519,0,42,0,0,0,LEADER,1,0,0,41,0,0,0,0,0,0,0,0,0,0,0
112723,53,bully,2283,1,0,0,41,0,574,0,1,53,110440,2283,0,42,0,0,0,LEADER,1,0,0,41,0,0,0,0,0,0,0,0,0,0,0
112798,92,bully,1438,1,0,0,41,0,574,0,1,92,111360,1438,0,42,0,0,0,LEADER,1,0,0,41,0,0,0,0,0,0,0,0,0,0,0
113234,62,bully,1874,1,0,0,41,0,574,0,1,62,111360,1874,0,42,0,0,0,LEADER,1,0,0,41,0,0,0,0,0,0,0,0,0,0,0
112975,91,bully,1619,1,0,0,41,0,574,0,1,91,111356,1619,0,42,0,0,0,LEADER,1,0,0,41,0,0,0,0,0,0,0,0,0,0,0
112931,15,bully,1571,1,0,0,41,0,574,0,1,15,111360,1571,0,42,0,0,0,LEADER,1,0,0,41,0,0,0,0,0,0,0,0,0,0,0
112601,26,bully,2161,1,0,0,41,0,574,0,1,26,110440,2161,0,42,0,0,0,LEADER,1,0,0,41,0,0,0,0,0,0,0,0,0,0,0
113337,49,bully,1977,1,0,0,41,0,574,0,1,49,111360,1977,0,42,0,0,0,LEADER,1,0,0,41,0,0,0,0,0,0,0,0,0,0,0
113152,58,bully,1792,1,0,0,41,0,574,0,1,58,111360,1792,0,42,0,0,0,LEADER,1,0,0,41,0,0,0,0,0,0,0,0,0,0,0
112686,86,bully,2246,1,0,0,41,0,574,0,1,86,110440,2246,0,42,0,0,0,LEADER,1,0,0,41,0,0,0,0,0,0,0,0,0,0,0
112859,50,bully,2419,1,0,0,41,0,574,0,1,50,110440,2419,0,42,0,0,0,LEADER,1,0,0,41,0,0,0,0,0,0,0,0,0,0,0
112711,85,bully,2268,1,0,0,41,0,574,0,1,85,110443,2268,0,42,0,0,0,LEADER,1,0,0,41,0,0,0,0,0,0,0,0,0,0,0
112650,87,bully,2212,1,0,0,41,0,574,0,1,87,110438,2212,0,42,0,0,0,LEADER,1,0,0,41,0,0,0,0,0,0,0,0,0,0,0
112856,64,bully,2416,1,0,0,41,0,574,0,1,64,110440,2416,0,42,0,0,0,LEADER,1,0,0,41,0,0,0,0,0,0,0,0,0,0,0
112794,18,bully,1434,1,0,0,41,0,574,0,1,18,111360,1434,0,42,0,0,0,LEADER,1,0,0,41,0,0,0,0,0,0,0,0,0,0,0
112705,11,bully,2264,1,0,0,41,0,574,0,1,11,110441,2264,0,42,0,0,0,LEADER,1,0,0,41,0,0,0,0,0,0,0,0,0,0,0
112913,90,bully,1553,1,0,0,41,0,574,0,1,90,111360,1553,0,42,0,0,0,LEADER,1,0,0,41,0,0,0,0,0,0,0,0,0,0,0
112807,35,bully,1447,1,0,0,41,0,574,0,1,35,111360,1447,0,42,0,0,0,LEADER,1,0,0,41,0,0,0,0,0,0,0,0,0,0,0
112689,43,bully,2249,1,0,0,41,0,574,0,1,43,110440,2249,0,42,0,0,0,LEADER,1,0,0,41,0,0,0,0,0,0,0,0,0,0,0
112827,28,bully,1467,1,0,0,41,0,574,0,1,28,111360,1467,0,42,0,0,0,LEADER,1,0,0,41,0,0,0,0,0,0,0,0,0,0,0
112666,44,bully,2228,1,0,0,41,0,574,0,1,44,110438,2228,0,42,0,0,0,LEADER,1,0,0,41,0,0,0,0,0,0,0,0,0,0,0
113501,23,bully,2141,1,0,0,41,0,574,0,1,23,111360,2141,0,42,0,0,0,LEADER,1,0,0,41,0,0,0,0,0,0,0,0,0,0,0
112821,30,bully,1461,1,0,0,41,0,574,0,1,30,111360,1461,0,42,0,0,0,LEADER,1,0,0,41,0,0,0,0,0,0,0,0,0,0,0
113219,94,bully,1859,1,0,0,41,0,574,0,1,94,111360,1859,0,42,0,0,0,LEADER,1,0,0,41,0,0,0,0,0,0,0,0,0,0,0
112861,38,bully,1501,1,0,0,41,0,574,0,1,38,111360,1501,0,42,0,0,0,LEADER,1,0,0,41,0,0,0,0,0,0,0,0,0,0,0
113540,66,bully,2180,1,0,0,41,0,574,0,1,66,111360,2180,0,42,0,0,0,LEADER,1,0,0,41,0,0,0,0,0,0,0,0,0,0,0
112846,70,bully,1486,1,0,0,41,0,574,0,1,70,111360,1486,0,42,0,0,0,LEADER,1,0,0,41,0,0,0,0,0,0,0,0,0,0,0
113491,88,bully,2131,1,0,0,41,0,574,0,1,88,111360,2131,0,42,0,0,0,LEADER,1,0,0,41,0,0,0,0,0,0,0,0,0,0,0
112675,75,bully,2235,1,0,0,41,0,574,0,1,75,110440,2235,0,42,0,0,0,LEADER,1,0,0,41,0,0,0,0,0,0,0,0,0,0,0
112685,12,bully,2243,1,0,0,41,0,574,0,1,12,110442,2243,0,42,0,0,0,LEADER,1,0,0,41,0,0,0,0,0,0,0,0,0,0,0
113385,27,bully,2025,1,0,0,41,0,574,0,1,27,111360,2025,0,42,0,0,0,LEADER,1,0,0,41,0,0,0,0,0,0,0,0,0,0,0
112874,42,bully,1514,1,0,0,41,0,574,0,1,42,111360,1514,0,42,0,0,0,LEADER,1,0,0,41,0,0,0,0,0,0,0,0,0,0,0
113521,24,bully,2161,1,0,0,41,0,574,0,1,24,111360,2161,0,42,0,0,0,LEADER,1,0,0,41,0,0,0,0,0,0,0,0,0,0,0
113473,46,bully,2113,1,0,0,41,0,574,0,1,46,111360,2113,0,42,0,0,0,LEADER,1,0,0,41,0,0,0,0,0,0,0,0,0,0,0
112997,34,bully,1637,1,0,0,41,0,574,0,1,34,111360,1637,0,42,0,0,0,LEADER,1,0,0,41,0,0,0,0,0,0,0,0,0,0,0
113370,59,bully,2010,1,0,0,41,0,574,0,1,59,111360,2010,0,42,0,0,0,LEADER,1,0,0,41,0,0,0,0,0,0,0,0,0,0,0
113652,32,bully,2292,1,0,0,41,0,574,0,1,32,111360,2292,0,42,0,0,0,LEADER,1,0,0,41,0,0,0,0,0,0,0,0,0,0,0
113267,72,bully,1907,1,0,0,41,0,574,0,1,72,111360,1907,0,42,0,0,0,LEADER,1,0,0,41,0,0,0,0,0,0,0,0,0,0,0
113679,63,bully,2316,1,0,0,41,0,574,0,1,63,111363,2316,0,42,0,0,0,LEADER,1,0,0,41,0,0,0,0,0,0,0,0,0,0,0
113152,74,bully,1792,1,0,0,41,0,574,0,1,74,111360,1792,0,42,0,0,0,LEADER,1,0,0,41,0,0,0,0,0,0,0,0,0,0,0
112894,48,bully,1534,1,0,0,41,0,574,0,1,48,111360,1534,0,42,0,0,0,LEADER,1,0,0,41,0,0,0,0,0,0,0,0,0,0,0
113355,57,bully,1995,1,0,0,41,0,574,0,1,57,111360,1995,0,42,0,0,0,LEADER,1,0,0,41,0,0,0,0,0,0,0,0,0,0,0
113425,68,bully,2065,1,0,0,41,0,574,0,1,68,111360,2065,0,42,0,0,0,LEADER,1,0,0,41,0,0,0,0,0,0,0,0,0,0,0
112826,45,bully,1466,1,0,0,41,0,574,0,1,45,111360,1466,0,42,0,0,0,LEADER,1,0,0,41,0,0,0,0,0,0,0,0,0,0,0
113183,93,bully,1823,1,0,0,41,0,574,0,1,93,111360,1823,0,42,0,0,0,LEADER,1,0,0,41,0,0,0,0,0,0,0,0,0,0,0
113764,82,bully,2404,1,0,0,41,0,574,0,1,82,111360,2404,0,42,0,0,0,LEADER,1,0,0,41,0,0,0,0,0,0,0,0,0,0,0
113758,51,bully,2398,1,0,0,41,0,574,0,1,51,111360,2398,0,42,0,0,0,LEADER,1,0,0,41,0,0,0,0,0,0,0,0,0,0,0
113303,39,bully,1943,1,0,0,41,0,574,0,1,39,111360,1943,0,42,0,0,0,LEADER,1,0,0,41,0,0,0,0,0,0,0,0,0,0,0
113049,78,bully,1689,1,0,0,41,0,574,0,1,78,111360,1689,0,42,0,0,0,LEADER,1,0,0,41,0,0,0,0,0,0,0,0,0,0,0
113437,79,bully,2077,1,0,0,41,0,574,0,1,79,111360,2077,0,42,0,0,0,LEADER,1,0,0,41,0,0,0,0,0,0,0,0,0,0,0
113012,14,bully,1652,1,0,0,41,0,574,0,1,14,111360,1652,0,42,0,0,0,LEADER,1,0,0,41,0,0,0,0,0,0,0,0,0,0,0
113439,36,bully,2080,1,0,0,41,0,574,0,1,36,111359,2080,0,42,0,0,0,LEADER,1,0,0,41,0,0,0,0,0,0,0,0,0,0,0
113322,81,bully,1962,1,0,0,41,0,574,0,1,81,111360,1962,0,42,0,0,0,LEADER,1,0,0,41,0,0,0,0,0,0,0,0,0,0,0
112982,67,bully,1622,1,0,0,41,0,574,0,1,67,111360,1622,0,42,0,0,0,LEADER,1,0,0,41,0,0,0,0,0,0,0,0,0,0,0
113743,83,bully,2383,1,0,0,41,0,574,0,1,83,111360,2383,0,42,0,0,0,LEADER,1,0,0,41,0,0,0,0,0,0,0,0,0,0,0
113887,99,bully,1607,1,0,0,41,0,574,0,1,99,112280,1607,0,42,0,0,0,LEADER,1,0,0,41,0,0,0,0,0,0,0,0,0,0,0
113064,55,bully,1704,1,0,0,41,0,574,0,1,55,111360,1704,0,42,0,0,0,LEADER,1,0,0,41,0,0,0,0,0,0,0,0,0,0,0
113854,89,bully,1574,1,0,0,41,0,574,0,1,89,112280,1574,0,42,0,0,0,LEADER,1,0,0,41,0,0,0,0,0,0,0,0,0,0,0
113016,77,bully,1656,1,0,0,41,0,574,0,1,77,111360,1656,0,42,0,0,0,LEADER,1,0,0,41,0,0,0,0,0,0,0,0,0,0,0
113288,71,bully,1928,1,0,0,41,0,574,0,1,71,111360,1928,0,42,0,0,0,LEADER,1,0,0,41,0,0,0,0,0,0,0,0,0,0,0
113200,52,bully,1840,1,0,0,41,0,574,0,1,52,111360,1840,0,42,0,0,0,LEADER,1,0,0,41,0,0,0,0,0,0,0,0,0,0,0
113568,76,bully,2213,1,0,0,41,0,574,0,1,76,111355,2213,0,42,0,0,0,LEADER,1,0,0,41,0,0,0,0,0,0,0,0,0,0,0
113167,10,bully,1807,1,0,0,41,0,574,0,1,10,111360,1807,0,42,0,0,0,LEADER,1,0,0,41,0,0,0,0,0,0,0,0,0,0,0
113100,22,bully,1740,1,0,0,41,0,574,0,1,22,111360,1740,0,42,0,0,0,LEADER,1,0,0,41,0,0,0,0,0,0,0,0,0,0,0
113248,21,bully,1889,1,0,0,41,0,574,0,1,21,111359,1889,0,42,0,0,0,LEADER,1,0,0,41,0,0,0,0,0,0,0,0,0,0,0
113506,56,bully,2146,1,0,0,41,0,574,0,1,56,111360,2146,0,42,0,0,0,LEADER,1,0,0,41,0,0,0,0,0,0,0,0,0,0,0
113031,60,bully,1671,1,0,0,41,0,574,0,1,60,111360,1671,0,42,0,0,0,LEADER,1,0,0,41,0,0,0,0,0,0,0,0,0,0,0
113884,25,bully,1604,1,0,0,41,0,574,0,1,25,112280,1604,0,42,0,0,0,LEADER,1,0,0,41,0,0,0,0,0,0,0,0,0,0,0
113097,65,bully,1737,1,0,0,41,0,574,0,1,65,111360,1737,0,42,0,0,0,LEADER,1,0,0,41,0,0,0,0,0,0,0,0,0,0,0
113773,19,bully,2413,1,0,0,41,0,574,0,1,19,111360,2413,0,42,0,0,0,LEADER,1,0,0,41,0,0,0,0,0,0,0,0,0,0,0
113403,69,bully,2043,1,0,0,41,0,574,0,1,69,111360,2043,0,42,0,0,0,LEADER,1,0,0,41,0,0,0,0,0,0,0,0,0,0,0
114005,54,bully,1725,1,0,0,41,0,574,0,1,54,112280,1725,0,42,0,0,0,LEADER,1,0,0,41,0,0,0,0,0,0,0,0,0,0,0
113352,17,bully,1992,1,0,0,41,0,574,0,1,17,111360,1992,0,42,0,0,0,LEADER,1,0,0,41,0,0,0,0,0,0,0,0,0,0,0
113866,100,bully,1586,1,0,0,41,0,574,0,1,100,112280,1586,0,42,0,0,0,LEADER,1,0,0,41,0,0,0,0,0,0,0,0,0,0,0
113829,16,bully,1549,1,0,0,41,0,574,0,1,16,112280,1549,0,42,0,0,0,LEADER,1,0,0,41,0,0,0,0,0,0,0,0,0,0,0
113418,37,bully,2058,1,0,0,41,0,574,0,1,37,111360,2058,0,42,0,0,0,LEADER,1,0,0,41,0,0,0,0,0,0,0,0,0,0,0
114054,13,bully,1774,1,0,0,41,0,574,0,1,13,112280,1774,0,42,0,0,0,LEADER,1,0,0,41,0,0,0,0,0,0,0,0,0,0,0
113215,20,bully,1855,1,0,0,41,0,574,0,1,20,111360,1855,0,42,0,0,0,LEADER,1,0,0,41,0,0,0,0,0,0,0,0,0,0,0
113847,41,bully,1567,1,0,0,41,0,574,0,1,41,112280,1567,0,42,0,0,0,LEADER,1,0,0,41,0,0,0,0,0,0,0,0,0,0,0
113836,47,bully,1556,1,0,0,41,0,574,0,1,47,112280,1556,0,42,0,0,0,LEADER,1,0,0,41,0,0,0,0,0,0,0,0,0,0,0
113662,95,bully,2301,1,0,0,41,0,574,0,1,95,111361,2301,0,42,0,0,0,LEADER,1,0,0,41,0,0,0,0,0,0,0,0,0,0,0
113525,98,bully,2165,1,0,0,41,0,574,0,1,98,111360,2165,0,42,0,0,0,LEADER,1,0,0,41,0,0,0,0,0,0,0,0,0,0,0
113709,73,bully,2349,1,0,0,41,0,574,0,1,73,111360,2349,0,42,0,0,0,LEADER,1,0,0,41,0,0,0,0,0,0,0,0,0,0,0
114032,33,bully,1752,1,0,0,41,0,574,0,1,33,112280,1752,0,42,0,0,0,LEADER,1,0,0,41,0,0,0,0,0,0,0,0,0,0,0
113255,61,bully,1895,1,0,0,41,0,574,0,1,61,111360,1895,0,42,0,0,0,LEADER,1,0,0,41,0,0,0,0,0,0,0,0,0,0,0
114002,97,bully,1722,1,0,0,41,0,574,0,1,97,112280,1722,0,42,0,0,0,LEADER,1,0,0,41,0,0,0,0,0,0,0,0,0,0,0
114190,29,bully,1910,1,0,0,41,0,574,0,1,29,112280,1910,0,42,0,0,0,LEADER,1,0,0,41,0,0,0,0,0,0,0,0,0,0,0
114202,40,bully,1922,1,0,0,41,0,574,0,1,40,112280,1922,0,42,0,0,0,LEADER,1,0,0,41,0,0,0,0,0,0,0,0,0,0,0
113691,31,bully,2331,1,0,0,41,0,574,0,1,31,111360,2331,0,42,0,0,0,LEADER,1,0,0,41,0,0,0,0,0,0,0,0,0,0,0
114021,96,bully,1744,1,0,0,41,0,574,0,1,96,112277,1744,0,42,0,0,0,LEADER,1,0,0,41,0,0,0,0,0,0,0,0,0,0,0
114105,84,bully,1825,1,0,0,41,0,574,0,1,84,112280,1825,0,42,0,0,0,LEADER,1,0,0,41,0,0,0,0,0,0,0,0,0,0,0
113799,80,bully,1519,1,0,0,41,0,574,0,1,80,112280,1519,0,42,0,0,0,LEADER,1,0,0,41,0,0,0,0,0,0,0,0,0,0,0
113643,53,bully,2283,1,0,0,41,0,574,0,1,53,111360,2283,0,42,0,0,0,LEADER,1,0,0,41,0,0,0,0,0,0,0,0,0,0,0
113718,92,bully,1438,1,0,0,41,0,574,0,1,92,112280,1438,0,42,0,0,0,LEADER,1,0,0,41,0,0,0,0,0,0,0,0,0,0,0
114154,62,bully,1874,1,0,0,41,0,574,0,1,62,112280,1874,0,42,0,0,0,LEADER,1,0,0,41,0,0,0,0,0,0,0,0,0,0,0
113895,91,bully,1619,1,0,0,41,0,574,0,1,91,112276,1619,0,42,0,0,0,LEADER,1,0,0,41,0,0,0,0,0,0,0,0,0,0,0
113851,15,bully,1571,1,0,0,41,0,574,0,1,15,112280,1571,0,42,0,0,0,LEADER,1,0,0,41,0,0,0,0,0,0,0,0,0,0,0
113521,26,bully,2161,1,0,0,41,0,574,0,1,26,111360,2161,0,42,0,0,0,LEADER,1,0,0,41,0,0,0,0,0,0,0,0,0,0,0
114257,49,bully,1977,1,0,0,41,0,574,0,1,49,112280,1977,0,42,0,0,0,LEADER,1,0,0,41,0,0,0,0,0,0,0,0,0,0,0
114072,58,bully,1792,1,0,0,41,0,574,0,1,58,112280,1792,0,42,0,0,0,LEADER,1,0,0,41,0,0,0,0,0,0,0,0,0,0,0
113606,86,bully,2246,1,0,0,41,0,574,0,1,86,111360,2246,0,42,0,0,0,LEADER,1,0,0,41,0,0,0,0,0,0,0,0,0,0,0
113779,50,bully,2419,1,0,0,41,0,574,0,1,50,111360,2419,0,42,0,0,0,LEADER,1,0,0,41,0,0,0,0,0,0,0,0,0,0,0
113631,85,bully,2268,1,0,0,41,0,574,0,1,85,111363,2268,0,42,0,0,0,LEADER,1,0,0,41,0,0,0,0,0,0,0,0,0,0,0
113570,87,bully,2212,1,0,0,41,0,574,0,1,87,111358,2212,0,42,0,0,0,LEADER,1,0,0,41,0,0,0,0,0,0,0,0,0,0,0
113776,64,bully,2416,1,0,0,41,0,574,0,1,64,111360,2416,0,42,0,0,0,LEADER,1,0,0,41,0,0,0,0,0,0,0,0,0,0,0
113714,18,bully,1434,1,0,0,41,0,574,0,1,18,112280,1434,0,42,0,0,0,LEADER,1,0,0,41,0,0,0,0,0,0,0,0,0,0,0
113625,11,bully,2264,1,0,0,41,0,574,0,1,11,111361,2264,0,42,0,0,0,LEADER,1,0,0,41,0,0,0,0,0,0,0,0,0,0,0
113833,90,bully,1553,1,0,0,41,0,574,0,1,90,112280,1553,0,42,0,0,0,LEADER,1,0,0,41,0,0,0,0,0,0,0,0,0,0,0
113727,35,bully,1447,1,0,0,41,0,574,0,1,35,112280,1447,0,42,0,0,0,LEADER,1,0,0,41,0,0,0,0,0,0,0,0,0,0,0
113609,43,bully,2249,1,0,0,41,0,574,0,1,43,111360,2249,0,42,0,0,0,LEADER,1,0,0,41,0,0,0,0,0,0,0,0,0,0,0
113747,28,bully,1467,1,0,0,41,0,574,0,1,28,112280,1467,0,42,0,0,0,LEADER,1,0,0,41,0,0,0,0,0,0,0,0,0,0,0
113586,44,bully,2228,1,0,0,41,0,574,0,1,44,111358,2228,0,42,0,0,0,LEADER,1,0,0,41,0,0,0,0,0,0,0,0,0,0,0
114421,23,bully,2141,1,0,0,41,0,574,0,1,23,112280,2141,0,42,0,0,0,LEADER,1,0,0,41,0,0,0,0,0,0,0,0,0,0,0
113741,30,bully,1461,1,0,0,41,0,574,0,1,30,112280,1461,0,42,0,0,0,LEADER,1,0,0,41,0,0,0,0,0,0,0,0,0,0,0
114139,94,bully,1859,1,0,0,41,0,574,0,1,94,112280,1859,0,42,0,0,0,LEADER,1,0,0,41,0,0,0,0,0,0,0,0,0,0,0
113781,38,bully,1501,1,0,0,41,0,574,0,1,38,112280,1501,0,42,0,0,0,LEADER,1,0,0,41,0,0,0,0,0,0,0,0,0,0,0
114460,66,bully,2180,1,0,0,41,0,574,0,1,66,112280,2180,0,42,0,0,0,LEADER,1,0,0,41,0,0,0,0,0,0,0,0,0,0,0
113766,70,bully,1486,1,0,0,41,0,574,0,1,70,112280,1486,0,42,0,0,0,LEADER,1,0,0,41,0,0,0,0,0,0,0,0,0,0,0
114411,88,bully,2131,1,0,0,41,0,574,0,1,88,112280,2131,0,42,0,0,0,LEADER,1,0,0,41,0,0,0,0,0,0,0,0,0,0,0
113595,75,bully,2235,1,0,0,41,0,574,0,1,75,111360,2235,0,42,0,0,0,LEADER,1,0,0,41,0,0,0,0,0,0,0,0,0,0,0
113605,12,bully,2243,1,0,0,41,0,574,0,1,12,111362,2243,0,42,0,0,0,LEADER,1,0,0,41,0,0,0,0,0,0,0,0,0,0,0
114305,27,bully,2025,1,0,0,41,0,574,0,1,27,112280,2025,0,42,0,0,0,LEADER,1,0,0,41,0,0,0,0,0,0,0,0,0,0,0
113794,42,bully,1514,1,0,0,41,0,574,0,1,42,112280,1514,0,42,0,0,0,LEADER,1,0,0,41,0,0,0,0,0,0,0,0,0,0,0
114441,24,bully,2161,1,0,0,41,0,574,0,1,24,112280,2161,0,42,0,0,0,LEADER,1,0,0,41,0,0,0,0,0,0,0,0,0,0,0
114393,46,bully,2113,1,0,0,41,0,574,0,1,46,112280,2113,0,42,0,0,0,LEADER,1,0,0,41,0,0,0,0,0,0,0,0,0,0,0
114290,59,bully,2010,1,0,0,41,0,574,0,1,59,112280,2010,0,42,0,0,0,LEADER,1,0,0,41,0,0,0,0,0,0,0,0,0,0,0
113917,34,bully,1637,1,0,0,41,0,574,0,1,34,112280,1637,0,42,0,0,0,LEADER,1,0,0,41,0,0,0,0,0,0,0,0,0,0,0
114572,32,bully,2292,1,0,0,41,0,574,0,1,32,112280,2292,0,42,0,0,0,LEADER,1,0,0,41,0,0,0,0,0,0,0,0,0,0,0
114187,72,bully,1907,1,0,0,41,0,574,0,1,72,112280,1907,0,42,0,0,0,LEADER,1,0,0,41,0,0,0,0,0,0,0,0,0,0,0
114599,63,bully,2316,1,0,0,41,0,574,0,1,63,112283,2316,0,42,0,0,0,LEADER,1,0,0,41,0,0,0,0,0,0,0,0,0,0,0
114072,74,bully,1792,1,0,0,41,0,574,0,1,74,112280,1792,0,42,0,0,0,LEADER,1,0,0,41,0,0,0,0,0,0,0,0,0,0,0
113814,48,bully,1534,1,0,0,41,0,574,0,1,48,112280,1534,0,42,0,0,0,LEADER,1,0,0,41,0,0,0,0,0,0,0,0,0,0,0
114275,57,bully,1995,1,0,0,41,0,574,0,1,57,112280,1995,0,42,0,0,0,LEADER,1,0,0,41,0,0,0,0,0,0,0,0,0,0,0
114345,68,bully,2065,1,0,0,41,0,574,0,1,68,112280,2065,0,42,0,0,0,LEADER,1,0,0,41,0,0,0,0,0,0,0,0,0,0,0
113746,45,bully,1466,1,0,0,41,0,574,0,1,45,112280,1466,0,42,0,0,0,LEADER,1,0,0,41,0,0,0,0,0,0,0,0,0,0,0
114103,93,bully,1823,1,0,0,41,0,574,0,1,93,112280,1823,0,42,0,0,0,LEADER,1,0,0,41,0,0,0,0,0,0,0,0,0,0,0
114684,82,bully,2404,1,0,0,41,0,574,0,1,82,112280,2404,0,42,0,0,0,LEADER,1,0,0,41,0,0,0,0,0,0,0,0,0,0,0
114678,51,bully,2398,1,0,0,41,0,574,0,1,51,112280,2398,0,42,0,0,0,LEADER,1,0,0,41,0,0,0,0,0,0,0,0,0,0,0
114223,39,bully,1943,1,0,0,41,0,574,0,1,39,112280,1943,0,42,0,0,0,LEADER,1,0,0,41,0,0,0,0,0,0,0,0,0,0,0
113969,78,bully,1689,1,0,0,41,0,574,0,1,78,112280,1689,0,42,0,0,0,LEADER,1,0,0,41,0,0,0,0,0,0,0,0,0,0,0
114357,79,bully,2077,1,0,0,41,0,574,0,1,79,112280,2077,0,42,0,0,0,LEADER,1,0,0,41,0,0,0,0,0,0,0,0,0,0,0
113932,14,bully,1652,1,0,0,41,0,574,0,1,14,112280,1652,0,42,0,0,0,LEADER,1,0,0,41,0,0,0,0,0,0,0,0,0,0,0
114359,36,bully,2080,1,0,0,41,0,574,0,1,36,112279,2080,0,42,0,0,0,LEADER,1,0,0,41,0,0,0,0,0,0,0,0,0,0,0
114242,81,bully,1962,1,0,0,41,0,574,0,1,81,112280,1962,0,42,0,0,0,LEADER,1,0,0,41,0,0,0,0,0,0,0,0,0,0,0
113902,67,bully,1622,1,0,0,41,0,574,0,1,67,112280,1622,0,42,0,0,0,LEADER,1,0,0,41,0,0,0,0,0,0,0,0,0,0,0
114663,83,bully,2383,1,0,0,41,0,574,0,1,83,112280,2383,0,42,0,0,0,LEADER,1,0,0,41,0,0,0,0,0,0,0,0,0,0,0
114808,99,bully,1607,1,0,0,42,0,588,0,1,99,113201,1607,0,43,0,0,0,LEADER,1,0,0,42,0,0,0,0,0,0,0,0,0,0,0
113984,55,bully,1704,1,0,0,41,0,574,0,1,55,112280,1704,0,42,0,0,0,LEADER,1,0,0,41,0,0,0,0,0,0,0,0,0,0,0
114775,89,bully,1574,1,0,0,42,0,588,0,1,89,113201,1574,0,43,0,0,0,LEADER,1,0,0,42,0,0,0,0,0,0,0,0,0,0,0
113936,77,bully,1656,1,0,0,41,0,574,0,1,77,112280,1656,0,42,0,0,0,LEADER,1,0,0,41,0,0,0,0,0,0,0,0,0,0,0
114208,71,bully,1928,1,0,0,41,0,574,0,1,71,112280,1928,0,42,0,0,0,LEADER,1,0,0,41,0,0,0,0,0,0,0,0,0,0,0
114120,52,bully,1840,1,0,0,41,0,574,0,1,52,112280,1840,0,42,0,0,0,LEADER,1,0,0,41,0,0,0,0,0,0,0,0,0,0,0
114488,76,bully,2213,1,0,0,41,0,574,0,1,76,112275,2213,0,42,0,0,0,LEADER,1,0,0,41,0,0,0,0,0,0,0,0,0,0,0
114087,10,bully,1807,1,0,0,41,0,574,0,1,10,112280,1807,0,42,0,0,0,LEADER,1,0,0,41,0,0,0,0,0,0,0,0,0,0,0
114020,22,bully,1740,1,0,0,41,0,574,0,1,22,112280,1740,0,42,0,0,0,LEADER,1,0,0,41,0,0,0,0,0,0,0,0,0,0,0
114168,21,bully,1889,1,0,0,41,0,574,0,1,21,112279,1889,0,42,0,0,0,LEADER,1,0,0,41,0,0,0,0,0,0,0,0,0,0,0
114426,56,bully,2146,1,0,0,41,0,574,0,1,56,112280,2146,0,42,0,0,0,LEADER,1,0,0,41,0,0,0,0,0,0,0,0,0,0,0
113951,60,bully,1671,1,0,0,41,0,574,0,1,60,112280,1671,0,42,0,0,0,LEADER,1,0,0,41,0,0,0,0,0,0,0,0,0,0,0
114805,25,bully,1604,1,0,0,42,0,588,0,1,25,113201,1604,0,43,0,0,0,LEADER,1,0,0,42,0,0,0,0,0,0,0,0,0,0,0
114017,65,bully,1737,1,0,0,41,0,574,0,1,65,112280,1737,0,42,0,0,0,LEADER,1,0,0,41,0,0,0,0,0,0,0,0,0,0,0
114693,19,bully,2413,1,0,0,41,0,574,0,1,19,112280,2413,0,42,0,0,0,LEADER,1,0,0,41,0,0,0,0,0,0,0,0,0,0,0
114323,69,bully,2043,1,0,0,41,0,574,0,1,69,112280,2043,0,42,0,0,0,LEADER,1,0,0,41,0,0,0,0,0,0,0,0,0,0,0
114926,54,bully,1725,1,0,0,42,0,588,0,1,54,113201,1725,0,43,0,0,0,LEADER,1,0,0,42,0,0,0,0,0,0,0,0,0,0,0
114272,17,bully,1992,1,0,0,41,0,574,0,1,17,112280,1992,0,42,0,0,0,LEADER,1,0,0,41,0,0,0,0,0,0,0,0,0,0,0
114787,100,bully,1586,1,0,0,42,0,588,0,1,100,113201,1586,0,43,0,0,0,LEADER,1,0,0,42,0,0,0,0,0,0,0,0,0,0,0
114750,16,bully,1549,1,0,0,42,0,588,0,1,16,113201,1549,0,43,0,0,0,LEADER,1,0,0,42,0,0,0,0,0,0,0,0,0,0,0
114338,37,bully,2058,1,0,0,41,0,574,0,1,37,112280,2058,0,42,0,0,0,LEADER,1,0,0,41,0,0,0,0,0,0,0,0,0,0,0
114975,13,bully,1774,1,0,0,42,0,588,0,1,13,113201,1774,0,43,0,0,0,LEADER,1,0,0,42,0,0,0,0,0,0,0,0,0,0,0
114135,20,bully,1855,1,0,0,41,0,574,0,1,20,112280,1855,0,42,0,0,0,LEADER,1,0,0,41,0,0,0,0,0,0,0,0,0,0,0
114768,41,bully,1567,1,0,0,42,0,588,0,1,41,113201,1567,0,43,0,0,0,LEADER,1,0,0,42,0,0,0,0,0,0,0,0,0,0,0
114757,47,bully,1556,1,0,0,42,0,588,0,1,47,113201,1556,0,43,0,0,0,LEADER,1,0,0,42,0,0,0,0,0,0,0,0,0,0,0
114582,95,bully,2301,1,0,0,41,0,574,0,1,95,112281,2301,0,42,0,0,0,LEADER,1,0,0,41,0,0,0,0,0,0,0,0,0,0,0
114445,98,bully,2165,1,0,0,41,0,574,0,1,98,112280,2165,0,42,0,0,0,LEADER,1,0,0,41,0,0,0,0,0,0,0,0,0,0,0
114629,73,bully,2349,1,0,0,41,0,574,0,1,73,112280,2349,0,42,0,0,0,LEADER,1,0,0,41,0,0,0,0,0,0,0,0,0,0,0
114175,61,bully,1895,1,0,0,41,0,574,0,1,61,112280,1895,0,42,0,0,0,LEADER,1,0,0,41,0,0,0,0,0,0,0,0,0,0,0
114923,97,bully,1722,1,0,0,42,0,588,0,1,97,113201,1722,0,43,0,0,0,LEADER,1,0,0,42,0,0,0,0,0,0,0,0,0,0,0
114953,33,bully,1752,1,0,0,42,0,588,0,1,33,113201,1752,0,43,0,0,0,LEADER,1,0,0,42,0,0,0,0,0,0,0,0,0,0,0
114611,31,bully,2331,1,0,0,41,0,574,0,1,31,112280,2331,0,42,0,0,0,LEADER,1,0,0,41,0,0,0,0,0,0,0,0,0,0,0
115111,29,bully,1910,1,0,0,42,0,588,0,1,29,113201,1910,0,43,0,0,0,LEADER,1,0,0,42,0,0,0,0,0,0,0,0,0,0,0
115123,40,bully,1922,1,0,0,42,0,588,0,1,40,113201,1922,0,43,0,0,0,LEADER,1,0,0,42,0,0,0,0,0,0,0,0,0,0,0
114942,96,bully,1744,1,0,0,42,0,588,0,1,96,113198,1744,0,43,0,0,0,LEADER,1,0,0,42,0,0,0,0,0,0,0,0,0,0,0
115026,84,bully,1825,1,0,0,42,0,588,0,1,84,113201,1825,0,43,0,0,0,LEADER,1,0,0,42,0,0,0,0,0,0,0,0,0,0,0
114720,80,bully,1519,1,0,0,42,0,588,0,1,80,113201,1519,0,43,0,0,0,LEADER,1,0,0,42,0,0,0,0,0,0,0,0,0,0,0
114563,53,bully,2283,1,0,0,41,0,574,0,1,53,112280,2283,0,42,0,0,0,LEADER,1,0,0,41,0,0,0,0,0,0,0,0,0,0,0
114639,92,bully,1438,1,0,0,42,0,588,0,1,92,113201,1438,0,43,0,0,0,LEADER,1,0,0,42,0,0,0,0,0,0,0,0,0,0,0
115075,62,bully,1874,1,0,0,42,0,588,0,1,62,113201,1874,0,43,0,0,0,LEADER,1,0,0,42,0,0,0,0,0,0,0,0,0,0,0
114816,91,bully,1619,1,0,0,42,0,588,0,1,91,113197,1619,0,43,0,0,0,LEADER,1,0,0,42,0,0,0,0,0,0,0,0,0,0,0
114772,15,bully,1571,1,0,0,42,0,588,0,1,15,113201,1571,0,43,0,0,0,LEADER,1,0,0,42,0,0,0,0,0,0,0,0,0,0,0
114441,26,bully,2161,1,0,0,41,0,574,0,1,26,112280,2161,0,42,0,0,0,LEADER,1,0,0,41,0,0,0,0,0,0,0,0,0,0,0
115178,49,bully,1977,1,0,0,42,0,588,0,1,49,113201,1977,0,43,0,0,0,LEADER,1,0,0,42,0,0,0,0,0,0,0,0,0,0,0
114993,58,bully,1792,1,0,0,42,0,588,0,1,58,113201,1792,0,43,0,0,0,LEADER,1,0,0,42,0,0,0,0,0,0,0,0,0,0,0
114526,86,bully,2246,1,0,0,41,0,574,0,1,86,112280,2246,0,42,0,0,0,LEADER,1,0,0,41,0,0,0,0,0,0,0,0,0,0,0
114699,50,bully,2419,1,0,0,41,0,574,0,1,50,112280,2419,0,42,0,0,0,LEADER,1,0,0,41,0,0,0,0,0,0,0,0,0,0,0
114551,85,bully,2268,1,0,0,41,0,574,0,1,85,112283,2268,0,42,0,0,0,LEADER,1,0,0,41,0,0,0,0,0,0,0,0,0,0,0
114490,87,bully,2212,1,0,0,41,0,574,0,1,87,112278,2212,0,42,0,0,0,LEADER,1,0,0,41,0,0,0,0,0,0,0,0,0,0,0
114696,64,bully,2416,1,0,0,41,0,574,0,1,64,112280,2416,0,42,0,0,0,LEADER,1,0,0,41,0,0,0,0,0,0,0,0,0,0,0
114545,11,bully,2264,1,0,0,41,0,574,0,1,11,112281,2264,0,42,0,0,0,LEADER,1,0,0,41,0,0,0,0,0,0,0,0,0,0,0
114635,18,bully,1434,1,0,0,42,0,588,0,1,18,113201,1434,0,43,0,0,0,LEADER,1,0,0,42,0,0,0,0,0,0,0,0,0,0,0
114754,90,bully,1553,1,0,0,42,0,588,0,1,90,113201,1553,0,43,0,0,0,LEADER,1,0,0,42,0,0,0,0,0,0,0,0,0,0,0
114648,35,bully,1447,1,0,0,42,0,588,0,1,35,113201,1447,0,43,0,0,0,LEADER,1,0,0,42,0,0,0,0,0,0,0,0,0,0,0
114529,43,bully,2249,1,0,0,41,0,574,0,1,43,112280,2249,0,42,0,0,0,LEADER,1,0,0,41,0,0,0,0,0,0,0,0,0,0,0
114668,28,bully,1467,1,0,0,42,0,588,0,1,28,113201,1467,0,43,0,0,0,LEADER,1,0,0,42,0,0,0,0,0,0,0,0,0,0,0
114506,44,bully,2228,1,0,0,41,0,574,0,1,44,112278,2228,0,42,0,0,0,LEADER,1,0,0,41,0,0,0,0,0,0,0,0,0,0,0
115342,23,bully,2141,1,0,0,42,0,588,0,1,23,113201,2141,0,43,0,0,0,LEADER,1,0,0,42,0,0,0,0,0,0,0,0,0,0,0
114662,30,bully,1461,1,0,0,42,0,588,0,1,30,113201,1461,0,43,0,0,0,LEADER,1,0,0,42,0,0,0,0,0,0,0,0,0,0,0
115060,94,bully,1859,1,0,0,42,0,588,0,1,94,113201,1859,0,43,0,0,0,LEADER,1,0,0,42,0,0,0,0,0,0,0,0,0,0,0
114702,38,bully,1501,1,0,0,42,0,588,0,1,38,113201,1501,0,43,0,0,0,LEADER,1,0,0,42,0,0,0,0,0,0,0,0,0,0,0
115381,66,bully,2180,1,0,0,42,0,588,0,1,66,113201,2180,0,43,0,0,0,LEADER,1,0,0,42,0,0,0,0,0,0,0,0,0,0,0
114687,70,bully,1486,1,0,0,42,0,588,0,1,70,113201,1486,0,43,0,0,0,LEADER,1,0,0,42,0,0,0,0,0,0,0,0,0,0,0
115332,88,bully,2131,1,0,0,42,0,588,0,1,88,113201,2131,0,43,0,0,0,LEADER,1,0,0,42,0,0,0,0,0,0,0,0,0,0,0
114515,75,bully,2235,1,0,0,41,0,574,0,1,75,112280,2235,0,42,0,0,0,LEADER,1,0,0,41,0,0,0,0,0,0,0,0,0,0,0
114525,12,bully,2243,1,0,0,41,0,574,0,1,12,112282,2243,0,42,0,0,0,LEADER,1,0,0,41,0,0,0,0,0,0,0,0,0,0,0
115226,27,bully,2025,1,0,0,42,0,588,0,1,27,113201,2025,0,43,0,0,0,LEADER,1,0,0,42,0,0,0,0,0,0,0,0,0,0,0
114715,42,bully,1514,1,0,0,42,0,588,0,1,42,113201,1514,0,43,0,0,0,LEADER,1,0,0,42,0,0,0,0,0,0,0,0,0,0,0
115362,24,bully,2161,1,0,0,42,0,588,0,1,24,113201,2161,0,43,0,0,0,LEADER,1,0,0,42,0,0,0,0,0,0,0,0,0,0,0
115314,46,bully,2113,1,0,0,42,0,588,0,1,46,113201,2113,0,43,0,0,0,LEADER,1,0,0,42,0,0,0,0,0,0,0,0,0,0,0
115211,59,bully,2010,1,0,0,42,0,588,0,1,59,113201,2010,0,43,0,0,0,LEADER,1,0,0,42,0,0,0,0,0,0,0,0,0,0,0
114838,34,bully,1637,1,0,0,42,0,588,0,1,34,113201,1637,0,43,0,0,0,LEADER,1,0,0,42,0,0,0,0,0,0,0,0,0,0,0
115493,32,bully,2292,1,0,0,42,0,588,0,1,32,113201,2292,0,43,0,0,0,LEADER,1,0,0,42,0,0,0,0,0,0,0,0,0,0,0
115108,72,bully,1907,1,0,0,42,0,588,0,1,72,113201,1907,0,43,0,0,0,LEADER,1,0,0,42,0,0,0,0,0,0,0,0,0,0,0
115520,63,bully,2316,1,0,0,42,0,588,0,1,63,113204,2316,0,43,0,0,0,LEADER,1,0,0,42,0,0,0,0,0,0,0,0,0,0,0
114993,74,bully,1792,1,0,0,42,0,588,0,1,74,113201,1792,0,43,0,0,0,LEADER,1,0,0,42,0,0,0,0,0,0,0,0,0,0,0
114735,48,bully,1534,1,0,0,42,0,588,0,1,48,113201,1534,0,43,0,0,0,LEADER,1,0,0,42,0,0,0,0,0,0,0,0,0,0,0
115196,57,bully,1995,1,0,0,42,0,588,0,1,57,113201,1995,0,43,0,0,0,LEADER,1,0,0,42,0,0,0,0,0,0,0,0,0,0,0
115266,68,bully,2065,1,0,0,42,0,588,0,1,68,113201,2065,0,43,0,0,0,LEADER,1,0,0,42,0,0,0,0,0,0,0,0,0,0,0
114667,45,bully,1466,1,0,0,42,0,588,0,1,45,113201,1466,0,43,0,0,0,LEADER,1,0,0,42,0,0,0,0,0,0,0,0,0,0,0
115024,93,bully,1823,1,0,0,42,0,588,0,1,93,113201,1823,0,43,0,0,0,LEADER,1,0,0,42,0,0,0,0,0,0,0,0,0,0,0
115605,82,bully,2404,1,0,0,42,0,588,0,1,82,113201,2404,0,43,0,0,0,LEADER,1,0,0,42,0,0,0,0,0,0,0,0,0,0,0
115599,51,bully,2398,1,0,0,42,0,588,0,1,51,113201,2398,0,43,0,0,0,LEADER,1,0,0,42,0,0,0,0,0,0,0,0,0,0,0
115144,39,bully,1943,1,0,0,42,0,588,0,1,39,113201,1943,0,43,0,0,0,LEADER,1,0,0,42,0,0,0,0,0,0,0,0,0,0,0
114890,78,bully,1689,1,0,0,42,0,588,0,1,78,113201,1689,0,43,0,0,0,LEADER,1,0,0,42,0,0,0,0,0,0,0,0,0,0,0
115278,79,bully,2077,1,0,0,42,0,588,0,1,79,113201,2077,0,43,0,0,0,LEADER,1,0,0,42,0,0,0,0,0,0,0,0,0,0,0
114853,14,bully,1652,1,0,0,42,0,588,0,1,14,113201,1652,0,43,0,0,0,LEADER,1,0,0,42,0,0,0,0,0,0,0,0,0,0,0
115280,36,bully,2080,1,0,0,42,0,588,0,1,36,113200,2080,0,43,0,0,0,LEADER,1,0,0,42,0,0,0,0,0,0,0,0,0,0,0
115163,81,bully,1962,1,0,0,42,0,588,0,1,81,113201,1962,0,43,0,0,0,LEADER,1,0,0,42,0,0,0,0,0,0,0,0,0,0,0
114823,67,bully,1622,1,0,0,42,0,588,0,1,67,113201,1622,0,43,0,0,0,LEADER,1,0,0,42,0,0,0,0,0,0,0,0,0,0,0
115584,83,bully,2383,1,0,0,42,0,588,0,1,83,113201,2383,0,43,0,0,0,LEADER,1,0,0,42,0,0,0,0,0,0,0,0,0,0,0
115728,99,bully,1607,1,0,0,42,0,588,0,1,99,114121,1607,0,43,0,0,0,LEADER,1,0,0,42,0,0,0,0,0,0,0,0,0,0,0
114905,55,bully,1704,1,0,0,42,0,588,0,1,55,113201,1704,0,43,0,0,0,LEADER,1,0,0,42,0,0,0,0,0,0,0,0,0,0,0
115695,89,bully,1574,1,0,0,42,0,588,0,1,89,114121,1574,0,43,0,0,0,LEADER,1,0,0,42,0,0,0,0,0,0,0,0,0,0,0
114857,77,bully,1656,1,0,0,42,0,588,0,1,77,113201,1656,0,43,0,0,0,LEADER,1,0,0,42,0,0,0,0,0,0,0,0,0,0,0
115129,71,bully,1928,1,0,0,42,0,588,0,1,71,113201,1928,0,43,0,0,0,LEADER,1,0,0,42,0,0,0,0,0,0,0,0,0,0,0
115041,52,bully,1840,1,0,0,42,0,588,0,1,52,113201,1840,0,43,0,0,0,LEADER,1,0,0,42,0,0,0,0,0,0,0,0,0,0,0
115409,76,bully,2213,1,0,0,42,0,588,0,1,76,113196,2213,0,43,0,0,0,LEADER,1,0,0,42,0,0,0,0,0,0,0,0,0,0,0
115008,10,bully,1807,1,0,0,42,0,588,0,1,10,113201,1807,0,43,0,0,0,LEADER,1,0,0,42,0,0,0,0,0,0,0,0,0,0,0
114941,22,bully,1740,1,0,0,42,0,588,0,1,22,113201,1740,0,43,0,0,0,LEADER,1,0,0,42,0,0,0,0,0,0,0,0,0,0,0
115089,21,bully,1889,1,0,0,42,0,588,0,1,21,113200,1889,0,43,0,0,0,LEADER,1,0,0,42,0,0,0,0,0,0,0,0,0,0,0
115089,5,bully,2001,1,0,0,14,20,196,280,5,7,113088,2001,0,7,0,0,0,NORMAL,0,0,0,14,0,0,0,20,0,0,0,0,0,0,0
115347,56,bully,2146,1,0,0,42,0,588,0,1,56,113201,2146,0,43,0,0,0,LEADER,1,0,0,42,0,0,0,0,0,0,0,0,0,0,0
114872,60,bully,1671,1,0,0,42,0,588,0,1,60,113201,1671,0,43,0,0,0,LEADER,1,0,0,42,0,0,0,0,0,0,0,0,0,0,0
115725,25,bully,1604,1,0,0,42,0,588,0,1,25,114121,1604,0,43,0,0,0,LEADER,1,0,0,42,0,0,0,0,0,0,0,0,0,0,0
114938,65,bully,1737,1,0,0,42,0,588,0,1,65,113201,1737,0,43,0,0,0,LEADER,1,0,0,42,0,0,0,0,0,0,0,0,0,0,0
115614,19,bully,2413,1,0,0,42,0,588,0,1,19,113201,2413,0,43,0,0,0,LEADER,1,0,0,42,0,0,0,0,0,0,0,0,0,0,0
115244,69,bully,2043,1,0,0,42,0,588,0,1,69,113201,2043,0,43,0,0,0,LEADER,1,0,0,42,0,0,0,0,0,0,0,0,0,0,0
115846,54,bully,1725,1,0,0,42,0,588,0,1,54,114121,1725,0,43,0,0,0,LEADER,1,0,0,42,0,0,0,0,0,0,0,0,0,0,0
115193,17,bully,1992,1,0,0,42,0,588,0,1,17,113201,1992,0,43,0,0,0,LEADER,1,0,0,42,0,0,0,0,0,0,0,0,0,0,0
115707,100,bully,1586,1,0,0,42,0,588,0,1,100,114121,1586,0,43,0,0,0,LEADER,1,0,0,42,0,0,0,0,0,0,0,0,0,0,0
115670,16,bully,1549,1,0,0,42,0,588,0,1,16,114121,1549,0,43,0,0,0,LEADER,1,0,0,42,0,0,0,0,0,0,0,0,0,0,0
115259,37,bully,2058,1,0,0,42,0,588,0,1,37,113201,2058,0,43,0,0,0,LEADER,1,0,0,42,0,0,0,0,0,0,0,0,0,0,0
115895,13,bully,1774,1,0,0,42,0,588,0,1,13,114121,1774,0,43,0,0,0,LEADER,1,0,0,42,0,0,0,0,0,0,0,0,0,0,0
115056,20,bully,1855,1,0,0,42,0,588,0,1,20,113201,1855,0,43,0,0,0,LEADER,1,0,0,42,0,0,0,0,0,0,0,0,0,0,0
115688,41,bully,1567,1,0,0,42,0,588,0,1,41,114121,1567,0,43,0,0,0,LEADER,1,0,0,42,0,0,0,0,0,0,0,0,0,0,0
115677,47,bully,1556,1,0,0,42,0,588,0,1,47,114121,1556,0,43,0,0,0,LEADER,1,0,0,42,0,0,0,0,0,0,0,0,0,0,0
115503,95,bully,2301,1,0,0,42,0,588,0,1,95,113202,2301,0,43,0,0,0,LEADER,1,0,0,42,0,0,0,0,0,0,0,0,0,0,0
115366,98,bully,2165,1,0,0,42,0,588,0,1,98,113201,2165,0,43,0,0,0,LEADER,1,0,0,42,0,0,0,0,0,0,0,0,0,0,0
115550,73,bully,2349,1,0,0,42,0,588,0,1,73,113201,2349,0,43,0,0,0,LEADER,1,0,0,42,0,0,0,0,0,0,0,0,0,0,0
115873,33,bully,1752,1,0,0,42,0,588,0,1,33,114121,1752,0,43,0,0,0,LEADER,1,0,0,42,0,0,0,0,0,0,0,0,0,0,0
115843,97,bully,1722,1,0,0,42,0,588,0,1,97,114121,1722,0,43,0,0,0,LEADER,1,0,0,42,0,0,0,0,0,0,0,0,0,0,0
115096,61,bully,1895,1,0,0,42,0,588,0,1,61,113201,1895,0,43,0,0,0,LEADER,1,0,0,42,0,0,0,0,0,0,0,0,0,0,0
116031,29,bully,1910,1,0,0,42,0,588,0,1,29,114121,1910,0,43,0,0,0,LEADER,1,0,0,42,0,0,0,0,0,0,0,0,0,0,0
116043,40,bully,1922,1,0,0,42,0,588,0,1,40,114121,1922,0,43,0,0,0,LEADER,1,0,0,42,0,0,0,0,0,0,0,0,0,0,0
115532,31,bully,2331,1,0,0,42,0,588,0,1,31,113201,2331,0,43,0,0,0,LEADER,1,0,0,42,0,0,0,0,0,0,0,0,0,0,0
115862,96,bully,1744,1,0,0,42,0,588,0,1,96,114118,1744,0,43,0,0,0,LEADER,1,0,0,42,0,0,0,0,0,0,0,0,0,0,0
115946,84,bully,1825,1,0,0,42,0,588,0,1,84,114121,1825,0,43,0,0,0,LEADER,1,0,0,42,0,0,0,0,0,0,0,0,0,0,0
115640,80,bully,1519,1,0,0,42,0,588,0,1,80,114121,1519,0,43,0,0,0,LEADER,1,0,0,42,0,0,0,0,0,0,0,0,0,0,0
115484,53,bully,2283,1,0,0,42,0,588,0,1,53,113201,2283,0,43,0,0,0,LEADER,1,0,0,42,0,0,0,0,0,0,0,0,0,0,0
115559,92,bully,1438,1,0,0,42,0,588,0,1,92,114121,1438,0,43,0,0,0,LEADER,1,0,0,42,0,0,0,0,0,0,0,0,0,0,0
115995,62,bully,1874,1,0,0,42,0,588,0,1,62,114121,1874,0,43,0,0,0,LEADER,1,0,0,42,0,0,0,0,0,0,0,0,0,0,0
115736,91,bully,1619,1,0,0,42,0,588,0,1,91,114117,1619,0,43,0,0,0,LEADER,1,0,0,42,0,0,0,0,0,0,0,0,0,0,0
115692,15,bully,1571,1,0,0,42,0,588,0,1,15,114121,1571,0,43,0,0,0,LEADER,1,0,0,42,0,0,0,0,0,0,0,0,0,0,0
115362,26,bully,2161,1,0,0,42,0,588,0,1,26,113201,2161,0,43,0,0,0,LEADER,1,0,0,42,0,0,0,0,0,0,0,0,0,0,0
116098,49,bully,1977,1,0,0,42,0,588,0,1,49,114121,1977,0,43,0,0,0,LEADER,1,0,0,42,0,0,0,0,0,0,0,0,0,0,0
115913,58,bully,1792,1,0,0,42,0,588,0,1,58,114121,1792,0,43,0,0,0,LEADER,1,0,0,42,0,0,0,0,0,0,0,0,0,0,0
115447,86,bully,2246,1,0,0,42,0,588,0,1,86,113201,2246,0,43,0,0,0,LEADER,1,0,0,42,0,0,0,0,0,0,0,0,0,0,0
115620,50,bully,2419,1,0,0,42,0,588,0,1,50,113201,2419,0,43,0,0,0,LEADER,1,0,0,42,0,0,0,0,0,0,0,0,0,0,0
115472,85,bully,2268,1,0,0,42,0,588,0,1,85,113204,2268,0,43,0,0,0,LEADER,1,0,0,42,0,0,0,0,0,0,0,0,0,0,0
115411,87,bully,2212,1,0,0,42,0,588,0,1,87,113199,2212,0,43,0,0,0,LEADER,1,0,0,42,0,0,0,0,0,0,0,0,0,0,0
115617,64,bully,2416,1,0,0,42,0,588,0,1,64,113201,2416,0,43,0,0,0,LEADER,1,0,0,42,0,0,0,0,0,0,0,0,0,0,0
115555,18,bully,1434,1,0,0,42,0,588,0,1,18,114121,1434,0,43,0,0,0,LEADER,1,0,0,42,0,0,0,0,0,0,0,0,0,0,0
115466,11,bully,2264,1,0,0,42,0,588,0,1,11,113202,2264,0,43,0,0,0,LEADER,1,0,0,42,0,0,0,0,0,0,0,0,0,0,0
115674,90,bully,1553,1,0,0,42,0,588,0,1,90,114121,1553,0,43,0,0,0,LEADER,1,0,0,42,0,0,0,0,0,0,0,0,0,0,0
115568,35,bully,1447,1,0,0,42,0,588,0,1,35,114121,1447,0,43,0,0,0,LEADER,1,0,0,42,0,0,0,0,0,0,0,0,0,0,0
115450,43,bully,2249,1,0,0,42,0,588,0,1,43,113201,2249,0,43,0,0,0,LEADER,1,0,0,42,0,0,0,0,0,0,0,0,0,0,0
115588,28,bully,1467,1,0,0,42,0,588,0,1,28,114121,1467,0,43,0,0,0,LEADER,1,0,0,42,0,0,0,0,0,0,0,0,0,0,0
115427,44,bully,2228,1,0,0,42,0,588,0,1,44,113199,2228,0,43,0,0,0,LEADER,1,0,0,42,0,0,0,0,0,0,0,0,0,0,0
116262,23,bully,2141,1,0,0,42,0,588,0,1,23,114121,2141,0,43,0,0,0,LEADER,1,0,0,42,0,0,0,0,0,0,0,0,0,0,0
115675,7,bully,2253,1,0,0,12,21,168,294,5,7,113422,2253,0,6,0,0,0,LEADER,1,0,0,12,0,0,0,21,0,0,0,0,0,0,0
115582,30,bully,1461,1,0,0,42,0,588,0,1,30,114121,1461,0,43,0,0,0,LEADER,1,0,0,42,0,0,0,0,0,0,0,0,0,0,0
115980,94,bully,1859,1,0,0,42,0,588,0,1,94,114121,1859,0,43,0,0,0,LEADER,1,0,0,42,0,0,0,0,0,0,0,0,0,0,0
115622,38,bully,1501,1,0,0,42,0,588,0,1,38,114121,1501,0,43,0,0,0,LEADER,1,0,0,42,0,0,0,0,0,0,0,0,0,0,0
116301,66,bully,2180,1,0,0,42,0,588,0,1,66,114121,2180,0,43,0,0,0,LEADER,1,0,0,42,0,0,0,0,0,0,0,0,0,0,0
115607,70,bully,1486,1,0,0,42,0,588,0,1,70,114121,1486,0,43,0,0,0,LEADER,1,0,0,42,0,0,0,0,0,0,0,0,0,0,0
116252,88,bully,2131,1,0,0,42,0,588,0,1,88,114121,2131,0,43,0,0,0,LEADER,1,0,0,42,0,0,0,0,0,0,0,0,0,0,0
115436,75,bully,2235,1,0,0,42,0,588,0,1,75,113201,2235,0,43,0,0,0,LEADER,1,0,0,42,0,0,0,0,0,0,0,0,0,0,0
115446,12,bully,2243,1,0,0,42,0,588,0,1,12,113203,2243,0,43,0,0,0,LEADER,1,0,0,42,0,0,0,0,0,0,0,0,0,0,0
116146,27,bully,2025,1,0,0,42,0,588,0,1,27,114121,2025,0,43,0,0,0,LEADER,1,0,0,42,0,0,0,0,0,0,0,0,0,0,0
115635,42,bully,1514,1,0,0,42,0,588,0,1,42,114121,1514,0,43,0,0,0,LEADER,1,0,0,42,0,0,0,0,0,0,0,0,0,0,0
116282,24,bully,2161,1,0,0,42,0,588,0,1,24,114121,2161,0,43,0,0,0,LEADER,1,0,0,42,0,0,0,0,0,0,0,0,0,0,0
116234,46,bully,2113,1,0,0,42,0,588,0,1,46,114121,2113,0,43,0,0,0,LEADER,1,0,0,42,0,0,0,0,0,0,0,0,0,0,0
116131,59,bully,2010,1,0,0,42,0,588,0,1,59,114121,2010,0,43,0,0,0,LEADER,1,0,0,42,0,0,0,0,0,0,0,0,0,0,0
115758,34,bully,1637,1,0,0,42,0,588,0,1,34,114121,1637,0,43,0,0,0,LEADER,1,0,0,42,0,0,0,0,0,0,0,0,0,0,0
116413,32,bully,2292,1,0,0,42,0,588,0,1,32,114121,2292,0,43,0,0,0,LEADER,1,0,0,42,0,0,0,0,0,0,0,0,0,0,0
116028,72,bully,1907,1,0,0,42,0,588,0,1,72,114121,1907,0,43,0,0,0,LEADER,1,0,0,42,0,0,0,0,0,0,0,0,0,0,0
116440,63,bully,2316,1,0,0,42,0,588,0,1,63,114124,2316,0,43,0,0,0,LEADER,1,0,0,42,0,0,0,0,0,0,0,0,0,0,0
115913,74,bully,1792,1,0,0,42,0,588,0,1,74,114121,1792,0,43,0,0,0,LEADER,1,0,0,42,0,0,0,0,0,0,0,0,0,0,0
115655,48,bully,1534,1,0,0,42,0,588,0,1,48,114121,1534,0,43,0,0,0,LEADER,1,0,0,42,0,0,0,0,0,0,0,0,0,0,0
116116,57,bully,1995,1,0,0,42,0,588,0,1,57,114121,1995,0,43,0,0,0,LEADER,1,0,0,42,0,0,0,0,0,0,0,0,0,0,0
116186,68,bully,2065,1,0,0,42,0,588,0,1,68,114121,2065,0,43,0,0,0,LEADER,1,0,0,42,0,0,0,0,0,0,0,0,0,0,0
115587,45,bully,1466,1,0,0,42,0,588,0,1,45,114121,1466,0,43,0,0,0,LEADER,1,0,0,42,0,0,0,0,0,0,0,0,0,0,0
115944,93,bully,1823,1,0,0,42,0,588,0,1,93,114121,1823,0,43,0,0,0,LEADER,1,0,0,42,0,0,0,0,0,0,0,0,0,0,0
116525,82,bully,2404,1,0,0,42,0,588,0,1,82,114121,2404,0,43,0,0,0,LEADER,1,0,0,42,0,0,0,0,0,0,0,0,0,0,0
116519,51,bully,2398,1,0,0,42,0,588,0,1,51,114121,2398,0,43,0,0,0,LEADER,1,0,0,42,0,0,0,0,0,0,0,0,0,0,0
116064,39,bully,1943,1,0,0,42,0,588,0,1,39,114121,1943,0,43,0,0,0,LEADER,1,0,0,42,0,0,0,0,0,0,0,0,0,0,0
115810,78,bully,1689,1,0,0,42,0,588,0,1,78,114121,1689,0,43,0,0,0,LEADER,1,0,0,42,0,0,0,0,0,0,0,0,0,0,0
116198,79,bully,2077,1,0,0,42,0,588,0,1,79,114121,2077,0,43,0,0,0,LEADER,1,0,0,42,0,0,0,0,0,0,0,0,0,0,0
115773,14,bully,1652,1,0,0,42,0,588,0,1,14,114121,1652,0,43,0,0,0,LEADER,1,0,0,42,0,0,0,0,0,0,0,0,0,0,0
115903,4,bully,2115,1,0,0,11,23,154,322,3,7,113788,2115,0,7,0,0,0,NORMAL,0,0,0,11,0,0,0,23,0,0,0,0,0,0,0
116200,36,bully,2080,1,0,0,42,0,588,0,1,36,114120,2080,0,43,0,0,0,LEADER,1,0,0,42,0,0,0,0,0,0,0,0,0,0,0
116083,81,bully,1962,1,0,0,42,0,588,0,1,81,114121,1962,0,43,0,0,0,LEADER,1,0,0,42,0,0,0,0,0,0,0,0,0,0,0
115743,67,bully,1622,1,0,0,42,0,588,0,1,67,114121,1622,0,43,0,0,0,LEADER,1,0,0,42,0,0,0,0,0,0,0,0,0,0,0
116504,83,bully,2383,1,0,0,42,0,588,0,1,83,114121,2383,0,43,0,0,0,LEADER,1,0,0,42,0,0,0,0,0,0,0,0,0,0,0
116648,99,bully,1607,1,0,0,42,0,588,0,1,99,115041,1607,0,43,0,0,0,LEADER,1,0,0,42,0,0,0,0,0,0,0,0,0,0,0
115825,55,bully,1704,1,0,0,42,0,588,0,1,55,114121,1704,0,43,0,0,0,LEADER,1,0,0,42,0,0,0,0,0,0,0,0,0,0,0
116615,89,bully,1574,1,0,0,42,0,588,0,1,89,115041,1574,0,43,0,0,0,LEADER,1,0,0,42,0,0,0,0,0,0,0,0,0,0,0
115777,77,bully,1656,1,0,0,42,0,588,0,1,77,114121,1656,0,43,0,0,0,LEADER,1,0,0,42,0,0,0,0,0,0,0,0,0,0,0
116049,71,bully,1928,1,0,0,42,0,588,0,1,71,114121,1928,0,43,0,0,0,LEADER,1,0,0,42,0,0,0,0,0,0,0,0,0,0,0
115961,52,bully,1840,1,0,0,42,0,588,0,1,52,114121,1840,0,43,0,0,0,LEADER,1,0,0,42,0,0,0,0,0,0,0,0,0,0,0
116329,76,bully,2213,1,0,0,42,0,588,0,1,76,114116,2213,0,43,0,0,0,LEADER,1,0,0,42,0,0,0,0,0,0,0,0,0,0,0
115928,10,bully,1807,1,0,0,42,0,588,0,1,10,114121,1807,0,43,0,0,0,LEADER,1,0,0,42,0,0,0,0,0,0,0,0,0,0,0
115861,22,bully,1740,1,0,0,42,0,588,0,1,22,114121,1740,0,43,0,0,0,LEADER,1,0,0,42,0,0,0,0,0,0,0,0,0,0,0
116009,21,bully,1889,1,0,0,42,0,588,0,1,21,114120,1889,0,43,0,0,0,LEADER,1,0,0,42,0,0,0,0,0,0,0,0,0,0,0
116267,56,bully,2146,1,0,0,42,0,588,0,1,56,114121,2146,0,43,0,0,0,LEADER,1,0,0,42,0,0,0,0,0,0,0,0,0,0,0
115792,60,bully,1671,1,0,0,42,0,588,0,1,60,114121,1671,0,43,0,0,0,LEADER,1,0,0,42,0,0,0,0,0,0,0,0,0,0,0
116645,25,bully,1604,1,0,0,42,0,588,0,1,25,115041,1604,0,43,0,0,0,LEADER,1,0,0,42,0,0,0,0,0,0,0,0,0,0,0
115858,65,bully,1737,1,0,0,42,0,588,0,1,65,114121,1737,0,43,0,0,0,LEADER,1,0,0,42,0,0,0,0,0,0,0,0,0,0,0
116534,19,bully,2413,1,0,0,42,0,588,0,1,19,114121,2413,0,43,0,0,0,LEADER,1,0,0,42,0,0,0,0,0,0,0,0,0,0,0
116164,69,bully,2043,1,0,0,42,0,588,0,1,69,114121,2043,0,43,0,0,0,LEADER,1,0,0,42,0,0,0,0,0,0,0,0,0,0,0
116766,54,bully,1725,1,0,0,42,0,588,0,1,54,115041,1725,0,43,0,0,0,LEADER,1,0,0,42,0,0,0,0,0,0,0,0,0,0,0
116113,17,bully,1992,1,0,0,42,0,588,0,1,17,114121,1992,0,43,0,0,0,LEADER,1,0,0,42,0,0,0,0,0,0,0,0,0,0,0
116627,100,bully,1586,1,0,0,42,0,588,0,1,100,115041,1586,0,43,0,0,0,LEADER,1,0,0,42,0,0,0,0,0,0,0,0,0,0,0
116590,16,bully,1549,1,0,0,42,0,588,0,1,16,115041,1549,0,43,0,0,0,LEADER,1,0,0,42,0,0,0,0,0,0,0,0,0,0,0
116179,37,bully,2058,1,0,0,42,0,588,0,1,37,114121,2058,0,43,0,0,0,LEADER,1,0,0,42,0,0,0,0,0,0,0,0,0,0,0
116815,13,bully,1774,1,0,0,42,0,588,0,1,13,115041,1774,0,43,0,0,0,LEADER,1,0,0,42,0,0,0,0,0,0,0,0,0,0,0
115976,20,bully,1855,1,0,0,42,0,588,0,1,20,114121,1855,0,43,0,0,0,LEADER,1,0,0,42,0,0,0,0,0,0,0,0,0,0,0
116608,41,bully,1567,1,0,0,42,0,588,0,1,41,115041,1567,0,43,0,0,0,LEADER,1,0,0,42,0,0,0,0,0,0,0,0,0,0,0
116597,47,bully,1556,1,0,0,42,0,588,0,1,47,115041,1556,0,43,0,0,0,LEADER,1,0,0,42,0,0,0,0,0,0,0,0,0,0,0
116423,95,bully,2301,1,0,0,42,0,588,0,1,95,114122,2301,0,43,0,0,0,LEADER,1,0,0,42,0,0,0,0,0,0,0,0,0,0,0
116286,98,bully,2165,1,0,0,42,0,588,0,1,98,114121,2165,0,43,0,0,0,LEADER,1,0,0,42,0,0,0,0,0,0,0,0,0,0,0
116470,73,bully,2349,1,0,0,42,0,588,0,1,73,114121,2349,0,43,0,0,0,LEADER,1,0,0,42,0,0,0,0,0,0,0,0,0,0,0
116763,97,bully,1722,1,0,0,42,0,588,0,1,97,115041,1722,0,43,0,0,0,LEADER,1,0,0,42,0,0,0,0,0,0,0,0,0,0,0
116016,61,bully,1895,1,0,0,42,0,588,0,1,61,114121,1895,0,43,0,0,0,LEADER,1,0,0,42,0,0,0,0,0,0,0,0,0,0,0
116793,33,bully,1752,1,0,0,42,0,588,0,1,33,115041,1752,0,43,0,0,0,LEADER,1,0,0,42,0,0,0,0,0,0,0,0,0,0,0
116963,40,bully,1922,1,0,0,42,0,588,0,1,40,115041,1922,0,43,0,0,0,LEADER,1,0,0,42,0,0,0,0,0,0,0,0,0,0,0
116452,31,bully,2331,1,0,0,42,0,588,0,1,31,114121,2331,0,43,0,0,0,LEADER,1,0,0,42,0,0,0,0,0,0,0,0,0,0,0
116953,29,bully,1910,1,0,0,42,0,588,0,1,29,115043,1910,0,43,0,0,0,LEADER,1,0,0,42,0,0,0,0,0,0,0,0,0,0,0
116782,96,bully,1744,1,0,0,42,0,588,0,1,96,115038,1744,0,43,0,0,0,LEADER,1,0,0,42,0,0,0,0,0,0,0,0,0,0,0
116866,84,bully,1825,1,0,0,42,0,588,0,1,84,115041,1825,0,43,0,0,0,LEADER,1,0,0,42,0,0,0,0,0,0,0,0,0,0,0
116560,80,bully,1519,1,0,0,42,0,588,0,1,80,115041,1519,0,43,0,0,0,LEADER,1,0,0,42,0,0,0,0,0,0,0,0,0,0,0
116404,53,bully,2283,1,0,0,42,0,588,0,1,53,114121,2283,0,43,0,0,0,LEADER,1,0,0,42,0,0,0,0,0,0,0,0,0,0,0
116479,92,bully,1438,1,0,0,42,0,588,0,1,92,115041,1438,0,43,0,0,0,LEADER,1,0,0,42,0,0,0,0,0,0,0,0,0,0,0
116915,62,bully,1874,1,0,0,42,0,588,0,1,62,115041,1874,0,43,0,0,0,LEADER,1,0,0,42,0,0,0,0,0,0,0,0,0,0,0
116656,91,bully,1619,1,0,0,42,0,588,0,1,91,115037,1619,0,43,0,0,0,LEADER,1,0,0,42,0,0,0,0,0,0,0,0,0,0,0
116612,15,bully,1571,1,0,0,42,0,588,0,1,15,115041,1571,0,43,0,0,0,LEADER,1,0,0,42,0,0,0,0,0,0,0,0,0,0,0
116282,26,bully,2161,1,0,0,42,0,588,0,1,26,114121,2161,0,43,0,0,0,LEADER,1,0,0,42,0,0,0,0,0,0,0,0,0,0,0
117018,49,bully,1977,1,0,0,42,0,588,0,1,49,115041,1977,0,43,0,0,0,LEADER,1,0,0,42,0,0,0,0,0,0,0,0,0,0,0
116833,58,bully,1792,1,0,0,42,0,588,0,1,58,115041,1792,0,43,0,0,0,LEADER,1,0,0,42,0,0,0,0,0,0,0,0,0,0,0
116367,86,bully,2246,1,0,0,42,0,588,0,1,86,114121,2246,0,43,0,0,0,LEADER,1,0,0,42,0,0,0,0,0,0,0,0,0,0,0
116540,50,bully,2419,1,0,0,42,0,588,0,1,50,114121,2419,0,43,0,0,0,LEADER,1,0,0,42,0,0,0,0,0,0,0,0,0,0,0
116392,85,bully,2268,1,0,0,42,0,588,0,1,85,114124,2268,0,43,0,0,0,LEADER,1,0,0,42,0,0,0,0,0,0,0,0,0,0,0
116331,87,bully,2212,1,0,0,42,0,588,0,1,87,114119,2212,0,43,0,0,0,LEADER,1,0,0,42,0,0,0,0,0,0,0,0,0,0,0
116537,64,bully,2416,1,0,0,42,0,588,0,1,64,114121,2416,0,43,0,0,0,LEADER,1,0,0,42,0,0,0,0,0,0,0,0,0,0,0
116475,18,bully,1434,1,0,0,42,0,588,0,1,18,115041,1434,0,43,0,0,0,LEADER,1,0,0,42,0,0,0,0,0,0,0,0,0,0,0
116386,11,bully,2264,1,0,0,42,0,588,0,1,11,114122,2264,0,43,0,0,0,LEADER,1,0,0,42,0,0,0,0,0,0,0,0,0,0,0
116594,90,bully,1553,1,0,0,42,0,588,0,1,90,115041,1553,0,43,0,0,0,LEADER,1,0,0,42,0,0,0,0,0,0,0,0,0,0,0
116488,35,bully,1447,1,0,0,42,0,588,0,1,35,115041,1447,0,43,0,0,0,LEADER,1,0,0,42,0,0,0,0,0,0,0,0,0,0,0
116370,43,bully,2249,1,0,0,42,0,588,0,1,43,114121,2249,0,43,0,0,0,LEADER,1,0,0,42,0,0,0,0,0,0,0,0,0,0,0
116508,28,bully,1467,1,0,0,42,0,588,0,1,28,115041,1467,0,43,0,0,0,LEADER,1,0,0,42,0,0,0,0,0,0,0,0,0,0,0
116347,44,bully,2228,1,0,0,42,0,588,0,1,44,114119,2228,0,43,0,0,0,LEADER,1,0,0,42,0,0,0,0,0,0,0,0,0,0,0
117182,23,bully,2141,1,0,0,42,0,588,0,1,23,115041,2141,0,43,0,0,0,LEADER,1,0,0,42,0,0,0,0,0,0,0,0,0,0,0
116502,30,bully,1461,1,0,0,42,0,588,0,1,30,115041,1461,0,43,0,0,0,LEADER,1,0,0,42,0,0,0,0,0,0,0,0,0,0,0
116900,94,bully,1859,1,0,0,42,0,588,0,1,94,115041,1859,0,43,0,0,0,LEADER,1,0,0,42,0,0,0,0,0,0,0,0,0,0,0
116542,38,bully,1501,1,0,0,42,0,588,0,1,38,115041,1501,0,43,0,0,0,LEADER,1,0,0,42,0,0,0,0,0,0,0,0,0,0,0
117221,66,bully,2180,1,0,0,42,0,588,0,1,66,115041,2180,0,43,0,0,0,LEADER,1,0,0,42,0,0,0,0,0,0,0,0,0,0,0
116527,70,bully,1486,1,0,0,42,0,588,0,1,70,115041,1486,0,43,0,0,0,LEADER,1,0,0,42,0,0,0,0,0,0,0,0,0,0,0
117172,88,bully,2131,1,0,0,42,0,588,0,1,88,115041,2131,0,43,0,0,0,LEADER,1,0,0,42,0,0,0,0,0,0,0,0,0,0,0
116738,9,bully,2514,1,0,0,10,12,140,168,4,9,114224,2514,0,5,0,0,0,LEADER,1,0,0,10,0,0,0,12,0,0,0,0,0,0,0
116356,75,bully,2235,1,0,0,42,0,588,0,1,75,114121,2235,0,43,0,0,0,LEADER,1,0,0,42,0,0,0,0,0,0,0,0,0,0,0
116366,12,bully,2243,1,0,0,42,0,588,0,1,12,114123,2243,0,43,0,0,0,LEADER,1,0,0,42,0,0,0,0,0,0,0,0,0,0,0
117066,27,bully,2025,1,0,0,42,0,588,0,1,27,115041,2025,0,43,0,0,0,LEADER,1,0,0,42,0,0,0,0,0,0,0,0,0,0,0
116555,42,bully,1514,1,0,0,42,0,588,0,1,42,115041,1514,0,43,0,0,0,LEADER,1,0,0,42,0,0,0,0,0,0,0,0,0,0,0
117202,24,bully,2161,1,0,0,42,0,588,0,1,24,115041,2161,0,43,0,0,0,LEADER,1,0,0,42,0,0,0,0,0,0,0,0,0,0,0
117154,46,bully,2113,1,0,0,42,0,588,0,1,46,115041,2113,0,43,0,0,0,LEADER,1,0,0,42,0,0,0,0,0,0,0,0,0,0,0
117051,59,bully,2010,1,0,0,42,0,588,0,1,59,115041,2010,0,43,0,0,0,LEADER,1,0,0,42,0,0,0,0,0,0,0,0,0,0,0
116678,34,bully,1637,1,0,0,42,0,588,0,1,34,115041,1637,0,43,0,0,0,LEADER,1,0,0,42,0,0,0,0,0,0,0,0,0,0,0
117333,32,bully,2292,1,0,0,42,0,588,0,1,32,115041,2292,0,43,0,0,0,LEADER,1,0,0,42,0,0,0,0,0,0,0,0,0,0,0
116948,72,bully,1907,1,0,0,42,0,588,0,1,72,115041,1907,0,43,0,0,0,LEADER,1,0,0,42,0,0,0,0,0,0,0,0,0,0,0
117360,63,bully,2316,1,0,0,42,0,588,0,1,63,115044,2316,0,43,0,0,0,LEADER,1,0,0,42,0,0,0,0,0,0,0,0,0,0,0
116833,74,bully,1792,1,0,0,42,0,588,0,1,74,115041,1792,0,43,0,0,0,LEADER,1,0,0,42,0,0,0,0,0,0,0,0,0,0,0
116575,48,bully,1534,1,0,0,42,0,588,0,1,48,115041,1534,0,43,0,0,0,LEADER,1,0,0,42,0,0,0,0,0,0,0,0,0,0,0
117036,57,bully,1995,1,0,0,42,0,588,0,1,57,115041,1995,0,43,0,0,0,LEADER,1,0,0,42,0,0,0,0,0,0,0,0,0,0,0
117106,68,bully,2065,1,0,0,42,0,588,0,1,68,115041,2065,0,43,0,0,0,LEADER,1,0,0,42,0,0,0,0,0,0,0,0,0,0,0
116507,45,bully,1466,1,0,0,42,0,588,0,1,45,115041,1466,0,43,0,0,0,LEADER,1,0,0,42,0,0,0,0,0,0,0,0,0,0,0
116864,93,bully,1823,1,0,0,42,0,588,0,1,93,115041,1823,0,43,0,0,0,LEADER,1,0,0,42,0,0,0,0,0,0,0,0,0,0,0
117445,82,bully,2404,1,0,0,42,0,588,0,1,82,115041,2404,0,43,0,0,0,LEADER,1,0,0,42,0,0,0,0,0,0,0,0,0,0,0
117439,51,bully,2398,1,0,0,42,0,588,0,1,51,115041,2398,0,43,0,0,0,LEADER,1,0,0,42,0,0,0,0,0,0,0,0,0,0,0
116984,39,bully,1943,1,0,0,42,0,588,0,1,39,115041,1943,0,43,0,0,0,LEADER,1,0,0,42,0,0,0,0,0,0,0,0,0,0,0
116730,78,bully,1689,1,0,0,42,0,588,0,1,78,115041,1689,0,43,0,0,0,LEADER,1,0,0,42,0,0,0,0,0,0,0,0,0,0,0
117118,79,bully,2077,1,0,0,42,0,588,0,1,79,115041,2077,0,43,0,0,0,LEADER,1,0,0,42,0,0,0,0,0,0,0,0,0,0,0
116693,14,bully,1652,1,0,0,42,0,588,0,1,14,115041,1652,0,43,0,0,0,LEADER,1,0,0,42,0,0,0,0,0,0,0,0,0,0,0
117120,36,bully,2080,1,0,0,42,0,588,0,1,36,115040,2080,0,43,0,0,0,LEADER,1,0,0,42,0,0,0,0,0,0,0,0,0,0,0
117003,81,bully,1962,1,0,0,42,0,588,0,1,81,115041,1962,0,43,0,0,0,LEADER,1,0,0,42,0,0,0,0,0,0,0,0,0,0,0
116663,67,bully,1622,1,0,0,42,0,588,0,1,67,115041,1622,0,43,0,0,0,LEADER,1,0,0,42,0,0,0,0,0,0,0,0,0,0,0
117424,83,bully,2383,1,0,0,42,0,588,0,1,83,115041,2383,0,43,0,0,0,LEADER,1,0,0,42,0,0,0,0,0,0,0,0,0,0,0
117569,99,bully,1607,1,0,0,43,0,602,0,1,99,115962,1607,0,44,0,0,0,LEADER,1,0,0,43,0,0,0,0,0,0,0,0,0,0,0
116745,55,bully,1704,1,0,0,42,0,588,0,1,55,115041,1704,0,43,0,0,0,LEADER,1,0,0,42,0,0,0,0,0,0,0,0,0,0,0
117536,89,bully,1574,1,0,0,43,0,602,0,1,89,115962,1574,0,44,0,0,0,LEADER,1,0,0,43,0,0,0,0,0,0,0,0,0,0,0
116697,77,bully,1656,1,0,0,42,0,588,0,1,77,115041,1656,0,43,0,0,0,LEADER,1,0,0,42,0,0,0,0,0,0,0,0,0,0,0
116969,71,bully,1928,1,0,0,42,0,588,0,1,71,115041,1928,0,43,0,0,0,LEADER,1,0,0,42,0,0,0,0,0,0,0,0,0,0,0
116881,52,bully,1840,1,0,0,42,0,588,0,1,52,115041,1840,0,43,0,0,0,LEADER,1,0,0,42,0,0,0,0,0,0,0,0,0,0,0
117249,76,bully,2213,1,0,0,42,0,588,0,1,76,115036,2213,0,43,0,0,0,LEADER,1,0,0,42,0,0,0,0,0,0,0,0,0,0,0
116848,10,bully,1807,1,0,0,42,0,588,0,1,10,115041,1807,0,43,0,0,0,LEADER,1,0,0,42,0,0,0,0,0,0,0,0,0,0,0
116781,22,bully,1740,1,0,0,42,0,588,0,1,22,115041,1740,0,43,0,0,0,LEADER,1,0,0,42,0,0,0,0,0,0,0,0,0,0,0
116929,21,bully,1889,1,0,0,42,0,588,0,1,21,115040,1889,0,43,0,0,0,LEADER,1,0,0,42,0,0,0,0,0,0,0,0,0,0,0
117187,56,bully,2146,1,0,0,42,0,588,0,1,56,115041,2146,0,43,0,0,0,LEADER,1,0,0,42,0,0,0,0,0,0,0,0,0,0,0
116712,60,bully,1671,1,0,0,42,0,588,0,1,60,115041,1671,0,43,0,0,0,LEADER,1,0,0,42,0,0,0,0,0,0,0,0,0,0,0
117566,25,bully,1604,1,0,0,43,0,602,0,1,25,115962,1604,0,44,0,0,0,LEADER,1,0,0,43,0,0,0,0,0,0,0,0,0,0,0
116778,65,bully,1737,1,0,0,42,0,588,0,1,65,115041,1737,0,43,0,0,0,LEADER,1,0,0,42,0,0,0,0,0,0,0,0,0,0,0
117454,19,bully,2413,1,0,0,42,0,588,0,1,19,115041,2413,0,43,0,0,0,LEADER,1,0,0,42,0,0,0,0,0,0,0,0,0,0,0
117084,69,bully,2043,1,0,0,42,0,588,0,1,69,115041,2043,0,43,0,0,0,LEADER,1,0,0,42,0,0,0,0,0,0,0,0,0,0,0
117687,54,bully,1725,1,0,0,43,0,602,0,1,54,115962,1725,0,44,0,0,0,LEADER,1,0,0,43,0,0,0,0,0,0,0,0,0,0,0
117033,17,bully,1992,1,0,0,42,0,588,0,1,17,115041,1992,0,43,0,0,0,LEADER,1,0,0,42,0,0,0,0,0,0,0,0,0,0,0
117548,100,bully,1586,1,0,0,43,0,602,0,1,100,115962,1586,0,44,0,0,0,LEADER,1,0,0,43,0,0,0,0,0,0,0,0,0,0,0
117511,16,bully,1549,1,0,0,43,0,602,0,1,16,115962,1549,0,44,0,0,0,LEADER,1,0,0,43,0,0,0,0,0,0,0,0,0,0,0
117099,37,bully,2058,1,0,0,42,0,588,0,1,37,115041,2058,0,43,0,0,0,LEADER,1,0,0,42,0,0,0,0,0,0,0,0,0,0,0
117736,13,bully,1774,1,0,0,43,0,602,0,1,13,115962,1774,0,44,0,0,0,LEADER,1,0,0,43,0,0,0,0,0,0,0,0,0,0,0
116896,20,bully,1855,1,0,0,42,0,588,0,1,20,115041,1855,0,43,0,0,0,LEADER,1,0,0,42,0,0,0,0,0,0,0,0,0,0,0
117529,41,bully,1567,1,0,0,43,0,602,0,1,41,115962,1567,0,44,0,0,0,LEADER,1,0,0,43,0,0,0,0,0,0,0,0,0,0,0
117518,47,bully,1556,1,0,0,43,0,602,0,1,47,115962,1556,0,44,0,0,0,LEADER,1,0,0,43,0,0,0,0,0,0,0,0,0,0,0
117343,95,bully,2301,1,0,0,42,0,588,0,1,95,115042,2301,0,43,0,0,0,LEADER,1,0,0,42,0,0,0,0,0,0,0,0,0,0,0
117206,98,bully,2165,1,0,0,42,0,588,0,1,98,115041,2165,0,43,0,0,0,LEADER,1,0,0,42,0,0,0,0,0,0,0,0,0,0,0
117390,73,bully,2349,1,0,0,42,0,588,0,1,73,115041,2349,0,43,0,0,0,LEADER,1,0,0,42,0,0,0,0,0,0,0,0,0,0,0
116936,61,bully,1895,1,0,0,42,0,588,0,1,61,115041,1895,0,43,0,0,0,LEADER,1,0,0,42,0,0,0,0,0,0,0,0,0,0,0
117684,97,bully,1722,1,0,0,43,0,602,0,1,97,115962,1722,0,44,0,0,0,LEADER,1,0,0,43,0,0,0,0,0,0,0,0,0,0,0
117714,33,bully,1752,1,0,0,43,0,602,0,1,33,115962,1752,0,44,0,0,0,LEADER,1,0,0,43,0,0,0,0,0,0,0,0,0,0,0
117372,31,bully,2331,1,0,0,42,0,588,0,1,31,115041,2331,0,43,0,0,0,LEADER,1,0,0,42,0,0,0,0,0,0,0,0,0,0,0
117884,40,bully,1922,1,0,0,43,0,602,0,1,40,115962,1922,0,44,0,0,0,LEADER,1,0,0,43,0,0,0,0,0,0,0,0,0,0,0
117874,29,bully,1910,1,0,0,43,0,602,0,1,29,115964,1910,0,44,0,0,0,LEADER,1,0,0,43,0,0,0,0,0,0,0,0,0,0,0
117703,96,bully,1744,1,0,0,43,0,602,0,1,96,115959,1744,0,44,0,0,0,LEADER,1,0,0,43,0,0,0,0,0,0,0,0,0,0,0
117787,84,bully,1825,1,0,0,43,0,602,0,1,84,115962,1825,0,44,0,0,0,LEADER,1,0,0,43,0,0,0,0,0,0,0,0,0,0,0
117481,80,bully,1519,1,0,0,43,0,602,0,1,80,115962,1519,0,44,0,0,0,LEADER,1,0,0,43,0,0,0,0,0,0,0,0,0,0,0
117324,53,bully,2283,1,0,0,42,0,588,0,1,53,115041,2283,0,43,0,0,0,LEADER,1,0,0,42,0,0,0,0,0,0,0,0,0,0,0
117400,92,bully,1438,1,0,0,43,0,602,0,1,92,115962,1438,0,44,0,0,0,LEADER,1,0,0,43,0,0,0,0,0,0,0,0,0,0,0
117836,62,bully,1874,1,0,0,43,0,602,0,1,62,115962,1874,0,44,0,0,0,LEADER,1,0,0,43,0,0,0,0,0,0,0,0,0,0,0
117577,91,bully,1619,1,0,0,43,0,602,0,1,91,115958,1619,0,44,0,0,0,LEADER,1,0,0,43,0,0,0,0,0,0,0,0,0,0,0
117533,15,bully,1571,1,0,0,43,0,602,0,1,15,115962,1571,0,44,0,0,0,LEADER,1,0,0,43,0,0,0,0,0,0,0,0,0,0,0
117202,26,bully,2161,1,0,0,42,0,588,0,1,26,115041,2161,0,43,0,0,0,LEADER,1,0,0,42,0,0,0,0,0,0,0,0,0,0,0
117939,49,bully,1977,1,0,0,43,0,602,0,1,49,115962,1977,0,44,0,0,0,LEADER,1,0,0,43,0,0,0,0,0,0,0,0,0,0,0
117754,58,bully,1792,1,0,0,43,0,602,0,1,58,115962,1792,0,44,0,0,0,LEADER,1,0,0,43,0,0,0,0,0,0,0,0,0,0,0
117287,86,bully,2246,1,0,0,42,0,588,0,1,86,115041,2246,0,43,0,0,0,LEADER,1,0,0,42,0,0,0,0,0,0,0,0,0,0,0
117460,50,bully,2419,1,0,0,42,0,588,0,1,50,115041,2419,0,43,0,0,0,LEADER,1,0,0,42,0,0,0,0,0,0,0,0,0,0,0
117312,85,bully,2268,1,0,0,42,0,588,0,1,85,115044,2268,0,43,0,0,0,LEADER,1,0,0,42,0,0,0,0,0,0,0,0,0,0,0
117251,87,bully,2212,1,0,0,42,0,588,0,1,87,115039,2212,0,43,0,0,0,LEADER,1,0,0,42,0,0,0,0,0,0,0,0,0,0,0
117457,64,bully,2416,1,0,0,42,0,588,0,1,64,115041,2416,0,43,0,0,0,LEADER,1,0,0,42,0,0,0,0,0,0,0,0,0,0,0
117306,11,bully,2264,1,0,0,42,0,588,0,1,11,115042,2264,0,43,0,0,0,LEADER,1,0,0,42,0,0,0,0,0,0,0,0,0,0,0
117396,18,bully,1434,1,0,0,43,0,602,0,1,18,115962,1434,0,44,0,0,0,LEADER,1,0,0,43,0,0,0,0,0,0,0,0,0,0,0
117515,90,bully,1553,1,0,0,43,0,602,0,1,90,115962,1553,0,44,0,0,0,LEADER,1,0,0,43,0,0,0,0,0,0,0,0,0,0,0
117409,35,bully,1447,1,0,0,43,0,602,0,1,35,115962,1447,0,44,0,0,0,LEADER,1,0,0,43,0,0,0,0,0,0,0,0,0,0,0
117290,43,bully,2249,1,0,0,42,0,588,0,1,43,115041,2249,0,43,0,0,0,LEADER,1,0,0,42,0,0,0,0,0,0,0,0,0,0,0
117429,28,bully,1467,1,0,0,43,0,602,0,1,28,115962,1467,0,44,0,0,0,LEADER,1,0,0,43,0,0,0,0,0,0,0,0,0,0,0
117267,44,bully,2228,1,0,0,42,0,588,0,1,44,115039,2228,0,43,0,0,0,LEADER,1,0,0,42,0,0,0,0,0,0,0,0,0,0,0
118103,23,bully,2141,1,0,0,43,0,602,0,1,23,115962,2141,0,44,0,0,0,LEADER,1,0,0,43,0,0,0,0,0,0,0,0,0,0,0
117423,30,bully,1461,1,0,0,43,0,602,0,1,30,115962,1461,0,44,0,0,0,LEADER,1,0,0,43,0,0,0,0,0,0,0,0,0,0,0
117821,94,bully,1859,1,0,0,43,0,602,0,1,94,115962,1859,0,44,0,0,0,LEADER,1,0,0,43,0,0,0,0,0,0,0,0,0,0,0
117463,38,bully,1501,1,0,0,43,0,602,0,1,38,115962,1501,0,44,0,0,0,LEADER,1,0,0,43,0,0,0,0,0,0,0,0,0,0,0
118142,66,bully,2180,1,0,0,43,0,602,0,1,66,115962,2180,0,44,0,0,0,LEADER,1,0,0,43,0,0,0,0,0,0,0,0,0,0,0
117448,70,bully,1486,1,0,0,43,0,602,0,1,70,115962,1486,0,44,0,0,0,LEADER,1,0,0,43,0,0,0,0,0,0,0,0,0,0,0
118093,88,bully,2131,1,0,0,43,0,602,0,1,88,115962,2131,0,44,0,0,0,LEADER,1,0,0,43,0,0,0,0,0,0,0,0,0,0,0
117686,8,bully,2467,1,0,0,12,22,168,308,4,7,115219,2467,0,6,0,0,0,NORMAL,0,0,0,12,0,0,0,22,0,0,0,0,0,0,0
117276,75,bully,2235,1,0,0,42,0,588,0,1,75,115041,2235,0,43,0,0,0,LEADER,1,0,0,42,0,0,0,0,0,0,0,0,0,0,0
117286,12,bully,2243,1,0,0,42,0,588,0,1,12,115043,2243,0,43,0,0,0,LEADER,1,0,0,42,0,0,0,0,0,0,0,0,0,0,0
117987,27,bully,2025,1,0,0,43,0,602,0,1,27,115962,2025,0,44,0,0,0,LEADER,1,0,0,43,0,0,0,0,0,0,0,0,0,0,0
117476,42,bully,1514,1,0,0,43,0,602,0,1,42,115962,1514,0,44,0,0,0,LEADER,1,0,0,43,0,0,0,0,0,0,0,0,0,0,0
118123,24,bully,2161,1,0,0,43,0,602,0,1,24,115962,2161,0,44,0,0,0,LEADER,1,0,0,43,0,0,0,0,0,0,0,0,0,0,0
118075,46,bully,2113,1,0,0,43,0,602,0,1,46,115962,2113,0,44,0,0,0,LEADER,1,0,0,43,0,0,0,0,0,0,0,0,0,0,0
117599,34,bully,1637,1,0,0,43,0,602,0,1,34,115962,1637,0,44,0,0,0,LEADER,1,0,0,43,0,0,0,0,0,0,0,0,0,0,0
117972,59,bully,2010,1,0,0,43,0,602,0,1,59,115962,2010,0,44,0,0,0,LEADER,1,0,0,43,0,0,0,0,0,0,0,0,0,0,0
118254,32,bully,2292,1,0,0,43,0,602,0,1,32,115962,2292,0,44,0,0,0,LEADER,1,0,0,43,0,0,0,0,0,0,0,0,0,0,0
117869,72,bully,1907,1,0,0,43,0,602,0,1,72,115962,1907,0,44,0,0,0,LEADER,1,0,0,43,0,0,0,0,0,0,0,0,0,0,0
118281,63,bully,2316,1,0,0,43,0,602,0,1,63,115965,2316,0,44,0,0,0,LEADER,1,0,0,43,0,0,0,0,0,0,0,0,0,0,0
117754,74,bully,1792,1,0,0,43,0,602,0,1,74,115962,1792,0,44,0,0,0,LEADER,1,0,0,43,0,0,0,0,0,0,0,0,0,0,0
117496,48,bully,1534,1,0,0,43,0,602,0,1,48,115962,1534,0,44,0,0,0,LEADER,1,0,0,43,0,0,0,0,0,0,0,0,0,0,0
117957,57,bully,1995,1,0,0,43,0,602,0,1,57,115962,1995,0,44,0,0,0,LEADER,1,0,0,43,0,0,0,0,0,0,0,0,0,0,0
118027,68,bully,2065,1,0,0,43,0,602,0,1,68,115962,2065,0,44,0,0,0,LEADER,1,0,0,43,0,0,0,0,0,0,0,0,0,0,0
117428,45,bully,1466,1,0,0,43,0,602,0,1,45,115962,1466,0,44,0,0,0,LEADER,1,0,0,43,0,0,0,0,0,0,0,0,0,0,0
117785,93,bully,1823,1,0,0,43,0,602,0,1,93,115962,1823,0,44,0,0,0,LEADER,1,0,0,43,0,0,0,0,0,0,0,0,0,0,0
118366,82,bully,2404,1,0,0,43,0,602,0,1,82,115962,2404,0,44,0,0,0,LEADER,1,0,0,43,0,0,0,0,0,0,0,0,0,0,0
118360,51,bully,2398,1,0,0,43,0,602,0,1,51,115962,2398,0,44,0,0,0,LEADER,1,0,0,43,0,0,0,0,0,0,0,0,0,0,0
117905,39,bully,1943,1,0,0,43,0,602,0,1,39,115962,1943,0,44,0,0,0,LEADER,1,0,0,43,0,0,0,0,0,0,0,0,0,0,0
117651,78,bully,1689,1,0,0,43,0,602,0,1,78,115962,1689,0,44,0,0,0,LEADER,1,0,0,43,0,0,0,0,0,0,0,0,0,0,0
118039,79,bully,2077,1,0,0,43,0,602,0,1,79,115962,2077,0,44,0,0,0,LEADER,1,0,0,43,0,0,0,0,0,0,0,0,0,0,0
117614,14,bully,1652,1,0,0,43,0,602,0,1,14,115962,1652,0,44,0,0,0,LEADER,1,0,0,43,0,0,0,0,0,0,0,0,0,0,0
118041,36,bully,2080,1,0,0,43,0,602,0,1,36,115961,2080,0,44,0,0,0,LEADER,1,0,0,43,0,0,0,0,0,0,0,0,0,0,0
117924,81,bully,1962,1,0,0,43,0,602,0,1,81,115962,1962,0,44,0,0,0,LEADER,1,0,0,43,0,0,0,0,0,0,0,0,0,0,0
117584,67,bully,1622,1,0,0,43,0,602,0,1,67,115962,1622,0,44,0,0,0,LEADER,1,0,0,43,0,0,0,0,0,0,0,0,0,0,0
118345,83,bully,2383,1,0,0,43,0,602,0,1,83,115962,2383,0,44,0,0,0,LEADER,1,0,0,43,0,0,0,0,0,0,0,0,0,0,0
118489,99,bully,1607,1,0,0,43,0,602,0,1,99,116882,1607,0,44,0,0,0,LEADER,1,0,0,43,0,0,0,0,0,0,0,0,0,0,0
117666,55,bully,1704,1,0,0,43,0,602,0,1,55,115962,1704,0,44,0,0,0,LEADER,1,0,0,43,0,0,0,0,0,0,0,0,0,0,0
118456,89,bully,1574,1,0,0,43,0,602,0,1,89,116882,1574,0,44,0,0,0,LEADER,1,0,0,43,0,0,0,0,0,0,0,0,0,0,0
117618,77,bully,1656,1,0,0,43,0,602,0,1,77,115962,1656,0,44,0,0,0,LEADER,1,0,0,43,0,0,0,0,0,0,0,0,0,0,0
117890,71,bully,1928,1,0,0,43,0,602,0,1,71,115962,1928,0,44,0,0,0,LEADER,1,0,0,43,0,0,0,0,0,0,0,0,0,0,0
117802,52,bully,1840,1,0,0,43,0,602,0,1,52,115962,1840,0,44,0,0,0,LEADER,1,0,0,43,0,0,0,0,0,0,0,0,0,0,0
118170,76,bully,2213,1,0,0,43,0,602,0,1,76,115957,2213,0,44,0,0,0,LEADER,1,0,0,43,0,0,0,0,0,0,0,0,0,0,0
117769,10,bully,1807,1,0,0,43,0,602,0,1,10,115962,1807,0,44,0,0,0,LEADER,1,0,0,43,0,0,0,0,0,0,0,0,0,0,0
117702,22,bully,1740,1,0,0,43,0,602,0,1,22,115962,1740,0,44,0,0,0,LEADER,1,0,0,43,0,0,0,0,0,0,0,0,0,0,0
117850,21,bully,1889,1,0,0,43,0,602,0,1,21,115961,1889,0,44,0,0,0,LEADER,1,0,0,43,0,0,0,0,0,0,0,0,0,0,0
118108,56,bully,2146,1,0,0,43,0,602,0,1,56,115962,2146,0,44,0,0,0,LEADER,1,0,0,43,0,0,0,0,0,0,0,0,0,0,0
117633,60,bully,1671,1,0,0,43,0,602,0,1,60,115962,1671,0,44,0,0,0,LEADER,1,0,0,43,0,0,0,0,0,0,0,0,0,0,0
118486,25,bully,1604,1,0,0,43,0,602,0,1,25,116882,1604,0,44,0,0,0,LEADER,1,0,0,43,0,0,0,0,0,0,0,0,0,0,0
117699,65,bully,1737,1,0,0,43,0,602,0,1,65,115962,1737,0,44,0,0,0,LEADER,1,0,0,43,0,0,0,0,0,0,0,0,0,0,0
118375,19,bully,2413,1,0,0,43,0,602,0,1,19,115962,2413,0,44,0,0,0,LEADER,1,0,0,43,0,0,0,0,0,0,0,0,0,0,0
118005,69,bully,2043,1,0,0,43,0,602,0,1,69,115962,2043,0,44,0,0,0,LEADER,1,0,0,43,0,0,0,0,0,0,0,0,0,0,0
118607,54,bully,1725,1,0,0,43,0,602,0,1,54,116882,1725,0,44,0,0,0,LEADER,1,0,0,43,0,0,0,0,0,0,0,0,0,0,0
117954,17,bully,1992,1,0,0,43,0,602,0,1,17,115962,1992,0,44,0,0,0,LEADER,1,0,0,43,0,0,0,0,0,0,0,0,0,0,0
118468,100,bully,1586,1,0,0,43,0,602,0,1,100,116882,1586,0,44,0,0,0,LEADER,1,0,0,43,0,0,0,0,0,0,0,0,0,0,0
118431,16,bully,1549,1,0,0,43,0,602,0,1,16,116882,1549,0,44,0,0,0,LEADER,1,0,0,43,0,0,0,0,0,0,0,0,0,0,0
118020,37,bully,2058,1,0,0,43,0,602,0,1,37,115962,2058,0,44,0,0,0,LEADER,1,0,0,43,0,0,0,0,0,0,0,0,0,0,0
118656,13,bully,1774,1,0,0,43,0,602,0,1,13,116882,1774,0,44,0,0,0,LEADER,1,0,0,43,0,0,0,0,0,0,0,0,0,0,0
117817,20,bully,1855,1,0,0,43,0,602,0,1,20,115962,1855,0,44,0,0,0,LEADER,1,0,0,43,0,0,0,0,0,0,0,0,0,0,0
118449,41,bully,1567,1,0,0,43,0,602,0,1,41,116882,1567,0,44,0,0,0,LEADER,1,0,0,43,0,0,0,0,0,0,0,0,0,0,0
118438,47,bully,1556,1,0,0,43,0,602,0,1,47,116882,1556,0,44,0,0,0,LEADER,1,0,0,43,0,0,0,0,0,0,0,0,0,0,0
118264,95,bully,2301,1,0,0,43,0,602,0,1,95,115963,2301,0,44,0,0,0,LEADER,1,0,0,43,0,0,0,0,0,0,0,0,0,0,0
118127,98,bully,2165,1,0,0,43,0,602,0,1,98,115962,2165,0,44,0,0,0,LEADER,1,0,0,43,0,0,0,0,0,0,0,0,0,0,0
118311,73,bully,2349,1,0,0,43,0,602,0,1,73,115962,2349,0,44,0,0,0,LEADER,1,0,0,43,0,0,0,0,0,0,0,0,0,0,0
118634,33,bully,1752,1,0,0,43,0,602,0,1,33,116882,1752,0,44,0,0,0,LEADER,1,0,0,43,0,0,0,0,0,0,0,0,0,0,0
118604,97,bully,1722,1,0,0,43,0,602,0,1,97,116882,1722,0,44,0,0,0,LEADER,1,0,0,43,0,0,0,0,0,0,0,0,0,0,0
117857,61,bully,1895,1,0,0,43,0,602,0,1,61,115962,1895,0,44,0,0,0,LEADER,1,0,0,43,0,0,0,0,0,0,0,0,0,0,0
118804,40,bully,1922,1,0,0,43,0,602,0,1,40,116882,1922,0,44,0,0,0,LEADER,1,0,0,43,0,0,0,0,0,0,0,0,0,0,0
118293,31,bully,2331,1,0,0,43,0,602,0,1,31,115962,2331,0,44,0,0,0,LEADER,1,0,0,43,0,0,0,0,0,0,0,0,0,0,0
118794,29,bully,1910,1,0,0,43,0,602,0,1,29,116884,1910,0,44,0,0,0,LEADER,1,0,0,43,0,0,0,0,0,0,0,0,0,0,0
118623,96,bully,1744,1,0,0,43,0,602,0,1,96,116879,1744,0,44,0,0,0,LEADER,1,0,0,43,0,0,0,0,0,0,0,0,0,0,0
118707,84,bully,1825,1,0,0,43,0,602,0,1,84,116882,1825,0,44,0,0,0,LEADER,1,0,0,43,0,0,0,0,0,0,0,0,0,0,0
118401,80,bully,1519,1,0,0,43,0,602,0,1,80,116882,1519,0,44,0,0,0,LEADER,1,0,0,43,0,0,0,0,0,0,0,0,0,0,0
118245,53,bully,2283,1,0,0,43,0,602,0,1,53,115962,2283,0,44,0,0,0,LEADER,1,0,0,43,0,0,0,0,0,0,0,0,0,0,0
118320,92,bully,1438,1,0,0,43,0,602,0,1,92,116882,1438,0,44,0,0,0,LEADER,1,0,0,43,0,0,0,0,0,0,0,0,0,0,0
118756,62,bully,1874,1,0,0,43,0,602,0,1,62,116882,1874,0,44,0,0,0,LEADER,1,0,0,43,0,0,0,0,0,0,0,0,0,0,0
118497,91,bully,1619,1,0,0,43,0,602,0,1,91,116878,1619,0,44,0,0,0,LEADER,1,0,0,43,0,0,0,0,0,0,0,0,0,0,0
118453,15,bully,1571,1,0,0,43,0,602,0,1,15,116882,1571,0,44,0,0,0,LEADER,1,0,0,43,0,0,0,0,0,0,0,0,0,0,0
118123,26,bully,2161,1,0,0,43,0,602,0,1,26,115962,2161,0,44,0,0,0,LEADER,1,0,0,43,0,0,0,0,0,0,0,0,0,0,0
118859,49,bully,1977,1,0,0,43,0,602,0,1,49,116882,1977,0,44,0,0,0,LEADER,1,0,0,43,0,0,0,0,0,0,0,0,0,0,0
118674,58,bully,1792,1,0,0,43,0,602,0,1,58,116882,1792,0,44,0,0,0,LEADER,1,0,0,43,0,0,0,0,0,0,0,0,0,0,0
118208,86,bully,2246,1,0,0,43,0,602,0,1,86,115962,2246,0,44,0,0,0,LEADER,1,0,0,43,0,0,0,0,0,0,0,0,0,0,0
118381,50,bully,2419,1,0,0,43,0,602,0,1,50,115962,2419,0,44,0,0,0,LEADER,1,0,0,43,0,0,0,0,0,0,0,0,0,0,0
118233,85,bully,2268,1,0,0,43,0,602,0,1,85,115965,2268,0,44,0,0,0,LEADER,1,0,0,43,0,0,0,0,0,0,0,0,0,0,0
118172,87,bully,2212,1,0,0,43,0,602,0,1,87,115960,2212,0,44,0,0,0,LEADER,1,0,0,43,0,0,0,0,0,0,0,0,0,0,0
118378,64,bully,2416,1,0,0,43,0,602,0,1,64,115962,2416,0,44,0,0,0,LEADER,1,0,0,43,0,0,0,0,0,0,0,0,0,0,0
118316,18,bully,1434,1,0,0,43,0,602,0,1,18,116882,1434,0,44,0,0,0,LEADER,1,0,0,43,0,0,0,0,0,0,0,0,0,0,0
118227,11,bully,2264,1,0,0,43,0,602,0,1,11,115963,2264,0,44,0,0,0,LEADER,1,0,0,43,0,0,0,0,0,0,0,0,0,0,0
118435,90,bully,1553,1,0,0,43,0,602,0,1,90,116882,1553,0,44,0,0,0,LEADER,1,0,0,43,0,0,0,0,0,0,0,0,0,0,0
118329,35,bully,1447,1,0,0,43,0,602,0,1,35,116882,1447,0,44,0,0,0,LEADER,1,0,0,43,0,0,0,0,0,0,0,0,0,0,0
118211,43,bully,2249,1,0,0,43,0,602,0,1,43,115962,2249,0,44,0,0,0,LEADER,1,0,0,43,0,0,0,0,0,0,0,0,0,0,0
118349,28,bully,1467,1,0,0,43,0,602,0,1,28,116882,1467,0,44,0,0,0,LEADER,1,0,0,43,0,0,0,0,0,0,0,0,0,0,0
118188,44,bully,2228,1,0,0,43,0,602,0,1,44,115960,2228,0,44,0,0,0,LEADER,1,0,0,43,0,0,0,0,0,0,0,0,0,0,0
119023,23,bully,2141,1,0,0,43,0,602,0,1,23,116882,2141,0,44,0,0,0,LEADER,1,0,0,43,0,0,0,0,0,0,0,0,0,0,0
118343,30,bully,1461,1,0,0,43,0,602,0,1,30,116882,1461,0,44,0,0,0,LEADER,1,0,0,43,0,0,0,0,0,0,0,0,0,0,0
118741,94,bully,1859,1,0,0,43,0,602,0,1,94,116882,1859,0,44,0,0,0,LEADER,1,0,0,43,0,0,0,0,0,0,0,0,0,0,0
118383,38,bully,1501,1,0,0,43,0,602,0,1,38,116882,1501,0,44,0,0,0,LEADER,1,0,0,43,0,0,0,0,0,0,0,0,0,0,0
119062,66,bully,2180,1,0,0,43,0,602,0,1,66,116882,2180,0,44,0,0,0,LEADER,1,0,0,43,0,0,0,0,0,0,0,0,0,0,0
118368,70,bully,1486,1,0,0,43,0,602,0,1,70,116882,1486,0,44,0,0,0,LEADER,1,0,0,43,0,0,0,0,0,0,0,0,0,0,0
119013,88,bully,2131,1,0,0,43,0,602,0,1,88,116882,2131,0,44,0,0,0,LEADER,1,0,0,43,0,0,0,0,0,0,0,0,0,0,0
118197,75,bully,2235,1,0,0,43,0,602,0,1,75,115962,2235,0,44,0,0,0,LEADER,1,0,0,43,0,0,0,0,0,0,0,0,0,0,0
118207,12,bully,2243,1,0,0,43,0,602,0,1,12,115964,2243,0,44,0,0,0,LEADER,1,0,0,43,0,0,0,0,0,0,0,0,0,0,0
118907,27,bully,2025,1,0,0,43,0,602,0,1,27,116882,2025,0,44,0,0,0,LEADER,1,0,0,43,0,0,0,0,0,0,0,0,0,0,0
118396,42,bully,1514,1,0,0,43,0,602,0,1,42,116882,1514,0,44,0,0,0,LEADER,1,0,0,43,0,0,0,0,0,0,0,0,0,0,0
119043,24,bully,2161,1,0,0,43,0,602,0,1,24,116882,2161,0,44,0,0,0,LEADER,1,0,0,43,0,0,0,0,0,0,0,0,0,0,0
118995,46,bully,2113,1,0,0,43,0,602,0,1,46,116882,2113,0,44,0,0,0,LEADER,1,0,0,43,0,0,0,0,0,0,0,0,0,0,0
118519,34,bully,1637,1,0,0,43,0,602,0,1,34,116882,1637,0,44,0,0,0,LEADER,1,0,0,43,0,0,0,0,0,0,0,0,0,0,0
118892,59,bully,2010,1,0,0,43,0,602,0,1,59,116882,2010,0,44,0,0,0,LEADER,1,0,0,43,0,0,0,0,0,0,0,0,0,0,0
119174,32,bully,2292,1,0,0,43,0,602,0,1,32,116882,2292,0,44,0,0,0,LEADER,1,0,0,43,0,0,0,0,0,0,0,0,0,0,0
118789,72,bully,1907,1,0,0,43,0,602,0,1,72,116882,1907,0,44,0,0,0,LEADER,1,0,0,43,0,0,0,0,0,0,0,0,0,0,0
119201,63,bully,2316,1,0,0,43,0,602,0,1,63,116885,2316,0,44,0,0,0,LEADER,1,0,0,43,0,0,0,0,0,0,0,0,0,0,0
118674,74,bully,1792,1,0,0,43,0,602,0,1,74,116882,1792,0,44,0,0,0,LEADER,1,0,0,43,0,0,0,0,0,0,0,0,0,0,0
118416,48,bully,1534,1,0,0,43,0,602,0,1,48,116882,1534,0,44,0,0,0,LEADER,1,0,0,43,0,0,0,0,0,0,0,0,0,0,0
118877,57,bully,1995,1,0,0,43,0,602,0,1,57,116882,1995,0,44,0,0,0,LEADER,1,0,0,43,0,0,0,0,0,0,0,0,0,0,0
118947,68,bully,2065,1,0,0,43,0,602,0,1,68,116882,2065,0,44,0,0,0,LEADER,1,0,0,43,0,0,0,0,0,0,0,0,0,0,0
118348,45,bully,1466,1,0,0,43,0,602,0,1,45,116882,1466,0,44,0,0,0,LEADER,1,0,0,43,0,0,0,0,0,0,0,0,0,0,0
118705,93,bully,1823,1,0,0,43,0,602,0,1,93,116882,1823,0,44,0,0,0,LEADER,1,0,0,43,0,0,0,0,0,0,0,0,0,0,0
119286,82,bully,2404,1,0,0,43,0,602,0,1,82,116882,2404,0,44,0,0,0,LEADER,1,0,0,43,0,0,0,0,0,0,0,0,0,0,0
119280,51,bully,2398,1,0,0,43,0,602,0,1,51,116882,2398,0,44,0,0,0,LEADER,1,0,0,43,0,0,0,0,0,0,0,0,0,0,0
118825,39,bully,1943,1,0,0,43,0,602,0,1,39,116882,1943,0,44,0,0,0,LEADER,1,0,0,43,0,0,0,0,0,0,0,0,0,0,0
118571,78,bully,1689,1,0,0,43,0,602,0,1,78,116882,1689,0,44,0,0,0,LEADER,1,0,0,43,0,0,0,0,0,0,0,0,0,0,0
118959,79,bully,2077,1,0,0,43,0,602,0,1,79,116882,2077,0,44,0,0,0,LEADER,1,0,0,43,0,0,0,0,0,0,0,0,0,0,0
118534,14,bully,1652,1,0,0,43,0,602,0,1,14,116882,1652,0,44,0,0,0,LEADER,1,0,0,43,0,0,0,0,0,0,0,0,0,0,0
118961,36,bully,2080,1,0,0,43,0,602,0,1,36,116881,2080,0,44,0,0,0,LEADER,1,0,0,43,0,0,0,0,0,0,0,0,0,0,0
118844,81,bully,1962,1,0,0,43,0,602,0,1,81,116882,1962,0,44,0,0,0,LEADER,1,0,0,43,0,0,0,0,0,0,0,0,0,0,0
118504,67,bully,1622,1,0,0,43,0,602,0,1,67,116882,1622,0,44,0,0,0,LEADER,1,0,0,43,0,0,0,0,0,0,0,0,0,0,0
119265,83,bully,2383,1,0,0,43,0,602,0,1,83,116882,2383,0,44,0,0,0,LEADER,1,0,0,43,0,0,0,0,0,0,0,0,0,0,0
119409,99,bully,1607,1,0,0,43,0,602,0,1,99,117802,1607,0,44,0,0,0,LEADER,1,0,0,43,0,0,0,0,0,0,0,0,0,0,0
118586,55,bully,1704,1,0,0,43,0,602,0,1,55,116882,1704,0,44,0,0,0,LEADER,1,0,0,43,0,0,0,0,0,0,0,0,0,0,0
119376,89,bully,1574,1,0,0,43,0,602,0,1,89,117802,1574,0,44,0,0,0,LEADER,1,0,0,43,0,0,0,0,0,0,0,0,0,0,0
118538,77,bully,1656,1,0,0,43,0,602,0,1,77,116882,1656,0,44,0,0,0,LEADER,1,0,0,43,0,0,0,0,0,0,0,0,0,0,0
118810,71,bully,1928,1,0,0,43,0,602,0,1,71,116882,1928,0,44,0,0,0,LEADER,1,0,0,43,0,0,0,0,0,0,0,0,0,0,0
118722,52,bully,1840,1,0,0,43,0,602,0,1,52,116882,1840,0,44,0,0,0,LEADER,1,0,0,43,0,0,0,0,0,0,0,0,0,0,0
119090,76,bully,2213,1,0,0,43,0,602,0,1,76,116877,2213,0,44,0,0,0,LEADER,1,0,0,43,0,0,0,0,0,0,0,0,0,0,0
118689,10,bully,1807,1,0,0,43,0,602,0,1,10,116882,1807,0,44,0,0,0,LEADER,1,0,0,43,0,0,0,0,0,0,0,0,0,0,0
118622,22,bully,1740,1,0,0,43,0,602,0,1,22,116882,1740,0,44,0,0,0,LEADER,1,0,0,43,0,0,0,0,0,0,0,0,0,0,0
118770,21,bully,1889,1,0,0,43,0,602,0,1,21,116881,1889,0,44,0,0,0,LEADER,1,0,0,43,0,0,0,0,0,0,0,0,0,0,0
119028,56,bully,2146,1,0,0,43,0,602,0,1,56,116882,2146,0,44,0,0,0,LEADER,1,0,0,43,0,0,0,0,0,0,0,0,0,0,0
118553,60,bully,1671,1,0,0,43,0,602,0,1,60,116882,1671,0,44,0,0,0,LEADER,1,0,0,43,0,0,0,0,0,0,0,0,0,0,0
119406,25,bully,1604,1,0,0,43,0,602,0,1,25,117802,1604,0,44,0,0,0,LEADER,1,0,0,43,0,0,0,0,0,0,0,0,0,0,0
118619,65,bully,1737,1,0,0,43,0,602,0,1,65,116882,1737,0,44,0,0,0,LEADER,1,0,0,43,0,0,0,0,0,0,0,0,0,0,0
119295,19,bully,2413,1,0,0,43,0,602,0,1,19,116882,2413,0,44,0,0,0,LEADER,1,0,0,43,0,0,0,0,0,0,0,0,0,0,0
118925,69,bully,2043,1,0,0,43,0,602,0,1,69,116882,2043,0,44,0,0,0,LEADER,1,0,0,43,0,0,0,0,0,0,0,0,0,0,0
119527,54,bully,1725,1,0,0,43,0,602,0,1,54,117802,1725,0,44,0,0,0,LEADER,1,0,0,43,0,0,0,0,0,0,0,0,0,0,0
118874,17,bully,1992,1,0,0,43,0,602,0,1,17,116882,1992,0,44,0,0,0,LEADER,1,0,0,43,0,0,0,0,0,0,0,0,0,0,0
119388,100,bully,1586,1,0,0,43,0,602,0,1,100,117802,1586,0,44,0,0,0,LEADER,1,0,0,43,0,0,0,0,0,0,0,0,0,0,0
119351,16,bully,1549,1,0,0,43,0,602,0,1,16,117802,1549,0,44,0,0,0,LEADER,1,0,0,43,0,0,0,0,0,0,0,0,0,0,0
118940,37,bully,2058,1,0,0,43,0,602,0,1,37,116882,2058,0,44,0,0,0,LEADER,1,0,0,43,0,0,0,0,0,0,0,0,0,0,0
119576,13,bully,1774,1,0,0,43,0,602,0,1,13,117802,1774,0,44,0,0,0,LEADER,1,0,0,43,0,0,0,0,0,0,0,0,0,0,0
118737,20,bully,1855,1,0,0,43,0,602,0,1,20,116882,1855,0,44,0,0,0,LEADER,1,0,0,43,0,0,0,0,0,0,0,0,0,0,0
119369,41,bully,1567,1,0,0,43,0,602,0,1,41,117802,1567,0,44,0,0,0,LEADER,1,0,0,43,0,0,0,0,0,0,0,0,0,0,0
119358,47,bully,1556,1,0,0,43,0,602,0,1,47,117802,1556,0,44,0,0,0,LEADER,1,0,0,43,0,0,0,0,0,0,0,0,0,0,0
119184,95,bully,2301,1,0,0,43,0,602,0,1,95,116883,2301,0,44,0,0,0,LEADER,1,0,0,43,0,0,0,0,0,0,0,0,0,0,0
119047,98,bully,2165,1,0,0,43,0,602,0,1,98,116882,2165,0,44,0,0,0,LEADER,1,0,0,43,0,0,0,0,0,0,0,0,0,0,0
119231,73,bully,2349,1,0,0,43,0,602,0,1,73,116882,2349,0,44,0,0,0,LEADER,1,0,0,43,0,0,0,0,0,0,0,0,0,0,0
119554,33,bully,1752,1,0,0,43,0,602,0,1,33,117802,1752,0,44,0,0,0,LEADER,1,0,0,43,0,0,0,0,0,0,0,0,0,0,0
119524,97,bully,1722,1,0,0,43,0,602,0,1,97,117802,1722,0,44,0,0,0,LEADER,1,0,0,43,0,0,0,0,0,0,0,0,0,0,0
118777,61,bully,1895,1,0,0,43,0,602,0,1,61,116882,1895,0,44,0,0,0,LEADER,1,0,0,43,0,0,0,0,0,0,0,0,0,0,0
119724,40,bully,1922,1,0,0,43,0,602,0,1,40,117802,1922,0,44,0,0,0,LEADER,1,0,0,43,0,0,0,0,0,0,0,0,0,0,0
119213,31,bully,2331,1,0,0,43,0,602,0,1,31,116882,2331,0,44,0,0,0,LEADER,1,0,0,43,0,0,0,0,0,0,0,0,0,0,0
119714,29,bully,1910,1,0,0,43,0,602,0,1,29,117804,1910,0,44,0,0,0,LEADER,1,0,0,43,0,0,0,0,0,0,0,0,0,0,0
119543,96,bully,1744,1,0,0,43,0,602,0,1,96,117799,1744,0,44,0,0,0,LEADER,1,0,0,43,0,0,0,0,0,0,0,0,0,0,0
119627,84,bully,1825,1,0,0,43,0,602,0,1,84,117802,1825,0,44,0,0,0,LEADER,1,0,0,43,0,0,0,0,0,0,0,0,0,0,0
119321,80,bully,1519,1,0,0,43,0,602,0,1,80,117802,1519,0,44,0,0,0,LEADER,1,0,0,43,0,0,0,0,0,0,0,0,0,0,0
119165,53,bully,2283,1,0,0,43,0,602,0,1,53,116882,2283,0,44,0,0,0,LEADER,1,0,0,43,0,0,0,0,0,0,0,0,0,0,0
119240,92,bully,1438,1,0,0,43,0,602,0,1,92,117802,1438,0,44,0,0,0,LEADER,1,0,0,43,0,0,0,0,0,0,0,0,0,0,0
119676,62,bully,1874,1,0,0,43,0,602,0,1,62,117802,1874,0,44,0,0,0,LEADER,1,0,0,43,0,0,0,0,0,0,0,0,0,0,0
119417,91,bully,1619,1,0,0,43,0,602,0,1,91,117798,1619,0,44,0,0,0,LEADER,1,0,0,43,0,0,0,0,0,0,0,0,0,0,0
119373,15,bully,1571,1,0,0,43,0,602,0,1,15,117802,1571,0,44,0,0,0,LEADER,1,0,0,43,0,0,0,0,0,0,0,0,0,0,0
119043,26,bully,2161,1,0,0,43,0,602,0,1,26,116882,2161,0,44,0,0,0,LEADER,1,0,0,43,0,0,0,0,0,0,0,0,0,0,0
119779,49,bully,1977,1,0,0,43,0,602,0,1,49,117802,1977,0,44,0,0,0,LEADER,1,0,0,43,0,0,0,0,0,0,0,0,0,0,0
119594,58,bully,1792,1,0,0,43,0,602,0,1,58,117802,1792,0,44,0,0,0,LEADER,1,0,0,43,0,0,0,0,0,0,0,0,0,0,0
119128,86,bully,2246,1,0,0,43,0,602,0,1,86,116882,2246,0,44,0,0,0,LEADER,1,0,0,43,0,0,0,0,0,0,0,0,0,0,0
119301,50,bully,2419,1,0,0,43,0,602,0,1,50,116882,2419,0,44,0,0,0,LEADER,1,0,0,43,0,0,0,0,0,0,0,0,0,0,0
119153,85,bully,2268,1,0,0,43,0,602,0,1,85,116885,2268,0,44,0,0,0,LEADER,1,0,0,43,0,0,0,0,0,0,0,0,0,0,0
119092,87,bully,2212,1,0,0,43,0,602,0,1,87,116880,2212,0,44,0,0,0,LEADER,1,0,0,43,0,0,0,0,0,0,0,0,0,0,0
119298,64,bully,2416,1,0,0,43,0,602,0,1,64,116882,2416,0,44,0,0,0,LEADER,1,0,0,43,0,0,0,0,0,0,0,0,0,0,0
119236,18,bully,1434,1,0,0,43,0,602,0,1,18,117802,1434,0,44,0,0,0,LEADER,1,0,0,43,0,0,0,0,0,0,0,0,0,0,0
119147,11,bully,2264,1,0,0,43,0,602,0,1,11,116883,2264,0,44,0,0,0,LEADER,1,0,0,43,0,0,0,0,0,0,0,0,0,0,0
119355,90,bully,1553,1,0,0,43,0,602,0,1,90,117802,1553,0,44,0,0,0,LEADER,1,0,0,43,0,0,0,0,0,0,0,0,0,0,0
119249,35,bully,1447,1,0,0,43,0,602,0,1,35,117802,1447,0,44,0,0,0,LEADER,1,0,0,43,0,0,0,0,0,0,0,0,0,0,0
119131,43,bully,2249,1,0,0,43,0,602,0,1,43,116882,2249,0,44,0,0,0,LEADER,1,0,0,43,0,0,0,0,0,0,0,0,0,0,0
119269,28,bully,1467,1,0,0,43,0,602,0,1,28,117802,1467,0,44,0,0,0,LEADER,1,0,0,43,0,0,0,0,0,0,0,0,0,0,0
119108,44,bully,2228,1,0,0,43,0,602,0,1,44,116880,2228,0,44,0,0,0,LEADER,1,0,0,43,0,0,0,0,0,0,0,0,0,0,0
119943,23,bully,2141,1,0,0,43,0,602,0,1,23,117802,2141,0,44,0,0,0,LEADER,1,0,0,43,0,0,0,0,0,0,0,0,0,0,0
119263,30,bully,1461,1,0,0,43,0,602,0,1,30,117802,1461,0,44,0,0,0,LEADER,1,0,0,43,0,0,0,0,0,0,0,0,0,0,0
119661,94,bully,1859,1,0,0,43,0,602,0,1,94,117802,1859,0,44,0,0,0,LEADER,1,0,0,43,0,0,0,0,0,0,0,0,0,0,0
119303,38,bully,1501,1,0,0,43,0,602,0,1,38,117802,1501,0,44,0,0,0,LEADER,1,0,0,43,0,0,0,0,0,0,0,0,0,0,0
119982,66,bully,2180,1,0,0,43,0,602,0,1,66,117802,2180,0,44,0,0,0,LEADER,1,0,0,43,0,0,0,0,0,0,0,0,0,0,0
119288,70,bully,1486,1,0,0,43,0,602,0,1,70,117802,1486,0,44,0,0,0,LEADER,1,0,0,43,0,0,0,0,0,0,0,0,0,0,0
119933,88,bully,2131,1,0,0,43,0,602,0,1,88,117802,2131,0,44,0,0,0,LEADER,1,0,0,43,0,0,0,0,0,0,0,0,0,0,0
119117,75,bully,2235,1,0,0,43,0,602,0,1,75,116882,2235,0,44,0,0,0,LEADER,1,0,0,43,0,0,0,0,0,0,0,0,0,0,0
119127,12,bully,2243,1,0,0,43,0,602,0,1,12,116884,2243,0,44,0,0,0,LEADER,1,0,0,43,0,0,0,0,0,0,0,0,0,0,0
119827,27,bully,2025,1,0,0,43,0,602,0,1,27,117802,2025,0,44,0,0,0,LEADER,1,0,0,43,0,0,0,0,0,0,0,0,0,0,0
119316,42,bully,1514,1,0,0,43,0,602,0,1,42,117802,1514,0,44,0,0,0,LEADER,1,0,0,43,0,0,0,0,0,0,0,0,0,0,0
119963,24,bully,2161,1,0,0,43,0,602,0,1,24,117802,2161,0,44,0,0,0,LEADER,1,0,0,43,0,0,0,0,0,0,0,0,0,0,0
119915,46,bully,2113,1,0,0,43,0,602,0,1,46,117802,2113,0,44,0,0,0,LEADER,1,0,0,43,0,0,0,0,0,0,0,0,0,0,0
119812,59,bully,2010,1,0,0,43,0,602,0,1,59,117802,2010,0,44,0,0,0,LEADER,1,0,0,43,0,0,0,0,0,0,0,0,0,0,0
119439,34,bully,1637,1,0,0,43,0,602,0,1,34,117802,1637,0,44,0,0,0,LEADER,1,0,0,43,0,0,0,0,0,0,0,0,0,0,0
120094,32,bully,2292,1,0,0,43,0,602,0,1,32,117802,2292,0,44,0,0,0,LEADER,1,0,0,43,0,0,0,0,0,0,0,0,0,0,0
119709,72,bully,1907,1,0,0,43,0,602,0,1,72,117802,1907,0,44,0,0,0,LEADER,1,0,0,43,0,0,0,0,0,0,0,0,0,0,0
120121,63,bully,2316,1,0,0,43,0,602,0,1,63,117805,2316,0,44,0,0,0,LEADER,1,0,0,43,0,0,0,0,0,0,0,0,0,0,0
119594,74,bully,1792,1,0,0,43,0,602,0,1,74,117802,1792,0,44,0,0,0,LEADER,1,0,0,43,0,0,0,0,0,0,0,0,0,0,0
119336,48,bully,1534,1,0,0,43,0,602,0,1,48,117802,1534,0,44,0,0,0,LEADER,1,0,0,43,0,0,0,0,0,0,0,0,0,0,0
119797,57,bully,1995,1,0,0,43,0,602,0,1,57,117802,1995,0,44,0,0,0,LEADER,1,0,0,43,0,0,0,0,0,0,0,0,0,0,0
119867,68,bully,2065,1,0,0,43,0,602,0,1,68,117802,2065,0,44,0,0,0,LEADER,1,0,0,43,0,0,0,0,0,0,0,0,0,0,0
119268,45,bully,1466,1,0,0,43,0,602,0,1,45,117802,1466,0,44,0,0,0,LEADER,1,0,0,43,0,0,0,0,0,0,0,0,0,0,0
119625,93,bully,1823,1,0,0,43,0,602,0,1,93,117802,1823,0,44,0,0,0,LEADER,1,0,0,43,0,0,0,0,0,0,0,0,0,0,0
120206,82,bully,2404,1,0,0,43,0,602,0,1,82,117802,2404,0,44,0,0,0,LEADER,1,0,0,43,0,0,0,0,0,0,0,0,0,0,0
120200,51,bully,2398,1,0,0,43,0,602,0,1,51,117802,2398,0,44,0,0,0,LEADER,1,0,0,43,0,0,0,0,0,0,0,0,0,0,0
119745,39,bully,1943,1,0,0,43,0,602,0,1,39,117802,1943,0,44,0,0,0,LEADER,1,0,0,43,0,0,0,0,0,0,0,0,0,0,0
119491,78,bully,1689,1,0,0,43,0,602,0,1,78,117802,1689,0,44,0,0,0,LEADER,1,0,0,43,0,0,0,0,0,0,0,0,0,0,0
119879,79,bully,2077,1,0,0,43,0,602,0,1,79,117802,2077,0,44,0,0,0,LEADER,1,0,0,43,0,0,0,0,0,0,0,0,0,0,0
119454,14,bully,1652,1,0,0,43,0,602,0,1,14,117802,1652,0,44,0,0,0,LEADER,1,0,0,43,0,0,0,0,0,0,0,0,0,0,0
119881,36,bully,2080,1,0,0,43,0,602,0,1,36,117801,2080,0,44,0,0,0,LEADER,1,0,0,43,0,0,0,0,0,0,0,0,0,0,0
119764,81,bully,1962,1,0,0,43,0,602,0,1,81,117802,1962,0,44,0,0,0,LEADER,1,0,0,43,0,0,0,0,0,0,0,0,0,0,0
119424,67,bully,1622,1,0,0,43,0,602,0,1,67,117802,1622,0,44,0,0,0,LEADER,1,0,0,43,0,0,0,0,0,0,0,0,0,0,0
120185,83,bully,2383,1,0,0,43,0,602,0,1,83,117802,2383,0,44,0,0,0,LEADER,1,0,0,43,0,0,0,0,0,0,0,0,0,0,0
120330,99,bully,1607,1,0,0,44,0,616,0,1,99,118723,1607,0,45,0,0,0,LEADER,1,0,0,44,0,0,0,0,0,0,0,0,0,0,0
119506,55,bully,1704,1,0,0,43,0,602,0,1,55,117802,1704,0,44,0,0,0,LEADER,1,0,0,43,0,0,0,0,0,0,0,0,0,0,0
120297,89,bully,1574,1,0,0,44,0,616,0,1,89,118723,1574,0,45,0,0,0,LEADER,1,0,0,44,0,0,0,0,0,0,0,0,0,0,0
119458,77,bully,1656,1,0,0,43,0,602,0,1,77,117802,1656,0,44,0,0,0,LEADER,1,0,0,43,0,0,0,0,0,0,0,0,0,0,0
119730,71,bully,1928,1,0,0,43,0,602,0,1,71,117802,1928,0,44,0,0,0,LEADER,1,0,0,43,0,0,0,0,0,0,0,0,0,0,0
119642,52,bully,1840,1,0,0,43,0,602,0,1,52,117802,1840,0,44,0,0,0,LEADER,1,0,0,43,0,0,0,0,0,0,0,0,0,0,0
120010,76,bully,2213,1,0,0,43,0,602,0,1,76,117797,2213,0,44,0,0,0,LEADER,1,0,0,43,0,0,0,0,0,0,0,0,0,0,0
119609,10,bully,1807,1,0,0,43,0,602,0,1,10,117802,1807,0,44,0,0,0,LEADER,1,0,0,43,0,0,0,0,0,0,0,0,0,0,0
119542,22,bully,1740,1,0,0,43,0,602,0,1,22,117802,1740,0,44,0,0,0,LEADER,1,0,0,43,0,0,0,0,0,0,0,0,0,0,0
119690,21,bully,1889,1,0,0,43,0,602,0,1,21,117801,1889,0,44,0,0,0,LEADER,1,0,0,43,0,0,0,0,0,0,0,0,0,0,0
119948,56,bully,2146,1,0,0,43,0,602,0,1,56,117802,2146,0,44,0,0,0,LEADER,1,0,0,43,0,0,0,0,0,0,0,0,0,0,0
119473,60,bully,1671,1,0,0,43,0,602,0,1,60,117802,1671,0,44,0,0,0,LEADER,1,0,0,43,0,0,0,0,0,0,0,0,0,0,0
120327,25,bully,1604,1,0,0,44,0,616,0,1,25,118723,1604,0,45,0,0,0,LEADER,1,0,0,44,0,0,0,0,0,0,0,0,0,0,0
119539,65,bully,1737,1,0,0,43,0,602,0,1,65,117802,1737,0,44,0,0,0,LEADER,1,0,0,43,0,0,0,0,0,0,0,0,0,0,0
120215,19,bully,2413,1,0,0,43,0,602,0,1,19,117802,2413,0,44,0,0,0,LEADER,1,0,0,43,0,0,0,0,0,0,0,0,0,0,0
119845,69,bully,2043,1,0,0,43,0,602,0,1,69,117802,2043,0,44,0,0,0,LEADER,1,0,0,43,0,0,0,0,0,0,0,0,0,0,0
120448,54,bully,1725,1,0,0,44,0,616,0,1,54,118723,1725,0,45,0,0,0,LEADER,1,0,0,44,0,0,0,0,0,0,0,0,0,0,0
119794,17,bully,1992,1,0,0,43,0,602,0,1,17,117802,1992,0,44,0,0,0,LEADER,1,0,0,43,0,0,0,0,0,0,0,0,0,0,0
120309,100,bully,1586,1,0,0,44,0,616,0,1,100,118723,1586,0,45,0,0,0,LEADER,1,0,0,44,0,0,0,0,0,0,0,0,0,0,0
120272,16,bully,1549,1,0,0,44,0,616,0,1,16,118723,1549,0,45,0,0,0,LEADER,1,0,0,44,0,0,0,0,0,0,0,0,0,0,0
119860,37,bully,2058,1,0,0,43,0,602,0,1,37,117802,2058,0,44,0,0,0,LEADER,1,0,0,43,0,0,0,0,0,0,0,0,0,0,0
120497,13,bully,1774,1,0,0,44,0,616,0,1,13,118723,1774,0,45,0,0,0,LEADER,1,0,0,44,0,0,0,0,0,0,0,0,0,0,0
119657,20,bully,1855,1,0,0,43,0,602,0,1,20,117802,1855,0,44,0,0,0,LEADER,1,0,0,43,0,0,0,0,0,0,0,0,0,0,0
120290,41,bully,1567,1,0,0,44,0,616,0,1,41,118723,1567,0,45,0,0,0,LEADER,1,0,0,44,0,0,0,0,0,0,0,0,0,0,0
120279,47,bully,1556,1,0,0,44,0,616,0,1,47,118723,1556,0,45,0,0,0,LEADER,1,0,0,44,0,0,0,0,0,0,0,0,0,0,0
120104,95,bully,2301,1,0,0,43,0,602,0,1,95,117803,2301,0,44,0,0,0,LEADER,1,0,0,43,0,0,0,0,0,0,0,0,0,0,0
119967,98,bully,2165,1,0,0,43,0,602,0,1,98,117802,2165,0,44,0,0,0,LEADER,1,0,0,43,0,0,0,0,0,0,0,0,0,0,0
120151,73,bully,2349,1,0,0,43,0,602,0,1,73,117802,2349,0,44,0,0,0,LEADER,1,0,0,43,0,0,0,0,0,0,0,0,0,0,0
119697,61,bully,1895,1,0,0,43,0,602,0,1,61,117802,1895,0,44,0,0,0,LEADER,1,0,0,43,0,0,0,0,0,0,0,0,0,0,0
120445,97,bully,1722,1,0,0,44,0,616,0,1,97,118723,1722,0,45,0,0,0,LEADER,1,0,0,44,0,0,0,0,0,0,0,0,0,0,0
120475,33,bully,1752,1,0,0,44,0,616,0,1,33,118723,1752,0,45,0,0,0,LEADER,1,0,0,44,0,0,0,0,0,0,0,0,0,0,0
120133,31,bully,2331,1,0,0,43,0,602,0,1,31,117802,2331,0,44,0,0,0,LEADER,1,0,0,43,0,0,0,0,0,0,0,0,0,0,0
120645,40,bully,1922,1,0,0,44,0,616,0,1,40,118723,1922,0,45,0,0,0,LEADER,1,0,0,44,0,0,0,0,0,0,0,0,0,0,0
120635,29,bully,1910,1,0,0,44,0,616,0,1,29,118725,1910,0,45,0,0,0,LEADER,1,0,0,44,0,0,0,0,0,0,0,0,0,0,0
120464,96,bully,1744,1,0,0,44,0,616,0,1,96,118720,1744,0,45,0,0,0,LEADER,1,0,0,44,0,0,0,0,0,0,0,0,0,0,0
120548,84,bully,1825,1,0,0,44,0,616,0,1,84,118723,1825,0,45,0,0,0,LEADER,1,0,0,44,0,0,0,0,0,0,0,0,0,0,0
120242,80,bully,1519,1,0,0,44,0,616,0,1,80,118723,1519,0,45,0,0,0,LEADER,1,0,0,44,0,0,0,0,0,0,0,0,0,0,0
120085,53,bully,2283,1,0,0,43,0,602,0,1,53,117802,2283,0,44,0,0,0,LEADER,1,0,0,43,0,0,0,0,0,0,0,0,0,0,0
120264,6,bully,1516,1,0,0,9,26,126,364,3,7,118748,1516,0,5,0,0,0,NORMAL,0,0,0,9,0,0,0,26,0,0,0,0,0,0,0
120161,92,bully,1438,1,0,0,44,0,616,0,1,92,118723,1438,0,45,0,0,0,LEADER,1,0,0,44,0,0,0,0,0,0,0,0,0,0,0
120597,62,bully,1874,1,0,0,44,0,616,0,1,62,118723,1874,0,45,0,0,0,LEADER,1,0,0,44,0,0,0,0,0,0,0,0,0,0,0
120338,91,bully,1619,1,0,0,44,0,616,0,1,91,118719,1619,0,45,0,0,0,LEADER,1,0,0,44,0,0,0,0,0,0,0,0,0,0,0
120294,15,bully,1571,1,0,0,44,0,616,0,1,15,118723,1571,0,45,0,0,0,LEADER,1,0,0,44,0,0,0,0,0,0,0,0,0,0,0
119963,26,bully,2161,1,0,0,43,0,602,0,1,26,117802,2161,0,44,0,0,0,LEADER,1,0,0,43,0,0,0,0,0,0,0,0,0,0,0
120700,49,bully,1977,1,0,0,44,0,616,0,1,49,118723,1977,0,45,0,0,0,LEADER,1,0,0,44,0,0,0,0,0,0,0,0,0,0,0
120515,58,bully,1792,1,0,0,44,0,616,0,1,58,118723,1792,0,45,0,0,0,LEADER,1,0,0,44,0,0,0,0,0,0,0,0,0,0,0
120048,86,bully,2246,1,0,0,43,0,602,0,1,86,117802,2246,0,44,0,0,0,LEADER,1,0,0,43,0,0,0,0,0,0,0,0,0,0,0
120221,50,bully,2419,1,0,0,43,0,602,0,1,50,117802,2419,0,44,0,0,0,LEADER,1,0,0,43,0,0,0,0,0,0,0,0,0,0,0
120073,85,bully,2268,1,0,0,43,0,602,0,1,85,117805,2268,0,44,0,0,0,LEADER,1,0,0,43,0,0,0,0,0,0,0,0,0,0,0
120012,87,bully,2212,1,0,0,43,0,602,0,1,87,117800,2212,0,44,0,0,0,LEADER,1,0,0,43,0,0,0,0,0,0,0,0,0,0,0
120218,64,bully,2416,1,0,0,43,0,602,0,1,64,117802,2416,0,44,0,0,0,LEADER,1,0,0,43,0,0,0,0,0,0,0,0,0,0,0
120157,18,bully,1434,1,0,0,44,0,616,0,1,18,118723,1434,0,45,0,0,0,LEADER,1,0,0,44,0,0,0,0,0,0,0,0,0,0,0
120067,11,bully,2264,1,0,0,43,0,602,0,1,11,117803,2264,0,44,0,0,0,LEADER,1,0,0,43,0,0,0,0,0,0,0,0,0,0,0
120276,90,bully,1553,1,0,0,44,0,616,0,1,90,118723,1553,0,45,0,0,0,LEADER,1,0,0,44,0,0,0,0,0,0,0,0,0,0,0
120170,35,bully,1447,1,0,0,44,0,616,0,1,35,118723,1447,0,45,0,0,0,LEADER,1,0,0,44,0,0,0,0,0,0,0,0,0,0,0
120051,43,bully,2249,1,0,0,43,0,602,0,1,43,117802,2249,0,44,0,0,0,LEADER,1,0,0,43,0,0,0,0,0,0,0,0,0,0,0
120190,28,bully,1467,1,0,0,44,0,616,0,1,28,118723,1467,0,45,0,0,0,LEADER,1,0,0,44,0,0,0,0,0,0,0,0,0,0,0
120028,44,bully,2228,1,0,0,43,0,602,0,1,44,117800,2228,0,44,0,0,0,LEADER,1,0,0,43,0,0,0,0,0,0,0,0,0,0,0
120864,23,bully,2141,1,0,0,44,0,616,0,1,23,118723,2141,0,45,0,0,0,LEADER,1,0,0,44,0,0,0,0,0,0,0,0,0,0,0
120184,30,bully,1461,1,0,0,44,0,616,0,1,30,118723,1461,0,45,0,0,0,LEADER,1,0,0,44,0,0,0,0,0,0,0,0,0,0,0
120582,94,bully,1859,1,0,0,44,0,616,0,1,94,118723,1859,0,45,0,0,0,LEADER,1,0,0,44,0,0,0,0,0,0,0,0,0,0,0
120224,38,bully,1501,1,0,0,44,0,616,0,1,38,118723,1501,0,45,0,0,0,LEADER,1,0,0,44,0,0,0,0,0,0,0,0,0,0,0
120903,66,bully,2180,1,0,0,44,0,616,0,1,66,118723,2180,0,45,0,0,0,LEADER,1,0,0,44,0,0,0,0,0,0,0,0,0,0,0
120209,70,bully,1486,1,0,0,44,0,616,0,1,70,118723,1486,0,45,0,0,0,LEADER,1,0,0,44,0,0,0,0,0,0,0,0,0,0,0
120854,88,bully,2131,1,0,0,44,0,616,0,1,88,118723,2131,0,45,0,0,0,LEADER,1,0,0,44,0,0,0,0,0,0,0,0,0,0,0
120037,75,bully,2235,1,0,0,43,0,602,0,1,75,117802,2235,0,44,0,0,0,LEADER,1,0,0,43,0,0,0,0,0,0,0,0,0,0,0
120047,12,bully,2243,1,0,0,43,0,602,0,1,12,117804,2243,0,44,0,0,0,LEADER,1,0,0,43,0,0,0,0,0,0,0,0,0,0,0
120748,27,bully,2025,1,0,0,44,0,616,0,1,27,118723,2025,0,45,0,0,0,LEADER,1,0,0,44,0,0,0,0,0,0,0,0,0,0,0
120237,42,bully,1514,1,0,0,44,0,616,0,1,42,118723,1514,0,45,0,0,0,LEADER,1,0,0,44,0,0,0,0,0,0,0,0,0,0,0
120884,24,bully,2161,1,0,0,44,0,616,0,1,24,118723,2161,0,45,0,0,0,LEADER,1,0,0,44,0,0,0,0,0,0,0,0,0,0,0
120836,46,bully,2113,1,0,0,44,0,616,0,1,46,118723,2113,0,45,0,0,0,LEADER,1,0,0,44,0,0,0,0,0,0,0,0,0,0,0
120733,59,bully,2010,1,0,0,44,0,616,0,1,59,118723,2010,0,45,0,0,0,LEADER,1,0,0,44,0,0,0,0,0,0,0,0,0,0,0
120360,34,bully,1637,1,0,0,44,0,616,0,1,34,118723,1637,0,45,0,0,0,LEADER,1,0,0,44,0,0,0,0,0,0,0,0,0,0,0
121015,32,bully,2292,1,0,0,44,0,616,0,1,32,118723,2292,0,45,0,0,0,LEADER,1,0,0,44,0,0,0,0,0,0,0,0,0,0,0
120630,72,bully,1907,1,0,0,44,0,616,0,1,72,118723,1907,0,45,0,0,0,LEADER,1,0,0,44,0,0,0,0,0,0,0,0,0,0,0
120811,2,bully,2214,1,0,0,9,19,126,266,4,2,118597,2214,0,7,0,0,0,LEADER,1,0,0,9,0,0,0,19,0,0,0,0,0,0,0
121042,63,bully,2316,1,0,0,44,0,616,0,1,63,118726,2316,0,45,0,0,0,LEADER,1,0,0,44,0,0,0,0,0,0,0,0,0,0,0
120515,74,bully,1792,1,0,0,44,0,616,0,1,74,118723,1792,0,45,0,0,0,LEADER,1,0,0,44,0,0,0,0,0,0,0,0,0,0,0
120257,48,bully,1534,1,0,0,44,0,616,0,1,48,118723,1534,0,45,0,0,0,LEADER,1,0,0,44,0,0,0,0,0,0,0,0,0,0,0
120718,57,bully,1995,1,0,0,44,0,616,0,1,57,118723,1995,0,45,0,0,0,LEADER,1,0,0,44,0,0,0,0,0,0,0,0,0,0,0
120788,68,bully,2065,1,0,0,44,0,616,0,1,68,118723,2065,0,45,0,0,0,LEADER,1,0,0,44,0,0,0,0,0,0,0,0,0,0,0
120189,45,bully,1466,1,0,0,44,0,616,0,1,45,118723,1466,0,45,0,0,0,LEADER,1,0,0,44,0,0,0,0,0,0,0,0,0,0,0
120546,93,bully,1823,1,0,0,44,0,616,0,1,93,118723,1823,0,45,0,0,0,LEADER,1,0,0,44,0,0,0,0,0,0,0,0,0,0,0
121127,82,bully,2404,1,0,0,44,0,616,0,1,82,118723,2404,0,45,0,0,0,LEADER,1,0,0,44,0,0,0,0,0,0,0,0,0,0,0
121121,51,bully,2398,1,0,0,44,0,616,0,1,51,118723,2398,0,45,0,0,0,LEADER,1,0,0,44,0,0,0,0,0,0,0,0,0,0,0
120666,39,bully,1943,1,0,0,44,0,616,0,1,39,118723,1943,0,45,0,0,0,LEADER,1,0,0,44,0,0,0,0,0,0,0,0,0,0,0
120412,78,bully,1689,1,0,0,44,0,616,0,1,78,118723,1689,0,45,0,0,0,LEADER,1,0,0,44,0,0,0,0,0,0,0,0,0,0,0
120800,79,bully,2077,1,0,0,44,0,616,0,1,79,118723,2077,0,45,0,0,0,LEADER,1,0,0,44,0,0,0,0,0,0,0,0,0,0,0
120375,14,bully,1652,1,0,0,44,0,616,0,1,14,118723,1652,0,45,0,0,0,LEADER,1,0,0,44,0,0,0,0,0,0,0,0,0,0,0
120802,36,bully,2080,1,0,0,44,0,616,0,1,36,118722,2080,0,45,0,0,0,LEADER,1,0,0,44,0,0,0,0,0,0,0,0,0,0,0
120685,81,bully,1962,1,0,0,44,0,616,0,1,81,118723,1962,0,45,0,0,0,LEADER,1,0,0,44,0,0,0,0,0,0,0,0,0,0,0
120345,67,bully,1622,1,0,0,44,0,616,0,1,67,118723,1622,0,45,0,0,0,LEADER,1,0,0,44,0,0,0,0,0,0,0,0,0,0,0
121106,83,bully,2383,1,0,0,44,0,616,0,1,83,118723,2383,0,45,0,0,0,LEADER,1,0,0,44,0,0,0,0,0,0,0,0,0,0,0
121250,99,bully,1607,1,0,0,44,0,616,0,1,99,119643,1607,0,45,0,0,0,LEADER,1,0,0,44,0,0,0,0,0,0,0,0,0,0,0
120427,55,bully,1704,1,0,0,44,0,616,0,1,55,118723,1704,0,45,0,0,0,LEADER,1,0,0,44,0,0,0,0,0,0,0,0,0,0,0
121217,89,bully,1574,1,0,0,44,0,616,0,1,89,119643,1574,0,45,0,0,0,LEADER,1,0,0,44,0,0,0,0,0,0,0,0,0,0,0
120379,77,bully,1656,1,0,0,44,0,616,0,1,77,118723,1656,0,45,0,0,0,LEADER,1,0,0,44,0,0,0,0,0,0,0,0,0,0,0
120651,71,bully,1928,1,0,0,44,0,616,0,1,71,118723,1928,0,45,0,0,0,LEADER,1,0,0,44,0,0,0,0,0,0,0,0,0,0,0
120563,52,bully,1840,1,0,0,44,0,616,0,1,52,118723,1840,0,45,0,0,0,LEADER,1,0,0,44,0,0,0,0,0,0,0,0,0,0,0
120931,76,bully,2213,1,0,0,44,0,616,0,1,76,118718,2213,0,45,0,0,0,LEADER,1,0,0,44,0,0,0,0,0,0,0,0,0,0,0
120530,10,bully,1807,1,0,0,44,0,616,0,1,10,118723,1807,0,45,0,0,0,LEADER,1,0,0,44,0,0,0,0,0,0,0,0,0,0,0
120463,22,bully,1740,1,0,0,44,0,616,0,1,22,118723,1740,0,45,0,0,0,LEADER,1,0,0,44,0,0,0,0,0,0,0,0,0,0,0
120914,1,bully,2293,1,0,0,10,9,140,126,1,1,118621,2293,0,9,0,0,0,LEADER,1,0,0,10,0,0,0,9,0,0,0,0,0,0,0
120611,21,bully,1889,1,0,0,44,0,616,0,1,21,118722,1889,0,45,0,0,0,LEADER,1,0,0,44,0,0,0,0,0,0,0,0,0,0,0
120869,56,bully,2146,1,0,0,44,0,616,0,1,56,118723,2146,0,45,0,0,0,LEADER,1,0,0,44,0,0,0,0,0,0,0,0,0,0,0
120394,60,bully,1671,1,0,0,44,0,616,0,1,60,118723,1671,0,45,0,0,0,LEADER,1,0,0,44,0,0,0,0,0,0,0,0,0,0,0
121247,25,bully,1604,1,0,0,44,0,616,0,1,25,119643,1604,0,45,0,0,0,LEADER,1,0,0,44,0,0,0,0,0,0,0,0,0,0,0
120460,65,bully,1737,1,0,0,44,0,616,0,1,65,118723,1737,0,45,0,0,0,LEADER,1,0,0,44,0,0,0,0,0,0,0,0,0,0,0
121136,19,bully,2413,1,0,0,44,0,616,0,1,19,118723,2413,0,45,0,0,0,LEADER,1,0,0,44,0,0,0,0,0,0,0,0,0,0,0
120766,69,bully,2043,1,0,0,44,0,616,0,1,69,118723,2043,0,45,0,0,0,LEADER,1,0,0,44,0,0,0,0,0,0,0,0,0,0,0
121368,54,bully,1725,1,0,0,44,0,616,0,1,54,119643,1725,0,45,0,0,0,LEADER,1,0,0,44,0,0,0,0,0,0,0,0,0,0,0
120715,17,bully,1992,1,0,0,44,0,616,0,1,17,118723,1992,0,45,0,0,0,LEADER,1,0,0,44,0,0,0,0,0,0,0,0,0,0,0
121229,100,bully,1586,1,0,0,44,0,616,0,1,100,119643,1586,0,45,0,0,0,LEADER,1,0,0,44,0,0,0,0,0,0,0,0,0,0,0
121192,16,bully,1549,1,0,0,44,0,616,0,1,16,119643,1549,0,45,0,0,0,LEADER,1,0,0,44,0,0,0,0,0,0,0,0,0,0,0
120781,37,bully,2058,1,0,0,44,0,616,0,1,37,118723,2058,0,45,0,0,0,LEADER,1,0,0,44,0,0,0,0,0,0,0,0,0,0,0
121417,13,bully,1774,1,0,0,44,0,616,0,1,13,119643,1774,0,45,0,0,0,LEADER,1,0,0,44,0,0,0,0,0,0,0,0,0,0,0
120578,20,bully,1855,1,0,0,44,0,616,0,1,20,118723,1855,0,45,0,0,0,LEADER,1,0,0,44,0,0,0,0,0,0,0,0,0,0,0
121210,41,bully,1567,1,0,0,44,0,616,0,1,41,119643,1567,0,45,0,0,0,LEADER,1,0,0,44,0,0,0,0,0,0,0,0,0,0,0
121199,47,bully,1556,1,0,0,44,0,616,0,1,47,119643,1556,0,45,0,0,0,LEADER,1,0,0,44,0,0,0,0,0,0,0,0,0,0,0
121025,95,bully,2301,1,0,0,44,0,616,0,1,95,118724,2301,0,45,0,0,0,LEADER,1,0,0,44,0,0,0,0,0,0,0,0,0,0,0
120888,98,bully,2165,1,0,0,44,0,616,0,1,98,118723,2165,0,45,0,0,0,LEADER,1,0,0,44,0,0,0,0,0,0,0,0,0,0,0
121072,73,bully,2349,1,0,0,44,0,616,0,1,73,118723,2349,0,45,0,0,0,LEADER,1,0,0,44,0,0,0,0,0,0,0,0,0,0,0
121395,33,bully,1752,1,0,0,44,0,616,0,1,33,119643,1752,0,45,0,0,0,LEADER,1,0,0,44,0,0,0,0,0,0,0,0,0,0,0
121365,97,bully,1722,1,0,0,44,0,616,0,1,97,119643,1722,0,45,0,0,0,LEADER,1,0,0,44,0,0,0,0,0,0,0,0,0,0,0
120618,61,bully,1895,1,0,0,44,0,616,0,1,61,118723,1895,0,45,0,0,0,LEADER,1,0,0,44,0,0,0,0,0,0,0,0,0,0,0
121565,40,bully,1922,1,0,0,44,0,616,0,1,40,119643,1922,0,45,0,0,0,LEADER,1,0,0,44,0,0,0,0,0,0,0,0,0,0,0
121054,31,bully,2331,1,0,0,44,0,616,0,1,31,118723,2331,0,45,0,0,0,LEADER,1,0,0,44,0,0,0,0,0,0,0,0,0,0,0
121555,29,bully,1910,1,0,0,44,0,616,0,1,29,119645,1910,0,45,0,0,0,LEADER,1,0,0,44,0,0,0,0,0,0,0,0,0,0,0
121384,96,bully,1744,1,0,0,44,0,616,0,1,96,119640,1744,0,45,0,0,0,LEADER,1,0,0,44,0,0,0,0,0,0,0,0,0,0,0
121468,84,bully,1825,1,0,0,44,0,616,0,1,84,119643,1825,0,45,0,0,0,LEADER,1,0,0,44,0,0,0,0,0,0,0,0,0,0,0
121162,80,bully,1519,1,0,0,44,0,616,0,1,80,119643,1519,0,45,0,0,0,LEADER,1,0,0,44,0,0,0,0,0,0,0,0,0,0,0
121006,53,bully,2283,1,0,0,44,0,616,0,1,53,118723,2283,0,45,0,0,0,LEADER,1,0,0,44,0,0,0,0,0,0,0,0,0,0,0
121081,92,bully,1438,1,0,0,44,0,616,0,1,92,119643,1438,0,45,0,0,0,LEADER,1,0,0,44,0,0,0,0,0,0,0,0,0,0,0
121517,62,bully,1874,1,0,0,44,0,616,0,1,62,119643,1874,0,45,0,0,0,LEADER,1,0,0,44,0,0,0,0,0,0,0,0,0,0,0
121258,91,bully,1619,1,0,0,44,0,616,0,1,91,119639,1619,0,45,0,0,0,LEADER,1,0,0,44,0,0,0,0,0,0,0,0,0,0,0
121214,15,bully,1571,1,0,0,44,0,616,0,1,15,119643,1571,0,45,0,0,0,LEADER,1,0,0,44,0,0,0,0,0,0,0,0,0,0,0
120884,26,bully,2161,1,0,0,44,0,616,0,1,26,118723,2161,0,45,0,0,0,LEADER,1,0,0,44,0,0,0,0,0,0,0,0,0,0,0
121620,49,bully,1977,1,0,0,44,0,616,0,1,49,119643,1977,0,45,0,0,0,LEADER,1,0,0,44,0,0,0,0,0,0,0,0,0,0,0
121435,58,bully,1792,1,0,0,44,0,616,0,1,58,119643,1792,0,45,0,0,0,LEADER,1,0,0,44,0,0,0,0,0,0,0,0,0,0,0
120969,86,bully,2246,1,0,0,44,0,616,0,1,86,118723,2246,0,45,0,0,0,LEADER,1,0,0,44,0,0,0,0,0,0,0,0,0,0,0
121142,50,bully,2419,1,0,0,44,0,616,0,1,50,118723,2419,0,45,0,0,0,LEADER,1,0,0,44,0,0,0,0,0,0,0,0,0,0,0
120994,85,bully,2268,1,0,0,44,0,616,0,1,85,118726,2268,0,45,0,0,0,LEADER,1,0,0,44,0,0,0,0,0,0,0,0,0,0,0
120933,87,bully,2212,1,0,0,44,0,616,0,1,87,118721,2212,0,45,0,0,0,LEADER,1,0,0,44,0,0,0,0,0,0,0,0,0,0,0
121139,64,bully,2416,1,0,0,44,0,616,0,1,64,118723,2416,0,45,0,0,0,LEADER,1,0,0,44,0,0,0,0,0,0,0,0,0,0,0
121077,18,bully,1434,1,0,0,44,0,616,0,1,18,119643,1434,0,45,0,0,0,LEADER,1,0,0,44,0,0,0,0,0,0,0,0,0,0,0
120988,11,bully,2264,1,0,0,44,0,616,0,1,11,118724,2264,0,45,0,0,0,LEADER,1,0,0,44,0,0,0,0,0,0,0,0,0,0,0
121196,90,bully,1553,1,0,0,44,0,616,0,1,90,119643,1553,0,45,0,0,0,LEADER,1,0,0,44,0,0,0,0,0,0,0,0,0,0,0
121090,35,bully,1447,1,0,0,44,0,616,0,1,35,119643,1447,0,45,0,0,0,LEADER,1,0,0,44,0,0,0,0,0,0,0,0,0,0,0
120972,43,bully,2249,1,0,0,44,0,616,0,1,43,118723,2249,0,45,0,0,0,LEADER,1,0,0,44,0,0,0,0,0,0,0,0,0,0,0
121110,28,bully,1467,1,0,0,44,0,616,0,1,28,119643,1467,0,45,0,0,0,LEADER,1,0,0,44,0,0,0,0,0,0,0,0,0,0,0
120949,44,bully,2228,1,0,0,44,0,616,0,1,44,118721,2228,0,45,0,0,0,LEADER,1,0,0,44,0,0,0,0,0,0,0,0,0,0,0
121784,23,bully,2141,1,0,0,44,0,616,0,1,23,119643,2141,0,45,0,0,0,LEADER,1,0,0,44,0,0,0,0,0,0,0,0,0,0,0
121104,30,bully,1461,1,0,0,44,0,616,0,1,30,119643,1461,0,45,0,0,0,LEADER,1,0,0,44,0,0,0,0,0,0,0,0,0,0,0
121502,94,bully,1859,1,0,0,44,0,616,0,1,94,119643,1859,0,45,0,0,0,LEADER,1,0,0,44,0,0,0,0,0,0,0,0,0,0,0
121144,38,bully,1501,1,0,0,44,0,616,0,1,38,119643,1501,0,45,0,0,0,LEADER,1,0,0,44,0,0,0,0,0,0,0,0,0,0,0
121823,66,bully,2180,1,0,0,44,0,616,0,1,66,119643,2180,0,45,0,0,0,LEADER,1,0,0,44,0,0,0,0,0,0,0,0,0,0,0
121129,70,bully,1486,1,0,0,44,0,616,0,1,70,119643,1486,0,45,0,0,0,LEADER,1,0,0,44,0,0,0,0,0,0,0,0,0,0,0
121774,88,bully,2131,1,0,0,44,0,616,0,1,88,119643,2131,0,45,0,0,0,LEADER,1,0,0,44,0,0,0,0,0,0,0,0,0,0,0
120958,75,bully,2235,1,0,0,44,0,616,0,1,75,118723,2235,0,45,0,0,0,LEADER,1,0,0,44,0,0,0,0,0,0,0,0,0,0,0
120968,12,bully,2243,1,0,0,44,0,616,0,1,12,118725,2243,0,45,0,0,0,LEADER,1,0,0,44,0,0,0,0,0,0,0,0,0,0,0
121668,27,bully,2025,1,0,0,44,0,616,0,1,27,119643,2025,0,45,0,0,0,LEADER,1,0,0,44,0,0,0,0,0,0,0,0,0,0,0
121157,42,bully,1514,1,0,0,44,0,616,0,1,42,119643,1514,0,45,0,0,0,LEADER,1,0,0,44,0,0,0,0,0,0,0,0,0,0,0
121804,24,bully,2161,1,0,0,44,0,616,0,1,24,119643,2161,0,45,0,0,0,LEADER,1,0,0,44,0,0,0,0,0,0,0,0,0,0,0
121756,46,bully,2113,1,0,0,44,0,616,0,1,46,119643,2113,0,45,0,0,0,LEADER,1,0,0,44,0,0,0,0,0,0,0,0,0,0,0
121653,59,bully,2010,1,0,0,44,0,616,0,1,59,119643,2010,0,45,0,0,0,LEADER,1,0,0,44,0,0,0,0,0,0,0,0,0,0,0
121280,34,bully,1637,1,0,0,44,0,616,0,1,34,119643,1637,0,45,0,0,0,LEADER,1,0,0,44,0,0,0,0,0,0,0,0,0,0,0
121935,32,bully,2292,1,0,0,44,0,616,0,1,32,119643,2292,0,45,0,0,0,LEADER,1,0,0,44,0,0,0,0,0,0,0,0,0,0,0
121550,72,bully,1907,1,0,0,44,0,616,0,1,72,119643,1907,0,45,0,0,0,LEADER,1,0,0,44,0,0,0,0,0,0,0,0,0,0,0
121962,63,bully,2316,1,0,0,44,0,616,0,1,63,119646,2316,0,45,0,0,0,LEADER,1,0,0,44,0,0,0,0,0,0,0,0,0,0,0
121435,74,bully,1792,1,0,0,44,0,616,0,1,74,119643,1792,0,45,0,0,0,LEADER,1,0,0,44,0,0,0,0,0,0,0,0,0,0,0
121177,48,bully,1534,1,0,0,44,0,616,0,1,48,119643,1534,0,45,0,0,0,LEADER,1,0,0,44,0,0,0,0,0,0,0,0,0,0,0
121638,57,bully,1995,1,0,0,44,0,616,0,1,57,119643,1995,0,45,0,0,0,LEADER,1,0,0,44,0,0,0,0,0,0,0,0,0,0,0
121708,68,bully,2065,1,0,0,44,0,616,0,1,68,119643,2065,0,45,0,0,0,LEADER,1,0,0,44,0,0,0,0,0,0,0,0,0,0,0
121109,45,bully,1466,1,0,0,44,0,616,0,1,45,119643,1466,0,45,0,0,0,LEADER,1,0,0,44,0,0,0,0,0,0,0,0,0,0,0
121466,93,bully,1823,1,0,0,44,0,616,0,1,93,119643,1823,0,45,0,0,0,LEADER,1,0,0,44,0,0,0,0,0,0,0,0,0,0,0
122047,82,bully,2404,1,0,0,44,0,616,0,1,82,119643,2404,0,45,0,0,0,LEADER,1,0,0,44,0,0,0,0,0,0,0,0,0,0,0
122041,51,bully,2398,1,0,0,44,0,616,0,1,51,119643,2398,0,45,0,0,0,LEADER,1,0,0,44,0,0,0,0,0,0,0,0,0,0,0
121586,39,bully,1943,1,0,0,44,0,616,0,1,39,119643,1943,0,45,0,0,0,LEADER,1,0,0,44,0,0,0,0,0,0,0,0,0,0,0
121332,78,bully,1689,1,0,0,44,0,616,0,1,78,119643,1689,0,45,0,0,0,LEADER,1,0,0,44,0,0,0,0,0,0,0,0,0,0,0
121720,79,bully,2077,1,0,0,44,0,616,0,1,79,119643,2077,0,45,0,0,0,LEADER,1,0,0,44,0,0,0,0,0,0,0,0,0,0,0
121295,14,bully,1652,1,0,0,44,0,616,0,1,14,119643,1652,0,45,0,0,0,LEADER,1,0,0,44,0,0,0,0,0,0,0,0,0,0,0
121722,36,bully,2080,1,0,0,44,0,616,0,1,36,119642,2080,0,45,0,0,0,LEADER,1,0,0,44,0,0,0,0,0,0,0,0,0,0,0
121605,81,bully,1962,1,0,0,44,0,616,0,1,81,119643,1962,0,45,0,0,0,LEADER,1,0,0,44,0,0,0,0,0,0,0,0,0,0,0
121265,67,bully,1622,1,0,0,44,0,616,0,1,67,119643,1622,0,45,0,0,0,LEADER,1,0,0,44,0,0,0,0,0,0,0,0,0,0,0
122026,83,bully,2383,1,0,0,44,0,616,0,1,83,119643,2383,0,45,0,0,0,LEADER,1,0,0,44,0,0,0,0,0,0,0,0,0,0,0
122170,99,bully,1607,1,0,0,44,0,616,0,1,99,120563,1607,0,45,0,0,0,LEADER,1,0,0,44,0,0,0,0,0,0,0,0,0,0,0
121347,55,bully,1704,1,0,0,44,0,616,0,1,55,119643,1704,0,45,0,0,0,LEADER,1,0,0,44,0,0,0,0,0,0,0,0,0,0,0
122137,89,bully,1574,1,0,0,44,0,616,0,1,89,120563,1574,0,45,0,0,0,LEADER,1,0,0,44,0,0,0,0,0,0,0,0,0,0,0
121299,77,bully,1656,1,0,0,44,0,616,0,1,77,119643,1656,0,45,0,0,0,LEADER,1,0,0,44,0,0,0,0,0,0,0,0,0,0,0
121571,71,bully,1928,1,0,0,44,0,616,0,1,71,119643,1928,0,45,0,0,0,LEADER,1,0,0,44,0,0,0,0,0,0,0,0,0,0,0
121483,52,bully,1840,1,0,0,44,0,616,0,1,52,119643,1840,0,45,0,0,0,LEADER,1,0,0,44,0,0,0,0,0,0,0,0,0,0,0
121851,76,bully,2213,1,0,0,44,0,616,0,1,76,119638,2213,0,45,0,0,0,LEADER,1,0,0,44,0,0,0,0,0,0,0,0,0,0,0
121450,10,bully,1807,1,0,0,44,0,616,0,1,10,119643,1807,0,45,0,0,0,LEADER,1,0,0,44,0,0,0,0,0,0,0,0,0,0,0
121383,22,bully,1740,1,0,0,44,0,616,0,1,22,119643,1740,0,45,0,0,0,LEADER,1,0,0,44,0,0,0,0,0,0,0,0,0,0,0
121531,21,bully,1889,1,0,0,44,0,616,0,1,21,119642,1889,0,45,0,0,0,LEADER,1,0,0,44,0,0,0,0,0,0,0,0,0,0,0
121789,56,bully,2146,1,0,0,44,0,616,0,1,56,119643,2146,0,45,0,0,0,LEADER,1,0,0,44,0,0,0,0,0,0,0,0,0,0,0
121314,60,bully,1671,1,0,0,44,0,616,0,1,60,119643,1671,0,45,0,0,0,LEADER,1,0,0,44,0,0,0,0,0,0,0,0,0,0,0
122167,25,bully,1604,1,0,0,44,0,616,0,1,25,120563,1604,0,45,0,0,0,LEADER,1,0,0,44,0,0,0,0,0,0,0,0,0,0,0
121380,65,bully,1737,1,0,0,44,0,616,0,1,65,119643,1737,0,45,0,0,0,LEADER,1,0,0,44,0,0,0,0,0,0,0,0,0,0,0
122056,19,bully,2413,1,0,0,44,0,616,0,1,19,119643,2413,0,45,0,0,0,LEADER,1,0,0,44,0,0,0,0,0,0,0,0,0,0,0
121686,69,bully,2043,1,0,0,44,0,616,0,1,69,119643,2043,0,45,0,0,0,LEADER,1,0,0,44,0,0,0,0,0,0,0,0,0,0,0
122288,54,bully,1725,1,0,0,44,0,616,0,1,54,120563,1725,0,45,0,0,0,LEADER,1,0,0,44,0,0,0,0,0,0,0,0,0,0,0
121635,17,bully,1992,1,0,0,44,0,616,0,1,17,119643,1992,0,45,0,0,0,LEADER,1,0,0,44,0,0,0,0,0,0,0,0,0,0,0
122149,100,bully,1586,1,0,0,44,0,616,0,1,100,120563,1586,0,45,0,0,0,LEADER,1,0,0,44,0,0,0,0,0,0,0,0,0,0,0
122112,16,bully,1549,1,0,0,44,0,616,0,1,16,120563,1549,0,45,0,0,0,LEADER,1,0,0,44,0,0,0,0,0,0,0,0,0,0,0
121701,37,bully,2058,1,0,0,44,0,616,0,1,37,119643,2058,0,45,0,0,0,LEADER,1,0,0,44,0,0,0,0,0,0,0,0,0,0,0
122337,13,bully,1774,1,0,0,44,0,616,0,1,13,120563,1774,0,45,0,0,0,LEADER,1,0,0,44,0,0,0,0,0,0,0,0,0,0,0
121498,20,bully,1855,1,0,0,44,0,616,0,1,20,119643,1855,0,45,0,0,0,LEADER,1,0,0,44,0,0,0,0,0,0,0,0,0,0,0
122130,41,bully,1567,1,0,0,44,0,616,0,1,41,120563,1567,0,45,0,0,0,LEADER,1,0,0,44,0,0,0,0,0,0,0,0,0,0,0
122119,47,bully,1556,1,0,0,44,0,616,0,1,47,120563,1556,0,45,0,0,0,LEADER,1,0,0,44,0,0,0,0,0,0,0,0,0,0,0
121945,95,bully,2301,1,0,0,44,0,616,0,1,95,119644,2301,0,45,0,0,0,LEADER,1,0,0,44,0,0,0,0,0,0,0,0,0,0,0
121808,98,bully,2165,1,0,0,44,0,616,0,1,98,119643,2165,0,45,0,0,0,LEADER,1,0,0,44,0,0,0,0,0,0,0,0,0,0,0
121992,73,bully,2349,1,0,0,44,0,616,0,1,73,119643,2349,0,45,0,0,0,LEADER,1,0,0,44,0,0,0,0,0,0,0,0,0,0,0
122315,33,bully,1752,1,0,0,44,0,616,0,1,33,120563,1752,0,45,0,0,0,LEADER,1,0,0,44,0,0,0,0,0,0,0,0,0,0,0
122285,97,bully,1722,1,0,0,44,0,616,0,1,97,120563,1722,0,45,0,0,0,LEADER,1,0,0,44,0,0,0,0,0,0,0,0,0,0,0
121538,61,bully,1895,1,0,0,44,0,616,0,1,61,119643,1895,0,45,0,0,0,LEADER,1,0,0,44,0,0,0,0,0,0,0,0,0,0,0
122485,40,bully,1922,1,0,0,44,0,616,0,1,40,120563,1922,0,45,0,0,0,LEADER,1,0,0,44,0,0,0,0,0,0,0,0,0,0,0
121974,31,bully,2331,1,0,0,44,0,616,0,1,31,119643,2331,0,45,0,0,0,LEADER,1,0,0,44,0,0,0,0,0,0,0,0,0,0,0
122475,29,bully,1910,1,0,0,44,0,616,0,1,29,120565,1910,0,45,0,0,0,LEADER,1,0,0,44,0,0,0,0,0,0,0,0,0,0,0
122304,96,bully,1744,1,0,0,44,0,616,0,1,96,120560,1744,0,45,0,0,0,LEADER,1,0,0,44,0,0,0,0,0,0,0,0,0,0,0
122388,84,bully,1825,1,0,0,44,0,616,0,1,84,120563,1825,0,45,0,0,0,LEADER,1,0,0,44,0,0,0,0,0,0,0,0,0,0,0
122082,80,bully,1519,1,0,0,44,0,616,0,1,80,120563,1519,0,45,0,0,0,LEADER,1,0,0,44,0,0,0,0,0,0,0,0,0,0,0
121926,53,bully,2283,1,0,0,44,0,616,0,1,53,119643,2283,0,45,0,0,0,LEADER,1,0,0,44,0,0,0,0,0,0,0,0,0,0,0
122001,92,bully,1438,1,0,0,44,0,616,0,1,92,120563,1438,0,45,0,0,0,LEADER,1,0,0,44,0,0,0,0,0,0,0,0,0,0,0
122437,62,bully,1874,1,0,0,44,0,616,0,1,62,120563,1874,0,45,0,0,0,LEADER,1,0,0,44,0,0,0,0,0,0,0,0,0,0,0
122178,91,bully,1619,1,0,0,44,0,616,0,1,91,120559,1619,0,45,0,0,0,LEADER,1,0,0,44,0,0,0,0,0,0,0,0,0,0,0
122134,15,bully,1571,1,0,0,44,0,616,0,1,15,120563,1571,0,45,0,0,0,LEADER,1,0,0,44,0,0,0,0,0,0,0,0,0,0,0
121804,26,bully,2161,1,0,0,44,0,616,0,1,26,119643,2161,0,45,0,0,0,LEADER,1,0,0,44,0,0,0,0,0,0,0,0,0,0,0
122540,49,bully,1977,1,0,0,44,0,616,0,1,49,120563,1977,0,45,0,0,0,LEADER,1,0,0,44,0,0,0,0,0,0,0,0,0,0,0
122355,58,bully,1792,1,0,0,44,0,616,0,1,58,120563,1792,0,45,0,0,0,LEADER,1,0,0,44,0,0,0,0,0,0,0,0,0,0,0
121889,86,bully,2246,1,0,0,44,0,616,0,1,86,119643,2246,0,45,0,0,0,LEADER,1,0,0,44,0,0,0,0,0,0,0,0,0,0,0
122062,50,bully,2419,1,0,0,44,0,616,0,1,50,119643,2419,0,45,0,0,0,LEADER,1,0,0,44,0,0,0,0,0,0,0,0,0,0,0
121914,85,bully,2268,1,0,0,44,0,616,0,1,85,119646,2268,0,45,0,0,0,LEADER,1,0,0,44,0,0,0,0,0,0,0,0,0,0,0
121853,87,bully,2212,1,0,0,44,0,616,0,1,87,119641,2212,0,45,0,0,0,LEADER,1,0,0,44,0,0,0,0,0,0,0,0,0,0,0
122059,64,bully,2416,1,0,0,44,0,616,0,1,64,119643,2416,0,45,0,0,0,LEADER,1,0,0,44,0,0,0,0,0,0,0,0,0,0,0
121997,18,bully,1434,1,0,0,44,0,616,0,1,18,120563,1434,0,45,0,0,0,LEADER,1,0,0,44,0,0,0,0,0,0,0,0,0,0,0
121908,11,bully,2264,1,0,0,44,0,616,0,1,11,119644,2264,0,45,0,0,0,LEADER,1,0,0,44,0,0,0,0,0,0,0,0,0,0,0
122116,90,bully,1553,1,0,0,44,0,616,0,1,90,120563,1553,0,45,0,0,0,LEADER,1,0,0,44,0,0,0,0,0,0,0,0,0,0,0
122010,35,bully,1447,1,0,0,44,0,616,0,1,35,120563,1447,0,45,0,0,0,LEADER,1,0,0,44,0,0,0,0,0,0,0,0,0,0,0
121892,43,bully,2249,1,0,0,44,0,616,0,1,43,119643,2249,0,45,0,0,0,LEADER,1,0,0,44,0,0,0,0,0,0,0,0,0,0,0
122030,28,bully,1467,1,0,0,44,0,616,0,1,28,120563,1467,0,45,0,0,0,LEADER,1,0,0,44,0,0,0,0,0,0,0,0,0,0,0
121869,44,bully,2228,1,0,0,44,0,616,0,1,44,119641,2228,0,45,0,0,0,LEADER,1,0,0,44,0,0,0,0,0,0,0,0,0,0,0
122704,23,bully,2141,1,0,0,44,0,616,0,1,23,120563,2141,0,45,0,0,0,LEADER,1,0,0,44,0,0,0,0,0,0,0,0,0,0,0
122024,30,bully,1461,1,0,0,44,0,616,0,1,30,120563,1461,0,45,0,0,0,LEADER,1,0,0,44,0,0,0,0,0,0,0,0,0,0,0
122422,94,bully,1859,1,0,0,44,0,616,0,1,94,120563,1859,0,45,0,0,0,LEADER,1,0,0,44,0,0,0,0,0,0,0,0,0,0,0
122064,38,bully,1501,1,0,0,44,0,616,0,1,38,120563,1501,0,45,0,0,0,LEADER,1,0,0,44,0,0,0,0,0,0,0,0,0,0,0
122743,66,bully,2180,1,0,0,44,0,616,0,1,66,120563,2180,0,45,0,0,0,LEADER,1,0,0,44,0,0,0,0,0,0,0,0,0,0,0
122049,70,bully,1486,1,0,0,44,0,616,0,1,70,120563,1486,0,45,0,0,0,LEADER,1,0,0,44,0,0,0,0,0,0,0,0,0,0,0
122694,88,bully,2131,1,0,0,44,0,616,0,1,88,120563,2131,0,45,0,0,0,LEADER,1,0,0,44,0,0,0,0,0,0,0,0,0,0,0
121878,75,bully,2235,1,0,0,44,0,616,0,1,75,119643,2235,0,45,0,0,0,LEADER,1,0,0,44,0,0,0,0,0,0,0,0,0,0,0
121888,12,bully,2243,1,0,0,44,0,616,0,1,12,119645,2243,0,45,0,0,0,LEADER,1,0,0,44,0,0,0,0,0,0,0,0,0,0,0
122588,27,bully,2025,1,0,0,44,0,616,0,1,27,120563,2025,0,45,0,0,0,LEADER,1,0,0,44,0,0,0,0,0,0,0,0,0,0,0
122077,42,bully,1514,1,0,0,44,0,616,0,1,42,120563,1514,0,45,0,0,0,LEADER,1,0,0,44,0,0,0,0,0,0,0,0,0,0,0
122724,24,bully,2161,1,0,0,44,0,616,0,1,24,120563,2161,0,45,0,0,0,LEADER,1,0,0,44,0,0,0,0,0,0,0,0,0,0,0
122676,46,bully,2113,1,0,0,44,0,616,0,1,46,120563,2113,0,45,0,0,0,LEADER,1,0,0,44,0,0,0,0,0,0,0,0,0,0,0
122200,34,bully,1637,1,0,0,44,0,616,0,1,34,120563,1637,0,45,0,0,0,LEADER,1,0,0,44,0,0,0,0,0,0,0,0,0,0,0
122573,59,bully,2010,1,0,0,44,0,616,0,1,59,120563,2010,0,45,0,0,0,LEADER,1,0,0,44,0,0,0,0,0,0,0,0,0,0,0
122855,32,bully,2292,1,0,0,44,0,616,0,1,32,120563,2292,0,45,0,0,0,LEADER,1,0,0,44,0,0,0,0,0,0,0,0,0,0,0
122470,72,bully,1907,1,0,0,44,0,616,0,1,72,120563,1907,0,45,0,0,0,LEADER,1,0,0,44,0,0,0,0,0,0,0,0,0,0,0
122882,63,bully,2316,1,0,0,44,0,616,0,1,63,120566,2316,0,45,0,0,0,LEADER,1,0,0,44,0,0,0,0,0,0,0,0,0,0,0
122355,74,bully,1792,1,0,0,44,0,616,0,1,74,120563,1792,0,45,0,0,0,LEADER,1,0,0,44,0,0,0,0,0,0,0,0,0,0,0
122097,48,bully,1534,1,0,0,44,0,616,0,1,48,120563,1534,0,45,0,0,0,LEADER,1,0,0,44,0,0,0,0,0,0,0,0,0,0,0
122558,57,bully,1995,1,0,0,44,0,616,0,1,57,120563,1995,0,45,0,0,0,LEADER,1,0,0,44,0,0,0,0,0,0,0,0,0,0,0
122628,68,bully,2065,1,0,0,44,0,616,0,1,68,120563,2065,0,45,0,0,0,LEADER,1,0,0,44,0,0,0,0,0,0,0,0,0,0,0
122029,45,bully,1466,1,0,0,44,0,616,0,1,45,120563,1466,0,45,0,0,0,LEADER,1,0,0,44,0,0,0,0,0,0,0,0,0,0,0
122386,93,bully,1823,1,0,0,44,0,616,0,1,93,120563,1823,0,45,0,0,0,LEADER,1,0,0,44,0,0,0,0,0,0,0,0,0,0,0
122967,82,bully,2404,1,0,0,44,0,616,0,1,82,120563,2404,0,45,0,0,0,LEADER,1,0,0,44,0,0,0,0,0,0,0,0,0,0,0
122961,51,bully,2398,1,0,0,44,0,616,0,1,51,120563,2398,0,45,0,0,0,LEADER,1,0,0,44,0,0,0,0,0,0,0,0,0,0,0
122506,39,bully,1943,1,0,0,44,0,616,0,1,39,120563,1943,0,45,0,0,0,LEADER,1,0,0,44,0,0,0,0,0,0,0,0,0,0,0
122252,78,bully,1689,1,0,0,44,0,616,0,1,78,120563,1689,0,45,0,0,0,LEADER,1,0,0,44,0,0,0,0,0,0,0,0,0,0,0
122640,79,bully,2077,1,0,0,44,0,616,0,1,79,120563,2077,0,45,0,0,0,LEADER,1,0,0,44,0,0,0,0,0,0,0,0,0,0,0
122215,14,bully,1652,1,0,0,44,0,616,0,1,14,120563,1652,0,45,0,0,0,LEADER,1,0,0,44,0,0,0,0,0,0,0,0,0,0,0
122642,36,bully,2080,1,0,0,44,0,616,0,1,36,120562,2080,0,45,0,0,0,LEADER,1,0,0,44,0,0,0,0,0,0,0,0,0,0,0
122525,81,bully,1962,1,0,0,44,0,616,0,1,81,120563,1962,0,45,0,0,0,LEADER,1,0,0,44,0,0,0,0,0,0,0,0,0,0,0
122185,67,bully,1622,1,0,0,44,0,616,0,1,67,120563,1622,0,45,0,0,0,LEADER,1,0,0,44,0,0,0,0,0,0,0,0,0,0,0
122946,83,bully,2383,1,0,0,44,0,616,0,1,83,120563,2383,0,45,0,0,0,LEADER,1,0,0,44,0,0,0,0,0,0,0,0,0,0,0
123091,99,bully,1607,1,0,0,45,0,630,0,1,99,121484,1607,0,46,0,0,0,LEADER,1,0,0,45,0,0,0,0,0,0,0,0,0,0,0
122267,55,bully,1704,1,0,0,44,0,616,0,1,55,120563,1704,0,45,0,0,0,LEADER,1,0,0,44,0,0,0,0,0,0,0,0,0,0,0
123058,89,bully,1574,1,0,0,45,0,630,0,1,89,121484,1574,0,46,0,0,0,LEADER,1,0,0,45,0,0,0,0,0,0,0,0,0,0,0
122219,77,bully,1656,1,0,0,44,0,616,0,1,77,120563,1656,0,45,0,0,0,LEADER,1,0,0,44,0,0,0,0,0,0,0,0,0,0,0
122491,71,bully,1928,1,0,0,44,0,616,0,1,71,120563,1928,0,45,0,0,0,LEADER,1,0,0,44,0,0,0,0,0,0,0,0,0,0,0
122403,52,bully,1840,1,0,0,44,0,616,0,1,52,120563,1840,0,45,0,0,0,LEADER,1,0,0,44,0,0,0,0,0,0,0,0,0,0,0
122771,76,bully,2213,1,0,0,44,0,616,0,1,76,120558,2213,0,45,0,0,0,LEADER,1,0,0,44,0,0,0,0,0,0,0,0,0,0,0
122370,10,bully,1807,1,0,0,44,0,616,0,1,10,120563,1807,0,45,0,0,0,LEADER,1,0,0,44,0,0,0,0,0,0,0,0,0,0,0
122303,22,bully,1740,1,0,0,44,0,616,0,1,22,120563,1740,0,45,0,0,0,LEADER,1,0,0,44,0,0,0,0,0,0,0,0,0,0,0
122451,21,bully,1889,1,0,0,44,0,616,0,1,21,120562,1889,0,45,0,0,0,LEADER,1,0,0,44,0,0,0,0,0,0,0,0,0,0,0
122709,56,bully,2146,1,0,0,44,0,616,0,1,56,120563,2146,0,45,0,0,0,LEADER,1,0,0,44,0,0,0,0,0,0,0,0,0,0,0
122234,60,bully,1671,1,0,0,44,0,616,0,1,60,120563,1671,0,45,0,0,0,LEADER,1,0,0,44,0,0,0,0,0,0,0,0,0,0,0
123088,25,bully,1604,1,0,0,45,0,630,0,1,25,121484,1604,0,46,0,0,0,LEADER,1,0,0,45,0,0,0,0,0,0,0,0,0,0,0
122300,65,bully,1737,1,0,0,44,0,616,0,1,65,120563,1737,0,45,0,0,0,LEADER,1,0,0,44,0,0,0,0,0,0,0,0,0,0,0
122976,19,bully,2413,1,0,0,44,0,616,0,1,19,120563,2413,0,45,0,0,0,LEADER,1,0,0,44,0,0,0,0,0,0,0,0,0,0,0
122606,69,bully,2043,1,0,0,44,0,616,0,1,69,120563,2043,0,45,0,0,0,LEADER,1,0,0,44,0,0,0,0,0,0,0,0,0,0,0
123209,54,bully,1725,1,0,0,45,0,630,0,1,54,121484,1725,0,46,0,0,0,LEADER,1,0,0,45,0,0,0,0,0,0,0,0,0,0,0
122555,17,bully,1992,1,0,0,44,0,616,0,1,17,120563,1992,0,45,0,0,0,LEADER,1,0,0,44,0,0,0,0,0,0,0,0,0,0,0
123070,100,bully,1586,1,0,0,45,0,630,0,1,100,121484,1586,0,46,0,0,0,LEADER,1,0,0,45,0,0,0,0,0,0,0,0,0,0,0
123033,16,bully,1549,1,0,0,45,0,630,0,1,16,121484,1549,0,46,0,0,0,LEADER,1,0,0,45,0,0,0,0,0,0,0,0,0,0,0
122621,37,bully,2058,1,0,0,44,0,616,0,1,37,120563,2058,0,45,0,0,0,LEADER,1,0,0,44,0,0,0,0,0,0,0,0,0,0,0
123258,13,bully,1774,1,0,0,45,0,630,0,1,13,121484,1774,0,46,0,0,0,LEADER,1,0,0,45,0,0,0,0,0,0,0,0,0,0,0
122418,20,bully,1855,1,0,0,44,0,616,0,1,20,120563,1855,0,45,0,0,0,LEADER,1,0,0,44,0,0,0,0,0,0,0,0,0,0,0
123051,41,bully,1567,1,0,0,45,0,630,0,1,41,121484,1567,0,46,0,0,0,LEADER,1,0,0,45,0,0,0,0,0,0,0,0,0,0,0
123040,47,bully,1556,1,0,0,45,0,630,0,1,47,121484,1556,0,46,0,0,0,LEADER,1,0,0,45,0,0,0,0,0,0,0,0,0,0,0
122865,95,bully,2301,1,0,0,44,0,616,0,1,95,120564,2301,0,45,0,0,0,LEADER,1,0,0,44,0,0,0,0,0,0,0,0,0,0,0
122728,98,bully,2165,1,0,0,44,0,616,0,1,98,120563,2165,0,45,0,0,0,LEADER,1,0,0,44,0,0,0,0,0,0,0,0,0,0,0
122912,73,bully,2349,1,0,0,44,0,616,0,1,73,120563,2349,0,45,0,0,0,LEADER,1,0,0,44,0,0,0,0,0,0,0,0,0,0,0
122458,61,bully,1895,1,0,0,44,0,616,0,1,61,120563,1895,0,45,0,0,0,LEADER,1,0,0,44,0,0,0,0,0,0,0,0,0,0,0
123206,97,bully,1722,1,0,0,45,0,630,0,1,97,121484,1722,0,46,0,0,0,LEADER,1,0,0,45,0,0,0,0,0,0,0,0,0,0,0
123236,33,bully,1752,1,0,0,45,0,630,0,1,33,121484,1752,0,46,0,0,0,LEADER,1,0,0,45,0,0,0,0,0,0,0,0,0,0,0
122894,31,bully,2331,1,0,0,44,0,616,0,1,31,120563,2331,0,45,0,0,0,LEADER,1,0,0,44,0,0,0,0,0,0,0,0,0,0,0
123406,40,bully,1922,1,0,0,45,0,630,0,1,40,121484,1922,0,46,0,0,0,LEADER,1,0,0,45,0,0,0,0,0,0,0,0,0,0,0
123396,29,bully,1910,1,0,0,45,0,630,0,1,29,121486,1910,0,46,0,0,0,LEADER,1,0,0,45,0,0,0,0,0,0,0,0,0,0,0
123225,96,bully,1744,1,0,0,45,0,630,0,1,96,121481,1744,0,46,0,0,0,LEADER,1,0,0,45,0,0,0,0,0,0,0,0,0,0,0
123309,84,bully,1825,1,0,0,45,0,630,0,1,84,121484,1825,0,46,0,0,0,LEADER,1,0,0,45,0,0,0,0,0,0,0,0,0,0,0
123003,80,bully,1519,1,0,0,45,0,630,0,1,80,121484,1519,0,46,0,0,0,LEADER,1,0,0,45,0,0,0,0,0,0,0,0,0,0,0
122846,53,bully,2283,1,0,0,44,0,616,0,1,53,120563,2283,0,45,0,0,0,LEADER,1,0,0,44,0,0,0,0,0,0,0,0,0,0,0
122922,92,bully,1438,1,0,0,45,0,630,0,1,92,121484,1438,0,46,0,0,0,LEADER,1,0,0,45,0,0,0,0,0,0,0,0,0,0,0
123358,62,bully,1874,1,0,0,45,0,630,0,1,62,121484,1874,0,46,0,0,0,LEADER,1,0,0,45,0,0,0,0,0,0,0,0,0,0,0
123099,91,bully,1619,1,0,0,45,0,630,0,1,91,121480,1619,0,46,0,0,0,LEADER,1,0,0,45,0,0,0,0,0,0,0,0,0,0,0
123055,15,bully,1571,1,0,0,45,0,630,0,1,15,121484,1571,0,46,0,0,0,LEADER,1,0,0,45,0,0,0,0,0,0,0,0,0,0,0
122724,26,bully,2161,1,0,0,44,0,616,0,1,26,120563,2161,0,45,0,0,0,LEADER,1,0,0,44,0,0,0,0,0,0,0,0,0,0,0
123461,49,bully,1977,1,0,0,45,0,630,0,1,49,121484,1977,0,46,0,0,0,LEADER,1,0,0,45,0,0,0,0,0,0,0,0,0,0,0
123276,58,bully,1792,1,0,0,45,0,630,0,1,58,121484,1792,0,46,0,0,0,LEADER,1,0,0,45,0,0,0,0,0,0,0,0,0,0,0
122809,86,bully,2246,1,0,0,44,0,616,0,1,86,120563,2246,0,45,0,0,0,LEADER,1,0,0,44,0,0,0,0,0,0,0,0,0,0,0
122982,50,bully,2419,1,0,0,44,0,616,0,1,50,120563,2419,0,45,0,0,0,LEADER,1,0,0,44,0,0,0,0,0,0,0,0,0,0,0
122834,85,bully,2268,1,0,0,44,0,616,0,1,85,120566,2268,0,45,0,0,0,LEADER,1,0,0,44,0,0,0,0,0,0,0,0,0,0,0
122773,87,bully,2212,1,0,0,44,0,616,0,1,87,120561,2212,0,45,0,0,0,LEADER,1,0,0,44,0,0,0,0,0,0,0,0,0,0,0
122979,64,bully,2416,1,0,0,44,0,616,0,1,64,120563,2416,0,45,0,0,0,LEADER,1,0,0,44,0,0,0,0,0,0,0,0,0,0,0
122828,11,bully,2264,1,0,0,44,0,616,0,1,11,120564,2264,0,45,0,0,0,LEADER,1,0,0,44,0,0,0,0,0,0,0,0,0,0,0
122918,18,bully,1434,1,0,0,45,0,630,0,1,18,121484,1434,0,46,0,0,0,LEADER,1,0,0,45,0,0,0,0,0,0,0,0,0,0,0
123037,90,bully,1553,1,0,0,45,0,630,0,1,90,121484,1553,0,46,0,0,0,LEADER,1,0,0,45,0,0,0,0,0,0,0,0,0,0,0
122931,35,bully,1447,1,0,0,45,0,630,0,1,35,121484,1447,0,46,0,0,0,LEADER,1,0,0,45,0,0,0,0,0,0,0,0,0,0,0
122812,43,bully,2249,1,0,0,44,0,616,0,1,43,120563,2249,0,45,0,0,0,LEADER,1,0,0,44,0,0,0,0,0,0,0,0,0,0,0
122951,28,bully,1467,1,0,0,45,0,630,0,1,28,121484,1467,0,46,0,0,0,LEADER,1,0,0,45,0,0,0,0,0,0,0,0,0,0,0
122789,44,bully,2228,1,0,0,44,0,616,0,1,44,120561,2228,0,45,0,0,0,LEADER,1,0,0,44,0,0,0,0,0,0,0,0,0,0,0
123625,23,bully,2141,1,0,0,45,0,630,0,1,23,121484,2141,0,46,0,0,0,LEADER,1,0,0,45,0,0,0,0,0,0,0,0,0,0,0
122945,30,bully,1461,1,0,0,45,0,630,0,1,30,121484,1461,0,46,0,0,0,LEADER,1,0,0,45,0,0,0,0,0,0,0,0,0,0,0
123343,94,bully,1859,1,0,0,45,0,630,0,1,94,121484,1859,0,46,0,0,0,LEADER,1,0,0,45,0,0,0,0,0,0,0,0,0,0,0
122985,38,bully,1501,1,0,0,45,0,630,0,1,38,121484,1501,0,46,0,0,0,LEADER,1,0,0,45,0,0,0,0,0,0,0,0,0,0,0
123664,66,bully,2180,1,0,0,45,0,630,0,1,66,121484,2180,0,46,0,0,0,LEADER,1,0,0,45,0,0,0,0,0,0,0,0,0,0,0
122970,70,bully,1486,1,0,0,45,0,630,0,1,70,121484,1486,0,46,0,0,0,LEADER,1,0,0,45,0,0,0,0,0,0,0,0,0,0,0
123615,88,bully,2131,1,0,0,45,0,630,0,1,88,121484,2131,0,46,0,0,0,LEADER,1,0,0,45,0,0,0,0,0,0,0,0,0,0,0
122798,75,bully,2235,1,0,0,44,0,616,0,1,75,120563,2235,0,45,0,0,0,LEADER,1,0,0,44,0,0,0,0,0,0,0,0,0,0,0
122808,12,bully,2243,1,0,0,44,0,616,0,1,12,120565,2243,0,45,0,0,0,LEADER,1,0,0,44,0,0,0,0,0,0,0,0,0,0,0
123509,27,bully,2025,1,0,0,45,0,630,0,1,27,121484,2025,0,46,0,0,0,LEADER,1,0,0,45,0,0,0,0,0,0,0,0,0,0,0
122998,42,bully,1514,1,0,0,45,0,630,0,1,42,121484,1514,0,46,0,0,0,LEADER,1,0,0,45,0,0,0,0,0,0,0,0,0,0,0
123645,24,bully,2161,1,0,0,45,0,630,0,1,24,121484,2161,0,46,0,0,0,LEADER,1,0,0,45,0,0,0,0,0,0,0,0,0,0,0
123597,46,bully,2113,1,0,0,45,0,630,0,1,46,121484,2113,0,46,0,0,0,LEADER,1,0,0,45,0,0,0,0,0,0,0,0,0,0,0
123121,34,bully,1637,1,0,0,45,0,630,0,1,34,121484,1637,0,46,0,0,0,LEADER,1,0,0,45,0,0,0,0,0,0,0,0,0,0,0
123494,59,bully,2010,1,0,0,45,0,630,0,1,59,121484,2010,0,46,0,0,0,LEADER,1,0,0,45,0,0,0,0,0,0,0,0,0,0,0
123776,32,bully,2292,1,0,0,45,0,630,0,1,32,121484,2292,0,46,0,0,0,LEADER,1,0,0,45,0,0,0,0,0,0,0,0,0,0,0
123391,72,bully,1907,1,0,0,45,0,630,0,1,72,121484,1907,0,46,0,0,0,LEADER,1,0,0,45,0,0,0,0,0,0,0,0,0,0,0
123803,63,bully,2316,1,0,0,45,0,630,0,1,63,121487,2316,0,46,0,0,0,LEADER,1,0,0,45,0,0,0,0,0,0,0,0,0,0,0
123276,74,bully,1792,1,0,0,45,0,630,0,1,74,121484,1792,0,46,0,0,0,LEADER,1,0,0,45,0,0,0,0,0,0,0,0,0,0,0
123018,48,bully,1534,1,0,0,45,0,630,0,1,48,121484,1534,0,46,0,0,0,LEADER,1,0,0,45,0,0,0,0,0,0,0,0,0,0,0
123479,57,bully,1995,1,0,0,45,0,630,0,1,57,121484,1995,0,46,0,0,0,LEADER,1,0,0,45,0,0,0,0,0,0,0,0,0,0,0
123549,68,bully,2065,1,0,0,45,0,630,0,1,68,121484,2065,0,46,0,0,0,LEADER,1,0,0,45,0,0,0,0,0,0,0,0,0,0,0
122950,45,bully,1466,1,0,0,45,0,630,0,1,45,121484,1466,0,46,0,0,0,LEADER,1,0,0,45,0,0,0,0,0,0,0,0,0,0,0
123307,93,bully,1823,1,0,0,45,0,630,0,1,93,121484,1823,0,46,0,0,0,LEADER,1,0,0,45,0,0,0,0,0,0,0,0,0,0,0
123888,82,bully,2404,1,0,0,45,0,630,0,1,82,121484,2404,0,46,0,0,0,LEADER,1,0,0,45,0,0,0,0,0,0,0,0,0,0,0
123882,51,bully,2398,1,0,0,45,0,630,0,1,51,121484,2398,0,46,0,0,0,LEADER,1,0,0,45,0,0,0,0,0,0,0,0,0,0,0
123427,39,bully,1943,1,0,0,45,0,630,0,1,39,121484,1943,0,46,0,0,0,LEADER,1,0,0,45,0,0,0,0,0,0,0,0,0,0,0
123173,78,bully,1689,1,0,0,45,0,630,0,1,78,121484,1689,0,46,0,0,0,LEADER,1,0,0,45,0,0,0,0,0,0,0,0,0,0,0
123561,79,bully,2077,1,0,0,45,0,630,0,1,79,121484,2077,0,46,0,0,0,LEADER,1,0,0,45,0,0,0,0,0,0,0,0,0,0,0
123136,14,bully,1652,1,0,0,45,0,630,0,1,14,121484,1652,0,46,0,0,0,LEADER,1,0,0,45,0,0,0,0,0,0,0,0,0,0,0
123563,36,bully,2080,1,0,0,45,0,630,0,1,36,121483,2080,0,46,0,0,0,LEADER,1,0,0,45,0,0,0,0,0,0,0,0,0,0,0
123446,81,bully,1962,1,0,0,45,0,630,0,1,81,121484,1962,0,46,0,0,0,LEADER,1,0,0,45,0,0,0,0,0,0,0,0,0,0,0
123106,67,bully,1622,1,0,0,45,0,630,0,1,67,121484,1622,0,46,0,0,0,LEADER,1,0,0,45,0,0,0,0,0,0,0,0,0,0,0
123867,83,bully,2383,1,0,0,45,0,630,0,1,83,121484,2383,0,46,0,0,0,LEADER,1,0,0,45,0,0,0,0,0,0,0,0,0,0,0
124011,99,bully,1607,1,0,0,45,0,630,0,1,99,122404,1607,0,46,0,0,0,LEADER,1,0,0,45,0,0,0,0,0,0,0,0,0,0,0
123188,55,bully,1704,1,0,0,45,0,630,0,1,55,121484,1704,0,46,0,0,0,LEADER,1,0,0,45,0,0,0,0,0,0,0,0,0,0,0
123978,89,bully,1574,1,0,0,45,0,630,0,1,89,122404,1574,0,46,0,0,0,LEADER,1,0,0,45,0,0,0,0,0,0,0,0,0,0,0
123140,77,bully,1656,1,0,0,45,0,630,0,1,77,121484,1656,0,46,0,0,0,LEADER,1,0,0,45,0,0,0,0,0,0,0,0,0,0,0
123412,71,bully,1928,1,0,0,45,0,630,0,1,71,121484,1928,0,46,0,0,0,LEADER,1,0,0,45,0,0,0,0,0,0,0,0,0,0,0
123324,52,bully,1840,1,0,0,45,0,630,0,1,52,121484,1840,0,46,0,0,0,LEADER,1,0,0,45,0,0,0,0,0,0,0,0,0,0,0
123692,76,bully,2213,1,0,0,45,0,630,0,1,76,121479,2213,0,46,0,0,0,LEADER,1,0,0,45,0,0,0,0,0,0,0,0,0,0,0
123291,10,bully,1807,1,0,0,45,0,630,0,1,10,121484,1807,0,46,0,0,0,LEADER,1,0,0,45,0,0,0,0,0,0,0,0,0,0,0
123224,22,bully,1740,1,0,0,45,0,630,0,1,22,121484,1740,0,46,0,0,0,LEADER,1,0,0,45,0,0,0,0,0,0,0,0,0,0,0
123372,21,bully,1889,1,0,0,45,0,630,0,1,21,121483,1889,0,46,0,0,0,LEADER,1,0,0,45,0,0,0,0,0,0,0,0,0,0,0
123630,56,bully,2146,1,0,0,45,0,630,0,1,56,121484,2146,0,46,0,0,0,LEADER,1,0,0,45,0,0,0,0,0,0,0,0,0,0,0
123155,60,bully,1671,1,0,0,45,0,630,0,1,60,121484,1671,0,46,0,0,0,LEADER,1,0,0,45,0,0,0,0,0,0,0,0,0,0,0
124008,25,bully,1604,1,0,0,45,0,630,0,1,25,122404,1604,0,46,0,0,0,LEADER,1,0,0,45,0,0,0,0,0,0,0,0,0,0,0
123221,65,bully,1737,1,0,0,45,0,630,0,1,65,121484,1737,0,46,0,0,0,LEADER,1,0,0,45,0,0,0,0,0,0,0,0,0,0,0
123897,19,bully,2413,1,0,0,45,0,630,0,1,19,121484,2413,0,46,0,0,0,LEADER,1,0,0,45,0,0,0,0,0,0,0,0,0,0,0
123527,69,bully,2043,1,0,0,45,0,630,0,1,69,121484,2043,0,46,0,0,0,LEADER,1,0,0,45,0,0,0,0,0,0,0,0,0,0,0
124129,54,bully,1725,1,0,0,45,0,630,0,1,54,122404,1725,0,46,0,0,0,LEADER,1,0,0,45,0,0,0,0,0,0,0,0,0,0,0
123476,17,bully,1992,1,0,0,45,0,630,0,1,17,121484,1992,0,46,0,0,0,LEADER,1,0,0,45,0,0,0,0,0,0,0,0,0,0,0
123990,100,bully,1586,1,0,0,45,0,630,0,1,100,122404,1586,0,46,0,0,0,LEADER,1,0,0,45,0,0,0,0,0,0,0,0,0,0,0
123953,16,bully,1549,1,0,0,45,0,630,0,1,16,122404,1549,0,46,0,0,0,LEADER,1,0,0,45,0,0,0,0,0,0,0,0,0,0,0
123542,37,bully,2058,1,0,0,45,0,630,0,1,37,121484,2058,0,46,0,0,0,LEADER,1,0,0,45,0,0,0,0,0,0,0,0,0,0,0
124178,13,bully,1774,1,0,0,45,0,630,0,1,13,122404,1774,0,46,0,0,0,LEADER,1,0,0,45,0,0,0,0,0,0,0,0,0,0,0
123339,20,bully,1855,1,0,0,45,0,630,0,1,20,121484,1855,0,46,0,0,0,LEADER,1,0,0,45,0,0,0,0,0,0,0,0,0,0,0
123971,41,bully,1567,1,0,0,45,0,630,0,1,41,122404,1567,0,46,0,0,0,LEADER,1,0,0,45,0,0,0,0,0,0,0,0,0,0,0
123960,47,bully,1556,1,0,0,45,0,630,0,1,47,122404,1556,0,46,0,0,0,LEADER,1,0,0,45,0,0,0,0,0,0,0,0,0,0,0
123786,95,bully,2301,1,0,0,45,0,630,0,1,95,121485,2301,0,46,0,0,0,LEADER,1,0,0,45,0,0,0,0,0,0,0,0,0,0,0
123649,98,bully,2165,1,0,0,45,0,630,0,1,98,121484,2165,0,46,0,0,0,LEADER,1,0,0,45,0,0,0,0,0,0,0,0,0,0,0
123833,73,bully,2349,1,0,0,45,0,630,0,1,73,121484,2349,0,46,0,0,0,LEADER,1,0,0,45,0,0,0,0,0,0,0,0,0,0,0
124156,33,bully,1752,1,0,0,45,0,630,0,1,33,122404,1752,0,46,0,0,0,LEADER,1,0,0,45,0,0,0,0,0,0,0,0,0,0,0
124126,97,bully,1722,1,0,0,45,0,630,0,1,97,122404,1722,0,46,0,0,0,LEADER,1,0,0,45,0,0,0,0,0,0,0,0,0,0,0
123379,61,bully,1895,1,0,0,45,0,630,0,1,61,121484,1895,0,46,0,0,0,LEADER,1,0,0,45,0,0,0,0,0,0,0,0,0,0,0
124326,40,bully,1922,1,0,0,45,0,630,0,1,40,122404,1922,0,46,0,0,0,LEADER,1,0,0,45,0,0,0,0,0,0,0,0,0,0,0
123815,31,bully,2331,1,0,0,45,0,630,0,1,31,121484,2331,0,46,0,0,0,LEADER,1,0,0,45,0,0,0,0,0,0,0,0,0,0,0
124316,29,bully,1910,1,0,0,45,0,630,0,1,29,122406,1910,0,46,0,0,0,LEADER,1,0,0,45,0,0,0,0,0,0,0,0,0,0,0
124145,96,bully,1744,1,0,0,45,0,630,0,1,96,122401,1744,0,46,0,0,0,LEADER,1,0,0,45,0,0,0,0,0,0,0,0,0,0,0
124229,84,bully,1825,1,0,0,45,0,630,0,1,84,122404,1825,0,46,0,0,0,LEADER,1,0,0,45,0,0,0,0,0,0,0,0,0,0,0
123923,80,bully,1519,1,0,0,45,0,630,0,1,80,122404,1519,0,46,0,0,0,LEADER,1,0,0,45,0,0,0,0,0,0,0,0,0,0,0
123767,53,bully,2283,1,0,0,45,0,630,0,1,53,121484,2283,0,46,0,0,0,LEADER,1,0,0,45,0,0,0,0,0,0,0,0,0,0,0
123842,92,bully,1438,1,0,0,45,0,630,0,1,92,122404,1438,0,46,0,0,0,LEADER,1,0,0,45,0,0,0,0,0,0,0,0,0,0,0
124278,62,bully,1874,1,0,0,45,0,630,0,1,62,122404,1874,0,46,0,0,0,LEADER,1,0,0,45,0,0,0,0,0,0,0,0,0,0,0
124019,91,bully,1619,1,0,0,45,0,630,0,1,91,122400,1619,0,46,0,0,0,LEADER,1,0,0,45,0,0,0,0,0,0,0,0,0,0,0
123975,15,bully,1571,1,0,0,45,0,630,0,1,15,122404,1571,0,46,0,0,0,LEADER,1,0,0,45,0,0,0,0,0,0,0,0,0,0,0
123645,26,bully,2161,1,0,0,45,0,630,0,1,26,121484,2161,0,46,0,0,0,LEADER,1,0,0,45,0,0,0,0,0,0,0,0,0,0,0
124381,49,bully,1977,1,0,0,45,0,630,0,1,49,122404,1977,0,46,0,0,0,LEADER,1,0,0,45,0,0,0,0,0,0,0,0,0,0,0
124196,58,bully,1792,1,0,0,45,0,630,0,1,58,122404,1792,0,46,0,0,0,LEADER,1,0,0,45,0,0,0,0,0,0,0,0,0,0,0
123730,86,bully,2246,1,0,0,45,0,630,0,1,86,121484,2246,0,46,0,0,0,LEADER,1,0,0,45,0,0,0,0,0,0,0,0,0,0,0
123903,50,bully,2419,1,0,0,45,0,630,0,1,50,121484,2419,0,46,0,0,0,LEADER,1,0,0,45,0,0,0,0,0,0,0,0,0,0,0
123755,85,bully,2268,1,0,0,45,0,630,0,1,85,121487,2268,0,46,0,0,0,LEADER,1,0,0,45,0,0,0,0,0,0,0,0,0,0,0
123694,87,bully,2212,1,0,0,45,0,630,0,1,87,121482,2212,0,46,0,0,0,LEADER,1,0,0,45,0,0,0,0,0,0,0,0,0,0,0
123900,64,bully,2416,1,0,0,45,0,630,0,1,64,121484,2416,0,46,0,0,0,LEADER,1,0,0,45,0,0,0,0,0,0,0,0,0,0,0
123838,18,bully,1434,1,0,0,45,0,630,0,1,18,122404,1434,0,46,0,0,0,LEADER,1,0,0,45,0,0,0,0,0,0,0,0,0,0,0
123749,11,bully,2264,1,0,0,45,0,630,0,1,11,121485,2264,0,46,0,0,0,LEADER,1,0,0,45,0,0,0,0,0,0,0,0,0,0,0
123957,90,bully,1553,1,0,0,45,0,630,0,1,90,122404,1553,0,46,0,0,0,LEADER,1,0,0,45,0,0,0,0,0,0,0,0,0,0,0
123851,35,bully,1447,1,0,0,45,0,630,0,1,35,122404,1447,0,46,0,0,0,LEADER,1,0,0,45,0,0,0,0,0,0,0,0,0,0,0
123733,43,bully,2249,1,0,0,45,0,630,0,1,43,121484,2249,0,46,0,0,0,LEADER,1,0,0,45,0,0,0,0,0,0,0,0,0,0,0
123871,28,bully,1467,1,0,0,45,0,630,0,1,28,122404,1467,0,46,0,0,0,LEADER,1,0,0,45,0,0,0,0,0,0,0,0,0,0,0
123710,44,bully,2228,1,0,0,45,0,630,0,1,44,121482,2228,0,46,0,0,0,LEADER,1,0,0,45,0,0,0,0,0,0,0,0,0,0,0
124545,23,bully,2141,1,0,0,45,0,630,0,1,23,122404,2141,0,46,0,0,0,LEADER,1,0,0,45,0,0,0,0,0,0,0,0,0,0,0
123865,30,bully,1461,1,0,0,45,0,630,0,1,30,122404,1461,0,46,0,0,0,LEADER,1,0,0,45,0,0,0,0,0,0,0,0,0,0,0
124263,94,bully,1859,1,0,0,45,0,630,0,1,94,122404,1859,0,46,0,0,0,LEADER,1,0,0,45,0,0,0,0,0,0,0,0,0,0,0
123905,38,bully,1501,1,0,0,45,0,630,0,1,38,122404,1501,0,46,0,0,0,LEADER,1,0,0,45,0,0,0,0,0,0,0,0,0,0,0
124584,66,bully,2180,1,0,0,45,0,630,0,1,66,122404,2180,0,46,0,0,0,LEADER,1,0,0,45,0,0,0,0,0,0,0,0,0,0,0
123890,70,bully,1486,1,0,0,45,0,630,0,1,70,122404,1486,0,46,0,0,0,LEADER,1,0,0,45,0,0,0,0,0,0,0,0,0,0,0
124535,88,bully,2131,1,0,0,45,0,630,0,1,88,122404,2131,0,46,0,0,0,LEADER,1,0,0,45,0,0,0,0,0,0,0,0,0,0,0
123719,75,bully,2235,1,0,0,45,0,630,0,1,75,121484,2235,0,46,0,0,0,LEADER,1,0,0,45,0,0,0,0,0,0,0,0,0,0,0
123729,12,bully,2243,1,0,0,45,0,630,0,1,12,121486,2243,0,46,0,0,0,LEADER,1,0,0,45,0,0,0,0,0,0,0,0,0,0,0
124429,27,bully,2025,1,0,0,45,0,630,0,1,27,122404,2025,0,46,0,0,0,LEADER,1,0,0,45,0,0,0,0,0,0,0,0,0,0,0
123918,42,bully,1514,1,0,0,45,0,630,0,1,42,122404,1514,0,46,0,0,0,LEADER,1,0,0,45,0,0,0,0,0,0,0,0,0,0,0
124565,24,bully,2161,1,0,0,45,0,630,0,1,24,122404,2161,0,46,0,0,0,LEADER,1,0,0,45,0,0,0,0,0,0,0,0,0,0,0
124517,46,bully,2113,1,0,0,45,0,630,0,1,46,122404,2113,0,46,0,0,0,LEADER,1,0,0,45,0,0,0,0,0,0,0,0,0,0,0
124041,34,bully,1637,1,0,0,45,0,630,0,1,34,122404,1637,0,46,0,0,0,LEADER,1,0,0,45,0,0,0,0,0,0,0,0,0,0,0
124414,59,bully,2010,1,0,0,45,0,630,0,1,59,122404,2010,0,46,0,0,0,LEADER,1,0,0,45,0,0,0,0,0,0,0,0,0,0,0
124696,32,bully,2292,1,0,0,45,0,630,0,1,32,122404,2292,0,46,0,0,0,LEADER,1,0,0,45,0,0,0,0,0,0,0,0,0,0,0
124311,72,bully,1907,1,0,0,45,0,630,0,1,72,122404,1907,0,46,0,0,0,LEADER,1,0,0,45,0,0,0,0,0,0,0,0,0,0,0
124723,63,bully,2316,1,0,0,45,0,630,0,1,63,122407,2316,0,46,0,0,0,LEADER,1,0,0,45,0,0,0,0,0,0,0,0,0,0,0
124196,74,bully,1792,1,0,0,45,0,630,0,1,74,122404,1792,0,46,0,0,0,LEADER,1,0,0,45,0,0,0,0,0,0,0,0,0,0,0
123938,48,bully,1534,1,0,0,45,0,630,0,1,48,122404,1534,0,46,0,0,0,LEADER,1,0,0,45,0,0,0,0,0,0,0,0,0,0,0
124399,57,bully,1995,1,0,0,45,0,630,0,1,57,122404,1995,0,46,0,0,0,LEADER,1,0,0,45,0,0,0,0,0,0,0,0,0,0,0
124469,68,bully,2065,1,0,0,45,0,630,0,1,68,122404,2065,0,46,0,0,0,LEADER,1,0,0,45,0,0,0,0,0,0,0,0,0,0,0
123870,45,bully,1466,1,0,0,45,0,630,0,1,45,122404,1466,0,46,0,0,0,LEADER,1,0,0,45,0,0,0,0,0,0,0,0,0,0,0
124227,93,bully,1823,1,0,0,45,0,630,0,1,93,122404,1823,0,46,0,0,0,LEADER,1,0,0,45,0,0,0,0,0,0,0,0,0,0,0
124808,82,bully,2404,1,0,0,45,0,630,0,1,82,122404,2404,0,46,0,0,0,LEADER,1,0,0,45,0,0,0,0,0,0,0,0,0,0,0
124802,51,bully,2398,1,0,0,45,0,630,0,1,51,122404,2398,0,46,0,0,0,LEADER,1,0,0,45,0,0,0,0,0,0,0,0,0,0,0
124347,39,bully,1943,1,0,0,45,0,630,0,1,39,122404,1943,0,46,0,0,0,LEADER,1,0,0,45,0,0,0,0,0,0,0,0,0,0,0
124093,78,bully,1689,1,0,0,45,0,630,0,1,78,122404,1689,0,46,0,0,0,LEADER,1,0,0,45,0,0,0,0,0,0,0,0,0,0,0
124481,79,bully,2077,1,0,0,45,0,630,0,1,79,122404,2077,0,46,0,0,0,LEADER,1,0,0,45,0,0,0,0,0,0,0,0,0,0,0
124056,14,bully,1652,1,0,0,45,0,630,0,1,14,122404,1652,0,46,0,0,0,LEADER,1,0,0,45,0,0,0,0,0,0,0,0,0,0,0
124483,36,bully,2080,1,0,0,45,0,630,0,1,36,122403,2080,0,46,0,0,0,LEADER,1,0,0,45,0,0,0,0,0,0,0,0,0,0,0
124366,81,bully,1962,1,0,0,45,0,630,0,1,81,122404,1962,0,46,0,0,0,LEADER,1,0,0,45,0,0,0,0,0,0,0,0,0,0,0
124026,67,bully,1622,1,0,0,45,0,630,0,1,67,122404,1622,0,46,0,0,0,LEADER,1,0,0,45,0,0,0,0,0,0,0,0,0,0,0
124787,83,bully,2383,1,0,0,45,0,630,0,1,83,122404,2383,0,46,0,0,0,LEADER,1,0,0,45,0,0,0,0,0,0,0,0,0,0,0
124931,99,bully,1607,1,0,0,45,0,630,0,1,99,123324,1607,0,46,0,0,0,LEADER,1,0,0,45,0,0,0,0,0,0,0,0,0,0,0
124117,3,bully,1903,1,0,0,9,20,126,280,4,2,122214,1903,0,6,0,0,0,NORMAL,0,0,0,9,0,0,0,20,0,0,0,0,0,0,0
124108,55,bully,1704,1,0,0,45,0,630,0,1,55,122404,1704,0,46,0,0,0,LEADER,1,0,0,45,0,0,0,0,0,0,0,0,0,0,0
124898,89,bully,1574,1,0,0,45,0,630,0,1,89,123324,1574,0,46,0,0,0,LEADER,1,0,0,45,0,0,0,0,0,0,0,0,0,0,0
124060,77,bully,1656,1,0,0,45,0,630,0,1,77,122404,1656,0,46,0,0,0,LEADER,1,0,0,45,0,0,0,0,0,0,0,0,0,0,0
124332,71,bully,1928,1,0,0,45,0,630,0,1,71,122404,1928,0,46,0,0,0,LEADER,1,0,0,45,0,0,0,0,0,0,0,0,0,0,0
124244,52,bully,1840,1,0,0,45,0,630,0,1,52,122404,1840,0,46,0,0,0,LEADER,1,0,0,45,0,0,0,0,0,0,0,0,0,0,0
124612,76,bully,2213,1,0,0,45,0,630,0,1,76,122399,2213,0,46,0,0,0,LEADER,1,0,0,45,0,0,0,0,0,0,0,0,0,0,0
124211,10,bully,1807,1,0,0,45,0,630,0,1,10,122404,1807,0,46,0,0,0,LEADER,1,0,0,45,0,0,0,0,0,0,0,0,0,0,0
124144,22,bully,1740,1,0,0,45,0,630,0,1,22,122404,1740,0,46,0,0,0,LEADER,1,0,0,45,0,0,0,0,0,0,0,0,0,0,0
124292,21,bully,1889,1,0,0,45,0,630,0,1,21,122403,1889,0,46,0,0,0,LEADER,1,0,0,45,0,0,0,0,0,0,0,0,0,0,0
124550,56,bully,2146,1,0,0,45,0,630,0,1,56,122404,2146,0,46,0,0,0,LEADER,1,0,0,45,0,0,0,0,0,0,0,0,0,0,0
124075,60,bully,1671,1,0,0,45,0,630,0,1,60,122404,1671,0,46,0,0,0,LEADER,1,0,0,45,0,0,0,0,0,0,0,0,0,0,0
124928,25,bully,1604,1,0,0,45,0,630,0,1,25,123324,1604,0,46,0,0,0,LEADER,1,0,0,45,0,0,0,0,0,0,0,0,0,0,0
124141,65,bully,1737,1,0,0,45,0,630,0,1,65,122404,1737,0,46,0,0,0,LEADER,1,0,0,45,0,0,0,0,0,0,0,0,0,0,0
124817,19,bully,2413,1,0,0,45,0,630,0,1,19,122404,2413,0,46,0,0,0,LEADER,1,0,0,45,0,0,0,0,0,0,0,0,0,0,0
124447,69,bully,2043,1,0,0,45,0,630,0,1,69,122404,2043,0,46,0,0,0,LEADER,1,0,0,45,0,0,0,0,0,0,0,0,0,0,0
125049,54,bully,1725,1,0,0,45,0,630,0,1,54,123324,1725,0,46,0,0,0,LEADER,1,0,0,45,0,0,0,0,0,0,0,0,0,0,0
124396,17,bully,1992,1,0,0,45,0,630,0,1,17,122404,1992,0,46,0,0,0,LEADER,1,0,0,45,0,0,0,0,0,0,0,0,0,0,0
124910,100,bully,1586,1,0,0,45,0,630,0,1,100,123324,1586,0,46,0,0,0,LEADER,1,0,0,45,0,0,0,0,0,0,0,0,0,0,0
124873,16,bully,1549,1,0,0,45,0,630,0,1,16,123324,1549,0,46,0,0,0,LEADER,1,0,0,45,0,0,0,0,0,0,0,0,0,0,0
124462,37,bully,2058,1,0,0,45,0,630,0,1,37,122404,2058,0,46,0,0,0,LEADER,1,0,0,45,0,0,0,0,0,0,0,0,0,0,0
125098,13,bully,1774,1,0,0,45,0,630,0,1,13,123324,1774,0,46,0,0,0,LEADER,1,0,0,45,0,0,0,0,0,0,0,0,0,0,0
124259,20,bully,1855,1,0,0,45,0,630,0,1,20,122404,1855,0,46,0,0,0,LEADER,1,0,0,45,0,0,0,0,0,0,0,0,0,0,0
124891,41,bully,1567,1,0,0,45,0,630,0,1,41,123324,1567,0,46,0,0,0,LEADER,1,0,0,45,0,0,0,0,0,0,0,0,0,0,0
124880,47,bully,1556,1,0,0,45,0,630,0,1,47,123324,1556,0,46,0,0,0,LEADER,1,0,0,45,0,0,0,0,0,0,0,0,0,0,0
124706,95,bully,2301,1,0,0,45,0,630,0,1,95,122405,2301,0,46,0,0,0,LEADER,1,0,0,45,0,0,0,0,0,0,0,0,0,0,0
124569,98,bully,2165,1,0,0,45,0,630,0,1,98,122404,2165,0,46,0,0,0,LEADER,1,0,0,45,0,0,0,0,0,0,0,0,0,0,0
124753,73,bully,2349,1,0,0,45,0,630,0,1,73,122404,2349,0,46,0,0,0,LEADER,1,0,0,45,0,0,0,0,0,0,0,0,0,0,0
125046,97,bully,1722,1,0,0,45,0,630,0,1,97,123324,1722,0,46,0,0,0,LEADER,1,0,0,45,0,0,0,0,0,0,0,0,0,0,0
124299,61,bully,1895,1,0,0,45,0,630,0,1,61,122404,1895,0,46,0,0,0,LEADER,1,0,0,45,0,0,0,0,0,0,0,0,0,0,0
125076,33,bully,1752,1,0,0,45,0,630,0,1,33,123324,1752,0,46,0,0,0,LEADER,1,0,0,45,0,0,0,0,0,0,0,0,0,0,0
125246,40,bully,1922,1,0,0,45,0,630,0,1,40,123324,1922,0,46,0,0,0,LEADER,1,0,0,45,0,0,0,0,0,0,0,0,0,0,0
124735,31,bully,2331,1,0,0,45,0,630,0,1,31,122404,2331,0,46,0,0,0,LEADER,1,0,0,45,0,0,0,0,0,0,0,0,0,0,0
125236,29,bully,1910,1,0,0,45,0,630,0,1,29,123326,1910,0,46,0,0,0,LEADER,1,0,0,45,0,0,0,0,0,0,0,0,0,0,0
125065,96,bully,1744,1,0,0,45,0,630,0,1,96,123321,1744,0,46,0,0,0,LEADER,1,0,0,45,0,0,0,0,0,0,0,0,0,0,0
125149,84,bully,1825,1,0,0,45,0,630,0,1,84,123324,1825,0,46,0,0,0,LEADER,1,0,0,45,0,0,0,0,0,0,0,0,0,0,0
124843,80,bully,1519,1,0,0,45,0,630,0,1,80,123324,1519,0,46,0,0,0,LEADER,1,0,0,45,0,0,0,0,0,0,0,0,0,0,0
124687,53,bully,2283,1,0,0,45,0,630,0,1,53,122404,2283,0,46,0,0,0,LEADER,1,0,0,45,0,0,0,0,0,0,0,0,0,0,0
124762,92,bully,1438,1,0,0,45,0,630,0,1,92,123324,1438,0,46,0,0,0,LEADER,1,0,0,45,0,0,0,0,0,0,0,0,0,0,0
125198,62,bully,1874,1,0,0,45,0,630,0,1,62,123324,1874,0,46,0,0,0,LEADER,1,0,0,45,0,0,0,0,0,0,0,0,0,0,0
124939,91,bully,1619,1,0,0,45,0,630,0,1,91,123320,1619,0,46,0,0,0,LEADER,1,0,0,45,0,0,0,0,0,0,0,0,0,0,0
124895,15,bully,1571,1,0,0,45,0,630,0,1,15,123324,1571,0,46,0,0,0,LEADER,1,0,0,45,0,0,0,0,0,0,0,0,0,0,0
124565,26,bully,2161,1,0,0,45,0,630,0,1,26,122404,2161,0,46,0,0,0,LEADER,1,0,0,45,0,0,0,0,0,0,0,0,0,0,0
125301,49,bully,1977,1,0,0,45,0,630,0,1,49,123324,1977,0,46,0,0,0,LEADER,1,0,0,45,0,0,0,0,0,0,0,0,0,0,0
125116,58,bully,1792,1,0,0,45,0,630,0,1,58,123324,1792,0,46,0,0,0,LEADER,1,0,0,45,0,0,0,0,0,0,0,0,0,0,0
124650,86,bully,2246,1,0,0,45,0,630,0,1,86,122404,2246,0,46,0,0,0,LEADER,1,0,0,45,0,0,0,0,0,0,0,0,0,0,0
124823,50,bully,2419,1,0,0,45,0,630,0,1,50,122404,2419,0,46,0,0,0,LEADER,1,0,0,45,0,0,0,0,0,0,0,0,0,0,0
124675,85,bully,2268,1,0,0,45,0,630,0,1,85,122407,2268,0,46,0,0,0,LEADER,1,0,0,45,0,0,0,0,0,0,0,0,0,0,0
124614,87,bully,2212,1,0,0,45,0,630,0,1,87,122402,2212,0,46,0,0,0,LEADER,1,0,0,45,0,0,0,0,0,0,0,0,0,0,0
124820,64,bully,2416,1,0,0,45,0,630,0,1,64,122404,2416,0,46,0,0,0,LEADER,1,0,0,45,0,0,0,0,0,0,0,0,0,0,0
124758,18,bully,1434,1,0,0,45,0,630,0,1,18,123324,1434,0,46,0,0,0,LEADER,1,0,0,45,0,0,0,0,0,0,0,0,0,0,0
124669,11,bully,2264,1,0,0,45,0,630,0,1,11,122405,2264,0,46,0,0,0,LEADER,1,0,0,45,0,0,0,0,0,0,0,0,0,0,0
124877,90,bully,1553,1,0,0,45,0,630,0,1,90,123324,1553,0,46,0,0,0,LEADER,1,0,0,45,0,0,0,0,0,0,0,0,0,0,0
124771,35,bully,1447,1,0,0,45,0,630,0,1,35,123324,1447,0,46,0,0,0,LEADER,1,0,0,45,0,0,0,0,0,0,0,0,0,0,0
124653,43,bully,2249,1,0,0,45,0,630,0,1,43,122404,2249,0,46,0,0,0,LEADER,1,0,0,45,0,0,0,0,0,0,0,0,0,0,0
124791,28,bully,1467,1,0,0,45,0,630,0,1,28,123324,1467,0,46,0,0,0,LEADER,1,0,0,45,0,0,0,0,0,0,0,0,0,0,0
124630,44,bully,2228,1,0,0,45,0,630,0,1,44,122402,2228,0,46,0,0,0,LEADER,1,0,0,45,0,0,0,0,0,0,0,0,0,0,0
125465,23,bully,2141,1,0,0,45,0,630,0,1,23,123324,2141,0,46,0,0,0,LEADER,1,0,0,45,0,0,0,0,0,0,0,0,0,0,0
124785,30,bully,1461,1,0,0,45,0,630,0,1,30,123324,1461,0,46,0,0,0,LEADER,1,0,0,45,0,0,0,0,0,0,0,0,0,0,0
125183,94,bully,1859,1,0,0,45,0,630,0,1,94,123324,1859,0,46,0,0,0,LEADER,1,0,0,45,0,0,0,0,0,0,0,0,0,0,0
124825,38,bully,1501,1,0,0,45,0,630,0,1,38,123324,1501,0,46,0,0,0,LEADER,1,0,0,45,0,0,0,0,0,0,0,0,0,0,0
125504,66,bully,2180,1,0,0,45,0,630,0,1,66,123324,2180,0,46,0,0,0,LEADER,1,0,0,45,0,0,0,0,0,0,0,0,0,0,0
124810,70,bully,1486,1,0,0,45,0,630,0,1,70,123324,1486,0,46,0,0,0,LEADER,1,0,0,45,0,0,0,0,0,0,0,0,0,0,0
125455,88,bully,2131,1,0,0,45,0,630,0,1,88,123324,2131,0,46,0,0,0,LEADER,1,0,0,45,0,0,0,0,0,0,0,0,0,0,0
124639,75,bully,2235,1,0,0,45,0,630,0,1,75,122404,2235,0,46,0,0,0,LEADER,1,0,0,45,0,0,0,0,0,0,0,0,0,0,0
124649,12,bully,2243,1,0,0,45,0,630,0,1,12,122406,2243,0,46,0,0,0,LEADER,1,0,0,45,0,0,0,0,0,0,0,0,0,0,0
125349,27,bully,2025,1,0,0,45,0,630,0,1,27,123324,2025,0,46,0,0,0,LEADER,1,0,0,45,0,0,0,0,0,0,0,0,0,0,0
124838,42,bully,1514,1,0,0,45,0,630,0,1,42,123324,1514,0,46,0,0,0,LEADER,1,0,0,45,0,0,0,0,0,0,0,0,0,0,0
125485,24,bully,2161,1,0,0,45,0,630,0,1,24,123324,2161,0,46,0,0,0,LEADER,1,0,0,45,0,0,0,0,0,0,0,0,0,0,0
125437,46,bully,2113,1,0,0,45,0,630,0,1,46,123324,2113,0,46,0,0,0,LEADER,1,0,0,45,0,0,0,0,0,0,0,0,0,0,0
125334,59,bully,2010,1,0,0,45,0,630,0,1,59,123324,2010,0,46,0,0,0,LEADER,1,0,0,45,0,0,0,0,0,0,0,0,0,0,0
124961,34,bully,1637,1,0,0,45,0,630,0,1,34,123324,1637,0,46,0,0,0,LEADER,1,0,0,45,0,0,0,0,0,0,0,0,0,0,0
125616,32,bully,2292,1,0,0,45,0,630,0,1,32,123324,2292,0,46,0,0,0,LEADER,1,0,0,45,0,0,0,0,0,0,0,0,0,0,0
125231,72,bully,1907,1,0,0,45,0,630,0,1,72,123324,1907,0,46,0,0,0,LEADER,1,0,0,45,0,0,0,0,0,0,0,0,0,0,0
125643,63,bully,2316,1,0,0,45,0,630,0,1,63,123327,2316,0,46,0,0,0,LEADER,1,0,0,45,0,0,0,0,0,0,0,0,0,0,0
125116,74,bully,1792,1,0,0,45,0,630,0,1,74,123324,1792,0,46,0,0,0,LEADER,1,0,0,45,0,0,0,0,0,0,0,0,0,0,0
124858,48,bully,1534,1,0,0,45,0,630,0,1,48,123324,1534,0,46,0,0,0,LEADER,1,0,0,45,0,0,0,0,0,0,0,0,0,0,0
125319,57,bully,1995,1,0,0,45,0,630,0,1,57,123324,1995,0,46,0,0,0,LEADER,1,0,0,45,0,0,0,0,0,0,0,0,0,0,0
125389,68,bully,2065,1,0,0,45,0,630,0,1,68,123324,2065,0,46,0,0,0,LEADER,1,0,0,45,0,0,0,0,0,0,0,0,0,0,0
124790,45,bully,1466,1,0,0,45,0,630,0,1,45,123324,1466,0,46,0,0,0,LEADER,1,0,0,45,0,0,0,0,0,0,0,0,0,0,0
125147,93,bully,1823,1,0,0,45,0,630,0,1,93,123324,1823,0,46,0,0,0,LEADER,1,0,0,45,0,0,0,0,0,0,0,0,0,0,0
125728,82,bully,2404,1,0,0,45,0,630,0,1,82,123324,2404,0,46,0,0,0,LEADER,1,0,0,45,0,0,0,0,0,0,0,0,0,0,0
125722,51,bully,2398,1,0,0,45,0,630,0,1,51,123324,2398,0,46,0,0,0,LEADER,1,0,0,45,0,0,0,0,0,0,0,0,0,0,0
125267,39,bully,1943,1,0,0,45,0,630,0,1,39,123324,1943,0,46,0,0,0,LEADER,1,0,0,45,0,0,0,0,0,0,0,0,0,0,0
125013,78,bully,1689,1,0,0,45,0,630,0,1,78,123324,1689,0,46,0,0,0,LEADER,1,0,0,45,0,0,0,0,0,0,0,0,0,0,0
125401,79,bully,2077,1,0,0,45,0,630,0,1,79,123324,2077,0,46,0,0,0,LEADER,1,0,0,45,0,0,0,0,0,0,0,0,0,0,0
124976,14,bully,1652,1,0,0,45,0,630,0,1,14,123324,1652,0,46,0,0,0,LEADER,1,0,0,45,0,0,0,0,0,0,0,0,0,0,0
125403,36,bully,2080,1,0,0,45,0,630,0,1,36,123323,2080,0,46,0,0,0,LEADER,1,0,0,45,0,0,0,0,0,0,0,0,0,0,0
125286,81,bully,1962,1,0,0,45,0,630,0,1,81,123324,1962,0,46,0,0,0,LEADER,1,0,0,45,0,0,0,0,0,0,0,0,0,0,0
124946,67,bully,1622,1,0,0,45,0,630,0,1,67,123324,1622,0,46,0,0,0,LEADER,1,0,0,45,0,0,0,0,0,0,0,0,0,0,0
125707,83,bully,2383,1,0,0,45,0,630,0,1,83,123324,2383,0,46,0,0,0,LEADER,1,0,0,45,0,0,0,0,0,0,0,0,0,0,0
125852,99,bully,1607,1,0,0,46,0,644,0,1,99,124245,1607,0,47,0,0,0,LEADER,1,0,0,46,0,0,0,0,0,0,0,0,0,0,0
125028,55,bully,1704,1,0,0,45,0,630,0,1,55,123324,1704,0,46,0,0,0,LEADER,1,0,0,45,0,0,0,0,0,0,0,0,0,0,0
125819,89,bully,1574,1,0,0,46,0,644,0,1,89,124245,1574,0,47,0,0,0,LEADER,1,0,0,46,0,0,0,0,0,0,0,0,0,0,0
124980,77,bully,1656,1,0,0,45,0,630,0,1,77,123324,1656,0,46,0,0,0,LEADER,1,0,0,45,0,0,0,0,0,0,0,0,0,0,0
125252,71,bully,1928,1,0,0,45,0,630,0,1,71,123324,1928,0,46,0,0,0,LEADER,1,0,0,45,0,0,0,0,0,0,0,0,0,0,0
125164,52,bully,1840,1,0,0,45,0,630,0,1,52,123324,1840,0,46,0,0,0,LEADER,1,0,0,45,0,0,0,0,0,0,0,0,0,0,0
125532,76,bully,2213,1,0,0,45,0,630,0,1,76,123319,2213,0,46,0,0,0,LEADER,1,0,0,45,0,0,0,0,0,0,0,0,0,0,0
125131,10,bully,1807,1,0,0,45,0,630,0,1,10,123324,1807,0,46,0,0,0,LEADER,1,0,0,45,0,0,0,0,0,0,0,0,0,0,0
125064,22,bully,1740,1,0,0,45,0,630,0,1,22,123324,1740,0,46,0,0,0,LEADER,1,0,0,45,0,0,0,0,0,0,0,0,0,0,0
125212,21,bully,1889,1,0,0,45,0,630,0,1,21,123323,1889,0,46,0,0,0,LEADER,1,0,0,45,0,0,0,0,0,0,0,0,0,0,0
125470,56,bully,2146,1,0,0,45,0,630,0,1,56,123324,2146,0,46,0,0,0,LEADER,1,0,0,45,0,0,0,0,0,0,0,0,0,0,0
124995,60,bully,1671,1,0,0,45,0,630,0,1,60,123324,1671,0,46,0,0,0,LEADER,1,0,0,45,0,0,0,0,0,0,0,0,0,0,0
125849,25,bully,1604,1,0,0,46,0,644,0,1,25,124245,1604,0,47,0,0,0,LEADER,1,0,0,46,0,0,0,0,0,0,0,0,0,0,0
125061,65,bully,1737,1,0,0,45,0,630,0,1,65,123324,1737,0,46,0,0,0,LEADER,1,0,0,45,0,0,0,0,0,0,0,0,0,0,0
125737,19,bully,2413,1,0,0,45,0,630,0,1,19,123324,2413,0,46,0,0,0,LEADER,1,0,0,45,0,0,0,0,0,0,0,0,0,0,0
125367,69,bully,2043,1,0,0,45,0,630,0,1,69,123324,2043,0,46,0,0,0,LEADER,1,0,0,45,0,0,0,0,0,0,0,0,0,0,0
125970,54,bully,1725,1,0,0,46,0,644,0,1,54,124245,1725,0,47,0,0,0,LEADER,1,0,0,46,0,0,0,0,0,0,0,0,0,0,0
125316,17,bully,1992,1,0,0,45,0,630,0,1,17,123324,1992,0,46,0,0,0,LEADER,1,0,0,45,0,0,0,0,0,0,0,0,0,0,0
125831,100,bully,1586,1,0,0,46,0,644,0,1,100,124245,1586,0,47,0,0,0,LEADER,1,0,0,46,0,0,0,0,0,0,0,0,0,0,0
125794,16,bully,1549,1,0,0,46,0,644,0,1,16,124245,1549,0,47,0,0,0,LEADER,1,0,0,46,0,0,0,0,0,0,0,0,0,0,0
125382,37,bully,2058,1,0,0,45,0,630,0,1,37,123324,2058,0,46,0,0,0,LEADER,1,0,0,45,0,0,0,0,0,0,0,0,0,0,0
126019,13,bully,1774,1,0,0,46,0,644,0,1,13,124245,1774,0,47,0,0,0,LEADER,1,0,0,46,0,0,0,0,0,0,0,0,0,0,0
125179,20,bully,1855,1,0,0,45,0,630,0,1,20,123324,1855,0,46,0,0,0,LEADER,1,0,0,45,0,0,0,0,0,0,0,0,0,0,0
125812,41,bully,1567,1,0,0,46,0,644,0,1,41,124245,1567,0,47,0,0,0,LEADER,1,0,0,46,0,0,0,0,0,0,0,0,0,0,0
125801,47,bully,1556,1,0,0,46,0,644,0,1,47,124245,1556,0,47,0,0,0,LEADER,1,0,0,46,0,0,0,0,0,0,0,0,0,0,0
125626,95,bully,2301,1,0,0,45,0,630,0,1,95,123325,2301,0,46,0,0,0,LEADER,1,0,0,45,0,0,0,0,0,0,0,0,0,0,0
125489,98,bully,2165,1,0,0,45,0,630,0,1,98,123324,2165,0,46,0,0,0,LEADER,1,0,0,45,0,0,0,0,0,0,0,0,0,0,0
125673,73,bully,2349,1,0,0,45,0,630,0,1,73,123324,2349,0,46,0,0,0,LEADER,1,0,0,45,0,0,0,0,0,0,0,0,0,0,0
125219,61,bully,1895,1,0,0,45,0,630,0,1,61,123324,1895,0,46,0,0,0,LEADER,1,0,0,45,0,0,0,0,0,0,0,0,0,0,0
125967,97,bully,1722,1,0,0,46,0,644,0,1,97,124245,1722,0,47,0,0,0,LEADER,1,0,0,46,0,0,0,0,0,0,0,0,0,0,0
125997,33,bully,1752,1,0,0,46,0,644,0,1,33,124245,1752,0,47,0,0,0,LEADER,1,0,0,46,0,0,0,0,0,0,0,0,0,0,0
125655,31,bully,2331,1,0,0,45,0,630,0,1,31,123324,2331,0,46,0,0,0,LEADER,1,0,0,45,0,0,0,0,0,0,0,0,0,0,0
126167,40,bully,1922,1,0,0,46,0,644,0,1,40,124245,1922,0,47,0,0,0,LEADER,1,0,0,46,0,0,0,0,0,0,0,0,0,0,0
126157,29,bully,1910,1,0,0,46,0,644,0,1,29,124247,1910,0,47,0,0,0,LEADER,1,0,0,46,0,0,0,0,0,0,0,0,0,0,0
125986,96,bully,1744,1,0,0,46,0,644,0,1,96,124242,1744,0,47,0,0,0,LEADER,1,0,0,46,0,0,0,0,0,0,0,0,0,0,0
126070,84,bully,1825,1,0,0,46,0,644,0,1,84,124245,1825,0,47,0,0,0,LEADER,1,0,0,46,0,0,0,0,0,0,0,0,0,0,0
125764,80,bully,1519,1,0,0,46,0,644,0,1,80,124245,1519,0,47,0,0,0,LEADER,1,0,0,46,0,0,0,0,0,0,0,0,0,0,0
125607,53,bully,2283,1,0,0,45,0,630,0,1,53,123324,2283,0,46,0,0,0,LEADER,1,0,0,45,0,0,0,0,0,0,0,0,0,0,0
125683,92,bully,1438,1,0,0,46,0,644,0,1,92,124245,1438,0,47,0,0,0,LEADER,1,0,0,46,0,0,0,0,0,0,0,0,0,0,0
126119,62,bully,1874,1,0,0,46,0,644,0,1,62,124245,1874,0,47,0,0,0,LEADER,1,0,0,46,0,0,0,0,0,0,0,0,0,0,0
125860,91,bully,1619,1,0,0,46,0,644,0,1,91,124241,1619,0,47,0,0,0,LEADER,1,0,0,46,0,0,0,0,0,0,0,0,0,0,0
125816,15,bully,1571,1,0,0,46,0,644,0,1,15,124245,1571,0,47,0,0,0,LEADER,1,0,0,46,0,0,0,0,0,0,0,0,0,0,0
125485,26,bully,2161,1,0,0,45,0,630,0,1,26,123324,2161,0,46,0,0,0,LEADER,1,0,0,45,0,0,0,0,0,0,0,0,0,0,0
126222,49,bully,1977,1,0,0,46,0,644,0,1,49,124245,1977,0,47,0,0,0,LEADER,1,0,0,46,0,0,0,0,0,0,0,0,0,0,0
126037,58,bully,1792,1,0,0,46,0,644,0,1,58,124245,1792,0,47,0,0,0,LEADER,1,0,0,46,0,0,0,0,0,0,0,0,0,0,0
125570,86,bully,2246,1,0,0,45,0,630,0,1,86,123324,2246,0,46,0,0,0,LEADER,1,0,0,45,0,0,0,0,0,0,0,0,0,0,0
125743,50,bully,2419,1,0,0,45,0,630,0,1,50,123324,2419,0,46,0,0,0,LEADER,1,0,0,45,0,0,0,0,0,0,0,0,0,0,0
125595,85,bully,2268,1,0,0,45,0,630,0,1,85,123327,2268,0,46,0,0,0,LEADER,1,0,0,45,0,0,0,0,0,0,0,0,0,0,0
125534,87,bully,2212,1,0,0,45,0,630,0,1,87,123322,2212,0,46,0,0,0,LEADER,1,0,0,45,0,0,0,0,0,0,0,0,0,0,0
125740,64,bully,2416,1,0,0,45,0,630,0,1,64,123324,2416,0,46,0,0,0,LEADER,1,0,0,45,0,0,0,0,0,0,0,0,0,0,0
125589,11,bully,2264,1,0,0,45,0,630,0,1,11,123325,2264,0,46,0,0,0,LEADER,1,0,0,45,0,0,0,0,0,0,0,0,0,0,0
125679,18,bully,1434,1,0,0,46,0,644,0,1,18,124245,1434,0,47,0,0,0,LEADER,1,0,0,46,0,0,0,0,0,0,0,0,0,0,0
125798,90,bully,1553,1,0,0,46,0,644,0,1,90,124245,1553,0,47,0,0,0,LEADER,1,0,0,46,0,0,0,0,0,0,0,0,0,0,0
125692,35,bully,1447,1,0,0,46,0,644,0,1,35,124245,1447,0,47,0,0,0,LEADER,1,0,0,46,0,0,0,0,0,0,0,0,0,0,0
125573,43,bully,2249,1,0,0,45,0,630,0,1,43,123324,2249,0,46,0,0,0,LEADER,1,0,0,45,0,0,0,0,0,0,0,0,0,0,0
125712,28,bully,1467,1,0,0,46,0,644,0,1,28,124245,1467,0,47,0,0,0,LEADER,1,0,0,46,0,0,0,0,0,0,0,0,0,0,0
125550,44,bully,2228,1,0,0,45,0,630,0,1,44,123322,2228,0,46,0,0,0,LEADER,1,0,0,45,0,0,0,0,0,0,0,0,0,0,0
126386,23,bully,2141,1,0,0,46,0,644,0,1,23,124245,2141,0,47,0,0,0,LEADER,1,0,0,46,0,0,0,0,0,0,0,0,0,0,0
125706,30,bully,1461,1,0,0,46,0,644,0,1,30,124245,1461,0,47,0,0,0,LEADER,1,0,0,46,0,0,0,0,0,0,0,0,0,0,0
126104,94,bully,1859,1,0,0,46,0,644,0,1,94,124245,1859,0,47,0,0,0,LEADER,1,0,0,46,0,0,0,0,0,0,0,0,0,0,0
125746,38,bully,1501,1,0,0,46,0,644,0,1,38,124245,1501,0,47,0,0,0,LEADER,1,0,0,46,0,0,0,0,0,0,0,0,0,0,0
126425,66,bully,2180,1,0,0,46,0,644,0,1,66,124245,2180,0,47,0,0,0,LEADER,1,0,0,46,0,0,0,0,0,0,0,0,0,0,0
125731,70,bully,1486,1,0,0,46,0,644,0,1,70,124245,1486,0,47,0,0,0,LEADER,1,0,0,46,0,0,0,0,0,0,0,0,0,0,0
126376,88,bully,2131,1,0,0,46,0,644,0,1,88,124245,2131,0,47,0,0,0,LEADER,1,0,0,46,0,0,0,0,0,0,0,0,0,0,0
125559,75,bully,2235,1,0,0,45,0,630,0,1,75,123324,2235,0,46,0,0,0,LEADER,1,0,0,45,0,0,0,0,0,0,0,0,0,0,0
125569,12,bully,2243,1,0,0,45,0,630,0,1,12,123326,2243,0,46,0,0,0,LEADER,1,0,0,45,0,0,0,0,0,0,0,0,0,0,0
126270,27,bully,2025,1,0,0,46,0,644,0,1,27,124245,2025,0,47,0,0,0,LEADER,1,0,0,46,0,0,0,0,0,0,0,0,0,0,0
125759,42,bully,1514,1,0,0,46,0,644,0,1,42,124245,1514,0,47,0,0,0,LEADER,1,0,0,46,0,0,0,0,0,0,0,0,0,0,0
126406,24,bully,2161,1,0,0,46,0,644,0,1,24,124245,2161,0,47,0,0,0,LEADER,1,0,0,46,0,0,0,0,0,0,0,0,0,0,0
126358,46,bully,2113,1,0,0,46,0,644,0,1,46,124245,2113,0,47,0,0,0,LEADER,1,0,0,46,0,0,0,0,0,0,0,0,0,0,0
125882,34,bully,1637,1,0,0,46,0,644,0,1,34,124245,1637,0,47,0,0,0,LEADER,1,0,0,46,0,0,0,0,0,0,0,0,0,0,0
126255,59,bully,2010,1,0,0,46,0,644,0,1,59,124245,2010,0,47,0,0,0,LEADER,1,0,0,46,0,0,0,0,0,0,0,0,0,0,0
126537,32,bully,2292,1,0,0,46,0,644,0,1,32,124245,2292,0,47,0,0,0,LEADER,1,0,0,46,0,0,0,0,0,0,0,0,0,0,0
126152,72,bully,1907,1,0,0,46,0,644,0,1,72,124245,1907,0,47,0,0,0,LEADER,1,0,0,46,0,0,0,0,0,0,0,0,0,0,0
126564,63,bully,2316,1,0,0,46,0,644,0,1,63,124248,2316,0,47,0,0,0,LEADER,1,0,0,46,0,0,0,0,0,0,0,0,0,0,0
126037,74,bully,1792,1,0,0,46,0,644,0,1,74,124245,1792,0,47,0,0,0,LEADER,1,0,0,46,0,0,0,0,0,0,0,0,0,0,0
125779,48,bully,1534,1,0,0,46,0,644,0,1,48,124245,1534,0,47,0,0,0,LEADER,1,0,0,46,0,0,0,0,0,0,0,0,0,0,0
126240,57,bully,1995,1,0,0,46,0,644,0,1,57,124245,1995,0,47,0,0,0,LEADER,1,0,0,46,0,0,0,0,0,0,0,0,0,0,0
126310,68,bully,2065,1,0,0,46,0,644,0,1,68,124245,2065,0,47,0,0,0,LEADER,1,0,0,46,0,0,0,0,0,0,0,0,0,0,0
125711,45,bully,1466,1,0,0,46,0,644,0,1,45,124245,1466,0,47,0,0,0,LEADER,1,0,0,46,0,0,0,0,0,0,0,0,0,0,0
126068,93,bully,1823,1,0,0,46,0,644,0,1,93,124245,1823,0,47,0,0,0,LEADER,1,0,0,46,0,0,0,0,0,0,0,0,0,0,0
126649,82,bully,2404,1,0,0,46,0,644,0,1,82,124245,2404,0,47,0,0,0,LEADER,1,0,0,46,0,0,0,0,0,0,0,0,0,0,0
126643,51,bully,2398,1,0,0,46,0,644,0,1,51,124245,2398,0,47,0,0,0,LEADER,1,0,0,46,0,0,0,0,0,0,0,0,0,0,0
126188,39,bully,1943,1,0,0,46,0,644,0,1,39,124245,1943,0,47,0,0,0,LEADER,1,0,0,46,0,0,0,0,0,0,0,0,0,0,0
125934,78,bully,1689,1,0,0,46,0,644,0,1,78,124245,1689,0,47,0,0,0,LEADER,1,0,0,46,0,0,0,0,0,0,0,0,0,0,0
126322,79,bully,2077,1,0,0,46,0,644,0,1,79,124245,2077,0,47,0,0,0,LEADER,1,0,0,46,0,0,0,0,0,0,0,0,0,0,0
125897,14,bully,1652,1,0,0,46,0,644,0,1,14,124245,1652,0,47,0,0,0,LEADER,1,0,0,46,0,0,0,0,0,0,0,0,0,0,0
126324,36,bully,2080,1,0,0,46,0,644,0,1,36,124244,2080,0,47,0,0,0,LEADER,1,0,0,46,0,0,0,0,0,0,0,0,0,0,0
126207,81,bully,1962,1,0,0,46,0,644,0,1,81,124245,1962,0,47,0,0,0,LEADER,1,0,0,46,0,0,0,0,0,0,0,0,0,0,0
125867,67,bully,1622,1,0,0,46,0,644,0,1,67,124245,1622,0,47,0,0,0,LEADER,1,0,0,46,0,0,0,0,0,0,0,0,0,0,0
126628,83,bully,2383,1,0,0,46,0,644,0,1,83,124245,2383,0,47,0,0,0,LEADER,1,0,0,46,0,0,0,0,0,0,0,0,0,0,0
126772,99,bully,1607,1,0,0,46,0,644,0,1,99,125165,1607,0,47,0,0,0,LEADER,1,0,0,46,0,0,0,0,0,0,0,0,0,0,0
125949,55,bully,1704,1,0,0,46,0,644,0,1,55,124245,1704,0,47,0,0,0,LEADER,1,0,0,46,0,0,0,0,0,0,0,0,0,0,0
126739,89,bully,1574,1,0,0,46,0,644,0,1,89,125165,1574,0,47,0,0,0,LEADER,1,0,0,46,0,0,0,0,0,0,0,0,0,0,0
125901,77,bully,1656,1,0,0,46,0,644,0,1,77,124245,1656,0,47,0,0,0,LEADER,1,0,0,46,0,0,0,0,0,0,0,0,0,0,0
126173,71,bully,1928,1,0,0,46,0,644,0,1,71,124245,1928,0,47,0,0,0,LEADER,1,0,0,46,0,0,0,0,0,0,0,0,0,0,0
126085,52,bully,1840,1,0,0,46,0,644,0,1,52,124245,1840,0,47,0,0,0,LEADER,1,0,0,46,0,0,0,0,0,0,0,0,0,0,0
126453,76,bully,2213,1,0,0,46,0,644,0,1,76,124240,2213,0,47,0,0,0,LEADER,1,0,0,46,0,0,0,0,0,0,0,0,0,0,0
126052,10,bully,1807,1,0,0,46,0,644,0,1,10,124245,1807,0,47,0,0,0,LEADER,1,0,0,46,0,0,0,0,0,0,0,0,0,0,0
125985,22,bully,1740,1,0,0,46,0,644,0,1,22,124245,1740,0,47,0,0,0,LEADER,1,0,0,46,0,0,0,0,0,0,0,0,0,0,0
126133,21,bully,1889,1,0,0,46,0,644,0,1,21,124244,1889,0,47,0,0,0,LEADER,1,0,0,46,0,0,0,0,0,0,0,0,0,0,0
126391,56,bully,2146,1,0,0,46,0,644,0,1,56,124245,2146,0,47,0,0,0,LEADER,1,0,0,46,0,0,0,0,0,0,0,0,0,0,0
125916,60,bully,1671,1,0,0,46,0,644,0,1,60,124245,1671,0,47,0,0,0,LEADER,1,0,0,46,0,0,0,0,0,0,0,0,0,0,0
126769,25,bully,1604,1,0,0,46,0,644,0,1,25,125165,1604,0,47,0,0,0,LEADER,1,0,0,46,0,0,0,0,0,0,0,0,0,0,0
125982,65,bully,1737,1,0,0,46,0,644,0,1,65,124245,1737,0,47,0,0,0,LEADER,1,0,0,46,0,0,0,0,0,0,0,0,0,0,0
126658,19,bully,2413,1,0,0,46,0,644,0,1,19,124245,2413,0,47,0,0,0,LEADER,1,0,0,46,0,0,0,0,0,0,0,0,0,0,0
126288,69,bully,2043,1,0,0,46,0,644,0,1,69,124245,2043,0,47,0,0,0,LEADER,1,0,0,46,0,0,0,0,0,0,0,0,0,0,0
126890,54,bully,1725,1,0,0,46,0,644,0,1,54,125165,1725,0,47,0,0,0,LEADER,1,0,0,46,0,0,0,0,0,0,0,0,0,0,0
126237,17,bully,1992,1,0,0,46,0,644,0,1,17,124245,1992,0,47,0,0,0,LEADER,1,0,0,46,0,0,0,0,0,0,0,0,0,0,0
126751,100,bully,1586,1,0,0,46,0,644,0,1,100,125165,1586,0,47,0,0,0,LEADER,1,0,0,46,0,0,0,0,0,0,0,0,0,0,0
126714,16,bully,1549,1,0,0,46,0,644,0,1,16,125165,1549,0,47,0,0,0,LEADER,1,0,0,46,0,0,0,0,0,0,0,0,0,0,0
126303,37,bully,2058,1,0,0,46,0,644,0,1,37,124245,2058,0,47,0,0,0,LEADER,1,0,0,46,0,0,0,0,0,0,0,0,0,0,0
126939,13,bully,1774,1,0,0,46,0,644,0,1,13,125165,1774,0,47,0,0,0,LEADER,1,0,0,46,0,0,0,0,0,0,0,0,0,0,0
126100,20,bully,1855,1,0,0,46,0,644,0,1,20,124245,1855,0,47,0,0,0,LEADER,1,0,0,46,0,0,0,0,0,0,0,0,0,0,0
126732,41,bully,1567,1,0,0,46,0,644,0,1,41,125165,1567,0,47,0,0,0,LEADER,1,0,0,46,0,0,0,0,0,0,0,0,0,0,0
126721,47,bully,1556,1,0,0,46,0,644,0,1,47,125165,1556,0,47,0,0,0,LEADER,1,0,0,46,0,0,0,0,0,0,0,0,0,0,0
126547,95,bully,2301,1,0,0,46,0,644,0,1,95,124246,2301,0,47,0,0,0,LEADER,1,0,0,46,0,0,0,0,0,0,0,0,0,0,0
126410,98,bully,2165,1,0,0,46,0,644,0,1,98,124245,2165,0,47,0,0,0,LEADER,1,0,0,46,0,0,0,0,0,0,0,0,0,0,0
126594,73,bully,2349,1,0,0,46,0,644,0,1,73,124245,2349,0,47,0,0,0,LEADER,1,0,0,46,0,0,0,0,0,0,0,0,0,0,0
126917,33,bully,1752,1,0,0,46,0,644,0,1,33,125165,1752,0,47,0,0,0,LEADER,1,0,0,46,0,0,0,0,0,0,0,0,0,0,0
126887,97,bully,1722,1,0,0,46,0,644,0,1,97,125165,1722,0,47,0,0,0,LEADER,1,0,0,46,0,0,0,0,0,0,0,0,0,0,0
126140,61,bully,1895,1,0,0,46,0,644,0,1,61,124245,1895,0,47,0,0,0,LEADER,1,0,0,46,0,0,0,0,0,0,0,0,0,0,0
126576,31,bully,2331,1,0,0,46,0,644,0,1,31,124245,2331,0,47,0,0,0,LEADER,1,0,0,46,0,0,0,0,0,0,0,0,0,0,0
127087,40,bully,1922,1,0,0,46,0,644,0,1,40,125165,1922,0,47,0,0,0,LEADER,1,0,0,46,0,0,0,0,0,0,0,0,0,0,0
127077,29,bully,1910,1,0,0,46,0,644,0,1,29,125167,1910,0,47,0,0,0,LEADER,1,0,0,46,0,0,0,0,0,0,0,0,0,0,0
126906,96,bully,1744,1,0,0,46,0,644,0,1,96,125162,1744,0,47,0,0,0,LEADER,1,0,0,46,0,0,0,0,0,0,0,0,0,0,0
126990,84,bully,1825,1,0,0,46,0,644,0,1,84,125165,1825,0,47,0,0,0,LEADER,1,0,0,46,0,0,0,0,0,0,0,0,0,0,0
126684,80,bully,1519,1,0,0,46,0,644,0,1,80,125165,1519,0,47,0,0,0,LEADER,1,0,0,46,0,0,0,0,0,0,0,0,0,0,0
126528,53,bully,2283,1,0,0,46,0,644,0,1,53,124245,2283,0,47,0,0,0,LEADER,1,0,0,46,0,0,0,0,0,0,0,0,0,0,0
126603,92,bully,1438,1,0,0,46,0,644,0,1,92,125165,1438,0,47,0,0,0,LEADER,1,0,0,46,0,0,0,0,0,0,0,0,0,0,0
127039,62,bully,1874,1,0,0,46,0,644,0,1,62,125165,1874,0,47,0,0,0,LEADER,1,0,0,46,0,0,0,0,0,0,0,0,0,0,0
126780,91,bully,1619,1,0,0,46,0,644,0,1,91,125161,1619,0,47,0,0,0,LEADER,1,0,0,46,0,0,0,0,0,0,0,0,0,0,0
126736,15,bully,1571,1,0,0,46,0,644,0,1,15,125165,1571,0,47,0,0,0,LEADER,1,0,0,46,0,0,0,0,0,0,0,0,0,0,0
126406,26,bully,2161,1,0,0,46,0,644,0,1,26,124245,2161,0,47,0,0,0,LEADER,1,0,0,46,0,0,0,0,0,0,0,0,0,0,0
127142,49,bully,1977,1,0,0,46,0,644,0,1,49,125165,1977,0,47,0,0,0,LEADER,1,0,0,46,0,0,0,0,0,0,0,0,0,0,0
126957,58,bully,1792,1,0,0,46,0,644,0,1,58,125165,1792,0,47,0,0,0,LEADER,1,0,0,46,0,0,0,0,0,0,0,0,0,0,0
126491,86,bully,2246,1,0,0,46,0,644,0,1,86,124245,2246,0,47,0,0,0,LEADER,1,0,0,46,0,0,0,0,0,0,0,0,0,0,0
126664,50,bully,2419,1,0,0,46,0,644,0,1,50,124245,2419,0,47,0,0,0,LEADER,1,0,0,46,0,0,0,0,0,0,0,0,0,0,0
126516,85,bully,2268,1,0,0,46,0,644,0,1,85,124248,2268,0,47,0,0,0,LEADER,1,0,0,46,0,0,0,0,0,0,0,0,0,0,0
126455,87,bully,2212,1,0,0,46,0,644,0,1,87,124243,2212,0,47,0,0,0,LEADER,1,0,0,46,0,0,0,0,0,0,0,0,0,0,0
126661,64,bully,2416,1,0,0,46,0,644,0,1,64,124245,2416,0,47,0,0,0,LEADER,1,0,0,46,0,0,0,0,0,0,0,0,0,0,0
126599,18,bully,1434,1,0,0,46,0,644,0,1,18,125165,1434,0,47,0,0,0,LEADER,1,0,0,46,0,0,0,0,0,0,0,0,0,0,0
126510,11,bully,2264,1,0,0,46,0,644,0,1,11,124246,2264,0,47,0,0,0,LEADER,1,0,0,46,0,0,0,0,0,0,0,0,0,0,0
126718,90,bully,1553,1,0,0,46,0,644,0,1,90,125165,1553,0,47,0,0,0,LEADER,1,0,0,46,0,0,0,0,0,0,0,0,0,0,0
126612,35,bully,1447,1,0,0,46,0,644,0,1,35,125165,1447,0,47,0,0,0,LEADER,1,0,0,46,0,0,0,0,0,0,0,0,0,0,0
126494,43,bully,2249,1,0,0,46,0,644,0,1,43,124245,2249,0,47,0,0,0,LEADER,1,0,0,46,0,0,0,0,0,0,0,0,0,0,0
126632,28,bully,1467,1,0,0,46,0,644,0,1,28,125165,1467,0,47,0,0,0,LEADER,1,0,0,46,0,0,0,0,0,0,0,0,0,0,0
126471,44,bully,2228,1,0,0,46,0,644,0,1,44,124243,2228,0,47,0,0,0,LEADER,1,0,0,46,0,0,0,0,0,0,0,0,0,0,0
127306,23,bully,2141,1,0,0,46,0,644,0,1,23,125165,2141,0,47,0,0,0,LEADER,1,0,0,46,0,0,0,0,0,0,0,0,0,0,0
126626,30,bully,1461,1,0,0,46,0,644,0,1,30,125165,1461,0,47,0,0,0,LEADER,1,0,0,46,0,0,0,0,0,0,0,0,0,0,0
127024,94,bully,1859,1,0,0,46,0,644,0,1,94,125165,1859,0,47,0,0,0,LEADER,1,0,0,46,0,0,0,0,0,0,0,0,0,0,0
126666,38,bully,1501,1,0,0,46,0,644,0,1,38,125165,1501,0,47,0,0,0,LEADER,1,0,0,46,0,0,0,0,0,0,0,0,0,0,0
127345,66,bully,2180,1,0,0,46,0,644,0,1,66,125165,2180,0,47,0,0,0,LEADER,1,0,0,46,0,0,0,0,0,0,0,0,0,0,0
126651,70,bully,1486,1,0,0,46,0,644,0,1,70,125165,1486,0,47,0,0,0,LEADER,1,0,0,46,0,0,0,0,0,0,0,0,0,0,0
127296,88,bully,2131,1,0,0,46,0,644,0,1,88,125165,2131,0,47,0,0,0,LEADER,1,0,0,46,0,0,0,0,0,0,0,0,0,0,0
126480,75,bully,2235,1,0,0,46,0,644,0,1,75,124245,2235,0,47,0,0,0,LEADER,1,0,0,46,0,0,0,0,0,0,0,0,0,0,0
126490,12,bully,2243,1,0,0,46,0,644,0,1,12,124247,2243,0,47,0,0,0,LEADER,1,0,0,46,0,0,0,0,0,0,0,0,0,0,0
127190,27,bully,2025,1,0,0,46,0,644,0,1,27,125165,2025,0,47,0,0,0,LEADER,1,0,0,46,0,0,0,0,0,0,0,0,0,0,0
126679,42,bully,1514,1,0,0,46,0,644,0,1,42,125165,1514,0,47,0,0,0,LEADER,1,0,0,46,0,0,0,0,0,0,0,0,0,0,0
127326,24,bully,2161,1,0,0,46,0,644,0,1,24,125165,2161,0,47,0,0,0,LEADER,1,0,0,46,0,0,0,0,0,0,0,0,0,0,0
127278,46,bully,2113,1,0,0,46,0,644,0,1,46,125165,2113,0,47,0,0,0,LEADER,1,0,0,46,0,0,0,0,0,0,0,0,0,0,0
126802,34,bully,1637,1,0,0,46,0,644,0,1,34,125165,1637,0,47,0,0,0,LEADER,1,0,0,46,0,0,0,0,0,0,0,0,0,0,0
127175,59,bully,2010,1,0,0,46,0,644,0,1,59,125165,2010,0,47,0,0,0,LEADER,1,0,0,46,0,0,0,0,0,0,0,0,0,0,0
127457,32,bully,2292,1,0,0,46,0,644,0,1,32,125165,2292,0,47,0,0,0,LEADER,1,0,0,46,0,0,0,0,0,0,0,0,0,0,0
127072,72,bully,1907,1,0,0,46,0,644,0,1,72,125165,1907,0,47,0,0,0,LEADER,1,0,0,46,0,0,0,0,0,0,0,0,0,0,0
127484,63,bully,2316,1,0,0,46,0,644,0,1,63,125168,2316,0,47,0,0,0,LEADER,1,0,0,46,0,0,0,0,0,0,0,0,0,0,0
126957,74,bully,1792,1,0,0,46,0,644,0,1,74,125165,1792,0,47,0,0,0,LEADER,1,0,0,46,0,0,0,0,0,0,0,0,0,0,0
126699,48,bully,1534,1,0,0,46,0,644,0,1,48,125165,1534,0,47,0,0,0,LEADER,1,0,0,46,0,0,0,0,0,0,0,0,0,0,0
127160,57,bully,1995,1,0,0,46,0,644,0,1,57,125165,1995,0,47,0,0,0,LEADER,1,0,0,46,0,0,0,0,0,0,0,0,0,0,0
127230,68,bully,2065,1,0,0,46,0,644,0,1,68,125165,2065,0,47,0,0,0,LEADER,1,0,0,46,0,0,0,0,0,0,0,0,0,0,0
126631,45,bully,1466,1,0,0,46,0,644,0,1,45,125165,1466,0,47,0,0,0,LEADER,1,0,0,46,0,0,0,0,0,0,0,0,0,0,0
126988,93,bully,1823,1,0,0,46,0,644,0,1,93,125165,1823,0,47,0,0,0,LEADER,1,0,0,46,0,0,0,0,0,0,0,0,0,0,0
127569,82,bully,2404,1,0,0,46,0,644,0,1,82,125165,2404,0,47,0,0,0,LEADER,1,0,0,46,0,0,0,0,0,0,0,0,0,0,0
127563,51,bully,2398,1,0,0,46,0,644,0,1,51,125165,2398,0,47,0,0,0,LEADER,1,0,0,46,0,0,0,0,0,0,0,0,0,0,0
127108,39,bully,1943,1,0,0,46,0,644,0,1,39,125165,1943,0,47,0,0,0,LEADER,1,0,0,46,0,0,0,0,0,0,0,0,0,0,0
126854,78,bully,1689,1,0,0,46,0,644,0,1,78,125165,1689,0,47,0,0,0,LEADER,1,0,0,46,0,0,0,0,0,0,0,0,0,0,0
127242,79,bully,2077,1,0,0,46,0,644,0,1,79,125165,2077,0,47,0,0,0,LEADER,1,0,0,46,0,0,0,0,0,0,0,0,0,0,0
126817,14,bully,1652,1,0,0,46,0,644,0,1,14,125165,1652,0,47,0,0,0,LEADER,1,0,0,46,0,0,0,0,0,0,0,0,0,0,0
127244,36,bully,2080,1,0,0,46,0,644,0,1,36,125164,2080,0,47,0,0,0,LEADER,1,0,0,46,0,0,0,0,0,0,0,0,0,0,0
127127,81,bully,1962,1,0,0,46,0,644,0,1,81,125165,1962,0,47,0,0,0,LEADER,1,0,0,46,0,0,0,0,0,0,0,0,0,0,0
126787,67,bully,1622,1,0,0,46,0,644,0,1,67,125165,1622,0,47,0,0,0,LEADER,1,0,0,46,0,0,0,0,0,0,0,0,0,0,0
127548,83,bully,2383,1,0,0,46,0,644,0,1,83,125165,2383,0,47,0,0,0,LEADER,1,0,0,46,0,0,0,0,0,0,0,0,0,0,0
127692,99,bully,1607,1,0,0,46,0,644,0,1,99,126085,1607,0,47,0,0,0,LEADER,1,0,0,46,0,0,0,0,0,0,0,0,0,0,0
126869,55,bully,1704,1,0,0,46,0,644,0,1,55,125165,1704,0,47,0,0,0,LEADER,1,0,0,46,0,0,0,0,0,0,0,0,0,0,0
127659,89,bully,1574,1,0,0,46,0,644,0,1,89,126085,1574,0,47,0,0,0,LEADER,1,0,0,46,0,0,0,0,0,0,0,0,0,0,0
126821,77,bully,1656,1,0,0,46,0,644,0,1,77,125165,1656,0,47,0,0,0,LEADER,1,0,0,46,0,0,0,0,0,0,0,0,0,0,0
127093,71,bully,1928,1,0,0,46,0,644,0,1,71,125165,1928,0,47,0,0,0,LEADER,1,0,0,46,0,0,0,0,0,0,0,0,0,0,0
127005,52,bully,1840,1,0,0,46,0,644,0,1,52,125165,1840,0,47,0,0,0,LEADER,1,0,0,46,0,0,0,0,0,0,0,0,0,0,0
127373,76,bully,2213,1,0,0,46,0,644,0,1,76,125160,2213,0,47,0,0,0,LEADER,1,0,0,46,0,0,0,0,0,0,0,0,0,0,0
126972,10,bully,1807,1,0,0,46,0,644,0,1,10,125165,1807,0,47,0,0,0,LEADER,1,0,0,46,0,0,0,0,0,0,0,0,0,0,0
126905,22,bully,1740,1,0,0,46,0,644,0,1,22,125165,1740,0,47,0,0,0,LEADER,1,0,0,46,0,0,0,0,0,0,0,0,0,0,0
127053,21,bully,1889,1,0,0,46,0,644,0,1,21,125164,1889,0,47,0,0,0,LEADER,1,0,0,46,0,0,0,0,0,0,0,0,0,0,0
127311,56,bully,2146,1,0,0,46,0,644,0,1,56,125165,2146,0,47,0,0,0,LEADER,1,0,0,46,0,0,0,0,0,0,0,0,0,0,0
126836,60,bully,1671,1,0,0,46,0,644,0,1,60,125165,1671,0,47,0,0,0,LEADER,1,0,0,46,0,0,0,0,0,0,0,0,0,0,0
127689,25,bully,1604,1,0,0,46,0,644,0,1,25,126085,1604,0,47,0,0,0,LEADER,1,0,0,46,0,0,0,0,0,0,0,0,0,0,0
126902,65,bully,1737,1,0,0,46,0,644,0,1,65,125165,1737,0,47,0,0,0,LEADER,1,0,0,46,0,0,0,0,0,0,0,0,0,0,0
127578,19,bully,2413,1,0,0,46,0,644,0,1,19,125165,2413,0,47,0,0,0,LEADER,1,0,0,46,0,0,0,0,0,0,0,0,0,0,0
127208,69,bully,2043,1,0,0,46,0,644,0,1,69,125165,2043,0,47,0,0,0,LEADER,1,0,0,46,0,0,0,0,0,0,0,0,0,0,0
127810,54,bully,1725,1,0,0,46,0,644,0,1,54,126085,1725,0,47,0,0,0,LEADER,1,0,0,46,0,0,0,0,0,0,0,0,0,0,0
127157,17,bully,1992,1,0,0,46,0,644,0,1,17,125165,1992,0,47,0,0,0,LEADER,1,0,0,46,0,0,0,0,0,0,0,0,0,0,0
127671,100,bully,1586,1,0,0,46,0,644,0,1,100,126085,1586,0,47,0,0,0,LEADER,1,0,0,46,0,0,0,0,0,0,0,0,0,0,0
127634,16,bully,1549,1,0,0,46,0,644,0,1,16,126085,1549,0,47,0,0,0,LEADER,1,0,0,46,0,0,0,0,0,0,0,0,0,0,0
127223,37,bully,2058,1,0,0,46,0,644,0,1,37,125165,2058,0,47,0,0,0,LEADER,1,0,0,46,0,0,0,0,0,0,0,0,0,0,0
127859,13,bully,1774,1,0,0,46,0,644,0,1,13,126085,1774,0,47,0,0,0,LEADER,1,0,0,46,0,0,0,0,0,0,0,0,0,0,0
127020,20,bully,1855,1,0,0,46,0,644,0,1,20,125165,1855,0,47,0,0,0,LEADER,1,0,0,46,0,0,0,0,0,0,0,0,0,0,0
127652,41,bully,1567,1,0,0,46,0,644,0,1,41,126085,1567,0,47,0,0,0,LEADER,1,0,0,46,0,0,0,0,0,0,0,0,0,0,0
127641,47,bully,1556,1,0,0,46,0,644,0,1,47,126085,1556,0,47,0,0,0,LEADER,1,0,0,46,0,0,0,0,0,0,0,0,0,0,0
127467,95,bully,2301,1,0,0,46,0,644,0,1,95,125166,2301,0,47,0,0,0,LEADER,1,0,0,46,0,0,0,0,0,0,0,0,0,0,0
127330,98,bully,2165,1,0,0,46,0,644,0,1,98,125165,2165,0,47,0,0,0,LEADER,1,0,0,46,0,0,0,0,0,0,0,0,0,0,0
127514,73,bully,2349,1,0,0,46,0,644,0,1,73,125165,2349,0,47,0,0,0,LEADER,1,0,0,46,0,0,0,0,0,0,0,0,0,0,0
127837,33,bully,1752,1,0,0,46,0,644,0,1,33,126085,1752,0,47,0,0,0,LEADER,1,0,0,46,0,0,0,0,0,0,0,0,0,0,0
127807,97,bully,1722,1,0,0,46,0,644,0,1,97,126085,1722,0,47,0,0,0,LEADER,1,0,0,46,0,0,0,0,0,0,0,0,0,0,0
127060,61,bully,1895,1,0,0,46,0,644,0,1,61,125165,1895,0,47,0,0,0,LEADER,1,0,0,46,0,0,0,0,0,0,0,0,0,0,0
127496,31,bully,2331,1,0,0,46,0,644,0,1,31,125165,2331,0,47,0,0,0,LEADER,1,0,0,46,0,0,0,0,0,0,0,0,0,0,0
128007,40,bully,1922,1,0,0,46,0,644,0,1,40,126085,1922,0,47,0,0,0,LEADER,1,0,0,46,0,0,0,0,0,0,0,0,0,0,0
127997,29,bully,1910,1,0,0,46,0,644,0,1,29,126087,1910,0,47,0,0,0,LEADER,1,0,0,46,0,0,0,0,0,0,0,0,0,0,0
127826,96,bully,1744,1,0,0,46,0,644,0,1,96,126082,1744,0,47,0,0,0,LEADER,1,0,0,46,0,0,0,0,0,0,0,0,0,0,0
127910,84,bully,1825,1,0,0,46,0,644,0,1,84,126085,1825,0,47,0,0,0,LEADER,1,0,0,46,0,0,0,0,0,0,0,0,0,0,0
127604,80,bully,1519,1,0,0,46,0,644,0,1,80,126085,1519,0,47,0,0,0,LEADER,1,0,0,46,0,0,0,0,0,0,0,0,0,0,0
127448,53,bully,2283,1,0,0,46,0,644,0,1,53,125165,2283,0,47,0,0,0,LEADER,1,0,0,46,0,0,0,0,0,0,0,0,0,0,0
127523,92,bully,1438,1,0,0,46,0,644,0,1,92,126085,1438,0,47,0,0,0,LEADER,1,0,0,46,0,0,0,0,0,0,0,0,0,0,0
127959,62,bully,1874,1,0,0,46,0,644,0,1,62,126085,1874,0,47,0,0,0,LEADER,1,0,0,46,0,0,0,0,0,0,0,0,0,0,0
127700,91,bully,1619,1,0,0,46,0,644,0,1,91,126081,1619,0,47,0,0,0,LEADER,1,0,0,46,0,0,0,0,0,0,0,0,0,0,0
127656,15,bully,1571,1,0,0,46,0,644,0,1,15,126085,1571,0,47,0,0,0,LEADER,1,0,0,46,0,0,0,0,0,0,0,0,0,0,0
127326,26,bully,2161,1,0,0,46,0,644,0,1,26,125165,2161,0,47,0,0,0,LEADER,1,0,0,46,0,0,0,0,0,0,0,0,0,0,0
128062,49,bully,1977,1,0,0,46,0,644,0,1,49,126085,1977,0,47,0,0,0,LEADER,1,0,0,46,0,0,0,0,0,0,0,0,0,0,0
127877,58,bully,1792,1,0,0,46,0,644,0,1,58,126085,1792,0,47,0,0,0,LEADER,1,0,0,46,0,0,0,0,0,0,0,0,0,0,0
127411,86,bully,2246,1,0,0,46,0,644,0,1,86,125165,2246,0,47,0,0,0,LEADER,1,0,0,46,0,0,0,0,0,0,0,0,0,0,0
127584,50,bully,2419,1,0,0,46,0,644,0,1,50,125165,2419,0,47,0,0,0,LEADER,1,0,0,46,0,0,0,0,0,0,0,0,0,0,0
127436,85,bully,2268,1,0,0,46,0,644,0,1,85,125168,2268,0,47,0,0,0,LEADER,1,0,0,46,0,0,0,0,0,0,0,0,0,0,0
127375,87,bully,2212,1,0,0,46,0,644,0,1,87,125163,2212,0,47,0,0,0,LEADER,1,0,0,46,0,0,0,0,0,0,0,0,0,0,0
127581,64,bully,2416,1,0,0,46,0,644,0,1,64,125165,2416,0,47,0,0,0,LEADER,1,0,0,46,0,0,0,0,0,0,0,0,0,0,0
127519,18,bully,1434,1,0,0,46,0,644,0,1,18,126085,1434,0,47,0,0,0,LEADER,1,0,0,46,0,0,0,0,0,0,0,0,0,0,0
127430,11,bully,2264,1,0,0,46,0,644,0,1,11,125166,2264,0,47,0,0,0,LEADER,1,0,0,46,0,0,0,0,0,0,0,0,0,0,0
127638,90,bully,1553,1,0,0,46,0,644,0,1,90,126085,1553,0,47,0,0,0,LEADER,1,0,0,46,0,0,0,0,0,0,0,0,0,0,0
127532,35,bully,1447,1,0,0,46,0,644,0,1,35,126085,1447,0,47,0,0,0,LEADER,1,0,0,46,0,0,0,0,0,0,0,0,0,0,0
127414,43,bully,2249,1,0,0,46,0,644,0,1,43,125165,2249,0,47,0,0,0,LEADER,1,0,0,46,0,0,0,0,0,0,0,0,0,0,0
127552,28,bully,1467,1,0,0,46,0,644,0,1,28,126085,1467,0,47,0,0,0,LEADER,1,0,0,46,0,0,0,0,0,0,0,0,0,0,0
127391,44,bully,2228,1,0,0,46,0,644,0,1,44,125163,2228,0,47,0,0,0,LEADER,1,0,0,46,0,0,0,0,0,0,0,0,0,0,0
128226,23,bully,2141,1,0,0,46,0,644,0,1,23,126085,2141,0,47,0,0,0,LEADER,1,0,0,46,0,0,0,0,0,0,0,0,0,0,0
127546,30,bully,1461,1,0,0,46,0,644,0,1,30,126085,1461,0,47,0,0,0,LEADER,1,0,0,46,0,0,0,0,0,0,0,0,0,0,0
127944,94,bully,1859,1,0,0,46,0,644,0,1,94,126085,1859,0,47,0,0,0,LEADER,1,0,0,46,0,0,0,0,0,0,0,0,0,0,0
127586,38,bully,1501,1,0,0,46,0,644,0,1,38,126085,1501,0,47,0,0,0,LEADER,1,0,0,46,0,0,0,0,0,0,0,0,0,0,0
128265,66,bully,2180,1,0,0,46,0,644,0,1,66,126085,2180,0,47,0,0,0,LEADER,1,0,0,46,0,0,0,0,0,0,0,0,0,0,0
127571,70,bully,1486,1,0,0,46,0,644,0,1,70,126085,1486,0,47,0,0,0,LEADER,1,0,0,46,0,0,0,0,0,0,0,0,0,0,0
128216,88,bully,2131,1,0,0,46,0,644,0,1,88,126085,2131,0,47,0,0,0,LEADER,1,0,0,46,0,0,0,0,0,0,0,0,0,0,0
127400,75,bully,2235,1,0,0,46,0,644,0,1,75,125165,2235,0,47,0,0,0,LEADER,1,0,0,46,0,0,0,0,0,0,0,0,0,0,0
127410,12,bully,2243,1,0,0,46,0,644,0,1,12,125167,2243,0,47,0,0,0,LEADER,1,0,0,46,0,0,0,0,0,0,0,0,0,0,0
128110,27,bully,2025,1,0,0,46,0,644,0,1,27,126085,2025,0,47,0,0,0,LEADER,1,0,0,46,0,0,0,0,0,0,0,0,0,0,0
127599,42,bully,1514,1,0,0,46,0,644,0,1,42,126085,1514,0,47,0,0,0,LEADER,1,0,0,46,0,0,0,0,0,0,0,0,0,0,0
128246,24,bully,2161,1,0,0,46,0,644,0,1,24,126085,2161,0,47,0,0,0,LEADER,1,0,0,46,0,0,0,0,0,0,0,0,0,0,0
128198,46,bully,2113,1,0,0,46,0,644,0,1,46,126085,2113,0,47,0,0,0,LEADER,1,0,0,46,0,0,0,0,0,0,0,0,0,0,0
128095,59,bully,2010,1,0,0,46,0,644,0,1,59,126085,2010,0,47,0,0,0,LEADER,1,0,0,46,0,0,0,0,0,0,0,0,0,0,0
127722,34,bully,1637,1,0,0,46,0,644,0,1,34,126085,1637,0,47,0,0,0,LEADER,1,0,0,46,0,0,0,0,0,0,0,0,0,0,0
128377,32,bully,2292,1,0,0,46,0,644,0,1,32,126085,2292,0,47,0,0,0,LEADER,1,0,0,46,0,0,0,0,0,0,0,0,0,0,0
127992,72,bully,1907,1,0,0,46,0,644,0,1,72,126085,1907,0,47,0,0,0,LEADER,1,0,0,46,0,0,0,0,0,0,0,0,0,0,0
128404,63,bully,2316,1,0,0,46,0,644,0,1,63,126088,2316,0,47,0,0,0,LEADER,1,0,0,46,0,0,0,0,0,0,0,0,0,0,0
127877,74,bully,1792,1,0,0,46,0,644,0,1,74,126085,1792,0,47,0,0,0,LEADER,1,0,0,46,0,0,0,0,0,0,0,0,0,0,0
127619,48,bully,1534,1,0,0,46,0,644,0,1,48,126085,1534,0,47,0,0,0,LEADER,1,0,0,46,0,0,0,0,0,0,0,0,0,0,0
128080,57,bully,1995,1,0,0,46,0,644,0,1,57,126085,1995,0,47,0,0,0,LEADER,1,0,0,46,0,0,0,0,0,0,0,0,0,0,0
128150,68,bully,2065,1,0,0,46,0,644,0,1,68,126085,2065,0,47,0,0,0,LEADER,1,0,0,46,0,0,0,0,0,0,0,0,0,0,0
127551,45,bully,1466,1,0,0,46,0,644,0,1,45,126085,1466,0,47,0,0,0,LEADER,1,0,0,46,0,0,0,0,0,0,0,0,0,0,0
127908,93,bully,1823,1,0,0,46,0,644,0,1,93,126085,1823,0,47,0,0,0,LEADER,1,0,0,46,0,0,0,0,0,0,0,0,0,0,0
128489,82,bully,2404,1,0,0,46,0,644,0,1,82,126085,2404,0,47,0,0,0,LEADER,1,0,0,46,0,0,0,0,0,0,0,0,0,0,0
128483,51,bully,2398,1,0,0,46,0,644,0,1,51,126085,2398,0,47,0,0,0,LEADER,1,0,0,46,0,0,0,0,0,0,0,0,0,0,0
128028,39,bully,1943,1,0,0,46,0,644,0,1,39,126085,1943,0,47,0,0,0,LEADER,1,0,0,46,0,0,0,0,0,0,0,0,0,0,0
127774,78,bully,1689,1,0,0,46,0,644,0,1,78,126085,1689,0,47,0,0,0,LEADER,1,0,0,46,0,0,0,0,0,0,0,0,0,0,0
128162,79,bully,2077,1,0,0,46,0,644,0,1,79,126085,2077,0,47,0,0,0,LEADER,1,0,0,46,0,0,0,0,0,0,0,0,0,0,0
127737,14,bully,1652,1,0,0,46,0,644,0,1,14,126085,1652,0,47,0,0,0,LEADER,1,0,0,46,0,0,0,0,0,0,0,0,0,0,0
128164,36,bully,2080,1,0,0,46,0,644,0,1,36,126084,2080,0,47,0,0,0,LEADER,1,0,0,46,0,0,0,0,0,0,0,0,0,0,0
128047,81,bully,1962,1,0,0,46,0,644,0,1,81,126085,1962,0,47,0,0,0,LEADER,1,0,0,46,0,0,0,0,0,0,0,0,0,0,0
127707,67,bully,1622,1,0,0,46,0,644,0,1,67,126085,1622,0,47,0,0,0,LEADER,1,0,0,46,0,0,0,0,0,0,0,0,0,0,0
128468,83,bully,2383,1,0,0,46,0,644,0,1,83,126085,2383,0,47,0,0,0,LEADER,1,0,0,46,0,0,0,0,0,0,0,0,0,0,0
128613,99,bully,1607,1,0,0,47,0,658,0,1,99,127006,1607,0,48,0,0,0,LEADER,1,0,0,47,0,0,0,0,0,0,0,0,0,0,0
127789,55,bully,1704,1,0,0,46,0,644,0,1,55,126085,1704,0,47,0,0,0,LEADER,1,0,0,46,0,0,0,0,0,0,0,0,0,0,0
128580,89,bully,1574,1,0,0,47,0,658,0,1,89,127006,1574,0,48,0,0,0,LEADER,1,0,0,47,0,0,0,0,0,0,0,0,0,0,0
127741,77,bully,1656,1,0,0,46,0,644,0,1,77,126085,1656,0,47,0,0,0,LEADER,1,0,0,46,0,0,0,0,0,0,0,0,0,0,0
128013,71,bully,1928,1,0,0,46,0,644,0,1,71,126085,1928,0,47,0,0,0,LEADER,1,0,0,46,0,0,0,0,0,0,0,0,0,0,0
127925,52,bully,1840,1,0,0,46,0,644,0,1,52,126085,1840,0,47,0,0,0,LEADER,1,0,0,46,0,0,0,0,0,0,0,0,0,0,0
128293,76,bully,2213,1,0,0,46,0,644,0,1,76,126080,2213,0,47,0,0,0,LEADER,1,0,0,46,0,0,0,0,0,0,0,0,0,0,0
127892,10,bully,1807,1,0,0,46,0,644,0,1,10,126085,1807,0,47,0,0,0,LEADER,1,0,0,46,0,0,0,0,0,0,0,0,0,0,0
127825,22,bully,1740,1,0,0,46,0,644,0,1,22,126085,1740,0,47,0,0,0,LEADER,1,0,0,46,0,0,0,0,0,0,0,0,0,0,0
127973,21,bully,1889,1,0,0,46,0,644,0,1,21,126084,1889,0,47,0,0,0,LEADER,1,0,0,46,0,0,0,0,0,0,0,0,0,0,0
128231,56,bully,2146,1,0,0,46,0,644,0,1,56,126085,2146,0,47,0,0,0,LEADER,1,0,0,46,0,0,0,0,0,0,0,0,0,0,0
127756,60,bully,1671,1,0,0,46,0,644,0,1,60,126085,1671,0,47,0,0,0,LEADER,1,0,0,46,0,0,0,0,0,0,0,0,0,0,0
128610,25,bully,1604,1,0,0,47,0,658,0,1,25,127006,1604,0,48,0,0,0,LEADER,1,0,0,47,0,0,0,0,0,0,0,0,0,0,0
127822,65,bully,1737,1,0,0,46,0,644,0,1,65,126085,1737,0,47,0,0,0,LEADER,1,0,0,46,0,0,0,0,0,0,0,0,0,0,0
128498,19,bully,2413,1,0,0,46,0,644,0,1,19,126085,2413,0,47,0,0,0,LEADER,1,0,0,46,0,0,0,0,0,0,0,0,0,0,0
128128,69,bully,2043,1,0,0,46,0,644,0,1,69,126085,2043,0,47,0,0,0,LEADER,1,0,0,46,0,0,0,0,0,0,0,0,0,0,0
128731,54,bully,1725,1,0,0,47,0,658,0,1,54,127006,1725,0,48,0,0,0,LEADER,1,0,0,47,0,0,0,0,0,0,0,0,0,0,0
128077,17,bully,1992,1,0,0,46,0,644,0,1,17,126085,1992,0,47,0,0,0,LEADER,1,0,0,46,0,0,0,0,0,0,0,0,0,0,0
128592,100,bully,1586,1,0,0,47,0,658,0,1,100,127006,1586,0,48,0,0,0,LEADER,1,0,0,47,0,0,0,0,0,0,0,0,0,0,0
128555,16,bully,1549,1,0,0,47,0,658,0,1,16,127006,1549,0,48,0,0,0,LEADER,1,0,0,47,0,0,0,0,0,0,0,0,0,0,0
128143,37,bully,2058,1,0,0,46,0,644,0,1,37,126085,2058,0,47,0,0,0,LEADER,1,0,0,46,0,0,0,0,0,0,0,0,0,0,0
128780,13,bully,1774,1,0,0,47,0,658,0,1,13,127006,1774,0,48,0,0,0,LEADER,1,0,0,47,0,0,0,0,0,0,0,0,0,0,0
127940,20,bully,1855,1,0,0,46,0,644,0,1,20,126085,1855,0,47,0,0,0,LEADER,1,0,0,46,0,0,0,0,0,0,0,0,0,0,0
128573,41,bully,1567,1,0,0,47,0,658,0,1,41,127006,1567,0,48,0,0,0,LEADER,1,0,0,47,0,0,0,0,0,0,0,0,0,0,0
128562,47,bully,1556,1,0,0,47,0,658,0,1,47,127006,1556,0,48,0,0,0,LEADER,1,0,0,47,0,0,0,0,0,0,0,0,0,0,0
128387,95,bully,2301,1,0,0,46,0,644,0,1,95,126086,2301,0,47,0,0,0,LEADER,1,0,0,46,0,0,0,0,0,0,0,0,0,0,0
128250,98,bully,2165,1,0,0,46,0,644,0,1,98,126085,2165,0,47,0,0,0,LEADER,1,0,0,46,0,0,0,0,0,0,0,0,0,0,0
128434,73,bully,2349,1,0,0,46,0,644,0,1,73,126085,2349,0,47,0,0,0,LEADER,1,0,0,46,0,0,0,0,0,0,0,0,0,0,0
127980,61,bully,1895,1,0,0,46,0,644,0,1,61,126085,1895,0,47,0,0,0,LEADER,1,0,0,46,0,0,0,0,0,0,0,0,0,0,0
128728,97,bully,1722,1,0,0,47,0,658,0,1,97,127006,1722,0,48,0,0,0,LEADER,1,0,0,47,0,0,0,0,0,0,0,0,0,0,0
128758,33,bully,1752,1,0,0,47,0,658,0,1,33,127006,1752,0,48,0,0,0,LEADER,1,0,0,47,0,0,0,0,0,0,0,0,0,0,0
128416,31,bully,2331,1,0,0,46,0,644,0,1,31,126085,2331,0,47,0,0,0,LEADER,1,0,0,46,0,0,0,0,0,0,0,0,0,0,0
128928,40,bully,1922,1,0,0,47,0,658,0,1,40,127006,1922,0,48,0,0,0,LEADER,1,0,0,47,0,0,0,0,0,0,0,0,0,0,0
128918,29,bully,1910,1,0,0,47,0,658,0,1,29,127008,1910,0,48,0,0,0,LEADER,1,0,0,47,0,0,0,0,0,0,0,0,0,0,0
128747,96,bully,1744,1,0,0,47,0,658,0,1,96,127003,1744,0,48,0,0,0,LEADER,1,0,0,47,0,0,0,0,0,0,0,0,0,0,0
128831,84,bully,1825,1,0,0,47,0,658,0,1,84,127006,1825,0,48,0,0,0,LEADER,1,0,0,47,0,0,0,0,0,0,0,0,0,0,0
128525,80,bully,1519,1,0,0,47,0,658,0,1,80,127006,1519,0,48,0,0,0,LEADER,1,0,0,47,0,0,0,0,0,0,0,0,0,0,0
128368,53,bully,2283,1,0,0,46,0,644,0,1,53,126085,2283,0,47,0,0,0,LEADER,1,0,0,46,0,0,0,0,0,0,0,0,0,0,0
128444,92,bully,1438,1,0,0,47,0,658,0,1,92,127006,1438,0,48,0,0,0,LEADER,1,0,0,47,0,0,0,0,0,0,0,0,0,0,0
128880,62,bully,1874,1,0,0,47,0,658,0,1,62,127006,1874,0,48,0,0,0,LEADER,1,0,0,47,0,0,0,0,0,0,0,0,0,0,0
128621,91,bully,1619,1,0,0,47,0,658,0,1,91,127002,1619,0,48,0,0,0,LEADER,1,0,0,47,0,0,0,0,0,0,0,0,0,0,0
128577,15,bully,1571,1,0,0,47,0,658,0,1,15,127006,1571,0,48,0,0,0,LEADER,1,0,0,47,0,0,0,0,0,0,0,0,0,0,0
128246,26,bully,2161,1,0,0,46,0,644,0,1,26,126085,2161,0,47,0,0,0,LEADER,1,0,0,46,0,0,0,0,0,0,0,0,0,0,0
128983,49,bully,1977,1,0,0,47,0,658,0,1,49,127006,1977,0,48,0,0,0,LEADER,1,0,0,47,0,0,0,0,0,0,0,0,0,0,0
128798,58,bully,1792,1,0,0,47,0,658,0,1,58,127006,1792,0,48,0,0,0,LEADER,1,0,0,47,0,0,0,0,0,0,0,0,0,0,0
128331,86,bully,2246,1,0,0,46,0,644,0,1,86,126085,2246,0,47,0,0,0,LEADER,1,0,0,46,0,0,0,0,0,0,0,0,0,0,0
128504,50,bully,2419,1,0,0,46,0,644,0,1,50,126085,2419,0,47,0,0,0,LEADER,1,0,0,46,0,0,0,0,0,0,0,0,0,0,0
128356,85,bully,2268,1,0,0,46,0,644,0,1,85,126088,2268,0,47,0,0,0,LEADER,1,0,0,46,0,0,0,0,0,0,0,0,0,0,0
128295,87,bully,2212,1,0,0,46,0,644,0,1,87,126083,2212,0,47,0,0,0,LEADER,1,0,0,46,0,0,0,0,0,0,0,0,0,0,0
128501,64,bully,2416,1,0,0,46,0,644,0,1,64,126085,2416,0,47,0,0,0,LEADER,1,0,0,46,0,0,0,0,0,0,0,0,0,0,0
128350,11,bully,2264,1,0,0,46,0,644,0,1,11,126086,2264,0,47,0,0,0,LEADER,1,0,0,46,0,0,0,0,0,0,0,0,0,0,0
128440,18,bully,1434,1,0,0,47,0,658,0,1,18,127006,1434,0,48,0,0,0,LEADER,1,0,0,47,0,0,0,0,0,0,0,0,0,0,0
128559,90,bully,1553,1,0,0,47,0,658,0,1,90,127006,1553,0,48,0,0,0,LEADER,1,0,0,47,0,0,0,0,0,0,0,0,0,0,0
128453,35,bully,1447,1,0,0,47,0,658,0,1,35,127006,1447,0,48,0,0,0,LEADER,1,0,0,47,0,0,0,0,0,0,0,0,0,0,0
128334,43,bully,2249,1,0,0,46,0,644,0,1,43,126085,2249,0,47,0,0,0,LEADER,1,0,0,46,0,0,0,0,0,0,0,0,0,0,0
128473,28,bully,1467,1,0,0,47,0,658,0,1,28,127006,1467,0,48,0,0,0,LEADER,1,0,0,47,0,0,0,0,0,0,0,0,0,0,0
128311,44,bully,2228,1,0,0,46,0,644,0,1,44,126083,2228,0,47,0,0,0,LEADER,1,0,0,46,0,0,0,0,0,0,0,0,0,0,0
129147,23,bully,2141,1,0,0,47,0,658,0,1,23,127006,2141,0,48,0,0,0,LEADER,1,0,0,47,0,0,0,0,0,0,0,0,0,0,0
128467,30,bully,1461,1,0,0,47,0,658,0,1,30,127006,1461,0,48,0,0,0,LEADER,1,0,0,47,0,0,0,0,0,0,0,0,0,0,0
128865,94,bully,1859,1,0,0,47,0,658,0,1,94,127006,1859,0,48,0,0,0,LEADER,1,0,0,47,0,0,0,0,0,0,0,0,0,0,0
128507,38,bully,1501,1,0,0,47,0,658,0,1,38,127006,1501,0,48,0,0,0,LEADER,1,0,0,47,0,0,0,0,0,0,0,0,0,0,0
129186,66,bully,2180,1,0,0,47,0,658,0,1,66,127006,2180,0,48,0,0,0,LEADER,1,0,0,47,0,0,0,0,0,0,0,0,0,0,0
128492,70,bully,1486,1,0,0,47,0,658,0,1,70,127006,1486,0,48,0,0,0,LEADER,1,0,0,47,0,0,0,0,0,0,0,0,0,0,0
129137,88,bully,2131,1,0,0,47,0,658,0,1,88,127006,2131,0,48,0,0,0,LEADER,1,0,0,47,0,0,0,0,0,0,0,0,0,0,0
128320,75,bully,2235,1,0,0,46,0,644,0,1,75,126085,2235,0,47,0,0,0,LEADER,1,0,0,46,0,0,0,0,0,0,0,0,0,0,0
128330,12,bully,2243,1,0,0,46,0,644,0,1,12,126087,2243,0,47,0,0,0,LEADER,1,0,0,46,0,0,0,0,0,0,0,0,0,0,0
129031,27,bully,2025,1,0,0,47,0,658,0,1,27,127006,2025,0,48,0,0,0,LEADER,1,0,0,47,0,0,0,0,0,0,0,0,0,0,0
128520,42,bully,1514,1,0,0,47,0,658,0,1,42,127006,1514,0,48,0,0,0,LEADER,1,0,0,47,0,0,0,0,0,0,0,0,0,0,0
129167,24,bully,2161,1,0,0,47,0,658,0,1,24,127006,2161,0,48,0,0,0,LEADER,1,0,0,47,0,0,0,0,0,0,0,0,0,0,0
129119,46,bully,2113,1,0,0,47,0,658,0,1,46,127006,2113,0,48,0,0,0,LEADER,1,0,0,47,0,0,0,0,0,0,0,0,0,0,0
128643,34,bully,1637,1,0,0,47,0,658,0,1,34,127006,1637,0,48,0,0,0,LEADER,1,0,0,47,0,0,0,0,0,0,0,0,0,0,0
129016,59,bully,2010,1,0,0,47,0,658,0,1,59,127006,2010,0,48,0,0,0,LEADER,1,0,0,47,0,0,0,0,0,0,0,0,0,0,0
129298,32,bully,2292,1,0,0,47,0,658,0,1,32,127006,2292,0,48,0,0,0,LEADER,1,0,0,47,0,0,0,0,0,0,0,0,0,0,0
128913,72,bully,1907,1,0,0,47,0,658,0,1,72,127006,1907,0,48,0,0,0,LEADER,1,0,0,47,0,0,0,0,0,0,0,0,0,0,0
129325,63,bully,2316,1,0,0,47,0,658,0,1,63,127009,2316,0,48,0,0,0,LEADER,1,0,0,47,0,0,0,0,0,0,0,0,0,0,0
128798,74,bully,1792,1,0,0,47,0,658,0,1,74,127006,1792,0,48,0,0,0,LEADER,1,0,0,47,0,0,0,0,0,0,0,0,0,0,0
128540,48,bully,1534,1,0,0,47,0,658,0,1,48,127006,1534,0,48,0,0,0,LEADER,1,0,0,47,0,0,0,0,0,0,0,0,0,0,0
129001,57,bully,1995,1,0,0,47,0,658,0,1,57,127006,1995,0,48,0,0,0,LEADER,1,0,0,47,0,0,0,0,0,0,0,0,0,0,0
129071,68,bully,2065,1,0,0,47,0,658,0,1,68,127006,2065,0,48,0,0,0,LEADER,1,0,0,47,0,0,0,0,0,0,0,0,0,0,0
128472,45,bully,1466,1,0,0,47,0,658,0,1,45,127006,1466,0,48,0,0,0,LEADER,1,0,0,47,0,0,0,0,0,0,0,0,0,0,0
128829,93,bully,1823,1,0,0,47,0,658,0,1,93,127006,1823,0,48,0,0,0,LEADER,1,0,0,47,0,0,0,0,0,0,0,0,0,0,0
129410,82,bully,2404,1,0,0,47,0,658,0,1,82,127006,2404,0,48,0,0,0,LEADER,1,0,0,47,0,0,0,0,0,0,0,0,0,0,0
129404,51,bully,2398,1,0,0,47,0,658,0,1,51,127006,2398,0,48,0,0,0,LEADER,1,0,0,47,0,0,0,0,0,0,0,0,0,0,0
128949,39,bully,1943,1,0,0,47,0,658,0,1,39,127006,1943,0,48,0,0,0,LEADER,1,0,0,47,0,0,0,0,0,0,0,0,0,0,0
128695,78,bully,1689,1,0,0,47,0,658,0,1,78,127006,1689,0,48,0,0,0,LEADER,1,0,0,47,0,0,0,0,0,0,0,0,0,0,0
129083,79,bully,2077,1,0,0,47,0,658,0,1,79,127006,2077,0,48,0,0,0,LEADER,1,0,0,47,0,0,0,0,0,0,0,0,0,0,0
128658,14,bully,1652,1,0,0,47,0,658,0,1,14,127006,1652,0,48,0,0,0,LEADER,1,0,0,47,0,0,0,0,0,0,0,0,0,0,0
129085,36,bully,2080,1,0,0,47,0,658,0,1,36,127005,2080,0,48,0,0,0,LEADER,1,0,0,47,0,0,0,0,0,0,0,0,0,0,0
128968,81,bully,1962,1,0,0,47,0,658,0,1,81,127006,1962,0,48,0,0,0,LEADER,1,0,0,47,0,0,0,0,0,0,0,0,0,0,0
128628,67,bully,1622,1,0,0,47,0,658,0,1,67,127006,1622,0,48,0,0,0,LEADER,1,0,0,47,0,0,0,0,0,0,0,0,0,0,0
129389,83,bully,2383,1,0,0,47,0,658,0,1,83,127006,2383,0,48,0,0,0,LEADER,1,0,0,47,0,0,0,0,0,0,0,0,0,0,0
129533,99,bully,1607,1,0,0,47,0,658,0,1,99,127926,1607,0,48,0,0,0,LEADER,1,0,0,47,0,0,0,0,0,0,0,0,0,0,0
128710,55,bully,1704,1,0,0,47,0,658,0,1,55,127006,1704,0,48,0,0,0,LEADER,1,0,0,47,0,0,0,0,0,0,0,0,0,0,0
129500,89,bully,1574,1,0,0,47,0,658,0,1,89,127926,1574,0,48,0,0,0,LEADER,1,0,0,47,0,0,0,0,0,0,0,0,0,0,0
128662,77,bully,1656,1,0,0,47,0,658,0,1,77,127006,1656,0,48,0,0,0,LEADER,1,0,0,47,0,0,0,0,0,0,0,0,0,0,0
128934,71,bully,1928,1,0,0,47,0,658,0,1,71,127006,1928,0,48,0,0,0,LEADER,1,0,0,47,0,0,0,0,0,0,0,0,0,0,0
128846,52,bully,1840,1,0,0,47,0,658,0,1,52,127006,1840,0,48,0,0,0,LEADER,1,0,0,47,0,0,0,0,0,0,0,0,0,0,0
129213,76,bully,2213,1,0,0,47,0,658,0,1,76,127000,2213,0,48,0,0,0,LEADER,1,0,0,47,0,0,0,0,0,0,0,0,0,0,0
128813,10,bully,1807,1,0,0,47,0,658,0,1,10,127006,1807,0,48,0,0,0,LEADER,1,0,0,47,0,0,0,0,0,0,0,0,0,0,0
128746,22,bully,1740,1,0,0,47,0,658,0,1,22,127006,1740,0,48,0,0,0,LEADER,1,0,0,47,0,0,0,0,0,0,0,0,0,0,0
128894,21,bully,1889,1,0,0,47,0,658,0,1,21,127005,1889,0,48,0,0,0,LEADER,1,0,0,47,0,0,0,0,0,0,0,0,0,0,0
129152,56,bully,2146,1,0,0,47,0,658,0,1,56,127006,2146,0,48,0,0,0,LEADER,1,0,0,47,0,0,0,0,0,0,0,0,0,0,0
128677,60,bully,1671,1,0,0,47,0,658,0,1,60,127006,1671,0,48,0,0,0,LEADER,1,0,0,47,0,0,0,0,0,0,0,0,0,0,0
129530,25,bully,1604,1,0,0,47,0,658,0,1,25,127926,1604,0,48,0,0,0,LEADER,1,0,0,47,0,0,0,0,0,0,0,0,0,0,0
128743,65,bully,1737,1,0,0,47,0,658,0,1,65,127006,1737,0,48,0,0,0,LEADER,1,0,0,47,0,0,0,0,0,0,0,0,0,0,0
129419,19,bully,2413,1,0,0,47,0,658,0,1,19,127006,2413,0,48,0,0,0,LEADER,1,0,0,47,0,0,0,0,0,0,0,0,0,0,0
129049,69,bully,2043,1,0,0,47,0,658,0,1,69,127006,2043,0,48,0,0,0,LEADER,1,0,0,47,0,0,0,0,0,0,0,0,0,0,0
129651,54,bully,1725,1,0,0,47,0,658,0,1,54,127926,1725,0,48,0,0,0,LEADER,1,0,0,47,0,0,0,0,0,0,0,0,0,0,0
128998,17,bully,1992,1,0,0,47,0,658,0,1,17,127006,1992,0,48,0,0,0,LEADER,1,0,0,47,0,0,0,0,0,0,0,0,0,0,0
129512,100,bully,1586,1,0,0,47,0,658,0,1,100,127926,1586,0,48,0,0,0,LEADER,1,0,0,47,0,0,0,0,0,0,0,0,0,0,0
129475,16,bully,1549,1,0,0,47,0,658,0,1,16,127926,1549,0,48,0,0,0,LEADER,1,0,0,47,0,0,0,0,0,0,0,0,0,0,0
129064,37,bully,2058,1,0,0,47,0,658,0,1,37,127006,2058,0,48,0,0,0,LEADER,1,0,0,47,0,0,0,0,0,0,0,0,0,0,0
129700,13,bully,1774,1,0,0,47,0,658,0,1,13,127926,1774,0,48,0,0,0,LEADER,1,0,0,47,0,0,0,0,0,0,0,0,0,0,0
128861,20,bully,1855,1,0,0,47,0,658,0,1,20,127006,1855,0,48,0,0,0,LEADER,1,0,0,47,0,0,0,0,0,0,0,0,0,0,0
129493,41,bully,1567,1,0,0,47,0,658,0,1,41,127926,1567,0,48,0,0,0,LEADER,1,0,0,47,0,0,0,0,0,0,0,0,0,0,0
129482,47,bully,1556,1,0,0,47,0,658,0,1,47,127926,1556,0,48,0,0,0,LEADER,1,0,0,47,0,0,0,0,0,0,0,0,0,0,0
129308,95,bully,2301,1,0,0,47,0,658,0,1,95,127007,2301,0,48,0,0,0,LEADER,1,0,0,47,0,0,0,0,0,0,0,0,0,0,0
129171,98,bully,2165,1,0,0,47,0,658,0,1,98,127006,2165,0,48,0,0,0,LEADER,1,0,0,47,0,0,0,0,0,0,0,0,0,0,0
129355,73,bully,2349,1,0,0,47,0,658,0,1,73,127006,2349,0,48,0,0,0,LEADER,1,0,0,47,0,0,0,0,0,0,0,0,0,0,0
129678,33,bully,1752,1,0,0,47,0,658,0,1,33,127926,1752,0,48,0,0,0,LEADER,1,0,0,47,0,0,0,0,0,0,0,0,0,0,0
129648,97,bully,1722,1,0,0,47,0,658,0,1,97,127926,1722,0,48,0,0,0,LEADER,1,0,0,47,0,0,0,0,0,0,0,0,0,0,0
128901,61,bully,1895,1,0,0,47,0,658,0,1,61,127006,1895,0,48,0,0,0,LEADER,1,0,0,47,0,0,0,0,0,0,0,0,0,0,0
129848,40,bully,1922,1,0,0,47,0,658,0,1,40,127926,1922,0,48,0,0,0,LEADER,1,0,0,47,0,0,0,0,0,0,0,0,0,0,0
129337,31,bully,2331,1,0,0,47,0,658,0,1,31,127006,2331,0,48,0,0,0,LEADER,1,0,0,47,0,0,0,0,0,0,0,0,0,0,0
129838,29,bully,1910,1,0,0,47,0,658,0,1,29,127928,1910,0,48,0,0,0,LEADER,1,0,0,47,0,0,0,0,0,0,0,0,0,0,0
129667,96,bully,1744,1,0,0,47,0,658,0,1,96,127923,1744,0,48,0,0,0,LEADER,1,0,0,47,0,0,0,0,0,0,0,0,0,0,0
129751,84,bully,1825,1,0,0,47,0,658,0,1,84,127926,1825,0,48,0,0,0,LEADER,1,0,0,47,0,0,0,0,0,0,0,0,0,0,0
129445,80,bully,1519,1,0,0,47,0,658,0,1,80,127926,1519,0,48,0,0,0,LEADER,1,0,0,47,0,0,0,0,0,0,0,0,0,0,0
129289,53,bully,2283,1,0,0,47,0,658,0,1,53,127006,2283,0,48,0,0,0,LEADER,1,0,0,47,0,0,0,0,0,0,0,0,0,0,0
129364,92,bully,1438,1,0,0,47,0,658,0,1,92,127926,1438,0,48,0,0,0,LEADER,1,0,0,47,0,0,0,0,0,0,0,0,0,0,0
129800,62,bully,1874,1,0,0,47,0,658,0,1,62,127926,1874,0,48,0,0,0,LEADER,1,0,0,47,0,0,0,0,0,0,0,0,0,0,0
129541,91,bully,1619,1,0,0,47,0,658,0,1,91,127922,1619,0,48,0,0,0,LEADER,1,0,0,47,0,0,0,0,0,0,0,0,0,0,0
129497,15,bully,1571,1,0,0,47,0,658,0,1,15,127926,1571,0,48,0,0,0,LEADER,1,0,0,47,0,0,0,0,0,0,0,0,0,0,0
129167,26,bully,2161,1,0,0,47,0,658,0,1,26,127006,2161,0,48,0,0,0,LEADER,1,0,0,47,0,0,0,0,0,0,0,0,0,0,0
129903,49,bully,1977,1,0,0,47,0,658,0,1,49,127926,1977,0,48,0,0,0,LEADER,1,0,0,47,0,0,0,0,0,0,0,0,0,0,0
129718,58,bully,1792,1,0,0,47,0,658,0,1,58,127926,1792,0,48,0,0,0,LEADER,1,0,0,47,0,0,0,0,0,0,0,0,0,0,0
129252,86,bully,2246,1,0,0,47,0,658,0,1,86,127006,2246,0,48,0,0,0,LEADER,1,0,0,47,0,0,0,0,0,0,0,0,0,0,0
129425,50,bully,2419,1,0,0,47,0,658,0,1,50,127006,2419,0,48,0,0,0,LEADER,1,0,0,47,0,0,0,0,0,0,0,0,0,0,0
129277,85,bully,2268,1,0,0,47,0,658,0,1,85,127009,2268,0,48,0,0,0,LEADER,1,0,0,47,0,0,0,0,0,0,0,0,0,0,0
129216,87,bully,2212,1,0,0,47,0,658,0,1,87,127004,2212,0,48,0,0,0,LEADER,1,0,0,47,0,0,0,0,0,0,0,0,0,0,0
129422,64,bully,2416,1,0,0,47,0,658,0,1,64,127006,2416,0,48,0,0,0,LEADER,1,0,0,47,0,0,0,0,0,0,0,0,0,0,0
129360,18,bully,1434,1,0,0,47,0,658,0,1,18,127926,1434,0,48,0,0,0,LEADER,1,0,0,47,0,0,0,0,0,0,0,0,0,0,0
129271,11,bully,2264,1,0,0,47,0,658,0,1,11,127007,2264,0,48,0,0,0,LEADER,1,0,0,47,0,0,0,0,0,0,0,0,0,0,0
129479,90,bully,1553,1,0,0,47,0,658,0,1,90,127926,1553,0,48,0,0,0,LEADER,1,0,0,47,0,0,0,0,0,0,0,0,0,0,0
129373,35,bully,1447,1,0,0,47,0,658,0,1,35,127926,1447,0,48,0,0,0,LEADER,1,0,0,47,0,0,0,0,0,0,0,0,0,0,0
129255,43,bully,2249,1,0,0,47,0,658,0,1,43,127006,2249,0,48,0,0,0,LEADER,1,0,0,47,0,0,0,0,0,0,0,0,0,0,0
129393,28,bully,1467,1,0,0,47,0,658,0,1,28,127926,1467,0,48,0,0,0,LEADER,1,0,0,47,0,0,0,0,0,0,0,0,0,0,0
129232,44,bully,2228,1,0,0,47,0,658,0,1,44,127004,2228,0,48,0,0,0,LEADER,1,0,0,47,0,0,0,0,0,0,0,0,0,0,0
130067,23,bully,2141,1,0,0,47,0,658,0,1,23,127926,2141,0,48,0,0,0,LEADER,1,0,0,47,0,0,0,0,0,0,0,0,0,0,0
129387,30,bully,1461,1,0,0,47,0,658,0,1,30,127926,1461,0,48,0,0,0,LEADER,1,0,0,47,0,0,0,0,0,0,0,0,0,0,0
129785,94,bully,1859,1,0,0,47,0,658,0,1,94,127926,1859,0,48,0,0,0,LEADER,1,0,0,47,0,0,0,0,0,0,0,0,0,0,0
129427,38,bully,1501,1,0,0,47,0,658,0,1,38,127926,1501,0,48,0,0,0,LEADER,1,0,0,47,0,0,0,0,0,0,0,0,0,0,0
130106,66,bully,2180,1,0,0,47,0,658,0,1,66,127926,2180,0,48,0,0,0,LEADER,1,0,0,47,0,0,0,0,0,0,0,0,0,0,0
129412,70,bully,1486,1,0,0,47,0,658,0,1,70,127926,1486,0,48,0,0,0,LEADER,1,0,0,47,0,0,0,0,0,0,0,0,0,0,0
130057,88,bully,2131,1,0,0,47,0,658,0,1,88,127926,2131,0,48,0,0,0,LEADER,1,0,0,47,0,0,0,0,0,0,0,0,0,0,0
129241,75,bully,2235,1,0,0,47,0,658,0,1,75,127006,2235,0,48,0,0,0,LEADER,1,0,0,47,0,0,0,0,0,0,0,0,0,0,0
129251,12,bully,2243,1,0,0,47,0,658,0,1,12,127008,2243,0,48,0,0,0,LEADER,1,0,0,47,0,0,0,0,0,0,0,0,0,0,0
129951,27,bully,2025,1,0,0,47,0,658,0,1,27,127926,2025,0,48,0,0,0,LEADER,1,0,0,47,0,0,0,0,0,0,0,0,0,0,0
129440,42,bully,1514,1,0,0,47,0,658,0,1,42,127926,1514,0,48,0,0,0,LEADER,1,0,0,47,0,0,0,0,0,0,0,0,0,0,0
130087,24,bully,2161,1,0,0,47,0,658,0,1,24,127926,2161,0,48,0,0,0,LEADER,1,0,0,47,0,0,0,0,0,0,0,0,0,0,0
130039,46,bully,2113,1,0,0,47,0,658,0,1,46,127926,2113,0,48,0,0,0,LEADER,1,0,0,47,0,0,0,0,0,0,0,0,0,0,0
129563,34,bully,1637,1,0,0,47,0,658,0,1,34,127926,1637,0,48,0,0,0,LEADER,1,0,0,47,0,0,0,0,0,0,0,0,0,0,0
129936,59,bully,2010,1,0,0,47,0,658,0,1,59,127926,2010,0,48,0,0,0,LEADER,1,0,0,47,0,0,0,0,0,0,0,0,0,0,0
130218,32,bully,2292,1,0,0,47,0,658,0,1,32,127926,2292,0,48,0,0,0,LEADER,1,0,0,47,0,0,0,0,0,0,0,0,0,0,0
129833,72,bully,1907,1,0,0,47,0,658,0,1,72,127926,1907,0,48,0,0,0,LEADER,1,0,0,47,0,0,0,0,0,0,0,0,0,0,0
130245,63,bully,2316,1,0,0,47,0,658,0,1,63,127929,2316,0,48,0,0,0,LEADER,1,0,0,47,0,0,0,0,0,0,0,0,0,0,0
129718,74,bully,1792,1,0,0,47,0,658,0,1,74,127926,1792,0,48,0,0,0,LEADER,1,0,0,47,0,0,0,0,0,0,0,0,0,0,0
129460,48,bully,1534,1,0,0,47,0,658,0,1,48,127926,1534,0,48,0,0,0,LEADER,1,0,0,47,0,0,0,0,0,0,0,0,0,0,0
129921,57,bully,1995,1,0,0,47,0,658,0,1,57,127926,1995,0,48,0,0,0,LEADER,1,0,0,47,0,0,0,0,0,0,0,0,0,0,0
129991,68,bully,2065,1,0,0,47,0,658,0,1,68,127926,2065,0,48,0,0,0,LEADER,1,0,0,47,0,0,0,0,0,0,0,0,0,0,0
129392,45,bully,1466,1,0,0,47,0,658,0,1,45,127926,1466,0,48,0,0,0,LEADER,1,0,0,47,0,0,0,0,0,0,0,0,0,0,0
129749,93,bully,1823,1,0,0,47,0,658,0,1,93,127926,1823,0,48,0,0,0,LEADER,1,0,0,47,0,0,0,0,0,0,0,0,0,0,0
130330,82,bully,2404,1,0,0,47,0,658,0,1,82,127926,2404,0,48,0,0,0,LEADER,1,0,0,47,0,0,0,0,0,0,0,0,0,0,0
130324,51,bully,2398,1,0,0,47,0,658,0,1,51,127926,2398,0,48,0,0,0,LEADER,1,0,0,47,0,0,0,0,0,0,0,0,0,0,0
129869,39,bully,1943,1,0,0,47,0,658,0,1,39,127926,1943,0,48,0,0,0,LEADER,1,0,0,47,0,0,0,0,0,0,0,0,0,0,0
129615,78,bully,1689,1,0,0,47,0,658,0,1,78,127926,1689,0,48,0,0,0,LEADER,1,0,0,47,0,0,0,0,0,0,0,0,0,0,0
130003,79,bully,2077,1,0,0,47,0,658,0,1,79,127926,2077,0,48,0,0,0,LEADER,1,0,0,47,0,0,0,0,0,0,0,0,0,0,0
129578,14,bully,1652,1,0,0,47,0,658,0,1,14,127926,1652,0,48,0,0,0,LEADER,1,0,0,47,0,0,0,0,0,0,0,0,0,0,0
130005,36,bully,2080,1,0,0,47,0,658,0,1,36,127925,2080,0,48,0,0,0,LEADER,1,0,0,47,0,0,0,0,0,0,0,0,0,0,0
129888,81,bully,1962,1,0,0,47,0,658,0,1,81,127926,1962,0,48,0,0,0,LEADER,1,0,0,47,0,0,0,0,0,0,0,0,0,0,0
129548,67,bully,1622,1,0,0,47,0,658,0,1,67,127926,1622,0,48,0,0,0,LEADER,1,0,0,47,0,0,0,0,0,0,0,0,0,0,0
130309,83,bully,2383,1,0,0,47,0,658,0,1,83,127926,2383,0,48,0,0,0,LEADER,1,0,0,47,0,0,0,0,0,0,0,0,0,0,0
130453,99,bully,1607,1,0,0,47,0,658,0,1,99,128846,1607,0,48,0,0,0,LEADER,1,0,0,47,0,0,0,0,0,0,0,0,0,0,0
129630,55,bully,1704,1,0,0,47,0,658,0,1,55,127926,1704,0,48,0,0,0,LEADER,1,0,0,47,0,0,0,0,0,0,0,0,0,0,0
130420,89,bully,1574,1,0,0,47,0,658,0,1,89,128846,1574,0,48,0,0,0,LEADER,1,0,0,47,0,0,0,0,0,0,0,0,0,0,0
129582,77,bully,1656,1,0,0,47,0,658,0,1,77,127926,1656,0,48,0,0,0,LEADER,1,0,0,47,0,0,0,0,0,0,0,0,0,0,0
129854,71,bully,1928,1,0,0,47,0,658,0,1,71,127926,1928,0,48,0,0,0,LEADER,1,0,0,47,0,0,0,0,0,0,0,0,0,0,0
129766,52,bully,1840,1,0,0,47,0,658,0,1,52,127926,1840,0,48,0,0,0,LEADER,1,0,0,47,0,0,0,0,0,0,0,0,0,0,0
130133,76,bully,2213,1,0,0,47,0,658,0,1,76,127920,2213,0,48,0,0,0,LEADER,1,0,0,47,0,0,0,0,0,0,0,0,0,0,0
129733,10,bully,1807,1,0,0,47,0,658,0,1,10,127926,1807,0,48,0,0,0,LEADER,1,0,0,47,0,0,0,0,0,0,0,0,0,0,0
129666,22,bully,1740,1,0,0,47,0,658,0,1,22,127926,1740,0,48,0,0,0,LEADER,1,0,0,47,0,0,0,0,0,0,0,0,0,0,0
129814,21,bully,1889,1,0,0,47,0,658,0,1,21,127925,1889,0,48,0,0,0,LEADER,1,0,0,47,0,0,0,0,0,0,0,0,0,0,0
130072,56,bully,2146,1,0,0,47,0,658,0,1,56,127926,2146,0,48,0,0,0,LEADER,1,0,0,47,0,0,0,0,0,0,0,0,0,0,0
129597,60,bully,1671,1,0,0,47,0,658,0,1,60,127926,1671,0,48,0,0,0,LEADER,1,0,0,47,0,0,0,0,0,0,0,0,0,0,0
130450,25,bully,1604,1,0,0,47,0,658,0,1,25,128846,1604,0,48,0,0,0,LEADER,1,0,0,47,0,0,0,0,0,0,0,0,0,0,0
129663,65,bully,1737,1,0,0,47,0,658,0,1,65,127926,1737,0,48,0,0,0,LEADER,1,0,0,47,0,0,0,0,0,0,0,0,0,0,0
130339,19,bully,2413,1,0,0,47,0,658,0,1,19,127926,2413,0,48,0,0,0,LEADER,1,0,0,47,0,0,0,0,0,0,0,0,0,0,0
129969,69,bully,2043,1,0,0,47,0,658,0,1,69,127926,2043,0,48,0,0,0,LEADER,1,0,0,47,0,0,0,0,0,0,0,0,0,0,0
130571,54,bully,1725,1,0,0,47,0,658,0,1,54,128846,1725,0,48,0,0,0,LEADER,1,0,0,47,0,0,0,0,0,0,0,0,0,0,0
129918,17,bully,1992,1,0,0,47,0,658,0,1,17,127926,1992,0,48,0,0,0,LEADER,1,0,0,47,0,0,0,0,0,0,0,0,0,0,0
130432,100,bully,1586,1,0,0,47,0,658,0,1,100,128846,1586,0,48,0,0,0,LEADER,1,0,0,47,0,0,0,0,0,0,0,0,0,0,0
130395,16,bully,1549,1,0,0,47,0,658,0,1,16,128846,1549,0,48,0,0,0,LEADER,1,0,0,47,0,0,0,0,0,0,0,0,0,0,0
129984,37,bully,2058,1,0,0,47,0,658,0,1,37,127926,2058,0,48,0,0,0,LEADER,1,0,0,47,0,0,0,0,0,0,0,0,0,0,0
130620,13,bully,1774,1,0,0,47,0,658,0,1,13,128846,1774,0,48,0,0,0,LEADER,1,0,0,47,0,0,0,0,0,0,0,0,0,0,0
129781,20,bully,1855,1,0,0,47,0,658,0,1,20,127926,1855,0,48,0,0,0,LEADER,1,0,0,47,0,0,0,0,0,0,0,0,0,0,0
130413,41,bully,1567,1,0,0,47,0,658,0,1,41,128846,1567,0,48,0,0,0,LEADER,1,0,0,47,0,0,0,0,0,0,0,0,0,0,0
130402,47,bully,1556,1,0,0,47,0,658,0,1,47,128846,1556,0,48,0,0,0,LEADER,1,0,0,47,0,0,0,0,0,0,0,0,0,0,0
130228,95,bully,2301,1,0,0,47,0,658,0,1,95,127927,2301,0,48,0,0,0,LEADER,1,0,0,47,0,0,0,0,0,0,0,0,0,0,0
130091,98,bully,2165,1,0,0,47,0,658,0,1,98,127926,2165,0,48,0,0,0,LEADER,1,0,0,47,0,0,0,0,0,0,0,0,0,0,0
130275,73,bully,2349,1,0,0,47,0,658,0,1,73,127926,2349,0,48,0,0,0,LEADER,1,0,0,47,0,0,0,0,0,0,0,0,0,0,0
130598,33,bully,1752,1,0,0,47,0,658,0,1,33,128846,1752,0,48,0,0,0,LEADER,1,0,0,47,0,0,0,0,0,0,0,0,0,0,0
130568,97,bully,1722,1,0,0,47,0,658,0,1,97,128846,1722,0,48,0,0,0,LEADER,1,0,0,47,0,0,0,0,0,0,0,0,0,0,0
129821,61,bully,1895,1,0,0,47,0,658,0,1,61,127926,1895,0,48,0,0,0,LEADER,1,0,0,47,0,0,0,0,0,0,0,0,0,0,0
130768,40,bully,1922,1,0,0,47,0,658,0,1,40,128846,1922,0,48,0,0,0,LEADER,1,0,0,47,0,0,0,0,0,0,0,0,0,0,0
130257,31,bully,2331,1,0,0,47,0,658,0,1,31,127926,2331,0,48,0,0,0,LEADER,1,0,0,47,0,0,0,0,0,0,0,0,0,0,0
130758,29,bully,1910,1,0,0,47,0,658,0,1,29,128848,1910,0,48,0,0,0,LEADER,1,0,0,47,0,0,0,0,0,0,0,0,0,0,0
130587,96,bully,1744,1,0,0,47,0,658,0,1,96,128843,1744,0,48,0,0,0,LEADER,1,0,0,47,0,0,0,0,0,0,0,0,0,0,0
130671,84,bully,1825,1,0,0,47,0,658,0,1,84,128846,1825,0,48,0,0,0,LEADER,1,0,0,47,0,0,0,0,0,0,0,0,0,0,0
130365,80,bully,1519,1,0,0,47,0,658,0,1,80,128846,1519,0,48,0,0,0,LEADER,1,0,0,47,0,0,0,0,0,0,0,0,0,0,0
130209,53,bully,2283,1,0,0,47,0,658,0,1,53,127926,2283,0,48,0,0,0,LEADER,1,0,0,47,0,0,0,0,0,0,0,0,0,0,0
130284,92,bully,1438,1,0,0,47,0,658,0,1,92,128846,1438,0,48,0,0,0,LEADER,1,0,0,47,0,0,0,0,0,0,0,0,0,0,0
130720,62,bully,1874,1,0,0,47,0,658,0,1,62,128846,1874,0,48,0,0,0,LEADER,1,0,0,47,0,0,0,0,0,0,0,0,0,0,0
130461,91,bully,1619,1,0,0,47,0,658,0,1,91,128842,1619,0,48,0,0,0,LEADER,1,0,0,47,0,0,0,0,0,0,0,0,0,0,0
130417,15,bully,1571,1,0,0,47,0,658,0,1,15,128846,1571,0,48,0,0,0,LEADER,1,0,0,47,0,0,0,0,0,0,0,0,0,0,0
130087,26,bully,2161,1,0,0,47,0,658,0,1,26,127926,2161,0,48,0,0,0,LEADER,1,0,0,47,0,0,0,0,0,0,0,0,0,0,0
130823,49,bully,1977,1,0,0,47,0,658,0,1,49,128846,1977,0,48,0,0,0,LEADER,1,0,0,47,0,0,0,0,0,0,0,0,0,0,0
130638,58,bully,1792,1,0,0,47,0,658,0,1,58,128846,1792,0,48,0,0,0,LEADER,1,0,0,47,0,0,0,0,0,0,0,0,0,0,0
130172,86,bully,2246,1,0,0,47,0,658,0,1,86,127926,2246,0,48,0,0,0,LEADER,1,0,0,47,0,0,0,0,0,0,0,0,0,0,0
130345,50,bully,2419,1,0,0,47,0,658,0,1,50,127926,2419,0,48,0,0,0,LEADER,1,0,0,47,0,0,0,0,0,0,0,0,0,0,0
130197,85,bully,2268,1,0,0,47,0,658,0,1,85,127929,2268,0,48,0,0,0,LEADER,1,0,0,47,0,0,0,0,0,0,0,0,0,0,0
130136,87,bully,2212,1,0,0,47,0,658,0,1,87,127924,2212,0,48,0,0,0,LEADER,1,0,0,47,0,0,0,0,0,0,0,0,0,0,0
130342,64,bully,2416,1,0,0,47,0,658,0,1,64,127926,2416,0,48,0,0,0,LEADER,1,0,0,47,0,0,0,0,0,0,0,0,0,0,0
130280,18,bully,1434,1,0,0,47,0,658,0,1,18,128846,1434,0,48,0,0,0,LEADER,1,0,0,47,0,0,0,0,0,0,0,0,0,0,0
130191,11,bully,2264,1,0,0,47,0,658,0,1,11,127927,2264,0,48,0,0,0,LEADER,1,0,0,47,0,0,0,0,0,0,0,0,0,0,0
130399,90,bully,1553,1,0,0,47,0,658,0,1,90,128846,1553,0,48,0,0,0,LEADER,1,0,0,47,0,0,0,0,0,0,0,0,0,0,0
130293,35,bully,1447,1,0,0,47,0,658,0,1,35,128846,1447,0,48,0,0,0,LEADER,1,0,0,47,0,0,0,0,0,0,0,0,0,0,0
130175,43,bully,2249,1,0,0,47,0,658,0,1,43,127926,2249,0,48,0,0,0,LEADER,1,0,0,47,0,0,0,0,0,0,0,0,0,0,0
130313,28,bully,1467,1,0,0,47,0,658,0,1,28,128846,1467,0,48,0,0,0,LEADER,1,0,0,47,0,0,0,0,0,0,0,0,0,0,0
130289,5,bully,2001,1,0,0,14,20,196,280,5,7,128288,2001,0,7,0,0,0,NORMAL,0,0,0,14,0,0,0,20,0,0,0,0,0,0,0
130152,44,bully,2228,1,0,0,47,0,658,0,1,44,127924,2228,0,48,0,0,0,LEADER,1,0,0,47,0,0,0,0,0,0,0,0,0,0,0
130987,23,bully,2141,1,0,0,47,0,658,0,1,23,128846,2141,0,48,0,0,0,LEADER,1,0,0,47,0,0,0,0,0,0,0,0,0,0,0
130307,30,bully,1461,1,0,0,47,0,658,0,1,30,128846,1461,0,48,0,0,0,LEADER,1,0,0,47,0,0,0,0,0,0,0,0,0,0,0
130705,94,bully,1859,1,0,0,47,0,658,0,1,94,128846,1859,0,48,0,0,0,LEADER,1,0,0,47,0,0,0,0,0,0,0,0,0,0,0
130347,38,bully,1501,1,0,0,47,0,658,0,1,38,128846,1501,0,48,0,0,0,LEADER,1,0,0,47,0,0,0,0,0,0,0,0,0,0,0
131026,66,bully,2180,1,0,0,47,0,658,0,1,66,128846,2180,0,48,0,0,0,LEADER,1,0,0,47,0,0,0,0,0,0,0,0,0,0,0
130332,70,bully,1486,1,0,0,47,0,658,0,1,70,128846,1486,0,48,0,0,0,LEADER,1,0,0,47,0,0,0,0,0,0,0,0,0,0,0
130977,88,bully,2131,1,0,0,47,0,658,0,1,88,128846,2131,0,48,0,0,0,LEADER,1,0,0,47,0,0,0,0,0,0,0,0,0,0,0
130161,75,bully,2235,1,0,0,47,0,658,0,1,75,127926,2235,0,48,0,0,0,LEADER,1,0,0,47,0,0,0,0,0,0,0,0,0,0,0
130171,12,bully,2243,1,0,0,47,0,658,0,1,12,127928,2243,0,48,0,0,0,LEADER,1,0,0,47,0,0,0,0,0,0,0,0,0,0,0
130871,27,bully,2025,1,0,0,47,0,658,0,1,27,128846,2025,0,48,0,0,0,LEADER,1,0,0,47,0,0,0,0,0,0,0,0,0,0,0
130360,42,bully,1514,1,0,0,47,0,658,0,1,42,128846,1514,0,48,0,0,0,LEADER,1,0,0,47,0,0,0,0,0,0,0,0,0,0,0
131007,24,bully,2161,1,0,0,47,0,658,0,1,24,128846,2161,0,48,0,0,0,LEADER,1,0,0,47,0,0,0,0,0,0,0,0,0,0,0
130959,46,bully,2113,1,0,0,47,0,658,0,1,46,128846,2113,0,48,0,0,0,LEADER,1,0,0,47,0,0,0,0,0,0,0,0,0,0,0
130483,34,bully,1637,1,0,0,47,0,658,0,1,34,128846,1637,0,48,0,0,0,LEADER,1,0,0,47,0,0,0,0,0,0,0,0,0,0,0
130856,59,bully,2010,1,0,0,47,0,658,0,1,59,128846,2010,0,48,0,0,0,LEADER,1,0,0,47,0,0,0,0,0,0,0,0,0,0,0
131138,32,bully,2292,1,0,0,47,0,658,0,1,32,128846,2292,0,48,0,0,0,LEADER,1,0,0,47,0,0,0,0,0,0,0,0,0,0,0
130753,72,bully,1907,1,0,0,47,0,658,0,1,72,128846,1907,0,48,0,0,0,LEADER,1,0,0,47,0,0,0,0,0,0,0,0,0,0,0
131165,63,bully,2316,1,0,0,47,0,658,0,1,63,128849,2316,0,48,0,0,0,LEADER,1,0,0,47,0,0,0,0,0,0,0,0,0,0,0
130638,74,bully,1792,1,0,0,47,0,658,0,1,74,128846,1792,0,48,0,0,0,LEADER,1,0,0,47,0,0,0,0,0,0,0,0,0,0,0
130380,48,bully,1534,1,0,0,47,0,658,0,1,48,128846,1534,0,48,0,0,0,LEADER,1,0,0,47,0,0,0,0,0,0,0,0,0,0,0
130841,57,bully,1995,1,0,0,47,0,658,0,1,57,128846,1995,0,48,0,0,0,LEADER,1,0,0,47,0,0,0,0,0,0,0,0,0,0,0
130911,68,bully,2065,1,0,0,47,0,658,0,1,68,128846,2065,0,48,0,0,0,LEADER,1,0,0,47,0,0,0,0,0,0,0,0,0,0,0
130312,45,bully,1466,1,0,0,47,0,658,0,1,45,128846,1466,0,48,0,0,0,LEADER,1,0,0,47,0,0,0,0,0,0,0,0,0,0,0
130669,93,bully,1823,1,0,0,47,0,658,0,1,93,128846,1823,0,48,0,0,0,LEADER,1,0,0,47,0,0,0,0,0,0,0,0,0,0,0
131250,82,bully,2404,1,0,0,47,0,658,0,1,82,128846,2404,0,48,0,0,0,LEADER,1,0,0,47,0,0,0,0,0,0,0,0,0,0,0
131244,51,bully,2398,1,0,0,47,0,658,0,1,51,128846,2398,0,48,0,0,0,LEADER,1,0,0,47,0,0,0,0,0,0,0,0,0,0,0
130789,39,bully,1943,1,0,0,47,0,658,0,1,39,128846,1943,0,48,0,0,0,LEADER,1,0,0,47,0,0,0,0,0,0,0,0,0,0,0
130535,78,bully,1689,1,0,0,47,0,658,0,1,78,128846,1689,0,48,0,0,0,LEADER,1,0,0,47,0,0,0,0,0,0,0,0,0,0,0
130923,79,bully,2077,1,0,0,47,0,658,0,1,79,128846,2077,0,48,0,0,0,LEADER,1,0,0,47,0,0,0,0,0,0,0,0,0,0,0
130498,14,bully,1652,1,0,0,47,0,658,0,1,14,128846,1652,0,48,0,0,0,LEADER,1,0,0,47,0,0,0,0,0,0,0,0,0,0,0
130925,36,bully,2080,1,0,0,47,0,658,0,1,36,128845,2080,0,48,0,0,0,LEADER,1,0,0,47,0,0,0,0,0,0,0,0,0,0,0
130808,81,bully,1962,1,0,0,47,0,658,0,1,81,128846,1962,0,48,0,0,0,LEADER,1,0,0,47,0,0,0,0,0,0,0,0,0,0,0
130468,67,bully,1622,1,0,0,47,0,658,0,1,67,128846,1622,0,48,0,0,0,LEADER,1,0,0,47,0,0,0,0,0,0,0,0,0,0,0
131229,83,bully,2383,1,0,0,47,0,658,0,1,83,128846,2383,0,48,0,0,0,LEADER,1,0,0,47,0,0,0,0,0,0,0,0,0,0,0
131374,99,bully,1607,1,0,0,48,0,672,0,1,99,129767,1607,0,49,0,0,0,LEADER,1,0,0,48,0,0,0,0,0,0,0,0,0,0,0
130550,55,bully,1704,1,0,0,47,0,658,0,1,55,128846,1704,0,48,0,0,0,LEADER,1,0,0,47,0,0,0,0,0,0,0,0,0,0,0
131341,89,bully,1574,1,0,0,48,0,672,0,1,89,129767,1574,0,49,0,0,0,LEADER,1,0,0,48,0,0,0,0,0,0,0,0,0,0,0
130502,77,bully,1656,1,0,0,47,0,658,0,1,77,128846,1656,0,48,0,0,0,LEADER,1,0,0,47,0,0,0,0,0,0,0,0,0,0,0
130774,71,bully,1928,1,0,0,47,0,658,0,1,71,128846,1928,0,48,0,0,0,LEADER,1,0,0,47,0,0,0,0,0,0,0,0,0,0,0
130686,52,bully,1840,1,0,0,47,0,658,0,1,52,128846,1840,0,48,0,0,0,LEADER,1,0,0,47,0,0,0,0,0,0,0,0,0,0,0
131053,76,bully,2213,1,0,0,47,0,658,0,1,76,128840,2213,0,48,0,0,0,LEADER,1,0,0,47,0,0,0,0,0,0,0,0,0,0,0
130653,10,bully,1807,1,0,0,47,0,658,0,1,10,128846,1807,0,48,0,0,0,LEADER,1,0,0,47,0,0,0,0,0,0,0,0,0,0,0
130586,22,bully,1740,1,0,0,47,0,658,0,1,22,128846,1740,0,48,0,0,0,LEADER,1,0,0,47,0,0,0,0,0,0,0,0,0,0,0
130734,21,bully,1889,1,0,0,47,0,658,0,1,21,128845,1889,0,48,0,0,0,LEADER,1,0,0,47,0,0,0,0,0,0,0,0,0,0,0
130992,56,bully,2146,1,0,0,47,0,658,0,1,56,128846,2146,0,48,0,0,0,LEADER,1,0,0,47,0,0,0,0,0,0,0,0,0,0,0
130517,60,bully,1671,1,0,0,47,0,658,0,1,60,128846,1671,0,48,0,0,0,LEADER,1,0,0,47,0,0,0,0,0,0,0,0,0,0,0
131371,25,bully,1604,1,0,0,48,0,672,0,1,25,129767,1604,0,49,0,0,0,LEADER,1,0,0,48,0,0,0,0,0,0,0,0,0,0,0
130583,65,bully,1737,1,0,0,47,0,658,0,1,65,128846,1737,0,48,0,0,0,LEADER,1,0,0,47,0,0,0,0,0,0,0,0,0,0,0
131259,19,bully,2413,1,0,0,47,0,658,0,1,19,128846,2413,0,48,0,0,0,LEADER,1,0,0,47,0,0,0,0,0,0,0,0,0,0,0
130875,7,bully,2253,1,0,0,12,21,168,294,5,7,128622,2253,0,6,0,0,0,LEADER,1,0,0,12,0,0,0,21,0,0,0,0,0,0,0
130889,69,bully,2043,1,0,0,47,0,658,0,1,69,128846,2043,0,48,0,0,0,LEADER,1,0,0,47,0,0,0,0,0,0,0,0,0,0,0
131492,54,bully,1725,1,0,0,48,0,672,0,1,54,129767,1725,0,49,0,0,0,LEADER,1,0,0,48,0,0,0,0,0,0,0,0,0,0,0
130838,17,bully,1992,1,0,0,47,0,658,0,1,17,128846,1992,0,48,0,0,0,LEADER,1,0,0,47,0,0,0,0,0,0,0,0,0,0,0
131353,100,bully,1586,1,0,0,48,0,672,0,1,100,129767,1586,0,49,0,0,0,LEADER,1,0,0,48,0,0,0,0,0,0,0,0,0,0,0
131316,16,bully,1549,1,0,0,48,0,672,0,1,16,129767,1549,0,49,0,0,0,LEADER,1,0,0,48,0,0,0,0,0,0,0,0,0,0,0
130904,37,bully,2058,1,0,0,47,0,658,0,1,37,128846,2058,0,48,0,0,0,LEADER,1,0,0,47,0,0,0,0,0,0,0,0,0,0,0
131541,13,bully,1774,1,0,0,48,0,672,0,1,13,129767,1774,0,49,0,0,0,LEADER,1,0,0,48,0,0,0,0,0,0,0,0,0,0,0
130701,20,bully,1855,1,0,0,47,0,658,0,1,20,128846,1855,0,48,0,0,0,LEADER,1,0,0,47,0,0,0,0,0,0,0,0,0,0,0
131334,41,bully,1567,1,0,0,48,0,672,0,1,41,129767,1567,0,49,0,0,0,LEADER,1,0,0,48,0,0,0,0,0,0,0,0,0,0,0
131323,47,bully,1556,1,0,0,48,0,672,0,1,47,129767,1556,0,49,0,0,0,LEADER,1,0,0,48,0,0,0,0,0,0,0,0,0,0,0
131148,95,bully,2301,1,0,0,47,0,658,0,1,95,128847,2301,0,48,0,0,0,LEADER,1,0,0,47,0,0,0,0,0,0,0,0,0,0,0
131011,98,bully,2165,1,0,0,47,0,658,0,1,98,128846,2165,0,48,0,0,0,LEADER,1,0,0,47,0,0,0,0,0,0,0,0,0,0,0
131195,73,bully,2349,1,0,0,47,0,658,0,1,73,128846,2349,0,48,0,0,0,LEADER,1,0,0,47,0,0,0,0,0,0,0,0,0,0,0
130741,61,bully,1895,1,0,0,47,0,658,0,1,61,128846,1895,0,48,0,0,0,LEADER,1,0,0,47,0,0,0,0,0,0,0,0,0,0,0
131489,97,bully,1722,1,0,0,48,0,672,0,1,97,129767,1722,0,49,0,0,0,LEADER,1,0,0,48,0,0,0,0,0,0,0,0,0,0,0
131519,33,bully,1752,1,0,0,48,0,672,0,1,33,129767,1752,0,49,0,0,0,LEADER,1,0,0,48,0,0,0,0,0,0,0,0,0,0,0
131177,31,bully,2331,1,0,0,47,0,658,0,1,31,128846,2331,0,48,0,0,0,LEADER,1,0,0,47,0,0,0,0,0,0,0,0,0,0,0
131689,40,bully,1922,1,0,0,48,0,672,0,1,40,129767,1922,0,49,0,0,0,LEADER,1,0,0,48,0,0,0,0,0,0,0,0,0,0,0
131679,29,bully,1910,1,0,0,48,0,672,0,1,29,129769,1910,0,49,0,0,0,LEADER,1,0,0,48,0,0,0,0,0,0,0,0,0,0,0
131508,96,bully,1744,1,0,0,48,0,672,0,1,96,129764,1744,0,49,0,0,0,LEADER,1,0,0,48,0,0,0,0,0,0,0,0,0,0,0
131592,84,bully,1825,1,0,0,48,0,672,0,1,84,129767,1825,0,49,0,0,0,LEADER,1,0,0,48,0,0,0,0,0,0,0,0,0,0,0
131286,80,bully,1519,1,0,0,48,0,672,0,1,80,129767,1519,0,49,0,0,0,LEADER,1,0,0,48,0,0,0,0,0,0,0,0,0,0,0
131129,53,bully,2283,1,0,0,47,0,658,0,1,53,128846,2283,0,48,0,0,0,LEADER,1,0,0,47,0,0,0,0,0,0,0,0,0,0,0
131205,92,bully,1438,1,0,0,48,0,672,0,1,92,129767,1438,0,49,0,0,0,LEADER,1,0,0,48,0,0,0,0,0,0,0,0,0,0,0
131641,62,bully,1874,1,0,0,48,0,672,0,1,62,129767,1874,0,49,0,0,0,LEADER,1,0,0,48,0,0,0,0,0,0,0,0,0,0,0
131382,91,bully,1619,1,0,0,48,0,672,0,1,91,129763,1619,0,49,0,0,0,LEADER,1,0,0,48,0,0,0,0,0,0,0,0,0,0,0
131338,15,bully,1571,1,0,0,48,0,672,0,1,15,129767,1571,0,49,0,0,0,LEADER,1,0,0,48,0,0,0,0,0,0,0,0,0,0,0
131007,26,bully,2161,1,0,0,47,0,658,0,1,26,128846,2161,0,48,0,0,0,LEADER,1,0,0,47,0,0,0,0,0,0,0,0,0,0,0
131103,4,bully,2115,1,0,0,11,23,154,322,3,7,128988,2115,0,7,0,0,0,NORMAL,0,0,0,11,0,0,0,23,0,0,0,0,0,0,0
131744,49,bully,1977,1,0,0,48,0,672,0,1,49,129767,1977,0,49,0,0,0,LEADER,1,0,0,48,0,0,0,0,0,0,0,0,0,0,0
131559,58,bully,1792,1,0,0,48,0,672,0,1,58,129767,1792,0,49,0,0,0,LEADER,1,0,0,48,0,0,0,0,0,0,0,0,0,0,0
131092,86,bully,2246,1,0,0,47,0,658,0,1,86,128846,2246,0,48,0,0,0,LEADER,1,0,0,47,0,0,0,0,0,0,0,0,0,0,0
131265,50,bully,2419,1,0,0,47,0,658,0,1,50,128846,2419,0,48,0,0,0,LEADER,1,0,0,47,0,0,0,0,0,0,0,0,0,0,0
131117,85,bully,2268,1,0,0,47,0,658,0,1,85,128849,2268,0,48,0,0,0,LEADER,1,0,0,47,0,0,0,0,0,0,0,0,0,0,0
131056,87,bully,2212,1,0,0,47,0,658,0,1,87,128844,2212,0,48,0,0,0,LEADER,1,0,0,47,0,0,0,0,0,0,0,0,0,0,0
131262,64,bully,2416,1,0,0,47,0,658,0,1,64,128846,2416,0,48,0,0,0,LEADER,1,0,0,47,0,0,0,0,0,0,0,0,0,0,0
131111,11,bully,2264,1,0,0,47,0,658,0,1,11,128847,2264,0,48,0,0,0,LEADER,1,0,0,47,0,0,0,0,0,0,0,0,0,0,0
131201,18,bully,1434,1,0,0,48,0,672,0,1,18,129767,1434,0,49,0,0,0,LEADER,1,0,0,48,0,0,0,0,0,0,0,0,0,0,0
131320,90,bully,1553,1,0,0,48,0,672,0,1,90,129767,1553,0,49,0,0,0,LEADER,1,0,0,48,0,0,0,0,0,0,0,0,0,0,0
131214,35,bully,1447,1,0,0,48,0,672,0,1,35,129767,1447,0,49,0,0,0,LEADER,1,0,0,48,0,0,0,0,0,0,0,0,0,0,0
131095,43,bully,2249,1,0,0,47,0,658,0,1,43,128846,2249,0,48,0,0,0,LEADER,1,0,0,47,0,0,0,0,0,0,0,0,0,0,0
131234,28,bully,1467,1,0,0,48,0,672,0,1,28,129767,1467,0,49,0,0,0,LEADER,1,0,0,48,0,0,0,0,0,0,0,0,0,0,0
131072,44,bully,2228,1,0,0,47,0,658,0,1,44,128844,2228,0,48,0,0,0,LEADER,1,0,0,47,0,0,0,0,0,0,0,0,0,0,0
131908,23,bully,2141,1,0,0,48,0,672,0,1,23,129767,2141,0,49,0,0,0,LEADER,1,0,0,48,0,0,0,0,0,0,0,0,0,0,0
131228,30,bully,1461,1,0,0,48,0,672,0,1,30,129767,1461,0,49,0,0,0,LEADER,1,0,0,48,0,0,0,0,0,0,0,0,0,0,0
131626,94,bully,1859,1,0,0,48,0,672,0,1,94,129767,1859,0,49,0,0,0,LEADER,1,0,0,48,0,0,0,0,0,0,0,0,0,0,0
131268,38,bully,1501,1,0,0,48,0,672,0,1,38,129767,1501,0,49,0,0,0,LEADER,1,0,0,48,0,0,0,0,0,0,0,0,0,0,0
131947,66,bully,2180,1,0,0,48,0,672,0,1,66,129767,2180,0,49,0,0,0,LEADER,1,0,0,48,0,0,0,0,0,0,0,0,0,0,0
131253,70,bully,1486,1,0,0,48,0,672,0,1,70,129767,1486,0,49,0,0,0,LEADER,1,0,0,48,0,0,0,0,0,0,0,0,0,0,0
131898,88,bully,2131,1,0,0,48,0,672,0,1,88,129767,2131,0,49,0,0,0,LEADER,1,0,0,48,0,0,0,0,0,0,0,0,0,0,0
131081,75,bully,2235,1,0,0,47,0,658,0,1,75,128846,2235,0,48,0,0,0,LEADER,1,0,0,47,0,0,0,0,0,0,0,0,0,0,0
131091,12,bully,2243,1,0,0,47,0,658,0,1,12,128848,2243,0,48,0,0,0,LEADER,1,0,0,47,0,0,0,0,0,0,0,0,0,0,0
131792,27,bully,2025,1,0,0,48,0,672,0,1,27,129767,2025,0,49,0,0,0,LEADER,1,0,0,48,0,0,0,0,0,0,0,0,0,0,0
131281,42,bully,1514,1,0,0,48,0,672,0,1,42,129767,1514,0,49,0,0,0,LEADER,1,0,0,48,0,0,0,0,0,0,0,0,0,0,0
131928,24,bully,2161,1,0,0,48,0,672,0,1,24,129767,2161,0,49,0,0,0,LEADER,1,0,0,48,0,0,0,0,0,0,0,0,0,0,0
131880,46,bully,2113,1,0,0,48,0,672,0,1,46,129767,2113,0,49,0,0,0,LEADER,1,0,0,48,0,0,0,0,0,0,0,0,0,0,0
131404,34,bully,1637,1,0,0,48,0,672,0,1,34,129767,1637,0,49,0,0,0,LEADER,1,0,0,48,0,0,0,0,0,0,0,0,0,0,0
131777,59,bully,2010,1,0,0,48,0,672,0,1,59,129767,2010,0,49,0,0,0,LEADER,1,0,0,48,0,0,0,0,0,0,0,0,0,0,0
132059,32,bully,2292,1,0,0,48,0,672,0,1,32,129767,2292,0,49,0,0,0,LEADER,1,0,0,48,0,0,0,0,0,0,0,0,0,0,0
131674,72,bully,1907,1,0,0,48,0,672,0,1,72,129767,1907,0,49,0,0,0,LEADER,1,0,0,48,0,0,0,0,0,0,0,0,0,0,0
132086,63,bully,2316,1,0,0,48,0,672,0,1,63,129770,2316,0,49,0,0,0,LEADER,1,0,0,48,0,0,0,0,0,0,0,0,0,0,0
131559,74,bully,1792,1,0,0,48,0,672,0,1,74,129767,1792,0,49,0,0,0,LEADER,1,0,0,48,0,0,0,0,0,0,0,0,0,0,0
131301,48,bully,1534,1,0,0,48,0,672,0,1,48,129767,1534,0,49,0,0,0,LEADER,1,0,0,48,0,0,0,0,0,0,0,0,0,0,0
131762,57,bully,1995,1,0,0,48,0,672,0,1,57,129767,1995,0,49,0,0,0,LEADER,1,0,0,48,0,0,0,0,0,0,0,0,0,0,0
131832,68,bully,2065,1,0,0,48,0,672,0,1,68,129767,2065,0,49,0,0,0,LEADER,1,0,0,48,0,0,0,0,0,0,0,0,0,0,0
131233,45,bully,1466,1,0,0,48,0,672,0,1,45,129767,1466,0,49,0,0,0,LEADER,1,0,0,48,0,0,0,0,0,0,0,0,0,0,0
131590,93,bully,1823,1,0,0,48,0,672,0,1,93,129767,1823,0,49,0,0,0,LEADER,1,0,0,48,0,0,0,0,0,0,0,0,0,0,0
132171,82,bully,2404,1,0,0,48,0,672,0,1,82,129767,2404,0,49,0,0,0,LEADER,1,0,0,48,0,0,0,0,0,0,0,0,0,0,0
132165,51,bully,2398,1,0,0,48,0,672,0,1,51,129767,2398,0,49,0,0,0,LEADER,1,0,0,48,0,0,0,0,0,0,0,0,0,0,0
131710,39,bully,1943,1,0,0,48,0,672,0,1,39,129767,1943,0,49,0,0,0,LEADER,1,0,0,48,0,0,0,0,0,0,0,0,0,0,0
131456,78,bully,1689,1,0,0,48,0,672,0,1,78,129767,1689,0,49,0,0,0,LEADER,1,0,0,48,0,0,0,0,0,0,0,0,0,0,0
131844,79,bully,2077,1,0,0,48,0,672,0,1,79,129767,2077,0,49,0,0,0,LEADER,1,0,0,48,0,0,0,0,0,0,0,0,0,0,0
131419,14,bully,1652,1,0,0,48,0,672,0,1,14,129767,1652,0,49,0,0,0,LEADER,1,0,0,48,0,0,0,0,0,0,0,0,0,0,0
131846,36,bully,2080,1,0,0,48,0,672,0,1,36,129766,2080,0,49,0,0,0,LEADER,1,0,0,48,0,0,0,0,0,0,0,0,0,0,0
131729,81,bully,1962,1,0,0,48,0,672,0,1,81,129767,1962,0,49,0,0,0,LEADER,1,0,0,48,0,0,0,0,0,0,0,0,0,0,0
131389,67,bully,1622,1,0,0,48,0,672,0,1,67,129767,1622,0,49,0,0,0,LEADER,1,0,0,48,0,0,0,0,0,0,0,0,0,0,0
132150,83,bully,2383,1,0,0,48,0,672,0,1,83,129767,2383,0,49,0,0,0,LEADER,1,0,0,48,0,0,0,0,0,0,0,0,0,0,0
132294,99,bully,1607,1,0,0,48,0,672,0,1,99,130687,1607,0,49,0,0,0,LEADER,1,0,0,48,0,0,0,0,0,0,0,0,0,0,0
131471,55,bully,1704,1,0,0,48,0,672,0,1,55,129767,1704,0,49,0,0,0,LEADER,1,0,0,48,0,0,0,0,0,0,0,0,0,0,0
132261,89,bully,1574,1,0,0,48,0,672,0,1,89,130687,1574,0,49,0,0,0,LEADER,1,0,0,48,0,0,0,0,0,0,0,0,0,0,0
131423,77,bully,1656,1,0,0,48,0,672,0,1,77,129767,1656,0,49,0,0,0,LEADER,1,0,0,48,0,0,0,0,0,0,0,0,0,0,0
131695,71,bully,1928,1,0,0,48,0,672,0,1,71,129767,1928,0,49,0,0,0,LEADER,1,0,0,48,0,0,0,0,0,0,0,0,0,0,0
131607,52,bully,1840,1,0,0,48,0,672,0,1,52,129767,1840,0,49,0,0,0,LEADER,1,0,0,48,0,0,0,0,0,0,0,0,0,0,0
131974,76,bully,2213,1,0,0,48,0,672,0,1,76,129761,2213,0,49,0,0,0,LEADER,1,0,0,48,0,0,0,0,0,0,0,0,0,0,0
131574,10,bully,1807,1,0,0,48,0,672,0,1,10,129767,1807,0,49,0,0,0,LEADER,1,0,0,48,0,0,0,0,0,0,0,0,0,0,0
131507,22,bully,1740,1,0,0,48,0,672,0,1,22,129767,1740,0,49,0,0,0,LEADER,1,0,0,48,0,0,0,0,0,0,0,0,0,0,0
131655,21,bully,1889,1,0,0,48,0,672,0,1,21,129766,1889,0,49,0,0,0,LEADER,1,0,0,48,0,0,0,0,0,0,0,0,0,0,0
131913,56,bully,2146,1,0,0,48,0,672,0,1,56,129767,2146,0,49,0,0,0,LEADER,1,0,0,48,0,0,0,0,0,0,0,0,0,0,0
131438,60,bully,1671,1,0,0,48,0,672,0,1,60,129767,1671,0,49,0,0,0,LEADER,1,0,0,48,0,0,0,0,0,0,0,0,0,0,0
132291,25,bully,1604,1,0,0,48,0,672,0,1,25,130687,1604,0,49,0,0,0,LEADER,1,0,0,48,0,0,0,0,0,0,0,0,0,0,0
131504,65,bully,1737,1,0,0,48,0,672,0,1,65,129767,1737,0,49,0,0,0,LEADER,1,0,0,48,0,0,0,0,0,0,0,0,0,0,0
132180,19,bully,2413,1,0,0,48,0,672,0,1,19,129767,2413,0,49,0,0,0,LEADER,1,0,0,48,0,0,0,0,0,0,0,0,0,0,0
131810,69,bully,2043,1,0,0,48,0,672,0,1,69,129767,2043,0,49,0,0,0,LEADER,1,0,0,48,0,0,0,0,0,0,0,0,0,0,0
132412,54,bully,1725,1,0,0,48,0,672,0,1,54,130687,1725,0,49,0,0,0,LEADER,1,0,0,48,0,0,0,0,0,0,0,0,0,0,0
131759,17,bully,1992,1,0,0,48,0,672,0,1,17,129767,1992,0,49,0,0,0,LEADER,1,0,0,48,0,0,0,0,0,0,0,0,0,0,0
132273,100,bully,1586,1,0,0,48,0,672,0,1,100,130687,1586,0,49,0,0,0,LEADER,1,0,0,48,0,0,0,0,0,0,0,0,0,0,0
132236,16,bully,1549,1,0,0,48,0,672,0,1,16,130687,1549,0,49,0,0,0,LEADER,1,0,0,48,0,0,0,0,0,0,0,0,0,0,0
131938,9,bully,2514,1,0,0,10,12,140,168,4,9,129424,2514,0,5,0,0,0,LEADER,1,0,0,10,0,0,0,12,0,0,0,0,0,0,0
131825,37,bully,2058,1,0,0,48,0,672,0,1,37,129767,2058,0,49,0,0,0,LEADER,1,0,0,48,0,0,0,0,0,0,0,0,0,0,0
132461,13,bully,1774,1,0,0,48,0,672,0,1,13,130687,1774,0,49,0,0,0,LEADER,1,0,0,48,0,0,0,0,0,0,0,0,0,0,0
131622,20,bully,1855,1,0,0,48,0,672,0,1,20,129767,1855,0,49,0,0,0,LEADER,1,0,0,48,0,0,0,0,0,0,0,0,0,0,0
132254,41,bully,1567,1,0,0,48,0,672,0,1,41,130687,1567,0,49,0,0,0,LEADER,1,0,0,48,0,0,0,0,0,0,0,0,0,0,0
132243,47,bully,1556,1,0,0,48,0,672,0,1,47,130687,1556,0,49,0,0,0,LEADER,1,0,0,48,0,0,0,0,0,0,0,0,0,0,0
132069,95,bully,2301,1,0,0,48,0,672,0,1,95,129768,2301,0,49,0,0,0,LEADER,1,0,0,48,0,0,0,0,0,0,0,0,0,0,0
131932,98,bully,2165,1,0,0,48,0,672,0,1,98,129767,2165,0,49,0,0,0,LEADER,1,0,0,48,0,0,0,0,0,0,0,0,0,0,0
132116,73,bully,2349,1,0,0,48,0,672,0,1,73,129767,2349,0,49,0,0,0,LEADER,1,0,0,48,0,0,0,0,0,0,0,0,0,0,0
132439,33,bully,1752,1,0,0,48,0,672,0,1,33,130687,1752,0,49,0,0,0,LEADER,1,0,0,48,0,0,0,0,0,0,0,0,0,0,0
132409,97,bully,1722,1,0,0,48,0,672,0,1,97,130687,1722,0,49,0,0,0,LEADER,1,0,0,48,0,0,0,0,0,0,0,0,0,0,0
131662,61,bully,1895,1,0,0,48,0,672,0,1,61,129767,1895,0,49,0,0,0,LEADER,1,0,0,48,0,0,0,0,0,0,0,0,0,0,0
132609,40,bully,1922,1,0,0,48,0,672,0,1,40,130687,1922,0,49,0,0,0,LEADER,1,0,0,48,0,0,0,0,0,0,0,0,0,0,0
132098,31,bully,2331,1,0,0,48,0,672,0,1,31,129767,2331,0,49,0,0,0,LEADER,1,0,0,48,0,0,0,0,0,0,0,0,0,0,0
132599,29,bully,1910,1,0,0,48,0,672,0,1,29,130689,1910,0,49,0,0,0,LEADER,1,0,0,48,0,0,0,0,0,0,0,0,0,0,0
132428,96,bully,1744,1,0,0,48,0,672,0,1,96,130684,1744,0,49,0,0,0,LEADER,1,0,0,48,0,0,0,0,0,0,0,0,0,0,0
132512,84,bully,1825,1,0,0,48,0,672,0,1,84,130687,1825,0,49,0,0,0,LEADER,1,0,0,48,0,0,0,0,0,0,0,0,0,0,0
132206,80,bully,1519,1,0,0,48,0,672,0,1,80,130687,1519,0,49,0,0,0,LEADER,1,0,0,48,0,0,0,0,0,0,0,0,0,0,0
132050,53,bully,2283,1,0,0,48,0,672,0,1,53,129767,2283,0,49,0,0,0,LEADER,1,0,0,48,0,0,0,0,0,0,0,0,0,0,0
132125,92,bully,1438,1,0,0,48,0,672,0,1,92,130687,1438,0,49,0,0,0,LEADER,1,0,0,48,0,0,0,0,0,0,0,0,0,0,0
132561,62,bully,1874,1,0,0,48,0,672,0,1,62,130687,1874,0,49,0,0,0,LEADER,1,0,0,48,0,0,0,0,0,0,0,0,0,0,0
132302,91,bully,1619,1,0,0,48,0,672,0,1,91,130683,1619,0,49,0,0,0,LEADER,1,0,0,48,0,0,0,0,0,0,0,0,0,0,0
132258,15,bully,1571,1,0,0,48,0,672,0,1,15,130687,1571,0,49,0,0,0,LEADER,1,0,0,48,0,0,0,0,0,0,0,0,0,0,0
131928,26,bully,2161,1,0,0,48,0,672,0,1,26,129767,2161,0,49,0,0,0,LEADER,1,0,0,48,0,0,0,0,0,0,0,0,0,0,0
132664,49,bully,1977,1,0,0,48,0,672,0,1,49,130687,1977,0,49,0,0,0,LEADER,1,0,0,48,0,0,0,0,0,0,0,0,0,0,0
132479,58,bully,1792,1,0,0,48,0,672,0,1,58,130687,1792,0,49,0,0,0,LEADER,1,0,0,48,0,0,0,0,0,0,0,0,0,0,0
132013,86,bully,2246,1,0,0,48,0,672,0,1,86,129767,2246,0,49,0,0,0,LEADER,1,0,0,48,0,0,0,0,0,0,0,0,0,0,0
132186,50,bully,2419,1,0,0,48,0,672,0,1,50,129767,2419,0,49,0,0,0,LEADER,1,0,0,48,0,0,0,0,0,0,0,0,0,0,0
132038,85,bully,2268,1,0,0,48,0,672,0,1,85,129770,2268,0,49,0,0,0,LEADER,1,0,0,48,0,0,0,0,0,0,0,0,0,0,0
131977,87,bully,2212,1,0,0,48,0,672,0,1,87,129765,2212,0,49,0,0,0,LEADER,1,0,0,48,0,0,0,0,0,0,0,0,0,0,0
132183,64,bully,2416,1,0,0,48,0,672,0,1,64,129767,2416,0,49,0,0,0,LEADER,1,0,0,48,0,0,0,0,0,0,0,0,0,0,0
132121,18,bully,1434,1,0,0,48,0,672,0,1,18,130687,1434,0,49,0,0,0,LEADER,1,0,0,48,0,0,0,0,0,0,0,0,0,0,0
132032,11,bully,2264,1,0,0,48,0,672,0,1,11,129768,2264,0,49,0,0,0,LEADER,1,0,0,48,0,0,0,0,0,0,0,0,0,0,0
132240,90,bully,1553,1,0,0,48,0,672,0,1,90,130687,1553,0,49,0,0,0,LEADER,1,0,0,48,0,0,0,0,0,0,0,0,0,0,0
132134,35,bully,1447,1,0,0,48,0,672,0,1,35,130687,1447,0,49,0,0,0,LEADER,1,0,0,48,0,0,0,0,0,0,0,0,0,0,0
132016,43,bully,2249,1,0,0,48,0,672,0,1,43,129767,2249,0,49,0,0,0,LEADER,1,0,0,48,0,0,0,0,0,0,0,0,0,0,0
132154,28,bully,1467,1,0,0,48,0,672,0,1,28,130687,1467,0,49,0,0,0,LEADER,1,0,0,48,0,0,0,0,0,0,0,0,0,0,0
131993,44,bully,2228,1,0,0,48,0,672,0,1,44,129765,2228,0,49,0,0,0,LEADER,1,0,0,48,0,0,0,0,0,0,0,0,0,0,0
132828,23,bully,2141,1,0,0,48,0,672,0,1,23,130687,2141,0,49,0,0,0,LEADER,1,0,0,48,0,0,0,0,0,0,0,0,0,0,0
132148,30,bully,1461,1,0,0,48,0,672,0,1,30,130687,1461,0,49,0,0,0,LEADER,1,0,0,48,0,0,0,0,0,0,0,0,0,0,0
132546,94,bully,1859,1,0,0,48,0,672,0,1,94,130687,1859,0,49,0,0,0,LEADER,1,0,0,48,0,0,0,0,0,0,0,0,0,0,0
132188,38,bully,1501,1,0,0,48,0,672,0,1,38,130687,1501,0,49,0,0,0,LEADER,1,0,0,48,0,0,0,0,0,0,0,0,0,0,0
132867,66,bully,2180,1,0,0,48,0,672,0,1,66,130687,2180,0,49,0,0,0,LEADER,1,0,0,48,0,0,0,0,0,0,0,0,0,0,0
132173,70,bully,1486,1,0,0,48,0,672,0,1,70,130687,1486,0,49,0,0,0,LEADER,1,0,0,48,0,0,0,0,0,0,0,0,0,0,0
132818,88,bully,2131,1,0,0,48,0,672,0,1,88,130687,2131,0,49,0,0,0,LEADER,1,0,0,48,0,0,0,0,0,0,0,0,0,0,0
132002,75,bully,2235,1,0,0,48,0,672,0,1,75,129767,2235,0,49,0,0,0,LEADER,1,0,0,48,0,0,0,0,0,0,0,0,0,0,0
132012,12,bully,2243,1,0,0,48,0,672,0,1,12,129769,2243,0,49,0,0,0,LEADER,1,0,0,48,0,0,0,0,0,0,0,0,0,0,0
132712,27,bully,2025,1,0,0,48,0,672,0,1,27,130687,2025,0,49,0,0,0,LEADER,1,0,0,48,0,0,0,0,0,0,0,0,0,0,0
132201,42,bully,1514,1,0,0,48,0,672,0,1,42,130687,1514,0,49,0,0,0,LEADER,1,0,0,48,0,0,0,0,0,0,0,0,0,0,0
132848,24,bully,2161,1,0,0,48,0,672,0,1,24,130687,2161,0,49,0,0,0,LEADER,1,0,0,48,0,0,0,0,0,0,0,0,0,0,0
132800,46,bully,2113,1,0,0,48,0,672,0,1,46,130687,2113,0,49,0,0,0,LEADER,1,0,0,48,0,0,0,0,0,0,0,0,0,0,0
132324,34,bully,1637,1,0,0,48,0,672,0,1,34,130687,1637,0,49,0,0,0,LEADER,1,0,0,48,0,0,0,0,0,0,0,0,0,0,0
132697,59,bully,2010,1,0,0,48,0,672,0,1,59,130687,2010,0,49,0,0,0,LEADER,1,0,0,48,0,0,0,0,0,0,0,0,0,0,0
132979,32,bully,2292,1,0,0,48,0,672,0,1,32,130687,2292,0,49,0,0,0,LEADER,1,0,0,48,0,0,0,0,0,0,0,0,0,0,0
132594,72,bully,1907,1,0,0,48,0,672,0,1,72,130687,1907,0,49,0,0,0,LEADER,1,0,0,48,0,0,0,0,0,0,0,0,0,0,0
133006,63,bully,2316,1,0,0,48,0,672,0,1,63,130690,2316,0,49,0,0,0,LEADER,1,0,0,48,0,0,0,0,0,0,0,0,0,0,0
132479,74,bully,1792,1,0,0,48,0,672,0,1,74,130687,1792,0,49,0,0,0,LEADER,1,0,0,48,0,0,0,0,0,0,0,0,0,0,0
132221,48,bully,1534,1,0,0,48,0,672,0,1,48,130687,1534,0,49,0,0,0,LEADER,1,0,0,48,0,0,0,0,0,0,0,0,0,0,0
132682,57,bully,1995,1,0,0,48,0,672,0,1,57,130687,1995,0,49,0,0,0,LEADER,1,0,0,48,0,0,0,0,0,0,0,0,0,0,0
132752,68,bully,2065,1,0,0,48,0,672,0,1,68,130687,2065,0,49,0,0,0,LEADER,1,0,0,48,0,0,0,0,0,0,0,0,0,0,0
132153,45,bully,1466,1,0,0,48,0,672,0,1,45,130687,1466,0,49,0,0,0,LEADER,1,0,0,48,0,0,0,0,0,0,0,0,0,0,0
132510,93,bully,1823,1,0,0,48,0,672,0,1,93,130687,1823,0,49,0,0,0,LEADER,1,0,0,48,0,0,0,0,0,0,0,0,0,0,0
133091,82,bully,2404,1,0,0,48,0,672,0,1,82,130687,2404,0,49,0,0,0,LEADER,1,0,0,48,0,0,0,0,0,0,0,0,0,0,0
133085,51,bully,2398,1,0,0,48,0,672,0,1,51,130687,2398,0,49,0,0,0,LEADER,1,0,0,48,0,0,0,0,0,0,0,0,0,0,0
132630,39,bully,1943,1,0,0,48,0,672,0,1,39,130687,1943,0,49,0,0,0,LEADER,1,0,0,48,0,0,0,0,0,0,0,0,0,0,0
132376,78,bully,1689,1,0,0,48,0,672,0,1,78,130687,1689,0,49,0,0,0,LEADER,1,0,0,48,0,0,0,0,0,0,0,0,0,0,0
132764,79,bully,2077,1,0,0,48,0,672,0,1,79,130687,2077,0,49,0,0,0,LEADER,1,0,0,48,0,0,0,0,0,0,0,0,0,0,0
132339,14,bully,1652,1,0,0,48,0,672,0,1,14,130687,1652,0,49,0,0,0,LEADER,1,0,0,48,0,0,0,0,0,0,0,0,0,0,0
132766,36,bully,2080,1,0,0,48,0,672,0,1,36,130686,2080,0,49,0,0,0,LEADER,1,0,0,48,0,0,0,0,0,0,0,0,0,0,0
132649,81,bully,1962,1,0,0,48,0,672,0,1,81,130687,1962,0,49,0,0,0,LEADER,1,0,0,48,0,0,0,0,0,0,0,0,0,0,0
132309,67,bully,1622,1,0,0,48,0,672,0,1,67,130687,1622,0,49,0,0,0,LEADER,1,0,0,48,0,0,0,0,0,0,0,0,0,0,0
133070,83,bully,2383,1,0,0,48,0,672,0,1,83,130687,2383,0,49,0,0,0,LEADER,1,0,0,48,0,0,0,0,0,0,0,0,0,0,0
133214,99,bully,1607,1,0,0,48,0,672,0,1,99,131607,1607,0,49,0,0,0,LEADER,1,0,0,48,0,0,0,0,0,0,0,0,0,0,0
132391,55,bully,1704,1,0,0,48,0,672,0,1,55,130687,1704,0,49,0,0,0,LEADER,1,0,0,48,0,0,0,0,0,0,0,0,0,0,0
133181,89,bully,1574,1,0,0,48,0,672,0,1,89,131607,1574,0,49,0,0,0,LEADER,1,0,0,48,0,0,0,0,0,0,0,0,0,0,0
132343,77,bully,1656,1,0,0,48,0,672,0,1,77,130687,1656,0,49,0,0,0,LEADER,1,0,0,48,0,0,0,0,0,0,0,0,0,0,0
132615,71,bully,1928,1,0,0,48,0,672,0,1,71,130687,1928,0,49,0,0,0,LEADER,1,0,0,48,0,0,0,0,0,0,0,0,0,0,0
132527,52,bully,1840,1,0,0,48,0,672,0,1,52,130687,1840,0,49,0,0,0,LEADER,1,0,0,48,0,0,0,0,0,0,0,0,0,0,0
132894,76,bully,2213,1,0,0,48,0,672,0,1,76,130681,2213,0,49,0,0,0,LEADER,1,0,0,48,0,0,0,0,0,0,0,0,0,0,0
132494,10,bully,1807,1,0,0,48,0,672,0,1,10,130687,1807,0,49,0,0,0,LEADER,1,0,0,48,0,0,0,0,0,0,0,0,0,0,0
132427,22,bully,1740,1,0,0,48,0,672,0,1,22,130687,1740,0,49,0,0,0,LEADER,1,0,0,48,0,0,0,0,0,0,0,0,0,0,0
132575,21,bully,1889,1,0,0,48,0,672,0,1,21,130686,1889,0,49,0,0,0,LEADER,1,0,0,48,0,0,0,0,0,0,0,0,0,0,0
132833,56,bully,2146,1,0,0,48,0,672,0,1,56,130687,2146,0,49,0,0,0,LEADER,1,0,0,48,0,0,0,0,0,0,0,0,0,0,0
132358,60,bully,1671,1,0,0,48,0,672,0,1,60,130687,1671,0,49,0,0,0,LEADER,1,0,0,48,0,0,0,0,0,0,0,0,0,0,0
133211,25,bully,1604,1,0,0,48,0,672,0,1,25,131607,1604,0,49,0,0,0,LEADER,1,0,0,48,0,0,0,0,0,0,0,0,0,0,0
132424,65,bully,1737,1,0,0,48,0,672,0,1,65,130687,1737,0,49,0,0,0,LEADER,1,0,0,48,0,0,0,0,0,0,0,0,0,0,0
133100,19,bully,2413,1,0,0,48,0,672,0,1,19,130687,2413,0,49,0,0,0,LEADER,1,0,0,48,0,0,0,0,0,0,0,0,0,0,0
132730,69,bully,2043,1,0,0,48,0,672,0,1,69,130687,2043,0,49,0,0,0,LEADER,1,0,0,48,0,0,0,0,0,0,0,0,0,0,0
133332,54,bully,1725,1,0,0,48,0,672,0,1,54,131607,1725,0,49,0,0,0,LEADER,1,0,0,48,0,0,0,0,0,0,0,0,0,0,0
132679,17,bully,1992,1,0,0,48,0,672,0,1,17,130687,1992,0,49,0,0,0,LEADER,1,0,0,48,0,0,0,0,0,0,0,0,0,0,0
133193,100,bully,1586,1,0,0,48,0,672,0,1,100,131607,1586,0,49,0,0,0,LEADER,1,0,0,48,0,0,0,0,0,0,0,0,0,0,0
133156,16,bully,1549,1,0,0,48,0,672,0,1,16,131607,1549,0,49,0,0,0,LEADER,1,0,0,48,0,0,0,0,0,0,0,0,0,0,0
132745,37,bully,2058,1,0,0,48,0,672,0,1,37,130687,2058,0,49,0,0,0,LEADER,1,0,0,48,0,0,0,0,0,0,0,0,0,0,0
133381,13,bully,1774,1,0,0,48,0,672,0,1,13,131607,1774,0,49,0,0,0,LEADER,1,0,0,48,0,0,0,0,0,0,0,0,0,0,0
132886,8,bully,2467,1,0,0,12,22,168,308,4,7,130419,2467,0,6,0,0,0,NORMAL,0,0,0,12,0,0,0,22,0,0,0,0,0,0,0
132542,20,bully,1855,1,0,0,48,0,672,0,1,20,130687,1855,0,49,0,0,0,LEADER,1,0,0,48,0,0,0,0,0,0,0,0,0,0,0
133174,41,bully,1567,1,0,0,48,0,672,0,1,41,131607,1567,0,49,0,0,0,LEADER,1,0,0,48,0,0,0,0,0,0,0,0,0,0,0
133163,47,bully,1556,1,0,0,48,0,672,0,1,47,131607,1556,0,49,0,0,0,LEADER,1,0,0,48,0,0,0,0,0,0,0,0,0,0,0
132989,95,bully,2301,1,0,0,48,0,672,0,1,95,130688,2301,0,49,0,0,0,LEADER,1,0,0,48,0,0,0,0,0,0,0,0,0,0,0
132852,98,bully,2165,1,0,0,48,0,672,0,1,98,130687,2165,0,49,0,0,0,LEADER,1,0,0,48,0,0,0,0,0,0,0,0,0,0,0
133036,73,bully,2349,1,0,0,48,0,672,0,1,73,130687,2349,0,49,0,0,0,LEADER,1,0,0,48,0,0,0,0,0,0,0,0,0,0,0
133359,33,bully,1752,1,0,0,48,0,672,0,1,33,131607,1752,0,49,0,0,0,LEADER,1,0,0,48,0,0,0,0,0,0,0,0,0,0,0
133329,97,bully,1722,1,0,0,48,0,672,0,1,97,131607,1722,0,49,0,0,0,LEADER,1,0,0,48,0,0,0,0,0,0,0,0,0,0,0
132582,61,bully,1895,1,0,0,48,0,672,0,1,61,130687,1895,0,49,0,0,0,LEADER,1,0,0,48,0,0,0,0,0,0,0,0,0,0,0
133529,40,bully,1922,1,0,0,48,0,672,0,1,40,131607,1922,0,49,0,0,0,LEADER,1,0,0,48,0,0,0,0,0,0,0,0,0,0,0
133018,31,bully,2331,1,0,0,48,0,672,0,1,31,130687,2331,0,49,0,0,0,LEADER,1,0,0,48,0,0,0,0,0,0,0,0,0,0,0
133519,29,bully,1910,1,0,0,48,0,672,0,1,29,131609,1910,0,49,0,0,0,LEADER,1,0,0,48,0,0,0,0,0,0,0,0,0,0,0
133348,96,bully,1744,1,0,0,48,0,672,0,1,96,131604,1744,0,49,0,0,0,LEADER,1,0,0,48,0,0,0,0,0,0,0,0,0,0,0
133432,84,bully,1825,1,0,0,48,0,672,0,1,84,131607,1825,0,49,0,0,0,LEADER,1,0,0,48,0,0,0,0,0,0,0,0,0,0,0
133126,80,bully,1519,1,0,0,48,0,672,0,1,80,131607,1519,0,49,0,0,0,LEADER,1,0,0,48,0,0,0,0,0,0,0,0,0,0,0
132970,53,bully,2283,1,0,0,48,0,672,0,1,53,130687,2283,0,49,0,0,0,LEADER,1,0,0,48,0,0,0,0,0,0,0,0,0,0,0
133045,92,bully,1438,1,0,0,48,0,672,0,1,92,131607,1438,0,49,0,0,0,LEADER,1,0,0,48,0,0,0,0,0,0,0,0,0,0,0
133481,62,bully,1874,1,0,0,48,0,672,0,1,62,131607,1874,0,49,0,0,0,LEADER,1,0,0,48,0,0,0,0,0,0,0,0,0,0,0
133222,91,bully,1619,1,0,0,48,0,672,0,1,91,131603,1619,0,49,0,0,0,LEADER,1,0,0,48,0,0,0,0,0,0,0,0,0,0,0
133178,15,bully,1571,1,0,0,48,0,672,0,1,15,131607,1571,0,49,0,0,0,LEADER,1,0,0,48,0,0,0,0,0,0,0,0,0,0,0
132848,26,bully,2161,1,0,0,48,0,672,0,1,26,130687,2161,0,49,0,0,0,LEADER,1,0,0,48,0,0,0,0,0,0,0,0,0,0,0
133584,49,bully,1977,1,0,0,48,0,672,0,1,49,131607,1977,0,49,0,0,0,LEADER,1,0,0,48,0,0,0,0,0,0,0,0,0,0,0
133399,58,bully,1792,1,0,0,48,0,672,0,1,58,131607,1792,0,49,0,0,0,LEADER,1,0,0,48,0,0,0,0,0,0,0,0,0,0,0
132933,86,bully,2246,1,0,0,48,0,672,0,1,86,130687,2246,0,49,0,0,0,LEADER,1,0,0,48,0,0,0,0,0,0,0,0,0,0,0
133106,50,bully,2419,1,0,0,48,0,672,0,1,50,130687,2419,0,49,0,0,0,LEADER,1,0,0,48,0,0,0,0,0,0,0,0,0,0,0
132958,85,bully,2268,1,0,0,48,0,672,0,1,85,130690,2268,0,49,0,0,0,LEADER,1,0,0,48,0,0,0,0,0,0,0,0,0,0,0
132897,87,bully,2212,1,0,0,48,0,672,0,1,87,130685,2212,0,49,0,0,0,LEADER,1,0,0,48,0,0,0,0,0,0,0,0,0,0,0
133103,64,bully,2416,1,0,0,48,0,672,0,1,64,130687,2416,0,49,0,0,0,LEADER,1,0,0,48,0,0,0,0,0,0,0,0,0,0,0
133041,18,bully,1434,1,0,0,48,0,672,0,1,18,131607,1434,0,49,0,0,0,LEADER,1,0,0,48,0,0,0,0,0,0,0,0,0,0,0
132952,11,bully,2264,1,0,0,48,0,672,0,1,11,130688,2264,0,49,0,0,0,LEADER,1,0,0,48,0,0,0,0,0,0,0,0,0,0,0
133160,90,bully,1553,1,0,0,48,0,672,0,1,90,131607,1553,0,49,0,0,0,LEADER,1,0,0,48,0,0,0,0,0,0,0,0,0,0,0
133054,35,bully,1447,1,0,0,48,0,672,0,1,35,131607,1447,0,49,0,0,0,LEADER,1,0,0,48,0,0,0,0,0,0,0,0,0,0,0
132936,43,bully,2249,1,0,0,48,0,672,0,1,43,130687,2249,0,49,0,0,0,LEADER,1,0,0,48,0,0,0,0,0,0,0,0,0,0,0
133074,28,bully,1467,1,0,0,48,0,672,0,1,28,131607,1467,0,49,0,0,0,LEADER,1,0,0,48,0,0,0,0,0,0,0,0,0,0,0
132913,44,bully,2228,1,0,0,48,0,672,0,1,44,130685,2228,0,49,0,0,0,LEADER,1,0,0,48,0,0,0,0,0,0,0,0,0,0,0
133748,23,bully,2141,1,0,0,48,0,672,0,1,23,131607,2141,0,49,0,0,0,LEADER,1,0,0,48,0,0,0,0,0,0,0,0,0,0,0
133068,30,bully,1461,1,0,0,48,0,672,0,1,30,131607,1461,0,49,0,0,0,LEADER,1,0,0,48,0,0,0,0,0,0,0,0,0,0,0
133466,94,bully,1859,1,0,0,48,0,672,0,1,94,131607,1859,0,49,0,0,0,LEADER,1,0,0,48,0,0,0,0,0,0,0,0,0,0,0
133108,38,bully,1501,1,0,0,48,0,672,0,1,38,131607,1501,0,49,0,0,0,LEADER,1,0,0,48,0,0,0,0,0,0,0,0,0,0,0
133787,66,bully,2180,1,0,0,48,0,672,0,1,66,131607,2180,0,49,0,0,0,LEADER,1,0,0,48,0,0,0,0,0,0,0,0,0,0,0
133093,70,bully,1486,1,0,0,48,0,672,0,1,70,131607,1486,0,49,0,0,0,LEADER,1,0,0,48,0,0,0,0,0,0,0,0,0,0,0
133738,88,bully,2131,1,0,0,48,0,672,0,1,88,131607,2131,0,49,0,0,0,LEADER,1,0,0,48,0,0,0,0,0,0,0,0,0,0,0
132922,75,bully,2235,1,0,0,48,0,672,0,1,75,130687,2235,0,49,0,0,0,LEADER,1,0,0,48,0,0,0,0,0,0,0,0,0,0,0
132932,12,bully,2243,1,0,0,48,0,672,0,1,12,130689,2243,0,49,0,0,0,LEADER,1,0,0,48,0,0,0,0,0,0,0,0,0,0,0
133632,27,bully,2025,1,0,0,48,0,672,0,1,27,131607,2025,0,49,0,0,0,LEADER,1,0,0,48,0,0,0,0,0,0,0,0,0,0,0
133121,42,bully,1514,1,0,0,48,0,672,0,1,42,131607,1514,0,49,0,0,0,LEADER,1,0,0,48,0,0,0,0,0,0,0,0,0,0,0
133768,24,bully,2161,1,0,0,48,0,672,0,1,24,131607,2161,0,49,0,0,0,LEADER,1,0,0,48,0,0,0,0,0,0,0,0,0,0,0
133720,46,bully,2113,1,0,0,48,0,672,0,1,46,131607,2113,0,49,0,0,0,LEADER,1,0,0,48,0,0,0,0,0,0,0,0,0,0,0
133244,34,bully,1637,1,0,0,48,0,672,0,1,34,131607,1637,0,49,0,0,0,LEADER,1,0,0,48,0,0,0,0,0,0,0,0,0,0,0
133617,59,bully,2010,1,0,0,48,0,672,0,1,59,131607,2010,0,49,0,0,0,LEADER,1,0,0,48,0,0,0,0,0,0,0,0,0,0,0
133899,32,bully,2292,1,0,0,48,0,672,0,1,32,131607,2292,0,49,0,0,0,LEADER,1,0,0,48,0,0,0,0,0,0,0,0,0,0,0
133514,72,bully,1907,1,0,0,48,0,672,0,1,72,131607,1907,0,49,0,0,0,LEADER,1,0,0,48,0,0,0,0,0,0,0,0,0,0,0
133926,63,bully,2316,1,0,0,48,0,672,0,1,63,131610,2316,0,49,0,0,0,LEADER,1,0,0,48,0,0,0,0,0,0,0,0,0,0,0
133399,74,bully,1792,1,0,0,48,0,672,0,1,74,131607,1792,0,49,0,0,0,LEADER,1,0,0,48,0,0,0,0,0,0,0,0,0,0,0
133141,48,bully,1534,1,0,0,48,0,672,0,1,48,131607,1534,0,49,0,0,0,LEADER,1,0,0,48,0,0,0,0,0,0,0,0,0,0,0
133602,57,bully,1995,1,0,0,48,0,672,0,1,57,131607,1995,0,49,0,0,0,LEADER,1,0,0,48,0,0,0,0,0,0,0,0,0,0,0
133672,68,bully,2065,1,0,0,48,0,672,0,1,68,131607,2065,0,49,0,0,0,LEADER,1,0,0,48,0,0,0,0,0,0,0,0,0,0,0
133073,45,bully,1466,1,0,0,48,0,672,0,1,45,131607,1466,0,49,0,0,0,LEADER,1,0,0,48,0,0,0,0,0,0,0,0,0,0,0
133430,93,bully,1823,1,0,0,48,0,672,0,1,93,131607,1823,0,49,0,0,0,LEADER,1,0,0,48,0,0,0,0,0,0,0,0,0,0,0
134011,82,bully,2404,1,0,0,48,0,672,0,1,82,131607,2404,0,49,0,0,0,LEADER,1,0,0,48,0,0,0,0,0,0,0,0,0,0,0
134005,51,bully,2398,1,0,0,48,0,672,0,1,51,131607,2398,0,49,0,0,0,LEADER,1,0,0,48,0,0,0,0,0,0,0,0,0,0,0
133550,39,bully,1943,1,0,0,48,0,672,0,1,39,131607,1943,0,49,0,0,0,LEADER,1,0,0,48,0,0,0,0,0,0,0,0,0,0,0
133296,78,bully,1689,1,0,0,48,0,672,0,1,78,131607,1689,0,49,0,0,0,LEADER,1,0,0,48,0,0,0,0,0,0,0,0,0,0,0
133684,79,bully,2077,1,0,0,48,0,672,0,1,79,131607,2077,0,49,0,0,0,LEADER,1,0,0,48,0,0,0,0,0,0,0,0,0,0,0
133259,14,bully,1652,1,0,0,48,0,672,0,1,14,131607,1652,0,49,0,0,0,LEADER,1,0,0,48,0,0,0,0,0,0,0,0,0,0,0
133686,36,bully,2080,1,0,0,48,0,672,0,1,36,131606,2080,0,49,0,0,0,LEADER,1,0,0,48,0,0,0,0,0,0,0,0,0,0,0
133569,81,bully,1962,1,0,0,48,0,672,0,1,81,131607,1962,0,49,0,0,0,LEADER,1,0,0,48,0,0,0,0,0,0,0,0,0,0,0
133229,67,bully,1622,1,0,0,48,0,672,0,1,67,131607,1622,0,49,0,0,0,LEADER,1,0,0,48,0,0,0,0,0,0,0,0,0,0,0
133990,83,bully,2383,1,0,0,48,0,672,0,1,83,131607,2383,0,49,0,0,0,LEADER,1,0,0,48,0,0,0,0,0,0,0,0,0,0,0
134135,99,bully,1607,1,0,0,49,0,686,0,1,99,132528,1607,0,50,0,0,0,LEADER,1,0,0,49,0,0,0,0,0,0,0,0,0,0,0
133311,55,bully,1704,1,0,0,48,0,672,0,1,55,131607,1704,0,49,0,0,0,LEADER,1,0,0,48,0,0,0,0,0,0,0,0,0,0,0
134102,89,bully,1574,1,0,0,49,0,686,0,1,89,132528,1574,0,50,0,0,0,LEADER,1,0,0,49,0,0,0,0,0,0,0,0,0,0,0
133263,77,bully,1656,1,0,0,48,0,672,0,1,77,131607,1656,0,49,0,0,0,LEADER,1,0,0,48,0,0,0,0,0,0,0,0,0,0,0
133535,71,bully,1928,1,0,0,48,0,672,0,1,71,131607,1928,0,49,0,0,0,LEADER,1,0,0,48,0,0,0,0,0,0,0,0,0,0,0
133447,52,bully,1840,1,0,0,48,0,672,0,1,52,131607,1840,0,49,0,0,0,LEADER,1,0,0,48,0,0,0,0,0,0,0,0,0,0,0
133814,76,bully,2213,1,0,0,48,0,672,0,1,76,131601,2213,0,49,0,0,0,LEADER,1,0,0,48,0,0,0,0,0,0,0,0,0,0,0
133414,10,bully,1807,1,0,0,48,0,672,0,1,10,131607,1807,0,49,0,0,0,LEADER,1,0,0,48,0,0,0,0,0,0,0,0,0,0,0
133347,22,bully,1740,1,0,0,48,0,672,0,1,22,131607,1740,0,49,0,0,0,LEADER,1,0,0,48,0,0,0,0,0,0,0,0,0,0,0
133495,21,bully,1889,1,0,0,48,0,672,0,1,21,131606,1889,0,49,0,0,0,LEADER,1,0,0,48,0,0,0,0,0,0,0,0,0,0,0
133753,56,bully,2146,1,0,0,48,0,672,0,1,56,131607,2146,0,49,0,0,0,LEADER,1,0,0,48,0,0,0,0,0,0,0,0,0,0,0
133278,60,bully,1671,1,0,0,48,0,672,0,1,60,131607,1671,0,49,0,0,0,LEADER,1,0,0,48,0,0,0,0,0,0,0,0,0,0,0
134132,25,bully,1604,1,0,0,49,0,686,0,1,25,132528,1604,0,50,0,0,0,LEADER,1,0,0,49,0,0,0,0,0,0,0,0,0,0,0
133344,65,bully,1737,1,0,0,48,0,672,0,1,65,131607,1737,0,49,0,0,0,LEADER,1,0,0,48,0,0,0,0,0,0,0,0,0,0,0
134020,19,bully,2413,1,0,0,48,0,672,0,1,19,131607,2413,0,49,0,0,0,LEADER,1,0,0,48,0,0,0,0,0,0,0,0,0,0,0
133650,69,bully,2043,1,0,0,48,0,672,0,1,69,131607,2043,0,49,0,0,0,LEADER,1,0,0,48,0,0,0,0,0,0,0,0,0,0,0
134253,54,bully,1725,1,0,0,49,0,686,0,1,54,132528,1725,0,50,0,0,0,LEADER,1,0,0,49,0,0,0,0,0,0,0,0,0,0,0
133599,17,bully,1992,1,0,0,48,0,672,0,1,17,131607,1992,0,49,0,0,0,LEADER,1,0,0,48,0,0,0,0,0,0,0,0,0,0,0
134114,100,bully,1586,1,0,0,49,0,686,0,1,100,132528,1586,0,50,0,0,0,LEADER,1,0,0,49,0,0,0,0,0,0,0,0,0,0,0
134077,16,bully,1549,1,0,0,49,0,686,0,1,16,132528,1549,0,50,0,0,0,LEADER,1,0,0,49,0,0,0,0,0,0,0,0,0,0,0
133665,37,bully,2058,1,0,0,48,0,672,0,1,37,131607,2058,0,49,0,0,0,LEADER,1,0,0,48,0,0,0,0,0,0,0,0,0,0,0
134302,13,bully,1774,1,0,0,49,0,686,0,1,13,132528,1774,0,50,0,0,0,LEADER,1,0,0,49,0,0,0,0,0,0,0,0,0,0,0
133462,20,bully,1855,1,0,0,48,0,672,0,1,20,131607,1855,0,49,0,0,0,LEADER,1,0,0,48,0,0,0,0,0,0,0,0,0,0,0
134095,41,bully,1567,1,0,0,49,0,686,0,1,41,132528,1567,0,50,0,0,0,LEADER,1,0,0,49,0,0,0,0,0,0,0,0,0,0,0
134084,47,bully,1556,1,0,0,49,0,686,0,1,47,132528,1556,0,50,0,0,0,LEADER,1,0,0,49,0,0,0,0,0,0,0,0,0,0,0
133909,95,bully,2301,1,0,0,48,0,672,0,1,95,131608,2301,0,49,0,0,0,LEADER,1,0,0,48,0,0,0,0,0,0,0,0,0,0,0
133772,98,bully,2165,1,0,0,48,0,672,0,1,98,131607,2165,0,49,0,0,0,LEADER,1,0,0,48,0,0,0,0,0,0,0,0,0,0,0
133956,73,bully,2349,1,0,0,48,0,672,0,1,73,131607,2349,0,49,0,0,0,LEADER,1,0,0,48,0,0,0,0,0,0,0,0,0,0,0
133502,61,bully,1895,1,0,0,48,0,672,0,1,61,131607,1895,0,49,0,0,0,LEADER,1,0,0,48,0,0,0,0,0,0,0,0,0,0,0
134250,97,bully,1722,1,0,0,49,0,686,0,1,97,132528,1722,0,50,0,0,0,LEADER,1,0,0,49,0,0,0,0,0,0,0,0,0,0,0
134280,33,bully,1752,1,0,0,49,0,686,0,1,33,132528,1752,0,50,0,0,0,LEADER,1,0,0,49,0,0,0,0,0,0,0,0,0,0,0
133938,31,bully,2331,1,0,0,48,0,672,0,1,31,131607,2331,0,49,0,0,0,LEADER,1,0,0,48,0,0,0,0,0,0,0,0,0,0,0
134450,40,bully,1922,1,0,0,49,0,686,0,1,40,132528,1922,0,50,0,0,0,LEADER,1,0,0,49,0,0,0,0,0,0,0,0,0,0,0
134440,29,bully,1910,1,0,0,49,0,686,0,1,29,132530,1910,0,50,0,0,0,LEADER,1,0,0,49,0,0,0,0,0,0,0,0,0,0,0
134268,96,bully,1744,1,0,0,49,0,686,0,1,96,132524,1744,0,50,0,0,0,LEADER,1,0,0,49,0,0,0,0,0,0,0,0,0,0,0
134353,84,bully,1825,1,0,0,49,0,686,0,1,84,132528,1825,0,50,0,0,0,LEADER,1,0,0,49,0,0,0,0,0,0,0,0,0,0,0
134047,80,bully,1519,1,0,0,49,0,686,0,1,80,132528,1519,0,50,0,0,0,LEADER,1,0,0,49,0,0,0,0,0,0,0,0,0,0,0
133890,53,bully,2283,1,0,0,48,0,672,0,1,53,131607,2283,0,49,0,0,0,LEADER,1,0,0,48,0,0,0,0,0,0,0,0,0,0,0
133966,92,bully,1438,1,0,0,49,0,686,0,1,92,132528,1438,0,50,0,0,0,LEADER,1,0,0,49,0,0,0,0,0,0,0,0,0,0,0
134402,62,bully,1874,1,0,0,49,0,686,0,1,62,132528,1874,0,50,0,0,0,LEADER,1,0,0,49,0,0,0,0,0,0,0,0,0,0,0
134142,91,bully,1619,1,0,0,49,0,686,0,1,91,132523,1619,0,50,0,0,0,LEADER,1,0,0,49,0,0,0,0,0,0,0,0,0,0,0
134099,15,bully,1571,1,0,0,49,0,686,0,1,15,132528,1571,0,50,0,0,0,LEADER,1,0,0,49,0,0,0,0,0,0,0,0,0,0,0
133768,26,bully,2161,1,0,0,48,0,672,0,1,26,131607,2161,0,49,0,0,0,LEADER,1,0,0,48,0,0,0,0,0,0,0,0,0,0,0
134505,49,bully,1977,1,0,0,49,0,686,0,1,49,132528,1977,0,50,0,0,0,LEADER,1,0,0,49,0,0,0,0,0,0,0,0,0,0,0
134320,58,bully,1792,1,0,0,49,0,686,0,1,58,132528,1792,0,50,0,0,0,LEADER,1,0,0,49,0,0,0,0,0,0,0,0,0,0,0
133853,86,bully,2246,1,0,0,48,0,672,0,1,86,131607,2246,0,49,0,0,0,LEADER,1,0,0,48,0,0,0,0,0,0,0,0,0,0,0
134026,50,bully,2419,1,0,0,48,0,672,0,1,50,131607,2419,0,49,0,0,0,LEADER,1,0,0,48,0,0,0,0,0,0,0,0,0,0,0
133878,85,bully,2268,1,0,0,48,0,672,0,1,85,131610,2268,0,49,0,0,0,LEADER,1,0,0,48,0,0,0,0,0,0,0,0,0,0,0
133817,87,bully,2212,1,0,0,48,0,672,0,1,87,131605,2212,0,49,0,0,0,LEADER,1,0,0,48,0,0,0,0,0,0,0,0,0,0,0
134023,64,bully,2416,1,0,0,48,0,672,0,1,64,131607,2416,0,49,0,0,0,LEADER,1,0,0,48,0,0,0,0,0,0,0,0,0,0,0
133872,11,bully,2264,1,0,0,48,0,672,0,1,11,131608,2264,0,49,0,0,0,LEADER,1,0,0,48,0,0,0,0,0,0,0,0,0,0,0
133962,18,bully,1434,1,0,0,49,0,686,0,1,18,132528,1434,0,50,0,0,0,LEADER,1,0,0,49,0,0,0,0,0,0,0,0,0,0,0
134081,90,bully,1553,1,0,0,49,0,686,0,1,90,132528,1553,0,50,0,0,0,LEADER,1,0,0,49,0,0,0,0,0,0,0,0,0,0,0
133975,35,bully,1447,1,0,0,49,0,686,0,1,35,132528,1447,0,50,0,0,0,LEADER,1,0,0,49,0,0,0,0,0,0,0,0,0,0,0
133856,43,bully,2249,1,0,0,48,0,672,0,1,43,131607,2249,0,49,0,0,0,LEADER,1,0,0,48,0,0,0,0,0,0,0,0,0,0,0
133995,28,bully,1467,1,0,0,49,0,686,0,1,28,132528,1467,0,50,0,0,0,LEADER,1,0,0,49,0,0,0,0,0,0,0,0,0,0,0
133833,44,bully,2228,1,0,0,48,0,672,0,1,44,131605,2228,0,49,0,0,0,LEADER,1,0,0,48,0,0,0,0,0,0,0,0,0,0,0
134669,23,bully,2141,1,0,0,49,0,686,0,1,23,132528,2141,0,50,0,0,0,LEADER,1,0,0,49,0,0,0,0,0,0,0,0,0,0,0
133989,30,bully,1461,1,0,0,49,0,686,0,1,30,132528,1461,0,50,0,0,0,LEADER,1,0,0,49,0,0,0,0,0,0,0,0,0,0,0
134387,94,bully,1859,1,0,0,49,0,686,0,1,94,132528,1859,0,50,0,0,0,LEADER,1,0,0,49,0,0,0,0,0,0,0,0,0,0,0
134029,38,bully,1501,1,0,0,49,0,686,0,1,38,132528,1501,0,50,0,0,0,LEADER,1,0,0,49,0,0,0,0,0,0,0,0,0,0,0
134708,66,bully,2180,1,0,0,49,0,686,0,1,66,132528,2180,0,50,0,0,0,LEADER,1,0,0,49,0,0,0,0,0,0,0,0,0,0,0
134014,70,bully,1486,1,0,0,49,0,686,0,1,70,132528,1486,0,50,0,0,0,LEADER,1,0,0,49,0,0,0,0,0,0,0,0,0,0,0
134659,88,bully,2131,1,0,0,49,0,686,0,1,88,132528,2131,0,50,0,0,0,LEADER,1,0,0,49,0,0,0,0,0,0,0,0,0,0,0
133842,75,bully,2235,1,0,0,48,0,672,0,1,75,131607,2235,0,49,0,0,0,LEADER,1,0,0,48,0,0,0,0,0,0,0,0,0,0,0
133852,12,bully,2243,1,0,0,48,0,672,0,1,12,131609,2243,0,49,0,0,0,LEADER,1,0,0,48,0,0,0,0,0,0,0,0,0,0,0
134553,27,bully,2025,1,0,0,49,0,686,0,1,27,132528,2025,0,50,0,0,0,LEADER,1,0,0,49,0,0,0,0,0,0,0,0,0,0,0
134042,42,bully,1514,1,0,0,49,0,686,0,1,42,132528,1514,0,50,0,0,0,LEADER,1,0,0,49,0,0,0,0,0,0,0,0,0,0,0
134689,24,bully,2161,1,0,0,49,0,686,0,1,24,132528,2161,0,50,0,0,0,LEADER,1,0,0,49,0,0,0,0,0,0,0,0,0,0,0
134641,46,bully,2113,1,0,0,49,0,686,0,1,46,132528,2113,0,50,0,0,0,LEADER,1,0,0,49,0,0,0,0,0,0,0,0,0,0,0
134165,34,bully,1637,1,0,0,49,0,686,0,1,34,132528,1637,0,50,0,0,0,LEADER,1,0,0,49,0,0,0,0,0,0,0,0,0,0,0
134538,59,bully,2010,1,0,0,49,0,686,0,1,59,132528,2010,0,50,0,0,0,LEADER,1,0,0,49,0,0,0,0,0,0,0,0,0,0,0
134820,32,bully,2292,1,0,0,49,0,686,0,1,32,132528,2292,0,50,0,0,0,LEADER,1,0,0,49,0,0,0,0,0,0,0,0,0,0,0
134435,72,bully,1907,1,0,0,49,0,686,0,1,72,132528,1907,0,50,0,0,0,LEADER,1,0,0,49,0,0,0,0,0,0,0,0,0,0,0
134847,63,bully,2316,1,0,0,49,0,686,0,1,63,132531,2316,0,50,0,0,0,LEADER,1,0,0,49,0,0,0,0,0,0,0,0,0,0,0
134320,74,bully,1792,1,0,0,49,0,686,0,1,74,132528,1792,0,50,0,0,0,LEADER,1,0,0,49,0,0,0,0,0,0,0,0,0,0,0
134062,48,bully,1534,1,0,0,49,0,686,0,1,48,132528,1534,0,50,0,0,0,LEADER,1,0,0,49,0,0,0,0,0,0,0,0,0,0,0
134523,57,bully,1995,1,0,0,49,0,686,0,1,57,132528,1995,0,50,0,0,0,LEADER,1,0,0,49,0,0,0,0,0,0,0,0,0,0,0
134593,68,bully,2065,1,0,0,49,0,686,0,1,68,132528,2065,0,50,0,0,0,LEADER,1,0,0,49,0,0,0,0,0,0,0,0,0,0,0
133994,45,bully,1466,1,0,0,49,0,686,0,1,45,132528,1466,0,50,0,0,0,LEADER,1,0,0,49,0,0,0,0,0,0,0,0,0,0,0
134351,93,bully,1823,1,0,0,49,0,686,0,1,93,132528,1823,0,50,0,0,0,LEADER,1,0,0,49,0,0,0,0,0,0,0,0,0,0,0
134932,82,bully,2404,1,0,0,49,0,686,0,1,82,132528,2404,0,50,0,0,0,LEADER,1,0,0,49,0,0,0,0,0,0,0,0,0,0,0
134926,51,bully,2398,1,0,0,49,0,686,0,1,51,132528,2398,0,50,0,0,0,LEADER,1,0,0,49,0,0,0,0,0,0,0,0,0,0,0
134471,39,bully,1943,1,0,0,49,0,686,0,1,39,132528,1943,0,50,0,0,0,LEADER,1,0,0,49,0,0,0,0,0,0,0,0,0,0,0
134217,78,bully,1689,1,0,0,49,0,686,0,1,78,132528,1689,0,50,0,0,0,LEADER,1,0,0,49,0,0,0,0,0,0,0,0,0,0,0
134605,79,bully,2077,1,0,0,49,0,686,0,1,79,132528,2077,0,50,0,0,0,LEADER,1,0,0,49,0,0,0,0,0,0,0,0,0,0,0
134180,14,bully,1652,1,0,0,49,0,686,0,1,14,132528,1652,0,50,0,0,0,LEADER,1,0,0,49,0,0,0,0,0,0,0,0,0,0,0
134607,36,bully,2080,1,0,0,49,0,686,0,1,36,132527,2080,0,50,0,0,0,LEADER,1,0,0,49,0,0,0,0,0,0,0,0,0,0,0
134490,81,bully,1962,1,0,0,49,0,686,0,1,81,132528,1962,0,50,0,0,0,LEADER,1,0,0,49,0,0,0,0,0,0,0,0,0,0,0
134150,67,bully,1622,1,0,0,49,0,686,0,1,67,132528,1622,0,50,0,0,0,LEADER,1,0,0,49,0,0,0,0,0,0,0,0,0,0,0
134911,83,bully,2383,1,0,0,49,0,686,0,1,83,132528,2383,0,50,0,0,0,LEADER,1,0,0,49,0,0,0,0,0,0,0,0,0,0,0
135055,99,bully,1607,1,0,0,49,0,686,0,1,99,133448,1607,0,50,0,0,0,LEADER,1,0,0,49,0,0,0,0,0,0,0,0,0,0,0
134232,55,bully,1704,1,0,0,49,0,686,0,1,55,132528,1704,0,50,0,0,0,LEADER,1,0,0,49,0,0,0,0,0,0,0,0,0,0,0
135022,89,bully,1574,1,0,0,49,0,686,0,1,89,133448,1574,0,50,0,0,0,LEADER,1,0,0,49,0,0,0,0,0,0,0,0,0,0,0
134184,77,bully,1656,1,0,0,49,0,686,0,1,77,132528,1656,0,50,0,0,0,LEADER,1,0,0,49,0,0,0,0,0,0,0,0,0,0,0
134456,71,bully,1928,1,0,0,49,0,686,0,1,71,132528,1928,0,50,0,0,0,LEADER,1,0,0,49,0,0,0,0,0,0,0,0,0,0,0
134368,52,bully,1840,1,0,0,49,0,686,0,1,52,132528,1840,0,50,0,0,0,LEADER,1,0,0,49,0,0,0,0,0,0,0,0,0,0,0
134735,76,bully,2213,1,0,0,49,0,686,0,1,76,132522,2213,0,50,0,0,0,LEADER,1,0,0,49,0,0,0,0,0,0,0,0,0,0,0
134335,10,bully,1807,1,0,0,49,0,686,0,1,10,132528,1807,0,50,0,0,0,LEADER,1,0,0,49,0,0,0,0,0,0,0,0,0,0,0
134268,22,bully,1740,1,0,0,49,0,686,0,1,22,132528,1740,0,50,0,0,0,LEADER,1,0,0,49,0,0,0,0,0,0,0,0,0,0,0
134415,21,bully,1889,1,0,0,49,0,686,0,1,21,132526,1889,0,50,0,0,0,LEADER,1,0,0,49,0,0,0,0,0,0,0,0,0,0,0
134674,56,bully,2146,1,0,0,49,0,686,0,1,56,132528,2146,0,50,0,0,0,LEADER,1,0,0,49,0,0,0,0,0,0,0,0,0,0,0
134199,60,bully,1671,1,0,0,49,0,686,0,1,60,132528,1671,0,50,0,0,0,LEADER,1,0,0,49,0,0,0,0,0,0,0,0,0,0,0
135052,25,bully,1604,1,0,0,49,0,686,0,1,25,133448,1604,0,50,0,0,0,LEADER,1,0,0,49,0,0,0,0,0,0,0,0,0,0,0
134265,65,bully,1737,1,0,0,49,0,686,0,1,65,132528,1737,0,50,0,0,0,LEADER,1,0,0,49,0,0,0,0,0,0,0,0,0,0,0
134941,19,bully,2413,1,0,0,49,0,686,0,1,19,132528,2413,0,50,0,0,0,LEADER,1,0,0,49,0,0,0,0,0,0,0,0,0,0,0
134571,69,bully,2043,1,0,0,49,0,686,0,1,69,132528,2043,0,50,0,0,0,LEADER,1,0,0,49,0,0,0,0,0,0,0,0,0,0,0
135173,54,bully,1725,1,0,0,49,0,686,0,1,54,133448,1725,0,50,0,0,0,LEADER,1,0,0,49,0,0,0,0,0,0,0,0,0,0,0
134520,17,bully,1992,1,0,0,49,0,686,0,1,17,132528,1992,0,50,0,0,0,LEADER,1,0,0,49,0,0,0,0,0,0,0,0,0,0,0
135034,100,bully,1586,1,0,0,49,0,686,0,1,100,133448,1586,0,50,0,0,0,LEADER,1,0,0,49,0,0,0,0,0,0,0,0,0,0,0
134997,16,bully,1549,1,0,0,49,0,686,0,1,16,133448,1549,0,50,0,0,0,LEADER,1,0,0,49,0,0,0,0,0,0,0,0,0,0,0
134586,37,bully,2058,1,0,0,49,0,686,0,1,37,132528,2058,0,50,0,0,0,LEADER,1,0,0,49,0,0,0,0,0,0,0,0,0,0,0
135222,13,bully,1774,1,0,0,49,0,686,0,1,13,133448,1774,0,50,0,0,0,LEADER,1,0,0,49,0,0,0,0,0,0,0,0,0,0,0
134383,20,bully,1855,1,0,0,49,0,686,0,1,20,132528,1855,0,50,0,0,0,LEADER,1,0,0,49,0,0,0,0,0,0,0,0,0,0,0
135015,41,bully,1567,1,0,0,49,0,686,0,1,41,133448,1567,0,50,0,0,0,LEADER,1,0,0,49,0,0,0,0,0,0,0,0,0,0,0
135004,47,bully,1556,1,0,0,49,0,686,0,1,47,133448,1556,0,50,0,0,0,LEADER,1,0,0,49,0,0,0,0,0,0,0,0,0,0,0
134830,95,bully,2301,1,0,0,49,0,686,0,1,95,132529,2301,0,50,0,0,0,LEADER,1,0,0,49,0,0,0,0,0,0,0,0,0,0,0
134693,98,bully,2165,1,0,0,49,0,686,0,1,98,132528,2165,0,50,0,0,0,LEADER,1,0,0,49,0,0,0,0,0,0,0,0,0,0,0
134877,73,bully,2349,1,0,0,49,0,686,0,1,73,132528,2349,0,50,0,0,0,LEADER,1,0,0,49,0,0,0,0,0,0,0,0,0,0,0
135200,33,bully,1752,1,0,0,49,0,686,0,1,33,133448,1752,0,50,0,0,0,LEADER,1,0,0,49,0,0,0,0,0,0,0,0,0,0,0
134423,61,bully,1895,1,0,0,49,0,686,0,1,61,132528,1895,0,50,0,0,0,LEADER,1,0,0,49,0,0,0,0,0,0,0,0,0,0,0
135170,97,bully,1722,1,0,0,49,0,686,0,1,97,133448,1722,0,50,0,0,0,LEADER,1,0,0,49,0,0,0,0,0,0,0,0,0,0,0
135370,40,bully,1922,1,0,0,49,0,686,0,1,40,133448,1922,0,50,0,0,0,LEADER,1,0,0,49,0,0,0,0,0,0,0,0,0,0,0
134859,31,bully,2331,1,0,0,49,0,686,0,1,31,132528,2331,0,50,0,0,0,LEADER,1,0,0,49,0,0,0,0,0,0,0,0,0,0,0
135360,29,bully,1910,1,0,0,49,0,686,0,1,29,133450,1910,0,50,0,0,0,LEADER,1,0,0,49,0,0,0,0,0,0,0,0,0,0,0
135188,96,bully,1744,1,0,0,49,0,686,0,1,96,133444,1744,0,50,0,0,0,LEADER,1,0,0,49,0,0,0,0,0,0,0,0,0,0,0
135273,84,bully,1825,1,0,0,49,0,686,0,1,84,133448,1825,0,50,0,0,0,LEADER,1,0,0,49,0,0,0,0,0,0,0,0,0,0,0
134967,80,bully,1519,1,0,0,49,0,686,0,1,80,133448,1519,0,50,0,0,0,LEADER,1,0,0,49,0,0,0,0,0,0,0,0,0,0,0
134811,53,bully,2283,1,0,0,49,0,686,0,1,53,132528,2283,0,50,0,0,0,LEADER,1,0,0,49,0,0,0,0,0,0,0,0,0,0,0
134886,92,bully,1438,1,0,0,49,0,686,0,1,92,133448,1438,0,50,0,0,0,LEADER,1,0,0,49,0,0,0,0,0,0,0,0,0,0,0
135322,62,bully,1874,1,0,0,49,0,686,0,1,62,133448,1874,0,50,0,0,0,LEADER,1,0,0,49,0,0,0,0,0,0,0,0,0,0,0
135062,91,bully,1619,1,0,0,49,0,686,0,1,91,133443,1619,0,50,0,0,0,LEADER,1,0,0,49,0,0,0,0,0,0,0,0,0,0,0
135019,15,bully,1571,1,0,0,49,0,686,0,1,15,133448,1571,0,50,0,0,0,LEADER,1,0,0,49,0,0,0,0,0,0,0,0,0,0,0
134689,26,bully,2161,1,0,0,49,0,686,0,1,26,132528,2161,0,50,0,0,0,LEADER,1,0,0,49,0,0,0,0,0,0,0,0,0,0,0
135425,49,bully,1977,1,0,0,49,0,686,0,1,49,133448,1977,0,50,0,0,0,LEADER,1,0,0,49,0,0,0,0,0,0,0,0,0,0,0
135240,58,bully,1792,1,0,0,49,0,686,0,1,58,133448,1792,0,50,0,0,0,LEADER,1,0,0,49,0,0,0,0,0,0,0,0,0,0,0
134774,86,bully,2246,1,0,0,49,0,686,0,1,86,132528,2246,0,50,0,0,0,LEADER,1,0,0,49,0,0,0,0,0,0,0,0,0,0,0
134947,50,bully,2419,1,0,0,49,0,686,0,1,50,132528,2419,0,50,0,0,0,LEADER,1,0,0,49,0,0,0,0,0,0,0,0,0,0,0
134798,85,bully,2268,1,0,0,49,0,686,0,1,85,132530,2268,0,50,0,0,0,LEADER,1,0,0,49,0,0,0,0,0,0,0,0,0,0,0
134738,87,bully,2212,1,0,0,49,0,686,0,1,87,132526,2212,0,50,0,0,0,LEADER,1,0,0,49,0,0,0,0,0,0,0,0,0,0,0
134944,64,bully,2416,1,0,0,49,0,686,0,1,64,132528,2416,0,50,0,0,0,LEADER,1,0,0,49,0,0,0,0,0,0,0,0,0,0,0
134882,18,bully,1434,1,0,0,49,0,686,0,1,18,133448,1434,0,50,0,0,0,LEADER,1,0,0,49,0,0,0,0,0,0,0,0,0,0,0
134793,11,bully,2264,1,0,0,49,0,686,0,1,11,132529,2264,0,50,0,0,0,LEADER,1,0,0,49,0,0,0,0,0,0,0,0,0,0,0
135001,90,bully,1553,1,0,0,49,0,686,0,1,90,133448,1553,0,50,0,0,0,LEADER,1,0,0,49,0,0,0,0,0,0,0,0,0,0,0
134895,35,bully,1447,1,0,0,49,0,686,0,1,35,133448,1447,0,50,0,0,0,LEADER,1,0,0,49,0,0,0,0,0,0,0,0,0,0,0
134777,43,bully,2249,1,0,0,49,0,686,0,1,43,132528,2249,0,50,0,0,0,LEADER,1,0,0,49,0,0,0,0,0,0,0,0,0,0,0
134915,28,bully,1467,1,0,0,49,0,686,0,1,28,133448,1467,0,50,0,0,0,LEADER,1,0,0,49,0,0,0,0,0,0,0,0,0,0,0
134754,44,bully,2228,1,0,0,49,0,686,0,1,44,132526,2228,0,50,0,0,0,LEADER,1,0,0,49,0,0,0,0,0,0,0,0,0,0,0
135589,23,bully,2141,1,0,0,49,0,686,0,1,23,133448,2141,0,50,0,0,0,LEADER,1,0,0,49,0,0,0,0,0,0,0,0,0,0,0
134909,30,bully,1461,1,0,0,49,0,686,0,1,30,133448,1461,0,50,0,0,0,LEADER,1,0,0,49,0,0,0,0,0,0,0,0,0,0,0
135307,94,bully,1859,1,0,0,49,0,686,0,1,94,133448,1859,0,50,0,0,0,LEADER,1,0,0,49,0,0,0,0,0,0,0,0,0,0,0
134949,38,bully,1501,1,0,0,49,0,686,0,1,38,133448,1501,0,50,0,0,0,LEADER,1,0,0,49,0,0,0,0,0,0,0,0,0,0,0
135628,66,bully,2180,1,0,0,49,0,686,0,1,66,133448,2180,0,50,0,0,0,LEADER,1,0,0,49,0,0,0,0,0,0,0,0,0,0,0
134934,70,bully,1486,1,0,0,49,0,686,0,1,70,133448,1486,0,50,0,0,0,LEADER,1,0,0,49,0,0,0,0,0,0,0,0,0,0,0
135579,88,bully,2131,1,0,0,49,0,686,0,1,88,133448,2131,0,50,0,0,0,LEADER,1,0,0,49,0,0,0,0,0,0,0,0,0,0,0
134763,75,bully,2235,1,0,0,49,0,686,0,1,75,132528,2235,0,50,0,0,0,LEADER,1,0,0,49,0,0,0,0,0,0,0,0,0,0,0
134773,12,bully,2243,1,0,0,49,0,686,0,1,12,132530,2243,0,50,0,0,0,LEADER,1,0,0,49,0,0,0,0,0,0,0,0,0,0,0
135473,27,bully,2025,1,0,0,49,0,686,0,1,27,133448,2025,0,50,0,0,0,LEADER,1,0,0,49,0,0,0,0,0,0,0,0,0,0,0
134962,42,bully,1514,1,0,0,49,0,686,0,1,42,133448,1514,0,50,0,0,0,LEADER,1,0,0,49,0,0,0,0,0,0,0,0,0,0,0
135609,24,bully,2161,1,0,0,49,0,686,0,1,24,133448,2161,0,50,0,0,0,LEADER,1,0,0,49,0,0,0,0,0,0,0,0,0,0,0
135561,46,bully,2113,1,0,0,49,0,686,0,1,46,133448,2113,0,50,0,0,0,LEADER,1,0,0,49,0,0,0,0,0,0,0,0,0,0,0
135085,34,bully,1637,1,0,0,49,0,686,0,1,34,133448,1637,0,50,0,0,0,LEADER,1,0,0,49,0,0,0,0,0,0,0,0,0,0,0
135458,59,bully,2010,1,0,0,49,0,686,0,1,59,133448,2010,0,50,0,0,0,LEADER,1,0,0,49,0,0,0,0,0,0,0,0,0,0,0
135740,32,bully,2292,1,0,0,49,0,686,0,1,32,133448,2292,0,50,0,0,0,LEADER,1,0,0,49,0,0,0,0,0,0,0,0,0,0,0
135355,72,bully,1907,1,0,0,49,0,686,0,1,72,133448,1907,0,50,0,0,0,LEADER,1,0,0,49,0,0,0,0,0,0,0,0,0,0,0
135767,63,bully,2316,1,0,0,49,0,686,0,1,63,133451,2316,0,50,0,0,0,LEADER,1,0,0,49,0,0,0,0,0,0,0,0,0,0,0
135240,74,bully,1792,1,0,0,49,0,686,0,1,74,133448,1792,0,50,0,0,0,LEADER,1,0,0,49,0,0,0,0,0,0,0,0,0,0,0
134982,48,bully,1534,1,0,0,49,0,686,0,1,48,133448,1534,0,50,0,0,0,LEADER,1,0,0,49,0,0,0,0,0,0,0,0,0,0,0
135443,57,bully,1995,1,0,0,49,0,686,0,1,57,133448,1995,0,50,0,0,0,LEADER,1,0,0,49,0,0,0,0,0,0,0,0,0,0,0
135513,68,bully,2065,1,0,0,49,0,686,0,1,68,133448,2065,0,50,0,0,0,LEADER,1,0,0,49,0,0,0,0,0,0,0,0,0,0,0
134914,45,bully,1466,1,0,0,49,0,686,0,1,45,133448,1466,0,50,0,0,0,LEADER,1,0,0,49,0,0,0,0,0,0,0,0,0,0,0
135271,93,bully,1823,1,0,0,49,0,686,0,1,93,133448,1823,0,50,0,0,0,LEADER,1,0,0,49,0,0,0,0,0,0,0,0,0,0,0
135852,82,bully,2404,1,0,0,49,0,686,0,1,82,133448,2404,0,50,0,0,0,LEADER,1,0,0,49,0,0,0,0,0,0,0,0,0,0,0
135846,51,bully,2398,1,0,0,49,0,686,0,1,51,133448,2398,0,50,0,0,0,LEADER,1,0,0,49,0,0,0,0,0,0,0,0,0,0,0
135391,39,bully,1943,1,0,0,49,0,686,0,1,39,133448,1943,0,50,0,0,0,LEADER,1,0,0,49,0,0,0,0,0,0,0,0,0,0,0
135137,78,bully,1689,1,0,0,49,0,686,0,1,78,133448,1689,0,50,0,0,0,LEADER,1,0,0,49,0,0,0,0,0,0,0,0,0,0,0
135464,6,bully,1516,1,0,0,9,26,126,364,3,7,133948,1516,0,5,0,0,0,NORMAL,0,0,0,9,0,0,0,26,0,0,0,0,0,0,0
135525,79,bully,2077,1,0,0,49,0,686,0,1,79,133448,2077,0,50,0,0,0,LEADER,1,0,0,49,0,0,0,0,0,0,0,0,0,0,0
135100,14,bully,1652,1,0,0,49,0,686,0,1,14,133448,1652,0,50,0,0,0,LEADER,1,0,0,49,0,0,0,0,0,0,0,0,0,0,0
135527,36,bully,2080,1,0,0,49,0,686,0,1,36,133447,2080,0,50,0,0,0,LEADER,1,0,0,49,0,0,0,0,0,0,0,0,0,0,0
135410,81,bully,1962,1,0,0,49,0,686,0,1,81,133448,1962,0,50,0,0,0,LEADER,1,0,0,49,0,0,0,0,0,0,0,0,0,0,0
135070,67,bully,1622,1,0,0,49,0,686,0,1,67,133448,1622,0,50,0,0,0,LEADER,1,0,0,49,0,0,0,0,0,0,0,0,0,0,0
135831,83,bully,2383,1,0,0,49,0,686,0,1,83,133448,2383,0,50,0,0,0,LEADER,1,0,0,49,0,0,0,0,0,0,0,0,0,0,0
135975,99,bully,1607,1,0,0,49,0,686,0,1,99,134368,1607,0,50,0,0,0,LEADER,1,0,0,49,0,0,0,0,0,0,0,0,0,0,0
135152,55,bully,1704,1,0,0,49,0,686,0,1,55,133448,1704,0,50,0,0,0,LEADER,1,0,0,49,0,0,0,0,0,0,0,0,0,0,0
135942,89,bully,1574,1,0,0,49,0,686,0,1,89,134368,1574,0,50,0,0,0,LEADER,1,0,0,49,0,0,0,0,0,0,0,0,0,0,0
135104,77,bully,1656,1,0,0,49,0,686,0,1,77,133448,1656,0,50,0,0,0,LEADER,1,0,0,49,0,0,0,0,0,0,0,0,0,0,0
135376,71,bully,1928,1,0,0,49,0,686,0,1,71,133448,1928,0,50,0,0,0,LEADER,1,0,0,49,0,0,0,0,0,0,0,0,0,0,0
135288,52,bully,1840,1,0,0,49,0,686,0,1,52,133448,1840,0,50,0,0,0,LEADER,1,0,0,49,0,0,0,0,0,0,0,0,0,0,0
135655,76,bully,2213,1,0,0,49,0,686,0,1,76,133442,2213,0,50,0,0,0,LEADER,1,0,0,49,0,0,0,0,0,0,0,0,0,0,0
135255,10,bully,1807,1,0,0,49,0,686,0,1,10,133448,1807,0,50,0,0,0,LEADER,1,0,0,49,0,0,0,0,0,0,0,0,0,0,0
135188,22,bully,1740,1,0,0,49,0,686,0,1,22,133448,1740,0,50,0,0,0,LEADER,1,0,0,49,0,0,0,0,0,0,0,0,0,0,0
135335,21,bully,1889,1,0,0,49,0,686,0,1,21,133446,1889,0,50,0,0,0,LEADER,1,0,0,49,0,0,0,0,0,0,0,0,0,0,0
135594,56,bully,2146,1,0,0,49,0,686,0,1,56,133448,2146,0,50,0,0,0,LEADER,1,0,0,49,0,0,0,0,0,0,0,0,0,0,0
135119,60,bully,1671,1,0,0,49,0,686,0,1,60,133448,1671,0,50,0,0,0,LEADER,1,0,0,49,0,0,0,0,0,0,0,0,0,0,0
135972,25,bully,1604,1,0,0,49,0,686,0,1,25,134368,1604,0,50,0,0,0,LEADER,1,0,0,49,0,0,0,0,0,0,0,0,0,0,0
135185,65,bully,1737,1,0,0,49,0,686,0,1,65,133448,1737,0,50,0,0,0,LEADER,1,0,0,49,0,0,0,0,0,0,0,0,0,0,0
135861,19,bully,2413,1,0,0,49,0,686,0,1,19,133448,2413,0,50,0,0,0,LEADER,1,0,0,49,0,0,0,0,0,0,0,0,0,0,0
135491,69,bully,2043,1,0,0,49,0,686,0,1,69,133448,2043,0,50,0,0,0,LEADER,1,0,0,49,0,0,0,0,0,0,0,0,0,0,0
136093,54,bully,1725,1,0,0,49,0,686,0,1,54,134368,1725,0,50,0,0,0,LEADER,1,0,0,49,0,0,0,0,0,0,0,0,0,0,0
135440,17,bully,1992,1,0,0,49,0,686,0,1,17,133448,1992,0,50,0,0,0,LEADER,1,0,0,49,0,0,0,0,0,0,0,0,0,0,0
135954,100,bully,1586,1,0,0,49,0,686,0,1,100,134368,1586,0,50,0,0,0,LEADER,1,0,0,49,0,0,0,0,0,0,0,0,0,0,0
135917,16,bully,1549,1,0,0,49,0,686,0,1,16,134368,1549,0,50,0,0,0,LEADER,1,0,0,49,0,0,0,0,0,0,0,0,0,0,0
135506,37,bully,2058,1,0,0,49,0,686,0,1,37,133448,2058,0,50,0,0,0,LEADER,1,0,0,49,0,0,0,0,0,0,0,0,0,0,0
136142,13,bully,1774,1,0,0,49,0,686,0,1,13,134368,1774,0,50,0,0,0,LEADER,1,0,0,49,0,0,0,0,0,0,0,0,0,0,0
135303,20,bully,1855,1,0,0,49,0,686,0,1,20,133448,1855,0,50,0,0,0,LEADER,1,0,0,49,0,0,0,0,0,0,0,0,0,0,0
135935,41,bully,1567,1,0,0,49,0,686,0,1,41,134368,1567,0,50,0,0,0,LEADER,1,0,0,49,0,0,0,0,0,0,0,0,0,0,0
135924,47,bully,1556,1,0,0,49,0,686,0,1,47,134368,1556,0,50,0,0,0,LEADER,1,0,0,49,0,0,0,0,0,0,0,0,0,0,0
135750,95,bully,2301,1,0,0,49,0,686,0,1,95,133449,2301,0,50,0,0,0,LEADER,1,0,0,49,0,0,0,0,0,0,0,0,0,0,0
135613,98,bully,2165,1,0,0,49,0,686,0,1,98,133448,2165,0,50,0,0,0,LEADER,1,0,0,49,0,0,0,0,0,0,0,0,0,0,0
135797,73,bully,2349,1,0,0,49,0,686,0,1,73,133448,2349,0,50,0,0,0,LEADER,1,0,0,49,0,0,0,0,0,0,0,0,0,0,0
136120,33,bully,1752,1,0,0,49,0,686,0,1,33,134368,1752,0,50,0,0,0,LEADER,1,0,0,49,0,0,0,0,0,0,0,0,0,0,0
135343,61,bully,1895,1,0,0,49,0,686,0,1,61,133448,1895,0,50,0,0,0,LEADER,1,0,0,49,0,0,0,0,0,0,0,0,0,0,0
136090,97,bully,1722,1,0,0,49,0,686,0,1,97,134368,1722,0,50,0,0,0,LEADER,1,0,0,49,0,0,0,0,0,0,0,0,0,0,0
136290,40,bully,1922,1,0,0,49,0,686,0,1,40,134368,1922,0,50,0,0,0,LEADER,1,0,0,49,0,0,0,0,0,0,0,0,0,0,0
135779,31,bully,2331,1,0,0,49,0,686,0,1,31,133448,2331,0,50,0,0,0,LEADER,1,0,0,49,0,0,0,0,0,0,0,0,0,0,0
136280,29,bully,1910,1,0,0,49,0,686,0,1,29,134370,1910,0,50,0,0,0,LEADER,1,0,0,49,0,0,0,0,0,0,0,0,0,0,0
136011,2,bully,2214,1,0,0,9,19,126,266,4,2,133797,2214,0,7,0,0,0,LEADER,1,0,0,9,0,0,0,19,0,0,0,0,0,0,0
136108,96,bully,1744,1,0,0,49,0,686,0,1,96,134364,1744,0,50,0,0,0,LEADER,1,0,0,49,0,0,0,0,0,0,0,0,0,0,0
136193,84,bully,1825,1,0,0,49,0,686,0,1,84,134368,1825,0,50,0,0,0,LEADER,1,0,0,49,0,0,0,0,0,0,0,0,0,0,0
135887,80,bully,1519,1,0,0,49,0,686,0,1,80,134368,1519,0,50,0,0,0,LEADER,1,0,0,49,0,0,0,0,0,0,0,0,0,0,0
135731,53,bully,2283,1,0,0,49,0,686,0,1,53,133448,2283,0,50,0,0,0,LEADER,1,0,0,49,0,0,0,0,0,0,0,0,0,0,0
135806,92,bully,1438,1,0,0,49,0,686,0,1,92,134368,1438,0,50,0,0,0,LEADER,1,0,0,49,0,0,0,0,0,0,0,0,0,0,0
136242,62,bully,1874,1,0,0,49,0,686,0,1,62,134368,1874,0,50,0,0,0,LEADER,1,0,0,49,0,0,0,0,0,0,0,0,0,0,0
135982,91,bully,1619,1,0,0,49,0,686,0,1,91,134363,1619,0,50,0,0,0,LEADER,1,0,0,49,0,0,0,0,0,0,0,0,0,0,0
135939,15,bully,1571,1,0,0,49,0,686,0,1,15,134368,1571,0,50,0,0,0,LEADER,1,0,0,49,0,0,0,0,0,0,0,0,0,0,0
135609,26,bully,2161,1,0,0,49,0,686,0,1,26,133448,2161,0,50,0,0,0,LEADER,1,0,0,49,0,0,0,0,0,0,0,0,0,0,0
136345,49,bully,1977,1,0,0,49,0,686,0,1,49,134368,1977,0,50,0,0,0,LEADER,1,0,0,49,0,0,0,0,0,0,0,0,0,0,0
136160,58,bully,1792,1,0,0,49,0,686,0,1,58,134368,1792,0,50,0,0,0,LEADER,1,0,0,49,0,0,0,0,0,0,0,0,0,0,0
135694,86,bully,2246,1,0,0,49,0,686,0,1,86,133448,2246,0,50,0,0,0,LEADER,1,0,0,49,0,0,0,0,0,0,0,0,0,0,0
135867,50,bully,2419,1,0,0,49,0,686,0,1,50,133448,2419,0,50,0,0,0,LEADER,1,0,0,49,0,0,0,0,0,0,0,0,0,0,0
135718,85,bully,2268,1,0,0,49,0,686,0,1,85,133450,2268,0,50,0,0,0,LEADER,1,0,0,49,0,0,0,0,0,0,0,0,0,0,0
135658,87,bully,2212,1,0,0,49,0,686,0,1,87,133446,2212,0,50,0,0,0,LEADER,1,0,0,49,0,0,0,0,0,0,0,0,0,0,0
135864,64,bully,2416,1,0,0,49,0,686,0,1,64,133448,2416,0,50,0,0,0,LEADER,1,0,0,49,0,0,0,0,0,0,0,0,0,0,0
135802,18,bully,1434,1,0,0,49,0,686,0,1,18,134368,1434,0,50,0,0,0,LEADER,1,0,0,49,0,0,0,0,0,0,0,0,0,0,0
135713,11,bully,2264,1,0,0,49,0,686,0,1,11,133449,2264,0,50,0,0,0,LEADER,1,0,0,49,0,0,0,0,0,0,0,0,0,0,0
135921,90,bully,1553,1,0,0,49,0,686,0,1,90,134368,1553,0,50,0,0,0,LEADER,1,0,0,49,0,0,0,0,0,0,0,0,0,0,0
135815,35,bully,1447,1,0,0,49,0,686,0,1,35,134368,1447,0,50,0,0,0,LEADER,1,0,0,49,0,0,0,0,0,0,0,0,0,0,0
135697,43,bully,2249,1,0,0,49,0,686,0,1,43,133448,2249,0,50,0,0,0,LEADER,1,0,0,49,0,0,0,0,0,0,0,0,0,0,0
136114,1,bully,2293,1,0,0,10,9,140,126,1,1,133821,2293,0,9,0,0,0,LEADER,1,0,0,10,0,0,0,9,0,0,0,0,0,0,0
135835,28,bully,1467,1,0,0,49,0,686,0,1,28,134368,1467,0,50,0,0,0,LEADER,1,0,0,49,0,0,0,0,0,0,0,0,0,0,0
135674,44,bully,2228,1,0,0,49,0,686,0,1,44,133446,2228,0,50,0,0,0,LEADER,1,0,0,49,0,0,0,0,0,0,0,0,0,0,0
136509,23,bully,2141,1,0,0,49,0,686,0,1,23,134368,2141,0,50,0,0,0,LEADER,1,0,0,49,0,0,0,0,0,0,0,0,0,0,0
135829,30,bully,1461,1,0,0,49,0,686,0,1,30,134368,1461,0,50,0,0,0,LEADER,1,0,0,49,0,0,0,0,0,0,0,0,0,0,0
136227,94,bully,1859,1,0,0,49,0,686,0,1,94,134368,1859,0,50,0,0,0,LEADER,1,0,0,49,0,0,0,0,0,0,0,0,0,0,0
135869,38,bully,1501,1,0,0,49,0,686,0,1,38,134368,1501,0,50,0,0,0,LEADER,1,0,0,49,0,0,0,0,0,0,0,0,0,0,0
136548,66,bully,2180,1,0,0,49,0,686,0,1,66,134368,2180,0,50,0,0,0,LEADER,1,0,0,49,0,0,0,0,0,0,0,0,0,0,0
135854,70,bully,1486,1,0,0,49,0,686,0,1,70,134368,1486,0,50,0,0,0,LEADER,1,0,0,49,0,0,0,0,0,0,0,0,0,0,0
136499,88,bully,2131,1,0,0,49,0,686,0,1,88,134368,2131,0,50,0,0,0,LEADER,1,0,0,49,0,0,0,0,0,0,0,0,0,0,0
135683,75,bully,2235,1,0,0,49,0,686,0,1,75,133448,2235,0,50,0,0,0,LEADER,1,0,0,49,0,0,0,0,0,0,0,0,0,0,0
135693,12,bully,2243,1,0,0,49,0,686,0,1,12,133450,2243,0,50,0,0,0,LEADER,1,0,0,49,0,0,0,0,0,0,0,0,0,0,0
136393,27,bully,2025,1,0,0,49,0,686,0,1,27,134368,2025,0,50,0,0,0,LEADER,1,0,0,49,0,0,0,0,0,0,0,0,0,0,0
135882,42,bully,1514,1,0,0,49,0,686,0,1,42,134368,1514,0,50,0,0,0,LEADER,1,0,0,49,0,0,0,0,0,0,0,0,0,0,0
136529,24,bully,2161,1,0,0,49,0,686,0,1,24,134368,2161,0,50,0,0,0,LEADER,1,0,0,49,0,0,0,0,0,0,0,0,0,0,0
136481,46,bully,2113,1,0,0,49,0,686,0,1,46,134368,2113,0,50,0,0,0,LEADER,1,0,0,49,0,0,0,0,0,0,0,0,0,0,0
136378,59,bully,2010,1,0,0,49,0,686,0,1,59,134368,2010,0,50,0,0,0,LEADER,1,0,0,49,0,0,0,0,0,0,0,0,0,0,0
136005,34,bully,1637,1,0,0,49,0,686,0,1,34,134368,1637,0,50,0,0,0,LEADER,1,0,0,49,0,0,0,0,0,0,0,0,0,0,0
136660,32,bully,2292,1,0,0,49,0,686,0,1,32,134368,2292,0,50,0,0,0,LEADER,1,0,0,49,0,0,0,0,0,0,0,0,0,0,0
136275,72,bully,1907,1,0,0,49,0,686,0,1,72,134368,1907,0,50,0,0,0,LEADER,1,0,0,49,0,0,0,0,0,0,0,0,0,0,0
136687,63,bully,2316,1,0,0,49,0,686,0,1,63,134371,2316,0,50,0,0,0,LEADER,1,0,0,49,0,0,0,0,0,0,0,0,0,0,0
136160,74,bully,1792,1,0,0,49,0,686,0,1,74,134368,1792,0,50,0,0,0,LEADER,1,0,0,49,0,0,0,0,0,0,0,0,0,0,0
135902,48,bully,1534,1,0,0,49,0,686,0,1,48,134368,1534,0,50,0,0,0,LEADER,1,0,0,49,0,0,0,0,0,0,0,0,0,0,0
136363,57,bully,1995,1,0,0,49,0,686,0,1,57,134368,1995,0,50,0,0,0,LEADER,1,0,0,49,0,0,0,0,0,0,0,0,0,0,0
136433,68,bully,2065,1,0,0,49,0,686,0,1,68,134368,2065,0,50,0,0,0,LEADER,1,0,0,49,0,0,0,0,0,0,0,0,0,0,0
135834,45,bully,1466,1,0,0,49,0,686,0,1,45,134368,1466,0,50,0,0,0,LEADER,1,0,0,49,0,0,0,0,0,0,0,0,0,0,0
136191,93,bully,1823,1,0,0,49,0,686,0,1,93,134368,1823,0,50,0,0,0,LEADER,1,0,0,49,0,0,0,0,0,0,0,0,0,0,0
136772,82,bully,2404,1,0,0,49,0,686,0,1,82,134368,2404,0,50,0,0,0,LEADER,1,0,0,49,0,0,0,0,0,0,0,0,0,0,0
136766,51,bully,2398,1,0,0,49,0,686,0,1,51,134368,2398,0,50,0,0,0,LEADER,1,0,0,49,0,0,0,0,0,0,0,0,0,0,0
136311,39,bully,1943,1,0,0,49,0,686,0,1,39,134368,1943,0,50,0,0,0,LEADER,1,0,0,49,0,0,0,0,0,0,0,0,0,0,0
136057,78,bully,1689,1,0,0,49,0,686,0,1,78,134368,1689,0,50,0,0,0,LEADER,1,0,0,49,0,0,0,0,0,0,0,0,0,0,0
136445,79,bully,2077,1,0,0,49,0,686,0,1,79,134368,2077,0,50,0,0,0,LEADER,1,0,0,49,0,0,0,0,0,0,0,0,0,0,0
136020,14,bully,1652,1,0,0,49,0,686,0,1,14,134368,1652,0,50,0,0,0,LEADER,1,0,0,49,0,0,0,0,0,0,0,0,0,0,0
136447,36,bully,2080,1,0,0,49,0,686,0,1,36,134367,2080,0,50,0,0,0,LEADER,1,0,0,49,0,0,0,0,0,0,0,0,0,0,0
136330,81,bully,1962,1,0,0,49,0,686,0,1,81,134368,1962,0,50,0,0,0,LEADER,1,0,0,49,0,0,0,0,0,0,0,0,0,0,0
135990,67,bully,1622,1,0,0,49,0,686,0,1,67,134368,1622,0,50,0,0,0,LEADER,1,0,0,49,0,0,0,0,0,0,0,0,0,0,0
136751,83,bully,2383,1,0,0,49,0,686,0,1,83,134368,2383,0,50,0,0,0,LEADER,1,0,0,49,0,0,0,0,0,0,0,0,0,0,0
136896,99,bully,1607,1,0,0,50,0,700,0,1,99,135289,1607,0,51,0,0,0,LEADER,1,0,0,50,0,0,0,0,0,0,0,0,0,0,0
136072,55,bully,1704,1,0,0,49,0,686,0,1,55,134368,1704,0,50,0,0,0,LEADER,1,0,0,49,0,0,0,0,0,0,0,0,0,0,0
136863,89,bully,1574,1,0,0,50,0,700,0,1,89,135289,1574,0,51,0,0,0,LEADER,1,0,0,50,0,0,0,0,0,0,0,0,0,0,0
136024,77,bully,1656,1,0,0,49,0,686,0,1,77,134368,1656,0,50,0,0,0,LEADER,1,0,0,49,0,0,0,0,0,0,0,0,0,0,0
136296,71,bully,1928,1,0,0,49,0,686,0,1,71,134368,1928,0,50,0,0,0,LEADER,1,0,0,49,0,0,0,0,0,0,0,0,0,0,0
136208,52,bully,1840,1,0,0,49,0,686,0,1,52,134368,1840,0,50,0,0,0,LEADER,1,0,0,49,0,0,0,0,0,0,0,0,0,0,0
136575,76,bully,2213,1,0,0,49,0,686,0,1,76,134362,2213,0,50,0,0,0,LEADER,1,0,0,49,0,0,0,0,0,0,0,0,0,0,0
136175,10,bully,1807,1,0,0,49,0,686,0,1,10,134368,1807,0,50,0,0,0,LEADER,1,0,0,49,0,0,0,0,0,0,0,0,0,0,0
136108,22,bully,1740,1,0,0,49,0,686,0,1,22,134368,1740,0,50,0,0,0,LEADER,1,0,0,49,0,0,0,0,0,0,0,0,0,0,0
136255,21,bully,1889,1,0,0,49,0,686,0,1,21,134366,1889,0,50,0,0,0,LEADER,1,0,0,49,0,0,0,0,0,0,0,0,0,0,0
136514,56,bully,2146,1,0,0,49,0,686,0,1,56,134368,2146,0,50,0,0,0,LEADER,1,0,0,49,0,0,0,0,0,0,0,0,0,0,0
136039,60,bully,1671,1,0,0,49,0,686,0,1,60,134368,1671,0,50,0,0,0,LEADER,1,0,0,49,0,0,0,0,0,0,0,0,0,0,0
136893,25,bully,1604,1,0,0,50,0,700,0,1,25,135289,1604,0,51,0,0,0,LEADER,1,0,0,50,0,0,0,0,0,0,0,0,0,0,0
136105,65,bully,1737,1,0,0,49,0,686,0,1,65,134368,1737,0,50,0,0,0,LEADER,1,0,0,49,0,0,0,0,0,0,0,0,0,0,0
136781,19,bully,2413,1,0,0,49,0,686,0,1,19,134368,2413,0,50,0,0,0,LEADER,1,0,0,49,0,0,0,0,0,0,0,0,0,0,0
136411,69,bully,2043,1,0,0,49,0,686,0,1,69,134368,2043,0,50,0,0,0,LEADER,1,0,0,49,0,0,0,0,0,0,0,0,0,0,0
137014,54,bully,1725,1,0,0,50,0,700,0,1,54,135289,1725,0,51,0,0,0,LEADER,1,0,0,50,0,0,0,0,0,0,0,0,0,0,0
136360,17,bully,1992,1,0,0,49,0,686,0,1,17,134368,1992,0,50,0,0,0,LEADER,1,0,0,49,0,0,0,0,0,0,0,0,0,0,0
136875,100,bully,1586,1,0,0,50,0,700,0,1,100,135289,1586,0,51,0,0,0,LEADER,1,0,0,50,0,0,0,0,0,0,0,0,0,0,0
136838,16,bully,1549,1,0,0,50,0,700,0,1,16,135289,1549,0,51,0,0,0,LEADER,1,0,0,50,0,0,0,0,0,0,0,0,0,0,0
136426,37,bully,2058,1,0,0,49,0,686,0,1,37,134368,2058,0,50,0,0,0,LEADER,1,0,0,49,0,0,0,0,0,0,0,0,0,0,0
137063,13,bully,1774,1,0,0,50,0,700,0,1,13,135289,1774,0,51,0,0,0,LEADER,1,0,0,50,0,0,0,0,0,0,0,0,0,0,0
136223,20,bully,1855,1,0,0,49,0,686,0,1,20,134368,1855,0,50,0,0,0,LEADER,1,0,0,49,0,0,0,0,0,0,0,0,0,0,0
136856,41,bully,1567,1,0,0,50,0,700,0,1,41,135289,1567,0,51,0,0,0,LEADER,1,0,0,50,0,0,0,0,0,0,0,0,0,0,0
136845,47,bully,1556,1,0,0,50,0,700,0,1,47,135289,1556,0,51,0,0,0,LEADER,1,0,0,50,0,0,0,0,0,0,0,0,0,0,0
136670,95,bully,2301,1,0,0,49,0,686,0,1,95,134369,2301,0,50,0,0,0,LEADER,1,0,0,49,0,0,0,0,0,0,0,0,0,0,0
136533,98,bully,2165,1,0,0,49,0,686,0,1,98,134368,2165,0,50,0,0,0,LEADER,1,0,0,49,0,0,0,0,0,0,0,0,0,0,0
136717,73,bully,2349,1,0,0,49,0,686,0,1,73,134368,2349,0,50,0,0,0,LEADER,1,0,0,49,0,0,0,0,0,0,0,0,0,0,0
136263,61,bully,1895,1,0,0,49,0,686,0,1,61,134368,1895,0,50,0,0,0,LEADER,1,0,0,49,0,0,0,0,0,0,0,0,0,0,0
137011,97,bully,1722,1,0,0,50,0,700,0,1,97,135289,1722,0,51,0,0,0,LEADER,1,0,0,50,0,0,0,0,0,0,0,0,0,0,0
137041,33,bully,1752,1,0,0,50,0,700,0,1,33,135289,1752,0,51,0,0,0,LEADER,1,0,0,50,0,0,0,0,0,0,0,0,0,0,0
136699,31,bully,2331,1,0,0,49,0,686,0,1,31,134368,2331,0,50,0,0,0,LEADER,1,0,0,49,0,0,0,0,0,0,0,0,0,0,0
137211,40,bully,1922,1,0,0,50,0,700,0,1,40,135289,1922,0,51,0,0,0,LEADER,1,0,0,50,0,0,0,0,0,0,0,0,0,0,0
137201,29,bully,1910,1,0,0,50,0,700,0,1,29,135291,1910,0,51,0,0,0,LEADER,1,0,0,50,0,0,0,0,0,0,0,0,0,0,0
137029,96,bully,1744,1,0,0,50,0,700,0,1,96,135285,1744,0,51,0,0,0,LEADER,1,0,0,50,0,0,0,0,0,0,0,0,0,0,0
137114,84,bully,1825,1,0,0,50,0,700,0,1,84,135289,1825,0,51,0,0,0,LEADER,1,0,0,50,0,0,0,0,0,0,0,0,0,0,0
136808,80,bully,1519,1,0,0,50,0,700,0,1,80,135289,1519,0,51,0,0,0,LEADER,1,0,0,50,0,0,0,0,0,0,0,0,0,0,0
136651,53,bully,2283,1,0,0,49,0,686,0,1,53,134368,2283,0,50,0,0,0,LEADER,1,0,0,49,0,0,0,0,0,0,0,0,0,0,0
136727,92,bully,1438,1,0,0,50,0,700,0,1,92,135289,1438,0,51,0,0,0,LEADER,1,0,0,50,0,0,0,0,0,0,0,0,0,0,0
137163,62,bully,1874,1,0,0,50,0,700,0,1,62,135289,1874,0,51,0,0,0,LEADER,1,0,0,50,0,0,0,0,0,0,0,0,0,0,0
136903,91,bully,1619,1,0,0,50,0,700,0,1,91,135284,1619,0,51,0,0,0,LEADER,1,0,0,50,0,0,0,0,0,0,0,0,0,0,0
136860,15,bully,1571,1,0,0,50,0,700,0,1,15,135289,1571,0,51,0,0,0,LEADER,1,0,0,50,0,0,0,0,0,0,0,0,0,0,0
136529,26,bully,2161,1,0,0,49,0,686,0,1,26,134368,2161,0,50,0,0,0,LEADER,1,0,0,49,0,0,0,0,0,0,0,0,0,0,0
137266,49,bully,1977,1,0,0,50,0,700,0,1,49,135289,1977,0,51,0,0,0,LEADER,1,0,0,50,0,0,0,0,0,0,0,0,0,0,0
137081,58,bully,1792,1,0,0,50,0,700,0,1,58,135289,1792,0,51,0,0,0,LEADER,1,0,0,50,0,0,0,0,0,0,0,0,0,0,0
136614,86,bully,2246,1,0,0,49,0,686,0,1,86,134368,2246,0,50,0,0,0,LEADER,1,0,0,49,0,0,0,0,0,0,0,0,0,0,0
136787,50,bully,2419,1,0,0,49,0,686,0,1,50,134368,2419,0,50,0,0,0,LEADER,1,0,0,49,0,0,0,0,0,0,0,0,0,0,0
136638,85,bully,2268,1,0,0,49,0,686,0,1,85,134370,2268,0,50,0,0,0,LEADER,1,0,0,49,0,0,0,0,0,0,0,0,0,0,0
136578,87,bully,2212,1,0,0,49,0,686,0,1,87,134366,2212,0,50,0,0,0,LEADER,1,0,0,49,0,0,0,0,0,0,0,0,0,0,0
136784,64,bully,2416,1,0,0,49,0,686,0,1,64,134368,2416,0,50,0,0,0,LEADER,1,0,0,49,0,0,0,0,0,0,0,0,0,0,0
136633,11,bully,2264,1,0,0,49,0,686,0,1,11,134369,2264,0,50,0,0,0,LEADER,1,0,0,49,0,0,0,0,0,0,0,0,0,0,0
136723,18,bully,1434,1,0,0,50,0,700,0,1,18,135289,1434,0,51,0,0,0,LEADER,1,0,0,50,0,0,0,0,0,0,0,0,0,0,0
136842,90,bully,1553,1,0,0,50,0,700,0,1,90,135289,1553,0,51,0,0,0,LEADER,1,0,0,50,0,0,0,0,0,0,0,0,0,0,0
136736,35,bully,1447,1,0,0,50,0,700,0,1,35,135289,1447,0,51,0,0,0,LEADER,1,0,0,50,0,0,0,0,0,0,0,0,0,0,0
136617,43,bully,2249,1,0,0,49,0,686,0,1,43,134368,2249,0,50,0,0,0,LEADER,1,0,0,49,0,0,0,0,0,0,0,0,0,0,0
136756,28,bully,1467,1,0,0,50,0,700,0,1,28,135289,1467,0,51,0,0,0,LEADER,1,0,0,50,0,0,0,0,0,0,0,0,0,0,0
136594,44,bully,2228,1,0,0,49,0,686,0,1,44,134366,2228,0,50,0,0,0,LEADER,1,0,0,49,0,0,0,0,0,0,0,0,0,0,0
137430,23,bully,2141,1,0,0,50,0,700,0,1,23,135289,2141,0,51,0,0,0,LEADER,1,0,0,50,0,0,0,0,0,0,0,0,0,0,0
136750,30,bully,1461,1,0,0,50,0,700,0,1,30,135289,1461,0,51,0,0,0,LEADER,1,0,0,50,0,0,0,0,0,0,0,0,0,0,0
137148,94,bully,1859,1,0,0,50,0,700,0,1,94,135289,1859,0,51,0,0,0,LEADER,1,0,0,50,0,0,0,0,0,0,0,0,0,0,0
136790,38,bully,1501,1,0,0,50,0,700,0,1,38,135289,1501,0,51,0,0,0,LEADER,1,0,0,50,0,0,0,0,0,0,0,0,0,0,0
137469,66,bully,2180,1,0,0,50,0,700,0,1,66,135289,2180,0,51,0,0,0,LEADER,1,0,0,50,0,0,0,0,0,0,0,0,0,0,0
136775,70,bully,1486,1,0,0,50,0,700,0,1,70,135289,1486,0,51,0,0,0,LEADER,1,0,0,50,0,0,0,0,0,0,0,0,0,0,0
137420,88,bully,2131,1,0,0,50,0,700,0,1,88,135289,2131,0,51,0,0,0,LEADER,1,0,0,50,0,0,0,0,0,0,0,0,0,0,0
136603,75,bully,2235,1,0,0,49,0,686,0,1,75,134368,2235,0,50,0,0,0,LEADER,1,0,0,49,0,0,0,0,0,0,0,0,0,0,0
136613,12,bully,2243,1,0,0,49,0,686,0,1,12,134370,2243,0,50,0,0,0,LEADER,1,0,0,49,0,0,0,0,0,0,0,0,0,0,0
137314,27,bully,2025,1,0,0,50,0,700,0,1,27,135289,2025,0,51,0,0,0,LEADER,1,0,0,50,0,0,0,0,0,0,0,0,0,0,0
136803,42,bully,1514,1,0,0,50,0,700,0,1,42,135289,1514,0,51,0,0,0,LEADER,1,0,0,50,0,0,0,0,0,0,0,0,0,0,0
137450,24,bully,2161,1,0,0,50,0,700,0,1,24,135289,2161,0,51,0,0,0,LEADER,1,0,0,50,0,0,0,0,0,0,0,0,0,0,0
137402,46,bully,2113,1,0,0,50,0,700,0,1,46,135289,2113,0,51,0,0,0,LEADER,1,0,0,50,0,0,0,0,0,0,0,0,0,0,0
136926,34,bully,1637,1,0,0,50,0,700,0,1,34,135289,1637,0,51,0,0,0,LEADER,1,0,0,50,0,0,0,0,0,0,0,0,0,0,0
137299,59,bully,2010,1,0,0,50,0,700,0,1,59,135289,2010,0,51,0,0,0,LEADER,1,0,0,50,0,0,0,0,0,0,0,0,0,0,0
137581,32,bully,2292,1,0,0,50,0,700,0,1,32,135289,2292,0,51,0,0,0,LEADER,1,0,0,50,0,0,0,0,0,0,0,0,0,0,0
137196,72,bully,1907,1,0,0,50,0,700,0,1,72,135289,1907,0,51,0,0,0,LEADER,1,0,0,50,0,0,0,0,0,0,0,0,0,0,0
137608,63,bully,2316,1,0,0,50,0,700,0,1,63,135292,2316,0,51,0,0,0,LEADER,1,0,0,50,0,0,0,0,0,0,0,0,0,0,0
137081,74,bully,1792,1,0,0,50,0,700,0,1,74,135289,1792,0,51,0,0,0,LEADER,1,0,0,50,0,0,0,0,0,0,0,0,0,0,0
136823,48,bully,1534,1,0,0,50,0,700,0,1,48,135289,1534,0,51,0,0,0,LEADER,1,0,0,50,0,0,0,0,0,0,0,0,0,0,0
137284,57,bully,1995,1,0,0,50,0,700,0,1,57,135289,1995,0,51,0,0,0,LEADER,1,0,0,50,0,0,0,0,0,0,0,0,0,0,0
137354,68,bully,2065,1,0,0,50,0,700,0,1,68,135289,2065,0,51,0,0,0,LEADER,1,0,0,50,0,0,0,0,0,0,0,0,0,0,0
136755,45,bully,1466,1,0,0,50,0,700,0,1,45,135289,1466,0,51,0,0,0,LEADER,1,0,0,50,0,0,0,0,0,0,0,0,0,0,0
137112,93,bully,1823,1,0,0,50,0,700,0,1,93,135289,1823,0,51,0,0,0,LEADER,1,0,0,50,0,0,0,0,0,0,0,0,0,0,0
137693,82,bully,2404,1,0,0,50,0,700,0,1,82,135289,2404,0,51,0,0,0,LEADER,1,0,0,50,0,0,0,0,0,0,0,0,0,0,0
137687,51,bully,2398,1,0,0,50,0,700,0,1,51,135289,2398,0,51,0,0,0,LEADER,1,0,0,50,0,0,0,0,0,0,0,0,0,0,0
137232,39,bully,1943,1,0,0,50,0,700,0,1,39,135289,1943,0,51,0,0,0,LEADER,1,0,0,50,0,0,0,0,0,0,0,0,0,0,0
136978,78,bully,1689,1,0,0,50,0,700,0,1,78,135289,1689,0,51,0,0,0,LEADER,1,0,0,50,0,0,0,0,0,0,0,0,0,0,0
137366,79,bully,2077,1,0,0,50,0,700,0,1,79,135289,2077,0,51,0,0,0,LEADER,1,0,0,50,0,0,0,0,0,0,0,0,0,0,0
136941,14,bully,1652,1,0,0,50,0,700,0,1,14,135289,1652,0,51,0,0,0,LEADER,1,0,0,50,0,0,0,0,0,0,0,0,0,0,0
137368,36,bully,2080,1,0,0,50,0,700,0,1,36,135288,2080,0,51,0,0,0,LEADER,1,0,0,50,0,0,0,0,0,0,0,0,0,0,0
137251,81,bully,1962,1,0,0,50,0,700,0,1,81,135289,1962,0,51,0,0,0,LEADER,1,0,0,50,0,0,0,0,0,0,0,0,0,0,0
136911,67,bully,1622,1,0,0,50,0,700,0,1,67,135289,1622,0,51,0,0,0,LEADER,1,0,0,50,0,0,0,0,0,0,0,0,0,0,0
137672,83,bully,2383,1,0,0,50,0,700,0,1,83,135289,2383,0,51,0,0,0,LEADER,1,0,0,50,0,0,0,0,0,0,0,0,0,0,0
137816,99,bully,1607,1,0,0,50,0,700,0,1,99,136209,1607,0,51,0,0,0,LEADER,1,0,0,50,0,0,0,0,0,0,0,0,0,0,0
136993,55,bully,1704,1,0,0,50,0,700,0,1,55,135289,1704,0,51,0,0,0,LEADER,1,0,0,50,0,0,0,0,0,0,0,0,0,0,0
137783,89,bully,1574,1,0,0,50,0,700,0,1,89,136209,1574,0,51,0,0,0,LEADER,1,0,0,50,0,0,0,0,0,0,0,0,0,0,0
136945,77,bully,1656,1,0,0,50,0,700,0,1,77,135289,1656,0,51,0,0,0,LEADER,1,0,0,50,0,0,0,0,0,0,0,0,0,0,0
137217,71,bully,1928,1,0,0,50,0,700,0,1,71,135289,1928,0,51,0,0,0,LEADER,1,0,0,50,0,0,0,0,0,0,0,0,0,0,0
137129,52,bully,1840,1,0,0,50,0,700,0,1,52,135289,1840,0,51,0,0,0,LEADER,1,0,0,50,0,0,0,0,0,0,0,0,0,0,0
137496,76,bully,2213,1,0,0,50,0,700,0,1,76,135283,2213,0,51,0,0,0,LEADER,1,0,0,50,0,0,0,0,0,0,0,0,0,0,0
137096,10,bully,1807,1,0,0,50,0,700,0,1,10,135289,1807,0,51,0,0,0,LEADER,1,0,0,50,0,0,0,0,0,0,0,0,0,0,0
137029,22,bully,1740,1,0,0,50,0,700,0,1,22,135289,1740,0,51,0,0,0,LEADER,1,0,0,50,0,0,0,0,0,0,0,0,0,0,0
137176,21,bully,1889,1,0,0,50,0,700,0,1,21,135287,1889,0,51,0,0,0,LEADER,1,0,0,50,0,0,0,0,0,0,0,0,0,0,0
137435,56,bully,2146,1,0,0,50,0,700,0,1,56,135289,2146,0,51,0,0,0,LEADER,1,0,0,50,0,0,0,0,0,0,0,0,0,0,0
136960,60,bully,1671,1,0,0,50,0,700,0,1,60,135289,1671,0,51,0,0,0,LEADER,1,0,0,50,0,0,0,0,0,0,0,0,0,0,0
137813,25,bully,1604,1,0,0,50,0,700,0,1,25,136209,1604,0,51,0,0,0,LEADER,1,0,0,50,0,0,0,0,0,0,0,0,0,0,0
137026,65,bully,1737,1,0,0,50,0,700,0,1,65,135289,1737,0,51,0,0,0,LEADER,1,0,0,50,0,0,0,0,0,0,0,0,0,0,0
137702,19,bully,2413,1,0,0,50,0,700,0,1,19,135289,2413,0,51,0,0,0,LEADER,1,0,0,50,0,0,0,0,0,0,0,0,0,0,0
137332,69,bully,2043,1,0,0,50,0,700,0,1,69,135289,2043,0,51,0,0,0,LEADER,1,0,0,50,0,0,0,0,0,0,0,0,0,0,0
137934,54,bully,1725,1,0,0,50,0,700,0,1,54,136209,1725,0,51,0,0,0,LEADER,1,0,0,50,0,0,0,0,0,0,0,0,0,0,0
137281,17,bully,1992,1,0,0,50,0,700,0,1,17,135289,1992,0,51,0,0,0,LEADER,1,0,0,50,0,0,0,0,0,0,0,0,0,0,0
137795,100,bully,1586,1,0,0,50,0,700,0,1,100,136209,1586,0,51,0,0,0,LEADER,1,0,0,50,0,0,0,0,0,0,0,0,0,0,0
137758,16,bully,1549,1,0,0,50,0,700,0,1,16,136209,1549,0,51,0,0,0,LEADER,1,0,0,50,0,0,0,0,0,0,0,0,0,0,0
137347,37,bully,2058,1,0,0,50,0,700,0,1,37,135289,2058,0,51,0,0,0,LEADER,1,0,0,50,0,0,0,0,0,0,0,0,0,0,0
137983,13,bully,1774,1,0,0,50,0,700,0,1,13,136209,1774,0,51,0,0,0,LEADER,1,0,0,50,0,0,0,0,0,0,0,0,0,0,0
137144,20,bully,1855,1,0,0,50,0,700,0,1,20,135289,1855,0,51,0,0,0,LEADER,1,0,0,50,0,0,0,0,0,0,0,0,0,0,0
137776,41,bully,1567,1,0,0,50,0,700,0,1,41,136209,1567,0,51,0,0,0,LEADER,1,0,0,50,0,0,0,0,0,0,0,0,0,0,0
137765,47,bully,1556,1,0,0,50,0,700,0,1,47,136209,1556,0,51,0,0,0,LEADER,1,0,0,50,0,0,0,0,0,0,0,0,0,0,0
137591,95,bully,2301,1,0,0,50,0,700,0,1,95,135290,2301,0,51,0,0,0,LEADER,1,0,0,50,0,0,0,0,0,0,0,0,0,0,0
137454,98,bully,2165,1,0,0,50,0,700,0,1,98,135289,2165,0,51,0,0,0,LEADER,1,0,0,50,0,0,0,0,0,0,0,0,0,0,0
137638,73,bully,2349,1,0,0,50,0,700,0,1,73,135289,2349,0,51,0,0,0,LEADER,1,0,0,50,0,0,0,0,0,0,0,0,0,0,0
137961,33,bully,1752,1,0,0,50,0,700,0,1,33,136209,1752,0,51,0,0,0,LEADER,1,0,0,50,0,0,0,0,0,0,0,0,0,0,0
137931,97,bully,1722,1,0,0,50,0,700,0,1,97,136209,1722,0,51,0,0,0,LEADER,1,0,0,50,0,0,0,0,0,0,0,0,0,0,0
137184,61,bully,1895,1,0,0,50,0,700,0,1,61,135289,1895,0,51,0,0,0,LEADER,1,0,0,50,0,0,0,0,0,0,0,0,0,0,0
138131,40,bully,1922,1,0,0,50,0,700,0,1,40,136209,1922,0,51,0,0,0,LEADER,1,0,0,50,0,0,0,0,0,0,0,0,0,0,0
137620,31,bully,2331,1,0,0,50,0,700,0,1,31,135289,2331,0,51,0,0,0,LEADER,1,0,0,50,0,0,0,0,0,0,0,0,0,0,0
138121,29,bully,1910,1,0,0,50,0,700,0,1,29,136211,1910,0,51,0,0,0,LEADER,1,0,0,50,0,0,0,0,0,0,0,0,0,0,0
137949,96,bully,1744,1,0,0,50,0,700,0,1,96,136205,1744,0,51,0,0,0,LEADER,1,0,0,50,0,0,0,0,0,0,0,0,0,0,0
138034,84,bully,1825,1,0,0,50,0,700,0,1,84,136209,1825,0,51,0,0,0,LEADER,1,0,0,50,0,0,0,0,0,0,0,0,0,0,0
137728,80,bully,1519,1,0,0,50,0,700,0,1,80,136209,1519,0,51,0,0,0,LEADER,1,0,0,50,0,0,0,0,0,0,0,0,0,0,0
137572,53,bully,2283,1,0,0,50,0,700,0,1,53,135289,2283,0,51,0,0,0,LEADER,1,0,0,50,0,0,0,0,0,0,0,0,0,0,0
137647,92,bully,1438,1,0,0,50,0,700,0,1,92,136209,1438,0,51,0,0,0,LEADER,1,0,0,50,0,0,0,0,0,0,0,0,0,0,0
138083,62,bully,1874,1,0,0,50,0,700,0,1,62,136209,1874,0,51,0,0,0,LEADER,1,0,0,50,0,0,0,0,0,0,0,0,0,0,0
137823,91,bully,1619,1,0,0,50,0,700,0,1,91,136204,1619,0,51,0,0,0,LEADER,1,0,0,50,0,0,0,0,0,0,0,0,0,0,0
137780,15,bully,1571,1,0,0,50,0,700,0,1,15,136209,1571,0,51,0,0,0,LEADER,1,0,0,50,0,0,0,0,0,0,0,0,0,0,0
137450,26,bully,2161,1,0,0,50,0,700,0,1,26,135289,2161,0,51,0,0,0,LEADER,1,0,0,50,0,0,0,0,0,0,0,0,0,0,0
138186,49,bully,1977,1,0,0,50,0,700,0,1,49,136209,1977,0,51,0,0,0,LEADER,1,0,0,50,0,0,0,0,0,0,0,0,0,0,0
138001,58,bully,1792,1,0,0,50,0,700,0,1,58,136209,1792,0,51,0,0,0,LEADER,1,0,0,50,0,0,0,0,0,0,0,0,0,0,0
137535,86,bully,2246,1,0,0,50,0,700,0,1,86,135289,2246,0,51,0,0,0,LEADER,1,0,0,50,0,0,0,0,0,0,0,0,0,0,0
137708,50,bully,2419,1,0,0,50,0,700,0,1,50,135289,2419,0,51,0,0,0,LEADER,1,0,0,50,0,0,0,0,0,0,0,0,0,0,0
137559,85,bully,2268,1,0,0,50,0,700,0,1,85,135291,2268,0,51,0,0,0,LEADER,1,0,0,50,0,0,0,0,0,0,0,0,0,0,0
137499,87,bully,2212,1,0,0,50,0,700,0,1,87,135287,2212,0,51,0,0,0,LEADER,1,0,0,50,0,0,0,0,0,0,0,0,0,0,0
137705,64,bully,2416,1,0,0,50,0,700,0,1,64,135289,2416,0,51,0,0,0,LEADER,1,0,0,50,0,0,0,0,0,0,0,0,0,0,0
137643,18,bully,1434,1,0,0,50,0,700,0,1,18,136209,1434,0,51,0,0,0,LEADER,1,0,0,50,0,0,0,0,0,0,0,0,0,0,0
137554,11,bully,2264,1,0,0,50,0,700,0,1,11,135290,2264,0,51,0,0,0,LEADER,1,0,0,50,0,0,0,0,0,0,0,0,0,0,0
137762,90,bully,1553,1,0,0,50,0,700,0,1,90,136209,1553,0,51,0,0,0,LEADER,1,0,0,50,0,0,0,0,0,0,0,0,0,0,0
137656,35,bully,1447,1,0,0,50,0,700,0,1,35,136209,1447,0,51,0,0,0,LEADER,1,0,0,50,0,0,0,0,0,0,0,0,0,0,0
137538,43,bully,2249,1,0,0,50,0,700,0,1,43,135289,2249,0,51,0,0,0,LEADER,1,0,0,50,0,0,0,0,0,0,0,0,0,0,0
137676,28,bully,1467,1,0,0,50,0,700,0,1,28,136209,1467,0,51,0,0,0,LEADER,1,0,0,50,0,0,0,0,0,0,0,0,0,0,0
137515,44,bully,2228,1,0,0,50,0,700,0,1,44,135287,2228,0,51,0,0,0,LEADER,1,0,0,50,0,0,0,0,0,0,0,0,0,0,0
138350,23,bully,2141,1,0,0,50,0,700,0,1,23,136209,2141,0,51,0,0,0,LEADER,1,0,0,50,0,0,0,0,0,0,0,0,0,0,0
137670,30,bully,1461,1,0,0,50,0,700,0,1,30,136209,1461,0,51,0,0,0,LEADER,1,0,0,50,0,0,0,0,0,0,0,0,0,0,0
138068,94,bully,1859,1,0,0,50,0,700,0,1,94,136209,1859,0,51,0,0,0,LEADER,1,0,0,50,0,0,0,0,0,0,0,0,0,0,0
137710,38,bully,1501,1,0,0,50,0,700,0,1,38,136209,1501,0,51,0,0,0,LEADER,1,0,0,50,0,0,0,0,0,0,0,0,0,0,0
138389,66,bully,2180,1,0,0,50,0,700,0,1,66,136209,2180,0,51,0,0,0,LEADER,1,0,0,50,0,0,0,0,0,0,0,0,0,0,0
137695,70,bully,1486,1,0,0,50,0,700,0,1,70,136209,1486,0,51,0,0,0,LEADER,1,0,0,50,0,0,0,0,0,0,0,0,0,0,0
138340,88,bully,2131,1,0,0,50,0,700,0,1,88,136209,2131,0,51,0,0,0,LEADER,1,0,0,50,0,0,0,0,0,0,0,0,0,0,0
137524,75,bully,2235,1,0,0,50,0,700,0,1,75,135289,2235,0,51,0,0,0,LEADER,1,0,0,50,0,0,0,0,0,0,0,0,0,0,0
137534,12,bully,2243,1,0,0,50,0,700,0,1,12,135291,2243,0,51,0,0,0,LEADER,1,0,0,50,0,0,0,0,0,0,0,0,0,0,0
138234,27,bully,2025,1,0,0,50,0,700,0,1,27,136209,2025,0,51,0,0,0,LEADER,1,0,0,50,0,0,0,0,0,0,0,0,0,0,0
137723,42,bully,1514,1,0,0,50,0,700,0,1,42,136209,1514,0,51,0,0,0,LEADER,1,0,0,50,0,0,0,0,0,0,0,0,0,0,0
138370,24,bully,2161,1,0,0,50,0,700,0,1,24,136209,2161,0,51,0,0,0,LEADER,1,0,0,50,0,0,0,0,0,0,0,0,0,0,0
138322,46,bully,2113,1,0,0,50,0,700,0,1,46,136209,2113,0,51,0,0,0,LEADER,1,0,0,50,0,0,0,0,0,0,0,0,0,0,0
137846,34,bully,1637,1,0,0,50,0,700,0,1,34,136209,1637,0,51,0,0,0,LEADER,1,0,0,50,0,0,0,0,0,0,0,0,0,0,0
138219,59,bully,2010,1,0,0,50,0,700,0,1,59,136209,2010,0,51,0,0,0,LEADER,1,0,0,50,0,0,0,0,0,0,0,0,0,0,0
138501,32,bully,2292,1,0,0,50,0,700,0,1,32,136209,2292,0,51,0,0,0,LEADER,1,0,0,50,0,0,0,0,0,0,0,0,0,0,0
138116,72,bully,1907,1,0,0,50,0,700,0,1,72,136209,1907,0,51,0,0,0,LEADER,1,0,0,50,0,0,0,0,0,0,0,0,0,0,0
138528,63,bully,2316,1,0,0,50,0,700,0,1,63,136212,2316,0,51,0,0,0,LEADER,1,0,0,50,0,0,0,0,0,0,0,0,0,0,0
138001,74,bully,1792,1,0,0,50,0,700,0,1,74,136209,1792,0,51,0,0,0,LEADER,1,0,0,50,0,0,0,0,0,0,0,0,0,0,0
137743,48,bully,1534,1,0,0,50,0,700,0,1,48,136209,1534,0,51,0,0,0,LEADER,1,0,0,50,0,0,0,0,0,0,0,0,0,0,0
138204,57,bully,1995,1,0,0,50,0,700,0,1,57,136209,1995,0,51,0,0,0,LEADER,1,0,0,50,0,0,0,0,0,0,0,0,0,0,0
138274,68,bully,2065,1,0,0,50,0,700,0,1,68,136209,2065,0,51,0,0,0,LEADER,1,0,0,50,0,0,0,0,0,0,0,0,0,0,0
137675,45,bully,1466,1,0,0,50,0,700,0,1,45,136209,1466,0,51,0,0,0,LEADER,1,0,0,50,0,0,0,0,0,0,0,0,0,0,0
138032,93,bully,1823,1,0,0,50,0,700,0,1,93,136209,1823,0,51,0,0,0,LEADER,1,0,0,50,0,0,0,0,0,0,0,0,0,0,0
138613,82,bully,2404,1,0,0,50,0,700,0,1,82,136209,2404,0,51,0,0,0,LEADER,1,0,0,50,0,0,0,0,0,0,0,0,0,0,0
138607,51,bully,2398,1,0,0,50,0,700,0,1,51,136209,2398,0,51,0,0,0,LEADER,1,0,0,50,0,0,0,0,0,0,0,0,0,0,0
138152,39,bully,1943,1,0,0,50,0,700,0,1,39,136209,1943,0,51,0,0,0,LEADER,1,0,0,50,0,0,0,0,0,0,0,0,0,0,0
137898,78,bully,1689,1,0,0,50,0,700,0,1,78,136209,1689,0,51,0,0,0,LEADER,1,0,0,50,0,0,0,0,0,0,0,0,0,0,0
138286,79,bully,2077,1,0,0,50,0,700,0,1,79,136209,2077,0,51,0,0,0,LEADER,1,0,0,50,0,0,0,0,0,0,0,0,0,0,0
137861,14,bully,1652,1,0,0,50,0,700,0,1,14,136209,1652,0,51,0,0,0,LEADER,1,0,0,50,0,0,0,0,0,0,0,0,0,0,0
138288,36,bully,2080,1,0,0,50,0,700,0,1,36,136208,2080,0,51,0,0,0,LEADER,1,0,0,50,0,0,0,0,0,0,0,0,0,0,0
138171,81,bully,1962,1,0,0,50,0,700,0,1,81,136209,1962,0,51,0,0,0,LEADER,1,0,0,50,0,0,0,0,0,0,0,0,0,0,0
137831,67,bully,1622,1,0,0,50,0,700,0,1,67,136209,1622,0,51,0,0,0,LEADER,1,0,0,50,0,0,0,0,0,0,0,0,0,0,0
138592,83,bully,2383,1,0,0,50,0,700,0,1,83,136209,2383,0,51,0,0,0,LEADER,1,0,0,50,0,0,0,0,0,0,0,0,0,0,0
138736,99,bully,1607,1,0,0,50,0,700,0,1,99,137129,1607,0,51,0,0,0,LEADER,1,0,0,50,0,0,0,0,0,0,0,0,0,0,0
137913,55,bully,1704,1,0,0,50,0,700,0,1,55,136209,1704,0,51,0,0,0,LEADER,1,0,0,50,0,0,0,0,0,0,0,0,0,0,0
138703,89,bully,1574,1,0,0,50,0,700,0,1,89,137129,1574,0,51,0,0,0,LEADER,1,0,0,50,0,0,0,0,0,0,0,0,0,0,0
137865,77,bully,1656,1,0,0,50,0,700,0,1,77,136209,1656,0,51,0,0,0,LEADER,1,0,0,50,0,0,0,0,0,0,0,0,0,0,0
138137,71,bully,1928,1,0,0,50,0,700,0,1,71,136209,1928,0,51,0,0,0,LEADER,1,0,0,50,0,0,0,0,0,0,0,0,0,0,0
138416,76,bully,2213,1,0,0,50,0,700,0,1,76,136203,2213,0,51,0,0,0,LEADER,1,0,0,50,0,0,0,0,0,0,0,0,0,0,0
138049,52,bully,1840,1,0,0,50,0,700,0,1,52,136209,1840,0,51,0,0,0,LEADER,1,0,0,50,0,0,0,0,0,0,0,0,0,0,0
138016,10,bully,1807,1,0,0,50,0,700,0,1,10,136209,1807,0,51,0,0,0,LEADER,1,0,0,50,0,0,0,0,0,0,0,0,0,0,0
137949,22,bully,1740,1,0,0,50,0,700,0,1,22,136209,1740,0,51,0,0,0,LEADER,1,0,0,50,0,0,0,0,0,0,0,0,0,0,0
138096,21,bully,1889,1,0,0,50,0,700,0,1,21,136207,1889,0,51,0,0,0,LEADER,1,0,0,50,0,0,0,0,0,0,0,0,0,0,0
138355,56,bully,2146,1,0,0,50,0,700,0,1,56,136209,2146,0,51,0,0,0,LEADER,1,0,0,50,0,0,0,0,0,0,0,0,0,0,0
137880,60,bully,1671,1,0,0,50,0,700,0,1,60,136209,1671,0,51,0,0,0,LEADER,1,0,0,50,0,0,0,0,0,0,0,0,0,0,0
138733,25,bully,1604,1,0,0,50,0,700,0,1,25,137129,1604,0,51,0,0,0,LEADER,1,0,0,50,0,0,0,0,0,0,0,0,0,0,0
137946,65,bully,1737,1,0,0,50,0,700,0,1,65,136209,1737,0,51,0,0,0,LEADER,1,0,0,50,0,0,0,0,0,0,0,0,0,0,0
138622,19,bully,2413,1,0,0,50,0,700,0,1,19,136209,2413,0,51,0,0,0,LEADER,1,0,0,50,0,0,0,0,0,0,0,0,0,0,0
138252,69,bully,2043,1,0,0,50,0,700,0,1,69,136209,2043,0,51,0,0,0,LEADER,1,0,0,50,0,0,0,0,0,0,0,0,0,0,0
138854,54,bully,1725,1,0,0,50,0,700,0,1,54,137129,1725,0,51,0,0,0,LEADER,1,0,0,50,0,0,0,0,0,0,0,0,0,0,0
138201,17,bully,1992,1,0,0,50,0,700,0,1,17,136209,1992,0,51,0,0,0,LEADER,1,0,0,50,0,0,0,0,0,0,0,0,0,0,0
138715,100,bully,1586,1,0,0,50,0,700,0,1,100,137129,1586,0,51,0,0,0,LEADER,1,0,0,50,0,0,0,0,0,0,0,0,0,0,0
138678,16,bully,1549,1,0,0,50,0,700,0,1,16,137129,1549,0,51,0,0,0,LEADER,1,0,0,50,0,0,0,0,0,0,0,0,0,0,0
138267,37,bully,2058,1,0,0,50,0,700,0,1,37,136209,2058,0,51,0,0,0,LEADER,1,0,0,50,0,0,0,0,0,0,0,0,0,0,0
138903,13,bully,1774,1,0,0,50,0,700,0,1,13,137129,1774,0,51,0,0,0,LEADER,1,0,0,50,0,0,0,0,0,0,0,0,0,0,0
138064,20,bully,1855,1,0,0,50,0,700,0,1,20,136209,1855,0,51,0,0,0,LEADER,1,0,0,50,0,0,0,0,0,0,0,0,0,0,0
138696,41,bully,1567,1,0,0,50,0,700,0,1,41,137129,1567,0,51,0,0,0,LEADER,1,0,0,50,0,0,0,0,0,0,0,0,0,0,0
138685,47,bully,1556,1,0,0,50,0,700,0,1,47,137129,1556,0,51,0,0,0,LEADER,1,0,0,50,0,0,0,0,0,0,0,0,0,0,0
138511,95,bully,2301,1,0,0,50,0,700,0,1,95,136210,2301,0,51,0,0,0,LEADER,1,0,0,50,0,0,0,0,0,0,0,0,0,0,0
138374,98,bully,2165,1,0,0,50,0,700,0,1,98,136209,2165,0,51,0,0,0,LEADER,1,0,0,50,0,0,0,0,0,0,0,0,0,0,0
138558,73,bully,2349,1,0,0,50,0,700,0,1,73,136209,2349,0,51,0,0,0,LEADER,1,0,0,50,0,0,0,0,0,0,0,0,0,0,0
138881,33,bully,1752,1,0,0,50,0,700,0,1,33,137129,1752,0,51,0,0,0,LEADER,1,0,0,50,0,0,0,0,0,0,0,0,0,0,0
138104,61,bully,1895,1,0,0,50,0,700,0,1,61,136209,1895,0,51,0,0,0,LEADER,1,0,0,50,0,0,0,0,0,0,0,0,0,0,0
138851,97,bully,1722,1,0,0,50,0,700,0,1,97,137129,1722,0,51,0,0,0,LEADER,1,0,0,50,0,0,0,0,0,0,0,0,0,0,0
139051,40,bully,1922,1,0,0,50,0,700,0,1,40,137129,1922,0,51,0,0,0,LEADER,1,0,0,50,0,0,0,0,0,0,0,0,0,0,0
138540,31,bully,2331,1,0,0,50,0,700,0,1,31,136209,2331,0,51,0,0,0,LEADER,1,0,0,50,0,0,0,0,0,0,0,0,0,0,0
139041,29,bully,1910,1,0,0,50,0,700,0,1,29,137131,1910,0,51,0,0,0,LEADER,1,0,0,50,0,0,0,0,0,0,0,0,0,0,0
138869,96,bully,1744,1,0,0,50,0,700,0,1,96,137125,1744,0,51,0,0,0,LEADER,1,0,0,50,0,0,0,0,0,0,0,0,0,0,0
138954,84,bully,1825,1,0,0,50,0,700,0,1,84,137129,1825,0,51,0,0,0,LEADER,1,0,0,50,0,0,0,0,0,0,0,0,0,0,0
138648,80,bully,1519,1,0,0,50,0,700,0,1,80,137129,1519,0,51,0,0,0,LEADER,1,0,0,50,0,0,0,0,0,0,0,0,0,0,0
138492,53,bully,2283,1,0,0,50,0,700,0,1,53,136209,2283,0,51,0,0,0,LEADER,1,0,0,50,0,0,0,0,0,0,0,0,0,0,0
138567,92,bully,1438,1,0,0,50,0,700,0,1,92,137129,1438,0,51,0,0,0,LEADER,1,0,0,50,0,0,0,0,0,0,0,0,0,0,0
139003,62,bully,1874,1,0,0,50,0,700,0,1,62,137129,1874,0,51,0,0,0,LEADER,1,0,0,50,0,0,0,0,0,0,0,0,0,0,0
138743,91,bully,1619,1,0,0,50,0,700,0,1,91,137124,1619,0,51,0,0,0,LEADER,1,0,0,50,0,0,0,0,0,0,0,0,0,0,0
138700,15,bully,1571,1,0,0,50,0,700,0,1,15,137129,1571,0,51,0,0,0,LEADER,1,0,0,50,0,0,0,0,0,0,0,0,0,0,0
138370,26,bully,2161,1,0,0,50,0,700,0,1,26,136209,2161,0,51,0,0,0,LEADER,1,0,0,50,0,0,0,0,0,0,0,0,0,0,0
139106,49,bully,1977,1,0,0,50,0,700,0,1,49,137129,1977,0,51,0,0,0,LEADER,1,0,0,50,0,0,0,0,0,0,0,0,0,0,0
138921,58,bully,1792,1,0,0,50,0,700,0,1,58,137129,1792,0,51,0,0,0,LEADER,1,0,0,50,0,0,0,0,0,0,0,0,0,0,0
138455,86,bully,2246,1,0,0,50,0,700,0,1,86,136209,2246,0,51,0,0,0,LEADER,1,0,0,50,0,0,0,0,0,0,0,0,0,0,0
138628,50,bully,2419,1,0,0,50,0,700,0,1,50,136209,2419,0,51,0,0,0,LEADER,1,0,0,50,0,0,0,0,0,0,0,0,0,0,0
138479,85,bully,2268,1,0,0,50,0,700,0,1,85,136211,2268,0,51,0,0,0,LEADER,1,0,0,50,0,0,0,0,0,0,0,0,0,0,0
138419,87,bully,2212,1,0,0,50,0,700,0,1,87,136207,2212,0,51,0,0,0,LEADER,1,0,0,50,0,0,0,0,0,0,0,0,0,0,0
138625,64,bully,2416,1,0,0,50,0,700,0,1,64,136209,2416,0,51,0,0,0,LEADER,1,0,0,50,0,0,0,0,0,0,0,0,0,0,0
138563,18,bully,1434,1,0,0,50,0,700,0,1,18,137129,1434,0,51,0,0,0,LEADER,1,0,0,50,0,0,0,0,0,0,0,0,0,0,0
138474,11,bully,2264,1,0,0,50,0,700,0,1,11,136210,2264,0,51,0,0,0,LEADER,1,0,0,50,0,0,0,0,0,0,0,0,0,0,0
138682,90,bully,1553,1,0,0,50,0,700,0,1,90,137129,1553,0,51,0,0,0,LEADER,1,0,0,50,0,0,0,0,0,0,0,0,0,0,0
138576,35,bully,1447,1,0,0,50,0,700,0,1,35,137129,1447,0,51,0,0,0,LEADER,1,0,0,50,0,0,0,0,0,0,0,0,0,0,0
138458,43,bully,2249,1,0,0,50,0,700,0,1,43,136209,2249,0,51,0,0,0,LEADER,1,0,0,50,0,0,0,0,0,0,0,0,0,0,0
138596,28,bully,1467,1,0,0,50,0,700,0,1,28,137129,1467,0,51,0,0,0,LEADER,1,0,0,50,0,0,0,0,0,0,0,0,0,0,0
138435,44,bully,2228,1,0,0,50,0,700,0,1,44,136207,2228,0,51,0,0,0,LEADER,1,0,0,50,0,0,0,0,0,0,0,0,0,0,0
139270,23,bully,2141,1,0,0,50,0,700,0,1,23,137129,2141,0,51,0,0,0,LEADER,1,0,0,50,0,0,0,0,0,0,0,0,0,0,0
138590,30,bully,1461,1,0,0,50,0,700,0,1,30,137129,1461,0,51,0,0,0,LEADER,1,0,0,50,0,0,0,0,0,0,0,0,0,0,0
138988,94,bully,1859,1,0,0,50,0,700,0,1,94,137129,1859,0,51,0,0,0,LEADER,1,0,0,50,0,0,0,0,0,0,0,0,0,0,0
138630,38,bully,1501,1,0,0,50,0,700,0,1,38,137129,1501,0,51,0,0,0,LEADER,1,0,0,50,0,0,0,0,0,0,0,0,0,0,0
139309,66,bully,2180,1,0,0,50,0,700,0,1,66,137129,2180,0,51,0,0,0,LEADER,1,0,0,50,0,0,0,0,0,0,0,0,0,0,0
138615,70,bully,1486,1,0,0,50,0,700,0,1,70,137129,1486,0,51,0,0,0,LEADER,1,0,0,50,0,0,0,0,0,0,0,0,0,0,0
139260,88,bully,2131,1,0,0,50,0,700,0,1,88,137129,2131,0,51,0,0,0,LEADER,1,0,0,50,0,0,0,0,0,0,0,0,0,0,0
138444,75,bully,2235,1,0,0,50,0,700,0,1,75,136209,2235,0,51,0,0,0,LEADER,1,0,0,50,0,0,0,0,0,0,0,0,0,0,0
138454,12,bully,2243,1,0,0,50,0,700,0,1,12,136211,2243,0,51,0,0,0,LEADER,1,0,0,50,0,0,0,0,0,0,0,0,0,0,0
139154,27,bully,2025,1,0,0,50,0,700,0,1,27,137129,2025,0,51,0,0,0,LEADER,1,0,0,50,0,0,0,0,0,0,0,0,0,0,0
138643,42,bully,1514,1,0,0,50,0,700,0,1,42,137129,1514,0,51,0,0,0,LEADER,1,0,0,50,0,0,0,0,0,0,0,0,0,0,0
139290,24,bully,2161,1,0,0,50,0,700,0,1,24,137129,2161,0,51,0,0,0,LEADER,1,0,0,50,0,0,0,0,0,0,0,0,0,0,0
139242,46,bully,2113,1,0,0,50,0,700,0,1,46,137129,2113,0,51,0,0,0,LEADER,1,0,0,50,0,0,0,0,0,0,0,0,0,0,0
138766,34,bully,1637,1,0,0,50,0,700,0,1,34,137129,1637,0,51,0,0,0,LEADER,1,0,0,50,0,0,0,0,0,0,0,0,0,0,0
139139,59,bully,2010,1,0,0,50,0,700,0,1,59,137129,2010,0,51,0,0,0,LEADER,1,0,0,50,0,0,0,0,0,0,0,0,0,0,0
139421,32,bully,2292,1,0,0,50,0,700,0,1,32,137129,2292,0,51,0,0,0,LEADER,1,0,0,50,0,0,0,0,0,0,0,0,0,0,0
139036,72,bully,1907,1,0,0,50,0,700,0,1,72,137129,1907,0,51,0,0,0,LEADER,1,0,0,50,0,0,0,0,0,0,0,0,0,0,0
139448,63,bully,2316,1,0,0,50,0,700,0,1,63,137132,2316,0,51,0,0,0,LEADER,1,0,0,50,0,0,0,0,0,0,0,0,0,0,0
138921,74,bully,1792,1,0,0,50,0,700,0,1,74,137129,1792,0,51,0,0,0,LEADER,1,0,0,50,0,0,0,0,0,0,0,0,0,0,0
138663,48,bully,1534,1,0,0,50,0,700,0,1,48,137129,1534,0,51,0,0,0,LEADER,1,0,0,50,0,0,0,0,0,0,0,0,0,0,0
139124,57,bully,1995,1,0,0,50,0,700,0,1,57,137129,1995,0,51,0,0,0,LEADER,1,0,0,50,0,0,0,0,0,0,0,0,0,0,0
139194,68,bully,2065,1,0,0,50,0,700,0,1,68,137129,2065,0,51,0,0,0,LEADER,1,0,0,50,0,0,0,0,0,0,0,0,0,0,0
138595,45,bully,1466,1,0,0,50,0,700,0,1,45,137129,1466,0,51,0,0,0,LEADER,1,0,0,50,0,0,0,0,0,0,0,0,0,0,0
138952,93,bully,1823,1,0,0,50,0,700,0,1,93,137129,1823,0,51,0,0,0,LEADER,1,0,0,50,0,0,0,0,0,0,0,0,0,0,0
139533,82,bully,2404,1,0,0,50,0,700,0,1,82,137129,2404,0,51,0,0,0,LEADER,1,0,0,50,0,0,0,0,0,0,0,0,0,0,0
139527,51,bully,2398,1,0,0,50,0,700,0,1,51,137129,2398,0,51,0,0,0,LEADER,1,0,0,50,0,0,0,0,0,0,0,0,0,0,0
139072,39,bully,1943,1,0,0,50,0,700,0,1,39,137129,1943,0,51,0,0,0,LEADER,1,0,0,50,0,0,0,0,0,0,0,0,0,0,0
138818,78,bully,1689,1,0,0,50,0,700,0,1,78,137129,1689,0,51,0,0,0,LEADER,1,0,0,50,0,0,0,0,0,0,0,0,0,0,0
139206,79,bully,2077,1,0,0,50,0,700,0,1,79,137129,2077,0,51,0,0,0,LEADER,1,0,0,50,0,0,0,0,0,0,0,0,0,0,0
138781,14,bully,1652,1,0,0,50,0,700,0,1,14,137129,1652,0,51,0,0,0,LEADER,1,0,0,50,0,0,0,0,0,0,0,0,0,0,0
139208,36,bully,2080,1,0,0,50,0,700,0,1,36,137128,2080,0,51,0,0,0,LEADER,1,0,0,50,0,0,0,0,0,0,0,0,0,0,0
139091,81,bully,1962,1,0,0,50,0,700,0,1,81,137129,1962,0,51,0,0,0,LEADER,1,0,0,50,0,0,0,0,0,0,0,0,0,0,0
138751,67,bully,1622,1,0,0,50,0,700,0,1,67,137129,1622,0,51,0,0,0,LEADER,1,0,0,50,0,0,0,0,0,0,0,0,0,0,0
139512,83,bully,2383,1,0,0,50,0,700,0,1,83,137129,2383,0,51,0,0,0,LEADER,1,0,0,50,0,0,0,0,0,0,0,0,0,0,0
139657,99,bully,1607,1,0,0,51,0,714,0,1,99,138050,1607,0,52,0,0,0,LEADER,1,0,0,51,0,0,0,0,0,0,0,0,0,0,0
138833,55,bully,1704,1,0,0,50,0,700,0,1,55,137129,1704,0,51,0,0,0,LEADER,1,0,0,50,0,0,0,0,0,0,0,0,0,0,0
139624,89,bully,1574,1,0,0,51,0,714,0,1,89,138050,1574,0,52,0,0,0,LEADER,1,0,0,51,0,0,0,0,0,0,0,0,0,0,0
138785,77,bully,1656,1,0,0,50,0,700,0,1,77,137129,1656,0,51,0,0,0,LEADER,1,0,0,50,0,0,0,0,0,0,0,0,0,0,0
139057,71,bully,1928,1,0,0,50,0,700,0,1,71,137129,1928,0,51,0,0,0,LEADER,1,0,0,50,0,0,0,0,0,0,0,0,0,0,0
139336,76,bully,2213,1,0,0,50,0,700,0,1,76,137123,2213,0,51,0,0,0,LEADER,1,0,0,50,0,0,0,0,0,0,0,0,0,0,0
138969,52,bully,1840,1,0,0,50,0,700,0,1,52,137129,1840,0,51,0,0,0,LEADER,1,0,0,50,0,0,0,0,0,0,0,0,0,0,0
138936,10,bully,1807,1,0,0,50,0,700,0,1,10,137129,1807,0,51,0,0,0,LEADER,1,0,0,50,0,0,0,0,0,0,0,0,0,0,0
138869,22,bully,1740,1,0,0,50,0,700,0,1,22,137129,1740,0,51,0,0,0,LEADER,1,0,0,50,0,0,0,0,0,0,0,0,0,0,0
139016,21,bully,1889,1,0,0,50,0,700,0,1,21,137127,1889,0,51,0,0,0,LEADER,1,0,0,50,0,0,0,0,0,0,0,0,0,0,0
139275,56,bully,2146,1,0,0,50,0,700,0,1,56,137129,2146,0,51,0,0,0,LEADER,1,0,0,50,0,0,0,0,0,0,0,0,0,0,0
138800,60,bully,1671,1,0,0,50,0,700,0,1,60,137129,1671,0,51,0,0,0,LEADER,1,0,0,50,0,0,0,0,0,0,0,0,0,0,0
139654,25,bully,1604,1,0,0,51,0,714,0,1,25,138050,1604,0,52,0,0,0,LEADER,1,0,0,51,0,0,0,0,0,0,0,0,0,0,0
138866,65,bully,1737,1,0,0,50,0,700,0,1,65,137129,1737,0,51,0,0,0,LEADER,1,0,0,50,0,0,0,0,0,0,0,0,0,0,0
139542,19,bully,2413,1,0,0,50,0,700,0,1,19,137129,2413,0,51,0,0,0,LEADER,1,0,0,50,0,0,0,0,0,0,0,0,0,0,0
139172,69,bully,2043,1,0,0,50,0,700,0,1,69,137129,2043,0,51,0,0,0,LEADER,1,0,0,50,0,0,0,0,0,0,0,0,0,0,0
139775,54,bully,1725,1,0,0,51,0,714,0,1,54,138050,1725,0,52,0,0,0,LEADER,1,0,0,51,0,0,0,0,0,0,0,0,0,0,0
139121,17,bully,1992,1,0,0,50,0,700,0,1,17,137129,1992,0,51,0,0,0,LEADER,1,0,0,50,0,0,0,0,0,0,0,0,0,0,0
139636,100,bully,1586,1,0,0,51,0,714,0,1,100,138050,1586,0,52,0,0,0,LEADER,1,0,0,51,0,0,0,0,0,0,0,0,0,0,0
139599,16,bully,1549,1,0,0,51,0,714,0,1,16,138050,1549,0,52,0,0,0,LEADER,1,0,0,51,0,0,0,0,0,0,0,0,0,0,0
139187,37,bully,2058,1,0,0,50,0,700,0,1,37,137129,2058,0,51,0,0,0,LEADER,1,0,0,50,0,0,0,0,0,0,0,0,0,0,0
139824,13,bully,1774,1,0,0,51,0,714,0,1,13,138050,1774,0,52,0,0,0,LEADER,1,0,0,51,0,0,0,0,0,0,0,0,0,0,0
138984,20,bully,1855,1,0,0,50,0,700,0,1,20,137129,1855,0,51,0,0,0,LEADER,1,0,0,50,0,0,0,0,0,0,0,0,0,0,0
139617,41,bully,1567,1,0,0,51,0,714,0,1,41,138050,1567,0,52,0,0,0,LEADER,1,0,0,51,0,0,0,0,0,0,0,0,0,0,0
139606,47,bully,1556,1,0,0,51,0,714,0,1,47,138050,1556,0,52,0,0,0,LEADER,1,0,0,51,0,0,0,0,0,0,0,0,0,0,0
139431,95,bully,2301,1,0,0,50,0,700,0,1,95,137130,2301,0,51,0,0,0,LEADER,1,0,0,50,0,0,0,0,0,0,0,0,0,0,0
139294,98,bully,2165,1,0,0,50,0,700,0,1,98,137129,2165,0,51,0,0,0,LEADER,1,0,0,50,0,0,0,0,0,0,0,0,0,0,0
139478,73,bully,2349,1,0,0,50,0,700,0,1,73,137129,2349,0,51,0,0,0,LEADER,1,0,0,50,0,0,0,0,0,0,0,0,0,0,0
139024,61,bully,1895,1,0,0,50,0,700,0,1,61,137129,1895,0,51,0,0,0,LEADER,1,0,0,50,0,0,0,0,0,0,0,0,0,0,0
139772,97,bully,1722,1,0,0,51,0,714,0,1,97,138050,1722,0,52,0,0,0,LEADER,1,0,0,51,0,0,0,0,0,0,0,0,0,0,0
139802,33,bully,1752,1,0,0,51,0,714,0,1,33,138050,1752,0,52,0,0,0,LEADER,1,0,0,51,0,0,0,0,0,0,0,0,0,0,0
139460,31,bully,2331,1,0,0,50,0,700,0,1,31,137129,2331,0,51,0,0,0,LEADER,1,0,0,50,0,0,0,0,0,0,0,0,0,0,0
139972,40,bully,1922,1,0,0,51,0,714,0,1,40,138050,1922,0,52,0,0,0,LEADER,1,0,0,51,0,0,0,0,0,0,0,0,0,0,0
139962,29,bully,1910,1,0,0,51,0,714,0,1,29,138052,1910,0,52,0,0,0,LEADER,1,0,0,51,0,0,0,0,0,0,0,0,0,0,0
139790,96,bully,1744,1,0,0,51,0,714,0,1,96,138046,1744,0,52,0,0,0,LEADER,1,0,0,51,0,0,0,0,0,0,0,0,0,0,0
139875,84,bully,1825,1,0,0,51,0,714,0,1,84,138050,1825,0,52,0,0,0,LEADER,1,0,0,51,0,0,0,0,0,0,0,0,0,0,0
139569,80,bully,1519,1,0,0,51,0,714,0,1,80,138050,1519,0,52,0,0,0,LEADER,1,0,0,51,0,0,0,0,0,0,0,0,0,0,0
139412,53,bully,2283,1,0,0,50,0,700,0,1,53,137129,2283,0,51,0,0,0,LEADER,1,0,0,50,0,0,0,0,0,0,0,0,0,0,0
139488,92,bully,1438,1,0,0,51,0,714,0,1,92,138050,1438,0,52,0,0,0,LEADER,1,0,0,51,0,0,0,0,0,0,0,0,0,0,0
139663,91,bully,1619,1,0,0,51,0,714,0,1,91,138044,1619,0,52,0,0,0,LEADER,1,0,0,51,0,0,0,0,0,0,0,0,0,0,0
139924,62,bully,1874,1,0,0,51,0,714,0,1,62,138050,1874,0,52,0,0,0,LEADER,1,0,0,51,0,0,0,0,0,0,0,0,0,0,0
139621,15,bully,1571,1,0,0,51,0,714,0,1,15,138050,1571,0,52,0,0,0,LEADER,1,0,0,51,0,0,0,0,0,0,0,0,0,0,0
139290,26,bully,2161,1,0,0,50,0,700,0,1,26,137129,2161,0,51,0,0,0,LEADER,1,0,0,50,0,0,0,0,0,0,0,0,0,0,0
140027,49,bully,1977,1,0,0,51,0,714,0,1,49,138050,1977,0,52,0,0,0,LEADER,1,0,0,51,0,0,0,0,0,0,0,0,0,0,0
139842,58,bully,1792,1,0,0,51,0,714,0,1,58,138050,1792,0,52,0,0,0,LEADER,1,0,0,51,0,0,0,0,0,0,0,0,0,0,0
139375,86,bully,2246,1,0,0,50,0,700,0,1,86,137129,2246,0,51,0,0,0,LEADER,1,0,0,50,0,0,0,0,0,0,0,0,0,0,0
139548,50,bully,2419,1,0,0,50,0,700,0,1,50,137129,2419,0,51,0,0,0,LEADER,1,0,0,50,0,0,0,0,0,0,0,0,0,0,0
139399,85,bully,2268,1,0,0,50,0,700,0,1,85,137131,2268,0,51,0,0,0,LEADER,1,0,0,50,0,0,0,0,0,0,0,0,0,0,0
139339,87,bully,2212,1,0,0,50,0,700,0,1,87,137127,2212,0,51,0,0,0,LEADER,1,0,0,50,0,0,0,0,0,0,0,0,0,0,0
139545,64,bully,2416,1,0,0,50,0,700,0,1,64,137129,2416,0,51,0,0,0,LEADER,1,0,0,50,0,0,0,0,0,0,0,0,0,0,0
139394,11,bully,2264,1,0,0,50,0,700,0,1,11,137130,2264,0,51,0,0,0,LEADER,1,0,0,50,0,0,0,0,0,0,0,0,0,0,0
139484,18,bully,1434,1,0,0,51,0,714,0,1,18,138050,1434,0,52,0,0,0,LEADER,1,0,0,51,0,0,0,0,0,0,0,0,0,0,0
139603,90,bully,1553,1,0,0,51,0,714,0,1,90,138050,1553,0,52,0,0,0,LEADER,1,0,0,51,0,0,0,0,0,0,0,0,0,0,0
139317,3,bully,1903,1,0,0,9,21,126,294,4,2,137414,1903,0,6,0,0,0,NORMAL,0,0,0,9,0,0,0,21,0,0,0,0,0,0,0
139497,35,bully,1447,1,0,0,51,0,714,0,1,35,138050,1447,0,52,0,0,0,LEADER,1,0,0,51,0,0,0,0,0,0,0,0,0,0,0
139378,43,bully,2249,1,0,0,50,0,700,0,1,43,137129,2249,0,51,0,0,0,LEADER,1,0,0,50,0,0,0,0,0,0,0,0,0,0,0
139517,28,bully,1467,1,0,0,51,0,714,0,1,28,138050,1467,0,52,0,0,0,LEADER,1,0,0,51,0,0,0,0,0,0,0,0,0,0,0
139355,44,bully,2228,1,0,0,50,0,700,0,1,44,137127,2228,0,51,0,0,0,LEADER,1,0,0,50,0,0,0,0,0,0,0,0,0,0,0
140191,23,bully,2141,1,0,0,51,0,714,0,1,23,138050,2141,0,52,0,0,0,LEADER,1,0,0,51,0,0,0,0,0,0,0,0,0,0,0
139511,30,bully,1461,1,0,0,51,0,714,0,1,30,138050,1461,0,52,0,0,0,LEADER,1,0,0,51,0,0,0,0,0,0,0,0,0,0,0
139909,94,bully,1859,1,0,0,51,0,714,0,1,94,138050,1859,0,52,0,0,0,LEADER,1,0,0,51,0,0,0,0,0,0,0,0,0,0,0
139551,38,bully,1501,1,0,0,51,0,714,0,1,38,138050,1501,0,52,0,0,0,LEADER,1,0,0,51,0,0,0,0,0,0,0,0,0,0,0
140230,66,bully,2180,1,0,0,51,0,714,0,1,66,138050,2180,0,52,0,0,0,LEADER,1,0,0,51,0,0,0,0,0,0,0,0,0,0,0
139536,70,bully,1486,1,0,0,51,0,714,0,1,70,138050,1486,0,52,0,0,0,LEADER,1,0,0,51,0,0,0,0,0,0,0,0,0,0,0
140181,88,bully,2131,1,0,0,51,0,714,0,1,88,138050,2131,0,52,0,0,0,LEADER,1,0,0,51,0,0,0,0,0,0,0,0,0,0,0
139364,75,bully,2235,1,0,0,50,0,700,0,1,75,137129,2235,0,51,0,0,0,LEADER,1,0,0,50,0,0,0,0,0,0,0,0,0,0,0
139374,12,bully,2243,1,0,0,50,0,700,0,1,12,137131,2243,0,51,0,0,0,LEADER,1,0,0,50,0,0,0,0,0,0,0,0,0,0,0
140075,27,bully,2025,1,0,0,51,0,714,0,1,27,138050,2025,0,52,0,0,0,LEADER,1,0,0,51,0,0,0,0,0,0,0,0,0,0,0
139564,42,bully,1514,1,0,0,51,0,714,0,1,42,138050,1514,0,52,0,0,0,LEADER,1,0,0,51,0,0,0,0,0,0,0,0,0,0,0
140211,24,bully,2161,1,0,0,51,0,714,0,1,24,138050,2161,0,52,0,0,0,LEADER,1,0,0,51,0,0,0,0,0,0,0,0,0,0,0
140163,46,bully,2113,1,0,0,51,0,714,0,1,46,138050,2113,0,52,0,0,0,LEADER,1,0,0,51,0,0,0,0,0,0,0,0,0,0,0
139687,34,bully,1637,1,0,0,51,0,714,0,1,34,138050,1637,0,52,0,0,0,LEADER,1,0,0,51,0,0,0,0,0,0,0,0,0,0,0
140060,59,bully,2010,1,0,0,51,0,714,0,1,59,138050,2010,0,52,0,0,0,LEADER,1,0,0,51,0,0,0,0,0,0,0,0,0,0,0
140342,32,bully,2292,1,0,0,51,0,714,0,1,32,138050,2292,0,52,0,0,0,LEADER,1,0,0,51,0,0,0,0,0,0,0,0,0,0,0
139957,72,bully,1907,1,0,0,51,0,714,0,1,72,138050,1907,0,52,0,0,0,LEADER,1,0,0,51,0,0,0,0,0,0,0,0,0,0,0
140369,63,bully,2316,1,0,0,51,0,714,0,1,63,138053,2316,0,52,0,0,0,LEADER,1,0,0,51,0,0,0,0,0,0,0,0,0,0,0
139842,74,bully,1792,1,0,0,51,0,714,0,1,74,138050,1792,0,52,0,0,0,LEADER,1,0,0,51,0,0,0,0,0,0,0,0,0,0,0
139584,48,bully,1534,1,0,0,51,0,714,0,1,48,138050,1534,0,52,0,0,0,LEADER,1,0,0,51,0,0,0,0,0,0,0,0,0,0,0
140045,57,bully,1995,1,0,0,51,0,714,0,1,57,138050,1995,0,52,0,0,0,LEADER,1,0,0,51,0,0,0,0,0,0,0,0,0,0,0
140115,68,bully,2065,1,0,0,51,0,714,0,1,68,138050,2065,0,52,0,0,0,LEADER,1,0,0,51,0,0,0,0,0,0,0,0,0,0,0
139516,45,bully,1466,1,0,0,51,0,714,0,1,45,138050,1466,0,52,0,0,0,LEADER,1,0,0,51,0,0,0,0,0,0,0,0,0,0,0
139873,93,bully,1823,1,0,0,51,0,714,0,1,93,138050,1823,0,52,0,0,0,LEADER,1,0,0,51,0,0,0,0,0,0,0,0,0,0,0
140454,82,bully,2404,1,0,0,51,0,714,0,1,82,138050,2404,0,52,0,0,0,LEADER,1,0,0,51,0,0,0,0,0,0,0,0,0,0,0
140448,51,bully,2398,1,0,0,51,0,714,0,1,51,138050,2398,0,52,0,0,0,LEADER,1,0,0,51,0,0,0,0,0,0,0,0,0,0,0
139993,39,bully,1943,1,0,0,51,0,714,0,1,39,138050,1943,0,52,0,0,0,LEADER,1,0,0,51,0,0,0,0,0,0,0,0,0,0,0
139739,78,bully,1689,1,0,0,51,0,714,0,1,78,138050,1689,0,52,0,0,0,LEADER,1,0,0,51,0,0,0,0,0,0,0,0,0,0,0
140127,79,bully,2077,1,0,0,51,0,714,0,1,79,138050,2077,0,52,0,0,0,LEADER,1,0,0,51,0,0,0,0,0,0,0,0,0,0,0
139702,14,bully,1652,1,0,0,51,0,714,0,1,14,138050,1652,0,52,0,0,0,LEADER,1,0,0,51,0,0,0,0,0,0,0,0,0,0,0
140129,36,bully,2080,1,0,0,51,0,714,0,1,36,138049,2080,0,52,0,0,0,LEADER,1,0,0,51,0,0,0,0,0,0,0,0,0,0,0
140012,81,bully,1962,1,0,0,51,0,714,0,1,81,138050,1962,0,52,0,0,0,LEADER,1,0,0,51,0,0,0,0,0,0,0,0,0,0,0
139672,67,bully,1622,1,0,0,51,0,714,0,1,67,138050,1622,0,52,0,0,0,LEADER,1,0,0,51,0,0,0,0,0,0,0,0,0,0,0
140433,83,bully,2383,1,0,0,51,0,714,0,1,83,138050,2383,0,52,0,0,0,LEADER,1,0,0,51,0,0,0,0,0,0,0,0,0,0,0
140577,99,bully,1607,1,0,0,51,0,714,0,1,99,138970,1607,0,52,0,0,0,LEADER,1,0,0,51,0,0,0,0,0,0,0,0,0,0,0
139754,55,bully,1704,1,0,0,51,0,714,0,1,55,138050,1704,0,52,0,0,0,LEADER,1,0,0,51,0,0,0,0,0,0,0,0,0,0,0
140544,89,bully,1574,1,0,0,51,0,714,0,1,89,138970,1574,0,52,0,0,0,LEADER,1,0,0,51,0,0,0,0,0,0,0,0,0,0,0
139706,77,bully,1656,1,0,0,51,0,714,0,1,77,138050,1656,0,52,0,0,0,LEADER,1,0,0,51,0,0,0,0,0,0,0,0,0,0,0
139978,71,bully,1928,1,0,0,51,0,714,0,1,71,138050,1928,0,52,0,0,0,LEADER,1,0,0,51,0,0,0,0,0,0,0,0,0,0,0
139890,52,bully,1840,1,0,0,51,0,714,0,1,52,138050,1840,0,52,0,0,0,LEADER,1,0,0,51,0,0,0,0,0,0,0,0,0,0,0
140257,76,bully,2213,1,0,0,51,0,714,0,1,76,138044,2213,0,52,0,0,0,LEADER,1,0,0,51,0,0,0,0,0,0,0,0,0,0,0
139857,10,bully,1807,1,0,0,51,0,714,0,1,10,138050,1807,0,52,0,0,0,LEADER,1,0,0,51,0,0,0,0,0,0,0,0,0,0,0
139790,22,bully,1740,1,0,0,51,0,714,0,1,22,138050,1740,0,52,0,0,0,LEADER,1,0,0,51,0,0,0,0,0,0,0,0,0,0,0
139937,21,bully,1889,1,0,0,51,0,714,0,1,21,138048,1889,0,52,0,0,0,LEADER,1,0,0,51,0,0,0,0,0,0,0,0,0,0,0
140196,56,bully,2146,1,0,0,51,0,714,0,1,56,138050,2146,0,52,0,0,0,LEADER,1,0,0,51,0,0,0,0,0,0,0,0,0,0,0
139721,60,bully,1671,1,0,0,51,0,714,0,1,60,138050,1671,0,52,0,0,0,LEADER,1,0,0,51,0,0,0,0,0,0,0,0,0,0,0
140574,25,bully,1604,1,0,0,51,0,714,0,1,25,138970,1604,0,52,0,0,0,LEADER,1,0,0,51,0,0,0,0,0,0,0,0,0,0,0
139787,65,bully,1737,1,0,0,51,0,714,0,1,65,138050,1737,0,52,0,0,0,LEADER,1,0,0,51,0,0,0,0,0,0,0,0,0,0,0
140463,19,bully,2413,1,0,0,51,0,714,0,1,19,138050,2413,0,52,0,0,0,LEADER,1,0,0,51,0,0,0,0,0,0,0,0,0,0,0
140093,69,bully,2043,1,0,0,51,0,714,0,1,69,138050,2043,0,52,0,0,0,LEADER,1,0,0,51,0,0,0,0,0,0,0,0,0,0,0
140695,54,bully,1725,1,0,0,51,0,714,0,1,54,138970,1725,0,52,0,0,0,LEADER,1,0,0,51,0,0,0,0,0,0,0,0,0,0,0
140042,17,bully,1992,1,0,0,51,0,714,0,1,17,138050,1992,0,52,0,0,0,LEADER,1,0,0,51,0,0,0,0,0,0,0,0,0,0,0
140556,100,bully,1586,1,0,0,51,0,714,0,1,100,138970,1586,0,52,0,0,0,LEADER,1,0,0,51,0,0,0,0,0,0,0,0,0,0,0
140519,16,bully,1549,1,0,0,51,0,714,0,1,16,138970,1549,0,52,0,0,0,LEADER,1,0,0,51,0,0,0,0,0,0,0,0,0,0,0
140108,37,bully,2058,1,0,0,51,0,714,0,1,37,138050,2058,0,52,0,0,0,LEADER,1,0,0,51,0,0,0,0,0,0,0,0,0,0,0
140744,13,bully,1774,1,0,0,51,0,714,0,1,13,138970,1774,0,52,0,0,0,LEADER,1,0,0,51,0,0,0,0,0,0,0,0,0,0,0
139905,20,bully,1855,1,0,0,51,0,714,0,1,20,138050,1855,0,52,0,0,0,LEADER,1,0,0,51,0,0,0,0,0,0,0,0,0,0,0
140537,41,bully,1567,1,0,0,51,0,714,0,1,41,138970,1567,0,52,0,0,0,LEADER,1,0,0,51,0,0,0,0,0,0,0,0,0,0,0
140526,47,bully,1556,1,0,0,51,0,714,0,1,47,138970,1556,0,52,0,0,0,LEADER,1,0,0,51,0,0,0,0,0,0,0,0,0,0,0
140352,95,bully,2301,1,0,0,51,0,714,0,1,95,138051,2301,0,52,0,0,0,LEADER,1,0,0,51,0,0,0,0,0,0,0,0,0,0,0
140215,98,bully,2165,1,0,0,51,0,714,0,1,98,138050,2165,0,52,0,0,0,LEADER,1,0,0,51,0,0,0,0,0,0,0,0,0,0,0
140399,73,bully,2349,1,0,0,51,0,714,0,1,73,138050,2349,0,52,0,0,0,LEADER,1,0,0,51,0,0,0,0,0,0,0,0,0,0,0
140722,33,bully,1752,1,0,0,51,0,714,0,1,33,138970,1752,0,52,0,0,0,LEADER,1,0,0,51,0,0,0,0,0,0,0,0,0,0,0
140692,97,bully,1722,1,0,0,51,0,714,0,1,97,138970,1722,0,52,0,0,0,LEADER,1,0,0,51,0,0,0,0,0,0,0,0,0,0,0
139945,61,bully,1895,1,0,0,51,0,714,0,1,61,138050,1895,0,52,0,0,0,LEADER,1,0,0,51,0,0,0,0,0,0,0,0,0,0,0
140892,40,bully,1922,1,0,0,51,0,714,0,1,40,138970,1922,0,52,0,0,0,LEADER,1,0,0,51,0,0,0,0,0,0,0,0,0,0,0
140381,31,bully,2331,1,0,0,51,0,714,0,1,31,138050,2331,0,52,0,0,0,LEADER,1,0,0,51,0,0,0,0,0,0,0,0,0,0,0
140882,29,bully,1910,1,0,0,51,0,714,0,1,29,138972,1910,0,52,0,0,0,LEADER,1,0,0,51,0,0,0,0,0,0,0,0,0,0,0
140710,96,bully,1744,1,0,0,51,0,714,0,1,96,138966,1744,0,52,0,0,0,LEADER,1,0,0,51,0,0,0,0,0,0,0,0,0,0,0
140795,84,bully,1825,1,0,0,51,0,714,0,1,84,138970,1825,0,52,0,0,0,LEADER,1,0,0,51,0,0,0,0,0,0,0,0,0,0,0
140489,80,bully,1519,1,0,0,51,0,714,0,1,80,138970,1519,0,52,0,0,0,LEADER,1,0,0,51,0,0,0,0,0,0,0,0,0,0,0
140333,53,bully,2283,1,0,0,51,0,714,0,1,53,138050,2283,0,52,0,0,0,LEADER,1,0,0,51,0,0,0,0,0,0,0,0,0,0,0
140408,92,bully,1438,1,0,0,51,0,714,0,1,92,138970,1438,0,52,0,0,0,LEADER,1,0,0,51,0,0,0,0,0,0,0,0,0,0,0
140844,62,bully,1874,1,0,0,51,0,714,0,1,62,138970,1874,0,52,0,0,0,LEADER,1,0,0,51,0,0,0,0,0,0,0,0,0,0,0
140583,91,bully,1619,1,0,0,51,0,714,0,1,91,138964,1619,0,52,0,0,0,LEADER,1,0,0,51,0,0,0,0,0,0,0,0,0,0,0
140541,15,bully,1571,1,0,0,51,0,714,0,1,15,138970,1571,0,52,0,0,0,LEADER,1,0,0,51,0,0,0,0,0,0,0,0,0,0,0
140211,26,bully,2161,1,0,0,51,0,714,0,1,26,138050,2161,0,52,0,0,0,LEADER,1,0,0,51,0,0,0,0,0,0,0,0,0,0,0
140947,49,bully,1977,1,0,0,51,0,714,0,1,49,138970,1977,0,52,0,0,0,LEADER,1,0,0,51,0,0,0,0,0,0,0,0,0,0,0
140762,58,bully,1792,1,0,0,51,0,714,0,1,58,138970,1792,0,52,0,0,0,LEADER,1,0,0,51,0,0,0,0,0,0,0,0,0,0,0
140296,86,bully,2246,1,0,0,51,0,714,0,1,86,138050,2246,0,52,0,0,0,LEADER,1,0,0,51,0,0,0,0,0,0,0,0,0,0,0
140469,50,bully,2419,1,0,0,51,0,714,0,1,50,138050,2419,0,52,0,0,0,LEADER,1,0,0,51,0,0,0,0,0,0,0,0,0,0,0
140320,85,bully,2268,1,0,0,51,0,714,0,1,85,138052,2268,0,52,0,0,0,LEADER,1,0,0,51,0,0,0,0,0,0,0,0,0,0,0
140260,87,bully,2212,1,0,0,51,0,714,0,1,87,138048,2212,0,52,0,0,0,LEADER,1,0,0,51,0,0,0,0,0,0,0,0,0,0,0
140466,64,bully,2416,1,0,0,51,0,714,0,1,64,138050,2416,0,52,0,0,0,LEADER,1,0,0,51,0,0,0,0,0,0,0,0,0,0,0
140404,18,bully,1434,1,0,0,51,0,714,0,1,18,138970,1434,0,52,0,0,0,LEADER,1,0,0,51,0,0,0,0,0,0,0,0,0,0,0
140315,11,bully,2264,1,0,0,51,0,714,0,1,11,138051,2264,0,52,0,0,0,LEADER,1,0,0,51,0,0,0,0,0,0,0,0,0,0,0
140523,90,bully,1553,1,0,0,51,0,714,0,1,90,138970,1553,0,52,0,0,0,LEADER,1,0,0,51,0,0,0,0,0,0,0,0,0,0,0
140417,35,bully,1447,1,0,0,51,0,714,0,1,35,138970,1447,0,52,0,0,0,LEADER,1,0,0,51,0,0,0,0,0,0,0,0,0,0,0
140299,43,bully,2249,1,0,0,51,0,714,0,1,43,138050,2249,0,52,0,0,0,LEADER,1,0,0,51,0,0,0,0,0,0,0,0,0,0,0
140437,28,bully,1467,1,0,0,51,0,714,0,1,28,138970,1467,0,52,0,0,0,LEADER,1,0,0,51,0,0,0,0,0,0,0,0,0,0,0
140276,44,bully,2228,1,0,0,51,0,714,0,1,44,138048,2228,0,52,0,0,0,LEADER,1,0,0,51,0,0,0,0,0,0,0,0,0,0,0
141111,23,bully,2141,1,0,0,51,0,714,0,1,23,138970,2141,0,52,0,0,0,LEADER,1,0,0,51,0,0,0,0,0,0,0,0,0,0,0
140431,30,bully,1461,1,0,0,51,0,714,0,1,30,138970,1461,0,52,0,0,0,LEADER,1,0,0,51,0,0,0,0,0,0,0,0,0,0,0
140829,94,bully,1859,1,0,0,51,0,714,0,1,94,138970,1859,0,52,0,0,0,LEADER,1,0,0,51,0,0,0,0,0,0,0,0,0,0,0
140471,38,bully,1501,1,0,0,51,0,714,0,1,38,138970,1501,0,52,0,0,0,LEADER,1,0,0,51,0,0,0,0,0,0,0,0,0,0,0
141150,66,bully,2180,1,0,0,51,0,714,0,1,66,138970,2180,0,52,0,0,0,LEADER,1,0,0,51,0,0,0,0,0,0,0,0,0,0,0
140456,70,bully,1486,1,0,0,51,0,714,0,1,70,138970,1486,0,52,0,0,0,LEADER,1,0,0,51,0,0,0,0,0,0,0,0,0,0,0
141101,88,bully,2131,1,0,0,51,0,714,0,1,88,138970,2131,0,52,0,0,0,LEADER,1,0,0,51,0,0,0,0,0,0,0,0,0,0,0
140285,75,bully,2235,1,0,0,51,0,714,0,1,75,138050,2235,0,52,0,0,0,LEADER,1,0,0,51,0,0,0,0,0,0,0,0,0,0,0
140295,12,bully,2243,1,0,0,51,0,714,0,1,12,138052,2243,0,52,0,0,0,LEADER,1,0,0,51,0,0,0,0,0,0,0,0,0,0,0
140995,27,bully,2025,1,0,0,51,0,714,0,1,27,138970,2025,0,52,0,0,0,LEADER,1,0,0,51,0,0,0,0,0,0,0,0,0,0,0
140484,42,bully,1514,1,0,0,51,0,714,0,1,42,138970,1514,0,52,0,0,0,LEADER,1,0,0,51,0,0,0,0,0,0,0,0,0,0,0
141131,24,bully,2161,1,0,0,51,0,714,0,1,24,138970,2161,0,52,0,0,0,LEADER,1,0,0,51,0,0,0,0,0,0,0,0,0,0,0
141083,46,bully,2113,1,0,0,51,0,714,0,1,46,138970,2113,0,52,0,0,0,LEADER,1,0,0,51,0,0,0,0,0,0,0,0,0,0,0
140607,34,bully,1637,1,0,0,51,0,714,0,1,34,138970,1637,0,52,0,0,0,LEADER,1,0,0,51,0,0,0,0,0,0,0,0,0,0,0
140980,59,bully,2010,1,0,0,51,0,714,0,1,59,138970,2010,0,52,0,0,0,LEADER,1,0,0,51,0,0,0,0,0,0,0,0,0,0,0
141262,32,bully,2292,1,0,0,51,0,714,0,1,32,138970,2292,0,52,0,0,0,LEADER,1,0,0,51,0,0,0,0,0,0,0,0,0,0,0
140877,72,bully,1907,1,0,0,51,0,714,0,1,72,138970,1907,0,52,0,0,0,LEADER,1,0,0,51,0,0,0,0,0,0,0,0,0,0,0
141289,63,bully,2316,1,0,0,51,0,714,0,1,63,138973,2316,0,52,0,0,0,LEADER,1,0,0,51,0,0,0,0,0,0,0,0,0,0,0
140762,74,bully,1792,1,0,0,51,0,714,0,1,74,138970,1792,0,52,0,0,0,LEADER,1,0,0,51,0,0,0,0,0,0,0,0,0,0,0
140504,48,bully,1534,1,0,0,51,0,714,0,1,48,138970,1534,0,52,0,0,0,LEADER,1,0,0,51,0,0,0,0,0,0,0,0,0,0,0
140965,57,bully,1995,1,0,0,51,0,714,0,1,57,138970,1995,0,52,0,0,0,LEADER,1,0,0,51,0,0,0,0,0,0,0,0,0,0,0
141035,68,bully,2065,1,0,0,51,0,714,0,1,68,138970,2065,0,52,0,0,0,LEADER,1,0,0,51,0,0,0,0,0,0,0,0,0,0,0
140436,45,bully,1466,1,0,0,51,0,714,0,1,45,138970,1466,0,52,0,0,0,LEADER,1,0,0,51,0,0,0,0,0,0,0,0,0,0,0
140793,93,bully,1823,1,0,0,51,0,714,0,1,93,138970,1823,0,52,0,0,0,LEADER,1,0,0,51,0,0,0,0,0,0,0,0,0,0,0
141374,82,bully,2404,1,0,0,51,0,714,0,1,82,138970,2404,0,52,0,0,0,LEADER,1,0,0,51,0,0,0,0,0,0,0,0,0,0,0
141368,51,bully,2398,1,0,0,51,0,714,0,1,51,138970,2398,0,52,0,0,0,LEADER,1,0,0,51,0,0,0,0,0,0,0,0,0,0,0
140913,39,bully,1943,1,0,0,51,0,714,0,1,39,138970,1943,0,52,0,0,0,LEADER,1,0,0,51,0,0,0,0,0,0,0,0,0,0,0
140659,78,bully,1689,1,0,0,51,0,714,0,1,78,138970,1689,0,52,0,0,0,LEADER,1,0,0,51,0,0,0,0,0,0,0,0,0,0,0
141047,79,bully,2077,1,0,0,51,0,714,0,1,79,138970,2077,0,52,0,0,0,LEADER,1,0,0,51,0,0,0,0,0,0,0,0,0,0,0
140622,14,bully,1652,1,0,0,51,0,714,0,1,14,138970,1652,0,52,0,0,0,LEADER,1,0,0,51,0,0,0,0,0,0,0,0,0,0,0
141049,36,bully,2080,1,0,0,51,0,714,0,1,36,138969,2080,0,52,0,0,0,LEADER,1,0,0,51,0,0,0,0,0,0,0,0,0,0,0
140932,81,bully,1962,1,0,0,51,0,714,0,1,81,138970,1962,0,52,0,0,0,LEADER,1,0,0,51,0,0,0,0,0,0,0,0,0,0,0
140592,67,bully,1622,1,0,0,51,0,714,0,1,67,138970,1622,0,52,0,0,0,LEADER,1,0,0,51,0,0,0,0,0,0,0,0,0,0,0
141353,83,bully,2383,1,0,0,51,0,714,0,1,83,138970,2383,0,52,0,0,0,LEADER,1,0,0,51,0,0,0,0,0,0,0,0,0,0,0
141497,99,bully,1607,1,0,0,51,0,714,0,1,99,139890,1607,0,52,0,0,0,LEADER,1,0,0,51,0,0,0,0,0,0,0,0,0,0,0
140674,55,bully,1704,1,0,0,51,0,714,0,1,55,138970,1704,0,52,0,0,0,LEADER,1,0,0,51,0,0,0,0,0,0,0,0,0,0,0
141464,89,bully,1574,1,0,0,51,0,714,0,1,89,139890,1574,0,52,0,0,0,LEADER,1,0,0,51,0,0,0,0,0,0,0,0,0,0,0
140626,77,bully,1656,1,0,0,51,0,714,0,1,77,138970,1656,0,52,0,0,0,LEADER,1,0,0,51,0,0,0,0,0,0,0,0,0,0,0
140898,71,bully,1928,1,0,0,51,0,714,0,1,71,138970,1928,0,52,0,0,0,LEADER,1,0,0,51,0,0,0,0,0,0,0,0,0,0,0
140810,52,bully,1840,1,0,0,51,0,714,0,1,52,138970,1840,0,52,0,0,0,LEADER,1,0,0,51,0,0,0,0,0,0,0,0,0,0,0
141177,76,bully,2213,1,0,0,51,0,714,0,1,76,138964,2213,0,52,0,0,0,LEADER,1,0,0,51,0,0,0,0,0,0,0,0,0,0,0
140777,10,bully,1807,1,0,0,51,0,714,0,1,10,138970,1807,0,52,0,0,0,LEADER,1,0,0,51,0,0,0,0,0,0,0,0,0,0,0
140710,22,bully,1740,1,0,0,51,0,714,0,1,22,138970,1740,0,52,0,0,0,LEADER,1,0,0,51,0,0,0,0,0,0,0,0,0,0,0
140857,21,bully,1889,1,0,0,51,0,714,0,1,21,138968,1889,0,52,0,0,0,LEADER,1,0,0,51,0,0,0,0,0,0,0,0,0,0,0
141116,56,bully,2146,1,0,0,51,0,714,0,1,56,138970,2146,0,52,0,0,0,LEADER,1,0,0,51,0,0,0,0,0,0,0,0,0,0,0
140641,60,bully,1671,1,0,0,51,0,714,0,1,60,138970,1671,0,52,0,0,0,LEADER,1,0,0,51,0,0,0,0,0,0,0,0,0,0,0
141494,25,bully,1604,1,0,0,51,0,714,0,1,25,139890,1604,0,52,0,0,0,LEADER,1,0,0,51,0,0,0,0,0,0,0,0,0,0,0
140707,65,bully,1737,1,0,0,51,0,714,0,1,65,138970,1737,0,52,0,0,0,LEADER,1,0,0,51,0,0,0,0,0,0,0,0,0,0,0
141383,19,bully,2413,1,0,0,51,0,714,0,1,19,138970,2413,0,52,0,0,0,LEADER,1,0,0,51,0,0,0,0,0,0,0,0,0,0,0
141013,69,bully,2043,1,0,0,51,0,714,0,1,69,138970,2043,0,52,0,0,0,LEADER,1,0,0,51,0,0,0,0,0,0,0,0,0,0,0
141615,54,bully,1725,1,0,0,51,0,714,0,1,54,139890,1725,0,52,0,0,0,LEADER,1,0,0,51,0,0,0,0,0,0,0,0,0,0,0
140962,17,bully,1992,1,0,0,51,0,714,0,1,17,138970,1992,0,52,0,0,0,LEADER,1,0,0,51,0,0,0,0,0,0,0,0,0,0,0
141476,100,bully,1586,1,0,0,51,0,714,0,1,100,139890,1586,0,52,0,0,0,LEADER,1,0,0,51,0,0,0,0,0,0,0,0,0,0,0
141439,16,bully,1549,1,0,0,51,0,714,0,1,16,139890,1549,0,52,0,0,0,LEADER,1,0,0,51,0,0,0,0,0,0,0,0,0,0,0
141028,37,bully,2058,1,0,0,51,0,714,0,1,37,138970,2058,0,52,0,0,0,LEADER,1,0,0,51,0,0,0,0,0,0,0,0,0,0,0
141664,13,bully,1774,1,0,0,51,0,714,0,1,13,139890,1774,0,52,0,0,0,LEADER,1,0,0,51,0,0,0,0,0,0,0,0,0,0,0
140825,20,bully,1855,1,0,0,51,0,714,0,1,20,138970,1855,0,52,0,0,0,LEADER,1,0,0,51,0,0,0,0,0,0,0,0,0,0,0
141457,41,bully,1567,1,0,0,51,0,714,0,1,41,139890,1567,0,52,0,0,0,LEADER,1,0,0,51,0,0,0,0,0,0,0,0,0,0,0
141446,47,bully,1556,1,0,0,51,0,714,0,1,47,139890,1556,0,52,0,0,0,LEADER,1,0,0,51,0,0,0,0,0,0,0,0,0,0,0
141272,95,bully,2301,1,0,0,51,0,714,0,1,95,138971,2301,0,52,0,0,0,LEADER,1,0,0,51,0,0,0,0,0,0,0,0,0,0,0
141135,98,bully,2165,1,0,0,51,0,714,0,1,98,138970,2165,0,52,0,0,0,LEADER,1,0,0,51,0,0,0,0,0,0,0,0,0,0,0
141319,73,bully,2349,1,0,0,51,0,714,0,1,73,138970,2349,0,52,0,0,0,LEADER,1,0,0,51,0,0,0,0,0,0,0,0,0,0,0
141642,33,bully,1752,1,0,0,51,0,714,0,1,33,139890,1752,0,52,0,0,0,LEADER,1,0,0,51,0,0,0,0,0,0,0,0,0,0,0
141612,97,bully,1722,1,0,0,51,0,714,0,1,97,139890,1722,0,52,0,0,0,LEADER,1,0,0,51,0,0,0,0,0,0,0,0,0,0,0
140865,61,bully,1895,1,0,0,51,0,714,0,1,61,138970,1895,0,52,0,0,0,LEADER,1,0,0,51,0,0,0,0,0,0,0,0,0,0,0
141812,40,bully,1922,1,0,0,51,0,714,0,1,40,139890,1922,0,52,0,0,0,LEADER,1,0,0,51,0,0,0,0,0,0,0,0,0,0,0
141301,31,bully,2331,1,0,0,51,0,714,0,1,31,138970,2331,0,52,0,0,0,LEADER,1,0,0,51,0,0,0,0,0,0,0,0,0,0,0
141802,29,bully,1910,1,0,0,51,0,714,0,1,29,139892,1910,0,52,0,0,0,LEADER,1,0,0,51,0,0,0,0,0,0,0,0,0,0,0
141630,96,bully,1744,1,0,0,51,0,714,0,1,96,139886,1744,0,52,0,0,0,LEADER,1,0,0,51,0,0,0,0,0,0,0,0,0,0,0
141715,84,bully,1825,1,0,0,51,0,714,0,1,84,139890,1825,0,52,0,0,0,LEADER,1,0,0,51,0,0,0,0,0,0,0,0,0,0,0
141409,80,bully,1519,1,0,0,51,0,714,0,1,80,139890,1519,0,52,0,0,0,LEADER,1,0,0,51,0,0,0,0,0,0,0,0,0,0,0
141253,53,bully,2283,1,0,0,51,0,714,0,1,53,138970,2283,0,52,0,0,0,LEADER,1,0,0,51,0,0,0,0,0,0,0,0,0,0,0
141328,92,bully,1438,1,0,0,51,0,714,0,1,92,139890,1438,0,52,0,0,0,LEADER,1,0,0,51,0,0,0,0,0,0,0,0,0,0,0
141503,91,bully,1619,1,0,0,51,0,714,0,1,91,139884,1619,0,52,0,0,0,LEADER,1,0,0,51,0,0,0,0,0,0,0,0,0,0,0
141764,62,bully,1874,1,0,0,51,0,714,0,1,62,139890,1874,0,52,0,0,0,LEADER,1,0,0,51,0,0,0,0,0,0,0,0,0,0,0
141461,15,bully,1571,1,0,0,51,0,714,0,1,15,139890,1571,0,52,0,0,0,LEADER,1,0,0,51,0,0,0,0,0,0,0,0,0,0,0
141131,26,bully,2161,1,0,0,51,0,714,0,1,26,138970,2161,0,52,0,0,0,LEADER,1,0,0,51,0,0,0,0,0,0,0,0,0,0,0
141867,49,bully,1977,1,0,0,51,0,714,0,1,49,139890,1977,0,52,0,0,0,LEADER,1,0,0,51,0,0,0,0,0,0,0,0,0,0,0
141682,58,bully,1792,1,0,0,51,0,714,0,1,58,139890,1792,0,52,0,0,0,LEADER,1,0,0,51,0,0,0,0,0,0,0,0,0,0,0
141216,86,bully,2246,1,0,0,51,0,714,0,1,86,138970,2246,0,52,0,0,0,LEADER,1,0,0,51,0,0,0,0,0,0,0,0,0,0,0
141389,50,bully,2419,1,0,0,51,0,714,0,1,50,138970,2419,0,52,0,0,0,LEADER,1,0,0,51,0,0,0,0,0,0,0,0,0,0,0
141240,85,bully,2268,1,0,0,51,0,714,0,1,85,138972,2268,0,52,0,0,0,LEADER,1,0,0,51,0,0,0,0,0,0,0,0,0,0,0
141180,87,bully,2212,1,0,0,51,0,714,0,1,87,138968,2212,0,52,0,0,0,LEADER,1,0,0,51,0,0,0,0,0,0,0,0,0,0,0
141386,64,bully,2416,1,0,0,51,0,714,0,1,64,138970,2416,0,52,0,0,0,LEADER,1,0,0,51,0,0,0,0,0,0,0,0,0,0,0
141324,18,bully,1434,1,0,0,51,0,714,0,1,18,139890,1434,0,52,0,0,0,LEADER,1,0,0,51,0,0,0,0,0,0,0,0,0,0,0
141235,11,bully,2264,1,0,0,51,0,714,0,1,11,138971,2264,0,52,0,0,0,LEADER,1,0,0,51,0,0,0,0,0,0,0,0,0,0,0
141443,90,bully,1553,1,0,0,51,0,714,0,1,90,139890,1553,0,52,0,0,0,LEADER,1,0,0,51,0,0,0,0,0,0,0,0,0,0,0
141337,35,bully,1447,1,0,0,51,0,714,0,1,35,139890,1447,0,52,0,0,0,LEADER,1,0,0,51,0,0,0,0,0,0,0,0,0,0,0
141219,43,bully,2249,1,0,0,51,0,714,0,1,43,138970,2249,0,52,0,0,0,LEADER,1,0,0,51,0,0,0,0,0,0,0,0,0,0,0
141357,28,bully,1467,1,0,0,51,0,714,0,1,28,139890,1467,0,52,0,0,0,LEADER,1,0,0,51,0,0,0,0,0,0,0,0,0,0,0
141196,44,bully,2228,1,0,0,51,0,714,0,1,44,138968,2228,0,52,0,0,0,LEADER,1,0,0,51,0,0,0,0,0,0,0,0,0,0,0
142031,23,bully,2141,1,0,0,51,0,714,0,1,23,139890,2141,0,52,0,0,0,LEADER,1,0,0,51,0,0,0,0,0,0,0,0,0,0,0
141351,30,bully,1461,1,0,0,51,0,714,0,1,30,139890,1461,0,52,0,0,0,LEADER,1,0,0,51,0,0,0,0,0,0,0,0,0,0,0
141749,94,bully,1859,1,0,0,51,0,714,0,1,94,139890,1859,0,52,0,0,0,LEADER,1,0,0,51,0,0,0,0,0,0,0,0,0,0,0
141391,38,bully,1501,1,0,0,51,0,714,0,1,38,139890,1501,0,52,0,0,0,LEADER,1,0,0,51,0,0,0,0,0,0,0,0,0,0,0
142070,66,bully,2180,1,0,0,51,0,714,0,1,66,139890,2180,0,52,0,0,0,LEADER,1,0,0,51,0,0,0,0,0,0,0,0,0,0,0
141376,70,bully,1486,1,0,0,51,0,714,0,1,70,139890,1486,0,52,0,0,0,LEADER,1,0,0,51,0,0,0,0,0,0,0,0,0,0,0
142021,88,bully,2131,1,0,0,51,0,714,0,1,88,139890,2131,0,52,0,0,0,LEADER,1,0,0,51,0,0,0,0,0,0,0,0,0,0,0
141205,75,bully,2235,1,0,0,51,0,714,0,1,75,138970,2235,0,52,0,0,0,LEADER,1,0,0,51,0,0,0,0,0,0,0,0,0,0,0
141215,12,bully,2243,1,0,0,51,0,714,0,1,12,138972,2243,0,52,0,0,0,LEADER,1,0,0,51,0,0,0,0,0,0,0,0,0,0,0
141915,27,bully,2025,1,0,0,51,0,714,0,1,27,139890,2025,0,52,0,0,0,LEADER,1,0,0,51,0,0,0,0,0,0,0,0,0,0,0
141404,42,bully,1514,1,0,0,51,0,714,0,1,42,139890,1514,0,52,0,0,0,LEADER,1,0,0,51,0,0,0,0,0,0,0,0,0,0,0
142051,24,bully,2161,1,0,0,51,0,714,0,1,24,139890,2161,0,52,0,0,0,LEADER,1,0,0,51,0,0,0,0,0,0,0,0,0,0,0
142003,46,bully,2113,1,0,0,51,0,714,0,1,46,139890,2113,0,52,0,0,0,LEADER,1,0,0,51,0,0,0,0,0,0,0,0,0,0,0
141900,59,bully,2010,1,0,0,51,0,714,0,1,59,139890,2010,0,52,0,0,0,LEADER,1,0,0,51,0,0,0,0,0,0,0,0,0,0,0
141527,34,bully,1637,1,0,0,51,0,714,0,1,34,139890,1637,0,52,0,0,0,LEADER,1,0,0,51,0,0,0,0,0,0,0,0,0,0,0
142182,32,bully,2292,1,0,0,51,0,714,0,1,32,139890,2292,0,52,0,0,0,LEADER,1,0,0,51,0,0,0,0,0,0,0,0,0,0,0
141797,72,bully,1907,1,0,0,51,0,714,0,1,72,139890,1907,0,52,0,0,0,LEADER,1,0,0,51,0,0,0,0,0,0,0,0,0,0,0
142209,63,bully,2316,1,0,0,51,0,714,0,1,63,139893,2316,0,52,0,0,0,LEADER,1,0,0,51,0,0,0,0,0,0,0,0,0,0,0
141682,74,bully,1792,1,0,0,51,0,714,0,1,74,139890,1792,0,52,0,0,0,LEADER,1,0,0,51,0,0,0,0,0,0,0,0,0,0,0
141424,48,bully,1534,1,0,0,51,0,714,0,1,48,139890,1534,0,52,0,0,0,LEADER,1,0,0,51,0,0,0,0,0,0,0,0,0,0,0
141885,57,bully,1995,1,0,0,51,0,714,0,1,57,139890,1995,0,52,0,0,0,LEADER,1,0,0,51,0,0,0,0,0,0,0,0,0,0,0
141955,68,bully,2065,1,0,0,51,0,714,0,1,68,139890,2065,0,52,0,0,0,LEADER,1,0,0,51,0,0,0,0,0,0,0,0,0,0,0
141356,45,bully,1466,1,0,0,51,0,714,0,1,45,139890,1466,0,52,0,0,0,LEADER,1,0,0,51,0,0,0,0,0,0,0,0,0,0,0
141713,93,bully,1823,1,0,0,51,0,714,0,1,93,139890,1823,0,52,0,0,0,LEADER,1,0,0,51,0,0,0,0,0,0,0,0,0,0,0
142294,82,bully,2404,1,0,0,51,0,714,0,1,82,139890,2404,0,52,0,0,0,LEADER,1,0,0,51,0,0,0,0,0,0,0,0,0,0,0
142288,51,bully,2398,1,0,0,51,0,714,0,1,51,139890,2398,0,52,0,0,0,LEADER,1,0,0,51,0,0,0,0,0,0,0,0,0,0,0
141833,39,bully,1943,1,0,0,51,0,714,0,1,39,139890,1943,0,52,0,0,0,LEADER,1,0,0,51,0,0,0,0,0,0,0,0,0,0,0
141579,78,bully,1689,1,0,0,51,0,714,0,1,78,139890,1689,0,52,0,0,0,LEADER,1,0,0,51,0,0,0,0,0,0,0,0,0,0,0
141967,79,bully,2077,1,0,0,51,0,714,0,1,79,139890,2077,0,52,0,0,0,LEADER,1,0,0,51,0,0,0,0,0,0,0,0,0,0,0
141542,14,bully,1652,1,0,0,51,0,714,0,1,14,139890,1652,0,52,0,0,0,LEADER,1,0,0,51,0,0,0,0,0,0,0,0,0,0,0
141969,36,bully,2080,1,0,0,51,0,714,0,1,36,139889,2080,0,52,0,0,0,LEADER,1,0,0,51,0,0,0,0,0,0,0,0,0,0,0
141852,81,bully,1962,1,0,0,51,0,714,0,1,81,139890,1962,0,52,0,0,0,LEADER,1,0,0,51,0,0,0,0,0,0,0,0,0,0,0
141512,67,bully,1622,1,0,0,51,0,714,0,1,67,139890,1622,0,52,0,0,0,LEADER,1,0,0,51,0,0,0,0,0,0,0,0,0,0,0
142273,83,bully,2383,1,0,0,51,0,714,0,1,83,139890,2383,0,52,0,0,0,LEADER,1,0,0,51,0,0,0,0,0,0,0,0,0,0,0
142418,99,bully,1607,1,0,0,52,0,728,0,1,99,140811,1607,0,53,0,0,0,LEADER,1,0,0,52,0,0,0,0,0,0,0,0,0,0,0
141594,55,bully,1704,1,0,0,51,0,714,0,1,55,139890,1704,0,52,0,0,0,LEADER,1,0,0,51,0,0,0,0,0,0,0,0,0,0,0
142385,89,bully,1574,1,0,0,52,0,728,0,1,89,140811,1574,0,53,0,0,0,LEADER,1,0,0,52,0,0,0,0,0,0,0,0,0,0,0
141546,77,bully,1656,1,0,0,51,0,714,0,1,77,139890,1656,0,52,0,0,0,LEADER,1,0,0,51,0,0,0,0,0,0,0,0,0,0,0
141818,71,bully,1928,1,0,0,51,0,714,0,1,71,139890,1928,0,52,0,0,0,LEADER,1,0,0,51,0,0,0,0,0,0,0,0,0,0,0
141730,52,bully,1840,1,0,0,51,0,714,0,1,52,139890,1840,0,52,0,0,0,LEADER,1,0,0,51,0,0,0,0,0,0,0,0,0,0,0
142097,76,bully,2213,1,0,0,51,0,714,0,1,76,139884,2213,0,52,0,0,0,LEADER,1,0,0,51,0,0,0,0,0,0,0,0,0,0,0
141697,10,bully,1807,1,0,0,51,0,714,0,1,10,139890,1807,0,52,0,0,0,LEADER,1,0,0,51,0,0,0,0,0,0,0,0,0,0,0
141630,22,bully,1740,1,0,0,51,0,714,0,1,22,139890,1740,0,52,0,0,0,LEADER,1,0,0,51,0,0,0,0,0,0,0,0,0,0,0
141777,21,bully,1889,1,0,0,51,0,714,0,1,21,139888,1889,0,52,0,0,0,LEADER,1,0,0,51,0,0,0,0,0,0,0,0,0,0,0
142036,56,bully,2146,1,0,0,51,0,714,0,1,56,139890,2146,0,52,0,0,0,LEADER,1,0,0,51,0,0,0,0,0,0,0,0,0,0,0
141561,60,bully,1671,1,0,0,51,0,714,0,1,60,139890,1671,0,52,0,0,0,LEADER,1,0,0,51,0,0,0,0,0,0,0,0,0,0,0
142415,25,bully,1604,1,0,0,52,0,728,0,1,25,140811,1604,0,53,0,0,0,LEADER,1,0,0,52,0,0,0,0,0,0,0,0,0,0,0
141627,65,bully,1737,1,0,0,51,0,714,0,1,65,139890,1737,0,52,0,0,0,LEADER,1,0,0,51,0,0,0,0,0,0,0,0,0,0,0
142303,19,bully,2413,1,0,0,51,0,714,0,1,19,139890,2413,0,52,0,0,0,LEADER,1,0,0,51,0,0,0,0,0,0,0,0,0,0,0
141933,69,bully,2043,1,0,0,51,0,714,0,1,69,139890,2043,0,52,0,0,0,LEADER,1,0,0,51,0,0,0,0,0,0,0,0,0,0,0
142536,54,bully,1725,1,0,0,52,0,728,0,1,54,140811,1725,0,53,0,0,0,LEADER,1,0,0,52,0,0,0,0,0,0,0,0,0,0,0
141882,17,bully,1992,1,0,0,51,0,714,0,1,17,139890,1992,0,52,0,0,0,LEADER,1,0,0,51,0,0,0,0,0,0,0,0,0,0,0
142397,100,bully,1586,1,0,0,52,0,728,0,1,100,140811,1586,0,53,0,0,0,LEADER,1,0,0,52,0,0,0,0,0,0,0,0,0,0,0
142360,16,bully,1549,1,0,0,52,0,728,0,1,16,140811,1549,0,53,0,0,0,LEADER,1,0,0,52,0,0,0,0,0,0,0,0,0,0,0
141948,37,bully,2058,1,0,0,51,0,714,0,1,37,139890,2058,0,52,0,0,0,LEADER,1,0,0,51,0,0,0,0,0,0,0,0,0,0,0
142585,13,bully,1774,1,0,0,52,0,728,0,1,13,140811,1774,0,53,0,0,0,LEADER,1,0,0,52,0,0,0,0,0,0,0,0,0,0,0
141745,20,bully,1855,1,0,0,51,0,714,0,1,20,139890,1855,0,52,0,0,0,LEADER,1,0,0,51,0,0,0,0,0,0,0,0,0,0,0
142378,41,bully,1567,1,0,0,52,0,728,0,1,41,140811,1567,0,53,0,0,0,LEADER,1,0,0,52,0,0,0,0,0,0,0,0,0,0,0
142367,47,bully,1556,1,0,0,52,0,728,0,1,47,140811,1556,0,53,0,0,0,LEADER,1,0,0,52,0,0,0,0,0,0,0,0,0,0,0
142192,95,bully,2301,1,0,0,51,0,714,0,1,95,139891,2301,0,52,0,0,0,LEADER,1,0,0,51,0,0,0,0,0,0,0,0,0,0,0
142055,98,bully,2165,1,0,0,51,0,714,0,1,98,139890,2165,0,52,0,0,0,LEADER,1,0,0,51,0,0,0,0,0,0,0,0,0,0,0
142239,73,bully,2349,1,0,0,51,0,714,0,1,73,139890,2349,0,52,0,0,0,LEADER,1,0,0,51,0,0,0,0,0,0,0,0,0,0,0
141785,61,bully,1895,1,0,0,51,0,714,0,1,61,139890,1895,0,52,0,0,0,LEADER,1,0,0,51,0,0,0,0,0,0,0,0,0,0,0
142533,97,bully,1722,1,0,0,52,0,728,0,1,97,140811,1722,0,53,0,0,0,LEADER,1,0,0,52,0,0,0,0,0,0,0,0,0,0,0
142563,33,bully,1752,1,0,0,52,0,728,0,1,33,140811,1752,0,53,0,0,0,LEADER,1,0,0,52,0,0,0,0,0,0,0,0,0,0,0
142221,31,bully,2331,1,0,0,51,0,714,0,1,31,139890,2331,0,52,0,0,0,LEADER,1,0,0,51,0,0,0,0,0,0,0,0,0,0,0
142733,40,bully,1922,1,0,0,52,0,728,0,1,40,140811,1922,0,53,0,0,0,LEADER,1,0,0,52,0,0,0,0,0,0,0,0,0,0,0
142723,29,bully,1910,1,0,0,52,0,728,0,1,29,140813,1910,0,53,0,0,0,LEADER,1,0,0,52,0,0,0,0,0,0,0,0,0,0,0
142551,96,bully,1744,1,0,0,52,0,728,0,1,96,140807,1744,0,53,0,0,0,LEADER,1,0,0,52,0,0,0,0,0,0,0,0,0,0,0
142636,84,bully,1825,1,0,0,52,0,728,0,1,84,140811,1825,0,53,0,0,0,LEADER,1,0,0,52,0,0,0,0,0,0,0,0,0,0,0
142330,80,bully,1519,1,0,0,52,0,728,0,1,80,140811,1519,0,53,0,0,0,LEADER,1,0,0,52,0,0,0,0,0,0,0,0,0,0,0
142173,53,bully,2283,1,0,0,51,0,714,0,1,53,139890,2283,0,52,0,0,0,LEADER,1,0,0,51,0,0,0,0,0,0,0,0,0,0,0
142249,92,bully,1438,1,0,0,52,0,728,0,1,92,140811,1438,0,53,0,0,0,LEADER,1,0,0,52,0,0,0,0,0,0,0,0,0,0,0
142424,91,bully,1619,1,0,0,52,0,728,0,1,91,140805,1619,0,53,0,0,0,LEADER,1,0,0,52,0,0,0,0,0,0,0,0,0,0,0
142685,62,bully,1874,1,0,0,52,0,728,0,1,62,140811,1874,0,53,0,0,0,LEADER,1,0,0,52,0,0,0,0,0,0,0,0,0,0,0
142382,15,bully,1571,1,0,0,52,0,728,0,1,15,140811,1571,0,53,0,0,0,LEADER,1,0,0,52,0,0,0,0,0,0,0,0,0,0,0
142051,26,bully,2161,1,0,0,51,0,714,0,1,26,139890,2161,0,52,0,0,0,LEADER,1,0,0,51,0,0,0,0,0,0,0,0,0,0,0
142788,49,bully,1977,1,0,0,52,0,728,0,1,49,140811,1977,0,53,0,0,0,LEADER,1,0,0,52,0,0,0,0,0,0,0,0,0,0,0
142603,58,bully,1792,1,0,0,52,0,728,0,1,58,140811,1792,0,53,0,0,0,LEADER,1,0,0,52,0,0,0,0,0,0,0,0,0,0,0
142136,86,bully,2246,1,0,0,51,0,714,0,1,86,139890,2246,0,52,0,0,0,LEADER,1,0,0,51,0,0,0,0,0,0,0,0,0,0,0
142309,50,bully,2419,1,0,0,51,0,714,0,1,50,139890,2419,0,52,0,0,0,LEADER,1,0,0,51,0,0,0,0,0,0,0,0,0,0,0
142160,85,bully,2268,1,0,0,51,0,714,0,1,85,139892,2268,0,52,0,0,0,LEADER,1,0,0,51,0,0,0,0,0,0,0,0,0,0,0
142100,87,bully,2212,1,0,0,51,0,714,0,1,87,139888,2212,0,52,0,0,0,LEADER,1,0,0,51,0,0,0,0,0,0,0,0,0,0,0
142306,64,bully,2416,1,0,0,51,0,714,0,1,64,139890,2416,0,52,0,0,0,LEADER,1,0,0,51,0,0,0,0,0,0,0,0,0,0,0
142155,11,bully,2264,1,0,0,51,0,714,0,1,11,139891,2264,0,52,0,0,0,LEADER,1,0,0,51,0,0,0,0,0,0,0,0,0,0,0
142245,18,bully,1434,1,0,0,52,0,728,0,1,18,140811,1434,0,53,0,0,0,LEADER,1,0,0,52,0,0,0,0,0,0,0,0,0,0,0
142364,90,bully,1553,1,0,0,52,0,728,0,1,90,140811,1553,0,53,0,0,0,LEADER,1,0,0,52,0,0,0,0,0,0,0,0,0,0,0
142258,35,bully,1447,1,0,0,52,0,728,0,1,35,140811,1447,0,53,0,0,0,LEADER,1,0,0,52,0,0,0,0,0,0,0,0,0,0,0
142139,43,bully,2249,1,0,0,51,0,714,0,1,43,139890,2249,0,52,0,0,0,LEADER,1,0,0,51,0,0,0,0,0,0,0,0,0,0,0
142278,28,bully,1467,1,0,0,52,0,728,0,1,28,140811,1467,0,53,0,0,0,LEADER,1,0,0,52,0,0,0,0,0,0,0,0,0,0,0
142116,44,bully,2228,1,0,0,51,0,714,0,1,44,139888,2228,0,52,0,0,0,LEADER,1,0,0,51,0,0,0,0,0,0,0,0,0,0,0
142952,23,bully,2141,1,0,0,52,0,728,0,1,23,140811,2141,0,53,0,0,0,LEADER,1,0,0,52,0,0,0,0,0,0,0,0,0,0,0
142272,30,bully,1461,1,0,0,52,0,728,0,1,30,140811,1461,0,53,0,0,0,LEADER,1,0,0,52,0,0,0,0,0,0,0,0,0,0,0
142670,94,bully,1859,1,0,0,52,0,728,0,1,94,140811,1859,0,53,0,0,0,LEADER,1,0,0,52,0,0,0,0,0,0,0,0,0,0,0
142312,38,bully,1501,1,0,0,52,0,728,0,1,38,140811,1501,0,53,0,0,0,LEADER,1,0,0,52,0,0,0,0,0,0,0,0,0,0,0
142991,66,bully,2180,1,0,0,52,0,728,0,1,66,140811,2180,0,53,0,0,0,LEADER,1,0,0,52,0,0,0,0,0,0,0,0,0,0,0
142297,70,bully,1486,1,0,0,52,0,728,0,1,70,140811,1486,0,53,0,0,0,LEADER,1,0,0,52,0,0,0,0,0,0,0,0,0,0,0
142942,88,bully,2131,1,0,0,52,0,728,0,1,88,140811,2131,0,53,0,0,0,LEADER,1,0,0,52,0,0,0,0,0,0,0,0,0,0,0
142125,75,bully,2235,1,0,0,51,0,714,0,1,75,139890,2235,0,52,0,0,0,LEADER,1,0,0,51,0,0,0,0,0,0,0,0,0,0,0
142135,12,bully,2243,1,0,0,51,0,714,0,1,12,139892,2243,0,52,0,0,0,LEADER,1,0,0,51,0,0,0,0,0,0,0,0,0,0,0
142836,27,bully,2025,1,0,0,52,0,728,0,1,27,140811,2025,0,53,0,0,0,LEADER,1,0,0,52,0,0,0,0,0,0,0,0,0,0,0
142325,42,bully,1514,1,0,0,52,0,728,0,1,42,140811,1514,0,53,0,0,0,LEADER,1,0,0,52,0,0,0,0,0,0,0,0,0,0,0
142972,24,bully,2161,1,0,0,52,0,728,0,1,24,140811,2161,0,53,0,0,0,LEADER,1,0,0,52,0,0,0,0,0,0,0,0,0,0,0
142924,46,bully,2113,1,0,0,52,0,728,0,1,46,140811,2113,0,53,0,0,0,LEADER,1,0,0,52,0,0,0,0,0,0,0,0,0,0,0
142448,34,bully,1637,1,0,0,52,0,728,0,1,34,140811,1637,0,53,0,0,0,LEADER,1,0,0,52,0,0,0,0,0,0,0,0,0,0,0
142821,59,bully,2010,1,0,0,52,0,728,0,1,59,140811,2010,0,53,0,0,0,LEADER,1,0,0,52,0,0,0,0,0,0,0,0,0,0,0
143103,32,bully,2292,1,0,0,52,0,728,0,1,32,140811,2292,0,53,0,0,0,LEADER,1,0,0,52,0,0,0,0,0,0,0,0,0,0,0
142718,72,bully,1907,1,0,0,52,0,728,0,1,72,140811,1907,0,53,0,0,0,LEADER,1,0,0,52,0,0,0,0,0,0,0,0,0,0,0
143130,63,bully,2316,1,0,0,52,0,728,0,1,63,140814,2316,0,53,0,0,0,LEADER,1,0,0,52,0,0,0,0,0,0,0,0,0,0,0
142603,74,bully,1792,1,0,0,52,0,728,0,1,74,140811,1792,0,53,0,0,0,LEADER,1,0,0,52,0,0,0,0,0,0,0,0,0,0,0
142345,48,bully,1534,1,0,0,52,0,728,0,1,48,140811,1534,0,53,0,0,0,LEADER,1,0,0,52,0,0,0,0,0,0,0,0,0,0,0
142806,57,bully,1995,1,0,0,52,0,728,0,1,57,140811,1995,0,53,0,0,0,LEADER,1,0,0,52,0,0,0,0,0,0,0,0,0,0,0
142876,68,bully,2065,1,0,0,52,0,728,0,1,68,140811,2065,0,53,0,0,0,LEADER,1,0,0,52,0,0,0,0,0,0,0,0,0,0,0
142277,45,bully,1466,1,0,0,52,0,728,0,1,45,140811,1466,0,53,0,0,0,LEADER,1,0,0,52,0,0,0,0,0,0,0,0,0,0,0
142634,93,bully,1823,1,0,0,52,0,728,0,1,93,140811,1823,0,53,0,0,0,LEADER,1,0,0,52,0,0,0,0,0,0,0,0,0,0,0
143215,82,bully,2404,1,0,0,52,0,728,0,1,82,140811,2404,0,53,0,0,0,LEADER,1,0,0,52,0,0,0,0,0,0,0,0,0,0,0
143209,51,bully,2398,1,0,0,52,0,728,0,1,51,140811,2398,0,53,0,0,0,LEADER,1,0,0,52,0,0,0,0,0,0,0,0,0,0,0
142754,39,bully,1943,1,0,0,52,0,728,0,1,39,140811,1943,0,53,0,0,0,LEADER,1,0,0,52,0,0,0,0,0,0,0,0,0,0,0
142500,78,bully,1689,1,0,0,52,0,728,0,1,78,140811,1689,0,53,0,0,0,LEADER,1,0,0,52,0,0,0,0,0,0,0,0,0,0,0
142888,79,bully,2077,1,0,0,52,0,728,0,1,79,140811,2077,0,53,0,0,0,LEADER,1,0,0,52,0,0,0,0,0,0,0,0,0,0,0
142463,14,bully,1652,1,0,0,52,0,728,0,1,14,140811,1652,0,53,0,0,0,LEADER,1,0,0,52,0,0,0,0,0,0,0,0,0,0,0
142890,36,bully,2080,1,0,0,52,0,728,0,1,36,140810,2080,0,53,0,0,0,LEADER,1,0,0,52,0,0,0,0,0,0,0,0,0,0,0
142773,81,bully,1962,1,0,0,52,0,728,0,1,81,140811,1962,0,53,0,0,0,LEADER,1,0,0,52,0,0,0,0,0,0,0,0,0,0,0
142433,67,bully,1622,1,0,0,52,0,728,0,1,67,140811,1622,0,53,0,0,0,LEADER,1,0,0,52,0,0,0,0,0,0,0,0,0,0,0
143194,83,bully,2383,1,0,0,52,0,728,0,1,83,140811,2383,0,53,0,0,0,LEADER,1,0,0,52,0,0,0,0,0,0,0,0,0,0,0
143338,99,bully,1607,1,0,0,52,0,728,0,1,99,141731,1607,0,53,0,0,0,LEADER,1,0,0,52,0,0,0,0,0,0,0,0,0,0,0
142515,55,bully,1704,1,0,0,52,0,728,0,1,55,140811,1704,0,53,0,0,0,LEADER,1,0,0,52,0,0,0,0,0,0,0,0,0,0,0
143305,89,bully,1574,1,0,0,52,0,728,0,1,89,141731,1574,0,53,0,0,0,LEADER,1,0,0,52,0,0,0,0,0,0,0,0,0,0,0
142467,77,bully,1656,1,0,0,52,0,728,0,1,77,140811,1656,0,53,0,0,0,LEADER,1,0,0,52,0,0,0,0,0,0,0,0,0,0,0
142739,71,bully,1928,1,0,0,52,0,728,0,1,71,140811,1928,0,53,0,0,0,LEADER,1,0,0,52,0,0,0,0,0,0,0,0,0,0,0
142651,52,bully,1840,1,0,0,52,0,728,0,1,52,140811,1840,0,53,0,0,0,LEADER,1,0,0,52,0,0,0,0,0,0,0,0,0,0,0
143018,76,bully,2213,1,0,0,52,0,728,0,1,76,140805,2213,0,53,0,0,0,LEADER,1,0,0,52,0,0,0,0,0,0,0,0,0,0,0
142618,10,bully,1807,1,0,0,52,0,728,0,1,10,140811,1807,0,53,0,0,0,LEADER,1,0,0,52,0,0,0,0,0,0,0,0,0,0,0
142551,22,bully,1740,1,0,0,52,0,728,0,1,22,140811,1740,0,53,0,0,0,LEADER,1,0,0,52,0,0,0,0,0,0,0,0,0,0,0
142698,21,bully,1889,1,0,0,52,0,728,0,1,21,140809,1889,0,53,0,0,0,LEADER,1,0,0,52,0,0,0,0,0,0,0,0,0,0,0
142957,56,bully,2146,1,0,0,52,0,728,0,1,56,140811,2146,0,53,0,0,0,LEADER,1,0,0,52,0,0,0,0,0,0,0,0,0,0,0
142482,60,bully,1671,1,0,0,52,0,728,0,1,60,140811,1671,0,53,0,0,0,LEADER,1,0,0,52,0,0,0,0,0,0,0,0,0,0,0
143335,25,bully,1604,1,0,0,52,0,728,0,1,25,141731,1604,0,53,0,0,0,LEADER,1,0,0,52,0,0,0,0,0,0,0,0,0,0,0
142548,65,bully,1737,1,0,0,52,0,728,0,1,65,140811,1737,0,53,0,0,0,LEADER,1,0,0,52,0,0,0,0,0,0,0,0,0,0,0
143224,19,bully,2413,1,0,0,52,0,728,0,1,19,140811,2413,0,53,0,0,0,LEADER,1,0,0,52,0,0,0,0,0,0,0,0,0,0,0
142854,69,bully,2043,1,0,0,52,0,728,0,1,69,140811,2043,0,53,0,0,0,LEADER,1,0,0,52,0,0,0,0,0,0,0,0,0,0,0
143456,54,bully,1725,1,0,0,52,0,728,0,1,54,141731,1725,0,53,0,0,0,LEADER,1,0,0,52,0,0,0,0,0,0,0,0,0,0,0
142803,17,bully,1992,1,0,0,52,0,728,0,1,17,140811,1992,0,53,0,0,0,LEADER,1,0,0,52,0,0,0,0,0,0,0,0,0,0,0
143317,100,bully,1586,1,0,0,52,0,728,0,1,100,141731,1586,0,53,0,0,0,LEADER,1,0,0,52,0,0,0,0,0,0,0,0,0,0,0
143280,16,bully,1549,1,0,0,52,0,728,0,1,16,141731,1549,0,53,0,0,0,LEADER,1,0,0,52,0,0,0,0,0,0,0,0,0,0,0
142869,37,bully,2058,1,0,0,52,0,728,0,1,37,140811,2058,0,53,0,0,0,LEADER,1,0,0,52,0,0,0,0,0,0,0,0,0,0,0
143505,13,bully,1774,1,0,0,52,0,728,0,1,13,141731,1774,0,53,0,0,0,LEADER,1,0,0,52,0,0,0,0,0,0,0,0,0,0,0
142666,20,bully,1855,1,0,0,52,0,728,0,1,20,140811,1855,0,53,0,0,0,LEADER,1,0,0,52,0,0,0,0,0,0,0,0,0,0,0
143298,41,bully,1567,1,0,0,52,0,728,0,1,41,141731,1567,0,53,0,0,0,LEADER,1,0,0,52,0,0,0,0,0,0,0,0,0,0,0
143287,47,bully,1556,1,0,0,52,0,728,0,1,47,141731,1556,0,53,0,0,0,LEADER,1,0,0,52,0,0,0,0,0,0,0,0,0,0,0
143113,95,bully,2301,1,0,0,52,0,728,0,1,95,140812,2301,0,53,0,0,0,LEADER,1,0,0,52,0,0,0,0,0,0,0,0,0,0,0
142976,98,bully,2165,1,0,0,52,0,728,0,1,98,140811,2165,0,53,0,0,0,LEADER,1,0,0,52,0,0,0,0,0,0,0,0,0,0,0
143160,73,bully,2349,1,0,0,52,0,728,0,1,73,140811,2349,0,53,0,0,0,LEADER,1,0,0,52,0,0,0,0,0,0,0,0,0,0,0
143483,33,bully,1752,1,0,0,52,0,728,0,1,33,141731,1752,0,53,0,0,0,LEADER,1,0,0,52,0,0,0,0,0,0,0,0,0,0,0
142706,61,bully,1895,1,0,0,52,0,728,0,1,61,140811,1895,0,53,0,0,0,LEADER,1,0,0,52,0,0,0,0,0,0,0,0,0,0,0
143453,97,bully,1722,1,0,0,52,0,728,0,1,97,141731,1722,0,53,0,0,0,LEADER,1,0,0,52,0,0,0,0,0,0,0,0,0,0,0
143142,31,bully,2331,1,0,0,52,0,728,0,1,31,140811,2331,0,53,0,0,0,LEADER,1,0,0,52,0,0,0,0,0,0,0,0,0,0,0
143653,40,bully,1922,1,0,0,52,0,728,0,1,40,141731,1922,0,53,0,0,0,LEADER,1,0,0,52,0,0,0,0,0,0,0,0,0,0,0
143643,29,bully,1910,1,0,0,52,0,728,0,1,29,141733,1910,0,53,0,0,0,LEADER,1,0,0,52,0,0,0,0,0,0,0,0,0,0,0
143471,96,bully,1744,1,0,0,52,0,728,0,1,96,141727,1744,0,53,0,0,0,LEADER,1,0,0,52,0,0,0,0,0,0,0,0,0,0,0
143556,84,bully,1825,1,0,0,52,0,728,0,1,84,141731,1825,0,53,0,0,0,LEADER,1,0,0,52,0,0,0,0,0,0,0,0,0,0,0
143250,80,bully,1519,1,0,0,52,0,728,0,1,80,141731,1519,0,53,0,0,0,LEADER,1,0,0,52,0,0,0,0,0,0,0,0,0,0,0
143094,53,bully,2283,1,0,0,52,0,728,0,1,53,140811,2283,0,53,0,0,0,LEADER,1,0,0,52,0,0,0,0,0,0,0,0,0,0,0
143169,92,bully,1438,1,0,0,52,0,728,0,1,92,141731,1438,0,53,0,0,0,LEADER,1,0,0,52,0,0,0,0,0,0,0,0,0,0,0
143344,91,bully,1619,1,0,0,52,0,728,0,1,91,141725,1619,0,53,0,0,0,LEADER,1,0,0,52,0,0,0,0,0,0,0,0,0,0,0
143605,62,bully,1874,1,0,0,52,0,728,0,1,62,141731,1874,0,53,0,0,0,LEADER,1,0,0,52,0,0,0,0,0,0,0,0,0,0,0
143302,15,bully,1571,1,0,0,52,0,728,0,1,15,141731,1571,0,53,0,0,0,LEADER,1,0,0,52,0,0,0,0,0,0,0,0,0,0,0
142972,26,bully,2161,1,0,0,52,0,728,0,1,26,140811,2161,0,53,0,0,0,LEADER,1,0,0,52,0,0,0,0,0,0,0,0,0,0,0
143708,49,bully,1977,1,0,0,52,0,728,0,1,49,141731,1977,0,53,0,0,0,LEADER,1,0,0,52,0,0,0,0,0,0,0,0,0,0,0
143523,58,bully,1792,1,0,0,52,0,728,0,1,58,141731,1792,0,53,0,0,0,LEADER,1,0,0,52,0,0,0,0,0,0,0,0,0,0,0
143057,86,bully,2246,1,0,0,52,0,728,0,1,86,140811,2246,0,53,0,0,0,LEADER,1,0,0,52,0,0,0,0,0,0,0,0,0,0,0
143230,50,bully,2419,1,0,0,52,0,728,0,1,50,140811,2419,0,53,0,0,0,LEADER,1,0,0,52,0,0,0,0,0,0,0,0,0,0,0
143081,85,bully,2268,1,0,0,52,0,728,0,1,85,140813,2268,0,53,0,0,0,LEADER,1,0,0,52,0,0,0,0,0,0,0,0,0,0,0
143021,87,bully,2212,1,0,0,52,0,728,0,1,87,140809,2212,0,53,0,0,0,LEADER,1,0,0,52,0,0,0,0,0,0,0,0,0,0,0
143227,64,bully,2416,1,0,0,52,0,728,0,1,64,140811,2416,0,53,0,0,0,LEADER,1,0,0,52,0,0,0,0,0,0,0,0,0,0,0
143165,18,bully,1434,1,0,0,52,0,728,0,1,18,141731,1434,0,53,0,0,0,LEADER,1,0,0,52,0,0,0,0,0,0,0,0,0,0,0
143076,11,bully,2264,1,0,0,52,0,728,0,1,11,140812,2264,0,53,0,0,0,LEADER,1,0,0,52,0,0,0,0,0,0,0,0,0,0,0
143284,90,bully,1553,1,0,0,52,0,728,0,1,90,141731,1553,0,53,0,0,0,LEADER,1,0,0,52,0,0,0,0,0,0,0,0,0,0,0
143178,35,bully,1447,1,0,0,52,0,728,0,1,35,141731,1447,0,53,0,0,0,LEADER,1,0,0,52,0,0,0,0,0,0,0,0,0,0,0
143060,43,bully,2249,1,0,0,52,0,728,0,1,43,140811,2249,0,53,0,0,0,LEADER,1,0,0,52,0,0,0,0,0,0,0,0,0,0,0
143198,28,bully,1467,1,0,0,52,0,728,0,1,28,141731,1467,0,53,0,0,0,LEADER,1,0,0,52,0,0,0,0,0,0,0,0,0,0,0
143037,44,bully,2228,1,0,0,52,0,728,0,1,44,140809,2228,0,53,0,0,0,LEADER,1,0,0,52,0,0,0,0,0,0,0,0,0,0,0
143872,23,bully,2141,1,0,0,52,0,728,0,1,23,141731,2141,0,53,0,0,0,LEADER,1,0,0,52,0,0,0,0,0,0,0,0,0,0,0
143192,30,bully,1461,1,0,0,52,0,728,0,1,30,141731,1461,0,53,0,0,0,LEADER,1,0,0,52,0,0,0,0,0,0,0,0,0,0,0
143590,94,bully,1859,1,0,0,52,0,728,0,1,94,141731,1859,0,53,0,0,0,LEADER,1,0,0,52,0,0,0,0,0,0,0,0,0,0,0
143232,38,bully,1501,1,0,0,52,0,728,0,1,38,141731,1501,0,53,0,0,0,LEADER,1,0,0,52,0,0,0,0,0,0,0,0,0,0,0
143911,66,bully,2180,1,0,0,52,0,728,0,1,66,141731,2180,0,53,0,0,0,LEADER,1,0,0,52,0,0,0,0,0,0,0,0,0,0,0
143217,70,bully,1486,1,0,0,52,0,728,0,1,70,141731,1486,0,53,0,0,0,LEADER,1,0,0,52,0,0,0,0,0,0,0,0,0,0,0
143862,88,bully,2131,1,0,0,52,0,728,0,1,88,141731,2131,0,53,0,0,0,LEADER,1,0,0,52,0,0,0,0,0,0,0,0,0,0,0
143046,75,bully,2235,1,0,0,52,0,728,0,1,75,140811,2235,0,53,0,0,0,LEADER,1,0,0,52,0,0,0,0,0,0,0,0,0,0,0
143056,12,bully,2243,1,0,0,52,0,728,0,1,12,140813,2243,0,53,0,0,0,LEADER,1,0,0,52,0,0,0,0,0,0,0,0,0,0,0
143756,27,bully,2025,1,0,0,52,0,728,0,1,27,141731,2025,0,53,0,0,0,LEADER,1,0,0,52,0,0,0,0,0,0,0,0,0,0,0
143245,42,bully,1514,1,0,0,52,0,728,0,1,42,141731,1514,0,53,0,0,0,LEADER,1,0,0,52,0,0,0,0,0,0,0,0,0,0,0
143892,24,bully,2161,1,0,0,52,0,728,0,1,24,141731,2161,0,53,0,0,0,LEADER,1,0,0,52,0,0,0,0,0,0,0,0,0,0,0
143844,46,bully,2113,1,0,0,52,0,728,0,1,46,141731,2113,0,53,0,0,0,LEADER,1,0,0,52,0,0,0,0,0,0,0,0,0,0,0
143368,34,bully,1637,1,0,0,52,0,728,0,1,34,141731,1637,0,53,0,0,0,LEADER,1,0,0,52,0,0,0,0,0,0,0,0,0,0,0
143741,59,bully,2010,1,0,0,52,0,728,0,1,59,141731,2010,0,53,0,0,0,LEADER,1,0,0,52,0,0,0,0,0,0,0,0,0,0,0
144023,32,bully,2292,1,0,0,52,0,728,0,1,32,141731,2292,0,53,0,0,0,LEADER,1,0,0,52,0,0,0,0,0,0,0,0,0,0,0
143638,72,bully,1907,1,0,0,52,0,728,0,1,72,141731,1907,0,53,0,0,0,LEADER,1,0,0,52,0,0,0,0,0,0,0,0,0,0,0
144050,63,bully,2316,1,0,0,52,0,728,0,1,63,141734,2316,0,53,0,0,0,LEADER,1,0,0,52,0,0,0,0,0,0,0,0,0,0,0
143523,74,bully,1792,1,0,0,52,0,728,0,1,74,141731,1792,0,53,0,0,0,LEADER,1,0,0,52,0,0,0,0,0,0,0,0,0,0,0
143265,48,bully,1534,1,0,0,52,0,728,0,1,48,141731,1534,0,53,0,0,0,LEADER,1,0,0,52,0,0,0,0,0,0,0,0,0,0,0
143726,57,bully,1995,1,0,0,52,0,728,0,1,57,141731,1995,0,53,0,0,0,LEADER,1,0,0,52,0,0,0,0,0,0,0,0,0,0,0
143796,68,bully,2065,1,0,0,52,0,728,0,1,68,141731,2065,0,53,0,0,0,LEADER,1,0,0,52,0,0,0,0,0,0,0,0,0,0,0
143197,45,bully,1466,1,0,0,52,0,728,0,1,45,141731,1466,0,53,0,0,0,LEADER,1,0,0,52,0,0,0,0,0,0,0,0,0,0,0
143554,93,bully,1823,1,0,0,52,0,728,0,1,93,141731,1823,0,53,0,0,0,LEADER,1,0,0,52,0,0,0,0,0,0,0,0,0,0,0
144135,82,bully,2404,1,0,0,52,0,728,0,1,82,141731,2404,0,53,0,0,0,LEADER,1,0,0,52,0,0,0,0,0,0,0,0,0,0,0
144129,51,bully,2398,1,0,0,52,0,728,0,1,51,141731,2398,0,53,0,0,0,LEADER,1,0,0,52,0,0,0,0,0,0,0,0,0,0,0
143674,39,bully,1943,1,0,0,52,0,728,0,1,39,141731,1943,0,53,0,0,0,LEADER,1,0,0,52,0,0,0,0,0,0,0,0,0,0,0
143420,78,bully,1689,1,0,0,52,0,728,0,1,78,141731,1689,0,53,0,0,0,LEADER,1,0,0,52,0,0,0,0,0,0,0,0,0,0,0
143808,79,bully,2077,1,0,0,52,0,728,0,1,79,141731,2077,0,53,0,0,0,LEADER,1,0,0,52,0,0,0,0,0,0,0,0,0,0,0
143383,14,bully,1652,1,0,0,52,0,728,0,1,14,141731,1652,0,53,0,0,0,LEADER,1,0,0,52,0,0,0,0,0,0,0,0,0,0,0
143810,36,bully,2080,1,0,0,52,0,728,0,1,36,141730,2080,0,53,0,0,0,LEADER,1,0,0,52,0,0,0,0,0,0,0,0,0,0,0
143693,81,bully,1962,1,0,0,52,0,728,0,1,81,141731,1962,0,53,0,0,0,LEADER,1,0,0,52,0,0,0,0,0,0,0,0,0,0,0
143353,67,bully,1622,1,0,0,52,0,728,0,1,67,141731,1622,0,53,0,0,0,LEADER,1,0,0,52,0,0,0,0,0,0,0,0,0,0,0
144114,83,bully,2383,1,0,0,52,0,728,0,1,83,141731,2383,0,53,0,0,0,LEADER,1,0,0,52,0,0,0,0,0,0,0,0,0,0,0
144258,99,bully,1607,1,0,0,52,0,728,0,1,99,142651,1607,0,53,0,0,0,LEADER,1,0,0,52,0,0,0,0,0,0,0,0,0,0,0
143435,55,bully,1704,1,0,0,52,0,728,0,1,55,141731,1704,0,53,0,0,0,LEADER,1,0,0,52,0,0,0,0,0,0,0,0,0,0,0
144225,89,bully,1574,1,0,0,52,0,728,0,1,89,142651,1574,0,53,0,0,0,LEADER,1,0,0,52,0,0,0,0,0,0,0,0,0,0,0
143387,77,bully,1656,1,0,0,52,0,728,0,1,77,141731,1656,0,53,0,0,0,LEADER,1,0,0,52,0,0,0,0,0,0,0,0,0,0,0
143659,71,bully,1928,1,0,0,52,0,728,0,1,71,141731,1928,0,53,0,0,0,LEADER,1,0,0,52,0,0,0,0,0,0,0,0,0,0,0
143571,52,bully,1840,1,0,0,52,0,728,0,1,52,141731,1840,0,53,0,0,0,LEADER,1,0,0,52,0,0,0,0,0,0,0,0,0,0,0
143938,76,bully,2213,1,0,0,52,0,728,0,1,76,141725,2213,0,53,0,0,0,LEADER,1,0,0,52,0,0,0,0,0,0,0,0,0,0,0
143538,10,bully,1807,1,0,0,52,0,728,0,1,10,141731,1807,0,53,0,0,0,LEADER,1,0,0,52,0,0,0,0,0,0,0,0,0,0,0
143471,22,bully,1740,1,0,0,52,0,728,0,1,22,141731,1740,0,53,0,0,0,LEADER,1,0,0,52,0,0,0,0,0,0,0,0,0,0,0
143618,21,bully,1889,1,0,0,52,0,728,0,1,21,141729,1889,0,53,0,0,0,LEADER,1,0,0,52,0,0,0,0,0,0,0,0,0,0,0
143877,56,bully,2146,1,0,0,52,0,728,0,1,56,141731,2146,0,53,0,0,0,LEADER,1,0,0,52,0,0,0,0,0,0,0,0,0,0,0
143402,60,bully,1671,1,0,0,52,0,728,0,1,60,141731,1671,0,53,0,0,0,LEADER,1,0,0,52,0,0,0,0,0,0,0,0,0,0,0
144255,25,bully,1604,1,0,0,52,0,728,0,1,25,142651,1604,0,53,0,0,0,LEADER,1,0,0,52,0,0,0,0,0,0,0,0,0,0,0
143468,65,bully,1737,1,0,0,52,0,728,0,1,65,141731,1737,0,53,0,0,0,LEADER,1,0,0,52,0,0,0,0,0,0,0,0,0,0,0
144144,19,bully,2413,1,0,0,52,0,728,0,1,19,141731,2413,0,53,0,0,0,LEADER,1,0,0,52,0,0,0,0,0,0,0,0,0,0,0
143774,69,bully,2043,1,0,0,52,0,728,0,1,69,141731,2043,0,53,0,0,0,LEADER,1,0,0,52,0,0,0,0,0,0,0,0,0,0,0
144376,54,bully,1725,1,0,0,52,0,728,0,1,54,142651,1725,0,53,0,0,0,LEADER,1,0,0,52,0,0,0,0,0,0,0,0,0,0,0
143723,17,bully,1992,1,0,0,52,0,728,0,1,17,141731,1992,0,53,0,0,0,LEADER,1,0,0,52,0,0,0,0,0,0,0,0,0,0,0
144237,100,bully,1586,1,0,0,52,0,728,0,1,100,142651,1586,0,53,0,0,0,LEADER,1,0,0,52,0,0,0,0,0,0,0,0,0,0,0
144200,16,bully,1549,1,0,0,52,0,728,0,1,16,142651,1549,0,53,0,0,0,LEADER,1,0,0,52,0,0,0,0,0,0,0,0,0,0,0
143789,37,bully,2058,1,0,0,52,0,728,0,1,37,141731,2058,0,53,0,0,0,LEADER,1,0,0,52,0,0,0,0,0,0,0,0,0,0,0
144425,13,bully,1774,1,0,0,52,0,728,0,1,13,142651,1774,0,53,0,0,0,LEADER,1,0,0,52,0,0,0,0,0,0,0,0,0,0,0
143586,20,bully,1855,1,0,0,52,0,728,0,1,20,141731,1855,0,53,0,0,0,LEADER,1,0,0,52,0,0,0,0,0,0,0,0,0,0,0
144218,41,bully,1567,1,0,0,52,0,728,0,1,41,142651,1567,0,53,0,0,0,LEADER,1,0,0,52,0,0,0,0,0,0,0,0,0,0,0
144207,47,bully,1556,1,0,0,52,0,728,0,1,47,142651,1556,0,53,0,0,0,LEADER,1,0,0,52,0,0,0,0,0,0,0,0,0,0,0
144033,95,bully,2301,1,0,0,52,0,728,0,1,95,141732,2301,0,53,0,0,0,LEADER,1,0,0,52,0,0,0,0,0,0,0,0,0,0,0
143896,98,bully,2165,1,0,0,52,0,728,0,1,98,141731,2165,0,53,0,0,0,LEADER,1,0,0,52,0,0,0,0,0,0,0,0,0,0,0
144080,73,bully,2349,1,0,0,52,0,728,0,1,73,141731,2349,0,53,0,0,0,LEADER,1,0,0,52,0,0,0,0,0,0,0,0,0,0,0
144403,33,bully,1752,1,0,0,52,0,728,0,1,33,142651,1752,0,53,0,0,0,LEADER,1,0,0,52,0,0,0,0,0,0,0,0,0,0,0
143626,61,bully,1895,1,0,0,52,0,728,0,1,61,141731,1895,0,53,0,0,0,LEADER,1,0,0,52,0,0,0,0,0,0,0,0,0,0,0
144373,97,bully,1722,1,0,0,52,0,728,0,1,97,142651,1722,0,53,0,0,0,LEADER,1,0,0,52,0,0,0,0,0,0,0,0,0,0,0
144062,31,bully,2331,1,0,0,52,0,728,0,1,31,141731,2331,0,53,0,0,0,LEADER,1,0,0,52,0,0,0,0,0,0,0,0,0,0,0
144573,40,bully,1922,1,0,0,52,0,728,0,1,40,142651,1922,0,53,0,0,0,LEADER,1,0,0,52,0,0,0,0,0,0,0,0,0,0,0
144563,29,bully,1910,1,0,0,52,0,728,0,1,29,142653,1910,0,53,0,0,0,LEADER,1,0,0,52,0,0,0,0,0,0,0,0,0,0,0
144391,96,bully,1744,1,0,0,52,0,728,0,1,96,142647,1744,0,53,0,0,0,LEADER,1,0,0,52,0,0,0,0,0,0,0,0,0,0,0
144476,84,bully,1825,1,0,0,52,0,728,0,1,84,142651,1825,0,53,0,0,0,LEADER,1,0,0,52,0,0,0,0,0,0,0,0,0,0,0
144170,80,bully,1519,1,0,0,52,0,728,0,1,80,142651,1519,0,53,0,0,0,LEADER,1,0,0,52,0,0,0,0,0,0,0,0,0,0,0
144014,53,bully,2283,1,0,0,52,0,728,0,1,53,141731,2283,0,53,0,0,0,LEADER,1,0,0,52,0,0,0,0,0,0,0,0,0,0,0
144089,92,bully,1438,1,0,0,52,0,728,0,1,92,142651,1438,0,53,0,0,0,LEADER,1,0,0,52,0,0,0,0,0,0,0,0,0,0,0
144264,91,bully,1619,1,0,0,52,0,728,0,1,91,142645,1619,0,53,0,0,0,LEADER,1,0,0,52,0,0,0,0,0,0,0,0,0,0,0
144525,62,bully,1874,1,0,0,52,0,728,0,1,62,142651,1874,0,53,0,0,0,LEADER,1,0,0,52,0,0,0,0,0,0,0,0,0,0,0
144222,15,bully,1571,1,0,0,52,0,728,0,1,15,142651,1571,0,53,0,0,0,LEADER,1,0,0,52,0,0,0,0,0,0,0,0,0,0,0
143892,26,bully,2161,1,0,0,52,0,728,0,1,26,141731,2161,0,53,0,0,0,LEADER,1,0,0,52,0,0,0,0,0,0,0,0,0,0,0
144628,49,bully,1977,1,0,0,52,0,728,0,1,49,142651,1977,0,53,0,0,0,LEADER,1,0,0,52,0,0,0,0,0,0,0,0,0,0,0
144443,58,bully,1792,1,0,0,52,0,728,0,1,58,142651,1792,0,53,0,0,0,LEADER,1,0,0,52,0,0,0,0,0,0,0,0,0,0,0
143977,86,bully,2246,1,0,0,52,0,728,0,1,86,141731,2246,0,53,0,0,0,LEADER,1,0,0,52,0,0,0,0,0,0,0,0,0,0,0
144150,50,bully,2419,1,0,0,52,0,728,0,1,50,141731,2419,0,53,0,0,0,LEADER,1,0,0,52,0,0,0,0,0,0,0,0,0,0,0
144001,85,bully,2268,1,0,0,52,0,728,0,1,85,141733,2268,0,53,0,0,0,LEADER,1,0,0,52,0,0,0,0,0,0,0,0,0,0,0
143941,87,bully,2212,1,0,0,52,0,728,0,1,87,141729,2212,0,53,0,0,0,LEADER,1,0,0,52,0,0,0,0,0,0,0,0,0,0,0
144147,64,bully,2416,1,0,0,52,0,728,0,1,64,141731,2416,0,53,0,0,0,LEADER,1,0,0,52,0,0,0,0,0,0,0,0,0,0,0
144085,18,bully,1434,1,0,0,52,0,728,0,1,18,142651,1434,0,53,0,0,0,LEADER,1,0,0,52,0,0,0,0,0,0,0,0,0,0,0
143996,11,bully,2264,1,0,0,52,0,728,0,1,11,141732,2264,0,53,0,0,0,LEADER,1,0,0,52,0,0,0,0,0,0,0,0,0,0,0
144204,90,bully,1553,1,0,0,52,0,728,0,1,90,142651,1553,0,53,0,0,0,LEADER,1,0,0,52,0,0,0,0,0,0,0,0,0,0,0
144098,35,bully,1447,1,0,0,52,0,728,0,1,35,142651,1447,0,53,0,0,0,LEADER,1,0,0,52,0,0,0,0,0,0,0,0,0,0,0
143980,43,bully,2249,1,0,0,52,0,728,0,1,43,141731,2249,0,53,0,0,0,LEADER,1,0,0,52,0,0,0,0,0,0,0,0,0,0,0
144118,28,bully,1467,1,0,0,52,0,728,0,1,28,142651,1467,0,53,0,0,0,LEADER,1,0,0,52,0,0,0,0,0,0,0,0,0,0,0
143957,44,bully,2228,1,0,0,52,0,728,0,1,44,141729,2228,0,53,0,0,0,LEADER,1,0,0,52,0,0,0,0,0,0,0,0,0,0,0
144792,23,bully,2141,1,0,0,52,0,728,0,1,23,142651,2141,0,53,0,0,0,LEADER,1,0,0,52,0,0,0,0,0,0,0,0,0,0,0
144112,30,bully,1461,1,0,0,52,0,728,0,1,30,142651,1461,0,53,0,0,0,LEADER,1,0,0,52,0,0,0,0,0,0,0,0,0,0,0
144510,94,bully,1859,1,0,0,52,0,728,0,1,94,142651,1859,0,53,0,0,0,LEADER,1,0,0,52,0,0,0,0,0,0,0,0,0,0,0
144152,38,bully,1501,1,0,0,52,0,728,0,1,38,142651,1501,0,53,0,0,0,LEADER,1,0,0,52,0,0,0,0,0,0,0,0,0,0,0
144831,66,bully,2180,1,0,0,52,0,728,0,1,66,142651,2180,0,53,0,0,0,LEADER,1,0,0,52,0,0,0,0,0,0,0,0,0,0,0
144137,70,bully,1486,1,0,0,52,0,728,0,1,70,142651,1486,0,53,0,0,0,LEADER,1,0,0,52,0,0,0,0,0,0,0,0,0,0,0
144782,88,bully,2131,1,0,0,52,0,728,0,1,88,142651,2131,0,53,0,0,0,LEADER,1,0,0,52,0,0,0,0,0,0,0,0,0,0,0
143966,75,bully,2235,1,0,0,52,0,728,0,1,75,141731,2235,0,53,0,0,0,LEADER,1,0,0,52,0,0,0,0,0,0,0,0,0,0,0
143976,12,bully,2243,1,0,0,52,0,728,0,1,12,141733,2243,0,53,0,0,0,LEADER,1,0,0,52,0,0,0,0,0,0,0,0,0,0,0
144676,27,bully,2025,1,0,0,52,0,728,0,1,27,142651,2025,0,53,0,0,0,LEADER,1,0,0,52,0,0,0,0,0,0,0,0,0,0,0
144165,42,bully,1514,1,0,0,52,0,728,0,1,42,142651,1514,0,53,0,0,0,LEADER,1,0,0,52,0,0,0,0,0,0,0,0,0,0,0
144812,24,bully,2161,1,0,0,52,0,728,0,1,24,142651,2161,0,53,0,0,0,LEADER,1,0,0,52,0,0,0,0,0,0,0,0,0,0,0
144764,46,bully,2113,1,0,0,52,0,728,0,1,46,142651,2113,0,53,0,0,0,LEADER,1,0,0,52,0,0,0,0,0,0,0,0,0,0,0
144288,34,bully,1637,1,0,0,52,0,728,0,1,34,142651,1637,0,53,0,0,0,LEADER,1,0,0,52,0,0,0,0,0,0,0,0,0,0,0
144661,59,bully,2010,1,0,0,52,0,728,0,1,59,142651,2010,0,53,0,0,0,LEADER,1,0,0,52,0,0,0,0,0,0,0,0,0,0,0
144943,32,bully,2292,1,0,0,52,0,728,0,1,32,142651,2292,0,53,0,0,0,LEADER,1,0,0,52,0,0,0,0,0,0,0,0,0,0,0
144558,72,bully,1907,1,0,0,52,0,728,0,1,72,142651,1907,0,53,0,0,0,LEADER,1,0,0,52,0,0,0,0,0,0,0,0,0,0,0
144970,63,bully,2316,1,0,0,52,0,728,0,1,63,142654,2316,0,53,0,0,0,LEADER,1,0,0,52,0,0,0,0,0,0,0,0,0,0,0
144443,74,bully,1792,1,0,0,52,0,728,0,1,74,142651,1792,0,53,0,0,0,LEADER,1,0,0,52,0,0,0,0,0,0,0,0,0,0,0
144185,48,bully,1534,1,0,0,52,0,728,0,1,48,142651,1534,0,53,0,0,0,LEADER,1,0,0,52,0,0,0,0,0,0,0,0,0,0,0
144646,57,bully,1995,1,0,0,52,0,728,0,1,57,142651,1995,0,53,0,0,0,LEADER,1,0,0,52,0,0,0,0,0,0,0,0,0,0,0
144716,68,bully,2065,1,0,0,52,0,728,0,1,68,142651,2065,0,53,0,0,0,LEADER,1,0,0,52,0,0,0,0,0,0,0,0,0,0,0
144117,45,bully,1466,1,0,0,52,0,728,0,1,45,142651,1466,0,53,0,0,0,LEADER,1,0,0,52,0,0,0,0,0,0,0,0,0,0,0
144474,93,bully,1823,1,0,0,52,0,728,0,1,93,142651,1823,0,53,0,0,0,LEADER,1,0,0,52,0,0,0,0,0,0,0,0,0,0,0
145055,82,bully,2404,1,0,0,52,0,728,0,1,82,142651,2404,0,53,0,0,0,LEADER,1,0,0,52,0,0,0,0,0,0,0,0,0,0,0
145049,51,bully,2398,1,0,0,52,0,728,0,1,51,142651,2398,0,53,0,0,0,LEADER,1,0,0,52,0,0,0,0,0,0,0,0,0,0,0
144594,39,bully,1943,1,0,0,52,0,728,0,1,39,142651,1943,0,53,0,0,0,LEADER,1,0,0,52,0,0,0,0,0,0,0,0,0,0,0
144340,78,bully,1689,1,0,0,52,0,728,0,1,78,142651,1689,0,53,0,0,0,LEADER,1,0,0,52,0,0,0,0,0,0,0,0,0,0,0
144728,79,bully,2077,1,0,0,52,0,728,0,1,79,142651,2077,0,53,0,0,0,LEADER,1,0,0,52,0,0,0,0,0,0,0,0,0,0,0
144303,14,bully,1652,1,0,0,52,0,728,0,1,14,142651,1652,0,53,0,0,0,LEADER,1,0,0,52,0,0,0,0,0,0,0,0,0,0,0
144730,36,bully,2080,1,0,0,52,0,728,0,1,36,142650,2080,0,53,0,0,0,LEADER,1,0,0,52,0,0,0,0,0,0,0,0,0,0,0
144613,81,bully,1962,1,0,0,52,0,728,0,1,81,142651,1962,0,53,0,0,0,LEADER,1,0,0,52,0,0,0,0,0,0,0,0,0,0,0
144273,67,bully,1622,1,0,0,52,0,728,0,1,67,142651,1622,0,53,0,0,0,LEADER,1,0,0,52,0,0,0,0,0,0,0,0,0,0,0
145034,83,bully,2383,1,0,0,52,0,728,0,1,83,142651,2383,0,53,0,0,0,LEADER,1,0,0,52,0,0,0,0,0,0,0,0,0,0,0
145179,99,bully,1607,1,0,0,53,0,742,0,1,99,143572,1607,0,54,0,0,0,LEADER,1,0,0,53,0,0,0,0,0,0,0,0,0,0,0
144355,55,bully,1704,1,0,0,52,0,728,0,1,55,142651,1704,0,53,0,0,0,LEADER,1,0,0,52,0,0,0,0,0,0,0,0,0,0,0
145146,89,bully,1574,1,0,0,53,0,742,0,1,89,143572,1574,0,54,0,0,0,LEADER,1,0,0,53,0,0,0,0,0,0,0,0,0,0,0
144307,77,bully,1656,1,0,0,52,0,728,0,1,77,142651,1656,0,53,0,0,0,LEADER,1,0,0,52,0,0,0,0,0,0,0,0,0,0,0
144579,71,bully,1928,1,0,0,52,0,728,0,1,71,142651,1928,0,53,0,0,0,LEADER,1,0,0,52,0,0,0,0,0,0,0,0,0,0,0
144491,52,bully,1840,1,0,0,52,0,728,0,1,52,142651,1840,0,53,0,0,0,LEADER,1,0,0,52,0,0,0,0,0,0,0,0,0,0,0
144858,76,bully,2213,1,0,0,52,0,728,0,1,76,142645,2213,0,53,0,0,0,LEADER,1,0,0,52,0,0,0,0,0,0,0,0,0,0,0
144458,10,bully,1807,1,0,0,52,0,728,0,1,10,142651,1807,0,53,0,0,0,LEADER,1,0,0,52,0,0,0,0,0,0,0,0,0,0,0
144391,22,bully,1740,1,0,0,52,0,728,0,1,22,142651,1740,0,53,0,0,0,LEADER,1,0,0,52,0,0,0,0,0,0,0,0,0,0,0
144538,21,bully,1889,1,0,0,52,0,728,0,1,21,142649,1889,0,53,0,0,0,LEADER,1,0,0,52,0,0,0,0,0,0,0,0,0,0,0
144797,56,bully,2146,1,0,0,52,0,728,0,1,56,142651,2146,0,53,0,0,0,LEADER,1,0,0,52,0,0,0,0,0,0,0,0,0,0,0
144322,60,bully,1671,1,0,0,52,0,728,0,1,60,142651,1671,0,53,0,0,0,LEADER,1,0,0,52,0,0,0,0,0,0,0,0,0,0,0
145176,25,bully,1604,1,0,0,53,0,742,0,1,25,143572,1604,0,54,0,0,0,LEADER,1,0,0,53,0,0,0,0,0,0,0,0,0,0,0
144388,65,bully,1737,1,0,0,52,0,728,0,1,65,142651,1737,0,53,0,0,0,LEADER,1,0,0,52,0,0,0,0,0,0,0,0,0,0,0
145064,19,bully,2413,1,0,0,52,0,728,0,1,19,142651,2413,0,53,0,0,0,LEADER,1,0,0,52,0,0,0,0,0,0,0,0,0,0,0
144694,69,bully,2043,1,0,0,52,0,728,0,1,69,142651,2043,0,53,0,0,0,LEADER,1,0,0,52,0,0,0,0,0,0,0,0,0,0,0
145297,54,bully,1725,1,0,0,53,0,742,0,1,54,143572,1725,0,54,0,0,0,LEADER,1,0,0,53,0,0,0,0,0,0,0,0,0,0,0
144643,17,bully,1992,1,0,0,52,0,728,0,1,17,142651,1992,0,53,0,0,0,LEADER,1,0,0,52,0,0,0,0,0,0,0,0,0,0,0
145158,100,bully,1586,1,0,0,53,0,742,0,1,100,143572,1586,0,54,0,0,0,LEADER,1,0,0,53,0,0,0,0,0,0,0,0,0,0,0
145121,16,bully,1549,1,0,0,53,0,742,0,1,16,143572,1549,0,54,0,0,0,LEADER,1,0,0,53,0,0,0,0,0,0,0,0,0,0,0
144709,37,bully,2058,1,0,0,52,0,728,0,1,37,142651,2058,0,53,0,0,0,LEADER,1,0,0,52,0,0,0,0,0,0,0,0,0,0,0
145346,13,bully,1774,1,0,0,53,0,742,0,1,13,143572,1774,0,54,0,0,0,LEADER,1,0,0,53,0,0,0,0,0,0,0,0,0,0,0
144506,20,bully,1855,1,0,0,52,0,728,0,1,20,142651,1855,0,53,0,0,0,LEADER,1,0,0,52,0,0,0,0,0,0,0,0,0,0,0
145139,41,bully,1567,1,0,0,53,0,742,0,1,41,143572,1567,0,54,0,0,0,LEADER,1,0,0,53,0,0,0,0,0,0,0,0,0,0,0
145128,47,bully,1556,1,0,0,53,0,742,0,1,47,143572,1556,0,54,0,0,0,LEADER,1,0,0,53,0,0,0,0,0,0,0,0,0,0,0
144953,95,bully,2301,1,0,0,52,0,728,0,1,95,142652,2301,0,53,0,0,0,LEADER,1,0,0,52,0,0,0,0,0,0,0,0,0,0,0
144816,98,bully,2165,1,0,0,52,0,728,0,1,98,142651,2165,0,53,0,0,0,LEADER,1,0,0,52,0,0,0,0,0,0,0,0,0,0,0
145000,73,bully,2349,1,0,0,52,0,728,0,1,73,142651,2349,0,53,0,0,0,LEADER,1,0,0,52,0,0,0,0,0,0,0,0,0,0,0
144546,61,bully,1895,1,0,0,52,0,728,0,1,61,142651,1895,0,53,0,0,0,LEADER,1,0,0,52,0,0,0,0,0,0,0,0,0,0,0
145294,97,bully,1722,1,0,0,53,0,742,0,1,97,143572,1722,0,54,0,0,0,LEADER,1,0,0,53,0,0,0,0,0,0,0,0,0,0,0
145324,33,bully,1752,1,0,0,53,0,742,0,1,33,143572,1752,0,54,0,0,0,LEADER,1,0,0,53,0,0,0,0,0,0,0,0,0,0,0
144982,31,bully,2331,1,0,0,52,0,728,0,1,31,142651,2331,0,53,0,0,0,LEADER,1,0,0,52,0,0,0,0,0,0,0,0,0,0,0
145494,40,bully,1922,1,0,0,53,0,742,0,1,40,143572,1922,0,54,0,0,0,LEADER,1,0,0,53,0,0,0,0,0,0,0,0,0,0,0
145484,29,bully,1910,1,0,0,53,0,742,0,1,29,143574,1910,0,54,0,0,0,LEADER,1,0,0,53,0,0,0,0,0,0,0,0,0,0,0
145312,96,bully,1744,1,0,0,53,0,742,0,1,96,143568,1744,0,54,0,0,0,LEADER,1,0,0,53,0,0,0,0,0,0,0,0,0,0,0
145397,84,bully,1825,1,0,0,53,0,742,0,1,84,143572,1825,0,54,0,0,0,LEADER,1,0,0,53,0,0,0,0,0,0,0,0,0,0,0
145091,80,bully,1519,1,0,0,53,0,742,0,1,80,143572,1519,0,54,0,0,0,LEADER,1,0,0,53,0,0,0,0,0,0,0,0,0,0,0
144934,53,bully,2283,1,0,0,52,0,728,0,1,53,142651,2283,0,53,0,0,0,LEADER,1,0,0,52,0,0,0,0,0,0,0,0,0,0,0
145010,92,bully,1438,1,0,0,53,0,742,0,1,92,143572,1438,0,54,0,0,0,LEADER,1,0,0,53,0,0,0,0,0,0,0,0,0,0,0
145185,91,bully,1619,1,0,0,53,0,742,0,1,91,143566,1619,0,54,0,0,0,LEADER,1,0,0,53,0,0,0,0,0,0,0,0,0,0,0
145446,62,bully,1874,1,0,0,53,0,742,0,1,62,143572,1874,0,54,0,0,0,LEADER,1,0,0,53,0,0,0,0,0,0,0,0,0,0,0
145143,15,bully,1571,1,0,0,53,0,742,0,1,15,143572,1571,0,54,0,0,0,LEADER,1,0,0,53,0,0,0,0,0,0,0,0,0,0,0
144812,26,bully,2161,1,0,0,52,0,728,0,1,26,142651,2161,0,53,0,0,0,LEADER,1,0,0,52,0,0,0,0,0,0,0,0,0,0,0
145549,49,bully,1977,1,0,0,53,0,742,0,1,49,143572,1977,0,54,0,0,0,LEADER,1,0,0,53,0,0,0,0,0,0,0,0,0,0,0
145364,58,bully,1792,1,0,0,53,0,742,0,1,58,143572,1792,0,54,0,0,0,LEADER,1,0,0,53,0,0,0,0,0,0,0,0,0,0,0
144897,86,bully,2246,1,0,0,52,0,728,0,1,86,142651,2246,0,53,0,0,0,LEADER,1,0,0,52,0,0,0,0,0,0,0,0,0,0,0
145070,50,bully,2419,1,0,0,52,0,728,0,1,50,142651,2419,0,53,0,0,0,LEADER,1,0,0,52,0,0,0,0,0,0,0,0,0,0,0
144921,85,bully,2268,1,0,0,52,0,728,0,1,85,142653,2268,0,53,0,0,0,LEADER,1,0,0,52,0,0,0,0,0,0,0,0,0,0,0
144861,87,bully,2212,1,0,0,52,0,728,0,1,87,142649,2212,0,53,0,0,0,LEADER,1,0,0,52,0,0,0,0,0,0,0,0,0,0,0
145067,64,bully,2416,1,0,0,52,0,728,0,1,64,142651,2416,0,53,0,0,0,LEADER,1,0,0,52,0,0,0,0,0,0,0,0,0,0,0
144916,11,bully,2264,1,0,0,52,0,728,0,1,11,142652,2264,0,53,0,0,0,LEADER,1,0,0,52,0,0,0,0,0,0,0,0,0,0,0
145006,18,bully,1434,1,0,0,53,0,742,0,1,18,143572,1434,0,54,0,0,0,LEADER,1,0,0,53,0,0,0,0,0,0,0,0,0,0,0
145125,90,bully,1553,1,0,0,53,0,742,0,1,90,143572,1553,0,54,0,0,0,LEADER,1,0,0,53,0,0,0,0,0,0,0,0,0,0,0
145019,35,bully,1447,1,0,0,53,0,742,0,1,35,143572,1447,0,54,0,0,0,LEADER,1,0,0,53,0,0,0,0,0,0,0,0,0,0,0
144900,43,bully,2249,1,0,0,52,0,728,0,1,43,142651,2249,0,53,0,0,0,LEADER,1,0,0,52,0,0,0,0,0,0,0,0,0,0,0
145039,28,bully,1467,1,0,0,53,0,742,0,1,28,143572,1467,0,54,0,0,0,LEADER,1,0,0,53,0,0,0,0,0,0,0,0,0,0,0
144877,44,bully,2228,1,0,0,52,0,728,0,1,44,142649,2228,0,53,0,0,0,LEADER,1,0,0,52,0,0,0,0,0,0,0,0,0,0,0
145713,23,bully,2141,1,0,0,53,0,742,0,1,23,143572,2141,0,54,0,0,0,LEADER,1,0,0,53,0,0,0,0,0,0,0,0,0,0,0
145033,30,bully,1461,1,0,0,53,0,742,0,1,30,143572,1461,0,54,0,0,0,LEADER,1,0,0,53,0,0,0,0,0,0,0,0,0,0,0
145431,94,bully,1859,1,0,0,53,0,742,0,1,94,143572,1859,0,54,0,0,0,LEADER,1,0,0,53,0,0,0,0,0,0,0,0,0,0,0
145073,38,bully,1501,1,0,0,53,0,742,0,1,38,143572,1501,0,54,0,0,0,LEADER,1,0,0,53,0,0,0,0,0,0,0,0,0,0,0
145752,66,bully,2180,1,0,0,53,0,742,0,1,66,143572,2180,0,54,0,0,0,LEADER,1,0,0,53,0,0,0,0,0,0,0,0,0,0,0
145058,70,bully,1486,1,0,0,53,0,742,0,1,70,143572,1486,0,54,0,0,0,LEADER,1,0,0,53,0,0,0,0,0,0,0,0,0,0,0
145703,88,bully,2131,1,0,0,53,0,742,0,1,88,143572,2131,0,54,0,0,0,LEADER,1,0,0,53,0,0,0,0,0,0,0,0,0,0,0
144886,75,bully,2235,1,0,0,52,0,728,0,1,75,142651,2235,0,53,0,0,0,LEADER,1,0,0,52,0,0,0,0,0,0,0,0,0,0,0
144896,12,bully,2243,1,0,0,52,0,728,0,1,12,142653,2243,0,53,0,0,0,LEADER,1,0,0,52,0,0,0,0,0,0,0,0,0,0,0
145597,27,bully,2025,1,0,0,53,0,742,0,1,27,143572,2025,0,54,0,0,0,LEADER,1,0,0,53,0,0,0,0,0,0,0,0,0,0,0
145086,42,bully,1514,1,0,0,53,0,742,0,1,42,143572,1514,0,54,0,0,0,LEADER,1,0,0,53,0,0,0,0,0,0,0,0,0,0,0
145733,24,bully,2161,1,0,0,53,0,742,0,1,24,143572,2161,0,54,0,0,0,LEADER,1,0,0,53,0,0,0,0,0,0,0,0,0,0,0
145685,46,bully,2113,1,0,0,53,0,742,0,1,46,143572,2113,0,54,0,0,0,LEADER,1,0,0,53,0,0,0,0,0,0,0,0,0,0,0
145209,34,bully,1637,1,0,0,53,0,742,0,1,34,143572,1637,0,54,0,0,0,LEADER,1,0,0,53,0,0,0,0,0,0,0,0,0,0,0
145582,59,bully,2010,1,0,0,53,0,742,0,1,59,143572,2010,0,54,0,0,0,LEADER,1,0,0,53,0,0,0,0,0,0,0,0,0,0,0
145864,32,bully,2292,1,0,0,53,0,742,0,1,32,143572,2292,0,54,0,0,0,LEADER,1,0,0,53,0,0,0,0,0,0,0,0,0,0,0
145479,72,bully,1907,1,0,0,53,0,742,0,1,72,143572,1907,0,54,0,0,0,LEADER,1,0,0,53,0,0,0,0,0,0,0,0,0,0,0
145891,63,bully,2316,1,0,0,53,0,742,0,1,63,143575,2316,0,54,0,0,0,LEADER,1,0,0,53,0,0,0,0,0,0,0,0,0,0,0
145364,74,bully,1792,1,0,0,53,0,742,0,1,74,143572,1792,0,54,0,0,0,LEADER,1,0,0,53,0,0,0,0,0,0,0,0,0,0,0
145106,48,bully,1534,1,0,0,53,0,742,0,1,48,143572,1534,0,54,0,0,0,LEADER,1,0,0,53,0,0,0,0,0,0,0,0,0,0,0
145567,57,bully,1995,1,0,0,53,0,742,0,1,57,143572,1995,0,54,0,0,0,LEADER,1,0,0,53,0,0,0,0,0,0,0,0,0,0,0
145637,68,bully,2065,1,0,0,53,0,742,0,1,68,143572,2065,0,54,0,0,0,LEADER,1,0,0,53,0,0,0,0,0,0,0,0,0,0,0
145038,45,bully,1466,1,0,0,53,0,742,0,1,45,143572,1466,0,54,0,0,0,LEADER,1,0,0,53,0,0,0,0,0,0,0,0,0,0,0
145395,93,bully,1823,1,0,0,53,0,742,0,1,93,143572,1823,0,54,0,0,0,LEADER,1,0,0,53,0,0,0,0,0,0,0,0,0,0,0
145976,82,bully,2404,1,0,0,53,0,742,0,1,82,143572,2404,0,54,0,0,0,LEADER,1,0,0,53,0,0,0,0,0,0,0,0,0,0,0
145970,51,bully,2398,1,0,0,53,0,742,0,1,51,143572,2398,0,54,0,0,0,LEADER,1,0,0,53,0,0,0,0,0,0,0,0,0,0,0
145515,39,bully,1943,1,0,0,53,0,742,0,1,39,143572,1943,0,54,0,0,0,LEADER,1,0,0,53,0,0,0,0,0,0,0,0,0,0,0
145261,78,bully,1689,1,0,0,53,0,742,0,1,78,143572,1689,0,54,0,0,0,LEADER,1,0,0,53,0,0,0,0,0,0,0,0,0,0,0
145649,79,bully,2077,1,0,0,53,0,742,0,1,79,143572,2077,0,54,0,0,0,LEADER,1,0,0,53,0,0,0,0,0,0,0,0,0,0,0
145224,14,bully,1652,1,0,0,53,0,742,0,1,14,143572,1652,0,54,0,0,0,LEADER,1,0,0,53,0,0,0,0,0,0,0,0,0,0,0
145651,36,bully,2080,1,0,0,53,0,742,0,1,36,143571,2080,0,54,0,0,0,LEADER,1,0,0,53,0,0,0,0,0,0,0,0,0,0,0
145534,81,bully,1962,1,0,0,53,0,742,0,1,81,143572,1962,0,54,0,0,0,LEADER,1,0,0,53,0,0,0,0,0,0,0,0,0,0,0
145194,67,bully,1622,1,0,0,53,0,742,0,1,67,143572,1622,0,54,0,0,0,LEADER,1,0,0,53,0,0,0,0,0,0,0,0,0,0,0
145955,83,bully,2383,1,0,0,53,0,742,0,1,83,143572,2383,0,54,0,0,0,LEADER,1,0,0,53,0,0,0,0,0,0,0,0,0,0,0
146099,99,bully,1607,1,0,0,53,0,742,0,1,99,144492,1607,0,54,0,0,0,LEADER,1,0,0,53,0,0,0,0,0,0,0,0,0,0,0
145276,55,bully,1704,1,0,0,53,0,742,0,1,55,143572,1704,0,54,0,0,0,LEADER,1,0,0,53,0,0,0,0,0,0,0,0,0,0,0
146066,89,bully,1574,1,0,0,53,0,742,0,1,89,144492,1574,0,54,0,0,0,LEADER,1,0,0,53,0,0,0,0,0,0,0,0,0,0,0
145228,77,bully,1656,1,0,0,53,0,742,0,1,77,143572,1656,0,54,0,0,0,LEADER,1,0,0,53,0,0,0,0,0,0,0,0,0,0,0
145500,71,bully,1928,1,0,0,53,0,742,0,1,71,143572,1928,0,54,0,0,0,LEADER,1,0,0,53,0,0,0,0,0,0,0,0,0,0,0
145412,52,bully,1840,1,0,0,53,0,742,0,1,52,143572,1840,0,54,0,0,0,LEADER,1,0,0,53,0,0,0,0,0,0,0,0,0,0,0
145779,76,bully,2213,1,0,0,53,0,742,0,1,76,143566,2213,0,54,0,0,0,LEADER,1,0,0,53,0,0,0,0,0,0,0,0,0,0,0
145379,10,bully,1807,1,0,0,53,0,742,0,1,10,143572,1807,0,54,0,0,0,LEADER,1,0,0,53,0,0,0,0,0,0,0,0,0,0,0
145312,22,bully,1740,1,0,0,53,0,742,0,1,22,143572,1740,0,54,0,0,0,LEADER,1,0,0,53,0,0,0,0,0,0,0,0,0,0,0
145459,21,bully,1889,1,0,0,53,0,742,0,1,21,143570,1889,0,54,0,0,0,LEADER,1,0,0,53,0,0,0,0,0,0,0,0,0,0,0
145718,56,bully,2146,1,0,0,53,0,742,0,1,56,143572,2146,0,54,0,0,0,LEADER,1,0,0,53,0,0,0,0,0,0,0,0,0,0,0
145243,60,bully,1671,1,0,0,53,0,742,0,1,60,143572,1671,0,54,0,0,0,LEADER,1,0,0,53,0,0,0,0,0,0,0,0,0,0,0
146096,25,bully,1604,1,0,0,53,0,742,0,1,25,144492,1604,0,54,0,0,0,LEADER,1,0,0,53,0,0,0,0,0,0,0,0,0,0,0
145309,65,bully,1737,1,0,0,53,0,742,0,1,65,143572,1737,0,54,0,0,0,LEADER,1,0,0,53,0,0,0,0,0,0,0,0,0,0,0
145491,5,bully,2001,1,0,0,16,23,224,322,6,4,143490,2001,0,8,0,0,0,NORMAL,0,0,0,16,0,0,0,23,0,0,0,0,0,0,0
145985,19,bully,2413,1,0,0,53,0,742,0,1,19,143572,2413,0,54,0,0,0,LEADER,1,0,0,53,0,0,0,0,0,0,0,0,0,0,0
145615,69,bully,2043,1,0,0,53,0,742,0,1,69,143572,2043,0,54,0,0,0,LEADER,1,0,0,53,0,0,0,0,0,0,0,0,0,0,0
146217,54,bully,1725,1,0,0,53,0,742,0,1,54,144492,1725,0,54,0,0,0,LEADER,1,0,0,53,0,0,0,0,0,0,0,0,0,0,0
145564,17,bully,1992,1,0,0,53,0,742,0,1,17,143572,1992,0,54,0,0,0,LEADER,1,0,0,53,0,0,0,0,0,0,0,0,0,0,0
146078,100,bully,1586,1,0,0,53,0,742,0,1,100,144492,1586,0,54,0,0,0,LEADER,1,0,0,53,0,0,0,0,0,0,0,0,0,0,0
146041,16,bully,1549,1,0,0,53,0,742,0,1,16,144492,1549,0,54,0,0,0,LEADER,1,0,0,53,0,0,0,0,0,0,0,0,0,0,0
145630,37,bully,2058,1,0,0,53,0,742,0,1,37,143572,2058,0,54,0,0,0,LEADER,1,0,0,53,0,0,0,0,0,0,0,0,0,0,0
146266,13,bully,1774,1,0,0,53,0,742,0,1,13,144492,1774,0,54,0,0,0,LEADER,1,0,0,53,0,0,0,0,0,0,0,0,0,0,0
145427,20,bully,1855,1,0,0,53,0,742,0,1,20,143572,1855,0,54,0,0,0,LEADER,1,0,0,53,0,0,0,0,0,0,0,0,0,0,0
146059,41,bully,1567,1,0,0,53,0,742,0,1,41,144492,1567,0,54,0,0,0,LEADER,1,0,0,53,0,0,0,0,0,0,0,0,0,0,0
146048,47,bully,1556,1,0,0,53,0,742,0,1,47,144492,1556,0,54,0,0,0,LEADER,1,0,0,53,0,0,0,0,0,0,0,0,0,0,0
145874,95,bully,2301,1,0,0,53,0,742,0,1,95,143573,2301,0,54,0,0,0,LEADER,1,0,0,53,0,0,0,0,0,0,0,0,0,0,0
145737,98,bully,2165,1,0,0,53,0,742,0,1,98,143572,2165,0,54,0,0,0,LEADER,1,0,0,53,0,0,0,0,0,0,0,0,0,0,0
145921,73,bully,2349,1,0,0,53,0,742,0,1,73,143572,2349,0,54,0,0,0,LEADER,1,0,0,53,0,0,0,0,0,0,0,0,0,0,0
146244,33,bully,1752,1,0,0,53,0,742,0,1,33,144492,1752,0,54,0,0,0,LEADER,1,0,0,53,0,0,0,0,0,0,0,0,0,0,0
146214,97,bully,1722,1,0,0,53,0,742,0,1,97,144492,1722,0,54,0,0,0,LEADER,1,0,0,53,0,0,0,0,0,0,0,0,0,0,0
145467,61,bully,1895,1,0,0,53,0,742,0,1,61,143572,1895,0,54,0,0,0,LEADER,1,0,0,53,0,0,0,0,0,0,0,0,0,0,0
146414,40,bully,1922,1,0,0,53,0,742,0,1,40,144492,1922,0,54,0,0,0,LEADER,1,0,0,53,0,0,0,0,0,0,0,0,0,0,0
145903,31,bully,2331,1,0,0,53,0,742,0,1,31,143572,2331,0,54,0,0,0,LEADER,1,0,0,53,0,0,0,0,0,0,0,0,0,0,0
146404,29,bully,1910,1,0,0,53,0,742,0,1,29,144494,1910,0,54,0,0,0,LEADER,1,0,0,53,0,0,0,0,0,0,0,0,0,0,0
146232,96,bully,1744,1,0,0,53,0,742,0,1,96,144488,1744,0,54,0,0,0,LEADER,1,0,0,53,0,0,0,0,0,0,0,0,0,0,0
146317,84,bully,1825,1,0,0,53,0,742,0,1,84,144492,1825,0,54,0,0,0,LEADER,1,0,0,53,0,0,0,0,0,0,0,0,0,0,0
146011,80,bully,1519,1,0,0,53,0,742,0,1,80,144492,1519,0,54,0,0,0,LEADER,1,0,0,53,0,0,0,0,0,0,0,0,0,0,0
145855,53,bully,2283,1,0,0,53,0,742,0,1,53,143572,2283,0,54,0,0,0,LEADER,1,0,0,53,0,0,0,0,0,0,0,0,0,0,0
145930,92,bully,1438,1,0,0,53,0,742,0,1,92,144492,1438,0,54,0,0,0,LEADER,1,0,0,53,0,0,0,0,0,0,0,0,0,0,0
146105,91,bully,1619,1,0,0,53,0,742,0,1,91,144486,1619,0,54,0,0,0,LEADER,1,0,0,53,0,0,0,0,0,0,0,0,0,0,0
146366,62,bully,1874,1,0,0,53,0,742,0,1,62,144492,1874,0,54,0,0,0,LEADER,1,0,0,53,0,0,0,0,0,0,0,0,0,0,0
146063,15,bully,1571,1,0,0,53,0,742,0,1,15,144492,1571,0,54,0,0,0,LEADER,1,0,0,53,0,0,0,0,0,0,0,0,0,0,0
145733,26,bully,2161,1,0,0,53,0,742,0,1,26,143572,2161,0,54,0,0,0,LEADER,1,0,0,53,0,0,0,0,0,0,0,0,0,0,0
146469,49,bully,1977,1,0,0,53,0,742,0,1,49,144492,1977,0,54,0,0,0,LEADER,1,0,0,53,0,0,0,0,0,0,0,0,0,0,0
146284,58,bully,1792,1,0,0,53,0,742,0,1,58,144492,1792,0,54,0,0,0,LEADER,1,0,0,53,0,0,0,0,0,0,0,0,0,0,0
145818,86,bully,2246,1,0,0,53,0,742,0,1,86,143572,2246,0,54,0,0,0,LEADER,1,0,0,53,0,0,0,0,0,0,0,0,0,0,0
145991,50,bully,2419,1,0,0,53,0,742,0,1,50,143572,2419,0,54,0,0,0,LEADER,1,0,0,53,0,0,0,0,0,0,0,0,0,0,0
145842,85,bully,2268,1,0,0,53,0,742,0,1,85,143574,2268,0,54,0,0,0,LEADER,1,0,0,53,0,0,0,0,0,0,0,0,0,0,0
145781,87,bully,2212,1,0,0,53,0,742,0,1,87,143569,2212,0,54,0,0,0,LEADER,1,0,0,53,0,0,0,0,0,0,0,0,0,0,0
145988,64,bully,2416,1,0,0,53,0,742,0,1,64,143572,2416,0,54,0,0,0,LEADER,1,0,0,53,0,0,0,0,0,0,0,0,0,0,0
145926,18,bully,1434,1,0,0,53,0,742,0,1,18,144492,1434,0,54,0,0,0,LEADER,1,0,0,53,0,0,0,0,0,0,0,0,0,0,0
145837,11,bully,2264,1,0,0,53,0,742,0,1,11,143573,2264,0,54,0,0,0,LEADER,1,0,0,53,0,0,0,0,0,0,0,0,0,0,0
146045,90,bully,1553,1,0,0,53,0,742,0,1,90,144492,1553,0,54,0,0,0,LEADER,1,0,0,53,0,0,0,0,0,0,0,0,0,0,0
145939,35,bully,1447,1,0,0,53,0,742,0,1,35,144492,1447,0,54,0,0,0,LEADER,1,0,0,53,0,0,0,0,0,0,0,0,0,0,0
145821,43,bully,2249,1,0,0,53,0,742,0,1,43,143572,2249,0,54,0,0,0,LEADER,1,0,0,53,0,0,0,0,0,0,0,0,0,0,0
145959,28,bully,1467,1,0,0,53,0,742,0,1,28,144492,1467,0,54,0,0,0,LEADER,1,0,0,53,0,0,0,0,0,0,0,0,0,0,0
145798,44,bully,2228,1,0,0,53,0,742,0,1,44,143570,2228,0,54,0,0,0,LEADER,1,0,0,53,0,0,0,0,0,0,0,0,0,0,0
146633,23,bully,2141,1,0,0,53,0,742,0,1,23,144492,2141,0,54,0,0,0,LEADER,1,0,0,53,0,0,0,0,0,0,0,0,0,0,0
145953,30,bully,1461,1,0,0,53,0,742,0,1,30,144492,1461,0,54,0,0,0,LEADER,1,0,0,53,0,0,0,0,0,0,0,0,0,0,0
146351,94,bully,1859,1,0,0,53,0,742,0,1,94,144492,1859,0,54,0,0,0,LEADER,1,0,0,53,0,0,0,0,0,0,0,0,0,0,0
145993,38,bully,1501,1,0,0,53,0,742,0,1,38,144492,1501,0,54,0,0,0,LEADER,1,0,0,53,0,0,0,0,0,0,0,0,0,0,0
146672,66,bully,2180,1,0,0,53,0,742,0,1,66,144492,2180,0,54,0,0,0,LEADER,1,0,0,53,0,0,0,0,0,0,0,0,0,0,0
146078,7,bully,2253,1,0,0,15,25,210,350,6,4,143825,2253,0,7,0,0,0,NORMAL,0,0,0,15,0,0,0,25,0,0,0,0,0,0,0
145978,70,bully,1486,1,0,0,53,0,742,0,1,70,144492,1486,0,54,0,0,0,LEADER,1,0,0,53,0,0,0,0,0,0,0,0,0,0,0
146623,88,bully,2131,1,0,0,53,0,742,0,1,88,144492,2131,0,54,0,0,0,LEADER,1,0,0,53,0,0,0,0,0,0,0,0,0,0,0
145807,75,bully,2235,1,0,0,53,0,742,0,1,75,143572,2235,0,54,0,0,0,LEADER,1,0,0,53,0,0,0,0,0,0,0,0,0,0,0
145817,12,bully,2243,1,0,0,53,0,742,0,1,12,143574,2243,0,54,0,0,0,LEADER,1,0,0,53,0,0,0,0,0,0,0,0,0,0,0
146517,27,bully,2025,1,0,0,53,0,742,0,1,27,144492,2025,0,54,0,0,0,LEADER,1,0,0,53,0,0,0,0,0,0,0,0,0,0,0
146006,42,bully,1514,1,0,0,53,0,742,0,1,42,144492,1514,0,54,0,0,0,LEADER,1,0,0,53,0,0,0,0,0,0,0,0,0,0,0
146653,24,bully,2161,1,0,0,53,0,742,0,1,24,144492,2161,0,54,0,0,0,LEADER,1,0,0,53,0,0,0,0,0,0,0,0,0,0,0
146605,46,bully,2113,1,0,0,53,0,742,0,1,46,144492,2113,0,54,0,0,0,LEADER,1,0,0,53,0,0,0,0,0,0,0,0,0,0,0
146129,34,bully,1637,1,0,0,53,0,742,0,1,34,144492,1637,0,54,0,0,0,LEADER,1,0,0,53,0,0,0,0,0,0,0,0,0,0,0
146502,59,bully,2010,1,0,0,53,0,742,0,1,59,144492,2010,0,54,0,0,0,LEADER,1,0,0,53,0,0,0,0,0,0,0,0,0,0,0
146784,32,bully,2292,1,0,0,53,0,742,0,1,32,144492,2292,0,54,0,0,0,LEADER,1,0,0,53,0,0,0,0,0,0,0,0,0,0,0
146399,72,bully,1907,1,0,0,53,0,742,0,1,72,144492,1907,0,54,0,0,0,LEADER,1,0,0,53,0,0,0,0,0,0,0,0,0,0,0
146811,63,bully,2316,1,0,0,53,0,742,0,1,63,144495,2316,0,54,0,0,0,LEADER,1,0,0,53,0,0,0,0,0,0,0,0,0,0,0
146284,74,bully,1792,1,0,0,53,0,742,0,1,74,144492,1792,0,54,0,0,0,LEADER,1,0,0,53,0,0,0,0,0,0,0,0,0,0,0
146026,48,bully,1534,1,0,0,53,0,742,0,1,48,144492,1534,0,54,0,0,0,LEADER,1,0,0,53,0,0,0,0,0,0,0,0,0,0,0
146487,57,bully,1995,1,0,0,53,0,742,0,1,57,144492,1995,0,54,0,0,0,LEADER,1,0,0,53,0,0,0,0,0,0,0,0,0,0,0
146557,68,bully,2065,1,0,0,53,0,742,0,1,68,144492,2065,0,54,0,0,0,LEADER,1,0,0,53,0,0,0,0,0,0,0,0,0,0,0
145958,45,bully,1466,1,0,0,53,0,742,0,1,45,144492,1466,0,54,0,0,0,LEADER,1,0,0,53,0,0,0,0,0,0,0,0,0,0,0
146315,93,bully,1823,1,0,0,53,0,742,0,1,93,144492,1823,0,54,0,0,0,LEADER,1,0,0,53,0,0,0,0,0,0,0,0,0,0,0
146896,82,bully,2404,1,0,0,53,0,742,0,1,82,144492,2404,0,54,0,0,0,LEADER,1,0,0,53,0,0,0,0,0,0,0,0,0,0,0
146890,51,bully,2398,1,0,0,53,0,742,0,1,51,144492,2398,0,54,0,0,0,LEADER,1,0,0,53,0,0,0,0,0,0,0,0,0,0,0
146435,39,bully,1943,1,0,0,53,0,742,0,1,39,144492,1943,0,54,0,0,0,LEADER,1,0,0,53,0,0,0,0,0,0,0,0,0,0,0
146181,78,bully,1689,1,0,0,53,0,742,0,1,78,144492,1689,0,54,0,0,0,LEADER,1,0,0,53,0,0,0,0,0,0,0,0,0,0,0
146569,79,bully,2077,1,0,0,53,0,742,0,1,79,144492,2077,0,54,0,0,0,LEADER,1,0,0,53,0,0,0,0,0,0,0,0,0,0,0
146144,14,bully,1652,1,0,0,53,0,742,0,1,14,144492,1652,0,54,0,0,0,LEADER,1,0,0,53,0,0,0,0,0,0,0,0,0,0,0
146571,36,bully,2080,1,0,0,53,0,742,0,1,36,144491,2080,0,54,0,0,0,LEADER,1,0,0,53,0,0,0,0,0,0,0,0,0,0,0
146304,4,bully,2115,1,0,0,12,25,168,350,4,4,144189,2115,0,8,0,0,0,LEADER,1,0,0,12,0,0,0,25,0,0,0,0,0,0,0
146454,81,bully,1962,1,0,0,53,0,742,0,1,81,144492,1962,0,54,0,0,0,LEADER,1,0,0,53,0,0,0,0,0,0,0,0,0,0,0
146114,67,bully,1622,1,0,0,53,0,742,0,1,67,144492,1622,0,54,0,0,0,LEADER,1,0,0,53,0,0,0,0,0,0,0,0,0,0,0
146875,83,bully,2383,1,0,0,53,0,742,0,1,83,144492,2383,0,54,0,0,0,LEADER,1,0,0,53,0,0,0,0,0,0,0,0,0,0,0
147019,99,bully,1607,1,0,0,53,0,742,0,1,99,145412,1607,0,54,0,0,0,LEADER,1,0,0,53,0,0,0,0,0,0,0,0,0,0,0
146196,55,bully,1704,1,0,0,53,0,742,0,1,55,144492,1704,0,54,0,0,0,LEADER,1,0,0,53,0,0,0,0,0,0,0,0,0,0,0
146986,89,bully,1574,1,0,0,53,0,742,0,1,89,145412,1574,0,54,0,0,0,LEADER,1,0,0,53,0,0,0,0,0,0,0,0,0,0,0
146148,77,bully,1656,1,0,0,53,0,742,0,1,77,144492,1656,0,54,0,0,0,LEADER,1,0,0,53,0,0,0,0,0,0,0,0,0,0,0
146420,71,bully,1928,1,0,0,53,0,742,0,1,71,144492,1928,0,54,0,0,0,LEADER,1,0,0,53,0,0,0,0,0,0,0,0,0,0,0
146332,52,bully,1840,1,0,0,53,0,742,0,1,52,144492,1840,0,54,0,0,0,LEADER,1,0,0,53,0,0,0,0,0,0,0,0,0,0,0
146699,76,bully,2213,1,0,0,53,0,742,0,1,76,144486,2213,0,54,0,0,0,LEADER,1,0,0,53,0,0,0,0,0,0,0,0,0,0,0
146299,10,bully,1807,1,0,0,53,0,742,0,1,10,144492,1807,0,54,0,0,0,LEADER,1,0,0,53,0,0,0,0,0,0,0,0,0,0,0
146232,22,bully,1740,1,0,0,53,0,742,0,1,22,144492,1740,0,54,0,0,0,LEADER,1,0,0,53,0,0,0,0,0,0,0,0,0,0,0
146379,21,bully,1889,1,0,0,53,0,742,0,1,21,144490,1889,0,54,0,0,0,LEADER,1,0,0,53,0,0,0,0,0,0,0,0,0,0,0
146638,56,bully,2146,1,0,0,53,0,742,0,1,56,144492,2146,0,54,0,0,0,LEADER,1,0,0,53,0,0,0,0,0,0,0,0,0,0,0
146163,60,bully,1671,1,0,0,53,0,742,0,1,60,144492,1671,0,54,0,0,0,LEADER,1,0,0,53,0,0,0,0,0,0,0,0,0,0,0
147016,25,bully,1604,1,0,0,53,0,742,0,1,25,145412,1604,0,54,0,0,0,LEADER,1,0,0,53,0,0,0,0,0,0,0,0,0,0,0
146229,65,bully,1737,1,0,0,53,0,742,0,1,65,144492,1737,0,54,0,0,0,LEADER,1,0,0,53,0,0,0,0,0,0,0,0,0,0,0
146905,19,bully,2413,1,0,0,53,0,742,0,1,19,144492,2413,0,54,0,0,0,LEADER,1,0,0,53,0,0,0,0,0,0,0,0,0,0,0
146535,69,bully,2043,1,0,0,53,0,742,0,1,69,144492,2043,0,54,0,0,0,LEADER,1,0,0,53,0,0,0,0,0,0,0,0,0,0,0
147137,54,bully,1725,1,0,0,53,0,742,0,1,54,145412,1725,0,54,0,0,0,LEADER,1,0,0,53,0,0,0,0,0,0,0,0,0,0,0
146484,17,bully,1992,1,0,0,53,0,742,0,1,17,144492,1992,0,54,0,0,0,LEADER,1,0,0,53,0,0,0,0,0,0,0,0,0,0,0
146998,100,bully,1586,1,0,0,53,0,742,0,1,100,145412,1586,0,54,0,0,0,LEADER,1,0,0,53,0,0,0,0,0,0,0,0,0,0,0
146961,16,bully,1549,1,0,0,53,0,742,0,1,16,145412,1549,0,54,0,0,0,LEADER,1,0,0,53,0,0,0,0,0,0,0,0,0,0,0
146550,37,bully,2058,1,0,0,53,0,742,0,1,37,144492,2058,0,54,0,0,0,LEADER,1,0,0,53,0,0,0,0,0,0,0,0,0,0,0
147186,13,bully,1774,1,0,0,53,0,742,0,1,13,145412,1774,0,54,0,0,0,LEADER,1,0,0,53,0,0,0,0,0,0,0,0,0,0,0
146347,20,bully,1855,1,0,0,53,0,742,0,1,20,144492,1855,0,54,0,0,0,LEADER,1,0,0,53,0,0,0,0,0,0,0,0,0,0,0
146979,41,bully,1567,1,0,0,53,0,742,0,1,41,145412,1567,0,54,0,0,0,LEADER,1,0,0,53,0,0,0,0,0,0,0,0,0,0,0
146968,47,bully,1556,1,0,0,53,0,742,0,1,47,145412,1556,0,54,0,0,0,LEADER,1,0,0,53,0,0,0,0,0,0,0,0,0,0,0
146794,95,bully,2301,1,0,0,53,0,742,0,1,95,144493,2301,0,54,0,0,0,LEADER,1,0,0,53,0,0,0,0,0,0,0,0,0,0,0
146657,98,bully,2165,1,0,0,53,0,742,0,1,98,144492,2165,0,54,0,0,0,LEADER,1,0,0,53,0,0,0,0,0,0,0,0,0,0,0
146841,73,bully,2349,1,0,0,53,0,742,0,1,73,144492,2349,0,54,0,0,0,LEADER,1,0,0,53,0,0,0,0,0,0,0,0,0,0,0
147164,33,bully,1752,1,0,0,53,0,742,0,1,33,145412,1752,0,54,0,0,0,LEADER,1,0,0,53,0,0,0,0,0,0,0,0,0,0,0
147134,97,bully,1722,1,0,0,53,0,742,0,1,97,145412,1722,0,54,0,0,0,LEADER,1,0,0,53,0,0,0,0,0,0,0,0,0,0,0
146387,61,bully,1895,1,0,0,53,0,742,0,1,61,144492,1895,0,54,0,0,0,LEADER,1,0,0,53,0,0,0,0,0,0,0,0,0,0,0
147334,40,bully,1922,1,0,0,53,0,742,0,1,40,145412,1922,0,54,0,0,0,LEADER,1,0,0,53,0,0,0,0,0,0,0,0,0,0,0
146823,31,bully,2331,1,0,0,53,0,742,0,1,31,144492,2331,0,54,0,0,0,LEADER,1,0,0,53,0,0,0,0,0,0,0,0,0,0,0
147324,29,bully,1910,1,0,0,53,0,742,0,1,29,145414,1910,0,54,0,0,0,LEADER,1,0,0,53,0,0,0,0,0,0,0,0,0,0,0
147152,96,bully,1744,1,0,0,53,0,742,0,1,96,145408,1744,0,54,0,0,0,LEADER,1,0,0,53,0,0,0,0,0,0,0,0,0,0,0
147237,84,bully,1825,1,0,0,53,0,742,0,1,84,145412,1825,0,54,0,0,0,LEADER,1,0,0,53,0,0,0,0,0,0,0,0,0,0,0
146931,80,bully,1519,1,0,0,53,0,742,0,1,80,145412,1519,0,54,0,0,0,LEADER,1,0,0,53,0,0,0,0,0,0,0,0,0,0,0
146775,53,bully,2283,1,0,0,53,0,742,0,1,53,144492,2283,0,54,0,0,0,LEADER,1,0,0,53,0,0,0,0,0,0,0,0,0,0,0
146850,92,bully,1438,1,0,0,53,0,742,0,1,92,145412,1438,0,54,0,0,0,LEADER,1,0,0,53,0,0,0,0,0,0,0,0,0,0,0
147025,91,bully,1619,1,0,0,53,0,742,0,1,91,145406,1619,0,54,0,0,0,LEADER,1,0,0,53,0,0,0,0,0,0,0,0,0,0,0
147286,62,bully,1874,1,0,0,53,0,742,0,1,62,145412,1874,0,54,0,0,0,LEADER,1,0,0,53,0,0,0,0,0,0,0,0,0,0,0
146983,15,bully,1571,1,0,0,53,0,742,0,1,15,145412,1571,0,54,0,0,0,LEADER,1,0,0,53,0,0,0,0,0,0,0,0,0,0,0
146653,26,bully,2161,1,0,0,53,0,742,0,1,26,144492,2161,0,54,0,0,0,LEADER,1,0,0,53,0,0,0,0,0,0,0,0,0,0,0
147389,49,bully,1977,1,0,0,53,0,742,0,1,49,145412,1977,0,54,0,0,0,LEADER,1,0,0,53,0,0,0,0,0,0,0,0,0,0,0
147204,58,bully,1792,1,0,0,53,0,742,0,1,58,145412,1792,0,54,0,0,0,LEADER,1,0,0,53,0,0,0,0,0,0,0,0,0,0,0
146738,86,bully,2246,1,0,0,53,0,742,0,1,86,144492,2246,0,54,0,0,0,LEADER,1,0,0,53,0,0,0,0,0,0,0,0,0,0,0
146911,50,bully,2419,1,0,0,53,0,742,0,1,50,144492,2419,0,54,0,0,0,LEADER,1,0,0,53,0,0,0,0,0,0,0,0,0,0,0
146762,85,bully,2268,1,0,0,53,0,742,0,1,85,144494,2268,0,54,0,0,0,LEADER,1,0,0,53,0,0,0,0,0,0,0,0,0,0,0
146701,87,bully,2212,1,0,0,53,0,742,0,1,87,144489,2212,0,54,0,0,0,LEADER,1,0,0,53,0,0,0,0,0,0,0,0,0,0,0
146908,64,bully,2416,1,0,0,53,0,742,0,1,64,144492,2416,0,54,0,0,0,LEADER,1,0,0,53,0,0,0,0,0,0,0,0,0,0,0
146846,18,bully,1434,1,0,0,53,0,742,0,1,18,145412,1434,0,54,0,0,0,LEADER,1,0,0,53,0,0,0,0,0,0,0,0,0,0,0
146757,11,bully,2264,1,0,0,53,0,742,0,1,11,144493,2264,0,54,0,0,0,LEADER,1,0,0,53,0,0,0,0,0,0,0,0,0,0,0
146965,90,bully,1553,1,0,0,53,0,742,0,1,90,145412,1553,0,54,0,0,0,LEADER,1,0,0,53,0,0,0,0,0,0,0,0,0,0,0
146859,35,bully,1447,1,0,0,53,0,742,0,1,35,145412,1447,0,54,0,0,0,LEADER,1,0,0,53,0,0,0,0,0,0,0,0,0,0,0
146741,43,bully,2249,1,0,0,53,0,742,0,1,43,144492,2249,0,54,0,0,0,LEADER,1,0,0,53,0,0,0,0,0,0,0,0,0,0,0
146879,28,bully,1467,1,0,0,53,0,742,0,1,28,145412,1467,0,54,0,0,0,LEADER,1,0,0,53,0,0,0,0,0,0,0,0,0,0,0
146718,44,bully,2228,1,0,0,53,0,742,0,1,44,144490,2228,0,54,0,0,0,LEADER,1,0,0,53,0,0,0,0,0,0,0,0,0,0,0
147553,23,bully,2141,1,0,0,53,0,742,0,1,23,145412,2141,0,54,0,0,0,LEADER,1,0,0,53,0,0,0,0,0,0,0,0,0,0,0
146873,30,bully,1461,1,0,0,53,0,742,0,1,30,145412,1461,0,54,0,0,0,LEADER,1,0,0,53,0,0,0,0,0,0,0,0,0,0,0
147271,94,bully,1859,1,0,0,53,0,742,0,1,94,145412,1859,0,54,0,0,0,LEADER,1,0,0,53,0,0,0,0,0,0,0,0,0,0,0
146913,38,bully,1501,1,0,0,53,0,742,0,1,38,145412,1501,0,54,0,0,0,LEADER,1,0,0,53,0,0,0,0,0,0,0,0,0,0,0
147592,66,bully,2180,1,0,0,53,0,742,0,1,66,145412,2180,0,54,0,0,0,LEADER,1,0,0,53,0,0,0,0,0,0,0,0,0,0,0
146898,70,bully,1486,1,0,0,53,0,742,0,1,70,145412,1486,0,54,0,0,0,LEADER,1,0,0,53,0,0,0,0,0,0,0,0,0,0,0
147543,88,bully,2131,1,0,0,53,0,742,0,1,88,145412,2131,0,54,0,0,0,LEADER,1,0,0,53,0,0,0,0,0,0,0,0,0,0,0
146727,75,bully,2235,1,0,0,53,0,742,0,1,75,144492,2235,0,54,0,0,0,LEADER,1,0,0,53,0,0,0,0,0,0,0,0,0,0,0
147138,9,bully,2514,1,0,0,10,14,140,196,4,9,144624,2514,0,5,0,0,0,LEADER,1,0,0,10,0,0,0,14,0,0,0,0,0,0,0
146737,12,bully,2243,1,0,0,53,0,742,0,1,12,144494,2243,0,54,0,0,0,LEADER,1,0,0,53,0,0,0,0,0,0,0,0,0,0,0
147437,27,bully,2025,1,0,0,53,0,742,0,1,27,145412,2025,0,54,0,0,0,LEADER,1,0,0,53,0,0,0,0,0,0,0,0,0,0,0
146926,42,bully,1514,1,0,0,53,0,742,0,1,42,145412,1514,0,54,0,0,0,LEADER,1,0,0,53,0,0,0,0,0,0,0,0,0,0,0
147573,24,bully,2161,1,0,0,53,0,742,0,1,24,145412,2161,0,54,0,0,0,LEADER,1,0,0,53,0,0,0,0,0,0,0,0,0,0,0
147525,46,bully,2113,1,0,0,53,0,742,0,1,46,145412,2113,0,54,0,0,0,LEADER,1,0,0,53,0,0,0,0,0,0,0,0,0,0,0
147049,34,bully,1637,1,0,0,53,0,742,0,1,34,145412,1637,0,54,0,0,0,LEADER,1,0,0,53,0,0,0,0,0,0,0,0,0,0,0
147422,59,bully,2010,1,0,0,53,0,742,0,1,59,145412,2010,0,54,0,0,0,LEADER,1,0,0,53,0,0,0,0,0,0,0,0,0,0,0
147704,32,bully,2292,1,0,0,53,0,742,0,1,32,145412,2292,0,54,0,0,0,LEADER,1,0,0,53,0,0,0,0,0,0,0,0,0,0,0
147319,72,bully,1907,1,0,0,53,0,742,0,1,72,145412,1907,0,54,0,0,0,LEADER,1,0,0,53,0,0,0,0,0,0,0,0,0,0,0
147731,63,bully,2316,1,0,0,53,0,742,0,1,63,145415,2316,0,54,0,0,0,LEADER,1,0,0,53,0,0,0,0,0,0,0,0,0,0,0
147204,74,bully,1792,1,0,0,53,0,742,0,1,74,145412,1792,0,54,0,0,0,LEADER,1,0,0,53,0,0,0,0,0,0,0,0,0,0,0
146946,48,bully,1534,1,0,0,53,0,742,0,1,48,145412,1534,0,54,0,0,0,LEADER,1,0,0,53,0,0,0,0,0,0,0,0,0,0,0
147407,57,bully,1995,1,0,0,53,0,742,0,1,57,145412,1995,0,54,0,0,0,LEADER,1,0,0,53,0,0,0,0,0,0,0,0,0,0,0
147477,68,bully,2065,1,0,0,53,0,742,0,1,68,145412,2065,0,54,0,0,0,LEADER,1,0,0,53,0,0,0,0,0,0,0,0,0,0,0
146878,45,bully,1466,1,0,0,53,0,742,0,1,45,145412,1466,0,54,0,0,0,LEADER,1,0,0,53,0,0,0,0,0,0,0,0,0,0,0
147235,93,bully,1823,1,0,0,53,0,742,0,1,93,145412,1823,0,54,0,0,0,LEADER,1,0,0,53,0,0,0,0,0,0,0,0,0,0,0
147816,82,bully,2404,1,0,0,53,0,742,0,1,82,145412,2404,0,54,0,0,0,LEADER,1,0,0,53,0,0,0,0,0,0,0,0,0,0,0
147810,51,bully,2398,1,0,0,53,0,742,0,1,51,145412,2398,0,54,0,0,0,LEADER,1,0,0,53,0,0,0,0,0,0,0,0,0,0,0
147355,39,bully,1943,1,0,0,53,0,742,0,1,39,145412,1943,0,54,0,0,0,LEADER,1,0,0,53,0,0,0,0,0,0,0,0,0,0,0
147101,78,bully,1689,1,0,0,53,0,742,0,1,78,145412,1689,0,54,0,0,0,LEADER,1,0,0,53,0,0,0,0,0,0,0,0,0,0,0
147489,79,bully,2077,1,0,0,53,0,742,0,1,79,145412,2077,0,54,0,0,0,LEADER,1,0,0,53,0,0,0,0,0,0,0,0,0,0,0
147064,14,bully,1652,1,0,0,53,0,742,0,1,14,145412,1652,0,54,0,0,0,LEADER,1,0,0,53,0,0,0,0,0,0,0,0,0,0,0
147491,36,bully,2080,1,0,0,53,0,742,0,1,36,145411,2080,0,54,0,0,0,LEADER,1,0,0,53,0,0,0,0,0,0,0,0,0,0,0
147374,81,bully,1962,1,0,0,53,0,742,0,1,81,145412,1962,0,54,0,0,0,LEADER,1,0,0,53,0,0,0,0,0,0,0,0,0,0,0
147034,67,bully,1622,1,0,0,53,0,742,0,1,67,145412,1622,0,54,0,0,0,LEADER,1,0,0,53,0,0,0,0,0,0,0,0,0,0,0
147795,83,bully,2383,1,0,0,53,0,742,0,1,83,145412,2383,0,54,0,0,0,LEADER,1,0,0,53,0,0,0,0,0,0,0,0,0,0,0
147940,99,bully,1607,1,0,0,54,0,756,0,1,99,146333,1607,0,55,0,0,0,LEADER,1,0,0,54,0,0,0,0,0,0,0,0,0,0,0
147116,55,bully,1704,1,0,0,53,0,742,0,1,55,145412,1704,0,54,0,0,0,LEADER,1,0,0,53,0,0,0,0,0,0,0,0,0,0,0
147907,89,bully,1574,1,0,0,54,0,756,0,1,89,146333,1574,0,55,0,0,0,LEADER,1,0,0,54,0,0,0,0,0,0,0,0,0,0,0
147068,77,bully,1656,1,0,0,53,0,742,0,1,77,145412,1656,0,54,0,0,0,LEADER,1,0,0,53,0,0,0,0,0,0,0,0,0,0,0
147340,71,bully,1928,1,0,0,53,0,742,0,1,71,145412,1928,0,54,0,0,0,LEADER,1,0,0,53,0,0,0,0,0,0,0,0,0,0,0
147252,52,bully,1840,1,0,0,53,0,742,0,1,52,145412,1840,0,54,0,0,0,LEADER,1,0,0,53,0,0,0,0,0,0,0,0,0,0,0
147619,76,bully,2213,1,0,0,53,0,742,0,1,76,145406,2213,0,54,0,0,0,LEADER,1,0,0,53,0,0,0,0,0,0,0,0,0,0,0
147219,10,bully,1807,1,0,0,53,0,742,0,1,10,145412,1807,0,54,0,0,0,LEADER,1,0,0,53,0,0,0,0,0,0,0,0,0,0,0
147152,22,bully,1740,1,0,0,53,0,742,0,1,22,145412,1740,0,54,0,0,0,LEADER,1,0,0,53,0,0,0,0,0,0,0,0,0,0,0
147299,21,bully,1889,1,0,0,53,0,742,0,1,21,145410,1889,0,54,0,0,0,LEADER,1,0,0,53,0,0,0,0,0,0,0,0,0,0,0
147558,56,bully,2146,1,0,0,53,0,742,0,1,56,145412,2146,0,54,0,0,0,LEADER,1,0,0,53,0,0,0,0,0,0,0,0,0,0,0
147083,60,bully,1671,1,0,0,53,0,742,0,1,60,145412,1671,0,54,0,0,0,LEADER,1,0,0,53,0,0,0,0,0,0,0,0,0,0,0
147937,25,bully,1604,1,0,0,54,0,756,0,1,25,146333,1604,0,55,0,0,0,LEADER,1,0,0,54,0,0,0,0,0,0,0,0,0,0,0
147149,65,bully,1737,1,0,0,53,0,742,0,1,65,145412,1737,0,54,0,0,0,LEADER,1,0,0,53,0,0,0,0,0,0,0,0,0,0,0
147825,19,bully,2413,1,0,0,53,0,742,0,1,19,145412,2413,0,54,0,0,0,LEADER,1,0,0,53,0,0,0,0,0,0,0,0,0,0,0
147455,69,bully,2043,1,0,0,53,0,742,0,1,69,145412,2043,0,54,0,0,0,LEADER,1,0,0,53,0,0,0,0,0,0,0,0,0,0,0
148058,54,bully,1725,1,0,0,54,0,756,0,1,54,146333,1725,0,55,0,0,0,LEADER,1,0,0,54,0,0,0,0,0,0,0,0,0,0,0
147404,17,bully,1992,1,0,0,53,0,742,0,1,17,145412,1992,0,54,0,0,0,LEADER,1,0,0,53,0,0,0,0,0,0,0,0,0,0,0
147919,100,bully,1586,1,0,0,54,0,756,0,1,100,146333,1586,0,55,0,0,0,LEADER,1,0,0,54,0,0,0,0,0,0,0,0,0,0,0
147882,16,bully,1549,1,0,0,54,0,756,0,1,16,146333,1549,0,55,0,0,0,LEADER,1,0,0,54,0,0,0,0,0,0,0,0,0,0,0
147470,37,bully,2058,1,0,0,53,0,742,0,1,37,145412,2058,0,54,0,0,0,LEADER,1,0,0,53,0,0,0,0,0,0,0,0,0,0,0
148107,13,bully,1774,1,0,0,54,0,756,0,1,13,146333,1774,0,55,0,0,0,LEADER,1,0,0,54,0,0,0,0,0,0,0,0,0,0,0
147267,20,bully,1855,1,0,0,53,0,742,0,1,20,145412,1855,0,54,0,0,0,LEADER,1,0,0,53,0,0,0,0,0,0,0,0,0,0,0
147900,41,bully,1567,1,0,0,54,0,756,0,1,41,146333,1567,0,55,0,0,0,LEADER,1,0,0,54,0,0,0,0,0,0,0,0,0,0,0
147889,47,bully,1556,1,0,0,54,0,756,0,1,47,146333,1556,0,55,0,0,0,LEADER,1,0,0,54,0,0,0,0,0,0,0,0,0,0,0
147714,95,bully,2301,1,0,0,53,0,742,0,1,95,145413,2301,0,54,0,0,0,LEADER,1,0,0,53,0,0,0,0,0,0,0,0,0,0,0
147577,98,bully,2165,1,0,0,53,0,742,0,1,98,145412,2165,0,54,0,0,0,LEADER,1,0,0,53,0,0,0,0,0,0,0,0,0,0,0
147761,73,bully,2349,1,0,0,53,0,742,0,1,73,145412,2349,0,54,0,0,0,LEADER,1,0,0,53,0,0,0,0,0,0,0,0,0,0,0
147307,61,bully,1895,1,0,0,53,0,742,0,1,61,145412,1895,0,54,0,0,0,LEADER,1,0,0,53,0,0,0,0,0,0,0,0,0,0,0
148055,97,bully,1722,1,0,0,54,0,756,0,1,97,146333,1722,0,55,0,0,0,LEADER,1,0,0,54,0,0,0,0,0,0,0,0,0,0,0
148085,33,bully,1752,1,0,0,54,0,756,0,1,33,146333,1752,0,55,0,0,0,LEADER,1,0,0,54,0,0,0,0,0,0,0,0,0,0,0
147743,31,bully,2331,1,0,0,53,0,742,0,1,31,145412,2331,0,54,0,0,0,LEADER,1,0,0,53,0,0,0,0,0,0,0,0,0,0,0
148255,40,bully,1922,1,0,0,54,0,756,0,1,40,146333,1922,0,55,0,0,0,LEADER,1,0,0,54,0,0,0,0,0,0,0,0,0,0,0
148245,29,bully,1910,1,0,0,54,0,756,0,1,29,146335,1910,0,55,0,0,0,LEADER,1,0,0,54,0,0,0,0,0,0,0,0,0,0,0
148073,96,bully,1744,1,0,0,54,0,756,0,1,96,146329,1744,0,55,0,0,0,LEADER,1,0,0,54,0,0,0,0,0,0,0,0,0,0,0
148158,84,bully,1825,1,0,0,54,0,756,0,1,84,146333,1825,0,55,0,0,0,LEADER,1,0,0,54,0,0,0,0,0,0,0,0,0,0,0
147852,80,bully,1519,1,0,0,54,0,756,0,1,80,146333,1519,0,55,0,0,0,LEADER,1,0,0,54,0,0,0,0,0,0,0,0,0,0,0
147695,53,bully,2283,1,0,0,53,0,742,0,1,53,145412,2283,0,54,0,0,0,LEADER,1,0,0,53,0,0,0,0,0,0,0,0,0,0,0
147771,92,bully,1438,1,0,0,54,0,756,0,1,92,146333,1438,0,55,0,0,0,LEADER,1,0,0,54,0,0,0,0,0,0,0,0,0,0,0
147946,91,bully,1619,1,0,0,54,0,756,0,1,91,146327,1619,0,55,0,0,0,LEADER,1,0,0,54,0,0,0,0,0,0,0,0,0,0,0
148207,62,bully,1874,1,0,0,54,0,756,0,1,62,146333,1874,0,55,0,0,0,LEADER,1,0,0,54,0,0,0,0,0,0,0,0,0,0,0
147904,15,bully,1571,1,0,0,54,0,756,0,1,15,146333,1571,0,55,0,0,0,LEADER,1,0,0,54,0,0,0,0,0,0,0,0,0,0,0
147573,26,bully,2161,1,0,0,53,0,742,0,1,26,145412,2161,0,54,0,0,0,LEADER,1,0,0,53,0,0,0,0,0,0,0,0,0,0,0
148310,49,bully,1977,1,0,0,54,0,756,0,1,49,146333,1977,0,55,0,0,0,LEADER,1,0,0,54,0,0,0,0,0,0,0,0,0,0,0
148125,58,bully,1792,1,0,0,54,0,756,0,1,58,146333,1792,0,55,0,0,0,LEADER,1,0,0,54,0,0,0,0,0,0,0,0,0,0,0
147658,86,bully,2246,1,0,0,53,0,742,0,1,86,145412,2246,0,54,0,0,0,LEADER,1,0,0,53,0,0,0,0,0,0,0,0,0,0,0
147831,50,bully,2419,1,0,0,53,0,742,0,1,50,145412,2419,0,54,0,0,0,LEADER,1,0,0,53,0,0,0,0,0,0,0,0,0,0,0
147682,85,bully,2268,1,0,0,53,0,742,0,1,85,145414,2268,0,54,0,0,0,LEADER,1,0,0,53,0,0,0,0,0,0,0,0,0,0,0
147621,87,bully,2212,1,0,0,53,0,742,0,1,87,145409,2212,0,54,0,0,0,LEADER,1,0,0,53,0,0,0,0,0,0,0,0,0,0,0
147828,64,bully,2416,1,0,0,53,0,742,0,1,64,145412,2416,0,54,0,0,0,LEADER,1,0,0,53,0,0,0,0,0,0,0,0,0,0,0
147677,11,bully,2264,1,0,0,53,0,742,0,1,11,145413,2264,0,54,0,0,0,LEADER,1,0,0,53,0,0,0,0,0,0,0,0,0,0,0
147767,18,bully,1434,1,0,0,54,0,756,0,1,18,146333,1434,0,55,0,0,0,LEADER,1,0,0,54,0,0,0,0,0,0,0,0,0,0,0
147886,90,bully,1553,1,0,0,54,0,756,0,1,90,146333,1553,0,55,0,0,0,LEADER,1,0,0,54,0,0,0,0,0,0,0,0,0,0,0
147780,35,bully,1447,1,0,0,54,0,756,0,1,35,146333,1447,0,55,0,0,0,LEADER,1,0,0,54,0,0,0,0,0,0,0,0,0,0,0
147661,43,bully,2249,1,0,0,53,0,742,0,1,43,145412,2249,0,54,0,0,0,LEADER,1,0,0,53,0,0,0,0,0,0,0,0,0,0,0
147800,28,bully,1467,1,0,0,54,0,756,0,1,28,146333,1467,0,55,0,0,0,LEADER,1,0,0,54,0,0,0,0,0,0,0,0,0,0,0
147638,44,bully,2228,1,0,0,53,0,742,0,1,44,145410,2228,0,54,0,0,0,LEADER,1,0,0,53,0,0,0,0,0,0,0,0,0,0,0
148474,23,bully,2141,1,0,0,54,0,756,0,1,23,146333,2141,0,55,0,0,0,LEADER,1,0,0,54,0,0,0,0,0,0,0,0,0,0,0
147794,30,bully,1461,1,0,0,54,0,756,0,1,30,146333,1461,0,55,0,0,0,LEADER,1,0,0,54,0,0,0,0,0,0,0,0,0,0,0
148192,94,bully,1859,1,0,0,54,0,756,0,1,94,146333,1859,0,55,0,0,0,LEADER,1,0,0,54,0,0,0,0,0,0,0,0,0,0,0
147834,38,bully,1501,1,0,0,54,0,756,0,1,38,146333,1501,0,55,0,0,0,LEADER,1,0,0,54,0,0,0,0,0,0,0,0,0,0,0
148513,66,bully,2180,1,0,0,54,0,756,0,1,66,146333,2180,0,55,0,0,0,LEADER,1,0,0,54,0,0,0,0,0,0,0,0,0,0,0
147819,70,bully,1486,1,0,0,54,0,756,0,1,70,146333,1486,0,55,0,0,0,LEADER,1,0,0,54,0,0,0,0,0,0,0,0,0,0,0
148464,88,bully,2131,1,0,0,54,0,756,0,1,88,146333,2131,0,55,0,0,0,LEADER,1,0,0,54,0,0,0,0,0,0,0,0,0,0,0
147647,75,bully,2235,1,0,0,53,0,742,0,1,75,145412,2235,0,54,0,0,0,LEADER,1,0,0,53,0,0,0,0,0,0,0,0,0,0,0
147657,12,bully,2243,1,0,0,53,0,742,0,1,12,145414,2243,0,54,0,0,0,LEADER,1,0,0,53,0,0,0,0,0,0,0,0,0,0,0
148358,27,bully,2025,1,0,0,54,0,756,0,1,27,146333,2025,0,55,0,0,0,LEADER,1,0,0,54,0,0,0,0,0,0,0,0,0,0,0
148089,8,bully,2467,1,0,0,15,25,210,350,5,4,145622,2467,0,7,0,0,0,NORMAL,0,0,0,15,0,0,0,25,0,0,0,0,0,0,0
147847,42,bully,1514,1,0,0,54,0,756,0,1,42,146333,1514,0,55,0,0,0,LEADER,1,0,0,54,0,0,0,0,0,0,0,0,0,0,0
148494,24,bully,2161,1,0,0,54,0,756,0,1,24,146333,2161,0,55,0,0,0,LEADER,1,0,0,54,0,0,0,0,0,0,0,0,0,0,0
148446,46,bully,2113,1,0,0,54,0,756,0,1,46,146333,2113,0,55,0,0,0,LEADER,1,0,0,54,0,0,0,0,0,0,0,0,0,0,0
148343,59,bully,2010,1,0,0,54,0,756,0,1,59,146333,2010,0,55,0,0,0,LEADER,1,0,0,54,0,0,0,0,0,0,0,0,0,0,0
147970,34,bully,1637,1,0,0,54,0,756,0,1,34,146333,1637,0,55,0,0,0,LEADER,1,0,0,54,0,0,0,0,0,0,0,0,0,0,0
148625,32,bully,2292,1,0,0,54,0,756,0,1,32,146333,2292,0,55,0,0,0,LEADER,1,0,0,54,0,0,0,0,0,0,0,0,0,0,0
148240,72,bully,1907,1,0,0,54,0,756,0,1,72,146333,1907,0,55,0,0,0,LEADER,1,0,0,54,0,0,0,0,0,0,0,0,0,0,0
148652,63,bully,2316,1,0,0,54,0,756,0,1,63,146336,2316,0,55,0,0,0,LEADER,1,0,0,54,0,0,0,0,0,0,0,0,0,0,0
148125,74,bully,1792,1,0,0,54,0,756,0,1,74,146333,1792,0,55,0,0,0,LEADER,1,0,0,54,0,0,0,0,0,0,0,0,0,0,0
147867,48,bully,1534,1,0,0,54,0,756,0,1,48,146333,1534,0,55,0,0,0,LEADER,1,0,0,54,0,0,0,0,0,0,0,0,0,0,0
148328,57,bully,1995,1,0,0,54,0,756,0,1,57,146333,1995,0,55,0,0,0,LEADER,1,0,0,54,0,0,0,0,0,0,0,0,0,0,0
148398,68,bully,2065,1,0,0,54,0,756,0,1,68,146333,2065,0,55,0,0,0,LEADER,1,0,0,54,0,0,0,0,0,0,0,0,0,0,0
147799,45,bully,1466,1,0,0,54,0,756,0,1,45,146333,1466,0,55,0,0,0,LEADER,1,0,0,54,0,0,0,0,0,0,0,0,0,0,0
148156,93,bully,1823,1,0,0,54,0,756,0,1,93,146333,1823,0,55,0,0,0,LEADER,1,0,0,54,0,0,0,0,0,0,0,0,0,0,0
148737,82,bully,2404,1,0,0,54,0,756,0,1,82,146333,2404,0,55,0,0,0,LEADER,1,0,0,54,0,0,0,0,0,0,0,0,0,0,0
148731,51,bully,2398,1,0,0,54,0,756,0,1,51,146333,2398,0,55,0,0,0,LEADER,1,0,0,54,0,0,0,0,0,0,0,0,0,0,0
148276,39,bully,1943,1,0,0,54,0,756,0,1,39,146333,1943,0,55,0,0,0,LEADER,1,0,0,54,0,0,0,0,0,0,0,0,0,0,0
148022,78,bully,1689,1,0,0,54,0,756,0,1,78,146333,1689,0,55,0,0,0,LEADER,1,0,0,54,0,0,0,0,0,0,0,0,0,0,0
148410,79,bully,2077,1,0,0,54,0,756,0,1,79,146333,2077,0,55,0,0,0,LEADER,1,0,0,54,0,0,0,0,0,0,0,0,0,0,0
147985,14,bully,1652,1,0,0,54,0,756,0,1,14,146333,1652,0,55,0,0,0,LEADER,1,0,0,54,0,0,0,0,0,0,0,0,0,0,0
148412,36,bully,2080,1,0,0,54,0,756,0,1,36,146332,2080,0,55,0,0,0,LEADER,1,0,0,54,0,0,0,0,0,0,0,0,0,0,0
148295,81,bully,1962,1,0,0,54,0,756,0,1,81,146333,1962,0,55,0,0,0,LEADER,1,0,0,54,0,0,0,0,0,0,0,0,0,0,0
147955,67,bully,1622,1,0,0,54,0,756,0,1,67,146333,1622,0,55,0,0,0,LEADER,1,0,0,54,0,0,0,0,0,0,0,0,0,0,0
148716,83,bully,2383,1,0,0,54,0,756,0,1,83,146333,2383,0,55,0,0,0,LEADER,1,0,0,54,0,0,0,0,0,0,0,0,0,0,0
148860,99,bully,1607,1,0,0,54,0,756,0,1,99,147253,1607,0,55,0,0,0,LEADER,1,0,0,54,0,0,0,0,0,0,0,0,0,0,0
148037,55,bully,1704,1,0,0,54,0,756,0,1,55,146333,1704,0,55,0,0,0,LEADER,1,0,0,54,0,0,0,0,0,0,0,0,0,0,0
148827,89,bully,1574,1,0,0,54,0,756,0,1,89,147253,1574,0,55,0,0,0,LEADER,1,0,0,54,0,0,0,0,0,0,0,0,0,0,0
147989,77,bully,1656,1,0,0,54,0,756,0,1,77,146333,1656,0,55,0,0,0,LEADER,1,0,0,54,0,0,0,0,0,0,0,0,0,0,0
148261,71,bully,1928,1,0,0,54,0,756,0,1,71,146333,1928,0,55,0,0,0,LEADER,1,0,0,54,0,0,0,0,0,0,0,0,0,0,0
148173,52,bully,1840,1,0,0,54,0,756,0,1,52,146333,1840,0,55,0,0,0,LEADER,1,0,0,54,0,0,0,0,0,0,0,0,0,0,0
148540,76,bully,2213,1,0,0,54,0,756,0,1,76,146327,2213,0,55,0,0,0,LEADER,1,0,0,54,0,0,0,0,0,0,0,0,0,0,0
148140,10,bully,1807,1,0,0,54,0,756,0,1,10,146333,1807,0,55,0,0,0,LEADER,1,0,0,54,0,0,0,0,0,0,0,0,0,0,0
148073,22,bully,1740,1,0,0,54,0,756,0,1,22,146333,1740,0,55,0,0,0,LEADER,1,0,0,54,0,0,0,0,0,0,0,0,0,0,0
148220,21,bully,1889,1,0,0,54,0,756,0,1,21,146331,1889,0,55,0,0,0,LEADER,1,0,0,54,0,0,0,0,0,0,0,0,0,0,0
148479,56,bully,2146,1,0,0,54,0,756,0,1,56,146333,2146,0,55,0,0,0,LEADER,1,0,0,54,0,0,0,0,0,0,0,0,0,0,0
148004,60,bully,1671,1,0,0,54,0,756,0,1,60,146333,1671,0,55,0,0,0,LEADER,1,0,0,54,0,0,0,0,0,0,0,0,0,0,0
148857,25,bully,1604,1,0,0,54,0,756,0,1,25,147253,1604,0,55,0,0,0,LEADER,1,0,0,54,0,0,0,0,0,0,0,0,0,0,0
148070,65,bully,1737,1,0,0,54,0,756,0,1,65,146333,1737,0,55,0,0,0,LEADER,1,0,0,54,0,0,0,0,0,0,0,0,0,0,0
148746,19,bully,2413,1,0,0,54,0,756,0,1,19,146333,2413,0,55,0,0,0,LEADER,1,0,0,54,0,0,0,0,0,0,0,0,0,0,0
148376,69,bully,2043,1,0,0,54,0,756,0,1,69,146333,2043,0,55,0,0,0,LEADER,1,0,0,54,0,0,0,0,0,0,0,0,0,0,0
148978,54,bully,1725,1,0,0,54,0,756,0,1,54,147253,1725,0,55,0,0,0,LEADER,1,0,0,54,0,0,0,0,0,0,0,0,0,0,0
148325,17,bully,1992,1,0,0,54,0,756,0,1,17,146333,1992,0,55,0,0,0,LEADER,1,0,0,54,0,0,0,0,0,0,0,0,0,0,0
148839,100,bully,1586,1,0,0,54,0,756,0,1,100,147253,1586,0,55,0,0,0,LEADER,1,0,0,54,0,0,0,0,0,0,0,0,0,0,0
148802,16,bully,1549,1,0,0,54,0,756,0,1,16,147253,1549,0,55,0,0,0,LEADER,1,0,0,54,0,0,0,0,0,0,0,0,0,0,0
148391,37,bully,2058,1,0,0,54,0,756,0,1,37,146333,2058,0,55,0,0,0,LEADER,1,0,0,54,0,0,0,0,0,0,0,0,0,0,0
149027,13,bully,1774,1,0,0,54,0,756,0,1,13,147253,1774,0,55,0,0,0,LEADER,1,0,0,54,0,0,0,0,0,0,0,0,0,0,0
148188,20,bully,1855,1,0,0,54,0,756,0,1,20,146333,1855,0,55,0,0,0,LEADER,1,0,0,54,0,0,0,0,0,0,0,0,0,0,0
148820,41,bully,1567,1,0,0,54,0,756,0,1,41,147253,1567,0,55,0,0,0,LEADER,1,0,0,54,0,0,0,0,0,0,0,0,0,0,0
148809,47,bully,1556,1,0,0,54,0,756,0,1,47,147253,1556,0,55,0,0,0,LEADER,1,0,0,54,0,0,0,0,0,0,0,0,0,0,0
148635,95,bully,2301,1,0,0,54,0,756,0,1,95,146334,2301,0,55,0,0,0,LEADER,1,0,0,54,0,0,0,0,0,0,0,0,0,0,0
148498,98,bully,2165,1,0,0,54,0,756,0,1,98,146333,2165,0,55,0,0,0,LEADER,1,0,0,54,0,0,0,0,0,0,0,0,0,0,0
148682,73,bully,2349,1,0,0,54,0,756,0,1,73,146333,2349,0,55,0,0,0,LEADER,1,0,0,54,0,0,0,0,0,0,0,0,0,0,0
149005,33,bully,1752,1,0,0,54,0,756,0,1,33,147253,1752,0,55,0,0,0,LEADER,1,0,0,54,0,0,0,0,0,0,0,0,0,0,0
148975,97,bully,1722,1,0,0,54,0,756,0,1,97,147253,1722,0,55,0,0,0,LEADER,1,0,0,54,0,0,0,0,0,0,0,0,0,0,0
148228,61,bully,1895,1,0,0,54,0,756,0,1,61,146333,1895,0,55,0,0,0,LEADER,1,0,0,54,0,0,0,0,0,0,0,0,0,0,0
149175,40,bully,1922,1,0,0,54,0,756,0,1,40,147253,1922,0,55,0,0,0,LEADER,1,0,0,54,0,0,0,0,0,0,0,0,0,0,0
148664,31,bully,2331,1,0,0,54,0,756,0,1,31,146333,2331,0,55,0,0,0,LEADER,1,0,0,54,0,0,0,0,0,0,0,0,0,0,0
149165,29,bully,1910,1,0,0,54,0,756,0,1,29,147255,1910,0,55,0,0,0,LEADER,1,0,0,54,0,0,0,0,0,0,0,0,0,0,0
148993,96,bully,1744,1,0,0,54,0,756,0,1,96,147249,1744,0,55,0,0,0,LEADER,1,0,0,54,0,0,0,0,0,0,0,0,0,0,0
149078,84,bully,1825,1,0,0,54,0,756,0,1,84,147253,1825,0,55,0,0,0,LEADER,1,0,0,54,0,0,0,0,0,0,0,0,0,0,0
148772,80,bully,1519,1,0,0,54,0,756,0,1,80,147253,1519,0,55,0,0,0,LEADER,1,0,0,54,0,0,0,0,0,0,0,0,0,0,0
148616,53,bully,2283,1,0,0,54,0,756,0,1,53,146333,2283,0,55,0,0,0,LEADER,1,0,0,54,0,0,0,0,0,0,0,0,0,0,0
148691,92,bully,1438,1,0,0,54,0,756,0,1,92,147253,1438,0,55,0,0,0,LEADER,1,0,0,54,0,0,0,0,0,0,0,0,0,0,0
148866,91,bully,1619,1,0,0,54,0,756,0,1,91,147247,1619,0,55,0,0,0,LEADER,1,0,0,54,0,0,0,0,0,0,0,0,0,0,0
149127,62,bully,1874,1,0,0,54,0,756,0,1,62,147253,1874,0,55,0,0,0,LEADER,1,0,0,54,0,0,0,0,0,0,0,0,0,0,0
148824,15,bully,1571,1,0,0,54,0,756,0,1,15,147253,1571,0,55,0,0,0,LEADER,1,0,0,54,0,0,0,0,0,0,0,0,0,0,0
148494,26,bully,2161,1,0,0,54,0,756,0,1,26,146333,2161,0,55,0,0,0,LEADER,1,0,0,54,0,0,0,0,0,0,0,0,0,0,0
149230,49,bully,1977,1,0,0,54,0,756,0,1,49,147253,1977,0,55,0,0,0,LEADER,1,0,0,54,0,0,0,0,0,0,0,0,0,0,0
149045,58,bully,1792,1,0,0,54,0,756,0,1,58,147253,1792,0,55,0,0,0,LEADER,1,0,0,54,0,0,0,0,0,0,0,0,0,0,0
148579,86,bully,2246,1,0,0,54,0,756,0,1,86,146333,2246,0,55,0,0,0,LEADER,1,0,0,54,0,0,0,0,0,0,0,0,0,0,0
148752,50,bully,2419,1,0,0,54,0,756,0,1,50,146333,2419,0,55,0,0,0,LEADER,1,0,0,54,0,0,0,0,0,0,0,0,0,0,0
148603,85,bully,2268,1,0,0,54,0,756,0,1,85,146335,2268,0,55,0,0,0,LEADER,1,0,0,54,0,0,0,0,0,0,0,0,0,0,0
148542,87,bully,2212,1,0,0,54,0,756,0,1,87,146330,2212,0,55,0,0,0,LEADER,1,0,0,54,0,0,0,0,0,0,0,0,0,0,0
148749,64,bully,2416,1,0,0,54,0,756,0,1,64,146333,2416,0,55,0,0,0,LEADER,1,0,0,54,0,0,0,0,0,0,0,0,0,0,0
148687,18,bully,1434,1,0,0,54,0,756,0,1,18,147253,1434,0,55,0,0,0,LEADER,1,0,0,54,0,0,0,0,0,0,0,0,0,0,0
148598,11,bully,2264,1,0,0,54,0,756,0,1,11,146334,2264,0,55,0,0,0,LEADER,1,0,0,54,0,0,0,0,0,0,0,0,0,0,0
148806,90,bully,1553,1,0,0,54,0,756,0,1,90,147253,1553,0,55,0,0,0,LEADER,1,0,0,54,0,0,0,0,0,0,0,0,0,0,0
148700,35,bully,1447,1,0,0,54,0,756,0,1,35,147253,1447,0,55,0,0,0,LEADER,1,0,0,54,0,0,0,0,0,0,0,0,0,0,0
148582,43,bully,2249,1,0,0,54,0,756,0,1,43,146333,2249,0,55,0,0,0,LEADER,1,0,0,54,0,0,0,0,0,0,0,0,0,0,0
148720,28,bully,1467,1,0,0,54,0,756,0,1,28,147253,1467,0,55,0,0,0,LEADER,1,0,0,54,0,0,0,0,0,0,0,0,0,0,0
148559,44,bully,2228,1,0,0,54,0,756,0,1,44,146331,2228,0,55,0,0,0,LEADER,1,0,0,54,0,0,0,0,0,0,0,0,0,0,0
149394,23,bully,2141,1,0,0,54,0,756,0,1,23,147253,2141,0,55,0,0,0,LEADER,1,0,0,54,0,0,0,0,0,0,0,0,0,0,0
148714,30,bully,1461,1,0,0,54,0,756,0,1,30,147253,1461,0,55,0,0,0,LEADER,1,0,0,54,0,0,0,0,0,0,0,0,0,0,0
149112,94,bully,1859,1,0,0,54,0,756,0,1,94,147253,1859,0,55,0,0,0,LEADER,1,0,0,54,0,0,0,0,0,0,0,0,0,0,0
148754,38,bully,1501,1,0,0,54,0,756,0,1,38,147253,1501,0,55,0,0,0,LEADER,1,0,0,54,0,0,0,0,0,0,0,0,0,0,0
149433,66,bully,2180,1,0,0,54,0,756,0,1,66,147253,2180,0,55,0,0,0,LEADER,1,0,0,54,0,0,0,0,0,0,0,0,0,0,0
148739,70,bully,1486,1,0,0,54,0,756,0,1,70,147253,1486,0,55,0,0,0,LEADER,1,0,0,54,0,0,0,0,0,0,0,0,0,0,0
149384,88,bully,2131,1,0,0,54,0,756,0,1,88,147253,2131,0,55,0,0,0,LEADER,1,0,0,54,0,0,0,0,0,0,0,0,0,0,0
148568,75,bully,2235,1,0,0,54,0,756,0,1,75,146333,2235,0,55,0,0,0,LEADER,1,0,0,54,0,0,0,0,0,0,0,0,0,0,0
148578,12,bully,2243,1,0,0,54,0,756,0,1,12,146335,2243,0,55,0,0,0,LEADER,1,0,0,54,0,0,0,0,0,0,0,0,0,0,0
149278,27,bully,2025,1,0,0,54,0,756,0,1,27,147253,2025,0,55,0,0,0,LEADER,1,0,0,54,0,0,0,0,0,0,0,0,0,0,0
148767,42,bully,1514,1,0,0,54,0,756,0,1,42,147253,1514,0,55,0,0,0,LEADER,1,0,0,54,0,0,0,0,0,0,0,0,0,0,0
149414,24,bully,2161,1,0,0,54,0,756,0,1,24,147253,2161,0,55,0,0,0,LEADER,1,0,0,54,0,0,0,0,0,0,0,0,0,0,0
149366,46,bully,2113,1,0,0,54,0,756,0,1,46,147253,2113,0,55,0,0,0,LEADER,1,0,0,54,0,0,0,0,0,0,0,0,0,0,0
149263,59,bully,2010,1,0,0,54,0,756,0,1,59,147253,2010,0,55,0,0,0,LEADER,1,0,0,54,0,0,0,0,0,0,0,0,0,0,0
148890,34,bully,1637,1,0,0,54,0,756,0,1,34,147253,1637,0,55,0,0,0,LEADER,1,0,0,54,0,0,0,0,0,0,0,0,0,0,0
149545,32,bully,2292,1,0,0,54,0,756,0,1,32,147253,2292,0,55,0,0,0,LEADER,1,0,0,54,0,0,0,0,0,0,0,0,0,0,0
149160,72,bully,1907,1,0,0,54,0,756,0,1,72,147253,1907,0,55,0,0,0,LEADER,1,0,0,54,0,0,0,0,0,0,0,0,0,0,0
149572,63,bully,2316,1,0,0,54,0,756,0,1,63,147256,2316,0,55,0,0,0,LEADER,1,0,0,54,0,0,0,0,0,0,0,0,0,0,0
149045,74,bully,1792,1,0,0,54,0,756,0,1,74,147253,1792,0,55,0,0,0,LEADER,1,0,0,54,0,0,0,0,0,0,0,0,0,0,0
148787,48,bully,1534,1,0,0,54,0,756,0,1,48,147253,1534,0,55,0,0,0,LEADER,1,0,0,54,0,0,0,0,0,0,0,0,0,0,0
149248,57,bully,1995,1,0,0,54,0,756,0,1,57,147253,1995,0,55,0,0,0,LEADER,1,0,0,54,0,0,0,0,0,0,0,0,0,0,0
149318,68,bully,2065,1,0,0,54,0,756,0,1,68,147253,2065,0,55,0,0,0,LEADER,1,0,0,54,0,0,0,0,0,0,0,0,0,0,0
148719,45,bully,1466,1,0,0,54,0,756,0,1,45,147253,1466,0,55,0,0,0,LEADER,1,0,0,54,0,0,0,0,0,0,0,0,0,0,0
149076,93,bully,1823,1,0,0,54,0,756,0,1,93,147253,1823,0,55,0,0,0,LEADER,1,0,0,54,0,0,0,0,0,0,0,0,0,0,0
149657,82,bully,2404,1,0,0,54,0,756,0,1,82,147253,2404,0,55,0,0,0,LEADER,1,0,0,54,0,0,0,0,0,0,0,0,0,0,0
149651,51,bully,2398,1,0,0,54,0,756,0,1,51,147253,2398,0,55,0,0,0,LEADER,1,0,0,54,0,0,0,0,0,0,0,0,0,0,0
149196,39,bully,1943,1,0,0,54,0,756,0,1,39,147253,1943,0,55,0,0,0,LEADER,1,0,0,54,0,0,0,0,0,0,0,0,0,0,0
148942,78,bully,1689,1,0,0,54,0,756,0,1,78,147253,1689,0,55,0,0,0,LEADER,1,0,0,54,0,0,0,0,0,0,0,0,0,0,0
149330,79,bully,2077,1,0,0,54,0,756,0,1,79,147253,2077,0,55,0,0,0,LEADER,1,0,0,54,0,0,0,0,0,0,0,0,0,0,0
148905,14,bully,1652,1,0,0,54,0,756,0,1,14,147253,1652,0,55,0,0,0,LEADER,1,0,0,54,0,0,0,0,0,0,0,0,0,0,0
149332,36,bully,2080,1,0,0,54,0,756,0,1,36,147252,2080,0,55,0,0,0,LEADER,1,0,0,54,0,0,0,0,0,0,0,0,0,0,0
149215,81,bully,1962,1,0,0,54,0,756,0,1,81,147253,1962,0,55,0,0,0,LEADER,1,0,0,54,0,0,0,0,0,0,0,0,0,0,0
148875,67,bully,1622,1,0,0,54,0,756,0,1,67,147253,1622,0,55,0,0,0,LEADER,1,0,0,54,0,0,0,0,0,0,0,0,0,0,0
149636,83,bully,2383,1,0,0,54,0,756,0,1,83,147253,2383,0,55,0,0,0,LEADER,1,0,0,54,0,0,0,0,0,0,0,0,0,0,0
149780,99,bully,1607,1,0,0,54,0,756,0,1,99,148173,1607,0,55,0,0,0,LEADER,1,0,0,54,0,0,0,0,0,0,0,0,0,0,0
148957,55,bully,1704,1,0,0,54,0,756,0,1,55,147253,1704,0,55,0,0,0,LEADER,1,0,0,54,0,0,0,0,0,0,0,0,0,0,0
149747,89,bully,1574,1,0,0,54,0,756,0,1,89,148173,1574,0,55,0,0,0,LEADER,1,0,0,54,0,0,0,0,0,0,0,0,0,0,0
148909,77,bully,1656,1,0,0,54,0,756,0,1,77,147253,1656,0,55,0,0,0,LEADER,1,0,0,54,0,0,0,0,0,0,0,0,0,0,0
149181,71,bully,1928,1,0,0,54,0,756,0,1,71,147253,1928,0,55,0,0,0,LEADER,1,0,0,54,0,0,0,0,0,0,0,0,0,0,0
149093,52,bully,1840,1,0,0,54,0,756,0,1,52,147253,1840,0,55,0,0,0,LEADER,1,0,0,54,0,0,0,0,0,0,0,0,0,0,0
149460,76,bully,2213,1,0,0,54,0,756,0,1,76,147247,2213,0,55,0,0,0,LEADER,1,0,0,54,0,0,0,0,0,0,0,0,0,0,0
149060,10,bully,1807,1,0,0,54,0,756,0,1,10,147253,1807,0,55,0,0,0,LEADER,1,0,0,54,0,0,0,0,0,0,0,0,0,0,0
148993,22,bully,1740,1,0,0,54,0,756,0,1,22,147253,1740,0,55,0,0,0,LEADER,1,0,0,54,0,0,0,0,0,0,0,0,0,0,0
149140,21,bully,1889,1,0,0,54,0,756,0,1,21,147251,1889,0,55,0,0,0,LEADER,1,0,0,54,0,0,0,0,0,0,0,0,0,0,0
149399,56,bully,2146,1,0,0,54,0,756,0,1,56,147253,2146,0,55,0,0,0,LEADER,1,0,0,54,0,0,0,0,0,0,0,0,0,0,0
148924,60,bully,1671,1,0,0,54,0,756,0,1,60,147253,1671,0,55,0,0,0,LEADER,1,0,0,54,0,0,0,0,0,0,0,0,0,0,0
149777,25,bully,1604,1,0,0,54,0,756,0,1,25,148173,1604,0,55,0,0,0,LEADER,1,0,0,54,0,0,0,0,0,0,0,0,0,0,0
148990,65,bully,1737,1,0,0,54,0,756,0,1,65,147253,1737,0,55,0,0,0,LEADER,1,0,0,54,0,0,0,0,0,0,0,0,0,0,0
149666,19,bully,2413,1,0,0,54,0,756,0,1,19,147253,2413,0,55,0,0,0,LEADER,1,0,0,54,0,0,0,0,0,0,0,0,0,0,0
149296,69,bully,2043,1,0,0,54,0,756,0,1,69,147253,2043,0,55,0,0,0,LEADER,1,0,0,54,0,0,0,0,0,0,0,0,0,0,0
149898,54,bully,1725,1,0,0,54,0,756,0,1,54,148173,1725,0,55,0,0,0,LEADER,1,0,0,54,0,0,0,0,0,0,0,0,0,0,0
149245,17,bully,1992,1,0,0,54,0,756,0,1,17,147253,1992,0,55,0,0,0,LEADER,1,0,0,54,0,0,0,0,0,0,0,0,0,0,0
149759,100,bully,1586,1,0,0,54,0,756,0,1,100,148173,1586,0,55,0,0,0,LEADER,1,0,0,54,0,0,0,0,0,0,0,0,0,0,0
149722,16,bully,1549,1,0,0,54,0,756,0,1,16,148173,1549,0,55,0,0,0,LEADER,1,0,0,54,0,0,0,0,0,0,0,0,0,0,0
149311,37,bully,2058,1,0,0,54,0,756,0,1,37,147253,2058,0,55,0,0,0,LEADER,1,0,0,54,0,0,0,0,0,0,0,0,0,0,0
149947,13,bully,1774,1,0,0,54,0,756,0,1,13,148173,1774,0,55,0,0,0,LEADER,1,0,0,54,0,0,0,0,0,0,0,0,0,0,0
149108,20,bully,1855,1,0,0,54,0,756,0,1,20,147253,1855,0,55,0,0,0,LEADER,1,0,0,54,0,0,0,0,0,0,0,0,0,0,0
149740,41,bully,1567,1,0,0,54,0,756,0,1,41,148173,1567,0,55,0,0,0,LEADER,1,0,0,54,0,0,0,0,0,0,0,0,0,0,0
149729,47,bully,1556,1,0,0,54,0,756,0,1,47,148173,1556,0,55,0,0,0,LEADER,1,0,0,54,0,0,0,0,0,0,0,0,0,0,0
149555,95,bully,2301,1,0,0,54,0,756,0,1,95,147254,2301,0,55,0,0,0,LEADER,1,0,0,54,0,0,0,0,0,0,0,0,0,0,0
149418,98,bully,2165,1,0,0,54,0,756,0,1,98,147253,2165,0,55,0,0,0,LEADER,1,0,0,54,0,0,0,0,0,0,0,0,0,0,0
149602,73,bully,2349,1,0,0,54,0,756,0,1,73,147253,2349,0,55,0,0,0,LEADER,1,0,0,54,0,0,0,0,0,0,0,0,0,0,0
149925,33,bully,1752,1,0,0,54,0,756,0,1,33,148173,1752,0,55,0,0,0,LEADER,1,0,0,54,0,0,0,0,0,0,0,0,0,0,0
149895,97,bully,1722,1,0,0,54,0,756,0,1,97,148173,1722,0,55,0,0,0,LEADER,1,0,0,54,0,0,0,0,0,0,0,0,0,0,0
149148,61,bully,1895,1,0,0,54,0,756,0,1,61,147253,1895,0,55,0,0,0,LEADER,1,0,0,54,0,0,0,0,0,0,0,0,0,0,0
150095,40,bully,1922,1,0,0,54,0,756,0,1,40,148173,1922,0,55,0,0,0,LEADER,1,0,0,54,0,0,0,0,0,0,0,0,0,0,0
149584,31,bully,2331,1,0,0,54,0,756,0,1,31,147253,2331,0,55,0,0,0,LEADER,1,0,0,54,0,0,0,0,0,0,0,0,0,0,0
150085,29,bully,1910,1,0,0,54,0,756,0,1,29,148175,1910,0,55,0,0,0,LEADER,1,0,0,54,0,0,0,0,0,0,0,0,0,0,0
149913,96,bully,1744,1,0,0,54,0,756,0,1,96,148169,1744,0,55,0,0,0,LEADER,1,0,0,54,0,0,0,0,0,0,0,0,0,0,0
149998,84,bully,1825,1,0,0,54,0,756,0,1,84,148173,1825,0,55,0,0,0,LEADER,1,0,0,54,0,0,0,0,0,0,0,0,0,0,0
149692,80,bully,1519,1,0,0,54,0,756,0,1,80,148173,1519,0,55,0,0,0,LEADER,1,0,0,54,0,0,0,0,0,0,0,0,0,0,0
149536,53,bully,2283,1,0,0,54,0,756,0,1,53,147253,2283,0,55,0,0,0,LEADER,1,0,0,54,0,0,0,0,0,0,0,0,0,0,0
149611,92,bully,1438,1,0,0,54,0,756,0,1,92,148173,1438,0,55,0,0,0,LEADER,1,0,0,54,0,0,0,0,0,0,0,0,0,0,0
149786,91,bully,1619,1,0,0,54,0,756,0,1,91,148167,1619,0,55,0,0,0,LEADER,1,0,0,54,0,0,0,0,0,0,0,0,0,0,0
150047,62,bully,1874,1,0,0,54,0,756,0,1,62,148173,1874,0,55,0,0,0,LEADER,1,0,0,54,0,0,0,0,0,0,0,0,0,0,0
149744,15,bully,1571,1,0,0,54,0,756,0,1,15,148173,1571,0,55,0,0,0,LEADER,1,0,0,54,0,0,0,0,0,0,0,0,0,0,0
149414,26,bully,2161,1,0,0,54,0,756,0,1,26,147253,2161,0,55,0,0,0,LEADER,1,0,0,54,0,0,0,0,0,0,0,0,0,0,0
150150,49,bully,1977,1,0,0,54,0,756,0,1,49,148173,1977,0,55,0,0,0,LEADER,1,0,0,54,0,0,0,0,0,0,0,0,0,0,0
149965,58,bully,1792,1,0,0,54,0,756,0,1,58,148173,1792,0,55,0,0,0,LEADER,1,0,0,54,0,0,0,0,0,0,0,0,0,0,0
149499,86,bully,2246,1,0,0,54,0,756,0,1,86,147253,2246,0,55,0,0,0,LEADER,1,0,0,54,0,0,0,0,0,0,0,0,0,0,0
149672,50,bully,2419,1,0,0,54,0,756,0,1,50,147253,2419,0,55,0,0,0,LEADER,1,0,0,54,0,0,0,0,0,0,0,0,0,0,0
149523,85,bully,2268,1,0,0,54,0,756,0,1,85,147255,2268,0,55,0,0,0,LEADER,1,0,0,54,0,0,0,0,0,0,0,0,0,0,0
149462,87,bully,2212,1,0,0,54,0,756,0,1,87,147250,2212,0,55,0,0,0,LEADER,1,0,0,54,0,0,0,0,0,0,0,0,0,0,0
149669,64,bully,2416,1,0,0,54,0,756,0,1,64,147253,2416,0,55,0,0,0,LEADER,1,0,0,54,0,0,0,0,0,0,0,0,0,0,0
149607,18,bully,1434,1,0,0,54,0,756,0,1,18,148173,1434,0,55,0,0,0,LEADER,1,0,0,54,0,0,0,0,0,0,0,0,0,0,0
149518,11,bully,2264,1,0,0,54,0,756,0,1,11,147254,2264,0,55,0,0,0,LEADER,1,0,0,54,0,0,0,0,0,0,0,0,0,0,0
149726,90,bully,1553,1,0,0,54,0,756,0,1,90,148173,1553,0,55,0,0,0,LEADER,1,0,0,54,0,0,0,0,0,0,0,0,0,0,0
149620,35,bully,1447,1,0,0,54,0,756,0,1,35,148173,1447,0,55,0,0,0,LEADER,1,0,0,54,0,0,0,0,0,0,0,0,0,0,0
149502,43,bully,2249,1,0,0,54,0,756,0,1,43,147253,2249,0,55,0,0,0,LEADER,1,0,0,54,0,0,0,0,0,0,0,0,0,0,0
149640,28,bully,1467,1,0,0,54,0,756,0,1,28,148173,1467,0,55,0,0,0,LEADER,1,0,0,54,0,0,0,0,0,0,0,0,0,0,0
149479,44,bully,2228,1,0,0,54,0,756,0,1,44,147251,2228,0,55,0,0,0,LEADER,1,0,0,54,0,0,0,0,0,0,0,0,0,0,0
150314,23,bully,2141,1,0,0,54,0,756,0,1,23,148173,2141,0,55,0,0,0,LEADER,1,0,0,54,0,0,0,0,0,0,0,0,0,0,0
149634,30,bully,1461,1,0,0,54,0,756,0,1,30,148173,1461,0,55,0,0,0,LEADER,1,0,0,54,0,0,0,0,0,0,0,0,0,0,0
150032,94,bully,1859,1,0,0,54,0,756,0,1,94,148173,1859,0,55,0,0,0,LEADER,1,0,0,54,0,0,0,0,0,0,0,0,0,0,0
149674,38,bully,1501,1,0,0,54,0,756,0,1,38,148173,1501,0,55,0,0,0,LEADER,1,0,0,54,0,0,0,0,0,0,0,0,0,0,0
150353,66,bully,2180,1,0,0,54,0,756,0,1,66,148173,2180,0,55,0,0,0,LEADER,1,0,0,54,0,0,0,0,0,0,0,0,0,0,0
149659,70,bully,1486,1,0,0,54,0,756,0,1,70,148173,1486,0,55,0,0,0,LEADER,1,0,0,54,0,0,0,0,0,0,0,0,0,0,0
150304,88,bully,2131,1,0,0,54,0,756,0,1,88,148173,2131,0,55,0,0,0,LEADER,1,0,0,54,0,0,0,0,0,0,0,0,0,0,0
149488,75,bully,2235,1,0,0,54,0,756,0,1,75,147253,2235,0,55,0,0,0,LEADER,1,0,0,54,0,0,0,0,0,0,0,0,0,0,0
149498,12,bully,2243,1,0,0,54,0,756,0,1,12,147255,2243,0,55,0,0,0,LEADER,1,0,0,54,0,0,0,0,0,0,0,0,0,0,0
150198,27,bully,2025,1,0,0,54,0,756,0,1,27,148173,2025,0,55,0,0,0,LEADER,1,0,0,54,0,0,0,0,0,0,0,0,0,0,0
149687,42,bully,1514,1,0,0,54,0,756,0,1,42,148173,1514,0,55,0,0,0,LEADER,1,0,0,54,0,0,0,0,0,0,0,0,0,0,0
150334,24,bully,2161,1,0,0,54,0,756,0,1,24,148173,2161,0,55,0,0,0,LEADER,1,0,0,54,0,0,0,0,0,0,0,0,0,0,0
150286,46,bully,2113,1,0,0,54,0,756,0,1,46,148173,2113,0,55,0,0,0,LEADER,1,0,0,54,0,0,0,0,0,0,0,0,0,0,0
149810,34,bully,1637,1,0,0,54,0,756,0,1,34,148173,1637,0,55,0,0,0,LEADER,1,0,0,54,0,0,0,0,0,0,0,0,0,0,0
150183,59,bully,2010,1,0,0,54,0,756,0,1,59,148173,2010,0,55,0,0,0,LEADER,1,0,0,54,0,0,0,0,0,0,0,0,0,0,0
150465,32,bully,2292,1,0,0,54,0,756,0,1,32,148173,2292,0,55,0,0,0,LEADER,1,0,0,54,0,0,0,0,0,0,0,0,0,0,0
150080,72,bully,1907,1,0,0,54,0,756,0,1,72,148173,1907,0,55,0,0,0,LEADER,1,0,0,54,0,0,0,0,0,0,0,0,0,0,0
150492,63,bully,2316,1,0,0,54,0,756,0,1,63,148176,2316,0,55,0,0,0,LEADER,1,0,0,54,0,0,0,0,0,0,0,0,0,0,0
149965,74,bully,1792,1,0,0,54,0,756,0,1,74,148173,1792,0,55,0,0,0,LEADER,1,0,0,54,0,0,0,0,0,0,0,0,0,0,0
149707,48,bully,1534,1,0,0,54,0,756,0,1,48,148173,1534,0,55,0,0,0,LEADER,1,0,0,54,0,0,0,0,0,0,0,0,0,0,0
150168,57,bully,1995,1,0,0,54,0,756,0,1,57,148173,1995,0,55,0,0,0,LEADER,1,0,0,54,0,0,0,0,0,0,0,0,0,0,0
150238,68,bully,2065,1,0,0,54,0,756,0,1,68,148173,2065,0,55,0,0,0,LEADER,1,0,0,54,0,0,0,0,0,0,0,0,0,0,0
149639,45,bully,1466,1,0,0,54,0,756,0,1,45,148173,1466,0,55,0,0,0,LEADER,1,0,0,54,0,0,0,0,0,0,0,0,0,0,0
149996,93,bully,1823,1,0,0,54,0,756,0,1,93,148173,1823,0,55,0,0,0,LEADER,1,0,0,54,0,0,0,0,0,0,0,0,0,0,0
150577,82,bully,2404,1,0,0,54,0,756,0,1,82,148173,2404,0,55,0,0,0,LEADER,1,0,0,54,0,0,0,0,0,0,0,0,0,0,0
150571,51,bully,2398,1,0,0,54,0,756,0,1,51,148173,2398,0,55,0,0,0,LEADER,1,0,0,54,0,0,0,0,0,0,0,0,0,0,0
150116,39,bully,1943,1,0,0,54,0,756,0,1,39,148173,1943,0,55,0,0,0,LEADER,1,0,0,54,0,0,0,0,0,0,0,0,0,0,0
149862,78,bully,1689,1,0,0,54,0,756,0,1,78,148173,1689,0,55,0,0,0,LEADER,1,0,0,54,0,0,0,0,0,0,0,0,0,0,0
150250,79,bully,2077,1,0,0,54,0,756,0,1,79,148173,2077,0,55,0,0,0,LEADER,1,0,0,54,0,0,0,0,0,0,0,0,0,0,0
149825,14,bully,1652,1,0,0,54,0,756,0,1,14,148173,1652,0,55,0,0,0,LEADER,1,0,0,54,0,0,0,0,0,0,0,0,0,0,0
150252,36,bully,2080,1,0,0,54,0,756,0,1,36,148172,2080,0,55,0,0,0,LEADER,1,0,0,54,0,0,0,0,0,0,0,0,0,0,0
150135,81,bully,1962,1,0,0,54,0,756,0,1,81,148173,1962,0,55,0,0,0,LEADER,1,0,0,54,0,0,0,0,0,0,0,0,0,0,0
149795,67,bully,1622,1,0,0,54,0,756,0,1,67,148173,1622,0,55,0,0,0,LEADER,1,0,0,54,0,0,0,0,0,0,0,0,0,0,0
150556,83,bully,2383,1,0,0,54,0,756,0,1,83,148173,2383,0,55,0,0,0,LEADER,1,0,0,54,0,0,0,0,0,0,0,0,0,0,0
150701,99,bully,1607,1,0,0,55,0,770,0,1,99,149094,1607,0,56,0,0,0,LEADER,1,0,0,55,0,0,0,0,0,0,0,0,0,0,0
149877,55,bully,1704,1,0,0,54,0,756,0,1,55,148173,1704,0,55,0,0,0,LEADER,1,0,0,54,0,0,0,0,0,0,0,0,0,0,0
150668,89,bully,1574,1,0,0,55,0,770,0,1,89,149094,1574,0,56,0,0,0,LEADER,1,0,0,55,0,0,0,0,0,0,0,0,0,0,0
149829,77,bully,1656,1,0,0,54,0,756,0,1,77,148173,1656,0,55,0,0,0,LEADER,1,0,0,54,0,0,0,0,0,0,0,0,0,0,0
150101,71,bully,1928,1,0,0,54,0,756,0,1,71,148173,1928,0,55,0,0,0,LEADER,1,0,0,54,0,0,0,0,0,0,0,0,0,0,0
150013,52,bully,1840,1,0,0,54,0,756,0,1,52,148173,1840,0,55,0,0,0,LEADER,1,0,0,54,0,0,0,0,0,0,0,0,0,0,0
150380,76,bully,2213,1,0,0,54,0,756,0,1,76,148167,2213,0,55,0,0,0,LEADER,1,0,0,54,0,0,0,0,0,0,0,0,0,0,0
149980,10,bully,1807,1,0,0,54,0,756,0,1,10,148173,1807,0,55,0,0,0,LEADER,1,0,0,54,0,0,0,0,0,0,0,0,0,0,0
149913,22,bully,1740,1,0,0,54,0,756,0,1,22,148173,1740,0,55,0,0,0,LEADER,1,0,0,54,0,0,0,0,0,0,0,0,0,0,0
150060,21,bully,1889,1,0,0,54,0,756,0,1,21,148171,1889,0,55,0,0,0,LEADER,1,0,0,54,0,0,0,0,0,0,0,0,0,0,0
150319,56,bully,2146,1,0,0,54,0,756,0,1,56,148173,2146,0,55,0,0,0,LEADER,1,0,0,54,0,0,0,0,0,0,0,0,0,0,0
149844,60,bully,1671,1,0,0,54,0,756,0,1,60,148173,1671,0,55,0,0,0,LEADER,1,0,0,54,0,0,0,0,0,0,0,0,0,0,0
150698,25,bully,1604,1,0,0,55,0,770,0,1,25,149094,1604,0,56,0,0,0,LEADER,1,0,0,55,0,0,0,0,0,0,0,0,0,0,0
149910,65,bully,1737,1,0,0,54,0,756,0,1,65,148173,1737,0,55,0,0,0,LEADER,1,0,0,54,0,0,0,0,0,0,0,0,0,0,0
150586,19,bully,2413,1,0,0,54,0,756,0,1,19,148173,2413,0,55,0,0,0,LEADER,1,0,0,54,0,0,0,0,0,0,0,0,0,0,0
150216,69,bully,2043,1,0,0,54,0,756,0,1,69,148173,2043,0,55,0,0,0,LEADER,1,0,0,54,0,0,0,0,0,0,0,0,0,0,0
150819,54,bully,1725,1,0,0,55,0,770,0,1,54,149094,1725,0,56,0,0,0,LEADER,1,0,0,55,0,0,0,0,0,0,0,0,0,0,0
150165,17,bully,1992,1,0,0,54,0,756,0,1,17,148173,1992,0,55,0,0,0,LEADER,1,0,0,54,0,0,0,0,0,0,0,0,0,0,0
150680,100,bully,1586,1,0,0,55,0,770,0,1,100,149094,1586,0,56,0,0,0,LEADER,1,0,0,55,0,0,0,0,0,0,0,0,0,0,0
150643,16,bully,1549,1,0,0,55,0,770,0,1,16,149094,1549,0,56,0,0,0,LEADER,1,0,0,55,0,0,0,0,0,0,0,0,0,0,0
150231,37,bully,2058,1,0,0,54,0,756,0,1,37,148173,2058,0,55,0,0,0,LEADER,1,0,0,54,0,0,0,0,0,0,0,0,0,0,0
150868,13,bully,1774,1,0,0,55,0,770,0,1,13,149094,1774,0,56,0,0,0,LEADER,1,0,0,55,0,0,0,0,0,0,0,0,0,0,0
150028,20,bully,1855,1,0,0,54,0,756,0,1,20,148173,1855,0,55,0,0,0,LEADER,1,0,0,54,0,0,0,0,0,0,0,0,0,0,0
150661,41,bully,1567,1,0,0,55,0,770,0,1,41,149094,1567,0,56,0,0,0,LEADER,1,0,0,55,0,0,0,0,0,0,0,0,0,0,0
150650,47,bully,1556,1,0,0,55,0,770,0,1,47,149094,1556,0,56,0,0,0,LEADER,1,0,0,55,0,0,0,0,0,0,0,0,0,0,0
150475,95,bully,2301,1,0,0,54,0,756,0,1,95,148174,2301,0,55,0,0,0,LEADER,1,0,0,54,0,0,0,0,0,0,0,0,0,0,0
150338,98,bully,2165,1,0,0,54,0,756,0,1,98,148173,2165,0,55,0,0,0,LEADER,1,0,0,54,0,0,0,0,0,0,0,0,0,0,0
150522,73,bully,2349,1,0,0,54,0,756,0,1,73,148173,2349,0,55,0,0,0,LEADER,1,0,0,54,0,0,0,0,0,0,0,0,0,0,0
150068,61,bully,1895,1,0,0,54,0,756,0,1,61,148173,1895,0,55,0,0,0,LEADER,1,0,0,54,0,0,0,0,0,0,0,0,0,0,0
150816,97,bully,1722,1,0,0,55,0,770,0,1,97,149094,1722,0,56,0,0,0,LEADER,1,0,0,55,0,0,0,0,0,0,0,0,0,0,0
150846,33,bully,1752,1,0,0,55,0,770,0,1,33,149094,1752,0,56,0,0,0,LEADER,1,0,0,55,0,0,0,0,0,0,0,0,0,0,0
150504,31,bully,2331,1,0,0,54,0,756,0,1,31,148173,2331,0,55,0,0,0,LEADER,1,0,0,54,0,0,0,0,0,0,0,0,0,0,0
151016,40,bully,1922,1,0,0,55,0,770,0,1,40,149094,1922,0,56,0,0,0,LEADER,1,0,0,55,0,0,0,0,0,0,0,0,0,0,0
151006,29,bully,1910,1,0,0,55,0,770,0,1,29,149096,1910,0,56,0,0,0,LEADER,1,0,0,55,0,0,0,0,0,0,0,0,0,0,0
150834,96,bully,1744,1,0,0,55,0,770,0,1,96,149090,1744,0,56,0,0,0,LEADER,1,0,0,55,0,0,0,0,0,0,0,0,0,0,0
150919,84,bully,1825,1,0,0,55,0,770,0,1,84,149094,1825,0,56,0,0,0,LEADER,1,0,0,55,0,0,0,0,0,0,0,0,0,0,0
150613,80,bully,1519,1,0,0,55,0,770,0,1,80,149094,1519,0,56,0,0,0,LEADER,1,0,0,55,0,0,0,0,0,0,0,0,0,0,0
150456,53,bully,2283,1,0,0,54,0,756,0,1,53,148173,2283,0,55,0,0,0,LEADER,1,0,0,54,0,0,0,0,0,0,0,0,0,0,0
150532,92,bully,1438,1,0,0,55,0,770,0,1,92,149094,1438,0,56,0,0,0,LEADER,1,0,0,55,0,0,0,0,0,0,0,0,0,0,0
150706,91,bully,1619,1,0,0,55,0,770,0,1,91,149087,1619,0,56,0,0,0,LEADER,1,0,0,55,0,0,0,0,0,0,0,0,0,0,0
150968,62,bully,1874,1,0,0,55,0,770,0,1,62,149094,1874,0,56,0,0,0,LEADER,1,0,0,55,0,0,0,0,0,0,0,0,0,0,0
150666,6,bully,1516,1,0,0,11,31,154,434,4,4,149150,1516,0,6,0,0,0,NORMAL,0,0,0,11,0,0,0,31,0,0,0,0,0,0,0
150665,15,bully,1571,1,0,0,55,0,770,0,1,15,149094,1571,0,56,0,0,0,LEADER,1,0,0,55,0,0,0,0,0,0,0,0,0,0,0
150334,26,bully,2161,1,0,0,54,0,756,0,1,26,148173,2161,0,55,0,0,0,LEADER,1,0,0,54,0,0,0,0,0,0,0,0,0,0,0
151071,49,bully,1977,1,0,0,55,0,770,0,1,49,149094,1977,0,56,0,0,0,LEADER,1,0,0,55,0,0,0,0,0,0,0,0,0,0,0
150886,58,bully,1792,1,0,0,55,0,770,0,1,58,149094,1792,0,56,0,0,0,LEADER,1,0,0,55,0,0,0,0,0,0,0,0,0,0,0
150419,86,bully,2246,1,0,0,54,0,756,0,1,86,148173,2246,0,55,0,0,0,LEADER,1,0,0,54,0,0,0,0,0,0,0,0,0,0,0
150592,50,bully,2419,1,0,0,54,0,756,0,1,50,148173,2419,0,55,0,0,0,LEADER,1,0,0,54,0,0,0,0,0,0,0,0,0,0,0
150443,85,bully,2268,1,0,0,54,0,756,0,1,85,148175,2268,0,55,0,0,0,LEADER,1,0,0,54,0,0,0,0,0,0,0,0,0,0,0
150382,87,bully,2212,1,0,0,54,0,756,0,1,87,148170,2212,0,55,0,0,0,LEADER,1,0,0,54,0,0,0,0,0,0,0,0,0,0,0
150589,64,bully,2416,1,0,0,54,0,756,0,1,64,148173,2416,0,55,0,0,0,LEADER,1,0,0,54,0,0,0,0,0,0,0,0,0,0,0
150438,11,bully,2264,1,0,0,54,0,756,0,1,11,148174,2264,0,55,0,0,0,LEADER,1,0,0,54,0,0,0,0,0,0,0,0,0,0,0
150528,18,bully,1434,1,0,0,55,0,770,0,1,18,149094,1434,0,56,0,0,0,LEADER,1,0,0,55,0,0,0,0,0,0,0,0,0,0,0
150647,90,bully,1553,1,0,0,55,0,770,0,1,90,149094,1553,0,56,0,0,0,LEADER,1,0,0,55,0,0,0,0,0,0,0,0,0,0,0
150541,35,bully,1447,1,0,0,55,0,770,0,1,35,149094,1447,0,56,0,0,0,LEADER,1,0,0,55,0,0,0,0,0,0,0,0,0,0,0
150422,43,bully,2249,1,0,0,54,0,756,0,1,43,148173,2249,0,55,0,0,0,LEADER,1,0,0,54,0,0,0,0,0,0,0,0,0,0,0
150561,28,bully,1467,1,0,0,55,0,770,0,1,28,149094,1467,0,56,0,0,0,LEADER,1,0,0,55,0,0,0,0,0,0,0,0,0,0,0
150399,44,bully,2228,1,0,0,54,0,756,0,1,44,148171,2228,0,55,0,0,0,LEADER,1,0,0,54,0,0,0,0,0,0,0,0,0,0,0
151235,23,bully,2141,1,0,0,55,0,770,0,1,23,149094,2141,0,56,0,0,0,LEADER,1,0,0,55,0,0,0,0,0,0,0,0,0,0,0
150555,30,bully,1461,1,0,0,55,0,770,0,1,30,149094,1461,0,56,0,0,0,LEADER,1,0,0,55,0,0,0,0,0,0,0,0,0,0,0
150953,94,bully,1859,1,0,0,55,0,770,0,1,94,149094,1859,0,56,0,0,0,LEADER,1,0,0,55,0,0,0,0,0,0,0,0,0,0,0
150595,38,bully,1501,1,0,0,55,0,770,0,1,38,149094,1501,0,56,0,0,0,LEADER,1,0,0,55,0,0,0,0,0,0,0,0,0,0,0
151274,66,bully,2180,1,0,0,55,0,770,0,1,66,149094,2180,0,56,0,0,0,LEADER,1,0,0,55,0,0,0,0,0,0,0,0,0,0,0
150580,70,bully,1486,1,0,0,55,0,770,0,1,70,149094,1486,0,56,0,0,0,LEADER,1,0,0,55,0,0,0,0,0,0,0,0,0,0,0
151225,88,bully,2131,1,0,0,55,0,770,0,1,88,149094,2131,0,56,0,0,0,LEADER,1,0,0,55,0,0,0,0,0,0,0,0,0,0,0
150408,75,bully,2235,1,0,0,54,0,756,0,1,75,148173,2235,0,55,0,0,0,LEADER,1,0,0,54,0,0,0,0,0,0,0,0,0,0,0
150418,12,bully,2243,1,0,0,54,0,756,0,1,12,148175,2243,0,55,0,0,0,LEADER,1,0,0,54,0,0,0,0,0,0,0,0,0,0,0
151119,27,bully,2025,1,0,0,55,0,770,0,1,27,149094,2025,0,56,0,0,0,LEADER,1,0,0,55,0,0,0,0,0,0,0,0,0,0,0
150608,42,bully,1514,1,0,0,55,0,770,0,1,42,149094,1514,0,56,0,0,0,LEADER,1,0,0,55,0,0,0,0,0,0,0,0,0,0,0
151255,24,bully,2161,1,0,0,55,0,770,0,1,24,149094,2161,0,56,0,0,0,LEADER,1,0,0,55,0,0,0,0,0,0,0,0,0,0,0
151207,46,bully,2113,1,0,0,55,0,770,0,1,46,149094,2113,0,56,0,0,0,LEADER,1,0,0,55,0,0,0,0,0,0,0,0,0,0,0
150731,34,bully,1637,1,0,0,55,0,770,0,1,34,149094,1637,0,56,0,0,0,LEADER,1,0,0,55,0,0,0,0,0,0,0,0,0,0,0
151104,59,bully,2010,1,0,0,55,0,770,0,1,59,149094,2010,0,56,0,0,0,LEADER,1,0,0,55,0,0,0,0,0,0,0,0,0,0,0
151386,32,bully,2292,1,0,0,55,0,770,0,1,32,149094,2292,0,56,0,0,0,LEADER,1,0,0,55,0,0,0,0,0,0,0,0,0,0,0
151001,72,bully,1907,1,0,0,55,0,770,0,1,72,149094,1907,0,56,0,0,0,LEADER,1,0,0,55,0,0,0,0,0,0,0,0,0,0,0
151413,63,bully,2316,1,0,0,55,0,770,0,1,63,149097,2316,0,56,0,0,0,LEADER,1,0,0,55,0,0,0,0,0,0,0,0,0,0,0
150886,74,bully,1792,1,0,0,55,0,770,0,1,74,149094,1792,0,56,0,0,0,LEADER,1,0,0,55,0,0,0,0,0,0,0,0,0,0,0
151211,2,bully,2214,1,0,0,9,20,126,280,4,2,148997,2214,0,7,0,0,0,LEADER,1,0,0,9,0,0,0,20,0,0,0,0,0,0,0
150628,48,bully,1534,1,0,0,55,0,770,0,1,48,149094,1534,0,56,0,0,0,LEADER,1,0,0,55,0,0,0,0,0,0,0,0,0,0,0
151089,57,bully,1995,1,0,0,55,0,770,0,1,57,149094,1995,0,56,0,0,0,LEADER,1,0,0,55,0,0,0,0,0,0,0,0,0,0,0
151159,68,bully,2065,1,0,0,55,0,770,0,1,68,149094,2065,0,56,0,0,0,LEADER,1,0,0,55,0,0,0,0,0,0,0,0,0,0,0
150560,45,bully,1466,1,0,0,55,0,770,0,1,45,149094,1466,0,56,0,0,0,LEADER,1,0,0,55,0,0,0,0,0,0,0,0,0,0,0
150917,93,bully,1823,1,0,0,55,0,770,0,1,93,149094,1823,0,56,0,0,0,LEADER,1,0,0,55,0,0,0,0,0,0,0,0,0,0,0
151498,82,bully,2404,1,0,0,55,0,770,0,1,82,149094,2404,0,56,0,0,0,LEADER,1,0,0,55,0,0,0,0,0,0,0,0,0,0,0
151492,51,bully,2398,1,0,0,55,0,770,0,1,51,149094,2398,0,56,0,0,0,LEADER,1,0,0,55,0,0,0,0,0,0,0,0,0,0,0
151037,39,bully,1943,1,0,0,55,0,770,0,1,39,149094,1943,0,56,0,0,0,LEADER,1,0,0,55,0,0,0,0,0,0,0,0,0,0,0
150783,78,bully,1689,1,0,0,55,0,770,0,1,78,149094,1689,0,56,0,0,0,LEADER,1,0,0,55,0,0,0,0,0,0,0,0,0,0,0
151171,79,bully,2077,1,0,0,55,0,770,0,1,79,149094,2077,0,56,0,0,0,LEADER,1,0,0,55,0,0,0,0,0,0,0,0,0,0,0
150746,14,bully,1652,1,0,0,55,0,770,0,1,14,149094,1652,0,56,0,0,0,LEADER,1,0,0,55,0,0,0,0,0,0,0,0,0,0,0
151173,36,bully,2080,1,0,0,55,0,770,0,1,36,149093,2080,0,56,0,0,0,LEADER,1,0,0,55,0,0,0,0,0,0,0,0,0,0,0
151056,81,bully,1962,1,0,0,55,0,770,0,1,81,149094,1962,0,56,0,0,0,LEADER,1,0,0,55,0,0,0,0,0,0,0,0,0,0,0
150716,67,bully,1622,1,0,0,55,0,770,0,1,67,149094,1622,0,56,0,0,0,LEADER,1,0,0,55,0,0,0,0,0,0,0,0,0,0,0
151477,83,bully,2383,1,0,0,55,0,770,0,1,83,149094,2383,0,56,0,0,0,LEADER,1,0,0,55,0,0,0,0,0,0,0,0,0,0,0
151621,99,bully,1607,1,0,0,55,0,770,0,1,99,150014,1607,0,56,0,0,0,LEADER,1,0,0,55,0,0,0,0,0,0,0,0,0,0,0
150798,55,bully,1704,1,0,0,55,0,770,0,1,55,149094,1704,0,56,0,0,0,LEADER,1,0,0,55,0,0,0,0,0,0,0,0,0,0,0
151588,89,bully,1574,1,0,0,55,0,770,0,1,89,150014,1574,0,56,0,0,0,LEADER,1,0,0,55,0,0,0,0,0,0,0,0,0,0,0
150750,77,bully,1656,1,0,0,55,0,770,0,1,77,149094,1656,0,56,0,0,0,LEADER,1,0,0,55,0,0,0,0,0,0,0,0,0,0,0
151022,71,bully,1928,1,0,0,55,0,770,0,1,71,149094,1928,0,56,0,0,0,LEADER,1,0,0,55,0,0,0,0,0,0,0,0,0,0,0
150934,52,bully,1840,1,0,0,55,0,770,0,1,52,149094,1840,0,56,0,0,0,LEADER,1,0,0,55,0,0,0,0,0,0,0,0,0,0,0
151301,76,bully,2213,1,0,0,55,0,770,0,1,76,149088,2213,0,56,0,0,0,LEADER,1,0,0,55,0,0,0,0,0,0,0,0,0,0,0
150901,10,bully,1807,1,0,0,55,0,770,0,1,10,149094,1807,0,56,0,0,0,LEADER,1,0,0,55,0,0,0,0,0,0,0,0,0,0,0
150834,22,bully,1740,1,0,0,55,0,770,0,1,22,149094,1740,0,56,0,0,0,LEADER,1,0,0,55,0,0,0,0,0,0,0,0,0,0,0
150981,21,bully,1889,1,0,0,55,0,770,0,1,21,149092,1889,0,56,0,0,0,LEADER,1,0,0,55,0,0,0,0,0,0,0,0,0,0,0
151240,56,bully,2146,1,0,0,55,0,770,0,1,56,149094,2146,0,56,0,0,0,LEADER,1,0,0,55,0,0,0,0,0,0,0,0,0,0,0
150765,60,bully,1671,1,0,0,55,0,770,0,1,60,149094,1671,0,56,0,0,0,LEADER,1,0,0,55,0,0,0,0,0,0,0,0,0,0,0
151618,25,bully,1604,1,0,0,55,0,770,0,1,25,150014,1604,0,56,0,0,0,LEADER,1,0,0,55,0,0,0,0,0,0,0,0,0,0,0
150831,65,bully,1737,1,0,0,55,0,770,0,1,65,149094,1737,0,56,0,0,0,LEADER,1,0,0,55,0,0,0,0,0,0,0,0,0,0,0
151315,1,bully,2293,1,0,0,11,9,154,126,1,1,149022,2293,0,10,0,0,0,LEADER,1,0,0,11,0,0,0,9,0,0,0,0,0,0,0
151507,19,bully,2413,1,0,0,55,0,770,0,1,19,149094,2413,0,56,0,0,0,LEADER,1,0,0,55,0,0,0,0,0,0,0,0,0,0,0
151137,69,bully,2043,1,0,0,55,0,770,0,1,69,149094,2043,0,56,0,0,0,LEADER,1,0,0,55,0,0,0,0,0,0,0,0,0,0,0
151739,54,bully,1725,1,0,0,55,0,770,0,1,54,150014,1725,0,56,0,0,0,LEADER,1,0,0,55,0,0,0,0,0,0,0,0,0,0,0
151086,17,bully,1992,1,0,0,55,0,770,0,1,17,149094,1992,0,56,0,0,0,LEADER,1,0,0,55,0,0,0,0,0,0,0,0,0,0,0
151600,100,bully,1586,1,0,0,55,0,770,0,1,100,150014,1586,0,56,0,0,0,LEADER,1,0,0,55,0,0,0,0,0,0,0,0,0,0,0
151563,16,bully,1549,1,0,0,55,0,770,0,1,16,150014,1549,0,56,0,0,0,LEADER,1,0,0,55,0,0,0,0,0,0,0,0,0,0,0
151152,37,bully,2058,1,0,0,55,0,770,0,1,37,149094,2058,0,56,0,0,0,LEADER,1,0,0,55,0,0,0,0,0,0,0,0,0,0,0
151788,13,bully,1774,1,0,0,55,0,770,0,1,13,150014,1774,0,56,0,0,0,LEADER,1,0,0,55,0,0,0,0,0,0,0,0,0,0,0
150949,20,bully,1855,1,0,0,55,0,770,0,1,20,149094,1855,0,56,0,0,0,LEADER,1,0,0,55,0,0,0,0,0,0,0,0,0,0,0
151581,41,bully,1567,1,0,0,55,0,770,0,1,41,150014,1567,0,56,0,0,0,LEADER,1,0,0,55,0,0,0,0,0,0,0,0,0,0,0
151570,47,bully,1556,1,0,0,55,0,770,0,1,47,150014,1556,0,56,0,0,0,LEADER,1,0,0,55,0,0,0,0,0,0,0,0,0,0,0
151396,95,bully,2301,1,0,0,55,0,770,0,1,95,149095,2301,0,56,0,0,0,LEADER,1,0,0,55,0,0,0,0,0,0,0,0,0,0,0
151259,98,bully,2165,1,0,0,55,0,770,0,1,98,149094,2165,0,56,0,0,0,LEADER,1,0,0,55,0,0,0,0,0,0,0,0,0,0,0
151443,73,bully,2349,1,0,0,55,0,770,0,1,73,149094,2349,0,56,0,0,0,LEADER,1,0,0,55,0,0,0,0,0,0,0,0,0,0,0
151766,33,bully,1752,1,0,0,55,0,770,0,1,33,150014,1752,0,56,0,0,0,LEADER,1,0,0,55,0,0,0,0,0,0,0,0,0,0,0
151736,97,bully,1722,1,0,0,55,0,770,0,1,97,150014,1722,0,56,0,0,0,LEADER,1,0,0,55,0,0,0,0,0,0,0,0,0,0,0
150989,61,bully,1895,1,0,0,55,0,770,0,1,61,149094,1895,0,56,0,0,0,LEADER,1,0,0,55,0,0,0,0,0,0,0,0,0,0,0
151936,40,bully,1922,1,0,0,55,0,770,0,1,40,150014,1922,0,56,0,0,0,LEADER,1,0,0,55,0,0,0,0,0,0,0,0,0,0,0
151425,31,bully,2331,1,0,0,55,0,770,0,1,31,149094,2331,0,56,0,0,0,LEADER,1,0,0,55,0,0,0,0,0,0,0,0,0,0,0
151926,29,bully,1910,1,0,0,55,0,770,0,1,29,150016,1910,0,56,0,0,0,LEADER,1,0,0,55,0,0,0,0,0,0,0,0,0,0,0
151754,96,bully,1744,1,0,0,55,0,770,0,1,96,150010,1744,0,56,0,0,0,LEADER,1,0,0,55,0,0,0,0,0,0,0,0,0,0,0
151839,84,bully,1825,1,0,0,55,0,770,0,1,84,150014,1825,0,56,0,0,0,LEADER,1,0,0,55,0,0,0,0,0,0,0,0,0,0,0
151533,80,bully,1519,1,0,0,55,0,770,0,1,80,150014,1519,0,56,0,0,0,LEADER,1,0,0,55,0,0,0,0,0,0,0,0,0,0,0
151377,53,bully,2283,1,0,0,55,0,770,0,1,53,149094,2283,0,56,0,0,0,LEADER,1,0,0,55,0,0,0,0,0,0,0,0,0,0,0
151452,92,bully,1438,1,0,0,55,0,770,0,1,92,150014,1438,0,56,0,0,0,LEADER,1,0,0,55,0,0,0,0,0,0,0,0,0,0,0
151626,91,bully,1619,1,0,0,55,0,770,0,1,91,150007,1619,0,56,0,0,0,LEADER,1,0,0,55,0,0,0,0,0,0,0,0,0,0,0
151888,62,bully,1874,1,0,0,55,0,770,0,1,62,150014,1874,0,56,0,0,0,LEADER,1,0,0,55,0,0,0,0,0,0,0,0,0,0,0
151585,15,bully,1571,1,0,0,55,0,770,0,1,15,150014,1571,0,56,0,0,0,LEADER,1,0,0,55,0,0,0,0,0,0,0,0,0,0,0
151255,26,bully,2161,1,0,0,55,0,770,0,1,26,149094,2161,0,56,0,0,0,LEADER,1,0,0,55,0,0,0,0,0,0,0,0,0,0,0
151991,49,bully,1977,1,0,0,55,0,770,0,1,49,150014,1977,0,56,0,0,0,LEADER,1,0,0,55,0,0,0,0,0,0,0,0,0,0,0
151806,58,bully,1792,1,0,0,55,0,770,0,1,58,150014,1792,0,56,0,0,0,LEADER,1,0,0,55,0,0,0,0,0,0,0,0,0,0,0
151340,86,bully,2246,1,0,0,55,0,770,0,1,86,149094,2246,0,56,0,0,0,LEADER,1,0,0,55,0,0,0,0,0,0,0,0,0,0,0
151513,50,bully,2419,1,0,0,55,0,770,0,1,50,149094,2419,0,56,0,0,0,LEADER,1,0,0,55,0,0,0,0,0,0,0,0,0,0,0
151363,85,bully,2268,1,0,0,55,0,770,0,1,85,149095,2268,0,56,0,0,0,LEADER,1,0,0,55,0,0,0,0,0,0,0,0,0,0,0
151302,87,bully,2212,1,0,0,55,0,770,0,1,87,149090,2212,0,56,0,0,0,LEADER,1,0,0,55,0,0,0,0,0,0,0,0,0,0,0
151510,64,bully,2416,1,0,0,55,0,770,0,1,64,149094,2416,0,56,0,0,0,LEADER,1,0,0,55,0,0,0,0,0,0,0,0,0,0,0
151448,18,bully,1434,1,0,0,55,0,770,0,1,18,150014,1434,0,56,0,0,0,LEADER,1,0,0,55,0,0,0,0,0,0,0,0,0,0,0
151359,11,bully,2264,1,0,0,55,0,770,0,1,11,149095,2264,0,56,0,0,0,LEADER,1,0,0,55,0,0,0,0,0,0,0,0,0,0,0
151567,90,bully,1553,1,0,0,55,0,770,0,1,90,150014,1553,0,56,0,0,0,LEADER,1,0,0,55,0,0,0,0,0,0,0,0,0,0,0
151461,35,bully,1447,1,0,0,55,0,770,0,1,35,150014,1447,0,56,0,0,0,LEADER,1,0,0,55,0,0,0,0,0,0,0,0,0,0,0
151343,43,bully,2249,1,0,0,55,0,770,0,1,43,149094,2249,0,56,0,0,0,LEADER,1,0,0,55,0,0,0,0,0,0,0,0,0,0,0
151481,28,bully,1467,1,0,0,55,0,770,0,1,28,150014,1467,0,56,0,0,0,LEADER,1,0,0,55,0,0,0,0,0,0,0,0,0,0,0
151320,44,bully,2228,1,0,0,55,0,770,0,1,44,149092,2228,0,56,0,0,0,LEADER,1,0,0,55,0,0,0,0,0,0,0,0,0,0,0
152155,23,bully,2141,1,0,0,55,0,770,0,1,23,150014,2141,0,56,0,0,0,LEADER,1,0,0,55,0,0,0,0,0,0,0,0,0,0,0
151475,30,bully,1461,1,0,0,55,0,770,0,1,30,150014,1461,0,56,0,0,0,LEADER,1,0,0,55,0,0,0,0,0,0,0,0,0,0,0
151873,94,bully,1859,1,0,0,55,0,770,0,1,94,150014,1859,0,56,0,0,0,LEADER,1,0,0,55,0,0,0,0,0,0,0,0,0,0,0
151515,38,bully,1501,1,0,0,55,0,770,0,1,38,150014,1501,0,56,0,0,0,LEADER,1,0,0,55,0,0,0,0,0,0,0,0,0,0,0
152194,66,bully,2180,1,0,0,55,0,770,0,1,66,150014,2180,0,56,0,0,0,LEADER,1,0,0,55,0,0,0,0,0,0,0,0,0,0,0
151500,70,bully,1486,1,0,0,55,0,770,0,1,70,150014,1486,0,56,0,0,0,LEADER,1,0,0,55,0,0,0,0,0,0,0,0,0,0,0
152145,88,bully,2131,1,0,0,55,0,770,0,1,88,150014,2131,0,56,0,0,0,LEADER,1,0,0,55,0,0,0,0,0,0,0,0,0,0,0
151329,75,bully,2235,1,0,0,55,0,770,0,1,75,149094,2235,0,56,0,0,0,LEADER,1,0,0,55,0,0,0,0,0,0,0,0,0,0,0
151339,12,bully,2243,1,0,0,55,0,770,0,1,12,149096,2243,0,56,0,0,0,LEADER,1,0,0,55,0,0,0,0,0,0,0,0,0,0,0
152039,27,bully,2025,1,0,0,55,0,770,0,1,27,150014,2025,0,56,0,0,0,LEADER,1,0,0,55,0,0,0,0,0,0,0,0,0,0,0
151528,42,bully,1514,1,0,0,55,0,770,0,1,42,150014,1514,0,56,0,0,0,LEADER,1,0,0,55,0,0,0,0,0,0,0,0,0,0,0
152175,24,bully,2161,1,0,0,55,0,770,0,1,24,150014,2161,0,56,0,0,0,LEADER,1,0,0,55,0,0,0,0,0,0,0,0,0,0,0
152127,46,bully,2113,1,0,0,55,0,770,0,1,46,150014,2113,0,56,0,0,0,LEADER,1,0,0,55,0,0,0,0,0,0,0,0,0,0,0
151651,34,bully,1637,1,0,0,55,0,770,0,1,34,150014,1637,0,56,0,0,0,LEADER,1,0,0,55,0,0,0,0,0,0,0,0,0,0,0
152024,59,bully,2010,1,0,0,55,0,770,0,1,59,150014,2010,0,56,0,0,0,LEADER,1,0,0,55,0,0,0,0,0,0,0,0,0,0,0
152306,32,bully,2292,1,0,0,55,0,770,0,1,32,150014,2292,0,56,0,0,0,LEADER,1,0,0,55,0,0,0,0,0,0,0,0,0,0,0
151921,72,bully,1907,1,0,0,55,0,770,0,1,72,150014,1907,0,56,0,0,0,LEADER,1,0,0,55,0,0,0,0,0,0,0,0,0,0,0
152333,63,bully,2316,1,0,0,55,0,770,0,1,63,150017,2316,0,56,0,0,0,LEADER,1,0,0,55,0,0,0,0,0,0,0,0,0,0,0
151806,74,bully,1792,1,0,0,55,0,770,0,1,74,150014,1792,0,56,0,0,0,LEADER,1,0,0,55,0,0,0,0,0,0,0,0,0,0,0
151548,48,bully,1534,1,0,0,55,0,770,0,1,48,150014,1534,0,56,0,0,0,LEADER,1,0,0,55,0,0,0,0,0,0,0,0,0,0,0
152009,57,bully,1995,1,0,0,55,0,770,0,1,57,150014,1995,0,56,0,0,0,LEADER,1,0,0,55,0,0,0,0,0,0,0,0,0,0,0
152079,68,bully,2065,1,0,0,55,0,770,0,1,68,150014,2065,0,56,0,0,0,LEADER,1,0,0,55,0,0,0,0,0,0,0,0,0,0,0
151480,45,bully,1466,1,0,0,55,0,770,0,1,45,150014,1466,0,56,0,0,0,LEADER,1,0,0,55,0,0,0,0,0,0,0,0,0,0,0
151837,93,bully,1823,1,0,0,55,0,770,0,1,93,150014,1823,0,56,0,0,0,LEADER,1,0,0,55,0,0,0,0,0,0,0,0,0,0,0
152418,82,bully,2404,1,0,0,55,0,770,0,1,82,150014,2404,0,56,0,0,0,LEADER,1,0,0,55,0,0,0,0,0,0,0,0,0,0,0
152412,51,bully,2398,1,0,0,55,0,770,0,1,51,150014,2398,0,56,0,0,0,LEADER,1,0,0,55,0,0,0,0,0,0,0,0,0,0,0
151957,39,bully,1943,1,0,0,55,0,770,0,1,39,150014,1943,0,56,0,0,0,LEADER,1,0,0,55,0,0,0,0,0,0,0,0,0,0,0
151703,78,bully,1689,1,0,0,55,0,770,0,1,78,150014,1689,0,56,0,0,0,LEADER,1,0,0,55,0,0,0,0,0,0,0,0,0,0,0
152091,79,bully,2077,1,0,0,55,0,770,0,1,79,150014,2077,0,56,0,0,0,LEADER,1,0,0,55,0,0,0,0,0,0,0,0,0,0,0
151666,14,bully,1652,1,0,0,55,0,770,0,1,14,150014,1652,0,56,0,0,0,LEADER,1,0,0,55,0,0,0,0,0,0,0,0,0,0,0
152093,36,bully,2080,1,0,0,55,0,770,0,1,36,150013,2080,0,56,0,0,0,LEADER,1,0,0,55,0,0,0,0,0,0,0,0,0,0,0
151976,81,bully,1962,1,0,0,55,0,770,0,1,81,150014,1962,0,56,0,0,0,LEADER,1,0,0,55,0,0,0,0,0,0,0,0,0,0,0
151636,67,bully,1622,1,0,0,55,0,770,0,1,67,150014,1622,0,56,0,0,0,LEADER,1,0,0,55,0,0,0,0,0,0,0,0,0,0,0
152397,83,bully,2383,1,0,0,55,0,770,0,1,83,150014,2383,0,56,0,0,0,LEADER,1,0,0,55,0,0,0,0,0,0,0,0,0,0,0
152541,99,bully,1607,1,0,0,55,0,770,0,1,99,150934,1607,0,56,0,0,0,LEADER,1,0,0,55,0,0,0,0,0,0,0,0,0,0,0
151718,55,bully,1704,1,0,0,55,0,770,0,1,55,150014,1704,0,56,0,0,0,LEADER,1,0,0,55,0,0,0,0,0,0,0,0,0,0,0
152508,89,bully,1574,1,0,0,55,0,770,0,1,89,150934,1574,0,56,0,0,0,LEADER,1,0,0,55,0,0,0,0,0,0,0,0,0,0,0
151670,77,bully,1656,1,0,0,55,0,770,0,1,77,150014,1656,0,56,0,0,0,LEADER,1,0,0,55,0,0,0,0,0,0,0,0,0,0,0
151942,71,bully,1928,1,0,0,55,0,770,0,1,71,150014,1928,0,56,0,0,0,LEADER,1,0,0,55,0,0,0,0,0,0,0,0,0,0,0
151854,52,bully,1840,1,0,0,55,0,770,0,1,52,150014,1840,0,56,0,0,0,LEADER,1,0,0,55,0,0,0,0,0,0,0,0,0,0,0
152221,76,bully,2213,1,0,0,55,0,770,0,1,76,150008,2213,0,56,0,0,0,LEADER,1,0,0,55,0,0,0,0,0,0,0,0,0,0,0
151821,10,bully,1807,1,0,0,55,0,770,0,1,10,150014,1807,0,56,0,0,0,LEADER,1,0,0,55,0,0,0,0,0,0,0,0,0,0,0
151754,22,bully,1740,1,0,0,55,0,770,0,1,22,150014,1740,0,56,0,0,0,LEADER,1,0,0,55,0,0,0,0,0,0,0,0,0,0,0
151901,21,bully,1889,1,0,0,55,0,770,0,1,21,150012,1889,0,56,0,0,0,LEADER,1,0,0,55,0,0,0,0,0,0,0,0,0,0,0
152160,56,bully,2146,1,0,0,55,0,770,0,1,56,150014,2146,0,56,0,0,0,LEADER,1,0,0,55,0,0,0,0,0,0,0,0,0,0,0
151685,60,bully,1671,1,0,0,55,0,770,0,1,60,150014,1671,0,56,0,0,0,LEADER,1,0,0,55,0,0,0,0,0,0,0,0,0,0,0
152538,25,bully,1604,1,0,0,55,0,770,0,1,25,150934,1604,0,56,0,0,0,LEADER,1,0,0,55,0,0,0,0,0,0,0,0,0,0,0
151751,65,bully,1737,1,0,0,55,0,770,0,1,65,150014,1737,0,56,0,0,0,LEADER,1,0,0,55,0,0,0,0,0,0,0,0,0,0,0
152427,19,bully,2413,1,0,0,55,0,770,0,1,19,150014,2413,0,56,0,0,0,LEADER,1,0,0,55,0,0,0,0,0,0,0,0,0,0,0
152057,69,bully,2043,1,0,0,55,0,770,0,1,69,150014,2043,0,56,0,0,0,LEADER,1,0,0,55,0,0,0,0,0,0,0,0,0,0,0
152659,54,bully,1725,1,0,0,55,0,770,0,1,54,150934,1725,0,56,0,0,0,LEADER,1,0,0,55,0,0,0,0,0,0,0,0,0,0,0
152006,17,bully,1992,1,0,0,55,0,770,0,1,17,150014,1992,0,56,0,0,0,LEADER,1,0,0,55,0,0,0,0,0,0,0,0,0,0,0
152520,100,bully,1586,1,0,0,55,0,770,0,1,100,150934,1586,0,56,0,0,0,LEADER,1,0,0,55,0,0,0,0,0,0,0,0,0,0,0
152483,16,bully,1549,1,0,0,55,0,770,0,1,16,150934,1549,0,56,0,0,0,LEADER,1,0,0,55,0,0,0,0,0,0,0,0,0,0,0
152072,37,bully,2058,1,0,0,55,0,770,0,1,37,150014,2058,0,56,0,0,0,LEADER,1,0,0,55,0,0,0,0,0,0,0,0,0,0,0
152708,13,bully,1774,1,0,0,55,0,770,0,1,13,150934,1774,0,56,0,0,0,LEADER,1,0,0,55,0,0,0,0,0,0,0,0,0,0,0
151869,20,bully,1855,1,0,0,55,0,770,0,1,20,150014,1855,0,56,0,0,0,LEADER,1,0,0,55,0,0,0,0,0,0,0,0,0,0,0
152501,41,bully,1567,1,0,0,55,0,770,0,1,41,150934,1567,0,56,0,0,0,LEADER,1,0,0,55,0,0,0,0,0,0,0,0,0,0,0
152490,47,bully,1556,1,0,0,55,0,770,0,1,47,150934,1556,0,56,0,0,0,LEADER,1,0,0,55,0,0,0,0,0,0,0,0,0,0,0
152316,95,bully,2301,1,0,0,55,0,770,0,1,95,150015,2301,0,56,0,0,0,LEADER,1,0,0,55,0,0,0,0,0,0,0,0,0,0,0
152179,98,bully,2165,1,0,0,55,0,770,0,1,98,150014,2165,0,56,0,0,0,LEADER,1,0,0,55,0,0,0,0,0,0,0,0,0,0,0
152363,73,bully,2349,1,0,0,55,0,770,0,1,73,150014,2349,0,56,0,0,0,LEADER,1,0,0,55,0,0,0,0,0,0,0,0,0,0,0
152686,33,bully,1752,1,0,0,55,0,770,0,1,33,150934,1752,0,56,0,0,0,LEADER,1,0,0,55,0,0,0,0,0,0,0,0,0,0,0
152656,97,bully,1722,1,0,0,55,0,770,0,1,97,150934,1722,0,56,0,0,0,LEADER,1,0,0,55,0,0,0,0,0,0,0,0,0,0,0
151909,61,bully,1895,1,0,0,55,0,770,0,1,61,150014,1895,0,56,0,0,0,LEADER,1,0,0,55,0,0,0,0,0,0,0,0,0,0,0
152856,40,bully,1922,1,0,0,55,0,770,0,1,40,150934,1922,0,56,0,0,0,LEADER,1,0,0,55,0,0,0,0,0,0,0,0,0,0,0
152345,31,bully,2331,1,0,0,55,0,770,0,1,31,150014,2331,0,56,0,0,0,LEADER,1,0,0,55,0,0,0,0,0,0,0,0,0,0,0
152846,29,bully,1910,1,0,0,55,0,770,0,1,29,150936,1910,0,56,0,0,0,LEADER,1,0,0,55,0,0,0,0,0,0,0,0,0,0,0
152674,96,bully,1744,1,0,0,55,0,770,0,1,96,150930,1744,0,56,0,0,0,LEADER,1,0,0,55,0,0,0,0,0,0,0,0,0,0,0
152759,84,bully,1825,1,0,0,55,0,770,0,1,84,150934,1825,0,56,0,0,0,LEADER,1,0,0,55,0,0,0,0,0,0,0,0,0,0,0
152453,80,bully,1519,1,0,0,55,0,770,0,1,80,150934,1519,0,56,0,0,0,LEADER,1,0,0,55,0,0,0,0,0,0,0,0,0,0,0
152297,53,bully,2283,1,0,0,55,0,770,0,1,53,150014,2283,0,56,0,0,0,LEADER,1,0,0,55,0,0,0,0,0,0,0,0,0,0,0
152372,92,bully,1438,1,0,0,55,0,770,0,1,92,150934,1438,0,56,0,0,0,LEADER,1,0,0,55,0,0,0,0,0,0,0,0,0,0,0
152546,91,bully,1619,1,0,0,55,0,770,0,1,91,150927,1619,0,56,0,0,0,LEADER,1,0,0,55,0,0,0,0,0,0,0,0,0,0,0
152808,62,bully,1874,1,0,0,55,0,770,0,1,62,150934,1874,0,56,0,0,0,LEADER,1,0,0,55,0,0,0,0,0,0,0,0,0,0,0
152505,15,bully,1571,1,0,0,55,0,770,0,1,15,150934,1571,0,56,0,0,0,LEADER,1,0,0,55,0,0,0,0,0,0,0,0,0,0,0
152175,26,bully,2161,1,0,0,55,0,770,0,1,26,150014,2161,0,56,0,0,0,LEADER,1,0,0,55,0,0,0,0,0,0,0,0,0,0,0
152911,49,bully,1977,1,0,0,55,0,770,0,1,49,150934,1977,0,56,0,0,0,LEADER,1,0,0,55,0,0,0,0,0,0,0,0,0,0,0
152726,58,bully,1792,1,0,0,55,0,770,0,1,58,150934,1792,0,56,0,0,0,LEADER,1,0,0,55,0,0,0,0,0,0,0,0,0,0,0
152260,86,bully,2246,1,0,0,55,0,770,0,1,86,150014,2246,0,56,0,0,0,LEADER,1,0,0,55,0,0,0,0,0,0,0,0,0,0,0
152433,50,bully,2419,1,0,0,55,0,770,0,1,50,150014,2419,0,56,0,0,0,LEADER,1,0,0,55,0,0,0,0,0,0,0,0,0,0,0
152283,85,bully,2268,1,0,0,55,0,770,0,1,85,150015,2268,0,56,0,0,0,LEADER,1,0,0,55,0,0,0,0,0,0,0,0,0,0,0
152222,87,bully,2212,1,0,0,55,0,770,0,1,87,150010,2212,0,56,0,0,0,LEADER,1,0,0,55,0,0,0,0,0,0,0,0,0,0,0
152430,64,bully,2416,1,0,0,55,0,770,0,1,64,150014,2416,0,56,0,0,0,LEADER,1,0,0,55,0,0,0,0,0,0,0,0,0,0,0
152368,18,bully,1434,1,0,0,55,0,770,0,1,18,150934,1434,0,56,0,0,0,LEADER,1,0,0,55,0,0,0,0,0,0,0,0,0,0,0
152279,11,bully,2264,1,0,0,55,0,770,0,1,11,150015,2264,0,56,0,0,0,LEADER,1,0,0,55,0,0,0,0,0,0,0,0,0,0,0
152487,90,bully,1553,1,0,0,55,0,770,0,1,90,150934,1553,0,56,0,0,0,LEADER,1,0,0,55,0,0,0,0,0,0,0,0,0,0,0
152381,35,bully,1447,1,0,0,55,0,770,0,1,35,150934,1447,0,56,0,0,0,LEADER,1,0,0,55,0,0,0,0,0,0,0,0,0,0,0
152263,43,bully,2249,1,0,0,55,0,770,0,1,43,150014,2249,0,56,0,0,0,LEADER,1,0,0,55,0,0,0,0,0,0,0,0,0,0,0
152401,28,bully,1467,1,0,0,55,0,770,0,1,28,150934,1467,0,56,0,0,0,LEADER,1,0,0,55,0,0,0,0,0,0,0,0,0,0,0
152240,44,bully,2228,1,0,0,55,0,770,0,1,44,150012,2228,0,56,0,0,0,LEADER,1,0,0,55,0,0,0,0,0,0,0,0,0,0,0
153075,23,bully,2141,1,0,0,55,0,770,0,1,23,150934,2141,0,56,0,0,0,LEADER,1,0,0,55,0,0,0,0,0,0,0,0,0,0,0
152395,30,bully,1461,1,0,0,55,0,770,0,1,30,150934,1461,0,56,0,0,0,LEADER,1,0,0,55,0,0,0,0,0,0,0,0,0,0,0
152793,94,bully,1859,1,0,0,55,0,770,0,1,94,150934,1859,0,56,0,0,0,LEADER,1,0,0,55,0,0,0,0,0,0,0,0,0,0,0
152435,38,bully,1501,1,0,0,55,0,770,0,1,38,150934,1501,0,56,0,0,0,LEADER,1,0,0,55,0,0,0,0,0,0,0,0,0,0,0
153114,66,bully,2180,1,0,0,55,0,770,0,1,66,150934,2180,0,56,0,0,0,LEADER,1,0,0,55,0,0,0,0,0,0,0,0,0,0,0
152420,70,bully,1486,1,0,0,55,0,770,0,1,70,150934,1486,0,56,0,0,0,LEADER,1,0,0,55,0,0,0,0,0,0,0,0,0,0,0
153065,88,bully,2131,1,0,0,55,0,770,0,1,88,150934,2131,0,56,0,0,0,LEADER,1,0,0,55,0,0,0,0,0,0,0,0,0,0,0
152249,75,bully,2235,1,0,0,55,0,770,0,1,75,150014,2235,0,56,0,0,0,LEADER,1,0,0,55,0,0,0,0,0,0,0,0,0,0,0
152259,12,bully,2243,1,0,0,55,0,770,0,1,12,150016,2243,0,56,0,0,0,LEADER,1,0,0,55,0,0,0,0,0,0,0,0,0,0,0
152959,27,bully,2025,1,0,0,55,0,770,0,1,27,150934,2025,0,56,0,0,0,LEADER,1,0,0,55,0,0,0,0,0,0,0,0,0,0,0
152448,42,bully,1514,1,0,0,55,0,770,0,1,42,150934,1514,0,56,0,0,0,LEADER,1,0,0,55,0,0,0,0,0,0,0,0,0,0,0
153095,24,bully,2161,1,0,0,55,0,770,0,1,24,150934,2161,0,56,0,0,0,LEADER,1,0,0,55,0,0,0,0,0,0,0,0,0,0,0
153047,46,bully,2113,1,0,0,55,0,770,0,1,46,150934,2113,0,56,0,0,0,LEADER,1,0,0,55,0,0,0,0,0,0,0,0,0,0,0
152944,59,bully,2010,1,0,0,55,0,770,0,1,59,150934,2010,0,56,0,0,0,LEADER,1,0,0,55,0,0,0,0,0,0,0,0,0,0,0
152571,34,bully,1637,1,0,0,55,0,770,0,1,34,150934,1637,0,56,0,0,0,LEADER,1,0,0,55,0,0,0,0,0,0,0,0,0,0,0
153226,32,bully,2292,1,0,0,55,0,770,0,1,32,150934,2292,0,56,0,0,0,LEADER,1,0,0,55,0,0,0,0,0,0,0,0,0,0,0
152841,72,bully,1907,1,0,0,55,0,770,0,1,72,150934,1907,0,56,0,0,0,LEADER,1,0,0,55,0,0,0,0,0,0,0,0,0,0,0
153253,63,bully,2316,1,0,0,55,0,770,0,1,63,150937,2316,0,56,0,0,0,LEADER,1,0,0,55,0,0,0,0,0,0,0,0,0,0,0
152726,74,bully,1792,1,0,0,55,0,770,0,1,74,150934,1792,0,56,0,0,0,LEADER,1,0,0,55,0,0,0,0,0,0,0,0,0,0,0
152468,48,bully,1534,1,0,0,55,0,770,0,1,48,150934,1534,0,56,0,0,0,LEADER,1,0,0,55,0,0,0,0,0,0,0,0,0,0,0
152929,57,bully,1995,1,0,0,55,0,770,0,1,57,150934,1995,0,56,0,0,0,LEADER,1,0,0,55,0,0,0,0,0,0,0,0,0,0,0
152999,68,bully,2065,1,0,0,55,0,770,0,1,68,150934,2065,0,56,0,0,0,LEADER,1,0,0,55,0,0,0,0,0,0,0,0,0,0,0
152400,45,bully,1466,1,0,0,55,0,770,0,1,45,150934,1466,0,56,0,0,0,LEADER,1,0,0,55,0,0,0,0,0,0,0,0,0,0,0
152757,93,bully,1823,1,0,0,55,0,770,0,1,93,150934,1823,0,56,0,0,0,LEADER,1,0,0,55,0,0,0,0,0,0,0,0,0,0,0
153338,82,bully,2404,1,0,0,55,0,770,0,1,82,150934,2404,0,56,0,0,0,LEADER,1,0,0,55,0,0,0,0,0,0,0,0,0,0,0
153332,51,bully,2398,1,0,0,55,0,770,0,1,51,150934,2398,0,56,0,0,0,LEADER,1,0,0,55,0,0,0,0,0,0,0,0,0,0,0
152877,39,bully,1943,1,0,0,55,0,770,0,1,39,150934,1943,0,56,0,0,0,LEADER,1,0,0,55,0,0,0,0,0,0,0,0,0,0,0
152623,78,bully,1689,1,0,0,55,0,770,0,1,78,150934,1689,0,56,0,0,0,LEADER,1,0,0,55,0,0,0,0,0,0,0,0,0,0,0
153011,79,bully,2077,1,0,0,55,0,770,0,1,79,150934,2077,0,56,0,0,0,LEADER,1,0,0,55,0,0,0,0,0,0,0,0,0,0,0
152586,14,bully,1652,1,0,0,55,0,770,0,1,14,150934,1652,0,56,0,0,0,LEADER,1,0,0,55,0,0,0,0,0,0,0,0,0,0,0
153013,36,bully,2080,1,0,0,55,0,770,0,1,36,150933,2080,0,56,0,0,0,LEADER,1,0,0,55,0,0,0,0,0,0,0,0,0,0,0
152896,81,bully,1962,1,0,0,55,0,770,0,1,81,150934,1962,0,56,0,0,0,LEADER,1,0,0,55,0,0,0,0,0,0,0,0,0,0,0
152556,67,bully,1622,1,0,0,55,0,770,0,1,67,150934,1622,0,56,0,0,0,LEADER,1,0,0,55,0,0,0,0,0,0,0,0,0,0,0
153317,83,bully,2383,1,0,0,55,0,770,0,1,83,150934,2383,0,56,0,0,0,LEADER,1,0,0,55,0,0,0,0,0,0,0,0,0,0,0
153462,99,bully,1607,1,0,0,56,0,784,0,1,99,151855,1607,0,57,0,0,0,LEADER,1,0,0,56,0,0,0,0,0,0,0,0,0,0,0
152638,55,bully,1704,1,0,0,55,0,770,0,1,55,150934,1704,0,56,0,0,0,LEADER,1,0,0,55,0,0,0,0,0,0,0,0,0,0,0
153429,89,bully,1574,1,0,0,56,0,784,0,1,89,151855,1574,0,57,0,0,0,LEADER,1,0,0,56,0,0,0,0,0,0,0,0,0,0,0
152590,77,bully,1656,1,0,0,55,0,770,0,1,77,150934,1656,0,56,0,0,0,LEADER,1,0,0,55,0,0,0,0,0,0,0,0,0,0,0
152862,71,bully,1928,1,0,0,55,0,770,0,1,71,150934,1928,0,56,0,0,0,LEADER,1,0,0,55,0,0,0,0,0,0,0,0,0,0,0
152774,52,bully,1840,1,0,0,55,0,770,0,1,52,150934,1840,0,56,0,0,0,LEADER,1,0,0,55,0,0,0,0,0,0,0,0,0,0,0
153141,76,bully,2213,1,0,0,55,0,770,0,1,76,150928,2213,0,56,0,0,0,LEADER,1,0,0,55,0,0,0,0,0,0,0,0,0,0,0
152741,10,bully,1807,1,0,0,55,0,770,0,1,10,150934,1807,0,56,0,0,0,LEADER,1,0,0,55,0,0,0,0,0,0,0,0,0,0,0
152674,22,bully,1740,1,0,0,55,0,770,0,1,22,150934,1740,0,56,0,0,0,LEADER,1,0,0,55,0,0,0,0,0,0,0,0,0,0,0
152821,21,bully,1889,1,0,0,55,0,770,0,1,21,150932,1889,0,56,0,0,0,LEADER,1,0,0,55,0,0,0,0,0,0,0,0,0,0,0
153080,56,bully,2146,1,0,0,55,0,770,0,1,56,150934,2146,0,56,0,0,0,LEADER,1,0,0,55,0,0,0,0,0,0,0,0,0,0,0
152605,60,bully,1671,1,0,0,55,0,770,0,1,60,150934,1671,0,56,0,0,0,LEADER,1,0,0,55,0,0,0,0,0,0,0,0,0,0,0
153459,25,bully,1604,1,0,0,56,0,784,0,1,25,151855,1604,0,57,0,0,0,LEADER,1,0,0,56,0,0,0,0,0,0,0,0,0,0,0
152671,65,bully,1737,1,0,0,55,0,770,0,1,65,150934,1737,0,56,0,0,0,LEADER,1,0,0,55,0,0,0,0,0,0,0,0,0,0,0
153347,19,bully,2413,1,0,0,55,0,770,0,1,19,150934,2413,0,56,0,0,0,LEADER,1,0,0,55,0,0,0,0,0,0,0,0,0,0,0
152977,69,bully,2043,1,0,0,55,0,770,0,1,69,150934,2043,0,56,0,0,0,LEADER,1,0,0,55,0,0,0,0,0,0,0,0,0,0,0
153580,54,bully,1725,1,0,0,56,0,784,0,1,54,151855,1725,0,57,0,0,0,LEADER,1,0,0,56,0,0,0,0,0,0,0,0,0,0,0
152926,17,bully,1992,1,0,0,55,0,770,0,1,17,150934,1992,0,56,0,0,0,LEADER,1,0,0,55,0,0,0,0,0,0,0,0,0,0,0
153441,100,bully,1586,1,0,0,56,0,784,0,1,100,151855,1586,0,57,0,0,0,LEADER,1,0,0,56,0,0,0,0,0,0,0,0,0,0,0
153404,16,bully,1549,1,0,0,56,0,784,0,1,16,151855,1549,0,57,0,0,0,LEADER,1,0,0,56,0,0,0,0,0,0,0,0,0,0,0
152992,37,bully,2058,1,0,0,55,0,770,0,1,37,150934,2058,0,56,0,0,0,LEADER,1,0,0,55,0,0,0,0,0,0,0,0,0,0,0
153629,13,bully,1774,1,0,0,56,0,784,0,1,13,151855,1774,0,57,0,0,0,LEADER,1,0,0,56,0,0,0,0,0,0,0,0,0,0,0
152789,20,bully,1855,1,0,0,55,0,770,0,1,20,150934,1855,0,56,0,0,0,LEADER,1,0,0,55,0,0,0,0,0,0,0,0,0,0,0
153422,41,bully,1567,1,0,0,56,0,784,0,1,41,151855,1567,0,57,0,0,0,LEADER,1,0,0,56,0,0,0,0,0,0,0,0,0,0,0
153411,47,bully,1556,1,0,0,56,0,784,0,1,47,151855,1556,0,57,0,0,0,LEADER,1,0,0,56,0,0,0,0,0,0,0,0,0,0,0
153236,95,bully,2301,1,0,0,55,0,770,0,1,95,150935,2301,0,56,0,0,0,LEADER,1,0,0,55,0,0,0,0,0,0,0,0,0,0,0
153099,98,bully,2165,1,0,0,55,0,770,0,1,98,150934,2165,0,56,0,0,0,LEADER,1,0,0,55,0,0,0,0,0,0,0,0,0,0,0
153283,73,bully,2349,1,0,0,55,0,770,0,1,73,150934,2349,0,56,0,0,0,LEADER,1,0,0,55,0,0,0,0,0,0,0,0,0,0,0
152829,61,bully,1895,1,0,0,55,0,770,0,1,61,150934,1895,0,56,0,0,0,LEADER,1,0,0,55,0,0,0,0,0,0,0,0,0,0,0
153577,97,bully,1722,1,0,0,56,0,784,0,1,97,151855,1722,0,57,0,0,0,LEADER,1,0,0,56,0,0,0,0,0,0,0,0,0,0,0
153607,33,bully,1752,1,0,0,56,0,784,0,1,33,151855,1752,0,57,0,0,0,LEADER,1,0,0,56,0,0,0,0,0,0,0,0,0,0,0
153265,31,bully,2331,1,0,0,55,0,770,0,1,31,150934,2331,0,56,0,0,0,LEADER,1,0,0,55,0,0,0,0,0,0,0,0,0,0,0
153777,40,bully,1922,1,0,0,56,0,784,0,1,40,151855,1922,0,57,0,0,0,LEADER,1,0,0,56,0,0,0,0,0,0,0,0,0,0,0
153767,29,bully,1910,1,0,0,56,0,784,0,1,29,151857,1910,0,57,0,0,0,LEADER,1,0,0,56,0,0,0,0,0,0,0,0,0,0,0
153595,96,bully,1744,1,0,0,56,0,784,0,1,96,151851,1744,0,57,0,0,0,LEADER,1,0,0,56,0,0,0,0,0,0,0,0,0,0,0
153680,84,bully,1825,1,0,0,56,0,784,0,1,84,151855,1825,0,57,0,0,0,LEADER,1,0,0,56,0,0,0,0,0,0,0,0,0,0,0
153374,80,bully,1519,1,0,0,56,0,784,0,1,80,151855,1519,0,57,0,0,0,LEADER,1,0,0,56,0,0,0,0,0,0,0,0,0,0,0
153217,53,bully,2283,1,0,0,55,0,770,0,1,53,150934,2283,0,56,0,0,0,LEADER,1,0,0,55,0,0,0,0,0,0,0,0,0,0,0
153293,92,bully,1438,1,0,0,56,0,784,0,1,92,151855,1438,0,57,0,0,0,LEADER,1,0,0,56,0,0,0,0,0,0,0,0,0,0,0
153467,91,bully,1619,1,0,0,56,0,784,0,1,91,151848,1619,0,57,0,0,0,LEADER,1,0,0,56,0,0,0,0,0,0,0,0,0,0,0
153729,62,bully,1874,1,0,0,56,0,784,0,1,62,151855,1874,0,57,0,0,0,LEADER,1,0,0,56,0,0,0,0,0,0,0,0,0,0,0
153426,15,bully,1571,1,0,0,56,0,784,0,1,15,151855,1571,0,57,0,0,0,LEADER,1,0,0,56,0,0,0,0,0,0,0,0,0,0,0
153095,26,bully,2161,1,0,0,55,0,770,0,1,26,150934,2161,0,56,0,0,0,LEADER,1,0,0,55,0,0,0,0,0,0,0,0,0,0,0
153832,49,bully,1977,1,0,0,56,0,784,0,1,49,151855,1977,0,57,0,0,0,LEADER,1,0,0,56,0,0,0,0,0,0,0,0,0,0,0
153647,58,bully,1792,1,0,0,56,0,784,0,1,58,151855,1792,0,57,0,0,0,LEADER,1,0,0,56,0,0,0,0,0,0,0,0,0,0,0
153180,86,bully,2246,1,0,0,55,0,770,0,1,86,150934,2246,0,56,0,0,0,LEADER,1,0,0,55,0,0,0,0,0,0,0,0,0,0,0
153353,50,bully,2419,1,0,0,55,0,770,0,1,50,150934,2419,0,56,0,0,0,LEADER,1,0,0,55,0,0,0,0,0,0,0,0,0,0,0
153203,85,bully,2268,1,0,0,55,0,770,0,1,85,150935,2268,0,56,0,0,0,LEADER,1,0,0,55,0,0,0,0,0,0,0,0,0,0,0
153142,87,bully,2212,1,0,0,55,0,770,0,1,87,150930,2212,0,56,0,0,0,LEADER,1,0,0,55,0,0,0,0,0,0,0,0,0,0,0
153350,64,bully,2416,1,0,0,55,0,770,0,1,64,150934,2416,0,56,0,0,0,LEADER,1,0,0,55,0,0,0,0,0,0,0,0,0,0,0
153199,11,bully,2264,1,0,0,55,0,770,0,1,11,150935,2264,0,56,0,0,0,LEADER,1,0,0,55,0,0,0,0,0,0,0,0,0,0,0
153289,18,bully,1434,1,0,0,56,0,784,0,1,18,151855,1434,0,57,0,0,0,LEADER,1,0,0,56,0,0,0,0,0,0,0,0,0,0,0
153408,90,bully,1553,1,0,0,56,0,784,0,1,90,151855,1553,0,57,0,0,0,LEADER,1,0,0,56,0,0,0,0,0,0,0,0,0,0,0
153302,35,bully,1447,1,0,0,56,0,784,0,1,35,151855,1447,0,57,0,0,0,LEADER,1,0,0,56,0,0,0,0,0,0,0,0,0,0,0
153183,43,bully,2249,1,0,0,55,0,770,0,1,43,150934,2249,0,56,0,0,0,LEADER,1,0,0,55,0,0,0,0,0,0,0,0,0,0,0
153322,28,bully,1467,1,0,0,56,0,784,0,1,28,151855,1467,0,57,0,0,0,LEADER,1,0,0,56,0,0,0,0,0,0,0,0,0,0,0
153160,44,bully,2228,1,0,0,55,0,770,0,1,44,150932,2228,0,56,0,0,0,LEADER,1,0,0,55,0,0,0,0,0,0,0,0,0,0,0
153996,23,bully,2141,1,0,0,56,0,784,0,1,23,151855,2141,0,57,0,0,0,LEADER,1,0,0,56,0,0,0,0,0,0,0,0,0,0,0
153316,30,bully,1461,1,0,0,56,0,784,0,1,30,151855,1461,0,57,0,0,0,LEADER,1,0,0,56,0,0,0,0,0,0,0,0,0,0,0
153714,94,bully,1859,1,0,0,56,0,784,0,1,94,151855,1859,0,57,0,0,0,LEADER,1,0,0,56,0,0,0,0,0,0,0,0,0,0,0
153356,38,bully,1501,1,0,0,56,0,784,0,1,38,151855,1501,0,57,0,0,0,LEADER,1,0,0,56,0,0,0,0,0,0,0,0,0,0,0
154035,66,bully,2180,1,0,0,56,0,784,0,1,66,151855,2180,0,57,0,0,0,LEADER,1,0,0,56,0,0,0,0,0,0,0,0,0,0,0
153341,70,bully,1486,1,0,0,56,0,784,0,1,70,151855,1486,0,57,0,0,0,LEADER,1,0,0,56,0,0,0,0,0,0,0,0,0,0,0
153986,88,bully,2131,1,0,0,56,0,784,0,1,88,151855,2131,0,57,0,0,0,LEADER,1,0,0,56,0,0,0,0,0,0,0,0,0,0,0
153169,75,bully,2235,1,0,0,55,0,770,0,1,75,150934,2235,0,56,0,0,0,LEADER,1,0,0,55,0,0,0,0,0,0,0,0,0,0,0
153179,12,bully,2243,1,0,0,55,0,770,0,1,12,150936,2243,0,56,0,0,0,LEADER,1,0,0,55,0,0,0,0,0,0,0,0,0,0,0
153880,27,bully,2025,1,0,0,56,0,784,0,1,27,151855,2025,0,57,0,0,0,LEADER,1,0,0,56,0,0,0,0,0,0,0,0,0,0,0
153369,42,bully,1514,1,0,0,56,0,784,0,1,42,151855,1514,0,57,0,0,0,LEADER,1,0,0,56,0,0,0,0,0,0,0,0,0,0,0
154016,24,bully,2161,1,0,0,56,0,784,0,1,24,151855,2161,0,57,0,0,0,LEADER,1,0,0,56,0,0,0,0,0,0,0,0,0,0,0
153968,46,bully,2113,1,0,0,56,0,784,0,1,46,151855,2113,0,57,0,0,0,LEADER,1,0,0,56,0,0,0,0,0,0,0,0,0,0,0
153492,34,bully,1637,1,0,0,56,0,784,0,1,34,151855,1637,0,57,0,0,0,LEADER,1,0,0,56,0,0,0,0,0,0,0,0,0,0,0
153865,59,bully,2010,1,0,0,56,0,784,0,1,59,151855,2010,0,57,0,0,0,LEADER,1,0,0,56,0,0,0,0,0,0,0,0,0,0,0
154147,32,bully,2292,1,0,0,56,0,784,0,1,32,151855,2292,0,57,0,0,0,LEADER,1,0,0,56,0,0,0,0,0,0,0,0,0,0,0
153762,72,bully,1907,1,0,0,56,0,784,0,1,72,151855,1907,0,57,0,0,0,LEADER,1,0,0,56,0,0,0,0,0,0,0,0,0,0,0
154174,63,bully,2316,1,0,0,56,0,784,0,1,63,151858,2316,0,57,0,0,0,LEADER,1,0,0,56,0,0,0,0,0,0,0,0,0,0,0
153647,74,bully,1792,1,0,0,56,0,784,0,1,74,151855,1792,0,57,0,0,0,LEADER,1,0,0,56,0,0,0,0,0,0,0,0,0,0,0
153389,48,bully,1534,1,0,0,56,0,784,0,1,48,151855,1534,0,57,0,0,0,LEADER,1,0,0,56,0,0,0,0,0,0,0,0,0,0,0
153850,57,bully,1995,1,0,0,56,0,784,0,1,57,151855,1995,0,57,0,0,0,LEADER,1,0,0,56,0,0,0,0,0,0,0,0,0,0,0
153920,68,bully,2065,1,0,0,56,0,784,0,1,68,151855,2065,0,57,0,0,0,LEADER,1,0,0,56,0,0,0,0,0,0,0,0,0,0,0
153321,45,bully,1466,1,0,0,56,0,784,0,1,45,151855,1466,0,57,0,0,0,LEADER,1,0,0,56,0,0,0,0,0,0,0,0,0,0,0
153678,93,bully,1823,1,0,0,56,0,784,0,1,93,151855,1823,0,57,0,0,0,LEADER,1,0,0,56,0,0,0,0,0,0,0,0,0,0,0
154259,82,bully,2404,1,0,0,56,0,784,0,1,82,151855,2404,0,57,0,0,0,LEADER,1,0,0,56,0,0,0,0,0,0,0,0,0,0,0
154253,51,bully,2398,1,0,0,56,0,784,0,1,51,151855,2398,0,57,0,0,0,LEADER,1,0,0,56,0,0,0,0,0,0,0,0,0,0,0
153798,39,bully,1943,1,0,0,56,0,784,0,1,39,151855,1943,0,57,0,0,0,LEADER,1,0,0,56,0,0,0,0,0,0,0,0,0,0,0
153544,78,bully,1689,1,0,0,56,0,784,0,1,78,151855,1689,0,57,0,0,0,LEADER,1,0,0,56,0,0,0,0,0,0,0,0,0,0,0
153932,79,bully,2077,1,0,0,56,0,784,0,1,79,151855,2077,0,57,0,0,0,LEADER,1,0,0,56,0,0,0,0,0,0,0,0,0,0,0
153507,14,bully,1652,1,0,0,56,0,784,0,1,14,151855,1652,0,57,0,0,0,LEADER,1,0,0,56,0,0,0,0,0,0,0,0,0,0,0
153934,36,bully,2080,1,0,0,56,0,784,0,1,36,151854,2080,0,57,0,0,0,LEADER,1,0,0,56,0,0,0,0,0,0,0,0,0,0,0
153817,81,bully,1962,1,0,0,56,0,784,0,1,81,151855,1962,0,57,0,0,0,LEADER,1,0,0,56,0,0,0,0,0,0,0,0,0,0,0
153477,67,bully,1622,1,0,0,56,0,784,0,1,67,151855,1622,0,57,0,0,0,LEADER,1,0,0,56,0,0,0,0,0,0,0,0,0,0,0
154238,83,bully,2383,1,0,0,56,0,784,0,1,83,151855,2383,0,57,0,0,0,LEADER,1,0,0,56,0,0,0,0,0,0,0,0,0,0,0
154382,99,bully,1607,1,0,0,56,0,784,0,1,99,152775,1607,0,57,0,0,0,LEADER,1,0,0,56,0,0,0,0,0,0,0,0,0,0,0
153559,55,bully,1704,1,0,0,56,0,784,0,1,55,151855,1704,0,57,0,0,0,LEADER,1,0,0,56,0,0,0,0,0,0,0,0,0,0,0
154349,89,bully,1574,1,0,0,56,0,784,0,1,89,152775,1574,0,57,0,0,0,LEADER,1,0,0,56,0,0,0,0,0,0,0,0,0,0,0
153511,77,bully,1656,1,0,0,56,0,784,0,1,77,151855,1656,0,57,0,0,0,LEADER,1,0,0,56,0,0,0,0,0,0,0,0,0,0,0
153783,71,bully,1928,1,0,0,56,0,784,0,1,71,151855,1928,0,57,0,0,0,LEADER,1,0,0,56,0,0,0,0,0,0,0,0,0,0,0
153695,52,bully,1840,1,0,0,56,0,784,0,1,52,151855,1840,0,57,0,0,0,LEADER,1,0,0,56,0,0,0,0,0,0,0,0,0,0,0
154062,76,bully,2213,1,0,0,56,0,784,0,1,76,151849,2213,0,57,0,0,0,LEADER,1,0,0,56,0,0,0,0,0,0,0,0,0,0,0
153662,10,bully,1807,1,0,0,56,0,784,0,1,10,151855,1807,0,57,0,0,0,LEADER,1,0,0,56,0,0,0,0,0,0,0,0,0,0,0
153595,22,bully,1740,1,0,0,56,0,784,0,1,22,151855,1740,0,57,0,0,0,LEADER,1,0,0,56,0,0,0,0,0,0,0,0,0,0,0
153742,21,bully,1889,1,0,0,56,0,784,0,1,21,151853,1889,0,57,0,0,0,LEADER,1,0,0,56,0,0,0,0,0,0,0,0,0,0,0
154001,56,bully,2146,1,0,0,56,0,784,0,1,56,151855,2146,0,57,0,0,0,LEADER,1,0,0,56,0,0,0,0,0,0,0,0,0,0,0
153526,60,bully,1671,1,0,0,56,0,784,0,1,60,151855,1671,0,57,0,0,0,LEADER,1,0,0,56,0,0,0,0,0,0,0,0,0,0,0
154379,25,bully,1604,1,0,0,56,0,784,0,1,25,152775,1604,0,57,0,0,0,LEADER,1,0,0,56,0,0,0,0,0,0,0,0,0,0,0
153592,65,bully,1737,1,0,0,56,0,784,0,1,65,151855,1737,0,57,0,0,0,LEADER,1,0,0,56,0,0,0,0,0,0,0,0,0,0,0
154268,19,bully,2413,1,0,0,56,0,784,0,1,19,151855,2413,0,57,0,0,0,LEADER,1,0,0,56,0,0,0,0,0,0,0,0,0,0,0
153898,69,bully,2043,1,0,0,56,0,784,0,1,69,151855,2043,0,57,0,0,0,LEADER,1,0,0,56,0,0,0,0,0,0,0,0,0,0,0
154500,54,bully,1725,1,0,0,56,0,784,0,1,54,152775,1725,0,57,0,0,0,LEADER,1,0,0,56,0,0,0,0,0,0,0,0,0,0,0
153847,17,bully,1992,1,0,0,56,0,784,0,1,17,151855,1992,0,57,0,0,0,LEADER,1,0,0,56,0,0,0,0,0,0,0,0,0,0,0
154361,100,bully,1586,1,0,0,56,0,784,0,1,100,152775,1586,0,57,0,0,0,LEADER,1,0,0,56,0,0,0,0,0,0,0,0,0,0,0
154324,16,bully,1549,1,0,0,56,0,784,0,1,16,152775,1549,0,57,0,0,0,LEADER,1,0,0,56,0,0,0,0,0,0,0,0,0,0,0
153913,37,bully,2058,1,0,0,56,0,784,0,1,37,151855,2058,0,57,0,0,0,LEADER,1,0,0,56,0,0,0,0,0,0,0,0,0,0,0
154549,13,bully,1774,1,0,0,56,0,784,0,1,13,152775,1774,0,57,0,0,0,LEADER,1,0,0,56,0,0,0,0,0,0,0,0,0,0,0
153710,20,bully,1855,1,0,0,56,0,784,0,1,20,151855,1855,0,57,0,0,0,LEADER,1,0,0,56,0,0,0,0,0,0,0,0,0,0,0
154342,41,bully,1567,1,0,0,56,0,784,0,1,41,152775,1567,0,57,0,0,0,LEADER,1,0,0,56,0,0,0,0,0,0,0,0,0,0,0
154331,47,bully,1556,1,0,0,56,0,784,0,1,47,152775,1556,0,57,0,0,0,LEADER,1,0,0,56,0,0,0,0,0,0,0,0,0,0,0
154157,95,bully,2301,1,0,0,56,0,784,0,1,95,151856,2301,0,57,0,0,0,LEADER,1,0,0,56,0,0,0,0,0,0,0,0,0,0,0
154020,98,bully,2165,1,0,0,56,0,784,0,1,98,151855,2165,0,57,0,0,0,LEADER,1,0,0,56,0,0,0,0,0,0,0,0,0,0,0
154204,73,bully,2349,1,0,0,56,0,784,0,1,73,151855,2349,0,57,0,0,0,LEADER,1,0,0,56,0,0,0,0,0,0,0,0,0,0,0
154527,33,bully,1752,1,0,0,56,0,784,0,1,33,152775,1752,0,57,0,0,0,LEADER,1,0,0,56,0,0,0,0,0,0,0,0,0,0,0
154497,97,bully,1722,1,0,0,56,0,784,0,1,97,152775,1722,0,57,0,0,0,LEADER,1,0,0,56,0,0,0,0,0,0,0,0,0,0,0
153750,61,bully,1895,1,0,0,56,0,784,0,1,61,151855,1895,0,57,0,0,0,LEADER,1,0,0,56,0,0,0,0,0,0,0,0,0,0,0
154186,31,bully,2331,1,0,0,56,0,784,0,1,31,151855,2331,0,57,0,0,0,LEADER,1,0,0,56,0,0,0,0,0,0,0,0,0,0,0
154697,40,bully,1922,1,0,0,56,0,784,0,1,40,152775,1922,0,57,0,0,0,LEADER,1,0,0,56,0,0,0,0,0,0,0,0,0,0,0
154687,29,bully,1910,1,0,0,56,0,784,0,1,29,152777,1910,0,57,0,0,0,LEADER,1,0,0,56,0,0,0,0,0,0,0,0,0,0,0
154515,96,bully,1744,1,0,0,56,0,784,0,1,96,152771,1744,0,57,0,0,0,LEADER,1,0,0,56,0,0,0,0,0,0,0,0,0,0,0
154600,84,bully,1825,1,0,0,56,0,784,0,1,84,152775,1825,0,57,0,0,0,LEADER,1,0,0,56,0,0,0,0,0,0,0,0,0,0,0
154294,80,bully,1519,1,0,0,56,0,784,0,1,80,152775,1519,0,57,0,0,0,LEADER,1,0,0,56,0,0,0,0,0,0,0,0,0,0,0
154138,53,bully,2283,1,0,0,56,0,784,0,1,53,151855,2283,0,57,0,0,0,LEADER,1,0,0,56,0,0,0,0,0,0,0,0,0,0,0
154213,92,bully,1438,1,0,0,56,0,784,0,1,92,152775,1438,0,57,0,0,0,LEADER,1,0,0,56,0,0,0,0,0,0,0,0,0,0,0
154387,91,bully,1619,1,0,0,56,0,784,0,1,91,152768,1619,0,57,0,0,0,LEADER,1,0,0,56,0,0,0,0,0,0,0,0,0,0,0
154649,62,bully,1874,1,0,0,56,0,784,0,1,62,152775,1874,0,57,0,0,0,LEADER,1,0,0,56,0,0,0,0,0,0,0,0,0,0,0
154346,15,bully,1571,1,0,0,56,0,784,0,1,15,152775,1571,0,57,0,0,0,LEADER,1,0,0,56,0,0,0,0,0,0,0,0,0,0,0
154016,26,bully,2161,1,0,0,56,0,784,0,1,26,151855,2161,0,57,0,0,0,LEADER,1,0,0,56,0,0,0,0,0,0,0,0,0,0,0
154752,49,bully,1977,1,0,0,56,0,784,0,1,49,152775,1977,0,57,0,0,0,LEADER,1,0,0,56,0,0,0,0,0,0,0,0,0,0,0
154567,58,bully,1792,1,0,0,56,0,784,0,1,58,152775,1792,0,57,0,0,0,LEADER,1,0,0,56,0,0,0,0,0,0,0,0,0,0,0
154101,86,bully,2246,1,0,0,56,0,784,0,1,86,151855,2246,0,57,0,0,0,LEADER,1,0,0,56,0,0,0,0,0,0,0,0,0,0,0
154274,50,bully,2419,1,0,0,56,0,784,0,1,50,151855,2419,0,57,0,0,0,LEADER,1,0,0,56,0,0,0,0,0,0,0,0,0,0,0
154124,85,bully,2268,1,0,0,56,0,784,0,1,85,151856,2268,0,57,0,0,0,LEADER,1,0,0,56,0,0,0,0,0,0,0,0,0,0,0
154063,87,bully,2212,1,0,0,56,0,784,0,1,87,151851,2212,0,57,0,0,0,LEADER,1,0,0,56,0,0,0,0,0,0,0,0,0,0,0
154271,64,bully,2416,1,0,0,56,0,784,0,1,64,151855,2416,0,57,0,0,0,LEADER,1,0,0,56,0,0,0,0,0,0,0,0,0,0,0
154209,18,bully,1434,1,0,0,56,0,784,0,1,18,152775,1434,0,57,0,0,0,LEADER,1,0,0,56,0,0,0,0,0,0,0,0,0,0,0
154120,11,bully,2264,1,0,0,56,0,784,0,1,11,151856,2264,0,57,0,0,0,LEADER,1,0,0,56,0,0,0,0,0,0,0,0,0,0,0
154328,90,bully,1553,1,0,0,56,0,784,0,1,90,152775,1553,0,57,0,0,0,LEADER,1,0,0,56,0,0,0,0,0,0,0,0,0,0,0
154222,35,bully,1447,1,0,0,56,0,784,0,1,35,152775,1447,0,57,0,0,0,LEADER,1,0,0,56,0,0,0,0,0,0,0,0,0,0,0
154104,43,bully,2249,1,0,0,56,0,784,0,1,43,151855,2249,0,57,0,0,0,LEADER,1,0,0,56,0,0,0,0,0,0,0,0,0,0,0
154242,28,bully,1467,1,0,0,56,0,784,0,1,28,152775,1467,0,57,0,0,0,LEADER,1,0,0,56,0,0,0,0,0,0,0,0,0,0,0
154081,44,bully,2228,1,0,0,56,0,784,0,1,44,151853,2228,0,57,0,0,0,LEADER,1,0,0,56,0,0,0,0,0,0,0,0,0,0,0
154916,23,bully,2141,1,0,0,56,0,784,0,1,23,152775,2141,0,57,0,0,0,LEADER,1,0,0,56,0,0,0,0,0,0,0,0,0,0,0
154236,30,bully,1461,1,0,0,56,0,784,0,1,30,152775,1461,0,57,0,0,0,LEADER,1,0,0,56,0,0,0,0,0,0,0,0,0,0,0
154634,94,bully,1859,1,0,0,56,0,784,0,1,94,152775,1859,0,57,0,0,0,LEADER,1,0,0,56,0,0,0,0,0,0,0,0,0,0,0
154276,38,bully,1501,1,0,0,56,0,784,0,1,38,152775,1501,0,57,0,0,0,LEADER,1,0,0,56,0,0,0,0,0,0,0,0,0,0,0
154955,66,bully,2180,1,0,0,56,0,784,0,1,66,152775,2180,0,57,0,0,0,LEADER,1,0,0,56,0,0,0,0,0,0,0,0,0,0,0
154261,70,bully,1486,1,0,0,56,0,784,0,1,70,152775,1486,0,57,0,0,0,LEADER,1,0,0,56,0,0,0,0,0,0,0,0,0,0,0
154906,88,bully,2131,1,0,0,56,0,784,0,1,88,152775,2131,0,57,0,0,0,LEADER,1,0,0,56,0,0,0,0,0,0,0,0,0,0,0
154090,75,bully,2235,1,0,0,56,0,784,0,1,75,151855,2235,0,57,0,0,0,LEADER,1,0,0,56,0,0,0,0,0,0,0,0,0,0,0
154100,12,bully,2243,1,0,0,56,0,784,0,1,12,151857,2243,0,57,0,0,0,LEADER,1,0,0,56,0,0,0,0,0,0,0,0,0,0,0
154800,27,bully,2025,1,0,0,56,0,784,0,1,27,152775,2025,0,57,0,0,0,LEADER,1,0,0,56,0,0,0,0,0,0,0,0,0,0,0
154289,42,bully,1514,1,0,0,56,0,784,0,1,42,152775,1514,0,57,0,0,0,LEADER,1,0,0,56,0,0,0,0,0,0,0,0,0,0,0
154936,24,bully,2161,1,0,0,56,0,784,0,1,24,152775,2161,0,57,0,0,0,LEADER,1,0,0,56,0,0,0,0,0,0,0,0,0,0,0
154888,46,bully,2113,1,0,0,56,0,784,0,1,46,152775,2113,0,57,0,0,0,LEADER,1,0,0,56,0,0,0,0,0,0,0,0,0,0,0
154412,34,bully,1637,1,0,0,56,0,784,0,1,34,152775,1637,0,57,0,0,0,LEADER,1,0,0,56,0,0,0,0,0,0,0,0,0,0,0
154785,59,bully,2010,1,0,0,56,0,784,0,1,59,152775,2010,0,57,0,0,0,LEADER,1,0,0,56,0,0,0,0,0,0,0,0,0,0,0
155067,32,bully,2292,1,0,0,56,0,784,0,1,32,152775,2292,0,57,0,0,0,LEADER,1,0,0,56,0,0,0,0,0,0,0,0,0,0,0
154682,72,bully,1907,1,0,0,56,0,784,0,1,72,152775,1907,0,57,0,0,0,LEADER,1,0,0,56,0,0,0,0,0,0,0,0,0,0,0
155094,63,bully,2316,1,0,0,56,0,784,0,1,63,152778,2316,0,57,0,0,0,LEADER,1,0,0,56,0,0,0,0,0,0,0,0,0,0,0
154567,74,bully,1792,1,0,0,56,0,784,0,1,74,152775,1792,0,57,0,0,0,LEADER,1,0,0,56,0,0,0,0,0,0,0,0,0,0,0
154309,48,bully,1534,1,0,0,56,0,784,0,1,48,152775,1534,0,57,0,0,0,LEADER,1,0,0,56,0,0,0,0,0,0,0,0,0,0,0
154770,57,bully,1995,1,0,0,56,0,784,0,1,57,152775,1995,0,57,0,0,0,LEADER,1,0,0,56,0,0,0,0,0,0,0,0,0,0,0
154840,68,bully,2065,1,0,0,56,0,784,0,1,68,152775,2065,0,57,0,0,0,LEADER,1,0,0,56,0,0,0,0,0,0,0,0,0,0,0
154241,45,bully,1466,1,0,0,56,0,784,0,1,45,152775,1466,0,57,0,0,0,LEADER,1,0,0,56,0,0,0,0,0,0,0,0,0,0,0
154598,93,bully,1823,1,0,0,56,0,784,0,1,93,152775,1823,0,57,0,0,0,LEADER,1,0,0,56,0,0,0,0,0,0,0,0,0,0,0
155179,82,bully,2404,1,0,0,56,0,784,0,1,82,152775,2404,0,57,0,0,0,LEADER,1,0,0,56,0,0,0,0,0,0,0,0,0,0,0
155173,51,bully,2398,1,0,0,56,0,784,0,1,51,152775,2398,0,57,0,0,0,LEADER,1,0,0,56,0,0,0,0,0,0,0,0,0,0,0
154718,39,bully,1943,1,0,0,56,0,784,0,1,39,152775,1943,0,57,0,0,0,LEADER,1,0,0,56,0,0,0,0,0,0,0,0,0,0,0
154464,78,bully,1689,1,0,0,56,0,784,0,1,78,152775,1689,0,57,0,0,0,LEADER,1,0,0,56,0,0,0,0,0,0,0,0,0,0,0
154852,79,bully,2077,1,0,0,56,0,784,0,1,79,152775,2077,0,57,0,0,0,LEADER,1,0,0,56,0,0,0,0,0,0,0,0,0,0,0
154427,14,bully,1652,1,0,0,56,0,784,0,1,14,152775,1652,0,57,0,0,0,LEADER,1,0,0,56,0,0,0,0,0,0,0,0,0,0,0
154854,36,bully,2080,1,0,0,56,0,784,0,1,36,152774,2080,0,57,0,0,0,LEADER,1,0,0,56,0,0,0,0,0,0,0,0,0,0,0
154737,81,bully,1962,1,0,0,56,0,784,0,1,81,152775,1962,0,57,0,0,0,LEADER,1,0,0,56,0,0,0,0,0,0,0,0,0,0,0
154397,67,bully,1622,1,0,0,56,0,784,0,1,67,152775,1622,0,57,0,0,0,LEADER,1,0,0,56,0,0,0,0,0,0,0,0,0,0,0
155158,83,bully,2383,1,0,0,56,0,784,0,1,83,152775,2383,0,57,0,0,0,LEADER,1,0,0,56,0,0,0,0,0,0,0,0,0,0,0
155302,99,bully,1607,1,0,0,56,0,784,0,1,99,153695,1607,0,57,0,0,0,LEADER,1,0,0,56,0,0,0,0,0,0,0,0,0,0,0
154479,55,bully,1704,1,0,0,56,0,784,0,1,55,152775,1704,0,57,0,0,0,LEADER,1,0,0,56,0,0,0,0,0,0,0,0,0,0,0
155269,89,bully,1574,1,0,0,56,0,784,0,1,89,153695,1574,0,57,0,0,0,LEADER,1,0,0,56,0,0,0,0,0,0,0,0,0,0,0
154431,77,bully,1656,1,0,0,56,0,784,0,1,77,152775,1656,0,57,0,0,0,LEADER,1,0,0,56,0,0,0,0,0,0,0,0,0,0,0
154703,71,bully,1928,1,0,0,56,0,784,0,1,71,152775,1928,0,57,0,0,0,LEADER,1,0,0,56,0,0,0,0,0,0,0,0,0,0,0
154517,3,bully,1903,1,0,0,9,21,126,294,4,2,152614,1903,0,6,0,0,0,NORMAL,0,0,0,9,0,0,0,21,0,0,0,0,0,0,0
154615,52,bully,1840,1,0,0,56,0,784,0,1,52,152775,1840,0,57,0,0,0,LEADER,1,0,0,56,0,0,0,0,0,0,0,0,0,0,0
154982,76,bully,2213,1,0,0,56,0,784,0,1,76,152769,2213,0,57,0,0,0,LEADER,1,0,0,56,0,0,0,0,0,0,0,0,0,0,0
154582,10,bully,1807,1,0,0,56,0,784,0,1,10,152775,1807,0,57,0,0,0,LEADER,1,0,0,56,0,0,0,0,0,0,0,0,0,0,0
154515,22,bully,1740,1,0,0,56,0,784,0,1,22,152775,1740,0,57,0,0,0,LEADER,1,0,0,56,0,0,0,0,0,0,0,0,0,0,0
154662,21,bully,1889,1,0,0,56,0,784,0,1,21,152773,1889,0,57,0,0,0,LEADER,1,0,0,56,0,0,0,0,0,0,0,0,0,0,0
154921,56,bully,2146,1,0,0,56,0,784,0,1,56,152775,2146,0,57,0,0,0,LEADER,1,0,0,56,0,0,0,0,0,0,0,0,0,0,0
154446,60,bully,1671,1,0,0,56,0,784,0,1,60,152775,1671,0,57,0,0,0,LEADER,1,0,0,56,0,0,0,0,0,0,0,0,0,0,0
155299,25,bully,1604,1,0,0,56,0,784,0,1,25,153695,1604,0,57,0,0,0,LEADER,1,0,0,56,0,0,0,0,0,0,0,0,0,0,0
154512,65,bully,1737,1,0,0,56,0,784,0,1,65,152775,1737,0,57,0,0,0,LEADER,1,0,0,56,0,0,0,0,0,0,0,0,0,0,0
155188,19,bully,2413,1,0,0,56,0,784,0,1,19,152775,2413,0,57,0,0,0,LEADER,1,0,0,56,0,0,0,0,0,0,0,0,0,0,0
154818,69,bully,2043,1,0,0,56,0,784,0,1,69,152775,2043,0,57,0,0,0,LEADER,1,0,0,56,0,0,0,0,0,0,0,0,0,0,0
155420,54,bully,1725,1,0,0,56,0,784,0,1,54,153695,1725,0,57,0,0,0,LEADER,1,0,0,56,0,0,0,0,0,0,0,0,0,0,0
154767,17,bully,1992,1,0,0,56,0,784,0,1,17,152775,1992,0,57,0,0,0,LEADER,1,0,0,56,0,0,0,0,0,0,0,0,0,0,0
155281,100,bully,1586,1,0,0,56,0,784,0,1,100,153695,1586,0,57,0,0,0,LEADER,1,0,0,56,0,0,0,0,0,0,0,0,0,0,0
155244,16,bully,1549,1,0,0,56,0,784,0,1,16,153695,1549,0,57,0,0,0,LEADER,1,0,0,56,0,0,0,0,0,0,0,0,0,0,0
154833,37,bully,2058,1,0,0,56,0,784,0,1,37,152775,2058,0,57,0,0,0,LEADER,1,0,0,56,0,0,0,0,0,0,0,0,0,0,0
155469,13,bully,1774,1,0,0,56,0,784,0,1,13,153695,1774,0,57,0,0,0,LEADER,1,0,0,56,0,0,0,0,0,0,0,0,0,0,0
154630,20,bully,1855,1,0,0,56,0,784,0,1,20,152775,1855,0,57,0,0,0,LEADER,1,0,0,56,0,0,0,0,0,0,0,0,0,0,0
155262,41,bully,1567,1,0,0,56,0,784,0,1,41,153695,1567,0,57,0,0,0,LEADER,1,0,0,56,0,0,0,0,0,0,0,0,0,0,0
155251,47,bully,1556,1,0,0,56,0,784,0,1,47,153695,1556,0,57,0,0,0,LEADER,1,0,0,56,0,0,0,0,0,0,0,0,0,0,0
155077,95,bully,2301,1,0,0,56,0,784,0,1,95,152776,2301,0,57,0,0,0,LEADER,1,0,0,56,0,0,0,0,0,0,0,0,0,0,0
154940,98,bully,2165,1,0,0,56,0,784,0,1,98,152775,2165,0,57,0,0,0,LEADER,1,0,0,56,0,0,0,0,0,0,0,0,0,0,0
155124,73,bully,2349,1,0,0,56,0,784,0,1,73,152775,2349,0,57,0,0,0,LEADER,1,0,0,56,0,0,0,0,0,0,0,0,0,0,0
155447,33,bully,1752,1,0,0,56,0,784,0,1,33,153695,1752,0,57,0,0,0,LEADER,1,0,0,56,0,0,0,0,0,0,0,0,0,0,0
155417,97,bully,1722,1,0,0,56,0,784,0,1,97,153695,1722,0,57,0,0,0,LEADER,1,0,0,56,0,0,0,0,0,0,0,0,0,0,0
154670,61,bully,1895,1,0,0,56,0,784,0,1,61,152775,1895,0,57,0,0,0,LEADER,1,0,0,56,0,0,0,0,0,0,0,0,0,0,0
155106,31,bully,2331,1,0,0,56,0,784,0,1,31,152775,2331,0,57,0,0,0,LEADER,1,0,0,56,0,0,0,0,0,0,0,0,0,0,0
155617,40,bully,1922,1,0,0,56,0,784,0,1,40,153695,1922,0,57,0,0,0,LEADER,1,0,0,56,0,0,0,0,0,0,0,0,0,0,0
155607,29,bully,1910,1,0,0,56,0,784,0,1,29,153697,1910,0,57,0,0,0,LEADER,1,0,0,56,0,0,0,0,0,0,0,0,0,0,0
155435,96,bully,1744,1,0,0,56,0,784,0,1,96,153691,1744,0,57,0,0,0,LEADER,1,0,0,56,0,0,0,0,0,0,0,0,0,0,0
155520,84,bully,1825,1,0,0,56,0,784,0,1,84,153695,1825,0,57,0,0,0,LEADER,1,0,0,56,0,0,0,0,0,0,0,0,0,0,0
155214,80,bully,1519,1,0,0,56,0,784,0,1,80,153695,1519,0,57,0,0,0,LEADER,1,0,0,56,0,0,0,0,0,0,0,0,0,0,0
155058,53,bully,2283,1,0,0,56,0,784,0,1,53,152775,2283,0,57,0,0,0,LEADER,1,0,0,56,0,0,0,0,0,0,0,0,0,0,0
155133,92,bully,1438,1,0,0,56,0,784,0,1,92,153695,1438,0,57,0,0,0,LEADER,1,0,0,56,0,0,0,0,0,0,0,0,0,0,0
155307,91,bully,1619,1,0,0,56,0,784,0,1,91,153688,1619,0,57,0,0,0,LEADER,1,0,0,56,0,0,0,0,0,0,0,0,0,0,0
155569,62,bully,1874,1,0,0,56,0,784,0,1,62,153695,1874,0,57,0,0,0,LEADER,1,0,0,56,0,0,0,0,0,0,0,0,0,0,0
155266,15,bully,1571,1,0,0,56,0,784,0,1,15,153695,1571,0,57,0,0,0,LEADER,1,0,0,56,0,0,0,0,0,0,0,0,0,0,0
154936,26,bully,2161,1,0,0,56,0,784,0,1,26,152775,2161,0,57,0,0,0,LEADER,1,0,0,56,0,0,0,0,0,0,0,0,0,0,0
155672,49,bully,1977,1,0,0,56,0,784,0,1,49,153695,1977,0,57,0,0,0,LEADER,1,0,0,56,0,0,0,0,0,0,0,0,0,0,0
155487,58,bully,1792,1,0,0,56,0,784,0,1,58,153695,1792,0,57,0,0,0,LEADER,1,0,0,56,0,0,0,0,0,0,0,0,0,0,0
155021,86,bully,2246,1,0,0,56,0,784,0,1,86,152775,2246,0,57,0,0,0,LEADER,1,0,0,56,0,0,0,0,0,0,0,0,0,0,0
155194,50,bully,2419,1,0,0,56,0,784,0,1,50,152775,2419,0,57,0,0,0,LEADER,1,0,0,56,0,0,0,0,0,0,0,0,0,0,0
155044,85,bully,2268,1,0,0,56,0,784,0,1,85,152776,2268,0,57,0,0,0,LEADER,1,0,0,56,0,0,0,0,0,0,0,0,0,0,0
154983,87,bully,2212,1,0,0,56,0,784,0,1,87,152771,2212,0,57,0,0,0,LEADER,1,0,0,56,0,0,0,0,0,0,0,0,0,0,0
155191,64,bully,2416,1,0,0,56,0,784,0,1,64,152775,2416,0,57,0,0,0,LEADER,1,0,0,56,0,0,0,0,0,0,0,0,0,0,0
155129,18,bully,1434,1,0,0,56,0,784,0,1,18,153695,1434,0,57,0,0,0,LEADER,1,0,0,56,0,0,0,0,0,0,0,0,0,0,0
155040,11,bully,2264,1,0,0,56,0,784,0,1,11,152776,2264,0,57,0,0,0,LEADER,1,0,0,56,0,0,0,0,0,0,0,0,0,0,0
155248,90,bully,1553,1,0,0,56,0,784,0,1,90,153695,1553,0,57,0,0,0,LEADER,1,0,0,56,0,0,0,0,0,0,0,0,0,0,0
155142,35,bully,1447,1,0,0,56,0,784,0,1,35,153695,1447,0,57,0,0,0,LEADER,1,0,0,56,0,0,0,0,0,0,0,0,0,0,0
155024,43,bully,2249,1,0,0,56,0,784,0,1,43,152775,2249,0,57,0,0,0,LEADER,1,0,0,56,0,0,0,0,0,0,0,0,0,0,0
155162,28,bully,1467,1,0,0,56,0,784,0,1,28,153695,1467,0,57,0,0,0,LEADER,1,0,0,56,0,0,0,0,0,0,0,0,0,0,0
155001,44,bully,2228,1,0,0,56,0,784,0,1,44,152773,2228,0,57,0,0,0,LEADER,1,0,0,56,0,0,0,0,0,0,0,0,0,0,0
155836,23,bully,2141,1,0,0,56,0,784,0,1,23,153695,2141,0,57,0,0,0,LEADER,1,0,0,56,0,0,0,0,0,0,0,0,0,0,0
155156,30,bully,1461,1,0,0,56,0,784,0,1,30,153695,1461,0,57,0,0,0,LEADER,1,0,0,56,0,0,0,0,0,0,0,0,0,0,0
155554,94,bully,1859,1,0,0,56,0,784,0,1,94,153695,1859,0,57,0,0,0,LEADER,1,0,0,56,0,0,0,0,0,0,0,0,0,0,0
155196,38,bully,1501,1,0,0,56,0,784,0,1,38,153695,1501,0,57,0,0,0,LEADER,1,0,0,56,0,0,0,0,0,0,0,0,0,0,0
155875,66,bully,2180,1,0,0,56,0,784,0,1,66,153695,2180,0,57,0,0,0,LEADER,1,0,0,56,0,0,0,0,0,0,0,0,0,0,0
155181,70,bully,1486,1,0,0,56,0,784,0,1,70,153695,1486,0,57,0,0,0,LEADER,1,0,0,56,0,0,0,0,0,0,0,0,0,0,0
155826,88,bully,2131,1,0,0,56,0,784,0,1,88,153695,2131,0,57,0,0,0,LEADER,1,0,0,56,0,0,0,0,0,0,0,0,0,0,0
155010,75,bully,2235,1,0,0,56,0,784,0,1,75,152775,2235,0,57,0,0,0,LEADER,1,0,0,56,0,0,0,0,0,0,0,0,0,0,0
155020,12,bully,2243,1,0,0,56,0,784,0,1,12,152777,2243,0,57,0,0,0,LEADER,1,0,0,56,0,0,0,0,0,0,0,0,0,0,0
155720,27,bully,2025,1,0,0,56,0,784,0,1,27,153695,2025,0,57,0,0,0,LEADER,1,0,0,56,0,0,0,0,0,0,0,0,0,0,0
155209,42,bully,1514,1,0,0,56,0,784,0,1,42,153695,1514,0,57,0,0,0,LEADER,1,0,0,56,0,0,0,0,0,0,0,0,0,0,0
155856,24,bully,2161,1,0,0,56,0,784,0,1,24,153695,2161,0,57,0,0,0,LEADER,1,0,0,56,0,0,0,0,0,0,0,0,0,0,0
155808,46,bully,2113,1,0,0,56,0,784,0,1,46,153695,2113,0,57,0,0,0,LEADER,1,0,0,56,0,0,0,0,0,0,0,0,0,0,0
155332,34,bully,1637,1,0,0,56,0,784,0,1,34,153695,1637,0,57,0,0,0,LEADER,1,0,0,56,0,0,0,0,0,0,0,0,0,0,0
155705,59,bully,2010,1,0,0,56,0,784,0,1,59,153695,2010,0,57,0,0,0,LEADER,1,0,0,56,0,0,0,0,0,0,0,0,0,0,0
155987,32,bully,2292,1,0,0,56,0,784,0,1,32,153695,2292,0,57,0,0,0,LEADER,1,0,0,56,0,0,0,0,0,0,0,0,0,0,0
155602,72,bully,1907,1,0,0,56,0,784,0,1,72,153695,1907,0,57,0,0,0,LEADER,1,0,0,56,0,0,0,0,0,0,0,0,0,0,0
156014,63,bully,2316,1,0,0,56,0,784,0,1,63,153698,2316,0,57,0,0,0,LEADER,1,0,0,56,0,0,0,0,0,0,0,0,0,0,0
155487,74,bully,1792,1,0,0,56,0,784,0,1,74,153695,1792,0,57,0,0,0,LEADER,1,0,0,56,0,0,0,0,0,0,0,0,0,0,0
155229,48,bully,1534,1,0,0,56,0,784,0,1,48,153695,1534,0,57,0,0,0,LEADER,1,0,0,56,0,0,0,0,0,0,0,0,0,0,0
155690,57,bully,1995,1,0,0,56,0,784,0,1,57,153695,1995,0,57,0,0,0,LEADER,1,0,0,56,0,0,0,0,0,0,0,0,0,0,0
155760,68,bully,2065,1,0,0,56,0,784,0,1,68,153695,2065,0,57,0,0,0,LEADER,1,0,0,56,0,0,0,0,0,0,0,0,0,0,0
155161,45,bully,1466,1,0,0,56,0,784,0,1,45,153695,1466,0,57,0,0,0,LEADER,1,0,0,56,0,0,0,0,0,0,0,0,0,0,0
155518,93,bully,1823,1,0,0,56,0,784,0,1,93,153695,1823,0,57,0,0,0,LEADER,1,0,0,56,0,0,0,0,0,0,0,0,0,0,0
156099,82,bully,2404,1,0,0,56,0,784,0,1,82,153695,2404,0,57,0,0,0,LEADER,1,0,0,56,0,0,0,0,0,0,0,0,0,0,0
156093,51,bully,2398,1,0,0,56,0,784,0,1,51,153695,2398,0,57,0,0,0,LEADER,1,0,0,56,0,0,0,0,0,0,0,0,0,0,0
155638,39,bully,1943,1,0,0,56,0,784,0,1,39,153695,1943,0,57,0,0,0,LEADER,1,0,0,56,0,0,0,0,0,0,0,0,0,0,0
155384,78,bully,1689,1,0,0,56,0,784,0,1,78,153695,1689,0,57,0,0,0,LEADER,1,0,0,56,0,0,0,0,0,0,0,0,0,0,0
155772,79,bully,2077,1,0,0,56,0,784,0,1,79,153695,2077,0,57,0,0,0,LEADER,1,0,0,56,0,0,0,0,0,0,0,0,0,0,0
155347,14,bully,1652,1,0,0,56,0,784,0,1,14,153695,1652,0,57,0,0,0,LEADER,1,0,0,56,0,0,0,0,0,0,0,0,0,0,0
155774,36,bully,2080,1,0,0,56,0,784,0,1,36,153694,2080,0,57,0,0,0,LEADER,1,0,0,56,0,0,0,0,0,0,0,0,0,0,0
155657,81,bully,1962,1,0,0,56,0,784,0,1,81,153695,1962,0,57,0,0,0,LEADER,1,0,0,56,0,0,0,0,0,0,0,0,0,0,0
155317,67,bully,1622,1,0,0,56,0,784,0,1,67,153695,1622,0,57,0,0,0,LEADER,1,0,0,56,0,0,0,0,0,0,0,0,0,0,0
156078,83,bully,2383,1,0,0,56,0,784,0,1,83,153695,2383,0,57,0,0,0,LEADER,1,0,0,56,0,0,0,0,0,0,0,0,0,0,0
156223,99,bully,1607,1,0,0,57,0,798,0,1,99,154616,1607,0,58,0,0,0,LEADER,1,0,0,57,0,0,0,0,0,0,0,0,0,0,0
155399,55,bully,1704,1,0,0,56,0,784,0,1,55,153695,1704,0,57,0,0,0,LEADER,1,0,0,56,0,0,0,0,0,0,0,0,0,0,0
156190,89,bully,1574,1,0,0,57,0,798,0,1,89,154616,1574,0,58,0,0,0,LEADER,1,0,0,57,0,0,0,0,0,0,0,0,0,0,0
155351,77,bully,1656,1,0,0,56,0,784,0,1,77,153695,1656,0,57,0,0,0,LEADER,1,0,0,56,0,0,0,0,0,0,0,0,0,0,0
155623,71,bully,1928,1,0,0,56,0,784,0,1,71,153695,1928,0,57,0,0,0,LEADER,1,0,0,56,0,0,0,0,0,0,0,0,0,0,0
155535,52,bully,1840,1,0,0,56,0,784,0,1,52,153695,1840,0,57,0,0,0,LEADER,1,0,0,56,0,0,0,0,0,0,0,0,0,0,0
155902,76,bully,2213,1,0,0,56,0,784,0,1,76,153689,2213,0,57,0,0,0,LEADER,1,0,0,56,0,0,0,0,0,0,0,0,0,0,0
155502,10,bully,1807,1,0,0,56,0,784,0,1,10,153695,1807,0,57,0,0,0,LEADER,1,0,0,56,0,0,0,0,0,0,0,0,0,0,0
155435,22,bully,1740,1,0,0,56,0,784,0,1,22,153695,1740,0,57,0,0,0,LEADER,1,0,0,56,0,0,0,0,0,0,0,0,0,0,0
155582,21,bully,1889,1,0,0,56,0,784,0,1,21,153693,1889,0,57,0,0,0,LEADER,1,0,0,56,0,0,0,0,0,0,0,0,0,0,0
155841,56,bully,2146,1,0,0,56,0,784,0,1,56,153695,2146,0,57,0,0,0,LEADER,1,0,0,56,0,0,0,0,0,0,0,0,0,0,0
155366,60,bully,1671,1,0,0,56,0,784,0,1,60,153695,1671,0,57,0,0,0,LEADER,1,0,0,56,0,0,0,0,0,0,0,0,0,0,0
156220,25,bully,1604,1,0,0,57,0,798,0,1,25,154616,1604,0,58,0,0,0,LEADER,1,0,0,57,0,0,0,0,0,0,0,0,0,0,0
155432,65,bully,1737,1,0,0,56,0,784,0,1,65,153695,1737,0,57,0,0,0,LEADER,1,0,0,56,0,0,0,0,0,0,0,0,0,0,0
156108,19,bully,2413,1,0,0,56,0,784,0,1,19,153695,2413,0,57,0,0,0,LEADER,1,0,0,56,0,0,0,0,0,0,0,0,0,0,0
155738,69,bully,2043,1,0,0,56,0,784,0,1,69,153695,2043,0,57,0,0,0,LEADER,1,0,0,56,0,0,0,0,0,0,0,0,0,0,0
156341,54,bully,1725,1,0,0,57,0,798,0,1,54,154616,1725,0,58,0,0,0,LEADER,1,0,0,57,0,0,0,0,0,0,0,0,0,0,0
155687,17,bully,1992,1,0,0,56,0,784,0,1,17,153695,1992,0,57,0,0,0,LEADER,1,0,0,56,0,0,0,0,0,0,0,0,0,0,0
156202,100,bully,1586,1,0,0,57,0,798,0,1,100,154616,1586,0,58,0,0,0,LEADER,1,0,0,57,0,0,0,0,0,0,0,0,0,0,0
156165,16,bully,1549,1,0,0,57,0,798,0,1,16,154616,1549,0,58,0,0,0,LEADER,1,0,0,57,0,0,0,0,0,0,0,0,0,0,0
155753,37,bully,2058,1,0,0,56,0,784,0,1,37,153695,2058,0,57,0,0,0,LEADER,1,0,0,56,0,0,0,0,0,0,0,0,0,0,0
156390,13,bully,1774,1,0,0,57,0,798,0,1,13,154616,1774,0,58,0,0,0,LEADER,1,0,0,57,0,0,0,0,0,0,0,0,0,0,0
155550,20,bully,1855,1,0,0,56,0,784,0,1,20,153695,1855,0,57,0,0,0,LEADER,1,0,0,56,0,0,0,0,0,0,0,0,0,0,0
156183,41,bully,1567,1,0,0,57,0,798,0,1,41,154616,1567,0,58,0,0,0,LEADER,1,0,0,57,0,0,0,0,0,0,0,0,0,0,0
156172,47,bully,1556,1,0,0,57,0,798,0,1,47,154616,1556,0,58,0,0,0,LEADER,1,0,0,57,0,0,0,0,0,0,0,0,0,0,0
155997,95,bully,2301,1,0,0,56,0,784,0,1,95,153696,2301,0,57,0,0,0,LEADER,1,0,0,56,0,0,0,0,0,0,0,0,0,0,0
155860,98,bully,2165,1,0,0,56,0,784,0,1,98,153695,2165,0,57,0,0,0,LEADER,1,0,0,56,0,0,0,0,0,0,0,0,0,0,0
156044,73,bully,2349,1,0,0,56,0,784,0,1,73,153695,2349,0,57,0,0,0,LEADER,1,0,0,56,0,0,0,0,0,0,0,0,0,0,0
155590,61,bully,1895,1,0,0,56,0,784,0,1,61,153695,1895,0,57,0,0,0,LEADER,1,0,0,56,0,0,0,0,0,0,0,0,0,0,0
156338,97,bully,1722,1,0,0,57,0,798,0,1,97,154616,1722,0,58,0,0,0,LEADER,1,0,0,57,0,0,0,0,0,0,0,0,0,0,0
156368,33,bully,1752,1,0,0,57,0,798,0,1,33,154616,1752,0,58,0,0,0,LEADER,1,0,0,57,0,0,0,0,0,0,0,0,0,0,0
156026,31,bully,2331,1,0,0,56,0,784,0,1,31,153695,2331,0,57,0,0,0,LEADER,1,0,0,56,0,0,0,0,0,0,0,0,0,0,0
156538,40,bully,1922,1,0,0,57,0,798,0,1,40,154616,1922,0,58,0,0,0,LEADER,1,0,0,57,0,0,0,0,0,0,0,0,0,0,0
156528,29,bully,1910,1,0,0,57,0,798,0,1,29,154618,1910,0,58,0,0,0,LEADER,1,0,0,57,0,0,0,0,0,0,0,0,0,0,0
156356,96,bully,1744,1,0,0,57,0,798,0,1,96,154612,1744,0,58,0,0,0,LEADER,1,0,0,57,0,0,0,0,0,0,0,0,0,0,0
156441,84,bully,1825,1,0,0,57,0,798,0,1,84,154616,1825,0,58,0,0,0,LEADER,1,0,0,57,0,0,0,0,0,0,0,0,0,0,0
156135,80,bully,1519,1,0,0,57,0,798,0,1,80,154616,1519,0,58,0,0,0,LEADER,1,0,0,57,0,0,0,0,0,0,0,0,0,0,0
155978,53,bully,2283,1,0,0,56,0,784,0,1,53,153695,2283,0,57,0,0,0,LEADER,1,0,0,56,0,0,0,0,0,0,0,0,0,0,0
156054,92,bully,1438,1,0,0,57,0,798,0,1,92,154616,1438,0,58,0,0,0,LEADER,1,0,0,57,0,0,0,0,0,0,0,0,0,0,0
156228,91,bully,1619,1,0,0,57,0,798,0,1,91,154609,1619,0,58,0,0,0,LEADER,1,0,0,57,0,0,0,0,0,0,0,0,0,0,0
156490,62,bully,1874,1,0,0,57,0,798,0,1,62,154616,1874,0,58,0,0,0,LEADER,1,0,0,57,0,0,0,0,0,0,0,0,0,0,0
156187,15,bully,1571,1,0,0,57,0,798,0,1,15,154616,1571,0,58,0,0,0,LEADER,1,0,0,57,0,0,0,0,0,0,0,0,0,0,0
155856,26,bully,2161,1,0,0,56,0,784,0,1,26,153695,2161,0,57,0,0,0,LEADER,1,0,0,56,0,0,0,0,0,0,0,0,0,0,0
156593,49,bully,1977,1,0,0,57,0,798,0,1,49,154616,1977,0,58,0,0,0,LEADER,1,0,0,57,0,0,0,0,0,0,0,0,0,0,0
156408,58,bully,1792,1,0,0,57,0,798,0,1,58,154616,1792,0,58,0,0,0,LEADER,1,0,0,57,0,0,0,0,0,0,0,0,0,0,0
155941,86,bully,2246,1,0,0,56,0,784,0,1,86,153695,2246,0,57,0,0,0,LEADER,1,0,0,56,0,0,0,0,0,0,0,0,0,0,0
156114,50,bully,2419,1,0,0,56,0,784,0,1,50,153695,2419,0,57,0,0,0,LEADER,1,0,0,56,0,0,0,0,0,0,0,0,0,0,0
155964,85,bully,2268,1,0,0,56,0,784,0,1,85,153696,2268,0,57,0,0,0,LEADER,1,0,0,56,0,0,0,0,0,0,0,0,0,0,0
155903,87,bully,2212,1,0,0,56,0,784,0,1,87,153691,2212,0,57,0,0,0,LEADER,1,0,0,56,0,0,0,0,0,0,0,0,0,0,0
156111,64,bully,2416,1,0,0,56,0,784,0,1,64,153695,2416,0,57,0,0,0,LEADER,1,0,0,56,0,0,0,0,0,0,0,0,0,0,0
155960,11,bully,2264,1,0,0,56,0,784,0,1,11,153696,2264,0,57,0,0,0,LEADER,1,0,0,56,0,0,0,0,0,0,0,0,0,0,0
156050,18,bully,1434,1,0,0,57,0,798,0,1,18,154616,1434,0,58,0,0,0,LEADER,1,0,0,57,0,0,0,0,0,0,0,0,0,0,0
156169,90,bully,1553,1,0,0,57,0,798,0,1,90,154616,1553,0,58,0,0,0,LEADER,1,0,0,57,0,0,0,0,0,0,0,0,0,0,0
156063,35,bully,1447,1,0,0,57,0,798,0,1,35,154616,1447,0,58,0,0,0,LEADER,1,0,0,57,0,0,0,0,0,0,0,0,0,0,0
155944,43,bully,2249,1,0,0,56,0,784,0,1,43,153695,2249,0,57,0,0,0,LEADER,1,0,0,56,0,0,0,0,0,0,0,0,0,0,0
156083,28,bully,1467,1,0,0,57,0,798,0,1,28,154616,1467,0,58,0,0,0,LEADER,1,0,0,57,0,0,0,0,0,0,0,0,0,0,0
155921,44,bully,2228,1,0,0,56,0,784,0,1,44,153693,2228,0,57,0,0,0,LEADER,1,0,0,56,0,0,0,0,0,0,0,0,0,0,0
156757,23,bully,2141,1,0,0,57,0,798,0,1,23,154616,2141,0,58,0,0,0,LEADER,1,0,0,57,0,0,0,0,0,0,0,0,0,0,0
156077,30,bully,1461,1,0,0,57,0,798,0,1,30,154616,1461,0,58,0,0,0,LEADER,1,0,0,57,0,0,0,0,0,0,0,0,0,0,0
156475,94,bully,1859,1,0,0,57,0,798,0,1,94,154616,1859,0,58,0,0,0,LEADER,1,0,0,57,0,0,0,0,0,0,0,0,0,0,0
156117,38,bully,1501,1,0,0,57,0,798,0,1,38,154616,1501,0,58,0,0,0,LEADER,1,0,0,57,0,0,0,0,0,0,0,0,0,0,0
156796,66,bully,2180,1,0,0,57,0,798,0,1,66,154616,2180,0,58,0,0,0,LEADER,1,0,0,57,0,0,0,0,0,0,0,0,0,0,0
156102,70,bully,1486,1,0,0,57,0,798,0,1,70,154616,1486,0,58,0,0,0,LEADER,1,0,0,57,0,0,0,0,0,0,0,0,0,0,0
156747,88,bully,2131,1,0,0,57,0,798,0,1,88,154616,2131,0,58,0,0,0,LEADER,1,0,0,57,0,0,0,0,0,0,0,0,0,0,0
155930,75,bully,2235,1,0,0,56,0,784,0,1,75,153695,2235,0,57,0,0,0,LEADER,1,0,0,56,0,0,0,0,0,0,0,0,0,0,0
155940,12,bully,2243,1,0,0,56,0,784,0,1,12,153697,2243,0,57,0,0,0,LEADER,1,0,0,56,0,0,0,0,0,0,0,0,0,0,0
156641,27,bully,2025,1,0,0,57,0,798,0,1,27,154616,2025,0,58,0,0,0,LEADER,1,0,0,57,0,0,0,0,0,0,0,0,0,0,0
156130,42,bully,1514,1,0,0,57,0,798,0,1,42,154616,1514,0,58,0,0,0,LEADER,1,0,0,57,0,0,0,0,0,0,0,0,0,0,0
156777,24,bully,2161,1,0,0,57,0,798,0,1,24,154616,2161,0,58,0,0,0,LEADER,1,0,0,57,0,0,0,0,0,0,0,0,0,0,0
156729,46,bully,2113,1,0,0,57,0,798,0,1,46,154616,2113,0,58,0,0,0,LEADER,1,0,0,57,0,0,0,0,0,0,0,0,0,0,0
156253,34,bully,1637,1,0,0,57,0,798,0,1,34,154616,1637,0,58,0,0,0,LEADER,1,0,0,57,0,0,0,0,0,0,0,0,0,0,0
156626,59,bully,2010,1,0,0,57,0,798,0,1,59,154616,2010,0,58,0,0,0,LEADER,1,0,0,57,0,0,0,0,0,0,0,0,0,0,0
156908,32,bully,2292,1,0,0,57,0,798,0,1,32,154616,2292,0,58,0,0,0,LEADER,1,0,0,57,0,0,0,0,0,0,0,0,0,0,0
156523,72,bully,1907,1,0,0,57,0,798,0,1,72,154616,1907,0,58,0,0,0,LEADER,1,0,0,57,0,0,0,0,0,0,0,0,0,0,0
156935,63,bully,2316,1,0,0,57,0,798,0,1,63,154619,2316,0,58,0,0,0,LEADER,1,0,0,57,0,0,0,0,0,0,0,0,0,0,0
156408,74,bully,1792,1,0,0,57,0,798,0,1,74,154616,1792,0,58,0,0,0,LEADER,1,0,0,57,0,0,0,0,0,0,0,0,0,0,0
156150,48,bully,1534,1,0,0,57,0,798,0,1,48,154616,1534,0,58,0,0,0,LEADER,1,0,0,57,0,0,0,0,0,0,0,0,0,0,0
156611,57,bully,1995,1,0,0,57,0,798,0,1,57,154616,1995,0,58,0,0,0,LEADER,1,0,0,57,0,0,0,0,0,0,0,0,0,0,0
156681,68,bully,2065,1,0,0,57,0,798,0,1,68,154616,2065,0,58,0,0,0,LEADER,1,0,0,57,0,0,0,0,0,0,0,0,0,0,0
156082,45,bully,1466,1,0,0,57,0,798,0,1,45,154616,1466,0,58,0,0,0,LEADER,1,0,0,57,0,0,0,0,0,0,0,0,0,0,0
156439,93,bully,1823,1,0,0,57,0,798,0,1,93,154616,1823,0,58,0,0,0,LEADER,1,0,0,57,0,0,0,0,0,0,0,0,0,0,0
157020,82,bully,2404,1,0,0,57,0,798,0,1,82,154616,2404,0,58,0,0,0,LEADER,1,0,0,57,0,0,0,0,0,0,0,0,0,0,0
157014,51,bully,2398,1,0,0,57,0,798,0,1,51,154616,2398,0,58,0,0,0,LEADER,1,0,0,57,0,0,0,0,0,0,0,0,0,0,0
156559,39,bully,1943,1,0,0,57,0,798,0,1,39,154616,1943,0,58,0,0,0,LEADER,1,0,0,57,0,0,0,0,0,0,0,0,0,0,0
156305,78,bully,1689,1,0,0,57,0,798,0,1,78,154616,1689,0,58,0,0,0,LEADER,1,0,0,57,0,0,0,0,0,0,0,0,0,0,0
156693,79,bully,2077,1,0,0,57,0,798,0,1,79,154616,2077,0,58,0,0,0,LEADER,1,0,0,57,0,0,0,0,0,0,0,0,0,0,0
156268,14,bully,1652,1,0,0,57,0,798,0,1,14,154616,1652,0,58,0,0,0,LEADER,1,0,0,57,0,0,0,0,0,0,0,0,0,0,0
156695,36,bully,2080,1,0,0,57,0,798,0,1,36,154615,2080,0,58,0,0,0,LEADER,1,0,0,57,0,0,0,0,0,0,0,0,0,0,0
156578,81,bully,1962,1,0,0,57,0,798,0,1,81,154616,1962,0,58,0,0,0,LEADER,1,0,0,57,0,0,0,0,0,0,0,0,0,0,0
156238,67,bully,1622,1,0,0,57,0,798,0,1,67,154616,1622,0,58,0,0,0,LEADER,1,0,0,57,0,0,0,0,0,0,0,0,0,0,0
156999,83,bully,2383,1,0,0,57,0,798,0,1,83,154616,2383,0,58,0,0,0,LEADER,1,0,0,57,0,0,0,0,0,0,0,0,0,0,0
157143,99,bully,1607,1,0,0,57,0,798,0,1,99,155536,1607,0,58,0,0,0,LEADER,1,0,0,57,0,0,0,0,0,0,0,0,0,0,0
156320,55,bully,1704,1,0,0,57,0,798,0,1,55,154616,1704,0,58,0,0,0,LEADER,1,0,0,57,0,0,0,0,0,0,0,0,0,0,0
157110,89,bully,1574,1,0,0,57,0,798,0,1,89,155536,1574,0,58,0,0,0,LEADER,1,0,0,57,0,0,0,0,0,0,0,0,0,0,0
156272,77,bully,1656,1,0,0,57,0,798,0,1,77,154616,1656,0,58,0,0,0,LEADER,1,0,0,57,0,0,0,0,0,0,0,0,0,0,0
156544,71,bully,1928,1,0,0,57,0,798,0,1,71,154616,1928,0,58,0,0,0,LEADER,1,0,0,57,0,0,0,0,0,0,0,0,0,0,0
156456,52,bully,1840,1,0,0,57,0,798,0,1,52,154616,1840,0,58,0,0,0,LEADER,1,0,0,57,0,0,0,0,0,0,0,0,0,0,0
156823,76,bully,2213,1,0,0,57,0,798,0,1,76,154610,2213,0,58,0,0,0,LEADER,1,0,0,57,0,0,0,0,0,0,0,0,0,0,0
156423,10,bully,1807,1,0,0,57,0,798,0,1,10,154616,1807,0,58,0,0,0,LEADER,1,0,0,57,0,0,0,0,0,0,0,0,0,0,0
156356,22,bully,1740,1,0,0,57,0,798,0,1,22,154616,1740,0,58,0,0,0,LEADER,1,0,0,57,0,0,0,0,0,0,0,0,0,0,0
156503,21,bully,1889,1,0,0,57,0,798,0,1,21,154614,1889,0,58,0,0,0,LEADER,1,0,0,57,0,0,0,0,0,0,0,0,0,0,0
156762,56,bully,2146,1,0,0,57,0,798,0,1,56,154616,2146,0,58,0,0,0,LEADER,1,0,0,57,0,0,0,0,0,0,0,0,0,0,0
156287,60,bully,1671,1,0,0,57,0,798,0,1,60,154616,1671,0,58,0,0,0,LEADER,1,0,0,57,0,0,0,0,0,0,0,0,0,0,0
157140,25,bully,1604,1,0,0,57,0,798,0,1,25,155536,1604,0,58,0,0,0,LEADER,1,0,0,57,0,0,0,0,0,0,0,0,0,0,0
156353,65,bully,1737,1,0,0,57,0,798,0,1,65,154616,1737,0,58,0,0,0,LEADER,1,0,0,57,0,0,0,0,0,0,0,0,0,0,0
157029,19,bully,2413,1,0,0,57,0,798,0,1,19,154616,2413,0,58,0,0,0,LEADER,1,0,0,57,0,0,0,0,0,0,0,0,0,0,0
156659,69,bully,2043,1,0,0,57,0,798,0,1,69,154616,2043,0,58,0,0,0,LEADER,1,0,0,57,0,0,0,0,0,0,0,0,0,0,0
157261,54,bully,1725,1,0,0,57,0,798,0,1,54,155536,1725,0,58,0,0,0,LEADER,1,0,0,57,0,0,0,0,0,0,0,0,0,0,0
156608,17,bully,1992,1,0,0,57,0,798,0,1,17,154616,1992,0,58,0,0,0,LEADER,1,0,0,57,0,0,0,0,0,0,0,0,0,0,0
157122,100,bully,1586,1,0,0,57,0,798,0,1,100,155536,1586,0,58,0,0,0,LEADER,1,0,0,57,0,0,0,0,0,0,0,0,0,0,0
157085,16,bully,1549,1,0,0,57,0,798,0,1,16,155536,1549,0,58,0,0,0,LEADER,1,0,0,57,0,0,0,0,0,0,0,0,0,0,0
156674,37,bully,2058,1,0,0,57,0,798,0,1,37,154616,2058,0,58,0,0,0,LEADER,1,0,0,57,0,0,0,0,0,0,0,0,0,0,0
157310,13,bully,1774,1,0,0,57,0,798,0,1,13,155536,1774,0,58,0,0,0,LEADER,1,0,0,57,0,0,0,0,0,0,0,0,0,0,0
156471,20,bully,1855,1,0,0,57,0,798,0,1,20,154616,1855,0,58,0,0,0,LEADER,1,0,0,57,0,0,0,0,0,0,0,0,0,0,0
157103,41,bully,1567,1,0,0,57,0,798,0,1,41,155536,1567,0,58,0,0,0,LEADER,1,0,0,57,0,0,0,0,0,0,0,0,0,0,0
157092,47,bully,1556,1,0,0,57,0,798,0,1,47,155536,1556,0,58,0,0,0,LEADER,1,0,0,57,0,0,0,0,0,0,0,0,0,0,0
156918,95,bully,2301,1,0,0,57,0,798,0,1,95,154617,2301,0,58,0,0,0,LEADER,1,0,0,57,0,0,0,0,0,0,0,0,0,0,0
156781,98,bully,2165,1,0,0,57,0,798,0,1,98,154616,2165,0,58,0,0,0,LEADER,1,0,0,57,0,0,0,0,0,0,0,0,0,0,0
156965,73,bully,2349,1,0,0,57,0,798,0,1,73,154616,2349,0,58,0,0,0,LEADER,1,0,0,57,0,0,0,0,0,0,0,0,0,0,0
157288,33,bully,1752,1,0,0,57,0,798,0,1,33,155536,1752,0,58,0,0,0,LEADER,1,0,0,57,0,0,0,0,0,0,0,0,0,0,0
157258,97,bully,1722,1,0,0,57,0,798,0,1,97,155536,1722,0,58,0,0,0,LEADER,1,0,0,57,0,0,0,0,0,0,0,0,0,0,0
156511,61,bully,1895,1,0,0,57,0,798,0,1,61,154616,1895,0,58,0,0,0,LEADER,1,0,0,57,0,0,0,0,0,0,0,0,0,0,0
157458,40,bully,1922,1,0,0,57,0,798,0,1,40,155536,1922,0,58,0,0,0,LEADER,1,0,0,57,0,0,0,0,0,0,0,0,0,0,0
156947,31,bully,2331,1,0,0,57,0,798,0,1,31,154616,2331,0,58,0,0,0,LEADER,1,0,0,57,0,0,0,0,0,0,0,0,0,0,0
157448,29,bully,1910,1,0,0,57,0,798,0,1,29,155538,1910,0,58,0,0,0,LEADER,1,0,0,57,0,0,0,0,0,0,0,0,0,0,0
157276,96,bully,1744,1,0,0,57,0,798,0,1,96,155532,1744,0,58,0,0,0,LEADER,1,0,0,57,0,0,0,0,0,0,0,0,0,0,0
157361,84,bully,1825,1,0,0,57,0,798,0,1,84,155536,1825,0,58,0,0,0,LEADER,1,0,0,57,0,0,0,0,0,0,0,0,0,0,0
157055,80,bully,1519,1,0,0,57,0,798,0,1,80,155536,1519,0,58,0,0,0,LEADER,1,0,0,57,0,0,0,0,0,0,0,0,0,0,0
156899,53,bully,2283,1,0,0,57,0,798,0,1,53,154616,2283,0,58,0,0,0,LEADER,1,0,0,57,0,0,0,0,0,0,0,0,0,0,0
156974,92,bully,1438,1,0,0,57,0,798,0,1,92,155536,1438,0,58,0,0,0,LEADER,1,0,0,57,0,0,0,0,0,0,0,0,0,0,0
157148,91,bully,1619,1,0,0,57,0,798,0,1,91,155529,1619,0,58,0,0,0,LEADER,1,0,0,57,0,0,0,0,0,0,0,0,0,0,0
157410,62,bully,1874,1,0,0,57,0,798,0,1,62,155536,1874,0,58,0,0,0,LEADER,1,0,0,57,0,0,0,0,0,0,0,0,0,0,0
157107,15,bully,1571,1,0,0,57,0,798,0,1,15,155536,1571,0,58,0,0,0,LEADER,1,0,0,57,0,0,0,0,0,0,0,0,0,0,0
156777,26,bully,2161,1,0,0,57,0,798,0,1,26,154616,2161,0,58,0,0,0,LEADER,1,0,0,57,0,0,0,0,0,0,0,0,0,0,0
157513,49,bully,1977,1,0,0,57,0,798,0,1,49,155536,1977,0,58,0,0,0,LEADER,1,0,0,57,0,0,0,0,0,0,0,0,0,0,0
157328,58,bully,1792,1,0,0,57,0,798,0,1,58,155536,1792,0,58,0,0,0,LEADER,1,0,0,57,0,0,0,0,0,0,0,0,0,0,0
156862,86,bully,2246,1,0,0,57,0,798,0,1,86,154616,2246,0,58,0,0,0,LEADER,1,0,0,57,0,0,0,0,0,0,0,0,0,0,0
157035,50,bully,2419,1,0,0,57,0,798,0,1,50,154616,2419,0,58,0,0,0,LEADER,1,0,0,57,0,0,0,0,0,0,0,0,0,0,0
156885,85,bully,2268,1,0,0,57,0,798,0,1,85,154617,2268,0,58,0,0,0,LEADER,1,0,0,57,0,0,0,0,0,0,0,0,0,0,0
156824,87,bully,2212,1,0,0,57,0,798,0,1,87,154612,2212,0,58,0,0,0,LEADER,1,0,0,57,0,0,0,0,0,0,0,0,0,0,0
157032,64,bully,2416,1,0,0,57,0,798,0,1,64,154616,2416,0,58,0,0,0,LEADER,1,0,0,57,0,0,0,0,0,0,0,0,0,0,0
156970,18,bully,1434,1,0,0,57,0,798,0,1,18,155536,1434,0,58,0,0,0,LEADER,1,0,0,57,0,0,0,0,0,0,0,0,0,0,0
156881,11,bully,2264,1,0,0,57,0,798,0,1,11,154617,2264,0,58,0,0,0,LEADER,1,0,0,57,0,0,0,0,0,0,0,0,0,0,0
157089,90,bully,1553,1,0,0,57,0,798,0,1,90,155536,1553,0,58,0,0,0,LEADER,1,0,0,57,0,0,0,0,0,0,0,0,0,0,0
156983,35,bully,1447,1,0,0,57,0,798,0,1,35,155536,1447,0,58,0,0,0,LEADER,1,0,0,57,0,0,0,0,0,0,0,0,0,0,0
156865,43,bully,2249,1,0,0,57,0,798,0,1,43,154616,2249,0,58,0,0,0,LEADER,1,0,0,57,0,0,0,0,0,0,0,0,0,0,0
157003,28,bully,1467,1,0,0,57,0,798,0,1,28,155536,1467,0,58,0,0,0,LEADER,1,0,0,57,0,0,0,0,0,0,0,0,0,0,0
156842,44,bully,2228,1,0,0,57,0,798,0,1,44,154614,2228,0,58,0,0,0,LEADER,1,0,0,57,0,0,0,0,0,0,0,0,0,0,0
157677,23,bully,2141,1,0,0,57,0,798,0,1,23,155536,2141,0,58,0,0,0,LEADER,1,0,0,57,0,0,0,0,0,0,0,0,0,0,0
156997,30,bully,1461,1,0,0,57,0,798,0,1,30,155536,1461,0,58,0,0,0,LEADER,1,0,0,57,0,0,0,0,0,0,0,0,0,0,0
157395,94,bully,1859,1,0,0,57,0,798,0,1,94,155536,1859,0,58,0,0,0,LEADER,1,0,0,57,0,0,0,0,0,0,0,0,0,0,0
157037,38,bully,1501,1,0,0,57,0,798,0,1,38,155536,1501,0,58,0,0,0,LEADER,1,0,0,57,0,0,0,0,0,0,0,0,0,0,0
157716,66,bully,2180,1,0,0,57,0,798,0,1,66,155536,2180,0,58,0,0,0,LEADER,1,0,0,57,0,0,0,0,0,0,0,0,0,0,0
157022,70,bully,1486,1,0,0,57,0,798,0,1,70,155536,1486,0,58,0,0,0,LEADER,1,0,0,57,0,0,0,0,0,0,0,0,0,0,0
157667,88,bully,2131,1,0,0,57,0,798,0,1,88,155536,2131,0,58,0,0,0,LEADER,1,0,0,57,0,0,0,0,0,0,0,0,0,0,0
156851,75,bully,2235,1,0,0,57,0,798,0,1,75,154616,2235,0,58,0,0,0,LEADER,1,0,0,57,0,0,0,0,0,0,0,0,0,0,0
156861,12,bully,2243,1,0,0,57,0,798,0,1,12,154618,2243,0,58,0,0,0,LEADER,1,0,0,57,0,0,0,0,0,0,0,0,0,0,0
157561,27,bully,2025,1,0,0,57,0,798,0,1,27,155536,2025,0,58,0,0,0,LEADER,1,0,0,57,0,0,0,0,0,0,0,0,0,0,0
157050,42,bully,1514,1,0,0,57,0,798,0,1,42,155536,1514,0,58,0,0,0,LEADER,1,0,0,57,0,0,0,0,0,0,0,0,0,0,0
157697,24,bully,2161,1,0,0,57,0,798,0,1,24,155536,2161,0,58,0,0,0,LEADER,1,0,0,57,0,0,0,0,0,0,0,0,0,0,0
157649,46,bully,2113,1,0,0,57,0,798,0,1,46,155536,2113,0,58,0,0,0,LEADER,1,0,0,57,0,0,0,0,0,0,0,0,0,0,0
157546,59,bully,2010,1,0,0,57,0,798,0,1,59,155536,2010,0,58,0,0,0,LEADER,1,0,0,57,0,0,0,0,0,0,0,0,0,0,0
157828,32,bully,2292,1,0,0,57,0,798,0,1,32,155536,2292,0,58,0,0,0,LEADER,1,0,0,57,0,0,0,0,0,0,0,0,0,0,0
157174,34,bully,1637,1,0,0,57,0,798,0,1,34,155537,1637,0,58,0,0,0,LEADER,1,0,0,57,0,0,0,0,0,0,0,0,0,0,0
157443,72,bully,1907,1,0,0,57,0,798,0,1,72,155536,1907,0,58,0,0,0,LEADER,1,0,0,57,0,0,0,0,0,0,0,0,0,0,0
157855,63,bully,2316,1,0,0,57,0,798,0,1,63,155539,2316,0,58,0,0,0,LEADER,1,0,0,57,0,0,0,0,0,0,0,0,0,0,0
157328,74,bully,1792,1,0,0,57,0,798,0,1,74,155536,1792,0,58,0,0,0,LEADER,1,0,0,57,0,0,0,0,0,0,0,0,0,0,0
157070,48,bully,1534,1,0,0,57,0,798,0,1,48,155536,1534,0,58,0,0,0,LEADER,1,0,0,57,0,0,0,0,0,0,0,0,0,0,0
157531,57,bully,1995,1,0,0,57,0,798,0,1,57,155536,1995,0,58,0,0,0,LEADER,1,0,0,57,0,0,0,0,0,0,0,0,0,0,0
157601,68,bully,2065,1,0,0,57,0,798,0,1,68,155536,2065,0,58,0,0,0,LEADER,1,0,0,57,0,0,0,0,0,0,0,0,0,0,0
157002,45,bully,1466,1,0,0,57,0,798,0,1,45,155536,1466,0,58,0,0,0,LEADER,1,0,0,57,0,0,0,0,0,0,0,0,0,0,0
157359,93,bully,1823,1,0,0,57,0,798,0,1,93,155536,1823,0,58,0,0,0,LEADER,1,0,0,57,0,0,0,0,0,0,0,0,0,0,0
157940,82,bully,2404,1,0,0,57,0,798,0,1,82,155536,2404,0,58,0,0,0,LEADER,1,0,0,57,0,0,0,0,0,0,0,0,0,0,0
157934,51,bully,2398,1,0,0,57,0,798,0,1,51,155536,2398,0,58,0,0,0,LEADER,1,0,0,57,0,0,0,0,0,0,0,0,0,0,0
157479,39,bully,1943,1,0,0,57,0,798,0,1,39,155536,1943,0,58,0,0,0,LEADER,1,0,0,57,0,0,0,0,0,0,0,0,0,0,0
157225,78,bully,1689,1,0,0,57,0,798,0,1,78,155536,1689,0,58,0,0,0,LEADER,1,0,0,57,0,0,0,0,0,0,0,0,0,0,0
157613,79,bully,2077,1,0,0,57,0,798,0,1,79,155536,2077,0,58,0,0,0,LEADER,1,0,0,57,0,0,0,0,0,0,0,0,0,0,0
157188,14,bully,1652,1,0,0,57,0,798,0,1,14,155536,1652,0,58,0,0,0,LEADER,1,0,0,57,0,0,0,0,0,0,0,0,0,0,0
157615,36,bully,2080,1,0,0,57,0,798,0,1,36,155535,2080,0,58,0,0,0,LEADER,1,0,0,57,0,0,0,0,0,0,0,0,0,0,0
157498,81,bully,1962,1,0,0,57,0,798,0,1,81,155536,1962,0,58,0,0,0,LEADER,1,0,0,57,0,0,0,0,0,0,0,0,0,0,0
157158,67,bully,1622,1,0,0,57,0,798,0,1,67,155536,1622,0,58,0,0,0,LEADER,1,0,0,57,0,0,0,0,0,0,0,0,0,0,0
157919,83,bully,2383,1,0,0,57,0,798,0,1,83,155536,2383,0,58,0,0,0,LEADER,1,0,0,57,0,0,0,0,0,0,0,0,0,0,0
158063,99,bully,1607,1,0,0,57,0,798,0,1,99,156456,1607,0,58,0,0,0,LEADER,1,0,0,57,0,0,0,0,0,0,0,0,0,0,0
157240,55,bully,1704,1,0,0,57,0,798,0,1,55,155536,1704,0,58,0,0,0,LEADER,1,0,0,57,0,0,0,0,0,0,0,0,0,0,0
158030,89,bully,1574,1,0,0,57,0,798,0,1,89,156456,1574,0,58,0,0,0,LEADER,1,0,0,57,0,0,0,0,0,0,0,0,0,0,0
157192,77,bully,1656,1,0,0,57,0,798,0,1,77,155536,1656,0,58,0,0,0,LEADER,1,0,0,57,0,0,0,0,0,0,0,0,0,0,0
157464,71,bully,1928,1,0,0,57,0,798,0,1,71,155536,1928,0,58,0,0,0,LEADER,1,0,0,57,0,0,0,0,0,0,0,0,0,0,0
157376,52,bully,1840,1,0,0,57,0,798,0,1,52,155536,1840,0,58,0,0,0,LEADER,1,0,0,57,0,0,0,0,0,0,0,0,0,0,0
157743,76,bully,2213,1,0,0,57,0,798,0,1,76,155530,2213,0,58,0,0,0,LEADER,1,0,0,57,0,0,0,0,0,0,0,0,0,0,0
157343,10,bully,1807,1,0,0,57,0,798,0,1,10,155536,1807,0,58,0,0,0,LEADER,1,0,0,57,0,0,0,0,0,0,0,0,0,0,0
157276,22,bully,1740,1,0,0,57,0,798,0,1,22,155536,1740,0,58,0,0,0,LEADER,1,0,0,57,0,0,0,0,0,0,0,0,0,0,0
157423,21,bully,1889,1,0,0,57,0,798,0,1,21,155534,1889,0,58,0,0,0,LEADER,1,0,0,57,0,0,0,0,0,0,0,0,0,0,0
157682,56,bully,2146,1,0,0,57,0,798,0,1,56,155536,2146,0,58,0,0,0,LEADER,1,0,0,57,0,0,0,0,0,0,0,0,0,0,0
157207,60,bully,1671,1,0,0,57,0,798,0,1,60,155536,1671,0,58,0,0,0,LEADER,1,0,0,57,0,0,0,0,0,0,0,0,0,0,0
158060,25,bully,1604,1,0,0,57,0,798,0,1,25,156456,1604,0,58,0,0,0,LEADER,1,0,0,57,0,0,0,0,0,0,0,0,0,0,0
157273,65,bully,1737,1,0,0,57,0,798,0,1,65,155536,1737,0,58,0,0,0,LEADER,1,0,0,57,0,0,0,0,0,0,0,0,0,0,0
157949,19,bully,2413,1,0,0,57,0,798,0,1,19,155536,2413,0,58,0,0,0,LEADER,1,0,0,57,0,0,0,0,0,0,0,0,0,0,0
157579,69,bully,2043,1,0,0,57,0,798,0,1,69,155536,2043,0,58,0,0,0,LEADER,1,0,0,57,0,0,0,0,0,0,0,0,0,0,0
158181,54,bully,1725,1,0,0,57,0,798,0,1,54,156456,1725,0,58,0,0,0,LEADER,1,0,0,57,0,0,0,0,0,0,0,0,0,0,0
157528,17,bully,1992,1,0,0,57,0,798,0,1,17,155536,1992,0,58,0,0,0,LEADER,1,0,0,57,0,0,0,0,0,0,0,0,0,0,0
158042,100,bully,1586,1,0,0,57,0,798,0,1,100,156456,1586,0,58,0,0,0,LEADER,1,0,0,57,0,0,0,0,0,0,0,0,0,0,0
158005,16,bully,1549,1,0,0,57,0,798,0,1,16,156456,1549,0,58,0,0,0,LEADER,1,0,0,57,0,0,0,0,0,0,0,0,0,0,0
157594,37,bully,2058,1,0,0,57,0,798,0,1,37,155536,2058,0,58,0,0,0,LEADER,1,0,0,57,0,0,0,0,0,0,0,0,0,0,0
158230,13,bully,1774,1,0,0,57,0,798,0,1,13,156456,1774,0,58,0,0,0,LEADER,1,0,0,57,0,0,0,0,0,0,0,0,0,0,0
157391,20,bully,1855,1,0,0,57,0,798,0,1,20,155536,1855,0,58,0,0,0,LEADER,1,0,0,57,0,0,0,0,0,0,0,0,0,0,0
158023,41,bully,1567,1,0,0,57,0,798,0,1,41,156456,1567,0,58,0,0,0,LEADER,1,0,0,57,0,0,0,0,0,0,0,0,0,0,0
158012,47,bully,1556,1,0,0,57,0,798,0,1,47,156456,1556,0,58,0,0,0,LEADER,1,0,0,57,0,0,0,0,0,0,0,0,0,0,0
157838,95,bully,2301,1,0,0,57,0,798,0,1,95,155537,2301,0,58,0,0,0,LEADER,1,0,0,57,0,0,0,0,0,0,0,0,0,0,0
157701,98,bully,2165,1,0,0,57,0,798,0,1,98,155536,2165,0,58,0,0,0,LEADER,1,0,0,57,0,0,0,0,0,0,0,0,0,0,0
157885,73,bully,2349,1,0,0,57,0,798,0,1,73,155536,2349,0,58,0,0,0,LEADER,1,0,0,57,0,0,0,0,0,0,0,0,0,0,0
158178,97,bully,1722,1,0,0,57,0,798,0,1,97,156456,1722,0,58,0,0,0,LEADER,1,0,0,57,0,0,0,0,0,0,0,0,0,0,0
157431,61,bully,1895,1,0,0,57,0,798,0,1,61,155536,1895,0,58,0,0,0,LEADER,1,0,0,57,0,0,0,0,0,0,0,0,0,0,0
158208,33,bully,1752,1,0,0,57,0,798,0,1,33,156456,1752,0,58,0,0,0,LEADER,1,0,0,57,0,0,0,0,0,0,0,0,0,0,0
158378,40,bully,1922,1,0,0,57,0,798,0,1,40,156456,1922,0,58,0,0,0,LEADER,1,0,0,57,0,0,0,0,0,0,0,0,0,0,0
157867,31,bully,2331,1,0,0,57,0,798,0,1,31,155536,2331,0,58,0,0,0,LEADER,1,0,0,57,0,0,0,0,0,0,0,0,0,0,0
158368,29,bully,1910,1,0,0,57,0,798,0,1,29,156458,1910,0,58,0,0,0,LEADER,1,0,0,57,0,0,0,0,0,0,0,0,0,0,0
158196,96,bully,1744,1,0,0,57,0,798,0,1,96,156452,1744,0,58,0,0,0,LEADER,1,0,0,57,0,0,0,0,0,0,0,0,0,0,0
158281,84,bully,1825,1,0,0,57,0,798,0,1,84,156456,1825,0,58,0,0,0,LEADER,1,0,0,57,0,0,0,0,0,0,0,0,0,0,0
157975,80,bully,1519,1,0,0,57,0,798,0,1,80,156456,1519,0,58,0,0,0,LEADER,1,0,0,57,0,0,0,0,0,0,0,0,0,0,0
157819,53,bully,2283,1,0,0,57,0,798,0,1,53,155536,2283,0,58,0,0,0,LEADER,1,0,0,57,0,0,0,0,0,0,0,0,0,0,0
157894,92,bully,1438,1,0,0,57,0,798,0,1,92,156456,1438,0,58,0,0,0,LEADER,1,0,0,57,0,0,0,0,0,0,0,0,0,0,0
158068,91,bully,1619,1,0,0,57,0,798,0,1,91,156449,1619,0,58,0,0,0,LEADER,1,0,0,57,0,0,0,0,0,0,0,0,0,0,0
158330,62,bully,1874,1,0,0,57,0,798,0,1,62,156456,1874,0,58,0,0,0,LEADER,1,0,0,57,0,0,0,0,0,0,0,0,0,0,0
158027,15,bully,1571,1,0,0,57,0,798,0,1,15,156456,1571,0,58,0,0,0,LEADER,1,0,0,57,0,0,0,0,0,0,0,0,0,0,0
157697,26,bully,2161,1,0,0,57,0,798,0,1,26,155536,2161,0,58,0,0,0,LEADER,1,0,0,57,0,0,0,0,0,0,0,0,0,0,0
158433,49,bully,1977,1,0,0,57,0,798,0,1,49,156456,1977,0,58,0,0,0,LEADER,1,0,0,57,0,0,0,0,0,0,0,0,0,0,0
158248,58,bully,1792,1,0,0,57,0,798,0,1,58,156456,1792,0,58,0,0,0,LEADER,1,0,0,57,0,0,0,0,0,0,0,0,0,0,0
157782,86,bully,2246,1,0,0,57,0,798,0,1,86,155536,2246,0,58,0,0,0,LEADER,1,0,0,57,0,0,0,0,0,0,0,0,0,0,0
157955,50,bully,2419,1,0,0,57,0,798,0,1,50,155536,2419,0,58,0,0,0,LEADER,1,0,0,57,0,0,0,0,0,0,0,0,0,0,0
157805,85,bully,2268,1,0,0,57,0,798,0,1,85,155537,2268,0,58,0,0,0,LEADER,1,0,0,57,0,0,0,0,0,0,0,0,0,0,0
157744,87,bully,2212,1,0,0,57,0,798,0,1,87,155532,2212,0,58,0,0,0,LEADER,1,0,0,57,0,0,0,0,0,0,0,0,0,0,0
157952,64,bully,2416,1,0,0,57,0,798,0,1,64,155536,2416,0,58,0,0,0,LEADER,1,0,0,57,0,0,0,0,0,0,0,0,0,0,0
157890,18,bully,1434,1,0,0,57,0,798,0,1,18,156456,1434,0,58,0,0,0,LEADER,1,0,0,57,0,0,0,0,0,0,0,0,0,0,0
157801,11,bully,2264,1,0,0,57,0,798,0,1,11,155537,2264,0,58,0,0,0,LEADER,1,0,0,57,0,0,0,0,0,0,0,0,0,0,0
158009,90,bully,1553,1,0,0,57,0,798,0,1,90,156456,1553,0,58,0,0,0,LEADER,1,0,0,57,0,0,0,0,0,0,0,0,0,0,0
157903,35,bully,1447,1,0,0,57,0,798,0,1,35,156456,1447,0,58,0,0,0,LEADER,1,0,0,57,0,0,0,0,0,0,0,0,0,0,0
157785,43,bully,2249,1,0,0,57,0,798,0,1,43,155536,2249,0,58,0,0,0,LEADER,1,0,0,57,0,0,0,0,0,0,0,0,0,0,0
157923,28,bully,1467,1,0,0,57,0,798,0,1,28,156456,1467,0,58,0,0,0,LEADER,1,0,0,57,0,0,0,0,0,0,0,0,0,0,0
157762,44,bully,2228,1,0,0,57,0,798,0,1,44,155534,2228,0,58,0,0,0,LEADER,1,0,0,57,0,0,0,0,0,0,0,0,0,0,0
158597,23,bully,2141,1,0,0,57,0,798,0,1,23,156456,2141,0,58,0,0,0,LEADER,1,0,0,57,0,0,0,0,0,0,0,0,0,0,0
157917,30,bully,1461,1,0,0,57,0,798,0,1,30,156456,1461,0,58,0,0,0,LEADER,1,0,0,57,0,0,0,0,0,0,0,0,0,0,0
158315,94,bully,1859,1,0,0,57,0,798,0,1,94,156456,1859,0,58,0,0,0,LEADER,1,0,0,57,0,0,0,0,0,0,0,0,0,0,0
157957,38,bully,1501,1,0,0,57,0,798,0,1,38,156456,1501,0,58,0,0,0,LEADER,1,0,0,57,0,0,0,0,0,0,0,0,0,0,0
158636,66,bully,2180,1,0,0,57,0,798,0,1,66,156456,2180,0,58,0,0,0,LEADER,1,0,0,57,0,0,0,0,0,0,0,0,0,0,0
157942,70,bully,1486,1,0,0,57,0,798,0,1,70,156456,1486,0,58,0,0,0,LEADER,1,0,0,57,0,0,0,0,0,0,0,0,0,0,0
158587,88,bully,2131,1,0,0,57,0,798,0,1,88,156456,2131,0,58,0,0,0,LEADER,1,0,0,57,0,0,0,0,0,0,0,0,0,0,0
157771,75,bully,2235,1,0,0,57,0,798,0,1,75,155536,2235,0,58,0,0,0,LEADER,1,0,0,57,0,0,0,0,0,0,0,0,0,0,0
157781,12,bully,2243,1,0,0,57,0,798,0,1,12,155538,2243,0,58,0,0,0,LEADER,1,0,0,57,0,0,0,0,0,0,0,0,0,0,0
158481,27,bully,2025,1,0,0,57,0,798,0,1,27,156456,2025,0,58,0,0,0,LEADER,1,0,0,57,0,0,0,0,0,0,0,0,0,0,0
157970,42,bully,1514,1,0,0,57,0,798,0,1,42,156456,1514,0,58,0,0,0,LEADER,1,0,0,57,0,0,0,0,0,0,0,0,0,0,0
158617,24,bully,2161,1,0,0,57,0,798,0,1,24,156456,2161,0,58,0,0,0,LEADER,1,0,0,57,0,0,0,0,0,0,0,0,0,0,0
158569,46,bully,2113,1,0,0,57,0,798,0,1,46,156456,2113,0,58,0,0,0,LEADER,1,0,0,57,0,0,0,0,0,0,0,0,0,0,0
158466,59,bully,2010,1,0,0,57,0,798,0,1,59,156456,2010,0,58,0,0,0,LEADER,1,0,0,57,0,0,0,0,0,0,0,0,0,0,0
158748,32,bully,2292,1,0,0,57,0,798,0,1,32,156456,2292,0,58,0,0,0,LEADER,1,0,0,57,0,0,0,0,0,0,0,0,0,0,0
158094,34,bully,1637,1,0,0,57,0,798,0,1,34,156457,1637,0,58,0,0,0,LEADER,1,0,0,57,0,0,0,0,0,0,0,0,0,0,0
158363,72,bully,1907,1,0,0,57,0,798,0,1,72,156456,1907,0,58,0,0,0,LEADER,1,0,0,57,0,0,0,0,0,0,0,0,0,0,0
158775,63,bully,2316,1,0,0,57,0,798,0,1,63,156459,2316,0,58,0,0,0,LEADER,1,0,0,57,0,0,0,0,0,0,0,0,0,0,0
158248,74,bully,1792,1,0,0,57,0,798,0,1,74,156456,1792,0,58,0,0,0,LEADER,1,0,0,57,0,0,0,0,0,0,0,0,0,0,0
157990,48,bully,1534,1,0,0,57,0,798,0,1,48,156456,1534,0,58,0,0,0,LEADER,1,0,0,57,0,0,0,0,0,0,0,0,0,0,0
158451,57,bully,1995,1,0,0,57,0,798,0,1,57,156456,1995,0,58,0,0,0,LEADER,1,0,0,57,0,0,0,0,0,0,0,0,0,0,0
158521,68,bully,2065,1,0,0,57,0,798,0,1,68,156456,2065,0,58,0,0,0,LEADER,1,0,0,57,0,0,0,0,0,0,0,0,0,0,0
157922,45,bully,1466,1,0,0,57,0,798,0,1,45,156456,1466,0,58,0,0,0,LEADER,1,0,0,57,0,0,0,0,0,0,0,0,0,0,0
158279,93,bully,1823,1,0,0,57,0,798,0,1,93,156456,1823,0,58,0,0,0,LEADER,1,0,0,57,0,0,0,0,0,0,0,0,0,0,0
158860,82,bully,2404,1,0,0,57,0,798,0,1,82,156456,2404,0,58,0,0,0,LEADER,1,0,0,57,0,0,0,0,0,0,0,0,0,0,0
158854,51,bully,2398,1,0,0,57,0,798,0,1,51,156456,2398,0,58,0,0,0,LEADER,1,0,0,57,0,0,0,0,0,0,0,0,0,0,0
158399,39,bully,1943,1,0,0,57,0,798,0,1,39,156456,1943,0,58,0,0,0,LEADER,1,0,0,57,0,0,0,0,0,0,0,0,0,0,0
158145,78,bully,1689,1,0,0,57,0,798,0,1,78,156456,1689,0,58,0,0,0,LEADER,1,0,0,57,0,0,0,0,0,0,0,0,0,0,0
158533,79,bully,2077,1,0,0,57,0,798,0,1,79,156456,2077,0,58,0,0,0,LEADER,1,0,0,57,0,0,0,0,0,0,0,0,0,0,0
158108,14,bully,1652,1,0,0,57,0,798,0,1,14,156456,1652,0,58,0,0,0,LEADER,1,0,0,57,0,0,0,0,0,0,0,0,0,0,0
158535,36,bully,2080,1,0,0,57,0,798,0,1,36,156455,2080,0,58,0,0,0,LEADER,1,0,0,57,0,0,0,0,0,0,0,0,0,0,0
158418,81,bully,1962,1,0,0,57,0,798,0,1,81,156456,1962,0,58,0,0,0,LEADER,1,0,0,57,0,0,0,0,0,0,0,0,0,0,0
158078,67,bully,1622,1,0,0,57,0,798,0,1,67,156456,1622,0,58,0,0,0,LEADER,1,0,0,57,0,0,0,0,0,0,0,0,0,0,0
158839,83,bully,2383,1,0,0,57,0,798,0,1,83,156456,2383,0,58,0,0,0,LEADER,1,0,0,57,0,0,0,0,0,0,0,0,0,0,0
158984,99,bully,1607,1,0,0,58,0,812,0,1,99,157377,1607,0,59,0,0,0,LEADER,1,0,0,58,0,0,0,0,0,0,0,0,0,0,0
158160,55,bully,1704,1,0,0,57,0,798,0,1,55,156456,1704,0,58,0,0,0,LEADER,1,0,0,57,0,0,0,0,0,0,0,0,0,0,0
158951,89,bully,1574,1,0,0,58,0,812,0,1,89,157377,1574,0,59,0,0,0,LEADER,1,0,0,58,0,0,0,0,0,0,0,0,0,0,0
158112,77,bully,1656,1,0,0,57,0,798,0,1,77,156456,1656,0,58,0,0,0,LEADER,1,0,0,57,0,0,0,0,0,0,0,0,0,0,0
158384,71,bully,1928,1,0,0,57,0,798,0,1,71,156456,1928,0,58,0,0,0,LEADER,1,0,0,57,0,0,0,0,0,0,0,0,0,0,0
158296,52,bully,1840,1,0,0,57,0,798,0,1,52,156456,1840,0,58,0,0,0,LEADER,1,0,0,57,0,0,0,0,0,0,0,0,0,0,0
158663,76,bully,2213,1,0,0,57,0,798,0,1,76,156450,2213,0,58,0,0,0,LEADER,1,0,0,57,0,0,0,0,0,0,0,0,0,0,0
158263,10,bully,1807,1,0,0,57,0,798,0,1,10,156456,1807,0,58,0,0,0,LEADER,1,0,0,57,0,0,0,0,0,0,0,0,0,0,0
158196,22,bully,1740,1,0,0,57,0,798,0,1,22,156456,1740,0,58,0,0,0,LEADER,1,0,0,57,0,0,0,0,0,0,0,0,0,0,0
158343,21,bully,1889,1,0,0,57,0,798,0,1,21,156454,1889,0,58,0,0,0,LEADER,1,0,0,57,0,0,0,0,0,0,0,0,0,0,0
158602,56,bully,2146,1,0,0,57,0,798,0,1,56,156456,2146,0,58,0,0,0,LEADER,1,0,0,57,0,0,0,0,0,0,0,0,0,0,0
158127,60,bully,1671,1,0,0,57,0,798,0,1,60,156456,1671,0,58,0,0,0,LEADER,1,0,0,57,0,0,0,0,0,0,0,0,0,0,0
158981,25,bully,1604,1,0,0,58,0,812,0,1,25,157377,1604,0,59,0,0,0,LEADER,1,0,0,58,0,0,0,0,0,0,0,0,0,0,0
158193,65,bully,1737,1,0,0,57,0,798,0,1,65,156456,1737,0,58,0,0,0,LEADER,1,0,0,57,0,0,0,0,0,0,0,0,0,0,0
158869,19,bully,2413,1,0,0,57,0,798,0,1,19,156456,2413,0,58,0,0,0,LEADER,1,0,0,57,0,0,0,0,0,0,0,0,0,0,0
158499,69,bully,2043,1,0,0,57,0,798,0,1,69,156456,2043,0,58,0,0,0,LEADER,1,0,0,57,0,0,0,0,0,0,0,0,0,0,0
159102,54,bully,1725,1,0,0,58,0,812,0,1,54,157377,1725,0,59,0,0,0,LEADER,1,0,0,58,0,0,0,0,0,0,0,0,0,0,0
158448,17,bully,1992,1,0,0,57,0,798,0,1,17,156456,1992,0,58,0,0,0,LEADER,1,0,0,57,0,0,0,0,0,0,0,0,0,0,0
158963,100,bully,1586,1,0,0,58,0,812,0,1,100,157377,1586,0,59,0,0,0,LEADER,1,0,0,58,0,0,0,0,0,0,0,0,0,0,0
158926,16,bully,1549,1,0,0,58,0,812,0,1,16,157377,1549,0,59,0,0,0,LEADER,1,0,0,58,0,0,0,0,0,0,0,0,0,0,0
158514,37,bully,2058,1,0,0,57,0,798,0,1,37,156456,2058,0,58,0,0,0,LEADER,1,0,0,57,0,0,0,0,0,0,0,0,0,0,0
159151,13,bully,1774,1,0,0,58,0,812,0,1,13,157377,1774,0,59,0,0,0,LEADER,1,0,0,58,0,0,0,0,0,0,0,0,0,0,0
158311,20,bully,1855,1,0,0,57,0,798,0,1,20,156456,1855,0,58,0,0,0,LEADER,1,0,0,57,0,0,0,0,0,0,0,0,0,0,0
158944,41,bully,1567,1,0,0,58,0,812,0,1,41,157377,1567,0,59,0,0,0,LEADER,1,0,0,58,0,0,0,0,0,0,0,0,0,0,0
158933,47,bully,1556,1,0,0,58,0,812,0,1,47,157377,1556,0,59,0,0,0,LEADER,1,0,0,58,0,0,0,0,0,0,0,0,0,0,0
158758,95,bully,2301,1,0,0,57,0,798,0,1,95,156457,2301,0,58,0,0,0,LEADER,1,0,0,57,0,0,0,0,0,0,0,0,0,0,0
158621,98,bully,2165,1,0,0,57,0,798,0,1,98,156456,2165,0,58,0,0,0,LEADER,1,0,0,57,0,0,0,0,0,0,0,0,0,0,0
158805,73,bully,2349,1,0,0,57,0,798,0,1,73,156456,2349,0,58,0,0,0,LEADER,1,0,0,57,0,0,0,0,0,0,0,0,0,0,0
158351,61,bully,1895,1,0,0,57,0,798,0,1,61,156456,1895,0,58,0,0,0,LEADER,1,0,0,57,0,0,0,0,0,0,0,0,0,0,0
159099,97,bully,1722,1,0,0,58,0,812,0,1,97,157377,1722,0,59,0,0,0,LEADER,1,0,0,58,0,0,0,0,0,0,0,0,0,0,0
159129,33,bully,1752,1,0,0,58,0,812,0,1,33,157377,1752,0,59,0,0,0,LEADER,1,0,0,58,0,0,0,0,0,0,0,0,0,0,0
158787,31,bully,2331,1,0,0,57,0,798,0,1,31,156456,2331,0,58,0,0,0,LEADER,1,0,0,57,0,0,0,0,0,0,0,0,0,0,0
159299,40,bully,1922,1,0,0,58,0,812,0,1,40,157377,1922,0,59,0,0,0,LEADER,1,0,0,58,0,0,0,0,0,0,0,0,0,0,0
159289,29,bully,1910,1,0,0,58,0,812,0,1,29,157379,1910,0,59,0,0,0,LEADER,1,0,0,58,0,0,0,0,0,0,0,0,0,0,0
159116,96,bully,1744,1,0,0,58,0,812,0,1,96,157372,1744,0,59,0,0,0,LEADER,1,0,0,58,0,0,0,0,0,0,0,0,0,0,0
159202,84,bully,1825,1,0,0,58,0,812,0,1,84,157377,1825,0,59,0,0,0,LEADER,1,0,0,58,0,0,0,0,0,0,0,0,0,0,0
158896,80,bully,1519,1,0,0,58,0,812,0,1,80,157377,1519,0,59,0,0,0,LEADER,1,0,0,58,0,0,0,0,0,0,0,0,0,0,0
158739,53,bully,2283,1,0,0,57,0,798,0,1,53,156456,2283,0,58,0,0,0,LEADER,1,0,0,57,0,0,0,0,0,0,0,0,0,0,0
158815,92,bully,1438,1,0,0,58,0,812,0,1,92,157377,1438,0,59,0,0,0,LEADER,1,0,0,58,0,0,0,0,0,0,0,0,0,0,0
158989,91,bully,1619,1,0,0,58,0,812,0,1,91,157370,1619,0,59,0,0,0,LEADER,1,0,0,58,0,0,0,0,0,0,0,0,0,0,0
159251,62,bully,1874,1,0,0,58,0,812,0,1,62,157377,1874,0,59,0,0,0,LEADER,1,0,0,58,0,0,0,0,0,0,0,0,0,0,0
158948,15,bully,1571,1,0,0,58,0,812,0,1,15,157377,1571,0,59,0,0,0,LEADER,1,0,0,58,0,0,0,0,0,0,0,0,0,0,0
158617,26,bully,2161,1,0,0,57,0,798,0,1,26,156456,2161,0,58,0,0,0,LEADER,1,0,0,57,0,0,0,0,0,0,0,0,0,0,0
159354,49,bully,1977,1,0,0,58,0,812,0,1,49,157377,1977,0,59,0,0,0,LEADER,1,0,0,58,0,0,0,0,0,0,0,0,0,0,0
159169,58,bully,1792,1,0,0,58,0,812,0,1,58,157377,1792,0,59,0,0,0,LEADER,1,0,0,58,0,0,0,0,0,0,0,0,0,0,0
158702,86,bully,2246,1,0,0,57,0,798,0,1,86,156456,2246,0,58,0,0,0,LEADER,1,0,0,57,0,0,0,0,0,0,0,0,0,0,0
158875,50,bully,2419,1,0,0,57,0,798,0,1,50,156456,2419,0,58,0,0,0,LEADER,1,0,0,57,0,0,0,0,0,0,0,0,0,0,0
158725,85,bully,2268,1,0,0,57,0,798,0,1,85,156457,2268,0,58,0,0,0,LEADER,1,0,0,57,0,0,0,0,0,0,0,0,0,0,0
158664,87,bully,2212,1,0,0,57,0,798,0,1,87,156452,2212,0,58,0,0,0,LEADER,1,0,0,57,0,0,0,0,0,0,0,0,0,0,0
158872,64,bully,2416,1,0,0,57,0,798,0,1,64,156456,2416,0,58,0,0,0,LEADER,1,0,0,57,0,0,0,0,0,0,0,0,0,0,0
158721,11,bully,2264,1,0,0,57,0,798,0,1,11,156457,2264,0,58,0,0,0,LEADER,1,0,0,57,0,0,0,0,0,0,0,0,0,0,0
158811,18,bully,1434,1,0,0,58,0,812,0,1,18,157377,1434,0,59,0,0,0,LEADER,1,0,0,58,0,0,0,0,0,0,0,0,0,0,0
158930,90,bully,1553,1,0,0,58,0,812,0,1,90,157377,1553,0,59,0,0,0,LEADER,1,0,0,58,0,0,0,0,0,0,0,0,0,0,0
158824,35,bully,1447,1,0,0,58,0,812,0,1,35,157377,1447,0,59,0,0,0,LEADER,1,0,0,58,0,0,0,0,0,0,0,0,0,0,0
158705,43,bully,2249,1,0,0,57,0,798,0,1,43,156456,2249,0,58,0,0,0,LEADER,1,0,0,57,0,0,0,0,0,0,0,0,0,0,0
158844,28,bully,1467,1,0,0,58,0,812,0,1,28,157377,1467,0,59,0,0,0,LEADER,1,0,0,58,0,0,0,0,0,0,0,0,0,0,0
158682,44,bully,2228,1,0,0,57,0,798,0,1,44,156454,2228,0,58,0,0,0,LEADER,1,0,0,57,0,0,0,0,0,0,0,0,0,0,0
159518,23,bully,2141,1,0,0,58,0,812,0,1,23,157377,2141,0,59,0,0,0,LEADER,1,0,0,58,0,0,0,0,0,0,0,0,0,0,0
158838,30,bully,1461,1,0,0,58,0,812,0,1,30,157377,1461,0,59,0,0,0,LEADER,1,0,0,58,0,0,0,0,0,0,0,0,0,0,0
159236,94,bully,1859,1,0,0,58,0,812,0,1,94,157377,1859,0,59,0,0,0,LEADER,1,0,0,58,0,0,0,0,0,0,0,0,0,0,0
158878,38,bully,1501,1,0,0,58,0,812,0,1,38,157377,1501,0,59,0,0,0,LEADER,1,0,0,58,0,0,0,0,0,0,0,0,0,0,0
159557,66,bully,2180,1,0,0,58,0,812,0,1,66,157377,2180,0,59,0,0,0,LEADER,1,0,0,58,0,0,0,0,0,0,0,0,0,0,0
158863,70,bully,1486,1,0,0,58,0,812,0,1,70,157377,1486,0,59,0,0,0,LEADER,1,0,0,58,0,0,0,0,0,0,0,0,0,0,0
159508,88,bully,2131,1,0,0,58,0,812,0,1,88,157377,2131,0,59,0,0,0,LEADER,1,0,0,58,0,0,0,0,0,0,0,0,0,0,0
158691,75,bully,2235,1,0,0,57,0,798,0,1,75,156456,2235,0,58,0,0,0,LEADER,1,0,0,57,0,0,0,0,0,0,0,0,0,0,0
158701,12,bully,2243,1,0,0,57,0,798,0,1,12,156458,2243,0,58,0,0,0,LEADER,1,0,0,57,0,0,0,0,0,0,0,0,0,0,0
159402,27,bully,2025,1,0,0,58,0,812,0,1,27,157377,2025,0,59,0,0,0,LEADER,1,0,0,58,0,0,0,0,0,0,0,0,0,0,0
158891,42,bully,1514,1,0,0,58,0,812,0,1,42,157377,1514,0,59,0,0,0,LEADER,1,0,0,58,0,0,0,0,0,0,0,0,0,0,0
159538,24,bully,2161,1,0,0,58,0,812,0,1,24,157377,2161,0,59,0,0,0,LEADER,1,0,0,58,0,0,0,0,0,0,0,0,0,0,0
159490,46,bully,2113,1,0,0,58,0,812,0,1,46,157377,2113,0,59,0,0,0,LEADER,1,0,0,58,0,0,0,0,0,0,0,0,0,0,0
159387,59,bully,2010,1,0,0,58,0,812,0,1,59,157377,2010,0,59,0,0,0,LEADER,1,0,0,58,0,0,0,0,0,0,0,0,0,0,0
159015,34,bully,1637,1,0,0,58,0,812,0,1,34,157378,1637,0,59,0,0,0,LEADER,1,0,0,58,0,0,0,0,0,0,0,0,0,0,0
159669,32,bully,2292,1,0,0,58,0,812,0,1,32,157377,2292,0,59,0,0,0,LEADER,1,0,0,58,0,0,0,0,0,0,0,0,0,0,0
159284,72,bully,1907,1,0,0,58,0,812,0,1,72,157377,1907,0,59,0,0,0,LEADER,1,0,0,58,0,0,0,0,0,0,0,0,0,0,0
159696,63,bully,2316,1,0,0,58,0,812,0,1,63,157380,2316,0,59,0,0,0,LEADER,1,0,0,58,0,0,0,0,0,0,0,0,0,0,0
159169,74,bully,1792,1,0,0,58,0,812,0,1,74,157377,1792,0,59,0,0,0,LEADER,1,0,0,58,0,0,0,0,0,0,0,0,0,0,0
158911,48,bully,1534,1,0,0,58,0,812,0,1,48,157377,1534,0,59,0,0,0,LEADER,1,0,0,58,0,0,0,0,0,0,0,0,0,0,0
159372,57,bully,1995,1,0,0,58,0,812,0,1,57,157377,1995,0,59,0,0,0,LEADER,1,0,0,58,0,0,0,0,0,0,0,0,0,0,0
159442,68,bully,2065,1,0,0,58,0,812,0,1,68,157377,2065,0,59,0,0,0,LEADER,1,0,0,58,0,0,0,0,0,0,0,0,0,0,0
158843,45,bully,1466,1,0,0,58,0,812,0,1,45,157377,1466,0,59,0,0,0,LEADER,1,0,0,58,0,0,0,0,0,0,0,0,0,0,0
159200,93,bully,1823,1,0,0,58,0,812,0,1,93,157377,1823,0,59,0,0,0,LEADER,1,0,0,58,0,0,0,0,0,0,0,0,0,0,0
159781,82,bully,2404,1,0,0,58,0,812,0,1,82,157377,2404,0,59,0,0,0,LEADER,1,0,0,58,0,0,0,0,0,0,0,0,0,0,0
159775,51,bully,2398,1,0,0,58,0,812,0,1,51,157377,2398,0,59,0,0,0,LEADER,1,0,0,58,0,0,0,0,0,0,0,0,0,0,0
159320,39,bully,1943,1,0,0,58,0,812,0,1,39,157377,1943,0,59,0,0,0,LEADER,1,0,0,58,0,0,0,0,0,0,0,0,0,0,0
159066,78,bully,1689,1,0,0,58,0,812,0,1,78,157377,1689,0,59,0,0,0,LEADER,1,0,0,58,0,0,0,0,0,0,0,0,0,0,0
159454,79,bully,2077,1,0,0,58,0,812,0,1,79,157377,2077,0,59,0,0,0,LEADER,1,0,0,58,0,0,0,0,0,0,0,0,0,0,0
159029,14,bully,1652,1,0,0,58,0,812,0,1,14,157377,1652,0,59,0,0,0,LEADER,1,0,0,58,0,0,0,0,0,0,0,0,0,0,0
159456,36,bully,2080,1,0,0,58,0,812,0,1,36,157376,2080,0,59,0,0,0,LEADER,1,0,0,58,0,0,0,0,0,0,0,0,0,0,0
159339,81,bully,1962,1,0,0,58,0,812,0,1,81,157377,1962,0,59,0,0,0,LEADER,1,0,0,58,0,0,0,0,0,0,0,0,0,0,0
158999,67,bully,1622,1,0,0,58,0,812,0,1,67,157377,1622,0,59,0,0,0,LEADER,1,0,0,58,0,0,0,0,0,0,0,0,0,0,0
159760,83,bully,2383,1,0,0,58,0,812,0,1,83,157377,2383,0,59,0,0,0,LEADER,1,0,0,58,0,0,0,0,0,0,0,0,0,0,0
159904,99,bully,1607,1,0,0,58,0,812,0,1,99,158297,1607,0,59,0,0,0,LEADER,1,0,0,58,0,0,0,0,0,0,0,0,0,0,0
159081,55,bully,1704,1,0,0,58,0,812,0,1,55,157377,1704,0,59,0,0,0,LEADER,1,0,0,58,0,0,0,0,0,0,0,0,0,0,0
159871,89,bully,1574,1,0,0,58,0,812,0,1,89,158297,1574,0,59,0,0,0,LEADER,1,0,0,58,0,0,0,0,0,0,0,0,0,0,0
159033,77,bully,1656,1,0,0,58,0,812,0,1,77,157377,1656,0,59,0,0,0,LEADER,1,0,0,58,0,0,0,0,0,0,0,0,0,0,0
159305,71,bully,1928,1,0,0,58,0,812,0,1,71,157377,1928,0,59,0,0,0,LEADER,1,0,0,58,0,0,0,0,0,0,0,0,0,0,0
159217,52,bully,1840,1,0,0,58,0,812,0,1,52,157377,1840,0,59,0,0,0,LEADER,1,0,0,58,0,0,0,0,0,0,0,0,0,0,0
159584,76,bully,2213,1,0,0,58,0,812,0,1,76,157371,2213,0,59,0,0,0,LEADER,1,0,0,58,0,0,0,0,0,0,0,0,0,0,0
159184,10,bully,1807,1,0,0,58,0,812,0,1,10,157377,1807,0,59,0,0,0,LEADER,1,0,0,58,0,0,0,0,0,0,0,0,0,0,0
159117,22,bully,1740,1,0,0,58,0,812,0,1,22,157377,1740,0,59,0,0,0,LEADER,1,0,0,58,0,0,0,0,0,0,0,0,0,0,0
159264,21,bully,1889,1,0,0,58,0,812,0,1,21,157375,1889,0,59,0,0,0,LEADER,1,0,0,58,0,0,0,0,0,0,0,0,0,0,0
159523,56,bully,2146,1,0,0,58,0,812,0,1,56,157377,2146,0,59,0,0,0,LEADER,1,0,0,58,0,0,0,0,0,0,0,0,0,0,0
159048,60,bully,1671,1,0,0,58,0,812,0,1,60,157377,1671,0,59,0,0,0,LEADER,1,0,0,58,0,0,0,0,0,0,0,0,0,0,0
159901,25,bully,1604,1,0,0,58,0,812,0,1,25,158297,1604,0,59,0,0,0,LEADER,1,0,0,58,0,0,0,0,0,0,0,0,0,0,0
159114,65,bully,1737,1,0,0,58,0,812,0,1,65,157377,1737,0,59,0,0,0,LEADER,1,0,0,58,0,0,0,0,0,0,0,0,0,0,0
159790,19,bully,2413,1,0,0,58,0,812,0,1,19,157377,2413,0,59,0,0,0,LEADER,1,0,0,58,0,0,0,0,0,0,0,0,0,0,0
159420,69,bully,2043,1,0,0,58,0,812,0,1,69,157377,2043,0,59,0,0,0,LEADER,1,0,0,58,0,0,0,0,0,0,0,0,0,0,0
160022,54,bully,1725,1,0,0,58,0,812,0,1,54,158297,1725,0,59,0,0,0,LEADER,1,0,0,58,0,0,0,0,0,0,0,0,0,0,0
159369,17,bully,1992,1,0,0,58,0,812,0,1,17,157377,1992,0,59,0,0,0,LEADER,1,0,0,58,0,0,0,0,0,0,0,0,0,0,0
159883,100,bully,1586,1,0,0,58,0,812,0,1,100,158297,1586,0,59,0,0,0,LEADER,1,0,0,58,0,0,0,0,0,0,0,0,0,0,0
159846,16,bully,1549,1,0,0,58,0,812,0,1,16,158297,1549,0,59,0,0,0,LEADER,1,0,0,58,0,0,0,0,0,0,0,0,0,0,0
159435,37,bully,2058,1,0,0,58,0,812,0,1,37,157377,2058,0,59,0,0,0,LEADER,1,0,0,58,0,0,0,0,0,0,0,0,0,0,0
160071,13,bully,1774,1,0,0,58,0,812,0,1,13,158297,1774,0,59,0,0,0,LEADER,1,0,0,58,0,0,0,0,0,0,0,0,0,0,0
159232,20,bully,1855,1,0,0,58,0,812,0,1,20,157377,1855,0,59,0,0,0,LEADER,1,0,0,58,0,0,0,0,0,0,0,0,0,0,0
159864,41,bully,1567,1,0,0,58,0,812,0,1,41,158297,1567,0,59,0,0,0,LEADER,1,0,0,58,0,0,0,0,0,0,0,0,0,0,0
159853,47,bully,1556,1,0,0,58,0,812,0,1,47,158297,1556,0,59,0,0,0,LEADER,1,0,0,58,0,0,0,0,0,0,0,0,0,0,0
159679,95,bully,2301,1,0,0,58,0,812,0,1,95,157378,2301,0,59,0,0,0,LEADER,1,0,0,58,0,0,0,0,0,0,0,0,0,0,0
159542,98,bully,2165,1,0,0,58,0,812,0,1,98,157377,2165,0,59,0,0,0,LEADER,1,0,0,58,0,0,0,0,0,0,0,0,0,0,0
159726,73,bully,2349,1,0,0,58,0,812,0,1,73,157377,2349,0,59,0,0,0,LEADER,1,0,0,58,0,0,0,0,0,0,0,0,0,0,0
160049,33,bully,1752,1,0,0,58,0,812,0,1,33,158297,1752,0,59,0,0,0,LEADER,1,0,0,58,0,0,0,0,0,0,0,0,0,0,0
160019,97,bully,1722,1,0,0,58,0,812,0,1,97,158297,1722,0,59,0,0,0,LEADER,1,0,0,58,0,0,0,0,0,0,0,0,0,0,0
159272,61,bully,1895,1,0,0,58,0,812,0,1,61,157377,1895,0,59,0,0,0,LEADER,1,0,0,58,0,0,0,0,0,0,0,0,0,0,0
160219,40,bully,1922,1,0,0,58,0,812,0,1,40,158297,1922,0,59,0,0,0,LEADER,1,0,0,58,0,0,0,0,0,0,0,0,0,0,0
159708,31,bully,2331,1,0,0,58,0,812,0,1,31,157377,2331,0,59,0,0,0,LEADER,1,0,0,58,0,0,0,0,0,0,0,0,0,0,0
160209,29,bully,1910,1,0,0,58,0,812,0,1,29,158299,1910,0,59,0,0,0,LEADER,1,0,0,58,0,0,0,0,0,0,0,0,0,0,0
160036,96,bully,1744,1,0,0,58,0,812,0,1,96,158292,1744,0,59,0,0,0,LEADER,1,0,0,58,0,0,0,0,0,0,0,0,0,0,0
160122,84,bully,1825,1,0,0,58,0,812,0,1,84,158297,1825,0,59,0,0,0,LEADER,1,0,0,58,0,0,0,0,0,0,0,0,0,0,0
159816,80,bully,1519,1,0,0,58,0,812,0,1,80,158297,1519,0,59,0,0,0,LEADER,1,0,0,58,0,0,0,0,0,0,0,0,0,0,0
159660,53,bully,2283,1,0,0,58,0,812,0,1,53,157377,2283,0,59,0,0,0,LEADER,1,0,0,58,0,0,0,0,0,0,0,0,0,0,0
159735,92,bully,1438,1,0,0,58,0,812,0,1,92,158297,1438,0,59,0,0,0,LEADER,1,0,0,58,0,0,0,0,0,0,0,0,0,0,0
159909,91,bully,1619,1,0,0,58,0,812,0,1,91,158290,1619,0,59,0,0,0,LEADER,1,0,0,58,0,0,0,0,0,0,0,0,0,0,0
160171,62,bully,1874,1,0,0,58,0,812,0,1,62,158297,1874,0,59,0,0,0,LEADER,1,0,0,58,0,0,0,0,0,0,0,0,0,0,0
159868,15,bully,1571,1,0,0,58,0,812,0,1,15,158297,1571,0,59,0,0,0,LEADER,1,0,0,58,0,0,0,0,0,0,0,0,0,0,0
159538,26,bully,2161,1,0,0,58,0,812,0,1,26,157377,2161,0,59,0,0,0,LEADER,1,0,0,58,0,0,0,0,0,0,0,0,0,0,0
160274,49,bully,1977,1,0,0,58,0,812,0,1,49,158297,1977,0,59,0,0,0,LEADER,1,0,0,58,0,0,0,0,0,0,0,0,0,0,0
160089,58,bully,1792,1,0,0,58,0,812,0,1,58,158297,1792,0,59,0,0,0,LEADER,1,0,0,58,0,0,0,0,0,0,0,0,0,0,0
159623,86,bully,2246,1,0,0,58,0,812,0,1,86,157377,2246,0,59,0,0,0,LEADER,1,0,0,58,0,0,0,0,0,0,0,0,0,0,0
159796,50,bully,2419,1,0,0,58,0,812,0,1,50,157377,2419,0,59,0,0,0,LEADER,1,0,0,58,0,0,0,0,0,0,0,0,0,0,0
159646,85,bully,2268,1,0,0,58,0,812,0,1,85,157378,2268,0,59,0,0,0,LEADER,1,0,0,58,0,0,0,0,0,0,0,0,0,0,0
159585,87,bully,2212,1,0,0,58,0,812,0,1,87,157373,2212,0,59,0,0,0,LEADER,1,0,0,58,0,0,0,0,0,0,0,0,0,0,0
159793,64,bully,2416,1,0,0,58,0,812,0,1,64,157377,2416,0,59,0,0,0,LEADER,1,0,0,58,0,0,0,0,0,0,0,0,0,0,0
159731,18,bully,1434,1,0,0,58,0,812,0,1,18,158297,1434,0,59,0,0,0,LEADER,1,0,0,58,0,0,0,0,0,0,0,0,0,0,0
159642,11,bully,2264,1,0,0,58,0,812,0,1,11,157378,2264,0,59,0,0,0,LEADER,1,0,0,58,0,0,0,0,0,0,0,0,0,0,0
159850,90,bully,1553,1,0,0,58,0,812,0,1,90,158297,1553,0,59,0,0,0,LEADER,1,0,0,58,0,0,0,0,0,0,0,0,0,0,0
159744,35,bully,1447,1,0,0,58,0,812,0,1,35,158297,1447,0,59,0,0,0,LEADER,1,0,0,58,0,0,0,0,0,0,0,0,0,0,0
159626,43,bully,2249,1,0,0,58,0,812,0,1,43,157377,2249,0,59,0,0,0,LEADER,1,0,0,58,0,0,0,0,0,0,0,0,0,0,0
159764,28,bully,1467,1,0,0,58,0,812,0,1,28,158297,1467,0,59,0,0,0,LEADER,1,0,0,58,0,0,0,0,0,0,0,0,0,0,0
159603,44,bully,2228,1,0,0,58,0,812,0,1,44,157375,2228,0,59,0,0,0,LEADER,1,0,0,58,0,0,0,0,0,0,0,0,0,0,0
160438,23,bully,2141,1,0,0,58,0,812,0,1,23,158297,2141,0,59,0,0,0,LEADER,1,0,0,58,0,0,0,0,0,0,0,0,0,0,0
159758,30,bully,1461,1,0,0,58,0,812,0,1,30,158297,1461,0,59,0,0,0,LEADER,1,0,0,58,0,0,0,0,0,0,0,0,0,0,0
160156,94,bully,1859,1,0,0,58,0,812,0,1,94,158297,1859,0,59,0,0,0,LEADER,1,0,0,58,0,0,0,0,0,0,0,0,0,0,0
159798,38,bully,1501,1,0,0,58,0,812,0,1,38,158297,1501,0,59,0,0,0,LEADER,1,0,0,58,0,0,0,0,0,0,0,0,0,0,0
160477,66,bully,2180,1,0,0,58,0,812,0,1,66,158297,2180,0,59,0,0,0,LEADER,1,0,0,58,0,0,0,0,0,0,0,0,0,0,0
159783,70,bully,1486,1,0,0,58,0,812,0,1,70,158297,1486,0,59,0,0,0,LEADER,1,0,0,58,0,0,0,0,0,0,0,0,0,0,0
160428,88,bully,2131,1,0,0,58,0,812,0,1,88,158297,2131,0,59,0,0,0,LEADER,1,0,0,58,0,0,0,0,0,0,0,0,0,0,0
159612,75,bully,2235,1,0,0,58,0,812,0,1,75,157377,2235,0,59,0,0,0,LEADER,1,0,0,58,0,0,0,0,0,0,0,0,0,0,0
159622,12,bully,2243,1,0,0,58,0,812,0,1,12,157379,2243,0,59,0,0,0,LEADER,1,0,0,58,0,0,0,0,0,0,0,0,0,0,0
160322,27,bully,2025,1,0,0,58,0,812,0,1,27,158297,2025,0,59,0,0,0,LEADER,1,0,0,58,0,0,0,0,0,0,0,0,0,0,0
159811,42,bully,1514,1,0,0,58,0,812,0,1,42,158297,1514,0,59,0,0,0,LEADER,1,0,0,58,0,0,0,0,0,0,0,0,0,0,0
160458,24,bully,2161,1,0,0,58,0,812,0,1,24,158297,2161,0,59,0,0,0,LEADER,1,0,0,58,0,0,0,0,0,0,0,0,0,0,0
160410,46,bully,2113,1,0,0,58,0,812,0,1,46,158297,2113,0,59,0,0,0,LEADER,1,0,0,58,0,0,0,0,0,0,0,0,0,0,0
160307,59,bully,2010,1,0,0,58,0,812,0,1,59,158297,2010,0,59,0,0,0,LEADER,1,0,0,58,0,0,0,0,0,0,0,0,0,0,0
159935,34,bully,1637,1,0,0,58,0,812,0,1,34,158298,1637,0,59,0,0,0,LEADER,1,0,0,58,0,0,0,0,0,0,0,0,0,0,0
160589,32,bully,2292,1,0,0,58,0,812,0,1,32,158297,2292,0,59,0,0,0,LEADER,1,0,0,58,0,0,0,0,0,0,0,0,0,0,0
160204,72,bully,1907,1,0,0,58,0,812,0,1,72,158297,1907,0,59,0,0,0,LEADER,1,0,0,58,0,0,0,0,0,0,0,0,0,0,0
160616,63,bully,2316,1,0,0,58,0,812,0,1,63,158300,2316,0,59,0,0,0,LEADER,1,0,0,58,0,0,0,0,0,0,0,0,0,0,0
160089,74,bully,1792,1,0,0,58,0,812,0,1,74,158297,1792,0,59,0,0,0,LEADER,1,0,0,58,0,0,0,0,0,0,0,0,0,0,0
159831,48,bully,1534,1,0,0,58,0,812,0,1,48,158297,1534,0,59,0,0,0,LEADER,1,0,0,58,0,0,0,0,0,0,0,0,0,0,0
160292,57,bully,1995,1,0,0,58,0,812,0,1,57,158297,1995,0,59,0,0,0,LEADER,1,0,0,58,0,0,0,0,0,0,0,0,0,0,0
160362,68,bully,2065,1,0,0,58,0,812,0,1,68,158297,2065,0,59,0,0,0,LEADER,1,0,0,58,0,0,0,0,0,0,0,0,0,0,0
159763,45,bully,1466,1,0,0,58,0,812,0,1,45,158297,1466,0,59,0,0,0,LEADER,1,0,0,58,0,0,0,0,0,0,0,0,0,0,0
160120,93,bully,1823,1,0,0,58,0,812,0,1,93,158297,1823,0,59,0,0,0,LEADER,1,0,0,58,0,0,0,0,0,0,0,0,0,0,0
160701,82,bully,2404,1,0,0,58,0,812,0,1,82,158297,2404,0,59,0,0,0,LEADER,1,0,0,58,0,0,0,0,0,0,0,0,0,0,0
160695,51,bully,2398,1,0,0,58,0,812,0,1,51,158297,2398,0,59,0,0,0,LEADER,1,0,0,58,0,0,0,0,0,0,0,0,0,0,0
160240,39,bully,1943,1,0,0,58,0,812,0,1,39,158297,1943,0,59,0,0,0,LEADER,1,0,0,58,0,0,0,0,0,0,0,0,0,0,0
159986,78,bully,1689,1,0,0,58,0,812,0,1,78,158297,1689,0,59,0,0,0,LEADER,1,0,0,58,0,0,0,0,0,0,0,0,0,0,0
160374,79,bully,2077,1,0,0,58,0,812,0,1,79,158297,2077,0,59,0,0,0,LEADER,1,0,0,58,0,0,0,0,0,0,0,0,0,0,0
159949,14,bully,1652,1,0,0,58,0,812,0,1,14,158297,1652,0,59,0,0,0,LEADER,1,0,0,58,0,0,0,0,0,0,0,0,0,0,0
160376,36,bully,2080,1,0,0,58,0,812,0,1,36,158296,2080,0,59,0,0,0,LEADER,1,0,0,58,0,0,0,0,0,0,0,0,0,0,0
160259,81,bully,1962,1,0,0,58,0,812,0,1,81,158297,1962,0,59,0,0,0,LEADER,1,0,0,58,0,0,0,0,0,0,0,0,0,0,0
159919,67,bully,1622,1,0,0,58,0,812,0,1,67,158297,1622,0,59,0,0,0,LEADER,1,0,0,58,0,0,0,0,0,0,0,0,0,0,0
160680,83,bully,2383,1,0,0,58,0,812,0,1,83,158297,2383,0,59,0,0,0,LEADER,1,0,0,58,0,0,0,0,0,0,0,0,0,0,0
160824,99,bully,1607,1,0,0,58,0,812,0,1,99,159217,1607,0,59,0,0,0,LEADER,1,0,0,58,0,0,0,0,0,0,0,0,0,0,0
160001,55,bully,1704,1,0,0,58,0,812,0,1,55,158297,1704,0,59,0,0,0,LEADER,1,0,0,58,0,0,0,0,0,0,0,0,0,0,0
160791,89,bully,1574,1,0,0,58,0,812,0,1,89,159217,1574,0,59,0,0,0,LEADER,1,0,0,58,0,0,0,0,0,0,0,0,0,0,0
159953,77,bully,1656,1,0,0,58,0,812,0,1,77,158297,1656,0,59,0,0,0,LEADER,1,0,0,58,0,0,0,0,0,0,0,0,0,0,0
160225,71,bully,1928,1,0,0,58,0,812,0,1,71,158297,1928,0,59,0,0,0,LEADER,1,0,0,58,0,0,0,0,0,0,0,0,0,0,0
160137,52,bully,1840,1,0,0,58,0,812,0,1,52,158297,1840,0,59,0,0,0,LEADER,1,0,0,58,0,0,0,0,0,0,0,0,0,0,0
160504,76,bully,2213,1,0,0,58,0,812,0,1,76,158291,2213,0,59,0,0,0,LEADER,1,0,0,58,0,0,0,0,0,0,0,0,0,0,0
160104,10,bully,1807,1,0,0,58,0,812,0,1,10,158297,1807,0,59,0,0,0,LEADER,1,0,0,58,0,0,0,0,0,0,0,0,0,0,0
160037,22,bully,1740,1,0,0,58,0,812,0,1,22,158297,1740,0,59,0,0,0,LEADER,1,0,0,58,0,0,0,0,0,0,0,0,0,0,0
160184,21,bully,1889,1,0,0,58,0,812,0,1,21,158295,1889,0,59,0,0,0,LEADER,1,0,0,58,0,0,0,0,0,0,0,0,0,0,0
160443,56,bully,2146,1,0,0,58,0,812,0,1,56,158297,2146,0,59,0,0,0,LEADER,1,0,0,58,0,0,0,0,0,0,0,0,0,0,0
159968,60,bully,1671,1,0,0,58,0,812,0,1,60,158297,1671,0,59,0,0,0,LEADER,1,0,0,58,0,0,0,0,0,0,0,0,0,0,0
160821,25,bully,1604,1,0,0,58,0,812,0,1,25,159217,1604,0,59,0,0,0,LEADER,1,0,0,58,0,0,0,0,0,0,0,0,0,0,0
160034,65,bully,1737,1,0,0,58,0,812,0,1,65,158297,1737,0,59,0,0,0,LEADER,1,0,0,58,0,0,0,0,0,0,0,0,0,0,0
160710,19,bully,2413,1,0,0,58,0,812,0,1,19,158297,2413,0,59,0,0,0,LEADER,1,0,0,58,0,0,0,0,0,0,0,0,0,0,0
160340,69,bully,2043,1,0,0,58,0,812,0,1,69,158297,2043,0,59,0,0,0,LEADER,1,0,0,58,0,0,0,0,0,0,0,0,0,0,0
160942,54,bully,1725,1,0,0,58,0,812,0,1,54,159217,1725,0,59,0,0,0,LEADER,1,0,0,58,0,0,0,0,0,0,0,0,0,0,0
160289,17,bully,1992,1,0,0,58,0,812,0,1,17,158297,1992,0,59,0,0,0,LEADER,1,0,0,58,0,0,0,0,0,0,0,0,0,0,0
160803,100,bully,1586,1,0,0,58,0,812,0,1,100,159217,1586,0,59,0,0,0,LEADER,1,0,0,58,0,0,0,0,0,0,0,0,0,0,0
160766,16,bully,1549,1,0,0,58,0,812,0,1,16,159217,1549,0,59,0,0,0,LEADER,1,0,0,58,0,0,0,0,0,0,0,0,0,0,0
160355,37,bully,2058,1,0,0,58,0,812,0,1,37,158297,2058,0,59,0,0,0,LEADER,1,0,0,58,0,0,0,0,0,0,0,0,0,0,0
160991,13,bully,1774,1,0,0,58,0,812,0,1,13,159217,1774,0,59,0,0,0,LEADER,1,0,0,58,0,0,0,0,0,0,0,0,0,0,0
160152,20,bully,1855,1,0,0,58,0,812,0,1,20,158297,1855,0,59,0,0,0,LEADER,1,0,0,58,0,0,0,0,0,0,0,0,0,0,0
160784,41,bully,1567,1,0,0,58,0,812,0,1,41,159217,1567,0,59,0,0,0,LEADER,1,0,0,58,0,0,0,0,0,0,0,0,0,0,0
160773,47,bully,1556,1,0,0,58,0,812,0,1,47,159217,1556,0,59,0,0,0,LEADER,1,0,0,58,0,0,0,0,0,0,0,0,0,0,0
160599,95,bully,2301,1,0,0,58,0,812,0,1,95,158298,2301,0,59,0,0,0,LEADER,1,0,0,58,0,0,0,0,0,0,0,0,0,0,0
160462,98,bully,2165,1,0,0,58,0,812,0,1,98,158297,2165,0,59,0,0,0,LEADER,1,0,0,58,0,0,0,0,0,0,0,0,0,0,0
160646,73,bully,2349,1,0,0,58,0,812,0,1,73,158297,2349,0,59,0,0,0,LEADER,1,0,0,58,0,0,0,0,0,0,0,0,0,0,0
160969,33,bully,1752,1,0,0,58,0,812,0,1,33,159217,1752,0,59,0,0,0,LEADER,1,0,0,58,0,0,0,0,0,0,0,0,0,0,0
160939,97,bully,1722,1,0,0,58,0,812,0,1,97,159217,1722,0,59,0,0,0,LEADER,1,0,0,58,0,0,0,0,0,0,0,0,0,0,0
160192,61,bully,1895,1,0,0,58,0,812,0,1,61,158297,1895,0,59,0,0,0,LEADER,1,0,0,58,0,0,0,0,0,0,0,0,0,0,0
161139,40,bully,1922,1,0,0,58,0,812,0,1,40,159217,1922,0,59,0,0,0,LEADER,1,0,0,58,0,0,0,0,0,0,0,0,0,0,0
160628,31,bully,2331,1,0,0,58,0,812,0,1,31,158297,2331,0,59,0,0,0,LEADER,1,0,0,58,0,0,0,0,0,0,0,0,0,0,0
161129,29,bully,1910,1,0,0,58,0,812,0,1,29,159219,1910,0,59,0,0,0,LEADER,1,0,0,58,0,0,0,0,0,0,0,0,0,0,0
160956,96,bully,1744,1,0,0,58,0,812,0,1,96,159212,1744,0,59,0,0,0,LEADER,1,0,0,58,0,0,0,0,0,0,0,0,0,0,0
161042,84,bully,1825,1,0,0,58,0,812,0,1,84,159217,1825,0,59,0,0,0,LEADER,1,0,0,58,0,0,0,0,0,0,0,0,0,0,0
160736,80,bully,1519,1,0,0,58,0,812,0,1,80,159217,1519,0,59,0,0,0,LEADER,1,0,0,58,0,0,0,0,0,0,0,0,0,0,0
160580,53,bully,2283,1,0,0,58,0,812,0,1,53,158297,2283,0,59,0,0,0,LEADER,1,0,0,58,0,0,0,0,0,0,0,0,0,0,0
160655,92,bully,1438,1,0,0,58,0,812,0,1,92,159217,1438,0,59,0,0,0,LEADER,1,0,0,58,0,0,0,0,0,0,0,0,0,0,0
160829,91,bully,1619,1,0,0,58,0,812,0,1,91,159210,1619,0,59,0,0,0,LEADER,1,0,0,58,0,0,0,0,0,0,0,0,0,0,0
161091,62,bully,1874,1,0,0,58,0,812,0,1,62,159217,1874,0,59,0,0,0,LEADER,1,0,0,58,0,0,0,0,0,0,0,0,0,0,0
160788,15,bully,1571,1,0,0,58,0,812,0,1,15,159217,1571,0,59,0,0,0,LEADER,1,0,0,58,0,0,0,0,0,0,0,0,0,0,0
160458,26,bully,2161,1,0,0,58,0,812,0,1,26,158297,2161,0,59,0,0,0,LEADER,1,0,0,58,0,0,0,0,0,0,0,0,0,0,0
161194,49,bully,1977,1,0,0,58,0,812,0,1,49,159217,1977,0,59,0,0,0,LEADER,1,0,0,58,0,0,0,0,0,0,0,0,0,0,0
161009,58,bully,1792,1,0,0,58,0,812,0,1,58,159217,1792,0,59,0,0,0,LEADER,1,0,0,58,0,0,0,0,0,0,0,0,0,0,0
160543,86,bully,2246,1,0,0,58,0,812,0,1,86,158297,2246,0,59,0,0,0,LEADER,1,0,0,58,0,0,0,0,0,0,0,0,0,0,0
160716,50,bully,2419,1,0,0,58,0,812,0,1,50,158297,2419,0,59,0,0,0,LEADER,1,0,0,58,0,0,0,0,0,0,0,0,0,0,0
160566,85,bully,2268,1,0,0,58,0,812,0,1,85,158298,2268,0,59,0,0,0,LEADER,1,0,0,58,0,0,0,0,0,0,0,0,0,0,0
160505,87,bully,2212,1,0,0,58,0,812,0,1,87,158293,2212,0,59,0,0,0,LEADER,1,0,0,58,0,0,0,0,0,0,0,0,0,0,0
160713,64,bully,2416,1,0,0,58,0,812,0,1,64,158297,2416,0,59,0,0,0,LEADER,1,0,0,58,0,0,0,0,0,0,0,0,0,0,0
160651,18,bully,1434,1,0,0,58,0,812,0,1,18,159217,1434,0,59,0,0,0,LEADER,1,0,0,58,0,0,0,0,0,0,0,0,0,0,0
160562,11,bully,2264,1,0,0,58,0,812,0,1,11,158298,2264,0,59,0,0,0,LEADER,1,0,0,58,0,0,0,0,0,0,0,0,0,0,0
160770,90,bully,1553,1,0,0,58,0,812,0,1,90,159217,1553,0,59,0,0,0,LEADER,1,0,0,58,0,0,0,0,0,0,0,0,0,0,0
160664,35,bully,1447,1,0,0,58,0,812,0,1,35,159217,1447,0,59,0,0,0,LEADER,1,0,0,58,0,0,0,0,0,0,0,0,0,0,0
160546,43,bully,2249,1,0,0,58,0,812,0,1,43,158297,2249,0,59,0,0,0,LEADER,1,0,0,58,0,0,0,0,0,0,0,0,0,0,0
160684,28,bully,1467,1,0,0,58,0,812,0,1,28,159217,1467,0,59,0,0,0,LEADER,1,0,0,58,0,0,0,0,0,0,0,0,0,0,0
160523,44,bully,2228,1,0,0,58,0,812,0,1,44,158295,2228,0,59,0,0,0,LEADER,1,0,0,58,0,0,0,0,0,0,0,0,0,0,0
161358,23,bully,2141,1,0,0,58,0,812,0,1,23,159217,2141,0,59,0,0,0,LEADER,1,0,0,58,0,0,0,0,0,0,0,0,0,0,0
160678,30,bully,1461,1,0,0,58,0,812,0,1,30,159217,1461,0,59,0,0,0,LEADER,1,0,0,58,0,0,0,0,0,0,0,0,0,0,0
161076,94,bully,1859,1,0,0,58,0,812,0,1,94,159217,1859,0,59,0,0,0,LEADER,1,0,0,58,0,0,0,0,0,0,0,0,0,0,0
160691,5,bully,2001,1,0,0,16,23,224,322,6,4,158690,2001,0,8,0,0,0,NORMAL,0,0,0,16,0,0,0,23,0,0,0,0,0,0,0
160718,38,bully,1501,1,0,0,58,0,812,0,1,38,159217,1501,0,59,0,0,0,LEADER,1,0,0,58,0,0,0,0,0,0,0,0,0,0,0
161397,66,bully,2180,1,0,0,58,0,812,0,1,66,159217,2180,0,59,0,0,0,LEADER,1,0,0,58,0,0,0,0,0,0,0,0,0,0,0
160703,70,bully,1486,1,0,0,58,0,812,0,1,70,159217,1486,0,59,0,0,0,LEADER,1,0,0,58,0,0,0,0,0,0,0,0,0,0,0
161348,88,bully,2131,1,0,0,58,0,812,0,1,88,159217,2131,0,59,0,0,0,LEADER,1,0,0,58,0,0,0,0,0,0,0,0,0,0,0
160532,75,bully,2235,1,0,0,58,0,812,0,1,75,158297,2235,0,59,0,0,0,LEADER,1,0,0,58,0,0,0,0,0,0,0,0,0,0,0
160542,12,bully,2243,1,0,0,58,0,812,0,1,12,158299,2243,0,59,0,0,0,LEADER,1,0,0,58,0,0,0,0,0,0,0,0,0,0,0
161242,27,bully,2025,1,0,0,58,0,812,0,1,27,159217,2025,0,59,0,0,0,LEADER,1,0,0,58,0,0,0,0,0,0,0,0,0,0,0
160731,42,bully,1514,1,0,0,58,0,812,0,1,42,159217,1514,0,59,0,0,0,LEADER,1,0,0,58,0,0,0,0,0,0,0,0,0,0,0
161378,24,bully,2161,1,0,0,58,0,812,0,1,24,159217,2161,0,59,0,0,0,LEADER,1,0,0,58,0,0,0,0,0,0,0,0,0,0,0
161330,46,bully,2113,1,0,0,58,0,812,0,1,46,159217,2113,0,59,0,0,0,LEADER,1,0,0,58,0,0,0,0,0,0,0,0,0,0,0
161227,59,bully,2010,1,0,0,58,0,812,0,1,59,159217,2010,0,59,0,0,0,LEADER,1,0,0,58,0,0,0,0,0,0,0,0,0,0,0
161509,32,bully,2292,1,0,0,58,0,812,0,1,32,159217,2292,0,59,0,0,0,LEADER,1,0,0,58,0,0,0,0,0,0,0,0,0,0,0
160855,34,bully,1637,1,0,0,58,0,812,0,1,34,159218,1637,0,59,0,0,0,LEADER,1,0,0,58,0,0,0,0,0,0,0,0,0,0,0
161124,72,bully,1907,1,0,0,58,0,812,0,1,72,159217,1907,0,59,0,0,0,LEADER,1,0,0,58,0,0,0,0,0,0,0,0,0,0,0
161536,63,bully,2316,1,0,0,58,0,812,0,1,63,159220,2316,0,59,0,0,0,LEADER,1,0,0,58,0,0,0,0,0,0,0,0,0,0,0
161009,74,bully,1792,1,0,0,58,0,812,0,1,74,159217,1792,0,59,0,0,0,LEADER,1,0,0,58,0,0,0,0,0,0,0,0,0,0,0
160751,48,bully,1534,1,0,0,58,0,812,0,1,48,159217,1534,0,59,0,0,0,LEADER,1,0,0,58,0,0,0,0,0,0,0,0,0,0,0
161212,57,bully,1995,1,0,0,58,0,812,0,1,57,159217,1995,0,59,0,0,0,LEADER,1,0,0,58,0,0,0,0,0,0,0,0,0,0,0
161282,68,bully,2065,1,0,0,58,0,812,0,1,68,159217,2065,0,59,0,0,0,LEADER,1,0,0,58,0,0,0,0,0,0,0,0,0,0,0
160683,45,bully,1466,1,0,0,58,0,812,0,1,45,159217,1466,0,59,0,0,0,LEADER,1,0,0,58,0,0,0,0,0,0,0,0,0,0,0
161040,93,bully,1823,1,0,0,58,0,812,0,1,93,159217,1823,0,59,0,0,0,LEADER,1,0,0,58,0,0,0,0,0,0,0,0,0,0,0
161621,82,bully,2404,1,0,0,58,0,812,0,1,82,159217,2404,0,59,0,0,0,LEADER,1,0,0,58,0,0,0,0,0,0,0,0,0,0,0
161615,51,bully,2398,1,0,0,58,0,812,0,1,51,159217,2398,0,59,0,0,0,LEADER,1,0,0,58,0,0,0,0,0,0,0,0,0,0,0
161160,39,bully,1943,1,0,0,58,0,812,0,1,39,159217,1943,0,59,0,0,0,LEADER,1,0,0,58,0,0,0,0,0,0,0,0,0,0,0
160906,78,bully,1689,1,0,0,58,0,812,0,1,78,159217,1689,0,59,0,0,0,LEADER,1,0,0,58,0,0,0,0,0,0,0,0,0,0,0
161294,79,bully,2077,1,0,0,58,0,812,0,1,79,159217,2077,0,59,0,0,0,LEADER,1,0,0,58,0,0,0,0,0,0,0,0,0,0,0
160869,14,bully,1652,1,0,0,58,0,812,0,1,14,159217,1652,0,59,0,0,0,LEADER,1,0,0,58,0,0,0,0,0,0,0,0,0,0,0
161296,36,bully,2080,1,0,0,58,0,812,0,1,36,159216,2080,0,59,0,0,0,LEADER,1,0,0,58,0,0,0,0,0,0,0,0,0,0,0
161179,81,bully,1962,1,0,0,58,0,812,0,1,81,159217,1962,0,59,0,0,0,LEADER,1,0,0,58,0,0,0,0,0,0,0,0,0,0,0
160839,67,bully,1622,1,0,0,58,0,812,0,1,67,159217,1622,0,59,0,0,0,LEADER,1,0,0,58,0,0,0,0,0,0,0,0,0,0,0
161600,83,bully,2383,1,0,0,58,0,812,0,1,83,159217,2383,0,59,0,0,0,LEADER,1,0,0,58,0,0,0,0,0,0,0,0,0,0,0
161745,99,bully,1607,1,0,0,59,0,826,0,1,99,160138,1607,0,60,0,0,0,LEADER,1,0,0,59,0,0,0,0,0,0,0,0,0,0,0
160921,55,bully,1704,1,0,0,58,0,812,0,1,55,159217,1704,0,59,0,0,0,LEADER,1,0,0,58,0,0,0,0,0,0,0,0,0,0,0
161712,89,bully,1574,1,0,0,59,0,826,0,1,89,160138,1574,0,60,0,0,0,LEADER,1,0,0,59,0,0,0,0,0,0,0,0,0,0,0
160873,77,bully,1656,1,0,0,58,0,812,0,1,77,159217,1656,0,59,0,0,0,LEADER,1,0,0,58,0,0,0,0,0,0,0,0,0,0,0
161145,71,bully,1928,1,0,0,58,0,812,0,1,71,159217,1928,0,59,0,0,0,LEADER,1,0,0,58,0,0,0,0,0,0,0,0,0,0,0
161057,52,bully,1840,1,0,0,58,0,812,0,1,52,159217,1840,0,59,0,0,0,LEADER,1,0,0,58,0,0,0,0,0,0,0,0,0,0,0
161424,76,bully,2213,1,0,0,58,0,812,0,1,76,159211,2213,0,59,0,0,0,LEADER,1,0,0,58,0,0,0,0,0,0,0,0,0,0,0
161024,10,bully,1807,1,0,0,58,0,812,0,1,10,159217,1807,0,59,0,0,0,LEADER,1,0,0,58,0,0,0,0,0,0,0,0,0,0,0
160957,22,bully,1740,1,0,0,58,0,812,0,1,22,159217,1740,0,59,0,0,0,LEADER,1,0,0,58,0,0,0,0,0,0,0,0,0,0,0
161104,21,bully,1889,1,0,0,58,0,812,0,1,21,159215,1889,0,59,0,0,0,LEADER,1,0,0,58,0,0,0,0,0,0,0,0,0,0,0
161363,56,bully,2146,1,0,0,58,0,812,0,1,56,159217,2146,0,59,0,0,0,LEADER,1,0,0,58,0,0,0,0,0,0,0,0,0,0,0
160888,60,bully,1671,1,0,0,58,0,812,0,1,60,159217,1671,0,59,0,0,0,LEADER,1,0,0,58,0,0,0,0,0,0,0,0,0,0,0
161742,25,bully,1604,1,0,0,59,0,826,0,1,25,160138,1604,0,60,0,0,0,LEADER,1,0,0,59,0,0,0,0,0,0,0,0,0,0,0
160954,65,bully,1737,1,0,0,58,0,812,0,1,65,159217,1737,0,59,0,0,0,LEADER,1,0,0,58,0,0,0,0,0,0,0,0,0,0,0
161630,19,bully,2413,1,0,0,58,0,812,0,1,19,159217,2413,0,59,0,0,0,LEADER,1,0,0,58,0,0,0,0,0,0,0,0,0,0,0
161260,69,bully,2043,1,0,0,58,0,812,0,1,69,159217,2043,0,59,0,0,0,LEADER,1,0,0,58,0,0,0,0,0,0,0,0,0,0,0
161863,54,bully,1725,1,0,0,59,0,826,0,1,54,160138,1725,0,60,0,0,0,LEADER,1,0,0,59,0,0,0,0,0,0,0,0,0,0,0
161209,17,bully,1992,1,0,0,58,0,812,0,1,17,159217,1992,0,59,0,0,0,LEADER,1,0,0,58,0,0,0,0,0,0,0,0,0,0,0
161278,7,bully,2253,1,0,0,15,26,210,364,6,4,159025,2253,0,7,0,0,0,NORMAL,0,0,0,15,0,0,0,26,0,0,0,0,0,0,0
161724,100,bully,1586,1,0,0,59,0,826,0,1,100,160138,1586,0,60,0,0,0,LEADER,1,0,0,59,0,0,0,0,0,0,0,0,0,0,0
161687,16,bully,1549,1,0,0,59,0,826,0,1,16,160138,1549,0,60,0,0,0,LEADER,1,0,0,59,0,0,0,0,0,0,0,0,0,0,0
161275,37,bully,2058,1,0,0,58,0,812,0,1,37,159217,2058,0,59,0,0,0,LEADER,1,0,0,58,0,0,0,0,0,0,0,0,0,0,0
161912,13,bully,1774,1,0,0,59,0,826,0,1,13,160138,1774,0,60,0,0,0,LEADER,1,0,0,59,0,0,0,0,0,0,0,0,0,0,0
161072,20,bully,1855,1,0,0,58,0,812,0,1,20,159217,1855,0,59,0,0,0,LEADER,1,0,0,58,0,0,0,0,0,0,0,0,0,0,0
161705,41,bully,1567,1,0,0,59,0,826,0,1,41,160138,1567,0,60,0,0,0,LEADER,1,0,0,59,0,0,0,0,0,0,0,0,0,0,0
161694,47,bully,1556,1,0,0,59,0,826,0,1,47,160138,1556,0,60,0,0,0,LEADER,1,0,0,59,0,0,0,0,0,0,0,0,0,0,0
161519,95,bully,2301,1,0,0,58,0,812,0,1,95,159218,2301,0,59,0,0,0,LEADER,1,0,0,58,0,0,0,0,0,0,0,0,0,0,0
161382,98,bully,2165,1,0,0,58,0,812,0,1,98,159217,2165,0,59,0,0,0,LEADER,1,0,0,58,0,0,0,0,0,0,0,0,0,0,0
161566,73,bully,2349,1,0,0,58,0,812,0,1,73,159217,2349,0,59,0,0,0,LEADER,1,0,0,58,0,0,0,0,0,0,0,0,0,0,0
161112,61,bully,1895,1,0,0,58,0,812,0,1,61,159217,1895,0,59,0,0,0,LEADER,1,0,0,58,0,0,0,0,0,0,0,0,0,0,0
161860,97,bully,1722,1,0,0,59,0,826,0,1,97,160138,1722,0,60,0,0,0,LEADER,1,0,0,59,0,0,0,0,0,0,0,0,0,0,0
161890,33,bully,1752,1,0,0,59,0,826,0,1,33,160138,1752,0,60,0,0,0,LEADER,1,0,0,59,0,0,0,0,0,0,0,0,0,0,0
161548,31,bully,2331,1,0,0,58,0,812,0,1,31,159217,2331,0,59,0,0,0,LEADER,1,0,0,58,0,0,0,0,0,0,0,0,0,0,0
162060,40,bully,1922,1,0,0,59,0,826,0,1,40,160138,1922,0,60,0,0,0,LEADER,1,0,0,59,0,0,0,0,0,0,0,0,0,0,0
162050,29,bully,1910,1,0,0,59,0,826,0,1,29,160140,1910,0,60,0,0,0,LEADER,1,0,0,59,0,0,0,0,0,0,0,0,0,0,0
161877,96,bully,1744,1,0,0,59,0,826,0,1,96,160133,1744,0,60,0,0,0,LEADER,1,0,0,59,0,0,0,0,0,0,0,0,0,0,0
161963,84,bully,1825,1,0,0,59,0,826,0,1,84,160138,1825,0,60,0,0,0,LEADER,1,0,0,59,0,0,0,0,0,0,0,0,0,0,0
161657,80,bully,1519,1,0,0,59,0,826,0,1,80,160138,1519,0,60,0,0,0,LEADER,1,0,0,59,0,0,0,0,0,0,0,0,0,0,0
161500,53,bully,2283,1,0,0,58,0,812,0,1,53,159217,2283,0,59,0,0,0,LEADER,1,0,0,58,0,0,0,0,0,0,0,0,0,0,0
161576,92,bully,1438,1,0,0,59,0,826,0,1,92,160138,1438,0,60,0,0,0,LEADER,1,0,0,59,0,0,0,0,0,0,0,0,0,0,0
161750,91,bully,1619,1,0,0,59,0,826,0,1,91,160131,1619,0,60,0,0,0,LEADER,1,0,0,59,0,0,0,0,0,0,0,0,0,0,0
162012,62,bully,1874,1,0,0,59,0,826,0,1,62,160138,1874,0,60,0,0,0,LEADER,1,0,0,59,0,0,0,0,0,0,0,0,0,0,0
161709,15,bully,1571,1,0,0,59,0,826,0,1,15,160138,1571,0,60,0,0,0,LEADER,1,0,0,59,0,0,0,0,0,0,0,0,0,0,0
161378,26,bully,2161,1,0,0,58,0,812,0,1,26,159217,2161,0,59,0,0,0,LEADER,1,0,0,58,0,0,0,0,0,0,0,0,0,0,0
162115,49,bully,1977,1,0,0,59,0,826,0,1,49,160138,1977,0,60,0,0,0,LEADER,1,0,0,59,0,0,0,0,0,0,0,0,0,0,0
161930,58,bully,1792,1,0,0,59,0,826,0,1,58,160138,1792,0,60,0,0,0,LEADER,1,0,0,59,0,0,0,0,0,0,0,0,0,0,0
161463,86,bully,2246,1,0,0,58,0,812,0,1,86,159217,2246,0,59,0,0,0,LEADER,1,0,0,58,0,0,0,0,0,0,0,0,0,0,0
161636,50,bully,2419,1,0,0,58,0,812,0,1,50,159217,2419,0,59,0,0,0,LEADER,1,0,0,58,0,0,0,0,0,0,0,0,0,0,0
161486,85,bully,2268,1,0,0,58,0,812,0,1,85,159218,2268,0,59,0,0,0,LEADER,1,0,0,58,0,0,0,0,0,0,0,0,0,0,0
161425,87,bully,2212,1,0,0,58,0,812,0,1,87,159213,2212,0,59,0,0,0,LEADER,1,0,0,58,0,0,0,0,0,0,0,0,0,0,0
161505,4,bully,2115,1,0,0,13,26,182,364,4,4,159390,2115,0,8,0,0,0,LEADER,1,0,0,13,0,0,0,26,0,0,0,0,0,0,0
161633,64,bully,2416,1,0,0,58,0,812,0,1,64,159217,2416,0,59,0,0,0,LEADER,1,0,0,58,0,0,0,0,0,0,0,0,0,0,0
161482,11,bully,2264,1,0,0,58,0,812,0,1,11,159218,2264,0,59,0,0,0,LEADER,1,0,0,58,0,0,0,0,0,0,0,0,0,0,0
161572,18,bully,1434,1,0,0,59,0,826,0,1,18,160138,1434,0,60,0,0,0,LEADER,1,0,0,59,0,0,0,0,0,0,0,0,0,0,0
161691,90,bully,1553,1,0,0,59,0,826,0,1,90,160138,1553,0,60,0,0,0,LEADER,1,0,0,59,0,0,0,0,0,0,0,0,0,0,0
161585,35,bully,1447,1,0,0,59,0,826,0,1,35,160138,1447,0,60,0,0,0,LEADER,1,0,0,59,0,0,0,0,0,0,0,0,0,0,0
161466,43,bully,2249,1,0,0,58,0,812,0,1,43,159217,2249,0,59,0,0,0,LEADER,1,0,0,58,0,0,0,0,0,0,0,0,0,0,0
161605,28,bully,1467,1,0,0,59,0,826,0,1,28,160138,1467,0,60,0,0,0,LEADER,1,0,0,59,0,0,0,0,0,0,0,0,0,0,0
161443,44,bully,2228,1,0,0,58,0,812,0,1,44,159215,2228,0,59,0,0,0,LEADER,1,0,0,58,0,0,0,0,0,0,0,0,0,0,0
162279,23,bully,2141,1,0,0,59,0,826,0,1,23,160138,2141,0,60,0,0,0,LEADER,1,0,0,59,0,0,0,0,0,0,0,0,0,0,0
161599,30,bully,1461,1,0,0,59,0,826,0,1,30,160138,1461,0,60,0,0,0,LEADER,1,0,0,59,0,0,0,0,0,0,0,0,0,0,0
161997,94,bully,1859,1,0,0,59,0,826,0,1,94,160138,1859,0,60,0,0,0,LEADER,1,0,0,59,0,0,0,0,0,0,0,0,0,0,0
161639,38,bully,1501,1,0,0,59,0,826,0,1,38,160138,1501,0,60,0,0,0,LEADER,1,0,0,59,0,0,0,0,0,0,0,0,0,0,0
162318,66,bully,2180,1,0,0,59,0,826,0,1,66,160138,2180,0,60,0,0,0,LEADER,1,0,0,59,0,0,0,0,0,0,0,0,0,0,0
161624,70,bully,1486,1,0,0,59,0,826,0,1,70,160138,1486,0,60,0,0,0,LEADER,1,0,0,59,0,0,0,0,0,0,0,0,0,0,0
162269,88,bully,2131,1,0,0,59,0,826,0,1,88,160138,2131,0,60,0,0,0,LEADER,1,0,0,59,0,0,0,0,0,0,0,0,0,0,0
161452,75,bully,2235,1,0,0,58,0,812,0,1,75,159217,2235,0,59,0,0,0,LEADER,1,0,0,58,0,0,0,0,0,0,0,0,0,0,0
161462,12,bully,2243,1,0,0,58,0,812,0,1,12,159219,2243,0,59,0,0,0,LEADER,1,0,0,58,0,0,0,0,0,0,0,0,0,0,0
162163,27,bully,2025,1,0,0,59,0,826,0,1,27,160138,2025,0,60,0,0,0,LEADER,1,0,0,59,0,0,0,0,0,0,0,0,0,0,0
161652,42,bully,1514,1,0,0,59,0,826,0,1,42,160138,1514,0,60,0,0,0,LEADER,1,0,0,59,0,0,0,0,0,0,0,0,0,0,0
162299,24,bully,2161,1,0,0,59,0,826,0,1,24,160138,2161,0,60,0,0,0,LEADER,1,0,0,59,0,0,0,0,0,0,0,0,0,0,0
162251,46,bully,2113,1,0,0,59,0,826,0,1,46,160138,2113,0,60,0,0,0,LEADER,1,0,0,59,0,0,0,0,0,0,0,0,0,0,0
162148,59,bully,2010,1,0,0,59,0,826,0,1,59,160138,2010,0,60,0,0,0,LEADER,1,0,0,59,0,0,0,0,0,0,0,0,0,0,0
161776,34,bully,1637,1,0,0,59,0,826,0,1,34,160139,1637,0,60,0,0,0,LEADER,1,0,0,59,0,0,0,0,0,0,0,0,0,0,0
162430,32,bully,2292,1,0,0,59,0,826,0,1,32,160138,2292,0,60,0,0,0,LEADER,1,0,0,59,0,0,0,0,0,0,0,0,0,0,0
162045,72,bully,1907,1,0,0,59,0,826,0,1,72,160138,1907,0,60,0,0,0,LEADER,1,0,0,59,0,0,0,0,0,0,0,0,0,0,0
162457,63,bully,2316,1,0,0,59,0,826,0,1,63,160141,2316,0,60,0,0,0,LEADER,1,0,0,59,0,0,0,0,0,0,0,0,0,0,0
161930,74,bully,1792,1,0,0,59,0,826,0,1,74,160138,1792,0,60,0,0,0,LEADER,1,0,0,59,0,0,0,0,0,0,0,0,0,0,0
161672,48,bully,1534,1,0,0,59,0,826,0,1,48,160138,1534,0,60,0,0,0,LEADER,1,0,0,59,0,0,0,0,0,0,0,0,0,0,0
162133,57,bully,1995,1,0,0,59,0,826,0,1,57,160138,1995,0,60,0,0,0,LEADER,1,0,0,59,0,0,0,0,0,0,0,0,0,0,0
162203,68,bully,2065,1,0,0,59,0,826,0,1,68,160138,2065,0,60,0,0,0,LEADER,1,0,0,59,0,0,0,0,0,0,0,0,0,0,0
161604,45,bully,1466,1,0,0,59,0,826,0,1,45,160138,1466,0,60,0,0,0,LEADER,1,0,0,59,0,0,0,0,0,0,0,0,0,0,0
161961,93,bully,1823,1,0,0,59,0,826,0,1,93,160138,1823,0,60,0,0,0,LEADER,1,0,0,59,0,0,0,0,0,0,0,0,0,0,0
162542,82,bully,2404,1,0,0,59,0,826,0,1,82,160138,2404,0,60,0,0,0,LEADER,1,0,0,59,0,0,0,0,0,0,0,0,0,0,0
162536,51,bully,2398,1,0,0,59,0,826,0,1,51,160138,2398,0,60,0,0,0,LEADER,1,0,0,59,0,0,0,0,0,0,0,0,0,0,0
162081,39,bully,1943,1,0,0,59,0,826,0,1,39,160138,1943,0,60,0,0,0,LEADER,1,0,0,59,0,0,0,0,0,0,0,0,0,0,0
161827,78,bully,1689,1,0,0,59,0,826,0,1,78,160138,1689,0,60,0,0,0,LEADER,1,0,0,59,0,0,0,0,0,0,0,0,0,0,0
162215,79,bully,2077,1,0,0,59,0,826,0,1,79,160138,2077,0,60,0,0,0,LEADER,1,0,0,59,0,0,0,0,0,0,0,0,0,0,0
161790,14,bully,1652,1,0,0,59,0,826,0,1,14,160138,1652,0,60,0,0,0,LEADER,1,0,0,59,0,0,0,0,0,0,0,0,0,0,0
162217,36,bully,2080,1,0,0,59,0,826,0,1,36,160137,2080,0,60,0,0,0,LEADER,1,0,0,59,0,0,0,0,0,0,0,0,0,0,0
162100,81,bully,1962,1,0,0,59,0,826,0,1,81,160138,1962,0,60,0,0,0,LEADER,1,0,0,59,0,0,0,0,0,0,0,0,0,0,0
161760,67,bully,1622,1,0,0,59,0,826,0,1,67,160138,1622,0,60,0,0,0,LEADER,1,0,0,59,0,0,0,0,0,0,0,0,0,0,0
162521,83,bully,2383,1,0,0,59,0,826,0,1,83,160138,2383,0,60,0,0,0,LEADER,1,0,0,59,0,0,0,0,0,0,0,0,0,0,0
162665,99,bully,1607,1,0,0,59,0,826,0,1,99,161058,1607,0,60,0,0,0,LEADER,1,0,0,59,0,0,0,0,0,0,0,0,0,0,0
161842,55,bully,1704,1,0,0,59,0,826,0,1,55,160138,1704,0,60,0,0,0,LEADER,1,0,0,59,0,0,0,0,0,0,0,0,0,0,0
162632,89,bully,1574,1,0,0,59,0,826,0,1,89,161058,1574,0,60,0,0,0,LEADER,1,0,0,59,0,0,0,0,0,0,0,0,0,0,0
161794,77,bully,1656,1,0,0,59,0,826,0,1,77,160138,1656,0,60,0,0,0,LEADER,1,0,0,59,0,0,0,0,0,0,0,0,0,0,0
162066,71,bully,1928,1,0,0,59,0,826,0,1,71,160138,1928,0,60,0,0,0,LEADER,1,0,0,59,0,0,0,0,0,0,0,0,0,0,0
161978,52,bully,1840,1,0,0,59,0,826,0,1,52,160138,1840,0,60,0,0,0,LEADER,1,0,0,59,0,0,0,0,0,0,0,0,0,0,0
162345,76,bully,2213,1,0,0,59,0,826,0,1,76,160132,2213,0,60,0,0,0,LEADER,1,0,0,59,0,0,0,0,0,0,0,0,0,0,0
161945,10,bully,1807,1,0,0,59,0,826,0,1,10,160138,1807,0,60,0,0,0,LEADER,1,0,0,59,0,0,0,0,0,0,0,0,0,0,0
161878,22,bully,1740,1,0,0,59,0,826,0,1,22,160138,1740,0,60,0,0,0,LEADER,1,0,0,59,0,0,0,0,0,0,0,0,0,0,0
162025,21,bully,1889,1,0,0,59,0,826,0,1,21,160136,1889,0,60,0,0,0,LEADER,1,0,0,59,0,0,0,0,0,0,0,0,0,0,0
162284,56,bully,2146,1,0,0,59,0,826,0,1,56,160138,2146,0,60,0,0,0,LEADER,1,0,0,59,0,0,0,0,0,0,0,0,0,0,0
161809,60,bully,1671,1,0,0,59,0,826,0,1,60,160138,1671,0,60,0,0,0,LEADER,1,0,0,59,0,0,0,0,0,0,0,0,0,0,0
162662,25,bully,1604,1,0,0,59,0,826,0,1,25,161058,1604,0,60,0,0,0,LEADER,1,0,0,59,0,0,0,0,0,0,0,0,0,0,0
161875,65,bully,1737,1,0,0,59,0,826,0,1,65,160138,1737,0,60,0,0,0,LEADER,1,0,0,59,0,0,0,0,0,0,0,0,0,0,0
162551,19,bully,2413,1,0,0,59,0,826,0,1,19,160138,2413,0,60,0,0,0,LEADER,1,0,0,59,0,0,0,0,0,0,0,0,0,0,0
162181,69,bully,2043,1,0,0,59,0,826,0,1,69,160138,2043,0,60,0,0,0,LEADER,1,0,0,59,0,0,0,0,0,0,0,0,0,0,0
162783,54,bully,1725,1,0,0,59,0,826,0,1,54,161058,1725,0,60,0,0,0,LEADER,1,0,0,59,0,0,0,0,0,0,0,0,0,0,0
162130,17,bully,1992,1,0,0,59,0,826,0,1,17,160138,1992,0,60,0,0,0,LEADER,1,0,0,59,0,0,0,0,0,0,0,0,0,0,0
162644,100,bully,1586,1,0,0,59,0,826,0,1,100,161058,1586,0,60,0,0,0,LEADER,1,0,0,59,0,0,0,0,0,0,0,0,0,0,0
162607,16,bully,1549,1,0,0,59,0,826,0,1,16,161058,1549,0,60,0,0,0,LEADER,1,0,0,59,0,0,0,0,0,0,0,0,0,0,0
162196,37,bully,2058,1,0,0,59,0,826,0,1,37,160138,2058,0,60,0,0,0,LEADER,1,0,0,59,0,0,0,0,0,0,0,0,0,0,0
162832,13,bully,1774,1,0,0,59,0,826,0,1,13,161058,1774,0,60,0,0,0,LEADER,1,0,0,59,0,0,0,0,0,0,0,0,0,0,0
161993,20,bully,1855,1,0,0,59,0,826,0,1,20,160138,1855,0,60,0,0,0,LEADER,1,0,0,59,0,0,0,0,0,0,0,0,0,0,0
162339,9,bully,2514,1,0,0,11,15,154,210,5,4,159825,2514,0,6,0,0,0,NORMAL,0,0,0,11,0,0,0,15,0,0,0,0,0,0,0
162625,41,bully,1567,1,0,0,59,0,826,0,1,41,161058,1567,0,60,0,0,0,LEADER,1,0,0,59,0,0,0,0,0,0,0,0,0,0,0
162614,47,bully,1556,1,0,0,59,0,826,0,1,47,161058,1556,0,60,0,0,0,LEADER,1,0,0,59,0,0,0,0,0,0,0,0,0,0,0
162440,95,bully,2301,1,0,0,59,0,826,0,1,95,160139,2301,0,60,0,0,0,LEADER,1,0,0,59,0,0,0,0,0,0,0,0,0,0,0
162303,98,bully,2165,1,0,0,59,0,826,0,1,98,160138,2165,0,60,0,0,0,LEADER,1,0,0,59,0,0,0,0,0,0,0,0,0,0,0
162487,73,bully,2349,1,0,0,59,0,826,0,1,73,160138,2349,0,60,0,0,0,LEADER,1,0,0,59,0,0,0,0,0,0,0,0,0,0,0
162810,33,bully,1752,1,0,0,59,0,826,0,1,33,161058,1752,0,60,0,0,0,LEADER,1,0,0,59,0,0,0,0,0,0,0,0,0,0,0
162780,97,bully,1722,1,0,0,59,0,826,0,1,97,161058,1722,0,60,0,0,0,LEADER,1,0,0,59,0,0,0,0,0,0,0,0,0,0,0
162033,61,bully,1895,1,0,0,59,0,826,0,1,61,160138,1895,0,60,0,0,0,LEADER,1,0,0,59,0,0,0,0,0,0,0,0,0,0,0
162980,40,bully,1922,1,0,0,59,0,826,0,1,40,161058,1922,0,60,0,0,0,LEADER,1,0,0,59,0,0,0,0,0,0,0,0,0,0,0
162469,31,bully,2331,1,0,0,59,0,826,0,1,31,160138,2331,0,60,0,0,0,LEADER,1,0,0,59,0,0,0,0,0,0,0,0,0,0,0
162970,29,bully,1910,1,0,0,59,0,826,0,1,29,161060,1910,0,60,0,0,0,LEADER,1,0,0,59,0,0,0,0,0,0,0,0,0,0,0
162797,96,bully,1744,1,0,0,59,0,826,0,1,96,161053,1744,0,60,0,0,0,LEADER,1,0,0,59,0,0,0,0,0,0,0,0,0,0,0
162883,84,bully,1825,1,0,0,59,0,826,0,1,84,161058,1825,0,60,0,0,0,LEADER,1,0,0,59,0,0,0,0,0,0,0,0,0,0,0
162577,80,bully,1519,1,0,0,59,0,826,0,1,80,161058,1519,0,60,0,0,0,LEADER,1,0,0,59,0,0,0,0,0,0,0,0,0,0,0
162421,53,bully,2283,1,0,0,59,0,826,0,1,53,160138,2283,0,60,0,0,0,LEADER,1,0,0,59,0,0,0,0,0,0,0,0,0,0,0
162496,92,bully,1438,1,0,0,59,0,826,0,1,92,161058,1438,0,60,0,0,0,LEADER,1,0,0,59,0,0,0,0,0,0,0,0,0,0,0
162670,91,bully,1619,1,0,0,59,0,826,0,1,91,161051,1619,0,60,0,0,0,LEADER,1,0,0,59,0,0,0,0,0,0,0,0,0,0,0
162932,62,bully,1874,1,0,0,59,0,826,0,1,62,161058,1874,0,60,0,0,0,LEADER,1,0,0,59,0,0,0,0,0,0,0,0,0,0,0
162629,15,bully,1571,1,0,0,59,0,826,0,1,15,161058,1571,0,60,0,0,0,LEADER,1,0,0,59,0,0,0,0,0,0,0,0,0,0,0
162299,26,bully,2161,1,0,0,59,0,826,0,1,26,160138,2161,0,60,0,0,0,LEADER,1,0,0,59,0,0,0,0,0,0,0,0,0,0,0
163035,49,bully,1977,1,0,0,59,0,826,0,1,49,161058,1977,0,60,0,0,0,LEADER,1,0,0,59,0,0,0,0,0,0,0,0,0,0,0
162850,58,bully,1792,1,0,0,59,0,826,0,1,58,161058,1792,0,60,0,0,0,LEADER,1,0,0,59,0,0,0,0,0,0,0,0,0,0,0
162384,86,bully,2246,1,0,0,59,0,826,0,1,86,160138,2246,0,60,0,0,0,LEADER,1,0,0,59,0,0,0,0,0,0,0,0,0,0,0
162557,50,bully,2419,1,0,0,59,0,826,0,1,50,160138,2419,0,60,0,0,0,LEADER,1,0,0,59,0,0,0,0,0,0,0,0,0,0,0
162407,85,bully,2268,1,0,0,59,0,826,0,1,85,160139,2268,0,60,0,0,0,LEADER,1,0,0,59,0,0,0,0,0,0,0,0,0,0,0
162346,87,bully,2212,1,0,0,59,0,826,0,1,87,160134,2212,0,60,0,0,0,LEADER,1,0,0,59,0,0,0,0,0,0,0,0,0,0,0
162554,64,bully,2416,1,0,0,59,0,826,0,1,64,160138,2416,0,60,0,0,0,LEADER,1,0,0,59,0,0,0,0,0,0,0,0,0,0,0
162492,18,bully,1434,1,0,0,59,0,826,0,1,18,161058,1434,0,60,0,0,0,LEADER,1,0,0,59,0,0,0,0,0,0,0,0,0,0,0
162403,11,bully,2264,1,0,0,59,0,826,0,1,11,160139,2264,0,60,0,0,0,LEADER,1,0,0,59,0,0,0,0,0,0,0,0,0,0,0
162611,90,bully,1553,1,0,0,59,0,826,0,1,90,161058,1553,0,60,0,0,0,LEADER,1,0,0,59,0,0,0,0,0,0,0,0,0,0,0
162505,35,bully,1447,1,0,0,59,0,826,0,1,35,161058,1447,0,60,0,0,0,LEADER,1,0,0,59,0,0,0,0,0,0,0,0,0,0,0
162387,43,bully,2249,1,0,0,59,0,826,0,1,43,160138,2249,0,60,0,0,0,LEADER,1,0,0,59,0,0,0,0,0,0,0,0,0,0,0
162525,28,bully,1467,1,0,0,59,0,826,0,1,28,161058,1467,0,60,0,0,0,LEADER,1,0,0,59,0,0,0,0,0,0,0,0,0,0,0
162364,44,bully,2228,1,0,0,59,0,826,0,1,44,160136,2228,0,60,0,0,0,LEADER,1,0,0,59,0,0,0,0,0,0,0,0,0,0,0
163199,23,bully,2141,1,0,0,59,0,826,0,1,23,161058,2141,0,60,0,0,0,LEADER,1,0,0,59,0,0,0,0,0,0,0,0,0,0,0
162519,30,bully,1461,1,0,0,59,0,826,0,1,30,161058,1461,0,60,0,0,0,LEADER,1,0,0,59,0,0,0,0,0,0,0,0,0,0,0
162917,94,bully,1859,1,0,0,59,0,826,0,1,94,161058,1859,0,60,0,0,0,LEADER,1,0,0,59,0,0,0,0,0,0,0,0,0,0,0
162559,38,bully,1501,1,0,0,59,0,826,0,1,38,161058,1501,0,60,0,0,0,LEADER,1,0,0,59,0,0,0,0,0,0,0,0,0,0,0
163238,66,bully,2180,1,0,0,59,0,826,0,1,66,161058,2180,0,60,0,0,0,LEADER,1,0,0,59,0,0,0,0,0,0,0,0,0,0,0
162544,70,bully,1486,1,0,0,59,0,826,0,1,70,161058,1486,0,60,0,0,0,LEADER,1,0,0,59,0,0,0,0,0,0,0,0,0,0,0
163189,88,bully,2131,1,0,0,59,0,826,0,1,88,161058,2131,0,60,0,0,0,LEADER,1,0,0,59,0,0,0,0,0,0,0,0,0,0,0
162373,75,bully,2235,1,0,0,59,0,826,0,1,75,160138,2235,0,60,0,0,0,LEADER,1,0,0,59,0,0,0,0,0,0,0,0,0,0,0
162383,12,bully,2243,1,0,0,59,0,826,0,1,12,160140,2243,0,60,0,0,0,LEADER,1,0,0,59,0,0,0,0,0,0,0,0,0,0,0
163083,27,bully,2025,1,0,0,59,0,826,0,1,27,161058,2025,0,60,0,0,0,LEADER,1,0,0,59,0,0,0,0,0,0,0,0,0,0,0
162572,42,bully,1514,1,0,0,59,0,826,0,1,42,161058,1514,0,60,0,0,0,LEADER,1,0,0,59,0,0,0,0,0,0,0,0,0,0,0
163219,24,bully,2161,1,0,0,59,0,826,0,1,24,161058,2161,0,60,0,0,0,LEADER,1,0,0,59,0,0,0,0,0,0,0,0,0,0,0
163171,46,bully,2113,1,0,0,59,0,826,0,1,46,161058,2113,0,60,0,0,0,LEADER,1,0,0,59,0,0,0,0,0,0,0,0,0,0,0
163068,59,bully,2010,1,0,0,59,0,826,0,1,59,161058,2010,0,60,0,0,0,LEADER,1,0,0,59,0,0,0,0,0,0,0,0,0,0,0
162696,34,bully,1637,1,0,0,59,0,826,0,1,34,161059,1637,0,60,0,0,0,LEADER,1,0,0,59,0,0,0,0,0,0,0,0,0,0,0
163350,32,bully,2292,1,0,0,59,0,826,0,1,32,161058,2292,0,60,0,0,0,LEADER,1,0,0,59,0,0,0,0,0,0,0,0,0,0,0
162965,72,bully,1907,1,0,0,59,0,826,0,1,72,161058,1907,0,60,0,0,0,LEADER,1,0,0,59,0,0,0,0,0,0,0,0,0,0,0
163377,63,bully,2316,1,0,0,59,0,826,0,1,63,161061,2316,0,60,0,0,0,LEADER,1,0,0,59,0,0,0,0,0,0,0,0,0,0,0
162850,74,bully,1792,1,0,0,59,0,826,0,1,74,161058,1792,0,60,0,0,0,LEADER,1,0,0,59,0,0,0,0,0,0,0,0,0,0,0
162592,48,bully,1534,1,0,0,59,0,826,0,1,48,161058,1534,0,60,0,0,0,LEADER,1,0,0,59,0,0,0,0,0,0,0,0,0,0,0
163053,57,bully,1995,1,0,0,59,0,826,0,1,57,161058,1995,0,60,0,0,0,LEADER,1,0,0,59,0,0,0,0,0,0,0,0,0,0,0
163123,68,bully,2065,1,0,0,59,0,826,0,1,68,161058,2065,0,60,0,0,0,LEADER,1,0,0,59,0,0,0,0,0,0,0,0,0,0,0
162524,45,bully,1466,1,0,0,59,0,826,0,1,45,161058,1466,0,60,0,0,0,LEADER,1,0,0,59,0,0,0,0,0,0,0,0,0,0,0
162881,93,bully,1823,1,0,0,59,0,826,0,1,93,161058,1823,0,60,0,0,0,LEADER,1,0,0,59,0,0,0,0,0,0,0,0,0,0,0
163462,82,bully,2404,1,0,0,59,0,826,0,1,82,161058,2404,0,60,0,0,0,LEADER,1,0,0,59,0,0,0,0,0,0,0,0,0,0,0
163456,51,bully,2398,1,0,0,59,0,826,0,1,51,161058,2398,0,60,0,0,0,LEADER,1,0,0,59,0,0,0,0,0,0,0,0,0,0,0
163001,39,bully,1943,1,0,0,59,0,826,0,1,39,161058,1943,0,60,0,0,0,LEADER,1,0,0,59,0,0,0,0,0,0,0,0,0,0,0
162747,78,bully,1689,1,0,0,59,0,826,0,1,78,161058,1689,0,60,0,0,0,LEADER,1,0,0,59,0,0,0,0,0,0,0,0,0,0,0
163135,79,bully,2077,1,0,0,59,0,826,0,1,79,161058,2077,0,60,0,0,0,LEADER,1,0,0,59,0,0,0,0,0,0,0,0,0,0,0
162710,14,bully,1652,1,0,0,59,0,826,0,1,14,161058,1652,0,60,0,0,0,LEADER,1,0,0,59,0,0,0,0,0,0,0,0,0,0,0
163137,36,bully,2080,1,0,0,59,0,826,0,1,36,161057,2080,0,60,0,0,0,LEADER,1,0,0,59,0,0,0,0,0,0,0,0,0,0,0
163020,81,bully,1962,1,0,0,59,0,826,0,1,81,161058,1962,0,60,0,0,0,LEADER,1,0,0,59,0,0,0,0,0,0,0,0,0,0,0
162680,67,bully,1622,1,0,0,59,0,826,0,1,67,161058,1622,0,60,0,0,0,LEADER,1,0,0,59,0,0,0,0,0,0,0,0,0,0,0
163441,83,bully,2383,1,0,0,59,0,826,0,1,83,161058,2383,0,60,0,0,0,LEADER,1,0,0,59,0,0,0,0,0,0,0,0,0,0,0
163585,99,bully,1607,1,0,0,59,0,826,0,1,99,161978,1607,0,60,0,0,0,LEADER,1,0,0,59,0,0,0,0,0,0,0,0,0,0,0
162762,55,bully,1704,1,0,0,59,0,826,0,1,55,161058,1704,0,60,0,0,0,LEADER,1,0,0,59,0,0,0,0,0,0,0,0,0,0,0
163552,89,bully,1574,1,0,0,59,0,826,0,1,89,161978,1574,0,60,0,0,0,LEADER,1,0,0,59,0,0,0,0,0,0,0,0,0,0,0
162714,77,bully,1656,1,0,0,59,0,826,0,1,77,161058,1656,0,60,0,0,0,LEADER,1,0,0,59,0,0,0,0,0,0,0,0,0,0,0
162986,71,bully,1928,1,0,0,59,0,826,0,1,71,161058,1928,0,60,0,0,0,LEADER,1,0,0,59,0,0,0,0,0,0,0,0,0,0,0
162898,52,bully,1840,1,0,0,59,0,826,0,1,52,161058,1840,0,60,0,0,0,LEADER,1,0,0,59,0,0,0,0,0,0,0,0,0,0,0
163265,76,bully,2213,1,0,0,59,0,826,0,1,76,161052,2213,0,60,0,0,0,LEADER,1,0,0,59,0,0,0,0,0,0,0,0,0,0,0
162865,10,bully,1807,1,0,0,59,0,826,0,1,10,161058,1807,0,60,0,0,0,LEADER,1,0,0,59,0,0,0,0,0,0,0,0,0,0,0
162798,22,bully,1740,1,0,0,59,0,826,0,1,22,161058,1740,0,60,0,0,0,LEADER,1,0,0,59,0,0,0,0,0,0,0,0,0,0,0
162945,21,bully,1889,1,0,0,59,0,826,0,1,21,161056,1889,0,60,0,0,0,LEADER,1,0,0,59,0,0,0,0,0,0,0,0,0,0,0
163204,56,bully,2146,1,0,0,59,0,826,0,1,56,161058,2146,0,60,0,0,0,LEADER,1,0,0,59,0,0,0,0,0,0,0,0,0,0,0
162729,60,bully,1671,1,0,0,59,0,826,0,1,60,161058,1671,0,60,0,0,0,LEADER,1,0,0,59,0,0,0,0,0,0,0,0,0,0,0
163582,25,bully,1604,1,0,0,59,0,826,0,1,25,161978,1604,0,60,0,0,0,LEADER,1,0,0,59,0,0,0,0,0,0,0,0,0,0,0
162795,65,bully,1737,1,0,0,59,0,826,0,1,65,161058,1737,0,60,0,0,0,LEADER,1,0,0,59,0,0,0,0,0,0,0,0,0,0,0
163471,19,bully,2413,1,0,0,59,0,826,0,1,19,161058,2413,0,60,0,0,0,LEADER,1,0,0,59,0,0,0,0,0,0,0,0,0,0,0
163101,69,bully,2043,1,0,0,59,0,826,0,1,69,161058,2043,0,60,0,0,0,LEADER,1,0,0,59,0,0,0,0,0,0,0,0,0,0,0
163703,54,bully,1725,1,0,0,59,0,826,0,1,54,161978,1725,0,60,0,0,0,LEADER,1,0,0,59,0,0,0,0,0,0,0,0,0,0,0
163050,17,bully,1992,1,0,0,59,0,826,0,1,17,161058,1992,0,60,0,0,0,LEADER,1,0,0,59,0,0,0,0,0,0,0,0,0,0,0
163564,100,bully,1586,1,0,0,59,0,826,0,1,100,161978,1586,0,60,0,0,0,LEADER,1,0,0,59,0,0,0,0,0,0,0,0,0,0,0
163527,16,bully,1549,1,0,0,59,0,826,0,1,16,161978,1549,0,60,0,0,0,LEADER,1,0,0,59,0,0,0,0,0,0,0,0,0,0,0
163116,37,bully,2058,1,0,0,59,0,826,0,1,37,161058,2058,0,60,0,0,0,LEADER,1,0,0,59,0,0,0,0,0,0,0,0,0,0,0
163752,13,bully,1774,1,0,0,59,0,826,0,1,13,161978,1774,0,60,0,0,0,LEADER,1,0,0,59,0,0,0,0,0,0,0,0,0,0,0
162913,20,bully,1855,1,0,0,59,0,826,0,1,20,161058,1855,0,60,0,0,0,LEADER,1,0,0,59,0,0,0,0,0,0,0,0,0,0,0
163545,41,bully,1567,1,0,0,59,0,826,0,1,41,161978,1567,0,60,0,0,0,LEADER,1,0,0,59,0,0,0,0,0,0,0,0,0,0,0
163289,8,bully,2467,1,0,0,15,26,210,364,5,4,160822,2467,0,7,0,0,0,NORMAL,0,0,0,15,0,0,0,26,0,0,0,0,0,0,0
163534,47,bully,1556,1,0,0,59,0,826,0,1,47,161978,1556,0,60,0,0,0,LEADER,1,0,0,59,0,0,0,0,0,0,0,0,0,0,0
163360,95,bully,2301,1,0,0,59,0,826,0,1,95,161059,2301,0,60,0,0,0,LEADER,1,0,0,59,0,0,0,0,0,0,0,0,0,0,0
163223,98,bully,2165,1,0,0,59,0,826,0,1,98,161058,2165,0,60,0,0,0,LEADER,1,0,0,59,0,0,0,0,0,0,0,0,0,0,0
163407,73,bully,2349,1,0,0,59,0,826,0,1,73,161058,2349,0,60,0,0,0,LEADER,1,0,0,59,0,0,0,0,0,0,0,0,0,0,0
163730,33,bully,1752,1,0,0,59,0,826,0,1,33,161978,1752,0,60,0,0,0,LEADER,1,0,0,59,0,0,0,0,0,0,0,0,0,0,0
163700,97,bully,1722,1,0,0,59,0,826,0,1,97,161978,1722,0,60,0,0,0,LEADER,1,0,0,59,0,0,0,0,0,0,0,0,0,0,0
162953,61,bully,1895,1,0,0,59,0,826,0,1,61,161058,1895,0,60,0,0,0,LEADER,1,0,0,59,0,0,0,0,0,0,0,0,0,0,0
163900,40,bully,1922,1,0,0,59,0,826,0,1,40,161978,1922,0,60,0,0,0,LEADER,1,0,0,59,0,0,0,0,0,0,0,0,0,0,0
163389,31,bully,2331,1,0,0,59,0,826,0,1,31,161058,2331,0,60,0,0,0,LEADER,1,0,0,59,0,0,0,0,0,0,0,0,0,0,0
163890,29,bully,1910,1,0,0,59,0,826,0,1,29,161980,1910,0,60,0,0,0,LEADER,1,0,0,59,0,0,0,0,0,0,0,0,0,0,0
163717,96,bully,1744,1,0,0,59,0,826,0,1,96,161973,1744,0,60,0,0,0,LEADER,1,0,0,59,0,0,0,0,0,0,0,0,0,0,0
163803,84,bully,1825,1,0,0,59,0,826,0,1,84,161978,1825,0,60,0,0,0,LEADER,1,0,0,59,0,0,0,0,0,0,0,0,0,0,0
163497,80,bully,1519,1,0,0,59,0,826,0,1,80,161978,1519,0,60,0,0,0,LEADER,1,0,0,59,0,0,0,0,0,0,0,0,0,0,0
163341,53,bully,2283,1,0,0,59,0,826,0,1,53,161058,2283,0,60,0,0,0,LEADER,1,0,0,59,0,0,0,0,0,0,0,0,0,0,0
163416,92,bully,1438,1,0,0,59,0,826,0,1,92,161978,1438,0,60,0,0,0,LEADER,1,0,0,59,0,0,0,0,0,0,0,0,0,0,0
163590,91,bully,1619,1,0,0,59,0,826,0,1,91,161971,1619,0,60,0,0,0,LEADER,1,0,0,59,0,0,0,0,0,0,0,0,0,0,0
163852,62,bully,1874,1,0,0,59,0,826,0,1,62,161978,1874,0,60,0,0,0,LEADER,1,0,0,59,0,0,0,0,0,0,0,0,0,0,0
163549,15,bully,1571,1,0,0,59,0,826,0,1,15,161978,1571,0,60,0,0,0,LEADER,1,0,0,59,0,0,0,0,0,0,0,0,0,0,0
163219,26,bully,2161,1,0,0,59,0,826,0,1,26,161058,2161,0,60,0,0,0,LEADER,1,0,0,59,0,0,0,0,0,0,0,0,0,0,0
163955,49,bully,1977,1,0,0,59,0,826,0,1,49,161978,1977,0,60,0,0,0,LEADER,1,0,0,59,0,0,0,0,0,0,0,0,0,0,0
163770,58,bully,1792,1,0,0,59,0,826,0,1,58,161978,1792,0,60,0,0,0,LEADER,1,0,0,59,0,0,0,0,0,0,0,0,0,0,0
163304,86,bully,2246,1,0,0,59,0,826,0,1,86,161058,2246,0,60,0,0,0,LEADER,1,0,0,59,0,0,0,0,0,0,0,0,0,0,0
163477,50,bully,2419,1,0,0,59,0,826,0,1,50,161058,2419,0,60,0,0,0,LEADER,1,0,0,59,0,0,0,0,0,0,0,0,0,0,0
163327,85,bully,2268,1,0,0,59,0,826,0,1,85,161059,2268,0,60,0,0,0,LEADER,1,0,0,59,0,0,0,0,0,0,0,0,0,0,0
163266,87,bully,2212,1,0,0,59,0,826,0,1,87,161054,2212,0,60,0,0,0,LEADER,1,0,0,59,0,0,0,0,0,0,0,0,0,0,0
163474,64,bully,2416,1,0,0,59,0,826,0,1,64,161058,2416,0,60,0,0,0,LEADER,1,0,0,59,0,0,0,0,0,0,0,0,0,0,0
163412,18,bully,1434,1,0,0,59,0,826,0,1,18,161978,1434,0,60,0,0,0,LEADER,1,0,0,59,0,0,0,0,0,0,0,0,0,0,0
163323,11,bully,2264,1,0,0,59,0,826,0,1,11,161059,2264,0,60,0,0,0,LEADER,1,0,0,59,0,0,0,0,0,0,0,0,0,0,0
163531,90,bully,1553,1,0,0,59,0,826,0,1,90,161978,1553,0,60,0,0,0,LEADER,1,0,0,59,0,0,0,0,0,0,0,0,0,0,0
163425,35,bully,1447,1,0,0,59,0,826,0,1,35,161978,1447,0,60,0,0,0,LEADER,1,0,0,59,0,0,0,0,0,0,0,0,0,0,0
163307,43,bully,2249,1,0,0,59,0,826,0,1,43,161058,2249,0,60,0,0,0,LEADER,1,0,0,59,0,0,0,0,0,0,0,0,0,0,0
163445,28,bully,1467,1,0,0,59,0,826,0,1,28,161978,1467,0,60,0,0,0,LEADER,1,0,0,59,0,0,0,0,0,0,0,0,0,0,0
163284,44,bully,2228,1,0,0,59,0,826,0,1,44,161056,2228,0,60,0,0,0,LEADER,1,0,0,59,0,0,0,0,0,0,0,0,0,0,0
164119,23,bully,2141,1,0,0,59,0,826,0,1,23,161978,2141,0,60,0,0,0,LEADER,1,0,0,59,0,0,0,0,0,0,0,0,0,0,0
163439,30,bully,1461,1,0,0,59,0,826,0,1,30,161978,1461,0,60,0,0,0,LEADER,1,0,0,59,0,0,0,0,0,0,0,0,0,0,0
163837,94,bully,1859,1,0,0,59,0,826,0,1,94,161978,1859,0,60,0,0,0,LEADER,1,0,0,59,0,0,0,0,0,0,0,0,0,0,0
163479,38,bully,1501,1,0,0,59,0,826,0,1,38,161978,1501,0,60,0,0,0,LEADER,1,0,0,59,0,0,0,0,0,0,0,0,0,0,0
164158,66,bully,2180,1,0,0,59,0,826,0,1,66,161978,2180,0,60,0,0,0,LEADER,1,0,0,59,0,0,0,0,0,0,0,0,0,0,0
163464,70,bully,1486,1,0,0,59,0,826,0,1,70,161978,1486,0,60,0,0,0,LEADER,1,0,0,59,0,0,0,0,0,0,0,0,0,0,0
164109,88,bully,2131,1,0,0,59,0,826,0,1,88,161978,2131,0,60,0,0,0,LEADER,1,0,0,59,0,0,0,0,0,0,0,0,0,0,0
163293,75,bully,2235,1,0,0,59,0,826,0,1,75,161058,2235,0,60,0,0,0,LEADER,1,0,0,59,0,0,0,0,0,0,0,0,0,0,0
163303,12,bully,2243,1,0,0,59,0,826,0,1,12,161060,2243,0,60,0,0,0,LEADER,1,0,0,59,0,0,0,0,0,0,0,0,0,0,0
164003,27,bully,2025,1,0,0,59,0,826,0,1,27,161978,2025,0,60,0,0,0,LEADER,1,0,0,59,0,0,0,0,0,0,0,0,0,0,0
163492,42,bully,1514,1,0,0,59,0,826,0,1,42,161978,1514,0,60,0,0,0,LEADER,1,0,0,59,0,0,0,0,0,0,0,0,0,0,0
164139,24,bully,2161,1,0,0,59,0,826,0,1,24,161978,2161,0,60,0,0,0,LEADER,1,0,0,59,0,0,0,0,0,0,0,0,0,0,0
164091,46,bully,2113,1,0,0,59,0,826,0,1,46,161978,2113,0,60,0,0,0,LEADER,1,0,0,59,0,0,0,0,0,0,0,0,0,0,0
163988,59,bully,2010,1,0,0,59,0,826,0,1,59,161978,2010,0,60,0,0,0,LEADER,1,0,0,59,0,0,0,0,0,0,0,0,0,0,0
164270,32,bully,2292,1,0,0,59,0,826,0,1,32,161978,2292,0,60,0,0,0,LEADER,1,0,0,59,0,0,0,0,0,0,0,0,0,0,0
163616,34,bully,1637,1,0,0,59,0,826,0,1,34,161979,1637,0,60,0,0,0,LEADER,1,0,0,59,0,0,0,0,0,0,0,0,0,0,0
163885,72,bully,1907,1,0,0,59,0,826,0,1,72,161978,1907,0,60,0,0,0,LEADER,1,0,0,59,0,0,0,0,0,0,0,0,0,0,0
164297,63,bully,2316,1,0,0,59,0,826,0,1,63,161981,2316,0,60,0,0,0,LEADER,1,0,0,59,0,0,0,0,0,0,0,0,0,0,0
163770,74,bully,1792,1,0,0,59,0,826,0,1,74,161978,1792,0,60,0,0,0,LEADER,1,0,0,59,0,0,0,0,0,0,0,0,0,0,0
163512,48,bully,1534,1,0,0,59,0,826,0,1,48,161978,1534,0,60,0,0,0,LEADER,1,0,0,59,0,0,0,0,0,0,0,0,0,0,0
163975,57,bully,1995,1,0,0,59,0,826,0,1,57,161980,1995,0,60,0,0,0,LEADER,1,0,0,59,0,0,0,0,0,0,0,0,0,0,0
164043,68,bully,2065,1,0,0,59,0,826,0,1,68,161978,2065,0,60,0,0,0,LEADER,1,0,0,59,0,0,0,0,0,0,0,0,0,0,0
163444,45,bully,1466,1,0,0,59,0,826,0,1,45,161978,1466,0,60,0,0,0,LEADER,1,0,0,59,0,0,0,0,0,0,0,0,0,0,0
163801,93,bully,1823,1,0,0,59,0,826,0,1,93,161978,1823,0,60,0,0,0,LEADER,1,0,0,59,0,0,0,0,0,0,0,0,0,0,0
164382,82,bully,2404,1,0,0,59,0,826,0,1,82,161978,2404,0,60,0,0,0,LEADER,1,0,0,59,0,0,0,0,0,0,0,0,0,0,0
164376,51,bully,2398,1,0,0,59,0,826,0,1,51,161978,2398,0,60,0,0,0,LEADER,1,0,0,59,0,0,0,0,0,0,0,0,0,0,0
163921,39,bully,1943,1,0,0,59,0,826,0,1,39,161978,1943,0,60,0,0,0,LEADER,1,0,0,59,0,0,0,0,0,0,0,0,0,0,0
163667,78,bully,1689,1,0,0,59,0,826,0,1,78,161978,1689,0,60,0,0,0,LEADER,1,0,0,59,0,0,0,0,0,0,0,0,0,0,0
164055,79,bully,2077,1,0,0,59,0,826,0,1,79,161978,2077,0,60,0,0,0,LEADER,1,0,0,59,0,0,0,0,0,0,0,0,0,0,0
163630,14,bully,1652,1,0,0,59,0,826,0,1,14,161978,1652,0,60,0,0,0,LEADER,1,0,0,59,0,0,0,0,0,0,0,0,0,0,0
164057,36,bully,2080,1,0,0,59,0,826,0,1,36,161977,2080,0,60,0,0,0,LEADER,1,0,0,59,0,0,0,0,0,0,0,0,0,0,0
163940,81,bully,1962,1,0,0,59,0,826,0,1,81,161978,1962,0,60,0,0,0,LEADER,1,0,0,59,0,0,0,0,0,0,0,0,0,0,0
163600,67,bully,1622,1,0,0,59,0,826,0,1,67,161978,1622,0,60,0,0,0,LEADER,1,0,0,59,0,0,0,0,0,0,0,0,0,0,0
164361,83,bully,2383,1,0,0,59,0,826,0,1,83,161978,2383,0,60,0,0,0,LEADER,1,0,0,59,0,0,0,0,0,0,0,0,0,0,0
164506,99,bully,1607,1,0,0,60,0,840,0,1,99,162899,1607,0,61,0,0,0,LEADER,1,0,0,60,0,0,0,0,0,0,0,0,0,0,0
163682,55,bully,1704,1,0,0,59,0,826,0,1,55,161978,1704,0,60,0,0,0,LEADER,1,0,0,59,0,0,0,0,0,0,0,0,0,0,0
164473,89,bully,1574,1,0,0,60,0,840,0,1,89,162899,1574,0,61,0,0,0,LEADER,1,0,0,60,0,0,0,0,0,0,0,0,0,0,0
163634,77,bully,1656,1,0,0,59,0,826,0,1,77,161978,1656,0,60,0,0,0,LEADER,1,0,0,59,0,0,0,0,0,0,0,0,0,0,0
163906,71,bully,1928,1,0,0,59,0,826,0,1,71,161978,1928,0,60,0,0,0,LEADER,1,0,0,59,0,0,0,0,0,0,0,0,0,0,0
163818,52,bully,1840,1,0,0,59,0,826,0,1,52,161978,1840,0,60,0,0,0,LEADER,1,0,0,59,0,0,0,0,0,0,0,0,0,0,0
164185,76,bully,2213,1,0,0,59,0,826,0,1,76,161972,2213,0,60,0,0,0,LEADER,1,0,0,59,0,0,0,0,0,0,0,0,0,0,0
163785,10,bully,1807,1,0,0,59,0,826,0,1,10,161978,1807,0,60,0,0,0,LEADER,1,0,0,59,0,0,0,0,0,0,0,0,0,0,0
163718,22,bully,1740,1,0,0,59,0,826,0,1,22,161978,1740,0,60,0,0,0,LEADER,1,0,0,59,0,0,0,0,0,0,0,0,0,0,0
163865,21,bully,1889,1,0,0,59,0,826,0,1,21,161976,1889,0,60,0,0,0,LEADER,1,0,0,59,0,0,0,0,0,0,0,0,0,0,0
164124,56,bully,2146,1,0,0,59,0,826,0,1,56,161978,2146,0,60,0,0,0,LEADER,1,0,0,59,0,0,0,0,0,0,0,0,0,0,0
163649,60,bully,1671,1,0,0,59,0,826,0,1,60,161978,1671,0,60,0,0,0,LEADER,1,0,0,59,0,0,0,0,0,0,0,0,0,0,0
164503,25,bully,1604,1,0,0,60,0,840,0,1,25,162899,1604,0,61,0,0,0,LEADER,1,0,0,60,0,0,0,0,0,0,0,0,0,0,0
163715,65,bully,1737,1,0,0,59,0,826,0,1,65,161978,1737,0,60,0,0,0,LEADER,1,0,0,59,0,0,0,0,0,0,0,0,0,0,0
164391,19,bully,2413,1,0,0,59,0,826,0,1,19,161978,2413,0,60,0,0,0,LEADER,1,0,0,59,0,0,0,0,0,0,0,0,0,0,0
164021,69,bully,2043,1,0,0,59,0,826,0,1,69,161978,2043,0,60,0,0,0,LEADER,1,0,0,59,0,0,0,0,0,0,0,0,0,0,0
164624,54,bully,1725,1,0,0,60,0,840,0,1,54,162899,1725,0,61,0,0,0,LEADER,1,0,0,60,0,0,0,0,0,0,0,0,0,0,0
163970,17,bully,1992,1,0,0,59,0,826,0,1,17,161978,1992,0,60,0,0,0,LEADER,1,0,0,59,0,0,0,0,0,0,0,0,0,0,0
164485,100,bully,1586,1,0,0,60,0,840,0,1,100,162899,1586,0,61,0,0,0,LEADER,1,0,0,60,0,0,0,0,0,0,0,0,0,0,0
164448,16,bully,1549,1,0,0,60,0,840,0,1,16,162899,1549,0,61,0,0,0,LEADER,1,0,0,60,0,0,0,0,0,0,0,0,0,0,0
164036,37,bully,2058,1,0,0,59,0,826,0,1,37,161978,2058,0,60,0,0,0,LEADER,1,0,0,59,0,0,0,0,0,0,0,0,0,0,0
164673,13,bully,1774,1,0,0,60,0,840,0,1,13,162899,1774,0,61,0,0,0,LEADER,1,0,0,60,0,0,0,0,0,0,0,0,0,0,0
163833,20,bully,1855,1,0,0,59,0,826,0,1,20,161978,1855,0,60,0,0,0,LEADER,1,0,0,59,0,0,0,0,0,0,0,0,0,0,0
164466,41,bully,1567,1,0,0,60,0,840,0,1,41,162899,1567,0,61,0,0,0,LEADER,1,0,0,60,0,0,0,0,0,0,0,0,0,0,0
164455,47,bully,1556,1,0,0,60,0,840,0,1,47,162899,1556,0,61,0,0,0,LEADER,1,0,0,60,0,0,0,0,0,0,0,0,0,0,0
164280,95,bully,2301,1,0,0,59,0,826,0,1,95,161979,2301,0,60,0,0,0,LEADER,1,0,0,59,0,0,0,0,0,0,0,0,0,0,0
164143,98,bully,2165,1,0,0,59,0,826,0,1,98,161978,2165,0,60,0,0,0,LEADER,1,0,0,59,0,0,0,0,0,0,0,0,0,0,0
164327,73,bully,2349,1,0,0,59,0,826,0,1,73,161978,2349,0,60,0,0,0,LEADER,1,0,0,59,0,0,0,0,0,0,0,0,0,0,0
163873,61,bully,1895,1,0,0,59,0,826,0,1,61,161978,1895,0,60,0,0,0,LEADER,1,0,0,59,0,0,0,0,0,0,0,0,0,0,0
164621,97,bully,1722,1,0,0,60,0,840,0,1,97,162899,1722,0,61,0,0,0,LEADER,1,0,0,60,0,0,0,0,0,0,0,0,0,0,0
164651,33,bully,1752,1,0,0,60,0,840,0,1,33,162899,1752,0,61,0,0,0,LEADER,1,0,0,60,0,0,0,0,0,0,0,0,0,0,0
164309,31,bully,2331,1,0,0,59,0,826,0,1,31,161978,2331,0,60,0,0,0,LEADER,1,0,0,59,0,0,0,0,0,0,0,0,0,0,0
164821,40,bully,1922,1,0,0,60,0,840,0,1,40,162899,1922,0,61,0,0,0,LEADER,1,0,0,60,0,0,0,0,0,0,0,0,0,0,0
164811,29,bully,1910,1,0,0,60,0,840,0,1,29,162901,1910,0,61,0,0,0,LEADER,1,0,0,60,0,0,0,0,0,0,0,0,0,0,0
164638,96,bully,1744,1,0,0,60,0,840,0,1,96,162894,1744,0,61,0,0,0,LEADER,1,0,0,60,0,0,0,0,0,0,0,0,0,0,0
164724,84,bully,1825,1,0,0,60,0,840,0,1,84,162899,1825,0,61,0,0,0,LEADER,1,0,0,60,0,0,0,0,0,0,0,0,0,0,0
164418,80,bully,1519,1,0,0,60,0,840,0,1,80,162899,1519,0,61,0,0,0,LEADER,1,0,0,60,0,0,0,0,0,0,0,0,0,0,0
164261,53,bully,2283,1,0,0,59,0,826,0,1,53,161978,2283,0,60,0,0,0,LEADER,1,0,0,59,0,0,0,0,0,0,0,0,0,0,0
164337,92,bully,1438,1,0,0,60,0,840,0,1,92,162899,1438,0,61,0,0,0,LEADER,1,0,0,60,0,0,0,0,0,0,0,0,0,0,0
164511,91,bully,1619,1,0,0,60,0,840,0,1,91,162892,1619,0,61,0,0,0,LEADER,1,0,0,60,0,0,0,0,0,0,0,0,0,0,0
164773,62,bully,1874,1,0,0,60,0,840,0,1,62,162899,1874,0,61,0,0,0,LEADER,1,0,0,60,0,0,0,0,0,0,0,0,0,0,0
164470,15,bully,1571,1,0,0,60,0,840,0,1,15,162899,1571,0,61,0,0,0,LEADER,1,0,0,60,0,0,0,0,0,0,0,0,0,0,0
164139,26,bully,2161,1,0,0,59,0,826,0,1,26,161978,2161,0,60,0,0,0,LEADER,1,0,0,59,0,0,0,0,0,0,0,0,0,0,0
164876,49,bully,1977,1,0,0,60,0,840,0,1,49,162899,1977,0,61,0,0,0,LEADER,1,0,0,60,0,0,0,0,0,0,0,0,0,0,0
164691,58,bully,1792,1,0,0,60,0,840,0,1,58,162899,1792,0,61,0,0,0,LEADER,1,0,0,60,0,0,0,0,0,0,0,0,0,0,0
164224,86,bully,2246,1,0,0,59,0,826,0,1,86,161978,2246,0,60,0,0,0,LEADER,1,0,0,59,0,0,0,0,0,0,0,0,0,0,0
164397,50,bully,2419,1,0,0,59,0,826,0,1,50,161978,2419,0,60,0,0,0,LEADER,1,0,0,59,0,0,0,0,0,0,0,0,0,0,0
164247,85,bully,2268,1,0,0,59,0,826,0,1,85,161979,2268,0,60,0,0,0,LEADER,1,0,0,59,0,0,0,0,0,0,0,0,0,0,0
164186,87,bully,2212,1,0,0,59,0,826,0,1,87,161974,2212,0,60,0,0,0,LEADER,1,0,0,59,0,0,0,0,0,0,0,0,0,0,0
164394,64,bully,2416,1,0,0,59,0,826,0,1,64,161978,2416,0,60,0,0,0,LEADER,1,0,0,59,0,0,0,0,0,0,0,0,0,0,0
164243,11,bully,2264,1,0,0,59,0,826,0,1,11,161979,2264,0,60,0,0,0,LEADER,1,0,0,59,0,0,0,0,0,0,0,0,0,0,0
164333,18,bully,1434,1,0,0,60,0,840,0,1,18,162899,1434,0,61,0,0,0,LEADER,1,0,0,60,0,0,0,0,0,0,0,0,0,0,0
164452,90,bully,1553,1,0,0,60,0,840,0,1,90,162899,1553,0,61,0,0,0,LEADER,1,0,0,60,0,0,0,0,0,0,0,0,0,0,0
164346,35,bully,1447,1,0,0,60,0,840,0,1,35,162899,1447,0,61,0,0,0,LEADER,1,0,0,60,0,0,0,0,0,0,0,0,0,0,0
164227,43,bully,2249,1,0,0,59,0,826,0,1,43,161978,2249,0,60,0,0,0,LEADER,1,0,0,59,0,0,0,0,0,0,0,0,0,0,0
164366,28,bully,1467,1,0,0,60,0,840,0,1,28,162899,1467,0,61,0,0,0,LEADER,1,0,0,60,0,0,0,0,0,0,0,0,0,0,0
164204,44,bully,2228,1,0,0,59,0,826,0,1,44,161976,2228,0,60,0,0,0,LEADER,1,0,0,59,0,0,0,0,0,0,0,0,0,0,0
165040,23,bully,2141,1,0,0,60,0,840,0,1,23,162899,2141,0,61,0,0,0,LEADER,1,0,0,60,0,0,0,0,0,0,0,0,0,0,0
164360,30,bully,1461,1,0,0,60,0,840,0,1,30,162899,1461,0,61,0,0,0,LEADER,1,0,0,60,0,0,0,0,0,0,0,0,0,0,0
164758,94,bully,1859,1,0,0,60,0,840,0,1,94,162899,1859,0,61,0,0,0,LEADER,1,0,0,60,0,0,0,0,0,0,0,0,0,0,0
164400,38,bully,1501,1,0,0,60,0,840,0,1,38,162899,1501,0,61,0,0,0,LEADER,1,0,0,60,0,0,0,0,0,0,0,0,0,0,0
165079,66,bully,2180,1,0,0,60,0,840,0,1,66,162899,2180,0,61,0,0,0,LEADER,1,0,0,60,0,0,0,0,0,0,0,0,0,0,0
164385,70,bully,1486,1,0,0,60,0,840,0,1,70,162899,1486,0,61,0,0,0,LEADER,1,0,0,60,0,0,0,0,0,0,0,0,0,0,0
165030,88,bully,2131,1,0,0,60,0,840,0,1,88,162899,2131,0,61,0,0,0,LEADER,1,0,0,60,0,0,0,0,0,0,0,0,0,0,0
164213,75,bully,2235,1,0,0,59,0,826,0,1,75,161978,2235,0,60,0,0,0,LEADER,1,0,0,59,0,0,0,0,0,0,0,0,0,0,0
164223,12,bully,2243,1,0,0,59,0,826,0,1,12,161980,2243,0,60,0,0,0,LEADER,1,0,0,59,0,0,0,0,0,0,0,0,0,0,0
164924,27,bully,2025,1,0,0,60,0,840,0,1,27,162899,2025,0,61,0,0,0,LEADER,1,0,0,60,0,0,0,0,0,0,0,0,0,0,0
164413,42,bully,1514,1,0,0,60,0,840,0,1,42,162899,1514,0,61,0,0,0,LEADER,1,0,0,60,0,0,0,0,0,0,0,0,0,0,0
165060,24,bully,2161,1,0,0,60,0,840,0,1,24,162899,2161,0,61,0,0,0,LEADER,1,0,0,60,0,0,0,0,0,0,0,0,0,0,0
165012,46,bully,2113,1,0,0,60,0,840,0,1,46,162899,2113,0,61,0,0,0,LEADER,1,0,0,60,0,0,0,0,0,0,0,0,0,0,0
164909,59,bully,2010,1,0,0,60,0,840,0,1,59,162899,2010,0,61,0,0,0,LEADER,1,0,0,60,0,0,0,0,0,0,0,0,0,0,0
164537,34,bully,1637,1,0,0,60,0,840,0,1,34,162900,1637,0,61,0,0,0,LEADER,1,0,0,60,0,0,0,0,0,0,0,0,0,0,0
165191,32,bully,2292,1,0,0,60,0,840,0,1,32,162899,2292,0,61,0,0,0,LEADER,1,0,0,60,0,0,0,0,0,0,0,0,0,0,0
164806,72,bully,1907,1,0,0,60,0,840,0,1,72,162899,1907,0,61,0,0,0,LEADER,1,0,0,60,0,0,0,0,0,0,0,0,0,0,0
165218,63,bully,2316,1,0,0,60,0,840,0,1,63,162902,2316,0,61,0,0,0,LEADER,1,0,0,60,0,0,0,0,0,0,0,0,0,0,0
164691,74,bully,1792,1,0,0,60,0,840,0,1,74,162899,1792,0,61,0,0,0,LEADER,1,0,0,60,0,0,0,0,0,0,0,0,0,0,0
164433,48,bully,1534,1,0,0,60,0,840,0,1,48,162899,1534,0,61,0,0,0,LEADER,1,0,0,60,0,0,0,0,0,0,0,0,0,0,0
164896,57,bully,1995,1,0,0,60,0,840,0,1,57,162901,1995,0,61,0,0,0,LEADER,1,0,0,60,0,0,0,0,0,0,0,0,0,0,0
164964,68,bully,2065,1,0,0,60,0,840,0,1,68,162899,2065,0,61,0,0,0,LEADER,1,0,0,60,0,0,0,0,0,0,0,0,0,0,0
164365,45,bully,1466,1,0,0,60,0,840,0,1,45,162899,1466,0,61,0,0,0,LEADER,1,0,0,60,0,0,0,0,0,0,0,0,0,0,0
164722,93,bully,1823,1,0,0,60,0,840,0,1,93,162899,1823,0,61,0,0,0,LEADER,1,0,0,60,0,0,0,0,0,0,0,0,0,0,0
165303,82,bully,2404,1,0,0,60,0,840,0,1,82,162899,2404,0,61,0,0,0,LEADER,1,0,0,60,0,0,0,0,0,0,0,0,0,0,0
165297,51,bully,2398,1,0,0,60,0,840,0,1,51,162899,2398,0,61,0,0,0,LEADER,1,0,0,60,0,0,0,0,0,0,0,0,0,0,0
164842,39,bully,1943,1,0,0,60,0,840,0,1,39,162899,1943,0,61,0,0,0,LEADER,1,0,0,60,0,0,0,0,0,0,0,0,0,0,0
164588,78,bully,1689,1,0,0,60,0,840,0,1,78,162899,1689,0,61,0,0,0,LEADER,1,0,0,60,0,0,0,0,0,0,0,0,0,0,0
164976,79,bully,2077,1,0,0,60,0,840,0,1,79,162899,2077,0,61,0,0,0,LEADER,1,0,0,60,0,0,0,0,0,0,0,0,0,0,0
164551,14,bully,1652,1,0,0,60,0,840,0,1,14,162899,1652,0,61,0,0,0,LEADER,1,0,0,60,0,0,0,0,0,0,0,0,0,0,0
164978,36,bully,2080,1,0,0,60,0,840,0,1,36,162898,2080,0,61,0,0,0,LEADER,1,0,0,60,0,0,0,0,0,0,0,0,0,0,0
164861,81,bully,1962,1,0,0,60,0,840,0,1,81,162899,1962,0,61,0,0,0,LEADER,1,0,0,60,0,0,0,0,0,0,0,0,0,0,0
164521,67,bully,1622,1,0,0,60,0,840,0,1,67,162899,1622,0,61,0,0,0,LEADER,1,0,0,60,0,0,0,0,0,0,0,0,0,0,0
165282,83,bully,2383,1,0,0,60,0,840,0,1,83,162899,2383,0,61,0,0,0,LEADER,1,0,0,60,0,0,0,0,0,0,0,0,0,0,0
165426,99,bully,1607,1,0,0,60,0,840,0,1,99,163819,1607,0,61,0,0,0,LEADER,1,0,0,60,0,0,0,0,0,0,0,0,0,0,0
164603,55,bully,1704,1,0,0,60,0,840,0,1,55,162899,1704,0,61,0,0,0,LEADER,1,0,0,60,0,0,0,0,0,0,0,0,0,0,0
165393,89,bully,1574,1,0,0,60,0,840,0,1,89,163819,1574,0,61,0,0,0,LEADER,1,0,0,60,0,0,0,0,0,0,0,0,0,0,0
164555,77,bully,1656,1,0,0,60,0,840,0,1,77,162899,1656,0,61,0,0,0,LEADER,1,0,0,60,0,0,0,0,0,0,0,0,0,0,0
164827,71,bully,1928,1,0,0,60,0,840,0,1,71,162899,1928,0,61,0,0,0,LEADER,1,0,0,60,0,0,0,0,0,0,0,0,0,0,0
164739,52,bully,1840,1,0,0,60,0,840,0,1,52,162899,1840,0,61,0,0,0,LEADER,1,0,0,60,0,0,0,0,0,0,0,0,0,0,0
165106,76,bully,2213,1,0,0,60,0,840,0,1,76,162893,2213,0,61,0,0,0,LEADER,1,0,0,60,0,0,0,0,0,0,0,0,0,0,0
164706,10,bully,1807,1,0,0,60,0,840,0,1,10,162899,1807,0,61,0,0,0,LEADER,1,0,0,60,0,0,0,0,0,0,0,0,0,0,0
164639,22,bully,1740,1,0,0,60,0,840,0,1,22,162899,1740,0,61,0,0,0,LEADER,1,0,0,60,0,0,0,0,0,0,0,0,0,0,0
164786,21,bully,1889,1,0,0,60,0,840,0,1,21,162897,1889,0,61,0,0,0,LEADER,1,0,0,60,0,0,0,0,0,0,0,0,0,0,0
165045,56,bully,2146,1,0,0,60,0,840,0,1,56,162899,2146,0,61,0,0,0,LEADER,1,0,0,60,0,0,0,0,0,0,0,0,0,0,0
164570,60,bully,1671,1,0,0,60,0,840,0,1,60,162899,1671,0,61,0,0,0,LEADER,1,0,0,60,0,0,0,0,0,0,0,0,0,0,0
165423,25,bully,1604,1,0,0,60,0,840,0,1,25,163819,1604,0,61,0,0,0,LEADER,1,0,0,60,0,0,0,0,0,0,0,0,0,0,0
164636,65,bully,1737,1,0,0,60,0,840,0,1,65,162899,1737,0,61,0,0,0,LEADER,1,0,0,60,0,0,0,0,0,0,0,0,0,0,0
165312,19,bully,2413,1,0,0,60,0,840,0,1,19,162899,2413,0,61,0,0,0,LEADER,1,0,0,60,0,0,0,0,0,0,0,0,0,0,0
164942,69,bully,2043,1,0,0,60,0,840,0,1,69,162899,2043,0,61,0,0,0,LEADER,1,0,0,60,0,0,0,0,0,0,0,0,0,0,0
165544,54,bully,1725,1,0,0,60,0,840,0,1,54,163819,1725,0,61,0,0,0,LEADER,1,0,0,60,0,0,0,0,0,0,0,0,0,0,0
164891,17,bully,1992,1,0,0,60,0,840,0,1,17,162899,1992,0,61,0,0,0,LEADER,1,0,0,60,0,0,0,0,0,0,0,0,0,0,0
165405,100,bully,1586,1,0,0,60,0,840,0,1,100,163819,1586,0,61,0,0,0,LEADER,1,0,0,60,0,0,0,0,0,0,0,0,0,0,0
165368,16,bully,1549,1,0,0,60,0,840,0,1,16,163819,1549,0,61,0,0,0,LEADER,1,0,0,60,0,0,0,0,0,0,0,0,0,0,0
164957,37,bully,2058,1,0,0,60,0,840,0,1,37,162899,2058,0,61,0,0,0,LEADER,1,0,0,60,0,0,0,0,0,0,0,0,0,0,0
165593,13,bully,1774,1,0,0,60,0,840,0,1,13,163819,1774,0,61,0,0,0,LEADER,1,0,0,60,0,0,0,0,0,0,0,0,0,0,0
164754,20,bully,1855,1,0,0,60,0,840,0,1,20,162899,1855,0,61,0,0,0,LEADER,1,0,0,60,0,0,0,0,0,0,0,0,0,0,0
165386,41,bully,1567,1,0,0,60,0,840,0,1,41,163819,1567,0,61,0,0,0,LEADER,1,0,0,60,0,0,0,0,0,0,0,0,0,0,0
165375,47,bully,1556,1,0,0,60,0,840,0,1,47,163819,1556,0,61,0,0,0,LEADER,1,0,0,60,0,0,0,0,0,0,0,0,0,0,0
165201,95,bully,2301,1,0,0,60,0,840,0,1,95,162900,2301,0,61,0,0,0,LEADER,1,0,0,60,0,0,0,0,0,0,0,0,0,0,0
165064,98,bully,2165,1,0,0,60,0,840,0,1,98,162899,2165,0,61,0,0,0,LEADER,1,0,0,60,0,0,0,0,0,0,0,0,0,0,0
165248,73,bully,2349,1,0,0,60,0,840,0,1,73,162899,2349,0,61,0,0,0,LEADER,1,0,0,60,0,0,0,0,0,0,0,0,0,0,0
165571,33,bully,1752,1,0,0,60,0,840,0,1,33,163819,1752,0,61,0,0,0,LEADER,1,0,0,60,0,0,0,0,0,0,0,0,0,0,0
165541,97,bully,1722,1,0,0,60,0,840,0,1,97,163819,1722,0,61,0,0,0,LEADER,1,0,0,60,0,0,0,0,0,0,0,0,0,0,0
164794,61,bully,1895,1,0,0,60,0,840,0,1,61,162899,1895,0,61,0,0,0,LEADER,1,0,0,60,0,0,0,0,0,0,0,0,0,0,0
165741,40,bully,1922,1,0,0,60,0,840,0,1,40,163819,1922,0,61,0,0,0,LEADER,1,0,0,60,0,0,0,0,0,0,0,0,0,0,0
165230,31,bully,2331,1,0,0,60,0,840,0,1,31,162899,2331,0,61,0,0,0,LEADER,1,0,0,60,0,0,0,0,0,0,0,0,0,0,0
165731,29,bully,1910,1,0,0,60,0,840,0,1,29,163821,1910,0,61,0,0,0,LEADER,1,0,0,60,0,0,0,0,0,0,0,0,0,0,0
165558,96,bully,1744,1,0,0,60,0,840,0,1,96,163814,1744,0,61,0,0,0,LEADER,1,0,0,60,0,0,0,0,0,0,0,0,0,0,0
165644,84,bully,1825,1,0,0,60,0,840,0,1,84,163819,1825,0,61,0,0,0,LEADER,1,0,0,60,0,0,0,0,0,0,0,0,0,0,0
165338,80,bully,1519,1,0,0,60,0,840,0,1,80,163819,1519,0,61,0,0,0,LEADER,1,0,0,60,0,0,0,0,0,0,0,0,0,0,0
165182,53,bully,2283,1,0,0,60,0,840,0,1,53,162899,2283,0,61,0,0,0,LEADER,1,0,0,60,0,0,0,0,0,0,0,0,0,0,0
165257,92,bully,1438,1,0,0,60,0,840,0,1,92,163819,1438,0,61,0,0,0,LEADER,1,0,0,60,0,0,0,0,0,0,0,0,0,0,0
165431,91,bully,1619,1,0,0,60,0,840,0,1,91,163812,1619,0,61,0,0,0,LEADER,1,0,0,60,0,0,0,0,0,0,0,0,0,0,0
165693,62,bully,1874,1,0,0,60,0,840,0,1,62,163819,1874,0,61,0,0,0,LEADER,1,0,0,60,0,0,0,0,0,0,0,0,0,0,0
165390,15,bully,1571,1,0,0,60,0,840,0,1,15,163819,1571,0,61,0,0,0,LEADER,1,0,0,60,0,0,0,0,0,0,0,0,0,0,0
165060,26,bully,2161,1,0,0,60,0,840,0,1,26,162899,2161,0,61,0,0,0,LEADER,1,0,0,60,0,0,0,0,0,0,0,0,0,0,0
165796,49,bully,1977,1,0,0,60,0,840,0,1,49,163819,1977,0,61,0,0,0,LEADER,1,0,0,60,0,0,0,0,0,0,0,0,0,0,0
165611,58,bully,1792,1,0,0,60,0,840,0,1,58,163819,1792,0,61,0,0,0,LEADER,1,0,0,60,0,0,0,0,0,0,0,0,0,0,0
165145,86,bully,2246,1,0,0,60,0,840,0,1,86,162899,2246,0,61,0,0,0,LEADER,1,0,0,60,0,0,0,0,0,0,0,0,0,0,0
165318,50,bully,2419,1,0,0,60,0,840,0,1,50,162899,2419,0,61,0,0,0,LEADER,1,0,0,60,0,0,0,0,0,0,0,0,0,0,0
165168,85,bully,2268,1,0,0,60,0,840,0,1,85,162900,2268,0,61,0,0,0,LEADER,1,0,0,60,0,0,0,0,0,0,0,0,0,0,0
165107,87,bully,2212,1,0,0,60,0,840,0,1,87,162895,2212,0,61,0,0,0,LEADER,1,0,0,60,0,0,0,0,0,0,0,0,0,0,0
165315,64,bully,2416,1,0,0,60,0,840,0,1,64,162899,2416,0,61,0,0,0,LEADER,1,0,0,60,0,0,0,0,0,0,0,0,0,0,0
165253,18,bully,1434,1,0,0,60,0,840,0,1,18,163819,1434,0,61,0,0,0,LEADER,1,0,0,60,0,0,0,0,0,0,0,0,0,0,0
165164,11,bully,2264,1,0,0,60,0,840,0,1,11,162900,2264,0,61,0,0,0,LEADER,1,0,0,60,0,0,0,0,0,0,0,0,0,0,0
165372,90,bully,1553,1,0,0,60,0,840,0,1,90,163819,1553,0,61,0,0,0,LEADER,1,0,0,60,0,0,0,0,0,0,0,0,0,0,0
165266,35,bully,1447,1,0,0,60,0,840,0,1,35,163819,1447,0,61,0,0,0,LEADER,1,0,0,60,0,0,0,0,0,0,0,0,0,0,0
165148,43,bully,2249,1,0,0,60,0,840,0,1,43,162899,2249,0,61,0,0,0,LEADER,1,0,0,60,0,0,0,0,0,0,0,0,0,0,0
165286,28,bully,1467,1,0,0,60,0,840,0,1,28,163819,1467,0,61,0,0,0,LEADER,1,0,0,60,0,0,0,0,0,0,0,0,0,0,0
165125,44,bully,2228,1,0,0,60,0,840,0,1,44,162897,2228,0,61,0,0,0,LEADER,1,0,0,60,0,0,0,0,0,0,0,0,0,0,0
165960,23,bully,2141,1,0,0,60,0,840,0,1,23,163819,2141,0,61,0,0,0,LEADER,1,0,0,60,0,0,0,0,0,0,0,0,0,0,0
165280,30,bully,1461,1,0,0,60,0,840,0,1,30,163819,1461,0,61,0,0,0,LEADER,1,0,0,60,0,0,0,0,0,0,0,0,0,0,0
165678,94,bully,1859,1,0,0,60,0,840,0,1,94,163819,1859,0,61,0,0,0,LEADER,1,0,0,60,0,0,0,0,0,0,0,0,0,0,0
165320,38,bully,1501,1,0,0,60,0,840,0,1,38,163819,1501,0,61,0,0,0,LEADER,1,0,0,60,0,0,0,0,0,0,0,0,0,0,0
165999,66,bully,2180,1,0,0,60,0,840,0,1,66,163819,2180,0,61,0,0,0,LEADER,1,0,0,60,0,0,0,0,0,0,0,0,0,0,0
165305,70,bully,1486,1,0,0,60,0,840,0,1,70,163819,1486,0,61,0,0,0,LEADER,1,0,0,60,0,0,0,0,0,0,0,0,0,0,0
165950,88,bully,2131,1,0,0,60,0,840,0,1,88,163819,2131,0,61,0,0,0,LEADER,1,0,0,60,0,0,0,0,0,0,0,0,0,0,0
165134,75,bully,2235,1,0,0,60,0,840,0,1,75,162899,2235,0,61,0,0,0,LEADER,1,0,0,60,0,0,0,0,0,0,0,0,0,0,0
165144,12,bully,2243,1,0,0,60,0,840,0,1,12,162901,2243,0,61,0,0,0,LEADER,1,0,0,60,0,0,0,0,0,0,0,0,0,0,0
165844,27,bully,2025,1,0,0,60,0,840,0,1,27,163819,2025,0,61,0,0,0,LEADER,1,0,0,60,0,0,0,0,0,0,0,0,0,0,0
165333,42,bully,1514,1,0,0,60,0,840,0,1,42,163819,1514,0,61,0,0,0,LEADER,1,0,0,60,0,0,0,0,0,0,0,0,0,0,0
165980,24,bully,2161,1,0,0,60,0,840,0,1,24,163819,2161,0,61,0,0,0,LEADER,1,0,0,60,0,0,0,0,0,0,0,0,0,0,0
165932,46,bully,2113,1,0,0,60,0,840,0,1,46,163819,2113,0,61,0,0,0,LEADER,1,0,0,60,0,0,0,0,0,0,0,0,0,0,0
165829,59,bully,2010,1,0,0,60,0,840,0,1,59,163819,2010,0,61,0,0,0,LEADER,1,0,0,60,0,0,0,0,0,0,0,0,0,0,0
165457,34,bully,1637,1,0,0,60,0,840,0,1,34,163820,1637,0,61,0,0,0,LEADER,1,0,0,60,0,0,0,0,0,0,0,0,0,0,0
166111,32,bully,2292,1,0,0,60,0,840,0,1,32,163819,2292,0,61,0,0,0,LEADER,1,0,0,60,0,0,0,0,0,0,0,0,0,0,0
165726,72,bully,1907,1,0,0,60,0,840,0,1,72,163819,1907,0,61,0,0,0,LEADER,1,0,0,60,0,0,0,0,0,0,0,0,0,0,0
166138,63,bully,2316,1,0,0,60,0,840,0,1,63,163822,2316,0,61,0,0,0,LEADER,1,0,0,60,0,0,0,0,0,0,0,0,0,0,0
165611,74,bully,1792,1,0,0,60,0,840,0,1,74,163819,1792,0,61,0,0,0,LEADER,1,0,0,60,0,0,0,0,0,0,0,0,0,0,0
165353,48,bully,1534,1,0,0,60,0,840,0,1,48,163819,1534,0,61,0,0,0,LEADER,1,0,0,60,0,0,0,0,0,0,0,0,0,0,0
165816,57,bully,1995,1,0,0,60,0,840,0,1,57,163821,1995,0,61,0,0,0,LEADER,1,0,0,60,0,0,0,0,0,0,0,0,0,0,0
165884,68,bully,2065,1,0,0,60,0,840,0,1,68,163819,2065,0,61,0,0,0,LEADER,1,0,0,60,0,0,0,0,0,0,0,0,0,0,0
165285,45,bully,1466,1,0,0,60,0,840,0,1,45,163819,1466,0,61,0,0,0,LEADER,1,0,0,60,0,0,0,0,0,0,0,0,0,0,0
165642,93,bully,1823,1,0,0,60,0,840,0,1,93,163819,1823,0,61,0,0,0,LEADER,1,0,0,60,0,0,0,0,0,0,0,0,0,0,0
166223,82,bully,2404,1,0,0,60,0,840,0,1,82,163819,2404,0,61,0,0,0,LEADER,1,0,0,60,0,0,0,0,0,0,0,0,0,0,0
166217,51,bully,2398,1,0,0,60,0,840,0,1,51,163819,2398,0,61,0,0,0,LEADER,1,0,0,60,0,0,0,0,0,0,0,0,0,0,0
165762,39,bully,1943,1,0,0,60,0,840,0,1,39,163819,1943,0,61,0,0,0,LEADER,1,0,0,60,0,0,0,0,0,0,0,0,0,0,0
165508,78,bully,1689,1,0,0,60,0,840,0,1,78,163819,1689,0,61,0,0,0,LEADER,1,0,0,60,0,0,0,0,0,0,0,0,0,0,0
165896,79,bully,2077,1,0,0,60,0,840,0,1,79,163819,2077,0,61,0,0,0,LEADER,1,0,0,60,0,0,0,0,0,0,0,0,0,0,0
165471,14,bully,1652,1,0,0,60,0,840,0,1,14,163819,1652,0,61,0,0,0,LEADER,1,0,0,60,0,0,0,0,0,0,0,0,0,0,0
165866,6,bully,1516,1,0,0,11,31,154,434,4,4,164350,1516,0,6,0,0,0,NORMAL,0,0,0,11,0,0,0,31,0,0,0,0,0,0,0
165898,36,bully,2080,1,0,0,60,0,840,0,1,36,163818,2080,0,61,0,0,0,LEADER,1,0,0,60,0,0,0,0,0,0,0,0,0,0,0
165781,81,bully,1962,1,0,0,60,0,840,0,1,81,163819,1962,0,61,0,0,0,LEADER,1,0,0,60,0,0,0,0,0,0,0,0,0,0,0
165441,67,bully,1622,1,0,0,60,0,840,0,1,67,163819,1622,0,61,0,0,0,LEADER,1,0,0,60,0,0,0,0,0,0,0,0,0,0,0
166202,83,bully,2383,1,0,0,60,0,840,0,1,83,163819,2383,0,61,0,0,0,LEADER,1,0,0,60,0,0,0,0,0,0,0,0,0,0,0
166346,99,bully,1607,1,0,0,60,0,840,0,1,99,164739,1607,0,61,0,0,0,LEADER,1,0,0,60,0,0,0,0,0,0,0,0,0,0,0
165523,55,bully,1704,1,0,0,60,0,840,0,1,55,163819,1704,0,61,0,0,0,LEADER,1,0,0,60,0,0,0,0,0,0,0,0,0,0,0
166313,89,bully,1574,1,0,0,60,0,840,0,1,89,164739,1574,0,61,0,0,0,LEADER,1,0,0,60,0,0,0,0,0,0,0,0,0,0,0
165475,77,bully,1656,1,0,0,60,0,840,0,1,77,163819,1656,0,61,0,0,0,LEADER,1,0,0,60,0,0,0,0,0,0,0,0,0,0,0
165747,71,bully,1928,1,0,0,60,0,840,0,1,71,163819,1928,0,61,0,0,0,LEADER,1,0,0,60,0,0,0,0,0,0,0,0,0,0,0
166026,76,bully,2213,1,0,0,60,0,840,0,1,76,163813,2213,0,61,0,0,0,LEADER,1,0,0,60,0,0,0,0,0,0,0,0,0,0,0
165659,52,bully,1840,1,0,0,60,0,840,0,1,52,163819,1840,0,61,0,0,0,LEADER,1,0,0,60,0,0,0,0,0,0,0,0,0,0,0
165626,10,bully,1807,1,0,0,60,0,840,0,1,10,163819,1807,0,61,0,0,0,LEADER,1,0,0,60,0,0,0,0,0,0,0,0,0,0,0
165559,22,bully,1740,1,0,0,60,0,840,0,1,22,163819,1740,0,61,0,0,0,LEADER,1,0,0,60,0,0,0,0,0,0,0,0,0,0,0
165706,21,bully,1889,1,0,0,60,0,840,0,1,21,163817,1889,0,61,0,0,0,LEADER,1,0,0,60,0,0,0,0,0,0,0,0,0,0,0
165965,56,bully,2146,1,0,0,60,0,840,0,1,56,163819,2146,0,61,0,0,0,LEADER,1,0,0,60,0,0,0,0,0,0,0,0,0,0,0
165490,60,bully,1671,1,0,0,60,0,840,0,1,60,163819,1671,0,61,0,0,0,LEADER,1,0,0,60,0,0,0,0,0,0,0,0,0,0,0
166343,25,bully,1604,1,0,0,60,0,840,0,1,25,164739,1604,0,61,0,0,0,LEADER,1,0,0,60,0,0,0,0,0,0,0,0,0,0,0
165556,65,bully,1737,1,0,0,60,0,840,0,1,65,163819,1737,0,61,0,0,0,LEADER,1,0,0,60,0,0,0,0,0,0,0,0,0,0,0
166232,19,bully,2413,1,0,0,60,0,840,0,1,19,163819,2413,0,61,0,0,0,LEADER,1,0,0,60,0,0,0,0,0,0,0,0,0,0,0
165862,69,bully,2043,1,0,0,60,0,840,0,1,69,163819,2043,0,61,0,0,0,LEADER,1,0,0,60,0,0,0,0,0,0,0,0,0,0,0
166464,54,bully,1725,1,0,0,60,0,840,0,1,54,164739,1725,0,61,0,0,0,LEADER,1,0,0,60,0,0,0,0,0,0,0,0,0,0,0
165811,17,bully,1992,1,0,0,60,0,840,0,1,17,163819,1992,0,61,0,0,0,LEADER,1,0,0,60,0,0,0,0,0,0,0,0,0,0,0
166325,100,bully,1586,1,0,0,60,0,840,0,1,100,164739,1586,0,61,0,0,0,LEADER,1,0,0,60,0,0,0,0,0,0,0,0,0,0,0
166288,16,bully,1549,1,0,0,60,0,840,0,1,16,164739,1549,0,61,0,0,0,LEADER,1,0,0,60,0,0,0,0,0,0,0,0,0,0,0
165877,37,bully,2058,1,0,0,60,0,840,0,1,37,163819,2058,0,61,0,0,0,LEADER,1,0,0,60,0,0,0,0,0,0,0,0,0,0,0
166513,13,bully,1774,1,0,0,60,0,840,0,1,13,164739,1774,0,61,0,0,0,LEADER,1,0,0,60,0,0,0,0,0,0,0,0,0,0,0
165674,20,bully,1855,1,0,0,60,0,840,0,1,20,163819,1855,0,61,0,0,0,LEADER,1,0,0,60,0,0,0,0,0,0,0,0,0,0,0
166306,41,bully,1567,1,0,0,60,0,840,0,1,41,164739,1567,0,61,0,0,0,LEADER,1,0,0,60,0,0,0,0,0,0,0,0,0,0,0
166295,47,bully,1556,1,0,0,60,0,840,0,1,47,164739,1556,0,61,0,0,0,LEADER,1,0,0,60,0,0,0,0,0,0,0,0,0,0,0
166121,95,bully,2301,1,0,0,60,0,840,0,1,95,163820,2301,0,61,0,0,0,LEADER,1,0,0,60,0,0,0,0,0,0,0,0,0,0,0
165984,98,bully,2165,1,0,0,60,0,840,0,1,98,163819,2165,0,61,0,0,0,LEADER,1,0,0,60,0,0,0,0,0,0,0,0,0,0,0
166168,73,bully,2349,1,0,0,60,0,840,0,1,73,163819,2349,0,61,0,0,0,LEADER,1,0,0,60,0,0,0,0,0,0,0,0,0,0,0
166491,33,bully,1752,1,0,0,60,0,840,0,1,33,164739,1752,0,61,0,0,0,LEADER,1,0,0,60,0,0,0,0,0,0,0,0,0,0,0
165714,61,bully,1895,1,0,0,60,0,840,0,1,61,163819,1895,0,61,0,0,0,LEADER,1,0,0,60,0,0,0,0,0,0,0,0,0,0,0
166461,97,bully,1722,1,0,0,60,0,840,0,1,97,164739,1722,0,61,0,0,0,LEADER,1,0,0,60,0,0,0,0,0,0,0,0,0,0,0
166661,40,bully,1922,1,0,0,60,0,840,0,1,40,164739,1922,0,61,0,0,0,LEADER,1,0,0,60,0,0,0,0,0,0,0,0,0,0,0
166150,31,bully,2331,1,0,0,60,0,840,0,1,31,163819,2331,0,61,0,0,0,LEADER,1,0,0,60,0,0,0,0,0,0,0,0,0,0,0
166651,29,bully,1910,1,0,0,60,0,840,0,1,29,164741,1910,0,61,0,0,0,LEADER,1,0,0,60,0,0,0,0,0,0,0,0,0,0,0
166478,96,bully,1744,1,0,0,60,0,840,0,1,96,164734,1744,0,61,0,0,0,LEADER,1,0,0,60,0,0,0,0,0,0,0,0,0,0,0
166412,2,bully,2214,1,0,0,10,21,140,294,4,2,164198,2214,0,8,0,0,0,LEADER,1,0,0,10,0,0,0,21,0,0,0,0,0,0,0
166564,84,bully,1825,1,0,0,60,0,840,0,1,84,164739,1825,0,61,0,0,0,LEADER,1,0,0,60,0,0,0,0,0,0,0,0,0,0,0
166258,80,bully,1519,1,0,0,60,0,840,0,1,80,164739,1519,0,61,0,0,0,LEADER,1,0,0,60,0,0,0,0,0,0,0,0,0,0,0
166102,53,bully,2283,1,0,0,60,0,840,0,1,53,163819,2283,0,61,0,0,0,LEADER,1,0,0,60,0,0,0,0,0,0,0,0,0,0,0
166177,92,bully,1438,1,0,0,60,0,840,0,1,92,164739,1438,0,61,0,0,0,LEADER,1,0,0,60,0,0,0,0,0,0,0,0,0,0,0
166351,91,bully,1619,1,0,0,60,0,840,0,1,91,164732,1619,0,61,0,0,0,LEADER,1,0,0,60,0,0,0,0,0,0,0,0,0,0,0
166613,62,bully,1874,1,0,0,60,0,840,0,1,62,164739,1874,0,61,0,0,0,LEADER,1,0,0,60,0,0,0,0,0,0,0,0,0,0,0
166310,15,bully,1571,1,0,0,60,0,840,0,1,15,164739,1571,0,61,0,0,0,LEADER,1,0,0,60,0,0,0,0,0,0,0,0,0,0,0
165980,26,bully,2161,1,0,0,60,0,840,0,1,26,163819,2161,0,61,0,0,0,LEADER,1,0,0,60,0,0,0,0,0,0,0,0,0,0,0
166716,49,bully,1977,1,0,0,60,0,840,0,1,49,164739,1977,0,61,0,0,0,LEADER,1,0,0,60,0,0,0,0,0,0,0,0,0,0,0
166531,58,bully,1792,1,0,0,60,0,840,0,1,58,164739,1792,0,61,0,0,0,LEADER,1,0,0,60,0,0,0,0,0,0,0,0,0,0,0
166065,86,bully,2246,1,0,0,60,0,840,0,1,86,163819,2246,0,61,0,0,0,LEADER,1,0,0,60,0,0,0,0,0,0,0,0,0,0,0
166238,50,bully,2419,1,0,0,60,0,840,0,1,50,163819,2419,0,61,0,0,0,LEADER,1,0,0,60,0,0,0,0,0,0,0,0,0,0,0
166088,85,bully,2268,1,0,0,60,0,840,0,1,85,163820,2268,0,61,0,0,0,LEADER,1,0,0,60,0,0,0,0,0,0,0,0,0,0,0
166027,87,bully,2212,1,0,0,60,0,840,0,1,87,163815,2212,0,61,0,0,0,LEADER,1,0,0,60,0,0,0,0,0,0,0,0,0,0,0
166235,64,bully,2416,1,0,0,60,0,840,0,1,64,163819,2416,0,61,0,0,0,LEADER,1,0,0,60,0,0,0,0,0,0,0,0,0,0,0
166173,18,bully,1434,1,0,0,60,0,840,0,1,18,164739,1434,0,61,0,0,0,LEADER,1,0,0,60,0,0,0,0,0,0,0,0,0,0,0
166084,11,bully,2264,1,0,0,60,0,840,0,1,11,163820,2264,0,61,0,0,0,LEADER,1,0,0,60,0,0,0,0,0,0,0,0,0,0,0
166292,90,bully,1553,1,0,0,60,0,840,0,1,90,164739,1553,0,61,0,0,0,LEADER,1,0,0,60,0,0,0,0,0,0,0,0,0,0,0
166186,35,bully,1447,1,0,0,60,0,840,0,1,35,164739,1447,0,61,0,0,0,LEADER,1,0,0,60,0,0,0,0,0,0,0,0,0,0,0
166068,43,bully,2249,1,0,0,60,0,840,0,1,43,163819,2249,0,61,0,0,0,LEADER,1,0,0,60,0,0,0,0,0,0,0,0,0,0,0
166206,28,bully,1467,1,0,0,60,0,840,0,1,28,164739,1467,0,61,0,0,0,LEADER,1,0,0,60,0,0,0,0,0,0,0,0,0,0,0
166045,44,bully,2228,1,0,0,60,0,840,0,1,44,163817,2228,0,61,0,0,0,LEADER,1,0,0,60,0,0,0,0,0,0,0,0,0,0,0
166880,23,bully,2141,1,0,0,60,0,840,0,1,23,164739,2141,0,61,0,0,0,LEADER,1,0,0,60,0,0,0,0,0,0,0,0,0,0,0
166200,30,bully,1461,1,0,0,60,0,840,0,1,30,164739,1461,0,61,0,0,0,LEADER,1,0,0,60,0,0,0,0,0,0,0,0,0,0,0
166598,94,bully,1859,1,0,0,60,0,840,0,1,94,164739,1859,0,61,0,0,0,LEADER,1,0,0,60,0,0,0,0,0,0,0,0,0,0,0
166515,1,bully,2293,1,0,0,11,10,154,140,1,1,164222,2293,0,10,0,0,0,LEADER,1,0,0,11,0,0,0,10,0,0,0,0,0,0,0
166240,38,bully,1501,1,0,0,60,0,840,0,1,38,164739,1501,0,61,0,0,0,LEADER,1,0,0,60,0,0,0,0,0,0,0,0,0,0,0
166919,66,bully,2180,1,0,0,60,0,840,0,1,66,164739,2180,0,61,0,0,0,LEADER,1,0,0,60,0,0,0,0,0,0,0,0,0,0,0
166225,70,bully,1486,1,0,0,60,0,840,0,1,70,164739,1486,0,61,0,0,0,LEADER,1,0,0,60,0,0,0,0,0,0,0,0,0,0,0
166870,88,bully,2131,1,0,0,60,0,840,0,1,88,164739,2131,0,61,0,0,0,LEADER,1,0,0,60,0,0,0,0,0,0,0,0,0,0,0
166054,75,bully,2235,1,0,0,60,0,840,0,1,75,163819,2235,0,61,0,0,0,LEADER,1,0,0,60,0,0,0,0,0,0,0,0,0,0,0
166064,12,bully,2243,1,0,0,60,0,840,0,1,12,163821,2243,0,61,0,0,0,LEADER,1,0,0,60,0,0,0,0,0,0,0,0,0,0,0
166764,27,bully,2025,1,0,0,60,0,840,0,1,27,164739,2025,0,61,0,0,0,LEADER,1,0,0,60,0,0,0,0,0,0,0,0,0,0,0
166253,42,bully,1514,1,0,0,60,0,840,0,1,42,164739,1514,0,61,0,0,0,LEADER,1,0,0,60,0,0,0,0,0,0,0,0,0,0,0
166900,24,bully,2161,1,0,0,60,0,840,0,1,24,164739,2161,0,61,0,0,0,LEADER,1,0,0,60,0,0,0,0,0,0,0,0,0,0,0
166852,46,bully,2113,1,0,0,60,0,840,0,1,46,164739,2113,0,61,0,0,0,LEADER,1,0,0,60,0,0,0,0,0,0,0,0,0,0,0
166749,59,bully,2010,1,0,0,60,0,840,0,1,59,164739,2010,0,61,0,0,0,LEADER,1,0,0,60,0,0,0,0,0,0,0,0,0,0,0
167031,32,bully,2292,1,0,0,60,0,840,0,1,32,164739,2292,0,61,0,0,0,LEADER,1,0,0,60,0,0,0,0,0,0,0,0,0,0,0
166377,34,bully,1637,1,0,0,60,0,840,0,1,34,164740,1637,0,61,0,0,0,LEADER,1,0,0,60,0,0,0,0,0,0,0,0,0,0,0
166646,72,bully,1907,1,0,0,60,0,840,0,1,72,164739,1907,0,61,0,0,0,LEADER,1,0,0,60,0,0,0,0,0,0,0,0,0,0,0
167058,63,bully,2316,1,0,0,60,0,840,0,1,63,164742,2316,0,61,0,0,0,LEADER,1,0,0,60,0,0,0,0,0,0,0,0,0,0,0
166531,74,bully,1792,1,0,0,60,0,840,0,1,74,164739,1792,0,61,0,0,0,LEADER,1,0,0,60,0,0,0,0,0,0,0,0,0,0,0
166273,48,bully,1534,1,0,0,60,0,840,0,1,48,164739,1534,0,61,0,0,0,LEADER,1,0,0,60,0,0,0,0,0,0,0,0,0,0,0
166736,57,bully,1995,1,0,0,60,0,840,0,1,57,164741,1995,0,61,0,0,0,LEADER,1,0,0,60,0,0,0,0,0,0,0,0,0,0,0
166804,68,bully,2065,1,0,0,60,0,840,0,1,68,164739,2065,0,61,0,0,0,LEADER,1,0,0,60,0,0,0,0,0,0,0,0,0,0,0
166205,45,bully,1466,1,0,0,60,0,840,0,1,45,164739,1466,0,61,0,0,0,LEADER,1,0,0,60,0,0,0,0,0,0,0,0,0,0,0
166562,93,bully,1823,1,0,0,60,0,840,0,1,93,164739,1823,0,61,0,0,0,LEADER,1,0,0,60,0,0,0,0,0,0,0,0,0,0,0
167143,82,bully,2404,1,0,0,60,0,840,0,1,82,164739,2404,0,61,0,0,0,LEADER,1,0,0,60,0,0,0,0,0,0,0,0,0,0,0
167137,51,bully,2398,1,0,0,60,0,840,0,1,51,164739,2398,0,61,0,0,0,LEADER,1,0,0,60,0,0,0,0,0,0,0,0,0,0,0
166682,39,bully,1943,1,0,0,60,0,840,0,1,39,164739,1943,0,61,0,0,0,LEADER,1,0,0,60,0,0,0,0,0,0,0,0,0,0,0
166428,78,bully,1689,1,0,0,60,0,840,0,1,78,164739,1689,0,61,0,0,0,LEADER,1,0,0,60,0,0,0,0,0,0,0,0,0,0,0
166816,79,bully,2077,1,0,0,60,0,840,0,1,79,164739,2077,0,61,0,0,0,LEADER,1,0,0,60,0,0,0,0,0,0,0,0,0,0,0
166391,14,bully,1652,1,0,0,60,0,840,0,1,14,164739,1652,0,61,0,0,0,LEADER,1,0,0,60,0,0,0,0,0,0,0,0,0,0,0
166818,36,bully,2080,1,0,0,60,0,840,0,1,36,164738,2080,0,61,0,0,0,LEADER,1,0,0,60,0,0,0,0,0,0,0,0,0,0,0
166701,81,bully,1962,1,0,0,60,0,840,0,1,81,164739,1962,0,61,0,0,0,LEADER,1,0,0,60,0,0,0,0,0,0,0,0,0,0,0
166361,67,bully,1622,1,0,0,60,0,840,0,1,67,164739,1622,0,61,0,0,0,LEADER,1,0,0,60,0,0,0,0,0,0,0,0,0,0,0
167122,83,bully,2383,1,0,0,60,0,840,0,1,83,164739,2383,0,61,0,0,0,LEADER,1,0,0,60,0,0,0,0,0,0,0,0,0,0,0
167267,99,bully,1607,1,0,0,61,0,854,0,1,99,165660,1607,0,62,0,0,0,LEADER,1,0,0,61,0,0,0,0,0,0,0,0,0,0,0
166443,55,bully,1704,1,0,0,60,0,840,0,1,55,164739,1704,0,61,0,0,0,LEADER,1,0,0,60,0,0,0,0,0,0,0,0,0,0,0
167234,89,bully,1574,1,0,0,61,0,854,0,1,89,165660,1574,0,62,0,0,0,LEADER,1,0,0,61,0,0,0,0,0,0,0,0,0,0,0
166395,77,bully,1656,1,0,0,60,0,840,0,1,77,164739,1656,0,61,0,0,0,LEADER,1,0,0,60,0,0,0,0,0,0,0,0,0,0,0
166667,71,bully,1928,1,0,0,60,0,840,0,1,71,164739,1928,0,61,0,0,0,LEADER,1,0,0,60,0,0,0,0,0,0,0,0,0,0,0
166946,76,bully,2213,1,0,0,60,0,840,0,1,76,164733,2213,0,61,0,0,0,LEADER,1,0,0,60,0,0,0,0,0,0,0,0,0,0,0
166579,52,bully,1840,1,0,0,60,0,840,0,1,52,164739,1840,0,61,0,0,0,LEADER,1,0,0,60,0,0,0,0,0,0,0,0,0,0,0
166546,10,bully,1807,1,0,0,60,0,840,0,1,10,164739,1807,0,61,0,0,0,LEADER,1,0,0,60,0,0,0,0,0,0,0,0,0,0,0
166479,22,bully,1740,1,0,0,60,0,840,0,1,22,164739,1740,0,61,0,0,0,LEADER,1,0,0,60,0,0,0,0,0,0,0,0,0,0,0
166626,21,bully,1889,1,0,0,60,0,840,0,1,21,164737,1889,0,61,0,0,0,LEADER,1,0,0,60,0,0,0,0,0,0,0,0,0,0,0
166885,56,bully,2146,1,0,0,60,0,840,0,1,56,164739,2146,0,61,0,0,0,LEADER,1,0,0,60,0,0,0,0,0,0,0,0,0,0,0
166410,60,bully,1671,1,0,0,60,0,840,0,1,60,164739,1671,0,61,0,0,0,LEADER,1,0,0,60,0,0,0,0,0,0,0,0,0,0,0
167264,25,bully,1604,1,0,0,61,0,854,0,1,25,165660,1604,0,62,0,0,0,LEADER,1,0,0,61,0,0,0,0,0,0,0,0,0,0,0
166476,65,bully,1737,1,0,0,60,0,840,0,1,65,164739,1737,0,61,0,0,0,LEADER,1,0,0,60,0,0,0,0,0,0,0,0,0,0,0
167152,19,bully,2413,1,0,0,60,0,840,0,1,19,164739,2413,0,61,0,0,0,LEADER,1,0,0,60,0,0,0,0,0,0,0,0,0,0,0
166782,69,bully,2043,1,0,0,60,0,840,0,1,69,164739,2043,0,61,0,0,0,LEADER,1,0,0,60,0,0,0,0,0,0,0,0,0,0,0
167385,54,bully,1725,1,0,0,61,0,854,0,1,54,165660,1725,0,62,0,0,0,LEADER,1,0,0,61,0,0,0,0,0,0,0,0,0,0,0
166731,17,bully,1992,1,0,0,60,0,840,0,1,17,164739,1992,0,61,0,0,0,LEADER,1,0,0,60,0,0,0,0,0,0,0,0,0,0,0
167246,100,bully,1586,1,0,0,61,0,854,0,1,100,165660,1586,0,62,0,0,0,LEADER,1,0,0,61,0,0,0,0,0,0,0,0,0,0,0
167209,16,bully,1549,1,0,0,61,0,854,0,1,16,165660,1549,0,62,0,0,0,LEADER,1,0,0,61,0,0,0,0,0,0,0,0,0,0,0
166797,37,bully,2058,1,0,0,60,0,840,0,1,37,164739,2058,0,61,0,0,0,LEADER,1,0,0,60,0,0,0,0,0,0,0,0,0,0,0
167434,13,bully,1774,1,0,0,61,0,854,0,1,13,165660,1774,0,62,0,0,0,LEADER,1,0,0,61,0,0,0,0,0,0,0,0,0,0,0
166594,20,bully,1855,1,0,0,60,0,840,0,1,20,164739,1855,0,61,0,0,0,LEADER,1,0,0,60,0,0,0,0,0,0,0,0,0,0,0
167227,41,bully,1567,1,0,0,61,0,854,0,1,41,165660,1567,0,62,0,0,0,LEADER,1,0,0,61,0,0,0,0,0,0,0,0,0,0,0
167216,47,bully,1556,1,0,0,61,0,854,0,1,47,165660,1556,0,62,0,0,0,LEADER,1,0,0,61,0,0,0,0,0,0,0,0,0,0,0
167041,95,bully,2301,1,0,0,60,0,840,0,1,95,164740,2301,0,61,0,0,0,LEADER,1,0,0,60,0,0,0,0,0,0,0,0,0,0,0
166904,98,bully,2165,1,0,0,60,0,840,0,1,98,164739,2165,0,61,0,0,0,LEADER,1,0,0,60,0,0,0,0,0,0,0,0,0,0,0
167088,73,bully,2349,1,0,0,60,0,840,0,1,73,164739,2349,0,61,0,0,0,LEADER,1,0,0,60,0,0,0,0,0,0,0,0,0,0,0
166634,61,bully,1895,1,0,0,60,0,840,0,1,61,164739,1895,0,61,0,0,0,LEADER,1,0,0,60,0,0,0,0,0,0,0,0,0,0,0
167382,97,bully,1722,1,0,0,61,0,854,0,1,97,165660,1722,0,62,0,0,0,LEADER,1,0,0,61,0,0,0,0,0,0,0,0,0,0,0
167412,33,bully,1752,1,0,0,61,0,854,0,1,33,165660,1752,0,62,0,0,0,LEADER,1,0,0,61,0,0,0,0,0,0,0,0,0,0,0
167070,31,bully,2331,1,0,0,60,0,840,0,1,31,164739,2331,0,61,0,0,0,LEADER,1,0,0,60,0,0,0,0,0,0,0,0,0,0,0
167582,40,bully,1922,1,0,0,61,0,854,0,1,40,165660,1922,0,62,0,0,0,LEADER,1,0,0,61,0,0,0,0,0,0,0,0,0,0,0
167572,29,bully,1910,1,0,0,61,0,854,0,1,29,165662,1910,0,62,0,0,0,LEADER,1,0,0,61,0,0,0,0,0,0,0,0,0,0,0
167399,96,bully,1744,1,0,0,61,0,854,0,1,96,165655,1744,0,62,0,0,0,LEADER,1,0,0,61,0,0,0,0,0,0,0,0,0,0,0
167485,84,bully,1825,1,0,0,61,0,854,0,1,84,165660,1825,0,62,0,0,0,LEADER,1,0,0,61,0,0,0,0,0,0,0,0,0,0,0
167179,80,bully,1519,1,0,0,61,0,854,0,1,80,165660,1519,0,62,0,0,0,LEADER,1,0,0,61,0,0,0,0,0,0,0,0,0,0,0
167022,53,bully,2283,1,0,0,60,0,840,0,1,53,164739,2283,0,61,0,0,0,LEADER,1,0,0,60,0,0,0,0,0,0,0,0,0,0,0
167098,92,bully,1438,1,0,0,61,0,854,0,1,92,165660,1438,0,62,0,0,0,LEADER,1,0,0,61,0,0,0,0,0,0,0,0,0,0,0
167272,91,bully,1619,1,0,0,61,0,854,0,1,91,165653,1619,0,62,0,0,0,LEADER,1,0,0,61,0,0,0,0,0,0,0,0,0,0,0
167534,62,bully,1874,1,0,0,61,0,854,0,1,62,165660,1874,0,62,0,0,0,LEADER,1,0,0,61,0,0,0,0,0,0,0,0,0,0,0
167231,15,bully,1571,1,0,0,61,0,854,0,1,15,165660,1571,0,62,0,0,0,LEADER,1,0,0,61,0,0,0,0,0,0,0,0,0,0,0
166900,26,bully,2161,1,0,0,60,0,840,0,1,26,164739,2161,0,61,0,0,0,LEADER,1,0,0,60,0,0,0,0,0,0,0,0,0,0,0
167637,49,bully,1977,1,0,0,61,0,854,0,1,49,165660,1977,0,62,0,0,0,LEADER,1,0,0,61,0,0,0,0,0,0,0,0,0,0,0
167452,58,bully,1792,1,0,0,61,0,854,0,1,58,165660,1792,0,62,0,0,0,LEADER,1,0,0,61,0,0,0,0,0,0,0,0,0,0,0
166985,86,bully,2246,1,0,0,60,0,840,0,1,86,164739,2246,0,61,0,0,0,LEADER,1,0,0,60,0,0,0,0,0,0,0,0,0,0,0
167158,50,bully,2419,1,0,0,60,0,840,0,1,50,164739,2419,0,61,0,0,0,LEADER,1,0,0,60,0,0,0,0,0,0,0,0,0,0,0
167008,85,bully,2268,1,0,0,60,0,840,0,1,85,164740,2268,0,61,0,0,0,LEADER,1,0,0,60,0,0,0,0,0,0,0,0,0,0,0
166947,87,bully,2212,1,0,0,60,0,840,0,1,87,164735,2212,0,61,0,0,0,LEADER,1,0,0,60,0,0,0,0,0,0,0,0,0,0,0
167155,64,bully,2416,1,0,0,60,0,840,0,1,64,164739,2416,0,61,0,0,0,LEADER,1,0,0,60,0,0,0,0,0,0,0,0,0,0,0
167004,11,bully,2264,1,0,0,60,0,840,0,1,11,164740,2264,0,61,0,0,0,LEADER,1,0,0,60,0,0,0,0,0,0,0,0,0,0,0
167094,18,bully,1434,1,0,0,61,0,854,0,1,18,165660,1434,0,62,0,0,0,LEADER,1,0,0,61,0,0,0,0,0,0,0,0,0,0,0
167213,90,bully,1553,1,0,0,61,0,854,0,1,90,165660,1553,0,62,0,0,0,LEADER,1,0,0,61,0,0,0,0,0,0,0,0,0,0,0
167107,35,bully,1447,1,0,0,61,0,854,0,1,35,165660,1447,0,62,0,0,0,LEADER,1,0,0,61,0,0,0,0,0,0,0,0,0,0,0
166988,43,bully,2249,1,0,0,60,0,840,0,1,43,164739,2249,0,61,0,0,0,LEADER,1,0,0,60,0,0,0,0,0,0,0,0,0,0,0
167127,28,bully,1467,1,0,0,61,0,854,0,1,28,165660,1467,0,62,0,0,0,LEADER,1,0,0,61,0,0,0,0,0,0,0,0,0,0,0
166965,44,bully,2228,1,0,0,60,0,840,0,1,44,164737,2228,0,61,0,0,0,LEADER,1,0,0,60,0,0,0,0,0,0,0,0,0,0,0
167801,23,bully,2141,1,0,0,61,0,854,0,1,23,165660,2141,0,62,0,0,0,LEADER,1,0,0,61,0,0,0,0,0,0,0,0,0,0,0
167121,30,bully,1461,1,0,0,61,0,854,0,1,30,165660,1461,0,62,0,0,0,LEADER,1,0,0,61,0,0,0,0,0,0,0,0,0,0,0
167519,94,bully,1859,1,0,0,61,0,854,0,1,94,165660,1859,0,62,0,0,0,LEADER,1,0,0,61,0,0,0,0,0,0,0,0,0,0,0
167161,38,bully,1501,1,0,0,61,0,854,0,1,38,165660,1501,0,62,0,0,0,LEADER,1,0,0,61,0,0,0,0,0,0,0,0,0,0,0
167840,66,bully,2180,1,0,0,61,0,854,0,1,66,165660,2180,0,62,0,0,0,LEADER,1,0,0,61,0,0,0,0,0,0,0,0,0,0,0
167146,70,bully,1486,1,0,0,61,0,854,0,1,70,165660,1486,0,62,0,0,0,LEADER,1,0,0,61,0,0,0,0,0,0,0,0,0,0,0
167791,88,bully,2131,1,0,0,61,0,854,0,1,88,165660,2131,0,62,0,0,0,LEADER,1,0,0,61,0,0,0,0,0,0,0,0,0,0,0
166974,75,bully,2235,1,0,0,60,0,840,0,1,75,164739,2235,0,61,0,0,0,LEADER,1,0,0,60,0,0,0,0,0,0,0,0,0,0,0
166984,12,bully,2243,1,0,0,60,0,840,0,1,12,164741,2243,0,61,0,0,0,LEADER,1,0,0,60,0,0,0,0,0,0,0,0,0,0,0
167685,27,bully,2025,1,0,0,61,0,854,0,1,27,165660,2025,0,62,0,0,0,LEADER,1,0,0,61,0,0,0,0,0,0,0,0,0,0,0
167174,42,bully,1514,1,0,0,61,0,854,0,1,42,165660,1514,0,62,0,0,0,LEADER,1,0,0,61,0,0,0,0,0,0,0,0,0,0,0
167821,24,bully,2161,1,0,0,61,0,854,0,1,24,165660,2161,0,62,0,0,0,LEADER,1,0,0,61,0,0,0,0,0,0,0,0,0,0,0
167773,46,bully,2113,1,0,0,61,0,854,0,1,46,165660,2113,0,62,0,0,0,LEADER,1,0,0,61,0,0,0,0,0,0,0,0,0,0,0
167670,59,bully,2010,1,0,0,61,0,854,0,1,59,165660,2010,0,62,0,0,0,LEADER,1,0,0,61,0,0,0,0,0,0,0,0,0,0,0
167298,34,bully,1637,1,0,0,61,0,854,0,1,34,165661,1637,0,62,0,0,0,LEADER,1,0,0,61,0,0,0,0,0,0,0,0,0,0,0
167952,32,bully,2292,1,0,0,61,0,854,0,1,32,165660,2292,0,62,0,0,0,LEADER,1,0,0,61,0,0,0,0,0,0,0,0,0,0,0
167567,72,bully,1907,1,0,0,61,0,854,0,1,72,165660,1907,0,62,0,0,0,LEADER,1,0,0,61,0,0,0,0,0,0,0,0,0,0,0
167979,63,bully,2316,1,0,0,61,0,854,0,1,63,165663,2316,0,62,0,0,0,LEADER,1,0,0,61,0,0,0,0,0,0,0,0,0,0,0
167452,74,bully,1792,1,0,0,61,0,854,0,1,74,165660,1792,0,62,0,0,0,LEADER,1,0,0,61,0,0,0,0,0,0,0,0,0,0,0
167194,48,bully,1534,1,0,0,61,0,854,0,1,48,165660,1534,0,62,0,0,0,LEADER,1,0,0,61,0,0,0,0,0,0,0,0,0,0,0
167657,57,bully,1995,1,0,0,61,0,854,0,1,57,165662,1995,0,62,0,0,0,LEADER,1,0,0,61,0,0,0,0,0,0,0,0,0,0,0
167725,68,bully,2065,1,0,0,61,0,854,0,1,68,165660,2065,0,62,0,0,0,LEADER,1,0,0,61,0,0,0,0,0,0,0,0,0,0,0
167126,45,bully,1466,1,0,0,61,0,854,0,1,45,165660,1466,0,62,0,0,0,LEADER,1,0,0,61,0,0,0,0,0,0,0,0,0,0,0
167483,93,bully,1823,1,0,0,61,0,854,0,1,93,165660,1823,0,62,0,0,0,LEADER,1,0,0,61,0,0,0,0,0,0,0,0,0,0,0
168064,82,bully,2404,1,0,0,61,0,854,0,1,82,165660,2404,0,62,0,0,0,LEADER,1,0,0,61,0,0,0,0,0,0,0,0,0,0,0
168058,51,bully,2398,1,0,0,61,0,854,0,1,51,165660,2398,0,62,0,0,0,LEADER,1,0,0,61,0,0,0,0,0,0,0,0,0,0,0
167603,39,bully,1943,1,0,0,61,0,854,0,1,39,165660,1943,0,62,0,0,0,LEADER,1,0,0,61,0,0,0,0,0,0,0,0,0,0,0
167349,78,bully,1689,1,0,0,61,0,854,0,1,78,165660,1689,0,62,0,0,0,LEADER,1,0,0,61,0,0,0,0,0,0,0,0,0,0,0
167737,79,bully,2077,1,0,0,61,0,854,0,1,79,165660,2077,0,62,0,0,0,LEADER,1,0,0,61,0,0,0,0,0,0,0,0,0,0,0
167312,14,bully,1652,1,0,0,61,0,854,0,1,14,165660,1652,0,62,0,0,0,LEADER,1,0,0,61,0,0,0,0,0,0,0,0,0,0,0
167739,36,bully,2080,1,0,0,61,0,854,0,1,36,165659,2080,0,62,0,0,0,LEADER,1,0,0,61,0,0,0,0,0,0,0,0,0,0,0
167622,81,bully,1962,1,0,0,61,0,854,0,1,81,165660,1962,0,62,0,0,0,LEADER,1,0,0,61,0,0,0,0,0,0,0,0,0,0,0
167282,67,bully,1622,1,0,0,61,0,854,0,1,67,165660,1622,0,62,0,0,0,LEADER,1,0,0,61,0,0,0,0,0,0,0,0,0,0,0
168043,83,bully,2383,1,0,0,61,0,854,0,1,83,165660,2383,0,62,0,0,0,LEADER,1,0,0,61,0,0,0,0,0,0,0,0,0,0,0
168187,99,bully,1607,1,0,0,61,0,854,0,1,99,166580,1607,0,62,0,0,0,LEADER,1,0,0,61,0,0,0,0,0,0,0,0,0,0,0
167364,55,bully,1704,1,0,0,61,0,854,0,1,55,165660,1704,0,62,0,0,0,LEADER,1,0,0,61,0,0,0,0,0,0,0,0,0,0,0
168154,89,bully,1574,1,0,0,61,0,854,0,1,89,166580,1574,0,62,0,0,0,LEADER,1,0,0,61,0,0,0,0,0,0,0,0,0,0,0
167316,77,bully,1656,1,0,0,61,0,854,0,1,77,165660,1656,0,62,0,0,0,LEADER,1,0,0,61,0,0,0,0,0,0,0,0,0,0,0
167588,71,bully,1928,1,0,0,61,0,854,0,1,71,165660,1928,0,62,0,0,0,LEADER,1,0,0,61,0,0,0,0,0,0,0,0,0,0,0
167500,52,bully,1840,1,0,0,61,0,854,0,1,52,165660,1840,0,62,0,0,0,LEADER,1,0,0,61,0,0,0,0,0,0,0,0,0,0,0
167867,76,bully,2213,1,0,0,61,0,854,0,1,76,165654,2213,0,62,0,0,0,LEADER,1,0,0,61,0,0,0,0,0,0,0,0,0,0,0
167467,10,bully,1807,1,0,0,61,0,854,0,1,10,165660,1807,0,62,0,0,0,LEADER,1,0,0,61,0,0,0,0,0,0,0,0,0,0,0
167400,22,bully,1740,1,0,0,61,0,854,0,1,22,165660,1740,0,62,0,0,0,LEADER,1,0,0,61,0,0,0,0,0,0,0,0,0,0,0
167547,21,bully,1889,1,0,0,61,0,854,0,1,21,165658,1889,0,62,0,0,0,LEADER,1,0,0,61,0,0,0,0,0,0,0,0,0,0,0
167806,56,bully,2146,1,0,0,61,0,854,0,1,56,165660,2146,0,62,0,0,0,LEADER,1,0,0,61,0,0,0,0,0,0,0,0,0,0,0
167331,60,bully,1671,1,0,0,61,0,854,0,1,60,165660,1671,0,62,0,0,0,LEADER,1,0,0,61,0,0,0,0,0,0,0,0,0,0,0
168184,25,bully,1604,1,0,0,61,0,854,0,1,25,166580,1604,0,62,0,0,0,LEADER,1,0,0,61,0,0,0,0,0,0,0,0,0,0,0
167397,65,bully,1737,1,0,0,61,0,854,0,1,65,165660,1737,0,62,0,0,0,LEADER,1,0,0,61,0,0,0,0,0,0,0,0,0,0,0
168073,19,bully,2413,1,0,0,61,0,854,0,1,19,165660,2413,0,62,0,0,0,LEADER,1,0,0,61,0,0,0,0,0,0,0,0,0,0,0
167703,69,bully,2043,1,0,0,61,0,854,0,1,69,165660,2043,0,62,0,0,0,LEADER,1,0,0,61,0,0,0,0,0,0,0,0,0,0,0
168305,54,bully,1725,1,0,0,61,0,854,0,1,54,166580,1725,0,62,0,0,0,LEADER,1,0,0,61,0,0,0,0,0,0,0,0,0,0,0
167652,17,bully,1992,1,0,0,61,0,854,0,1,17,165660,1992,0,62,0,0,0,LEADER,1,0,0,61,0,0,0,0,0,0,0,0,0,0,0
168166,100,bully,1586,1,0,0,61,0,854,0,1,100,166580,1586,0,62,0,0,0,LEADER,1,0,0,61,0,0,0,0,0,0,0,0,0,0,0
168129,16,bully,1549,1,0,0,61,0,854,0,1,16,166580,1549,0,62,0,0,0,LEADER,1,0,0,61,0,0,0,0,0,0,0,0,0,0,0
167718,37,bully,2058,1,0,0,61,0,854,0,1,37,165660,2058,0,62,0,0,0,LEADER,1,0,0,61,0,0,0,0,0,0,0,0,0,0,0
168354,13,bully,1774,1,0,0,61,0,854,0,1,13,166580,1774,0,62,0,0,0,LEADER,1,0,0,61,0,0,0,0,0,0,0,0,0,0,0
167515,20,bully,1855,1,0,0,61,0,854,0,1,20,165660,1855,0,62,0,0,0,LEADER,1,0,0,61,0,0,0,0,0,0,0,0,0,0,0
168147,41,bully,1567,1,0,0,61,0,854,0,1,41,166580,1567,0,62,0,0,0,LEADER,1,0,0,61,0,0,0,0,0,0,0,0,0,0,0
168136,47,bully,1556,1,0,0,61,0,854,0,1,47,166580,1556,0,62,0,0,0,LEADER,1,0,0,61,0,0,0,0,0,0,0,0,0,0,0
167962,95,bully,2301,1,0,0,61,0,854,0,1,95,165661,2301,0,62,0,0,0,LEADER,1,0,0,61,0,0,0,0,0,0,0,0,0,0,0
167825,98,bully,2165,1,0,0,61,0,854,0,1,98,165660,2165,0,62,0,0,0,LEADER,1,0,0,61,0,0,0,0,0,0,0,0,0,0,0
168009,73,bully,2349,1,0,0,61,0,854,0,1,73,165660,2349,0,62,0,0,0,LEADER,1,0,0,61,0,0,0,0,0,0,0,0,0,0,0
168332,33,bully,1752,1,0,0,61,0,854,0,1,33,166580,1752,0,62,0,0,0,LEADER,1,0,0,61,0,0,0,0,0,0,0,0,0,0,0
168302,97,bully,1722,1,0,0,61,0,854,0,1,97,166580,1722,0,62,0,0,0,LEADER,1,0,0,61,0,0,0,0,0,0,0,0,0,0,0
167555,61,bully,1895,1,0,0,61,0,854,0,1,61,165660,1895,0,62,0,0,0,LEADER,1,0,0,61,0,0,0,0,0,0,0,0,0,0,0
168502,40,bully,1922,1,0,0,61,0,854,0,1,40,166580,1922,0,62,0,0,0,LEADER,1,0,0,61,0,0,0,0,0,0,0,0,0,0,0
167991,31,bully,2331,1,0,0,61,0,854,0,1,31,165660,2331,0,62,0,0,0,LEADER,1,0,0,61,0,0,0,0,0,0,0,0,0,0,0
168492,29,bully,1910,1,0,0,61,0,854,0,1,29,166582,1910,0,62,0,0,0,LEADER,1,0,0,61,0,0,0,0,0,0,0,0,0,0,0
168319,96,bully,1744,1,0,0,61,0,854,0,1,96,166575,1744,0,62,0,0,0,LEADER,1,0,0,61,0,0,0,0,0,0,0,0,0,0,0
168405,84,bully,1825,1,0,0,61,0,854,0,1,84,166580,1825,0,62,0,0,0,LEADER,1,0,0,61,0,0,0,0,0,0,0,0,0,0,0
168099,80,bully,1519,1,0,0,61,0,854,0,1,80,166580,1519,0,62,0,0,0,LEADER,1,0,0,61,0,0,0,0,0,0,0,0,0,0,0
167943,53,bully,2283,1,0,0,61,0,854,0,1,53,165660,2283,0,62,0,0,0,LEADER,1,0,0,61,0,0,0,0,0,0,0,0,0,0,0
168018,92,bully,1438,1,0,0,61,0,854,0,1,92,166580,1438,0,62,0,0,0,LEADER,1,0,0,61,0,0,0,0,0,0,0,0,0,0,0
168192,91,bully,1619,1,0,0,61,0,854,0,1,91,166573,1619,0,62,0,0,0,LEADER,1,0,0,61,0,0,0,0,0,0,0,0,0,0,0
168454,62,bully,1874,1,0,0,61,0,854,0,1,62,166580,1874,0,62,0,0,0,LEADER,1,0,0,61,0,0,0,0,0,0,0,0,0,0,0
168151,15,bully,1571,1,0,0,61,0,854,0,1,15,166580,1571,0,62,0,0,0,LEADER,1,0,0,61,0,0,0,0,0,0,0,0,0,0,0
167821,26,bully,2161,1,0,0,61,0,854,0,1,26,165660,2161,0,62,0,0,0,LEADER,1,0,0,61,0,0,0,0,0,0,0,0,0,0,0
168557,49,bully,1977,1,0,0,61,0,854,0,1,49,166580,1977,0,62,0,0,0,LEADER,1,0,0,61,0,0,0,0,0,0,0,0,0,0,0
168372,58,bully,1792,1,0,0,61,0,854,0,1,58,166580,1792,0,62,0,0,0,LEADER,1,0,0,61,0,0,0,0,0,0,0,0,0,0,0
167906,86,bully,2246,1,0,0,61,0,854,0,1,86,165660,2246,0,62,0,0,0,LEADER,1,0,0,61,0,0,0,0,0,0,0,0,0,0,0
168079,50,bully,2419,1,0,0,61,0,854,0,1,50,165660,2419,0,62,0,0,0,LEADER,1,0,0,61,0,0,0,0,0,0,0,0,0,0,0
167929,85,bully,2268,1,0,0,61,0,854,0,1,85,165661,2268,0,62,0,0,0,LEADER,1,0,0,61,0,0,0,0,0,0,0,0,0,0,0
167868,87,bully,2212,1,0,0,61,0,854,0,1,87,165656,2212,0,62,0,0,0,LEADER,1,0,0,61,0,0,0,0,0,0,0,0,0,0,0
168076,64,bully,2416,1,0,0,61,0,854,0,1,64,165660,2416,0,62,0,0,0,LEADER,1,0,0,61,0,0,0,0,0,0,0,0,0,0,0
168014,18,bully,1434,1,0,0,61,0,854,0,1,18,166580,1434,0,62,0,0,0,LEADER,1,0,0,61,0,0,0,0,0,0,0,0,0,0,0
167925,11,bully,2264,1,0,0,61,0,854,0,1,11,165661,2264,0,62,0,0,0,LEADER,1,0,0,61,0,0,0,0,0,0,0,0,0,0,0
168133,90,bully,1553,1,0,0,61,0,854,0,1,90,166580,1553,0,62,0,0,0,LEADER,1,0,0,61,0,0,0,0,0,0,0,0,0,0,0
168027,35,bully,1447,1,0,0,61,0,854,0,1,35,166580,1447,0,62,0,0,0,LEADER,1,0,0,61,0,0,0,0,0,0,0,0,0,0,0
167909,43,bully,2249,1,0,0,61,0,854,0,1,43,165660,2249,0,62,0,0,0,LEADER,1,0,0,61,0,0,0,0,0,0,0,0,0,0,0
168047,28,bully,1467,1,0,0,61,0,854,0,1,28,166580,1467,0,62,0,0,0,LEADER,1,0,0,61,0,0,0,0,0,0,0,0,0,0,0
167886,44,bully,2228,1,0,0,61,0,854,0,1,44,165658,2228,0,62,0,0,0,LEADER,1,0,0,61,0,0,0,0,0,0,0,0,0,0,0
168721,23,bully,2141,1,0,0,61,0,854,0,1,23,166580,2141,0,62,0,0,0,LEADER,1,0,0,61,0,0,0,0,0,0,0,0,0,0,0
168041,30,bully,1461,1,0,0,61,0,854,0,1,30,166580,1461,0,62,0,0,0,LEADER,1,0,0,61,0,0,0,0,0,0,0,0,0,0,0
168439,94,bully,1859,1,0,0,61,0,854,0,1,94,166580,1859,0,62,0,0,0,LEADER,1,0,0,61,0,0,0,0,0,0,0,0,0,0,0
168081,38,bully,1501,1,0,0,61,0,854,0,1,38,166580,1501,0,62,0,0,0,LEADER,1,0,0,61,0,0,0,0,0,0,0,0,0,0,0
168760,66,bully,2180,1,0,0,61,0,854,0,1,66,166580,2180,0,62,0,0,0,LEADER,1,0,0,61,0,0,0,0,0,0,0,0,0,0,0
168066,70,bully,1486,1,0,0,61,0,854,0,1,70,166580,1486,0,62,0,0,0,LEADER,1,0,0,61,0,0,0,0,0,0,0,0,0,0,0
168711,88,bully,2131,1,0,0,61,0,854,0,1,88,166580,2131,0,62,0,0,0,LEADER,1,0,0,61,0,0,0,0,0,0,0,0,0,0,0
167895,75,bully,2235,1,0,0,61,0,854,0,1,75,165660,2235,0,62,0,0,0,LEADER,1,0,0,61,0,0,0,0,0,0,0,0,0,0,0
167905,12,bully,2243,1,0,0,61,0,854,0,1,12,165662,2243,0,62,0,0,0,LEADER,1,0,0,61,0,0,0,0,0,0,0,0,0,0,0
168605,27,bully,2025,1,0,0,61,0,854,0,1,27,166580,2025,0,62,0,0,0,LEADER,1,0,0,61,0,0,0,0,0,0,0,0,0,0,0
168094,42,bully,1514,1,0,0,61,0,854,0,1,42,166580,1514,0,62,0,0,0,LEADER,1,0,0,61,0,0,0,0,0,0,0,0,0,0,0
168741,24,bully,2161,1,0,0,61,0,854,0,1,24,166580,2161,0,62,0,0,0,LEADER,1,0,0,61,0,0,0,0,0,0,0,0,0,0,0
168693,46,bully,2113,1,0,0,61,0,854,0,1,46,166580,2113,0,62,0,0,0,LEADER,1,0,0,61,0,0,0,0,0,0,0,0,0,0,0
168590,59,bully,2010,1,0,0,61,0,854,0,1,59,166580,2010,0,62,0,0,0,LEADER,1,0,0,61,0,0,0,0,0,0,0,0,0,0,0
168218,34,bully,1637,1,0,0,61,0,854,0,1,34,166581,1637,0,62,0,0,0,LEADER,1,0,0,61,0,0,0,0,0,0,0,0,0,0,0
168872,32,bully,2292,1,0,0,61,0,854,0,1,32,166580,2292,0,62,0,0,0,LEADER,1,0,0,61,0,0,0,0,0,0,0,0,0,0,0
168487,72,bully,1907,1,0,0,61,0,854,0,1,72,166580,1907,0,62,0,0,0,LEADER,1,0,0,61,0,0,0,0,0,0,0,0,0,0,0
168899,63,bully,2316,1,0,0,61,0,854,0,1,63,166583,2316,0,62,0,0,0,LEADER,1,0,0,61,0,0,0,0,0,0,0,0,0,0,0
168372,74,bully,1792,1,0,0,61,0,854,0,1,74,166580,1792,0,62,0,0,0,LEADER,1,0,0,61,0,0,0,0,0,0,0,0,0,0,0
168114,48,bully,1534,1,0,0,61,0,854,0,1,48,166580,1534,0,62,0,0,0,LEADER,1,0,0,61,0,0,0,0,0,0,0,0,0,0,0
168577,57,bully,1995,1,0,0,61,0,854,0,1,57,166582,1995,0,62,0,0,0,LEADER,1,0,0,61,0,0,0,0,0,0,0,0,0,0,0
168645,68,bully,2065,1,0,0,61,0,854,0,1,68,166580,2065,0,62,0,0,0,LEADER,1,0,0,61,0,0,0,0,0,0,0,0,0,0,0
168046,45,bully,1466,1,0,0,61,0,854,0,1,45,166580,1466,0,62,0,0,0,LEADER,1,0,0,61,0,0,0,0,0,0,0,0,0,0,0
168403,93,bully,1823,1,0,0,61,0,854,0,1,93,166580,1823,0,62,0,0,0,LEADER,1,0,0,61,0,0,0,0,0,0,0,0,0,0,0
168984,82,bully,2404,1,0,0,61,0,854,0,1,82,166580,2404,0,62,0,0,0,LEADER,1,0,0,61,0,0,0,0,0,0,0,0,0,0,0
168978,51,bully,2398,1,0,0,61,0,854,0,1,51,166580,2398,0,62,0,0,0,LEADER,1,0,0,61,0,0,0,0,0,0,0,0,0,0,0
168523,39,bully,1943,1,0,0,61,0,854,0,1,39,166580,1943,0,62,0,0,0,LEADER,1,0,0,61,0,0,0,0,0,0,0,0,0,0,0
168269,78,bully,1689,1,0,0,61,0,854,0,1,78,166580,1689,0,62,0,0,0,LEADER,1,0,0,61,0,0,0,0,0,0,0,0,0,0,0
168657,79,bully,2077,1,0,0,61,0,854,0,1,79,166580,2077,0,62,0,0,0,LEADER,1,0,0,61,0,0,0,0,0,0,0,0,0,0,0
168232,14,bully,1652,1,0,0,61,0,854,0,1,14,166580,1652,0,62,0,0,0,LEADER,1,0,0,61,0,0,0,0,0,0,0,0,0,0,0
168659,36,bully,2080,1,0,0,61,0,854,0,1,36,166579,2080,0,62,0,0,0,LEADER,1,0,0,61,0,0,0,0,0,0,0,0,0,0,0
168542,81,bully,1962,1,0,0,61,0,854,0,1,81,166580,1962,0,62,0,0,0,LEADER,1,0,0,61,0,0,0,0,0,0,0,0,0,0,0
168202,67,bully,1622,1,0,0,61,0,854,0,1,67,166580,1622,0,62,0,0,0,LEADER,1,0,0,61,0,0,0,0,0,0,0,0,0,0,0
168963,83,bully,2383,1,0,0,61,0,854,0,1,83,166580,2383,0,62,0,0,0,LEADER,1,0,0,61,0,0,0,0,0,0,0,0,0,0,0
169107,99,bully,1607,1,0,0,61,0,854,0,1,99,167500,1607,0,62,0,0,0,LEADER,1,0,0,61,0,0,0,0,0,0,0,0,0,0,0
168284,55,bully,1704,1,0,0,61,0,854,0,1,55,166580,1704,0,62,0,0,0,LEADER,1,0,0,61,0,0,0,0,0,0,0,0,0,0,0
169074,89,bully,1574,1,0,0,61,0,854,0,1,89,167500,1574,0,62,0,0,0,LEADER,1,0,0,61,0,0,0,0,0,0,0,0,0,0,0
168236,77,bully,1656,1,0,0,61,0,854,0,1,77,166580,1656,0,62,0,0,0,LEADER,1,0,0,61,0,0,0,0,0,0,0,0,0,0,0
168508,71,bully,1928,1,0,0,61,0,854,0,1,71,166580,1928,0,62,0,0,0,LEADER,1,0,0,61,0,0,0,0,0,0,0,0,0,0,0
168420,52,bully,1840,1,0,0,61,0,854,0,1,52,166580,1840,0,62,0,0,0,LEADER,1,0,0,61,0,0,0,0,0,0,0,0,0,0,0
168787,76,bully,2213,1,0,0,61,0,854,0,1,76,166574,2213,0,62,0,0,0,LEADER,1,0,0,61,0,0,0,0,0,0,0,0,0,0,0
168387,10,bully,1807,1,0,0,61,0,854,0,1,10,166580,1807,0,62,0,0,0,LEADER,1,0,0,61,0,0,0,0,0,0,0,0,0,0,0
168320,22,bully,1740,1,0,0,61,0,854,0,1,22,166580,1740,0,62,0,0,0,LEADER,1,0,0,61,0,0,0,0,0,0,0,0,0,0,0
168467,21,bully,1889,1,0,0,61,0,854,0,1,21,166578,1889,0,62,0,0,0,LEADER,1,0,0,61,0,0,0,0,0,0,0,0,0,0,0
168726,56,bully,2146,1,0,0,61,0,854,0,1,56,166580,2146,0,62,0,0,0,LEADER,1,0,0,61,0,0,0,0,0,0,0,0,0,0,0
168251,60,bully,1671,1,0,0,61,0,854,0,1,60,166580,1671,0,62,0,0,0,LEADER,1,0,0,61,0,0,0,0,0,0,0,0,0,0,0
169104,25,bully,1604,1,0,0,61,0,854,0,1,25,167500,1604,0,62,0,0,0,LEADER,1,0,0,61,0,0,0,0,0,0,0,0,0,0,0
168317,65,bully,1737,1,0,0,61,0,854,0,1,65,166580,1737,0,62,0,0,0,LEADER,1,0,0,61,0,0,0,0,0,0,0,0,0,0,0
168993,19,bully,2413,1,0,0,61,0,854,0,1,19,166580,2413,0,62,0,0,0,LEADER,1,0,0,61,0,0,0,0,0,0,0,0,0,0,0
168623,69,bully,2043,1,0,0,61,0,854,0,1,69,166580,2043,0,62,0,0,0,LEADER,1,0,0,61,0,0,0,0,0,0,0,0,0,0,0
169225,54,bully,1725,1,0,0,61,0,854,0,1,54,167500,1725,0,62,0,0,0,LEADER,1,0,0,61,0,0,0,0,0,0,0,0,0,0,0
168572,17,bully,1992,1,0,0,61,0,854,0,1,17,166580,1992,0,62,0,0,0,LEADER,1,0,0,61,0,0,0,0,0,0,0,0,0,0,0
169086,100,bully,1586,1,0,0,61,0,854,0,1,100,167500,1586,0,62,0,0,0,LEADER,1,0,0,61,0,0,0,0,0,0,0,0,0,0,0
169049,16,bully,1549,1,0,0,61,0,854,0,1,16,167500,1549,0,62,0,0,0,LEADER,1,0,0,61,0,0,0,0,0,0,0,0,0,0,0
168638,37,bully,2058,1,0,0,61,0,854,0,1,37,166580,2058,0,62,0,0,0,LEADER,1,0,0,61,0,0,0,0,0,0,0,0,0,0,0
169274,13,bully,1774,1,0,0,61,0,854,0,1,13,167500,1774,0,62,0,0,0,LEADER,1,0,0,61,0,0,0,0,0,0,0,0,0,0,0
168435,20,bully,1855,1,0,0,61,0,854,0,1,20,166580,1855,0,62,0,0,0,LEADER,1,0,0,61,0,0,0,0,0,0,0,0,0,0,0
169067,41,bully,1567,1,0,0,61,0,854,0,1,41,167500,1567,0,62,0,0,0,LEADER,1,0,0,61,0,0,0,0,0,0,0,0,0,0,0
169056,47,bully,1556,1,0,0,61,0,854,0,1,47,167500,1556,0,62,0,0,0,LEADER,1,0,0,61,0,0,0,0,0,0,0,0,0,0,0
168882,95,bully,2301,1,0,0,61,0,854,0,1,95,166581,2301,0,62,0,0,0,LEADER,1,0,0,61,0,0,0,0,0,0,0,0,0,0,0
168745,98,bully,2165,1,0,0,61,0,854,0,1,98,166580,2165,0,62,0,0,0,LEADER,1,0,0,61,0,0,0,0,0,0,0,0,0,0,0
168929,73,bully,2349,1,0,0,61,0,854,0,1,73,166580,2349,0,62,0,0,0,LEADER,1,0,0,61,0,0,0,0,0,0,0,0,0,0,0
169222,97,bully,1722,1,0,0,61,0,854,0,1,97,167500,1722,0,62,0,0,0,LEADER,1,0,0,61,0,0,0,0,0,0,0,0,0,0,0
168475,61,bully,1895,1,0,0,61,0,854,0,1,61,166580,1895,0,62,0,0,0,LEADER,1,0,0,61,0,0,0,0,0,0,0,0,0,0,0
169252,33,bully,1752,1,0,0,61,0,854,0,1,33,167500,1752,0,62,0,0,0,LEADER,1,0,0,61,0,0,0,0,0,0,0,0,0,0,0
169422,40,bully,1922,1,0,0,61,0,854,0,1,40,167500,1922,0,62,0,0,0,LEADER,1,0,0,61,0,0,0,0,0,0,0,0,0,0,0
168911,31,bully,2331,1,0,0,61,0,854,0,1,31,166580,2331,0,62,0,0,0,LEADER,1,0,0,61,0,0,0,0,0,0,0,0,0,0,0
169412,29,bully,1910,1,0,0,61,0,854,0,1,29,167502,1910,0,62,0,0,0,LEADER,1,0,0,61,0,0,0,0,0,0,0,0,0,0,0
169239,96,bully,1744,1,0,0,61,0,854,0,1,96,167495,1744,0,62,0,0,0,LEADER,1,0,0,61,0,0,0,0,0,0,0,0,0,0,0
169325,84,bully,1825,1,0,0,61,0,854,0,1,84,167500,1825,0,62,0,0,0,LEADER,1,0,0,61,0,0,0,0,0,0,0,0,0,0,0
169019,80,bully,1519,1,0,0,61,0,854,0,1,80,167500,1519,0,62,0,0,0,LEADER,1,0,0,61,0,0,0,0,0,0,0,0,0,0,0
168863,53,bully,2283,1,0,0,61,0,854,0,1,53,166580,2283,0,62,0,0,0,LEADER,1,0,0,61,0,0,0,0,0,0,0,0,0,0,0
168938,92,bully,1438,1,0,0,61,0,854,0,1,92,167500,1438,0,62,0,0,0,LEADER,1,0,0,61,0,0,0,0,0,0,0,0,0,0,0
169112,91,bully,1619,1,0,0,61,0,854,0,1,91,167493,1619,0,62,0,0,0,LEADER,1,0,0,61,0,0,0,0,0,0,0,0,0,0,0
169374,62,bully,1874,1,0,0,61,0,854,0,1,62,167500,1874,0,62,0,0,0,LEADER,1,0,0,61,0,0,0,0,0,0,0,0,0,0,0
169071,15,bully,1571,1,0,0,61,0,854,0,1,15,167500,1571,0,62,0,0,0,LEADER,1,0,0,61,0,0,0,0,0,0,0,0,0,0,0
168741,26,bully,2161,1,0,0,61,0,854,0,1,26,166580,2161,0,62,0,0,0,LEADER,1,0,0,61,0,0,0,0,0,0,0,0,0,0,0
169477,49,bully,1977,1,0,0,61,0,854,0,1,49,167500,1977,0,62,0,0,0,LEADER,1,0,0,61,0,0,0,0,0,0,0,0,0,0,0
169292,58,bully,1792,1,0,0,61,0,854,0,1,58,167500,1792,0,62,0,0,0,LEADER,1,0,0,61,0,0,0,0,0,0,0,0,0,0,0
168826,86,bully,2246,1,0,0,61,0,854,0,1,86,166580,2246,0,62,0,0,0,LEADER,1,0,0,61,0,0,0,0,0,0,0,0,0,0,0
168999,50,bully,2419,1,0,0,61,0,854,0,1,50,166580,2419,0,62,0,0,0,LEADER,1,0,0,61,0,0,0,0,0,0,0,0,0,0,0
168849,85,bully,2268,1,0,0,61,0,854,0,1,85,166581,2268,0,62,0,0,0,LEADER,1,0,0,61,0,0,0,0,0,0,0,0,0,0,0
168788,87,bully,2212,1,0,0,61,0,854,0,1,87,166576,2212,0,62,0,0,0,LEADER,1,0,0,61,0,0,0,0,0,0,0,0,0,0,0
168996,64,bully,2416,1,0,0,61,0,854,0,1,64,166580,2416,0,62,0,0,0,LEADER,1,0,0,61,0,0,0,0,0,0,0,0,0,0,0
168934,18,bully,1434,1,0,0,61,0,854,0,1,18,167500,1434,0,62,0,0,0,LEADER,1,0,0,61,0,0,0,0,0,0,0,0,0,0,0
168845,11,bully,2264,1,0,0,61,0,854,0,1,11,166581,2264,0,62,0,0,0,LEADER,1,0,0,61,0,0,0,0,0,0,0,0,0,0,0
169053,90,bully,1553,1,0,0,61,0,854,0,1,90,167500,1553,0,62,0,0,0,LEADER,1,0,0,61,0,0,0,0,0,0,0,0,0,0,0
168947,35,bully,1447,1,0,0,61,0,854,0,1,35,167500,1447,0,62,0,0,0,LEADER,1,0,0,61,0,0,0,0,0,0,0,0,0,0,0
168829,43,bully,2249,1,0,0,61,0,854,0,1,43,166580,2249,0,62,0,0,0,LEADER,1,0,0,61,0,0,0,0,0,0,0,0,0,0,0
168967,28,bully,1467,1,0,0,61,0,854,0,1,28,167500,1467,0,62,0,0,0,LEADER,1,0,0,61,0,0,0,0,0,0,0,0,0,0,0
168806,44,bully,2228,1,0,0,61,0,854,0,1,44,166578,2228,0,62,0,0,0,LEADER,1,0,0,61,0,0,0,0,0,0,0,0,0,0,0
169641,23,bully,2141,1,0,0,61,0,854,0,1,23,167500,2141,0,62,0,0,0,LEADER,1,0,0,61,0,0,0,0,0,0,0,0,0,0,0
168961,30,bully,1461,1,0,0,61,0,854,0,1,30,167500,1461,0,62,0,0,0,LEADER,1,0,0,61,0,0,0,0,0,0,0,0,0,0,0
169359,94,bully,1859,1,0,0,61,0,854,0,1,94,167500,1859,0,62,0,0,0,LEADER,1,0,0,61,0,0,0,0,0,0,0,0,0,0,0
169001,38,bully,1501,1,0,0,61,0,854,0,1,38,167500,1501,0,62,0,0,0,LEADER,1,0,0,61,0,0,0,0,0,0,0,0,0,0,0
169680,66,bully,2180,1,0,0,61,0,854,0,1,66,167500,2180,0,62,0,0,0,LEADER,1,0,0,61,0,0,0,0,0,0,0,0,0,0,0
168986,70,bully,1486,1,0,0,61,0,854,0,1,70,167500,1486,0,62,0,0,0,LEADER,1,0,0,61,0,0,0,0,0,0,0,0,0,0,0
169631,88,bully,2131,1,0,0,61,0,854,0,1,88,167500,2131,0,62,0,0,0,LEADER,1,0,0,61,0,0,0,0,0,0,0,0,0,0,0
168815,75,bully,2235,1,0,0,61,0,854,0,1,75,166580,2235,0,62,0,0,0,LEADER,1,0,0,61,0,0,0,0,0,0,0,0,0,0,0
168825,12,bully,2243,1,0,0,61,0,854,0,1,12,166582,2243,0,62,0,0,0,LEADER,1,0,0,61,0,0,0,0,0,0,0,0,0,0,0
169525,27,bully,2025,1,0,0,61,0,854,0,1,27,167500,2025,0,62,0,0,0,LEADER,1,0,0,61,0,0,0,0,0,0,0,0,0,0,0
169014,42,bully,1514,1,0,0,61,0,854,0,1,42,167500,1514,0,62,0,0,0,LEADER,1,0,0,61,0,0,0,0,0,0,0,0,0,0,0
169661,24,bully,2161,1,0,0,61,0,854,0,1,24,167500,2161,0,62,0,0,0,LEADER,1,0,0,61,0,0,0,0,0,0,0,0,0,0,0
169613,46,bully,2113,1,0,0,61,0,854,0,1,46,167500,2113,0,62,0,0,0,LEADER,1,0,0,61,0,0,0,0,0,0,0,0,0,0,0
169510,59,bully,2010,1,0,0,61,0,854,0,1,59,167500,2010,0,62,0,0,0,LEADER,1,0,0,61,0,0,0,0,0,0,0,0,0,0,0
169792,32,bully,2292,1,0,0,61,0,854,0,1,32,167500,2292,0,62,0,0,0,LEADER,1,0,0,61,0,0,0,0,0,0,0,0,0,0,0
169138,34,bully,1637,1,0,0,61,0,854,0,1,34,167501,1637,0,62,0,0,0,LEADER,1,0,0,61,0,0,0,0,0,0,0,0,0,0,0
169407,72,bully,1907,1,0,0,61,0,854,0,1,72,167500,1907,0,62,0,0,0,LEADER,1,0,0,61,0,0,0,0,0,0,0,0,0,0,0
169819,63,bully,2316,1,0,0,61,0,854,0,1,63,167503,2316,0,62,0,0,0,LEADER,1,0,0,61,0,0,0,0,0,0,0,0,0,0,0
169292,74,bully,1792,1,0,0,61,0,854,0,1,74,167500,1792,0,62,0,0,0,LEADER,1,0,0,61,0,0,0,0,0,0,0,0,0,0,0
169034,48,bully,1534,1,0,0,61,0,854,0,1,48,167500,1534,0,62,0,0,0,LEADER,1,0,0,61,0,0,0,0,0,0,0,0,0,0,0
169497,57,bully,1995,1,0,0,61,0,854,0,1,57,167502,1995,0,62,0,0,0,LEADER,1,0,0,61,0,0,0,0,0,0,0,0,0,0,0
169565,68,bully,2065,1,0,0,61,0,854,0,1,68,167500,2065,0,62,0,0,0,LEADER,1,0,0,61,0,0,0,0,0,0,0,0,0,0,0
168966,45,bully,1466,1,0,0,61,0,854,0,1,45,167500,1466,0,62,0,0,0,LEADER,1,0,0,61,0,0,0,0,0,0,0,0,0,0,0
169323,93,bully,1823,1,0,0,61,0,854,0,1,93,167500,1823,0,62,0,0,0,LEADER,1,0,0,61,0,0,0,0,0,0,0,0,0,0,0
169904,82,bully,2404,1,0,0,61,0,854,0,1,82,167500,2404,0,62,0,0,0,LEADER,1,0,0,61,0,0,0,0,0,0,0,0,0,0,0
169898,51,bully,2398,1,0,0,61,0,854,0,1,51,167500,2398,0,62,0,0,0,LEADER,1,0,0,61,0,0,0,0,0,0,0,0,0,0,0
169443,39,bully,1943,1,0,0,61,0,854,0,1,39,167500,1943,0,62,0,0,0,LEADER,1,0,0,61,0,0,0,0,0,0,0,0,0,0,0
169189,78,bully,1689,1,0,0,61,0,854,0,1,78,167500,1689,0,62,0,0,0,LEADER,1,0,0,61,0,0,0,0,0,0,0,0,0,0,0
169577,79,bully,2077,1,0,0,61,0,854,0,1,79,167500,2077,0,62,0,0,0,LEADER,1,0,0,61,0,0,0,0,0,0,0,0,0,0,0
169152,14,bully,1652,1,0,0,61,0,854,0,1,14,167500,1652,0,62,0,0,0,LEADER,1,0,0,61,0,0,0,0,0,0,0,0,0,0,0
169579,36,bully,2080,1,0,0,61,0,854,0,1,36,167499,2080,0,62,0,0,0,LEADER,1,0,0,61,0,0,0,0,0,0,0,0,0,0,0
169462,81,bully,1962,1,0,0,61,0,854,0,1,81,167500,1962,0,62,0,0,0,LEADER,1,0,0,61,0,0,0,0,0,0,0,0,0,0,0
169122,67,bully,1622,1,0,0,61,0,854,0,1,67,167500,1622,0,62,0,0,0,LEADER,1,0,0,61,0,0,0,0,0,0,0,0,0,0,0
169883,83,bully,2383,1,0,0,61,0,854,0,1,83,167500,2383,0,62,0,0,0,LEADER,1,0,0,61,0,0,0,0,0,0,0,0,0,0,0
170028,99,bully,1607,1,0,0,62,0,868,0,1,99,168421,1607,0,63,0,0,0,LEADER,1,0,0,62,0,0,0,0,0,0,0,0,0,0,0
169204,55,bully,1704,1,0,0,61,0,854,0,1,55,167500,1704,0,62,0,0,0,LEADER,1,0,0,61,0,0,0,0,0,0,0,0,0,0,0
169995,89,bully,1574,1,0,0,62,0,868,0,1,89,168421,1574,0,63,0,0,0,LEADER,1,0,0,62,0,0,0,0,0,0,0,0,0,0,0
169156,77,bully,1656,1,0,0,61,0,854,0,1,77,167500,1656,0,62,0,0,0,LEADER,1,0,0,61,0,0,0,0,0,0,0,0,0,0,0
169428,71,bully,1928,1,0,0,61,0,854,0,1,71,167500,1928,0,62,0,0,0,LEADER,1,0,0,61,0,0,0,0,0,0,0,0,0,0,0
169340,52,bully,1840,1,0,0,61,0,854,0,1,52,167500,1840,0,62,0,0,0,LEADER,1,0,0,61,0,0,0,0,0,0,0,0,0,0,0
169707,76,bully,2213,1,0,0,61,0,854,0,1,76,167494,2213,0,62,0,0,0,LEADER,1,0,0,61,0,0,0,0,0,0,0,0,0,0,0
169307,10,bully,1807,1,0,0,61,0,854,0,1,10,167500,1807,0,62,0,0,0,LEADER,1,0,0,61,0,0,0,0,0,0,0,0,0,0,0
169240,22,bully,1740,1,0,0,61,0,854,0,1,22,167500,1740,0,62,0,0,0,LEADER,1,0,0,61,0,0,0,0,0,0,0,0,0,0,0
169387,21,bully,1889,1,0,0,61,0,854,0,1,21,167498,1889,0,62,0,0,0,LEADER,1,0,0,61,0,0,0,0,0,0,0,0,0,0,0
169646,56,bully,2146,1,0,0,61,0,854,0,1,56,167500,2146,0,62,0,0,0,LEADER,1,0,0,61,0,0,0,0,0,0,0,0,0,0,0
169171,60,bully,1671,1,0,0,61,0,854,0,1,60,167500,1671,0,62,0,0,0,LEADER,1,0,0,61,0,0,0,0,0,0,0,0,0,0,0
170025,25,bully,1604,1,0,0,62,0,868,0,1,25,168421,1604,0,63,0,0,0,LEADER,1,0,0,62,0,0,0,0,0,0,0,0,0,0,0
169237,65,bully,1737,1,0,0,61,0,854,0,1,65,167500,1737,0,62,0,0,0,LEADER,1,0,0,61,0,0,0,0,0,0,0,0,0,0,0
169913,19,bully,2413,1,0,0,61,0,854,0,1,19,167500,2413,0,62,0,0,0,LEADER,1,0,0,61,0,0,0,0,0,0,0,0,0,0,0
169543,69,bully,2043,1,0,0,61,0,854,0,1,69,167500,2043,0,62,0,0,0,LEADER,1,0,0,61,0,0,0,0,0,0,0,0,0,0,0
170146,54,bully,1725,1,0,0,62,0,868,0,1,54,168421,1725,0,63,0,0,0,LEADER,1,0,0,62,0,0,0,0,0,0,0,0,0,0,0
169492,17,bully,1992,1,0,0,61,0,854,0,1,17,167500,1992,0,62,0,0,0,LEADER,1,0,0,61,0,0,0,0,0,0,0,0,0,0,0
170007,100,bully,1586,1,0,0,62,0,868,0,1,100,168421,1586,0,63,0,0,0,LEADER,1,0,0,62,0,0,0,0,0,0,0,0,0,0,0
169970,16,bully,1549,1,0,0,62,0,868,0,1,16,168421,1549,0,63,0,0,0,LEADER,1,0,0,62,0,0,0,0,0,0,0,0,0,0,0
169558,37,bully,2058,1,0,0,61,0,854,0,1,37,167500,2058,0,62,0,0,0,LEADER,1,0,0,61,0,0,0,0,0,0,0,0,0,0,0
170195,13,bully,1774,1,0,0,62,0,868,0,1,13,168421,1774,0,63,0,0,0,LEADER,1,0,0,62,0,0,0,0,0,0,0,0,0,0,0
169355,20,bully,1855,1,0,0,61,0,854,0,1,20,167500,1855,0,62,0,0,0,LEADER,1,0,0,61,0,0,0,0,0,0,0,0,0,0,0
169988,41,bully,1567,1,0,0,62,0,868,0,1,41,168421,1567,0,63,0,0,0,LEADER,1,0,0,62,0,0,0,0,0,0,0,0,0,0,0
169977,47,bully,1556,1,0,0,62,0,868,0,1,47,168421,1556,0,63,0,0,0,LEADER,1,0,0,62,0,0,0,0,0,0,0,0,0,0,0
169802,95,bully,2301,1,0,0,61,0,854,0,1,95,167501,2301,0,62,0,0,0,LEADER,1,0,0,61,0,0,0,0,0,0,0,0,0,0,0
169665,98,bully,2165,1,0,0,61,0,854,0,1,98,167500,2165,0,62,0,0,0,LEADER,1,0,0,61,0,0,0,0,0,0,0,0,0,0,0
169849,73,bully,2349,1,0,0,61,0,854,0,1,73,167500,2349,0,62,0,0,0,LEADER,1,0,0,61,0,0,0,0,0,0,0,0,0,0,0
169395,61,bully,1895,1,0,0,61,0,854,0,1,61,167500,1895,0,62,0,0,0,LEADER,1,0,0,61,0,0,0,0,0,0,0,0,0,0,0
170143,97,bully,1722,1,0,0,62,0,868,0,1,97,168421,1722,0,63,0,0,0,LEADER,1,0,0,62,0,0,0,0,0,0,0,0,0,0,0
170173,33,bully,1752,1,0,0,62,0,868,0,1,33,168421,1752,0,63,0,0,0,LEADER,1,0,0,62,0,0,0,0,0,0,0,0,0,0,0
169831,31,bully,2331,1,0,0,61,0,854,0,1,31,167500,2331,0,62,0,0,0,LEADER,1,0,0,61,0,0,0,0,0,0,0,0,0,0,0
170343,40,bully,1922,1,0,0,62,0,868,0,1,40,168421,1922,0,63,0,0,0,LEADER,1,0,0,62,0,0,0,0,0,0,0,0,0,0,0
170333,29,bully,1910,1,0,0,62,0,868,0,1,29,168423,1910,0,63,0,0,0,LEADER,1,0,0,62,0,0,0,0,0,0,0,0,0,0,0
170160,96,bully,1744,1,0,0,62,0,868,0,1,96,168416,1744,0,63,0,0,0,LEADER,1,0,0,62,0,0,0,0,0,0,0,0,0,0,0
170246,84,bully,1825,1,0,0,62,0,868,0,1,84,168421,1825,0,63,0,0,0,LEADER,1,0,0,62,0,0,0,0,0,0,0,0,0,0,0
169940,80,bully,1519,1,0,0,62,0,868,0,1,80,168421,1519,0,63,0,0,0,LEADER,1,0,0,62,0,0,0,0,0,0,0,0,0,0,0
169783,53,bully,2283,1,0,0,61,0,854,0,1,53,167500,2283,0,62,0,0,0,LEADER,1,0,0,61,0,0,0,0,0,0,0,0,0,0,0
169859,92,bully,1438,1,0,0,62,0,868,0,1,92,168421,1438,0,63,0,0,0,LEADER,1,0,0,62,0,0,0,0,0,0,0,0,0,0,0
170033,91,bully,1619,1,0,0,62,0,868,0,1,91,168414,1619,0,63,0,0,0,LEADER,1,0,0,62,0,0,0,0,0,0,0,0,0,0,0
170295,62,bully,1874,1,0,0,62,0,868,0,1,62,168421,1874,0,63,0,0,0,LEADER,1,0,0,62,0,0,0,0,0,0,0,0,0,0,0
169992,15,bully,1571,1,0,0,62,0,868,0,1,15,168421,1571,0,63,0,0,0,LEADER,1,0,0,62,0,0,0,0,0,0,0,0,0,0,0
169661,26,bully,2161,1,0,0,61,0,854,0,1,26,167500,2161,0,62,0,0,0,LEADER,1,0,0,61,0,0,0,0,0,0,0,0,0,0,0
170398,49,bully,1977,1,0,0,62,0,868,0,1,49,168421,1977,0,63,0,0,0,LEADER,1,0,0,62,0,0,0,0,0,0,0,0,0,0,0
170213,58,bully,1792,1,0,0,62,0,868,0,1,58,168421,1792,0,63,0,0,0,LEADER,1,0,0,62,0,0,0,0,0,0,0,0,0,0,0
169746,86,bully,2246,1,0,0,61,0,854,0,1,86,167500,2246,0,62,0,0,0,LEADER,1,0,0,61,0,0,0,0,0,0,0,0,0,0,0
169919,50,bully,2419,1,0,0,61,0,854,0,1,50,167500,2419,0,62,0,0,0,LEADER,1,0,0,61,0,0,0,0,0,0,0,0,0,0,0
169769,85,bully,2268,1,0,0,61,0,854,0,1,85,167501,2268,0,62,0,0,0,LEADER,1,0,0,61,0,0,0,0,0,0,0,0,0,0,0
169708,87,bully,2212,1,0,0,61,0,854,0,1,87,167496,2212,0,62,0,0,0,LEADER,1,0,0,61,0,0,0,0,0,0,0,0,0,0,0
169916,64,bully,2416,1,0,0,61,0,854,0,1,64,167500,2416,0,62,0,0,0,LEADER,1,0,0,61,0,0,0,0,0,0,0,0,0,0,0
169765,11,bully,2264,1,0,0,61,0,854,0,1,11,167501,2264,0,62,0,0,0,LEADER,1,0,0,61,0,0,0,0,0,0,0,0,0,0,0
169855,18,bully,1434,1,0,0,62,0,868,0,1,18,168421,1434,0,63,0,0,0,LEADER,1,0,0,62,0,0,0,0,0,0,0,0,0,0,0
169974,90,bully,1553,1,0,0,62,0,868,0,1,90,168421,1553,0,63,0,0,0,LEADER,1,0,0,62,0,0,0,0,0,0,0,0,0,0,0
169868,35,bully,1447,1,0,0,62,0,868,0,1,35,168421,1447,0,63,0,0,0,LEADER,1,0,0,62,0,0,0,0,0,0,0,0,0,0,0
169749,43,bully,2249,1,0,0,61,0,854,0,1,43,167500,2249,0,62,0,0,0,LEADER,1,0,0,61,0,0,0,0,0,0,0,0,0,0,0
169718,3,bully,1903,1,0,0,10,23,140,322,4,2,167815,1903,0,7,0,0,0,NORMAL,0,0,0,10,0,0,0,23,0,0,0,0,0,0,0
169888,28,bully,1467,1,0,0,62,0,868,0,1,28,168421,1467,0,63,0,0,0,LEADER,1,0,0,62,0,0,0,0,0,0,0,0,0,0,0
169726,44,bully,2228,1,0,0,61,0,854,0,1,44,167498,2228,0,62,0,0,0,LEADER,1,0,0,61,0,0,0,0,0,0,0,0,0,0,0
170562,23,bully,2141,1,0,0,62,0,868,0,1,23,168421,2141,0,63,0,0,0,LEADER,1,0,0,62,0,0,0,0,0,0,0,0,0,0,0
169882,30,bully,1461,1,0,0,62,0,868,0,1,30,168421,1461,0,63,0,0,0,LEADER,1,0,0,62,0,0,0,0,0,0,0,0,0,0,0
170280,94,bully,1859,1,0,0,62,0,868,0,1,94,168421,1859,0,63,0,0,0,LEADER,1,0,0,62,0,0,0,0,0,0,0,0,0,0,0
169922,38,bully,1501,1,0,0,62,0,868,0,1,38,168421,1501,0,63,0,0,0,LEADER,1,0,0,62,0,0,0,0,0,0,0,0,0,0,0
170601,66,bully,2180,1,0,0,62,0,868,0,1,66,168421,2180,0,63,0,0,0,LEADER,1,0,0,62,0,0,0,0,0,0,0,0,0,0,0
169907,70,bully,1486,1,0,0,62,0,868,0,1,70,168421,1486,0,63,0,0,0,LEADER,1,0,0,62,0,0,0,0,0,0,0,0,0,0,0
170552,88,bully,2131,1,0,0,62,0,868,0,1,88,168421,2131,0,63,0,0,0,LEADER,1,0,0,62,0,0,0,0,0,0,0,0,0,0,0
169735,75,bully,2235,1,0,0,61,0,854,0,1,75,167500,2235,0,62,0,0,0,LEADER,1,0,0,61,0,0,0,0,0,0,0,0,0,0,0
169745,12,bully,2243,1,0,0,61,0,854,0,1,12,167502,2243,0,62,0,0,0,LEADER,1,0,0,61,0,0,0,0,0,0,0,0,0,0,0
170446,27,bully,2025,1,0,0,62,0,868,0,1,27,168421,2025,0,63,0,0,0,LEADER,1,0,0,62,0,0,0,0,0,0,0,0,0,0,0
169935,42,bully,1514,1,0,0,62,0,868,0,1,42,168421,1514,0,63,0,0,0,LEADER,1,0,0,62,0,0,0,0,0,0,0,0,0,0,0
170582,24,bully,2161,1,0,0,62,0,868,0,1,24,168421,2161,0,63,0,0,0,LEADER,1,0,0,62,0,0,0,0,0,0,0,0,0,0,0
170534,46,bully,2113,1,0,0,62,0,868,0,1,46,168421,2113,0,63,0,0,0,LEADER,1,0,0,62,0,0,0,0,0,0,0,0,0,0,0
170431,59,bully,2010,1,0,0,62,0,868,0,1,59,168421,2010,0,63,0,0,0,LEADER,1,0,0,62,0,0,0,0,0,0,0,0,0,0,0
170059,34,bully,1637,1,0,0,62,0,868,0,1,34,168422,1637,0,63,0,0,0,LEADER,1,0,0,62,0,0,0,0,0,0,0,0,0,0,0
170713,32,bully,2292,1,0,0,62,0,868,0,1,32,168421,2292,0,63,0,0,0,LEADER,1,0,0,62,0,0,0,0,0,0,0,0,0,0,0
170328,72,bully,1907,1,0,0,62,0,868,0,1,72,168421,1907,0,63,0,0,0,LEADER,1,0,0,62,0,0,0,0,0,0,0,0,0,0,0
170740,63,bully,2316,1,0,0,62,0,868,0,1,63,168424,2316,0,63,0,0,0,LEADER,1,0,0,62,0,0,0,0,0,0,0,0,0,0,0
170213,74,bully,1792,1,0,0,62,0,868,0,1,74,168421,1792,0,63,0,0,0,LEADER,1,0,0,62,0,0,0,0,0,0,0,0,0,0,0
169955,48,bully,1534,1,0,0,62,0,868,0,1,48,168421,1534,0,63,0,0,0,LEADER,1,0,0,62,0,0,0,0,0,0,0,0,0,0,0
170418,57,bully,1995,1,0,0,62,0,868,0,1,57,168423,1995,0,63,0,0,0,LEADER,1,0,0,62,0,0,0,0,0,0,0,0,0,0,0
170486,68,bully,2065,1,0,0,62,0,868,0,1,68,168421,2065,0,63,0,0,0,LEADER,1,0,0,62,0,0,0,0,0,0,0,0,0,0,0
169887,45,bully,1466,1,0,0,62,0,868,0,1,45,168421,1466,0,63,0,0,0,LEADER,1,0,0,62,0,0,0,0,0,0,0,0,0,0,0
170244,93,bully,1823,1,0,0,62,0,868,0,1,93,168421,1823,0,63,0,0,0,LEADER,1,0,0,62,0,0,0,0,0,0,0,0,0,0,0
170825,82,bully,2404,1,0,0,62,0,868,0,1,82,168421,2404,0,63,0,0,0,LEADER,1,0,0,62,0,0,0,0,0,0,0,0,0,0,0
170819,51,bully,2398,1,0,0,62,0,868,0,1,51,168421,2398,0,63,0,0,0,LEADER,1,0,0,62,0,0,0,0,0,0,0,0,0,0,0
170364,39,bully,1943,1,0,0,62,0,868,0,1,39,168421,1943,0,63,0,0,0,LEADER,1,0,0,62,0,0,0,0,0,0,0,0,0,0,0
170110,78,bully,1689,1,0,0,62,0,868,0,1,78,168421,1689,0,63,0,0,0,LEADER,1,0,0,62,0,0,0,0,0,0,0,0,0,0,0
170498,79,bully,2077,1,0,0,62,0,868,0,1,79,168421,2077,0,63,0,0,0,LEADER,1,0,0,62,0,0,0,0,0,0,0,0,0,0,0
170073,14,bully,1652,1,0,0,62,0,868,0,1,14,168421,1652,0,63,0,0,0,LEADER,1,0,0,62,0,0,0,0,0,0,0,0,0,0,0
170500,36,bully,2080,1,0,0,62,0,868,0,1,36,168420,2080,0,63,0,0,0,LEADER,1,0,0,62,0,0,0,0,0,0,0,0,0,0,0
170383,81,bully,1962,1,0,0,62,0,868,0,1,81,168421,1962,0,63,0,0,0,LEADER,1,0,0,62,0,0,0,0,0,0,0,0,0,0,0
170043,67,bully,1622,1,0,0,62,0,868,0,1,67,168421,1622,0,63,0,0,0,LEADER,1,0,0,62,0,0,0,0,0,0,0,0,0,0,0
170804,83,bully,2383,1,0,0,62,0,868,0,1,83,168421,2383,0,63,0,0,0,LEADER,1,0,0,62,0,0,0,0,0,0,0,0,0,0,0
170948,99,bully,1607,1,0,0,62,0,868,0,1,99,169341,1607,0,63,0,0,0,LEADER,1,0,0,62,0,0,0,0,0,0,0,0,0,0,0
170125,55,bully,1704,1,0,0,62,0,868,0,1,55,168421,1704,0,63,0,0,0,LEADER,1,0,0,62,0,0,0,0,0,0,0,0,0,0,0
170915,89,bully,1574,1,0,0,62,0,868,0,1,89,169341,1574,0,63,0,0,0,LEADER,1,0,0,62,0,0,0,0,0,0,0,0,0,0,0
170077,77,bully,1656,1,0,0,62,0,868,0,1,77,168421,1656,0,63,0,0,0,LEADER,1,0,0,62,0,0,0,0,0,0,0,0,0,0,0
170349,71,bully,1928,1,0,0,62,0,868,0,1,71,168421,1928,0,63,0,0,0,LEADER,1,0,0,62,0,0,0,0,0,0,0,0,0,0,0
170261,52,bully,1840,1,0,0,62,0,868,0,1,52,168421,1840,0,63,0,0,0,LEADER,1,0,0,62,0,0,0,0,0,0,0,0,0,0,0
170628,76,bully,2213,1,0,0,62,0,868,0,1,76,168415,2213,0,63,0,0,0,LEADER,1,0,0,62,0,0,0,0,0,0,0,0,0,0,0
170228,10,bully,1807,1,0,0,62,0,868,0,1,10,168421,1807,0,63,0,0,0,LEADER,1,0,0,62,0,0,0,0,0,0,0,0,0,0,0
170161,22,bully,1740,1,0,0,62,0,868,0,1,22,168421,1740,0,63,0,0,0,LEADER,1,0,0,62,0,0,0,0,0,0,0,0,0,0,0
170308,21,bully,1889,1,0,0,62,0,868,0,1,21,168419,1889,0,63,0,0,0,LEADER,1,0,0,62,0,0,0,0,0,0,0,0,0,0,0
170567,56,bully,2146,1,0,0,62,0,868,0,1,56,168421,2146,0,63,0,0,0,LEADER,1,0,0,62,0,0,0,0,0,0,0,0,0,0,0
170092,60,bully,1671,1,0,0,62,0,868,0,1,60,168421,1671,0,63,0,0,0,LEADER,1,0,0,62,0,0,0,0,0,0,0,0,0,0,0
170945,25,bully,1604,1,0,0,62,0,868,0,1,25,169341,1604,0,63,0,0,0,LEADER,1,0,0,62,0,0,0,0,0,0,0,0,0,0,0
170158,65,bully,1737,1,0,0,62,0,868,0,1,65,168421,1737,0,63,0,0,0,LEADER,1,0,0,62,0,0,0,0,0,0,0,0,0,0,0
170834,19,bully,2413,1,0,0,62,0,868,0,1,19,168421,2413,0,63,0,0,0,LEADER,1,0,0,62,0,0,0,0,0,0,0,0,0,0,0
170464,69,bully,2043,1,0,0,62,0,868,0,1,69,168421,2043,0,63,0,0,0,LEADER,1,0,0,62,0,0,0,0,0,0,0,0,0,0,0
171066,54,bully,1725,1,0,0,62,0,868,0,1,54,169341,1725,0,63,0,0,0,LEADER,1,0,0,62,0,0,0,0,0,0,0,0,0,0,0
170413,17,bully,1992,1,0,0,62,0,868,0,1,17,168421,1992,0,63,0,0,0,LEADER,1,0,0,62,0,0,0,0,0,0,0,0,0,0,0
170927,100,bully,1586,1,0,0,62,0,868,0,1,100,169341,1586,0,63,0,0,0,LEADER,1,0,0,62,0,0,0,0,0,0,0,0,0,0,0
170890,16,bully,1549,1,0,0,62,0,868,0,1,16,169341,1549,0,63,0,0,0,LEADER,1,0,0,62,0,0,0,0,0,0,0,0,0,0,0
170479,37,bully,2058,1,0,0,62,0,868,0,1,37,168421,2058,0,63,0,0,0,LEADER,1,0,0,62,0,0,0,0,0,0,0,0,0,0,0
171115,13,bully,1774,1,0,0,62,0,868,0,1,13,169341,1774,0,63,0,0,0,LEADER,1,0,0,62,0,0,0,0,0,0,0,0,0,0,0
170276,20,bully,1855,1,0,0,62,0,868,0,1,20,168421,1855,0,63,0,0,0,LEADER,1,0,0,62,0,0,0,0,0,0,0,0,0,0,0
170908,41,bully,1567,1,0,0,62,0,868,0,1,41,169341,1567,0,63,0,0,0,LEADER,1,0,0,62,0,0,0,0,0,0,0,0,0,0,0
170897,47,bully,1556,1,0,0,62,0,868,0,1,47,169341,1556,0,63,0,0,0,LEADER,1,0,0,62,0,0,0,0,0,0,0,0,0,0,0
170723,95,bully,2301,1,0,0,62,0,868,0,1,95,168422,2301,0,63,0,0,0,LEADER,1,0,0,62,0,0,0,0,0,0,0,0,0,0,0
170586,98,bully,2165,1,0,0,62,0,868,0,1,98,168421,2165,0,63,0,0,0,LEADER,1,0,0,62,0,0,0,0,0,0,0,0,0,0,0
170770,73,bully,2349,1,0,0,62,0,868,0,1,73,168421,2349,0,63,0,0,0,LEADER,1,0,0,62,0,0,0,0,0,0,0,0,0,0,0
171063,97,bully,1722,1,0,0,62,0,868,0,1,97,169341,1722,0,63,0,0,0,LEADER,1,0,0,62,0,0,0,0,0,0,0,0,0,0,0
170316,61,bully,1895,1,0,0,62,0,868,0,1,61,168421,1895,0,63,0,0,0,LEADER,1,0,0,62,0,0,0,0,0,0,0,0,0,0,0
171093,33,bully,1752,1,0,0,62,0,868,0,1,33,169341,1752,0,63,0,0,0,LEADER,1,0,0,62,0,0,0,0,0,0,0,0,0,0,0
171263,40,bully,1922,1,0,0,62,0,868,0,1,40,169341,1922,0,63,0,0,0,LEADER,1,0,0,62,0,0,0,0,0,0,0,0,0,0,0
170752,31,bully,2331,1,0,0,62,0,868,0,1,31,168421,2331,0,63,0,0,0,LEADER,1,0,0,62,0,0,0,0,0,0,0,0,0,0,0
171253,29,bully,1910,1,0,0,62,0,868,0,1,29,169343,1910,0,63,0,0,0,LEADER,1,0,0,62,0,0,0,0,0,0,0,0,0,0,0
171080,96,bully,1744,1,0,0,62,0,868,0,1,96,169336,1744,0,63,0,0,0,LEADER,1,0,0,62,0,0,0,0,0,0,0,0,0,0,0
171166,84,bully,1825,1,0,0,62,0,868,0,1,84,169341,1825,0,63,0,0,0,LEADER,1,0,0,62,0,0,0,0,0,0,0,0,0,0,0
170860,80,bully,1519,1,0,0,62,0,868,0,1,80,169341,1519,0,63,0,0,0,LEADER,1,0,0,62,0,0,0,0,0,0,0,0,0,0,0
170704,53,bully,2283,1,0,0,62,0,868,0,1,53,168421,2283,0,63,0,0,0,LEADER,1,0,0,62,0,0,0,0,0,0,0,0,0,0,0
170779,92,bully,1438,1,0,0,62,0,868,0,1,92,169341,1438,0,63,0,0,0,LEADER,1,0,0,62,0,0,0,0,0,0,0,0,0,0,0
170953,91,bully,1619,1,0,0,62,0,868,0,1,91,169334,1619,0,63,0,0,0,LEADER,1,0,0,62,0,0,0,0,0,0,0,0,0,0,0
171215,62,bully,1874,1,0,0,62,0,868,0,1,62,169341,1874,0,63,0,0,0,LEADER,1,0,0,62,0,0,0,0,0,0,0,0,0,0,0
170912,15,bully,1571,1,0,0,62,0,868,0,1,15,169341,1571,0,63,0,0,0,LEADER,1,0,0,62,0,0,0,0,0,0,0,0,0,0,0
170582,26,bully,2161,1,0,0,62,0,868,0,1,26,168421,2161,0,63,0,0,0,LEADER,1,0,0,62,0,0,0,0,0,0,0,0,0,0,0
171318,49,bully,1977,1,0,0,62,0,868,0,1,49,169341,1977,0,63,0,0,0,LEADER,1,0,0,62,0,0,0,0,0,0,0,0,0,0,0
171133,58,bully,1792,1,0,0,62,0,868,0,1,58,169341,1792,0,63,0,0,0,LEADER,1,0,0,62,0,0,0,0,0,0,0,0,0,0,0
170667,86,bully,2246,1,0,0,62,0,868,0,1,86,168421,2246,0,63,0,0,0,LEADER,1,0,0,62,0,0,0,0,0,0,0,0,0,0,0
170840,50,bully,2419,1,0,0,62,0,868,0,1,50,168421,2419,0,63,0,0,0,LEADER,1,0,0,62,0,0,0,0,0,0,0,0,0,0,0
170690,85,bully,2268,1,0,0,62,0,868,0,1,85,168422,2268,0,63,0,0,0,LEADER,1,0,0,62,0,0,0,0,0,0,0,0,0,0,0
170629,87,bully,2212,1,0,0,62,0,868,0,1,87,168417,2212,0,63,0,0,0,LEADER,1,0,0,62,0,0,0,0,0,0,0,0,0,0,0
170837,64,bully,2416,1,0,0,62,0,868,0,1,64,168421,2416,0,63,0,0,0,LEADER,1,0,0,62,0,0,0,0,0,0,0,0,0,0,0
170775,18,bully,1434,1,0,0,62,0,868,0,1,18,169341,1434,0,63,0,0,0,LEADER,1,0,0,62,0,0,0,0,0,0,0,0,0,0,0
170686,11,bully,2264,1,0,0,62,0,868,0,1,11,168422,2264,0,63,0,0,0,LEADER,1,0,0,62,0,0,0,0,0,0,0,0,0,0,0
170894,90,bully,1553,1,0,0,62,0,868,0,1,90,169341,1553,0,63,0,0,0,LEADER,1,0,0,62,0,0,0,0,0,0,0,0,0,0,0
170788,35,bully,1447,1,0,0,62,0,868,0,1,35,169341,1447,0,63,0,0,0,LEADER,1,0,0,62,0,0,0,0,0,0,0,0,0,0,0
170670,43,bully,2249,1,0,0,62,0,868,0,1,43,168421,2249,0,63,0,0,0,LEADER,1,0,0,62,0,0,0,0,0,0,0,0,0,0,0
170808,28,bully,1467,1,0,0,62,0,868,0,1,28,169341,1467,0,63,0,0,0,LEADER,1,0,0,62,0,0,0,0,0,0,0,0,0,0,0
170647,44,bully,2228,1,0,0,62,0,868,0,1,44,168419,2228,0,63,0,0,0,LEADER,1,0,0,62,0,0,0,0,0,0,0,0,0,0,0
171482,23,bully,2141,1,0,0,62,0,868,0,1,23,169341,2141,0,63,0,0,0,LEADER,1,0,0,62,0,0,0,0,0,0,0,0,0,0,0
170802,30,bully,1461,1,0,0,62,0,868,0,1,30,169341,1461,0,63,0,0,0,LEADER,1,0,0,62,0,0,0,0,0,0,0,0,0,0,0
171200,94,bully,1859,1,0,0,62,0,868,0,1,94,169341,1859,0,63,0,0,0,LEADER,1,0,0,62,0,0,0,0,0,0,0,0,0,0,0
170842,38,bully,1501,1,0,0,62,0,868,0,1,38,169341,1501,0,63,0,0,0,LEADER,1,0,0,62,0,0,0,0,0,0,0,0,0,0,0
171521,66,bully,2180,1,0,0,62,0,868,0,1,66,169341,2180,0,63,0,0,0,LEADER,1,0,0,62,0,0,0,0,0,0,0,0,0,0,0
170827,70,bully,1486,1,0,0,62,0,868,0,1,70,169341,1486,0,63,0,0,0,LEADER,1,0,0,62,0,0,0,0,0,0,0,0,0,0,0
171472,88,bully,2131,1,0,0,62,0,868,0,1,88,169341,2131,0,63,0,0,0,LEADER,1,0,0,62,0,0,0,0,0,0,0,0,0,0,0
170656,75,bully,2235,1,0,0,62,0,868,0,1,75,168421,2235,0,63,0,0,0,LEADER,1,0,0,62,0,0,0,0,0,0,0,0,0,0,0
170666,12,bully,2243,1,0,0,62,0,868,0,1,12,168423,2243,0,63,0,0,0,LEADER,1,0,0,62,0,0,0,0,0,0,0,0,0,0,0
171366,27,bully,2025,1,0,0,62,0,868,0,1,27,169341,2025,0,63,0,0,0,LEADER,1,0,0,62,0,0,0,0,0,0,0,0,0,0,0
170855,42,bully,1514,1,0,0,62,0,868,0,1,42,169341,1514,0,63,0,0,0,LEADER,1,0,0,62,0,0,0,0,0,0,0,0,0,0,0
171502,24,bully,2161,1,0,0,62,0,868,0,1,24,169341,2161,0,63,0,0,0,LEADER,1,0,0,62,0,0,0,0,0,0,0,0,0,0,0
171454,46,bully,2113,1,0,0,62,0,868,0,1,46,169341,2113,0,63,0,0,0,LEADER,1,0,0,62,0,0,0,0,0,0,0,0,0,0,0
171351,59,bully,2010,1,0,0,62,0,868,0,1,59,169341,2010,0,63,0,0,0,LEADER,1,0,0,62,0,0,0,0,0,0,0,0,0,0,0
170979,34,bully,1637,1,0,0,62,0,868,0,1,34,169342,1637,0,63,0,0,0,LEADER,1,0,0,62,0,0,0,0,0,0,0,0,0,0,0
171633,32,bully,2292,1,0,0,62,0,868,0,1,32,169341,2292,0,63,0,0,0,LEADER,1,0,0,62,0,0,0,0,0,0,0,0,0,0,0
171248,72,bully,1907,1,0,0,62,0,868,0,1,72,169341,1907,0,63,0,0,0,LEADER,1,0,0,62,0,0,0,0,0,0,0,0,0,0,0
171660,63,bully,2316,1,0,0,62,0,868,0,1,63,169344,2316,0,63,0,0,0,LEADER,1,0,0,62,0,0,0,0,0,0,0,0,0,0,0
171133,74,bully,1792,1,0,0,62,0,868,0,1,74,169341,1792,0,63,0,0,0,LEADER,1,0,0,62,0,0,0,0,0,0,0,0,0,0,0
170875,48,bully,1534,1,0,0,62,0,868,0,1,48,169341,1534,0,63,0,0,0,LEADER,1,0,0,62,0,0,0,0,0,0,0,0,0,0,0
171338,57,bully,1995,1,0,0,62,0,868,0,1,57,169343,1995,0,63,0,0,0,LEADER,1,0,0,62,0,0,0,0,0,0,0,0,0,0,0
171406,68,bully,2065,1,0,0,62,0,868,0,1,68,169341,2065,0,63,0,0,0,LEADER,1,0,0,62,0,0,0,0,0,0,0,0,0,0,0
170807,45,bully,1466,1,0,0,62,0,868,0,1,45,169341,1466,0,63,0,0,0,LEADER,1,0,0,62,0,0,0,0,0,0,0,0,0,0,0
171164,93,bully,1823,1,0,0,62,0,868,0,1,93,169341,1823,0,63,0,0,0,LEADER,1,0,0,62,0,0,0,0,0,0,0,0,0,0,0
171745,82,bully,2404,1,0,0,62,0,868,0,1,82,169341,2404,0,63,0,0,0,LEADER,1,0,0,62,0,0,0,0,0,0,0,0,0,0,0
171739,51,bully,2398,1,0,0,62,0,868,0,1,51,169341,2398,0,63,0,0,0,LEADER,1,0,0,62,0,0,0,0,0,0,0,0,0,0,0
171284,39,bully,1943,1,0,0,62,0,868,0,1,39,169341,1943,0,63,0,0,0,LEADER,1,0,0,62,0,0,0,0,0,0,0,0,0,0,0
171030,78,bully,1689,1,0,0,62,0,868,0,1,78,169341,1689,0,63,0,0,0,LEADER,1,0,0,62,0,0,0,0,0,0,0,0,0,0,0
171418,79,bully,2077,1,0,0,62,0,868,0,1,79,169341,2077,0,63,0,0,0,LEADER,1,0,0,62,0,0,0,0,0,0,0,0,0,0,0
170993,14,bully,1652,1,0,0,62,0,868,0,1,14,169341,1652,0,63,0,0,0,LEADER,1,0,0,62,0,0,0,0,0,0,0,0,0,0,0
171420,36,bully,2080,1,0,0,62,0,868,0,1,36,169340,2080,0,63,0,0,0,LEADER,1,0,0,62,0,0,0,0,0,0,0,0,0,0,0
171303,81,bully,1962,1,0,0,62,0,868,0,1,81,169341,1962,0,63,0,0,0,LEADER,1,0,0,62,0,0,0,0,0,0,0,0,0,0,0
170963,67,bully,1622,1,0,0,62,0,868,0,1,67,169341,1622,0,63,0,0,0,LEADER,1,0,0,62,0,0,0,0,0,0,0,0,0,0,0
171724,83,bully,2383,1,0,0,62,0,868,0,1,83,169341,2383,0,63,0,0,0,LEADER,1,0,0,62,0,0,0,0,0,0,0,0,0,0,0
171868,99,bully,1607,1,0,0,62,0,868,0,1,99,170261,1607,0,63,0,0,0,LEADER,1,0,0,62,0,0,0,0,0,0,0,0,0,0,0
171045,55,bully,1704,1,0,0,62,0,868,0,1,55,169341,1704,0,63,0,0,0,LEADER,1,0,0,62,0,0,0,0,0,0,0,0,0,0,0
171835,89,bully,1574,1,0,0,62,0,868,0,1,89,170261,1574,0,63,0,0,0,LEADER,1,0,0,62,0,0,0,0,0,0,0,0,0,0,0
170997,77,bully,1656,1,0,0,62,0,868,0,1,77,169341,1656,0,63,0,0,0,LEADER,1,0,0,62,0,0,0,0,0,0,0,0,0,0,0
171269,71,bully,1928,1,0,0,62,0,868,0,1,71,169341,1928,0,63,0,0,0,LEADER,1,0,0,62,0,0,0,0,0,0,0,0,0,0,0
171181,52,bully,1840,1,0,0,62,0,868,0,1,52,169341,1840,0,63,0,0,0,LEADER,1,0,0,62,0,0,0,0,0,0,0,0,0,0,0
171548,76,bully,2213,1,0,0,62,0,868,0,1,76,169335,2213,0,63,0,0,0,LEADER,1,0,0,62,0,0,0,0,0,0,0,0,0,0,0
171148,10,bully,1807,1,0,0,62,0,868,0,1,10,169341,1807,0,63,0,0,0,LEADER,1,0,0,62,0,0,0,0,0,0,0,0,0,0,0
171081,22,bully,1740,1,0,0,62,0,868,0,1,22,169341,1740,0,63,0,0,0,LEADER,1,0,0,62,0,0,0,0,0,0,0,0,0,0,0
171228,21,bully,1889,1,0,0,62,0,868,0,1,21,169339,1889,0,63,0,0,0,LEADER,1,0,0,62,0,0,0,0,0,0,0,0,0,0,0
171487,56,bully,2146,1,0,0,62,0,868,0,1,56,169341,2146,0,63,0,0,0,LEADER,1,0,0,62,0,0,0,0,0,0,0,0,0,0,0
171012,60,bully,1671,1,0,0,62,0,868,0,1,60,169341,1671,0,63,0,0,0,LEADER,1,0,0,62,0,0,0,0,0,0,0,0,0,0,0
171865,25,bully,1604,1,0,0,62,0,868,0,1,25,170261,1604,0,63,0,0,0,LEADER,1,0,0,62,0,0,0,0,0,0,0,0,0,0,0
171078,65,bully,1737,1,0,0,62,0,868,0,1,65,169341,1737,0,63,0,0,0,LEADER,1,0,0,62,0,0,0,0,0,0,0,0,0,0,0
171754,19,bully,2413,1,0,0,62,0,868,0,1,19,169341,2413,0,63,0,0,0,LEADER,1,0,0,62,0,0,0,0,0,0,0,0,0,0,0
171384,69,bully,2043,1,0,0,62,0,868,0,1,69,169341,2043,0,63,0,0,0,LEADER,1,0,0,62,0,0,0,0,0,0,0,0,0,0,0
171986,54,bully,1725,1,0,0,62,0,868,0,1,54,170261,1725,0,63,0,0,0,LEADER,1,0,0,62,0,0,0,0,0,0,0,0,0,0,0
171333,17,bully,1992,1,0,0,62,0,868,0,1,17,169341,1992,0,63,0,0,0,LEADER,1,0,0,62,0,0,0,0,0,0,0,0,0,0,0
171847,100,bully,1586,1,0,0,62,0,868,0,1,100,170261,1586,0,63,0,0,0,LEADER,1,0,0,62,0,0,0,0,0,0,0,0,0,0,0
171810,16,bully,1549,1,0,0,62,0,868,0,1,16,170261,1549,0,63,0,0,0,LEADER,1,0,0,62,0,0,0,0,0,0,0,0,0,0,0
171399,37,bully,2058,1,0,0,62,0,868,0,1,37,169341,2058,0,63,0,0,0,LEADER,1,0,0,62,0,0,0,0,0,0,0,0,0,0,0
172035,13,bully,1774,1,0,0,62,0,868,0,1,13,170261,1774,0,63,0,0,0,LEADER,1,0,0,62,0,0,0,0,0,0,0,0,0,0,0
171196,20,bully,1855,1,0,0,62,0,868,0,1,20,169341,1855,0,63,0,0,0,LEADER,1,0,0,62,0,0,0,0,0,0,0,0,0,0,0
171828,41,bully,1567,1,0,0,62,0,868,0,1,41,170261,1567,0,63,0,0,0,LEADER,1,0,0,62,0,0,0,0,0,0,0,0,0,0,0
171817,47,bully,1556,1,0,0,62,0,868,0,1,47,170261,1556,0,63,0,0,0,LEADER,1,0,0,62,0,0,0,0,0,0,0,0,0,0,0
171643,95,bully,2301,1,0,0,62,0,868,0,1,95,169342,2301,0,63,0,0,0,LEADER,1,0,0,62,0,0,0,0,0,0,0,0,0,0,0
171506,98,bully,2165,1,0,0,62,0,868,0,1,98,169341,2165,0,63,0,0,0,LEADER,1,0,0,62,0,0,0,0,0,0,0,0,0,0,0
171690,73,bully,2349,1,0,0,62,0,868,0,1,73,169341,2349,0,63,0,0,0,LEADER,1,0,0,62,0,0,0,0,0,0,0,0,0,0,0
171236,61,bully,1895,1,0,0,62,0,868,0,1,61,169341,1895,0,63,0,0,0,LEADER,1,0,0,62,0,0,0,0,0,0,0,0,0,0,0
172013,33,bully,1752,1,0,0,62,0,868,0,1,33,170261,1752,0,63,0,0,0,LEADER,1,0,0,62,0,0,0,0,0,0,0,0,0,0,0
171983,97,bully,1722,1,0,0,62,0,868,0,1,97,170261,1722,0,63,0,0,0,LEADER,1,0,0,62,0,0,0,0,0,0,0,0,0,0,0
172183,40,bully,1922,1,0,0,62,0,868,0,1,40,170261,1922,0,63,0,0,0,LEADER,1,0,0,62,0,0,0,0,0,0,0,0,0,0,0
171672,31,bully,2331,1,0,0,62,0,868,0,1,31,169341,2331,0,63,0,0,0,LEADER,1,0,0,62,0,0,0,0,0,0,0,0,0,0,0
172173,29,bully,1910,1,0,0,62,0,868,0,1,29,170263,1910,0,63,0,0,0,LEADER,1,0,0,62,0,0,0,0,0,0,0,0,0,0,0
172000,96,bully,1744,1,0,0,62,0,868,0,1,96,170256,1744,0,63,0,0,0,LEADER,1,0,0,62,0,0,0,0,0,0,0,0,0,0,0
172086,84,bully,1825,1,0,0,62,0,868,0,1,84,170261,1825,0,63,0,0,0,LEADER,1,0,0,62,0,0,0,0,0,0,0,0,0,0,0
171780,80,bully,1519,1,0,0,62,0,868,0,1,80,170261,1519,0,63,0,0,0,LEADER,1,0,0,62,0,0,0,0,0,0,0,0,0,0,0
171624,53,bully,2283,1,0,0,62,0,868,0,1,53,169341,2283,0,63,0,0,0,LEADER,1,0,0,62,0,0,0,0,0,0,0,0,0,0,0
171699,92,bully,1438,1,0,0,62,0,868,0,1,92,170261,1438,0,63,0,0,0,LEADER,1,0,0,62,0,0,0,0,0,0,0,0,0,0,0
171873,91,bully,1619,1,0,0,62,0,868,0,1,91,170254,1619,0,63,0,0,0,LEADER,1,0,0,62,0,0,0,0,0,0,0,0,0,0,0
172135,62,bully,1874,1,0,0,62,0,868,0,1,62,170261,1874,0,63,0,0,0,LEADER,1,0,0,62,0,0,0,0,0,0,0,0,0,0,0
171832,15,bully,1571,1,0,0,62,0,868,0,1,15,170261,1571,0,63,0,0,0,LEADER,1,0,0,62,0,0,0,0,0,0,0,0,0,0,0
171502,26,bully,2161,1,0,0,62,0,868,0,1,26,169341,2161,0,63,0,0,0,LEADER,1,0,0,62,0,0,0,0,0,0,0,0,0,0,0
172238,49,bully,1977,1,0,0,62,0,868,0,1,49,170261,1977,0,63,0,0,0,LEADER,1,0,0,62,0,0,0,0,0,0,0,0,0,0,0
172053,58,bully,1792,1,0,0,62,0,868,0,1,58,170261,1792,0,63,0,0,0,LEADER,1,0,0,62,0,0,0,0,0,0,0,0,0,0,0
171587,86,bully,2246,1,0,0,62,0,868,0,1,86,169341,2246,0,63,0,0,0,LEADER,1,0,0,62,0,0,0,0,0,0,0,0,0,0,0
171760,50,bully,2419,1,0,0,62,0,868,0,1,50,169341,2419,0,63,0,0,0,LEADER,1,0,0,62,0,0,0,0,0,0,0,0,0,0,0
171610,85,bully,2268,1,0,0,62,0,868,0,1,85,169342,2268,0,63,0,0,0,LEADER,1,0,0,62,0,0,0,0,0,0,0,0,0,0,0
171549,87,bully,2212,1,0,0,62,0,868,0,1,87,169337,2212,0,63,0,0,0,LEADER,1,0,0,62,0,0,0,0,0,0,0,0,0,0,0
171757,64,bully,2416,1,0,0,62,0,868,0,1,64,169341,2416,0,63,0,0,0,LEADER,1,0,0,62,0,0,0,0,0,0,0,0,0,0,0
171695,18,bully,1434,1,0,0,62,0,868,0,1,18,170261,1434,0,63,0,0,0,LEADER,1,0,0,62,0,0,0,0,0,0,0,0,0,0,0
171606,11,bully,2264,1,0,0,62,0,868,0,1,11,169342,2264,0,63,0,0,0,LEADER,1,0,0,62,0,0,0,0,0,0,0,0,0,0,0
171814,90,bully,1553,1,0,0,62,0,868,0,1,90,170261,1553,0,63,0,0,0,LEADER,1,0,0,62,0,0,0,0,0,0,0,0,0,0,0
171708,35,bully,1447,1,0,0,62,0,868,0,1,35,170261,1447,0,63,0,0,0,LEADER,1,0,0,62,0,0,0,0,0,0,0,0,0,0,0
171590,43,bully,2249,1,0,0,62,0,868,0,1,43,169341,2249,0,63,0,0,0,LEADER,1,0,0,62,0,0,0,0,0,0,0,0,0,0,0
171728,28,bully,1467,1,0,0,62,0,868,0,1,28,170261,1467,0,63,0,0,0,LEADER,1,0,0,62,0,0,0,0,0,0,0,0,0,0,0
171567,44,bully,2228,1,0,0,62,0,868,0,1,44,169339,2228,0,63,0,0,0,LEADER,1,0,0,62,0,0,0,0,0,0,0,0,0,0,0
172402,23,bully,2141,1,0,0,62,0,868,0,1,23,170261,2141,0,63,0,0,0,LEADER,1,0,0,62,0,0,0,0,0,0,0,0,0,0,0
171722,30,bully,1461,1,0,0,62,0,868,0,1,30,170261,1461,0,63,0,0,0,LEADER,1,0,0,62,0,0,0,0,0,0,0,0,0,0,0
172120,94,bully,1859,1,0,0,62,0,868,0,1,94,170261,1859,0,63,0,0,0,LEADER,1,0,0,62,0,0,0,0,0,0,0,0,0,0,0
171762,38,bully,1501,1,0,0,62,0,868,0,1,38,170261,1501,0,63,0,0,0,LEADER,1,0,0,62,0,0,0,0,0,0,0,0,0,0,0
172441,66,bully,2180,1,0,0,62,0,868,0,1,66,170261,2180,0,63,0,0,0,LEADER,1,0,0,62,0,0,0,0,0,0,0,0,0,0,0
171747,70,bully,1486,1,0,0,62,0,868,0,1,70,170261,1486,0,63,0,0,0,LEADER,1,0,0,62,0,0,0,0,0,0,0,0,0,0,0
172392,88,bully,2131,1,0,0,62,0,868,0,1,88,170261,2131,0,63,0,0,0,LEADER,1,0,0,62,0,0,0,0,0,0,0,0,0,0,0
171576,75,bully,2235,1,0,0,62,0,868,0,1,75,169341,2235,0,63,0,0,0,LEADER,1,0,0,62,0,0,0,0,0,0,0,0,0,0,0
171586,12,bully,2243,1,0,0,62,0,868,0,1,12,169343,2243,0,63,0,0,0,LEADER,1,0,0,62,0,0,0,0,0,0,0,0,0,0,0
172286,27,bully,2025,1,0,0,62,0,868,0,1,27,170261,2025,0,63,0,0,0,LEADER,1,0,0,62,0,0,0,0,0,0,0,0,0,0,0
171775,42,bully,1514,1,0,0,62,0,868,0,1,42,170261,1514,0,63,0,0,0,LEADER,1,0,0,62,0,0,0,0,0,0,0,0,0,0,0
172422,24,bully,2161,1,0,0,62,0,868,0,1,24,170261,2161,0,63,0,0,0,LEADER,1,0,0,62,0,0,0,0,0,0,0,0,0,0,0
172374,46,bully,2113,1,0,0,62,0,868,0,1,46,170261,2113,0,63,0,0,0,LEADER,1,0,0,62,0,0,0,0,0,0,0,0,0,0,0
172271,59,bully,2010,1,0,0,62,0,868,0,1,59,170261,2010,0,63,0,0,0,LEADER,1,0,0,62,0,0,0,0,0,0,0,0,0,0,0
172553,32,bully,2292,1,0,0,62,0,868,0,1,32,170261,2292,0,63,0,0,0,LEADER,1,0,0,62,0,0,0,0,0,0,0,0,0,0,0
171899,34,bully,1637,1,0,0,62,0,868,0,1,34,170262,1637,0,63,0,0,0,LEADER,1,0,0,62,0,0,0,0,0,0,0,0,0,0,0
172168,72,bully,1907,1,0,0,62,0,868,0,1,72,170261,1907,0,63,0,0,0,LEADER,1,0,0,62,0,0,0,0,0,0,0,0,0,0,0
172580,63,bully,2316,1,0,0,62,0,868,0,1,63,170264,2316,0,63,0,0,0,LEADER,1,0,0,62,0,0,0,0,0,0,0,0,0,0,0
172053,74,bully,1792,1,0,0,62,0,868,0,1,74,170261,1792,0,63,0,0,0,LEADER,1,0,0,62,0,0,0,0,0,0,0,0,0,0,0
171795,48,bully,1534,1,0,0,62,0,868,0,1,48,170261,1534,0,63,0,0,0,LEADER,1,0,0,62,0,0,0,0,0,0,0,0,0,0,0
172258,57,bully,1995,1,0,0,62,0,868,0,1,57,170263,1995,0,63,0,0,0,LEADER,1,0,0,62,0,0,0,0,0,0,0,0,0,0,0
172326,68,bully,2065,1,0,0,62,0,868,0,1,68,170261,2065,0,63,0,0,0,LEADER,1,0,0,62,0,0,0,0,0,0,0,0,0,0,0
171727,45,bully,1466,1,0,0,62,0,868,0,1,45,170261,1466,0,63,0,0,0,LEADER,1,0,0,62,0,0,0,0,0,0,0,0,0,0,0
172084,93,bully,1823,1,0,0,62,0,868,0,1,93,170261,1823,0,63,0,0,0,LEADER,1,0,0,62,0,0,0,0,0,0,0,0,0,0,0
172665,82,bully,2404,1,0,0,62,0,868,0,1,82,170261,2404,0,63,0,0,0,LEADER,1,0,0,62,0,0,0,0,0,0,0,0,0,0,0
172659,51,bully,2398,1,0,0,62,0,868,0,1,51,170261,2398,0,63,0,0,0,LEADER,1,0,0,62,0,0,0,0,0,0,0,0,0,0,0
172204,39,bully,1943,1,0,0,62,0,868,0,1,39,170261,1943,0,63,0,0,0,LEADER,1,0,0,62,0,0,0,0,0,0,0,0,0,0,0
171950,78,bully,1689,1,0,0,62,0,868,0,1,78,170261,1689,0,63,0,0,0,LEADER,1,0,0,62,0,0,0,0,0,0,0,0,0,0,0
172338,79,bully,2077,1,0,0,62,0,868,0,1,79,170261,2077,0,63,0,0,0,LEADER,1,0,0,62,0,0,0,0,0,0,0,0,0,0,0
171913,14,bully,1652,1,0,0,62,0,868,0,1,14,170261,1652,0,63,0,0,0,LEADER,1,0,0,62,0,0,0,0,0,0,0,0,0,0,0
172340,36,bully,2080,1,0,0,62,0,868,0,1,36,170260,2080,0,63,0,0,0,LEADER,1,0,0,62,0,0,0,0,0,0,0,0,0,0,0
172223,81,bully,1962,1,0,0,62,0,868,0,1,81,170261,1962,0,63,0,0,0,LEADER,1,0,0,62,0,0,0,0,0,0,0,0,0,0,0
171883,67,bully,1622,1,0,0,62,0,868,0,1,67,170261,1622,0,63,0,0,0,LEADER,1,0,0,62,0,0,0,0,0,0,0,0,0,0,0
172644,83,bully,2383,1,0,0,62,0,868,0,1,83,170261,2383,0,63,0,0,0,LEADER,1,0,0,62,0,0,0,0,0,0,0,0,0,0,0
172789,99,bully,1607,1,0,0,63,0,882,0,1,99,171182,1607,0,64,0,0,0,LEADER,1,0,0,63,0,0,0,0,0,0,0,0,0,0,0
171965,55,bully,1704,1,0,0,62,0,868,0,1,55,170261,1704,0,63,0,0,0,LEADER,1,0,0,62,0,0,0,0,0,0,0,0,0,0,0
172756,89,bully,1574,1,0,0,63,0,882,0,1,89,171182,1574,0,64,0,0,0,LEADER,1,0,0,63,0,0,0,0,0,0,0,0,0,0,0
171917,77,bully,1656,1,0,0,62,0,868,0,1,77,170261,1656,0,63,0,0,0,LEADER,1,0,0,62,0,0,0,0,0,0,0,0,0,0,0
172189,71,bully,1928,1,0,0,62,0,868,0,1,71,170261,1928,0,63,0,0,0,LEADER,1,0,0,62,0,0,0,0,0,0,0,0,0,0,0
172101,52,bully,1840,1,0,0,62,0,868,0,1,52,170261,1840,0,63,0,0,0,LEADER,1,0,0,62,0,0,0,0,0,0,0,0,0,0,0
172468,76,bully,2213,1,0,0,62,0,868,0,1,76,170255,2213,0,63,0,0,0,LEADER,1,0,0,62,0,0,0,0,0,0,0,0,0,0,0
172068,10,bully,1807,1,0,0,62,0,868,0,1,10,170261,1807,0,63,0,0,0,LEADER,1,0,0,62,0,0,0,0,0,0,0,0,0,0,0
172001,22,bully,1740,1,0,0,62,0,868,0,1,22,170261,1740,0,63,0,0,0,LEADER,1,0,0,62,0,0,0,0,0,0,0,0,0,0,0
172148,21,bully,1889,1,0,0,62,0,868,0,1,21,170259,1889,0,63,0,0,0,LEADER,1,0,0,62,0,0,0,0,0,0,0,0,0,0,0
172407,56,bully,2146,1,0,0,62,0,868,0,1,56,170261,2146,0,63,0,0,0,LEADER,1,0,0,62,0,0,0,0,0,0,0,0,0,0,0
171932,60,bully,1671,1,0,0,62,0,868,0,1,60,170261,1671,0,63,0,0,0,LEADER,1,0,0,62,0,0,0,0,0,0,0,0,0,0,0
172786,25,bully,1604,1,0,0,63,0,882,0,1,25,171182,1604,0,64,0,0,0,LEADER,1,0,0,63,0,0,0,0,0,0,0,0,0,0,0
171998,65,bully,1737,1,0,0,62,0,868,0,1,65,170261,1737,0,63,0,0,0,LEADER,1,0,0,62,0,0,0,0,0,0,0,0,0,0,0
172674,19,bully,2413,1,0,0,62,0,868,0,1,19,170261,2413,0,63,0,0,0,LEADER,1,0,0,62,0,0,0,0,0,0,0,0,0,0,0
172304,69,bully,2043,1,0,0,62,0,868,0,1,69,170261,2043,0,63,0,0,0,LEADER,1,0,0,62,0,0,0,0,0,0,0,0,0,0,0
172907,54,bully,1725,1,0,0,63,0,882,0,1,54,171182,1725,0,64,0,0,0,LEADER,1,0,0,63,0,0,0,0,0,0,0,0,0,0,0
172253,17,bully,1992,1,0,0,62,0,868,0,1,17,170261,1992,0,63,0,0,0,LEADER,1,0,0,62,0,0,0,0,0,0,0,0,0,0,0
172768,100,bully,1586,1,0,0,63,0,882,0,1,100,171182,1586,0,64,0,0,0,LEADER,1,0,0,63,0,0,0,0,0,0,0,0,0,0,0
172731,16,bully,1549,1,0,0,63,0,882,0,1,16,171182,1549,0,64,0,0,0,LEADER,1,0,0,63,0,0,0,0,0,0,0,0,0,0,0
172319,37,bully,2058,1,0,0,62,0,868,0,1,37,170261,2058,0,63,0,0,0,LEADER,1,0,0,62,0,0,0,0,0,0,0,0,0,0,0
172956,13,bully,1774,1,0,0,63,0,882,0,1,13,171182,1774,0,64,0,0,0,LEADER,1,0,0,63,0,0,0,0,0,0,0,0,0,0,0
172116,20,bully,1855,1,0,0,62,0,868,0,1,20,170261,1855,0,63,0,0,0,LEADER,1,0,0,62,0,0,0,0,0,0,0,0,0,0,0
172749,41,bully,1567,1,0,0,63,0,882,0,1,41,171182,1567,0,64,0,0,0,LEADER,1,0,0,63,0,0,0,0,0,0,0,0,0,0,0
172738,47,bully,1556,1,0,0,63,0,882,0,1,47,171182,1556,0,64,0,0,0,LEADER,1,0,0,63,0,0,0,0,0,0,0,0,0,0,0
172563,95,bully,2301,1,0,0,62,0,868,0,1,95,170262,2301,0,63,0,0,0,LEADER,1,0,0,62,0,0,0,0,0,0,0,0,0,0,0
172426,98,bully,2165,1,0,0,62,0,868,0,1,98,170261,2165,0,63,0,0,0,LEADER,1,0,0,62,0,0,0,0,0,0,0,0,0,0,0
172610,73,bully,2349,1,0,0,62,0,868,0,1,73,170261,2349,0,63,0,0,0,LEADER,1,0,0,62,0,0,0,0,0,0,0,0,0,0,0
172156,61,bully,1895,1,0,0,62,0,868,0,1,61,170261,1895,0,63,0,0,0,LEADER,1,0,0,62,0,0,0,0,0,0,0,0,0,0,0
172904,97,bully,1722,1,0,0,63,0,882,0,1,97,171182,1722,0,64,0,0,0,LEADER,1,0,0,63,0,0,0,0,0,0,0,0,0,0,0
172934,33,bully,1752,1,0,0,63,0,882,0,1,33,171182,1752,0,64,0,0,0,LEADER,1,0,0,63,0,0,0,0,0,0,0,0,0,0,0
172592,31,bully,2331,1,0,0,62,0,868,0,1,31,170261,2331,0,63,0,0,0,LEADER,1,0,0,62,0,0,0,0,0,0,0,0,0,0,0
173104,40,bully,1922,1,0,0,63,0,882,0,1,40,171182,1922,0,64,0,0,0,LEADER,1,0,0,63,0,0,0,0,0,0,0,0,0,0,0
173094,29,bully,1910,1,0,0,63,0,882,0,1,29,171184,1910,0,64,0,0,0,LEADER,1,0,0,63,0,0,0,0,0,0,0,0,0,0,0
172920,96,bully,1744,1,0,0,63,0,882,0,1,96,171176,1744,0,64,0,0,0,LEADER,1,0,0,63,0,0,0,0,0,0,0,0,0,0,0
173007,84,bully,1825,1,0,0,63,0,882,0,1,84,171182,1825,0,64,0,0,0,LEADER,1,0,0,63,0,0,0,0,0,0,0,0,0,0,0
172701,80,bully,1519,1,0,0,63,0,882,0,1,80,171182,1519,0,64,0,0,0,LEADER,1,0,0,63,0,0,0,0,0,0,0,0,0,0,0
172544,53,bully,2283,1,0,0,62,0,868,0,1,53,170261,2283,0,63,0,0,0,LEADER,1,0,0,62,0,0,0,0,0,0,0,0,0,0,0
172620,92,bully,1438,1,0,0,63,0,882,0,1,92,171182,1438,0,64,0,0,0,LEADER,1,0,0,63,0,0,0,0,0,0,0,0,0,0,0
172794,91,bully,1619,1,0,0,63,0,882,0,1,91,171175,1619,0,64,0,0,0,LEADER,1,0,0,63,0,0,0,0,0,0,0,0,0,0,0
173056,62,bully,1874,1,0,0,63,0,882,0,1,62,171182,1874,0,64,0,0,0,LEADER,1,0,0,63,0,0,0,0,0,0,0,0,0,0,0
172753,15,bully,1571,1,0,0,63,0,882,0,1,15,171182,1571,0,64,0,0,0,LEADER,1,0,0,63,0,0,0,0,0,0,0,0,0,0,0
172422,26,bully,2161,1,0,0,62,0,868,0,1,26,170261,2161,0,63,0,0,0,LEADER,1,0,0,62,0,0,0,0,0,0,0,0,0,0,0
173159,49,bully,1977,1,0,0,63,0,882,0,1,49,171182,1977,0,64,0,0,0,LEADER,1,0,0,63,0,0,0,0,0,0,0,0,0,0,0
172974,58,bully,1792,1,0,0,63,0,882,0,1,58,171182,1792,0,64,0,0,0,LEADER,1,0,0,63,0,0,0,0,0,0,0,0,0,0,0
172507,86,bully,2246,1,0,0,62,0,868,0,1,86,170261,2246,0,63,0,0,0,LEADER,1,0,0,62,0,0,0,0,0,0,0,0,0,0,0
172680,50,bully,2419,1,0,0,62,0,868,0,1,50,170261,2419,0,63,0,0,0,LEADER,1,0,0,62,0,0,0,0,0,0,0,0,0,0,0
172530,85,bully,2268,1,0,0,62,0,868,0,1,85,170262,2268,0,63,0,0,0,LEADER,1,0,0,62,0,0,0,0,0,0,0,0,0,0,0
172469,87,bully,2212,1,0,0,62,0,868,0,1,87,170257,2212,0,63,0,0,0,LEADER,1,0,0,62,0,0,0,0,0,0,0,0,0,0,0
172677,64,bully,2416,1,0,0,62,0,868,0,1,64,170261,2416,0,63,0,0,0,LEADER,1,0,0,62,0,0,0,0,0,0,0,0,0,0,0
172526,11,bully,2264,1,0,0,62,0,868,0,1,11,170262,2264,0,63,0,0,0,LEADER,1,0,0,62,0,0,0,0,0,0,0,0,0,0,0
172616,18,bully,1434,1,0,0,63,0,882,0,1,18,171182,1434,0,64,0,0,0,LEADER,1,0,0,63,0,0,0,0,0,0,0,0,0,0,0
172735,90,bully,1553,1,0,0,63,0,882,0,1,90,171182,1553,0,64,0,0,0,LEADER,1,0,0,63,0,0,0,0,0,0,0,0,0,0,0
172629,35,bully,1447,1,0,0,63,0,882,0,1,35,171182,1447,0,64,0,0,0,LEADER,1,0,0,63,0,0,0,0,0,0,0,0,0,0,0
172510,43,bully,2249,1,0,0,62,0,868,0,1,43,170261,2249,0,63,0,0,0,LEADER,1,0,0,62,0,0,0,0,0,0,0,0,0,0,0
172649,28,bully,1467,1,0,0,63,0,882,0,1,28,171182,1467,0,64,0,0,0,LEADER,1,0,0,63,0,0,0,0,0,0,0,0,0,0,0
172487,44,bully,2228,1,0,0,62,0,868,0,1,44,170259,2228,0,63,0,0,0,LEADER,1,0,0,62,0,0,0,0,0,0,0,0,0,0,0
173323,23,bully,2141,1,0,0,63,0,882,0,1,23,171182,2141,0,64,0,0,0,LEADER,1,0,0,63,0,0,0,0,0,0,0,0,0,0,0
172643,30,bully,1461,1,0,0,63,0,882,0,1,30,171182,1461,0,64,0,0,0,LEADER,1,0,0,63,0,0,0,0,0,0,0,0,0,0,0
173041,94,bully,1859,1,0,0,63,0,882,0,1,94,171182,1859,0,64,0,0,0,LEADER,1,0,0,63,0,0,0,0,0,0,0,0,0,0,0
172683,38,bully,1501,1,0,0,63,0,882,0,1,38,171182,1501,0,64,0,0,0,LEADER,1,0,0,63,0,0,0,0,0,0,0,0,0,0,0
173362,66,bully,2180,1,0,0,63,0,882,0,1,66,171182,2180,0,64,0,0,0,LEADER,1,0,0,63,0,0,0,0,0,0,0,0,0,0,0
172668,70,bully,1486,1,0,0,63,0,882,0,1,70,171182,1486,0,64,0,0,0,LEADER,1,0,0,63,0,0,0,0,0,0,0,0,0,0,0
173313,88,bully,2131,1,0,0,63,0,882,0,1,88,171182,2131,0,64,0,0,0,LEADER,1,0,0,63,0,0,0,0,0,0,0,0,0,0,0
172496,75,bully,2235,1,0,0,62,0,868,0,1,75,170261,2235,0,63,0,0,0,LEADER,1,0,0,62,0,0,0,0,0,0,0,0,0,0,0
172506,12,bully,2243,1,0,0,62,0,868,0,1,12,170263,2243,0,63,0,0,0,LEADER,1,0,0,62,0,0,0,0,0,0,0,0,0,0,0
173207,27,bully,2025,1,0,0,63,0,882,0,1,27,171182,2025,0,64,0,0,0,LEADER,1,0,0,63,0,0,0,0,0,0,0,0,0,0,0
172696,42,bully,1514,1,0,0,63,0,882,0,1,42,171182,1514,0,64,0,0,0,LEADER,1,0,0,63,0,0,0,0,0,0,0,0,0,0,0
173343,24,bully,2161,1,0,0,63,0,882,0,1,24,171182,2161,0,64,0,0,0,LEADER,1,0,0,63,0,0,0,0,0,0,0,0,0,0,0
173295,46,bully,2113,1,0,0,63,0,882,0,1,46,171182,2113,0,64,0,0,0,LEADER,1,0,0,63,0,0,0,0,0,0,0,0,0,0,0
173192,59,bully,2010,1,0,0,63,0,882,0,1,59,171182,2010,0,64,0,0,0,LEADER,1,0,0,63,0,0,0,0,0,0,0,0,0,0,0
172820,34,bully,1637,1,0,0,63,0,882,0,1,34,171183,1637,0,64,0,0,0,LEADER,1,0,0,63,0,0,0,0,0,0,0,0,0,0,0
173474,32,bully,2292,1,0,0,63,0,882,0,1,32,171182,2292,0,64,0,0,0,LEADER,1,0,0,63,0,0,0,0,0,0,0,0,0,0,0
173089,72,bully,1907,1,0,0,63,0,882,0,1,72,171182,1907,0,64,0,0,0,LEADER,1,0,0,63,0,0,0,0,0,0,0,0,0,0,0
173501,63,bully,2316,1,0,0,63,0,882,0,1,63,171185,2316,0,64,0,0,0,LEADER,1,0,0,63,0,0,0,0,0,0,0,0,0,0,0
172974,74,bully,1792,1,0,0,63,0,882,0,1,74,171182,1792,0,64,0,0,0,LEADER,1,0,0,63,0,0,0,0,0,0,0,0,0,0,0
172716,48,bully,1534,1,0,0,63,0,882,0,1,48,171182,1534,0,64,0,0,0,LEADER,1,0,0,63,0,0,0,0,0,0,0,0,0,0,0
173179,57,bully,1995,1,0,0,63,0,882,0,1,57,171184,1995,0,64,0,0,0,LEADER,1,0,0,63,0,0,0,0,0,0,0,0,0,0,0
173247,68,bully,2065,1,0,0,63,0,882,0,1,68,171182,2065,0,64,0,0,0,LEADER,1,0,0,63,0,0,0,0,0,0,0,0,0,0,0
172648,45,bully,1466,1,0,0,63,0,882,0,1,45,171182,1466,0,64,0,0,0,LEADER,1,0,0,63,0,0,0,0,0,0,0,0,0,0,0
173005,93,bully,1823,1,0,0,63,0,882,0,1,93,171182,1823,0,64,0,0,0,LEADER,1,0,0,63,0,0,0,0,0,0,0,0,0,0,0
173586,82,bully,2404,1,0,0,63,0,882,0,1,82,171182,2404,0,64,0,0,0,LEADER,1,0,0,63,0,0,0,0,0,0,0,0,0,0,0
173580,51,bully,2398,1,0,0,63,0,882,0,1,51,171182,2398,0,64,0,0,0,LEADER,1,0,0,63,0,0,0,0,0,0,0,0,0,0,0
173125,39,bully,1943,1,0,0,63,0,882,0,1,39,171182,1943,0,64,0,0,0,LEADER,1,0,0,63,0,0,0,0,0,0,0,0,0,0,0
172871,78,bully,1689,1,0,0,63,0,882,0,1,78,171182,1689,0,64,0,0,0,LEADER,1,0,0,63,0,0,0,0,0,0,0,0,0,0,0
173259,79,bully,2077,1,0,0,63,0,882,0,1,79,171182,2077,0,64,0,0,0,LEADER,1,0,0,63,0,0,0,0,0,0,0,0,0,0,0
172834,14,bully,1652,1,0,0,63,0,882,0,1,14,171182,1652,0,64,0,0,0,LEADER,1,0,0,63,0,0,0,0,0,0,0,0,0,0,0
173261,36,bully,2080,1,0,0,63,0,882,0,1,36,171181,2080,0,64,0,0,0,LEADER,1,0,0,63,0,0,0,0,0,0,0,0,0,0,0
173144,81,bully,1962,1,0,0,63,0,882,0,1,81,171182,1962,0,64,0,0,0,LEADER,1,0,0,63,0,0,0,0,0,0,0,0,0,0,0
172804,67,bully,1622,1,0,0,63,0,882,0,1,67,171182,1622,0,64,0,0,0,LEADER,1,0,0,63,0,0,0,0,0,0,0,0,0,0,0
173565,83,bully,2383,1,0,0,63,0,882,0,1,83,171182,2383,0,64,0,0,0,LEADER,1,0,0,63,0,0,0,0,0,0,0,0,0,0,0
173709,99,bully,1607,1,0,0,63,0,882,0,1,99,172102,1607,0,64,0,0,0,LEADER,1,0,0,63,0,0,0,0,0,0,0,0,0,0,0
172886,55,bully,1704,1,0,0,63,0,882,0,1,55,171182,1704,0,64,0,0,0,LEADER,1,0,0,63,0,0,0,0,0,0,0,0,0,0,0
173676,89,bully,1574,1,0,0,63,0,882,0,1,89,172102,1574,0,64,0,0,0,LEADER,1,0,0,63,0,0,0,0,0,0,0,0,0,0,0
172838,77,bully,1656,1,0,0,63,0,882,0,1,77,171182,1656,0,64,0,0,0,LEADER,1,0,0,63,0,0,0,0,0,0,0,0,0,0,0
173110,71,bully,1928,1,0,0,63,0,882,0,1,71,171182,1928,0,64,0,0,0,LEADER,1,0,0,63,0,0,0,0,0,0,0,0,0,0,0
173022,52,bully,1840,1,0,0,63,0,882,0,1,52,171182,1840,0,64,0,0,0,LEADER,1,0,0,63,0,0,0,0,0,0,0,0,0,0,0
173389,76,bully,2213,1,0,0,63,0,882,0,1,76,171176,2213,0,64,0,0,0,LEADER,1,0,0,63,0,0,0,0,0,0,0,0,0,0,0
172989,10,bully,1807,1,0,0,63,0,882,0,1,10,171182,1807,0,64,0,0,0,LEADER,1,0,0,63,0,0,0,0,0,0,0,0,0,0,0
172922,22,bully,1740,1,0,0,63,0,882,0,1,22,171182,1740,0,64,0,0,0,LEADER,1,0,0,63,0,0,0,0,0,0,0,0,0,0,0
173069,21,bully,1889,1,0,0,63,0,882,0,1,21,171180,1889,0,64,0,0,0,LEADER,1,0,0,63,0,0,0,0,0,0,0,0,0,0,0
173328,56,bully,2146,1,0,0,63,0,882,0,1,56,171182,2146,0,64,0,0,0,LEADER,1,0,0,63,0,0,0,0,0,0,0,0,0,0,0
172853,60,bully,1671,1,0,0,63,0,882,0,1,60,171182,1671,0,64,0,0,0,LEADER,1,0,0,63,0,0,0,0,0,0,0,0,0,0,0
173706,25,bully,1604,1,0,0,63,0,882,0,1,25,172102,1604,0,64,0,0,0,LEADER,1,0,0,63,0,0,0,0,0,0,0,0,0,0,0
172919,65,bully,1737,1,0,0,63,0,882,0,1,65,171182,1737,0,64,0,0,0,LEADER,1,0,0,63,0,0,0,0,0,0,0,0,0,0,0
173595,19,bully,2413,1,0,0,63,0,882,0,1,19,171182,2413,0,64,0,0,0,LEADER,1,0,0,63,0,0,0,0,0,0,0,0,0,0,0
173225,69,bully,2043,1,0,0,63,0,882,0,1,69,171182,2043,0,64,0,0,0,LEADER,1,0,0,63,0,0,0,0,0,0,0,0,0,0,0
173827,54,bully,1725,1,0,0,63,0,882,0,1,54,172102,1725,0,64,0,0,0,LEADER,1,0,0,63,0,0,0,0,0,0,0,0,0,0,0
173174,17,bully,1992,1,0,0,63,0,882,0,1,17,171182,1992,0,64,0,0,0,LEADER,1,0,0,63,0,0,0,0,0,0,0,0,0,0,0
173688,100,bully,1586,1,0,0,63,0,882,0,1,100,172102,1586,0,64,0,0,0,LEADER,1,0,0,63,0,0,0,0,0,0,0,0,0,0,0
173651,16,bully,1549,1,0,0,63,0,882,0,1,16,172102,1549,0,64,0,0,0,LEADER,1,0,0,63,0,0,0,0,0,0,0,0,0,0,0
173240,37,bully,2058,1,0,0,63,0,882,0,1,37,171182,2058,0,64,0,0,0,LEADER,1,0,0,63,0,0,0,0,0,0,0,0,0,0,0
173876,13,bully,1774,1,0,0,63,0,882,0,1,13,172102,1774,0,64,0,0,0,LEADER,1,0,0,63,0,0,0,0,0,0,0,0,0,0,0
173037,20,bully,1855,1,0,0,63,0,882,0,1,20,171182,1855,0,64,0,0,0,LEADER,1,0,0,63,0,0,0,0,0,0,0,0,0,0,0
173669,41,bully,1567,1,0,0,63,0,882,0,1,41,172102,1567,0,64,0,0,0,LEADER,1,0,0,63,0,0,0,0,0,0,0,0,0,0,0
173658,47,bully,1556,1,0,0,63,0,882,0,1,47,172102,1556,0,64,0,0,0,LEADER,1,0,0,63,0,0,0,0,0,0,0,0,0,0,0
173484,95,bully,2301,1,0,0,63,0,882,0,1,95,171183,2301,0,64,0,0,0,LEADER,1,0,0,63,0,0,0,0,0,0,0,0,0,0,0
173347,98,bully,2165,1,0,0,63,0,882,0,1,98,171182,2165,0,64,0,0,0,LEADER,1,0,0,63,0,0,0,0,0,0,0,0,0,0,0
173531,73,bully,2349,1,0,0,63,0,882,0,1,73,171182,2349,0,64,0,0,0,LEADER,1,0,0,63,0,0,0,0,0,0,0,0,0,0,0
173854,33,bully,1752,1,0,0,63,0,882,0,1,33,172102,1752,0,64,0,0,0,LEADER,1,0,0,63,0,0,0,0,0,0,0,0,0,0,0
173824,97,bully,1722,1,0,0,63,0,882,0,1,97,172102,1722,0,64,0,0,0,LEADER,1,0,0,63,0,0,0,0,0,0,0,0,0,0,0
173077,61,bully,1895,1,0,0,63,0,882,0,1,61,171182,1895,0,64,0,0,0,LEADER,1,0,0,63,0,0,0,0,0,0,0,0,0,0,0
174024,40,bully,1922,1,0,0,63,0,882,0,1,40,172102,1922,0,64,0,0,0,LEADER,1,0,0,63,0,0,0,0,0,0,0,0,0,0,0
173513,31,bully,2331,1,0,0,63,0,882,0,1,31,171182,2331,0,64,0,0,0,LEADER,1,0,0,63,0,0,0,0,0,0,0,0,0,0,0
174014,29,bully,1910,1,0,0,63,0,882,0,1,29,172104,1910,0,64,0,0,0,LEADER,1,0,0,63,0,0,0,0,0,0,0,0,0,0,0
173840,96,bully,1744,1,0,0,63,0,882,0,1,96,172096,1744,0,64,0,0,0,LEADER,1,0,0,63,0,0,0,0,0,0,0,0,0,0,0
173927,84,bully,1825,1,0,0,63,0,882,0,1,84,172102,1825,0,64,0,0,0,LEADER,1,0,0,63,0,0,0,0,0,0,0,0,0,0,0
173621,80,bully,1519,1,0,0,63,0,882,0,1,80,172102,1519,0,64,0,0,0,LEADER,1,0,0,63,0,0,0,0,0,0,0,0,0,0,0
173465,53,bully,2283,1,0,0,63,0,882,0,1,53,171182,2283,0,64,0,0,0,LEADER,1,0,0,63,0,0,0,0,0,0,0,0,0,0,0
173540,92,bully,1438,1,0,0,63,0,882,0,1,92,172102,1438,0,64,0,0,0,LEADER,1,0,0,63,0,0,0,0,0,0,0,0,0,0,0
173714,91,bully,1619,1,0,0,63,0,882,0,1,91,172095,1619,0,64,0,0,0,LEADER,1,0,0,63,0,0,0,0,0,0,0,0,0,0,0
173976,62,bully,1874,1,0,0,63,0,882,0,1,62,172102,1874,0,64,0,0,0,LEADER,1,0,0,63,0,0,0,0,0,0,0,0,0,0,0
173673,15,bully,1571,1,0,0,63,0,882,0,1,15,172102,1571,0,64,0,0,0,LEADER,1,0,0,63,0,0,0,0,0,0,0,0,0,0,0
173343,26,bully,2161,1,0,0,63,0,882,0,1,26,171182,2161,0,64,0,0,0,LEADER,1,0,0,63,0,0,0,0,0,0,0,0,0,0,0
174079,49,bully,1977,1,0,0,63,0,882,0,1,49,172102,1977,0,64,0,0,0,LEADER,1,0,0,63,0,0,0,0,0,0,0,0,0,0,0
173894,58,bully,1792,1,0,0,63,0,882,0,1,58,172102,1792,0,64,0,0,0,LEADER,1,0,0,63,0,0,0,0,0,0,0,0,0,0,0
173428,86,bully,2246,1,0,0,63,0,882,0,1,86,171182,2246,0,64,0,0,0,LEADER,1,0,0,63,0,0,0,0,0,0,0,0,0,0,0
173601,50,bully,2419,1,0,0,63,0,882,0,1,50,171182,2419,0,64,0,0,0,LEADER,1,0,0,63,0,0,0,0,0,0,0,0,0,0,0
173451,85,bully,2268,1,0,0,63,0,882,0,1,85,171183,2268,0,64,0,0,0,LEADER,1,0,0,63,0,0,0,0,0,0,0,0,0,0,0
173390,87,bully,2212,1,0,0,63,0,882,0,1,87,171178,2212,0,64,0,0,0,LEADER,1,0,0,63,0,0,0,0,0,0,0,0,0,0,0
173598,64,bully,2416,1,0,0,63,0,882,0,1,64,171182,2416,0,64,0,0,0,LEADER,1,0,0,63,0,0,0,0,0,0,0,0,0,0,0
173536,18,bully,1434,1,0,0,63,0,882,0,1,18,172102,1434,0,64,0,0,0,LEADER,1,0,0,63,0,0,0,0,0,0,0,0,0,0,0
173447,11,bully,2264,1,0,0,63,0,882,0,1,11,171183,2264,0,64,0,0,0,LEADER,1,0,0,63,0,0,0,0,0,0,0,0,0,0,0
173655,90,bully,1553,1,0,0,63,0,882,0,1,90,172102,1553,0,64,0,0,0,LEADER,1,0,0,63,0,0,0,0,0,0,0,0,0,0,0
173549,35,bully,1447,1,0,0,63,0,882,0,1,35,172102,1447,0,64,0,0,0,LEADER,1,0,0,63,0,0,0,0,0,0,0,0,0,0,0
173431,43,bully,2249,1,0,0,63,0,882,0,1,43,171182,2249,0,64,0,0,0,LEADER,1,0,0,63,0,0,0,0,0,0,0,0,0,0,0
173569,28,bully,1467,1,0,0,63,0,882,0,1,28,172102,1467,0,64,0,0,0,LEADER,1,0,0,63,0,0,0,0,0,0,0,0,0,0,0
173408,44,bully,2228,1,0,0,63,0,882,0,1,44,171180,2228,0,64,0,0,0,LEADER,1,0,0,63,0,0,0,0,0,0,0,0,0,0,0
174243,23,bully,2141,1,0,0,63,0,882,0,1,23,172102,2141,0,64,0,0,0,LEADER,1,0,0,63,0,0,0,0,0,0,0,0,0,0,0
173563,30,bully,1461,1,0,0,63,0,882,0,1,30,172102,1461,0,64,0,0,0,LEADER,1,0,0,63,0,0,0,0,0,0,0,0,0,0,0
173961,94,bully,1859,1,0,0,63,0,882,0,1,94,172102,1859,0,64,0,0,0,LEADER,1,0,0,63,0,0,0,0,0,0,0,0,0,0,0
173603,38,bully,1501,1,0,0,63,0,882,0,1,38,172102,1501,0,64,0,0,0,LEADER,1,0,0,63,0,0,0,0,0,0,0,0,0,0,0
174282,66,bully,2180,1,0,0,63,0,882,0,1,66,172102,2180,0,64,0,0,0,LEADER,1,0,0,63,0,0,0,0,0,0,0,0,0,0,0
173588,70,bully,1486,1,0,0,63,0,882,0,1,70,172102,1486,0,64,0,0,0,LEADER,1,0,0,63,0,0,0,0,0,0,0,0,0,0,0
174233,88,bully,2131,1,0,0,63,0,882,0,1,88,172102,2131,0,64,0,0,0,LEADER,1,0,0,63,0,0,0,0,0,0,0,0,0,0,0
173417,75,bully,2235,1,0,0,63,0,882,0,1,75,171182,2235,0,64,0,0,0,LEADER,1,0,0,63,0,0,0,0,0,0,0,0,0,0,0
173427,12,bully,2243,1,0,0,63,0,882,0,1,12,171184,2243,0,64,0,0,0,LEADER,1,0,0,63,0,0,0,0,0,0,0,0,0,0,0
174127,27,bully,2025,1,0,0,63,0,882,0,1,27,172102,2025,0,64,0,0,0,LEADER,1,0,0,63,0,0,0,0,0,0,0,0,0,0,0
173616,42,bully,1514,1,0,0,63,0,882,0,1,42,172102,1514,0,64,0,0,0,LEADER,1,0,0,63,0,0,0,0,0,0,0,0,0,0,0
174263,24,bully,2161,1,0,0,63,0,882,0,1,24,172102,2161,0,64,0,0,0,LEADER,1,0,0,63,0,0,0,0,0,0,0,0,0,0,0
174215,46,bully,2113,1,0,0,63,0,882,0,1,46,172102,2113,0,64,0,0,0,LEADER,1,0,0,63,0,0,0,0,0,0,0,0,0,0,0
174112,59,bully,2010,1,0,0,63,0,882,0,1,59,172102,2010,0,64,0,0,0,LEADER,1,0,0,63,0,0,0,0,0,0,0,0,0,0,0
173740,34,bully,1637,1,0,0,63,0,882,0,1,34,172103,1637,0,64,0,0,0,LEADER,1,0,0,63,0,0,0,0,0,0,0,0,0,0,0
174394,32,bully,2292,1,0,0,63,0,882,0,1,32,172102,2292,0,64,0,0,0,LEADER,1,0,0,63,0,0,0,0,0,0,0,0,0,0,0
174009,72,bully,1907,1,0,0,63,0,882,0,1,72,172102,1907,0,64,0,0,0,LEADER,1,0,0,63,0,0,0,0,0,0,0,0,0,0,0
174421,63,bully,2316,1,0,0,63,0,882,0,1,63,172105,2316,0,64,0,0,0,LEADER,1,0,0,63,0,0,0,0,0,0,0,0,0,0,0
173894,74,bully,1792,1,0,0,63,0,882,0,1,74,172102,1792,0,64,0,0,0,LEADER,1,0,0,63,0,0,0,0,0,0,0,0,0,0,0
173636,48,bully,1534,1,0,0,63,0,882,0,1,48,172102,1534,0,64,0,0,0,LEADER,1,0,0,63,0,0,0,0,0,0,0,0,0,0,0
174099,57,bully,1995,1,0,0,63,0,882,0,1,57,172104,1995,0,64,0,0,0,LEADER,1,0,0,63,0,0,0,0,0,0,0,0,0,0,0
174167,68,bully,2065,1,0,0,63,0,882,0,1,68,172102,2065,0,64,0,0,0,LEADER,1,0,0,63,0,0,0,0,0,0,0,0,0,0,0
173568,45,bully,1466,1,0,0,63,0,882,0,1,45,172102,1466,0,64,0,0,0,LEADER,1,0,0,63,0,0,0,0,0,0,0,0,0,0,0
173925,93,bully,1823,1,0,0,63,0,882,0,1,93,172102,1823,0,64,0,0,0,LEADER,1,0,0,63,0,0,0,0,0,0,0,0,0,0,0
174506,82,bully,2404,1,0,0,63,0,882,0,1,82,172102,2404,0,64,0,0,0,LEADER,1,0,0,63,0,0,0,0,0,0,0,0,0,0,0
174500,51,bully,2398,1,0,0,63,0,882,0,1,51,172102,2398,0,64,0,0,0,LEADER,1,0,0,63,0,0,0,0,0,0,0,0,0,0,0
174045,39,bully,1943,1,0,0,63,0,882,0,1,39,172102,1943,0,64,0,0,0,LEADER,1,0,0,63,0,0,0,0,0,0,0,0,0,0,0
173791,78,bully,1689,1,0,0,63,0,882,0,1,78,172102,1689,0,64,0,0,0,LEADER,1,0,0,63,0,0,0,0,0,0,0,0,0,0,0
174179,79,bully,2077,1,0,0,63,0,882,0,1,79,172102,2077,0,64,0,0,0,LEADER,1,0,0,63,0,0,0,0,0,0,0,0,0,0,0
173754,14,bully,1652,1,0,0,63,0,882,0,1,14,172102,1652,0,64,0,0,0,LEADER,1,0,0,63,0,0,0,0,0,0,0,0,0,0,0
174181,36,bully,2080,1,0,0,63,0,882,0,1,36,172101,2080,0,64,0,0,0,LEADER,1,0,0,63,0,0,0,0,0,0,0,0,0,0,0
174064,81,bully,1962,1,0,0,63,0,882,0,1,81,172102,1962,0,64,0,0,0,LEADER,1,0,0,63,0,0,0,0,0,0,0,0,0,0,0
173724,67,bully,1622,1,0,0,63,0,882,0,1,67,172102,1622,0,64,0,0,0,LEADER,1,0,0,63,0,0,0,0,0,0,0,0,0,0,0
174485,83,bully,2383,1,0,0,63,0,882,0,1,83,172102,2383,0,64,0,0,0,LEADER,1,0,0,63,0,0,0,0,0,0,0,0,0,0,0
174629,99,bully,1607,1,0,0,63,0,882,0,1,99,173022,1607,0,64,0,0,0,LEADER,1,0,0,63,0,0,0,0,0,0,0,0,0,0,0
173806,55,bully,1704,1,0,0,63,0,882,0,1,55,172102,1704,0,64,0,0,0,LEADER,1,0,0,63,0,0,0,0,0,0,0,0,0,0,0
174596,89,bully,1574,1,0,0,63,0,882,0,1,89,173022,1574,0,64,0,0,0,LEADER,1,0,0,63,0,0,0,0,0,0,0,0,0,0,0
173758,77,bully,1656,1,0,0,63,0,882,0,1,77,172102,1656,0,64,0,0,0,LEADER,1,0,0,63,0,0,0,0,0,0,0,0,0,0,0
174030,71,bully,1928,1,0,0,63,0,882,0,1,71,172102,1928,0,64,0,0,0,LEADER,1,0,0,63,0,0,0,0,0,0,0,0,0,0,0
173942,52,bully,1840,1,0,0,63,0,882,0,1,52,172102,1840,0,64,0,0,0,LEADER,1,0,0,63,0,0,0,0,0,0,0,0,0,0,0
174309,76,bully,2213,1,0,0,63,0,882,0,1,76,172096,2213,0,64,0,0,0,LEADER,1,0,0,63,0,0,0,0,0,0,0,0,0,0,0
173909,10,bully,1807,1,0,0,63,0,882,0,1,10,172102,1807,0,64,0,0,0,LEADER,1,0,0,63,0,0,0,0,0,0,0,0,0,0,0
173842,22,bully,1740,1,0,0,63,0,882,0,1,22,172102,1740,0,64,0,0,0,LEADER,1,0,0,63,0,0,0,0,0,0,0,0,0,0,0
173989,21,bully,1889,1,0,0,63,0,882,0,1,21,172100,1889,0,64,0,0,0,LEADER,1,0,0,63,0,0,0,0,0,0,0,0,0,0,0
174248,56,bully,2146,1,0,0,63,0,882,0,1,56,172102,2146,0,64,0,0,0,LEADER,1,0,0,63,0,0,0,0,0,0,0,0,0,0,0
173773,60,bully,1671,1,0,0,63,0,882,0,1,60,172102,1671,0,64,0,0,0,LEADER,1,0,0,63,0,0,0,0,0,0,0,0,0,0,0
174626,25,bully,1604,1,0,0,63,0,882,0,1,25,173022,1604,0,64,0,0,0,LEADER,1,0,0,63,0,0,0,0,0,0,0,0,0,0,0
173839,65,bully,1737,1,0,0,63,0,882,0,1,65,172102,1737,0,64,0,0,0,LEADER,1,0,0,63,0,0,0,0,0,0,0,0,0,0,0
174515,19,bully,2413,1,0,0,63,0,882,0,1,19,172102,2413,0,64,0,0,0,LEADER,1,0,0,63,0,0,0,0,0,0,0,0,0,0,0
174145,69,bully,2043,1,0,0,63,0,882,0,1,69,172102,2043,0,64,0,0,0,LEADER,1,0,0,63,0,0,0,0,0,0,0,0,0,0,0
174747,54,bully,1725,1,0,0,63,0,882,0,1,54,173022,1725,0,64,0,0,0,LEADER,1,0,0,63,0,0,0,0,0,0,0,0,0,0,0
174094,17,bully,1992,1,0,0,63,0,882,0,1,17,172102,1992,0,64,0,0,0,LEADER,1,0,0,63,0,0,0,0,0,0,0,0,0,0,0
174608,100,bully,1586,1,0,0,63,0,882,0,1,100,173022,1586,0,64,0,0,0,LEADER,1,0,0,63,0,0,0,0,0,0,0,0,0,0,0
174571,16,bully,1549,1,0,0,63,0,882,0,1,16,173022,1549,0,64,0,0,0,LEADER,1,0,0,63,0,0,0,0,0,0,0,0,0,0,0
174160,37,bully,2058,1,0,0,63,0,882,0,1,37,172102,2058,0,64,0,0,0,LEADER,1,0,0,63,0,0,0,0,0,0,0,0,0,0,0
174796,13,bully,1774,1,0,0,63,0,882,0,1,13,173022,1774,0,64,0,0,0,LEADER,1,0,0,63,0,0,0,0,0,0,0,0,0,0,0
173957,20,bully,1855,1,0,0,63,0,882,0,1,20,172102,1855,0,64,0,0,0,LEADER,1,0,0,63,0,0,0,0,0,0,0,0,0,0,0
174589,41,bully,1567,1,0,0,63,0,882,0,1,41,173022,1567,0,64,0,0,0,LEADER,1,0,0,63,0,0,0,0,0,0,0,0,0,0,0
174578,47,bully,1556,1,0,0,63,0,882,0,1,47,173022,1556,0,64,0,0,0,LEADER,1,0,0,63,0,0,0,0,0,0,0,0,0,0,0
174404,95,bully,2301,1,0,0,63,0,882,0,1,95,172103,2301,0,64,0,0,0,LEADER,1,0,0,63,0,0,0,0,0,0,0,0,0,0,0
174267,98,bully,2165,1,0,0,63,0,882,0,1,98,172102,2165,0,64,0,0,0,LEADER,1,0,0,63,0,0,0,0,0,0,0,0,0,0,0
174451,73,bully,2349,1,0,0,63,0,882,0,1,73,172102,2349,0,64,0,0,0,LEADER,1,0,0,63,0,0,0,0,0,0,0,0,0,0,0
174774,33,bully,1752,1,0,0,63,0,882,0,1,33,173022,1752,0,64,0,0,0,LEADER,1,0,0,63,0,0,0,0,0,0,0,0,0,0,0
174744,97,bully,1722,1,0,0,63,0,882,0,1,97,173022,1722,0,64,0,0,0,LEADER,1,0,0,63,0,0,0,0,0,0,0,0,0,0,0
173997,61,bully,1895,1,0,0,63,0,882,0,1,61,172102,1895,0,64,0,0,0,LEADER,1,0,0,63,0,0,0,0,0,0,0,0,0,0,0
174944,40,bully,1922,1,0,0,63,0,882,0,1,40,173022,1922,0,64,0,0,0,LEADER,1,0,0,63,0,0,0,0,0,0,0,0,0,0,0
174433,31,bully,2331,1,0,0,63,0,882,0,1,31,172102,2331,0,64,0,0,0,LEADER,1,0,0,63,0,0,0,0,0,0,0,0,0,0,0
174934,29,bully,1910,1,0,0,63,0,882,0,1,29,173024,1910,0,64,0,0,0,LEADER,1,0,0,63,0,0,0,0,0,0,0,0,0,0,0
174760,96,bully,1744,1,0,0,63,0,882,0,1,96,173016,1744,0,64,0,0,0,LEADER,1,0,0,63,0,0,0,0,0,0,0,0,0,0,0
174847,84,bully,1825,1,0,0,63,0,882,0,1,84,173022,1825,0,64,0,0,0,LEADER,1,0,0,63,0,0,0,0,0,0,0,0,0,0,0
174541,80,bully,1519,1,0,0,63,0,882,0,1,80,173022,1519,0,64,0,0,0,LEADER,1,0,0,63,0,0,0,0,0,0,0,0,0,0,0
174385,53,bully,2283,1,0,0,63,0,882,0,1,53,172102,2283,0,64,0,0,0,LEADER,1,0,0,63,0,0,0,0,0,0,0,0,0,0,0
174460,92,bully,1438,1,0,0,63,0,882,0,1,92,173022,1438,0,64,0,0,0,LEADER,1,0,0,63,0,0,0,0,0,0,0,0,0,0,0
174634,91,bully,1619,1,0,0,63,0,882,0,1,91,173015,1619,0,64,0,0,0,LEADER,1,0,0,63,0,0,0,0,0,0,0,0,0,0,0
174896,62,bully,1874,1,0,0,63,0,882,0,1,62,173022,1874,0,64,0,0,0,LEADER,1,0,0,63,0,0,0,0,0,0,0,0,0,0,0
174593,15,bully,1571,1,0,0,63,0,882,0,1,15,173022,1571,0,64,0,0,0,LEADER,1,0,0,63,0,0,0,0,0,0,0,0,0,0,0
174263,26,bully,2161,1,0,0,63,0,882,0,1,26,172102,2161,0,64,0,0,0,LEADER,1,0,0,63,0,0,0,0,0,0,0,0,0,0,0
174999,49,bully,1977,1,0,0,63,0,882,0,1,49,173022,1977,0,64,0,0,0,LEADER,1,0,0,63,0,0,0,0,0,0,0,0,0,0,0
174814,58,bully,1792,1,0,0,63,0,882,0,1,58,173022,1792,0,64,0,0,0,LEADER,1,0,0,63,0,0,0,0,0,0,0,0,0,0,0
174348,86,bully,2246,1,0,0,63,0,882,0,1,86,172102,2246,0,64,0,0,0,LEADER,1,0,0,63,0,0,0,0,0,0,0,0,0,0,0
174521,50,bully,2419,1,0,0,63,0,882,0,1,50,172102,2419,0,64,0,0,0,LEADER,1,0,0,63,0,0,0,0,0,0,0,0,0,0,0
174371,85,bully,2268,1,0,0,63,0,882,0,1,85,172103,2268,0,64,0,0,0,LEADER,1,0,0,63,0,0,0,0,0,0,0,0,0,0,0
174310,87,bully,2212,1,0,0,63,0,882,0,1,87,172098,2212,0,64,0,0,0,LEADER,1,0,0,63,0,0,0,0,0,0,0,0,0,0,0
174518,64,bully,2416,1,0,0,63,0,882,0,1,64,172102,2416,0,64,0,0,0,LEADER,1,0,0,63,0,0,0,0,0,0,0,0,0,0,0
174456,18,bully,1434,1,0,0,63,0,882,0,1,18,173022,1434,0,64,0,0,0,LEADER,1,0,0,63,0,0,0,0,0,0,0,0,0,0,0
174367,11,bully,2264,1,0,0,63,0,882,0,1,11,172103,2264,0,64,0,0,0,LEADER,1,0,0,63,0,0,0,0,0,0,0,0,0,0,0
174575,90,bully,1553,1,0,0,63,0,882,0,1,90,173022,1553,0,64,0,0,0,LEADER,1,0,0,63,0,0,0,0,0,0,0,0,0,0,0
174469,35,bully,1447,1,0,0,63,0,882,0,1,35,173022,1447,0,64,0,0,0,LEADER,1,0,0,63,0,0,0,0,0,0,0,0,0,0,0
174351,43,bully,2249,1,0,0,63,0,882,0,1,43,172102,2249,0,64,0,0,0,LEADER,1,0,0,63,0,0,0,0,0,0,0,0,0,0,0
174489,28,bully,1467,1,0,0,63,0,882,0,1,28,173022,1467,0,64,0,0,0,LEADER,1,0,0,63,0,0,0,0,0,0,0,0,0,0,0
174328,44,bully,2228,1,0,0,63,0,882,0,1,44,172100,2228,0,64,0,0,0,LEADER,1,0,0,63,0,0,0,0,0,0,0,0,0,0,0
175163,23,bully,2141,1,0,0,63,0,882,0,1,23,173022,2141,0,64,0,0,0,LEADER,1,0,0,63,0,0,0,0,0,0,0,0,0,0,0
174483,30,bully,1461,1,0,0,63,0,882,0,1,30,173022,1461,0,64,0,0,0,LEADER,1,0,0,63,0,0,0,0,0,0,0,0,0,0,0
174881,94,bully,1859,1,0,0,63,0,882,0,1,94,173022,1859,0,64,0,0,0,LEADER,1,0,0,63,0,0,0,0,0,0,0,0,0,0,0
174523,38,bully,1501,1,0,0,63,0,882,0,1,38,173022,1501,0,64,0,0,0,LEADER,1,0,0,63,0,0,0,0,0,0,0,0,0,0,0
175202,66,bully,2180,1,0,0,63,0,882,0,1,66,173022,2180,0,64,0,0,0,LEADER,1,0,0,63,0,0,0,0,0,0,0,0,0,0,0
174508,70,bully,1486,1,0,0,63,0,882,0,1,70,173022,1486,0,64,0,0,0,LEADER,1,0,0,63,0,0,0,0,0,0,0,0,0,0,0
175153,88,bully,2131,1,0,0,63,0,882,0,1,88,173022,2131,0,64,0,0,0,LEADER,1,0,0,63,0,0,0,0,0,0,0,0,0,0,0
174337,75,bully,2235,1,0,0,63,0,882,0,1,75,172102,2235,0,64,0,0,0,LEADER,1,0,0,63,0,0,0,0,0,0,0,0,0,0,0
174347,12,bully,2243,1,0,0,63,0,882,0,1,12,172104,2243,0,64,0,0,0,LEADER,1,0,0,63,0,0,0,0,0,0,0,0,0,0,0
175047,27,bully,2025,1,0,0,63,0,882,0,1,27,173022,2025,0,64,0,0,0,LEADER,1,0,0,63,0,0,0,0,0,0,0,0,0,0,0
174536,42,bully,1514,1,0,0,63,0,882,0,1,42,173022,1514,0,64,0,0,0,LEADER,1,0,0,63,0,0,0,0,0,0,0,0,0,0,0
175183,24,bully,2161,1,0,0,63,0,882,0,1,24,173022,2161,0,64,0,0,0,LEADER,1,0,0,63,0,0,0,0,0,0,0,0,0,0,0
175135,46,bully,2113,1,0,0,63,0,882,0,1,46,173022,2113,0,64,0,0,0,LEADER,1,0,0,63,0,0,0,0,0,0,0,0,0,0,0
175032,59,bully,2010,1,0,0,63,0,882,0,1,59,173022,2010,0,64,0,0,0,LEADER,1,0,0,63,0,0,0,0,0,0,0,0,0,0,0
175314,32,bully,2292,1,0,0,63,0,882,0,1,32,173022,2292,0,64,0,0,0,LEADER,1,0,0,63,0,0,0,0,0,0,0,0,0,0,0
174660,34,bully,1637,1,0,0,63,0,882,0,1,34,173023,1637,0,64,0,0,0,LEADER,1,0,0,63,0,0,0,0,0,0,0,0,0,0,0
174929,72,bully,1907,1,0,0,63,0,882,0,1,72,173022,1907,0,64,0,0,0,LEADER,1,0,0,63,0,0,0,0,0,0,0,0,0,0,0
175341,63,bully,2316,1,0,0,63,0,882,0,1,63,173025,2316,0,64,0,0,0,LEADER,1,0,0,63,0,0,0,0,0,0,0,0,0,0,0
174814,74,bully,1792,1,0,0,63,0,882,0,1,74,173022,1792,0,64,0,0,0,LEADER,1,0,0,63,0,0,0,0,0,0,0,0,0,0,0
174556,48,bully,1534,1,0,0,63,0,882,0,1,48,173022,1534,0,64,0,0,0,LEADER,1,0,0,63,0,0,0,0,0,0,0,0,0,0,0
175019,57,bully,1995,1,0,0,63,0,882,0,1,57,173024,1995,0,64,0,0,0,LEADER,1,0,0,63,0,0,0,0,0,0,0,0,0,0,0
175087,68,bully,2065,1,0,0,63,0,882,0,1,68,173022,2065,0,64,0,0,0,LEADER,1,0,0,63,0,0,0,0,0,0,0,0,0,0,0
174488,45,bully,1466,1,0,0,63,0,882,0,1,45,173022,1466,0,64,0,0,0,LEADER,1,0,0,63,0,0,0,0,0,0,0,0,0,0,0
174845,93,bully,1823,1,0,0,63,0,882,0,1,93,173022,1823,0,64,0,0,0,LEADER,1,0,0,63,0,0,0,0,0,0,0,0,0,0,0
175426,82,bully,2404,1,0,0,63,0,882,0,1,82,173022,2404,0,64,0,0,0,LEADER,1,0,0,63,0,0,0,0,0,0,0,0,0,0,0
175420,51,bully,2398,1,0,0,63,0,882,0,1,51,173022,2398,0,64,0,0,0,LEADER,1,0,0,63,0,0,0,0,0,0,0,0,0,0,0
174965,39,bully,1943,1,0,0,63,0,882,0,1,39,173022,1943,0,64,0,0,0,LEADER,1,0,0,63,0,0,0,0,0,0,0,0,0,0,0
174711,78,bully,1689,1,0,0,63,0,882,0,1,78,173022,1689,0,64,0,0,0,LEADER,1,0,0,63,0,0,0,0,0,0,0,0,0,0,0
175099,79,bully,2077,1,0,0,63,0,882,0,1,79,173022,2077,0,64,0,0,0,LEADER,1,0,0,63,0,0,0,0,0,0,0,0,0,0,0
174674,14,bully,1652,1,0,0,63,0,882,0,1,14,173022,1652,0,64,0,0,0,LEADER,1,0,0,63,0,0,0,0,0,0,0,0,0,0,0
175101,36,bully,2080,1,0,0,63,0,882,0,1,36,173021,2080,0,64,0,0,0,LEADER,1,0,0,63,0,0,0,0,0,0,0,0,0,0,0
174984,81,bully,1962,1,0,0,63,0,882,0,1,81,173022,1962,0,64,0,0,0,LEADER,1,0,0,63,0,0,0,0,0,0,0,0,0,0,0
174644,67,bully,1622,1,0,0,63,0,882,0,1,67,173022,1622,0,64,0,0,0,LEADER,1,0,0,63,0,0,0,0,0,0,0,0,0,0,0
175405,83,bully,2383,1,0,0,63,0,882,0,1,83,173022,2383,0,64,0,0,0,LEADER,1,0,0,63,0,0,0,0,0,0,0,0,0,0,0
175550,99,bully,1607,1,0,0,64,0,896,0,1,99,173943,1607,0,65,0,0,0,LEADER,1,0,0,64,0,0,0,0,0,0,0,0,0,0,0
174726,55,bully,1704,1,0,0,63,0,882,0,1,55,173022,1704,0,64,0,0,0,LEADER,1,0,0,63,0,0,0,0,0,0,0,0,0,0,0
175517,89,bully,1574,1,0,0,64,0,896,0,1,89,173943,1574,0,65,0,0,0,LEADER,1,0,0,64,0,0,0,0,0,0,0,0,0,0,0
174678,77,bully,1656,1,0,0,63,0,882,0,1,77,173022,1656,0,64,0,0,0,LEADER,1,0,0,63,0,0,0,0,0,0,0,0,0,0,0
174950,71,bully,1928,1,0,0,63,0,882,0,1,71,173022,1928,0,64,0,0,0,LEADER,1,0,0,63,0,0,0,0,0,0,0,0,0,0,0
174862,52,bully,1840,1,0,0,63,0,882,0,1,52,173022,1840,0,64,0,0,0,LEADER,1,0,0,63,0,0,0,0,0,0,0,0,0,0,0
175229,76,bully,2213,1,0,0,63,0,882,0,1,76,173016,2213,0,64,0,0,0,LEADER,1,0,0,63,0,0,0,0,0,0,0,0,0,0,0
174829,10,bully,1807,1,0,0,63,0,882,0,1,10,173022,1807,0,64,0,0,0,LEADER,1,0,0,63,0,0,0,0,0,0,0,0,0,0,0
174762,22,bully,1740,1,0,0,63,0,882,0,1,22,173022,1740,0,64,0,0,0,LEADER,1,0,0,63,0,0,0,0,0,0,0,0,0,0,0
174909,21,bully,1889,1,0,0,63,0,882,0,1,21,173020,1889,0,64,0,0,0,LEADER,1,0,0,63,0,0,0,0,0,0,0,0,0,0,0
175168,56,bully,2146,1,0,0,63,0,882,0,1,56,173022,2146,0,64,0,0,0,LEADER,1,0,0,63,0,0,0,0,0,0,0,0,0,0,0
174693,60,bully,1671,1,0,0,63,0,882,0,1,60,173022,1671,0,64,0,0,0,LEADER,1,0,0,63,0,0,0,0,0,0,0,0,0,0,0
175547,25,bully,1604,1,0,0,64,0,896,0,1,25,173943,1604,0,65,0,0,0,LEADER,1,0,0,64,0,0,0,0,0,0,0,0,0,0,0
174759,65,bully,1737,1,0,0,63,0,882,0,1,65,173022,1737,0,64,0,0,0,LEADER,1,0,0,63,0,0,0,0,0,0,0,0,0,0,0
175435,19,bully,2413,1,0,0,63,0,882,0,1,19,173022,2413,0,64,0,0,0,LEADER,1,0,0,63,0,0,0,0,0,0,0,0,0,0,0
175065,69,bully,2043,1,0,0,63,0,882,0,1,69,173022,2043,0,64,0,0,0,LEADER,1,0,0,63,0,0,0,0,0,0,0,0,0,0,0
175668,54,bully,1725,1,0,0,64,0,896,0,1,54,173943,1725,0,65,0,0,0,LEADER,1,0,0,64,0,0,0,0,0,0,0,0,0,0,0
175014,17,bully,1992,1,0,0,63,0,882,0,1,17,173022,1992,0,64,0,0,0,LEADER,1,0,0,63,0,0,0,0,0,0,0,0,0,0,0
175529,100,bully,1586,1,0,0,64,0,896,0,1,100,173943,1586,0,65,0,0,0,LEADER,1,0,0,64,0,0,0,0,0,0,0,0,0,0,0
175492,16,bully,1549,1,0,0,64,0,896,0,1,16,173943,1549,0,65,0,0,0,LEADER,1,0,0,64,0,0,0,0,0,0,0,0,0,0,0
175080,37,bully,2058,1,0,0,63,0,882,0,1,37,173022,2058,0,64,0,0,0,LEADER,1,0,0,63,0,0,0,0,0,0,0,0,0,0,0
175717,13,bully,1774,1,0,0,64,0,896,0,1,13,173943,1774,0,65,0,0,0,LEADER,1,0,0,64,0,0,0,0,0,0,0,0,0,0,0
174877,20,bully,1855,1,0,0,63,0,882,0,1,20,173022,1855,0,64,0,0,0,LEADER,1,0,0,63,0,0,0,0,0,0,0,0,0,0,0
175510,41,bully,1567,1,0,0,64,0,896,0,1,41,173943,1567,0,65,0,0,0,LEADER,1,0,0,64,0,0,0,0,0,0,0,0,0,0,0
175499,47,bully,1556,1,0,0,64,0,896,0,1,47,173943,1556,0,65,0,0,0,LEADER,1,0,0,64,0,0,0,0,0,0,0,0,0,0,0
175324,95,bully,2301,1,0,0,63,0,882,0,1,95,173023,2301,0,64,0,0,0,LEADER,1,0,0,63,0,0,0,0,0,0,0,0,0,0,0
175187,98,bully,2165,1,0,0,63,0,882,0,1,98,173022,2165,0,64,0,0,0,LEADER,1,0,0,63,0,0,0,0,0,0,0,0,0,0,0
175371,73,bully,2349,1,0,0,63,0,882,0,1,73,173022,2349,0,64,0,0,0,LEADER,1,0,0,63,0,0,0,0,0,0,0,0,0,0,0
174917,61,bully,1895,1,0,0,63,0,882,0,1,61,173022,1895,0,64,0,0,0,LEADER,1,0,0,63,0,0,0,0,0,0,0,0,0,0,0
175665,97,bully,1722,1,0,0,64,0,896,0,1,97,173943,1722,0,65,0,0,0,LEADER,1,0,0,64,0,0,0,0,0,0,0,0,0,0,0
175695,33,bully,1752,1,0,0,64,0,896,0,1,33,173943,1752,0,65,0,0,0,LEADER,1,0,0,64,0,0,0,0,0,0,0,0,0,0,0
175353,31,bully,2331,1,0,0,63,0,882,0,1,31,173022,2331,0,64,0,0,0,LEADER,1,0,0,63,0,0,0,0,0,0,0,0,0,0,0
175865,40,bully,1922,1,0,0,64,0,896,0,1,40,173943,1922,0,65,0,0,0,LEADER,1,0,0,64,0,0,0,0,0,0,0,0,0,0,0
175855,29,bully,1910,1,0,0,64,0,896,0,1,29,173945,1910,0,65,0,0,0,LEADER,1,0,0,64,0,0,0,0,0,0,0,0,0,0,0
175681,96,bully,1744,1,0,0,64,0,896,0,1,96,173937,1744,0,65,0,0,0,LEADER,1,0,0,64,0,0,0,0,0,0,0,0,0,0,0
175768,84,bully,1825,1,0,0,64,0,896,0,1,84,173943,1825,0,65,0,0,0,LEADER,1,0,0,64,0,0,0,0,0,0,0,0,0,0,0
175462,80,bully,1519,1,0,0,64,0,896,0,1,80,173943,1519,0,65,0,0,0,LEADER,1,0,0,64,0,0,0,0,0,0,0,0,0,0,0
175305,53,bully,2283,1,0,0,63,0,882,0,1,53,173022,2283,0,64,0,0,0,LEADER,1,0,0,63,0,0,0,0,0,0,0,0,0,0,0
175381,92,bully,1438,1,0,0,64,0,896,0,1,92,173943,1438,0,65,0,0,0,LEADER,1,0,0,64,0,0,0,0,0,0,0,0,0,0,0
175555,91,bully,1619,1,0,0,64,0,896,0,1,91,173936,1619,0,65,0,0,0,LEADER,1,0,0,64,0,0,0,0,0,0,0,0,0,0,0
175817,62,bully,1874,1,0,0,64,0,896,0,1,62,173943,1874,0,65,0,0,0,LEADER,1,0,0,64,0,0,0,0,0,0,0,0,0,0,0
175514,15,bully,1571,1,0,0,64,0,896,0,1,15,173943,1571,0,65,0,0,0,LEADER,1,0,0,64,0,0,0,0,0,0,0,0,0,0,0
175183,26,bully,2161,1,0,0,63,0,882,0,1,26,173022,2161,0,64,0,0,0,LEADER,1,0,0,63,0,0,0,0,0,0,0,0,0,0,0
175920,49,bully,1977,1,0,0,64,0,896,0,1,49,173943,1977,0,65,0,0,0,LEADER,1,0,0,64,0,0,0,0,0,0,0,0,0,0,0
175735,58,bully,1792,1,0,0,64,0,896,0,1,58,173943,1792,0,65,0,0,0,LEADER,1,0,0,64,0,0,0,0,0,0,0,0,0,0,0
175268,86,bully,2246,1,0,0,63,0,882,0,1,86,173022,2246,0,64,0,0,0,LEADER,1,0,0,63,0,0,0,0,0,0,0,0,0,0,0
175441,50,bully,2419,1,0,0,63,0,882,0,1,50,173022,2419,0,64,0,0,0,LEADER,1,0,0,63,0,0,0,0,0,0,0,0,0,0,0
175291,85,bully,2268,1,0,0,63,0,882,0,1,85,173023,2268,0,64,0,0,0,LEADER,1,0,0,63,0,0,0,0,0,0,0,0,0,0,0
175230,87,bully,2212,1,0,0,63,0,882,0,1,87,173018,2212,0,64,0,0,0,LEADER,1,0,0,63,0,0,0,0,0,0,0,0,0,0,0
175438,64,bully,2416,1,0,0,63,0,882,0,1,64,173022,2416,0,64,0,0,0,LEADER,1,0,0,63,0,0,0,0,0,0,0,0,0,0,0
175287,11,bully,2264,1,0,0,63,0,882,0,1,11,173023,2264,0,64,0,0,0,LEADER,1,0,0,63,0,0,0,0,0,0,0,0,0,0,0
175377,18,bully,1434,1,0,0,64,0,896,0,1,18,173943,1434,0,65,0,0,0,LEADER,1,0,0,64,0,0,0,0,0,0,0,0,0,0,0
175496,90,bully,1553,1,0,0,64,0,896,0,1,90,173943,1553,0,65,0,0,0,LEADER,1,0,0,64,0,0,0,0,0,0,0,0,0,0,0
175390,35,bully,1447,1,0,0,64,0,896,0,1,35,173943,1447,0,65,0,0,0,LEADER,1,0,0,64,0,0,0,0,0,0,0,0,0,0,0
175271,43,bully,2249,1,0,0,63,0,882,0,1,43,173022,2249,0,64,0,0,0,LEADER,1,0,0,63,0,0,0,0,0,0,0,0,0,0,0
175410,28,bully,1467,1,0,0,64,0,896,0,1,28,173943,1467,0,65,0,0,0,LEADER,1,0,0,64,0,0,0,0,0,0,0,0,0,0,0
175248,44,bully,2228,1,0,0,63,0,882,0,1,44,173020,2228,0,64,0,0,0,LEADER,1,0,0,63,0,0,0,0,0,0,0,0,0,0,0
176084,23,bully,2141,1,0,0,64,0,896,0,1,23,173943,2141,0,65,0,0,0,LEADER,1,0,0,64,0,0,0,0,0,0,0,0,0,0,0
175404,30,bully,1461,1,0,0,64,0,896,0,1,30,173943,1461,0,65,0,0,0,LEADER,1,0,0,64,0,0,0,0,0,0,0,0,0,0,0
175802,94,bully,1859,1,0,0,64,0,896,0,1,94,173943,1859,0,65,0,0,0,LEADER,1,0,0,64,0,0,0,0,0,0,0,0,0,0,0
175444,38,bully,1501,1,0,0,64,0,896,0,1,38,173943,1501,0,65,0,0,0,LEADER,1,0,0,64,0,0,0,0,0,0,0,0,0,0,0
176123,66,bully,2180,1,0,0,64,0,896,0,1,66,173943,2180,0,65,0,0,0,LEADER,1,0,0,64,0,0,0,0,0,0,0,0,0,0,0
175429,70,bully,1486,1,0,0,64,0,896,0,1,70,173943,1486,0,65,0,0,0,LEADER,1,0,0,64,0,0,0,0,0,0,0,0,0,0,0
176074,88,bully,2131,1,0,0,64,0,896,0,1,88,173943,2131,0,65,0,0,0,LEADER,1,0,0,64,0,0,0,0,0,0,0,0,0,0,0
175257,75,bully,2235,1,0,0,63,0,882,0,1,75,173022,2235,0,64,0,0,0,LEADER,1,0,0,63,0,0,0,0,0,0,0,0,0,0,0
175267,12,bully,2243,1,0,0,63,0,882,0,1,12,173024,2243,0,64,0,0,0,LEADER,1,0,0,63,0,0,0,0,0,0,0,0,0,0,0
175968,27,bully,2025,1,0,0,64,0,896,0,1,27,173943,2025,0,65,0,0,0,LEADER,1,0,0,64,0,0,0,0,0,0,0,0,0,0,0
175457,42,bully,1514,1,0,0,64,0,896,0,1,42,173943,1514,0,65,0,0,0,LEADER,1,0,0,64,0,0,0,0,0,0,0,0,0,0,0
176104,24,bully,2161,1,0,0,64,0,896,0,1,24,173943,2161,0,65,0,0,0,LEADER,1,0,0,64,0,0,0,0,0,0,0,0,0,0,0
176056,46,bully,2113,1,0,0,64,0,896,0,1,46,173943,2113,0,65,0,0,0,LEADER,1,0,0,64,0,0,0,0,0,0,0,0,0,0,0
175953,59,bully,2010,1,0,0,64,0,896,0,1,59,173943,2010,0,65,0,0,0,LEADER,1,0,0,64,0,0,0,0,0,0,0,0,0,0,0
175581,34,bully,1637,1,0,0,64,0,896,0,1,34,173944,1637,0,65,0,0,0,LEADER,1,0,0,64,0,0,0,0,0,0,0,0,0,0,0
176235,32,bully,2292,1,0,0,64,0,896,0,1,32,173943,2292,0,65,0,0,0,LEADER,1,0,0,64,0,0,0,0,0,0,0,0,0,0,0
175850,72,bully,1907,1,0,0,64,0,896,0,1,72,173943,1907,0,65,0,0,0,LEADER,1,0,0,64,0,0,0,0,0,0,0,0,0,0,0
176262,63,bully,2316,1,0,0,64,0,896,0,1,63,173946,2316,0,65,0,0,0,LEADER,1,0,0,64,0,0,0,0,0,0,0,0,0,0,0
175735,74,bully,1792,1,0,0,64,0,896,0,1,74,173943,1792,0,65,0,0,0,LEADER,1,0,0,64,0,0,0,0,0,0,0,0,0,0,0
175477,48,bully,1534,1,0,0,64,0,896,0,1,48,173943,1534,0,65,0,0,0,LEADER,1,0,0,64,0,0,0,0,0,0,0,0,0,0,0
175940,57,bully,1995,1,0,0,64,0,896,0,1,57,173945,1995,0,65,0,0,0,LEADER,1,0,0,64,0,0,0,0,0,0,0,0,0,0,0
176008,68,bully,2065,1,0,0,64,0,896,0,1,68,173943,2065,0,65,0,0,0,LEADER,1,0,0,64,0,0,0,0,0,0,0,0,0,0,0
175409,45,bully,1466,1,0,0,64,0,896,0,1,45,173943,1466,0,65,0,0,0,LEADER,1,0,0,64,0,0,0,0,0,0,0,0,0,0,0
175766,93,bully,1823,1,0,0,64,0,896,0,1,93,173943,1823,0,65,0,0,0,LEADER,1,0,0,64,0,0,0,0,0,0,0,0,0,0,0
176347,82,bully,2404,1,0,0,64,0,896,0,1,82,173943,2404,0,65,0,0,0,LEADER,1,0,0,64,0,0,0,0,0,0,0,0,0,0,0
176341,51,bully,2398,1,0,0,64,0,896,0,1,51,173943,2398,0,65,0,0,0,LEADER,1,0,0,64,0,0,0,0,0,0,0,0,0,0,0
175886,39,bully,1943,1,0,0,64,0,896,0,1,39,173943,1943,0,65,0,0,0,LEADER,1,0,0,64,0,0,0,0,0,0,0,0,0,0,0
175632,78,bully,1689,1,0,0,64,0,896,0,1,78,173943,1689,0,65,0,0,0,LEADER,1,0,0,64,0,0,0,0,0,0,0,0,0,0,0
176020,79,bully,2077,1,0,0,64,0,896,0,1,79,173943,2077,0,65,0,0,0,LEADER,1,0,0,64,0,0,0,0,0,0,0,0,0,0,0
175595,14,bully,1652,1,0,0,64,0,896,0,1,14,173943,1652,0,65,0,0,0,LEADER,1,0,0,64,0,0,0,0,0,0,0,0,0,0,0
176022,36,bully,2080,1,0,0,64,0,896,0,1,36,173942,2080,0,65,0,0,0,LEADER,1,0,0,64,0,0,0,0,0,0,0,0,0,0,0
175905,81,bully,1962,1,0,0,64,0,896,0,1,81,173943,1962,0,65,0,0,0,LEADER,1,0,0,64,0,0,0,0,0,0,0,0,0,0,0
175565,67,bully,1622,1,0,0,64,0,896,0,1,67,173943,1622,0,65,0,0,0,LEADER,1,0,0,64,0,0,0,0,0,0,0,0,0,0,0
176326,83,bully,2383,1,0,0,64,0,896,0,1,83,173943,2383,0,65,0,0,0,LEADER,1,0,0,64,0,0,0,0,0,0,0,0,0,0,0
176470,99,bully,1607,1,0,0,64,0,896,0,1,99,174863,1607,0,65,0,0,0,LEADER,1,0,0,64,0,0,0,0,0,0,0,0,0,0,0
175647,55,bully,1704,1,0,0,64,0,896,0,1,55,173943,1704,0,65,0,0,0,LEADER,1,0,0,64,0,0,0,0,0,0,0,0,0,0,0
176437,89,bully,1574,1,0,0,64,0,896,0,1,89,174863,1574,0,65,0,0,0,LEADER,1,0,0,64,0,0,0,0,0,0,0,0,0,0,0
175599,77,bully,1656,1,0,0,64,0,896,0,1,77,173943,1656,0,65,0,0,0,LEADER,1,0,0,64,0,0,0,0,0,0,0,0,0,0,0
175871,71,bully,1928,1,0,0,64,0,896,0,1,71,173943,1928,0,65,0,0,0,LEADER,1,0,0,64,0,0,0,0,0,0,0,0,0,0,0
175783,52,bully,1840,1,0,0,64,0,896,0,1,52,173943,1840,0,65,0,0,0,LEADER,1,0,0,64,0,0,0,0,0,0,0,0,0,0,0
176150,76,bully,2213,1,0,0,64,0,896,0,1,76,173937,2213,0,65,0,0,0,LEADER,1,0,0,64,0,0,0,0,0,0,0,0,0,0,0
175750,10,bully,1807,1,0,0,64,0,896,0,1,10,173943,1807,0,65,0,0,0,LEADER,1,0,0,64,0,0,0,0,0,0,0,0,0,0,0
175683,22,bully,1740,1,0,0,64,0,896,0,1,22,173943,1740,0,65,0,0,0,LEADER,1,0,0,64,0,0,0,0,0,0,0,0,0,0,0
175830,21,bully,1889,1,0,0,64,0,896,0,1,21,173941,1889,0,65,0,0,0,LEADER,1,0,0,64,0,0,0,0,0,0,0,0,0,0,0
176089,56,bully,2146,1,0,0,64,0,896,0,1,56,173943,2146,0,65,0,0,0,LEADER,1,0,0,64,0,0,0,0,0,0,0,0,0,0,0
175614,60,bully,1671,1,0,0,64,0,896,0,1,60,173943,1671,0,65,0,0,0,LEADER,1,0,0,64,0,0,0,0,0,0,0,0,0,0,0
176467,25,bully,1604,1,0,0,64,0,896,0,1,25,174863,1604,0,65,0,0,0,LEADER,1,0,0,64,0,0,0,0,0,0,0,0,0,0,0
175680,65,bully,1737,1,0,0,64,0,896,0,1,65,173943,1737,0,65,0,0,0,LEADER,1,0,0,64,0,0,0,0,0,0,0,0,0,0,0
176356,19,bully,2413,1,0,0,64,0,896,0,1,19,173943,2413,0,65,0,0,0,LEADER,1,0,0,64,0,0,0,0,0,0,0,0,0,0,0
175986,69,bully,2043,1,0,0,64,0,896,0,1,69,173943,2043,0,65,0,0,0,LEADER,1,0,0,64,0,0,0,0,0,0,0,0,0,0,0
176588,54,bully,1725,1,0,0,64,0,896,0,1,54,174863,1725,0,65,0,0,0,LEADER,1,0,0,64,0,0,0,0,0,0,0,0,0,0,0
175892,5,bully,2001,1,0,0,17,25,238,350,6,4,173891,2001,0,8,0,0,0,NORMAL,0,0,0,17,0,0,0,25,0,0,0,0,0,0,0
175935,17,bully,1992,1,0,0,64,0,896,0,1,17,173943,1992,0,65,0,0,0,LEADER,1,0,0,64,0,0,0,0,0,0,0,0,0,0,0
176449,100,bully,1586,1,0,0,64,0,896,0,1,100,174863,1586,0,65,0,0,0,LEADER,1,0,0,64,0,0,0,0,0,0,0,0,0,0,0
176412,16,bully,1549,1,0,0,64,0,896,0,1,16,174863,1549,0,65,0,0,0,LEADER,1,0,0,64,0,0,0,0,0,0,0,0,0,0,0
176001,37,bully,2058,1,0,0,64,0,896,0,1,37,173943,2058,0,65,0,0,0,LEADER,1,0,0,64,0,0,0,0,0,0,0,0,0,0,0
176637,13,bully,1774,1,0,0,64,0,896,0,1,13,174863,1774,0,65,0,0,0,LEADER,1,0,0,64,0,0,0,0,0,0,0,0,0,0,0
175798,20,bully,1855,1,0,0,64,0,896,0,1,20,173943,1855,0,65,0,0,0,LEADER,1,0,0,64,0,0,0,0,0,0,0,0,0,0,0
176430,41,bully,1567,1,0,0,64,0,896,0,1,41,174863,1567,0,65,0,0,0,LEADER,1,0,0,64,0,0,0,0,0,0,0,0,0,0,0
176419,47,bully,1556,1,0,0,64,0,896,0,1,47,174863,1556,0,65,0,0,0,LEADER,1,0,0,64,0,0,0,0,0,0,0,0,0,0,0
176245,95,bully,2301,1,0,0,64,0,896,0,1,95,173944,2301,0,65,0,0,0,LEADER,1,0,0,64,0,0,0,0,0,0,0,0,0,0,0
176108,98,bully,2165,1,0,0,64,0,896,0,1,98,173943,2165,0,65,0,0,0,LEADER,1,0,0,64,0,0,0,0,0,0,0,0,0,0,0
176292,73,bully,2349,1,0,0,64,0,896,0,1,73,173943,2349,0,65,0,0,0,LEADER,1,0,0,64,0,0,0,0,0,0,0,0,0,0,0
176615,33,bully,1752,1,0,0,64,0,896,0,1,33,174863,1752,0,65,0,0,0,LEADER,1,0,0,64,0,0,0,0,0,0,0,0,0,0,0
176585,97,bully,1722,1,0,0,64,0,896,0,1,97,174863,1722,0,65,0,0,0,LEADER,1,0,0,64,0,0,0,0,0,0,0,0,0,0,0
175838,61,bully,1895,1,0,0,64,0,896,0,1,61,173943,1895,0,65,0,0,0,LEADER,1,0,0,64,0,0,0,0,0,0,0,0,0,0,0
176785,40,bully,1922,1,0,0,64,0,896,0,1,40,174863,1922,0,65,0,0,0,LEADER,1,0,0,64,0,0,0,0,0,0,0,0,0,0,0
176274,31,bully,2331,1,0,0,64,0,896,0,1,31,173943,2331,0,65,0,0,0,LEADER,1,0,0,64,0,0,0,0,0,0,0,0,0,0,0
176775,29,bully,1910,1,0,0,64,0,896,0,1,29,174865,1910,0,65,0,0,0,LEADER,1,0,0,64,0,0,0,0,0,0,0,0,0,0,0
176601,96,bully,1744,1,0,0,64,0,896,0,1,96,174857,1744,0,65,0,0,0,LEADER,1,0,0,64,0,0,0,0,0,0,0,0,0,0,0
176688,84,bully,1825,1,0,0,64,0,896,0,1,84,174863,1825,0,65,0,0,0,LEADER,1,0,0,64,0,0,0,0,0,0,0,0,0,0,0
176382,80,bully,1519,1,0,0,64,0,896,0,1,80,174863,1519,0,65,0,0,0,LEADER,1,0,0,64,0,0,0,0,0,0,0,0,0,0,0
176226,53,bully,2283,1,0,0,64,0,896,0,1,53,173943,2283,0,65,0,0,0,LEADER,1,0,0,64,0,0,0,0,0,0,0,0,0,0,0
176301,92,bully,1438,1,0,0,64,0,896,0,1,92,174863,1438,0,65,0,0,0,LEADER,1,0,0,64,0,0,0,0,0,0,0,0,0,0,0
176475,91,bully,1619,1,0,0,64,0,896,0,1,91,174856,1619,0,65,0,0,0,LEADER,1,0,0,64,0,0,0,0,0,0,0,0,0,0,0
176737,62,bully,1874,1,0,0,64,0,896,0,1,62,174863,1874,0,65,0,0,0,LEADER,1,0,0,64,0,0,0,0,0,0,0,0,0,0,0
176434,15,bully,1571,1,0,0,64,0,896,0,1,15,174863,1571,0,65,0,0,0,LEADER,1,0,0,64,0,0,0,0,0,0,0,0,0,0,0
176104,26,bully,2161,1,0,0,64,0,896,0,1,26,173943,2161,0,65,0,0,0,LEADER,1,0,0,64,0,0,0,0,0,0,0,0,0,0,0
176840,49,bully,1977,1,0,0,64,0,896,0,1,49,174863,1977,0,65,0,0,0,LEADER,1,0,0,64,0,0,0,0,0,0,0,0,0,0,0
176655,58,bully,1792,1,0,0,64,0,896,0,1,58,174863,1792,0,65,0,0,0,LEADER,1,0,0,64,0,0,0,0,0,0,0,0,0,0,0
176189,86,bully,2246,1,0,0,64,0,896,0,1,86,173943,2246,0,65,0,0,0,LEADER,1,0,0,64,0,0,0,0,0,0,0,0,0,0,0
176362,50,bully,2419,1,0,0,64,0,896,0,1,50,173943,2419,0,65,0,0,0,LEADER,1,0,0,64,0,0,0,0,0,0,0,0,0,0,0
176212,85,bully,2268,1,0,0,64,0,896,0,1,85,173944,2268,0,65,0,0,0,LEADER,1,0,0,64,0,0,0,0,0,0,0,0,0,0,0
176151,87,bully,2212,1,0,0,64,0,896,0,1,87,173939,2212,0,65,0,0,0,LEADER,1,0,0,64,0,0,0,0,0,0,0,0,0,0,0
176359,64,bully,2416,1,0,0,64,0,896,0,1,64,173943,2416,0,65,0,0,0,LEADER,1,0,0,64,0,0,0,0,0,0,0,0,0,0,0
176297,18,bully,1434,1,0,0,64,0,896,0,1,18,174863,1434,0,65,0,0,0,LEADER,1,0,0,64,0,0,0,0,0,0,0,0,0,0,0
176208,11,bully,2264,1,0,0,64,0,896,0,1,11,173944,2264,0,65,0,0,0,LEADER,1,0,0,64,0,0,0,0,0,0,0,0,0,0,0
176416,90,bully,1553,1,0,0,64,0,896,0,1,90,174863,1553,0,65,0,0,0,LEADER,1,0,0,64,0,0,0,0,0,0,0,0,0,0,0
176310,35,bully,1447,1,0,0,64,0,896,0,1,35,174863,1447,0,65,0,0,0,LEADER,1,0,0,64,0,0,0,0,0,0,0,0,0,0,0
176192,43,bully,2249,1,0,0,64,0,896,0,1,43,173943,2249,0,65,0,0,0,LEADER,1,0,0,64,0,0,0,0,0,0,0,0,0,0,0
176330,28,bully,1467,1,0,0,64,0,896,0,1,28,174863,1467,0,65,0,0,0,LEADER,1,0,0,64,0,0,0,0,0,0,0,0,0,0,0
176169,44,bully,2228,1,0,0,64,0,896,0,1,44,173941,2228,0,65,0,0,0,LEADER,1,0,0,64,0,0,0,0,0,0,0,0,0,0,0
177004,23,bully,2141,1,0,0,64,0,896,0,1,23,174863,2141,0,65,0,0,0,LEADER,1,0,0,64,0,0,0,0,0,0,0,0,0,0,0
176324,30,bully,1461,1,0,0,64,0,896,0,1,30,174863,1461,0,65,0,0,0,LEADER,1,0,0,64,0,0,0,0,0,0,0,0,0,0,0
176722,94,bully,1859,1,0,0,64,0,896,0,1,94,174863,1859,0,65,0,0,0,LEADER,1,0,0,64,0,0,0,0,0,0,0,0,0,0,0
176364,38,bully,1501,1,0,0,64,0,896,0,1,38,174863,1501,0,65,0,0,0,LEADER,1,0,0,64,0,0,0,0,0,0,0,0,0,0,0
177043,66,bully,2180,1,0,0,64,0,896,0,1,66,174863,2180,0,65,0,0,0,LEADER,1,0,0,64,0,0,0,0,0,0,0,0,0,0,0
176349,70,bully,1486,1,0,0,64,0,896,0,1,70,174863,1486,0,65,0,0,0,LEADER,1,0,0,64,0,0,0,0,0,0,0,0,0,0,0
176994,88,bully,2131,1,0,0,64,0,896,0,1,88,174863,2131,0,65,0,0,0,LEADER,1,0,0,64,0,0,0,0,0,0,0,0,0,0,0
176479,7,bully,2253,1,0,0,16,28,224,392,6,4,174226,2253,0,7,0,0,0,NORMAL,0,0,0,16,0,0,0,28,0,0,0,0,0,0,0
176178,75,bully,2235,1,0,0,64,0,896,0,1,75,173943,2235,0,65,0,0,0,LEADER,1,0,0,64,0,0,0,0,0,0,0,0,0,0,0
176188,12,bully,2243,1,0,0,64,0,896,0,1,12,173945,2243,0,65,0,0,0,LEADER,1,0,0,64,0,0,0,0,0,0,0,0,0,0,0
176888,27,bully,2025,1,0,0,64,0,896,0,1,27,174863,2025,0,65,0,0,0,LEADER,1,0,0,64,0,0,0,0,0,0,0,0,0,0,0
176377,42,bully,1514,1,0,0,64,0,896,0,1,42,174863,1514,0,65,0,0,0,LEADER,1,0,0,64,0,0,0,0,0,0,0,0,0,0,0
177024,24,bully,2161,1,0,0,64,0,896,0,1,24,174863,2161,0,65,0,0,0,LEADER,1,0,0,64,0,0,0,0,0,0,0,0,0,0,0
176976,46,bully,2113,1,0,0,64,0,896,0,1,46,174863,2113,0,65,0,0,0,LEADER,1,0,0,64,0,0,0,0,0,0,0,0,0,0,0
176873,59,bully,2010,1,0,0,64,0,896,0,1,59,174863,2010,0,65,0,0,0,LEADER,1,0,0,64,0,0,0,0,0,0,0,0,0,0,0
176501,34,bully,1637,1,0,0,64,0,896,0,1,34,174864,1637,0,65,0,0,0,LEADER,1,0,0,64,0,0,0,0,0,0,0,0,0,0,0
177155,32,bully,2292,1,0,0,64,0,896,0,1,32,174863,2292,0,65,0,0,0,LEADER,1,0,0,64,0,0,0,0,0,0,0,0,0,0,0
176770,72,bully,1907,1,0,0,64,0,896,0,1,72,174863,1907,0,65,0,0,0,LEADER,1,0,0,64,0,0,0,0,0,0,0,0,0,0,0
177182,63,bully,2316,1,0,0,64,0,896,0,1,63,174866,2316,0,65,0,0,0,LEADER,1,0,0,64,0,0,0,0,0,0,0,0,0,0,0
176655,74,bully,1792,1,0,0,64,0,896,0,1,74,174863,1792,0,65,0,0,0,LEADER,1,0,0,64,0,0,0,0,0,0,0,0,0,0,0
176397,48,bully,1534,1,0,0,64,0,896,0,1,48,174863,1534,0,65,0,0,0,LEADER,1,0,0,64,0,0,0,0,0,0,0,0,0,0,0
176860,57,bully,1995,1,0,0,64,0,896,0,1,57,174865,1995,0,65,0,0,0,LEADER,1,0,0,64,0,0,0,0,0,0,0,0,0,0,0
176928,68,bully,2065,1,0,0,64,0,896,0,1,68,174863,2065,0,65,0,0,0,LEADER,1,0,0,64,0,0,0,0,0,0,0,0,0,0,0
176329,45,bully,1466,1,0,0,64,0,896,0,1,45,174863,1466,0,65,0,0,0,LEADER,1,0,0,64,0,0,0,0,0,0,0,0,0,0,0
176686,93,bully,1823,1,0,0,64,0,896,0,1,93,174863,1823,0,65,0,0,0,LEADER,1,0,0,64,0,0,0,0,0,0,0,0,0,0,0
177267,82,bully,2404,1,0,0,64,0,896,0,1,82,174863,2404,0,65,0,0,0,LEADER,1,0,0,64,0,0,0,0,0,0,0,0,0,0,0
177261,51,bully,2398,1,0,0,64,0,896,0,1,51,174863,2398,0,65,0,0,0,LEADER,1,0,0,64,0,0,0,0,0,0,0,0,0,0,0
176806,39,bully,1943,1,0,0,64,0,896,0,1,39,174863,1943,0,65,0,0,0,LEADER,1,0,0,64,0,0,0,0,0,0,0,0,0,0,0
176552,78,bully,1689,1,0,0,64,0,896,0,1,78,174863,1689,0,65,0,0,0,LEADER,1,0,0,64,0,0,0,0,0,0,0,0,0,0,0
176940,79,bully,2077,1,0,0,64,0,896,0,1,79,174863,2077,0,65,0,0,0,LEADER,1,0,0,64,0,0,0,0,0,0,0,0,0,0,0
176515,14,bully,1652,1,0,0,64,0,896,0,1,14,174863,1652,0,65,0,0,0,LEADER,1,0,0,64,0,0,0,0,0,0,0,0,0,0,0
176942,36,bully,2080,1,0,0,64,0,896,0,1,36,174862,2080,0,65,0,0,0,LEADER,1,0,0,64,0,0,0,0,0,0,0,0,0,0,0
176825,81,bully,1962,1,0,0,64,0,896,0,1,81,174863,1962,0,65,0,0,0,LEADER,1,0,0,64,0,0,0,0,0,0,0,0,0,0,0
176485,67,bully,1622,1,0,0,64,0,896,0,1,67,174863,1622,0,65,0,0,0,LEADER,1,0,0,64,0,0,0,0,0,0,0,0,0,0,0
177246,83,bully,2383,1,0,0,64,0,896,0,1,83,174863,2383,0,65,0,0,0,LEADER,1,0,0,64,0,0,0,0,0,0,0,0,0,0,0
177390,99,bully,1607,1,0,0,64,0,896,0,1,99,175783,1607,0,65,0,0,0,LEADER,1,0,0,64,0,0,0,0,0,0,0,0,0,0,0
176567,55,bully,1704,1,0,0,64,0,896,0,1,55,174863,1704,0,65,0,0,0,LEADER,1,0,0,64,0,0,0,0,0,0,0,0,0,0,0
176705,4,bully,2115,1,0,0,13,27,182,378,4,4,174590,2115,0,8,0,0,0,LEADER,1,0,0,13,0,0,0,27,0,0,0,0,0,0,0
177357,89,bully,1574,1,0,0,64,0,896,0,1,89,175783,1574,0,65,0,0,0,LEADER,1,0,0,64,0,0,0,0,0,0,0,0,0,0,0
176519,77,bully,1656,1,0,0,64,0,896,0,1,77,174863,1656,0,65,0,0,0,LEADER,1,0,0,64,0,0,0,0,0,0,0,0,0,0,0
176791,71,bully,1928,1,0,0,64,0,896,0,1,71,174863,1928,0,65,0,0,0,LEADER,1,0,0,64,0,0,0,0,0,0,0,0,0,0,0
176703,52,bully,1840,1,0,0,64,0,896,0,1,52,174863,1840,0,65,0,0,0,LEADER,1,0,0,64,0,0,0,0,0,0,0,0,0,0,0
177070,76,bully,2213,1,0,0,64,0,896,0,1,76,174857,2213,0,65,0,0,0,LEADER,1,0,0,64,0,0,0,0,0,0,0,0,0,0,0
176670,10,bully,1807,1,0,0,64,0,896,0,1,10,174863,1807,0,65,0,0,0,LEADER,1,0,0,64,0,0,0,0,0,0,0,0,0,0,0
176603,22,bully,1740,1,0,0,64,0,896,0,1,22,174863,1740,0,65,0,0,0,LEADER,1,0,0,64,0,0,0,0,0,0,0,0,0,0,0
176750,21,bully,1889,1,0,0,64,0,896,0,1,21,174861,1889,0,65,0,0,0,LEADER,1,0,0,64,0,0,0,0,0,0,0,0,0,0,0
177009,56,bully,2146,1,0,0,64,0,896,0,1,56,174863,2146,0,65,0,0,0,LEADER,1,0,0,64,0,0,0,0,0,0,0,0,0,0,0
176534,60,bully,1671,1,0,0,64,0,896,0,1,60,174863,1671,0,65,0,0,0,LEADER,1,0,0,64,0,0,0,0,0,0,0,0,0,0,0
177387,25,bully,1604,1,0,0,64,0,896,0,1,25,175783,1604,0,65,0,0,0,LEADER,1,0,0,64,0,0,0,0,0,0,0,0,0,0,0
176600,65,bully,1737,1,0,0,64,0,896,0,1,65,174863,1737,0,65,0,0,0,LEADER,1,0,0,64,0,0,0,0,0,0,0,0,0,0,0
177276,19,bully,2413,1,0,0,64,0,896,0,1,19,174863,2413,0,65,0,0,0,LEADER,1,0,0,64,0,0,0,0,0,0,0,0,0,0,0
176906,69,bully,2043,1,0,0,64,0,896,0,1,69,174863,2043,0,65,0,0,0,LEADER,1,0,0,64,0,0,0,0,0,0,0,0,0,0,0
177508,54,bully,1725,1,0,0,64,0,896,0,1,54,175783,1725,0,65,0,0,0,LEADER,1,0,0,64,0,0,0,0,0,0,0,0,0,0,0
176855,17,bully,1992,1,0,0,64,0,896,0,1,17,174863,1992,0,65,0,0,0,LEADER,1,0,0,64,0,0,0,0,0,0,0,0,0,0,0
177369,100,bully,1586,1,0,0,64,0,896,0,1,100,175783,1586,0,65,0,0,0,LEADER,1,0,0,64,0,0,0,0,0,0,0,0,0,0,0
177332,16,bully,1549,1,0,0,64,0,896,0,1,16,175783,1549,0,65,0,0,0,LEADER,1,0,0,64,0,0,0,0,0,0,0,0,0,0,0
176921,37,bully,2058,1,0,0,64,0,896,0,1,37,174863,2058,0,65,0,0,0,LEADER,1,0,0,64,0,0,0,0,0,0,0,0,0,0,0
177557,13,bully,1774,1,0,0,64,0,896,0,1,13,175783,1774,0,65,0,0,0,LEADER,1,0,0,64,0,0,0,0,0,0,0,0,0,0,0
176718,20,bully,1855,1,0,0,64,0,896,0,1,20,174863,1855,0,65,0,0,0,LEADER,1,0,0,64,0,0,0,0,0,0,0,0,0,0,0
177350,41,bully,1567,1,0,0,64,0,896,0,1,41,175783,1567,0,65,0,0,0,LEADER,1,0,0,64,0,0,0,0,0,0,0,0,0,0,0
177339,47,bully,1556,1,0,0,64,0,896,0,1,47,175783,1556,0,65,0,0,0,LEADER,1,0,0,64,0,0,0,0,0,0,0,0,0,0,0
177165,95,bully,2301,1,0,0,64,0,896,0,1,95,174864,2301,0,65,0,0,0,LEADER,1,0,0,64,0,0,0,0,0,0,0,0,0,0,0
177028,98,bully,2165,1,0,0,64,0,896,0,1,98,174863,2165,0,65,0,0,0,LEADER,1,0,0,64,0,0,0,0,0,0,0,0,0,0,0
177212,73,bully,2349,1,0,0,64,0,896,0,1,73,174863,2349,0,65,0,0,0,LEADER,1,0,0,64,0,0,0,0,0,0,0,0,0,0,0
177535,33,bully,1752,1,0,0,64,0,896,0,1,33,175783,1752,0,65,0,0,0,LEADER,1,0,0,64,0,0,0,0,0,0,0,0,0,0,0
177505,97,bully,1722,1,0,0,64,0,896,0,1,97,175783,1722,0,65,0,0,0,LEADER,1,0,0,64,0,0,0,0,0,0,0,0,0,0,0
176758,61,bully,1895,1,0,0,64,0,896,0,1,61,174863,1895,0,65,0,0,0,LEADER,1,0,0,64,0,0,0,0,0,0,0,0,0,0,0
177705,40,bully,1922,1,0,0,64,0,896,0,1,40,175783,1922,0,65,0,0,0,LEADER,1,0,0,64,0,0,0,0,0,0,0,0,0,0,0
177194,31,bully,2331,1,0,0,64,0,896,0,1,31,174863,2331,0,65,0,0,0,LEADER,1,0,0,64,0,0,0,0,0,0,0,0,0,0,0
177695,29,bully,1910,1,0,0,64,0,896,0,1,29,175785,1910,0,65,0,0,0,LEADER,1,0,0,64,0,0,0,0,0,0,0,0,0,0,0
177521,96,bully,1744,1,0,0,64,0,896,0,1,96,175777,1744,0,65,0,0,0,LEADER,1,0,0,64,0,0,0,0,0,0,0,0,0,0,0
177608,84,bully,1825,1,0,0,64,0,896,0,1,84,175783,1825,0,65,0,0,0,LEADER,1,0,0,64,0,0,0,0,0,0,0,0,0,0,0
177302,80,bully,1519,1,0,0,64,0,896,0,1,80,175783,1519,0,65,0,0,0,LEADER,1,0,0,64,0,0,0,0,0,0,0,0,0,0,0
177146,53,bully,2283,1,0,0,64,0,896,0,1,53,174863,2283,0,65,0,0,0,LEADER,1,0,0,64,0,0,0,0,0,0,0,0,0,0,0
177221,92,bully,1438,1,0,0,64,0,896,0,1,92,175783,1438,0,65,0,0,0,LEADER,1,0,0,64,0,0,0,0,0,0,0,0,0,0,0
177395,91,bully,1619,1,0,0,64,0,896,0,1,91,175776,1619,0,65,0,0,0,LEADER,1,0,0,64,0,0,0,0,0,0,0,0,0,0,0
177657,62,bully,1874,1,0,0,64,0,896,0,1,62,175783,1874,0,65,0,0,0,LEADER,1,0,0,64,0,0,0,0,0,0,0,0,0,0,0
177354,15,bully,1571,1,0,0,64,0,896,0,1,15,175783,1571,0,65,0,0,0,LEADER,1,0,0,64,0,0,0,0,0,0,0,0,0,0,0
177024,26,bully,2161,1,0,0,64,0,896,0,1,26,174863,2161,0,65,0,0,0,LEADER,1,0,0,64,0,0,0,0,0,0,0,0,0,0,0
177760,49,bully,1977,1,0,0,64,0,896,0,1,49,175783,1977,0,65,0,0,0,LEADER,1,0,0,64,0,0,0,0,0,0,0,0,0,0,0
177575,58,bully,1792,1,0,0,64,0,896,0,1,58,175783,1792,0,65,0,0,0,LEADER,1,0,0,64,0,0,0,0,0,0,0,0,0,0,0
177109,86,bully,2246,1,0,0,64,0,896,0,1,86,174863,2246,0,65,0,0,0,LEADER,1,0,0,64,0,0,0,0,0,0,0,0,0,0,0
177282,50,bully,2419,1,0,0,64,0,896,0,1,50,174863,2419,0,65,0,0,0,LEADER,1,0,0,64,0,0,0,0,0,0,0,0,0,0,0
177132,85,bully,2268,1,0,0,64,0,896,0,1,85,174864,2268,0,65,0,0,0,LEADER,1,0,0,64,0,0,0,0,0,0,0,0,0,0,0
177071,87,bully,2212,1,0,0,64,0,896,0,1,87,174859,2212,0,65,0,0,0,LEADER,1,0,0,64,0,0,0,0,0,0,0,0,0,0,0
177279,64,bully,2416,1,0,0,64,0,896,0,1,64,174863,2416,0,65,0,0,0,LEADER,1,0,0,64,0,0,0,0,0,0,0,0,0,0,0
177217,18,bully,1434,1,0,0,64,0,896,0,1,18,175783,1434,0,65,0,0,0,LEADER,1,0,0,64,0,0,0,0,0,0,0,0,0,0,0
177128,11,bully,2264,1,0,0,64,0,896,0,1,11,174864,2264,0,65,0,0,0,LEADER,1,0,0,64,0,0,0,0,0,0,0,0,0,0,0
177336,90,bully,1553,1,0,0,64,0,896,0,1,90,175783,1553,0,65,0,0,0,LEADER,1,0,0,64,0,0,0,0,0,0,0,0,0,0,0
177230,35,bully,1447,1,0,0,64,0,896,0,1,35,175783,1447,0,65,0,0,0,LEADER,1,0,0,64,0,0,0,0,0,0,0,0,0,0,0
177112,43,bully,2249,1,0,0,64,0,896,0,1,43,174863,2249,0,65,0,0,0,LEADER,1,0,0,64,0,0,0,0,0,0,0,0,0,0,0
177250,28,bully,1467,1,0,0,64,0,896,0,1,28,175783,1467,0,65,0,0,0,LEADER,1,0,0,64,0,0,0,0,0,0,0,0,0,0,0
177089,44,bully,2228,1,0,0,64,0,896,0,1,44,174861,2228,0,65,0,0,0,LEADER,1,0,0,64,0,0,0,0,0,0,0,0,0,0,0
177924,23,bully,2141,1,0,0,64,0,896,0,1,23,175783,2141,0,65,0,0,0,LEADER,1,0,0,64,0,0,0,0,0,0,0,0,0,0,0
177244,30,bully,1461,1,0,0,64,0,896,0,1,30,175783,1461,0,65,0,0,0,LEADER,1,0,0,64,0,0,0,0,0,0,0,0,0,0,0
177642,94,bully,1859,1,0,0,64,0,896,0,1,94,175783,1859,0,65,0,0,0,LEADER,1,0,0,64,0,0,0,0,0,0,0,0,0,0,0
177284,38,bully,1501,1,0,0,64,0,896,0,1,38,175783,1501,0,65,0,0,0,LEADER,1,0,0,64,0,0,0,0,0,0,0,0,0,0,0
177963,66,bully,2180,1,0,0,64,0,896,0,1,66,175783,2180,0,65,0,0,0,LEADER,1,0,0,64,0,0,0,0,0,0,0,0,0,0,0
177269,70,bully,1486,1,0,0,64,0,896,0,1,70,175783,1486,0,65,0,0,0,LEADER,1,0,0,64,0,0,0,0,0,0,0,0,0,0,0
177914,88,bully,2131,1,0,0,64,0,896,0,1,88,175783,2131,0,65,0,0,0,LEADER,1,0,0,64,0,0,0,0,0,0,0,0,0,0,0
177098,75,bully,2235,1,0,0,64,0,896,0,1,75,174863,2235,0,65,0,0,0,LEADER,1,0,0,64,0,0,0,0,0,0,0,0,0,0,0
177108,12,bully,2243,1,0,0,64,0,896,0,1,12,174865,2243,0,65,0,0,0,LEADER,1,0,0,64,0,0,0,0,0,0,0,0,0,0,0
177808,27,bully,2025,1,0,0,64,0,896,0,1,27,175783,2025,0,65,0,0,0,LEADER,1,0,0,64,0,0,0,0,0,0,0,0,0,0,0
177540,9,bully,2514,1,0,0,12,16,168,224,5,4,175026,2514,0,6,0,0,0,NORMAL,0,0,0,12,0,0,0,16,0,0,0,0,0,0,0
177297,42,bully,1514,1,0,0,64,0,896,0,1,42,175783,1514,0,65,0,0,0,LEADER,1,0,0,64,0,0,0,0,0,0,0,0,0,0,0
177944,24,bully,2161,1,0,0,64,0,896,0,1,24,175783,2161,0,65,0,0,0,LEADER,1,0,0,64,0,0,0,0,0,0,0,0,0,0,0
177896,46,bully,2113,1,0,0,64,0,896,0,1,46,175783,2113,0,65,0,0,0,LEADER,1,0,0,64,0,0,0,0,0,0,0,0,0,0,0
177793,59,bully,2010,1,0,0,64,0,896,0,1,59,175783,2010,0,65,0,0,0,LEADER,1,0,0,64,0,0,0,0,0,0,0,0,0,0,0
178075,32,bully,2292,1,0,0,64,0,896,0,1,32,175783,2292,0,65,0,0,0,LEADER,1,0,0,64,0,0,0,0,0,0,0,0,0,0,0
177421,34,bully,1637,1,0,0,64,0,896,0,1,34,175784,1637,0,65,0,0,0,LEADER,1,0,0,64,0,0,0,0,0,0,0,0,0,0,0
177690,72,bully,1907,1,0,0,64,0,896,0,1,72,175783,1907,0,65,0,0,0,LEADER,1,0,0,64,0,0,0,0,0,0,0,0,0,0,0
178102,63,bully,2316,1,0,0,64,0,896,0,1,63,175786,2316,0,65,0,0,0,LEADER,1,0,0,64,0,0,0,0,0,0,0,0,0,0,0
177575,74,bully,1792,1,0,0,64,0,896,0,1,74,175783,1792,0,65,0,0,0,LEADER,1,0,0,64,0,0,0,0,0,0,0,0,0,0,0
177317,48,bully,1534,1,0,0,64,0,896,0,1,48,175783,1534,0,65,0,0,0,LEADER,1,0,0,64,0,0,0,0,0,0,0,0,0,0,0
177780,57,bully,1995,1,0,0,64,0,896,0,1,57,175785,1995,0,65,0,0,0,LEADER,1,0,0,64,0,0,0,0,0,0,0,0,0,0,0
177848,68,bully,2065,1,0,0,64,0,896,0,1,68,175783,2065,0,65,0,0,0,LEADER,1,0,0,64,0,0,0,0,0,0,0,0,0,0,0
177249,45,bully,1466,1,0,0,64,0,896,0,1,45,175783,1466,0,65,0,0,0,LEADER,1,0,0,64,0,0,0,0,0,0,0,0,0,0,0
177606,93,bully,1823,1,0,0,64,0,896,0,1,93,175783,1823,0,65,0,0,0,LEADER,1,0,0,64,0,0,0,0,0,0,0,0,0,0,0
178187,82,bully,2404,1,0,0,64,0,896,0,1,82,175783,2404,0,65,0,0,0,LEADER,1,0,0,64,0,0,0,0,0,0,0,0,0,0,0
178181,51,bully,2398,1,0,0,64,0,896,0,1,51,175783,2398,0,65,0,0,0,LEADER,1,0,0,64,0,0,0,0,0,0,0,0,0,0,0
177726,39,bully,1943,1,0,0,64,0,896,0,1,39,175783,1943,0,65,0,0,0,LEADER,1,0,0,64,0,0,0,0,0,0,0,0,0,0,0
177472,78,bully,1689,1,0,0,64,0,896,0,1,78,175783,1689,0,65,0,0,0,LEADER,1,0,0,64,0,0,0,0,0,0,0,0,0,0,0
177860,79,bully,2077,1,0,0,64,0,896,0,1,79,175783,2077,0,65,0,0,0,LEADER,1,0,0,64,0,0,0,0,0,0,0,0,0,0,0
177435,14,bully,1652,1,0,0,64,0,896,0,1,14,175783,1652,0,65,0,0,0,LEADER,1,0,0,64,0,0,0,0,0,0,0,0,0,0,0
177862,36,bully,2080,1,0,0,64,0,896,0,1,36,175782,2080,0,65,0,0,0,LEADER,1,0,0,64,0,0,0,0,0,0,0,0,0,0,0
177745,81,bully,1962,1,0,0,64,0,896,0,1,81,175783,1962,0,65,0,0,0,LEADER,1,0,0,64,0,0,0,0,0,0,0,0,0,0,0
177405,67,bully,1622,1,0,0,64,0,896,0,1,67,175783,1622,0,65,0,0,0,LEADER,1,0,0,64,0,0,0,0,0,0,0,0,0,0,0
178166,83,bully,2383,1,0,0,64,0,896,0,1,83,175783,2383,0,65,0,0,0,LEADER,1,0,0,64,0,0,0,0,0,0,0,0,0,0,0
178311,99,bully,1607,1,0,0,65,0,910,0,1,99,176704,1607,0,66,0,0,0,LEADER,1,0,0,65,0,0,0,0,0,0,0,0,0,0,0
177487,55,bully,1704,1,0,0,64,0,896,0,1,55,175783,1704,0,65,0,0,0,LEADER,1,0,0,64,0,0,0,0,0,0,0,0,0,0,0
178278,89,bully,1574,1,0,0,65,0,910,0,1,89,176704,1574,0,66,0,0,0,LEADER,1,0,0,65,0,0,0,0,0,0,0,0,0,0,0
177439,77,bully,1656,1,0,0,64,0,896,0,1,77,175783,1656,0,65,0,0,0,LEADER,1,0,0,64,0,0,0,0,0,0,0,0,0,0,0
177711,71,bully,1928,1,0,0,64,0,896,0,1,71,175783,1928,0,65,0,0,0,LEADER,1,0,0,64,0,0,0,0,0,0,0,0,0,0,0
177623,52,bully,1840,1,0,0,64,0,896,0,1,52,175783,1840,0,65,0,0,0,LEADER,1,0,0,64,0,0,0,0,0,0,0,0,0,0,0
177990,76,bully,2213,1,0,0,64,0,896,0,1,76,175777,2213,0,65,0,0,0,LEADER,1,0,0,64,0,0,0,0,0,0,0,0,0,0,0
177590,10,bully,1807,1,0,0,64,0,896,0,1,10,175783,1807,0,65,0,0,0,LEADER,1,0,0,64,0,0,0,0,0,0,0,0,0,0,0
177523,22,bully,1740,1,0,0,64,0,896,0,1,22,175783,1740,0,65,0,0,0,LEADER,1,0,0,64,0,0,0,0,0,0,0,0,0,0,0
177670,21,bully,1889,1,0,0,64,0,896,0,1,21,175781,1889,0,65,0,0,0,LEADER,1,0,0,64,0,0,0,0,0,0,0,0,0,0,0
177929,56,bully,2146,1,0,0,64,0,896,0,1,56,175783,2146,0,65,0,0,0,LEADER,1,0,0,64,0,0,0,0,0,0,0,0,0,0,0
177454,60,bully,1671,1,0,0,64,0,896,0,1,60,175783,1671,0,65,0,0,0,LEADER,1,0,0,64,0,0,0,0,0,0,0,0,0,0,0
178308,25,bully,1604,1,0,0,65,0,910,0,1,25,176704,1604,0,66,0,0,0,LEADER,1,0,0,65,0,0,0,0,0,0,0,0,0,0,0
177520,65,bully,1737,1,0,0,64,0,896,0,1,65,175783,1737,0,65,0,0,0,LEADER,1,0,0,64,0,0,0,0,0,0,0,0,0,0,0
178196,19,bully,2413,1,0,0,64,0,896,0,1,19,175783,2413,0,65,0,0,0,LEADER,1,0,0,64,0,0,0,0,0,0,0,0,0,0,0
177826,69,bully,2043,1,0,0,64,0,896,0,1,69,175783,2043,0,65,0,0,0,LEADER,1,0,0,64,0,0,0,0,0,0,0,0,0,0,0
178429,54,bully,1725,1,0,0,65,0,910,0,1,54,176704,1725,0,66,0,0,0,LEADER,1,0,0,65,0,0,0,0,0,0,0,0,0,0,0
177775,17,bully,1992,1,0,0,64,0,896,0,1,17,175783,1992,0,65,0,0,0,LEADER,1,0,0,64,0,0,0,0,0,0,0,0,0,0,0
178290,100,bully,1586,1,0,0,65,0,910,0,1,100,176704,1586,0,66,0,0,0,LEADER,1,0,0,65,0,0,0,0,0,0,0,0,0,0,0
178253,16,bully,1549,1,0,0,65,0,910,0,1,16,176704,1549,0,66,0,0,0,LEADER,1,0,0,65,0,0,0,0,0,0,0,0,0,0,0
177841,37,bully,2058,1,0,0,64,0,896,0,1,37,175783,2058,0,65,0,0,0,LEADER,1,0,0,64,0,0,0,0,0,0,0,0,0,0,0
178478,13,bully,1774,1,0,0,65,0,910,0,1,13,176704,1774,0,66,0,0,0,LEADER,1,0,0,65,0,0,0,0,0,0,0,0,0,0,0
177638,20,bully,1855,1,0,0,64,0,896,0,1,20,175783,1855,0,65,0,0,0,LEADER,1,0,0,64,0,0,0,0,0,0,0,0,0,0,0
178271,41,bully,1567,1,0,0,65,0,910,0,1,41,176704,1567,0,66,0,0,0,LEADER,1,0,0,65,0,0,0,0,0,0,0,0,0,0,0
178260,47,bully,1556,1,0,0,65,0,910,0,1,47,176704,1556,0,66,0,0,0,LEADER,1,0,0,65,0,0,0,0,0,0,0,0,0,0,0
178085,95,bully,2301,1,0,0,64,0,896,0,1,95,175784,2301,0,65,0,0,0,LEADER,1,0,0,64,0,0,0,0,0,0,0,0,0,0,0
177948,98,bully,2165,1,0,0,64,0,896,0,1,98,175783,2165,0,65,0,0,0,LEADER,1,0,0,64,0,0,0,0,0,0,0,0,0,0,0
178132,73,bully,2349,1,0,0,64,0,896,0,1,73,175783,2349,0,65,0,0,0,LEADER,1,0,0,64,0,0,0,0,0,0,0,0,0,0,0
177678,61,bully,1895,1,0,0,64,0,896,0,1,61,175783,1895,0,65,0,0,0,LEADER,1,0,0,64,0,0,0,0,0,0,0,0,0,0,0
178426,97,bully,1722,1,0,0,65,0,910,0,1,97,176704,1722,0,66,0,0,0,LEADER,1,0,0,65,0,0,0,0,0,0,0,0,0,0,0
178456,33,bully,1752,1,0,0,65,0,910,0,1,33,176704,1752,0,66,0,0,0,LEADER,1,0,0,65,0,0,0,0,0,0,0,0,0,0,0
178114,31,bully,2331,1,0,0,64,0,896,0,1,31,175783,2331,0,65,0,0,0,LEADER,1,0,0,64,0,0,0,0,0,0,0,0,0,0,0
178626,40,bully,1922,1,0,0,65,0,910,0,1,40,176704,1922,0,66,0,0,0,LEADER,1,0,0,65,0,0,0,0,0,0,0,0,0,0,0
178616,29,bully,1910,1,0,0,65,0,910,0,1,29,176706,1910,0,66,0,0,0,LEADER,1,0,0,65,0,0,0,0,0,0,0,0,0,0,0
178442,96,bully,1744,1,0,0,65,0,910,0,1,96,176698,1744,0,66,0,0,0,LEADER,1,0,0,65,0,0,0,0,0,0,0,0,0,0,0
178529,84,bully,1825,1,0,0,65,0,910,0,1,84,176704,1825,0,66,0,0,0,LEADER,1,0,0,65,0,0,0,0,0,0,0,0,0,0,0
178223,80,bully,1519,1,0,0,65,0,910,0,1,80,176704,1519,0,66,0,0,0,LEADER,1,0,0,65,0,0,0,0,0,0,0,0,0,0,0
178066,53,bully,2283,1,0,0,64,0,896,0,1,53,175783,2283,0,65,0,0,0,LEADER,1,0,0,64,0,0,0,0,0,0,0,0,0,0,0
178142,92,bully,1438,1,0,0,65,0,910,0,1,92,176704,1438,0,66,0,0,0,LEADER,1,0,0,65,0,0,0,0,0,0,0,0,0,0,0
178315,91,bully,1619,1,0,0,65,0,910,0,1,91,176696,1619,0,66,0,0,0,LEADER,1,0,0,65,0,0,0,0,0,0,0,0,0,0,0
178578,62,bully,1874,1,0,0,65,0,910,0,1,62,176704,1874,0,66,0,0,0,LEADER,1,0,0,65,0,0,0,0,0,0,0,0,0,0,0
178275,15,bully,1571,1,0,0,65,0,910,0,1,15,176704,1571,0,66,0,0,0,LEADER,1,0,0,65,0,0,0,0,0,0,0,0,0,0,0
177944,26,bully,2161,1,0,0,64,0,896,0,1,26,175783,2161,0,65,0,0,0,LEADER,1,0,0,64,0,0,0,0,0,0,0,0,0,0,0
178681,49,bully,1977,1,0,0,65,0,910,0,1,49,176704,1977,0,66,0,0,0,LEADER,1,0,0,65,0,0,0,0,0,0,0,0,0,0,0
178496,58,bully,1792,1,0,0,65,0,910,0,1,58,176704,1792,0,66,0,0,0,LEADER,1,0,0,65,0,0,0,0,0,0,0,0,0,0,0
178029,86,bully,2246,1,0,0,64,0,896,0,1,86,175783,2246,0,65,0,0,0,LEADER,1,0,0,64,0,0,0,0,0,0,0,0,0,0,0
178202,50,bully,2419,1,0,0,64,0,896,0,1,50,175783,2419,0,65,0,0,0,LEADER,1,0,0,64,0,0,0,0,0,0,0,0,0,0,0
178052,85,bully,2268,1,0,0,64,0,896,0,1,85,175784,2268,0,65,0,0,0,LEADER,1,0,0,64,0,0,0,0,0,0,0,0,0,0,0
177991,87,bully,2212,1,0,0,64,0,896,0,1,87,175779,2212,0,65,0,0,0,LEADER,1,0,0,64,0,0,0,0,0,0,0,0,0,0,0
178199,64,bully,2416,1,0,0,64,0,896,0,1,64,175783,2416,0,65,0,0,0,LEADER,1,0,0,64,0,0,0,0,0,0,0,0,0,0,0
178048,11,bully,2264,1,0,0,64,0,896,0,1,11,175784,2264,0,65,0,0,0,LEADER,1,0,0,64,0,0,0,0,0,0,0,0,0,0,0
178138,18,bully,1434,1,0,0,65,0,910,0,1,18,176704,1434,0,66,0,0,0,LEADER,1,0,0,65,0,0,0,0,0,0,0,0,0,0,0
178257,90,bully,1553,1,0,0,65,0,910,0,1,90,176704,1553,0,66,0,0,0,LEADER,1,0,0,65,0,0,0,0,0,0,0,0,0,0,0
178151,35,bully,1447,1,0,0,65,0,910,0,1,35,176704,1447,0,66,0,0,0,LEADER,1,0,0,65,0,0,0,0,0,0,0,0,0,0,0
178032,43,bully,2249,1,0,0,64,0,896,0,1,43,175783,2249,0,65,0,0,0,LEADER,1,0,0,64,0,0,0,0,0,0,0,0,0,0,0
178171,28,bully,1467,1,0,0,65,0,910,0,1,28,176704,1467,0,66,0,0,0,LEADER,1,0,0,65,0,0,0,0,0,0,0,0,0,0,0
178009,44,bully,2228,1,0,0,64,0,896,0,1,44,175781,2228,0,65,0,0,0,LEADER,1,0,0,64,0,0,0,0,0,0,0,0,0,0,0
178845,23,bully,2141,1,0,0,65,0,910,0,1,23,176704,2141,0,66,0,0,0,LEADER,1,0,0,65,0,0,0,0,0,0,0,0,0,0,0
178165,30,bully,1461,1,0,0,65,0,910,0,1,30,176704,1461,0,66,0,0,0,LEADER,1,0,0,65,0,0,0,0,0,0,0,0,0,0,0
178563,94,bully,1859,1,0,0,65,0,910,0,1,94,176704,1859,0,66,0,0,0,LEADER,1,0,0,65,0,0,0,0,0,0,0,0,0,0,0
178205,38,bully,1501,1,0,0,65,0,910,0,1,38,176704,1501,0,66,0,0,0,LEADER,1,0,0,65,0,0,0,0,0,0,0,0,0,0,0
178884,66,bully,2180,1,0,0,65,0,910,0,1,66,176704,2180,0,66,0,0,0,LEADER,1,0,0,65,0,0,0,0,0,0,0,0,0,0,0
178190,70,bully,1486,1,0,0,65,0,910,0,1,70,176704,1486,0,66,0,0,0,LEADER,1,0,0,65,0,0,0,0,0,0,0,0,0,0,0
178835,88,bully,2131,1,0,0,65,0,910,0,1,88,176704,2131,0,66,0,0,0,LEADER,1,0,0,65,0,0,0,0,0,0,0,0,0,0,0
178018,75,bully,2235,1,0,0,64,0,896,0,1,75,175783,2235,0,65,0,0,0,LEADER,1,0,0,64,0,0,0,0,0,0,0,0,0,0,0
178028,12,bully,2243,1,0,0,64,0,896,0,1,12,175785,2243,0,65,0,0,0,LEADER,1,0,0,64,0,0,0,0,0,0,0,0,0,0,0
178729,27,bully,2025,1,0,0,65,0,910,0,1,27,176704,2025,0,66,0,0,0,LEADER,1,0,0,65,0,0,0,0,0,0,0,0,0,0,0
178218,42,bully,1514,1,0,0,65,0,910,0,1,42,176704,1514,0,66,0,0,0,LEADER,1,0,0,65,0,0,0,0,0,0,0,0,0,0,0
178490,8,bully,2467,1,0,0,16,28,224,392,5,4,176023,2467,0,7,0,0,0,NORMAL,0,0,0,16,0,0,0,28,0,0,0,0,0,0,0
178865,24,bully,2161,1,0,0,65,0,910,0,1,24,176704,2161,0,66,0,0,0,LEADER,1,0,0,65,0,0,0,0,0,0,0,0,0,0,0
178817,46,bully,2113,1,0,0,65,0,910,0,1,46,176704,2113,0,66,0,0,0,LEADER,1,0,0,65,0,0,0,0,0,0,0,0,0,0,0
178714,59,bully,2010,1,0,0,65,0,910,0,1,59,176704,2010,0,66,0,0,0,LEADER,1,0,0,65,0,0,0,0,0,0,0,0,0,0,0
178342,34,bully,1637,1,0,0,65,0,910,0,1,34,176705,1637,0,66,0,0,0,LEADER,1,0,0,65,0,0,0,0,0,0,0,0,0,0,0
178996,32,bully,2292,1,0,0,65,0,910,0,1,32,176704,2292,0,66,0,0,0,LEADER,1,0,0,65,0,0,0,0,0,0,0,0,0,0,0
178611,72,bully,1907,1,0,0,65,0,910,0,1,72,176704,1907,0,66,0,0,0,LEADER,1,0,0,65,0,0,0,0,0,0,0,0,0,0,0
179023,63,bully,2316,1,0,0,65,0,910,0,1,63,176707,2316,0,66,0,0,0,LEADER,1,0,0,65,0,0,0,0,0,0,0,0,0,0,0
178496,74,bully,1792,1,0,0,65,0,910,0,1,74,176704,1792,0,66,0,0,0,LEADER,1,0,0,65,0,0,0,0,0,0,0,0,0,0,0
178238,48,bully,1534,1,0,0,65,0,910,0,1,48,176704,1534,0,66,0,0,0,LEADER,1,0,0,65,0,0,0,0,0,0,0,0,0,0,0
178701,57,bully,1995,1,0,0,65,0,910,0,1,57,176706,1995,0,66,0,0,0,LEADER,1,0,0,65,0,0,0,0,0,0,0,0,0,0,0
178769,68,bully,2065,1,0,0,65,0,910,0,1,68,176704,2065,0,66,0,0,0,LEADER,1,0,0,65,0,0,0,0,0,0,0,0,0,0,0
178170,45,bully,1466,1,0,0,65,0,910,0,1,45,176704,1466,0,66,0,0,0,LEADER,1,0,0,65,0,0,0,0,0,0,0,0,0,0,0
178527,93,bully,1823,1,0,0,65,0,910,0,1,93,176704,1823,0,66,0,0,0,LEADER,1,0,0,65,0,0,0,0,0,0,0,0,0,0,0
179108,82,bully,2404,1,0,0,65,0,910,0,1,82,176704,2404,0,66,0,0,0,LEADER,1,0,0,65,0,0,0,0,0,0,0,0,0,0,0
179102,51,bully,2398,1,0,0,65,0,910,0,1,51,176704,2398,0,66,0,0,0,LEADER,1,0,0,65,0,0,0,0,0,0,0,0,0,0,0
178647,39,bully,1943,1,0,0,65,0,910,0,1,39,176704,1943,0,66,0,0,0,LEADER,1,0,0,65,0,0,0,0,0,0,0,0,0,0,0
178393,78,bully,1689,1,0,0,65,0,910,0,1,78,176704,1689,0,66,0,0,0,LEADER,1,0,0,65,0,0,0,0,0,0,0,0,0,0,0
178781,79,bully,2077,1,0,0,65,0,910,0,1,79,176704,2077,0,66,0,0,0,LEADER,1,0,0,65,0,0,0,0,0,0,0,0,0,0,0
178356,14,bully,1652,1,0,0,65,0,910,0,1,14,176704,1652,0,66,0,0,0,LEADER,1,0,0,65,0,0,0,0,0,0,0,0,0,0,0
178783,36,bully,2080,1,0,0,65,0,910,0,1,36,176703,2080,0,66,0,0,0,LEADER,1,0,0,65,0,0,0,0,0,0,0,0,0,0,0
178666,81,bully,1962,1,0,0,65,0,910,0,1,81,176704,1962,0,66,0,0,0,LEADER,1,0,0,65,0,0,0,0,0,0,0,0,0,0,0
178326,67,bully,1622,1,0,0,65,0,910,0,1,67,176704,1622,0,66,0,0,0,LEADER,1,0,0,65,0,0,0,0,0,0,0,0,0,0,0
179087,83,bully,2383,1,0,0,65,0,910,0,1,83,176704,2383,0,66,0,0,0,LEADER,1,0,0,65,0,0,0,0,0,0,0,0,0,0,0
179231,99,bully,1607,1,0,0,65,0,910,0,1,99,177624,1607,0,66,0,0,0,LEADER,1,0,0,65,0,0,0,0,0,0,0,0,0,0,0
178408,55,bully,1704,1,0,0,65,0,910,0,1,55,176704,1704,0,66,0,0,0,LEADER,1,0,0,65,0,0,0,0,0,0,0,0,0,0,0
179198,89,bully,1574,1,0,0,65,0,910,0,1,89,177624,1574,0,66,0,0,0,LEADER,1,0,0,65,0,0,0,0,0,0,0,0,0,0,0
178360,77,bully,1656,1,0,0,65,0,910,0,1,77,176704,1656,0,66,0,0,0,LEADER,1,0,0,65,0,0,0,0,0,0,0,0,0,0,0
178632,71,bully,1928,1,0,0,65,0,910,0,1,71,176704,1928,0,66,0,0,0,LEADER,1,0,0,65,0,0,0,0,0,0,0,0,0,0,0
178544,52,bully,1840,1,0,0,65,0,910,0,1,52,176704,1840,0,66,0,0,0,LEADER,1,0,0,65,0,0,0,0,0,0,0,0,0,0,0
178911,76,bully,2213,1,0,0,65,0,910,0,1,76,176698,2213,0,66,0,0,0,LEADER,1,0,0,65,0,0,0,0,0,0,0,0,0,0,0
178511,10,bully,1807,1,0,0,65,0,910,0,1,10,176704,1807,0,66,0,0,0,LEADER,1,0,0,65,0,0,0,0,0,0,0,0,0,0,0
178444,22,bully,1740,1,0,0,65,0,910,0,1,22,176704,1740,0,66,0,0,0,LEADER,1,0,0,65,0,0,0,0,0,0,0,0,0,0,0
178591,21,bully,1889,1,0,0,65,0,910,0,1,21,176702,1889,0,66,0,0,0,LEADER,1,0,0,65,0,0,0,0,0,0,0,0,0,0,0
178850,56,bully,2146,1,0,0,65,0,910,0,1,56,176704,2146,0,66,0,0,0,LEADER,1,0,0,65,0,0,0,0,0,0,0,0,0,0,0
178375,60,bully,1671,1,0,0,65,0,910,0,1,60,176704,1671,0,66,0,0,0,LEADER,1,0,0,65,0,0,0,0,0,0,0,0,0,0,0
179228,25,bully,1604,1,0,0,65,0,910,0,1,25,177624,1604,0,66,0,0,0,LEADER,1,0,0,65,0,0,0,0,0,0,0,0,0,0,0
178441,65,bully,1737,1,0,0,65,0,910,0,1,65,176704,1737,0,66,0,0,0,LEADER,1,0,0,65,0,0,0,0,0,0,0,0,0,0,0
179117,19,bully,2413,1,0,0,65,0,910,0,1,19,176704,2413,0,66,0,0,0,LEADER,1,0,0,65,0,0,0,0,0,0,0,0,0,0,0
178747,69,bully,2043,1,0,0,65,0,910,0,1,69,176704,2043,0,66,0,0,0,LEADER,1,0,0,65,0,0,0,0,0,0,0,0,0,0,0
179349,54,bully,1725,1,0,0,65,0,910,0,1,54,177624,1725,0,66,0,0,0,LEADER,1,0,0,65,0,0,0,0,0,0,0,0,0,0,0
178696,17,bully,1992,1,0,0,65,0,910,0,1,17,176704,1992,0,66,0,0,0,LEADER,1,0,0,65,0,0,0,0,0,0,0,0,0,0,0
179210,100,bully,1586,1,0,0,65,0,910,0,1,100,177624,1586,0,66,0,0,0,LEADER,1,0,0,65,0,0,0,0,0,0,0,0,0,0,0
179173,16,bully,1549,1,0,0,65,0,910,0,1,16,177624,1549,0,66,0,0,0,LEADER,1,0,0,65,0,0,0,0,0,0,0,0,0,0,0
178762,37,bully,2058,1,0,0,65,0,910,0,1,37,176704,2058,0,66,0,0,0,LEADER,1,0,0,65,0,0,0,0,0,0,0,0,0,0,0
179398,13,bully,1774,1,0,0,65,0,910,0,1,13,177624,1774,0,66,0,0,0,LEADER,1,0,0,65,0,0,0,0,0,0,0,0,0,0,0
178559,20,bully,1855,1,0,0,65,0,910,0,1,20,176704,1855,0,66,0,0,0,LEADER,1,0,0,65,0,0,0,0,0,0,0,0,0,0,0
179191,41,bully,1567,1,0,0,65,0,910,0,1,41,177624,1567,0,66,0,0,0,LEADER,1,0,0,65,0,0,0,0,0,0,0,0,0,0,0
179180,47,bully,1556,1,0,0,65,0,910,0,1,47,177624,1556,0,66,0,0,0,LEADER,1,0,0,65,0,0,0,0,0,0,0,0,0,0,0
179006,95,bully,2301,1,0,0,65,0,910,0,1,95,176705,2301,0,66,0,0,0,LEADER,1,0,0,65,0,0,0,0,0,0,0,0,0,0,0
178869,98,bully,2165,1,0,0,65,0,910,0,1,98,176704,2165,0,66,0,0,0,LEADER,1,0,0,65,0,0,0,0,0,0,0,0,0,0,0
179053,73,bully,2349,1,0,0,65,0,910,0,1,73,176704,2349,0,66,0,0,0,LEADER,1,0,0,65,0,0,0,0,0,0,0,0,0,0,0
179376,33,bully,1752,1,0,0,65,0,910,0,1,33,177624,1752,0,66,0,0,0,LEADER,1,0,0,65,0,0,0,0,0,0,0,0,0,0,0
179346,97,bully,1722,1,0,0,65,0,910,0,1,97,177624,1722,0,66,0,0,0,LEADER,1,0,0,65,0,0,0,0,0,0,0,0,0,0,0
178599,61,bully,1895,1,0,0,65,0,910,0,1,61,176704,1895,0,66,0,0,0,LEADER,1,0,0,65,0,0,0,0,0,0,0,0,0,0,0
179546,40,bully,1922,1,0,0,65,0,910,0,1,40,177624,1922,0,66,0,0,0,LEADER,1,0,0,65,0,0,0,0,0,0,0,0,0,0,0
179035,31,bully,2331,1,0,0,65,0,910,0,1,31,176704,2331,0,66,0,0,0,LEADER,1,0,0,65,0,0,0,0,0,0,0,0,0,0,0
179536,29,bully,1910,1,0,0,65,0,910,0,1,29,177626,1910,0,66,0,0,0,LEADER,1,0,0,65,0,0,0,0,0,0,0,0,0,0,0
179362,96,bully,1744,1,0,0,65,0,910,0,1,96,177618,1744,0,66,0,0,0,LEADER,1,0,0,65,0,0,0,0,0,0,0,0,0,0,0
179449,84,bully,1825,1,0,0,65,0,910,0,1,84,177624,1825,0,66,0,0,0,LEADER,1,0,0,65,0,0,0,0,0,0,0,0,0,0,0
179143,80,bully,1519,1,0,0,65,0,910,0,1,80,177624,1519,0,66,0,0,0,LEADER,1,0,0,65,0,0,0,0,0,0,0,0,0,0,0
178987,53,bully,2283,1,0,0,65,0,910,0,1,53,176704,2283,0,66,0,0,0,LEADER,1,0,0,65,0,0,0,0,0,0,0,0,0,0,0
179062,92,bully,1438,1,0,0,65,0,910,0,1,92,177624,1438,0,66,0,0,0,LEADER,1,0,0,65,0,0,0,0,0,0,0,0,0,0,0
179235,91,bully,1619,1,0,0,65,0,910,0,1,91,177616,1619,0,66,0,0,0,LEADER,1,0,0,65,0,0,0,0,0,0,0,0,0,0,0
179498,62,bully,1874,1,0,0,65,0,910,0,1,62,177624,1874,0,66,0,0,0,LEADER,1,0,0,65,0,0,0,0,0,0,0,0,0,0,0
179195,15,bully,1571,1,0,0,65,0,910,0,1,15,177624,1571,0,66,0,0,0,LEADER,1,0,0,65,0,0,0,0,0,0,0,0,0,0,0
178865,26,bully,2161,1,0,0,65,0,910,0,1,26,176704,2161,0,66,0,0,0,LEADER,1,0,0,65,0,0,0,0,0,0,0,0,0,0,0
179601,49,bully,1977,1,0,0,65,0,910,0,1,49,177624,1977,0,66,0,0,0,LEADER,1,0,0,65,0,0,0,0,0,0,0,0,0,0,0
179416,58,bully,1792,1,0,0,65,0,910,0,1,58,177624,1792,0,66,0,0,0,LEADER,1,0,0,65,0,0,0,0,0,0,0,0,0,0,0
178950,86,bully,2246,1,0,0,65,0,910,0,1,86,176704,2246,0,66,0,0,0,LEADER,1,0,0,65,0,0,0,0,0,0,0,0,0,0,0
179123,50,bully,2419,1,0,0,65,0,910,0,1,50,176704,2419,0,66,0,0,0,LEADER,1,0,0,65,0,0,0,0,0,0,0,0,0,0,0
178973,85,bully,2268,1,0,0,65,0,910,0,1,85,176705,2268,0,66,0,0,0,LEADER,1,0,0,65,0,0,0,0,0,0,0,0,0,0,0
178912,87,bully,2212,1,0,0,65,0,910,0,1,87,176700,2212,0,66,0,0,0,LEADER,1,0,0,65,0,0,0,0,0,0,0,0,0,0,0
179120,64,bully,2416,1,0,0,65,0,910,0,1,64,176704,2416,0,66,0,0,0,LEADER,1,0,0,65,0,0,0,0,0,0,0,0,0,0,0
179058,18,bully,1434,1,0,0,65,0,910,0,1,18,177624,1434,0,66,0,0,0,LEADER,1,0,0,65,0,0,0,0,0,0,0,0,0,0,0
178969,11,bully,2264,1,0,0,65,0,910,0,1,11,176705,2264,0,66,0,0,0,LEADER,1,0,0,65,0,0,0,0,0,0,0,0,0,0,0
179177,90,bully,1553,1,0,0,65,0,910,0,1,90,177624,1553,0,66,0,0,0,LEADER,1,0,0,65,0,0,0,0,0,0,0,0,0,0,0
179071,35,bully,1447,1,0,0,65,0,910,0,1,35,177624,1447,0,66,0,0,0,LEADER,1,0,0,65,0,0,0,0,0,0,0,0,0,0,0
178953,43,bully,2249,1,0,0,65,0,910,0,1,43,176704,2249,0,66,0,0,0,LEADER,1,0,0,65,0,0,0,0,0,0,0,0,0,0,0
179091,28,bully,1467,1,0,0,65,0,910,0,1,28,177624,1467,0,66,0,0,0,LEADER,1,0,0,65,0,0,0,0,0,0,0,0,0,0,0
178930,44,bully,2228,1,0,0,65,0,910,0,1,44,176702,2228,0,66,0,0,0,LEADER,1,0,0,65,0,0,0,0,0,0,0,0,0,0,0
179765,23,bully,2141,1,0,0,65,0,910,0,1,23,177624,2141,0,66,0,0,0,LEADER,1,0,0,65,0,0,0,0,0,0,0,0,0,0,0
179085,30,bully,1461,1,0,0,65,0,910,0,1,30,177624,1461,0,66,0,0,0,LEADER,1,0,0,65,0,0,0,0,0,0,0,0,0,0,0
179483,94,bully,1859,1,0,0,65,0,910,0,1,94,177624,1859,0,66,0,0,0,LEADER,1,0,0,65,0,0,0,0,0,0,0,0,0,0,0
179125,38,bully,1501,1,0,0,65,0,910,0,1,38,177624,1501,0,66,0,0,0,LEADER,1,0,0,65,0,0,0,0,0,0,0,0,0,0,0
179804,66,bully,2180,1,0,0,65,0,910,0,1,66,177624,2180,0,66,0,0,0,LEADER,1,0,0,65,0,0,0,0,0,0,0,0,0,0,0
179110,70,bully,1486,1,0,0,65,0,910,0,1,70,177624,1486,0,66,0,0,0,LEADER,1,0,0,65,0,0,0,0,0,0,0,0,0,0,0
179755,88,bully,2131,1,0,0,65,0,910,0,1,88,177624,2131,0,66,0,0,0,LEADER,1,0,0,65,0,0,0,0,0,0,0,0,0,0,0
178939,75,bully,2235,1,0,0,65,0,910,0,1,75,176704,2235,0,66,0,0,0,LEADER,1,0,0,65,0,0,0,0,0,0,0,0,0,0,0
178949,12,bully,2243,1,0,0,65,0,910,0,1,12,176706,2243,0,66,0,0,0,LEADER,1,0,0,65,0,0,0,0,0,0,0,0,0,0,0
179649,27,bully,2025,1,0,0,65,0,910,0,1,27,177624,2025,0,66,0,0,0,LEADER,1,0,0,65,0,0,0,0,0,0,0,0,0,0,0
179138,42,bully,1514,1,0,0,65,0,910,0,1,42,177624,1514,0,66,0,0,0,LEADER,1,0,0,65,0,0,0,0,0,0,0,0,0,0,0
179785,24,bully,2161,1,0,0,65,0,910,0,1,24,177624,2161,0,66,0,0,0,LEADER,1,0,0,65,0,0,0,0,0,0,0,0,0,0,0
179737,46,bully,2113,1,0,0,65,0,910,0,1,46,177624,2113,0,66,0,0,0,LEADER,1,0,0,65,0,0,0,0,0,0,0,0,0,0,0
179634,59,bully,2010,1,0,0,65,0,910,0,1,59,177624,2010,0,66,0,0,0,LEADER,1,0,0,65,0,0,0,0,0,0,0,0,0,0,0
179262,34,bully,1637,1,0,0,65,0,910,0,1,34,177625,1637,0,66,0,0,0,LEADER,1,0,0,65,0,0,0,0,0,0,0,0,0,0,0
179916,32,bully,2292,1,0,0,65,0,910,0,1,32,177624,2292,0,66,0,0,0,LEADER,1,0,0,65,0,0,0,0,0,0,0,0,0,0,0
179531,72,bully,1907,1,0,0,65,0,910,0,1,72,177624,1907,0,66,0,0,0,LEADER,1,0,0,65,0,0,0,0,0,0,0,0,0,0,0
179943,63,bully,2316,1,0,0,65,0,910,0,1,63,177627,2316,0,66,0,0,0,LEADER,1,0,0,65,0,0,0,0,0,0,0,0,0,0,0
179416,74,bully,1792,1,0,0,65,0,910,0,1,74,177624,1792,0,66,0,0,0,LEADER,1,0,0,65,0,0,0,0,0,0,0,0,0,0,0
179158,48,bully,1534,1,0,0,65,0,910,0,1,48,177624,1534,0,66,0,0,0,LEADER,1,0,0,65,0,0,0,0,0,0,0,0,0,0,0
179621,57,bully,1995,1,0,0,65,0,910,0,1,57,177626,1995,0,66,0,0,0,LEADER,1,0,0,65,0,0,0,0,0,0,0,0,0,0,0
179689,68,bully,2065,1,0,0,65,0,910,0,1,68,177624,2065,0,66,0,0,0,LEADER,1,0,0,65,0,0,0,0,0,0,0,0,0,0,0
179090,45,bully,1466,1,0,0,65,0,910,0,1,45,177624,1466,0,66,0,0,0,LEADER,1,0,0,65,0,0,0,0,0,0,0,0,0,0,0
179447,93,bully,1823,1,0,0,65,0,910,0,1,93,177624,1823,0,66,0,0,0,LEADER,1,0,0,65,0,0,0,0,0,0,0,0,0,0,0
180028,82,bully,2404,1,0,0,65,0,910,0,1,82,177624,2404,0,66,0,0,0,LEADER,1,0,0,65,0,0,0,0,0,0,0,0,0,0,0
180022,51,bully,2398,1,0,0,65,0,910,0,1,51,177624,2398,0,66,0,0,0,LEADER,1,0,0,65,0,0,0,0,0,0,0,0,0,0,0
179567,39,bully,1943,1,0,0,65,0,910,0,1,39,177624,1943,0,66,0,0,0,LEADER,1,0,0,65,0,0,0,0,0,0,0,0,0,0,0
179313,78,bully,1689,1,0,0,65,0,910,0,1,78,177624,1689,0,66,0,0,0,LEADER,1,0,0,65,0,0,0,0,0,0,0,0,0,0,0
179701,79,bully,2077,1,0,0,65,0,910,0,1,79,177624,2077,0,66,0,0,0,LEADER,1,0,0,65,0,0,0,0,0,0,0,0,0,0,0
179276,14,bully,1652,1,0,0,65,0,910,0,1,14,177624,1652,0,66,0,0,0,LEADER,1,0,0,65,0,0,0,0,0,0,0,0,0,0,0
179703,36,bully,2080,1,0,0,65,0,910,0,1,36,177623,2080,0,66,0,0,0,LEADER,1,0,0,65,0,0,0,0,0,0,0,0,0,0,0
179586,81,bully,1962,1,0,0,65,0,910,0,1,81,177624,1962,0,66,0,0,0,LEADER,1,0,0,65,0,0,0,0,0,0,0,0,0,0,0
179246,67,bully,1622,1,0,0,65,0,910,0,1,67,177624,1622,0,66,0,0,0,LEADER,1,0,0,65,0,0,0,0,0,0,0,0,0,0,0
180007,83,bully,2383,1,0,0,65,0,910,0,1,83,177624,2383,0,66,0,0,0,LEADER,1,0,0,65,0,0,0,0,0,0,0,0,0,0,0
180151,99,bully,1607,1,0,0,65,0,910,0,1,99,178544,1607,0,66,0,0,0,LEADER,1,0,0,65,0,0,0,0,0,0,0,0,0,0,0
179328,55,bully,1704,1,0,0,65,0,910,0,1,55,177624,1704,0,66,0,0,0,LEADER,1,0,0,65,0,0,0,0,0,0,0,0,0,0,0
180118,89,bully,1574,1,0,0,65,0,910,0,1,89,178544,1574,0,66,0,0,0,LEADER,1,0,0,65,0,0,0,0,0,0,0,0,0,0,0
179280,77,bully,1656,1,0,0,65,0,910,0,1,77,177624,1656,0,66,0,0,0,LEADER,1,0,0,65,0,0,0,0,0,0,0,0,0,0,0
179552,71,bully,1928,1,0,0,65,0,910,0,1,71,177624,1928,0,66,0,0,0,LEADER,1,0,0,65,0,0,0,0,0,0,0,0,0,0,0
179464,52,bully,1840,1,0,0,65,0,910,0,1,52,177624,1840,0,66,0,0,0,LEADER,1,0,0,65,0,0,0,0,0,0,0,0,0,0,0
179831,76,bully,2213,1,0,0,65,0,910,0,1,76,177618,2213,0,66,0,0,0,LEADER,1,0,0,65,0,0,0,0,0,0,0,0,0,0,0
179431,10,bully,1807,1,0,0,65,0,910,0,1,10,177624,1807,0,66,0,0,0,LEADER,1,0,0,65,0,0,0,0,0,0,0,0,0,0,0
179364,22,bully,1740,1,0,0,65,0,910,0,1,22,177624,1740,0,66,0,0,0,LEADER,1,0,0,65,0,0,0,0,0,0,0,0,0,0,0
179511,21,bully,1889,1,0,0,65,0,910,0,1,21,177622,1889,0,66,0,0,0,LEADER,1,0,0,65,0,0,0,0,0,0,0,0,0,0,0
179770,56,bully,2146,1,0,0,65,0,910,0,1,56,177624,2146,0,66,0,0,0,LEADER,1,0,0,65,0,0,0,0,0,0,0,0,0,0,0
179295,60,bully,1671,1,0,0,65,0,910,0,1,60,177624,1671,0,66,0,0,0,LEADER,1,0,0,65,0,0,0,0,0,0,0,0,0,0,0
180148,25,bully,1604,1,0,0,65,0,910,0,1,25,178544,1604,0,66,0,0,0,LEADER,1,0,0,65,0,0,0,0,0,0,0,0,0,0,0
179361,65,bully,1737,1,0,0,65,0,910,0,1,65,177624,1737,0,66,0,0,0,LEADER,1,0,0,65,0,0,0,0,0,0,0,0,0,0,0
180037,19,bully,2413,1,0,0,65,0,910,0,1,19,177624,2413,0,66,0,0,0,LEADER,1,0,0,65,0,0,0,0,0,0,0,0,0,0,0
179667,69,bully,2043,1,0,0,65,0,910,0,1,69,177624,2043,0,66,0,0,0,LEADER,1,0,0,65,0,0,0,0,0,0,0,0,0,0,0
180269,54,bully,1725,1,0,0,65,0,910,0,1,54,178544,1725,0,66,0,0,0,LEADER,1,0,0,65,0,0,0,0,0,0,0,0,0,0,0
179616,17,bully,1992,1,0,0,65,0,910,0,1,17,177624,1992,0,66,0,0,0,LEADER,1,0,0,65,0,0,0,0,0,0,0,0,0,0,0
180130,100,bully,1586,1,0,0,65,0,910,0,1,100,178544,1586,0,66,0,0,0,LEADER,1,0,0,65,0,0,0,0,0,0,0,0,0,0,0
180093,16,bully,1549,1,0,0,65,0,910,0,1,16,178544,1549,0,66,0,0,0,LEADER,1,0,0,65,0,0,0,0,0,0,0,0,0,0,0
179682,37,bully,2058,1,0,0,65,0,910,0,1,37,177624,2058,0,66,0,0,0,LEADER,1,0,0,65,0,0,0,0,0,0,0,0,0,0,0
180318,13,bully,1774,1,0,0,65,0,910,0,1,13,178544,1774,0,66,0,0,0,LEADER,1,0,0,65,0,0,0,0,0,0,0,0,0,0,0
179479,20,bully,1855,1,0,0,65,0,910,0,1,20,177624,1855,0,66,0,0,0,LEADER,1,0,0,65,0,0,0,0,0,0,0,0,0,0,0
180111,41,bully,1567,1,0,0,65,0,910,0,1,41,178544,1567,0,66,0,0,0,LEADER,1,0,0,65,0,0,0,0,0,0,0,0,0,0,0
180100,47,bully,1556,1,0,0,65,0,910,0,1,47,178544,1556,0,66,0,0,0,LEADER,1,0,0,65,0,0,0,0,0,0,0,0,0,0,0
179926,95,bully,2301,1,0,0,65,0,910,0,1,95,177625,2301,0,66,0,0,0,LEADER,1,0,0,65,0,0,0,0,0,0,0,0,0,0,0
179789,98,bully,2165,1,0,0,65,0,910,0,1,98,177624,2165,0,66,0,0,0,LEADER,1,0,0,65,0,0,0,0,0,0,0,0,0,0,0
179973,73,bully,2349,1,0,0,65,0,910,0,1,73,177624,2349,0,66,0,0,0,LEADER,1,0,0,65,0,0,0,0,0,0,0,0,0,0,0
179519,61,bully,1895,1,0,0,65,0,910,0,1,61,177624,1895,0,66,0,0,0,LEADER,1,0,0,65,0,0,0,0,0,0,0,0,0,0,0
180296,33,bully,1752,1,0,0,65,0,910,0,1,33,178544,1752,0,66,0,0,0,LEADER,1,0,0,65,0,0,0,0,0,0,0,0,0,0,0
180266,97,bully,1722,1,0,0,65,0,910,0,1,97,178544,1722,0,66,0,0,0,LEADER,1,0,0,65,0,0,0,0,0,0,0,0,0,0,0
179955,31,bully,2331,1,0,0,65,0,910,0,1,31,177624,2331,0,66,0,0,0,LEADER,1,0,0,65,0,0,0,0,0,0,0,0,0,0,0
180466,40,bully,1922,1,0,0,65,0,910,0,1,40,178544,1922,0,66,0,0,0,LEADER,1,0,0,65,0,0,0,0,0,0,0,0,0,0,0
180456,29,bully,1910,1,0,0,65,0,910,0,1,29,178546,1910,0,66,0,0,0,LEADER,1,0,0,65,0,0,0,0,0,0,0,0,0,0,0
180282,96,bully,1744,1,0,0,65,0,910,0,1,96,178538,1744,0,66,0,0,0,LEADER,1,0,0,65,0,0,0,0,0,0,0,0,0,0,0
180369,84,bully,1825,1,0,0,65,0,910,0,1,84,178544,1825,0,66,0,0,0,LEADER,1,0,0,65,0,0,0,0,0,0,0,0,0,0,0
180063,80,bully,1519,1,0,0,65,0,910,0,1,80,178544,1519,0,66,0,0,0,LEADER,1,0,0,65,0,0,0,0,0,0,0,0,0,0,0
179907,53,bully,2283,1,0,0,65,0,910,0,1,53,177624,2283,0,66,0,0,0,LEADER,1,0,0,65,0,0,0,0,0,0,0,0,0,0,0
179982,92,bully,1438,1,0,0,65,0,910,0,1,92,178544,1438,0,66,0,0,0,LEADER,1,0,0,65,0,0,0,0,0,0,0,0,0,0,0
180155,91,bully,1619,1,0,0,65,0,910,0,1,91,178536,1619,0,66,0,0,0,LEADER,1,0,0,65,0,0,0,0,0,0,0,0,0,0,0
180418,62,bully,1874,1,0,0,65,0,910,0,1,62,178544,1874,0,66,0,0,0,LEADER,1,0,0,65,0,0,0,0,0,0,0,0,0,0,0
180115,15,bully,1571,1,0,0,65,0,910,0,1,15,178544,1571,0,66,0,0,0,LEADER,1,0,0,65,0,0,0,0,0,0,0,0,0,0,0
179785,26,bully,2161,1,0,0,65,0,910,0,1,26,177624,2161,0,66,0,0,0,LEADER,1,0,0,65,0,0,0,0,0,0,0,0,0,0,0
180521,49,bully,1977,1,0,0,65,0,910,0,1,49,178544,1977,0,66,0,0,0,LEADER,1,0,0,65,0,0,0,0,0,0,0,0,0,0,0
180336,58,bully,1792,1,0,0,65,0,910,0,1,58,178544,1792,0,66,0,0,0,LEADER,1,0,0,65,0,0,0,0,0,0,0,0,0,0,0
179870,86,bully,2246,1,0,0,65,0,910,0,1,86,177624,2246,0,66,0,0,0,LEADER,1,0,0,65,0,0,0,0,0,0,0,0,0,0,0
180043,50,bully,2419,1,0,0,65,0,910,0,1,50,177624,2419,0,66,0,0,0,LEADER,1,0,0,65,0,0,0,0,0,0,0,0,0,0,0
179893,85,bully,2268,1,0,0,65,0,910,0,1,85,177625,2268,0,66,0,0,0,LEADER,1,0,0,65,0,0,0,0,0,0,0,0,0,0,0
179832,87,bully,2212,1,0,0,65,0,910,0,1,87,177620,2212,0,66,0,0,0,LEADER,1,0,0,65,0,0,0,0,0,0,0,0,0,0,0
180040,64,bully,2416,1,0,0,65,0,910,0,1,64,177624,2416,0,66,0,0,0,LEADER,1,0,0,65,0,0,0,0,0,0,0,0,0,0,0
179978,18,bully,1434,1,0,0,65,0,910,0,1,18,178544,1434,0,66,0,0,0,LEADER,1,0,0,65,0,0,0,0,0,0,0,0,0,0,0
179889,11,bully,2264,1,0,0,65,0,910,0,1,11,177625,2264,0,66,0,0,0,LEADER,1,0,0,65,0,0,0,0,0,0,0,0,0,0,0
180097,90,bully,1553,1,0,0,65,0,910,0,1,90,178544,1553,0,66,0,0,0,LEADER,1,0,0,65,0,0,0,0,0,0,0,0,0,0,0
179991,35,bully,1447,1,0,0,65,0,910,0,1,35,178544,1447,0,66,0,0,0,LEADER,1,0,0,65,0,0,0,0,0,0,0,0,0,0,0
179873,43,bully,2249,1,0,0,65,0,910,0,1,43,177624,2249,0,66,0,0,0,LEADER,1,0,0,65,0,0,0,0,0,0,0,0,0,0,0
180011,28,bully,1467,1,0,0,65,0,910,0,1,28,178544,1467,0,66,0,0,0,LEADER,1,0,0,65,0,0,0,0,0,0,0,0,0,0,0
179850,44,bully,2228,1,0,0,65,0,910,0,1,44,177622,2228,0,66,0,0,0,LEADER,1,0,0,65,0,0,0,0,0,0,0,0,0,0,0
180685,23,bully,2141,1,0,0,65,0,910,0,1,23,178544,2141,0,66,0,0,0,LEADER,1,0,0,65,0,0,0,0,0,0,0,0,0,0,0
180005,30,bully,1461,1,0,0,65,0,910,0,1,30,178544,1461,0,66,0,0,0,LEADER,1,0,0,65,0,0,0,0,0,0,0,0,0,0,0
180403,94,bully,1859,1,0,0,65,0,910,0,1,94,178544,1859,0,66,0,0,0,LEADER,1,0,0,65,0,0,0,0,0,0,0,0,0,0,0
180045,38,bully,1501,1,0,0,65,0,910,0,1,38,178544,1501,0,66,0,0,0,LEADER,1,0,0,65,0,0,0,0,0,0,0,0,0,0,0
180724,66,bully,2180,1,0,0,65,0,910,0,1,66,178544,2180,0,66,0,0,0,LEADER,1,0,0,65,0,0,0,0,0,0,0,0,0,0,0
180030,70,bully,1486,1,0,0,65,0,910,0,1,70,178544,1486,0,66,0,0,0,LEADER,1,0,0,65,0,0,0,0,0,0,0,0,0,0,0
180675,88,bully,2131,1,0,0,65,0,910,0,1,88,178544,2131,0,66,0,0,0,LEADER,1,0,0,65,0,0,0,0,0,0,0,0,0,0,0
179859,75,bully,2235,1,0,0,65,0,910,0,1,75,177624,2235,0,66,0,0,0,LEADER,1,0,0,65,0,0,0,0,0,0,0,0,0,0,0
179869,12,bully,2243,1,0,0,65,0,910,0,1,12,177626,2243,0,66,0,0,0,LEADER,1,0,0,65,0,0,0,0,0,0,0,0,0,0,0
180569,27,bully,2025,1,0,0,65,0,910,0,1,27,178544,2025,0,66,0,0,0,LEADER,1,0,0,65,0,0,0,0,0,0,0,0,0,0,0
180400,6,bully,1516,1,0,0,12,33,168,462,4,4,178884,1516,0,6,0,0,0,NORMAL,0,0,0,12,0,0,0,33,0,0,0,0,0,0,0
180058,42,bully,1514,1,0,0,65,0,910,0,1,42,178544,1514,0,66,0,0,0,LEADER,1,0,0,65,0,0,0,0,0,0,0,0,0,0,0
180705,24,bully,2161,1,0,0,65,0,910,0,1,24,178544,2161,0,66,0,0,0,LEADER,1,0,0,65,0,0,0,0,0,0,0,0,0,0,0
180657,46,bully,2113,1,0,0,65,0,910,0,1,46,178544,2113,0,66,0,0,0,LEADER,1,0,0,65,0,0,0,0,0,0,0,0,0,0,0
180554,59,bully,2010,1,0,0,65,0,910,0,1,59,178544,2010,0,66,0,0,0,LEADER,1,0,0,65,0,0,0,0,0,0,0,0,0,0,0
180836,32,bully,2292,1,0,0,65,0,910,0,1,32,178544,2292,0,66,0,0,0,LEADER,1,0,0,65,0,0,0,0,0,0,0,0,0,0,0
180182,34,bully,1637,1,0,0,65,0,910,0,1,34,178545,1637,0,66,0,0,0,LEADER,1,0,0,65,0,0,0,0,0,0,0,0,0,0,0
180451,72,bully,1907,1,0,0,65,0,910,0,1,72,178544,1907,0,66,0,0,0,LEADER,1,0,0,65,0,0,0,0,0,0,0,0,0,0,0
180863,63,bully,2316,1,0,0,65,0,910,0,1,63,178547,2316,0,66,0,0,0,LEADER,1,0,0,65,0,0,0,0,0,0,0,0,0,0,0
180336,74,bully,1792,1,0,0,65,0,910,0,1,74,178544,1792,0,66,0,0,0,LEADER,1,0,0,65,0,0,0,0,0,0,0,0,0,0,0
180078,48,bully,1534,1,0,0,65,0,910,0,1,48,178544,1534,0,66,0,0,0,LEADER,1,0,0,65,0,0,0,0,0,0,0,0,0,0,0
180541,57,bully,1995,1,0,0,65,0,910,0,1,57,178546,1995,0,66,0,0,0,LEADER,1,0,0,65,0,0,0,0,0,0,0,0,0,0,0
180609,68,bully,2065,1,0,0,65,0,910,0,1,68,178544,2065,0,66,0,0,0,LEADER,1,0,0,65,0,0,0,0,0,0,0,0,0,0,0
180010,45,bully,1466,1,0,0,65,0,910,0,1,45,178544,1466,0,66,0,0,0,LEADER,1,0,0,65,0,0,0,0,0,0,0,0,0,0,0
180367,93,bully,1823,1,0,0,65,0,910,0,1,93,178544,1823,0,66,0,0,0,LEADER,1,0,0,65,0,0,0,0,0,0,0,0,0,0,0
180948,82,bully,2404,1,0,0,65,0,910,0,1,82,178544,2404,0,66,0,0,0,LEADER,1,0,0,65,0,0,0,0,0,0,0,0,0,0,0
180942,51,bully,2398,1,0,0,65,0,910,0,1,51,178544,2398,0,66,0,0,0,LEADER,1,0,0,65,0,0,0,0,0,0,0,0,0,0,0
180487,39,bully,1943,1,0,0,65,0,910,0,1,39,178544,1943,0,66,0,0,0,LEADER,1,0,0,65,0,0,0,0,0,0,0,0,0,0,0
180233,78,bully,1689,1,0,0,65,0,910,0,1,78,178544,1689,0,66,0,0,0,LEADER,1,0,0,65,0,0,0,0,0,0,0,0,0,0,0
180621,79,bully,2077,1,0,0,65,0,910,0,1,79,178544,2077,0,66,0,0,0,LEADER,1,0,0,65,0,0,0,0,0,0,0,0,0,0,0
180196,14,bully,1652,1,0,0,65,0,910,0,1,14,178544,1652,0,66,0,0,0,LEADER,1,0,0,65,0,0,0,0,0,0,0,0,0,0,0
180623,36,bully,2080,1,0,0,65,0,910,0,1,36,178543,2080,0,66,0,0,0,LEADER,1,0,0,65,0,0,0,0,0,0,0,0,0,0,0
180506,81,bully,1962,1,0,0,65,0,910,0,1,81,178544,1962,0,66,0,0,0,LEADER,1,0,0,65,0,0,0,0,0,0,0,0,0,0,0
180166,67,bully,1622,1,0,0,65,0,910,0,1,67,178544,1622,0,66,0,0,0,LEADER,1,0,0,65,0,0,0,0,0,0,0,0,0,0,0
180927,83,bully,2383,1,0,0,65,0,910,0,1,83,178544,2383,0,66,0,0,0,LEADER,1,0,0,65,0,0,0,0,0,0,0,0,0,0,0
181072,99,bully,1607,1,0,0,66,0,924,0,1,99,179465,1607,0,67,0,0,0,LEADER,1,0,0,66,0,0,0,0,0,0,0,0,0,0,0
180248,55,bully,1704,1,0,0,65,0,910,0,1,55,178544,1704,0,66,0,0,0,LEADER,1,0,0,65,0,0,0,0,0,0,0,0,0,0,0
181039,89,bully,1574,1,0,0,66,0,924,0,1,89,179465,1574,0,67,0,0,0,LEADER,1,0,0,66,0,0,0,0,0,0,0,0,0,0,0
180200,77,bully,1656,1,0,0,65,0,910,0,1,77,178544,1656,0,66,0,0,0,LEADER,1,0,0,65,0,0,0,0,0,0,0,0,0,0,0
180472,71,bully,1928,1,0,0,65,0,910,0,1,71,178544,1928,0,66,0,0,0,LEADER,1,0,0,65,0,0,0,0,0,0,0,0,0,0,0
180751,76,bully,2213,1,0,0,65,0,910,0,1,76,178538,2213,0,66,0,0,0,LEADER,1,0,0,65,0,0,0,0,0,0,0,0,0,0,0
180384,52,bully,1840,1,0,0,65,0,910,0,1,52,178544,1840,0,66,0,0,0,LEADER,1,0,0,65,0,0,0,0,0,0,0,0,0,0,0
180351,10,bully,1807,1,0,0,65,0,910,0,1,10,178544,1807,0,66,0,0,0,LEADER,1,0,0,65,0,0,0,0,0,0,0,0,0,0,0
180284,22,bully,1740,1,0,0,65,0,910,0,1,22,178544,1740,0,66,0,0,0,LEADER,1,0,0,65,0,0,0,0,0,0,0,0,0,0,0
180431,21,bully,1889,1,0,0,65,0,910,0,1,21,178542,1889,0,66,0,0,0,LEADER,1,0,0,65,0,0,0,0,0,0,0,0,0,0,0
180690,56,bully,2146,1,0,0,65,0,910,0,1,56,178544,2146,0,66,0,0,0,LEADER,1,0,0,65,0,0,0,0,0,0,0,0,0,0,0
180215,60,bully,1671,1,0,0,65,0,910,0,1,60,178544,1671,0,66,0,0,0,LEADER,1,0,0,65,0,0,0,0,0,0,0,0,0,0,0
181069,25,bully,1604,1,0,0,66,0,924,0,1,25,179465,1604,0,67,0,0,0,LEADER,1,0,0,66,0,0,0,0,0,0,0,0,0,0,0
180281,65,bully,1737,1,0,0,65,0,910,0,1,65,178544,1737,0,66,0,0,0,LEADER,1,0,0,65,0,0,0,0,0,0,0,0,0,0,0
180957,19,bully,2413,1,0,0,65,0,910,0,1,19,178544,2413,0,66,0,0,0,LEADER,1,0,0,65,0,0,0,0,0,0,0,0,0,0,0
180587,69,bully,2043,1,0,0,65,0,910,0,1,69,178544,2043,0,66,0,0,0,LEADER,1,0,0,65,0,0,0,0,0,0,0,0,0,0,0
181190,54,bully,1725,1,0,0,66,0,924,0,1,54,179465,1725,0,67,0,0,0,LEADER,1,0,0,66,0,0,0,0,0,0,0,0,0,0,0
180536,17,bully,1992,1,0,0,65,0,910,0,1,17,178544,1992,0,66,0,0,0,LEADER,1,0,0,65,0,0,0,0,0,0,0,0,0,0,0
181051,100,bully,1586,1,0,0,66,0,924,0,1,100,179465,1586,0,67,0,0,0,LEADER,1,0,0,66,0,0,0,0,0,0,0,0,0,0,0
181014,16,bully,1549,1,0,0,66,0,924,0,1,16,179465,1549,0,67,0,0,0,LEADER,1,0,0,66,0,0,0,0,0,0,0,0,0,0,0
180602,37,bully,2058,1,0,0,65,0,910,0,1,37,178544,2058,0,66,0,0,0,LEADER,1,0,0,65,0,0,0,0,0,0,0,0,0,0,0
181239,13,bully,1774,1,0,0,66,0,924,0,1,13,179465,1774,0,67,0,0,0,LEADER,1,0,0,66,0,0,0,0,0,0,0,0,0,0,0
180399,20,bully,1855,1,0,0,65,0,910,0,1,20,178544,1855,0,66,0,0,0,LEADER,1,0,0,65,0,0,0,0,0,0,0,0,0,0,0
181032,41,bully,1567,1,0,0,66,0,924,0,1,41,179465,1567,0,67,0,0,0,LEADER,1,0,0,66,0,0,0,0,0,0,0,0,0,0,0
181021,47,bully,1556,1,0,0,66,0,924,0,1,47,179465,1556,0,67,0,0,0,LEADER,1,0,0,66,0,0,0,0,0,0,0,0,0,0,0
180846,95,bully,2301,1,0,0,65,0,910,0,1,95,178545,2301,0,66,0,0,0,LEADER,1,0,0,65,0,0,0,0,0,0,0,0,0,0,0
180709,98,bully,2165,1,0,0,65,0,910,0,1,98,178544,2165,0,66,0,0,0,LEADER,1,0,0,65,0,0,0,0,0,0,0,0,0,0,0
180893,73,bully,2349,1,0,0,65,0,910,0,1,73,178544,2349,0,66,0,0,0,LEADER,1,0,0,65,0,0,0,0,0,0,0,0,0,0,0
180439,61,bully,1895,1,0,0,65,0,910,0,1,61,178544,1895,0,66,0,0,0,LEADER,1,0,0,65,0,0,0,0,0,0,0,0,0,0,0
181187,97,bully,1722,1,0,0,66,0,924,0,1,97,179465,1722,0,67,0,0,0,LEADER,1,0,0,66,0,0,0,0,0,0,0,0,0,0,0
181217,33,bully,1752,1,0,0,66,0,924,0,1,33,179465,1752,0,67,0,0,0,LEADER,1,0,0,66,0,0,0,0,0,0,0,0,0,0,0
180875,31,bully,2331,1,0,0,65,0,910,0,1,31,178544,2331,0,66,0,0,0,LEADER,1,0,0,65,0,0,0,0,0,0,0,0,0,0,0
181387,40,bully,1922,1,0,0,66,0,924,0,1,40,179465,1922,0,67,0,0,0,LEADER,1,0,0,66,0,0,0,0,0,0,0,0,0,0,0
181377,29,bully,1910,1,0,0,66,0,924,0,1,29,179467,1910,0,67,0,0,0,LEADER,1,0,0,66,0,0,0,0,0,0,0,0,0,0,0
181203,96,bully,1744,1,0,0,66,0,924,0,1,96,179459,1744,0,67,0,0,0,LEADER,1,0,0,66,0,0,0,0,0,0,0,0,0,0,0
181290,84,bully,1825,1,0,0,66,0,924,0,1,84,179465,1825,0,67,0,0,0,LEADER,1,0,0,66,0,0,0,0,0,0,0,0,0,0,0
180984,80,bully,1519,1,0,0,66,0,924,0,1,80,179465,1519,0,67,0,0,0,LEADER,1,0,0,66,0,0,0,0,0,0,0,0,0,0,0
180827,53,bully,2283,1,0,0,65,0,910,0,1,53,178544,2283,0,66,0,0,0,LEADER,1,0,0,65,0,0,0,0,0,0,0,0,0,0,0
180903,92,bully,1438,1,0,0,66,0,924,0,1,92,179465,1438,0,67,0,0,0,LEADER,1,0,0,66,0,0,0,0,0,0,0,0,0,0,0
181076,91,bully,1619,1,0,0,66,0,924,0,1,91,179457,1619,0,67,0,0,0,LEADER,1,0,0,66,0,0,0,0,0,0,0,0,0,0,0
181339,62,bully,1874,1,0,0,66,0,924,0,1,62,179465,1874,0,67,0,0,0,LEADER,1,0,0,66,0,0,0,0,0,0,0,0,0,0,0
181036,15,bully,1571,1,0,0,66,0,924,0,1,15,179465,1571,0,67,0,0,0,LEADER,1,0,0,66,0,0,0,0,0,0,0,0,0,0,0
180705,26,bully,2161,1,0,0,65,0,910,0,1,26,178544,2161,0,66,0,0,0,LEADER,1,0,0,65,0,0,0,0,0,0,0,0,0,0,0
181442,49,bully,1977,1,0,0,66,0,924,0,1,49,179465,1977,0,67,0,0,0,LEADER,1,0,0,66,0,0,0,0,0,0,0,0,0,0,0
181257,58,bully,1792,1,0,0,66,0,924,0,1,58,179465,1792,0,67,0,0,0,LEADER,1,0,0,66,0,0,0,0,0,0,0,0,0,0,0
180790,86,bully,2246,1,0,0,65,0,910,0,1,86,178544,2246,0,66,0,0,0,LEADER,1,0,0,65,0,0,0,0,0,0,0,0,0,0,0
180963,50,bully,2419,1,0,0,65,0,910,0,1,50,178544,2419,0,66,0,0,0,LEADER,1,0,0,65,0,0,0,0,0,0,0,0,0,0,0
180813,85,bully,2268,1,0,0,65,0,910,0,1,85,178545,2268,0,66,0,0,0,LEADER,1,0,0,65,0,0,0,0,0,0,0,0,0,0,0
180752,87,bully,2212,1,0,0,65,0,910,0,1,87,178540,2212,0,66,0,0,0,LEADER,1,0,0,65,0,0,0,0,0,0,0,0,0,0,0
180960,64,bully,2416,1,0,0,65,0,910,0,1,64,178544,2416,0,66,0,0,0,LEADER,1,0,0,65,0,0,0,0,0,0,0,0,0,0,0
180809,11,bully,2264,1,0,0,65,0,910,0,1,11,178545,2264,0,66,0,0,0,LEADER,1,0,0,65,0,0,0,0,0,0,0,0,0,0,0
180899,18,bully,1434,1,0,0,66,0,924,0,1,18,179465,1434,0,67,0,0,0,LEADER,1,0,0,66,0,0,0,0,0,0,0,0,0,0,0
181018,90,bully,1553,1,0,0,66,0,924,0,1,90,179465,1553,0,67,0,0,0,LEADER,1,0,0,66,0,0,0,0,0,0,0,0,0,0,0
180912,35,bully,1447,1,0,0,66,0,924,0,1,35,179465,1447,0,67,0,0,0,LEADER,1,0,0,66,0,0,0,0,0,0,0,0,0,0,0
180793,43,bully,2249,1,0,0,65,0,910,0,1,43,178544,2249,0,66,0,0,0,LEADER,1,0,0,65,0,0,0,0,0,0,0,0,0,0,0
180932,28,bully,1467,1,0,0,66,0,924,0,1,28,179465,1467,0,67,0,0,0,LEADER,1,0,0,66,0,0,0,0,0,0,0,0,0,0,0
180770,44,bully,2228,1,0,0,65,0,910,0,1,44,178542,2228,0,66,0,0,0,LEADER,1,0,0,65,0,0,0,0,0,0,0,0,0,0,0
181606,23,bully,2141,1,0,0,66,0,924,0,1,23,179465,2141,0,67,0,0,0,LEADER,1,0,0,66,0,0,0,0,0,0,0,0,0,0,0
180926,30,bully,1461,1,0,0,66,0,924,0,1,30,179465,1461,0,67,0,0,0,LEADER,1,0,0,66,0,0,0,0,0,0,0,0,0,0,0
181324,94,bully,1859,1,0,0,66,0,924,0,1,94,179465,1859,0,67,0,0,0,LEADER,1,0,0,66,0,0,0,0,0,0,0,0,0,0,0
180966,38,bully,1501,1,0,0,66,0,924,0,1,38,179465,1501,0,67,0,0,0,LEADER,1,0,0,66,0,0,0,0,0,0,0,0,0,0,0
181645,66,bully,2180,1,0,0,66,0,924,0,1,66,179465,2180,0,67,0,0,0,LEADER,1,0,0,66,0,0,0,0,0,0,0,0,0,0,0
180951,70,bully,1486,1,0,0,66,0,924,0,1,70,179465,1486,0,67,0,0,0,LEADER,1,0,0,66,0,0,0,0,0,0,0,0,0,0,0
181596,88,bully,2131,1,0,0,66,0,924,0,1,88,179465,2131,0,67,0,0,0,LEADER,1,0,0,66,0,0,0,0,0,0,0,0,0,0,0
180779,75,bully,2235,1,0,0,65,0,910,0,1,75,178544,2235,0,66,0,0,0,LEADER,1,0,0,65,0,0,0,0,0,0,0,0,0,0,0
180789,12,bully,2243,1,0,0,65,0,910,0,1,12,178546,2243,0,66,0,0,0,LEADER,1,0,0,65,0,0,0,0,0,0,0,0,0,0,0
181490,27,bully,2025,1,0,0,66,0,924,0,1,27,179465,2025,0,67,0,0,0,LEADER,1,0,0,66,0,0,0,0,0,0,0,0,0,0,0
180979,42,bully,1514,1,0,0,66,0,924,0,1,42,179465,1514,0,67,0,0,0,LEADER,1,0,0,66,0,0,0,0,0,0,0,0,0,0,0
181626,24,bully,2161,1,0,0,66,0,924,0,1,24,179465,2161,0,67,0,0,0,LEADER,1,0,0,66,0,0,0,0,0,0,0,0,0,0,0
181578,46,bully,2113,1,0,0,66,0,924,0,1,46,179465,2113,0,67,0,0,0,LEADER,1,0,0,66,0,0,0,0,0,0,0,0,0,0,0
181475,59,bully,2010,1,0,0,66,0,924,0,1,59,179465,2010,0,67,0,0,0,LEADER,1,0,0,66,0,0,0,0,0,0,0,0,0,0,0
181103,34,bully,1637,1,0,0,66,0,924,0,1,34,179466,1637,0,67,0,0,0,LEADER,1,0,0,66,0,0,0,0,0,0,0,0,0,0,0
181757,32,bully,2292,1,0,0,66,0,924,0,1,32,179465,2292,0,67,0,0,0,LEADER,1,0,0,66,0,0,0,0,0,0,0,0,0,0,0
181372,72,bully,1907,1,0,0,66,0,924,0,1,72,179465,1907,0,67,0,0,0,LEADER,1,0,0,66,0,0,0,0,0,0,0,0,0,0,0
181784,63,bully,2316,1,0,0,66,0,924,0,1,63,179468,2316,0,67,0,0,0,LEADER,1,0,0,66,0,0,0,0,0,0,0,0,0,0,0
181257,74,bully,1792,1,0,0,66,0,924,0,1,74,179465,1792,0,67,0,0,0,LEADER,1,0,0,66,0,0,0,0,0,0,0,0,0,0,0
180999,48,bully,1534,1,0,0,66,0,924,0,1,48,179465,1534,0,67,0,0,0,LEADER,1,0,0,66,0,0,0,0,0,0,0,0,0,0,0
181462,57,bully,1995,1,0,0,66,0,924,0,1,57,179467,1995,0,67,0,0,0,LEADER,1,0,0,66,0,0,0,0,0,0,0,0,0,0,0
181530,68,bully,2065,1,0,0,66,0,924,0,1,68,179465,2065,0,67,0,0,0,LEADER,1,0,0,66,0,0,0,0,0,0,0,0,0,0,0
181612,2,bully,2214,1,0,0,10,21,140,294,4,2,179398,2214,0,8,0,0,0,LEADER,1,0,0,10,0,0,0,21,0,0,0,0,0,0,0
180931,45,bully,1466,1,0,0,66,0,924,0,1,45,179465,1466,0,67,0,0,0,LEADER,1,0,0,66,0,0,0,0,0,0,0,0,0,0,0
181288,93,bully,1823,1,0,0,66,0,924,0,1,93,179465,1823,0,67,0,0,0,LEADER,1,0,0,66,0,0,0,0,0,0,0,0,0,0,0
181869,82,bully,2404,1,0,0,66,0,924,0,1,82,179465,2404,0,67,0,0,0,LEADER,1,0,0,66,0,0,0,0,0,0,0,0,0,0,0
181863,51,bully,2398,1,0,0,66,0,924,0,1,51,179465,2398,0,67,0,0,0,LEADER,1,0,0,66,0,0,0,0,0,0,0,0,0,0,0
181408,39,bully,1943,1,0,0,66,0,924,0,1,39,179465,1943,0,67,0,0,0,LEADER,1,0,0,66,0,0,0,0,0,0,0,0,0,0,0
181154,78,bully,1689,1,0,0,66,0,924,0,1,78,179465,1689,0,67,0,0,0,LEADER,1,0,0,66,0,0,0,0,0,0,0,0,0,0,0
181542,79,bully,2077,1,0,0,66,0,924,0,1,79,179465,2077,0,67,0,0,0,LEADER,1,0,0,66,0,0,0,0,0,0,0,0,0,0,0
181117,14,bully,1652,1,0,0,66,0,924,0,1,14,179465,1652,0,67,0,0,0,LEADER,1,0,0,66,0,0,0,0,0,0,0,0,0,0,0
181544,36,bully,2080,1,0,0,66,0,924,0,1,36,179464,2080,0,67,0,0,0,LEADER,1,0,0,66,0,0,0,0,0,0,0,0,0,0,0
181427,81,bully,1962,1,0,0,66,0,924,0,1,81,179465,1962,0,67,0,0,0,LEADER,1,0,0,66,0,0,0,0,0,0,0,0,0,0,0
181087,67,bully,1622,1,0,0,66,0,924,0,1,67,179465,1622,0,67,0,0,0,LEADER,1,0,0,66,0,0,0,0,0,0,0,0,0,0,0
181848,83,bully,2383,1,0,0,66,0,924,0,1,83,179465,2383,0,67,0,0,0,LEADER,1,0,0,66,0,0,0,0,0,0,0,0,0,0,0
181992,99,bully,1607,1,0,0,66,0,924,0,1,99,180385,1607,0,67,0,0,0,LEADER,1,0,0,66,0,0,0,0,0,0,0,0,0,0,0
181169,55,bully,1704,1,0,0,66,0,924,0,1,55,179465,1704,0,67,0,0,0,LEADER,1,0,0,66,0,0,0,0,0,0,0,0,0,0,0
181959,89,bully,1574,1,0,0,66,0,924,0,1,89,180385,1574,0,67,0,0,0,LEADER,1,0,0,66,0,0,0,0,0,0,0,0,0,0,0
181121,77,bully,1656,1,0,0,66,0,924,0,1,77,179465,1656,0,67,0,0,0,LEADER,1,0,0,66,0,0,0,0,0,0,0,0,0,0,0
181393,71,bully,1928,1,0,0,66,0,924,0,1,71,179465,1928,0,67,0,0,0,LEADER,1,0,0,66,0,0,0,0,0,0,0,0,0,0,0
181305,52,bully,1840,1,0,0,66,0,924,0,1,52,179465,1840,0,67,0,0,0,LEADER,1,0,0,66,0,0,0,0,0,0,0,0,0,0,0
181672,76,bully,2213,1,0,0,66,0,924,0,1,76,179459,2213,0,67,0,0,0,LEADER,1,0,0,66,0,0,0,0,0,0,0,0,0,0,0
181272,10,bully,1807,1,0,0,66,0,924,0,1,10,179465,1807,0,67,0,0,0,LEADER,1,0,0,66,0,0,0,0,0,0,0,0,0,0,0
181205,22,bully,1740,1,0,0,66,0,924,0,1,22,179465,1740,0,67,0,0,0,LEADER,1,0,0,66,0,0,0,0,0,0,0,0,0,0,0
181351,21,bully,1889,1,0,0,66,0,924,0,1,21,179462,1889,0,67,0,0,0,LEADER,1,0,0,66,0,0,0,0,0,0,0,0,0,0,0
181611,56,bully,2146,1,0,0,66,0,924,0,1,56,179465,2146,0,67,0,0,0,LEADER,1,0,0,66,0,0,0,0,0,0,0,0,0,0,0
181136,60,bully,1671,1,0,0,66,0,924,0,1,60,179465,1671,0,67,0,0,0,LEADER,1,0,0,66,0,0,0,0,0,0,0,0,0,0,0
181989,25,bully,1604,1,0,0,66,0,924,0,1,25,180385,1604,0,67,0,0,0,LEADER,1,0,0,66,0,0,0,0,0,0,0,0,0,0,0
181202,65,bully,1737,1,0,0,66,0,924,0,1,65,179465,1737,0,67,0,0,0,LEADER,1,0,0,66,0,0,0,0,0,0,0,0,0,0,0
181878,19,bully,2413,1,0,0,66,0,924,0,1,19,179465,2413,0,67,0,0,0,LEADER,1,0,0,66,0,0,0,0,0,0,0,0,0,0,0
181508,69,bully,2043,1,0,0,66,0,924,0,1,69,179465,2043,0,67,0,0,0,LEADER,1,0,0,66,0,0,0,0,0,0,0,0,0,0,0
181715,1,bully,2293,1,0,0,11,10,154,140,1,1,179422,2293,0,10,0,0,0,LEADER,1,0,0,11,0,0,0,10,0,0,0,0,0,0,0
182110,54,bully,1725,1,0,0,66,0,924,0,1,54,180385,1725,0,67,0,0,0,LEADER,1,0,0,66,0,0,0,0,0,0,0,0,0,0,0
181457,17,bully,1992,1,0,0,66,0,924,0,1,17,179465,1992,0,67,0,0,0,LEADER,1,0,0,66,0,0,0,0,0,0,0,0,0,0,0
181971,100,bully,1586,1,0,0,66,0,924,0,1,100,180385,1586,0,67,0,0,0,LEADER,1,0,0,66,0,0,0,0,0,0,0,0,0,0,0
181934,16,bully,1549,1,0,0,66,0,924,0,1,16,180385,1549,0,67,0,0,0,LEADER,1,0,0,66,0,0,0,0,0,0,0,0,0,0,0
181523,37,bully,2058,1,0,0,66,0,924,0,1,37,179465,2058,0,67,0,0,0,LEADER,1,0,0,66,0,0,0,0,0,0,0,0,0,0,0
182159,13,bully,1774,1,0,0,66,0,924,0,1,13,180385,1774,0,67,0,0,0,LEADER,1,0,0,66,0,0,0,0,0,0,0,0,0,0,0
181320,20,bully,1855,1,0,0,66,0,924,0,1,20,179465,1855,0,67,0,0,0,LEADER,1,0,0,66,0,0,0,0,0,0,0,0,0,0,0
181952,41,bully,1567,1,0,0,66,0,924,0,1,41,180385,1567,0,67,0,0,0,LEADER,1,0,0,66,0,0,0,0,0,0,0,0,0,0,0
181941,47,bully,1556,1,0,0,66,0,924,0,1,47,180385,1556,0,67,0,0,0,LEADER,1,0,0,66,0,0,0,0,0,0,0,0,0,0,0
181767,95,bully,2301,1,0,0,66,0,924,0,1,95,179466,2301,0,67,0,0,0,LEADER,1,0,0,66,0,0,0,0,0,0,0,0,0,0,0
181630,98,bully,2165,1,0,0,66,0,924,0,1,98,179465,2165,0,67,0,0,0,LEADER,1,0,0,66,0,0,0,0,0,0,0,0,0,0,0
181814,73,bully,2349,1,0,0,66,0,924,0,1,73,179465,2349,0,67,0,0,0,LEADER,1,0,0,66,0,0,0,0,0,0,0,0,0,0,0
182137,33,bully,1752,1,0,0,66,0,924,0,1,33,180385,1752,0,67,0,0,0,LEADER,1,0,0,66,0,0,0,0,0,0,0,0,0,0,0
181360,61,bully,1895,1,0,0,66,0,924,0,1,61,179465,1895,0,67,0,0,0,LEADER,1,0,0,66,0,0,0,0,0,0,0,0,0,0,0
182107,97,bully,1722,1,0,0,66,0,924,0,1,97,180385,1722,0,67,0,0,0,LEADER,1,0,0,66,0,0,0,0,0,0,0,0,0,0,0
182307,40,bully,1922,1,0,0,66,0,924,0,1,40,180385,1922,0,67,0,0,0,LEADER,1,0,0,66,0,0,0,0,0,0,0,0,0,0,0
181796,31,bully,2331,1,0,0,66,0,924,0,1,31,179465,2331,0,67,0,0,0,LEADER,1,0,0,66,0,0,0,0,0,0,0,0,0,0,0
182297,29,bully,1910,1,0,0,66,0,924,0,1,29,180387,1910,0,67,0,0,0,LEADER,1,0,0,66,0,0,0,0,0,0,0,0,0,0,0
182123,96,bully,1744,1,0,0,66,0,924,0,1,96,180379,1744,0,67,0,0,0,LEADER,1,0,0,66,0,0,0,0,0,0,0,0,0,0,0
182210,84,bully,1825,1,0,0,66,0,924,0,1,84,180385,1825,0,67,0,0,0,LEADER,1,0,0,66,0,0,0,0,0,0,0,0,0,0,0
181904,80,bully,1519,1,0,0,66,0,924,0,1,80,180385,1519,0,67,0,0,0,LEADER,1,0,0,66,0,0,0,0,0,0,0,0,0,0,0
181748,53,bully,2283,1,0,0,66,0,924,0,1,53,179465,2283,0,67,0,0,0,LEADER,1,0,0,66,0,0,0,0,0,0,0,0,0,0,0
181823,92,bully,1438,1,0,0,66,0,924,0,1,92,180385,1438,0,67,0,0,0,LEADER,1,0,0,66,0,0,0,0,0,0,0,0,0,0,0
181996,91,bully,1619,1,0,0,66,0,924,0,1,91,180377,1619,0,67,0,0,0,LEADER,1,0,0,66,0,0,0,0,0,0,0,0,0,0,0
182259,62,bully,1874,1,0,0,66,0,924,0,1,62,180385,1874,0,67,0,0,0,LEADER,1,0,0,66,0,0,0,0,0,0,0,0,0,0,0
181956,15,bully,1571,1,0,0,66,0,924,0,1,15,180385,1571,0,67,0,0,0,LEADER,1,0,0,66,0,0,0,0,0,0,0,0,0,0,0
181626,26,bully,2161,1,0,0,66,0,924,0,1,26,179465,2161,0,67,0,0,0,LEADER,1,0,0,66,0,0,0,0,0,0,0,0,0,0,0
182362,49,bully,1977,1,0,0,66,0,924,0,1,49,180385,1977,0,67,0,0,0,LEADER,1,0,0,66,0,0,0,0,0,0,0,0,0,0,0
182177,58,bully,1792,1,0,0,66,0,924,0,1,58,180385,1792,0,67,0,0,0,LEADER,1,0,0,66,0,0,0,0,0,0,0,0,0,0,0
181711,86,bully,2246,1,0,0,66,0,924,0,1,86,179465,2246,0,67,0,0,0,LEADER,1,0,0,66,0,0,0,0,0,0,0,0,0,0,0
181884,50,bully,2419,1,0,0,66,0,924,0,1,50,179465,2419,0,67,0,0,0,LEADER,1,0,0,66,0,0,0,0,0,0,0,0,0,0,0
181733,85,bully,2268,1,0,0,66,0,924,0,1,85,179465,2268,0,67,0,0,0,LEADER,1,0,0,66,0,0,0,0,0,0,0,0,0,0,0
181673,87,bully,2212,1,0,0,66,0,924,0,1,87,179461,2212,0,67,0,0,0,LEADER,1,0,0,66,0,0,0,0,0,0,0,0,0,0,0
181881,64,bully,2416,1,0,0,66,0,924,0,1,64,179465,2416,0,67,0,0,0,LEADER,1,0,0,66,0,0,0,0,0,0,0,0,0,0,0
181819,18,bully,1434,1,0,0,66,0,924,0,1,18,180385,1434,0,67,0,0,0,LEADER,1,0,0,66,0,0,0,0,0,0,0,0,0,0,0
181730,11,bully,2264,1,0,0,66,0,924,0,1,11,179466,2264,0,67,0,0,0,LEADER,1,0,0,66,0,0,0,0,0,0,0,0,0,0,0
181938,90,bully,1553,1,0,0,66,0,924,0,1,90,180385,1553,0,67,0,0,0,LEADER,1,0,0,66,0,0,0,0,0,0,0,0,0,0,0
181832,35,bully,1447,1,0,0,66,0,924,0,1,35,180385,1447,0,67,0,0,0,LEADER,1,0,0,66,0,0,0,0,0,0,0,0,0,0,0
181714,43,bully,2249,1,0,0,66,0,924,0,1,43,179465,2249,0,67,0,0,0,LEADER,1,0,0,66,0,0,0,0,0,0,0,0,0,0,0
181852,28,bully,1467,1,0,0,66,0,924,0,1,28,180385,1467,0,67,0,0,0,LEADER,1,0,0,66,0,0,0,0,0,0,0,0,0,0,0
181691,44,bully,2228,1,0,0,66,0,924,0,1,44,179463,2228,0,67,0,0,0,LEADER,1,0,0,66,0,0,0,0,0,0,0,0,0,0,0
182526,23,bully,2141,1,0,0,66,0,924,0,1,23,180385,2141,0,67,0,0,0,LEADER,1,0,0,66,0,0,0,0,0,0,0,0,0,0,0
181846,30,bully,1461,1,0,0,66,0,924,0,1,30,180385,1461,0,67,0,0,0,LEADER,1,0,0,66,0,0,0,0,0,0,0,0,0,0,0
182244,94,bully,1859,1,0,0,66,0,924,0,1,94,180385,1859,0,67,0,0,0,LEADER,1,0,0,66,0,0,0,0,0,0,0,0,0,0,0
181886,38,bully,1501,1,0,0,66,0,924,0,1,38,180385,1501,0,67,0,0,0,LEADER,1,0,0,66,0,0,0,0,0,0,0,0,0,0,0
182565,66,bully,2180,1,0,0,66,0,924,0,1,66,180385,2180,0,67,0,0,0,LEADER,1,0,0,66,0,0,0,0,0,0,0,0,0,0,0
181871,70,bully,1486,1,0,0,66,0,924,0,1,70,180385,1486,0,67,0,0,0,LEADER,1,0,0,66,0,0,0,0,0,0,0,0,0,0,0
182516,88,bully,2131,1,0,0,66,0,924,0,1,88,180385,2131,0,67,0,0,0,LEADER,1,0,0,66,0,0,0,0,0,0,0,0,0,0,0
181700,75,bully,2235,1,0,0,66,0,924,0,1,75,179465,2235,0,67,0,0,0,LEADER,1,0,0,66,0,0,0,0,0,0,0,0,0,0,0
181710,12,bully,2243,1,0,0,66,0,924,0,1,12,179467,2243,0,67,0,0,0,LEADER,1,0,0,66,0,0,0,0,0,0,0,0,0,0,0
182410,27,bully,2025,1,0,0,66,0,924,0,1,27,180385,2025,0,67,0,0,0,LEADER,1,0,0,66,0,0,0,0,0,0,0,0,0,0,0
181899,42,bully,1514,1,0,0,66,0,924,0,1,42,180385,1514,0,67,0,0,0,LEADER,1,0,0,66,0,0,0,0,0,0,0,0,0,0,0
182546,24,bully,2161,1,0,0,66,0,924,0,1,24,180385,2161,0,67,0,0,0,LEADER,1,0,0,66,0,0,0,0,0,0,0,0,0,0,0
182498,46,bully,2113,1,0,0,66,0,924,0,1,46,180385,2113,0,67,0,0,0,LEADER,1,0,0,66,0,0,0,0,0,0,0,0,0,0,0
182395,59,bully,2010,1,0,0,66,0,924,0,1,59,180385,2010,0,67,0,0,0,LEADER,1,0,0,66,0,0,0,0,0,0,0,0,0,0,0
182023,34,bully,1637,1,0,0,66,0,924,0,1,34,180386,1637,0,67,0,0,0,LEADER,1,0,0,66,0,0,0,0,0,0,0,0,0,0,0
182677,32,bully,2292,1,0,0,66,0,924,0,1,32,180385,2292,0,67,0,0,0,LEADER,1,0,0,66,0,0,0,0,0,0,0,0,0,0,0
182292,72,bully,1907,1,0,0,66,0,924,0,1,72,180385,1907,0,67,0,0,0,LEADER,1,0,0,66,0,0,0,0,0,0,0,0,0,0,0
182704,63,bully,2316,1,0,0,66,0,924,0,1,63,180388,2316,0,67,0,0,0,LEADER,1,0,0,66,0,0,0,0,0,0,0,0,0,0,0
182177,74,bully,1792,1,0,0,66,0,924,0,1,74,180385,1792,0,67,0,0,0,LEADER,1,0,0,66,0,0,0,0,0,0,0,0,0,0,0
181919,48,bully,1534,1,0,0,66,0,924,0,1,48,180385,1534,0,67,0,0,0,LEADER,1,0,0,66,0,0,0,0,0,0,0,0,0,0,0
182382,57,bully,1995,1,0,0,66,0,924,0,1,57,180387,1995,0,67,0,0,0,LEADER,1,0,0,66,0,0,0,0,0,0,0,0,0,0,0
182450,68,bully,2065,1,0,0,66,0,924,0,1,68,180385,2065,0,67,0,0,0,LEADER,1,0,0,66,0,0,0,0,0,0,0,0,0,0,0
181851,45,bully,1466,1,0,0,66,0,924,0,1,45,180385,1466,0,67,0,0,0,LEADER,1,0,0,66,0,0,0,0,0,0,0,0,0,0,0
182208,93,bully,1823,1,0,0,66,0,924,0,1,93,180385,1823,0,67,0,0,0,LEADER,1,0,0,66,0,0,0,0,0,0,0,0,0,0,0
182789,82,bully,2404,1,0,0,66,0,924,0,1,82,180385,2404,0,67,0,0,0,LEADER,1,0,0,66,0,0,0,0,0,0,0,0,0,0,0
182783,51,bully,2398,1,0,0,66,0,924,0,1,51,180385,2398,0,67,0,0,0,LEADER,1,0,0,66,0,0,0,0,0,0,0,0,0,0,0
182328,39,bully,1943,1,0,0,66,0,924,0,1,39,180385,1943,0,67,0,0,0,LEADER,1,0,0,66,0,0,0,0,0,0,0,0,0,0,0
182074,78,bully,1689,1,0,0,66,0,924,0,1,78,180385,1689,0,67,0,0,0,LEADER,1,0,0,66,0,0,0,0,0,0,0,0,0,0,0
182462,79,bully,2077,1,0,0,66,0,924,0,1,79,180385,2077,0,67,0,0,0,LEADER,1,0,0,66,0,0,0,0,0,0,0,0,0,0,0
182037,14,bully,1652,1,0,0,66,0,924,0,1,14,180385,1652,0,67,0,0,0,LEADER,1,0,0,66,0,0,0,0,0,0,0,0,0,0,0
182464,36,bully,2080,1,0,0,66,0,924,0,1,36,180384,2080,0,67,0,0,0,LEADER,1,0,0,66,0,0,0,0,0,0,0,0,0,0,0
182347,81,bully,1962,1,0,0,66,0,924,0,1,81,180385,1962,0,67,0,0,0,LEADER,1,0,0,66,0,0,0,0,0,0,0,0,0,0,0
182007,67,bully,1622,1,0,0,66,0,924,0,1,67,180385,1622,0,67,0,0,0,LEADER,1,0,0,66,0,0,0,0,0,0,0,0,0,0,0
182768,83,bully,2383,1,0,0,66,0,924,0,1,83,180385,2383,0,67,0,0,0,LEADER,1,0,0,66,0,0,0,0,0,0,0,0,0,0,0
182912,99,bully,1607,1,0,0,66,0,924,0,1,99,181305,1607,0,67,0,0,0,LEADER,1,0,0,66,0,0,0,0,0,0,0,0,0,0,0
182089,55,bully,1704,1,0,0,66,0,924,0,1,55,180385,1704,0,67,0,0,0,LEADER,1,0,0,66,0,0,0,0,0,0,0,0,0,0,0
182879,89,bully,1574,1,0,0,66,0,924,0,1,89,181305,1574,0,67,0,0,0,LEADER,1,0,0,66,0,0,0,0,0,0,0,0,0,0,0
182041,77,bully,1656,1,0,0,66,0,924,0,1,77,180385,1656,0,67,0,0,0,LEADER,1,0,0,66,0,0,0,0,0,0,0,0,0,0,0
182313,71,bully,1928,1,0,0,66,0,924,0,1,71,180385,1928,0,67,0,0,0,LEADER,1,0,0,66,0,0,0,0,0,0,0,0,0,0,0
182225,52,bully,1840,1,0,0,66,0,924,0,1,52,180385,1840,0,67,0,0,0,LEADER,1,0,0,66,0,0,0,0,0,0,0,0,0,0,0
182592,76,bully,2213,1,0,0,66,0,924,0,1,76,180379,2213,0,67,0,0,0,LEADER,1,0,0,66,0,0,0,0,0,0,0,0,0,0,0
182192,10,bully,1807,1,0,0,66,0,924,0,1,10,180385,1807,0,67,0,0,0,LEADER,1,0,0,66,0,0,0,0,0,0,0,0,0,0,0
182125,22,bully,1740,1,0,0,66,0,924,0,1,22,180385,1740,0,67,0,0,0,LEADER,1,0,0,66,0,0,0,0,0,0,0,0,0,0,0
182271,21,bully,1889,1,0,0,66,0,924,0,1,21,180382,1889,0,67,0,0,0,LEADER,1,0,0,66,0,0,0,0,0,0,0,0,0,0,0
182531,56,bully,2146,1,0,0,66,0,924,0,1,56,180385,2146,0,67,0,0,0,LEADER,1,0,0,66,0,0,0,0,0,0,0,0,0,0,0
182056,60,bully,1671,1,0,0,66,0,924,0,1,60,180385,1671,0,67,0,0,0,LEADER,1,0,0,66,0,0,0,0,0,0,0,0,0,0,0
182909,25,bully,1604,1,0,0,66,0,924,0,1,25,181305,1604,0,67,0,0,0,LEADER,1,0,0,66,0,0,0,0,0,0,0,0,0,0,0
182122,65,bully,1737,1,0,0,66,0,924,0,1,65,180385,1737,0,67,0,0,0,LEADER,1,0,0,66,0,0,0,0,0,0,0,0,0,0,0
182798,19,bully,2413,1,0,0,66,0,924,0,1,19,180385,2413,0,67,0,0,0,LEADER,1,0,0,66,0,0,0,0,0,0,0,0,0,0,0
182428,69,bully,2043,1,0,0,66,0,924,0,1,69,180385,2043,0,67,0,0,0,LEADER,1,0,0,66,0,0,0,0,0,0,0,0,0,0,0
183030,54,bully,1725,1,0,0,66,0,924,0,1,54,181305,1725,0,67,0,0,0,LEADER,1,0,0,66,0,0,0,0,0,0,0,0,0,0,0
182377,17,bully,1992,1,0,0,66,0,924,0,1,17,180385,1992,0,67,0,0,0,LEADER,1,0,0,66,0,0,0,0,0,0,0,0,0,0,0
182891,100,bully,1586,1,0,0,66,0,924,0,1,100,181305,1586,0,67,0,0,0,LEADER,1,0,0,66,0,0,0,0,0,0,0,0,0,0,0
182854,16,bully,1549,1,0,0,66,0,924,0,1,16,181305,1549,0,67,0,0,0,LEADER,1,0,0,66,0,0,0,0,0,0,0,0,0,0,0
182443,37,bully,2058,1,0,0,66,0,924,0,1,37,180385,2058,0,67,0,0,0,LEADER,1,0,0,66,0,0,0,0,0,0,0,0,0,0,0
183079,13,bully,1774,1,0,0,66,0,924,0,1,13,181305,1774,0,67,0,0,0,LEADER,1,0,0,66,0,0,0,0,0,0,0,0,0,0,0
182240,20,bully,1855,1,0,0,66,0,924,0,1,20,180385,1855,0,67,0,0,0,LEADER,1,0,0,66,0,0,0,0,0,0,0,0,0,0,0
182872,41,bully,1567,1,0,0,66,0,924,0,1,41,181305,1567,0,67,0,0,0,LEADER,1,0,0,66,0,0,0,0,0,0,0,0,0,0,0
182861,47,bully,1556,1,0,0,66,0,924,0,1,47,181305,1556,0,67,0,0,0,LEADER,1,0,0,66,0,0,0,0,0,0,0,0,0,0,0
182687,95,bully,2301,1,0,0,66,0,924,0,1,95,180386,2301,0,67,0,0,0,LEADER,1,0,0,66,0,0,0,0,0,0,0,0,0,0,0
182550,98,bully,2165,1,0,0,66,0,924,0,1,98,180385,2165,0,67,0,0,0,LEADER,1,0,0,66,0,0,0,0,0,0,0,0,0,0,0
182734,73,bully,2349,1,0,0,66,0,924,0,1,73,180385,2349,0,67,0,0,0,LEADER,1,0,0,66,0,0,0,0,0,0,0,0,0,0,0
183057,33,bully,1752,1,0,0,66,0,924,0,1,33,181305,1752,0,67,0,0,0,LEADER,1,0,0,66,0,0,0,0,0,0,0,0,0,0,0
182280,61,bully,1895,1,0,0,66,0,924,0,1,61,180385,1895,0,67,0,0,0,LEADER,1,0,0,66,0,0,0,0,0,0,0,0,0,0,0
183027,97,bully,1722,1,0,0,66,0,924,0,1,97,181305,1722,0,67,0,0,0,LEADER,1,0,0,66,0,0,0,0,0,0,0,0,0,0,0
183227,40,bully,1922,1,0,0,66,0,924,0,1,40,181305,1922,0,67,0,0,0,LEADER,1,0,0,66,0,0,0,0,0,0,0,0,0,0,0
182716,31,bully,2331,1,0,0,66,0,924,0,1,31,180385,2331,0,67,0,0,0,LEADER,1,0,0,66,0,0,0,0,0,0,0,0,0,0,0
183217,29,bully,1910,1,0,0,66,0,924,0,1,29,181307,1910,0,67,0,0,0,LEADER,1,0,0,66,0,0,0,0,0,0,0,0,0,0,0
183043,96,bully,1744,1,0,0,66,0,924,0,1,96,181299,1744,0,67,0,0,0,LEADER,1,0,0,66,0,0,0,0,0,0,0,0,0,0,0
183130,84,bully,1825,1,0,0,66,0,924,0,1,84,181305,1825,0,67,0,0,0,LEADER,1,0,0,66,0,0,0,0,0,0,0,0,0,0,0
182824,80,bully,1519,1,0,0,66,0,924,0,1,80,181305,1519,0,67,0,0,0,LEADER,1,0,0,66,0,0,0,0,0,0,0,0,0,0,0
182668,53,bully,2283,1,0,0,66,0,924,0,1,53,180385,2283,0,67,0,0,0,LEADER,1,0,0,66,0,0,0,0,0,0,0,0,0,0,0
182743,92,bully,1438,1,0,0,66,0,924,0,1,92,181305,1438,0,67,0,0,0,LEADER,1,0,0,66,0,0,0,0,0,0,0,0,0,0,0
182916,91,bully,1619,1,0,0,66,0,924,0,1,91,181297,1619,0,67,0,0,0,LEADER,1,0,0,66,0,0,0,0,0,0,0,0,0,0,0
183179,62,bully,1874,1,0,0,66,0,924,0,1,62,181305,1874,0,67,0,0,0,LEADER,1,0,0,66,0,0,0,0,0,0,0,0,0,0,0
182876,15,bully,1571,1,0,0,66,0,924,0,1,15,181305,1571,0,67,0,0,0,LEADER,1,0,0,66,0,0,0,0,0,0,0,0,0,0,0
182546,26,bully,2161,1,0,0,66,0,924,0,1,26,180385,2161,0,67,0,0,0,LEADER,1,0,0,66,0,0,0,0,0,0,0,0,0,0,0
183282,49,bully,1977,1,0,0,66,0,924,0,1,49,181305,1977,0,67,0,0,0,LEADER,1,0,0,66,0,0,0,0,0,0,0,0,0,0,0
183097,58,bully,1792,1,0,0,66,0,924,0,1,58,181305,1792,0,67,0,0,0,LEADER,1,0,0,66,0,0,0,0,0,0,0,0,0,0,0
182631,86,bully,2246,1,0,0,66,0,924,0,1,86,180385,2246,0,67,0,0,0,LEADER,1,0,0,66,0,0,0,0,0,0,0,0,0,0,0
182804,50,bully,2419,1,0,0,66,0,924,0,1,50,180385,2419,0,67,0,0,0,LEADER,1,0,0,66,0,0,0,0,0,0,0,0,0,0,0
182653,85,bully,2268,1,0,0,66,0,924,0,1,85,180385,2268,0,67,0,0,0,LEADER,1,0,0,66,0,0,0,0,0,0,0,0,0,0,0
182593,87,bully,2212,1,0,0,66,0,924,0,1,87,180381,2212,0,67,0,0,0,LEADER,1,0,0,66,0,0,0,0,0,0,0,0,0,0,0
182801,64,bully,2416,1,0,0,66,0,924,0,1,64,180385,2416,0,67,0,0,0,LEADER,1,0,0,66,0,0,0,0,0,0,0,0,0,0,0
182739,18,bully,1434,1,0,0,66,0,924,0,1,18,181305,1434,0,67,0,0,0,LEADER,1,0,0,66,0,0,0,0,0,0,0,0,0,0,0
182650,11,bully,2264,1,0,0,66,0,924,0,1,11,180386,2264,0,67,0,0,0,LEADER,1,0,0,66,0,0,0,0,0,0,0,0,0,0,0
182858,90,bully,1553,1,0,0,66,0,924,0,1,90,181305,1553,0,67,0,0,0,LEADER,1,0,0,66,0,0,0,0,0,0,0,0,0,0,0
182752,35,bully,1447,1,0,0,66,0,924,0,1,35,181305,1447,0,67,0,0,0,LEADER,1,0,0,66,0,0,0,0,0,0,0,0,0,0,0
182634,43,bully,2249,1,0,0,66,0,924,0,1,43,180385,2249,0,67,0,0,0,LEADER,1,0,0,66,0,0,0,0,0,0,0,0,0,0,0
182772,28,bully,1467,1,0,0,66,0,924,0,1,28,181305,1467,0,67,0,0,0,LEADER,1,0,0,66,0,0,0,0,0,0,0,0,0,0,0
182611,44,bully,2228,1,0,0,66,0,924,0,1,44,180383,2228,0,67,0,0,0,LEADER,1,0,0,66,0,0,0,0,0,0,0,0,0,0,0
183446,23,bully,2141,1,0,0,66,0,924,0,1,23,181305,2141,0,67,0,0,0,LEADER,1,0,0,66,0,0,0,0,0,0,0,0,0,0,0
182766,30,bully,1461,1,0,0,66,0,924,0,1,30,181305,1461,0,67,0,0,0,LEADER,1,0,0,66,0,0,0,0,0,0,0,0,0,0,0
183164,94,bully,1859,1,0,0,66,0,924,0,1,94,181305,1859,0,67,0,0,0,LEADER,1,0,0,66,0,0,0,0,0,0,0,0,0,0,0
182806,38,bully,1501,1,0,0,66,0,924,0,1,38,181305,1501,0,67,0,0,0,LEADER,1,0,0,66,0,0,0,0,0,0,0,0,0,0,0
183485,66,bully,2180,1,0,0,66,0,924,0,1,66,181305,2180,0,67,0,0,0,LEADER,1,0,0,66,0,0,0,0,0,0,0,0,0,0,0
182791,70,bully,1486,1,0,0,66,0,924,0,1,70,181305,1486,0,67,0,0,0,LEADER,1,0,0,66,0,0,0,0,0,0,0,0,0,0,0
183436,88,bully,2131,1,0,0,66,0,924,0,1,88,181305,2131,0,67,0,0,0,LEADER,1,0,0,66,0,0,0,0,0,0,0,0,0,0,0
182620,75,bully,2235,1,0,0,66,0,924,0,1,75,180385,2235,0,67,0,0,0,LEADER,1,0,0,66,0,0,0,0,0,0,0,0,0,0,0
182630,12,bully,2243,1,0,0,66,0,924,0,1,12,180387,2243,0,67,0,0,0,LEADER,1,0,0,66,0,0,0,0,0,0,0,0,0,0,0
183330,27,bully,2025,1,0,0,66,0,924,0,1,27,181305,2025,0,67,0,0,0,LEADER,1,0,0,66,0,0,0,0,0,0,0,0,0,0,0
182819,42,bully,1514,1,0,0,66,0,924,0,1,42,181305,1514,0,67,0,0,0,LEADER,1,0,0,66,0,0,0,0,0,0,0,0,0,0,0
183466,24,bully,2161,1,0,0,66,0,924,0,1,24,181305,2161,0,67,0,0,0,LEADER,1,0,0,66,0,0,0,0,0,0,0,0,0,0,0
183418,46,bully,2113,1,0,0,66,0,924,0,1,46,181305,2113,0,67,0,0,0,LEADER,1,0,0,66,0,0,0,0,0,0,0,0,0,0,0
183315,59,bully,2010,1,0,0,66,0,924,0,1,59,181305,2010,0,67,0,0,0,LEADER,1,0,0,66,0,0,0,0,0,0,0,0,0,0,0
183597,32,bully,2292,1,0,0,66,0,924,0,1,32,181305,2292,0,67,0,0,0,LEADER,1,0,0,66,0,0,0,0,0,0,0,0,0,0,0
182943,34,bully,1637,1,0,0,66,0,924,0,1,34,181306,1637,0,67,0,0,0,LEADER,1,0,0,66,0,0,0,0,0,0,0,0,0,0,0
183212,72,bully,1907,1,0,0,66,0,924,0,1,72,181305,1907,0,67,0,0,0,LEADER,1,0,0,66,0,0,0,0,0,0,0,0,0,0,0
183624,63,bully,2316,1,0,0,66,0,924,0,1,63,181308,2316,0,67,0,0,0,LEADER,1,0,0,66,0,0,0,0,0,0,0,0,0,0,0
183097,74,bully,1792,1,0,0,66,0,924,0,1,74,181305,1792,0,67,0,0,0,LEADER,1,0,0,66,0,0,0,0,0,0,0,0,0,0,0
182839,48,bully,1534,1,0,0,66,0,924,0,1,48,181305,1534,0,67,0,0,0,LEADER,1,0,0,66,0,0,0,0,0,0,0,0,0,0,0
183302,57,bully,1995,1,0,0,66,0,924,0,1,57,181307,1995,0,67,0,0,0,LEADER,1,0,0,66,0,0,0,0,0,0,0,0,0,0,0
183370,68,bully,2065,1,0,0,66,0,924,0,1,68,181305,2065,0,67,0,0,0,LEADER,1,0,0,66,0,0,0,0,0,0,0,0,0,0,0
182771,45,bully,1466,1,0,0,66,0,924,0,1,45,181305,1466,0,67,0,0,0,LEADER,1,0,0,66,0,0,0,0,0,0,0,0,0,0,0
183128,93,bully,1823,1,0,0,66,0,924,0,1,93,181305,1823,0,67,0,0,0,LEADER,1,0,0,66,0,0,0,0,0,0,0,0,0,0,0
183709,82,bully,2404,1,0,0,66,0,924,0,1,82,181305,2404,0,67,0,0,0,LEADER,1,0,0,66,0,0,0,0,0,0,0,0,0,0,0
183703,51,bully,2398,1,0,0,66,0,924,0,1,51,181305,2398,0,67,0,0,0,LEADER,1,0,0,66,0,0,0,0,0,0,0,0,0,0,0
183248,39,bully,1943,1,0,0,66,0,924,0,1,39,181305,1943,0,67,0,0,0,LEADER,1,0,0,66,0,0,0,0,0,0,0,0,0,0,0
182994,78,bully,1689,1,0,0,66,0,924,0,1,78,181305,1689,0,67,0,0,0,LEADER,1,0,0,66,0,0,0,0,0,0,0,0,0,0,0
183382,79,bully,2077,1,0,0,66,0,924,0,1,79,181305,2077,0,67,0,0,0,LEADER,1,0,0,66,0,0,0,0,0,0,0,0,0,0,0
182957,14,bully,1652,1,0,0,66,0,924,0,1,14,181305,1652,0,67,0,0,0,LEADER,1,0,0,66,0,0,0,0,0,0,0,0,0,0,0
183384,36,bully,2080,1,0,0,66,0,924,0,1,36,181304,2080,0,67,0,0,0,LEADER,1,0,0,66,0,0,0,0,0,0,0,0,0,0,0
183267,81,bully,1962,1,0,0,66,0,924,0,1,81,181305,1962,0,67,0,0,0,LEADER,1,0,0,66,0,0,0,0,0,0,0,0,0,0,0
182927,67,bully,1622,1,0,0,66,0,924,0,1,67,181305,1622,0,67,0,0,0,LEADER,1,0,0,66,0,0,0,0,0,0,0,0,0,0,0
183688,83,bully,2383,1,0,0,66,0,924,0,1,83,181305,2383,0,67,0,0,0,LEADER,1,0,0,66,0,0,0,0,0,0,0,0,0,0,0
183833,99,bully,1607,1,0,0,67,0,938,0,1,99,182226,1607,0,68,0,0,0,LEADER,1,0,0,67,0,0,0,0,0,0,0,0,0,0,0
183009,55,bully,1704,1,0,0,66,0,924,0,1,55,181305,1704,0,67,0,0,0,LEADER,1,0,0,66,0,0,0,0,0,0,0,0,0,0,0
183800,89,bully,1574,1,0,0,67,0,938,0,1,89,182226,1574,0,68,0,0,0,LEADER,1,0,0,67,0,0,0,0,0,0,0,0,0,0,0
182961,77,bully,1656,1,0,0,66,0,924,0,1,77,181305,1656,0,67,0,0,0,LEADER,1,0,0,66,0,0,0,0,0,0,0,0,0,0,0
183233,71,bully,1928,1,0,0,66,0,924,0,1,71,181305,1928,0,67,0,0,0,LEADER,1,0,0,66,0,0,0,0,0,0,0,0,0,0,0
183145,52,bully,1840,1,0,0,66,0,924,0,1,52,181305,1840,0,67,0,0,0,LEADER,1,0,0,66,0,0,0,0,0,0,0,0,0,0,0
183512,76,bully,2213,1,0,0,66,0,924,0,1,76,181299,2213,0,67,0,0,0,LEADER,1,0,0,66,0,0,0,0,0,0,0,0,0,0,0
183112,10,bully,1807,1,0,0,66,0,924,0,1,10,181305,1807,0,67,0,0,0,LEADER,1,0,0,66,0,0,0,0,0,0,0,0,0,0,0
183045,22,bully,1740,1,0,0,66,0,924,0,1,22,181305,1740,0,67,0,0,0,LEADER,1,0,0,66,0,0,0,0,0,0,0,0,0,0,0
183191,21,bully,1889,1,0,0,66,0,924,0,1,21,181302,1889,0,67,0,0,0,LEADER,1,0,0,66,0,0,0,0,0,0,0,0,0,0,0
183451,56,bully,2146,1,0,0,66,0,924,0,1,56,181305,2146,0,67,0,0,0,LEADER,1,0,0,66,0,0,0,0,0,0,0,0,0,0,0
182976,60,bully,1671,1,0,0,66,0,924,0,1,60,181305,1671,0,67,0,0,0,LEADER,1,0,0,66,0,0,0,0,0,0,0,0,0,0,0
183830,25,bully,1604,1,0,0,67,0,938,0,1,25,182226,1604,0,68,0,0,0,LEADER,1,0,0,67,0,0,0,0,0,0,0,0,0,0,0
183042,65,bully,1737,1,0,0,66,0,924,0,1,65,181305,1737,0,67,0,0,0,LEADER,1,0,0,66,0,0,0,0,0,0,0,0,0,0,0
183718,19,bully,2413,1,0,0,66,0,924,0,1,19,181305,2413,0,67,0,0,0,LEADER,1,0,0,66,0,0,0,0,0,0,0,0,0,0,0
183348,69,bully,2043,1,0,0,66,0,924,0,1,69,181305,2043,0,67,0,0,0,LEADER,1,0,0,66,0,0,0,0,0,0,0,0,0,0,0
183951,54,bully,1725,1,0,0,67,0,938,0,1,54,182226,1725,0,68,0,0,0,LEADER,1,0,0,67,0,0,0,0,0,0,0,0,0,0,0
183297,17,bully,1992,1,0,0,66,0,924,0,1,17,181305,1992,0,67,0,0,0,LEADER,1,0,0,66,0,0,0,0,0,0,0,0,0,0,0
183812,100,bully,1586,1,0,0,67,0,938,0,1,100,182226,1586,0,68,0,0,0,LEADER,1,0,0,67,0,0,0,0,0,0,0,0,0,0,0
183775,16,bully,1549,1,0,0,67,0,938,0,1,16,182226,1549,0,68,0,0,0,LEADER,1,0,0,67,0,0,0,0,0,0,0,0,0,0,0
183363,37,bully,2058,1,0,0,66,0,924,0,1,37,181305,2058,0,67,0,0,0,LEADER,1,0,0,66,0,0,0,0,0,0,0,0,0,0,0
184000,13,bully,1774,1,0,0,67,0,938,0,1,13,182226,1774,0,68,0,0,0,LEADER,1,0,0,67,0,0,0,0,0,0,0,0,0,0,0
183160,20,bully,1855,1,0,0,66,0,924,0,1,20,181305,1855,0,67,0,0,0,LEADER,1,0,0,66,0,0,0,0,0,0,0,0,0,0,0
183793,41,bully,1567,1,0,0,67,0,938,0,1,41,182226,1567,0,68,0,0,0,LEADER,1,0,0,67,0,0,0,0,0,0,0,0,0,0,0
183782,47,bully,1556,1,0,0,67,0,938,0,1,47,182226,1556,0,68,0,0,0,LEADER,1,0,0,67,0,0,0,0,0,0,0,0,0,0,0
183607,95,bully,2301,1,0,0,66,0,924,0,1,95,181306,2301,0,67,0,0,0,LEADER,1,0,0,66,0,0,0,0,0,0,0,0,0,0,0
183470,98,bully,2165,1,0,0,66,0,924,0,1,98,181305,2165,0,67,0,0,0,LEADER,1,0,0,66,0,0,0,0,0,0,0,0,0,0,0
183654,73,bully,2349,1,0,0,66,0,924,0,1,73,181305,2349,0,67,0,0,0,LEADER,1,0,0,66,0,0,0,0,0,0,0,0,0,0,0
183200,61,bully,1895,1,0,0,66,0,924,0,1,61,181305,1895,0,67,0,0,0,LEADER,1,0,0,66,0,0,0,0,0,0,0,0,0,0,0
183948,97,bully,1722,1,0,0,67,0,938,0,1,97,182226,1722,0,68,0,0,0,LEADER,1,0,0,67,0,0,0,0,0,0,0,0,0,0,0
183978,33,bully,1752,1,0,0,67,0,938,0,1,33,182226,1752,0,68,0,0,0,LEADER,1,0,0,67,0,0,0,0,0,0,0,0,0,0,0
183636,31,bully,2331,1,0,0,66,0,924,0,1,31,181305,2331,0,67,0,0,0,LEADER,1,0,0,66,0,0,0,0,0,0,0,0,0,0,0
184148,40,bully,1922,1,0,0,67,0,938,0,1,40,182226,1922,0,68,0,0,0,LEADER,1,0,0,67,0,0,0,0,0,0,0,0,0,0,0
184138,29,bully,1910,1,0,0,67,0,938,0,1,29,182228,1910,0,68,0,0,0,LEADER,1,0,0,67,0,0,0,0,0,0,0,0,0,0,0
183964,96,bully,1744,1,0,0,67,0,938,0,1,96,182220,1744,0,68,0,0,0,LEADER,1,0,0,67,0,0,0,0,0,0,0,0,0,0,0
184051,84,bully,1825,1,0,0,67,0,938,0,1,84,182226,1825,0,68,0,0,0,LEADER,1,0,0,67,0,0,0,0,0,0,0,0,0,0,0
183745,80,bully,1519,1,0,0,67,0,938,0,1,80,182226,1519,0,68,0,0,0,LEADER,1,0,0,67,0,0,0,0,0,0,0,0,0,0,0
183588,53,bully,2283,1,0,0,66,0,924,0,1,53,181305,2283,0,67,0,0,0,LEADER,1,0,0,66,0,0,0,0,0,0,0,0,0,0,0
183664,92,bully,1438,1,0,0,67,0,938,0,1,92,182226,1438,0,68,0,0,0,LEADER,1,0,0,67,0,0,0,0,0,0,0,0,0,0,0
183837,91,bully,1619,1,0,0,67,0,938,0,1,91,182218,1619,0,68,0,0,0,LEADER,1,0,0,67,0,0,0,0,0,0,0,0,0,0,0
184100,62,bully,1874,1,0,0,67,0,938,0,1,62,182226,1874,0,68,0,0,0,LEADER,1,0,0,67,0,0,0,0,0,0,0,0,0,0,0
183797,15,bully,1571,1,0,0,67,0,938,0,1,15,182226,1571,0,68,0,0,0,LEADER,1,0,0,67,0,0,0,0,0,0,0,0,0,0,0
183466,26,bully,2161,1,0,0,66,0,924,0,1,26,181305,2161,0,67,0,0,0,LEADER,1,0,0,66,0,0,0,0,0,0,0,0,0,0,0
184203,49,bully,1977,1,0,0,67,0,938,0,1,49,182226,1977,0,68,0,0,0,LEADER,1,0,0,67,0,0,0,0,0,0,0,0,0,0,0
184018,58,bully,1792,1,0,0,67,0,938,0,1,58,182226,1792,0,68,0,0,0,LEADER,1,0,0,67,0,0,0,0,0,0,0,0,0,0,0
183551,86,bully,2246,1,0,0,66,0,924,0,1,86,181305,2246,0,67,0,0,0,LEADER,1,0,0,66,0,0,0,0,0,0,0,0,0,0,0
183724,50,bully,2419,1,0,0,66,0,924,0,1,50,181305,2419,0,67,0,0,0,LEADER,1,0,0,66,0,0,0,0,0,0,0,0,0,0,0
183573,85,bully,2268,1,0,0,66,0,924,0,1,85,181305,2268,0,67,0,0,0,LEADER,1,0,0,66,0,0,0,0,0,0,0,0,0,0,0
183513,87,bully,2212,1,0,0,66,0,924,0,1,87,181301,2212,0,67,0,0,0,LEADER,1,0,0,66,0,0,0,0,0,0,0,0,0,0,0
183721,64,bully,2416,1,0,0,66,0,924,0,1,64,181305,2416,0,67,0,0,0,LEADER,1,0,0,66,0,0,0,0,0,0,0,0,0,0,0
183570,11,bully,2264,1,0,0,66,0,924,0,1,11,181306,2264,0,67,0,0,0,LEADER,1,0,0,66,0,0,0,0,0,0,0,0,0,0,0
183660,18,bully,1434,1,0,0,67,0,938,0,1,18,182226,1434,0,68,0,0,0,LEADER,1,0,0,67,0,0,0,0,0,0,0,0,0,0,0
183779,90,bully,1553,1,0,0,67,0,938,0,1,90,182226,1553,0,68,0,0,0,LEADER,1,0,0,67,0,0,0,0,0,0,0,0,0,0,0
183673,35,bully,1447,1,0,0,67,0,938,0,1,35,182226,1447,0,68,0,0,0,LEADER,1,0,0,67,0,0,0,0,0,0,0,0,0,0,0
183554,43,bully,2249,1,0,0,66,0,924,0,1,43,181305,2249,0,67,0,0,0,LEADER,1,0,0,66,0,0,0,0,0,0,0,0,0,0,0
183693,28,bully,1467,1,0,0,67,0,938,0,1,28,182226,1467,0,68,0,0,0,LEADER,1,0,0,67,0,0,0,0,0,0,0,0,0,0,0
183531,44,bully,2228,1,0,0,66,0,924,0,1,44,181303,2228,0,67,0,0,0,LEADER,1,0,0,66,0,0,0,0,0,0,0,0,0,0,0
184367,23,bully,2141,1,0,0,67,0,938,0,1,23,182226,2141,0,68,0,0,0,LEADER,1,0,0,67,0,0,0,0,0,0,0,0,0,0,0
183687,30,bully,1461,1,0,0,67,0,938,0,1,30,182226,1461,0,68,0,0,0,LEADER,1,0,0,67,0,0,0,0,0,0,0,0,0,0,0
184085,94,bully,1859,1,0,0,67,0,938,0,1,94,182226,1859,0,68,0,0,0,LEADER,1,0,0,67,0,0,0,0,0,0,0,0,0,0,0
183727,38,bully,1501,1,0,0,67,0,938,0,1,38,182226,1501,0,68,0,0,0,LEADER,1,0,0,67,0,0,0,0,0,0,0,0,0,0,0
184406,66,bully,2180,1,0,0,67,0,938,0,1,66,182226,2180,0,68,0,0,0,LEADER,1,0,0,67,0,0,0,0,0,0,0,0,0,0,0
183712,70,bully,1486,1,0,0,67,0,938,0,1,70,182226,1486,0,68,0,0,0,LEADER,1,0,0,67,0,0,0,0,0,0,0,0,0,0,0
184357,88,bully,2131,1,0,0,67,0,938,0,1,88,182226,2131,0,68,0,0,0,LEADER,1,0,0,67,0,0,0,0,0,0,0,0,0,0,0
183540,75,bully,2235,1,0,0,66,0,924,0,1,75,181305,2235,0,67,0,0,0,LEADER,1,0,0,66,0,0,0,0,0,0,0,0,0,0,0
183550,12,bully,2243,1,0,0,66,0,924,0,1,12,181307,2243,0,67,0,0,0,LEADER,1,0,0,66,0,0,0,0,0,0,0,0,0,0,0
184251,27,bully,2025,1,0,0,67,0,938,0,1,27,182226,2025,0,68,0,0,0,LEADER,1,0,0,67,0,0,0,0,0,0,0,0,0,0,0
183740,42,bully,1514,1,0,0,67,0,938,0,1,42,182226,1514,0,68,0,0,0,LEADER,1,0,0,67,0,0,0,0,0,0,0,0,0,0,0
184387,24,bully,2161,1,0,0,67,0,938,0,1,24,182226,2161,0,68,0,0,0,LEADER,1,0,0,67,0,0,0,0,0,0,0,0,0,0,0
184339,46,bully,2113,1,0,0,67,0,938,0,1,46,182226,2113,0,68,0,0,0,LEADER,1,0,0,67,0,0,0,0,0,0,0,0,0,0,0
184236,59,bully,2010,1,0,0,67,0,938,0,1,59,182226,2010,0,68,0,0,0,LEADER,1,0,0,67,0,0,0,0,0,0,0,0,0,0,0
183864,34,bully,1637,1,0,0,67,0,938,0,1,34,182227,1637,0,68,0,0,0,LEADER,1,0,0,67,0,0,0,0,0,0,0,0,0,0,0
184518,32,bully,2292,1,0,0,67,0,938,0,1,32,182226,2292,0,68,0,0,0,LEADER,1,0,0,67,0,0,0,0,0,0,0,0,0,0,0
184133,72,bully,1907,1,0,0,67,0,938,0,1,72,182226,1907,0,68,0,0,0,LEADER,1,0,0,67,0,0,0,0,0,0,0,0,0,0,0
184545,63,bully,2316,1,0,0,67,0,938,0,1,63,182229,2316,0,68,0,0,0,LEADER,1,0,0,67,0,0,0,0,0,0,0,0,0,0,0
184018,74,bully,1792,1,0,0,67,0,938,0,1,74,182226,1792,0,68,0,0,0,LEADER,1,0,0,67,0,0,0,0,0,0,0,0,0,0,0
183760,48,bully,1534,1,0,0,67,0,938,0,1,48,182226,1534,0,68,0,0,0,LEADER,1,0,0,67,0,0,0,0,0,0,0,0,0,0,0
184223,57,bully,1995,1,0,0,67,0,938,0,1,57,182228,1995,0,68,0,0,0,LEADER,1,0,0,67,0,0,0,0,0,0,0,0,0,0,0
184291,68,bully,2065,1,0,0,67,0,938,0,1,68,182226,2065,0,68,0,0,0,LEADER,1,0,0,67,0,0,0,0,0,0,0,0,0,0,0
183692,45,bully,1466,1,0,0,67,0,938,0,1,45,182226,1466,0,68,0,0,0,LEADER,1,0,0,67,0,0,0,0,0,0,0,0,0,0,0
184049,93,bully,1823,1,0,0,67,0,938,0,1,93,182226,1823,0,68,0,0,0,LEADER,1,0,0,67,0,0,0,0,0,0,0,0,0,0,0
184630,82,bully,2404,1,0,0,67,0,938,0,1,82,182226,2404,0,68,0,0,0,LEADER,1,0,0,67,0,0,0,0,0,0,0,0,0,0,0
184624,51,bully,2398,1,0,0,67,0,938,0,1,51,182226,2398,0,68,0,0,0,LEADER,1,0,0,67,0,0,0,0,0,0,0,0,0,0,0
184169,39,bully,1943,1,0,0,67,0,938,0,1,39,182226,1943,0,68,0,0,0,LEADER,1,0,0,67,0,0,0,0,0,0,0,0,0,0,0
183915,78,bully,1689,1,0,0,67,0,938,0,1,78,182226,1689,0,68,0,0,0,LEADER,1,0,0,67,0,0,0,0,0,0,0,0,0,0,0
184303,79,bully,2077,1,0,0,67,0,938,0,1,79,182226,2077,0,68,0,0,0,LEADER,1,0,0,67,0,0,0,0,0,0,0,0,0,0,0
183878,14,bully,1652,1,0,0,67,0,938,0,1,14,182226,1652,0,68,0,0,0,LEADER,1,0,0,67,0,0,0,0,0,0,0,0,0,0,0
184305,36,bully,2080,1,0,0,67,0,938,0,1,36,182225,2080,0,68,0,0,0,LEADER,1,0,0,67,0,0,0,0,0,0,0,0,0,0,0
184188,81,bully,1962,1,0,0,67,0,938,0,1,81,182226,1962,0,68,0,0,0,LEADER,1,0,0,67,0,0,0,0,0,0,0,0,0,0,0
183848,67,bully,1622,1,0,0,67,0,938,0,1,67,182226,1622,0,68,0,0,0,LEADER,1,0,0,67,0,0,0,0,0,0,0,0,0,0,0
184609,83,bully,2383,1,0,0,67,0,938,0,1,83,182226,2383,0,68,0,0,0,LEADER,1,0,0,67,0,0,0,0,0,0,0,0,0,0,0
184753,99,bully,1607,1,0,0,67,0,938,0,1,99,183146,1607,0,68,0,0,0,LEADER,1,0,0,67,0,0,0,0,0,0,0,0,0,0,0
183930,55,bully,1704,1,0,0,67,0,938,0,1,55,182226,1704,0,68,0,0,0,LEADER,1,0,0,67,0,0,0,0,0,0,0,0,0,0,0
184720,89,bully,1574,1,0,0,67,0,938,0,1,89,183146,1574,0,68,0,0,0,LEADER,1,0,0,67,0,0,0,0,0,0,0,0,0,0,0
183882,77,bully,1656,1,0,0,67,0,938,0,1,77,182226,1656,0,68,0,0,0,LEADER,1,0,0,67,0,0,0,0,0,0,0,0,0,0,0
184154,71,bully,1928,1,0,0,67,0,938,0,1,71,182226,1928,0,68,0,0,0,LEADER,1,0,0,67,0,0,0,0,0,0,0,0,0,0,0
184066,52,bully,1840,1,0,0,67,0,938,0,1,52,182226,1840,0,68,0,0,0,LEADER,1,0,0,67,0,0,0,0,0,0,0,0,0,0,0
184433,76,bully,2213,1,0,0,67,0,938,0,1,76,182220,2213,0,68,0,0,0,LEADER,1,0,0,67,0,0,0,0,0,0,0,0,0,0,0
184033,10,bully,1807,1,0,0,67,0,938,0,1,10,182226,1807,0,68,0,0,0,LEADER,1,0,0,67,0,0,0,0,0,0,0,0,0,0,0
183966,22,bully,1740,1,0,0,67,0,938,0,1,22,182226,1740,0,68,0,0,0,LEADER,1,0,0,67,0,0,0,0,0,0,0,0,0,0,0
184112,21,bully,1889,1,0,0,67,0,938,0,1,21,182223,1889,0,68,0,0,0,LEADER,1,0,0,67,0,0,0,0,0,0,0,0,0,0,0
184372,56,bully,2146,1,0,0,67,0,938,0,1,56,182226,2146,0,68,0,0,0,LEADER,1,0,0,67,0,0,0,0,0,0,0,0,0,0,0
183897,60,bully,1671,1,0,0,67,0,938,0,1,60,182226,1671,0,68,0,0,0,LEADER,1,0,0,67,0,0,0,0,0,0,0,0,0,0,0
184750,25,bully,1604,1,0,0,67,0,938,0,1,25,183146,1604,0,68,0,0,0,LEADER,1,0,0,67,0,0,0,0,0,0,0,0,0,0,0
183963,65,bully,1737,1,0,0,67,0,938,0,1,65,182226,1737,0,68,0,0,0,LEADER,1,0,0,67,0,0,0,0,0,0,0,0,0,0,0
184639,19,bully,2413,1,0,0,67,0,938,0,1,19,182226,2413,0,68,0,0,0,LEADER,1,0,0,67,0,0,0,0,0,0,0,0,0,0,0
184269,69,bully,2043,1,0,0,67,0,938,0,1,69,182226,2043,0,68,0,0,0,LEADER,1,0,0,67,0,0,0,0,0,0,0,0,0,0,0
184871,54,bully,1725,1,0,0,67,0,938,0,1,54,183146,1725,0,68,0,0,0,LEADER,1,0,0,67,0,0,0,0,0,0,0,0,0,0,0
184218,17,bully,1992,1,0,0,67,0,938,0,1,17,182226,1992,0,68,0,0,0,LEADER,1,0,0,67,0,0,0,0,0,0,0,0,0,0,0
184732,100,bully,1586,1,0,0,67,0,938,0,1,100,183146,1586,0,68,0,0,0,LEADER,1,0,0,67,0,0,0,0,0,0,0,0,0,0,0
184695,16,bully,1549,1,0,0,67,0,938,0,1,16,183146,1549,0,68,0,0,0,LEADER,1,0,0,67,0,0,0,0,0,0,0,0,0,0,0
184284,37,bully,2058,1,0,0,67,0,938,0,1,37,182226,2058,0,68,0,0,0,LEADER,1,0,0,67,0,0,0,0,0,0,0,0,0,0,0
184920,13,bully,1774,1,0,0,67,0,938,0,1,13,183146,1774,0,68,0,0,0,LEADER,1,0,0,67,0,0,0,0,0,0,0,0,0,0,0
184081,20,bully,1855,1,0,0,67,0,938,0,1,20,182226,1855,0,68,0,0,0,LEADER,1,0,0,67,0,0,0,0,0,0,0,0,0,0,0
184713,41,bully,1567,1,0,0,67,0,938,0,1,41,183146,1567,0,68,0,0,0,LEADER,1,0,0,67,0,0,0,0,0,0,0,0,0,0,0
184702,47,bully,1556,1,0,0,67,0,938,0,1,47,183146,1556,0,68,0,0,0,LEADER,1,0,0,67,0,0,0,0,0,0,0,0,0,0,0
184528,95,bully,2301,1,0,0,67,0,938,0,1,95,182227,2301,0,68,0,0,0,LEADER,1,0,0,67,0,0,0,0,0,0,0,0,0,0,0
184391,98,bully,2165,1,0,0,67,0,938,0,1,98,182226,2165,0,68,0,0,0,LEADER,1,0,0,67,0,0,0,0,0,0,0,0,0,0,0
184575,73,bully,2349,1,0,0,67,0,938,0,1,73,182226,2349,0,68,0,0,0,LEADER,1,0,0,67,0,0,0,0,0,0,0,0,0,0,0
184898,33,bully,1752,1,0,0,67,0,938,0,1,33,183146,1752,0,68,0,0,0,LEADER,1,0,0,67,0,0,0,0,0,0,0,0,0,0,0
184868,97,bully,1722,1,0,0,67,0,938,0,1,97,183146,1722,0,68,0,0,0,LEADER,1,0,0,67,0,0,0,0,0,0,0,0,0,0,0
184121,61,bully,1895,1,0,0,67,0,938,0,1,61,182226,1895,0,68,0,0,0,LEADER,1,0,0,67,0,0,0,0,0,0,0,0,0,0,0
185068,40,bully,1922,1,0,0,67,0,938,0,1,40,183146,1922,0,68,0,0,0,LEADER,1,0,0,67,0,0,0,0,0,0,0,0,0,0,0
184557,31,bully,2331,1,0,0,67,0,938,0,1,31,182226,2331,0,68,0,0,0,LEADER,1,0,0,67,0,0,0,0,0,0,0,0,0,0,0
185058,29,bully,1910,1,0,0,67,0,938,0,1,29,183148,1910,0,68,0,0,0,LEADER,1,0,0,67,0,0,0,0,0,0,0,0,0,0,0
184884,96,bully,1744,1,0,0,67,0,938,0,1,96,183140,1744,0,68,0,0,0,LEADER,1,0,0,67,0,0,0,0,0,0,0,0,0,0,0
184971,84,bully,1825,1,0,0,67,0,938,0,1,84,183146,1825,0,68,0,0,0,LEADER,1,0,0,67,0,0,0,0,0,0,0,0,0,0,0
184665,80,bully,1519,1,0,0,67,0,938,0,1,80,183146,1519,0,68,0,0,0,LEADER,1,0,0,67,0,0,0,0,0,0,0,0,0,0,0
184509,53,bully,2283,1,0,0,67,0,938,0,1,53,182226,2283,0,68,0,0,0,LEADER,1,0,0,67,0,0,0,0,0,0,0,0,0,0,0
184584,92,bully,1438,1,0,0,67,0,938,0,1,92,183146,1438,0,68,0,0,0,LEADER,1,0,0,67,0,0,0,0,0,0,0,0,0,0,0
184757,91,bully,1619,1,0,0,67,0,938,0,1,91,183138,1619,0,68,0,0,0,LEADER,1,0,0,67,0,0,0,0,0,0,0,0,0,0,0
185020,62,bully,1874,1,0,0,67,0,938,0,1,62,183146,1874,0,68,0,0,0,LEADER,1,0,0,67,0,0,0,0,0,0,0,0,0,0,0
184717,15,bully,1571,1,0,0,67,0,938,0,1,15,183146,1571,0,68,0,0,0,LEADER,1,0,0,67,0,0,0,0,0,0,0,0,0,0,0
184387,26,bully,2161,1,0,0,67,0,938,0,1,26,182226,2161,0,68,0,0,0,LEADER,1,0,0,67,0,0,0,0,0,0,0,0,0,0,0
185123,49,bully,1977,1,0,0,67,0,938,0,1,49,183146,1977,0,68,0,0,0,LEADER,1,0,0,67,0,0,0,0,0,0,0,0,0,0,0
184938,58,bully,1792,1,0,0,67,0,938,0,1,58,183146,1792,0,68,0,0,0,LEADER,1,0,0,67,0,0,0,0,0,0,0,0,0,0,0
184472,86,bully,2246,1,0,0,67,0,938,0,1,86,182226,2246,0,68,0,0,0,LEADER,1,0,0,67,0,0,0,0,0,0,0,0,0,0,0
184645,50,bully,2419,1,0,0,67,0,938,0,1,50,182226,2419,0,68,0,0,0,LEADER,1,0,0,67,0,0,0,0,0,0,0,0,0,0,0
184494,85,bully,2268,1,0,0,67,0,938,0,1,85,182226,2268,0,68,0,0,0,LEADER,1,0,0,67,0,0,0,0,0,0,0,0,0,0,0
184434,87,bully,2212,1,0,0,67,0,938,0,1,87,182222,2212,0,68,0,0,0,LEADER,1,0,0,67,0,0,0,0,0,0,0,0,0,0,0
184642,64,bully,2416,1,0,0,67,0,938,0,1,64,182226,2416,0,68,0,0,0,LEADER,1,0,0,67,0,0,0,0,0,0,0,0,0,0,0
184580,18,bully,1434,1,0,0,67,0,938,0,1,18,183146,1434,0,68,0,0,0,LEADER,1,0,0,67,0,0,0,0,0,0,0,0,0,0,0
184491,11,bully,2264,1,0,0,67,0,938,0,1,11,182227,2264,0,68,0,0,0,LEADER,1,0,0,67,0,0,0,0,0,0,0,0,0,0,0
184699,90,bully,1553,1,0,0,67,0,938,0,1,90,183146,1553,0,68,0,0,0,LEADER,1,0,0,67,0,0,0,0,0,0,0,0,0,0,0
184593,35,bully,1447,1,0,0,67,0,938,0,1,35,183146,1447,0,68,0,0,0,LEADER,1,0,0,67,0,0,0,0,0,0,0,0,0,0,0
184475,43,bully,2249,1,0,0,67,0,938,0,1,43,182226,2249,0,68,0,0,0,LEADER,1,0,0,67,0,0,0,0,0,0,0,0,0,0,0
184613,28,bully,1467,1,0,0,67,0,938,0,1,28,183146,1467,0,68,0,0,0,LEADER,1,0,0,67,0,0,0,0,0,0,0,0,0,0,0
184452,44,bully,2228,1,0,0,67,0,938,0,1,44,182224,2228,0,68,0,0,0,LEADER,1,0,0,67,0,0,0,0,0,0,0,0,0,0,0
185287,23,bully,2141,1,0,0,67,0,938,0,1,23,183146,2141,0,68,0,0,0,LEADER,1,0,0,67,0,0,0,0,0,0,0,0,0,0,0
184607,30,bully,1461,1,0,0,67,0,938,0,1,30,183146,1461,0,68,0,0,0,LEADER,1,0,0,67,0,0,0,0,0,0,0,0,0,0,0
185005,94,bully,1859,1,0,0,67,0,938,0,1,94,183146,1859,0,68,0,0,0,LEADER,1,0,0,67,0,0,0,0,0,0,0,0,0,0,0
184647,38,bully,1501,1,0,0,67,0,938,0,1,38,183146,1501,0,68,0,0,0,LEADER,1,0,0,67,0,0,0,0,0,0,0,0,0,0,0
185326,66,bully,2180,1,0,0,67,0,938,0,1,66,183146,2180,0,68,0,0,0,LEADER,1,0,0,67,0,0,0,0,0,0,0,0,0,0,0
184632,70,bully,1486,1,0,0,67,0,938,0,1,70,183146,1486,0,68,0,0,0,LEADER,1,0,0,67,0,0,0,0,0,0,0,0,0,0,0
185277,88,bully,2131,1,0,0,67,0,938,0,1,88,183146,2131,0,68,0,0,0,LEADER,1,0,0,67,0,0,0,0,0,0,0,0,0,0,0
184461,75,bully,2235,1,0,0,67,0,938,0,1,75,182226,2235,0,68,0,0,0,LEADER,1,0,0,67,0,0,0,0,0,0,0,0,0,0,0
184471,12,bully,2243,1,0,0,67,0,938,0,1,12,182228,2243,0,68,0,0,0,LEADER,1,0,0,67,0,0,0,0,0,0,0,0,0,0,0
185171,27,bully,2025,1,0,0,67,0,938,0,1,27,183146,2025,0,68,0,0,0,LEADER,1,0,0,67,0,0,0,0,0,0,0,0,0,0,0
184660,42,bully,1514,1,0,0,67,0,938,0,1,42,183146,1514,0,68,0,0,0,LEADER,1,0,0,67,0,0,0,0,0,0,0,0,0,0,0
185307,24,bully,2161,1,0,0,67,0,938,0,1,24,183146,2161,0,68,0,0,0,LEADER,1,0,0,67,0,0,0,0,0,0,0,0,0,0,0
185259,46,bully,2113,1,0,0,67,0,938,0,1,46,183146,2113,0,68,0,0,0,LEADER,1,0,0,67,0,0,0,0,0,0,0,0,0,0,0
185156,59,bully,2010,1,0,0,67,0,938,0,1,59,183146,2010,0,68,0,0,0,LEADER,1,0,0,67,0,0,0,0,0,0,0,0,0,0,0
184784,34,bully,1637,1,0,0,67,0,938,0,1,34,183147,1637,0,68,0,0,0,LEADER,1,0,0,67,0,0,0,0,0,0,0,0,0,0,0
185438,32,bully,2292,1,0,0,67,0,938,0,1,32,183146,2292,0,68,0,0,0,LEADER,1,0,0,67,0,0,0,0,0,0,0,0,0,0,0
185053,72,bully,1907,1,0,0,67,0,938,0,1,72,183146,1907,0,68,0,0,0,LEADER,1,0,0,67,0,0,0,0,0,0,0,0,0,0,0
185465,63,bully,2316,1,0,0,67,0,938,0,1,63,183149,2316,0,68,0,0,0,LEADER,1,0,0,67,0,0,0,0,0,0,0,0,0,0,0
184938,74,bully,1792,1,0,0,67,0,938,0,1,74,183146,1792,0,68,0,0,0,LEADER,1,0,0,67,0,0,0,0,0,0,0,0,0,0,0
184680,48,bully,1534,1,0,0,67,0,938,0,1,48,183146,1534,0,68,0,0,0,LEADER,1,0,0,67,0,0,0,0,0,0,0,0,0,0,0
185143,57,bully,1995,1,0,0,67,0,938,0,1,57,183148,1995,0,68,0,0,0,LEADER,1,0,0,67,0,0,0,0,0,0,0,0,0,0,0
185211,68,bully,2065,1,0,0,67,0,938,0,1,68,183146,2065,0,68,0,0,0,LEADER,1,0,0,67,0,0,0,0,0,0,0,0,0,0,0
184612,45,bully,1466,1,0,0,67,0,938,0,1,45,183146,1466,0,68,0,0,0,LEADER,1,0,0,67,0,0,0,0,0,0,0,0,0,0,0
184969,93,bully,1823,1,0,0,67,0,938,0,1,93,183146,1823,0,68,0,0,0,LEADER,1,0,0,67,0,0,0,0,0,0,0,0,0,0,0
185550,82,bully,2404,1,0,0,67,0,938,0,1,82,183146,2404,0,68,0,0,0,LEADER,1,0,0,67,0,0,0,0,0,0,0,0,0,0,0
185544,51,bully,2398,1,0,0,67,0,938,0,1,51,183146,2398,0,68,0,0,0,LEADER,1,0,0,67,0,0,0,0,0,0,0,0,0,0,0
185089,39,bully,1943,1,0,0,67,0,938,0,1,39,183146,1943,0,68,0,0,0,LEADER,1,0,0,67,0,0,0,0,0,0,0,0,0,0,0
184835,78,bully,1689,1,0,0,67,0,938,0,1,78,183146,1689,0,68,0,0,0,LEADER,1,0,0,67,0,0,0,0,0,0,0,0,0,0,0
185223,79,bully,2077,1,0,0,67,0,938,0,1,79,183146,2077,0,68,0,0,0,LEADER,1,0,0,67,0,0,0,0,0,0,0,0,0,0,0
184798,14,bully,1652,1,0,0,67,0,938,0,1,14,183146,1652,0,68,0,0,0,LEADER,1,0,0,67,0,0,0,0,0,0,0,0,0,0,0
185225,36,bully,2080,1,0,0,67,0,938,0,1,36,183145,2080,0,68,0,0,0,LEADER,1,0,0,67,0,0,0,0,0,0,0,0,0,0,0
185108,81,bully,1962,1,0,0,67,0,938,0,1,81,183146,1962,0,68,0,0,0,LEADER,1,0,0,67,0,0,0,0,0,0,0,0,0,0,0
184768,67,bully,1622,1,0,0,67,0,938,0,1,67,183146,1622,0,68,0,0,0,LEADER,1,0,0,67,0,0,0,0,0,0,0,0,0,0,0
185529,83,bully,2383,1,0,0,67,0,938,0,1,83,183146,2383,0,68,0,0,0,LEADER,1,0,0,67,0,0,0,0,0,0,0,0,0,0,0
185673,99,bully,1607,1,0,0,67,0,938,0,1,99,184066,1607,0,68,0,0,0,LEADER,1,0,0,67,0,0,0,0,0,0,0,0,0,0,0
184850,55,bully,1704,1,0,0,67,0,938,0,1,55,183146,1704,0,68,0,0,0,LEADER,1,0,0,67,0,0,0,0,0,0,0,0,0,0,0
185640,89,bully,1574,1,0,0,67,0,938,0,1,89,184066,1574,0,68,0,0,0,LEADER,1,0,0,67,0,0,0,0,0,0,0,0,0,0,0
184802,77,bully,1656,1,0,0,67,0,938,0,1,77,183146,1656,0,68,0,0,0,LEADER,1,0,0,67,0,0,0,0,0,0,0,0,0,0,0
185074,71,bully,1928,1,0,0,67,0,938,0,1,71,183146,1928,0,68,0,0,0,LEADER,1,0,0,67,0,0,0,0,0,0,0,0,0,0,0
184986,52,bully,1840,1,0,0,67,0,938,0,1,52,183146,1840,0,68,0,0,0,LEADER,1,0,0,67,0,0,0,0,0,0,0,0,0,0,0
185353,76,bully,2213,1,0,0,67,0,938,0,1,76,183140,2213,0,68,0,0,0,LEADER,1,0,0,67,0,0,0,0,0,0,0,0,0,0,0
184953,10,bully,1807,1,0,0,67,0,938,0,1,10,183146,1807,0,68,0,0,0,LEADER,1,0,0,67,0,0,0,0,0,0,0,0,0,0,0
184886,22,bully,1740,1,0,0,67,0,938,0,1,22,183146,1740,0,68,0,0,0,LEADER,1,0,0,67,0,0,0,0,0,0,0,0,0,0,0
185032,21,bully,1889,1,0,0,67,0,938,0,1,21,183143,1889,0,68,0,0,0,LEADER,1,0,0,67,0,0,0,0,0,0,0,0,0,0,0
184918,3,bully,1903,1,0,0,10,24,140,336,4,2,183015,1903,0,7,0,0,0,NORMAL,0,0,0,10,0,0,0,24,0,0,0,0,0,0,0
185292,56,bully,2146,1,0,0,67,0,938,0,1,56,183146,2146,0,68,0,0,0,LEADER,1,0,0,67,0,0,0,0,0,0,0,0,0,0,0
184817,60,bully,1671,1,0,0,67,0,938,0,1,60,183146,1671,0,68,0,0,0,LEADER,1,0,0,67,0,0,0,0,0,0,0,0,0,0,0
185670,25,bully,1604,1,0,0,67,0,938,0,1,25,184066,1604,0,68,0,0,0,LEADER,1,0,0,67,0,0,0,0,0,0,0,0,0,0,0
184883,65,bully,1737,1,0,0,67,0,938,0,1,65,183146,1737,0,68,0,0,0,LEADER,1,0,0,67,0,0,0,0,0,0,0,0,0,0,0
185559,19,bully,2413,1,0,0,67,0,938,0,1,19,183146,2413,0,68,0,0,0,LEADER,1,0,0,67,0,0,0,0,0,0,0,0,0,0,0
185189,69,bully,2043,1,0,0,67,0,938,0,1,69,183146,2043,0,68,0,0,0,LEADER,1,0,0,67,0,0,0,0,0,0,0,0,0,0,0
185791,54,bully,1725,1,0,0,67,0,938,0,1,54,184066,1725,0,68,0,0,0,LEADER,1,0,0,67,0,0,0,0,0,0,0,0,0,0,0
185138,17,bully,1992,1,0,0,67,0,938,0,1,17,183146,1992,0,68,0,0,0,LEADER,1,0,0,67,0,0,0,0,0,0,0,0,0,0,0
185652,100,bully,1586,1,0,0,67,0,938,0,1,100,184066,1586,0,68,0,0,0,LEADER,1,0,0,67,0,0,0,0,0,0,0,0,0,0,0
185615,16,bully,1549,1,0,0,67,0,938,0,1,16,184066,1549,0,68,0,0,0,LEADER,1,0,0,67,0,0,0,0,0,0,0,0,0,0,0
185204,37,bully,2058,1,0,0,67,0,938,0,1,37,183146,2058,0,68,0,0,0,LEADER,1,0,0,67,0,0,0,0,0,0,0,0,0,0,0
185840,13,bully,1774,1,0,0,67,0,938,0,1,13,184066,1774,0,68,0,0,0,LEADER,1,0,0,67,0,0,0,0,0,0,0,0,0,0,0
185001,20,bully,1855,1,0,0,67,0,938,0,1,20,183146,1855,0,68,0,0,0,LEADER,1,0,0,67,0,0,0,0,0,0,0,0,0,0,0
185633,41,bully,1567,1,0,0,67,0,938,0,1,41,184066,1567,0,68,0,0,0,LEADER,1,0,0,67,0,0,0,0,0,0,0,0,0,0,0
185622,47,bully,1556,1,0,0,67,0,938,0,1,47,184066,1556,0,68,0,0,0,LEADER,1,0,0,67,0,0,0,0,0,0,0,0,0,0,0
185448,95,bully,2301,1,0,0,67,0,938,0,1,95,183147,2301,0,68,0,0,0,LEADER,1,0,0,67,0,0,0,0,0,0,0,0,0,0,0
185311,98,bully,2165,1,0,0,67,0,938,0,1,98,183146,2165,0,68,0,0,0,LEADER,1,0,0,67,0,0,0,0,0,0,0,0,0,0,0
185495,73,bully,2349,1,0,0,67,0,938,0,1,73,183146,2349,0,68,0,0,0,LEADER,1,0,0,67,0,0,0,0,0,0,0,0,0,0,0
185818,33,bully,1752,1,0,0,67,0,938,0,1,33,184066,1752,0,68,0,0,0,LEADER,1,0,0,67,0,0,0,0,0,0,0,0,0,0,0
185788,97,bully,1722,1,0,0,67,0,938,0,1,97,184066,1722,0,68,0,0,0,LEADER,1,0,0,67,0,0,0,0,0,0,0,0,0,0,0
185041,61,bully,1895,1,0,0,67,0,938,0,1,61,183146,1895,0,68,0,0,0,LEADER,1,0,0,67,0,0,0,0,0,0,0,0,0,0,0
185988,40,bully,1922,1,0,0,67,0,938,0,1,40,184066,1922,0,68,0,0,0,LEADER,1,0,0,67,0,0,0,0,0,0,0,0,0,0,0
185477,31,bully,2331,1,0,0,67,0,938,0,1,31,183146,2331,0,68,0,0,0,LEADER,1,0,0,67,0,0,0,0,0,0,0,0,0,0,0
185978,29,bully,1910,1,0,0,67,0,938,0,1,29,184068,1910,0,68,0,0,0,LEADER,1,0,0,67,0,0,0,0,0,0,0,0,0,0,0
185804,96,bully,1744,1,0,0,67,0,938,0,1,96,184060,1744,0,68,0,0,0,LEADER,1,0,0,67,0,0,0,0,0,0,0,0,0,0,0
185891,84,bully,1825,1,0,0,67,0,938,0,1,84,184066,1825,0,68,0,0,0,LEADER,1,0,0,67,0,0,0,0,0,0,0,0,0,0,0
185585,80,bully,1519,1,0,0,67,0,938,0,1,80,184066,1519,0,68,0,0,0,LEADER,1,0,0,67,0,0,0,0,0,0,0,0,0,0,0
185429,53,bully,2283,1,0,0,67,0,938,0,1,53,183146,2283,0,68,0,0,0,LEADER,1,0,0,67,0,0,0,0,0,0,0,0,0,0,0
185504,92,bully,1438,1,0,0,67,0,938,0,1,92,184066,1438,0,68,0,0,0,LEADER,1,0,0,67,0,0,0,0,0,0,0,0,0,0,0
185677,91,bully,1619,1,0,0,67,0,938,0,1,91,184058,1619,0,68,0,0,0,LEADER,1,0,0,67,0,0,0,0,0,0,0,0,0,0,0
185940,62,bully,1874,1,0,0,67,0,938,0,1,62,184066,1874,0,68,0,0,0,LEADER,1,0,0,67,0,0,0,0,0,0,0,0,0,0,0
185637,15,bully,1571,1,0,0,67,0,938,0,1,15,184066,1571,0,68,0,0,0,LEADER,1,0,0,67,0,0,0,0,0,0,0,0,0,0,0
185307,26,bully,2161,1,0,0,67,0,938,0,1,26,183146,2161,0,68,0,0,0,LEADER,1,0,0,67,0,0,0,0,0,0,0,0,0,0,0
186043,49,bully,1977,1,0,0,67,0,938,0,1,49,184066,1977,0,68,0,0,0,LEADER,1,0,0,67,0,0,0,0,0,0,0,0,0,0,0
185858,58,bully,1792,1,0,0,67,0,938,0,1,58,184066,1792,0,68,0,0,0,LEADER,1,0,0,67,0,0,0,0,0,0,0,0,0,0,0
185392,86,bully,2246,1,0,0,67,0,938,0,1,86,183146,2246,0,68,0,0,0,LEADER,1,0,0,67,0,0,0,0,0,0,0,0,0,0,0
185565,50,bully,2419,1,0,0,67,0,938,0,1,50,183146,2419,0,68,0,0,0,LEADER,1,0,0,67,0,0,0,0,0,0,0,0,0,0,0
185414,85,bully,2268,1,0,0,67,0,938,0,1,85,183146,2268,0,68,0,0,0,LEADER,1,0,0,67,0,0,0,0,0,0,0,0,0,0,0
185354,87,bully,2212,1,0,0,67,0,938,0,1,87,183142,2212,0,68,0,0,0,LEADER,1,0,0,67,0,0,0,0,0,0,0,0,0,0,0
185562,64,bully,2416,1,0,0,67,0,938,0,1,64,183146,2416,0,68,0,0,0,LEADER,1,0,0,67,0,0,0,0,0,0,0,0,0,0,0
185500,18,bully,1434,1,0,0,67,0,938,0,1,18,184066,1434,0,68,0,0,0,LEADER,1,0,0,67,0,0,0,0,0,0,0,0,0,0,0
185411,11,bully,2264,1,0,0,67,0,938,0,1,11,183147,2264,0,68,0,0,0,LEADER,1,0,0,67,0,0,0,0,0,0,0,0,0,0,0
185619,90,bully,1553,1,0,0,67,0,938,0,1,90,184066,1553,0,68,0,0,0,LEADER,1,0,0,67,0,0,0,0,0,0,0,0,0,0,0
185513,35,bully,1447,1,0,0,67,0,938,0,1,35,184066,1447,0,68,0,0,0,LEADER,1,0,0,67,0,0,0,0,0,0,0,0,0,0,0
185395,43,bully,2249,1,0,0,67,0,938,0,1,43,183146,2249,0,68,0,0,0,LEADER,1,0,0,67,0,0,0,0,0,0,0,0,0,0,0
185533,28,bully,1467,1,0,0,67,0,938,0,1,28,184066,1467,0,68,0,0,0,LEADER,1,0,0,67,0,0,0,0,0,0,0,0,0,0,0
185372,44,bully,2228,1,0,0,67,0,938,0,1,44,183144,2228,0,68,0,0,0,LEADER,1,0,0,67,0,0,0,0,0,0,0,0,0,0,0
186207,23,bully,2141,1,0,0,67,0,938,0,1,23,184066,2141,0,68,0,0,0,LEADER,1,0,0,67,0,0,0,0,0,0,0,0,0,0,0
185527,30,bully,1461,1,0,0,67,0,938,0,1,30,184066,1461,0,68,0,0,0,LEADER,1,0,0,67,0,0,0,0,0,0,0,0,0,0,0
185925,94,bully,1859,1,0,0,67,0,938,0,1,94,184066,1859,0,68,0,0,0,LEADER,1,0,0,67,0,0,0,0,0,0,0,0,0,0,0
185567,38,bully,1501,1,0,0,67,0,938,0,1,38,184066,1501,0,68,0,0,0,LEADER,1,0,0,67,0,0,0,0,0,0,0,0,0,0,0
186246,66,bully,2180,1,0,0,67,0,938,0,1,66,184066,2180,0,68,0,0,0,LEADER,1,0,0,67,0,0,0,0,0,0,0,0,0,0,0
185552,70,bully,1486,1,0,0,67,0,938,0,1,70,184066,1486,0,68,0,0,0,LEADER,1,0,0,67,0,0,0,0,0,0,0,0,0,0,0
186197,88,bully,2131,1,0,0,67,0,938,0,1,88,184066,2131,0,68,0,0,0,LEADER,1,0,0,67,0,0,0,0,0,0,0,0,0,0,0
185381,75,bully,2235,1,0,0,67,0,938,0,1,75,183146,2235,0,68,0,0,0,LEADER,1,0,0,67,0,0,0,0,0,0,0,0,0,0,0
185391,12,bully,2243,1,0,0,67,0,938,0,1,12,183148,2243,0,68,0,0,0,LEADER,1,0,0,67,0,0,0,0,0,0,0,0,0,0,0
186091,27,bully,2025,1,0,0,67,0,938,0,1,27,184066,2025,0,68,0,0,0,LEADER,1,0,0,67,0,0,0,0,0,0,0,0,0,0,0
185580,42,bully,1514,1,0,0,67,0,938,0,1,42,184066,1514,0,68,0,0,0,LEADER,1,0,0,67,0,0,0,0,0,0,0,0,0,0,0
186227,24,bully,2161,1,0,0,67,0,938,0,1,24,184066,2161,0,68,0,0,0,LEADER,1,0,0,67,0,0,0,0,0,0,0,0,0,0,0
186179,46,bully,2113,1,0,0,67,0,938,0,1,46,184066,2113,0,68,0,0,0,LEADER,1,0,0,67,0,0,0,0,0,0,0,0,0,0,0
186076,59,bully,2010,1,0,0,67,0,938,0,1,59,184066,2010,0,68,0,0,0,LEADER,1,0,0,67,0,0,0,0,0,0,0,0,0,0,0
186358,32,bully,2292,1,0,0,67,0,938,0,1,32,184066,2292,0,68,0,0,0,LEADER,1,0,0,67,0,0,0,0,0,0,0,0,0,0,0
185704,34,bully,1637,1,0,0,67,0,938,0,1,34,184067,1637,0,68,0,0,0,LEADER,1,0,0,67,0,0,0,0,0,0,0,0,0,0,0
185973,72,bully,1907,1,0,0,67,0,938,0,1,72,184066,1907,0,68,0,0,0,LEADER,1,0,0,67,0,0,0,0,0,0,0,0,0,0,0
186385,63,bully,2316,1,0,0,67,0,938,0,1,63,184069,2316,0,68,0,0,0,LEADER,1,0,0,67,0,0,0,0,0,0,0,0,0,0,0
185858,74,bully,1792,1,0,0,67,0,938,0,1,74,184066,1792,0,68,0,0,0,LEADER,1,0,0,67,0,0,0,0,0,0,0,0,0,0,0
185600,48,bully,1534,1,0,0,67,0,938,0,1,48,184066,1534,0,68,0,0,0,LEADER,1,0,0,67,0,0,0,0,0,0,0,0,0,0,0
186063,57,bully,1995,1,0,0,67,0,938,0,1,57,184068,1995,0,68,0,0,0,LEADER,1,0,0,67,0,0,0,0,0,0,0,0,0,0,0
186131,68,bully,2065,1,0,0,67,0,938,0,1,68,184066,2065,0,68,0,0,0,LEADER,1,0,0,67,0,0,0,0,0,0,0,0,0,0,0
185532,45,bully,1466,1,0,0,67,0,938,0,1,45,184066,1466,0,68,0,0,0,LEADER,1,0,0,67,0,0,0,0,0,0,0,0,0,0,0
185889,93,bully,1823,1,0,0,67,0,938,0,1,93,184066,1823,0,68,0,0,0,LEADER,1,0,0,67,0,0,0,0,0,0,0,0,0,0,0
186470,82,bully,2404,1,0,0,67,0,938,0,1,82,184066,2404,0,68,0,0,0,LEADER,1,0,0,67,0,0,0,0,0,0,0,0,0,0,0
186464,51,bully,2398,1,0,0,67,0,938,0,1,51,184066,2398,0,68,0,0,0,LEADER,1,0,0,67,0,0,0,0,0,0,0,0,0,0,0
186009,39,bully,1943,1,0,0,67,0,938,0,1,39,184066,1943,0,68,0,0,0,LEADER,1,0,0,67,0,0,0,0,0,0,0,0,0,0,0
185755,78,bully,1689,1,0,0,67,0,938,0,1,78,184066,1689,0,68,0,0,0,LEADER,1,0,0,67,0,0,0,0,0,0,0,0,0,0,0
186143,79,bully,2077,1,0,0,67,0,938,0,1,79,184066,2077,0,68,0,0,0,LEADER,1,0,0,67,0,0,0,0,0,0,0,0,0,0,0
185718,14,bully,1652,1,0,0,67,0,938,0,1,14,184066,1652,0,68,0,0,0,LEADER,1,0,0,67,0,0,0,0,0,0,0,0,0,0,0
186145,36,bully,2080,1,0,0,67,0,938,0,1,36,184065,2080,0,68,0,0,0,LEADER,1,0,0,67,0,0,0,0,0,0,0,0,0,0,0
186028,81,bully,1962,1,0,0,67,0,938,0,1,81,184066,1962,0,68,0,0,0,LEADER,1,0,0,67,0,0,0,0,0,0,0,0,0,0,0
185688,67,bully,1622,1,0,0,67,0,938,0,1,67,184066,1622,0,68,0,0,0,LEADER,1,0,0,67,0,0,0,0,0,0,0,0,0,0,0
186449,83,bully,2383,1,0,0,67,0,938,0,1,83,184066,2383,0,68,0,0,0,LEADER,1,0,0,67,0,0,0,0,0,0,0,0,0,0,0
186594,99,bully,1607,1,0,0,68,0,952,0,1,99,184987,1607,0,69,0,0,0,LEADER,1,0,0,68,0,0,0,0,0,0,0,0,0,0,0
185770,55,bully,1704,1,0,0,67,0,938,0,1,55,184066,1704,0,68,0,0,0,LEADER,1,0,0,67,0,0,0,0,0,0,0,0,0,0,0
186561,89,bully,1574,1,0,0,68,0,952,0,1,89,184987,1574,0,69,0,0,0,LEADER,1,0,0,68,0,0,0,0,0,0,0,0,0,0,0
185722,77,bully,1656,1,0,0,67,0,938,0,1,77,184066,1656,0,68,0,0,0,LEADER,1,0,0,67,0,0,0,0,0,0,0,0,0,0,0
185994,71,bully,1928,1,0,0,67,0,938,0,1,71,184066,1928,0,68,0,0,0,LEADER,1,0,0,67,0,0,0,0,0,0,0,0,0,0,0
185906,52,bully,1840,1,0,0,67,0,938,0,1,52,184066,1840,0,68,0,0,0,LEADER,1,0,0,67,0,0,0,0,0,0,0,0,0,0,0
186273,76,bully,2213,1,0,0,67,0,938,0,1,76,184060,2213,0,68,0,0,0,LEADER,1,0,0,67,0,0,0,0,0,0,0,0,0,0,0
185873,10,bully,1807,1,0,0,67,0,938,0,1,10,184066,1807,0,68,0,0,0,LEADER,1,0,0,67,0,0,0,0,0,0,0,0,0,0,0
185806,22,bully,1740,1,0,0,67,0,938,0,1,22,184066,1740,0,68,0,0,0,LEADER,1,0,0,67,0,0,0,0,0,0,0,0,0,0,0
185952,21,bully,1889,1,0,0,67,0,938,0,1,21,184063,1889,0,68,0,0,0,LEADER,1,0,0,67,0,0,0,0,0,0,0,0,0,0,0
186212,56,bully,2146,1,0,0,67,0,938,0,1,56,184066,2146,0,68,0,0,0,LEADER,1,0,0,67,0,0,0,0,0,0,0,0,0,0,0
185737,60,bully,1671,1,0,0,67,0,938,0,1,60,184066,1671,0,68,0,0,0,LEADER,1,0,0,67,0,0,0,0,0,0,0,0,0,0,0
186591,25,bully,1604,1,0,0,68,0,952,0,1,25,184987,1604,0,69,0,0,0,LEADER,1,0,0,68,0,0,0,0,0,0,0,0,0,0,0
185803,65,bully,1737,1,0,0,67,0,938,0,1,65,184066,1737,0,68,0,0,0,LEADER,1,0,0,67,0,0,0,0,0,0,0,0,0,0,0
186479,19,bully,2413,1,0,0,67,0,938,0,1,19,184066,2413,0,68,0,0,0,LEADER,1,0,0,67,0,0,0,0,0,0,0,0,0,0,0
186109,69,bully,2043,1,0,0,67,0,938,0,1,69,184066,2043,0,68,0,0,0,LEADER,1,0,0,67,0,0,0,0,0,0,0,0,0,0,0
186712,54,bully,1725,1,0,0,68,0,952,0,1,54,184987,1725,0,69,0,0,0,LEADER,1,0,0,68,0,0,0,0,0,0,0,0,0,0,0
186058,17,bully,1992,1,0,0,67,0,938,0,1,17,184066,1992,0,68,0,0,0,LEADER,1,0,0,67,0,0,0,0,0,0,0,0,0,0,0
186573,100,bully,1586,1,0,0,68,0,952,0,1,100,184987,1586,0,69,0,0,0,LEADER,1,0,0,68,0,0,0,0,0,0,0,0,0,0,0
186536,16,bully,1549,1,0,0,68,0,952,0,1,16,184987,1549,0,69,0,0,0,LEADER,1,0,0,68,0,0,0,0,0,0,0,0,0,0,0
186124,37,bully,2058,1,0,0,67,0,938,0,1,37,184066,2058,0,68,0,0,0,LEADER,1,0,0,67,0,0,0,0,0,0,0,0,0,0,0
186761,13,bully,1774,1,0,0,68,0,952,0,1,13,184987,1774,0,69,0,0,0,LEADER,1,0,0,68,0,0,0,0,0,0,0,0,0,0,0
185921,20,bully,1855,1,0,0,67,0,938,0,1,20,184066,1855,0,68,0,0,0,LEADER,1,0,0,67,0,0,0,0,0,0,0,0,0,0,0
186554,41,bully,1567,1,0,0,68,0,952,0,1,41,184987,1567,0,69,0,0,0,LEADER,1,0,0,68,0,0,0,0,0,0,0,0,0,0,0
186543,47,bully,1556,1,0,0,68,0,952,0,1,47,184987,1556,0,69,0,0,0,LEADER,1,0,0,68,0,0,0,0,0,0,0,0,0,0,0
186368,95,bully,2301,1,0,0,67,0,938,0,1,95,184067,2301,0,68,0,0,0,LEADER,1,0,0,67,0,0,0,0,0,0,0,0,0,0,0
186231,98,bully,2165,1,0,0,67,0,938,0,1,98,184066,2165,0,68,0,0,0,LEADER,1,0,0,67,0,0,0,0,0,0,0,0,0,0,0
186415,73,bully,2349,1,0,0,67,0,938,0,1,73,184066,2349,0,68,0,0,0,LEADER,1,0,0,67,0,0,0,0,0,0,0,0,0,0,0
185961,61,bully,1895,1,0,0,67,0,938,0,1,61,184066,1895,0,68,0,0,0,LEADER,1,0,0,67,0,0,0,0,0,0,0,0,0,0,0
186709,97,bully,1722,1,0,0,68,0,952,0,1,97,184987,1722,0,69,0,0,0,LEADER,1,0,0,68,0,0,0,0,0,0,0,0,0,0,0
186739,33,bully,1752,1,0,0,68,0,952,0,1,33,184987,1752,0,69,0,0,0,LEADER,1,0,0,68,0,0,0,0,0,0,0,0,0,0,0
186397,31,bully,2331,1,0,0,67,0,938,0,1,31,184066,2331,0,68,0,0,0,LEADER,1,0,0,67,0,0,0,0,0,0,0,0,0,0,0
186909,40,bully,1922,1,0,0,68,0,952,0,1,40,184987,1922,0,69,0,0,0,LEADER,1,0,0,68,0,0,0,0,0,0,0,0,0,0,0
186899,29,bully,1910,1,0,0,68,0,952,0,1,29,184989,1910,0,69,0,0,0,LEADER,1,0,0,68,0,0,0,0,0,0,0,0,0,0,0
186725,96,bully,1744,1,0,0,68,0,952,0,1,96,184981,1744,0,69,0,0,0,LEADER,1,0,0,68,0,0,0,0,0,0,0,0,0,0,0
186812,84,bully,1825,1,0,0,68,0,952,0,1,84,184987,1825,0,69,0,0,0,LEADER,1,0,0,68,0,0,0,0,0,0,0,0,0,0,0
186508,80,bully,1519,1,0,0,68,0,952,0,1,80,184989,1519,0,69,0,0,0,LEADER,1,0,0,68,0,0,0,0,0,0,0,0,0,0,0
186349,53,bully,2283,1,0,0,67,0,938,0,1,53,184066,2283,0,68,0,0,0,LEADER,1,0,0,67,0,0,0,0,0,0,0,0,0,0,0
186425,92,bully,1438,1,0,0,68,0,952,0,1,92,184987,1438,0,69,0,0,0,LEADER,1,0,0,68,0,0,0,0,0,0,0,0,0,0,0
186598,91,bully,1619,1,0,0,68,0,952,0,1,91,184979,1619,0,69,0,0,0,LEADER,1,0,0,68,0,0,0,0,0,0,0,0,0,0,0
186861,62,bully,1874,1,0,0,68,0,952,0,1,62,184987,1874,0,69,0,0,0,LEADER,1,0,0,68,0,0,0,0,0,0,0,0,0,0,0
186558,15,bully,1571,1,0,0,68,0,952,0,1,15,184987,1571,0,69,0,0,0,LEADER,1,0,0,68,0,0,0,0,0,0,0,0,0,0,0
186227,26,bully,2161,1,0,0,67,0,938,0,1,26,184066,2161,0,68,0,0,0,LEADER,1,0,0,67,0,0,0,0,0,0,0,0,0,0,0
186964,49,bully,1977,1,0,0,68,0,952,0,1,49,184987,1977,0,69,0,0,0,LEADER,1,0,0,68,0,0,0,0,0,0,0,0,0,0,0
186779,58,bully,1792,1,0,0,68,0,952,0,1,58,184987,1792,0,69,0,0,0,LEADER,1,0,0,68,0,0,0,0,0,0,0,0,0,0,0
186312,86,bully,2246,1,0,0,67,0,938,0,1,86,184066,2246,0,68,0,0,0,LEADER,1,0,0,67,0,0,0,0,0,0,0,0,0,0,0
186485,50,bully,2419,1,0,0,67,0,938,0,1,50,184066,2419,0,68,0,0,0,LEADER,1,0,0,67,0,0,0,0,0,0,0,0,0,0,0
186334,85,bully,2268,1,0,0,67,0,938,0,1,85,184066,2268,0,68,0,0,0,LEADER,1,0,0,67,0,0,0,0,0,0,0,0,0,0,0
186274,87,bully,2212,1,0,0,67,0,938,0,1,87,184062,2212,0,68,0,0,0,LEADER,1,0,0,67,0,0,0,0,0,0,0,0,0,0,0
186482,64,bully,2416,1,0,0,67,0,938,0,1,64,184066,2416,0,68,0,0,0,LEADER,1,0,0,67,0,0,0,0,0,0,0,0,0,0,0
186331,11,bully,2264,1,0,0,67,0,938,0,1,11,184067,2264,0,68,0,0,0,LEADER,1,0,0,67,0,0,0,0,0,0,0,0,0,0,0
186421,18,bully,1434,1,0,0,68,0,952,0,1,18,184987,1434,0,69,0,0,0,LEADER,1,0,0,68,0,0,0,0,0,0,0,0,0,0,0
186540,90,bully,1553,1,0,0,68,0,952,0,1,90,184987,1553,0,69,0,0,0,LEADER,1,0,0,68,0,0,0,0,0,0,0,0,0,0,0
186434,35,bully,1447,1,0,0,68,0,952,0,1,35,184987,1447,0,69,0,0,0,LEADER,1,0,0,68,0,0,0,0,0,0,0,0,0,0,0
186315,43,bully,2249,1,0,0,67,0,938,0,1,43,184066,2249,0,68,0,0,0,LEADER,1,0,0,67,0,0,0,0,0,0,0,0,0,0,0
186454,28,bully,1467,1,0,0,68,0,952,0,1,28,184987,1467,0,69,0,0,0,LEADER,1,0,0,68,0,0,0,0,0,0,0,0,0,0,0
186292,44,bully,2228,1,0,0,67,0,938,0,1,44,184064,2228,0,68,0,0,0,LEADER,1,0,0,67,0,0,0,0,0,0,0,0,0,0,0
187128,23,bully,2141,1,0,0,68,0,952,0,1,23,184987,2141,0,69,0,0,0,LEADER,1,0,0,68,0,0,0,0,0,0,0,0,0,0,0
186448,30,bully,1461,1,0,0,68,0,952,0,1,30,184987,1461,0,69,0,0,0,LEADER,1,0,0,68,0,0,0,0,0,0,0,0,0,0,0
186846,94,bully,1859,1,0,0,68,0,952,0,1,94,184987,1859,0,69,0,0,0,LEADER,1,0,0,68,0,0,0,0,0,0,0,0,0,0,0
186488,38,bully,1501,1,0,0,68,0,952,0,1,38,184987,1501,0,69,0,0,0,LEADER,1,0,0,68,0,0,0,0,0,0,0,0,0,0,0
187167,66,bully,2180,1,0,0,68,0,952,0,1,66,184987,2180,0,69,0,0,0,LEADER,1,0,0,68,0,0,0,0,0,0,0,0,0,0,0
186473,70,bully,1486,1,0,0,68,0,952,0,1,70,184987,1486,0,69,0,0,0,LEADER,1,0,0,68,0,0,0,0,0,0,0,0,0,0,0
187118,88,bully,2131,1,0,0,68,0,952,0,1,88,184987,2131,0,69,0,0,0,LEADER,1,0,0,68,0,0,0,0,0,0,0,0,0,0,0
186301,75,bully,2235,1,0,0,67,0,938,0,1,75,184066,2235,0,68,0,0,0,LEADER,1,0,0,67,0,0,0,0,0,0,0,0,0,0,0
186311,12,bully,2243,1,0,0,67,0,938,0,1,12,184068,2243,0,68,0,0,0,LEADER,1,0,0,67,0,0,0,0,0,0,0,0,0,0,0
187012,27,bully,2025,1,0,0,68,0,952,0,1,27,184987,2025,0,69,0,0,0,LEADER,1,0,0,68,0,0,0,0,0,0,0,0,0,0,0
186501,42,bully,1514,1,0,0,68,0,952,0,1,42,184987,1514,0,69,0,0,0,LEADER,1,0,0,68,0,0,0,0,0,0,0,0,0,0,0
187148,24,bully,2161,1,0,0,68,0,952,0,1,24,184987,2161,0,69,0,0,0,LEADER,1,0,0,68,0,0,0,0,0,0,0,0,0,0,0
187100,46,bully,2113,1,0,0,68,0,952,0,1,46,184987,2113,0,69,0,0,0,LEADER,1,0,0,68,0,0,0,0,0,0,0,0,0,0,0
186997,59,bully,2010,1,0,0,68,0,952,0,1,59,184987,2010,0,69,0,0,0,LEADER,1,0,0,68,0,0,0,0,0,0,0,0,0,0,0
186625,34,bully,1637,1,0,0,68,0,952,0,1,34,184988,1637,0,69,0,0,0,LEADER,1,0,0,68,0,0,0,0,0,0,0,0,0,0,0
187279,32,bully,2292,1,0,0,68,0,952,0,1,32,184987,2292,0,69,0,0,0,LEADER,1,0,0,68,0,0,0,0,0,0,0,0,0,0,0
186894,72,bully,1907,1,0,0,68,0,952,0,1,72,184987,1907,0,69,0,0,0,LEADER,1,0,0,68,0,0,0,0,0,0,0,0,0,0,0
187306,63,bully,2316,1,0,0,68,0,952,0,1,63,184990,2316,0,69,0,0,0,LEADER,1,0,0,68,0,0,0,0,0,0,0,0,0,0,0
186779,74,bully,1792,1,0,0,68,0,952,0,1,74,184987,1792,0,69,0,0,0,LEADER,1,0,0,68,0,0,0,0,0,0,0,0,0,0,0
186521,48,bully,1534,1,0,0,68,0,952,0,1,48,184987,1534,0,69,0,0,0,LEADER,1,0,0,68,0,0,0,0,0,0,0,0,0,0,0
186984,57,bully,1995,1,0,0,68,0,952,0,1,57,184989,1995,0,69,0,0,0,LEADER,1,0,0,68,0,0,0,0,0,0,0,0,0,0,0
187052,68,bully,2065,1,0,0,68,0,952,0,1,68,184987,2065,0,69,0,0,0,LEADER,1,0,0,68,0,0,0,0,0,0,0,0,0,0,0
186453,45,bully,1466,1,0,0,68,0,952,0,1,45,184987,1466,0,69,0,0,0,LEADER,1,0,0,68,0,0,0,0,0,0,0,0,0,0,0
186810,93,bully,1823,1,0,0,68,0,952,0,1,93,184987,1823,0,69,0,0,0,LEADER,1,0,0,68,0,0,0,0,0,0,0,0,0,0,0
187391,82,bully,2404,1,0,0,68,0,952,0,1,82,184987,2404,0,69,0,0,0,LEADER,1,0,0,68,0,0,0,0,0,0,0,0,0,0,0
187385,51,bully,2398,1,0,0,68,0,952,0,1,51,184987,2398,0,69,0,0,0,LEADER,1,0,0,68,0,0,0,0,0,0,0,0,0,0,0
186930,39,bully,1943,1,0,0,68,0,952,0,1,39,184987,1943,0,69,0,0,0,LEADER,1,0,0,68,0,0,0,0,0,0,0,0,0,0,0
186676,78,bully,1689,1,0,0,68,0,952,0,1,78,184987,1689,0,69,0,0,0,LEADER,1,0,0,68,0,0,0,0,0,0,0,0,0,0,0
187064,79,bully,2077,1,0,0,68,0,952,0,1,79,184987,2077,0,69,0,0,0,LEADER,1,0,0,68,0,0,0,0,0,0,0,0,0,0,0
186639,14,bully,1652,1,0,0,68,0,952,0,1,14,184987,1652,0,69,0,0,0,LEADER,1,0,0,68,0,0,0,0,0,0,0,0,0,0,0
187066,36,bully,2080,1,0,0,68,0,952,0,1,36,184986,2080,0,69,0,0,0,LEADER,1,0,0,68,0,0,0,0,0,0,0,0,0,0,0
186949,81,bully,1962,1,0,0,68,0,952,0,1,81,184987,1962,0,69,0,0,0,LEADER,1,0,0,68,0,0,0,0,0,0,0,0,0,0,0
186609,67,bully,1622,1,0,0,68,0,952,0,1,67,184987,1622,0,69,0,0,0,LEADER,1,0,0,68,0,0,0,0,0,0,0,0,0,0,0
187370,83,bully,2383,1,0,0,68,0,952,0,1,83,184987,2383,0,69,0,0,0,LEADER,1,0,0,68,0,0,0,0,0,0,0,0,0,0,0
187514,99,bully,1607,1,0,0,68,0,952,0,1,99,185907,1607,0,69,0,0,0,LEADER,1,0,0,68,0,0,0,0,0,0,0,0,0,0,0
186691,55,bully,1704,1,0,0,68,0,952,0,1,55,184987,1704,0,69,0,0,0,LEADER,1,0,0,68,0,0,0,0,0,0,0,0,0,0,0
187481,89,bully,1574,1,0,0,68,0,952,0,1,89,185907,1574,0,69,0,0,0,LEADER,1,0,0,68,0,0,0,0,0,0,0,0,0,0,0
186643,77,bully,1656,1,0,0,68,0,952,0,1,77,184987,1656,0,69,0,0,0,LEADER,1,0,0,68,0,0,0,0,0,0,0,0,0,0,0
186915,71,bully,1928,1,0,0,68,0,952,0,1,71,184987,1928,0,69,0,0,0,LEADER,1,0,0,68,0,0,0,0,0,0,0,0,0,0,0
186827,52,bully,1840,1,0,0,68,0,952,0,1,52,184987,1840,0,69,0,0,0,LEADER,1,0,0,68,0,0,0,0,0,0,0,0,0,0,0
187194,76,bully,2213,1,0,0,68,0,952,0,1,76,184981,2213,0,69,0,0,0,LEADER,1,0,0,68,0,0,0,0,0,0,0,0,0,0,0
186794,10,bully,1807,1,0,0,68,0,952,0,1,10,184987,1807,0,69,0,0,0,LEADER,1,0,0,68,0,0,0,0,0,0,0,0,0,0,0
186727,22,bully,1740,1,0,0,68,0,952,0,1,22,184987,1740,0,69,0,0,0,LEADER,1,0,0,68,0,0,0,0,0,0,0,0,0,0,0
186873,21,bully,1889,1,0,0,68,0,952,0,1,21,184984,1889,0,69,0,0,0,LEADER,1,0,0,68,0,0,0,0,0,0,0,0,0,0,0
187133,56,bully,2146,1,0,0,68,0,952,0,1,56,184987,2146,0,69,0,0,0,LEADER,1,0,0,68,0,0,0,0,0,0,0,0,0,0,0
186658,60,bully,1671,1,0,0,68,0,952,0,1,60,184987,1671,0,69,0,0,0,LEADER,1,0,0,68,0,0,0,0,0,0,0,0,0,0,0
187511,25,bully,1604,1,0,0,68,0,952,0,1,25,185907,1604,0,69,0,0,0,LEADER,1,0,0,68,0,0,0,0,0,0,0,0,0,0,0
186724,65,bully,1737,1,0,0,68,0,952,0,1,65,184987,1737,0,69,0,0,0,LEADER,1,0,0,68,0,0,0,0,0,0,0,0,0,0,0
187400,19,bully,2413,1,0,0,68,0,952,0,1,19,184987,2413,0,69,0,0,0,LEADER,1,0,0,68,0,0,0,0,0,0,0,0,0,0,0
187030,69,bully,2043,1,0,0,68,0,952,0,1,69,184987,2043,0,69,0,0,0,LEADER,1,0,0,68,0,0,0,0,0,0,0,0,0,0,0
187632,54,bully,1725,1,0,0,68,0,952,0,1,54,185907,1725,0,69,0,0,0,LEADER,1,0,0,68,0,0,0,0,0,0,0,0,0,0,0
186979,17,bully,1992,1,0,0,68,0,952,0,1,17,184987,1992,0,69,0,0,0,LEADER,1,0,0,68,0,0,0,0,0,0,0,0,0,0,0
187493,100,bully,1586,1,0,0,68,0,952,0,1,100,185907,1586,0,69,0,0,0,LEADER,1,0,0,68,0,0,0,0,0,0,0,0,0,0,0
187456,16,bully,1549,1,0,0,68,0,952,0,1,16,185907,1549,0,69,0,0,0,LEADER,1,0,0,68,0,0,0,0,0,0,0,0,0,0,0
187045,37,bully,2058,1,0,0,68,0,952,0,1,37,184987,2058,0,69,0,0,0,LEADER,1,0,0,68,0,0,0,0,0,0,0,0,0,0,0
187681,13,bully,1774,1,0,0,68,0,952,0,1,13,185907,1774,0,69,0,0,0,LEADER,1,0,0,68,0,0,0,0,0,0,0,0,0,0,0
186842,20,bully,1855,1,0,0,68,0,952,0,1,20,184987,1855,0,69,0,0,0,LEADER,1,0,0,68,0,0,0,0,0,0,0,0,0,0,0
187474,41,bully,1567,1,0,0,68,0,952,0,1,41,185907,1567,0,69,0,0,0,LEADER,1,0,0,68,0,0,0,0,0,0,0,0,0,0,0
187463,47,bully,1556,1,0,0,68,0,952,0,1,47,185907,1556,0,69,0,0,0,LEADER,1,0,0,68,0,0,0,0,0,0,0,0,0,0,0
187289,95,bully,2301,1,0,0,68,0,952,0,1,95,184988,2301,0,69,0,0,0,LEADER,1,0,0,68,0,0,0,0,0,0,0,0,0,0,0
187152,98,bully,2165,1,0,0,68,0,952,0,1,98,184987,2165,0,69,0,0,0,LEADER,1,0,0,68,0,0,0,0,0,0,0,0,0,0,0
187336,73,bully,2349,1,0,0,68,0,952,0,1,73,184987,2349,0,69,0,0,0,LEADER,1,0,0,68,0,0,0,0,0,0,0,0,0,0,0
187659,33,bully,1752,1,0,0,68,0,952,0,1,33,185907,1752,0,69,0,0,0,LEADER,1,0,0,68,0,0,0,0,0,0,0,0,0,0,0
187629,97,bully,1722,1,0,0,68,0,952,0,1,97,185907,1722,0,69,0,0,0,LEADER,1,0,0,68,0,0,0,0,0,0,0,0,0,0,0
186882,61,bully,1895,1,0,0,68,0,952,0,1,61,184987,1895,0,69,0,0,0,LEADER,1,0,0,68,0,0,0,0,0,0,0,0,0,0,0
187829,40,bully,1922,1,0,0,68,0,952,0,1,40,185907,1922,0,69,0,0,0,LEADER,1,0,0,68,0,0,0,0,0,0,0,0,0,0,0
187318,31,bully,2331,1,0,0,68,0,952,0,1,31,184987,2331,0,69,0,0,0,LEADER,1,0,0,68,0,0,0,0,0,0,0,0,0,0,0
187819,29,bully,1910,1,0,0,68,0,952,0,1,29,185909,1910,0,69,0,0,0,LEADER,1,0,0,68,0,0,0,0,0,0,0,0,0,0,0
187645,96,bully,1744,1,0,0,68,0,952,0,1,96,185901,1744,0,69,0,0,0,LEADER,1,0,0,68,0,0,0,0,0,0,0,0,0,0,0
187732,84,bully,1825,1,0,0,68,0,952,0,1,84,185907,1825,0,69,0,0,0,LEADER,1,0,0,68,0,0,0,0,0,0,0,0,0,0,0
187428,80,bully,1519,1,0,0,68,0,952,0,1,80,185909,1519,0,69,0,0,0,LEADER,1,0,0,68,0,0,0,0,0,0,0,0,0,0,0
187270,53,bully,2283,1,0,0,68,0,952,0,1,53,184987,2283,0,69,0,0,0,LEADER,1,0,0,68,0,0,0,0,0,0,0,0,0,0,0
187345,92,bully,1438,1,0,0,68,0,952,0,1,92,185907,1438,0,69,0,0,0,LEADER,1,0,0,68,0,0,0,0,0,0,0,0,0,0,0
187518,91,bully,1619,1,0,0,68,0,952,0,1,91,185899,1619,0,69,0,0,0,LEADER,1,0,0,68,0,0,0,0,0,0,0,0,0,0,0
187781,62,bully,1874,1,0,0,68,0,952,0,1,62,185907,1874,0,69,0,0,0,LEADER,1,0,0,68,0,0,0,0,0,0,0,0,0,0,0
187478,15,bully,1571,1,0,0,68,0,952,0,1,15,185907,1571,0,69,0,0,0,LEADER,1,0,0,68,0,0,0,0,0,0,0,0,0,0,0
187148,26,bully,2161,1,0,0,68,0,952,0,1,26,184987,2161,0,69,0,0,0,LEADER,1,0,0,68,0,0,0,0,0,0,0,0,0,0,0
187884,49,bully,1977,1,0,0,68,0,952,0,1,49,185907,1977,0,69,0,0,0,LEADER,1,0,0,68,0,0,0,0,0,0,0,0,0,0,0
187699,58,bully,1792,1,0,0,68,0,952,0,1,58,185907,1792,0,69,0,0,0,LEADER,1,0,0,68,0,0,0,0,0,0,0,0,0,0,0
187233,86,bully,2246,1,0,0,68,0,952,0,1,86,184987,2246,0,69,0,0,0,LEADER,1,0,0,68,0,0,0,0,0,0,0,0,0,0,0
187406,50,bully,2419,1,0,0,68,0,952,0,1,50,184987,2419,0,69,0,0,0,LEADER,1,0,0,68,0,0,0,0,0,0,0,0,0,0,0
187255,85,bully,2268,1,0,0,68,0,952,0,1,85,184987,2268,0,69,0,0,0,LEADER,1,0,0,68,0,0,0,0,0,0,0,0,0,0,0
187195,87,bully,2212,1,0,0,68,0,952,0,1,87,184983,2212,0,69,0,0,0,LEADER,1,0,0,68,0,0,0,0,0,0,0,0,0,0,0
187403,64,bully,2416,1,0,0,68,0,952,0,1,64,184987,2416,0,69,0,0,0,LEADER,1,0,0,68,0,0,0,0,0,0,0,0,0,0,0
187341,18,bully,1434,1,0,0,68,0,952,0,1,18,185907,1434,0,69,0,0,0,LEADER,1,0,0,68,0,0,0,0,0,0,0,0,0,0,0
187252,11,bully,2264,1,0,0,68,0,952,0,1,11,184988,2264,0,69,0,0,0,LEADER,1,0,0,68,0,0,0,0,0,0,0,0,0,0,0
187460,90,bully,1553,1,0,0,68,0,952,0,1,90,185907,1553,0,69,0,0,0,LEADER,1,0,0,68,0,0,0,0,0,0,0,0,0,0,0
187354,35,bully,1447,1,0,0,68,0,952,0,1,35,185907,1447,0,69,0,0,0,LEADER,1,0,0,68,0,0,0,0,0,0,0,0,0,0,0
187236,43,bully,2249,1,0,0,68,0,952,0,1,43,184987,2249,0,69,0,0,0,LEADER,1,0,0,68,0,0,0,0,0,0,0,0,0,0,0
187374,28,bully,1467,1,0,0,68,0,952,0,1,28,185907,1467,0,69,0,0,0,LEADER,1,0,0,68,0,0,0,0,0,0,0,0,0,0,0
187213,44,bully,2228,1,0,0,68,0,952,0,1,44,184985,2228,0,69,0,0,0,LEADER,1,0,0,68,0,0,0,0,0,0,0,0,0,0,0
188048,23,bully,2141,1,0,0,68,0,952,0,1,23,185907,2141,0,69,0,0,0,LEADER,1,0,0,68,0,0,0,0,0,0,0,0,0,0,0
187368,30,bully,1461,1,0,0,68,0,952,0,1,30,185907,1461,0,69,0,0,0,LEADER,1,0,0,68,0,0,0,0,0,0,0,0,0,0,0
187766,94,bully,1859,1,0,0,68,0,952,0,1,94,185907,1859,0,69,0,0,0,LEADER,1,0,0,68,0,0,0,0,0,0,0,0,0,0,0
187408,38,bully,1501,1,0,0,68,0,952,0,1,38,185907,1501,0,69,0,0,0,LEADER,1,0,0,68,0,0,0,0,0,0,0,0,0,0,0
188087,66,bully,2180,1,0,0,68,0,952,0,1,66,185907,2180,0,69,0,0,0,LEADER,1,0,0,68,0,0,0,0,0,0,0,0,0,0,0
187393,70,bully,1486,1,0,0,68,0,952,0,1,70,185907,1486,0,69,0,0,0,LEADER,1,0,0,68,0,0,0,0,0,0,0,0,0,0,0
188038,88,bully,2131,1,0,0,68,0,952,0,1,88,185907,2131,0,69,0,0,0,LEADER,1,0,0,68,0,0,0,0,0,0,0,0,0,0,0
187222,75,bully,2235,1,0,0,68,0,952,0,1,75,184987,2235,0,69,0,0,0,LEADER,1,0,0,68,0,0,0,0,0,0,0,0,0,0,0
187232,12,bully,2243,1,0,0,68,0,952,0,1,12,184989,2243,0,69,0,0,0,LEADER,1,0,0,68,0,0,0,0,0,0,0,0,0,0,0
187932,27,bully,2025,1,0,0,68,0,952,0,1,27,185907,2025,0,69,0,0,0,LEADER,1,0,0,68,0,0,0,0,0,0,0,0,0,0,0
187421,42,bully,1514,1,0,0,68,0,952,0,1,42,185907,1514,0,69,0,0,0,LEADER,1,0,0,68,0,0,0,0,0,0,0,0,0,0,0
188068,24,bully,2161,1,0,0,68,0,952,0,1,24,185907,2161,0,69,0,0,0,LEADER,1,0,0,68,0,0,0,0,0,0,0,0,0,0,0
188020,46,bully,2113,1,0,0,68,0,952,0,1,46,185907,2113,0,69,0,0,0,LEADER,1,0,0,68,0,0,0,0,0,0,0,0,0,0,0
187917,59,bully,2010,1,0,0,68,0,952,0,1,59,185907,2010,0,69,0,0,0,LEADER,1,0,0,68,0,0,0,0,0,0,0,0,0,0,0
187545,34,bully,1637,1,0,0,68,0,952,0,1,34,185908,1637,0,69,0,0,0,LEADER,1,0,0,68,0,0,0,0,0,0,0,0,0,0,0
188199,32,bully,2292,1,0,0,68,0,952,0,1,32,185907,2292,0,69,0,0,0,LEADER,1,0,0,68,0,0,0,0,0,0,0,0,0,0,0
187814,72,bully,1907,1,0,0,68,0,952,0,1,72,185907,1907,0,69,0,0,0,LEADER,1,0,0,68,0,0,0,0,0,0,0,0,0,0,0
188226,63,bully,2316,1,0,0,68,0,952,0,1,63,185910,2316,0,69,0,0,0,LEADER,1,0,0,68,0,0,0,0,0,0,0,0,0,0,0
187699,74,bully,1792,1,0,0,68,0,952,0,1,74,185907,1792,0,69,0,0,0,LEADER,1,0,0,68,0,0,0,0,0,0,0,0,0,0,0
187441,48,bully,1534,1,0,0,68,0,952,0,1,48,185907,1534,0,69,0,0,0,LEADER,1,0,0,68,0,0,0,0,0,0,0,0,0,0,0
187904,57,bully,1995,1,0,0,68,0,952,0,1,57,185909,1995,0,69,0,0,0,LEADER,1,0,0,68,0,0,0,0,0,0,0,0,0,0,0
187972,68,bully,2065,1,0,0,68,0,952,0,1,68,185907,2065,0,69,0,0,0,LEADER,1,0,0,68,0,0,0,0,0,0,0,0,0,0,0
187373,45,bully,1466,1,0,0,68,0,952,0,1,45,185907,1466,0,69,0,0,0,LEADER,1,0,0,68,0,0,0,0,0,0,0,0,0,0,0
187730,93,bully,1823,1,0,0,68,0,952,0,1,93,185907,1823,0,69,0,0,0,LEADER,1,0,0,68,0,0,0,0,0,0,0,0,0,0,0
188311,82,bully,2404,1,0,0,68,0,952,0,1,82,185907,2404,0,69,0,0,0,LEADER,1,0,0,68,0,0,0,0,0,0,0,0,0,0,0
188305,51,bully,2398,1,0,0,68,0,952,0,1,51,185907,2398,0,69,0,0,0,LEADER,1,0,0,68,0,0,0,0,0,0,0,0,0,0,0
187850,39,bully,1943,1,0,0,68,0,952,0,1,39,185907,1943,0,69,0,0,0,LEADER,1,0,0,68,0,0,0,0,0,0,0,0,0,0,0
187596,78,bully,1689,1,0,0,68,0,952,0,1,78,185907,1689,0,69,0,0,0,LEADER,1,0,0,68,0,0,0,0,0,0,0,0,0,0,0
187984,79,bully,2077,1,0,0,68,0,952,0,1,79,185907,2077,0,69,0,0,0,LEADER,1,0,0,68,0,0,0,0,0,0,0,0,0,0,0
187559,14,bully,1652,1,0,0,68,0,952,0,1,14,185907,1652,0,69,0,0,0,LEADER,1,0,0,68,0,0,0,0,0,0,0,0,0,0,0
187986,36,bully,2080,1,0,0,68,0,952,0,1,36,185906,2080,0,69,0,0,0,LEADER,1,0,0,68,0,0,0,0,0,0,0,0,0,0,0
187869,81,bully,1962,1,0,0,68,0,952,0,1,81,185907,1962,0,69,0,0,0,LEADER,1,0,0,68,0,0,0,0,0,0,0,0,0,0,0
187529,67,bully,1622,1,0,0,68,0,952,0,1,67,185907,1622,0,69,0,0,0,LEADER,1,0,0,68,0,0,0,0,0,0,0,0,0,0,0
188290,83,bully,2383,1,0,0,68,0,952,0,1,83,185907,2383,0,69,0,0,0,LEADER,1,0,0,68,0,0,0,0,0,0,0,0,0,0,0
188434,99,bully,1607,1,0,0,68,0,952,0,1,99,186827,1607,0,69,0,0,0,LEADER,1,0,0,68,0,0,0,0,0,0,0,0,0,0,0
187611,55,bully,1704,1,0,0,68,0,952,0,1,55,185907,1704,0,69,0,0,0,LEADER,1,0,0,68,0,0,0,0,0,0,0,0,0,0,0
188401,89,bully,1574,1,0,0,68,0,952,0,1,89,186827,1574,0,69,0,0,0,LEADER,1,0,0,68,0,0,0,0,0,0,0,0,0,0,0
187563,77,bully,1656,1,0,0,68,0,952,0,1,77,185907,1656,0,69,0,0,0,LEADER,1,0,0,68,0,0,0,0,0,0,0,0,0,0,0
187835,71,bully,1928,1,0,0,68,0,952,0,1,71,185907,1928,0,69,0,0,0,LEADER,1,0,0,68,0,0,0,0,0,0,0,0,0,0,0
187747,52,bully,1840,1,0,0,68,0,952,0,1,52,185907,1840,0,69,0,0,0,LEADER,1,0,0,68,0,0,0,0,0,0,0,0,0,0,0
188114,76,bully,2213,1,0,0,68,0,952,0,1,76,185901,2213,0,69,0,0,0,LEADER,1,0,0,68,0,0,0,0,0,0,0,0,0,0,0
187714,10,bully,1807,1,0,0,68,0,952,0,1,10,185907,1807,0,69,0,0,0,LEADER,1,0,0,68,0,0,0,0,0,0,0,0,0,0,0
187647,22,bully,1740,1,0,0,68,0,952,0,1,22,185907,1740,0,69,0,0,0,LEADER,1,0,0,68,0,0,0,0,0,0,0,0,0,0,0
187793,21,bully,1889,1,0,0,68,0,952,0,1,21,185904,1889,0,69,0,0,0,LEADER,1,0,0,68,0,0,0,0,0,0,0,0,0,0,0
188053,56,bully,2146,1,0,0,68,0,952,0,1,56,185907,2146,0,69,0,0,0,LEADER,1,0,0,68,0,0,0,0,0,0,0,0,0,0,0
187578,60,bully,1671,1,0,0,68,0,952,0,1,60,185907,1671,0,69,0,0,0,LEADER,1,0,0,68,0,0,0,0,0,0,0,0,0,0,0
188431,25,bully,1604,1,0,0,68,0,952,0,1,25,186827,1604,0,69,0,0,0,LEADER,1,0,0,68,0,0,0,0,0,0,0,0,0,0,0
187644,65,bully,1737,1,0,0,68,0,952,0,1,65,185907,1737,0,69,0,0,0,LEADER,1,0,0,68,0,0,0,0,0,0,0,0,0,0,0
188320,19,bully,2413,1,0,0,68,0,952,0,1,19,185907,2413,0,69,0,0,0,LEADER,1,0,0,68,0,0,0,0,0,0,0,0,0,0,0
187950,69,bully,2043,1,0,0,68,0,952,0,1,69,185907,2043,0,69,0,0,0,LEADER,1,0,0,68,0,0,0,0,0,0,0,0,0,0,0
188552,54,bully,1725,1,0,0,68,0,952,0,1,54,186827,1725,0,69,0,0,0,LEADER,1,0,0,68,0,0,0,0,0,0,0,0,0,0,0
187899,17,bully,1992,1,0,0,68,0,952,0,1,17,185907,1992,0,69,0,0,0,LEADER,1,0,0,68,0,0,0,0,0,0,0,0,0,0,0
188413,100,bully,1586,1,0,0,68,0,952,0,1,100,186827,1586,0,69,0,0,0,LEADER,1,0,0,68,0,0,0,0,0,0,0,0,0,0,0
188376,16,bully,1549,1,0,0,68,0,952,0,1,16,186827,1549,0,69,0,0,0,LEADER,1,0,0,68,0,0,0,0,0,0,0,0,0,0,0
187965,37,bully,2058,1,0,0,68,0,952,0,1,37,185907,2058,0,69,0,0,0,LEADER,1,0,0,68,0,0,0,0,0,0,0,0,0,0,0
188601,13,bully,1774,1,0,0,68,0,952,0,1,13,186827,1774,0,69,0,0,0,LEADER,1,0,0,68,0,0,0,0,0,0,0,0,0,0,0
187762,20,bully,1855,1,0,0,68,0,952,0,1,20,185907,1855,0,69,0,0,0,LEADER,1,0,0,68,0,0,0,0,0,0,0,0,0,0,0
188394,41,bully,1567,1,0,0,68,0,952,0,1,41,186827,1567,0,69,0,0,0,LEADER,1,0,0,68,0,0,0,0,0,0,0,0,0,0,0
188383,47,bully,1556,1,0,0,68,0,952,0,1,47,186827,1556,0,69,0,0,0,LEADER,1,0,0,68,0,0,0,0,0,0,0,0,0,0,0
188209,95,bully,2301,1,0,0,68,0,952,0,1,95,185908,2301,0,69,0,0,0,LEADER,1,0,0,68,0,0,0,0,0,0,0,0,0,0,0
188072,98,bully,2165,1,0,0,68,0,952,0,1,98,185907,2165,0,69,0,0,0,LEADER,1,0,0,68,0,0,0,0,0,0,0,0,0,0,0
188256,73,bully,2349,1,0,0,68,0,952,0,1,73,185907,2349,0,69,0,0,0,LEADER,1,0,0,68,0,0,0,0,0,0,0,0,0,0,0
188579,33,bully,1752,1,0,0,68,0,952,0,1,33,186827,1752,0,69,0,0,0,LEADER,1,0,0,68,0,0,0,0,0,0,0,0,0,0,0
188549,97,bully,1722,1,0,0,68,0,952,0,1,97,186827,1722,0,69,0,0,0,LEADER,1,0,0,68,0,0,0,0,0,0,0,0,0,0,0
187802,61,bully,1895,1,0,0,68,0,952,0,1,61,185907,1895,0,69,0,0,0,LEADER,1,0,0,68,0,0,0,0,0,0,0,0,0,0,0
188749,40,bully,1922,1,0,0,68,0,952,0,1,40,186827,1922,0,69,0,0,0,LEADER,1,0,0,68,0,0,0,0,0,0,0,0,0,0,0
188238,31,bully,2331,1,0,0,68,0,952,0,1,31,185907,2331,0,69,0,0,0,LEADER,1,0,0,68,0,0,0,0,0,0,0,0,0,0,0
188739,29,bully,1910,1,0,0,68,0,952,0,1,29,186829,1910,0,69,0,0,0,LEADER,1,0,0,68,0,0,0,0,0,0,0,0,0,0,0
188565,96,bully,1744,1,0,0,68,0,952,0,1,96,186821,1744,0,69,0,0,0,LEADER,1,0,0,68,0,0,0,0,0,0,0,0,0,0,0
188652,84,bully,1825,1,0,0,68,0,952,0,1,84,186827,1825,0,69,0,0,0,LEADER,1,0,0,68,0,0,0,0,0,0,0,0,0,0,0
188348,80,bully,1519,1,0,0,68,0,952,0,1,80,186829,1519,0,69,0,0,0,LEADER,1,0,0,68,0,0,0,0,0,0,0,0,0,0,0
188190,53,bully,2283,1,0,0,68,0,952,0,1,53,185907,2283,0,69,0,0,0,LEADER,1,0,0,68,0,0,0,0,0,0,0,0,0,0,0
188265,92,bully,1438,1,0,0,68,0,952,0,1,92,186827,1438,0,69,0,0,0,LEADER,1,0,0,68,0,0,0,0,0,0,0,0,0,0,0
188438,91,bully,1619,1,0,0,68,0,952,0,1,91,186819,1619,0,69,0,0,0,LEADER,1,0,0,68,0,0,0,0,0,0,0,0,0,0,0
188701,62,bully,1874,1,0,0,68,0,952,0,1,62,186827,1874,0,69,0,0,0,LEADER,1,0,0,68,0,0,0,0,0,0,0,0,0,0,0
188398,15,bully,1571,1,0,0,68,0,952,0,1,15,186827,1571,0,69,0,0,0,LEADER,1,0,0,68,0,0,0,0,0,0,0,0,0,0,0
188068,26,bully,2161,1,0,0,68,0,952,0,1,26,185907,2161,0,69,0,0,0,LEADER,1,0,0,68,0,0,0,0,0,0,0,0,0,0,0
188804,49,bully,1977,1,0,0,68,0,952,0,1,49,186827,1977,0,69,0,0,0,LEADER,1,0,0,68,0,0,0,0,0,0,0,0,0,0,0
188619,58,bully,1792,1,0,0,68,0,952,0,1,58,186827,1792,0,69,0,0,0,LEADER,1,0,0,68,0,0,0,0,0,0,0,0,0,0,0
188153,86,bully,2246,1,0,0,68,0,952,0,1,86,185907,2246,0,69,0,0,0,LEADER,1,0,0,68,0,0,0,0,0,0,0,0,0,0,0
188326,50,bully,2419,1,0,0,68,0,952,0,1,50,185907,2419,0,69,0,0,0,LEADER,1,0,0,68,0,0,0,0,0,0,0,0,0,0,0
188175,85,bully,2268,1,0,0,68,0,952,0,1,85,185907,2268,0,69,0,0,0,LEADER,1,0,0,68,0,0,0,0,0,0,0,0,0,0,0
188115,87,bully,2212,1,0,0,68,0,952,0,1,87,185903,2212,0,69,0,0,0,LEADER,1,0,0,68,0,0,0,0,0,0,0,0,0,0,0
188323,64,bully,2416,1,0,0,68,0,952,0,1,64,185907,2416,0,69,0,0,0,LEADER,1,0,0,68,0,0,0,0,0,0,0,0,0,0,0
188261,18,bully,1434,1,0,0,68,0,952,0,1,18,186827,1434,0,69,0,0,0,LEADER,1,0,0,68,0,0,0,0,0,0,0,0,0,0,0
188172,11,bully,2264,1,0,0,68,0,952,0,1,11,185908,2264,0,69,0,0,0,LEADER,1,0,0,68,0,0,0,0,0,0,0,0,0,0,0
188380,90,bully,1553,1,0,0,68,0,952,0,1,90,186827,1553,0,69,0,0,0,LEADER,1,0,0,68,0,0,0,0,0,0,0,0,0,0,0
188274,35,bully,1447,1,0,0,68,0,952,0,1,35,186827,1447,0,69,0,0,0,LEADER,1,0,0,68,0,0,0,0,0,0,0,0,0,0,0
188156,43,bully,2249,1,0,0,68,0,952,0,1,43,185907,2249,0,69,0,0,0,LEADER,1,0,0,68,0,0,0,0,0,0,0,0,0,0,0
188294,28,bully,1467,1,0,0,68,0,952,0,1,28,186827,1467,0,69,0,0,0,LEADER,1,0,0,68,0,0,0,0,0,0,0,0,0,0,0
188133,44,bully,2228,1,0,0,68,0,952,0,1,44,185905,2228,0,69,0,0,0,LEADER,1,0,0,68,0,0,0,0,0,0,0,0,0,0,0
188968,23,bully,2141,1,0,0,68,0,952,0,1,23,186827,2141,0,69,0,0,0,LEADER,1,0,0,68,0,0,0,0,0,0,0,0,0,0,0
188288,30,bully,1461,1,0,0,68,0,952,0,1,30,186827,1461,0,69,0,0,0,LEADER,1,0,0,68,0,0,0,0,0,0,0,0,0,0,0
188686,94,bully,1859,1,0,0,68,0,952,0,1,94,186827,1859,0,69,0,0,0,LEADER,1,0,0,68,0,0,0,0,0,0,0,0,0,0,0
188328,38,bully,1501,1,0,0,68,0,952,0,1,38,186827,1501,0,69,0,0,0,LEADER,1,0,0,68,0,0,0,0,0,0,0,0,0,0,0
189007,66,bully,2180,1,0,0,68,0,952,0,1,66,186827,2180,0,69,0,0,0,LEADER,1,0,0,68,0,0,0,0,0,0,0,0,0,0,0
188313,70,bully,1486,1,0,0,68,0,952,0,1,70,186827,1486,0,69,0,0,0,LEADER,1,0,0,68,0,0,0,0,0,0,0,0,0,0,0
188958,88,bully,2131,1,0,0,68,0,952,0,1,88,186827,2131,0,69,0,0,0,LEADER,1,0,0,68,0,0,0,0,0,0,0,0,0,0,0
188142,75,bully,2235,1,0,0,68,0,952,0,1,75,185907,2235,0,69,0,0,0,LEADER,1,0,0,68,0,0,0,0,0,0,0,0,0,0,0
188152,12,bully,2243,1,0,0,68,0,952,0,1,12,185909,2243,0,69,0,0,0,LEADER,1,0,0,68,0,0,0,0,0,0,0,0,0,0,0
188852,27,bully,2025,1,0,0,68,0,952,0,1,27,186827,2025,0,69,0,0,0,LEADER,1,0,0,68,0,0,0,0,0,0,0,0,0,0,0
188341,42,bully,1514,1,0,0,68,0,952,0,1,42,186827,1514,0,69,0,0,0,LEADER,1,0,0,68,0,0,0,0,0,0,0,0,0,0,0
188988,24,bully,2161,1,0,0,68,0,952,0,1,24,186827,2161,0,69,0,0,0,LEADER,1,0,0,68,0,0,0,0,0,0,0,0,0,0,0
188940,46,bully,2113,1,0,0,68,0,952,0,1,46,186827,2113,0,69,0,0,0,LEADER,1,0,0,68,0,0,0,0,0,0,0,0,0,0,0
188837,59,bully,2010,1,0,0,68,0,952,0,1,59,186827,2010,0,69,0,0,0,LEADER,1,0,0,68,0,0,0,0,0,0,0,0,0,0,0
189119,32,bully,2292,1,0,0,68,0,952,0,1,32,186827,2292,0,69,0,0,0,LEADER,1,0,0,68,0,0,0,0,0,0,0,0,0,0,0
188465,34,bully,1637,1,0,0,68,0,952,0,1,34,186828,1637,0,69,0,0,0,LEADER,1,0,0,68,0,0,0,0,0,0,0,0,0,0,0
188734,72,bully,1907,1,0,0,68,0,952,0,1,72,186827,1907,0,69,0,0,0,LEADER,1,0,0,68,0,0,0,0,0,0,0,0,0,0,0
189146,63,bully,2316,1,0,0,68,0,952,0,1,63,186830,2316,0,69,0,0,0,LEADER,1,0,0,68,0,0,0,0,0,0,0,0,0,0,0
188619,74,bully,1792,1,0,0,68,0,952,0,1,74,186827,1792,0,69,0,0,0,LEADER,1,0,0,68,0,0,0,0,0,0,0,0,0,0,0
188361,48,bully,1534,1,0,0,68,0,952,0,1,48,186827,1534,0,69,0,0,0,LEADER,1,0,0,68,0,0,0,0,0,0,0,0,0,0,0
188824,57,bully,1995,1,0,0,68,0,952,0,1,57,186829,1995,0,69,0,0,0,LEADER,1,0,0,68,0,0,0,0,0,0,0,0,0,0,0
188892,68,bully,2065,1,0,0,68,0,952,0,1,68,186827,2065,0,69,0,0,0,LEADER,1,0,0,68,0,0,0,0,0,0,0,0,0,0,0
188293,45,bully,1466,1,0,0,68,0,952,0,1,45,186827,1466,0,69,0,0,0,LEADER,1,0,0,68,0,0,0,0,0,0,0,0,0,0,0
188650,93,bully,1823,1,0,0,68,0,952,0,1,93,186827,1823,0,69,0,0,0,LEADER,1,0,0,68,0,0,0,0,0,0,0,0,0,0,0
189231,82,bully,2404,1,0,0,68,0,952,0,1,82,186827,2404,0,69,0,0,0,LEADER,1,0,0,68,0,0,0,0,0,0,0,0,0,0,0
189225,51,bully,2398,1,0,0,68,0,952,0,1,51,186827,2398,0,69,0,0,0,LEADER,1,0,0,68,0,0,0,0,0,0,0,0,0,0,0
188770,39,bully,1943,1,0,0,68,0,952,0,1,39,186827,1943,0,69,0,0,0,LEADER,1,0,0,68,0,0,0,0,0,0,0,0,0,0,0
188516,78,bully,1689,1,0,0,68,0,952,0,1,78,186827,1689,0,69,0,0,0,LEADER,1,0,0,68,0,0,0,0,0,0,0,0,0,0,0
188904,79,bully,2077,1,0,0,68,0,952,0,1,79,186827,2077,0,69,0,0,0,LEADER,1,0,0,68,0,0,0,0,0,0,0,0,0,0,0
188479,14,bully,1652,1,0,0,68,0,952,0,1,14,186827,1652,0,69,0,0,0,LEADER,1,0,0,68,0,0,0,0,0,0,0,0,0,0,0
188906,36,bully,2080,1,0,0,68,0,952,0,1,36,186826,2080,0,69,0,0,0,LEADER,1,0,0,68,0,0,0,0,0,0,0,0,0,0,0
188789,81,bully,1962,1,0,0,68,0,952,0,1,81,186827,1962,0,69,0,0,0,LEADER,1,0,0,68,0,0,0,0,0,0,0,0,0,0,0
188449,67,bully,1622,1,0,0,68,0,952,0,1,67,186827,1622,0,69,0,0,0,LEADER,1,0,0,68,0,0,0,0,0,0,0,0,0,0,0
189210,83,bully,2383,1,0,0,68,0,952,0,1,83,186827,2383,0,69,0,0,0,LEADER,1,0,0,68,0,0,0,0,0,0,0,0,0,0,0
189355,99,bully,1607,1,0,0,69,0,966,0,1,99,187748,1607,0,70,0,0,0,LEADER,1,0,0,69,0,0,0,0,0,0,0,0,0,0,0
188531,55,bully,1704,1,0,0,68,0,952,0,1,55,186827,1704,0,69,0,0,0,LEADER,1,0,0,68,0,0,0,0,0,0,0,0,0,0,0
189322,89,bully,1574,1,0,0,69,0,966,0,1,89,187748,1574,0,70,0,0,0,LEADER,1,0,0,69,0,0,0,0,0,0,0,0,0,0,0
188483,77,bully,1656,1,0,0,68,0,952,0,1,77,186827,1656,0,69,0,0,0,LEADER,1,0,0,68,0,0,0,0,0,0,0,0,0,0,0
188755,71,bully,1928,1,0,0,68,0,952,0,1,71,186827,1928,0,69,0,0,0,LEADER,1,0,0,68,0,0,0,0,0,0,0,0,0,0,0
188667,52,bully,1840,1,0,0,68,0,952,0,1,52,186827,1840,0,69,0,0,0,LEADER,1,0,0,68,0,0,0,0,0,0,0,0,0,0,0
189034,76,bully,2213,1,0,0,68,0,952,0,1,76,186821,2213,0,69,0,0,0,LEADER,1,0,0,68,0,0,0,0,0,0,0,0,0,0,0
188634,10,bully,1807,1,0,0,68,0,952,0,1,10,186827,1807,0,69,0,0,0,LEADER,1,0,0,68,0,0,0,0,0,0,0,0,0,0,0
188567,22,bully,1740,1,0,0,68,0,952,0,1,22,186827,1740,0,69,0,0,0,LEADER,1,0,0,68,0,0,0,0,0,0,0,0,0,0,0
188713,21,bully,1889,1,0,0,68,0,952,0,1,21,186824,1889,0,69,0,0,0,LEADER,1,0,0,68,0,0,0,0,0,0,0,0,0,0,0
188973,56,bully,2146,1,0,0,68,0,952,0,1,56,186827,2146,0,69,0,0,0,LEADER,1,0,0,68,0,0,0,0,0,0,0,0,0,0,0
188498,60,bully,1671,1,0,0,68,0,952,0,1,60,186827,1671,0,69,0,0,0,LEADER,1,0,0,68,0,0,0,0,0,0,0,0,0,0,0
189352,25,bully,1604,1,0,0,69,0,966,0,1,25,187748,1604,0,70,0,0,0,LEADER,1,0,0,69,0,0,0,0,0,0,0,0,0,0,0
188564,65,bully,1737,1,0,0,68,0,952,0,1,65,186827,1737,0,69,0,0,0,LEADER,1,0,0,68,0,0,0,0,0,0,0,0,0,0,0
189240,19,bully,2413,1,0,0,68,0,952,0,1,19,186827,2413,0,69,0,0,0,LEADER,1,0,0,68,0,0,0,0,0,0,0,0,0,0,0
188870,69,bully,2043,1,0,0,68,0,952,0,1,69,186827,2043,0,69,0,0,0,LEADER,1,0,0,68,0,0,0,0,0,0,0,0,0,0,0
189473,54,bully,1725,1,0,0,69,0,966,0,1,54,187748,1725,0,70,0,0,0,LEADER,1,0,0,69,0,0,0,0,0,0,0,0,0,0,0
188819,17,bully,1992,1,0,0,68,0,952,0,1,17,186827,1992,0,69,0,0,0,LEADER,1,0,0,68,0,0,0,0,0,0,0,0,0,0,0
189334,100,bully,1586,1,0,0,69,0,966,0,1,100,187748,1586,0,70,0,0,0,LEADER,1,0,0,69,0,0,0,0,0,0,0,0,0,0,0
189297,16,bully,1549,1,0,0,69,0,966,0,1,16,187748,1549,0,70,0,0,0,LEADER,1,0,0,69,0,0,0,0,0,0,0,0,0,0,0
188885,37,bully,2058,1,0,0,68,0,952,0,1,37,186827,2058,0,69,0,0,0,LEADER,1,0,0,68,0,0,0,0,0,0,0,0,0,0,0
189522,13,bully,1774,1,0,0,69,0,966,0,1,13,187748,1774,0,70,0,0,0,LEADER,1,0,0,69,0,0,0,0,0,0,0,0,0,0,0
188682,20,bully,1855,1,0,0,68,0,952,0,1,20,186827,1855,0,69,0,0,0,LEADER,1,0,0,68,0,0,0,0,0,0,0,0,0,0,0
189315,41,bully,1567,1,0,0,69,0,966,0,1,41,187748,1567,0,70,0,0,0,LEADER,1,0,0,69,0,0,0,0,0,0,0,0,0,0,0
189304,47,bully,1556,1,0,0,69,0,966,0,1,47,187748,1556,0,70,0,0,0,LEADER,1,0,0,69,0,0,0,0,0,0,0,0,0,0,0
189129,95,bully,2301,1,0,0,68,0,952,0,1,95,186828,2301,0,69,0,0,0,LEADER,1,0,0,68,0,0,0,0,0,0,0,0,0,0,0
188992,98,bully,2165,1,0,0,68,0,952,0,1,98,186827,2165,0,69,0,0,0,LEADER,1,0,0,68,0,0,0,0,0,0,0,0,0,0,0
189176,73,bully,2349,1,0,0,68,0,952,0,1,73,186827,2349,0,69,0,0,0,LEADER,1,0,0,68,0,0,0,0,0,0,0,0,0,0,0
188722,61,bully,1895,1,0,0,68,0,952,0,1,61,186827,1895,0,69,0,0,0,LEADER,1,0,0,68,0,0,0,0,0,0,0,0,0,0,0
189470,97,bully,1722,1,0,0,69,0,966,0,1,97,187748,1722,0,70,0,0,0,LEADER,1,0,0,69,0,0,0,0,0,0,0,0,0,0,0
189500,33,bully,1752,1,0,0,69,0,966,0,1,33,187748,1752,0,70,0,0,0,LEADER,1,0,0,69,0,0,0,0,0,0,0,0,0,0,0
189158,31,bully,2331,1,0,0,68,0,952,0,1,31,186827,2331,0,69,0,0,0,LEADER,1,0,0,68,0,0,0,0,0,0,0,0,0,0,0
189670,40,bully,1922,1,0,0,69,0,966,0,1,40,187748,1922,0,70,0,0,0,LEADER,1,0,0,69,0,0,0,0,0,0,0,0,0,0,0
189660,29,bully,1910,1,0,0,69,0,966,0,1,29,187750,1910,0,70,0,0,0,LEADER,1,0,0,69,0,0,0,0,0,0,0,0,0,0,0
189486,96,bully,1744,1,0,0,69,0,966,0,1,96,187742,1744,0,70,0,0,0,LEADER,1,0,0,69,0,0,0,0,0,0,0,0,0,0,0
189573,84,bully,1825,1,0,0,69,0,966,0,1,84,187748,1825,0,70,0,0,0,LEADER,1,0,0,69,0,0,0,0,0,0,0,0,0,0,0
189269,80,bully,1519,1,0,0,69,0,966,0,1,80,187750,1519,0,70,0,0,0,LEADER,1,0,0,69,0,0,0,0,0,0,0,0,0,0,0
189110,53,bully,2283,1,0,0,68,0,952,0,1,53,186827,2283,0,69,0,0,0,LEADER,1,0,0,68,0,0,0,0,0,0,0,0,0,0,0
189186,92,bully,1438,1,0,0,69,0,966,0,1,92,187748,1438,0,70,0,0,0,LEADER,1,0,0,69,0,0,0,0,0,0,0,0,0,0,0
189359,91,bully,1619,1,0,0,69,0,966,0,1,91,187740,1619,0,70,0,0,0,LEADER,1,0,0,69,0,0,0,0,0,0,0,0,0,0,0
189622,62,bully,1874,1,0,0,69,0,966,0,1,62,187748,1874,0,70,0,0,0,LEADER,1,0,0,69,0,0,0,0,0,0,0,0,0,0,0
189319,15,bully,1571,1,0,0,69,0,966,0,1,15,187748,1571,0,70,0,0,0,LEADER,1,0,0,69,0,0,0,0,0,0,0,0,0,0,0
188988,26,bully,2161,1,0,0,68,0,952,0,1,26,186827,2161,0,69,0,0,0,LEADER,1,0,0,68,0,0,0,0,0,0,0,0,0,0,0
189725,49,bully,1977,1,0,0,69,0,966,0,1,49,187748,1977,0,70,0,0,0,LEADER,1,0,0,69,0,0,0,0,0,0,0,0,0,0,0
189540,58,bully,1792,1,0,0,69,0,966,0,1,58,187748,1792,0,70,0,0,0,LEADER,1,0,0,69,0,0,0,0,0,0,0,0,0,0,0
189073,86,bully,2246,1,0,0,68,0,952,0,1,86,186827,2246,0,69,0,0,0,LEADER,1,0,0,68,0,0,0,0,0,0,0,0,0,0,0
189246,50,bully,2419,1,0,0,68,0,952,0,1,50,186827,2419,0,69,0,0,0,LEADER,1,0,0,68,0,0,0,0,0,0,0,0,0,0,0
189095,85,bully,2268,1,0,0,68,0,952,0,1,85,186827,2268,0,69,0,0,0,LEADER,1,0,0,68,0,0,0,0,0,0,0,0,0,0,0
189035,87,bully,2212,1,0,0,68,0,952,0,1,87,186823,2212,0,69,0,0,0,LEADER,1,0,0,68,0,0,0,0,0,0,0,0,0,0,0
189243,64,bully,2416,1,0,0,68,0,952,0,1,64,186827,2416,0,69,0,0,0,LEADER,1,0,0,68,0,0,0,0,0,0,0,0,0,0,0
189092,11,bully,2264,1,0,0,68,0,952,0,1,11,186828,2264,0,69,0,0,0,LEADER,1,0,0,68,0,0,0,0,0,0,0,0,0,0,0
189182,18,bully,1434,1,0,0,69,0,966,0,1,18,187748,1434,0,70,0,0,0,LEADER,1,0,0,69,0,0,0,0,0,0,0,0,0,0,0
189301,90,bully,1553,1,0,0,69,0,966,0,1,90,187748,1553,0,70,0,0,0,LEADER,1,0,0,69,0,0,0,0,0,0,0,0,0,0,0
189195,35,bully,1447,1,0,0,69,0,966,0,1,35,187748,1447,0,70,0,0,0,LEADER,1,0,0,69,0,0,0,0,0,0,0,0,0,0,0
189076,43,bully,2249,1,0,0,68,0,952,0,1,43,186827,2249,0,69,0,0,0,LEADER,1,0,0,68,0,0,0,0,0,0,0,0,0,0,0
189215,28,bully,1467,1,0,0,69,0,966,0,1,28,187748,1467,0,70,0,0,0,LEADER,1,0,0,69,0,0,0,0,0,0,0,0,0,0,0
189053,44,bully,2228,1,0,0,68,0,952,0,1,44,186825,2228,0,69,0,0,0,LEADER,1,0,0,68,0,0,0,0,0,0,0,0,0,0,0
189889,23,bully,2141,1,0,0,69,0,966,0,1,23,187748,2141,0,70,0,0,0,LEADER,1,0,0,69,0,0,0,0,0,0,0,0,0,0,0
189209,30,bully,1461,1,0,0,69,0,966,0,1,30,187748,1461,0,70,0,0,0,LEADER,1,0,0,69,0,0,0,0,0,0,0,0,0,0,0
189607,94,bully,1859,1,0,0,69,0,966,0,1,94,187748,1859,0,70,0,0,0,LEADER,1,0,0,69,0,0,0,0,0,0,0,0,0,0,0
189249,38,bully,1501,1,0,0,69,0,966,0,1,38,187748,1501,0,70,0,0,0,LEADER,1,0,0,69,0,0,0,0,0,0,0,0,0,0,0
189928,66,bully,2180,1,0,0,69,0,966,0,1,66,187748,2180,0,70,0,0,0,LEADER,1,0,0,69,0,0,0,0,0,0,0,0,0,0,0
189234,70,bully,1486,1,0,0,69,0,966,0,1,70,187748,1486,0,70,0,0,0,LEADER,1,0,0,69,0,0,0,0,0,0,0,0,0,0,0
189879,88,bully,2131,1,0,0,69,0,966,0,1,88,187748,2131,0,70,0,0,0,LEADER,1,0,0,69,0,0,0,0,0,0,0,0,0,0,0
189062,75,bully,2235,1,0,0,68,0,952,0,1,75,186827,2235,0,69,0,0,0,LEADER,1,0,0,68,0,0,0,0,0,0,0,0,0,0,0
189072,12,bully,2243,1,0,0,68,0,952,0,1,12,186829,2243,0,69,0,0,0,LEADER,1,0,0,68,0,0,0,0,0,0,0,0,0,0,0
189773,27,bully,2025,1,0,0,69,0,966,0,1,27,187748,2025,0,70,0,0,0,LEADER,1,0,0,69,0,0,0,0,0,0,0,0,0,0,0
189262,42,bully,1514,1,0,0,69,0,966,0,1,42,187748,1514,0,70,0,0,0,LEADER,1,0,0,69,0,0,0,0,0,0,0,0,0,0,0
189909,24,bully,2161,1,0,0,69,0,966,0,1,24,187748,2161,0,70,0,0,0,LEADER,1,0,0,69,0,0,0,0,0,0,0,0,0,0,0
189861,46,bully,2113,1,0,0,69,0,966,0,1,46,187748,2113,0,70,0,0,0,LEADER,1,0,0,69,0,0,0,0,0,0,0,0,0,0,0
189758,59,bully,2010,1,0,0,69,0,966,0,1,59,187748,2010,0,70,0,0,0,LEADER,1,0,0,69,0,0,0,0,0,0,0,0,0,0,0
189386,34,bully,1637,1,0,0,69,0,966,0,1,34,187749,1637,0,70,0,0,0,LEADER,1,0,0,69,0,0,0,0,0,0,0,0,0,0,0
190040,32,bully,2292,1,0,0,69,0,966,0,1,32,187748,2292,0,70,0,0,0,LEADER,1,0,0,69,0,0,0,0,0,0,0,0,0,0,0
189655,72,bully,1907,1,0,0,69,0,966,0,1,72,187748,1907,0,70,0,0,0,LEADER,1,0,0,69,0,0,0,0,0,0,0,0,0,0,0
190067,63,bully,2316,1,0,0,69,0,966,0,1,63,187751,2316,0,70,0,0,0,LEADER,1,0,0,69,0,0,0,0,0,0,0,0,0,0,0
189540,74,bully,1792,1,0,0,69,0,966,0,1,74,187748,1792,0,70,0,0,0,LEADER,1,0,0,69,0,0,0,0,0,0,0,0,0,0,0
189282,48,bully,1534,1,0,0,69,0,966,0,1,48,187748,1534,0,70,0,0,0,LEADER,1,0,0,69,0,0,0,0,0,0,0,0,0,0,0
189745,57,bully,1995,1,0,0,69,0,966,0,1,57,187750,1995,0,70,0,0,0,LEADER,1,0,0,69,0,0,0,0,0,0,0,0,0,0,0
189813,68,bully,2065,1,0,0,69,0,966,0,1,68,187748,2065,0,70,0,0,0,LEADER,1,0,0,69,0,0,0,0,0,0,0,0,0,0,0
189214,45,bully,1466,1,0,0,69,0,966,0,1,45,187748,1466,0,70,0,0,0,LEADER,1,0,0,69,0,0,0,0,0,0,0,0,0,0,0
189571,93,bully,1823,1,0,0,69,0,966,0,1,93,187748,1823,0,70,0,0,0,LEADER,1,0,0,69,0,0,0,0,0,0,0,0,0,0,0
190152,82,bully,2404,1,0,0,69,0,966,0,1,82,187748,2404,0,70,0,0,0,LEADER,1,0,0,69,0,0,0,0,0,0,0,0,0,0,0
190146,51,bully,2398,1,0,0,69,0,966,0,1,51,187748,2398,0,70,0,0,0,LEADER,1,0,0,69,0,0,0,0,0,0,0,0,0,0,0
189691,39,bully,1943,1,0,0,69,0,966,0,1,39,187748,1943,0,70,0,0,0,LEADER,1,0,0,69,0,0,0,0,0,0,0,0,0,0,0
189437,78,bully,1689,1,0,0,69,0,966,0,1,78,187748,1689,0,70,0,0,0,LEADER,1,0,0,69,0,0,0,0,0,0,0,0,0,0,0
189825,79,bully,2077,1,0,0,69,0,966,0,1,79,187748,2077,0,70,0,0,0,LEADER,1,0,0,69,0,0,0,0,0,0,0,0,0,0,0
189400,14,bully,1652,1,0,0,69,0,966,0,1,14,187748,1652,0,70,0,0,0,LEADER,1,0,0,69,0,0,0,0,0,0,0,0,0,0,0
189827,36,bully,2080,1,0,0,69,0,966,0,1,36,187747,2080,0,70,0,0,0,LEADER,1,0,0,69,0,0,0,0,0,0,0,0,0,0,0
189710,81,bully,1962,1,0,0,69,0,966,0,1,81,187748,1962,0,70,0,0,0,LEADER,1,0,0,69,0,0,0,0,0,0,0,0,0,0,0
189370,67,bully,1622,1,0,0,69,0,966,0,1,67,187748,1622,0,70,0,0,0,LEADER,1,0,0,69,0,0,0,0,0,0,0,0,0,0,0
190131,83,bully,2383,1,0,0,69,0,966,0,1,83,187748,2383,0,70,0,0,0,LEADER,1,0,0,69,0,0,0,0,0,0,0,0,0,0,0
190275,99,bully,1607,1,0,0,69,0,966,0,1,99,188668,1607,0,70,0,0,0,LEADER,1,0,0,69,0,0,0,0,0,0,0,0,0,0,0
189452,55,bully,1704,1,0,0,69,0,966,0,1,55,187748,1704,0,70,0,0,0,LEADER,1,0,0,69,0,0,0,0,0,0,0,0,0,0,0
190242,89,bully,1574,1,0,0,69,0,966,0,1,89,188668,1574,0,70,0,0,0,LEADER,1,0,0,69,0,0,0,0,0,0,0,0,0,0,0
189404,77,bully,1656,1,0,0,69,0,966,0,1,77,187748,1656,0,70,0,0,0,LEADER,1,0,0,69,0,0,0,0,0,0,0,0,0,0,0
189676,71,bully,1928,1,0,0,69,0,966,0,1,71,187748,1928,0,70,0,0,0,LEADER,1,0,0,69,0,0,0,0,0,0,0,0,0,0,0
189954,76,bully,2213,1,0,0,69,0,966,0,1,76,187741,2213,0,70,0,0,0,LEADER,1,0,0,69,0,0,0,0,0,0,0,0,0,0,0
189588,52,bully,1840,1,0,0,69,0,966,0,1,52,187748,1840,0,70,0,0,0,LEADER,1,0,0,69,0,0,0,0,0,0,0,0,0,0,0
189555,10,bully,1807,1,0,0,69,0,966,0,1,10,187748,1807,0,70,0,0,0,LEADER,1,0,0,69,0,0,0,0,0,0,0,0,0,0,0
189488,22,bully,1740,1,0,0,69,0,966,0,1,22,187748,1740,0,70,0,0,0,LEADER,1,0,0,69,0,0,0,0,0,0,0,0,0,0,0
189634,21,bully,1889,1,0,0,69,0,966,0,1,21,187745,1889,0,70,0,0,0,LEADER,1,0,0,69,0,0,0,0,0,0,0,0,0,0,0
189894,56,bully,2146,1,0,0,69,0,966,0,1,56,187748,2146,0,70,0,0,0,LEADER,1,0,0,69,0,0,0,0,0,0,0,0,0,0,0
189419,60,bully,1671,1,0,0,69,0,966,0,1,60,187748,1671,0,70,0,0,0,LEADER,1,0,0,69,0,0,0,0,0,0,0,0,0,0,0
190272,25,bully,1604,1,0,0,69,0,966,0,1,25,188668,1604,0,70,0,0,0,LEADER,1,0,0,69,0,0,0,0,0,0,0,0,0,0,0
189485,65,bully,1737,1,0,0,69,0,966,0,1,65,187748,1737,0,70,0,0,0,LEADER,1,0,0,69,0,0,0,0,0,0,0,0,0,0,0
190161,19,bully,2413,1,0,0,69,0,966,0,1,19,187748,2413,0,70,0,0,0,LEADER,1,0,0,69,0,0,0,0,0,0,0,0,0,0,0
189791,69,bully,2043,1,0,0,69,0,966,0,1,69,187748,2043,0,70,0,0,0,LEADER,1,0,0,69,0,0,0,0,0,0,0,0,0,0,0
190393,54,bully,1725,1,0,0,69,0,966,0,1,54,188668,1725,0,70,0,0,0,LEADER,1,0,0,69,0,0,0,0,0,0,0,0,0,0,0
189740,17,bully,1992,1,0,0,69,0,966,0,1,17,187748,1992,0,70,0,0,0,LEADER,1,0,0,69,0,0,0,0,0,0,0,0,0,0,0
190254,100,bully,1586,1,0,0,69,0,966,0,1,100,188668,1586,0,70,0,0,0,LEADER,1,0,0,69,0,0,0,0,0,0,0,0,0,0,0
190217,16,bully,1549,1,0,0,69,0,966,0,1,16,188668,1549,0,70,0,0,0,LEADER,1,0,0,69,0,0,0,0,0,0,0,0,0,0,0
189806,37,bully,2058,1,0,0,69,0,966,0,1,37,187748,2058,0,70,0,0,0,LEADER,1,0,0,69,0,0,0,0,0,0,0,0,0,0,0
190442,13,bully,1774,1,0,0,69,0,966,0,1,13,188668,1774,0,70,0,0,0,LEADER,1,0,0,69,0,0,0,0,0,0,0,0,0,0,0
189603,20,bully,1855,1,0,0,69,0,966,0,1,20,187748,1855,0,70,0,0,0,LEADER,1,0,0,69,0,0,0,0,0,0,0,0,0,0,0
190235,41,bully,1567,1,0,0,69,0,966,0,1,41,188668,1567,0,70,0,0,0,LEADER,1,0,0,69,0,0,0,0,0,0,0,0,0,0,0
190224,47,bully,1556,1,0,0,69,0,966,0,1,47,188668,1556,0,70,0,0,0,LEADER,1,0,0,69,0,0,0,0,0,0,0,0,0,0,0
190050,95,bully,2301,1,0,0,69,0,966,0,1,95,187749,2301,0,70,0,0,0,LEADER,1,0,0,69,0,0,0,0,0,0,0,0,0,0,0
189913,98,bully,2165,1,0,0,69,0,966,0,1,98,187748,2165,0,70,0,0,0,LEADER,1,0,0,69,0,0,0,0,0,0,0,0,0,0,0
190097,73,bully,2349,1,0,0,69,0,966,0,1,73,187748,2349,0,70,0,0,0,LEADER,1,0,0,69,0,0,0,0,0,0,0,0,0,0,0
190420,33,bully,1752,1,0,0,69,0,966,0,1,33,188668,1752,0,70,0,0,0,LEADER,1,0,0,69,0,0,0,0,0,0,0,0,0,0,0
189643,61,bully,1895,1,0,0,69,0,966,0,1,61,187748,1895,0,70,0,0,0,LEADER,1,0,0,69,0,0,0,0,0,0,0,0,0,0,0
190390,97,bully,1722,1,0,0,69,0,966,0,1,97,188668,1722,0,70,0,0,0,LEADER,1,0,0,69,0,0,0,0,0,0,0,0,0,0,0
190590,40,bully,1922,1,0,0,69,0,966,0,1,40,188668,1922,0,70,0,0,0,LEADER,1,0,0,69,0,0,0,0,0,0,0,0,0,0,0
190079,31,bully,2331,1,0,0,69,0,966,0,1,31,187748,2331,0,70,0,0,0,LEADER,1,0,0,69,0,0,0,0,0,0,0,0,0,0,0
190580,29,bully,1910,1,0,0,69,0,966,0,1,29,188670,1910,0,70,0,0,0,LEADER,1,0,0,69,0,0,0,0,0,0,0,0,0,0,0
190406,96,bully,1744,1,0,0,69,0,966,0,1,96,188662,1744,0,70,0,0,0,LEADER,1,0,0,69,0,0,0,0,0,0,0,0,0,0,0
190493,84,bully,1825,1,0,0,69,0,966,0,1,84,188668,1825,0,70,0,0,0,LEADER,1,0,0,69,0,0,0,0,0,0,0,0,0,0,0
190189,80,bully,1519,1,0,0,69,0,966,0,1,80,188670,1519,0,70,0,0,0,LEADER,1,0,0,69,0,0,0,0,0,0,0,0,0,0,0
190031,53,bully,2283,1,0,0,69,0,966,0,1,53,187748,2283,0,70,0,0,0,LEADER,1,0,0,69,0,0,0,0,0,0,0,0,0,0,0
190106,92,bully,1438,1,0,0,69,0,966,0,1,92,188668,1438,0,70,0,0,0,LEADER,1,0,0,69,0,0,0,0,0,0,0,0,0,0,0
190279,91,bully,1619,1,0,0,69,0,966,0,1,91,188660,1619,0,70,0,0,0,LEADER,1,0,0,69,0,0,0,0,0,0,0,0,0,0,0
190542,62,bully,1874,1,0,0,69,0,966,0,1,62,188668,1874,0,70,0,0,0,LEADER,1,0,0,69,0,0,0,0,0,0,0,0,0,0,0
190239,15,bully,1571,1,0,0,69,0,966,0,1,15,188668,1571,0,70,0,0,0,LEADER,1,0,0,69,0,0,0,0,0,0,0,0,0,0,0
189909,26,bully,2161,1,0,0,69,0,966,0,1,26,187748,2161,0,70,0,0,0,LEADER,1,0,0,69,0,0,0,0,0,0,0,0,0,0,0
190645,49,bully,1977,1,0,0,69,0,966,0,1,49,188668,1977,0,70,0,0,0,LEADER,1,0,0,69,0,0,0,0,0,0,0,0,0,0,0
190460,58,bully,1792,1,0,0,69,0,966,0,1,58,188668,1792,0,70,0,0,0,LEADER,1,0,0,69,0,0,0,0,0,0,0,0,0,0,0
189994,86,bully,2246,1,0,0,69,0,966,0,1,86,187748,2246,0,70,0,0,0,LEADER,1,0,0,69,0,0,0,0,0,0,0,0,0,0,0
190167,50,bully,2419,1,0,0,69,0,966,0,1,50,187748,2419,0,70,0,0,0,LEADER,1,0,0,69,0,0,0,0,0,0,0,0,0,0,0
190016,85,bully,2268,1,0,0,69,0,966,0,1,85,187748,2268,0,70,0,0,0,LEADER,1,0,0,69,0,0,0,0,0,0,0,0,0,0,0
189956,87,bully,2212,1,0,0,69,0,966,0,1,87,187744,2212,0,70,0,0,0,LEADER,1,0,0,69,0,0,0,0,0,0,0,0,0,0,0
190164,64,bully,2416,1,0,0,69,0,966,0,1,64,187748,2416,0,70,0,0,0,LEADER,1,0,0,69,0,0,0,0,0,0,0,0,0,0,0
190102,18,bully,1434,1,0,0,69,0,966,0,1,18,188668,1434,0,70,0,0,0,LEADER,1,0,0,69,0,0,0,0,0,0,0,0,0,0,0
190013,11,bully,2264,1,0,0,69,0,966,0,1,11,187749,2264,0,70,0,0,0,LEADER,1,0,0,69,0,0,0,0,0,0,0,0,0,0,0
190221,90,bully,1553,1,0,0,69,0,966,0,1,90,188668,1553,0,70,0,0,0,LEADER,1,0,0,69,0,0,0,0,0,0,0,0,0,0,0
190115,35,bully,1447,1,0,0,69,0,966,0,1,35,188668,1447,0,70,0,0,0,LEADER,1,0,0,69,0,0,0,0,0,0,0,0,0,0,0
189997,43,bully,2249,1,0,0,69,0,966,0,1,43,187748,2249,0,70,0,0,0,LEADER,1,0,0,69,0,0,0,0,0,0,0,0,0,0,0
190135,28,bully,1467,1,0,0,69,0,966,0,1,28,188668,1467,0,70,0,0,0,LEADER,1,0,0,69,0,0,0,0,0,0,0,0,0,0,0
189974,44,bully,2228,1,0,0,69,0,966,0,1,44,187746,2228,0,70,0,0,0,LEADER,1,0,0,69,0,0,0,0,0,0,0,0,0,0,0
190809,23,bully,2141,1,0,0,69,0,966,0,1,23,188668,2141,0,70,0,0,0,LEADER,1,0,0,69,0,0,0,0,0,0,0,0,0,0,0
190129,30,bully,1461,1,0,0,69,0,966,0,1,30,188668,1461,0,70,0,0,0,LEADER,1,0,0,69,0,0,0,0,0,0,0,0,0,0,0
190527,94,bully,1859,1,0,0,69,0,966,0,1,94,188668,1859,0,70,0,0,0,LEADER,1,0,0,69,0,0,0,0,0,0,0,0,0,0,0
190169,38,bully,1501,1,0,0,69,0,966,0,1,38,188668,1501,0,70,0,0,0,LEADER,1,0,0,69,0,0,0,0,0,0,0,0,0,0,0
190848,66,bully,2180,1,0,0,69,0,966,0,1,66,188668,2180,0,70,0,0,0,LEADER,1,0,0,69,0,0,0,0,0,0,0,0,0,0,0
190154,70,bully,1486,1,0,0,69,0,966,0,1,70,188668,1486,0,70,0,0,0,LEADER,1,0,0,69,0,0,0,0,0,0,0,0,0,0,0
190799,88,bully,2131,1,0,0,69,0,966,0,1,88,188668,2131,0,70,0,0,0,LEADER,1,0,0,69,0,0,0,0,0,0,0,0,0,0,0
189983,75,bully,2235,1,0,0,69,0,966,0,1,75,187748,2235,0,70,0,0,0,LEADER,1,0,0,69,0,0,0,0,0,0,0,0,0,0,0
189993,12,bully,2243,1,0,0,69,0,966,0,1,12,187750,2243,0,70,0,0,0,LEADER,1,0,0,69,0,0,0,0,0,0,0,0,0,0,0
190693,27,bully,2025,1,0,0,69,0,966,0,1,27,188668,2025,0,70,0,0,0,LEADER,1,0,0,69,0,0,0,0,0,0,0,0,0,0,0
190182,42,bully,1514,1,0,0,69,0,966,0,1,42,188668,1514,0,70,0,0,0,LEADER,1,0,0,69,0,0,0,0,0,0,0,0,0,0,0
190829,24,bully,2161,1,0,0,69,0,966,0,1,24,188668,2161,0,70,0,0,0,LEADER,1,0,0,69,0,0,0,0,0,0,0,0,0,0,0
190781,46,bully,2113,1,0,0,69,0,966,0,1,46,188668,2113,0,70,0,0,0,LEADER,1,0,0,69,0,0,0,0,0,0,0,0,0,0,0
190678,59,bully,2010,1,0,0,69,0,966,0,1,59,188668,2010,0,70,0,0,0,LEADER,1,0,0,69,0,0,0,0,0,0,0,0,0,0,0
190960,32,bully,2292,1,0,0,69,0,966,0,1,32,188668,2292,0,70,0,0,0,LEADER,1,0,0,69,0,0,0,0,0,0,0,0,0,0,0
190306,34,bully,1637,1,0,0,69,0,966,0,1,34,188669,1637,0,70,0,0,0,LEADER,1,0,0,69,0,0,0,0,0,0,0,0,0,0,0
190575,72,bully,1907,1,0,0,69,0,966,0,1,72,188668,1907,0,70,0,0,0,LEADER,1,0,0,69,0,0,0,0,0,0,0,0,0,0,0
190987,63,bully,2316,1,0,0,69,0,966,0,1,63,188671,2316,0,70,0,0,0,LEADER,1,0,0,69,0,0,0,0,0,0,0,0,0,0,0
190460,74,bully,1792,1,0,0,69,0,966,0,1,74,188668,1792,0,70,0,0,0,LEADER,1,0,0,69,0,0,0,0,0,0,0,0,0,0,0
190202,48,bully,1534,1,0,0,69,0,966,0,1,48,188668,1534,0,70,0,0,0,LEADER,1,0,0,69,0,0,0,0,0,0,0,0,0,0,0
190665,57,bully,1995,1,0,0,69,0,966,0,1,57,188670,1995,0,70,0,0,0,LEADER,1,0,0,69,0,0,0,0,0,0,0,0,0,0,0
190733,68,bully,2065,1,0,0,69,0,966,0,1,68,188668,2065,0,70,0,0,0,LEADER,1,0,0,69,0,0,0,0,0,0,0,0,0,0,0
190134,45,bully,1466,1,0,0,69,0,966,0,1,45,188668,1466,0,70,0,0,0,LEADER,1,0,0,69,0,0,0,0,0,0,0,0,0,0,0
190491,93,bully,1823,1,0,0,69,0,966,0,1,93,188668,1823,0,70,0,0,0,LEADER,1,0,0,69,0,0,0,0,0,0,0,0,0,0,0
191072,82,bully,2404,1,0,0,69,0,966,0,1,82,188668,2404,0,70,0,0,0,LEADER,1,0,0,69,0,0,0,0,0,0,0,0,0,0,0
191066,51,bully,2398,1,0,0,69,0,966,0,1,51,188668,2398,0,70,0,0,0,LEADER,1,0,0,69,0,0,0,0,0,0,0,0,0,0,0
190611,39,bully,1943,1,0,0,69,0,966,0,1,39,188668,1943,0,70,0,0,0,LEADER,1,0,0,69,0,0,0,0,0,0,0,0,0,0,0
190357,78,bully,1689,1,0,0,69,0,966,0,1,78,188668,1689,0,70,0,0,0,LEADER,1,0,0,69,0,0,0,0,0,0,0,0,0,0,0
190745,79,bully,2077,1,0,0,69,0,966,0,1,79,188668,2077,0,70,0,0,0,LEADER,1,0,0,69,0,0,0,0,0,0,0,0,0,0,0
190320,14,bully,1652,1,0,0,69,0,966,0,1,14,188668,1652,0,70,0,0,0,LEADER,1,0,0,69,0,0,0,0,0,0,0,0,0,0,0
190747,36,bully,2080,1,0,0,69,0,966,0,1,36,188667,2080,0,70,0,0,0,LEADER,1,0,0,69,0,0,0,0,0,0,0,0,0,0,0
190630,81,bully,1962,1,0,0,69,0,966,0,1,81,188668,1962,0,70,0,0,0,LEADER,1,0,0,69,0,0,0,0,0,0,0,0,0,0,0
190290,67,bully,1622,1,0,0,69,0,966,0,1,67,188668,1622,0,70,0,0,0,LEADER,1,0,0,69,0,0,0,0,0,0,0,0,0,0,0
191051,83,bully,2383,1,0,0,69,0,966,0,1,83,188668,2383,0,70,0,0,0,LEADER,1,0,0,69,0,0,0,0,0,0,0,0,0,0,0
191195,99,bully,1607,1,0,0,69,0,966,0,1,99,189588,1607,0,70,0,0,0,LEADER,1,0,0,69,0,0,0,0,0,0,0,0,0,0,0
190372,55,bully,1704,1,0,0,69,0,966,0,1,55,188668,1704,0,70,0,0,0,LEADER,1,0,0,69,0,0,0,0,0,0,0,0,0,0,0
191162,89,bully,1574,1,0,0,69,0,966,0,1,89,189588,1574,0,70,0,0,0,LEADER,1,0,0,69,0,0,0,0,0,0,0,0,0,0,0
190324,77,bully,1656,1,0,0,69,0,966,0,1,77,188668,1656,0,70,0,0,0,LEADER,1,0,0,69,0,0,0,0,0,0,0,0,0,0,0
190596,71,bully,1928,1,0,0,69,0,966,0,1,71,188668,1928,0,70,0,0,0,LEADER,1,0,0,69,0,0,0,0,0,0,0,0,0,0,0
190874,76,bully,2213,1,0,0,69,0,966,0,1,76,188661,2213,0,70,0,0,0,LEADER,1,0,0,69,0,0,0,0,0,0,0,0,0,0,0
190508,52,bully,1840,1,0,0,69,0,966,0,1,52,188668,1840,0,70,0,0,0,LEADER,1,0,0,69,0,0,0,0,0,0,0,0,0,0,0
190475,10,bully,1807,1,0,0,69,0,966,0,1,10,188668,1807,0,70,0,0,0,LEADER,1,0,0,69,0,0,0,0,0,0,0,0,0,0,0
190408,22,bully,1740,1,0,0,69,0,966,0,1,22,188668,1740,0,70,0,0,0,LEADER,1,0,0,69,0,0,0,0,0,0,0,0,0,0,0
190554,21,bully,1889,1,0,0,69,0,966,0,1,21,188665,1889,0,70,0,0,0,LEADER,1,0,0,69,0,0,0,0,0,0,0,0,0,0,0
190814,56,bully,2146,1,0,0,69,0,966,0,1,56,188668,2146,0,70,0,0,0,LEADER,1,0,0,69,0,0,0,0,0,0,0,0,0,0,0
190339,60,bully,1671,1,0,0,69,0,966,0,1,60,188668,1671,0,70,0,0,0,LEADER,1,0,0,69,0,0,0,0,0,0,0,0,0,0,0
191192,25,bully,1604,1,0,0,69,0,966,0,1,25,189588,1604,0,70,0,0,0,LEADER,1,0,0,69,0,0,0,0,0,0,0,0,0,0,0
190405,65,bully,1737,1,0,0,69,0,966,0,1,65,188668,1737,0,70,0,0,0,LEADER,1,0,0,69,0,0,0,0,0,0,0,0,0,0,0
191081,19,bully,2413,1,0,0,69,0,966,0,1,19,188668,2413,0,70,0,0,0,LEADER,1,0,0,69,0,0,0,0,0,0,0,0,0,0,0
190711,69,bully,2043,1,0,0,69,0,966,0,1,69,188668,2043,0,70,0,0,0,LEADER,1,0,0,69,0,0,0,0,0,0,0,0,0,0,0
191313,54,bully,1725,1,0,0,69,0,966,0,1,54,189588,1725,0,70,0,0,0,LEADER,1,0,0,69,0,0,0,0,0,0,0,0,0,0,0
190660,17,bully,1992,1,0,0,69,0,966,0,1,17,188668,1992,0,70,0,0,0,LEADER,1,0,0,69,0,0,0,0,0,0,0,0,0,0,0
191174,100,bully,1586,1,0,0,69,0,966,0,1,100,189588,1586,0,70,0,0,0,LEADER,1,0,0,69,0,0,0,0,0,0,0,0,0,0,0
191137,16,bully,1549,1,0,0,69,0,966,0,1,16,189588,1549,0,70,0,0,0,LEADER,1,0,0,69,0,0,0,0,0,0,0,0,0,0,0
190726,37,bully,2058,1,0,0,69,0,966,0,1,37,188668,2058,0,70,0,0,0,LEADER,1,0,0,69,0,0,0,0,0,0,0,0,0,0,0
191362,13,bully,1774,1,0,0,69,0,966,0,1,13,189588,1774,0,70,0,0,0,LEADER,1,0,0,69,0,0,0,0,0,0,0,0,0,0,0
190523,20,bully,1855,1,0,0,69,0,966,0,1,20,188668,1855,0,70,0,0,0,LEADER,1,0,0,69,0,0,0,0,0,0,0,0,0,0,0
191155,41,bully,1567,1,0,0,69,0,966,0,1,41,189588,1567,0,70,0,0,0,LEADER,1,0,0,69,0,0,0,0,0,0,0,0,0,0,0
191144,47,bully,1556,1,0,0,69,0,966,0,1,47,189588,1556,0,70,0,0,0,LEADER,1,0,0,69,0,0,0,0,0,0,0,0,0,0,0
190970,95,bully,2301,1,0,0,69,0,966,0,1,95,188669,2301,0,70,0,0,0,LEADER,1,0,0,69,0,0,0,0,0,0,0,0,0,0,0
190833,98,bully,2165,1,0,0,69,0,966,0,1,98,188668,2165,0,70,0,0,0,LEADER,1,0,0,69,0,0,0,0,0,0,0,0,0,0,0
191017,73,bully,2349,1,0,0,69,0,966,0,1,73,188668,2349,0,70,0,0,0,LEADER,1,0,0,69,0,0,0,0,0,0,0,0,0,0,0
190563,61,bully,1895,1,0,0,69,0,966,0,1,61,188668,1895,0,70,0,0,0,LEADER,1,0,0,69,0,0,0,0,0,0,0,0,0,0,0
191310,97,bully,1722,1,0,0,69,0,966,0,1,97,189588,1722,0,70,0,0,0,LEADER,1,0,0,69,0,0,0,0,0,0,0,0,0,0,0
191340,33,bully,1752,1,0,0,69,0,966,0,1,33,189588,1752,0,70,0,0,0,LEADER,1,0,0,69,0,0,0,0,0,0,0,0,0,0,0
191510,40,bully,1922,1,0,0,69,0,966,0,1,40,189588,1922,0,70,0,0,0,LEADER,1,0,0,69,0,0,0,0,0,0,0,0,0,0,0
190999,31,bully,2331,1,0,0,69,0,966,0,1,31,188668,2331,0,70,0,0,0,LEADER,1,0,0,69,0,0,0,0,0,0,0,0,0,0,0
191500,29,bully,1910,1,0,0,69,0,966,0,1,29,189590,1910,0,70,0,0,0,LEADER,1,0,0,69,0,0,0,0,0,0,0,0,0,0,0
191326,96,bully,1744,1,0,0,69,0,966,0,1,96,189582,1744,0,70,0,0,0,LEADER,1,0,0,69,0,0,0,0,0,0,0,0,0,0,0
191413,84,bully,1825,1,0,0,69,0,966,0,1,84,189588,1825,0,70,0,0,0,LEADER,1,0,0,69,0,0,0,0,0,0,0,0,0,0,0
191109,80,bully,1519,1,0,0,69,0,966,0,1,80,189590,1519,0,70,0,0,0,LEADER,1,0,0,69,0,0,0,0,0,0,0,0,0,0,0
190951,53,bully,2283,1,0,0,69,0,966,0,1,53,188668,2283,0,70,0,0,0,LEADER,1,0,0,69,0,0,0,0,0,0,0,0,0,0,0
191026,92,bully,1438,1,0,0,69,0,966,0,1,92,189588,1438,0,70,0,0,0,LEADER,1,0,0,69,0,0,0,0,0,0,0,0,0,0,0
191199,91,bully,1619,1,0,0,69,0,966,0,1,91,189580,1619,0,70,0,0,0,LEADER,1,0,0,69,0,0,0,0,0,0,0,0,0,0,0
191462,62,bully,1874,1,0,0,69,0,966,0,1,62,189588,1874,0,70,0,0,0,LEADER,1,0,0,69,0,0,0,0,0,0,0,0,0,0,0
191159,15,bully,1571,1,0,0,69,0,966,0,1,15,189588,1571,0,70,0,0,0,LEADER,1,0,0,69,0,0,0,0,0,0,0,0,0,0,0
190829,26,bully,2161,1,0,0,69,0,966,0,1,26,188668,2161,0,70,0,0,0,LEADER,1,0,0,69,0,0,0,0,0,0,0,0,0,0,0
191565,49,bully,1977,1,0,0,69,0,966,0,1,49,189588,1977,0,70,0,0,0,LEADER,1,0,0,69,0,0,0,0,0,0,0,0,0,0,0
191380,58,bully,1792,1,0,0,69,0,966,0,1,58,189588,1792,0,70,0,0,0,LEADER,1,0,0,69,0,0,0,0,0,0,0,0,0,0,0
190914,86,bully,2246,1,0,0,69,0,966,0,1,86,188668,2246,0,70,0,0,0,LEADER,1,0,0,69,0,0,0,0,0,0,0,0,0,0,0
191087,50,bully,2419,1,0,0,69,0,966,0,1,50,188668,2419,0,70,0,0,0,LEADER,1,0,0,69,0,0,0,0,0,0,0,0,0,0,0
190936,85,bully,2268,1,0,0,69,0,966,0,1,85,188668,2268,0,70,0,0,0,LEADER,1,0,0,69,0,0,0,0,0,0,0,0,0,0,0
190876,87,bully,2212,1,0,0,69,0,966,0,1,87,188664,2212,0,70,0,0,0,LEADER,1,0,0,69,0,0,0,0,0,0,0,0,0,0,0
191084,64,bully,2416,1,0,0,69,0,966,0,1,64,188668,2416,0,70,0,0,0,LEADER,1,0,0,69,0,0,0,0,0,0,0,0,0,0,0
191022,18,bully,1434,1,0,0,69,0,966,0,1,18,189588,1434,0,70,0,0,0,LEADER,1,0,0,69,0,0,0,0,0,0,0,0,0,0,0
190933,11,bully,2264,1,0,0,69,0,966,0,1,11,188669,2264,0,70,0,0,0,LEADER,1,0,0,69,0,0,0,0,0,0,0,0,0,0,0
191141,90,bully,1553,1,0,0,69,0,966,0,1,90,189588,1553,0,70,0,0,0,LEADER,1,0,0,69,0,0,0,0,0,0,0,0,0,0,0
191035,35,bully,1447,1,0,0,69,0,966,0,1,35,189588,1447,0,70,0,0,0,LEADER,1,0,0,69,0,0,0,0,0,0,0,0,0,0,0
190917,43,bully,2249,1,0,0,69,0,966,0,1,43,188668,2249,0,70,0,0,0,LEADER,1,0,0,69,0,0,0,0,0,0,0,0,0,0,0
191055,28,bully,1467,1,0,0,69,0,966,0,1,28,189588,1467,0,70,0,0,0,LEADER,1,0,0,69,0,0,0,0,0,0,0,0,0,0,0
190894,44,bully,2228,1,0,0,69,0,966,0,1,44,188666,2228,0,70,0,0,0,LEADER,1,0,0,69,0,0,0,0,0,0,0,0,0,0,0
191729,23,bully,2141,1,0,0,69,0,966,0,1,23,189588,2141,0,70,0,0,0,LEADER,1,0,0,69,0,0,0,0,0,0,0,0,0,0,0
191049,30,bully,1461,1,0,0,69,0,966,0,1,30,189588,1461,0,70,0,0,0,LEADER,1,0,0,69,0,0,0,0,0,0,0,0,0,0,0
191447,94,bully,1859,1,0,0,69,0,966,0,1,94,189588,1859,0,70,0,0,0,LEADER,1,0,0,69,0,0,0,0,0,0,0,0,0,0,0
191089,38,bully,1501,1,0,0,69,0,966,0,1,38,189588,1501,0,70,0,0,0,LEADER,1,0,0,69,0,0,0,0,0,0,0,0,0,0,0
191768,66,bully,2180,1,0,0,69,0,966,0,1,66,189588,2180,0,70,0,0,0,LEADER,1,0,0,69,0,0,0,0,0,0,0,0,0,0,0
191074,70,bully,1486,1,0,0,69,0,966,0,1,70,189588,1486,0,70,0,0,0,LEADER,1,0,0,69,0,0,0,0,0,0,0,0,0,0,0
191094,5,bully,2001,1,0,0,19,28,266,392,6,4,189093,2001,0,9,0,0,0,NORMAL,0,0,0,19,0,0,0,28,0,0,0,0,0,0,0
191719,88,bully,2131,1,0,0,69,0,966,0,1,88,189588,2131,0,70,0,0,0,LEADER,1,0,0,69,0,0,0,0,0,0,0,0,0,0,0
190903,75,bully,2235,1,0,0,69,0,966,0,1,75,188668,2235,0,70,0,0,0,LEADER,1,0,0,69,0,0,0,0,0,0,0,0,0,0,0
190913,12,bully,2243,1,0,0,69,0,966,0,1,12,188670,2243,0,70,0,0,0,LEADER,1,0,0,69,0,0,0,0,0,0,0,0,0,0,0
191613,27,bully,2025,1,0,0,69,0,966,0,1,27,189588,2025,0,70,0,0,0,LEADER,1,0,0,69,0,0,0,0,0,0,0,0,0,0,0
191102,42,bully,1514,1,0,0,69,0,966,0,1,42,189588,1514,0,70,0,0,0,LEADER,1,0,0,69,0,0,0,0,0,0,0,0,0,0,0
191749,24,bully,2161,1,0,0,69,0,966,0,1,24,189588,2161,0,70,0,0,0,LEADER,1,0,0,69,0,0,0,0,0,0,0,0,0,0,0
191701,46,bully,2113,1,0,0,69,0,966,0,1,46,189588,2113,0,70,0,0,0,LEADER,1,0,0,69,0,0,0,0,0,0,0,0,0,0,0
191598,59,bully,2010,1,0,0,69,0,966,0,1,59,189588,2010,0,70,0,0,0,LEADER,1,0,0,69,0,0,0,0,0,0,0,0,0,0,0
191880,32,bully,2292,1,0,0,69,0,966,0,1,32,189588,2292,0,70,0,0,0,LEADER,1,0,0,69,0,0,0,0,0,0,0,0,0,0,0
191226,34,bully,1637,1,0,0,69,0,966,0,1,34,189589,1637,0,70,0,0,0,LEADER,1,0,0,69,0,0,0,0,0,0,0,0,0,0,0
191495,72,bully,1907,1,0,0,69,0,966,0,1,72,189588,1907,0,70,0,0,0,LEADER,1,0,0,69,0,0,0,0,0,0,0,0,0,0,0
191907,63,bully,2316,1,0,0,69,0,966,0,1,63,189591,2316,0,70,0,0,0,LEADER,1,0,0,69,0,0,0,0,0,0,0,0,0,0,0
191380,74,bully,1792,1,0,0,69,0,966,0,1,74,189588,1792,0,70,0,0,0,LEADER,1,0,0,69,0,0,0,0,0,0,0,0,0,0,0
191122,48,bully,1534,1,0,0,69,0,966,0,1,48,189588,1534,0,70,0,0,0,LEADER,1,0,0,69,0,0,0,0,0,0,0,0,0,0,0
191585,57,bully,1995,1,0,0,69,0,966,0,1,57,189590,1995,0,70,0,0,0,LEADER,1,0,0,69,0,0,0,0,0,0,0,0,0,0,0
191653,68,bully,2065,1,0,0,69,0,966,0,1,68,189588,2065,0,70,0,0,0,LEADER,1,0,0,69,0,0,0,0,0,0,0,0,0,0,0
191054,45,bully,1466,1,0,0,69,0,966,0,1,45,189588,1466,0,70,0,0,0,LEADER,1,0,0,69,0,0,0,0,0,0,0,0,0,0,0
191411,93,bully,1823,1,0,0,69,0,966,0,1,93,189588,1823,0,70,0,0,0,LEADER,1,0,0,69,0,0,0,0,0,0,0,0,0,0,0
191992,82,bully,2404,1,0,0,69,0,966,0,1,82,189588,2404,0,70,0,0,0,LEADER,1,0,0,69,0,0,0,0,0,0,0,0,0,0,0
191986,51,bully,2398,1,0,0,69,0,966,0,1,51,189588,2398,0,70,0,0,0,LEADER,1,0,0,69,0,0,0,0,0,0,0,0,0,0,0
191531,39,bully,1943,1,0,0,69,0,966,0,1,39,189588,1943,0,70,0,0,0,LEADER,1,0,0,69,0,0,0,0,0,0,0,0,0,0,0
191277,78,bully,1689,1,0,0,69,0,966,0,1,78,189588,1689,0,70,0,0,0,LEADER,1,0,0,69,0,0,0,0,0,0,0,0,0,0,0
191665,79,bully,2077,1,0,0,69,0,966,0,1,79,189588,2077,0,70,0,0,0,LEADER,1,0,0,69,0,0,0,0,0,0,0,0,0,0,0
191240,14,bully,1652,1,0,0,69,0,966,0,1,14,189588,1652,0,70,0,0,0,LEADER,1,0,0,69,0,0,0,0,0,0,0,0,0,0,0
191667,36,bully,2080,1,0,0,69,0,966,0,1,36,189587,2080,0,70,0,0,0,LEADER,1,0,0,69,0,0,0,0,0,0,0,0,0,0,0
191550,81,bully,1962,1,0,0,69,0,966,0,1,81,189588,1962,0,70,0,0,0,LEADER,1,0,0,69,0,0,0,0,0,0,0,0,0,0,0
191210,67,bully,1622,1,0,0,69,0,966,0,1,67,189588,1622,0,70,0,0,0,LEADER,1,0,0,69,0,0,0,0,0,0,0,0,0,0,0
191971,83,bully,2383,1,0,0,69,0,966,0,1,83,189588,2383,0,70,0,0,0,LEADER,1,0,0,69,0,0,0,0,0,0,0,0,0,0,0
192116,99,bully,1607,1,0,0,70,0,980,0,1,99,190509,1607,0,71,0,0,0,LEADER,1,0,0,70,0,0,0,0,0,0,0,0,0,0,0
191292,55,bully,1704,1,0,0,69,0,966,0,1,55,189588,1704,0,70,0,0,0,LEADER,1,0,0,69,0,0,0,0,0,0,0,0,0,0,0
192083,89,bully,1574,1,0,0,70,0,980,0,1,89,190509,1574,0,71,0,0,0,LEADER,1,0,0,70,0,0,0,0,0,0,0,0,0,0,0
191244,77,bully,1656,1,0,0,69,0,966,0,1,77,189588,1656,0,70,0,0,0,LEADER,1,0,0,69,0,0,0,0,0,0,0,0,0,0,0
191516,71,bully,1928,1,0,0,69,0,966,0,1,71,189588,1928,0,70,0,0,0,LEADER,1,0,0,69,0,0,0,0,0,0,0,0,0,0,0
191794,76,bully,2213,1,0,0,69,0,966,0,1,76,189581,2213,0,70,0,0,0,LEADER,1,0,0,69,0,0,0,0,0,0,0,0,0,0,0
191428,52,bully,1840,1,0,0,69,0,966,0,1,52,189588,1840,0,70,0,0,0,LEADER,1,0,0,69,0,0,0,0,0,0,0,0,0,0,0
191395,10,bully,1807,1,0,0,69,0,966,0,1,10,189588,1807,0,70,0,0,0,LEADER,1,0,0,69,0,0,0,0,0,0,0,0,0,0,0
191328,22,bully,1740,1,0,0,69,0,966,0,1,22,189588,1740,0,70,0,0,0,LEADER,1,0,0,69,0,0,0,0,0,0,0,0,0,0,0
191474,21,bully,1889,1,0,0,69,0,966,0,1,21,189585,1889,0,70,0,0,0,LEADER,1,0,0,69,0,0,0,0,0,0,0,0,0,0,0
191734,56,bully,2146,1,0,0,69,0,966,0,1,56,189588,2146,0,70,0,0,0,LEADER,1,0,0,69,0,0,0,0,0,0,0,0,0,0,0
191259,60,bully,1671,1,0,0,69,0,966,0,1,60,189588,1671,0,70,0,0,0,LEADER,1,0,0,69,0,0,0,0,0,0,0,0,0,0,0
192113,25,bully,1604,1,0,0,70,0,980,0,1,25,190509,1604,0,71,0,0,0,LEADER,1,0,0,70,0,0,0,0,0,0,0,0,0,0,0
191325,65,bully,1737,1,0,0,69,0,966,0,1,65,189588,1737,0,70,0,0,0,LEADER,1,0,0,69,0,0,0,0,0,0,0,0,0,0,0
192001,19,bully,2413,1,0,0,69,0,966,0,1,19,189588,2413,0,70,0,0,0,LEADER,1,0,0,69,0,0,0,0,0,0,0,0,0,0,0
191631,69,bully,2043,1,0,0,69,0,966,0,1,69,189588,2043,0,70,0,0,0,LEADER,1,0,0,69,0,0,0,0,0,0,0,0,0,0,0
192234,54,bully,1725,1,0,0,70,0,980,0,1,54,190509,1725,0,71,0,0,0,LEADER,1,0,0,70,0,0,0,0,0,0,0,0,0,0,0
191580,17,bully,1992,1,0,0,69,0,966,0,1,17,189588,1992,0,70,0,0,0,LEADER,1,0,0,69,0,0,0,0,0,0,0,0,0,0,0
192095,100,bully,1586,1,0,0,70,0,980,0,1,100,190509,1586,0,71,0,0,0,LEADER,1,0,0,70,0,0,0,0,0,0,0,0,0,0,0
192058,16,bully,1549,1,0,0,70,0,980,0,1,16,190509,1549,0,71,0,0,0,LEADER,1,0,0,70,0,0,0,0,0,0,0,0,0,0,0
191646,37,bully,2058,1,0,0,69,0,966,0,1,37,189588,2058,0,70,0,0,0,LEADER,1,0,0,69,0,0,0,0,0,0,0,0,0,0,0
192283,13,bully,1774,1,0,0,70,0,980,0,1,13,190509,1774,0,71,0,0,0,LEADER,1,0,0,70,0,0,0,0,0,0,0,0,0,0,0
191682,7,bully,2253,1,0,0,19,32,266,448,6,4,189429,2253,0,8,0,0,0,NORMAL,0,0,0,19,0,0,0,32,0,0,0,0,0,0,0
191443,20,bully,1855,1,0,0,69,0,966,0,1,20,189588,1855,0,70,0,0,0,LEADER,1,0,0,69,0,0,0,0,0,0,0,0,0,0,0
192076,41,bully,1567,1,0,0,70,0,980,0,1,41,190509,1567,0,71,0,0,0,LEADER,1,0,0,70,0,0,0,0,0,0,0,0,0,0,0
192065,47,bully,1556,1,0,0,70,0,980,0,1,47,190509,1556,0,71,0,0,0,LEADER,1,0,0,70,0,0,0,0,0,0,0,0,0,0,0
191890,95,bully,2301,1,0,0,69,0,966,0,1,95,189589,2301,0,70,0,0,0,LEADER,1,0,0,69,0,0,0,0,0,0,0,0,0,0,0
191753,98,bully,2165,1,0,0,69,0,966,0,1,98,189588,2165,0,70,0,0,0,LEADER,1,0,0,69,0,0,0,0,0,0,0,0,0,0,0
191937,73,bully,2349,1,0,0,69,0,966,0,1,73,189588,2349,0,70,0,0,0,LEADER,1,0,0,69,0,0,0,0,0,0,0,0,0,0,0
191483,61,bully,1895,1,0,0,69,0,966,0,1,61,189588,1895,0,70,0,0,0,LEADER,1,0,0,69,0,0,0,0,0,0,0,0,0,0,0
192231,97,bully,1722,1,0,0,70,0,980,0,1,97,190509,1722,0,71,0,0,0,LEADER,1,0,0,70,0,0,0,0,0,0,0,0,0,0,0
192261,33,bully,1752,1,0,0,70,0,980,0,1,33,190509,1752,0,71,0,0,0,LEADER,1,0,0,70,0,0,0,0,0,0,0,0,0,0,0
191919,31,bully,2331,1,0,0,69,0,966,0,1,31,189588,2331,0,70,0,0,0,LEADER,1,0,0,69,0,0,0,0,0,0,0,0,0,0,0
192431,40,bully,1922,1,0,0,70,0,980,0,1,40,190509,1922,0,71,0,0,0,LEADER,1,0,0,70,0,0,0,0,0,0,0,0,0,0,0
192421,29,bully,1910,1,0,0,70,0,980,0,1,29,190511,1910,0,71,0,0,0,LEADER,1,0,0,70,0,0,0,0,0,0,0,0,0,0,0
192247,96,bully,1744,1,0,0,70,0,980,0,1,96,190503,1744,0,71,0,0,0,LEADER,1,0,0,70,0,0,0,0,0,0,0,0,0,0,0
192334,84,bully,1825,1,0,0,70,0,980,0,1,84,190509,1825,0,71,0,0,0,LEADER,1,0,0,70,0,0,0,0,0,0,0,0,0,0,0
192030,80,bully,1519,1,0,0,70,0,980,0,1,80,190511,1519,0,71,0,0,0,LEADER,1,0,0,70,0,0,0,0,0,0,0,0,0,0,0
191871,53,bully,2283,1,0,0,69,0,966,0,1,53,189588,2283,0,70,0,0,0,LEADER,1,0,0,69,0,0,0,0,0,0,0,0,0,0,0
191947,92,bully,1438,1,0,0,70,0,980,0,1,92,190509,1438,0,71,0,0,0,LEADER,1,0,0,70,0,0,0,0,0,0,0,0,0,0,0
192120,91,bully,1619,1,0,0,70,0,980,0,1,91,190501,1619,0,71,0,0,0,LEADER,1,0,0,70,0,0,0,0,0,0,0,0,0,0,0
192383,62,bully,1874,1,0,0,70,0,980,0,1,62,190509,1874,0,71,0,0,0,LEADER,1,0,0,70,0,0,0,0,0,0,0,0,0,0,0
192080,15,bully,1571,1,0,0,70,0,980,0,1,15,190509,1571,0,71,0,0,0,LEADER,1,0,0,70,0,0,0,0,0,0,0,0,0,0,0
191749,26,bully,2161,1,0,0,69,0,966,0,1,26,189588,2161,0,70,0,0,0,LEADER,1,0,0,69,0,0,0,0,0,0,0,0,0,0,0
192486,49,bully,1977,1,0,0,70,0,980,0,1,49,190509,1977,0,71,0,0,0,LEADER,1,0,0,70,0,0,0,0,0,0,0,0,0,0,0
192301,58,bully,1792,1,0,0,70,0,980,0,1,58,190509,1792,0,71,0,0,0,LEADER,1,0,0,70,0,0,0,0,0,0,0,0,0,0,0
191834,86,bully,2246,1,0,0,69,0,966,0,1,86,189588,2246,0,70,0,0,0,LEADER,1,0,0,69,0,0,0,0,0,0,0,0,0,0,0
192007,50,bully,2419,1,0,0,69,0,966,0,1,50,189588,2419,0,70,0,0,0,LEADER,1,0,0,69,0,0,0,0,0,0,0,0,0,0,0
191856,85,bully,2268,1,0,0,69,0,966,0,1,85,189588,2268,0,70,0,0,0,LEADER,1,0,0,69,0,0,0,0,0,0,0,0,0,0,0
191796,87,bully,2212,1,0,0,69,0,966,0,1,87,189584,2212,0,70,0,0,0,LEADER,1,0,0,69,0,0,0,0,0,0,0,0,0,0,0
192004,64,bully,2416,1,0,0,69,0,966,0,1,64,189588,2416,0,70,0,0,0,LEADER,1,0,0,69,0,0,0,0,0,0,0,0,0,0,0
191853,11,bully,2264,1,0,0,69,0,966,0,1,11,189589,2264,0,70,0,0,0,LEADER,1,0,0,69,0,0,0,0,0,0,0,0,0,0,0
191943,18,bully,1434,1,0,0,70,0,980,0,1,18,190509,1434,0,71,0,0,0,LEADER,1,0,0,70,0,0,0,0,0,0,0,0,0,0,0
192062,90,bully,1553,1,0,0,70,0,980,0,1,90,190509,1553,0,71,0,0,0,LEADER,1,0,0,70,0,0,0,0,0,0,0,0,0,0,0
191906,4,bully,2115,1,0,0,14,29,196,406,4,4,189791,2115,0,9,0,0,0,LEADER,1,0,0,14,0,0,0,29,0,0,0,0,0,0,0
191956,35,bully,1447,1,0,0,70,0,980,0,1,35,190509,1447,0,71,0,0,0,LEADER,1,0,0,70,0,0,0,0,0,0,0,0,0,0,0
191837,43,bully,2249,1,0,0,69,0,966,0,1,43,189588,2249,0,70,0,0,0,LEADER,1,0,0,69,0,0,0,0,0,0,0,0,0,0,0
191976,28,bully,1467,1,0,0,70,0,980,0,1,28,190509,1467,0,71,0,0,0,LEADER,1,0,0,70,0,0,0,0,0,0,0,0,0,0,0
191814,44,bully,2228,1,0,0,69,0,966,0,1,44,189586,2228,0,70,0,0,0,LEADER,1,0,0,69,0,0,0,0,0,0,0,0,0,0,0
192650,23,bully,2141,1,0,0,70,0,980,0,1,23,190509,2141,0,71,0,0,0,LEADER,1,0,0,70,0,0,0,0,0,0,0,0,0,0,0
191970,30,bully,1461,1,0,0,70,0,980,0,1,30,190509,1461,0,71,0,0,0,LEADER,1,0,0,70,0,0,0,0,0,0,0,0,0,0,0
192368,94,bully,1859,1,0,0,70,0,980,0,1,94,190509,1859,0,71,0,0,0,LEADER,1,0,0,70,0,0,0,0,0,0,0,0,0,0,0
192010,38,bully,1501,1,0,0,70,0,980,0,1,38,190509,1501,0,71,0,0,0,LEADER,1,0,0,70,0,0,0,0,0,0,0,0,0,0,0
192689,66,bully,2180,1,0,0,70,0,980,0,1,66,190509,2180,0,71,0,0,0,LEADER,1,0,0,70,0,0,0,0,0,0,0,0,0,0,0
191995,70,bully,1486,1,0,0,70,0,980,0,1,70,190509,1486,0,71,0,0,0,LEADER,1,0,0,70,0,0,0,0,0,0,0,0,0,0,0
192640,88,bully,2131,1,0,0,70,0,980,0,1,88,190509,2131,0,71,0,0,0,LEADER,1,0,0,70,0,0,0,0,0,0,0,0,0,0,0
191823,75,bully,2235,1,0,0,69,0,966,0,1,75,189588,2235,0,70,0,0,0,LEADER,1,0,0,69,0,0,0,0,0,0,0,0,0,0,0
191833,12,bully,2243,1,0,0,69,0,966,0,1,12,189590,2243,0,70,0,0,0,LEADER,1,0,0,69,0,0,0,0,0,0,0,0,0,0,0
192534,27,bully,2025,1,0,0,70,0,980,0,1,27,190509,2025,0,71,0,0,0,LEADER,1,0,0,70,0,0,0,0,0,0,0,0,0,0,0
192023,42,bully,1514,1,0,0,70,0,980,0,1,42,190509,1514,0,71,0,0,0,LEADER,1,0,0,70,0,0,0,0,0,0,0,0,0,0,0
192670,24,bully,2161,1,0,0,70,0,980,0,1,24,190509,2161,0,71,0,0,0,LEADER,1,0,0,70,0,0,0,0,0,0,0,0,0,0,0
192622,46,bully,2113,1,0,0,70,0,980,0,1,46,190509,2113,0,71,0,0,0,LEADER,1,0,0,70,0,0,0,0,0,0,0,0,0,0,0
192519,59,bully,2010,1,0,0,70,0,980,0,1,59,190509,2010,0,71,0,0,0,LEADER,1,0,0,70,0,0,0,0,0,0,0,0,0,0,0
192147,34,bully,1637,1,0,0,70,0,980,0,1,34,190510,1637,0,71,0,0,0,LEADER,1,0,0,70,0,0,0,0,0,0,0,0,0,0,0
192801,32,bully,2292,1,0,0,70,0,980,0,1,32,190509,2292,0,71,0,0,0,LEADER,1,0,0,70,0,0,0,0,0,0,0,0,0,0,0
192416,72,bully,1907,1,0,0,70,0,980,0,1,72,190509,1907,0,71,0,0,0,LEADER,1,0,0,70,0,0,0,0,0,0,0,0,0,0,0
192828,63,bully,2316,1,0,0,70,0,980,0,1,63,190512,2316,0,71,0,0,0,LEADER,1,0,0,70,0,0,0,0,0,0,0,0,0,0,0
192301,74,bully,1792,1,0,0,70,0,980,0,1,74,190509,1792,0,71,0,0,0,LEADER,1,0,0,70,0,0,0,0,0,0,0,0,0,0,0
192043,48,bully,1534,1,0,0,70,0,980,0,1,48,190509,1534,0,71,0,0,0,LEADER,1,0,0,70,0,0,0,0,0,0,0,0,0,0,0
192506,57,bully,1995,1,0,0,70,0,980,0,1,57,190511,1995,0,71,0,0,0,LEADER,1,0,0,70,0,0,0,0,0,0,0,0,0,0,0
192574,68,bully,2065,1,0,0,70,0,980,0,1,68,190509,2065,0,71,0,0,0,LEADER,1,0,0,70,0,0,0,0,0,0,0,0,0,0,0
191975,45,bully,1466,1,0,0,70,0,980,0,1,45,190509,1466,0,71,0,0,0,LEADER,1,0,0,70,0,0,0,0,0,0,0,0,0,0,0
192332,93,bully,1823,1,0,0,70,0,980,0,1,93,190509,1823,0,71,0,0,0,LEADER,1,0,0,70,0,0,0,0,0,0,0,0,0,0,0
192913,82,bully,2404,1,0,0,70,0,980,0,1,82,190509,2404,0,71,0,0,0,LEADER,1,0,0,70,0,0,0,0,0,0,0,0,0,0,0
192907,51,bully,2398,1,0,0,70,0,980,0,1,51,190509,2398,0,71,0,0,0,LEADER,1,0,0,70,0,0,0,0,0,0,0,0,0,0,0
192452,39,bully,1943,1,0,0,70,0,980,0,1,39,190509,1943,0,71,0,0,0,LEADER,1,0,0,70,0,0,0,0,0,0,0,0,0,0,0
192198,78,bully,1689,1,0,0,70,0,980,0,1,78,190509,1689,0,71,0,0,0,LEADER,1,0,0,70,0,0,0,0,0,0,0,0,0,0,0
192586,79,bully,2077,1,0,0,70,0,980,0,1,79,190509,2077,0,71,0,0,0,LEADER,1,0,0,70,0,0,0,0,0,0,0,0,0,0,0
192161,14,bully,1652,1,0,0,70,0,980,0,1,14,190509,1652,0,71,0,0,0,LEADER,1,0,0,70,0,0,0,0,0,0,0,0,0,0,0
192588,36,bully,2080,1,0,0,70,0,980,0,1,36,190508,2080,0,71,0,0,0,LEADER,1,0,0,70,0,0,0,0,0,0,0,0,0,0,0
192471,81,bully,1962,1,0,0,70,0,980,0,1,81,190509,1962,0,71,0,0,0,LEADER,1,0,0,70,0,0,0,0,0,0,0,0,0,0,0
192131,67,bully,1622,1,0,0,70,0,980,0,1,67,190509,1622,0,71,0,0,0,LEADER,1,0,0,70,0,0,0,0,0,0,0,0,0,0,0
192892,83,bully,2383,1,0,0,70,0,980,0,1,83,190509,2383,0,71,0,0,0,LEADER,1,0,0,70,0,0,0,0,0,0,0,0,0,0,0
193036,99,bully,1607,1,0,0,70,0,980,0,1,99,191429,1607,0,71,0,0,0,LEADER,1,0,0,70,0,0,0,0,0,0,0,0,0,0,0
192213,55,bully,1704,1,0,0,70,0,980,0,1,55,190509,1704,0,71,0,0,0,LEADER,1,0,0,70,0,0,0,0,0,0,0,0,0,0,0
193003,89,bully,1574,1,0,0,70,0,980,0,1,89,191429,1574,0,71,0,0,0,LEADER,1,0,0,70,0,0,0,0,0,0,0,0,0,0,0
192165,77,bully,1656,1,0,0,70,0,980,0,1,77,190509,1656,0,71,0,0,0,LEADER,1,0,0,70,0,0,0,0,0,0,0,0,0,0,0
192437,71,bully,1928,1,0,0,70,0,980,0,1,71,190509,1928,0,71,0,0,0,LEADER,1,0,0,70,0,0,0,0,0,0,0,0,0,0,0
192715,76,bully,2213,1,0,0,70,0,980,0,1,76,190502,2213,0,71,0,0,0,LEADER,1,0,0,70,0,0,0,0,0,0,0,0,0,0,0
192349,52,bully,1840,1,0,0,70,0,980,0,1,52,190509,1840,0,71,0,0,0,LEADER,1,0,0,70,0,0,0,0,0,0,0,0,0,0,0
192316,10,bully,1807,1,0,0,70,0,980,0,1,10,190509,1807,0,71,0,0,0,LEADER,1,0,0,70,0,0,0,0,0,0,0,0,0,0,0
192249,22,bully,1740,1,0,0,70,0,980,0,1,22,190509,1740,0,71,0,0,0,LEADER,1,0,0,70,0,0,0,0,0,0,0,0,0,0,0
192395,21,bully,1889,1,0,0,70,0,980,0,1,21,190506,1889,0,71,0,0,0,LEADER,1,0,0,70,0,0,0,0,0,0,0,0,0,0,0
192655,56,bully,2146,1,0,0,70,0,980,0,1,56,190509,2146,0,71,0,0,0,LEADER,1,0,0,70,0,0,0,0,0,0,0,0,0,0,0
192180,60,bully,1671,1,0,0,70,0,980,0,1,60,190509,1671,0,71,0,0,0,LEADER,1,0,0,70,0,0,0,0,0,0,0,0,0,0,0
193033,25,bully,1604,1,0,0,70,0,980,0,1,25,191429,1604,0,71,0,0,0,LEADER,1,0,0,70,0,0,0,0,0,0,0,0,0,0,0
192246,65,bully,1737,1,0,0,70,0,980,0,1,65,190509,1737,0,71,0,0,0,LEADER,1,0,0,70,0,0,0,0,0,0,0,0,0,0,0
192922,19,bully,2413,1,0,0,70,0,980,0,1,19,190509,2413,0,71,0,0,0,LEADER,1,0,0,70,0,0,0,0,0,0,0,0,0,0,0
192552,69,bully,2043,1,0,0,70,0,980,0,1,69,190509,2043,0,71,0,0,0,LEADER,1,0,0,70,0,0,0,0,0,0,0,0,0,0,0
193154,54,bully,1725,1,0,0,70,0,980,0,1,54,191429,1725,0,71,0,0,0,LEADER,1,0,0,70,0,0,0,0,0,0,0,0,0,0,0
192501,17,bully,1992,1,0,0,70,0,980,0,1,17,190509,1992,0,71,0,0,0,LEADER,1,0,0,70,0,0,0,0,0,0,0,0,0,0,0
193015,100,bully,1586,1,0,0,70,0,980,0,1,100,191429,1586,0,71,0,0,0,LEADER,1,0,0,70,0,0,0,0,0,0,0,0,0,0,0
192978,16,bully,1549,1,0,0,70,0,980,0,1,16,191429,1549,0,71,0,0,0,LEADER,1,0,0,70,0,0,0,0,0,0,0,0,0,0,0
192567,37,bully,2058,1,0,0,70,0,980,0,1,37,190509,2058,0,71,0,0,0,LEADER,1,0,0,70,0,0,0,0,0,0,0,0,0,0,0
193203,13,bully,1774,1,0,0,70,0,980,0,1,13,191429,1774,0,71,0,0,0,LEADER,1,0,0,70,0,0,0,0,0,0,0,0,0,0,0
192364,20,bully,1855,1,0,0,70,0,980,0,1,20,190509,1855,0,71,0,0,0,LEADER,1,0,0,70,0,0,0,0,0,0,0,0,0,0,0
192996,41,bully,1567,1,0,0,70,0,980,0,1,41,191429,1567,0,71,0,0,0,LEADER,1,0,0,70,0,0,0,0,0,0,0,0,0,0,0
192985,47,bully,1556,1,0,0,70,0,980,0,1,47,191429,1556,0,71,0,0,0,LEADER,1,0,0,70,0,0,0,0,0,0,0,0,0,0,0
192811,95,bully,2301,1,0,0,70,0,980,0,1,95,190510,2301,0,71,0,0,0,LEADER,1,0,0,70,0,0,0,0,0,0,0,0,0,0,0
192740,9,bully,2514,1,0,0,12,18,168,252,5,4,190226,2514,0,6,0,0,0,NORMAL,0,0,0,12,0,0,0,18,0,0,0,0,0,0,0
192674,98,bully,2165,1,0,0,70,0,980,0,1,98,190509,2165,0,71,0,0,0,LEADER,1,0,0,70,0,0,0,0,0,0,0,0,0,0,0
192858,73,bully,2349,1,0,0,70,0,980,0,1,73,190509,2349,0,71,0,0,0,LEADER,1,0,0,70,0,0,0,0,0,0,0,0,0,0,0
193181,33,bully,1752,1,0,0,70,0,980,0,1,33,191429,1752,0,71,0,0,0,LEADER,1,0,0,70,0,0,0,0,0,0,0,0,0,0,0
193151,97,bully,1722,1,0,0,70,0,980,0,1,97,191429,1722,0,71,0,0,0,LEADER,1,0,0,70,0,0,0,0,0,0,0,0,0,0,0
192404,61,bully,1895,1,0,0,70,0,980,0,1,61,190509,1895,0,71,0,0,0,LEADER,1,0,0,70,0,0,0,0,0,0,0,0,0,0,0
193351,40,bully,1922,1,0,0,70,0,980,0,1,40,191429,1922,0,71,0,0,0,LEADER,1,0,0,70,0,0,0,0,0,0,0,0,0,0,0
192840,31,bully,2331,1,0,0,70,0,980,0,1,31,190509,2331,0,71,0,0,0,LEADER,1,0,0,70,0,0,0,0,0,0,0,0,0,0,0
193341,29,bully,1910,1,0,0,70,0,980,0,1,29,191431,1910,0,71,0,0,0,LEADER,1,0,0,70,0,0,0,0,0,0,0,0,0,0,0
193167,96,bully,1744,1,0,0,70,0,980,0,1,96,191423,1744,0,71,0,0,0,LEADER,1,0,0,70,0,0,0,0,0,0,0,0,0,0,0
193254,84,bully,1825,1,0,0,70,0,980,0,1,84,191429,1825,0,71,0,0,0,LEADER,1,0,0,70,0,0,0,0,0,0,0,0,0,0,0
192950,80,bully,1519,1,0,0,70,0,980,0,1,80,191431,1519,0,71,0,0,0,LEADER,1,0,0,70,0,0,0,0,0,0,0,0,0,0,0
192792,53,bully,2283,1,0,0,70,0,980,0,1,53,190509,2283,0,71,0,0,0,LEADER,1,0,0,70,0,0,0,0,0,0,0,0,0,0,0
192867,92,bully,1438,1,0,0,70,0,980,0,1,92,191429,1438,0,71,0,0,0,LEADER,1,0,0,70,0,0,0,0,0,0,0,0,0,0,0
193040,91,bully,1619,1,0,0,70,0,980,0,1,91,191421,1619,0,71,0,0,0,LEADER,1,0,0,70,0,0,0,0,0,0,0,0,0,0,0
193303,62,bully,1874,1,0,0,70,0,980,0,1,62,191429,1874,0,71,0,0,0,LEADER,1,0,0,70,0,0,0,0,0,0,0,0,0,0,0
193000,15,bully,1571,1,0,0,70,0,980,0,1,15,191429,1571,0,71,0,0,0,LEADER,1,0,0,70,0,0,0,0,0,0,0,0,0,0,0
192670,26,bully,2161,1,0,0,70,0,980,0,1,26,190509,2161,0,71,0,0,0,LEADER,1,0,0,70,0,0,0,0,0,0,0,0,0,0,0
193406,49,bully,1977,1,0,0,70,0,980,0,1,49,191429,1977,0,71,0,0,0,LEADER,1,0,0,70,0,0,0,0,0,0,0,0,0,0,0
193221,58,bully,1792,1,0,0,70,0,980,0,1,58,191429,1792,0,71,0,0,0,LEADER,1,0,0,70,0,0,0,0,0,0,0,0,0,0,0
192755,86,bully,2246,1,0,0,70,0,980,0,1,86,190509,2246,0,71,0,0,0,LEADER,1,0,0,70,0,0,0,0,0,0,0,0,0,0,0
192928,50,bully,2419,1,0,0,70,0,980,0,1,50,190509,2419,0,71,0,0,0,LEADER,1,0,0,70,0,0,0,0,0,0,0,0,0,0,0
192777,85,bully,2268,1,0,0,70,0,980,0,1,85,190509,2268,0,71,0,0,0,LEADER,1,0,0,70,0,0,0,0,0,0,0,0,0,0,0
192717,87,bully,2212,1,0,0,70,0,980,0,1,87,190505,2212,0,71,0,0,0,LEADER,1,0,0,70,0,0,0,0,0,0,0,0,0,0,0
192925,64,bully,2416,1,0,0,70,0,980,0,1,64,190509,2416,0,71,0,0,0,LEADER,1,0,0,70,0,0,0,0,0,0,0,0,0,0,0
192863,18,bully,1434,1,0,0,70,0,980,0,1,18,191429,1434,0,71,0,0,0,LEADER,1,0,0,70,0,0,0,0,0,0,0,0,0,0,0
192774,11,bully,2264,1,0,0,70,0,980,0,1,11,190510,2264,0,71,0,0,0,LEADER,1,0,0,70,0,0,0,0,0,0,0,0,0,0,0
192982,90,bully,1553,1,0,0,70,0,980,0,1,90,191429,1553,0,71,0,0,0,LEADER,1,0,0,70,0,0,0,0,0,0,0,0,0,0,0
192876,35,bully,1447,1,0,0,70,0,980,0,1,35,191429,1447,0,71,0,0,0,LEADER,1,0,0,70,0,0,0,0,0,0,0,0,0,0,0
192758,43,bully,2249,1,0,0,70,0,980,0,1,43,190509,2249,0,71,0,0,0,LEADER,1,0,0,70,0,0,0,0,0,0,0,0,0,0,0
192896,28,bully,1467,1,0,0,70,0,980,0,1,28,191429,1467,0,71,0,0,0,LEADER,1,0,0,70,0,0,0,0,0,0,0,0,0,0,0
192735,44,bully,2228,1,0,0,70,0,980,0,1,44,190507,2228,0,71,0,0,0,LEADER,1,0,0,70,0,0,0,0,0,0,0,0,0,0,0
193570,23,bully,2141,1,0,0,70,0,980,0,1,23,191429,2141,0,71,0,0,0,LEADER,1,0,0,70,0,0,0,0,0,0,0,0,0,0,0
192890,30,bully,1461,1,0,0,70,0,980,0,1,30,191429,1461,0,71,0,0,0,LEADER,1,0,0,70,0,0,0,0,0,0,0,0,0,0,0
193288,94,bully,1859,1,0,0,70,0,980,0,1,94,191429,1859,0,71,0,0,0,LEADER,1,0,0,70,0,0,0,0,0,0,0,0,0,0,0
192930,38,bully,1501,1,0,0,70,0,980,0,1,38,191429,1501,0,71,0,0,0,LEADER,1,0,0,70,0,0,0,0,0,0,0,0,0,0,0
193609,66,bully,2180,1,0,0,70,0,980,0,1,66,191429,2180,0,71,0,0,0,LEADER,1,0,0,70,0,0,0,0,0,0,0,0,0,0,0
192915,70,bully,1486,1,0,0,70,0,980,0,1,70,191429,1486,0,71,0,0,0,LEADER,1,0,0,70,0,0,0,0,0,0,0,0,0,0,0
193560,88,bully,2131,1,0,0,70,0,980,0,1,88,191429,2131,0,71,0,0,0,LEADER,1,0,0,70,0,0,0,0,0,0,0,0,0,0,0
192744,75,bully,2235,1,0,0,70,0,980,0,1,75,190509,2235,0,71,0,0,0,LEADER,1,0,0,70,0,0,0,0,0,0,0,0,0,0,0
192754,12,bully,2243,1,0,0,70,0,980,0,1,12,190511,2243,0,71,0,0,0,LEADER,1,0,0,70,0,0,0,0,0,0,0,0,0,0,0
193454,27,bully,2025,1,0,0,70,0,980,0,1,27,191429,2025,0,71,0,0,0,LEADER,1,0,0,70,0,0,0,0,0,0,0,0,0,0,0
192943,42,bully,1514,1,0,0,70,0,980,0,1,42,191429,1514,0,71,0,0,0,LEADER,1,0,0,70,0,0,0,0,0,0,0,0,0,0,0
193590,24,bully,2161,1,0,0,70,0,980,0,1,24,191429,2161,0,71,0,0,0,LEADER,1,0,0,70,0,0,0,0,0,0,0,0,0,0,0
193542,46,bully,2113,1,0,0,70,0,980,0,1,46,191429,2113,0,71,0,0,0,LEADER,1,0,0,70,0,0,0,0,0,0,0,0,0,0,0
193439,59,bully,2010,1,0,0,70,0,980,0,1,59,191429,2010,0,71,0,0,0,LEADER,1,0,0,70,0,0,0,0,0,0,0,0,0,0,0
193067,34,bully,1637,1,0,0,70,0,980,0,1,34,191430,1637,0,71,0,0,0,LEADER,1,0,0,70,0,0,0,0,0,0,0,0,0,0,0
193721,32,bully,2292,1,0,0,70,0,980,0,1,32,191429,2292,0,71,0,0,0,LEADER,1,0,0,70,0,0,0,0,0,0,0,0,0,0,0
193336,72,bully,1907,1,0,0,70,0,980,0,1,72,191429,1907,0,71,0,0,0,LEADER,1,0,0,70,0,0,0,0,0,0,0,0,0,0,0
193748,63,bully,2316,1,0,0,70,0,980,0,1,63,191432,2316,0,71,0,0,0,LEADER,1,0,0,70,0,0,0,0,0,0,0,0,0,0,0
193221,74,bully,1792,1,0,0,70,0,980,0,1,74,191429,1792,0,71,0,0,0,LEADER,1,0,0,70,0,0,0,0,0,0,0,0,0,0,0
192963,48,bully,1534,1,0,0,70,0,980,0,1,48,191429,1534,0,71,0,0,0,LEADER,1,0,0,70,0,0,0,0,0,0,0,0,0,0,0
193426,57,bully,1995,1,0,0,70,0,980,0,1,57,191431,1995,0,71,0,0,0,LEADER,1,0,0,70,0,0,0,0,0,0,0,0,0,0,0
193494,68,bully,2065,1,0,0,70,0,980,0,1,68,191429,2065,0,71,0,0,0,LEADER,1,0,0,70,0,0,0,0,0,0,0,0,0,0,0
192895,45,bully,1466,1,0,0,70,0,980,0,1,45,191429,1466,0,71,0,0,0,LEADER,1,0,0,70,0,0,0,0,0,0,0,0,0,0,0
193252,93,bully,1823,1,0,0,70,0,980,0,1,93,191429,1823,0,71,0,0,0,LEADER,1,0,0,70,0,0,0,0,0,0,0,0,0,0,0
193833,82,bully,2404,1,0,0,70,0,980,0,1,82,191429,2404,0,71,0,0,0,LEADER,1,0,0,70,0,0,0,0,0,0,0,0,0,0,0
193827,51,bully,2398,1,0,0,70,0,980,0,1,51,191429,2398,0,71,0,0,0,LEADER,1,0,0,70,0,0,0,0,0,0,0,0,0,0,0
193372,39,bully,1943,1,0,0,70,0,980,0,1,39,191429,1943,0,71,0,0,0,LEADER,1,0,0,70,0,0,0,0,0,0,0,0,0,0,0
193118,78,bully,1689,1,0,0,70,0,980,0,1,78,191429,1689,0,71,0,0,0,LEADER,1,0,0,70,0,0,0,0,0,0,0,0,0,0,0
193506,79,bully,2077,1,0,0,70,0,980,0,1,79,191429,2077,0,71,0,0,0,LEADER,1,0,0,70,0,0,0,0,0,0,0,0,0,0,0
193081,14,bully,1652,1,0,0,70,0,980,0,1,14,191429,1652,0,71,0,0,0,LEADER,1,0,0,70,0,0,0,0,0,0,0,0,0,0,0
193508,36,bully,2080,1,0,0,70,0,980,0,1,36,191428,2080,0,71,0,0,0,LEADER,1,0,0,70,0,0,0,0,0,0,0,0,0,0,0
193391,81,bully,1962,1,0,0,70,0,980,0,1,81,191429,1962,0,71,0,0,0,LEADER,1,0,0,70,0,0,0,0,0,0,0,0,0,0,0
193051,67,bully,1622,1,0,0,70,0,980,0,1,67,191429,1622,0,71,0,0,0,LEADER,1,0,0,70,0,0,0,0,0,0,0,0,0,0,0
193812,83,bully,2383,1,0,0,70,0,980,0,1,83,191429,2383,0,71,0,0,0,LEADER,1,0,0,70,0,0,0,0,0,0,0,0,0,0,0
193956,99,bully,1607,1,0,0,70,0,980,0,1,99,192349,1607,0,71,0,0,0,LEADER,1,0,0,70,0,0,0,0,0,0,0,0,0,0,0
193133,55,bully,1704,1,0,0,70,0,980,0,1,55,191429,1704,0,71,0,0,0,LEADER,1,0,0,70,0,0,0,0,0,0,0,0,0,0,0
193923,89,bully,1574,1,0,0,70,0,980,0,1,89,192349,1574,0,71,0,0,0,LEADER,1,0,0,70,0,0,0,0,0,0,0,0,0,0,0
193085,77,bully,1656,1,0,0,70,0,980,0,1,77,191429,1656,0,71,0,0,0,LEADER,1,0,0,70,0,0,0,0,0,0,0,0,0,0,0
193357,71,bully,1928,1,0,0,70,0,980,0,1,71,191429,1928,0,71,0,0,0,LEADER,1,0,0,70,0,0,0,0,0,0,0,0,0,0,0
193635,76,bully,2213,1,0,0,70,0,980,0,1,76,191422,2213,0,71,0,0,0,LEADER,1,0,0,70,0,0,0,0,0,0,0,0,0,0,0
193269,52,bully,1840,1,0,0,70,0,980,0,1,52,191429,1840,0,71,0,0,0,LEADER,1,0,0,70,0,0,0,0,0,0,0,0,0,0,0
193236,10,bully,1807,1,0,0,70,0,980,0,1,10,191429,1807,0,71,0,0,0,LEADER,1,0,0,70,0,0,0,0,0,0,0,0,0,0,0
193169,22,bully,1740,1,0,0,70,0,980,0,1,22,191429,1740,0,71,0,0,0,LEADER,1,0,0,70,0,0,0,0,0,0,0,0,0,0,0
193315,21,bully,1889,1,0,0,70,0,980,0,1,21,191426,1889,0,71,0,0,0,LEADER,1,0,0,70,0,0,0,0,0,0,0,0,0,0,0
193575,56,bully,2146,1,0,0,70,0,980,0,1,56,191429,2146,0,71,0,0,0,LEADER,1,0,0,70,0,0,0,0,0,0,0,0,0,0,0
193100,60,bully,1671,1,0,0,70,0,980,0,1,60,191429,1671,0,71,0,0,0,LEADER,1,0,0,70,0,0,0,0,0,0,0,0,0,0,0
193953,25,bully,1604,1,0,0,70,0,980,0,1,25,192349,1604,0,71,0,0,0,LEADER,1,0,0,70,0,0,0,0,0,0,0,0,0,0,0
193166,65,bully,1737,1,0,0,70,0,980,0,1,65,191429,1737,0,71,0,0,0,LEADER,1,0,0,70,0,0,0,0,0,0,0,0,0,0,0
193842,19,bully,2413,1,0,0,70,0,980,0,1,19,191429,2413,0,71,0,0,0,LEADER,1,0,0,70,0,0,0,0,0,0,0,0,0,0,0
193472,69,bully,2043,1,0,0,70,0,980,0,1,69,191429,2043,0,71,0,0,0,LEADER,1,0,0,70,0,0,0,0,0,0,0,0,0,0,0
194074,54,bully,1725,1,0,0,70,0,980,0,1,54,192349,1725,0,71,0,0,0,LEADER,1,0,0,70,0,0,0,0,0,0,0,0,0,0,0
193421,17,bully,1992,1,0,0,70,0,980,0,1,17,191429,1992,0,71,0,0,0,LEADER,1,0,0,70,0,0,0,0,0,0,0,0,0,0,0
193935,100,bully,1586,1,0,0,70,0,980,0,1,100,192349,1586,0,71,0,0,0,LEADER,1,0,0,70,0,0,0,0,0,0,0,0,0,0,0
193898,16,bully,1549,1,0,0,70,0,980,0,1,16,192349,1549,0,71,0,0,0,LEADER,1,0,0,70,0,0,0,0,0,0,0,0,0,0,0
193487,37,bully,2058,1,0,0,70,0,980,0,1,37,191429,2058,0,71,0,0,0,LEADER,1,0,0,70,0,0,0,0,0,0,0,0,0,0,0
194123,13,bully,1774,1,0,0,70,0,980,0,1,13,192349,1774,0,71,0,0,0,LEADER,1,0,0,70,0,0,0,0,0,0,0,0,0,0,0
193284,20,bully,1855,1,0,0,70,0,980,0,1,20,191429,1855,0,71,0,0,0,LEADER,1,0,0,70,0,0,0,0,0,0,0,0,0,0,0
193916,41,bully,1567,1,0,0,70,0,980,0,1,41,192349,1567,0,71,0,0,0,LEADER,1,0,0,70,0,0,0,0,0,0,0,0,0,0,0
193905,47,bully,1556,1,0,0,70,0,980,0,1,47,192349,1556,0,71,0,0,0,LEADER,1,0,0,70,0,0,0,0,0,0,0,0,0,0,0
193731,95,bully,2301,1,0,0,70,0,980,0,1,95,191430,2301,0,71,0,0,0,LEADER,1,0,0,70,0,0,0,0,0,0,0,0,0,0,0
193747,6,bully,1516,1,0,0,14,38,196,532,4,4,192231,1516,0,7,0,0,0,NORMAL,0,0,0,14,0,0,0,38,0,0,0,0,0,0,0
193693,8,bully,2467,1,0,0,19,31,266,434,5,4,191226,2467,0,8,0,0,0,NORMAL,0,0,0,19,0,0,0,31,0,0,0,0,0,0,0
193594,98,bully,2165,1,0,0,70,0,980,0,1,98,191429,2165,0,71,0,0,0,LEADER,1,0,0,70,0,0,0,0,0,0,0,0,0,0,0
193778,73,bully,2349,1,0,0,70,0,980,0,1,73,191429,2349,0,71,0,0,0,LEADER,1,0,0,70,0,0,0,0,0,0,0,0,0,0,0
194101,33,bully,1752,1,0,0,70,0,980,0,1,33,192349,1752,0,71,0,0,0,LEADER,1,0,0,70,0,0,0,0,0,0,0,0,0,0,0
194071,97,bully,1722,1,0,0,70,0,980,0,1,97,192349,1722,0,71,0,0,0,LEADER,1,0,0,70,0,0,0,0,0,0,0,0,0,0,0
193324,61,bully,1895,1,0,0,70,0,980,0,1,61,191429,1895,0,71,0,0,0,LEADER,1,0,0,70,0,0,0,0,0,0,0,0,0,0,0
193760,31,bully,2331,1,0,0,70,0,980,0,1,31,191429,2331,0,71,0,0,0,LEADER,1,0,0,70,0,0,0,0,0,0,0,0,0,0,0
194271,40,bully,1922,1,0,0,70,0,980,0,1,40,192349,1922,0,71,0,0,0,LEADER,1,0,0,70,0,0,0,0,0,0,0,0,0,0,0
194261,29,bully,1910,1,0,0,70,0,980,0,1,29,192351,1910,0,71,0,0,0,LEADER,1,0,0,70,0,0,0,0,0,0,0,0,0,0,0
194087,96,bully,1744,1,0,0,70,0,980,0,1,96,192343,1744,0,71,0,0,0,LEADER,1,0,0,70,0,0,0,0,0,0,0,0,0,0,0
194174,84,bully,1825,1,0,0,70,0,980,0,1,84,192349,1825,0,71,0,0,0,LEADER,1,0,0,70,0,0,0,0,0,0,0,0,0,0,0
193870,80,bully,1519,1,0,0,70,0,980,0,1,80,192351,1519,0,71,0,0,0,LEADER,1,0,0,70,0,0,0,0,0,0,0,0,0,0,0
193712,53,bully,2283,1,0,0,70,0,980,0,1,53,191429,2283,0,71,0,0,0,LEADER,1,0,0,70,0,0,0,0,0,0,0,0,0,0,0
193787,92,bully,1438,1,0,0,70,0,980,0,1,92,192349,1438,0,71,0,0,0,LEADER,1,0,0,70,0,0,0,0,0,0,0,0,0,0,0
193960,91,bully,1619,1,0,0,70,0,980,0,1,91,192341,1619,0,71,0,0,0,LEADER,1,0,0,70,0,0,0,0,0,0,0,0,0,0,0
194223,62,bully,1874,1,0,0,70,0,980,0,1,62,192349,1874,0,71,0,0,0,LEADER,1,0,0,70,0,0,0,0,0,0,0,0,0,0,0
193920,15,bully,1571,1,0,0,70,0,980,0,1,15,192349,1571,0,71,0,0,0,LEADER,1,0,0,70,0,0,0,0,0,0,0,0,0,0,0
193590,26,bully,2161,1,0,0,70,0,980,0,1,26,191429,2161,0,71,0,0,0,LEADER,1,0,0,70,0,0,0,0,0,0,0,0,0,0,0
194326,49,bully,1977,1,0,0,70,0,980,0,1,49,192349,1977,0,71,0,0,0,LEADER,1,0,0,70,0,0,0,0,0,0,0,0,0,0,0
194141,58,bully,1792,1,0,0,70,0,980,0,1,58,192349,1792,0,71,0,0,0,LEADER,1,0,0,70,0,0,0,0,0,0,0,0,0,0,0
193675,86,bully,2246,1,0,0,70,0,980,0,1,86,191429,2246,0,71,0,0,0,LEADER,1,0,0,70,0,0,0,0,0,0,0,0,0,0,0
193848,50,bully,2419,1,0,0,70,0,980,0,1,50,191429,2419,0,71,0,0,0,LEADER,1,0,0,70,0,0,0,0,0,0,0,0,0,0,0
193697,85,bully,2268,1,0,0,70,0,980,0,1,85,191429,2268,0,71,0,0,0,LEADER,1,0,0,70,0,0,0,0,0,0,0,0,0,0,0
193637,87,bully,2212,1,0,0,70,0,980,0,1,87,191425,2212,0,71,0,0,0,LEADER,1,0,0,70,0,0,0,0,0,0,0,0,0,0,0
193845,64,bully,2416,1,0,0,70,0,980,0,1,64,191429,2416,0,71,0,0,0,LEADER,1,0,0,70,0,0,0,0,0,0,0,0,0,0,0
193783,18,bully,1434,1,0,0,70,0,980,0,1,18,192349,1434,0,71,0,0,0,LEADER,1,0,0,70,0,0,0,0,0,0,0,0,0,0,0
193694,11,bully,2264,1,0,0,70,0,980,0,1,11,191430,2264,0,71,0,0,0,LEADER,1,0,0,70,0,0,0,0,0,0,0,0,0,0,0
193902,90,bully,1553,1,0,0,70,0,980,0,1,90,192349,1553,0,71,0,0,0,LEADER,1,0,0,70,0,0,0,0,0,0,0,0,0,0,0
193796,35,bully,1447,1,0,0,70,0,980,0,1,35,192349,1447,0,71,0,0,0,LEADER,1,0,0,70,0,0,0,0,0,0,0,0,0,0,0
193678,43,bully,2249,1,0,0,70,0,980,0,1,43,191429,2249,0,71,0,0,0,LEADER,1,0,0,70,0,0,0,0,0,0,0,0,0,0,0
193816,28,bully,1467,1,0,0,70,0,980,0,1,28,192349,1467,0,71,0,0,0,LEADER,1,0,0,70,0,0,0,0,0,0,0,0,0,0,0
193655,44,bully,2228,1,0,0,70,0,980,0,1,44,191427,2228,0,71,0,0,0,LEADER,1,0,0,70,0,0,0,0,0,0,0,0,0,0,0
194490,23,bully,2141,1,0,0,70,0,980,0,1,23,192349,2141,0,71,0,0,0,LEADER,1,0,0,70,0,0,0,0,0,0,0,0,0,0,0
193810,30,bully,1461,1,0,0,70,0,980,0,1,30,192349,1461,0,71,0,0,0,LEADER,1,0,0,70,0,0,0,0,0,0,0,0,0,0,0
194208,94,bully,1859,1,0,0,70,0,980,0,1,94,192349,1859,0,71,0,0,0,LEADER,1,0,0,70,0,0,0,0,0,0,0,0,0,0,0
193850,38,bully,1501,1,0,0,70,0,980,0,1,38,192349,1501,0,71,0,0,0,LEADER,1,0,0,70,0,0,0,0,0,0,0,0,0,0,0
194529,66,bully,2180,1,0,0,70,0,980,0,1,66,192349,2180,0,71,0,0,0,LEADER,1,0,0,70,0,0,0,0,0,0,0,0,0,0,0
193835,70,bully,1486,1,0,0,70,0,980,0,1,70,192349,1486,0,71,0,0,0,LEADER,1,0,0,70,0,0,0,0,0,0,0,0,0,0,0
194480,88,bully,2131,1,0,0,70,0,980,0,1,88,192349,2131,0,71,0,0,0,LEADER,1,0,0,70,0,0,0,0,0,0,0,0,0,0,0
193664,75,bully,2235,1,0,0,70,0,980,0,1,75,191429,2235,0,71,0,0,0,LEADER,1,0,0,70,0,0,0,0,0,0,0,0,0,0,0
193674,12,bully,2243,1,0,0,70,0,980,0,1,12,191431,2243,0,71,0,0,0,LEADER,1,0,0,70,0,0,0,0,0,0,0,0,0,0,0
194374,27,bully,2025,1,0,0,70,0,980,0,1,27,192349,2025,0,71,0,0,0,LEADER,1,0,0,70,0,0,0,0,0,0,0,0,0,0,0
193863,42,bully,1514,1,0,0,70,0,980,0,1,42,192349,1514,0,71,0,0,0,LEADER,1,0,0,70,0,0,0,0,0,0,0,0,0,0,0
194510,24,bully,2161,1,0,0,70,0,980,0,1,24,192349,2161,0,71,0,0,0,LEADER,1,0,0,70,0,0,0,0,0,0,0,0,0,0,0
194462,46,bully,2113,1,0,0,70,0,980,0,1,46,192349,2113,0,71,0,0,0,LEADER,1,0,0,70,0,0,0,0,0,0,0,0,0,0,0
194359,59,bully,2010,1,0,0,70,0,980,0,1,59,192349,2010,0,71,0,0,0,LEADER,1,0,0,70,0,0,0,0,0,0,0,0,0,0,0
194641,32,bully,2292,1,0,0,70,0,980,0,1,32,192349,2292,0,71,0,0,0,LEADER,1,0,0,70,0,0,0,0,0,0,0,0,0,0,0
193987,34,bully,1637,1,0,0,70,0,980,0,1,34,192350,1637,0,71,0,0,0,LEADER,1,0,0,70,0,0,0,0,0,0,0,0,0,0,0
194256,72,bully,1907,1,0,0,70,0,980,0,1,72,192349,1907,0,71,0,0,0,LEADER,1,0,0,70,0,0,0,0,0,0,0,0,0,0,0
194668,63,bully,2316,1,0,0,70,0,980,0,1,63,192352,2316,0,71,0,0,0,LEADER,1,0,0,70,0,0,0,0,0,0,0,0,0,0,0
194141,74,bully,1792,1,0,0,70,0,980,0,1,74,192349,1792,0,71,0,0,0,LEADER,1,0,0,70,0,0,0,0,0,0,0,0,0,0,0
193883,48,bully,1534,1,0,0,70,0,980,0,1,48,192349,1534,0,71,0,0,0,LEADER,1,0,0,70,0,0,0,0,0,0,0,0,0,0,0
194346,57,bully,1995,1,0,0,70,0,980,0,1,57,192351,1995,0,71,0,0,0,LEADER,1,0,0,70,0,0,0,0,0,0,0,0,0,0,0
194414,68,bully,2065,1,0,0,70,0,980,0,1,68,192349,2065,0,71,0,0,0,LEADER,1,0,0,70,0,0,0,0,0,0,0,0,0,0,0
193815,45,bully,1466,1,0,0,70,0,980,0,1,45,192349,1466,0,71,0,0,0,LEADER,1,0,0,70,0,0,0,0,0,0,0,0,0,0,0
194172,93,bully,1823,1,0,0,70,0,980,0,1,93,192349,1823,0,71,0,0,0,LEADER,1,0,0,70,0,0,0,0,0,0,0,0,0,0,0
194753,82,bully,2404,1,0,0,70,0,980,0,1,82,192349,2404,0,71,0,0,0,LEADER,1,0,0,70,0,0,0,0,0,0,0,0,0,0,0
194747,51,bully,2398,1,0,0,70,0,980,0,1,51,192349,2398,0,71,0,0,0,LEADER,1,0,0,70,0,0,0,0,0,0,0,0,0,0,0
194292,39,bully,1943,1,0,0,70,0,980,0,1,39,192349,1943,0,71,0,0,0,LEADER,1,0,0,70,0,0,0,0,0,0,0,0,0,0,0
194038,78,bully,1689,1,0,0,70,0,980,0,1,78,192349,1689,0,71,0,0,0,LEADER,1,0,0,70,0,0,0,0,0,0,0,0,0,0,0
194426,79,bully,2077,1,0,0,70,0,980,0,1,79,192349,2077,0,71,0,0,0,LEADER,1,0,0,70,0,0,0,0,0,0,0,0,0,0,0
194001,14,bully,1652,1,0,0,70,0,980,0,1,14,192349,1652,0,71,0,0,0,LEADER,1,0,0,70,0,0,0,0,0,0,0,0,0,0,0
194428,36,bully,2080,1,0,0,70,0,980,0,1,36,192348,2080,0,71,0,0,0,LEADER,1,0,0,70,0,0,0,0,0,0,0,0,0,0,0
194311,81,bully,1962,1,0,0,70,0,980,0,1,81,192349,1962,0,71,0,0,0,LEADER,1,0,0,70,0,0,0,0,0,0,0,0,0,0,0
193971,67,bully,1622,1,0,0,70,0,980,0,1,67,192349,1622,0,71,0,0,0,LEADER,1,0,0,70,0,0,0,0,0,0,0,0,0,0,0
194732,83,bully,2383,1,0,0,70,0,980,0,1,83,192349,2383,0,71,0,0,0,LEADER,1,0,0,70,0,0,0,0,0,0,0,0,0,0,0
194877,99,bully,1607,1,0,0,71,0,994,0,1,99,193270,1607,0,72,0,0,0,LEADER,1,0,0,71,0,0,0,0,0,0,0,0,0,0,0
194053,55,bully,1704,1,0,0,70,0,980,0,1,55,192349,1704,0,71,0,0,0,LEADER,1,0,0,70,0,0,0,0,0,0,0,0,0,0,0
194844,89,bully,1574,1,0,0,71,0,994,0,1,89,193270,1574,0,72,0,0,0,LEADER,1,0,0,71,0,0,0,0,0,0,0,0,0,0,0
194005,77,bully,1656,1,0,0,70,0,980,0,1,77,192349,1656,0,71,0,0,0,LEADER,1,0,0,70,0,0,0,0,0,0,0,0,0,0,0
194277,71,bully,1928,1,0,0,70,0,980,0,1,71,192349,1928,0,71,0,0,0,LEADER,1,0,0,70,0,0,0,0,0,0,0,0,0,0,0
194555,76,bully,2213,1,0,0,70,0,980,0,1,76,192342,2213,0,71,0,0,0,LEADER,1,0,0,70,0,0,0,0,0,0,0,0,0,0,0
194189,52,bully,1840,1,0,0,70,0,980,0,1,52,192349,1840,0,71,0,0,0,LEADER,1,0,0,70,0,0,0,0,0,0,0,0,0,0,0
194156,10,bully,1807,1,0,0,70,0,980,0,1,10,192349,1807,0,71,0,0,0,LEADER,1,0,0,70,0,0,0,0,0,0,0,0,0,0,0
194089,22,bully,1740,1,0,0,70,0,980,0,1,22,192349,1740,0,71,0,0,0,LEADER,1,0,0,70,0,0,0,0,0,0,0,0,0,0,0
194235,21,bully,1889,1,0,0,70,0,980,0,1,21,192346,1889,0,71,0,0,0,LEADER,1,0,0,70,0,0,0,0,0,0,0,0,0,0,0
194495,56,bully,2146,1,0,0,70,0,980,0,1,56,192349,2146,0,71,0,0,0,LEADER,1,0,0,70,0,0,0,0,0,0,0,0,0,0,0
194020,60,bully,1671,1,0,0,70,0,980,0,1,60,192349,1671,0,71,0,0,0,LEADER,1,0,0,70,0,0,0,0,0,0,0,0,0,0,0
194874,25,bully,1604,1,0,0,71,0,994,0,1,25,193270,1604,0,72,0,0,0,LEADER,1,0,0,71,0,0,0,0,0,0,0,0,0,0,0
194086,65,bully,1737,1,0,0,70,0,980,0,1,65,192349,1737,0,71,0,0,0,LEADER,1,0,0,70,0,0,0,0,0,0,0,0,0,0,0
194762,19,bully,2413,1,0,0,70,0,980,0,1,19,192349,2413,0,71,0,0,0,LEADER,1,0,0,70,0,0,0,0,0,0,0,0,0,0,0
194392,69,bully,2043,1,0,0,70,0,980,0,1,69,192349,2043,0,71,0,0,0,LEADER,1,0,0,70,0,0,0,0,0,0,0,0,0,0,0
194995,54,bully,1725,1,0,0,71,0,994,0,1,54,193270,1725,0,72,0,0,0,LEADER,1,0,0,71,0,0,0,0,0,0,0,0,0,0,0
194341,17,bully,1992,1,0,0,70,0,980,0,1,17,192349,1992,0,71,0,0,0,LEADER,1,0,0,70,0,0,0,0,0,0,0,0,0,0,0
194856,100,bully,1586,1,0,0,71,0,994,0,1,100,193270,1586,0,72,0,0,0,LEADER,1,0,0,71,0,0,0,0,0,0,0,0,0,0,0
194819,16,bully,1549,1,0,0,71,0,994,0,1,16,193270,1549,0,72,0,0,0,LEADER,1,0,0,71,0,0,0,0,0,0,0,0,0,0,0
194407,37,bully,2058,1,0,0,70,0,980,0,1,37,192349,2058,0,71,0,0,0,LEADER,1,0,0,70,0,0,0,0,0,0,0,0,0,0,0
195044,13,bully,1774,1,0,0,71,0,994,0,1,13,193270,1774,0,72,0,0,0,LEADER,1,0,0,71,0,0,0,0,0,0,0,0,0,0,0
194204,20,bully,1855,1,0,0,70,0,980,0,1,20,192349,1855,0,71,0,0,0,LEADER,1,0,0,70,0,0,0,0,0,0,0,0,0,0,0
194837,41,bully,1567,1,0,0,71,0,994,0,1,41,193270,1567,0,72,0,0,0,LEADER,1,0,0,71,0,0,0,0,0,0,0,0,0,0,0
194826,47,bully,1556,1,0,0,71,0,994,0,1,47,193270,1556,0,72,0,0,0,LEADER,1,0,0,71,0,0,0,0,0,0,0,0,0,0,0
194651,95,bully,2301,1,0,0,70,0,980,0,1,95,192350,2301,0,71,0,0,0,LEADER,1,0,0,70,0,0,0,0,0,0,0,0,0,0,0
194514,98,bully,2165,1,0,0,70,0,980,0,1,98,192349,2165,0,71,0,0,0,LEADER,1,0,0,70,0,0,0,0,0,0,0,0,0,0,0
194698,73,bully,2349,1,0,0,70,0,980,0,1,73,192349,2349,0,71,0,0,0,LEADER,1,0,0,70,0,0,0,0,0,0,0,0,0,0,0
194244,61,bully,1895,1,0,0,70,0,980,0,1,61,192349,1895,0,71,0,0,0,LEADER,1,0,0,70,0,0,0,0,0,0,0,0,0,0,0
194992,97,bully,1722,1,0,0,71,0,994,0,1,97,193270,1722,0,72,0,0,0,LEADER,1,0,0,71,0,0,0,0,0,0,0,0,0,0,0
195022,33,bully,1752,1,0,0,71,0,994,0,1,33,193270,1752,0,72,0,0,0,LEADER,1,0,0,71,0,0,0,0,0,0,0,0,0,0,0
194680,31,bully,2331,1,0,0,70,0,980,0,1,31,192349,2331,0,71,0,0,0,LEADER,1,0,0,70,0,0,0,0,0,0,0,0,0,0,0
195192,40,bully,1922,1,0,0,71,0,994,0,1,40,193270,1922,0,72,0,0,0,LEADER,1,0,0,71,0,0,0,0,0,0,0,0,0,0,0
195182,29,bully,1910,1,0,0,71,0,994,0,1,29,193272,1910,0,72,0,0,0,LEADER,1,0,0,71,0,0,0,0,0,0,0,0,0,0,0
195008,96,bully,1744,1,0,0,71,0,994,0,1,96,193264,1744,0,72,0,0,0,LEADER,1,0,0,71,0,0,0,0,0,0,0,0,0,0,0
195095,84,bully,1825,1,0,0,71,0,994,0,1,84,193270,1825,0,72,0,0,0,LEADER,1,0,0,71,0,0,0,0,0,0,0,0,0,0,0
194791,80,bully,1519,1,0,0,71,0,994,0,1,80,193272,1519,0,72,0,0,0,LEADER,1,0,0,71,0,0,0,0,0,0,0,0,0,0,0
194632,53,bully,2283,1,0,0,70,0,980,0,1,53,192349,2283,0,71,0,0,0,LEADER,1,0,0,70,0,0,0,0,0,0,0,0,0,0,0
194708,92,bully,1438,1,0,0,71,0,994,0,1,92,193270,1438,0,72,0,0,0,LEADER,1,0,0,71,0,0,0,0,0,0,0,0,0,0,0
194881,91,bully,1619,1,0,0,71,0,994,0,1,91,193262,1619,0,72,0,0,0,LEADER,1,0,0,71,0,0,0,0,0,0,0,0,0,0,0
195144,62,bully,1874,1,0,0,71,0,994,0,1,62,193270,1874,0,72,0,0,0,LEADER,1,0,0,71,0,0,0,0,0,0,0,0,0,0,0
194841,15,bully,1571,1,0,0,71,0,994,0,1,15,193270,1571,0,72,0,0,0,LEADER,1,0,0,71,0,0,0,0,0,0,0,0,0,0,0
194510,26,bully,2161,1,0,0,70,0,980,0,1,26,192349,2161,0,71,0,0,0,LEADER,1,0,0,70,0,0,0,0,0,0,0,0,0,0,0
195247,49,bully,1977,1,0,0,71,0,994,0,1,49,193270,1977,0,72,0,0,0,LEADER,1,0,0,71,0,0,0,0,0,0,0,0,0,0,0
195062,58,bully,1792,1,0,0,71,0,994,0,1,58,193270,1792,0,72,0,0,0,LEADER,1,0,0,71,0,0,0,0,0,0,0,0,0,0,0
194595,86,bully,2246,1,0,0,70,0,980,0,1,86,192349,2246,0,71,0,0,0,LEADER,1,0,0,70,0,0,0,0,0,0,0,0,0,0,0
194768,50,bully,2419,1,0,0,70,0,980,0,1,50,192349,2419,0,71,0,0,0,LEADER,1,0,0,70,0,0,0,0,0,0,0,0,0,0,0
194617,85,bully,2268,1,0,0,70,0,980,0,1,85,192349,2268,0,71,0,0,0,LEADER,1,0,0,70,0,0,0,0,0,0,0,0,0,0,0
194557,87,bully,2212,1,0,0,70,0,980,0,1,87,192345,2212,0,71,0,0,0,LEADER,1,0,0,70,0,0,0,0,0,0,0,0,0,0,0
194765,64,bully,2416,1,0,0,70,0,980,0,1,64,192349,2416,0,71,0,0,0,LEADER,1,0,0,70,0,0,0,0,0,0,0,0,0,0,0
194614,11,bully,2264,1,0,0,70,0,980,0,1,11,192350,2264,0,71,0,0,0,LEADER,1,0,0,70,0,0,0,0,0,0,0,0,0,0,0
194704,18,bully,1434,1,0,0,71,0,994,0,1,18,193270,1434,0,72,0,0,0,LEADER,1,0,0,71,0,0,0,0,0,0,0,0,0,0,0
194823,90,bully,1553,1,0,0,71,0,994,0,1,90,193270,1553,0,72,0,0,0,LEADER,1,0,0,71,0,0,0,0,0,0,0,0,0,0,0
194717,35,bully,1447,1,0,0,71,0,994,0,1,35,193270,1447,0,72,0,0,0,LEADER,1,0,0,71,0,0,0,0,0,0,0,0,0,0,0
194598,43,bully,2249,1,0,0,70,0,980,0,1,43,192349,2249,0,71,0,0,0,LEADER,1,0,0,70,0,0,0,0,0,0,0,0,0,0,0
194737,28,bully,1467,1,0,0,71,0,994,0,1,28,193270,1467,0,72,0,0,0,LEADER,1,0,0,71,0,0,0,0,0,0,0,0,0,0,0
194575,44,bully,2228,1,0,0,70,0,980,0,1,44,192347,2228,0,71,0,0,0,LEADER,1,0,0,70,0,0,0,0,0,0,0,0,0,0,0
195411,23,bully,2141,1,0,0,71,0,994,0,1,23,193270,2141,0,72,0,0,0,LEADER,1,0,0,71,0,0,0,0,0,0,0,0,0,0,0
194731,30,bully,1461,1,0,0,71,0,994,0,1,30,193270,1461,0,72,0,0,0,LEADER,1,0,0,71,0,0,0,0,0,0,0,0,0,0,0
195129,94,bully,1859,1,0,0,71,0,994,0,1,94,193270,1859,0,72,0,0,0,LEADER,1,0,0,71,0,0,0,0,0,0,0,0,0,0,0
194771,38,bully,1501,1,0,0,71,0,994,0,1,38,193270,1501,0,72,0,0,0,LEADER,1,0,0,71,0,0,0,0,0,0,0,0,0,0,0
195450,66,bully,2180,1,0,0,71,0,994,0,1,66,193270,2180,0,72,0,0,0,LEADER,1,0,0,71,0,0,0,0,0,0,0,0,0,0,0
194756,70,bully,1486,1,0,0,71,0,994,0,1,70,193270,1486,0,72,0,0,0,LEADER,1,0,0,71,0,0,0,0,0,0,0,0,0,0,0
195401,88,bully,2131,1,0,0,71,0,994,0,1,88,193270,2131,0,72,0,0,0,LEADER,1,0,0,71,0,0,0,0,0,0,0,0,0,0,0
194584,75,bully,2235,1,0,0,70,0,980,0,1,75,192349,2235,0,71,0,0,0,LEADER,1,0,0,70,0,0,0,0,0,0,0,0,0,0,0
194594,12,bully,2243,1,0,0,70,0,980,0,1,12,192351,2243,0,71,0,0,0,LEADER,1,0,0,70,0,0,0,0,0,0,0,0,0,0,0
195295,27,bully,2025,1,0,0,71,0,994,0,1,27,193270,2025,0,72,0,0,0,LEADER,1,0,0,71,0,0,0,0,0,0,0,0,0,0,0
194784,42,bully,1514,1,0,0,71,0,994,0,1,42,193270,1514,0,72,0,0,0,LEADER,1,0,0,71,0,0,0,0,0,0,0,0,0,0,0
195431,24,bully,2161,1,0,0,71,0,994,0,1,24,193270,2161,0,72,0,0,0,LEADER,1,0,0,71,0,0,0,0,0,0,0,0,0,0,0
195383,46,bully,2113,1,0,0,71,0,994,0,1,46,193270,2113,0,72,0,0,0,LEADER,1,0,0,71,0,0,0,0,0,0,0,0,0,0,0
195280,59,bully,2010,1,0,0,71,0,994,0,1,59,193270,2010,0,72,0,0,0,LEADER,1,0,0,71,0,0,0,0,0,0,0,0,0,0,0
194908,34,bully,1637,1,0,0,71,0,994,0,1,34,193271,1637,0,72,0,0,0,LEADER,1,0,0,71,0,0,0,0,0,0,0,0,0,0,0
195562,32,bully,2292,1,0,0,71,0,994,0,1,32,193270,2292,0,72,0,0,0,LEADER,1,0,0,71,0,0,0,0,0,0,0,0,0,0,0
195177,72,bully,1907,1,0,0,71,0,994,0,1,72,193270,1907,0,72,0,0,0,LEADER,1,0,0,71,0,0,0,0,0,0,0,0,0,0,0
195589,63,bully,2316,1,0,0,71,0,994,0,1,63,193273,2316,0,72,0,0,0,LEADER,1,0,0,71,0,0,0,0,0,0,0,0,0,0,0
195062,74,bully,1792,1,0,0,71,0,994,0,1,74,193270,1792,0,72,0,0,0,LEADER,1,0,0,71,0,0,0,0,0,0,0,0,0,0,0
194804,48,bully,1534,1,0,0,71,0,994,0,1,48,193270,1534,0,72,0,0,0,LEADER,1,0,0,71,0,0,0,0,0,0,0,0,0,0,0
195267,57,bully,1995,1,0,0,71,0,994,0,1,57,193272,1995,0,72,0,0,0,LEADER,1,0,0,71,0,0,0,0,0,0,0,0,0,0,0
195335,68,bully,2065,1,0,0,71,0,994,0,1,68,193270,2065,0,72,0,0,0,LEADER,1,0,0,71,0,0,0,0,0,0,0,0,0,0,0
194736,45,bully,1466,1,0,0,71,0,994,0,1,45,193270,1466,0,72,0,0,0,LEADER,1,0,0,71,0,0,0,0,0,0,0,0,0,0,0
195093,93,bully,1823,1,0,0,71,0,994,0,1,93,193270,1823,0,72,0,0,0,LEADER,1,0,0,71,0,0,0,0,0,0,0,0,0,0,0
195674,82,bully,2404,1,0,0,71,0,994,0,1,82,193270,2404,0,72,0,0,0,LEADER,1,0,0,71,0,0,0,0,0,0,0,0,0,0,0
195668,51,bully,2398,1,0,0,71,0,994,0,1,51,193270,2398,0,72,0,0,0,LEADER,1,0,0,71,0,0,0,0,0,0,0,0,0,0,0
195213,39,bully,1943,1,0,0,71,0,994,0,1,39,193270,1943,0,72,0,0,0,LEADER,1,0,0,71,0,0,0,0,0,0,0,0,0,0,0
194959,78,bully,1689,1,0,0,71,0,994,0,1,78,193270,1689,0,72,0,0,0,LEADER,1,0,0,71,0,0,0,0,0,0,0,0,0,0,0
195347,79,bully,2077,1,0,0,71,0,994,0,1,79,193270,2077,0,72,0,0,0,LEADER,1,0,0,71,0,0,0,0,0,0,0,0,0,0,0
194922,14,bully,1652,1,0,0,71,0,994,0,1,14,193270,1652,0,72,0,0,0,LEADER,1,0,0,71,0,0,0,0,0,0,0,0,0,0,0
195349,36,bully,2080,1,0,0,71,0,994,0,1,36,193269,2080,0,72,0,0,0,LEADER,1,0,0,71,0,0,0,0,0,0,0,0,0,0,0
195232,81,bully,1962,1,0,0,71,0,994,0,1,81,193270,1962,0,72,0,0,0,LEADER,1,0,0,71,0,0,0,0,0,0,0,0,0,0,0
194892,67,bully,1622,1,0,0,71,0,994,0,1,67,193270,1622,0,72,0,0,0,LEADER,1,0,0,71,0,0,0,0,0,0,0,0,0,0,0
195653,83,bully,2383,1,0,0,71,0,994,0,1,83,193270,2383,0,72,0,0,0,LEADER,1,0,0,71,0,0,0,0,0,0,0,0,0,0,0
195797,99,bully,1607,1,0,0,71,0,994,0,1,99,194190,1607,0,72,0,0,0,LEADER,1,0,0,71,0,0,0,0,0,0,0,0,0,0,0
194974,55,bully,1704,1,0,0,71,0,994,0,1,55,193270,1704,0,72,0,0,0,LEADER,1,0,0,71,0,0,0,0,0,0,0,0,0,0,0
195764,89,bully,1574,1,0,0,71,0,994,0,1,89,194190,1574,0,72,0,0,0,LEADER,1,0,0,71,0,0,0,0,0,0,0,0,0,0,0
194926,77,bully,1656,1,0,0,71,0,994,0,1,77,193270,1656,0,72,0,0,0,LEADER,1,0,0,71,0,0,0,0,0,0,0,0,0,0,0
195198,71,bully,1928,1,0,0,71,0,994,0,1,71,193270,1928,0,72,0,0,0,LEADER,1,0,0,71,0,0,0,0,0,0,0,0,0,0,0
195476,76,bully,2213,1,0,0,71,0,994,0,1,76,193263,2213,0,72,0,0,0,LEADER,1,0,0,71,0,0,0,0,0,0,0,0,0,0,0
195110,52,bully,1840,1,0,0,71,0,994,0,1,52,193270,1840,0,72,0,0,0,LEADER,1,0,0,71,0,0,0,0,0,0,0,0,0,0,0
195077,10,bully,1807,1,0,0,71,0,994,0,1,10,193270,1807,0,72,0,0,0,LEADER,1,0,0,71,0,0,0,0,0,0,0,0,0,0,0
195010,22,bully,1740,1,0,0,71,0,994,0,1,22,193270,1740,0,72,0,0,0,LEADER,1,0,0,71,0,0,0,0,0,0,0,0,0,0,0
195156,21,bully,1889,1,0,0,71,0,994,0,1,21,193267,1889,0,72,0,0,0,LEADER,1,0,0,71,0,0,0,0,0,0,0,0,0,0,0
195416,56,bully,2146,1,0,0,71,0,994,0,1,56,193270,2146,0,72,0,0,0,LEADER,1,0,0,71,0,0,0,0,0,0,0,0,0,0,0
194941,60,bully,1671,1,0,0,71,0,994,0,1,60,193270,1671,0,72,0,0,0,LEADER,1,0,0,71,0,0,0,0,0,0,0,0,0,0,0
195794,25,bully,1604,1,0,0,71,0,994,0,1,25,194190,1604,0,72,0,0,0,LEADER,1,0,0,71,0,0,0,0,0,0,0,0,0,0,0
195007,65,bully,1737,1,0,0,71,0,994,0,1,65,193270,1737,0,72,0,0,0,LEADER,1,0,0,71,0,0,0,0,0,0,0,0,0,0,0
195683,19,bully,2413,1,0,0,71,0,994,0,1,19,193270,2413,0,72,0,0,0,LEADER,1,0,0,71,0,0,0,0,0,0,0,0,0,0,0
195313,69,bully,2043,1,0,0,71,0,994,0,1,69,193270,2043,0,72,0,0,0,LEADER,1,0,0,71,0,0,0,0,0,0,0,0,0,0,0
195915,54,bully,1725,1,0,0,71,0,994,0,1,54,194190,1725,0,72,0,0,0,LEADER,1,0,0,71,0,0,0,0,0,0,0,0,0,0,0
195262,17,bully,1992,1,0,0,71,0,994,0,1,17,193270,1992,0,72,0,0,0,LEADER,1,0,0,71,0,0,0,0,0,0,0,0,0,0,0
195776,100,bully,1586,1,0,0,71,0,994,0,1,100,194190,1586,0,72,0,0,0,LEADER,1,0,0,71,0,0,0,0,0,0,0,0,0,0,0
195739,16,bully,1549,1,0,0,71,0,994,0,1,16,194190,1549,0,72,0,0,0,LEADER,1,0,0,71,0,0,0,0,0,0,0,0,0,0,0
195328,37,bully,2058,1,0,0,71,0,994,0,1,37,193270,2058,0,72,0,0,0,LEADER,1,0,0,71,0,0,0,0,0,0,0,0,0,0,0
195964,13,bully,1774,1,0,0,71,0,994,0,1,13,194190,1774,0,72,0,0,0,LEADER,1,0,0,71,0,0,0,0,0,0,0,0,0,0,0
195125,20,bully,1855,1,0,0,71,0,994,0,1,20,193270,1855,0,72,0,0,0,LEADER,1,0,0,71,0,0,0,0,0,0,0,0,0,0,0
195757,41,bully,1567,1,0,0,71,0,994,0,1,41,194190,1567,0,72,0,0,0,LEADER,1,0,0,71,0,0,0,0,0,0,0,0,0,0,0
195746,47,bully,1556,1,0,0,71,0,994,0,1,47,194190,1556,0,72,0,0,0,LEADER,1,0,0,71,0,0,0,0,0,0,0,0,0,0,0
195572,95,bully,2301,1,0,0,71,0,994,0,1,95,193271,2301,0,72,0,0,0,LEADER,1,0,0,71,0,0,0,0,0,0,0,0,0,0,0
195435,98,bully,2165,1,0,0,71,0,994,0,1,98,193270,2165,0,72,0,0,0,LEADER,1,0,0,71,0,0,0,0,0,0,0,0,0,0,0
195619,73,bully,2349,1,0,0,71,0,994,0,1,73,193270,2349,0,72,0,0,0,LEADER,1,0,0,71,0,0,0,0,0,0,0,0,0,0,0
195165,61,bully,1895,1,0,0,71,0,994,0,1,61,193270,1895,0,72,0,0,0,LEADER,1,0,0,71,0,0,0,0,0,0,0,0,0,0,0
195912,97,bully,1722,1,0,0,71,0,994,0,1,97,194190,1722,0,72,0,0,0,LEADER,1,0,0,71,0,0,0,0,0,0,0,0,0,0,0
195942,33,bully,1752,1,0,0,71,0,994,0,1,33,194190,1752,0,72,0,0,0,LEADER,1,0,0,71,0,0,0,0,0,0,0,0,0,0,0
196112,40,bully,1922,1,0,0,71,0,994,0,1,40,194190,1922,0,72,0,0,0,LEADER,1,0,0,71,0,0,0,0,0,0,0,0,0,0,0
195601,31,bully,2331,1,0,0,71,0,994,0,1,31,193270,2331,0,72,0,0,0,LEADER,1,0,0,71,0,0,0,0,0,0,0,0,0,0,0
196102,29,bully,1910,1,0,0,71,0,994,0,1,29,194192,1910,0,72,0,0,0,LEADER,1,0,0,71,0,0,0,0,0,0,0,0,0,0,0
195928,96,bully,1744,1,0,0,71,0,994,0,1,96,194184,1744,0,72,0,0,0,LEADER,1,0,0,71,0,0,0,0,0,0,0,0,0,0,0
196015,84,bully,1825,1,0,0,71,0,994,0,1,84,194190,1825,0,72,0,0,0,LEADER,1,0,0,71,0,0,0,0,0,0,0,0,0,0,0
195711,80,bully,1519,1,0,0,71,0,994,0,1,80,194192,1519,0,72,0,0,0,LEADER,1,0,0,71,0,0,0,0,0,0,0,0,0,0,0
195553,53,bully,2283,1,0,0,71,0,994,0,1,53,193270,2283,0,72,0,0,0,LEADER,1,0,0,71,0,0,0,0,0,0,0,0,0,0,0
195628,92,bully,1438,1,0,0,71,0,994,0,1,92,194190,1438,0,72,0,0,0,LEADER,1,0,0,71,0,0,0,0,0,0,0,0,0,0,0
195801,91,bully,1619,1,0,0,71,0,994,0,1,91,194182,1619,0,72,0,0,0,LEADER,1,0,0,71,0,0,0,0,0,0,0,0,0,0,0
196064,62,bully,1874,1,0,0,71,0,994,0,1,62,194190,1874,0,72,0,0,0,LEADER,1,0,0,71,0,0,0,0,0,0,0,0,0,0,0
195761,15,bully,1571,1,0,0,71,0,994,0,1,15,194190,1571,0,72,0,0,0,LEADER,1,0,0,71,0,0,0,0,0,0,0,0,0,0,0
195431,26,bully,2161,1,0,0,71,0,994,0,1,26,193270,2161,0,72,0,0,0,LEADER,1,0,0,71,0,0,0,0,0,0,0,0,0,0,0
196167,49,bully,1977,1,0,0,71,0,994,0,1,49,194190,1977,0,72,0,0,0,LEADER,1,0,0,71,0,0,0,0,0,0,0,0,0,0,0
195982,58,bully,1792,1,0,0,71,0,994,0,1,58,194190,1792,0,72,0,0,0,LEADER,1,0,0,71,0,0,0,0,0,0,0,0,0,0,0
195516,86,bully,2246,1,0,0,71,0,994,0,1,86,193270,2246,0,72,0,0,0,LEADER,1,0,0,71,0,0,0,0,0,0,0,0,0,0,0
195689,50,bully,2419,1,0,0,71,0,994,0,1,50,193270,2419,0,72,0,0,0,LEADER,1,0,0,71,0,0,0,0,0,0,0,0,0,0,0
195538,85,bully,2268,1,0,0,71,0,994,0,1,85,193270,2268,0,72,0,0,0,LEADER,1,0,0,71,0,0,0,0,0,0,0,0,0,0,0
195478,87,bully,2212,1,0,0,71,0,994,0,1,87,193266,2212,0,72,0,0,0,LEADER,1,0,0,71,0,0,0,0,0,0,0,0,0,0,0
195686,64,bully,2416,1,0,0,71,0,994,0,1,64,193270,2416,0,72,0,0,0,LEADER,1,0,0,71,0,0,0,0,0,0,0,0,0,0,0
195624,18,bully,1434,1,0,0,71,0,994,0,1,18,194190,1434,0,72,0,0,0,LEADER,1,0,0,71,0,0,0,0,0,0,0,0,0,0,0
195535,11,bully,2264,1,0,0,71,0,994,0,1,11,193271,2264,0,72,0,0,0,LEADER,1,0,0,71,0,0,0,0,0,0,0,0,0,0,0
195743,90,bully,1553,1,0,0,71,0,994,0,1,90,194190,1553,0,72,0,0,0,LEADER,1,0,0,71,0,0,0,0,0,0,0,0,0,0,0
195637,35,bully,1447,1,0,0,71,0,994,0,1,35,194190,1447,0,72,0,0,0,LEADER,1,0,0,71,0,0,0,0,0,0,0,0,0,0,0
195519,43,bully,2249,1,0,0,71,0,994,0,1,43,193270,2249,0,72,0,0,0,LEADER,1,0,0,71,0,0,0,0,0,0,0,0,0,0,0
195657,28,bully,1467,1,0,0,71,0,994,0,1,28,194190,1467,0,72,0,0,0,LEADER,1,0,0,71,0,0,0,0,0,0,0,0,0,0,0
195496,44,bully,2228,1,0,0,71,0,994,0,1,44,193268,2228,0,72,0,0,0,LEADER,1,0,0,71,0,0,0,0,0,0,0,0,0,0,0
196331,23,bully,2141,1,0,0,71,0,994,0,1,23,194190,2141,0,72,0,0,0,LEADER,1,0,0,71,0,0,0,0,0,0,0,0,0,0,0
195651,30,bully,1461,1,0,0,71,0,994,0,1,30,194190,1461,0,72,0,0,0,LEADER,1,0,0,71,0,0,0,0,0,0,0,0,0,0,0
196049,94,bully,1859,1,0,0,71,0,994,0,1,94,194190,1859,0,72,0,0,0,LEADER,1,0,0,71,0,0,0,0,0,0,0,0,0,0,0
195691,38,bully,1501,1,0,0,71,0,994,0,1,38,194190,1501,0,72,0,0,0,LEADER,1,0,0,71,0,0,0,0,0,0,0,0,0,0,0
196370,66,bully,2180,1,0,0,71,0,994,0,1,66,194190,2180,0,72,0,0,0,LEADER,1,0,0,71,0,0,0,0,0,0,0,0,0,0,0
195676,70,bully,1486,1,0,0,71,0,994,0,1,70,194190,1486,0,72,0,0,0,LEADER,1,0,0,71,0,0,0,0,0,0,0,0,0,0,0
196321,88,bully,2131,1,0,0,71,0,994,0,1,88,194190,2131,0,72,0,0,0,LEADER,1,0,0,71,0,0,0,0,0,0,0,0,0,0,0
195505,75,bully,2235,1,0,0,71,0,994,0,1,75,193270,2235,0,72,0,0,0,LEADER,1,0,0,71,0,0,0,0,0,0,0,0,0,0,0
195515,12,bully,2243,1,0,0,71,0,994,0,1,12,193272,2243,0,72,0,0,0,LEADER,1,0,0,71,0,0,0,0,0,0,0,0,0,0,0
196215,27,bully,2025,1,0,0,71,0,994,0,1,27,194190,2025,0,72,0,0,0,LEADER,1,0,0,71,0,0,0,0,0,0,0,0,0,0,0
195704,42,bully,1514,1,0,0,71,0,994,0,1,42,194190,1514,0,72,0,0,0,LEADER,1,0,0,71,0,0,0,0,0,0,0,0,0,0,0
196351,24,bully,2161,1,0,0,71,0,994,0,1,24,194190,2161,0,72,0,0,0,LEADER,1,0,0,71,0,0,0,0,0,0,0,0,0,0,0
196303,46,bully,2113,1,0,0,71,0,994,0,1,46,194190,2113,0,72,0,0,0,LEADER,1,0,0,71,0,0,0,0,0,0,0,0,0,0,0
196200,59,bully,2010,1,0,0,71,0,994,0,1,59,194190,2010,0,72,0,0,0,LEADER,1,0,0,71,0,0,0,0,0,0,0,0,0,0,0
195828,34,bully,1637,1,0,0,71,0,994,0,1,34,194191,1637,0,72,0,0,0,LEADER,1,0,0,71,0,0,0,0,0,0,0,0,0,0,0
196482,32,bully,2292,1,0,0,71,0,994,0,1,32,194190,2292,0,72,0,0,0,LEADER,1,0,0,71,0,0,0,0,0,0,0,0,0,0,0
196097,72,bully,1907,1,0,0,71,0,994,0,1,72,194190,1907,0,72,0,0,0,LEADER,1,0,0,71,0,0,0,0,0,0,0,0,0,0,0
196509,63,bully,2316,1,0,0,71,0,994,0,1,63,194193,2316,0,72,0,0,0,LEADER,1,0,0,71,0,0,0,0,0,0,0,0,0,0,0
195982,74,bully,1792,1,0,0,71,0,994,0,1,74,194190,1792,0,72,0,0,0,LEADER,1,0,0,71,0,0,0,0,0,0,0,0,0,0,0
195724,48,bully,1534,1,0,0,71,0,994,0,1,48,194190,1534,0,72,0,0,0,LEADER,1,0,0,71,0,0,0,0,0,0,0,0,0,0,0
196187,57,bully,1995,1,0,0,71,0,994,0,1,57,194192,1995,0,72,0,0,0,LEADER,1,0,0,71,0,0,0,0,0,0,0,0,0,0,0
196255,68,bully,2065,1,0,0,71,0,994,0,1,68,194190,2065,0,72,0,0,0,LEADER,1,0,0,71,0,0,0,0,0,0,0,0,0,0,0
195656,45,bully,1466,1,0,0,71,0,994,0,1,45,194190,1466,0,72,0,0,0,LEADER,1,0,0,71,0,0,0,0,0,0,0,0,0,0,0
196013,93,bully,1823,1,0,0,71,0,994,0,1,93,194190,1823,0,72,0,0,0,LEADER,1,0,0,71,0,0,0,0,0,0,0,0,0,0,0
196594,82,bully,2404,1,0,0,71,0,994,0,1,82,194190,2404,0,72,0,0,0,LEADER,1,0,0,71,0,0,0,0,0,0,0,0,0,0,0
196588,51,bully,2398,1,0,0,71,0,994,0,1,51,194190,2398,0,72,0,0,0,LEADER,1,0,0,71,0,0,0,0,0,0,0,0,0,0,0
196133,39,bully,1943,1,0,0,71,0,994,0,1,39,194190,1943,0,72,0,0,0,LEADER,1,0,0,71,0,0,0,0,0,0,0,0,0,0,0
195879,78,bully,1689,1,0,0,71,0,994,0,1,78,194190,1689,0,72,0,0,0,LEADER,1,0,0,71,0,0,0,0,0,0,0,0,0,0,0
196267,79,bully,2077,1,0,0,71,0,994,0,1,79,194190,2077,0,72,0,0,0,LEADER,1,0,0,71,0,0,0,0,0,0,0,0,0,0,0
195842,14,bully,1652,1,0,0,71,0,994,0,1,14,194190,1652,0,72,0,0,0,LEADER,1,0,0,71,0,0,0,0,0,0,0,0,0,0,0
196269,36,bully,2080,1,0,0,71,0,994,0,1,36,194189,2080,0,72,0,0,0,LEADER,1,0,0,71,0,0,0,0,0,0,0,0,0,0,0
196152,81,bully,1962,1,0,0,71,0,994,0,1,81,194190,1962,0,72,0,0,0,LEADER,1,0,0,71,0,0,0,0,0,0,0,0,0,0,0
195812,67,bully,1622,1,0,0,71,0,994,0,1,67,194190,1622,0,72,0,0,0,LEADER,1,0,0,71,0,0,0,0,0,0,0,0,0,0,0
196573,83,bully,2383,1,0,0,71,0,994,0,1,83,194190,2383,0,72,0,0,0,LEADER,1,0,0,71,0,0,0,0,0,0,0,0,0,0,0
196717,99,bully,1607,1,0,0,71,0,994,0,1,99,195110,1607,0,72,0,0,0,LEADER,1,0,0,71,0,0,0,0,0,0,0,0,0,0,0
195894,55,bully,1704,1,0,0,71,0,994,0,1,55,194190,1704,0,72,0,0,0,LEADER,1,0,0,71,0,0,0,0,0,0,0,0,0,0,0
196684,89,bully,1574,1,0,0,71,0,994,0,1,89,195110,1574,0,72,0,0,0,LEADER,1,0,0,71,0,0,0,0,0,0,0,0,0,0,0
195846,77,bully,1656,1,0,0,71,0,994,0,1,77,194190,1656,0,72,0,0,0,LEADER,1,0,0,71,0,0,0,0,0,0,0,0,0,0,0
196118,71,bully,1928,1,0,0,71,0,994,0,1,71,194190,1928,0,72,0,0,0,LEADER,1,0,0,71,0,0,0,0,0,0,0,0,0,0,0
196396,76,bully,2213,1,0,0,71,0,994,0,1,76,194183,2213,0,72,0,0,0,LEADER,1,0,0,71,0,0,0,0,0,0,0,0,0,0,0
196030,52,bully,1840,1,0,0,71,0,994,0,1,52,194190,1840,0,72,0,0,0,LEADER,1,0,0,71,0,0,0,0,0,0,0,0,0,0,0
195997,10,bully,1807,1,0,0,71,0,994,0,1,10,194190,1807,0,72,0,0,0,LEADER,1,0,0,71,0,0,0,0,0,0,0,0,0,0,0
195930,22,bully,1740,1,0,0,71,0,994,0,1,22,194190,1740,0,72,0,0,0,LEADER,1,0,0,71,0,0,0,0,0,0,0,0,0,0,0
196076,21,bully,1889,1,0,0,71,0,994,0,1,21,194187,1889,0,72,0,0,0,LEADER,1,0,0,71,0,0,0,0,0,0,0,0,0,0,0
196336,56,bully,2146,1,0,0,71,0,994,0,1,56,194190,2146,0,72,0,0,0,LEADER,1,0,0,71,0,0,0,0,0,0,0,0,0,0,0
195861,60,bully,1671,1,0,0,71,0,994,0,1,60,194190,1671,0,72,0,0,0,LEADER,1,0,0,71,0,0,0,0,0,0,0,0,0,0,0
196714,25,bully,1604,1,0,0,71,0,994,0,1,25,195110,1604,0,72,0,0,0,LEADER,1,0,0,71,0,0,0,0,0,0,0,0,0,0,0
195927,65,bully,1737,1,0,0,71,0,994,0,1,65,194190,1737,0,72,0,0,0,LEADER,1,0,0,71,0,0,0,0,0,0,0,0,0,0,0
196603,19,bully,2413,1,0,0,71,0,994,0,1,19,194190,2413,0,72,0,0,0,LEADER,1,0,0,71,0,0,0,0,0,0,0,0,0,0,0
196233,69,bully,2043,1,0,0,71,0,994,0,1,69,194190,2043,0,72,0,0,0,LEADER,1,0,0,71,0,0,0,0,0,0,0,0,0,0,0
196835,54,bully,1725,1,0,0,71,0,994,0,1,54,195110,1725,0,72,0,0,0,LEADER,1,0,0,71,0,0,0,0,0,0,0,0,0,0,0
196182,17,bully,1992,1,0,0,71,0,994,0,1,17,194190,1992,0,72,0,0,0,LEADER,1,0,0,71,0,0,0,0,0,0,0,0,0,0,0
196696,100,bully,1586,1,0,0,71,0,994,0,1,100,195110,1586,0,72,0,0,0,LEADER,1,0,0,71,0,0,0,0,0,0,0,0,0,0,0
196659,16,bully,1549,1,0,0,71,0,994,0,1,16,195110,1549,0,72,0,0,0,LEADER,1,0,0,71,0,0,0,0,0,0,0,0,0,0,0
196248,37,bully,2058,1,0,0,71,0,994,0,1,37,194190,2058,0,72,0,0,0,LEADER,1,0,0,71,0,0,0,0,0,0,0,0,0,0,0
196884,13,bully,1774,1,0,0,71,0,994,0,1,13,195110,1774,0,72,0,0,0,LEADER,1,0,0,71,0,0,0,0,0,0,0,0,0,0,0
196045,20,bully,1855,1,0,0,71,0,994,0,1,20,194190,1855,0,72,0,0,0,LEADER,1,0,0,71,0,0,0,0,0,0,0,0,0,0,0
196677,41,bully,1567,1,0,0,71,0,994,0,1,41,195110,1567,0,72,0,0,0,LEADER,1,0,0,71,0,0,0,0,0,0,0,0,0,0,0
196666,47,bully,1556,1,0,0,71,0,994,0,1,47,195110,1556,0,72,0,0,0,LEADER,1,0,0,71,0,0,0,0,0,0,0,0,0,0,0
196492,95,bully,2301,1,0,0,71,0,994,0,1,95,194191,2301,0,72,0,0,0,LEADER,1,0,0,71,0,0,0,0,0,0,0,0,0,0,0
196355,98,bully,2165,1,0,0,71,0,994,0,1,98,194190,2165,0,72,0,0,0,LEADER,1,0,0,71,0,0,0,0,0,0,0,0,0,0,0
196539,73,bully,2349,1,0,0,71,0,994,0,1,73,194190,2349,0,72,0,0,0,LEADER,1,0,0,71,0,0,0,0,0,0,0,0,0,0,0
196085,61,bully,1895,1,0,0,71,0,994,0,1,61,194190,1895,0,72,0,0,0,LEADER,1,0,0,71,0,0,0,0,0,0,0,0,0,0,0
196832,97,bully,1722,1,0,0,71,0,994,0,1,97,195110,1722,0,72,0,0,0,LEADER,1,0,0,71,0,0,0,0,0,0,0,0,0,0,0
196862,33,bully,1752,1,0,0,71,0,994,0,1,33,195110,1752,0,72,0,0,0,LEADER,1,0,0,71,0,0,0,0,0,0,0,0,0,0,0
197032,40,bully,1922,1,0,0,71,0,994,0,1,40,195110,1922,0,72,0,0,0,LEADER,1,0,0,71,0,0,0,0,0,0,0,0,0,0,0
196521,31,bully,2331,1,0,0,71,0,994,0,1,31,194190,2331,0,72,0,0,0,LEADER,1,0,0,71,0,0,0,0,0,0,0,0,0,0,0
197022,29,bully,1910,1,0,0,71,0,994,0,1,29,195112,1910,0,72,0,0,0,LEADER,1,0,0,71,0,0,0,0,0,0,0,0,0,0,0
196848,96,bully,1744,1,0,0,71,0,994,0,1,96,195104,1744,0,72,0,0,0,LEADER,1,0,0,71,0,0,0,0,0,0,0,0,0,0,0
196935,84,bully,1825,1,0,0,71,0,994,0,1,84,195110,1825,0,72,0,0,0,LEADER,1,0,0,71,0,0,0,0,0,0,0,0,0,0,0
196812,2,bully,2214,1,0,0,10,22,140,308,4,2,194598,2214,0,8,0,0,0,LEADER,1,0,0,10,0,0,0,22,0,0,0,0,0,0,0
196631,80,bully,1519,1,0,0,71,0,994,0,1,80,195112,1519,0,72,0,0,0,LEADER,1,0,0,71,0,0,0,0,0,0,0,0,0,0,0
196473,53,bully,2283,1,0,0,71,0,994,0,1,53,194190,2283,0,72,0,0,0,LEADER,1,0,0,71,0,0,0,0,0,0,0,0,0,0,0
196548,92,bully,1438,1,0,0,71,0,994,0,1,92,195110,1438,0,72,0,0,0,LEADER,1,0,0,71,0,0,0,0,0,0,0,0,0,0,0
196721,91,bully,1619,1,0,0,71,0,994,0,1,91,195102,1619,0,72,0,0,0,LEADER,1,0,0,71,0,0,0,0,0,0,0,0,0,0,0
196984,62,bully,1874,1,0,0,71,0,994,0,1,62,195110,1874,0,72,0,0,0,LEADER,1,0,0,71,0,0,0,0,0,0,0,0,0,0,0
196681,15,bully,1571,1,0,0,71,0,994,0,1,15,195110,1571,0,72,0,0,0,LEADER,1,0,0,71,0,0,0,0,0,0,0,0,0,0,0
196351,26,bully,2161,1,0,0,71,0,994,0,1,26,194190,2161,0,72,0,0,0,LEADER,1,0,0,71,0,0,0,0,0,0,0,0,0,0,0
197087,49,bully,1977,1,0,0,71,0,994,0,1,49,195110,1977,0,72,0,0,0,LEADER,1,0,0,71,0,0,0,0,0,0,0,0,0,0,0
196902,58,bully,1792,1,0,0,71,0,994,0,1,58,195110,1792,0,72,0,0,0,LEADER,1,0,0,71,0,0,0,0,0,0,0,0,0,0,0
196436,86,bully,2246,1,0,0,71,0,994,0,1,86,194190,2246,0,72,0,0,0,LEADER,1,0,0,71,0,0,0,0,0,0,0,0,0,0,0
196609,50,bully,2419,1,0,0,71,0,994,0,1,50,194190,2419,0,72,0,0,0,LEADER,1,0,0,71,0,0,0,0,0,0,0,0,0,0,0
196458,85,bully,2268,1,0,0,71,0,994,0,1,85,194190,2268,0,72,0,0,0,LEADER,1,0,0,71,0,0,0,0,0,0,0,0,0,0,0
196398,87,bully,2212,1,0,0,71,0,994,0,1,87,194186,2212,0,72,0,0,0,LEADER,1,0,0,71,0,0,0,0,0,0,0,0,0,0,0
196606,64,bully,2416,1,0,0,71,0,994,0,1,64,194190,2416,0,72,0,0,0,LEADER,1,0,0,71,0,0,0,0,0,0,0,0,0,0,0
196544,18,bully,1434,1,0,0,71,0,994,0,1,18,195110,1434,0,72,0,0,0,LEADER,1,0,0,71,0,0,0,0,0,0,0,0,0,0,0
196455,11,bully,2264,1,0,0,71,0,994,0,1,11,194191,2264,0,72,0,0,0,LEADER,1,0,0,71,0,0,0,0,0,0,0,0,0,0,0
196663,90,bully,1553,1,0,0,71,0,994,0,1,90,195110,1553,0,72,0,0,0,LEADER,1,0,0,71,0,0,0,0,0,0,0,0,0,0,0
196557,35,bully,1447,1,0,0,71,0,994,0,1,35,195110,1447,0,72,0,0,0,LEADER,1,0,0,71,0,0,0,0,0,0,0,0,0,0,0
196439,43,bully,2249,1,0,0,71,0,994,0,1,43,194190,2249,0,72,0,0,0,LEADER,1,0,0,71,0,0,0,0,0,0,0,0,0,0,0
196577,28,bully,1467,1,0,0,71,0,994,0,1,28,195110,1467,0,72,0,0,0,LEADER,1,0,0,71,0,0,0,0,0,0,0,0,0,0,0
196416,44,bully,2228,1,0,0,71,0,994,0,1,44,194188,2228,0,72,0,0,0,LEADER,1,0,0,71,0,0,0,0,0,0,0,0,0,0,0
197251,23,bully,2141,1,0,0,71,0,994,0,1,23,195110,2141,0,72,0,0,0,LEADER,1,0,0,71,0,0,0,0,0,0,0,0,0,0,0
196571,30,bully,1461,1,0,0,71,0,994,0,1,30,195110,1461,0,72,0,0,0,LEADER,1,0,0,71,0,0,0,0,0,0,0,0,0,0,0
196969,94,bully,1859,1,0,0,71,0,994,0,1,94,195110,1859,0,72,0,0,0,LEADER,1,0,0,71,0,0,0,0,0,0,0,0,0,0,0
196611,38,bully,1501,1,0,0,71,0,994,0,1,38,195110,1501,0,72,0,0,0,LEADER,1,0,0,71,0,0,0,0,0,0,0,0,0,0,0
197290,66,bully,2180,1,0,0,71,0,994,0,1,66,195110,2180,0,72,0,0,0,LEADER,1,0,0,71,0,0,0,0,0,0,0,0,0,0,0
196596,70,bully,1486,1,0,0,71,0,994,0,1,70,195110,1486,0,72,0,0,0,LEADER,1,0,0,71,0,0,0,0,0,0,0,0,0,0,0
196916,1,bully,2293,1,0,0,12,10,168,140,1,1,194623,2293,0,11,0,0,0,LEADER,1,0,0,12,0,0,0,10,0,0,0,0,0,0,0
197241,88,bully,2131,1,0,0,71,0,994,0,1,88,195110,2131,0,72,0,0,0,LEADER,1,0,0,71,0,0,0,0,0,0,0,0,0,0,0
196425,75,bully,2235,1,0,0,71,0,994,0,1,75,194190,2235,0,72,0,0,0,LEADER,1,0,0,71,0,0,0,0,0,0,0,0,0,0,0
196435,12,bully,2243,1,0,0,71,0,994,0,1,12,194192,2243,0,72,0,0,0,LEADER,1,0,0,71,0,0,0,0,0,0,0,0,0,0,0
197135,27,bully,2025,1,0,0,71,0,994,0,1,27,195110,2025,0,72,0,0,0,LEADER,1,0,0,71,0,0,0,0,0,0,0,0,0,0,0
196624,42,bully,1514,1,0,0,71,0,994,0,1,42,195110,1514,0,72,0,0,0,LEADER,1,0,0,71,0,0,0,0,0,0,0,0,0,0,0
197271,24,bully,2161,1,0,0,71,0,994,0,1,24,195110,2161,0,72,0,0,0,LEADER,1,0,0,71,0,0,0,0,0,0,0,0,0,0,0
197223,46,bully,2113,1,0,0,71,0,994,0,1,46,195110,2113,0,72,0,0,0,LEADER,1,0,0,71,0,0,0,0,0,0,0,0,0,0,0
197120,59,bully,2010,1,0,0,71,0,994,0,1,59,195110,2010,0,72,0,0,0,LEADER,1,0,0,71,0,0,0,0,0,0,0,0,0,0,0
197402,32,bully,2292,1,0,0,71,0,994,0,1,32,195110,2292,0,72,0,0,0,LEADER,1,0,0,71,0,0,0,0,0,0,0,0,0,0,0
196748,34,bully,1637,1,0,0,71,0,994,0,1,34,195111,1637,0,72,0,0,0,LEADER,1,0,0,71,0,0,0,0,0,0,0,0,0,0,0
197017,72,bully,1907,1,0,0,71,0,994,0,1,72,195110,1907,0,72,0,0,0,LEADER,1,0,0,71,0,0,0,0,0,0,0,0,0,0,0
197429,63,bully,2316,1,0,0,71,0,994,0,1,63,195113,2316,0,72,0,0,0,LEADER,1,0,0,71,0,0,0,0,0,0,0,0,0,0,0
196902,74,bully,1792,1,0,0,71,0,994,0,1,74,195110,1792,0,72,0,0,0,LEADER,1,0,0,71,0,0,0,0,0,0,0,0,0,0,0
196644,48,bully,1534,1,0,0,71,0,994,0,1,48,195110,1534,0,72,0,0,0,LEADER,1,0,0,71,0,0,0,0,0,0,0,0,0,0,0
197107,57,bully,1995,1,0,0,71,0,994,0,1,57,195112,1995,0,72,0,0,0,LEADER,1,0,0,71,0,0,0,0,0,0,0,0,0,0,0
197175,68,bully,2065,1,0,0,71,0,994,0,1,68,195110,2065,0,72,0,0,0,LEADER,1,0,0,71,0,0,0,0,0,0,0,0,0,0,0
196576,45,bully,1466,1,0,0,71,0,994,0,1,45,195110,1466,0,72,0,0,0,LEADER,1,0,0,71,0,0,0,0,0,0,0,0,0,0,0
196933,93,bully,1823,1,0,0,71,0,994,0,1,93,195110,1823,0,72,0,0,0,LEADER,1,0,0,71,0,0,0,0,0,0,0,0,0,0,0
197514,82,bully,2404,1,0,0,71,0,994,0,1,82,195110,2404,0,72,0,0,0,LEADER,1,0,0,71,0,0,0,0,0,0,0,0,0,0,0
197508,51,bully,2398,1,0,0,71,0,994,0,1,51,195110,2398,0,72,0,0,0,LEADER,1,0,0,71,0,0,0,0,0,0,0,0,0,0,0
197053,39,bully,1943,1,0,0,71,0,994,0,1,39,195110,1943,0,72,0,0,0,LEADER,1,0,0,71,0,0,0,0,0,0,0,0,0,0,0
196799,78,bully,1689,1,0,0,71,0,994,0,1,78,195110,1689,0,72,0,0,0,LEADER,1,0,0,71,0,0,0,0,0,0,0,0,0,0,0
197187,79,bully,2077,1,0,0,71,0,994,0,1,79,195110,2077,0,72,0,0,0,LEADER,1,0,0,71,0,0,0,0,0,0,0,0,0,0,0
196762,14,bully,1652,1,0,0,71,0,994,0,1,14,195110,1652,0,72,0,0,0,LEADER,1,0,0,71,0,0,0,0,0,0,0,0,0,0,0
197189,36,bully,2080,1,0,0,71,0,994,0,1,36,195109,2080,0,72,0,0,0,LEADER,1,0,0,71,0,0,0,0,0,0,0,0,0,0,0
197072,81,bully,1962,1,0,0,71,0,994,0,1,81,195110,1962,0,72,0,0,0,LEADER,1,0,0,71,0,0,0,0,0,0,0,0,0,0,0
196732,67,bully,1622,1,0,0,71,0,994,0,1,67,195110,1622,0,72,0,0,0,LEADER,1,0,0,71,0,0,0,0,0,0,0,0,0,0,0
197493,83,bully,2383,1,0,0,71,0,994,0,1,83,195110,2383,0,72,0,0,0,LEADER,1,0,0,71,0,0,0,0,0,0,0,0,0,0,0
197638,99,bully,1607,1,0,0,72,0,1008,0,1,99,196031,1607,0,73,0,0,0,LEADER,1,0,0,72,0,0,0,0,0,0,0,0,0,0,0
196814,55,bully,1704,1,0,0,71,0,994,0,1,55,195110,1704,0,72,0,0,0,LEADER,1,0,0,71,0,0,0,0,0,0,0,0,0,0,0
197605,89,bully,1574,1,0,0,72,0,1008,0,1,89,196031,1574,0,73,0,0,0,LEADER,1,0,0,72,0,0,0,0,0,0,0,0,0,0,0
196766,77,bully,1656,1,0,0,71,0,994,0,1,77,195110,1656,0,72,0,0,0,LEADER,1,0,0,71,0,0,0,0,0,0,0,0,0,0,0
197038,71,bully,1928,1,0,0,71,0,994,0,1,71,195110,1928,0,72,0,0,0,LEADER,1,0,0,71,0,0,0,0,0,0,0,0,0,0,0
197316,76,bully,2213,1,0,0,71,0,994,0,1,76,195103,2213,0,72,0,0,0,LEADER,1,0,0,71,0,0,0,0,0,0,0,0,0,0,0
196950,52,bully,1840,1,0,0,71,0,994,0,1,52,195110,1840,0,72,0,0,0,LEADER,1,0,0,71,0,0,0,0,0,0,0,0,0,0,0
196917,10,bully,1807,1,0,0,71,0,994,0,1,10,195110,1807,0,72,0,0,0,LEADER,1,0,0,71,0,0,0,0,0,0,0,0,0,0,0
196850,22,bully,1740,1,0,0,71,0,994,0,1,22,195110,1740,0,72,0,0,0,LEADER,1,0,0,71,0,0,0,0,0,0,0,0,0,0,0
196996,21,bully,1889,1,0,0,71,0,994,0,1,21,195107,1889,0,72,0,0,0,LEADER,1,0,0,71,0,0,0,0,0,0,0,0,0,0,0
197256,56,bully,2146,1,0,0,71,0,994,0,1,56,195110,2146,0,72,0,0,0,LEADER,1,0,0,71,0,0,0,0,0,0,0,0,0,0,0
196781,60,bully,1671,1,0,0,71,0,994,0,1,60,195110,1671,0,72,0,0,0,LEADER,1,0,0,71,0,0,0,0,0,0,0,0,0,0,0
197635,25,bully,1604,1,0,0,72,0,1008,0,1,25,196031,1604,0,73,0,0,0,LEADER,1,0,0,72,0,0,0,0,0,0,0,0,0,0,0
196847,65,bully,1737,1,0,0,71,0,994,0,1,65,195110,1737,0,72,0,0,0,LEADER,1,0,0,71,0,0,0,0,0,0,0,0,0,0,0
197523,19,bully,2413,1,0,0,71,0,994,0,1,19,195110,2413,0,72,0,0,0,LEADER,1,0,0,71,0,0,0,0,0,0,0,0,0,0,0
197153,69,bully,2043,1,0,0,71,0,994,0,1,69,195110,2043,0,72,0,0,0,LEADER,1,0,0,71,0,0,0,0,0,0,0,0,0,0,0
197756,54,bully,1725,1,0,0,72,0,1008,0,1,54,196031,1725,0,73,0,0,0,LEADER,1,0,0,72,0,0,0,0,0,0,0,0,0,0,0
197102,17,bully,1992,1,0,0,71,0,994,0,1,17,195110,1992,0,72,0,0,0,LEADER,1,0,0,71,0,0,0,0,0,0,0,0,0,0,0
197617,100,bully,1586,1,0,0,72,0,1008,0,1,100,196031,1586,0,73,0,0,0,LEADER,1,0,0,72,0,0,0,0,0,0,0,0,0,0,0
197580,16,bully,1549,1,0,0,72,0,1008,0,1,16,196031,1549,0,73,0,0,0,LEADER,1,0,0,72,0,0,0,0,0,0,0,0,0,0,0
197168,37,bully,2058,1,0,0,71,0,994,0,1,37,195110,2058,0,72,0,0,0,LEADER,1,0,0,71,0,0,0,0,0,0,0,0,0,0,0
197805,13,bully,1774,1,0,0,72,0,1008,0,1,13,196031,1774,0,73,0,0,0,LEADER,1,0,0,72,0,0,0,0,0,0,0,0,0,0,0
196965,20,bully,1855,1,0,0,71,0,994,0,1,20,195110,1855,0,72,0,0,0,LEADER,1,0,0,71,0,0,0,0,0,0,0,0,0,0,0
197598,41,bully,1567,1,0,0,72,0,1008,0,1,41,196031,1567,0,73,0,0,0,LEADER,1,0,0,72,0,0,0,0,0,0,0,0,0,0,0
197587,47,bully,1556,1,0,0,72,0,1008,0,1,47,196031,1556,0,73,0,0,0,LEADER,1,0,0,72,0,0,0,0,0,0,0,0,0,0,0
197412,95,bully,2301,1,0,0,71,0,994,0,1,95,195111,2301,0,72,0,0,0,LEADER,1,0,0,71,0,0,0,0,0,0,0,0,0,0,0
197275,98,bully,2165,1,0,0,71,0,994,0,1,98,195110,2165,0,72,0,0,0,LEADER,1,0,0,71,0,0,0,0,0,0,0,0,0,0,0
197459,73,bully,2349,1,0,0,71,0,994,0,1,73,195110,2349,0,72,0,0,0,LEADER,1,0,0,71,0,0,0,0,0,0,0,0,0,0,0
197005,61,bully,1895,1,0,0,71,0,994,0,1,61,195110,1895,0,72,0,0,0,LEADER,1,0,0,71,0,0,0,0,0,0,0,0,0,0,0
197753,97,bully,1722,1,0,0,72,0,1008,0,1,97,196031,1722,0,73,0,0,0,LEADER,1,0,0,72,0,0,0,0,0,0,0,0,0,0,0
197783,33,bully,1752,1,0,0,72,0,1008,0,1,33,196031,1752,0,73,0,0,0,LEADER,1,0,0,72,0,0,0,0,0,0,0,0,0,0,0
197441,31,bully,2331,1,0,0,71,0,994,0,1,31,195110,2331,0,72,0,0,0,LEADER,1,0,0,71,0,0,0,0,0,0,0,0,0,0,0
197953,40,bully,1922,1,0,0,72,0,1008,0,1,40,196031,1922,0,73,0,0,0,LEADER,1,0,0,72,0,0,0,0,0,0,0,0,0,0,0
197943,29,bully,1910,1,0,0,72,0,1008,0,1,29,196033,1910,0,73,0,0,0,LEADER,1,0,0,72,0,0,0,0,0,0,0,0,0,0,0
197769,96,bully,1744,1,0,0,72,0,1008,0,1,96,196025,1744,0,73,0,0,0,LEADER,1,0,0,72,0,0,0,0,0,0,0,0,0,0,0
197856,84,bully,1825,1,0,0,72,0,1008,0,1,84,196031,1825,0,73,0,0,0,LEADER,1,0,0,72,0,0,0,0,0,0,0,0,0,0,0
197552,80,bully,1519,1,0,0,72,0,1008,0,1,80,196033,1519,0,73,0,0,0,LEADER,1,0,0,72,0,0,0,0,0,0,0,0,0,0,0
197393,53,bully,2283,1,0,0,71,0,994,0,1,53,195110,2283,0,72,0,0,0,LEADER,1,0,0,71,0,0,0,0,0,0,0,0,0,0,0
197469,92,bully,1438,1,0,0,72,0,1008,0,1,92,196031,1438,0,73,0,0,0,LEADER,1,0,0,72,0,0,0,0,0,0,0,0,0,0,0
197642,91,bully,1619,1,0,0,72,0,1008,0,1,91,196023,1619,0,73,0,0,0,LEADER,1,0,0,72,0,0,0,0,0,0,0,0,0,0,0
197905,62,bully,1874,1,0,0,72,0,1008,0,1,62,196031,1874,0,73,0,0,0,LEADER,1,0,0,72,0,0,0,0,0,0,0,0,0,0,0
197602,15,bully,1571,1,0,0,72,0,1008,0,1,15,196031,1571,0,73,0,0,0,LEADER,1,0,0,72,0,0,0,0,0,0,0,0,0,0,0
197271,26,bully,2161,1,0,0,71,0,994,0,1,26,195110,2161,0,72,0,0,0,LEADER,1,0,0,71,0,0,0,0,0,0,0,0,0,0,0
198008,49,bully,1977,1,0,0,72,0,1008,0,1,49,196031,1977,0,73,0,0,0,LEADER,1,0,0,72,0,0,0,0,0,0,0,0,0,0,0
197823,58,bully,1792,1,0,0,72,0,1008,0,1,58,196031,1792,0,73,0,0,0,LEADER,1,0,0,72,0,0,0,0,0,0,0,0,0,0,0
197356,86,bully,2246,1,0,0,71,0,994,0,1,86,195110,2246,0,72,0,0,0,LEADER,1,0,0,71,0,0,0,0,0,0,0,0,0,0,0
197529,50,bully,2419,1,0,0,71,0,994,0,1,50,195110,2419,0,72,0,0,0,LEADER,1,0,0,71,0,0,0,0,0,0,0,0,0,0,0
197378,85,bully,2268,1,0,0,71,0,994,0,1,85,195110,2268,0,72,0,0,0,LEADER,1,0,0,71,0,0,0,0,0,0,0,0,0,0,0
197318,87,bully,2212,1,0,0,71,0,994,0,1,87,195106,2212,0,72,0,0,0,LEADER,1,0,0,71,0,0,0,0,0,0,0,0,0,0,0
197526,64,bully,2416,1,0,0,71,0,994,0,1,64,195110,2416,0,72,0,0,0,LEADER,1,0,0,71,0,0,0,0,0,0,0,0,0,0,0
197375,11,bully,2264,1,0,0,71,0,994,0,1,11,195111,2264,0,72,0,0,0,LEADER,1,0,0,71,0,0,0,0,0,0,0,0,0,0,0
197465,18,bully,1434,1,0,0,72,0,1008,0,1,18,196031,1434,0,73,0,0,0,LEADER,1,0,0,72,0,0,0,0,0,0,0,0,0,0,0
197584,90,bully,1553,1,0,0,72,0,1008,0,1,90,196031,1553,0,73,0,0,0,LEADER,1,0,0,72,0,0,0,0,0,0,0,0,0,0,0
197478,35,bully,1447,1,0,0,72,0,1008,0,1,35,196031,1447,0,73,0,0,0,LEADER,1,0,0,72,0,0,0,0,0,0,0,0,0,0,0
197359,43,bully,2249,1,0,0,71,0,994,0,1,43,195110,2249,0,72,0,0,0,LEADER,1,0,0,71,0,0,0,0,0,0,0,0,0,0,0
197498,28,bully,1467,1,0,0,72,0,1008,0,1,28,196031,1467,0,73,0,0,0,LEADER,1,0,0,72,0,0,0,0,0,0,0,0,0,0,0
197336,44,bully,2228,1,0,0,71,0,994,0,1,44,195108,2228,0,72,0,0,0,LEADER,1,0,0,71,0,0,0,0,0,0,0,0,0,0,0
198172,23,bully,2141,1,0,0,72,0,1008,0,1,23,196031,2141,0,73,0,0,0,LEADER,1,0,0,72,0,0,0,0,0,0,0,0,0,0,0
197492,30,bully,1461,1,0,0,72,0,1008,0,1,30,196031,1461,0,73,0,0,0,LEADER,1,0,0,72,0,0,0,0,0,0,0,0,0,0,0
197890,94,bully,1859,1,0,0,72,0,1008,0,1,94,196031,1859,0,73,0,0,0,LEADER,1,0,0,72,0,0,0,0,0,0,0,0,0,0,0
197532,38,bully,1501,1,0,0,72,0,1008,0,1,38,196031,1501,0,73,0,0,0,LEADER,1,0,0,72,0,0,0,0,0,0,0,0,0,0,0
198211,66,bully,2180,1,0,0,72,0,1008,0,1,66,196031,2180,0,73,0,0,0,LEADER,1,0,0,72,0,0,0,0,0,0,0,0,0,0,0
197517,70,bully,1486,1,0,0,72,0,1008,0,1,70,196031,1486,0,73,0,0,0,LEADER,1,0,0,72,0,0,0,0,0,0,0,0,0,0,0
198162,88,bully,2131,1,0,0,72,0,1008,0,1,88,196031,2131,0,73,0,0,0,LEADER,1,0,0,72,0,0,0,0,0,0,0,0,0,0,0
197345,75,bully,2235,1,0,0,71,0,994,0,1,75,195110,2235,0,72,0,0,0,LEADER,1,0,0,71,0,0,0,0,0,0,0,0,0,0,0
197355,12,bully,2243,1,0,0,71,0,994,0,1,12,195112,2243,0,72,0,0,0,LEADER,1,0,0,71,0,0,0,0,0,0,0,0,0,0,0
198056,27,bully,2025,1,0,0,72,0,1008,0,1,27,196031,2025,0,73,0,0,0,LEADER,1,0,0,72,0,0,0,0,0,0,0,0,0,0,0
197545,42,bully,1514,1,0,0,72,0,1008,0,1,42,196031,1514,0,73,0,0,0,LEADER,1,0,0,72,0,0,0,0,0,0,0,0,0,0,0
198192,24,bully,2161,1,0,0,72,0,1008,0,1,24,196031,2161,0,73,0,0,0,LEADER,1,0,0,72,0,0,0,0,0,0,0,0,0,0,0
198144,46,bully,2113,1,0,0,72,0,1008,0,1,46,196031,2113,0,73,0,0,0,LEADER,1,0,0,72,0,0,0,0,0,0,0,0,0,0,0
198041,59,bully,2010,1,0,0,72,0,1008,0,1,59,196031,2010,0,73,0,0,0,LEADER,1,0,0,72,0,0,0,0,0,0,0,0,0,0,0
197669,34,bully,1637,1,0,0,72,0,1008,0,1,34,196032,1637,0,73,0,0,0,LEADER,1,0,0,72,0,0,0,0,0,0,0,0,0,0,0
198323,32,bully,2292,1,0,0,72,0,1008,0,1,32,196031,2292,0,73,0,0,0,LEADER,1,0,0,72,0,0,0,0,0,0,0,0,0,0,0
197938,72,bully,1907,1,0,0,72,0,1008,0,1,72,196031,1907,0,73,0,0,0,LEADER,1,0,0,72,0,0,0,0,0,0,0,0,0,0,0
198350,63,bully,2316,1,0,0,72,0,1008,0,1,63,196034,2316,0,73,0,0,0,LEADER,1,0,0,72,0,0,0,0,0,0,0,0,0,0,0
197823,74,bully,1792,1,0,0,72,0,1008,0,1,74,196031,1792,0,73,0,0,0,LEADER,1,0,0,72,0,0,0,0,0,0,0,0,0,0,0
197565,48,bully,1534,1,0,0,72,0,1008,0,1,48,196031,1534,0,73,0,0,0,LEADER,1,0,0,72,0,0,0,0,0,0,0,0,0,0,0
198028,57,bully,1995,1,0,0,72,0,1008,0,1,57,196033,1995,0,73,0,0,0,LEADER,1,0,0,72,0,0,0,0,0,0,0,0,0,0,0
198096,68,bully,2065,1,0,0,72,0,1008,0,1,68,196031,2065,0,73,0,0,0,LEADER,1,0,0,72,0,0,0,0,0,0,0,0,0,0,0
197497,45,bully,1466,1,0,0,72,0,1008,0,1,45,196031,1466,0,73,0,0,0,LEADER,1,0,0,72,0,0,0,0,0,0,0,0,0,0,0
197854,93,bully,1823,1,0,0,72,0,1008,0,1,93,196031,1823,0,73,0,0,0,LEADER,1,0,0,72,0,0,0,0,0,0,0,0,0,0,0
198435,82,bully,2404,1,0,0,72,0,1008,0,1,82,196031,2404,0,73,0,0,0,LEADER,1,0,0,72,0,0,0,0,0,0,0,0,0,0,0
198429,51,bully,2398,1,0,0,72,0,1008,0,1,51,196031,2398,0,73,0,0,0,LEADER,1,0,0,72,0,0,0,0,0,0,0,0,0,0,0
197974,39,bully,1943,1,0,0,72,0,1008,0,1,39,196031,1943,0,73,0,0,0,LEADER,1,0,0,72,0,0,0,0,0,0,0,0,0,0,0
197720,78,bully,1689,1,0,0,72,0,1008,0,1,78,196031,1689,0,73,0,0,0,LEADER,1,0,0,72,0,0,0,0,0,0,0,0,0,0,0
198108,79,bully,2077,1,0,0,72,0,1008,0,1,79,196031,2077,0,73,0,0,0,LEADER,1,0,0,72,0,0,0,0,0,0,0,0,0,0,0
197683,14,bully,1652,1,0,0,72,0,1008,0,1,14,196031,1652,0,73,0,0,0,LEADER,1,0,0,72,0,0,0,0,0,0,0,0,0,0,0
198110,36,bully,2080,1,0,0,72,0,1008,0,1,36,196030,2080,0,73,0,0,0,LEADER,1,0,0,72,0,0,0,0,0,0,0,0,0,0,0
197993,81,bully,1962,1,0,0,72,0,1008,0,1,81,196031,1962,0,73,0,0,0,LEADER,1,0,0,72,0,0,0,0,0,0,0,0,0,0,0
197653,67,bully,1622,1,0,0,72,0,1008,0,1,67,196031,1622,0,73,0,0,0,LEADER,1,0,0,72,0,0,0,0,0,0,0,0,0,0,0
198414,83,bully,2383,1,0,0,72,0,1008,0,1,83,196031,2383,0,73,0,0,0,LEADER,1,0,0,72,0,0,0,0,0,0,0,0,0,0,0
198558,99,bully,1607,1,0,0,72,0,1008,0,1,99,196951,1607,0,73,0,0,0,LEADER,1,0,0,72,0,0,0,0,0,0,0,0,0,0,0
197735,55,bully,1704,1,0,0,72,0,1008,0,1,55,196031,1704,0,73,0,0,0,LEADER,1,0,0,72,0,0,0,0,0,0,0,0,0,0,0
198525,89,bully,1574,1,0,0,72,0,1008,0,1,89,196951,1574,0,73,0,0,0,LEADER,1,0,0,72,0,0,0,0,0,0,0,0,0,0,0
197687,77,bully,1656,1,0,0,72,0,1008,0,1,77,196031,1656,0,73,0,0,0,LEADER,1,0,0,72,0,0,0,0,0,0,0,0,0,0,0
197959,71,bully,1928,1,0,0,72,0,1008,0,1,71,196031,1928,0,73,0,0,0,LEADER,1,0,0,72,0,0,0,0,0,0,0,0,0,0,0
198237,76,bully,2213,1,0,0,72,0,1008,0,1,76,196024,2213,0,73,0,0,0,LEADER,1,0,0,72,0,0,0,0,0,0,0,0,0,0,0
197871,52,bully,1840,1,0,0,72,0,1008,0,1,52,196031,1840,0,73,0,0,0,LEADER,1,0,0,72,0,0,0,0,0,0,0,0,0,0,0
197838,10,bully,1807,1,0,0,72,0,1008,0,1,10,196031,1807,0,73,0,0,0,LEADER,1,0,0,72,0,0,0,0,0,0,0,0,0,0,0
197771,22,bully,1740,1,0,0,72,0,1008,0,1,22,196031,1740,0,73,0,0,0,LEADER,1,0,0,72,0,0,0,0,0,0,0,0,0,0,0
197917,21,bully,1889,1,0,0,72,0,1008,0,1,21,196028,1889,0,73,0,0,0,LEADER,1,0,0,72,0,0,0,0,0,0,0,0,0,0,0
198177,56,bully,2146,1,0,0,72,0,1008,0,1,56,196031,2146,0,73,0,0,0,LEADER,1,0,0,72,0,0,0,0,0,0,0,0,0,0,0
197702,60,bully,1671,1,0,0,72,0,1008,0,1,60,196031,1671,0,73,0,0,0,LEADER,1,0,0,72,0,0,0,0,0,0,0,0,0,0,0
198555,25,bully,1604,1,0,0,72,0,1008,0,1,25,196951,1604,0,73,0,0,0,LEADER,1,0,0,72,0,0,0,0,0,0,0,0,0,0,0
197768,65,bully,1737,1,0,0,72,0,1008,0,1,65,196031,1737,0,73,0,0,0,LEADER,1,0,0,72,0,0,0,0,0,0,0,0,0,0,0
198444,19,bully,2413,1,0,0,72,0,1008,0,1,19,196031,2413,0,73,0,0,0,LEADER,1,0,0,72,0,0,0,0,0,0,0,0,0,0,0
198074,69,bully,2043,1,0,0,72,0,1008,0,1,69,196031,2043,0,73,0,0,0,LEADER,1,0,0,72,0,0,0,0,0,0,0,0,0,0,0
198676,54,bully,1725,1,0,0,72,0,1008,0,1,54,196951,1725,0,73,0,0,0,LEADER,1,0,0,72,0,0,0,0,0,0,0,0,0,0,0
198023,17,bully,1992,1,0,0,72,0,1008,0,1,17,196031,1992,0,73,0,0,0,LEADER,1,0,0,72,0,0,0,0,0,0,0,0,0,0,0
198537,100,bully,1586,1,0,0,72,0,1008,0,1,100,196951,1586,0,73,0,0,0,LEADER,1,0,0,72,0,0,0,0,0,0,0,0,0,0,0
198500,16,bully,1549,1,0,0,72,0,1008,0,1,16,196951,1549,0,73,0,0,0,LEADER,1,0,0,72,0,0,0,0,0,0,0,0,0,0,0
198089,37,bully,2058,1,0,0,72,0,1008,0,1,37,196031,2058,0,73,0,0,0,LEADER,1,0,0,72,0,0,0,0,0,0,0,0,0,0,0
198725,13,bully,1774,1,0,0,72,0,1008,0,1,13,196951,1774,0,73,0,0,0,LEADER,1,0,0,72,0,0,0,0,0,0,0,0,0,0,0
197886,20,bully,1855,1,0,0,72,0,1008,0,1,20,196031,1855,0,73,0,0,0,LEADER,1,0,0,72,0,0,0,0,0,0,0,0,0,0,0
198518,41,bully,1567,1,0,0,72,0,1008,0,1,41,196951,1567,0,73,0,0,0,LEADER,1,0,0,72,0,0,0,0,0,0,0,0,0,0,0
198507,47,bully,1556,1,0,0,72,0,1008,0,1,47,196951,1556,0,73,0,0,0,LEADER,1,0,0,72,0,0,0,0,0,0,0,0,0,0,0
198333,95,bully,2301,1,0,0,72,0,1008,0,1,95,196032,2301,0,73,0,0,0,LEADER,1,0,0,72,0,0,0,0,0,0,0,0,0,0,0
198196,98,bully,2165,1,0,0,72,0,1008,0,1,98,196031,2165,0,73,0,0,0,LEADER,1,0,0,72,0,0,0,0,0,0,0,0,0,0,0
198380,73,bully,2349,1,0,0,72,0,1008,0,1,73,196031,2349,0,73,0,0,0,LEADER,1,0,0,72,0,0,0,0,0,0,0,0,0,0,0
198703,33,bully,1752,1,0,0,72,0,1008,0,1,33,196951,1752,0,73,0,0,0,LEADER,1,0,0,72,0,0,0,0,0,0,0,0,0,0,0
198673,97,bully,1722,1,0,0,72,0,1008,0,1,97,196951,1722,0,73,0,0,0,LEADER,1,0,0,72,0,0,0,0,0,0,0,0,0,0,0
197926,61,bully,1895,1,0,0,72,0,1008,0,1,61,196031,1895,0,73,0,0,0,LEADER,1,0,0,72,0,0,0,0,0,0,0,0,0,0,0
198873,40,bully,1922,1,0,0,72,0,1008,0,1,40,196951,1922,0,73,0,0,0,LEADER,1,0,0,72,0,0,0,0,0,0,0,0,0,0,0
198362,31,bully,2331,1,0,0,72,0,1008,0,1,31,196031,2331,0,73,0,0,0,LEADER,1,0,0,72,0,0,0,0,0,0,0,0,0,0,0
198863,29,bully,1910,1,0,0,72,0,1008,0,1,29,196953,1910,0,73,0,0,0,LEADER,1,0,0,72,0,0,0,0,0,0,0,0,0,0,0
198689,96,bully,1744,1,0,0,72,0,1008,0,1,96,196945,1744,0,73,0,0,0,LEADER,1,0,0,72,0,0,0,0,0,0,0,0,0,0,0
198776,84,bully,1825,1,0,0,72,0,1008,0,1,84,196951,1825,0,73,0,0,0,LEADER,1,0,0,72,0,0,0,0,0,0,0,0,0,0,0
198472,80,bully,1519,1,0,0,72,0,1008,0,1,80,196953,1519,0,73,0,0,0,LEADER,1,0,0,72,0,0,0,0,0,0,0,0,0,0,0
198314,53,bully,2283,1,0,0,72,0,1008,0,1,53,196031,2283,0,73,0,0,0,LEADER,1,0,0,72,0,0,0,0,0,0,0,0,0,0,0
198389,92,bully,1438,1,0,0,72,0,1008,0,1,92,196951,1438,0,73,0,0,0,LEADER,1,0,0,72,0,0,0,0,0,0,0,0,0,0,0
198562,91,bully,1619,1,0,0,72,0,1008,0,1,91,196943,1619,0,73,0,0,0,LEADER,1,0,0,72,0,0,0,0,0,0,0,0,0,0,0
198825,62,bully,1874,1,0,0,72,0,1008,0,1,62,196951,1874,0,73,0,0,0,LEADER,1,0,0,72,0,0,0,0,0,0,0,0,0,0,0
198522,15,bully,1571,1,0,0,72,0,1008,0,1,15,196951,1571,0,73,0,0,0,LEADER,1,0,0,72,0,0,0,0,0,0,0,0,0,0,0
198192,26,bully,2161,1,0,0,72,0,1008,0,1,26,196031,2161,0,73,0,0,0,LEADER,1,0,0,72,0,0,0,0,0,0,0,0,0,0,0
198928,49,bully,1977,1,0,0,72,0,1008,0,1,49,196951,1977,0,73,0,0,0,LEADER,1,0,0,72,0,0,0,0,0,0,0,0,0,0,0
198743,58,bully,1792,1,0,0,72,0,1008,0,1,58,196951,1792,0,73,0,0,0,LEADER,1,0,0,72,0,0,0,0,0,0,0,0,0,0,0
198277,86,bully,2246,1,0,0,72,0,1008,0,1,86,196031,2246,0,73,0,0,0,LEADER,1,0,0,72,0,0,0,0,0,0,0,0,0,0,0
198450,50,bully,2419,1,0,0,72,0,1008,0,1,50,196031,2419,0,73,0,0,0,LEADER,1,0,0,72,0,0,0,0,0,0,0,0,0,0,0
198299,85,bully,2268,1,0,0,72,0,1008,0,1,85,196031,2268,0,73,0,0,0,LEADER,1,0,0,72,0,0,0,0,0,0,0,0,0,0,0
198239,87,bully,2212,1,0,0,72,0,1008,0,1,87,196027,2212,0,73,0,0,0,LEADER,1,0,0,72,0,0,0,0,0,0,0,0,0,0,0
198447,64,bully,2416,1,0,0,72,0,1008,0,1,64,196031,2416,0,73,0,0,0,LEADER,1,0,0,72,0,0,0,0,0,0,0,0,0,0,0
198385,18,bully,1434,1,0,0,72,0,1008,0,1,18,196951,1434,0,73,0,0,0,LEADER,1,0,0,72,0,0,0,0,0,0,0,0,0,0,0
198296,11,bully,2264,1,0,0,72,0,1008,0,1,11,196032,2264,0,73,0,0,0,LEADER,1,0,0,72,0,0,0,0,0,0,0,0,0,0,0
198504,90,bully,1553,1,0,0,72,0,1008,0,1,90,196951,1553,0,73,0,0,0,LEADER,1,0,0,72,0,0,0,0,0,0,0,0,0,0,0
198398,35,bully,1447,1,0,0,72,0,1008,0,1,35,196951,1447,0,73,0,0,0,LEADER,1,0,0,72,0,0,0,0,0,0,0,0,0,0,0
198280,43,bully,2249,1,0,0,72,0,1008,0,1,43,196031,2249,0,73,0,0,0,LEADER,1,0,0,72,0,0,0,0,0,0,0,0,0,0,0
198418,28,bully,1467,1,0,0,72,0,1008,0,1,28,196951,1467,0,73,0,0,0,LEADER,1,0,0,72,0,0,0,0,0,0,0,0,0,0,0
198257,44,bully,2228,1,0,0,72,0,1008,0,1,44,196029,2228,0,73,0,0,0,LEADER,1,0,0,72,0,0,0,0,0,0,0,0,0,0,0
199092,23,bully,2141,1,0,0,72,0,1008,0,1,23,196951,2141,0,73,0,0,0,LEADER,1,0,0,72,0,0,0,0,0,0,0,0,0,0,0
198412,30,bully,1461,1,0,0,72,0,1008,0,1,30,196951,1461,0,73,0,0,0,LEADER,1,0,0,72,0,0,0,0,0,0,0,0,0,0,0
198810,94,bully,1859,1,0,0,72,0,1008,0,1,94,196951,1859,0,73,0,0,0,LEADER,1,0,0,72,0,0,0,0,0,0,0,0,0,0,0
198452,38,bully,1501,1,0,0,72,0,1008,0,1,38,196951,1501,0,73,0,0,0,LEADER,1,0,0,72,0,0,0,0,0,0,0,0,0,0,0
199131,66,bully,2180,1,0,0,72,0,1008,0,1,66,196951,2180,0,73,0,0,0,LEADER,1,0,0,72,0,0,0,0,0,0,0,0,0,0,0
198437,70,bully,1486,1,0,0,72,0,1008,0,1,70,196951,1486,0,73,0,0,0,LEADER,1,0,0,72,0,0,0,0,0,0,0,0,0,0,0
199082,88,bully,2131,1,0,0,72,0,1008,0,1,88,196951,2131,0,73,0,0,0,LEADER,1,0,0,72,0,0,0,0,0,0,0,0,0,0,0
198266,75,bully,2235,1,0,0,72,0,1008,0,1,75,196031,2235,0,73,0,0,0,LEADER,1,0,0,72,0,0,0,0,0,0,0,0,0,0,0
198276,12,bully,2243,1,0,0,72,0,1008,0,1,12,196033,2243,0,73,0,0,0,LEADER,1,0,0,72,0,0,0,0,0,0,0,0,0,0,0
198976,27,bully,2025,1,0,0,72,0,1008,0,1,27,196951,2025,0,73,0,0,0,LEADER,1,0,0,72,0,0,0,0,0,0,0,0,0,0,0
198465,42,bully,1514,1,0,0,72,0,1008,0,1,42,196951,1514,0,73,0,0,0,LEADER,1,0,0,72,0,0,0,0,0,0,0,0,0,0,0
199112,24,bully,2161,1,0,0,72,0,1008,0,1,24,196951,2161,0,73,0,0,0,LEADER,1,0,0,72,0,0,0,0,0,0,0,0,0,0,0
199064,46,bully,2113,1,0,0,72,0,1008,0,1,46,196951,2113,0,73,0,0,0,LEADER,1,0,0,72,0,0,0,0,0,0,0,0,0,0,0
198961,59,bully,2010,1,0,0,72,0,1008,0,1,59,196951,2010,0,73,0,0,0,LEADER,1,0,0,72,0,0,0,0,0,0,0,0,0,0,0
198589,34,bully,1637,1,0,0,72,0,1008,0,1,34,196952,1637,0,73,0,0,0,LEADER,1,0,0,72,0,0,0,0,0,0,0,0,0,0,0
199243,32,bully,2292,1,0,0,72,0,1008,0,1,32,196951,2292,0,73,0,0,0,LEADER,1,0,0,72,0,0,0,0,0,0,0,0,0,0,0
198858,72,bully,1907,1,0,0,72,0,1008,0,1,72,196951,1907,0,73,0,0,0,LEADER,1,0,0,72,0,0,0,0,0,0,0,0,0,0,0
199270,63,bully,2316,1,0,0,72,0,1008,0,1,63,196954,2316,0,73,0,0,0,LEADER,1,0,0,72,0,0,0,0,0,0,0,0,0,0,0
198743,74,bully,1792,1,0,0,72,0,1008,0,1,74,196951,1792,0,73,0,0,0,LEADER,1,0,0,72,0,0,0,0,0,0,0,0,0,0,0
198485,48,bully,1534,1,0,0,72,0,1008,0,1,48,196951,1534,0,73,0,0,0,LEADER,1,0,0,72,0,0,0,0,0,0,0,0,0,0,0
198948,57,bully,1995,1,0,0,72,0,1008,0,1,57,196953,1995,0,73,0,0,0,LEADER,1,0,0,72,0,0,0,0,0,0,0,0,0,0,0
199016,68,bully,2065,1,0,0,72,0,1008,0,1,68,196951,2065,0,73,0,0,0,LEADER,1,0,0,72,0,0,0,0,0,0,0,0,0,0,0
198417,45,bully,1466,1,0,0,72,0,1008,0,1,45,196951,1466,0,73,0,0,0,LEADER,1,0,0,72,0,0,0,0,0,0,0,0,0,0,0
198774,93,bully,1823,1,0,0,72,0,1008,0,1,93,196951,1823,0,73,0,0,0,LEADER,1,0,0,72,0,0,0,0,0,0,0,0,0,0,0
199355,82,bully,2404,1,0,0,72,0,1008,0,1,82,196951,2404,0,73,0,0,0,LEADER,1,0,0,72,0,0,0,0,0,0,0,0,0,0,0
199349,51,bully,2398,1,0,0,72,0,1008,0,1,51,196951,2398,0,73,0,0,0,LEADER,1,0,0,72,0,0,0,0,0,0,0,0,0,0,0
198894,39,bully,1943,1,0,0,72,0,1008,0,1,39,196951,1943,0,73,0,0,0,LEADER,1,0,0,72,0,0,0,0,0,0,0,0,0,0,0
198640,78,bully,1689,1,0,0,72,0,1008,0,1,78,196951,1689,0,73,0,0,0,LEADER,1,0,0,72,0,0,0,0,0,0,0,0,0,0,0
199028,79,bully,2077,1,0,0,72,0,1008,0,1,79,196951,2077,0,73,0,0,0,LEADER,1,0,0,72,0,0,0,0,0,0,0,0,0,0,0
198603,14,bully,1652,1,0,0,72,0,1008,0,1,14,196951,1652,0,73,0,0,0,LEADER,1,0,0,72,0,0,0,0,0,0,0,0,0,0,0
199030,36,bully,2080,1,0,0,72,0,1008,0,1,36,196950,2080,0,73,0,0,0,LEADER,1,0,0,72,0,0,0,0,0,0,0,0,0,0,0
198913,81,bully,1962,1,0,0,72,0,1008,0,1,81,196951,1962,0,73,0,0,0,LEADER,1,0,0,72,0,0,0,0,0,0,0,0,0,0,0
198573,67,bully,1622,1,0,0,72,0,1008,0,1,67,196951,1622,0,73,0,0,0,LEADER,1,0,0,72,0,0,0,0,0,0,0,0,0,0,0
199334,83,bully,2383,1,0,0,72,0,1008,0,1,83,196951,2383,0,73,0,0,0,LEADER,1,0,0,72,0,0,0,0,0,0,0,0,0,0,0
199478,99,bully,1607,1,0,0,72,0,1008,0,1,99,197871,1607,0,73,0,0,0,LEADER,1,0,0,72,0,0,0,0,0,0,0,0,0,0,0
198655,55,bully,1704,1,0,0,72,0,1008,0,1,55,196951,1704,0,73,0,0,0,LEADER,1,0,0,72,0,0,0,0,0,0,0,0,0,0,0
199445,89,bully,1574,1,0,0,72,0,1008,0,1,89,197871,1574,0,73,0,0,0,LEADER,1,0,0,72,0,0,0,0,0,0,0,0,0,0,0
198607,77,bully,1656,1,0,0,72,0,1008,0,1,77,196951,1656,0,73,0,0,0,LEADER,1,0,0,72,0,0,0,0,0,0,0,0,0,0,0
198879,71,bully,1928,1,0,0,72,0,1008,0,1,71,196951,1928,0,73,0,0,0,LEADER,1,0,0,72,0,0,0,0,0,0,0,0,0,0,0
199157,76,bully,2213,1,0,0,72,0,1008,0,1,76,196944,2213,0,73,0,0,0,LEADER,1,0,0,72,0,0,0,0,0,0,0,0,0,0,0
198791,52,bully,1840,1,0,0,72,0,1008,0,1,52,196951,1840,0,73,0,0,0,LEADER,1,0,0,72,0,0,0,0,0,0,0,0,0,0,0
198758,10,bully,1807,1,0,0,72,0,1008,0,1,10,196951,1807,0,73,0,0,0,LEADER,1,0,0,72,0,0,0,0,0,0,0,0,0,0,0
198691,22,bully,1740,1,0,0,72,0,1008,0,1,22,196951,1740,0,73,0,0,0,LEADER,1,0,0,72,0,0,0,0,0,0,0,0,0,0,0
198837,21,bully,1889,1,0,0,72,0,1008,0,1,21,196948,1889,0,73,0,0,0,LEADER,1,0,0,72,0,0,0,0,0,0,0,0,0,0,0
199097,56,bully,2146,1,0,0,72,0,1008,0,1,56,196951,2146,0,73,0,0,0,LEADER,1,0,0,72,0,0,0,0,0,0,0,0,0,0,0
198622,60,bully,1671,1,0,0,72,0,1008,0,1,60,196951,1671,0,73,0,0,0,LEADER,1,0,0,72,0,0,0,0,0,0,0,0,0,0,0
199475,25,bully,1604,1,0,0,72,0,1008,0,1,25,197871,1604,0,73,0,0,0,LEADER,1,0,0,72,0,0,0,0,0,0,0,0,0,0,0
198688,65,bully,1737,1,0,0,72,0,1008,0,1,65,196951,1737,0,73,0,0,0,LEADER,1,0,0,72,0,0,0,0,0,0,0,0,0,0,0
199364,19,bully,2413,1,0,0,72,0,1008,0,1,19,196951,2413,0,73,0,0,0,LEADER,1,0,0,72,0,0,0,0,0,0,0,0,0,0,0
198994,69,bully,2043,1,0,0,72,0,1008,0,1,69,196951,2043,0,73,0,0,0,LEADER,1,0,0,72,0,0,0,0,0,0,0,0,0,0,0
199596,54,bully,1725,1,0,0,72,0,1008,0,1,54,197871,1725,0,73,0,0,0,LEADER,1,0,0,72,0,0,0,0,0,0,0,0,0,0,0
198943,17,bully,1992,1,0,0,72,0,1008,0,1,17,196951,1992,0,73,0,0,0,LEADER,1,0,0,72,0,0,0,0,0,0,0,0,0,0,0
199457,100,bully,1586,1,0,0,72,0,1008,0,1,100,197871,1586,0,73,0,0,0,LEADER,1,0,0,72,0,0,0,0,0,0,0,0,0,0,0
199420,16,bully,1549,1,0,0,72,0,1008,0,1,16,197871,1549,0,73,0,0,0,LEADER,1,0,0,72,0,0,0,0,0,0,0,0,0,0,0
199009,37,bully,2058,1,0,0,72,0,1008,0,1,37,196951,2058,0,73,0,0,0,LEADER,1,0,0,72,0,0,0,0,0,0,0,0,0,0,0
199645,13,bully,1774,1,0,0,72,0,1008,0,1,13,197871,1774,0,73,0,0,0,LEADER,1,0,0,72,0,0,0,0,0,0,0,0,0,0,0
198806,20,bully,1855,1,0,0,72,0,1008,0,1,20,196951,1855,0,73,0,0,0,LEADER,1,0,0,72,0,0,0,0,0,0,0,0,0,0,0
199438,41,bully,1567,1,0,0,72,0,1008,0,1,41,197871,1567,0,73,0,0,0,LEADER,1,0,0,72,0,0,0,0,0,0,0,0,0,0,0
199427,47,bully,1556,1,0,0,72,0,1008,0,1,47,197871,1556,0,73,0,0,0,LEADER,1,0,0,72,0,0,0,0,0,0,0,0,0,0,0
199253,95,bully,2301,1,0,0,72,0,1008,0,1,95,196952,2301,0,73,0,0,0,LEADER,1,0,0,72,0,0,0,0,0,0,0,0,0,0,0
199116,98,bully,2165,1,0,0,72,0,1008,0,1,98,196951,2165,0,73,0,0,0,LEADER,1,0,0,72,0,0,0,0,0,0,0,0,0,0,0
199300,73,bully,2349,1,0,0,72,0,1008,0,1,73,196951,2349,0,73,0,0,0,LEADER,1,0,0,72,0,0,0,0,0,0,0,0,0,0,0
199623,33,bully,1752,1,0,0,72,0,1008,0,1,33,197871,1752,0,73,0,0,0,LEADER,1,0,0,72,0,0,0,0,0,0,0,0,0,0,0
199593,97,bully,1722,1,0,0,72,0,1008,0,1,97,197871,1722,0,73,0,0,0,LEADER,1,0,0,72,0,0,0,0,0,0,0,0,0,0,0
198846,61,bully,1895,1,0,0,72,0,1008,0,1,61,196951,1895,0,73,0,0,0,LEADER,1,0,0,72,0,0,0,0,0,0,0,0,0,0,0
199793,40,bully,1922,1,0,0,72,0,1008,0,1,40,197871,1922,0,73,0,0,0,LEADER,1,0,0,72,0,0,0,0,0,0,0,0,0,0,0
199282,31,bully,2331,1,0,0,72,0,1008,0,1,31,196951,2331,0,73,0,0,0,LEADER,1,0,0,72,0,0,0,0,0,0,0,0,0,0,0
199783,29,bully,1910,1,0,0,72,0,1008,0,1,29,197873,1910,0,73,0,0,0,LEADER,1,0,0,72,0,0,0,0,0,0,0,0,0,0,0
199609,96,bully,1744,1,0,0,72,0,1008,0,1,96,197865,1744,0,73,0,0,0,LEADER,1,0,0,72,0,0,0,0,0,0,0,0,0,0,0
199696,84,bully,1825,1,0,0,72,0,1008,0,1,84,197871,1825,0,73,0,0,0,LEADER,1,0,0,72,0,0,0,0,0,0,0,0,0,0,0
199392,80,bully,1519,1,0,0,72,0,1008,0,1,80,197873,1519,0,73,0,0,0,LEADER,1,0,0,72,0,0,0,0,0,0,0,0,0,0,0
199234,53,bully,2283,1,0,0,72,0,1008,0,1,53,196951,2283,0,73,0,0,0,LEADER,1,0,0,72,0,0,0,0,0,0,0,0,0,0,0
199309,92,bully,1438,1,0,0,72,0,1008,0,1,92,197871,1438,0,73,0,0,0,LEADER,1,0,0,72,0,0,0,0,0,0,0,0,0,0,0
199482,91,bully,1619,1,0,0,72,0,1008,0,1,91,197863,1619,0,73,0,0,0,LEADER,1,0,0,72,0,0,0,0,0,0,0,0,0,0,0
199745,62,bully,1874,1,0,0,72,0,1008,0,1,62,197871,1874,0,73,0,0,0,LEADER,1,0,0,72,0,0,0,0,0,0,0,0,0,0,0
199442,15,bully,1571,1,0,0,72,0,1008,0,1,15,197871,1571,0,73,0,0,0,LEADER,1,0,0,72,0,0,0,0,0,0,0,0,0,0,0
199112,26,bully,2161,1,0,0,72,0,1008,0,1,26,196951,2161,0,73,0,0,0,LEADER,1,0,0,72,0,0,0,0,0,0,0,0,0,0,0
199848,49,bully,1977,1,0,0,72,0,1008,0,1,49,197871,1977,0,73,0,0,0,LEADER,1,0,0,72,0,0,0,0,0,0,0,0,0,0,0
199663,58,bully,1792,1,0,0,72,0,1008,0,1,58,197871,1792,0,73,0,0,0,LEADER,1,0,0,72,0,0,0,0,0,0,0,0,0,0,0
199197,86,bully,2246,1,0,0,72,0,1008,0,1,86,196951,2246,0,73,0,0,0,LEADER,1,0,0,72,0,0,0,0,0,0,0,0,0,0,0
199370,50,bully,2419,1,0,0,72,0,1008,0,1,50,196951,2419,0,73,0,0,0,LEADER,1,0,0,72,0,0,0,0,0,0,0,0,0,0,0
199219,85,bully,2268,1,0,0,72,0,1008,0,1,85,196951,2268,0,73,0,0,0,LEADER,1,0,0,72,0,0,0,0,0,0,0,0,0,0,0
199159,87,bully,2212,1,0,0,72,0,1008,0,1,87,196947,2212,0,73,0,0,0,LEADER,1,0,0,72,0,0,0,0,0,0,0,0,0,0,0
199367,64,bully,2416,1,0,0,72,0,1008,0,1,64,196951,2416,0,73,0,0,0,LEADER,1,0,0,72,0,0,0,0,0,0,0,0,0,0,0
199305,18,bully,1434,1,0,0,72,0,1008,0,1,18,197871,1434,0,73,0,0,0,LEADER,1,0,0,72,0,0,0,0,0,0,0,0,0,0,0
199216,11,bully,2264,1,0,0,72,0,1008,0,1,11,196952,2264,0,73,0,0,0,LEADER,1,0,0,72,0,0,0,0,0,0,0,0,0,0,0
199424,90,bully,1553,1,0,0,72,0,1008,0,1,90,197871,1553,0,73,0,0,0,LEADER,1,0,0,72,0,0,0,0,0,0,0,0,0,0,0
199318,35,bully,1447,1,0,0,72,0,1008,0,1,35,197871,1447,0,73,0,0,0,LEADER,1,0,0,72,0,0,0,0,0,0,0,0,0,0,0
199200,43,bully,2249,1,0,0,72,0,1008,0,1,43,196951,2249,0,73,0,0,0,LEADER,1,0,0,72,0,0,0,0,0,0,0,0,0,0,0
199338,28,bully,1467,1,0,0,72,0,1008,0,1,28,197871,1467,0,73,0,0,0,LEADER,1,0,0,72,0,0,0,0,0,0,0,0,0,0,0
199177,44,bully,2228,1,0,0,72,0,1008,0,1,44,196949,2228,0,73,0,0,0,LEADER,1,0,0,72,0,0,0,0,0,0,0,0,0,0,0
200012,23,bully,2141,1,0,0,72,0,1008,0,1,23,197871,2141,0,73,0,0,0,LEADER,1,0,0,72,0,0,0,0,0,0,0,0,0,0,0
199332,30,bully,1461,1,0,0,72,0,1008,0,1,30,197871,1461,0,73,0,0,0,LEADER,1,0,0,72,0,0,0,0,0,0,0,0,0,0,0
199730,94,bully,1859,1,0,0,72,0,1008,0,1,94,197871,1859,0,73,0,0,0,LEADER,1,0,0,72,0,0,0,0,0,0,0,0,0,0,0
199372,38,bully,1501,1,0,0,72,0,1008,0,1,38,197871,1501,0,73,0,0,0,LEADER,1,0,0,72,0,0,0,0,0,0,0,0,0,0,0
200051,66,bully,2180,1,0,0,72,0,1008,0,1,66,197871,2180,0,73,0,0,0,LEADER,1,0,0,72,0,0,0,0,0,0,0,0,0,0,0
199357,70,bully,1486,1,0,0,72,0,1008,0,1,70,197871,1486,0,73,0,0,0,LEADER,1,0,0,72,0,0,0,0,0,0,0,0,0,0,0
200002,88,bully,2131,1,0,0,72,0,1008,0,1,88,197871,2131,0,73,0,0,0,LEADER,1,0,0,72,0,0,0,0,0,0,0,0,0,0,0
199186,75,bully,2235,1,0,0,72,0,1008,0,1,75,196951,2235,0,73,0,0,0,LEADER,1,0,0,72,0,0,0,0,0,0,0,0,0,0,0
199196,12,bully,2243,1,0,0,72,0,1008,0,1,12,196953,2243,0,73,0,0,0,LEADER,1,0,0,72,0,0,0,0,0,0,0,0,0,0,0
199896,27,bully,2025,1,0,0,72,0,1008,0,1,27,197871,2025,0,73,0,0,0,LEADER,1,0,0,72,0,0,0,0,0,0,0,0,0,0,0
199385,42,bully,1514,1,0,0,72,0,1008,0,1,42,197871,1514,0,73,0,0,0,LEADER,1,0,0,72,0,0,0,0,0,0,0,0,0,0,0
200032,24,bully,2161,1,0,0,72,0,1008,0,1,24,197871,2161,0,73,0,0,0,LEADER,1,0,0,72,0,0,0,0,0,0,0,0,0,0,0
199984,46,bully,2113,1,0,0,72,0,1008,0,1,46,197871,2113,0,73,0,0,0,LEADER,1,0,0,72,0,0,0,0,0,0,0,0,0,0,0
199881,59,bully,2010,1,0,0,72,0,1008,0,1,59,197871,2010,0,73,0,0,0,LEADER,1,0,0,72,0,0,0,0,0,0,0,0,0,0,0
200163,32,bully,2292,1,0,0,72,0,1008,0,1,32,197871,2292,0,73,0,0,0,LEADER,1,0,0,72,0,0,0,0,0,0,0,0,0,0,0
199509,34,bully,1637,1,0,0,72,0,1008,0,1,34,197872,1637,0,73,0,0,0,LEADER,1,0,0,72,0,0,0,0,0,0,0,0,0,0,0
199778,72,bully,1907,1,0,0,72,0,1008,0,1,72,197871,1907,0,73,0,0,0,LEADER,1,0,0,72,0,0,0,0,0,0,0,0,0,0,0
200190,63,bully,2316,1,0,0,72,0,1008,0,1,63,197874,2316,0,73,0,0,0,LEADER,1,0,0,72,0,0,0,0,0,0,0,0,0,0,0
199663,74,bully,1792,1,0,0,72,0,1008,0,1,74,197871,1792,0,73,0,0,0,LEADER,1,0,0,72,0,0,0,0,0,0,0,0,0,0,0
199405,48,bully,1534,1,0,0,72,0,1008,0,1,48,197871,1534,0,73,0,0,0,LEADER,1,0,0,72,0,0,0,0,0,0,0,0,0,0,0
199868,57,bully,1995,1,0,0,72,0,1008,0,1,57,197873,1995,0,73,0,0,0,LEADER,1,0,0,72,0,0,0,0,0,0,0,0,0,0,0
199936,68,bully,2065,1,0,0,72,0,1008,0,1,68,197871,2065,0,73,0,0,0,LEADER,1,0,0,72,0,0,0,0,0,0,0,0,0,0,0
199337,45,bully,1466,1,0,0,72,0,1008,0,1,45,197871,1466,0,73,0,0,0,LEADER,1,0,0,72,0,0,0,0,0,0,0,0,0,0,0
199694,93,bully,1823,1,0,0,72,0,1008,0,1,93,197871,1823,0,73,0,0,0,LEADER,1,0,0,72,0,0,0,0,0,0,0,0,0,0,0
200275,82,bully,2404,1,0,0,72,0,1008,0,1,82,197871,2404,0,73,0,0,0,LEADER,1,0,0,72,0,0,0,0,0,0,0,0,0,0,0
200269,51,bully,2398,1,0,0,72,0,1008,0,1,51,197871,2398,0,73,0,0,0,LEADER,1,0,0,72,0,0,0,0,0,0,0,0,0,0,0
199814,39,bully,1943,1,0,0,72,0,1008,0,1,39,197871,1943,0,73,0,0,0,LEADER,1,0,0,72,0,0,0,0,0,0,0,0,0,0,0
199560,78,bully,1689,1,0,0,72,0,1008,0,1,78,197871,1689,0,73,0,0,0,LEADER,1,0,0,72,0,0,0,0,0,0,0,0,0,0,0
199948,79,bully,2077,1,0,0,72,0,1008,0,1,79,197871,2077,0,73,0,0,0,LEADER,1,0,0,72,0,0,0,0,0,0,0,0,0,0,0
199523,14,bully,1652,1,0,0,72,0,1008,0,1,14,197871,1652,0,73,0,0,0,LEADER,1,0,0,72,0,0,0,0,0,0,0,0,0,0,0
199950,36,bully,2080,1,0,0,72,0,1008,0,1,36,197870,2080,0,73,0,0,0,LEADER,1,0,0,72,0,0,0,0,0,0,0,0,0,0,0
199833,81,bully,1962,1,0,0,72,0,1008,0,1,81,197871,1962,0,73,0,0,0,LEADER,1,0,0,72,0,0,0,0,0,0,0,0,0,0,0
199493,67,bully,1622,1,0,0,72,0,1008,0,1,67,197871,1622,0,73,0,0,0,LEADER,1,0,0,72,0,0,0,0,0,0,0,0,0,0,0
200254,83,bully,2383,1,0,0,72,0,1008,0,1,83,197871,2383,0,73,0,0,0,LEADER,1,0,0,72,0,0,0,0,0,0,0,0,0,0,0
200399,99,bully,1607,1,0,0,73,0,1022,0,1,99,198792,1607,0,74,0,0,0,LEADER,1,0,0,73,0,0,0,0,0,0,0,0,0,0,0
199575,55,bully,1704,1,0,0,72,0,1008,0,1,55,197871,1704,0,73,0,0,0,LEADER,1,0,0,72,0,0,0,0,0,0,0,0,0,0,0
200366,89,bully,1574,1,0,0,73,0,1022,0,1,89,198792,1574,0,74,0,0,0,LEADER,1,0,0,73,0,0,0,0,0,0,0,0,0,0,0
199527,77,bully,1656,1,0,0,72,0,1008,0,1,77,197871,1656,0,73,0,0,0,LEADER,1,0,0,72,0,0,0,0,0,0,0,0,0,0,0
199799,71,bully,1928,1,0,0,72,0,1008,0,1,71,197871,1928,0,73,0,0,0,LEADER,1,0,0,72,0,0,0,0,0,0,0,0,0,0,0
200077,76,bully,2213,1,0,0,72,0,1008,0,1,76,197864,2213,0,73,0,0,0,LEADER,1,0,0,72,0,0,0,0,0,0,0,0,0,0,0
199711,52,bully,1840,1,0,0,72,0,1008,0,1,52,197871,1840,0,73,0,0,0,LEADER,1,0,0,72,0,0,0,0,0,0,0,0,0,0,0
199678,10,bully,1807,1,0,0,72,0,1008,0,1,10,197871,1807,0,73,0,0,0,LEADER,1,0,0,72,0,0,0,0,0,0,0,0,0,0,0
199611,22,bully,1740,1,0,0,72,0,1008,0,1,22,197871,1740,0,73,0,0,0,LEADER,1,0,0,72,0,0,0,0,0,0,0,0,0,0,0
199757,21,bully,1889,1,0,0,72,0,1008,0,1,21,197868,1889,0,73,0,0,0,LEADER,1,0,0,72,0,0,0,0,0,0,0,0,0,0,0
200017,56,bully,2146,1,0,0,72,0,1008,0,1,56,197871,2146,0,73,0,0,0,LEADER,1,0,0,72,0,0,0,0,0,0,0,0,0,0,0
199542,60,bully,1671,1,0,0,72,0,1008,0,1,60,197871,1671,0,73,0,0,0,LEADER,1,0,0,72,0,0,0,0,0,0,0,0,0,0,0
200396,25,bully,1604,1,0,0,73,0,1022,0,1,25,198792,1604,0,74,0,0,0,LEADER,1,0,0,73,0,0,0,0,0,0,0,0,0,0,0
199608,65,bully,1737,1,0,0,72,0,1008,0,1,65,197871,1737,0,73,0,0,0,LEADER,1,0,0,72,0,0,0,0,0,0,0,0,0,0,0
200284,19,bully,2413,1,0,0,72,0,1008,0,1,19,197871,2413,0,73,0,0,0,LEADER,1,0,0,72,0,0,0,0,0,0,0,0,0,0,0
199914,69,bully,2043,1,0,0,72,0,1008,0,1,69,197871,2043,0,73,0,0,0,LEADER,1,0,0,72,0,0,0,0,0,0,0,0,0,0,0
200517,54,bully,1725,1,0,0,73,0,1022,0,1,54,198792,1725,0,74,0,0,0,LEADER,1,0,0,73,0,0,0,0,0,0,0,0,0,0,0
199863,17,bully,1992,1,0,0,72,0,1008,0,1,17,197871,1992,0,73,0,0,0,LEADER,1,0,0,72,0,0,0,0,0,0,0,0,0,0,0
200378,100,bully,1586,1,0,0,73,0,1022,0,1,100,198792,1586,0,74,0,0,0,LEADER,1,0,0,73,0,0,0,0,0,0,0,0,0,0,0
200341,16,bully,1549,1,0,0,73,0,1022,0,1,16,198792,1549,0,74,0,0,0,LEADER,1,0,0,73,0,0,0,0,0,0,0,0,0,0,0
199929,37,bully,2058,1,0,0,72,0,1008,0,1,37,197871,2058,0,73,0,0,0,LEADER,1,0,0,72,0,0,0,0,0,0,0,0,0,0,0
200566,13,bully,1774,1,0,0,73,0,1022,0,1,13,198792,1774,0,74,0,0,0,LEADER,1,0,0,73,0,0,0,0,0,0,0,0,0,0,0
199726,20,bully,1855,1,0,0,72,0,1008,0,1,20,197871,1855,0,73,0,0,0,LEADER,1,0,0,72,0,0,0,0,0,0,0,0,0,0,0
200359,41,bully,1567,1,0,0,73,0,1022,0,1,41,198792,1567,0,74,0,0,0,LEADER,1,0,0,73,0,0,0,0,0,0,0,0,0,0,0
200348,47,bully,1556,1,0,0,73,0,1022,0,1,47,198792,1556,0,74,0,0,0,LEADER,1,0,0,73,0,0,0,0,0,0,0,0,0,0,0
200173,95,bully,2301,1,0,0,72,0,1008,0,1,95,197872,2301,0,73,0,0,0,LEADER,1,0,0,72,0,0,0,0,0,0,0,0,0,0,0
200036,98,bully,2165,1,0,0,72,0,1008,0,1,98,197871,2165,0,73,0,0,0,LEADER,1,0,0,72,0,0,0,0,0,0,0,0,0,0,0
200220,73,bully,2349,1,0,0,72,0,1008,0,1,73,197871,2349,0,73,0,0,0,LEADER,1,0,0,72,0,0,0,0,0,0,0,0,0,0,0
199766,61,bully,1895,1,0,0,72,0,1008,0,1,61,197871,1895,0,73,0,0,0,LEADER,1,0,0,72,0,0,0,0,0,0,0,0,0,0,0
200514,97,bully,1722,1,0,0,73,0,1022,0,1,97,198792,1722,0,74,0,0,0,LEADER,1,0,0,73,0,0,0,0,0,0,0,0,0,0,0
200544,33,bully,1752,1,0,0,73,0,1022,0,1,33,198792,1752,0,74,0,0,0,LEADER,1,0,0,73,0,0,0,0,0,0,0,0,0,0,0
200202,31,bully,2331,1,0,0,72,0,1008,0,1,31,197871,2331,0,73,0,0,0,LEADER,1,0,0,72,0,0,0,0,0,0,0,0,0,0,0
200714,40,bully,1922,1,0,0,73,0,1022,0,1,40,198792,1922,0,74,0,0,0,LEADER,1,0,0,73,0,0,0,0,0,0,0,0,0,0,0
200704,29,bully,1910,1,0,0,73,0,1022,0,1,29,198794,1910,0,74,0,0,0,LEADER,1,0,0,73,0,0,0,0,0,0,0,0,0,0,0
200530,96,bully,1744,1,0,0,73,0,1022,0,1,96,198786,1744,0,74,0,0,0,LEADER,1,0,0,73,0,0,0,0,0,0,0,0,0,0,0
200617,84,bully,1825,1,0,0,73,0,1022,0,1,84,198792,1825,0,74,0,0,0,LEADER,1,0,0,73,0,0,0,0,0,0,0,0,0,0,0
200313,80,bully,1519,1,0,0,73,0,1022,0,1,80,198794,1519,0,74,0,0,0,LEADER,1,0,0,73,0,0,0,0,0,0,0,0,0,0,0
200154,53,bully,2283,1,0,0,72,0,1008,0,1,53,197871,2283,0,73,0,0,0,LEADER,1,0,0,72,0,0,0,0,0,0,0,0,0,0,0
200230,92,bully,1438,1,0,0,73,0,1022,0,1,92,198792,1438,0,74,0,0,0,LEADER,1,0,0,73,0,0,0,0,0,0,0,0,0,0,0
200403,91,bully,1619,1,0,0,73,0,1022,0,1,91,198784,1619,0,74,0,0,0,LEADER,1,0,0,73,0,0,0,0,0,0,0,0,0,0,0
200666,62,bully,1874,1,0,0,73,0,1022,0,1,62,198792,1874,0,74,0,0,0,LEADER,1,0,0,73,0,0,0,0,0,0,0,0,0,0,0
200363,15,bully,1571,1,0,0,73,0,1022,0,1,15,198792,1571,0,74,0,0,0,LEADER,1,0,0,73,0,0,0,0,0,0,0,0,0,0,0
200032,26,bully,2161,1,0,0,72,0,1008,0,1,26,197871,2161,0,73,0,0,0,LEADER,1,0,0,72,0,0,0,0,0,0,0,0,0,0,0
200769,49,bully,1977,1,0,0,73,0,1022,0,1,49,198792,1977,0,74,0,0,0,LEADER,1,0,0,73,0,0,0,0,0,0,0,0,0,0,0
200584,58,bully,1792,1,0,0,73,0,1022,0,1,58,198792,1792,0,74,0,0,0,LEADER,1,0,0,73,0,0,0,0,0,0,0,0,0,0,0
200117,86,bully,2246,1,0,0,72,0,1008,0,1,86,197871,2246,0,73,0,0,0,LEADER,1,0,0,72,0,0,0,0,0,0,0,0,0,0,0
200290,50,bully,2419,1,0,0,72,0,1008,0,1,50,197871,2419,0,73,0,0,0,LEADER,1,0,0,72,0,0,0,0,0,0,0,0,0,0,0
200139,85,bully,2268,1,0,0,72,0,1008,0,1,85,197871,2268,0,73,0,0,0,LEADER,1,0,0,72,0,0,0,0,0,0,0,0,0,0,0
200079,87,bully,2212,1,0,0,72,0,1008,0,1,87,197867,2212,0,73,0,0,0,LEADER,1,0,0,72,0,0,0,0,0,0,0,0,0,0,0
200287,64,bully,2416,1,0,0,72,0,1008,0,1,64,197871,2416,0,73,0,0,0,LEADER,1,0,0,72,0,0,0,0,0,0,0,0,0,0,0
200136,11,bully,2264,1,0,0,72,0,1008,0,1,11,197872,2264,0,73,0,0,0,LEADER,1,0,0,72,0,0,0,0,0,0,0,0,0,0,0
200226,18,bully,1434,1,0,0,73,0,1022,0,1,18,198792,1434,0,74,0,0,0,LEADER,1,0,0,73,0,0,0,0,0,0,0,0,0,0,0
200345,90,bully,1553,1,0,0,73,0,1022,0,1,90,198792,1553,0,74,0,0,0,LEADER,1,0,0,73,0,0,0,0,0,0,0,0,0,0,0
200239,35,bully,1447,1,0,0,73,0,1022,0,1,35,198792,1447,0,74,0,0,0,LEADER,1,0,0,73,0,0,0,0,0,0,0,0,0,0,0
200120,43,bully,2249,1,0,0,72,0,1008,0,1,43,197871,2249,0,73,0,0,0,LEADER,1,0,0,72,0,0,0,0,0,0,0,0,0,0,0
200118,3,bully,1903,1,0,0,10,24,140,336,4,2,198215,1903,0,7,0,0,0,NORMAL,0,0,0,10,0,0,0,24,0,0,0,0,0,0,0
200259,28,bully,1467,1,0,0,73,0,1022,0,1,28,198792,1467,0,74,0,0,0,LEADER,1,0,0,73,0,0,0,0,0,0,0,0,0,0,0
200097,44,bully,2228,1,0,0,72,0,1008,0,1,44,197869,2228,0,73,0,0,0,LEADER,1,0,0,72,0,0,0,0,0,0,0,0,0,0,0
200933,23,bully,2141,1,0,0,73,0,1022,0,1,23,198792,2141,0,74,0,0,0,LEADER,1,0,0,73,0,0,0,0,0,0,0,0,0,0,0
200253,30,bully,1461,1,0,0,73,0,1022,0,1,30,198792,1461,0,74,0,0,0,LEADER,1,0,0,73,0,0,0,0,0,0,0,0,0,0,0
200651,94,bully,1859,1,0,0,73,0,1022,0,1,94,198792,1859,0,74,0,0,0,LEADER,1,0,0,73,0,0,0,0,0,0,0,0,0,0,0
200293,38,bully,1501,1,0,0,73,0,1022,0,1,38,198792,1501,0,74,0,0,0,LEADER,1,0,0,73,0,0,0,0,0,0,0,0,0,0,0
200972,66,bully,2180,1,0,0,73,0,1022,0,1,66,198792,2180,0,74,0,0,0,LEADER,1,0,0,73,0,0,0,0,0,0,0,0,0,0,0
200278,70,bully,1486,1,0,0,73,0,1022,0,1,70,198792,1486,0,74,0,0,0,LEADER,1,0,0,73,0,0,0,0,0,0,0,0,0,0,0
200923,88,bully,2131,1,0,0,73,0,1022,0,1,88,198792,2131,0,74,0,0,0,LEADER,1,0,0,73,0,0,0,0,0,0,0,0,0,0,0
200106,75,bully,2235,1,0,0,72,0,1008,0,1,75,197871,2235,0,73,0,0,0,LEADER,1,0,0,72,0,0,0,0,0,0,0,0,0,0,0
200116,12,bully,2243,1,0,0,72,0,1008,0,1,12,197873,2243,0,73,0,0,0,LEADER,1,0,0,72,0,0,0,0,0,0,0,0,0,0,0
200817,27,bully,2025,1,0,0,73,0,1022,0,1,27,198792,2025,0,74,0,0,0,LEADER,1,0,0,73,0,0,0,0,0,0,0,0,0,0,0
200306,42,bully,1514,1,0,0,73,0,1022,0,1,42,198792,1514,0,74,0,0,0,LEADER,1,0,0,73,0,0,0,0,0,0,0,0,0,0,0
200953,24,bully,2161,1,0,0,73,0,1022,0,1,24,198792,2161,0,74,0,0,0,LEADER,1,0,0,73,0,0,0,0,0,0,0,0,0,0,0
200905,46,bully,2113,1,0,0,73,0,1022,0,1,46,198792,2113,0,74,0,0,0,LEADER,1,0,0,73,0,0,0,0,0,0,0,0,0,0,0
200802,59,bully,2010,1,0,0,73,0,1022,0,1,59,198792,2010,0,74,0,0,0,LEADER,1,0,0,73,0,0,0,0,0,0,0,0,0,0,0
200430,34,bully,1637,1,0,0,73,0,1022,0,1,34,198793,1637,0,74,0,0,0,LEADER,1,0,0,73,0,0,0,0,0,0,0,0,0,0,0
201084,32,bully,2292,1,0,0,73,0,1022,0,1,32,198792,2292,0,74,0,0,0,LEADER,1,0,0,73,0,0,0,0,0,0,0,0,0,0,0
200699,72,bully,1907,1,0,0,73,0,1022,0,1,72,198792,1907,0,74,0,0,0,LEADER,1,0,0,73,0,0,0,0,0,0,0,0,0,0,0
201111,63,bully,2316,1,0,0,73,0,1022,0,1,63,198795,2316,0,74,0,0,0,LEADER,1,0,0,73,0,0,0,0,0,0,0,0,0,0,0
200584,74,bully,1792,1,0,0,73,0,1022,0,1,74,198792,1792,0,74,0,0,0,LEADER,1,0,0,73,0,0,0,0,0,0,0,0,0,0,0
200326,48,bully,1534,1,0,0,73,0,1022,0,1,48,198792,1534,0,74,0,0,0,LEADER,1,0,0,73,0,0,0,0,0,0,0,0,0,0,0
200789,57,bully,1995,1,0,0,73,0,1022,0,1,57,198794,1995,0,74,0,0,0,LEADER,1,0,0,73,0,0,0,0,0,0,0,0,0,0,0
200857,68,bully,2065,1,0,0,73,0,1022,0,1,68,198792,2065,0,74,0,0,0,LEADER,1,0,0,73,0,0,0,0,0,0,0,0,0,0,0
200258,45,bully,1466,1,0,0,73,0,1022,0,1,45,198792,1466,0,74,0,0,0,LEADER,1,0,0,73,0,0,0,0,0,0,0,0,0,0,0
200615,93,bully,1823,1,0,0,73,0,1022,0,1,93,198792,1823,0,74,0,0,0,LEADER,1,0,0,73,0,0,0,0,0,0,0,0,0,0,0
201196,82,bully,2404,1,0,0,73,0,1022,0,1,82,198792,2404,0,74,0,0,0,LEADER,1,0,0,73,0,0,0,0,0,0,0,0,0,0,0
201190,51,bully,2398,1,0,0,73,0,1022,0,1,51,198792,2398,0,74,0,0,0,LEADER,1,0,0,73,0,0,0,0,0,0,0,0,0,0,0
200735,39,bully,1943,1,0,0,73,0,1022,0,1,39,198792,1943,0,74,0,0,0,LEADER,1,0,0,73,0,0,0,0,0,0,0,0,0,0,0
200481,78,bully,1689,1,0,0,73,0,1022,0,1,78,198792,1689,0,74,0,0,0,LEADER,1,0,0,73,0,0,0,0,0,0,0,0,0,0,0
200869,79,bully,2077,1,0,0,73,0,1022,0,1,79,198792,2077,0,74,0,0,0,LEADER,1,0,0,73,0,0,0,0,0,0,0,0,0,0,0
200444,14,bully,1652,1,0,0,73,0,1022,0,1,14,198792,1652,0,74,0,0,0,LEADER,1,0,0,73,0,0,0,0,0,0,0,0,0,0,0
200871,36,bully,2080,1,0,0,73,0,1022,0,1,36,198791,2080,0,74,0,0,0,LEADER,1,0,0,73,0,0,0,0,0,0,0,0,0,0,0
200754,81,bully,1962,1,0,0,73,0,1022,0,1,81,198792,1962,0,74,0,0,0,LEADER,1,0,0,73,0,0,0,0,0,0,0,0,0,0,0
200414,67,bully,1622,1,0,0,73,0,1022,0,1,67,198792,1622,0,74,0,0,0,LEADER,1,0,0,73,0,0,0,0,0,0,0,0,0,0,0
201175,83,bully,2383,1,0,0,73,0,1022,0,1,83,198792,2383,0,74,0,0,0,LEADER,1,0,0,73,0,0,0,0,0,0,0,0,0,0,0
201319,99,bully,1607,1,0,0,73,0,1022,0,1,99,199712,1607,0,74,0,0,0,LEADER,1,0,0,73,0,0,0,0,0,0,0,0,0,0,0
200496,55,bully,1704,1,0,0,73,0,1022,0,1,55,198792,1704,0,74,0,0,0,LEADER,1,0,0,73,0,0,0,0,0,0,0,0,0,0,0
201286,89,bully,1574,1,0,0,73,0,1022,0,1,89,199712,1574,0,74,0,0,0,LEADER,1,0,0,73,0,0,0,0,0,0,0,0,0,0,0
200448,77,bully,1656,1,0,0,73,0,1022,0,1,77,198792,1656,0,74,0,0,0,LEADER,1,0,0,73,0,0,0,0,0,0,0,0,0,0,0
200720,71,bully,1928,1,0,0,73,0,1022,0,1,71,198792,1928,0,74,0,0,0,LEADER,1,0,0,73,0,0,0,0,0,0,0,0,0,0,0
200998,76,bully,2213,1,0,0,73,0,1022,0,1,76,198785,2213,0,74,0,0,0,LEADER,1,0,0,73,0,0,0,0,0,0,0,0,0,0,0
200632,52,bully,1840,1,0,0,73,0,1022,0,1,52,198792,1840,0,74,0,0,0,LEADER,1,0,0,73,0,0,0,0,0,0,0,0,0,0,0
200599,10,bully,1807,1,0,0,73,0,1022,0,1,10,198792,1807,0,74,0,0,0,LEADER,1,0,0,73,0,0,0,0,0,0,0,0,0,0,0
200532,22,bully,1740,1,0,0,73,0,1022,0,1,22,198792,1740,0,74,0,0,0,LEADER,1,0,0,73,0,0,0,0,0,0,0,0,0,0,0
200678,21,bully,1889,1,0,0,73,0,1022,0,1,21,198789,1889,0,74,0,0,0,LEADER,1,0,0,73,0,0,0,0,0,0,0,0,0,0,0
200938,56,bully,2146,1,0,0,73,0,1022,0,1,56,198792,2146,0,74,0,0,0,LEADER,1,0,0,73,0,0,0,0,0,0,0,0,0,0,0
200463,60,bully,1671,1,0,0,73,0,1022,0,1,60,198792,1671,0,74,0,0,0,LEADER,1,0,0,73,0,0,0,0,0,0,0,0,0,0,0
201316,25,bully,1604,1,0,0,73,0,1022,0,1,25,199712,1604,0,74,0,0,0,LEADER,1,0,0,73,0,0,0,0,0,0,0,0,0,0,0
200529,65,bully,1737,1,0,0,73,0,1022,0,1,65,198792,1737,0,74,0,0,0,LEADER,1,0,0,73,0,0,0,0,0,0,0,0,0,0,0
201205,19,bully,2413,1,0,0,73,0,1022,0,1,19,198792,2413,0,74,0,0,0,LEADER,1,0,0,73,0,0,0,0,0,0,0,0,0,0,0
200835,69,bully,2043,1,0,0,73,0,1022,0,1,69,198792,2043,0,74,0,0,0,LEADER,1,0,0,73,0,0,0,0,0,0,0,0,0,0,0
201437,54,bully,1725,1,0,0,73,0,1022,0,1,54,199712,1725,0,74,0,0,0,LEADER,1,0,0,73,0,0,0,0,0,0,0,0,0,0,0
200784,17,bully,1992,1,0,0,73,0,1022,0,1,17,198792,1992,0,74,0,0,0,LEADER,1,0,0,73,0,0,0,0,0,0,0,0,0,0,0
201298,100,bully,1586,1,0,0,73,0,1022,0,1,100,199712,1586,0,74,0,0,0,LEADER,1,0,0,73,0,0,0,0,0,0,0,0,0,0,0
201261,16,bully,1549,1,0,0,73,0,1022,0,1,16,199712,1549,0,74,0,0,0,LEADER,1,0,0,73,0,0,0,0,0,0,0,0,0,0,0
200850,37,bully,2058,1,0,0,73,0,1022,0,1,37,198792,2058,0,74,0,0,0,LEADER,1,0,0,73,0,0,0,0,0,0,0,0,0,0,0
201486,13,bully,1774,1,0,0,73,0,1022,0,1,13,199712,1774,0,74,0,0,0,LEADER,1,0,0,73,0,0,0,0,0,0,0,0,0,0,0
200647,20,bully,1855,1,0,0,73,0,1022,0,1,20,198792,1855,0,74,0,0,0,LEADER,1,0,0,73,0,0,0,0,0,0,0,0,0,0,0
201279,41,bully,1567,1,0,0,73,0,1022,0,1,41,199712,1567,0,74,0,0,0,LEADER,1,0,0,73,0,0,0,0,0,0,0,0,0,0,0
201268,47,bully,1556,1,0,0,73,0,1022,0,1,47,199712,1556,0,74,0,0,0,LEADER,1,0,0,73,0,0,0,0,0,0,0,0,0,0,0
201094,95,bully,2301,1,0,0,73,0,1022,0,1,95,198793,2301,0,74,0,0,0,LEADER,1,0,0,73,0,0,0,0,0,0,0,0,0,0,0
200957,98,bully,2165,1,0,0,73,0,1022,0,1,98,198792,2165,0,74,0,0,0,LEADER,1,0,0,73,0,0,0,0,0,0,0,0,0,0,0
201141,73,bully,2349,1,0,0,73,0,1022,0,1,73,198792,2349,0,74,0,0,0,LEADER,1,0,0,73,0,0,0,0,0,0,0,0,0,0,0
201464,33,bully,1752,1,0,0,73,0,1022,0,1,33,199712,1752,0,74,0,0,0,LEADER,1,0,0,73,0,0,0,0,0,0,0,0,0,0,0
201434,97,bully,1722,1,0,0,73,0,1022,0,1,97,199712,1722,0,74,0,0,0,LEADER,1,0,0,73,0,0,0,0,0,0,0,0,0,0,0
200687,61,bully,1895,1,0,0,73,0,1022,0,1,61,198792,1895,0,74,0,0,0,LEADER,1,0,0,73,0,0,0,0,0,0,0,0,0,0,0
201634,40,bully,1922,1,0,0,73,0,1022,0,1,40,199712,1922,0,74,0,0,0,LEADER,1,0,0,73,0,0,0,0,0,0,0,0,0,0,0
201123,31,bully,2331,1,0,0,73,0,1022,0,1,31,198792,2331,0,74,0,0,0,LEADER,1,0,0,73,0,0,0,0,0,0,0,0,0,0,0
201624,29,bully,1910,1,0,0,73,0,1022,0,1,29,199714,1910,0,74,0,0,0,LEADER,1,0,0,73,0,0,0,0,0,0,0,0,0,0,0
201450,96,bully,1744,1,0,0,73,0,1022,0,1,96,199706,1744,0,74,0,0,0,LEADER,1,0,0,73,0,0,0,0,0,0,0,0,0,0,0
201537,84,bully,1825,1,0,0,73,0,1022,0,1,84,199712,1825,0,74,0,0,0,LEADER,1,0,0,73,0,0,0,0,0,0,0,0,0,0,0
201233,80,bully,1519,1,0,0,73,0,1022,0,1,80,199714,1519,0,74,0,0,0,LEADER,1,0,0,73,0,0,0,0,0,0,0,0,0,0,0
201075,53,bully,2283,1,0,0,73,0,1022,0,1,53,198792,2283,0,74,0,0,0,LEADER,1,0,0,73,0,0,0,0,0,0,0,0,0,0,0
201150,92,bully,1438,1,0,0,73,0,1022,0,1,92,199712,1438,0,74,0,0,0,LEADER,1,0,0,73,0,0,0,0,0,0,0,0,0,0,0
201323,91,bully,1619,1,0,0,73,0,1022,0,1,91,199704,1619,0,74,0,0,0,LEADER,1,0,0,73,0,0,0,0,0,0,0,0,0,0,0
201586,62,bully,1874,1,0,0,73,0,1022,0,1,62,199712,1874,0,74,0,0,0,LEADER,1,0,0,73,0,0,0,0,0,0,0,0,0,0,0
201283,15,bully,1571,1,0,0,73,0,1022,0,1,15,199712,1571,0,74,0,0,0,LEADER,1,0,0,73,0,0,0,0,0,0,0,0,0,0,0
200953,26,bully,2161,1,0,0,73,0,1022,0,1,26,198792,2161,0,74,0,0,0,LEADER,1,0,0,73,0,0,0,0,0,0,0,0,0,0,0
201689,49,bully,1977,1,0,0,73,0,1022,0,1,49,199712,1977,0,74,0,0,0,LEADER,1,0,0,73,0,0,0,0,0,0,0,0,0,0,0
201504,58,bully,1792,1,0,0,73,0,1022,0,1,58,199712,1792,0,74,0,0,0,LEADER,1,0,0,73,0,0,0,0,0,0,0,0,0,0,0
201038,86,bully,2246,1,0,0,73,0,1022,0,1,86,198792,2246,0,74,0,0,0,LEADER,1,0,0,73,0,0,0,0,0,0,0,0,0,0,0
201211,50,bully,2419,1,0,0,73,0,1022,0,1,50,198792,2419,0,74,0,0,0,LEADER,1,0,0,73,0,0,0,0,0,0,0,0,0,0,0
201060,85,bully,2268,1,0,0,73,0,1022,0,1,85,198792,2268,0,74,0,0,0,LEADER,1,0,0,73,0,0,0,0,0,0,0,0,0,0,0
201000,87,bully,2212,1,0,0,73,0,1022,0,1,87,198788,2212,0,74,0,0,0,LEADER,1,0,0,73,0,0,0,0,0,0,0,0,0,0,0
201208,64,bully,2416,1,0,0,73,0,1022,0,1,64,198792,2416,0,74,0,0,0,LEADER,1,0,0,73,0,0,0,0,0,0,0,0,0,0,0
201146,18,bully,1434,1,0,0,73,0,1022,0,1,18,199712,1434,0,74,0,0,0,LEADER,1,0,0,73,0,0,0,0,0,0,0,0,0,0,0
201057,11,bully,2264,1,0,0,73,0,1022,0,1,11,198793,2264,0,74,0,0,0,LEADER,1,0,0,73,0,0,0,0,0,0,0,0,0,0,0
201265,90,bully,1553,1,0,0,73,0,1022,0,1,90,199712,1553,0,74,0,0,0,LEADER,1,0,0,73,0,0,0,0,0,0,0,0,0,0,0
201159,35,bully,1447,1,0,0,73,0,1022,0,1,35,199712,1447,0,74,0,0,0,LEADER,1,0,0,73,0,0,0,0,0,0,0,0,0,0,0
201041,43,bully,2249,1,0,0,73,0,1022,0,1,43,198792,2249,0,74,0,0,0,LEADER,1,0,0,73,0,0,0,0,0,0,0,0,0,0,0
201179,28,bully,1467,1,0,0,73,0,1022,0,1,28,199712,1467,0,74,0,0,0,LEADER,1,0,0,73,0,0,0,0,0,0,0,0,0,0,0
201018,44,bully,2228,1,0,0,73,0,1022,0,1,44,198790,2228,0,74,0,0,0,LEADER,1,0,0,73,0,0,0,0,0,0,0,0,0,0,0
201853,23,bully,2141,1,0,0,73,0,1022,0,1,23,199712,2141,0,74,0,0,0,LEADER,1,0,0,73,0,0,0,0,0,0,0,0,0,0,0
201173,30,bully,1461,1,0,0,73,0,1022,0,1,30,199712,1461,0,74,0,0,0,LEADER,1,0,0,73,0,0,0,0,0,0,0,0,0,0,0
201571,94,bully,1859,1,0,0,73,0,1022,0,1,94,199712,1859,0,74,0,0,0,LEADER,1,0,0,73,0,0,0,0,0,0,0,0,0,0,0
201213,38,bully,1501,1,0,0,73,0,1022,0,1,38,199712,1501,0,74,0,0,0,LEADER,1,0,0,73,0,0,0,0,0,0,0,0,0,0,0
201892,66,bully,2180,1,0,0,73,0,1022,0,1,66,199712,2180,0,74,0,0,0,LEADER,1,0,0,73,0,0,0,0,0,0,0,0,0,0,0
201198,70,bully,1486,1,0,0,73,0,1022,0,1,70,199712,1486,0,74,0,0,0,LEADER,1,0,0,73,0,0,0,0,0,0,0,0,0,0,0
201843,88,bully,2131,1,0,0,73,0,1022,0,1,88,199712,2131,0,74,0,0,0,LEADER,1,0,0,73,0,0,0,0,0,0,0,0,0,0,0
201027,75,bully,2235,1,0,0,73,0,1022,0,1,75,198792,2235,0,74,0,0,0,LEADER,1,0,0,73,0,0,0,0,0,0,0,0,0,0,0
201037,12,bully,2243,1,0,0,73,0,1022,0,1,12,198794,2243,0,74,0,0,0,LEADER,1,0,0,73,0,0,0,0,0,0,0,0,0,0,0
201737,27,bully,2025,1,0,0,73,0,1022,0,1,27,199712,2025,0,74,0,0,0,LEADER,1,0,0,73,0,0,0,0,0,0,0,0,0,0,0
201226,42,bully,1514,1,0,0,73,0,1022,0,1,42,199712,1514,0,74,0,0,0,LEADER,1,0,0,73,0,0,0,0,0,0,0,0,0,0,0
201873,24,bully,2161,1,0,0,73,0,1022,0,1,24,199712,2161,0,74,0,0,0,LEADER,1,0,0,73,0,0,0,0,0,0,0,0,0,0,0
201825,46,bully,2113,1,0,0,73,0,1022,0,1,46,199712,2113,0,74,0,0,0,LEADER,1,0,0,73,0,0,0,0,0,0,0,0,0,0,0
201722,59,bully,2010,1,0,0,73,0,1022,0,1,59,199712,2010,0,74,0,0,0,LEADER,1,0,0,73,0,0,0,0,0,0,0,0,0,0,0
201350,34,bully,1637,1,0,0,73,0,1022,0,1,34,199713,1637,0,74,0,0,0,LEADER,1,0,0,73,0,0,0,0,0,0,0,0,0,0,0
202004,32,bully,2292,1,0,0,73,0,1022,0,1,32,199712,2292,0,74,0,0,0,LEADER,1,0,0,73,0,0,0,0,0,0,0,0,0,0,0
201619,72,bully,1907,1,0,0,73,0,1022,0,1,72,199712,1907,0,74,0,0,0,LEADER,1,0,0,73,0,0,0,0,0,0,0,0,0,0,0
202031,63,bully,2316,1,0,0,73,0,1022,0,1,63,199715,2316,0,74,0,0,0,LEADER,1,0,0,73,0,0,0,0,0,0,0,0,0,0,0
201504,74,bully,1792,1,0,0,73,0,1022,0,1,74,199712,1792,0,74,0,0,0,LEADER,1,0,0,73,0,0,0,0,0,0,0,0,0,0,0
201246,48,bully,1534,1,0,0,73,0,1022,0,1,48,199712,1534,0,74,0,0,0,LEADER,1,0,0,73,0,0,0,0,0,0,0,0,0,0,0
201709,57,bully,1995,1,0,0,73,0,1022,0,1,57,199714,1995,0,74,0,0,0,LEADER,1,0,0,73,0,0,0,0,0,0,0,0,0,0,0
201777,68,bully,2065,1,0,0,73,0,1022,0,1,68,199712,2065,0,74,0,0,0,LEADER,1,0,0,73,0,0,0,0,0,0,0,0,0,0,0
201178,45,bully,1466,1,0,0,73,0,1022,0,1,45,199712,1466,0,74,0,0,0,LEADER,1,0,0,73,0,0,0,0,0,0,0,0,0,0,0
201535,93,bully,1823,1,0,0,73,0,1022,0,1,93,199712,1823,0,74,0,0,0,LEADER,1,0,0,73,0,0,0,0,0,0,0,0,0,0,0
202116,82,bully,2404,1,0,0,73,0,1022,0,1,82,199712,2404,0,74,0,0,0,LEADER,1,0,0,73,0,0,0,0,0,0,0,0,0,0,0
202110,51,bully,2398,1,0,0,73,0,1022,0,1,51,199712,2398,0,74,0,0,0,LEADER,1,0,0,73,0,0,0,0,0,0,0,0,0,0,0
201655,39,bully,1943,1,0,0,73,0,1022,0,1,39,199712,1943,0,74,0,0,0,LEADER,1,0,0,73,0,0,0,0,0,0,0,0,0,0,0
201401,78,bully,1689,1,0,0,73,0,1022,0,1,78,199712,1689,0,74,0,0,0,LEADER,1,0,0,73,0,0,0,0,0,0,0,0,0,0,0
201789,79,bully,2077,1,0,0,73,0,1022,0,1,79,199712,2077,0,74,0,0,0,LEADER,1,0,0,73,0,0,0,0,0,0,0,0,0,0,0
201364,14,bully,1652,1,0,0,73,0,1022,0,1,14,199712,1652,0,74,0,0,0,LEADER,1,0,0,73,0,0,0,0,0,0,0,0,0,0,0
201791,36,bully,2080,1,0,0,73,0,1022,0,1,36,199711,2080,0,74,0,0,0,LEADER,1,0,0,73,0,0,0,0,0,0,0,0,0,0,0
201674,81,bully,1962,1,0,0,73,0,1022,0,1,81,199712,1962,0,74,0,0,0,LEADER,1,0,0,73,0,0,0,0,0,0,0,0,0,0,0
201334,67,bully,1622,1,0,0,73,0,1022,0,1,67,199712,1622,0,74,0,0,0,LEADER,1,0,0,73,0,0,0,0,0,0,0,0,0,0,0
202095,83,bully,2383,1,0,0,73,0,1022,0,1,83,199712,2383,0,74,0,0,0,LEADER,1,0,0,73,0,0,0,0,0,0,0,0,0,0,0
202239,99,bully,1607,1,0,0,73,0,1022,0,1,99,200632,1607,0,74,0,0,0,LEADER,1,0,0,73,0,0,0,0,0,0,0,0,0,0,0
201416,55,bully,1704,1,0,0,73,0,1022,0,1,55,199712,1704,0,74,0,0,0,LEADER,1,0,0,73,0,0,0,0,0,0,0,0,0,0,0
202206,89,bully,1574,1,0,0,73,0,1022,0,1,89,200632,1574,0,74,0,0,0,LEADER,1,0,0,73,0,0,0,0,0,0,0,0,0,0,0
201368,77,bully,1656,1,0,0,73,0,1022,0,1,77,199712,1656,0,74,0,0,0,LEADER,1,0,0,73,0,0,0,0,0,0,0,0,0,0,0
201640,71,bully,1928,1,0,0,73,0,1022,0,1,71,199712,1928,0,74,0,0,0,LEADER,1,0,0,73,0,0,0,0,0,0,0,0,0,0,0
201918,76,bully,2213,1,0,0,73,0,1022,0,1,76,199705,2213,0,74,0,0,0,LEADER,1,0,0,73,0,0,0,0,0,0,0,0,0,0,0
201552,52,bully,1840,1,0,0,73,0,1022,0,1,52,199712,1840,0,74,0,0,0,LEADER,1,0,0,73,0,0,0,0,0,0,0,0,0,0,0
201519,10,bully,1807,1,0,0,73,0,1022,0,1,10,199712,1807,0,74,0,0,0,LEADER,1,0,0,73,0,0,0,0,0,0,0,0,0,0,0
201452,22,bully,1740,1,0,0,73,0,1022,0,1,22,199712,1740,0,74,0,0,0,LEADER,1,0,0,73,0,0,0,0,0,0,0,0,0,0,0
201598,21,bully,1889,1,0,0,73,0,1022,0,1,21,199709,1889,0,74,0,0,0,LEADER,1,0,0,73,0,0,0,0,0,0,0,0,0,0,0
201858,56,bully,2146,1,0,0,73,0,1022,0,1,56,199712,2146,0,74,0,0,0,LEADER,1,0,0,73,0,0,0,0,0,0,0,0,0,0,0
201383,60,bully,1671,1,0,0,73,0,1022,0,1,60,199712,1671,0,74,0,0,0,LEADER,1,0,0,73,0,0,0,0,0,0,0,0,0,0,0
202236,25,bully,1604,1,0,0,73,0,1022,0,1,25,200632,1604,0,74,0,0,0,LEADER,1,0,0,73,0,0,0,0,0,0,0,0,0,0,0
201449,65,bully,1737,1,0,0,73,0,1022,0,1,65,199712,1737,0,74,0,0,0,LEADER,1,0,0,73,0,0,0,0,0,0,0,0,0,0,0
202125,19,bully,2413,1,0,0,73,0,1022,0,1,19,199712,2413,0,74,0,0,0,LEADER,1,0,0,73,0,0,0,0,0,0,0,0,0,0,0
201755,69,bully,2043,1,0,0,73,0,1022,0,1,69,199712,2043,0,74,0,0,0,LEADER,1,0,0,73,0,0,0,0,0,0,0,0,0,0,0
202357,54,bully,1725,1,0,0,73,0,1022,0,1,54,200632,1725,0,74,0,0,0,LEADER,1,0,0,73,0,0,0,0,0,0,0,0,0,0,0
201704,17,bully,1992,1,0,0,73,0,1022,0,1,17,199712,1992,0,74,0,0,0,LEADER,1,0,0,73,0,0,0,0,0,0,0,0,0,0,0
202218,100,bully,1586,1,0,0,73,0,1022,0,1,100,200632,1586,0,74,0,0,0,LEADER,1,0,0,73,0,0,0,0,0,0,0,0,0,0,0
202181,16,bully,1549,1,0,0,73,0,1022,0,1,16,200632,1549,0,74,0,0,0,LEADER,1,0,0,73,0,0,0,0,0,0,0,0,0,0,0
201770,37,bully,2058,1,0,0,73,0,1022,0,1,37,199712,2058,0,74,0,0,0,LEADER,1,0,0,73,0,0,0,0,0,0,0,0,0,0,0
202406,13,bully,1774,1,0,0,73,0,1022,0,1,13,200632,1774,0,74,0,0,0,LEADER,1,0,0,73,0,0,0,0,0,0,0,0,0,0,0
201567,20,bully,1855,1,0,0,73,0,1022,0,1,20,199712,1855,0,74,0,0,0,LEADER,1,0,0,73,0,0,0,0,0,0,0,0,0,0,0
202199,41,bully,1567,1,0,0,73,0,1022,0,1,41,200632,1567,0,74,0,0,0,LEADER,1,0,0,73,0,0,0,0,0,0,0,0,0,0,0
202188,47,bully,1556,1,0,0,73,0,1022,0,1,47,200632,1556,0,74,0,0,0,LEADER,1,0,0,73,0,0,0,0,0,0,0,0,0,0,0
202014,95,bully,2301,1,0,0,73,0,1022,0,1,95,199713,2301,0,74,0,0,0,LEADER,1,0,0,73,0,0,0,0,0,0,0,0,0,0,0
201877,98,bully,2165,1,0,0,73,0,1022,0,1,98,199712,2165,0,74,0,0,0,LEADER,1,0,0,73,0,0,0,0,0,0,0,0,0,0,0
202061,73,bully,2349,1,0,0,73,0,1022,0,1,73,199712,2349,0,74,0,0,0,LEADER,1,0,0,73,0,0,0,0,0,0,0,0,0,0,0
202384,33,bully,1752,1,0,0,73,0,1022,0,1,33,200632,1752,0,74,0,0,0,LEADER,1,0,0,73,0,0,0,0,0,0,0,0,0,0,0
202354,97,bully,1722,1,0,0,73,0,1022,0,1,97,200632,1722,0,74,0,0,0,LEADER,1,0,0,73,0,0,0,0,0,0,0,0,0,0,0
201607,61,bully,1895,1,0,0,73,0,1022,0,1,61,199712,1895,0,74,0,0,0,LEADER,1,0,0,73,0,0,0,0,0,0,0,0,0,0,0
202554,40,bully,1922,1,0,0,73,0,1022,0,1,40,200632,1922,0,74,0,0,0,LEADER,1,0,0,73,0,0,0,0,0,0,0,0,0,0,0
202043,31,bully,2331,1,0,0,73,0,1022,0,1,31,199712,2331,0,74,0,0,0,LEADER,1,0,0,73,0,0,0,0,0,0,0,0,0,0,0
202544,29,bully,1910,1,0,0,73,0,1022,0,1,29,200634,1910,0,74,0,0,0,LEADER,1,0,0,73,0,0,0,0,0,0,0,0,0,0,0
202370,96,bully,1744,1,0,0,73,0,1022,0,1,96,200626,1744,0,74,0,0,0,LEADER,1,0,0,73,0,0,0,0,0,0,0,0,0,0,0
202457,84,bully,1825,1,0,0,73,0,1022,0,1,84,200632,1825,0,74,0,0,0,LEADER,1,0,0,73,0,0,0,0,0,0,0,0,0,0,0
202153,80,bully,1519,1,0,0,73,0,1022,0,1,80,200634,1519,0,74,0,0,0,LEADER,1,0,0,73,0,0,0,0,0,0,0,0,0,0,0
201995,53,bully,2283,1,0,0,73,0,1022,0,1,53,199712,2283,0,74,0,0,0,LEADER,1,0,0,73,0,0,0,0,0,0,0,0,0,0,0
202070,92,bully,1438,1,0,0,73,0,1022,0,1,92,200632,1438,0,74,0,0,0,LEADER,1,0,0,73,0,0,0,0,0,0,0,0,0,0,0
202243,91,bully,1619,1,0,0,73,0,1022,0,1,91,200624,1619,0,74,0,0,0,LEADER,1,0,0,73,0,0,0,0,0,0,0,0,0,0,0
202506,62,bully,1874,1,0,0,73,0,1022,0,1,62,200632,1874,0,74,0,0,0,LEADER,1,0,0,73,0,0,0,0,0,0,0,0,0,0,0
202203,15,bully,1571,1,0,0,73,0,1022,0,1,15,200632,1571,0,74,0,0,0,LEADER,1,0,0,73,0,0,0,0,0,0,0,0,0,0,0
201873,26,bully,2161,1,0,0,73,0,1022,0,1,26,199712,2161,0,74,0,0,0,LEADER,1,0,0,73,0,0,0,0,0,0,0,0,0,0,0
202609,49,bully,1977,1,0,0,73,0,1022,0,1,49,200632,1977,0,74,0,0,0,LEADER,1,0,0,73,0,0,0,0,0,0,0,0,0,0,0
202424,58,bully,1792,1,0,0,73,0,1022,0,1,58,200632,1792,0,74,0,0,0,LEADER,1,0,0,73,0,0,0,0,0,0,0,0,0,0,0
201958,86,bully,2246,1,0,0,73,0,1022,0,1,86,199712,2246,0,74,0,0,0,LEADER,1,0,0,73,0,0,0,0,0,0,0,0,0,0,0
202131,50,bully,2419,1,0,0,73,0,1022,0,1,50,199712,2419,0,74,0,0,0,LEADER,1,0,0,73,0,0,0,0,0,0,0,0,0,0,0
201980,85,bully,2268,1,0,0,73,0,1022,0,1,85,199712,2268,0,74,0,0,0,LEADER,1,0,0,73,0,0,0,0,0,0,0,0,0,0,0
201920,87,bully,2212,1,0,0,73,0,1022,0,1,87,199708,2212,0,74,0,0,0,LEADER,1,0,0,73,0,0,0,0,0,0,0,0,0,0,0
202128,64,bully,2416,1,0,0,73,0,1022,0,1,64,199712,2416,0,74,0,0,0,LEADER,1,0,0,73,0,0,0,0,0,0,0,0,0,0,0
202066,18,bully,1434,1,0,0,73,0,1022,0,1,18,200632,1434,0,74,0,0,0,LEADER,1,0,0,73,0,0,0,0,0,0,0,0,0,0,0
201977,11,bully,2264,1,0,0,73,0,1022,0,1,11,199713,2264,0,74,0,0,0,LEADER,1,0,0,73,0,0,0,0,0,0,0,0,0,0,0
202185,90,bully,1553,1,0,0,73,0,1022,0,1,90,200632,1553,0,74,0,0,0,LEADER,1,0,0,73,0,0,0,0,0,0,0,0,0,0,0
202079,35,bully,1447,1,0,0,73,0,1022,0,1,35,200632,1447,0,74,0,0,0,LEADER,1,0,0,73,0,0,0,0,0,0,0,0,0,0,0
201961,43,bully,2249,1,0,0,73,0,1022,0,1,43,199712,2249,0,74,0,0,0,LEADER,1,0,0,73,0,0,0,0,0,0,0,0,0,0,0
202099,28,bully,1467,1,0,0,73,0,1022,0,1,28,200632,1467,0,74,0,0,0,LEADER,1,0,0,73,0,0,0,0,0,0,0,0,0,0,0
201938,44,bully,2228,1,0,0,73,0,1022,0,1,44,199710,2228,0,74,0,0,0,LEADER,1,0,0,73,0,0,0,0,0,0,0,0,0,0,0
202773,23,bully,2141,1,0,0,73,0,1022,0,1,23,200632,2141,0,74,0,0,0,LEADER,1,0,0,73,0,0,0,0,0,0,0,0,0,0,0
202093,30,bully,1461,1,0,0,73,0,1022,0,1,30,200632,1461,0,74,0,0,0,LEADER,1,0,0,73,0,0,0,0,0,0,0,0,0,0,0
202491,94,bully,1859,1,0,0,73,0,1022,0,1,94,200632,1859,0,74,0,0,0,LEADER,1,0,0,73,0,0,0,0,0,0,0,0,0,0,0
202133,38,bully,1501,1,0,0,73,0,1022,0,1,38,200632,1501,0,74,0,0,0,LEADER,1,0,0,73,0,0,0,0,0,0,0,0,0,0,0
202812,66,bully,2180,1,0,0,73,0,1022,0,1,66,200632,2180,0,74,0,0,0,LEADER,1,0,0,73,0,0,0,0,0,0,0,0,0,0,0
202118,70,bully,1486,1,0,0,73,0,1022,0,1,70,200632,1486,0,74,0,0,0,LEADER,1,0,0,73,0,0,0,0,0,0,0,0,0,0,0
202763,88,bully,2131,1,0,0,73,0,1022,0,1,88,200632,2131,0,74,0,0,0,LEADER,1,0,0,73,0,0,0,0,0,0,0,0,0,0,0
201947,75,bully,2235,1,0,0,73,0,1022,0,1,75,199712,2235,0,74,0,0,0,LEADER,1,0,0,73,0,0,0,0,0,0,0,0,0,0,0
201957,12,bully,2243,1,0,0,73,0,1022,0,1,12,199714,2243,0,74,0,0,0,LEADER,1,0,0,73,0,0,0,0,0,0,0,0,0,0,0
202657,27,bully,2025,1,0,0,73,0,1022,0,1,27,200632,2025,0,74,0,0,0,LEADER,1,0,0,73,0,0,0,0,0,0,0,0,0,0,0
202146,42,bully,1514,1,0,0,73,0,1022,0,1,42,200632,1514,0,74,0,0,0,LEADER,1,0,0,73,0,0,0,0,0,0,0,0,0,0,0
202793,24,bully,2161,1,0,0,73,0,1022,0,1,24,200632,2161,0,74,0,0,0,LEADER,1,0,0,73,0,0,0,0,0,0,0,0,0,0,0
202745,46,bully,2113,1,0,0,73,0,1022,0,1,46,200632,2113,0,74,0,0,0,LEADER,1,0,0,73,0,0,0,0,0,0,0,0,0,0,0
202642,59,bully,2010,1,0,0,73,0,1022,0,1,59,200632,2010,0,74,0,0,0,LEADER,1,0,0,73,0,0,0,0,0,0,0,0,0,0,0
202924,32,bully,2292,1,0,0,73,0,1022,0,1,32,200632,2292,0,74,0,0,0,LEADER,1,0,0,73,0,0,0,0,0,0,0,0,0,0,0
202270,34,bully,1637,1,0,0,73,0,1022,0,1,34,200633,1637,0,74,0,0,0,LEADER,1,0,0,73,0,0,0,0,0,0,0,0,0,0,0
202539,72,bully,1907,1,0,0,73,0,1022,0,1,72,200632,1907,0,74,0,0,0,LEADER,1,0,0,73,0,0,0,0,0,0,0,0,0,0,0
202951,63,bully,2316,1,0,0,73,0,1022,0,1,63,200635,2316,0,74,0,0,0,LEADER,1,0,0,73,0,0,0,0,0,0,0,0,0,0,0
202424,74,bully,1792,1,0,0,73,0,1022,0,1,74,200632,1792,0,74,0,0,0,LEADER,1,0,0,73,0,0,0,0,0,0,0,0,0,0,0
202166,48,bully,1534,1,0,0,73,0,1022,0,1,48,200632,1534,0,74,0,0,0,LEADER,1,0,0,73,0,0,0,0,0,0,0,0,0,0,0
202629,57,bully,1995,1,0,0,73,0,1022,0,1,57,200634,1995,0,74,0,0,0,LEADER,1,0,0,73,0,0,0,0,0,0,0,0,0,0,0
202697,68,bully,2065,1,0,0,73,0,1022,0,1,68,200632,2065,0,74,0,0,0,LEADER,1,0,0,73,0,0,0,0,0,0,0,0,0,0,0
202098,45,bully,1466,1,0,0,73,0,1022,0,1,45,200632,1466,0,74,0,0,0,LEADER,1,0,0,73,0,0,0,0,0,0,0,0,0,0,0
202455,93,bully,1823,1,0,0,73,0,1022,0,1,93,200632,1823,0,74,0,0,0,LEADER,1,0,0,73,0,0,0,0,0,0,0,0,0,0,0
203036,82,bully,2404,1,0,0,73,0,1022,0,1,82,200632,2404,0,74,0,0,0,LEADER,1,0,0,73,0,0,0,0,0,0,0,0,0,0,0
203030,51,bully,2398,1,0,0,73,0,1022,0,1,51,200632,2398,0,74,0,0,0,LEADER,1,0,0,73,0,0,0,0,0,0,0,0,0,0,0
202575,39,bully,1943,1,0,0,73,0,1022,0,1,39,200632,1943,0,74,0,0,0,LEADER,1,0,0,73,0,0,0,0,0,0,0,0,0,0,0
202321,78,bully,1689,1,0,0,73,0,1022,0,1,78,200632,1689,0,74,0,0,0,LEADER,1,0,0,73,0,0,0,0,0,0,0,0,0,0,0
202709,79,bully,2077,1,0,0,73,0,1022,0,1,79,200632,2077,0,74,0,0,0,LEADER,1,0,0,73,0,0,0,0,0,0,0,0,0,0,0
202284,14,bully,1652,1,0,0,73,0,1022,0,1,14,200632,1652,0,74,0,0,0,LEADER,1,0,0,73,0,0,0,0,0,0,0,0,0,0,0
202711,36,bully,2080,1,0,0,73,0,1022,0,1,36,200631,2080,0,74,0,0,0,LEADER,1,0,0,73,0,0,0,0,0,0,0,0,0,0,0
202594,81,bully,1962,1,0,0,73,0,1022,0,1,81,200632,1962,0,74,0,0,0,LEADER,1,0,0,73,0,0,0,0,0,0,0,0,0,0,0
202254,67,bully,1622,1,0,0,73,0,1022,0,1,67,200632,1622,0,74,0,0,0,LEADER,1,0,0,73,0,0,0,0,0,0,0,0,0,0,0
203015,83,bully,2383,1,0,0,73,0,1022,0,1,83,200632,2383,0,74,0,0,0,LEADER,1,0,0,73,0,0,0,0,0,0,0,0,0,0,0
203160,99,bully,1607,1,0,0,74,0,1036,0,1,99,201553,1607,0,75,0,0,0,LEADER,1,0,0,74,0,0,0,0,0,0,0,0,0,0,0
202336,55,bully,1704,1,0,0,73,0,1022,0,1,55,200632,1704,0,74,0,0,0,LEADER,1,0,0,73,0,0,0,0,0,0,0,0,0,0,0
203127,89,bully,1574,1,0,0,74,0,1036,0,1,89,201553,1574,0,75,0,0,0,LEADER,1,0,0,74,0,0,0,0,0,0,0,0,0,0,0
202288,77,bully,1656,1,0,0,73,0,1022,0,1,77,200632,1656,0,74,0,0,0,LEADER,1,0,0,73,0,0,0,0,0,0,0,0,0,0,0
202560,71,bully,1928,1,0,0,73,0,1022,0,1,71,200632,1928,0,74,0,0,0,LEADER,1,0,0,73,0,0,0,0,0,0,0,0,0,0,0
202838,76,bully,2213,1,0,0,73,0,1022,0,1,76,200625,2213,0,74,0,0,0,LEADER,1,0,0,73,0,0,0,0,0,0,0,0,0,0,0
202472,52,bully,1840,1,0,0,73,0,1022,0,1,52,200632,1840,0,74,0,0,0,LEADER,1,0,0,73,0,0,0,0,0,0,0,0,0,0,0
202439,10,bully,1807,1,0,0,73,0,1022,0,1,10,200632,1807,0,74,0,0,0,LEADER,1,0,0,73,0,0,0,0,0,0,0,0,0,0,0
202372,22,bully,1740,1,0,0,73,0,1022,0,1,22,200632,1740,0,74,0,0,0,LEADER,1,0,0,73,0,0,0,0,0,0,0,0,0,0,0
202518,21,bully,1889,1,0,0,73,0,1022,0,1,21,200629,1889,0,74,0,0,0,LEADER,1,0,0,73,0,0,0,0,0,0,0,0,0,0,0
202778,56,bully,2146,1,0,0,73,0,1022,0,1,56,200632,2146,0,74,0,0,0,LEADER,1,0,0,73,0,0,0,0,0,0,0,0,0,0,0
202303,60,bully,1671,1,0,0,73,0,1022,0,1,60,200632,1671,0,74,0,0,0,LEADER,1,0,0,73,0,0,0,0,0,0,0,0,0,0,0
203157,25,bully,1604,1,0,0,74,0,1036,0,1,25,201553,1604,0,75,0,0,0,LEADER,1,0,0,74,0,0,0,0,0,0,0,0,0,0,0
202369,65,bully,1737,1,0,0,73,0,1022,0,1,65,200632,1737,0,74,0,0,0,LEADER,1,0,0,73,0,0,0,0,0,0,0,0,0,0,0
203045,19,bully,2413,1,0,0,73,0,1022,0,1,19,200632,2413,0,74,0,0,0,LEADER,1,0,0,73,0,0,0,0,0,0,0,0,0,0,0
202675,69,bully,2043,1,0,0,73,0,1022,0,1,69,200632,2043,0,74,0,0,0,LEADER,1,0,0,73,0,0,0,0,0,0,0,0,0,0,0
203278,54,bully,1725,1,0,0,74,0,1036,0,1,54,201553,1725,0,75,0,0,0,LEADER,1,0,0,74,0,0,0,0,0,0,0,0,0,0,0
202624,17,bully,1992,1,0,0,73,0,1022,0,1,17,200632,1992,0,74,0,0,0,LEADER,1,0,0,73,0,0,0,0,0,0,0,0,0,0,0
203139,100,bully,1586,1,0,0,74,0,1036,0,1,100,201553,1586,0,75,0,0,0,LEADER,1,0,0,74,0,0,0,0,0,0,0,0,0,0,0
203102,16,bully,1549,1,0,0,74,0,1036,0,1,16,201553,1549,0,75,0,0,0,LEADER,1,0,0,74,0,0,0,0,0,0,0,0,0,0,0
202690,37,bully,2058,1,0,0,73,0,1022,0,1,37,200632,2058,0,74,0,0,0,LEADER,1,0,0,73,0,0,0,0,0,0,0,0,0,0,0
203327,13,bully,1774,1,0,0,74,0,1036,0,1,13,201553,1774,0,75,0,0,0,LEADER,1,0,0,74,0,0,0,0,0,0,0,0,0,0,0
202487,20,bully,1855,1,0,0,73,0,1022,0,1,20,200632,1855,0,74,0,0,0,LEADER,1,0,0,73,0,0,0,0,0,0,0,0,0,0,0
203120,41,bully,1567,1,0,0,74,0,1036,0,1,41,201553,1567,0,75,0,0,0,LEADER,1,0,0,74,0,0,0,0,0,0,0,0,0,0,0
203109,47,bully,1556,1,0,0,74,0,1036,0,1,47,201553,1556,0,75,0,0,0,LEADER,1,0,0,74,0,0,0,0,0,0,0,0,0,0,0
202934,95,bully,2301,1,0,0,73,0,1022,0,1,95,200633,2301,0,74,0,0,0,LEADER,1,0,0,73,0,0,0,0,0,0,0,0,0,0,0
202797,98,bully,2165,1,0,0,73,0,1022,0,1,98,200632,2165,0,74,0,0,0,LEADER,1,0,0,73,0,0,0,0,0,0,0,0,0,0,0
202981,73,bully,2349,1,0,0,73,0,1022,0,1,73,200632,2349,0,74,0,0,0,LEADER,1,0,0,73,0,0,0,0,0,0,0,0,0,0,0
202527,61,bully,1895,1,0,0,73,0,1022,0,1,61,200632,1895,0,74,0,0,0,LEADER,1,0,0,73,0,0,0,0,0,0,0,0,0,0,0
203275,97,bully,1722,1,0,0,74,0,1036,0,1,97,201553,1722,0,75,0,0,0,LEADER,1,0,0,74,0,0,0,0,0,0,0,0,0,0,0
203305,33,bully,1752,1,0,0,74,0,1036,0,1,33,201553,1752,0,75,0,0,0,LEADER,1,0,0,74,0,0,0,0,0,0,0,0,0,0,0
202963,31,bully,2331,1,0,0,73,0,1022,0,1,31,200632,2331,0,74,0,0,0,LEADER,1,0,0,73,0,0,0,0,0,0,0,0,0,0,0
203475,40,bully,1922,1,0,0,74,0,1036,0,1,40,201553,1922,0,75,0,0,0,LEADER,1,0,0,74,0,0,0,0,0,0,0,0,0,0,0
203465,29,bully,1910,1,0,0,74,0,1036,0,1,29,201555,1910,0,75,0,0,0,LEADER,1,0,0,74,0,0,0,0,0,0,0,0,0,0,0
203291,96,bully,1744,1,0,0,74,0,1036,0,1,96,201547,1744,0,75,0,0,0,LEADER,1,0,0,74,0,0,0,0,0,0,0,0,0,0,0
203378,84,bully,1825,1,0,0,74,0,1036,0,1,84,201553,1825,0,75,0,0,0,LEADER,1,0,0,74,0,0,0,0,0,0,0,0,0,0,0
203074,80,bully,1519,1,0,0,74,0,1036,0,1,80,201555,1519,0,75,0,0,0,LEADER,1,0,0,74,0,0,0,0,0,0,0,0,0,0,0
202915,53,bully,2283,1,0,0,73,0,1022,0,1,53,200632,2283,0,74,0,0,0,LEADER,1,0,0,73,0,0,0,0,0,0,0,0,0,0,0
202991,92,bully,1438,1,0,0,74,0,1036,0,1,92,201553,1438,0,75,0,0,0,LEADER,1,0,0,74,0,0,0,0,0,0,0,0,0,0,0
203164,91,bully,1619,1,0,0,74,0,1036,0,1,91,201545,1619,0,75,0,0,0,LEADER,1,0,0,74,0,0,0,0,0,0,0,0,0,0,0
203427,62,bully,1874,1,0,0,74,0,1036,0,1,62,201553,1874,0,75,0,0,0,LEADER,1,0,0,74,0,0,0,0,0,0,0,0,0,0,0
203124,15,bully,1571,1,0,0,74,0,1036,0,1,15,201553,1571,0,75,0,0,0,LEADER,1,0,0,74,0,0,0,0,0,0,0,0,0,0,0
202793,26,bully,2161,1,0,0,73,0,1022,0,1,26,200632,2161,0,74,0,0,0,LEADER,1,0,0,73,0,0,0,0,0,0,0,0,0,0,0
203530,49,bully,1977,1,0,0,74,0,1036,0,1,49,201553,1977,0,75,0,0,0,LEADER,1,0,0,74,0,0,0,0,0,0,0,0,0,0,0
203345,58,bully,1792,1,0,0,74,0,1036,0,1,58,201553,1792,0,75,0,0,0,LEADER,1,0,0,74,0,0,0,0,0,0,0,0,0,0,0
202878,86,bully,2246,1,0,0,73,0,1022,0,1,86,200632,2246,0,74,0,0,0,LEADER,1,0,0,73,0,0,0,0,0,0,0,0,0,0,0
203051,50,bully,2419,1,0,0,73,0,1022,0,1,50,200632,2419,0,74,0,0,0,LEADER,1,0,0,73,0,0,0,0,0,0,0,0,0,0,0
202900,85,bully,2268,1,0,0,73,0,1022,0,1,85,200632,2268,0,74,0,0,0,LEADER,1,0,0,73,0,0,0,0,0,0,0,0,0,0,0
202840,87,bully,2212,1,0,0,73,0,1022,0,1,87,200628,2212,0,74,0,0,0,LEADER,1,0,0,73,0,0,0,0,0,0,0,0,0,0,0
203048,64,bully,2416,1,0,0,73,0,1022,0,1,64,200632,2416,0,74,0,0,0,LEADER,1,0,0,73,0,0,0,0,0,0,0,0,0,0,0
202897,11,bully,2264,1,0,0,73,0,1022,0,1,11,200633,2264,0,74,0,0,0,LEADER,1,0,0,73,0,0,0,0,0,0,0,0,0,0,0
202987,18,bully,1434,1,0,0,74,0,1036,0,1,18,201553,1434,0,75,0,0,0,LEADER,1,0,0,74,0,0,0,0,0,0,0,0,0,0,0
203106,90,bully,1553,1,0,0,74,0,1036,0,1,90,201553,1553,0,75,0,0,0,LEADER,1,0,0,74,0,0,0,0,0,0,0,0,0,0,0
203000,35,bully,1447,1,0,0,74,0,1036,0,1,35,201553,1447,0,75,0,0,0,LEADER,1,0,0,74,0,0,0,0,0,0,0,0,0,0,0
202881,43,bully,2249,1,0,0,73,0,1022,0,1,43,200632,2249,0,74,0,0,0,LEADER,1,0,0,73,0,0,0,0,0,0,0,0,0,0,0
203020,28,bully,1467,1,0,0,74,0,1036,0,1,28,201553,1467,0,75,0,0,0,LEADER,1,0,0,74,0,0,0,0,0,0,0,0,0,0,0
202858,44,bully,2228,1,0,0,73,0,1022,0,1,44,200630,2228,0,74,0,0,0,LEADER,1,0,0,73,0,0,0,0,0,0,0,0,0,0,0
203694,23,bully,2141,1,0,0,74,0,1036,0,1,23,201553,2141,0,75,0,0,0,LEADER,1,0,0,74,0,0,0,0,0,0,0,0,0,0,0
203014,30,bully,1461,1,0,0,74,0,1036,0,1,30,201553,1461,0,75,0,0,0,LEADER,1,0,0,74,0,0,0,0,0,0,0,0,0,0,0
203412,94,bully,1859,1,0,0,74,0,1036,0,1,94,201553,1859,0,75,0,0,0,LEADER,1,0,0,74,0,0,0,0,0,0,0,0,0,0,0
203054,38,bully,1501,1,0,0,74,0,1036,0,1,38,201553,1501,0,75,0,0,0,LEADER,1,0,0,74,0,0,0,0,0,0,0,0,0,0,0
203733,66,bully,2180,1,0,0,74,0,1036,0,1,66,201553,2180,0,75,0,0,0,LEADER,1,0,0,74,0,0,0,0,0,0,0,0,0,0,0
203039,70,bully,1486,1,0,0,74,0,1036,0,1,70,201553,1486,0,75,0,0,0,LEADER,1,0,0,74,0,0,0,0,0,0,0,0,0,0,0
203684,88,bully,2131,1,0,0,74,0,1036,0,1,88,201553,2131,0,75,0,0,0,LEADER,1,0,0,74,0,0,0,0,0,0,0,0,0,0,0
202867,75,bully,2235,1,0,0,73,0,1022,0,1,75,200632,2235,0,74,0,0,0,LEADER,1,0,0,73,0,0,0,0,0,0,0,0,0,0,0
202877,12,bully,2243,1,0,0,73,0,1022,0,1,12,200634,2243,0,74,0,0,0,LEADER,1,0,0,73,0,0,0,0,0,0,0,0,0,0,0
203578,27,bully,2025,1,0,0,74,0,1036,0,1,27,201553,2025,0,75,0,0,0,LEADER,1,0,0,74,0,0,0,0,0,0,0,0,0,0,0
203067,42,bully,1514,1,0,0,74,0,1036,0,1,42,201553,1514,0,75,0,0,0,LEADER,1,0,0,74,0,0,0,0,0,0,0,0,0,0,0
203714,24,bully,2161,1,0,0,74,0,1036,0,1,24,201553,2161,0,75,0,0,0,LEADER,1,0,0,74,0,0,0,0,0,0,0,0,0,0,0
203666,46,bully,2113,1,0,0,74,0,1036,0,1,46,201553,2113,0,75,0,0,0,LEADER,1,0,0,74,0,0,0,0,0,0,0,0,0,0,0
203563,59,bully,2010,1,0,0,74,0,1036,0,1,59,201553,2010,0,75,0,0,0,LEADER,1,0,0,74,0,0,0,0,0,0,0,0,0,0,0
203191,34,bully,1637,1,0,0,74,0,1036,0,1,34,201554,1637,0,75,0,0,0,LEADER,1,0,0,74,0,0,0,0,0,0,0,0,0,0,0
203845,32,bully,2292,1,0,0,74,0,1036,0,1,32,201553,2292,0,75,0,0,0,LEADER,1,0,0,74,0,0,0,0,0,0,0,0,0,0,0
203460,72,bully,1907,1,0,0,74,0,1036,0,1,72,201553,1907,0,75,0,0,0,LEADER,1,0,0,74,0,0,0,0,0,0,0,0,0,0,0
203872,63,bully,2316,1,0,0,74,0,1036,0,1,63,201556,2316,0,75,0,0,0,LEADER,1,0,0,74,0,0,0,0,0,0,0,0,0,0,0
203345,74,bully,1792,1,0,0,74,0,1036,0,1,74,201553,1792,0,75,0,0,0,LEADER,1,0,0,74,0,0,0,0,0,0,0,0,0,0,0
203087,48,bully,1534,1,0,0,74,0,1036,0,1,48,201553,1534,0,75,0,0,0,LEADER,1,0,0,74,0,0,0,0,0,0,0,0,0,0,0
203550,57,bully,1995,1,0,0,74,0,1036,0,1,57,201555,1995,0,75,0,0,0,LEADER,1,0,0,74,0,0,0,0,0,0,0,0,0,0,0
203618,68,bully,2065,1,0,0,74,0,1036,0,1,68,201553,2065,0,75,0,0,0,LEADER,1,0,0,74,0,0,0,0,0,0,0,0,0,0,0
203019,45,bully,1466,1,0,0,74,0,1036,0,1,45,201553,1466,0,75,0,0,0,LEADER,1,0,0,74,0,0,0,0,0,0,0,0,0,0,0
203376,93,bully,1823,1,0,0,74,0,1036,0,1,93,201553,1823,0,75,0,0,0,LEADER,1,0,0,74,0,0,0,0,0,0,0,0,0,0,0
203957,82,bully,2404,1,0,0,74,0,1036,0,1,82,201553,2404,0,75,0,0,0,LEADER,1,0,0,74,0,0,0,0,0,0,0,0,0,0,0
203951,51,bully,2398,1,0,0,74,0,1036,0,1,51,201553,2398,0,75,0,0,0,LEADER,1,0,0,74,0,0,0,0,0,0,0,0,0,0,0
203496,39,bully,1943,1,0,0,74,0,1036,0,1,39,201553,1943,0,75,0,0,0,LEADER,1,0,0,74,0,0,0,0,0,0,0,0,0,0,0
203242,78,bully,1689,1,0,0,74,0,1036,0,1,78,201553,1689,0,75,0,0,0,LEADER,1,0,0,74,0,0,0,0,0,0,0,0,0,0,0
203630,79,bully,2077,1,0,0,74,0,1036,0,1,79,201553,2077,0,75,0,0,0,LEADER,1,0,0,74,0,0,0,0,0,0,0,0,0,0,0
203205,14,bully,1652,1,0,0,74,0,1036,0,1,14,201553,1652,0,75,0,0,0,LEADER,1,0,0,74,0,0,0,0,0,0,0,0,0,0,0
203632,36,bully,2080,1,0,0,74,0,1036,0,1,36,201552,2080,0,75,0,0,0,LEADER,1,0,0,74,0,0,0,0,0,0,0,0,0,0,0
203515,81,bully,1962,1,0,0,74,0,1036,0,1,81,201553,1962,0,75,0,0,0,LEADER,1,0,0,74,0,0,0,0,0,0,0,0,0,0,0
203175,67,bully,1622,1,0,0,74,0,1036,0,1,67,201553,1622,0,75,0,0,0,LEADER,1,0,0,74,0,0,0,0,0,0,0,0,0,0,0
203936,83,bully,2383,1,0,0,74,0,1036,0,1,83,201553,2383,0,75,0,0,0,LEADER,1,0,0,74,0,0,0,0,0,0,0,0,0,0,0
204080,99,bully,1607,1,0,0,74,0,1036,0,1,99,202473,1607,0,75,0,0,0,LEADER,1,0,0,74,0,0,0,0,0,0,0,0,0,0,0
203257,55,bully,1704,1,0,0,74,0,1036,0,1,55,201553,1704,0,75,0,0,0,LEADER,1,0,0,74,0,0,0,0,0,0,0,0,0,0,0
204047,89,bully,1574,1,0,0,74,0,1036,0,1,89,202473,1574,0,75,0,0,0,LEADER,1,0,0,74,0,0,0,0,0,0,0,0,0,0,0
203209,77,bully,1656,1,0,0,74,0,1036,0,1,77,201553,1656,0,75,0,0,0,LEADER,1,0,0,74,0,0,0,0,0,0,0,0,0,0,0
203481,71,bully,1928,1,0,0,74,0,1036,0,1,71,201553,1928,0,75,0,0,0,LEADER,1,0,0,74,0,0,0,0,0,0,0,0,0,0,0
203759,76,bully,2213,1,0,0,74,0,1036,0,1,76,201546,2213,0,75,0,0,0,LEADER,1,0,0,74,0,0,0,0,0,0,0,0,0,0,0
203393,52,bully,1840,1,0,0,74,0,1036,0,1,52,201553,1840,0,75,0,0,0,LEADER,1,0,0,74,0,0,0,0,0,0,0,0,0,0,0
203360,10,bully,1807,1,0,0,74,0,1036,0,1,10,201553,1807,0,75,0,0,0,LEADER,1,0,0,74,0,0,0,0,0,0,0,0,0,0,0
203293,22,bully,1740,1,0,0,74,0,1036,0,1,22,201553,1740,0,75,0,0,0,LEADER,1,0,0,74,0,0,0,0,0,0,0,0,0,0,0
203439,21,bully,1889,1,0,0,74,0,1036,0,1,21,201550,1889,0,75,0,0,0,LEADER,1,0,0,74,0,0,0,0,0,0,0,0,0,0,0
203699,56,bully,2146,1,0,0,74,0,1036,0,1,56,201553,2146,0,75,0,0,0,LEADER,1,0,0,74,0,0,0,0,0,0,0,0,0,0,0
203224,60,bully,1671,1,0,0,74,0,1036,0,1,60,201553,1671,0,75,0,0,0,LEADER,1,0,0,74,0,0,0,0,0,0,0,0,0,0,0
204077,25,bully,1604,1,0,0,74,0,1036,0,1,25,202473,1604,0,75,0,0,0,LEADER,1,0,0,74,0,0,0,0,0,0,0,0,0,0,0
203290,65,bully,1737,1,0,0,74,0,1036,0,1,65,201553,1737,0,75,0,0,0,LEADER,1,0,0,74,0,0,0,0,0,0,0,0,0,0,0
203966,19,bully,2413,1,0,0,74,0,1036,0,1,19,201553,2413,0,75,0,0,0,LEADER,1,0,0,74,0,0,0,0,0,0,0,0,0,0,0
203596,69,bully,2043,1,0,0,74,0,1036,0,1,69,201553,2043,0,75,0,0,0,LEADER,1,0,0,74,0,0,0,0,0,0,0,0,0,0,0
204198,54,bully,1725,1,0,0,74,0,1036,0,1,54,202473,1725,0,75,0,0,0,LEADER,1,0,0,74,0,0,0,0,0,0,0,0,0,0,0
203545,17,bully,1992,1,0,0,74,0,1036,0,1,17,201553,1992,0,75,0,0,0,LEADER,1,0,0,74,0,0,0,0,0,0,0,0,0,0,0
204059,100,bully,1586,1,0,0,74,0,1036,0,1,100,202473,1586,0,75,0,0,0,LEADER,1,0,0,74,0,0,0,0,0,0,0,0,0,0,0
204022,16,bully,1549,1,0,0,74,0,1036,0,1,16,202473,1549,0,75,0,0,0,LEADER,1,0,0,74,0,0,0,0,0,0,0,0,0,0,0
203611,37,bully,2058,1,0,0,74,0,1036,0,1,37,201553,2058,0,75,0,0,0,LEADER,1,0,0,74,0,0,0,0,0,0,0,0,0,0,0
204247,13,bully,1774,1,0,0,74,0,1036,0,1,13,202473,1774,0,75,0,0,0,LEADER,1,0,0,74,0,0,0,0,0,0,0,0,0,0,0
203408,20,bully,1855,1,0,0,74,0,1036,0,1,20,201553,1855,0,75,0,0,0,LEADER,1,0,0,74,0,0,0,0,0,0,0,0,0,0,0
204040,41,bully,1567,1,0,0,74,0,1036,0,1,41,202473,1567,0,75,0,0,0,LEADER,1,0,0,74,0,0,0,0,0,0,0,0,0,0,0
204029,47,bully,1556,1,0,0,74,0,1036,0,1,47,202473,1556,0,75,0,0,0,LEADER,1,0,0,74,0,0,0,0,0,0,0,0,0,0,0
203855,95,bully,2301,1,0,0,74,0,1036,0,1,95,201554,2301,0,75,0,0,0,LEADER,1,0,0,74,0,0,0,0,0,0,0,0,0,0,0
203718,98,bully,2165,1,0,0,74,0,1036,0,1,98,201553,2165,0,75,0,0,0,LEADER,1,0,0,74,0,0,0,0,0,0,0,0,0,0,0
203902,73,bully,2349,1,0,0,74,0,1036,0,1,73,201553,2349,0,75,0,0,0,LEADER,1,0,0,74,0,0,0,0,0,0,0,0,0,0,0
204225,33,bully,1752,1,0,0,74,0,1036,0,1,33,202473,1752,0,75,0,0,0,LEADER,1,0,0,74,0,0,0,0,0,0,0,0,0,0,0
203448,61,bully,1895,1,0,0,74,0,1036,0,1,61,201553,1895,0,75,0,0,0,LEADER,1,0,0,74,0,0,0,0,0,0,0,0,0,0,0
204195,97,bully,1722,1,0,0,74,0,1036,0,1,97,202473,1722,0,75,0,0,0,LEADER,1,0,0,74,0,0,0,0,0,0,0,0,0,0,0
204395,40,bully,1922,1,0,0,74,0,1036,0,1,40,202473,1922,0,75,0,0,0,LEADER,1,0,0,74,0,0,0,0,0,0,0,0,0,0,0
203884,31,bully,2331,1,0,0,74,0,1036,0,1,31,201553,2331,0,75,0,0,0,LEADER,1,0,0,74,0,0,0,0,0,0,0,0,0,0,0
204385,29,bully,1910,1,0,0,74,0,1036,0,1,29,202475,1910,0,75,0,0,0,LEADER,1,0,0,74,0,0,0,0,0,0,0,0,0,0,0
204211,96,bully,1744,1,0,0,74,0,1036,0,1,96,202467,1744,0,75,0,0,0,LEADER,1,0,0,74,0,0,0,0,0,0,0,0,0,0,0
204298,84,bully,1825,1,0,0,74,0,1036,0,1,84,202473,1825,0,75,0,0,0,LEADER,1,0,0,74,0,0,0,0,0,0,0,0,0,0,0
203994,80,bully,1519,1,0,0,74,0,1036,0,1,80,202475,1519,0,75,0,0,0,LEADER,1,0,0,74,0,0,0,0,0,0,0,0,0,0,0
203836,53,bully,2283,1,0,0,74,0,1036,0,1,53,201553,2283,0,75,0,0,0,LEADER,1,0,0,74,0,0,0,0,0,0,0,0,0,0,0
203911,92,bully,1438,1,0,0,74,0,1036,0,1,92,202473,1438,0,75,0,0,0,LEADER,1,0,0,74,0,0,0,0,0,0,0,0,0,0,0
204084,91,bully,1619,1,0,0,74,0,1036,0,1,91,202465,1619,0,75,0,0,0,LEADER,1,0,0,74,0,0,0,0,0,0,0,0,0,0,0
204347,62,bully,1874,1,0,0,74,0,1036,0,1,62,202473,1874,0,75,0,0,0,LEADER,1,0,0,74,0,0,0,0,0,0,0,0,0,0,0
204044,15,bully,1571,1,0,0,74,0,1036,0,1,15,202473,1571,0,75,0,0,0,LEADER,1,0,0,74,0,0,0,0,0,0,0,0,0,0,0
203714,26,bully,2161,1,0,0,74,0,1036,0,1,26,201553,2161,0,75,0,0,0,LEADER,1,0,0,74,0,0,0,0,0,0,0,0,0,0,0
204450,49,bully,1977,1,0,0,74,0,1036,0,1,49,202473,1977,0,75,0,0,0,LEADER,1,0,0,74,0,0,0,0,0,0,0,0,0,0,0
204265,58,bully,1792,1,0,0,74,0,1036,0,1,58,202473,1792,0,75,0,0,0,LEADER,1,0,0,74,0,0,0,0,0,0,0,0,0,0,0
203799,86,bully,2246,1,0,0,74,0,1036,0,1,86,201553,2246,0,75,0,0,0,LEADER,1,0,0,74,0,0,0,0,0,0,0,0,0,0,0
203972,50,bully,2419,1,0,0,74,0,1036,0,1,50,201553,2419,0,75,0,0,0,LEADER,1,0,0,74,0,0,0,0,0,0,0,0,0,0,0
203821,85,bully,2268,1,0,0,74,0,1036,0,1,85,201553,2268,0,75,0,0,0,LEADER,1,0,0,74,0,0,0,0,0,0,0,0,0,0,0
203761,87,bully,2212,1,0,0,74,0,1036,0,1,87,201549,2212,0,75,0,0,0,LEADER,1,0,0,74,0,0,0,0,0,0,0,0,0,0,0
203969,64,bully,2416,1,0,0,74,0,1036,0,1,64,201553,2416,0,75,0,0,0,LEADER,1,0,0,74,0,0,0,0,0,0,0,0,0,0,0
203907,18,bully,1434,1,0,0,74,0,1036,0,1,18,202473,1434,0,75,0,0,0,LEADER,1,0,0,74,0,0,0,0,0,0,0,0,0,0,0
203818,11,bully,2264,1,0,0,74,0,1036,0,1,11,201554,2264,0,75,0,0,0,LEADER,1,0,0,74,0,0,0,0,0,0,0,0,0,0,0
204026,90,bully,1553,1,0,0,74,0,1036,0,1,90,202473,1553,0,75,0,0,0,LEADER,1,0,0,74,0,0,0,0,0,0,0,0,0,0,0
203920,35,bully,1447,1,0,0,74,0,1036,0,1,35,202473,1447,0,75,0,0,0,LEADER,1,0,0,74,0,0,0,0,0,0,0,0,0,0,0
203802,43,bully,2249,1,0,0,74,0,1036,0,1,43,201553,2249,0,75,0,0,0,LEADER,1,0,0,74,0,0,0,0,0,0,0,0,0,0,0
203940,28,bully,1467,1,0,0,74,0,1036,0,1,28,202473,1467,0,75,0,0,0,LEADER,1,0,0,74,0,0,0,0,0,0,0,0,0,0,0
203779,44,bully,2228,1,0,0,74,0,1036,0,1,44,201551,2228,0,75,0,0,0,LEADER,1,0,0,74,0,0,0,0,0,0,0,0,0,0,0
204614,23,bully,2141,1,0,0,74,0,1036,0,1,23,202473,2141,0,75,0,0,0,LEADER,1,0,0,74,0,0,0,0,0,0,0,0,0,0,0
203934,30,bully,1461,1,0,0,74,0,1036,0,1,30,202473,1461,0,75,0,0,0,LEADER,1,0,0,74,0,0,0,0,0,0,0,0,0,0,0
204332,94,bully,1859,1,0,0,74,0,1036,0,1,94,202473,1859,0,75,0,0,0,LEADER,1,0,0,74,0,0,0,0,0,0,0,0,0,0,0
203974,38,bully,1501,1,0,0,74,0,1036,0,1,38,202473,1501,0,75,0,0,0,LEADER,1,0,0,74,0,0,0,0,0,0,0,0,0,0,0
204653,66,bully,2180,1,0,0,74,0,1036,0,1,66,202473,2180,0,75,0,0,0,LEADER,1,0,0,74,0,0,0,0,0,0,0,0,0,0,0
203959,70,bully,1486,1,0,0,74,0,1036,0,1,70,202473,1486,0,75,0,0,0,LEADER,1,0,0,74,0,0,0,0,0,0,0,0,0,0,0
204604,88,bully,2131,1,0,0,74,0,1036,0,1,88,202473,2131,0,75,0,0,0,LEADER,1,0,0,74,0,0,0,0,0,0,0,0,0,0,0
203788,75,bully,2235,1,0,0,74,0,1036,0,1,75,201553,2235,0,75,0,0,0,LEADER,1,0,0,74,0,0,0,0,0,0,0,0,0,0,0
203798,12,bully,2243,1,0,0,74,0,1036,0,1,12,201555,2243,0,75,0,0,0,LEADER,1,0,0,74,0,0,0,0,0,0,0,0,0,0,0
204498,27,bully,2025,1,0,0,74,0,1036,0,1,27,202473,2025,0,75,0,0,0,LEADER,1,0,0,74,0,0,0,0,0,0,0,0,0,0,0
203987,42,bully,1514,1,0,0,74,0,1036,0,1,42,202473,1514,0,75,0,0,0,LEADER,1,0,0,74,0,0,0,0,0,0,0,0,0,0,0
204634,24,bully,2161,1,0,0,74,0,1036,0,1,24,202473,2161,0,75,0,0,0,LEADER,1,0,0,74,0,0,0,0,0,0,0,0,0,0,0
204586,46,bully,2113,1,0,0,74,0,1036,0,1,46,202473,2113,0,75,0,0,0,LEADER,1,0,0,74,0,0,0,0,0,0,0,0,0,0,0
204483,59,bully,2010,1,0,0,74,0,1036,0,1,59,202473,2010,0,75,0,0,0,LEADER,1,0,0,74,0,0,0,0,0,0,0,0,0,0,0
204111,34,bully,1637,1,0,0,74,0,1036,0,1,34,202474,1637,0,75,0,0,0,LEADER,1,0,0,74,0,0,0,0,0,0,0,0,0,0,0
204765,32,bully,2292,1,0,0,74,0,1036,0,1,32,202473,2292,0,75,0,0,0,LEADER,1,0,0,74,0,0,0,0,0,0,0,0,0,0,0
204380,72,bully,1907,1,0,0,74,0,1036,0,1,72,202473,1907,0,75,0,0,0,LEADER,1,0,0,74,0,0,0,0,0,0,0,0,0,0,0
204792,63,bully,2316,1,0,0,74,0,1036,0,1,63,202476,2316,0,75,0,0,0,LEADER,1,0,0,74,0,0,0,0,0,0,0,0,0,0,0
204265,74,bully,1792,1,0,0,74,0,1036,0,1,74,202473,1792,0,75,0,0,0,LEADER,1,0,0,74,0,0,0,0,0,0,0,0,0,0,0
204007,48,bully,1534,1,0,0,74,0,1036,0,1,48,202473,1534,0,75,0,0,0,LEADER,1,0,0,74,0,0,0,0,0,0,0,0,0,0,0
204470,57,bully,1995,1,0,0,74,0,1036,0,1,57,202475,1995,0,75,0,0,0,LEADER,1,0,0,74,0,0,0,0,0,0,0,0,0,0,0
204538,68,bully,2065,1,0,0,74,0,1036,0,1,68,202473,2065,0,75,0,0,0,LEADER,1,0,0,74,0,0,0,0,0,0,0,0,0,0,0
203939,45,bully,1466,1,0,0,74,0,1036,0,1,45,202473,1466,0,75,0,0,0,LEADER,1,0,0,74,0,0,0,0,0,0,0,0,0,0,0
204296,93,bully,1823,1,0,0,74,0,1036,0,1,93,202473,1823,0,75,0,0,0,LEADER,1,0,0,74,0,0,0,0,0,0,0,0,0,0,0
204877,82,bully,2404,1,0,0,74,0,1036,0,1,82,202473,2404,0,75,0,0,0,LEADER,1,0,0,74,0,0,0,0,0,0,0,0,0,0,0
204871,51,bully,2398,1,0,0,74,0,1036,0,1,51,202473,2398,0,75,0,0,0,LEADER,1,0,0,74,0,0,0,0,0,0,0,0,0,0,0
204416,39,bully,1943,1,0,0,74,0,1036,0,1,39,202473,1943,0,75,0,0,0,LEADER,1,0,0,74,0,0,0,0,0,0,0,0,0,0,0
204162,78,bully,1689,1,0,0,74,0,1036,0,1,78,202473,1689,0,75,0,0,0,LEADER,1,0,0,74,0,0,0,0,0,0,0,0,0,0,0
204550,79,bully,2077,1,0,0,74,0,1036,0,1,79,202473,2077,0,75,0,0,0,LEADER,1,0,0,74,0,0,0,0,0,0,0,0,0,0,0
204125,14,bully,1652,1,0,0,74,0,1036,0,1,14,202473,1652,0,75,0,0,0,LEADER,1,0,0,74,0,0,0,0,0,0,0,0,0,0,0
204552,36,bully,2080,1,0,0,74,0,1036,0,1,36,202472,2080,0,75,0,0,0,LEADER,1,0,0,74,0,0,0,0,0,0,0,0,0,0,0
204435,81,bully,1962,1,0,0,74,0,1036,0,1,81,202473,1962,0,75,0,0,0,LEADER,1,0,0,74,0,0,0,0,0,0,0,0,0,0,0
204095,67,bully,1622,1,0,0,74,0,1036,0,1,67,202473,1622,0,75,0,0,0,LEADER,1,0,0,74,0,0,0,0,0,0,0,0,0,0,0
204856,83,bully,2383,1,0,0,74,0,1036,0,1,83,202473,2383,0,75,0,0,0,LEADER,1,0,0,74,0,0,0,0,0,0,0,0,0,0,0
205000,99,bully,1607,1,0,0,74,0,1036,0,1,99,203393,1607,0,75,0,0,0,LEADER,1,0,0,74,0,0,0,0,0,0,0,0,0,0,0
204177,55,bully,1704,1,0,0,74,0,1036,0,1,55,202473,1704,0,75,0,0,0,LEADER,1,0,0,74,0,0,0,0,0,0,0,0,0,0,0
204967,89,bully,1574,1,0,0,74,0,1036,0,1,89,203393,1574,0,75,0,0,0,LEADER,1,0,0,74,0,0,0,0,0,0,0,0,0,0,0
204129,77,bully,1656,1,0,0,74,0,1036,0,1,77,202473,1656,0,75,0,0,0,LEADER,1,0,0,74,0,0,0,0,0,0,0,0,0,0,0
204401,71,bully,1928,1,0,0,74,0,1036,0,1,71,202473,1928,0,75,0,0,0,LEADER,1,0,0,74,0,0,0,0,0,0,0,0,0,0,0
204679,76,bully,2213,1,0,0,74,0,1036,0,1,76,202466,2213,0,75,0,0,0,LEADER,1,0,0,74,0,0,0,0,0,0,0,0,0,0,0
204313,52,bully,1840,1,0,0,74,0,1036,0,1,52,202473,1840,0,75,0,0,0,LEADER,1,0,0,74,0,0,0,0,0,0,0,0,0,0,0
204280,10,bully,1807,1,0,0,74,0,1036,0,1,10,202473,1807,0,75,0,0,0,LEADER,1,0,0,74,0,0,0,0,0,0,0,0,0,0,0
204213,22,bully,1740,1,0,0,74,0,1036,0,1,22,202473,1740,0,75,0,0,0,LEADER,1,0,0,74,0,0,0,0,0,0,0,0,0,0,0
204359,21,bully,1889,1,0,0,74,0,1036,0,1,21,202470,1889,0,75,0,0,0,LEADER,1,0,0,74,0,0,0,0,0,0,0,0,0,0,0
204619,56,bully,2146,1,0,0,74,0,1036,0,1,56,202473,2146,0,75,0,0,0,LEADER,1,0,0,74,0,0,0,0,0,0,0,0,0,0,0
204144,60,bully,1671,1,0,0,74,0,1036,0,1,60,202473,1671,0,75,0,0,0,LEADER,1,0,0,74,0,0,0,0,0,0,0,0,0,0,0
204997,25,bully,1604,1,0,0,74,0,1036,0,1,25,203393,1604,0,75,0,0,0,LEADER,1,0,0,74,0,0,0,0,0,0,0,0,0,0,0
204210,65,bully,1737,1,0,0,74,0,1036,0,1,65,202473,1737,0,75,0,0,0,LEADER,1,0,0,74,0,0,0,0,0,0,0,0,0,0,0
204886,19,bully,2413,1,0,0,74,0,1036,0,1,19,202473,2413,0,75,0,0,0,LEADER,1,0,0,74,0,0,0,0,0,0,0,0,0,0,0
204516,69,bully,2043,1,0,0,74,0,1036,0,1,69,202473,2043,0,75,0,0,0,LEADER,1,0,0,74,0,0,0,0,0,0,0,0,0,0,0
205118,54,bully,1725,1,0,0,74,0,1036,0,1,54,203393,1725,0,75,0,0,0,LEADER,1,0,0,74,0,0,0,0,0,0,0,0,0,0,0
204465,17,bully,1992,1,0,0,74,0,1036,0,1,17,202473,1992,0,75,0,0,0,LEADER,1,0,0,74,0,0,0,0,0,0,0,0,0,0,0
204979,100,bully,1586,1,0,0,74,0,1036,0,1,100,203393,1586,0,75,0,0,0,LEADER,1,0,0,74,0,0,0,0,0,0,0,0,0,0,0
204942,16,bully,1549,1,0,0,74,0,1036,0,1,16,203393,1549,0,75,0,0,0,LEADER,1,0,0,74,0,0,0,0,0,0,0,0,0,0,0
204531,37,bully,2058,1,0,0,74,0,1036,0,1,37,202473,2058,0,75,0,0,0,LEADER,1,0,0,74,0,0,0,0,0,0,0,0,0,0,0
205167,13,bully,1774,1,0,0,74,0,1036,0,1,13,203393,1774,0,75,0,0,0,LEADER,1,0,0,74,0,0,0,0,0,0,0,0,0,0,0
204328,20,bully,1855,1,0,0,74,0,1036,0,1,20,202473,1855,0,75,0,0,0,LEADER,1,0,0,74,0,0,0,0,0,0,0,0,0,0,0
204960,41,bully,1567,1,0,0,74,0,1036,0,1,41,203393,1567,0,75,0,0,0,LEADER,1,0,0,74,0,0,0,0,0,0,0,0,0,0,0
204949,47,bully,1556,1,0,0,74,0,1036,0,1,47,203393,1556,0,75,0,0,0,LEADER,1,0,0,74,0,0,0,0,0,0,0,0,0,0,0
204775,95,bully,2301,1,0,0,74,0,1036,0,1,95,202474,2301,0,75,0,0,0,LEADER,1,0,0,74,0,0,0,0,0,0,0,0,0,0,0
204638,98,bully,2165,1,0,0,74,0,1036,0,1,98,202473,2165,0,75,0,0,0,LEADER,1,0,0,74,0,0,0,0,0,0,0,0,0,0,0
204822,73,bully,2349,1,0,0,74,0,1036,0,1,73,202473,2349,0,75,0,0,0,LEADER,1,0,0,74,0,0,0,0,0,0,0,0,0,0,0
205145,33,bully,1752,1,0,0,74,0,1036,0,1,33,203393,1752,0,75,0,0,0,LEADER,1,0,0,74,0,0,0,0,0,0,0,0,0,0,0
204368,61,bully,1895,1,0,0,74,0,1036,0,1,61,202473,1895,0,75,0,0,0,LEADER,1,0,0,74,0,0,0,0,0,0,0,0,0,0,0
205115,97,bully,1722,1,0,0,74,0,1036,0,1,97,203393,1722,0,75,0,0,0,LEADER,1,0,0,74,0,0,0,0,0,0,0,0,0,0,0
205315,40,bully,1922,1,0,0,74,0,1036,0,1,40,203393,1922,0,75,0,0,0,LEADER,1,0,0,74,0,0,0,0,0,0,0,0,0,0,0
204804,31,bully,2331,1,0,0,74,0,1036,0,1,31,202473,2331,0,75,0,0,0,LEADER,1,0,0,74,0,0,0,0,0,0,0,0,0,0,0
205305,29,bully,1910,1,0,0,74,0,1036,0,1,29,203395,1910,0,75,0,0,0,LEADER,1,0,0,74,0,0,0,0,0,0,0,0,0,0,0
205131,96,bully,1744,1,0,0,74,0,1036,0,1,96,203387,1744,0,75,0,0,0,LEADER,1,0,0,74,0,0,0,0,0,0,0,0,0,0,0
205218,84,bully,1825,1,0,0,74,0,1036,0,1,84,203393,1825,0,75,0,0,0,LEADER,1,0,0,74,0,0,0,0,0,0,0,0,0,0,0
204914,80,bully,1519,1,0,0,74,0,1036,0,1,80,203395,1519,0,75,0,0,0,LEADER,1,0,0,74,0,0,0,0,0,0,0,0,0,0,0
204756,53,bully,2283,1,0,0,74,0,1036,0,1,53,202473,2283,0,75,0,0,0,LEADER,1,0,0,74,0,0,0,0,0,0,0,0,0,0,0
204831,92,bully,1438,1,0,0,74,0,1036,0,1,92,203393,1438,0,75,0,0,0,LEADER,1,0,0,74,0,0,0,0,0,0,0,0,0,0,0
205004,91,bully,1619,1,0,0,74,0,1036,0,1,91,203385,1619,0,75,0,0,0,LEADER,1,0,0,74,0,0,0,0,0,0,0,0,0,0,0
205267,62,bully,1874,1,0,0,74,0,1036,0,1,62,203393,1874,0,75,0,0,0,LEADER,1,0,0,74,0,0,0,0,0,0,0,0,0,0,0
204964,15,bully,1571,1,0,0,74,0,1036,0,1,15,203393,1571,0,75,0,0,0,LEADER,1,0,0,74,0,0,0,0,0,0,0,0,0,0,0
204634,26,bully,2161,1,0,0,74,0,1036,0,1,26,202473,2161,0,75,0,0,0,LEADER,1,0,0,74,0,0,0,0,0,0,0,0,0,0,0
205370,49,bully,1977,1,0,0,74,0,1036,0,1,49,203393,1977,0,75,0,0,0,LEADER,1,0,0,74,0,0,0,0,0,0,0,0,0,0,0
205185,58,bully,1792,1,0,0,74,0,1036,0,1,58,203393,1792,0,75,0,0,0,LEADER,1,0,0,74,0,0,0,0,0,0,0,0,0,0,0
204719,86,bully,2246,1,0,0,74,0,1036,0,1,86,202473,2246,0,75,0,0,0,LEADER,1,0,0,74,0,0,0,0,0,0,0,0,0,0,0
204892,50,bully,2419,1,0,0,74,0,1036,0,1,50,202473,2419,0,75,0,0,0,LEADER,1,0,0,74,0,0,0,0,0,0,0,0,0,0,0
204741,85,bully,2268,1,0,0,74,0,1036,0,1,85,202473,2268,0,75,0,0,0,LEADER,1,0,0,74,0,0,0,0,0,0,0,0,0,0,0
204681,87,bully,2212,1,0,0,74,0,1036,0,1,87,202469,2212,0,75,0,0,0,LEADER,1,0,0,74,0,0,0,0,0,0,0,0,0,0,0
204889,64,bully,2416,1,0,0,74,0,1036,0,1,64,202473,2416,0,75,0,0,0,LEADER,1,0,0,74,0,0,0,0,0,0,0,0,0,0,0
204827,18,bully,1434,1,0,0,74,0,1036,0,1,18,203393,1434,0,75,0,0,0,LEADER,1,0,0,74,0,0,0,0,0,0,0,0,0,0,0
204738,11,bully,2264,1,0,0,74,0,1036,0,1,11,202474,2264,0,75,0,0,0,LEADER,1,0,0,74,0,0,0,0,0,0,0,0,0,0,0
204946,90,bully,1553,1,0,0,74,0,1036,0,1,90,203393,1553,0,75,0,0,0,LEADER,1,0,0,74,0,0,0,0,0,0,0,0,0,0,0
204840,35,bully,1447,1,0,0,74,0,1036,0,1,35,203393,1447,0,75,0,0,0,LEADER,1,0,0,74,0,0,0,0,0,0,0,0,0,0,0
204722,43,bully,2249,1,0,0,74,0,1036,0,1,43,202473,2249,0,75,0,0,0,LEADER,1,0,0,74,0,0,0,0,0,0,0,0,0,0,0
204860,28,bully,1467,1,0,0,74,0,1036,0,1,28,203393,1467,0,75,0,0,0,LEADER,1,0,0,74,0,0,0,0,0,0,0,0,0,0,0
204699,44,bully,2228,1,0,0,74,0,1036,0,1,44,202471,2228,0,75,0,0,0,LEADER,1,0,0,74,0,0,0,0,0,0,0,0,0,0,0
205534,23,bully,2141,1,0,0,74,0,1036,0,1,23,203393,2141,0,75,0,0,0,LEADER,1,0,0,74,0,0,0,0,0,0,0,0,0,0,0
204854,30,bully,1461,1,0,0,74,0,1036,0,1,30,203393,1461,0,75,0,0,0,LEADER,1,0,0,74,0,0,0,0,0,0,0,0,0,0,0
205252,94,bully,1859,1,0,0,74,0,1036,0,1,94,203393,1859,0,75,0,0,0,LEADER,1,0,0,74,0,0,0,0,0,0,0,0,0,0,0
204894,38,bully,1501,1,0,0,74,0,1036,0,1,38,203393,1501,0,75,0,0,0,LEADER,1,0,0,74,0,0,0,0,0,0,0,0,0,0,0
205573,66,bully,2180,1,0,0,74,0,1036,0,1,66,203393,2180,0,75,0,0,0,LEADER,1,0,0,74,0,0,0,0,0,0,0,0,0,0,0
204879,70,bully,1486,1,0,0,74,0,1036,0,1,70,203393,1486,0,75,0,0,0,LEADER,1,0,0,74,0,0,0,0,0,0,0,0,0,0,0
205524,88,bully,2131,1,0,0,74,0,1036,0,1,88,203393,2131,0,75,0,0,0,LEADER,1,0,0,74,0,0,0,0,0,0,0,0,0,0,0
204708,75,bully,2235,1,0,0,74,0,1036,0,1,75,202473,2235,0,75,0,0,0,LEADER,1,0,0,74,0,0,0,0,0,0,0,0,0,0,0
204718,12,bully,2243,1,0,0,74,0,1036,0,1,12,202475,2243,0,75,0,0,0,LEADER,1,0,0,74,0,0,0,0,0,0,0,0,0,0,0
205418,27,bully,2025,1,0,0,74,0,1036,0,1,27,203393,2025,0,75,0,0,0,LEADER,1,0,0,74,0,0,0,0,0,0,0,0,0,0,0
204907,42,bully,1514,1,0,0,74,0,1036,0,1,42,203393,1514,0,75,0,0,0,LEADER,1,0,0,74,0,0,0,0,0,0,0,0,0,0,0
205554,24,bully,2161,1,0,0,74,0,1036,0,1,24,203393,2161,0,75,0,0,0,LEADER,1,0,0,74,0,0,0,0,0,0,0,0,0,0,0
205506,46,bully,2113,1,0,0,74,0,1036,0,1,46,203393,2113,0,75,0,0,0,LEADER,1,0,0,74,0,0,0,0,0,0,0,0,0,0,0
205403,59,bully,2010,1,0,0,74,0,1036,0,1,59,203393,2010,0,75,0,0,0,LEADER,1,0,0,74,0,0,0,0,0,0,0,0,0,0,0
205685,32,bully,2292,1,0,0,74,0,1036,0,1,32,203393,2292,0,75,0,0,0,LEADER,1,0,0,74,0,0,0,0,0,0,0,0,0,0,0
205031,34,bully,1637,1,0,0,74,0,1036,0,1,34,203394,1637,0,75,0,0,0,LEADER,1,0,0,74,0,0,0,0,0,0,0,0,0,0,0
205300,72,bully,1907,1,0,0,74,0,1036,0,1,72,203393,1907,0,75,0,0,0,LEADER,1,0,0,74,0,0,0,0,0,0,0,0,0,0,0
205712,63,bully,2316,1,0,0,74,0,1036,0,1,63,203396,2316,0,75,0,0,0,LEADER,1,0,0,74,0,0,0,0,0,0,0,0,0,0,0
205185,74,bully,1792,1,0,0,74,0,1036,0,1,74,203393,1792,0,75,0,0,0,LEADER,1,0,0,74,0,0,0,0,0,0,0,0,0,0,0
204927,48,bully,1534,1,0,0,74,0,1036,0,1,48,203393,1534,0,75,0,0,0,LEADER,1,0,0,74,0,0,0,0,0,0,0,0,0,0,0
205390,57,bully,1995,1,0,0,74,0,1036,0,1,57,203395,1995,0,75,0,0,0,LEADER,1,0,0,74,0,0,0,0,0,0,0,0,0,0,0
205458,68,bully,2065,1,0,0,74,0,1036,0,1,68,203393,2065,0,75,0,0,0,LEADER,1,0,0,74,0,0,0,0,0,0,0,0,0,0,0
204859,45,bully,1466,1,0,0,74,0,1036,0,1,45,203393,1466,0,75,0,0,0,LEADER,1,0,0,74,0,0,0,0,0,0,0,0,0,0,0
205216,93,bully,1823,1,0,0,74,0,1036,0,1,93,203393,1823,0,75,0,0,0,LEADER,1,0,0,74,0,0,0,0,0,0,0,0,0,0,0
205797,82,bully,2404,1,0,0,74,0,1036,0,1,82,203393,2404,0,75,0,0,0,LEADER,1,0,0,74,0,0,0,0,0,0,0,0,0,0,0
205791,51,bully,2398,1,0,0,74,0,1036,0,1,51,203393,2398,0,75,0,0,0,LEADER,1,0,0,74,0,0,0,0,0,0,0,0,0,0,0
205336,39,bully,1943,1,0,0,74,0,1036,0,1,39,203393,1943,0,75,0,0,0,LEADER,1,0,0,74,0,0,0,0,0,0,0,0,0,0,0
205082,78,bully,1689,1,0,0,74,0,1036,0,1,78,203393,1689,0,75,0,0,0,LEADER,1,0,0,74,0,0,0,0,0,0,0,0,0,0,0
205470,79,bully,2077,1,0,0,74,0,1036,0,1,79,203393,2077,0,75,0,0,0,LEADER,1,0,0,74,0,0,0,0,0,0,0,0,0,0,0
205045,14,bully,1652,1,0,0,74,0,1036,0,1,14,203393,1652,0,75,0,0,0,LEADER,1,0,0,74,0,0,0,0,0,0,0,0,0,0,0
205472,36,bully,2080,1,0,0,74,0,1036,0,1,36,203392,2080,0,75,0,0,0,LEADER,1,0,0,74,0,0,0,0,0,0,0,0,0,0,0
205355,81,bully,1962,1,0,0,74,0,1036,0,1,81,203393,1962,0,75,0,0,0,LEADER,1,0,0,74,0,0,0,0,0,0,0,0,0,0,0
205015,67,bully,1622,1,0,0,74,0,1036,0,1,67,203393,1622,0,75,0,0,0,LEADER,1,0,0,74,0,0,0,0,0,0,0,0,0,0,0
205776,83,bully,2383,1,0,0,74,0,1036,0,1,83,203393,2383,0,75,0,0,0,LEADER,1,0,0,74,0,0,0,0,0,0,0,0,0,0,0
205921,99,bully,1607,1,0,0,75,0,1050,0,1,99,204314,1607,0,76,0,0,0,LEADER,1,0,0,75,0,0,0,0,0,0,0,0,0,0,0
205097,55,bully,1704,1,0,0,74,0,1036,0,1,55,203393,1704,0,75,0,0,0,LEADER,1,0,0,74,0,0,0,0,0,0,0,0,0,0,0
205888,89,bully,1574,1,0,0,75,0,1050,0,1,89,204314,1574,0,76,0,0,0,LEADER,1,0,0,75,0,0,0,0,0,0,0,0,0,0,0
205049,77,bully,1656,1,0,0,74,0,1036,0,1,77,203393,1656,0,75,0,0,0,LEADER,1,0,0,74,0,0,0,0,0,0,0,0,0,0,0
205321,71,bully,1928,1,0,0,74,0,1036,0,1,71,203393,1928,0,75,0,0,0,LEADER,1,0,0,74,0,0,0,0,0,0,0,0,0,0,0
205599,76,bully,2213,1,0,0,74,0,1036,0,1,76,203386,2213,0,75,0,0,0,LEADER,1,0,0,74,0,0,0,0,0,0,0,0,0,0,0
205233,52,bully,1840,1,0,0,74,0,1036,0,1,52,203393,1840,0,75,0,0,0,LEADER,1,0,0,74,0,0,0,0,0,0,0,0,0,0,0
205200,10,bully,1807,1,0,0,74,0,1036,0,1,10,203393,1807,0,75,0,0,0,LEADER,1,0,0,74,0,0,0,0,0,0,0,0,0,0,0
205133,22,bully,1740,1,0,0,74,0,1036,0,1,22,203393,1740,0,75,0,0,0,LEADER,1,0,0,74,0,0,0,0,0,0,0,0,0,0,0
205279,21,bully,1889,1,0,0,74,0,1036,0,1,21,203390,1889,0,75,0,0,0,LEADER,1,0,0,74,0,0,0,0,0,0,0,0,0,0,0
205539,56,bully,2146,1,0,0,74,0,1036,0,1,56,203393,2146,0,75,0,0,0,LEADER,1,0,0,74,0,0,0,0,0,0,0,0,0,0,0
205064,60,bully,1671,1,0,0,74,0,1036,0,1,60,203393,1671,0,75,0,0,0,LEADER,1,0,0,74,0,0,0,0,0,0,0,0,0,0,0
205918,25,bully,1604,1,0,0,75,0,1050,0,1,25,204314,1604,0,76,0,0,0,LEADER,1,0,0,75,0,0,0,0,0,0,0,0,0,0,0
205130,65,bully,1737,1,0,0,74,0,1036,0,1,65,203393,1737,0,75,0,0,0,LEADER,1,0,0,74,0,0,0,0,0,0,0,0,0,0,0
205806,19,bully,2413,1,0,0,74,0,1036,0,1,19,203393,2413,0,75,0,0,0,LEADER,1,0,0,74,0,0,0,0,0,0,0,0,0,0,0
205436,69,bully,2043,1,0,0,74,0,1036,0,1,69,203393,2043,0,75,0,0,0,LEADER,1,0,0,74,0,0,0,0,0,0,0,0,0,0,0
206039,54,bully,1725,1,0,0,75,0,1050,0,1,54,204314,1725,0,76,0,0,0,LEADER,1,0,0,75,0,0,0,0,0,0,0,0,0,0,0
205385,17,bully,1992,1,0,0,74,0,1036,0,1,17,203393,1992,0,75,0,0,0,LEADER,1,0,0,74,0,0,0,0,0,0,0,0,0,0,0
205900,100,bully,1586,1,0,0,75,0,1050,0,1,100,204314,1586,0,76,0,0,0,LEADER,1,0,0,75,0,0,0,0,0,0,0,0,0,0,0
205863,16,bully,1549,1,0,0,75,0,1050,0,1,16,204314,1549,0,76,0,0,0,LEADER,1,0,0,75,0,0,0,0,0,0,0,0,0,0,0
205451,37,bully,2058,1,0,0,74,0,1036,0,1,37,203393,2058,0,75,0,0,0,LEADER,1,0,0,74,0,0,0,0,0,0,0,0,0,0,0
206088,13,bully,1774,1,0,0,75,0,1050,0,1,13,204314,1774,0,76,0,0,0,LEADER,1,0,0,75,0,0,0,0,0,0,0,0,0,0,0
205248,20,bully,1855,1,0,0,74,0,1036,0,1,20,203393,1855,0,75,0,0,0,LEADER,1,0,0,74,0,0,0,0,0,0,0,0,0,0,0
205881,41,bully,1567,1,0,0,75,0,1050,0,1,41,204314,1567,0,76,0,0,0,LEADER,1,0,0,75,0,0,0,0,0,0,0,0,0,0,0
205870,47,bully,1556,1,0,0,75,0,1050,0,1,47,204314,1556,0,76,0,0,0,LEADER,1,0,0,75,0,0,0,0,0,0,0,0,0,0,0
205695,95,bully,2301,1,0,0,74,0,1036,0,1,95,203394,2301,0,75,0,0,0,LEADER,1,0,0,74,0,0,0,0,0,0,0,0,0,0,0
205558,98,bully,2165,1,0,0,74,0,1036,0,1,98,203393,2165,0,75,0,0,0,LEADER,1,0,0,74,0,0,0,0,0,0,0,0,0,0,0
205742,73,bully,2349,1,0,0,74,0,1036,0,1,73,203393,2349,0,75,0,0,0,LEADER,1,0,0,74,0,0,0,0,0,0,0,0,0,0,0
205288,61,bully,1895,1,0,0,74,0,1036,0,1,61,203393,1895,0,75,0,0,0,LEADER,1,0,0,74,0,0,0,0,0,0,0,0,0,0,0
206036,97,bully,1722,1,0,0,75,0,1050,0,1,97,204314,1722,0,76,0,0,0,LEADER,1,0,0,75,0,0,0,0,0,0,0,0,0,0,0
206066,33,bully,1752,1,0,0,75,0,1050,0,1,33,204314,1752,0,76,0,0,0,LEADER,1,0,0,75,0,0,0,0,0,0,0,0,0,0,0
205724,31,bully,2331,1,0,0,74,0,1036,0,1,31,203393,2331,0,75,0,0,0,LEADER,1,0,0,74,0,0,0,0,0,0,0,0,0,0,0
206236,40,bully,1922,1,0,0,75,0,1050,0,1,40,204314,1922,0,76,0,0,0,LEADER,1,0,0,75,0,0,0,0,0,0,0,0,0,0,0
206226,29,bully,1910,1,0,0,75,0,1050,0,1,29,204316,1910,0,76,0,0,0,LEADER,1,0,0,75,0,0,0,0,0,0,0,0,0,0,0
206052,96,bully,1744,1,0,0,75,0,1050,0,1,96,204308,1744,0,76,0,0,0,LEADER,1,0,0,75,0,0,0,0,0,0,0,0,0,0,0
206139,84,bully,1825,1,0,0,75,0,1050,0,1,84,204314,1825,0,76,0,0,0,LEADER,1,0,0,75,0,0,0,0,0,0,0,0,0,0,0
205835,80,bully,1519,1,0,0,75,0,1050,0,1,80,204316,1519,0,76,0,0,0,LEADER,1,0,0,75,0,0,0,0,0,0,0,0,0,0,0
205676,53,bully,2283,1,0,0,74,0,1036,0,1,53,203393,2283,0,75,0,0,0,LEADER,1,0,0,74,0,0,0,0,0,0,0,0,0,0,0
205752,92,bully,1438,1,0,0,75,0,1050,0,1,92,204314,1438,0,76,0,0,0,LEADER,1,0,0,75,0,0,0,0,0,0,0,0,0,0,0
205925,91,bully,1619,1,0,0,75,0,1050,0,1,91,204306,1619,0,76,0,0,0,LEADER,1,0,0,75,0,0,0,0,0,0,0,0,0,0,0
206188,62,bully,1874,1,0,0,75,0,1050,0,1,62,204314,1874,0,76,0,0,0,LEADER,1,0,0,75,0,0,0,0,0,0,0,0,0,0,0
205885,15,bully,1571,1,0,0,75,0,1050,0,1,15,204314,1571,0,76,0,0,0,LEADER,1,0,0,75,0,0,0,0,0,0,0,0,0,0,0
205554,26,bully,2161,1,0,0,74,0,1036,0,1,26,203393,2161,0,75,0,0,0,LEADER,1,0,0,74,0,0,0,0,0,0,0,0,0,0,0
206291,49,bully,1977,1,0,0,75,0,1050,0,1,49,204314,1977,0,76,0,0,0,LEADER,1,0,0,75,0,0,0,0,0,0,0,0,0,0,0
206106,58,bully,1792,1,0,0,75,0,1050,0,1,58,204314,1792,0,76,0,0,0,LEADER,1,0,0,75,0,0,0,0,0,0,0,0,0,0,0
205639,86,bully,2246,1,0,0,74,0,1036,0,1,86,203393,2246,0,75,0,0,0,LEADER,1,0,0,74,0,0,0,0,0,0,0,0,0,0,0
205812,50,bully,2419,1,0,0,74,0,1036,0,1,50,203393,2419,0,75,0,0,0,LEADER,1,0,0,74,0,0,0,0,0,0,0,0,0,0,0
205661,85,bully,2268,1,0,0,74,0,1036,0,1,85,203393,2268,0,75,0,0,0,LEADER,1,0,0,74,0,0,0,0,0,0,0,0,0,0,0
205601,87,bully,2212,1,0,0,74,0,1036,0,1,87,203389,2212,0,75,0,0,0,LEADER,1,0,0,74,0,0,0,0,0,0,0,0,0,0,0
205809,64,bully,2416,1,0,0,74,0,1036,0,1,64,203393,2416,0,75,0,0,0,LEADER,1,0,0,74,0,0,0,0,0,0,0,0,0,0,0
205658,11,bully,2264,1,0,0,74,0,1036,0,1,11,203394,2264,0,75,0,0,0,LEADER,1,0,0,74,0,0,0,0,0,0,0,0,0,0,0
205748,18,bully,1434,1,0,0,75,0,1050,0,1,18,204314,1434,0,76,0,0,0,LEADER,1,0,0,75,0,0,0,0,0,0,0,0,0,0,0
205867,90,bully,1553,1,0,0,75,0,1050,0,1,90,204314,1553,0,76,0,0,0,LEADER,1,0,0,75,0,0,0,0,0,0,0,0,0,0,0
205761,35,bully,1447,1,0,0,75,0,1050,0,1,35,204314,1447,0,76,0,0,0,LEADER,1,0,0,75,0,0,0,0,0,0,0,0,0,0,0
205642,43,bully,2249,1,0,0,74,0,1036,0,1,43,203393,2249,0,75,0,0,0,LEADER,1,0,0,74,0,0,0,0,0,0,0,0,0,0,0
205781,28,bully,1467,1,0,0,75,0,1050,0,1,28,204314,1467,0,76,0,0,0,LEADER,1,0,0,75,0,0,0,0,0,0,0,0,0,0,0
205619,44,bully,2228,1,0,0,74,0,1036,0,1,44,203391,2228,0,75,0,0,0,LEADER,1,0,0,74,0,0,0,0,0,0,0,0,0,0,0
206455,23,bully,2141,1,0,0,75,0,1050,0,1,23,204314,2141,0,76,0,0,0,LEADER,1,0,0,75,0,0,0,0,0,0,0,0,0,0,0
205775,30,bully,1461,1,0,0,75,0,1050,0,1,30,204314,1461,0,76,0,0,0,LEADER,1,0,0,75,0,0,0,0,0,0,0,0,0,0,0
206173,94,bully,1859,1,0,0,75,0,1050,0,1,94,204314,1859,0,76,0,0,0,LEADER,1,0,0,75,0,0,0,0,0,0,0,0,0,0,0
205815,38,bully,1501,1,0,0,75,0,1050,0,1,38,204314,1501,0,76,0,0,0,LEADER,1,0,0,75,0,0,0,0,0,0,0,0,0,0,0
206494,66,bully,2180,1,0,0,75,0,1050,0,1,66,204314,2180,0,76,0,0,0,LEADER,1,0,0,75,0,0,0,0,0,0,0,0,0,0,0
205800,70,bully,1486,1,0,0,75,0,1050,0,1,70,204314,1486,0,76,0,0,0,LEADER,1,0,0,75,0,0,0,0,0,0,0,0,0,0,0
206445,88,bully,2131,1,0,0,75,0,1050,0,1,88,204314,2131,0,76,0,0,0,LEADER,1,0,0,75,0,0,0,0,0,0,0,0,0,0,0
205628,75,bully,2235,1,0,0,74,0,1036,0,1,75,203393,2235,0,75,0,0,0,LEADER,1,0,0,74,0,0,0,0,0,0,0,0,0,0,0
205638,12,bully,2243,1,0,0,74,0,1036,0,1,12,203395,2243,0,75,0,0,0,LEADER,1,0,0,74,0,0,0,0,0,0,0,0,0,0,0
206339,27,bully,2025,1,0,0,75,0,1050,0,1,27,204314,2025,0,76,0,0,0,LEADER,1,0,0,75,0,0,0,0,0,0,0,0,0,0,0
205828,42,bully,1514,1,0,0,75,0,1050,0,1,42,204314,1514,0,76,0,0,0,LEADER,1,0,0,75,0,0,0,0,0,0,0,0,0,0,0
206475,24,bully,2161,1,0,0,75,0,1050,0,1,24,204314,2161,0,76,0,0,0,LEADER,1,0,0,75,0,0,0,0,0,0,0,0,0,0,0
206427,46,bully,2113,1,0,0,75,0,1050,0,1,46,204314,2113,0,76,0,0,0,LEADER,1,0,0,75,0,0,0,0,0,0,0,0,0,0,0
206324,59,bully,2010,1,0,0,75,0,1050,0,1,59,204314,2010,0,76,0,0,0,LEADER,1,0,0,75,0,0,0,0,0,0,0,0,0,0,0
205952,34,bully,1637,1,0,0,75,0,1050,0,1,34,204315,1637,0,76,0,0,0,LEADER,1,0,0,75,0,0,0,0,0,0,0,0,0,0,0
206606,32,bully,2292,1,0,0,75,0,1050,0,1,32,204314,2292,0,76,0,0,0,LEADER,1,0,0,75,0,0,0,0,0,0,0,0,0,0,0
206221,72,bully,1907,1,0,0,75,0,1050,0,1,72,204314,1907,0,76,0,0,0,LEADER,1,0,0,75,0,0,0,0,0,0,0,0,0,0,0
206633,63,bully,2316,1,0,0,75,0,1050,0,1,63,204317,2316,0,76,0,0,0,LEADER,1,0,0,75,0,0,0,0,0,0,0,0,0,0,0
206048,7,bully,2253,1,0,0,19,33,266,462,6,4,203795,2253,0,8,0,0,0,NORMAL,0,0,0,19,0,0,0,33,0,0,0,0,0,0,0
206106,74,bully,1792,1,0,0,75,0,1050,0,1,74,204314,1792,0,76,0,0,0,LEADER,1,0,0,75,0,0,0,0,0,0,0,0,0,0,0
205848,48,bully,1534,1,0,0,75,0,1050,0,1,48,204314,1534,0,76,0,0,0,LEADER,1,0,0,75,0,0,0,0,0,0,0,0,0,0,0
206311,57,bully,1995,1,0,0,75,0,1050,0,1,57,204316,1995,0,76,0,0,0,LEADER,1,0,0,75,0,0,0,0,0,0,0,0,0,0,0
206379,68,bully,2065,1,0,0,75,0,1050,0,1,68,204314,2065,0,76,0,0,0,LEADER,1,0,0,75,0,0,0,0,0,0,0,0,0,0,0
205780,45,bully,1466,1,0,0,75,0,1050,0,1,45,204314,1466,0,76,0,0,0,LEADER,1,0,0,75,0,0,0,0,0,0,0,0,0,0,0
206137,93,bully,1823,1,0,0,75,0,1050,0,1,93,204314,1823,0,76,0,0,0,LEADER,1,0,0,75,0,0,0,0,0,0,0,0,0,0,0
206718,82,bully,2404,1,0,0,75,0,1050,0,1,82,204314,2404,0,76,0,0,0,LEADER,1,0,0,75,0,0,0,0,0,0,0,0,0,0,0
206712,51,bully,2398,1,0,0,75,0,1050,0,1,51,204314,2398,0,76,0,0,0,LEADER,1,0,0,75,0,0,0,0,0,0,0,0,0,0,0
206257,39,bully,1943,1,0,0,75,0,1050,0,1,39,204314,1943,0,76,0,0,0,LEADER,1,0,0,75,0,0,0,0,0,0,0,0,0,0,0
206003,78,bully,1689,1,0,0,75,0,1050,0,1,78,204314,1689,0,76,0,0,0,LEADER,1,0,0,75,0,0,0,0,0,0,0,0,0,0,0
206391,79,bully,2077,1,0,0,75,0,1050,0,1,79,204314,2077,0,76,0,0,0,LEADER,1,0,0,75,0,0,0,0,0,0,0,0,0,0,0
205966,14,bully,1652,1,0,0,75,0,1050,0,1,14,204314,1652,0,76,0,0,0,LEADER,1,0,0,75,0,0,0,0,0,0,0,0,0,0,0
206393,36,bully,2080,1,0,0,75,0,1050,0,1,36,204313,2080,0,76,0,0,0,LEADER,1,0,0,75,0,0,0,0,0,0,0,0,0,0,0
206276,81,bully,1962,1,0,0,75,0,1050,0,1,81,204314,1962,0,76,0,0,0,LEADER,1,0,0,75,0,0,0,0,0,0,0,0,0,0,0
205936,67,bully,1622,1,0,0,75,0,1050,0,1,67,204314,1622,0,76,0,0,0,LEADER,1,0,0,75,0,0,0,0,0,0,0,0,0,0,0
206697,83,bully,2383,1,0,0,75,0,1050,0,1,83,204314,2383,0,76,0,0,0,LEADER,1,0,0,75,0,0,0,0,0,0,0,0,0,0,0
206841,99,bully,1607,1,0,0,75,0,1050,0,1,99,205234,1607,0,76,0,0,0,LEADER,1,0,0,75,0,0,0,0,0,0,0,0,0,0,0
206018,55,bully,1704,1,0,0,75,0,1050,0,1,55,204314,1704,0,76,0,0,0,LEADER,1,0,0,75,0,0,0,0,0,0,0,0,0,0,0
206808,89,bully,1574,1,0,0,75,0,1050,0,1,89,205234,1574,0,76,0,0,0,LEADER,1,0,0,75,0,0,0,0,0,0,0,0,0,0,0
205970,77,bully,1656,1,0,0,75,0,1050,0,1,77,204314,1656,0,76,0,0,0,LEADER,1,0,0,75,0,0,0,0,0,0,0,0,0,0,0
206242,71,bully,1928,1,0,0,75,0,1050,0,1,71,204314,1928,0,76,0,0,0,LEADER,1,0,0,75,0,0,0,0,0,0,0,0,0,0,0
206520,76,bully,2213,1,0,0,75,0,1050,0,1,76,204307,2213,0,76,0,0,0,LEADER,1,0,0,75,0,0,0,0,0,0,0,0,0,0,0
206154,52,bully,1840,1,0,0,75,0,1050,0,1,52,204314,1840,0,76,0,0,0,LEADER,1,0,0,75,0,0,0,0,0,0,0,0,0,0,0
206121,10,bully,1807,1,0,0,75,0,1050,0,1,10,204314,1807,0,76,0,0,0,LEADER,1,0,0,75,0,0,0,0,0,0,0,0,0,0,0
206054,22,bully,1740,1,0,0,75,0,1050,0,1,22,204314,1740,0,76,0,0,0,LEADER,1,0,0,75,0,0,0,0,0,0,0,0,0,0,0
206200,21,bully,1889,1,0,0,75,0,1050,0,1,21,204311,1889,0,76,0,0,0,LEADER,1,0,0,75,0,0,0,0,0,0,0,0,0,0,0
206460,56,bully,2146,1,0,0,75,0,1050,0,1,56,204314,2146,0,76,0,0,0,LEADER,1,0,0,75,0,0,0,0,0,0,0,0,0,0,0
205985,60,bully,1671,1,0,0,75,0,1050,0,1,60,204314,1671,0,76,0,0,0,LEADER,1,0,0,75,0,0,0,0,0,0,0,0,0,0,0
206838,25,bully,1604,1,0,0,75,0,1050,0,1,25,205234,1604,0,76,0,0,0,LEADER,1,0,0,75,0,0,0,0,0,0,0,0,0,0,0
206051,65,bully,1737,1,0,0,75,0,1050,0,1,65,204314,1737,0,76,0,0,0,LEADER,1,0,0,75,0,0,0,0,0,0,0,0,0,0,0
206727,19,bully,2413,1,0,0,75,0,1050,0,1,19,204314,2413,0,76,0,0,0,LEADER,1,0,0,75,0,0,0,0,0,0,0,0,0,0,0
206357,69,bully,2043,1,0,0,75,0,1050,0,1,69,204314,2043,0,76,0,0,0,LEADER,1,0,0,75,0,0,0,0,0,0,0,0,0,0,0
206959,54,bully,1725,1,0,0,75,0,1050,0,1,54,205234,1725,0,76,0,0,0,LEADER,1,0,0,75,0,0,0,0,0,0,0,0,0,0,0
206306,17,bully,1992,1,0,0,75,0,1050,0,1,17,204314,1992,0,76,0,0,0,LEADER,1,0,0,75,0,0,0,0,0,0,0,0,0,0,0
206820,100,bully,1586,1,0,0,75,0,1050,0,1,100,205234,1586,0,76,0,0,0,LEADER,1,0,0,75,0,0,0,0,0,0,0,0,0,0,0
206294,5,bully,2001,1,0,0,19,28,266,392,6,4,204293,2001,0,9,0,0,0,NORMAL,0,0,0,19,0,0,0,28,0,0,0,0,0,0,0
206783,16,bully,1549,1,0,0,75,0,1050,0,1,16,205234,1549,0,76,0,0,0,LEADER,1,0,0,75,0,0,0,0,0,0,0,0,0,0,0
206372,37,bully,2058,1,0,0,75,0,1050,0,1,37,204314,2058,0,76,0,0,0,LEADER,1,0,0,75,0,0,0,0,0,0,0,0,0,0,0
207008,13,bully,1774,1,0,0,75,0,1050,0,1,13,205234,1774,0,76,0,0,0,LEADER,1,0,0,75,0,0,0,0,0,0,0,0,0,0,0
206169,20,bully,1855,1,0,0,75,0,1050,0,1,20,204314,1855,0,76,0,0,0,LEADER,1,0,0,75,0,0,0,0,0,0,0,0,0,0,0
206801,41,bully,1567,1,0,0,75,0,1050,0,1,41,205234,1567,0,76,0,0,0,LEADER,1,0,0,75,0,0,0,0,0,0,0,0,0,0,0
206790,47,bully,1556,1,0,0,75,0,1050,0,1,47,205234,1556,0,76,0,0,0,LEADER,1,0,0,75,0,0,0,0,0,0,0,0,0,0,0
206616,95,bully,2301,1,0,0,75,0,1050,0,1,95,204315,2301,0,76,0,0,0,LEADER,1,0,0,75,0,0,0,0,0,0,0,0,0,0,0
206479,98,bully,2165,1,0,0,75,0,1050,0,1,98,204314,2165,0,76,0,0,0,LEADER,1,0,0,75,0,0,0,0,0,0,0,0,0,0,0
206663,73,bully,2349,1,0,0,75,0,1050,0,1,73,204314,2349,0,76,0,0,0,LEADER,1,0,0,75,0,0,0,0,0,0,0,0,0,0,0
206986,33,bully,1752,1,0,0,75,0,1050,0,1,33,205234,1752,0,76,0,0,0,LEADER,1,0,0,75,0,0,0,0,0,0,0,0,0,0,0
206956,97,bully,1722,1,0,0,75,0,1050,0,1,97,205234,1722,0,76,0,0,0,LEADER,1,0,0,75,0,0,0,0,0,0,0,0,0,0,0
206209,61,bully,1895,1,0,0,75,0,1050,0,1,61,204314,1895,0,76,0,0,0,LEADER,1,0,0,75,0,0,0,0,0,0,0,0,0,0,0
207156,40,bully,1922,1,0,0,75,0,1050,0,1,40,205234,1922,0,76,0,0,0,LEADER,1,0,0,75,0,0,0,0,0,0,0,0,0,0,0
206645,31,bully,2331,1,0,0,75,0,1050,0,1,31,204314,2331,0,76,0,0,0,LEADER,1,0,0,75,0,0,0,0,0,0,0,0,0,0,0
207146,29,bully,1910,1,0,0,75,0,1050,0,1,29,205236,1910,0,76,0,0,0,LEADER,1,0,0,75,0,0,0,0,0,0,0,0,0,0,0
206972,96,bully,1744,1,0,0,75,0,1050,0,1,96,205228,1744,0,76,0,0,0,LEADER,1,0,0,75,0,0,0,0,0,0,0,0,0,0,0
207059,84,bully,1825,1,0,0,75,0,1050,0,1,84,205234,1825,0,76,0,0,0,LEADER,1,0,0,75,0,0,0,0,0,0,0,0,0,0,0
206755,80,bully,1519,1,0,0,75,0,1050,0,1,80,205236,1519,0,76,0,0,0,LEADER,1,0,0,75,0,0,0,0,0,0,0,0,0,0,0
206597,53,bully,2283,1,0,0,75,0,1050,0,1,53,204314,2283,0,76,0,0,0,LEADER,1,0,0,75,0,0,0,0,0,0,0,0,0,0,0
206672,92,bully,1438,1,0,0,75,0,1050,0,1,92,205234,1438,0,76,0,0,0,LEADER,1,0,0,75,0,0,0,0,0,0,0,0,0,0,0
206845,91,bully,1619,1,0,0,75,0,1050,0,1,91,205226,1619,0,76,0,0,0,LEADER,1,0,0,75,0,0,0,0,0,0,0,0,0,0,0
207108,62,bully,1874,1,0,0,75,0,1050,0,1,62,205234,1874,0,76,0,0,0,LEADER,1,0,0,75,0,0,0,0,0,0,0,0,0,0,0
206805,15,bully,1571,1,0,0,75,0,1050,0,1,15,205234,1571,0,76,0,0,0,LEADER,1,0,0,75,0,0,0,0,0,0,0,0,0,0,0
206475,26,bully,2161,1,0,0,75,0,1050,0,1,26,204314,2161,0,76,0,0,0,LEADER,1,0,0,75,0,0,0,0,0,0,0,0,0,0,0
207211,49,bully,1977,1,0,0,75,0,1050,0,1,49,205234,1977,0,76,0,0,0,LEADER,1,0,0,75,0,0,0,0,0,0,0,0,0,0,0
207026,58,bully,1792,1,0,0,75,0,1050,0,1,58,205234,1792,0,76,0,0,0,LEADER,1,0,0,75,0,0,0,0,0,0,0,0,0,0,0
206560,86,bully,2246,1,0,0,75,0,1050,0,1,86,204314,2246,0,76,0,0,0,LEADER,1,0,0,75,0,0,0,0,0,0,0,0,0,0,0
206733,50,bully,2419,1,0,0,75,0,1050,0,1,50,204314,2419,0,76,0,0,0,LEADER,1,0,0,75,0,0,0,0,0,0,0,0,0,0,0
206582,85,bully,2268,1,0,0,75,0,1050,0,1,85,204314,2268,0,76,0,0,0,LEADER,1,0,0,75,0,0,0,0,0,0,0,0,0,0,0
206522,87,bully,2212,1,0,0,75,0,1050,0,1,87,204310,2212,0,76,0,0,0,LEADER,1,0,0,75,0,0,0,0,0,0,0,0,0,0,0
206730,64,bully,2416,1,0,0,75,0,1050,0,1,64,204314,2416,0,76,0,0,0,LEADER,1,0,0,75,0,0,0,0,0,0,0,0,0,0,0
206668,18,bully,1434,1,0,0,75,0,1050,0,1,18,205234,1434,0,76,0,0,0,LEADER,1,0,0,75,0,0,0,0,0,0,0,0,0,0,0
206579,11,bully,2264,1,0,0,75,0,1050,0,1,11,204315,2264,0,76,0,0,0,LEADER,1,0,0,75,0,0,0,0,0,0,0,0,0,0,0
206787,90,bully,1553,1,0,0,75,0,1050,0,1,90,205234,1553,0,76,0,0,0,LEADER,1,0,0,75,0,0,0,0,0,0,0,0,0,0,0
206681,35,bully,1447,1,0,0,75,0,1050,0,1,35,205234,1447,0,76,0,0,0,LEADER,1,0,0,75,0,0,0,0,0,0,0,0,0,0,0
206563,43,bully,2249,1,0,0,75,0,1050,0,1,43,204314,2249,0,76,0,0,0,LEADER,1,0,0,75,0,0,0,0,0,0,0,0,0,0,0
206701,28,bully,1467,1,0,0,75,0,1050,0,1,28,205234,1467,0,76,0,0,0,LEADER,1,0,0,75,0,0,0,0,0,0,0,0,0,0,0
206540,44,bully,2228,1,0,0,75,0,1050,0,1,44,204312,2228,0,76,0,0,0,LEADER,1,0,0,75,0,0,0,0,0,0,0,0,0,0,0
207375,23,bully,2141,1,0,0,75,0,1050,0,1,23,205234,2141,0,76,0,0,0,LEADER,1,0,0,75,0,0,0,0,0,0,0,0,0,0,0
206695,30,bully,1461,1,0,0,75,0,1050,0,1,30,205234,1461,0,76,0,0,0,LEADER,1,0,0,75,0,0,0,0,0,0,0,0,0,0,0
207093,94,bully,1859,1,0,0,75,0,1050,0,1,94,205234,1859,0,76,0,0,0,LEADER,1,0,0,75,0,0,0,0,0,0,0,0,0,0,0
206735,38,bully,1501,1,0,0,75,0,1050,0,1,38,205234,1501,0,76,0,0,0,LEADER,1,0,0,75,0,0,0,0,0,0,0,0,0,0,0
207414,66,bully,2180,1,0,0,75,0,1050,0,1,66,205234,2180,0,76,0,0,0,LEADER,1,0,0,75,0,0,0,0,0,0,0,0,0,0,0
206720,70,bully,1486,1,0,0,75,0,1050,0,1,70,205234,1486,0,76,0,0,0,LEADER,1,0,0,75,0,0,0,0,0,0,0,0,0,0,0
207365,88,bully,2131,1,0,0,75,0,1050,0,1,88,205234,2131,0,76,0,0,0,LEADER,1,0,0,75,0,0,0,0,0,0,0,0,0,0,0
206549,75,bully,2235,1,0,0,75,0,1050,0,1,75,204314,2235,0,76,0,0,0,LEADER,1,0,0,75,0,0,0,0,0,0,0,0,0,0,0
206559,12,bully,2243,1,0,0,75,0,1050,0,1,12,204316,2243,0,76,0,0,0,LEADER,1,0,0,75,0,0,0,0,0,0,0,0,0,0,0
207259,27,bully,2025,1,0,0,75,0,1050,0,1,27,205234,2025,0,76,0,0,0,LEADER,1,0,0,75,0,0,0,0,0,0,0,0,0,0,0
206748,42,bully,1514,1,0,0,75,0,1050,0,1,42,205234,1514,0,76,0,0,0,LEADER,1,0,0,75,0,0,0,0,0,0,0,0,0,0,0
207395,24,bully,2161,1,0,0,75,0,1050,0,1,24,205234,2161,0,76,0,0,0,LEADER,1,0,0,75,0,0,0,0,0,0,0,0,0,0,0
207347,46,bully,2113,1,0,0,75,0,1050,0,1,46,205234,2113,0,76,0,0,0,LEADER,1,0,0,75,0,0,0,0,0,0,0,0,0,0,0
207244,59,bully,2010,1,0,0,75,0,1050,0,1,59,205234,2010,0,76,0,0,0,LEADER,1,0,0,75,0,0,0,0,0,0,0,0,0,0,0
206872,34,bully,1637,1,0,0,75,0,1050,0,1,34,205235,1637,0,76,0,0,0,LEADER,1,0,0,75,0,0,0,0,0,0,0,0,0,0,0
207526,32,bully,2292,1,0,0,75,0,1050,0,1,32,205234,2292,0,76,0,0,0,LEADER,1,0,0,75,0,0,0,0,0,0,0,0,0,0,0
207141,72,bully,1907,1,0,0,75,0,1050,0,1,72,205234,1907,0,76,0,0,0,LEADER,1,0,0,75,0,0,0,0,0,0,0,0,0,0,0
207553,63,bully,2316,1,0,0,75,0,1050,0,1,63,205237,2316,0,76,0,0,0,LEADER,1,0,0,75,0,0,0,0,0,0,0,0,0,0,0
207026,74,bully,1792,1,0,0,75,0,1050,0,1,74,205234,1792,0,76,0,0,0,LEADER,1,0,0,75,0,0,0,0,0,0,0,0,0,0,0
206768,48,bully,1534,1,0,0,75,0,1050,0,1,48,205234,1534,0,76,0,0,0,LEADER,1,0,0,75,0,0,0,0,0,0,0,0,0,0,0
207231,57,bully,1995,1,0,0,75,0,1050,0,1,57,205236,1995,0,76,0,0,0,LEADER,1,0,0,75,0,0,0,0,0,0,0,0,0,0,0
207299,68,bully,2065,1,0,0,75,0,1050,0,1,68,205234,2065,0,76,0,0,0,LEADER,1,0,0,75,0,0,0,0,0,0,0,0,0,0,0
206700,45,bully,1466,1,0,0,75,0,1050,0,1,45,205234,1466,0,76,0,0,0,LEADER,1,0,0,75,0,0,0,0,0,0,0,0,0,0,0
207057,93,bully,1823,1,0,0,75,0,1050,0,1,93,205234,1823,0,76,0,0,0,LEADER,1,0,0,75,0,0,0,0,0,0,0,0,0,0,0
207638,82,bully,2404,1,0,0,75,0,1050,0,1,82,205234,2404,0,76,0,0,0,LEADER,1,0,0,75,0,0,0,0,0,0,0,0,0,0,0
207632,51,bully,2398,1,0,0,75,0,1050,0,1,51,205234,2398,0,76,0,0,0,LEADER,1,0,0,75,0,0,0,0,0,0,0,0,0,0,0
207177,39,bully,1943,1,0,0,75,0,1050,0,1,39,205234,1943,0,76,0,0,0,LEADER,1,0,0,75,0,0,0,0,0,0,0,0,0,0,0
206923,78,bully,1689,1,0,0,75,0,1050,0,1,78,205234,1689,0,76,0,0,0,LEADER,1,0,0,75,0,0,0,0,0,0,0,0,0,0,0
207311,79,bully,2077,1,0,0,75,0,1050,0,1,79,205234,2077,0,76,0,0,0,LEADER,1,0,0,75,0,0,0,0,0,0,0,0,0,0,0
206886,14,bully,1652,1,0,0,75,0,1050,0,1,14,205234,1652,0,76,0,0,0,LEADER,1,0,0,75,0,0,0,0,0,0,0,0,0,0,0
207313,36,bully,2080,1,0,0,75,0,1050,0,1,36,205233,2080,0,76,0,0,0,LEADER,1,0,0,75,0,0,0,0,0,0,0,0,0,0,0
207196,81,bully,1962,1,0,0,75,0,1050,0,1,81,205234,1962,0,76,0,0,0,LEADER,1,0,0,75,0,0,0,0,0,0,0,0,0,0,0
206856,67,bully,1622,1,0,0,75,0,1050,0,1,67,205234,1622,0,76,0,0,0,LEADER,1,0,0,75,0,0,0,0,0,0,0,0,0,0,0
207617,83,bully,2383,1,0,0,75,0,1050,0,1,83,205234,2383,0,76,0,0,0,LEADER,1,0,0,75,0,0,0,0,0,0,0,0,0,0,0
207761,99,bully,1607,1,0,0,75,0,1050,0,1,99,206154,1607,0,76,0,0,0,LEADER,1,0,0,75,0,0,0,0,0,0,0,0,0,0,0
206938,55,bully,1704,1,0,0,75,0,1050,0,1,55,205234,1704,0,76,0,0,0,LEADER,1,0,0,75,0,0,0,0,0,0,0,0,0,0,0
207728,89,bully,1574,1,0,0,75,0,1050,0,1,89,206154,1574,0,76,0,0,0,LEADER,1,0,0,75,0,0,0,0,0,0,0,0,0,0,0
206890,77,bully,1656,1,0,0,75,0,1050,0,1,77,205234,1656,0,76,0,0,0,LEADER,1,0,0,75,0,0,0,0,0,0,0,0,0,0,0
207162,71,bully,1928,1,0,0,75,0,1050,0,1,71,205234,1928,0,76,0,0,0,LEADER,1,0,0,75,0,0,0,0,0,0,0,0,0,0,0
207106,4,bully,2115,1,0,0,14,30,196,420,4,4,204991,2115,0,9,0,0,0,LEADER,1,0,0,14,0,0,0,30,0,0,0,0,0,0,0
207440,76,bully,2213,1,0,0,75,0,1050,0,1,76,205227,2213,0,76,0,0,0,LEADER,1,0,0,75,0,0,0,0,0,0,0,0,0,0,0
207074,52,bully,1840,1,0,0,75,0,1050,0,1,52,205234,1840,0,76,0,0,0,LEADER,1,0,0,75,0,0,0,0,0,0,0,0,0,0,0
207041,10,bully,1807,1,0,0,75,0,1050,0,1,10,205234,1807,0,76,0,0,0,LEADER,1,0,0,75,0,0,0,0,0,0,0,0,0,0,0
206974,22,bully,1740,1,0,0,75,0,1050,0,1,22,205234,1740,0,76,0,0,0,LEADER,1,0,0,75,0,0,0,0,0,0,0,0,0,0,0
207120,21,bully,1889,1,0,0,75,0,1050,0,1,21,205231,1889,0,76,0,0,0,LEADER,1,0,0,75,0,0,0,0,0,0,0,0,0,0,0
207380,56,bully,2146,1,0,0,75,0,1050,0,1,56,205234,2146,0,76,0,0,0,LEADER,1,0,0,75,0,0,0,0,0,0,0,0,0,0,0
206905,60,bully,1671,1,0,0,75,0,1050,0,1,60,205234,1671,0,76,0,0,0,LEADER,1,0,0,75,0,0,0,0,0,0,0,0,0,0,0
207758,25,bully,1604,1,0,0,75,0,1050,0,1,25,206154,1604,0,76,0,0,0,LEADER,1,0,0,75,0,0,0,0,0,0,0,0,0,0,0
206971,65,bully,1737,1,0,0,75,0,1050,0,1,65,205234,1737,0,76,0,0,0,LEADER,1,0,0,75,0,0,0,0,0,0,0,0,0,0,0
207647,19,bully,2413,1,0,0,75,0,1050,0,1,19,205234,2413,0,76,0,0,0,LEADER,1,0,0,75,0,0,0,0,0,0,0,0,0,0,0
207277,69,bully,2043,1,0,0,75,0,1050,0,1,69,205234,2043,0,76,0,0,0,LEADER,1,0,0,75,0,0,0,0,0,0,0,0,0,0,0
207879,54,bully,1725,1,0,0,75,0,1050,0,1,54,206154,1725,0,76,0,0,0,LEADER,1,0,0,75,0,0,0,0,0,0,0,0,0,0,0
207226,17,bully,1992,1,0,0,75,0,1050,0,1,17,205234,1992,0,76,0,0,0,LEADER,1,0,0,75,0,0,0,0,0,0,0,0,0,0,0
207740,100,bully,1586,1,0,0,75,0,1050,0,1,100,206154,1586,0,76,0,0,0,LEADER,1,0,0,75,0,0,0,0,0,0,0,0,0,0,0
207703,16,bully,1549,1,0,0,75,0,1050,0,1,16,206154,1549,0,76,0,0,0,LEADER,1,0,0,75,0,0,0,0,0,0,0,0,0,0,0
207292,37,bully,2058,1,0,0,75,0,1050,0,1,37,205234,2058,0,76,0,0,0,LEADER,1,0,0,75,0,0,0,0,0,0,0,0,0,0,0
207928,13,bully,1774,1,0,0,75,0,1050,0,1,13,206154,1774,0,76,0,0,0,LEADER,1,0,0,75,0,0,0,0,0,0,0,0,0,0,0
207089,20,bully,1855,1,0,0,75,0,1050,0,1,20,205234,1855,0,76,0,0,0,LEADER,1,0,0,75,0,0,0,0,0,0,0,0,0,0,0
207721,41,bully,1567,1,0,0,75,0,1050,0,1,41,206154,1567,0,76,0,0,0,LEADER,1,0,0,75,0,0,0,0,0,0,0,0,0,0,0
207710,47,bully,1556,1,0,0,75,0,1050,0,1,47,206154,1556,0,76,0,0,0,LEADER,1,0,0,75,0,0,0,0,0,0,0,0,0,0,0
207536,95,bully,2301,1,0,0,75,0,1050,0,1,95,205235,2301,0,76,0,0,0,LEADER,1,0,0,75,0,0,0,0,0,0,0,0,0,0,0
207399,98,bully,2165,1,0,0,75,0,1050,0,1,98,205234,2165,0,76,0,0,0,LEADER,1,0,0,75,0,0,0,0,0,0,0,0,0,0,0
207583,73,bully,2349,1,0,0,75,0,1050,0,1,73,205234,2349,0,76,0,0,0,LEADER,1,0,0,75,0,0,0,0,0,0,0,0,0,0,0
207906,33,bully,1752,1,0,0,75,0,1050,0,1,33,206154,1752,0,76,0,0,0,LEADER,1,0,0,75,0,0,0,0,0,0,0,0,0,0,0
207129,61,bully,1895,1,0,0,75,0,1050,0,1,61,205234,1895,0,76,0,0,0,LEADER,1,0,0,75,0,0,0,0,0,0,0,0,0,0,0
207876,97,bully,1722,1,0,0,75,0,1050,0,1,97,206154,1722,0,76,0,0,0,LEADER,1,0,0,75,0,0,0,0,0,0,0,0,0,0,0
208076,40,bully,1922,1,0,0,75,0,1050,0,1,40,206154,1922,0,76,0,0,0,LEADER,1,0,0,75,0,0,0,0,0,0,0,0,0,0,0
207565,31,bully,2331,1,0,0,75,0,1050,0,1,31,205234,2331,0,76,0,0,0,LEADER,1,0,0,75,0,0,0,0,0,0,0,0,0,0,0
208066,29,bully,1910,1,0,0,75,0,1050,0,1,29,206156,1910,0,76,0,0,0,LEADER,1,0,0,75,0,0,0,0,0,0,0,0,0,0,0
207892,96,bully,1744,1,0,0,75,0,1050,0,1,96,206148,1744,0,76,0,0,0,LEADER,1,0,0,75,0,0,0,0,0,0,0,0,0,0,0
207979,84,bully,1825,1,0,0,75,0,1050,0,1,84,206154,1825,0,76,0,0,0,LEADER,1,0,0,75,0,0,0,0,0,0,0,0,0,0,0
207675,80,bully,1519,1,0,0,75,0,1050,0,1,80,206156,1519,0,76,0,0,0,LEADER,1,0,0,75,0,0,0,0,0,0,0,0,0,0,0
207517,53,bully,2283,1,0,0,75,0,1050,0,1,53,205234,2283,0,76,0,0,0,LEADER,1,0,0,75,0,0,0,0,0,0,0,0,0,0,0
207592,92,bully,1438,1,0,0,75,0,1050,0,1,92,206154,1438,0,76,0,0,0,LEADER,1,0,0,75,0,0,0,0,0,0,0,0,0,0,0
207765,91,bully,1619,1,0,0,75,0,1050,0,1,91,206146,1619,0,76,0,0,0,LEADER,1,0,0,75,0,0,0,0,0,0,0,0,0,0,0
208028,62,bully,1874,1,0,0,75,0,1050,0,1,62,206154,1874,0,76,0,0,0,LEADER,1,0,0,75,0,0,0,0,0,0,0,0,0,0,0
207725,15,bully,1571,1,0,0,75,0,1050,0,1,15,206154,1571,0,76,0,0,0,LEADER,1,0,0,75,0,0,0,0,0,0,0,0,0,0,0
207395,26,bully,2161,1,0,0,75,0,1050,0,1,26,205234,2161,0,76,0,0,0,LEADER,1,0,0,75,0,0,0,0,0,0,0,0,0,0,0
208131,49,bully,1977,1,0,0,75,0,1050,0,1,49,206154,1977,0,76,0,0,0,LEADER,1,0,0,75,0,0,0,0,0,0,0,0,0,0,0
207946,58,bully,1792,1,0,0,75,0,1050,0,1,58,206154,1792,0,76,0,0,0,LEADER,1,0,0,75,0,0,0,0,0,0,0,0,0,0,0
207480,86,bully,2246,1,0,0,75,0,1050,0,1,86,205234,2246,0,76,0,0,0,LEADER,1,0,0,75,0,0,0,0,0,0,0,0,0,0,0
207653,50,bully,2419,1,0,0,75,0,1050,0,1,50,205234,2419,0,76,0,0,0,LEADER,1,0,0,75,0,0,0,0,0,0,0,0,0,0,0
207502,85,bully,2268,1,0,0,75,0,1050,0,1,85,205234,2268,0,76,0,0,0,LEADER,1,0,0,75,0,0,0,0,0,0,0,0,0,0,0
207442,87,bully,2212,1,0,0,75,0,1050,0,1,87,205230,2212,0,76,0,0,0,LEADER,1,0,0,75,0,0,0,0,0,0,0,0,0,0,0
207650,64,bully,2416,1,0,0,75,0,1050,0,1,64,205234,2416,0,76,0,0,0,LEADER,1,0,0,75,0,0,0,0,0,0,0,0,0,0,0
207588,18,bully,1434,1,0,0,75,0,1050,0,1,18,206154,1434,0,76,0,0,0,LEADER,1,0,0,75,0,0,0,0,0,0,0,0,0,0,0
207499,11,bully,2264,1,0,0,75,0,1050,0,1,11,205235,2264,0,76,0,0,0,LEADER,1,0,0,75,0,0,0,0,0,0,0,0,0,0,0
207707,90,bully,1553,1,0,0,75,0,1050,0,1,90,206154,1553,0,76,0,0,0,LEADER,1,0,0,75,0,0,0,0,0,0,0,0,0,0,0
207601,35,bully,1447,1,0,0,75,0,1050,0,1,35,206154,1447,0,76,0,0,0,LEADER,1,0,0,75,0,0,0,0,0,0,0,0,0,0,0
207483,43,bully,2249,1,0,0,75,0,1050,0,1,43,205234,2249,0,76,0,0,0,LEADER,1,0,0,75,0,0,0,0,0,0,0,0,0,0,0
207621,28,bully,1467,1,0,0,75,0,1050,0,1,28,206154,1467,0,76,0,0,0,LEADER,1,0,0,75,0,0,0,0,0,0,0,0,0,0,0
207460,44,bully,2228,1,0,0,75,0,1050,0,1,44,205232,2228,0,76,0,0,0,LEADER,1,0,0,75,0,0,0,0,0,0,0,0,0,0,0
208295,23,bully,2141,1,0,0,75,0,1050,0,1,23,206154,2141,0,76,0,0,0,LEADER,1,0,0,75,0,0,0,0,0,0,0,0,0,0,0
207615,30,bully,1461,1,0,0,75,0,1050,0,1,30,206154,1461,0,76,0,0,0,LEADER,1,0,0,75,0,0,0,0,0,0,0,0,0,0,0
208013,94,bully,1859,1,0,0,75,0,1050,0,1,94,206154,1859,0,76,0,0,0,LEADER,1,0,0,75,0,0,0,0,0,0,0,0,0,0,0
207655,38,bully,1501,1,0,0,75,0,1050,0,1,38,206154,1501,0,76,0,0,0,LEADER,1,0,0,75,0,0,0,0,0,0,0,0,0,0,0
208334,66,bully,2180,1,0,0,75,0,1050,0,1,66,206154,2180,0,76,0,0,0,LEADER,1,0,0,75,0,0,0,0,0,0,0,0,0,0,0
207640,70,bully,1486,1,0,0,75,0,1050,0,1,70,206154,1486,0,76,0,0,0,LEADER,1,0,0,75,0,0,0,0,0,0,0,0,0,0,0
208285,88,bully,2131,1,0,0,75,0,1050,0,1,88,206154,2131,0,76,0,0,0,LEADER,1,0,0,75,0,0,0,0,0,0,0,0,0,0,0
207469,75,bully,2235,1,0,0,75,0,1050,0,1,75,205234,2235,0,76,0,0,0,LEADER,1,0,0,75,0,0,0,0,0,0,0,0,0,0,0
207479,12,bully,2243,1,0,0,75,0,1050,0,1,12,205236,2243,0,76,0,0,0,LEADER,1,0,0,75,0,0,0,0,0,0,0,0,0,0,0
208179,27,bully,2025,1,0,0,75,0,1050,0,1,27,206154,2025,0,76,0,0,0,LEADER,1,0,0,75,0,0,0,0,0,0,0,0,0,0,0
207668,42,bully,1514,1,0,0,75,0,1050,0,1,42,206154,1514,0,76,0,0,0,LEADER,1,0,0,75,0,0,0,0,0,0,0,0,0,0,0
208315,24,bully,2161,1,0,0,75,0,1050,0,1,24,206154,2161,0,76,0,0,0,LEADER,1,0,0,75,0,0,0,0,0,0,0,0,0,0,0
208267,46,bully,2113,1,0,0,75,0,1050,0,1,46,206154,2113,0,76,0,0,0,LEADER,1,0,0,75,0,0,0,0,0,0,0,0,0,0,0
208164,59,bully,2010,1,0,0,75,0,1050,0,1,59,206154,2010,0,76,0,0,0,LEADER,1,0,0,75,0,0,0,0,0,0,0,0,0,0,0
208446,32,bully,2292,1,0,0,75,0,1050,0,1,32,206154,2292,0,76,0,0,0,LEADER,1,0,0,75,0,0,0,0,0,0,0,0,0,0,0
207792,34,bully,1637,1,0,0,75,0,1050,0,1,34,206155,1637,0,76,0,0,0,LEADER,1,0,0,75,0,0,0,0,0,0,0,0,0,0,0
207941,9,bully,2514,1,0,0,13,19,182,266,5,4,205427,2514,0,7,0,0,0,NORMAL,0,0,0,13,0,0,0,19,0,0,0,0,0,0,0
208061,72,bully,1907,1,0,0,75,0,1050,0,1,72,206154,1907,0,76,0,0,0,LEADER,1,0,0,75,0,0,0,0,0,0,0,0,0,0,0
208473,63,bully,2316,1,0,0,75,0,1050,0,1,63,206157,2316,0,76,0,0,0,LEADER,1,0,0,75,0,0,0,0,0,0,0,0,0,0,0
207946,74,bully,1792,1,0,0,75,0,1050,0,1,74,206154,1792,0,76,0,0,0,LEADER,1,0,0,75,0,0,0,0,0,0,0,0,0,0,0
207688,48,bully,1534,1,0,0,75,0,1050,0,1,48,206154,1534,0,76,0,0,0,LEADER,1,0,0,75,0,0,0,0,0,0,0,0,0,0,0
208151,57,bully,1995,1,0,0,75,0,1050,0,1,57,206156,1995,0,76,0,0,0,LEADER,1,0,0,75,0,0,0,0,0,0,0,0,0,0,0
208219,68,bully,2065,1,0,0,75,0,1050,0,1,68,206154,2065,0,76,0,0,0,LEADER,1,0,0,75,0,0,0,0,0,0,0,0,0,0,0
207620,45,bully,1466,1,0,0,75,0,1050,0,1,45,206154,1466,0,76,0,0,0,LEADER,1,0,0,75,0,0,0,0,0,0,0,0,0,0,0
207977,93,bully,1823,1,0,0,75,0,1050,0,1,93,206154,1823,0,76,0,0,0,LEADER,1,0,0,75,0,0,0,0,0,0,0,0,0,0,0
208558,82,bully,2404,1,0,0,75,0,1050,0,1,82,206154,2404,0,76,0,0,0,LEADER,1,0,0,75,0,0,0,0,0,0,0,0,0,0,0
208552,51,bully,2398,1,0,0,75,0,1050,0,1,51,206154,2398,0,76,0,0,0,LEADER,1,0,0,75,0,0,0,0,0,0,0,0,0,0,0
208097,39,bully,1943,1,0,0,75,0,1050,0,1,39,206154,1943,0,76,0,0,0,LEADER,1,0,0,75,0,0,0,0,0,0,0,0,0,0,0
207843,78,bully,1689,1,0,0,75,0,1050,0,1,78,206154,1689,0,76,0,0,0,LEADER,1,0,0,75,0,0,0,0,0,0,0,0,0,0,0
208231,79,bully,2077,1,0,0,75,0,1050,0,1,79,206154,2077,0,76,0,0,0,LEADER,1,0,0,75,0,0,0,0,0,0,0,0,0,0,0
207806,14,bully,1652,1,0,0,75,0,1050,0,1,14,206154,1652,0,76,0,0,0,LEADER,1,0,0,75,0,0,0,0,0,0,0,0,0,0,0
208233,36,bully,2080,1,0,0,75,0,1050,0,1,36,206153,2080,0,76,0,0,0,LEADER,1,0,0,75,0,0,0,0,0,0,0,0,0,0,0
208116,81,bully,1962,1,0,0,75,0,1050,0,1,81,206154,1962,0,76,0,0,0,LEADER,1,0,0,75,0,0,0,0,0,0,0,0,0,0,0
207776,67,bully,1622,1,0,0,75,0,1050,0,1,67,206154,1622,0,76,0,0,0,LEADER,1,0,0,75,0,0,0,0,0,0,0,0,0,0,0
208537,83,bully,2383,1,0,0,75,0,1050,0,1,83,206154,2383,0,76,0,0,0,LEADER,1,0,0,75,0,0,0,0,0,0,0,0,0,0,0
208682,99,bully,1607,1,0,0,76,0,1064,0,1,99,207075,1607,0,77,0,0,0,LEADER,1,0,0,76,0,0,0,0,0,0,0,0,0,0,0
207858,55,bully,1704,1,0,0,75,0,1050,0,1,55,206154,1704,0,76,0,0,0,LEADER,1,0,0,75,0,0,0,0,0,0,0,0,0,0,0
208649,89,bully,1574,1,0,0,76,0,1064,0,1,89,207075,1574,0,77,0,0,0,LEADER,1,0,0,76,0,0,0,0,0,0,0,0,0,0,0
207810,77,bully,1656,1,0,0,75,0,1050,0,1,77,206154,1656,0,76,0,0,0,LEADER,1,0,0,75,0,0,0,0,0,0,0,0,0,0,0
208082,71,bully,1928,1,0,0,75,0,1050,0,1,71,206154,1928,0,76,0,0,0,LEADER,1,0,0,75,0,0,0,0,0,0,0,0,0,0,0
208360,76,bully,2213,1,0,0,75,0,1050,0,1,76,206147,2213,0,76,0,0,0,LEADER,1,0,0,75,0,0,0,0,0,0,0,0,0,0,0
207994,52,bully,1840,1,0,0,75,0,1050,0,1,52,206154,1840,0,76,0,0,0,LEADER,1,0,0,75,0,0,0,0,0,0,0,0,0,0,0
207961,10,bully,1807,1,0,0,75,0,1050,0,1,10,206154,1807,0,76,0,0,0,LEADER,1,0,0,75,0,0,0,0,0,0,0,0,0,0,0
207894,22,bully,1740,1,0,0,75,0,1050,0,1,22,206154,1740,0,76,0,0,0,LEADER,1,0,0,75,0,0,0,0,0,0,0,0,0,0,0
208040,21,bully,1889,1,0,0,75,0,1050,0,1,21,206151,1889,0,76,0,0,0,LEADER,1,0,0,75,0,0,0,0,0,0,0,0,0,0,0
208300,56,bully,2146,1,0,0,75,0,1050,0,1,56,206154,2146,0,76,0,0,0,LEADER,1,0,0,75,0,0,0,0,0,0,0,0,0,0,0
207825,60,bully,1671,1,0,0,75,0,1050,0,1,60,206154,1671,0,76,0,0,0,LEADER,1,0,0,75,0,0,0,0,0,0,0,0,0,0,0
208679,25,bully,1604,1,0,0,76,0,1064,0,1,25,207075,1604,0,77,0,0,0,LEADER,1,0,0,76,0,0,0,0,0,0,0,0,0,0,0
207891,65,bully,1737,1,0,0,75,0,1050,0,1,65,206154,1737,0,76,0,0,0,LEADER,1,0,0,75,0,0,0,0,0,0,0,0,0,0,0
208567,19,bully,2413,1,0,0,75,0,1050,0,1,19,206154,2413,0,76,0,0,0,LEADER,1,0,0,75,0,0,0,0,0,0,0,0,0,0,0
208197,69,bully,2043,1,0,0,75,0,1050,0,1,69,206154,2043,0,76,0,0,0,LEADER,1,0,0,75,0,0,0,0,0,0,0,0,0,0,0
208800,54,bully,1725,1,0,0,76,0,1064,0,1,54,207075,1725,0,77,0,0,0,LEADER,1,0,0,76,0,0,0,0,0,0,0,0,0,0,0
208146,17,bully,1992,1,0,0,75,0,1050,0,1,17,206154,1992,0,76,0,0,0,LEADER,1,0,0,75,0,0,0,0,0,0,0,0,0,0,0
208661,100,bully,1586,1,0,0,76,0,1064,0,1,100,207075,1586,0,77,0,0,0,LEADER,1,0,0,76,0,0,0,0,0,0,0,0,0,0,0
208624,16,bully,1549,1,0,0,76,0,1064,0,1,16,207075,1549,0,77,0,0,0,LEADER,1,0,0,76,0,0,0,0,0,0,0,0,0,0,0
208212,37,bully,2058,1,0,0,75,0,1050,0,1,37,206154,2058,0,76,0,0,0,LEADER,1,0,0,75,0,0,0,0,0,0,0,0,0,0,0
208849,13,bully,1774,1,0,0,76,0,1064,0,1,13,207075,1774,0,77,0,0,0,LEADER,1,0,0,76,0,0,0,0,0,0,0,0,0,0,0
208009,20,bully,1855,1,0,0,75,0,1050,0,1,20,206154,1855,0,76,0,0,0,LEADER,1,0,0,75,0,0,0,0,0,0,0,0,0,0,0
208642,41,bully,1567,1,0,0,76,0,1064,0,1,41,207075,1567,0,77,0,0,0,LEADER,1,0,0,76,0,0,0,0,0,0,0,0,0,0,0
208631,47,bully,1556,1,0,0,76,0,1064,0,1,47,207075,1556,0,77,0,0,0,LEADER,1,0,0,76,0,0,0,0,0,0,0,0,0,0,0
208456,95,bully,2301,1,0,0,75,0,1050,0,1,95,206155,2301,0,76,0,0,0,LEADER,1,0,0,75,0,0,0,0,0,0,0,0,0,0,0
208319,98,bully,2165,1,0,0,75,0,1050,0,1,98,206154,2165,0,76,0,0,0,LEADER,1,0,0,75,0,0,0,0,0,0,0,0,0,0,0
208503,73,bully,2349,1,0,0,75,0,1050,0,1,73,206154,2349,0,76,0,0,0,LEADER,1,0,0,75,0,0,0,0,0,0,0,0,0,0,0
208049,61,bully,1895,1,0,0,75,0,1050,0,1,61,206154,1895,0,76,0,0,0,LEADER,1,0,0,75,0,0,0,0,0,0,0,0,0,0,0
208797,97,bully,1722,1,0,0,76,0,1064,0,1,97,207075,1722,0,77,0,0,0,LEADER,1,0,0,76,0,0,0,0,0,0,0,0,0,0,0
208827,33,bully,1752,1,0,0,76,0,1064,0,1,33,207075,1752,0,77,0,0,0,LEADER,1,0,0,76,0,0,0,0,0,0,0,0,0,0,0
208485,31,bully,2331,1,0,0,75,0,1050,0,1,31,206154,2331,0,76,0,0,0,LEADER,1,0,0,75,0,0,0,0,0,0,0,0,0,0,0
208997,40,bully,1922,1,0,0,76,0,1064,0,1,40,207075,1922,0,77,0,0,0,LEADER,1,0,0,76,0,0,0,0,0,0,0,0,0,0,0
208987,29,bully,1910,1,0,0,76,0,1064,0,1,29,207077,1910,0,77,0,0,0,LEADER,1,0,0,76,0,0,0,0,0,0,0,0,0,0,0
208813,96,bully,1744,1,0,0,76,0,1064,0,1,96,207069,1744,0,77,0,0,0,LEADER,1,0,0,76,0,0,0,0,0,0,0,0,0,0,0
208900,84,bully,1825,1,0,0,76,0,1064,0,1,84,207075,1825,0,77,0,0,0,LEADER,1,0,0,76,0,0,0,0,0,0,0,0,0,0,0
208596,80,bully,1519,1,0,0,76,0,1064,0,1,80,207077,1519,0,77,0,0,0,LEADER,1,0,0,76,0,0,0,0,0,0,0,0,0,0,0
208437,53,bully,2283,1,0,0,75,0,1050,0,1,53,206154,2283,0,76,0,0,0,LEADER,1,0,0,75,0,0,0,0,0,0,0,0,0,0,0
208513,92,bully,1438,1,0,0,76,0,1064,0,1,92,207075,1438,0,77,0,0,0,LEADER,1,0,0,76,0,0,0,0,0,0,0,0,0,0,0
208685,91,bully,1619,1,0,0,76,0,1064,0,1,91,207066,1619,0,77,0,0,0,LEADER,1,0,0,76,0,0,0,0,0,0,0,0,0,0,0
208949,62,bully,1874,1,0,0,76,0,1064,0,1,62,207075,1874,0,77,0,0,0,LEADER,1,0,0,76,0,0,0,0,0,0,0,0,0,0,0
208646,15,bully,1571,1,0,0,76,0,1064,0,1,15,207075,1571,0,77,0,0,0,LEADER,1,0,0,76,0,0,0,0,0,0,0,0,0,0,0
208315,26,bully,2161,1,0,0,75,0,1050,0,1,26,206154,2161,0,76,0,0,0,LEADER,1,0,0,75,0,0,0,0,0,0,0,0,0,0,0
209052,49,bully,1977,1,0,0,76,0,1064,0,1,49,207075,1977,0,77,0,0,0,LEADER,1,0,0,76,0,0,0,0,0,0,0,0,0,0,0
208867,58,bully,1792,1,0,0,76,0,1064,0,1,58,207075,1792,0,77,0,0,0,LEADER,1,0,0,76,0,0,0,0,0,0,0,0,0,0,0
208400,86,bully,2246,1,0,0,75,0,1050,0,1,86,206154,2246,0,76,0,0,0,LEADER,1,0,0,75,0,0,0,0,0,0,0,0,0,0,0
208573,50,bully,2419,1,0,0,75,0,1050,0,1,50,206154,2419,0,76,0,0,0,LEADER,1,0,0,75,0,0,0,0,0,0,0,0,0,0,0
208422,85,bully,2268,1,0,0,75,0,1050,0,1,85,206154,2268,0,76,0,0,0,LEADER,1,0,0,75,0,0,0,0,0,0,0,0,0,0,0
208362,87,bully,2212,1,0,0,75,0,1050,0,1,87,206150,2212,0,76,0,0,0,LEADER,1,0,0,75,0,0,0,0,0,0,0,0,0,0,0
208570,64,bully,2416,1,0,0,75,0,1050,0,1,64,206154,2416,0,76,0,0,0,LEADER,1,0,0,75,0,0,0,0,0,0,0,0,0,0,0
208419,11,bully,2264,1,0,0,75,0,1050,0,1,11,206155,2264,0,76,0,0,0,LEADER,1,0,0,75,0,0,0,0,0,0,0,0,0,0,0
208509,18,bully,1434,1,0,0,76,0,1064,0,1,18,207075,1434,0,77,0,0,0,LEADER,1,0,0,76,0,0,0,0,0,0,0,0,0,0,0
208628,90,bully,1553,1,0,0,76,0,1064,0,1,90,207075,1553,0,77,0,0,0,LEADER,1,0,0,76,0,0,0,0,0,0,0,0,0,0,0
208522,35,bully,1447,1,0,0,76,0,1064,0,1,35,207075,1447,0,77,0,0,0,LEADER,1,0,0,76,0,0,0,0,0,0,0,0,0,0,0
208403,43,bully,2249,1,0,0,75,0,1050,0,1,43,206154,2249,0,76,0,0,0,LEADER,1,0,0,75,0,0,0,0,0,0,0,0,0,0,0
208542,28,bully,1467,1,0,0,76,0,1064,0,1,28,207075,1467,0,77,0,0,0,LEADER,1,0,0,76,0,0,0,0,0,0,0,0,0,0,0
208380,44,bully,2228,1,0,0,75,0,1050,0,1,44,206152,2228,0,76,0,0,0,LEADER,1,0,0,75,0,0,0,0,0,0,0,0,0,0,0
209216,23,bully,2141,1,0,0,76,0,1064,0,1,23,207075,2141,0,77,0,0,0,LEADER,1,0,0,76,0,0,0,0,0,0,0,0,0,0,0
208536,30,bully,1461,1,0,0,76,0,1064,0,1,30,207075,1461,0,77,0,0,0,LEADER,1,0,0,76,0,0,0,0,0,0,0,0,0,0,0
208934,94,bully,1859,1,0,0,76,0,1064,0,1,94,207075,1859,0,77,0,0,0,LEADER,1,0,0,76,0,0,0,0,0,0,0,0,0,0,0
208576,38,bully,1501,1,0,0,76,0,1064,0,1,38,207075,1501,0,77,0,0,0,LEADER,1,0,0,76,0,0,0,0,0,0,0,0,0,0,0
209255,66,bully,2180,1,0,0,76,0,1064,0,1,66,207075,2180,0,77,0,0,0,LEADER,1,0,0,76,0,0,0,0,0,0,0,0,0,0,0
208561,70,bully,1486,1,0,0,76,0,1064,0,1,70,207075,1486,0,77,0,0,0,LEADER,1,0,0,76,0,0,0,0,0,0,0,0,0,0,0
209206,88,bully,2131,1,0,0,76,0,1064,0,1,88,207075,2131,0,77,0,0,0,LEADER,1,0,0,76,0,0,0,0,0,0,0,0,0,0,0
208389,75,bully,2235,1,0,0,75,0,1050,0,1,75,206154,2235,0,76,0,0,0,LEADER,1,0,0,75,0,0,0,0,0,0,0,0,0,0,0
208399,12,bully,2243,1,0,0,75,0,1050,0,1,12,206156,2243,0,76,0,0,0,LEADER,1,0,0,75,0,0,0,0,0,0,0,0,0,0,0
209100,27,bully,2025,1,0,0,76,0,1064,0,1,27,207075,2025,0,77,0,0,0,LEADER,1,0,0,76,0,0,0,0,0,0,0,0,0,0,0
208589,42,bully,1514,1,0,0,76,0,1064,0,1,42,207075,1514,0,77,0,0,0,LEADER,1,0,0,76,0,0,0,0,0,0,0,0,0,0,0
209236,24,bully,2161,1,0,0,76,0,1064,0,1,24,207075,2161,0,77,0,0,0,LEADER,1,0,0,76,0,0,0,0,0,0,0,0,0,0,0
209188,46,bully,2113,1,0,0,76,0,1064,0,1,46,207075,2113,0,77,0,0,0,LEADER,1,0,0,76,0,0,0,0,0,0,0,0,0,0,0
209085,59,bully,2010,1,0,0,76,0,1064,0,1,59,207075,2010,0,77,0,0,0,LEADER,1,0,0,76,0,0,0,0,0,0,0,0,0,0,0
208713,34,bully,1637,1,0,0,76,0,1064,0,1,34,207076,1637,0,77,0,0,0,LEADER,1,0,0,76,0,0,0,0,0,0,0,0,0,0,0
209367,32,bully,2292,1,0,0,76,0,1064,0,1,32,207075,2292,0,77,0,0,0,LEADER,1,0,0,76,0,0,0,0,0,0,0,0,0,0,0
208947,6,bully,1516,1,0,0,14,38,196,532,4,4,207431,1516,0,7,0,0,0,NORMAL,0,0,0,14,0,0,0,38,0,0,0,0,0,0,0
208982,72,bully,1907,1,0,0,76,0,1064,0,1,72,207075,1907,0,77,0,0,0,LEADER,1,0,0,76,0,0,0,0,0,0,0,0,0,0,0
208893,8,bully,2467,1,0,0,19,32,266,448,5,4,206426,2467,0,8,0,0,0,NORMAL,0,0,0,19,0,0,0,32,0,0,0,0,0,0,0
209394,63,bully,2316,1,0,0,76,0,1064,0,1,63,207078,2316,0,77,0,0,0,LEADER,1,0,0,76,0,0,0,0,0,0,0,0,0,0,0
208867,74,bully,1792,1,0,0,76,0,1064,0,1,74,207075,1792,0,77,0,0,0,LEADER,1,0,0,76,0,0,0,0,0,0,0,0,0,0,0
208609,48,bully,1534,1,0,0,76,0,1064,0,1,48,207075,1534,0,77,0,0,0,LEADER,1,0,0,76,0,0,0,0,0,0,0,0,0,0,0
209072,57,bully,1995,1,0,0,76,0,1064,0,1,57,207077,1995,0,77,0,0,0,LEADER,1,0,0,76,0,0,0,0,0,0,0,0,0,0,0
209140,68,bully,2065,1,0,0,76,0,1064,0,1,68,207075,2065,0,77,0,0,0,LEADER,1,0,0,76,0,0,0,0,0,0,0,0,0,0,0
208541,45,bully,1466,1,0,0,76,0,1064,0,1,45,207075,1466,0,77,0,0,0,LEADER,1,0,0,76,0,0,0,0,0,0,0,0,0,0,0
208898,93,bully,1823,1,0,0,76,0,1064,0,1,93,207075,1823,0,77,0,0,0,LEADER,1,0,0,76,0,0,0,0,0,0,0,0,0,0,0
209479,82,bully,2404,1,0,0,76,0,1064,0,1,82,207075,2404,0,77,0,0,0,LEADER,1,0,0,76,0,0,0,0,0,0,0,0,0,0,0
209473,51,bully,2398,1,0,0,76,0,1064,0,1,51,207075,2398,0,77,0,0,0,LEADER,1,0,0,76,0,0,0,0,0,0,0,0,0,0,0
209018,39,bully,1943,1,0,0,76,0,1064,0,1,39,207075,1943,0,77,0,0,0,LEADER,1,0,0,76,0,0,0,0,0,0,0,0,0,0,0
208764,78,bully,1689,1,0,0,76,0,1064,0,1,78,207075,1689,0,77,0,0,0,LEADER,1,0,0,76,0,0,0,0,0,0,0,0,0,0,0
209152,79,bully,2077,1,0,0,76,0,1064,0,1,79,207075,2077,0,77,0,0,0,LEADER,1,0,0,76,0,0,0,0,0,0,0,0,0,0,0
208727,14,bully,1652,1,0,0,76,0,1064,0,1,14,207075,1652,0,77,0,0,0,LEADER,1,0,0,76,0,0,0,0,0,0,0,0,0,0,0
209154,36,bully,2080,1,0,0,76,0,1064,0,1,36,207074,2080,0,77,0,0,0,LEADER,1,0,0,76,0,0,0,0,0,0,0,0,0,0,0
209037,81,bully,1962,1,0,0,76,0,1064,0,1,81,207075,1962,0,77,0,0,0,LEADER,1,0,0,76,0,0,0,0,0,0,0,0,0,0,0
208697,67,bully,1622,1,0,0,76,0,1064,0,1,67,207075,1622,0,77,0,0,0,LEADER,1,0,0,76,0,0,0,0,0,0,0,0,0,0,0
209458,83,bully,2383,1,0,0,76,0,1064,0,1,83,207075,2383,0,77,0,0,0,LEADER,1,0,0,76,0,0,0,0,0,0,0,0,0,0,0
209602,99,bully,1607,1,0,0,76,0,1064,0,1,99,207995,1607,0,77,0,0,0,LEADER,1,0,0,76,0,0,0,0,0,0,0,0,0,0,0
208779,55,bully,1704,1,0,0,76,0,1064,0,1,55,207075,1704,0,77,0,0,0,LEADER,1,0,0,76,0,0,0,0,0,0,0,0,0,0,0
209569,89,bully,1574,1,0,0,76,0,1064,0,1,89,207995,1574,0,77,0,0,0,LEADER,1,0,0,76,0,0,0,0,0,0,0,0,0,0,0
208731,77,bully,1656,1,0,0,76,0,1064,0,1,77,207075,1656,0,77,0,0,0,LEADER,1,0,0,76,0,0,0,0,0,0,0,0,0,0,0
209003,71,bully,1928,1,0,0,76,0,1064,0,1,71,207075,1928,0,77,0,0,0,LEADER,1,0,0,76,0,0,0,0,0,0,0,0,0,0,0
209281,76,bully,2213,1,0,0,76,0,1064,0,1,76,207068,2213,0,77,0,0,0,LEADER,1,0,0,76,0,0,0,0,0,0,0,0,0,0,0
208915,52,bully,1840,1,0,0,76,0,1064,0,1,52,207075,1840,0,77,0,0,0,LEADER,1,0,0,76,0,0,0,0,0,0,0,0,0,0,0
208882,10,bully,1807,1,0,0,76,0,1064,0,1,10,207075,1807,0,77,0,0,0,LEADER,1,0,0,76,0,0,0,0,0,0,0,0,0,0,0
208815,22,bully,1740,1,0,0,76,0,1064,0,1,22,207075,1740,0,77,0,0,0,LEADER,1,0,0,76,0,0,0,0,0,0,0,0,0,0,0
208961,21,bully,1889,1,0,0,76,0,1064,0,1,21,207072,1889,0,77,0,0,0,LEADER,1,0,0,76,0,0,0,0,0,0,0,0,0,0,0
209221,56,bully,2146,1,0,0,76,0,1064,0,1,56,207075,2146,0,77,0,0,0,LEADER,1,0,0,76,0,0,0,0,0,0,0,0,0,0,0
208746,60,bully,1671,1,0,0,76,0,1064,0,1,60,207075,1671,0,77,0,0,0,LEADER,1,0,0,76,0,0,0,0,0,0,0,0,0,0,0
209599,25,bully,1604,1,0,0,76,0,1064,0,1,25,207995,1604,0,77,0,0,0,LEADER,1,0,0,76,0,0,0,0,0,0,0,0,0,0,0
208812,65,bully,1737,1,0,0,76,0,1064,0,1,65,207075,1737,0,77,0,0,0,LEADER,1,0,0,76,0,0,0,0,0,0,0,0,0,0,0
209488,19,bully,2413,1,0,0,76,0,1064,0,1,19,207075,2413,0,77,0,0,0,LEADER,1,0,0,76,0,0,0,0,0,0,0,0,0,0,0
209118,69,bully,2043,1,0,0,76,0,1064,0,1,69,207075,2043,0,77,0,0,0,LEADER,1,0,0,76,0,0,0,0,0,0,0,0,0,0,0
209720,54,bully,1725,1,0,0,76,0,1064,0,1,54,207995,1725,0,77,0,0,0,LEADER,1,0,0,76,0,0,0,0,0,0,0,0,0,0,0
209067,17,bully,1992,1,0,0,76,0,1064,0,1,17,207075,1992,0,77,0,0,0,LEADER,1,0,0,76,0,0,0,0,0,0,0,0,0,0,0
209581,100,bully,1586,1,0,0,76,0,1064,0,1,100,207995,1586,0,77,0,0,0,LEADER,1,0,0,76,0,0,0,0,0,0,0,0,0,0,0
209544,16,bully,1549,1,0,0,76,0,1064,0,1,16,207995,1549,0,77,0,0,0,LEADER,1,0,0,76,0,0,0,0,0,0,0,0,0,0,0
209133,37,bully,2058,1,0,0,76,0,1064,0,1,37,207075,2058,0,77,0,0,0,LEADER,1,0,0,76,0,0,0,0,0,0,0,0,0,0,0
209769,13,bully,1774,1,0,0,76,0,1064,0,1,13,207995,1774,0,77,0,0,0,LEADER,1,0,0,76,0,0,0,0,0,0,0,0,0,0,0
208930,20,bully,1855,1,0,0,76,0,1064,0,1,20,207075,1855,0,77,0,0,0,LEADER,1,0,0,76,0,0,0,0,0,0,0,0,0,0,0
209562,41,bully,1567,1,0,0,76,0,1064,0,1,41,207995,1567,0,77,0,0,0,LEADER,1,0,0,76,0,0,0,0,0,0,0,0,0,0,0
209551,47,bully,1556,1,0,0,76,0,1064,0,1,47,207995,1556,0,77,0,0,0,LEADER,1,0,0,76,0,0,0,0,0,0,0,0,0,0,0
209377,95,bully,2301,1,0,0,76,0,1064,0,1,95,207076,2301,0,77,0,0,0,LEADER,1,0,0,76,0,0,0,0,0,0,0,0,0,0,0
209240,98,bully,2165,1,0,0,76,0,1064,0,1,98,207075,2165,0,77,0,0,0,LEADER,1,0,0,76,0,0,0,0,0,0,0,0,0,0,0
209424,73,bully,2349,1,0,0,76,0,1064,0,1,73,207075,2349,0,77,0,0,0,LEADER,1,0,0,76,0,0,0,0,0,0,0,0,0,0,0
209747,33,bully,1752,1,0,0,76,0,1064,0,1,33,207995,1752,0,77,0,0,0,LEADER,1,0,0,76,0,0,0,0,0,0,0,0,0,0,0
208970,61,bully,1895,1,0,0,76,0,1064,0,1,61,207075,1895,0,77,0,0,0,LEADER,1,0,0,76,0,0,0,0,0,0,0,0,0,0,0
209717,97,bully,1722,1,0,0,76,0,1064,0,1,97,207995,1722,0,77,0,0,0,LEADER,1,0,0,76,0,0,0,0,0,0,0,0,0,0,0
209917,40,bully,1922,1,0,0,76,0,1064,0,1,40,207995,1922,0,77,0,0,0,LEADER,1,0,0,76,0,0,0,0,0,0,0,0,0,0,0
209406,31,bully,2331,1,0,0,76,0,1064,0,1,31,207075,2331,0,77,0,0,0,LEADER,1,0,0,76,0,0,0,0,0,0,0,0,0,0,0
209907,29,bully,1910,1,0,0,76,0,1064,0,1,29,207997,1910,0,77,0,0,0,LEADER,1,0,0,76,0,0,0,0,0,0,0,0,0,0,0
209733,96,bully,1744,1,0,0,76,0,1064,0,1,96,207989,1744,0,77,0,0,0,LEADER,1,0,0,76,0,0,0,0,0,0,0,0,0,0,0
209820,84,bully,1825,1,0,0,76,0,1064,0,1,84,207995,1825,0,77,0,0,0,LEADER,1,0,0,76,0,0,0,0,0,0,0,0,0,0,0
209516,80,bully,1519,1,0,0,76,0,1064,0,1,80,207997,1519,0,77,0,0,0,LEADER,1,0,0,76,0,0,0,0,0,0,0,0,0,0,0
209358,53,bully,2283,1,0,0,76,0,1064,0,1,53,207075,2283,0,77,0,0,0,LEADER,1,0,0,76,0,0,0,0,0,0,0,0,0,0,0
209433,92,bully,1438,1,0,0,76,0,1064,0,1,92,207995,1438,0,77,0,0,0,LEADER,1,0,0,76,0,0,0,0,0,0,0,0,0,0,0
209605,91,bully,1619,1,0,0,76,0,1064,0,1,91,207986,1619,0,77,0,0,0,LEADER,1,0,0,76,0,0,0,0,0,0,0,0,0,0,0
209869,62,bully,1874,1,0,0,76,0,1064,0,1,62,207995,1874,0,77,0,0,0,LEADER,1,0,0,76,0,0,0,0,0,0,0,0,0,0,0
209566,15,bully,1571,1,0,0,76,0,1064,0,1,15,207995,1571,0,77,0,0,0,LEADER,1,0,0,76,0,0,0,0,0,0,0,0,0,0,0
209236,26,bully,2161,1,0,0,76,0,1064,0,1,26,207075,2161,0,77,0,0,0,LEADER,1,0,0,76,0,0,0,0,0,0,0,0,0,0,0
209972,49,bully,1977,1,0,0,76,0,1064,0,1,49,207995,1977,0,77,0,0,0,LEADER,1,0,0,76,0,0,0,0,0,0,0,0,0,0,0
209787,58,bully,1792,1,0,0,76,0,1064,0,1,58,207995,1792,0,77,0,0,0,LEADER,1,0,0,76,0,0,0,0,0,0,0,0,0,0,0
209321,86,bully,2246,1,0,0,76,0,1064,0,1,86,207075,2246,0,77,0,0,0,LEADER,1,0,0,76,0,0,0,0,0,0,0,0,0,0,0
209494,50,bully,2419,1,0,0,76,0,1064,0,1,50,207075,2419,0,77,0,0,0,LEADER,1,0,0,76,0,0,0,0,0,0,0,0,0,0,0
209343,85,bully,2268,1,0,0,76,0,1064,0,1,85,207075,2268,0,77,0,0,0,LEADER,1,0,0,76,0,0,0,0,0,0,0,0,0,0,0
209283,87,bully,2212,1,0,0,76,0,1064,0,1,87,207071,2212,0,77,0,0,0,LEADER,1,0,0,76,0,0,0,0,0,0,0,0,0,0,0
209491,64,bully,2416,1,0,0,76,0,1064,0,1,64,207075,2416,0,77,0,0,0,LEADER,1,0,0,76,0,0,0,0,0,0,0,0,0,0,0
209429,18,bully,1434,1,0,0,76,0,1064,0,1,18,207995,1434,0,77,0,0,0,LEADER,1,0,0,76,0,0,0,0,0,0,0,0,0,0,0
209340,11,bully,2264,1,0,0,76,0,1064,0,1,11,207076,2264,0,77,0,0,0,LEADER,1,0,0,76,0,0,0,0,0,0,0,0,0,0,0
209548,90,bully,1553,1,0,0,76,0,1064,0,1,90,207995,1553,0,77,0,0,0,LEADER,1,0,0,76,0,0,0,0,0,0,0,0,0,0,0
209442,35,bully,1447,1,0,0,76,0,1064,0,1,35,207995,1447,0,77,0,0,0,LEADER,1,0,0,76,0,0,0,0,0,0,0,0,0,0,0
209324,43,bully,2249,1,0,0,76,0,1064,0,1,43,207075,2249,0,77,0,0,0,LEADER,1,0,0,76,0,0,0,0,0,0,0,0,0,0,0
209462,28,bully,1467,1,0,0,76,0,1064,0,1,28,207995,1467,0,77,0,0,0,LEADER,1,0,0,76,0,0,0,0,0,0,0,0,0,0,0
209301,44,bully,2228,1,0,0,76,0,1064,0,1,44,207073,2228,0,77,0,0,0,LEADER,1,0,0,76,0,0,0,0,0,0,0,0,0,0,0
210136,23,bully,2141,1,0,0,76,0,1064,0,1,23,207995,2141,0,77,0,0,0,LEADER,1,0,0,76,0,0,0,0,0,0,0,0,0,0,0
209456,30,bully,1461,1,0,0,76,0,1064,0,1,30,207995,1461,0,77,0,0,0,LEADER,1,0,0,76,0,0,0,0,0,0,0,0,0,0,0
209854,94,bully,1859,1,0,0,76,0,1064,0,1,94,207995,1859,0,77,0,0,0,LEADER,1,0,0,76,0,0,0,0,0,0,0,0,0,0,0
209496,38,bully,1501,1,0,0,76,0,1064,0,1,38,207995,1501,0,77,0,0,0,LEADER,1,0,0,76,0,0,0,0,0,0,0,0,0,0,0
210175,66,bully,2180,1,0,0,76,0,1064,0,1,66,207995,2180,0,77,0,0,0,LEADER,1,0,0,76,0,0,0,0,0,0,0,0,0,0,0
209481,70,bully,1486,1,0,0,76,0,1064,0,1,70,207995,1486,0,77,0,0,0,LEADER,1,0,0,76,0,0,0,0,0,0,0,0,0,0,0
210126,88,bully,2131,1,0,0,76,0,1064,0,1,88,207995,2131,0,77,0,0,0,LEADER,1,0,0,76,0,0,0,0,0,0,0,0,0,0,0
209310,75,bully,2235,1,0,0,76,0,1064,0,1,75,207075,2235,0,77,0,0,0,LEADER,1,0,0,76,0,0,0,0,0,0,0,0,0,0,0
209320,12,bully,2243,1,0,0,76,0,1064,0,1,12,207077,2243,0,77,0,0,0,LEADER,1,0,0,76,0,0,0,0,0,0,0,0,0,0,0
210020,27,bully,2025,1,0,0,76,0,1064,0,1,27,207995,2025,0,77,0,0,0,LEADER,1,0,0,76,0,0,0,0,0,0,0,0,0,0,0
209509,42,bully,1514,1,0,0,76,0,1064,0,1,42,207995,1514,0,77,0,0,0,LEADER,1,0,0,76,0,0,0,0,0,0,0,0,0,0,0
210156,24,bully,2161,1,0,0,76,0,1064,0,1,24,207995,2161,0,77,0,0,0,LEADER,1,0,0,76,0,0,0,0,0,0,0,0,0,0,0
210108,46,bully,2113,1,0,0,76,0,1064,0,1,46,207995,2113,0,77,0,0,0,LEADER,1,0,0,76,0,0,0,0,0,0,0,0,0,0,0
210005,59,bully,2010,1,0,0,76,0,1064,0,1,59,207995,2010,0,77,0,0,0,LEADER,1,0,0,76,0,0,0,0,0,0,0,0,0,0,0
210287,32,bully,2292,1,0,0,76,0,1064,0,1,32,207995,2292,0,77,0,0,0,LEADER,1,0,0,76,0,0,0,0,0,0,0,0,0,0,0
209633,34,bully,1637,1,0,0,76,0,1064,0,1,34,207996,1637,0,77,0,0,0,LEADER,1,0,0,76,0,0,0,0,0,0,0,0,0,0,0
209902,72,bully,1907,1,0,0,76,0,1064,0,1,72,207995,1907,0,77,0,0,0,LEADER,1,0,0,76,0,0,0,0,0,0,0,0,0,0,0
210314,63,bully,2316,1,0,0,76,0,1064,0,1,63,207998,2316,0,77,0,0,0,LEADER,1,0,0,76,0,0,0,0,0,0,0,0,0,0,0
209787,74,bully,1792,1,0,0,76,0,1064,0,1,74,207995,1792,0,77,0,0,0,LEADER,1,0,0,76,0,0,0,0,0,0,0,0,0,0,0
209529,48,bully,1534,1,0,0,76,0,1064,0,1,48,207995,1534,0,77,0,0,0,LEADER,1,0,0,76,0,0,0,0,0,0,0,0,0,0,0
209992,57,bully,1995,1,0,0,76,0,1064,0,1,57,207997,1995,0,77,0,0,0,LEADER,1,0,0,76,0,0,0,0,0,0,0,0,0,0,0
210060,68,bully,2065,1,0,0,76,0,1064,0,1,68,207995,2065,0,77,0,0,0,LEADER,1,0,0,76,0,0,0,0,0,0,0,0,0,0,0
209461,45,bully,1466,1,0,0,76,0,1064,0,1,45,207995,1466,0,77,0,0,0,LEADER,1,0,0,76,0,0,0,0,0,0,0,0,0,0,0
209818,93,bully,1823,1,0,0,76,0,1064,0,1,93,207995,1823,0,77,0,0,0,LEADER,1,0,0,76,0,0,0,0,0,0,0,0,0,0,0
210399,82,bully,2404,1,0,0,76,0,1064,0,1,82,207995,2404,0,77,0,0,0,LEADER,1,0,0,76,0,0,0,0,0,0,0,0,0,0,0
210393,51,bully,2398,1,0,0,76,0,1064,0,1,51,207995,2398,0,77,0,0,0,LEADER,1,0,0,76,0,0,0,0,0,0,0,0,0,0,0
209938,39,bully,1943,1,0,0,76,0,1064,0,1,39,207995,1943,0,77,0,0,0,LEADER,1,0,0,76,0,0,0,0,0,0,0,0,0,0,0
209684,78,bully,1689,1,0,0,76,0,1064,0,1,78,207995,1689,0,77,0,0,0,LEADER,1,0,0,76,0,0,0,0,0,0,0,0,0,0,0
210072,79,bully,2077,1,0,0,76,0,1064,0,1,79,207995,2077,0,77,0,0,0,LEADER,1,0,0,76,0,0,0,0,0,0,0,0,0,0,0
209647,14,bully,1652,1,0,0,76,0,1064,0,1,14,207995,1652,0,77,0,0,0,LEADER,1,0,0,76,0,0,0,0,0,0,0,0,0,0,0
210074,36,bully,2080,1,0,0,76,0,1064,0,1,36,207994,2080,0,77,0,0,0,LEADER,1,0,0,76,0,0,0,0,0,0,0,0,0,0,0
209957,81,bully,1962,1,0,0,76,0,1064,0,1,81,207995,1962,0,77,0,0,0,LEADER,1,0,0,76,0,0,0,0,0,0,0,0,0,0,0
209617,67,bully,1622,1,0,0,76,0,1064,0,1,67,207995,1622,0,77,0,0,0,LEADER,1,0,0,76,0,0,0,0,0,0,0,0,0,0,0
210378,83,bully,2383,1,0,0,76,0,1064,0,1,83,207995,2383,0,77,0,0,0,LEADER,1,0,0,76,0,0,0,0,0,0,0,0,0,0,0
210522,99,bully,1607,1,0,0,76,0,1064,0,1,99,208915,1607,0,77,0,0,0,LEADER,1,0,0,76,0,0,0,0,0,0,0,0,0,0,0
209699,55,bully,1704,1,0,0,76,0,1064,0,1,55,207995,1704,0,77,0,0,0,LEADER,1,0,0,76,0,0,0,0,0,0,0,0,0,0,0
210489,89,bully,1574,1,0,0,76,0,1064,0,1,89,208915,1574,0,77,0,0,0,LEADER,1,0,0,76,0,0,0,0,0,0,0,0,0,0,0
209651,77,bully,1656,1,0,0,76,0,1064,0,1,77,207995,1656,0,77,0,0,0,LEADER,1,0,0,76,0,0,0,0,0,0,0,0,0,0,0
209923,71,bully,1928,1,0,0,76,0,1064,0,1,71,207995,1928,0,77,0,0,0,LEADER,1,0,0,76,0,0,0,0,0,0,0,0,0,0,0
210201,76,bully,2213,1,0,0,76,0,1064,0,1,76,207988,2213,0,77,0,0,0,LEADER,1,0,0,76,0,0,0,0,0,0,0,0,0,0,0
209835,52,bully,1840,1,0,0,76,0,1064,0,1,52,207995,1840,0,77,0,0,0,LEADER,1,0,0,76,0,0,0,0,0,0,0,0,0,0,0
209802,10,bully,1807,1,0,0,76,0,1064,0,1,10,207995,1807,0,77,0,0,0,LEADER,1,0,0,76,0,0,0,0,0,0,0,0,0,0,0
209735,22,bully,1740,1,0,0,76,0,1064,0,1,22,207995,1740,0,77,0,0,0,LEADER,1,0,0,76,0,0,0,0,0,0,0,0,0,0,0
209881,21,bully,1889,1,0,0,76,0,1064,0,1,21,207992,1889,0,77,0,0,0,LEADER,1,0,0,76,0,0,0,0,0,0,0,0,0,0,0
210141,56,bully,2146,1,0,0,76,0,1064,0,1,56,207995,2146,0,77,0,0,0,LEADER,1,0,0,76,0,0,0,0,0,0,0,0,0,0,0
209666,60,bully,1671,1,0,0,76,0,1064,0,1,60,207995,1671,0,77,0,0,0,LEADER,1,0,0,76,0,0,0,0,0,0,0,0,0,0,0
210519,25,bully,1604,1,0,0,76,0,1064,0,1,25,208915,1604,0,77,0,0,0,LEADER,1,0,0,76,0,0,0,0,0,0,0,0,0,0,0
209732,65,bully,1737,1,0,0,76,0,1064,0,1,65,207995,1737,0,77,0,0,0,LEADER,1,0,0,76,0,0,0,0,0,0,0,0,0,0,0
210408,19,bully,2413,1,0,0,76,0,1064,0,1,19,207995,2413,0,77,0,0,0,LEADER,1,0,0,76,0,0,0,0,0,0,0,0,0,0,0
210038,69,bully,2043,1,0,0,76,0,1064,0,1,69,207995,2043,0,77,0,0,0,LEADER,1,0,0,76,0,0,0,0,0,0,0,0,0,0,0
210640,54,bully,1725,1,0,0,76,0,1064,0,1,54,208915,1725,0,77,0,0,0,LEADER,1,0,0,76,0,0,0,0,0,0,0,0,0,0,0
209987,17,bully,1992,1,0,0,76,0,1064,0,1,17,207995,1992,0,77,0,0,0,LEADER,1,0,0,76,0,0,0,0,0,0,0,0,0,0,0
210501,100,bully,1586,1,0,0,76,0,1064,0,1,100,208915,1586,0,77,0,0,0,LEADER,1,0,0,76,0,0,0,0,0,0,0,0,0,0,0
210464,16,bully,1549,1,0,0,76,0,1064,0,1,16,208915,1549,0,77,0,0,0,LEADER,1,0,0,76,0,0,0,0,0,0,0,0,0,0,0
210053,37,bully,2058,1,0,0,76,0,1064,0,1,37,207995,2058,0,77,0,0,0,LEADER,1,0,0,76,0,0,0,0,0,0,0,0,0,0,0
210689,13,bully,1774,1,0,0,76,0,1064,0,1,13,208915,1774,0,77,0,0,0,LEADER,1,0,0,76,0,0,0,0,0,0,0,0,0,0,0
209850,20,bully,1855,1,0,0,76,0,1064,0,1,20,207995,1855,0,77,0,0,0,LEADER,1,0,0,76,0,0,0,0,0,0,0,0,0,0,0
210482,41,bully,1567,1,0,0,76,0,1064,0,1,41,208915,1567,0,77,0,0,0,LEADER,1,0,0,76,0,0,0,0,0,0,0,0,0,0,0
210471,47,bully,1556,1,0,0,76,0,1064,0,1,47,208915,1556,0,77,0,0,0,LEADER,1,0,0,76,0,0,0,0,0,0,0,0,0,0,0
210297,95,bully,2301,1,0,0,76,0,1064,0,1,95,207996,2301,0,77,0,0,0,LEADER,1,0,0,76,0,0,0,0,0,0,0,0,0,0,0
210160,98,bully,2165,1,0,0,76,0,1064,0,1,98,207995,2165,0,77,0,0,0,LEADER,1,0,0,76,0,0,0,0,0,0,0,0,0,0,0
210344,73,bully,2349,1,0,0,76,0,1064,0,1,73,207995,2349,0,77,0,0,0,LEADER,1,0,0,76,0,0,0,0,0,0,0,0,0,0,0
209890,61,bully,1895,1,0,0,76,0,1064,0,1,61,207995,1895,0,77,0,0,0,LEADER,1,0,0,76,0,0,0,0,0,0,0,0,0,0,0
210637,97,bully,1722,1,0,0,76,0,1064,0,1,97,208915,1722,0,77,0,0,0,LEADER,1,0,0,76,0,0,0,0,0,0,0,0,0,0,0
210667,33,bully,1752,1,0,0,76,0,1064,0,1,33,208915,1752,0,77,0,0,0,LEADER,1,0,0,76,0,0,0,0,0,0,0,0,0,0,0
210837,40,bully,1922,1,0,0,76,0,1064,0,1,40,208915,1922,0,77,0,0,0,LEADER,1,0,0,76,0,0,0,0,0,0,0,0,0,0,0
210326,31,bully,2331,1,0,0,76,0,1064,0,1,31,207995,2331,0,77,0,0,0,LEADER,1,0,0,76,0,0,0,0,0,0,0,0,0,0,0
210827,29,bully,1910,1,0,0,76,0,1064,0,1,29,208917,1910,0,77,0,0,0,LEADER,1,0,0,76,0,0,0,0,0,0,0,0,0,0,0
210653,96,bully,1744,1,0,0,76,0,1064,0,1,96,208909,1744,0,77,0,0,0,LEADER,1,0,0,76,0,0,0,0,0,0,0,0,0,0,0
210740,84,bully,1825,1,0,0,76,0,1064,0,1,84,208915,1825,0,77,0,0,0,LEADER,1,0,0,76,0,0,0,0,0,0,0,0,0,0,0
210436,80,bully,1519,1,0,0,76,0,1064,0,1,80,208917,1519,0,77,0,0,0,LEADER,1,0,0,76,0,0,0,0,0,0,0,0,0,0,0
210278,53,bully,2283,1,0,0,76,0,1064,0,1,53,207995,2283,0,77,0,0,0,LEADER,1,0,0,76,0,0,0,0,0,0,0,0,0,0,0
210353,92,bully,1438,1,0,0,76,0,1064,0,1,92,208915,1438,0,77,0,0,0,LEADER,1,0,0,76,0,0,0,0,0,0,0,0,0,0,0
210525,91,bully,1619,1,0,0,76,0,1064,0,1,91,208906,1619,0,77,0,0,0,LEADER,1,0,0,76,0,0,0,0,0,0,0,0,0,0,0
210789,62,bully,1874,1,0,0,76,0,1064,0,1,62,208915,1874,0,77,0,0,0,LEADER,1,0,0,76,0,0,0,0,0,0,0,0,0,0,0
210486,15,bully,1571,1,0,0,76,0,1064,0,1,15,208915,1571,0,77,0,0,0,LEADER,1,0,0,76,0,0,0,0,0,0,0,0,0,0,0
210156,26,bully,2161,1,0,0,76,0,1064,0,1,26,207995,2161,0,77,0,0,0,LEADER,1,0,0,76,0,0,0,0,0,0,0,0,0,0,0
210892,49,bully,1977,1,0,0,76,0,1064,0,1,49,208915,1977,0,77,0,0,0,LEADER,1,0,0,76,0,0,0,0,0,0,0,0,0,0,0
210707,58,bully,1792,1,0,0,76,0,1064,0,1,58,208915,1792,0,77,0,0,0,LEADER,1,0,0,76,0,0,0,0,0,0,0,0,0,0,0
210241,86,bully,2246,1,0,0,76,0,1064,0,1,86,207995,2246,0,77,0,0,0,LEADER,1,0,0,76,0,0,0,0,0,0,0,0,0,0,0
210414,50,bully,2419,1,0,0,76,0,1064,0,1,50,207995,2419,0,77,0,0,0,LEADER,1,0,0,76,0,0,0,0,0,0,0,0,0,0,0
210263,85,bully,2268,1,0,0,76,0,1064,0,1,85,207995,2268,0,77,0,0,0,LEADER,1,0,0,76,0,0,0,0,0,0,0,0,0,0,0
210203,87,bully,2212,1,0,0,76,0,1064,0,1,87,207991,2212,0,77,0,0,0,LEADER,1,0,0,76,0,0,0,0,0,0,0,0,0,0,0
210411,64,bully,2416,1,0,0,76,0,1064,0,1,64,207995,2416,0,77,0,0,0,LEADER,1,0,0,76,0,0,0,0,0,0,0,0,0,0,0
210349,18,bully,1434,1,0,0,76,0,1064,0,1,18,208915,1434,0,77,0,0,0,LEADER,1,0,0,76,0,0,0,0,0,0,0,0,0,0,0
210260,11,bully,2264,1,0,0,76,0,1064,0,1,11,207996,2264,0,77,0,0,0,LEADER,1,0,0,76,0,0,0,0,0,0,0,0,0,0,0
210468,90,bully,1553,1,0,0,76,0,1064,0,1,90,208915,1553,0,77,0,0,0,LEADER,1,0,0,76,0,0,0,0,0,0,0,0,0,0,0
210362,35,bully,1447,1,0,0,76,0,1064,0,1,35,208915,1447,0,77,0,0,0,LEADER,1,0,0,76,0,0,0,0,0,0,0,0,0,0,0
210244,43,bully,2249,1,0,0,76,0,1064,0,1,43,207995,2249,0,77,0,0,0,LEADER,1,0,0,76,0,0,0,0,0,0,0,0,0,0,0
210382,28,bully,1467,1,0,0,76,0,1064,0,1,28,208915,1467,0,77,0,0,0,LEADER,1,0,0,76,0,0,0,0,0,0,0,0,0,0,0
210221,44,bully,2228,1,0,0,76,0,1064,0,1,44,207993,2228,0,77,0,0,0,LEADER,1,0,0,76,0,0,0,0,0,0,0,0,0,0,0
211056,23,bully,2141,1,0,0,76,0,1064,0,1,23,208915,2141,0,77,0,0,0,LEADER,1,0,0,76,0,0,0,0,0,0,0,0,0,0,0
210376,30,bully,1461,1,0,0,76,0,1064,0,1,30,208915,1461,0,77,0,0,0,LEADER,1,0,0,76,0,0,0,0,0,0,0,0,0,0,0
210774,94,bully,1859,1,0,0,76,0,1064,0,1,94,208915,1859,0,77,0,0,0,LEADER,1,0,0,76,0,0,0,0,0,0,0,0,0,0,0
210416,38,bully,1501,1,0,0,76,0,1064,0,1,38,208915,1501,0,77,0,0,0,LEADER,1,0,0,76,0,0,0,0,0,0,0,0,0,0,0
211095,66,bully,2180,1,0,0,76,0,1064,0,1,66,208915,2180,0,77,0,0,0,LEADER,1,0,0,76,0,0,0,0,0,0,0,0,0,0,0
210401,70,bully,1486,1,0,0,76,0,1064,0,1,70,208915,1486,0,77,0,0,0,LEADER,1,0,0,76,0,0,0,0,0,0,0,0,0,0,0
211046,88,bully,2131,1,0,0,76,0,1064,0,1,88,208915,2131,0,77,0,0,0,LEADER,1,0,0,76,0,0,0,0,0,0,0,0,0,0,0
210230,75,bully,2235,1,0,0,76,0,1064,0,1,75,207995,2235,0,77,0,0,0,LEADER,1,0,0,76,0,0,0,0,0,0,0,0,0,0,0
210240,12,bully,2243,1,0,0,76,0,1064,0,1,12,207997,2243,0,77,0,0,0,LEADER,1,0,0,76,0,0,0,0,0,0,0,0,0,0,0
210940,27,bully,2025,1,0,0,76,0,1064,0,1,27,208915,2025,0,77,0,0,0,LEADER,1,0,0,76,0,0,0,0,0,0,0,0,0,0,0
210429,42,bully,1514,1,0,0,76,0,1064,0,1,42,208915,1514,0,77,0,0,0,LEADER,1,0,0,76,0,0,0,0,0,0,0,0,0,0,0
211076,24,bully,2161,1,0,0,76,0,1064,0,1,24,208915,2161,0,77,0,0,0,LEADER,1,0,0,76,0,0,0,0,0,0,0,0,0,0,0
211028,46,bully,2113,1,0,0,76,0,1064,0,1,46,208915,2113,0,77,0,0,0,LEADER,1,0,0,76,0,0,0,0,0,0,0,0,0,0,0
210925,59,bully,2010,1,0,0,76,0,1064,0,1,59,208915,2010,0,77,0,0,0,LEADER,1,0,0,76,0,0,0,0,0,0,0,0,0,0,0
211207,32,bully,2292,1,0,0,76,0,1064,0,1,32,208915,2292,0,77,0,0,0,LEADER,1,0,0,76,0,0,0,0,0,0,0,0,0,0,0
210553,34,bully,1637,1,0,0,76,0,1064,0,1,34,208916,1637,0,77,0,0,0,LEADER,1,0,0,76,0,0,0,0,0,0,0,0,0,0,0
210822,72,bully,1907,1,0,0,76,0,1064,0,1,72,208915,1907,0,77,0,0,0,LEADER,1,0,0,76,0,0,0,0,0,0,0,0,0,0,0
211234,63,bully,2316,1,0,0,76,0,1064,0,1,63,208918,2316,0,77,0,0,0,LEADER,1,0,0,76,0,0,0,0,0,0,0,0,0,0,0
210707,74,bully,1792,1,0,0,76,0,1064,0,1,74,208915,1792,0,77,0,0,0,LEADER,1,0,0,76,0,0,0,0,0,0,0,0,0,0,0
210449,48,bully,1534,1,0,0,76,0,1064,0,1,48,208915,1534,0,77,0,0,0,LEADER,1,0,0,76,0,0,0,0,0,0,0,0,0,0,0
210912,57,bully,1995,1,0,0,76,0,1064,0,1,57,208917,1995,0,77,0,0,0,LEADER,1,0,0,76,0,0,0,0,0,0,0,0,0,0,0
210980,68,bully,2065,1,0,0,76,0,1064,0,1,68,208915,2065,0,77,0,0,0,LEADER,1,0,0,76,0,0,0,0,0,0,0,0,0,0,0
210381,45,bully,1466,1,0,0,76,0,1064,0,1,45,208915,1466,0,77,0,0,0,LEADER,1,0,0,76,0,0,0,0,0,0,0,0,0,0,0
210738,93,bully,1823,1,0,0,76,0,1064,0,1,93,208915,1823,0,77,0,0,0,LEADER,1,0,0,76,0,0,0,0,0,0,0,0,0,0,0
211319,82,bully,2404,1,0,0,76,0,1064,0,1,82,208915,2404,0,77,0,0,0,LEADER,1,0,0,76,0,0,0,0,0,0,0,0,0,0,0
211313,51,bully,2398,1,0,0,76,0,1064,0,1,51,208915,2398,0,77,0,0,0,LEADER,1,0,0,76,0,0,0,0,0,0,0,0,0,0,0
210858,39,bully,1943,1,0,0,76,0,1064,0,1,39,208915,1943,0,77,0,0,0,LEADER,1,0,0,76,0,0,0,0,0,0,0,0,0,0,0
210604,78,bully,1689,1,0,0,76,0,1064,0,1,78,208915,1689,0,77,0,0,0,LEADER,1,0,0,76,0,0,0,0,0,0,0,0,0,0,0
210992,79,bully,2077,1,0,0,76,0,1064,0,1,79,208915,2077,0,77,0,0,0,LEADER,1,0,0,76,0,0,0,0,0,0,0,0,0,0,0
210567,14,bully,1652,1,0,0,76,0,1064,0,1,14,208915,1652,0,77,0,0,0,LEADER,1,0,0,76,0,0,0,0,0,0,0,0,0,0,0
210994,36,bully,2080,1,0,0,76,0,1064,0,1,36,208914,2080,0,77,0,0,0,LEADER,1,0,0,76,0,0,0,0,0,0,0,0,0,0,0
210877,81,bully,1962,1,0,0,76,0,1064,0,1,81,208915,1962,0,77,0,0,0,LEADER,1,0,0,76,0,0,0,0,0,0,0,0,0,0,0
210537,67,bully,1622,1,0,0,76,0,1064,0,1,67,208915,1622,0,77,0,0,0,LEADER,1,0,0,76,0,0,0,0,0,0,0,0,0,0,0
211298,83,bully,2383,1,0,0,76,0,1064,0,1,83,208915,2383,0,77,0,0,0,LEADER,1,0,0,76,0,0,0,0,0,0,0,0,0,0,0
211443,99,bully,1607,1,0,0,77,0,1078,0,1,99,209836,1607,0,78,0,0,0,LEADER,1,0,0,77,0,0,0,0,0,0,0,0,0,0,0
210619,55,bully,1704,1,0,0,76,0,1064,0,1,55,208915,1704,0,77,0,0,0,LEADER,1,0,0,76,0,0,0,0,0,0,0,0,0,0,0
211410,89,bully,1574,1,0,0,77,0,1078,0,1,89,209836,1574,0,78,0,0,0,LEADER,1,0,0,77,0,0,0,0,0,0,0,0,0,0,0
210571,77,bully,1656,1,0,0,76,0,1064,0,1,77,208915,1656,0,77,0,0,0,LEADER,1,0,0,76,0,0,0,0,0,0,0,0,0,0,0
210843,71,bully,1928,1,0,0,76,0,1064,0,1,71,208915,1928,0,77,0,0,0,LEADER,1,0,0,76,0,0,0,0,0,0,0,0,0,0,0
211121,76,bully,2213,1,0,0,76,0,1064,0,1,76,208908,2213,0,77,0,0,0,LEADER,1,0,0,76,0,0,0,0,0,0,0,0,0,0,0
210755,52,bully,1840,1,0,0,76,0,1064,0,1,52,208915,1840,0,77,0,0,0,LEADER,1,0,0,76,0,0,0,0,0,0,0,0,0,0,0
210722,10,bully,1807,1,0,0,76,0,1064,0,1,10,208915,1807,0,77,0,0,0,LEADER,1,0,0,76,0,0,0,0,0,0,0,0,0,0,0
210655,22,bully,1740,1,0,0,76,0,1064,0,1,22,208915,1740,0,77,0,0,0,LEADER,1,0,0,76,0,0,0,0,0,0,0,0,0,0,0
210801,21,bully,1889,1,0,0,76,0,1064,0,1,21,208912,1889,0,77,0,0,0,LEADER,1,0,0,76,0,0,0,0,0,0,0,0,0,0,0
211061,56,bully,2146,1,0,0,76,0,1064,0,1,56,208915,2146,0,77,0,0,0,LEADER,1,0,0,76,0,0,0,0,0,0,0,0,0,0,0
210586,60,bully,1671,1,0,0,76,0,1064,0,1,60,208915,1671,0,77,0,0,0,LEADER,1,0,0,76,0,0,0,0,0,0,0,0,0,0,0
211440,25,bully,1604,1,0,0,77,0,1078,0,1,25,209836,1604,0,78,0,0,0,LEADER,1,0,0,77,0,0,0,0,0,0,0,0,0,0,0
210652,65,bully,1737,1,0,0,76,0,1064,0,1,65,208915,1737,0,77,0,0,0,LEADER,1,0,0,76,0,0,0,0,0,0,0,0,0,0,0
211328,19,bully,2413,1,0,0,76,0,1064,0,1,19,208915,2413,0,77,0,0,0,LEADER,1,0,0,76,0,0,0,0,0,0,0,0,0,0,0
210958,69,bully,2043,1,0,0,76,0,1064,0,1,69,208915,2043,0,77,0,0,0,LEADER,1,0,0,76,0,0,0,0,0,0,0,0,0,0,0
211561,54,bully,1725,1,0,0,77,0,1078,0,1,54,209836,1725,0,78,0,0,0,LEADER,1,0,0,77,0,0,0,0,0,0,0,0,0,0,0
210907,17,bully,1992,1,0,0,76,0,1064,0,1,17,208915,1992,0,77,0,0,0,LEADER,1,0,0,76,0,0,0,0,0,0,0,0,0,0,0
211422,100,bully,1586,1,0,0,77,0,1078,0,1,100,209836,1586,0,78,0,0,0,LEADER,1,0,0,77,0,0,0,0,0,0,0,0,0,0,0
211385,16,bully,1549,1,0,0,77,0,1078,0,1,16,209836,1549,0,78,0,0,0,LEADER,1,0,0,77,0,0,0,0,0,0,0,0,0,0,0
210973,37,bully,2058,1,0,0,76,0,1064,0,1,37,208915,2058,0,77,0,0,0,LEADER,1,0,0,76,0,0,0,0,0,0,0,0,0,0,0
211610,13,bully,1774,1,0,0,77,0,1078,0,1,13,209836,1774,0,78,0,0,0,LEADER,1,0,0,77,0,0,0,0,0,0,0,0,0,0,0
210770,20,bully,1855,1,0,0,76,0,1064,0,1,20,208915,1855,0,77,0,0,0,LEADER,1,0,0,76,0,0,0,0,0,0,0,0,0,0,0
211403,41,bully,1567,1,0,0,77,0,1078,0,1,41,209836,1567,0,78,0,0,0,LEADER,1,0,0,77,0,0,0,0,0,0,0,0,0,0,0
211392,47,bully,1556,1,0,0,77,0,1078,0,1,47,209836,1556,0,78,0,0,0,LEADER,1,0,0,77,0,0,0,0,0,0,0,0,0,0,0
211217,95,bully,2301,1,0,0,76,0,1064,0,1,95,208916,2301,0,77,0,0,0,LEADER,1,0,0,76,0,0,0,0,0,0,0,0,0,0,0
211080,98,bully,2165,1,0,0,76,0,1064,0,1,98,208915,2165,0,77,0,0,0,LEADER,1,0,0,76,0,0,0,0,0,0,0,0,0,0,0
211264,73,bully,2349,1,0,0,76,0,1064,0,1,73,208915,2349,0,77,0,0,0,LEADER,1,0,0,76,0,0,0,0,0,0,0,0,0,0,0
210810,61,bully,1895,1,0,0,76,0,1064,0,1,61,208915,1895,0,77,0,0,0,LEADER,1,0,0,76,0,0,0,0,0,0,0,0,0,0,0
211558,97,bully,1722,1,0,0,77,0,1078,0,1,97,209836,1722,0,78,0,0,0,LEADER,1,0,0,77,0,0,0,0,0,0,0,0,0,0,0
211588,33,bully,1752,1,0,0,77,0,1078,0,1,33,209836,1752,0,78,0,0,0,LEADER,1,0,0,77,0,0,0,0,0,0,0,0,0,0,0
211246,31,bully,2331,1,0,0,76,0,1064,0,1,31,208915,2331,0,77,0,0,0,LEADER,1,0,0,76,0,0,0,0,0,0,0,0,0,0,0
211758,40,bully,1922,1,0,0,77,0,1078,0,1,40,209836,1922,0,78,0,0,0,LEADER,1,0,0,77,0,0,0,0,0,0,0,0,0,0,0
211748,29,bully,1910,1,0,0,77,0,1078,0,1,29,209838,1910,0,78,0,0,0,LEADER,1,0,0,77,0,0,0,0,0,0,0,0,0,0,0
211574,96,bully,1744,1,0,0,77,0,1078,0,1,96,209830,1744,0,78,0,0,0,LEADER,1,0,0,77,0,0,0,0,0,0,0,0,0,0,0
211661,84,bully,1825,1,0,0,77,0,1078,0,1,84,209836,1825,0,78,0,0,0,LEADER,1,0,0,77,0,0,0,0,0,0,0,0,0,0,0
211357,80,bully,1519,1,0,0,77,0,1078,0,1,80,209838,1519,0,78,0,0,0,LEADER,1,0,0,77,0,0,0,0,0,0,0,0,0,0,0
211198,53,bully,2283,1,0,0,76,0,1064,0,1,53,208915,2283,0,77,0,0,0,LEADER,1,0,0,76,0,0,0,0,0,0,0,0,0,0,0
211274,92,bully,1438,1,0,0,77,0,1078,0,1,92,209836,1438,0,78,0,0,0,LEADER,1,0,0,77,0,0,0,0,0,0,0,0,0,0,0
211446,91,bully,1619,1,0,0,77,0,1078,0,1,91,209827,1619,0,78,0,0,0,LEADER,1,0,0,77,0,0,0,0,0,0,0,0,0,0,0
211710,62,bully,1874,1,0,0,77,0,1078,0,1,62,209836,1874,0,78,0,0,0,LEADER,1,0,0,77,0,0,0,0,0,0,0,0,0,0,0
211407,15,bully,1571,1,0,0,77,0,1078,0,1,15,209836,1571,0,78,0,0,0,LEADER,1,0,0,77,0,0,0,0,0,0,0,0,0,0,0
211076,26,bully,2161,1,0,0,76,0,1064,0,1,26,208915,2161,0,77,0,0,0,LEADER,1,0,0,76,0,0,0,0,0,0,0,0,0,0,0
211813,49,bully,1977,1,0,0,77,0,1078,0,1,49,209836,1977,0,78,0,0,0,LEADER,1,0,0,77,0,0,0,0,0,0,0,0,0,0,0
211628,58,bully,1792,1,0,0,77,0,1078,0,1,58,209836,1792,0,78,0,0,0,LEADER,1,0,0,77,0,0,0,0,0,0,0,0,0,0,0
211161,86,bully,2246,1,0,0,76,0,1064,0,1,86,208915,2246,0,77,0,0,0,LEADER,1,0,0,76,0,0,0,0,0,0,0,0,0,0,0
211334,50,bully,2419,1,0,0,76,0,1064,0,1,50,208915,2419,0,77,0,0,0,LEADER,1,0,0,76,0,0,0,0,0,0,0,0,0,0,0
211183,85,bully,2268,1,0,0,76,0,1064,0,1,85,208915,2268,0,77,0,0,0,LEADER,1,0,0,76,0,0,0,0,0,0,0,0,0,0,0
211123,87,bully,2212,1,0,0,76,0,1064,0,1,87,208911,2212,0,77,0,0,0,LEADER,1,0,0,76,0,0,0,0,0,0,0,0,0,0,0
211331,64,bully,2416,1,0,0,76,0,1064,0,1,64,208915,2416,0,77,0,0,0,LEADER,1,0,0,76,0,0,0,0,0,0,0,0,0,0,0
211180,11,bully,2264,1,0,0,76,0,1064,0,1,11,208916,2264,0,77,0,0,0,LEADER,1,0,0,76,0,0,0,0,0,0,0,0,0,0,0
211270,18,bully,1434,1,0,0,77,0,1078,0,1,18,209836,1434,0,78,0,0,0,LEADER,1,0,0,77,0,0,0,0,0,0,0,0,0,0,0
211389,90,bully,1553,1,0,0,77,0,1078,0,1,90,209836,1553,0,78,0,0,0,LEADER,1,0,0,77,0,0,0,0,0,0,0,0,0,0,0
211283,35,bully,1447,1,0,0,77,0,1078,0,1,35,209836,1447,0,78,0,0,0,LEADER,1,0,0,77,0,0,0,0,0,0,0,0,0,0,0
211164,43,bully,2249,1,0,0,76,0,1064,0,1,43,208915,2249,0,77,0,0,0,LEADER,1,0,0,76,0,0,0,0,0,0,0,0,0,0,0
211303,28,bully,1467,1,0,0,77,0,1078,0,1,28,209836,1467,0,78,0,0,0,LEADER,1,0,0,77,0,0,0,0,0,0,0,0,0,0,0
211141,44,bully,2228,1,0,0,76,0,1064,0,1,44,208913,2228,0,77,0,0,0,LEADER,1,0,0,76,0,0,0,0,0,0,0,0,0,0,0
211977,23,bully,2141,1,0,0,77,0,1078,0,1,23,209836,2141,0,78,0,0,0,LEADER,1,0,0,77,0,0,0,0,0,0,0,0,0,0,0
211297,30,bully,1461,1,0,0,77,0,1078,0,1,30,209836,1461,0,78,0,0,0,LEADER,1,0,0,77,0,0,0,0,0,0,0,0,0,0,0
211695,94,bully,1859,1,0,0,77,0,1078,0,1,94,209836,1859,0,78,0,0,0,LEADER,1,0,0,77,0,0,0,0,0,0,0,0,0,0,0
211337,38,bully,1501,1,0,0,77,0,1078,0,1,38,209836,1501,0,78,0,0,0,LEADER,1,0,0,77,0,0,0,0,0,0,0,0,0,0,0
212016,66,bully,2180,1,0,0,77,0,1078,0,1,66,209836,2180,0,78,0,0,0,LEADER,1,0,0,77,0,0,0,0,0,0,0,0,0,0,0
211322,70,bully,1486,1,0,0,77,0,1078,0,1,70,209836,1486,0,78,0,0,0,LEADER,1,0,0,77,0,0,0,0,0,0,0,0,0,0,0
211967,88,bully,2131,1,0,0,77,0,1078,0,1,88,209836,2131,0,78,0,0,0,LEADER,1,0,0,77,0,0,0,0,0,0,0,0,0,0,0
211150,75,bully,2235,1,0,0,76,0,1064,0,1,75,208915,2235,0,77,0,0,0,LEADER,1,0,0,76,0,0,0,0,0,0,0,0,0,0,0
211160,12,bully,2243,1,0,0,76,0,1064,0,1,12,208917,2243,0,77,0,0,0,LEADER,1,0,0,76,0,0,0,0,0,0,0,0,0,0,0
211861,27,bully,2025,1,0,0,77,0,1078,0,1,27,209836,2025,0,78,0,0,0,LEADER,1,0,0,77,0,0,0,0,0,0,0,0,0,0,0
211350,42,bully,1514,1,0,0,77,0,1078,0,1,42,209836,1514,0,78,0,0,0,LEADER,1,0,0,77,0,0,0,0,0,0,0,0,0,0,0
211997,24,bully,2161,1,0,0,77,0,1078,0,1,24,209836,2161,0,78,0,0,0,LEADER,1,0,0,77,0,0,0,0,0,0,0,0,0,0,0
211949,46,bully,2113,1,0,0,77,0,1078,0,1,46,209836,2113,0,78,0,0,0,LEADER,1,0,0,77,0,0,0,0,0,0,0,0,0,0,0
211846,59,bully,2010,1,0,0,77,0,1078,0,1,59,209836,2010,0,78,0,0,0,LEADER,1,0,0,77,0,0,0,0,0,0,0,0,0,0,0
211474,34,bully,1637,1,0,0,77,0,1078,0,1,34,209837,1637,0,78,0,0,0,LEADER,1,0,0,77,0,0,0,0,0,0,0,0,0,0,0
212128,32,bully,2292,1,0,0,77,0,1078,0,1,32,209836,2292,0,78,0,0,0,LEADER,1,0,0,77,0,0,0,0,0,0,0,0,0,0,0
211743,72,bully,1907,1,0,0,77,0,1078,0,1,72,209836,1907,0,78,0,0,0,LEADER,1,0,0,77,0,0,0,0,0,0,0,0,0,0,0
212155,63,bully,2316,1,0,0,77,0,1078,0,1,63,209839,2316,0,78,0,0,0,LEADER,1,0,0,77,0,0,0,0,0,0,0,0,0,0,0
211628,74,bully,1792,1,0,0,77,0,1078,0,1,74,209836,1792,0,78,0,0,0,LEADER,1,0,0,77,0,0,0,0,0,0,0,0,0,0,0
211370,48,bully,1534,1,0,0,77,0,1078,0,1,48,209836,1534,0,78,0,0,0,LEADER,1,0,0,77,0,0,0,0,0,0,0,0,0,0,0
211833,57,bully,1995,1,0,0,77,0,1078,0,1,57,209838,1995,0,78,0,0,0,LEADER,1,0,0,77,0,0,0,0,0,0,0,0,0,0,0
211901,68,bully,2065,1,0,0,77,0,1078,0,1,68,209836,2065,0,78,0,0,0,LEADER,1,0,0,77,0,0,0,0,0,0,0,0,0,0,0
211302,45,bully,1466,1,0,0,77,0,1078,0,1,45,209836,1466,0,78,0,0,0,LEADER,1,0,0,77,0,0,0,0,0,0,0,0,0,0,0
211659,93,bully,1823,1,0,0,77,0,1078,0,1,93,209836,1823,0,78,0,0,0,LEADER,1,0,0,77,0,0,0,0,0,0,0,0,0,0,0
212240,82,bully,2404,1,0,0,77,0,1078,0,1,82,209836,2404,0,78,0,0,0,LEADER,1,0,0,77,0,0,0,0,0,0,0,0,0,0,0
212013,2,bully,2214,1,0,0,11,23,154,322,4,2,209799,2214,0,9,0,0,0,LEADER,1,0,0,11,0,0,0,23,0,0,0,0,0,0,0
212234,51,bully,2398,1,0,0,77,0,1078,0,1,51,209836,2398,0,78,0,0,0,LEADER,1,0,0,77,0,0,0,0,0,0,0,0,0,0,0
211779,39,bully,1943,1,0,0,77,0,1078,0,1,39,209836,1943,0,78,0,0,0,LEADER,1,0,0,77,0,0,0,0,0,0,0,0,0,0,0
211525,78,bully,1689,1,0,0,77,0,1078,0,1,78,209836,1689,0,78,0,0,0,LEADER,1,0,0,77,0,0,0,0,0,0,0,0,0,0,0
211913,79,bully,2077,1,0,0,77,0,1078,0,1,79,209836,2077,0,78,0,0,0,LEADER,1,0,0,77,0,0,0,0,0,0,0,0,0,0,0
211488,14,bully,1652,1,0,0,77,0,1078,0,1,14,209836,1652,0,78,0,0,0,LEADER,1,0,0,77,0,0,0,0,0,0,0,0,0,0,0
211915,36,bully,2080,1,0,0,77,0,1078,0,1,36,209835,2080,0,78,0,0,0,LEADER,1,0,0,77,0,0,0,0,0,0,0,0,0,0,0
211798,81,bully,1962,1,0,0,77,0,1078,0,1,81,209836,1962,0,78,0,0,0,LEADER,1,0,0,77,0,0,0,0,0,0,0,0,0,0,0
211458,67,bully,1622,1,0,0,77,0,1078,0,1,67,209836,1622,0,78,0,0,0,LEADER,1,0,0,77,0,0,0,0,0,0,0,0,0,0,0
212219,83,bully,2383,1,0,0,77,0,1078,0,1,83,209836,2383,0,78,0,0,0,LEADER,1,0,0,77,0,0,0,0,0,0,0,0,0,0,0
212363,99,bully,1607,1,0,0,77,0,1078,0,1,99,210756,1607,0,78,0,0,0,LEADER,1,0,0,77,0,0,0,0,0,0,0,0,0,0,0
211540,55,bully,1704,1,0,0,77,0,1078,0,1,55,209836,1704,0,78,0,0,0,LEADER,1,0,0,77,0,0,0,0,0,0,0,0,0,0,0
212330,89,bully,1574,1,0,0,77,0,1078,0,1,89,210756,1574,0,78,0,0,0,LEADER,1,0,0,77,0,0,0,0,0,0,0,0,0,0,0
211492,77,bully,1656,1,0,0,77,0,1078,0,1,77,209836,1656,0,78,0,0,0,LEADER,1,0,0,77,0,0,0,0,0,0,0,0,0,0,0
211764,71,bully,1928,1,0,0,77,0,1078,0,1,71,209836,1928,0,78,0,0,0,LEADER,1,0,0,77,0,0,0,0,0,0,0,0,0,0,0
212042,76,bully,2213,1,0,0,77,0,1078,0,1,76,209829,2213,0,78,0,0,0,LEADER,1,0,0,77,0,0,0,0,0,0,0,0,0,0,0
211676,52,bully,1840,1,0,0,77,0,1078,0,1,52,209836,1840,0,78,0,0,0,LEADER,1,0,0,77,0,0,0,0,0,0,0,0,0,0,0
211643,10,bully,1807,1,0,0,77,0,1078,0,1,10,209836,1807,0,78,0,0,0,LEADER,1,0,0,77,0,0,0,0,0,0,0,0,0,0,0
211576,22,bully,1740,1,0,0,77,0,1078,0,1,22,209836,1740,0,78,0,0,0,LEADER,1,0,0,77,0,0,0,0,0,0,0,0,0,0,0
211722,21,bully,1889,1,0,0,77,0,1078,0,1,21,209833,1889,0,78,0,0,0,LEADER,1,0,0,77,0,0,0,0,0,0,0,0,0,0,0
211982,56,bully,2146,1,0,0,77,0,1078,0,1,56,209836,2146,0,78,0,0,0,LEADER,1,0,0,77,0,0,0,0,0,0,0,0,0,0,0
211507,60,bully,1671,1,0,0,77,0,1078,0,1,60,209836,1671,0,78,0,0,0,LEADER,1,0,0,77,0,0,0,0,0,0,0,0,0,0,0
212360,25,bully,1604,1,0,0,77,0,1078,0,1,25,210756,1604,0,78,0,0,0,LEADER,1,0,0,77,0,0,0,0,0,0,0,0,0,0,0
211573,65,bully,1737,1,0,0,77,0,1078,0,1,65,209836,1737,0,78,0,0,0,LEADER,1,0,0,77,0,0,0,0,0,0,0,0,0,0,0
212249,19,bully,2413,1,0,0,77,0,1078,0,1,19,209836,2413,0,78,0,0,0,LEADER,1,0,0,77,0,0,0,0,0,0,0,0,0,0,0
211879,69,bully,2043,1,0,0,77,0,1078,0,1,69,209836,2043,0,78,0,0,0,LEADER,1,0,0,77,0,0,0,0,0,0,0,0,0,0,0
212481,54,bully,1725,1,0,0,77,0,1078,0,1,54,210756,1725,0,78,0,0,0,LEADER,1,0,0,77,0,0,0,0,0,0,0,0,0,0,0
211828,17,bully,1992,1,0,0,77,0,1078,0,1,17,209836,1992,0,78,0,0,0,LEADER,1,0,0,77,0,0,0,0,0,0,0,0,0,0,0
212342,100,bully,1586,1,0,0,77,0,1078,0,1,100,210756,1586,0,78,0,0,0,LEADER,1,0,0,77,0,0,0,0,0,0,0,0,0,0,0
212116,1,bully,2293,1,0,0,12,11,168,154,1,1,209823,2293,0,11,0,0,0,LEADER,1,0,0,12,0,0,0,11,0,0,0,0,0,0,0
212305,16,bully,1549,1,0,0,77,0,1078,0,1,16,210756,1549,0,78,0,0,0,LEADER,1,0,0,77,0,0,0,0,0,0,0,0,0,0,0
211894,37,bully,2058,1,0,0,77,0,1078,0,1,37,209836,2058,0,78,0,0,0,LEADER,1,0,0,77,0,0,0,0,0,0,0,0,0,0,0
212530,13,bully,1774,1,0,0,77,0,1078,0,1,13,210756,1774,0,78,0,0,0,LEADER,1,0,0,77,0,0,0,0,0,0,0,0,0,0,0
211691,20,bully,1855,1,0,0,77,0,1078,0,1,20,209836,1855,0,78,0,0,0,LEADER,1,0,0,77,0,0,0,0,0,0,0,0,0,0,0
212323,41,bully,1567,1,0,0,77,0,1078,0,1,41,210756,1567,0,78,0,0,0,LEADER,1,0,0,77,0,0,0,0,0,0,0,0,0,0,0
212312,47,bully,1556,1,0,0,77,0,1078,0,1,47,210756,1556,0,78,0,0,0,LEADER,1,0,0,77,0,0,0,0,0,0,0,0,0,0,0
212138,95,bully,2301,1,0,0,77,0,1078,0,1,95,209837,2301,0,78,0,0,0,LEADER,1,0,0,77,0,0,0,0,0,0,0,0,0,0,0
212001,98,bully,2165,1,0,0,77,0,1078,0,1,98,209836,2165,0,78,0,0,0,LEADER,1,0,0,77,0,0,0,0,0,0,0,0,0,0,0
212185,73,bully,2349,1,0,0,77,0,1078,0,1,73,209836,2349,0,78,0,0,0,LEADER,1,0,0,77,0,0,0,0,0,0,0,0,0,0,0
212508,33,bully,1752,1,0,0,77,0,1078,0,1,33,210756,1752,0,78,0,0,0,LEADER,1,0,0,77,0,0,0,0,0,0,0,0,0,0,0
212478,97,bully,1722,1,0,0,77,0,1078,0,1,97,210756,1722,0,78,0,0,0,LEADER,1,0,0,77,0,0,0,0,0,0,0,0,0,0,0
211731,61,bully,1895,1,0,0,77,0,1078,0,1,61,209836,1895,0,78,0,0,0,LEADER,1,0,0,77,0,0,0,0,0,0,0,0,0,0,0
212678,40,bully,1922,1,0,0,77,0,1078,0,1,40,210756,1922,0,78,0,0,0,LEADER,1,0,0,77,0,0,0,0,0,0,0,0,0,0,0
212167,31,bully,2331,1,0,0,77,0,1078,0,1,31,209836,2331,0,78,0,0,0,LEADER,1,0,0,77,0,0,0,0,0,0,0,0,0,0,0
212668,29,bully,1910,1,0,0,77,0,1078,0,1,29,210758,1910,0,78,0,0,0,LEADER,1,0,0,77,0,0,0,0,0,0,0,0,0,0,0
212494,96,bully,1744,1,0,0,77,0,1078,0,1,96,210750,1744,0,78,0,0,0,LEADER,1,0,0,77,0,0,0,0,0,0,0,0,0,0,0
212581,84,bully,1825,1,0,0,77,0,1078,0,1,84,210756,1825,0,78,0,0,0,LEADER,1,0,0,77,0,0,0,0,0,0,0,0,0,0,0
212277,80,bully,1519,1,0,0,77,0,1078,0,1,80,210758,1519,0,78,0,0,0,LEADER,1,0,0,77,0,0,0,0,0,0,0,0,0,0,0
212119,53,bully,2283,1,0,0,77,0,1078,0,1,53,209836,2283,0,78,0,0,0,LEADER,1,0,0,77,0,0,0,0,0,0,0,0,0,0,0
212194,92,bully,1438,1,0,0,77,0,1078,0,1,92,210756,1438,0,78,0,0,0,LEADER,1,0,0,77,0,0,0,0,0,0,0,0,0,0,0
212366,91,bully,1619,1,0,0,77,0,1078,0,1,91,210747,1619,0,78,0,0,0,LEADER,1,0,0,77,0,0,0,0,0,0,0,0,0,0,0
212630,62,bully,1874,1,0,0,77,0,1078,0,1,62,210756,1874,0,78,0,0,0,LEADER,1,0,0,77,0,0,0,0,0,0,0,0,0,0,0
212327,15,bully,1571,1,0,0,77,0,1078,0,1,15,210756,1571,0,78,0,0,0,LEADER,1,0,0,77,0,0,0,0,0,0,0,0,0,0,0
211997,26,bully,2161,1,0,0,77,0,1078,0,1,26,209836,2161,0,78,0,0,0,LEADER,1,0,0,77,0,0,0,0,0,0,0,0,0,0,0
212733,49,bully,1977,1,0,0,77,0,1078,0,1,49,210756,1977,0,78,0,0,0,LEADER,1,0,0,77,0,0,0,0,0,0,0,0,0,0,0
212548,58,bully,1792,1,0,0,77,0,1078,0,1,58,210756,1792,0,78,0,0,0,LEADER,1,0,0,77,0,0,0,0,0,0,0,0,0,0,0
212082,86,bully,2246,1,0,0,77,0,1078,0,1,86,209836,2246,0,78,0,0,0,LEADER,1,0,0,77,0,0,0,0,0,0,0,0,0,0,0
212255,50,bully,2419,1,0,0,77,0,1078,0,1,50,209836,2419,0,78,0,0,0,LEADER,1,0,0,77,0,0,0,0,0,0,0,0,0,0,0
212104,85,bully,2268,1,0,0,77,0,1078,0,1,85,209836,2268,0,78,0,0,0,LEADER,1,0,0,77,0,0,0,0,0,0,0,0,0,0,0
212044,87,bully,2212,1,0,0,77,0,1078,0,1,87,209832,2212,0,78,0,0,0,LEADER,1,0,0,77,0,0,0,0,0,0,0,0,0,0,0
212252,64,bully,2416,1,0,0,77,0,1078,0,1,64,209836,2416,0,78,0,0,0,LEADER,1,0,0,77,0,0,0,0,0,0,0,0,0,0,0
212190,18,bully,1434,1,0,0,77,0,1078,0,1,18,210756,1434,0,78,0,0,0,LEADER,1,0,0,77,0,0,0,0,0,0,0,0,0,0,0
212101,11,bully,2264,1,0,0,77,0,1078,0,1,11,209837,2264,0,78,0,0,0,LEADER,1,0,0,77,0,0,0,0,0,0,0,0,0,0,0
212309,90,bully,1553,1,0,0,77,0,1078,0,1,90,210756,1553,0,78,0,0,0,LEADER,1,0,0,77,0,0,0,0,0,0,0,0,0,0,0
212203,35,bully,1447,1,0,0,77,0,1078,0,1,35,210756,1447,0,78,0,0,0,LEADER,1,0,0,77,0,0,0,0,0,0,0,0,0,0,0
212085,43,bully,2249,1,0,0,77,0,1078,0,1,43,209836,2249,0,78,0,0,0,LEADER,1,0,0,77,0,0,0,0,0,0,0,0,0,0,0
212223,28,bully,1467,1,0,0,77,0,1078,0,1,28,210756,1467,0,78,0,0,0,LEADER,1,0,0,77,0,0,0,0,0,0,0,0,0,0,0
212062,44,bully,2228,1,0,0,77,0,1078,0,1,44,209834,2228,0,78,0,0,0,LEADER,1,0,0,77,0,0,0,0,0,0,0,0,0,0,0
212897,23,bully,2141,1,0,0,77,0,1078,0,1,23,210756,2141,0,78,0,0,0,LEADER,1,0,0,77,0,0,0,0,0,0,0,0,0,0,0
212217,30,bully,1461,1,0,0,77,0,1078,0,1,30,210756,1461,0,78,0,0,0,LEADER,1,0,0,77,0,0,0,0,0,0,0,0,0,0,0
212615,94,bully,1859,1,0,0,77,0,1078,0,1,94,210756,1859,0,78,0,0,0,LEADER,1,0,0,77,0,0,0,0,0,0,0,0,0,0,0
212257,38,bully,1501,1,0,0,77,0,1078,0,1,38,210756,1501,0,78,0,0,0,LEADER,1,0,0,77,0,0,0,0,0,0,0,0,0,0,0
212936,66,bully,2180,1,0,0,77,0,1078,0,1,66,210756,2180,0,78,0,0,0,LEADER,1,0,0,77,0,0,0,0,0,0,0,0,0,0,0
212242,70,bully,1486,1,0,0,77,0,1078,0,1,70,210756,1486,0,78,0,0,0,LEADER,1,0,0,77,0,0,0,0,0,0,0,0,0,0,0
212887,88,bully,2131,1,0,0,77,0,1078,0,1,88,210756,2131,0,78,0,0,0,LEADER,1,0,0,77,0,0,0,0,0,0,0,0,0,0,0
212071,75,bully,2235,1,0,0,77,0,1078,0,1,75,209836,2235,0,78,0,0,0,LEADER,1,0,0,77,0,0,0,0,0,0,0,0,0,0,0
212081,12,bully,2243,1,0,0,77,0,1078,0,1,12,209838,2243,0,78,0,0,0,LEADER,1,0,0,77,0,0,0,0,0,0,0,0,0,0,0
212781,27,bully,2025,1,0,0,77,0,1078,0,1,27,210756,2025,0,78,0,0,0,LEADER,1,0,0,77,0,0,0,0,0,0,0,0,0,0,0
212270,42,bully,1514,1,0,0,77,0,1078,0,1,42,210756,1514,0,78,0,0,0,LEADER,1,0,0,77,0,0,0,0,0,0,0,0,0,0,0
212917,24,bully,2161,1,0,0,77,0,1078,0,1,24,210756,2161,0,78,0,0,0,LEADER,1,0,0,77,0,0,0,0,0,0,0,0,0,0,0
212869,46,bully,2113,1,0,0,77,0,1078,0,1,46,210756,2113,0,78,0,0,0,LEADER,1,0,0,77,0,0,0,0,0,0,0,0,0,0,0
212766,59,bully,2010,1,0,0,77,0,1078,0,1,59,210756,2010,0,78,0,0,0,LEADER,1,0,0,77,0,0,0,0,0,0,0,0,0,0,0
212394,34,bully,1637,1,0,0,77,0,1078,0,1,34,210757,1637,0,78,0,0,0,LEADER,1,0,0,77,0,0,0,0,0,0,0,0,0,0,0
213048,32,bully,2292,1,0,0,77,0,1078,0,1,32,210756,2292,0,78,0,0,0,LEADER,1,0,0,77,0,0,0,0,0,0,0,0,0,0,0
212663,72,bully,1907,1,0,0,77,0,1078,0,1,72,210756,1907,0,78,0,0,0,LEADER,1,0,0,77,0,0,0,0,0,0,0,0,0,0,0
213075,63,bully,2316,1,0,0,77,0,1078,0,1,63,210759,2316,0,78,0,0,0,LEADER,1,0,0,77,0,0,0,0,0,0,0,0,0,0,0
212548,74,bully,1792,1,0,0,77,0,1078,0,1,74,210756,1792,0,78,0,0,0,LEADER,1,0,0,77,0,0,0,0,0,0,0,0,0,0,0
212290,48,bully,1534,1,0,0,77,0,1078,0,1,48,210756,1534,0,78,0,0,0,LEADER,1,0,0,77,0,0,0,0,0,0,0,0,0,0,0
212753,57,bully,1995,1,0,0,77,0,1078,0,1,57,210758,1995,0,78,0,0,0,LEADER,1,0,0,77,0,0,0,0,0,0,0,0,0,0,0
212821,68,bully,2065,1,0,0,77,0,1078,0,1,68,210756,2065,0,78,0,0,0,LEADER,1,0,0,77,0,0,0,0,0,0,0,0,0,0,0
212222,45,bully,1466,1,0,0,77,0,1078,0,1,45,210756,1466,0,78,0,0,0,LEADER,1,0,0,77,0,0,0,0,0,0,0,0,0,0,0
212579,93,bully,1823,1,0,0,77,0,1078,0,1,93,210756,1823,0,78,0,0,0,LEADER,1,0,0,77,0,0,0,0,0,0,0,0,0,0,0
213160,82,bully,2404,1,0,0,77,0,1078,0,1,82,210756,2404,0,78,0,0,0,LEADER,1,0,0,77,0,0,0,0,0,0,0,0,0,0,0
213154,51,bully,2398,1,0,0,77,0,1078,0,1,51,210756,2398,0,78,0,0,0,LEADER,1,0,0,77,0,0,0,0,0,0,0,0,0,0,0
212699,39,bully,1943,1,0,0,77,0,1078,0,1,39,210756,1943,0,78,0,0,0,LEADER,1,0,0,77,0,0,0,0,0,0,0,0,0,0,0
212445,78,bully,1689,1,0,0,77,0,1078,0,1,78,210756,1689,0,78,0,0,0,LEADER,1,0,0,77,0,0,0,0,0,0,0,0,0,0,0
212833,79,bully,2077,1,0,0,77,0,1078,0,1,79,210756,2077,0,78,0,0,0,LEADER,1,0,0,77,0,0,0,0,0,0,0,0,0,0,0
212408,14,bully,1652,1,0,0,77,0,1078,0,1,14,210756,1652,0,78,0,0,0,LEADER,1,0,0,77,0,0,0,0,0,0,0,0,0,0,0
212835,36,bully,2080,1,0,0,77,0,1078,0,1,36,210755,2080,0,78,0,0,0,LEADER,1,0,0,77,0,0,0,0,0,0,0,0,0,0,0
212718,81,bully,1962,1,0,0,77,0,1078,0,1,81,210756,1962,0,78,0,0,0,LEADER,1,0,0,77,0,0,0,0,0,0,0,0,0,0,0
212378,67,bully,1622,1,0,0,77,0,1078,0,1,67,210756,1622,0,78,0,0,0,LEADER,1,0,0,77,0,0,0,0,0,0,0,0,0,0,0
213139,83,bully,2383,1,0,0,77,0,1078,0,1,83,210756,2383,0,78,0,0,0,LEADER,1,0,0,77,0,0,0,0,0,0,0,0,0,0,0
213283,99,bully,1607,1,0,0,77,0,1078,0,1,99,211676,1607,0,78,0,0,0,LEADER,1,0,0,77,0,0,0,0,0,0,0,0,0,0,0
212460,55,bully,1704,1,0,0,77,0,1078,0,1,55,210756,1704,0,78,0,0,0,LEADER,1,0,0,77,0,0,0,0,0,0,0,0,0,0,0
213250,89,bully,1574,1,0,0,77,0,1078,0,1,89,211676,1574,0,78,0,0,0,LEADER,1,0,0,77,0,0,0,0,0,0,0,0,0,0,0
212412,77,bully,1656,1,0,0,77,0,1078,0,1,77,210756,1656,0,78,0,0,0,LEADER,1,0,0,77,0,0,0,0,0,0,0,0,0,0,0
212684,71,bully,1928,1,0,0,77,0,1078,0,1,71,210756,1928,0,78,0,0,0,LEADER,1,0,0,77,0,0,0,0,0,0,0,0,0,0,0
212962,76,bully,2213,1,0,0,77,0,1078,0,1,76,210749,2213,0,78,0,0,0,LEADER,1,0,0,77,0,0,0,0,0,0,0,0,0,0,0
212596,52,bully,1840,1,0,0,77,0,1078,0,1,52,210756,1840,0,78,0,0,0,LEADER,1,0,0,77,0,0,0,0,0,0,0,0,0,0,0
212563,10,bully,1807,1,0,0,77,0,1078,0,1,10,210756,1807,0,78,0,0,0,LEADER,1,0,0,77,0,0,0,0,0,0,0,0,0,0,0
212496,22,bully,1740,1,0,0,77,0,1078,0,1,22,210756,1740,0,78,0,0,0,LEADER,1,0,0,77,0,0,0,0,0,0,0,0,0,0,0
212642,21,bully,1889,1,0,0,77,0,1078,0,1,21,210753,1889,0,78,0,0,0,LEADER,1,0,0,77,0,0,0,0,0,0,0,0,0,0,0
212902,56,bully,2146,1,0,0,77,0,1078,0,1,56,210756,2146,0,78,0,0,0,LEADER,1,0,0,77,0,0,0,0,0,0,0,0,0,0,0
212427,60,bully,1671,1,0,0,77,0,1078,0,1,60,210756,1671,0,78,0,0,0,LEADER,1,0,0,77,0,0,0,0,0,0,0,0,0,0,0
213280,25,bully,1604,1,0,0,77,0,1078,0,1,25,211676,1604,0,78,0,0,0,LEADER,1,0,0,77,0,0,0,0,0,0,0,0,0,0,0
212493,65,bully,1737,1,0,0,77,0,1078,0,1,65,210756,1737,0,78,0,0,0,LEADER,1,0,0,77,0,0,0,0,0,0,0,0,0,0,0
213169,19,bully,2413,1,0,0,77,0,1078,0,1,19,210756,2413,0,78,0,0,0,LEADER,1,0,0,77,0,0,0,0,0,0,0,0,0,0,0
212799,69,bully,2043,1,0,0,77,0,1078,0,1,69,210756,2043,0,78,0,0,0,LEADER,1,0,0,77,0,0,0,0,0,0,0,0,0,0,0
213401,54,bully,1725,1,0,0,77,0,1078,0,1,54,211676,1725,0,78,0,0,0,LEADER,1,0,0,77,0,0,0,0,0,0,0,0,0,0,0
212748,17,bully,1992,1,0,0,77,0,1078,0,1,17,210756,1992,0,78,0,0,0,LEADER,1,0,0,77,0,0,0,0,0,0,0,0,0,0,0
213262,100,bully,1586,1,0,0,77,0,1078,0,1,100,211676,1586,0,78,0,0,0,LEADER,1,0,0,77,0,0,0,0,0,0,0,0,0,0,0
213225,16,bully,1549,1,0,0,77,0,1078,0,1,16,211676,1549,0,78,0,0,0,LEADER,1,0,0,77,0,0,0,0,0,0,0,0,0,0,0
212814,37,bully,2058,1,0,0,77,0,1078,0,1,37,210756,2058,0,78,0,0,0,LEADER,1,0,0,77,0,0,0,0,0,0,0,0,0,0,0
213450,13,bully,1774,1,0,0,77,0,1078,0,1,13,211676,1774,0,78,0,0,0,LEADER,1,0,0,77,0,0,0,0,0,0,0,0,0,0,0
212611,20,bully,1855,1,0,0,77,0,1078,0,1,20,210756,1855,0,78,0,0,0,LEADER,1,0,0,77,0,0,0,0,0,0,0,0,0,0,0
213243,41,bully,1567,1,0,0,77,0,1078,0,1,41,211676,1567,0,78,0,0,0,LEADER,1,0,0,77,0,0,0,0,0,0,0,0,0,0,0
213232,47,bully,1556,1,0,0,77,0,1078,0,1,47,211676,1556,0,78,0,0,0,LEADER,1,0,0,77,0,0,0,0,0,0,0,0,0,0,0
213058,95,bully,2301,1,0,0,77,0,1078,0,1,95,210757,2301,0,78,0,0,0,LEADER,1,0,0,77,0,0,0,0,0,0,0,0,0,0,0
212921,98,bully,2165,1,0,0,77,0,1078,0,1,98,210756,2165,0,78,0,0,0,LEADER,1,0,0,77,0,0,0,0,0,0,0,0,0,0,0
213105,73,bully,2349,1,0,0,77,0,1078,0,1,73,210756,2349,0,78,0,0,0,LEADER,1,0,0,77,0,0,0,0,0,0,0,0,0,0,0
213428,33,bully,1752,1,0,0,77,0,1078,0,1,33,211676,1752,0,78,0,0,0,LEADER,1,0,0,77,0,0,0,0,0,0,0,0,0,0,0
213398,97,bully,1722,1,0,0,77,0,1078,0,1,97,211676,1722,0,78,0,0,0,LEADER,1,0,0,77,0,0,0,0,0,0,0,0,0,0,0
212651,61,bully,1895,1,0,0,77,0,1078,0,1,61,210756,1895,0,78,0,0,0,LEADER,1,0,0,77,0,0,0,0,0,0,0,0,0,0,0
213598,40,bully,1922,1,0,0,77,0,1078,0,1,40,211676,1922,0,78,0,0,0,LEADER,1,0,0,77,0,0,0,0,0,0,0,0,0,0,0
213087,31,bully,2331,1,0,0,77,0,1078,0,1,31,210756,2331,0,78,0,0,0,LEADER,1,0,0,77,0,0,0,0,0,0,0,0,0,0,0
213588,29,bully,1910,1,0,0,77,0,1078,0,1,29,211678,1910,0,78,0,0,0,LEADER,1,0,0,77,0,0,0,0,0,0,0,0,0,0,0
213414,96,bully,1744,1,0,0,77,0,1078,0,1,96,211670,1744,0,78,0,0,0,LEADER,1,0,0,77,0,0,0,0,0,0,0,0,0,0,0
213501,84,bully,1825,1,0,0,77,0,1078,0,1,84,211676,1825,0,78,0,0,0,LEADER,1,0,0,77,0,0,0,0,0,0,0,0,0,0,0
213197,80,bully,1519,1,0,0,77,0,1078,0,1,80,211678,1519,0,78,0,0,0,LEADER,1,0,0,77,0,0,0,0,0,0,0,0,0,0,0
213039,53,bully,2283,1,0,0,77,0,1078,0,1,53,210756,2283,0,78,0,0,0,LEADER,1,0,0,77,0,0,0,0,0,0,0,0,0,0,0
213114,92,bully,1438,1,0,0,77,0,1078,0,1,92,211676,1438,0,78,0,0,0,LEADER,1,0,0,77,0,0,0,0,0,0,0,0,0,0,0
213286,91,bully,1619,1,0,0,77,0,1078,0,1,91,211667,1619,0,78,0,0,0,LEADER,1,0,0,77,0,0,0,0,0,0,0,0,0,0,0
213550,62,bully,1874,1,0,0,77,0,1078,0,1,62,211676,1874,0,78,0,0,0,LEADER,1,0,0,77,0,0,0,0,0,0,0,0,0,0,0
213247,15,bully,1571,1,0,0,77,0,1078,0,1,15,211676,1571,0,78,0,0,0,LEADER,1,0,0,77,0,0,0,0,0,0,0,0,0,0,0
212917,26,bully,2161,1,0,0,77,0,1078,0,1,26,210756,2161,0,78,0,0,0,LEADER,1,0,0,77,0,0,0,0,0,0,0,0,0,0,0
213653,49,bully,1977,1,0,0,77,0,1078,0,1,49,211676,1977,0,78,0,0,0,LEADER,1,0,0,77,0,0,0,0,0,0,0,0,0,0,0
213468,58,bully,1792,1,0,0,77,0,1078,0,1,58,211676,1792,0,78,0,0,0,LEADER,1,0,0,77,0,0,0,0,0,0,0,0,0,0,0
213002,86,bully,2246,1,0,0,77,0,1078,0,1,86,210756,2246,0,78,0,0,0,LEADER,1,0,0,77,0,0,0,0,0,0,0,0,0,0,0
213175,50,bully,2419,1,0,0,77,0,1078,0,1,50,210756,2419,0,78,0,0,0,LEADER,1,0,0,77,0,0,0,0,0,0,0,0,0,0,0
213024,85,bully,2268,1,0,0,77,0,1078,0,1,85,210756,2268,0,78,0,0,0,LEADER,1,0,0,77,0,0,0,0,0,0,0,0,0,0,0
212964,87,bully,2212,1,0,0,77,0,1078,0,1,87,210752,2212,0,78,0,0,0,LEADER,1,0,0,77,0,0,0,0,0,0,0,0,0,0,0
213172,64,bully,2416,1,0,0,77,0,1078,0,1,64,210756,2416,0,78,0,0,0,LEADER,1,0,0,77,0,0,0,0,0,0,0,0,0,0,0
213110,18,bully,1434,1,0,0,77,0,1078,0,1,18,211676,1434,0,78,0,0,0,LEADER,1,0,0,77,0,0,0,0,0,0,0,0,0,0,0
213021,11,bully,2264,1,0,0,77,0,1078,0,1,11,210757,2264,0,78,0,0,0,LEADER,1,0,0,77,0,0,0,0,0,0,0,0,0,0,0
213229,90,bully,1553,1,0,0,77,0,1078,0,1,90,211676,1553,0,78,0,0,0,LEADER,1,0,0,77,0,0,0,0,0,0,0,0,0,0,0
213123,35,bully,1447,1,0,0,77,0,1078,0,1,35,211676,1447,0,78,0,0,0,LEADER,1,0,0,77,0,0,0,0,0,0,0,0,0,0,0
213005,43,bully,2249,1,0,0,77,0,1078,0,1,43,210756,2249,0,78,0,0,0,LEADER,1,0,0,77,0,0,0,0,0,0,0,0,0,0,0
213143,28,bully,1467,1,0,0,77,0,1078,0,1,28,211676,1467,0,78,0,0,0,LEADER,1,0,0,77,0,0,0,0,0,0,0,0,0,0,0
212982,44,bully,2228,1,0,0,77,0,1078,0,1,44,210754,2228,0,78,0,0,0,LEADER,1,0,0,77,0,0,0,0,0,0,0,0,0,0,0
213817,23,bully,2141,1,0,0,77,0,1078,0,1,23,211676,2141,0,78,0,0,0,LEADER,1,0,0,77,0,0,0,0,0,0,0,0,0,0,0
213137,30,bully,1461,1,0,0,77,0,1078,0,1,30,211676,1461,0,78,0,0,0,LEADER,1,0,0,77,0,0,0,0,0,0,0,0,0,0,0
213537,94,bully,1859,1,0,0,77,0,1078,0,1,94,211678,1859,0,78,0,0,0,LEADER,1,0,0,77,0,0,0,0,0,0,0,0,0,0,0
213177,38,bully,1501,1,0,0,77,0,1078,0,1,38,211676,1501,0,78,0,0,0,LEADER,1,0,0,77,0,0,0,0,0,0,0,0,0,0,0
213856,66,bully,2180,1,0,0,77,0,1078,0,1,66,211676,2180,0,78,0,0,0,LEADER,1,0,0,77,0,0,0,0,0,0,0,0,0,0,0
213162,70,bully,1486,1,0,0,77,0,1078,0,1,70,211676,1486,0,78,0,0,0,LEADER,1,0,0,77,0,0,0,0,0,0,0,0,0,0,0
213807,88,bully,2131,1,0,0,77,0,1078,0,1,88,211676,2131,0,78,0,0,0,LEADER,1,0,0,77,0,0,0,0,0,0,0,0,0,0,0
212991,75,bully,2235,1,0,0,77,0,1078,0,1,75,210756,2235,0,78,0,0,0,LEADER,1,0,0,77,0,0,0,0,0,0,0,0,0,0,0
213001,12,bully,2243,1,0,0,77,0,1078,0,1,12,210758,2243,0,78,0,0,0,LEADER,1,0,0,77,0,0,0,0,0,0,0,0,0,0,0
213701,27,bully,2025,1,0,0,77,0,1078,0,1,27,211676,2025,0,78,0,0,0,LEADER,1,0,0,77,0,0,0,0,0,0,0,0,0,0,0
213190,42,bully,1514,1,0,0,77,0,1078,0,1,42,211676,1514,0,78,0,0,0,LEADER,1,0,0,77,0,0,0,0,0,0,0,0,0,0,0
213837,24,bully,2161,1,0,0,77,0,1078,0,1,24,211676,2161,0,78,0,0,0,LEADER,1,0,0,77,0,0,0,0,0,0,0,0,0,0,0
213789,46,bully,2113,1,0,0,77,0,1078,0,1,46,211676,2113,0,78,0,0,0,LEADER,1,0,0,77,0,0,0,0,0,0,0,0,0,0,0
213686,59,bully,2010,1,0,0,77,0,1078,0,1,59,211676,2010,0,78,0,0,0,LEADER,1,0,0,77,0,0,0,0,0,0,0,0,0,0,0
213968,32,bully,2292,1,0,0,77,0,1078,0,1,32,211676,2292,0,78,0,0,0,LEADER,1,0,0,77,0,0,0,0,0,0,0,0,0,0,0
213314,34,bully,1637,1,0,0,77,0,1078,0,1,34,211677,1637,0,78,0,0,0,LEADER,1,0,0,77,0,0,0,0,0,0,0,0,0,0,0
213583,72,bully,1907,1,0,0,77,0,1078,0,1,72,211676,1907,0,78,0,0,0,LEADER,1,0,0,77,0,0,0,0,0,0,0,0,0,0,0
213995,63,bully,2316,1,0,0,77,0,1078,0,1,63,211679,2316,0,78,0,0,0,LEADER,1,0,0,77,0,0,0,0,0,0,0,0,0,0,0
213468,74,bully,1792,1,0,0,77,0,1078,0,1,74,211676,1792,0,78,0,0,0,LEADER,1,0,0,77,0,0,0,0,0,0,0,0,0,0,0
213210,48,bully,1534,1,0,0,77,0,1078,0,1,48,211676,1534,0,78,0,0,0,LEADER,1,0,0,77,0,0,0,0,0,0,0,0,0,0,0
213673,57,bully,1995,1,0,0,77,0,1078,0,1,57,211678,1995,0,78,0,0,0,LEADER,1,0,0,77,0,0,0,0,0,0,0,0,0,0,0
213741,68,bully,2065,1,0,0,77,0,1078,0,1,68,211676,2065,0,78,0,0,0,LEADER,1,0,0,77,0,0,0,0,0,0,0,0,0,0,0
213142,45,bully,1466,1,0,0,77,0,1078,0,1,45,211676,1466,0,78,0,0,0,LEADER,1,0,0,77,0,0,0,0,0,0,0,0,0,0,0
213499,93,bully,1823,1,0,0,77,0,1078,0,1,93,211676,1823,0,78,0,0,0,LEADER,1,0,0,77,0,0,0,0,0,0,0,0,0,0,0
214080,82,bully,2404,1,0,0,77,0,1078,0,1,82,211676,2404,0,78,0,0,0,LEADER,1,0,0,77,0,0,0,0,0,0,0,0,0,0,0
214074,51,bully,2398,1,0,0,77,0,1078,0,1,51,211676,2398,0,78,0,0,0,LEADER,1,0,0,77,0,0,0,0,0,0,0,0,0,0,0
213619,39,bully,1943,1,0,0,77,0,1078,0,1,39,211676,1943,0,78,0,0,0,LEADER,1,0,0,77,0,0,0,0,0,0,0,0,0,0,0
213365,78,bully,1689,1,0,0,77,0,1078,0,1,78,211676,1689,0,78,0,0,0,LEADER,1,0,0,77,0,0,0,0,0,0,0,0,0,0,0
213753,79,bully,2077,1,0,0,77,0,1078,0,1,79,211676,2077,0,78,0,0,0,LEADER,1,0,0,77,0,0,0,0,0,0,0,0,0,0,0
213328,14,bully,1652,1,0,0,77,0,1078,0,1,14,211676,1652,0,78,0,0,0,LEADER,1,0,0,77,0,0,0,0,0,0,0,0,0,0,0
213755,36,bully,2080,1,0,0,77,0,1078,0,1,36,211675,2080,0,78,0,0,0,LEADER,1,0,0,77,0,0,0,0,0,0,0,0,0,0,0
213638,81,bully,1962,1,0,0,77,0,1078,0,1,81,211676,1962,0,78,0,0,0,LEADER,1,0,0,77,0,0,0,0,0,0,0,0,0,0,0
213298,67,bully,1622,1,0,0,77,0,1078,0,1,67,211676,1622,0,78,0,0,0,LEADER,1,0,0,77,0,0,0,0,0,0,0,0,0,0,0
214059,83,bully,2383,1,0,0,77,0,1078,0,1,83,211676,2383,0,78,0,0,0,LEADER,1,0,0,77,0,0,0,0,0,0,0,0,0,0,0
214204,99,bully,1607,1,0,0,78,0,1092,0,1,99,212597,1607,0,79,0,0,0,LEADER,1,0,0,78,0,0,0,0,0,0,0,0,0,0,0
213380,55,bully,1704,1,0,0,77,0,1078,0,1,55,211676,1704,0,78,0,0,0,LEADER,1,0,0,77,0,0,0,0,0,0,0,0,0,0,0
214171,89,bully,1574,1,0,0,78,0,1092,0,1,89,212597,1574,0,79,0,0,0,LEADER,1,0,0,78,0,0,0,0,0,0,0,0,0,0,0
213332,77,bully,1656,1,0,0,77,0,1078,0,1,77,211676,1656,0,78,0,0,0,LEADER,1,0,0,77,0,0,0,0,0,0,0,0,0,0,0
213604,71,bully,1928,1,0,0,77,0,1078,0,1,71,211676,1928,0,78,0,0,0,LEADER,1,0,0,77,0,0,0,0,0,0,0,0,0,0,0
213882,76,bully,2213,1,0,0,77,0,1078,0,1,76,211669,2213,0,78,0,0,0,LEADER,1,0,0,77,0,0,0,0,0,0,0,0,0,0,0
213516,52,bully,1840,1,0,0,77,0,1078,0,1,52,211676,1840,0,78,0,0,0,LEADER,1,0,0,77,0,0,0,0,0,0,0,0,0,0,0
213483,10,bully,1807,1,0,0,77,0,1078,0,1,10,211676,1807,0,78,0,0,0,LEADER,1,0,0,77,0,0,0,0,0,0,0,0,0,0,0
213416,22,bully,1740,1,0,0,77,0,1078,0,1,22,211676,1740,0,78,0,0,0,LEADER,1,0,0,77,0,0,0,0,0,0,0,0,0,0,0
213562,21,bully,1889,1,0,0,77,0,1078,0,1,21,211673,1889,0,78,0,0,0,LEADER,1,0,0,77,0,0,0,0,0,0,0,0,0,0,0
213822,56,bully,2146,1,0,0,77,0,1078,0,1,56,211676,2146,0,78,0,0,0,LEADER,1,0,0,77,0,0,0,0,0,0,0,0,0,0,0
213347,60,bully,1671,1,0,0,77,0,1078,0,1,60,211676,1671,0,78,0,0,0,LEADER,1,0,0,77,0,0,0,0,0,0,0,0,0,0,0
214201,25,bully,1604,1,0,0,78,0,1092,0,1,25,212597,1604,0,79,0,0,0,LEADER,1,0,0,78,0,0,0,0,0,0,0,0,0,0,0
213413,65,bully,1737,1,0,0,77,0,1078,0,1,65,211676,1737,0,78,0,0,0,LEADER,1,0,0,77,0,0,0,0,0,0,0,0,0,0,0
214089,19,bully,2413,1,0,0,77,0,1078,0,1,19,211676,2413,0,78,0,0,0,LEADER,1,0,0,77,0,0,0,0,0,0,0,0,0,0,0
213719,69,bully,2043,1,0,0,77,0,1078,0,1,69,211676,2043,0,78,0,0,0,LEADER,1,0,0,77,0,0,0,0,0,0,0,0,0,0,0
214322,54,bully,1725,1,0,0,78,0,1092,0,1,54,212597,1725,0,79,0,0,0,LEADER,1,0,0,78,0,0,0,0,0,0,0,0,0,0,0
213668,17,bully,1992,1,0,0,77,0,1078,0,1,17,211676,1992,0,78,0,0,0,LEADER,1,0,0,77,0,0,0,0,0,0,0,0,0,0,0
214183,100,bully,1586,1,0,0,78,0,1092,0,1,100,212597,1586,0,79,0,0,0,LEADER,1,0,0,78,0,0,0,0,0,0,0,0,0,0,0
214146,16,bully,1549,1,0,0,78,0,1092,0,1,16,212597,1549,0,79,0,0,0,LEADER,1,0,0,78,0,0,0,0,0,0,0,0,0,0,0
213734,37,bully,2058,1,0,0,77,0,1078,0,1,37,211676,2058,0,78,0,0,0,LEADER,1,0,0,77,0,0,0,0,0,0,0,0,0,0,0
214371,13,bully,1774,1,0,0,78,0,1092,0,1,13,212597,1774,0,79,0,0,0,LEADER,1,0,0,78,0,0,0,0,0,0,0,0,0,0,0
213531,20,bully,1855,1,0,0,77,0,1078,0,1,20,211676,1855,0,78,0,0,0,LEADER,1,0,0,77,0,0,0,0,0,0,0,0,0,0,0
214164,41,bully,1567,1,0,0,78,0,1092,0,1,41,212597,1567,0,79,0,0,0,LEADER,1,0,0,78,0,0,0,0,0,0,0,0,0,0,0
214153,47,bully,1556,1,0,0,78,0,1092,0,1,47,212597,1556,0,79,0,0,0,LEADER,1,0,0,78,0,0,0,0,0,0,0,0,0,0,0
213978,95,bully,2301,1,0,0,77,0,1078,0,1,95,211677,2301,0,78,0,0,0,LEADER,1,0,0,77,0,0,0,0,0,0,0,0,0,0,0
213841,98,bully,2165,1,0,0,77,0,1078,0,1,98,211676,2165,0,78,0,0,0,LEADER,1,0,0,77,0,0,0,0,0,0,0,0,0,0,0
214025,73,bully,2349,1,0,0,77,0,1078,0,1,73,211676,2349,0,78,0,0,0,LEADER,1,0,0,77,0,0,0,0,0,0,0,0,0,0,0
213571,61,bully,1895,1,0,0,77,0,1078,0,1,61,211676,1895,0,78,0,0,0,LEADER,1,0,0,77,0,0,0,0,0,0,0,0,0,0,0
214319,97,bully,1722,1,0,0,78,0,1092,0,1,97,212597,1722,0,79,0,0,0,LEADER,1,0,0,78,0,0,0,0,0,0,0,0,0,0,0
214349,33,bully,1752,1,0,0,78,0,1092,0,1,33,212597,1752,0,79,0,0,0,LEADER,1,0,0,78,0,0,0,0,0,0,0,0,0,0,0
214007,31,bully,2331,1,0,0,77,0,1078,0,1,31,211676,2331,0,78,0,0,0,LEADER,1,0,0,77,0,0,0,0,0,0,0,0,0,0,0
214519,40,bully,1922,1,0,0,78,0,1092,0,1,40,212597,1922,0,79,0,0,0,LEADER,1,0,0,78,0,0,0,0,0,0,0,0,0,0,0
214509,29,bully,1910,1,0,0,78,0,1092,0,1,29,212599,1910,0,79,0,0,0,LEADER,1,0,0,78,0,0,0,0,0,0,0,0,0,0,0
214335,96,bully,1744,1,0,0,78,0,1092,0,1,96,212591,1744,0,79,0,0,0,LEADER,1,0,0,78,0,0,0,0,0,0,0,0,0,0,0
214422,84,bully,1825,1,0,0,78,0,1092,0,1,84,212597,1825,0,79,0,0,0,LEADER,1,0,0,78,0,0,0,0,0,0,0,0,0,0,0
214118,80,bully,1519,1,0,0,78,0,1092,0,1,80,212599,1519,0,79,0,0,0,LEADER,1,0,0,78,0,0,0,0,0,0,0,0,0,0,0
213959,53,bully,2283,1,0,0,77,0,1078,0,1,53,211676,2283,0,78,0,0,0,LEADER,1,0,0,77,0,0,0,0,0,0,0,0,0,0,0
214035,92,bully,1438,1,0,0,78,0,1092,0,1,92,212597,1438,0,79,0,0,0,LEADER,1,0,0,78,0,0,0,0,0,0,0,0,0,0,0
214207,91,bully,1619,1,0,0,78,0,1092,0,1,91,212588,1619,0,79,0,0,0,LEADER,1,0,0,78,0,0,0,0,0,0,0,0,0,0,0
214471,62,bully,1874,1,0,0,78,0,1092,0,1,62,212597,1874,0,79,0,0,0,LEADER,1,0,0,78,0,0,0,0,0,0,0,0,0,0,0
214168,15,bully,1571,1,0,0,78,0,1092,0,1,15,212597,1571,0,79,0,0,0,LEADER,1,0,0,78,0,0,0,0,0,0,0,0,0,0,0
213837,26,bully,2161,1,0,0,77,0,1078,0,1,26,211676,2161,0,78,0,0,0,LEADER,1,0,0,77,0,0,0,0,0,0,0,0,0,0,0
214574,49,bully,1977,1,0,0,78,0,1092,0,1,49,212597,1977,0,79,0,0,0,LEADER,1,0,0,78,0,0,0,0,0,0,0,0,0,0,0
214389,58,bully,1792,1,0,0,78,0,1092,0,1,58,212597,1792,0,79,0,0,0,LEADER,1,0,0,78,0,0,0,0,0,0,0,0,0,0,0
213922,86,bully,2246,1,0,0,77,0,1078,0,1,86,211676,2246,0,78,0,0,0,LEADER,1,0,0,77,0,0,0,0,0,0,0,0,0,0,0
214095,50,bully,2419,1,0,0,77,0,1078,0,1,50,211676,2419,0,78,0,0,0,LEADER,1,0,0,77,0,0,0,0,0,0,0,0,0,0,0
213944,85,bully,2268,1,0,0,77,0,1078,0,1,85,211676,2268,0,78,0,0,0,LEADER,1,0,0,77,0,0,0,0,0,0,0,0,0,0,0
213884,87,bully,2212,1,0,0,77,0,1078,0,1,87,211672,2212,0,78,0,0,0,LEADER,1,0,0,77,0,0,0,0,0,0,0,0,0,0,0
214092,64,bully,2416,1,0,0,77,0,1078,0,1,64,211676,2416,0,78,0,0,0,LEADER,1,0,0,77,0,0,0,0,0,0,0,0,0,0,0
213941,11,bully,2264,1,0,0,77,0,1078,0,1,11,211677,2264,0,78,0,0,0,LEADER,1,0,0,77,0,0,0,0,0,0,0,0,0,0,0
214031,18,bully,1434,1,0,0,78,0,1092,0,1,18,212597,1434,0,79,0,0,0,LEADER,1,0,0,78,0,0,0,0,0,0,0,0,0,0,0
214150,90,bully,1553,1,0,0,78,0,1092,0,1,90,212597,1553,0,79,0,0,0,LEADER,1,0,0,78,0,0,0,0,0,0,0,0,0,0,0
214044,35,bully,1447,1,0,0,78,0,1092,0,1,35,212597,1447,0,79,0,0,0,LEADER,1,0,0,78,0,0,0,0,0,0,0,0,0,0,0
213925,43,bully,2249,1,0,0,77,0,1078,0,1,43,211676,2249,0,78,0,0,0,LEADER,1,0,0,77,0,0,0,0,0,0,0,0,0,0,0
214064,28,bully,1467,1,0,0,78,0,1092,0,1,28,212597,1467,0,79,0,0,0,LEADER,1,0,0,78,0,0,0,0,0,0,0,0,0,0,0
213902,44,bully,2228,1,0,0,77,0,1078,0,1,44,211674,2228,0,78,0,0,0,LEADER,1,0,0,77,0,0,0,0,0,0,0,0,0,0,0
214738,23,bully,2141,1,0,0,78,0,1092,0,1,23,212597,2141,0,79,0,0,0,LEADER,1,0,0,78,0,0,0,0,0,0,0,0,0,0,0
214058,30,bully,1461,1,0,0,78,0,1092,0,1,30,212597,1461,0,79,0,0,0,LEADER,1,0,0,78,0,0,0,0,0,0,0,0,0,0,0
214458,94,bully,1859,1,0,0,78,0,1092,0,1,94,212599,1859,0,79,0,0,0,LEADER,1,0,0,78,0,0,0,0,0,0,0,0,0,0,0
214098,38,bully,1501,1,0,0,78,0,1092,0,1,38,212597,1501,0,79,0,0,0,LEADER,1,0,0,78,0,0,0,0,0,0,0,0,0,0,0
214777,66,bully,2180,1,0,0,78,0,1092,0,1,66,212597,2180,0,79,0,0,0,LEADER,1,0,0,78,0,0,0,0,0,0,0,0,0,0,0
214083,70,bully,1486,1,0,0,78,0,1092,0,1,70,212597,1486,0,79,0,0,0,LEADER,1,0,0,78,0,0,0,0,0,0,0,0,0,0,0
214728,88,bully,2131,1,0,0,78,0,1092,0,1,88,212597,2131,0,79,0,0,0,LEADER,1,0,0,78,0,0,0,0,0,0,0,0,0,0,0
213911,75,bully,2235,1,0,0,77,0,1078,0,1,75,211676,2235,0,78,0,0,0,LEADER,1,0,0,77,0,0,0,0,0,0,0,0,0,0,0
213921,12,bully,2243,1,0,0,77,0,1078,0,1,12,211678,2243,0,78,0,0,0,LEADER,1,0,0,77,0,0,0,0,0,0,0,0,0,0,0
214622,27,bully,2025,1,0,0,78,0,1092,0,1,27,212597,2025,0,79,0,0,0,LEADER,1,0,0,78,0,0,0,0,0,0,0,0,0,0,0
214111,42,bully,1514,1,0,0,78,0,1092,0,1,42,212597,1514,0,79,0,0,0,LEADER,1,0,0,78,0,0,0,0,0,0,0,0,0,0,0
214758,24,bully,2161,1,0,0,78,0,1092,0,1,24,212597,2161,0,79,0,0,0,LEADER,1,0,0,78,0,0,0,0,0,0,0,0,0,0,0
214710,46,bully,2113,1,0,0,78,0,1092,0,1,46,212597,2113,0,79,0,0,0,LEADER,1,0,0,78,0,0,0,0,0,0,0,0,0,0,0
214607,59,bully,2010,1,0,0,78,0,1092,0,1,59,212597,2010,0,79,0,0,0,LEADER,1,0,0,78,0,0,0,0,0,0,0,0,0,0,0
214235,34,bully,1637,1,0,0,78,0,1092,0,1,34,212598,1637,0,79,0,0,0,LEADER,1,0,0,78,0,0,0,0,0,0,0,0,0,0,0
214889,32,bully,2292,1,0,0,78,0,1092,0,1,32,212597,2292,0,79,0,0,0,LEADER,1,0,0,78,0,0,0,0,0,0,0,0,0,0,0
214504,72,bully,1907,1,0,0,78,0,1092,0,1,72,212597,1907,0,79,0,0,0,LEADER,1,0,0,78,0,0,0,0,0,0,0,0,0,0,0
214916,63,bully,2316,1,0,0,78,0,1092,0,1,63,212600,2316,0,79,0,0,0,LEADER,1,0,0,78,0,0,0,0,0,0,0,0,0,0,0
214389,74,bully,1792,1,0,0,78,0,1092,0,1,74,212597,1792,0,79,0,0,0,LEADER,1,0,0,78,0,0,0,0,0,0,0,0,0,0,0
214131,48,bully,1534,1,0,0,78,0,1092,0,1,48,212597,1534,0,79,0,0,0,LEADER,1,0,0,78,0,0,0,0,0,0,0,0,0,0,0
214594,57,bully,1995,1,0,0,78,0,1092,0,1,57,212599,1995,0,79,0,0,0,LEADER,1,0,0,78,0,0,0,0,0,0,0,0,0,0,0
214662,68,bully,2065,1,0,0,78,0,1092,0,1,68,212597,2065,0,79,0,0,0,LEADER,1,0,0,78,0,0,0,0,0,0,0,0,0,0,0
214063,45,bully,1466,1,0,0,78,0,1092,0,1,45,212597,1466,0,79,0,0,0,LEADER,1,0,0,78,0,0,0,0,0,0,0,0,0,0,0
214420,93,bully,1823,1,0,0,78,0,1092,0,1,93,212597,1823,0,79,0,0,0,LEADER,1,0,0,78,0,0,0,0,0,0,0,0,0,0,0
215001,82,bully,2404,1,0,0,78,0,1092,0,1,82,212597,2404,0,79,0,0,0,LEADER,1,0,0,78,0,0,0,0,0,0,0,0,0,0,0
214995,51,bully,2398,1,0,0,78,0,1092,0,1,51,212597,2398,0,79,0,0,0,LEADER,1,0,0,78,0,0,0,0,0,0,0,0,0,0,0
214540,39,bully,1943,1,0,0,78,0,1092,0,1,39,212597,1943,0,79,0,0,0,LEADER,1,0,0,78,0,0,0,0,0,0,0,0,0,0,0
214286,78,bully,1689,1,0,0,78,0,1092,0,1,78,212597,1689,0,79,0,0,0,LEADER,1,0,0,78,0,0,0,0,0,0,0,0,0,0,0
214674,79,bully,2077,1,0,0,78,0,1092,0,1,79,212597,2077,0,79,0,0,0,LEADER,1,0,0,78,0,0,0,0,0,0,0,0,0,0,0
214249,14,bully,1652,1,0,0,78,0,1092,0,1,14,212597,1652,0,79,0,0,0,LEADER,1,0,0,78,0,0,0,0,0,0,0,0,0,0,0
214676,36,bully,2080,1,0,0,78,0,1092,0,1,36,212596,2080,0,79,0,0,0,LEADER,1,0,0,78,0,0,0,0,0,0,0,0,0,0,0
214559,81,bully,1962,1,0,0,78,0,1092,0,1,81,212597,1962,0,79,0,0,0,LEADER,1,0,0,78,0,0,0,0,0,0,0,0,0,0,0
214219,67,bully,1622,1,0,0,78,0,1092,0,1,67,212597,1622,0,79,0,0,0,LEADER,1,0,0,78,0,0,0,0,0,0,0,0,0,0,0
214980,83,bully,2383,1,0,0,78,0,1092,0,1,83,212597,2383,0,79,0,0,0,LEADER,1,0,0,78,0,0,0,0,0,0,0,0,0,0,0
215124,99,bully,1607,1,0,0,78,0,1092,0,1,99,213517,1607,0,79,0,0,0,LEADER,1,0,0,78,0,0,0,0,0,0,0,0,0,0,0
214301,55,bully,1704,1,0,0,78,0,1092,0,1,55,212597,1704,0,79,0,0,0,LEADER,1,0,0,78,0,0,0,0,0,0,0,0,0,0,0
215091,89,bully,1574,1,0,0,78,0,1092,0,1,89,213517,1574,0,79,0,0,0,LEADER,1,0,0,78,0,0,0,0,0,0,0,0,0,0,0
214253,77,bully,1656,1,0,0,78,0,1092,0,1,77,212597,1656,0,79,0,0,0,LEADER,1,0,0,78,0,0,0,0,0,0,0,0,0,0,0
214525,71,bully,1928,1,0,0,78,0,1092,0,1,71,212597,1928,0,79,0,0,0,LEADER,1,0,0,78,0,0,0,0,0,0,0,0,0,0,0
214803,76,bully,2213,1,0,0,78,0,1092,0,1,76,212590,2213,0,79,0,0,0,LEADER,1,0,0,78,0,0,0,0,0,0,0,0,0,0,0
214437,52,bully,1840,1,0,0,78,0,1092,0,1,52,212597,1840,0,79,0,0,0,LEADER,1,0,0,78,0,0,0,0,0,0,0,0,0,0,0
214404,10,bully,1807,1,0,0,78,0,1092,0,1,10,212597,1807,0,79,0,0,0,LEADER,1,0,0,78,0,0,0,0,0,0,0,0,0,0,0
214337,22,bully,1740,1,0,0,78,0,1092,0,1,22,212597,1740,0,79,0,0,0,LEADER,1,0,0,78,0,0,0,0,0,0,0,0,0,0,0
214483,21,bully,1889,1,0,0,78,0,1092,0,1,21,212594,1889,0,79,0,0,0,LEADER,1,0,0,78,0,0,0,0,0,0,0,0,0,0,0
214743,56,bully,2146,1,0,0,78,0,1092,0,1,56,212597,2146,0,79,0,0,0,LEADER,1,0,0,78,0,0,0,0,0,0,0,0,0,0,0
214268,60,bully,1671,1,0,0,78,0,1092,0,1,60,212597,1671,0,79,0,0,0,LEADER,1,0,0,78,0,0,0,0,0,0,0,0,0,0,0
215121,25,bully,1604,1,0,0,78,0,1092,0,1,25,213517,1604,0,79,0,0,0,LEADER,1,0,0,78,0,0,0,0,0,0,0,0,0,0,0
214334,65,bully,1737,1,0,0,78,0,1092,0,1,65,212597,1737,0,79,0,0,0,LEADER,1,0,0,78,0,0,0,0,0,0,0,0,0,0,0
215010,19,bully,2413,1,0,0,78,0,1092,0,1,19,212597,2413,0,79,0,0,0,LEADER,1,0,0,78,0,0,0,0,0,0,0,0,0,0,0
214640,69,bully,2043,1,0,0,78,0,1092,0,1,69,212597,2043,0,79,0,0,0,LEADER,1,0,0,78,0,0,0,0,0,0,0,0,0,0,0
215242,54,bully,1725,1,0,0,78,0,1092,0,1,54,213517,1725,0,79,0,0,0,LEADER,1,0,0,78,0,0,0,0,0,0,0,0,0,0,0
214589,17,bully,1992,1,0,0,78,0,1092,0,1,17,212597,1992,0,79,0,0,0,LEADER,1,0,0,78,0,0,0,0,0,0,0,0,0,0,0
215103,100,bully,1586,1,0,0,78,0,1092,0,1,100,213517,1586,0,79,0,0,0,LEADER,1,0,0,78,0,0,0,0,0,0,0,0,0,0,0
215066,16,bully,1549,1,0,0,78,0,1092,0,1,16,213517,1549,0,79,0,0,0,LEADER,1,0,0,78,0,0,0,0,0,0,0,0,0,0,0
214655,37,bully,2058,1,0,0,78,0,1092,0,1,37,212597,2058,0,79,0,0,0,LEADER,1,0,0,78,0,0,0,0,0,0,0,0,0,0,0
215291,13,bully,1774,1,0,0,78,0,1092,0,1,13,213517,1774,0,79,0,0,0,LEADER,1,0,0,78,0,0,0,0,0,0,0,0,0,0,0
214452,20,bully,1855,1,0,0,78,0,1092,0,1,20,212597,1855,0,79,0,0,0,LEADER,1,0,0,78,0,0,0,0,0,0,0,0,0,0,0
215084,41,bully,1567,1,0,0,78,0,1092,0,1,41,213517,1567,0,79,0,0,0,LEADER,1,0,0,78,0,0,0,0,0,0,0,0,0,0,0
215073,47,bully,1556,1,0,0,78,0,1092,0,1,47,213517,1556,0,79,0,0,0,LEADER,1,0,0,78,0,0,0,0,0,0,0,0,0,0,0
214899,95,bully,2301,1,0,0,78,0,1092,0,1,95,212598,2301,0,79,0,0,0,LEADER,1,0,0,78,0,0,0,0,0,0,0,0,0,0,0
214762,98,bully,2165,1,0,0,78,0,1092,0,1,98,212597,2165,0,79,0,0,0,LEADER,1,0,0,78,0,0,0,0,0,0,0,0,0,0,0
214946,73,bully,2349,1,0,0,78,0,1092,0,1,73,212597,2349,0,79,0,0,0,LEADER,1,0,0,78,0,0,0,0,0,0,0,0,0,0,0
215269,33,bully,1752,1,0,0,78,0,1092,0,1,33,213517,1752,0,79,0,0,0,LEADER,1,0,0,78,0,0,0,0,0,0,0,0,0,0,0
215239,97,bully,1722,1,0,0,78,0,1092,0,1,97,213517,1722,0,79,0,0,0,LEADER,1,0,0,78,0,0,0,0,0,0,0,0,0,0,0
214492,61,bully,1895,1,0,0,78,0,1092,0,1,61,212597,1895,0,79,0,0,0,LEADER,1,0,0,78,0,0,0,0,0,0,0,0,0,0,0
215439,40,bully,1922,1,0,0,78,0,1092,0,1,40,213517,1922,0,79,0,0,0,LEADER,1,0,0,78,0,0,0,0,0,0,0,0,0,0,0
214928,31,bully,2331,1,0,0,78,0,1092,0,1,31,212597,2331,0,79,0,0,0,LEADER,1,0,0,78,0,0,0,0,0,0,0,0,0,0,0
215429,29,bully,1910,1,0,0,78,0,1092,0,1,29,213519,1910,0,79,0,0,0,LEADER,1,0,0,78,0,0,0,0,0,0,0,0,0,0,0
215255,96,bully,1744,1,0,0,78,0,1092,0,1,96,213511,1744,0,79,0,0,0,LEADER,1,0,0,78,0,0,0,0,0,0,0,0,0,0,0
215342,84,bully,1825,1,0,0,78,0,1092,0,1,84,213517,1825,0,79,0,0,0,LEADER,1,0,0,78,0,0,0,0,0,0,0,0,0,0,0
215038,80,bully,1519,1,0,0,78,0,1092,0,1,80,213519,1519,0,79,0,0,0,LEADER,1,0,0,78,0,0,0,0,0,0,0,0,0,0,0
214880,53,bully,2283,1,0,0,78,0,1092,0,1,53,212597,2283,0,79,0,0,0,LEADER,1,0,0,78,0,0,0,0,0,0,0,0,0,0,0
214955,92,bully,1438,1,0,0,78,0,1092,0,1,92,213517,1438,0,79,0,0,0,LEADER,1,0,0,78,0,0,0,0,0,0,0,0,0,0,0
215127,91,bully,1619,1,0,0,78,0,1092,0,1,91,213508,1619,0,79,0,0,0,LEADER,1,0,0,78,0,0,0,0,0,0,0,0,0,0,0
215391,62,bully,1874,1,0,0,78,0,1092,0,1,62,213517,1874,0,79,0,0,0,LEADER,1,0,0,78,0,0,0,0,0,0,0,0,0,0,0
215088,15,bully,1571,1,0,0,78,0,1092,0,1,15,213517,1571,0,79,0,0,0,LEADER,1,0,0,78,0,0,0,0,0,0,0,0,0,0,0
214758,26,bully,2161,1,0,0,78,0,1092,0,1,26,212597,2161,0,79,0,0,0,LEADER,1,0,0,78,0,0,0,0,0,0,0,0,0,0,0
215494,49,bully,1977,1,0,0,78,0,1092,0,1,49,213517,1977,0,79,0,0,0,LEADER,1,0,0,78,0,0,0,0,0,0,0,0,0,0,0
215309,58,bully,1792,1,0,0,78,0,1092,0,1,58,213517,1792,0,79,0,0,0,LEADER,1,0,0,78,0,0,0,0,0,0,0,0,0,0,0
214843,86,bully,2246,1,0,0,78,0,1092,0,1,86,212597,2246,0,79,0,0,0,LEADER,1,0,0,78,0,0,0,0,0,0,0,0,0,0,0
215016,50,bully,2419,1,0,0,78,0,1092,0,1,50,212597,2419,0,79,0,0,0,LEADER,1,0,0,78,0,0,0,0,0,0,0,0,0,0,0
214865,85,bully,2268,1,0,0,78,0,1092,0,1,85,212597,2268,0,79,0,0,0,LEADER,1,0,0,78,0,0,0,0,0,0,0,0,0,0,0
214805,87,bully,2212,1,0,0,78,0,1092,0,1,87,212593,2212,0,79,0,0,0,LEADER,1,0,0,78,0,0,0,0,0,0,0,0,0,0,0
215013,64,bully,2416,1,0,0,78,0,1092,0,1,64,212597,2416,0,79,0,0,0,LEADER,1,0,0,78,0,0,0,0,0,0,0,0,0,0,0
214951,18,bully,1434,1,0,0,78,0,1092,0,1,18,213517,1434,0,79,0,0,0,LEADER,1,0,0,78,0,0,0,0,0,0,0,0,0,0,0
214862,11,bully,2264,1,0,0,78,0,1092,0,1,11,212598,2264,0,79,0,0,0,LEADER,1,0,0,78,0,0,0,0,0,0,0,0,0,0,0
215070,90,bully,1553,1,0,0,78,0,1092,0,1,90,213517,1553,0,79,0,0,0,LEADER,1,0,0,78,0,0,0,0,0,0,0,0,0,0,0
214964,35,bully,1447,1,0,0,78,0,1092,0,1,35,213517,1447,0,79,0,0,0,LEADER,1,0,0,78,0,0,0,0,0,0,0,0,0,0,0
214846,43,bully,2249,1,0,0,78,0,1092,0,1,43,212597,2249,0,79,0,0,0,LEADER,1,0,0,78,0,0,0,0,0,0,0,0,0,0,0
214984,28,bully,1467,1,0,0,78,0,1092,0,1,28,213517,1467,0,79,0,0,0,LEADER,1,0,0,78,0,0,0,0,0,0,0,0,0,0,0
214823,44,bully,2228,1,0,0,78,0,1092,0,1,44,212595,2228,0,79,0,0,0,LEADER,1,0,0,78,0,0,0,0,0,0,0,0,0,0,0
215658,23,bully,2141,1,0,0,78,0,1092,0,1,23,213517,2141,0,79,0,0,0,LEADER,1,0,0,78,0,0,0,0,0,0,0,0,0,0,0
214978,30,bully,1461,1,0,0,78,0,1092,0,1,30,213517,1461,0,79,0,0,0,LEADER,1,0,0,78,0,0,0,0,0,0,0,0,0,0,0
215378,94,bully,1859,1,0,0,78,0,1092,0,1,94,213519,1859,0,79,0,0,0,LEADER,1,0,0,78,0,0,0,0,0,0,0,0,0,0,0
215018,38,bully,1501,1,0,0,78,0,1092,0,1,38,213517,1501,0,79,0,0,0,LEADER,1,0,0,78,0,0,0,0,0,0,0,0,0,0,0
215697,66,bully,2180,1,0,0,78,0,1092,0,1,66,213517,2180,0,79,0,0,0,LEADER,1,0,0,78,0,0,0,0,0,0,0,0,0,0,0
215003,70,bully,1486,1,0,0,78,0,1092,0,1,70,213517,1486,0,79,0,0,0,LEADER,1,0,0,78,0,0,0,0,0,0,0,0,0,0,0
215648,88,bully,2131,1,0,0,78,0,1092,0,1,88,213517,2131,0,79,0,0,0,LEADER,1,0,0,78,0,0,0,0,0,0,0,0,0,0,0
214832,75,bully,2235,1,0,0,78,0,1092,0,1,75,212597,2235,0,79,0,0,0,LEADER,1,0,0,78,0,0,0,0,0,0,0,0,0,0,0
214842,12,bully,2243,1,0,0,78,0,1092,0,1,12,212599,2243,0,79,0,0,0,LEADER,1,0,0,78,0,0,0,0,0,0,0,0,0,0,0
215542,27,bully,2025,1,0,0,78,0,1092,0,1,27,213517,2025,0,79,0,0,0,LEADER,1,0,0,78,0,0,0,0,0,0,0,0,0,0,0
215031,42,bully,1514,1,0,0,78,0,1092,0,1,42,213517,1514,0,79,0,0,0,LEADER,1,0,0,78,0,0,0,0,0,0,0,0,0,0,0
215678,24,bully,2161,1,0,0,78,0,1092,0,1,24,213517,2161,0,79,0,0,0,LEADER,1,0,0,78,0,0,0,0,0,0,0,0,0,0,0
215630,46,bully,2113,1,0,0,78,0,1092,0,1,46,213517,2113,0,79,0,0,0,LEADER,1,0,0,78,0,0,0,0,0,0,0,0,0,0,0
215527,59,bully,2010,1,0,0,78,0,1092,0,1,59,213517,2010,0,79,0,0,0,LEADER,1,0,0,78,0,0,0,0,0,0,0,0,0,0,0
215155,34,bully,1637,1,0,0,78,0,1092,0,1,34,213518,1637,0,79,0,0,0,LEADER,1,0,0,78,0,0,0,0,0,0,0,0,0,0,0
215809,32,bully,2292,1,0,0,78,0,1092,0,1,32,213517,2292,0,79,0,0,0,LEADER,1,0,0,78,0,0,0,0,0,0,0,0,0,0,0
215424,72,bully,1907,1,0,0,78,0,1092,0,1,72,213517,1907,0,79,0,0,0,LEADER,1,0,0,78,0,0,0,0,0,0,0,0,0,0,0
215836,63,bully,2316,1,0,0,78,0,1092,0,1,63,213520,2316,0,79,0,0,0,LEADER,1,0,0,78,0,0,0,0,0,0,0,0,0,0,0
215309,74,bully,1792,1,0,0,78,0,1092,0,1,74,213517,1792,0,79,0,0,0,LEADER,1,0,0,78,0,0,0,0,0,0,0,0,0,0,0
215051,48,bully,1534,1,0,0,78,0,1092,0,1,48,213517,1534,0,79,0,0,0,LEADER,1,0,0,78,0,0,0,0,0,0,0,0,0,0,0
215514,57,bully,1995,1,0,0,78,0,1092,0,1,57,213519,1995,0,79,0,0,0,LEADER,1,0,0,78,0,0,0,0,0,0,0,0,0,0,0
215582,68,bully,2065,1,0,0,78,0,1092,0,1,68,213517,2065,0,79,0,0,0,LEADER,1,0,0,78,0,0,0,0,0,0,0,0,0,0,0
214983,45,bully,1466,1,0,0,78,0,1092,0,1,45,213517,1466,0,79,0,0,0,LEADER,1,0,0,78,0,0,0,0,0,0,0,0,0,0,0
215340,93,bully,1823,1,0,0,78,0,1092,0,1,93,213517,1823,0,79,0,0,0,LEADER,1,0,0,78,0,0,0,0,0,0,0,0,0,0,0
215921,82,bully,2404,1,0,0,78,0,1092,0,1,82,213517,2404,0,79,0,0,0,LEADER,1,0,0,78,0,0,0,0,0,0,0,0,0,0,0
215915,51,bully,2398,1,0,0,78,0,1092,0,1,51,213517,2398,0,79,0,0,0,LEADER,1,0,0,78,0,0,0,0,0,0,0,0,0,0,0
215460,39,bully,1943,1,0,0,78,0,1092,0,1,39,213517,1943,0,79,0,0,0,LEADER,1,0,0,78,0,0,0,0,0,0,0,0,0,0,0
215206,78,bully,1689,1,0,0,78,0,1092,0,1,78,213517,1689,0,79,0,0,0,LEADER,1,0,0,78,0,0,0,0,0,0,0,0,0,0,0
215594,79,bully,2077,1,0,0,78,0,1092,0,1,79,213517,2077,0,79,0,0,0,LEADER,1,0,0,78,0,0,0,0,0,0,0,0,0,0,0
215169,14,bully,1652,1,0,0,78,0,1092,0,1,14,213517,1652,0,79,0,0,0,LEADER,1,0,0,78,0,0,0,0,0,0,0,0,0,0,0
215596,36,bully,2080,1,0,0,78,0,1092,0,1,36,213516,2080,0,79,0,0,0,LEADER,1,0,0,78,0,0,0,0,0,0,0,0,0,0,0
215479,81,bully,1962,1,0,0,78,0,1092,0,1,81,213517,1962,0,79,0,0,0,LEADER,1,0,0,78,0,0,0,0,0,0,0,0,0,0,0
215139,67,bully,1622,1,0,0,78,0,1092,0,1,67,213517,1622,0,79,0,0,0,LEADER,1,0,0,78,0,0,0,0,0,0,0,0,0,0,0
215900,83,bully,2383,1,0,0,78,0,1092,0,1,83,213517,2383,0,79,0,0,0,LEADER,1,0,0,78,0,0,0,0,0,0,0,0,0,0,0
216044,99,bully,1607,1,0,0,78,0,1092,0,1,99,214437,1607,0,79,0,0,0,LEADER,1,0,0,78,0,0,0,0,0,0,0,0,0,0,0
215221,55,bully,1704,1,0,0,78,0,1092,0,1,55,213517,1704,0,79,0,0,0,LEADER,1,0,0,78,0,0,0,0,0,0,0,0,0,0,0
216011,89,bully,1574,1,0,0,78,0,1092,0,1,89,214437,1574,0,79,0,0,0,LEADER,1,0,0,78,0,0,0,0,0,0,0,0,0,0,0
215173,77,bully,1656,1,0,0,78,0,1092,0,1,77,213517,1656,0,79,0,0,0,LEADER,1,0,0,78,0,0,0,0,0,0,0,0,0,0,0
215445,71,bully,1928,1,0,0,78,0,1092,0,1,71,213517,1928,0,79,0,0,0,LEADER,1,0,0,78,0,0,0,0,0,0,0,0,0,0,0
215723,76,bully,2213,1,0,0,78,0,1092,0,1,76,213510,2213,0,79,0,0,0,LEADER,1,0,0,78,0,0,0,0,0,0,0,0,0,0,0
215357,52,bully,1840,1,0,0,78,0,1092,0,1,52,213517,1840,0,79,0,0,0,LEADER,1,0,0,78,0,0,0,0,0,0,0,0,0,0,0
215324,10,bully,1807,1,0,0,78,0,1092,0,1,10,213517,1807,0,79,0,0,0,LEADER,1,0,0,78,0,0,0,0,0,0,0,0,0,0,0
215257,22,bully,1740,1,0,0,78,0,1092,0,1,22,213517,1740,0,79,0,0,0,LEADER,1,0,0,78,0,0,0,0,0,0,0,0,0,0,0
215403,21,bully,1889,1,0,0,78,0,1092,0,1,21,213514,1889,0,79,0,0,0,LEADER,1,0,0,78,0,0,0,0,0,0,0,0,0,0,0
215663,56,bully,2146,1,0,0,78,0,1092,0,1,56,213517,2146,0,79,0,0,0,LEADER,1,0,0,78,0,0,0,0,0,0,0,0,0,0,0
215188,60,bully,1671,1,0,0,78,0,1092,0,1,60,213517,1671,0,79,0,0,0,LEADER,1,0,0,78,0,0,0,0,0,0,0,0,0,0,0
216041,25,bully,1604,1,0,0,78,0,1092,0,1,25,214437,1604,0,79,0,0,0,LEADER,1,0,0,78,0,0,0,0,0,0,0,0,0,0,0
215254,65,bully,1737,1,0,0,78,0,1092,0,1,65,213517,1737,0,79,0,0,0,LEADER,1,0,0,78,0,0,0,0,0,0,0,0,0,0,0
215319,3,bully,1903,1,0,0,11,25,154,350,4,2,213416,1903,0,8,0,0,0,NORMAL,0,0,0,11,0,0,0,25,0,0,0,0,0,0,0
215930,19,bully,2413,1,0,0,78,0,1092,0,1,19,213517,2413,0,79,0,0,0,LEADER,1,0,0,78,0,0,0,0,0,0,0,0,0,0,0
215560,69,bully,2043,1,0,0,78,0,1092,0,1,69,213517,2043,0,79,0,0,0,LEADER,1,0,0,78,0,0,0,0,0,0,0,0,0,0,0
216162,54,bully,1725,1,0,0,78,0,1092,0,1,54,214437,1725,0,79,0,0,0,LEADER,1,0,0,78,0,0,0,0,0,0,0,0,0,0,0
215509,17,bully,1992,1,0,0,78,0,1092,0,1,17,213517,1992,0,79,0,0,0,LEADER,1,0,0,78,0,0,0,0,0,0,0,0,0,0,0
216023,100,bully,1586,1,0,0,78,0,1092,0,1,100,214437,1586,0,79,0,0,0,LEADER,1,0,0,78,0,0,0,0,0,0,0,0,0,0,0
215986,16,bully,1549,1,0,0,78,0,1092,0,1,16,214437,1549,0,79,0,0,0,LEADER,1,0,0,78,0,0,0,0,0,0,0,0,0,0,0
215575,37,bully,2058,1,0,0,78,0,1092,0,1,37,213517,2058,0,79,0,0,0,LEADER,1,0,0,78,0,0,0,0,0,0,0,0,0,0,0
216211,13,bully,1774,1,0,0,78,0,1092,0,1,13,214437,1774,0,79,0,0,0,LEADER,1,0,0,78,0,0,0,0,0,0,0,0,0,0,0
215372,20,bully,1855,1,0,0,78,0,1092,0,1,20,213517,1855,0,79,0,0,0,LEADER,1,0,0,78,0,0,0,0,0,0,0,0,0,0,0
216004,41,bully,1567,1,0,0,78,0,1092,0,1,41,214437,1567,0,79,0,0,0,LEADER,1,0,0,78,0,0,0,0,0,0,0,0,0,0,0
215993,47,bully,1556,1,0,0,78,0,1092,0,1,47,214437,1556,0,79,0,0,0,LEADER,1,0,0,78,0,0,0,0,0,0,0,0,0,0,0
215819,95,bully,2301,1,0,0,78,0,1092,0,1,95,213518,2301,0,79,0,0,0,LEADER,1,0,0,78,0,0,0,0,0,0,0,0,0,0,0
215682,98,bully,2165,1,0,0,78,0,1092,0,1,98,213517,2165,0,79,0,0,0,LEADER,1,0,0,78,0,0,0,0,0,0,0,0,0,0,0
215866,73,bully,2349,1,0,0,78,0,1092,0,1,73,213517,2349,0,79,0,0,0,LEADER,1,0,0,78,0,0,0,0,0,0,0,0,0,0,0
216189,33,bully,1752,1,0,0,78,0,1092,0,1,33,214437,1752,0,79,0,0,0,LEADER,1,0,0,78,0,0,0,0,0,0,0,0,0,0,0
216159,97,bully,1722,1,0,0,78,0,1092,0,1,97,214437,1722,0,79,0,0,0,LEADER,1,0,0,78,0,0,0,0,0,0,0,0,0,0,0
215412,61,bully,1895,1,0,0,78,0,1092,0,1,61,213517,1895,0,79,0,0,0,LEADER,1,0,0,78,0,0,0,0,0,0,0,0,0,0,0
216359,40,bully,1922,1,0,0,78,0,1092,0,1,40,214437,1922,0,79,0,0,0,LEADER,1,0,0,78,0,0,0,0,0,0,0,0,0,0,0
215848,31,bully,2331,1,0,0,78,0,1092,0,1,31,213517,2331,0,79,0,0,0,LEADER,1,0,0,78,0,0,0,0,0,0,0,0,0,0,0
216349,29,bully,1910,1,0,0,78,0,1092,0,1,29,214439,1910,0,79,0,0,0,LEADER,1,0,0,78,0,0,0,0,0,0,0,0,0,0,0
216175,96,bully,1744,1,0,0,78,0,1092,0,1,96,214431,1744,0,79,0,0,0,LEADER,1,0,0,78,0,0,0,0,0,0,0,0,0,0,0
216262,84,bully,1825,1,0,0,78,0,1092,0,1,84,214437,1825,0,79,0,0,0,LEADER,1,0,0,78,0,0,0,0,0,0,0,0,0,0,0
215958,80,bully,1519,1,0,0,78,0,1092,0,1,80,214439,1519,0,79,0,0,0,LEADER,1,0,0,78,0,0,0,0,0,0,0,0,0,0,0
215800,53,bully,2283,1,0,0,78,0,1092,0,1,53,213517,2283,0,79,0,0,0,LEADER,1,0,0,78,0,0,0,0,0,0,0,0,0,0,0
215875,92,bully,1438,1,0,0,78,0,1092,0,1,92,214437,1438,0,79,0,0,0,LEADER,1,0,0,78,0,0,0,0,0,0,0,0,0,0,0
216047,91,bully,1619,1,0,0,78,0,1092,0,1,91,214428,1619,0,79,0,0,0,LEADER,1,0,0,78,0,0,0,0,0,0,0,0,0,0,0
216311,62,bully,1874,1,0,0,78,0,1092,0,1,62,214437,1874,0,79,0,0,0,LEADER,1,0,0,78,0,0,0,0,0,0,0,0,0,0,0
216008,15,bully,1571,1,0,0,78,0,1092,0,1,15,214437,1571,0,79,0,0,0,LEADER,1,0,0,78,0,0,0,0,0,0,0,0,0,0,0
215678,26,bully,2161,1,0,0,78,0,1092,0,1,26,213517,2161,0,79,0,0,0,LEADER,1,0,0,78,0,0,0,0,0,0,0,0,0,0,0
216414,49,bully,1977,1,0,0,78,0,1092,0,1,49,214437,1977,0,79,0,0,0,LEADER,1,0,0,78,0,0,0,0,0,0,0,0,0,0,0
216229,58,bully,1792,1,0,0,78,0,1092,0,1,58,214437,1792,0,79,0,0,0,LEADER,1,0,0,78,0,0,0,0,0,0,0,0,0,0,0
215763,86,bully,2246,1,0,0,78,0,1092,0,1,86,213517,2246,0,79,0,0,0,LEADER,1,0,0,78,0,0,0,0,0,0,0,0,0,0,0
215936,50,bully,2419,1,0,0,78,0,1092,0,1,50,213517,2419,0,79,0,0,0,LEADER,1,0,0,78,0,0,0,0,0,0,0,0,0,0,0
215785,85,bully,2268,1,0,0,78,0,1092,0,1,85,213517,2268,0,79,0,0,0,LEADER,1,0,0,78,0,0,0,0,0,0,0,0,0,0,0
215725,87,bully,2212,1,0,0,78,0,1092,0,1,87,213513,2212,0,79,0,0,0,LEADER,1,0,0,78,0,0,0,0,0,0,0,0,0,0,0
215933,64,bully,2416,1,0,0,78,0,1092,0,1,64,213517,2416,0,79,0,0,0,LEADER,1,0,0,78,0,0,0,0,0,0,0,0,0,0,0
215871,18,bully,1434,1,0,0,78,0,1092,0,1,18,214437,1434,0,79,0,0,0,LEADER,1,0,0,78,0,0,0,0,0,0,0,0,0,0,0
215782,11,bully,2264,1,0,0,78,0,1092,0,1,11,213518,2264,0,79,0,0,0,LEADER,1,0,0,78,0,0,0,0,0,0,0,0,0,0,0
215990,90,bully,1553,1,0,0,78,0,1092,0,1,90,214437,1553,0,79,0,0,0,LEADER,1,0,0,78,0,0,0,0,0,0,0,0,0,0,0
215884,35,bully,1447,1,0,0,78,0,1092,0,1,35,214437,1447,0,79,0,0,0,LEADER,1,0,0,78,0,0,0,0,0,0,0,0,0,0,0
215766,43,bully,2249,1,0,0,78,0,1092,0,1,43,213517,2249,0,79,0,0,0,LEADER,1,0,0,78,0,0,0,0,0,0,0,0,0,0,0
215904,28,bully,1467,1,0,0,78,0,1092,0,1,28,214437,1467,0,79,0,0,0,LEADER,1,0,0,78,0,0,0,0,0,0,0,0,0,0,0
215743,44,bully,2228,1,0,0,78,0,1092,0,1,44,213515,2228,0,79,0,0,0,LEADER,1,0,0,78,0,0,0,0,0,0,0,0,0,0,0
216578,23,bully,2141,1,0,0,78,0,1092,0,1,23,214437,2141,0,79,0,0,0,LEADER,1,0,0,78,0,0,0,0,0,0,0,0,0,0,0
215898,30,bully,1461,1,0,0,78,0,1092,0,1,30,214437,1461,0,79,0,0,0,LEADER,1,0,0,78,0,0,0,0,0,0,0,0,0,0,0
216298,94,bully,1859,1,0,0,78,0,1092,0,1,94,214439,1859,0,79,0,0,0,LEADER,1,0,0,78,0,0,0,0,0,0,0,0,0,0,0
215938,38,bully,1501,1,0,0,78,0,1092,0,1,38,214437,1501,0,79,0,0,0,LEADER,1,0,0,78,0,0,0,0,0,0,0,0,0,0,0
216617,66,bully,2180,1,0,0,78,0,1092,0,1,66,214437,2180,0,79,0,0,0,LEADER,1,0,0,78,0,0,0,0,0,0,0,0,0,0,0
215923,70,bully,1486,1,0,0,78,0,1092,0,1,70,214437,1486,0,79,0,0,0,LEADER,1,0,0,78,0,0,0,0,0,0,0,0,0,0,0
216568,88,bully,2131,1,0,0,78,0,1092,0,1,88,214437,2131,0,79,0,0,0,LEADER,1,0,0,78,0,0,0,0,0,0,0,0,0,0,0
215752,75,bully,2235,1,0,0,78,0,1092,0,1,75,213517,2235,0,79,0,0,0,LEADER,1,0,0,78,0,0,0,0,0,0,0,0,0,0,0
215762,12,bully,2243,1,0,0,78,0,1092,0,1,12,213519,2243,0,79,0,0,0,LEADER,1,0,0,78,0,0,0,0,0,0,0,0,0,0,0
216462,27,bully,2025,1,0,0,78,0,1092,0,1,27,214437,2025,0,79,0,0,0,LEADER,1,0,0,78,0,0,0,0,0,0,0,0,0,0,0
215951,42,bully,1514,1,0,0,78,0,1092,0,1,42,214437,1514,0,79,0,0,0,LEADER,1,0,0,78,0,0,0,0,0,0,0,0,0,0,0
216598,24,bully,2161,1,0,0,78,0,1092,0,1,24,214437,2161,0,79,0,0,0,LEADER,1,0,0,78,0,0,0,0,0,0,0,0,0,0,0
216550,46,bully,2113,1,0,0,78,0,1092,0,1,46,214437,2113,0,79,0,0,0,LEADER,1,0,0,78,0,0,0,0,0,0,0,0,0,0,0
216447,59,bully,2010,1,0,0,78,0,1092,0,1,59,214437,2010,0,79,0,0,0,LEADER,1,0,0,78,0,0,0,0,0,0,0,0,0,0,0
216075,34,bully,1637,1,0,0,78,0,1092,0,1,34,214438,1637,0,79,0,0,0,LEADER,1,0,0,78,0,0,0,0,0,0,0,0,0,0,0
216729,32,bully,2292,1,0,0,78,0,1092,0,1,32,214437,2292,0,79,0,0,0,LEADER,1,0,0,78,0,0,0,0,0,0,0,0,0,0,0
216344,72,bully,1907,1,0,0,78,0,1092,0,1,72,214437,1907,0,79,0,0,0,LEADER,1,0,0,78,0,0,0,0,0,0,0,0,0,0,0
216756,63,bully,2316,1,0,0,78,0,1092,0,1,63,214440,2316,0,79,0,0,0,LEADER,1,0,0,78,0,0,0,0,0,0,0,0,0,0,0
216229,74,bully,1792,1,0,0,78,0,1092,0,1,74,214437,1792,0,79,0,0,0,LEADER,1,0,0,78,0,0,0,0,0,0,0,0,0,0,0
215971,48,bully,1534,1,0,0,78,0,1092,0,1,48,214437,1534,0,79,0,0,0,LEADER,1,0,0,78,0,0,0,0,0,0,0,0,0,0,0
216434,57,bully,1995,1,0,0,78,0,1092,0,1,57,214439,1995,0,79,0,0,0,LEADER,1,0,0,78,0,0,0,0,0,0,0,0,0,0,0
216502,68,bully,2065,1,0,0,78,0,1092,0,1,68,214437,2065,0,79,0,0,0,LEADER,1,0,0,78,0,0,0,0,0,0,0,0,0,0,0
215903,45,bully,1466,1,0,0,78,0,1092,0,1,45,214437,1466,0,79,0,0,0,LEADER,1,0,0,78,0,0,0,0,0,0,0,0,0,0,0
216260,93,bully,1823,1,0,0,78,0,1092,0,1,93,214437,1823,0,79,0,0,0,LEADER,1,0,0,78,0,0,0,0,0,0,0,0,0,0,0
216841,82,bully,2404,1,0,0,78,0,1092,0,1,82,214437,2404,0,79,0,0,0,LEADER,1,0,0,78,0,0,0,0,0,0,0,0,0,0,0
216835,51,bully,2398,1,0,0,78,0,1092,0,1,51,214437,2398,0,79,0,0,0,LEADER,1,0,0,78,0,0,0,0,0,0,0,0,0,0,0
216380,39,bully,1943,1,0,0,78,0,1092,0,1,39,214437,1943,0,79,0,0,0,LEADER,1,0,0,78,0,0,0,0,0,0,0,0,0,0,0
216126,78,bully,1689,1,0,0,78,0,1092,0,1,78,214437,1689,0,79,0,0,0,LEADER,1,0,0,78,0,0,0,0,0,0,0,0,0,0,0
216514,79,bully,2077,1,0,0,78,0,1092,0,1,79,214437,2077,0,79,0,0,0,LEADER,1,0,0,78,0,0,0,0,0,0,0,0,0,0,0
216089,14,bully,1652,1,0,0,78,0,1092,0,1,14,214437,1652,0,79,0,0,0,LEADER,1,0,0,78,0,0,0,0,0,0,0,0,0,0,0
216516,36,bully,2080,1,0,0,78,0,1092,0,1,36,214436,2080,0,79,0,0,0,LEADER,1,0,0,78,0,0,0,0,0,0,0,0,0,0,0
216399,81,bully,1962,1,0,0,78,0,1092,0,1,81,214437,1962,0,79,0,0,0,LEADER,1,0,0,78,0,0,0,0,0,0,0,0,0,0,0
216059,67,bully,1622,1,0,0,78,0,1092,0,1,67,214437,1622,0,79,0,0,0,LEADER,1,0,0,78,0,0,0,0,0,0,0,0,0,0,0
216820,83,bully,2383,1,0,0,78,0,1092,0,1,83,214437,2383,0,79,0,0,0,LEADER,1,0,0,78,0,0,0,0,0,0,0,0,0,0,0
216965,99,bully,1607,1,0,0,79,0,1106,0,1,99,215358,1607,0,80,0,0,0,LEADER,1,0,0,79,0,0,0,0,0,0,0,0,0,0,0
216141,55,bully,1704,1,0,0,78,0,1092,0,1,55,214437,1704,0,79,0,0,0,LEADER,1,0,0,78,0,0,0,0,0,0,0,0,0,0,0
216932,89,bully,1574,1,0,0,79,0,1106,0,1,89,215358,1574,0,80,0,0,0,LEADER,1,0,0,79,0,0,0,0,0,0,0,0,0,0,0
216093,77,bully,1656,1,0,0,78,0,1092,0,1,77,214437,1656,0,79,0,0,0,LEADER,1,0,0,78,0,0,0,0,0,0,0,0,0,0,0
216365,71,bully,1928,1,0,0,78,0,1092,0,1,71,214437,1928,0,79,0,0,0,LEADER,1,0,0,78,0,0,0,0,0,0,0,0,0,0,0
216643,76,bully,2213,1,0,0,78,0,1092,0,1,76,214430,2213,0,79,0,0,0,LEADER,1,0,0,78,0,0,0,0,0,0,0,0,0,0,0
216277,52,bully,1840,1,0,0,78,0,1092,0,1,52,214437,1840,0,79,0,0,0,LEADER,1,0,0,78,0,0,0,0,0,0,0,0,0,0,0
216244,10,bully,1807,1,0,0,78,0,1092,0,1,10,214437,1807,0,79,0,0,0,LEADER,1,0,0,78,0,0,0,0,0,0,0,0,0,0,0
216177,22,bully,1740,1,0,0,78,0,1092,0,1,22,214437,1740,0,79,0,0,0,LEADER,1,0,0,78,0,0,0,0,0,0,0,0,0,0,0
216323,21,bully,1889,1,0,0,78,0,1092,0,1,21,214434,1889,0,79,0,0,0,LEADER,1,0,0,78,0,0,0,0,0,0,0,0,0,0,0
216583,56,bully,2146,1,0,0,78,0,1092,0,1,56,214437,2146,0,79,0,0,0,LEADER,1,0,0,78,0,0,0,0,0,0,0,0,0,0,0
216108,60,bully,1671,1,0,0,78,0,1092,0,1,60,214437,1671,0,79,0,0,0,LEADER,1,0,0,78,0,0,0,0,0,0,0,0,0,0,0
216962,25,bully,1604,1,0,0,79,0,1106,0,1,25,215358,1604,0,80,0,0,0,LEADER,1,0,0,79,0,0,0,0,0,0,0,0,0,0,0
216174,65,bully,1737,1,0,0,78,0,1092,0,1,65,214437,1737,0,79,0,0,0,LEADER,1,0,0,78,0,0,0,0,0,0,0,0,0,0,0
216850,19,bully,2413,1,0,0,78,0,1092,0,1,19,214437,2413,0,79,0,0,0,LEADER,1,0,0,78,0,0,0,0,0,0,0,0,0,0,0
216480,69,bully,2043,1,0,0,78,0,1092,0,1,69,214437,2043,0,79,0,0,0,LEADER,1,0,0,78,0,0,0,0,0,0,0,0,0,0,0
217083,54,bully,1725,1,0,0,79,0,1106,0,1,54,215358,1725,0,80,0,0,0,LEADER,1,0,0,79,0,0,0,0,0,0,0,0,0,0,0
216429,17,bully,1992,1,0,0,78,0,1092,0,1,17,214437,1992,0,79,0,0,0,LEADER,1,0,0,78,0,0,0,0,0,0,0,0,0,0,0
216944,100,bully,1586,1,0,0,79,0,1106,0,1,100,215358,1586,0,80,0,0,0,LEADER,1,0,0,79,0,0,0,0,0,0,0,0,0,0,0
216907,16,bully,1549,1,0,0,79,0,1106,0,1,16,215358,1549,0,80,0,0,0,LEADER,1,0,0,79,0,0,0,0,0,0,0,0,0,0,0
216495,37,bully,2058,1,0,0,78,0,1092,0,1,37,214437,2058,0,79,0,0,0,LEADER,1,0,0,78,0,0,0,0,0,0,0,0,0,0,0
217132,13,bully,1774,1,0,0,79,0,1106,0,1,13,215358,1774,0,80,0,0,0,LEADER,1,0,0,79,0,0,0,0,0,0,0,0,0,0,0
216292,20,bully,1855,1,0,0,78,0,1092,0,1,20,214437,1855,0,79,0,0,0,LEADER,1,0,0,78,0,0,0,0,0,0,0,0,0,0,0
216925,41,bully,1567,1,0,0,79,0,1106,0,1,41,215358,1567,0,80,0,0,0,LEADER,1,0,0,79,0,0,0,0,0,0,0,0,0,0,0
216914,47,bully,1556,1,0,0,79,0,1106,0,1,47,215358,1556,0,80,0,0,0,LEADER,1,0,0,79,0,0,0,0,0,0,0,0,0,0,0
216739,95,bully,2301,1,0,0,78,0,1092,0,1,95,214438,2301,0,79,0,0,0,LEADER,1,0,0,78,0,0,0,0,0,0,0,0,0,0,0
216602,98,bully,2165,1,0,0,78,0,1092,0,1,98,214437,2165,0,79,0,0,0,LEADER,1,0,0,78,0,0,0,0,0,0,0,0,0,0,0
216786,73,bully,2349,1,0,0,78,0,1092,0,1,73,214437,2349,0,79,0,0,0,LEADER,1,0,0,78,0,0,0,0,0,0,0,0,0,0,0
216332,61,bully,1895,1,0,0,78,0,1092,0,1,61,214437,1895,0,79,0,0,0,LEADER,1,0,0,78,0,0,0,0,0,0,0,0,0,0,0
217080,97,bully,1722,1,0,0,79,0,1106,0,1,97,215358,1722,0,80,0,0,0,LEADER,1,0,0,79,0,0,0,0,0,0,0,0,0,0,0
217110,33,bully,1752,1,0,0,79,0,1106,0,1,33,215358,1752,0,80,0,0,0,LEADER,1,0,0,79,0,0,0,0,0,0,0,0,0,0,0
216768,31,bully,2331,1,0,0,78,0,1092,0,1,31,214437,2331,0,79,0,0,0,LEADER,1,0,0,78,0,0,0,0,0,0,0,0,0,0,0
217280,40,bully,1922,1,0,0,79,0,1106,0,1,40,215358,1922,0,80,0,0,0,LEADER,1,0,0,79,0,0,0,0,0,0,0,0,0,0,0
217270,29,bully,1910,1,0,0,79,0,1106,0,1,29,215360,1910,0,80,0,0,0,LEADER,1,0,0,79,0,0,0,0,0,0,0,0,0,0,0
217096,96,bully,1744,1,0,0,79,0,1106,0,1,96,215352,1744,0,80,0,0,0,LEADER,1,0,0,79,0,0,0,0,0,0,0,0,0,0,0
217183,84,bully,1825,1,0,0,79,0,1106,0,1,84,215358,1825,0,80,0,0,0,LEADER,1,0,0,79,0,0,0,0,0,0,0,0,0,0,0
216879,80,bully,1519,1,0,0,79,0,1106,0,1,80,215360,1519,0,80,0,0,0,LEADER,1,0,0,79,0,0,0,0,0,0,0,0,0,0,0
216720,53,bully,2283,1,0,0,78,0,1092,0,1,53,214437,2283,0,79,0,0,0,LEADER,1,0,0,78,0,0,0,0,0,0,0,0,0,0,0
216796,92,bully,1438,1,0,0,79,0,1106,0,1,92,215358,1438,0,80,0,0,0,LEADER,1,0,0,79,0,0,0,0,0,0,0,0,0,0,0
216968,91,bully,1619,1,0,0,79,0,1106,0,1,91,215349,1619,0,80,0,0,0,LEADER,1,0,0,79,0,0,0,0,0,0,0,0,0,0,0
217232,62,bully,1874,1,0,0,79,0,1106,0,1,62,215358,1874,0,80,0,0,0,LEADER,1,0,0,79,0,0,0,0,0,0,0,0,0,0,0
216929,15,bully,1571,1,0,0,79,0,1106,0,1,15,215358,1571,0,80,0,0,0,LEADER,1,0,0,79,0,0,0,0,0,0,0,0,0,0,0
216598,26,bully,2161,1,0,0,78,0,1092,0,1,26,214437,2161,0,79,0,0,0,LEADER,1,0,0,78,0,0,0,0,0,0,0,0,0,0,0
217335,49,bully,1977,1,0,0,79,0,1106,0,1,49,215358,1977,0,80,0,0,0,LEADER,1,0,0,79,0,0,0,0,0,0,0,0,0,0,0
217150,58,bully,1792,1,0,0,79,0,1106,0,1,58,215358,1792,0,80,0,0,0,LEADER,1,0,0,79,0,0,0,0,0,0,0,0,0,0,0
216683,86,bully,2246,1,0,0,78,0,1092,0,1,86,214437,2246,0,79,0,0,0,LEADER,1,0,0,78,0,0,0,0,0,0,0,0,0,0,0
216856,50,bully,2419,1,0,0,78,0,1092,0,1,50,214437,2419,0,79,0,0,0,LEADER,1,0,0,78,0,0,0,0,0,0,0,0,0,0,0
216705,85,bully,2268,1,0,0,78,0,1092,0,1,85,214437,2268,0,79,0,0,0,LEADER,1,0,0,78,0,0,0,0,0,0,0,0,0,0,0
216645,87,bully,2212,1,0,0,78,0,1092,0,1,87,214433,2212,0,79,0,0,0,LEADER,1,0,0,78,0,0,0,0,0,0,0,0,0,0,0
216853,64,bully,2416,1,0,0,78,0,1092,0,1,64,214437,2416,0,79,0,0,0,LEADER,1,0,0,78,0,0,0,0,0,0,0,0,0,0,0
216702,11,bully,2264,1,0,0,78,0,1092,0,1,11,214438,2264,0,79,0,0,0,LEADER,1,0,0,78,0,0,0,0,0,0,0,0,0,0,0
216792,18,bully,1434,1,0,0,79,0,1106,0,1,18,215358,1434,0,80,0,0,0,LEADER,1,0,0,79,0,0,0,0,0,0,0,0,0,0,0
216911,90,bully,1553,1,0,0,79,0,1106,0,1,90,215358,1553,0,80,0,0,0,LEADER,1,0,0,79,0,0,0,0,0,0,0,0,0,0,0
216805,35,bully,1447,1,0,0,79,0,1106,0,1,35,215358,1447,0,80,0,0,0,LEADER,1,0,0,79,0,0,0,0,0,0,0,0,0,0,0
216686,43,bully,2249,1,0,0,78,0,1092,0,1,43,214437,2249,0,79,0,0,0,LEADER,1,0,0,78,0,0,0,0,0,0,0,0,0,0,0
216825,28,bully,1467,1,0,0,79,0,1106,0,1,28,215358,1467,0,80,0,0,0,LEADER,1,0,0,79,0,0,0,0,0,0,0,0,0,0,0
216663,44,bully,2228,1,0,0,78,0,1092,0,1,44,214435,2228,0,79,0,0,0,LEADER,1,0,0,78,0,0,0,0,0,0,0,0,0,0,0
217499,23,bully,2141,1,0,0,79,0,1106,0,1,23,215358,2141,0,80,0,0,0,LEADER,1,0,0,79,0,0,0,0,0,0,0,0,0,0,0
216819,30,bully,1461,1,0,0,79,0,1106,0,1,30,215358,1461,0,80,0,0,0,LEADER,1,0,0,79,0,0,0,0,0,0,0,0,0,0,0
217219,94,bully,1859,1,0,0,79,0,1106,0,1,94,215360,1859,0,80,0,0,0,LEADER,1,0,0,79,0,0,0,0,0,0,0,0,0,0,0
216859,38,bully,1501,1,0,0,79,0,1106,0,1,38,215358,1501,0,80,0,0,0,LEADER,1,0,0,79,0,0,0,0,0,0,0,0,0,0,0
217538,66,bully,2180,1,0,0,79,0,1106,0,1,66,215358,2180,0,80,0,0,0,LEADER,1,0,0,79,0,0,0,0,0,0,0,0,0,0,0
216844,70,bully,1486,1,0,0,79,0,1106,0,1,70,215358,1486,0,80,0,0,0,LEADER,1,0,0,79,0,0,0,0,0,0,0,0,0,0,0
217489,88,bully,2131,1,0,0,79,0,1106,0,1,88,215358,2131,0,80,0,0,0,LEADER,1,0,0,79,0,0,0,0,0,0,0,0,0,0,0
216672,75,bully,2235,1,0,0,78,0,1092,0,1,75,214437,2235,0,79,0,0,0,LEADER,1,0,0,78,0,0,0,0,0,0,0,0,0,0,0
216682,12,bully,2243,1,0,0,78,0,1092,0,1,12,214439,2243,0,79,0,0,0,LEADER,1,0,0,78,0,0,0,0,0,0,0,0,0,0,0
217383,27,bully,2025,1,0,0,79,0,1106,0,1,27,215358,2025,0,80,0,0,0,LEADER,1,0,0,79,0,0,0,0,0,0,0,0,0,0,0
216872,42,bully,1514,1,0,0,79,0,1106,0,1,42,215358,1514,0,80,0,0,0,LEADER,1,0,0,79,0,0,0,0,0,0,0,0,0,0,0
217519,24,bully,2161,1,0,0,79,0,1106,0,1,24,215358,2161,0,80,0,0,0,LEADER,1,0,0,79,0,0,0,0,0,0,0,0,0,0,0
217471,46,bully,2113,1,0,0,79,0,1106,0,1,46,215358,2113,0,80,0,0,0,LEADER,1,0,0,79,0,0,0,0,0,0,0,0,0,0,0
217368,59,bully,2010,1,0,0,79,0,1106,0,1,59,215358,2010,0,80,0,0,0,LEADER,1,0,0,79,0,0,0,0,0,0,0,0,0,0,0
216996,34,bully,1637,1,0,0,79,0,1106,0,1,34,215359,1637,0,80,0,0,0,LEADER,1,0,0,79,0,0,0,0,0,0,0,0,0,0,0
217650,32,bully,2292,1,0,0,79,0,1106,0,1,32,215358,2292,0,80,0,0,0,LEADER,1,0,0,79,0,0,0,0,0,0,0,0,0,0,0
217265,72,bully,1907,1,0,0,79,0,1106,0,1,72,215358,1907,0,80,0,0,0,LEADER,1,0,0,79,0,0,0,0,0,0,0,0,0,0,0
217677,63,bully,2316,1,0,0,79,0,1106,0,1,63,215361,2316,0,80,0,0,0,LEADER,1,0,0,79,0,0,0,0,0,0,0,0,0,0,0
217150,74,bully,1792,1,0,0,79,0,1106,0,1,74,215358,1792,0,80,0,0,0,LEADER,1,0,0,79,0,0,0,0,0,0,0,0,0,0,0
216892,48,bully,1534,1,0,0,79,0,1106,0,1,48,215358,1534,0,80,0,0,0,LEADER,1,0,0,79,0,0,0,0,0,0,0,0,0,0,0
217355,57,bully,1995,1,0,0,79,0,1106,0,1,57,215360,1995,0,80,0,0,0,LEADER,1,0,0,79,0,0,0,0,0,0,0,0,0,0,0
217423,68,bully,2065,1,0,0,79,0,1106,0,1,68,215358,2065,0,80,0,0,0,LEADER,1,0,0,79,0,0,0,0,0,0,0,0,0,0,0
216824,45,bully,1466,1,0,0,79,0,1106,0,1,45,215358,1466,0,80,0,0,0,LEADER,1,0,0,79,0,0,0,0,0,0,0,0,0,0,0
217181,93,bully,1823,1,0,0,79,0,1106,0,1,93,215358,1823,0,80,0,0,0,LEADER,1,0,0,79,0,0,0,0,0,0,0,0,0,0,0
217762,82,bully,2404,1,0,0,79,0,1106,0,1,82,215358,2404,0,80,0,0,0,LEADER,1,0,0,79,0,0,0,0,0,0,0,0,0,0,0
217756,51,bully,2398,1,0,0,79,0,1106,0,1,51,215358,2398,0,80,0,0,0,LEADER,1,0,0,79,0,0,0,0,0,0,0,0,0,0,0
217301,39,bully,1943,1,0,0,79,0,1106,0,1,39,215358,1943,0,80,0,0,0,LEADER,1,0,0,79,0,0,0,0,0,0,0,0,0,0,0
217047,78,bully,1689,1,0,0,79,0,1106,0,1,78,215358,1689,0,80,0,0,0,LEADER,1,0,0,79,0,0,0,0,0,0,0,0,0,0,0
217435,79,bully,2077,1,0,0,79,0,1106,0,1,79,215358,2077,0,80,0,0,0,LEADER,1,0,0,79,0,0,0,0,0,0,0,0,0,0,0
217010,14,bully,1652,1,0,0,79,0,1106,0,1,14,215358,1652,0,80,0,0,0,LEADER,1,0,0,79,0,0,0,0,0,0,0,0,0,0,0
217437,36,bully,2080,1,0,0,79,0,1106,0,1,36,215357,2080,0,80,0,0,0,LEADER,1,0,0,79,0,0,0,0,0,0,0,0,0,0,0
217320,81,bully,1962,1,0,0,79,0,1106,0,1,81,215358,1962,0,80,0,0,0,LEADER,1,0,0,79,0,0,0,0,0,0,0,0,0,0,0
216980,67,bully,1622,1,0,0,79,0,1106,0,1,67,215358,1622,0,80,0,0,0,LEADER,1,0,0,79,0,0,0,0,0,0,0,0,0,0,0
217741,83,bully,2383,1,0,0,79,0,1106,0,1,83,215358,2383,0,80,0,0,0,LEADER,1,0,0,79,0,0,0,0,0,0,0,0,0,0,0
217885,99,bully,1607,1,0,0,79,0,1106,0,1,99,216278,1607,0,80,0,0,0,LEADER,1,0,0,79,0,0,0,0,0,0,0,0,0,0,0
217062,55,bully,1704,1,0,0,79,0,1106,0,1,55,215358,1704,0,80,0,0,0,LEADER,1,0,0,79,0,0,0,0,0,0,0,0,0,0,0
217852,89,bully,1574,1,0,0,79,0,1106,0,1,89,216278,1574,0,80,0,0,0,LEADER,1,0,0,79,0,0,0,0,0,0,0,0,0,0,0
217014,77,bully,1656,1,0,0,79,0,1106,0,1,77,215358,1656,0,80,0,0,0,LEADER,1,0,0,79,0,0,0,0,0,0,0,0,0,0,0
217286,71,bully,1928,1,0,0,79,0,1106,0,1,71,215358,1928,0,80,0,0,0,LEADER,1,0,0,79,0,0,0,0,0,0,0,0,0,0,0
217564,76,bully,2213,1,0,0,79,0,1106,0,1,76,215351,2213,0,80,0,0,0,LEADER,1,0,0,79,0,0,0,0,0,0,0,0,0,0,0
217198,52,bully,1840,1,0,0,79,0,1106,0,1,52,215358,1840,0,80,0,0,0,LEADER,1,0,0,79,0,0,0,0,0,0,0,0,0,0,0
217165,10,bully,1807,1,0,0,79,0,1106,0,1,10,215358,1807,0,80,0,0,0,LEADER,1,0,0,79,0,0,0,0,0,0,0,0,0,0,0
217098,22,bully,1740,1,0,0,79,0,1106,0,1,22,215358,1740,0,80,0,0,0,LEADER,1,0,0,79,0,0,0,0,0,0,0,0,0,0,0
217244,21,bully,1889,1,0,0,79,0,1106,0,1,21,215355,1889,0,80,0,0,0,LEADER,1,0,0,79,0,0,0,0,0,0,0,0,0,0,0
217504,56,bully,2146,1,0,0,79,0,1106,0,1,56,215358,2146,0,80,0,0,0,LEADER,1,0,0,79,0,0,0,0,0,0,0,0,0,0,0
217029,60,bully,1671,1,0,0,79,0,1106,0,1,60,215358,1671,0,80,0,0,0,LEADER,1,0,0,79,0,0,0,0,0,0,0,0,0,0,0
217882,25,bully,1604,1,0,0,79,0,1106,0,1,25,216278,1604,0,80,0,0,0,LEADER,1,0,0,79,0,0,0,0,0,0,0,0,0,0,0
217095,65,bully,1737,1,0,0,79,0,1106,0,1,65,215358,1737,0,80,0,0,0,LEADER,1,0,0,79,0,0,0,0,0,0,0,0,0,0,0
217771,19,bully,2413,1,0,0,79,0,1106,0,1,19,215358,2413,0,80,0,0,0,LEADER,1,0,0,79,0,0,0,0,0,0,0,0,0,0,0
217401,69,bully,2043,1,0,0,79,0,1106,0,1,69,215358,2043,0,80,0,0,0,LEADER,1,0,0,79,0,0,0,0,0,0,0,0,0,0,0
218003,54,bully,1725,1,0,0,79,0,1106,0,1,54,216278,1725,0,80,0,0,0,LEADER,1,0,0,79,0,0,0,0,0,0,0,0,0,0,0
217350,17,bully,1992,1,0,0,79,0,1106,0,1,17,215358,1992,0,80,0,0,0,LEADER,1,0,0,79,0,0,0,0,0,0,0,0,0,0,0
217864,100,bully,1586,1,0,0,79,0,1106,0,1,100,216278,1586,0,80,0,0,0,LEADER,1,0,0,79,0,0,0,0,0,0,0,0,0,0,0
217827,16,bully,1549,1,0,0,79,0,1106,0,1,16,216278,1549,0,80,0,0,0,LEADER,1,0,0,79,0,0,0,0,0,0,0,0,0,0,0
217416,37,bully,2058,1,0,0,79,0,1106,0,1,37,215358,2058,0,80,0,0,0,LEADER,1,0,0,79,0,0,0,0,0,0,0,0,0,0,0
218052,13,bully,1774,1,0,0,79,0,1106,0,1,13,216278,1774,0,80,0,0,0,LEADER,1,0,0,79,0,0,0,0,0,0,0,0,0,0,0
217213,20,bully,1855,1,0,0,79,0,1106,0,1,20,215358,1855,0,80,0,0,0,LEADER,1,0,0,79,0,0,0,0,0,0,0,0,0,0,0
217845,41,bully,1567,1,0,0,79,0,1106,0,1,41,216278,1567,0,80,0,0,0,LEADER,1,0,0,79,0,0,0,0,0,0,0,0,0,0,0
217834,47,bully,1556,1,0,0,79,0,1106,0,1,47,216278,1556,0,80,0,0,0,LEADER,1,0,0,79,0,0,0,0,0,0,0,0,0,0,0
217660,95,bully,2301,1,0,0,79,0,1106,0,1,95,215359,2301,0,80,0,0,0,LEADER,1,0,0,79,0,0,0,0,0,0,0,0,0,0,0
217523,98,bully,2165,1,0,0,79,0,1106,0,1,98,215358,2165,0,80,0,0,0,LEADER,1,0,0,79,0,0,0,0,0,0,0,0,0,0,0
217707,73,bully,2349,1,0,0,79,0,1106,0,1,73,215358,2349,0,80,0,0,0,LEADER,1,0,0,79,0,0,0,0,0,0,0,0,0,0,0
218030,33,bully,1752,1,0,0,79,0,1106,0,1,33,216278,1752,0,80,0,0,0,LEADER,1,0,0,79,0,0,0,0,0,0,0,0,0,0,0
218000,97,bully,1722,1,0,0,79,0,1106,0,1,97,216278,1722,0,80,0,0,0,LEADER,1,0,0,79,0,0,0,0,0,0,0,0,0,0,0
217253,61,bully,1895,1,0,0,79,0,1106,0,1,61,215358,1895,0,80,0,0,0,LEADER,1,0,0,79,0,0,0,0,0,0,0,0,0,0,0
218200,40,bully,1922,1,0,0,79,0,1106,0,1,40,216278,1922,0,80,0,0,0,LEADER,1,0,0,79,0,0,0,0,0,0,0,0,0,0,0
217689,31,bully,2331,1,0,0,79,0,1106,0,1,31,215358,2331,0,80,0,0,0,LEADER,1,0,0,79,0,0,0,0,0,0,0,0,0,0,0
218190,29,bully,1910,1,0,0,79,0,1106,0,1,29,216280,1910,0,80,0,0,0,LEADER,1,0,0,79,0,0,0,0,0,0,0,0,0,0,0
218016,96,bully,1744,1,0,0,79,0,1106,0,1,96,216272,1744,0,80,0,0,0,LEADER,1,0,0,79,0,0,0,0,0,0,0,0,0,0,0
218103,84,bully,1825,1,0,0,79,0,1106,0,1,84,216278,1825,0,80,0,0,0,LEADER,1,0,0,79,0,0,0,0,0,0,0,0,0,0,0
217799,80,bully,1519,1,0,0,79,0,1106,0,1,80,216280,1519,0,80,0,0,0,LEADER,1,0,0,79,0,0,0,0,0,0,0,0,0,0,0
217641,53,bully,2283,1,0,0,79,0,1106,0,1,53,215358,2283,0,80,0,0,0,LEADER,1,0,0,79,0,0,0,0,0,0,0,0,0,0,0
217716,92,bully,1438,1,0,0,79,0,1106,0,1,92,216278,1438,0,80,0,0,0,LEADER,1,0,0,79,0,0,0,0,0,0,0,0,0,0,0
217888,91,bully,1619,1,0,0,79,0,1106,0,1,91,216269,1619,0,80,0,0,0,LEADER,1,0,0,79,0,0,0,0,0,0,0,0,0,0,0
218152,62,bully,1874,1,0,0,79,0,1106,0,1,62,216278,1874,0,80,0,0,0,LEADER,1,0,0,79,0,0,0,0,0,0,0,0,0,0,0
217849,15,bully,1571,1,0,0,79,0,1106,0,1,15,216278,1571,0,80,0,0,0,LEADER,1,0,0,79,0,0,0,0,0,0,0,0,0,0,0
217519,26,bully,2161,1,0,0,79,0,1106,0,1,26,215358,2161,0,80,0,0,0,LEADER,1,0,0,79,0,0,0,0,0,0,0,0,0,0,0
218255,49,bully,1977,1,0,0,79,0,1106,0,1,49,216278,1977,0,80,0,0,0,LEADER,1,0,0,79,0,0,0,0,0,0,0,0,0,0,0
218070,58,bully,1792,1,0,0,79,0,1106,0,1,58,216278,1792,0,80,0,0,0,LEADER,1,0,0,79,0,0,0,0,0,0,0,0,0,0,0
217604,86,bully,2246,1,0,0,79,0,1106,0,1,86,215358,2246,0,80,0,0,0,LEADER,1,0,0,79,0,0,0,0,0,0,0,0,0,0,0
217777,50,bully,2419,1,0,0,79,0,1106,0,1,50,215358,2419,0,80,0,0,0,LEADER,1,0,0,79,0,0,0,0,0,0,0,0,0,0,0
217566,87,bully,2212,1,0,0,79,0,1106,0,1,87,215354,2212,0,80,0,0,0,LEADER,1,0,0,79,0,0,0,0,0,0,0,0,0,0,0
217629,85,bully,2268,1,0,0,79,0,1106,0,1,85,215361,2268,0,80,0,0,0,LEADER,1,0,0,79,0,0,0,0,0,0,0,0,0,0,0
217774,64,bully,2416,1,0,0,79,0,1106,0,1,64,215358,2416,0,80,0,0,0,LEADER,1,0,0,79,0,0,0,0,0,0,0,0,0,0,0
217712,18,bully,1434,1,0,0,79,0,1106,0,1,18,216278,1434,0,80,0,0,0,LEADER,1,0,0,79,0,0,0,0,0,0,0,0,0,0,0
217623,11,bully,2264,1,0,0,79,0,1106,0,1,11,215359,2264,0,80,0,0,0,LEADER,1,0,0,79,0,0,0,0,0,0,0,0,0,0,0
217831,90,bully,1553,1,0,0,79,0,1106,0,1,90,216278,1553,0,80,0,0,0,LEADER,1,0,0,79,0,0,0,0,0,0,0,0,0,0,0
217725,35,bully,1447,1,0,0,79,0,1106,0,1,35,216278,1447,0,80,0,0,0,LEADER,1,0,0,79,0,0,0,0,0,0,0,0,0,0,0
217607,43,bully,2249,1,0,0,79,0,1106,0,1,43,215358,2249,0,80,0,0,0,LEADER,1,0,0,79,0,0,0,0,0,0,0,0,0,0,0
217745,28,bully,1467,1,0,0,79,0,1106,0,1,28,216278,1467,0,80,0,0,0,LEADER,1,0,0,79,0,0,0,0,0,0,0,0,0,0,0
217584,44,bully,2228,1,0,0,79,0,1106,0,1,44,215356,2228,0,80,0,0,0,LEADER,1,0,0,79,0,0,0,0,0,0,0,0,0,0,0
218419,23,bully,2141,1,0,0,79,0,1106,0,1,23,216278,2141,0,80,0,0,0,LEADER,1,0,0,79,0,0,0,0,0,0,0,0,0,0,0
217739,30,bully,1461,1,0,0,79,0,1106,0,1,30,216278,1461,0,80,0,0,0,LEADER,1,0,0,79,0,0,0,0,0,0,0,0,0,0,0
218139,94,bully,1859,1,0,0,79,0,1106,0,1,94,216280,1859,0,80,0,0,0,LEADER,1,0,0,79,0,0,0,0,0,0,0,0,0,0,0
217779,38,bully,1501,1,0,0,79,0,1106,0,1,38,216278,1501,0,80,0,0,0,LEADER,1,0,0,79,0,0,0,0,0,0,0,0,0,0,0
218458,66,bully,2180,1,0,0,79,0,1106,0,1,66,216278,2180,0,80,0,0,0,LEADER,1,0,0,79,0,0,0,0,0,0,0,0,0,0,0
217764,70,bully,1486,1,0,0,79,0,1106,0,1,70,216278,1486,0,80,0,0,0,LEADER,1,0,0,79,0,0,0,0,0,0,0,0,0,0,0
218409,88,bully,2131,1,0,0,79,0,1106,0,1,88,216278,2131,0,80,0,0,0,LEADER,1,0,0,79,0,0,0,0,0,0,0,0,0,0,0
217593,75,bully,2235,1,0,0,79,0,1106,0,1,75,215358,2235,0,80,0,0,0,LEADER,1,0,0,79,0,0,0,0,0,0,0,0,0,0,0
217603,12,bully,2243,1,0,0,79,0,1106,0,1,12,215360,2243,0,80,0,0,0,LEADER,1,0,0,79,0,0,0,0,0,0,0,0,0,0,0
218303,27,bully,2025,1,0,0,79,0,1106,0,1,27,216278,2025,0,80,0,0,0,LEADER,1,0,0,79,0,0,0,0,0,0,0,0,0,0,0
217792,42,bully,1514,1,0,0,79,0,1106,0,1,42,216278,1514,0,80,0,0,0,LEADER,1,0,0,79,0,0,0,0,0,0,0,0,0,0,0
218439,24,bully,2161,1,0,0,79,0,1106,0,1,24,216278,2161,0,80,0,0,0,LEADER,1,0,0,79,0,0,0,0,0,0,0,0,0,0,0
218391,46,bully,2113,1,0,0,79,0,1106,0,1,46,216278,2113,0,80,0,0,0,LEADER,1,0,0,79,0,0,0,0,0,0,0,0,0,0,0
218288,59,bully,2010,1,0,0,79,0,1106,0,1,59,216278,2010,0,80,0,0,0,LEADER,1,0,0,79,0,0,0,0,0,0,0,0,0,0,0
217916,34,bully,1637,1,0,0,79,0,1106,0,1,34,216279,1637,0,80,0,0,0,LEADER,1,0,0,79,0,0,0,0,0,0,0,0,0,0,0
218570,32,bully,2292,1,0,0,79,0,1106,0,1,32,216278,2292,0,80,0,0,0,LEADER,1,0,0,79,0,0,0,0,0,0,0,0,0,0,0
218185,72,bully,1907,1,0,0,79,0,1106,0,1,72,216278,1907,0,80,0,0,0,LEADER,1,0,0,79,0,0,0,0,0,0,0,0,0,0,0
218597,63,bully,2316,1,0,0,79,0,1106,0,1,63,216281,2316,0,80,0,0,0,LEADER,1,0,0,79,0,0,0,0,0,0,0,0,0,0,0
218070,74,bully,1792,1,0,0,79,0,1106,0,1,74,216278,1792,0,80,0,0,0,LEADER,1,0,0,79,0,0,0,0,0,0,0,0,0,0,0
217812,48,bully,1534,1,0,0,79,0,1106,0,1,48,216278,1534,0,80,0,0,0,LEADER,1,0,0,79,0,0,0,0,0,0,0,0,0,0,0
218275,57,bully,1995,1,0,0,79,0,1106,0,1,57,216280,1995,0,80,0,0,0,LEADER,1,0,0,79,0,0,0,0,0,0,0,0,0,0,0
218343,68,bully,2065,1,0,0,79,0,1106,0,1,68,216278,2065,0,80,0,0,0,LEADER,1,0,0,79,0,0,0,0,0,0,0,0,0,0,0
217744,45,bully,1466,1,0,0,79,0,1106,0,1,45,216278,1466,0,80,0,0,0,LEADER,1,0,0,79,0,0,0,0,0,0,0,0,0,0,0
218101,93,bully,1823,1,0,0,79,0,1106,0,1,93,216278,1823,0,80,0,0,0,LEADER,1,0,0,79,0,0,0,0,0,0,0,0,0,0,0
218682,82,bully,2404,1,0,0,79,0,1106,0,1,82,216278,2404,0,80,0,0,0,LEADER,1,0,0,79,0,0,0,0,0,0,0,0,0,0,0
218676,51,bully,2398,1,0,0,79,0,1106,0,1,51,216278,2398,0,80,0,0,0,LEADER,1,0,0,79,0,0,0,0,0,0,0,0,0,0,0
218221,39,bully,1943,1,0,0,79,0,1106,0,1,39,216278,1943,0,80,0,0,0,LEADER,1,0,0,79,0,0,0,0,0,0,0,0,0,0,0
217967,78,bully,1689,1,0,0,79,0,1106,0,1,78,216278,1689,0,80,0,0,0,LEADER,1,0,0,79,0,0,0,0,0,0,0,0,0,0,0
218355,79,bully,2077,1,0,0,79,0,1106,0,1,79,216278,2077,0,80,0,0,0,LEADER,1,0,0,79,0,0,0,0,0,0,0,0,0,0,0
217930,14,bully,1652,1,0,0,79,0,1106,0,1,14,216278,1652,0,80,0,0,0,LEADER,1,0,0,79,0,0,0,0,0,0,0,0,0,0,0
218357,36,bully,2080,1,0,0,79,0,1106,0,1,36,216277,2080,0,80,0,0,0,LEADER,1,0,0,79,0,0,0,0,0,0,0,0,0,0,0
218240,81,bully,1962,1,0,0,79,0,1106,0,1,81,216278,1962,0,80,0,0,0,LEADER,1,0,0,79,0,0,0,0,0,0,0,0,0,0,0
217900,67,bully,1622,1,0,0,79,0,1106,0,1,67,216278,1622,0,80,0,0,0,LEADER,1,0,0,79,0,0,0,0,0,0,0,0,0,0,0
218661,83,bully,2383,1,0,0,79,0,1106,0,1,83,216278,2383,0,80,0,0,0,LEADER,1,0,0,79,0,0,0,0,0,0,0,0,0,0,0
218805,99,bully,1607,1,0,0,79,0,1106,0,1,99,217198,1607,0,80,0,0,0,LEADER,1,0,0,79,0,0,0,0,0,0,0,0,0,0,0
217982,55,bully,1704,1,0,0,79,0,1106,0,1,55,216278,1704,0,80,0,0,0,LEADER,1,0,0,79,0,0,0,0,0,0,0,0,0,0,0
218772,89,bully,1574,1,0,0,79,0,1106,0,1,89,217198,1574,0,80,0,0,0,LEADER,1,0,0,79,0,0,0,0,0,0,0,0,0,0,0
217934,77,bully,1656,1,0,0,79,0,1106,0,1,77,216278,1656,0,80,0,0,0,LEADER,1,0,0,79,0,0,0,0,0,0,0,0,0,0,0
218206,71,bully,1928,1,0,0,79,0,1106,0,1,71,216278,1928,0,80,0,0,0,LEADER,1,0,0,79,0,0,0,0,0,0,0,0,0,0,0
218484,76,bully,2213,1,0,0,79,0,1106,0,1,76,216271,2213,0,80,0,0,0,LEADER,1,0,0,79,0,0,0,0,0,0,0,0,0,0,0
218118,52,bully,1840,1,0,0,79,0,1106,0,1,52,216278,1840,0,80,0,0,0,LEADER,1,0,0,79,0,0,0,0,0,0,0,0,0,0,0
218085,10,bully,1807,1,0,0,79,0,1106,0,1,10,216278,1807,0,80,0,0,0,LEADER,1,0,0,79,0,0,0,0,0,0,0,0,0,0,0
218018,22,bully,1740,1,0,0,79,0,1106,0,1,22,216278,1740,0,80,0,0,0,LEADER,1,0,0,79,0,0,0,0,0,0,0,0,0,0,0
218164,21,bully,1889,1,0,0,79,0,1106,0,1,21,216275,1889,0,80,0,0,0,LEADER,1,0,0,79,0,0,0,0,0,0,0,0,0,0,0
218424,56,bully,2146,1,0,0,79,0,1106,0,1,56,216278,2146,0,80,0,0,0,LEADER,1,0,0,79,0,0,0,0,0,0,0,0,0,0,0
217949,60,bully,1671,1,0,0,79,0,1106,0,1,60,216278,1671,0,80,0,0,0,LEADER,1,0,0,79,0,0,0,0,0,0,0,0,0,0,0
218802,25,bully,1604,1,0,0,79,0,1106,0,1,25,217198,1604,0,80,0,0,0,LEADER,1,0,0,79,0,0,0,0,0,0,0,0,0,0,0
218015,65,bully,1737,1,0,0,79,0,1106,0,1,65,216278,1737,0,80,0,0,0,LEADER,1,0,0,79,0,0,0,0,0,0,0,0,0,0,0
218691,19,bully,2413,1,0,0,79,0,1106,0,1,19,216278,2413,0,80,0,0,0,LEADER,1,0,0,79,0,0,0,0,0,0,0,0,0,0,0
218321,69,bully,2043,1,0,0,79,0,1106,0,1,69,216278,2043,0,80,0,0,0,LEADER,1,0,0,79,0,0,0,0,0,0,0,0,0,0,0
218923,54,bully,1725,1,0,0,79,0,1106,0,1,54,217198,1725,0,80,0,0,0,LEADER,1,0,0,79,0,0,0,0,0,0,0,0,0,0,0
218270,17,bully,1992,1,0,0,79,0,1106,0,1,17,216278,1992,0,80,0,0,0,LEADER,1,0,0,79,0,0,0,0,0,0,0,0,0,0,0
218784,100,bully,1586,1,0,0,79,0,1106,0,1,100,217198,1586,0,80,0,0,0,LEADER,1,0,0,79,0,0,0,0,0,0,0,0,0,0,0
218747,16,bully,1549,1,0,0,79,0,1106,0,1,16,217198,1549,0,80,0,0,0,LEADER,1,0,0,79,0,0,0,0,0,0,0,0,0,0,0
218336,37,bully,2058,1,0,0,79,0,1106,0,1,37,216278,2058,0,80,0,0,0,LEADER,1,0,0,79,0,0,0,0,0,0,0,0,0,0,0
218972,13,bully,1774,1,0,0,79,0,1106,0,1,13,217198,1774,0,80,0,0,0,LEADER,1,0,0,79,0,0,0,0,0,0,0,0,0,0,0
218133,20,bully,1855,1,0,0,79,0,1106,0,1,20,216278,1855,0,80,0,0,0,LEADER,1,0,0,79,0,0,0,0,0,0,0,0,0,0,0
218765,41,bully,1567,1,0,0,79,0,1106,0,1,41,217198,1567,0,80,0,0,0,LEADER,1,0,0,79,0,0,0,0,0,0,0,0,0,0,0
218754,47,bully,1556,1,0,0,79,0,1106,0,1,47,217198,1556,0,80,0,0,0,LEADER,1,0,0,79,0,0,0,0,0,0,0,0,0,0,0
218580,95,bully,2301,1,0,0,79,0,1106,0,1,95,216279,2301,0,80,0,0,0,LEADER,1,0,0,79,0,0,0,0,0,0,0,0,0,0,0
218443,98,bully,2165,1,0,0,79,0,1106,0,1,98,216278,2165,0,80,0,0,0,LEADER,1,0,0,79,0,0,0,0,0,0,0,0,0,0,0
218627,73,bully,2349,1,0,0,79,0,1106,0,1,73,216278,2349,0,80,0,0,0,LEADER,1,0,0,79,0,0,0,0,0,0,0,0,0,0,0
218950,33,bully,1752,1,0,0,79,0,1106,0,1,33,217198,1752,0,80,0,0,0,LEADER,1,0,0,79,0,0,0,0,0,0,0,0,0,0,0
218920,97,bully,1722,1,0,0,79,0,1106,0,1,97,217198,1722,0,80,0,0,0,LEADER,1,0,0,79,0,0,0,0,0,0,0,0,0,0,0
218173,61,bully,1895,1,0,0,79,0,1106,0,1,61,216278,1895,0,80,0,0,0,LEADER,1,0,0,79,0,0,0,0,0,0,0,0,0,0,0
219120,40,bully,1922,1,0,0,79,0,1106,0,1,40,217198,1922,0,80,0,0,0,LEADER,1,0,0,79,0,0,0,0,0,0,0,0,0,0,0
218609,31,bully,2331,1,0,0,79,0,1106,0,1,31,216278,2331,0,80,0,0,0,LEADER,1,0,0,79,0,0,0,0,0,0,0,0,0,0,0
219110,29,bully,1910,1,0,0,79,0,1106,0,1,29,217200,1910,0,80,0,0,0,LEADER,1,0,0,79,0,0,0,0,0,0,0,0,0,0,0
218936,96,bully,1744,1,0,0,79,0,1106,0,1,96,217192,1744,0,80,0,0,0,LEADER,1,0,0,79,0,0,0,0,0,0,0,0,0,0,0
219023,84,bully,1825,1,0,0,79,0,1106,0,1,84,217198,1825,0,80,0,0,0,LEADER,1,0,0,79,0,0,0,0,0,0,0,0,0,0,0
218719,80,bully,1519,1,0,0,79,0,1106,0,1,80,217200,1519,0,80,0,0,0,LEADER,1,0,0,79,0,0,0,0,0,0,0,0,0,0,0
218561,53,bully,2283,1,0,0,79,0,1106,0,1,53,216278,2283,0,80,0,0,0,LEADER,1,0,0,79,0,0,0,0,0,0,0,0,0,0,0
218636,92,bully,1438,1,0,0,79,0,1106,0,1,92,217198,1438,0,80,0,0,0,LEADER,1,0,0,79,0,0,0,0,0,0,0,0,0,0,0
218808,91,bully,1619,1,0,0,79,0,1106,0,1,91,217189,1619,0,80,0,0,0,LEADER,1,0,0,79,0,0,0,0,0,0,0,0,0,0,0
219072,62,bully,1874,1,0,0,79,0,1106,0,1,62,217198,1874,0,80,0,0,0,LEADER,1,0,0,79,0,0,0,0,0,0,0,0,0,0,0
218769,15,bully,1571,1,0,0,79,0,1106,0,1,15,217198,1571,0,80,0,0,0,LEADER,1,0,0,79,0,0,0,0,0,0,0,0,0,0,0
218439,26,bully,2161,1,0,0,79,0,1106,0,1,26,216278,2161,0,80,0,0,0,LEADER,1,0,0,79,0,0,0,0,0,0,0,0,0,0,0
219175,49,bully,1977,1,0,0,79,0,1106,0,1,49,217198,1977,0,80,0,0,0,LEADER,1,0,0,79,0,0,0,0,0,0,0,0,0,0,0
218990,58,bully,1792,1,0,0,79,0,1106,0,1,58,217198,1792,0,80,0,0,0,LEADER,1,0,0,79,0,0,0,0,0,0,0,0,0,0,0
218524,86,bully,2246,1,0,0,79,0,1106,0,1,86,216278,2246,0,80,0,0,0,LEADER,1,0,0,79,0,0,0,0,0,0,0,0,0,0,0
218697,50,bully,2419,1,0,0,79,0,1106,0,1,50,216278,2419,0,80,0,0,0,LEADER,1,0,0,79,0,0,0,0,0,0,0,0,0,0,0
218486,87,bully,2212,1,0,0,79,0,1106,0,1,87,216274,2212,0,80,0,0,0,LEADER,1,0,0,79,0,0,0,0,0,0,0,0,0,0,0
218549,85,bully,2268,1,0,0,79,0,1106,0,1,85,216281,2268,0,80,0,0,0,LEADER,1,0,0,79,0,0,0,0,0,0,0,0,0,0,0
218694,64,bully,2416,1,0,0,79,0,1106,0,1,64,216278,2416,0,80,0,0,0,LEADER,1,0,0,79,0,0,0,0,0,0,0,0,0,0,0
218632,18,bully,1434,1,0,0,79,0,1106,0,1,18,217198,1434,0,80,0,0,0,LEADER,1,0,0,79,0,0,0,0,0,0,0,0,0,0,0
218543,11,bully,2264,1,0,0,79,0,1106,0,1,11,216279,2264,0,80,0,0,0,LEADER,1,0,0,79,0,0,0,0,0,0,0,0,0,0,0
218751,90,bully,1553,1,0,0,79,0,1106,0,1,90,217198,1553,0,80,0,0,0,LEADER,1,0,0,79,0,0,0,0,0,0,0,0,0,0,0
218645,35,bully,1447,1,0,0,79,0,1106,0,1,35,217198,1447,0,80,0,0,0,LEADER,1,0,0,79,0,0,0,0,0,0,0,0,0,0,0
218527,43,bully,2249,1,0,0,79,0,1106,0,1,43,216278,2249,0,80,0,0,0,LEADER,1,0,0,79,0,0,0,0,0,0,0,0,0,0,0
218665,28,bully,1467,1,0,0,79,0,1106,0,1,28,217198,1467,0,80,0,0,0,LEADER,1,0,0,79,0,0,0,0,0,0,0,0,0,0,0
218504,44,bully,2228,1,0,0,79,0,1106,0,1,44,216276,2228,0,80,0,0,0,LEADER,1,0,0,79,0,0,0,0,0,0,0,0,0,0,0
219339,23,bully,2141,1,0,0,79,0,1106,0,1,23,217198,2141,0,80,0,0,0,LEADER,1,0,0,79,0,0,0,0,0,0,0,0,0,0,0
218659,30,bully,1461,1,0,0,79,0,1106,0,1,30,217198,1461,0,80,0,0,0,LEADER,1,0,0,79,0,0,0,0,0,0,0,0,0,0,0
219059,94,bully,1859,1,0,0,79,0,1106,0,1,94,217200,1859,0,80,0,0,0,LEADER,1,0,0,79,0,0,0,0,0,0,0,0,0,0,0
218699,38,bully,1501,1,0,0,79,0,1106,0,1,38,217198,1501,0,80,0,0,0,LEADER,1,0,0,79,0,0,0,0,0,0,0,0,0,0,0
219378,66,bully,2180,1,0,0,79,0,1106,0,1,66,217198,2180,0,80,0,0,0,LEADER,1,0,0,79,0,0,0,0,0,0,0,0,0,0,0
218684,70,bully,1486,1,0,0,79,0,1106,0,1,70,217198,1486,0,80,0,0,0,LEADER,1,0,0,79,0,0,0,0,0,0,0,0,0,0,0
219329,88,bully,2131,1,0,0,79,0,1106,0,1,88,217198,2131,0,80,0,0,0,LEADER,1,0,0,79,0,0,0,0,0,0,0,0,0,0,0
218513,75,bully,2235,1,0,0,79,0,1106,0,1,75,216278,2235,0,80,0,0,0,LEADER,1,0,0,79,0,0,0,0,0,0,0,0,0,0,0
218523,12,bully,2243,1,0,0,79,0,1106,0,1,12,216280,2243,0,80,0,0,0,LEADER,1,0,0,79,0,0,0,0,0,0,0,0,0,0,0
219223,27,bully,2025,1,0,0,79,0,1106,0,1,27,217198,2025,0,80,0,0,0,LEADER,1,0,0,79,0,0,0,0,0,0,0,0,0,0,0
218712,42,bully,1514,1,0,0,79,0,1106,0,1,42,217198,1514,0,80,0,0,0,LEADER,1,0,0,79,0,0,0,0,0,0,0,0,0,0,0
219359,24,bully,2161,1,0,0,79,0,1106,0,1,24,217198,2161,0,80,0,0,0,LEADER,1,0,0,79,0,0,0,0,0,0,0,0,0,0,0
219311,46,bully,2113,1,0,0,79,0,1106,0,1,46,217198,2113,0,80,0,0,0,LEADER,1,0,0,79,0,0,0,0,0,0,0,0,0,0,0
219208,59,bully,2010,1,0,0,79,0,1106,0,1,59,217198,2010,0,80,0,0,0,LEADER,1,0,0,79,0,0,0,0,0,0,0,0,0,0,0
219490,32,bully,2292,1,0,0,79,0,1106,0,1,32,217198,2292,0,80,0,0,0,LEADER,1,0,0,79,0,0,0,0,0,0,0,0,0,0,0
218836,34,bully,1637,1,0,0,79,0,1106,0,1,34,217199,1637,0,80,0,0,0,LEADER,1,0,0,79,0,0,0,0,0,0,0,0,0,0,0
219105,72,bully,1907,1,0,0,79,0,1106,0,1,72,217198,1907,0,80,0,0,0,LEADER,1,0,0,79,0,0,0,0,0,0,0,0,0,0,0
219517,63,bully,2316,1,0,0,79,0,1106,0,1,63,217201,2316,0,80,0,0,0,LEADER,1,0,0,79,0,0,0,0,0,0,0,0,0,0,0
218990,74,bully,1792,1,0,0,79,0,1106,0,1,74,217198,1792,0,80,0,0,0,LEADER,1,0,0,79,0,0,0,0,0,0,0,0,0,0,0
218732,48,bully,1534,1,0,0,79,0,1106,0,1,48,217198,1534,0,80,0,0,0,LEADER,1,0,0,79,0,0,0,0,0,0,0,0,0,0,0
219195,57,bully,1995,1,0,0,79,0,1106,0,1,57,217200,1995,0,80,0,0,0,LEADER,1,0,0,79,0,0,0,0,0,0,0,0,0,0,0
219263,68,bully,2065,1,0,0,79,0,1106,0,1,68,217198,2065,0,80,0,0,0,LEADER,1,0,0,79,0,0,0,0,0,0,0,0,0,0,0
218664,45,bully,1466,1,0,0,79,0,1106,0,1,45,217198,1466,0,80,0,0,0,LEADER,1,0,0,79,0,0,0,0,0,0,0,0,0,0,0
219021,93,bully,1823,1,0,0,79,0,1106,0,1,93,217198,1823,0,80,0,0,0,LEADER,1,0,0,79,0,0,0,0,0,0,0,0,0,0,0
219602,82,bully,2404,1,0,0,79,0,1106,0,1,82,217198,2404,0,80,0,0,0,LEADER,1,0,0,79,0,0,0,0,0,0,0,0,0,0,0
219596,51,bully,2398,1,0,0,79,0,1106,0,1,51,217198,2398,0,80,0,0,0,LEADER,1,0,0,79,0,0,0,0,0,0,0,0,0,0,0
219141,39,bully,1943,1,0,0,79,0,1106,0,1,39,217198,1943,0,80,0,0,0,LEADER,1,0,0,79,0,0,0,0,0,0,0,0,0,0,0
218887,78,bully,1689,1,0,0,79,0,1106,0,1,78,217198,1689,0,80,0,0,0,LEADER,1,0,0,79,0,0,0,0,0,0,0,0,0,0,0
219275,79,bully,2077,1,0,0,79,0,1106,0,1,79,217198,2077,0,80,0,0,0,LEADER,1,0,0,79,0,0,0,0,0,0,0,0,0,0,0
218850,14,bully,1652,1,0,0,79,0,1106,0,1,14,217198,1652,0,80,0,0,0,LEADER,1,0,0,79,0,0,0,0,0,0,0,0,0,0,0
219277,36,bully,2080,1,0,0,79,0,1106,0,1,36,217197,2080,0,80,0,0,0,LEADER,1,0,0,79,0,0,0,0,0,0,0,0,0,0,0
219160,81,bully,1962,1,0,0,79,0,1106,0,1,81,217198,1962,0,80,0,0,0,LEADER,1,0,0,79,0,0,0,0,0,0,0,0,0,0,0
218820,67,bully,1622,1,0,0,79,0,1106,0,1,67,217198,1622,0,80,0,0,0,LEADER,1,0,0,79,0,0,0,0,0,0,0,0,0,0,0
219581,83,bully,2383,1,0,0,79,0,1106,0,1,83,217198,2383,0,80,0,0,0,LEADER,1,0,0,79,0,0,0,0,0,0,0,0,0,0,0
219726,99,bully,1607,1,0,0,80,0,1120,0,1,99,218119,1607,0,81,0,0,0,LEADER,1,0,0,80,0,0,0,0,0,0,0,0,0,0,0
218902,55,bully,1704,1,0,0,79,0,1106,0,1,55,217198,1704,0,80,0,0,0,LEADER,1,0,0,79,0,0,0,0,0,0,0,0,0,0,0
219693,89,bully,1574,1,0,0,80,0,1120,0,1,89,218119,1574,0,81,0,0,0,LEADER,1,0,0,80,0,0,0,0,0,0,0,0,0,0,0
218854,77,bully,1656,1,0,0,79,0,1106,0,1,77,217198,1656,0,80,0,0,0,LEADER,1,0,0,79,0,0,0,0,0,0,0,0,0,0,0
219126,71,bully,1928,1,0,0,79,0,1106,0,1,71,217198,1928,0,80,0,0,0,LEADER,1,0,0,79,0,0,0,0,0,0,0,0,0,0,0
219404,76,bully,2213,1,0,0,79,0,1106,0,1,76,217191,2213,0,80,0,0,0,LEADER,1,0,0,79,0,0,0,0,0,0,0,0,0,0,0
219038,52,bully,1840,1,0,0,79,0,1106,0,1,52,217198,1840,0,80,0,0,0,LEADER,1,0,0,79,0,0,0,0,0,0,0,0,0,0,0
219005,10,bully,1807,1,0,0,79,0,1106,0,1,10,217198,1807,0,80,0,0,0,LEADER,1,0,0,79,0,0,0,0,0,0,0,0,0,0,0
218938,22,bully,1740,1,0,0,79,0,1106,0,1,22,217198,1740,0,80,0,0,0,LEADER,1,0,0,79,0,0,0,0,0,0,0,0,0,0,0
219084,21,bully,1889,1,0,0,79,0,1106,0,1,21,217195,1889,0,80,0,0,0,LEADER,1,0,0,79,0,0,0,0,0,0,0,0,0,0,0
219344,56,bully,2146,1,0,0,79,0,1106,0,1,56,217198,2146,0,80,0,0,0,LEADER,1,0,0,79,0,0,0,0,0,0,0,0,0,0,0
218869,60,bully,1671,1,0,0,79,0,1106,0,1,60,217198,1671,0,80,0,0,0,LEADER,1,0,0,79,0,0,0,0,0,0,0,0,0,0,0
219723,25,bully,1604,1,0,0,80,0,1120,0,1,25,218119,1604,0,81,0,0,0,LEADER,1,0,0,80,0,0,0,0,0,0,0,0,0,0,0
218935,65,bully,1737,1,0,0,79,0,1106,0,1,65,217198,1737,0,80,0,0,0,LEADER,1,0,0,79,0,0,0,0,0,0,0,0,0,0,0
219611,19,bully,2413,1,0,0,79,0,1106,0,1,19,217198,2413,0,80,0,0,0,LEADER,1,0,0,79,0,0,0,0,0,0,0,0,0,0,0
219241,69,bully,2043,1,0,0,79,0,1106,0,1,69,217198,2043,0,80,0,0,0,LEADER,1,0,0,79,0,0,0,0,0,0,0,0,0,0,0
219844,54,bully,1725,1,0,0,80,0,1120,0,1,54,218119,1725,0,81,0,0,0,LEADER,1,0,0,80,0,0,0,0,0,0,0,0,0,0,0
219190,17,bully,1992,1,0,0,79,0,1106,0,1,17,217198,1992,0,80,0,0,0,LEADER,1,0,0,79,0,0,0,0,0,0,0,0,0,0,0
219705,100,bully,1586,1,0,0,80,0,1120,0,1,100,218119,1586,0,81,0,0,0,LEADER,1,0,0,80,0,0,0,0,0,0,0,0,0,0,0
219668,16,bully,1549,1,0,0,80,0,1120,0,1,16,218119,1549,0,81,0,0,0,LEADER,1,0,0,80,0,0,0,0,0,0,0,0,0,0,0
219256,37,bully,2058,1,0,0,79,0,1106,0,1,37,217198,2058,0,80,0,0,0,LEADER,1,0,0,79,0,0,0,0,0,0,0,0,0,0,0
219893,13,bully,1774,1,0,0,80,0,1120,0,1,13,218119,1774,0,81,0,0,0,LEADER,1,0,0,80,0,0,0,0,0,0,0,0,0,0,0
219053,20,bully,1855,1,0,0,79,0,1106,0,1,20,217198,1855,0,80,0,0,0,LEADER,1,0,0,79,0,0,0,0,0,0,0,0,0,0,0
219686,41,bully,1567,1,0,0,80,0,1120,0,1,41,218119,1567,0,81,0,0,0,LEADER,1,0,0,80,0,0,0,0,0,0,0,0,0,0,0
219675,47,bully,1556,1,0,0,80,0,1120,0,1,47,218119,1556,0,81,0,0,0,LEADER,1,0,0,80,0,0,0,0,0,0,0,0,0,0,0
219500,95,bully,2301,1,0,0,79,0,1106,0,1,95,217199,2301,0,80,0,0,0,LEADER,1,0,0,79,0,0,0,0,0,0,0,0,0,0,0
219363,98,bully,2165,1,0,0,79,0,1106,0,1,98,217198,2165,0,80,0,0,0,LEADER,1,0,0,79,0,0,0,0,0,0,0,0,0,0,0
219547,73,bully,2349,1,0,0,79,0,1106,0,1,73,217198,2349,0,80,0,0,0,LEADER,1,0,0,79,0,0,0,0,0,0,0,0,0,0,0
219093,61,bully,1895,1,0,0,79,0,1106,0,1,61,217198,1895,0,80,0,0,0,LEADER,1,0,0,79,0,0,0,0,0,0,0,0,0,0,0
219841,97,bully,1722,1,0,0,80,0,1120,0,1,97,218119,1722,0,81,0,0,0,LEADER,1,0,0,80,0,0,0,0,0,0,0,0,0,0,0
219871,33,bully,1752,1,0,0,80,0,1120,0,1,33,218119,1752,0,81,0,0,0,LEADER,1,0,0,80,0,0,0,0,0,0,0,0,0,0,0
219529,31,bully,2331,1,0,0,79,0,1106,0,1,31,217198,2331,0,80,0,0,0,LEADER,1,0,0,79,0,0,0,0,0,0,0,0,0,0,0
220041,40,bully,1922,1,0,0,80,0,1120,0,1,40,218119,1922,0,81,0,0,0,LEADER,1,0,0,80,0,0,0,0,0,0,0,0,0,0,0
220031,29,bully,1910,1,0,0,80,0,1120,0,1,29,218121,1910,0,81,0,0,0,LEADER,1,0,0,80,0,0,0,0,0,0,0,0,0,0,0
219857,96,bully,1744,1,0,0,80,0,1120,0,1,96,218113,1744,0,81,0,0,0,LEADER,1,0,0,80,0,0,0,0,0,0,0,0,0,0,0
219944,84,bully,1825,1,0,0,80,0,1120,0,1,84,218119,1825,0,81,0,0,0,LEADER,1,0,0,80,0,0,0,0,0,0,0,0,0,0,0
219640,80,bully,1519,1,0,0,80,0,1120,0,1,80,218121,1519,0,81,0,0,0,LEADER,1,0,0,80,0,0,0,0,0,0,0,0,0,0,0
219481,53,bully,2283,1,0,0,79,0,1106,0,1,53,217198,2283,0,80,0,0,0,LEADER,1,0,0,79,0,0,0,0,0,0,0,0,0,0,0
219557,92,bully,1438,1,0,0,80,0,1120,0,1,92,218119,1438,0,81,0,0,0,LEADER,1,0,0,80,0,0,0,0,0,0,0,0,0,0,0
219729,91,bully,1619,1,0,0,80,0,1120,0,1,91,218110,1619,0,81,0,0,0,LEADER,1,0,0,80,0,0,0,0,0,0,0,0,0,0,0
219993,62,bully,1874,1,0,0,80,0,1120,0,1,62,218119,1874,0,81,0,0,0,LEADER,1,0,0,80,0,0,0,0,0,0,0,0,0,0,0
219690,15,bully,1571,1,0,0,80,0,1120,0,1,15,218119,1571,0,81,0,0,0,LEADER,1,0,0,80,0,0,0,0,0,0,0,0,0,0,0
219359,26,bully,2161,1,0,0,79,0,1106,0,1,26,217198,2161,0,80,0,0,0,LEADER,1,0,0,79,0,0,0,0,0,0,0,0,0,0,0
220096,49,bully,1977,1,0,0,80,0,1120,0,1,49,218119,1977,0,81,0,0,0,LEADER,1,0,0,80,0,0,0,0,0,0,0,0,0,0,0
219911,58,bully,1792,1,0,0,80,0,1120,0,1,58,218119,1792,0,81,0,0,0,LEADER,1,0,0,80,0,0,0,0,0,0,0,0,0,0,0
219444,86,bully,2246,1,0,0,79,0,1106,0,1,86,217198,2246,0,80,0,0,0,LEADER,1,0,0,79,0,0,0,0,0,0,0,0,0,0,0
219617,50,bully,2419,1,0,0,79,0,1106,0,1,50,217198,2419,0,80,0,0,0,LEADER,1,0,0,79,0,0,0,0,0,0,0,0,0,0,0
219406,87,bully,2212,1,0,0,79,0,1106,0,1,87,217194,2212,0,80,0,0,0,LEADER,1,0,0,79,0,0,0,0,0,0,0,0,0,0,0
219469,85,bully,2268,1,0,0,79,0,1106,0,1,85,217201,2268,0,80,0,0,0,LEADER,1,0,0,79,0,0,0,0,0,0,0,0,0,0,0
219614,64,bully,2416,1,0,0,79,0,1106,0,1,64,217198,2416,0,80,0,0,0,LEADER,1,0,0,79,0,0,0,0,0,0,0,0,0,0,0
219463,11,bully,2264,1,0,0,79,0,1106,0,1,11,217199,2264,0,80,0,0,0,LEADER,1,0,0,79,0,0,0,0,0,0,0,0,0,0,0
219553,18,bully,1434,1,0,0,80,0,1120,0,1,18,218119,1434,0,81,0,0,0,LEADER,1,0,0,80,0,0,0,0,0,0,0,0,0,0,0
219672,90,bully,1553,1,0,0,80,0,1120,0,1,90,218119,1553,0,81,0,0,0,LEADER,1,0,0,80,0,0,0,0,0,0,0,0,0,0,0
219566,35,bully,1447,1,0,0,80,0,1120,0,1,35,218119,1447,0,81,0,0,0,LEADER,1,0,0,80,0,0,0,0,0,0,0,0,0,0,0
219447,43,bully,2249,1,0,0,79,0,1106,0,1,43,217198,2249,0,80,0,0,0,LEADER,1,0,0,79,0,0,0,0,0,0,0,0,0,0,0
219586,28,bully,1467,1,0,0,80,0,1120,0,1,28,218119,1467,0,81,0,0,0,LEADER,1,0,0,80,0,0,0,0,0,0,0,0,0,0,0
219424,44,bully,2228,1,0,0,79,0,1106,0,1,44,217196,2228,0,80,0,0,0,LEADER,1,0,0,79,0,0,0,0,0,0,0,0,0,0,0
220260,23,bully,2141,1,0,0,80,0,1120,0,1,23,218119,2141,0,81,0,0,0,LEADER,1,0,0,80,0,0,0,0,0,0,0,0,0,0,0
219580,30,bully,1461,1,0,0,80,0,1120,0,1,30,218119,1461,0,81,0,0,0,LEADER,1,0,0,80,0,0,0,0,0,0,0,0,0,0,0
219980,94,bully,1859,1,0,0,80,0,1120,0,1,94,218121,1859,0,81,0,0,0,LEADER,1,0,0,80,0,0,0,0,0,0,0,0,0,0,0
219620,38,bully,1501,1,0,0,80,0,1120,0,1,38,218119,1501,0,81,0,0,0,LEADER,1,0,0,80,0,0,0,0,0,0,0,0,0,0,0
220299,66,bully,2180,1,0,0,80,0,1120,0,1,66,218119,2180,0,81,0,0,0,LEADER,1,0,0,80,0,0,0,0,0,0,0,0,0,0,0
219605,70,bully,1486,1,0,0,80,0,1120,0,1,70,218119,1486,0,81,0,0,0,LEADER,1,0,0,80,0,0,0,0,0,0,0,0,0,0,0
220250,88,bully,2131,1,0,0,80,0,1120,0,1,88,218119,2131,0,81,0,0,0,LEADER,1,0,0,80,0,0,0,0,0,0,0,0,0,0,0
219433,75,bully,2235,1,0,0,79,0,1106,0,1,75,217198,2235,0,80,0,0,0,LEADER,1,0,0,79,0,0,0,0,0,0,0,0,0,0,0
219443,12,bully,2243,1,0,0,79,0,1106,0,1,12,217200,2243,0,80,0,0,0,LEADER,1,0,0,79,0,0,0,0,0,0,0,0,0,0,0
220144,27,bully,2025,1,0,0,80,0,1120,0,1,27,218119,2025,0,81,0,0,0,LEADER,1,0,0,80,0,0,0,0,0,0,0,0,0,0,0
219633,42,bully,1514,1,0,0,80,0,1120,0,1,42,218119,1514,0,81,0,0,0,LEADER,1,0,0,80,0,0,0,0,0,0,0,0,0,0,0
220280,24,bully,2161,1,0,0,80,0,1120,0,1,24,218119,2161,0,81,0,0,0,LEADER,1,0,0,80,0,0,0,0,0,0,0,0,0,0,0
220232,46,bully,2113,1,0,0,80,0,1120,0,1,46,218119,2113,0,81,0,0,0,LEADER,1,0,0,80,0,0,0,0,0,0,0,0,0,0,0
220129,59,bully,2010,1,0,0,80,0,1120,0,1,59,218119,2010,0,81,0,0,0,LEADER,1,0,0,80,0,0,0,0,0,0,0,0,0,0,0
219757,34,bully,1637,1,0,0,80,0,1120,0,1,34,218120,1637,0,81,0,0,0,LEADER,1,0,0,80,0,0,0,0,0,0,0,0,0,0,0
220411,32,bully,2292,1,0,0,80,0,1120,0,1,32,218119,2292,0,81,0,0,0,LEADER,1,0,0,80,0,0,0,0,0,0,0,0,0,0,0
220026,72,bully,1907,1,0,0,80,0,1120,0,1,72,218119,1907,0,81,0,0,0,LEADER,1,0,0,80,0,0,0,0,0,0,0,0,0,0,0
220438,63,bully,2316,1,0,0,80,0,1120,0,1,63,218122,2316,0,81,0,0,0,LEADER,1,0,0,80,0,0,0,0,0,0,0,0,0,0,0
219911,74,bully,1792,1,0,0,80,0,1120,0,1,74,218119,1792,0,81,0,0,0,LEADER,1,0,0,80,0,0,0,0,0,0,0,0,0,0,0
219653,48,bully,1534,1,0,0,80,0,1120,0,1,48,218119,1534,0,81,0,0,0,LEADER,1,0,0,80,0,0,0,0,0,0,0,0,0,0,0
220116,57,bully,1995,1,0,0,80,0,1120,0,1,57,218121,1995,0,81,0,0,0,LEADER,1,0,0,80,0,0,0,0,0,0,0,0,0,0,0
220184,68,bully,2065,1,0,0,80,0,1120,0,1,68,218119,2065,0,81,0,0,0,LEADER,1,0,0,80,0,0,0,0,0,0,0,0,0,0,0
219585,45,bully,1466,1,0,0,80,0,1120,0,1,45,218119,1466,0,81,0,0,0,LEADER,1,0,0,80,0,0,0,0,0,0,0,0,0,0,0
219942,93,bully,1823,1,0,0,80,0,1120,0,1,93,218119,1823,0,81,0,0,0,LEADER,1,0,0,80,0,0,0,0,0,0,0,0,0,0,0
220523,82,bully,2404,1,0,0,80,0,1120,0,1,82,218119,2404,0,81,0,0,0,LEADER,1,0,0,80,0,0,0,0,0,0,0,0,0,0,0
220517,51,bully,2398,1,0,0,80,0,1120,0,1,51,218119,2398,0,81,0,0,0,LEADER,1,0,0,80,0,0,0,0,0,0,0,0,0,0,0
220062,39,bully,1943,1,0,0,80,0,1120,0,1,39,218119,1943,0,81,0,0,0,LEADER,1,0,0,80,0,0,0,0,0,0,0,0,0,0,0
219808,78,bully,1689,1,0,0,80,0,1120,0,1,78,218119,1689,0,81,0,0,0,LEADER,1,0,0,80,0,0,0,0,0,0,0,0,0,0,0
220196,79,bully,2077,1,0,0,80,0,1120,0,1,79,218119,2077,0,81,0,0,0,LEADER,1,0,0,80,0,0,0,0,0,0,0,0,0,0,0
219771,14,bully,1652,1,0,0,80,0,1120,0,1,14,218119,1652,0,81,0,0,0,LEADER,1,0,0,80,0,0,0,0,0,0,0,0,0,0,0
220198,36,bully,2080,1,0,0,80,0,1120,0,1,36,218118,2080,0,81,0,0,0,LEADER,1,0,0,80,0,0,0,0,0,0,0,0,0,0,0
220081,81,bully,1962,1,0,0,80,0,1120,0,1,81,218119,1962,0,81,0,0,0,LEADER,1,0,0,80,0,0,0,0,0,0,0,0,0,0,0
219741,67,bully,1622,1,0,0,80,0,1120,0,1,67,218119,1622,0,81,0,0,0,LEADER,1,0,0,80,0,0,0,0,0,0,0,0,0,0,0
220502,83,bully,2383,1,0,0,80,0,1120,0,1,83,218119,2383,0,81,0,0,0,LEADER,1,0,0,80,0,0,0,0,0,0,0,0,0,0,0
220646,99,bully,1607,1,0,0,80,0,1120,0,1,99,219039,1607,0,81,0,0,0,LEADER,1,0,0,80,0,0,0,0,0,0,0,0,0,0,0
219823,55,bully,1704,1,0,0,80,0,1120,0,1,55,218119,1704,0,81,0,0,0,LEADER,1,0,0,80,0,0,0,0,0,0,0,0,0,0,0
220613,89,bully,1574,1,0,0,80,0,1120,0,1,89,219039,1574,0,81,0,0,0,LEADER,1,0,0,80,0,0,0,0,0,0,0,0,0,0,0
219775,77,bully,1656,1,0,0,80,0,1120,0,1,77,218119,1656,0,81,0,0,0,LEADER,1,0,0,80,0,0,0,0,0,0,0,0,0,0,0
220047,71,bully,1928,1,0,0,80,0,1120,0,1,71,218119,1928,0,81,0,0,0,LEADER,1,0,0,80,0,0,0,0,0,0,0,0,0,0,0
220325,76,bully,2213,1,0,0,80,0,1120,0,1,76,218112,2213,0,81,0,0,0,LEADER,1,0,0,80,0,0,0,0,0,0,0,0,0,0,0
219959,52,bully,1840,1,0,0,80,0,1120,0,1,52,218119,1840,0,81,0,0,0,LEADER,1,0,0,80,0,0,0,0,0,0,0,0,0,0,0
219926,10,bully,1807,1,0,0,80,0,1120,0,1,10,218119,1807,0,81,0,0,0,LEADER,1,0,0,80,0,0,0,0,0,0,0,0,0,0,0
219859,22,bully,1740,1,0,0,80,0,1120,0,1,22,218119,1740,0,81,0,0,0,LEADER,1,0,0,80,0,0,0,0,0,0,0,0,0,0,0
220005,21,bully,1889,1,0,0,80,0,1120,0,1,21,218116,1889,0,81,0,0,0,LEADER,1,0,0,80,0,0,0,0,0,0,0,0,0,0,0
220265,56,bully,2146,1,0,0,80,0,1120,0,1,56,218119,2146,0,81,0,0,0,LEADER,1,0,0,80,0,0,0,0,0,0,0,0,0,0,0
219790,60,bully,1671,1,0,0,80,0,1120,0,1,60,218119,1671,0,81,0,0,0,LEADER,1,0,0,80,0,0,0,0,0,0,0,0,0,0,0
220643,25,bully,1604,1,0,0,80,0,1120,0,1,25,219039,1604,0,81,0,0,0,LEADER,1,0,0,80,0,0,0,0,0,0,0,0,0,0,0
219856,65,bully,1737,1,0,0,80,0,1120,0,1,65,218119,1737,0,81,0,0,0,LEADER,1,0,0,80,0,0,0,0,0,0,0,0,0,0,0
220135,7,bully,2253,1,0,0,19,33,266,462,6,4,217882,2253,0,8,0,0,0,NORMAL,0,0,0,19,0,0,0,33,0,0,0,0,0,0,0
220532,19,bully,2413,1,0,0,80,0,1120,0,1,19,218119,2413,0,81,0,0,0,LEADER,1,0,0,80,0,0,0,0,0,0,0,0,0,0,0
220162,69,bully,2043,1,0,0,80,0,1120,0,1,69,218119,2043,0,81,0,0,0,LEADER,1,0,0,80,0,0,0,0,0,0,0,0,0,0,0
220764,54,bully,1725,1,0,0,80,0,1120,0,1,54,219039,1725,0,81,0,0,0,LEADER,1,0,0,80,0,0,0,0,0,0,0,0,0,0,0
220111,17,bully,1992,1,0,0,80,0,1120,0,1,17,218119,1992,0,81,0,0,0,LEADER,1,0,0,80,0,0,0,0,0,0,0,0,0,0,0
220625,100,bully,1586,1,0,0,80,0,1120,0,1,100,219039,1586,0,81,0,0,0,LEADER,1,0,0,80,0,0,0,0,0,0,0,0,0,0,0
220588,16,bully,1549,1,0,0,80,0,1120,0,1,16,219039,1549,0,81,0,0,0,LEADER,1,0,0,80,0,0,0,0,0,0,0,0,0,0,0
220177,37,bully,2058,1,0,0,80,0,1120,0,1,37,218119,2058,0,81,0,0,0,LEADER,1,0,0,80,0,0,0,0,0,0,0,0,0,0,0
220813,13,bully,1774,1,0,0,80,0,1120,0,1,13,219039,1774,0,81,0,0,0,LEADER,1,0,0,80,0,0,0,0,0,0,0,0,0,0,0
219974,20,bully,1855,1,0,0,80,0,1120,0,1,20,218119,1855,0,81,0,0,0,LEADER,1,0,0,80,0,0,0,0,0,0,0,0,0,0,0
220606,41,bully,1567,1,0,0,80,0,1120,0,1,41,219039,1567,0,81,0,0,0,LEADER,1,0,0,80,0,0,0,0,0,0,0,0,0,0,0
220595,47,bully,1556,1,0,0,80,0,1120,0,1,47,219039,1556,0,81,0,0,0,LEADER,1,0,0,80,0,0,0,0,0,0,0,0,0,0,0
220421,95,bully,2301,1,0,0,80,0,1120,0,1,95,218120,2301,0,81,0,0,0,LEADER,1,0,0,80,0,0,0,0,0,0,0,0,0,0,0
220284,98,bully,2165,1,0,0,80,0,1120,0,1,98,218119,2165,0,81,0,0,0,LEADER,1,0,0,80,0,0,0,0,0,0,0,0,0,0,0
220468,73,bully,2349,1,0,0,80,0,1120,0,1,73,218119,2349,0,81,0,0,0,LEADER,1,0,0,80,0,0,0,0,0,0,0,0,0,0,0
220791,33,bully,1752,1,0,0,80,0,1120,0,1,33,219039,1752,0,81,0,0,0,LEADER,1,0,0,80,0,0,0,0,0,0,0,0,0,0,0
220761,97,bully,1722,1,0,0,80,0,1120,0,1,97,219039,1722,0,81,0,0,0,LEADER,1,0,0,80,0,0,0,0,0,0,0,0,0,0,0
220014,61,bully,1895,1,0,0,80,0,1120,0,1,61,218119,1895,0,81,0,0,0,LEADER,1,0,0,80,0,0,0,0,0,0,0,0,0,0,0
220961,40,bully,1922,1,0,0,80,0,1120,0,1,40,219039,1922,0,81,0,0,0,LEADER,1,0,0,80,0,0,0,0,0,0,0,0,0,0,0
220450,31,bully,2331,1,0,0,80,0,1120,0,1,31,218119,2331,0,81,0,0,0,LEADER,1,0,0,80,0,0,0,0,0,0,0,0,0,0,0
220951,29,bully,1910,1,0,0,80,0,1120,0,1,29,219041,1910,0,81,0,0,0,LEADER,1,0,0,80,0,0,0,0,0,0,0,0,0,0,0
220777,96,bully,1744,1,0,0,80,0,1120,0,1,96,219033,1744,0,81,0,0,0,LEADER,1,0,0,80,0,0,0,0,0,0,0,0,0,0,0
220864,84,bully,1825,1,0,0,80,0,1120,0,1,84,219039,1825,0,81,0,0,0,LEADER,1,0,0,80,0,0,0,0,0,0,0,0,0,0,0
220560,80,bully,1519,1,0,0,80,0,1120,0,1,80,219041,1519,0,81,0,0,0,LEADER,1,0,0,80,0,0,0,0,0,0,0,0,0,0,0
220402,53,bully,2283,1,0,0,80,0,1120,0,1,53,218119,2283,0,81,0,0,0,LEADER,1,0,0,80,0,0,0,0,0,0,0,0,0,0,0
220477,92,bully,1438,1,0,0,80,0,1120,0,1,92,219039,1438,0,81,0,0,0,LEADER,1,0,0,80,0,0,0,0,0,0,0,0,0,0,0
220649,91,bully,1619,1,0,0,80,0,1120,0,1,91,219030,1619,0,81,0,0,0,LEADER,1,0,0,80,0,0,0,0,0,0,0,0,0,0,0
220913,62,bully,1874,1,0,0,80,0,1120,0,1,62,219039,1874,0,81,0,0,0,LEADER,1,0,0,80,0,0,0,0,0,0,0,0,0,0,0
220610,15,bully,1571,1,0,0,80,0,1120,0,1,15,219039,1571,0,81,0,0,0,LEADER,1,0,0,80,0,0,0,0,0,0,0,0,0,0,0
220280,26,bully,2161,1,0,0,80,0,1120,0,1,26,218119,2161,0,81,0,0,0,LEADER,1,0,0,80,0,0,0,0,0,0,0,0,0,0,0
221016,49,bully,1977,1,0,0,80,0,1120,0,1,49,219039,1977,0,81,0,0,0,LEADER,1,0,0,80,0,0,0,0,0,0,0,0,0,0,0
220831,58,bully,1792,1,0,0,80,0,1120,0,1,58,219039,1792,0,81,0,0,0,LEADER,1,0,0,80,0,0,0,0,0,0,0,0,0,0,0
220365,86,bully,2246,1,0,0,80,0,1120,0,1,86,218119,2246,0,81,0,0,0,LEADER,1,0,0,80,0,0,0,0,0,0,0,0,0,0,0
220538,50,bully,2419,1,0,0,80,0,1120,0,1,50,218119,2419,0,81,0,0,0,LEADER,1,0,0,80,0,0,0,0,0,0,0,0,0,0,0
220327,87,bully,2212,1,0,0,80,0,1120,0,1,87,218115,2212,0,81,0,0,0,LEADER,1,0,0,80,0,0,0,0,0,0,0,0,0,0,0
220390,85,bully,2268,1,0,0,80,0,1120,0,1,85,218122,2268,0,81,0,0,0,LEADER,1,0,0,80,0,0,0,0,0,0,0,0,0,0,0
220535,64,bully,2416,1,0,0,80,0,1120,0,1,64,218119,2416,0,81,0,0,0,LEADER,1,0,0,80,0,0,0,0,0,0,0,0,0,0,0
220473,18,bully,1434,1,0,0,80,0,1120,0,1,18,219039,1434,0,81,0,0,0,LEADER,1,0,0,80,0,0,0,0,0,0,0,0,0,0,0
220384,11,bully,2264,1,0,0,80,0,1120,0,1,11,218120,2264,0,81,0,0,0,LEADER,1,0,0,80,0,0,0,0,0,0,0,0,0,0,0
220592,90,bully,1553,1,0,0,80,0,1120,0,1,90,219039,1553,0,81,0,0,0,LEADER,1,0,0,80,0,0,0,0,0,0,0,0,0,0,0
220486,35,bully,1447,1,0,0,80,0,1120,0,1,35,219039,1447,0,81,0,0,0,LEADER,1,0,0,80,0,0,0,0,0,0,0,0,0,0,0
220368,43,bully,2249,1,0,0,80,0,1120,0,1,43,218119,2249,0,81,0,0,0,LEADER,1,0,0,80,0,0,0,0,0,0,0,0,0,0,0
220506,28,bully,1467,1,0,0,80,0,1120,0,1,28,219039,1467,0,81,0,0,0,LEADER,1,0,0,80,0,0,0,0,0,0,0,0,0,0,0
220345,44,bully,2228,1,0,0,80,0,1120,0,1,44,218117,2228,0,81,0,0,0,LEADER,1,0,0,80,0,0,0,0,0,0,0,0,0,0,0
221180,23,bully,2141,1,0,0,80,0,1120,0,1,23,219039,2141,0,81,0,0,0,LEADER,1,0,0,80,0,0,0,0,0,0,0,0,0,0,0
220500,30,bully,1461,1,0,0,80,0,1120,0,1,30,219039,1461,0,81,0,0,0,LEADER,1,0,0,80,0,0,0,0,0,0,0,0,0,0,0
220900,94,bully,1859,1,0,0,80,0,1120,0,1,94,219041,1859,0,81,0,0,0,LEADER,1,0,0,80,0,0,0,0,0,0,0,0,0,0,0
220540,38,bully,1501,1,0,0,80,0,1120,0,1,38,219039,1501,0,81,0,0,0,LEADER,1,0,0,80,0,0,0,0,0,0,0,0,0,0,0
221219,66,bully,2180,1,0,0,80,0,1120,0,1,66,219039,2180,0,81,0,0,0,LEADER,1,0,0,80,0,0,0,0,0,0,0,0,0,0,0
220525,70,bully,1486,1,0,0,80,0,1120,0,1,70,219039,1486,0,81,0,0,0,LEADER,1,0,0,80,0,0,0,0,0,0,0,0,0,0,0
221170,88,bully,2131,1,0,0,80,0,1120,0,1,88,219039,2131,0,81,0,0,0,LEADER,1,0,0,80,0,0,0,0,0,0,0,0,0,0,0
220354,75,bully,2235,1,0,0,80,0,1120,0,1,75,218119,2235,0,81,0,0,0,LEADER,1,0,0,80,0,0,0,0,0,0,0,0,0,0,0
220364,12,bully,2243,1,0,0,80,0,1120,0,1,12,218121,2243,0,81,0,0,0,LEADER,1,0,0,80,0,0,0,0,0,0,0,0,0,0,0
221064,27,bully,2025,1,0,0,80,0,1120,0,1,27,219039,2025,0,81,0,0,0,LEADER,1,0,0,80,0,0,0,0,0,0,0,0,0,0,0
220553,42,bully,1514,1,0,0,80,0,1120,0,1,42,219039,1514,0,81,0,0,0,LEADER,1,0,0,80,0,0,0,0,0,0,0,0,0,0,0
221200,24,bully,2161,1,0,0,80,0,1120,0,1,24,219039,2161,0,81,0,0,0,LEADER,1,0,0,80,0,0,0,0,0,0,0,0,0,0,0
221152,46,bully,2113,1,0,0,80,0,1120,0,1,46,219039,2113,0,81,0,0,0,LEADER,1,0,0,80,0,0,0,0,0,0,0,0,0,0,0
221049,59,bully,2010,1,0,0,80,0,1120,0,1,59,219039,2010,0,81,0,0,0,LEADER,1,0,0,80,0,0,0,0,0,0,0,0,0,0,0
220677,34,bully,1637,1,0,0,80,0,1120,0,1,34,219040,1637,0,81,0,0,0,LEADER,1,0,0,80,0,0,0,0,0,0,0,0,0,0,0
221331,32,bully,2292,1,0,0,80,0,1120,0,1,32,219039,2292,0,81,0,0,0,LEADER,1,0,0,80,0,0,0,0,0,0,0,0,0,0,0
220946,72,bully,1907,1,0,0,80,0,1120,0,1,72,219039,1907,0,81,0,0,0,LEADER,1,0,0,80,0,0,0,0,0,0,0,0,0,0,0
221358,63,bully,2316,1,0,0,80,0,1120,0,1,63,219042,2316,0,81,0,0,0,LEADER,1,0,0,80,0,0,0,0,0,0,0,0,0,0,0
220831,74,bully,1792,1,0,0,80,0,1120,0,1,74,219039,1792,0,81,0,0,0,LEADER,1,0,0,80,0,0,0,0,0,0,0,0,0,0,0
220573,48,bully,1534,1,0,0,80,0,1120,0,1,48,219039,1534,0,81,0,0,0,LEADER,1,0,0,80,0,0,0,0,0,0,0,0,0,0,0
221036,57,bully,1995,1,0,0,80,0,1120,0,1,57,219041,1995,0,81,0,0,0,LEADER,1,0,0,80,0,0,0,0,0,0,0,0,0,0,0
221104,68,bully,2065,1,0,0,80,0,1120,0,1,68,219039,2065,0,81,0,0,0,LEADER,1,0,0,80,0,0,0,0,0,0,0,0,0,0,0
220505,45,bully,1466,1,0,0,80,0,1120,0,1,45,219039,1466,0,81,0,0,0,LEADER,1,0,0,80,0,0,0,0,0,0,0,0,0,0,0
220862,93,bully,1823,1,0,0,80,0,1120,0,1,93,219039,1823,0,81,0,0,0,LEADER,1,0,0,80,0,0,0,0,0,0,0,0,0,0,0
221443,82,bully,2404,1,0,0,80,0,1120,0,1,82,219039,2404,0,81,0,0,0,LEADER,1,0,0,80,0,0,0,0,0,0,0,0,0,0,0
221437,51,bully,2398,1,0,0,80,0,1120,0,1,51,219039,2398,0,81,0,0,0,LEADER,1,0,0,80,0,0,0,0,0,0,0,0,0,0,0
220982,39,bully,1943,1,0,0,80,0,1120,0,1,39,219039,1943,0,81,0,0,0,LEADER,1,0,0,80,0,0,0,0,0,0,0,0,0,0,0
220728,78,bully,1689,1,0,0,80,0,1120,0,1,78,219039,1689,0,81,0,0,0,LEADER,1,0,0,80,0,0,0,0,0,0,0,0,0,0,0
221116,79,bully,2077,1,0,0,80,0,1120,0,1,79,219039,2077,0,81,0,0,0,LEADER,1,0,0,80,0,0,0,0,0,0,0,0,0,0,0
220691,14,bully,1652,1,0,0,80,0,1120,0,1,14,219039,1652,0,81,0,0,0,LEADER,1,0,0,80,0,0,0,0,0,0,0,0,0,0,0
221118,36,bully,2080,1,0,0,80,0,1120,0,1,36,219038,2080,0,81,0,0,0,LEADER,1,0,0,80,0,0,0,0,0,0,0,0,0,0,0
221001,81,bully,1962,1,0,0,80,0,1120,0,1,81,219039,1962,0,81,0,0,0,LEADER,1,0,0,80,0,0,0,0,0,0,0,0,0,0,0
220661,67,bully,1622,1,0,0,80,0,1120,0,1,67,219039,1622,0,81,0,0,0,LEADER,1,0,0,80,0,0,0,0,0,0,0,0,0,0,0
221422,83,bully,2383,1,0,0,80,0,1120,0,1,83,219039,2383,0,81,0,0,0,LEADER,1,0,0,80,0,0,0,0,0,0,0,0,0,0,0
221566,99,bully,1607,1,0,0,80,0,1120,0,1,99,219959,1607,0,81,0,0,0,LEADER,1,0,0,80,0,0,0,0,0,0,0,0,0,0,0
220743,55,bully,1704,1,0,0,80,0,1120,0,1,55,219039,1704,0,81,0,0,0,LEADER,1,0,0,80,0,0,0,0,0,0,0,0,0,0,0
221533,89,bully,1574,1,0,0,80,0,1120,0,1,89,219959,1574,0,81,0,0,0,LEADER,1,0,0,80,0,0,0,0,0,0,0,0,0,0,0
220695,77,bully,1656,1,0,0,80,0,1120,0,1,77,219039,1656,0,81,0,0,0,LEADER,1,0,0,80,0,0,0,0,0,0,0,0,0,0,0
220967,71,bully,1928,1,0,0,80,0,1120,0,1,71,219039,1928,0,81,0,0,0,LEADER,1,0,0,80,0,0,0,0,0,0,0,0,0,0,0
221245,76,bully,2213,1,0,0,80,0,1120,0,1,76,219032,2213,0,81,0,0,0,LEADER,1,0,0,80,0,0,0,0,0,0,0,0,0,0,0
220879,52,bully,1840,1,0,0,80,0,1120,0,1,52,219039,1840,0,81,0,0,0,LEADER,1,0,0,80,0,0,0,0,0,0,0,0,0,0,0
220846,10,bully,1807,1,0,0,80,0,1120,0,1,10,219039,1807,0,81,0,0,0,LEADER,1,0,0,80,0,0,0,0,0,0,0,0,0,0,0
220779,22,bully,1740,1,0,0,80,0,1120,0,1,22,219039,1740,0,81,0,0,0,LEADER,1,0,0,80,0,0,0,0,0,0,0,0,0,0,0
220925,21,bully,1889,1,0,0,80,0,1120,0,1,21,219036,1889,0,81,0,0,0,LEADER,1,0,0,80,0,0,0,0,0,0,0,0,0,0,0
221185,56,bully,2146,1,0,0,80,0,1120,0,1,56,219039,2146,0,81,0,0,0,LEADER,1,0,0,80,0,0,0,0,0,0,0,0,0,0,0
220710,60,bully,1671,1,0,0,80,0,1120,0,1,60,219039,1671,0,81,0,0,0,LEADER,1,0,0,80,0,0,0,0,0,0,0,0,0,0,0
221563,25,bully,1604,1,0,0,80,0,1120,0,1,25,219959,1604,0,81,0,0,0,LEADER,1,0,0,80,0,0,0,0,0,0,0,0,0,0,0
220776,65,bully,1737,1,0,0,80,0,1120,0,1,65,219039,1737,0,81,0,0,0,LEADER,1,0,0,80,0,0,0,0,0,0,0,0,0,0,0
221452,19,bully,2413,1,0,0,80,0,1120,0,1,19,219039,2413,0,81,0,0,0,LEADER,1,0,0,80,0,0,0,0,0,0,0,0,0,0,0
221082,69,bully,2043,1,0,0,80,0,1120,0,1,69,219039,2043,0,81,0,0,0,LEADER,1,0,0,80,0,0,0,0,0,0,0,0,0,0,0
221684,54,bully,1725,1,0,0,80,0,1120,0,1,54,219959,1725,0,81,0,0,0,LEADER,1,0,0,80,0,0,0,0,0,0,0,0,0,0,0
221031,17,bully,1992,1,0,0,80,0,1120,0,1,17,219039,1992,0,81,0,0,0,LEADER,1,0,0,80,0,0,0,0,0,0,0,0,0,0,0
221545,100,bully,1586,1,0,0,80,0,1120,0,1,100,219959,1586,0,81,0,0,0,LEADER,1,0,0,80,0,0,0,0,0,0,0,0,0,0,0
221508,16,bully,1549,1,0,0,80,0,1120,0,1,16,219959,1549,0,81,0,0,0,LEADER,1,0,0,80,0,0,0,0,0,0,0,0,0,0,0
221097,37,bully,2058,1,0,0,80,0,1120,0,1,37,219039,2058,0,81,0,0,0,LEADER,1,0,0,80,0,0,0,0,0,0,0,0,0,0,0
221733,13,bully,1774,1,0,0,80,0,1120,0,1,13,219959,1774,0,81,0,0,0,LEADER,1,0,0,80,0,0,0,0,0,0,0,0,0,0,0
220894,20,bully,1855,1,0,0,80,0,1120,0,1,20,219039,1855,0,81,0,0,0,LEADER,1,0,0,80,0,0,0,0,0,0,0,0,0,0,0
221526,41,bully,1567,1,0,0,80,0,1120,0,1,41,219959,1567,0,81,0,0,0,LEADER,1,0,0,80,0,0,0,0,0,0,0,0,0,0,0
221515,47,bully,1556,1,0,0,80,0,1120,0,1,47,219959,1556,0,81,0,0,0,LEADER,1,0,0,80,0,0,0,0,0,0,0,0,0,0,0
221341,95,bully,2301,1,0,0,80,0,1120,0,1,95,219040,2301,0,81,0,0,0,LEADER,1,0,0,80,0,0,0,0,0,0,0,0,0,0,0
221204,98,bully,2165,1,0,0,80,0,1120,0,1,98,219039,2165,0,81,0,0,0,LEADER,1,0,0,80,0,0,0,0,0,0,0,0,0,0,0
221388,73,bully,2349,1,0,0,80,0,1120,0,1,73,219039,2349,0,81,0,0,0,LEADER,1,0,0,80,0,0,0,0,0,0,0,0,0,0,0
221711,33,bully,1752,1,0,0,80,0,1120,0,1,33,219959,1752,0,81,0,0,0,LEADER,1,0,0,80,0,0,0,0,0,0,0,0,0,0,0
221681,97,bully,1722,1,0,0,80,0,1120,0,1,97,219959,1722,0,81,0,0,0,LEADER,1,0,0,80,0,0,0,0,0,0,0,0,0,0,0
220934,61,bully,1895,1,0,0,80,0,1120,0,1,61,219039,1895,0,81,0,0,0,LEADER,1,0,0,80,0,0,0,0,0,0,0,0,0,0,0
221881,40,bully,1922,1,0,0,80,0,1120,0,1,40,219959,1922,0,81,0,0,0,LEADER,1,0,0,80,0,0,0,0,0,0,0,0,0,0,0
221370,31,bully,2331,1,0,0,80,0,1120,0,1,31,219039,2331,0,81,0,0,0,LEADER,1,0,0,80,0,0,0,0,0,0,0,0,0,0,0
221871,29,bully,1910,1,0,0,80,0,1120,0,1,29,219961,1910,0,81,0,0,0,LEADER,1,0,0,80,0,0,0,0,0,0,0,0,0,0,0
221697,96,bully,1744,1,0,0,80,0,1120,0,1,96,219953,1744,0,81,0,0,0,LEADER,1,0,0,80,0,0,0,0,0,0,0,0,0,0,0
221784,84,bully,1825,1,0,0,80,0,1120,0,1,84,219959,1825,0,81,0,0,0,LEADER,1,0,0,80,0,0,0,0,0,0,0,0,0,0,0
221480,80,bully,1519,1,0,0,80,0,1120,0,1,80,219961,1519,0,81,0,0,0,LEADER,1,0,0,80,0,0,0,0,0,0,0,0,0,0,0
221322,53,bully,2283,1,0,0,80,0,1120,0,1,53,219039,2283,0,81,0,0,0,LEADER,1,0,0,80,0,0,0,0,0,0,0,0,0,0,0
221397,92,bully,1438,1,0,0,80,0,1120,0,1,92,219959,1438,0,81,0,0,0,LEADER,1,0,0,80,0,0,0,0,0,0,0,0,0,0,0
221569,91,bully,1619,1,0,0,80,0,1120,0,1,91,219950,1619,0,81,0,0,0,LEADER,1,0,0,80,0,0,0,0,0,0,0,0,0,0,0
221833,62,bully,1874,1,0,0,80,0,1120,0,1,62,219959,1874,0,81,0,0,0,LEADER,1,0,0,80,0,0,0,0,0,0,0,0,0,0,0
221530,15,bully,1571,1,0,0,80,0,1120,0,1,15,219959,1571,0,81,0,0,0,LEADER,1,0,0,80,0,0,0,0,0,0,0,0,0,0,0
221200,26,bully,2161,1,0,0,80,0,1120,0,1,26,219039,2161,0,81,0,0,0,LEADER,1,0,0,80,0,0,0,0,0,0,0,0,0,0,0
221936,49,bully,1977,1,0,0,80,0,1120,0,1,49,219959,1977,0,81,0,0,0,LEADER,1,0,0,80,0,0,0,0,0,0,0,0,0,0,0
221751,58,bully,1792,1,0,0,80,0,1120,0,1,58,219959,1792,0,81,0,0,0,LEADER,1,0,0,80,0,0,0,0,0,0,0,0,0,0,0
221285,86,bully,2246,1,0,0,80,0,1120,0,1,86,219039,2246,0,81,0,0,0,LEADER,1,0,0,80,0,0,0,0,0,0,0,0,0,0,0
221458,50,bully,2419,1,0,0,80,0,1120,0,1,50,219039,2419,0,81,0,0,0,LEADER,1,0,0,80,0,0,0,0,0,0,0,0,0,0,0
221247,87,bully,2212,1,0,0,80,0,1120,0,1,87,219035,2212,0,81,0,0,0,LEADER,1,0,0,80,0,0,0,0,0,0,0,0,0,0,0
221310,85,bully,2268,1,0,0,80,0,1120,0,1,85,219042,2268,0,81,0,0,0,LEADER,1,0,0,80,0,0,0,0,0,0,0,0,0,0,0
221455,64,bully,2416,1,0,0,80,0,1120,0,1,64,219039,2416,0,81,0,0,0,LEADER,1,0,0,80,0,0,0,0,0,0,0,0,0,0,0
221393,18,bully,1434,1,0,0,80,0,1120,0,1,18,219959,1434,0,81,0,0,0,LEADER,1,0,0,80,0,0,0,0,0,0,0,0,0,0,0
221304,11,bully,2264,1,0,0,80,0,1120,0,1,11,219040,2264,0,81,0,0,0,LEADER,1,0,0,80,0,0,0,0,0,0,0,0,0,0,0
221512,90,bully,1553,1,0,0,80,0,1120,0,1,90,219959,1553,0,81,0,0,0,LEADER,1,0,0,80,0,0,0,0,0,0,0,0,0,0,0
221406,35,bully,1447,1,0,0,80,0,1120,0,1,35,219959,1447,0,81,0,0,0,LEADER,1,0,0,80,0,0,0,0,0,0,0,0,0,0,0
221288,43,bully,2249,1,0,0,80,0,1120,0,1,43,219039,2249,0,81,0,0,0,LEADER,1,0,0,80,0,0,0,0,0,0,0,0,0,0,0
221426,28,bully,1467,1,0,0,80,0,1120,0,1,28,219959,1467,0,81,0,0,0,LEADER,1,0,0,80,0,0,0,0,0,0,0,0,0,0,0
221265,44,bully,2228,1,0,0,80,0,1120,0,1,44,219037,2228,0,81,0,0,0,LEADER,1,0,0,80,0,0,0,0,0,0,0,0,0,0,0
222100,23,bully,2141,1,0,0,80,0,1120,0,1,23,219959,2141,0,81,0,0,0,LEADER,1,0,0,80,0,0,0,0,0,0,0,0,0,0,0
221420,30,bully,1461,1,0,0,80,0,1120,0,1,30,219959,1461,0,81,0,0,0,LEADER,1,0,0,80,0,0,0,0,0,0,0,0,0,0,0
221820,94,bully,1859,1,0,0,80,0,1120,0,1,94,219961,1859,0,81,0,0,0,LEADER,1,0,0,80,0,0,0,0,0,0,0,0,0,0,0
221460,38,bully,1501,1,0,0,80,0,1120,0,1,38,219959,1501,0,81,0,0,0,LEADER,1,0,0,80,0,0,0,0,0,0,0,0,0,0,0
222139,66,bully,2180,1,0,0,80,0,1120,0,1,66,219959,2180,0,81,0,0,0,LEADER,1,0,0,80,0,0,0,0,0,0,0,0,0,0,0
221445,70,bully,1486,1,0,0,80,0,1120,0,1,70,219959,1486,0,81,0,0,0,LEADER,1,0,0,80,0,0,0,0,0,0,0,0,0,0,0
222090,88,bully,2131,1,0,0,80,0,1120,0,1,88,219959,2131,0,81,0,0,0,LEADER,1,0,0,80,0,0,0,0,0,0,0,0,0,0,0
221274,75,bully,2235,1,0,0,80,0,1120,0,1,75,219039,2235,0,81,0,0,0,LEADER,1,0,0,80,0,0,0,0,0,0,0,0,0,0,0
221494,5,bully,2001,1,0,0,19,28,266,392,6,4,219493,2001,0,9,0,0,0,NORMAL,0,0,0,19,0,0,0,28,0,0,0,0,0,0,0
221284,12,bully,2243,1,0,0,80,0,1120,0,1,12,219041,2243,0,81,0,0,0,LEADER,1,0,0,80,0,0,0,0,0,0,0,0,0,0,0
221984,27,bully,2025,1,0,0,80,0,1120,0,1,27,219959,2025,0,81,0,0,0,LEADER,1,0,0,80,0,0,0,0,0,0,0,0,0,0,0
221473,42,bully,1514,1,0,0,80,0,1120,0,1,42,219959,1514,0,81,0,0,0,LEADER,1,0,0,80,0,0,0,0,0,0,0,0,0,0,0
222120,24,bully,2161,1,0,0,80,0,1120,0,1,24,219959,2161,0,81,0,0,0,LEADER,1,0,0,80,0,0,0,0,0,0,0,0,0,0,0
222072,46,bully,2113,1,0,0,80,0,1120,0,1,46,219959,2113,0,81,0,0,0,LEADER,1,0,0,80,0,0,0,0,0,0,0,0,0,0,0
221969,59,bully,2010,1,0,0,80,0,1120,0,1,59,219959,2010,0,81,0,0,0,LEADER,1,0,0,80,0,0,0,0,0,0,0,0,0,0,0
222251,32,bully,2292,1,0,0,80,0,1120,0,1,32,219959,2292,0,81,0,0,0,LEADER,1,0,0,80,0,0,0,0,0,0,0,0,0,0,0
221597,34,bully,1637,1,0,0,80,0,1120,0,1,34,219960,1637,0,81,0,0,0,LEADER,1,0,0,80,0,0,0,0,0,0,0,0,0,0,0
221866,72,bully,1907,1,0,0,80,0,1120,0,1,72,219959,1907,0,81,0,0,0,LEADER,1,0,0,80,0,0,0,0,0,0,0,0,0,0,0
222278,63,bully,2316,1,0,0,80,0,1120,0,1,63,219962,2316,0,81,0,0,0,LEADER,1,0,0,80,0,0,0,0,0,0,0,0,0,0,0
221751,74,bully,1792,1,0,0,80,0,1120,0,1,74,219959,1792,0,81,0,0,0,LEADER,1,0,0,80,0,0,0,0,0,0,0,0,0,0,0
221493,48,bully,1534,1,0,0,80,0,1120,0,1,48,219959,1534,0,81,0,0,0,LEADER,1,0,0,80,0,0,0,0,0,0,0,0,0,0,0
221956,57,bully,1995,1,0,0,80,0,1120,0,1,57,219961,1995,0,81,0,0,0,LEADER,1,0,0,80,0,0,0,0,0,0,0,0,0,0,0
222024,68,bully,2065,1,0,0,80,0,1120,0,1,68,219959,2065,0,81,0,0,0,LEADER,1,0,0,80,0,0,0,0,0,0,0,0,0,0,0
221425,45,bully,1466,1,0,0,80,0,1120,0,1,45,219959,1466,0,81,0,0,0,LEADER,1,0,0,80,0,0,0,0,0,0,0,0,0,0,0
221782,93,bully,1823,1,0,0,80,0,1120,0,1,93,219959,1823,0,81,0,0,0,LEADER,1,0,0,80,0,0,0,0,0,0,0,0,0,0,0
222363,82,bully,2404,1,0,0,80,0,1120,0,1,82,219959,2404,0,81,0,0,0,LEADER,1,0,0,80,0,0,0,0,0,0,0,0,0,0,0
222357,51,bully,2398,1,0,0,80,0,1120,0,1,51,219959,2398,0,81,0,0,0,LEADER,1,0,0,80,0,0,0,0,0,0,0,0,0,0,0
221902,39,bully,1943,1,0,0,80,0,1120,0,1,39,219959,1943,0,81,0,0,0,LEADER,1,0,0,80,0,0,0,0,0,0,0,0,0,0,0
221648,78,bully,1689,1,0,0,80,0,1120,0,1,78,219959,1689,0,81,0,0,0,LEADER,1,0,0,80,0,0,0,0,0,0,0,0,0,0,0
222036,79,bully,2077,1,0,0,80,0,1120,0,1,79,219959,2077,0,81,0,0,0,LEADER,1,0,0,80,0,0,0,0,0,0,0,0,0,0,0
221611,14,bully,1652,1,0,0,80,0,1120,0,1,14,219959,1652,0,81,0,0,0,LEADER,1,0,0,80,0,0,0,0,0,0,0,0,0,0,0
222038,36,bully,2080,1,0,0,80,0,1120,0,1,36,219958,2080,0,81,0,0,0,LEADER,1,0,0,80,0,0,0,0,0,0,0,0,0,0,0
221921,81,bully,1962,1,0,0,80,0,1120,0,1,81,219959,1962,0,81,0,0,0,LEADER,1,0,0,80,0,0,0,0,0,0,0,0,0,0,0
221581,67,bully,1622,1,0,0,80,0,1120,0,1,67,219959,1622,0,81,0,0,0,LEADER,1,0,0,80,0,0,0,0,0,0,0,0,0,0,0
222342,83,bully,2383,1,0,0,80,0,1120,0,1,83,219959,2383,0,81,0,0,0,LEADER,1,0,0,80,0,0,0,0,0,0,0,0,0,0,0
222487,99,bully,1607,1,0,0,81,0,1134,0,1,99,220880,1607,0,82,0,0,0,LEADER,1,0,0,81,0,0,0,0,0,0,0,0,0,0,0
221663,55,bully,1704,1,0,0,80,0,1120,0,1,55,219959,1704,0,81,0,0,0,LEADER,1,0,0,80,0,0,0,0,0,0,0,0,0,0,0
222454,89,bully,1574,1,0,0,81,0,1134,0,1,89,220880,1574,0,82,0,0,0,LEADER,1,0,0,81,0,0,0,0,0,0,0,0,0,0,0
221615,77,bully,1656,1,0,0,80,0,1120,0,1,77,219959,1656,0,81,0,0,0,LEADER,1,0,0,80,0,0,0,0,0,0,0,0,0,0,0
221887,71,bully,1928,1,0,0,80,0,1120,0,1,71,219959,1928,0,81,0,0,0,LEADER,1,0,0,80,0,0,0,0,0,0,0,0,0,0,0
222165,76,bully,2213,1,0,0,80,0,1120,0,1,76,219952,2213,0,81,0,0,0,LEADER,1,0,0,80,0,0,0,0,0,0,0,0,0,0,0
221799,52,bully,1840,1,0,0,80,0,1120,0,1,52,219959,1840,0,81,0,0,0,LEADER,1,0,0,80,0,0,0,0,0,0,0,0,0,0,0
221766,10,bully,1807,1,0,0,80,0,1120,0,1,10,219959,1807,0,81,0,0,0,LEADER,1,0,0,80,0,0,0,0,0,0,0,0,0,0,0
221699,22,bully,1740,1,0,0,80,0,1120,0,1,22,219959,1740,0,81,0,0,0,LEADER,1,0,0,80,0,0,0,0,0,0,0,0,0,0,0
221845,21,bully,1889,1,0,0,80,0,1120,0,1,21,219956,1889,0,81,0,0,0,LEADER,1,0,0,80,0,0,0,0,0,0,0,0,0,0,0
222105,56,bully,2146,1,0,0,80,0,1120,0,1,56,219959,2146,0,81,0,0,0,LEADER,1,0,0,80,0,0,0,0,0,0,0,0,0,0,0
221630,60,bully,1671,1,0,0,80,0,1120,0,1,60,219959,1671,0,81,0,0,0,LEADER,1,0,0,80,0,0,0,0,0,0,0,0,0,0,0
222484,25,bully,1604,1,0,0,81,0,1134,0,1,25,220880,1604,0,82,0,0,0,LEADER,1,0,0,81,0,0,0,0,0,0,0,0,0,0,0
221696,65,bully,1737,1,0,0,80,0,1120,0,1,65,219959,1737,0,81,0,0,0,LEADER,1,0,0,80,0,0,0,0,0,0,0,0,0,0,0
222372,19,bully,2413,1,0,0,80,0,1120,0,1,19,219959,2413,0,81,0,0,0,LEADER,1,0,0,80,0,0,0,0,0,0,0,0,0,0,0
222002,69,bully,2043,1,0,0,80,0,1120,0,1,69,219959,2043,0,81,0,0,0,LEADER,1,0,0,80,0,0,0,0,0,0,0,0,0,0,0
222605,54,bully,1725,1,0,0,81,0,1134,0,1,54,220880,1725,0,82,0,0,0,LEADER,1,0,0,81,0,0,0,0,0,0,0,0,0,0,0
221951,17,bully,1992,1,0,0,80,0,1120,0,1,17,219959,1992,0,81,0,0,0,LEADER,1,0,0,80,0,0,0,0,0,0,0,0,0,0,0
222466,100,bully,1586,1,0,0,81,0,1134,0,1,100,220880,1586,0,82,0,0,0,LEADER,1,0,0,81,0,0,0,0,0,0,0,0,0,0,0
222429,16,bully,1549,1,0,0,81,0,1134,0,1,16,220880,1549,0,82,0,0,0,LEADER,1,0,0,81,0,0,0,0,0,0,0,0,0,0,0
222017,37,bully,2058,1,0,0,80,0,1120,0,1,37,219959,2058,0,81,0,0,0,LEADER,1,0,0,80,0,0,0,0,0,0,0,0,0,0,0
222654,13,bully,1774,1,0,0,81,0,1134,0,1,13,220880,1774,0,82,0,0,0,LEADER,1,0,0,81,0,0,0,0,0,0,0,0,0,0,0
221814,20,bully,1855,1,0,0,80,0,1120,0,1,20,219959,1855,0,81,0,0,0,LEADER,1,0,0,80,0,0,0,0,0,0,0,0,0,0,0
222447,41,bully,1567,1,0,0,81,0,1134,0,1,41,220880,1567,0,82,0,0,0,LEADER,1,0,0,81,0,0,0,0,0,0,0,0,0,0,0
222436,47,bully,1556,1,0,0,81,0,1134,0,1,47,220880,1556,0,82,0,0,0,LEADER,1,0,0,81,0,0,0,0,0,0,0,0,0,0,0
222261,95,bully,2301,1,0,0,80,0,1120,0,1,95,219960,2301,0,81,0,0,0,LEADER,1,0,0,80,0,0,0,0,0,0,0,0,0,0,0
222124,98,bully,2165,1,0,0,80,0,1120,0,1,98,219959,2165,0,81,0,0,0,LEADER,1,0,0,80,0,0,0,0,0,0,0,0,0,0,0
222308,73,bully,2349,1,0,0,80,0,1120,0,1,73,219959,2349,0,81,0,0,0,LEADER,1,0,0,80,0,0,0,0,0,0,0,0,0,0,0
221854,61,bully,1895,1,0,0,80,0,1120,0,1,61,219959,1895,0,81,0,0,0,LEADER,1,0,0,80,0,0,0,0,0,0,0,0,0,0,0
222602,97,bully,1722,1,0,0,81,0,1134,0,1,97,220880,1722,0,82,0,0,0,LEADER,1,0,0,81,0,0,0,0,0,0,0,0,0,0,0
222632,33,bully,1752,1,0,0,81,0,1134,0,1,33,220880,1752,0,82,0,0,0,LEADER,1,0,0,81,0,0,0,0,0,0,0,0,0,0,0
222290,31,bully,2331,1,0,0,80,0,1120,0,1,31,219959,2331,0,81,0,0,0,LEADER,1,0,0,80,0,0,0,0,0,0,0,0,0,0,0
222802,40,bully,1922,1,0,0,81,0,1134,0,1,40,220880,1922,0,82,0,0,0,LEADER,1,0,0,81,0,0,0,0,0,0,0,0,0,0,0
222792,29,bully,1910,1,0,0,81,0,1134,0,1,29,220882,1910,0,82,0,0,0,LEADER,1,0,0,81,0,0,0,0,0,0,0,0,0,0,0
222618,96,bully,1744,1,0,0,81,0,1134,0,1,96,220874,1744,0,82,0,0,0,LEADER,1,0,0,81,0,0,0,0,0,0,0,0,0,0,0
222705,84,bully,1825,1,0,0,81,0,1134,0,1,84,220880,1825,0,82,0,0,0,LEADER,1,0,0,81,0,0,0,0,0,0,0,0,0,0,0
222401,80,bully,1519,1,0,0,81,0,1134,0,1,80,220882,1519,0,82,0,0,0,LEADER,1,0,0,81,0,0,0,0,0,0,0,0,0,0,0
222242,53,bully,2283,1,0,0,80,0,1120,0,1,53,219959,2283,0,81,0,0,0,LEADER,1,0,0,80,0,0,0,0,0,0,0,0,0,0,0
222318,92,bully,1438,1,0,0,81,0,1134,0,1,92,220880,1438,0,82,0,0,0,LEADER,1,0,0,81,0,0,0,0,0,0,0,0,0,0,0
222490,91,bully,1619,1,0,0,81,0,1134,0,1,91,220871,1619,0,82,0,0,0,LEADER,1,0,0,81,0,0,0,0,0,0,0,0,0,0,0
222754,62,bully,1874,1,0,0,81,0,1134,0,1,62,220880,1874,0,82,0,0,0,LEADER,1,0,0,81,0,0,0,0,0,0,0,0,0,0,0
222451,15,bully,1571,1,0,0,81,0,1134,0,1,15,220880,1571,0,82,0,0,0,LEADER,1,0,0,81,0,0,0,0,0,0,0,0,0,0,0
222120,26,bully,2161,1,0,0,80,0,1120,0,1,26,219959,2161,0,81,0,0,0,LEADER,1,0,0,80,0,0,0,0,0,0,0,0,0,0,0
222857,49,bully,1977,1,0,0,81,0,1134,0,1,49,220880,1977,0,82,0,0,0,LEADER,1,0,0,81,0,0,0,0,0,0,0,0,0,0,0
222672,58,bully,1792,1,0,0,81,0,1134,0,1,58,220880,1792,0,82,0,0,0,LEADER,1,0,0,81,0,0,0,0,0,0,0,0,0,0,0
222205,86,bully,2246,1,0,0,80,0,1120,0,1,86,219959,2246,0,81,0,0,0,LEADER,1,0,0,80,0,0,0,0,0,0,0,0,0,0,0
222378,50,bully,2419,1,0,0,80,0,1120,0,1,50,219959,2419,0,81,0,0,0,LEADER,1,0,0,80,0,0,0,0,0,0,0,0,0,0,0
222167,87,bully,2212,1,0,0,80,0,1120,0,1,87,219955,2212,0,81,0,0,0,LEADER,1,0,0,80,0,0,0,0,0,0,0,0,0,0,0
222230,85,bully,2268,1,0,0,80,0,1120,0,1,85,219962,2268,0,81,0,0,0,LEADER,1,0,0,80,0,0,0,0,0,0,0,0,0,0,0
222375,64,bully,2416,1,0,0,80,0,1120,0,1,64,219959,2416,0,81,0,0,0,LEADER,1,0,0,80,0,0,0,0,0,0,0,0,0,0,0
222224,11,bully,2264,1,0,0,80,0,1120,0,1,11,219960,2264,0,81,0,0,0,LEADER,1,0,0,80,0,0,0,0,0,0,0,0,0,0,0
222314,18,bully,1434,1,0,0,81,0,1134,0,1,18,220880,1434,0,82,0,0,0,LEADER,1,0,0,81,0,0,0,0,0,0,0,0,0,0,0
222433,90,bully,1553,1,0,0,81,0,1134,0,1,90,220880,1553,0,82,0,0,0,LEADER,1,0,0,81,0,0,0,0,0,0,0,0,0,0,0
222327,35,bully,1447,1,0,0,81,0,1134,0,1,35,220880,1447,0,82,0,0,0,LEADER,1,0,0,81,0,0,0,0,0,0,0,0,0,0,0
222208,43,bully,2249,1,0,0,80,0,1120,0,1,43,219959,2249,0,81,0,0,0,LEADER,1,0,0,80,0,0,0,0,0,0,0,0,0,0,0
222306,4,bully,2115,1,0,0,14,30,196,420,4,4,220191,2115,0,9,0,0,0,LEADER,1,0,0,14,0,0,0,30,0,0,0,0,0,0,0
222347,28,bully,1467,1,0,0,81,0,1134,0,1,28,220880,1467,0,82,0,0,0,LEADER,1,0,0,81,0,0,0,0,0,0,0,0,0,0,0
222185,44,bully,2228,1,0,0,80,0,1120,0,1,44,219957,2228,0,81,0,0,0,LEADER,1,0,0,80,0,0,0,0,0,0,0,0,0,0,0
223021,23,bully,2141,1,0,0,81,0,1134,0,1,23,220880,2141,0,82,0,0,0,LEADER,1,0,0,81,0,0,0,0,0,0,0,0,0,0,0
222341,30,bully,1461,1,0,0,81,0,1134,0,1,30,220880,1461,0,82,0,0,0,LEADER,1,0,0,81,0,0,0,0,0,0,0,0,0,0,0
222741,94,bully,1859,1,0,0,81,0,1134,0,1,94,220882,1859,0,82,0,0,0,LEADER,1,0,0,81,0,0,0,0,0,0,0,0,0,0,0
222381,38,bully,1501,1,0,0,81,0,1134,0,1,38,220880,1501,0,82,0,0,0,LEADER,1,0,0,81,0,0,0,0,0,0,0,0,0,0,0
223060,66,bully,2180,1,0,0,81,0,1134,0,1,66,220880,2180,0,82,0,0,0,LEADER,1,0,0,81,0,0,0,0,0,0,0,0,0,0,0
222366,70,bully,1486,1,0,0,81,0,1134,0,1,70,220880,1486,0,82,0,0,0,LEADER,1,0,0,81,0,0,0,0,0,0,0,0,0,0,0
223011,88,bully,2131,1,0,0,81,0,1134,0,1,88,220880,2131,0,82,0,0,0,LEADER,1,0,0,81,0,0,0,0,0,0,0,0,0,0,0
222194,75,bully,2235,1,0,0,80,0,1120,0,1,75,219959,2235,0,81,0,0,0,LEADER,1,0,0,80,0,0,0,0,0,0,0,0,0,0,0
222204,12,bully,2243,1,0,0,80,0,1120,0,1,12,219961,2243,0,81,0,0,0,LEADER,1,0,0,80,0,0,0,0,0,0,0,0,0,0,0
222905,27,bully,2025,1,0,0,81,0,1134,0,1,27,220880,2025,0,82,0,0,0,LEADER,1,0,0,81,0,0,0,0,0,0,0,0,0,0,0
222394,42,bully,1514,1,0,0,81,0,1134,0,1,42,220880,1514,0,82,0,0,0,LEADER,1,0,0,81,0,0,0,0,0,0,0,0,0,0,0
223041,24,bully,2161,1,0,0,81,0,1134,0,1,24,220880,2161,0,82,0,0,0,LEADER,1,0,0,81,0,0,0,0,0,0,0,0,0,0,0
222993,46,bully,2113,1,0,0,81,0,1134,0,1,46,220880,2113,0,82,0,0,0,LEADER,1,0,0,81,0,0,0,0,0,0,0,0,0,0,0
222890,59,bully,2010,1,0,0,81,0,1134,0,1,59,220880,2010,0,82,0,0,0,LEADER,1,0,0,81,0,0,0,0,0,0,0,0,0,0,0
222518,34,bully,1637,1,0,0,81,0,1134,0,1,34,220881,1637,0,82,0,0,0,LEADER,1,0,0,81,0,0,0,0,0,0,0,0,0,0,0
223172,32,bully,2292,1,0,0,81,0,1134,0,1,32,220880,2292,0,82,0,0,0,LEADER,1,0,0,81,0,0,0,0,0,0,0,0,0,0,0
222787,72,bully,1907,1,0,0,81,0,1134,0,1,72,220880,1907,0,82,0,0,0,LEADER,1,0,0,81,0,0,0,0,0,0,0,0,0,0,0
223199,63,bully,2316,1,0,0,81,0,1134,0,1,63,220883,2316,0,82,0,0,0,LEADER,1,0,0,81,0,0,0,0,0,0,0,0,0,0,0
222672,74,bully,1792,1,0,0,81,0,1134,0,1,74,220880,1792,0,82,0,0,0,LEADER,1,0,0,81,0,0,0,0,0,0,0,0,0,0,0
222414,48,bully,1534,1,0,0,81,0,1134,0,1,48,220880,1534,0,82,0,0,0,LEADER,1,0,0,81,0,0,0,0,0,0,0,0,0,0,0
222877,57,bully,1995,1,0,0,81,0,1134,0,1,57,220882,1995,0,82,0,0,0,LEADER,1,0,0,81,0,0,0,0,0,0,0,0,0,0,0
222945,68,bully,2065,1,0,0,81,0,1134,0,1,68,220880,2065,0,82,0,0,0,LEADER,1,0,0,81,0,0,0,0,0,0,0,0,0,0,0
222346,45,bully,1466,1,0,0,81,0,1134,0,1,45,220880,1466,0,82,0,0,0,LEADER,1,0,0,81,0,0,0,0,0,0,0,0,0,0,0
222703,93,bully,1823,1,0,0,81,0,1134,0,1,93,220880,1823,0,82,0,0,0,LEADER,1,0,0,81,0,0,0,0,0,0,0,0,0,0,0
223284,82,bully,2404,1,0,0,81,0,1134,0,1,82,220880,2404,0,82,0,0,0,LEADER,1,0,0,81,0,0,0,0,0,0,0,0,0,0,0
223278,51,bully,2398,1,0,0,81,0,1134,0,1,51,220880,2398,0,82,0,0,0,LEADER,1,0,0,81,0,0,0,0,0,0,0,0,0,0,0
222823,39,bully,1943,1,0,0,81,0,1134,0,1,39,220880,1943,0,82,0,0,0,LEADER,1,0,0,81,0,0,0,0,0,0,0,0,0,0,0
222569,78,bully,1689,1,0,0,81,0,1134,0,1,78,220880,1689,0,82,0,0,0,LEADER,1,0,0,81,0,0,0,0,0,0,0,0,0,0,0
222957,79,bully,2077,1,0,0,81,0,1134,0,1,79,220880,2077,0,82,0,0,0,LEADER,1,0,0,81,0,0,0,0,0,0,0,0,0,0,0
222532,14,bully,1652,1,0,0,81,0,1134,0,1,14,220880,1652,0,82,0,0,0,LEADER,1,0,0,81,0,0,0,0,0,0,0,0,0,0,0
222959,36,bully,2080,1,0,0,81,0,1134,0,1,36,220879,2080,0,82,0,0,0,LEADER,1,0,0,81,0,0,0,0,0,0,0,0,0,0,0
222842,81,bully,1962,1,0,0,81,0,1134,0,1,81,220880,1962,0,82,0,0,0,LEADER,1,0,0,81,0,0,0,0,0,0,0,0,0,0,0
222502,67,bully,1622,1,0,0,81,0,1134,0,1,67,220880,1622,0,82,0,0,0,LEADER,1,0,0,81,0,0,0,0,0,0,0,0,0,0,0
223263,83,bully,2383,1,0,0,81,0,1134,0,1,83,220880,2383,0,82,0,0,0,LEADER,1,0,0,81,0,0,0,0,0,0,0,0,0,0,0
223407,99,bully,1607,1,0,0,81,0,1134,0,1,99,221800,1607,0,82,0,0,0,LEADER,1,0,0,81,0,0,0,0,0,0,0,0,0,0,0
222584,55,bully,1704,1,0,0,81,0,1134,0,1,55,220880,1704,0,82,0,0,0,LEADER,1,0,0,81,0,0,0,0,0,0,0,0,0,0,0
223374,89,bully,1574,1,0,0,81,0,1134,0,1,89,221800,1574,0,82,0,0,0,LEADER,1,0,0,81,0,0,0,0,0,0,0,0,0,0,0
222536,77,bully,1656,1,0,0,81,0,1134,0,1,77,220880,1656,0,82,0,0,0,LEADER,1,0,0,81,0,0,0,0,0,0,0,0,0,0,0
222808,71,bully,1928,1,0,0,81,0,1134,0,1,71,220880,1928,0,82,0,0,0,LEADER,1,0,0,81,0,0,0,0,0,0,0,0,0,0,0
223086,76,bully,2213,1,0,0,81,0,1134,0,1,76,220873,2213,0,82,0,0,0,LEADER,1,0,0,81,0,0,0,0,0,0,0,0,0,0,0
222720,52,bully,1840,1,0,0,81,0,1134,0,1,52,220880,1840,0,82,0,0,0,LEADER,1,0,0,81,0,0,0,0,0,0,0,0,0,0,0
222687,10,bully,1807,1,0,0,81,0,1134,0,1,10,220880,1807,0,82,0,0,0,LEADER,1,0,0,81,0,0,0,0,0,0,0,0,0,0,0
222620,22,bully,1740,1,0,0,81,0,1134,0,1,22,220880,1740,0,82,0,0,0,LEADER,1,0,0,81,0,0,0,0,0,0,0,0,0,0,0
222766,21,bully,1889,1,0,0,81,0,1134,0,1,21,220877,1889,0,82,0,0,0,LEADER,1,0,0,81,0,0,0,0,0,0,0,0,0,0,0
223026,56,bully,2146,1,0,0,81,0,1134,0,1,56,220880,2146,0,82,0,0,0,LEADER,1,0,0,81,0,0,0,0,0,0,0,0,0,0,0
222551,60,bully,1671,1,0,0,81,0,1134,0,1,60,220880,1671,0,82,0,0,0,LEADER,1,0,0,81,0,0,0,0,0,0,0,0,0,0,0
223404,25,bully,1604,1,0,0,81,0,1134,0,1,25,221800,1604,0,82,0,0,0,LEADER,1,0,0,81,0,0,0,0,0,0,0,0,0,0,0
222617,65,bully,1737,1,0,0,81,0,1134,0,1,65,220880,1737,0,82,0,0,0,LEADER,1,0,0,81,0,0,0,0,0,0,0,0,0,0,0
223293,19,bully,2413,1,0,0,81,0,1134,0,1,19,220880,2413,0,82,0,0,0,LEADER,1,0,0,81,0,0,0,0,0,0,0,0,0,0,0
222923,69,bully,2043,1,0,0,81,0,1134,0,1,69,220880,2043,0,82,0,0,0,LEADER,1,0,0,81,0,0,0,0,0,0,0,0,0,0,0
223525,54,bully,1725,1,0,0,81,0,1134,0,1,54,221800,1725,0,82,0,0,0,LEADER,1,0,0,81,0,0,0,0,0,0,0,0,0,0,0
222872,17,bully,1992,1,0,0,81,0,1134,0,1,17,220880,1992,0,82,0,0,0,LEADER,1,0,0,81,0,0,0,0,0,0,0,0,0,0,0
223386,100,bully,1586,1,0,0,81,0,1134,0,1,100,221800,1586,0,82,0,0,0,LEADER,1,0,0,81,0,0,0,0,0,0,0,0,0,0,0
223349,16,bully,1549,1,0,0,81,0,1134,0,1,16,221800,1549,0,82,0,0,0,LEADER,1,0,0,81,0,0,0,0,0,0,0,0,0,0,0
222938,37,bully,2058,1,0,0,81,0,1134,0,1,37,220880,2058,0,82,0,0,0,LEADER,1,0,0,81,0,0,0,0,0,0,0,0,0,0,0
223574,13,bully,1774,1,0,0,81,0,1134,0,1,13,221800,1774,0,82,0,0,0,LEADER,1,0,0,81,0,0,0,0,0,0,0,0,0,0,0
222735,20,bully,1855,1,0,0,81,0,1134,0,1,20,220880,1855,0,82,0,0,0,LEADER,1,0,0,81,0,0,0,0,0,0,0,0,0,0,0
223367,41,bully,1567,1,0,0,81,0,1134,0,1,41,221800,1567,0,82,0,0,0,LEADER,1,0,0,81,0,0,0,0,0,0,0,0,0,0,0
223356,47,bully,1556,1,0,0,81,0,1134,0,1,47,221800,1556,0,82,0,0,0,LEADER,1,0,0,81,0,0,0,0,0,0,0,0,0,0,0
223182,95,bully,2301,1,0,0,81,0,1134,0,1,95,220881,2301,0,82,0,0,0,LEADER,1,0,0,81,0,0,0,0,0,0,0,0,0,0,0
223045,98,bully,2165,1,0,0,81,0,1134,0,1,98,220880,2165,0,82,0,0,0,LEADER,1,0,0,81,0,0,0,0,0,0,0,0,0,0,0
223141,9,bully,2514,1,0,0,13,19,182,266,5,4,220627,2514,0,7,0,0,0,NORMAL,0,0,0,13,0,0,0,19,0,0,0,0,0,0,0
223229,73,bully,2349,1,0,0,81,0,1134,0,1,73,220880,2349,0,82,0,0,0,LEADER,1,0,0,81,0,0,0,0,0,0,0,0,0,0,0
223552,33,bully,1752,1,0,0,81,0,1134,0,1,33,221800,1752,0,82,0,0,0,LEADER,1,0,0,81,0,0,0,0,0,0,0,0,0,0,0
223522,97,bully,1722,1,0,0,81,0,1134,0,1,97,221800,1722,0,82,0,0,0,LEADER,1,0,0,81,0,0,0,0,0,0,0,0,0,0,0
222775,61,bully,1895,1,0,0,81,0,1134,0,1,61,220880,1895,0,82,0,0,0,LEADER,1,0,0,81,0,0,0,0,0,0,0,0,0,0,0
223722,40,bully,1922,1,0,0,81,0,1134,0,1,40,221800,1922,0,82,0,0,0,LEADER,1,0,0,81,0,0,0,0,0,0,0,0,0,0,0
223211,31,bully,2331,1,0,0,81,0,1134,0,1,31,220880,2331,0,82,0,0,0,LEADER,1,0,0,81,0,0,0,0,0,0,0,0,0,0,0
223712,29,bully,1910,1,0,0,81,0,1134,0,1,29,221802,1910,0,82,0,0,0,LEADER,1,0,0,81,0,0,0,0,0,0,0,0,0,0,0
223538,96,bully,1744,1,0,0,81,0,1134,0,1,96,221794,1744,0,82,0,0,0,LEADER,1,0,0,81,0,0,0,0,0,0,0,0,0,0,0
223625,84,bully,1825,1,0,0,81,0,1134,0,1,84,221800,1825,0,82,0,0,0,LEADER,1,0,0,81,0,0,0,0,0,0,0,0,0,0,0
223321,80,bully,1519,1,0,0,81,0,1134,0,1,80,221802,1519,0,82,0,0,0,LEADER,1,0,0,81,0,0,0,0,0,0,0,0,0,0,0
223163,53,bully,2283,1,0,0,81,0,1134,0,1,53,220880,2283,0,82,0,0,0,LEADER,1,0,0,81,0,0,0,0,0,0,0,0,0,0,0
223238,92,bully,1438,1,0,0,81,0,1134,0,1,92,221800,1438,0,82,0,0,0,LEADER,1,0,0,81,0,0,0,0,0,0,0,0,0,0,0
223410,91,bully,1619,1,0,0,81,0,1134,0,1,91,221791,1619,0,82,0,0,0,LEADER,1,0,0,81,0,0,0,0,0,0,0,0,0,0,0
223674,62,bully,1874,1,0,0,81,0,1134,0,1,62,221800,1874,0,82,0,0,0,LEADER,1,0,0,81,0,0,0,0,0,0,0,0,0,0,0
223371,15,bully,1571,1,0,0,81,0,1134,0,1,15,221800,1571,0,82,0,0,0,LEADER,1,0,0,81,0,0,0,0,0,0,0,0,0,0,0
223041,26,bully,2161,1,0,0,81,0,1134,0,1,26,220880,2161,0,82,0,0,0,LEADER,1,0,0,81,0,0,0,0,0,0,0,0,0,0,0
223777,49,bully,1977,1,0,0,81,0,1134,0,1,49,221800,1977,0,82,0,0,0,LEADER,1,0,0,81,0,0,0,0,0,0,0,0,0,0,0
223592,58,bully,1792,1,0,0,81,0,1134,0,1,58,221800,1792,0,82,0,0,0,LEADER,1,0,0,81,0,0,0,0,0,0,0,0,0,0,0
223126,86,bully,2246,1,0,0,81,0,1134,0,1,86,220880,2246,0,82,0,0,0,LEADER,1,0,0,81,0,0,0,0,0,0,0,0,0,0,0
223299,50,bully,2419,1,0,0,81,0,1134,0,1,50,220880,2419,0,82,0,0,0,LEADER,1,0,0,81,0,0,0,0,0,0,0,0,0,0,0
223088,87,bully,2212,1,0,0,81,0,1134,0,1,87,220876,2212,0,82,0,0,0,LEADER,1,0,0,81,0,0,0,0,0,0,0,0,0,0,0
223150,85,bully,2268,1,0,0,81,0,1134,0,1,85,220882,2268,0,82,0,0,0,LEADER,1,0,0,81,0,0,0,0,0,0,0,0,0,0,0
223296,64,bully,2416,1,0,0,81,0,1134,0,1,64,220880,2416,0,82,0,0,0,LEADER,1,0,0,81,0,0,0,0,0,0,0,0,0,0,0
223234,18,bully,1434,1,0,0,81,0,1134,0,1,18,221800,1434,0,82,0,0,0,LEADER,1,0,0,81,0,0,0,0,0,0,0,0,0,0,0
223145,11,bully,2264,1,0,0,81,0,1134,0,1,11,220881,2264,0,82,0,0,0,LEADER,1,0,0,81,0,0,0,0,0,0,0,0,0,0,0
223353,90,bully,1553,1,0,0,81,0,1134,0,1,90,221800,1553,0,82,0,0,0,LEADER,1,0,0,81,0,0,0,0,0,0,0,0,0,0,0
223247,35,bully,1447,1,0,0,81,0,1134,0,1,35,221800,1447,0,82,0,0,0,LEADER,1,0,0,81,0,0,0,0,0,0,0,0,0,0,0
223129,43,bully,2249,1,0,0,81,0,1134,0,1,43,220880,2249,0,82,0,0,0,LEADER,1,0,0,81,0,0,0,0,0,0,0,0,0,0,0
223267,28,bully,1467,1,0,0,81,0,1134,0,1,28,221800,1467,0,82,0,0,0,LEADER,1,0,0,81,0,0,0,0,0,0,0,0,0,0,0
223106,44,bully,2228,1,0,0,81,0,1134,0,1,44,220878,2228,0,82,0,0,0,LEADER,1,0,0,81,0,0,0,0,0,0,0,0,0,0,0
223941,23,bully,2141,1,0,0,81,0,1134,0,1,23,221800,2141,0,82,0,0,0,LEADER,1,0,0,81,0,0,0,0,0,0,0,0,0,0,0
223261,30,bully,1461,1,0,0,81,0,1134,0,1,30,221800,1461,0,82,0,0,0,LEADER,1,0,0,81,0,0,0,0,0,0,0,0,0,0,0
223661,94,bully,1859,1,0,0,81,0,1134,0,1,94,221802,1859,0,82,0,0,0,LEADER,1,0,0,81,0,0,0,0,0,0,0,0,0,0,0
223301,38,bully,1501,1,0,0,81,0,1134,0,1,38,221800,1501,0,82,0,0,0,LEADER,1,0,0,81,0,0,0,0,0,0,0,0,0,0,0
223980,66,bully,2180,1,0,0,81,0,1134,0,1,66,221800,2180,0,82,0,0,0,LEADER,1,0,0,81,0,0,0,0,0,0,0,0,0,0,0
223286,70,bully,1486,1,0,0,81,0,1134,0,1,70,221800,1486,0,82,0,0,0,LEADER,1,0,0,81,0,0,0,0,0,0,0,0,0,0,0
223931,88,bully,2131,1,0,0,81,0,1134,0,1,88,221800,2131,0,82,0,0,0,LEADER,1,0,0,81,0,0,0,0,0,0,0,0,0,0,0
223115,75,bully,2235,1,0,0,81,0,1134,0,1,75,220880,2235,0,82,0,0,0,LEADER,1,0,0,81,0,0,0,0,0,0,0,0,0,0,0
223125,12,bully,2243,1,0,0,81,0,1134,0,1,12,220882,2243,0,82,0,0,0,LEADER,1,0,0,81,0,0,0,0,0,0,0,0,0,0,0
223825,27,bully,2025,1,0,0,81,0,1134,0,1,27,221800,2025,0,82,0,0,0,LEADER,1,0,0,81,0,0,0,0,0,0,0,0,0,0,0
223314,42,bully,1514,1,0,0,81,0,1134,0,1,42,221800,1514,0,82,0,0,0,LEADER,1,0,0,81,0,0,0,0,0,0,0,0,0,0,0
223961,24,bully,2161,1,0,0,81,0,1134,0,1,24,221800,2161,0,82,0,0,0,LEADER,1,0,0,81,0,0,0,0,0,0,0,0,0,0,0
223913,46,bully,2113,1,0,0,81,0,1134,0,1,46,221800,2113,0,82,0,0,0,LEADER,1,0,0,81,0,0,0,0,0,0,0,0,0,0,0
223810,59,bully,2010,1,0,0,81,0,1134,0,1,59,221800,2010,0,82,0,0,0,LEADER,1,0,0,81,0,0,0,0,0,0,0,0,0,0,0
224092,32,bully,2292,1,0,0,81,0,1134,0,1,32,221800,2292,0,82,0,0,0,LEADER,1,0,0,81,0,0,0,0,0,0,0,0,0,0,0
223438,34,bully,1637,1,0,0,81,0,1134,0,1,34,221801,1637,0,82,0,0,0,LEADER,1,0,0,81,0,0,0,0,0,0,0,0,0,0,0
223707,72,bully,1907,1,0,0,81,0,1134,0,1,72,221800,1907,0,82,0,0,0,LEADER,1,0,0,81,0,0,0,0,0,0,0,0,0,0,0
224119,63,bully,2316,1,0,0,81,0,1134,0,1,63,221803,2316,0,82,0,0,0,LEADER,1,0,0,81,0,0,0,0,0,0,0,0,0,0,0
223592,74,bully,1792,1,0,0,81,0,1134,0,1,74,221800,1792,0,82,0,0,0,LEADER,1,0,0,81,0,0,0,0,0,0,0,0,0,0,0
223334,48,bully,1534,1,0,0,81,0,1134,0,1,48,221800,1534,0,82,0,0,0,LEADER,1,0,0,81,0,0,0,0,0,0,0,0,0,0,0
223797,57,bully,1995,1,0,0,81,0,1134,0,1,57,221802,1995,0,82,0,0,0,LEADER,1,0,0,81,0,0,0,0,0,0,0,0,0,0,0
223865,68,bully,2065,1,0,0,81,0,1134,0,1,68,221800,2065,0,82,0,0,0,LEADER,1,0,0,81,0,0,0,0,0,0,0,0,0,0,0
223266,45,bully,1466,1,0,0,81,0,1134,0,1,45,221800,1466,0,82,0,0,0,LEADER,1,0,0,81,0,0,0,0,0,0,0,0,0,0,0
223623,93,bully,1823,1,0,0,81,0,1134,0,1,93,221800,1823,0,82,0,0,0,LEADER,1,0,0,81,0,0,0,0,0,0,0,0,0,0,0
224204,82,bully,2404,1,0,0,81,0,1134,0,1,82,221800,2404,0,82,0,0,0,LEADER,1,0,0,81,0,0,0,0,0,0,0,0,0,0,0
224198,51,bully,2398,1,0,0,81,0,1134,0,1,51,221800,2398,0,82,0,0,0,LEADER,1,0,0,81,0,0,0,0,0,0,0,0,0,0,0
223743,39,bully,1943,1,0,0,81,0,1134,0,1,39,221800,1943,0,82,0,0,0,LEADER,1,0,0,81,0,0,0,0,0,0,0,0,0,0,0
223489,78,bully,1689,1,0,0,81,0,1134,0,1,78,221800,1689,0,82,0,0,0,LEADER,1,0,0,81,0,0,0,0,0,0,0,0,0,0,0
223877,79,bully,2077,1,0,0,81,0,1134,0,1,79,221800,2077,0,82,0,0,0,LEADER,1,0,0,81,0,0,0,0,0,0,0,0,0,0,0
223452,14,bully,1652,1,0,0,81,0,1134,0,1,14,221800,1652,0,82,0,0,0,LEADER,1,0,0,81,0,0,0,0,0,0,0,0,0,0,0
223879,36,bully,2080,1,0,0,81,0,1134,0,1,36,221799,2080,0,82,0,0,0,LEADER,1,0,0,81,0,0,0,0,0,0,0,0,0,0,0
223762,81,bully,1962,1,0,0,81,0,1134,0,1,81,221800,1962,0,82,0,0,0,LEADER,1,0,0,81,0,0,0,0,0,0,0,0,0,0,0
223422,67,bully,1622,1,0,0,81,0,1134,0,1,67,221800,1622,0,82,0,0,0,LEADER,1,0,0,81,0,0,0,0,0,0,0,0,0,0,0
224183,83,bully,2383,1,0,0,81,0,1134,0,1,83,221800,2383,0,82,0,0,0,LEADER,1,0,0,81,0,0,0,0,0,0,0,0,0,0,0
224327,99,bully,1607,1,0,0,81,0,1134,0,1,99,222720,1607,0,82,0,0,0,LEADER,1,0,0,81,0,0,0,0,0,0,0,0,0,0,0
223504,55,bully,1704,1,0,0,81,0,1134,0,1,55,221800,1704,0,82,0,0,0,LEADER,1,0,0,81,0,0,0,0,0,0,0,0,0,0,0
224294,89,bully,1574,1,0,0,81,0,1134,0,1,89,222720,1574,0,82,0,0,0,LEADER,1,0,0,81,0,0,0,0,0,0,0,0,0,0,0
223456,77,bully,1656,1,0,0,81,0,1134,0,1,77,221800,1656,0,82,0,0,0,LEADER,1,0,0,81,0,0,0,0,0,0,0,0,0,0,0
223728,71,bully,1928,1,0,0,81,0,1134,0,1,71,221800,1928,0,82,0,0,0,LEADER,1,0,0,81,0,0,0,0,0,0,0,0,0,0,0
224006,76,bully,2213,1,0,0,81,0,1134,0,1,76,221793,2213,0,82,0,0,0,LEADER,1,0,0,81,0,0,0,0,0,0,0,0,0,0,0
223640,52,bully,1840,1,0,0,81,0,1134,0,1,52,221800,1840,0,82,0,0,0,LEADER,1,0,0,81,0,0,0,0,0,0,0,0,0,0,0
223607,10,bully,1807,1,0,0,81,0,1134,0,1,10,221800,1807,0,82,0,0,0,LEADER,1,0,0,81,0,0,0,0,0,0,0,0,0,0,0
223540,22,bully,1740,1,0,0,81,0,1134,0,1,22,221800,1740,0,82,0,0,0,LEADER,1,0,0,81,0,0,0,0,0,0,0,0,0,0,0
223686,21,bully,1889,1,0,0,81,0,1134,0,1,21,221797,1889,0,82,0,0,0,LEADER,1,0,0,81,0,0,0,0,0,0,0,0,0,0,0
223946,56,bully,2146,1,0,0,81,0,1134,0,1,56,221800,2146,0,82,0,0,0,LEADER,1,0,0,81,0,0,0,0,0,0,0,0,0,0,0
223471,60,bully,1671,1,0,0,81,0,1134,0,1,60,221800,1671,0,82,0,0,0,LEADER,1,0,0,81,0,0,0,0,0,0,0,0,0,0,0
224324,25,bully,1604,1,0,0,81,0,1134,0,1,25,222720,1604,0,82,0,0,0,LEADER,1,0,0,81,0,0,0,0,0,0,0,0,0,0,0
223537,65,bully,1737,1,0,0,81,0,1134,0,1,65,221800,1737,0,82,0,0,0,LEADER,1,0,0,81,0,0,0,0,0,0,0,0,0,0,0
224213,19,bully,2413,1,0,0,81,0,1134,0,1,19,221800,2413,0,82,0,0,0,LEADER,1,0,0,81,0,0,0,0,0,0,0,0,0,0,0
223843,69,bully,2043,1,0,0,81,0,1134,0,1,69,221800,2043,0,82,0,0,0,LEADER,1,0,0,81,0,0,0,0,0,0,0,0,0,0,0
224445,54,bully,1725,1,0,0,81,0,1134,0,1,54,222720,1725,0,82,0,0,0,LEADER,1,0,0,81,0,0,0,0,0,0,0,0,0,0,0
223792,17,bully,1992,1,0,0,81,0,1134,0,1,17,221800,1992,0,82,0,0,0,LEADER,1,0,0,81,0,0,0,0,0,0,0,0,0,0,0
224306,100,bully,1586,1,0,0,81,0,1134,0,1,100,222720,1586,0,82,0,0,0,LEADER,1,0,0,81,0,0,0,0,0,0,0,0,0,0,0
224269,16,bully,1549,1,0,0,81,0,1134,0,1,16,222720,1549,0,82,0,0,0,LEADER,1,0,0,81,0,0,0,0,0,0,0,0,0,0,0
223858,37,bully,2058,1,0,0,81,0,1134,0,1,37,221800,2058,0,82,0,0,0,LEADER,1,0,0,81,0,0,0,0,0,0,0,0,0,0,0
224494,13,bully,1774,1,0,0,81,0,1134,0,1,13,222720,1774,0,82,0,0,0,LEADER,1,0,0,81,0,0,0,0,0,0,0,0,0,0,0
223655,20,bully,1855,1,0,0,81,0,1134,0,1,20,221800,1855,0,82,0,0,0,LEADER,1,0,0,81,0,0,0,0,0,0,0,0,0,0,0
224287,41,bully,1567,1,0,0,81,0,1134,0,1,41,222720,1567,0,82,0,0,0,LEADER,1,0,0,81,0,0,0,0,0,0,0,0,0,0,0
224276,47,bully,1556,1,0,0,81,0,1134,0,1,47,222720,1556,0,82,0,0,0,LEADER,1,0,0,81,0,0,0,0,0,0,0,0,0,0,0
224102,95,bully,2301,1,0,0,81,0,1134,0,1,95,221801,2301,0,82,0,0,0,LEADER,1,0,0,81,0,0,0,0,0,0,0,0,0,0,0
224147,6,bully,1516,1,0,0,14,38,196,532,4,4,222631,1516,0,7,0,0,0,NORMAL,0,0,0,14,0,0,0,38,0,0,0,0,0,0,0
223965,98,bully,2165,1,0,0,81,0,1134,0,1,98,221800,2165,0,82,0,0,0,LEADER,1,0,0,81,0,0,0,0,0,0,0,0,0,0,0
224149,73,bully,2349,1,0,0,81,0,1134,0,1,73,221800,2349,0,82,0,0,0,LEADER,1,0,0,81,0,0,0,0,0,0,0,0,0,0,0
224442,97,bully,1722,1,0,0,81,0,1134,0,1,97,222720,1722,0,82,0,0,0,LEADER,1,0,0,81,0,0,0,0,0,0,0,0,0,0,0
223695,61,bully,1895,1,0,0,81,0,1134,0,1,61,221800,1895,0,82,0,0,0,LEADER,1,0,0,81,0,0,0,0,0,0,0,0,0,0,0
224472,33,bully,1752,1,0,0,81,0,1134,0,1,33,222720,1752,0,82,0,0,0,LEADER,1,0,0,81,0,0,0,0,0,0,0,0,0,0,0
224642,40,bully,1922,1,0,0,81,0,1134,0,1,40,222720,1922,0,82,0,0,0,LEADER,1,0,0,81,0,0,0,0,0,0,0,0,0,0,0
224131,31,bully,2331,1,0,0,81,0,1134,0,1,31,221800,2331,0,82,0,0,0,LEADER,1,0,0,81,0,0,0,0,0,0,0,0,0,0,0
224093,8,bully,2467,1,0,0,19,32,266,448,5,4,221626,2467,0,8,0,0,0,NORMAL,0,0,0,19,0,0,0,32,0,0,0,0,0,0,0
224632,29,bully,1910,1,0,0,81,0,1134,0,1,29,222722,1910,0,82,0,0,0,LEADER,1,0,0,81,0,0,0,0,0,0,0,0,0,0,0
224458,96,bully,1744,1,0,0,81,0,1134,0,1,96,222714,1744,0,82,0,0,0,LEADER,1,0,0,81,0,0,0,0,0,0,0,0,0,0,0
224545,84,bully,1825,1,0,0,81,0,1134,0,1,84,222720,1825,0,82,0,0,0,LEADER,1,0,0,81,0,0,0,0,0,0,0,0,0,0,0
224241,80,bully,1519,1,0,0,81,0,1134,0,1,80,222722,1519,0,82,0,0,0,LEADER,1,0,0,81,0,0,0,0,0,0,0,0,0,0,0
224083,53,bully,2283,1,0,0,81,0,1134,0,1,53,221800,2283,0,82,0,0,0,LEADER,1,0,0,81,0,0,0,0,0,0,0,0,0,0,0
224158,92,bully,1438,1,0,0,81,0,1134,0,1,92,222720,1438,0,82,0,0,0,LEADER,1,0,0,81,0,0,0,0,0,0,0,0,0,0,0
224330,91,bully,1619,1,0,0,81,0,1134,0,1,91,222711,1619,0,82,0,0,0,LEADER,1,0,0,81,0,0,0,0,0,0,0,0,0,0,0
224594,62,bully,1874,1,0,0,81,0,1134,0,1,62,222720,1874,0,82,0,0,0,LEADER,1,0,0,81,0,0,0,0,0,0,0,0,0,0,0
224291,15,bully,1571,1,0,0,81,0,1134,0,1,15,222720,1571,0,82,0,0,0,LEADER,1,0,0,81,0,0,0,0,0,0,0,0,0,0,0
223961,26,bully,2161,1,0,0,81,0,1134,0,1,26,221800,2161,0,82,0,0,0,LEADER,1,0,0,81,0,0,0,0,0,0,0,0,0,0,0
224697,49,bully,1977,1,0,0,81,0,1134,0,1,49,222720,1977,0,82,0,0,0,LEADER,1,0,0,81,0,0,0,0,0,0,0,0,0,0,0
224512,58,bully,1792,1,0,0,81,0,1134,0,1,58,222720,1792,0,82,0,0,0,LEADER,1,0,0,81,0,0,0,0,0,0,0,0,0,0,0
224046,86,bully,2246,1,0,0,81,0,1134,0,1,86,221800,2246,0,82,0,0,0,LEADER,1,0,0,81,0,0,0,0,0,0,0,0,0,0,0
224219,50,bully,2419,1,0,0,81,0,1134,0,1,50,221800,2419,0,82,0,0,0,LEADER,1,0,0,81,0,0,0,0,0,0,0,0,0,0,0
224008,87,bully,2212,1,0,0,81,0,1134,0,1,87,221796,2212,0,82,0,0,0,LEADER,1,0,0,81,0,0,0,0,0,0,0,0,0,0,0
224070,85,bully,2268,1,0,0,81,0,1134,0,1,85,221802,2268,0,82,0,0,0,LEADER,1,0,0,81,0,0,0,0,0,0,0,0,0,0,0
224216,64,bully,2416,1,0,0,81,0,1134,0,1,64,221800,2416,0,82,0,0,0,LEADER,1,0,0,81,0,0,0,0,0,0,0,0,0,0,0
224154,18,bully,1434,1,0,0,81,0,1134,0,1,18,222720,1434,0,82,0,0,0,LEADER,1,0,0,81,0,0,0,0,0,0,0,0,0,0,0
224065,11,bully,2264,1,0,0,81,0,1134,0,1,11,221801,2264,0,82,0,0,0,LEADER,1,0,0,81,0,0,0,0,0,0,0,0,0,0,0
224273,90,bully,1553,1,0,0,81,0,1134,0,1,90,222720,1553,0,82,0,0,0,LEADER,1,0,0,81,0,0,0,0,0,0,0,0,0,0,0
224167,35,bully,1447,1,0,0,81,0,1134,0,1,35,222720,1447,0,82,0,0,0,LEADER,1,0,0,81,0,0,0,0,0,0,0,0,0,0,0
224049,43,bully,2249,1,0,0,81,0,1134,0,1,43,221800,2249,0,82,0,0,0,LEADER,1,0,0,81,0,0,0,0,0,0,0,0,0,0,0
224187,28,bully,1467,1,0,0,81,0,1134,0,1,28,222720,1467,0,82,0,0,0,LEADER,1,0,0,81,0,0,0,0,0,0,0,0,0,0,0
224026,44,bully,2228,1,0,0,81,0,1134,0,1,44,221798,2228,0,82,0,0,0,LEADER,1,0,0,81,0,0,0,0,0,0,0,0,0,0,0
224861,23,bully,2141,1,0,0,81,0,1134,0,1,23,222720,2141,0,82,0,0,0,LEADER,1,0,0,81,0,0,0,0,0,0,0,0,0,0,0
224181,30,bully,1461,1,0,0,81,0,1134,0,1,30,222720,1461,0,82,0,0,0,LEADER,1,0,0,81,0,0,0,0,0,0,0,0,0,0,0
224581,94,bully,1859,1,0,0,81,0,1134,0,1,94,222722,1859,0,82,0,0,0,LEADER,1,0,0,81,0,0,0,0,0,0,0,0,0,0,0
224221,38,bully,1501,1,0,0,81,0,1134,0,1,38,222720,1501,0,82,0,0,0,LEADER,1,0,0,81,0,0,0,0,0,0,0,0,0,0,0
224900,66,bully,2180,1,0,0,81,0,1134,0,1,66,222720,2180,0,82,0,0,0,LEADER,1,0,0,81,0,0,0,0,0,0,0,0,0,0,0
224206,70,bully,1486,1,0,0,81,0,1134,0,1,70,222720,1486,0,82,0,0,0,LEADER,1,0,0,81,0,0,0,0,0,0,0,0,0,0,0
224851,88,bully,2131,1,0,0,81,0,1134,0,1,88,222720,2131,0,82,0,0,0,LEADER,1,0,0,81,0,0,0,0,0,0,0,0,0,0,0
224035,75,bully,2235,1,0,0,81,0,1134,0,1,75,221800,2235,0,82,0,0,0,LEADER,1,0,0,81,0,0,0,0,0,0,0,0,0,0,0
224045,12,bully,2243,1,0,0,81,0,1134,0,1,12,221802,2243,0,82,0,0,0,LEADER,1,0,0,81,0,0,0,0,0,0,0,0,0,0,0
224745,27,bully,2025,1,0,0,81,0,1134,0,1,27,222720,2025,0,82,0,0,0,LEADER,1,0,0,81,0,0,0,0,0,0,0,0,0,0,0
224234,42,bully,1514,1,0,0,81,0,1134,0,1,42,222720,1514,0,82,0,0,0,LEADER,1,0,0,81,0,0,0,0,0,0,0,0,0,0,0
224881,24,bully,2161,1,0,0,81,0,1134,0,1,24,222720,2161,0,82,0,0,0,LEADER,1,0,0,81,0,0,0,0,0,0,0,0,0,0,0
224833,46,bully,2113,1,0,0,81,0,1134,0,1,46,222720,2113,0,82,0,0,0,LEADER,1,0,0,81,0,0,0,0,0,0,0,0,0,0,0
224730,59,bully,2010,1,0,0,81,0,1134,0,1,59,222720,2010,0,82,0,0,0,LEADER,1,0,0,81,0,0,0,0,0,0,0,0,0,0,0
225012,32,bully,2292,1,0,0,81,0,1134,0,1,32,222720,2292,0,82,0,0,0,LEADER,1,0,0,81,0,0,0,0,0,0,0,0,0,0,0
224358,34,bully,1637,1,0,0,81,0,1134,0,1,34,222721,1637,0,82,0,0,0,LEADER,1,0,0,81,0,0,0,0,0,0,0,0,0,0,0
224627,72,bully,1907,1,0,0,81,0,1134,0,1,72,222720,1907,0,82,0,0,0,LEADER,1,0,0,81,0,0,0,0,0,0,0,0,0,0,0
225039,63,bully,2316,1,0,0,81,0,1134,0,1,63,222723,2316,0,82,0,0,0,LEADER,1,0,0,81,0,0,0,0,0,0,0,0,0,0,0
224512,74,bully,1792,1,0,0,81,0,1134,0,1,74,222720,1792,0,82,0,0,0,LEADER,1,0,0,81,0,0,0,0,0,0,0,0,0,0,0
224254,48,bully,1534,1,0,0,81,0,1134,0,1,48,222720,1534,0,82,0,0,0,LEADER,1,0,0,81,0,0,0,0,0,0,0,0,0,0,0
224717,57,bully,1995,1,0,0,81,0,1134,0,1,57,222722,1995,0,82,0,0,0,LEADER,1,0,0,81,0,0,0,0,0,0,0,0,0,0,0
224785,68,bully,2065,1,0,0,81,0,1134,0,1,68,222720,2065,0,82,0,0,0,LEADER,1,0,0,81,0,0,0,0,0,0,0,0,0,0,0
224186,45,bully,1466,1,0,0,81,0,1134,0,1,45,222720,1466,0,82,0,0,0,LEADER,1,0,0,81,0,0,0,0,0,0,0,0,0,0,0
224543,93,bully,1823,1,0,0,81,0,1134,0,1,93,222720,1823,0,82,0,0,0,LEADER,1,0,0,81,0,0,0,0,0,0,0,0,0,0,0
225124,82,bully,2404,1,0,0,81,0,1134,0,1,82,222720,2404,0,82,0,0,0,LEADER,1,0,0,81,0,0,0,0,0,0,0,0,0,0,0
225118,51,bully,2398,1,0,0,81,0,1134,0,1,51,222720,2398,0,82,0,0,0,LEADER,1,0,0,81,0,0,0,0,0,0,0,0,0,0,0
224663,39,bully,1943,1,0,0,81,0,1134,0,1,39,222720,1943,0,82,0,0,0,LEADER,1,0,0,81,0,0,0,0,0,0,0,0,0,0,0
224409,78,bully,1689,1,0,0,81,0,1134,0,1,78,222720,1689,0,82,0,0,0,LEADER,1,0,0,81,0,0,0,0,0,0,0,0,0,0,0
224797,79,bully,2077,1,0,0,81,0,1134,0,1,79,222720,2077,0,82,0,0,0,LEADER,1,0,0,81,0,0,0,0,0,0,0,0,0,0,0
224372,14,bully,1652,1,0,0,81,0,1134,0,1,14,222720,1652,0,82,0,0,0,LEADER,1,0,0,81,0,0,0,0,0,0,0,0,0,0,0
224799,36,bully,2080,1,0,0,81,0,1134,0,1,36,222719,2080,0,82,0,0,0,LEADER,1,0,0,81,0,0,0,0,0,0,0,0,0,0,0
224682,81,bully,1962,1,0,0,81,0,1134,0,1,81,222720,1962,0,82,0,0,0,LEADER,1,0,0,81,0,0,0,0,0,0,0,0,0,0,0
224342,67,bully,1622,1,0,0,81,0,1134,0,1,67,222720,1622,0,82,0,0,0,LEADER,1,0,0,81,0,0,0,0,0,0,0,0,0,0,0
225103,83,bully,2383,1,0,0,81,0,1134,0,1,83,222720,2383,0,82,0,0,0,LEADER,1,0,0,81,0,0,0,0,0,0,0,0,0,0,0
225248,99,bully,1607,1,0,0,82,0,1148,0,1,99,223641,1607,0,83,0,0,0,LEADER,1,0,0,82,0,0,0,0,0,0,0,0,0,0,0
224424,55,bully,1704,1,0,0,81,0,1134,0,1,55,222720,1704,0,82,0,0,0,LEADER,1,0,0,81,0,0,0,0,0,0,0,0,0,0,0
225215,89,bully,1574,1,0,0,82,0,1148,0,1,89,223641,1574,0,83,0,0,0,LEADER,1,0,0,82,0,0,0,0,0,0,0,0,0,0,0
224376,77,bully,1656,1,0,0,81,0,1134,0,1,77,222720,1656,0,82,0,0,0,LEADER,1,0,0,81,0,0,0,0,0,0,0,0,0,0,0
224648,71,bully,1928,1,0,0,81,0,1134,0,1,71,222720,1928,0,82,0,0,0,LEADER,1,0,0,81,0,0,0,0,0,0,0,0,0,0,0
224926,76,bully,2213,1,0,0,81,0,1134,0,1,76,222713,2213,0,82,0,0,0,LEADER,1,0,0,81,0,0,0,0,0,0,0,0,0,0,0
224560,52,bully,1840,1,0,0,81,0,1134,0,1,52,222720,1840,0,82,0,0,0,LEADER,1,0,0,81,0,0,0,0,0,0,0,0,0,0,0
224527,10,bully,1807,1,0,0,81,0,1134,0,1,10,222720,1807,0,82,0,0,0,LEADER,1,0,0,81,0,0,0,0,0,0,0,0,0,0,0
224460,22,bully,1740,1,0,0,81,0,1134,0,1,22,222720,1740,0,82,0,0,0,LEADER,1,0,0,81,0,0,0,0,0,0,0,0,0,0,0
224606,21,bully,1889,1,0,0,81,0,1134,0,1,21,222717,1889,0,82,0,0,0,LEADER,1,0,0,81,0,0,0,0,0,0,0,0,0,0,0
224866,56,bully,2146,1,0,0,81,0,1134,0,1,56,222720,2146,0,82,0,0,0,LEADER,1,0,0,81,0,0,0,0,0,0,0,0,0,0,0
224391,60,bully,1671,1,0,0,81,0,1134,0,1,60,222720,1671,0,82,0,0,0,LEADER,1,0,0,81,0,0,0,0,0,0,0,0,0,0,0
225245,25,bully,1604,1,0,0,82,0,1148,0,1,25,223641,1604,0,83,0,0,0,LEADER,1,0,0,82,0,0,0,0,0,0,0,0,0,0,0
224457,65,bully,1737,1,0,0,81,0,1134,0,1,65,222720,1737,0,82,0,0,0,LEADER,1,0,0,81,0,0,0,0,0,0,0,0,0,0,0
225133,19,bully,2413,1,0,0,81,0,1134,0,1,19,222720,2413,0,82,0,0,0,LEADER,1,0,0,81,0,0,0,0,0,0,0,0,0,0,0
224763,69,bully,2043,1,0,0,81,0,1134,0,1,69,222720,2043,0,82,0,0,0,LEADER,1,0,0,81,0,0,0,0,0,0,0,0,0,0,0
225366,54,bully,1725,1,0,0,82,0,1148,0,1,54,223641,1725,0,83,0,0,0,LEADER,1,0,0,82,0,0,0,0,0,0,0,0,0,0,0
224712,17,bully,1992,1,0,0,81,0,1134,0,1,17,222720,1992,0,82,0,0,0,LEADER,1,0,0,81,0,0,0,0,0,0,0,0,0,0,0
225227,100,bully,1586,1,0,0,82,0,1148,0,1,100,223641,1586,0,83,0,0,0,LEADER,1,0,0,82,0,0,0,0,0,0,0,0,0,0,0
225190,16,bully,1549,1,0,0,82,0,1148,0,1,16,223641,1549,0,83,0,0,0,LEADER,1,0,0,82,0,0,0,0,0,0,0,0,0,0,0
224778,37,bully,2058,1,0,0,81,0,1134,0,1,37,222720,2058,0,82,0,0,0,LEADER,1,0,0,81,0,0,0,0,0,0,0,0,0,0,0
225415,13,bully,1774,1,0,0,82,0,1148,0,1,13,223641,1774,0,83,0,0,0,LEADER,1,0,0,82,0,0,0,0,0,0,0,0,0,0,0
224575,20,bully,1855,1,0,0,81,0,1134,0,1,20,222720,1855,0,82,0,0,0,LEADER,1,0,0,81,0,0,0,0,0,0,0,0,0,0,0
225208,41,bully,1567,1,0,0,82,0,1148,0,1,41,223641,1567,0,83,0,0,0,LEADER,1,0,0,82,0,0,0,0,0,0,0,0,0,0,0
225197,47,bully,1556,1,0,0,82,0,1148,0,1,47,223641,1556,0,83,0,0,0,LEADER,1,0,0,82,0,0,0,0,0,0,0,0,0,0,0
225022,95,bully,2301,1,0,0,81,0,1134,0,1,95,222721,2301,0,82,0,0,0,LEADER,1,0,0,81,0,0,0,0,0,0,0,0,0,0,0
224885,98,bully,2165,1,0,0,81,0,1134,0,1,98,222720,2165,0,82,0,0,0,LEADER,1,0,0,81,0,0,0,0,0,0,0,0,0,0,0
225069,73,bully,2349,1,0,0,81,0,1134,0,1,73,222720,2349,0,82,0,0,0,LEADER,1,0,0,81,0,0,0,0,0,0,0,0,0,0,0
224615,61,bully,1895,1,0,0,81,0,1134,0,1,61,222720,1895,0,82,0,0,0,LEADER,1,0,0,81,0,0,0,0,0,0,0,0,0,0,0
225363,97,bully,1722,1,0,0,82,0,1148,0,1,97,223641,1722,0,83,0,0,0,LEADER,1,0,0,82,0,0,0,0,0,0,0,0,0,0,0
225393,33,bully,1752,1,0,0,82,0,1148,0,1,33,223641,1752,0,83,0,0,0,LEADER,1,0,0,82,0,0,0,0,0,0,0,0,0,0,0
225051,31,bully,2331,1,0,0,81,0,1134,0,1,31,222720,2331,0,82,0,0,0,LEADER,1,0,0,81,0,0,0,0,0,0,0,0,0,0,0
225563,40,bully,1922,1,0,0,82,0,1148,0,1,40,223641,1922,0,83,0,0,0,LEADER,1,0,0,82,0,0,0,0,0,0,0,0,0,0,0
225553,29,bully,1910,1,0,0,82,0,1148,0,1,29,223643,1910,0,83,0,0,0,LEADER,1,0,0,82,0,0,0,0,0,0,0,0,0,0,0
225379,96,bully,1744,1,0,0,82,0,1148,0,1,96,223635,1744,0,83,0,0,0,LEADER,1,0,0,82,0,0,0,0,0,0,0,0,0,0,0
225466,84,bully,1825,1,0,0,82,0,1148,0,1,84,223641,1825,0,83,0,0,0,LEADER,1,0,0,82,0,0,0,0,0,0,0,0,0,0,0
225162,80,bully,1519,1,0,0,82,0,1148,0,1,80,223643,1519,0,83,0,0,0,LEADER,1,0,0,82,0,0,0,0,0,0,0,0,0,0,0
225003,53,bully,2283,1,0,0,81,0,1134,0,1,53,222720,2283,0,82,0,0,0,LEADER,1,0,0,81,0,0,0,0,0,0,0,0,0,0,0
225079,92,bully,1438,1,0,0,82,0,1148,0,1,92,223641,1438,0,83,0,0,0,LEADER,1,0,0,82,0,0,0,0,0,0,0,0,0,0,0
225251,91,bully,1619,1,0,0,82,0,1148,0,1,91,223632,1619,0,83,0,0,0,LEADER,1,0,0,82,0,0,0,0,0,0,0,0,0,0,0
225515,62,bully,1874,1,0,0,82,0,1148,0,1,62,223641,1874,0,83,0,0,0,LEADER,1,0,0,82,0,0,0,0,0,0,0,0,0,0,0
225212,15,bully,1571,1,0,0,82,0,1148,0,1,15,223641,1571,0,83,0,0,0,LEADER,1,0,0,82,0,0,0,0,0,0,0,0,0,0,0
224881,26,bully,2161,1,0,0,81,0,1134,0,1,26,222720,2161,0,82,0,0,0,LEADER,1,0,0,81,0,0,0,0,0,0,0,0,0,0,0
225618,49,bully,1977,1,0,0,82,0,1148,0,1,49,223641,1977,0,83,0,0,0,LEADER,1,0,0,82,0,0,0,0,0,0,0,0,0,0,0
225433,58,bully,1792,1,0,0,82,0,1148,0,1,58,223641,1792,0,83,0,0,0,LEADER,1,0,0,82,0,0,0,0,0,0,0,0,0,0,0
224966,86,bully,2246,1,0,0,81,0,1134,0,1,86,222720,2246,0,82,0,0,0,LEADER,1,0,0,81,0,0,0,0,0,0,0,0,0,0,0
225139,50,bully,2419,1,0,0,81,0,1134,0,1,50,222720,2419,0,82,0,0,0,LEADER,1,0,0,81,0,0,0,0,0,0,0,0,0,0,0
224990,85,bully,2268,1,0,0,81,0,1134,0,1,85,222722,2268,0,82,0,0,0,LEADER,1,0,0,81,0,0,0,0,0,0,0,0,0,0,0
224928,87,bully,2212,1,0,0,81,0,1134,0,1,87,222716,2212,0,82,0,0,0,LEADER,1,0,0,81,0,0,0,0,0,0,0,0,0,0,0
225136,64,bully,2416,1,0,0,81,0,1134,0,1,64,222720,2416,0,82,0,0,0,LEADER,1,0,0,81,0,0,0,0,0,0,0,0,0,0,0
224985,11,bully,2264,1,0,0,81,0,1134,0,1,11,222721,2264,0,82,0,0,0,LEADER,1,0,0,81,0,0,0,0,0,0,0,0,0,0,0
225075,18,bully,1434,1,0,0,82,0,1148,0,1,18,223641,1434,0,83,0,0,0,LEADER,1,0,0,82,0,0,0,0,0,0,0,0,0,0,0
225194,90,bully,1553,1,0,0,82,0,1148,0,1,90,223641,1553,0,83,0,0,0,LEADER,1,0,0,82,0,0,0,0,0,0,0,0,0,0,0
225088,35,bully,1447,1,0,0,82,0,1148,0,1,35,223641,1447,0,83,0,0,0,LEADER,1,0,0,82,0,0,0,0,0,0,0,0,0,0,0
224969,43,bully,2249,1,0,0,81,0,1134,0,1,43,222720,2249,0,82,0,0,0,LEADER,1,0,0,81,0,0,0,0,0,0,0,0,0,0,0
225108,28,bully,1467,1,0,0,82,0,1148,0,1,28,223641,1467,0,83,0,0,0,LEADER,1,0,0,82,0,0,0,0,0,0,0,0,0,0,0
224946,44,bully,2228,1,0,0,81,0,1134,0,1,44,222718,2228,0,82,0,0,0,LEADER,1,0,0,81,0,0,0,0,0,0,0,0,0,0,0
225782,23,bully,2141,1,0,0,82,0,1148,0,1,23,223641,2141,0,83,0,0,0,LEADER,1,0,0,82,0,0,0,0,0,0,0,0,0,0,0
225102,30,bully,1461,1,0,0,82,0,1148,0,1,30,223641,1461,0,83,0,0,0,LEADER,1,0,0,82,0,0,0,0,0,0,0,0,0,0,0
225502,94,bully,1859,1,0,0,82,0,1148,0,1,94,223643,1859,0,83,0,0,0,LEADER,1,0,0,82,0,0,0,0,0,0,0,0,0,0,0
225142,38,bully,1501,1,0,0,82,0,1148,0,1,38,223641,1501,0,83,0,0,0,LEADER,1,0,0,82,0,0,0,0,0,0,0,0,0,0,0
225821,66,bully,2180,1,0,0,82,0,1148,0,1,66,223641,2180,0,83,0,0,0,LEADER,1,0,0,82,0,0,0,0,0,0,0,0,0,0,0
225127,70,bully,1486,1,0,0,82,0,1148,0,1,70,223641,1486,0,83,0,0,0,LEADER,1,0,0,82,0,0,0,0,0,0,0,0,0,0,0
225772,88,bully,2131,1,0,0,82,0,1148,0,1,88,223641,2131,0,83,0,0,0,LEADER,1,0,0,82,0,0,0,0,0,0,0,0,0,0,0
224955,75,bully,2235,1,0,0,81,0,1134,0,1,75,222720,2235,0,82,0,0,0,LEADER,1,0,0,81,0,0,0,0,0,0,0,0,0,0,0
224965,12,bully,2243,1,0,0,81,0,1134,0,1,12,222722,2243,0,82,0,0,0,LEADER,1,0,0,81,0,0,0,0,0,0,0,0,0,0,0
225666,27,bully,2025,1,0,0,82,0,1148,0,1,27,223641,2025,0,83,0,0,0,LEADER,1,0,0,82,0,0,0,0,0,0,0,0,0,0,0
225155,42,bully,1514,1,0,0,82,0,1148,0,1,42,223641,1514,0,83,0,0,0,LEADER,1,0,0,82,0,0,0,0,0,0,0,0,0,0,0
225802,24,bully,2161,1,0,0,82,0,1148,0,1,24,223641,2161,0,83,0,0,0,LEADER,1,0,0,82,0,0,0,0,0,0,0,0,0,0,0
225754,46,bully,2113,1,0,0,82,0,1148,0,1,46,223641,2113,0,83,0,0,0,LEADER,1,0,0,82,0,0,0,0,0,0,0,0,0,0,0
225651,59,bully,2010,1,0,0,82,0,1148,0,1,59,223641,2010,0,83,0,0,0,LEADER,1,0,0,82,0,0,0,0,0,0,0,0,0,0,0
225279,34,bully,1637,1,0,0,82,0,1148,0,1,34,223642,1637,0,83,0,0,0,LEADER,1,0,0,82,0,0,0,0,0,0,0,0,0,0,0
225933,32,bully,2292,1,0,0,82,0,1148,0,1,32,223641,2292,0,83,0,0,0,LEADER,1,0,0,82,0,0,0,0,0,0,0,0,0,0,0
225548,72,bully,1907,1,0,0,82,0,1148,0,1,72,223641,1907,0,83,0,0,0,LEADER,1,0,0,82,0,0,0,0,0,0,0,0,0,0,0
225960,63,bully,2316,1,0,0,82,0,1148,0,1,63,223644,2316,0,83,0,0,0,LEADER,1,0,0,82,0,0,0,0,0,0,0,0,0,0,0
225433,74,bully,1792,1,0,0,82,0,1148,0,1,74,223641,1792,0,83,0,0,0,LEADER,1,0,0,82,0,0,0,0,0,0,0,0,0,0,0
225175,48,bully,1534,1,0,0,82,0,1148,0,1,48,223641,1534,0,83,0,0,0,LEADER,1,0,0,82,0,0,0,0,0,0,0,0,0,0,0
225638,57,bully,1995,1,0,0,82,0,1148,0,1,57,223643,1995,0,83,0,0,0,LEADER,1,0,0,82,0,0,0,0,0,0,0,0,0,0,0
225706,68,bully,2065,1,0,0,82,0,1148,0,1,68,223641,2065,0,83,0,0,0,LEADER,1,0,0,82,0,0,0,0,0,0,0,0,0,0,0
225107,45,bully,1466,1,0,0,82,0,1148,0,1,45,223641,1466,0,83,0,0,0,LEADER,1,0,0,82,0,0,0,0,0,0,0,0,0,0,0
225464,93,bully,1823,1,0,0,82,0,1148,0,1,93,223641,1823,0,83,0,0,0,LEADER,1,0,0,82,0,0,0,0,0,0,0,0,0,0,0
226045,82,bully,2404,1,0,0,82,0,1148,0,1,82,223641,2404,0,83,0,0,0,LEADER,1,0,0,82,0,0,0,0,0,0,0,0,0,0,0
226039,51,bully,2398,1,0,0,82,0,1148,0,1,51,223641,2398,0,83,0,0,0,LEADER,1,0,0,82,0,0,0,0,0,0,0,0,0,0,0
225584,39,bully,1943,1,0,0,82,0,1148,0,1,39,223641,1943,0,83,0,0,0,LEADER,1,0,0,82,0,0,0,0,0,0,0,0,0,0,0
225330,78,bully,1689,1,0,0,82,0,1148,0,1,78,223641,1689,0,83,0,0,0,LEADER,1,0,0,82,0,0,0,0,0,0,0,0,0,0,0
225718,79,bully,2077,1,0,0,82,0,1148,0,1,79,223641,2077,0,83,0,0,0,LEADER,1,0,0,82,0,0,0,0,0,0,0,0,0,0,0
225293,14,bully,1652,1,0,0,82,0,1148,0,1,14,223641,1652,0,83,0,0,0,LEADER,1,0,0,82,0,0,0,0,0,0,0,0,0,0,0
225720,36,bully,2080,1,0,0,82,0,1148,0,1,36,223640,2080,0,83,0,0,0,LEADER,1,0,0,82,0,0,0,0,0,0,0,0,0,0,0
225603,81,bully,1962,1,0,0,82,0,1148,0,1,81,223641,1962,0,83,0,0,0,LEADER,1,0,0,82,0,0,0,0,0,0,0,0,0,0,0
225263,67,bully,1622,1,0,0,82,0,1148,0,1,67,223641,1622,0,83,0,0,0,LEADER,1,0,0,82,0,0,0,0,0,0,0,0,0,0,0
226024,83,bully,2383,1,0,0,82,0,1148,0,1,83,223641,2383,0,83,0,0,0,LEADER,1,0,0,82,0,0,0,0,0,0,0,0,0,0,0
226168,99,bully,1607,1,0,0,82,0,1148,0,1,99,224561,1607,0,83,0,0,0,LEADER,1,0,0,82,0,0,0,0,0,0,0,0,0,0,0
225345,55,bully,1704,1,0,0,82,0,1148,0,1,55,223641,1704,0,83,0,0,0,LEADER,1,0,0,82,0,0,0,0,0,0,0,0,0,0,0
226135,89,bully,1574,1,0,0,82,0,1148,0,1,89,224561,1574,0,83,0,0,0,LEADER,1,0,0,82,0,0,0,0,0,0,0,0,0,0,0
225297,77,bully,1656,1,0,0,82,0,1148,0,1,77,223641,1656,0,83,0,0,0,LEADER,1,0,0,82,0,0,0,0,0,0,0,0,0,0,0
225569,71,bully,1928,1,0,0,82,0,1148,0,1,71,223641,1928,0,83,0,0,0,LEADER,1,0,0,82,0,0,0,0,0,0,0,0,0,0,0
225847,76,bully,2213,1,0,0,82,0,1148,0,1,76,223634,2213,0,83,0,0,0,LEADER,1,0,0,82,0,0,0,0,0,0,0,0,0,0,0
225481,52,bully,1840,1,0,0,82,0,1148,0,1,52,223641,1840,0,83,0,0,0,LEADER,1,0,0,82,0,0,0,0,0,0,0,0,0,0,0
225448,10,bully,1807,1,0,0,82,0,1148,0,1,10,223641,1807,0,83,0,0,0,LEADER,1,0,0,82,0,0,0,0,0,0,0,0,0,0,0
225381,22,bully,1740,1,0,0,82,0,1148,0,1,22,223641,1740,0,83,0,0,0,LEADER,1,0,0,82,0,0,0,0,0,0,0,0,0,0,0
225527,21,bully,1889,1,0,0,82,0,1148,0,1,21,223638,1889,0,83,0,0,0,LEADER,1,0,0,82,0,0,0,0,0,0,0,0,0,0,0
225787,56,bully,2146,1,0,0,82,0,1148,0,1,56,223641,2146,0,83,0,0,0,LEADER,1,0,0,82,0,0,0,0,0,0,0,0,0,0,0
225312,60,bully,1671,1,0,0,82,0,1148,0,1,60,223641,1671,0,83,0,0,0,LEADER,1,0,0,82,0,0,0,0,0,0,0,0,0,0,0
226165,25,bully,1604,1,0,0,82,0,1148,0,1,25,224561,1604,0,83,0,0,0,LEADER,1,0,0,82,0,0,0,0,0,0,0,0,0,0,0
225378,65,bully,1737,1,0,0,82,0,1148,0,1,65,223641,1737,0,83,0,0,0,LEADER,1,0,0,82,0,0,0,0,0,0,0,0,0,0,0
226054,19,bully,2413,1,0,0,82,0,1148,0,1,19,223641,2413,0,83,0,0,0,LEADER,1,0,0,82,0,0,0,0,0,0,0,0,0,0,0
225684,69,bully,2043,1,0,0,82,0,1148,0,1,69,223641,2043,0,83,0,0,0,LEADER,1,0,0,82,0,0,0,0,0,0,0,0,0,0,0
226286,54,bully,1725,1,0,0,82,0,1148,0,1,54,224561,1725,0,83,0,0,0,LEADER,1,0,0,82,0,0,0,0,0,0,0,0,0,0,0
225633,17,bully,1992,1,0,0,82,0,1148,0,1,17,223641,1992,0,83,0,0,0,LEADER,1,0,0,82,0,0,0,0,0,0,0,0,0,0,0
226147,100,bully,1586,1,0,0,82,0,1148,0,1,100,224561,1586,0,83,0,0,0,LEADER,1,0,0,82,0,0,0,0,0,0,0,0,0,0,0
226110,16,bully,1549,1,0,0,82,0,1148,0,1,16,224561,1549,0,83,0,0,0,LEADER,1,0,0,82,0,0,0,0,0,0,0,0,0,0,0
225699,37,bully,2058,1,0,0,82,0,1148,0,1,37,223641,2058,0,83,0,0,0,LEADER,1,0,0,82,0,0,0,0,0,0,0,0,0,0,0
226335,13,bully,1774,1,0,0,82,0,1148,0,1,13,224561,1774,0,83,0,0,0,LEADER,1,0,0,82,0,0,0,0,0,0,0,0,0,0,0
225496,20,bully,1855,1,0,0,82,0,1148,0,1,20,223641,1855,0,83,0,0,0,LEADER,1,0,0,82,0,0,0,0,0,0,0,0,0,0,0
226128,41,bully,1567,1,0,0,82,0,1148,0,1,41,224561,1567,0,83,0,0,0,LEADER,1,0,0,82,0,0,0,0,0,0,0,0,0,0,0
226117,47,bully,1556,1,0,0,82,0,1148,0,1,47,224561,1556,0,83,0,0,0,LEADER,1,0,0,82,0,0,0,0,0,0,0,0,0,0,0
225943,95,bully,2301,1,0,0,82,0,1148,0,1,95,223642,2301,0,83,0,0,0,LEADER,1,0,0,82,0,0,0,0,0,0,0,0,0,0,0
225806,98,bully,2165,1,0,0,82,0,1148,0,1,98,223641,2165,0,83,0,0,0,LEADER,1,0,0,82,0,0,0,0,0,0,0,0,0,0,0
225990,73,bully,2349,1,0,0,82,0,1148,0,1,73,223641,2349,0,83,0,0,0,LEADER,1,0,0,82,0,0,0,0,0,0,0,0,0,0,0
226313,33,bully,1752,1,0,0,82,0,1148,0,1,33,224561,1752,0,83,0,0,0,LEADER,1,0,0,82,0,0,0,0,0,0,0,0,0,0,0
226283,97,bully,1722,1,0,0,82,0,1148,0,1,97,224561,1722,0,83,0,0,0,LEADER,1,0,0,82,0,0,0,0,0,0,0,0,0,0,0
225536,61,bully,1895,1,0,0,82,0,1148,0,1,61,223641,1895,0,83,0,0,0,LEADER,1,0,0,82,0,0,0,0,0,0,0,0,0,0,0
226483,40,bully,1922,1,0,0,82,0,1148,0,1,40,224561,1922,0,83,0,0,0,LEADER,1,0,0,82,0,0,0,0,0,0,0,0,0,0,0
225972,31,bully,2331,1,0,0,82,0,1148,0,1,31,223641,2331,0,83,0,0,0,LEADER,1,0,0,82,0,0,0,0,0,0,0,0,0,0,0
226473,29,bully,1910,1,0,0,82,0,1148,0,1,29,224563,1910,0,83,0,0,0,LEADER,1,0,0,82,0,0,0,0,0,0,0,0,0,0,0
226299,96,bully,1744,1,0,0,82,0,1148,0,1,96,224555,1744,0,83,0,0,0,LEADER,1,0,0,82,0,0,0,0,0,0,0,0,0,0,0
226386,84,bully,1825,1,0,0,82,0,1148,0,1,84,224561,1825,0,83,0,0,0,LEADER,1,0,0,82,0,0,0,0,0,0,0,0,0,0,0
226082,80,bully,1519,1,0,0,82,0,1148,0,1,80,224563,1519,0,83,0,0,0,LEADER,1,0,0,82,0,0,0,0,0,0,0,0,0,0,0
225924,53,bully,2283,1,0,0,82,0,1148,0,1,53,223641,2283,0,83,0,0,0,LEADER,1,0,0,82,0,0,0,0,0,0,0,0,0,0,0
225999,92,bully,1438,1,0,0,82,0,1148,0,1,92,224561,1438,0,83,0,0,0,LEADER,1,0,0,82,0,0,0,0,0,0,0,0,0,0,0
226171,91,bully,1619,1,0,0,82,0,1148,0,1,91,224552,1619,0,83,0,0,0,LEADER,1,0,0,82,0,0,0,0,0,0,0,0,0,0,0
226435,62,bully,1874,1,0,0,82,0,1148,0,1,62,224561,1874,0,83,0,0,0,LEADER,1,0,0,82,0,0,0,0,0,0,0,0,0,0,0
226132,15,bully,1571,1,0,0,82,0,1148,0,1,15,224561,1571,0,83,0,0,0,LEADER,1,0,0,82,0,0,0,0,0,0,0,0,0,0,0
225802,26,bully,2161,1,0,0,82,0,1148,0,1,26,223641,2161,0,83,0,0,0,LEADER,1,0,0,82,0,0,0,0,0,0,0,0,0,0,0
226538,49,bully,1977,1,0,0,82,0,1148,0,1,49,224561,1977,0,83,0,0,0,LEADER,1,0,0,82,0,0,0,0,0,0,0,0,0,0,0
226353,58,bully,1792,1,0,0,82,0,1148,0,1,58,224561,1792,0,83,0,0,0,LEADER,1,0,0,82,0,0,0,0,0,0,0,0,0,0,0
225887,86,bully,2246,1,0,0,82,0,1148,0,1,86,223641,2246,0,83,0,0,0,LEADER,1,0,0,82,0,0,0,0,0,0,0,0,0,0,0
226060,50,bully,2419,1,0,0,82,0,1148,0,1,50,223641,2419,0,83,0,0,0,LEADER,1,0,0,82,0,0,0,0,0,0,0,0,0,0,0
225911,85,bully,2268,1,0,0,82,0,1148,0,1,85,223643,2268,0,83,0,0,0,LEADER,1,0,0,82,0,0,0,0,0,0,0,0,0,0,0
225849,87,bully,2212,1,0,0,82,0,1148,0,1,87,223637,2212,0,83,0,0,0,LEADER,1,0,0,82,0,0,0,0,0,0,0,0,0,0,0
226057,64,bully,2416,1,0,0,82,0,1148,0,1,64,223641,2416,0,83,0,0,0,LEADER,1,0,0,82,0,0,0,0,0,0,0,0,0,0,0
225995,18,bully,1434,1,0,0,82,0,1148,0,1,18,224561,1434,0,83,0,0,0,LEADER,1,0,0,82,0,0,0,0,0,0,0,0,0,0,0
225906,11,bully,2264,1,0,0,82,0,1148,0,1,11,223642,2264,0,83,0,0,0,LEADER,1,0,0,82,0,0,0,0,0,0,0,0,0,0,0
226114,90,bully,1553,1,0,0,82,0,1148,0,1,90,224561,1553,0,83,0,0,0,LEADER,1,0,0,82,0,0,0,0,0,0,0,0,0,0,0
226008,35,bully,1447,1,0,0,82,0,1148,0,1,35,224561,1447,0,83,0,0,0,LEADER,1,0,0,82,0,0,0,0,0,0,0,0,0,0,0
225890,43,bully,2249,1,0,0,82,0,1148,0,1,43,223641,2249,0,83,0,0,0,LEADER,1,0,0,82,0,0,0,0,0,0,0,0,0,0,0
226028,28,bully,1467,1,0,0,82,0,1148,0,1,28,224561,1467,0,83,0,0,0,LEADER,1,0,0,82,0,0,0,0,0,0,0,0,0,0,0
225867,44,bully,2228,1,0,0,82,0,1148,0,1,44,223639,2228,0,83,0,0,0,LEADER,1,0,0,82,0,0,0,0,0,0,0,0,0,0,0
226702,23,bully,2141,1,0,0,82,0,1148,0,1,23,224561,2141,0,83,0,0,0,LEADER,1,0,0,82,0,0,0,0,0,0,0,0,0,0,0
226022,30,bully,1461,1,0,0,82,0,1148,0,1,30,224561,1461,0,83,0,0,0,LEADER,1,0,0,82,0,0,0,0,0,0,0,0,0,0,0
226422,94,bully,1859,1,0,0,82,0,1148,0,1,94,224563,1859,0,83,0,0,0,LEADER,1,0,0,82,0,0,0,0,0,0,0,0,0,0,0
226062,38,bully,1501,1,0,0,82,0,1148,0,1,38,224561,1501,0,83,0,0,0,LEADER,1,0,0,82,0,0,0,0,0,0,0,0,0,0,0
226741,66,bully,2180,1,0,0,82,0,1148,0,1,66,224561,2180,0,83,0,0,0,LEADER,1,0,0,82,0,0,0,0,0,0,0,0,0,0,0
226047,70,bully,1486,1,0,0,82,0,1148,0,1,70,224561,1486,0,83,0,0,0,LEADER,1,0,0,82,0,0,0,0,0,0,0,0,0,0,0
226692,88,bully,2131,1,0,0,82,0,1148,0,1,88,224561,2131,0,83,0,0,0,LEADER,1,0,0,82,0,0,0,0,0,0,0,0,0,0,0
225876,75,bully,2235,1,0,0,82,0,1148,0,1,75,223641,2235,0,83,0,0,0,LEADER,1,0,0,82,0,0,0,0,0,0,0,0,0,0,0
225886,12,bully,2243,1,0,0,82,0,1148,0,1,12,223643,2243,0,83,0,0,0,LEADER,1,0,0,82,0,0,0,0,0,0,0,0,0,0,0
226586,27,bully,2025,1,0,0,82,0,1148,0,1,27,224561,2025,0,83,0,0,0,LEADER,1,0,0,82,0,0,0,0,0,0,0,0,0,0,0
226075,42,bully,1514,1,0,0,82,0,1148,0,1,42,224561,1514,0,83,0,0,0,LEADER,1,0,0,82,0,0,0,0,0,0,0,0,0,0,0
226722,24,bully,2161,1,0,0,82,0,1148,0,1,24,224561,2161,0,83,0,0,0,LEADER,1,0,0,82,0,0,0,0,0,0,0,0,0,0,0
226674,46,bully,2113,1,0,0,82,0,1148,0,1,46,224561,2113,0,83,0,0,0,LEADER,1,0,0,82,0,0,0,0,0,0,0,0,0,0,0
226571,59,bully,2010,1,0,0,82,0,1148,0,1,59,224561,2010,0,83,0,0,0,LEADER,1,0,0,82,0,0,0,0,0,0,0,0,0,0,0
226199,34,bully,1637,1,0,0,82,0,1148,0,1,34,224562,1637,0,83,0,0,0,LEADER,1,0,0,82,0,0,0,0,0,0,0,0,0,0,0
226853,32,bully,2292,1,0,0,82,0,1148,0,1,32,224561,2292,0,83,0,0,0,LEADER,1,0,0,82,0,0,0,0,0,0,0,0,0,0,0
226468,72,bully,1907,1,0,0,82,0,1148,0,1,72,224561,1907,0,83,0,0,0,LEADER,1,0,0,82,0,0,0,0,0,0,0,0,0,0,0
226880,63,bully,2316,1,0,0,82,0,1148,0,1,63,224564,2316,0,83,0,0,0,LEADER,1,0,0,82,0,0,0,0,0,0,0,0,0,0,0
226353,74,bully,1792,1,0,0,82,0,1148,0,1,74,224561,1792,0,83,0,0,0,LEADER,1,0,0,82,0,0,0,0,0,0,0,0,0,0,0
226095,48,bully,1534,1,0,0,82,0,1148,0,1,48,224561,1534,0,83,0,0,0,LEADER,1,0,0,82,0,0,0,0,0,0,0,0,0,0,0
226558,57,bully,1995,1,0,0,82,0,1148,0,1,57,224563,1995,0,83,0,0,0,LEADER,1,0,0,82,0,0,0,0,0,0,0,0,0,0,0
226626,68,bully,2065,1,0,0,82,0,1148,0,1,68,224561,2065,0,83,0,0,0,LEADER,1,0,0,82,0,0,0,0,0,0,0,0,0,0,0
226027,45,bully,1466,1,0,0,82,0,1148,0,1,45,224561,1466,0,83,0,0,0,LEADER,1,0,0,82,0,0,0,0,0,0,0,0,0,0,0
226384,93,bully,1823,1,0,0,82,0,1148,0,1,93,224561,1823,0,83,0,0,0,LEADER,1,0,0,82,0,0,0,0,0,0,0,0,0,0,0
226965,82,bully,2404,1,0,0,82,0,1148,0,1,82,224561,2404,0,83,0,0,0,LEADER,1,0,0,82,0,0,0,0,0,0,0,0,0,0,0
226959,51,bully,2398,1,0,0,82,0,1148,0,1,51,224561,2398,0,83,0,0,0,LEADER,1,0,0,82,0,0,0,0,0,0,0,0,0,0,0
226504,39,bully,1943,1,0,0,82,0,1148,0,1,39,224561,1943,0,83,0,0,0,LEADER,1,0,0,82,0,0,0,0,0,0,0,0,0,0,0
226250,78,bully,1689,1,0,0,82,0,1148,0,1,78,224561,1689,0,83,0,0,0,LEADER,1,0,0,82,0,0,0,0,0,0,0,0,0,0,0
226638,79,bully,2077,1,0,0,82,0,1148,0,1,79,224561,2077,0,83,0,0,0,LEADER,1,0,0,82,0,0,0,0,0,0,0,0,0,0,0
226213,14,bully,1652,1,0,0,82,0,1148,0,1,14,224561,1652,0,83,0,0,0,LEADER,1,0,0,82,0,0,0,0,0,0,0,0,0,0,0
226640,36,bully,2080,1,0,0,82,0,1148,0,1,36,224560,2080,0,83,0,0,0,LEADER,1,0,0,82,0,0,0,0,0,0,0,0,0,0,0
226523,81,bully,1962,1,0,0,82,0,1148,0,1,81,224561,1962,0,83,0,0,0,LEADER,1,0,0,82,0,0,0,0,0,0,0,0,0,0,0
226183,67,bully,1622,1,0,0,82,0,1148,0,1,67,224561,1622,0,83,0,0,0,LEADER,1,0,0,82,0,0,0,0,0,0,0,0,0,0,0
226944,83,bully,2383,1,0,0,82,0,1148,0,1,83,224561,2383,0,83,0,0,0,LEADER,1,0,0,82,0,0,0,0,0,0,0,0,0,0,0
227088,99,bully,1607,1,0,0,82,0,1148,0,1,99,225481,1607,0,83,0,0,0,LEADER,1,0,0,82,0,0,0,0,0,0,0,0,0,0,0
226265,55,bully,1704,1,0,0,82,0,1148,0,1,55,224561,1704,0,83,0,0,0,LEADER,1,0,0,82,0,0,0,0,0,0,0,0,0,0,0
227055,89,bully,1574,1,0,0,82,0,1148,0,1,89,225481,1574,0,83,0,0,0,LEADER,1,0,0,82,0,0,0,0,0,0,0,0,0,0,0
226217,77,bully,1656,1,0,0,82,0,1148,0,1,77,224561,1656,0,83,0,0,0,LEADER,1,0,0,82,0,0,0,0,0,0,0,0,0,0,0
226489,71,bully,1928,1,0,0,82,0,1148,0,1,71,224561,1928,0,83,0,0,0,LEADER,1,0,0,82,0,0,0,0,0,0,0,0,0,0,0
226767,76,bully,2213,1,0,0,82,0,1148,0,1,76,224554,2213,0,83,0,0,0,LEADER,1,0,0,82,0,0,0,0,0,0,0,0,0,0,0
226401,52,bully,1840,1,0,0,82,0,1148,0,1,52,224561,1840,0,83,0,0,0,LEADER,1,0,0,82,0,0,0,0,0,0,0,0,0,0,0
226368,10,bully,1807,1,0,0,82,0,1148,0,1,10,224561,1807,0,83,0,0,0,LEADER,1,0,0,82,0,0,0,0,0,0,0,0,0,0,0
226301,22,bully,1740,1,0,0,82,0,1148,0,1,22,224561,1740,0,83,0,0,0,LEADER,1,0,0,82,0,0,0,0,0,0,0,0,0,0,0
226447,21,bully,1889,1,0,0,82,0,1148,0,1,21,224558,1889,0,83,0,0,0,LEADER,1,0,0,82,0,0,0,0,0,0,0,0,0,0,0
226707,56,bully,2146,1,0,0,82,0,1148,0,1,56,224561,2146,0,83,0,0,0,LEADER,1,0,0,82,0,0,0,0,0,0,0,0,0,0,0
226232,60,bully,1671,1,0,0,82,0,1148,0,1,60,224561,1671,0,83,0,0,0,LEADER,1,0,0,82,0,0,0,0,0,0,0,0,0,0,0
227085,25,bully,1604,1,0,0,82,0,1148,0,1,25,225481,1604,0,83,0,0,0,LEADER,1,0,0,82,0,0,0,0,0,0,0,0,0,0,0
226298,65,bully,1737,1,0,0,82,0,1148,0,1,65,224561,1737,0,83,0,0,0,LEADER,1,0,0,82,0,0,0,0,0,0,0,0,0,0,0
226974,19,bully,2413,1,0,0,82,0,1148,0,1,19,224561,2413,0,83,0,0,0,LEADER,1,0,0,82,0,0,0,0,0,0,0,0,0,0,0
226604,69,bully,2043,1,0,0,82,0,1148,0,1,69,224561,2043,0,83,0,0,0,LEADER,1,0,0,82,0,0,0,0,0,0,0,0,0,0,0
227206,54,bully,1725,1,0,0,82,0,1148,0,1,54,225481,1725,0,83,0,0,0,LEADER,1,0,0,82,0,0,0,0,0,0,0,0,0,0,0
226553,17,bully,1992,1,0,0,82,0,1148,0,1,17,224561,1992,0,83,0,0,0,LEADER,1,0,0,82,0,0,0,0,0,0,0,0,0,0,0
227067,100,bully,1586,1,0,0,82,0,1148,0,1,100,225481,1586,0,83,0,0,0,LEADER,1,0,0,82,0,0,0,0,0,0,0,0,0,0,0
227030,16,bully,1549,1,0,0,82,0,1148,0,1,16,225481,1549,0,83,0,0,0,LEADER,1,0,0,82,0,0,0,0,0,0,0,0,0,0,0
226619,37,bully,2058,1,0,0,82,0,1148,0,1,37,224561,2058,0,83,0,0,0,LEADER,1,0,0,82,0,0,0,0,0,0,0,0,0,0,0
227255,13,bully,1774,1,0,0,82,0,1148,0,1,13,225481,1774,0,83,0,0,0,LEADER,1,0,0,82,0,0,0,0,0,0,0,0,0,0,0
226416,20,bully,1855,1,0,0,82,0,1148,0,1,20,224561,1855,0,83,0,0,0,LEADER,1,0,0,82,0,0,0,0,0,0,0,0,0,0,0
227048,41,bully,1567,1,0,0,82,0,1148,0,1,41,225481,1567,0,83,0,0,0,LEADER,1,0,0,82,0,0,0,0,0,0,0,0,0,0,0
227037,47,bully,1556,1,0,0,82,0,1148,0,1,47,225481,1556,0,83,0,0,0,LEADER,1,0,0,82,0,0,0,0,0,0,0,0,0,0,0
226863,95,bully,2301,1,0,0,82,0,1148,0,1,95,224562,2301,0,83,0,0,0,LEADER,1,0,0,82,0,0,0,0,0,0,0,0,0,0,0
226726,98,bully,2165,1,0,0,82,0,1148,0,1,98,224561,2165,0,83,0,0,0,LEADER,1,0,0,82,0,0,0,0,0,0,0,0,0,0,0
226910,73,bully,2349,1,0,0,82,0,1148,0,1,73,224561,2349,0,83,0,0,0,LEADER,1,0,0,82,0,0,0,0,0,0,0,0,0,0,0
227233,33,bully,1752,1,0,0,82,0,1148,0,1,33,225481,1752,0,83,0,0,0,LEADER,1,0,0,82,0,0,0,0,0,0,0,0,0,0,0
227203,97,bully,1722,1,0,0,82,0,1148,0,1,97,225481,1722,0,83,0,0,0,LEADER,1,0,0,82,0,0,0,0,0,0,0,0,0,0,0
226456,61,bully,1895,1,0,0,82,0,1148,0,1,61,224561,1895,0,83,0,0,0,LEADER,1,0,0,82,0,0,0,0,0,0,0,0,0,0,0
227403,40,bully,1922,1,0,0,82,0,1148,0,1,40,225481,1922,0,83,0,0,0,LEADER,1,0,0,82,0,0,0,0,0,0,0,0,0,0,0
226892,31,bully,2331,1,0,0,82,0,1148,0,1,31,224561,2331,0,83,0,0,0,LEADER,1,0,0,82,0,0,0,0,0,0,0,0,0,0,0
227393,29,bully,1910,1,0,0,82,0,1148,0,1,29,225483,1910,0,83,0,0,0,LEADER,1,0,0,82,0,0,0,0,0,0,0,0,0,0,0
227219,96,bully,1744,1,0,0,82,0,1148,0,1,96,225475,1744,0,83,0,0,0,LEADER,1,0,0,82,0,0,0,0,0,0,0,0,0,0,0
227306,84,bully,1825,1,0,0,82,0,1148,0,1,84,225481,1825,0,83,0,0,0,LEADER,1,0,0,82,0,0,0,0,0,0,0,0,0,0,0
227002,80,bully,1519,1,0,0,82,0,1148,0,1,80,225483,1519,0,83,0,0,0,LEADER,1,0,0,82,0,0,0,0,0,0,0,0,0,0,0
226844,53,bully,2283,1,0,0,82,0,1148,0,1,53,224561,2283,0,83,0,0,0,LEADER,1,0,0,82,0,0,0,0,0,0,0,0,0,0,0
227213,2,bully,2214,1,0,0,11,23,154,322,4,2,224999,2214,0,9,0,0,0,LEADER,1,0,0,11,0,0,0,23,0,0,0,0,0,0,0
226919,92,bully,1438,1,0,0,82,0,1148,0,1,92,225481,1438,0,83,0,0,0,LEADER,1,0,0,82,0,0,0,0,0,0,0,0,0,0,0
227091,91,bully,1619,1,0,0,82,0,1148,0,1,91,225472,1619,0,83,0,0,0,LEADER,1,0,0,82,0,0,0,0,0,0,0,0,0,0,0
227355,62,bully,1874,1,0,0,82,0,1148,0,1,62,225481,1874,0,83,0,0,0,LEADER,1,0,0,82,0,0,0,0,0,0,0,0,0,0,0
227052,15,bully,1571,1,0,0,82,0,1148,0,1,15,225481,1571,0,83,0,0,0,LEADER,1,0,0,82,0,0,0,0,0,0,0,0,0,0,0
226722,26,bully,2161,1,0,0,82,0,1148,0,1,26,224561,2161,0,83,0,0,0,LEADER,1,0,0,82,0,0,0,0,0,0,0,0,0,0,0
227458,49,bully,1977,1,0,0,82,0,1148,0,1,49,225481,1977,0,83,0,0,0,LEADER,1,0,0,82,0,0,0,0,0,0,0,0,0,0,0
227273,58,bully,1792,1,0,0,82,0,1148,0,1,58,225481,1792,0,83,0,0,0,LEADER,1,0,0,82,0,0,0,0,0,0,0,0,0,0,0
226807,86,bully,2246,1,0,0,82,0,1148,0,1,86,224561,2246,0,83,0,0,0,LEADER,1,0,0,82,0,0,0,0,0,0,0,0,0,0,0
226980,50,bully,2419,1,0,0,82,0,1148,0,1,50,224561,2419,0,83,0,0,0,LEADER,1,0,0,82,0,0,0,0,0,0,0,0,0,0,0
226831,85,bully,2268,1,0,0,82,0,1148,0,1,85,224563,2268,0,83,0,0,0,LEADER,1,0,0,82,0,0,0,0,0,0,0,0,0,0,0
226769,87,bully,2212,1,0,0,82,0,1148,0,1,87,224557,2212,0,83,0,0,0,LEADER,1,0,0,82,0,0,0,0,0,0,0,0,0,0,0
226977,64,bully,2416,1,0,0,82,0,1148,0,1,64,224561,2416,0,83,0,0,0,LEADER,1,0,0,82,0,0,0,0,0,0,0,0,0,0,0
226915,18,bully,1434,1,0,0,82,0,1148,0,1,18,225481,1434,0,83,0,0,0,LEADER,1,0,0,82,0,0,0,0,0,0,0,0,0,0,0
226826,11,bully,2264,1,0,0,82,0,1148,0,1,11,224562,2264,0,83,0,0,0,LEADER,1,0,0,82,0,0,0,0,0,0,0,0,0,0,0
227034,90,bully,1553,1,0,0,82,0,1148,0,1,90,225481,1553,0,83,0,0,0,LEADER,1,0,0,82,0,0,0,0,0,0,0,0,0,0,0
226928,35,bully,1447,1,0,0,82,0,1148,0,1,35,225481,1447,0,83,0,0,0,LEADER,1,0,0,82,0,0,0,0,0,0,0,0,0,0,0
226810,43,bully,2249,1,0,0,82,0,1148,0,1,43,224561,2249,0,83,0,0,0,LEADER,1,0,0,82,0,0,0,0,0,0,0,0,0,0,0
226948,28,bully,1467,1,0,0,82,0,1148,0,1,28,225481,1467,0,83,0,0,0,LEADER,1,0,0,82,0,0,0,0,0,0,0,0,0,0,0
226787,44,bully,2228,1,0,0,82,0,1148,0,1,44,224559,2228,0,83,0,0,0,LEADER,1,0,0,82,0,0,0,0,0,0,0,0,0,0,0
227622,23,bully,2141,1,0,0,82,0,1148,0,1,23,225481,2141,0,83,0,0,0,LEADER,1,0,0,82,0,0,0,0,0,0,0,0,0,0,0
226942,30,bully,1461,1,0,0,82,0,1148,0,1,30,225481,1461,0,83,0,0,0,LEADER,1,0,0,82,0,0,0,0,0,0,0,0,0,0,0
227342,94,bully,1859,1,0,0,82,0,1148,0,1,94,225483,1859,0,83,0,0,0,LEADER,1,0,0,82,0,0,0,0,0,0,0,0,0,0,0
226982,38,bully,1501,1,0,0,82,0,1148,0,1,38,225481,1501,0,83,0,0,0,LEADER,1,0,0,82,0,0,0,0,0,0,0,0,0,0,0
227661,66,bully,2180,1,0,0,82,0,1148,0,1,66,225481,2180,0,83,0,0,0,LEADER,1,0,0,82,0,0,0,0,0,0,0,0,0,0,0
226967,70,bully,1486,1,0,0,82,0,1148,0,1,70,225481,1486,0,83,0,0,0,LEADER,1,0,0,82,0,0,0,0,0,0,0,0,0,0,0
227612,88,bully,2131,1,0,0,82,0,1148,0,1,88,225481,2131,0,83,0,0,0,LEADER,1,0,0,82,0,0,0,0,0,0,0,0,0,0,0
227316,1,bully,2293,1,0,0,12,11,168,154,1,1,225023,2293,0,11,0,0,0,LEADER,1,0,0,12,0,0,0,11,0,0,0,0,0,0,0
226796,75,bully,2235,1,0,0,82,0,1148,0,1,75,224561,2235,0,83,0,0,0,LEADER,1,0,0,82,0,0,0,0,0,0,0,0,0,0,0
226806,12,bully,2243,1,0,0,82,0,1148,0,1,12,224563,2243,0,83,0,0,0,LEADER,1,0,0,82,0,0,0,0,0,0,0,0,0,0,0
227506,27,bully,2025,1,0,0,82,0,1148,0,1,27,225481,2025,0,83,0,0,0,LEADER,1,0,0,82,0,0,0,0,0,0,0,0,0,0,0
226995,42,bully,1514,1,0,0,82,0,1148,0,1,42,225481,1514,0,83,0,0,0,LEADER,1,0,0,82,0,0,0,0,0,0,0,0,0,0,0
227642,24,bully,2161,1,0,0,82,0,1148,0,1,24,225481,2161,0,83,0,0,0,LEADER,1,0,0,82,0,0,0,0,0,0,0,0,0,0,0
227594,46,bully,2113,1,0,0,82,0,1148,0,1,46,225481,2113,0,83,0,0,0,LEADER,1,0,0,82,0,0,0,0,0,0,0,0,0,0,0
227491,59,bully,2010,1,0,0,82,0,1148,0,1,59,225481,2010,0,83,0,0,0,LEADER,1,0,0,82,0,0,0,0,0,0,0,0,0,0,0
227773,32,bully,2292,1,0,0,82,0,1148,0,1,32,225481,2292,0,83,0,0,0,LEADER,1,0,0,82,0,0,0,0,0,0,0,0,0,0,0
227119,34,bully,1637,1,0,0,82,0,1148,0,1,34,225482,1637,0,83,0,0,0,LEADER,1,0,0,82,0,0,0,0,0,0,0,0,0,0,0
227388,72,bully,1907,1,0,0,82,0,1148,0,1,72,225481,1907,0,83,0,0,0,LEADER,1,0,0,82,0,0,0,0,0,0,0,0,0,0,0
227800,63,bully,2316,1,0,0,82,0,1148,0,1,63,225484,2316,0,83,0,0,0,LEADER,1,0,0,82,0,0,0,0,0,0,0,0,0,0,0
227273,74,bully,1792,1,0,0,82,0,1148,0,1,74,225481,1792,0,83,0,0,0,LEADER,1,0,0,82,0,0,0,0,0,0,0,0,0,0,0
227015,48,bully,1534,1,0,0,82,0,1148,0,1,48,225481,1534,0,83,0,0,0,LEADER,1,0,0,82,0,0,0,0,0,0,0,0,0,0,0
227478,57,bully,1995,1,0,0,82,0,1148,0,1,57,225483,1995,0,83,0,0,0,LEADER,1,0,0,82,0,0,0,0,0,0,0,0,0,0,0
227546,68,bully,2065,1,0,0,82,0,1148,0,1,68,225481,2065,0,83,0,0,0,LEADER,1,0,0,82,0,0,0,0,0,0,0,0,0,0,0
226947,45,bully,1466,1,0,0,82,0,1148,0,1,45,225481,1466,0,83,0,0,0,LEADER,1,0,0,82,0,0,0,0,0,0,0,0,0,0,0
227304,93,bully,1823,1,0,0,82,0,1148,0,1,93,225481,1823,0,83,0,0,0,LEADER,1,0,0,82,0,0,0,0,0,0,0,0,0,0,0
227885,82,bully,2404,1,0,0,82,0,1148,0,1,82,225481,2404,0,83,0,0,0,LEADER,1,0,0,82,0,0,0,0,0,0,0,0,0,0,0
227879,51,bully,2398,1,0,0,82,0,1148,0,1,51,225481,2398,0,83,0,0,0,LEADER,1,0,0,82,0,0,0,0,0,0,0,0,0,0,0
227424,39,bully,1943,1,0,0,82,0,1148,0,1,39,225481,1943,0,83,0,0,0,LEADER,1,0,0,82,0,0,0,0,0,0,0,0,0,0,0
227170,78,bully,1689,1,0,0,82,0,1148,0,1,78,225481,1689,0,83,0,0,0,LEADER,1,0,0,82,0,0,0,0,0,0,0,0,0,0,0
227558,79,bully,2077,1,0,0,82,0,1148,0,1,79,225481,2077,0,83,0,0,0,LEADER,1,0,0,82,0,0,0,0,0,0,0,0,0,0,0
227133,14,bully,1652,1,0,0,82,0,1148,0,1,14,225481,1652,0,83,0,0,0,LEADER,1,0,0,82,0,0,0,0,0,0,0,0,0,0,0
227560,36,bully,2080,1,0,0,82,0,1148,0,1,36,225480,2080,0,83,0,0,0,LEADER,1,0,0,82,0,0,0,0,0,0,0,0,0,0,0
227443,81,bully,1962,1,0,0,82,0,1148,0,1,81,225481,1962,0,83,0,0,0,LEADER,1,0,0,82,0,0,0,0,0,0,0,0,0,0,0
227103,67,bully,1622,1,0,0,82,0,1148,0,1,67,225481,1622,0,83,0,0,0,LEADER,1,0,0,82,0,0,0,0,0,0,0,0,0,0,0
227864,83,bully,2383,1,0,0,82,0,1148,0,1,83,225481,2383,0,83,0,0,0,LEADER,1,0,0,82,0,0,0,0,0,0,0,0,0,0,0
228009,99,bully,1607,1,0,0,83,0,1162,0,1,99,226402,1607,0,84,0,0,0,LEADER,1,0,0,83,0,0,0,0,0,0,0,0,0,0,0
227185,55,bully,1704,1,0,0,82,0,1148,0,1,55,225481,1704,0,83,0,0,0,LEADER,1,0,0,82,0,0,0,0,0,0,0,0,0,0,0
227976,89,bully,1574,1,0,0,83,0,1162,0,1,89,226402,1574,0,84,0,0,0,LEADER,1,0,0,83,0,0,0,0,0,0,0,0,0,0,0
227137,77,bully,1656,1,0,0,82,0,1148,0,1,77,225481,1656,0,83,0,0,0,LEADER,1,0,0,82,0,0,0,0,0,0,0,0,0,0,0
227409,71,bully,1928,1,0,0,82,0,1148,0,1,71,225481,1928,0,83,0,0,0,LEADER,1,0,0,82,0,0,0,0,0,0,0,0,0,0,0
227687,76,bully,2213,1,0,0,82,0,1148,0,1,76,225474,2213,0,83,0,0,0,LEADER,1,0,0,82,0,0,0,0,0,0,0,0,0,0,0
227321,52,bully,1840,1,0,0,82,0,1148,0,1,52,225481,1840,0,83,0,0,0,LEADER,1,0,0,82,0,0,0,0,0,0,0,0,0,0,0
227288,10,bully,1807,1,0,0,82,0,1148,0,1,10,225481,1807,0,83,0,0,0,LEADER,1,0,0,82,0,0,0,0,0,0,0,0,0,0,0
227221,22,bully,1740,1,0,0,82,0,1148,0,1,22,225481,1740,0,83,0,0,0,LEADER,1,0,0,82,0,0,0,0,0,0,0,0,0,0,0
227367,21,bully,1889,1,0,0,82,0,1148,0,1,21,225478,1889,0,83,0,0,0,LEADER,1,0,0,82,0,0,0,0,0,0,0,0,0,0,0
227627,56,bully,2146,1,0,0,82,0,1148,0,1,56,225481,2146,0,83,0,0,0,LEADER,1,0,0,82,0,0,0,0,0,0,0,0,0,0,0
227152,60,bully,1671,1,0,0,82,0,1148,0,1,60,225481,1671,0,83,0,0,0,LEADER,1,0,0,82,0,0,0,0,0,0,0,0,0,0,0
228006,25,bully,1604,1,0,0,83,0,1162,0,1,25,226402,1604,0,84,0,0,0,LEADER,1,0,0,83,0,0,0,0,0,0,0,0,0,0,0
227218,65,bully,1737,1,0,0,82,0,1148,0,1,65,225481,1737,0,83,0,0,0,LEADER,1,0,0,82,0,0,0,0,0,0,0,0,0,0,0
227894,19,bully,2413,1,0,0,82,0,1148,0,1,19,225481,2413,0,83,0,0,0,LEADER,1,0,0,82,0,0,0,0,0,0,0,0,0,0,0
227524,69,bully,2043,1,0,0,82,0,1148,0,1,69,225481,2043,0,83,0,0,0,LEADER,1,0,0,82,0,0,0,0,0,0,0,0,0,0,0
228127,54,bully,1725,1,0,0,83,0,1162,0,1,54,226402,1725,0,84,0,0,0,LEADER,1,0,0,83,0,0,0,0,0,0,0,0,0,0,0
227473,17,bully,1992,1,0,0,82,0,1148,0,1,17,225481,1992,0,83,0,0,0,LEADER,1,0,0,82,0,0,0,0,0,0,0,0,0,0,0
227988,100,bully,1586,1,0,0,83,0,1162,0,1,100,226402,1586,0,84,0,0,0,LEADER,1,0,0,83,0,0,0,0,0,0,0,0,0,0,0
227951,16,bully,1549,1,0,0,83,0,1162,0,1,16,226402,1549,0,84,0,0,0,LEADER,1,0,0,83,0,0,0,0,0,0,0,0,0,0,0
227539,37,bully,2058,1,0,0,82,0,1148,0,1,37,225481,2058,0,83,0,0,0,LEADER,1,0,0,82,0,0,0,0,0,0,0,0,0,0,0
228176,13,bully,1774,1,0,0,83,0,1162,0,1,13,226402,1774,0,84,0,0,0,LEADER,1,0,0,83,0,0,0,0,0,0,0,0,0,0,0
227336,20,bully,1855,1,0,0,82,0,1148,0,1,20,225481,1855,0,83,0,0,0,LEADER,1,0,0,82,0,0,0,0,0,0,0,0,0,0,0
227969,41,bully,1567,1,0,0,83,0,1162,0,1,41,226402,1567,0,84,0,0,0,LEADER,1,0,0,83,0,0,0,0,0,0,0,0,0,0,0
227958,47,bully,1556,1,0,0,83,0,1162,0,1,47,226402,1556,0,84,0,0,0,LEADER,1,0,0,83,0,0,0,0,0,0,0,0,0,0,0
227783,95,bully,2301,1,0,0,82,0,1148,0,1,95,225482,2301,0,83,0,0,0,LEADER,1,0,0,82,0,0,0,0,0,0,0,0,0,0,0
227646,98,bully,2165,1,0,0,82,0,1148,0,1,98,225481,2165,0,83,0,0,0,LEADER,1,0,0,82,0,0,0,0,0,0,0,0,0,0,0
227830,73,bully,2349,1,0,0,82,0,1148,0,1,73,225481,2349,0,83,0,0,0,LEADER,1,0,0,82,0,0,0,0,0,0,0,0,0,0,0
227376,61,bully,1895,1,0,0,82,0,1148,0,1,61,225481,1895,0,83,0,0,0,LEADER,1,0,0,82,0,0,0,0,0,0,0,0,0,0,0
228124,97,bully,1722,1,0,0,83,0,1162,0,1,97,226402,1722,0,84,0,0,0,LEADER,1,0,0,83,0,0,0,0,0,0,0,0,0,0,0
228154,33,bully,1752,1,0,0,83,0,1162,0,1,33,226402,1752,0,84,0,0,0,LEADER,1,0,0,83,0,0,0,0,0,0,0,0,0,0,0
227812,31,bully,2331,1,0,0,82,0,1148,0,1,31,225481,2331,0,83,0,0,0,LEADER,1,0,0,82,0,0,0,0,0,0,0,0,0,0,0
228324,40,bully,1922,1,0,0,83,0,1162,0,1,40,226402,1922,0,84,0,0,0,LEADER,1,0,0,83,0,0,0,0,0,0,0,0,0,0,0
228314,29,bully,1910,1,0,0,83,0,1162,0,1,29,226404,1910,0,84,0,0,0,LEADER,1,0,0,83,0,0,0,0,0,0,0,0,0,0,0
228140,96,bully,1744,1,0,0,83,0,1162,0,1,96,226396,1744,0,84,0,0,0,LEADER,1,0,0,83,0,0,0,0,0,0,0,0,0,0,0
228227,84,bully,1825,1,0,0,83,0,1162,0,1,84,226402,1825,0,84,0,0,0,LEADER,1,0,0,83,0,0,0,0,0,0,0,0,0,0,0
227923,80,bully,1519,1,0,0,83,0,1162,0,1,80,226404,1519,0,84,0,0,0,LEADER,1,0,0,83,0,0,0,0,0,0,0,0,0,0,0
227764,53,bully,2283,1,0,0,82,0,1148,0,1,53,225481,2283,0,83,0,0,0,LEADER,1,0,0,82,0,0,0,0,0,0,0,0,0,0,0
227840,92,bully,1438,1,0,0,83,0,1162,0,1,92,226402,1438,0,84,0,0,0,LEADER,1,0,0,83,0,0,0,0,0,0,0,0,0,0,0
228011,91,bully,1619,1,0,0,83,0,1162,0,1,91,226392,1619,0,84,0,0,0,LEADER,1,0,0,83,0,0,0,0,0,0,0,0,0,0,0
228276,62,bully,1874,1,0,0,83,0,1162,0,1,62,226402,1874,0,84,0,0,0,LEADER,1,0,0,83,0,0,0,0,0,0,0,0,0,0,0
227973,15,bully,1571,1,0,0,83,0,1162,0,1,15,226402,1571,0,84,0,0,0,LEADER,1,0,0,83,0,0,0,0,0,0,0,0,0,0,0
227642,26,bully,2161,1,0,0,82,0,1148,0,1,26,225481,2161,0,83,0,0,0,LEADER,1,0,0,82,0,0,0,0,0,0,0,0,0,0,0
228379,49,bully,1977,1,0,0,83,0,1162,0,1,49,226402,1977,0,84,0,0,0,LEADER,1,0,0,83,0,0,0,0,0,0,0,0,0,0,0
228194,58,bully,1792,1,0,0,83,0,1162,0,1,58,226402,1792,0,84,0,0,0,LEADER,1,0,0,83,0,0,0,0,0,0,0,0,0,0,0
227727,86,bully,2246,1,0,0,82,0,1148,0,1,86,225481,2246,0,83,0,0,0,LEADER,1,0,0,82,0,0,0,0,0,0,0,0,0,0,0
227900,50,bully,2419,1,0,0,82,0,1148,0,1,50,225481,2419,0,83,0,0,0,LEADER,1,0,0,82,0,0,0,0,0,0,0,0,0,0,0
227751,85,bully,2268,1,0,0,82,0,1148,0,1,85,225483,2268,0,83,0,0,0,LEADER,1,0,0,82,0,0,0,0,0,0,0,0,0,0,0
227689,87,bully,2212,1,0,0,82,0,1148,0,1,87,225477,2212,0,83,0,0,0,LEADER,1,0,0,82,0,0,0,0,0,0,0,0,0,0,0
227897,64,bully,2416,1,0,0,82,0,1148,0,1,64,225481,2416,0,83,0,0,0,LEADER,1,0,0,82,0,0,0,0,0,0,0,0,0,0,0
227746,11,bully,2264,1,0,0,82,0,1148,0,1,11,225482,2264,0,83,0,0,0,LEADER,1,0,0,82,0,0,0,0,0,0,0,0,0,0,0
227836,18,bully,1434,1,0,0,83,0,1162,0,1,18,226402,1434,0,84,0,0,0,LEADER,1,0,0,83,0,0,0,0,0,0,0,0,0,0,0
227955,90,bully,1553,1,0,0,83,0,1162,0,1,90,226402,1553,0,84,0,0,0,LEADER,1,0,0,83,0,0,0,0,0,0,0,0,0,0,0
227849,35,bully,1447,1,0,0,83,0,1162,0,1,35,226402,1447,0,84,0,0,0,LEADER,1,0,0,83,0,0,0,0,0,0,0,0,0,0,0
227730,43,bully,2249,1,0,0,82,0,1148,0,1,43,225481,2249,0,83,0,0,0,LEADER,1,0,0,82,0,0,0,0,0,0,0,0,0,0,0
227869,28,bully,1467,1,0,0,83,0,1162,0,1,28,226402,1467,0,84,0,0,0,LEADER,1,0,0,83,0,0,0,0,0,0,0,0,0,0,0
227707,44,bully,2228,1,0,0,82,0,1148,0,1,44,225479,2228,0,83,0,0,0,LEADER,1,0,0,82,0,0,0,0,0,0,0,0,0,0,0
228543,23,bully,2141,1,0,0,83,0,1162,0,1,23,226402,2141,0,84,0,0,0,LEADER,1,0,0,83,0,0,0,0,0,0,0,0,0,0,0
227863,30,bully,1461,1,0,0,83,0,1162,0,1,30,226402,1461,0,84,0,0,0,LEADER,1,0,0,83,0,0,0,0,0,0,0,0,0,0,0
228263,94,bully,1859,1,0,0,83,0,1162,0,1,94,226404,1859,0,84,0,0,0,LEADER,1,0,0,83,0,0,0,0,0,0,0,0,0,0,0
227903,38,bully,1501,1,0,0,83,0,1162,0,1,38,226402,1501,0,84,0,0,0,LEADER,1,0,0,83,0,0,0,0,0,0,0,0,0,0,0
228582,66,bully,2180,1,0,0,83,0,1162,0,1,66,226402,2180,0,84,0,0,0,LEADER,1,0,0,83,0,0,0,0,0,0,0,0,0,0,0
227888,70,bully,1486,1,0,0,83,0,1162,0,1,70,226402,1486,0,84,0,0,0,LEADER,1,0,0,83,0,0,0,0,0,0,0,0,0,0,0
228533,88,bully,2131,1,0,0,83,0,1162,0,1,88,226402,2131,0,84,0,0,0,LEADER,1,0,0,83,0,0,0,0,0,0,0,0,0,0,0
227716,75,bully,2235,1,0,0,82,0,1148,0,1,75,225481,2235,0,83,0,0,0,LEADER,1,0,0,82,0,0,0,0,0,0,0,0,0,0,0
227726,12,bully,2243,1,0,0,82,0,1148,0,1,12,225483,2243,0,83,0,0,0,LEADER,1,0,0,82,0,0,0,0,0,0,0,0,0,0,0
228427,27,bully,2025,1,0,0,83,0,1162,0,1,27,226402,2025,0,84,0,0,0,LEADER,1,0,0,83,0,0,0,0,0,0,0,0,0,0,0
227916,42,bully,1514,1,0,0,83,0,1162,0,1,42,226402,1514,0,84,0,0,0,LEADER,1,0,0,83,0,0,0,0,0,0,0,0,0,0,0
228563,24,bully,2161,1,0,0,83,0,1162,0,1,24,226402,2161,0,84,0,0,0,LEADER,1,0,0,83,0,0,0,0,0,0,0,0,0,0,0
228515,46,bully,2113,1,0,0,83,0,1162,0,1,46,226402,2113,0,84,0,0,0,LEADER,1,0,0,83,0,0,0,0,0,0,0,0,0,0,0
228412,59,bully,2010,1,0,0,83,0,1162,0,1,59,226402,2010,0,84,0,0,0,LEADER,1,0,0,83,0,0,0,0,0,0,0,0,0,0,0
228040,34,bully,1637,1,0,0,83,0,1162,0,1,34,226403,1637,0,84,0,0,0,LEADER,1,0,0,83,0,0,0,0,0,0,0,0,0,0,0
228694,32,bully,2292,1,0,0,83,0,1162,0,1,32,226402,2292,0,84,0,0,0,LEADER,1,0,0,83,0,0,0,0,0,0,0,0,0,0,0
228309,72,bully,1907,1,0,0,83,0,1162,0,1,72,226402,1907,0,84,0,0,0,LEADER,1,0,0,83,0,0,0,0,0,0,0,0,0,0,0
228721,63,bully,2316,1,0,0,83,0,1162,0,1,63,226405,2316,0,84,0,0,0,LEADER,1,0,0,83,0,0,0,0,0,0,0,0,0,0,0
228194,74,bully,1792,1,0,0,83,0,1162,0,1,74,226402,1792,0,84,0,0,0,LEADER,1,0,0,83,0,0,0,0,0,0,0,0,0,0,0
227936,48,bully,1534,1,0,0,83,0,1162,0,1,48,226402,1534,0,84,0,0,0,LEADER,1,0,0,83,0,0,0,0,0,0,0,0,0,0,0
228399,57,bully,1995,1,0,0,83,0,1162,0,1,57,226404,1995,0,84,0,0,0,LEADER,1,0,0,83,0,0,0,0,0,0,0,0,0,0,0
228467,68,bully,2065,1,0,0,83,0,1162,0,1,68,226402,2065,0,84,0,0,0,LEADER,1,0,0,83,0,0,0,0,0,0,0,0,0,0,0
227868,45,bully,1466,1,0,0,83,0,1162,0,1,45,226402,1466,0,84,0,0,0,LEADER,1,0,0,83,0,0,0,0,0,0,0,0,0,0,0
228225,93,bully,1823,1,0,0,83,0,1162,0,1,93,226402,1823,0,84,0,0,0,LEADER,1,0,0,83,0,0,0,0,0,0,0,0,0,0,0
228806,82,bully,2404,1,0,0,83,0,1162,0,1,82,226402,2404,0,84,0,0,0,LEADER,1,0,0,83,0,0,0,0,0,0,0,0,0,0,0
228800,51,bully,2398,1,0,0,83,0,1162,0,1,51,226402,2398,0,84,0,0,0,LEADER,1,0,0,83,0,0,0,0,0,0,0,0,0,0,0
228345,39,bully,1943,1,0,0,83,0,1162,0,1,39,226402,1943,0,84,0,0,0,LEADER,1,0,0,83,0,0,0,0,0,0,0,0,0,0,0
228091,78,bully,1689,1,0,0,83,0,1162,0,1,78,226402,1689,0,84,0,0,0,LEADER,1,0,0,83,0,0,0,0,0,0,0,0,0,0,0
228479,79,bully,2077,1,0,0,83,0,1162,0,1,79,226402,2077,0,84,0,0,0,LEADER,1,0,0,83,0,0,0,0,0,0,0,0,0,0,0
228054,14,bully,1652,1,0,0,83,0,1162,0,1,14,226402,1652,0,84,0,0,0,LEADER,1,0,0,83,0,0,0,0,0,0,0,0,0,0,0
228481,36,bully,2080,1,0,0,83,0,1162,0,1,36,226401,2080,0,84,0,0,0,LEADER,1,0,0,83,0,0,0,0,0,0,0,0,0,0,0
228364,81,bully,1962,1,0,0,83,0,1162,0,1,81,226402,1962,0,84,0,0,0,LEADER,1,0,0,83,0,0,0,0,0,0,0,0,0,0,0
228024,67,bully,1622,1,0,0,83,0,1162,0,1,67,226402,1622,0,84,0,0,0,LEADER,1,0,0,83,0,0,0,0,0,0,0,0,0,0,0
228785,83,bully,2383,1,0,0,83,0,1162,0,1,83,226402,2383,0,84,0,0,0,LEADER,1,0,0,83,0,0,0,0,0,0,0,0,0,0,0
228929,99,bully,1607,1,0,0,83,0,1162,0,1,99,227322,1607,0,84,0,0,0,LEADER,1,0,0,83,0,0,0,0,0,0,0,0,0,0,0
228106,55,bully,1704,1,0,0,83,0,1162,0,1,55,226402,1704,0,84,0,0,0,LEADER,1,0,0,83,0,0,0,0,0,0,0,0,0,0,0
228896,89,bully,1574,1,0,0,83,0,1162,0,1,89,227322,1574,0,84,0,0,0,LEADER,1,0,0,83,0,0,0,0,0,0,0,0,0,0,0
228058,77,bully,1656,1,0,0,83,0,1162,0,1,77,226402,1656,0,84,0,0,0,LEADER,1,0,0,83,0,0,0,0,0,0,0,0,0,0,0
228330,71,bully,1928,1,0,0,83,0,1162,0,1,71,226402,1928,0,84,0,0,0,LEADER,1,0,0,83,0,0,0,0,0,0,0,0,0,0,0
228608,76,bully,2213,1,0,0,83,0,1162,0,1,76,226395,2213,0,84,0,0,0,LEADER,1,0,0,83,0,0,0,0,0,0,0,0,0,0,0
228242,52,bully,1840,1,0,0,83,0,1162,0,1,52,226402,1840,0,84,0,0,0,LEADER,1,0,0,83,0,0,0,0,0,0,0,0,0,0,0
228209,10,bully,1807,1,0,0,83,0,1162,0,1,10,226402,1807,0,84,0,0,0,LEADER,1,0,0,83,0,0,0,0,0,0,0,0,0,0,0
228142,22,bully,1740,1,0,0,83,0,1162,0,1,22,226402,1740,0,84,0,0,0,LEADER,1,0,0,83,0,0,0,0,0,0,0,0,0,0,0
228288,21,bully,1889,1,0,0,83,0,1162,0,1,21,226399,1889,0,84,0,0,0,LEADER,1,0,0,83,0,0,0,0,0,0,0,0,0,0,0
228548,56,bully,2146,1,0,0,83,0,1162,0,1,56,226402,2146,0,84,0,0,0,LEADER,1,0,0,83,0,0,0,0,0,0,0,0,0,0,0
228073,60,bully,1671,1,0,0,83,0,1162,0,1,60,226402,1671,0,84,0,0,0,LEADER,1,0,0,83,0,0,0,0,0,0,0,0,0,0,0
228926,25,bully,1604,1,0,0,83,0,1162,0,1,25,227322,1604,0,84,0,0,0,LEADER,1,0,0,83,0,0,0,0,0,0,0,0,0,0,0
228139,65,bully,1737,1,0,0,83,0,1162,0,1,65,226402,1737,0,84,0,0,0,LEADER,1,0,0,83,0,0,0,0,0,0,0,0,0,0,0
228815,19,bully,2413,1,0,0,83,0,1162,0,1,19,226402,2413,0,84,0,0,0,LEADER,1,0,0,83,0,0,0,0,0,0,0,0,0,0,0
228445,69,bully,2043,1,0,0,83,0,1162,0,1,69,226402,2043,0,84,0,0,0,LEADER,1,0,0,83,0,0,0,0,0,0,0,0,0,0,0
229047,54,bully,1725,1,0,0,83,0,1162,0,1,54,227322,1725,0,84,0,0,0,LEADER,1,0,0,83,0,0,0,0,0,0,0,0,0,0,0
228394,17,bully,1992,1,0,0,83,0,1162,0,1,17,226402,1992,0,84,0,0,0,LEADER,1,0,0,83,0,0,0,0,0,0,0,0,0,0,0
228908,100,bully,1586,1,0,0,83,0,1162,0,1,100,227322,1586,0,84,0,0,0,LEADER,1,0,0,83,0,0,0,0,0,0,0,0,0,0,0
228871,16,bully,1549,1,0,0,83,0,1162,0,1,16,227322,1549,0,84,0,0,0,LEADER,1,0,0,83,0,0,0,0,0,0,0,0,0,0,0
228460,37,bully,2058,1,0,0,83,0,1162,0,1,37,226402,2058,0,84,0,0,0,LEADER,1,0,0,83,0,0,0,0,0,0,0,0,0,0,0
229096,13,bully,1774,1,0,0,83,0,1162,0,1,13,227322,1774,0,84,0,0,0,LEADER,1,0,0,83,0,0,0,0,0,0,0,0,0,0,0
228257,20,bully,1855,1,0,0,83,0,1162,0,1,20,226402,1855,0,84,0,0,0,LEADER,1,0,0,83,0,0,0,0,0,0,0,0,0,0,0
228889,41,bully,1567,1,0,0,83,0,1162,0,1,41,227322,1567,0,84,0,0,0,LEADER,1,0,0,83,0,0,0,0,0,0,0,0,0,0,0
228878,47,bully,1556,1,0,0,83,0,1162,0,1,47,227322,1556,0,84,0,0,0,LEADER,1,0,0,83,0,0,0,0,0,0,0,0,0,0,0
228704,95,bully,2301,1,0,0,83,0,1162,0,1,95,226403,2301,0,84,0,0,0,LEADER,1,0,0,83,0,0,0,0,0,0,0,0,0,0,0
228567,98,bully,2165,1,0,0,83,0,1162,0,1,98,226402,2165,0,84,0,0,0,LEADER,1,0,0,83,0,0,0,0,0,0,0,0,0,0,0
228751,73,bully,2349,1,0,0,83,0,1162,0,1,73,226402,2349,0,84,0,0,0,LEADER,1,0,0,83,0,0,0,0,0,0,0,0,0,0,0
229074,33,bully,1752,1,0,0,83,0,1162,0,1,33,227322,1752,0,84,0,0,0,LEADER,1,0,0,83,0,0,0,0,0,0,0,0,0,0,0
229044,97,bully,1722,1,0,0,83,0,1162,0,1,97,227322,1722,0,84,0,0,0,LEADER,1,0,0,83,0,0,0,0,0,0,0,0,0,0,0
228297,61,bully,1895,1,0,0,83,0,1162,0,1,61,226402,1895,0,84,0,0,0,LEADER,1,0,0,83,0,0,0,0,0,0,0,0,0,0,0
229244,40,bully,1922,1,0,0,83,0,1162,0,1,40,227322,1922,0,84,0,0,0,LEADER,1,0,0,83,0,0,0,0,0,0,0,0,0,0,0
228733,31,bully,2331,1,0,0,83,0,1162,0,1,31,226402,2331,0,84,0,0,0,LEADER,1,0,0,83,0,0,0,0,0,0,0,0,0,0,0
229234,29,bully,1910,1,0,0,83,0,1162,0,1,29,227324,1910,0,84,0,0,0,LEADER,1,0,0,83,0,0,0,0,0,0,0,0,0,0,0
229060,96,bully,1744,1,0,0,83,0,1162,0,1,96,227316,1744,0,84,0,0,0,LEADER,1,0,0,83,0,0,0,0,0,0,0,0,0,0,0
229147,84,bully,1825,1,0,0,83,0,1162,0,1,84,227322,1825,0,84,0,0,0,LEADER,1,0,0,83,0,0,0,0,0,0,0,0,0,0,0
228843,80,bully,1519,1,0,0,83,0,1162,0,1,80,227324,1519,0,84,0,0,0,LEADER,1,0,0,83,0,0,0,0,0,0,0,0,0,0,0
228685,53,bully,2283,1,0,0,83,0,1162,0,1,53,226402,2283,0,84,0,0,0,LEADER,1,0,0,83,0,0,0,0,0,0,0,0,0,0,0
228760,92,bully,1438,1,0,0,83,0,1162,0,1,92,227322,1438,0,84,0,0,0,LEADER,1,0,0,83,0,0,0,0,0,0,0,0,0,0,0
228931,91,bully,1619,1,0,0,83,0,1162,0,1,91,227312,1619,0,84,0,0,0,LEADER,1,0,0,83,0,0,0,0,0,0,0,0,0,0,0
229196,62,bully,1874,1,0,0,83,0,1162,0,1,62,227322,1874,0,84,0,0,0,LEADER,1,0,0,83,0,0,0,0,0,0,0,0,0,0,0
228893,15,bully,1571,1,0,0,83,0,1162,0,1,15,227322,1571,0,84,0,0,0,LEADER,1,0,0,83,0,0,0,0,0,0,0,0,0,0,0
228563,26,bully,2161,1,0,0,83,0,1162,0,1,26,226402,2161,0,84,0,0,0,LEADER,1,0,0,83,0,0,0,0,0,0,0,0,0,0,0
229299,49,bully,1977,1,0,0,83,0,1162,0,1,49,227322,1977,0,84,0,0,0,LEADER,1,0,0,83,0,0,0,0,0,0,0,0,0,0,0
229114,58,bully,1792,1,0,0,83,0,1162,0,1,58,227322,1792,0,84,0,0,0,LEADER,1,0,0,83,0,0,0,0,0,0,0,0,0,0,0
228648,86,bully,2246,1,0,0,83,0,1162,0,1,86,226402,2246,0,84,0,0,0,LEADER,1,0,0,83,0,0,0,0,0,0,0,0,0,0,0
228821,50,bully,2419,1,0,0,83,0,1162,0,1,50,226402,2419,0,84,0,0,0,LEADER,1,0,0,83,0,0,0,0,0,0,0,0,0,0,0
228672,85,bully,2268,1,0,0,83,0,1162,0,1,85,226404,2268,0,84,0,0,0,LEADER,1,0,0,83,0,0,0,0,0,0,0,0,0,0,0
228610,87,bully,2212,1,0,0,83,0,1162,0,1,87,226398,2212,0,84,0,0,0,LEADER,1,0,0,83,0,0,0,0,0,0,0,0,0,0,0
228818,64,bully,2416,1,0,0,83,0,1162,0,1,64,226402,2416,0,84,0,0,0,LEADER,1,0,0,83,0,0,0,0,0,0,0,0,0,0,0
228756,18,bully,1434,1,0,0,83,0,1162,0,1,18,227322,1434,0,84,0,0,0,LEADER,1,0,0,83,0,0,0,0,0,0,0,0,0,0,0
228667,11,bully,2264,1,0,0,83,0,1162,0,1,11,226403,2264,0,84,0,0,0,LEADER,1,0,0,83,0,0,0,0,0,0,0,0,0,0,0
228875,90,bully,1553,1,0,0,83,0,1162,0,1,90,227322,1553,0,84,0,0,0,LEADER,1,0,0,83,0,0,0,0,0,0,0,0,0,0,0
228769,35,bully,1447,1,0,0,83,0,1162,0,1,35,227322,1447,0,84,0,0,0,LEADER,1,0,0,83,0,0,0,0,0,0,0,0,0,0,0
228651,43,bully,2249,1,0,0,83,0,1162,0,1,43,226402,2249,0,84,0,0,0,LEADER,1,0,0,83,0,0,0,0,0,0,0,0,0,0,0
228789,28,bully,1467,1,0,0,83,0,1162,0,1,28,227322,1467,0,84,0,0,0,LEADER,1,0,0,83,0,0,0,0,0,0,0,0,0,0,0
228628,44,bully,2228,1,0,0,83,0,1162,0,1,44,226400,2228,0,84,0,0,0,LEADER,1,0,0,83,0,0,0,0,0,0,0,0,0,0,0
229463,23,bully,2141,1,0,0,83,0,1162,0,1,23,227322,2141,0,84,0,0,0,LEADER,1,0,0,83,0,0,0,0,0,0,0,0,0,0,0
228783,30,bully,1461,1,0,0,83,0,1162,0,1,30,227322,1461,0,84,0,0,0,LEADER,1,0,0,83,0,0,0,0,0,0,0,0,0,0,0
229183,94,bully,1859,1,0,0,83,0,1162,0,1,94,227324,1859,0,84,0,0,0,LEADER,1,0,0,83,0,0,0,0,0,0,0,0,0,0,0
228823,38,bully,1501,1,0,0,83,0,1162,0,1,38,227322,1501,0,84,0,0,0,LEADER,1,0,0,83,0,0,0,0,0,0,0,0,0,0,0
229502,66,bully,2180,1,0,0,83,0,1162,0,1,66,227322,2180,0,84,0,0,0,LEADER,1,0,0,83,0,0,0,0,0,0,0,0,0,0,0
228808,70,bully,1486,1,0,0,83,0,1162,0,1,70,227322,1486,0,84,0,0,0,LEADER,1,0,0,83,0,0,0,0,0,0,0,0,0,0,0
229453,88,bully,2131,1,0,0,83,0,1162,0,1,88,227322,2131,0,84,0,0,0,LEADER,1,0,0,83,0,0,0,0,0,0,0,0,0,0,0
228637,75,bully,2235,1,0,0,83,0,1162,0,1,75,226402,2235,0,84,0,0,0,LEADER,1,0,0,83,0,0,0,0,0,0,0,0,0,0,0
228647,12,bully,2243,1,0,0,83,0,1162,0,1,12,226404,2243,0,84,0,0,0,LEADER,1,0,0,83,0,0,0,0,0,0,0,0,0,0,0
229347,27,bully,2025,1,0,0,83,0,1162,0,1,27,227322,2025,0,84,0,0,0,LEADER,1,0,0,83,0,0,0,0,0,0,0,0,0,0,0
228836,42,bully,1514,1,0,0,83,0,1162,0,1,42,227322,1514,0,84,0,0,0,LEADER,1,0,0,83,0,0,0,0,0,0,0,0,0,0,0
229483,24,bully,2161,1,0,0,83,0,1162,0,1,24,227322,2161,0,84,0,0,0,LEADER,1,0,0,83,0,0,0,0,0,0,0,0,0,0,0
229435,46,bully,2113,1,0,0,83,0,1162,0,1,46,227322,2113,0,84,0,0,0,LEADER,1,0,0,83,0,0,0,0,0,0,0,0,0,0,0
229332,59,bully,2010,1,0,0,83,0,1162,0,1,59,227322,2010,0,84,0,0,0,LEADER,1,0,0,83,0,0,0,0,0,0,0,0,0,0,0
228960,34,bully,1637,1,0,0,83,0,1162,0,1,34,227323,1637,0,84,0,0,0,LEADER,1,0,0,83,0,0,0,0,0,0,0,0,0,0,0
229614,32,bully,2292,1,0,0,83,0,1162,0,1,32,227322,2292,0,84,0,0,0,LEADER,1,0,0,83,0,0,0,0,0,0,0,0,0,0,0
229229,72,bully,1907,1,0,0,83,0,1162,0,1,72,227322,1907,0,84,0,0,0,LEADER,1,0,0,83,0,0,0,0,0,0,0,0,0,0,0
229641,63,bully,2316,1,0,0,83,0,1162,0,1,63,227325,2316,0,84,0,0,0,LEADER,1,0,0,83,0,0,0,0,0,0,0,0,0,0,0
229114,74,bully,1792,1,0,0,83,0,1162,0,1,74,227322,1792,0,84,0,0,0,LEADER,1,0,0,83,0,0,0,0,0,0,0,0,0,0,0
228856,48,bully,1534,1,0,0,83,0,1162,0,1,48,227322,1534,0,84,0,0,0,LEADER,1,0,0,83,0,0,0,0,0,0,0,0,0,0,0
229319,57,bully,1995,1,0,0,83,0,1162,0,1,57,227324,1995,0,84,0,0,0,LEADER,1,0,0,83,0,0,0,0,0,0,0,0,0,0,0
229387,68,bully,2065,1,0,0,83,0,1162,0,1,68,227322,2065,0,84,0,0,0,LEADER,1,0,0,83,0,0,0,0,0,0,0,0,0,0,0
228788,45,bully,1466,1,0,0,83,0,1162,0,1,45,227322,1466,0,84,0,0,0,LEADER,1,0,0,83,0,0,0,0,0,0,0,0,0,0,0
229145,93,bully,1823,1,0,0,83,0,1162,0,1,93,227322,1823,0,84,0,0,0,LEADER,1,0,0,83,0,0,0,0,0,0,0,0,0,0,0
229726,82,bully,2404,1,0,0,83,0,1162,0,1,82,227322,2404,0,84,0,0,0,LEADER,1,0,0,83,0,0,0,0,0,0,0,0,0,0,0
229720,51,bully,2398,1,0,0,83,0,1162,0,1,51,227322,2398,0,84,0,0,0,LEADER,1,0,0,83,0,0,0,0,0,0,0,0,0,0,0
229265,39,bully,1943,1,0,0,83,0,1162,0,1,39,227322,1943,0,84,0,0,0,LEADER,1,0,0,83,0,0,0,0,0,0,0,0,0,0,0
229011,78,bully,1689,1,0,0,83,0,1162,0,1,78,227322,1689,0,84,0,0,0,LEADER,1,0,0,83,0,0,0,0,0,0,0,0,0,0,0
229399,79,bully,2077,1,0,0,83,0,1162,0,1,79,227322,2077,0,84,0,0,0,LEADER,1,0,0,83,0,0,0,0,0,0,0,0,0,0,0
228974,14,bully,1652,1,0,0,83,0,1162,0,1,14,227322,1652,0,84,0,0,0,LEADER,1,0,0,83,0,0,0,0,0,0,0,0,0,0,0
229401,36,bully,2080,1,0,0,83,0,1162,0,1,36,227321,2080,0,84,0,0,0,LEADER,1,0,0,83,0,0,0,0,0,0,0,0,0,0,0
229284,81,bully,1962,1,0,0,83,0,1162,0,1,81,227322,1962,0,84,0,0,0,LEADER,1,0,0,83,0,0,0,0,0,0,0,0,0,0,0
228944,67,bully,1622,1,0,0,83,0,1162,0,1,67,227322,1622,0,84,0,0,0,LEADER,1,0,0,83,0,0,0,0,0,0,0,0,0,0,0
229705,83,bully,2383,1,0,0,83,0,1162,0,1,83,227322,2383,0,84,0,0,0,LEADER,1,0,0,83,0,0,0,0,0,0,0,0,0,0,0
229849,99,bully,1607,1,0,0,83,0,1162,0,1,99,228242,1607,0,84,0,0,0,LEADER,1,0,0,83,0,0,0,0,0,0,0,0,0,0,0
229026,55,bully,1704,1,0,0,83,0,1162,0,1,55,227322,1704,0,84,0,0,0,LEADER,1,0,0,83,0,0,0,0,0,0,0,0,0,0,0
229816,89,bully,1574,1,0,0,83,0,1162,0,1,89,228242,1574,0,84,0,0,0,LEADER,1,0,0,83,0,0,0,0,0,0,0,0,0,0,0
228978,77,bully,1656,1,0,0,83,0,1162,0,1,77,227322,1656,0,84,0,0,0,LEADER,1,0,0,83,0,0,0,0,0,0,0,0,0,0,0
229250,71,bully,1928,1,0,0,83,0,1162,0,1,71,227322,1928,0,84,0,0,0,LEADER,1,0,0,83,0,0,0,0,0,0,0,0,0,0,0
229528,76,bully,2213,1,0,0,83,0,1162,0,1,76,227315,2213,0,84,0,0,0,LEADER,1,0,0,83,0,0,0,0,0,0,0,0,0,0,0
229162,52,bully,1840,1,0,0,83,0,1162,0,1,52,227322,1840,0,84,0,0,0,LEADER,1,0,0,83,0,0,0,0,0,0,0,0,0,0,0
229129,10,bully,1807,1,0,0,83,0,1162,0,1,10,227322,1807,0,84,0,0,0,LEADER,1,0,0,83,0,0,0,0,0,0,0,0,0,0,0
229062,22,bully,1740,1,0,0,83,0,1162,0,1,22,227322,1740,0,84,0,0,0,LEADER,1,0,0,83,0,0,0,0,0,0,0,0,0,0,0
229208,21,bully,1889,1,0,0,83,0,1162,0,1,21,227319,1889,0,84,0,0,0,LEADER,1,0,0,83,0,0,0,0,0,0,0,0,0,0,0
229468,56,bully,2146,1,0,0,83,0,1162,0,1,56,227322,2146,0,84,0,0,0,LEADER,1,0,0,83,0,0,0,0,0,0,0,0,0,0,0
228993,60,bully,1671,1,0,0,83,0,1162,0,1,60,227322,1671,0,84,0,0,0,LEADER,1,0,0,83,0,0,0,0,0,0,0,0,0,0,0
229846,25,bully,1604,1,0,0,83,0,1162,0,1,25,228242,1604,0,84,0,0,0,LEADER,1,0,0,83,0,0,0,0,0,0,0,0,0,0,0
229059,65,bully,1737,1,0,0,83,0,1162,0,1,65,227322,1737,0,84,0,0,0,LEADER,1,0,0,83,0,0,0,0,0,0,0,0,0,0,0
229735,19,bully,2413,1,0,0,83,0,1162,0,1,19,227322,2413,0,84,0,0,0,LEADER,1,0,0,83,0,0,0,0,0,0,0,0,0,0,0
229365,69,bully,2043,1,0,0,83,0,1162,0,1,69,227322,2043,0,84,0,0,0,LEADER,1,0,0,83,0,0,0,0,0,0,0,0,0,0,0
229967,54,bully,1725,1,0,0,83,0,1162,0,1,54,228242,1725,0,84,0,0,0,LEADER,1,0,0,83,0,0,0,0,0,0,0,0,0,0,0
229314,17,bully,1992,1,0,0,83,0,1162,0,1,17,227322,1992,0,84,0,0,0,LEADER,1,0,0,83,0,0,0,0,0,0,0,0,0,0,0
229828,100,bully,1586,1,0,0,83,0,1162,0,1,100,228242,1586,0,84,0,0,0,LEADER,1,0,0,83,0,0,0,0,0,0,0,0,0,0,0
229791,16,bully,1549,1,0,0,83,0,1162,0,1,16,228242,1549,0,84,0,0,0,LEADER,1,0,0,83,0,0,0,0,0,0,0,0,0,0,0
229380,37,bully,2058,1,0,0,83,0,1162,0,1,37,227322,2058,0,84,0,0,0,LEADER,1,0,0,83,0,0,0,0,0,0,0,0,0,0,0
230016,13,bully,1774,1,0,0,83,0,1162,0,1,13,228242,1774,0,84,0,0,0,LEADER,1,0,0,83,0,0,0,0,0,0,0,0,0,0,0
229177,20,bully,1855,1,0,0,83,0,1162,0,1,20,227322,1855,0,84,0,0,0,LEADER,1,0,0,83,0,0,0,0,0,0,0,0,0,0,0
229809,41,bully,1567,1,0,0,83,0,1162,0,1,41,228242,1567,0,84,0,0,0,LEADER,1,0,0,83,0,0,0,0,0,0,0,0,0,0,0
229798,47,bully,1556,1,0,0,83,0,1162,0,1,47,228242,1556,0,84,0,0,0,LEADER,1,0,0,83,0,0,0,0,0,0,0,0,0,0,0
229624,95,bully,2301,1,0,0,83,0,1162,0,1,95,227323,2301,0,84,0,0,0,LEADER,1,0,0,83,0,0,0,0,0,0,0,0,0,0,0
229487,98,bully,2165,1,0,0,83,0,1162,0,1,98,227322,2165,0,84,0,0,0,LEADER,1,0,0,83,0,0,0,0,0,0,0,0,0,0,0
229671,73,bully,2349,1,0,0,83,0,1162,0,1,73,227322,2349,0,84,0,0,0,LEADER,1,0,0,83,0,0,0,0,0,0,0,0,0,0,0
229994,33,bully,1752,1,0,0,83,0,1162,0,1,33,228242,1752,0,84,0,0,0,LEADER,1,0,0,83,0,0,0,0,0,0,0,0,0,0,0
229964,97,bully,1722,1,0,0,83,0,1162,0,1,97,228242,1722,0,84,0,0,0,LEADER,1,0,0,83,0,0,0,0,0,0,0,0,0,0,0
229217,61,bully,1895,1,0,0,83,0,1162,0,1,61,227322,1895,0,84,0,0,0,LEADER,1,0,0,83,0,0,0,0,0,0,0,0,0,0,0
230164,40,bully,1922,1,0,0,83,0,1162,0,1,40,228242,1922,0,84,0,0,0,LEADER,1,0,0,83,0,0,0,0,0,0,0,0,0,0,0
229653,31,bully,2331,1,0,0,83,0,1162,0,1,31,227322,2331,0,84,0,0,0,LEADER,1,0,0,83,0,0,0,0,0,0,0,0,0,0,0
230154,29,bully,1910,1,0,0,83,0,1162,0,1,29,228244,1910,0,84,0,0,0,LEADER,1,0,0,83,0,0,0,0,0,0,0,0,0,0,0
229980,96,bully,1744,1,0,0,83,0,1162,0,1,96,228236,1744,0,84,0,0,0,LEADER,1,0,0,83,0,0,0,0,0,0,0,0,0,0,0
230067,84,bully,1825,1,0,0,83,0,1162,0,1,84,228242,1825,0,84,0,0,0,LEADER,1,0,0,83,0,0,0,0,0,0,0,0,0,0,0
229763,80,bully,1519,1,0,0,83,0,1162,0,1,80,228244,1519,0,84,0,0,0,LEADER,1,0,0,83,0,0,0,0,0,0,0,0,0,0,0
229605,53,bully,2283,1,0,0,83,0,1162,0,1,53,227322,2283,0,84,0,0,0,LEADER,1,0,0,83,0,0,0,0,0,0,0,0,0,0,0
229680,92,bully,1438,1,0,0,83,0,1162,0,1,92,228242,1438,0,84,0,0,0,LEADER,1,0,0,83,0,0,0,0,0,0,0,0,0,0,0
229851,91,bully,1619,1,0,0,83,0,1162,0,1,91,228232,1619,0,84,0,0,0,LEADER,1,0,0,83,0,0,0,0,0,0,0,0,0,0,0
230116,62,bully,1874,1,0,0,83,0,1162,0,1,62,228242,1874,0,84,0,0,0,LEADER,1,0,0,83,0,0,0,0,0,0,0,0,0,0,0
229813,15,bully,1571,1,0,0,83,0,1162,0,1,15,228242,1571,0,84,0,0,0,LEADER,1,0,0,83,0,0,0,0,0,0,0,0,0,0,0
229483,26,bully,2161,1,0,0,83,0,1162,0,1,26,227322,2161,0,84,0,0,0,LEADER,1,0,0,83,0,0,0,0,0,0,0,0,0,0,0
230219,49,bully,1977,1,0,0,83,0,1162,0,1,49,228242,1977,0,84,0,0,0,LEADER,1,0,0,83,0,0,0,0,0,0,0,0,0,0,0
230034,58,bully,1792,1,0,0,83,0,1162,0,1,58,228242,1792,0,84,0,0,0,LEADER,1,0,0,83,0,0,0,0,0,0,0,0,0,0,0
229568,86,bully,2246,1,0,0,83,0,1162,0,1,86,227322,2246,0,84,0,0,0,LEADER,1,0,0,83,0,0,0,0,0,0,0,0,0,0,0
229741,50,bully,2419,1,0,0,83,0,1162,0,1,50,227322,2419,0,84,0,0,0,LEADER,1,0,0,83,0,0,0,0,0,0,0,0,0,0,0
229592,85,bully,2268,1,0,0,83,0,1162,0,1,85,227324,2268,0,84,0,0,0,LEADER,1,0,0,83,0,0,0,0,0,0,0,0,0,0,0
229530,87,bully,2212,1,0,0,83,0,1162,0,1,87,227318,2212,0,84,0,0,0,LEADER,1,0,0,83,0,0,0,0,0,0,0,0,0,0,0
229738,64,bully,2416,1,0,0,83,0,1162,0,1,64,227322,2416,0,84,0,0,0,LEADER,1,0,0,83,0,0,0,0,0,0,0,0,0,0,0
229676,18,bully,1434,1,0,0,83,0,1162,0,1,18,228242,1434,0,84,0,0,0,LEADER,1,0,0,83,0,0,0,0,0,0,0,0,0,0,0
229587,11,bully,2264,1,0,0,83,0,1162,0,1,11,227323,2264,0,84,0,0,0,LEADER,1,0,0,83,0,0,0,0,0,0,0,0,0,0,0
229795,90,bully,1553,1,0,0,83,0,1162,0,1,90,228242,1553,0,84,0,0,0,LEADER,1,0,0,83,0,0,0,0,0,0,0,0,0,0,0
229689,35,bully,1447,1,0,0,83,0,1162,0,1,35,228242,1447,0,84,0,0,0,LEADER,1,0,0,83,0,0,0,0,0,0,0,0,0,0,0
229571,43,bully,2249,1,0,0,83,0,1162,0,1,43,227322,2249,0,84,0,0,0,LEADER,1,0,0,83,0,0,0,0,0,0,0,0,0,0,0
229709,28,bully,1467,1,0,0,83,0,1162,0,1,28,228242,1467,0,84,0,0,0,LEADER,1,0,0,83,0,0,0,0,0,0,0,0,0,0,0
229548,44,bully,2228,1,0,0,83,0,1162,0,1,44,227320,2228,0,84,0,0,0,LEADER,1,0,0,83,0,0,0,0,0,0,0,0,0,0,0
230383,23,bully,2141,1,0,0,83,0,1162,0,1,23,228242,2141,0,84,0,0,0,LEADER,1,0,0,83,0,0,0,0,0,0,0,0,0,0,0
229703,30,bully,1461,1,0,0,83,0,1162,0,1,30,228242,1461,0,84,0,0,0,LEADER,1,0,0,83,0,0,0,0,0,0,0,0,0,0,0
230103,94,bully,1859,1,0,0,83,0,1162,0,1,94,228244,1859,0,84,0,0,0,LEADER,1,0,0,83,0,0,0,0,0,0,0,0,0,0,0
229743,38,bully,1501,1,0,0,83,0,1162,0,1,38,228242,1501,0,84,0,0,0,LEADER,1,0,0,83,0,0,0,0,0,0,0,0,0,0,0
230422,66,bully,2180,1,0,0,83,0,1162,0,1,66,228242,2180,0,84,0,0,0,LEADER,1,0,0,83,0,0,0,0,0,0,0,0,0,0,0
229728,70,bully,1486,1,0,0,83,0,1162,0,1,70,228242,1486,0,84,0,0,0,LEADER,1,0,0,83,0,0,0,0,0,0,0,0,0,0,0
230373,88,bully,2131,1,0,0,83,0,1162,0,1,88,228242,2131,0,84,0,0,0,LEADER,1,0,0,83,0,0,0,0,0,0,0,0,0,0,0
229557,75,bully,2235,1,0,0,83,0,1162,0,1,75,227322,2235,0,84,0,0,0,LEADER,1,0,0,83,0,0,0,0,0,0,0,0,0,0,0
229567,12,bully,2243,1,0,0,83,0,1162,0,1,12,227324,2243,0,84,0,0,0,LEADER,1,0,0,83,0,0,0,0,0,0,0,0,0,0,0
230267,27,bully,2025,1,0,0,83,0,1162,0,1,27,228242,2025,0,84,0,0,0,LEADER,1,0,0,83,0,0,0,0,0,0,0,0,0,0,0
229756,42,bully,1514,1,0,0,83,0,1162,0,1,42,228242,1514,0,84,0,0,0,LEADER,1,0,0,83,0,0,0,0,0,0,0,0,0,0,0
230403,24,bully,2161,1,0,0,83,0,1162,0,1,24,228242,2161,0,84,0,0,0,LEADER,1,0,0,83,0,0,0,0,0,0,0,0,0,0,0
230355,46,bully,2113,1,0,0,83,0,1162,0,1,46,228242,2113,0,84,0,0,0,LEADER,1,0,0,83,0,0,0,0,0,0,0,0,0,0,0
230252,59,bully,2010,1,0,0,83,0,1162,0,1,59,228242,2010,0,84,0,0,0,LEADER,1,0,0,83,0,0,0,0,0,0,0,0,0,0,0
230534,32,bully,2292,1,0,0,83,0,1162,0,1,32,228242,2292,0,84,0,0,0,LEADER,1,0,0,83,0,0,0,0,0,0,0,0,0,0,0
229880,34,bully,1637,1,0,0,83,0,1162,0,1,34,228243,1637,0,84,0,0,0,LEADER,1,0,0,83,0,0,0,0,0,0,0,0,0,0,0
230149,72,bully,1907,1,0,0,83,0,1162,0,1,72,228242,1907,0,84,0,0,0,LEADER,1,0,0,83,0,0,0,0,0,0,0,0,0,0,0
230561,63,bully,2316,1,0,0,83,0,1162,0,1,63,228245,2316,0,84,0,0,0,LEADER,1,0,0,83,0,0,0,0,0,0,0,0,0,0,0
230034,74,bully,1792,1,0,0,83,0,1162,0,1,74,228242,1792,0,84,0,0,0,LEADER,1,0,0,83,0,0,0,0,0,0,0,0,0,0,0
229776,48,bully,1534,1,0,0,83,0,1162,0,1,48,228242,1534,0,84,0,0,0,LEADER,1,0,0,83,0,0,0,0,0,0,0,0,0,0,0
230239,57,bully,1995,1,0,0,83,0,1162,0,1,57,228244,1995,0,84,0,0,0,LEADER,1,0,0,83,0,0,0,0,0,0,0,0,0,0,0
230307,68,bully,2065,1,0,0,83,0,1162,0,1,68,228242,2065,0,84,0,0,0,LEADER,1,0,0,83,0,0,0,0,0,0,0,0,0,0,0
229708,45,bully,1466,1,0,0,83,0,1162,0,1,45,228242,1466,0,84,0,0,0,LEADER,1,0,0,83,0,0,0,0,0,0,0,0,0,0,0
230065,93,bully,1823,1,0,0,83,0,1162,0,1,93,228242,1823,0,84,0,0,0,LEADER,1,0,0,83,0,0,0,0,0,0,0,0,0,0,0
230646,82,bully,2404,1,0,0,83,0,1162,0,1,82,228242,2404,0,84,0,0,0,LEADER,1,0,0,83,0,0,0,0,0,0,0,0,0,0,0
230640,51,bully,2398,1,0,0,83,0,1162,0,1,51,228242,2398,0,84,0,0,0,LEADER,1,0,0,83,0,0,0,0,0,0,0,0,0,0,0
230185,39,bully,1943,1,0,0,83,0,1162,0,1,39,228242,1943,0,84,0,0,0,LEADER,1,0,0,83,0,0,0,0,0,0,0,0,0,0,0
229931,78,bully,1689,1,0,0,83,0,1162,0,1,78,228242,1689,0,84,0,0,0,LEADER,1,0,0,83,0,0,0,0,0,0,0,0,0,0,0
230319,79,bully,2077,1,0,0,83,0,1162,0,1,79,228242,2077,0,84,0,0,0,LEADER,1,0,0,83,0,0,0,0,0,0,0,0,0,0,0
229894,14,bully,1652,1,0,0,83,0,1162,0,1,14,228242,1652,0,84,0,0,0,LEADER,1,0,0,83,0,0,0,0,0,0,0,0,0,0,0
230321,36,bully,2080,1,0,0,83,0,1162,0,1,36,228241,2080,0,84,0,0,0,LEADER,1,0,0,83,0,0,0,0,0,0,0,0,0,0,0
230204,81,bully,1962,1,0,0,83,0,1162,0,1,81,228242,1962,0,84,0,0,0,LEADER,1,0,0,83,0,0,0,0,0,0,0,0,0,0,0
229864,67,bully,1622,1,0,0,83,0,1162,0,1,67,228242,1622,0,84,0,0,0,LEADER,1,0,0,83,0,0,0,0,0,0,0,0,0,0,0
230625,83,bully,2383,1,0,0,83,0,1162,0,1,83,228242,2383,0,84,0,0,0,LEADER,1,0,0,83,0,0,0,0,0,0,0,0,0,0,0
230770,99,bully,1607,1,0,0,84,0,1176,0,1,99,229163,1607,0,85,0,0,0,LEADER,1,0,0,84,0,0,0,0,0,0,0,0,0,0,0
229946,55,bully,1704,1,0,0,83,0,1162,0,1,55,228242,1704,0,84,0,0,0,LEADER,1,0,0,83,0,0,0,0,0,0,0,0,0,0,0
230737,89,bully,1574,1,0,0,84,0,1176,0,1,89,229163,1574,0,85,0,0,0,LEADER,1,0,0,84,0,0,0,0,0,0,0,0,0,0,0
229898,77,bully,1656,1,0,0,83,0,1162,0,1,77,228242,1656,0,84,0,0,0,LEADER,1,0,0,83,0,0,0,0,0,0,0,0,0,0,0
230170,71,bully,1928,1,0,0,83,0,1162,0,1,71,228242,1928,0,84,0,0,0,LEADER,1,0,0,83,0,0,0,0,0,0,0,0,0,0,0
230448,76,bully,2213,1,0,0,83,0,1162,0,1,76,228235,2213,0,84,0,0,0,LEADER,1,0,0,83,0,0,0,0,0,0,0,0,0,0,0
230082,52,bully,1840,1,0,0,83,0,1162,0,1,52,228242,1840,0,84,0,0,0,LEADER,1,0,0,83,0,0,0,0,0,0,0,0,0,0,0
230049,10,bully,1807,1,0,0,83,0,1162,0,1,10,228242,1807,0,84,0,0,0,LEADER,1,0,0,83,0,0,0,0,0,0,0,0,0,0,0
229982,22,bully,1740,1,0,0,83,0,1162,0,1,22,228242,1740,0,84,0,0,0,LEADER,1,0,0,83,0,0,0,0,0,0,0,0,0,0,0
230128,21,bully,1889,1,0,0,83,0,1162,0,1,21,228239,1889,0,84,0,0,0,LEADER,1,0,0,83,0,0,0,0,0,0,0,0,0,0,0
230388,56,bully,2146,1,0,0,83,0,1162,0,1,56,228242,2146,0,84,0,0,0,LEADER,1,0,0,83,0,0,0,0,0,0,0,0,0,0,0
229913,60,bully,1671,1,0,0,83,0,1162,0,1,60,228242,1671,0,84,0,0,0,LEADER,1,0,0,83,0,0,0,0,0,0,0,0,0,0,0
230767,25,bully,1604,1,0,0,84,0,1176,0,1,25,229163,1604,0,85,0,0,0,LEADER,1,0,0,84,0,0,0,0,0,0,0,0,0,0,0
229979,65,bully,1737,1,0,0,83,0,1162,0,1,65,228242,1737,0,84,0,0,0,LEADER,1,0,0,83,0,0,0,0,0,0,0,0,0,0,0
230655,19,bully,2413,1,0,0,83,0,1162,0,1,19,228242,2413,0,84,0,0,0,LEADER,1,0,0,83,0,0,0,0,0,0,0,0,0,0,0
230285,69,bully,2043,1,0,0,83,0,1162,0,1,69,228242,2043,0,84,0,0,0,LEADER,1,0,0,83,0,0,0,0,0,0,0,0,0,0,0
230888,54,bully,1725,1,0,0,84,0,1176,0,1,54,229163,1725,0,85,0,0,0,LEADER,1,0,0,84,0,0,0,0,0,0,0,0,0,0,0
230234,17,bully,1992,1,0,0,83,0,1162,0,1,17,228242,1992,0,84,0,0,0,LEADER,1,0,0,83,0,0,0,0,0,0,0,0,0,0,0
230749,100,bully,1586,1,0,0,84,0,1176,0,1,100,229163,1586,0,85,0,0,0,LEADER,1,0,0,84,0,0,0,0,0,0,0,0,0,0,0
230712,16,bully,1549,1,0,0,84,0,1176,0,1,16,229163,1549,0,85,0,0,0,LEADER,1,0,0,84,0,0,0,0,0,0,0,0,0,0,0
230300,37,bully,2058,1,0,0,83,0,1162,0,1,37,228242,2058,0,84,0,0,0,LEADER,1,0,0,83,0,0,0,0,0,0,0,0,0,0,0
230937,13,bully,1774,1,0,0,84,0,1176,0,1,13,229163,1774,0,85,0,0,0,LEADER,1,0,0,84,0,0,0,0,0,0,0,0,0,0,0
230097,20,bully,1855,1,0,0,83,0,1162,0,1,20,228242,1855,0,84,0,0,0,LEADER,1,0,0,83,0,0,0,0,0,0,0,0,0,0,0
230730,41,bully,1567,1,0,0,84,0,1176,0,1,41,229163,1567,0,85,0,0,0,LEADER,1,0,0,84,0,0,0,0,0,0,0,0,0,0,0
230719,47,bully,1556,1,0,0,84,0,1176,0,1,47,229163,1556,0,85,0,0,0,LEADER,1,0,0,84,0,0,0,0,0,0,0,0,0,0,0
230544,95,bully,2301,1,0,0,83,0,1162,0,1,95,228243,2301,0,84,0,0,0,LEADER,1,0,0,83,0,0,0,0,0,0,0,0,0,0,0
230407,98,bully,2165,1,0,0,83,0,1162,0,1,98,228242,2165,0,84,0,0,0,LEADER,1,0,0,83,0,0,0,0,0,0,0,0,0,0,0
230591,73,bully,2349,1,0,0,83,0,1162,0,1,73,228242,2349,0,84,0,0,0,LEADER,1,0,0,83,0,0,0,0,0,0,0,0,0,0,0
230137,61,bully,1895,1,0,0,83,0,1162,0,1,61,228242,1895,0,84,0,0,0,LEADER,1,0,0,83,0,0,0,0,0,0,0,0,0,0,0
230885,97,bully,1722,1,0,0,84,0,1176,0,1,97,229163,1722,0,85,0,0,0,LEADER,1,0,0,84,0,0,0,0,0,0,0,0,0,0,0
230915,33,bully,1752,1,0,0,84,0,1176,0,1,33,229163,1752,0,85,0,0,0,LEADER,1,0,0,84,0,0,0,0,0,0,0,0,0,0,0
230573,31,bully,2331,1,0,0,83,0,1162,0,1,31,228242,2331,0,84,0,0,0,LEADER,1,0,0,83,0,0,0,0,0,0,0,0,0,0,0
231085,40,bully,1922,1,0,0,84,0,1176,0,1,40,229163,1922,0,85,0,0,0,LEADER,1,0,0,84,0,0,0,0,0,0,0,0,0,0,0
231075,29,bully,1910,1,0,0,84,0,1176,0,1,29,229165,1910,0,85,0,0,0,LEADER,1,0,0,84,0,0,0,0,0,0,0,0,0,0,0
230901,96,bully,1744,1,0,0,84,0,1176,0,1,96,229157,1744,0,85,0,0,0,LEADER,1,0,0,84,0,0,0,0,0,0,0,0,0,0,0
230988,84,bully,1825,1,0,0,84,0,1176,0,1,84,229163,1825,0,85,0,0,0,LEADER,1,0,0,84,0,0,0,0,0,0,0,0,0,0,0
230684,80,bully,1519,1,0,0,84,0,1176,0,1,80,229165,1519,0,85,0,0,0,LEADER,1,0,0,84,0,0,0,0,0,0,0,0,0,0,0
230525,53,bully,2283,1,0,0,83,0,1162,0,1,53,228242,2283,0,84,0,0,0,LEADER,1,0,0,83,0,0,0,0,0,0,0,0,0,0,0
230601,92,bully,1438,1,0,0,84,0,1176,0,1,92,229163,1438,0,85,0,0,0,LEADER,1,0,0,84,0,0,0,0,0,0,0,0,0,0,0
230772,91,bully,1619,1,0,0,84,0,1176,0,1,91,229153,1619,0,85,0,0,0,LEADER,1,0,0,84,0,0,0,0,0,0,0,0,0,0,0
231037,62,bully,1874,1,0,0,84,0,1176,0,1,62,229163,1874,0,85,0,0,0,LEADER,1,0,0,84,0,0,0,0,0,0,0,0,0,0,0
230734,15,bully,1571,1,0,0,84,0,1176,0,1,15,229163,1571,0,85,0,0,0,LEADER,1,0,0,84,0,0,0,0,0,0,0,0,0,0,0
230403,26,bully,2161,1,0,0,83,0,1162,0,1,26,228242,2161,0,84,0,0,0,LEADER,1,0,0,83,0,0,0,0,0,0,0,0,0,0,0
231140,49,bully,1977,1,0,0,84,0,1176,0,1,49,229163,1977,0,85,0,0,0,LEADER,1,0,0,84,0,0,0,0,0,0,0,0,0,0,0
230955,58,bully,1792,1,0,0,84,0,1176,0,1,58,229163,1792,0,85,0,0,0,LEADER,1,0,0,84,0,0,0,0,0,0,0,0,0,0,0
230488,86,bully,2246,1,0,0,83,0,1162,0,1,86,228242,2246,0,84,0,0,0,LEADER,1,0,0,83,0,0,0,0,0,0,0,0,0,0,0
230661,50,bully,2419,1,0,0,83,0,1162,0,1,50,228242,2419,0,84,0,0,0,LEADER,1,0,0,83,0,0,0,0,0,0,0,0,0,0,0
230512,85,bully,2268,1,0,0,83,0,1162,0,1,85,228244,2268,0,84,0,0,0,LEADER,1,0,0,83,0,0,0,0,0,0,0,0,0,0,0
230450,87,bully,2212,1,0,0,83,0,1162,0,1,87,228238,2212,0,84,0,0,0,LEADER,1,0,0,83,0,0,0,0,0,0,0,0,0,0,0
230658,64,bully,2416,1,0,0,83,0,1162,0,1,64,228242,2416,0,84,0,0,0,LEADER,1,0,0,83,0,0,0,0,0,0,0,0,0,0,0
230507,11,bully,2264,1,0,0,83,0,1162,0,1,11,228243,2264,0,84,0,0,0,LEADER,1,0,0,83,0,0,0,0,0,0,0,0,0,0,0
230597,18,bully,1434,1,0,0,84,0,1176,0,1,18,229163,1434,0,85,0,0,0,LEADER,1,0,0,84,0,0,0,0,0,0,0,0,0,0,0
230716,90,bully,1553,1,0,0,84,0,1176,0,1,90,229163,1553,0,85,0,0,0,LEADER,1,0,0,84,0,0,0,0,0,0,0,0,0,0,0
230610,35,bully,1447,1,0,0,84,0,1176,0,1,35,229163,1447,0,85,0,0,0,LEADER,1,0,0,84,0,0,0,0,0,0,0,0,0,0,0
230491,43,bully,2249,1,0,0,83,0,1162,0,1,43,228242,2249,0,84,0,0,0,LEADER,1,0,0,83,0,0,0,0,0,0,0,0,0,0,0
230630,28,bully,1467,1,0,0,84,0,1176,0,1,28,229163,1467,0,85,0,0,0,LEADER,1,0,0,84,0,0,0,0,0,0,0,0,0,0,0
230468,44,bully,2228,1,0,0,83,0,1162,0,1,44,228240,2228,0,84,0,0,0,LEADER,1,0,0,83,0,0,0,0,0,0,0,0,0,0,0
231304,23,bully,2141,1,0,0,84,0,1176,0,1,23,229163,2141,0,85,0,0,0,LEADER,1,0,0,84,0,0,0,0,0,0,0,0,0,0,0
230624,30,bully,1461,1,0,0,84,0,1176,0,1,30,229163,1461,0,85,0,0,0,LEADER,1,0,0,84,0,0,0,0,0,0,0,0,0,0,0
231024,94,bully,1859,1,0,0,84,0,1176,0,1,94,229165,1859,0,85,0,0,0,LEADER,1,0,0,84,0,0,0,0,0,0,0,0,0,0,0
230519,3,bully,1903,1,0,0,11,26,154,364,4,2,228616,1903,0,8,0,0,0,NORMAL,0,0,0,11,0,0,0,26,0,0,0,0,0,0,0
230664,38,bully,1501,1,0,0,84,0,1176,0,1,38,229163,1501,0,85,0,0,0,LEADER,1,0,0,84,0,0,0,0,0,0,0,0,0,0,0
231343,66,bully,2180,1,0,0,84,0,1176,0,1,66,229163,2180,0,85,0,0,0,LEADER,1,0,0,84,0,0,0,0,0,0,0,0,0,0,0
230649,70,bully,1486,1,0,0,84,0,1176,0,1,70,229163,1486,0,85,0,0,0,LEADER,1,0,0,84,0,0,0,0,0,0,0,0,0,0,0
231294,88,bully,2131,1,0,0,84,0,1176,0,1,88,229163,2131,0,85,0,0,0,LEADER,1,0,0,84,0,0,0,0,0,0,0,0,0,0,0
230477,75,bully,2235,1,0,0,83,0,1162,0,1,75,228242,2235,0,84,0,0,0,LEADER,1,0,0,83,0,0,0,0,0,0,0,0,0,0,0
230487,12,bully,2243,1,0,0,83,0,1162,0,1,12,228244,2243,0,84,0,0,0,LEADER,1,0,0,83,0,0,0,0,0,0,0,0,0,0,0
231188,27,bully,2025,1,0,0,84,0,1176,0,1,27,229163,2025,0,85,0,0,0,LEADER,1,0,0,84,0,0,0,0,0,0,0,0,0,0,0
230677,42,bully,1514,1,0,0,84,0,1176,0,1,42,229163,1514,0,85,0,0,0,LEADER,1,0,0,84,0,0,0,0,0,0,0,0,0,0,0
231324,24,bully,2161,1,0,0,84,0,1176,0,1,24,229163,2161,0,85,0,0,0,LEADER,1,0,0,84,0,0,0,0,0,0,0,0,0,0,0
231276,46,bully,2113,1,0,0,84,0,1176,0,1,46,229163,2113,0,85,0,0,0,LEADER,1,0,0,84,0,0,0,0,0,0,0,0,0,0,0
231173,59,bully,2010,1,0,0,84,0,1176,0,1,59,229163,2010,0,85,0,0,0,LEADER,1,0,0,84,0,0,0,0,0,0,0,0,0,0,0
230801,34,bully,1637,1,0,0,84,0,1176,0,1,34,229164,1637,0,85,0,0,0,LEADER,1,0,0,84,0,0,0,0,0,0,0,0,0,0,0
231455,32,bully,2292,1,0,0,84,0,1176,0,1,32,229163,2292,0,85,0,0,0,LEADER,1,0,0,84,0,0,0,0,0,0,0,0,0,0,0
231070,72,bully,1907,1,0,0,84,0,1176,0,1,72,229163,1907,0,85,0,0,0,LEADER,1,0,0,84,0,0,0,0,0,0,0,0,0,0,0
231482,63,bully,2316,1,0,0,84,0,1176,0,1,63,229166,2316,0,85,0,0,0,LEADER,1,0,0,84,0,0,0,0,0,0,0,0,0,0,0
230955,74,bully,1792,1,0,0,84,0,1176,0,1,74,229163,1792,0,85,0,0,0,LEADER,1,0,0,84,0,0,0,0,0,0,0,0,0,0,0
230697,48,bully,1534,1,0,0,84,0,1176,0,1,48,229163,1534,0,85,0,0,0,LEADER,1,0,0,84,0,0,0,0,0,0,0,0,0,0,0
231160,57,bully,1995,1,0,0,84,0,1176,0,1,57,229165,1995,0,85,0,0,0,LEADER,1,0,0,84,0,0,0,0,0,0,0,0,0,0,0
231228,68,bully,2065,1,0,0,84,0,1176,0,1,68,229163,2065,0,85,0,0,0,LEADER,1,0,0,84,0,0,0,0,0,0,0,0,0,0,0
230629,45,bully,1466,1,0,0,84,0,1176,0,1,45,229163,1466,0,85,0,0,0,LEADER,1,0,0,84,0,0,0,0,0,0,0,0,0,0,0
230986,93,bully,1823,1,0,0,84,0,1176,0,1,93,229163,1823,0,85,0,0,0,LEADER,1,0,0,84,0,0,0,0,0,0,0,0,0,0,0
231567,82,bully,2404,1,0,0,84,0,1176,0,1,82,229163,2404,0,85,0,0,0,LEADER,1,0,0,84,0,0,0,0,0,0,0,0,0,0,0
231561,51,bully,2398,1,0,0,84,0,1176,0,1,51,229163,2398,0,85,0,0,0,LEADER,1,0,0,84,0,0,0,0,0,0,0,0,0,0,0
231106,39,bully,1943,1,0,0,84,0,1176,0,1,39,229163,1943,0,85,0,0,0,LEADER,1,0,0,84,0,0,0,0,0,0,0,0,0,0,0
230852,78,bully,1689,1,0,0,84,0,1176,0,1,78,229163,1689,0,85,0,0,0,LEADER,1,0,0,84,0,0,0,0,0,0,0,0,0,0,0
231240,79,bully,2077,1,0,0,84,0,1176,0,1,79,229163,2077,0,85,0,0,0,LEADER,1,0,0,84,0,0,0,0,0,0,0,0,0,0,0
230815,14,bully,1652,1,0,0,84,0,1176,0,1,14,229163,1652,0,85,0,0,0,LEADER,1,0,0,84,0,0,0,0,0,0,0,0,0,0,0
231242,36,bully,2080,1,0,0,84,0,1176,0,1,36,229162,2080,0,85,0,0,0,LEADER,1,0,0,84,0,0,0,0,0,0,0,0,0,0,0
231125,81,bully,1962,1,0,0,84,0,1176,0,1,81,229163,1962,0,85,0,0,0,LEADER,1,0,0,84,0,0,0,0,0,0,0,0,0,0,0
230785,67,bully,1622,1,0,0,84,0,1176,0,1,67,229163,1622,0,85,0,0,0,LEADER,1,0,0,84,0,0,0,0,0,0,0,0,0,0,0
231546,83,bully,2383,1,0,0,84,0,1176,0,1,83,229163,2383,0,85,0,0,0,LEADER,1,0,0,84,0,0,0,0,0,0,0,0,0,0,0
231690,99,bully,1607,1,0,0,84,0,1176,0,1,99,230083,1607,0,85,0,0,0,LEADER,1,0,0,84,0,0,0,0,0,0,0,0,0,0,0
230867,55,bully,1704,1,0,0,84,0,1176,0,1,55,229163,1704,0,85,0,0,0,LEADER,1,0,0,84,0,0,0,0,0,0,0,0,0,0,0
231657,89,bully,1574,1,0,0,84,0,1176,0,1,89,230083,1574,0,85,0,0,0,LEADER,1,0,0,84,0,0,0,0,0,0,0,0,0,0,0
230819,77,bully,1656,1,0,0,84,0,1176,0,1,77,229163,1656,0,85,0,0,0,LEADER,1,0,0,84,0,0,0,0,0,0,0,0,0,0,0
231091,71,bully,1928,1,0,0,84,0,1176,0,1,71,229163,1928,0,85,0,0,0,LEADER,1,0,0,84,0,0,0,0,0,0,0,0,0,0,0
231369,76,bully,2213,1,0,0,84,0,1176,0,1,76,229156,2213,0,85,0,0,0,LEADER,1,0,0,84,0,0,0,0,0,0,0,0,0,0,0
231003,52,bully,1840,1,0,0,84,0,1176,0,1,52,229163,1840,0,85,0,0,0,LEADER,1,0,0,84,0,0,0,0,0,0,0,0,0,0,0
230970,10,bully,1807,1,0,0,84,0,1176,0,1,10,229163,1807,0,85,0,0,0,LEADER,1,0,0,84,0,0,0,0,0,0,0,0,0,0,0
230903,22,bully,1740,1,0,0,84,0,1176,0,1,22,229163,1740,0,85,0,0,0,LEADER,1,0,0,84,0,0,0,0,0,0,0,0,0,0,0
231049,21,bully,1889,1,0,0,84,0,1176,0,1,21,229160,1889,0,85,0,0,0,LEADER,1,0,0,84,0,0,0,0,0,0,0,0,0,0,0
231309,56,bully,2146,1,0,0,84,0,1176,0,1,56,229163,2146,0,85,0,0,0,LEADER,1,0,0,84,0,0,0,0,0,0,0,0,0,0,0
230834,60,bully,1671,1,0,0,84,0,1176,0,1,60,229163,1671,0,85,0,0,0,LEADER,1,0,0,84,0,0,0,0,0,0,0,0,0,0,0
231687,25,bully,1604,1,0,0,84,0,1176,0,1,25,230083,1604,0,85,0,0,0,LEADER,1,0,0,84,0,0,0,0,0,0,0,0,0,0,0
230900,65,bully,1737,1,0,0,84,0,1176,0,1,65,229163,1737,0,85,0,0,0,LEADER,1,0,0,84,0,0,0,0,0,0,0,0,0,0,0
231576,19,bully,2413,1,0,0,84,0,1176,0,1,19,229163,2413,0,85,0,0,0,LEADER,1,0,0,84,0,0,0,0,0,0,0,0,0,0,0
231206,69,bully,2043,1,0,0,84,0,1176,0,1,69,229163,2043,0,85,0,0,0,LEADER,1,0,0,84,0,0,0,0,0,0,0,0,0,0,0
231808,54,bully,1725,1,0,0,84,0,1176,0,1,54,230083,1725,0,85,0,0,0,LEADER,1,0,0,84,0,0,0,0,0,0,0,0,0,0,0
231155,17,bully,1992,1,0,0,84,0,1176,0,1,17,229163,1992,0,85,0,0,0,LEADER,1,0,0,84,0,0,0,0,0,0,0,0,0,0,0
231669,100,bully,1586,1,0,0,84,0,1176,0,1,100,230083,1586,0,85,0,0,0,LEADER,1,0,0,84,0,0,0,0,0,0,0,0,0,0,0
231632,16,bully,1549,1,0,0,84,0,1176,0,1,16,230083,1549,0,85,0,0,0,LEADER,1,0,0,84,0,0,0,0,0,0,0,0,0,0,0
231221,37,bully,2058,1,0,0,84,0,1176,0,1,37,229163,2058,0,85,0,0,0,LEADER,1,0,0,84,0,0,0,0,0,0,0,0,0,0,0
231857,13,bully,1774,1,0,0,84,0,1176,0,1,13,230083,1774,0,85,0,0,0,LEADER,1,0,0,84,0,0,0,0,0,0,0,0,0,0,0
231018,20,bully,1855,1,0,0,84,0,1176,0,1,20,229163,1855,0,85,0,0,0,LEADER,1,0,0,84,0,0,0,0,0,0,0,0,0,0,0
231650,41,bully,1567,1,0,0,84,0,1176,0,1,41,230083,1567,0,85,0,0,0,LEADER,1,0,0,84,0,0,0,0,0,0,0,0,0,0,0
231639,47,bully,1556,1,0,0,84,0,1176,0,1,47,230083,1556,0,85,0,0,0,LEADER,1,0,0,84,0,0,0,0,0,0,0,0,0,0,0
231465,95,bully,2301,1,0,0,84,0,1176,0,1,95,229164,2301,0,85,0,0,0,LEADER,1,0,0,84,0,0,0,0,0,0,0,0,0,0,0
231328,98,bully,2165,1,0,0,84,0,1176,0,1,98,229163,2165,0,85,0,0,0,LEADER,1,0,0,84,0,0,0,0,0,0,0,0,0,0,0
231512,73,bully,2349,1,0,0,84,0,1176,0,1,73,229163,2349,0,85,0,0,0,LEADER,1,0,0,84,0,0,0,0,0,0,0,0,0,0,0
231835,33,bully,1752,1,0,0,84,0,1176,0,1,33,230083,1752,0,85,0,0,0,LEADER,1,0,0,84,0,0,0,0,0,0,0,0,0,0,0
231805,97,bully,1722,1,0,0,84,0,1176,0,1,97,230083,1722,0,85,0,0,0,LEADER,1,0,0,84,0,0,0,0,0,0,0,0,0,0,0
231058,61,bully,1895,1,0,0,84,0,1176,0,1,61,229163,1895,0,85,0,0,0,LEADER,1,0,0,84,0,0,0,0,0,0,0,0,0,0,0
232005,40,bully,1922,1,0,0,84,0,1176,0,1,40,230083,1922,0,85,0,0,0,LEADER,1,0,0,84,0,0,0,0,0,0,0,0,0,0,0
231494,31,bully,2331,1,0,0,84,0,1176,0,1,31,229163,2331,0,85,0,0,0,LEADER,1,0,0,84,0,0,0,0,0,0,0,0,0,0,0
231995,29,bully,1910,1,0,0,84,0,1176,0,1,29,230085,1910,0,85,0,0,0,LEADER,1,0,0,84,0,0,0,0,0,0,0,0,0,0,0
231821,96,bully,1744,1,0,0,84,0,1176,0,1,96,230077,1744,0,85,0,0,0,LEADER,1,0,0,84,0,0,0,0,0,0,0,0,0,0,0
231908,84,bully,1825,1,0,0,84,0,1176,0,1,84,230083,1825,0,85,0,0,0,LEADER,1,0,0,84,0,0,0,0,0,0,0,0,0,0,0
231604,80,bully,1519,1,0,0,84,0,1176,0,1,80,230085,1519,0,85,0,0,0,LEADER,1,0,0,84,0,0,0,0,0,0,0,0,0,0,0
231446,53,bully,2283,1,0,0,84,0,1176,0,1,53,229163,2283,0,85,0,0,0,LEADER,1,0,0,84,0,0,0,0,0,0,0,0,0,0,0
231521,92,bully,1438,1,0,0,84,0,1176,0,1,92,230083,1438,0,85,0,0,0,LEADER,1,0,0,84,0,0,0,0,0,0,0,0,0,0,0
231692,91,bully,1619,1,0,0,84,0,1176,0,1,91,230073,1619,0,85,0,0,0,LEADER,1,0,0,84,0,0,0,0,0,0,0,0,0,0,0
231957,62,bully,1874,1,0,0,84,0,1176,0,1,62,230083,1874,0,85,0,0,0,LEADER,1,0,0,84,0,0,0,0,0,0,0,0,0,0,0
231654,15,bully,1571,1,0,0,84,0,1176,0,1,15,230083,1571,0,85,0,0,0,LEADER,1,0,0,84,0,0,0,0,0,0,0,0,0,0,0
231324,26,bully,2161,1,0,0,84,0,1176,0,1,26,229163,2161,0,85,0,0,0,LEADER,1,0,0,84,0,0,0,0,0,0,0,0,0,0,0
232060,49,bully,1977,1,0,0,84,0,1176,0,1,49,230083,1977,0,85,0,0,0,LEADER,1,0,0,84,0,0,0,0,0,0,0,0,0,0,0
231875,58,bully,1792,1,0,0,84,0,1176,0,1,58,230083,1792,0,85,0,0,0,LEADER,1,0,0,84,0,0,0,0,0,0,0,0,0,0,0
231409,86,bully,2246,1,0,0,84,0,1176,0,1,86,229163,2246,0,85,0,0,0,LEADER,1,0,0,84,0,0,0,0,0,0,0,0,0,0,0
231582,50,bully,2419,1,0,0,84,0,1176,0,1,50,229163,2419,0,85,0,0,0,LEADER,1,0,0,84,0,0,0,0,0,0,0,0,0,0,0
231433,85,bully,2268,1,0,0,84,0,1176,0,1,85,229165,2268,0,85,0,0,0,LEADER,1,0,0,84,0,0,0,0,0,0,0,0,0,0,0
231371,87,bully,2212,1,0,0,84,0,1176,0,1,87,229159,2212,0,85,0,0,0,LEADER,1,0,0,84,0,0,0,0,0,0,0,0,0,0,0
231579,64,bully,2416,1,0,0,84,0,1176,0,1,64,229163,2416,0,85,0,0,0,LEADER,1,0,0,84,0,0,0,0,0,0,0,0,0,0,0
231517,18,bully,1434,1,0,0,84,0,1176,0,1,18,230083,1434,0,85,0,0,0,LEADER,1,0,0,84,0,0,0,0,0,0,0,0,0,0,0
231428,11,bully,2264,1,0,0,84,0,1176,0,1,11,229164,2264,0,85,0,0,0,LEADER,1,0,0,84,0,0,0,0,0,0,0,0,0,0,0
231636,90,bully,1553,1,0,0,84,0,1176,0,1,90,230083,1553,0,85,0,0,0,LEADER,1,0,0,84,0,0,0,0,0,0,0,0,0,0,0
231530,35,bully,1447,1,0,0,84,0,1176,0,1,35,230083,1447,0,85,0,0,0,LEADER,1,0,0,84,0,0,0,0,0,0,0,0,0,0,0
231412,43,bully,2249,1,0,0,84,0,1176,0,1,43,229163,2249,0,85,0,0,0,LEADER,1,0,0,84,0,0,0,0,0,0,0,0,0,0,0
231550,28,bully,1467,1,0,0,84,0,1176,0,1,28,230083,1467,0,85,0,0,0,LEADER,1,0,0,84,0,0,0,0,0,0,0,0,0,0,0
231389,44,bully,2228,1,0,0,84,0,1176,0,1,44,229161,2228,0,85,0,0,0,LEADER,1,0,0,84,0,0,0,0,0,0,0,0,0,0,0
232224,23,bully,2141,1,0,0,84,0,1176,0,1,23,230083,2141,0,85,0,0,0,LEADER,1,0,0,84,0,0,0,0,0,0,0,0,0,0,0
231544,30,bully,1461,1,0,0,84,0,1176,0,1,30,230083,1461,0,85,0,0,0,LEADER,1,0,0,84,0,0,0,0,0,0,0,0,0,0,0
231944,94,bully,1859,1,0,0,84,0,1176,0,1,94,230085,1859,0,85,0,0,0,LEADER,1,0,0,84,0,0,0,0,0,0,0,0,0,0,0
231584,38,bully,1501,1,0,0,84,0,1176,0,1,38,230083,1501,0,85,0,0,0,LEADER,1,0,0,84,0,0,0,0,0,0,0,0,0,0,0
232263,66,bully,2180,1,0,0,84,0,1176,0,1,66,230083,2180,0,85,0,0,0,LEADER,1,0,0,84,0,0,0,0,0,0,0,0,0,0,0
231569,70,bully,1486,1,0,0,84,0,1176,0,1,70,230083,1486,0,85,0,0,0,LEADER,1,0,0,84,0,0,0,0,0,0,0,0,0,0,0
232214,88,bully,2131,1,0,0,84,0,1176,0,1,88,230083,2131,0,85,0,0,0,LEADER,1,0,0,84,0,0,0,0,0,0,0,0,0,0,0
231398,75,bully,2235,1,0,0,84,0,1176,0,1,75,229163,2235,0,85,0,0,0,LEADER,1,0,0,84,0,0,0,0,0,0,0,0,0,0,0
231408,12,bully,2243,1,0,0,84,0,1176,0,1,12,229165,2243,0,85,0,0,0,LEADER,1,0,0,84,0,0,0,0,0,0,0,0,0,0,0
232108,27,bully,2025,1,0,0,84,0,1176,0,1,27,230083,2025,0,85,0,0,0,LEADER,1,0,0,84,0,0,0,0,0,0,0,0,0,0,0
231597,42,bully,1514,1,0,0,84,0,1176,0,1,42,230083,1514,0,85,0,0,0,LEADER,1,0,0,84,0,0,0,0,0,0,0,0,0,0,0
232244,24,bully,2161,1,0,0,84,0,1176,0,1,24,230083,2161,0,85,0,0,0,LEADER,1,0,0,84,0,0,0,0,0,0,0,0,0,0,0
232196,46,bully,2113,1,0,0,84,0,1176,0,1,46,230083,2113,0,85,0,0,0,LEADER,1,0,0,84,0,0,0,0,0,0,0,0,0,0,0
232093,59,bully,2010,1,0,0,84,0,1176,0,1,59,230083,2010,0,85,0,0,0,LEADER,1,0,0,84,0,0,0,0,0,0,0,0,0,0,0
231721,34,bully,1637,1,0,0,84,0,1176,0,1,34,230084,1637,0,85,0,0,0,LEADER,1,0,0,84,0,0,0,0,0,0,0,0,0,0,0
232375,32,bully,2292,1,0,0,84,0,1176,0,1,32,230083,2292,0,85,0,0,0,LEADER,1,0,0,84,0,0,0,0,0,0,0,0,0,0,0
231990,72,bully,1907,1,0,0,84,0,1176,0,1,72,230083,1907,0,85,0,0,0,LEADER,1,0,0,84,0,0,0,0,0,0,0,0,0,0,0
232402,63,bully,2316,1,0,0,84,0,1176,0,1,63,230086,2316,0,85,0,0,0,LEADER,1,0,0,84,0,0,0,0,0,0,0,0,0,0,0
231875,74,bully,1792,1,0,0,84,0,1176,0,1,74,230083,1792,0,85,0,0,0,LEADER,1,0,0,84,0,0,0,0,0,0,0,0,0,0,0
231617,48,bully,1534,1,0,0,84,0,1176,0,1,48,230083,1534,0,85,0,0,0,LEADER,1,0,0,84,0,0,0,0,0,0,0,0,0,0,0
232080,57,bully,1995,1,0,0,84,0,1176,0,1,57,230085,1995,0,85,0,0,0,LEADER,1,0,0,84,0,0,0,0,0,0,0,0,0,0,0
232148,68,bully,2065,1,0,0,84,0,1176,0,1,68,230083,2065,0,85,0,0,0,LEADER,1,0,0,84,0,0,0,0,0,0,0,0,0,0,0
231549,45,bully,1466,1,0,0,84,0,1176,0,1,45,230083,1466,0,85,0,0,0,LEADER,1,0,0,84,0,0,0,0,0,0,0,0,0,0,0
231906,93,bully,1823,1,0,0,84,0,1176,0,1,93,230083,1823,0,85,0,0,0,LEADER,1,0,0,84,0,0,0,0,0,0,0,0,0,0,0
232487,82,bully,2404,1,0,0,84,0,1176,0,1,82,230083,2404,0,85,0,0,0,LEADER,1,0,0,84,0,0,0,0,0,0,0,0,0,0,0
232481,51,bully,2398,1,0,0,84,0,1176,0,1,51,230083,2398,0,85,0,0,0,LEADER,1,0,0,84,0,0,0,0,0,0,0,0,0,0,0
232026,39,bully,1943,1,0,0,84,0,1176,0,1,39,230083,1943,0,85,0,0,0,LEADER,1,0,0,84,0,0,0,0,0,0,0,0,0,0,0
231772,78,bully,1689,1,0,0,84,0,1176,0,1,78,230083,1689,0,85,0,0,0,LEADER,1,0,0,84,0,0,0,0,0,0,0,0,0,0,0
232160,79,bully,2077,1,0,0,84,0,1176,0,1,79,230083,2077,0,85,0,0,0,LEADER,1,0,0,84,0,0,0,0,0,0,0,0,0,0,0
231735,14,bully,1652,1,0,0,84,0,1176,0,1,14,230083,1652,0,85,0,0,0,LEADER,1,0,0,84,0,0,0,0,0,0,0,0,0,0,0
232162,36,bully,2080,1,0,0,84,0,1176,0,1,36,230082,2080,0,85,0,0,0,LEADER,1,0,0,84,0,0,0,0,0,0,0,0,0,0,0
232045,81,bully,1962,1,0,0,84,0,1176,0,1,81,230083,1962,0,85,0,0,0,LEADER,1,0,0,84,0,0,0,0,0,0,0,0,0,0,0
231705,67,bully,1622,1,0,0,84,0,1176,0,1,67,230083,1622,0,85,0,0,0,LEADER,1,0,0,84,0,0,0,0,0,0,0,0,0,0,0
232466,83,bully,2383,1,0,0,84,0,1176,0,1,83,230083,2383,0,85,0,0,0,LEADER,1,0,0,84,0,0,0,0,0,0,0,0,0,0,0
232610,99,bully,1607,1,0,0,84,0,1176,0,1,99,231003,1607,0,85,0,0,0,LEADER,1,0,0,84,0,0,0,0,0,0,0,0,0,0,0
231787,55,bully,1704,1,0,0,84,0,1176,0,1,55,230083,1704,0,85,0,0,0,LEADER,1,0,0,84,0,0,0,0,0,0,0,0,0,0,0
232577,89,bully,1574,1,0,0,84,0,1176,0,1,89,231003,1574,0,85,0,0,0,LEADER,1,0,0,84,0,0,0,0,0,0,0,0,0,0,0
231739,77,bully,1656,1,0,0,84,0,1176,0,1,77,230083,1656,0,85,0,0,0,LEADER,1,0,0,84,0,0,0,0,0,0,0,0,0,0,0
232011,71,bully,1928,1,0,0,84,0,1176,0,1,71,230083,1928,0,85,0,0,0,LEADER,1,0,0,84,0,0,0,0,0,0,0,0,0,0,0
232289,76,bully,2213,1,0,0,84,0,1176,0,1,76,230076,2213,0,85,0,0,0,LEADER,1,0,0,84,0,0,0,0,0,0,0,0,0,0,0
231923,52,bully,1840,1,0,0,84,0,1176,0,1,52,230083,1840,0,85,0,0,0,LEADER,1,0,0,84,0,0,0,0,0,0,0,0,0,0,0
231890,10,bully,1807,1,0,0,84,0,1176,0,1,10,230083,1807,0,85,0,0,0,LEADER,1,0,0,84,0,0,0,0,0,0,0,0,0,0,0
231823,22,bully,1740,1,0,0,84,0,1176,0,1,22,230083,1740,0,85,0,0,0,LEADER,1,0,0,84,0,0,0,0,0,0,0,0,0,0,0
231969,21,bully,1889,1,0,0,84,0,1176,0,1,21,230080,1889,0,85,0,0,0,LEADER,1,0,0,84,0,0,0,0,0,0,0,0,0,0,0
232229,56,bully,2146,1,0,0,84,0,1176,0,1,56,230083,2146,0,85,0,0,0,LEADER,1,0,0,84,0,0,0,0,0,0,0,0,0,0,0
231754,60,bully,1671,1,0,0,84,0,1176,0,1,60,230083,1671,0,85,0,0,0,LEADER,1,0,0,84,0,0,0,0,0,0,0,0,0,0,0
232607,25,bully,1604,1,0,0,84,0,1176,0,1,25,231003,1604,0,85,0,0,0,LEADER,1,0,0,84,0,0,0,0,0,0,0,0,0,0,0
231820,65,bully,1737,1,0,0,84,0,1176,0,1,65,230083,1737,0,85,0,0,0,LEADER,1,0,0,84,0,0,0,0,0,0,0,0,0,0,0
232496,19,bully,2413,1,0,0,84,0,1176,0,1,19,230083,2413,0,85,0,0,0,LEADER,1,0,0,84,0,0,0,0,0,0,0,0,0,0,0
232126,69,bully,2043,1,0,0,84,0,1176,0,1,69,230083,2043,0,85,0,0,0,LEADER,1,0,0,84,0,0,0,0,0,0,0,0,0,0,0
232728,54,bully,1725,1,0,0,84,0,1176,0,1,54,231003,1725,0,85,0,0,0,LEADER,1,0,0,84,0,0,0,0,0,0,0,0,0,0,0
232075,17,bully,1992,1,0,0,84,0,1176,0,1,17,230083,1992,0,85,0,0,0,LEADER,1,0,0,84,0,0,0,0,0,0,0,0,0,0,0
232589,100,bully,1586,1,0,0,84,0,1176,0,1,100,231003,1586,0,85,0,0,0,LEADER,1,0,0,84,0,0,0,0,0,0,0,0,0,0,0
232552,16,bully,1549,1,0,0,84,0,1176,0,1,16,231003,1549,0,85,0,0,0,LEADER,1,0,0,84,0,0,0,0,0,0,0,0,0,0,0
232141,37,bully,2058,1,0,0,84,0,1176,0,1,37,230083,2058,0,85,0,0,0,LEADER,1,0,0,84,0,0,0,0,0,0,0,0,0,0,0
232777,13,bully,1774,1,0,0,84,0,1176,0,1,13,231003,1774,0,85,0,0,0,LEADER,1,0,0,84,0,0,0,0,0,0,0,0,0,0,0
231938,20,bully,1855,1,0,0,84,0,1176,0,1,20,230083,1855,0,85,0,0,0,LEADER,1,0,0,84,0,0,0,0,0,0,0,0,0,0,0
232570,41,bully,1567,1,0,0,84,0,1176,0,1,41,231003,1567,0,85,0,0,0,LEADER,1,0,0,84,0,0,0,0,0,0,0,0,0,0,0
232559,47,bully,1556,1,0,0,84,0,1176,0,1,47,231003,1556,0,85,0,0,0,LEADER,1,0,0,84,0,0,0,0,0,0,0,0,0,0,0
232385,95,bully,2301,1,0,0,84,0,1176,0,1,95,230084,2301,0,85,0,0,0,LEADER,1,0,0,84,0,0,0,0,0,0,0,0,0,0,0
232248,98,bully,2165,1,0,0,84,0,1176,0,1,98,230083,2165,0,85,0,0,0,LEADER,1,0,0,84,0,0,0,0,0,0,0,0,0,0,0
232432,73,bully,2349,1,0,0,84,0,1176,0,1,73,230083,2349,0,85,0,0,0,LEADER,1,0,0,84,0,0,0,0,0,0,0,0,0,0,0
232755,33,bully,1752,1,0,0,84,0,1176,0,1,33,231003,1752,0,85,0,0,0,LEADER,1,0,0,84,0,0,0,0,0,0,0,0,0,0,0
232725,97,bully,1722,1,0,0,84,0,1176,0,1,97,231003,1722,0,85,0,0,0,LEADER,1,0,0,84,0,0,0,0,0,0,0,0,0,0,0
231978,61,bully,1895,1,0,0,84,0,1176,0,1,61,230083,1895,0,85,0,0,0,LEADER,1,0,0,84,0,0,0,0,0,0,0,0,0,0,0
232925,40,bully,1922,1,0,0,84,0,1176,0,1,40,231003,1922,0,85,0,0,0,LEADER,1,0,0,84,0,0,0,0,0,0,0,0,0,0,0
232414,31,bully,2331,1,0,0,84,0,1176,0,1,31,230083,2331,0,85,0,0,0,LEADER,1,0,0,84,0,0,0,0,0,0,0,0,0,0,0
232915,29,bully,1910,1,0,0,84,0,1176,0,1,29,231005,1910,0,85,0,0,0,LEADER,1,0,0,84,0,0,0,0,0,0,0,0,0,0,0
232741,96,bully,1744,1,0,0,84,0,1176,0,1,96,230997,1744,0,85,0,0,0,LEADER,1,0,0,84,0,0,0,0,0,0,0,0,0,0,0
232828,84,bully,1825,1,0,0,84,0,1176,0,1,84,231003,1825,0,85,0,0,0,LEADER,1,0,0,84,0,0,0,0,0,0,0,0,0,0,0
232524,80,bully,1519,1,0,0,84,0,1176,0,1,80,231005,1519,0,85,0,0,0,LEADER,1,0,0,84,0,0,0,0,0,0,0,0,0,0,0
232366,53,bully,2283,1,0,0,84,0,1176,0,1,53,230083,2283,0,85,0,0,0,LEADER,1,0,0,84,0,0,0,0,0,0,0,0,0,0,0
232441,92,bully,1438,1,0,0,84,0,1176,0,1,92,231003,1438,0,85,0,0,0,LEADER,1,0,0,84,0,0,0,0,0,0,0,0,0,0,0
232612,91,bully,1619,1,0,0,84,0,1176,0,1,91,230993,1619,0,85,0,0,0,LEADER,1,0,0,84,0,0,0,0,0,0,0,0,0,0,0
232877,62,bully,1874,1,0,0,84,0,1176,0,1,62,231003,1874,0,85,0,0,0,LEADER,1,0,0,84,0,0,0,0,0,0,0,0,0,0,0
232574,15,bully,1571,1,0,0,84,0,1176,0,1,15,231003,1571,0,85,0,0,0,LEADER,1,0,0,84,0,0,0,0,0,0,0,0,0,0,0
232244,26,bully,2161,1,0,0,84,0,1176,0,1,26,230083,2161,0,85,0,0,0,LEADER,1,0,0,84,0,0,0,0,0,0,0,0,0,0,0
232980,49,bully,1977,1,0,0,84,0,1176,0,1,49,231003,1977,0,85,0,0,0,LEADER,1,0,0,84,0,0,0,0,0,0,0,0,0,0,0
232795,58,bully,1792,1,0,0,84,0,1176,0,1,58,231003,1792,0,85,0,0,0,LEADER,1,0,0,84,0,0,0,0,0,0,0,0,0,0,0
232329,86,bully,2246,1,0,0,84,0,1176,0,1,86,230083,2246,0,85,0,0,0,LEADER,1,0,0,84,0,0,0,0,0,0,0,0,0,0,0
232502,50,bully,2419,1,0,0,84,0,1176,0,1,50,230083,2419,0,85,0,0,0,LEADER,1,0,0,84,0,0,0,0,0,0,0,0,0,0,0
232353,85,bully,2268,1,0,0,84,0,1176,0,1,85,230085,2268,0,85,0,0,0,LEADER,1,0,0,84,0,0,0,0,0,0,0,0,0,0,0
232291,87,bully,2212,1,0,0,84,0,1176,0,1,87,230079,2212,0,85,0,0,0,LEADER,1,0,0,84,0,0,0,0,0,0,0,0,0,0,0
232499,64,bully,2416,1,0,0,84,0,1176,0,1,64,230083,2416,0,85,0,0,0,LEADER,1,0,0,84,0,0,0,0,0,0,0,0,0,0,0
232437,18,bully,1434,1,0,0,84,0,1176,0,1,18,231003,1434,0,85,0,0,0,LEADER,1,0,0,84,0,0,0,0,0,0,0,0,0,0,0
232348,11,bully,2264,1,0,0,84,0,1176,0,1,11,230084,2264,0,85,0,0,0,LEADER,1,0,0,84,0,0,0,0,0,0,0,0,0,0,0
232556,90,bully,1553,1,0,0,84,0,1176,0,1,90,231003,1553,0,85,0,0,0,LEADER,1,0,0,84,0,0,0,0,0,0,0,0,0,0,0
232450,35,bully,1447,1,0,0,84,0,1176,0,1,35,231003,1447,0,85,0,0,0,LEADER,1,0,0,84,0,0,0,0,0,0,0,0,0,0,0
232332,43,bully,2249,1,0,0,84,0,1176,0,1,43,230083,2249,0,85,0,0,0,LEADER,1,0,0,84,0,0,0,0,0,0,0,0,0,0,0
232470,28,bully,1467,1,0,0,84,0,1176,0,1,28,231003,1467,0,85,0,0,0,LEADER,1,0,0,84,0,0,0,0,0,0,0,0,0,0,0
232309,44,bully,2228,1,0,0,84,0,1176,0,1,44,230081,2228,0,85,0,0,0,LEADER,1,0,0,84,0,0,0,0,0,0,0,0,0,0,0
233144,23,bully,2141,1,0,0,84,0,1176,0,1,23,231003,2141,0,85,0,0,0,LEADER,1,0,0,84,0,0,0,0,0,0,0,0,0,0,0
232464,30,bully,1461,1,0,0,84,0,1176,0,1,30,231003,1461,0,85,0,0,0,LEADER,1,0,0,84,0,0,0,0,0,0,0,0,0,0,0
232864,94,bully,1859,1,0,0,84,0,1176,0,1,94,231005,1859,0,85,0,0,0,LEADER,1,0,0,84,0,0,0,0,0,0,0,0,0,0,0
232504,38,bully,1501,1,0,0,84,0,1176,0,1,38,231003,1501,0,85,0,0,0,LEADER,1,0,0,84,0,0,0,0,0,0,0,0,0,0,0
233183,66,bully,2180,1,0,0,84,0,1176,0,1,66,231003,2180,0,85,0,0,0,LEADER,1,0,0,84,0,0,0,0,0,0,0,0,0,0,0
232489,70,bully,1486,1,0,0,84,0,1176,0,1,70,231003,1486,0,85,0,0,0,LEADER,1,0,0,84,0,0,0,0,0,0,0,0,0,0,0
233134,88,bully,2131,1,0,0,84,0,1176,0,1,88,231003,2131,0,85,0,0,0,LEADER,1,0,0,84,0,0,0,0,0,0,0,0,0,0,0
232318,75,bully,2235,1,0,0,84,0,1176,0,1,75,230083,2235,0,85,0,0,0,LEADER,1,0,0,84,0,0,0,0,0,0,0,0,0,0,0
232328,12,bully,2243,1,0,0,84,0,1176,0,1,12,230085,2243,0,85,0,0,0,LEADER,1,0,0,84,0,0,0,0,0,0,0,0,0,0,0
233028,27,bully,2025,1,0,0,84,0,1176,0,1,27,231003,2025,0,85,0,0,0,LEADER,1,0,0,84,0,0,0,0,0,0,0,0,0,0,0
232517,42,bully,1514,1,0,0,84,0,1176,0,1,42,231003,1514,0,85,0,0,0,LEADER,1,0,0,84,0,0,0,0,0,0,0,0,0,0,0
233164,24,bully,2161,1,0,0,84,0,1176,0,1,24,231003,2161,0,85,0,0,0,LEADER,1,0,0,84,0,0,0,0,0,0,0,0,0,0,0
233116,46,bully,2113,1,0,0,84,0,1176,0,1,46,231003,2113,0,85,0,0,0,LEADER,1,0,0,84,0,0,0,0,0,0,0,0,0,0,0
233013,59,bully,2010,1,0,0,84,0,1176,0,1,59,231003,2010,0,85,0,0,0,LEADER,1,0,0,84,0,0,0,0,0,0,0,0,0,0,0
233295,32,bully,2292,1,0,0,84,0,1176,0,1,32,231003,2292,0,85,0,0,0,LEADER,1,0,0,84,0,0,0,0,0,0,0,0,0,0,0
232641,34,bully,1637,1,0,0,84,0,1176,0,1,34,231004,1637,0,85,0,0,0,LEADER,1,0,0,84,0,0,0,0,0,0,0,0,0,0,0
232910,72,bully,1907,1,0,0,84,0,1176,0,1,72,231003,1907,0,85,0,0,0,LEADER,1,0,0,84,0,0,0,0,0,0,0,0,0,0,0
233322,63,bully,2316,1,0,0,84,0,1176,0,1,63,231006,2316,0,85,0,0,0,LEADER,1,0,0,84,0,0,0,0,0,0,0,0,0,0,0
232795,74,bully,1792,1,0,0,84,0,1176,0,1,74,231003,1792,0,85,0,0,0,LEADER,1,0,0,84,0,0,0,0,0,0,0,0,0,0,0
232537,48,bully,1534,1,0,0,84,0,1176,0,1,48,231003,1534,0,85,0,0,0,LEADER,1,0,0,84,0,0,0,0,0,0,0,0,0,0,0
233000,57,bully,1995,1,0,0,84,0,1176,0,1,57,231005,1995,0,85,0,0,0,LEADER,1,0,0,84,0,0,0,0,0,0,0,0,0,0,0
233068,68,bully,2065,1,0,0,84,0,1176,0,1,68,231003,2065,0,85,0,0,0,LEADER,1,0,0,84,0,0,0,0,0,0,0,0,0,0,0
232469,45,bully,1466,1,0,0,84,0,1176,0,1,45,231003,1466,0,85,0,0,0,LEADER,1,0,0,84,0,0,0,0,0,0,0,0,0,0,0
232826,93,bully,1823,1,0,0,84,0,1176,0,1,93,231003,1823,0,85,0,0,0,LEADER,1,0,0,84,0,0,0,0,0,0,0,0,0,0,0
233407,82,bully,2404,1,0,0,84,0,1176,0,1,82,231003,2404,0,85,0,0,0,LEADER,1,0,0,84,0,0,0,0,0,0,0,0,0,0,0
233401,51,bully,2398,1,0,0,84,0,1176,0,1,51,231003,2398,0,85,0,0,0,LEADER,1,0,0,84,0,0,0,0,0,0,0,0,0,0,0
232946,39,bully,1943,1,0,0,84,0,1176,0,1,39,231003,1943,0,85,0,0,0,LEADER,1,0,0,84,0,0,0,0,0,0,0,0,0,0,0
232692,78,bully,1689,1,0,0,84,0,1176,0,1,78,231003,1689,0,85,0,0,0,LEADER,1,0,0,84,0,0,0,0,0,0,0,0,0,0,0
233080,79,bully,2077,1,0,0,84,0,1176,0,1,79,231003,2077,0,85,0,0,0,LEADER,1,0,0,84,0,0,0,0,0,0,0,0,0,0,0
232655,14,bully,1652,1,0,0,84,0,1176,0,1,14,231003,1652,0,85,0,0,0,LEADER,1,0,0,84,0,0,0,0,0,0,0,0,0,0,0
233082,36,bully,2080,1,0,0,84,0,1176,0,1,36,231002,2080,0,85,0,0,0,LEADER,1,0,0,84,0,0,0,0,0,0,0,0,0,0,0
232965,81,bully,1962,1,0,0,84,0,1176,0,1,81,231003,1962,0,85,0,0,0,LEADER,1,0,0,84,0,0,0,0,0,0,0,0,0,0,0
232625,67,bully,1622,1,0,0,84,0,1176,0,1,67,231003,1622,0,85,0,0,0,LEADER,1,0,0,84,0,0,0,0,0,0,0,0,0,0,0
233386,83,bully,2383,1,0,0,84,0,1176,0,1,83,231003,2383,0,85,0,0,0,LEADER,1,0,0,84,0,0,0,0,0,0,0,0,0,0,0
233531,99,bully,1607,1,0,0,85,0,1190,0,1,99,231924,1607,0,86,0,0,0,LEADER,1,0,0,85,0,0,0,0,0,0,0,0,0,0,0
232707,55,bully,1704,1,0,0,84,0,1176,0,1,55,231003,1704,0,85,0,0,0,LEADER,1,0,0,84,0,0,0,0,0,0,0,0,0,0,0
233498,89,bully,1574,1,0,0,85,0,1190,0,1,89,231924,1574,0,86,0,0,0,LEADER,1,0,0,85,0,0,0,0,0,0,0,0,0,0,0
232659,77,bully,1656,1,0,0,84,0,1176,0,1,77,231003,1656,0,85,0,0,0,LEADER,1,0,0,84,0,0,0,0,0,0,0,0,0,0,0
232931,71,bully,1928,1,0,0,84,0,1176,0,1,71,231003,1928,0,85,0,0,0,LEADER,1,0,0,84,0,0,0,0,0,0,0,0,0,0,0
233209,76,bully,2213,1,0,0,84,0,1176,0,1,76,230996,2213,0,85,0,0,0,LEADER,1,0,0,84,0,0,0,0,0,0,0,0,0,0,0
232843,52,bully,1840,1,0,0,84,0,1176,0,1,52,231003,1840,0,85,0,0,0,LEADER,1,0,0,84,0,0,0,0,0,0,0,0,0,0,0
232810,10,bully,1807,1,0,0,84,0,1176,0,1,10,231003,1807,0,85,0,0,0,LEADER,1,0,0,84,0,0,0,0,0,0,0,0,0,0,0
232743,22,bully,1740,1,0,0,84,0,1176,0,1,22,231003,1740,0,85,0,0,0,LEADER,1,0,0,84,0,0,0,0,0,0,0,0,0,0,0
232889,21,bully,1889,1,0,0,84,0,1176,0,1,21,231000,1889,0,85,0,0,0,LEADER,1,0,0,84,0,0,0,0,0,0,0,0,0,0,0
233149,56,bully,2146,1,0,0,84,0,1176,0,1,56,231003,2146,0,85,0,0,0,LEADER,1,0,0,84,0,0,0,0,0,0,0,0,0,0,0
232674,60,bully,1671,1,0,0,84,0,1176,0,1,60,231003,1671,0,85,0,0,0,LEADER,1,0,0,84,0,0,0,0,0,0,0,0,0,0,0
233528,25,bully,1604,1,0,0,85,0,1190,0,1,25,231924,1604,0,86,0,0,0,LEADER,1,0,0,85,0,0,0,0,0,0,0,0,0,0,0
232740,65,bully,1737,1,0,0,84,0,1176,0,1,65,231003,1737,0,85,0,0,0,LEADER,1,0,0,84,0,0,0,0,0,0,0,0,0,0,0
233416,19,bully,2413,1,0,0,84,0,1176,0,1,19,231003,2413,0,85,0,0,0,LEADER,1,0,0,84,0,0,0,0,0,0,0,0,0,0,0
233046,69,bully,2043,1,0,0,84,0,1176,0,1,69,231003,2043,0,85,0,0,0,LEADER,1,0,0,84,0,0,0,0,0,0,0,0,0,0,0
233649,54,bully,1725,1,0,0,85,0,1190,0,1,54,231924,1725,0,86,0,0,0,LEADER,1,0,0,85,0,0,0,0,0,0,0,0,0,0,0
232995,17,bully,1992,1,0,0,84,0,1176,0,1,17,231003,1992,0,85,0,0,0,LEADER,1,0,0,84,0,0,0,0,0,0,0,0,0,0,0
233510,100,bully,1586,1,0,0,85,0,1190,0,1,100,231924,1586,0,86,0,0,0,LEADER,1,0,0,85,0,0,0,0,0,0,0,0,0,0,0
233473,16,bully,1549,1,0,0,85,0,1190,0,1,16,231924,1549,0,86,0,0,0,LEADER,1,0,0,85,0,0,0,0,0,0,0,0,0,0,0
233061,37,bully,2058,1,0,0,84,0,1176,0,1,37,231003,2058,0,85,0,0,0,LEADER,1,0,0,84,0,0,0,0,0,0,0,0,0,0,0
233698,13,bully,1774,1,0,0,85,0,1190,0,1,13,231924,1774,0,86,0,0,0,LEADER,1,0,0,85,0,0,0,0,0,0,0,0,0,0,0
232858,20,bully,1855,1,0,0,84,0,1176,0,1,20,231003,1855,0,85,0,0,0,LEADER,1,0,0,84,0,0,0,0,0,0,0,0,0,0,0
233491,41,bully,1567,1,0,0,85,0,1190,0,1,41,231924,1567,0,86,0,0,0,LEADER,1,0,0,85,0,0,0,0,0,0,0,0,0,0,0
233480,47,bully,1556,1,0,0,85,0,1190,0,1,47,231924,1556,0,86,0,0,0,LEADER,1,0,0,85,0,0,0,0,0,0,0,0,0,0,0
233305,95,bully,2301,1,0,0,84,0,1176,0,1,95,231004,2301,0,85,0,0,0,LEADER,1,0,0,84,0,0,0,0,0,0,0,0,0,0,0
233168,98,bully,2165,1,0,0,84,0,1176,0,1,98,231003,2165,0,85,0,0,0,LEADER,1,0,0,84,0,0,0,0,0,0,0,0,0,0,0
233352,73,bully,2349,1,0,0,84,0,1176,0,1,73,231003,2349,0,85,0,0,0,LEADER,1,0,0,84,0,0,0,0,0,0,0,0,0,0,0
232898,61,bully,1895,1,0,0,84,0,1176,0,1,61,231003,1895,0,85,0,0,0,LEADER,1,0,0,84,0,0,0,0,0,0,0,0,0,0,0
233646,97,bully,1722,1,0,0,85,0,1190,0,1,97,231924,1722,0,86,0,0,0,LEADER,1,0,0,85,0,0,0,0,0,0,0,0,0,0,0
233676,33,bully,1752,1,0,0,85,0,1190,0,1,33,231924,1752,0,86,0,0,0,LEADER,1,0,0,85,0,0,0,0,0,0,0,0,0,0,0
233334,31,bully,2331,1,0,0,84,0,1176,0,1,31,231003,2331,0,85,0,0,0,LEADER,1,0,0,84,0,0,0,0,0,0,0,0,0,0,0
233846,40,bully,1922,1,0,0,85,0,1190,0,1,40,231924,1922,0,86,0,0,0,LEADER,1,0,0,85,0,0,0,0,0,0,0,0,0,0,0
233836,29,bully,1910,1,0,0,85,0,1190,0,1,29,231926,1910,0,86,0,0,0,LEADER,1,0,0,85,0,0,0,0,0,0,0,0,0,0,0
233662,96,bully,1744,1,0,0,85,0,1190,0,1,96,231918,1744,0,86,0,0,0,LEADER,1,0,0,85,0,0,0,0,0,0,0,0,0,0,0
233749,84,bully,1825,1,0,0,85,0,1190,0,1,84,231924,1825,0,86,0,0,0,LEADER,1,0,0,85,0,0,0,0,0,0,0,0,0,0,0
233445,80,bully,1519,1,0,0,85,0,1190,0,1,80,231926,1519,0,86,0,0,0,LEADER,1,0,0,85,0,0,0,0,0,0,0,0,0,0,0
233286,53,bully,2283,1,0,0,84,0,1176,0,1,53,231003,2283,0,85,0,0,0,LEADER,1,0,0,84,0,0,0,0,0,0,0,0,0,0,0
233362,92,bully,1438,1,0,0,85,0,1190,0,1,92,231924,1438,0,86,0,0,0,LEADER,1,0,0,85,0,0,0,0,0,0,0,0,0,0,0
233533,91,bully,1619,1,0,0,85,0,1190,0,1,91,231914,1619,0,86,0,0,0,LEADER,1,0,0,85,0,0,0,0,0,0,0,0,0,0,0
233798,62,bully,1874,1,0,0,85,0,1190,0,1,62,231924,1874,0,86,0,0,0,LEADER,1,0,0,85,0,0,0,0,0,0,0,0,0,0,0
233495,15,bully,1571,1,0,0,85,0,1190,0,1,15,231924,1571,0,86,0,0,0,LEADER,1,0,0,85,0,0,0,0,0,0,0,0,0,0,0
233164,26,bully,2161,1,0,0,84,0,1176,0,1,26,231003,2161,0,85,0,0,0,LEADER,1,0,0,84,0,0,0,0,0,0,0,0,0,0,0
233901,49,bully,1977,1,0,0,85,0,1190,0,1,49,231924,1977,0,86,0,0,0,LEADER,1,0,0,85,0,0,0,0,0,0,0,0,0,0,0
233716,58,bully,1792,1,0,0,85,0,1190,0,1,58,231924,1792,0,86,0,0,0,LEADER,1,0,0,85,0,0,0,0,0,0,0,0,0,0,0
233249,86,bully,2246,1,0,0,84,0,1176,0,1,86,231003,2246,0,85,0,0,0,LEADER,1,0,0,84,0,0,0,0,0,0,0,0,0,0,0
233422,50,bully,2419,1,0,0,84,0,1176,0,1,50,231003,2419,0,85,0,0,0,LEADER,1,0,0,84,0,0,0,0,0,0,0,0,0,0,0
233273,85,bully,2268,1,0,0,84,0,1176,0,1,85,231005,2268,0,85,0,0,0,LEADER,1,0,0,84,0,0,0,0,0,0,0,0,0,0,0
233211,87,bully,2212,1,0,0,84,0,1176,0,1,87,230999,2212,0,85,0,0,0,LEADER,1,0,0,84,0,0,0,0,0,0,0,0,0,0,0
233419,64,bully,2416,1,0,0,84,0,1176,0,1,64,231003,2416,0,85,0,0,0,LEADER,1,0,0,84,0,0,0,0,0,0,0,0,0,0,0
233268,11,bully,2264,1,0,0,84,0,1176,0,1,11,231004,2264,0,85,0,0,0,LEADER,1,0,0,84,0,0,0,0,0,0,0,0,0,0,0
233358,18,bully,1434,1,0,0,85,0,1190,0,1,18,231924,1434,0,86,0,0,0,LEADER,1,0,0,85,0,0,0,0,0,0,0,0,0,0,0
233477,90,bully,1553,1,0,0,85,0,1190,0,1,90,231924,1553,0,86,0,0,0,LEADER,1,0,0,85,0,0,0,0,0,0,0,0,0,0,0
233371,35,bully,1447,1,0,0,85,0,1190,0,1,35,231924,1447,0,86,0,0,0,LEADER,1,0,0,85,0,0,0,0,0,0,0,0,0,0,0
233252,43,bully,2249,1,0,0,84,0,1176,0,1,43,231003,2249,0,85,0,0,0,LEADER,1,0,0,84,0,0,0,0,0,0,0,0,0,0,0
233391,28,bully,1467,1,0,0,85,0,1190,0,1,28,231924,1467,0,86,0,0,0,LEADER,1,0,0,85,0,0,0,0,0,0,0,0,0,0,0
233229,44,bully,2228,1,0,0,84,0,1176,0,1,44,231001,2228,0,85,0,0,0,LEADER,1,0,0,84,0,0,0,0,0,0,0,0,0,0,0
234065,23,bully,2141,1,0,0,85,0,1190,0,1,23,231924,2141,0,86,0,0,0,LEADER,1,0,0,85,0,0,0,0,0,0,0,0,0,0,0
233385,30,bully,1461,1,0,0,85,0,1190,0,1,30,231924,1461,0,86,0,0,0,LEADER,1,0,0,85,0,0,0,0,0,0,0,0,0,0,0
233785,94,bully,1859,1,0,0,85,0,1190,0,1,94,231926,1859,0,86,0,0,0,LEADER,1,0,0,85,0,0,0,0,0,0,0,0,0,0,0
233425,38,bully,1501,1,0,0,85,0,1190,0,1,38,231924,1501,0,86,0,0,0,LEADER,1,0,0,85,0,0,0,0,0,0,0,0,0,0,0
234104,66,bully,2180,1,0,0,85,0,1190,0,1,66,231924,2180,0,86,0,0,0,LEADER,1,0,0,85,0,0,0,0,0,0,0,0,0,0,0
233410,70,bully,1486,1,0,0,85,0,1190,0,1,70,231924,1486,0,86,0,0,0,LEADER,1,0,0,85,0,0,0,0,0,0,0,0,0,0,0
234055,88,bully,2131,1,0,0,85,0,1190,0,1,88,231924,2131,0,86,0,0,0,LEADER,1,0,0,85,0,0,0,0,0,0,0,0,0,0,0
233238,75,bully,2235,1,0,0,84,0,1176,0,1,75,231003,2235,0,85,0,0,0,LEADER,1,0,0,84,0,0,0,0,0,0,0,0,0,0,0
233248,12,bully,2243,1,0,0,84,0,1176,0,1,12,231005,2243,0,85,0,0,0,LEADER,1,0,0,84,0,0,0,0,0,0,0,0,0,0,0
233949,27,bully,2025,1,0,0,85,0,1190,0,1,27,231924,2025,0,86,0,0,0,LEADER,1,0,0,85,0,0,0,0,0,0,0,0,0,0,0
233438,42,bully,1514,1,0,0,85,0,1190,0,1,42,231924,1514,0,86,0,0,0,LEADER,1,0,0,85,0,0,0,0,0,0,0,0,0,0,0
234085,24,bully,2161,1,0,0,85,0,1190,0,1,24,231924,2161,0,86,0,0,0,LEADER,1,0,0,85,0,0,0,0,0,0,0,0,0,0,0
234037,46,bully,2113,1,0,0,85,0,1190,0,1,46,231924,2113,0,86,0,0,0,LEADER,1,0,0,85,0,0,0,0,0,0,0,0,0,0,0
233934,59,bully,2010,1,0,0,85,0,1190,0,1,59,231924,2010,0,86,0,0,0,LEADER,1,0,0,85,0,0,0,0,0,0,0,0,0,0,0
233562,34,bully,1637,1,0,0,85,0,1190,0,1,34,231925,1637,0,86,0,0,0,LEADER,1,0,0,85,0,0,0,0,0,0,0,0,0,0,0
234216,32,bully,2292,1,0,0,85,0,1190,0,1,32,231924,2292,0,86,0,0,0,LEADER,1,0,0,85,0,0,0,0,0,0,0,0,0,0,0
233831,72,bully,1907,1,0,0,85,0,1190,0,1,72,231924,1907,0,86,0,0,0,LEADER,1,0,0,85,0,0,0,0,0,0,0,0,0,0,0
234243,63,bully,2316,1,0,0,85,0,1190,0,1,63,231927,2316,0,86,0,0,0,LEADER,1,0,0,85,0,0,0,0,0,0,0,0,0,0,0
233716,74,bully,1792,1,0,0,85,0,1190,0,1,74,231924,1792,0,86,0,0,0,LEADER,1,0,0,85,0,0,0,0,0,0,0,0,0,0,0
233458,48,bully,1534,1,0,0,85,0,1190,0,1,48,231924,1534,0,86,0,0,0,LEADER,1,0,0,85,0,0,0,0,0,0,0,0,0,0,0
233921,57,bully,1995,1,0,0,85,0,1190,0,1,57,231926,1995,0,86,0,0,0,LEADER,1,0,0,85,0,0,0,0,0,0,0,0,0,0,0
233989,68,bully,2065,1,0,0,85,0,1190,0,1,68,231924,2065,0,86,0,0,0,LEADER,1,0,0,85,0,0,0,0,0,0,0,0,0,0,0
233390,45,bully,1466,1,0,0,85,0,1190,0,1,45,231924,1466,0,86,0,0,0,LEADER,1,0,0,85,0,0,0,0,0,0,0,0,0,0,0
233747,93,bully,1823,1,0,0,85,0,1190,0,1,93,231924,1823,0,86,0,0,0,LEADER,1,0,0,85,0,0,0,0,0,0,0,0,0,0,0
234328,82,bully,2404,1,0,0,85,0,1190,0,1,82,231924,2404,0,86,0,0,0,LEADER,1,0,0,85,0,0,0,0,0,0,0,0,0,0,0
234322,51,bully,2398,1,0,0,85,0,1190,0,1,51,231924,2398,0,86,0,0,0,LEADER,1,0,0,85,0,0,0,0,0,0,0,0,0,0,0
233867,39,bully,1943,1,0,0,85,0,1190,0,1,39,231924,1943,0,86,0,0,0,LEADER,1,0,0,85,0,0,0,0,0,0,0,0,0,0,0
233613,78,bully,1689,1,0,0,85,0,1190,0,1,78,231924,1689,0,86,0,0,0,LEADER,1,0,0,85,0,0,0,0,0,0,0,0,0,0,0
234001,79,bully,2077,1,0,0,85,0,1190,0,1,79,231924,2077,0,86,0,0,0,LEADER,1,0,0,85,0,0,0,0,0,0,0,0,0,0,0
233576,14,bully,1652,1,0,0,85,0,1190,0,1,14,231924,1652,0,86,0,0,0,LEADER,1,0,0,85,0,0,0,0,0,0,0,0,0,0,0
234003,36,bully,2080,1,0,0,85,0,1190,0,1,36,231923,2080,0,86,0,0,0,LEADER,1,0,0,85,0,0,0,0,0,0,0,0,0,0,0
233886,81,bully,1962,1,0,0,85,0,1190,0,1,81,231924,1962,0,86,0,0,0,LEADER,1,0,0,85,0,0,0,0,0,0,0,0,0,0,0
233546,67,bully,1622,1,0,0,85,0,1190,0,1,67,231924,1622,0,86,0,0,0,LEADER,1,0,0,85,0,0,0,0,0,0,0,0,0,0,0
234307,83,bully,2383,1,0,0,85,0,1190,0,1,83,231924,2383,0,86,0,0,0,LEADER,1,0,0,85,0,0,0,0,0,0,0,0,0,0,0
234451,99,bully,1607,1,0,0,85,0,1190,0,1,99,232844,1607,0,86,0,0,0,LEADER,1,0,0,85,0,0,0,0,0,0,0,0,0,0,0
233628,55,bully,1704,1,0,0,85,0,1190,0,1,55,231924,1704,0,86,0,0,0,LEADER,1,0,0,85,0,0,0,0,0,0,0,0,0,0,0
234418,89,bully,1574,1,0,0,85,0,1190,0,1,89,232844,1574,0,86,0,0,0,LEADER,1,0,0,85,0,0,0,0,0,0,0,0,0,0,0
233580,77,bully,1656,1,0,0,85,0,1190,0,1,77,231924,1656,0,86,0,0,0,LEADER,1,0,0,85,0,0,0,0,0,0,0,0,0,0,0
233852,71,bully,1928,1,0,0,85,0,1190,0,1,71,231924,1928,0,86,0,0,0,LEADER,1,0,0,85,0,0,0,0,0,0,0,0,0,0,0
234129,76,bully,2213,1,0,0,85,0,1190,0,1,76,231916,2213,0,86,0,0,0,LEADER,1,0,0,85,0,0,0,0,0,0,0,0,0,0,0
233764,52,bully,1840,1,0,0,85,0,1190,0,1,52,231924,1840,0,86,0,0,0,LEADER,1,0,0,85,0,0,0,0,0,0,0,0,0,0,0
233731,10,bully,1807,1,0,0,85,0,1190,0,1,10,231924,1807,0,86,0,0,0,LEADER,1,0,0,85,0,0,0,0,0,0,0,0,0,0,0
233664,22,bully,1740,1,0,0,85,0,1190,0,1,22,231924,1740,0,86,0,0,0,LEADER,1,0,0,85,0,0,0,0,0,0,0,0,0,0,0
233810,21,bully,1889,1,0,0,85,0,1190,0,1,21,231921,1889,0,86,0,0,0,LEADER,1,0,0,85,0,0,0,0,0,0,0,0,0,0,0
234070,56,bully,2146,1,0,0,85,0,1190,0,1,56,231924,2146,0,86,0,0,0,LEADER,1,0,0,85,0,0,0,0,0,0,0,0,0,0,0
233595,60,bully,1671,1,0,0,85,0,1190,0,1,60,231924,1671,0,86,0,0,0,LEADER,1,0,0,85,0,0,0,0,0,0,0,0,0,0,0
234448,25,bully,1604,1,0,0,85,0,1190,0,1,25,232844,1604,0,86,0,0,0,LEADER,1,0,0,85,0,0,0,0,0,0,0,0,0,0,0
233661,65,bully,1737,1,0,0,85,0,1190,0,1,65,231924,1737,0,86,0,0,0,LEADER,1,0,0,85,0,0,0,0,0,0,0,0,0,0,0
234337,19,bully,2413,1,0,0,85,0,1190,0,1,19,231924,2413,0,86,0,0,0,LEADER,1,0,0,85,0,0,0,0,0,0,0,0,0,0,0
233967,69,bully,2043,1,0,0,85,0,1190,0,1,69,231924,2043,0,86,0,0,0,LEADER,1,0,0,85,0,0,0,0,0,0,0,0,0,0,0
234569,54,bully,1725,1,0,0,85,0,1190,0,1,54,232844,1725,0,86,0,0,0,LEADER,1,0,0,85,0,0,0,0,0,0,0,0,0,0,0
233916,17,bully,1992,1,0,0,85,0,1190,0,1,17,231924,1992,0,86,0,0,0,LEADER,1,0,0,85,0,0,0,0,0,0,0,0,0,0,0
234430,100,bully,1586,1,0,0,85,0,1190,0,1,100,232844,1586,0,86,0,0,0,LEADER,1,0,0,85,0,0,0,0,0,0,0,0,0,0,0
234393,16,bully,1549,1,0,0,85,0,1190,0,1,16,232844,1549,0,86,0,0,0,LEADER,1,0,0,85,0,0,0,0,0,0,0,0,0,0,0
233982,37,bully,2058,1,0,0,85,0,1190,0,1,37,231924,2058,0,86,0,0,0,LEADER,1,0,0,85,0,0,0,0,0,0,0,0,0,0,0
234618,13,bully,1774,1,0,0,85,0,1190,0,1,13,232844,1774,0,86,0,0,0,LEADER,1,0,0,85,0,0,0,0,0,0,0,0,0,0,0
233779,20,bully,1855,1,0,0,85,0,1190,0,1,20,231924,1855,0,86,0,0,0,LEADER,1,0,0,85,0,0,0,0,0,0,0,0,0,0,0
234411,41,bully,1567,1,0,0,85,0,1190,0,1,41,232844,1567,0,86,0,0,0,LEADER,1,0,0,85,0,0,0,0,0,0,0,0,0,0,0
234400,47,bully,1556,1,0,0,85,0,1190,0,1,47,232844,1556,0,86,0,0,0,LEADER,1,0,0,85,0,0,0,0,0,0,0,0,0,0,0
234226,95,bully,2301,1,0,0,85,0,1190,0,1,95,231925,2301,0,86,0,0,0,LEADER,1,0,0,85,0,0,0,0,0,0,0,0,0,0,0
234089,98,bully,2165,1,0,0,85,0,1190,0,1,98,231924,2165,0,86,0,0,0,LEADER,1,0,0,85,0,0,0,0,0,0,0,0,0,0,0
234273,73,bully,2349,1,0,0,85,0,1190,0,1,73,231924,2349,0,86,0,0,0,LEADER,1,0,0,85,0,0,0,0,0,0,0,0,0,0,0
234596,33,bully,1752,1,0,0,85,0,1190,0,1,33,232844,1752,0,86,0,0,0,LEADER,1,0,0,85,0,0,0,0,0,0,0,0,0,0,0
234566,97,bully,1722,1,0,0,85,0,1190,0,1,97,232844,1722,0,86,0,0,0,LEADER,1,0,0,85,0,0,0,0,0,0,0,0,0,0,0
233819,61,bully,1895,1,0,0,85,0,1190,0,1,61,231924,1895,0,86,0,0,0,LEADER,1,0,0,85,0,0,0,0,0,0,0,0,0,0,0
234766,40,bully,1922,1,0,0,85,0,1190,0,1,40,232844,1922,0,86,0,0,0,LEADER,1,0,0,85,0,0,0,0,0,0,0,0,0,0,0
234255,31,bully,2331,1,0,0,85,0,1190,0,1,31,231924,2331,0,86,0,0,0,LEADER,1,0,0,85,0,0,0,0,0,0,0,0,0,0,0
234756,29,bully,1910,1,0,0,85,0,1190,0,1,29,232846,1910,0,86,0,0,0,LEADER,1,0,0,85,0,0,0,0,0,0,0,0,0,0,0
234582,96,bully,1744,1,0,0,85,0,1190,0,1,96,232838,1744,0,86,0,0,0,LEADER,1,0,0,85,0,0,0,0,0,0,0,0,0,0,0
234669,84,bully,1825,1,0,0,85,0,1190,0,1,84,232844,1825,0,86,0,0,0,LEADER,1,0,0,85,0,0,0,0,0,0,0,0,0,0,0
234365,80,bully,1519,1,0,0,85,0,1190,0,1,80,232846,1519,0,86,0,0,0,LEADER,1,0,0,85,0,0,0,0,0,0,0,0,0,0,0
234207,53,bully,2283,1,0,0,85,0,1190,0,1,53,231924,2283,0,86,0,0,0,LEADER,1,0,0,85,0,0,0,0,0,0,0,0,0,0,0
234282,92,bully,1438,1,0,0,85,0,1190,0,1,92,232844,1438,0,86,0,0,0,LEADER,1,0,0,85,0,0,0,0,0,0,0,0,0,0,0
234453,91,bully,1619,1,0,0,85,0,1190,0,1,91,232834,1619,0,86,0,0,0,LEADER,1,0,0,85,0,0,0,0,0,0,0,0,0,0,0
234718,62,bully,1874,1,0,0,85,0,1190,0,1,62,232844,1874,0,86,0,0,0,LEADER,1,0,0,85,0,0,0,0,0,0,0,0,0,0,0
234415,15,bully,1571,1,0,0,85,0,1190,0,1,15,232844,1571,0,86,0,0,0,LEADER,1,0,0,85,0,0,0,0,0,0,0,0,0,0,0
234085,26,bully,2161,1,0,0,85,0,1190,0,1,26,231924,2161,0,86,0,0,0,LEADER,1,0,0,85,0,0,0,0,0,0,0,0,0,0,0
234821,49,bully,1977,1,0,0,85,0,1190,0,1,49,232844,1977,0,86,0,0,0,LEADER,1,0,0,85,0,0,0,0,0,0,0,0,0,0,0
234636,58,bully,1792,1,0,0,85,0,1190,0,1,58,232844,1792,0,86,0,0,0,LEADER,1,0,0,85,0,0,0,0,0,0,0,0,0,0,0
234170,86,bully,2246,1,0,0,85,0,1190,0,1,86,231924,2246,0,86,0,0,0,LEADER,1,0,0,85,0,0,0,0,0,0,0,0,0,0,0
234343,50,bully,2419,1,0,0,85,0,1190,0,1,50,231924,2419,0,86,0,0,0,LEADER,1,0,0,85,0,0,0,0,0,0,0,0,0,0,0
234194,85,bully,2268,1,0,0,85,0,1190,0,1,85,231926,2268,0,86,0,0,0,LEADER,1,0,0,85,0,0,0,0,0,0,0,0,0,0,0
234132,87,bully,2212,1,0,0,85,0,1190,0,1,87,231920,2212,0,86,0,0,0,LEADER,1,0,0,85,0,0,0,0,0,0,0,0,0,0,0
234340,64,bully,2416,1,0,0,85,0,1190,0,1,64,231924,2416,0,86,0,0,0,LEADER,1,0,0,85,0,0,0,0,0,0,0,0,0,0,0
234278,18,bully,1434,1,0,0,85,0,1190,0,1,18,232844,1434,0,86,0,0,0,LEADER,1,0,0,85,0,0,0,0,0,0,0,0,0,0,0
234189,11,bully,2264,1,0,0,85,0,1190,0,1,11,231925,2264,0,86,0,0,0,LEADER,1,0,0,85,0,0,0,0,0,0,0,0,0,0,0
234397,90,bully,1553,1,0,0,85,0,1190,0,1,90,232844,1553,0,86,0,0,0,LEADER,1,0,0,85,0,0,0,0,0,0,0,0,0,0,0
234291,35,bully,1447,1,0,0,85,0,1190,0,1,35,232844,1447,0,86,0,0,0,LEADER,1,0,0,85,0,0,0,0,0,0,0,0,0,0,0
234173,43,bully,2249,1,0,0,85,0,1190,0,1,43,231924,2249,0,86,0,0,0,LEADER,1,0,0,85,0,0,0,0,0,0,0,0,0,0,0
234311,28,bully,1467,1,0,0,85,0,1190,0,1,28,232844,1467,0,86,0,0,0,LEADER,1,0,0,85,0,0,0,0,0,0,0,0,0,0,0
234150,44,bully,2228,1,0,0,85,0,1190,0,1,44,231922,2228,0,86,0,0,0,LEADER,1,0,0,85,0,0,0,0,0,0,0,0,0,0,0
234985,23,bully,2141,1,0,0,85,0,1190,0,1,23,232844,2141,0,86,0,0,0,LEADER,1,0,0,85,0,0,0,0,0,0,0,0,0,0,0
234305,30,bully,1461,1,0,0,85,0,1190,0,1,30,232844,1461,0,86,0,0,0,LEADER,1,0,0,85,0,0,0,0,0,0,0,0,0,0,0
234705,94,bully,1859,1,0,0,85,0,1190,0,1,94,232846,1859,0,86,0,0,0,LEADER,1,0,0,85,0,0,0,0,0,0,0,0,0,0,0
234345,38,bully,1501,1,0,0,85,0,1190,0,1,38,232844,1501,0,86,0,0,0,LEADER,1,0,0,85,0,0,0,0,0,0,0,0,0,0,0
235024,66,bully,2180,1,0,0,85,0,1190,0,1,66,232844,2180,0,86,0,0,0,LEADER,1,0,0,85,0,0,0,0,0,0,0,0,0,0,0
234330,70,bully,1486,1,0,0,85,0,1190,0,1,70,232844,1486,0,86,0,0,0,LEADER,1,0,0,85,0,0,0,0,0,0,0,0,0,0,0
234975,88,bully,2131,1,0,0,85,0,1190,0,1,88,232844,2131,0,86,0,0,0,LEADER,1,0,0,85,0,0,0,0,0,0,0,0,0,0,0
234159,75,bully,2235,1,0,0,85,0,1190,0,1,75,231924,2235,0,86,0,0,0,LEADER,1,0,0,85,0,0,0,0,0,0,0,0,0,0,0
234169,12,bully,2243,1,0,0,85,0,1190,0,1,12,231926,2243,0,86,0,0,0,LEADER,1,0,0,85,0,0,0,0,0,0,0,0,0,0,0
234869,27,bully,2025,1,0,0,85,0,1190,0,1,27,232844,2025,0,86,0,0,0,LEADER,1,0,0,85,0,0,0,0,0,0,0,0,0,0,0
234358,42,bully,1514,1,0,0,85,0,1190,0,1,42,232844,1514,0,86,0,0,0,LEADER,1,0,0,85,0,0,0,0,0,0,0,0,0,0,0
235005,24,bully,2161,1,0,0,85,0,1190,0,1,24,232844,2161,0,86,0,0,0,LEADER,1,0,0,85,0,0,0,0,0,0,0,0,0,0,0
234957,46,bully,2113,1,0,0,85,0,1190,0,1,46,232844,2113,0,86,0,0,0,LEADER,1,0,0,85,0,0,0,0,0,0,0,0,0,0,0
234854,59,bully,2010,1,0,0,85,0,1190,0,1,59,232844,2010,0,86,0,0,0,LEADER,1,0,0,85,0,0,0,0,0,0,0,0,0,0,0
234482,34,bully,1637,1,0,0,85,0,1190,0,1,34,232845,1637,0,86,0,0,0,LEADER,1,0,0,85,0,0,0,0,0,0,0,0,0,0,0
235136,32,bully,2292,1,0,0,85,0,1190,0,1,32,232844,2292,0,86,0,0,0,LEADER,1,0,0,85,0,0,0,0,0,0,0,0,0,0,0
234751,72,bully,1907,1,0,0,85,0,1190,0,1,72,232844,1907,0,86,0,0,0,LEADER,1,0,0,85,0,0,0,0,0,0,0,0,0,0,0
235163,63,bully,2316,1,0,0,85,0,1190,0,1,63,232847,2316,0,86,0,0,0,LEADER,1,0,0,85,0,0,0,0,0,0,0,0,0,0,0
234636,74,bully,1792,1,0,0,85,0,1190,0,1,74,232844,1792,0,86,0,0,0,LEADER,1,0,0,85,0,0,0,0,0,0,0,0,0,0,0
234596,7,bully,2253,1,0,0,22,37,308,518,6,4,232343,2253,0,9,0,0,0,NORMAL,0,0,0,22,0,0,0,37,0,0,0,0,0,0,0
234378,48,bully,1534,1,0,0,85,0,1190,0,1,48,232844,1534,0,86,0,0,0,LEADER,1,0,0,85,0,0,0,0,0,0,0,0,0,0,0
234841,57,bully,1995,1,0,0,85,0,1190,0,1,57,232846,1995,0,86,0,0,0,LEADER,1,0,0,85,0,0,0,0,0,0,0,0,0,0,0
234909,68,bully,2065,1,0,0,85,0,1190,0,1,68,232844,2065,0,86,0,0,0,LEADER,1,0,0,85,0,0,0,0,0,0,0,0,0,0,0
234310,45,bully,1466,1,0,0,85,0,1190,0,1,45,232844,1466,0,86,0,0,0,LEADER,1,0,0,85,0,0,0,0,0,0,0,0,0,0,0
234667,93,bully,1823,1,0,0,85,0,1190,0,1,93,232844,1823,0,86,0,0,0,LEADER,1,0,0,85,0,0,0,0,0,0,0,0,0,0,0
235248,82,bully,2404,1,0,0,85,0,1190,0,1,82,232844,2404,0,86,0,0,0,LEADER,1,0,0,85,0,0,0,0,0,0,0,0,0,0,0
235242,51,bully,2398,1,0,0,85,0,1190,0,1,51,232844,2398,0,86,0,0,0,LEADER,1,0,0,85,0,0,0,0,0,0,0,0,0,0,0
234787,39,bully,1943,1,0,0,85,0,1190,0,1,39,232844,1943,0,86,0,0,0,LEADER,1,0,0,85,0,0,0,0,0,0,0,0,0,0,0
234533,78,bully,1689,1,0,0,85,0,1190,0,1,78,232844,1689,0,86,0,0,0,LEADER,1,0,0,85,0,0,0,0,0,0,0,0,0,0,0
234921,79,bully,2077,1,0,0,85,0,1190,0,1,79,232844,2077,0,86,0,0,0,LEADER,1,0,0,85,0,0,0,0,0,0,0,0,0,0,0
234496,14,bully,1652,1,0,0,85,0,1190,0,1,14,232844,1652,0,86,0,0,0,LEADER,1,0,0,85,0,0,0,0,0,0,0,0,0,0,0
234923,36,bully,2080,1,0,0,85,0,1190,0,1,36,232843,2080,0,86,0,0,0,LEADER,1,0,0,85,0,0,0,0,0,0,0,0,0,0,0
234806,81,bully,1962,1,0,0,85,0,1190,0,1,81,232844,1962,0,86,0,0,0,LEADER,1,0,0,85,0,0,0,0,0,0,0,0,0,0,0
234466,67,bully,1622,1,0,0,85,0,1190,0,1,67,232844,1622,0,86,0,0,0,LEADER,1,0,0,85,0,0,0,0,0,0,0,0,0,0,0
235227,83,bully,2383,1,0,0,85,0,1190,0,1,83,232844,2383,0,86,0,0,0,LEADER,1,0,0,85,0,0,0,0,0,0,0,0,0,0,0
235371,99,bully,1607,1,0,0,85,0,1190,0,1,99,233764,1607,0,86,0,0,0,LEADER,1,0,0,85,0,0,0,0,0,0,0,0,0,0,0
234548,55,bully,1704,1,0,0,85,0,1190,0,1,55,232844,1704,0,86,0,0,0,LEADER,1,0,0,85,0,0,0,0,0,0,0,0,0,0,0
235338,89,bully,1574,1,0,0,85,0,1190,0,1,89,233764,1574,0,86,0,0,0,LEADER,1,0,0,85,0,0,0,0,0,0,0,0,0,0,0
234500,77,bully,1656,1,0,0,85,0,1190,0,1,77,232844,1656,0,86,0,0,0,LEADER,1,0,0,85,0,0,0,0,0,0,0,0,0,0,0
234772,71,bully,1928,1,0,0,85,0,1190,0,1,71,232844,1928,0,86,0,0,0,LEADER,1,0,0,85,0,0,0,0,0,0,0,0,0,0,0
235049,76,bully,2213,1,0,0,85,0,1190,0,1,76,232836,2213,0,86,0,0,0,LEADER,1,0,0,85,0,0,0,0,0,0,0,0,0,0,0
234686,52,bully,1840,1,0,0,85,0,1190,0,1,52,232846,1840,0,86,0,0,0,LEADER,1,0,0,85,0,0,0,0,0,0,0,0,0,0,0
234651,10,bully,1807,1,0,0,85,0,1190,0,1,10,232844,1807,0,86,0,0,0,LEADER,1,0,0,85,0,0,0,0,0,0,0,0,0,0,0
234584,22,bully,1740,1,0,0,85,0,1190,0,1,22,232844,1740,0,86,0,0,0,LEADER,1,0,0,85,0,0,0,0,0,0,0,0,0,0,0
234730,21,bully,1889,1,0,0,85,0,1190,0,1,21,232841,1889,0,86,0,0,0,LEADER,1,0,0,85,0,0,0,0,0,0,0,0,0,0,0
234990,56,bully,2146,1,0,0,85,0,1190,0,1,56,232844,2146,0,86,0,0,0,LEADER,1,0,0,85,0,0,0,0,0,0,0,0,0,0,0
234515,60,bully,1671,1,0,0,85,0,1190,0,1,60,232844,1671,0,86,0,0,0,LEADER,1,0,0,85,0,0,0,0,0,0,0,0,0,0,0
235368,25,bully,1604,1,0,0,85,0,1190,0,1,25,233764,1604,0,86,0,0,0,LEADER,1,0,0,85,0,0,0,0,0,0,0,0,0,0,0
234581,65,bully,1737,1,0,0,85,0,1190,0,1,65,232844,1737,0,86,0,0,0,LEADER,1,0,0,85,0,0,0,0,0,0,0,0,0,0,0
235257,19,bully,2413,1,0,0,85,0,1190,0,1,19,232844,2413,0,86,0,0,0,LEADER,1,0,0,85,0,0,0,0,0,0,0,0,0,0,0
234887,69,bully,2043,1,0,0,85,0,1190,0,1,69,232844,2043,0,86,0,0,0,LEADER,1,0,0,85,0,0,0,0,0,0,0,0,0,0,0
235489,54,bully,1725,1,0,0,85,0,1190,0,1,54,233764,1725,0,86,0,0,0,LEADER,1,0,0,85,0,0,0,0,0,0,0,0,0,0,0
234836,17,bully,1992,1,0,0,85,0,1190,0,1,17,232844,1992,0,86,0,0,0,LEADER,1,0,0,85,0,0,0,0,0,0,0,0,0,0,0
235350,100,bully,1586,1,0,0,85,0,1190,0,1,100,233764,1586,0,86,0,0,0,LEADER,1,0,0,85,0,0,0,0,0,0,0,0,0,0,0
235313,16,bully,1549,1,0,0,85,0,1190,0,1,16,233764,1549,0,86,0,0,0,LEADER,1,0,0,85,0,0,0,0,0,0,0,0,0,0,0
234902,37,bully,2058,1,0,0,85,0,1190,0,1,37,232844,2058,0,86,0,0,0,LEADER,1,0,0,85,0,0,0,0,0,0,0,0,0,0,0
235538,13,bully,1774,1,0,0,85,0,1190,0,1,13,233764,1774,0,86,0,0,0,LEADER,1,0,0,85,0,0,0,0,0,0,0,0,0,0,0
234699,20,bully,1855,1,0,0,85,0,1190,0,1,20,232844,1855,0,86,0,0,0,LEADER,1,0,0,85,0,0,0,0,0,0,0,0,0,0,0
235331,41,bully,1567,1,0,0,85,0,1190,0,1,41,233764,1567,0,86,0,0,0,LEADER,1,0,0,85,0,0,0,0,0,0,0,0,0,0,0
235320,47,bully,1556,1,0,0,85,0,1190,0,1,47,233764,1556,0,86,0,0,0,LEADER,1,0,0,85,0,0,0,0,0,0,0,0,0,0,0
235146,95,bully,2301,1,0,0,85,0,1190,0,1,95,232845,2301,0,86,0,0,0,LEADER,1,0,0,85,0,0,0,0,0,0,0,0,0,0,0
235009,98,bully,2165,1,0,0,85,0,1190,0,1,98,232844,2165,0,86,0,0,0,LEADER,1,0,0,85,0,0,0,0,0,0,0,0,0,0,0
235193,73,bully,2349,1,0,0,85,0,1190,0,1,73,232844,2349,0,86,0,0,0,LEADER,1,0,0,85,0,0,0,0,0,0,0,0,0,0,0
235516,33,bully,1752,1,0,0,85,0,1190,0,1,33,233764,1752,0,86,0,0,0,LEADER,1,0,0,85,0,0,0,0,0,0,0,0,0,0,0
235486,97,bully,1722,1,0,0,85,0,1190,0,1,97,233764,1722,0,86,0,0,0,LEADER,1,0,0,85,0,0,0,0,0,0,0,0,0,0,0
234739,61,bully,1895,1,0,0,85,0,1190,0,1,61,232844,1895,0,86,0,0,0,LEADER,1,0,0,85,0,0,0,0,0,0,0,0,0,0,0
235686,40,bully,1922,1,0,0,85,0,1190,0,1,40,233764,1922,0,86,0,0,0,LEADER,1,0,0,85,0,0,0,0,0,0,0,0,0,0,0
235175,31,bully,2331,1,0,0,85,0,1190,0,1,31,232844,2331,0,86,0,0,0,LEADER,1,0,0,85,0,0,0,0,0,0,0,0,0,0,0
235676,29,bully,1910,1,0,0,85,0,1190,0,1,29,233766,1910,0,86,0,0,0,LEADER,1,0,0,85,0,0,0,0,0,0,0,0,0,0,0
235502,96,bully,1744,1,0,0,85,0,1190,0,1,96,233758,1744,0,86,0,0,0,LEADER,1,0,0,85,0,0,0,0,0,0,0,0,0,0,0
235589,84,bully,1825,1,0,0,85,0,1190,0,1,84,233764,1825,0,86,0,0,0,LEADER,1,0,0,85,0,0,0,0,0,0,0,0,0,0,0
235285,80,bully,1519,1,0,0,85,0,1190,0,1,80,233766,1519,0,86,0,0,0,LEADER,1,0,0,85,0,0,0,0,0,0,0,0,0,0,0
235127,53,bully,2283,1,0,0,85,0,1190,0,1,53,232844,2283,0,86,0,0,0,LEADER,1,0,0,85,0,0,0,0,0,0,0,0,0,0,0
235202,92,bully,1438,1,0,0,85,0,1190,0,1,92,233764,1438,0,86,0,0,0,LEADER,1,0,0,85,0,0,0,0,0,0,0,0,0,0,0
235373,91,bully,1619,1,0,0,85,0,1190,0,1,91,233754,1619,0,86,0,0,0,LEADER,1,0,0,85,0,0,0,0,0,0,0,0,0,0,0
235638,62,bully,1874,1,0,0,85,0,1190,0,1,62,233764,1874,0,86,0,0,0,LEADER,1,0,0,85,0,0,0,0,0,0,0,0,0,0,0
235335,15,bully,1571,1,0,0,85,0,1190,0,1,15,233764,1571,0,86,0,0,0,LEADER,1,0,0,85,0,0,0,0,0,0,0,0,0,0,0
235005,26,bully,2161,1,0,0,85,0,1190,0,1,26,232844,2161,0,86,0,0,0,LEADER,1,0,0,85,0,0,0,0,0,0,0,0,0,0,0
235741,49,bully,1977,1,0,0,85,0,1190,0,1,49,233764,1977,0,86,0,0,0,LEADER,1,0,0,85,0,0,0,0,0,0,0,0,0,0,0
235556,58,bully,1792,1,0,0,85,0,1190,0,1,58,233764,1792,0,86,0,0,0,LEADER,1,0,0,85,0,0,0,0,0,0,0,0,0,0,0
235090,86,bully,2246,1,0,0,85,0,1190,0,1,86,232844,2246,0,86,0,0,0,LEADER,1,0,0,85,0,0,0,0,0,0,0,0,0,0,0
235263,50,bully,2419,1,0,0,85,0,1190,0,1,50,232844,2419,0,86,0,0,0,LEADER,1,0,0,85,0,0,0,0,0,0,0,0,0,0,0
235114,85,bully,2268,1,0,0,85,0,1190,0,1,85,232846,2268,0,86,0,0,0,LEADER,1,0,0,85,0,0,0,0,0,0,0,0,0,0,0
235052,87,bully,2212,1,0,0,85,0,1190,0,1,87,232840,2212,0,86,0,0,0,LEADER,1,0,0,85,0,0,0,0,0,0,0,0,0,0,0
235260,64,bully,2416,1,0,0,85,0,1190,0,1,64,232844,2416,0,86,0,0,0,LEADER,1,0,0,85,0,0,0,0,0,0,0,0,0,0,0
235198,18,bully,1434,1,0,0,85,0,1190,0,1,18,233764,1434,0,86,0,0,0,LEADER,1,0,0,85,0,0,0,0,0,0,0,0,0,0,0
235109,11,bully,2264,1,0,0,85,0,1190,0,1,11,232845,2264,0,86,0,0,0,LEADER,1,0,0,85,0,0,0,0,0,0,0,0,0,0,0
235317,90,bully,1553,1,0,0,85,0,1190,0,1,90,233764,1553,0,86,0,0,0,LEADER,1,0,0,85,0,0,0,0,0,0,0,0,0,0,0
235211,35,bully,1447,1,0,0,85,0,1190,0,1,35,233764,1447,0,86,0,0,0,LEADER,1,0,0,85,0,0,0,0,0,0,0,0,0,0,0
235093,43,bully,2249,1,0,0,85,0,1190,0,1,43,232844,2249,0,86,0,0,0,LEADER,1,0,0,85,0,0,0,0,0,0,0,0,0,0,0
235231,28,bully,1467,1,0,0,85,0,1190,0,1,28,233764,1467,0,86,0,0,0,LEADER,1,0,0,85,0,0,0,0,0,0,0,0,0,0,0
235070,44,bully,2228,1,0,0,85,0,1190,0,1,44,232842,2228,0,86,0,0,0,LEADER,1,0,0,85,0,0,0,0,0,0,0,0,0,0,0
235905,23,bully,2141,1,0,0,85,0,1190,0,1,23,233764,2141,0,86,0,0,0,LEADER,1,0,0,85,0,0,0,0,0,0,0,0,0,0,0
235225,30,bully,1461,1,0,0,85,0,1190,0,1,30,233764,1461,0,86,0,0,0,LEADER,1,0,0,85,0,0,0,0,0,0,0,0,0,0,0
235625,94,bully,1859,1,0,0,85,0,1190,0,1,94,233766,1859,0,86,0,0,0,LEADER,1,0,0,85,0,0,0,0,0,0,0,0,0,0,0
235265,38,bully,1501,1,0,0,85,0,1190,0,1,38,233764,1501,0,86,0,0,0,LEADER,1,0,0,85,0,0,0,0,0,0,0,0,0,0,0
235944,66,bully,2180,1,0,0,85,0,1190,0,1,66,233764,2180,0,86,0,0,0,LEADER,1,0,0,85,0,0,0,0,0,0,0,0,0,0,0
235250,70,bully,1486,1,0,0,85,0,1190,0,1,70,233764,1486,0,86,0,0,0,LEADER,1,0,0,85,0,0,0,0,0,0,0,0,0,0,0
235895,88,bully,2131,1,0,0,85,0,1190,0,1,88,233764,2131,0,86,0,0,0,LEADER,1,0,0,85,0,0,0,0,0,0,0,0,0,0,0
235079,75,bully,2235,1,0,0,85,0,1190,0,1,75,232844,2235,0,86,0,0,0,LEADER,1,0,0,85,0,0,0,0,0,0,0,0,0,0,0
235089,12,bully,2243,1,0,0,85,0,1190,0,1,12,232846,2243,0,86,0,0,0,LEADER,1,0,0,85,0,0,0,0,0,0,0,0,0,0,0
235789,27,bully,2025,1,0,0,85,0,1190,0,1,27,233764,2025,0,86,0,0,0,LEADER,1,0,0,85,0,0,0,0,0,0,0,0,0,0,0
235278,42,bully,1514,1,0,0,85,0,1190,0,1,42,233764,1514,0,86,0,0,0,LEADER,1,0,0,85,0,0,0,0,0,0,0,0,0,0,0
235925,24,bully,2161,1,0,0,85,0,1190,0,1,24,233764,2161,0,86,0,0,0,LEADER,1,0,0,85,0,0,0,0,0,0,0,0,0,0,0
235877,46,bully,2113,1,0,0,85,0,1190,0,1,46,233764,2113,0,86,0,0,0,LEADER,1,0,0,85,0,0,0,0,0,0,0,0,0,0,0
235774,59,bully,2010,1,0,0,85,0,1190,0,1,59,233764,2010,0,86,0,0,0,LEADER,1,0,0,85,0,0,0,0,0,0,0,0,0,0,0
236056,32,bully,2292,1,0,0,85,0,1190,0,1,32,233764,2292,0,86,0,0,0,LEADER,1,0,0,85,0,0,0,0,0,0,0,0,0,0,0
235402,34,bully,1637,1,0,0,85,0,1190,0,1,34,233765,1637,0,86,0,0,0,LEADER,1,0,0,85,0,0,0,0,0,0,0,0,0,0,0
235671,72,bully,1907,1,0,0,85,0,1190,0,1,72,233764,1907,0,86,0,0,0,LEADER,1,0,0,85,0,0,0,0,0,0,0,0,0,0,0
236083,63,bully,2316,1,0,0,85,0,1190,0,1,63,233767,2316,0,86,0,0,0,LEADER,1,0,0,85,0,0,0,0,0,0,0,0,0,0,0
235556,74,bully,1792,1,0,0,85,0,1190,0,1,74,233764,1792,0,86,0,0,0,LEADER,1,0,0,85,0,0,0,0,0,0,0,0,0,0,0
235298,48,bully,1534,1,0,0,85,0,1190,0,1,48,233764,1534,0,86,0,0,0,LEADER,1,0,0,85,0,0,0,0,0,0,0,0,0,0,0
235761,57,bully,1995,1,0,0,85,0,1190,0,1,57,233766,1995,0,86,0,0,0,LEADER,1,0,0,85,0,0,0,0,0,0,0,0,0,0,0
235829,68,bully,2065,1,0,0,85,0,1190,0,1,68,233764,2065,0,86,0,0,0,LEADER,1,0,0,85,0,0,0,0,0,0,0,0,0,0,0
235230,45,bully,1466,1,0,0,85,0,1190,0,1,45,233764,1466,0,86,0,0,0,LEADER,1,0,0,85,0,0,0,0,0,0,0,0,0,0,0
235587,93,bully,1823,1,0,0,85,0,1190,0,1,93,233764,1823,0,86,0,0,0,LEADER,1,0,0,85,0,0,0,0,0,0,0,0,0,0,0
236168,82,bully,2404,1,0,0,85,0,1190,0,1,82,233764,2404,0,86,0,0,0,LEADER,1,0,0,85,0,0,0,0,0,0,0,0,0,0,0
236162,51,bully,2398,1,0,0,85,0,1190,0,1,51,233764,2398,0,86,0,0,0,LEADER,1,0,0,85,0,0,0,0,0,0,0,0,0,0,0
235707,39,bully,1943,1,0,0,85,0,1190,0,1,39,233764,1943,0,86,0,0,0,LEADER,1,0,0,85,0,0,0,0,0,0,0,0,0,0,0
235453,78,bully,1689,1,0,0,85,0,1190,0,1,78,233764,1689,0,86,0,0,0,LEADER,1,0,0,85,0,0,0,0,0,0,0,0,0,0,0
235841,79,bully,2077,1,0,0,85,0,1190,0,1,79,233764,2077,0,86,0,0,0,LEADER,1,0,0,85,0,0,0,0,0,0,0,0,0,0,0
235416,14,bully,1652,1,0,0,85,0,1190,0,1,14,233764,1652,0,86,0,0,0,LEADER,1,0,0,85,0,0,0,0,0,0,0,0,0,0,0
235843,36,bully,2080,1,0,0,85,0,1190,0,1,36,233763,2080,0,86,0,0,0,LEADER,1,0,0,85,0,0,0,0,0,0,0,0,0,0,0
235726,81,bully,1962,1,0,0,85,0,1190,0,1,81,233764,1962,0,86,0,0,0,LEADER,1,0,0,85,0,0,0,0,0,0,0,0,0,0,0
235386,67,bully,1622,1,0,0,85,0,1190,0,1,67,233764,1622,0,86,0,0,0,LEADER,1,0,0,85,0,0,0,0,0,0,0,0,0,0,0
236147,83,bully,2383,1,0,0,85,0,1190,0,1,83,233764,2383,0,86,0,0,0,LEADER,1,0,0,85,0,0,0,0,0,0,0,0,0,0,0
236292,99,bully,1607,1,0,0,86,0,1204,0,1,99,234685,1607,0,87,0,0,0,LEADER,1,0,0,86,0,0,0,0,0,0,0,0,0,0,0
235468,55,bully,1704,1,0,0,85,0,1190,0,1,55,233764,1704,0,86,0,0,0,LEADER,1,0,0,85,0,0,0,0,0,0,0,0,0,0,0
236259,89,bully,1574,1,0,0,86,0,1204,0,1,89,234685,1574,0,87,0,0,0,LEADER,1,0,0,86,0,0,0,0,0,0,0,0,0,0,0
235420,77,bully,1656,1,0,0,85,0,1190,0,1,77,233764,1656,0,86,0,0,0,LEADER,1,0,0,85,0,0,0,0,0,0,0,0,0,0,0
235692,71,bully,1928,1,0,0,85,0,1190,0,1,71,233764,1928,0,86,0,0,0,LEADER,1,0,0,85,0,0,0,0,0,0,0,0,0,0,0
235969,76,bully,2213,1,0,0,85,0,1190,0,1,76,233756,2213,0,86,0,0,0,LEADER,1,0,0,85,0,0,0,0,0,0,0,0,0,0,0
235606,52,bully,1840,1,0,0,85,0,1190,0,1,52,233766,1840,0,86,0,0,0,LEADER,1,0,0,85,0,0,0,0,0,0,0,0,0,0,0
235571,10,bully,1807,1,0,0,85,0,1190,0,1,10,233764,1807,0,86,0,0,0,LEADER,1,0,0,85,0,0,0,0,0,0,0,0,0,0,0
235504,22,bully,1740,1,0,0,85,0,1190,0,1,22,233764,1740,0,86,0,0,0,LEADER,1,0,0,85,0,0,0,0,0,0,0,0,0,0,0
235650,21,bully,1889,1,0,0,85,0,1190,0,1,21,233761,1889,0,86,0,0,0,LEADER,1,0,0,85,0,0,0,0,0,0,0,0,0,0,0
235910,56,bully,2146,1,0,0,85,0,1190,0,1,56,233764,2146,0,86,0,0,0,LEADER,1,0,0,85,0,0,0,0,0,0,0,0,0,0,0
235435,60,bully,1671,1,0,0,85,0,1190,0,1,60,233764,1671,0,86,0,0,0,LEADER,1,0,0,85,0,0,0,0,0,0,0,0,0,0,0
236289,25,bully,1604,1,0,0,86,0,1204,0,1,25,234685,1604,0,87,0,0,0,LEADER,1,0,0,86,0,0,0,0,0,0,0,0,0,0,0
235501,65,bully,1737,1,0,0,85,0,1190,0,1,65,233764,1737,0,86,0,0,0,LEADER,1,0,0,85,0,0,0,0,0,0,0,0,0,0,0
236177,19,bully,2413,1,0,0,85,0,1190,0,1,19,233764,2413,0,86,0,0,0,LEADER,1,0,0,85,0,0,0,0,0,0,0,0,0,0,0
235807,69,bully,2043,1,0,0,85,0,1190,0,1,69,233764,2043,0,86,0,0,0,LEADER,1,0,0,85,0,0,0,0,0,0,0,0,0,0,0
236410,54,bully,1725,1,0,0,86,0,1204,0,1,54,234685,1725,0,87,0,0,0,LEADER,1,0,0,86,0,0,0,0,0,0,0,0,0,0,0
235756,17,bully,1992,1,0,0,85,0,1190,0,1,17,233764,1992,0,86,0,0,0,LEADER,1,0,0,85,0,0,0,0,0,0,0,0,0,0,0
236271,100,bully,1586,1,0,0,86,0,1204,0,1,100,234685,1586,0,87,0,0,0,LEADER,1,0,0,86,0,0,0,0,0,0,0,0,0,0,0
236234,16,bully,1549,1,0,0,86,0,1204,0,1,16,234685,1549,0,87,0,0,0,LEADER,1,0,0,86,0,0,0,0,0,0,0,0,0,0,0
235822,37,bully,2058,1,0,0,85,0,1190,0,1,37,233764,2058,0,86,0,0,0,LEADER,1,0,0,85,0,0,0,0,0,0,0,0,0,0,0
236459,13,bully,1774,1,0,0,86,0,1204,0,1,13,234685,1774,0,87,0,0,0,LEADER,1,0,0,86,0,0,0,0,0,0,0,0,0,0,0
235619,20,bully,1855,1,0,0,85,0,1190,0,1,20,233764,1855,0,86,0,0,0,LEADER,1,0,0,85,0,0,0,0,0,0,0,0,0,0,0
236252,41,bully,1567,1,0,0,86,0,1204,0,1,41,234685,1567,0,87,0,0,0,LEADER,1,0,0,86,0,0,0,0,0,0,0,0,0,0,0
236241,47,bully,1556,1,0,0,86,0,1204,0,1,47,234685,1556,0,87,0,0,0,LEADER,1,0,0,86,0,0,0,0,0,0,0,0,0,0,0
236066,95,bully,2301,1,0,0,85,0,1190,0,1,95,233765,2301,0,86,0,0,0,LEADER,1,0,0,85,0,0,0,0,0,0,0,0,0,0,0
235929,98,bully,2165,1,0,0,85,0,1190,0,1,98,233764,2165,0,86,0,0,0,LEADER,1,0,0,85,0,0,0,0,0,0,0,0,0,0,0
236113,73,bully,2349,1,0,0,85,0,1190,0,1,73,233764,2349,0,86,0,0,0,LEADER,1,0,0,85,0,0,0,0,0,0,0,0,0,0,0
235659,61,bully,1895,1,0,0,85,0,1190,0,1,61,233764,1895,0,86,0,0,0,LEADER,1,0,0,85,0,0,0,0,0,0,0,0,0,0,0
236407,97,bully,1722,1,0,0,86,0,1204,0,1,97,234685,1722,0,87,0,0,0,LEADER,1,0,0,86,0,0,0,0,0,0,0,0,0,0,0
236437,33,bully,1752,1,0,0,86,0,1204,0,1,33,234685,1752,0,87,0,0,0,LEADER,1,0,0,86,0,0,0,0,0,0,0,0,0,0,0
236095,31,bully,2331,1,0,0,85,0,1190,0,1,31,233764,2331,0,86,0,0,0,LEADER,1,0,0,85,0,0,0,0,0,0,0,0,0,0,0
236607,40,bully,1922,1,0,0,86,0,1204,0,1,40,234685,1922,0,87,0,0,0,LEADER,1,0,0,86,0,0,0,0,0,0,0,0,0,0,0
236597,29,bully,1910,1,0,0,86,0,1204,0,1,29,234687,1910,0,87,0,0,0,LEADER,1,0,0,86,0,0,0,0,0,0,0,0,0,0,0
236423,96,bully,1744,1,0,0,86,0,1204,0,1,96,234679,1744,0,87,0,0,0,LEADER,1,0,0,86,0,0,0,0,0,0,0,0,0,0,0
236510,84,bully,1825,1,0,0,86,0,1204,0,1,84,234685,1825,0,87,0,0,0,LEADER,1,0,0,86,0,0,0,0,0,0,0,0,0,0,0
236206,80,bully,1519,1,0,0,86,0,1204,0,1,80,234687,1519,0,87,0,0,0,LEADER,1,0,0,86,0,0,0,0,0,0,0,0,0,0,0
236047,53,bully,2283,1,0,0,85,0,1190,0,1,53,233764,2283,0,86,0,0,0,LEADER,1,0,0,85,0,0,0,0,0,0,0,0,0,0,0
236123,92,bully,1438,1,0,0,86,0,1204,0,1,92,234685,1438,0,87,0,0,0,LEADER,1,0,0,86,0,0,0,0,0,0,0,0,0,0,0
236294,91,bully,1619,1,0,0,86,0,1204,0,1,91,234675,1619,0,87,0,0,0,LEADER,1,0,0,86,0,0,0,0,0,0,0,0,0,0,0
236559,62,bully,1874,1,0,0,86,0,1204,0,1,62,234685,1874,0,87,0,0,0,LEADER,1,0,0,86,0,0,0,0,0,0,0,0,0,0,0
236256,15,bully,1571,1,0,0,86,0,1204,0,1,15,234685,1571,0,87,0,0,0,LEADER,1,0,0,86,0,0,0,0,0,0,0,0,0,0,0
235925,26,bully,2161,1,0,0,85,0,1190,0,1,26,233764,2161,0,86,0,0,0,LEADER,1,0,0,85,0,0,0,0,0,0,0,0,0,0,0
236662,49,bully,1977,1,0,0,86,0,1204,0,1,49,234685,1977,0,87,0,0,0,LEADER,1,0,0,86,0,0,0,0,0,0,0,0,0,0,0
236477,58,bully,1792,1,0,0,86,0,1204,0,1,58,234685,1792,0,87,0,0,0,LEADER,1,0,0,86,0,0,0,0,0,0,0,0,0,0,0
236010,86,bully,2246,1,0,0,85,0,1190,0,1,86,233764,2246,0,86,0,0,0,LEADER,1,0,0,85,0,0,0,0,0,0,0,0,0,0,0
236183,50,bully,2419,1,0,0,85,0,1190,0,1,50,233764,2419,0,86,0,0,0,LEADER,1,0,0,85,0,0,0,0,0,0,0,0,0,0,0
236034,85,bully,2268,1,0,0,85,0,1190,0,1,85,233766,2268,0,86,0,0,0,LEADER,1,0,0,85,0,0,0,0,0,0,0,0,0,0,0
235972,87,bully,2212,1,0,0,85,0,1190,0,1,87,233760,2212,0,86,0,0,0,LEADER,1,0,0,85,0,0,0,0,0,0,0,0,0,0,0
236180,64,bully,2416,1,0,0,85,0,1190,0,1,64,233764,2416,0,86,0,0,0,LEADER,1,0,0,85,0,0,0,0,0,0,0,0,0,0,0
236029,11,bully,2264,1,0,0,85,0,1190,0,1,11,233765,2264,0,86,0,0,0,LEADER,1,0,0,85,0,0,0,0,0,0,0,0,0,0,0
236119,18,bully,1434,1,0,0,86,0,1204,0,1,18,234685,1434,0,87,0,0,0,LEADER,1,0,0,86,0,0,0,0,0,0,0,0,0,0,0
236238,90,bully,1553,1,0,0,86,0,1204,0,1,90,234685,1553,0,87,0,0,0,LEADER,1,0,0,86,0,0,0,0,0,0,0,0,0,0,0
236132,35,bully,1447,1,0,0,86,0,1204,0,1,35,234685,1447,0,87,0,0,0,LEADER,1,0,0,86,0,0,0,0,0,0,0,0,0,0,0
236013,43,bully,2249,1,0,0,85,0,1190,0,1,43,233764,2249,0,86,0,0,0,LEADER,1,0,0,85,0,0,0,0,0,0,0,0,0,0,0
236152,28,bully,1467,1,0,0,86,0,1204,0,1,28,234685,1467,0,87,0,0,0,LEADER,1,0,0,86,0,0,0,0,0,0,0,0,0,0,0
235990,44,bully,2228,1,0,0,85,0,1190,0,1,44,233762,2228,0,86,0,0,0,LEADER,1,0,0,85,0,0,0,0,0,0,0,0,0,0,0
236826,23,bully,2141,1,0,0,86,0,1204,0,1,23,234685,2141,0,87,0,0,0,LEADER,1,0,0,86,0,0,0,0,0,0,0,0,0,0,0
236146,30,bully,1461,1,0,0,86,0,1204,0,1,30,234685,1461,0,87,0,0,0,LEADER,1,0,0,86,0,0,0,0,0,0,0,0,0,0,0
236546,94,bully,1859,1,0,0,86,0,1204,0,1,94,234687,1859,0,87,0,0,0,LEADER,1,0,0,86,0,0,0,0,0,0,0,0,0,0,0
236186,38,bully,1501,1,0,0,86,0,1204,0,1,38,234685,1501,0,87,0,0,0,LEADER,1,0,0,86,0,0,0,0,0,0,0,0,0,0,0
236865,66,bully,2180,1,0,0,86,0,1204,0,1,66,234685,2180,0,87,0,0,0,LEADER,1,0,0,86,0,0,0,0,0,0,0,0,0,0,0
236171,70,bully,1486,1,0,0,86,0,1204,0,1,70,234685,1486,0,87,0,0,0,LEADER,1,0,0,86,0,0,0,0,0,0,0,0,0,0,0
236816,88,bully,2131,1,0,0,86,0,1204,0,1,88,234685,2131,0,87,0,0,0,LEADER,1,0,0,86,0,0,0,0,0,0,0,0,0,0,0
235999,75,bully,2235,1,0,0,85,0,1190,0,1,75,233764,2235,0,86,0,0,0,LEADER,1,0,0,85,0,0,0,0,0,0,0,0,0,0,0
236009,12,bully,2243,1,0,0,85,0,1190,0,1,12,233766,2243,0,86,0,0,0,LEADER,1,0,0,85,0,0,0,0,0,0,0,0,0,0,0
236710,27,bully,2025,1,0,0,86,0,1204,0,1,27,234685,2025,0,87,0,0,0,LEADER,1,0,0,86,0,0,0,0,0,0,0,0,0,0,0
236199,42,bully,1514,1,0,0,86,0,1204,0,1,42,234685,1514,0,87,0,0,0,LEADER,1,0,0,86,0,0,0,0,0,0,0,0,0,0,0
236846,24,bully,2161,1,0,0,86,0,1204,0,1,24,234685,2161,0,87,0,0,0,LEADER,1,0,0,86,0,0,0,0,0,0,0,0,0,0,0
236798,46,bully,2113,1,0,0,86,0,1204,0,1,46,234685,2113,0,87,0,0,0,LEADER,1,0,0,86,0,0,0,0,0,0,0,0,0,0,0
236695,59,bully,2010,1,0,0,86,0,1204,0,1,59,234685,2010,0,87,0,0,0,LEADER,1,0,0,86,0,0,0,0,0,0,0,0,0,0,0
236323,34,bully,1637,1,0,0,86,0,1204,0,1,34,234686,1637,0,87,0,0,0,LEADER,1,0,0,86,0,0,0,0,0,0,0,0,0,0,0
236977,32,bully,2292,1,0,0,86,0,1204,0,1,32,234685,2292,0,87,0,0,0,LEADER,1,0,0,86,0,0,0,0,0,0,0,0,0,0,0
236592,72,bully,1907,1,0,0,86,0,1204,0,1,72,234685,1907,0,87,0,0,0,LEADER,1,0,0,86,0,0,0,0,0,0,0,0,0,0,0
237004,63,bully,2316,1,0,0,86,0,1204,0,1,63,234688,2316,0,87,0,0,0,LEADER,1,0,0,86,0,0,0,0,0,0,0,0,0,0,0
236477,74,bully,1792,1,0,0,86,0,1204,0,1,74,234685,1792,0,87,0,0,0,LEADER,1,0,0,86,0,0,0,0,0,0,0,0,0,0,0
236219,48,bully,1534,1,0,0,86,0,1204,0,1,48,234685,1534,0,87,0,0,0,LEADER,1,0,0,86,0,0,0,0,0,0,0,0,0,0,0
236682,57,bully,1995,1,0,0,86,0,1204,0,1,57,234687,1995,0,87,0,0,0,LEADER,1,0,0,86,0,0,0,0,0,0,0,0,0,0,0
236750,68,bully,2065,1,0,0,86,0,1204,0,1,68,234685,2065,0,87,0,0,0,LEADER,1,0,0,86,0,0,0,0,0,0,0,0,0,0,0
236151,45,bully,1466,1,0,0,86,0,1204,0,1,45,234685,1466,0,87,0,0,0,LEADER,1,0,0,86,0,0,0,0,0,0,0,0,0,0,0
236508,93,bully,1823,1,0,0,86,0,1204,0,1,93,234685,1823,0,87,0,0,0,LEADER,1,0,0,86,0,0,0,0,0,0,0,0,0,0,0
237089,82,bully,2404,1,0,0,86,0,1204,0,1,82,234685,2404,0,87,0,0,0,LEADER,1,0,0,86,0,0,0,0,0,0,0,0,0,0,0
237083,51,bully,2398,1,0,0,86,0,1204,0,1,51,234685,2398,0,87,0,0,0,LEADER,1,0,0,86,0,0,0,0,0,0,0,0,0,0,0
236628,39,bully,1943,1,0,0,86,0,1204,0,1,39,234685,1943,0,87,0,0,0,LEADER,1,0,0,86,0,0,0,0,0,0,0,0,0,0,0
236374,78,bully,1689,1,0,0,86,0,1204,0,1,78,234685,1689,0,87,0,0,0,LEADER,1,0,0,86,0,0,0,0,0,0,0,0,0,0,0
236762,79,bully,2077,1,0,0,86,0,1204,0,1,79,234685,2077,0,87,0,0,0,LEADER,1,0,0,86,0,0,0,0,0,0,0,0,0,0,0
236337,14,bully,1652,1,0,0,86,0,1204,0,1,14,234685,1652,0,87,0,0,0,LEADER,1,0,0,86,0,0,0,0,0,0,0,0,0,0,0
236764,36,bully,2080,1,0,0,86,0,1204,0,1,36,234684,2080,0,87,0,0,0,LEADER,1,0,0,86,0,0,0,0,0,0,0,0,0,0,0
236647,81,bully,1962,1,0,0,86,0,1204,0,1,81,234685,1962,0,87,0,0,0,LEADER,1,0,0,86,0,0,0,0,0,0,0,0,0,0,0
236307,67,bully,1622,1,0,0,86,0,1204,0,1,67,234685,1622,0,87,0,0,0,LEADER,1,0,0,86,0,0,0,0,0,0,0,0,0,0,0
237068,83,bully,2383,1,0,0,86,0,1204,0,1,83,234685,2383,0,87,0,0,0,LEADER,1,0,0,86,0,0,0,0,0,0,0,0,0,0,0
237212,99,bully,1607,1,0,0,86,0,1204,0,1,99,235605,1607,0,87,0,0,0,LEADER,1,0,0,86,0,0,0,0,0,0,0,0,0,0,0
236389,55,bully,1704,1,0,0,86,0,1204,0,1,55,234685,1704,0,87,0,0,0,LEADER,1,0,0,86,0,0,0,0,0,0,0,0,0,0,0
237179,89,bully,1574,1,0,0,86,0,1204,0,1,89,235605,1574,0,87,0,0,0,LEADER,1,0,0,86,0,0,0,0,0,0,0,0,0,0,0
236341,77,bully,1656,1,0,0,86,0,1204,0,1,77,234685,1656,0,87,0,0,0,LEADER,1,0,0,86,0,0,0,0,0,0,0,0,0,0,0
236613,71,bully,1928,1,0,0,86,0,1204,0,1,71,234685,1928,0,87,0,0,0,LEADER,1,0,0,86,0,0,0,0,0,0,0,0,0,0,0
236890,76,bully,2213,1,0,0,86,0,1204,0,1,76,234677,2213,0,87,0,0,0,LEADER,1,0,0,86,0,0,0,0,0,0,0,0,0,0,0
236527,52,bully,1840,1,0,0,86,0,1204,0,1,52,234687,1840,0,87,0,0,0,LEADER,1,0,0,86,0,0,0,0,0,0,0,0,0,0,0
236492,10,bully,1807,1,0,0,86,0,1204,0,1,10,234685,1807,0,87,0,0,0,LEADER,1,0,0,86,0,0,0,0,0,0,0,0,0,0,0
236425,22,bully,1740,1,0,0,86,0,1204,0,1,22,234685,1740,0,87,0,0,0,LEADER,1,0,0,86,0,0,0,0,0,0,0,0,0,0,0
236571,21,bully,1889,1,0,0,86,0,1204,0,1,21,234682,1889,0,87,0,0,0,LEADER,1,0,0,86,0,0,0,0,0,0,0,0,0,0,0
236831,56,bully,2146,1,0,0,86,0,1204,0,1,56,234685,2146,0,87,0,0,0,LEADER,1,0,0,86,0,0,0,0,0,0,0,0,0,0,0
236356,60,bully,1671,1,0,0,86,0,1204,0,1,60,234685,1671,0,87,0,0,0,LEADER,1,0,0,86,0,0,0,0,0,0,0,0,0,0,0
237209,25,bully,1604,1,0,0,86,0,1204,0,1,25,235605,1604,0,87,0,0,0,LEADER,1,0,0,86,0,0,0,0,0,0,0,0,0,0,0
236422,65,bully,1737,1,0,0,86,0,1204,0,1,65,234685,1737,0,87,0,0,0,LEADER,1,0,0,86,0,0,0,0,0,0,0,0,0,0,0
237098,19,bully,2413,1,0,0,86,0,1204,0,1,19,234685,2413,0,87,0,0,0,LEADER,1,0,0,86,0,0,0,0,0,0,0,0,0,0,0
236728,69,bully,2043,1,0,0,86,0,1204,0,1,69,234685,2043,0,87,0,0,0,LEADER,1,0,0,86,0,0,0,0,0,0,0,0,0,0,0
237330,54,bully,1725,1,0,0,86,0,1204,0,1,54,235605,1725,0,87,0,0,0,LEADER,1,0,0,86,0,0,0,0,0,0,0,0,0,0,0
236677,17,bully,1992,1,0,0,86,0,1204,0,1,17,234685,1992,0,87,0,0,0,LEADER,1,0,0,86,0,0,0,0,0,0,0,0,0,0,0
237191,100,bully,1586,1,0,0,86,0,1204,0,1,100,235605,1586,0,87,0,0,0,LEADER,1,0,0,86,0,0,0,0,0,0,0,0,0,0,0
237154,16,bully,1549,1,0,0,86,0,1204,0,1,16,235605,1549,0,87,0,0,0,LEADER,1,0,0,86,0,0,0,0,0,0,0,0,0,0,0
236743,37,bully,2058,1,0,0,86,0,1204,0,1,37,234685,2058,0,87,0,0,0,LEADER,1,0,0,86,0,0,0,0,0,0,0,0,0,0,0
237379,13,bully,1774,1,0,0,86,0,1204,0,1,13,235605,1774,0,87,0,0,0,LEADER,1,0,0,86,0,0,0,0,0,0,0,0,0,0,0
236696,5,bully,2001,1,0,0,21,31,294,434,6,4,234695,2001,0,10,0,0,0,NORMAL,0,0,0,21,0,0,0,31,0,0,0,0,0,0,0
236540,20,bully,1855,1,0,0,86,0,1204,0,1,20,234685,1855,0,87,0,0,0,LEADER,1,0,0,86,0,0,0,0,0,0,0,0,0,0,0
237172,41,bully,1567,1,0,0,86,0,1204,0,1,41,235605,1567,0,87,0,0,0,LEADER,1,0,0,86,0,0,0,0,0,0,0,0,0,0,0
237161,47,bully,1556,1,0,0,86,0,1204,0,1,47,235605,1556,0,87,0,0,0,LEADER,1,0,0,86,0,0,0,0,0,0,0,0,0,0,0
236987,95,bully,2301,1,0,0,86,0,1204,0,1,95,234686,2301,0,87,0,0,0,LEADER,1,0,0,86,0,0,0,0,0,0,0,0,0,0,0
236850,98,bully,2165,1,0,0,86,0,1204,0,1,98,234685,2165,0,87,0,0,0,LEADER,1,0,0,86,0,0,0,0,0,0,0,0,0,0,0
237034,73,bully,2349,1,0,0,86,0,1204,0,1,73,234685,2349,0,87,0,0,0,LEADER,1,0,0,86,0,0,0,0,0,0,0,0,0,0,0
237357,33,bully,1752,1,0,0,86,0,1204,0,1,33,235605,1752,0,87,0,0,0,LEADER,1,0,0,86,0,0,0,0,0,0,0,0,0,0,0
237327,97,bully,1722,1,0,0,86,0,1204,0,1,97,235605,1722,0,87,0,0,0,LEADER,1,0,0,86,0,0,0,0,0,0,0,0,0,0,0
236580,61,bully,1895,1,0,0,86,0,1204,0,1,61,234685,1895,0,87,0,0,0,LEADER,1,0,0,86,0,0,0,0,0,0,0,0,0,0,0
237527,40,bully,1922,1,0,0,86,0,1204,0,1,40,235605,1922,0,87,0,0,0,LEADER,1,0,0,86,0,0,0,0,0,0,0,0,0,0,0
237016,31,bully,2331,1,0,0,86,0,1204,0,1,31,234685,2331,0,87,0,0,0,LEADER,1,0,0,86,0,0,0,0,0,0,0,0,0,0,0
237517,29,bully,1910,1,0,0,86,0,1204,0,1,29,235607,1910,0,87,0,0,0,LEADER,1,0,0,86,0,0,0,0,0,0,0,0,0,0,0
237343,96,bully,1744,1,0,0,86,0,1204,0,1,96,235599,1744,0,87,0,0,0,LEADER,1,0,0,86,0,0,0,0,0,0,0,0,0,0,0
237430,84,bully,1825,1,0,0,86,0,1204,0,1,84,235605,1825,0,87,0,0,0,LEADER,1,0,0,86,0,0,0,0,0,0,0,0,0,0,0
237126,80,bully,1519,1,0,0,86,0,1204,0,1,80,235607,1519,0,87,0,0,0,LEADER,1,0,0,86,0,0,0,0,0,0,0,0,0,0,0
236968,53,bully,2283,1,0,0,86,0,1204,0,1,53,234685,2283,0,87,0,0,0,LEADER,1,0,0,86,0,0,0,0,0,0,0,0,0,0,0
237043,92,bully,1438,1,0,0,86,0,1204,0,1,92,235605,1438,0,87,0,0,0,LEADER,1,0,0,86,0,0,0,0,0,0,0,0,0,0,0
237214,91,bully,1619,1,0,0,86,0,1204,0,1,91,235595,1619,0,87,0,0,0,LEADER,1,0,0,86,0,0,0,0,0,0,0,0,0,0,0
237479,62,bully,1874,1,0,0,86,0,1204,0,1,62,235605,1874,0,87,0,0,0,LEADER,1,0,0,86,0,0,0,0,0,0,0,0,0,0,0
237176,15,bully,1571,1,0,0,86,0,1204,0,1,15,235605,1571,0,87,0,0,0,LEADER,1,0,0,86,0,0,0,0,0,0,0,0,0,0,0
236846,26,bully,2161,1,0,0,86,0,1204,0,1,26,234685,2161,0,87,0,0,0,LEADER,1,0,0,86,0,0,0,0,0,0,0,0,0,0,0
237582,49,bully,1977,1,0,0,86,0,1204,0,1,49,235605,1977,0,87,0,0,0,LEADER,1,0,0,86,0,0,0,0,0,0,0,0,0,0,0
237397,58,bully,1792,1,0,0,86,0,1204,0,1,58,235605,1792,0,87,0,0,0,LEADER,1,0,0,86,0,0,0,0,0,0,0,0,0,0,0
236931,86,bully,2246,1,0,0,86,0,1204,0,1,86,234685,2246,0,87,0,0,0,LEADER,1,0,0,86,0,0,0,0,0,0,0,0,0,0,0
237104,50,bully,2419,1,0,0,86,0,1204,0,1,50,234685,2419,0,87,0,0,0,LEADER,1,0,0,86,0,0,0,0,0,0,0,0,0,0,0
236893,87,bully,2212,1,0,0,86,0,1204,0,1,87,234681,2212,0,87,0,0,0,LEADER,1,0,0,86,0,0,0,0,0,0,0,0,0,0,0
236955,85,bully,2268,1,0,0,86,0,1204,0,1,85,234687,2268,0,87,0,0,0,LEADER,1,0,0,86,0,0,0,0,0,0,0,0,0,0,0
237101,64,bully,2416,1,0,0,86,0,1204,0,1,64,234685,2416,0,87,0,0,0,LEADER,1,0,0,86,0,0,0,0,0,0,0,0,0,0,0
237039,18,bully,1434,1,0,0,86,0,1204,0,1,18,235605,1434,0,87,0,0,0,LEADER,1,0,0,86,0,0,0,0,0,0,0,0,0,0,0
236950,11,bully,2264,1,0,0,86,0,1204,0,1,11,234686,2264,0,87,0,0,0,LEADER,1,0,0,86,0,0,0,0,0,0,0,0,0,0,0
237158,90,bully,1553,1,0,0,86,0,1204,0,1,90,235605,1553,0,87,0,0,0,LEADER,1,0,0,86,0,0,0,0,0,0,0,0,0,0,0
237052,35,bully,1447,1,0,0,86,0,1204,0,1,35,235605,1447,0,87,0,0,0,LEADER,1,0,0,86,0,0,0,0,0,0,0,0,0,0,0
236934,43,bully,2249,1,0,0,86,0,1204,0,1,43,234685,2249,0,87,0,0,0,LEADER,1,0,0,86,0,0,0,0,0,0,0,0,0,0,0
237072,28,bully,1467,1,0,0,86,0,1204,0,1,28,235605,1467,0,87,0,0,0,LEADER,1,0,0,86,0,0,0,0,0,0,0,0,0,0,0
236911,44,bully,2228,1,0,0,86,0,1204,0,1,44,234683,2228,0,87,0,0,0,LEADER,1,0,0,86,0,0,0,0,0,0,0,0,0,0,0
237746,23,bully,2141,1,0,0,86,0,1204,0,1,23,235605,2141,0,87,0,0,0,LEADER,1,0,0,86,0,0,0,0,0,0,0,0,0,0,0
237066,30,bully,1461,1,0,0,86,0,1204,0,1,30,235605,1461,0,87,0,0,0,LEADER,1,0,0,86,0,0,0,0,0,0,0,0,0,0,0
237466,94,bully,1859,1,0,0,86,0,1204,0,1,94,235607,1859,0,87,0,0,0,LEADER,1,0,0,86,0,0,0,0,0,0,0,0,0,0,0
237106,38,bully,1501,1,0,0,86,0,1204,0,1,38,235605,1501,0,87,0,0,0,LEADER,1,0,0,86,0,0,0,0,0,0,0,0,0,0,0
237785,66,bully,2180,1,0,0,86,0,1204,0,1,66,235605,2180,0,87,0,0,0,LEADER,1,0,0,86,0,0,0,0,0,0,0,0,0,0,0
237091,70,bully,1486,1,0,0,86,0,1204,0,1,70,235605,1486,0,87,0,0,0,LEADER,1,0,0,86,0,0,0,0,0,0,0,0,0,0,0
237736,88,bully,2131,1,0,0,86,0,1204,0,1,88,235605,2131,0,87,0,0,0,LEADER,1,0,0,86,0,0,0,0,0,0,0,0,0,0,0
236920,75,bully,2235,1,0,0,86,0,1204,0,1,75,234685,2235,0,87,0,0,0,LEADER,1,0,0,86,0,0,0,0,0,0,0,0,0,0,0
236930,12,bully,2243,1,0,0,86,0,1204,0,1,12,234687,2243,0,87,0,0,0,LEADER,1,0,0,86,0,0,0,0,0,0,0,0,0,0,0
237630,27,bully,2025,1,0,0,86,0,1204,0,1,27,235605,2025,0,87,0,0,0,LEADER,1,0,0,86,0,0,0,0,0,0,0,0,0,0,0
237119,42,bully,1514,1,0,0,86,0,1204,0,1,42,235605,1514,0,87,0,0,0,LEADER,1,0,0,86,0,0,0,0,0,0,0,0,0,0,0
237766,24,bully,2161,1,0,0,86,0,1204,0,1,24,235605,2161,0,87,0,0,0,LEADER,1,0,0,86,0,0,0,0,0,0,0,0,0,0,0
237718,46,bully,2113,1,0,0,86,0,1204,0,1,46,235605,2113,0,87,0,0,0,LEADER,1,0,0,86,0,0,0,0,0,0,0,0,0,0,0
237615,59,bully,2010,1,0,0,86,0,1204,0,1,59,235605,2010,0,87,0,0,0,LEADER,1,0,0,86,0,0,0,0,0,0,0,0,0,0,0
237243,34,bully,1637,1,0,0,86,0,1204,0,1,34,235606,1637,0,87,0,0,0,LEADER,1,0,0,86,0,0,0,0,0,0,0,0,0,0,0
237897,32,bully,2292,1,0,0,86,0,1204,0,1,32,235605,2292,0,87,0,0,0,LEADER,1,0,0,86,0,0,0,0,0,0,0,0,0,0,0
237512,72,bully,1907,1,0,0,86,0,1204,0,1,72,235605,1907,0,87,0,0,0,LEADER,1,0,0,86,0,0,0,0,0,0,0,0,0,0,0
237924,63,bully,2316,1,0,0,86,0,1204,0,1,63,235608,2316,0,87,0,0,0,LEADER,1,0,0,86,0,0,0,0,0,0,0,0,0,0,0
237397,74,bully,1792,1,0,0,86,0,1204,0,1,74,235605,1792,0,87,0,0,0,LEADER,1,0,0,86,0,0,0,0,0,0,0,0,0,0,0
237139,48,bully,1534,1,0,0,86,0,1204,0,1,48,235605,1534,0,87,0,0,0,LEADER,1,0,0,86,0,0,0,0,0,0,0,0,0,0,0
237602,57,bully,1995,1,0,0,86,0,1204,0,1,57,235607,1995,0,87,0,0,0,LEADER,1,0,0,86,0,0,0,0,0,0,0,0,0,0,0
237670,68,bully,2065,1,0,0,86,0,1204,0,1,68,235605,2065,0,87,0,0,0,LEADER,1,0,0,86,0,0,0,0,0,0,0,0,0,0,0
237071,45,bully,1466,1,0,0,86,0,1204,0,1,45,235605,1466,0,87,0,0,0,LEADER,1,0,0,86,0,0,0,0,0,0,0,0,0,0,0
237428,93,bully,1823,1,0,0,86,0,1204,0,1,93,235605,1823,0,87,0,0,0,LEADER,1,0,0,86,0,0,0,0,0,0,0,0,0,0,0
238009,82,bully,2404,1,0,0,86,0,1204,0,1,82,235605,2404,0,87,0,0,0,LEADER,1,0,0,86,0,0,0,0,0,0,0,0,0,0,0
238003,51,bully,2398,1,0,0,86,0,1204,0,1,51,235605,2398,0,87,0,0,0,LEADER,1,0,0,86,0,0,0,0,0,0,0,0,0,0,0
237548,39,bully,1943,1,0,0,86,0,1204,0,1,39,235605,1943,0,87,0,0,0,LEADER,1,0,0,86,0,0,0,0,0,0,0,0,0,0,0
237294,78,bully,1689,1,0,0,86,0,1204,0,1,78,235605,1689,0,87,0,0,0,LEADER,1,0,0,86,0,0,0,0,0,0,0,0,0,0,0
237682,79,bully,2077,1,0,0,86,0,1204,0,1,79,235605,2077,0,87,0,0,0,LEADER,1,0,0,86,0,0,0,0,0,0,0,0,0,0,0
237257,14,bully,1652,1,0,0,86,0,1204,0,1,14,235605,1652,0,87,0,0,0,LEADER,1,0,0,86,0,0,0,0,0,0,0,0,0,0,0
237684,36,bully,2080,1,0,0,86,0,1204,0,1,36,235604,2080,0,87,0,0,0,LEADER,1,0,0,86,0,0,0,0,0,0,0,0,0,0,0
237567,81,bully,1962,1,0,0,86,0,1204,0,1,81,235605,1962,0,87,0,0,0,LEADER,1,0,0,86,0,0,0,0,0,0,0,0,0,0,0
237227,67,bully,1622,1,0,0,86,0,1204,0,1,67,235605,1622,0,87,0,0,0,LEADER,1,0,0,86,0,0,0,0,0,0,0,0,0,0,0
237988,83,bully,2383,1,0,0,86,0,1204,0,1,83,235605,2383,0,87,0,0,0,LEADER,1,0,0,86,0,0,0,0,0,0,0,0,0,0,0
238132,99,bully,1607,1,0,0,86,0,1204,0,1,99,236525,1607,0,87,0,0,0,LEADER,1,0,0,86,0,0,0,0,0,0,0,0,0,0,0
237309,55,bully,1704,1,0,0,86,0,1204,0,1,55,235605,1704,0,87,0,0,0,LEADER,1,0,0,86,0,0,0,0,0,0,0,0,0,0,0
238099,89,bully,1574,1,0,0,86,0,1204,0,1,89,236525,1574,0,87,0,0,0,LEADER,1,0,0,86,0,0,0,0,0,0,0,0,0,0,0
237261,77,bully,1656,1,0,0,86,0,1204,0,1,77,235605,1656,0,87,0,0,0,LEADER,1,0,0,86,0,0,0,0,0,0,0,0,0,0,0
237533,71,bully,1928,1,0,0,86,0,1204,0,1,71,235605,1928,0,87,0,0,0,LEADER,1,0,0,86,0,0,0,0,0,0,0,0,0,0,0
237810,76,bully,2213,1,0,0,86,0,1204,0,1,76,235597,2213,0,87,0,0,0,LEADER,1,0,0,86,0,0,0,0,0,0,0,0,0,0,0
237447,52,bully,1840,1,0,0,86,0,1204,0,1,52,235607,1840,0,87,0,0,0,LEADER,1,0,0,86,0,0,0,0,0,0,0,0,0,0,0
237412,10,bully,1807,1,0,0,86,0,1204,0,1,10,235605,1807,0,87,0,0,0,LEADER,1,0,0,86,0,0,0,0,0,0,0,0,0,0,0
237345,22,bully,1740,1,0,0,86,0,1204,0,1,22,235605,1740,0,87,0,0,0,LEADER,1,0,0,86,0,0,0,0,0,0,0,0,0,0,0
237491,21,bully,1889,1,0,0,86,0,1204,0,1,21,235602,1889,0,87,0,0,0,LEADER,1,0,0,86,0,0,0,0,0,0,0,0,0,0,0
237507,4,bully,2115,1,0,0,15,32,210,448,4,4,235392,2115,0,10,0,0,0,LEADER,1,0,0,15,0,0,0,32,0,0,0,0,0,0,0
237751,56,bully,2146,1,0,0,86,0,1204,0,1,56,235605,2146,0,87,0,0,0,LEADER,1,0,0,86,0,0,0,0,0,0,0,0,0,0,0
237276,60,bully,1671,1,0,0,86,0,1204,0,1,60,235605,1671,0,87,0,0,0,LEADER,1,0,0,86,0,0,0,0,0,0,0,0,0,0,0
238129,25,bully,1604,1,0,0,86,0,1204,0,1,25,236525,1604,0,87,0,0,0,LEADER,1,0,0,86,0,0,0,0,0,0,0,0,0,0,0
237342,65,bully,1737,1,0,0,86,0,1204,0,1,65,235605,1737,0,87,0,0,0,LEADER,1,0,0,86,0,0,0,0,0,0,0,0,0,0,0
238018,19,bully,2413,1,0,0,86,0,1204,0,1,19,235605,2413,0,87,0,0,0,LEADER,1,0,0,86,0,0,0,0,0,0,0,0,0,0,0
237648,69,bully,2043,1,0,0,86,0,1204,0,1,69,235605,2043,0,87,0,0,0,LEADER,1,0,0,86,0,0,0,0,0,0,0,0,0,0,0
238250,54,bully,1725,1,0,0,86,0,1204,0,1,54,236525,1725,0,87,0,0,0,LEADER,1,0,0,86,0,0,0,0,0,0,0,0,0,0,0
237597,17,bully,1992,1,0,0,86,0,1204,0,1,17,235605,1992,0,87,0,0,0,LEADER,1,0,0,86,0,0,0,0,0,0,0,0,0,0,0
238111,100,bully,1586,1,0,0,86,0,1204,0,1,100,236525,1586,0,87,0,0,0,LEADER,1,0,0,86,0,0,0,0,0,0,0,0,0,0,0
238074,16,bully,1549,1,0,0,86,0,1204,0,1,16,236525,1549,0,87,0,0,0,LEADER,1,0,0,86,0,0,0,0,0,0,0,0,0,0,0
237663,37,bully,2058,1,0,0,86,0,1204,0,1,37,235605,2058,0,87,0,0,0,LEADER,1,0,0,86,0,0,0,0,0,0,0,0,0,0,0
238299,13,bully,1774,1,0,0,86,0,1204,0,1,13,236525,1774,0,87,0,0,0,LEADER,1,0,0,86,0,0,0,0,0,0,0,0,0,0,0
237460,20,bully,1855,1,0,0,86,0,1204,0,1,20,235605,1855,0,87,0,0,0,LEADER,1,0,0,86,0,0,0,0,0,0,0,0,0,0,0
238092,41,bully,1567,1,0,0,86,0,1204,0,1,41,236525,1567,0,87,0,0,0,LEADER,1,0,0,86,0,0,0,0,0,0,0,0,0,0,0
238081,47,bully,1556,1,0,0,86,0,1204,0,1,47,236525,1556,0,87,0,0,0,LEADER,1,0,0,86,0,0,0,0,0,0,0,0,0,0,0
237907,95,bully,2301,1,0,0,86,0,1204,0,1,95,235606,2301,0,87,0,0,0,LEADER,1,0,0,86,0,0,0,0,0,0,0,0,0,0,0
237770,98,bully,2165,1,0,0,86,0,1204,0,1,98,235605,2165,0,87,0,0,0,LEADER,1,0,0,86,0,0,0,0,0,0,0,0,0,0,0
237954,73,bully,2349,1,0,0,86,0,1204,0,1,73,235605,2349,0,87,0,0,0,LEADER,1,0,0,86,0,0,0,0,0,0,0,0,0,0,0
238277,33,bully,1752,1,0,0,86,0,1204,0,1,33,236525,1752,0,87,0,0,0,LEADER,1,0,0,86,0,0,0,0,0,0,0,0,0,0,0
238247,97,bully,1722,1,0,0,86,0,1204,0,1,97,236525,1722,0,87,0,0,0,LEADER,1,0,0,86,0,0,0,0,0,0,0,0,0,0,0
237500,61,bully,1895,1,0,0,86,0,1204,0,1,61,235605,1895,0,87,0,0,0,LEADER,1,0,0,86,0,0,0,0,0,0,0,0,0,0,0
238447,40,bully,1922,1,0,0,86,0,1204,0,1,40,236525,1922,0,87,0,0,0,LEADER,1,0,0,86,0,0,0,0,0,0,0,0,0,0,0
237936,31,bully,2331,1,0,0,86,0,1204,0,1,31,235605,2331,0,87,0,0,0,LEADER,1,0,0,86,0,0,0,0,0,0,0,0,0,0,0
238437,29,bully,1910,1,0,0,86,0,1204,0,1,29,236527,1910,0,87,0,0,0,LEADER,1,0,0,86,0,0,0,0,0,0,0,0,0,0,0
238263,96,bully,1744,1,0,0,86,0,1204,0,1,96,236519,1744,0,87,0,0,0,LEADER,1,0,0,86,0,0,0,0,0,0,0,0,0,0,0
238350,84,bully,1825,1,0,0,86,0,1204,0,1,84,236525,1825,0,87,0,0,0,LEADER,1,0,0,86,0,0,0,0,0,0,0,0,0,0,0
238046,80,bully,1519,1,0,0,86,0,1204,0,1,80,236527,1519,0,87,0,0,0,LEADER,1,0,0,86,0,0,0,0,0,0,0,0,0,0,0
237888,53,bully,2283,1,0,0,86,0,1204,0,1,53,235605,2283,0,87,0,0,0,LEADER,1,0,0,86,0,0,0,0,0,0,0,0,0,0,0
237963,92,bully,1438,1,0,0,86,0,1204,0,1,92,236525,1438,0,87,0,0,0,LEADER,1,0,0,86,0,0,0,0,0,0,0,0,0,0,0
238134,91,bully,1619,1,0,0,86,0,1204,0,1,91,236515,1619,0,87,0,0,0,LEADER,1,0,0,86,0,0,0,0,0,0,0,0,0,0,0
238399,62,bully,1874,1,0,0,86,0,1204,0,1,62,236525,1874,0,87,0,0,0,LEADER,1,0,0,86,0,0,0,0,0,0,0,0,0,0,0
238096,15,bully,1571,1,0,0,86,0,1204,0,1,15,236525,1571,0,87,0,0,0,LEADER,1,0,0,86,0,0,0,0,0,0,0,0,0,0,0
237766,26,bully,2161,1,0,0,86,0,1204,0,1,26,235605,2161,0,87,0,0,0,LEADER,1,0,0,86,0,0,0,0,0,0,0,0,0,0,0
238502,49,bully,1977,1,0,0,86,0,1204,0,1,49,236525,1977,0,87,0,0,0,LEADER,1,0,0,86,0,0,0,0,0,0,0,0,0,0,0
238317,58,bully,1792,1,0,0,86,0,1204,0,1,58,236525,1792,0,87,0,0,0,LEADER,1,0,0,86,0,0,0,0,0,0,0,0,0,0,0
237851,86,bully,2246,1,0,0,86,0,1204,0,1,86,235605,2246,0,87,0,0,0,LEADER,1,0,0,86,0,0,0,0,0,0,0,0,0,0,0
238024,50,bully,2419,1,0,0,86,0,1204,0,1,50,235605,2419,0,87,0,0,0,LEADER,1,0,0,86,0,0,0,0,0,0,0,0,0,0,0
237813,87,bully,2212,1,0,0,86,0,1204,0,1,87,235601,2212,0,87,0,0,0,LEADER,1,0,0,86,0,0,0,0,0,0,0,0,0,0,0
237875,85,bully,2268,1,0,0,86,0,1204,0,1,85,235607,2268,0,87,0,0,0,LEADER,1,0,0,86,0,0,0,0,0,0,0,0,0,0,0
238021,64,bully,2416,1,0,0,86,0,1204,0,1,64,235605,2416,0,87,0,0,0,LEADER,1,0,0,86,0,0,0,0,0,0,0,0,0,0,0
237959,18,bully,1434,1,0,0,86,0,1204,0,1,18,236525,1434,0,87,0,0,0,LEADER,1,0,0,86,0,0,0,0,0,0,0,0,0,0,0
237870,11,bully,2264,1,0,0,86,0,1204,0,1,11,235606,2264,0,87,0,0,0,LEADER,1,0,0,86,0,0,0,0,0,0,0,0,0,0,0
238078,90,bully,1553,1,0,0,86,0,1204,0,1,90,236525,1553,0,87,0,0,0,LEADER,1,0,0,86,0,0,0,0,0,0,0,0,0,0,0
237972,35,bully,1447,1,0,0,86,0,1204,0,1,35,236525,1447,0,87,0,0,0,LEADER,1,0,0,86,0,0,0,0,0,0,0,0,0,0,0
237854,43,bully,2249,1,0,0,86,0,1204,0,1,43,235605,2249,0,87,0,0,0,LEADER,1,0,0,86,0,0,0,0,0,0,0,0,0,0,0
237992,28,bully,1467,1,0,0,86,0,1204,0,1,28,236525,1467,0,87,0,0,0,LEADER,1,0,0,86,0,0,0,0,0,0,0,0,0,0,0
237831,44,bully,2228,1,0,0,86,0,1204,0,1,44,235603,2228,0,87,0,0,0,LEADER,1,0,0,86,0,0,0,0,0,0,0,0,0,0,0
238666,23,bully,2141,1,0,0,86,0,1204,0,1,23,236525,2141,0,87,0,0,0,LEADER,1,0,0,86,0,0,0,0,0,0,0,0,0,0,0
237986,30,bully,1461,1,0,0,86,0,1204,0,1,30,236525,1461,0,87,0,0,0,LEADER,1,0,0,86,0,0,0,0,0,0,0,0,0,0,0
238386,94,bully,1859,1,0,0,86,0,1204,0,1,94,236527,1859,0,87,0,0,0,LEADER,1,0,0,86,0,0,0,0,0,0,0,0,0,0,0
238026,38,bully,1501,1,0,0,86,0,1204,0,1,38,236525,1501,0,87,0,0,0,LEADER,1,0,0,86,0,0,0,0,0,0,0,0,0,0,0
238705,66,bully,2180,1,0,0,86,0,1204,0,1,66,236525,2180,0,87,0,0,0,LEADER,1,0,0,86,0,0,0,0,0,0,0,0,0,0,0
238011,70,bully,1486,1,0,0,86,0,1204,0,1,70,236525,1486,0,87,0,0,0,LEADER,1,0,0,86,0,0,0,0,0,0,0,0,0,0,0
238656,88,bully,2131,1,0,0,86,0,1204,0,1,88,236525,2131,0,87,0,0,0,LEADER,1,0,0,86,0,0,0,0,0,0,0,0,0,0,0
237840,75,bully,2235,1,0,0,86,0,1204,0,1,75,235605,2235,0,87,0,0,0,LEADER,1,0,0,86,0,0,0,0,0,0,0,0,0,0,0
237850,12,bully,2243,1,0,0,86,0,1204,0,1,12,235607,2243,0,87,0,0,0,LEADER,1,0,0,86,0,0,0,0,0,0,0,0,0,0,0
238550,27,bully,2025,1,0,0,86,0,1204,0,1,27,236525,2025,0,87,0,0,0,LEADER,1,0,0,86,0,0,0,0,0,0,0,0,0,0,0
238039,42,bully,1514,1,0,0,86,0,1204,0,1,42,236525,1514,0,87,0,0,0,LEADER,1,0,0,86,0,0,0,0,0,0,0,0,0,0,0
238686,24,bully,2161,1,0,0,86,0,1204,0,1,24,236525,2161,0,87,0,0,0,LEADER,1,0,0,86,0,0,0,0,0,0,0,0,0,0,0
238638,46,bully,2113,1,0,0,86,0,1204,0,1,46,236525,2113,0,87,0,0,0,LEADER,1,0,0,86,0,0,0,0,0,0,0,0,0,0,0
238535,59,bully,2010,1,0,0,86,0,1204,0,1,59,236525,2010,0,87,0,0,0,LEADER,1,0,0,86,0,0,0,0,0,0,0,0,0,0,0
238817,32,bully,2292,1,0,0,86,0,1204,0,1,32,236525,2292,0,87,0,0,0,LEADER,1,0,0,86,0,0,0,0,0,0,0,0,0,0,0
238163,34,bully,1637,1,0,0,86,0,1204,0,1,34,236526,1637,0,87,0,0,0,LEADER,1,0,0,86,0,0,0,0,0,0,0,0,0,0,0
238432,72,bully,1907,1,0,0,86,0,1204,0,1,72,236525,1907,0,87,0,0,0,LEADER,1,0,0,86,0,0,0,0,0,0,0,0,0,0,0
238844,63,bully,2316,1,0,0,86,0,1204,0,1,63,236528,2316,0,87,0,0,0,LEADER,1,0,0,86,0,0,0,0,0,0,0,0,0,0,0
238341,9,bully,2514,1,0,0,13,21,182,294,5,4,235827,2514,0,7,0,0,0,NORMAL,0,0,0,13,0,0,0,21,0,0,0,0,0,0,0
238317,74,bully,1792,1,0,0,86,0,1204,0,1,74,236525,1792,0,87,0,0,0,LEADER,1,0,0,86,0,0,0,0,0,0,0,0,0,0,0
238059,48,bully,1534,1,0,0,86,0,1204,0,1,48,236525,1534,0,87,0,0,0,LEADER,1,0,0,86,0,0,0,0,0,0,0,0,0,0,0
238522,57,bully,1995,1,0,0,86,0,1204,0,1,57,236527,1995,0,87,0,0,0,LEADER,1,0,0,86,0,0,0,0,0,0,0,0,0,0,0
238590,68,bully,2065,1,0,0,86,0,1204,0,1,68,236525,2065,0,87,0,0,0,LEADER,1,0,0,86,0,0,0,0,0,0,0,0,0,0,0
237991,45,bully,1466,1,0,0,86,0,1204,0,1,45,236525,1466,0,87,0,0,0,LEADER,1,0,0,86,0,0,0,0,0,0,0,0,0,0,0
238348,93,bully,1823,1,0,0,86,0,1204,0,1,93,236525,1823,0,87,0,0,0,LEADER,1,0,0,86,0,0,0,0,0,0,0,0,0,0,0
238929,82,bully,2404,1,0,0,86,0,1204,0,1,82,236525,2404,0,87,0,0,0,LEADER,1,0,0,86,0,0,0,0,0,0,0,0,0,0,0
238923,51,bully,2398,1,0,0,86,0,1204,0,1,51,236525,2398,0,87,0,0,0,LEADER,1,0,0,86,0,0,0,0,0,0,0,0,0,0,0
238468,39,bully,1943,1,0,0,86,0,1204,0,1,39,236525,1943,0,87,0,0,0,LEADER,1,0,0,86,0,0,0,0,0,0,0,0,0,0,0
238214,78,bully,1689,1,0,0,86,0,1204,0,1,78,236525,1689,0,87,0,0,0,LEADER,1,0,0,86,0,0,0,0,0,0,0,0,0,0,0
238602,79,bully,2077,1,0,0,86,0,1204,0,1,79,236525,2077,0,87,0,0,0,LEADER,1,0,0,86,0,0,0,0,0,0,0,0,0,0,0
238177,14,bully,1652,1,0,0,86,0,1204,0,1,14,236525,1652,0,87,0,0,0,LEADER,1,0,0,86,0,0,0,0,0,0,0,0,0,0,0
238604,36,bully,2080,1,0,0,86,0,1204,0,1,36,236524,2080,0,87,0,0,0,LEADER,1,0,0,86,0,0,0,0,0,0,0,0,0,0,0
238487,81,bully,1962,1,0,0,86,0,1204,0,1,81,236525,1962,0,87,0,0,0,LEADER,1,0,0,86,0,0,0,0,0,0,0,0,0,0,0
238147,67,bully,1622,1,0,0,86,0,1204,0,1,67,236525,1622,0,87,0,0,0,LEADER,1,0,0,86,0,0,0,0,0,0,0,0,0,0,0
238908,83,bully,2383,1,0,0,86,0,1204,0,1,83,236525,2383,0,87,0,0,0,LEADER,1,0,0,86,0,0,0,0,0,0,0,0,0,0,0
239053,99,bully,1607,1,0,0,87,0,1218,0,1,99,237446,1607,0,88,0,0,0,LEADER,1,0,0,87,0,0,0,0,0,0,0,0,0,0,0
238229,55,bully,1704,1,0,0,86,0,1204,0,1,55,236525,1704,0,87,0,0,0,LEADER,1,0,0,86,0,0,0,0,0,0,0,0,0,0,0
239020,89,bully,1574,1,0,0,87,0,1218,0,1,89,237446,1574,0,88,0,0,0,LEADER,1,0,0,87,0,0,0,0,0,0,0,0,0,0,0
238181,77,bully,1656,1,0,0,86,0,1204,0,1,77,236525,1656,0,87,0,0,0,LEADER,1,0,0,86,0,0,0,0,0,0,0,0,0,0,0
238453,71,bully,1928,1,0,0,86,0,1204,0,1,71,236525,1928,0,87,0,0,0,LEADER,1,0,0,86,0,0,0,0,0,0,0,0,0,0,0
238730,76,bully,2213,1,0,0,86,0,1204,0,1,76,236517,2213,0,87,0,0,0,LEADER,1,0,0,86,0,0,0,0,0,0,0,0,0,0,0
238367,52,bully,1840,1,0,0,86,0,1204,0,1,52,236527,1840,0,87,0,0,0,LEADER,1,0,0,86,0,0,0,0,0,0,0,0,0,0,0
238332,10,bully,1807,1,0,0,86,0,1204,0,1,10,236525,1807,0,87,0,0,0,LEADER,1,0,0,86,0,0,0,0,0,0,0,0,0,0,0
238265,22,bully,1740,1,0,0,86,0,1204,0,1,22,236525,1740,0,87,0,0,0,LEADER,1,0,0,86,0,0,0,0,0,0,0,0,0,0,0
238411,21,bully,1889,1,0,0,86,0,1204,0,1,21,236522,1889,0,87,0,0,0,LEADER,1,0,0,86,0,0,0,0,0,0,0,0,0,0,0
238671,56,bully,2146,1,0,0,86,0,1204,0,1,56,236525,2146,0,87,0,0,0,LEADER,1,0,0,86,0,0,0,0,0,0,0,0,0,0,0
238196,60,bully,1671,1,0,0,86,0,1204,0,1,60,236525,1671,0,87,0,0,0,LEADER,1,0,0,86,0,0,0,0,0,0,0,0,0,0,0
239050,25,bully,1604,1,0,0,87,0,1218,0,1,25,237446,1604,0,88,0,0,0,LEADER,1,0,0,87,0,0,0,0,0,0,0,0,0,0,0
238262,65,bully,1737,1,0,0,86,0,1204,0,1,65,236525,1737,0,87,0,0,0,LEADER,1,0,0,86,0,0,0,0,0,0,0,0,0,0,0
238938,19,bully,2413,1,0,0,86,0,1204,0,1,19,236525,2413,0,87,0,0,0,LEADER,1,0,0,86,0,0,0,0,0,0,0,0,0,0,0
238568,69,bully,2043,1,0,0,86,0,1204,0,1,69,236525,2043,0,87,0,0,0,LEADER,1,0,0,86,0,0,0,0,0,0,0,0,0,0,0
239171,54,bully,1725,1,0,0,87,0,1218,0,1,54,237446,1725,0,88,0,0,0,LEADER,1,0,0,87,0,0,0,0,0,0,0,0,0,0,0
238517,17,bully,1992,1,0,0,86,0,1204,0,1,17,236525,1992,0,87,0,0,0,LEADER,1,0,0,86,0,0,0,0,0,0,0,0,0,0,0
239032,100,bully,1586,1,0,0,87,0,1218,0,1,100,237446,1586,0,88,0,0,0,LEADER,1,0,0,87,0,0,0,0,0,0,0,0,0,0,0
238995,16,bully,1549,1,0,0,87,0,1218,0,1,16,237446,1549,0,88,0,0,0,LEADER,1,0,0,87,0,0,0,0,0,0,0,0,0,0,0
238583,37,bully,2058,1,0,0,86,0,1204,0,1,37,236525,2058,0,87,0,0,0,LEADER,1,0,0,86,0,0,0,0,0,0,0,0,0,0,0
239220,13,bully,1774,1,0,0,87,0,1218,0,1,13,237446,1774,0,88,0,0,0,LEADER,1,0,0,87,0,0,0,0,0,0,0,0,0,0,0
238380,20,bully,1855,1,0,0,86,0,1204,0,1,20,236525,1855,0,87,0,0,0,LEADER,1,0,0,86,0,0,0,0,0,0,0,0,0,0,0
239013,41,bully,1567,1,0,0,87,0,1218,0,1,41,237446,1567,0,88,0,0,0,LEADER,1,0,0,87,0,0,0,0,0,0,0,0,0,0,0
239002,47,bully,1556,1,0,0,87,0,1218,0,1,47,237446,1556,0,88,0,0,0,LEADER,1,0,0,87,0,0,0,0,0,0,0,0,0,0,0
238827,95,bully,2301,1,0,0,86,0,1204,0,1,95,236526,2301,0,87,0,0,0,LEADER,1,0,0,86,0,0,0,0,0,0,0,0,0,0,0
238690,98,bully,2165,1,0,0,86,0,1204,0,1,98,236525,2165,0,87,0,0,0,LEADER,1,0,0,86,0,0,0,0,0,0,0,0,0,0,0
238874,73,bully,2349,1,0,0,86,0,1204,0,1,73,236525,2349,0,87,0,0,0,LEADER,1,0,0,86,0,0,0,0,0,0,0,0,0,0,0
238420,61,bully,1895,1,0,0,86,0,1204,0,1,61,236525,1895,0,87,0,0,0,LEADER,1,0,0,86,0,0,0,0,0,0,0,0,0,0,0
239168,97,bully,1722,1,0,0,87,0,1218,0,1,97,237446,1722,0,88,0,0,0,LEADER,1,0,0,87,0,0,0,0,0,0,0,0,0,0,0
239198,33,bully,1752,1,0,0,87,0,1218,0,1,33,237446,1752,0,88,0,0,0,LEADER,1,0,0,87,0,0,0,0,0,0,0,0,0,0,0
238856,31,bully,2331,1,0,0,86,0,1204,0,1,31,236525,2331,0,87,0,0,0,LEADER,1,0,0,86,0,0,0,0,0,0,0,0,0,0,0
239368,40,bully,1922,1,0,0,87,0,1218,0,1,40,237446,1922,0,88,0,0,0,LEADER,1,0,0,87,0,0,0,0,0,0,0,0,0,0,0
239358,29,bully,1910,1,0,0,87,0,1218,0,1,29,237448,1910,0,88,0,0,0,LEADER,1,0,0,87,0,0,0,0,0,0,0,0,0,0,0
239184,96,bully,1744,1,0,0,87,0,1218,0,1,96,237440,1744,0,88,0,0,0,LEADER,1,0,0,87,0,0,0,0,0,0,0,0,0,0,0
239271,84,bully,1825,1,0,0,87,0,1218,0,1,84,237446,1825,0,88,0,0,0,LEADER,1,0,0,87,0,0,0,0,0,0,0,0,0,0,0
238967,80,bully,1519,1,0,0,87,0,1218,0,1,80,237448,1519,0,88,0,0,0,LEADER,1,0,0,87,0,0,0,0,0,0,0,0,0,0,0
238808,53,bully,2283,1,0,0,86,0,1204,0,1,53,236525,2283,0,87,0,0,0,LEADER,1,0,0,86,0,0,0,0,0,0,0,0,0,0,0
238884,92,bully,1438,1,0,0,87,0,1218,0,1,92,237446,1438,0,88,0,0,0,LEADER,1,0,0,87,0,0,0,0,0,0,0,0,0,0,0
239054,91,bully,1619,1,0,0,87,0,1218,0,1,91,237435,1619,0,88,0,0,0,LEADER,1,0,0,87,0,0,0,0,0,0,0,0,0,0,0
239320,62,bully,1874,1,0,0,87,0,1218,0,1,62,237446,1874,0,88,0,0,0,LEADER,1,0,0,87,0,0,0,0,0,0,0,0,0,0,0
239017,15,bully,1571,1,0,0,87,0,1218,0,1,15,237446,1571,0,88,0,0,0,LEADER,1,0,0,87,0,0,0,0,0,0,0,0,0,0,0
238686,26,bully,2161,1,0,0,86,0,1204,0,1,26,236525,2161,0,87,0,0,0,LEADER,1,0,0,86,0,0,0,0,0,0,0,0,0,0,0
239423,49,bully,1977,1,0,0,87,0,1218,0,1,49,237446,1977,0,88,0,0,0,LEADER,1,0,0,87,0,0,0,0,0,0,0,0,0,0,0
239238,58,bully,1792,1,0,0,87,0,1218,0,1,58,237446,1792,0,88,0,0,0,LEADER,1,0,0,87,0,0,0,0,0,0,0,0,0,0,0
238771,86,bully,2246,1,0,0,86,0,1204,0,1,86,236525,2246,0,87,0,0,0,LEADER,1,0,0,86,0,0,0,0,0,0,0,0,0,0,0
238944,50,bully,2419,1,0,0,86,0,1204,0,1,50,236525,2419,0,87,0,0,0,LEADER,1,0,0,86,0,0,0,0,0,0,0,0,0,0,0
238795,85,bully,2268,1,0,0,86,0,1204,0,1,85,236527,2268,0,87,0,0,0,LEADER,1,0,0,86,0,0,0,0,0,0,0,0,0,0,0
238733,87,bully,2212,1,0,0,86,0,1204,0,1,87,236521,2212,0,87,0,0,0,LEADER,1,0,0,86,0,0,0,0,0,0,0,0,0,0,0
238941,64,bully,2416,1,0,0,86,0,1204,0,1,64,236525,2416,0,87,0,0,0,LEADER,1,0,0,86,0,0,0,0,0,0,0,0,0,0,0
238790,11,bully,2264,1,0,0,86,0,1204,0,1,11,236526,2264,0,87,0,0,0,LEADER,1,0,0,86,0,0,0,0,0,0,0,0,0,0,0
238880,18,bully,1434,1,0,0,87,0,1218,0,1,18,237446,1434,0,88,0,0,0,LEADER,1,0,0,87,0,0,0,0,0,0,0,0,0,0,0
238999,90,bully,1553,1,0,0,87,0,1218,0,1,90,237446,1553,0,88,0,0,0,LEADER,1,0,0,87,0,0,0,0,0,0,0,0,0,0,0
238893,35,bully,1447,1,0,0,87,0,1218,0,1,35,237446,1447,0,88,0,0,0,LEADER,1,0,0,87,0,0,0,0,0,0,0,0,0,0,0
238774,43,bully,2249,1,0,0,86,0,1204,0,1,43,236525,2249,0,87,0,0,0,LEADER,1,0,0,86,0,0,0,0,0,0,0,0,0,0,0
238913,28,bully,1467,1,0,0,87,0,1218,0,1,28,237446,1467,0,88,0,0,0,LEADER,1,0,0,87,0,0,0,0,0,0,0,0,0,0,0
238751,44,bully,2228,1,0,0,86,0,1204,0,1,44,236523,2228,0,87,0,0,0,LEADER,1,0,0,86,0,0,0,0,0,0,0,0,0,0,0
239587,23,bully,2141,1,0,0,87,0,1218,0,1,23,237446,2141,0,88,0,0,0,LEADER,1,0,0,87,0,0,0,0,0,0,0,0,0,0,0
238907,30,bully,1461,1,0,0,87,0,1218,0,1,30,237446,1461,0,88,0,0,0,LEADER,1,0,0,87,0,0,0,0,0,0,0,0,0,0,0
239307,94,bully,1859,1,0,0,87,0,1218,0,1,94,237448,1859,0,88,0,0,0,LEADER,1,0,0,87,0,0,0,0,0,0,0,0,0,0,0
238947,38,bully,1501,1,0,0,87,0,1218,0,1,38,237446,1501,0,88,0,0,0,LEADER,1,0,0,87,0,0,0,0,0,0,0,0,0,0,0
239626,66,bully,2180,1,0,0,87,0,1218,0,1,66,237446,2180,0,88,0,0,0,LEADER,1,0,0,87,0,0,0,0,0,0,0,0,0,0,0
238932,70,bully,1486,1,0,0,87,0,1218,0,1,70,237446,1486,0,88,0,0,0,LEADER,1,0,0,87,0,0,0,0,0,0,0,0,0,0,0
239577,88,bully,2131,1,0,0,87,0,1218,0,1,88,237446,2131,0,88,0,0,0,LEADER,1,0,0,87,0,0,0,0,0,0,0,0,0,0,0
238760,75,bully,2235,1,0,0,86,0,1204,0,1,75,236525,2235,0,87,0,0,0,LEADER,1,0,0,86,0,0,0,0,0,0,0,0,0,0,0
238770,12,bully,2243,1,0,0,86,0,1204,0,1,12,236527,2243,0,87,0,0,0,LEADER,1,0,0,86,0,0,0,0,0,0,0,0,0,0,0
239471,27,bully,2025,1,0,0,87,0,1218,0,1,27,237446,2025,0,88,0,0,0,LEADER,1,0,0,87,0,0,0,0,0,0,0,0,0,0,0
238960,42,bully,1514,1,0,0,87,0,1218,0,1,42,237446,1514,0,88,0,0,0,LEADER,1,0,0,87,0,0,0,0,0,0,0,0,0,0,0
239607,24,bully,2161,1,0,0,87,0,1218,0,1,24,237446,2161,0,88,0,0,0,LEADER,1,0,0,87,0,0,0,0,0,0,0,0,0,0,0
239559,46,bully,2113,1,0,0,87,0,1218,0,1,46,237446,2113,0,88,0,0,0,LEADER,1,0,0,87,0,0,0,0,0,0,0,0,0,0,0
239456,59,bully,2010,1,0,0,87,0,1218,0,1,59,237446,2010,0,88,0,0,0,LEADER,1,0,0,87,0,0,0,0,0,0,0,0,0,0,0
239084,34,bully,1637,1,0,0,87,0,1218,0,1,34,237447,1637,0,88,0,0,0,LEADER,1,0,0,87,0,0,0,0,0,0,0,0,0,0,0
239738,32,bully,2292,1,0,0,87,0,1218,0,1,32,237446,2292,0,88,0,0,0,LEADER,1,0,0,87,0,0,0,0,0,0,0,0,0,0,0
239353,72,bully,1907,1,0,0,87,0,1218,0,1,72,237446,1907,0,88,0,0,0,LEADER,1,0,0,87,0,0,0,0,0,0,0,0,0,0,0
239349,6,bully,1516,1,0,0,16,43,224,602,4,4,237833,1516,0,8,0,0,0,NORMAL,0,0,0,16,0,0,0,43,0,0,0,0,0,0,0
239765,63,bully,2316,1,0,0,87,0,1218,0,1,63,237449,2316,0,88,0,0,0,LEADER,1,0,0,87,0,0,0,0,0,0,0,0,0,0,0
239238,74,bully,1792,1,0,0,87,0,1218,0,1,74,237446,1792,0,88,0,0,0,LEADER,1,0,0,87,0,0,0,0,0,0,0,0,0,0,0
239296,8,bully,2467,1,0,0,22,35,308,490,5,4,236829,2467,0,9,0,0,0,NORMAL,0,0,0,22,0,0,0,35,0,0,0,0,0,0,0
238980,48,bully,1534,1,0,0,87,0,1218,0,1,48,237446,1534,0,88,0,0,0,LEADER,1,0,0,87,0,0,0,0,0,0,0,0,0,0,0
239443,57,bully,1995,1,0,0,87,0,1218,0,1,57,237448,1995,0,88,0,0,0,LEADER,1,0,0,87,0,0,0,0,0,0,0,0,0,0,0
239511,68,bully,2065,1,0,0,87,0,1218,0,1,68,237446,2065,0,88,0,0,0,LEADER,1,0,0,87,0,0,0,0,0,0,0,0,0,0,0
238912,45,bully,1466,1,0,0,87,0,1218,0,1,45,237446,1466,0,88,0,0,0,LEADER,1,0,0,87,0,0,0,0,0,0,0,0,0,0,0
239269,93,bully,1823,1,0,0,87,0,1218,0,1,93,237446,1823,0,88,0,0,0,LEADER,1,0,0,87,0,0,0,0,0,0,0,0,0,0,0
239850,82,bully,2404,1,0,0,87,0,1218,0,1,82,237446,2404,0,88,0,0,0,LEADER,1,0,0,87,0,0,0,0,0,0,0,0,0,0,0
239844,51,bully,2398,1,0,0,87,0,1218,0,1,51,237446,2398,0,88,0,0,0,LEADER,1,0,0,87,0,0,0,0,0,0,0,0,0,0,0
239389,39,bully,1943,1,0,0,87,0,1218,0,1,39,237446,1943,0,88,0,0,0,LEADER,1,0,0,87,0,0,0,0,0,0,0,0,0,0,0
239135,78,bully,1689,1,0,0,87,0,1218,0,1,78,237446,1689,0,88,0,0,0,LEADER,1,0,0,87,0,0,0,0,0,0,0,0,0,0,0
239523,79,bully,2077,1,0,0,87,0,1218,0,1,79,237446,2077,0,88,0,0,0,LEADER,1,0,0,87,0,0,0,0,0,0,0,0,0,0,0
239098,14,bully,1652,1,0,0,87,0,1218,0,1,14,237446,1652,0,88,0,0,0,LEADER,1,0,0,87,0,0,0,0,0,0,0,0,0,0,0
239525,36,bully,2080,1,0,0,87,0,1218,0,1,36,237445,2080,0,88,0,0,0,LEADER,1,0,0,87,0,0,0,0,0,0,0,0,0,0,0
239408,81,bully,1962,1,0,0,87,0,1218,0,1,81,237446,1962,0,88,0,0,0,LEADER,1,0,0,87,0,0,0,0,0,0,0,0,0,0,0
239068,67,bully,1622,1,0,0,87,0,1218,0,1,67,237446,1622,0,88,0,0,0,LEADER,1,0,0,87,0,0,0,0,0,0,0,0,0,0,0
239829,83,bully,2383,1,0,0,87,0,1218,0,1,83,237446,2383,0,88,0,0,0,LEADER,1,0,0,87,0,0,0,0,0,0,0,0,0,0,0
239973,99,bully,1607,1,0,0,87,0,1218,0,1,99,238366,1607,0,88,0,0,0,LEADER,1,0,0,87,0,0,0,0,0,0,0,0,0,0,0
239150,55,bully,1704,1,0,0,87,0,1218,0,1,55,237446,1704,0,88,0,0,0,LEADER,1,0,0,87,0,0,0,0,0,0,0,0,0,0,0
239940,89,bully,1574,1,0,0,87,0,1218,0,1,89,238366,1574,0,88,0,0,0,LEADER,1,0,0,87,0,0,0,0,0,0,0,0,0,0,0
239102,77,bully,1656,1,0,0,87,0,1218,0,1,77,237446,1656,0,88,0,0,0,LEADER,1,0,0,87,0,0,0,0,0,0,0,0,0,0,0
239374,71,bully,1928,1,0,0,87,0,1218,0,1,71,237446,1928,0,88,0,0,0,LEADER,1,0,0,87,0,0,0,0,0,0,0,0,0,0,0
239651,76,bully,2213,1,0,0,87,0,1218,0,1,76,237438,2213,0,88,0,0,0,LEADER,1,0,0,87,0,0,0,0,0,0,0,0,0,0,0
239288,52,bully,1840,1,0,0,87,0,1218,0,1,52,237448,1840,0,88,0,0,0,LEADER,1,0,0,87,0,0,0,0,0,0,0,0,0,0,0
239253,10,bully,1807,1,0,0,87,0,1218,0,1,10,237446,1807,0,88,0,0,0,LEADER,1,0,0,87,0,0,0,0,0,0,0,0,0,0,0
239186,22,bully,1740,1,0,0,87,0,1218,0,1,22,237446,1740,0,88,0,0,0,LEADER,1,0,0,87,0,0,0,0,0,0,0,0,0,0,0
239332,21,bully,1889,1,0,0,87,0,1218,0,1,21,237443,1889,0,88,0,0,0,LEADER,1,0,0,87,0,0,0,0,0,0,0,0,0,0,0
239592,56,bully,2146,1,0,0,87,0,1218,0,1,56,237446,2146,0,88,0,0,0,LEADER,1,0,0,87,0,0,0,0,0,0,0,0,0,0,0
239117,60,bully,1671,1,0,0,87,0,1218,0,1,60,237446,1671,0,88,0,0,0,LEADER,1,0,0,87,0,0,0,0,0,0,0,0,0,0,0
239970,25,bully,1604,1,0,0,87,0,1218,0,1,25,238366,1604,0,88,0,0,0,LEADER,1,0,0,87,0,0,0,0,0,0,0,0,0,0,0
239183,65,bully,1737,1,0,0,87,0,1218,0,1,65,237446,1737,0,88,0,0,0,LEADER,1,0,0,87,0,0,0,0,0,0,0,0,0,0,0
239859,19,bully,2413,1,0,0,87,0,1218,0,1,19,237446,2413,0,88,0,0,0,LEADER,1,0,0,87,0,0,0,0,0,0,0,0,0,0,0
239489,69,bully,2043,1,0,0,87,0,1218,0,1,69,237446,2043,0,88,0,0,0,LEADER,1,0,0,87,0,0,0,0,0,0,0,0,0,0,0
240091,54,bully,1725,1,0,0,87,0,1218,0,1,54,238366,1725,0,88,0,0,0,LEADER,1,0,0,87,0,0,0,0,0,0,0,0,0,0,0
239438,17,bully,1992,1,0,0,87,0,1218,0,1,17,237446,1992,0,88,0,0,0,LEADER,1,0,0,87,0,0,0,0,0,0,0,0,0,0,0
239952,100,bully,1586,1,0,0,87,0,1218,0,1,100,238366,1586,0,88,0,0,0,LEADER,1,0,0,87,0,0,0,0,0,0,0,0,0,0,0
239915,16,bully,1549,1,0,0,87,0,1218,0,1,16,238366,1549,0,88,0,0,0,LEADER,1,0,0,87,0,0,0,0,0,0,0,0,0,0,0
239504,37,bully,2058,1,0,0,87,0,1218,0,1,37,237446,2058,0,88,0,0,0,LEADER,1,0,0,87,0,0,0,0,0,0,0,0,0,0,0
240140,13,bully,1774,1,0,0,87,0,1218,0,1,13,238366,1774,0,88,0,0,0,LEADER,1,0,0,87,0,0,0,0,0,0,0,0,0,0,0
239301,20,bully,1855,1,0,0,87,0,1218,0,1,20,237446,1855,0,88,0,0,0,LEADER,1,0,0,87,0,0,0,0,0,0,0,0,0,0,0
239933,41,bully,1567,1,0,0,87,0,1218,0,1,41,238366,1567,0,88,0,0,0,LEADER,1,0,0,87,0,0,0,0,0,0,0,0,0,0,0
239922,47,bully,1556,1,0,0,87,0,1218,0,1,47,238366,1556,0,88,0,0,0,LEADER,1,0,0,87,0,0,0,0,0,0,0,0,0,0,0
239748,95,bully,2301,1,0,0,87,0,1218,0,1,95,237447,2301,0,88,0,0,0,LEADER,1,0,0,87,0,0,0,0,0,0,0,0,0,0,0
239611,98,bully,2165,1,0,0,87,0,1218,0,1,98,237446,2165,0,88,0,0,0,LEADER,1,0,0,87,0,0,0,0,0,0,0,0,0,0,0
239795,73,bully,2349,1,0,0,87,0,1218,0,1,73,237446,2349,0,88,0,0,0,LEADER,1,0,0,87,0,0,0,0,0,0,0,0,0,0,0
239341,61,bully,1895,1,0,0,87,0,1218,0,1,61,237446,1895,0,88,0,0,0,LEADER,1,0,0,87,0,0,0,0,0,0,0,0,0,0,0
240118,33,bully,1752,1,0,0,87,0,1218,0,1,33,238366,1752,0,88,0,0,0,LEADER,1,0,0,87,0,0,0,0,0,0,0,0,0,0,0
240088,97,bully,1722,1,0,0,87,0,1218,0,1,97,238366,1722,0,88,0,0,0,LEADER,1,0,0,87,0,0,0,0,0,0,0,0,0,0,0
239777,31,bully,2331,1,0,0,87,0,1218,0,1,31,237446,2331,0,88,0,0,0,LEADER,1,0,0,87,0,0,0,0,0,0,0,0,0,0,0
240288,40,bully,1922,1,0,0,87,0,1218,0,1,40,238366,1922,0,88,0,0,0,LEADER,1,0,0,87,0,0,0,0,0,0,0,0,0,0,0
240278,29,bully,1910,1,0,0,87,0,1218,0,1,29,238368,1910,0,88,0,0,0,LEADER,1,0,0,87,0,0,0,0,0,0,0,0,0,0,0
240104,96,bully,1744,1,0,0,87,0,1218,0,1,96,238360,1744,0,88,0,0,0,LEADER,1,0,0,87,0,0,0,0,0,0,0,0,0,0,0
240191,84,bully,1825,1,0,0,87,0,1218,0,1,84,238366,1825,0,88,0,0,0,LEADER,1,0,0,87,0,0,0,0,0,0,0,0,0,0,0
239887,80,bully,1519,1,0,0,87,0,1218,0,1,80,238368,1519,0,88,0,0,0,LEADER,1,0,0,87,0,0,0,0,0,0,0,0,0,0,0
239729,53,bully,2283,1,0,0,87,0,1218,0,1,53,237446,2283,0,88,0,0,0,LEADER,1,0,0,87,0,0,0,0,0,0,0,0,0,0,0
239804,92,bully,1438,1,0,0,87,0,1218,0,1,92,238366,1438,0,88,0,0,0,LEADER,1,0,0,87,0,0,0,0,0,0,0,0,0,0,0
239974,91,bully,1619,1,0,0,87,0,1218,0,1,91,238355,1619,0,88,0,0,0,LEADER,1,0,0,87,0,0,0,0,0,0,0,0,0,0,0
240240,62,bully,1874,1,0,0,87,0,1218,0,1,62,238366,1874,0,88,0,0,0,LEADER,1,0,0,87,0,0,0,0,0,0,0,0,0,0,0
239937,15,bully,1571,1,0,0,87,0,1218,0,1,15,238366,1571,0,88,0,0,0,LEADER,1,0,0,87,0,0,0,0,0,0,0,0,0,0,0
239607,26,bully,2161,1,0,0,87,0,1218,0,1,26,237446,2161,0,88,0,0,0,LEADER,1,0,0,87,0,0,0,0,0,0,0,0,0,0,0
240343,49,bully,1977,1,0,0,87,0,1218,0,1,49,238366,1977,0,88,0,0,0,LEADER,1,0,0,87,0,0,0,0,0,0,0,0,0,0,0
240158,58,bully,1792,1,0,0,87,0,1218,0,1,58,238366,1792,0,88,0,0,0,LEADER,1,0,0,87,0,0,0,0,0,0,0,0,0,0,0
239692,86,bully,2246,1,0,0,87,0,1218,0,1,86,237446,2246,0,88,0,0,0,LEADER,1,0,0,87,0,0,0,0,0,0,0,0,0,0,0
239865,50,bully,2419,1,0,0,87,0,1218,0,1,50,237446,2419,0,88,0,0,0,LEADER,1,0,0,87,0,0,0,0,0,0,0,0,0,0,0
239653,87,bully,2212,1,0,0,87,0,1218,0,1,87,237441,2212,0,88,0,0,0,LEADER,1,0,0,87,0,0,0,0,0,0,0,0,0,0,0
239715,85,bully,2268,1,0,0,87,0,1218,0,1,85,237447,2268,0,88,0,0,0,LEADER,1,0,0,87,0,0,0,0,0,0,0,0,0,0,0
239862,64,bully,2416,1,0,0,87,0,1218,0,1,64,237446,2416,0,88,0,0,0,LEADER,1,0,0,87,0,0,0,0,0,0,0,0,0,0,0
239800,18,bully,1434,1,0,0,87,0,1218,0,1,18,238366,1434,0,88,0,0,0,LEADER,1,0,0,87,0,0,0,0,0,0,0,0,0,0,0
239711,11,bully,2264,1,0,0,87,0,1218,0,1,11,237447,2264,0,88,0,0,0,LEADER,1,0,0,87,0,0,0,0,0,0,0,0,0,0,0
239919,90,bully,1553,1,0,0,87,0,1218,0,1,90,238366,1553,0,88,0,0,0,LEADER,1,0,0,87,0,0,0,0,0,0,0,0,0,0,0
239813,35,bully,1447,1,0,0,87,0,1218,0,1,35,238366,1447,0,88,0,0,0,LEADER,1,0,0,87,0,0,0,0,0,0,0,0,0,0,0
239695,43,bully,2249,1,0,0,87,0,1218,0,1,43,237446,2249,0,88,0,0,0,LEADER,1,0,0,87,0,0,0,0,0,0,0,0,0,0,0
239833,28,bully,1467,1,0,0,87,0,1218,0,1,28,238366,1467,0,88,0,0,0,LEADER,1,0,0,87,0,0,0,0,0,0,0,0,0,0,0
239672,44,bully,2228,1,0,0,87,0,1218,0,1,44,237444,2228,0,88,0,0,0,LEADER,1,0,0,87,0,0,0,0,0,0,0,0,0,0,0
240507,23,bully,2141,1,0,0,87,0,1218,0,1,23,238366,2141,0,88,0,0,0,LEADER,1,0,0,87,0,0,0,0,0,0,0,0,0,0,0
239827,30,bully,1461,1,0,0,87,0,1218,0,1,30,238366,1461,0,88,0,0,0,LEADER,1,0,0,87,0,0,0,0,0,0,0,0,0,0,0
240227,94,bully,1859,1,0,0,87,0,1218,0,1,94,238368,1859,0,88,0,0,0,LEADER,1,0,0,87,0,0,0,0,0,0,0,0,0,0,0
239867,38,bully,1501,1,0,0,87,0,1218,0,1,38,238366,1501,0,88,0,0,0,LEADER,1,0,0,87,0,0,0,0,0,0,0,0,0,0,0
240546,66,bully,2180,1,0,0,87,0,1218,0,1,66,238366,2180,0,88,0,0,0,LEADER,1,0,0,87,0,0,0,0,0,0,0,0,0,0,0
239852,70,bully,1486,1,0,0,87,0,1218,0,1,70,238366,1486,0,88,0,0,0,LEADER,1,0,0,87,0,0,0,0,0,0,0,0,0,0,0
240497,88,bully,2131,1,0,0,87,0,1218,0,1,88,238366,2131,0,88,0,0,0,LEADER,1,0,0,87,0,0,0,0,0,0,0,0,0,0,0
239681,75,bully,2235,1,0,0,87,0,1218,0,1,75,237446,2235,0,88,0,0,0,LEADER,1,0,0,87,0,0,0,0,0,0,0,0,0,0,0
239691,12,bully,2243,1,0,0,87,0,1218,0,1,12,237448,2243,0,88,0,0,0,LEADER,1,0,0,87,0,0,0,0,0,0,0,0,0,0,0
240391,27,bully,2025,1,0,0,87,0,1218,0,1,27,238366,2025,0,88,0,0,0,LEADER,1,0,0,87,0,0,0,0,0,0,0,0,0,0,0
239880,42,bully,1514,1,0,0,87,0,1218,0,1,42,238366,1514,0,88,0,0,0,LEADER,1,0,0,87,0,0,0,0,0,0,0,0,0,0,0
240527,24,bully,2161,1,0,0,87,0,1218,0,1,24,238366,2161,0,88,0,0,0,LEADER,1,0,0,87,0,0,0,0,0,0,0,0,0,0,0
240479,46,bully,2113,1,0,0,87,0,1218,0,1,46,238366,2113,0,88,0,0,0,LEADER,1,0,0,87,0,0,0,0,0,0,0,0,0,0,0
240376,59,bully,2010,1,0,0,87,0,1218,0,1,59,238366,2010,0,88,0,0,0,LEADER,1,0,0,87,0,0,0,0,0,0,0,0,0,0,0
240658,32,bully,2292,1,0,0,87,0,1218,0,1,32,238366,2292,0,88,0,0,0,LEADER,1,0,0,87,0,0,0,0,0,0,0,0,0,0,0
240004,34,bully,1637,1,0,0,87,0,1218,0,1,34,238367,1637,0,88,0,0,0,LEADER,1,0,0,87,0,0,0,0,0,0,0,0,0,0,0
240273,72,bully,1907,1,0,0,87,0,1218,0,1,72,238366,1907,0,88,0,0,0,LEADER,1,0,0,87,0,0,0,0,0,0,0,0,0,0,0
240685,63,bully,2316,1,0,0,87,0,1218,0,1,63,238369,2316,0,88,0,0,0,LEADER,1,0,0,87,0,0,0,0,0,0,0,0,0,0,0
240158,74,bully,1792,1,0,0,87,0,1218,0,1,74,238366,1792,0,88,0,0,0,LEADER,1,0,0,87,0,0,0,0,0,0,0,0,0,0,0
239900,48,bully,1534,1,0,0,87,0,1218,0,1,48,238366,1534,0,88,0,0,0,LEADER,1,0,0,87,0,0,0,0,0,0,0,0,0,0,0
240363,57,bully,1995,1,0,0,87,0,1218,0,1,57,238368,1995,0,88,0,0,0,LEADER,1,0,0,87,0,0,0,0,0,0,0,0,0,0,0
240431,68,bully,2065,1,0,0,87,0,1218,0,1,68,238366,2065,0,88,0,0,0,LEADER,1,0,0,87,0,0,0,0,0,0,0,0,0,0,0
239832,45,bully,1466,1,0,0,87,0,1218,0,1,45,238366,1466,0,88,0,0,0,LEADER,1,0,0,87,0,0,0,0,0,0,0,0,0,0,0
240189,93,bully,1823,1,0,0,87,0,1218,0,1,93,238366,1823,0,88,0,0,0,LEADER,1,0,0,87,0,0,0,0,0,0,0,0,0,0,0
240770,82,bully,2404,1,0,0,87,0,1218,0,1,82,238366,2404,0,88,0,0,0,LEADER,1,0,0,87,0,0,0,0,0,0,0,0,0,0,0
240764,51,bully,2398,1,0,0,87,0,1218,0,1,51,238366,2398,0,88,0,0,0,LEADER,1,0,0,87,0,0,0,0,0,0,0,0,0,0,0
240309,39,bully,1943,1,0,0,87,0,1218,0,1,39,238366,1943,0,88,0,0,0,LEADER,1,0,0,87,0,0,0,0,0,0,0,0,0,0,0
240055,78,bully,1689,1,0,0,87,0,1218,0,1,78,238366,1689,0,88,0,0,0,LEADER,1,0,0,87,0,0,0,0,0,0,0,0,0,0,0
240443,79,bully,2077,1,0,0,87,0,1218,0,1,79,238366,2077,0,88,0,0,0,LEADER,1,0,0,87,0,0,0,0,0,0,0,0,0,0,0
240018,14,bully,1652,1,0,0,87,0,1218,0,1,14,238366,1652,0,88,0,0,0,LEADER,1,0,0,87,0,0,0,0,0,0,0,0,0,0,0
240445,36,bully,2080,1,0,0,87,0,1218,0,1,36,238365,2080,0,88,0,0,0,LEADER,1,0,0,87,0,0,0,0,0,0,0,0,0,0,0
240328,81,bully,1962,1,0,0,87,0,1218,0,1,81,238366,1962,0,88,0,0,0,LEADER,1,0,0,87,0,0,0,0,0,0,0,0,0,0,0
239988,67,bully,1622,1,0,0,87,0,1218,0,1,67,238366,1622,0,88,0,0,0,LEADER,1,0,0,87,0,0,0,0,0,0,0,0,0,0,0
240749,83,bully,2383,1,0,0,87,0,1218,0,1,83,238366,2383,0,88,0,0,0,LEADER,1,0,0,87,0,0,0,0,0,0,0,0,0,0,0
240893,99,bully,1607,1,0,0,87,0,1218,0,1,99,239286,1607,0,88,0,0,0,LEADER,1,0,0,87,0,0,0,0,0,0,0,0,0,0,0
240070,55,bully,1704,1,0,0,87,0,1218,0,1,55,238366,1704,0,88,0,0,0,LEADER,1,0,0,87,0,0,0,0,0,0,0,0,0,0,0
240860,89,bully,1574,1,0,0,87,0,1218,0,1,89,239286,1574,0,88,0,0,0,LEADER,1,0,0,87,0,0,0,0,0,0,0,0,0,0,0
240022,77,bully,1656,1,0,0,87,0,1218,0,1,77,238366,1656,0,88,0,0,0,LEADER,1,0,0,87,0,0,0,0,0,0,0,0,0,0,0
240294,71,bully,1928,1,0,0,87,0,1218,0,1,71,238366,1928,0,88,0,0,0,LEADER,1,0,0,87,0,0,0,0,0,0,0,0,0,0,0
240571,76,bully,2213,1,0,0,87,0,1218,0,1,76,238358,2213,0,88,0,0,0,LEADER,1,0,0,87,0,0,0,0,0,0,0,0,0,0,0
240208,52,bully,1840,1,0,0,87,0,1218,0,1,52,238368,1840,0,88,0,0,0,LEADER,1,0,0,87,0,0,0,0,0,0,0,0,0,0,0
240173,10,bully,1807,1,0,0,87,0,1218,0,1,10,238366,1807,0,88,0,0,0,LEADER,1,0,0,87,0,0,0,0,0,0,0,0,0,0,0
240106,22,bully,1740,1,0,0,87,0,1218,0,1,22,238366,1740,0,88,0,0,0,LEADER,1,0,0,87,0,0,0,0,0,0,0,0,0,0,0
240252,21,bully,1889,1,0,0,87,0,1218,0,1,21,238363,1889,0,88,0,0,0,LEADER,1,0,0,87,0,0,0,0,0,0,0,0,0,0,0
240512,56,bully,2146,1,0,0,87,0,1218,0,1,56,238366,2146,0,88,0,0,0,LEADER,1,0,0,87,0,0,0,0,0,0,0,0,0,0,0
240037,60,bully,1671,1,0,0,87,0,1218,0,1,60,238366,1671,0,88,0,0,0,LEADER,1,0,0,87,0,0,0,0,0,0,0,0,0,0,0
240890,25,bully,1604,1,0,0,87,0,1218,0,1,25,239286,1604,0,88,0,0,0,LEADER,1,0,0,87,0,0,0,0,0,0,0,0,0,0,0
240103,65,bully,1737,1,0,0,87,0,1218,0,1,65,238366,1737,0,88,0,0,0,LEADER,1,0,0,87,0,0,0,0,0,0,0,0,0,0,0
240779,19,bully,2413,1,0,0,87,0,1218,0,1,19,238366,2413,0,88,0,0,0,LEADER,1,0,0,87,0,0,0,0,0,0,0,0,0,0,0
240409,69,bully,2043,1,0,0,87,0,1218,0,1,69,238366,2043,0,88,0,0,0,LEADER,1,0,0,87,0,0,0,0,0,0,0,0,0,0,0
241011,54,bully,1725,1,0,0,87,0,1218,0,1,54,239286,1725,0,88,0,0,0,LEADER,1,0,0,87,0,0,0,0,0,0,0,0,0,0,0
240358,17,bully,1992,1,0,0,87,0,1218,0,1,17,238366,1992,0,88,0,0,0,LEADER,1,0,0,87,0,0,0,0,0,0,0,0,0,0,0
240872,100,bully,1586,1,0,0,87,0,1218,0,1,100,239286,1586,0,88,0,0,0,LEADER,1,0,0,87,0,0,0,0,0,0,0,0,0,0,0
240835,16,bully,1549,1,0,0,87,0,1218,0,1,16,239286,1549,0,88,0,0,0,LEADER,1,0,0,87,0,0,0,0,0,0,0,0,0,0,0
240424,37,bully,2058,1,0,0,87,0,1218,0,1,37,238366,2058,0,88,0,0,0,LEADER,1,0,0,87,0,0,0,0,0,0,0,0,0,0,0
241060,13,bully,1774,1,0,0,87,0,1218,0,1,13,239286,1774,0,88,0,0,0,LEADER,1,0,0,87,0,0,0,0,0,0,0,0,0,0,0
240221,20,bully,1855,1,0,0,87,0,1218,0,1,20,238366,1855,0,88,0,0,0,LEADER,1,0,0,87,0,0,0,0,0,0,0,0,0,0,0
240853,41,bully,1567,1,0,0,87,0,1218,0,1,41,239286,1567,0,88,0,0,0,LEADER,1,0,0,87,0,0,0,0,0,0,0,0,0,0,0
240842,47,bully,1556,1,0,0,87,0,1218,0,1,47,239286,1556,0,88,0,0,0,LEADER,1,0,0,87,0,0,0,0,0,0,0,0,0,0,0
240668,95,bully,2301,1,0,0,87,0,1218,0,1,95,238367,2301,0,88,0,0,0,LEADER,1,0,0,87,0,0,0,0,0,0,0,0,0,0,0
240531,98,bully,2165,1,0,0,87,0,1218,0,1,98,238366,2165,0,88,0,0,0,LEADER,1,0,0,87,0,0,0,0,0,0,0,0,0,0,0
240715,73,bully,2349,1,0,0,87,0,1218,0,1,73,238366,2349,0,88,0,0,0,LEADER,1,0,0,87,0,0,0,0,0,0,0,0,0,0,0
241038,33,bully,1752,1,0,0,87,0,1218,0,1,33,239286,1752,0,88,0,0,0,LEADER,1,0,0,87,0,0,0,0,0,0,0,0,0,0,0
241008,97,bully,1722,1,0,0,87,0,1218,0,1,97,239286,1722,0,88,0,0,0,LEADER,1,0,0,87,0,0,0,0,0,0,0,0,0,0,0
240261,61,bully,1895,1,0,0,87,0,1218,0,1,61,238366,1895,0,88,0,0,0,LEADER,1,0,0,87,0,0,0,0,0,0,0,0,0,0,0
241208,40,bully,1922,1,0,0,87,0,1218,0,1,40,239286,1922,0,88,0,0,0,LEADER,1,0,0,87,0,0,0,0,0,0,0,0,0,0,0
240697,31,bully,2331,1,0,0,87,0,1218,0,1,31,238366,2331,0,88,0,0,0,LEADER,1,0,0,87,0,0,0,0,0,0,0,0,0,0,0
241198,29,bully,1910,1,0,0,87,0,1218,0,1,29,239288,1910,0,88,0,0,0,LEADER,1,0,0,87,0,0,0,0,0,0,0,0,0,0,0
241024,96,bully,1744,1,0,0,87,0,1218,0,1,96,239280,1744,0,88,0,0,0,LEADER,1,0,0,87,0,0,0,0,0,0,0,0,0,0,0
241111,84,bully,1825,1,0,0,87,0,1218,0,1,84,239286,1825,0,88,0,0,0,LEADER,1,0,0,87,0,0,0,0,0,0,0,0,0,0,0
240807,80,bully,1519,1,0,0,87,0,1218,0,1,80,239288,1519,0,88,0,0,0,LEADER,1,0,0,87,0,0,0,0,0,0,0,0,0,0,0
240649,53,bully,2283,1,0,0,87,0,1218,0,1,53,238366,2283,0,88,0,0,0,LEADER,1,0,0,87,0,0,0,0,0,0,0,0,0,0,0
240724,92,bully,1438,1,0,0,87,0,1218,0,1,92,239286,1438,0,88,0,0,0,LEADER,1,0,0,87,0,0,0,0,0,0,0,0,0,0,0
240894,91,bully,1619,1,0,0,87,0,1218,0,1,91,239275,1619,0,88,0,0,0,LEADER,1,0,0,87,0,0,0,0,0,0,0,0,0,0,0
241160,62,bully,1874,1,0,0,87,0,1218,0,1,62,239286,1874,0,88,0,0,0,LEADER,1,0,0,87,0,0,0,0,0,0,0,0,0,0,0
240857,15,bully,1571,1,0,0,87,0,1218,0,1,15,239286,1571,0,88,0,0,0,LEADER,1,0,0,87,0,0,0,0,0,0,0,0,0,0,0
240527,26,bully,2161,1,0,0,87,0,1218,0,1,26,238366,2161,0,88,0,0,0,LEADER,1,0,0,87,0,0,0,0,0,0,0,0,0,0,0
241263,49,bully,1977,1,0,0,87,0,1218,0,1,49,239286,1977,0,88,0,0,0,LEADER,1,0,0,87,0,0,0,0,0,0,0,0,0,0,0
241078,58,bully,1792,1,0,0,87,0,1218,0,1,58,239286,1792,0,88,0,0,0,LEADER,1,0,0,87,0,0,0,0,0,0,0,0,0,0,0
240612,86,bully,2246,1,0,0,87,0,1218,0,1,86,238366,2246,0,88,0,0,0,LEADER,1,0,0,87,0,0,0,0,0,0,0,0,0,0,0
240785,50,bully,2419,1,0,0,87,0,1218,0,1,50,238366,2419,0,88,0,0,0,LEADER,1,0,0,87,0,0,0,0,0,0,0,0,0,0,0
240635,85,bully,2268,1,0,0,87,0,1218,0,1,85,238367,2268,0,88,0,0,0,LEADER,1,0,0,87,0,0,0,0,0,0,0,0,0,0,0
240573,87,bully,2212,1,0,0,87,0,1218,0,1,87,238361,2212,0,88,0,0,0,LEADER,1,0,0,87,0,0,0,0,0,0,0,0,0,0,0
240782,64,bully,2416,1,0,0,87,0,1218,0,1,64,238366,2416,0,88,0,0,0,LEADER,1,0,0,87,0,0,0,0,0,0,0,0,0,0,0
240720,18,bully,1434,1,0,0,87,0,1218,0,1,18,239286,1434,0,88,0,0,0,LEADER,1,0,0,87,0,0,0,0,0,0,0,0,0,0,0
240631,11,bully,2264,1,0,0,87,0,1218,0,1,11,238367,2264,0,88,0,0,0,LEADER,1,0,0,87,0,0,0,0,0,0,0,0,0,0,0
240839,90,bully,1553,1,0,0,87,0,1218,0,1,90,239286,1553,0,88,0,0,0,LEADER,1,0,0,87,0,0,0,0,0,0,0,0,0,0,0
240733,35,bully,1447,1,0,0,87,0,1218,0,1,35,239286,1447,0,88,0,0,0,LEADER,1,0,0,87,0,0,0,0,0,0,0,0,0,0,0
240615,43,bully,2249,1,0,0,87,0,1218,0,1,43,238366,2249,0,88,0,0,0,LEADER,1,0,0,87,0,0,0,0,0,0,0,0,0,0,0
240753,28,bully,1467,1,0,0,87,0,1218,0,1,28,239286,1467,0,88,0,0,0,LEADER,1,0,0,87,0,0,0,0,0,0,0,0,0,0,0
240592,44,bully,2228,1,0,0,87,0,1218,0,1,44,238364,2228,0,88,0,0,0,LEADER,1,0,0,87,0,0,0,0,0,0,0,0,0,0,0
241427,23,bully,2141,1,0,0,87,0,1218,0,1,23,239286,2141,0,88,0,0,0,LEADER,1,0,0,87,0,0,0,0,0,0,0,0,0,0,0
240747,30,bully,1461,1,0,0,87,0,1218,0,1,30,239286,1461,0,88,0,0,0,LEADER,1,0,0,87,0,0,0,0,0,0,0,0,0,0,0
241147,94,bully,1859,1,0,0,87,0,1218,0,1,94,239288,1859,0,88,0,0,0,LEADER,1,0,0,87,0,0,0,0,0,0,0,0,0,0,0
240787,38,bully,1501,1,0,0,87,0,1218,0,1,38,239286,1501,0,88,0,0,0,LEADER,1,0,0,87,0,0,0,0,0,0,0,0,0,0,0
241466,66,bully,2180,1,0,0,87,0,1218,0,1,66,239286,2180,0,88,0,0,0,LEADER,1,0,0,87,0,0,0,0,0,0,0,0,0,0,0
240772,70,bully,1486,1,0,0,87,0,1218,0,1,70,239286,1486,0,88,0,0,0,LEADER,1,0,0,87,0,0,0,0,0,0,0,0,0,0,0
241417,88,bully,2131,1,0,0,87,0,1218,0,1,88,239286,2131,0,88,0,0,0,LEADER,1,0,0,87,0,0,0,0,0,0,0,0,0,0,0
240601,75,bully,2235,1,0,0,87,0,1218,0,1,75,238366,2235,0,88,0,0,0,LEADER,1,0,0,87,0,0,0,0,0,0,0,0,0,0,0
240611,12,bully,2243,1,0,0,87,0,1218,0,1,12,238368,2243,0,88,0,0,0,LEADER,1,0,0,87,0,0,0,0,0,0,0,0,0,0,0
241311,27,bully,2025,1,0,0,87,0,1218,0,1,27,239286,2025,0,88,0,0,0,LEADER,1,0,0,87,0,0,0,0,0,0,0,0,0,0,0
240800,42,bully,1514,1,0,0,87,0,1218,0,1,42,239286,1514,0,88,0,0,0,LEADER,1,0,0,87,0,0,0,0,0,0,0,0,0,0,0
241447,24,bully,2161,1,0,0,87,0,1218,0,1,24,239286,2161,0,88,0,0,0,LEADER,1,0,0,87,0,0,0,0,0,0,0,0,0,0,0
241399,46,bully,2113,1,0,0,87,0,1218,0,1,46,239286,2113,0,88,0,0,0,LEADER,1,0,0,87,0,0,0,0,0,0,0,0,0,0,0
241296,59,bully,2010,1,0,0,87,0,1218,0,1,59,239286,2010,0,88,0,0,0,LEADER,1,0,0,87,0,0,0,0,0,0,0,0,0,0,0
241578,32,bully,2292,1,0,0,87,0,1218,0,1,32,239286,2292,0,88,0,0,0,LEADER,1,0,0,87,0,0,0,0,0,0,0,0,0,0,0
240924,34,bully,1637,1,0,0,87,0,1218,0,1,34,239287,1637,0,88,0,0,0,LEADER,1,0,0,87,0,0,0,0,0,0,0,0,0,0,0
241193,72,bully,1907,1,0,0,87,0,1218,0,1,72,239286,1907,0,88,0,0,0,LEADER,1,0,0,87,0,0,0,0,0,0,0,0,0,0,0
241605,63,bully,2316,1,0,0,87,0,1218,0,1,63,239289,2316,0,88,0,0,0,LEADER,1,0,0,87,0,0,0,0,0,0,0,0,0,0,0
241078,74,bully,1792,1,0,0,87,0,1218,0,1,74,239286,1792,0,88,0,0,0,LEADER,1,0,0,87,0,0,0,0,0,0,0,0,0,0,0
240820,48,bully,1534,1,0,0,87,0,1218,0,1,48,239286,1534,0,88,0,0,0,LEADER,1,0,0,87,0,0,0,0,0,0,0,0,0,0,0
241283,57,bully,1995,1,0,0,87,0,1218,0,1,57,239288,1995,0,88,0,0,0,LEADER,1,0,0,87,0,0,0,0,0,0,0,0,0,0,0
241351,68,bully,2065,1,0,0,87,0,1218,0,1,68,239286,2065,0,88,0,0,0,LEADER,1,0,0,87,0,0,0,0,0,0,0,0,0,0,0
240752,45,bully,1466,1,0,0,87,0,1218,0,1,45,239286,1466,0,88,0,0,0,LEADER,1,0,0,87,0,0,0,0,0,0,0,0,0,0,0
241109,93,bully,1823,1,0,0,87,0,1218,0,1,93,239286,1823,0,88,0,0,0,LEADER,1,0,0,87,0,0,0,0,0,0,0,0,0,0,0
241690,82,bully,2404,1,0,0,87,0,1218,0,1,82,239286,2404,0,88,0,0,0,LEADER,1,0,0,87,0,0,0,0,0,0,0,0,0,0,0
241684,51,bully,2398,1,0,0,87,0,1218,0,1,51,239286,2398,0,88,0,0,0,LEADER,1,0,0,87,0,0,0,0,0,0,0,0,0,0,0
241229,39,bully,1943,1,0,0,87,0,1218,0,1,39,239286,1943,0,88,0,0,0,LEADER,1,0,0,87,0,0,0,0,0,0,0,0,0,0,0
240975,78,bully,1689,1,0,0,87,0,1218,0,1,78,239286,1689,0,88,0,0,0,LEADER,1,0,0,87,0,0,0,0,0,0,0,0,0,0,0
241363,79,bully,2077,1,0,0,87,0,1218,0,1,79,239286,2077,0,88,0,0,0,LEADER,1,0,0,87,0,0,0,0,0,0,0,0,0,0,0
240938,14,bully,1652,1,0,0,87,0,1218,0,1,14,239286,1652,0,88,0,0,0,LEADER,1,0,0,87,0,0,0,0,0,0,0,0,0,0,0
241365,36,bully,2080,1,0,0,87,0,1218,0,1,36,239285,2080,0,88,0,0,0,LEADER,1,0,0,87,0,0,0,0,0,0,0,0,0,0,0
241248,81,bully,1962,1,0,0,87,0,1218,0,1,81,239286,1962,0,88,0,0,0,LEADER,1,0,0,87,0,0,0,0,0,0,0,0,0,0,0
240908,67,bully,1622,1,0,0,87,0,1218,0,1,67,239286,1622,0,88,0,0,0,LEADER,1,0,0,87,0,0,0,0,0,0,0,0,0,0,0
241669,83,bully,2383,1,0,0,87,0,1218,0,1,83,239286,2383,0,88,0,0,0,LEADER,1,0,0,87,0,0,0,0,0,0,0,0,0,0,0
241814,99,bully,1607,1,0,0,88,0,1232,0,1,99,240207,1607,0,89,0,0,0,LEADER,1,0,0,88,0,0,0,0,0,0,0,0,0,0,0
240990,55,bully,1704,1,0,0,87,0,1218,0,1,55,239286,1704,0,88,0,0,0,LEADER,1,0,0,87,0,0,0,0,0,0,0,0,0,0,0
241781,89,bully,1574,1,0,0,88,0,1232,0,1,89,240207,1574,0,89,0,0,0,LEADER,1,0,0,88,0,0,0,0,0,0,0,0,0,0,0
240942,77,bully,1656,1,0,0,87,0,1218,0,1,77,239286,1656,0,88,0,0,0,LEADER,1,0,0,87,0,0,0,0,0,0,0,0,0,0,0
241214,71,bully,1928,1,0,0,87,0,1218,0,1,71,239286,1928,0,88,0,0,0,LEADER,1,0,0,87,0,0,0,0,0,0,0,0,0,0,0
241491,76,bully,2213,1,0,0,87,0,1218,0,1,76,239278,2213,0,88,0,0,0,LEADER,1,0,0,87,0,0,0,0,0,0,0,0,0,0,0
241128,52,bully,1840,1,0,0,87,0,1218,0,1,52,239288,1840,0,88,0,0,0,LEADER,1,0,0,87,0,0,0,0,0,0,0,0,0,0,0
241093,10,bully,1807,1,0,0,87,0,1218,0,1,10,239286,1807,0,88,0,0,0,LEADER,1,0,0,87,0,0,0,0,0,0,0,0,0,0,0
241026,22,bully,1740,1,0,0,87,0,1218,0,1,22,239286,1740,0,88,0,0,0,LEADER,1,0,0,87,0,0,0,0,0,0,0,0,0,0,0
241172,21,bully,1889,1,0,0,87,0,1218,0,1,21,239283,1889,0,88,0,0,0,LEADER,1,0,0,87,0,0,0,0,0,0,0,0,0,0,0
241432,56,bully,2146,1,0,0,87,0,1218,0,1,56,239286,2146,0,88,0,0,0,LEADER,1,0,0,87,0,0,0,0,0,0,0,0,0,0,0
240957,60,bully,1671,1,0,0,87,0,1218,0,1,60,239286,1671,0,88,0,0,0,LEADER,1,0,0,87,0,0,0,0,0,0,0,0,0,0,0
241811,25,bully,1604,1,0,0,88,0,1232,0,1,25,240207,1604,0,89,0,0,0,LEADER,1,0,0,88,0,0,0,0,0,0,0,0,0,0,0
241023,65,bully,1737,1,0,0,87,0,1218,0,1,65,239286,1737,0,88,0,0,0,LEADER,1,0,0,87,0,0,0,0,0,0,0,0,0,0,0
241699,19,bully,2413,1,0,0,87,0,1218,0,1,19,239286,2413,0,88,0,0,0,LEADER,1,0,0,87,0,0,0,0,0,0,0,0,0,0,0
241329,69,bully,2043,1,0,0,87,0,1218,0,1,69,239286,2043,0,88,0,0,0,LEADER,1,0,0,87,0,0,0,0,0,0,0,0,0,0,0
241932,54,bully,1725,1,0,0,88,0,1232,0,1,54,240207,1725,0,89,0,0,0,LEADER,1,0,0,88,0,0,0,0,0,0,0,0,0,0,0
241278,17,bully,1992,1,0,0,87,0,1218,0,1,17,239286,1992,0,88,0,0,0,LEADER,1,0,0,87,0,0,0,0,0,0,0,0,0,0,0
241793,100,bully,1586,1,0,0,88,0,1232,0,1,100,240207,1586,0,89,0,0,0,LEADER,1,0,0,88,0,0,0,0,0,0,0,0,0,0,0
241756,16,bully,1549,1,0,0,88,0,1232,0,1,16,240207,1549,0,89,0,0,0,LEADER,1,0,0,88,0,0,0,0,0,0,0,0,0,0,0
241344,37,bully,2058,1,0,0,87,0,1218,0,1,37,239286,2058,0,88,0,0,0,LEADER,1,0,0,87,0,0,0,0,0,0,0,0,0,0,0
241981,13,bully,1774,1,0,0,88,0,1232,0,1,13,240207,1774,0,89,0,0,0,LEADER,1,0,0,88,0,0,0,0,0,0,0,0,0,0,0
241141,20,bully,1855,1,0,0,87,0,1218,0,1,20,239286,1855,0,88,0,0,0,LEADER,1,0,0,87,0,0,0,0,0,0,0,0,0,0,0
241774,41,bully,1567,1,0,0,88,0,1232,0,1,41,240207,1567,0,89,0,0,0,LEADER,1,0,0,88,0,0,0,0,0,0,0,0,0,0,0
241763,47,bully,1556,1,0,0,88,0,1232,0,1,47,240207,1556,0,89,0,0,0,LEADER,1,0,0,88,0,0,0,0,0,0,0,0,0,0,0
241588,95,bully,2301,1,0,0,87,0,1218,0,1,95,239287,2301,0,88,0,0,0,LEADER,1,0,0,87,0,0,0,0,0,0,0,0,0,0,0
241451,98,bully,2165,1,0,0,87,0,1218,0,1,98,239286,2165,0,88,0,0,0,LEADER,1,0,0,87,0,0,0,0,0,0,0,0,0,0,0
241635,73,bully,2349,1,0,0,87,0,1218,0,1,73,239286,2349,0,88,0,0,0,LEADER,1,0,0,87,0,0,0,0,0,0,0,0,0,0,0
241181,61,bully,1895,1,0,0,87,0,1218,0,1,61,239286,1895,0,88,0,0,0,LEADER,1,0,0,87,0,0,0,0,0,0,0,0,0,0,0
241929,97,bully,1722,1,0,0,88,0,1232,0,1,97,240207,1722,0,89,0,0,0,LEADER,1,0,0,88,0,0,0,0,0,0,0,0,0,0,0
241959,33,bully,1752,1,0,0,88,0,1232,0,1,33,240207,1752,0,89,0,0,0,LEADER,1,0,0,88,0,0,0,0,0,0,0,0,0,0,0
241617,31,bully,2331,1,0,0,87,0,1218,0,1,31,239286,2331,0,88,0,0,0,LEADER,1,0,0,87,0,0,0,0,0,0,0,0,0,0,0
242129,40,bully,1922,1,0,0,88,0,1232,0,1,40,240207,1922,0,89,0,0,0,LEADER,1,0,0,88,0,0,0,0,0,0,0,0,0,0,0
242119,29,bully,1910,1,0,0,88,0,1232,0,1,29,240209,1910,0,89,0,0,0,LEADER,1,0,0,88,0,0,0,0,0,0,0,0,0,0,0
241945,96,bully,1744,1,0,0,88,0,1232,0,1,96,240201,1744,0,89,0,0,0,LEADER,1,0,0,88,0,0,0,0,0,0,0,0,0,0,0
242032,84,bully,1825,1,0,0,88,0,1232,0,1,84,240207,1825,0,89,0,0,0,LEADER,1,0,0,88,0,0,0,0,0,0,0,0,0,0,0
241728,80,bully,1519,1,0,0,88,0,1232,0,1,80,240209,1519,0,89,0,0,0,LEADER,1,0,0,88,0,0,0,0,0,0,0,0,0,0,0
241569,53,bully,2283,1,0,0,87,0,1218,0,1,53,239286,2283,0,88,0,0,0,LEADER,1,0,0,87,0,0,0,0,0,0,0,0,0,0,0
241645,92,bully,1438,1,0,0,88,0,1232,0,1,92,240207,1438,0,89,0,0,0,LEADER,1,0,0,88,0,0,0,0,0,0,0,0,0,0,0
241815,91,bully,1619,1,0,0,88,0,1232,0,1,91,240196,1619,0,89,0,0,0,LEADER,1,0,0,88,0,0,0,0,0,0,0,0,0,0,0
242081,62,bully,1874,1,0,0,88,0,1232,0,1,62,240207,1874,0,89,0,0,0,LEADER,1,0,0,88,0,0,0,0,0,0,0,0,0,0,0
241778,15,bully,1571,1,0,0,88,0,1232,0,1,15,240207,1571,0,89,0,0,0,LEADER,1,0,0,88,0,0,0,0,0,0,0,0,0,0,0
241447,26,bully,2161,1,0,0,87,0,1218,0,1,26,239286,2161,0,88,0,0,0,LEADER,1,0,0,87,0,0,0,0,0,0,0,0,0,0,0
242184,49,bully,1977,1,0,0,88,0,1232,0,1,49,240207,1977,0,89,0,0,0,LEADER,1,0,0,88,0,0,0,0,0,0,0,0,0,0,0
241999,58,bully,1792,1,0,0,88,0,1232,0,1,58,240207,1792,0,89,0,0,0,LEADER,1,0,0,88,0,0,0,0,0,0,0,0,0,0,0
241532,86,bully,2246,1,0,0,87,0,1218,0,1,86,239286,2246,0,88,0,0,0,LEADER,1,0,0,87,0,0,0,0,0,0,0,0,0,0,0
241705,50,bully,2419,1,0,0,87,0,1218,0,1,50,239286,2419,0,88,0,0,0,LEADER,1,0,0,87,0,0,0,0,0,0,0,0,0,0,0
241555,85,bully,2268,1,0,0,87,0,1218,0,1,85,239287,2268,0,88,0,0,0,LEADER,1,0,0,87,0,0,0,0,0,0,0,0,0,0,0
241493,87,bully,2212,1,0,0,87,0,1218,0,1,87,239281,2212,0,88,0,0,0,LEADER,1,0,0,87,0,0,0,0,0,0,0,0,0,0,0
241702,64,bully,2416,1,0,0,87,0,1218,0,1,64,239286,2416,0,88,0,0,0,LEADER,1,0,0,87,0,0,0,0,0,0,0,0,0,0,0
241551,11,bully,2264,1,0,0,87,0,1218,0,1,11,239287,2264,0,88,0,0,0,LEADER,1,0,0,87,0,0,0,0,0,0,0,0,0,0,0
241641,18,bully,1434,1,0,0,88,0,1232,0,1,18,240207,1434,0,89,0,0,0,LEADER,1,0,0,88,0,0,0,0,0,0,0,0,0,0,0
241760,90,bully,1553,1,0,0,88,0,1232,0,1,90,240207,1553,0,89,0,0,0,LEADER,1,0,0,88,0,0,0,0,0,0,0,0,0,0,0
241654,35,bully,1447,1,0,0,88,0,1232,0,1,35,240207,1447,0,89,0,0,0,LEADER,1,0,0,88,0,0,0,0,0,0,0,0,0,0,0
241535,43,bully,2249,1,0,0,87,0,1218,0,1,43,239286,2249,0,88,0,0,0,LEADER,1,0,0,87,0,0,0,0,0,0,0,0,0,0,0
241674,28,bully,1467,1,0,0,88,0,1232,0,1,28,240207,1467,0,89,0,0,0,LEADER,1,0,0,88,0,0,0,0,0,0,0,0,0,0,0
241512,44,bully,2228,1,0,0,87,0,1218,0,1,44,239284,2228,0,88,0,0,0,LEADER,1,0,0,87,0,0,0,0,0,0,0,0,0,0,0
242348,23,bully,2141,1,0,0,88,0,1232,0,1,23,240207,2141,0,89,0,0,0,LEADER,1,0,0,88,0,0,0,0,0,0,0,0,0,0,0
241668,30,bully,1461,1,0,0,88,0,1232,0,1,30,240207,1461,0,89,0,0,0,LEADER,1,0,0,88,0,0,0,0,0,0,0,0,0,0,0
242068,94,bully,1859,1,0,0,88,0,1232,0,1,94,240209,1859,0,89,0,0,0,LEADER,1,0,0,88,0,0,0,0,0,0,0,0,0,0,0
241708,38,bully,1501,1,0,0,88,0,1232,0,1,38,240207,1501,0,89,0,0,0,LEADER,1,0,0,88,0,0,0,0,0,0,0,0,0,0,0
242387,66,bully,2180,1,0,0,88,0,1232,0,1,66,240207,2180,0,89,0,0,0,LEADER,1,0,0,88,0,0,0,0,0,0,0,0,0,0,0
241693,70,bully,1486,1,0,0,88,0,1232,0,1,70,240207,1486,0,89,0,0,0,LEADER,1,0,0,88,0,0,0,0,0,0,0,0,0,0,0
242338,88,bully,2131,1,0,0,88,0,1232,0,1,88,240207,2131,0,89,0,0,0,LEADER,1,0,0,88,0,0,0,0,0,0,0,0,0,0,0
241521,75,bully,2235,1,0,0,87,0,1218,0,1,75,239286,2235,0,88,0,0,0,LEADER,1,0,0,87,0,0,0,0,0,0,0,0,0,0,0
241531,12,bully,2243,1,0,0,87,0,1218,0,1,12,239288,2243,0,88,0,0,0,LEADER,1,0,0,87,0,0,0,0,0,0,0,0,0,0,0
242232,27,bully,2025,1,0,0,88,0,1232,0,1,27,240207,2025,0,89,0,0,0,LEADER,1,0,0,88,0,0,0,0,0,0,0,0,0,0,0
241721,42,bully,1514,1,0,0,88,0,1232,0,1,42,240207,1514,0,89,0,0,0,LEADER,1,0,0,88,0,0,0,0,0,0,0,0,0,0,0
242368,24,bully,2161,1,0,0,88,0,1232,0,1,24,240207,2161,0,89,0,0,0,LEADER,1,0,0,88,0,0,0,0,0,0,0,0,0,0,0
242320,46,bully,2113,1,0,0,88,0,1232,0,1,46,240207,2113,0,89,0,0,0,LEADER,1,0,0,88,0,0,0,0,0,0,0,0,0,0,0
242217,59,bully,2010,1,0,0,88,0,1232,0,1,59,240207,2010,0,89,0,0,0,LEADER,1,0,0,88,0,0,0,0,0,0,0,0,0,0,0
241845,34,bully,1637,1,0,0,88,0,1232,0,1,34,240208,1637,0,89,0,0,0,LEADER,1,0,0,88,0,0,0,0,0,0,0,0,0,0,0
242499,32,bully,2292,1,0,0,88,0,1232,0,1,32,240207,2292,0,89,0,0,0,LEADER,1,0,0,88,0,0,0,0,0,0,0,0,0,0,0
242114,72,bully,1907,1,0,0,88,0,1232,0,1,72,240207,1907,0,89,0,0,0,LEADER,1,0,0,88,0,0,0,0,0,0,0,0,0,0,0
242526,63,bully,2316,1,0,0,88,0,1232,0,1,63,240210,2316,0,89,0,0,0,LEADER,1,0,0,88,0,0,0,0,0,0,0,0,0,0,0
241999,74,bully,1792,1,0,0,88,0,1232,0,1,74,240207,1792,0,89,0,0,0,LEADER,1,0,0,88,0,0,0,0,0,0,0,0,0,0,0
241741,48,bully,1534,1,0,0,88,0,1232,0,1,48,240207,1534,0,89,0,0,0,LEADER,1,0,0,88,0,0,0,0,0,0,0,0,0,0,0
242204,57,bully,1995,1,0,0,88,0,1232,0,1,57,240209,1995,0,89,0,0,0,LEADER,1,0,0,88,0,0,0,0,0,0,0,0,0,0,0
242272,68,bully,2065,1,0,0,88,0,1232,0,1,68,240207,2065,0,89,0,0,0,LEADER,1,0,0,88,0,0,0,0,0,0,0,0,0,0,0
241673,45,bully,1466,1,0,0,88,0,1232,0,1,45,240207,1466,0,89,0,0,0,LEADER,1,0,0,88,0,0,0,0,0,0,0,0,0,0,0
242030,93,bully,1823,1,0,0,88,0,1232,0,1,93,240207,1823,0,89,0,0,0,LEADER,1,0,0,88,0,0,0,0,0,0,0,0,0,0,0
242611,82,bully,2404,1,0,0,88,0,1232,0,1,82,240207,2404,0,89,0,0,0,LEADER,1,0,0,88,0,0,0,0,0,0,0,0,0,0,0
242605,51,bully,2398,1,0,0,88,0,1232,0,1,51,240207,2398,0,89,0,0,0,LEADER,1,0,0,88,0,0,0,0,0,0,0,0,0,0,0
242150,39,bully,1943,1,0,0,88,0,1232,0,1,39,240207,1943,0,89,0,0,0,LEADER,1,0,0,88,0,0,0,0,0,0,0,0,0,0,0
241896,78,bully,1689,1,0,0,88,0,1232,0,1,78,240207,1689,0,89,0,0,0,LEADER,1,0,0,88,0,0,0,0,0,0,0,0,0,0,0
242284,79,bully,2077,1,0,0,88,0,1232,0,1,79,240207,2077,0,89,0,0,0,LEADER,1,0,0,88,0,0,0,0,0,0,0,0,0,0,0
242414,2,bully,2214,1,0,0,12,25,168,350,4,2,240200,2214,0,9,0,0,0,LEADER,1,0,0,12,0,0,0,25,0,0,0,0,0,0,0
241859,14,bully,1652,1,0,0,88,0,1232,0,1,14,240207,1652,0,89,0,0,0,LEADER,1,0,0,88,0,0,0,0,0,0,0,0,0,0,0
242286,36,bully,2080,1,0,0,88,0,1232,0,1,36,240206,2080,0,89,0,0,0,LEADER,1,0,0,88,0,0,0,0,0,0,0,0,0,0,0
242169,81,bully,1962,1,0,0,88,0,1232,0,1,81,240207,1962,0,89,0,0,0,LEADER,1,0,0,88,0,0,0,0,0,0,0,0,0,0,0
241829,67,bully,1622,1,0,0,88,0,1232,0,1,67,240207,1622,0,89,0,0,0,LEADER,1,0,0,88,0,0,0,0,0,0,0,0,0,0,0
242590,83,bully,2383,1,0,0,88,0,1232,0,1,83,240207,2383,0,89,0,0,0,LEADER,1,0,0,88,0,0,0,0,0,0,0,0,0,0,0
242734,99,bully,1607,1,0,0,88,0,1232,0,1,99,241127,1607,0,89,0,0,0,LEADER,1,0,0,88,0,0,0,0,0,0,0,0,0,0,0
241911,55,bully,1704,1,0,0,88,0,1232,0,1,55,240207,1704,0,89,0,0,0,LEADER,1,0,0,88,0,0,0,0,0,0,0,0,0,0,0
242701,89,bully,1574,1,0,0,88,0,1232,0,1,89,241127,1574,0,89,0,0,0,LEADER,1,0,0,88,0,0,0,0,0,0,0,0,0,0,0
241863,77,bully,1656,1,0,0,88,0,1232,0,1,77,240207,1656,0,89,0,0,0,LEADER,1,0,0,88,0,0,0,0,0,0,0,0,0,0,0
242135,71,bully,1928,1,0,0,88,0,1232,0,1,71,240207,1928,0,89,0,0,0,LEADER,1,0,0,88,0,0,0,0,0,0,0,0,0,0,0
242412,76,bully,2213,1,0,0,88,0,1232,0,1,76,240199,2213,0,89,0,0,0,LEADER,1,0,0,88,0,0,0,0,0,0,0,0,0,0,0
242049,52,bully,1840,1,0,0,88,0,1232,0,1,52,240209,1840,0,89,0,0,0,LEADER,1,0,0,88,0,0,0,0,0,0,0,0,0,0,0
242014,10,bully,1807,1,0,0,88,0,1232,0,1,10,240207,1807,0,89,0,0,0,LEADER,1,0,0,88,0,0,0,0,0,0,0,0,0,0,0
241947,22,bully,1740,1,0,0,88,0,1232,0,1,22,240207,1740,0,89,0,0,0,LEADER,1,0,0,88,0,0,0,0,0,0,0,0,0,0,0
242092,21,bully,1889,1,0,0,88,0,1232,0,1,21,240203,1889,0,89,0,0,0,LEADER,1,0,0,88,0,0,0,0,0,0,0,0,0,0,0
242353,56,bully,2146,1,0,0,88,0,1232,0,1,56,240207,2146,0,89,0,0,0,LEADER,1,0,0,88,0,0,0,0,0,0,0,0,0,0,0
241878,60,bully,1671,1,0,0,88,0,1232,0,1,60,240207,1671,0,89,0,0,0,LEADER,1,0,0,88,0,0,0,0,0,0,0,0,0,0,0
242731,25,bully,1604,1,0,0,88,0,1232,0,1,25,241127,1604,0,89,0,0,0,LEADER,1,0,0,88,0,0,0,0,0,0,0,0,0,0,0
241944,65,bully,1737,1,0,0,88,0,1232,0,1,65,240207,1737,0,89,0,0,0,LEADER,1,0,0,88,0,0,0,0,0,0,0,0,0,0,0
242620,19,bully,2413,1,0,0,88,0,1232,0,1,19,240207,2413,0,89,0,0,0,LEADER,1,0,0,88,0,0,0,0,0,0,0,0,0,0,0
242250,69,bully,2043,1,0,0,88,0,1232,0,1,69,240207,2043,0,89,0,0,0,LEADER,1,0,0,88,0,0,0,0,0,0,0,0,0,0,0
242852,54,bully,1725,1,0,0,88,0,1232,0,1,54,241127,1725,0,89,0,0,0,LEADER,1,0,0,88,0,0,0,0,0,0,0,0,0,0,0
242199,17,bully,1992,1,0,0,88,0,1232,0,1,17,240207,1992,0,89,0,0,0,LEADER,1,0,0,88,0,0,0,0,0,0,0,0,0,0,0
242713,100,bully,1586,1,0,0,88,0,1232,0,1,100,241127,1586,0,89,0,0,0,LEADER,1,0,0,88,0,0,0,0,0,0,0,0,0,0,0
242676,16,bully,1549,1,0,0,88,0,1232,0,1,16,241127,1549,0,89,0,0,0,LEADER,1,0,0,88,0,0,0,0,0,0,0,0,0,0,0
242265,37,bully,2058,1,0,0,88,0,1232,0,1,37,240207,2058,0,89,0,0,0,LEADER,1,0,0,88,0,0,0,0,0,0,0,0,0,0,0
242901,13,bully,1774,1,0,0,88,0,1232,0,1,13,241127,1774,0,89,0,0,0,LEADER,1,0,0,88,0,0,0,0,0,0,0,0,0,0,0
242517,1,bully,2293,1,0,0,13,12,182,168,1,1,240224,2293,0,12,0,0,0,LEADER,1,0,0,13,0,0,0,12,0,0,0,0,0,0,0
242062,20,bully,1855,1,0,0,88,0,1232,0,1,20,240207,1855,0,89,0,0,0,LEADER,1,0,0,88,0,0,0,0,0,0,0,0,0,0,0
242694,41,bully,1567,1,0,0,88,0,1232,0,1,41,241127,1567,0,89,0,0,0,LEADER,1,0,0,88,0,0,0,0,0,0,0,0,0,0,0
242683,47,bully,1556,1,0,0,88,0,1232,0,1,47,241127,1556,0,89,0,0,0,LEADER,1,0,0,88,0,0,0,0,0,0,0,0,0,0,0
242509,95,bully,2301,1,0,0,88,0,1232,0,1,95,240208,2301,0,89,0,0,0,LEADER,1,0,0,88,0,0,0,0,0,0,0,0,0,0,0
242372,98,bully,2165,1,0,0,88,0,1232,0,1,98,240207,2165,0,89,0,0,0,LEADER,1,0,0,88,0,0,0,0,0,0,0,0,0,0,0
242556,73,bully,2349,1,0,0,88,0,1232,0,1,73,240207,2349,0,89,0,0,0,LEADER,1,0,0,88,0,0,0,0,0,0,0,0,0,0,0
242879,33,bully,1752,1,0,0,88,0,1232,0,1,33,241127,1752,0,89,0,0,0,LEADER,1,0,0,88,0,0,0,0,0,0,0,0,0,0,0
242849,97,bully,1722,1,0,0,88,0,1232,0,1,97,241127,1722,0,89,0,0,0,LEADER,1,0,0,88,0,0,0,0,0,0,0,0,0,0,0
242102,61,bully,1895,1,0,0,88,0,1232,0,1,61,240207,1895,0,89,0,0,0,LEADER,1,0,0,88,0,0,0,0,0,0,0,0,0,0,0
243049,40,bully,1922,1,0,0,88,0,1232,0,1,40,241127,1922,0,89,0,0,0,LEADER,1,0,0,88,0,0,0,0,0,0,0,0,0,0,0
242538,31,bully,2331,1,0,0,88,0,1232,0,1,31,240207,2331,0,89,0,0,0,LEADER,1,0,0,88,0,0,0,0,0,0,0,0,0,0,0
243039,29,bully,1910,1,0,0,88,0,1232,0,1,29,241129,1910,0,89,0,0,0,LEADER,1,0,0,88,0,0,0,0,0,0,0,0,0,0,0
242865,96,bully,1744,1,0,0,88,0,1232,0,1,96,241121,1744,0,89,0,0,0,LEADER,1,0,0,88,0,0,0,0,0,0,0,0,0,0,0
242952,84,bully,1825,1,0,0,88,0,1232,0,1,84,241127,1825,0,89,0,0,0,LEADER,1,0,0,88,0,0,0,0,0,0,0,0,0,0,0
242648,80,bully,1519,1,0,0,88,0,1232,0,1,80,241129,1519,0,89,0,0,0,LEADER,1,0,0,88,0,0,0,0,0,0,0,0,0,0,0
242490,53,bully,2283,1,0,0,88,0,1232,0,1,53,240207,2283,0,89,0,0,0,LEADER,1,0,0,88,0,0,0,0,0,0,0,0,0,0,0
242565,92,bully,1438,1,0,0,88,0,1232,0,1,92,241127,1438,0,89,0,0,0,LEADER,1,0,0,88,0,0,0,0,0,0,0,0,0,0,0
242735,91,bully,1619,1,0,0,88,0,1232,0,1,91,241116,1619,0,89,0,0,0,LEADER,1,0,0,88,0,0,0,0,0,0,0,0,0,0,0
243001,62,bully,1874,1,0,0,88,0,1232,0,1,62,241127,1874,0,89,0,0,0,LEADER,1,0,0,88,0,0,0,0,0,0,0,0,0,0,0
242698,15,bully,1571,1,0,0,88,0,1232,0,1,15,241127,1571,0,89,0,0,0,LEADER,1,0,0,88,0,0,0,0,0,0,0,0,0,0,0
242368,26,bully,2161,1,0,0,88,0,1232,0,1,26,240207,2161,0,89,0,0,0,LEADER,1,0,0,88,0,0,0,0,0,0,0,0,0,0,0
243104,49,bully,1977,1,0,0,88,0,1232,0,1,49,241127,1977,0,89,0,0,0,LEADER,1,0,0,88,0,0,0,0,0,0,0,0,0,0,0
242919,58,bully,1792,1,0,0,88,0,1232,0,1,58,241127,1792,0,89,0,0,0,LEADER,1,0,0,88,0,0,0,0,0,0,0,0,0,0,0
242453,86,bully,2246,1,0,0,88,0,1232,0,1,86,240207,2246,0,89,0,0,0,LEADER,1,0,0,88,0,0,0,0,0,0,0,0,0,0,0
242626,50,bully,2419,1,0,0,88,0,1232,0,1,50,240207,2419,0,89,0,0,0,LEADER,1,0,0,88,0,0,0,0,0,0,0,0,0,0,0
242414,87,bully,2212,1,0,0,88,0,1232,0,1,87,240202,2212,0,89,0,0,0,LEADER,1,0,0,88,0,0,0,0,0,0,0,0,0,0,0
242476,85,bully,2268,1,0,0,88,0,1232,0,1,85,240208,2268,0,89,0,0,0,LEADER,1,0,0,88,0,0,0,0,0,0,0,0,0,0,0
242623,64,bully,2416,1,0,0,88,0,1232,0,1,64,240207,2416,0,89,0,0,0,LEADER,1,0,0,88,0,0,0,0,0,0,0,0,0,0,0
242561,18,bully,1434,1,0,0,88,0,1232,0,1,18,241127,1434,0,89,0,0,0,LEADER,1,0,0,88,0,0,0,0,0,0,0,0,0,0,0
242472,11,bully,2264,1,0,0,88,0,1232,0,1,11,240208,2264,0,89,0,0,0,LEADER,1,0,0,88,0,0,0,0,0,0,0,0,0,0,0
242680,90,bully,1553,1,0,0,88,0,1232,0,1,90,241127,1553,0,89,0,0,0,LEADER,1,0,0,88,0,0,0,0,0,0,0,0,0,0,0
242574,35,bully,1447,1,0,0,88,0,1232,0,1,35,241127,1447,0,89,0,0,0,LEADER,1,0,0,88,0,0,0,0,0,0,0,0,0,0,0
242456,43,bully,2249,1,0,0,88,0,1232,0,1,43,240207,2249,0,89,0,0,0,LEADER,1,0,0,88,0,0,0,0,0,0,0,0,0,0,0
242594,28,bully,1467,1,0,0,88,0,1232,0,1,28,241127,1467,0,89,0,0,0,LEADER,1,0,0,88,0,0,0,0,0,0,0,0,0,0,0
242433,44,bully,2228,1,0,0,88,0,1232,0,1,44,240205,2228,0,89,0,0,0,LEADER,1,0,0,88,0,0,0,0,0,0,0,0,0,0,0
243268,23,bully,2141,1,0,0,88,0,1232,0,1,23,241127,2141,0,89,0,0,0,LEADER,1,0,0,88,0,0,0,0,0,0,0,0,0,0,0
242588,30,bully,1461,1,0,0,88,0,1232,0,1,30,241127,1461,0,89,0,0,0,LEADER,1,0,0,88,0,0,0,0,0,0,0,0,0,0,0
242988,94,bully,1859,1,0,0,88,0,1232,0,1,94,241129,1859,0,89,0,0,0,LEADER,1,0,0,88,0,0,0,0,0,0,0,0,0,0,0
242628,38,bully,1501,1,0,0,88,0,1232,0,1,38,241127,1501,0,89,0,0,0,LEADER,1,0,0,88,0,0,0,0,0,0,0,0,0,0,0
243307,66,bully,2180,1,0,0,88,0,1232,0,1,66,241127,2180,0,89,0,0,0,LEADER,1,0,0,88,0,0,0,0,0,0,0,0,0,0,0
242613,70,bully,1486,1,0,0,88,0,1232,0,1,70,241127,1486,0,89,0,0,0,LEADER,1,0,0,88,0,0,0,0,0,0,0,0,0,0,0
243258,88,bully,2131,1,0,0,88,0,1232,0,1,88,241127,2131,0,89,0,0,0,LEADER,1,0,0,88,0,0,0,0,0,0,0,0,0,0,0
242442,75,bully,2235,1,0,0,88,0,1232,0,1,75,240207,2235,0,89,0,0,0,LEADER,1,0,0,88,0,0,0,0,0,0,0,0,0,0,0
242452,12,bully,2243,1,0,0,88,0,1232,0,1,12,240209,2243,0,89,0,0,0,LEADER,1,0,0,88,0,0,0,0,0,0,0,0,0,0,0
243152,27,bully,2025,1,0,0,88,0,1232,0,1,27,241127,2025,0,89,0,0,0,LEADER,1,0,0,88,0,0,0,0,0,0,0,0,0,0,0
242641,42,bully,1514,1,0,0,88,0,1232,0,1,42,241127,1514,0,89,0,0,0,LEADER,1,0,0,88,0,0,0,0,0,0,0,0,0,0,0
243288,24,bully,2161,1,0,0,88,0,1232,0,1,24,241127,2161,0,89,0,0,0,LEADER,1,0,0,88,0,0,0,0,0,0,0,0,0,0,0
243240,46,bully,2113,1,0,0,88,0,1232,0,1,46,241127,2113,0,89,0,0,0,LEADER,1,0,0,88,0,0,0,0,0,0,0,0,0,0,0
243137,59,bully,2010,1,0,0,88,0,1232,0,1,59,241127,2010,0,89,0,0,0,LEADER,1,0,0,88,0,0,0,0,0,0,0,0,0,0,0
242765,34,bully,1637,1,0,0,88,0,1232,0,1,34,241128,1637,0,89,0,0,0,LEADER,1,0,0,88,0,0,0,0,0,0,0,0,0,0,0
243419,32,bully,2292,1,0,0,88,0,1232,0,1,32,241127,2292,0,89,0,0,0,LEADER,1,0,0,88,0,0,0,0,0,0,0,0,0,0,0
243034,72,bully,1907,1,0,0,88,0,1232,0,1,72,241127,1907,0,89,0,0,0,LEADER,1,0,0,88,0,0,0,0,0,0,0,0,0,0,0
243446,63,bully,2316,1,0,0,88,0,1232,0,1,63,241130,2316,0,89,0,0,0,LEADER,1,0,0,88,0,0,0,0,0,0,0,0,0,0,0
242919,74,bully,1792,1,0,0,88,0,1232,0,1,74,241127,1792,0,89,0,0,0,LEADER,1,0,0,88,0,0,0,0,0,0,0,0,0,0,0
242661,48,bully,1534,1,0,0,88,0,1232,0,1,48,241127,1534,0,89,0,0,0,LEADER,1,0,0,88,0,0,0,0,0,0,0,0,0,0,0
243124,57,bully,1995,1,0,0,88,0,1232,0,1,57,241129,1995,0,89,0,0,0,LEADER,1,0,0,88,0,0,0,0,0,0,0,0,0,0,0
243192,68,bully,2065,1,0,0,88,0,1232,0,1,68,241127,2065,0,89,0,0,0,LEADER,1,0,0,88,0,0,0,0,0,0,0,0,0,0,0
242593,45,bully,1466,1,0,0,88,0,1232,0,1,45,241127,1466,0,89,0,0,0,LEADER,1,0,0,88,0,0,0,0,0,0,0,0,0,0,0
242950,93,bully,1823,1,0,0,88,0,1232,0,1,93,241127,1823,0,89,0,0,0,LEADER,1,0,0,88,0,0,0,0,0,0,0,0,0,0,0
243531,82,bully,2404,1,0,0,88,0,1232,0,1,82,241127,2404,0,89,0,0,0,LEADER,1,0,0,88,0,0,0,0,0,0,0,0,0,0,0
243525,51,bully,2398,1,0,0,88,0,1232,0,1,51,241127,2398,0,89,0,0,0,LEADER,1,0,0,88,0,0,0,0,0,0,0,0,0,0,0
243070,39,bully,1943,1,0,0,88,0,1232,0,1,39,241127,1943,0,89,0,0,0,LEADER,1,0,0,88,0,0,0,0,0,0,0,0,0,0,0
242816,78,bully,1689,1,0,0,88,0,1232,0,1,78,241127,1689,0,89,0,0,0,LEADER,1,0,0,88,0,0,0,0,0,0,0,0,0,0,0
243204,79,bully,2077,1,0,0,88,0,1232,0,1,79,241127,2077,0,89,0,0,0,LEADER,1,0,0,88,0,0,0,0,0,0,0,0,0,0,0
242779,14,bully,1652,1,0,0,88,0,1232,0,1,14,241127,1652,0,89,0,0,0,LEADER,1,0,0,88,0,0,0,0,0,0,0,0,0,0,0
243206,36,bully,2080,1,0,0,88,0,1232,0,1,36,241126,2080,0,89,0,0,0,LEADER,1,0,0,88,0,0,0,0,0,0,0,0,0,0,0
243089,81,bully,1962,1,0,0,88,0,1232,0,1,81,241127,1962,0,89,0,0,0,LEADER,1,0,0,88,0,0,0,0,0,0,0,0,0,0,0
242749,67,bully,1622,1,0,0,88,0,1232,0,1,67,241127,1622,0,89,0,0,0,LEADER,1,0,0,88,0,0,0,0,0,0,0,0,0,0,0
243510,83,bully,2383,1,0,0,88,0,1232,0,1,83,241127,2383,0,89,0,0,0,LEADER,1,0,0,88,0,0,0,0,0,0,0,0,0,0,0
243654,99,bully,1607,1,0,0,88,0,1232,0,1,99,242047,1607,0,89,0,0,0,LEADER,1,0,0,88,0,0,0,0,0,0,0,0,0,0,0
242831,55,bully,1704,1,0,0,88,0,1232,0,1,55,241127,1704,0,89,0,0,0,LEADER,1,0,0,88,0,0,0,0,0,0,0,0,0,0,0
243621,89,bully,1574,1,0,0,88,0,1232,0,1,89,242047,1574,0,89,0,0,0,LEADER,1,0,0,88,0,0,0,0,0,0,0,0,0,0,0
242783,77,bully,1656,1,0,0,88,0,1232,0,1,77,241127,1656,0,89,0,0,0,LEADER,1,0,0,88,0,0,0,0,0,0,0,0,0,0,0
243055,71,bully,1928,1,0,0,88,0,1232,0,1,71,241127,1928,0,89,0,0,0,LEADER,1,0,0,88,0,0,0,0,0,0,0,0,0,0,0
243332,76,bully,2213,1,0,0,88,0,1232,0,1,76,241119,2213,0,89,0,0,0,LEADER,1,0,0,88,0,0,0,0,0,0,0,0,0,0,0
242969,52,bully,1840,1,0,0,88,0,1232,0,1,52,241129,1840,0,89,0,0,0,LEADER,1,0,0,88,0,0,0,0,0,0,0,0,0,0,0
242934,10,bully,1807,1,0,0,88,0,1232,0,1,10,241127,1807,0,89,0,0,0,LEADER,1,0,0,88,0,0,0,0,0,0,0,0,0,0,0
242867,22,bully,1740,1,0,0,88,0,1232,0,1,22,241127,1740,0,89,0,0,0,LEADER,1,0,0,88,0,0,0,0,0,0,0,0,0,0,0
243012,21,bully,1889,1,0,0,88,0,1232,0,1,21,241123,1889,0,89,0,0,0,LEADER,1,0,0,88,0,0,0,0,0,0,0,0,0,0,0
243273,56,bully,2146,1,0,0,88,0,1232,0,1,56,241127,2146,0,89,0,0,0,LEADER,1,0,0,88,0,0,0,0,0,0,0,0,0,0,0
242798,60,bully,1671,1,0,0,88,0,1232,0,1,60,241127,1671,0,89,0,0,0,LEADER,1,0,0,88,0,0,0,0,0,0,0,0,0,0,0
243651,25,bully,1604,1,0,0,88,0,1232,0,1,25,242047,1604,0,89,0,0,0,LEADER,1,0,0,88,0,0,0,0,0,0,0,0,0,0,0
242864,65,bully,1737,1,0,0,88,0,1232,0,1,65,241127,1737,0,89,0,0,0,LEADER,1,0,0,88,0,0,0,0,0,0,0,0,0,0,0
243540,19,bully,2413,1,0,0,88,0,1232,0,1,19,241127,2413,0,89,0,0,0,LEADER,1,0,0,88,0,0,0,0,0,0,0,0,0,0,0
243170,69,bully,2043,1,0,0,88,0,1232,0,1,69,241127,2043,0,89,0,0,0,LEADER,1,0,0,88,0,0,0,0,0,0,0,0,0,0,0
243772,54,bully,1725,1,0,0,88,0,1232,0,1,54,242047,1725,0,89,0,0,0,LEADER,1,0,0,88,0,0,0,0,0,0,0,0,0,0,0
243119,17,bully,1992,1,0,0,88,0,1232,0,1,17,241127,1992,0,89,0,0,0,LEADER,1,0,0,88,0,0,0,0,0,0,0,0,0,0,0
243633,100,bully,1586,1,0,0,88,0,1232,0,1,100,242047,1586,0,89,0,0,0,LEADER,1,0,0,88,0,0,0,0,0,0,0,0,0,0,0
243596,16,bully,1549,1,0,0,88,0,1232,0,1,16,242047,1549,0,89,0,0,0,LEADER,1,0,0,88,0,0,0,0,0,0,0,0,0,0,0
243185,37,bully,2058,1,0,0,88,0,1232,0,1,37,241127,2058,0,89,0,0,0,LEADER,1,0,0,88,0,0,0,0,0,0,0,0,0,0,0
243821,13,bully,1774,1,0,0,88,0,1232,0,1,13,242047,1774,0,89,0,0,0,LEADER,1,0,0,88,0,0,0,0,0,0,0,0,0,0,0
242982,20,bully,1855,1,0,0,88,0,1232,0,1,20,241127,1855,0,89,0,0,0,LEADER,1,0,0,88,0,0,0,0,0,0,0,0,0,0,0
243614,41,bully,1567,1,0,0,88,0,1232,0,1,41,242047,1567,0,89,0,0,0,LEADER,1,0,0,88,0,0,0,0,0,0,0,0,0,0,0
243603,47,bully,1556,1,0,0,88,0,1232,0,1,47,242047,1556,0,89,0,0,0,LEADER,1,0,0,88,0,0,0,0,0,0,0,0,0,0,0
243429,95,bully,2301,1,0,0,88,0,1232,0,1,95,241128,2301,0,89,0,0,0,LEADER,1,0,0,88,0,0,0,0,0,0,0,0,0,0,0
243292,98,bully,2165,1,0,0,88,0,1232,0,1,98,241127,2165,0,89,0,0,0,LEADER,1,0,0,88,0,0,0,0,0,0,0,0,0,0,0
243476,73,bully,2349,1,0,0,88,0,1232,0,1,73,241127,2349,0,89,0,0,0,LEADER,1,0,0,88,0,0,0,0,0,0,0,0,0,0,0
243799,33,bully,1752,1,0,0,88,0,1232,0,1,33,242047,1752,0,89,0,0,0,LEADER,1,0,0,88,0,0,0,0,0,0,0,0,0,0,0
243769,97,bully,1722,1,0,0,88,0,1232,0,1,97,242047,1722,0,89,0,0,0,LEADER,1,0,0,88,0,0,0,0,0,0,0,0,0,0,0
243022,61,bully,1895,1,0,0,88,0,1232,0,1,61,241127,1895,0,89,0,0,0,LEADER,1,0,0,88,0,0,0,0,0,0,0,0,0,0,0
243969,40,bully,1922,1,0,0,88,0,1232,0,1,40,242047,1922,0,89,0,0,0,LEADER,1,0,0,88,0,0,0,0,0,0,0,0,0,0,0
243458,31,bully,2331,1,0,0,88,0,1232,0,1,31,241127,2331,0,89,0,0,0,LEADER,1,0,0,88,0,0,0,0,0,0,0,0,0,0,0
243959,29,bully,1910,1,0,0,88,0,1232,0,1,29,242049,1910,0,89,0,0,0,LEADER,1,0,0,88,0,0,0,0,0,0,0,0,0,0,0
243785,96,bully,1744,1,0,0,88,0,1232,0,1,96,242041,1744,0,89,0,0,0,LEADER,1,0,0,88,0,0,0,0,0,0,0,0,0,0,0
243872,84,bully,1825,1,0,0,88,0,1232,0,1,84,242047,1825,0,89,0,0,0,LEADER,1,0,0,88,0,0,0,0,0,0,0,0,0,0,0
243568,80,bully,1519,1,0,0,88,0,1232,0,1,80,242049,1519,0,89,0,0,0,LEADER,1,0,0,88,0,0,0,0,0,0,0,0,0,0,0
243410,53,bully,2283,1,0,0,88,0,1232,0,1,53,241127,2283,0,89,0,0,0,LEADER,1,0,0,88,0,0,0,0,0,0,0,0,0,0,0
243485,92,bully,1438,1,0,0,88,0,1232,0,1,92,242047,1438,0,89,0,0,0,LEADER,1,0,0,88,0,0,0,0,0,0,0,0,0,0,0
243655,91,bully,1619,1,0,0,88,0,1232,0,1,91,242036,1619,0,89,0,0,0,LEADER,1,0,0,88,0,0,0,0,0,0,0,0,0,0,0
243921,62,bully,1874,1,0,0,88,0,1232,0,1,62,242047,1874,0,89,0,0,0,LEADER,1,0,0,88,0,0,0,0,0,0,0,0,0,0,0
243618,15,bully,1571,1,0,0,88,0,1232,0,1,15,242047,1571,0,89,0,0,0,LEADER,1,0,0,88,0,0,0,0,0,0,0,0,0,0,0
243288,26,bully,2161,1,0,0,88,0,1232,0,1,26,241127,2161,0,89,0,0,0,LEADER,1,0,0,88,0,0,0,0,0,0,0,0,0,0,0
244024,49,bully,1977,1,0,0,88,0,1232,0,1,49,242047,1977,0,89,0,0,0,LEADER,1,0,0,88,0,0,0,0,0,0,0,0,0,0,0
243839,58,bully,1792,1,0,0,88,0,1232,0,1,58,242047,1792,0,89,0,0,0,LEADER,1,0,0,88,0,0,0,0,0,0,0,0,0,0,0
243373,86,bully,2246,1,0,0,88,0,1232,0,1,86,241127,2246,0,89,0,0,0,LEADER,1,0,0,88,0,0,0,0,0,0,0,0,0,0,0
243546,50,bully,2419,1,0,0,88,0,1232,0,1,50,241127,2419,0,89,0,0,0,LEADER,1,0,0,88,0,0,0,0,0,0,0,0,0,0,0
243334,87,bully,2212,1,0,0,88,0,1232,0,1,87,241122,2212,0,89,0,0,0,LEADER,1,0,0,88,0,0,0,0,0,0,0,0,0,0,0
243396,85,bully,2268,1,0,0,88,0,1232,0,1,85,241128,2268,0,89,0,0,0,LEADER,1,0,0,88,0,0,0,0,0,0,0,0,0,0,0
243543,64,bully,2416,1,0,0,88,0,1232,0,1,64,241127,2416,0,89,0,0,0,LEADER,1,0,0,88,0,0,0,0,0,0,0,0,0,0,0
243481,18,bully,1434,1,0,0,88,0,1232,0,1,18,242047,1434,0,89,0,0,0,LEADER,1,0,0,88,0,0,0,0,0,0,0,0,0,0,0
243392,11,bully,2264,1,0,0,88,0,1232,0,1,11,241128,2264,0,89,0,0,0,LEADER,1,0,0,88,0,0,0,0,0,0,0,0,0,0,0
243600,90,bully,1553,1,0,0,88,0,1232,0,1,90,242047,1553,0,89,0,0,0,LEADER,1,0,0,88,0,0,0,0,0,0,0,0,0,0,0
243494,35,bully,1447,1,0,0,88,0,1232,0,1,35,242047,1447,0,89,0,0,0,LEADER,1,0,0,88,0,0,0,0,0,0,0,0,0,0,0
243376,43,bully,2249,1,0,0,88,0,1232,0,1,43,241127,2249,0,89,0,0,0,LEADER,1,0,0,88,0,0,0,0,0,0,0,0,0,0,0
243514,28,bully,1467,1,0,0,88,0,1232,0,1,28,242047,1467,0,89,0,0,0,LEADER,1,0,0,88,0,0,0,0,0,0,0,0,0,0,0
243353,44,bully,2228,1,0,0,88,0,1232,0,1,44,241125,2228,0,89,0,0,0,LEADER,1,0,0,88,0,0,0,0,0,0,0,0,0,0,0
244188,23,bully,2141,1,0,0,88,0,1232,0,1,23,242047,2141,0,89,0,0,0,LEADER,1,0,0,88,0,0,0,0,0,0,0,0,0,0,0
243508,30,bully,1461,1,0,0,88,0,1232,0,1,30,242047,1461,0,89,0,0,0,LEADER,1,0,0,88,0,0,0,0,0,0,0,0,0,0,0
243908,94,bully,1859,1,0,0,88,0,1232,0,1,94,242049,1859,0,89,0,0,0,LEADER,1,0,0,88,0,0,0,0,0,0,0,0,0,0,0
243548,38,bully,1501,1,0,0,88,0,1232,0,1,38,242047,1501,0,89,0,0,0,LEADER,1,0,0,88,0,0,0,0,0,0,0,0,0,0,0
244227,66,bully,2180,1,0,0,88,0,1232,0,1,66,242047,2180,0,89,0,0,0,LEADER,1,0,0,88,0,0,0,0,0,0,0,0,0,0,0
243533,70,bully,1486,1,0,0,88,0,1232,0,1,70,242047,1486,0,89,0,0,0,LEADER,1,0,0,88,0,0,0,0,0,0,0,0,0,0,0
244178,88,bully,2131,1,0,0,88,0,1232,0,1,88,242047,2131,0,89,0,0,0,LEADER,1,0,0,88,0,0,0,0,0,0,0,0,0,0,0
243362,75,bully,2235,1,0,0,88,0,1232,0,1,75,241127,2235,0,89,0,0,0,LEADER,1,0,0,88,0,0,0,0,0,0,0,0,0,0,0
243372,12,bully,2243,1,0,0,88,0,1232,0,1,12,241129,2243,0,89,0,0,0,LEADER,1,0,0,88,0,0,0,0,0,0,0,0,0,0,0
244072,27,bully,2025,1,0,0,88,0,1232,0,1,27,242047,2025,0,89,0,0,0,LEADER,1,0,0,88,0,0,0,0,0,0,0,0,0,0,0
243561,42,bully,1514,1,0,0,88,0,1232,0,1,42,242047,1514,0,89,0,0,0,LEADER,1,0,0,88,0,0,0,0,0,0,0,0,0,0,0
244208,24,bully,2161,1,0,0,88,0,1232,0,1,24,242047,2161,0,89,0,0,0,LEADER,1,0,0,88,0,0,0,0,0,0,0,0,0,0,0
244160,46,bully,2113,1,0,0,88,0,1232,0,1,46,242047,2113,0,89,0,0,0,LEADER,1,0,0,88,0,0,0,0,0,0,0,0,0,0,0
244057,59,bully,2010,1,0,0,88,0,1232,0,1,59,242047,2010,0,89,0,0,0,LEADER,1,0,0,88,0,0,0,0,0,0,0,0,0,0,0
244339,32,bully,2292,1,0,0,88,0,1232,0,1,32,242047,2292,0,89,0,0,0,LEADER,1,0,0,88,0,0,0,0,0,0,0,0,0,0,0
243685,34,bully,1637,1,0,0,88,0,1232,0,1,34,242048,1637,0,89,0,0,0,LEADER,1,0,0,88,0,0,0,0,0,0,0,0,0,0,0
243954,72,bully,1907,1,0,0,88,0,1232,0,1,72,242047,1907,0,89,0,0,0,LEADER,1,0,0,88,0,0,0,0,0,0,0,0,0,0,0
244366,63,bully,2316,1,0,0,88,0,1232,0,1,63,242050,2316,0,89,0,0,0,LEADER,1,0,0,88,0,0,0,0,0,0,0,0,0,0,0
243839,74,bully,1792,1,0,0,88,0,1232,0,1,74,242047,1792,0,89,0,0,0,LEADER,1,0,0,88,0,0,0,0,0,0,0,0,0,0,0
243581,48,bully,1534,1,0,0,88,0,1232,0,1,48,242047,1534,0,89,0,0,0,LEADER,1,0,0,88,0,0,0,0,0,0,0,0,0,0,0
244044,57,bully,1995,1,0,0,88,0,1232,0,1,57,242049,1995,0,89,0,0,0,LEADER,1,0,0,88,0,0,0,0,0,0,0,0,0,0,0
244112,68,bully,2065,1,0,0,88,0,1232,0,1,68,242047,2065,0,89,0,0,0,LEADER,1,0,0,88,0,0,0,0,0,0,0,0,0,0,0
243513,45,bully,1466,1,0,0,88,0,1232,0,1,45,242047,1466,0,89,0,0,0,LEADER,1,0,0,88,0,0,0,0,0,0,0,0,0,0,0
243870,93,bully,1823,1,0,0,88,0,1232,0,1,93,242047,1823,0,89,0,0,0,LEADER,1,0,0,88,0,0,0,0,0,0,0,0,0,0,0
244451,82,bully,2404,1,0,0,88,0,1232,0,1,82,242047,2404,0,89,0,0,0,LEADER,1,0,0,88,0,0,0,0,0,0,0,0,0,0,0
244445,51,bully,2398,1,0,0,88,0,1232,0,1,51,242047,2398,0,89,0,0,0,LEADER,1,0,0,88,0,0,0,0,0,0,0,0,0,0,0
243990,39,bully,1943,1,0,0,88,0,1232,0,1,39,242047,1943,0,89,0,0,0,LEADER,1,0,0,88,0,0,0,0,0,0,0,0,0,0,0
243736,78,bully,1689,1,0,0,88,0,1232,0,1,78,242047,1689,0,89,0,0,0,LEADER,1,0,0,88,0,0,0,0,0,0,0,0,0,0,0
244124,79,bully,2077,1,0,0,88,0,1232,0,1,79,242047,2077,0,89,0,0,0,LEADER,1,0,0,88,0,0,0,0,0,0,0,0,0,0,0
243699,14,bully,1652,1,0,0,88,0,1232,0,1,14,242047,1652,0,89,0,0,0,LEADER,1,0,0,88,0,0,0,0,0,0,0,0,0,0,0
244126,36,bully,2080,1,0,0,88,0,1232,0,1,36,242046,2080,0,89,0,0,0,LEADER,1,0,0,88,0,0,0,0,0,0,0,0,0,0,0
244009,81,bully,1962,1,0,0,88,0,1232,0,1,81,242047,1962,0,89,0,0,0,LEADER,1,0,0,88,0,0,0,0,0,0,0,0,0,0,0
243669,67,bully,1622,1,0,0,88,0,1232,0,1,67,242047,1622,0,89,0,0,0,LEADER,1,0,0,88,0,0,0,0,0,0,0,0,0,0,0
244430,83,bully,2383,1,0,0,88,0,1232,0,1,83,242047,2383,0,89,0,0,0,LEADER,1,0,0,88,0,0,0,0,0,0,0,0,0,0,0
244575,99,bully,1607,1,0,0,89,0,1246,0,1,99,242968,1607,0,90,0,0,0,LEADER,1,0,0,89,0,0,0,0,0,0,0,0,0,0,0
243751,55,bully,1704,1,0,0,88,0,1232,0,1,55,242047,1704,0,89,0,0,0,LEADER,1,0,0,88,0,0,0,0,0,0,0,0,0,0,0
244542,89,bully,1574,1,0,0,89,0,1246,0,1,89,242968,1574,0,90,0,0,0,LEADER,1,0,0,89,0,0,0,0,0,0,0,0,0,0,0
243703,77,bully,1656,1,0,0,88,0,1232,0,1,77,242047,1656,0,89,0,0,0,LEADER,1,0,0,88,0,0,0,0,0,0,0,0,0,0,0
243975,71,bully,1928,1,0,0,88,0,1232,0,1,71,242047,1928,0,89,0,0,0,LEADER,1,0,0,88,0,0,0,0,0,0,0,0,0,0,0
244252,76,bully,2213,1,0,0,88,0,1232,0,1,76,242039,2213,0,89,0,0,0,LEADER,1,0,0,88,0,0,0,0,0,0,0,0,0,0,0
243889,52,bully,1840,1,0,0,88,0,1232,0,1,52,242049,1840,0,89,0,0,0,LEADER,1,0,0,88,0,0,0,0,0,0,0,0,0,0,0
243854,10,bully,1807,1,0,0,88,0,1232,0,1,10,242047,1807,0,89,0,0,0,LEADER,1,0,0,88,0,0,0,0,0,0,0,0,0,0,0
243787,22,bully,1740,1,0,0,88,0,1232,0,1,22,242047,1740,0,89,0,0,0,LEADER,1,0,0,88,0,0,0,0,0,0,0,0,0,0,0
243932,21,bully,1889,1,0,0,88,0,1232,0,1,21,242043,1889,0,89,0,0,0,LEADER,1,0,0,88,0,0,0,0,0,0,0,0,0,0,0
244193,56,bully,2146,1,0,0,88,0,1232,0,1,56,242047,2146,0,89,0,0,0,LEADER,1,0,0,88,0,0,0,0,0,0,0,0,0,0,0
243718,60,bully,1671,1,0,0,88,0,1232,0,1,60,242047,1671,0,89,0,0,0,LEADER,1,0,0,88,0,0,0,0,0,0,0,0,0,0,0
244572,25,bully,1604,1,0,0,89,0,1246,0,1,25,242968,1604,0,90,0,0,0,LEADER,1,0,0,89,0,0,0,0,0,0,0,0,0,0,0
243784,65,bully,1737,1,0,0,88,0,1232,0,1,65,242047,1737,0,89,0,0,0,LEADER,1,0,0,88,0,0,0,0,0,0,0,0,0,0,0
244460,19,bully,2413,1,0,0,88,0,1232,0,1,19,242047,2413,0,89,0,0,0,LEADER,1,0,0,88,0,0,0,0,0,0,0,0,0,0,0
244090,69,bully,2043,1,0,0,88,0,1232,0,1,69,242047,2043,0,89,0,0,0,LEADER,1,0,0,88,0,0,0,0,0,0,0,0,0,0,0
244693,54,bully,1725,1,0,0,89,0,1246,0,1,54,242968,1725,0,90,0,0,0,LEADER,1,0,0,89,0,0,0,0,0,0,0,0,0,0,0
244039,17,bully,1992,1,0,0,88,0,1232,0,1,17,242047,1992,0,89,0,0,0,LEADER,1,0,0,88,0,0,0,0,0,0,0,0,0,0,0
244554,100,bully,1586,1,0,0,89,0,1246,0,1,100,242968,1586,0,90,0,0,0,LEADER,1,0,0,89,0,0,0,0,0,0,0,0,0,0,0
244517,16,bully,1549,1,0,0,89,0,1246,0,1,16,242968,1549,0,90,0,0,0,LEADER,1,0,0,89,0,0,0,0,0,0,0,0,0,0,0
244105,37,bully,2058,1,0,0,88,0,1232,0,1,37,242047,2058,0,89,0,0,0,LEADER,1,0,0,88,0,0,0,0,0,0,0,0,0,0,0
244742,13,bully,1774,1,0,0,89,0,1246,0,1,13,242968,1774,0,90,0,0,0,LEADER,1,0,0,89,0,0,0,0,0,0,0,0,0,0,0
243902,20,bully,1855,1,0,0,88,0,1232,0,1,20,242047,1855,0,89,0,0,0,LEADER,1,0,0,88,0,0,0,0,0,0,0,0,0,0,0
244535,41,bully,1567,1,0,0,89,0,1246,0,1,41,242968,1567,0,90,0,0,0,LEADER,1,0,0,89,0,0,0,0,0,0,0,0,0,0,0
244524,47,bully,1556,1,0,0,89,0,1246,0,1,47,242968,1556,0,90,0,0,0,LEADER,1,0,0,89,0,0,0,0,0,0,0,0,0,0,0
244349,95,bully,2301,1,0,0,88,0,1232,0,1,95,242048,2301,0,89,0,0,0,LEADER,1,0,0,88,0,0,0,0,0,0,0,0,0,0,0
244212,98,bully,2165,1,0,0,88,0,1232,0,1,98,242047,2165,0,89,0,0,0,LEADER,1,0,0,88,0,0,0,0,0,0,0,0,0,0,0
244396,73,bully,2349,1,0,0,88,0,1232,0,1,73,242047,2349,0,89,0,0,0,LEADER,1,0,0,88,0,0,0,0,0,0,0,0,0,0,0
243942,61,bully,1895,1,0,0,88,0,1232,0,1,61,242047,1895,0,89,0,0,0,LEADER,1,0,0,88,0,0,0,0,0,0,0,0,0,0,0
244690,97,bully,1722,1,0,0,89,0,1246,0,1,97,242968,1722,0,90,0,0,0,LEADER,1,0,0,89,0,0,0,0,0,0,0,0,0,0,0
244720,33,bully,1752,1,0,0,89,0,1246,0,1,33,242968,1752,0,90,0,0,0,LEADER,1,0,0,89,0,0,0,0,0,0,0,0,0,0,0
244378,31,bully,2331,1,0,0,88,0,1232,0,1,31,242047,2331,0,89,0,0,0,LEADER,1,0,0,88,0,0,0,0,0,0,0,0,0,0,0
244890,40,bully,1922,1,0,0,89,0,1246,0,1,40,242968,1922,0,90,0,0,0,LEADER,1,0,0,89,0,0,0,0,0,0,0,0,0,0,0
244880,29,bully,1910,1,0,0,89,0,1246,0,1,29,242970,1910,0,90,0,0,0,LEADER,1,0,0,89,0,0,0,0,0,0,0,0,0,0,0
244707,96,bully,1744,1,0,0,89,0,1246,0,1,96,242963,1744,0,90,0,0,0,LEADER,1,0,0,89,0,0,0,0,0,0,0,0,0,0,0
244793,84,bully,1825,1,0,0,89,0,1246,0,1,84,242968,1825,0,90,0,0,0,LEADER,1,0,0,89,0,0,0,0,0,0,0,0,0,0,0
244489,80,bully,1519,1,0,0,89,0,1246,0,1,80,242970,1519,0,90,0,0,0,LEADER,1,0,0,89,0,0,0,0,0,0,0,0,0,0,0
244330,53,bully,2283,1,0,0,88,0,1232,0,1,53,242047,2283,0,89,0,0,0,LEADER,1,0,0,88,0,0,0,0,0,0,0,0,0,0,0
244406,92,bully,1438,1,0,0,89,0,1246,0,1,92,242968,1438,0,90,0,0,0,LEADER,1,0,0,89,0,0,0,0,0,0,0,0,0,0,0
244576,91,bully,1619,1,0,0,89,0,1246,0,1,91,242957,1619,0,90,0,0,0,LEADER,1,0,0,89,0,0,0,0,0,0,0,0,0,0,0
244842,62,bully,1874,1,0,0,89,0,1246,0,1,62,242968,1874,0,90,0,0,0,LEADER,1,0,0,89,0,0,0,0,0,0,0,0,0,0,0
244539,15,bully,1571,1,0,0,89,0,1246,0,1,15,242968,1571,0,90,0,0,0,LEADER,1,0,0,89,0,0,0,0,0,0,0,0,0,0,0
244208,26,bully,2161,1,0,0,88,0,1232,0,1,26,242047,2161,0,89,0,0,0,LEADER,1,0,0,88,0,0,0,0,0,0,0,0,0,0,0
244945,49,bully,1977,1,0,0,89,0,1246,0,1,49,242968,1977,0,90,0,0,0,LEADER,1,0,0,89,0,0,0,0,0,0,0,0,0,0,0
244760,58,bully,1792,1,0,0,89,0,1246,0,1,58,242968,1792,0,90,0,0,0,LEADER,1,0,0,89,0,0,0,0,0,0,0,0,0,0,0
244293,86,bully,2246,1,0,0,88,0,1232,0,1,86,242047,2246,0,89,0,0,0,LEADER,1,0,0,88,0,0,0,0,0,0,0,0,0,0,0
244466,50,bully,2419,1,0,0,88,0,1232,0,1,50,242047,2419,0,89,0,0,0,LEADER,1,0,0,88,0,0,0,0,0,0,0,0,0,0,0
244316,85,bully,2268,1,0,0,88,0,1232,0,1,85,242048,2268,0,89,0,0,0,LEADER,1,0,0,88,0,0,0,0,0,0,0,0,0,0,0
244254,87,bully,2212,1,0,0,88,0,1232,0,1,87,242042,2212,0,89,0,0,0,LEADER,1,0,0,88,0,0,0,0,0,0,0,0,0,0,0
244463,64,bully,2416,1,0,0,88,0,1232,0,1,64,242047,2416,0,89,0,0,0,LEADER,1,0,0,88,0,0,0,0,0,0,0,0,0,0,0
244312,11,bully,2264,1,0,0,88,0,1232,0,1,11,242048,2264,0,89,0,0,0,LEADER,1,0,0,88,0,0,0,0,0,0,0,0,0,0,0
244402,18,bully,1434,1,0,0,89,0,1246,0,1,18,242968,1434,0,90,0,0,0,LEADER,1,0,0,89,0,0,0,0,0,0,0,0,0,0,0
244521,90,bully,1553,1,0,0,89,0,1246,0,1,90,242968,1553,0,90,0,0,0,LEADER,1,0,0,89,0,0,0,0,0,0,0,0,0,0,0
244415,35,bully,1447,1,0,0,89,0,1246,0,1,35,242968,1447,0,90,0,0,0,LEADER,1,0,0,89,0,0,0,0,0,0,0,0,0,0,0
244296,43,bully,2249,1,0,0,88,0,1232,0,1,43,242047,2249,0,89,0,0,0,LEADER,1,0,0,88,0,0,0,0,0,0,0,0,0,0,0
244435,28,bully,1467,1,0,0,89,0,1246,0,1,28,242968,1467,0,90,0,0,0,LEADER,1,0,0,89,0,0,0,0,0,0,0,0,0,0,0
244273,44,bully,2228,1,0,0,88,0,1232,0,1,44,242045,2228,0,89,0,0,0,LEADER,1,0,0,88,0,0,0,0,0,0,0,0,0,0,0
245109,23,bully,2141,1,0,0,89,0,1246,0,1,23,242968,2141,0,90,0,0,0,LEADER,1,0,0,89,0,0,0,0,0,0,0,0,0,0,0
244429,30,bully,1461,1,0,0,89,0,1246,0,1,30,242968,1461,0,90,0,0,0,LEADER,1,0,0,89,0,0,0,0,0,0,0,0,0,0,0
244829,94,bully,1859,1,0,0,89,0,1246,0,1,94,242970,1859,0,90,0,0,0,LEADER,1,0,0,89,0,0,0,0,0,0,0,0,0,0,0
244469,38,bully,1501,1,0,0,89,0,1246,0,1,38,242968,1501,0,90,0,0,0,LEADER,1,0,0,89,0,0,0,0,0,0,0,0,0,0,0
245148,66,bully,2180,1,0,0,89,0,1246,0,1,66,242968,2180,0,90,0,0,0,LEADER,1,0,0,89,0,0,0,0,0,0,0,0,0,0,0
244454,70,bully,1486,1,0,0,89,0,1246,0,1,70,242968,1486,0,90,0,0,0,LEADER,1,0,0,89,0,0,0,0,0,0,0,0,0,0,0
245099,88,bully,2131,1,0,0,89,0,1246,0,1,88,242968,2131,0,90,0,0,0,LEADER,1,0,0,89,0,0,0,0,0,0,0,0,0,0,0
244282,75,bully,2235,1,0,0,88,0,1232,0,1,75,242047,2235,0,89,0,0,0,LEADER,1,0,0,88,0,0,0,0,0,0,0,0,0,0,0
244292,12,bully,2243,1,0,0,88,0,1232,0,1,12,242049,2243,0,89,0,0,0,LEADER,1,0,0,88,0,0,0,0,0,0,0,0,0,0,0
244993,27,bully,2025,1,0,0,89,0,1246,0,1,27,242968,2025,0,90,0,0,0,LEADER,1,0,0,89,0,0,0,0,0,0,0,0,0,0,0
244482,42,bully,1514,1,0,0,89,0,1246,0,1,42,242968,1514,0,90,0,0,0,LEADER,1,0,0,89,0,0,0,0,0,0,0,0,0,0,0
245129,24,bully,2161,1,0,0,89,0,1246,0,1,24,242968,2161,0,90,0,0,0,LEADER,1,0,0,89,0,0,0,0,0,0,0,0,0,0,0
245081,46,bully,2113,1,0,0,89,0,1246,0,1,46,242968,2113,0,90,0,0,0,LEADER,1,0,0,89,0,0,0,0,0,0,0,0,0,0,0
244978,59,bully,2010,1,0,0,89,0,1246,0,1,59,242968,2010,0,90,0,0,0,LEADER,1,0,0,89,0,0,0,0,0,0,0,0,0,0,0
244606,34,bully,1637,1,0,0,89,0,1246,0,1,34,242969,1637,0,90,0,0,0,LEADER,1,0,0,89,0,0,0,0,0,0,0,0,0,0,0
245260,32,bully,2292,1,0,0,89,0,1246,0,1,32,242968,2292,0,90,0,0,0,LEADER,1,0,0,89,0,0,0,0,0,0,0,0,0,0,0
244875,72,bully,1907,1,0,0,89,0,1246,0,1,72,242968,1907,0,90,0,0,0,LEADER,1,0,0,89,0,0,0,0,0,0,0,0,0,0,0
245287,63,bully,2316,1,0,0,89,0,1246,0,1,63,242971,2316,0,90,0,0,0,LEADER,1,0,0,89,0,0,0,0,0,0,0,0,0,0,0
244760,74,bully,1792,1,0,0,89,0,1246,0,1,74,242968,1792,0,90,0,0,0,LEADER,1,0,0,89,0,0,0,0,0,0,0,0,0,0,0
244502,48,bully,1534,1,0,0,89,0,1246,0,1,48,242968,1534,0,90,0,0,0,LEADER,1,0,0,89,0,0,0,0,0,0,0,0,0,0,0
244965,57,bully,1995,1,0,0,89,0,1246,0,1,57,242970,1995,0,90,0,0,0,LEADER,1,0,0,89,0,0,0,0,0,0,0,0,0,0,0
245033,68,bully,2065,1,0,0,89,0,1246,0,1,68,242968,2065,0,90,0,0,0,LEADER,1,0,0,89,0,0,0,0,0,0,0,0,0,0,0
244434,45,bully,1466,1,0,0,89,0,1246,0,1,45,242968,1466,0,90,0,0,0,LEADER,1,0,0,89,0,0,0,0,0,0,0,0,0,0,0
244791,93,bully,1823,1,0,0,89,0,1246,0,1,93,242968,1823,0,90,0,0,0,LEADER,1,0,0,89,0,0,0,0,0,0,0,0,0,0,0
245372,82,bully,2404,1,0,0,89,0,1246,0,1,82,242968,2404,0,90,0,0,0,LEADER,1,0,0,89,0,0,0,0,0,0,0,0,0,0,0
245366,51,bully,2398,1,0,0,89,0,1246,0,1,51,242968,2398,0,90,0,0,0,LEADER,1,0,0,89,0,0,0,0,0,0,0,0,0,0,0
244911,39,bully,1943,1,0,0,89,0,1246,0,1,39,242968,1943,0,90,0,0,0,LEADER,1,0,0,89,0,0,0,0,0,0,0,0,0,0,0
244657,78,bully,1689,1,0,0,89,0,1246,0,1,78,242968,1689,0,90,0,0,0,LEADER,1,0,0,89,0,0,0,0,0,0,0,0,0,0,0
245045,79,bully,2077,1,0,0,89,0,1246,0,1,79,242968,2077,0,90,0,0,0,LEADER,1,0,0,89,0,0,0,0,0,0,0,0,0,0,0
244620,14,bully,1652,1,0,0,89,0,1246,0,1,14,242968,1652,0,90,0,0,0,LEADER,1,0,0,89,0,0,0,0,0,0,0,0,0,0,0
245047,36,bully,2080,1,0,0,89,0,1246,0,1,36,242967,2080,0,90,0,0,0,LEADER,1,0,0,89,0,0,0,0,0,0,0,0,0,0,0
244930,81,bully,1962,1,0,0,89,0,1246,0,1,81,242968,1962,0,90,0,0,0,LEADER,1,0,0,89,0,0,0,0,0,0,0,0,0,0,0
244590,67,bully,1622,1,0,0,89,0,1246,0,1,67,242968,1622,0,90,0,0,0,LEADER,1,0,0,89,0,0,0,0,0,0,0,0,0,0,0
245351,83,bully,2383,1,0,0,89,0,1246,0,1,83,242968,2383,0,90,0,0,0,LEADER,1,0,0,89,0,0,0,0,0,0,0,0,0,0,0
245495,99,bully,1607,1,0,0,89,0,1246,0,1,99,243888,1607,0,90,0,0,0,LEADER,1,0,0,89,0,0,0,0,0,0,0,0,0,0,0
244672,55,bully,1704,1,0,0,89,0,1246,0,1,55,242968,1704,0,90,0,0,0,LEADER,1,0,0,89,0,0,0,0,0,0,0,0,0,0,0
245462,89,bully,1574,1,0,0,89,0,1246,0,1,89,243888,1574,0,90,0,0,0,LEADER,1,0,0,89,0,0,0,0,0,0,0,0,0,0,0
244624,77,bully,1656,1,0,0,89,0,1246,0,1,77,242968,1656,0,90,0,0,0,LEADER,1,0,0,89,0,0,0,0,0,0,0,0,0,0,0
244896,71,bully,1928,1,0,0,89,0,1246,0,1,71,242968,1928,0,90,0,0,0,LEADER,1,0,0,89,0,0,0,0,0,0,0,0,0,0,0
245173,76,bully,2213,1,0,0,89,0,1246,0,1,76,242960,2213,0,90,0,0,0,LEADER,1,0,0,89,0,0,0,0,0,0,0,0,0,0,0
244810,52,bully,1840,1,0,0,89,0,1246,0,1,52,242970,1840,0,90,0,0,0,LEADER,1,0,0,89,0,0,0,0,0,0,0,0,0,0,0
244775,10,bully,1807,1,0,0,89,0,1246,0,1,10,242968,1807,0,90,0,0,0,LEADER,1,0,0,89,0,0,0,0,0,0,0,0,0,0,0
244708,22,bully,1740,1,0,0,89,0,1246,0,1,22,242968,1740,0,90,0,0,0,LEADER,1,0,0,89,0,0,0,0,0,0,0,0,0,0,0
244853,21,bully,1889,1,0,0,89,0,1246,0,1,21,242964,1889,0,90,0,0,0,LEADER,1,0,0,89,0,0,0,0,0,0,0,0,0,0,0
245114,56,bully,2146,1,0,0,89,0,1246,0,1,56,242968,2146,0,90,0,0,0,LEADER,1,0,0,89,0,0,0,0,0,0,0,0,0,0,0
244639,60,bully,1671,1,0,0,89,0,1246,0,1,60,242968,1671,0,90,0,0,0,LEADER,1,0,0,89,0,0,0,0,0,0,0,0,0,0,0
245492,25,bully,1604,1,0,0,89,0,1246,0,1,25,243888,1604,0,90,0,0,0,LEADER,1,0,0,89,0,0,0,0,0,0,0,0,0,0,0
244705,65,bully,1737,1,0,0,89,0,1246,0,1,65,242968,1737,0,90,0,0,0,LEADER,1,0,0,89,0,0,0,0,0,0,0,0,0,0,0
245381,19,bully,2413,1,0,0,89,0,1246,0,1,19,242968,2413,0,90,0,0,0,LEADER,1,0,0,89,0,0,0,0,0,0,0,0,0,0,0
245011,69,bully,2043,1,0,0,89,0,1246,0,1,69,242968,2043,0,90,0,0,0,LEADER,1,0,0,89,0,0,0,0,0,0,0,0,0,0,0
245613,54,bully,1725,1,0,0,89,0,1246,0,1,54,243888,1725,0,90,0,0,0,LEADER,1,0,0,89,0,0,0,0,0,0,0,0,0,0,0
244960,17,bully,1992,1,0,0,89,0,1246,0,1,17,242968,1992,0,90,0,0,0,LEADER,1,0,0,89,0,0,0,0,0,0,0,0,0,0,0
245474,100,bully,1586,1,0,0,89,0,1246,0,1,100,243888,1586,0,90,0,0,0,LEADER,1,0,0,89,0,0,0,0,0,0,0,0,0,0,0
245437,16,bully,1549,1,0,0,89,0,1246,0,1,16,243888,1549,0,90,0,0,0,LEADER,1,0,0,89,0,0,0,0,0,0,0,0,0,0,0
245026,37,bully,2058,1,0,0,89,0,1246,0,1,37,242968,2058,0,90,0,0,0,LEADER,1,0,0,89,0,0,0,0,0,0,0,0,0,0,0
245662,13,bully,1774,1,0,0,89,0,1246,0,1,13,243888,1774,0,90,0,0,0,LEADER,1,0,0,89,0,0,0,0,0,0,0,0,0,0,0
244823,20,bully,1855,1,0,0,89,0,1246,0,1,20,242968,1855,0,90,0,0,0,LEADER,1,0,0,89,0,0,0,0,0,0,0,0,0,0,0
245455,41,bully,1567,1,0,0,89,0,1246,0,1,41,243888,1567,0,90,0,0,0,LEADER,1,0,0,89,0,0,0,0,0,0,0,0,0,0,0
245444,47,bully,1556,1,0,0,89,0,1246,0,1,47,243888,1556,0,90,0,0,0,LEADER,1,0,0,89,0,0,0,0,0,0,0,0,0,0,0
245270,95,bully,2301,1,0,0,89,0,1246,0,1,95,242969,2301,0,90,0,0,0,LEADER,1,0,0,89,0,0,0,0,0,0,0,0,0,0,0
245133,98,bully,2165,1,0,0,89,0,1246,0,1,98,242968,2165,0,90,0,0,0,LEADER,1,0,0,89,0,0,0,0,0,0,0,0,0,0,0
245317,73,bully,2349,1,0,0,89,0,1246,0,1,73,242968,2349,0,90,0,0,0,LEADER,1,0,0,89,0,0,0,0,0,0,0,0,0,0,0
245640,33,bully,1752,1,0,0,89,0,1246,0,1,33,243888,1752,0,90,0,0,0,LEADER,1,0,0,89,0,0,0,0,0,0,0,0,0,0,0
244863,61,bully,1895,1,0,0,89,0,1246,0,1,61,242968,1895,0,90,0,0,0,LEADER,1,0,0,89,0,0,0,0,0,0,0,0,0,0,0
245610,97,bully,1722,1,0,0,89,0,1246,0,1,97,243888,1722,0,90,0,0,0,LEADER,1,0,0,89,0,0,0,0,0,0,0,0,0,0,0
245810,40,bully,1922,1,0,0,89,0,1246,0,1,40,243888,1922,0,90,0,0,0,LEADER,1,0,0,89,0,0,0,0,0,0,0,0,0,0,0
245299,31,bully,2331,1,0,0,89,0,1246,0,1,31,242968,2331,0,90,0,0,0,LEADER,1,0,0,89,0,0,0,0,0,0,0,0,0,0,0
245800,29,bully,1910,1,0,0,89,0,1246,0,1,29,243890,1910,0,90,0,0,0,LEADER,1,0,0,89,0,0,0,0,0,0,0,0,0,0,0
245627,96,bully,1744,1,0,0,89,0,1246,0,1,96,243883,1744,0,90,0,0,0,LEADER,1,0,0,89,0,0,0,0,0,0,0,0,0,0,0
245713,84,bully,1825,1,0,0,89,0,1246,0,1,84,243888,1825,0,90,0,0,0,LEADER,1,0,0,89,0,0,0,0,0,0,0,0,0,0,0
245409,80,bully,1519,1,0,0,89,0,1246,0,1,80,243890,1519,0,90,0,0,0,LEADER,1,0,0,89,0,0,0,0,0,0,0,0,0,0,0
245251,53,bully,2283,1,0,0,89,0,1246,0,1,53,242968,2283,0,90,0,0,0,LEADER,1,0,0,89,0,0,0,0,0,0,0,0,0,0,0
245326,92,bully,1438,1,0,0,89,0,1246,0,1,92,243888,1438,0,90,0,0,0,LEADER,1,0,0,89,0,0,0,0,0,0,0,0,0,0,0
245496,91,bully,1619,1,0,0,89,0,1246,0,1,91,243877,1619,0,90,0,0,0,LEADER,1,0,0,89,0,0,0,0,0,0,0,0,0,0,0
245762,62,bully,1874,1,0,0,89,0,1246,0,1,62,243888,1874,0,90,0,0,0,LEADER,1,0,0,89,0,0,0,0,0,0,0,0,0,0,0
245459,15,bully,1571,1,0,0,89,0,1246,0,1,15,243888,1571,0,90,0,0,0,LEADER,1,0,0,89,0,0,0,0,0,0,0,0,0,0,0
245129,26,bully,2161,1,0,0,89,0,1246,0,1,26,242968,2161,0,90,0,0,0,LEADER,1,0,0,89,0,0,0,0,0,0,0,0,0,0,0
245865,49,bully,1977,1,0,0,89,0,1246,0,1,49,243888,1977,0,90,0,0,0,LEADER,1,0,0,89,0,0,0,0,0,0,0,0,0,0,0
245680,58,bully,1792,1,0,0,89,0,1246,0,1,58,243888,1792,0,90,0,0,0,LEADER,1,0,0,89,0,0,0,0,0,0,0,0,0,0,0
245214,86,bully,2246,1,0,0,89,0,1246,0,1,86,242968,2246,0,90,0,0,0,LEADER,1,0,0,89,0,0,0,0,0,0,0,0,0,0,0
245387,50,bully,2419,1,0,0,89,0,1246,0,1,50,242968,2419,0,90,0,0,0,LEADER,1,0,0,89,0,0,0,0,0,0,0,0,0,0,0
245175,87,bully,2212,1,0,0,89,0,1246,0,1,87,242963,2212,0,90,0,0,0,LEADER,1,0,0,89,0,0,0,0,0,0,0,0,0,0,0
245237,85,bully,2268,1,0,0,89,0,1246,0,1,85,242969,2268,0,90,0,0,0,LEADER,1,0,0,89,0,0,0,0,0,0,0,0,0,0,0
245384,64,bully,2416,1,0,0,89,0,1246,0,1,64,242968,2416,0,90,0,0,0,LEADER,1,0,0,89,0,0,0,0,0,0,0,0,0,0,0
245322,18,bully,1434,1,0,0,89,0,1246,0,1,18,243888,1434,0,90,0,0,0,LEADER,1,0,0,89,0,0,0,0,0,0,0,0,0,0,0
245233,11,bully,2264,1,0,0,89,0,1246,0,1,11,242969,2264,0,90,0,0,0,LEADER,1,0,0,89,0,0,0,0,0,0,0,0,0,0,0
245441,90,bully,1553,1,0,0,89,0,1246,0,1,90,243888,1553,0,90,0,0,0,LEADER,1,0,0,89,0,0,0,0,0,0,0,0,0,0,0
245335,35,bully,1447,1,0,0,89,0,1246,0,1,35,243888,1447,0,90,0,0,0,LEADER,1,0,0,89,0,0,0,0,0,0,0,0,0,0,0
245217,43,bully,2249,1,0,0,89,0,1246,0,1,43,242968,2249,0,90,0,0,0,LEADER,1,0,0,89,0,0,0,0,0,0,0,0,0,0,0
245355,28,bully,1467,1,0,0,89,0,1246,0,1,28,243888,1467,0,90,0,0,0,LEADER,1,0,0,89,0,0,0,0,0,0,0,0,0,0,0
245194,44,bully,2228,1,0,0,89,0,1246,0,1,44,242966,2228,0,90,0,0,0,LEADER,1,0,0,89,0,0,0,0,0,0,0,0,0,0,0
246029,23,bully,2141,1,0,0,89,0,1246,0,1,23,243888,2141,0,90,0,0,0,LEADER,1,0,0,89,0,0,0,0,0,0,0,0,0,0,0
245349,30,bully,1461,1,0,0,89,0,1246,0,1,30,243888,1461,0,90,0,0,0,LEADER,1,0,0,89,0,0,0,0,0,0,0,0,0,0,0
245749,94,bully,1859,1,0,0,89,0,1246,0,1,94,243890,1859,0,90,0,0,0,LEADER,1,0,0,89,0,0,0,0,0,0,0,0,0,0,0
245389,38,bully,1501,1,0,0,89,0,1246,0,1,38,243888,1501,0,90,0,0,0,LEADER,1,0,0,89,0,0,0,0,0,0,0,0,0,0,0
246068,66,bully,2180,1,0,0,89,0,1246,0,1,66,243888,2180,0,90,0,0,0,LEADER,1,0,0,89,0,0,0,0,0,0,0,0,0,0,0
245374,70,bully,1486,1,0,0,89,0,1246,0,1,70,243888,1486,0,90,0,0,0,LEADER,1,0,0,89,0,0,0,0,0,0,0,0,0,0,0
246019,88,bully,2131,1,0,0,89,0,1246,0,1,88,243888,2131,0,90,0,0,0,LEADER,1,0,0,89,0,0,0,0,0,0,0,0,0,0,0
245203,75,bully,2235,1,0,0,89,0,1246,0,1,75,242968,2235,0,90,0,0,0,LEADER,1,0,0,89,0,0,0,0,0,0,0,0,0,0,0
245213,12,bully,2243,1,0,0,89,0,1246,0,1,12,242970,2243,0,90,0,0,0,LEADER,1,0,0,89,0,0,0,0,0,0,0,0,0,0,0
245913,27,bully,2025,1,0,0,89,0,1246,0,1,27,243888,2025,0,90,0,0,0,LEADER,1,0,0,89,0,0,0,0,0,0,0,0,0,0,0
245402,42,bully,1514,1,0,0,89,0,1246,0,1,42,243888,1514,0,90,0,0,0,LEADER,1,0,0,89,0,0,0,0,0,0,0,0,0,0,0
246049,24,bully,2161,1,0,0,89,0,1246,0,1,24,243888,2161,0,90,0,0,0,LEADER,1,0,0,89,0,0,0,0,0,0,0,0,0,0,0
246001,46,bully,2113,1,0,0,89,0,1246,0,1,46,243888,2113,0,90,0,0,0,LEADER,1,0,0,89,0,0,0,0,0,0,0,0,0,0,0
245898,59,bully,2010,1,0,0,89,0,1246,0,1,59,243888,2010,0,90,0,0,0,LEADER,1,0,0,89,0,0,0,0,0,0,0,0,0,0,0
245526,34,bully,1637,1,0,0,89,0,1246,0,1,34,243889,1637,0,90,0,0,0,LEADER,1,0,0,89,0,0,0,0,0,0,0,0,0,0,0
246180,32,bully,2292,1,0,0,89,0,1246,0,1,32,243888,2292,0,90,0,0,0,LEADER,1,0,0,89,0,0,0,0,0,0,0,0,0,0,0
245795,72,bully,1907,1,0,0,89,0,1246,0,1,72,243888,1907,0,90,0,0,0,LEADER,1,0,0,89,0,0,0,0,0,0,0,0,0,0,0
246207,63,bully,2316,1,0,0,89,0,1246,0,1,63,243891,2316,0,90,0,0,0,LEADER,1,0,0,89,0,0,0,0,0,0,0,0,0,0,0
245680,74,bully,1792,1,0,0,89,0,1246,0,1,74,243888,1792,0,90,0,0,0,LEADER,1,0,0,89,0,0,0,0,0,0,0,0,0,0,0
245422,48,bully,1534,1,0,0,89,0,1246,0,1,48,243888,1534,0,90,0,0,0,LEADER,1,0,0,89,0,0,0,0,0,0,0,0,0,0,0
245885,57,bully,1995,1,0,0,89,0,1246,0,1,57,243890,1995,0,90,0,0,0,LEADER,1,0,0,89,0,0,0,0,0,0,0,0,0,0,0
245953,68,bully,2065,1,0,0,89,0,1246,0,1,68,243888,2065,0,90,0,0,0,LEADER,1,0,0,89,0,0,0,0,0,0,0,0,0,0,0
245354,45,bully,1466,1,0,0,89,0,1246,0,1,45,243888,1466,0,90,0,0,0,LEADER,1,0,0,89,0,0,0,0,0,0,0,0,0,0,0
245711,93,bully,1823,1,0,0,89,0,1246,0,1,93,243888,1823,0,90,0,0,0,LEADER,1,0,0,89,0,0,0,0,0,0,0,0,0,0,0
246292,82,bully,2404,1,0,0,89,0,1246,0,1,82,243888,2404,0,90,0,0,0,LEADER,1,0,0,89,0,0,0,0,0,0,0,0,0,0,0
246286,51,bully,2398,1,0,0,89,0,1246,0,1,51,243888,2398,0,90,0,0,0,LEADER,1,0,0,89,0,0,0,0,0,0,0,0,0,0,0
245831,39,bully,1943,1,0,0,89,0,1246,0,1,39,243888,1943,0,90,0,0,0,LEADER,1,0,0,89,0,0,0,0,0,0,0,0,0,0,0
245577,78,bully,1689,1,0,0,89,0,1246,0,1,78,243888,1689,0,90,0,0,0,LEADER,1,0,0,89,0,0,0,0,0,0,0,0,0,0,0
245965,79,bully,2077,1,0,0,89,0,1246,0,1,79,243888,2077,0,90,0,0,0,LEADER,1,0,0,89,0,0,0,0,0,0,0,0,0,0,0
245540,14,bully,1652,1,0,0,89,0,1246,0,1,14,243888,1652,0,90,0,0,0,LEADER,1,0,0,89,0,0,0,0,0,0,0,0,0,0,0
245967,36,bully,2080,1,0,0,89,0,1246,0,1,36,243887,2080,0,90,0,0,0,LEADER,1,0,0,89,0,0,0,0,0,0,0,0,0,0,0
245850,81,bully,1962,1,0,0,89,0,1246,0,1,81,243888,1962,0,90,0,0,0,LEADER,1,0,0,89,0,0,0,0,0,0,0,0,0,0,0
245510,67,bully,1622,1,0,0,89,0,1246,0,1,67,243888,1622,0,90,0,0,0,LEADER,1,0,0,89,0,0,0,0,0,0,0,0,0,0,0
246271,83,bully,2383,1,0,0,89,0,1246,0,1,83,243888,2383,0,90,0,0,0,LEADER,1,0,0,89,0,0,0,0,0,0,0,0,0,0,0
246415,99,bully,1607,1,0,0,89,0,1246,0,1,99,244808,1607,0,90,0,0,0,LEADER,1,0,0,89,0,0,0,0,0,0,0,0,0,0,0
245592,55,bully,1704,1,0,0,89,0,1246,0,1,55,243888,1704,0,90,0,0,0,LEADER,1,0,0,89,0,0,0,0,0,0,0,0,0,0,0
246382,89,bully,1574,1,0,0,89,0,1246,0,1,89,244808,1574,0,90,0,0,0,LEADER,1,0,0,89,0,0,0,0,0,0,0,0,0,0,0
245544,77,bully,1656,1,0,0,89,0,1246,0,1,77,243888,1656,0,90,0,0,0,LEADER,1,0,0,89,0,0,0,0,0,0,0,0,0,0,0
245816,71,bully,1928,1,0,0,89,0,1246,0,1,71,243888,1928,0,90,0,0,0,LEADER,1,0,0,89,0,0,0,0,0,0,0,0,0,0,0
246093,76,bully,2213,1,0,0,89,0,1246,0,1,76,243880,2213,0,90,0,0,0,LEADER,1,0,0,89,0,0,0,0,0,0,0,0,0,0,0
245730,52,bully,1840,1,0,0,89,0,1246,0,1,52,243890,1840,0,90,0,0,0,LEADER,1,0,0,89,0,0,0,0,0,0,0,0,0,0,0
245695,10,bully,1807,1,0,0,89,0,1246,0,1,10,243888,1807,0,90,0,0,0,LEADER,1,0,0,89,0,0,0,0,0,0,0,0,0,0,0
245628,22,bully,1740,1,0,0,89,0,1246,0,1,22,243888,1740,0,90,0,0,0,LEADER,1,0,0,89,0,0,0,0,0,0,0,0,0,0,0
245773,21,bully,1889,1,0,0,89,0,1246,0,1,21,243884,1889,0,90,0,0,0,LEADER,1,0,0,89,0,0,0,0,0,0,0,0,0,0,0
246034,56,bully,2146,1,0,0,89,0,1246,0,1,56,243888,2146,0,90,0,0,0,LEADER,1,0,0,89,0,0,0,0,0,0,0,0,0,0,0
245559,60,bully,1671,1,0,0,89,0,1246,0,1,60,243888,1671,0,90,0,0,0,LEADER,1,0,0,89,0,0,0,0,0,0,0,0,0,0,0
246412,25,bully,1604,1,0,0,89,0,1246,0,1,25,244808,1604,0,90,0,0,0,LEADER,1,0,0,89,0,0,0,0,0,0,0,0,0,0,0
245625,65,bully,1737,1,0,0,89,0,1246,0,1,65,243888,1737,0,90,0,0,0,LEADER,1,0,0,89,0,0,0,0,0,0,0,0,0,0,0
246301,19,bully,2413,1,0,0,89,0,1246,0,1,19,243888,2413,0,90,0,0,0,LEADER,1,0,0,89,0,0,0,0,0,0,0,0,0,0,0
245931,69,bully,2043,1,0,0,89,0,1246,0,1,69,243888,2043,0,90,0,0,0,LEADER,1,0,0,89,0,0,0,0,0,0,0,0,0,0,0
246533,54,bully,1725,1,0,0,89,0,1246,0,1,54,244808,1725,0,90,0,0,0,LEADER,1,0,0,89,0,0,0,0,0,0,0,0,0,0,0
245720,3,bully,1903,1,0,0,12,28,168,392,4,2,243817,1903,0,8,0,0,0,NORMAL,0,0,0,12,0,0,0,28,0,0,0,0,0,0,0
245880,17,bully,1992,1,0,0,89,0,1246,0,1,17,243888,1992,0,90,0,0,0,LEADER,1,0,0,89,0,0,0,0,0,0,0,0,0,0,0
246394,100,bully,1586,1,0,0,89,0,1246,0,1,100,244808,1586,0,90,0,0,0,LEADER,1,0,0,89,0,0,0,0,0,0,0,0,0,0,0
246357,16,bully,1549,1,0,0,89,0,1246,0,1,16,244808,1549,0,90,0,0,0,LEADER,1,0,0,89,0,0,0,0,0,0,0,0,0,0,0
245946,37,bully,2058,1,0,0,89,0,1246,0,1,37,243888,2058,0,90,0,0,0,LEADER,1,0,0,89,0,0,0,0,0,0,0,0,0,0,0
246582,13,bully,1774,1,0,0,89,0,1246,0,1,13,244808,1774,0,90,0,0,0,LEADER,1,0,0,89,0,0,0,0,0,0,0,0,0,0,0
245743,20,bully,1855,1,0,0,89,0,1246,0,1,20,243888,1855,0,90,0,0,0,LEADER,1,0,0,89,0,0,0,0,0,0,0,0,0,0,0
246375,41,bully,1567,1,0,0,89,0,1246,0,1,41,244808,1567,0,90,0,0,0,LEADER,1,0,0,89,0,0,0,0,0,0,0,0,0,0,0
246364,47,bully,1556,1,0,0,89,0,1246,0,1,47,244808,1556,0,90,0,0,0,LEADER,1,0,0,89,0,0,0,0,0,0,0,0,0,0,0
246190,95,bully,2301,1,0,0,89,0,1246,0,1,95,243889,2301,0,90,0,0,0,LEADER,1,0,0,89,0,0,0,0,0,0,0,0,0,0,0
246053,98,bully,2165,1,0,0,89,0,1246,0,1,98,243888,2165,0,90,0,0,0,LEADER,1,0,0,89,0,0,0,0,0,0,0,0,0,0,0
246237,73,bully,2349,1,0,0,89,0,1246,0,1,73,243888,2349,0,90,0,0,0,LEADER,1,0,0,89,0,0,0,0,0,0,0,0,0,0,0
246560,33,bully,1752,1,0,0,89,0,1246,0,1,33,244808,1752,0,90,0,0,0,LEADER,1,0,0,89,0,0,0,0,0,0,0,0,0,0,0
245783,61,bully,1895,1,0,0,89,0,1246,0,1,61,243888,1895,0,90,0,0,0,LEADER,1,0,0,89,0,0,0,0,0,0,0,0,0,0,0
246530,97,bully,1722,1,0,0,89,0,1246,0,1,97,244808,1722,0,90,0,0,0,LEADER,1,0,0,89,0,0,0,0,0,0,0,0,0,0,0
246730,40,bully,1922,1,0,0,89,0,1246,0,1,40,244808,1922,0,90,0,0,0,LEADER,1,0,0,89,0,0,0,0,0,0,0,0,0,0,0
246219,31,bully,2331,1,0,0,89,0,1246,0,1,31,243888,2331,0,90,0,0,0,LEADER,1,0,0,89,0,0,0,0,0,0,0,0,0,0,0
246720,29,bully,1910,1,0,0,89,0,1246,0,1,29,244810,1910,0,90,0,0,0,LEADER,1,0,0,89,0,0,0,0,0,0,0,0,0,0,0
246547,96,bully,1744,1,0,0,89,0,1246,0,1,96,244803,1744,0,90,0,0,0,LEADER,1,0,0,89,0,0,0,0,0,0,0,0,0,0,0
246633,84,bully,1825,1,0,0,89,0,1246,0,1,84,244808,1825,0,90,0,0,0,LEADER,1,0,0,89,0,0,0,0,0,0,0,0,0,0,0
246329,80,bully,1519,1,0,0,89,0,1246,0,1,80,244810,1519,0,90,0,0,0,LEADER,1,0,0,89,0,0,0,0,0,0,0,0,0,0,0
246171,53,bully,2283,1,0,0,89,0,1246,0,1,53,243888,2283,0,90,0,0,0,LEADER,1,0,0,89,0,0,0,0,0,0,0,0,0,0,0
246246,92,bully,1438,1,0,0,89,0,1246,0,1,92,244808,1438,0,90,0,0,0,LEADER,1,0,0,89,0,0,0,0,0,0,0,0,0,0,0
246416,91,bully,1619,1,0,0,89,0,1246,0,1,91,244797,1619,0,90,0,0,0,LEADER,1,0,0,89,0,0,0,0,0,0,0,0,0,0,0
246682,62,bully,1874,1,0,0,89,0,1246,0,1,62,244808,1874,0,90,0,0,0,LEADER,1,0,0,89,0,0,0,0,0,0,0,0,0,0,0
246379,15,bully,1571,1,0,0,89,0,1246,0,1,15,244808,1571,0,90,0,0,0,LEADER,1,0,0,89,0,0,0,0,0,0,0,0,0,0,0
246049,26,bully,2161,1,0,0,89,0,1246,0,1,26,243888,2161,0,90,0,0,0,LEADER,1,0,0,89,0,0,0,0,0,0,0,0,0,0,0
246785,49,bully,1977,1,0,0,89,0,1246,0,1,49,244808,1977,0,90,0,0,0,LEADER,1,0,0,89,0,0,0,0,0,0,0,0,0,0,0
246600,58,bully,1792,1,0,0,89,0,1246,0,1,58,244808,1792,0,90,0,0,0,LEADER,1,0,0,89,0,0,0,0,0,0,0,0,0,0,0
246134,86,bully,2246,1,0,0,89,0,1246,0,1,86,243888,2246,0,90,0,0,0,LEADER,1,0,0,89,0,0,0,0,0,0,0,0,0,0,0
246307,50,bully,2419,1,0,0,89,0,1246,0,1,50,243888,2419,0,90,0,0,0,LEADER,1,0,0,89,0,0,0,0,0,0,0,0,0,0,0
246095,87,bully,2212,1,0,0,89,0,1246,0,1,87,243883,2212,0,90,0,0,0,LEADER,1,0,0,89,0,0,0,0,0,0,0,0,0,0,0
246157,85,bully,2268,1,0,0,89,0,1246,0,1,85,243889,2268,0,90,0,0,0,LEADER,1,0,0,89,0,0,0,0,0,0,0,0,0,0,0
246304,64,bully,2416,1,0,0,89,0,1246,0,1,64,243888,2416,0,90,0,0,0,LEADER,1,0,0,89,0,0,0,0,0,0,0,0,0,0,0
246242,18,bully,1434,1,0,0,89,0,1246,0,1,18,244808,1434,0,90,0,0,0,LEADER,1,0,0,89,0,0,0,0,0,0,0,0,0,0,0
246153,11,bully,2264,1,0,0,89,0,1246,0,1,11,243889,2264,0,90,0,0,0,LEADER,1,0,0,89,0,0,0,0,0,0,0,0,0,0,0
246361,90,bully,1553,1,0,0,89,0,1246,0,1,90,244808,1553,0,90,0,0,0,LEADER,1,0,0,89,0,0,0,0,0,0,0,0,0,0,0
246255,35,bully,1447,1,0,0,89,0,1246,0,1,35,244808,1447,0,90,0,0,0,LEADER,1,0,0,89,0,0,0,0,0,0,0,0,0,0,0
246137,43,bully,2249,1,0,0,89,0,1246,0,1,43,243888,2249,0,90,0,0,0,LEADER,1,0,0,89,0,0,0,0,0,0,0,0,0,0,0
246275,28,bully,1467,1,0,0,89,0,1246,0,1,28,244808,1467,0,90,0,0,0,LEADER,1,0,0,89,0,0,0,0,0,0,0,0,0,0,0
246114,44,bully,2228,1,0,0,89,0,1246,0,1,44,243886,2228,0,90,0,0,0,LEADER,1,0,0,89,0,0,0,0,0,0,0,0,0,0,0
246949,23,bully,2141,1,0,0,89,0,1246,0,1,23,244808,2141,0,90,0,0,0,LEADER,1,0,0,89,0,0,0,0,0,0,0,0,0,0,0
246269,30,bully,1461,1,0,0,89,0,1246,0,1,30,244808,1461,0,90,0,0,0,LEADER,1,0,0,89,0,0,0,0,0,0,0,0,0,0,0
246669,94,bully,1859,1,0,0,89,0,1246,0,1,94,244810,1859,0,90,0,0,0,LEADER,1,0,0,89,0,0,0,0,0,0,0,0,0,0,0
246309,38,bully,1501,1,0,0,89,0,1246,0,1,38,244808,1501,0,90,0,0,0,LEADER,1,0,0,89,0,0,0,0,0,0,0,0,0,0,0
246988,66,bully,2180,1,0,0,89,0,1246,0,1,66,244808,2180,0,90,0,0,0,LEADER,1,0,0,89,0,0,0,0,0,0,0,0,0,0,0
246294,70,bully,1486,1,0,0,89,0,1246,0,1,70,244808,1486,0,90,0,0,0,LEADER,1,0,0,89,0,0,0,0,0,0,0,0,0,0,0
246939,88,bully,2131,1,0,0,89,0,1246,0,1,88,244808,2131,0,90,0,0,0,LEADER,1,0,0,89,0,0,0,0,0,0,0,0,0,0,0
246123,75,bully,2235,1,0,0,89,0,1246,0,1,75,243888,2235,0,90,0,0,0,LEADER,1,0,0,89,0,0,0,0,0,0,0,0,0,0,0
246133,12,bully,2243,1,0,0,89,0,1246,0,1,12,243890,2243,0,90,0,0,0,LEADER,1,0,0,89,0,0,0,0,0,0,0,0,0,0,0
246833,27,bully,2025,1,0,0,89,0,1246,0,1,27,244808,2025,0,90,0,0,0,LEADER,1,0,0,89,0,0,0,0,0,0,0,0,0,0,0
246322,42,bully,1514,1,0,0,89,0,1246,0,1,42,244808,1514,0,90,0,0,0,LEADER,1,0,0,89,0,0,0,0,0,0,0,0,0,0,0
246969,24,bully,2161,1,0,0,89,0,1246,0,1,24,244808,2161,0,90,0,0,0,LEADER,1,0,0,89,0,0,0,0,0,0,0,0,0,0,0
246921,46,bully,2113,1,0,0,89,0,1246,0,1,46,244808,2113,0,90,0,0,0,LEADER,1,0,0,89,0,0,0,0,0,0,0,0,0,0,0
246818,59,bully,2010,1,0,0,89,0,1246,0,1,59,244808,2010,0,90,0,0,0,LEADER,1,0,0,89,0,0,0,0,0,0,0,0,0,0,0
247100,32,bully,2292,1,0,0,89,0,1246,0,1,32,244808,2292,0,90,0,0,0,LEADER,1,0,0,89,0,0,0,0,0,0,0,0,0,0,0
246446,34,bully,1637,1,0,0,89,0,1246,0,1,34,244809,1637,0,90,0,0,0,LEADER,1,0,0,89,0,0,0,0,0,0,0,0,0,0,0
246715,72,bully,1907,1,0,0,89,0,1246,0,1,72,244808,1907,0,90,0,0,0,LEADER,1,0,0,89,0,0,0,0,0,0,0,0,0,0,0
247127,63,bully,2316,1,0,0,89,0,1246,0,1,63,244811,2316,0,90,0,0,0,LEADER,1,0,0,89,0,0,0,0,0,0,0,0,0,0,0
246600,74,bully,1792,1,0,0,89,0,1246,0,1,74,244808,1792,0,90,0,0,0,LEADER,1,0,0,89,0,0,0,0,0,0,0,0,0,0,0
246342,48,bully,1534,1,0,0,89,0,1246,0,1,48,244808,1534,0,90,0,0,0,LEADER,1,0,0,89,0,0,0,0,0,0,0,0,0,0,0
246805,57,bully,1995,1,0,0,89,0,1246,0,1,57,244810,1995,0,90,0,0,0,LEADER,1,0,0,89,0,0,0,0,0,0,0,0,0,0,0
246873,68,bully,2065,1,0,0,89,0,1246,0,1,68,244808,2065,0,90,0,0,0,LEADER,1,0,0,89,0,0,0,0,0,0,0,0,0,0,0
246274,45,bully,1466,1,0,0,89,0,1246,0,1,45,244808,1466,0,90,0,0,0,LEADER,1,0,0,89,0,0,0,0,0,0,0,0,0,0,0
246631,93,bully,1823,1,0,0,89,0,1246,0,1,93,244808,1823,0,90,0,0,0,LEADER,1,0,0,89,0,0,0,0,0,0,0,0,0,0,0
247212,82,bully,2404,1,0,0,89,0,1246,0,1,82,244808,2404,0,90,0,0,0,LEADER,1,0,0,89,0,0,0,0,0,0,0,0,0,0,0
247206,51,bully,2398,1,0,0,89,0,1246,0,1,51,244808,2398,0,90,0,0,0,LEADER,1,0,0,89,0,0,0,0,0,0,0,0,0,0,0
246751,39,bully,1943,1,0,0,89,0,1246,0,1,39,244808,1943,0,90,0,0,0,LEADER,1,0,0,89,0,0,0,0,0,0,0,0,0,0,0
246497,78,bully,1689,1,0,0,89,0,1246,0,1,78,244808,1689,0,90,0,0,0,LEADER,1,0,0,89,0,0,0,0,0,0,0,0,0,0,0
246885,79,bully,2077,1,0,0,89,0,1246,0,1,79,244808,2077,0,90,0,0,0,LEADER,1,0,0,89,0,0,0,0,0,0,0,0,0,0,0
246460,14,bully,1652,1,0,0,89,0,1246,0,1,14,244808,1652,0,90,0,0,0,LEADER,1,0,0,89,0,0,0,0,0,0,0,0,0,0,0
246887,36,bully,2080,1,0,0,89,0,1246,0,1,36,244807,2080,0,90,0,0,0,LEADER,1,0,0,89,0,0,0,0,0,0,0,0,0,0,0
246770,81,bully,1962,1,0,0,89,0,1246,0,1,81,244808,1962,0,90,0,0,0,LEADER,1,0,0,89,0,0,0,0,0,0,0,0,0,0,0
246430,67,bully,1622,1,0,0,89,0,1246,0,1,67,244808,1622,0,90,0,0,0,LEADER,1,0,0,89,0,0,0,0,0,0,0,0,0,0,0
247191,83,bully,2383,1,0,0,89,0,1246,0,1,83,244808,2383,0,90,0,0,0,LEADER,1,0,0,89,0,0,0,0,0,0,0,0,0,0,0
247336,99,bully,1607,1,0,0,90,0,1260,0,1,99,245729,1607,0,91,0,0,0,LEADER,1,0,0,90,0,0,0,0,0,0,0,0,0,0,0
246512,55,bully,1704,1,0,0,89,0,1246,0,1,55,244808,1704,0,90,0,0,0,LEADER,1,0,0,89,0,0,0,0,0,0,0,0,0,0,0
247303,89,bully,1574,1,0,0,90,0,1260,0,1,89,245729,1574,0,91,0,0,0,LEADER,1,0,0,90,0,0,0,0,0,0,0,0,0,0,0
246464,77,bully,1656,1,0,0,89,0,1246,0,1,77,244808,1656,0,90,0,0,0,LEADER,1,0,0,89,0,0,0,0,0,0,0,0,0,0,0
246736,71,bully,1928,1,0,0,89,0,1246,0,1,71,244808,1928,0,90,0,0,0,LEADER,1,0,0,89,0,0,0,0,0,0,0,0,0,0,0
247013,76,bully,2213,1,0,0,89,0,1246,0,1,76,244800,2213,0,90,0,0,0,LEADER,1,0,0,89,0,0,0,0,0,0,0,0,0,0,0
246650,52,bully,1840,1,0,0,89,0,1246,0,1,52,244810,1840,0,90,0,0,0,LEADER,1,0,0,89,0,0,0,0,0,0,0,0,0,0,0
246615,10,bully,1807,1,0,0,89,0,1246,0,1,10,244808,1807,0,90,0,0,0,LEADER,1,0,0,89,0,0,0,0,0,0,0,0,0,0,0
246548,22,bully,1740,1,0,0,89,0,1246,0,1,22,244808,1740,0,90,0,0,0,LEADER,1,0,0,89,0,0,0,0,0,0,0,0,0,0,0
246693,21,bully,1889,1,0,0,89,0,1246,0,1,21,244804,1889,0,90,0,0,0,LEADER,1,0,0,89,0,0,0,0,0,0,0,0,0,0,0
246954,56,bully,2146,1,0,0,89,0,1246,0,1,56,244808,2146,0,90,0,0,0,LEADER,1,0,0,89,0,0,0,0,0,0,0,0,0,0,0
246479,60,bully,1671,1,0,0,89,0,1246,0,1,60,244808,1671,0,90,0,0,0,LEADER,1,0,0,89,0,0,0,0,0,0,0,0,0,0,0
247333,25,bully,1604,1,0,0,90,0,1260,0,1,25,245729,1604,0,91,0,0,0,LEADER,1,0,0,90,0,0,0,0,0,0,0,0,0,0,0
246545,65,bully,1737,1,0,0,89,0,1246,0,1,65,244808,1737,0,90,0,0,0,LEADER,1,0,0,89,0,0,0,0,0,0,0,0,0,0,0
247221,19,bully,2413,1,0,0,89,0,1246,0,1,19,244808,2413,0,90,0,0,0,LEADER,1,0,0,89,0,0,0,0,0,0,0,0,0,0,0
246851,69,bully,2043,1,0,0,89,0,1246,0,1,69,244808,2043,0,90,0,0,0,LEADER,1,0,0,89,0,0,0,0,0,0,0,0,0,0,0
247454,54,bully,1725,1,0,0,90,0,1260,0,1,54,245729,1725,0,91,0,0,0,LEADER,1,0,0,90,0,0,0,0,0,0,0,0,0,0,0
246800,17,bully,1992,1,0,0,89,0,1246,0,1,17,244808,1992,0,90,0,0,0,LEADER,1,0,0,89,0,0,0,0,0,0,0,0,0,0,0
247315,100,bully,1586,1,0,0,90,0,1260,0,1,100,245729,1586,0,91,0,0,0,LEADER,1,0,0,90,0,0,0,0,0,0,0,0,0,0,0
247278,16,bully,1549,1,0,0,90,0,1260,0,1,16,245729,1549,0,91,0,0,0,LEADER,1,0,0,90,0,0,0,0,0,0,0,0,0,0,0
246866,37,bully,2058,1,0,0,89,0,1246,0,1,37,244808,2058,0,90,0,0,0,LEADER,1,0,0,89,0,0,0,0,0,0,0,0,0,0,0
247503,13,bully,1774,1,0,0,90,0,1260,0,1,13,245729,1774,0,91,0,0,0,LEADER,1,0,0,90,0,0,0,0,0,0,0,0,0,0,0
246663,20,bully,1855,1,0,0,89,0,1246,0,1,20,244808,1855,0,90,0,0,0,LEADER,1,0,0,89,0,0,0,0,0,0,0,0,0,0,0
247296,41,bully,1567,1,0,0,90,0,1260,0,1,41,245729,1567,0,91,0,0,0,LEADER,1,0,0,90,0,0,0,0,0,0,0,0,0,0,0
247285,47,bully,1556,1,0,0,90,0,1260,0,1,47,245729,1556,0,91,0,0,0,LEADER,1,0,0,90,0,0,0,0,0,0,0,0,0,0,0
247110,95,bully,2301,1,0,0,89,0,1246,0,1,95,244809,2301,0,90,0,0,0,LEADER,1,0,0,89,0,0,0,0,0,0,0,0,0,0,0
246973,98,bully,2165,1,0,0,89,0,1246,0,1,98,244808,2165,0,90,0,0,0,LEADER,1,0,0,89,0,0,0,0,0,0,0,0,0,0,0
247157,73,bully,2349,1,0,0,89,0,1246,0,1,73,244808,2349,0,90,0,0,0,LEADER,1,0,0,89,0,0,0,0,0,0,0,0,0,0,0
246703,61,bully,1895,1,0,0,89,0,1246,0,1,61,244808,1895,0,90,0,0,0,LEADER,1,0,0,89,0,0,0,0,0,0,0,0,0,0,0
247451,97,bully,1722,1,0,0,90,0,1260,0,1,97,245729,1722,0,91,0,0,0,LEADER,1,0,0,90,0,0,0,0,0,0,0,0,0,0,0
247481,33,bully,1752,1,0,0,90,0,1260,0,1,33,245729,1752,0,91,0,0,0,LEADER,1,0,0,90,0,0,0,0,0,0,0,0,0,0,0
247139,31,bully,2331,1,0,0,89,0,1246,0,1,31,244808,2331,0,90,0,0,0,LEADER,1,0,0,89,0,0,0,0,0,0,0,0,0,0,0
247651,40,bully,1922,1,0,0,90,0,1260,0,1,40,245729,1922,0,91,0,0,0,LEADER,1,0,0,90,0,0,0,0,0,0,0,0,0,0,0
247641,29,bully,1910,1,0,0,90,0,1260,0,1,29,245731,1910,0,91,0,0,0,LEADER,1,0,0,90,0,0,0,0,0,0,0,0,0,0,0
247468,96,bully,1744,1,0,0,90,0,1260,0,1,96,245724,1744,0,91,0,0,0,LEADER,1,0,0,90,0,0,0,0,0,0,0,0,0,0,0
247554,84,bully,1825,1,0,0,90,0,1260,0,1,84,245729,1825,0,91,0,0,0,LEADER,1,0,0,90,0,0,0,0,0,0,0,0,0,0,0
247250,80,bully,1519,1,0,0,90,0,1260,0,1,80,245731,1519,0,91,0,0,0,LEADER,1,0,0,90,0,0,0,0,0,0,0,0,0,0,0
247091,53,bully,2283,1,0,0,89,0,1246,0,1,53,244808,2283,0,90,0,0,0,LEADER,1,0,0,89,0,0,0,0,0,0,0,0,0,0,0
247167,92,bully,1438,1,0,0,90,0,1260,0,1,92,245729,1438,0,91,0,0,0,LEADER,1,0,0,90,0,0,0,0,0,0,0,0,0,0,0
247337,91,bully,1619,1,0,0,90,0,1260,0,1,91,245718,1619,0,91,0,0,0,LEADER,1,0,0,90,0,0,0,0,0,0,0,0,0,0,0
247603,62,bully,1874,1,0,0,90,0,1260,0,1,62,245729,1874,0,91,0,0,0,LEADER,1,0,0,90,0,0,0,0,0,0,0,0,0,0,0
247300,15,bully,1571,1,0,0,90,0,1260,0,1,15,245729,1571,0,91,0,0,0,LEADER,1,0,0,90,0,0,0,0,0,0,0,0,0,0,0
246969,26,bully,2161,1,0,0,89,0,1246,0,1,26,244808,2161,0,90,0,0,0,LEADER,1,0,0,89,0,0,0,0,0,0,0,0,0,0,0
247706,49,bully,1977,1,0,0,90,0,1260,0,1,49,245729,1977,0,91,0,0,0,LEADER,1,0,0,90,0,0,0,0,0,0,0,0,0,0,0
247521,58,bully,1792,1,0,0,90,0,1260,0,1,58,245729,1792,0,91,0,0,0,LEADER,1,0,0,90,0,0,0,0,0,0,0,0,0,0,0
247054,86,bully,2246,1,0,0,89,0,1246,0,1,86,244808,2246,0,90,0,0,0,LEADER,1,0,0,89,0,0,0,0,0,0,0,0,0,0,0
247227,50,bully,2419,1,0,0,89,0,1246,0,1,50,244808,2419,0,90,0,0,0,LEADER,1,0,0,89,0,0,0,0,0,0,0,0,0,0,0
247077,85,bully,2268,1,0,0,89,0,1246,0,1,85,244809,2268,0,90,0,0,0,LEADER,1,0,0,89,0,0,0,0,0,0,0,0,0,0,0
247015,87,bully,2212,1,0,0,89,0,1246,0,1,87,244803,2212,0,90,0,0,0,LEADER,1,0,0,89,0,0,0,0,0,0,0,0,0,0,0
247224,64,bully,2416,1,0,0,89,0,1246,0,1,64,244808,2416,0,90,0,0,0,LEADER,1,0,0,89,0,0,0,0,0,0,0,0,0,0,0
247073,11,bully,2264,1,0,0,89,0,1246,0,1,11,244809,2264,0,90,0,0,0,LEADER,1,0,0,89,0,0,0,0,0,0,0,0,0,0,0
247163,18,bully,1434,1,0,0,90,0,1260,0,1,18,245729,1434,0,91,0,0,0,LEADER,1,0,0,90,0,0,0,0,0,0,0,0,0,0,0
247282,90,bully,1553,1,0,0,90,0,1260,0,1,90,245729,1553,0,91,0,0,0,LEADER,1,0,0,90,0,0,0,0,0,0,0,0,0,0,0
247176,35,bully,1447,1,0,0,90,0,1260,0,1,35,245729,1447,0,91,0,0,0,LEADER,1,0,0,90,0,0,0,0,0,0,0,0,0,0,0
247057,43,bully,2249,1,0,0,89,0,1246,0,1,43,244808,2249,0,90,0,0,0,LEADER,1,0,0,89,0,0,0,0,0,0,0,0,0,0,0
247196,28,bully,1467,1,0,0,90,0,1260,0,1,28,245729,1467,0,91,0,0,0,LEADER,1,0,0,90,0,0,0,0,0,0,0,0,0,0,0
247034,44,bully,2228,1,0,0,89,0,1246,0,1,44,244806,2228,0,90,0,0,0,LEADER,1,0,0,89,0,0,0,0,0,0,0,0,0,0,0
247870,23,bully,2141,1,0,0,90,0,1260,0,1,23,245729,2141,0,91,0,0,0,LEADER,1,0,0,90,0,0,0,0,0,0,0,0,0,0,0
247190,30,bully,1461,1,0,0,90,0,1260,0,1,30,245729,1461,0,91,0,0,0,LEADER,1,0,0,90,0,0,0,0,0,0,0,0,0,0,0
247590,94,bully,1859,1,0,0,90,0,1260,0,1,94,245731,1859,0,91,0,0,0,LEADER,1,0,0,90,0,0,0,0,0,0,0,0,0,0,0
247230,38,bully,1501,1,0,0,90,0,1260,0,1,38,245729,1501,0,91,0,0,0,LEADER,1,0,0,90,0,0,0,0,0,0,0,0,0,0,0
247909,66,bully,2180,1,0,0,90,0,1260,0,1,66,245729,2180,0,91,0,0,0,LEADER,1,0,0,90,0,0,0,0,0,0,0,0,0,0,0
247215,70,bully,1486,1,0,0,90,0,1260,0,1,70,245729,1486,0,91,0,0,0,LEADER,1,0,0,90,0,0,0,0,0,0,0,0,0,0,0
247860,88,bully,2131,1,0,0,90,0,1260,0,1,88,245729,2131,0,91,0,0,0,LEADER,1,0,0,90,0,0,0,0,0,0,0,0,0,0,0
247043,75,bully,2235,1,0,0,89,0,1246,0,1,75,244808,2235,0,90,0,0,0,LEADER,1,0,0,89,0,0,0,0,0,0,0,0,0,0,0
247053,12,bully,2243,1,0,0,89,0,1246,0,1,12,244810,2243,0,90,0,0,0,LEADER,1,0,0,89,0,0,0,0,0,0,0,0,0,0,0
247754,27,bully,2025,1,0,0,90,0,1260,0,1,27,245729,2025,0,91,0,0,0,LEADER,1,0,0,90,0,0,0,0,0,0,0,0,0,0,0
247243,42,bully,1514,1,0,0,90,0,1260,0,1,42,245729,1514,0,91,0,0,0,LEADER,1,0,0,90,0,0,0,0,0,0,0,0,0,0,0
247890,24,bully,2161,1,0,0,90,0,1260,0,1,24,245729,2161,0,91,0,0,0,LEADER,1,0,0,90,0,0,0,0,0,0,0,0,0,0,0
247842,46,bully,2113,1,0,0,90,0,1260,0,1,46,245729,2113,0,91,0,0,0,LEADER,1,0,0,90,0,0,0,0,0,0,0,0,0,0,0
247739,59,bully,2010,1,0,0,90,0,1260,0,1,59,245729,2010,0,91,0,0,0,LEADER,1,0,0,90,0,0,0,0,0,0,0,0,0,0,0
247367,34,bully,1637,1,0,0,90,0,1260,0,1,34,245730,1637,0,91,0,0,0,LEADER,1,0,0,90,0,0,0,0,0,0,0,0,0,0,0
248021,32,bully,2292,1,0,0,90,0,1260,0,1,32,245729,2292,0,91,0,0,0,LEADER,1,0,0,90,0,0,0,0,0,0,0,0,0,0,0
247636,72,bully,1907,1,0,0,90,0,1260,0,1,72,245729,1907,0,91,0,0,0,LEADER,1,0,0,90,0,0,0,0,0,0,0,0,0,0,0
248048,63,bully,2316,1,0,0,90,0,1260,0,1,63,245732,2316,0,91,0,0,0,LEADER,1,0,0,90,0,0,0,0,0,0,0,0,0,0,0
247521,74,bully,1792,1,0,0,90,0,1260,0,1,74,245729,1792,0,91,0,0,0,LEADER,1,0,0,90,0,0,0,0,0,0,0,0,0,0,0
247263,48,bully,1534,1,0,0,90,0,1260,0,1,48,245729,1534,0,91,0,0,0,LEADER,1,0,0,90,0,0,0,0,0,0,0,0,0,0,0
247726,57,bully,1995,1,0,0,90,0,1260,0,1,57,245731,1995,0,91,0,0,0,LEADER,1,0,0,90,0,0,0,0,0,0,0,0,0,0,0
247794,68,bully,2065,1,0,0,90,0,1260,0,1,68,245729,2065,0,91,0,0,0,LEADER,1,0,0,90,0,0,0,0,0,0,0,0,0,0,0
247195,45,bully,1466,1,0,0,90,0,1260,0,1,45,245729,1466,0,91,0,0,0,LEADER,1,0,0,90,0,0,0,0,0,0,0,0,0,0,0
247552,93,bully,1823,1,0,0,90,0,1260,0,1,93,245729,1823,0,91,0,0,0,LEADER,1,0,0,90,0,0,0,0,0,0,0,0,0,0,0
248133,82,bully,2404,1,0,0,90,0,1260,0,1,82,245729,2404,0,91,0,0,0,LEADER,1,0,0,90,0,0,0,0,0,0,0,0,0,0,0
248127,51,bully,2398,1,0,0,90,0,1260,0,1,51,245729,2398,0,91,0,0,0,LEADER,1,0,0,90,0,0,0,0,0,0,0,0,0,0,0
247672,39,bully,1943,1,0,0,90,0,1260,0,1,39,245729,1943,0,91,0,0,0,LEADER,1,0,0,90,0,0,0,0,0,0,0,0,0,0,0
247418,78,bully,1689,1,0,0,90,0,1260,0,1,78,245729,1689,0,91,0,0,0,LEADER,1,0,0,90,0,0,0,0,0,0,0,0,0,0,0
247806,79,bully,2077,1,0,0,90,0,1260,0,1,79,245729,2077,0,91,0,0,0,LEADER,1,0,0,90,0,0,0,0,0,0,0,0,0,0,0
247381,14,bully,1652,1,0,0,90,0,1260,0,1,14,245729,1652,0,91,0,0,0,LEADER,1,0,0,90,0,0,0,0,0,0,0,0,0,0,0
247808,36,bully,2080,1,0,0,90,0,1260,0,1,36,245728,2080,0,91,0,0,0,LEADER,1,0,0,90,0,0,0,0,0,0,0,0,0,0,0
247691,81,bully,1962,1,0,0,90,0,1260,0,1,81,245729,1962,0,91,0,0,0,LEADER,1,0,0,90,0,0,0,0,0,0,0,0,0,0,0
247351,67,bully,1622,1,0,0,90,0,1260,0,1,67,245729,1622,0,91,0,0,0,LEADER,1,0,0,90,0,0,0,0,0,0,0,0,0,0,0
248112,83,bully,2383,1,0,0,90,0,1260,0,1,83,245729,2383,0,91,0,0,0,LEADER,1,0,0,90,0,0,0,0,0,0,0,0,0,0,0
248256,99,bully,1607,1,0,0,90,0,1260,0,1,99,246649,1607,0,91,0,0,0,LEADER,1,0,0,90,0,0,0,0,0,0,0,0,0,0,0
247433,55,bully,1704,1,0,0,90,0,1260,0,1,55,245729,1704,0,91,0,0,0,LEADER,1,0,0,90,0,0,0,0,0,0,0,0,0,0,0
248223,89,bully,1574,1,0,0,90,0,1260,0,1,89,246649,1574,0,91,0,0,0,LEADER,1,0,0,90,0,0,0,0,0,0,0,0,0,0,0
247385,77,bully,1656,1,0,0,90,0,1260,0,1,77,245729,1656,0,91,0,0,0,LEADER,1,0,0,90,0,0,0,0,0,0,0,0,0,0,0
247657,71,bully,1928,1,0,0,90,0,1260,0,1,71,245729,1928,0,91,0,0,0,LEADER,1,0,0,90,0,0,0,0,0,0,0,0,0,0,0
247934,76,bully,2213,1,0,0,90,0,1260,0,1,76,245721,2213,0,91,0,0,0,LEADER,1,0,0,90,0,0,0,0,0,0,0,0,0,0,0
247571,52,bully,1840,1,0,0,90,0,1260,0,1,52,245731,1840,0,91,0,0,0,LEADER,1,0,0,90,0,0,0,0,0,0,0,0,0,0,0
247536,10,bully,1807,1,0,0,90,0,1260,0,1,10,245729,1807,0,91,0,0,0,LEADER,1,0,0,90,0,0,0,0,0,0,0,0,0,0,0
247469,22,bully,1740,1,0,0,90,0,1260,0,1,22,245729,1740,0,91,0,0,0,LEADER,1,0,0,90,0,0,0,0,0,0,0,0,0,0,0
247614,21,bully,1889,1,0,0,90,0,1260,0,1,21,245725,1889,0,91,0,0,0,LEADER,1,0,0,90,0,0,0,0,0,0,0,0,0,0,0
247875,56,bully,2146,1,0,0,90,0,1260,0,1,56,245729,2146,0,91,0,0,0,LEADER,1,0,0,90,0,0,0,0,0,0,0,0,0,0,0
247400,60,bully,1671,1,0,0,90,0,1260,0,1,60,245729,1671,0,91,0,0,0,LEADER,1,0,0,90,0,0,0,0,0,0,0,0,0,0,0
248253,25,bully,1604,1,0,0,90,0,1260,0,1,25,246649,1604,0,91,0,0,0,LEADER,1,0,0,90,0,0,0,0,0,0,0,0,0,0,0
247466,65,bully,1737,1,0,0,90,0,1260,0,1,65,245729,1737,0,91,0,0,0,LEADER,1,0,0,90,0,0,0,0,0,0,0,0,0,0,0
248142,19,bully,2413,1,0,0,90,0,1260,0,1,19,245729,2413,0,91,0,0,0,LEADER,1,0,0,90,0,0,0,0,0,0,0,0,0,0,0
247772,69,bully,2043,1,0,0,90,0,1260,0,1,69,245729,2043,0,91,0,0,0,LEADER,1,0,0,90,0,0,0,0,0,0,0,0,0,0,0
248374,54,bully,1725,1,0,0,90,0,1260,0,1,54,246649,1725,0,91,0,0,0,LEADER,1,0,0,90,0,0,0,0,0,0,0,0,0,0,0
247721,17,bully,1992,1,0,0,90,0,1260,0,1,17,245729,1992,0,91,0,0,0,LEADER,1,0,0,90,0,0,0,0,0,0,0,0,0,0,0
248235,100,bully,1586,1,0,0,90,0,1260,0,1,100,246649,1586,0,91,0,0,0,LEADER,1,0,0,90,0,0,0,0,0,0,0,0,0,0,0
248198,16,bully,1549,1,0,0,90,0,1260,0,1,16,246649,1549,0,91,0,0,0,LEADER,1,0,0,90,0,0,0,0,0,0,0,0,0,0,0
247787,37,bully,2058,1,0,0,90,0,1260,0,1,37,245729,2058,0,91,0,0,0,LEADER,1,0,0,90,0,0,0,0,0,0,0,0,0,0,0
248423,13,bully,1774,1,0,0,90,0,1260,0,1,13,246649,1774,0,91,0,0,0,LEADER,1,0,0,90,0,0,0,0,0,0,0,0,0,0,0
247584,20,bully,1855,1,0,0,90,0,1260,0,1,20,245729,1855,0,91,0,0,0,LEADER,1,0,0,90,0,0,0,0,0,0,0,0,0,0,0
248216,41,bully,1567,1,0,0,90,0,1260,0,1,41,246649,1567,0,91,0,0,0,LEADER,1,0,0,90,0,0,0,0,0,0,0,0,0,0,0
248205,47,bully,1556,1,0,0,90,0,1260,0,1,47,246649,1556,0,91,0,0,0,LEADER,1,0,0,90,0,0,0,0,0,0,0,0,0,0,0
248031,95,bully,2301,1,0,0,90,0,1260,0,1,95,245730,2301,0,91,0,0,0,LEADER,1,0,0,90,0,0,0,0,0,0,0,0,0,0,0
247894,98,bully,2165,1,0,0,90,0,1260,0,1,98,245729,2165,0,91,0,0,0,LEADER,1,0,0,90,0,0,0,0,0,0,0,0,0,0,0
248078,73,bully,2349,1,0,0,90,0,1260,0,1,73,245729,2349,0,91,0,0,0,LEADER,1,0,0,90,0,0,0,0,0,0,0,0,0,0,0
248401,33,bully,1752,1,0,0,90,0,1260,0,1,33,246649,1752,0,91,0,0,0,LEADER,1,0,0,90,0,0,0,0,0,0,0,0,0,0,0
247624,61,bully,1895,1,0,0,90,0,1260,0,1,61,245729,1895,0,91,0,0,0,LEADER,1,0,0,90,0,0,0,0,0,0,0,0,0,0,0
248371,97,bully,1722,1,0,0,90,0,1260,0,1,97,246649,1722,0,91,0,0,0,LEADER,1,0,0,90,0,0,0,0,0,0,0,0,0,0,0
248571,40,bully,1922,1,0,0,90,0,1260,0,1,40,246649,1922,0,91,0,0,0,LEADER,1,0,0,90,0,0,0,0,0,0,0,0,0,0,0
248060,31,bully,2331,1,0,0,90,0,1260,0,1,31,245729,2331,0,91,0,0,0,LEADER,1,0,0,90,0,0,0,0,0,0,0,0,0,0,0
248561,29,bully,1910,1,0,0,90,0,1260,0,1,29,246651,1910,0,91,0,0,0,LEADER,1,0,0,90,0,0,0,0,0,0,0,0,0,0,0
248388,96,bully,1744,1,0,0,90,0,1260,0,1,96,246644,1744,0,91,0,0,0,LEADER,1,0,0,90,0,0,0,0,0,0,0,0,0,0,0
248474,84,bully,1825,1,0,0,90,0,1260,0,1,84,246649,1825,0,91,0,0,0,LEADER,1,0,0,90,0,0,0,0,0,0,0,0,0,0,0
248170,80,bully,1519,1,0,0,90,0,1260,0,1,80,246651,1519,0,91,0,0,0,LEADER,1,0,0,90,0,0,0,0,0,0,0,0,0,0,0
248012,53,bully,2283,1,0,0,90,0,1260,0,1,53,245729,2283,0,91,0,0,0,LEADER,1,0,0,90,0,0,0,0,0,0,0,0,0,0,0
248087,92,bully,1438,1,0,0,90,0,1260,0,1,92,246649,1438,0,91,0,0,0,LEADER,1,0,0,90,0,0,0,0,0,0,0,0,0,0,0
248257,91,bully,1619,1,0,0,90,0,1260,0,1,91,246638,1619,0,91,0,0,0,LEADER,1,0,0,90,0,0,0,0,0,0,0,0,0,0,0
248523,62,bully,1874,1,0,0,90,0,1260,0,1,62,246649,1874,0,91,0,0,0,LEADER,1,0,0,90,0,0,0,0,0,0,0,0,0,0,0
248220,15,bully,1571,1,0,0,90,0,1260,0,1,15,246649,1571,0,91,0,0,0,LEADER,1,0,0,90,0,0,0,0,0,0,0,0,0,0,0
247890,26,bully,2161,1,0,0,90,0,1260,0,1,26,245729,2161,0,91,0,0,0,LEADER,1,0,0,90,0,0,0,0,0,0,0,0,0,0,0
248626,49,bully,1977,1,0,0,90,0,1260,0,1,49,246649,1977,0,91,0,0,0,LEADER,1,0,0,90,0,0,0,0,0,0,0,0,0,0,0
248441,58,bully,1792,1,0,0,90,0,1260,0,1,58,246649,1792,0,91,0,0,0,LEADER,1,0,0,90,0,0,0,0,0,0,0,0,0,0,0
247975,86,bully,2246,1,0,0,90,0,1260,0,1,86,245729,2246,0,91,0,0,0,LEADER,1,0,0,90,0,0,0,0,0,0,0,0,0,0,0
248148,50,bully,2419,1,0,0,90,0,1260,0,1,50,245729,2419,0,91,0,0,0,LEADER,1,0,0,90,0,0,0,0,0,0,0,0,0,0,0
247998,85,bully,2268,1,0,0,90,0,1260,0,1,85,245730,2268,0,91,0,0,0,LEADER,1,0,0,90,0,0,0,0,0,0,0,0,0,0,0
247936,87,bully,2212,1,0,0,90,0,1260,0,1,87,245724,2212,0,91,0,0,0,LEADER,1,0,0,90,0,0,0,0,0,0,0,0,0,0,0
248145,64,bully,2416,1,0,0,90,0,1260,0,1,64,245729,2416,0,91,0,0,0,LEADER,1,0,0,90,0,0,0,0,0,0,0,0,0,0,0
248083,18,bully,1434,1,0,0,90,0,1260,0,1,18,246649,1434,0,91,0,0,0,LEADER,1,0,0,90,0,0,0,0,0,0,0,0,0,0,0
247994,11,bully,2264,1,0,0,90,0,1260,0,1,11,245730,2264,0,91,0,0,0,LEADER,1,0,0,90,0,0,0,0,0,0,0,0,0,0,0
248202,90,bully,1553,1,0,0,90,0,1260,0,1,90,246649,1553,0,91,0,0,0,LEADER,1,0,0,90,0,0,0,0,0,0,0,0,0,0,0
248096,35,bully,1447,1,0,0,90,0,1260,0,1,35,246649,1447,0,91,0,0,0,LEADER,1,0,0,90,0,0,0,0,0,0,0,0,0,0,0
247978,43,bully,2249,1,0,0,90,0,1260,0,1,43,245729,2249,0,91,0,0,0,LEADER,1,0,0,90,0,0,0,0,0,0,0,0,0,0,0
248116,28,bully,1467,1,0,0,90,0,1260,0,1,28,246649,1467,0,91,0,0,0,LEADER,1,0,0,90,0,0,0,0,0,0,0,0,0,0,0
247955,44,bully,2228,1,0,0,90,0,1260,0,1,44,245727,2228,0,91,0,0,0,LEADER,1,0,0,90,0,0,0,0,0,0,0,0,0,0,0
248790,23,bully,2141,1,0,0,90,0,1260,0,1,23,246649,2141,0,91,0,0,0,LEADER,1,0,0,90,0,0,0,0,0,0,0,0,0,0,0
248110,30,bully,1461,1,0,0,90,0,1260,0,1,30,246649,1461,0,91,0,0,0,LEADER,1,0,0,90,0,0,0,0,0,0,0,0,0,0,0
248510,94,bully,1859,1,0,0,90,0,1260,0,1,94,246651,1859,0,91,0,0,0,LEADER,1,0,0,90,0,0,0,0,0,0,0,0,0,0,0
248150,38,bully,1501,1,0,0,90,0,1260,0,1,38,246649,1501,0,91,0,0,0,LEADER,1,0,0,90,0,0,0,0,0,0,0,0,0,0,0
248829,66,bully,2180,1,0,0,90,0,1260,0,1,66,246649,2180,0,91,0,0,0,LEADER,1,0,0,90,0,0,0,0,0,0,0,0,0,0,0
248135,70,bully,1486,1,0,0,90,0,1260,0,1,70,246649,1486,0,91,0,0,0,LEADER,1,0,0,90,0,0,0,0,0,0,0,0,0,0,0
248780,88,bully,2131,1,0,0,90,0,1260,0,1,88,246649,2131,0,91,0,0,0,LEADER,1,0,0,90,0,0,0,0,0,0,0,0,0,0,0
247964,75,bully,2235,1,0,0,90,0,1260,0,1,75,245729,2235,0,91,0,0,0,LEADER,1,0,0,90,0,0,0,0,0,0,0,0,0,0,0
247974,12,bully,2243,1,0,0,90,0,1260,0,1,12,245731,2243,0,91,0,0,0,LEADER,1,0,0,90,0,0,0,0,0,0,0,0,0,0,0
248674,27,bully,2025,1,0,0,90,0,1260,0,1,27,246649,2025,0,91,0,0,0,LEADER,1,0,0,90,0,0,0,0,0,0,0,0,0,0,0
248163,42,bully,1514,1,0,0,90,0,1260,0,1,42,246649,1514,0,91,0,0,0,LEADER,1,0,0,90,0,0,0,0,0,0,0,0,0,0,0
248810,24,bully,2161,1,0,0,90,0,1260,0,1,24,246649,2161,0,91,0,0,0,LEADER,1,0,0,90,0,0,0,0,0,0,0,0,0,0,0
248762,46,bully,2113,1,0,0,90,0,1260,0,1,46,246649,2113,0,91,0,0,0,LEADER,1,0,0,90,0,0,0,0,0,0,0,0,0,0,0
248659,59,bully,2010,1,0,0,90,0,1260,0,1,59,246649,2010,0,91,0,0,0,LEADER,1,0,0,90,0,0,0,0,0,0,0,0,0,0,0
248287,34,bully,1637,1,0,0,90,0,1260,0,1,34,246650,1637,0,91,0,0,0,LEADER,1,0,0,90,0,0,0,0,0,0,0,0,0,0,0
248941,32,bully,2292,1,0,0,90,0,1260,0,1,32,246649,2292,0,91,0,0,0,LEADER,1,0,0,90,0,0,0,0,0,0,0,0,0,0,0
248556,72,bully,1907,1,0,0,90,0,1260,0,1,72,246649,1907,0,91,0,0,0,LEADER,1,0,0,90,0,0,0,0,0,0,0,0,0,0,0
248968,63,bully,2316,1,0,0,90,0,1260,0,1,63,246652,2316,0,91,0,0,0,LEADER,1,0,0,90,0,0,0,0,0,0,0,0,0,0,0
248441,74,bully,1792,1,0,0,90,0,1260,0,1,74,246649,1792,0,91,0,0,0,LEADER,1,0,0,90,0,0,0,0,0,0,0,0,0,0,0
248183,48,bully,1534,1,0,0,90,0,1260,0,1,48,246649,1534,0,91,0,0,0,LEADER,1,0,0,90,0,0,0,0,0,0,0,0,0,0,0
248646,57,bully,1995,1,0,0,90,0,1260,0,1,57,246651,1995,0,91,0,0,0,LEADER,1,0,0,90,0,0,0,0,0,0,0,0,0,0,0
248714,68,bully,2065,1,0,0,90,0,1260,0,1,68,246649,2065,0,91,0,0,0,LEADER,1,0,0,90,0,0,0,0,0,0,0,0,0,0,0
248115,45,bully,1466,1,0,0,90,0,1260,0,1,45,246649,1466,0,91,0,0,0,LEADER,1,0,0,90,0,0,0,0,0,0,0,0,0,0,0
248472,93,bully,1823,1,0,0,90,0,1260,0,1,93,246649,1823,0,91,0,0,0,LEADER,1,0,0,90,0,0,0,0,0,0,0,0,0,0,0
249053,82,bully,2404,1,0,0,90,0,1260,0,1,82,246649,2404,0,91,0,0,0,LEADER,1,0,0,90,0,0,0,0,0,0,0,0,0,0,0
249047,51,bully,2398,1,0,0,90,0,1260,0,1,51,246649,2398,0,91,0,0,0,LEADER,1,0,0,90,0,0,0,0,0,0,0,0,0,0,0
248592,39,bully,1943,1,0,0,90,0,1260,0,1,39,246649,1943,0,91,0,0,0,LEADER,1,0,0,90,0,0,0,0,0,0,0,0,0,0,0
248338,78,bully,1689,1,0,0,90,0,1260,0,1,78,246649,1689,0,91,0,0,0,LEADER,1,0,0,90,0,0,0,0,0,0,0,0,0,0,0
248726,79,bully,2077,1,0,0,90,0,1260,0,1,79,246649,2077,0,91,0,0,0,LEADER,1,0,0,90,0,0,0,0,0,0,0,0,0,0,0
248301,14,bully,1652,1,0,0,90,0,1260,0,1,14,246649,1652,0,91,0,0,0,LEADER,1,0,0,90,0,0,0,0,0,0,0,0,0,0,0
248728,36,bully,2080,1,0,0,90,0,1260,0,1,36,246648,2080,0,91,0,0,0,LEADER,1,0,0,90,0,0,0,0,0,0,0,0,0,0,0
248611,81,bully,1962,1,0,0,90,0,1260,0,1,81,246649,1962,0,91,0,0,0,LEADER,1,0,0,90,0,0,0,0,0,0,0,0,0,0,0
248271,67,bully,1622,1,0,0,90,0,1260,0,1,67,246649,1622,0,91,0,0,0,LEADER,1,0,0,90,0,0,0,0,0,0,0,0,0,0,0
249032,83,bully,2383,1,0,0,90,0,1260,0,1,83,246649,2383,0,91,0,0,0,LEADER,1,0,0,90,0,0,0,0,0,0,0,0,0,0,0
249176,99,bully,1607,1,0,0,90,0,1260,0,1,99,247569,1607,0,91,0,0,0,LEADER,1,0,0,90,0,0,0,0,0,0,0,0,0,0,0
248353,55,bully,1704,1,0,0,90,0,1260,0,1,55,246649,1704,0,91,0,0,0,LEADER,1,0,0,90,0,0,0,0,0,0,0,0,0,0,0
249143,89,bully,1574,1,0,0,90,0,1260,0,1,89,247569,1574,0,91,0,0,0,LEADER,1,0,0,90,0,0,0,0,0,0,0,0,0,0,0
248305,77,bully,1656,1,0,0,90,0,1260,0,1,77,246649,1656,0,91,0,0,0,LEADER,1,0,0,90,0,0,0,0,0,0,0,0,0,0,0
248577,71,bully,1928,1,0,0,90,0,1260,0,1,71,246649,1928,0,91,0,0,0,LEADER,1,0,0,90,0,0,0,0,0,0,0,0,0,0,0
248854,76,bully,2213,1,0,0,90,0,1260,0,1,76,246641,2213,0,91,0,0,0,LEADER,1,0,0,90,0,0,0,0,0,0,0,0,0,0,0
248491,52,bully,1840,1,0,0,90,0,1260,0,1,52,246651,1840,0,91,0,0,0,LEADER,1,0,0,90,0,0,0,0,0,0,0,0,0,0,0
248456,10,bully,1807,1,0,0,90,0,1260,0,1,10,246649,1807,0,91,0,0,0,LEADER,1,0,0,90,0,0,0,0,0,0,0,0,0,0,0
248389,22,bully,1740,1,0,0,90,0,1260,0,1,22,246649,1740,0,91,0,0,0,LEADER,1,0,0,90,0,0,0,0,0,0,0,0,0,0,0
248534,21,bully,1889,1,0,0,90,0,1260,0,1,21,246645,1889,0,91,0,0,0,LEADER,1,0,0,90,0,0,0,0,0,0,0,0,0,0,0
248795,56,bully,2146,1,0,0,90,0,1260,0,1,56,246649,2146,0,91,0,0,0,LEADER,1,0,0,90,0,0,0,0,0,0,0,0,0,0,0
248320,60,bully,1671,1,0,0,90,0,1260,0,1,60,246649,1671,0,91,0,0,0,LEADER,1,0,0,90,0,0,0,0,0,0,0,0,0,0,0
249173,25,bully,1604,1,0,0,90,0,1260,0,1,25,247569,1604,0,91,0,0,0,LEADER,1,0,0,90,0,0,0,0,0,0,0,0,0,0,0
248386,65,bully,1737,1,0,0,90,0,1260,0,1,65,246649,1737,0,91,0,0,0,LEADER,1,0,0,90,0,0,0,0,0,0,0,0,0,0,0
249062,19,bully,2413,1,0,0,90,0,1260,0,1,19,246649,2413,0,91,0,0,0,LEADER,1,0,0,90,0,0,0,0,0,0,0,0,0,0,0
248692,69,bully,2043,1,0,0,90,0,1260,0,1,69,246649,2043,0,91,0,0,0,LEADER,1,0,0,90,0,0,0,0,0,0,0,0,0,0,0
249294,54,bully,1725,1,0,0,90,0,1260,0,1,54,247569,1725,0,91,0,0,0,LEADER,1,0,0,90,0,0,0,0,0,0,0,0,0,0,0
248641,17,bully,1992,1,0,0,90,0,1260,0,1,17,246649,1992,0,91,0,0,0,LEADER,1,0,0,90,0,0,0,0,0,0,0,0,0,0,0
249155,100,bully,1586,1,0,0,90,0,1260,0,1,100,247569,1586,0,91,0,0,0,LEADER,1,0,0,90,0,0,0,0,0,0,0,0,0,0,0
249118,16,bully,1549,1,0,0,90,0,1260,0,1,16,247569,1549,0,91,0,0,0,LEADER,1,0,0,90,0,0,0,0,0,0,0,0,0,0,0
248707,37,bully,2058,1,0,0,90,0,1260,0,1,37,246649,2058,0,91,0,0,0,LEADER,1,0,0,90,0,0,0,0,0,0,0,0,0,0,0
249343,13,bully,1774,1,0,0,90,0,1260,0,1,13,247569,1774,0,91,0,0,0,LEADER,1,0,0,90,0,0,0,0,0,0,0,0,0,0,0
248504,20,bully,1855,1,0,0,90,0,1260,0,1,20,246649,1855,0,91,0,0,0,LEADER,1,0,0,90,0,0,0,0,0,0,0,0,0,0,0
249136,41,bully,1567,1,0,0,90,0,1260,0,1,41,247569,1567,0,91,0,0,0,LEADER,1,0,0,90,0,0,0,0,0,0,0,0,0,0,0
249125,47,bully,1556,1,0,0,90,0,1260,0,1,47,247569,1556,0,91,0,0,0,LEADER,1,0,0,90,0,0,0,0,0,0,0,0,0,0,0
248951,95,bully,2301,1,0,0,90,0,1260,0,1,95,246650,2301,0,91,0,0,0,LEADER,1,0,0,90,0,0,0,0,0,0,0,0,0,0,0
248814,98,bully,2165,1,0,0,90,0,1260,0,1,98,246649,2165,0,91,0,0,0,LEADER,1,0,0,90,0,0,0,0,0,0,0,0,0,0,0
248998,73,bully,2349,1,0,0,90,0,1260,0,1,73,246649,2349,0,91,0,0,0,LEADER,1,0,0,90,0,0,0,0,0,0,0,0,0,0,0
249321,33,bully,1752,1,0,0,90,0,1260,0,1,33,247569,1752,0,91,0,0,0,LEADER,1,0,0,90,0,0,0,0,0,0,0,0,0,0,0
249291,97,bully,1722,1,0,0,90,0,1260,0,1,97,247569,1722,0,91,0,0,0,LEADER,1,0,0,90,0,0,0,0,0,0,0,0,0,0,0
248544,61,bully,1895,1,0,0,90,0,1260,0,1,61,246649,1895,0,91,0,0,0,LEADER,1,0,0,90,0,0,0,0,0,0,0,0,0,0,0
249491,40,bully,1922,1,0,0,90,0,1260,0,1,40,247569,1922,0,91,0,0,0,LEADER,1,0,0,90,0,0,0,0,0,0,0,0,0,0,0
248980,31,bully,2331,1,0,0,90,0,1260,0,1,31,246649,2331,0,91,0,0,0,LEADER,1,0,0,90,0,0,0,0,0,0,0,0,0,0,0
249481,29,bully,1910,1,0,0,90,0,1260,0,1,29,247571,1910,0,91,0,0,0,LEADER,1,0,0,90,0,0,0,0,0,0,0,0,0,0,0
249308,96,bully,1744,1,0,0,90,0,1260,0,1,96,247564,1744,0,91,0,0,0,LEADER,1,0,0,90,0,0,0,0,0,0,0,0,0,0,0
249394,84,bully,1825,1,0,0,90,0,1260,0,1,84,247569,1825,0,91,0,0,0,LEADER,1,0,0,90,0,0,0,0,0,0,0,0,0,0,0
249090,80,bully,1519,1,0,0,90,0,1260,0,1,80,247571,1519,0,91,0,0,0,LEADER,1,0,0,90,0,0,0,0,0,0,0,0,0,0,0
248932,53,bully,2283,1,0,0,90,0,1260,0,1,53,246649,2283,0,91,0,0,0,LEADER,1,0,0,90,0,0,0,0,0,0,0,0,0,0,0
249007,92,bully,1438,1,0,0,90,0,1260,0,1,92,247569,1438,0,91,0,0,0,LEADER,1,0,0,90,0,0,0,0,0,0,0,0,0,0,0
249177,91,bully,1619,1,0,0,90,0,1260,0,1,91,247558,1619,0,91,0,0,0,LEADER,1,0,0,90,0,0,0,0,0,0,0,0,0,0,0
249443,62,bully,1874,1,0,0,90,0,1260,0,1,62,247569,1874,0,91,0,0,0,LEADER,1,0,0,90,0,0,0,0,0,0,0,0,0,0,0
249140,15,bully,1571,1,0,0,90,0,1260,0,1,15,247569,1571,0,91,0,0,0,LEADER,1,0,0,90,0,0,0,0,0,0,0,0,0,0,0
248810,26,bully,2161,1,0,0,90,0,1260,0,1,26,246649,2161,0,91,0,0,0,LEADER,1,0,0,90,0,0,0,0,0,0,0,0,0,0,0
249546,49,bully,1977,1,0,0,90,0,1260,0,1,49,247569,1977,0,91,0,0,0,LEADER,1,0,0,90,0,0,0,0,0,0,0,0,0,0,0
249361,58,bully,1792,1,0,0,90,0,1260,0,1,58,247569,1792,0,91,0,0,0,LEADER,1,0,0,90,0,0,0,0,0,0,0,0,0,0,0
248895,86,bully,2246,1,0,0,90,0,1260,0,1,86,246649,2246,0,91,0,0,0,LEADER,1,0,0,90,0,0,0,0,0,0,0,0,0,0,0
249068,50,bully,2419,1,0,0,90,0,1260,0,1,50,246649,2419,0,91,0,0,0,LEADER,1,0,0,90,0,0,0,0,0,0,0,0,0,0,0
248918,85,bully,2268,1,0,0,90,0,1260,0,1,85,246650,2268,0,91,0,0,0,LEADER,1,0,0,90,0,0,0,0,0,0,0,0,0,0,0
248856,87,bully,2212,1,0,0,90,0,1260,0,1,87,246644,2212,0,91,0,0,0,LEADER,1,0,0,90,0,0,0,0,0,0,0,0,0,0,0
249065,64,bully,2416,1,0,0,90,0,1260,0,1,64,246649,2416,0,91,0,0,0,LEADER,1,0,0,90,0,0,0,0,0,0,0,0,0,0,0
249003,18,bully,1434,1,0,0,90,0,1260,0,1,18,247569,1434,0,91,0,0,0,LEADER,1,0,0,90,0,0,0,0,0,0,0,0,0,0,0
248914,11,bully,2264,1,0,0,90,0,1260,0,1,11,246650,2264,0,91,0,0,0,LEADER,1,0,0,90,0,0,0,0,0,0,0,0,0,0,0
249122,90,bully,1553,1,0,0,90,0,1260,0,1,90,247569,1553,0,91,0,0,0,LEADER,1,0,0,90,0,0,0,0,0,0,0,0,0,0,0
249016,35,bully,1447,1,0,0,90,0,1260,0,1,35,247569,1447,0,91,0,0,0,LEADER,1,0,0,90,0,0,0,0,0,0,0,0,0,0,0
248898,43,bully,2249,1,0,0,90,0,1260,0,1,43,246649,2249,0,91,0,0,0,LEADER,1,0,0,90,0,0,0,0,0,0,0,0,0,0,0
249036,28,bully,1467,1,0,0,90,0,1260,0,1,28,247569,1467,0,91,0,0,0,LEADER,1,0,0,90,0,0,0,0,0,0,0,0,0,0,0
248875,44,bully,2228,1,0,0,90,0,1260,0,1,44,246647,2228,0,91,0,0,0,LEADER,1,0,0,90,0,0,0,0,0,0,0,0,0,0,0
249710,23,bully,2141,1,0,0,90,0,1260,0,1,23,247569,2141,0,91,0,0,0,LEADER,1,0,0,90,0,0,0,0,0,0,0,0,0,0,0
249030,30,bully,1461,1,0,0,90,0,1260,0,1,30,247569,1461,0,91,0,0,0,LEADER,1,0,0,90,0,0,0,0,0,0,0,0,0,0,0
249430,94,bully,1859,1,0,0,90,0,1260,0,1,94,247571,1859,0,91,0,0,0,LEADER,1,0,0,90,0,0,0,0,0,0,0,0,0,0,0
249070,38,bully,1501,1,0,0,90,0,1260,0,1,38,247569,1501,0,91,0,0,0,LEADER,1,0,0,90,0,0,0,0,0,0,0,0,0,0,0
249749,66,bully,2180,1,0,0,90,0,1260,0,1,66,247569,2180,0,91,0,0,0,LEADER,1,0,0,90,0,0,0,0,0,0,0,0,0,0,0
249055,70,bully,1486,1,0,0,90,0,1260,0,1,70,247569,1486,0,91,0,0,0,LEADER,1,0,0,90,0,0,0,0,0,0,0,0,0,0,0
249700,88,bully,2131,1,0,0,90,0,1260,0,1,88,247569,2131,0,91,0,0,0,LEADER,1,0,0,90,0,0,0,0,0,0,0,0,0,0,0
248884,75,bully,2235,1,0,0,90,0,1260,0,1,75,246649,2235,0,91,0,0,0,LEADER,1,0,0,90,0,0,0,0,0,0,0,0,0,0,0
248894,12,bully,2243,1,0,0,90,0,1260,0,1,12,246651,2243,0,91,0,0,0,LEADER,1,0,0,90,0,0,0,0,0,0,0,0,0,0,0
249594,27,bully,2025,1,0,0,90,0,1260,0,1,27,247569,2025,0,91,0,0,0,LEADER,1,0,0,90,0,0,0,0,0,0,0,0,0,0,0
249083,42,bully,1514,1,0,0,90,0,1260,0,1,42,247569,1514,0,91,0,0,0,LEADER,1,0,0,90,0,0,0,0,0,0,0,0,0,0,0
249730,24,bully,2161,1,0,0,90,0,1260,0,1,24,247569,2161,0,91,0,0,0,LEADER,1,0,0,90,0,0,0,0,0,0,0,0,0,0,0
249682,46,bully,2113,1,0,0,90,0,1260,0,1,46,247569,2113,0,91,0,0,0,LEADER,1,0,0,90,0,0,0,0,0,0,0,0,0,0,0
249579,59,bully,2010,1,0,0,90,0,1260,0,1,59,247569,2010,0,91,0,0,0,LEADER,1,0,0,90,0,0,0,0,0,0,0,0,0,0,0
249861,32,bully,2292,1,0,0,90,0,1260,0,1,32,247569,2292,0,91,0,0,0,LEADER,1,0,0,90,0,0,0,0,0,0,0,0,0,0,0
249207,34,bully,1637,1,0,0,90,0,1260,0,1,34,247570,1637,0,91,0,0,0,LEADER,1,0,0,90,0,0,0,0,0,0,0,0,0,0,0
249476,72,bully,1907,1,0,0,90,0,1260,0,1,72,247569,1907,0,91,0,0,0,LEADER,1,0,0,90,0,0,0,0,0,0,0,0,0,0,0
249888,63,bully,2316,1,0,0,90,0,1260,0,1,63,247572,2316,0,91,0,0,0,LEADER,1,0,0,90,0,0,0,0,0,0,0,0,0,0,0
249361,74,bully,1792,1,0,0,90,0,1260,0,1,74,247569,1792,0,91,0,0,0,LEADER,1,0,0,90,0,0,0,0,0,0,0,0,0,0,0
249103,48,bully,1534,1,0,0,90,0,1260,0,1,48,247569,1534,0,91,0,0,0,LEADER,1,0,0,90,0,0,0,0,0,0,0,0,0,0,0
249566,57,bully,1995,1,0,0,90,0,1260,0,1,57,247571,1995,0,91,0,0,0,LEADER,1,0,0,90,0,0,0,0,0,0,0,0,0,0,0
249634,68,bully,2065,1,0,0,90,0,1260,0,1,68,247569,2065,0,91,0,0,0,LEADER,1,0,0,90,0,0,0,0,0,0,0,0,0,0,0
249035,45,bully,1466,1,0,0,90,0,1260,0,1,45,247569,1466,0,91,0,0,0,LEADER,1,0,0,90,0,0,0,0,0,0,0,0,0,0,0
249392,93,bully,1823,1,0,0,90,0,1260,0,1,93,247569,1823,0,91,0,0,0,LEADER,1,0,0,90,0,0,0,0,0,0,0,0,0,0,0
249973,82,bully,2404,1,0,0,90,0,1260,0,1,82,247569,2404,0,91,0,0,0,LEADER,1,0,0,90,0,0,0,0,0,0,0,0,0,0,0
249967,51,bully,2398,1,0,0,90,0,1260,0,1,51,247569,2398,0,91,0,0,0,LEADER,1,0,0,90,0,0,0,0,0,0,0,0,0,0,0
249512,39,bully,1943,1,0,0,90,0,1260,0,1,39,247569,1943,0,91,0,0,0,LEADER,1,0,0,90,0,0,0,0,0,0,0,0,0,0,0
249258,78,bully,1689,1,0,0,90,0,1260,0,1,78,247569,1689,0,91,0,0,0,LEADER,1,0,0,90,0,0,0,0,0,0,0,0,0,0,0
249646,79,bully,2077,1,0,0,90,0,1260,0,1,79,247569,2077,0,91,0,0,0,LEADER,1,0,0,90,0,0,0,0,0,0,0,0,0,0,0
249221,14,bully,1652,1,0,0,90,0,1260,0,1,14,247569,1652,0,91,0,0,0,LEADER,1,0,0,90,0,0,0,0,0,0,0,0,0,0,0
249648,36,bully,2080,1,0,0,90,0,1260,0,1,36,247568,2080,0,91,0,0,0,LEADER,1,0,0,90,0,0,0,0,0,0,0,0,0,0,0
249531,81,bully,1962,1,0,0,90,0,1260,0,1,81,247569,1962,0,91,0,0,0,LEADER,1,0,0,90,0,0,0,0,0,0,0,0,0,0,0
249191,67,bully,1622,1,0,0,90,0,1260,0,1,67,247569,1622,0,91,0,0,0,LEADER,1,0,0,90,0,0,0,0,0,0,0,0,0,0,0
249952,83,bully,2383,1,0,0,90,0,1260,0,1,83,247569,2383,0,91,0,0,0,LEADER,1,0,0,90,0,0,0,0,0,0,0,0,0,0,0
250097,99,bully,1607,1,0,0,91,0,1274,0,1,99,248490,1607,0,92,0,0,0,LEADER,1,0,0,91,0,0,0,0,0,0,0,0,0,0,0
249273,55,bully,1704,1,0,0,90,0,1260,0,1,55,247569,1704,0,91,0,0,0,LEADER,1,0,0,90,0,0,0,0,0,0,0,0,0,0,0
250064,89,bully,1574,1,0,0,91,0,1274,0,1,89,248490,1574,0,92,0,0,0,LEADER,1,0,0,91,0,0,0,0,0,0,0,0,0,0,0
249225,77,bully,1656,1,0,0,90,0,1260,0,1,77,247569,1656,0,91,0,0,0,LEADER,1,0,0,90,0,0,0,0,0,0,0,0,0,0,0
249497,71,bully,1928,1,0,0,90,0,1260,0,1,71,247569,1928,0,91,0,0,0,LEADER,1,0,0,90,0,0,0,0,0,0,0,0,0,0,0
249774,76,bully,2213,1,0,0,90,0,1260,0,1,76,247561,2213,0,91,0,0,0,LEADER,1,0,0,90,0,0,0,0,0,0,0,0,0,0,0
249411,52,bully,1840,1,0,0,90,0,1260,0,1,52,247571,1840,0,91,0,0,0,LEADER,1,0,0,90,0,0,0,0,0,0,0,0,0,0,0
249376,10,bully,1807,1,0,0,90,0,1260,0,1,10,247569,1807,0,91,0,0,0,LEADER,1,0,0,90,0,0,0,0,0,0,0,0,0,0,0
249309,22,bully,1740,1,0,0,90,0,1260,0,1,22,247569,1740,0,91,0,0,0,LEADER,1,0,0,90,0,0,0,0,0,0,0,0,0,0,0
249454,21,bully,1889,1,0,0,90,0,1260,0,1,21,247565,1889,0,91,0,0,0,LEADER,1,0,0,90,0,0,0,0,0,0,0,0,0,0,0
249715,56,bully,2146,1,0,0,90,0,1260,0,1,56,247569,2146,0,91,0,0,0,LEADER,1,0,0,90,0,0,0,0,0,0,0,0,0,0,0
249240,60,bully,1671,1,0,0,90,0,1260,0,1,60,247569,1671,0,91,0,0,0,LEADER,1,0,0,90,0,0,0,0,0,0,0,0,0,0,0
250094,25,bully,1604,1,0,0,91,0,1274,0,1,25,248490,1604,0,92,0,0,0,LEADER,1,0,0,91,0,0,0,0,0,0,0,0,0,0,0
249306,65,bully,1737,1,0,0,90,0,1260,0,1,65,247569,1737,0,91,0,0,0,LEADER,1,0,0,90,0,0,0,0,0,0,0,0,0,0,0
249982,19,bully,2413,1,0,0,90,0,1260,0,1,19,247569,2413,0,91,0,0,0,LEADER,1,0,0,90,0,0,0,0,0,0,0,0,0,0,0
249612,69,bully,2043,1,0,0,90,0,1260,0,1,69,247569,2043,0,91,0,0,0,LEADER,1,0,0,90,0,0,0,0,0,0,0,0,0,0,0
250215,54,bully,1725,1,0,0,91,0,1274,0,1,54,248490,1725,0,92,0,0,0,LEADER,1,0,0,91,0,0,0,0,0,0,0,0,0,0,0
249561,17,bully,1992,1,0,0,90,0,1260,0,1,17,247569,1992,0,91,0,0,0,LEADER,1,0,0,90,0,0,0,0,0,0,0,0,0,0,0
250076,100,bully,1586,1,0,0,91,0,1274,0,1,100,248490,1586,0,92,0,0,0,LEADER,1,0,0,91,0,0,0,0,0,0,0,0,0,0,0
250039,16,bully,1549,1,0,0,91,0,1274,0,1,16,248490,1549,0,92,0,0,0,LEADER,1,0,0,91,0,0,0,0,0,0,0,0,0,0,0
249627,37,bully,2058,1,0,0,90,0,1260,0,1,37,247569,2058,0,91,0,0,0,LEADER,1,0,0,90,0,0,0,0,0,0,0,0,0,0,0
250264,13,bully,1774,1,0,0,91,0,1274,0,1,13,248490,1774,0,92,0,0,0,LEADER,1,0,0,91,0,0,0,0,0,0,0,0,0,0,0
249424,20,bully,1855,1,0,0,90,0,1260,0,1,20,247569,1855,0,91,0,0,0,LEADER,1,0,0,90,0,0,0,0,0,0,0,0,0,0,0
250057,41,bully,1567,1,0,0,91,0,1274,0,1,41,248490,1567,0,92,0,0,0,LEADER,1,0,0,91,0,0,0,0,0,0,0,0,0,0,0
250046,47,bully,1556,1,0,0,91,0,1274,0,1,47,248490,1556,0,92,0,0,0,LEADER,1,0,0,91,0,0,0,0,0,0,0,0,0,0,0
249871,95,bully,2301,1,0,0,90,0,1260,0,1,95,247570,2301,0,91,0,0,0,LEADER,1,0,0,90,0,0,0,0,0,0,0,0,0,0,0
249734,98,bully,2165,1,0,0,90,0,1260,0,1,98,247569,2165,0,91,0,0,0,LEADER,1,0,0,90,0,0,0,0,0,0,0,0,0,0,0
249918,73,bully,2349,1,0,0,90,0,1260,0,1,73,247569,2349,0,91,0,0,0,LEADER,1,0,0,90,0,0,0,0,0,0,0,0,0,0,0
249464,61,bully,1895,1,0,0,90,0,1260,0,1,61,247569,1895,0,91,0,0,0,LEADER,1,0,0,90,0,0,0,0,0,0,0,0,0,0,0
250212,97,bully,1722,1,0,0,91,0,1274,0,1,97,248490,1722,0,92,0,0,0,LEADER,1,0,0,91,0,0,0,0,0,0,0,0,0,0,0
250242,33,bully,1752,1,0,0,91,0,1274,0,1,33,248490,1752,0,92,0,0,0,LEADER,1,0,0,91,0,0,0,0,0,0,0,0,0,0,0
249900,31,bully,2331,1,0,0,90,0,1260,0,1,31,247569,2331,0,91,0,0,0,LEADER,1,0,0,90,0,0,0,0,0,0,0,0,0,0,0
250412,40,bully,1922,1,0,0,91,0,1274,0,1,40,248490,1922,0,92,0,0,0,LEADER,1,0,0,91,0,0,0,0,0,0,0,0,0,0,0
250402,29,bully,1910,1,0,0,91,0,1274,0,1,29,248492,1910,0,92,0,0,0,LEADER,1,0,0,91,0,0,0,0,0,0,0,0,0,0,0
250229,96,bully,1744,1,0,0,91,0,1274,0,1,96,248485,1744,0,92,0,0,0,LEADER,1,0,0,91,0,0,0,0,0,0,0,0,0,0,0
249797,7,bully,2253,1,0,0,23,39,322,546,6,4,247544,2253,0,9,0,0,0,NORMAL,0,0,0,23,0,0,0,39,0,0,0,0,0,0,0
250315,84,bully,1825,1,0,0,91,0,1274,0,1,84,248490,1825,0,92,0,0,0,LEADER,1,0,0,91,0,0,0,0,0,0,0,0,0,0,0
250011,80,bully,1519,1,0,0,91,0,1274,0,1,80,248492,1519,0,92,0,0,0,LEADER,1,0,0,91,0,0,0,0,0,0,0,0,0,0,0
249852,53,bully,2283,1,0,0,90,0,1260,0,1,53,247569,2283,0,91,0,0,0,LEADER,1,0,0,90,0,0,0,0,0,0,0,0,0,0,0
249928,92,bully,1438,1,0,0,91,0,1274,0,1,92,248490,1438,0,92,0,0,0,LEADER,1,0,0,91,0,0,0,0,0,0,0,0,0,0,0
250098,91,bully,1619,1,0,0,91,0,1274,0,1,91,248479,1619,0,92,0,0,0,LEADER,1,0,0,91,0,0,0,0,0,0,0,0,0,0,0
250364,62,bully,1874,1,0,0,91,0,1274,0,1,62,248490,1874,0,92,0,0,0,LEADER,1,0,0,91,0,0,0,0,0,0,0,0,0,0,0
250061,15,bully,1571,1,0,0,91,0,1274,0,1,15,248490,1571,0,92,0,0,0,LEADER,1,0,0,91,0,0,0,0,0,0,0,0,0,0,0
249730,26,bully,2161,1,0,0,90,0,1260,0,1,26,247569,2161,0,91,0,0,0,LEADER,1,0,0,90,0,0,0,0,0,0,0,0,0,0,0
250467,49,bully,1977,1,0,0,91,0,1274,0,1,49,248490,1977,0,92,0,0,0,LEADER,1,0,0,91,0,0,0,0,0,0,0,0,0,0,0
250282,58,bully,1792,1,0,0,91,0,1274,0,1,58,248490,1792,0,92,0,0,0,LEADER,1,0,0,91,0,0,0,0,0,0,0,0,0,0,0
249815,86,bully,2246,1,0,0,90,0,1260,0,1,86,247569,2246,0,91,0,0,0,LEADER,1,0,0,90,0,0,0,0,0,0,0,0,0,0,0
249988,50,bully,2419,1,0,0,90,0,1260,0,1,50,247569,2419,0,91,0,0,0,LEADER,1,0,0,90,0,0,0,0,0,0,0,0,0,0,0
249838,85,bully,2268,1,0,0,90,0,1260,0,1,85,247570,2268,0,91,0,0,0,LEADER,1,0,0,90,0,0,0,0,0,0,0,0,0,0,0
249776,87,bully,2212,1,0,0,90,0,1260,0,1,87,247564,2212,0,91,0,0,0,LEADER,1,0,0,90,0,0,0,0,0,0,0,0,0,0,0
249985,64,bully,2416,1,0,0,90,0,1260,0,1,64,247569,2416,0,91,0,0,0,LEADER,1,0,0,90,0,0,0,0,0,0,0,0,0,0,0
249834,11,bully,2264,1,0,0,90,0,1260,0,1,11,247570,2264,0,91,0,0,0,LEADER,1,0,0,90,0,0,0,0,0,0,0,0,0,0,0
249924,18,bully,1434,1,0,0,91,0,1274,0,1,18,248490,1434,0,92,0,0,0,LEADER,1,0,0,91,0,0,0,0,0,0,0,0,0,0,0
250043,90,bully,1553,1,0,0,91,0,1274,0,1,90,248490,1553,0,92,0,0,0,LEADER,1,0,0,91,0,0,0,0,0,0,0,0,0,0,0
249937,35,bully,1447,1,0,0,91,0,1274,0,1,35,248490,1447,0,92,0,0,0,LEADER,1,0,0,91,0,0,0,0,0,0,0,0,0,0,0
249818,43,bully,2249,1,0,0,90,0,1260,0,1,43,247569,2249,0,91,0,0,0,LEADER,1,0,0,90,0,0,0,0,0,0,0,0,0,0,0
249957,28,bully,1467,1,0,0,91,0,1274,0,1,28,248490,1467,0,92,0,0,0,LEADER,1,0,0,91,0,0,0,0,0,0,0,0,0,0,0
249795,44,bully,2228,1,0,0,90,0,1260,0,1,44,247567,2228,0,91,0,0,0,LEADER,1,0,0,90,0,0,0,0,0,0,0,0,0,0,0
250631,23,bully,2141,1,0,0,91,0,1274,0,1,23,248490,2141,0,92,0,0,0,LEADER,1,0,0,91,0,0,0,0,0,0,0,0,0,0,0
249951,30,bully,1461,1,0,0,91,0,1274,0,1,30,248490,1461,0,92,0,0,0,LEADER,1,0,0,91,0,0,0,0,0,0,0,0,0,0,0
250351,94,bully,1859,1,0,0,91,0,1274,0,1,94,248492,1859,0,92,0,0,0,LEADER,1,0,0,91,0,0,0,0,0,0,0,0,0,0,0
249991,38,bully,1501,1,0,0,91,0,1274,0,1,38,248490,1501,0,92,0,0,0,LEADER,1,0,0,91,0,0,0,0,0,0,0,0,0,0,0
250670,66,bully,2180,1,0,0,91,0,1274,0,1,66,248490,2180,0,92,0,0,0,LEADER,1,0,0,91,0,0,0,0,0,0,0,0,0,0,0
249976,70,bully,1486,1,0,0,91,0,1274,0,1,70,248490,1486,0,92,0,0,0,LEADER,1,0,0,91,0,0,0,0,0,0,0,0,0,0,0
250621,88,bully,2131,1,0,0,91,0,1274,0,1,88,248490,2131,0,92,0,0,0,LEADER,1,0,0,91,0,0,0,0,0,0,0,0,0,0,0
249804,75,bully,2235,1,0,0,90,0,1260,0,1,75,247569,2235,0,91,0,0,0,LEADER,1,0,0,90,0,0,0,0,0,0,0,0,0,0,0
249814,12,bully,2243,1,0,0,90,0,1260,0,1,12,247571,2243,0,91,0,0,0,LEADER,1,0,0,90,0,0,0,0,0,0,0,0,0,0,0
250515,27,bully,2025,1,0,0,91,0,1274,0,1,27,248490,2025,0,92,0,0,0,LEADER,1,0,0,91,0,0,0,0,0,0,0,0,0,0,0
250004,42,bully,1514,1,0,0,91,0,1274,0,1,42,248490,1514,0,92,0,0,0,LEADER,1,0,0,91,0,0,0,0,0,0,0,0,0,0,0
250651,24,bully,2161,1,0,0,91,0,1274,0,1,24,248490,2161,0,92,0,0,0,LEADER,1,0,0,91,0,0,0,0,0,0,0,0,0,0,0
250603,46,bully,2113,1,0,0,91,0,1274,0,1,46,248490,2113,0,92,0,0,0,LEADER,1,0,0,91,0,0,0,0,0,0,0,0,0,0,0
250500,59,bully,2010,1,0,0,91,0,1274,0,1,59,248490,2010,0,92,0,0,0,LEADER,1,0,0,91,0,0,0,0,0,0,0,0,0,0,0
250128,34,bully,1637,1,0,0,91,0,1274,0,1,34,248491,1637,0,92,0,0,0,LEADER,1,0,0,91,0,0,0,0,0,0,0,0,0,0,0
250782,32,bully,2292,1,0,0,91,0,1274,0,1,32,248490,2292,0,92,0,0,0,LEADER,1,0,0,91,0,0,0,0,0,0,0,0,0,0,0
250397,72,bully,1907,1,0,0,91,0,1274,0,1,72,248490,1907,0,92,0,0,0,LEADER,1,0,0,91,0,0,0,0,0,0,0,0,0,0,0
250809,63,bully,2316,1,0,0,91,0,1274,0,1,63,248493,2316,0,92,0,0,0,LEADER,1,0,0,91,0,0,0,0,0,0,0,0,0,0,0
250282,74,bully,1792,1,0,0,91,0,1274,0,1,74,248490,1792,0,92,0,0,0,LEADER,1,0,0,91,0,0,0,0,0,0,0,0,0,0,0
250024,48,bully,1534,1,0,0,91,0,1274,0,1,48,248490,1534,0,92,0,0,0,LEADER,1,0,0,91,0,0,0,0,0,0,0,0,0,0,0
250487,57,bully,1995,1,0,0,91,0,1274,0,1,57,248492,1995,0,92,0,0,0,LEADER,1,0,0,91,0,0,0,0,0,0,0,0,0,0,0
250555,68,bully,2065,1,0,0,91,0,1274,0,1,68,248490,2065,0,92,0,0,0,LEADER,1,0,0,91,0,0,0,0,0,0,0,0,0,0,0
249956,45,bully,1466,1,0,0,91,0,1274,0,1,45,248490,1466,0,92,0,0,0,LEADER,1,0,0,91,0,0,0,0,0,0,0,0,0,0,0
250313,93,bully,1823,1,0,0,91,0,1274,0,1,93,248490,1823,0,92,0,0,0,LEADER,1,0,0,91,0,0,0,0,0,0,0,0,0,0,0
250894,82,bully,2404,1,0,0,91,0,1274,0,1,82,248490,2404,0,92,0,0,0,LEADER,1,0,0,91,0,0,0,0,0,0,0,0,0,0,0
250888,51,bully,2398,1,0,0,91,0,1274,0,1,51,248490,2398,0,92,0,0,0,LEADER,1,0,0,91,0,0,0,0,0,0,0,0,0,0,0
250433,39,bully,1943,1,0,0,91,0,1274,0,1,39,248490,1943,0,92,0,0,0,LEADER,1,0,0,91,0,0,0,0,0,0,0,0,0,0,0
250179,78,bully,1689,1,0,0,91,0,1274,0,1,78,248490,1689,0,92,0,0,0,LEADER,1,0,0,91,0,0,0,0,0,0,0,0,0,0,0
250567,79,bully,2077,1,0,0,91,0,1274,0,1,79,248490,2077,0,92,0,0,0,LEADER,1,0,0,91,0,0,0,0,0,0,0,0,0,0,0
250142,14,bully,1652,1,0,0,91,0,1274,0,1,14,248490,1652,0,92,0,0,0,LEADER,1,0,0,91,0,0,0,0,0,0,0,0,0,0,0
250569,36,bully,2080,1,0,0,91,0,1274,0,1,36,248489,2080,0,92,0,0,0,LEADER,1,0,0,91,0,0,0,0,0,0,0,0,0,0,0
250452,81,bully,1962,1,0,0,91,0,1274,0,1,81,248490,1962,0,92,0,0,0,LEADER,1,0,0,91,0,0,0,0,0,0,0,0,0,0,0
250112,67,bully,1622,1,0,0,91,0,1274,0,1,67,248490,1622,0,92,0,0,0,LEADER,1,0,0,91,0,0,0,0,0,0,0,0,0,0,0
250873,83,bully,2383,1,0,0,91,0,1274,0,1,83,248490,2383,0,92,0,0,0,LEADER,1,0,0,91,0,0,0,0,0,0,0,0,0,0,0
251017,99,bully,1607,1,0,0,91,0,1274,0,1,99,249410,1607,0,92,0,0,0,LEADER,1,0,0,91,0,0,0,0,0,0,0,0,0,0,0
250194,55,bully,1704,1,0,0,91,0,1274,0,1,55,248490,1704,0,92,0,0,0,LEADER,1,0,0,91,0,0,0,0,0,0,0,0,0,0,0
250984,89,bully,1574,1,0,0,91,0,1274,0,1,89,249410,1574,0,92,0,0,0,LEADER,1,0,0,91,0,0,0,0,0,0,0,0,0,0,0
250146,77,bully,1656,1,0,0,91,0,1274,0,1,77,248490,1656,0,92,0,0,0,LEADER,1,0,0,91,0,0,0,0,0,0,0,0,0,0,0
250418,71,bully,1928,1,0,0,91,0,1274,0,1,71,248490,1928,0,92,0,0,0,LEADER,1,0,0,91,0,0,0,0,0,0,0,0,0,0,0
250695,76,bully,2213,1,0,0,91,0,1274,0,1,76,248482,2213,0,92,0,0,0,LEADER,1,0,0,91,0,0,0,0,0,0,0,0,0,0,0
250332,52,bully,1840,1,0,0,91,0,1274,0,1,52,248492,1840,0,92,0,0,0,LEADER,1,0,0,91,0,0,0,0,0,0,0,0,0,0,0
250297,10,bully,1807,1,0,0,91,0,1274,0,1,10,248490,1807,0,92,0,0,0,LEADER,1,0,0,91,0,0,0,0,0,0,0,0,0,0,0
250230,22,bully,1740,1,0,0,91,0,1274,0,1,22,248490,1740,0,92,0,0,0,LEADER,1,0,0,91,0,0,0,0,0,0,0,0,0,0,0
250375,21,bully,1889,1,0,0,91,0,1274,0,1,21,248486,1889,0,92,0,0,0,LEADER,1,0,0,91,0,0,0,0,0,0,0,0,0,0,0
250636,56,bully,2146,1,0,0,91,0,1274,0,1,56,248490,2146,0,92,0,0,0,LEADER,1,0,0,91,0,0,0,0,0,0,0,0,0,0,0
250161,60,bully,1671,1,0,0,91,0,1274,0,1,60,248490,1671,0,92,0,0,0,LEADER,1,0,0,91,0,0,0,0,0,0,0,0,0,0,0
251014,25,bully,1604,1,0,0,91,0,1274,0,1,25,249410,1604,0,92,0,0,0,LEADER,1,0,0,91,0,0,0,0,0,0,0,0,0,0,0
250227,65,bully,1737,1,0,0,91,0,1274,0,1,65,248490,1737,0,92,0,0,0,LEADER,1,0,0,91,0,0,0,0,0,0,0,0,0,0,0
250903,19,bully,2413,1,0,0,91,0,1274,0,1,19,248490,2413,0,92,0,0,0,LEADER,1,0,0,91,0,0,0,0,0,0,0,0,0,0,0
250533,69,bully,2043,1,0,0,91,0,1274,0,1,69,248490,2043,0,92,0,0,0,LEADER,1,0,0,91,0,0,0,0,0,0,0,0,0,0,0
251135,54,bully,1725,1,0,0,91,0,1274,0,1,54,249410,1725,0,92,0,0,0,LEADER,1,0,0,91,0,0,0,0,0,0,0,0,0,0,0
250482,17,bully,1992,1,0,0,91,0,1274,0,1,17,248490,1992,0,92,0,0,0,LEADER,1,0,0,91,0,0,0,0,0,0,0,0,0,0,0
250996,100,bully,1586,1,0,0,91,0,1274,0,1,100,249410,1586,0,92,0,0,0,LEADER,1,0,0,91,0,0,0,0,0,0,0,0,0,0,0
250959,16,bully,1549,1,0,0,91,0,1274,0,1,16,249410,1549,0,92,0,0,0,LEADER,1,0,0,91,0,0,0,0,0,0,0,0,0,0,0
250548,37,bully,2058,1,0,0,91,0,1274,0,1,37,248490,2058,0,92,0,0,0,LEADER,1,0,0,91,0,0,0,0,0,0,0,0,0,0,0
251184,13,bully,1774,1,0,0,91,0,1274,0,1,13,249410,1774,0,92,0,0,0,LEADER,1,0,0,91,0,0,0,0,0,0,0,0,0,0,0
250345,20,bully,1855,1,0,0,91,0,1274,0,1,20,248490,1855,0,92,0,0,0,LEADER,1,0,0,91,0,0,0,0,0,0,0,0,0,0,0
250977,41,bully,1567,1,0,0,91,0,1274,0,1,41,249410,1567,0,92,0,0,0,LEADER,1,0,0,91,0,0,0,0,0,0,0,0,0,0,0
250966,47,bully,1556,1,0,0,91,0,1274,0,1,47,249410,1556,0,92,0,0,0,LEADER,1,0,0,91,0,0,0,0,0,0,0,0,0,0,0
250792,95,bully,2301,1,0,0,91,0,1274,0,1,95,248491,2301,0,92,0,0,0,LEADER,1,0,0,91,0,0,0,0,0,0,0,0,0,0,0
250655,98,bully,2165,1,0,0,91,0,1274,0,1,98,248490,2165,0,92,0,0,0,LEADER,1,0,0,91,0,0,0,0,0,0,0,0,0,0,0
250839,73,bully,2349,1,0,0,91,0,1274,0,1,73,248490,2349,0,92,0,0,0,LEADER,1,0,0,91,0,0,0,0,0,0,0,0,0,0,0
251162,33,bully,1752,1,0,0,91,0,1274,0,1,33,249410,1752,0,92,0,0,0,LEADER,1,0,0,91,0,0,0,0,0,0,0,0,0,0,0
251132,97,bully,1722,1,0,0,91,0,1274,0,1,97,249410,1722,0,92,0,0,0,LEADER,1,0,0,91,0,0,0,0,0,0,0,0,0,0,0
250385,61,bully,1895,1,0,0,91,0,1274,0,1,61,248490,1895,0,92,0,0,0,LEADER,1,0,0,91,0,0,0,0,0,0,0,0,0,0,0
250821,31,bully,2331,1,0,0,91,0,1274,0,1,31,248490,2331,0,92,0,0,0,LEADER,1,0,0,91,0,0,0,0,0,0,0,0,0,0,0
251332,40,bully,1922,1,0,0,91,0,1274,0,1,40,249410,1922,0,92,0,0,0,LEADER,1,0,0,91,0,0,0,0,0,0,0,0,0,0,0
251322,29,bully,1910,1,0,0,91,0,1274,0,1,29,249412,1910,0,92,0,0,0,LEADER,1,0,0,91,0,0,0,0,0,0,0,0,0,0,0
251149,96,bully,1744,1,0,0,91,0,1274,0,1,96,249405,1744,0,92,0,0,0,LEADER,1,0,0,91,0,0,0,0,0,0,0,0,0,0,0
251235,84,bully,1825,1,0,0,91,0,1274,0,1,84,249410,1825,0,92,0,0,0,LEADER,1,0,0,91,0,0,0,0,0,0,0,0,0,0,0
250931,80,bully,1519,1,0,0,91,0,1274,0,1,80,249412,1519,0,92,0,0,0,LEADER,1,0,0,91,0,0,0,0,0,0,0,0,0,0,0
250773,53,bully,2283,1,0,0,91,0,1274,0,1,53,248490,2283,0,92,0,0,0,LEADER,1,0,0,91,0,0,0,0,0,0,0,0,0,0,0
250848,92,bully,1438,1,0,0,91,0,1274,0,1,92,249410,1438,0,92,0,0,0,LEADER,1,0,0,91,0,0,0,0,0,0,0,0,0,0,0
251018,91,bully,1619,1,0,0,91,0,1274,0,1,91,249399,1619,0,92,0,0,0,LEADER,1,0,0,91,0,0,0,0,0,0,0,0,0,0,0
251284,62,bully,1874,1,0,0,91,0,1274,0,1,62,249410,1874,0,92,0,0,0,LEADER,1,0,0,91,0,0,0,0,0,0,0,0,0,0,0
250981,15,bully,1571,1,0,0,91,0,1274,0,1,15,249410,1571,0,92,0,0,0,LEADER,1,0,0,91,0,0,0,0,0,0,0,0,0,0,0
250651,26,bully,2161,1,0,0,91,0,1274,0,1,26,248490,2161,0,92,0,0,0,LEADER,1,0,0,91,0,0,0,0,0,0,0,0,0,0,0
251387,49,bully,1977,1,0,0,91,0,1274,0,1,49,249410,1977,0,92,0,0,0,LEADER,1,0,0,91,0,0,0,0,0,0,0,0,0,0,0
251202,58,bully,1792,1,0,0,91,0,1274,0,1,58,249410,1792,0,92,0,0,0,LEADER,1,0,0,91,0,0,0,0,0,0,0,0,0,0,0
250736,86,bully,2246,1,0,0,91,0,1274,0,1,86,248490,2246,0,92,0,0,0,LEADER,1,0,0,91,0,0,0,0,0,0,0,0,0,0,0
250909,50,bully,2419,1,0,0,91,0,1274,0,1,50,248490,2419,0,92,0,0,0,LEADER,1,0,0,91,0,0,0,0,0,0,0,0,0,0,0
250759,85,bully,2268,1,0,0,91,0,1274,0,1,85,248491,2268,0,92,0,0,0,LEADER,1,0,0,91,0,0,0,0,0,0,0,0,0,0,0
250697,87,bully,2212,1,0,0,91,0,1274,0,1,87,248485,2212,0,92,0,0,0,LEADER,1,0,0,91,0,0,0,0,0,0,0,0,0,0,0
250906,64,bully,2416,1,0,0,91,0,1274,0,1,64,248490,2416,0,92,0,0,0,LEADER,1,0,0,91,0,0,0,0,0,0,0,0,0,0,0
250844,18,bully,1434,1,0,0,91,0,1274,0,1,18,249410,1434,0,92,0,0,0,LEADER,1,0,0,91,0,0,0,0,0,0,0,0,0,0,0
250755,11,bully,2264,1,0,0,91,0,1274,0,1,11,248491,2264,0,92,0,0,0,LEADER,1,0,0,91,0,0,0,0,0,0,0,0,0,0,0
250963,90,bully,1553,1,0,0,91,0,1274,0,1,90,249410,1553,0,92,0,0,0,LEADER,1,0,0,91,0,0,0,0,0,0,0,0,0,0,0
250857,35,bully,1447,1,0,0,91,0,1274,0,1,35,249410,1447,0,92,0,0,0,LEADER,1,0,0,91,0,0,0,0,0,0,0,0,0,0,0
250739,43,bully,2249,1,0,0,91,0,1274,0,1,43,248490,2249,0,92,0,0,0,LEADER,1,0,0,91,0,0,0,0,0,0,0,0,0,0,0
250877,28,bully,1467,1,0,0,91,0,1274,0,1,28,249410,1467,0,92,0,0,0,LEADER,1,0,0,91,0,0,0,0,0,0,0,0,0,0,0
250716,44,bully,2228,1,0,0,91,0,1274,0,1,44,248488,2228,0,92,0,0,0,LEADER,1,0,0,91,0,0,0,0,0,0,0,0,0,0,0
251551,23,bully,2141,1,0,0,91,0,1274,0,1,23,249410,2141,0,92,0,0,0,LEADER,1,0,0,91,0,0,0,0,0,0,0,0,0,0,0
250871,30,bully,1461,1,0,0,91,0,1274,0,1,30,249410,1461,0,92,0,0,0,LEADER,1,0,0,91,0,0,0,0,0,0,0,0,0,0,0
251271,94,bully,1859,1,0,0,91,0,1274,0,1,94,249412,1859,0,92,0,0,0,LEADER,1,0,0,91,0,0,0,0,0,0,0,0,0,0,0
250911,38,bully,1501,1,0,0,91,0,1274,0,1,38,249410,1501,0,92,0,0,0,LEADER,1,0,0,91,0,0,0,0,0,0,0,0,0,0,0
251590,66,bully,2180,1,0,0,91,0,1274,0,1,66,249410,2180,0,92,0,0,0,LEADER,1,0,0,91,0,0,0,0,0,0,0,0,0,0,0
250896,70,bully,1486,1,0,0,91,0,1274,0,1,70,249410,1486,0,92,0,0,0,LEADER,1,0,0,91,0,0,0,0,0,0,0,0,0,0,0
251541,88,bully,2131,1,0,0,91,0,1274,0,1,88,249410,2131,0,92,0,0,0,LEADER,1,0,0,91,0,0,0,0,0,0,0,0,0,0,0
250725,75,bully,2235,1,0,0,91,0,1274,0,1,75,248490,2235,0,92,0,0,0,LEADER,1,0,0,91,0,0,0,0,0,0,0,0,0,0,0
250735,12,bully,2243,1,0,0,91,0,1274,0,1,12,248492,2243,0,92,0,0,0,LEADER,1,0,0,91,0,0,0,0,0,0,0,0,0,0,0
251435,27,bully,2025,1,0,0,91,0,1274,0,1,27,249410,2025,0,92,0,0,0,LEADER,1,0,0,91,0,0,0,0,0,0,0,0,0,0,0
250924,42,bully,1514,1,0,0,91,0,1274,0,1,42,249410,1514,0,92,0,0,0,LEADER,1,0,0,91,0,0,0,0,0,0,0,0,0,0,0
251571,24,bully,2161,1,0,0,91,0,1274,0,1,24,249410,2161,0,92,0,0,0,LEADER,1,0,0,91,0,0,0,0,0,0,0,0,0,0,0
251523,46,bully,2113,1,0,0,91,0,1274,0,1,46,249410,2113,0,92,0,0,0,LEADER,1,0,0,91,0,0,0,0,0,0,0,0,0,0,0
251420,59,bully,2010,1,0,0,91,0,1274,0,1,59,249410,2010,0,92,0,0,0,LEADER,1,0,0,91,0,0,0,0,0,0,0,0,0,0,0
251048,34,bully,1637,1,0,0,91,0,1274,0,1,34,249411,1637,0,92,0,0,0,LEADER,1,0,0,91,0,0,0,0,0,0,0,0,0,0,0
251702,32,bully,2292,1,0,0,91,0,1274,0,1,32,249410,2292,0,92,0,0,0,LEADER,1,0,0,91,0,0,0,0,0,0,0,0,0,0,0
251317,72,bully,1907,1,0,0,91,0,1274,0,1,72,249410,1907,0,92,0,0,0,LEADER,1,0,0,91,0,0,0,0,0,0,0,0,0,0,0
251729,63,bully,2316,1,0,0,91,0,1274,0,1,63,249413,2316,0,92,0,0,0,LEADER,1,0,0,91,0,0,0,0,0,0,0,0,0,0,0
251202,74,bully,1792,1,0,0,91,0,1274,0,1,74,249410,1792,0,92,0,0,0,LEADER,1,0,0,91,0,0,0,0,0,0,0,0,0,0,0
250944,48,bully,1534,1,0,0,91,0,1274,0,1,48,249410,1534,0,92,0,0,0,LEADER,1,0,0,91,0,0,0,0,0,0,0,0,0,0,0
251407,57,bully,1995,1,0,0,91,0,1274,0,1,57,249412,1995,0,92,0,0,0,LEADER,1,0,0,91,0,0,0,0,0,0,0,0,0,0,0
251475,68,bully,2065,1,0,0,91,0,1274,0,1,68,249410,2065,0,92,0,0,0,LEADER,1,0,0,91,0,0,0,0,0,0,0,0,0,0,0
250876,45,bully,1466,1,0,0,91,0,1274,0,1,45,249410,1466,0,92,0,0,0,LEADER,1,0,0,91,0,0,0,0,0,0,0,0,0,0,0
251233,93,bully,1823,1,0,0,91,0,1274,0,1,93,249410,1823,0,92,0,0,0,LEADER,1,0,0,91,0,0,0,0,0,0,0,0,0,0,0
251814,82,bully,2404,1,0,0,91,0,1274,0,1,82,249410,2404,0,92,0,0,0,LEADER,1,0,0,91,0,0,0,0,0,0,0,0,0,0,0
251808,51,bully,2398,1,0,0,91,0,1274,0,1,51,249410,2398,0,92,0,0,0,LEADER,1,0,0,91,0,0,0,0,0,0,0,0,0,0,0
251353,39,bully,1943,1,0,0,91,0,1274,0,1,39,249410,1943,0,92,0,0,0,LEADER,1,0,0,91,0,0,0,0,0,0,0,0,0,0,0
251099,78,bully,1689,1,0,0,91,0,1274,0,1,78,249410,1689,0,92,0,0,0,LEADER,1,0,0,91,0,0,0,0,0,0,0,0,0,0,0
251487,79,bully,2077,1,0,0,91,0,1274,0,1,79,249410,2077,0,92,0,0,0,LEADER,1,0,0,91,0,0,0,0,0,0,0,0,0,0,0
251062,14,bully,1652,1,0,0,91,0,1274,0,1,14,249410,1652,0,92,0,0,0,LEADER,1,0,0,91,0,0,0,0,0,0,0,0,0,0,0
251489,36,bully,2080,1,0,0,91,0,1274,0,1,36,249409,2080,0,92,0,0,0,LEADER,1,0,0,91,0,0,0,0,0,0,0,0,0,0,0
251372,81,bully,1962,1,0,0,91,0,1274,0,1,81,249410,1962,0,92,0,0,0,LEADER,1,0,0,91,0,0,0,0,0,0,0,0,0,0,0
251032,67,bully,1622,1,0,0,91,0,1274,0,1,67,249410,1622,0,92,0,0,0,LEADER,1,0,0,91,0,0,0,0,0,0,0,0,0,0,0
251793,83,bully,2383,1,0,0,91,0,1274,0,1,83,249410,2383,0,92,0,0,0,LEADER,1,0,0,91,0,0,0,0,0,0,0,0,0,0,0
251937,99,bully,1607,1,0,0,91,0,1274,0,1,99,250330,1607,0,92,0,0,0,LEADER,1,0,0,91,0,0,0,0,0,0,0,0,0,0,0
251114,55,bully,1704,1,0,0,91,0,1274,0,1,55,249410,1704,0,92,0,0,0,LEADER,1,0,0,91,0,0,0,0,0,0,0,0,0,0,0
251904,89,bully,1574,1,0,0,91,0,1274,0,1,89,250330,1574,0,92,0,0,0,LEADER,1,0,0,91,0,0,0,0,0,0,0,0,0,0,0
251066,77,bully,1656,1,0,0,91,0,1274,0,1,77,249410,1656,0,92,0,0,0,LEADER,1,0,0,91,0,0,0,0,0,0,0,0,0,0,0
251338,71,bully,1928,1,0,0,91,0,1274,0,1,71,249410,1928,0,92,0,0,0,LEADER,1,0,0,91,0,0,0,0,0,0,0,0,0,0,0
251615,76,bully,2213,1,0,0,91,0,1274,0,1,76,249402,2213,0,92,0,0,0,LEADER,1,0,0,91,0,0,0,0,0,0,0,0,0,0,0
251252,52,bully,1840,1,0,0,91,0,1274,0,1,52,249412,1840,0,92,0,0,0,LEADER,1,0,0,91,0,0,0,0,0,0,0,0,0,0,0
251217,10,bully,1807,1,0,0,91,0,1274,0,1,10,249410,1807,0,92,0,0,0,LEADER,1,0,0,91,0,0,0,0,0,0,0,0,0,0,0
251150,22,bully,1740,1,0,0,91,0,1274,0,1,22,249410,1740,0,92,0,0,0,LEADER,1,0,0,91,0,0,0,0,0,0,0,0,0,0,0
251295,21,bully,1889,1,0,0,91,0,1274,0,1,21,249406,1889,0,92,0,0,0,LEADER,1,0,0,91,0,0,0,0,0,0,0,0,0,0,0
251556,56,bully,2146,1,0,0,91,0,1274,0,1,56,249410,2146,0,92,0,0,0,LEADER,1,0,0,91,0,0,0,0,0,0,0,0,0,0,0
251081,60,bully,1671,1,0,0,91,0,1274,0,1,60,249410,1671,0,92,0,0,0,LEADER,1,0,0,91,0,0,0,0,0,0,0,0,0,0,0
251934,25,bully,1604,1,0,0,91,0,1274,0,1,25,250330,1604,0,92,0,0,0,LEADER,1,0,0,91,0,0,0,0,0,0,0,0,0,0,0
251147,65,bully,1737,1,0,0,91,0,1274,0,1,65,249410,1737,0,92,0,0,0,LEADER,1,0,0,91,0,0,0,0,0,0,0,0,0,0,0
251823,19,bully,2413,1,0,0,91,0,1274,0,1,19,249410,2413,0,92,0,0,0,LEADER,1,0,0,91,0,0,0,0,0,0,0,0,0,0,0
251453,69,bully,2043,1,0,0,91,0,1274,0,1,69,249410,2043,0,92,0,0,0,LEADER,1,0,0,91,0,0,0,0,0,0,0,0,0,0,0
252055,54,bully,1725,1,0,0,91,0,1274,0,1,54,250330,1725,0,92,0,0,0,LEADER,1,0,0,91,0,0,0,0,0,0,0,0,0,0,0
251402,17,bully,1992,1,0,0,91,0,1274,0,1,17,249410,1992,0,92,0,0,0,LEADER,1,0,0,91,0,0,0,0,0,0,0,0,0,0,0
251916,100,bully,1586,1,0,0,91,0,1274,0,1,100,250330,1586,0,92,0,0,0,LEADER,1,0,0,91,0,0,0,0,0,0,0,0,0,0,0
251879,16,bully,1549,1,0,0,91,0,1274,0,1,16,250330,1549,0,92,0,0,0,LEADER,1,0,0,91,0,0,0,0,0,0,0,0,0,0,0
251468,37,bully,2058,1,0,0,91,0,1274,0,1,37,249410,2058,0,92,0,0,0,LEADER,1,0,0,91,0,0,0,0,0,0,0,0,0,0,0
252104,13,bully,1774,1,0,0,91,0,1274,0,1,13,250330,1774,0,92,0,0,0,LEADER,1,0,0,91,0,0,0,0,0,0,0,0,0,0,0
251265,20,bully,1855,1,0,0,91,0,1274,0,1,20,249410,1855,0,92,0,0,0,LEADER,1,0,0,91,0,0,0,0,0,0,0,0,0,0,0
251897,41,bully,1567,1,0,0,91,0,1274,0,1,41,250330,1567,0,92,0,0,0,LEADER,1,0,0,91,0,0,0,0,0,0,0,0,0,0,0
251886,47,bully,1556,1,0,0,91,0,1274,0,1,47,250330,1556,0,92,0,0,0,LEADER,1,0,0,91,0,0,0,0,0,0,0,0,0,0,0
251712,95,bully,2301,1,0,0,91,0,1274,0,1,95,249411,2301,0,92,0,0,0,LEADER,1,0,0,91,0,0,0,0,0,0,0,0,0,0,0
251575,98,bully,2165,1,0,0,91,0,1274,0,1,98,249410,2165,0,92,0,0,0,LEADER,1,0,0,91,0,0,0,0,0,0,0,0,0,0,0
251759,73,bully,2349,1,0,0,91,0,1274,0,1,73,249410,2349,0,92,0,0,0,LEADER,1,0,0,91,0,0,0,0,0,0,0,0,0,0,0
252082,33,bully,1752,1,0,0,91,0,1274,0,1,33,250330,1752,0,92,0,0,0,LEADER,1,0,0,91,0,0,0,0,0,0,0,0,0,0,0
252052,97,bully,1722,1,0,0,91,0,1274,0,1,97,250330,1722,0,92,0,0,0,LEADER,1,0,0,91,0,0,0,0,0,0,0,0,0,0,0
251305,61,bully,1895,1,0,0,91,0,1274,0,1,61,249410,1895,0,92,0,0,0,LEADER,1,0,0,91,0,0,0,0,0,0,0,0,0,0,0
251741,31,bully,2331,1,0,0,91,0,1274,0,1,31,249410,2331,0,92,0,0,0,LEADER,1,0,0,91,0,0,0,0,0,0,0,0,0,0,0
252252,40,bully,1922,1,0,0,91,0,1274,0,1,40,250330,1922,0,92,0,0,0,LEADER,1,0,0,91,0,0,0,0,0,0,0,0,0,0,0
252242,29,bully,1910,1,0,0,91,0,1274,0,1,29,250332,1910,0,92,0,0,0,LEADER,1,0,0,91,0,0,0,0,0,0,0,0,0,0,0
252069,96,bully,1744,1,0,0,91,0,1274,0,1,96,250325,1744,0,92,0,0,0,LEADER,1,0,0,91,0,0,0,0,0,0,0,0,0,0,0
252155,84,bully,1825,1,0,0,91,0,1274,0,1,84,250330,1825,0,92,0,0,0,LEADER,1,0,0,91,0,0,0,0,0,0,0,0,0,0,0
251851,80,bully,1519,1,0,0,91,0,1274,0,1,80,250332,1519,0,92,0,0,0,LEADER,1,0,0,91,0,0,0,0,0,0,0,0,0,0,0
251693,53,bully,2283,1,0,0,91,0,1274,0,1,53,249410,2283,0,92,0,0,0,LEADER,1,0,0,91,0,0,0,0,0,0,0,0,0,0,0
251768,92,bully,1438,1,0,0,91,0,1274,0,1,92,250330,1438,0,92,0,0,0,LEADER,1,0,0,91,0,0,0,0,0,0,0,0,0,0,0
251938,91,bully,1619,1,0,0,91,0,1274,0,1,91,250319,1619,0,92,0,0,0,LEADER,1,0,0,91,0,0,0,0,0,0,0,0,0,0,0
252204,62,bully,1874,1,0,0,91,0,1274,0,1,62,250330,1874,0,92,0,0,0,LEADER,1,0,0,91,0,0,0,0,0,0,0,0,0,0,0
251901,15,bully,1571,1,0,0,91,0,1274,0,1,15,250330,1571,0,92,0,0,0,LEADER,1,0,0,91,0,0,0,0,0,0,0,0,0,0,0
251571,26,bully,2161,1,0,0,91,0,1274,0,1,26,249410,2161,0,92,0,0,0,LEADER,1,0,0,91,0,0,0,0,0,0,0,0,0,0,0
252307,49,bully,1977,1,0,0,91,0,1274,0,1,49,250330,1977,0,92,0,0,0,LEADER,1,0,0,91,0,0,0,0,0,0,0,0,0,0,0
252122,58,bully,1792,1,0,0,91,0,1274,0,1,58,250330,1792,0,92,0,0,0,LEADER,1,0,0,91,0,0,0,0,0,0,0,0,0,0,0
251656,86,bully,2246,1,0,0,91,0,1274,0,1,86,249410,2246,0,92,0,0,0,LEADER,1,0,0,91,0,0,0,0,0,0,0,0,0,0,0
251829,50,bully,2419,1,0,0,91,0,1274,0,1,50,249410,2419,0,92,0,0,0,LEADER,1,0,0,91,0,0,0,0,0,0,0,0,0,0,0
251679,85,bully,2268,1,0,0,91,0,1274,0,1,85,249411,2268,0,92,0,0,0,LEADER,1,0,0,91,0,0,0,0,0,0,0,0,0,0,0
251617,87,bully,2212,1,0,0,91,0,1274,0,1,87,249405,2212,0,92,0,0,0,LEADER,1,0,0,91,0,0,0,0,0,0,0,0,0,0,0
251826,64,bully,2416,1,0,0,91,0,1274,0,1,64,249410,2416,0,92,0,0,0,LEADER,1,0,0,91,0,0,0,0,0,0,0,0,0,0,0
251764,18,bully,1434,1,0,0,91,0,1274,0,1,18,250330,1434,0,92,0,0,0,LEADER,1,0,0,91,0,0,0,0,0,0,0,0,0,0,0
251675,11,bully,2264,1,0,0,91,0,1274,0,1,11,249411,2264,0,92,0,0,0,LEADER,1,0,0,91,0,0,0,0,0,0,0,0,0,0,0
251883,90,bully,1553,1,0,0,91,0,1274,0,1,90,250330,1553,0,92,0,0,0,LEADER,1,0,0,91,0,0,0,0,0,0,0,0,0,0,0
251777,35,bully,1447,1,0,0,91,0,1274,0,1,35,250330,1447,0,92,0,0,0,LEADER,1,0,0,91,0,0,0,0,0,0,0,0,0,0,0
251659,43,bully,2249,1,0,0,91,0,1274,0,1,43,249410,2249,0,92,0,0,0,LEADER,1,0,0,91,0,0,0,0,0,0,0,0,0,0,0
251797,28,bully,1467,1,0,0,91,0,1274,0,1,28,250330,1467,0,92,0,0,0,LEADER,1,0,0,91,0,0,0,0,0,0,0,0,0,0,0
251636,44,bully,2228,1,0,0,91,0,1274,0,1,44,249408,2228,0,92,0,0,0,LEADER,1,0,0,91,0,0,0,0,0,0,0,0,0,0,0
252471,23,bully,2141,1,0,0,91,0,1274,0,1,23,250330,2141,0,92,0,0,0,LEADER,1,0,0,91,0,0,0,0,0,0,0,0,0,0,0
251791,30,bully,1461,1,0,0,91,0,1274,0,1,30,250330,1461,0,92,0,0,0,LEADER,1,0,0,91,0,0,0,0,0,0,0,0,0,0,0
252191,94,bully,1859,1,0,0,91,0,1274,0,1,94,250332,1859,0,92,0,0,0,LEADER,1,0,0,91,0,0,0,0,0,0,0,0,0,0,0
251831,38,bully,1501,1,0,0,91,0,1274,0,1,38,250330,1501,0,92,0,0,0,LEADER,1,0,0,91,0,0,0,0,0,0,0,0,0,0,0
252510,66,bully,2180,1,0,0,91,0,1274,0,1,66,250330,2180,0,92,0,0,0,LEADER,1,0,0,91,0,0,0,0,0,0,0,0,0,0,0
251816,70,bully,1486,1,0,0,91,0,1274,0,1,70,250330,1486,0,92,0,0,0,LEADER,1,0,0,91,0,0,0,0,0,0,0,0,0,0,0
252461,88,bully,2131,1,0,0,91,0,1274,0,1,88,250330,2131,0,92,0,0,0,LEADER,1,0,0,91,0,0,0,0,0,0,0,0,0,0,0
251645,75,bully,2235,1,0,0,91,0,1274,0,1,75,249410,2235,0,92,0,0,0,LEADER,1,0,0,91,0,0,0,0,0,0,0,0,0,0,0
251655,12,bully,2243,1,0,0,91,0,1274,0,1,12,249412,2243,0,92,0,0,0,LEADER,1,0,0,91,0,0,0,0,0,0,0,0,0,0,0
252355,27,bully,2025,1,0,0,91,0,1274,0,1,27,250330,2025,0,92,0,0,0,LEADER,1,0,0,91,0,0,0,0,0,0,0,0,0,0,0
251897,5,bully,2001,1,0,0,22,33,308,462,6,4,249896,2001,0,10,0,0,0,NORMAL,0,0,0,22,0,0,0,33,0,0,0,0,0,0,0
251844,42,bully,1514,1,0,0,91,0,1274,0,1,42,250330,1514,0,92,0,0,0,LEADER,1,0,0,91,0,0,0,0,0,0,0,0,0,0,0
252491,24,bully,2161,1,0,0,91,0,1274,0,1,24,250330,2161,0,92,0,0,0,LEADER,1,0,0,91,0,0,0,0,0,0,0,0,0,0,0
252443,46,bully,2113,1,0,0,91,0,1274,0,1,46,250330,2113,0,92,0,0,0,LEADER,1,0,0,91,0,0,0,0,0,0,0,0,0,0,0
252340,59,bully,2010,1,0,0,91,0,1274,0,1,59,250330,2010,0,92,0,0,0,LEADER,1,0,0,91,0,0,0,0,0,0,0,0,0,0,0
252622,32,bully,2292,1,0,0,91,0,1274,0,1,32,250330,2292,0,92,0,0,0,LEADER,1,0,0,91,0,0,0,0,0,0,0,0,0,0,0
251968,34,bully,1637,1,0,0,91,0,1274,0,1,34,250331,1637,0,92,0,0,0,LEADER,1,0,0,91,0,0,0,0,0,0,0,0,0,0,0
252237,72,bully,1907,1,0,0,91,0,1274,0,1,72,250330,1907,0,92,0,0,0,LEADER,1,0,0,91,0,0,0,0,0,0,0,0,0,0,0
252649,63,bully,2316,1,0,0,91,0,1274,0,1,63,250333,2316,0,92,0,0,0,LEADER,1,0,0,91,0,0,0,0,0,0,0,0,0,0,0
252122,74,bully,1792,1,0,0,91,0,1274,0,1,74,250330,1792,0,92,0,0,0,LEADER,1,0,0,91,0,0,0,0,0,0,0,0,0,0,0
251864,48,bully,1534,1,0,0,91,0,1274,0,1,48,250330,1534,0,92,0,0,0,LEADER,1,0,0,91,0,0,0,0,0,0,0,0,0,0,0
252327,57,bully,1995,1,0,0,91,0,1274,0,1,57,250332,1995,0,92,0,0,0,LEADER,1,0,0,91,0,0,0,0,0,0,0,0,0,0,0
252395,68,bully,2065,1,0,0,91,0,1274,0,1,68,250330,2065,0,92,0,0,0,LEADER,1,0,0,91,0,0,0,0,0,0,0,0,0,0,0
251796,45,bully,1466,1,0,0,91,0,1274,0,1,45,250330,1466,0,92,0,0,0,LEADER,1,0,0,91,0,0,0,0,0,0,0,0,0,0,0
252153,93,bully,1823,1,0,0,91,0,1274,0,1,93,250330,1823,0,92,0,0,0,LEADER,1,0,0,91,0,0,0,0,0,0,0,0,0,0,0
252734,82,bully,2404,1,0,0,91,0,1274,0,1,82,250330,2404,0,92,0,0,0,LEADER,1,0,0,91,0,0,0,0,0,0,0,0,0,0,0
252728,51,bully,2398,1,0,0,91,0,1274,0,1,51,250330,2398,0,92,0,0,0,LEADER,1,0,0,91,0,0,0,0,0,0,0,0,0,0,0
252273,39,bully,1943,1,0,0,91,0,1274,0,1,39,250330,1943,0,92,0,0,0,LEADER,1,0,0,91,0,0,0,0,0,0,0,0,0,0,0
252019,78,bully,1689,1,0,0,91,0,1274,0,1,78,250330,1689,0,92,0,0,0,LEADER,1,0,0,91,0,0,0,0,0,0,0,0,0,0,0
252407,79,bully,2077,1,0,0,91,0,1274,0,1,79,250330,2077,0,92,0,0,0,LEADER,1,0,0,91,0,0,0,0,0,0,0,0,0,0,0
251982,14,bully,1652,1,0,0,91,0,1274,0,1,14,250330,1652,0,92,0,0,0,LEADER,1,0,0,91,0,0,0,0,0,0,0,0,0,0,0
252409,36,bully,2080,1,0,0,91,0,1274,0,1,36,250329,2080,0,92,0,0,0,LEADER,1,0,0,91,0,0,0,0,0,0,0,0,0,0,0
252292,81,bully,1962,1,0,0,91,0,1274,0,1,81,250330,1962,0,92,0,0,0,LEADER,1,0,0,91,0,0,0,0,0,0,0,0,0,0,0
251952,67,bully,1622,1,0,0,91,0,1274,0,1,67,250330,1622,0,92,0,0,0,LEADER,1,0,0,91,0,0,0,0,0,0,0,0,0,0,0
252713,83,bully,2383,1,0,0,91,0,1274,0,1,83,250330,2383,0,92,0,0,0,LEADER,1,0,0,91,0,0,0,0,0,0,0,0,0,0,0
252858,99,bully,1607,1,0,0,92,0,1288,0,1,99,251251,1607,0,93,0,0,0,LEADER,1,0,0,92,0,0,0,0,0,0,0,0,0,0,0
252034,55,bully,1704,1,0,0,91,0,1274,0,1,55,250330,1704,0,92,0,0,0,LEADER,1,0,0,91,0,0,0,0,0,0,0,0,0,0,0
252825,89,bully,1574,1,0,0,92,0,1288,0,1,89,251251,1574,0,93,0,0,0,LEADER,1,0,0,92,0,0,0,0,0,0,0,0,0,0,0
251986,77,bully,1656,1,0,0,91,0,1274,0,1,77,250330,1656,0,92,0,0,0,LEADER,1,0,0,91,0,0,0,0,0,0,0,0,0,0,0
252258,71,bully,1928,1,0,0,91,0,1274,0,1,71,250330,1928,0,92,0,0,0,LEADER,1,0,0,91,0,0,0,0,0,0,0,0,0,0,0
252535,76,bully,2213,1,0,0,91,0,1274,0,1,76,250322,2213,0,92,0,0,0,LEADER,1,0,0,91,0,0,0,0,0,0,0,0,0,0,0
252172,52,bully,1840,1,0,0,91,0,1274,0,1,52,250332,1840,0,92,0,0,0,LEADER,1,0,0,91,0,0,0,0,0,0,0,0,0,0,0
252137,10,bully,1807,1,0,0,91,0,1274,0,1,10,250330,1807,0,92,0,0,0,LEADER,1,0,0,91,0,0,0,0,0,0,0,0,0,0,0
252070,22,bully,1740,1,0,0,91,0,1274,0,1,22,250330,1740,0,92,0,0,0,LEADER,1,0,0,91,0,0,0,0,0,0,0,0,0,0,0
252215,21,bully,1889,1,0,0,91,0,1274,0,1,21,250326,1889,0,92,0,0,0,LEADER,1,0,0,91,0,0,0,0,0,0,0,0,0,0,0
252476,56,bully,2146,1,0,0,91,0,1274,0,1,56,250330,2146,0,92,0,0,0,LEADER,1,0,0,91,0,0,0,0,0,0,0,0,0,0,0
252001,60,bully,1671,1,0,0,91,0,1274,0,1,60,250330,1671,0,92,0,0,0,LEADER,1,0,0,91,0,0,0,0,0,0,0,0,0,0,0
252855,25,bully,1604,1,0,0,92,0,1288,0,1,25,251251,1604,0,93,0,0,0,LEADER,1,0,0,92,0,0,0,0,0,0,0,0,0,0,0
252067,65,bully,1737,1,0,0,91,0,1274,0,1,65,250330,1737,0,92,0,0,0,LEADER,1,0,0,91,0,0,0,0,0,0,0,0,0,0,0
252743,19,bully,2413,1,0,0,91,0,1274,0,1,19,250330,2413,0,92,0,0,0,LEADER,1,0,0,91,0,0,0,0,0,0,0,0,0,0,0
252373,69,bully,2043,1,0,0,91,0,1274,0,1,69,250330,2043,0,92,0,0,0,LEADER,1,0,0,91,0,0,0,0,0,0,0,0,0,0,0
252976,54,bully,1725,1,0,0,92,0,1288,0,1,54,251251,1725,0,93,0,0,0,LEADER,1,0,0,92,0,0,0,0,0,0,0,0,0,0,0
252322,17,bully,1992,1,0,0,91,0,1274,0,1,17,250330,1992,0,92,0,0,0,LEADER,1,0,0,91,0,0,0,0,0,0,0,0,0,0,0
252837,100,bully,1586,1,0,0,92,0,1288,0,1,100,251251,1586,0,93,0,0,0,LEADER,1,0,0,92,0,0,0,0,0,0,0,0,0,0,0
252800,16,bully,1549,1,0,0,92,0,1288,0,1,16,251251,1549,0,93,0,0,0,LEADER,1,0,0,92,0,0,0,0,0,0,0,0,0,0,0
252388,37,bully,2058,1,0,0,91,0,1274,0,1,37,250330,2058,0,92,0,0,0,LEADER,1,0,0,91,0,0,0,0,0,0,0,0,0,0,0
253025,13,bully,1774,1,0,0,92,0,1288,0,1,13,251251,1774,0,93,0,0,0,LEADER,1,0,0,92,0,0,0,0,0,0,0,0,0,0,0
252185,20,bully,1855,1,0,0,91,0,1274,0,1,20,250330,1855,0,92,0,0,0,LEADER,1,0,0,91,0,0,0,0,0,0,0,0,0,0,0
252818,41,bully,1567,1,0,0,92,0,1288,0,1,41,251251,1567,0,93,0,0,0,LEADER,1,0,0,92,0,0,0,0,0,0,0,0,0,0,0
252807,47,bully,1556,1,0,0,92,0,1288,0,1,47,251251,1556,0,93,0,0,0,LEADER,1,0,0,92,0,0,0,0,0,0,0,0,0,0,0
252632,95,bully,2301,1,0,0,91,0,1274,0,1,95,250331,2301,0,92,0,0,0,LEADER,1,0,0,91,0,0,0,0,0,0,0,0,0,0,0
252495,98,bully,2165,1,0,0,91,0,1274,0,1,98,250330,2165,0,92,0,0,0,LEADER,1,0,0,91,0,0,0,0,0,0,0,0,0,0,0
252679,73,bully,2349,1,0,0,91,0,1274,0,1,73,250330,2349,0,92,0,0,0,LEADER,1,0,0,91,0,0,0,0,0,0,0,0,0,0,0
252225,61,bully,1895,1,0,0,91,0,1274,0,1,61,250330,1895,0,92,0,0,0,LEADER,1,0,0,91,0,0,0,0,0,0,0,0,0,0,0
252973,97,bully,1722,1,0,0,92,0,1288,0,1,97,251251,1722,0,93,0,0,0,LEADER,1,0,0,92,0,0,0,0,0,0,0,0,0,0,0
253003,33,bully,1752,1,0,0,92,0,1288,0,1,33,251251,1752,0,93,0,0,0,LEADER,1,0,0,92,0,0,0,0,0,0,0,0,0,0,0
252661,31,bully,2331,1,0,0,91,0,1274,0,1,31,250330,2331,0,92,0,0,0,LEADER,1,0,0,91,0,0,0,0,0,0,0,0,0,0,0
253173,40,bully,1922,1,0,0,92,0,1288,0,1,40,251251,1922,0,93,0,0,0,LEADER,1,0,0,92,0,0,0,0,0,0,0,0,0,0,0
253163,29,bully,1910,1,0,0,92,0,1288,0,1,29,251253,1910,0,93,0,0,0,LEADER,1,0,0,92,0,0,0,0,0,0,0,0,0,0,0
252990,96,bully,1744,1,0,0,92,0,1288,0,1,96,251246,1744,0,93,0,0,0,LEADER,1,0,0,92,0,0,0,0,0,0,0,0,0,0,0
253076,84,bully,1825,1,0,0,92,0,1288,0,1,84,251251,1825,0,93,0,0,0,LEADER,1,0,0,92,0,0,0,0,0,0,0,0,0,0,0
252772,80,bully,1519,1,0,0,92,0,1288,0,1,80,251253,1519,0,93,0,0,0,LEADER,1,0,0,92,0,0,0,0,0,0,0,0,0,0,0
252613,53,bully,2283,1,0,0,91,0,1274,0,1,53,250330,2283,0,92,0,0,0,LEADER,1,0,0,91,0,0,0,0,0,0,0,0,0,0,0
252689,92,bully,1438,1,0,0,92,0,1288,0,1,92,251251,1438,0,93,0,0,0,LEADER,1,0,0,92,0,0,0,0,0,0,0,0,0,0,0
252859,91,bully,1619,1,0,0,92,0,1288,0,1,91,251240,1619,0,93,0,0,0,LEADER,1,0,0,92,0,0,0,0,0,0,0,0,0,0,0
253125,62,bully,1874,1,0,0,92,0,1288,0,1,62,251251,1874,0,93,0,0,0,LEADER,1,0,0,92,0,0,0,0,0,0,0,0,0,0,0
252822,15,bully,1571,1,0,0,92,0,1288,0,1,15,251251,1571,0,93,0,0,0,LEADER,1,0,0,92,0,0,0,0,0,0,0,0,0,0,0
252491,26,bully,2161,1,0,0,91,0,1274,0,1,26,250330,2161,0,92,0,0,0,LEADER,1,0,0,91,0,0,0,0,0,0,0,0,0,0,0
253228,49,bully,1977,1,0,0,92,0,1288,0,1,49,251251,1977,0,93,0,0,0,LEADER,1,0,0,92,0,0,0,0,0,0,0,0,0,0,0
253043,58,bully,1792,1,0,0,92,0,1288,0,1,58,251251,1792,0,93,0,0,0,LEADER,1,0,0,92,0,0,0,0,0,0,0,0,0,0,0
252576,86,bully,2246,1,0,0,91,0,1274,0,1,86,250330,2246,0,92,0,0,0,LEADER,1,0,0,91,0,0,0,0,0,0,0,0,0,0,0
252749,50,bully,2419,1,0,0,91,0,1274,0,1,50,250330,2419,0,92,0,0,0,LEADER,1,0,0,91,0,0,0,0,0,0,0,0,0,0,0
252599,85,bully,2268,1,0,0,91,0,1274,0,1,85,250331,2268,0,92,0,0,0,LEADER,1,0,0,91,0,0,0,0,0,0,0,0,0,0,0
252537,87,bully,2212,1,0,0,91,0,1274,0,1,87,250325,2212,0,92,0,0,0,LEADER,1,0,0,91,0,0,0,0,0,0,0,0,0,0,0
252746,64,bully,2416,1,0,0,91,0,1274,0,1,64,250330,2416,0,92,0,0,0,LEADER,1,0,0,91,0,0,0,0,0,0,0,0,0,0,0
252595,11,bully,2264,1,0,0,91,0,1274,0,1,11,250331,2264,0,92,0,0,0,LEADER,1,0,0,91,0,0,0,0,0,0,0,0,0,0,0
252685,18,bully,1434,1,0,0,92,0,1288,0,1,18,251251,1434,0,93,0,0,0,LEADER,1,0,0,92,0,0,0,0,0,0,0,0,0,0,0
252804,90,bully,1553,1,0,0,92,0,1288,0,1,90,251251,1553,0,93,0,0,0,LEADER,1,0,0,92,0,0,0,0,0,0,0,0,0,0,0
252698,35,bully,1447,1,0,0,92,0,1288,0,1,35,251251,1447,0,93,0,0,0,LEADER,1,0,0,92,0,0,0,0,0,0,0,0,0,0,0
252579,43,bully,2249,1,0,0,91,0,1274,0,1,43,250330,2249,0,92,0,0,0,LEADER,1,0,0,91,0,0,0,0,0,0,0,0,0,0,0
252718,28,bully,1467,1,0,0,92,0,1288,0,1,28,251251,1467,0,93,0,0,0,LEADER,1,0,0,92,0,0,0,0,0,0,0,0,0,0,0
252556,44,bully,2228,1,0,0,91,0,1274,0,1,44,250328,2228,0,92,0,0,0,LEADER,1,0,0,91,0,0,0,0,0,0,0,0,0,0,0
252708,4,bully,2115,1,0,0,16,35,224,490,4,4,250593,2115,0,10,0,0,0,LEADER,1,0,0,16,0,0,0,35,0,0,0,0,0,0,0
253392,23,bully,2141,1,0,0,92,0,1288,0,1,23,251251,2141,0,93,0,0,0,LEADER,1,0,0,92,0,0,0,0,0,0,0,0,0,0,0
252712,30,bully,1461,1,0,0,92,0,1288,0,1,30,251251,1461,0,93,0,0,0,LEADER,1,0,0,92,0,0,0,0,0,0,0,0,0,0,0
253112,94,bully,1859,1,0,0,92,0,1288,0,1,94,251253,1859,0,93,0,0,0,LEADER,1,0,0,92,0,0,0,0,0,0,0,0,0,0,0
252752,38,bully,1501,1,0,0,92,0,1288,0,1,38,251251,1501,0,93,0,0,0,LEADER,1,0,0,92,0,0,0,0,0,0,0,0,0,0,0
253431,66,bully,2180,1,0,0,92,0,1288,0,1,66,251251,2180,0,93,0,0,0,LEADER,1,0,0,92,0,0,0,0,0,0,0,0,0,0,0
252737,70,bully,1486,1,0,0,92,0,1288,0,1,70,251251,1486,0,93,0,0,0,LEADER,1,0,0,92,0,0,0,0,0,0,0,0,0,0,0
253382,88,bully,2131,1,0,0,92,0,1288,0,1,88,251251,2131,0,93,0,0,0,LEADER,1,0,0,92,0,0,0,0,0,0,0,0,0,0,0
252565,75,bully,2235,1,0,0,91,0,1274,0,1,75,250330,2235,0,92,0,0,0,LEADER,1,0,0,91,0,0,0,0,0,0,0,0,0,0,0
252575,12,bully,2243,1,0,0,91,0,1274,0,1,12,250332,2243,0,92,0,0,0,LEADER,1,0,0,91,0,0,0,0,0,0,0,0,0,0,0
253276,27,bully,2025,1,0,0,92,0,1288,0,1,27,251251,2025,0,93,0,0,0,LEADER,1,0,0,92,0,0,0,0,0,0,0,0,0,0,0
252765,42,bully,1514,1,0,0,92,0,1288,0,1,42,251251,1514,0,93,0,0,0,LEADER,1,0,0,92,0,0,0,0,0,0,0,0,0,0,0
253412,24,bully,2161,1,0,0,92,0,1288,0,1,24,251251,2161,0,93,0,0,0,LEADER,1,0,0,92,0,0,0,0,0,0,0,0,0,0,0
253364,46,bully,2113,1,0,0,92,0,1288,0,1,46,251251,2113,0,93,0,0,0,LEADER,1,0,0,92,0,0,0,0,0,0,0,0,0,0,0
253261,59,bully,2010,1,0,0,92,0,1288,0,1,59,251251,2010,0,93,0,0,0,LEADER,1,0,0,92,0,0,0,0,0,0,0,0,0,0,0
252889,34,bully,1637,1,0,0,92,0,1288,0,1,34,251252,1637,0,93,0,0,0,LEADER,1,0,0,92,0,0,0,0,0,0,0,0,0,0,0
253543,32,bully,2292,1,0,0,92,0,1288,0,1,32,251251,2292,0,93,0,0,0,LEADER,1,0,0,92,0,0,0,0,0,0,0,0,0,0,0
253158,72,bully,1907,1,0,0,92,0,1288,0,1,72,251251,1907,0,93,0,0,0,LEADER,1,0,0,92,0,0,0,0,0,0,0,0,0,0,0
253570,63,bully,2316,1,0,0,92,0,1288,0,1,63,251254,2316,0,93,0,0,0,LEADER,1,0,0,92,0,0,0,0,0,0,0,0,0,0,0
253043,74,bully,1792,1,0,0,92,0,1288,0,1,74,251251,1792,0,93,0,0,0,LEADER,1,0,0,92,0,0,0,0,0,0,0,0,0,0,0
252785,48,bully,1534,1,0,0,92,0,1288,0,1,48,251251,1534,0,93,0,0,0,LEADER,1,0,0,92,0,0,0,0,0,0,0,0,0,0,0
253248,57,bully,1995,1,0,0,92,0,1288,0,1,57,251253,1995,0,93,0,0,0,LEADER,1,0,0,92,0,0,0,0,0,0,0,0,0,0,0
253316,68,bully,2065,1,0,0,92,0,1288,0,1,68,251251,2065,0,93,0,0,0,LEADER,1,0,0,92,0,0,0,0,0,0,0,0,0,0,0
252717,45,bully,1466,1,0,0,92,0,1288,0,1,45,251251,1466,0,93,0,0,0,LEADER,1,0,0,92,0,0,0,0,0,0,0,0,0,0,0
253074,93,bully,1823,1,0,0,92,0,1288,0,1,93,251251,1823,0,93,0,0,0,LEADER,1,0,0,92,0,0,0,0,0,0,0,0,0,0,0
253655,82,bully,2404,1,0,0,92,0,1288,0,1,82,251251,2404,0,93,0,0,0,LEADER,1,0,0,92,0,0,0,0,0,0,0,0,0,0,0
253649,51,bully,2398,1,0,0,92,0,1288,0,1,51,251251,2398,0,93,0,0,0,LEADER,1,0,0,92,0,0,0,0,0,0,0,0,0,0,0
253194,39,bully,1943,1,0,0,92,0,1288,0,1,39,251251,1943,0,93,0,0,0,LEADER,1,0,0,92,0,0,0,0,0,0,0,0,0,0,0
252940,78,bully,1689,1,0,0,92,0,1288,0,1,78,251251,1689,0,93,0,0,0,LEADER,1,0,0,92,0,0,0,0,0,0,0,0,0,0,0
253328,79,bully,2077,1,0,0,92,0,1288,0,1,79,251251,2077,0,93,0,0,0,LEADER,1,0,0,92,0,0,0,0,0,0,0,0,0,0,0
252903,14,bully,1652,1,0,0,92,0,1288,0,1,14,251251,1652,0,93,0,0,0,LEADER,1,0,0,92,0,0,0,0,0,0,0,0,0,0,0
253330,36,bully,2080,1,0,0,92,0,1288,0,1,36,251250,2080,0,93,0,0,0,LEADER,1,0,0,92,0,0,0,0,0,0,0,0,0,0,0
253213,81,bully,1962,1,0,0,92,0,1288,0,1,81,251251,1962,0,93,0,0,0,LEADER,1,0,0,92,0,0,0,0,0,0,0,0,0,0,0
252873,67,bully,1622,1,0,0,92,0,1288,0,1,67,251251,1622,0,93,0,0,0,LEADER,1,0,0,92,0,0,0,0,0,0,0,0,0,0,0
253634,83,bully,2383,1,0,0,92,0,1288,0,1,83,251251,2383,0,93,0,0,0,LEADER,1,0,0,92,0,0,0,0,0,0,0,0,0,0,0
253778,99,bully,1607,1,0,0,92,0,1288,0,1,99,252171,1607,0,93,0,0,0,LEADER,1,0,0,92,0,0,0,0,0,0,0,0,0,0,0
252955,55,bully,1704,1,0,0,92,0,1288,0,1,55,251251,1704,0,93,0,0,0,LEADER,1,0,0,92,0,0,0,0,0,0,0,0,0,0,0
253745,89,bully,1574,1,0,0,92,0,1288,0,1,89,252171,1574,0,93,0,0,0,LEADER,1,0,0,92,0,0,0,0,0,0,0,0,0,0,0
252907,77,bully,1656,1,0,0,92,0,1288,0,1,77,251251,1656,0,93,0,0,0,LEADER,1,0,0,92,0,0,0,0,0,0,0,0,0,0,0
253179,71,bully,1928,1,0,0,92,0,1288,0,1,71,251251,1928,0,93,0,0,0,LEADER,1,0,0,92,0,0,0,0,0,0,0,0,0,0,0
253456,76,bully,2213,1,0,0,92,0,1288,0,1,76,251243,2213,0,93,0,0,0,LEADER,1,0,0,92,0,0,0,0,0,0,0,0,0,0,0
253093,52,bully,1840,1,0,0,92,0,1288,0,1,52,251253,1840,0,93,0,0,0,LEADER,1,0,0,92,0,0,0,0,0,0,0,0,0,0,0
253058,10,bully,1807,1,0,0,92,0,1288,0,1,10,251251,1807,0,93,0,0,0,LEADER,1,0,0,92,0,0,0,0,0,0,0,0,0,0,0
252991,22,bully,1740,1,0,0,92,0,1288,0,1,22,251251,1740,0,93,0,0,0,LEADER,1,0,0,92,0,0,0,0,0,0,0,0,0,0,0
253136,21,bully,1889,1,0,0,92,0,1288,0,1,21,251247,1889,0,93,0,0,0,LEADER,1,0,0,92,0,0,0,0,0,0,0,0,0,0,0
253397,56,bully,2146,1,0,0,92,0,1288,0,1,56,251251,2146,0,93,0,0,0,LEADER,1,0,0,92,0,0,0,0,0,0,0,0,0,0,0
252922,60,bully,1671,1,0,0,92,0,1288,0,1,60,251251,1671,0,93,0,0,0,LEADER,1,0,0,92,0,0,0,0,0,0,0,0,0,0,0
253775,25,bully,1604,1,0,0,92,0,1288,0,1,25,252171,1604,0,93,0,0,0,LEADER,1,0,0,92,0,0,0,0,0,0,0,0,0,0,0
252988,65,bully,1737,1,0,0,92,0,1288,0,1,65,251251,1737,0,93,0,0,0,LEADER,1,0,0,92,0,0,0,0,0,0,0,0,0,0,0
253664,19,bully,2413,1,0,0,92,0,1288,0,1,19,251251,2413,0,93,0,0,0,LEADER,1,0,0,92,0,0,0,0,0,0,0,0,0,0,0
253294,69,bully,2043,1,0,0,92,0,1288,0,1,69,251251,2043,0,93,0,0,0,LEADER,1,0,0,92,0,0,0,0,0,0,0,0,0,0,0
253896,54,bully,1725,1,0,0,92,0,1288,0,1,54,252171,1725,0,93,0,0,0,LEADER,1,0,0,92,0,0,0,0,0,0,0,0,0,0,0
253243,17,bully,1992,1,0,0,92,0,1288,0,1,17,251251,1992,0,93,0,0,0,LEADER,1,0,0,92,0,0,0,0,0,0,0,0,0,0,0
253757,100,bully,1586,1,0,0,92,0,1288,0,1,100,252171,1586,0,93,0,0,0,LEADER,1,0,0,92,0,0,0,0,0,0,0,0,0,0,0
253720,16,bully,1549,1,0,0,92,0,1288,0,1,16,252171,1549,0,93,0,0,0,LEADER,1,0,0,92,0,0,0,0,0,0,0,0,0,0,0
253309,37,bully,2058,1,0,0,92,0,1288,0,1,37,251251,2058,0,93,0,0,0,LEADER,1,0,0,92,0,0,0,0,0,0,0,0,0,0,0
253945,13,bully,1774,1,0,0,92,0,1288,0,1,13,252171,1774,0,93,0,0,0,LEADER,1,0,0,92,0,0,0,0,0,0,0,0,0,0,0
253106,20,bully,1855,1,0,0,92,0,1288,0,1,20,251251,1855,0,93,0,0,0,LEADER,1,0,0,92,0,0,0,0,0,0,0,0,0,0,0
253738,41,bully,1567,1,0,0,92,0,1288,0,1,41,252171,1567,0,93,0,0,0,LEADER,1,0,0,92,0,0,0,0,0,0,0,0,0,0,0
253727,47,bully,1556,1,0,0,92,0,1288,0,1,47,252171,1556,0,93,0,0,0,LEADER,1,0,0,92,0,0,0,0,0,0,0,0,0,0,0
253553,95,bully,2301,1,0,0,92,0,1288,0,1,95,251252,2301,0,93,0,0,0,LEADER,1,0,0,92,0,0,0,0,0,0,0,0,0,0,0
253416,98,bully,2165,1,0,0,92,0,1288,0,1,98,251251,2165,0,93,0,0,0,LEADER,1,0,0,92,0,0,0,0,0,0,0,0,0,0,0
253600,73,bully,2349,1,0,0,92,0,1288,0,1,73,251251,2349,0,93,0,0,0,LEADER,1,0,0,92,0,0,0,0,0,0,0,0,0,0,0
253923,33,bully,1752,1,0,0,92,0,1288,0,1,33,252171,1752,0,93,0,0,0,LEADER,1,0,0,92,0,0,0,0,0,0,0,0,0,0,0
253893,97,bully,1722,1,0,0,92,0,1288,0,1,97,252171,1722,0,93,0,0,0,LEADER,1,0,0,92,0,0,0,0,0,0,0,0,0,0,0
253146,61,bully,1895,1,0,0,92,0,1288,0,1,61,251251,1895,0,93,0,0,0,LEADER,1,0,0,92,0,0,0,0,0,0,0,0,0,0,0
254093,40,bully,1922,1,0,0,92,0,1288,0,1,40,252171,1922,0,93,0,0,0,LEADER,1,0,0,92,0,0,0,0,0,0,0,0,0,0,0
253582,31,bully,2331,1,0,0,92,0,1288,0,1,31,251251,2331,0,93,0,0,0,LEADER,1,0,0,92,0,0,0,0,0,0,0,0,0,0,0
254083,29,bully,1910,1,0,0,92,0,1288,0,1,29,252173,1910,0,93,0,0,0,LEADER,1,0,0,92,0,0,0,0,0,0,0,0,0,0,0
253542,9,bully,2514,1,0,0,14,22,196,308,5,4,251028,2514,0,8,0,0,0,NORMAL,0,0,0,14,0,0,0,22,0,0,0,0,0,0,0
253910,96,bully,1744,1,0,0,92,0,1288,0,1,96,252166,1744,0,93,0,0,0,LEADER,1,0,0,92,0,0,0,0,0,0,0,0,0,0,0
253996,84,bully,1825,1,0,0,92,0,1288,0,1,84,252171,1825,0,93,0,0,0,LEADER,1,0,0,92,0,0,0,0,0,0,0,0,0,0,0
253692,80,bully,1519,1,0,0,92,0,1288,0,1,80,252173,1519,0,93,0,0,0,LEADER,1,0,0,92,0,0,0,0,0,0,0,0,0,0,0
253534,53,bully,2283,1,0,0,92,0,1288,0,1,53,251251,2283,0,93,0,0,0,LEADER,1,0,0,92,0,0,0,0,0,0,0,0,0,0,0
253609,92,bully,1438,1,0,0,92,0,1288,0,1,92,252171,1438,0,93,0,0,0,LEADER,1,0,0,92,0,0,0,0,0,0,0,0,0,0,0
253779,91,bully,1619,1,0,0,92,0,1288,0,1,91,252160,1619,0,93,0,0,0,LEADER,1,0,0,92,0,0,0,0,0,0,0,0,0,0,0
254045,62,bully,1874,1,0,0,92,0,1288,0,1,62,252171,1874,0,93,0,0,0,LEADER,1,0,0,92,0,0,0,0,0,0,0,0,0,0,0
253742,15,bully,1571,1,0,0,92,0,1288,0,1,15,252171,1571,0,93,0,0,0,LEADER,1,0,0,92,0,0,0,0,0,0,0,0,0,0,0
253412,26,bully,2161,1,0,0,92,0,1288,0,1,26,251251,2161,0,93,0,0,0,LEADER,1,0,0,92,0,0,0,0,0,0,0,0,0,0,0
254148,49,bully,1977,1,0,0,92,0,1288,0,1,49,252171,1977,0,93,0,0,0,LEADER,1,0,0,92,0,0,0,0,0,0,0,0,0,0,0
253963,58,bully,1792,1,0,0,92,0,1288,0,1,58,252171,1792,0,93,0,0,0,LEADER,1,0,0,92,0,0,0,0,0,0,0,0,0,0,0
253497,86,bully,2246,1,0,0,92,0,1288,0,1,86,251251,2246,0,93,0,0,0,LEADER,1,0,0,92,0,0,0,0,0,0,0,0,0,0,0
253670,50,bully,2419,1,0,0,92,0,1288,0,1,50,251251,2419,0,93,0,0,0,LEADER,1,0,0,92,0,0,0,0,0,0,0,0,0,0,0
253458,87,bully,2212,1,0,0,92,0,1288,0,1,87,251246,2212,0,93,0,0,0,LEADER,1,0,0,92,0,0,0,0,0,0,0,0,0,0,0
253520,85,bully,2268,1,0,0,92,0,1288,0,1,85,251252,2268,0,93,0,0,0,LEADER,1,0,0,92,0,0,0,0,0,0,0,0,0,0,0
253667,64,bully,2416,1,0,0,92,0,1288,0,1,64,251251,2416,0,93,0,0,0,LEADER,1,0,0,92,0,0,0,0,0,0,0,0,0,0,0
253605,18,bully,1434,1,0,0,92,0,1288,0,1,18,252171,1434,0,93,0,0,0,LEADER,1,0,0,92,0,0,0,0,0,0,0,0,0,0,0
253516,11,bully,2264,1,0,0,92,0,1288,0,1,11,251252,2264,0,93,0,0,0,LEADER,1,0,0,92,0,0,0,0,0,0,0,0,0,0,0
253724,90,bully,1553,1,0,0,92,0,1288,0,1,90,252171,1553,0,93,0,0,0,LEADER,1,0,0,92,0,0,0,0,0,0,0,0,0,0,0
253618,35,bully,1447,1,0,0,92,0,1288,0,1,35,252171,1447,0,93,0,0,0,LEADER,1,0,0,92,0,0,0,0,0,0,0,0,0,0,0
253500,43,bully,2249,1,0,0,92,0,1288,0,1,43,251251,2249,0,93,0,0,0,LEADER,1,0,0,92,0,0,0,0,0,0,0,0,0,0,0
253638,28,bully,1467,1,0,0,92,0,1288,0,1,28,252171,1467,0,93,0,0,0,LEADER,1,0,0,92,0,0,0,0,0,0,0,0,0,0,0
253477,44,bully,2228,1,0,0,92,0,1288,0,1,44,251249,2228,0,93,0,0,0,LEADER,1,0,0,92,0,0,0,0,0,0,0,0,0,0,0
254312,23,bully,2141,1,0,0,92,0,1288,0,1,23,252171,2141,0,93,0,0,0,LEADER,1,0,0,92,0,0,0,0,0,0,0,0,0,0,0
253632,30,bully,1461,1,0,0,92,0,1288,0,1,30,252171,1461,0,93,0,0,0,LEADER,1,0,0,92,0,0,0,0,0,0,0,0,0,0,0
254032,94,bully,1859,1,0,0,92,0,1288,0,1,94,252173,1859,0,93,0,0,0,LEADER,1,0,0,92,0,0,0,0,0,0,0,0,0,0,0
253672,38,bully,1501,1,0,0,92,0,1288,0,1,38,252171,1501,0,93,0,0,0,LEADER,1,0,0,92,0,0,0,0,0,0,0,0,0,0,0
254351,66,bully,2180,1,0,0,92,0,1288,0,1,66,252171,2180,0,93,0,0,0,LEADER,1,0,0,92,0,0,0,0,0,0,0,0,0,0,0
253657,70,bully,1486,1,0,0,92,0,1288,0,1,70,252171,1486,0,93,0,0,0,LEADER,1,0,0,92,0,0,0,0,0,0,0,0,0,0,0
254302,88,bully,2131,1,0,0,92,0,1288,0,1,88,252171,2131,0,93,0,0,0,LEADER,1,0,0,92,0,0,0,0,0,0,0,0,0,0,0
253486,75,bully,2235,1,0,0,92,0,1288,0,1,75,251251,2235,0,93,0,0,0,LEADER,1,0,0,92,0,0,0,0,0,0,0,0,0,0,0
253496,12,bully,2243,1,0,0,92,0,1288,0,1,12,251253,2243,0,93,0,0,0,LEADER,1,0,0,92,0,0,0,0,0,0,0,0,0,0,0
254196,27,bully,2025,1,0,0,92,0,1288,0,1,27,252171,2025,0,93,0,0,0,LEADER,1,0,0,92,0,0,0,0,0,0,0,0,0,0,0
253685,42,bully,1514,1,0,0,92,0,1288,0,1,42,252171,1514,0,93,0,0,0,LEADER,1,0,0,92,0,0,0,0,0,0,0,0,0,0,0
254332,24,bully,2161,1,0,0,92,0,1288,0,1,24,252171,2161,0,93,0,0,0,LEADER,1,0,0,92,0,0,0,0,0,0,0,0,0,0,0
254284,46,bully,2113,1,0,0,92,0,1288,0,1,46,252171,2113,0,93,0,0,0,LEADER,1,0,0,92,0,0,0,0,0,0,0,0,0,0,0
254181,59,bully,2010,1,0,0,92,0,1288,0,1,59,252171,2010,0,93,0,0,0,LEADER,1,0,0,92,0,0,0,0,0,0,0,0,0,0,0
253809,34,bully,1637,1,0,0,92,0,1288,0,1,34,252172,1637,0,93,0,0,0,LEADER,1,0,0,92,0,0,0,0,0,0,0,0,0,0,0
254463,32,bully,2292,1,0,0,92,0,1288,0,1,32,252171,2292,0,93,0,0,0,LEADER,1,0,0,92,0,0,0,0,0,0,0,0,0,0,0
254079,72,bully,1907,1,0,0,92,0,1288,0,1,72,252172,1907,0,93,0,0,0,LEADER,1,0,0,92,0,0,0,0,0,0,0,0,0,0,0
254490,63,bully,2316,1,0,0,92,0,1288,0,1,63,252174,2316,0,93,0,0,0,LEADER,1,0,0,92,0,0,0,0,0,0,0,0,0,0,0
253963,74,bully,1792,1,0,0,92,0,1288,0,1,74,252171,1792,0,93,0,0,0,LEADER,1,0,0,92,0,0,0,0,0,0,0,0,0,0,0
253705,48,bully,1534,1,0,0,92,0,1288,0,1,48,252171,1534,0,93,0,0,0,LEADER,1,0,0,92,0,0,0,0,0,0,0,0,0,0,0
254168,57,bully,1995,1,0,0,92,0,1288,0,1,57,252173,1995,0,93,0,0,0,LEADER,1,0,0,92,0,0,0,0,0,0,0,0,0,0,0
254236,68,bully,2065,1,0,0,92,0,1288,0,1,68,252171,2065,0,93,0,0,0,LEADER,1,0,0,92,0,0,0,0,0,0,0,0,0,0,0
253637,45,bully,1466,1,0,0,92,0,1288,0,1,45,252171,1466,0,93,0,0,0,LEADER,1,0,0,92,0,0,0,0,0,0,0,0,0,0,0
253994,93,bully,1823,1,0,0,92,0,1288,0,1,93,252171,1823,0,93,0,0,0,LEADER,1,0,0,92,0,0,0,0,0,0,0,0,0,0,0
254575,82,bully,2404,1,0,0,92,0,1288,0,1,82,252171,2404,0,93,0,0,0,LEADER,1,0,0,92,0,0,0,0,0,0,0,0,0,0,0
254569,51,bully,2398,1,0,0,92,0,1288,0,1,51,252171,2398,0,93,0,0,0,LEADER,1,0,0,92,0,0,0,0,0,0,0,0,0,0,0
254114,39,bully,1943,1,0,0,92,0,1288,0,1,39,252171,1943,0,93,0,0,0,LEADER,1,0,0,92,0,0,0,0,0,0,0,0,0,0,0
253860,78,bully,1689,1,0,0,92,0,1288,0,1,78,252171,1689,0,93,0,0,0,LEADER,1,0,0,92,0,0,0,0,0,0,0,0,0,0,0
254248,79,bully,2077,1,0,0,92,0,1288,0,1,79,252171,2077,0,93,0,0,0,LEADER,1,0,0,92,0,0,0,0,0,0,0,0,0,0,0
253823,14,bully,1652,1,0,0,92,0,1288,0,1,14,252171,1652,0,93,0,0,0,LEADER,1,0,0,92,0,0,0,0,0,0,0,0,0,0,0
254250,36,bully,2080,1,0,0,92,0,1288,0,1,36,252170,2080,0,93,0,0,0,LEADER,1,0,0,92,0,0,0,0,0,0,0,0,0,0,0
254133,81,bully,1962,1,0,0,92,0,1288,0,1,81,252171,1962,0,93,0,0,0,LEADER,1,0,0,92,0,0,0,0,0,0,0,0,0,0,0
253793,67,bully,1622,1,0,0,92,0,1288,0,1,67,252171,1622,0,93,0,0,0,LEADER,1,0,0,92,0,0,0,0,0,0,0,0,0,0,0
254554,83,bully,2383,1,0,0,92,0,1288,0,1,83,252171,2383,0,93,0,0,0,LEADER,1,0,0,92,0,0,0,0,0,0,0,0,0,0,0
254698,99,bully,1607,1,0,0,92,0,1288,0,1,99,253091,1607,0,93,0,0,0,LEADER,1,0,0,92,0,0,0,0,0,0,0,0,0,0,0
253875,55,bully,1704,1,0,0,92,0,1288,0,1,55,252171,1704,0,93,0,0,0,LEADER,1,0,0,92,0,0,0,0,0,0,0,0,0,0,0
254665,89,bully,1574,1,0,0,92,0,1288,0,1,89,253091,1574,0,93,0,0,0,LEADER,1,0,0,92,0,0,0,0,0,0,0,0,0,0,0
253827,77,bully,1656,1,0,0,92,0,1288,0,1,77,252171,1656,0,93,0,0,0,LEADER,1,0,0,92,0,0,0,0,0,0,0,0,0,0,0
254099,71,bully,1928,1,0,0,92,0,1288,0,1,71,252171,1928,0,93,0,0,0,LEADER,1,0,0,92,0,0,0,0,0,0,0,0,0,0,0
254376,76,bully,2213,1,0,0,92,0,1288,0,1,76,252163,2213,0,93,0,0,0,LEADER,1,0,0,92,0,0,0,0,0,0,0,0,0,0,0
254013,52,bully,1840,1,0,0,92,0,1288,0,1,52,252173,1840,0,93,0,0,0,LEADER,1,0,0,92,0,0,0,0,0,0,0,0,0,0,0
253978,10,bully,1807,1,0,0,92,0,1288,0,1,10,252171,1807,0,93,0,0,0,LEADER,1,0,0,92,0,0,0,0,0,0,0,0,0,0,0
253911,22,bully,1740,1,0,0,92,0,1288,0,1,22,252171,1740,0,93,0,0,0,LEADER,1,0,0,92,0,0,0,0,0,0,0,0,0,0,0
254056,21,bully,1889,1,0,0,92,0,1288,0,1,21,252167,1889,0,93,0,0,0,LEADER,1,0,0,92,0,0,0,0,0,0,0,0,0,0,0
254317,56,bully,2146,1,0,0,92,0,1288,0,1,56,252171,2146,0,93,0,0,0,LEADER,1,0,0,92,0,0,0,0,0,0,0,0,0,0,0
253842,60,bully,1671,1,0,0,92,0,1288,0,1,60,252171,1671,0,93,0,0,0,LEADER,1,0,0,92,0,0,0,0,0,0,0,0,0,0,0
254695,25,bully,1604,1,0,0,92,0,1288,0,1,25,253091,1604,0,93,0,0,0,LEADER,1,0,0,92,0,0,0,0,0,0,0,0,0,0,0
253908,65,bully,1737,1,0,0,92,0,1288,0,1,65,252171,1737,0,93,0,0,0,LEADER,1,0,0,92,0,0,0,0,0,0,0,0,0,0,0
254584,19,bully,2413,1,0,0,92,0,1288,0,1,19,252171,2413,0,93,0,0,0,LEADER,1,0,0,92,0,0,0,0,0,0,0,0,0,0,0
254214,69,bully,2043,1,0,0,92,0,1288,0,1,69,252171,2043,0,93,0,0,0,LEADER,1,0,0,92,0,0,0,0,0,0,0,0,0,0,0
254816,54,bully,1725,1,0,0,92,0,1288,0,1,54,253091,1725,0,93,0,0,0,LEADER,1,0,0,92,0,0,0,0,0,0,0,0,0,0,0
254163,17,bully,1992,1,0,0,92,0,1288,0,1,17,252171,1992,0,93,0,0,0,LEADER,1,0,0,92,0,0,0,0,0,0,0,0,0,0,0
254677,100,bully,1586,1,0,0,92,0,1288,0,1,100,253091,1586,0,93,0,0,0,LEADER,1,0,0,92,0,0,0,0,0,0,0,0,0,0,0
254640,16,bully,1549,1,0,0,92,0,1288,0,1,16,253091,1549,0,93,0,0,0,LEADER,1,0,0,92,0,0,0,0,0,0,0,0,0,0,0
254229,37,bully,2058,1,0,0,92,0,1288,0,1,37,252171,2058,0,93,0,0,0,LEADER,1,0,0,92,0,0,0,0,0,0,0,0,0,0,0
254865,13,bully,1774,1,0,0,92,0,1288,0,1,13,253091,1774,0,93,0,0,0,LEADER,1,0,0,92,0,0,0,0,0,0,0,0,0,0,0
254026,20,bully,1855,1,0,0,92,0,1288,0,1,20,252171,1855,0,93,0,0,0,LEADER,1,0,0,92,0,0,0,0,0,0,0,0,0,0,0
254658,41,bully,1567,1,0,0,92,0,1288,0,1,41,253091,1567,0,93,0,0,0,LEADER,1,0,0,92,0,0,0,0,0,0,0,0,0,0,0
254647,47,bully,1556,1,0,0,92,0,1288,0,1,47,253091,1556,0,93,0,0,0,LEADER,1,0,0,92,0,0,0,0,0,0,0,0,0,0,0
254473,95,bully,2301,1,0,0,92,0,1288,0,1,95,252172,2301,0,93,0,0,0,LEADER,1,0,0,92,0,0,0,0,0,0,0,0,0,0,0
254336,98,bully,2165,1,0,0,92,0,1288,0,1,98,252171,2165,0,93,0,0,0,LEADER,1,0,0,92,0,0,0,0,0,0,0,0,0,0,0
254520,73,bully,2349,1,0,0,92,0,1288,0,1,73,252171,2349,0,93,0,0,0,LEADER,1,0,0,92,0,0,0,0,0,0,0,0,0,0,0
254843,33,bully,1752,1,0,0,92,0,1288,0,1,33,253091,1752,0,93,0,0,0,LEADER,1,0,0,92,0,0,0,0,0,0,0,0,0,0,0
254813,97,bully,1722,1,0,0,92,0,1288,0,1,97,253091,1722,0,93,0,0,0,LEADER,1,0,0,92,0,0,0,0,0,0,0,0,0,0,0
254066,61,bully,1895,1,0,0,92,0,1288,0,1,61,252171,1895,0,93,0,0,0,LEADER,1,0,0,92,0,0,0,0,0,0,0,0,0,0,0
255013,40,bully,1922,1,0,0,92,0,1288,0,1,40,253091,1922,0,93,0,0,0,LEADER,1,0,0,92,0,0,0,0,0,0,0,0,0,0,0
254502,31,bully,2331,1,0,0,92,0,1288,0,1,31,252171,2331,0,93,0,0,0,LEADER,1,0,0,92,0,0,0,0,0,0,0,0,0,0,0
255003,29,bully,1910,1,0,0,92,0,1288,0,1,29,253093,1910,0,93,0,0,0,LEADER,1,0,0,92,0,0,0,0,0,0,0,0,0,0,0
254550,6,bully,1516,1,0,0,17,45,238,630,4,4,253034,1516,0,8,0,0,0,NORMAL,0,0,0,17,0,0,0,45,0,0,0,0,0,0,0
254830,96,bully,1744,1,0,0,92,0,1288,0,1,96,253086,1744,0,93,0,0,0,LEADER,1,0,0,92,0,0,0,0,0,0,0,0,0,0,0
254497,8,bully,2467,1,0,0,23,37,322,518,5,4,252030,2467,0,9,0,0,0,NORMAL,0,0,0,23,0,0,0,37,0,0,0,0,0,0,0
254916,84,bully,1825,1,0,0,92,0,1288,0,1,84,253091,1825,0,93,0,0,0,LEADER,1,0,0,92,0,0,0,0,0,0,0,0,0,0,0
254612,80,bully,1519,1,0,0,92,0,1288,0,1,80,253093,1519,0,93,0,0,0,LEADER,1,0,0,92,0,0,0,0,0,0,0,0,0,0,0
254454,53,bully,2283,1,0,0,92,0,1288,0,1,53,252171,2283,0,93,0,0,0,LEADER,1,0,0,92,0,0,0,0,0,0,0,0,0,0,0
254529,92,bully,1438,1,0,0,92,0,1288,0,1,92,253091,1438,0,93,0,0,0,LEADER,1,0,0,92,0,0,0,0,0,0,0,0,0,0,0
254699,91,bully,1619,1,0,0,92,0,1288,0,1,91,253080,1619,0,93,0,0,0,LEADER,1,0,0,92,0,0,0,0,0,0,0,0,0,0,0
254965,62,bully,1874,1,0,0,92,0,1288,0,1,62,253091,1874,0,93,0,0,0,LEADER,1,0,0,92,0,0,0,0,0,0,0,0,0,0,0
254662,15,bully,1571,1,0,0,92,0,1288,0,1,15,253091,1571,0,93,0,0,0,LEADER,1,0,0,92,0,0,0,0,0,0,0,0,0,0,0
254332,26,bully,2161,1,0,0,92,0,1288,0,1,26,252171,2161,0,93,0,0,0,LEADER,1,0,0,92,0,0,0,0,0,0,0,0,0,0,0
255068,49,bully,1977,1,0,0,92,0,1288,0,1,49,253091,1977,0,93,0,0,0,LEADER,1,0,0,92,0,0,0,0,0,0,0,0,0,0,0
254883,58,bully,1792,1,0,0,92,0,1288,0,1,58,253091,1792,0,93,0,0,0,LEADER,1,0,0,92,0,0,0,0,0,0,0,0,0,0,0
254417,86,bully,2246,1,0,0,92,0,1288,0,1,86,252171,2246,0,93,0,0,0,LEADER,1,0,0,92,0,0,0,0,0,0,0,0,0,0,0
254590,50,bully,2419,1,0,0,92,0,1288,0,1,50,252171,2419,0,93,0,0,0,LEADER,1,0,0,92,0,0,0,0,0,0,0,0,0,0,0
254378,87,bully,2212,1,0,0,92,0,1288,0,1,87,252166,2212,0,93,0,0,0,LEADER,1,0,0,92,0,0,0,0,0,0,0,0,0,0,0
254440,85,bully,2268,1,0,0,92,0,1288,0,1,85,252172,2268,0,93,0,0,0,LEADER,1,0,0,92,0,0,0,0,0,0,0,0,0,0,0
254587,64,bully,2416,1,0,0,92,0,1288,0,1,64,252171,2416,0,93,0,0,0,LEADER,1,0,0,92,0,0,0,0,0,0,0,0,0,0,0
254525,18,bully,1434,1,0,0,92,0,1288,0,1,18,253091,1434,0,93,0,0,0,LEADER,1,0,0,92,0,0,0,0,0,0,0,0,0,0,0
254436,11,bully,2264,1,0,0,92,0,1288,0,1,11,252172,2264,0,93,0,0,0,LEADER,1,0,0,92,0,0,0,0,0,0,0,0,0,0,0
254644,90,bully,1553,1,0,0,92,0,1288,0,1,90,253091,1553,0,93,0,0,0,LEADER,1,0,0,92,0,0,0,0,0,0,0,0,0,0,0
254538,35,bully,1447,1,0,0,92,0,1288,0,1,35,253091,1447,0,93,0,0,0,LEADER,1,0,0,92,0,0,0,0,0,0,0,0,0,0,0
254420,43,bully,2249,1,0,0,92,0,1288,0,1,43,252171,2249,0,93,0,0,0,LEADER,1,0,0,92,0,0,0,0,0,0,0,0,0,0,0
254558,28,bully,1467,1,0,0,92,0,1288,0,1,28,253091,1467,0,93,0,0,0,LEADER,1,0,0,92,0,0,0,0,0,0,0,0,0,0,0
254397,44,bully,2228,1,0,0,92,0,1288,0,1,44,252169,2228,0,93,0,0,0,LEADER,1,0,0,92,0,0,0,0,0,0,0,0,0,0,0
255232,23,bully,2141,1,0,0,92,0,1288,0,1,23,253091,2141,0,93,0,0,0,LEADER,1,0,0,92,0,0,0,0,0,0,0,0,0,0,0
254552,30,bully,1461,1,0,0,92,0,1288,0,1,30,253091,1461,0,93,0,0,0,LEADER,1,0,0,92,0,0,0,0,0,0,0,0,0,0,0
254952,94,bully,1859,1,0,0,92,0,1288,0,1,94,253093,1859,0,93,0,0,0,LEADER,1,0,0,92,0,0,0,0,0,0,0,0,0,0,0
254592,38,bully,1501,1,0,0,92,0,1288,0,1,38,253091,1501,0,93,0,0,0,LEADER,1,0,0,92,0,0,0,0,0,0,0,0,0,0,0
255271,66,bully,2180,1,0,0,92,0,1288,0,1,66,253091,2180,0,93,0,0,0,LEADER,1,0,0,92,0,0,0,0,0,0,0,0,0,0,0
254577,70,bully,1486,1,0,0,92,0,1288,0,1,70,253091,1486,0,93,0,0,0,LEADER,1,0,0,92,0,0,0,0,0,0,0,0,0,0,0
255222,88,bully,2131,1,0,0,92,0,1288,0,1,88,253091,2131,0,93,0,0,0,LEADER,1,0,0,92,0,0,0,0,0,0,0,0,0,0,0
254406,75,bully,2235,1,0,0,92,0,1288,0,1,75,252171,2235,0,93,0,0,0,LEADER,1,0,0,92,0,0,0,0,0,0,0,0,0,0,0
254416,12,bully,2243,1,0,0,92,0,1288,0,1,12,252173,2243,0,93,0,0,0,LEADER,1,0,0,92,0,0,0,0,0,0,0,0,0,0,0
255116,27,bully,2025,1,0,0,92,0,1288,0,1,27,253091,2025,0,93,0,0,0,LEADER,1,0,0,92,0,0,0,0,0,0,0,0,0,0,0
254605,42,bully,1514,1,0,0,92,0,1288,0,1,42,253091,1514,0,93,0,0,0,LEADER,1,0,0,92,0,0,0,0,0,0,0,0,0,0,0
255252,24,bully,2161,1,0,0,92,0,1288,0,1,24,253091,2161,0,93,0,0,0,LEADER,1,0,0,92,0,0,0,0,0,0,0,0,0,0,0
255204,46,bully,2113,1,0,0,92,0,1288,0,1,46,253091,2113,0,93,0,0,0,LEADER,1,0,0,92,0,0,0,0,0,0,0,0,0,0,0
255101,59,bully,2010,1,0,0,92,0,1288,0,1,59,253091,2010,0,93,0,0,0,LEADER,1,0,0,92,0,0,0,0,0,0,0,0,0,0,0
255383,32,bully,2292,1,0,0,92,0,1288,0,1,32,253091,2292,0,93,0,0,0,LEADER,1,0,0,92,0,0,0,0,0,0,0,0,0,0,0
254729,34,bully,1637,1,0,0,92,0,1288,0,1,34,253092,1637,0,93,0,0,0,LEADER,1,0,0,92,0,0,0,0,0,0,0,0,0,0,0
254999,72,bully,1907,1,0,0,92,0,1288,0,1,72,253092,1907,0,93,0,0,0,LEADER,1,0,0,92,0,0,0,0,0,0,0,0,0,0,0
255410,63,bully,2316,1,0,0,92,0,1288,0,1,63,253094,2316,0,93,0,0,0,LEADER,1,0,0,92,0,0,0,0,0,0,0,0,0,0,0
254883,74,bully,1792,1,0,0,92,0,1288,0,1,74,253091,1792,0,93,0,0,0,LEADER,1,0,0,92,0,0,0,0,0,0,0,0,0,0,0
254625,48,bully,1534,1,0,0,92,0,1288,0,1,48,253091,1534,0,93,0,0,0,LEADER,1,0,0,92,0,0,0,0,0,0,0,0,0,0,0
255088,57,bully,1995,1,0,0,92,0,1288,0,1,57,253093,1995,0,93,0,0,0,LEADER,1,0,0,92,0,0,0,0,0,0,0,0,0,0,0
255156,68,bully,2065,1,0,0,92,0,1288,0,1,68,253091,2065,0,93,0,0,0,LEADER,1,0,0,92,0,0,0,0,0,0,0,0,0,0,0
254557,45,bully,1466,1,0,0,92,0,1288,0,1,45,253091,1466,0,93,0,0,0,LEADER,1,0,0,92,0,0,0,0,0,0,0,0,0,0,0
254914,93,bully,1823,1,0,0,92,0,1288,0,1,93,253091,1823,0,93,0,0,0,LEADER,1,0,0,92,0,0,0,0,0,0,0,0,0,0,0
255495,82,bully,2404,1,0,0,92,0,1288,0,1,82,253091,2404,0,93,0,0,0,LEADER,1,0,0,92,0,0,0,0,0,0,0,0,0,0,0
255489,51,bully,2398,1,0,0,92,0,1288,0,1,51,253091,2398,0,93,0,0,0,LEADER,1,0,0,92,0,0,0,0,0,0,0,0,0,0,0
255034,39,bully,1943,1,0,0,92,0,1288,0,1,39,253091,1943,0,93,0,0,0,LEADER,1,0,0,92,0,0,0,0,0,0,0,0,0,0,0
254780,78,bully,1689,1,0,0,92,0,1288,0,1,78,253091,1689,0,93,0,0,0,LEADER,1,0,0,92,0,0,0,0,0,0,0,0,0,0,0
255168,79,bully,2077,1,0,0,92,0,1288,0,1,79,253091,2077,0,93,0,0,0,LEADER,1,0,0,92,0,0,0,0,0,0,0,0,0,0,0
254743,14,bully,1652,1,0,0,92,0,1288,0,1,14,253091,1652,0,93,0,0,0,LEADER,1,0,0,92,0,0,0,0,0,0,0,0,0,0,0
255170,36,bully,2080,1,0,0,92,0,1288,0,1,36,253090,2080,0,93,0,0,0,LEADER,1,0,0,92,0,0,0,0,0,0,0,0,0,0,0
255053,81,bully,1962,1,0,0,92,0,1288,0,1,81,253091,1962,0,93,0,0,0,LEADER,1,0,0,92,0,0,0,0,0,0,0,0,0,0,0
254713,67,bully,1622,1,0,0,92,0,1288,0,1,67,253091,1622,0,93,0,0,0,LEADER,1,0,0,92,0,0,0,0,0,0,0,0,0,0,0
255474,83,bully,2383,1,0,0,92,0,1288,0,1,83,253091,2383,0,93,0,0,0,LEADER,1,0,0,92,0,0,0,0,0,0,0,0,0,0,0
255619,99,bully,1607,1,0,0,93,0,1302,0,1,99,254012,1607,0,94,0,0,0,LEADER,1,0,0,93,0,0,0,0,0,0,0,0,0,0,0
254795,55,bully,1704,1,0,0,92,0,1288,0,1,55,253091,1704,0,93,0,0,0,LEADER,1,0,0,92,0,0,0,0,0,0,0,0,0,0,0
255586,89,bully,1574,1,0,0,93,0,1302,0,1,89,254012,1574,0,94,0,0,0,LEADER,1,0,0,93,0,0,0,0,0,0,0,0,0,0,0
254747,77,bully,1656,1,0,0,92,0,1288,0,1,77,253091,1656,0,93,0,0,0,LEADER,1,0,0,92,0,0,0,0,0,0,0,0,0,0,0
255019,71,bully,1928,1,0,0,92,0,1288,0,1,71,253091,1928,0,93,0,0,0,LEADER,1,0,0,92,0,0,0,0,0,0,0,0,0,0,0
255296,76,bully,2213,1,0,0,92,0,1288,0,1,76,253083,2213,0,93,0,0,0,LEADER,1,0,0,92,0,0,0,0,0,0,0,0,0,0,0
254933,52,bully,1840,1,0,0,92,0,1288,0,1,52,253093,1840,0,93,0,0,0,LEADER,1,0,0,92,0,0,0,0,0,0,0,0,0,0,0
254898,10,bully,1807,1,0,0,92,0,1288,0,1,10,253091,1807,0,93,0,0,0,LEADER,1,0,0,92,0,0,0,0,0,0,0,0,0,0,0
254831,22,bully,1740,1,0,0,92,0,1288,0,1,22,253091,1740,0,93,0,0,0,LEADER,1,0,0,92,0,0,0,0,0,0,0,0,0,0,0
254976,21,bully,1889,1,0,0,92,0,1288,0,1,21,253087,1889,0,93,0,0,0,LEADER,1,0,0,92,0,0,0,0,0,0,0,0,0,0,0
255237,56,bully,2146,1,0,0,92,0,1288,0,1,56,253091,2146,0,93,0,0,0,LEADER,1,0,0,92,0,0,0,0,0,0,0,0,0,0,0
254762,60,bully,1671,1,0,0,92,0,1288,0,1,60,253091,1671,0,93,0,0,0,LEADER,1,0,0,92,0,0,0,0,0,0,0,0,0,0,0
255616,25,bully,1604,1,0,0,93,0,1302,0,1,25,254012,1604,0,94,0,0,0,LEADER,1,0,0,93,0,0,0,0,0,0,0,0,0,0,0
254828,65,bully,1737,1,0,0,92,0,1288,0,1,65,253091,1737,0,93,0,0,0,LEADER,1,0,0,92,0,0,0,0,0,0,0,0,0,0,0
255504,19,bully,2413,1,0,0,92,0,1288,0,1,19,253091,2413,0,93,0,0,0,LEADER,1,0,0,92,0,0,0,0,0,0,0,0,0,0,0
255134,69,bully,2043,1,0,0,92,0,1288,0,1,69,253091,2043,0,93,0,0,0,LEADER,1,0,0,92,0,0,0,0,0,0,0,0,0,0,0
255737,54,bully,1725,1,0,0,93,0,1302,0,1,54,254012,1725,0,94,0,0,0,LEADER,1,0,0,93,0,0,0,0,0,0,0,0,0,0,0
255083,17,bully,1992,1,0,0,92,0,1288,0,1,17,253091,1992,0,93,0,0,0,LEADER,1,0,0,92,0,0,0,0,0,0,0,0,0,0,0
255598,100,bully,1586,1,0,0,93,0,1302,0,1,100,254012,1586,0,94,0,0,0,LEADER,1,0,0,93,0,0,0,0,0,0,0,0,0,0,0
255561,16,bully,1549,1,0,0,93,0,1302,0,1,16,254012,1549,0,94,0,0,0,LEADER,1,0,0,93,0,0,0,0,0,0,0,0,0,0,0
255149,37,bully,2058,1,0,0,92,0,1288,0,1,37,253091,2058,0,93,0,0,0,LEADER,1,0,0,92,0,0,0,0,0,0,0,0,0,0,0
255786,13,bully,1774,1,0,0,93,0,1302,0,1,13,254012,1774,0,94,0,0,0,LEADER,1,0,0,93,0,0,0,0,0,0,0,0,0,0,0
254946,20,bully,1855,1,0,0,92,0,1288,0,1,20,253091,1855,0,93,0,0,0,LEADER,1,0,0,92,0,0,0,0,0,0,0,0,0,0,0
255579,41,bully,1567,1,0,0,93,0,1302,0,1,41,254012,1567,0,94,0,0,0,LEADER,1,0,0,93,0,0,0,0,0,0,0,0,0,0,0
255568,47,bully,1556,1,0,0,93,0,1302,0,1,47,254012,1556,0,94,0,0,0,LEADER,1,0,0,93,0,0,0,0,0,0,0,0,0,0,0
255393,95,bully,2301,1,0,0,92,0,1288,0,1,95,253092,2301,0,93,0,0,0,LEADER,1,0,0,92,0,0,0,0,0,0,0,0,0,0,0
255256,98,bully,2165,1,0,0,92,0,1288,0,1,98,253091,2165,0,93,0,0,0,LEADER,1,0,0,92,0,0,0,0,0,0,0,0,0,0,0
255440,73,bully,2349,1,0,0,92,0,1288,0,1,73,253091,2349,0,93,0,0,0,LEADER,1,0,0,92,0,0,0,0,0,0,0,0,0,0,0
254986,61,bully,1895,1,0,0,92,0,1288,0,1,61,253091,1895,0,93,0,0,0,LEADER,1,0,0,92,0,0,0,0,0,0,0,0,0,0,0
255734,97,bully,1722,1,0,0,93,0,1302,0,1,97,254012,1722,0,94,0,0,0,LEADER,1,0,0,93,0,0,0,0,0,0,0,0,0,0,0
255764,33,bully,1752,1,0,0,93,0,1302,0,1,33,254012,1752,0,94,0,0,0,LEADER,1,0,0,93,0,0,0,0,0,0,0,0,0,0,0
255422,31,bully,2331,1,0,0,92,0,1288,0,1,31,253091,2331,0,93,0,0,0,LEADER,1,0,0,92,0,0,0,0,0,0,0,0,0,0,0
255934,40,bully,1922,1,0,0,93,0,1302,0,1,40,254012,1922,0,94,0,0,0,LEADER,1,0,0,93,0,0,0,0,0,0,0,0,0,0,0
255924,29,bully,1910,1,0,0,93,0,1302,0,1,29,254014,1910,0,94,0,0,0,LEADER,1,0,0,93,0,0,0,0,0,0,0,0,0,0,0
255751,96,bully,1744,1,0,0,93,0,1302,0,1,96,254007,1744,0,94,0,0,0,LEADER,1,0,0,93,0,0,0,0,0,0,0,0,0,0,0
255837,84,bully,1825,1,0,0,93,0,1302,0,1,84,254012,1825,0,94,0,0,0,LEADER,1,0,0,93,0,0,0,0,0,0,0,0,0,0,0
255533,80,bully,1519,1,0,0,93,0,1302,0,1,80,254014,1519,0,94,0,0,0,LEADER,1,0,0,93,0,0,0,0,0,0,0,0,0,0,0
255374,53,bully,2283,1,0,0,92,0,1288,0,1,53,253091,2283,0,93,0,0,0,LEADER,1,0,0,92,0,0,0,0,0,0,0,0,0,0,0
255450,92,bully,1438,1,0,0,93,0,1302,0,1,92,254012,1438,0,94,0,0,0,LEADER,1,0,0,93,0,0,0,0,0,0,0,0,0,0,0
255620,91,bully,1619,1,0,0,93,0,1302,0,1,91,254001,1619,0,94,0,0,0,LEADER,1,0,0,93,0,0,0,0,0,0,0,0,0,0,0
255886,62,bully,1874,1,0,0,93,0,1302,0,1,62,254012,1874,0,94,0,0,0,LEADER,1,0,0,93,0,0,0,0,0,0,0,0,0,0,0
255583,15,bully,1571,1,0,0,93,0,1302,0,1,15,254012,1571,0,94,0,0,0,LEADER,1,0,0,93,0,0,0,0,0,0,0,0,0,0,0
255252,26,bully,2161,1,0,0,92,0,1288,0,1,26,253091,2161,0,93,0,0,0,LEADER,1,0,0,92,0,0,0,0,0,0,0,0,0,0,0
255989,49,bully,1977,1,0,0,93,0,1302,0,1,49,254012,1977,0,94,0,0,0,LEADER,1,0,0,93,0,0,0,0,0,0,0,0,0,0,0
255804,58,bully,1792,1,0,0,93,0,1302,0,1,58,254012,1792,0,94,0,0,0,LEADER,1,0,0,93,0,0,0,0,0,0,0,0,0,0,0
255337,86,bully,2246,1,0,0,92,0,1288,0,1,86,253091,2246,0,93,0,0,0,LEADER,1,0,0,92,0,0,0,0,0,0,0,0,0,0,0
255510,50,bully,2419,1,0,0,92,0,1288,0,1,50,253091,2419,0,93,0,0,0,LEADER,1,0,0,92,0,0,0,0,0,0,0,0,0,0,0
255360,85,bully,2268,1,0,0,92,0,1288,0,1,85,253092,2268,0,93,0,0,0,LEADER,1,0,0,92,0,0,0,0,0,0,0,0,0,0,0
255298,87,bully,2212,1,0,0,92,0,1288,0,1,87,253086,2212,0,93,0,0,0,LEADER,1,0,0,92,0,0,0,0,0,0,0,0,0,0,0
255507,64,bully,2416,1,0,0,92,0,1288,0,1,64,253091,2416,0,93,0,0,0,LEADER,1,0,0,92,0,0,0,0,0,0,0,0,0,0,0
255356,11,bully,2264,1,0,0,92,0,1288,0,1,11,253092,2264,0,93,0,0,0,LEADER,1,0,0,92,0,0,0,0,0,0,0,0,0,0,0
255446,18,bully,1434,1,0,0,93,0,1302,0,1,18,254012,1434,0,94,0,0,0,LEADER,1,0,0,93,0,0,0,0,0,0,0,0,0,0,0
255565,90,bully,1553,1,0,0,93,0,1302,0,1,90,254012,1553,0,94,0,0,0,LEADER,1,0,0,93,0,0,0,0,0,0,0,0,0,0,0
255459,35,bully,1447,1,0,0,93,0,1302,0,1,35,254012,1447,0,94,0,0,0,LEADER,1,0,0,93,0,0,0,0,0,0,0,0,0,0,0
255340,43,bully,2249,1,0,0,92,0,1288,0,1,43,253091,2249,0,93,0,0,0,LEADER,1,0,0,92,0,0,0,0,0,0,0,0,0,0,0
255479,28,bully,1467,1,0,0,93,0,1302,0,1,28,254012,1467,0,94,0,0,0,LEADER,1,0,0,93,0,0,0,0,0,0,0,0,0,0,0
255317,44,bully,2228,1,0,0,92,0,1288,0,1,44,253089,2228,0,93,0,0,0,LEADER,1,0,0,92,0,0,0,0,0,0,0,0,0,0,0
256153,23,bully,2141,1,0,0,93,0,1302,0,1,23,254012,2141,0,94,0,0,0,LEADER,1,0,0,93,0,0,0,0,0,0,0,0,0,0,0
255473,30,bully,1461,1,0,0,93,0,1302,0,1,30,254012,1461,0,94,0,0,0,LEADER,1,0,0,93,0,0,0,0,0,0,0,0,0,0,0
255873,94,bully,1859,1,0,0,93,0,1302,0,1,94,254014,1859,0,94,0,0,0,LEADER,1,0,0,93,0,0,0,0,0,0,0,0,0,0,0
255513,38,bully,1501,1,0,0,93,0,1302,0,1,38,254012,1501,0,94,0,0,0,LEADER,1,0,0,93,0,0,0,0,0,0,0,0,0,0,0
256192,66,bully,2180,1,0,0,93,0,1302,0,1,66,254012,2180,0,94,0,0,0,LEADER,1,0,0,93,0,0,0,0,0,0,0,0,0,0,0
255498,70,bully,1486,1,0,0,93,0,1302,0,1,70,254012,1486,0,94,0,0,0,LEADER,1,0,0,93,0,0,0,0,0,0,0,0,0,0,0
256143,88,bully,2131,1,0,0,93,0,1302,0,1,88,254012,2131,0,94,0,0,0,LEADER,1,0,0,93,0,0,0,0,0,0,0,0,0,0,0
255326,75,bully,2235,1,0,0,92,0,1288,0,1,75,253091,2235,0,93,0,0,0,LEADER,1,0,0,92,0,0,0,0,0,0,0,0,0,0,0
255336,12,bully,2243,1,0,0,92,0,1288,0,1,12,253093,2243,0,93,0,0,0,LEADER,1,0,0,92,0,0,0,0,0,0,0,0,0,0,0
256037,27,bully,2025,1,0,0,93,0,1302,0,1,27,254012,2025,0,94,0,0,0,LEADER,1,0,0,93,0,0,0,0,0,0,0,0,0,0,0
255526,42,bully,1514,1,0,0,93,0,1302,0,1,42,254012,1514,0,94,0,0,0,LEADER,1,0,0,93,0,0,0,0,0,0,0,0,0,0,0
256173,24,bully,2161,1,0,0,93,0,1302,0,1,24,254012,2161,0,94,0,0,0,LEADER,1,0,0,93,0,0,0,0,0,0,0,0,0,0,0
256125,46,bully,2113,1,0,0,93,0,1302,0,1,46,254012,2113,0,94,0,0,0,LEADER,1,0,0,93,0,0,0,0,0,0,0,0,0,0,0
256022,59,bully,2010,1,0,0,93,0,1302,0,1,59,254012,2010,0,94,0,0,0,LEADER,1,0,0,93,0,0,0,0,0,0,0,0,0,0,0
255650,34,bully,1637,1,0,0,93,0,1302,0,1,34,254013,1637,0,94,0,0,0,LEADER,1,0,0,93,0,0,0,0,0,0,0,0,0,0,0
256304,32,bully,2292,1,0,0,93,0,1302,0,1,32,254012,2292,0,94,0,0,0,LEADER,1,0,0,93,0,0,0,0,0,0,0,0,0,0,0
255920,72,bully,1907,1,0,0,93,0,1302,0,1,72,254013,1907,0,94,0,0,0,LEADER,1,0,0,93,0,0,0,0,0,0,0,0,0,0,0
256331,63,bully,2316,1,0,0,93,0,1302,0,1,63,254015,2316,0,94,0,0,0,LEADER,1,0,0,93,0,0,0,0,0,0,0,0,0,0,0
255804,74,bully,1792,1,0,0,93,0,1302,0,1,74,254012,1792,0,94,0,0,0,LEADER,1,0,0,93,0,0,0,0,0,0,0,0,0,0,0
255546,48,bully,1534,1,0,0,93,0,1302,0,1,48,254012,1534,0,94,0,0,0,LEADER,1,0,0,93,0,0,0,0,0,0,0,0,0,0,0
256009,57,bully,1995,1,0,0,93,0,1302,0,1,57,254014,1995,0,94,0,0,0,LEADER,1,0,0,93,0,0,0,0,0,0,0,0,0,0,0
256077,68,bully,2065,1,0,0,93,0,1302,0,1,68,254012,2065,0,94,0,0,0,LEADER,1,0,0,93,0,0,0,0,0,0,0,0,0,0,0
255478,45,bully,1466,1,0,0,93,0,1302,0,1,45,254012,1466,0,94,0,0,0,LEADER,1,0,0,93,0,0,0,0,0,0,0,0,0,0,0
255835,93,bully,1823,1,0,0,93,0,1302,0,1,93,254012,1823,0,94,0,0,0,LEADER,1,0,0,93,0,0,0,0,0,0,0,0,0,0,0
256416,82,bully,2404,1,0,0,93,0,1302,0,1,82,254012,2404,0,94,0,0,0,LEADER,1,0,0,93,0,0,0,0,0,0,0,0,0,0,0
256410,51,bully,2398,1,0,0,93,0,1302,0,1,51,254012,2398,0,94,0,0,0,LEADER,1,0,0,93,0,0,0,0,0,0,0,0,0,0,0
255955,39,bully,1943,1,0,0,93,0,1302,0,1,39,254012,1943,0,94,0,0,0,LEADER,1,0,0,93,0,0,0,0,0,0,0,0,0,0,0
255701,78,bully,1689,1,0,0,93,0,1302,0,1,78,254012,1689,0,94,0,0,0,LEADER,1,0,0,93,0,0,0,0,0,0,0,0,0,0,0
256089,79,bully,2077,1,0,0,93,0,1302,0,1,79,254012,2077,0,94,0,0,0,LEADER,1,0,0,93,0,0,0,0,0,0,0,0,0,0,0
255664,14,bully,1652,1,0,0,93,0,1302,0,1,14,254012,1652,0,94,0,0,0,LEADER,1,0,0,93,0,0,0,0,0,0,0,0,0,0,0
256091,36,bully,2080,1,0,0,93,0,1302,0,1,36,254011,2080,0,94,0,0,0,LEADER,1,0,0,93,0,0,0,0,0,0,0,0,0,0,0
255974,81,bully,1962,1,0,0,93,0,1302,0,1,81,254012,1962,0,94,0,0,0,LEADER,1,0,0,93,0,0,0,0,0,0,0,0,0,0,0
255634,67,bully,1622,1,0,0,93,0,1302,0,1,67,254012,1622,0,94,0,0,0,LEADER,1,0,0,93,0,0,0,0,0,0,0,0,0,0,0
256395,83,bully,2383,1,0,0,93,0,1302,0,1,83,254012,2383,0,94,0,0,0,LEADER,1,0,0,93,0,0,0,0,0,0,0,0,0,0,0
256539,99,bully,1607,1,0,0,93,0,1302,0,1,99,254932,1607,0,94,0,0,0,LEADER,1,0,0,93,0,0,0,0,0,0,0,0,0,0,0
255716,55,bully,1704,1,0,0,93,0,1302,0,1,55,254012,1704,0,94,0,0,0,LEADER,1,0,0,93,0,0,0,0,0,0,0,0,0,0,0
256506,89,bully,1574,1,0,0,93,0,1302,0,1,89,254932,1574,0,94,0,0,0,LEADER,1,0,0,93,0,0,0,0,0,0,0,0,0,0,0
255668,77,bully,1656,1,0,0,93,0,1302,0,1,77,254012,1656,0,94,0,0,0,LEADER,1,0,0,93,0,0,0,0,0,0,0,0,0,0,0
255940,71,bully,1928,1,0,0,93,0,1302,0,1,71,254012,1928,0,94,0,0,0,LEADER,1,0,0,93,0,0,0,0,0,0,0,0,0,0,0
256217,76,bully,2213,1,0,0,93,0,1302,0,1,76,254004,2213,0,94,0,0,0,LEADER,1,0,0,93,0,0,0,0,0,0,0,0,0,0,0
255854,52,bully,1840,1,0,0,93,0,1302,0,1,52,254014,1840,0,94,0,0,0,LEADER,1,0,0,93,0,0,0,0,0,0,0,0,0,0,0
255819,10,bully,1807,1,0,0,93,0,1302,0,1,10,254012,1807,0,94,0,0,0,LEADER,1,0,0,93,0,0,0,0,0,0,0,0,0,0,0
255752,22,bully,1740,1,0,0,93,0,1302,0,1,22,254012,1740,0,94,0,0,0,LEADER,1,0,0,93,0,0,0,0,0,0,0,0,0,0,0
255897,21,bully,1889,1,0,0,93,0,1302,0,1,21,254008,1889,0,94,0,0,0,LEADER,1,0,0,93,0,0,0,0,0,0,0,0,0,0,0
256158,56,bully,2146,1,0,0,93,0,1302,0,1,56,254012,2146,0,94,0,0,0,LEADER,1,0,0,93,0,0,0,0,0,0,0,0,0,0,0
255683,60,bully,1671,1,0,0,93,0,1302,0,1,60,254012,1671,0,94,0,0,0,LEADER,1,0,0,93,0,0,0,0,0,0,0,0,0,0,0
256536,25,bully,1604,1,0,0,93,0,1302,0,1,25,254932,1604,0,94,0,0,0,LEADER,1,0,0,93,0,0,0,0,0,0,0,0,0,0,0
255749,65,bully,1737,1,0,0,93,0,1302,0,1,65,254012,1737,0,94,0,0,0,LEADER,1,0,0,93,0,0,0,0,0,0,0,0,0,0,0
256425,19,bully,2413,1,0,0,93,0,1302,0,1,19,254012,2413,0,94,0,0,0,LEADER,1,0,0,93,0,0,0,0,0,0,0,0,0,0,0
256055,69,bully,2043,1,0,0,93,0,1302,0,1,69,254012,2043,0,94,0,0,0,LEADER,1,0,0,93,0,0,0,0,0,0,0,0,0,0,0
256657,54,bully,1725,1,0,0,93,0,1302,0,1,54,254932,1725,0,94,0,0,0,LEADER,1,0,0,93,0,0,0,0,0,0,0,0,0,0,0
256004,17,bully,1992,1,0,0,93,0,1302,0,1,17,254012,1992,0,94,0,0,0,LEADER,1,0,0,93,0,0,0,0,0,0,0,0,0,0,0
256518,100,bully,1586,1,0,0,93,0,1302,0,1,100,254932,1586,0,94,0,0,0,LEADER,1,0,0,93,0,0,0,0,0,0,0,0,0,0,0
256481,16,bully,1549,1,0,0,93,0,1302,0,1,16,254932,1549,0,94,0,0,0,LEADER,1,0,0,93,0,0,0,0,0,0,0,0,0,0,0
256070,37,bully,2058,1,0,0,93,0,1302,0,1,37,254012,2058,0,94,0,0,0,LEADER,1,0,0,93,0,0,0,0,0,0,0,0,0,0,0
256706,13,bully,1774,1,0,0,93,0,1302,0,1,13,254932,1774,0,94,0,0,0,LEADER,1,0,0,93,0,0,0,0,0,0,0,0,0,0,0
255867,20,bully,1855,1,0,0,93,0,1302,0,1,20,254012,1855,0,94,0,0,0,LEADER,1,0,0,93,0,0,0,0,0,0,0,0,0,0,0
256499,41,bully,1567,1,0,0,93,0,1302,0,1,41,254932,1567,0,94,0,0,0,LEADER,1,0,0,93,0,0,0,0,0,0,0,0,0,0,0
256488,47,bully,1556,1,0,0,93,0,1302,0,1,47,254932,1556,0,94,0,0,0,LEADER,1,0,0,93,0,0,0,0,0,0,0,0,0,0,0
256314,95,bully,2301,1,0,0,93,0,1302,0,1,95,254013,2301,0,94,0,0,0,LEADER,1,0,0,93,0,0,0,0,0,0,0,0,0,0,0
256177,98,bully,2165,1,0,0,93,0,1302,0,1,98,254012,2165,0,94,0,0,0,LEADER,1,0,0,93,0,0,0,0,0,0,0,0,0,0,0
256361,73,bully,2349,1,0,0,93,0,1302,0,1,73,254012,2349,0,94,0,0,0,LEADER,1,0,0,93,0,0,0,0,0,0,0,0,0,0,0
255907,61,bully,1895,1,0,0,93,0,1302,0,1,61,254012,1895,0,94,0,0,0,LEADER,1,0,0,93,0,0,0,0,0,0,0,0,0,0,0
256654,97,bully,1722,1,0,0,93,0,1302,0,1,97,254932,1722,0,94,0,0,0,LEADER,1,0,0,93,0,0,0,0,0,0,0,0,0,0,0
256684,33,bully,1752,1,0,0,93,0,1302,0,1,33,254932,1752,0,94,0,0,0,LEADER,1,0,0,93,0,0,0,0,0,0,0,0,0,0,0
256854,40,bully,1922,1,0,0,93,0,1302,0,1,40,254932,1922,0,94,0,0,0,LEADER,1,0,0,93,0,0,0,0,0,0,0,0,0,0,0
256343,31,bully,2331,1,0,0,93,0,1302,0,1,31,254012,2331,0,94,0,0,0,LEADER,1,0,0,93,0,0,0,0,0,0,0,0,0,0,0
256844,29,bully,1910,1,0,0,93,0,1302,0,1,29,254934,1910,0,94,0,0,0,LEADER,1,0,0,93,0,0,0,0,0,0,0,0,0,0,0
256671,96,bully,1744,1,0,0,93,0,1302,0,1,96,254927,1744,0,94,0,0,0,LEADER,1,0,0,93,0,0,0,0,0,0,0,0,0,0,0
256757,84,bully,1825,1,0,0,93,0,1302,0,1,84,254932,1825,0,94,0,0,0,LEADER,1,0,0,93,0,0,0,0,0,0,0,0,0,0,0
256453,80,bully,1519,1,0,0,93,0,1302,0,1,80,254934,1519,0,94,0,0,0,LEADER,1,0,0,93,0,0,0,0,0,0,0,0,0,0,0
256295,53,bully,2283,1,0,0,93,0,1302,0,1,53,254012,2283,0,94,0,0,0,LEADER,1,0,0,93,0,0,0,0,0,0,0,0,0,0,0
256370,92,bully,1438,1,0,0,93,0,1302,0,1,92,254932,1438,0,94,0,0,0,LEADER,1,0,0,93,0,0,0,0,0,0,0,0,0,0,0
256540,91,bully,1619,1,0,0,93,0,1302,0,1,91,254921,1619,0,94,0,0,0,LEADER,1,0,0,93,0,0,0,0,0,0,0,0,0,0,0
256806,62,bully,1874,1,0,0,93,0,1302,0,1,62,254932,1874,0,94,0,0,0,LEADER,1,0,0,93,0,0,0,0,0,0,0,0,0,0,0
256503,15,bully,1571,1,0,0,93,0,1302,0,1,15,254932,1571,0,94,0,0,0,LEADER,1,0,0,93,0,0,0,0,0,0,0,0,0,0,0
256173,26,bully,2161,1,0,0,93,0,1302,0,1,26,254012,2161,0,94,0,0,0,LEADER,1,0,0,93,0,0,0,0,0,0,0,0,0,0,0
256909,49,bully,1977,1,0,0,93,0,1302,0,1,49,254932,1977,0,94,0,0,0,LEADER,1,0,0,93,0,0,0,0,0,0,0,0,0,0,0
256724,58,bully,1792,1,0,0,93,0,1302,0,1,58,254932,1792,0,94,0,0,0,LEADER,1,0,0,93,0,0,0,0,0,0,0,0,0,0,0
256258,86,bully,2246,1,0,0,93,0,1302,0,1,86,254012,2246,0,94,0,0,0,LEADER,1,0,0,93,0,0,0,0,0,0,0,0,0,0,0
256431,50,bully,2419,1,0,0,93,0,1302,0,1,50,254012,2419,0,94,0,0,0,LEADER,1,0,0,93,0,0,0,0,0,0,0,0,0,0,0
256281,85,bully,2268,1,0,0,93,0,1302,0,1,85,254013,2268,0,94,0,0,0,LEADER,1,0,0,93,0,0,0,0,0,0,0,0,0,0,0
256219,87,bully,2212,1,0,0,93,0,1302,0,1,87,254007,2212,0,94,0,0,0,LEADER,1,0,0,93,0,0,0,0,0,0,0,0,0,0,0
256428,64,bully,2416,1,0,0,93,0,1302,0,1,64,254012,2416,0,94,0,0,0,LEADER,1,0,0,93,0,0,0,0,0,0,0,0,0,0,0
256366,18,bully,1434,1,0,0,93,0,1302,0,1,18,254932,1434,0,94,0,0,0,LEADER,1,0,0,93,0,0,0,0,0,0,0,0,0,0,0
256277,11,bully,2264,1,0,0,93,0,1302,0,1,11,254013,2264,0,94,0,0,0,LEADER,1,0,0,93,0,0,0,0,0,0,0,0,0,0,0
256485,90,bully,1553,1,0,0,93,0,1302,0,1,90,254932,1553,0,94,0,0,0,LEADER,1,0,0,93,0,0,0,0,0,0,0,0,0,0,0
256379,35,bully,1447,1,0,0,93,0,1302,0,1,35,254932,1447,0,94,0,0,0,LEADER,1,0,0,93,0,0,0,0,0,0,0,0,0,0,0
256261,43,bully,2249,1,0,0,93,0,1302,0,1,43,254012,2249,0,94,0,0,0,LEADER,1,0,0,93,0,0,0,0,0,0,0,0,0,0,0
256399,28,bully,1467,1,0,0,93,0,1302,0,1,28,254932,1467,0,94,0,0,0,LEADER,1,0,0,93,0,0,0,0,0,0,0,0,0,0,0
256238,44,bully,2228,1,0,0,93,0,1302,0,1,44,254010,2228,0,94,0,0,0,LEADER,1,0,0,93,0,0,0,0,0,0,0,0,0,0,0
257073,23,bully,2141,1,0,0,93,0,1302,0,1,23,254932,2141,0,94,0,0,0,LEADER,1,0,0,93,0,0,0,0,0,0,0,0,0,0,0
256393,30,bully,1461,1,0,0,93,0,1302,0,1,30,254932,1461,0,94,0,0,0,LEADER,1,0,0,93,0,0,0,0,0,0,0,0,0,0,0
256793,94,bully,1859,1,0,0,93,0,1302,0,1,94,254934,1859,0,94,0,0,0,LEADER,1,0,0,93,0,0,0,0,0,0,0,0,0,0,0
256433,38,bully,1501,1,0,0,93,0,1302,0,1,38,254932,1501,0,94,0,0,0,LEADER,1,0,0,93,0,0,0,0,0,0,0,0,0,0,0
257112,66,bully,2180,1,0,0,93,0,1302,0,1,66,254932,2180,0,94,0,0,0,LEADER,1,0,0,93,0,0,0,0,0,0,0,0,0,0,0
256418,70,bully,1486,1,0,0,93,0,1302,0,1,70,254932,1486,0,94,0,0,0,LEADER,1,0,0,93,0,0,0,0,0,0,0,0,0,0,0
257063,88,bully,2131,1,0,0,93,0,1302,0,1,88,254932,2131,0,94,0,0,0,LEADER,1,0,0,93,0,0,0,0,0,0,0,0,0,0,0
256247,75,bully,2235,1,0,0,93,0,1302,0,1,75,254012,2235,0,94,0,0,0,LEADER,1,0,0,93,0,0,0,0,0,0,0,0,0,0,0
256257,12,bully,2243,1,0,0,93,0,1302,0,1,12,254014,2243,0,94,0,0,0,LEADER,1,0,0,93,0,0,0,0,0,0,0,0,0,0,0
256957,27,bully,2025,1,0,0,93,0,1302,0,1,27,254932,2025,0,94,0,0,0,LEADER,1,0,0,93,0,0,0,0,0,0,0,0,0,0,0
256446,42,bully,1514,1,0,0,93,0,1302,0,1,42,254932,1514,0,94,0,0,0,LEADER,1,0,0,93,0,0,0,0,0,0,0,0,0,0,0
257093,24,bully,2161,1,0,0,93,0,1302,0,1,24,254932,2161,0,94,0,0,0,LEADER,1,0,0,93,0,0,0,0,0,0,0,0,0,0,0
257045,46,bully,2113,1,0,0,93,0,1302,0,1,46,254932,2113,0,94,0,0,0,LEADER,1,0,0,93,0,0,0,0,0,0,0,0,0,0,0
256942,59,bully,2010,1,0,0,93,0,1302,0,1,59,254932,2010,0,94,0,0,0,LEADER,1,0,0,93,0,0,0,0,0,0,0,0,0,0,0
256570,34,bully,1637,1,0,0,93,0,1302,0,1,34,254933,1637,0,94,0,0,0,LEADER,1,0,0,93,0,0,0,0,0,0,0,0,0,0,0
257224,32,bully,2292,1,0,0,93,0,1302,0,1,32,254932,2292,0,94,0,0,0,LEADER,1,0,0,93,0,0,0,0,0,0,0,0,0,0,0
256840,72,bully,1907,1,0,0,93,0,1302,0,1,72,254933,1907,0,94,0,0,0,LEADER,1,0,0,93,0,0,0,0,0,0,0,0,0,0,0
257251,63,bully,2316,1,0,0,93,0,1302,0,1,63,254935,2316,0,94,0,0,0,LEADER,1,0,0,93,0,0,0,0,0,0,0,0,0,0,0
256724,74,bully,1792,1,0,0,93,0,1302,0,1,74,254932,1792,0,94,0,0,0,LEADER,1,0,0,93,0,0,0,0,0,0,0,0,0,0,0
256466,48,bully,1534,1,0,0,93,0,1302,0,1,48,254932,1534,0,94,0,0,0,LEADER,1,0,0,93,0,0,0,0,0,0,0,0,0,0,0
256929,57,bully,1995,1,0,0,93,0,1302,0,1,57,254934,1995,0,94,0,0,0,LEADER,1,0,0,93,0,0,0,0,0,0,0,0,0,0,0
256997,68,bully,2065,1,0,0,93,0,1302,0,1,68,254932,2065,0,94,0,0,0,LEADER,1,0,0,93,0,0,0,0,0,0,0,0,0,0,0
256398,45,bully,1466,1,0,0,93,0,1302,0,1,45,254932,1466,0,94,0,0,0,LEADER,1,0,0,93,0,0,0,0,0,0,0,0,0,0,0
256755,93,bully,1823,1,0,0,93,0,1302,0,1,93,254932,1823,0,94,0,0,0,LEADER,1,0,0,93,0,0,0,0,0,0,0,0,0,0,0
257336,82,bully,2404,1,0,0,93,0,1302,0,1,82,254932,2404,0,94,0,0,0,LEADER,1,0,0,93,0,0,0,0,0,0,0,0,0,0,0
257330,51,bully,2398,1,0,0,93,0,1302,0,1,51,254932,2398,0,94,0,0,0,LEADER,1,0,0,93,0,0,0,0,0,0,0,0,0,0,0
256875,39,bully,1943,1,0,0,93,0,1302,0,1,39,254932,1943,0,94,0,0,0,LEADER,1,0,0,93,0,0,0,0,0,0,0,0,0,0,0
256621,78,bully,1689,1,0,0,93,0,1302,0,1,78,254932,1689,0,94,0,0,0,LEADER,1,0,0,93,0,0,0,0,0,0,0,0,0,0,0
257009,79,bully,2077,1,0,0,93,0,1302,0,1,79,254932,2077,0,94,0,0,0,LEADER,1,0,0,93,0,0,0,0,0,0,0,0,0,0,0
256584,14,bully,1652,1,0,0,93,0,1302,0,1,14,254932,1652,0,94,0,0,0,LEADER,1,0,0,93,0,0,0,0,0,0,0,0,0,0,0
257011,36,bully,2080,1,0,0,93,0,1302,0,1,36,254931,2080,0,94,0,0,0,LEADER,1,0,0,93,0,0,0,0,0,0,0,0,0,0,0
256894,81,bully,1962,1,0,0,93,0,1302,0,1,81,254932,1962,0,94,0,0,0,LEADER,1,0,0,93,0,0,0,0,0,0,0,0,0,0,0
256554,67,bully,1622,1,0,0,93,0,1302,0,1,67,254932,1622,0,94,0,0,0,LEADER,1,0,0,93,0,0,0,0,0,0,0,0,0,0,0
257315,83,bully,2383,1,0,0,93,0,1302,0,1,83,254932,2383,0,94,0,0,0,LEADER,1,0,0,93,0,0,0,0,0,0,0,0,0,0,0
257459,99,bully,1607,1,0,0,93,0,1302,0,1,99,255852,1607,0,94,0,0,0,LEADER,1,0,0,93,0,0,0,0,0,0,0,0,0,0,0
256636,55,bully,1704,1,0,0,93,0,1302,0,1,55,254932,1704,0,94,0,0,0,LEADER,1,0,0,93,0,0,0,0,0,0,0,0,0,0,0
257426,89,bully,1574,1,0,0,93,0,1302,0,1,89,255852,1574,0,94,0,0,0,LEADER,1,0,0,93,0,0,0,0,0,0,0,0,0,0,0
256588,77,bully,1656,1,0,0,93,0,1302,0,1,77,254932,1656,0,94,0,0,0,LEADER,1,0,0,93,0,0,0,0,0,0,0,0,0,0,0
256860,71,bully,1928,1,0,0,93,0,1302,0,1,71,254932,1928,0,94,0,0,0,LEADER,1,0,0,93,0,0,0,0,0,0,0,0,0,0,0
257137,76,bully,2213,1,0,0,93,0,1302,0,1,76,254924,2213,0,94,0,0,0,LEADER,1,0,0,93,0,0,0,0,0,0,0,0,0,0,0
256774,52,bully,1840,1,0,0,93,0,1302,0,1,52,254934,1840,0,94,0,0,0,LEADER,1,0,0,93,0,0,0,0,0,0,0,0,0,0,0
256739,10,bully,1807,1,0,0,93,0,1302,0,1,10,254932,1807,0,94,0,0,0,LEADER,1,0,0,93,0,0,0,0,0,0,0,0,0,0,0
256672,22,bully,1740,1,0,0,93,0,1302,0,1,22,254932,1740,0,94,0,0,0,LEADER,1,0,0,93,0,0,0,0,0,0,0,0,0,0,0
256817,21,bully,1889,1,0,0,93,0,1302,0,1,21,254928,1889,0,94,0,0,0,LEADER,1,0,0,93,0,0,0,0,0,0,0,0,0,0,0
257078,56,bully,2146,1,0,0,93,0,1302,0,1,56,254932,2146,0,94,0,0,0,LEADER,1,0,0,93,0,0,0,0,0,0,0,0,0,0,0
256603,60,bully,1671,1,0,0,93,0,1302,0,1,60,254932,1671,0,94,0,0,0,LEADER,1,0,0,93,0,0,0,0,0,0,0,0,0,0,0
257456,25,bully,1604,1,0,0,93,0,1302,0,1,25,255852,1604,0,94,0,0,0,LEADER,1,0,0,93,0,0,0,0,0,0,0,0,0,0,0
256669,65,bully,1737,1,0,0,93,0,1302,0,1,65,254932,1737,0,94,0,0,0,LEADER,1,0,0,93,0,0,0,0,0,0,0,0,0,0,0
257345,19,bully,2413,1,0,0,93,0,1302,0,1,19,254932,2413,0,94,0,0,0,LEADER,1,0,0,93,0,0,0,0,0,0,0,0,0,0,0
256975,69,bully,2043,1,0,0,93,0,1302,0,1,69,254932,2043,0,94,0,0,0,LEADER,1,0,0,93,0,0,0,0,0,0,0,0,0,0,0
257577,54,bully,1725,1,0,0,93,0,1302,0,1,54,255852,1725,0,94,0,0,0,LEADER,1,0,0,93,0,0,0,0,0,0,0,0,0,0,0
256924,17,bully,1992,1,0,0,93,0,1302,0,1,17,254932,1992,0,94,0,0,0,LEADER,1,0,0,93,0,0,0,0,0,0,0,0,0,0,0
257438,100,bully,1586,1,0,0,93,0,1302,0,1,100,255852,1586,0,94,0,0,0,LEADER,1,0,0,93,0,0,0,0,0,0,0,0,0,0,0
257401,16,bully,1549,1,0,0,93,0,1302,0,1,16,255852,1549,0,94,0,0,0,LEADER,1,0,0,93,0,0,0,0,0,0,0,0,0,0,0
256990,37,bully,2058,1,0,0,93,0,1302,0,1,37,254932,2058,0,94,0,0,0,LEADER,1,0,0,93,0,0,0,0,0,0,0,0,0,0,0
257626,13,bully,1774,1,0,0,93,0,1302,0,1,13,255852,1774,0,94,0,0,0,LEADER,1,0,0,93,0,0,0,0,0,0,0,0,0,0,0
256787,20,bully,1855,1,0,0,93,0,1302,0,1,20,254932,1855,0,94,0,0,0,LEADER,1,0,0,93,0,0,0,0,0,0,0,0,0,0,0
257419,41,bully,1567,1,0,0,93,0,1302,0,1,41,255852,1567,0,94,0,0,0,LEADER,1,0,0,93,0,0,0,0,0,0,0,0,0,0,0
257408,47,bully,1556,1,0,0,93,0,1302,0,1,47,255852,1556,0,94,0,0,0,LEADER,1,0,0,93,0,0,0,0,0,0,0,0,0,0,0
257234,95,bully,2301,1,0,0,93,0,1302,0,1,95,254933,2301,0,94,0,0,0,LEADER,1,0,0,93,0,0,0,0,0,0,0,0,0,0,0
257097,98,bully,2165,1,0,0,93,0,1302,0,1,98,254932,2165,0,94,0,0,0,LEADER,1,0,0,93,0,0,0,0,0,0,0,0,0,0,0
257281,73,bully,2349,1,0,0,93,0,1302,0,1,73,254932,2349,0,94,0,0,0,LEADER,1,0,0,93,0,0,0,0,0,0,0,0,0,0,0
257574,97,bully,1722,1,0,0,93,0,1302,0,1,97,255852,1722,0,94,0,0,0,LEADER,1,0,0,93,0,0,0,0,0,0,0,0,0,0,0
256827,61,bully,1895,1,0,0,93,0,1302,0,1,61,254932,1895,0,94,0,0,0,LEADER,1,0,0,93,0,0,0,0,0,0,0,0,0,0,0
257604,33,bully,1752,1,0,0,93,0,1302,0,1,33,255852,1752,0,94,0,0,0,LEADER,1,0,0,93,0,0,0,0,0,0,0,0,0,0,0
257774,40,bully,1922,1,0,0,93,0,1302,0,1,40,255852,1922,0,94,0,0,0,LEADER,1,0,0,93,0,0,0,0,0,0,0,0,0,0,0
257263,31,bully,2331,1,0,0,93,0,1302,0,1,31,254932,2331,0,94,0,0,0,LEADER,1,0,0,93,0,0,0,0,0,0,0,0,0,0,0
257764,29,bully,1910,1,0,0,93,0,1302,0,1,29,255854,1910,0,94,0,0,0,LEADER,1,0,0,93,0,0,0,0,0,0,0,0,0,0,0
257591,96,bully,1744,1,0,0,93,0,1302,0,1,96,255847,1744,0,94,0,0,0,LEADER,1,0,0,93,0,0,0,0,0,0,0,0,0,0,0
257677,84,bully,1825,1,0,0,93,0,1302,0,1,84,255852,1825,0,94,0,0,0,LEADER,1,0,0,93,0,0,0,0,0,0,0,0,0,0,0
257373,80,bully,1519,1,0,0,93,0,1302,0,1,80,255854,1519,0,94,0,0,0,LEADER,1,0,0,93,0,0,0,0,0,0,0,0,0,0,0
257215,53,bully,2283,1,0,0,93,0,1302,0,1,53,254932,2283,0,94,0,0,0,LEADER,1,0,0,93,0,0,0,0,0,0,0,0,0,0,0
257290,92,bully,1438,1,0,0,93,0,1302,0,1,92,255852,1438,0,94,0,0,0,LEADER,1,0,0,93,0,0,0,0,0,0,0,0,0,0,0
257460,91,bully,1619,1,0,0,93,0,1302,0,1,91,255841,1619,0,94,0,0,0,LEADER,1,0,0,93,0,0,0,0,0,0,0,0,0,0,0
257726,62,bully,1874,1,0,0,93,0,1302,0,1,62,255852,1874,0,94,0,0,0,LEADER,1,0,0,93,0,0,0,0,0,0,0,0,0,0,0
257423,15,bully,1571,1,0,0,93,0,1302,0,1,15,255852,1571,0,94,0,0,0,LEADER,1,0,0,93,0,0,0,0,0,0,0,0,0,0,0
257615,2,bully,2214,1,0,0,13,26,182,364,4,2,255401,2214,0,10,0,0,0,LEADER,1,0,0,13,0,0,0,26,0,0,0,0,0,0,0
257093,26,bully,2161,1,0,0,93,0,1302,0,1,26,254932,2161,0,94,0,0,0,LEADER,1,0,0,93,0,0,0,0,0,0,0,0,0,0,0
257829,49,bully,1977,1,0,0,93,0,1302,0,1,49,255852,1977,0,94,0,0,0,LEADER,1,0,0,93,0,0,0,0,0,0,0,0,0,0,0
257644,58,bully,1792,1,0,0,93,0,1302,0,1,58,255852,1792,0,94,0,0,0,LEADER,1,0,0,93,0,0,0,0,0,0,0,0,0,0,0
257178,86,bully,2246,1,0,0,93,0,1302,0,1,86,254932,2246,0,94,0,0,0,LEADER,1,0,0,93,0,0,0,0,0,0,0,0,0,0,0
257351,50,bully,2419,1,0,0,93,0,1302,0,1,50,254932,2419,0,94,0,0,0,LEADER,1,0,0,93,0,0,0,0,0,0,0,0,0,0,0
257201,85,bully,2268,1,0,0,93,0,1302,0,1,85,254933,2268,0,94,0,0,0,LEADER,1,0,0,93,0,0,0,0,0,0,0,0,0,0,0
257139,87,bully,2212,1,0,0,93,0,1302,0,1,87,254927,2212,0,94,0,0,0,LEADER,1,0,0,93,0,0,0,0,0,0,0,0,0,0,0
257348,64,bully,2416,1,0,0,93,0,1302,0,1,64,254932,2416,0,94,0,0,0,LEADER,1,0,0,93,0,0,0,0,0,0,0,0,0,0,0
257286,18,bully,1434,1,0,0,93,0,1302,0,1,18,255852,1434,0,94,0,0,0,LEADER,1,0,0,93,0,0,0,0,0,0,0,0,0,0,0
257197,11,bully,2264,1,0,0,93,0,1302,0,1,11,254933,2264,0,94,0,0,0,LEADER,1,0,0,93,0,0,0,0,0,0,0,0,0,0,0
257405,90,bully,1553,1,0,0,93,0,1302,0,1,90,255852,1553,0,94,0,0,0,LEADER,1,0,0,93,0,0,0,0,0,0,0,0,0,0,0
257299,35,bully,1447,1,0,0,93,0,1302,0,1,35,255852,1447,0,94,0,0,0,LEADER,1,0,0,93,0,0,0,0,0,0,0,0,0,0,0
257181,43,bully,2249,1,0,0,93,0,1302,0,1,43,254932,2249,0,94,0,0,0,LEADER,1,0,0,93,0,0,0,0,0,0,0,0,0,0,0
257319,28,bully,1467,1,0,0,93,0,1302,0,1,28,255852,1467,0,94,0,0,0,LEADER,1,0,0,93,0,0,0,0,0,0,0,0,0,0,0
257158,44,bully,2228,1,0,0,93,0,1302,0,1,44,254930,2228,0,94,0,0,0,LEADER,1,0,0,93,0,0,0,0,0,0,0,0,0,0,0
257993,23,bully,2141,1,0,0,93,0,1302,0,1,23,255852,2141,0,94,0,0,0,LEADER,1,0,0,93,0,0,0,0,0,0,0,0,0,0,0
257313,30,bully,1461,1,0,0,93,0,1302,0,1,30,255852,1461,0,94,0,0,0,LEADER,1,0,0,93,0,0,0,0,0,0,0,0,0,0,0
257713,94,bully,1859,1,0,0,93,0,1302,0,1,94,255854,1859,0,94,0,0,0,LEADER,1,0,0,93,0,0,0,0,0,0,0,0,0,0,0
257353,38,bully,1501,1,0,0,93,0,1302,0,1,38,255852,1501,0,94,0,0,0,LEADER,1,0,0,93,0,0,0,0,0,0,0,0,0,0,0
258032,66,bully,2180,1,0,0,93,0,1302,0,1,66,255852,2180,0,94,0,0,0,LEADER,1,0,0,93,0,0,0,0,0,0,0,0,0,0,0
257338,70,bully,1486,1,0,0,93,0,1302,0,1,70,255852,1486,0,94,0,0,0,LEADER,1,0,0,93,0,0,0,0,0,0,0,0,0,0,0
257983,88,bully,2131,1,0,0,93,0,1302,0,1,88,255852,2131,0,94,0,0,0,LEADER,1,0,0,93,0,0,0,0,0,0,0,0,0,0,0
257167,75,bully,2235,1,0,0,93,0,1302,0,1,75,254932,2235,0,94,0,0,0,LEADER,1,0,0,93,0,0,0,0,0,0,0,0,0,0,0
257177,12,bully,2243,1,0,0,93,0,1302,0,1,12,254934,2243,0,94,0,0,0,LEADER,1,0,0,93,0,0,0,0,0,0,0,0,0,0,0
257717,1,bully,2293,1,0,0,13,13,182,182,1,1,255424,2293,0,12,0,0,0,LEADER,1,0,0,13,0,0,0,13,0,0,0,0,0,0,0
257877,27,bully,2025,1,0,0,93,0,1302,0,1,27,255852,2025,0,94,0,0,0,LEADER,1,0,0,93,0,0,0,0,0,0,0,0,0,0,0
257366,42,bully,1514,1,0,0,93,0,1302,0,1,42,255852,1514,0,94,0,0,0,LEADER,1,0,0,93,0,0,0,0,0,0,0,0,0,0,0
258013,24,bully,2161,1,0,0,93,0,1302,0,1,24,255852,2161,0,94,0,0,0,LEADER,1,0,0,93,0,0,0,0,0,0,0,0,0,0,0
257965,46,bully,2113,1,0,0,93,0,1302,0,1,46,255852,2113,0,94,0,0,0,LEADER,1,0,0,93,0,0,0,0,0,0,0,0,0,0,0
257862,59,bully,2010,1,0,0,93,0,1302,0,1,59,255852,2010,0,94,0,0,0,LEADER,1,0,0,93,0,0,0,0,0,0,0,0,0,0,0
258144,32,bully,2292,1,0,0,93,0,1302,0,1,32,255852,2292,0,94,0,0,0,LEADER,1,0,0,93,0,0,0,0,0,0,0,0,0,0,0
257490,34,bully,1637,1,0,0,93,0,1302,0,1,34,255853,1637,0,94,0,0,0,LEADER,1,0,0,93,0,0,0,0,0,0,0,0,0,0,0
257760,72,bully,1907,1,0,0,93,0,1302,0,1,72,255853,1907,0,94,0,0,0,LEADER,1,0,0,93,0,0,0,0,0,0,0,0,0,0,0
258171,63,bully,2316,1,0,0,93,0,1302,0,1,63,255855,2316,0,94,0,0,0,LEADER,1,0,0,93,0,0,0,0,0,0,0,0,0,0,0
257644,74,bully,1792,1,0,0,93,0,1302,0,1,74,255852,1792,0,94,0,0,0,LEADER,1,0,0,93,0,0,0,0,0,0,0,0,0,0,0
257386,48,bully,1534,1,0,0,93,0,1302,0,1,48,255852,1534,0,94,0,0,0,LEADER,1,0,0,93,0,0,0,0,0,0,0,0,0,0,0
257849,57,bully,1995,1,0,0,93,0,1302,0,1,57,255854,1995,0,94,0,0,0,LEADER,1,0,0,93,0,0,0,0,0,0,0,0,0,0,0
257917,68,bully,2065,1,0,0,93,0,1302,0,1,68,255852,2065,0,94,0,0,0,LEADER,1,0,0,93,0,0,0,0,0,0,0,0,0,0,0
257318,45,bully,1466,1,0,0,93,0,1302,0,1,45,255852,1466,0,94,0,0,0,LEADER,1,0,0,93,0,0,0,0,0,0,0,0,0,0,0
257675,93,bully,1823,1,0,0,93,0,1302,0,1,93,255852,1823,0,94,0,0,0,LEADER,1,0,0,93,0,0,0,0,0,0,0,0,0,0,0
258256,82,bully,2404,1,0,0,93,0,1302,0,1,82,255852,2404,0,94,0,0,0,LEADER,1,0,0,93,0,0,0,0,0,0,0,0,0,0,0
258250,51,bully,2398,1,0,0,93,0,1302,0,1,51,255852,2398,0,94,0,0,0,LEADER,1,0,0,93,0,0,0,0,0,0,0,0,0,0,0
257795,39,bully,1943,1,0,0,93,0,1302,0,1,39,255852,1943,0,94,0,0,0,LEADER,1,0,0,93,0,0,0,0,0,0,0,0,0,0,0
257541,78,bully,1689,1,0,0,93,0,1302,0,1,78,255852,1689,0,94,0,0,0,LEADER,1,0,0,93,0,0,0,0,0,0,0,0,0,0,0
257929,79,bully,2077,1,0,0,93,0,1302,0,1,79,255852,2077,0,94,0,0,0,LEADER,1,0,0,93,0,0,0,0,0,0,0,0,0,0,0
257504,14,bully,1652,1,0,0,93,0,1302,0,1,14,255852,1652,0,94,0,0,0,LEADER,1,0,0,93,0,0,0,0,0,0,0,0,0,0,0
257931,36,bully,2080,1,0,0,93,0,1302,0,1,36,255851,2080,0,94,0,0,0,LEADER,1,0,0,93,0,0,0,0,0,0,0,0,0,0,0
257814,81,bully,1962,1,0,0,93,0,1302,0,1,81,255852,1962,0,94,0,0,0,LEADER,1,0,0,93,0,0,0,0,0,0,0,0,0,0,0
257474,67,bully,1622,1,0,0,93,0,1302,0,1,67,255852,1622,0,94,0,0,0,LEADER,1,0,0,93,0,0,0,0,0,0,0,0,0,0,0
258235,83,bully,2383,1,0,0,93,0,1302,0,1,83,255852,2383,0,94,0,0,0,LEADER,1,0,0,93,0,0,0,0,0,0,0,0,0,0,0
258380,99,bully,1607,1,0,0,94,0,1316,0,1,99,256773,1607,0,95,0,0,0,LEADER,1,0,0,94,0,0,0,0,0,0,0,0,0,0,0
257556,55,bully,1704,1,0,0,93,0,1302,0,1,55,255852,1704,0,94,0,0,0,LEADER,1,0,0,93,0,0,0,0,0,0,0,0,0,0,0
258347,89,bully,1574,1,0,0,94,0,1316,0,1,89,256773,1574,0,95,0,0,0,LEADER,1,0,0,94,0,0,0,0,0,0,0,0,0,0,0
257508,77,bully,1656,1,0,0,93,0,1302,0,1,77,255852,1656,0,94,0,0,0,LEADER,1,0,0,93,0,0,0,0,0,0,0,0,0,0,0
257780,71,bully,1928,1,0,0,93,0,1302,0,1,71,255852,1928,0,94,0,0,0,LEADER,1,0,0,93,0,0,0,0,0,0,0,0,0,0,0
258057,76,bully,2213,1,0,0,93,0,1302,0,1,76,255844,2213,0,94,0,0,0,LEADER,1,0,0,93,0,0,0,0,0,0,0,0,0,0,0
257694,52,bully,1840,1,0,0,93,0,1302,0,1,52,255854,1840,0,94,0,0,0,LEADER,1,0,0,93,0,0,0,0,0,0,0,0,0,0,0
257659,10,bully,1807,1,0,0,93,0,1302,0,1,10,255852,1807,0,94,0,0,0,LEADER,1,0,0,93,0,0,0,0,0,0,0,0,0,0,0
257592,22,bully,1740,1,0,0,93,0,1302,0,1,22,255852,1740,0,94,0,0,0,LEADER,1,0,0,93,0,0,0,0,0,0,0,0,0,0,0
257737,21,bully,1889,1,0,0,93,0,1302,0,1,21,255848,1889,0,94,0,0,0,LEADER,1,0,0,93,0,0,0,0,0,0,0,0,0,0,0
257998,56,bully,2146,1,0,0,93,0,1302,0,1,56,255852,2146,0,94,0,0,0,LEADER,1,0,0,93,0,0,0,0,0,0,0,0,0,0,0
257523,60,bully,1671,1,0,0,93,0,1302,0,1,60,255852,1671,0,94,0,0,0,LEADER,1,0,0,93,0,0,0,0,0,0,0,0,0,0,0
258377,25,bully,1604,1,0,0,94,0,1316,0,1,25,256773,1604,0,95,0,0,0,LEADER,1,0,0,94,0,0,0,0,0,0,0,0,0,0,0
257589,65,bully,1737,1,0,0,93,0,1302,0,1,65,255852,1737,0,94,0,0,0,LEADER,1,0,0,93,0,0,0,0,0,0,0,0,0,0,0
258265,19,bully,2413,1,0,0,93,0,1302,0,1,19,255852,2413,0,94,0,0,0,LEADER,1,0,0,93,0,0,0,0,0,0,0,0,0,0,0
257895,69,bully,2043,1,0,0,93,0,1302,0,1,69,255852,2043,0,94,0,0,0,LEADER,1,0,0,93,0,0,0,0,0,0,0,0,0,0,0
258498,54,bully,1725,1,0,0,94,0,1316,0,1,54,256773,1725,0,95,0,0,0,LEADER,1,0,0,94,0,0,0,0,0,0,0,0,0,0,0
257844,17,bully,1992,1,0,0,93,0,1302,0,1,17,255852,1992,0,94,0,0,0,LEADER,1,0,0,93,0,0,0,0,0,0,0,0,0,0,0
258359,100,bully,1586,1,0,0,94,0,1316,0,1,100,256773,1586,0,95,0,0,0,LEADER,1,0,0,94,0,0,0,0,0,0,0,0,0,0,0
258322,16,bully,1549,1,0,0,94,0,1316,0,1,16,256773,1549,0,95,0,0,0,LEADER,1,0,0,94,0,0,0,0,0,0,0,0,0,0,0
257910,37,bully,2058,1,0,0,93,0,1302,0,1,37,255852,2058,0,94,0,0,0,LEADER,1,0,0,93,0,0,0,0,0,0,0,0,0,0,0
258547,13,bully,1774,1,0,0,94,0,1316,0,1,13,256773,1774,0,95,0,0,0,LEADER,1,0,0,94,0,0,0,0,0,0,0,0,0,0,0
257707,20,bully,1855,1,0,0,93,0,1302,0,1,20,255852,1855,0,94,0,0,0,LEADER,1,0,0,93,0,0,0,0,0,0,0,0,0,0,0
258340,41,bully,1567,1,0,0,94,0,1316,0,1,41,256773,1567,0,95,0,0,0,LEADER,1,0,0,94,0,0,0,0,0,0,0,0,0,0,0
258329,47,bully,1556,1,0,0,94,0,1316,0,1,47,256773,1556,0,95,0,0,0,LEADER,1,0,0,94,0,0,0,0,0,0,0,0,0,0,0
258154,95,bully,2301,1,0,0,93,0,1302,0,1,95,255853,2301,0,94,0,0,0,LEADER,1,0,0,93,0,0,0,0,0,0,0,0,0,0,0
258017,98,bully,2165,1,0,0,93,0,1302,0,1,98,255852,2165,0,94,0,0,0,LEADER,1,0,0,93,0,0,0,0,0,0,0,0,0,0,0
258201,73,bully,2349,1,0,0,93,0,1302,0,1,73,255852,2349,0,94,0,0,0,LEADER,1,0,0,93,0,0,0,0,0,0,0,0,0,0,0
257747,61,bully,1895,1,0,0,93,0,1302,0,1,61,255852,1895,0,94,0,0,0,LEADER,1,0,0,93,0,0,0,0,0,0,0,0,0,0,0
258495,97,bully,1722,1,0,0,94,0,1316,0,1,97,256773,1722,0,95,0,0,0,LEADER,1,0,0,94,0,0,0,0,0,0,0,0,0,0,0
258525,33,bully,1752,1,0,0,94,0,1316,0,1,33,256773,1752,0,95,0,0,0,LEADER,1,0,0,94,0,0,0,0,0,0,0,0,0,0,0
258183,31,bully,2331,1,0,0,93,0,1302,0,1,31,255852,2331,0,94,0,0,0,LEADER,1,0,0,93,0,0,0,0,0,0,0,0,0,0,0
258695,40,bully,1922,1,0,0,94,0,1316,0,1,40,256773,1922,0,95,0,0,0,LEADER,1,0,0,94,0,0,0,0,0,0,0,0,0,0,0
258685,29,bully,1910,1,0,0,94,0,1316,0,1,29,256775,1910,0,95,0,0,0,LEADER,1,0,0,94,0,0,0,0,0,0,0,0,0,0,0
258511,96,bully,1744,1,0,0,94,0,1316,0,1,96,256767,1744,0,95,0,0,0,LEADER,1,0,0,94,0,0,0,0,0,0,0,0,0,0,0
258598,84,bully,1825,1,0,0,94,0,1316,0,1,84,256773,1825,0,95,0,0,0,LEADER,1,0,0,94,0,0,0,0,0,0,0,0,0,0,0
258294,80,bully,1519,1,0,0,94,0,1316,0,1,80,256775,1519,0,95,0,0,0,LEADER,1,0,0,94,0,0,0,0,0,0,0,0,0,0,0
258135,53,bully,2283,1,0,0,93,0,1302,0,1,53,255852,2283,0,94,0,0,0,LEADER,1,0,0,93,0,0,0,0,0,0,0,0,0,0,0
258211,92,bully,1438,1,0,0,94,0,1316,0,1,92,256773,1438,0,95,0,0,0,LEADER,1,0,0,94,0,0,0,0,0,0,0,0,0,0,0
258381,91,bully,1619,1,0,0,94,0,1316,0,1,91,256762,1619,0,95,0,0,0,LEADER,1,0,0,94,0,0,0,0,0,0,0,0,0,0,0
258647,62,bully,1874,1,0,0,94,0,1316,0,1,62,256773,1874,0,95,0,0,0,LEADER,1,0,0,94,0,0,0,0,0,0,0,0,0,0,0
258344,15,bully,1571,1,0,0,94,0,1316,0,1,15,256773,1571,0,95,0,0,0,LEADER,1,0,0,94,0,0,0,0,0,0,0,0,0,0,0
258013,26,bully,2161,1,0,0,93,0,1302,0,1,26,255852,2161,0,94,0,0,0,LEADER,1,0,0,93,0,0,0,0,0,0,0,0,0,0,0
258750,49,bully,1977,1,0,0,94,0,1316,0,1,49,256773,1977,0,95,0,0,0,LEADER,1,0,0,94,0,0,0,0,0,0,0,0,0,0,0
258565,58,bully,1792,1,0,0,94,0,1316,0,1,58,256773,1792,0,95,0,0,0,LEADER,1,0,0,94,0,0,0,0,0,0,0,0,0,0,0
258098,86,bully,2246,1,0,0,93,0,1302,0,1,86,255852,2246,0,94,0,0,0,LEADER,1,0,0,93,0,0,0,0,0,0,0,0,0,0,0
258271,50,bully,2419,1,0,0,93,0,1302,0,1,50,255852,2419,0,94,0,0,0,LEADER,1,0,0,93,0,0,0,0,0,0,0,0,0,0,0
258121,85,bully,2268,1,0,0,93,0,1302,0,1,85,255853,2268,0,94,0,0,0,LEADER,1,0,0,93,0,0,0,0,0,0,0,0,0,0,0
258059,87,bully,2212,1,0,0,93,0,1302,0,1,87,255847,2212,0,94,0,0,0,LEADER,1,0,0,93,0,0,0,0,0,0,0,0,0,0,0
258268,64,bully,2416,1,0,0,93,0,1302,0,1,64,255852,2416,0,94,0,0,0,LEADER,1,0,0,93,0,0,0,0,0,0,0,0,0,0,0
258117,11,bully,2264,1,0,0,93,0,1302,0,1,11,255853,2264,0,94,0,0,0,LEADER,1,0,0,93,0,0,0,0,0,0,0,0,0,0,0
258207,18,bully,1434,1,0,0,94,0,1316,0,1,18,256773,1434,0,95,0,0,0,LEADER,1,0,0,94,0,0,0,0,0,0,0,0,0,0,0
258326,90,bully,1553,1,0,0,94,0,1316,0,1,90,256773,1553,0,95,0,0,0,LEADER,1,0,0,94,0,0,0,0,0,0,0,0,0,0,0
258220,35,bully,1447,1,0,0,94,0,1316,0,1,35,256773,1447,0,95,0,0,0,LEADER,1,0,0,94,0,0,0,0,0,0,0,0,0,0,0
258101,43,bully,2249,1,0,0,93,0,1302,0,1,43,255852,2249,0,94,0,0,0,LEADER,1,0,0,93,0,0,0,0,0,0,0,0,0,0,0
258240,28,bully,1467,1,0,0,94,0,1316,0,1,28,256773,1467,0,95,0,0,0,LEADER,1,0,0,94,0,0,0,0,0,0,0,0,0,0,0
258078,44,bully,2228,1,0,0,93,0,1302,0,1,44,255850,2228,0,94,0,0,0,LEADER,1,0,0,93,0,0,0,0,0,0,0,0,0,0,0
258914,23,bully,2141,1,0,0,94,0,1316,0,1,23,256773,2141,0,95,0,0,0,LEADER,1,0,0,94,0,0,0,0,0,0,0,0,0,0,0
258234,30,bully,1461,1,0,0,94,0,1316,0,1,30,256773,1461,0,95,0,0,0,LEADER,1,0,0,94,0,0,0,0,0,0,0,0,0,0,0
258634,94,bully,1859,1,0,0,94,0,1316,0,1,94,256775,1859,0,95,0,0,0,LEADER,1,0,0,94,0,0,0,0,0,0,0,0,0,0,0
258274,38,bully,1501,1,0,0,94,0,1316,0,1,38,256773,1501,0,95,0,0,0,LEADER,1,0,0,94,0,0,0,0,0,0,0,0,0,0,0
258953,66,bully,2180,1,0,0,94,0,1316,0,1,66,256773,2180,0,95,0,0,0,LEADER,1,0,0,94,0,0,0,0,0,0,0,0,0,0,0
258259,70,bully,1486,1,0,0,94,0,1316,0,1,70,256773,1486,0,95,0,0,0,LEADER,1,0,0,94,0,0,0,0,0,0,0,0,0,0,0
258904,88,bully,2131,1,0,0,94,0,1316,0,1,88,256773,2131,0,95,0,0,0,LEADER,1,0,0,94,0,0,0,0,0,0,0,0,0,0,0
258087,75,bully,2235,1,0,0,93,0,1302,0,1,75,255852,2235,0,94,0,0,0,LEADER,1,0,0,93,0,0,0,0,0,0,0,0,0,0,0
258097,12,bully,2243,1,0,0,93,0,1302,0,1,12,255854,2243,0,94,0,0,0,LEADER,1,0,0,93,0,0,0,0,0,0,0,0,0,0,0
258798,27,bully,2025,1,0,0,94,0,1316,0,1,27,256773,2025,0,95,0,0,0,LEADER,1,0,0,94,0,0,0,0,0,0,0,0,0,0,0
258287,42,bully,1514,1,0,0,94,0,1316,0,1,42,256773,1514,0,95,0,0,0,LEADER,1,0,0,94,0,0,0,0,0,0,0,0,0,0,0
258934,24,bully,2161,1,0,0,94,0,1316,0,1,24,256773,2161,0,95,0,0,0,LEADER,1,0,0,94,0,0,0,0,0,0,0,0,0,0,0
258886,46,bully,2113,1,0,0,94,0,1316,0,1,46,256773,2113,0,95,0,0,0,LEADER,1,0,0,94,0,0,0,0,0,0,0,0,0,0,0
258783,59,bully,2010,1,0,0,94,0,1316,0,1,59,256773,2010,0,95,0,0,0,LEADER,1,0,0,94,0,0,0,0,0,0,0,0,0,0,0
258411,34,bully,1637,1,0,0,94,0,1316,0,1,34,256774,1637,0,95,0,0,0,LEADER,1,0,0,94,0,0,0,0,0,0,0,0,0,0,0
259065,32,bully,2292,1,0,0,94,0,1316,0,1,32,256773,2292,0,95,0,0,0,LEADER,1,0,0,94,0,0,0,0,0,0,0,0,0,0,0
258681,72,bully,1907,1,0,0,94,0,1316,0,1,72,256774,1907,0,95,0,0,0,LEADER,1,0,0,94,0,0,0,0,0,0,0,0,0,0,0
259092,63,bully,2316,1,0,0,94,0,1316,0,1,63,256776,2316,0,95,0,0,0,LEADER,1,0,0,94,0,0,0,0,0,0,0,0,0,0,0
258565,74,bully,1792,1,0,0,94,0,1316,0,1,74,256773,1792,0,95,0,0,0,LEADER,1,0,0,94,0,0,0,0,0,0,0,0,0,0,0
258307,48,bully,1534,1,0,0,94,0,1316,0,1,48,256773,1534,0,95,0,0,0,LEADER,1,0,0,94,0,0,0,0,0,0,0,0,0,0,0
258770,57,bully,1995,1,0,0,94,0,1316,0,1,57,256775,1995,0,95,0,0,0,LEADER,1,0,0,94,0,0,0,0,0,0,0,0,0,0,0
258838,68,bully,2065,1,0,0,94,0,1316,0,1,68,256773,2065,0,95,0,0,0,LEADER,1,0,0,94,0,0,0,0,0,0,0,0,0,0,0
258239,45,bully,1466,1,0,0,94,0,1316,0,1,45,256773,1466,0,95,0,0,0,LEADER,1,0,0,94,0,0,0,0,0,0,0,0,0,0,0
258596,93,bully,1823,1,0,0,94,0,1316,0,1,93,256773,1823,0,95,0,0,0,LEADER,1,0,0,94,0,0,0,0,0,0,0,0,0,0,0
259177,82,bully,2404,1,0,0,94,0,1316,0,1,82,256773,2404,0,95,0,0,0,LEADER,1,0,0,94,0,0,0,0,0,0,0,0,0,0,0
259171,51,bully,2398,1,0,0,94,0,1316,0,1,51,256773,2398,0,95,0,0,0,LEADER,1,0,0,94,0,0,0,0,0,0,0,0,0,0,0
258716,39,bully,1943,1,0,0,94,0,1316,0,1,39,256773,1943,0,95,0,0,0,LEADER,1,0,0,94,0,0,0,0,0,0,0,0,0,0,0
258462,78,bully,1689,1,0,0,94,0,1316,0,1,78,256773,1689,0,95,0,0,0,LEADER,1,0,0,94,0,0,0,0,0,0,0,0,0,0,0
258850,79,bully,2077,1,0,0,94,0,1316,0,1,79,256773,2077,0,95,0,0,0,LEADER,1,0,0,94,0,0,0,0,0,0,0,0,0,0,0
258425,14,bully,1652,1,0,0,94,0,1316,0,1,14,256773,1652,0,95,0,0,0,LEADER,1,0,0,94,0,0,0,0,0,0,0,0,0,0,0
258852,36,bully,2080,1,0,0,94,0,1316,0,1,36,256772,2080,0,95,0,0,0,LEADER,1,0,0,94,0,0,0,0,0,0,0,0,0,0,0
258735,81,bully,1962,1,0,0,94,0,1316,0,1,81,256773,1962,0,95,0,0,0,LEADER,1,0,0,94,0,0,0,0,0,0,0,0,0,0,0
258395,67,bully,1622,1,0,0,94,0,1316,0,1,67,256773,1622,0,95,0,0,0,LEADER,1,0,0,94,0,0,0,0,0,0,0,0,0,0,0
259156,83,bully,2383,1,0,0,94,0,1316,0,1,83,256773,2383,0,95,0,0,0,LEADER,1,0,0,94,0,0,0,0,0,0,0,0,0,0,0
259300,99,bully,1607,1,0,0,94,0,1316,0,1,99,257693,1607,0,95,0,0,0,LEADER,1,0,0,94,0,0,0,0,0,0,0,0,0,0,0
258477,55,bully,1704,1,0,0,94,0,1316,0,1,55,256773,1704,0,95,0,0,0,LEADER,1,0,0,94,0,0,0,0,0,0,0,0,0,0,0
259267,89,bully,1574,1,0,0,94,0,1316,0,1,89,257693,1574,0,95,0,0,0,LEADER,1,0,0,94,0,0,0,0,0,0,0,0,0,0,0
258429,77,bully,1656,1,0,0,94,0,1316,0,1,77,256773,1656,0,95,0,0,0,LEADER,1,0,0,94,0,0,0,0,0,0,0,0,0,0,0
258701,71,bully,1928,1,0,0,94,0,1316,0,1,71,256773,1928,0,95,0,0,0,LEADER,1,0,0,94,0,0,0,0,0,0,0,0,0,0,0
258978,76,bully,2213,1,0,0,94,0,1316,0,1,76,256765,2213,0,95,0,0,0,LEADER,1,0,0,94,0,0,0,0,0,0,0,0,0,0,0
258615,52,bully,1840,1,0,0,94,0,1316,0,1,52,256775,1840,0,95,0,0,0,LEADER,1,0,0,94,0,0,0,0,0,0,0,0,0,0,0
258580,10,bully,1807,1,0,0,94,0,1316,0,1,10,256773,1807,0,95,0,0,0,LEADER,1,0,0,94,0,0,0,0,0,0,0,0,0,0,0
258513,22,bully,1740,1,0,0,94,0,1316,0,1,22,256773,1740,0,95,0,0,0,LEADER,1,0,0,94,0,0,0,0,0,0,0,0,0,0,0
258658,21,bully,1889,1,0,0,94,0,1316,0,1,21,256769,1889,0,95,0,0,0,LEADER,1,0,0,94,0,0,0,0,0,0,0,0,0,0,0
258919,56,bully,2146,1,0,0,94,0,1316,0,1,56,256773,2146,0,95,0,0,0,LEADER,1,0,0,94,0,0,0,0,0,0,0,0,0,0,0
258444,60,bully,1671,1,0,0,94,0,1316,0,1,60,256773,1671,0,95,0,0,0,LEADER,1,0,0,94,0,0,0,0,0,0,0,0,0,0,0
259297,25,bully,1604,1,0,0,94,0,1316,0,1,25,257693,1604,0,95,0,0,0,LEADER,1,0,0,94,0,0,0,0,0,0,0,0,0,0,0
258510,65,bully,1737,1,0,0,94,0,1316,0,1,65,256773,1737,0,95,0,0,0,LEADER,1,0,0,94,0,0,0,0,0,0,0,0,0,0,0
259186,19,bully,2413,1,0,0,94,0,1316,0,1,19,256773,2413,0,95,0,0,0,LEADER,1,0,0,94,0,0,0,0,0,0,0,0,0,0,0
258816,69,bully,2043,1,0,0,94,0,1316,0,1,69,256773,2043,0,95,0,0,0,LEADER,1,0,0,94,0,0,0,0,0,0,0,0,0,0,0
259418,54,bully,1725,1,0,0,94,0,1316,0,1,54,257693,1725,0,95,0,0,0,LEADER,1,0,0,94,0,0,0,0,0,0,0,0,0,0,0
258765,17,bully,1992,1,0,0,94,0,1316,0,1,17,256773,1992,0,95,0,0,0,LEADER,1,0,0,94,0,0,0,0,0,0,0,0,0,0,0
259279,100,bully,1586,1,0,0,94,0,1316,0,1,100,257693,1586,0,95,0,0,0,LEADER,1,0,0,94,0,0,0,0,0,0,0,0,0,0,0
259242,16,bully,1549,1,0,0,94,0,1316,0,1,16,257693,1549,0,95,0,0,0,LEADER,1,0,0,94,0,0,0,0,0,0,0,0,0,0,0
258831,37,bully,2058,1,0,0,94,0,1316,0,1,37,256773,2058,0,95,0,0,0,LEADER,1,0,0,94,0,0,0,0,0,0,0,0,0,0,0
259467,13,bully,1774,1,0,0,94,0,1316,0,1,13,257693,1774,0,95,0,0,0,LEADER,1,0,0,94,0,0,0,0,0,0,0,0,0,0,0
258628,20,bully,1855,1,0,0,94,0,1316,0,1,20,256773,1855,0,95,0,0,0,LEADER,1,0,0,94,0,0,0,0,0,0,0,0,0,0,0
259260,41,bully,1567,1,0,0,94,0,1316,0,1,41,257693,1567,0,95,0,0,0,LEADER,1,0,0,94,0,0,0,0,0,0,0,0,0,0,0
259249,47,bully,1556,1,0,0,94,0,1316,0,1,47,257693,1556,0,95,0,0,0,LEADER,1,0,0,94,0,0,0,0,0,0,0,0,0,0,0
259075,95,bully,2301,1,0,0,94,0,1316,0,1,95,256774,2301,0,95,0,0,0,LEADER,1,0,0,94,0,0,0,0,0,0,0,0,0,0,0
258938,98,bully,2165,1,0,0,94,0,1316,0,1,98,256773,2165,0,95,0,0,0,LEADER,1,0,0,94,0,0,0,0,0,0,0,0,0,0,0
259122,73,bully,2349,1,0,0,94,0,1316,0,1,73,256773,2349,0,95,0,0,0,LEADER,1,0,0,94,0,0,0,0,0,0,0,0,0,0,0
259445,33,bully,1752,1,0,0,94,0,1316,0,1,33,257693,1752,0,95,0,0,0,LEADER,1,0,0,94,0,0,0,0,0,0,0,0,0,0,0
259415,97,bully,1722,1,0,0,94,0,1316,0,1,97,257693,1722,0,95,0,0,0,LEADER,1,0,0,94,0,0,0,0,0,0,0,0,0,0,0
258668,61,bully,1895,1,0,0,94,0,1316,0,1,61,256773,1895,0,95,0,0,0,LEADER,1,0,0,94,0,0,0,0,0,0,0,0,0,0,0
259615,40,bully,1922,1,0,0,94,0,1316,0,1,40,257693,1922,0,95,0,0,0,LEADER,1,0,0,94,0,0,0,0,0,0,0,0,0,0,0
259104,31,bully,2331,1,0,0,94,0,1316,0,1,31,256773,2331,0,95,0,0,0,LEADER,1,0,0,94,0,0,0,0,0,0,0,0,0,0,0
259605,29,bully,1910,1,0,0,94,0,1316,0,1,29,257695,1910,0,95,0,0,0,LEADER,1,0,0,94,0,0,0,0,0,0,0,0,0,0,0
259431,96,bully,1744,1,0,0,94,0,1316,0,1,96,257687,1744,0,95,0,0,0,LEADER,1,0,0,94,0,0,0,0,0,0,0,0,0,0,0
259518,84,bully,1825,1,0,0,94,0,1316,0,1,84,257693,1825,0,95,0,0,0,LEADER,1,0,0,94,0,0,0,0,0,0,0,0,0,0,0
259214,80,bully,1519,1,0,0,94,0,1316,0,1,80,257695,1519,0,95,0,0,0,LEADER,1,0,0,94,0,0,0,0,0,0,0,0,0,0,0
259056,53,bully,2283,1,0,0,94,0,1316,0,1,53,256773,2283,0,95,0,0,0,LEADER,1,0,0,94,0,0,0,0,0,0,0,0,0,0,0
259131,92,bully,1438,1,0,0,94,0,1316,0,1,92,257693,1438,0,95,0,0,0,LEADER,1,0,0,94,0,0,0,0,0,0,0,0,0,0,0
259301,91,bully,1619,1,0,0,94,0,1316,0,1,91,257682,1619,0,95,0,0,0,LEADER,1,0,0,94,0,0,0,0,0,0,0,0,0,0,0
259567,62,bully,1874,1,0,0,94,0,1316,0,1,62,257693,1874,0,95,0,0,0,LEADER,1,0,0,94,0,0,0,0,0,0,0,0,0,0,0
259264,15,bully,1571,1,0,0,94,0,1316,0,1,15,257693,1571,0,95,0,0,0,LEADER,1,0,0,94,0,0,0,0,0,0,0,0,0,0,0
258934,26,bully,2161,1,0,0,94,0,1316,0,1,26,256773,2161,0,95,0,0,0,LEADER,1,0,0,94,0,0,0,0,0,0,0,0,0,0,0
259670,49,bully,1977,1,0,0,94,0,1316,0,1,49,257693,1977,0,95,0,0,0,LEADER,1,0,0,94,0,0,0,0,0,0,0,0,0,0,0
259485,58,bully,1792,1,0,0,94,0,1316,0,1,58,257693,1792,0,95,0,0,0,LEADER,1,0,0,94,0,0,0,0,0,0,0,0,0,0,0
259019,86,bully,2246,1,0,0,94,0,1316,0,1,86,256773,2246,0,95,0,0,0,LEADER,1,0,0,94,0,0,0,0,0,0,0,0,0,0,0
259192,50,bully,2419,1,0,0,94,0,1316,0,1,50,256773,2419,0,95,0,0,0,LEADER,1,0,0,94,0,0,0,0,0,0,0,0,0,0,0
258980,87,bully,2212,1,0,0,94,0,1316,0,1,87,256768,2212,0,95,0,0,0,LEADER,1,0,0,94,0,0,0,0,0,0,0,0,0,0,0
259042,85,bully,2268,1,0,0,94,0,1316,0,1,85,256774,2268,0,95,0,0,0,LEADER,1,0,0,94,0,0,0,0,0,0,0,0,0,0,0
259189,64,bully,2416,1,0,0,94,0,1316,0,1,64,256773,2416,0,95,0,0,0,LEADER,1,0,0,94,0,0,0,0,0,0,0,0,0,0,0
259127,18,bully,1434,1,0,0,94,0,1316,0,1,18,257693,1434,0,95,0,0,0,LEADER,1,0,0,94,0,0,0,0,0,0,0,0,0,0,0
259038,11,bully,2264,1,0,0,94,0,1316,0,1,11,256774,2264,0,95,0,0,0,LEADER,1,0,0,94,0,0,0,0,0,0,0,0,0,0,0
259246,90,bully,1553,1,0,0,94,0,1316,0,1,90,257693,1553,0,95,0,0,0,LEADER,1,0,0,94,0,0,0,0,0,0,0,0,0,0,0
259140,35,bully,1447,1,0,0,94,0,1316,0,1,35,257693,1447,0,95,0,0,0,LEADER,1,0,0,94,0,0,0,0,0,0,0,0,0,0,0
259022,43,bully,2249,1,0,0,94,0,1316,0,1,43,256773,2249,0,95,0,0,0,LEADER,1,0,0,94,0,0,0,0,0,0,0,0,0,0,0
259160,28,bully,1467,1,0,0,94,0,1316,0,1,28,257693,1467,0,95,0,0,0,LEADER,1,0,0,94,0,0,0,0,0,0,0,0,0,0,0
258999,44,bully,2228,1,0,0,94,0,1316,0,1,44,256771,2228,0,95,0,0,0,LEADER,1,0,0,94,0,0,0,0,0,0,0,0,0,0,0
259834,23,bully,2141,1,0,0,94,0,1316,0,1,23,257693,2141,0,95,0,0,0,LEADER,1,0,0,94,0,0,0,0,0,0,0,0,0,0,0
259154,30,bully,1461,1,0,0,94,0,1316,0,1,30,257693,1461,0,95,0,0,0,LEADER,1,0,0,94,0,0,0,0,0,0,0,0,0,0,0
259554,94,bully,1859,1,0,0,94,0,1316,0,1,94,257695,1859,0,95,0,0,0,LEADER,1,0,0,94,0,0,0,0,0,0,0,0,0,0,0
259194,38,bully,1501,1,0,0,94,0,1316,0,1,38,257693,1501,0,95,0,0,0,LEADER,1,0,0,94,0,0,0,0,0,0,0,0,0,0,0
259873,66,bully,2180,1,0,0,94,0,1316,0,1,66,257693,2180,0,95,0,0,0,LEADER,1,0,0,94,0,0,0,0,0,0,0,0,0,0,0
259179,70,bully,1486,1,0,0,94,0,1316,0,1,70,257693,1486,0,95,0,0,0,LEADER,1,0,0,94,0,0,0,0,0,0,0,0,0,0,0
259824,88,bully,2131,1,0,0,94,0,1316,0,1,88,257693,2131,0,95,0,0,0,LEADER,1,0,0,94,0,0,0,0,0,0,0,0,0,0,0
259008,75,bully,2235,1,0,0,94,0,1316,0,1,75,256773,2235,0,95,0,0,0,LEADER,1,0,0,94,0,0,0,0,0,0,0,0,0,0,0
259018,12,bully,2243,1,0,0,94,0,1316,0,1,12,256775,2243,0,95,0,0,0,LEADER,1,0,0,94,0,0,0,0,0,0,0,0,0,0,0
259718,27,bully,2025,1,0,0,94,0,1316,0,1,27,257693,2025,0,95,0,0,0,LEADER,1,0,0,94,0,0,0,0,0,0,0,0,0,0,0
259207,42,bully,1514,1,0,0,94,0,1316,0,1,42,257693,1514,0,95,0,0,0,LEADER,1,0,0,94,0,0,0,0,0,0,0,0,0,0,0
259854,24,bully,2161,1,0,0,94,0,1316,0,1,24,257693,2161,0,95,0,0,0,LEADER,1,0,0,94,0,0,0,0,0,0,0,0,0,0,0
259806,46,bully,2113,1,0,0,94,0,1316,0,1,46,257693,2113,0,95,0,0,0,LEADER,1,0,0,94,0,0,0,0,0,0,0,0,0,0,0
259703,59,bully,2010,1,0,0,94,0,1316,0,1,59,257693,2010,0,95,0,0,0,LEADER,1,0,0,94,0,0,0,0,0,0,0,0,0,0,0
259331,34,bully,1637,1,0,0,94,0,1316,0,1,34,257694,1637,0,95,0,0,0,LEADER,1,0,0,94,0,0,0,0,0,0,0,0,0,0,0
259985,32,bully,2292,1,0,0,94,0,1316,0,1,32,257693,2292,0,95,0,0,0,LEADER,1,0,0,94,0,0,0,0,0,0,0,0,0,0,0
259601,72,bully,1907,1,0,0,94,0,1316,0,1,72,257694,1907,0,95,0,0,0,LEADER,1,0,0,94,0,0,0,0,0,0,0,0,0,0,0
260012,63,bully,2316,1,0,0,94,0,1316,0,1,63,257696,2316,0,95,0,0,0,LEADER,1,0,0,94,0,0,0,0,0,0,0,0,0,0,0
259485,74,bully,1792,1,0,0,94,0,1316,0,1,74,257693,1792,0,95,0,0,0,LEADER,1,0,0,94,0,0,0,0,0,0,0,0,0,0,0
259227,48,bully,1534,1,0,0,94,0,1316,0,1,48,257693,1534,0,95,0,0,0,LEADER,1,0,0,94,0,0,0,0,0,0,0,0,0,0,0
259690,57,bully,1995,1,0,0,94,0,1316,0,1,57,257695,1995,0,95,0,0,0,LEADER,1,0,0,94,0,0,0,0,0,0,0,0,0,0,0
259758,68,bully,2065,1,0,0,94,0,1316,0,1,68,257693,2065,0,95,0,0,0,LEADER,1,0,0,94,0,0,0,0,0,0,0,0,0,0,0
259159,45,bully,1466,1,0,0,94,0,1316,0,1,45,257693,1466,0,95,0,0,0,LEADER,1,0,0,94,0,0,0,0,0,0,0,0,0,0,0
259516,93,bully,1823,1,0,0,94,0,1316,0,1,93,257693,1823,0,95,0,0,0,LEADER,1,0,0,94,0,0,0,0,0,0,0,0,0,0,0
260097,82,bully,2404,1,0,0,94,0,1316,0,1,82,257693,2404,0,95,0,0,0,LEADER,1,0,0,94,0,0,0,0,0,0,0,0,0,0,0
260091,51,bully,2398,1,0,0,94,0,1316,0,1,51,257693,2398,0,95,0,0,0,LEADER,1,0,0,94,0,0,0,0,0,0,0,0,0,0,0
259636,39,bully,1943,1,0,0,94,0,1316,0,1,39,257693,1943,0,95,0,0,0,LEADER,1,0,0,94,0,0,0,0,0,0,0,0,0,0,0
259382,78,bully,1689,1,0,0,94,0,1316,0,1,78,257693,1689,0,95,0,0,0,LEADER,1,0,0,94,0,0,0,0,0,0,0,0,0,0,0
259770,79,bully,2077,1,0,0,94,0,1316,0,1,79,257693,2077,0,95,0,0,0,LEADER,1,0,0,94,0,0,0,0,0,0,0,0,0,0,0
259345,14,bully,1652,1,0,0,94,0,1316,0,1,14,257693,1652,0,95,0,0,0,LEADER,1,0,0,94,0,0,0,0,0,0,0,0,0,0,0
259772,36,bully,2080,1,0,0,94,0,1316,0,1,36,257692,2080,0,95,0,0,0,LEADER,1,0,0,94,0,0,0,0,0,0,0,0,0,0,0
259655,81,bully,1962,1,0,0,94,0,1316,0,1,81,257693,1962,0,95,0,0,0,LEADER,1,0,0,94,0,0,0,0,0,0,0,0,0,0,0
259315,67,bully,1622,1,0,0,94,0,1316,0,1,67,257693,1622,0,95,0,0,0,LEADER,1,0,0,94,0,0,0,0,0,0,0,0,0,0,0
260076,83,bully,2383,1,0,0,94,0,1316,0,1,83,257693,2383,0,95,0,0,0,LEADER,1,0,0,94,0,0,0,0,0,0,0,0,0,0,0
260220,99,bully,1607,1,0,0,94,0,1316,0,1,99,258613,1607,0,95,0,0,0,LEADER,1,0,0,94,0,0,0,0,0,0,0,0,0,0,0
259397,55,bully,1704,1,0,0,94,0,1316,0,1,55,257693,1704,0,95,0,0,0,LEADER,1,0,0,94,0,0,0,0,0,0,0,0,0,0,0
260187,89,bully,1574,1,0,0,94,0,1316,0,1,89,258613,1574,0,95,0,0,0,LEADER,1,0,0,94,0,0,0,0,0,0,0,0,0,0,0
259349,77,bully,1656,1,0,0,94,0,1316,0,1,77,257693,1656,0,95,0,0,0,LEADER,1,0,0,94,0,0,0,0,0,0,0,0,0,0,0
259621,71,bully,1928,1,0,0,94,0,1316,0,1,71,257693,1928,0,95,0,0,0,LEADER,1,0,0,94,0,0,0,0,0,0,0,0,0,0,0
259898,76,bully,2213,1,0,0,94,0,1316,0,1,76,257685,2213,0,95,0,0,0,LEADER,1,0,0,94,0,0,0,0,0,0,0,0,0,0,0
259535,52,bully,1840,1,0,0,94,0,1316,0,1,52,257695,1840,0,95,0,0,0,LEADER,1,0,0,94,0,0,0,0,0,0,0,0,0,0,0
259500,10,bully,1807,1,0,0,94,0,1316,0,1,10,257693,1807,0,95,0,0,0,LEADER,1,0,0,94,0,0,0,0,0,0,0,0,0,0,0
259433,22,bully,1740,1,0,0,94,0,1316,0,1,22,257693,1740,0,95,0,0,0,LEADER,1,0,0,94,0,0,0,0,0,0,0,0,0,0,0
259578,21,bully,1889,1,0,0,94,0,1316,0,1,21,257689,1889,0,95,0,0,0,LEADER,1,0,0,94,0,0,0,0,0,0,0,0,0,0,0
259839,56,bully,2146,1,0,0,94,0,1316,0,1,56,257693,2146,0,95,0,0,0,LEADER,1,0,0,94,0,0,0,0,0,0,0,0,0,0,0
259364,60,bully,1671,1,0,0,94,0,1316,0,1,60,257693,1671,0,95,0,0,0,LEADER,1,0,0,94,0,0,0,0,0,0,0,0,0,0,0
260217,25,bully,1604,1,0,0,94,0,1316,0,1,25,258613,1604,0,95,0,0,0,LEADER,1,0,0,94,0,0,0,0,0,0,0,0,0,0,0
259430,65,bully,1737,1,0,0,94,0,1316,0,1,65,257693,1737,0,95,0,0,0,LEADER,1,0,0,94,0,0,0,0,0,0,0,0,0,0,0
260106,19,bully,2413,1,0,0,94,0,1316,0,1,19,257693,2413,0,95,0,0,0,LEADER,1,0,0,94,0,0,0,0,0,0,0,0,0,0,0
259736,69,bully,2043,1,0,0,94,0,1316,0,1,69,257693,2043,0,95,0,0,0,LEADER,1,0,0,94,0,0,0,0,0,0,0,0,0,0,0
260338,54,bully,1725,1,0,0,94,0,1316,0,1,54,258613,1725,0,95,0,0,0,LEADER,1,0,0,94,0,0,0,0,0,0,0,0,0,0,0
259685,17,bully,1992,1,0,0,94,0,1316,0,1,17,257693,1992,0,95,0,0,0,LEADER,1,0,0,94,0,0,0,0,0,0,0,0,0,0,0
260199,100,bully,1586,1,0,0,94,0,1316,0,1,100,258613,1586,0,95,0,0,0,LEADER,1,0,0,94,0,0,0,0,0,0,0,0,0,0,0
260162,16,bully,1549,1,0,0,94,0,1316,0,1,16,258613,1549,0,95,0,0,0,LEADER,1,0,0,94,0,0,0,0,0,0,0,0,0,0,0
259751,37,bully,2058,1,0,0,94,0,1316,0,1,37,257693,2058,0,95,0,0,0,LEADER,1,0,0,94,0,0,0,0,0,0,0,0,0,0,0
260387,13,bully,1774,1,0,0,94,0,1316,0,1,13,258613,1774,0,95,0,0,0,LEADER,1,0,0,94,0,0,0,0,0,0,0,0,0,0,0
259548,20,bully,1855,1,0,0,94,0,1316,0,1,20,257693,1855,0,95,0,0,0,LEADER,1,0,0,94,0,0,0,0,0,0,0,0,0,0,0
260180,41,bully,1567,1,0,0,94,0,1316,0,1,41,258613,1567,0,95,0,0,0,LEADER,1,0,0,94,0,0,0,0,0,0,0,0,0,0,0
260169,47,bully,1556,1,0,0,94,0,1316,0,1,47,258613,1556,0,95,0,0,0,LEADER,1,0,0,94,0,0,0,0,0,0,0,0,0,0,0
259995,95,bully,2301,1,0,0,94,0,1316,0,1,95,257694,2301,0,95,0,0,0,LEADER,1,0,0,94,0,0,0,0,0,0,0,0,0,0,0
259858,98,bully,2165,1,0,0,94,0,1316,0,1,98,257693,2165,0,95,0,0,0,LEADER,1,0,0,94,0,0,0,0,0,0,0,0,0,0,0
260042,73,bully,2349,1,0,0,94,0,1316,0,1,73,257693,2349,0,95,0,0,0,LEADER,1,0,0,94,0,0,0,0,0,0,0,0,0,0,0
260365,33,bully,1752,1,0,0,94,0,1316,0,1,33,258613,1752,0,95,0,0,0,LEADER,1,0,0,94,0,0,0,0,0,0,0,0,0,0,0
260335,97,bully,1722,1,0,0,94,0,1316,0,1,97,258613,1722,0,95,0,0,0,LEADER,1,0,0,94,0,0,0,0,0,0,0,0,0,0,0
259588,61,bully,1895,1,0,0,94,0,1316,0,1,61,257693,1895,0,95,0,0,0,LEADER,1,0,0,94,0,0,0,0,0,0,0,0,0,0,0
260535,40,bully,1922,1,0,0,94,0,1316,0,1,40,258613,1922,0,95,0,0,0,LEADER,1,0,0,94,0,0,0,0,0,0,0,0,0,0,0
260024,31,bully,2331,1,0,0,94,0,1316,0,1,31,257693,2331,0,95,0,0,0,LEADER,1,0,0,94,0,0,0,0,0,0,0,0,0,0,0
260525,29,bully,1910,1,0,0,94,0,1316,0,1,29,258615,1910,0,95,0,0,0,LEADER,1,0,0,94,0,0,0,0,0,0,0,0,0,0,0
260351,96,bully,1744,1,0,0,94,0,1316,0,1,96,258607,1744,0,95,0,0,0,LEADER,1,0,0,94,0,0,0,0,0,0,0,0,0,0,0
260438,84,bully,1825,1,0,0,94,0,1316,0,1,84,258613,1825,0,95,0,0,0,LEADER,1,0,0,94,0,0,0,0,0,0,0,0,0,0,0
260134,80,bully,1519,1,0,0,94,0,1316,0,1,80,258615,1519,0,95,0,0,0,LEADER,1,0,0,94,0,0,0,0,0,0,0,0,0,0,0
259976,53,bully,2283,1,0,0,94,0,1316,0,1,53,257693,2283,0,95,0,0,0,LEADER,1,0,0,94,0,0,0,0,0,0,0,0,0,0,0
260051,92,bully,1438,1,0,0,94,0,1316,0,1,92,258613,1438,0,95,0,0,0,LEADER,1,0,0,94,0,0,0,0,0,0,0,0,0,0,0
260221,91,bully,1619,1,0,0,94,0,1316,0,1,91,258602,1619,0,95,0,0,0,LEADER,1,0,0,94,0,0,0,0,0,0,0,0,0,0,0
260487,62,bully,1874,1,0,0,94,0,1316,0,1,62,258613,1874,0,95,0,0,0,LEADER,1,0,0,94,0,0,0,0,0,0,0,0,0,0,0
260184,15,bully,1571,1,0,0,94,0,1316,0,1,15,258613,1571,0,95,0,0,0,LEADER,1,0,0,94,0,0,0,0,0,0,0,0,0,0,0
259854,26,bully,2161,1,0,0,94,0,1316,0,1,26,257693,2161,0,95,0,0,0,LEADER,1,0,0,94,0,0,0,0,0,0,0,0,0,0,0
260590,49,bully,1977,1,0,0,94,0,1316,0,1,49,258613,1977,0,95,0,0,0,LEADER,1,0,0,94,0,0,0,0,0,0,0,0,0,0,0
260405,58,bully,1792,1,0,0,94,0,1316,0,1,58,258613,1792,0,95,0,0,0,LEADER,1,0,0,94,0,0,0,0,0,0,0,0,0,0,0
259939,86,bully,2246,1,0,0,94,0,1316,0,1,86,257693,2246,0,95,0,0,0,LEADER,1,0,0,94,0,0,0,0,0,0,0,0,0,0,0
260112,50,bully,2419,1,0,0,94,0,1316,0,1,50,257693,2419,0,95,0,0,0,LEADER,1,0,0,94,0,0,0,0,0,0,0,0,0,0,0
259900,87,bully,2212,1,0,0,94,0,1316,0,1,87,257688,2212,0,95,0,0,0,LEADER,1,0,0,94,0,0,0,0,0,0,0,0,0,0,0
259962,85,bully,2268,1,0,0,94,0,1316,0,1,85,257694,2268,0,95,0,0,0,LEADER,1,0,0,94,0,0,0,0,0,0,0,0,0,0,0
260109,64,bully,2416,1,0,0,94,0,1316,0,1,64,257693,2416,0,95,0,0,0,LEADER,1,0,0,94,0,0,0,0,0,0,0,0,0,0,0
260047,18,bully,1434,1,0,0,94,0,1316,0,1,18,258613,1434,0,95,0,0,0,LEADER,1,0,0,94,0,0,0,0,0,0,0,0,0,0,0
259958,11,bully,2264,1,0,0,94,0,1316,0,1,11,257694,2264,0,95,0,0,0,LEADER,1,0,0,94,0,0,0,0,0,0,0,0,0,0,0
260166,90,bully,1553,1,0,0,94,0,1316,0,1,90,258613,1553,0,95,0,0,0,LEADER,1,0,0,94,0,0,0,0,0,0,0,0,0,0,0
260060,35,bully,1447,1,0,0,94,0,1316,0,1,35,258613,1447,0,95,0,0,0,LEADER,1,0,0,94,0,0,0,0,0,0,0,0,0,0,0
259942,43,bully,2249,1,0,0,94,0,1316,0,1,43,257693,2249,0,95,0,0,0,LEADER,1,0,0,94,0,0,0,0,0,0,0,0,0,0,0
260080,28,bully,1467,1,0,0,94,0,1316,0,1,28,258613,1467,0,95,0,0,0,LEADER,1,0,0,94,0,0,0,0,0,0,0,0,0,0,0
259919,44,bully,2228,1,0,0,94,0,1316,0,1,44,257691,2228,0,95,0,0,0,LEADER,1,0,0,94,0,0,0,0,0,0,0,0,0,0,0
260754,23,bully,2141,1,0,0,94,0,1316,0,1,23,258613,2141,0,95,0,0,0,LEADER,1,0,0,94,0,0,0,0,0,0,0,0,0,0,0
260074,30,bully,1461,1,0,0,94,0,1316,0,1,30,258613,1461,0,95,0,0,0,LEADER,1,0,0,94,0,0,0,0,0,0,0,0,0,0,0
260474,94,bully,1859,1,0,0,94,0,1316,0,1,94,258615,1859,0,95,0,0,0,LEADER,1,0,0,94,0,0,0,0,0,0,0,0,0,0,0
260114,38,bully,1501,1,0,0,94,0,1316,0,1,38,258613,1501,0,95,0,0,0,LEADER,1,0,0,94,0,0,0,0,0,0,0,0,0,0,0
260793,66,bully,2180,1,0,0,94,0,1316,0,1,66,258613,2180,0,95,0,0,0,LEADER,1,0,0,94,0,0,0,0,0,0,0,0,0,0,0
260099,70,bully,1486,1,0,0,94,0,1316,0,1,70,258613,1486,0,95,0,0,0,LEADER,1,0,0,94,0,0,0,0,0,0,0,0,0,0,0
260744,88,bully,2131,1,0,0,94,0,1316,0,1,88,258613,2131,0,95,0,0,0,LEADER,1,0,0,94,0,0,0,0,0,0,0,0,0,0,0
259928,75,bully,2235,1,0,0,94,0,1316,0,1,75,257693,2235,0,95,0,0,0,LEADER,1,0,0,94,0,0,0,0,0,0,0,0,0,0,0
259938,12,bully,2243,1,0,0,94,0,1316,0,1,12,257695,2243,0,95,0,0,0,LEADER,1,0,0,94,0,0,0,0,0,0,0,0,0,0,0
260638,27,bully,2025,1,0,0,94,0,1316,0,1,27,258613,2025,0,95,0,0,0,LEADER,1,0,0,94,0,0,0,0,0,0,0,0,0,0,0
260127,42,bully,1514,1,0,0,94,0,1316,0,1,42,258613,1514,0,95,0,0,0,LEADER,1,0,0,94,0,0,0,0,0,0,0,0,0,0,0
260774,24,bully,2161,1,0,0,94,0,1316,0,1,24,258613,2161,0,95,0,0,0,LEADER,1,0,0,94,0,0,0,0,0,0,0,0,0,0,0
260726,46,bully,2113,1,0,0,94,0,1316,0,1,46,258613,2113,0,95,0,0,0,LEADER,1,0,0,94,0,0,0,0,0,0,0,0,0,0,0
260623,59,bully,2010,1,0,0,94,0,1316,0,1,59,258613,2010,0,95,0,0,0,LEADER,1,0,0,94,0,0,0,0,0,0,0,0,0,0,0
260905,32,bully,2292,1,0,0,94,0,1316,0,1,32,258613,2292,0,95,0,0,0,LEADER,1,0,0,94,0,0,0,0,0,0,0,0,0,0,0
260251,34,bully,1637,1,0,0,94,0,1316,0,1,34,258614,1637,0,95,0,0,0,LEADER,1,0,0,94,0,0,0,0,0,0,0,0,0,0,0
260521,72,bully,1907,1,0,0,94,0,1316,0,1,72,258614,1907,0,95,0,0,0,LEADER,1,0,0,94,0,0,0,0,0,0,0,0,0,0,0
260932,63,bully,2316,1,0,0,94,0,1316,0,1,63,258616,2316,0,95,0,0,0,LEADER,1,0,0,94,0,0,0,0,0,0,0,0,0,0,0
260405,74,bully,1792,1,0,0,94,0,1316,0,1,74,258613,1792,0,95,0,0,0,LEADER,1,0,0,94,0,0,0,0,0,0,0,0,0,0,0
260147,48,bully,1534,1,0,0,94,0,1316,0,1,48,258613,1534,0,95,0,0,0,LEADER,1,0,0,94,0,0,0,0,0,0,0,0,0,0,0
260610,57,bully,1995,1,0,0,94,0,1316,0,1,57,258615,1995,0,95,0,0,0,LEADER,1,0,0,94,0,0,0,0,0,0,0,0,0,0,0
260678,68,bully,2065,1,0,0,94,0,1316,0,1,68,258613,2065,0,95,0,0,0,LEADER,1,0,0,94,0,0,0,0,0,0,0,0,0,0,0
260079,45,bully,1466,1,0,0,94,0,1316,0,1,45,258613,1466,0,95,0,0,0,LEADER,1,0,0,94,0,0,0,0,0,0,0,0,0,0,0
260436,93,bully,1823,1,0,0,94,0,1316,0,1,93,258613,1823,0,95,0,0,0,LEADER,1,0,0,94,0,0,0,0,0,0,0,0,0,0,0
261017,82,bully,2404,1,0,0,94,0,1316,0,1,82,258613,2404,0,95,0,0,0,LEADER,1,0,0,94,0,0,0,0,0,0,0,0,0,0,0
261011,51,bully,2398,1,0,0,94,0,1316,0,1,51,258613,2398,0,95,0,0,0,LEADER,1,0,0,94,0,0,0,0,0,0,0,0,0,0,0
260556,39,bully,1943,1,0,0,94,0,1316,0,1,39,258613,1943,0,95,0,0,0,LEADER,1,0,0,94,0,0,0,0,0,0,0,0,0,0,0
260302,78,bully,1689,1,0,0,94,0,1316,0,1,78,258613,1689,0,95,0,0,0,LEADER,1,0,0,94,0,0,0,0,0,0,0,0,0,0,0
260690,79,bully,2077,1,0,0,94,0,1316,0,1,79,258613,2077,0,95,0,0,0,LEADER,1,0,0,94,0,0,0,0,0,0,0,0,0,0,0
260265,14,bully,1652,1,0,0,94,0,1316,0,1,14,258613,1652,0,95,0,0,0,LEADER,1,0,0,94,0,0,0,0,0,0,0,0,0,0,0
260692,36,bully,2080,1,0,0,94,0,1316,0,1,36,258612,2080,0,95,0,0,0,LEADER,1,0,0,94,0,0,0,0,0,0,0,0,0,0,0
260575,81,bully,1962,1,0,0,94,0,1316,0,1,81,258613,1962,0,95,0,0,0,LEADER,1,0,0,94,0,0,0,0,0,0,0,0,0,0,0
260235,67,bully,1622,1,0,0,94,0,1316,0,1,67,258613,1622,0,95,0,0,0,LEADER,1,0,0,94,0,0,0,0,0,0,0,0,0,0,0
260996,83,bully,2383,1,0,0,94,0,1316,0,1,83,258613,2383,0,95,0,0,0,LEADER,1,0,0,94,0,0,0,0,0,0,0,0,0,0,0
261141,99,bully,1607,1,0,0,95,0,1330,0,1,99,259534,1607,0,96,0,0,0,LEADER,1,0,0,95,0,0,0,0,0,0,0,0,0,0,0
260317,55,bully,1704,1,0,0,94,0,1316,0,1,55,258613,1704,0,95,0,0,0,LEADER,1,0,0,94,0,0,0,0,0,0,0,0,0,0,0
261108,89,bully,1574,1,0,0,95,0,1330,0,1,89,259534,1574,0,96,0,0,0,LEADER,1,0,0,95,0,0,0,0,0,0,0,0,0,0,0
260269,77,bully,1656,1,0,0,94,0,1316,0,1,77,258613,1656,0,95,0,0,0,LEADER,1,0,0,94,0,0,0,0,0,0,0,0,0,0,0
260541,71,bully,1928,1,0,0,94,0,1316,0,1,71,258613,1928,0,95,0,0,0,LEADER,1,0,0,94,0,0,0,0,0,0,0,0,0,0,0
260818,76,bully,2213,1,0,0,94,0,1316,0,1,76,258605,2213,0,95,0,0,0,LEADER,1,0,0,94,0,0,0,0,0,0,0,0,0,0,0
260455,52,bully,1840,1,0,0,94,0,1316,0,1,52,258615,1840,0,95,0,0,0,LEADER,1,0,0,94,0,0,0,0,0,0,0,0,0,0,0
260420,10,bully,1807,1,0,0,94,0,1316,0,1,10,258613,1807,0,95,0,0,0,LEADER,1,0,0,94,0,0,0,0,0,0,0,0,0,0,0
260353,22,bully,1740,1,0,0,94,0,1316,0,1,22,258613,1740,0,95,0,0,0,LEADER,1,0,0,94,0,0,0,0,0,0,0,0,0,0,0
260498,21,bully,1889,1,0,0,94,0,1316,0,1,21,258609,1889,0,95,0,0,0,LEADER,1,0,0,94,0,0,0,0,0,0,0,0,0,0,0
260759,56,bully,2146,1,0,0,94,0,1316,0,1,56,258613,2146,0,95,0,0,0,LEADER,1,0,0,94,0,0,0,0,0,0,0,0,0,0,0
260284,60,bully,1671,1,0,0,94,0,1316,0,1,60,258613,1671,0,95,0,0,0,LEADER,1,0,0,94,0,0,0,0,0,0,0,0,0,0,0
261138,25,bully,1604,1,0,0,95,0,1330,0,1,25,259534,1604,0,96,0,0,0,LEADER,1,0,0,95,0,0,0,0,0,0,0,0,0,0,0
260350,65,bully,1737,1,0,0,94,0,1316,0,1,65,258613,1737,0,95,0,0,0,LEADER,1,0,0,94,0,0,0,0,0,0,0,0,0,0,0
261026,19,bully,2413,1,0,0,94,0,1316,0,1,19,258613,2413,0,95,0,0,0,LEADER,1,0,0,94,0,0,0,0,0,0,0,0,0,0,0
260656,69,bully,2043,1,0,0,94,0,1316,0,1,69,258613,2043,0,95,0,0,0,LEADER,1,0,0,94,0,0,0,0,0,0,0,0,0,0,0
261259,54,bully,1725,1,0,0,95,0,1330,0,1,54,259534,1725,0,96,0,0,0,LEADER,1,0,0,95,0,0,0,0,0,0,0,0,0,0,0
260605,17,bully,1992,1,0,0,94,0,1316,0,1,17,258613,1992,0,95,0,0,0,LEADER,1,0,0,94,0,0,0,0,0,0,0,0,0,0,0
261120,100,bully,1586,1,0,0,95,0,1330,0,1,100,259534,1586,0,96,0,0,0,LEADER,1,0,0,95,0,0,0,0,0,0,0,0,0,0,0
261083,16,bully,1549,1,0,0,95,0,1330,0,1,16,259534,1549,0,96,0,0,0,LEADER,1,0,0,95,0,0,0,0,0,0,0,0,0,0,0
260671,37,bully,2058,1,0,0,94,0,1316,0,1,37,258613,2058,0,95,0,0,0,LEADER,1,0,0,94,0,0,0,0,0,0,0,0,0,0,0
261308,13,bully,1774,1,0,0,95,0,1330,0,1,13,259534,1774,0,96,0,0,0,LEADER,1,0,0,95,0,0,0,0,0,0,0,0,0,0,0
260468,20,bully,1855,1,0,0,94,0,1316,0,1,20,258613,1855,0,95,0,0,0,LEADER,1,0,0,94,0,0,0,0,0,0,0,0,0,0,0
261101,41,bully,1567,1,0,0,95,0,1330,0,1,41,259534,1567,0,96,0,0,0,LEADER,1,0,0,95,0,0,0,0,0,0,0,0,0,0,0
261090,47,bully,1556,1,0,0,95,0,1330,0,1,47,259534,1556,0,96,0,0,0,LEADER,1,0,0,95,0,0,0,0,0,0,0,0,0,0,0
260915,95,bully,2301,1,0,0,94,0,1316,0,1,95,258614,2301,0,95,0,0,0,LEADER,1,0,0,94,0,0,0,0,0,0,0,0,0,0,0
260778,98,bully,2165,1,0,0,94,0,1316,0,1,98,258613,2165,0,95,0,0,0,LEADER,1,0,0,94,0,0,0,0,0,0,0,0,0,0,0
260962,73,bully,2349,1,0,0,94,0,1316,0,1,73,258613,2349,0,95,0,0,0,LEADER,1,0,0,94,0,0,0,0,0,0,0,0,0,0,0
260508,61,bully,1895,1,0,0,94,0,1316,0,1,61,258613,1895,0,95,0,0,0,LEADER,1,0,0,94,0,0,0,0,0,0,0,0,0,0,0
261256,97,bully,1722,1,0,0,95,0,1330,0,1,97,259534,1722,0,96,0,0,0,LEADER,1,0,0,95,0,0,0,0,0,0,0,0,0,0,0
261286,33,bully,1752,1,0,0,95,0,1330,0,1,33,259534,1752,0,96,0,0,0,LEADER,1,0,0,95,0,0,0,0,0,0,0,0,0,0,0
260944,31,bully,2331,1,0,0,94,0,1316,0,1,31,258613,2331,0,95,0,0,0,LEADER,1,0,0,94,0,0,0,0,0,0,0,0,0,0,0
261456,40,bully,1922,1,0,0,95,0,1330,0,1,40,259534,1922,0,96,0,0,0,LEADER,1,0,0,95,0,0,0,0,0,0,0,0,0,0,0
261446,29,bully,1910,1,0,0,95,0,1330,0,1,29,259536,1910,0,96,0,0,0,LEADER,1,0,0,95,0,0,0,0,0,0,0,0,0,0,0
261272,96,bully,1744,1,0,0,95,0,1330,0,1,96,259528,1744,0,96,0,0,0,LEADER,1,0,0,95,0,0,0,0,0,0,0,0,0,0,0
261359,84,bully,1825,1,0,0,95,0,1330,0,1,84,259534,1825,0,96,0,0,0,LEADER,1,0,0,95,0,0,0,0,0,0,0,0,0,0,0
261055,80,bully,1519,1,0,0,95,0,1330,0,1,80,259536,1519,0,96,0,0,0,LEADER,1,0,0,95,0,0,0,0,0,0,0,0,0,0,0
260896,53,bully,2283,1,0,0,94,0,1316,0,1,53,258613,2283,0,95,0,0,0,LEADER,1,0,0,94,0,0,0,0,0,0,0,0,0,0,0
260972,92,bully,1438,1,0,0,95,0,1330,0,1,92,259534,1438,0,96,0,0,0,LEADER,1,0,0,95,0,0,0,0,0,0,0,0,0,0,0
261142,91,bully,1619,1,0,0,95,0,1330,0,1,91,259523,1619,0,96,0,0,0,LEADER,1,0,0,95,0,0,0,0,0,0,0,0,0,0,0
261408,62,bully,1874,1,0,0,95,0,1330,0,1,62,259534,1874,0,96,0,0,0,LEADER,1,0,0,95,0,0,0,0,0,0,0,0,0,0,0
261105,15,bully,1571,1,0,0,95,0,1330,0,1,15,259534,1571,0,96,0,0,0,LEADER,1,0,0,95,0,0,0,0,0,0,0,0,0,0,0
260774,26,bully,2161,1,0,0,94,0,1316,0,1,26,258613,2161,0,95,0,0,0,LEADER,1,0,0,94,0,0,0,0,0,0,0,0,0,0,0
261511,49,bully,1977,1,0,0,95,0,1330,0,1,49,259534,1977,0,96,0,0,0,LEADER,1,0,0,95,0,0,0,0,0,0,0,0,0,0,0
261326,58,bully,1792,1,0,0,95,0,1330,0,1,58,259534,1792,0,96,0,0,0,LEADER,1,0,0,95,0,0,0,0,0,0,0,0,0,0,0
260859,86,bully,2246,1,0,0,94,0,1316,0,1,86,258613,2246,0,95,0,0,0,LEADER,1,0,0,94,0,0,0,0,0,0,0,0,0,0,0
261032,50,bully,2419,1,0,0,94,0,1316,0,1,50,258613,2419,0,95,0,0,0,LEADER,1,0,0,94,0,0,0,0,0,0,0,0,0,0,0
260882,85,bully,2268,1,0,0,94,0,1316,0,1,85,258614,2268,0,95,0,0,0,LEADER,1,0,0,94,0,0,0,0,0,0,0,0,0,0,0
260820,87,bully,2212,1,0,0,94,0,1316,0,1,87,258608,2212,0,95,0,0,0,LEADER,1,0,0,94,0,0,0,0,0,0,0,0,0,0,0
261029,64,bully,2416,1,0,0,94,0,1316,0,1,64,258613,2416,0,95,0,0,0,LEADER,1,0,0,94,0,0,0,0,0,0,0,0,0,0,0
260878,11,bully,2264,1,0,0,94,0,1316,0,1,11,258614,2264,0,95,0,0,0,LEADER,1,0,0,94,0,0,0,0,0,0,0,0,0,0,0
260968,18,bully,1434,1,0,0,95,0,1330,0,1,18,259534,1434,0,96,0,0,0,LEADER,1,0,0,95,0,0,0,0,0,0,0,0,0,0,0
261087,90,bully,1553,1,0,0,95,0,1330,0,1,90,259534,1553,0,96,0,0,0,LEADER,1,0,0,95,0,0,0,0,0,0,0,0,0,0,0
260981,35,bully,1447,1,0,0,95,0,1330,0,1,35,259534,1447,0,96,0,0,0,LEADER,1,0,0,95,0,0,0,0,0,0,0,0,0,0,0
260862,43,bully,2249,1,0,0,94,0,1316,0,1,43,258613,2249,0,95,0,0,0,LEADER,1,0,0,94,0,0,0,0,0,0,0,0,0,0,0
261001,28,bully,1467,1,0,0,95,0,1330,0,1,28,259534,1467,0,96,0,0,0,LEADER,1,0,0,95,0,0,0,0,0,0,0,0,0,0,0
260839,44,bully,2228,1,0,0,94,0,1316,0,1,44,258611,2228,0,95,0,0,0,LEADER,1,0,0,94,0,0,0,0,0,0,0,0,0,0,0
261675,23,bully,2141,1,0,0,95,0,1330,0,1,23,259534,2141,0,96,0,0,0,LEADER,1,0,0,95,0,0,0,0,0,0,0,0,0,0,0
260995,30,bully,1461,1,0,0,95,0,1330,0,1,30,259534,1461,0,96,0,0,0,LEADER,1,0,0,95,0,0,0,0,0,0,0,0,0,0,0
261395,94,bully,1859,1,0,0,95,0,1330,0,1,94,259536,1859,0,96,0,0,0,LEADER,1,0,0,95,0,0,0,0,0,0,0,0,0,0,0
261035,38,bully,1501,1,0,0,95,0,1330,0,1,38,259534,1501,0,96,0,0,0,LEADER,1,0,0,95,0,0,0,0,0,0,0,0,0,0,0
261714,66,bully,2180,1,0,0,95,0,1330,0,1,66,259534,2180,0,96,0,0,0,LEADER,1,0,0,95,0,0,0,0,0,0,0,0,0,0,0
261020,70,bully,1486,1,0,0,95,0,1330,0,1,70,259534,1486,0,96,0,0,0,LEADER,1,0,0,95,0,0,0,0,0,0,0,0,0,0,0
260921,3,bully,1903,1,0,0,13,29,182,406,4,2,259018,1903,0,9,0,0,0,NORMAL,0,0,0,13,0,0,0,29,0,0,0,0,0,0,0
261665,88,bully,2131,1,0,0,95,0,1330,0,1,88,259534,2131,0,96,0,0,0,LEADER,1,0,0,95,0,0,0,0,0,0,0,0,0,0,0
260848,75,bully,2235,1,0,0,94,0,1316,0,1,75,258613,2235,0,95,0,0,0,LEADER,1,0,0,94,0,0,0,0,0,0,0,0,0,0,0
260858,12,bully,2243,1,0,0,94,0,1316,0,1,12,258615,2243,0,95,0,0,0,LEADER,1,0,0,94,0,0,0,0,0,0,0,0,0,0,0
261559,27,bully,2025,1,0,0,95,0,1330,0,1,27,259534,2025,0,96,0,0,0,LEADER,1,0,0,95,0,0,0,0,0,0,0,0,0,0,0
261048,42,bully,1514,1,0,0,95,0,1330,0,1,42,259534,1514,0,96,0,0,0,LEADER,1,0,0,95,0,0,0,0,0,0,0,0,0,0,0
261695,24,bully,2161,1,0,0,95,0,1330,0,1,24,259534,2161,0,96,0,0,0,LEADER,1,0,0,95,0,0,0,0,0,0,0,0,0,0,0
261647,46,bully,2113,1,0,0,95,0,1330,0,1,46,259534,2113,0,96,0,0,0,LEADER,1,0,0,95,0,0,0,0,0,0,0,0,0,0,0
261544,59,bully,2010,1,0,0,95,0,1330,0,1,59,259534,2010,0,96,0,0,0,LEADER,1,0,0,95,0,0,0,0,0,0,0,0,0,0,0
261172,34,bully,1637,1,0,0,95,0,1330,0,1,34,259535,1637,0,96,0,0,0,LEADER,1,0,0,95,0,0,0,0,0,0,0,0,0,0,0
261826,32,bully,2292,1,0,0,95,0,1330,0,1,32,259534,2292,0,96,0,0,0,LEADER,1,0,0,95,0,0,0,0,0,0,0,0,0,0,0
261442,72,bully,1907,1,0,0,95,0,1330,0,1,72,259535,1907,0,96,0,0,0,LEADER,1,0,0,95,0,0,0,0,0,0,0,0,0,0,0
261853,63,bully,2316,1,0,0,95,0,1330,0,1,63,259537,2316,0,96,0,0,0,LEADER,1,0,0,95,0,0,0,0,0,0,0,0,0,0,0
261326,74,bully,1792,1,0,0,95,0,1330,0,1,74,259534,1792,0,96,0,0,0,LEADER,1,0,0,95,0,0,0,0,0,0,0,0,0,0,0
261068,48,bully,1534,1,0,0,95,0,1330,0,1,48,259534,1534,0,96,0,0,0,LEADER,1,0,0,95,0,0,0,0,0,0,0,0,0,0,0
261531,57,bully,1995,1,0,0,95,0,1330,0,1,57,259536,1995,0,96,0,0,0,LEADER,1,0,0,95,0,0,0,0,0,0,0,0,0,0,0
261599,68,bully,2065,1,0,0,95,0,1330,0,1,68,259534,2065,0,96,0,0,0,LEADER,1,0,0,95,0,0,0,0,0,0,0,0,0,0,0
261000,45,bully,1466,1,0,0,95,0,1330,0,1,45,259534,1466,0,96,0,0,0,LEADER,1,0,0,95,0,0,0,0,0,0,0,0,0,0,0
261357,93,bully,1823,1,0,0,95,0,1330,0,1,93,259534,1823,0,96,0,0,0,LEADER,1,0,0,95,0,0,0,0,0,0,0,0,0,0,0
261938,82,bully,2404,1,0,0,95,0,1330,0,1,82,259534,2404,0,96,0,0,0,LEADER,1,0,0,95,0,0,0,0,0,0,0,0,0,0,0
261932,51,bully,2398,1,0,0,95,0,1330,0,1,51,259534,2398,0,96,0,0,0,LEADER,1,0,0,95,0,0,0,0,0,0,0,0,0,0,0
261477,39,bully,1943,1,0,0,95,0,1330,0,1,39,259534,1943,0,96,0,0,0,LEADER,1,0,0,95,0,0,0,0,0,0,0,0,0,0,0
261223,78,bully,1689,1,0,0,95,0,1330,0,1,78,259534,1689,0,96,0,0,0,LEADER,1,0,0,95,0,0,0,0,0,0,0,0,0,0,0
261611,79,bully,2077,1,0,0,95,0,1330,0,1,79,259534,2077,0,96,0,0,0,LEADER,1,0,0,95,0,0,0,0,0,0,0,0,0,0,0
261186,14,bully,1652,1,0,0,95,0,1330,0,1,14,259534,1652,0,96,0,0,0,LEADER,1,0,0,95,0,0,0,0,0,0,0,0,0,0,0
261613,36,bully,2080,1,0,0,95,0,1330,0,1,36,259533,2080,0,96,0,0,0,LEADER,1,0,0,95,0,0,0,0,0,0,0,0,0,0,0
261496,81,bully,1962,1,0,0,95,0,1330,0,1,81,259534,1962,0,96,0,0,0,LEADER,1,0,0,95,0,0,0,0,0,0,0,0,0,0,0
261156,67,bully,1622,1,0,0,95,0,1330,0,1,67,259534,1622,0,96,0,0,0,LEADER,1,0,0,95,0,0,0,0,0,0,0,0,0,0,0
261917,83,bully,2383,1,0,0,95,0,1330,0,1,83,259534,2383,0,96,0,0,0,LEADER,1,0,0,95,0,0,0,0,0,0,0,0,0,0,0
262061,99,bully,1607,1,0,0,95,0,1330,0,1,99,260454,1607,0,96,0,0,0,LEADER,1,0,0,95,0,0,0,0,0,0,0,0,0,0,0
261238,55,bully,1704,1,0,0,95,0,1330,0,1,55,259534,1704,0,96,0,0,0,LEADER,1,0,0,95,0,0,0,0,0,0,0,0,0,0,0
262028,89,bully,1574,1,0,0,95,0,1330,0,1,89,260454,1574,0,96,0,0,0,LEADER,1,0,0,95,0,0,0,0,0,0,0,0,0,0,0
261190,77,bully,1656,1,0,0,95,0,1330,0,1,77,259534,1656,0,96,0,0,0,LEADER,1,0,0,95,0,0,0,0,0,0,0,0,0,0,0
261462,71,bully,1928,1,0,0,95,0,1330,0,1,71,259534,1928,0,96,0,0,0,LEADER,1,0,0,95,0,0,0,0,0,0,0,0,0,0,0
261739,76,bully,2213,1,0,0,95,0,1330,0,1,76,259526,2213,0,96,0,0,0,LEADER,1,0,0,95,0,0,0,0,0,0,0,0,0,0,0
261376,52,bully,1840,1,0,0,95,0,1330,0,1,52,259536,1840,0,96,0,0,0,LEADER,1,0,0,95,0,0,0,0,0,0,0,0,0,0,0
261341,10,bully,1807,1,0,0,95,0,1330,0,1,10,259534,1807,0,96,0,0,0,LEADER,1,0,0,95,0,0,0,0,0,0,0,0,0,0,0
261274,22,bully,1740,1,0,0,95,0,1330,0,1,22,259534,1740,0,96,0,0,0,LEADER,1,0,0,95,0,0,0,0,0,0,0,0,0,0,0
261419,21,bully,1889,1,0,0,95,0,1330,0,1,21,259530,1889,0,96,0,0,0,LEADER,1,0,0,95,0,0,0,0,0,0,0,0,0,0,0
261680,56,bully,2146,1,0,0,95,0,1330,0,1,56,259534,2146,0,96,0,0,0,LEADER,1,0,0,95,0,0,0,0,0,0,0,0,0,0,0
261205,60,bully,1671,1,0,0,95,0,1330,0,1,60,259534,1671,0,96,0,0,0,LEADER,1,0,0,95,0,0,0,0,0,0,0,0,0,0,0
262058,25,bully,1604,1,0,0,95,0,1330,0,1,25,260454,1604,0,96,0,0,0,LEADER,1,0,0,95,0,0,0,0,0,0,0,0,0,0,0
261271,65,bully,1737,1,0,0,95,0,1330,0,1,65,259534,1737,0,96,0,0,0,LEADER,1,0,0,95,0,0,0,0,0,0,0,0,0,0,0
261947,19,bully,2413,1,0,0,95,0,1330,0,1,19,259534,2413,0,96,0,0,0,LEADER,1,0,0,95,0,0,0,0,0,0,0,0,0,0,0
261577,69,bully,2043,1,0,0,95,0,1330,0,1,69,259534,2043,0,96,0,0,0,LEADER,1,0,0,95,0,0,0,0,0,0,0,0,0,0,0
262179,54,bully,1725,1,0,0,95,0,1330,0,1,54,260454,1725,0,96,0,0,0,LEADER,1,0,0,95,0,0,0,0,0,0,0,0,0,0,0
261526,17,bully,1992,1,0,0,95,0,1330,0,1,17,259534,1992,0,96,0,0,0,LEADER,1,0,0,95,0,0,0,0,0,0,0,0,0,0,0
262040,100,bully,1586,1,0,0,95,0,1330,0,1,100,260454,1586,0,96,0,0,0,LEADER,1,0,0,95,0,0,0,0,0,0,0,0,0,0,0
262003,16,bully,1549,1,0,0,95,0,1330,0,1,16,260454,1549,0,96,0,0,0,LEADER,1,0,0,95,0,0,0,0,0,0,0,0,0,0,0
261592,37,bully,2058,1,0,0,95,0,1330,0,1,37,259534,2058,0,96,0,0,0,LEADER,1,0,0,95,0,0,0,0,0,0,0,0,0,0,0
262228,13,bully,1774,1,0,0,95,0,1330,0,1,13,260454,1774,0,96,0,0,0,LEADER,1,0,0,95,0,0,0,0,0,0,0,0,0,0,0
261389,20,bully,1855,1,0,0,95,0,1330,0,1,20,259534,1855,0,96,0,0,0,LEADER,1,0,0,95,0,0,0,0,0,0,0,0,0,0,0
262021,41,bully,1567,1,0,0,95,0,1330,0,1,41,260454,1567,0,96,0,0,0,LEADER,1,0,0,95,0,0,0,0,0,0,0,0,0,0,0
262010,47,bully,1556,1,0,0,95,0,1330,0,1,47,260454,1556,0,96,0,0,0,LEADER,1,0,0,95,0,0,0,0,0,0,0,0,0,0,0
261836,95,bully,2301,1,0,0,95,0,1330,0,1,95,259535,2301,0,96,0,0,0,LEADER,1,0,0,95,0,0,0,0,0,0,0,0,0,0,0
261699,98,bully,2165,1,0,0,95,0,1330,0,1,98,259534,2165,0,96,0,0,0,LEADER,1,0,0,95,0,0,0,0,0,0,0,0,0,0,0
261883,73,bully,2349,1,0,0,95,0,1330,0,1,73,259534,2349,0,96,0,0,0,LEADER,1,0,0,95,0,0,0,0,0,0,0,0,0,0,0
262206,33,bully,1752,1,0,0,95,0,1330,0,1,33,260454,1752,0,96,0,0,0,LEADER,1,0,0,95,0,0,0,0,0,0,0,0,0,0,0
262176,97,bully,1722,1,0,0,95,0,1330,0,1,97,260454,1722,0,96,0,0,0,LEADER,1,0,0,95,0,0,0,0,0,0,0,0,0,0,0
261429,61,bully,1895,1,0,0,95,0,1330,0,1,61,259534,1895,0,96,0,0,0,LEADER,1,0,0,95,0,0,0,0,0,0,0,0,0,0,0
262376,40,bully,1922,1,0,0,95,0,1330,0,1,40,260454,1922,0,96,0,0,0,LEADER,1,0,0,95,0,0,0,0,0,0,0,0,0,0,0
261865,31,bully,2331,1,0,0,95,0,1330,0,1,31,259534,2331,0,96,0,0,0,LEADER,1,0,0,95,0,0,0,0,0,0,0,0,0,0,0
262366,29,bully,1910,1,0,0,95,0,1330,0,1,29,260456,1910,0,96,0,0,0,LEADER,1,0,0,95,0,0,0,0,0,0,0,0,0,0,0
262192,96,bully,1744,1,0,0,95,0,1330,0,1,96,260448,1744,0,96,0,0,0,LEADER,1,0,0,95,0,0,0,0,0,0,0,0,0,0,0
262279,84,bully,1825,1,0,0,95,0,1330,0,1,84,260454,1825,0,96,0,0,0,LEADER,1,0,0,95,0,0,0,0,0,0,0,0,0,0,0
261975,80,bully,1519,1,0,0,95,0,1330,0,1,80,260456,1519,0,96,0,0,0,LEADER,1,0,0,95,0,0,0,0,0,0,0,0,0,0,0
261817,53,bully,2283,1,0,0,95,0,1330,0,1,53,259534,2283,0,96,0,0,0,LEADER,1,0,0,95,0,0,0,0,0,0,0,0,0,0,0
261892,92,bully,1438,1,0,0,95,0,1330,0,1,92,260454,1438,0,96,0,0,0,LEADER,1,0,0,95,0,0,0,0,0,0,0,0,0,0,0
262062,91,bully,1619,1,0,0,95,0,1330,0,1,91,260443,1619,0,96,0,0,0,LEADER,1,0,0,95,0,0,0,0,0,0,0,0,0,0,0
262328,62,bully,1874,1,0,0,95,0,1330,0,1,62,260454,1874,0,96,0,0,0,LEADER,1,0,0,95,0,0,0,0,0,0,0,0,0,0,0
262025,15,bully,1571,1,0,0,95,0,1330,0,1,15,260454,1571,0,96,0,0,0,LEADER,1,0,0,95,0,0,0,0,0,0,0,0,0,0,0
261695,26,bully,2161,1,0,0,95,0,1330,0,1,26,259534,2161,0,96,0,0,0,LEADER,1,0,0,95,0,0,0,0,0,0,0,0,0,0,0
262431,49,bully,1977,1,0,0,95,0,1330,0,1,49,260454,1977,0,96,0,0,0,LEADER,1,0,0,95,0,0,0,0,0,0,0,0,0,0,0
262246,58,bully,1792,1,0,0,95,0,1330,0,1,58,260454,1792,0,96,0,0,0,LEADER,1,0,0,95,0,0,0,0,0,0,0,0,0,0,0
261780,86,bully,2246,1,0,0,95,0,1330,0,1,86,259534,2246,0,96,0,0,0,LEADER,1,0,0,95,0,0,0,0,0,0,0,0,0,0,0
261953,50,bully,2419,1,0,0,95,0,1330,0,1,50,259534,2419,0,96,0,0,0,LEADER,1,0,0,95,0,0,0,0,0,0,0,0,0,0,0
261741,87,bully,2212,1,0,0,95,0,1330,0,1,87,259529,2212,0,96,0,0,0,LEADER,1,0,0,95,0,0,0,0,0,0,0,0,0,0,0
261803,85,bully,2268,1,0,0,95,0,1330,0,1,85,259535,2268,0,96,0,0,0,LEADER,1,0,0,95,0,0,0,0,0,0,0,0,0,0,0
261950,64,bully,2416,1,0,0,95,0,1330,0,1,64,259534,2416,0,96,0,0,0,LEADER,1,0,0,95,0,0,0,0,0,0,0,0,0,0,0
261888,18,bully,1434,1,0,0,95,0,1330,0,1,18,260454,1434,0,96,0,0,0,LEADER,1,0,0,95,0,0,0,0,0,0,0,0,0,0,0
261799,11,bully,2264,1,0,0,95,0,1330,0,1,11,259535,2264,0,96,0,0,0,LEADER,1,0,0,95,0,0,0,0,0,0,0,0,0,0,0
262007,90,bully,1553,1,0,0,95,0,1330,0,1,90,260454,1553,0,96,0,0,0,LEADER,1,0,0,95,0,0,0,0,0,0,0,0,0,0,0
261901,35,bully,1447,1,0,0,95,0,1330,0,1,35,260454,1447,0,96,0,0,0,LEADER,1,0,0,95,0,0,0,0,0,0,0,0,0,0,0
261783,43,bully,2249,1,0,0,95,0,1330,0,1,43,259534,2249,0,96,0,0,0,LEADER,1,0,0,95,0,0,0,0,0,0,0,0,0,0,0
261921,28,bully,1467,1,0,0,95,0,1330,0,1,28,260454,1467,0,96,0,0,0,LEADER,1,0,0,95,0,0,0,0,0,0,0,0,0,0,0
261760,44,bully,2228,1,0,0,95,0,1330,0,1,44,259532,2228,0,96,0,0,0,LEADER,1,0,0,95,0,0,0,0,0,0,0,0,0,0,0
262595,23,bully,2141,1,0,0,95,0,1330,0,1,23,260454,2141,0,96,0,0,0,LEADER,1,0,0,95,0,0,0,0,0,0,0,0,0,0,0
261915,30,bully,1461,1,0,0,95,0,1330,0,1,30,260454,1461,0,96,0,0,0,LEADER,1,0,0,95,0,0,0,0,0,0,0,0,0,0,0
262315,94,bully,1859,1,0,0,95,0,1330,0,1,94,260456,1859,0,96,0,0,0,LEADER,1,0,0,95,0,0,0,0,0,0,0,0,0,0,0
261955,38,bully,1501,1,0,0,95,0,1330,0,1,38,260454,1501,0,96,0,0,0,LEADER,1,0,0,95,0,0,0,0,0,0,0,0,0,0,0
262634,66,bully,2180,1,0,0,95,0,1330,0,1,66,260454,2180,0,96,0,0,0,LEADER,1,0,0,95,0,0,0,0,0,0,0,0,0,0,0
261940,70,bully,1486,1,0,0,95,0,1330,0,1,70,260454,1486,0,96,0,0,0,LEADER,1,0,0,95,0,0,0,0,0,0,0,0,0,0,0
262585,88,bully,2131,1,0,0,95,0,1330,0,1,88,260454,2131,0,96,0,0,0,LEADER,1,0,0,95,0,0,0,0,0,0,0,0,0,0,0
261769,75,bully,2235,1,0,0,95,0,1330,0,1,75,259534,2235,0,96,0,0,0,LEADER,1,0,0,95,0,0,0,0,0,0,0,0,0,0,0
261779,12,bully,2243,1,0,0,95,0,1330,0,1,12,259536,2243,0,96,0,0,0,LEADER,1,0,0,95,0,0,0,0,0,0,0,0,0,0,0
262479,27,bully,2025,1,0,0,95,0,1330,0,1,27,260454,2025,0,96,0,0,0,LEADER,1,0,0,95,0,0,0,0,0,0,0,0,0,0,0
261968,42,bully,1514,1,0,0,95,0,1330,0,1,42,260454,1514,0,96,0,0,0,LEADER,1,0,0,95,0,0,0,0,0,0,0,0,0,0,0
262615,24,bully,2161,1,0,0,95,0,1330,0,1,24,260454,2161,0,96,0,0,0,LEADER,1,0,0,95,0,0,0,0,0,0,0,0,0,0,0
262567,46,bully,2113,1,0,0,95,0,1330,0,1,46,260454,2113,0,96,0,0,0,LEADER,1,0,0,95,0,0,0,0,0,0,0,0,0,0,0
262464,59,bully,2010,1,0,0,95,0,1330,0,1,59,260454,2010,0,96,0,0,0,LEADER,1,0,0,95,0,0,0,0,0,0,0,0,0,0,0
262092,34,bully,1637,1,0,0,95,0,1330,0,1,34,260455,1637,0,96,0,0,0,LEADER,1,0,0,95,0,0,0,0,0,0,0,0,0,0,0
262746,32,bully,2292,1,0,0,95,0,1330,0,1,32,260454,2292,0,96,0,0,0,LEADER,1,0,0,95,0,0,0,0,0,0,0,0,0,0,0
262362,72,bully,1907,1,0,0,95,0,1330,0,1,72,260455,1907,0,96,0,0,0,LEADER,1,0,0,95,0,0,0,0,0,0,0,0,0,0,0
262773,63,bully,2316,1,0,0,95,0,1330,0,1,63,260457,2316,0,96,0,0,0,LEADER,1,0,0,95,0,0,0,0,0,0,0,0,0,0,0
262246,74,bully,1792,1,0,0,95,0,1330,0,1,74,260454,1792,0,96,0,0,0,LEADER,1,0,0,95,0,0,0,0,0,0,0,0,0,0,0
261988,48,bully,1534,1,0,0,95,0,1330,0,1,48,260454,1534,0,96,0,0,0,LEADER,1,0,0,95,0,0,0,0,0,0,0,0,0,0,0
262451,57,bully,1995,1,0,0,95,0,1330,0,1,57,260456,1995,0,96,0,0,0,LEADER,1,0,0,95,0,0,0,0,0,0,0,0,0,0,0
262519,68,bully,2065,1,0,0,95,0,1330,0,1,68,260454,2065,0,96,0,0,0,LEADER,1,0,0,95,0,0,0,0,0,0,0,0,0,0,0
261920,45,bully,1466,1,0,0,95,0,1330,0,1,45,260454,1466,0,96,0,0,0,LEADER,1,0,0,95,0,0,0,0,0,0,0,0,0,0,0
262277,93,bully,1823,1,0,0,95,0,1330,0,1,93,260454,1823,0,96,0,0,0,LEADER,1,0,0,95,0,0,0,0,0,0,0,0,0,0,0
262858,82,bully,2404,1,0,0,95,0,1330,0,1,82,260454,2404,0,96,0,0,0,LEADER,1,0,0,95,0,0,0,0,0,0,0,0,0,0,0
262852,51,bully,2398,1,0,0,95,0,1330,0,1,51,260454,2398,0,96,0,0,0,LEADER,1,0,0,95,0,0,0,0,0,0,0,0,0,0,0
262397,39,bully,1943,1,0,0,95,0,1330,0,1,39,260454,1943,0,96,0,0,0,LEADER,1,0,0,95,0,0,0,0,0,0,0,0,0,0,0
262143,78,bully,1689,1,0,0,95,0,1330,0,1,78,260454,1689,0,96,0,0,0,LEADER,1,0,0,95,0,0,0,0,0,0,0,0,0,0,0
262531,79,bully,2077,1,0,0,95,0,1330,0,1,79,260454,2077,0,96,0,0,0,LEADER,1,0,0,95,0,0,0,0,0,0,0,0,0,0,0
262106,14,bully,1652,1,0,0,95,0,1330,0,1,14,260454,1652,0,96,0,0,0,LEADER,1,0,0,95,0,0,0,0,0,0,0,0,0,0,0
262533,36,bully,2080,1,0,0,95,0,1330,0,1,36,260453,2080,0,96,0,0,0,LEADER,1,0,0,95,0,0,0,0,0,0,0,0,0,0,0
262416,81,bully,1962,1,0,0,95,0,1330,0,1,81,260454,1962,0,96,0,0,0,LEADER,1,0,0,95,0,0,0,0,0,0,0,0,0,0,0
262076,67,bully,1622,1,0,0,95,0,1330,0,1,67,260454,1622,0,96,0,0,0,LEADER,1,0,0,95,0,0,0,0,0,0,0,0,0,0,0
262837,83,bully,2383,1,0,0,95,0,1330,0,1,83,260454,2383,0,96,0,0,0,LEADER,1,0,0,95,0,0,0,0,0,0,0,0,0,0,0
262981,99,bully,1607,1,0,0,95,0,1330,0,1,99,261374,1607,0,96,0,0,0,LEADER,1,0,0,95,0,0,0,0,0,0,0,0,0,0,0
262158,55,bully,1704,1,0,0,95,0,1330,0,1,55,260454,1704,0,96,0,0,0,LEADER,1,0,0,95,0,0,0,0,0,0,0,0,0,0,0
262948,89,bully,1574,1,0,0,95,0,1330,0,1,89,261374,1574,0,96,0,0,0,LEADER,1,0,0,95,0,0,0,0,0,0,0,0,0,0,0
262110,77,bully,1656,1,0,0,95,0,1330,0,1,77,260454,1656,0,96,0,0,0,LEADER,1,0,0,95,0,0,0,0,0,0,0,0,0,0,0
262382,71,bully,1928,1,0,0,95,0,1330,0,1,71,260454,1928,0,96,0,0,0,LEADER,1,0,0,95,0,0,0,0,0,0,0,0,0,0,0
262659,76,bully,2213,1,0,0,95,0,1330,0,1,76,260446,2213,0,96,0,0,0,LEADER,1,0,0,95,0,0,0,0,0,0,0,0,0,0,0
262296,52,bully,1840,1,0,0,95,0,1330,0,1,52,260456,1840,0,96,0,0,0,LEADER,1,0,0,95,0,0,0,0,0,0,0,0,0,0,0
262261,10,bully,1807,1,0,0,95,0,1330,0,1,10,260454,1807,0,96,0,0,0,LEADER,1,0,0,95,0,0,0,0,0,0,0,0,0,0,0
262194,22,bully,1740,1,0,0,95,0,1330,0,1,22,260454,1740,0,96,0,0,0,LEADER,1,0,0,95,0,0,0,0,0,0,0,0,0,0,0
262339,21,bully,1889,1,0,0,95,0,1330,0,1,21,260450,1889,0,96,0,0,0,LEADER,1,0,0,95,0,0,0,0,0,0,0,0,0,0,0
262600,56,bully,2146,1,0,0,95,0,1330,0,1,56,260454,2146,0,96,0,0,0,LEADER,1,0,0,95,0,0,0,0,0,0,0,0,0,0,0
262125,60,bully,1671,1,0,0,95,0,1330,0,1,60,260454,1671,0,96,0,0,0,LEADER,1,0,0,95,0,0,0,0,0,0,0,0,0,0,0
262978,25,bully,1604,1,0,0,95,0,1330,0,1,25,261374,1604,0,96,0,0,0,LEADER,1,0,0,95,0,0,0,0,0,0,0,0,0,0,0
262191,65,bully,1737,1,0,0,95,0,1330,0,1,65,260454,1737,0,96,0,0,0,LEADER,1,0,0,95,0,0,0,0,0,0,0,0,0,0,0
262867,19,bully,2413,1,0,0,95,0,1330,0,1,19,260454,2413,0,96,0,0,0,LEADER,1,0,0,95,0,0,0,0,0,0,0,0,0,0,0
262497,69,bully,2043,1,0,0,95,0,1330,0,1,69,260454,2043,0,96,0,0,0,LEADER,1,0,0,95,0,0,0,0,0,0,0,0,0,0,0
263099,54,bully,1725,1,0,0,95,0,1330,0,1,54,261374,1725,0,96,0,0,0,LEADER,1,0,0,95,0,0,0,0,0,0,0,0,0,0,0
262446,17,bully,1992,1,0,0,95,0,1330,0,1,17,260454,1992,0,96,0,0,0,LEADER,1,0,0,95,0,0,0,0,0,0,0,0,0,0,0
262960,100,bully,1586,1,0,0,95,0,1330,0,1,100,261374,1586,0,96,0,0,0,LEADER,1,0,0,95,0,0,0,0,0,0,0,0,0,0,0
262923,16,bully,1549,1,0,0,95,0,1330,0,1,16,261374,1549,0,96,0,0,0,LEADER,1,0,0,95,0,0,0,0,0,0,0,0,0,0,0
262512,37,bully,2058,1,0,0,95,0,1330,0,1,37,260454,2058,0,96,0,0,0,LEADER,1,0,0,95,0,0,0,0,0,0,0,0,0,0,0
263148,13,bully,1774,1,0,0,95,0,1330,0,1,13,261374,1774,0,96,0,0,0,LEADER,1,0,0,95,0,0,0,0,0,0,0,0,0,0,0
262309,20,bully,1855,1,0,0,95,0,1330,0,1,20,260454,1855,0,96,0,0,0,LEADER,1,0,0,95,0,0,0,0,0,0,0,0,0,0,0
262941,41,bully,1567,1,0,0,95,0,1330,0,1,41,261374,1567,0,96,0,0,0,LEADER,1,0,0,95,0,0,0,0,0,0,0,0,0,0,0
262930,47,bully,1556,1,0,0,95,0,1330,0,1,47,261374,1556,0,96,0,0,0,LEADER,1,0,0,95,0,0,0,0,0,0,0,0,0,0,0
262756,95,bully,2301,1,0,0,95,0,1330,0,1,95,260455,2301,0,96,0,0,0,LEADER,1,0,0,95,0,0,0,0,0,0,0,0,0,0,0
262619,98,bully,2165,1,0,0,95,0,1330,0,1,98,260454,2165,0,96,0,0,0,LEADER,1,0,0,95,0,0,0,0,0,0,0,0,0,0,0
262803,73,bully,2349,1,0,0,95,0,1330,0,1,73,260454,2349,0,96,0,0,0,LEADER,1,0,0,95,0,0,0,0,0,0,0,0,0,0,0
263126,33,bully,1752,1,0,0,95,0,1330,0,1,33,261374,1752,0,96,0,0,0,LEADER,1,0,0,95,0,0,0,0,0,0,0,0,0,0,0
263096,97,bully,1722,1,0,0,95,0,1330,0,1,97,261374,1722,0,96,0,0,0,LEADER,1,0,0,95,0,0,0,0,0,0,0,0,0,0,0
262349,61,bully,1895,1,0,0,95,0,1330,0,1,61,260454,1895,0,96,0,0,0,LEADER,1,0,0,95,0,0,0,0,0,0,0,0,0,0,0
263296,40,bully,1922,1,0,0,95,0,1330,0,1,40,261374,1922,0,96,0,0,0,LEADER,1,0,0,95,0,0,0,0,0,0,0,0,0,0,0
262785,31,bully,2331,1,0,0,95,0,1330,0,1,31,260454,2331,0,96,0,0,0,LEADER,1,0,0,95,0,0,0,0,0,0,0,0,0,0,0
263286,29,bully,1910,1,0,0,95,0,1330,0,1,29,261376,1910,0,96,0,0,0,LEADER,1,0,0,95,0,0,0,0,0,0,0,0,0,0,0
263112,96,bully,1744,1,0,0,95,0,1330,0,1,96,261368,1744,0,96,0,0,0,LEADER,1,0,0,95,0,0,0,0,0,0,0,0,0,0,0
263199,84,bully,1825,1,0,0,95,0,1330,0,1,84,261374,1825,0,96,0,0,0,LEADER,1,0,0,95,0,0,0,0,0,0,0,0,0,0,0
262895,80,bully,1519,1,0,0,95,0,1330,0,1,80,261376,1519,0,96,0,0,0,LEADER,1,0,0,95,0,0,0,0,0,0,0,0,0,0,0
262737,53,bully,2283,1,0,0,95,0,1330,0,1,53,260454,2283,0,96,0,0,0,LEADER,1,0,0,95,0,0,0,0,0,0,0,0,0,0,0
262812,92,bully,1438,1,0,0,95,0,1330,0,1,92,261374,1438,0,96,0,0,0,LEADER,1,0,0,95,0,0,0,0,0,0,0,0,0,0,0
262982,91,bully,1619,1,0,0,95,0,1330,0,1,91,261363,1619,0,96,0,0,0,LEADER,1,0,0,95,0,0,0,0,0,0,0,0,0,0,0
263248,62,bully,1874,1,0,0,95,0,1330,0,1,62,261374,1874,0,96,0,0,0,LEADER,1,0,0,95,0,0,0,0,0,0,0,0,0,0,0
262945,15,bully,1571,1,0,0,95,0,1330,0,1,15,261374,1571,0,96,0,0,0,LEADER,1,0,0,95,0,0,0,0,0,0,0,0,0,0,0
262615,26,bully,2161,1,0,0,95,0,1330,0,1,26,260454,2161,0,96,0,0,0,LEADER,1,0,0,95,0,0,0,0,0,0,0,0,0,0,0
263351,49,bully,1977,1,0,0,95,0,1330,0,1,49,261374,1977,0,96,0,0,0,LEADER,1,0,0,95,0,0,0,0,0,0,0,0,0,0,0
263166,58,bully,1792,1,0,0,95,0,1330,0,1,58,261374,1792,0,96,0,0,0,LEADER,1,0,0,95,0,0,0,0,0,0,0,0,0,0,0
262700,86,bully,2246,1,0,0,95,0,1330,0,1,86,260454,2246,0,96,0,0,0,LEADER,1,0,0,95,0,0,0,0,0,0,0,0,0,0,0
262873,50,bully,2419,1,0,0,95,0,1330,0,1,50,260454,2419,0,96,0,0,0,LEADER,1,0,0,95,0,0,0,0,0,0,0,0,0,0,0
262661,87,bully,2212,1,0,0,95,0,1330,0,1,87,260449,2212,0,96,0,0,0,LEADER,1,0,0,95,0,0,0,0,0,0,0,0,0,0,0
262723,85,bully,2268,1,0,0,95,0,1330,0,1,85,260455,2268,0,96,0,0,0,LEADER,1,0,0,95,0,0,0,0,0,0,0,0,0,0,0
262870,64,bully,2416,1,0,0,95,0,1330,0,1,64,260454,2416,0,96,0,0,0,LEADER,1,0,0,95,0,0,0,0,0,0,0,0,0,0,0
262808,18,bully,1434,1,0,0,95,0,1330,0,1,18,261374,1434,0,96,0,0,0,LEADER,1,0,0,95,0,0,0,0,0,0,0,0,0,0,0
262719,11,bully,2264,1,0,0,95,0,1330,0,1,11,260455,2264,0,96,0,0,0,LEADER,1,0,0,95,0,0,0,0,0,0,0,0,0,0,0
262927,90,bully,1553,1,0,0,95,0,1330,0,1,90,261374,1553,0,96,0,0,0,LEADER,1,0,0,95,0,0,0,0,0,0,0,0,0,0,0
262821,35,bully,1447,1,0,0,95,0,1330,0,1,35,261374,1447,0,96,0,0,0,LEADER,1,0,0,95,0,0,0,0,0,0,0,0,0,0,0
262703,43,bully,2249,1,0,0,95,0,1330,0,1,43,260454,2249,0,96,0,0,0,LEADER,1,0,0,95,0,0,0,0,0,0,0,0,0,0,0
262841,28,bully,1467,1,0,0,95,0,1330,0,1,28,261374,1467,0,96,0,0,0,LEADER,1,0,0,95,0,0,0,0,0,0,0,0,0,0,0
262680,44,bully,2228,1,0,0,95,0,1330,0,1,44,260452,2228,0,96,0,0,0,LEADER,1,0,0,95,0,0,0,0,0,0,0,0,0,0,0
263515,23,bully,2141,1,0,0,95,0,1330,0,1,23,261374,2141,0,96,0,0,0,LEADER,1,0,0,95,0,0,0,0,0,0,0,0,0,0,0
262835,30,bully,1461,1,0,0,95,0,1330,0,1,30,261374,1461,0,96,0,0,0,LEADER,1,0,0,95,0,0,0,0,0,0,0,0,0,0,0
263235,94,bully,1859,1,0,0,95,0,1330,0,1,94,261376,1859,0,96,0,0,0,LEADER,1,0,0,95,0,0,0,0,0,0,0,0,0,0,0
262875,38,bully,1501,1,0,0,95,0,1330,0,1,38,261374,1501,0,96,0,0,0,LEADER,1,0,0,95,0,0,0,0,0,0,0,0,0,0,0
263554,66,bully,2180,1,0,0,95,0,1330,0,1,66,261374,2180,0,96,0,0,0,LEADER,1,0,0,95,0,0,0,0,0,0,0,0,0,0,0
262860,70,bully,1486,1,0,0,95,0,1330,0,1,70,261374,1486,0,96,0,0,0,LEADER,1,0,0,95,0,0,0,0,0,0,0,0,0,0,0
263505,88,bully,2131,1,0,0,95,0,1330,0,1,88,261374,2131,0,96,0,0,0,LEADER,1,0,0,95,0,0,0,0,0,0,0,0,0,0,0
262689,75,bully,2235,1,0,0,95,0,1330,0,1,75,260454,2235,0,96,0,0,0,LEADER,1,0,0,95,0,0,0,0,0,0,0,0,0,0,0
262699,12,bully,2243,1,0,0,95,0,1330,0,1,12,260456,2243,0,96,0,0,0,LEADER,1,0,0,95,0,0,0,0,0,0,0,0,0,0,0
263399,27,bully,2025,1,0,0,95,0,1330,0,1,27,261374,2025,0,96,0,0,0,LEADER,1,0,0,95,0,0,0,0,0,0,0,0,0,0,0
262888,42,bully,1514,1,0,0,95,0,1330,0,1,42,261374,1514,0,96,0,0,0,LEADER,1,0,0,95,0,0,0,0,0,0,0,0,0,0,0
263535,24,bully,2161,1,0,0,95,0,1330,0,1,24,261374,2161,0,96,0,0,0,LEADER,1,0,0,95,0,0,0,0,0,0,0,0,0,0,0
263487,46,bully,2113,1,0,0,95,0,1330,0,1,46,261374,2113,0,96,0,0,0,LEADER,1,0,0,95,0,0,0,0,0,0,0,0,0,0,0
263384,59,bully,2010,1,0,0,95,0,1330,0,1,59,261374,2010,0,96,0,0,0,LEADER,1,0,0,95,0,0,0,0,0,0,0,0,0,0,0
263666,32,bully,2292,1,0,0,95,0,1330,0,1,32,261374,2292,0,96,0,0,0,LEADER,1,0,0,95,0,0,0,0,0,0,0,0,0,0,0
263012,34,bully,1637,1,0,0,95,0,1330,0,1,34,261375,1637,0,96,0,0,0,LEADER,1,0,0,95,0,0,0,0,0,0,0,0,0,0,0
263282,72,bully,1907,1,0,0,95,0,1330,0,1,72,261375,1907,0,96,0,0,0,LEADER,1,0,0,95,0,0,0,0,0,0,0,0,0,0,0
263693,63,bully,2316,1,0,0,95,0,1330,0,1,63,261377,2316,0,96,0,0,0,LEADER,1,0,0,95,0,0,0,0,0,0,0,0,0,0,0
263166,74,bully,1792,1,0,0,95,0,1330,0,1,74,261374,1792,0,96,0,0,0,LEADER,1,0,0,95,0,0,0,0,0,0,0,0,0,0,0
262908,48,bully,1534,1,0,0,95,0,1330,0,1,48,261374,1534,0,96,0,0,0,LEADER,1,0,0,95,0,0,0,0,0,0,0,0,0,0,0
263371,57,bully,1995,1,0,0,95,0,1330,0,1,57,261376,1995,0,96,0,0,0,LEADER,1,0,0,95,0,0,0,0,0,0,0,0,0,0,0
263439,68,bully,2065,1,0,0,95,0,1330,0,1,68,261374,2065,0,96,0,0,0,LEADER,1,0,0,95,0,0,0,0,0,0,0,0,0,0,0
262840,45,bully,1466,1,0,0,95,0,1330,0,1,45,261374,1466,0,96,0,0,0,LEADER,1,0,0,95,0,0,0,0,0,0,0,0,0,0,0
263197,93,bully,1823,1,0,0,95,0,1330,0,1,93,261374,1823,0,96,0,0,0,LEADER,1,0,0,95,0,0,0,0,0,0,0,0,0,0,0
263778,82,bully,2404,1,0,0,95,0,1330,0,1,82,261374,2404,0,96,0,0,0,LEADER,1,0,0,95,0,0,0,0,0,0,0,0,0,0,0
263772,51,bully,2398,1,0,0,95,0,1330,0,1,51,261374,2398,0,96,0,0,0,LEADER,1,0,0,95,0,0,0,0,0,0,0,0,0,0,0
263317,39,bully,1943,1,0,0,95,0,1330,0,1,39,261374,1943,0,96,0,0,0,LEADER,1,0,0,95,0,0,0,0,0,0,0,0,0,0,0
263063,78,bully,1689,1,0,0,95,0,1330,0,1,78,261374,1689,0,96,0,0,0,LEADER,1,0,0,95,0,0,0,0,0,0,0,0,0,0,0
263451,79,bully,2077,1,0,0,95,0,1330,0,1,79,261374,2077,0,96,0,0,0,LEADER,1,0,0,95,0,0,0,0,0,0,0,0,0,0,0
263026,14,bully,1652,1,0,0,95,0,1330,0,1,14,261374,1652,0,96,0,0,0,LEADER,1,0,0,95,0,0,0,0,0,0,0,0,0,0,0
263453,36,bully,2080,1,0,0,95,0,1330,0,1,36,261373,2080,0,96,0,0,0,LEADER,1,0,0,95,0,0,0,0,0,0,0,0,0,0,0
263336,81,bully,1962,1,0,0,95,0,1330,0,1,81,261374,1962,0,96,0,0,0,LEADER,1,0,0,95,0,0,0,0,0,0,0,0,0,0,0
262996,67,bully,1622,1,0,0,95,0,1330,0,1,67,261374,1622,0,96,0,0,0,LEADER,1,0,0,95,0,0,0,0,0,0,0,0,0,0,0
263757,83,bully,2383,1,0,0,95,0,1330,0,1,83,261374,2383,0,96,0,0,0,LEADER,1,0,0,95,0,0,0,0,0,0,0,0,0,0,0
263902,99,bully,1607,1,0,0,96,0,1344,0,1,99,262295,1607,0,97,0,0,0,LEADER,1,0,0,96,0,0,0,0,0,0,0,0,0,0,0
263078,55,bully,1704,1,0,0,95,0,1330,0,1,55,261374,1704,0,96,0,0,0,LEADER,1,0,0,95,0,0,0,0,0,0,0,0,0,0,0
263869,89,bully,1574,1,0,0,96,0,1344,0,1,89,262295,1574,0,97,0,0,0,LEADER,1,0,0,96,0,0,0,0,0,0,0,0,0,0,0
263030,77,bully,1656,1,0,0,95,0,1330,0,1,77,261374,1656,0,96,0,0,0,LEADER,1,0,0,95,0,0,0,0,0,0,0,0,0,0,0
263302,71,bully,1928,1,0,0,95,0,1330,0,1,71,261374,1928,0,96,0,0,0,LEADER,1,0,0,95,0,0,0,0,0,0,0,0,0,0,0
263579,76,bully,2213,1,0,0,95,0,1330,0,1,76,261366,2213,0,96,0,0,0,LEADER,1,0,0,95,0,0,0,0,0,0,0,0,0,0,0
263216,52,bully,1840,1,0,0,95,0,1330,0,1,52,261376,1840,0,96,0,0,0,LEADER,1,0,0,95,0,0,0,0,0,0,0,0,0,0,0
263181,10,bully,1807,1,0,0,95,0,1330,0,1,10,261374,1807,0,96,0,0,0,LEADER,1,0,0,95,0,0,0,0,0,0,0,0,0,0,0
263114,22,bully,1740,1,0,0,95,0,1330,0,1,22,261374,1740,0,96,0,0,0,LEADER,1,0,0,95,0,0,0,0,0,0,0,0,0,0,0
263259,21,bully,1889,1,0,0,95,0,1330,0,1,21,261370,1889,0,96,0,0,0,LEADER,1,0,0,95,0,0,0,0,0,0,0,0,0,0,0
263520,56,bully,2146,1,0,0,95,0,1330,0,1,56,261374,2146,0,96,0,0,0,LEADER,1,0,0,95,0,0,0,0,0,0,0,0,0,0,0
263045,60,bully,1671,1,0,0,95,0,1330,0,1,60,261374,1671,0,96,0,0,0,LEADER,1,0,0,95,0,0,0,0,0,0,0,0,0,0,0
263899,25,bully,1604,1,0,0,96,0,1344,0,1,25,262295,1604,0,97,0,0,0,LEADER,1,0,0,96,0,0,0,0,0,0,0,0,0,0,0
263111,65,bully,1737,1,0,0,95,0,1330,0,1,65,261374,1737,0,96,0,0,0,LEADER,1,0,0,95,0,0,0,0,0,0,0,0,0,0,0
263787,19,bully,2413,1,0,0,95,0,1330,0,1,19,261374,2413,0,96,0,0,0,LEADER,1,0,0,95,0,0,0,0,0,0,0,0,0,0,0
263417,69,bully,2043,1,0,0,95,0,1330,0,1,69,261374,2043,0,96,0,0,0,LEADER,1,0,0,95,0,0,0,0,0,0,0,0,0,0,0
264020,54,bully,1725,1,0,0,96,0,1344,0,1,54,262295,1725,0,97,0,0,0,LEADER,1,0,0,96,0,0,0,0,0,0,0,0,0,0,0
263366,17,bully,1992,1,0,0,95,0,1330,0,1,17,261374,1992,0,96,0,0,0,LEADER,1,0,0,95,0,0,0,0,0,0,0,0,0,0,0
263881,100,bully,1586,1,0,0,96,0,1344,0,1,100,262295,1586,0,97,0,0,0,LEADER,1,0,0,96,0,0,0,0,0,0,0,0,0,0,0
263844,16,bully,1549,1,0,0,96,0,1344,0,1,16,262295,1549,0,97,0,0,0,LEADER,1,0,0,96,0,0,0,0,0,0,0,0,0,0,0
263432,37,bully,2058,1,0,0,95,0,1330,0,1,37,261374,2058,0,96,0,0,0,LEADER,1,0,0,95,0,0,0,0,0,0,0,0,0,0,0
264069,13,bully,1774,1,0,0,96,0,1344,0,1,13,262295,1774,0,97,0,0,0,LEADER,1,0,0,96,0,0,0,0,0,0,0,0,0,0,0
263229,20,bully,1855,1,0,0,95,0,1330,0,1,20,261374,1855,0,96,0,0,0,LEADER,1,0,0,95,0,0,0,0,0,0,0,0,0,0,0
263862,41,bully,1567,1,0,0,96,0,1344,0,1,41,262295,1567,0,97,0,0,0,LEADER,1,0,0,96,0,0,0,0,0,0,0,0,0,0,0
263851,47,bully,1556,1,0,0,96,0,1344,0,1,47,262295,1556,0,97,0,0,0,LEADER,1,0,0,96,0,0,0,0,0,0,0,0,0,0,0
263676,95,bully,2301,1,0,0,95,0,1330,0,1,95,261375,2301,0,96,0,0,0,LEADER,1,0,0,95,0,0,0,0,0,0,0,0,0,0,0
263539,98,bully,2165,1,0,0,95,0,1330,0,1,98,261374,2165,0,96,0,0,0,LEADER,1,0,0,95,0,0,0,0,0,0,0,0,0,0,0
263723,73,bully,2349,1,0,0,95,0,1330,0,1,73,261374,2349,0,96,0,0,0,LEADER,1,0,0,95,0,0,0,0,0,0,0,0,0,0,0
263269,61,bully,1895,1,0,0,95,0,1330,0,1,61,261374,1895,0,96,0,0,0,LEADER,1,0,0,95,0,0,0,0,0,0,0,0,0,0,0
264017,97,bully,1722,1,0,0,96,0,1344,0,1,97,262295,1722,0,97,0,0,0,LEADER,1,0,0,96,0,0,0,0,0,0,0,0,0,0,0
264047,33,bully,1752,1,0,0,96,0,1344,0,1,33,262295,1752,0,97,0,0,0,LEADER,1,0,0,96,0,0,0,0,0,0,0,0,0,0,0
263705,31,bully,2331,1,0,0,95,0,1330,0,1,31,261374,2331,0,96,0,0,0,LEADER,1,0,0,95,0,0,0,0,0,0,0,0,0,0,0
264217,40,bully,1922,1,0,0,96,0,1344,0,1,40,262295,1922,0,97,0,0,0,LEADER,1,0,0,96,0,0,0,0,0,0,0,0,0,0,0
264207,29,bully,1910,1,0,0,96,0,1344,0,1,29,262297,1910,0,97,0,0,0,LEADER,1,0,0,96,0,0,0,0,0,0,0,0,0,0,0
264033,96,bully,1744,1,0,0,96,0,1344,0,1,96,262289,1744,0,97,0,0,0,LEADER,1,0,0,96,0,0,0,0,0,0,0,0,0,0,0
264120,84,bully,1825,1,0,0,96,0,1344,0,1,84,262295,1825,0,97,0,0,0,LEADER,1,0,0,96,0,0,0,0,0,0,0,0,0,0,0
263816,80,bully,1519,1,0,0,96,0,1344,0,1,80,262297,1519,0,97,0,0,0,LEADER,1,0,0,96,0,0,0,0,0,0,0,0,0,0,0
263657,53,bully,2283,1,0,0,95,0,1330,0,1,53,261374,2283,0,96,0,0,0,LEADER,1,0,0,95,0,0,0,0,0,0,0,0,0,0,0
263733,92,bully,1438,1,0,0,96,0,1344,0,1,92,262295,1438,0,97,0,0,0,LEADER,1,0,0,96,0,0,0,0,0,0,0,0,0,0,0
263903,91,bully,1619,1,0,0,96,0,1344,0,1,91,262284,1619,0,97,0,0,0,LEADER,1,0,0,96,0,0,0,0,0,0,0,0,0,0,0
264169,62,bully,1874,1,0,0,96,0,1344,0,1,62,262295,1874,0,97,0,0,0,LEADER,1,0,0,96,0,0,0,0,0,0,0,0,0,0,0
263866,15,bully,1571,1,0,0,96,0,1344,0,1,15,262295,1571,0,97,0,0,0,LEADER,1,0,0,96,0,0,0,0,0,0,0,0,0,0,0
263535,26,bully,2161,1,0,0,95,0,1330,0,1,26,261374,2161,0,96,0,0,0,LEADER,1,0,0,95,0,0,0,0,0,0,0,0,0,0,0
264272,49,bully,1977,1,0,0,96,0,1344,0,1,49,262295,1977,0,97,0,0,0,LEADER,1,0,0,96,0,0,0,0,0,0,0,0,0,0,0
264087,58,bully,1792,1,0,0,96,0,1344,0,1,58,262295,1792,0,97,0,0,0,LEADER,1,0,0,96,0,0,0,0,0,0,0,0,0,0,0
263620,86,bully,2246,1,0,0,95,0,1330,0,1,86,261374,2246,0,96,0,0,0,LEADER,1,0,0,95,0,0,0,0,0,0,0,0,0,0,0
263793,50,bully,2419,1,0,0,95,0,1330,0,1,50,261374,2419,0,96,0,0,0,LEADER,1,0,0,95,0,0,0,0,0,0,0,0,0,0,0
263643,85,bully,2268,1,0,0,95,0,1330,0,1,85,261375,2268,0,96,0,0,0,LEADER,1,0,0,95,0,0,0,0,0,0,0,0,0,0,0
263581,87,bully,2212,1,0,0,95,0,1330,0,1,87,261369,2212,0,96,0,0,0,LEADER,1,0,0,95,0,0,0,0,0,0,0,0,0,0,0
263790,64,bully,2416,1,0,0,95,0,1330,0,1,64,261374,2416,0,96,0,0,0,LEADER,1,0,0,95,0,0,0,0,0,0,0,0,0,0,0
263639,11,bully,2264,1,0,0,95,0,1330,0,1,11,261375,2264,0,96,0,0,0,LEADER,1,0,0,95,0,0,0,0,0,0,0,0,0,0,0
263729,18,bully,1434,1,0,0,96,0,1344,0,1,18,262295,1434,0,97,0,0,0,LEADER,1,0,0,96,0,0,0,0,0,0,0,0,0,0,0
263848,90,bully,1553,1,0,0,96,0,1344,0,1,90,262295,1553,0,97,0,0,0,LEADER,1,0,0,96,0,0,0,0,0,0,0,0,0,0,0
263742,35,bully,1447,1,0,0,96,0,1344,0,1,35,262295,1447,0,97,0,0,0,LEADER,1,0,0,96,0,0,0,0,0,0,0,0,0,0,0
263623,43,bully,2249,1,0,0,95,0,1330,0,1,43,261374,2249,0,96,0,0,0,LEADER,1,0,0,95,0,0,0,0,0,0,0,0,0,0,0
263762,28,bully,1467,1,0,0,96,0,1344,0,1,28,262295,1467,0,97,0,0,0,LEADER,1,0,0,96,0,0,0,0,0,0,0,0,0,0,0
263600,44,bully,2228,1,0,0,95,0,1330,0,1,44,261372,2228,0,96,0,0,0,LEADER,1,0,0,95,0,0,0,0,0,0,0,0,0,0,0
264436,23,bully,2141,1,0,0,96,0,1344,0,1,23,262295,2141,0,97,0,0,0,LEADER,1,0,0,96,0,0,0,0,0,0,0,0,0,0,0
263756,30,bully,1461,1,0,0,96,0,1344,0,1,30,262295,1461,0,97,0,0,0,LEADER,1,0,0,96,0,0,0,0,0,0,0,0,0,0,0
264156,94,bully,1859,1,0,0,96,0,1344,0,1,94,262297,1859,0,97,0,0,0,LEADER,1,0,0,96,0,0,0,0,0,0,0,0,0,0,0
263796,38,bully,1501,1,0,0,96,0,1344,0,1,38,262295,1501,0,97,0,0,0,LEADER,1,0,0,96,0,0,0,0,0,0,0,0,0,0,0
264475,66,bully,2180,1,0,0,96,0,1344,0,1,66,262295,2180,0,97,0,0,0,LEADER,1,0,0,96,0,0,0,0,0,0,0,0,0,0,0
263781,70,bully,1486,1,0,0,96,0,1344,0,1,70,262295,1486,0,97,0,0,0,LEADER,1,0,0,96,0,0,0,0,0,0,0,0,0,0,0
264426,88,bully,2131,1,0,0,96,0,1344,0,1,88,262295,2131,0,97,0,0,0,LEADER,1,0,0,96,0,0,0,0,0,0,0,0,0,0,0
263609,75,bully,2235,1,0,0,95,0,1330,0,1,75,261374,2235,0,96,0,0,0,LEADER,1,0,0,95,0,0,0,0,0,0,0,0,0,0,0
263619,12,bully,2243,1,0,0,95,0,1330,0,1,12,261376,2243,0,96,0,0,0,LEADER,1,0,0,95,0,0,0,0,0,0,0,0,0,0,0
264320,27,bully,2025,1,0,0,96,0,1344,0,1,27,262295,2025,0,97,0,0,0,LEADER,1,0,0,96,0,0,0,0,0,0,0,0,0,0,0
263809,42,bully,1514,1,0,0,96,0,1344,0,1,42,262295,1514,0,97,0,0,0,LEADER,1,0,0,96,0,0,0,0,0,0,0,0,0,0,0
264456,24,bully,2161,1,0,0,96,0,1344,0,1,24,262295,2161,0,97,0,0,0,LEADER,1,0,0,96,0,0,0,0,0,0,0,0,0,0,0
264408,46,bully,2113,1,0,0,96,0,1344,0,1,46,262295,2113,0,97,0,0,0,LEADER,1,0,0,96,0,0,0,0,0,0,0,0,0,0,0
264305,59,bully,2010,1,0,0,96,0,1344,0,1,59,262295,2010,0,97,0,0,0,LEADER,1,0,0,96,0,0,0,0,0,0,0,0,0,0,0
263933,34,bully,1637,1,0,0,96,0,1344,0,1,34,262296,1637,0,97,0,0,0,LEADER,1,0,0,96,0,0,0,0,0,0,0,0,0,0,0
264587,32,bully,2292,1,0,0,96,0,1344,0,1,32,262295,2292,0,97,0,0,0,LEADER,1,0,0,96,0,0,0,0,0,0,0,0,0,0,0
264203,72,bully,1907,1,0,0,96,0,1344,0,1,72,262296,1907,0,97,0,0,0,LEADER,1,0,0,96,0,0,0,0,0,0,0,0,0,0,0
264614,63,bully,2316,1,0,0,96,0,1344,0,1,63,262298,2316,0,97,0,0,0,LEADER,1,0,0,96,0,0,0,0,0,0,0,0,0,0,0
264087,74,bully,1792,1,0,0,96,0,1344,0,1,74,262295,1792,0,97,0,0,0,LEADER,1,0,0,96,0,0,0,0,0,0,0,0,0,0,0
263829,48,bully,1534,1,0,0,96,0,1344,0,1,48,262295,1534,0,97,0,0,0,LEADER,1,0,0,96,0,0,0,0,0,0,0,0,0,0,0
264292,57,bully,1995,1,0,0,96,0,1344,0,1,57,262297,1995,0,97,0,0,0,LEADER,1,0,0,96,0,0,0,0,0,0,0,0,0,0,0
264360,68,bully,2065,1,0,0,96,0,1344,0,1,68,262295,2065,0,97,0,0,0,LEADER,1,0,0,96,0,0,0,0,0,0,0,0,0,0,0
263761,45,bully,1466,1,0,0,96,0,1344,0,1,45,262295,1466,0,97,0,0,0,LEADER,1,0,0,96,0,0,0,0,0,0,0,0,0,0,0
264118,93,bully,1823,1,0,0,96,0,1344,0,1,93,262295,1823,0,97,0,0,0,LEADER,1,0,0,96,0,0,0,0,0,0,0,0,0,0,0
264699,82,bully,2404,1,0,0,96,0,1344,0,1,82,262295,2404,0,97,0,0,0,LEADER,1,0,0,96,0,0,0,0,0,0,0,0,0,0,0
264693,51,bully,2398,1,0,0,96,0,1344,0,1,51,262295,2398,0,97,0,0,0,LEADER,1,0,0,96,0,0,0,0,0,0,0,0,0,0,0
264238,39,bully,1943,1,0,0,96,0,1344,0,1,39,262295,1943,0,97,0,0,0,LEADER,1,0,0,96,0,0,0,0,0,0,0,0,0,0,0
263984,78,bully,1689,1,0,0,96,0,1344,0,1,78,262295,1689,0,97,0,0,0,LEADER,1,0,0,96,0,0,0,0,0,0,0,0,0,0,0
264372,79,bully,2077,1,0,0,96,0,1344,0,1,79,262295,2077,0,97,0,0,0,LEADER,1,0,0,96,0,0,0,0,0,0,0,0,0,0,0
263947,14,bully,1652,1,0,0,96,0,1344,0,1,14,262295,1652,0,97,0,0,0,LEADER,1,0,0,96,0,0,0,0,0,0,0,0,0,0,0
264374,36,bully,2080,1,0,0,96,0,1344,0,1,36,262294,2080,0,97,0,0,0,LEADER,1,0,0,96,0,0,0,0,0,0,0,0,0,0,0
264257,81,bully,1962,1,0,0,96,0,1344,0,1,81,262295,1962,0,97,0,0,0,LEADER,1,0,0,96,0,0,0,0,0,0,0,0,0,0,0
263917,67,bully,1622,1,0,0,96,0,1344,0,1,67,262295,1622,0,97,0,0,0,LEADER,1,0,0,96,0,0,0,0,0,0,0,0,0,0,0
264678,83,bully,2383,1,0,0,96,0,1344,0,1,83,262295,2383,0,97,0,0,0,LEADER,1,0,0,96,0,0,0,0,0,0,0,0,0,0,0
264822,99,bully,1607,1,0,0,96,0,1344,0,1,99,263215,1607,0,97,0,0,0,LEADER,1,0,0,96,0,0,0,0,0,0,0,0,0,0,0
263999,55,bully,1704,1,0,0,96,0,1344,0,1,55,262295,1704,0,97,0,0,0,LEADER,1,0,0,96,0,0,0,0,0,0,0,0,0,0,0
264789,89,bully,1574,1,0,0,96,0,1344,0,1,89,263215,1574,0,97,0,0,0,LEADER,1,0,0,96,0,0,0,0,0,0,0,0,0,0,0
263951,77,bully,1656,1,0,0,96,0,1344,0,1,77,262295,1656,0,97,0,0,0,LEADER,1,0,0,96,0,0,0,0,0,0,0,0,0,0,0
264223,71,bully,1928,1,0,0,96,0,1344,0,1,71,262295,1928,0,97,0,0,0,LEADER,1,0,0,96,0,0,0,0,0,0,0,0,0,0,0
264500,76,bully,2213,1,0,0,96,0,1344,0,1,76,262287,2213,0,97,0,0,0,LEADER,1,0,0,96,0,0,0,0,0,0,0,0,0,0,0
264137,52,bully,1840,1,0,0,96,0,1344,0,1,52,262297,1840,0,97,0,0,0,LEADER,1,0,0,96,0,0,0,0,0,0,0,0,0,0,0
264102,10,bully,1807,1,0,0,96,0,1344,0,1,10,262295,1807,0,97,0,0,0,LEADER,1,0,0,96,0,0,0,0,0,0,0,0,0,0,0
264035,22,bully,1740,1,0,0,96,0,1344,0,1,22,262295,1740,0,97,0,0,0,LEADER,1,0,0,96,0,0,0,0,0,0,0,0,0,0,0
264180,21,bully,1889,1,0,0,96,0,1344,0,1,21,262291,1889,0,97,0,0,0,LEADER,1,0,0,96,0,0,0,0,0,0,0,0,0,0,0
264441,56,bully,2146,1,0,0,96,0,1344,0,1,56,262295,2146,0,97,0,0,0,LEADER,1,0,0,96,0,0,0,0,0,0,0,0,0,0,0
263966,60,bully,1671,1,0,0,96,0,1344,0,1,60,262295,1671,0,97,0,0,0,LEADER,1,0,0,96,0,0,0,0,0,0,0,0,0,0,0
264819,25,bully,1604,1,0,0,96,0,1344,0,1,25,263215,1604,0,97,0,0,0,LEADER,1,0,0,96,0,0,0,0,0,0,0,0,0,0,0
264032,65,bully,1737,1,0,0,96,0,1344,0,1,65,262295,1737,0,97,0,0,0,LEADER,1,0,0,96,0,0,0,0,0,0,0,0,0,0,0
264708,19,bully,2413,1,0,0,96,0,1344,0,1,19,262295,2413,0,97,0,0,0,LEADER,1,0,0,96,0,0,0,0,0,0,0,0,0,0,0
264338,69,bully,2043,1,0,0,96,0,1344,0,1,69,262295,2043,0,97,0,0,0,LEADER,1,0,0,96,0,0,0,0,0,0,0,0,0,0,0
264940,54,bully,1725,1,0,0,96,0,1344,0,1,54,263215,1725,0,97,0,0,0,LEADER,1,0,0,96,0,0,0,0,0,0,0,0,0,0,0
264287,17,bully,1992,1,0,0,96,0,1344,0,1,17,262295,1992,0,97,0,0,0,LEADER,1,0,0,96,0,0,0,0,0,0,0,0,0,0,0
264801,100,bully,1586,1,0,0,96,0,1344,0,1,100,263215,1586,0,97,0,0,0,LEADER,1,0,0,96,0,0,0,0,0,0,0,0,0,0,0
264764,16,bully,1549,1,0,0,96,0,1344,0,1,16,263215,1549,0,97,0,0,0,LEADER,1,0,0,96,0,0,0,0,0,0,0,0,0,0,0
264353,37,bully,2058,1,0,0,96,0,1344,0,1,37,262295,2058,0,97,0,0,0,LEADER,1,0,0,96,0,0,0,0,0,0,0,0,0,0,0
264989,13,bully,1774,1,0,0,96,0,1344,0,1,13,263215,1774,0,97,0,0,0,LEADER,1,0,0,96,0,0,0,0,0,0,0,0,0,0,0
264150,20,bully,1855,1,0,0,96,0,1344,0,1,20,262295,1855,0,97,0,0,0,LEADER,1,0,0,96,0,0,0,0,0,0,0,0,0,0,0
264782,41,bully,1567,1,0,0,96,0,1344,0,1,41,263215,1567,0,97,0,0,0,LEADER,1,0,0,96,0,0,0,0,0,0,0,0,0,0,0
264771,47,bully,1556,1,0,0,96,0,1344,0,1,47,263215,1556,0,97,0,0,0,LEADER,1,0,0,96,0,0,0,0,0,0,0,0,0,0,0
264597,95,bully,2301,1,0,0,96,0,1344,0,1,95,262296,2301,0,97,0,0,0,LEADER,1,0,0,96,0,0,0,0,0,0,0,0,0,0,0
264460,98,bully,2165,1,0,0,96,0,1344,0,1,98,262295,2165,0,97,0,0,0,LEADER,1,0,0,96,0,0,0,0,0,0,0,0,0,0,0
264644,73,bully,2349,1,0,0,96,0,1344,0,1,73,262295,2349,0,97,0,0,0,LEADER,1,0,0,96,0,0,0,0,0,0,0,0,0,0,0
264967,33,bully,1752,1,0,0,96,0,1344,0,1,33,263215,1752,0,97,0,0,0,LEADER,1,0,0,96,0,0,0,0,0,0,0,0,0,0,0
264190,61,bully,1895,1,0,0,96,0,1344,0,1,61,262295,1895,0,97,0,0,0,LEADER,1,0,0,96,0,0,0,0,0,0,0,0,0,0,0
264937,97,bully,1722,1,0,0,96,0,1344,0,1,97,263215,1722,0,97,0,0,0,LEADER,1,0,0,96,0,0,0,0,0,0,0,0,0,0,0
265137,40,bully,1922,1,0,0,96,0,1344,0,1,40,263215,1922,0,97,0,0,0,LEADER,1,0,0,96,0,0,0,0,0,0,0,0,0,0,0
264626,31,bully,2331,1,0,0,96,0,1344,0,1,31,262295,2331,0,97,0,0,0,LEADER,1,0,0,96,0,0,0,0,0,0,0,0,0,0,0
265127,29,bully,1910,1,0,0,96,0,1344,0,1,29,263217,1910,0,97,0,0,0,LEADER,1,0,0,96,0,0,0,0,0,0,0,0,0,0,0
264953,96,bully,1744,1,0,0,96,0,1344,0,1,96,263209,1744,0,97,0,0,0,LEADER,1,0,0,96,0,0,0,0,0,0,0,0,0,0,0
265040,84,bully,1825,1,0,0,96,0,1344,0,1,84,263215,1825,0,97,0,0,0,LEADER,1,0,0,96,0,0,0,0,0,0,0,0,0,0,0
264736,80,bully,1519,1,0,0,96,0,1344,0,1,80,263217,1519,0,97,0,0,0,LEADER,1,0,0,96,0,0,0,0,0,0,0,0,0,0,0
264578,53,bully,2283,1,0,0,96,0,1344,0,1,53,262295,2283,0,97,0,0,0,LEADER,1,0,0,96,0,0,0,0,0,0,0,0,0,0,0
264653,92,bully,1438,1,0,0,96,0,1344,0,1,92,263215,1438,0,97,0,0,0,LEADER,1,0,0,96,0,0,0,0,0,0,0,0,0,0,0
264823,91,bully,1619,1,0,0,96,0,1344,0,1,91,263204,1619,0,97,0,0,0,LEADER,1,0,0,96,0,0,0,0,0,0,0,0,0,0,0
265089,62,bully,1874,1,0,0,96,0,1344,0,1,62,263215,1874,0,97,0,0,0,LEADER,1,0,0,96,0,0,0,0,0,0,0,0,0,0,0
264786,15,bully,1571,1,0,0,96,0,1344,0,1,15,263215,1571,0,97,0,0,0,LEADER,1,0,0,96,0,0,0,0,0,0,0,0,0,0,0
264456,26,bully,2161,1,0,0,96,0,1344,0,1,26,262295,2161,0,97,0,0,0,LEADER,1,0,0,96,0,0,0,0,0,0,0,0,0,0,0
265192,49,bully,1977,1,0,0,96,0,1344,0,1,49,263215,1977,0,97,0,0,0,LEADER,1,0,0,96,0,0,0,0,0,0,0,0,0,0,0
265007,58,bully,1792,1,0,0,96,0,1344,0,1,58,263215,1792,0,97,0,0,0,LEADER,1,0,0,96,0,0,0,0,0,0,0,0,0,0,0
264541,86,bully,2246,1,0,0,96,0,1344,0,1,86,262295,2246,0,97,0,0,0,LEADER,1,0,0,96,0,0,0,0,0,0,0,0,0,0,0
264714,50,bully,2419,1,0,0,96,0,1344,0,1,50,262295,2419,0,97,0,0,0,LEADER,1,0,0,96,0,0,0,0,0,0,0,0,0,0,0
264502,87,bully,2212,1,0,0,96,0,1344,0,1,87,262290,2212,0,97,0,0,0,LEADER,1,0,0,96,0,0,0,0,0,0,0,0,0,0,0
264564,85,bully,2268,1,0,0,96,0,1344,0,1,85,262296,2268,0,97,0,0,0,LEADER,1,0,0,96,0,0,0,0,0,0,0,0,0,0,0
264711,64,bully,2416,1,0,0,96,0,1344,0,1,64,262295,2416,0,97,0,0,0,LEADER,1,0,0,96,0,0,0,0,0,0,0,0,0,0,0
264649,18,bully,1434,1,0,0,96,0,1344,0,1,18,263215,1434,0,97,0,0,0,LEADER,1,0,0,96,0,0,0,0,0,0,0,0,0,0,0
264560,11,bully,2264,1,0,0,96,0,1344,0,1,11,262296,2264,0,97,0,0,0,LEADER,1,0,0,96,0,0,0,0,0,0,0,0,0,0,0
264768,90,bully,1553,1,0,0,96,0,1344,0,1,90,263215,1553,0,97,0,0,0,LEADER,1,0,0,96,0,0,0,0,0,0,0,0,0,0,0
264662,35,bully,1447,1,0,0,96,0,1344,0,1,35,263215,1447,0,97,0,0,0,LEADER,1,0,0,96,0,0,0,0,0,0,0,0,0,0,0
264544,43,bully,2249,1,0,0,96,0,1344,0,1,43,262295,2249,0,97,0,0,0,LEADER,1,0,0,96,0,0,0,0,0,0,0,0,0,0,0
264682,28,bully,1467,1,0,0,96,0,1344,0,1,28,263215,1467,0,97,0,0,0,LEADER,1,0,0,96,0,0,0,0,0,0,0,0,0,0,0
264521,44,bully,2228,1,0,0,96,0,1344,0,1,44,262293,2228,0,97,0,0,0,LEADER,1,0,0,96,0,0,0,0,0,0,0,0,0,0,0
265356,23,bully,2141,1,0,0,96,0,1344,0,1,23,263215,2141,0,97,0,0,0,LEADER,1,0,0,96,0,0,0,0,0,0,0,0,0,0,0
264676,30,bully,1461,1,0,0,96,0,1344,0,1,30,263215,1461,0,97,0,0,0,LEADER,1,0,0,96,0,0,0,0,0,0,0,0,0,0,0
265076,94,bully,1859,1,0,0,96,0,1344,0,1,94,263217,1859,0,97,0,0,0,LEADER,1,0,0,96,0,0,0,0,0,0,0,0,0,0,0
264716,38,bully,1501,1,0,0,96,0,1344,0,1,38,263215,1501,0,97,0,0,0,LEADER,1,0,0,96,0,0,0,0,0,0,0,0,0,0,0
265395,66,bully,2180,1,0,0,96,0,1344,0,1,66,263215,2180,0,97,0,0,0,LEADER,1,0,0,96,0,0,0,0,0,0,0,0,0,0,0
264701,70,bully,1486,1,0,0,96,0,1344,0,1,70,263215,1486,0,97,0,0,0,LEADER,1,0,0,96,0,0,0,0,0,0,0,0,0,0,0
265346,88,bully,2131,1,0,0,96,0,1344,0,1,88,263215,2131,0,97,0,0,0,LEADER,1,0,0,96,0,0,0,0,0,0,0,0,0,0,0
264530,75,bully,2235,1,0,0,96,0,1344,0,1,75,262295,2235,0,97,0,0,0,LEADER,1,0,0,96,0,0,0,0,0,0,0,0,0,0,0
264540,12,bully,2243,1,0,0,96,0,1344,0,1,12,262297,2243,0,97,0,0,0,LEADER,1,0,0,96,0,0,0,0,0,0,0,0,0,0,0
265240,27,bully,2025,1,0,0,96,0,1344,0,1,27,263215,2025,0,97,0,0,0,LEADER,1,0,0,96,0,0,0,0,0,0,0,0,0,0,0
264729,42,bully,1514,1,0,0,96,0,1344,0,1,42,263215,1514,0,97,0,0,0,LEADER,1,0,0,96,0,0,0,0,0,0,0,0,0,0,0
265376,24,bully,2161,1,0,0,96,0,1344,0,1,24,263215,2161,0,97,0,0,0,LEADER,1,0,0,96,0,0,0,0,0,0,0,0,0,0,0
265328,46,bully,2113,1,0,0,96,0,1344,0,1,46,263215,2113,0,97,0,0,0,LEADER,1,0,0,96,0,0,0,0,0,0,0,0,0,0,0
265225,59,bully,2010,1,0,0,96,0,1344,0,1,59,263215,2010,0,97,0,0,0,LEADER,1,0,0,96,0,0,0,0,0,0,0,0,0,0,0
264853,34,bully,1637,1,0,0,96,0,1344,0,1,34,263216,1637,0,97,0,0,0,LEADER,1,0,0,96,0,0,0,0,0,0,0,0,0,0,0
265507,32,bully,2292,1,0,0,96,0,1344,0,1,32,263215,2292,0,97,0,0,0,LEADER,1,0,0,96,0,0,0,0,0,0,0,0,0,0,0
265123,72,bully,1907,1,0,0,96,0,1344,0,1,72,263216,1907,0,97,0,0,0,LEADER,1,0,0,96,0,0,0,0,0,0,0,0,0,0,0
265534,63,bully,2316,1,0,0,96,0,1344,0,1,63,263218,2316,0,97,0,0,0,LEADER,1,0,0,96,0,0,0,0,0,0,0,0,0,0,0
265007,74,bully,1792,1,0,0,96,0,1344,0,1,74,263215,1792,0,97,0,0,0,LEADER,1,0,0,96,0,0,0,0,0,0,0,0,0,0,0
264749,48,bully,1534,1,0,0,96,0,1344,0,1,48,263215,1534,0,97,0,0,0,LEADER,1,0,0,96,0,0,0,0,0,0,0,0,0,0,0
265212,57,bully,1995,1,0,0,96,0,1344,0,1,57,263217,1995,0,97,0,0,0,LEADER,1,0,0,96,0,0,0,0,0,0,0,0,0,0,0
265280,68,bully,2065,1,0,0,96,0,1344,0,1,68,263215,2065,0,97,0,0,0,LEADER,1,0,0,96,0,0,0,0,0,0,0,0,0,0,0
264997,7,bully,2253,1,0,0,23,40,322,560,6,4,262744,2253,0,9,0,0,0,NORMAL,0,0,0,23,0,0,0,40,0,0,0,0,0,0,0
264681,45,bully,1466,1,0,0,96,0,1344,0,1,45,263215,1466,0,97,0,0,0,LEADER,1,0,0,96,0,0,0,0,0,0,0,0,0,0,0
265038,93,bully,1823,1,0,0,96,0,1344,0,1,93,263215,1823,0,97,0,0,0,LEADER,1,0,0,96,0,0,0,0,0,0,0,0,0,0,0
265619,82,bully,2404,1,0,0,96,0,1344,0,1,82,263215,2404,0,97,0,0,0,LEADER,1,0,0,96,0,0,0,0,0,0,0,0,0,0,0
265613,51,bully,2398,1,0,0,96,0,1344,0,1,51,263215,2398,0,97,0,0,0,LEADER,1,0,0,96,0,0,0,0,0,0,0,0,0,0,0
265158,39,bully,1943,1,0,0,96,0,1344,0,1,39,263215,1943,0,97,0,0,0,LEADER,1,0,0,96,0,0,0,0,0,0,0,0,0,0,0
264904,78,bully,1689,1,0,0,96,0,1344,0,1,78,263215,1689,0,97,0,0,0,LEADER,1,0,0,96,0,0,0,0,0,0,0,0,0,0,0
265292,79,bully,2077,1,0,0,96,0,1344,0,1,79,263215,2077,0,97,0,0,0,LEADER,1,0,0,96,0,0,0,0,0,0,0,0,0,0,0
264867,14,bully,1652,1,0,0,96,0,1344,0,1,14,263215,1652,0,97,0,0,0,LEADER,1,0,0,96,0,0,0,0,0,0,0,0,0,0,0
265294,36,bully,2080,1,0,0,96,0,1344,0,1,36,263214,2080,0,97,0,0,0,LEADER,1,0,0,96,0,0,0,0,0,0,0,0,0,0,0
265177,81,bully,1962,1,0,0,96,0,1344,0,1,81,263215,1962,0,97,0,0,0,LEADER,1,0,0,96,0,0,0,0,0,0,0,0,0,0,0
264837,67,bully,1622,1,0,0,96,0,1344,0,1,67,263215,1622,0,97,0,0,0,LEADER,1,0,0,96,0,0,0,0,0,0,0,0,0,0,0
265598,83,bully,2383,1,0,0,96,0,1344,0,1,83,263215,2383,0,97,0,0,0,LEADER,1,0,0,96,0,0,0,0,0,0,0,0,0,0,0
265742,99,bully,1607,1,0,0,96,0,1344,0,1,99,264135,1607,0,97,0,0,0,LEADER,1,0,0,96,0,0,0,0,0,0,0,0,0,0,0
264919,55,bully,1704,1,0,0,96,0,1344,0,1,55,263215,1704,0,97,0,0,0,LEADER,1,0,0,96,0,0,0,0,0,0,0,0,0,0,0
265709,89,bully,1574,1,0,0,96,0,1344,0,1,89,264135,1574,0,97,0,0,0,LEADER,1,0,0,96,0,0,0,0,0,0,0,0,0,0,0
264871,77,bully,1656,1,0,0,96,0,1344,0,1,77,263215,1656,0,97,0,0,0,LEADER,1,0,0,96,0,0,0,0,0,0,0,0,0,0,0
265143,71,bully,1928,1,0,0,96,0,1344,0,1,71,263215,1928,0,97,0,0,0,LEADER,1,0,0,96,0,0,0,0,0,0,0,0,0,0,0
265420,76,bully,2213,1,0,0,96,0,1344,0,1,76,263207,2213,0,97,0,0,0,LEADER,1,0,0,96,0,0,0,0,0,0,0,0,0,0,0
265057,52,bully,1840,1,0,0,96,0,1344,0,1,52,263217,1840,0,97,0,0,0,LEADER,1,0,0,96,0,0,0,0,0,0,0,0,0,0,0
265022,10,bully,1807,1,0,0,96,0,1344,0,1,10,263215,1807,0,97,0,0,0,LEADER,1,0,0,96,0,0,0,0,0,0,0,0,0,0,0
264955,22,bully,1740,1,0,0,96,0,1344,0,1,22,263215,1740,0,97,0,0,0,LEADER,1,0,0,96,0,0,0,0,0,0,0,0,0,0,0
265100,21,bully,1889,1,0,0,96,0,1344,0,1,21,263211,1889,0,97,0,0,0,LEADER,1,0,0,96,0,0,0,0,0,0,0,0,0,0,0
265361,56,bully,2146,1,0,0,96,0,1344,0,1,56,263215,2146,0,97,0,0,0,LEADER,1,0,0,96,0,0,0,0,0,0,0,0,0,0,0
264886,60,bully,1671,1,0,0,96,0,1344,0,1,60,263215,1671,0,97,0,0,0,LEADER,1,0,0,96,0,0,0,0,0,0,0,0,0,0,0
265739,25,bully,1604,1,0,0,96,0,1344,0,1,25,264135,1604,0,97,0,0,0,LEADER,1,0,0,96,0,0,0,0,0,0,0,0,0,0,0
264952,65,bully,1737,1,0,0,96,0,1344,0,1,65,263215,1737,0,97,0,0,0,LEADER,1,0,0,96,0,0,0,0,0,0,0,0,0,0,0
265628,19,bully,2413,1,0,0,96,0,1344,0,1,19,263215,2413,0,97,0,0,0,LEADER,1,0,0,96,0,0,0,0,0,0,0,0,0,0,0
265258,69,bully,2043,1,0,0,96,0,1344,0,1,69,263215,2043,0,97,0,0,0,LEADER,1,0,0,96,0,0,0,0,0,0,0,0,0,0,0
265860,54,bully,1725,1,0,0,96,0,1344,0,1,54,264135,1725,0,97,0,0,0,LEADER,1,0,0,96,0,0,0,0,0,0,0,0,0,0,0
265207,17,bully,1992,1,0,0,96,0,1344,0,1,17,263215,1992,0,97,0,0,0,LEADER,1,0,0,96,0,0,0,0,0,0,0,0,0,0,0
265721,100,bully,1586,1,0,0,96,0,1344,0,1,100,264135,1586,0,97,0,0,0,LEADER,1,0,0,96,0,0,0,0,0,0,0,0,0,0,0
265684,16,bully,1549,1,0,0,96,0,1344,0,1,16,264135,1549,0,97,0,0,0,LEADER,1,0,0,96,0,0,0,0,0,0,0,0,0,0,0
265273,37,bully,2058,1,0,0,96,0,1344,0,1,37,263215,2058,0,97,0,0,0,LEADER,1,0,0,96,0,0,0,0,0,0,0,0,0,0,0
265909,13,bully,1774,1,0,0,96,0,1344,0,1,13,264135,1774,0,97,0,0,0,LEADER,1,0,0,96,0,0,0,0,0,0,0,0,0,0,0
265070,20,bully,1855,1,0,0,96,0,1344,0,1,20,263215,1855,0,97,0,0,0,LEADER,1,0,0,96,0,0,0,0,0,0,0,0,0,0,0
265702,41,bully,1567,1,0,0,96,0,1344,0,1,41,264135,1567,0,97,0,0,0,LEADER,1,0,0,96,0,0,0,0,0,0,0,0,0,0,0
265691,47,bully,1556,1,0,0,96,0,1344,0,1,47,264135,1556,0,97,0,0,0,LEADER,1,0,0,96,0,0,0,0,0,0,0,0,0,0,0
265517,95,bully,2301,1,0,0,96,0,1344,0,1,95,263216,2301,0,97,0,0,0,LEADER,1,0,0,96,0,0,0,0,0,0,0,0,0,0,0
265380,98,bully,2165,1,0,0,96,0,1344,0,1,98,263215,2165,0,97,0,0,0,LEADER,1,0,0,96,0,0,0,0,0,0,0,0,0,0,0
265564,73,bully,2349,1,0,0,96,0,1344,0,1,73,263215,2349,0,97,0,0,0,LEADER,1,0,0,96,0,0,0,0,0,0,0,0,0,0,0
265887,33,bully,1752,1,0,0,96,0,1344,0,1,33,264135,1752,0,97,0,0,0,LEADER,1,0,0,96,0,0,0,0,0,0,0,0,0,0,0
265110,61,bully,1895,1,0,0,96,0,1344,0,1,61,263215,1895,0,97,0,0,0,LEADER,1,0,0,96,0,0,0,0,0,0,0,0,0,0,0
265857,97,bully,1722,1,0,0,96,0,1344,0,1,97,264135,1722,0,97,0,0,0,LEADER,1,0,0,96,0,0,0,0,0,0,0,0,0,0,0
265546,31,bully,2331,1,0,0,96,0,1344,0,1,31,263215,2331,0,97,0,0,0,LEADER,1,0,0,96,0,0,0,0,0,0,0,0,0,0,0
266057,40,bully,1922,1,0,0,96,0,1344,0,1,40,264135,1922,0,97,0,0,0,LEADER,1,0,0,96,0,0,0,0,0,0,0,0,0,0,0
266047,29,bully,1910,1,0,0,96,0,1344,0,1,29,264137,1910,0,97,0,0,0,LEADER,1,0,0,96,0,0,0,0,0,0,0,0,0,0,0
265873,96,bully,1744,1,0,0,96,0,1344,0,1,96,264129,1744,0,97,0,0,0,LEADER,1,0,0,96,0,0,0,0,0,0,0,0,0,0,0
265960,84,bully,1825,1,0,0,96,0,1344,0,1,84,264135,1825,0,97,0,0,0,LEADER,1,0,0,96,0,0,0,0,0,0,0,0,0,0,0
265656,80,bully,1519,1,0,0,96,0,1344,0,1,80,264137,1519,0,97,0,0,0,LEADER,1,0,0,96,0,0,0,0,0,0,0,0,0,0,0
265498,53,bully,2283,1,0,0,96,0,1344,0,1,53,263215,2283,0,97,0,0,0,LEADER,1,0,0,96,0,0,0,0,0,0,0,0,0,0,0
265573,92,bully,1438,1,0,0,96,0,1344,0,1,92,264135,1438,0,97,0,0,0,LEADER,1,0,0,96,0,0,0,0,0,0,0,0,0,0,0
265743,91,bully,1619,1,0,0,96,0,1344,0,1,91,264124,1619,0,97,0,0,0,LEADER,1,0,0,96,0,0,0,0,0,0,0,0,0,0,0
266009,62,bully,1874,1,0,0,96,0,1344,0,1,62,264135,1874,0,97,0,0,0,LEADER,1,0,0,96,0,0,0,0,0,0,0,0,0,0,0
265706,15,bully,1571,1,0,0,96,0,1344,0,1,15,264135,1571,0,97,0,0,0,LEADER,1,0,0,96,0,0,0,0,0,0,0,0,0,0,0
265376,26,bully,2161,1,0,0,96,0,1344,0,1,26,263215,2161,0,97,0,0,0,LEADER,1,0,0,96,0,0,0,0,0,0,0,0,0,0,0
266112,49,bully,1977,1,0,0,96,0,1344,0,1,49,264135,1977,0,97,0,0,0,LEADER,1,0,0,96,0,0,0,0,0,0,0,0,0,0,0
265927,58,bully,1792,1,0,0,96,0,1344,0,1,58,264135,1792,0,97,0,0,0,LEADER,1,0,0,96,0,0,0,0,0,0,0,0,0,0,0
265461,86,bully,2246,1,0,0,96,0,1344,0,1,86,263215,2246,0,97,0,0,0,LEADER,1,0,0,96,0,0,0,0,0,0,0,0,0,0,0
265634,50,bully,2419,1,0,0,96,0,1344,0,1,50,263215,2419,0,97,0,0,0,LEADER,1,0,0,96,0,0,0,0,0,0,0,0,0,0,0
265422,87,bully,2212,1,0,0,96,0,1344,0,1,87,263210,2212,0,97,0,0,0,LEADER,1,0,0,96,0,0,0,0,0,0,0,0,0,0,0
265484,85,bully,2268,1,0,0,96,0,1344,0,1,85,263216,2268,0,97,0,0,0,LEADER,1,0,0,96,0,0,0,0,0,0,0,0,0,0,0
265631,64,bully,2416,1,0,0,96,0,1344,0,1,64,263215,2416,0,97,0,0,0,LEADER,1,0,0,96,0,0,0,0,0,0,0,0,0,0,0
265569,18,bully,1434,1,0,0,96,0,1344,0,1,18,264135,1434,0,97,0,0,0,LEADER,1,0,0,96,0,0,0,0,0,0,0,0,0,0,0
265480,11,bully,2264,1,0,0,96,0,1344,0,1,11,263216,2264,0,97,0,0,0,LEADER,1,0,0,96,0,0,0,0,0,0,0,0,0,0,0
265688,90,bully,1553,1,0,0,96,0,1344,0,1,90,264135,1553,0,97,0,0,0,LEADER,1,0,0,96,0,0,0,0,0,0,0,0,0,0,0
265582,35,bully,1447,1,0,0,96,0,1344,0,1,35,264135,1447,0,97,0,0,0,LEADER,1,0,0,96,0,0,0,0,0,0,0,0,0,0,0
265464,43,bully,2249,1,0,0,96,0,1344,0,1,43,263215,2249,0,97,0,0,0,LEADER,1,0,0,96,0,0,0,0,0,0,0,0,0,0,0
265602,28,bully,1467,1,0,0,96,0,1344,0,1,28,264135,1467,0,97,0,0,0,LEADER,1,0,0,96,0,0,0,0,0,0,0,0,0,0,0
265441,44,bully,2228,1,0,0,96,0,1344,0,1,44,263213,2228,0,97,0,0,0,LEADER,1,0,0,96,0,0,0,0,0,0,0,0,0,0,0
266276,23,bully,2141,1,0,0,96,0,1344,0,1,23,264135,2141,0,97,0,0,0,LEADER,1,0,0,96,0,0,0,0,0,0,0,0,0,0,0
265596,30,bully,1461,1,0,0,96,0,1344,0,1,30,264135,1461,0,97,0,0,0,LEADER,1,0,0,96,0,0,0,0,0,0,0,0,0,0,0
265996,94,bully,1859,1,0,0,96,0,1344,0,1,94,264137,1859,0,97,0,0,0,LEADER,1,0,0,96,0,0,0,0,0,0,0,0,0,0,0
265636,38,bully,1501,1,0,0,96,0,1344,0,1,38,264135,1501,0,97,0,0,0,LEADER,1,0,0,96,0,0,0,0,0,0,0,0,0,0,0
266315,66,bully,2180,1,0,0,96,0,1344,0,1,66,264135,2180,0,97,0,0,0,LEADER,1,0,0,96,0,0,0,0,0,0,0,0,0,0,0
265621,70,bully,1486,1,0,0,96,0,1344,0,1,70,264135,1486,0,97,0,0,0,LEADER,1,0,0,96,0,0,0,0,0,0,0,0,0,0,0
266266,88,bully,2131,1,0,0,96,0,1344,0,1,88,264135,2131,0,97,0,0,0,LEADER,1,0,0,96,0,0,0,0,0,0,0,0,0,0,0
265450,75,bully,2235,1,0,0,96,0,1344,0,1,75,263215,2235,0,97,0,0,0,LEADER,1,0,0,96,0,0,0,0,0,0,0,0,0,0,0
265460,12,bully,2243,1,0,0,96,0,1344,0,1,12,263217,2243,0,97,0,0,0,LEADER,1,0,0,96,0,0,0,0,0,0,0,0,0,0,0
266160,27,bully,2025,1,0,0,96,0,1344,0,1,27,264135,2025,0,97,0,0,0,LEADER,1,0,0,96,0,0,0,0,0,0,0,0,0,0,0
265649,42,bully,1514,1,0,0,96,0,1344,0,1,42,264135,1514,0,97,0,0,0,LEADER,1,0,0,96,0,0,0,0,0,0,0,0,0,0,0
266296,24,bully,2161,1,0,0,96,0,1344,0,1,24,264135,2161,0,97,0,0,0,LEADER,1,0,0,96,0,0,0,0,0,0,0,0,0,0,0
266248,46,bully,2113,1,0,0,96,0,1344,0,1,46,264135,2113,0,97,0,0,0,LEADER,1,0,0,96,0,0,0,0,0,0,0,0,0,0,0
266145,59,bully,2010,1,0,0,96,0,1344,0,1,59,264135,2010,0,97,0,0,0,LEADER,1,0,0,96,0,0,0,0,0,0,0,0,0,0,0
266427,32,bully,2292,1,0,0,96,0,1344,0,1,32,264135,2292,0,97,0,0,0,LEADER,1,0,0,96,0,0,0,0,0,0,0,0,0,0,0
265773,34,bully,1637,1,0,0,96,0,1344,0,1,34,264136,1637,0,97,0,0,0,LEADER,1,0,0,96,0,0,0,0,0,0,0,0,0,0,0
266043,72,bully,1907,1,0,0,96,0,1344,0,1,72,264136,1907,0,97,0,0,0,LEADER,1,0,0,96,0,0,0,0,0,0,0,0,0,0,0
266454,63,bully,2316,1,0,0,96,0,1344,0,1,63,264138,2316,0,97,0,0,0,LEADER,1,0,0,96,0,0,0,0,0,0,0,0,0,0,0
265927,74,bully,1792,1,0,0,96,0,1344,0,1,74,264135,1792,0,97,0,0,0,LEADER,1,0,0,96,0,0,0,0,0,0,0,0,0,0,0
265669,48,bully,1534,1,0,0,96,0,1344,0,1,48,264135,1534,0,97,0,0,0,LEADER,1,0,0,96,0,0,0,0,0,0,0,0,0,0,0
266132,57,bully,1995,1,0,0,96,0,1344,0,1,57,264137,1995,0,97,0,0,0,LEADER,1,0,0,96,0,0,0,0,0,0,0,0,0,0,0
266200,68,bully,2065,1,0,0,96,0,1344,0,1,68,264135,2065,0,97,0,0,0,LEADER,1,0,0,96,0,0,0,0,0,0,0,0,0,0,0
265601,45,bully,1466,1,0,0,96,0,1344,0,1,45,264135,1466,0,97,0,0,0,LEADER,1,0,0,96,0,0,0,0,0,0,0,0,0,0,0
265958,93,bully,1823,1,0,0,96,0,1344,0,1,93,264135,1823,0,97,0,0,0,LEADER,1,0,0,96,0,0,0,0,0,0,0,0,0,0,0
266539,82,bully,2404,1,0,0,96,0,1344,0,1,82,264135,2404,0,97,0,0,0,LEADER,1,0,0,96,0,0,0,0,0,0,0,0,0,0,0
266533,51,bully,2398,1,0,0,96,0,1344,0,1,51,264135,2398,0,97,0,0,0,LEADER,1,0,0,96,0,0,0,0,0,0,0,0,0,0,0
266078,39,bully,1943,1,0,0,96,0,1344,0,1,39,264135,1943,0,97,0,0,0,LEADER,1,0,0,96,0,0,0,0,0,0,0,0,0,0,0
265824,78,bully,1689,1,0,0,96,0,1344,0,1,78,264135,1689,0,97,0,0,0,LEADER,1,0,0,96,0,0,0,0,0,0,0,0,0,0,0
266212,79,bully,2077,1,0,0,96,0,1344,0,1,79,264135,2077,0,97,0,0,0,LEADER,1,0,0,96,0,0,0,0,0,0,0,0,0,0,0
265787,14,bully,1652,1,0,0,96,0,1344,0,1,14,264135,1652,0,97,0,0,0,LEADER,1,0,0,96,0,0,0,0,0,0,0,0,0,0,0
266214,36,bully,2080,1,0,0,96,0,1344,0,1,36,264134,2080,0,97,0,0,0,LEADER,1,0,0,96,0,0,0,0,0,0,0,0,0,0,0
266097,81,bully,1962,1,0,0,96,0,1344,0,1,81,264135,1962,0,97,0,0,0,LEADER,1,0,0,96,0,0,0,0,0,0,0,0,0,0,0
265757,67,bully,1622,1,0,0,96,0,1344,0,1,67,264135,1622,0,97,0,0,0,LEADER,1,0,0,96,0,0,0,0,0,0,0,0,0,0,0
266518,83,bully,2383,1,0,0,96,0,1344,0,1,83,264135,2383,0,97,0,0,0,LEADER,1,0,0,96,0,0,0,0,0,0,0,0,0,0,0
266663,99,bully,1607,1,0,0,97,0,1358,0,1,99,265056,1607,0,98,0,0,0,LEADER,1,0,0,97,0,0,0,0,0,0,0,0,0,0,0
265839,55,bully,1704,1,0,0,96,0,1344,0,1,55,264135,1704,0,97,0,0,0,LEADER,1,0,0,96,0,0,0,0,0,0,0,0,0,0,0
266630,89,bully,1574,1,0,0,97,0,1358,0,1,89,265056,1574,0,98,0,0,0,LEADER,1,0,0,97,0,0,0,0,0,0,0,0,0,0,0
265791,77,bully,1656,1,0,0,96,0,1344,0,1,77,264135,1656,0,97,0,0,0,LEADER,1,0,0,96,0,0,0,0,0,0,0,0,0,0,0
266063,71,bully,1928,1,0,0,96,0,1344,0,1,71,264135,1928,0,97,0,0,0,LEADER,1,0,0,96,0,0,0,0,0,0,0,0,0,0,0
266340,76,bully,2213,1,0,0,96,0,1344,0,1,76,264127,2213,0,97,0,0,0,LEADER,1,0,0,96,0,0,0,0,0,0,0,0,0,0,0
265977,52,bully,1840,1,0,0,96,0,1344,0,1,52,264137,1840,0,97,0,0,0,LEADER,1,0,0,96,0,0,0,0,0,0,0,0,0,0,0
265942,10,bully,1807,1,0,0,96,0,1344,0,1,10,264135,1807,0,97,0,0,0,LEADER,1,0,0,96,0,0,0,0,0,0,0,0,0,0,0
265875,22,bully,1740,1,0,0,96,0,1344,0,1,22,264135,1740,0,97,0,0,0,LEADER,1,0,0,96,0,0,0,0,0,0,0,0,0,0,0
266020,21,bully,1889,1,0,0,96,0,1344,0,1,21,264131,1889,0,97,0,0,0,LEADER,1,0,0,96,0,0,0,0,0,0,0,0,0,0,0
266281,56,bully,2146,1,0,0,96,0,1344,0,1,56,264135,2146,0,97,0,0,0,LEADER,1,0,0,96,0,0,0,0,0,0,0,0,0,0,0
265806,60,bully,1671,1,0,0,96,0,1344,0,1,60,264135,1671,0,97,0,0,0,LEADER,1,0,0,96,0,0,0,0,0,0,0,0,0,0,0
266660,25,bully,1604,1,0,0,97,0,1358,0,1,25,265056,1604,0,98,0,0,0,LEADER,1,0,0,97,0,0,0,0,0,0,0,0,0,0,0
265872,65,bully,1737,1,0,0,96,0,1344,0,1,65,264135,1737,0,97,0,0,0,LEADER,1,0,0,96,0,0,0,0,0,0,0,0,0,0,0
266548,19,bully,2413,1,0,0,96,0,1344,0,1,19,264135,2413,0,97,0,0,0,LEADER,1,0,0,96,0,0,0,0,0,0,0,0,0,0,0
266178,69,bully,2043,1,0,0,96,0,1344,0,1,69,264135,2043,0,97,0,0,0,LEADER,1,0,0,96,0,0,0,0,0,0,0,0,0,0,0
266781,54,bully,1725,1,0,0,97,0,1358,0,1,54,265056,1725,0,98,0,0,0,LEADER,1,0,0,97,0,0,0,0,0,0,0,0,0,0,0
266127,17,bully,1992,1,0,0,96,0,1344,0,1,17,264135,1992,0,97,0,0,0,LEADER,1,0,0,96,0,0,0,0,0,0,0,0,0,0,0
266642,100,bully,1586,1,0,0,97,0,1358,0,1,100,265056,1586,0,98,0,0,0,LEADER,1,0,0,97,0,0,0,0,0,0,0,0,0,0,0
266605,16,bully,1549,1,0,0,97,0,1358,0,1,16,265056,1549,0,98,0,0,0,LEADER,1,0,0,97,0,0,0,0,0,0,0,0,0,0,0
266193,37,bully,2058,1,0,0,96,0,1344,0,1,37,264135,2058,0,97,0,0,0,LEADER,1,0,0,96,0,0,0,0,0,0,0,0,0,0,0
266830,13,bully,1774,1,0,0,97,0,1358,0,1,13,265056,1774,0,98,0,0,0,LEADER,1,0,0,97,0,0,0,0,0,0,0,0,0,0,0
265990,20,bully,1855,1,0,0,96,0,1344,0,1,20,264135,1855,0,97,0,0,0,LEADER,1,0,0,96,0,0,0,0,0,0,0,0,0,0,0
266623,41,bully,1567,1,0,0,97,0,1358,0,1,41,265056,1567,0,98,0,0,0,LEADER,1,0,0,97,0,0,0,0,0,0,0,0,0,0,0
266612,47,bully,1556,1,0,0,97,0,1358,0,1,47,265056,1556,0,98,0,0,0,LEADER,1,0,0,97,0,0,0,0,0,0,0,0,0,0,0
266437,95,bully,2301,1,0,0,96,0,1344,0,1,95,264136,2301,0,97,0,0,0,LEADER,1,0,0,96,0,0,0,0,0,0,0,0,0,0,0
266300,98,bully,2165,1,0,0,96,0,1344,0,1,98,264135,2165,0,97,0,0,0,LEADER,1,0,0,96,0,0,0,0,0,0,0,0,0,0,0
266484,73,bully,2349,1,0,0,96,0,1344,0,1,73,264135,2349,0,97,0,0,0,LEADER,1,0,0,96,0,0,0,0,0,0,0,0,0,0,0
266030,61,bully,1895,1,0,0,96,0,1344,0,1,61,264135,1895,0,97,0,0,0,LEADER,1,0,0,96,0,0,0,0,0,0,0,0,0,0,0
266778,97,bully,1722,1,0,0,97,0,1358,0,1,97,265056,1722,0,98,0,0,0,LEADER,1,0,0,97,0,0,0,0,0,0,0,0,0,0,0
266808,33,bully,1752,1,0,0,97,0,1358,0,1,33,265056,1752,0,98,0,0,0,LEADER,1,0,0,97,0,0,0,0,0,0,0,0,0,0,0
266466,31,bully,2331,1,0,0,96,0,1344,0,1,31,264135,2331,0,97,0,0,0,LEADER,1,0,0,96,0,0,0,0,0,0,0,0,0,0,0
266978,40,bully,1922,1,0,0,97,0,1358,0,1,40,265056,1922,0,98,0,0,0,LEADER,1,0,0,97,0,0,0,0,0,0,0,0,0,0,0
266968,29,bully,1910,1,0,0,97,0,1358,0,1,29,265058,1910,0,98,0,0,0,LEADER,1,0,0,97,0,0,0,0,0,0,0,0,0,0,0
266794,96,bully,1744,1,0,0,97,0,1358,0,1,96,265050,1744,0,98,0,0,0,LEADER,1,0,0,97,0,0,0,0,0,0,0,0,0,0,0
266881,84,bully,1825,1,0,0,97,0,1358,0,1,84,265056,1825,0,98,0,0,0,LEADER,1,0,0,97,0,0,0,0,0,0,0,0,0,0,0
266577,80,bully,1519,1,0,0,97,0,1358,0,1,80,265058,1519,0,98,0,0,0,LEADER,1,0,0,97,0,0,0,0,0,0,0,0,0,0,0
266418,53,bully,2283,1,0,0,96,0,1344,0,1,53,264135,2283,0,97,0,0,0,LEADER,1,0,0,96,0,0,0,0,0,0,0,0,0,0,0
266494,92,bully,1438,1,0,0,97,0,1358,0,1,92,265056,1438,0,98,0,0,0,LEADER,1,0,0,97,0,0,0,0,0,0,0,0,0,0,0
266664,91,bully,1619,1,0,0,97,0,1358,0,1,91,265045,1619,0,98,0,0,0,LEADER,1,0,0,97,0,0,0,0,0,0,0,0,0,0,0
266930,62,bully,1874,1,0,0,97,0,1358,0,1,62,265056,1874,0,98,0,0,0,LEADER,1,0,0,97,0,0,0,0,0,0,0,0,0,0,0
266627,15,bully,1571,1,0,0,97,0,1358,0,1,15,265056,1571,0,98,0,0,0,LEADER,1,0,0,97,0,0,0,0,0,0,0,0,0,0,0
266296,26,bully,2161,1,0,0,96,0,1344,0,1,26,264135,2161,0,97,0,0,0,LEADER,1,0,0,96,0,0,0,0,0,0,0,0,0,0,0
267033,49,bully,1977,1,0,0,97,0,1358,0,1,49,265056,1977,0,98,0,0,0,LEADER,1,0,0,97,0,0,0,0,0,0,0,0,0,0,0
266848,58,bully,1792,1,0,0,97,0,1358,0,1,58,265056,1792,0,98,0,0,0,LEADER,1,0,0,97,0,0,0,0,0,0,0,0,0,0,0
266381,86,bully,2246,1,0,0,96,0,1344,0,1,86,264135,2246,0,97,0,0,0,LEADER,1,0,0,96,0,0,0,0,0,0,0,0,0,0,0
266554,50,bully,2419,1,0,0,96,0,1344,0,1,50,264135,2419,0,97,0,0,0,LEADER,1,0,0,96,0,0,0,0,0,0,0,0,0,0,0
266404,85,bully,2268,1,0,0,96,0,1344,0,1,85,264136,2268,0,97,0,0,0,LEADER,1,0,0,96,0,0,0,0,0,0,0,0,0,0,0
266342,87,bully,2212,1,0,0,96,0,1344,0,1,87,264130,2212,0,97,0,0,0,LEADER,1,0,0,96,0,0,0,0,0,0,0,0,0,0,0
266551,64,bully,2416,1,0,0,96,0,1344,0,1,64,264135,2416,0,97,0,0,0,LEADER,1,0,0,96,0,0,0,0,0,0,0,0,0,0,0
266400,11,bully,2264,1,0,0,96,0,1344,0,1,11,264136,2264,0,97,0,0,0,LEADER,1,0,0,96,0,0,0,0,0,0,0,0,0,0,0
266490,18,bully,1434,1,0,0,97,0,1358,0,1,18,265056,1434,0,98,0,0,0,LEADER,1,0,0,97,0,0,0,0,0,0,0,0,0,0,0
266609,90,bully,1553,1,0,0,97,0,1358,0,1,90,265056,1553,0,98,0,0,0,LEADER,1,0,0,97,0,0,0,0,0,0,0,0,0,0,0
266503,35,bully,1447,1,0,0,97,0,1358,0,1,35,265056,1447,0,98,0,0,0,LEADER,1,0,0,97,0,0,0,0,0,0,0,0,0,0,0
266384,43,bully,2249,1,0,0,96,0,1344,0,1,43,264135,2249,0,97,0,0,0,LEADER,1,0,0,96,0,0,0,0,0,0,0,0,0,0,0
266523,28,bully,1467,1,0,0,97,0,1358,0,1,28,265056,1467,0,98,0,0,0,LEADER,1,0,0,97,0,0,0,0,0,0,0,0,0,0,0
266361,44,bully,2228,1,0,0,96,0,1344,0,1,44,264133,2228,0,97,0,0,0,LEADER,1,0,0,96,0,0,0,0,0,0,0,0,0,0,0
267197,23,bully,2141,1,0,0,97,0,1358,0,1,23,265056,2141,0,98,0,0,0,LEADER,1,0,0,97,0,0,0,0,0,0,0,0,0,0,0
266517,30,bully,1461,1,0,0,97,0,1358,0,1,30,265056,1461,0,98,0,0,0,LEADER,1,0,0,97,0,0,0,0,0,0,0,0,0,0,0
266917,94,bully,1859,1,0,0,97,0,1358,0,1,94,265058,1859,0,98,0,0,0,LEADER,1,0,0,97,0,0,0,0,0,0,0,0,0,0,0
266557,38,bully,1501,1,0,0,97,0,1358,0,1,38,265056,1501,0,98,0,0,0,LEADER,1,0,0,97,0,0,0,0,0,0,0,0,0,0,0
267236,66,bully,2180,1,0,0,97,0,1358,0,1,66,265056,2180,0,98,0,0,0,LEADER,1,0,0,97,0,0,0,0,0,0,0,0,0,0,0
266542,70,bully,1486,1,0,0,97,0,1358,0,1,70,265056,1486,0,98,0,0,0,LEADER,1,0,0,97,0,0,0,0,0,0,0,0,0,0,0
267187,88,bully,2131,1,0,0,97,0,1358,0,1,88,265056,2131,0,98,0,0,0,LEADER,1,0,0,97,0,0,0,0,0,0,0,0,0,0,0
266370,75,bully,2235,1,0,0,96,0,1344,0,1,75,264135,2235,0,97,0,0,0,LEADER,1,0,0,96,0,0,0,0,0,0,0,0,0,0,0
266380,12,bully,2243,1,0,0,96,0,1344,0,1,12,264137,2243,0,97,0,0,0,LEADER,1,0,0,96,0,0,0,0,0,0,0,0,0,0,0
267081,27,bully,2025,1,0,0,97,0,1358,0,1,27,265056,2025,0,98,0,0,0,LEADER,1,0,0,97,0,0,0,0,0,0,0,0,0,0,0
266570,42,bully,1514,1,0,0,97,0,1358,0,1,42,265056,1514,0,98,0,0,0,LEADER,1,0,0,97,0,0,0,0,0,0,0,0,0,0,0
267217,24,bully,2161,1,0,0,97,0,1358,0,1,24,265056,2161,0,98,0,0,0,LEADER,1,0,0,97,0,0,0,0,0,0,0,0,0,0,0
267169,46,bully,2113,1,0,0,97,0,1358,0,1,46,265056,2113,0,98,0,0,0,LEADER,1,0,0,97,0,0,0,0,0,0,0,0,0,0,0
267066,59,bully,2010,1,0,0,97,0,1358,0,1,59,265056,2010,0,98,0,0,0,LEADER,1,0,0,97,0,0,0,0,0,0,0,0,0,0,0
266694,34,bully,1637,1,0,0,97,0,1358,0,1,34,265057,1637,0,98,0,0,0,LEADER,1,0,0,97,0,0,0,0,0,0,0,0,0,0,0
267348,32,bully,2292,1,0,0,97,0,1358,0,1,32,265056,2292,0,98,0,0,0,LEADER,1,0,0,97,0,0,0,0,0,0,0,0,0,0,0
266964,72,bully,1907,1,0,0,97,0,1358,0,1,72,265057,1907,0,98,0,0,0,LEADER,1,0,0,97,0,0,0,0,0,0,0,0,0,0,0
267375,63,bully,2316,1,0,0,97,0,1358,0,1,63,265059,2316,0,98,0,0,0,LEADER,1,0,0,97,0,0,0,0,0,0,0,0,0,0,0
266848,74,bully,1792,1,0,0,97,0,1358,0,1,74,265056,1792,0,98,0,0,0,LEADER,1,0,0,97,0,0,0,0,0,0,0,0,0,0,0
266590,48,bully,1534,1,0,0,97,0,1358,0,1,48,265056,1534,0,98,0,0,0,LEADER,1,0,0,97,0,0,0,0,0,0,0,0,0,0,0
267053,57,bully,1995,1,0,0,97,0,1358,0,1,57,265058,1995,0,98,0,0,0,LEADER,1,0,0,97,0,0,0,0,0,0,0,0,0,0,0
267121,68,bully,2065,1,0,0,97,0,1358,0,1,68,265056,2065,0,98,0,0,0,LEADER,1,0,0,97,0,0,0,0,0,0,0,0,0,0,0
266522,45,bully,1466,1,0,0,97,0,1358,0,1,45,265056,1466,0,98,0,0,0,LEADER,1,0,0,97,0,0,0,0,0,0,0,0,0,0,0
266879,93,bully,1823,1,0,0,97,0,1358,0,1,93,265056,1823,0,98,0,0,0,LEADER,1,0,0,97,0,0,0,0,0,0,0,0,0,0,0
267460,82,bully,2404,1,0,0,97,0,1358,0,1,82,265056,2404,0,98,0,0,0,LEADER,1,0,0,97,0,0,0,0,0,0,0,0,0,0,0
267454,51,bully,2398,1,0,0,97,0,1358,0,1,51,265056,2398,0,98,0,0,0,LEADER,1,0,0,97,0,0,0,0,0,0,0,0,0,0,0
266999,39,bully,1943,1,0,0,97,0,1358,0,1,39,265056,1943,0,98,0,0,0,LEADER,1,0,0,97,0,0,0,0,0,0,0,0,0,0,0
266745,78,bully,1689,1,0,0,97,0,1358,0,1,78,265056,1689,0,98,0,0,0,LEADER,1,0,0,97,0,0,0,0,0,0,0,0,0,0,0
267133,79,bully,2077,1,0,0,97,0,1358,0,1,79,265056,2077,0,98,0,0,0,LEADER,1,0,0,97,0,0,0,0,0,0,0,0,0,0,0
266708,14,bully,1652,1,0,0,97,0,1358,0,1,14,265056,1652,0,98,0,0,0,LEADER,1,0,0,97,0,0,0,0,0,0,0,0,0,0,0
267135,36,bully,2080,1,0,0,97,0,1358,0,1,36,265055,2080,0,98,0,0,0,LEADER,1,0,0,97,0,0,0,0,0,0,0,0,0,0,0
267018,81,bully,1962,1,0,0,97,0,1358,0,1,81,265056,1962,0,98,0,0,0,LEADER,1,0,0,97,0,0,0,0,0,0,0,0,0,0,0
266678,67,bully,1622,1,0,0,97,0,1358,0,1,67,265056,1622,0,98,0,0,0,LEADER,1,0,0,97,0,0,0,0,0,0,0,0,0,0,0
267439,83,bully,2383,1,0,0,97,0,1358,0,1,83,265056,2383,0,98,0,0,0,LEADER,1,0,0,97,0,0,0,0,0,0,0,0,0,0,0
267583,99,bully,1607,1,0,0,97,0,1358,0,1,99,265976,1607,0,98,0,0,0,LEADER,1,0,0,97,0,0,0,0,0,0,0,0,0,0,0
266760,55,bully,1704,1,0,0,97,0,1358,0,1,55,265056,1704,0,98,0,0,0,LEADER,1,0,0,97,0,0,0,0,0,0,0,0,0,0,0
267550,89,bully,1574,1,0,0,97,0,1358,0,1,89,265976,1574,0,98,0,0,0,LEADER,1,0,0,97,0,0,0,0,0,0,0,0,0,0,0
266712,77,bully,1656,1,0,0,97,0,1358,0,1,77,265056,1656,0,98,0,0,0,LEADER,1,0,0,97,0,0,0,0,0,0,0,0,0,0,0
266984,71,bully,1928,1,0,0,97,0,1358,0,1,71,265056,1928,0,98,0,0,0,LEADER,1,0,0,97,0,0,0,0,0,0,0,0,0,0,0
267263,76,bully,2213,1,0,0,97,0,1358,0,1,76,265050,2213,0,98,0,0,0,LEADER,1,0,0,97,0,0,0,0,0,0,0,0,0,0,0
266898,52,bully,1840,1,0,0,97,0,1358,0,1,52,265058,1840,0,98,0,0,0,LEADER,1,0,0,97,0,0,0,0,0,0,0,0,0,0,0
266863,10,bully,1807,1,0,0,97,0,1358,0,1,10,265056,1807,0,98,0,0,0,LEADER,1,0,0,97,0,0,0,0,0,0,0,0,0,0,0
266796,22,bully,1740,1,0,0,97,0,1358,0,1,22,265056,1740,0,98,0,0,0,LEADER,1,0,0,97,0,0,0,0,0,0,0,0,0,0,0
266941,21,bully,1889,1,0,0,97,0,1358,0,1,21,265052,1889,0,98,0,0,0,LEADER,1,0,0,97,0,0,0,0,0,0,0,0,0,0,0
267202,56,bully,2146,1,0,0,97,0,1358,0,1,56,265056,2146,0,98,0,0,0,LEADER,1,0,0,97,0,0,0,0,0,0,0,0,0,0,0
266727,60,bully,1671,1,0,0,97,0,1358,0,1,60,265056,1671,0,98,0,0,0,LEADER,1,0,0,97,0,0,0,0,0,0,0,0,0,0,0
267580,25,bully,1604,1,0,0,97,0,1358,0,1,25,265976,1604,0,98,0,0,0,LEADER,1,0,0,97,0,0,0,0,0,0,0,0,0,0,0
266793,65,bully,1737,1,0,0,97,0,1358,0,1,65,265056,1737,0,98,0,0,0,LEADER,1,0,0,97,0,0,0,0,0,0,0,0,0,0,0
267469,19,bully,2413,1,0,0,97,0,1358,0,1,19,265056,2413,0,98,0,0,0,LEADER,1,0,0,97,0,0,0,0,0,0,0,0,0,0,0
267099,69,bully,2043,1,0,0,97,0,1358,0,1,69,265056,2043,0,98,0,0,0,LEADER,1,0,0,97,0,0,0,0,0,0,0,0,0,0,0
267701,54,bully,1725,1,0,0,97,0,1358,0,1,54,265976,1725,0,98,0,0,0,LEADER,1,0,0,97,0,0,0,0,0,0,0,0,0,0,0
267048,17,bully,1992,1,0,0,97,0,1358,0,1,17,265056,1992,0,98,0,0,0,LEADER,1,0,0,97,0,0,0,0,0,0,0,0,0,0,0
267562,100,bully,1586,1,0,0,97,0,1358,0,1,100,265976,1586,0,98,0,0,0,LEADER,1,0,0,97,0,0,0,0,0,0,0,0,0,0,0
267525,16,bully,1549,1,0,0,97,0,1358,0,1,16,265976,1549,0,98,0,0,0,LEADER,1,0,0,97,0,0,0,0,0,0,0,0,0,0,0
267114,37,bully,2058,1,0,0,97,0,1358,0,1,37,265056,2058,0,98,0,0,0,LEADER,1,0,0,97,0,0,0,0,0,0,0,0,0,0,0
267750,13,bully,1774,1,0,0,97,0,1358,0,1,13,265976,1774,0,98,0,0,0,LEADER,1,0,0,97,0,0,0,0,0,0,0,0,0,0,0
266911,20,bully,1855,1,0,0,97,0,1358,0,1,20,265056,1855,0,98,0,0,0,LEADER,1,0,0,97,0,0,0,0,0,0,0,0,0,0,0
267543,41,bully,1567,1,0,0,97,0,1358,0,1,41,265976,1567,0,98,0,0,0,LEADER,1,0,0,97,0,0,0,0,0,0,0,0,0,0,0
267532,47,bully,1556,1,0,0,97,0,1358,0,1,47,265976,1556,0,98,0,0,0,LEADER,1,0,0,97,0,0,0,0,0,0,0,0,0,0,0
267097,5,bully,2001,1,0,0,22,33,308,462,6,4,265096,2001,0,10,0,0,0,NORMAL,0,0,0,22,0,0,0,33,0,0,0,0,0,0,0
267358,95,bully,2301,1,0,0,97,0,1358,0,1,95,265057,2301,0,98,0,0,0,LEADER,1,0,0,97,0,0,0,0,0,0,0,0,0,0,0
267221,98,bully,2165,1,0,0,97,0,1358,0,1,98,265056,2165,0,98,0,0,0,LEADER,1,0,0,97,0,0,0,0,0,0,0,0,0,0,0
267405,73,bully,2349,1,0,0,97,0,1358,0,1,73,265056,2349,0,98,0,0,0,LEADER,1,0,0,97,0,0,0,0,0,0,0,0,0,0,0
267728,33,bully,1752,1,0,0,97,0,1358,0,1,33,265976,1752,0,98,0,0,0,LEADER,1,0,0,97,0,0,0,0,0,0,0,0,0,0,0
266951,61,bully,1895,1,0,0,97,0,1358,0,1,61,265056,1895,0,98,0,0,0,LEADER,1,0,0,97,0,0,0,0,0,0,0,0,0,0,0
267698,97,bully,1722,1,0,0,97,0,1358,0,1,97,265976,1722,0,98,0,0,0,LEADER,1,0,0,97,0,0,0,0,0,0,0,0,0,0,0
267898,40,bully,1922,1,0,0,97,0,1358,0,1,40,265976,1922,0,98,0,0,0,LEADER,1,0,0,97,0,0,0,0,0,0,0,0,0,0,0
267387,31,bully,2331,1,0,0,97,0,1358,0,1,31,265056,2331,0,98,0,0,0,LEADER,1,0,0,97,0,0,0,0,0,0,0,0,0,0,0
267888,29,bully,1910,1,0,0,97,0,1358,0,1,29,265978,1910,0,98,0,0,0,LEADER,1,0,0,97,0,0,0,0,0,0,0,0,0,0,0
267714,96,bully,1744,1,0,0,97,0,1358,0,1,96,265970,1744,0,98,0,0,0,LEADER,1,0,0,97,0,0,0,0,0,0,0,0,0,0,0
267801,84,bully,1825,1,0,0,97,0,1358,0,1,84,265976,1825,0,98,0,0,0,LEADER,1,0,0,97,0,0,0,0,0,0,0,0,0,0,0
267497,80,bully,1519,1,0,0,97,0,1358,0,1,80,265978,1519,0,98,0,0,0,LEADER,1,0,0,97,0,0,0,0,0,0,0,0,0,0,0
267339,53,bully,2283,1,0,0,97,0,1358,0,1,53,265056,2283,0,98,0,0,0,LEADER,1,0,0,97,0,0,0,0,0,0,0,0,0,0,0
267414,92,bully,1438,1,0,0,97,0,1358,0,1,92,265976,1438,0,98,0,0,0,LEADER,1,0,0,97,0,0,0,0,0,0,0,0,0,0,0
267584,91,bully,1619,1,0,0,97,0,1358,0,1,91,265965,1619,0,98,0,0,0,LEADER,1,0,0,97,0,0,0,0,0,0,0,0,0,0,0
267850,62,bully,1874,1,0,0,97,0,1358,0,1,62,265976,1874,0,98,0,0,0,LEADER,1,0,0,97,0,0,0,0,0,0,0,0,0,0,0
267547,15,bully,1571,1,0,0,97,0,1358,0,1,15,265976,1571,0,98,0,0,0,LEADER,1,0,0,97,0,0,0,0,0,0,0,0,0,0,0
267217,26,bully,2161,1,0,0,97,0,1358,0,1,26,265056,2161,0,98,0,0,0,LEADER,1,0,0,97,0,0,0,0,0,0,0,0,0,0,0
267953,49,bully,1977,1,0,0,97,0,1358,0,1,49,265976,1977,0,98,0,0,0,LEADER,1,0,0,97,0,0,0,0,0,0,0,0,0,0,0
267768,58,bully,1792,1,0,0,97,0,1358,0,1,58,265976,1792,0,98,0,0,0,LEADER,1,0,0,97,0,0,0,0,0,0,0,0,0,0,0
267302,86,bully,2246,1,0,0,97,0,1358,0,1,86,265056,2246,0,98,0,0,0,LEADER,1,0,0,97,0,0,0,0,0,0,0,0,0,0,0
267475,50,bully,2419,1,0,0,97,0,1358,0,1,50,265056,2419,0,98,0,0,0,LEADER,1,0,0,97,0,0,0,0,0,0,0,0,0,0,0
267263,87,bully,2212,1,0,0,97,0,1358,0,1,87,265051,2212,0,98,0,0,0,LEADER,1,0,0,97,0,0,0,0,0,0,0,0,0,0,0
267325,85,bully,2268,1,0,0,97,0,1358,0,1,85,265057,2268,0,98,0,0,0,LEADER,1,0,0,97,0,0,0,0,0,0,0,0,0,0,0
267472,64,bully,2416,1,0,0,97,0,1358,0,1,64,265056,2416,0,98,0,0,0,LEADER,1,0,0,97,0,0,0,0,0,0,0,0,0,0,0
267410,18,bully,1434,1,0,0,97,0,1358,0,1,18,265976,1434,0,98,0,0,0,LEADER,1,0,0,97,0,0,0,0,0,0,0,0,0,0,0
267321,11,bully,2264,1,0,0,97,0,1358,0,1,11,265057,2264,0,98,0,0,0,LEADER,1,0,0,97,0,0,0,0,0,0,0,0,0,0,0
267529,90,bully,1553,1,0,0,97,0,1358,0,1,90,265976,1553,0,98,0,0,0,LEADER,1,0,0,97,0,0,0,0,0,0,0,0,0,0,0
267423,35,bully,1447,1,0,0,97,0,1358,0,1,35,265976,1447,0,98,0,0,0,LEADER,1,0,0,97,0,0,0,0,0,0,0,0,0,0,0
267305,43,bully,2249,1,0,0,97,0,1358,0,1,43,265056,2249,0,98,0,0,0,LEADER,1,0,0,97,0,0,0,0,0,0,0,0,0,0,0
267443,28,bully,1467,1,0,0,97,0,1358,0,1,28,265976,1467,0,98,0,0,0,LEADER,1,0,0,97,0,0,0,0,0,0,0,0,0,0,0
267282,44,bully,2228,1,0,0,97,0,1358,0,1,44,265054,2228,0,98,0,0,0,LEADER,1,0,0,97,0,0,0,0,0,0,0,0,0,0,0
268117,23,bully,2141,1,0,0,97,0,1358,0,1,23,265976,2141,0,98,0,0,0,LEADER,1,0,0,97,0,0,0,0,0,0,0,0,0,0,0
267437,30,bully,1461,1,0,0,97,0,1358,0,1,30,265976,1461,0,98,0,0,0,LEADER,1,0,0,97,0,0,0,0,0,0,0,0,0,0,0
267837,94,bully,1859,1,0,0,97,0,1358,0,1,94,265978,1859,0,98,0,0,0,LEADER,1,0,0,97,0,0,0,0,0,0,0,0,0,0,0
267477,38,bully,1501,1,0,0,97,0,1358,0,1,38,265976,1501,0,98,0,0,0,LEADER,1,0,0,97,0,0,0,0,0,0,0,0,0,0,0
268156,66,bully,2180,1,0,0,97,0,1358,0,1,66,265976,2180,0,98,0,0,0,LEADER,1,0,0,97,0,0,0,0,0,0,0,0,0,0,0
267462,70,bully,1486,1,0,0,97,0,1358,0,1,70,265976,1486,0,98,0,0,0,LEADER,1,0,0,97,0,0,0,0,0,0,0,0,0,0,0
268107,88,bully,2131,1,0,0,97,0,1358,0,1,88,265976,2131,0,98,0,0,0,LEADER,1,0,0,97,0,0,0,0,0,0,0,0,0,0,0
267291,75,bully,2235,1,0,0,97,0,1358,0,1,75,265056,2235,0,98,0,0,0,LEADER,1,0,0,97,0,0,0,0,0,0,0,0,0,0,0
267301,12,bully,2243,1,0,0,97,0,1358,0,1,12,265058,2243,0,98,0,0,0,LEADER,1,0,0,97,0,0,0,0,0,0,0,0,0,0,0
268001,27,bully,2025,1,0,0,97,0,1358,0,1,27,265976,2025,0,98,0,0,0,LEADER,1,0,0,97,0,0,0,0,0,0,0,0,0,0,0
267490,42,bully,1514,1,0,0,97,0,1358,0,1,42,265976,1514,0,98,0,0,0,LEADER,1,0,0,97,0,0,0,0,0,0,0,0,0,0,0
268137,24,bully,2161,1,0,0,97,0,1358,0,1,24,265976,2161,0,98,0,0,0,LEADER,1,0,0,97,0,0,0,0,0,0,0,0,0,0,0
268089,46,bully,2113,1,0,0,97,0,1358,0,1,46,265976,2113,0,98,0,0,0,LEADER,1,0,0,97,0,0,0,0,0,0,0,0,0,0,0
267986,59,bully,2010,1,0,0,97,0,1358,0,1,59,265976,2010,0,98,0,0,0,LEADER,1,0,0,97,0,0,0,0,0,0,0,0,0,0,0
267614,34,bully,1637,1,0,0,97,0,1358,0,1,34,265977,1637,0,98,0,0,0,LEADER,1,0,0,97,0,0,0,0,0,0,0,0,0,0,0
268268,32,bully,2292,1,0,0,97,0,1358,0,1,32,265976,2292,0,98,0,0,0,LEADER,1,0,0,97,0,0,0,0,0,0,0,0,0,0,0
267884,72,bully,1907,1,0,0,97,0,1358,0,1,72,265977,1907,0,98,0,0,0,LEADER,1,0,0,97,0,0,0,0,0,0,0,0,0,0,0
268295,63,bully,2316,1,0,0,97,0,1358,0,1,63,265979,2316,0,98,0,0,0,LEADER,1,0,0,97,0,0,0,0,0,0,0,0,0,0,0
267768,74,bully,1792,1,0,0,97,0,1358,0,1,74,265976,1792,0,98,0,0,0,LEADER,1,0,0,97,0,0,0,0,0,0,0,0,0,0,0
267510,48,bully,1534,1,0,0,97,0,1358,0,1,48,265976,1534,0,98,0,0,0,LEADER,1,0,0,97,0,0,0,0,0,0,0,0,0,0,0
267973,57,bully,1995,1,0,0,97,0,1358,0,1,57,265978,1995,0,98,0,0,0,LEADER,1,0,0,97,0,0,0,0,0,0,0,0,0,0,0
268041,68,bully,2065,1,0,0,97,0,1358,0,1,68,265976,2065,0,98,0,0,0,LEADER,1,0,0,97,0,0,0,0,0,0,0,0,0,0,0
267442,45,bully,1466,1,0,0,97,0,1358,0,1,45,265976,1466,0,98,0,0,0,LEADER,1,0,0,97,0,0,0,0,0,0,0,0,0,0,0
267799,93,bully,1823,1,0,0,97,0,1358,0,1,93,265976,1823,0,98,0,0,0,LEADER,1,0,0,97,0,0,0,0,0,0,0,0,0,0,0
268380,82,bully,2404,1,0,0,97,0,1358,0,1,82,265976,2404,0,98,0,0,0,LEADER,1,0,0,97,0,0,0,0,0,0,0,0,0,0,0
268374,51,bully,2398,1,0,0,97,0,1358,0,1,51,265976,2398,0,98,0,0,0,LEADER,1,0,0,97,0,0,0,0,0,0,0,0,0,0,0
267919,39,bully,1943,1,0,0,97,0,1358,0,1,39,265976,1943,0,98,0,0,0,LEADER,1,0,0,97,0,0,0,0,0,0,0,0,0,0,0
267665,78,bully,1689,1,0,0,97,0,1358,0,1,78,265976,1689,0,98,0,0,0,LEADER,1,0,0,97,0,0,0,0,0,0,0,0,0,0,0
268053,79,bully,2077,1,0,0,97,0,1358,0,1,79,265976,2077,0,98,0,0,0,LEADER,1,0,0,97,0,0,0,0,0,0,0,0,0,0,0
267628,14,bully,1652,1,0,0,97,0,1358,0,1,14,265976,1652,0,98,0,0,0,LEADER,1,0,0,97,0,0,0,0,0,0,0,0,0,0,0
268055,36,bully,2080,1,0,0,97,0,1358,0,1,36,265975,2080,0,98,0,0,0,LEADER,1,0,0,97,0,0,0,0,0,0,0,0,0,0,0
267938,81,bully,1962,1,0,0,97,0,1358,0,1,81,265976,1962,0,98,0,0,0,LEADER,1,0,0,97,0,0,0,0,0,0,0,0,0,0,0
267598,67,bully,1622,1,0,0,97,0,1358,0,1,67,265976,1622,0,98,0,0,0,LEADER,1,0,0,97,0,0,0,0,0,0,0,0,0,0,0
268359,83,bully,2383,1,0,0,97,0,1358,0,1,83,265976,2383,0,98,0,0,0,LEADER,1,0,0,97,0,0,0,0,0,0,0,0,0,0,0
268503,99,bully,1607,1,0,0,97,0,1358,0,1,99,266896,1607,0,98,0,0,0,LEADER,1,0,0,97,0,0,0,0,0,0,0,0,0,0,0
267680,55,bully,1704,1,0,0,97,0,1358,0,1,55,265976,1704,0,98,0,0,0,LEADER,1,0,0,97,0,0,0,0,0,0,0,0,0,0,0
268470,89,bully,1574,1,0,0,97,0,1358,0,1,89,266896,1574,0,98,0,0,0,LEADER,1,0,0,97,0,0,0,0,0,0,0,0,0,0,0
267632,77,bully,1656,1,0,0,97,0,1358,0,1,77,265976,1656,0,98,0,0,0,LEADER,1,0,0,97,0,0,0,0,0,0,0,0,0,0,0
267904,71,bully,1928,1,0,0,97,0,1358,0,1,71,265976,1928,0,98,0,0,0,LEADER,1,0,0,97,0,0,0,0,0,0,0,0,0,0,0
268183,76,bully,2213,1,0,0,97,0,1358,0,1,76,265970,2213,0,98,0,0,0,LEADER,1,0,0,97,0,0,0,0,0,0,0,0,0,0,0
267818,52,bully,1840,1,0,0,97,0,1358,0,1,52,265978,1840,0,98,0,0,0,LEADER,1,0,0,97,0,0,0,0,0,0,0,0,0,0,0
267783,10,bully,1807,1,0,0,97,0,1358,0,1,10,265976,1807,0,98,0,0,0,LEADER,1,0,0,97,0,0,0,0,0,0,0,0,0,0,0
267716,22,bully,1740,1,0,0,97,0,1358,0,1,22,265976,1740,0,98,0,0,0,LEADER,1,0,0,97,0,0,0,0,0,0,0,0,0,0,0
267861,21,bully,1889,1,0,0,97,0,1358,0,1,21,265972,1889,0,98,0,0,0,LEADER,1,0,0,97,0,0,0,0,0,0,0,0,0,0,0
268122,56,bully,2146,1,0,0,97,0,1358,0,1,56,265976,2146,0,98,0,0,0,LEADER,1,0,0,97,0,0,0,0,0,0,0,0,0,0,0
267647,60,bully,1671,1,0,0,97,0,1358,0,1,60,265976,1671,0,98,0,0,0,LEADER,1,0,0,97,0,0,0,0,0,0,0,0,0,0,0
268500,25,bully,1604,1,0,0,97,0,1358,0,1,25,266896,1604,0,98,0,0,0,LEADER,1,0,0,97,0,0,0,0,0,0,0,0,0,0,0
267713,65,bully,1737,1,0,0,97,0,1358,0,1,65,265976,1737,0,98,0,0,0,LEADER,1,0,0,97,0,0,0,0,0,0,0,0,0,0,0
267908,4,bully,2115,1,0,0,16,35,224,490,4,4,265793,2115,0,10,0,0,0,LEADER,1,0,0,16,0,0,0,35,0,0,0,0,0,0,0
268389,19,bully,2413,1,0,0,97,0,1358,0,1,19,265976,2413,0,98,0,0,0,LEADER,1,0,0,97,0,0,0,0,0,0,0,0,0,0,0
268019,69,bully,2043,1,0,0,97,0,1358,0,1,69,265976,2043,0,98,0,0,0,LEADER,1,0,0,97,0,0,0,0,0,0,0,0,0,0,0
268621,54,bully,1725,1,0,0,97,0,1358,0,1,54,266896,1725,0,98,0,0,0,LEADER,1,0,0,97,0,0,0,0,0,0,0,0,0,0,0
267968,17,bully,1992,1,0,0,97,0,1358,0,1,17,265976,1992,0,98,0,0,0,LEADER,1,0,0,97,0,0,0,0,0,0,0,0,0,0,0
268482,100,bully,1586,1,0,0,97,0,1358,0,1,100,266896,1586,0,98,0,0,0,LEADER,1,0,0,97,0,0,0,0,0,0,0,0,0,0,0
268445,16,bully,1549,1,0,0,97,0,1358,0,1,16,266896,1549,0,98,0,0,0,LEADER,1,0,0,97,0,0,0,0,0,0,0,0,0,0,0
268034,37,bully,2058,1,0,0,97,0,1358,0,1,37,265976,2058,0,98,0,0,0,LEADER,1,0,0,97,0,0,0,0,0,0,0,0,0,0,0
268670,13,bully,1774,1,0,0,97,0,1358,0,1,13,266896,1774,0,98,0,0,0,LEADER,1,0,0,97,0,0,0,0,0,0,0,0,0,0,0
267831,20,bully,1855,1,0,0,97,0,1358,0,1,20,265976,1855,0,98,0,0,0,LEADER,1,0,0,97,0,0,0,0,0,0,0,0,0,0,0
268463,41,bully,1567,1,0,0,97,0,1358,0,1,41,266896,1567,0,98,0,0,0,LEADER,1,0,0,97,0,0,0,0,0,0,0,0,0,0,0
268452,47,bully,1556,1,0,0,97,0,1358,0,1,47,266896,1556,0,98,0,0,0,LEADER,1,0,0,97,0,0,0,0,0,0,0,0,0,0,0
268278,95,bully,2301,1,0,0,97,0,1358,0,1,95,265977,2301,0,98,0,0,0,LEADER,1,0,0,97,0,0,0,0,0,0,0,0,0,0,0
268141,98,bully,2165,1,0,0,97,0,1358,0,1,98,265976,2165,0,98,0,0,0,LEADER,1,0,0,97,0,0,0,0,0,0,0,0,0,0,0
268325,73,bully,2349,1,0,0,97,0,1358,0,1,73,265976,2349,0,98,0,0,0,LEADER,1,0,0,97,0,0,0,0,0,0,0,0,0,0,0
268648,33,bully,1752,1,0,0,97,0,1358,0,1,33,266896,1752,0,98,0,0,0,LEADER,1,0,0,97,0,0,0,0,0,0,0,0,0,0,0
267871,61,bully,1895,1,0,0,97,0,1358,0,1,61,265976,1895,0,98,0,0,0,LEADER,1,0,0,97,0,0,0,0,0,0,0,0,0,0,0
268618,97,bully,1722,1,0,0,97,0,1358,0,1,97,266896,1722,0,98,0,0,0,LEADER,1,0,0,97,0,0,0,0,0,0,0,0,0,0,0
268818,40,bully,1922,1,0,0,97,0,1358,0,1,40,266896,1922,0,98,0,0,0,LEADER,1,0,0,97,0,0,0,0,0,0,0,0,0,0,0
268307,31,bully,2331,1,0,0,97,0,1358,0,1,31,265976,2331,0,98,0,0,0,LEADER,1,0,0,97,0,0,0,0,0,0,0,0,0,0,0
268808,29,bully,1910,1,0,0,97,0,1358,0,1,29,266898,1910,0,98,0,0,0,LEADER,1,0,0,97,0,0,0,0,0,0,0,0,0,0,0
268634,96,bully,1744,1,0,0,97,0,1358,0,1,96,266890,1744,0,98,0,0,0,LEADER,1,0,0,97,0,0,0,0,0,0,0,0,0,0,0
268721,84,bully,1825,1,0,0,97,0,1358,0,1,84,266896,1825,0,98,0,0,0,LEADER,1,0,0,97,0,0,0,0,0,0,0,0,0,0,0
268417,80,bully,1519,1,0,0,97,0,1358,0,1,80,266898,1519,0,98,0,0,0,LEADER,1,0,0,97,0,0,0,0,0,0,0,0,0,0,0
268415,6,bully,1516,1,0,0,17,45,238,630,4,4,266899,1516,0,8,0,0,0,NORMAL,0,0,0,17,0,0,0,45,0,0,0,0,0,0,0
268259,53,bully,2283,1,0,0,97,0,1358,0,1,53,265976,2283,0,98,0,0,0,LEADER,1,0,0,97,0,0,0,0,0,0,0,0,0,0,0
268334,92,bully,1438,1,0,0,97,0,1358,0,1,92,266896,1438,0,98,0,0,0,LEADER,1,0,0,97,0,0,0,0,0,0,0,0,0,0,0
268504,91,bully,1619,1,0,0,97,0,1358,0,1,91,266885,1619,0,98,0,0,0,LEADER,1,0,0,97,0,0,0,0,0,0,0,0,0,0,0
268770,62,bully,1874,1,0,0,97,0,1358,0,1,62,266896,1874,0,98,0,0,0,LEADER,1,0,0,97,0,0,0,0,0,0,0,0,0,0,0
268467,15,bully,1571,1,0,0,97,0,1358,0,1,15,266896,1571,0,98,0,0,0,LEADER,1,0,0,97,0,0,0,0,0,0,0,0,0,0,0
268137,26,bully,2161,1,0,0,97,0,1358,0,1,26,265976,2161,0,98,0,0,0,LEADER,1,0,0,97,0,0,0,0,0,0,0,0,0,0,0
268873,49,bully,1977,1,0,0,97,0,1358,0,1,49,266896,1977,0,98,0,0,0,LEADER,1,0,0,97,0,0,0,0,0,0,0,0,0,0,0
268688,58,bully,1792,1,0,0,97,0,1358,0,1,58,266896,1792,0,98,0,0,0,LEADER,1,0,0,97,0,0,0,0,0,0,0,0,0,0,0
268222,86,bully,2246,1,0,0,97,0,1358,0,1,86,265976,2246,0,98,0,0,0,LEADER,1,0,0,97,0,0,0,0,0,0,0,0,0,0,0
268395,50,bully,2419,1,0,0,97,0,1358,0,1,50,265976,2419,0,98,0,0,0,LEADER,1,0,0,97,0,0,0,0,0,0,0,0,0,0,0
268183,87,bully,2212,1,0,0,97,0,1358,0,1,87,265971,2212,0,98,0,0,0,LEADER,1,0,0,97,0,0,0,0,0,0,0,0,0,0,0
268245,85,bully,2268,1,0,0,97,0,1358,0,1,85,265977,2268,0,98,0,0,0,LEADER,1,0,0,97,0,0,0,0,0,0,0,0,0,0,0
268392,64,bully,2416,1,0,0,97,0,1358,0,1,64,265976,2416,0,98,0,0,0,LEADER,1,0,0,97,0,0,0,0,0,0,0,0,0,0,0
268330,18,bully,1434,1,0,0,97,0,1358,0,1,18,266896,1434,0,98,0,0,0,LEADER,1,0,0,97,0,0,0,0,0,0,0,0,0,0,0
268241,11,bully,2264,1,0,0,97,0,1358,0,1,11,265977,2264,0,98,0,0,0,LEADER,1,0,0,97,0,0,0,0,0,0,0,0,0,0,0
268449,90,bully,1553,1,0,0,97,0,1358,0,1,90,266896,1553,0,98,0,0,0,LEADER,1,0,0,97,0,0,0,0,0,0,0,0,0,0,0
268343,35,bully,1447,1,0,0,97,0,1358,0,1,35,266896,1447,0,98,0,0,0,LEADER,1,0,0,97,0,0,0,0,0,0,0,0,0,0,0
268225,43,bully,2249,1,0,0,97,0,1358,0,1,43,265976,2249,0,98,0,0,0,LEADER,1,0,0,97,0,0,0,0,0,0,0,0,0,0,0
268363,28,bully,1467,1,0,0,97,0,1358,0,1,28,266896,1467,0,98,0,0,0,LEADER,1,0,0,97,0,0,0,0,0,0,0,0,0,0,0
268202,44,bully,2228,1,0,0,97,0,1358,0,1,44,265974,2228,0,98,0,0,0,LEADER,1,0,0,97,0,0,0,0,0,0,0,0,0,0,0
269037,23,bully,2141,1,0,0,97,0,1358,0,1,23,266896,2141,0,98,0,0,0,LEADER,1,0,0,97,0,0,0,0,0,0,0,0,0,0,0
268357,30,bully,1461,1,0,0,97,0,1358,0,1,30,266896,1461,0,98,0,0,0,LEADER,1,0,0,97,0,0,0,0,0,0,0,0,0,0,0
268757,94,bully,1859,1,0,0,97,0,1358,0,1,94,266898,1859,0,98,0,0,0,LEADER,1,0,0,97,0,0,0,0,0,0,0,0,0,0,0
268397,38,bully,1501,1,0,0,97,0,1358,0,1,38,266896,1501,0,98,0,0,0,LEADER,1,0,0,97,0,0,0,0,0,0,0,0,0,0,0
269076,66,bully,2180,1,0,0,97,0,1358,0,1,66,266896,2180,0,98,0,0,0,LEADER,1,0,0,97,0,0,0,0,0,0,0,0,0,0,0
268382,70,bully,1486,1,0,0,97,0,1358,0,1,70,266896,1486,0,98,0,0,0,LEADER,1,0,0,97,0,0,0,0,0,0,0,0,0,0,0
269027,88,bully,2131,1,0,0,97,0,1358,0,1,88,266896,2131,0,98,0,0,0,LEADER,1,0,0,97,0,0,0,0,0,0,0,0,0,0,0
268211,75,bully,2235,1,0,0,97,0,1358,0,1,75,265976,2235,0,98,0,0,0,LEADER,1,0,0,97,0,0,0,0,0,0,0,0,0,0,0
268221,12,bully,2243,1,0,0,97,0,1358,0,1,12,265978,2243,0,98,0,0,0,LEADER,1,0,0,97,0,0,0,0,0,0,0,0,0,0,0
268921,27,bully,2025,1,0,0,97,0,1358,0,1,27,266896,2025,0,98,0,0,0,LEADER,1,0,0,97,0,0,0,0,0,0,0,0,0,0,0
268410,42,bully,1514,1,0,0,97,0,1358,0,1,42,266896,1514,0,98,0,0,0,LEADER,1,0,0,97,0,0,0,0,0,0,0,0,0,0,0
269057,24,bully,2161,1,0,0,97,0,1358,0,1,24,266896,2161,0,98,0,0,0,LEADER,1,0,0,97,0,0,0,0,0,0,0,0,0,0,0
269009,46,bully,2113,1,0,0,97,0,1358,0,1,46,266896,2113,0,98,0,0,0,LEADER,1,0,0,97,0,0,0,0,0,0,0,0,0,0,0
268906,59,bully,2010,1,0,0,97,0,1358,0,1,59,266896,2010,0,98,0,0,0,LEADER,1,0,0,97,0,0,0,0,0,0,0,0,0,0,0
269188,32,bully,2292,1,0,0,97,0,1358,0,1,32,266896,2292,0,98,0,0,0,LEADER,1,0,0,97,0,0,0,0,0,0,0,0,0,0,0
268534,34,bully,1637,1,0,0,97,0,1358,0,1,34,266897,1637,0,98,0,0,0,LEADER,1,0,0,97,0,0,0,0,0,0,0,0,0,0,0
268804,72,bully,1907,1,0,0,97,0,1358,0,1,72,266897,1907,0,98,0,0,0,LEADER,1,0,0,97,0,0,0,0,0,0,0,0,0,0,0
269215,63,bully,2316,1,0,0,97,0,1358,0,1,63,266899,2316,0,98,0,0,0,LEADER,1,0,0,97,0,0,0,0,0,0,0,0,0,0,0
268688,74,bully,1792,1,0,0,97,0,1358,0,1,74,266896,1792,0,98,0,0,0,LEADER,1,0,0,97,0,0,0,0,0,0,0,0,0,0,0
268430,48,bully,1534,1,0,0,97,0,1358,0,1,48,266896,1534,0,98,0,0,0,LEADER,1,0,0,97,0,0,0,0,0,0,0,0,0,0,0
268743,9,bully,2514,1,0,0,15,23,210,322,5,4,266229,2514,0,8,0,0,0,NORMAL,0,0,0,15,0,0,0,23,0,0,0,0,0,0,0
268893,57,bully,1995,1,0,0,97,0,1358,0,1,57,266898,1995,0,98,0,0,0,LEADER,1,0,0,97,0,0,0,0,0,0,0,0,0,0,0
268961,68,bully,2065,1,0,0,97,0,1358,0,1,68,266896,2065,0,98,0,0,0,LEADER,1,0,0,97,0,0,0,0,0,0,0,0,0,0,0
268362,45,bully,1466,1,0,0,97,0,1358,0,1,45,266896,1466,0,98,0,0,0,LEADER,1,0,0,97,0,0,0,0,0,0,0,0,0,0,0
268719,93,bully,1823,1,0,0,97,0,1358,0,1,93,266896,1823,0,98,0,0,0,LEADER,1,0,0,97,0,0,0,0,0,0,0,0,0,0,0
269300,82,bully,2404,1,0,0,97,0,1358,0,1,82,266896,2404,0,98,0,0,0,LEADER,1,0,0,97,0,0,0,0,0,0,0,0,0,0,0
269294,51,bully,2398,1,0,0,97,0,1358,0,1,51,266896,2398,0,98,0,0,0,LEADER,1,0,0,97,0,0,0,0,0,0,0,0,0,0,0
268839,39,bully,1943,1,0,0,97,0,1358,0,1,39,266896,1943,0,98,0,0,0,LEADER,1,0,0,97,0,0,0,0,0,0,0,0,0,0,0
268585,78,bully,1689,1,0,0,97,0,1358,0,1,78,266896,1689,0,98,0,0,0,LEADER,1,0,0,97,0,0,0,0,0,0,0,0,0,0,0
268973,79,bully,2077,1,0,0,97,0,1358,0,1,79,266896,2077,0,98,0,0,0,LEADER,1,0,0,97,0,0,0,0,0,0,0,0,0,0,0
268548,14,bully,1652,1,0,0,97,0,1358,0,1,14,266896,1652,0,98,0,0,0,LEADER,1,0,0,97,0,0,0,0,0,0,0,0,0,0,0
268975,36,bully,2080,1,0,0,97,0,1358,0,1,36,266895,2080,0,98,0,0,0,LEADER,1,0,0,97,0,0,0,0,0,0,0,0,0,0,0
268858,81,bully,1962,1,0,0,97,0,1358,0,1,81,266896,1962,0,98,0,0,0,LEADER,1,0,0,97,0,0,0,0,0,0,0,0,0,0,0
268518,67,bully,1622,1,0,0,97,0,1358,0,1,67,266896,1622,0,98,0,0,0,LEADER,1,0,0,97,0,0,0,0,0,0,0,0,0,0,0
269279,83,bully,2383,1,0,0,97,0,1358,0,1,83,266896,2383,0,98,0,0,0,LEADER,1,0,0,97,0,0,0,0,0,0,0,0,0,0,0
269424,99,bully,1607,1,0,0,98,0,1372,0,1,99,267817,1607,0,99,0,0,0,LEADER,1,0,0,98,0,0,0,0,0,0,0,0,0,0,0
268600,55,bully,1704,1,0,0,97,0,1358,0,1,55,266896,1704,0,98,0,0,0,LEADER,1,0,0,97,0,0,0,0,0,0,0,0,0,0,0
269391,89,bully,1574,1,0,0,98,0,1372,0,1,89,267817,1574,0,99,0,0,0,LEADER,1,0,0,98,0,0,0,0,0,0,0,0,0,0,0
268552,77,bully,1656,1,0,0,97,0,1358,0,1,77,266896,1656,0,98,0,0,0,LEADER,1,0,0,97,0,0,0,0,0,0,0,0,0,0,0
268824,71,bully,1928,1,0,0,97,0,1358,0,1,71,266896,1928,0,98,0,0,0,LEADER,1,0,0,97,0,0,0,0,0,0,0,0,0,0,0
269103,76,bully,2213,1,0,0,97,0,1358,0,1,76,266890,2213,0,98,0,0,0,LEADER,1,0,0,97,0,0,0,0,0,0,0,0,0,0,0
268738,52,bully,1840,1,0,0,97,0,1358,0,1,52,266898,1840,0,98,0,0,0,LEADER,1,0,0,97,0,0,0,0,0,0,0,0,0,0,0
268703,10,bully,1807,1,0,0,97,0,1358,0,1,10,266896,1807,0,98,0,0,0,LEADER,1,0,0,97,0,0,0,0,0,0,0,0,0,0,0
268636,22,bully,1740,1,0,0,97,0,1358,0,1,22,266896,1740,0,98,0,0,0,LEADER,1,0,0,97,0,0,0,0,0,0,0,0,0,0,0
268781,21,bully,1889,1,0,0,97,0,1358,0,1,21,266892,1889,0,98,0,0,0,LEADER,1,0,0,97,0,0,0,0,0,0,0,0,0,0,0
269042,56,bully,2146,1,0,0,97,0,1358,0,1,56,266896,2146,0,98,0,0,0,LEADER,1,0,0,97,0,0,0,0,0,0,0,0,0,0,0
268567,60,bully,1671,1,0,0,97,0,1358,0,1,60,266896,1671,0,98,0,0,0,LEADER,1,0,0,97,0,0,0,0,0,0,0,0,0,0,0
269421,25,bully,1604,1,0,0,98,0,1372,0,1,25,267817,1604,0,99,0,0,0,LEADER,1,0,0,98,0,0,0,0,0,0,0,0,0,0,0
268633,65,bully,1737,1,0,0,97,0,1358,0,1,65,266896,1737,0,98,0,0,0,LEADER,1,0,0,97,0,0,0,0,0,0,0,0,0,0,0
269309,19,bully,2413,1,0,0,97,0,1358,0,1,19,266896,2413,0,98,0,0,0,LEADER,1,0,0,97,0,0,0,0,0,0,0,0,0,0,0
268939,69,bully,2043,1,0,0,97,0,1358,0,1,69,266896,2043,0,98,0,0,0,LEADER,1,0,0,97,0,0,0,0,0,0,0,0,0,0,0
269542,54,bully,1725,1,0,0,98,0,1372,0,1,54,267817,1725,0,99,0,0,0,LEADER,1,0,0,98,0,0,0,0,0,0,0,0,0,0,0
268888,17,bully,1992,1,0,0,97,0,1358,0,1,17,266896,1992,0,98,0,0,0,LEADER,1,0,0,97,0,0,0,0,0,0,0,0,0,0,0
269403,100,bully,1586,1,0,0,98,0,1372,0,1,100,267817,1586,0,99,0,0,0,LEADER,1,0,0,98,0,0,0,0,0,0,0,0,0,0,0
269366,16,bully,1549,1,0,0,98,0,1372,0,1,16,267817,1549,0,99,0,0,0,LEADER,1,0,0,98,0,0,0,0,0,0,0,0,0,0,0
268954,37,bully,2058,1,0,0,97,0,1358,0,1,37,266896,2058,0,98,0,0,0,LEADER,1,0,0,97,0,0,0,0,0,0,0,0,0,0,0
269591,13,bully,1774,1,0,0,98,0,1372,0,1,13,267817,1774,0,99,0,0,0,LEADER,1,0,0,98,0,0,0,0,0,0,0,0,0,0,0
268751,20,bully,1855,1,0,0,97,0,1358,0,1,20,266896,1855,0,98,0,0,0,LEADER,1,0,0,97,0,0,0,0,0,0,0,0,0,0,0
269384,41,bully,1567,1,0,0,98,0,1372,0,1,41,267817,1567,0,99,0,0,0,LEADER,1,0,0,98,0,0,0,0,0,0,0,0,0,0,0
269373,47,bully,1556,1,0,0,98,0,1372,0,1,47,267817,1556,0,99,0,0,0,LEADER,1,0,0,98,0,0,0,0,0,0,0,0,0,0,0
269198,95,bully,2301,1,0,0,97,0,1358,0,1,95,266897,2301,0,98,0,0,0,LEADER,1,0,0,97,0,0,0,0,0,0,0,0,0,0,0
269061,98,bully,2165,1,0,0,97,0,1358,0,1,98,266896,2165,0,98,0,0,0,LEADER,1,0,0,97,0,0,0,0,0,0,0,0,0,0,0
269245,73,bully,2349,1,0,0,97,0,1358,0,1,73,266896,2349,0,98,0,0,0,LEADER,1,0,0,97,0,0,0,0,0,0,0,0,0,0,0
268791,61,bully,1895,1,0,0,97,0,1358,0,1,61,266896,1895,0,98,0,0,0,LEADER,1,0,0,97,0,0,0,0,0,0,0,0,0,0,0
269539,97,bully,1722,1,0,0,98,0,1372,0,1,97,267817,1722,0,99,0,0,0,LEADER,1,0,0,98,0,0,0,0,0,0,0,0,0,0,0
269569,33,bully,1752,1,0,0,98,0,1372,0,1,33,267817,1752,0,99,0,0,0,LEADER,1,0,0,98,0,0,0,0,0,0,0,0,0,0,0
269227,31,bully,2331,1,0,0,97,0,1358,0,1,31,266896,2331,0,98,0,0,0,LEADER,1,0,0,97,0,0,0,0,0,0,0,0,0,0,0
269739,40,bully,1922,1,0,0,98,0,1372,0,1,40,267817,1922,0,99,0,0,0,LEADER,1,0,0,98,0,0,0,0,0,0,0,0,0,0,0
269729,29,bully,1910,1,0,0,98,0,1372,0,1,29,267819,1910,0,99,0,0,0,LEADER,1,0,0,98,0,0,0,0,0,0,0,0,0,0,0
269555,96,bully,1744,1,0,0,98,0,1372,0,1,96,267811,1744,0,99,0,0,0,LEADER,1,0,0,98,0,0,0,0,0,0,0,0,0,0,0
269642,84,bully,1825,1,0,0,98,0,1372,0,1,84,267817,1825,0,99,0,0,0,LEADER,1,0,0,98,0,0,0,0,0,0,0,0,0,0,0
269338,80,bully,1519,1,0,0,98,0,1372,0,1,80,267819,1519,0,99,0,0,0,LEADER,1,0,0,98,0,0,0,0,0,0,0,0,0,0,0
269179,53,bully,2283,1,0,0,97,0,1358,0,1,53,266896,2283,0,98,0,0,0,LEADER,1,0,0,97,0,0,0,0,0,0,0,0,0,0,0
269255,92,bully,1438,1,0,0,98,0,1372,0,1,92,267817,1438,0,99,0,0,0,LEADER,1,0,0,98,0,0,0,0,0,0,0,0,0,0,0
269425,91,bully,1619,1,0,0,98,0,1372,0,1,91,267806,1619,0,99,0,0,0,LEADER,1,0,0,98,0,0,0,0,0,0,0,0,0,0,0
269691,62,bully,1874,1,0,0,98,0,1372,0,1,62,267817,1874,0,99,0,0,0,LEADER,1,0,0,98,0,0,0,0,0,0,0,0,0,0,0
269388,15,bully,1571,1,0,0,98,0,1372,0,1,15,267817,1571,0,99,0,0,0,LEADER,1,0,0,98,0,0,0,0,0,0,0,0,0,0,0
269057,26,bully,2161,1,0,0,97,0,1358,0,1,26,266896,2161,0,98,0,0,0,LEADER,1,0,0,97,0,0,0,0,0,0,0,0,0,0,0
269794,49,bully,1977,1,0,0,98,0,1372,0,1,49,267817,1977,0,99,0,0,0,LEADER,1,0,0,98,0,0,0,0,0,0,0,0,0,0,0
269609,58,bully,1792,1,0,0,98,0,1372,0,1,58,267817,1792,0,99,0,0,0,LEADER,1,0,0,98,0,0,0,0,0,0,0,0,0,0,0
269142,86,bully,2246,1,0,0,97,0,1358,0,1,86,266896,2246,0,98,0,0,0,LEADER,1,0,0,97,0,0,0,0,0,0,0,0,0,0,0
269315,50,bully,2419,1,0,0,97,0,1358,0,1,50,266896,2419,0,98,0,0,0,LEADER,1,0,0,97,0,0,0,0,0,0,0,0,0,0,0
269165,85,bully,2268,1,0,0,97,0,1358,0,1,85,266897,2268,0,98,0,0,0,LEADER,1,0,0,97,0,0,0,0,0,0,0,0,0,0,0
269103,87,bully,2212,1,0,0,97,0,1358,0,1,87,266891,2212,0,98,0,0,0,LEADER,1,0,0,97,0,0,0,0,0,0,0,0,0,0,0
269312,64,bully,2416,1,0,0,97,0,1358,0,1,64,266896,2416,0,98,0,0,0,LEADER,1,0,0,97,0,0,0,0,0,0,0,0,0,0,0
269161,11,bully,2264,1,0,0,97,0,1358,0,1,11,266897,2264,0,98,0,0,0,LEADER,1,0,0,97,0,0,0,0,0,0,0,0,0,0,0
269251,18,bully,1434,1,0,0,98,0,1372,0,1,18,267817,1434,0,99,0,0,0,LEADER,1,0,0,98,0,0,0,0,0,0,0,0,0,0,0
269370,90,bully,1553,1,0,0,98,0,1372,0,1,90,267817,1553,0,99,0,0,0,LEADER,1,0,0,98,0,0,0,0,0,0,0,0,0,0,0
269264,35,bully,1447,1,0,0,98,0,1372,0,1,35,267817,1447,0,99,0,0,0,LEADER,1,0,0,98,0,0,0,0,0,0,0,0,0,0,0
269145,43,bully,2249,1,0,0,97,0,1358,0,1,43,266896,2249,0,98,0,0,0,LEADER,1,0,0,97,0,0,0,0,0,0,0,0,0,0,0
269284,28,bully,1467,1,0,0,98,0,1372,0,1,28,267817,1467,0,99,0,0,0,LEADER,1,0,0,98,0,0,0,0,0,0,0,0,0,0,0
269122,44,bully,2228,1,0,0,97,0,1358,0,1,44,266894,2228,0,98,0,0,0,LEADER,1,0,0,97,0,0,0,0,0,0,0,0,0,0,0
269958,23,bully,2141,1,0,0,98,0,1372,0,1,23,267817,2141,0,99,0,0,0,LEADER,1,0,0,98,0,0,0,0,0,0,0,0,0,0,0
269278,30,bully,1461,1,0,0,98,0,1372,0,1,30,267817,1461,0,99,0,0,0,LEADER,1,0,0,98,0,0,0,0,0,0,0,0,0,0,0
269678,94,bully,1859,1,0,0,98,0,1372,0,1,94,267819,1859,0,99,0,0,0,LEADER,1,0,0,98,0,0,0,0,0,0,0,0,0,0,0
269318,38,bully,1501,1,0,0,98,0,1372,0,1,38,267817,1501,0,99,0,0,0,LEADER,1,0,0,98,0,0,0,0,0,0,0,0,0,0,0
269997,66,bully,2180,1,0,0,98,0,1372,0,1,66,267817,2180,0,99,0,0,0,LEADER,1,0,0,98,0,0,0,0,0,0,0,0,0,0,0
269303,70,bully,1486,1,0,0,98,0,1372,0,1,70,267817,1486,0,99,0,0,0,LEADER,1,0,0,98,0,0,0,0,0,0,0,0,0,0,0
269948,88,bully,2131,1,0,0,98,0,1372,0,1,88,267817,2131,0,99,0,0,0,LEADER,1,0,0,98,0,0,0,0,0,0,0,0,0,0,0
269131,75,bully,2235,1,0,0,97,0,1358,0,1,75,266896,2235,0,98,0,0,0,LEADER,1,0,0,97,0,0,0,0,0,0,0,0,0,0,0
269141,12,bully,2243,1,0,0,97,0,1358,0,1,12,266898,2243,0,98,0,0,0,LEADER,1,0,0,97,0,0,0,0,0,0,0,0,0,0,0
269842,27,bully,2025,1,0,0,98,0,1372,0,1,27,267817,2025,0,99,0,0,0,LEADER,1,0,0,98,0,0,0,0,0,0,0,0,0,0,0
269331,42,bully,1514,1,0,0,98,0,1372,0,1,42,267817,1514,0,99,0,0,0,LEADER,1,0,0,98,0,0,0,0,0,0,0,0,0,0,0
269978,24,bully,2161,1,0,0,98,0,1372,0,1,24,267817,2161,0,99,0,0,0,LEADER,1,0,0,98,0,0,0,0,0,0,0,0,0,0,0
269930,46,bully,2113,1,0,0,98,0,1372,0,1,46,267817,2113,0,99,0,0,0,LEADER,1,0,0,98,0,0,0,0,0,0,0,0,0,0,0
269827,59,bully,2010,1,0,0,98,0,1372,0,1,59,267817,2010,0,99,0,0,0,LEADER,1,0,0,98,0,0,0,0,0,0,0,0,0,0,0
269455,34,bully,1637,1,0,0,98,0,1372,0,1,34,267818,1637,0,99,0,0,0,LEADER,1,0,0,98,0,0,0,0,0,0,0,0,0,0,0
270109,32,bully,2292,1,0,0,98,0,1372,0,1,32,267817,2292,0,99,0,0,0,LEADER,1,0,0,98,0,0,0,0,0,0,0,0,0,0,0
269725,72,bully,1907,1,0,0,98,0,1372,0,1,72,267818,1907,0,99,0,0,0,LEADER,1,0,0,98,0,0,0,0,0,0,0,0,0,0,0
270136,63,bully,2316,1,0,0,98,0,1372,0,1,63,267820,2316,0,99,0,0,0,LEADER,1,0,0,98,0,0,0,0,0,0,0,0,0,0,0
269609,74,bully,1792,1,0,0,98,0,1372,0,1,74,267817,1792,0,99,0,0,0,LEADER,1,0,0,98,0,0,0,0,0,0,0,0,0,0,0
269351,48,bully,1534,1,0,0,98,0,1372,0,1,48,267817,1534,0,99,0,0,0,LEADER,1,0,0,98,0,0,0,0,0,0,0,0,0,0,0
269814,57,bully,1995,1,0,0,98,0,1372,0,1,57,267819,1995,0,99,0,0,0,LEADER,1,0,0,98,0,0,0,0,0,0,0,0,0,0,0
269882,68,bully,2065,1,0,0,98,0,1372,0,1,68,267817,2065,0,99,0,0,0,LEADER,1,0,0,98,0,0,0,0,0,0,0,0,0,0,0
269697,8,bully,2467,1,0,0,23,38,322,532,5,4,267230,2467,0,9,0,0,0,NORMAL,0,0,0,23,0,0,0,38,0,0,0,0,0,0,0
269283,45,bully,1466,1,0,0,98,0,1372,0,1,45,267817,1466,0,99,0,0,0,LEADER,1,0,0,98,0,0,0,0,0,0,0,0,0,0,0
269640,93,bully,1823,1,0,0,98,0,1372,0,1,93,267817,1823,0,99,0,0,0,LEADER,1,0,0,98,0,0,0,0,0,0,0,0,0,0,0
270221,82,bully,2404,1,0,0,98,0,1372,0,1,82,267817,2404,0,99,0,0,0,LEADER,1,0,0,98,0,0,0,0,0,0,0,0,0,0,0
270215,51,bully,2398,1,0,0,98,0,1372,0,1,51,267817,2398,0,99,0,0,0,LEADER,1,0,0,98,0,0,0,0,0,0,0,0,0,0,0
269760,39,bully,1943,1,0,0,98,0,1372,0,1,39,267817,1943,0,99,0,0,0,LEADER,1,0,0,98,0,0,0,0,0,0,0,0,0,0,0
269506,78,bully,1689,1,0,0,98,0,1372,0,1,78,267817,1689,0,99,0,0,0,LEADER,1,0,0,98,0,0,0,0,0,0,0,0,0,0,0
269894,79,bully,2077,1,0,0,98,0,1372,0,1,79,267817,2077,0,99,0,0,0,LEADER,1,0,0,98,0,0,0,0,0,0,0,0,0,0,0
269469,14,bully,1652,1,0,0,98,0,1372,0,1,14,267817,1652,0,99,0,0,0,LEADER,1,0,0,98,0,0,0,0,0,0,0,0,0,0,0
269896,36,bully,2080,1,0,0,98,0,1372,0,1,36,267816,2080,0,99,0,0,0,LEADER,1,0,0,98,0,0,0,0,0,0,0,0,0,0,0
269779,81,bully,1962,1,0,0,98,0,1372,0,1,81,267817,1962,0,99,0,0,0,LEADER,1,0,0,98,0,0,0,0,0,0,0,0,0,0,0
269439,67,bully,1622,1,0,0,98,0,1372,0,1,67,267817,1622,0,99,0,0,0,LEADER,1,0,0,98,0,0,0,0,0,0,0,0,0,0,0
270200,83,bully,2383,1,0,0,98,0,1372,0,1,83,267817,2383,0,99,0,0,0,LEADER,1,0,0,98,0,0,0,0,0,0,0,0,0,0,0
270344,99,bully,1607,1,0,0,98,0,1372,0,1,99,268737,1607,0,99,0,0,0,LEADER,1,0,0,98,0,0,0,0,0,0,0,0,0,0,0
269521,55,bully,1704,1,0,0,98,0,1372,0,1,55,267817,1704,0,99,0,0,0,LEADER,1,0,0,98,0,0,0,0,0,0,0,0,0,0,0
270311,89,bully,1574,1,0,0,98,0,1372,0,1,89,268737,1574,0,99,0,0,0,LEADER,1,0,0,98,0,0,0,0,0,0,0,0,0,0,0
269473,77,bully,1656,1,0,0,98,0,1372,0,1,77,267817,1656,0,99,0,0,0,LEADER,1,0,0,98,0,0,0,0,0,0,0,0,0,0,0
269745,71,bully,1928,1,0,0,98,0,1372,0,1,71,267817,1928,0,99,0,0,0,LEADER,1,0,0,98,0,0,0,0,0,0,0,0,0,0,0
270024,76,bully,2213,1,0,0,98,0,1372,0,1,76,267811,2213,0,99,0,0,0,LEADER,1,0,0,98,0,0,0,0,0,0,0,0,0,0,0
269659,52,bully,1840,1,0,0,98,0,1372,0,1,52,267819,1840,0,99,0,0,0,LEADER,1,0,0,98,0,0,0,0,0,0,0,0,0,0,0
269624,10,bully,1807,1,0,0,98,0,1372,0,1,10,267817,1807,0,99,0,0,0,LEADER,1,0,0,98,0,0,0,0,0,0,0,0,0,0,0
269557,22,bully,1740,1,0,0,98,0,1372,0,1,22,267817,1740,0,99,0,0,0,LEADER,1,0,0,98,0,0,0,0,0,0,0,0,0,0,0
269702,21,bully,1889,1,0,0,98,0,1372,0,1,21,267813,1889,0,99,0,0,0,LEADER,1,0,0,98,0,0,0,0,0,0,0,0,0,0,0
269963,56,bully,2146,1,0,0,98,0,1372,0,1,56,267817,2146,0,99,0,0,0,LEADER,1,0,0,98,0,0,0,0,0,0,0,0,0,0,0
269488,60,bully,1671,1,0,0,98,0,1372,0,1,60,267817,1671,0,99,0,0,0,LEADER,1,0,0,98,0,0,0,0,0,0,0,0,0,0,0
270341,25,bully,1604,1,0,0,98,0,1372,0,1,25,268737,1604,0,99,0,0,0,LEADER,1,0,0,98,0,0,0,0,0,0,0,0,0,0,0
269554,65,bully,1737,1,0,0,98,0,1372,0,1,65,267817,1737,0,99,0,0,0,LEADER,1,0,0,98,0,0,0,0,0,0,0,0,0,0,0
270230,19,bully,2413,1,0,0,98,0,1372,0,1,19,267817,2413,0,99,0,0,0,LEADER,1,0,0,98,0,0,0,0,0,0,0,0,0,0,0
269860,69,bully,2043,1,0,0,98,0,1372,0,1,69,267817,2043,0,99,0,0,0,LEADER,1,0,0,98,0,0,0,0,0,0,0,0,0,0,0
270462,54,bully,1725,1,0,0,98,0,1372,0,1,54,268737,1725,0,99,0,0,0,LEADER,1,0,0,98,0,0,0,0,0,0,0,0,0,0,0
269809,17,bully,1992,1,0,0,98,0,1372,0,1,17,267817,1992,0,99,0,0,0,LEADER,1,0,0,98,0,0,0,0,0,0,0,0,0,0,0
270323,100,bully,1586,1,0,0,98,0,1372,0,1,100,268737,1586,0,99,0,0,0,LEADER,1,0,0,98,0,0,0,0,0,0,0,0,0,0,0
270286,16,bully,1549,1,0,0,98,0,1372,0,1,16,268737,1549,0,99,0,0,0,LEADER,1,0,0,98,0,0,0,0,0,0,0,0,0,0,0
269875,37,bully,2058,1,0,0,98,0,1372,0,1,37,267817,2058,0,99,0,0,0,LEADER,1,0,0,98,0,0,0,0,0,0,0,0,0,0,0
270511,13,bully,1774,1,0,0,98,0,1372,0,1,13,268737,1774,0,99,0,0,0,LEADER,1,0,0,98,0,0,0,0,0,0,0,0,0,0,0
269672,20,bully,1855,1,0,0,98,0,1372,0,1,20,267817,1855,0,99,0,0,0,LEADER,1,0,0,98,0,0,0,0,0,0,0,0,0,0,0
270304,41,bully,1567,1,0,0,98,0,1372,0,1,41,268737,1567,0,99,0,0,0,LEADER,1,0,0,98,0,0,0,0,0,0,0,0,0,0,0
270293,47,bully,1556,1,0,0,98,0,1372,0,1,47,268737,1556,0,99,0,0,0,LEADER,1,0,0,98,0,0,0,0,0,0,0,0,0,0,0
270119,95,bully,2301,1,0,0,98,0,1372,0,1,95,267818,2301,0,99,0,0,0,LEADER,1,0,0,98,0,0,0,0,0,0,0,0,0,0,0
269982,98,bully,2165,1,0,0,98,0,1372,0,1,98,267817,2165,0,99,0,0,0,LEADER,1,0,0,98,0,0,0,0,0,0,0,0,0,0,0
270166,73,bully,2349,1,0,0,98,0,1372,0,1,73,267817,2349,0,99,0,0,0,LEADER,1,0,0,98,0,0,0,0,0,0,0,0,0,0,0
270489,33,bully,1752,1,0,0,98,0,1372,0,1,33,268737,1752,0,99,0,0,0,LEADER,1,0,0,98,0,0,0,0,0,0,0,0,0,0,0
270459,97,bully,1722,1,0,0,98,0,1372,0,1,97,268737,1722,0,99,0,0,0,LEADER,1,0,0,98,0,0,0,0,0,0,0,0,0,0,0
269712,61,bully,1895,1,0,0,98,0,1372,0,1,61,267817,1895,0,99,0,0,0,LEADER,1,0,0,98,0,0,0,0,0,0,0,0,0,0,0
270659,40,bully,1922,1,0,0,98,0,1372,0,1,40,268737,1922,0,99,0,0,0,LEADER,1,0,0,98,0,0,0,0,0,0,0,0,0,0,0
270148,31,bully,2331,1,0,0,98,0,1372,0,1,31,267817,2331,0,99,0,0,0,LEADER,1,0,0,98,0,0,0,0,0,0,0,0,0,0,0
270649,29,bully,1910,1,0,0,98,0,1372,0,1,29,268739,1910,0,99,0,0,0,LEADER,1,0,0,98,0,0,0,0,0,0,0,0,0,0,0
270475,96,bully,1744,1,0,0,98,0,1372,0,1,96,268731,1744,0,99,0,0,0,LEADER,1,0,0,98,0,0,0,0,0,0,0,0,0,0,0
270562,84,bully,1825,1,0,0,98,0,1372,0,1,84,268737,1825,0,99,0,0,0,LEADER,1,0,0,98,0,0,0,0,0,0,0,0,0,0,0
270258,80,bully,1519,1,0,0,98,0,1372,0,1,80,268739,1519,0,99,0,0,0,LEADER,1,0,0,98,0,0,0,0,0,0,0,0,0,0,0
270100,53,bully,2283,1,0,0,98,0,1372,0,1,53,267817,2283,0,99,0,0,0,LEADER,1,0,0,98,0,0,0,0,0,0,0,0,0,0,0
270175,92,bully,1438,1,0,0,98,0,1372,0,1,92,268737,1438,0,99,0,0,0,LEADER,1,0,0,98,0,0,0,0,0,0,0,0,0,0,0
270345,91,bully,1619,1,0,0,98,0,1372,0,1,91,268726,1619,0,99,0,0,0,LEADER,1,0,0,98,0,0,0,0,0,0,0,0,0,0,0
270611,62,bully,1874,1,0,0,98,0,1372,0,1,62,268737,1874,0,99,0,0,0,LEADER,1,0,0,98,0,0,0,0,0,0,0,0,0,0,0
270308,15,bully,1571,1,0,0,98,0,1372,0,1,15,268737,1571,0,99,0,0,0,LEADER,1,0,0,98,0,0,0,0,0,0,0,0,0,0,0
269978,26,bully,2161,1,0,0,98,0,1372,0,1,26,267817,2161,0,99,0,0,0,LEADER,1,0,0,98,0,0,0,0,0,0,0,0,0,0,0
270714,49,bully,1977,1,0,0,98,0,1372,0,1,49,268737,1977,0,99,0,0,0,LEADER,1,0,0,98,0,0,0,0,0,0,0,0,0,0,0
270529,58,bully,1792,1,0,0,98,0,1372,0,1,58,268737,1792,0,99,0,0,0,LEADER,1,0,0,98,0,0,0,0,0,0,0,0,0,0,0
270063,86,bully,2246,1,0,0,98,0,1372,0,1,86,267817,2246,0,99,0,0,0,LEADER,1,0,0,98,0,0,0,0,0,0,0,0,0,0,0
270236,50,bully,2419,1,0,0,98,0,1372,0,1,50,267817,2419,0,99,0,0,0,LEADER,1,0,0,98,0,0,0,0,0,0,0,0,0,0,0
270024,87,bully,2212,1,0,0,98,0,1372,0,1,87,267812,2212,0,99,0,0,0,LEADER,1,0,0,98,0,0,0,0,0,0,0,0,0,0,0
270086,85,bully,2268,1,0,0,98,0,1372,0,1,85,267818,2268,0,99,0,0,0,LEADER,1,0,0,98,0,0,0,0,0,0,0,0,0,0,0
270233,64,bully,2416,1,0,0,98,0,1372,0,1,64,267817,2416,0,99,0,0,0,LEADER,1,0,0,98,0,0,0,0,0,0,0,0,0,0,0
270171,18,bully,1434,1,0,0,98,0,1372,0,1,18,268737,1434,0,99,0,0,0,LEADER,1,0,0,98,0,0,0,0,0,0,0,0,0,0,0
270082,11,bully,2264,1,0,0,98,0,1372,0,1,11,267818,2264,0,99,0,0,0,LEADER,1,0,0,98,0,0,0,0,0,0,0,0,0,0,0
270290,90,bully,1553,1,0,0,98,0,1372,0,1,90,268737,1553,0,99,0,0,0,LEADER,1,0,0,98,0,0,0,0,0,0,0,0,0,0,0
270184,35,bully,1447,1,0,0,98,0,1372,0,1,35,268737,1447,0,99,0,0,0,LEADER,1,0,0,98,0,0,0,0,0,0,0,0,0,0,0
270066,43,bully,2249,1,0,0,98,0,1372,0,1,43,267817,2249,0,99,0,0,0,LEADER,1,0,0,98,0,0,0,0,0,0,0,0,0,0,0
270204,28,bully,1467,1,0,0,98,0,1372,0,1,28,268737,1467,0,99,0,0,0,LEADER,1,0,0,98,0,0,0,0,0,0,0,0,0,0,0
270042,44,bully,2228,1,0,0,98,0,1372,0,1,44,267814,2228,0,99,0,0,0,LEADER,1,0,0,98,0,0,0,0,0,0,0,0,0,0,0
270878,23,bully,2141,1,0,0,98,0,1372,0,1,23,268737,2141,0,99,0,0,0,LEADER,1,0,0,98,0,0,0,0,0,0,0,0,0,0,0
270198,30,bully,1461,1,0,0,98,0,1372,0,1,30,268737,1461,0,99,0,0,0,LEADER,1,0,0,98,0,0,0,0,0,0,0,0,0,0,0
270598,94,bully,1859,1,0,0,98,0,1372,0,1,94,268739,1859,0,99,0,0,0,LEADER,1,0,0,98,0,0,0,0,0,0,0,0,0,0,0
270238,38,bully,1501,1,0,0,98,0,1372,0,1,38,268737,1501,0,99,0,0,0,LEADER,1,0,0,98,0,0,0,0,0,0,0,0,0,0,0
270917,66,bully,2180,1,0,0,98,0,1372,0,1,66,268737,2180,0,99,0,0,0,LEADER,1,0,0,98,0,0,0,0,0,0,0,0,0,0,0
270223,70,bully,1486,1,0,0,98,0,1372,0,1,70,268737,1486,0,99,0,0,0,LEADER,1,0,0,98,0,0,0,0,0,0,0,0,0,0,0
270868,88,bully,2131,1,0,0,98,0,1372,0,1,88,268737,2131,0,99,0,0,0,LEADER,1,0,0,98,0,0,0,0,0,0,0,0,0,0,0
270052,75,bully,2235,1,0,0,98,0,1372,0,1,75,267817,2235,0,99,0,0,0,LEADER,1,0,0,98,0,0,0,0,0,0,0,0,0,0,0
270062,12,bully,2243,1,0,0,98,0,1372,0,1,12,267819,2243,0,99,0,0,0,LEADER,1,0,0,98,0,0,0,0,0,0,0,0,0,0,0
270762,27,bully,2025,1,0,0,98,0,1372,0,1,27,268737,2025,0,99,0,0,0,LEADER,1,0,0,98,0,0,0,0,0,0,0,0,0,0,0
270251,42,bully,1514,1,0,0,98,0,1372,0,1,42,268737,1514,0,99,0,0,0,LEADER,1,0,0,98,0,0,0,0,0,0,0,0,0,0,0
270898,24,bully,2161,1,0,0,98,0,1372,0,1,24,268737,2161,0,99,0,0,0,LEADER,1,0,0,98,0,0,0,0,0,0,0,0,0,0,0
270850,46,bully,2113,1,0,0,98,0,1372,0,1,46,268737,2113,0,99,0,0,0,LEADER,1,0,0,98,0,0,0,0,0,0,0,0,0,0,0
270747,59,bully,2010,1,0,0,98,0,1372,0,1,59,268737,2010,0,99,0,0,0,LEADER,1,0,0,98,0,0,0,0,0,0,0,0,0,0,0
270375,34,bully,1637,1,0,0,98,0,1372,0,1,34,268738,1637,0,99,0,0,0,LEADER,1,0,0,98,0,0,0,0,0,0,0,0,0,0,0
271029,32,bully,2292,1,0,0,98,0,1372,0,1,32,268737,2292,0,99,0,0,0,LEADER,1,0,0,98,0,0,0,0,0,0,0,0,0,0,0
270645,72,bully,1907,1,0,0,98,0,1372,0,1,72,268738,1907,0,99,0,0,0,LEADER,1,0,0,98,0,0,0,0,0,0,0,0,0,0,0
271056,63,bully,2316,1,0,0,98,0,1372,0,1,63,268740,2316,0,99,0,0,0,LEADER,1,0,0,98,0,0,0,0,0,0,0,0,0,0,0
270529,74,bully,1792,1,0,0,98,0,1372,0,1,74,268737,1792,0,99,0,0,0,LEADER,1,0,0,98,0,0,0,0,0,0,0,0,0,0,0
270271,48,bully,1534,1,0,0,98,0,1372,0,1,48,268737,1534,0,99,0,0,0,LEADER,1,0,0,98,0,0,0,0,0,0,0,0,0,0,0
270734,57,bully,1995,1,0,0,98,0,1372,0,1,57,268739,1995,0,99,0,0,0,LEADER,1,0,0,98,0,0,0,0,0,0,0,0,0,0,0
270802,68,bully,2065,1,0,0,98,0,1372,0,1,68,268737,2065,0,99,0,0,0,LEADER,1,0,0,98,0,0,0,0,0,0,0,0,0,0,0
270203,45,bully,1466,1,0,0,98,0,1372,0,1,45,268737,1466,0,99,0,0,0,LEADER,1,0,0,98,0,0,0,0,0,0,0,0,0,0,0
270560,93,bully,1823,1,0,0,98,0,1372,0,1,93,268737,1823,0,99,0,0,0,LEADER,1,0,0,98,0,0,0,0,0,0,0,0,0,0,0
271141,82,bully,2404,1,0,0,98,0,1372,0,1,82,268737,2404,0,99,0,0,0,LEADER,1,0,0,98,0,0,0,0,0,0,0,0,0,0,0
271135,51,bully,2398,1,0,0,98,0,1372,0,1,51,268737,2398,0,99,0,0,0,LEADER,1,0,0,98,0,0,0,0,0,0,0,0,0,0,0
270680,39,bully,1943,1,0,0,98,0,1372,0,1,39,268737,1943,0,99,0,0,0,LEADER,1,0,0,98,0,0,0,0,0,0,0,0,0,0,0
270426,78,bully,1689,1,0,0,98,0,1372,0,1,78,268737,1689,0,99,0,0,0,LEADER,1,0,0,98,0,0,0,0,0,0,0,0,0,0,0
270814,79,bully,2077,1,0,0,98,0,1372,0,1,79,268737,2077,0,99,0,0,0,LEADER,1,0,0,98,0,0,0,0,0,0,0,0,0,0,0
270389,14,bully,1652,1,0,0,98,0,1372,0,1,14,268737,1652,0,99,0,0,0,LEADER,1,0,0,98,0,0,0,0,0,0,0,0,0,0,0
270816,36,bully,2080,1,0,0,98,0,1372,0,1,36,268736,2080,0,99,0,0,0,LEADER,1,0,0,98,0,0,0,0,0,0,0,0,0,0,0
270699,81,bully,1962,1,0,0,98,0,1372,0,1,81,268737,1962,0,99,0,0,0,LEADER,1,0,0,98,0,0,0,0,0,0,0,0,0,0,0
270359,67,bully,1622,1,0,0,98,0,1372,0,1,67,268737,1622,0,99,0,0,0,LEADER,1,0,0,98,0,0,0,0,0,0,0,0,0,0,0
271120,83,bully,2383,1,0,0,98,0,1372,0,1,83,268737,2383,0,99,0,0,0,LEADER,1,0,0,98,0,0,0,0,0,0,0,0,0,0,0
271264,99,bully,1607,1,0,0,98,0,1372,0,1,99,269657,1607,0,99,0,0,0,LEADER,1,0,0,98,0,0,0,0,0,0,0,0,0,0,0
270441,55,bully,1704,1,0,0,98,0,1372,0,1,55,268737,1704,0,99,0,0,0,LEADER,1,0,0,98,0,0,0,0,0,0,0,0,0,0,0
271231,89,bully,1574,1,0,0,98,0,1372,0,1,89,269657,1574,0,99,0,0,0,LEADER,1,0,0,98,0,0,0,0,0,0,0,0,0,0,0
270393,77,bully,1656,1,0,0,98,0,1372,0,1,77,268737,1656,0,99,0,0,0,LEADER,1,0,0,98,0,0,0,0,0,0,0,0,0,0,0
270665,71,bully,1928,1,0,0,98,0,1372,0,1,71,268737,1928,0,99,0,0,0,LEADER,1,0,0,98,0,0,0,0,0,0,0,0,0,0,0
270944,76,bully,2213,1,0,0,98,0,1372,0,1,76,268731,2213,0,99,0,0,0,LEADER,1,0,0,98,0,0,0,0,0,0,0,0,0,0,0
270579,52,bully,1840,1,0,0,98,0,1372,0,1,52,268739,1840,0,99,0,0,0,LEADER,1,0,0,98,0,0,0,0,0,0,0,0,0,0,0
270544,10,bully,1807,1,0,0,98,0,1372,0,1,10,268737,1807,0,99,0,0,0,LEADER,1,0,0,98,0,0,0,0,0,0,0,0,0,0,0
270477,22,bully,1740,1,0,0,98,0,1372,0,1,22,268737,1740,0,99,0,0,0,LEADER,1,0,0,98,0,0,0,0,0,0,0,0,0,0,0
270622,21,bully,1889,1,0,0,98,0,1372,0,1,21,268733,1889,0,99,0,0,0,LEADER,1,0,0,98,0,0,0,0,0,0,0,0,0,0,0
270883,56,bully,2146,1,0,0,98,0,1372,0,1,56,268737,2146,0,99,0,0,0,LEADER,1,0,0,98,0,0,0,0,0,0,0,0,0,0,0
270408,60,bully,1671,1,0,0,98,0,1372,0,1,60,268737,1671,0,99,0,0,0,LEADER,1,0,0,98,0,0,0,0,0,0,0,0,0,0,0
271261,25,bully,1604,1,0,0,98,0,1372,0,1,25,269657,1604,0,99,0,0,0,LEADER,1,0,0,98,0,0,0,0,0,0,0,0,0,0,0
270474,65,bully,1737,1,0,0,98,0,1372,0,1,65,268737,1737,0,99,0,0,0,LEADER,1,0,0,98,0,0,0,0,0,0,0,0,0,0,0
271150,19,bully,2413,1,0,0,98,0,1372,0,1,19,268737,2413,0,99,0,0,0,LEADER,1,0,0,98,0,0,0,0,0,0,0,0,0,0,0
270780,69,bully,2043,1,0,0,98,0,1372,0,1,69,268737,2043,0,99,0,0,0,LEADER,1,0,0,98,0,0,0,0,0,0,0,0,0,0,0
271382,54,bully,1725,1,0,0,98,0,1372,0,1,54,269657,1725,0,99,0,0,0,LEADER,1,0,0,98,0,0,0,0,0,0,0,0,0,0,0
270729,17,bully,1992,1,0,0,98,0,1372,0,1,17,268737,1992,0,99,0,0,0,LEADER,1,0,0,98,0,0,0,0,0,0,0,0,0,0,0
271243,100,bully,1586,1,0,0,98,0,1372,0,1,100,269657,1586,0,99,0,0,0,LEADER,1,0,0,98,0,0,0,0,0,0,0,0,0,0,0
271206,16,bully,1549,1,0,0,98,0,1372,0,1,16,269657,1549,0,99,0,0,0,LEADER,1,0,0,98,0,0,0,0,0,0,0,0,0,0,0
270795,37,bully,2058,1,0,0,98,0,1372,0,1,37,268737,2058,0,99,0,0,0,LEADER,1,0,0,98,0,0,0,0,0,0,0,0,0,0,0
271431,13,bully,1774,1,0,0,98,0,1372,0,1,13,269657,1774,0,99,0,0,0,LEADER,1,0,0,98,0,0,0,0,0,0,0,0,0,0,0
270592,20,bully,1855,1,0,0,98,0,1372,0,1,20,268737,1855,0,99,0,0,0,LEADER,1,0,0,98,0,0,0,0,0,0,0,0,0,0,0
271224,41,bully,1567,1,0,0,98,0,1372,0,1,41,269657,1567,0,99,0,0,0,LEADER,1,0,0,98,0,0,0,0,0,0,0,0,0,0,0
271213,47,bully,1556,1,0,0,98,0,1372,0,1,47,269657,1556,0,99,0,0,0,LEADER,1,0,0,98,0,0,0,0,0,0,0,0,0,0,0
271039,95,bully,2301,1,0,0,98,0,1372,0,1,95,268738,2301,0,99,0,0,0,LEADER,1,0,0,98,0,0,0,0,0,0,0,0,0,0,0
270902,98,bully,2165,1,0,0,98,0,1372,0,1,98,268737,2165,0,99,0,0,0,LEADER,1,0,0,98,0,0,0,0,0,0,0,0,0,0,0
271086,73,bully,2349,1,0,0,98,0,1372,0,1,73,268737,2349,0,99,0,0,0,LEADER,1,0,0,98,0,0,0,0,0,0,0,0,0,0,0
271409,33,bully,1752,1,0,0,98,0,1372,0,1,33,269657,1752,0,99,0,0,0,LEADER,1,0,0,98,0,0,0,0,0,0,0,0,0,0,0
271379,97,bully,1722,1,0,0,98,0,1372,0,1,97,269657,1722,0,99,0,0,0,LEADER,1,0,0,98,0,0,0,0,0,0,0,0,0,0,0
270632,61,bully,1895,1,0,0,98,0,1372,0,1,61,268737,1895,0,99,0,0,0,LEADER,1,0,0,98,0,0,0,0,0,0,0,0,0,0,0
271579,40,bully,1922,1,0,0,98,0,1372,0,1,40,269657,1922,0,99,0,0,0,LEADER,1,0,0,98,0,0,0,0,0,0,0,0,0,0,0
271068,31,bully,2331,1,0,0,98,0,1372,0,1,31,268737,2331,0,99,0,0,0,LEADER,1,0,0,98,0,0,0,0,0,0,0,0,0,0,0
271569,29,bully,1910,1,0,0,98,0,1372,0,1,29,269659,1910,0,99,0,0,0,LEADER,1,0,0,98,0,0,0,0,0,0,0,0,0,0,0
271395,96,bully,1744,1,0,0,98,0,1372,0,1,96,269651,1744,0,99,0,0,0,LEADER,1,0,0,98,0,0,0,0,0,0,0,0,0,0,0
271482,84,bully,1825,1,0,0,98,0,1372,0,1,84,269657,1825,0,99,0,0,0,LEADER,1,0,0,98,0,0,0,0,0,0,0,0,0,0,0
271178,80,bully,1519,1,0,0,98,0,1372,0,1,80,269659,1519,0,99,0,0,0,LEADER,1,0,0,98,0,0,0,0,0,0,0,0,0,0,0
271020,53,bully,2283,1,0,0,98,0,1372,0,1,53,268737,2283,0,99,0,0,0,LEADER,1,0,0,98,0,0,0,0,0,0,0,0,0,0,0
271095,92,bully,1438,1,0,0,98,0,1372,0,1,92,269657,1438,0,99,0,0,0,LEADER,1,0,0,98,0,0,0,0,0,0,0,0,0,0,0
271265,91,bully,1619,1,0,0,98,0,1372,0,1,91,269646,1619,0,99,0,0,0,LEADER,1,0,0,98,0,0,0,0,0,0,0,0,0,0,0
271531,62,bully,1874,1,0,0,98,0,1372,0,1,62,269657,1874,0,99,0,0,0,LEADER,1,0,0,98,0,0,0,0,0,0,0,0,0,0,0
271228,15,bully,1571,1,0,0,98,0,1372,0,1,15,269657,1571,0,99,0,0,0,LEADER,1,0,0,98,0,0,0,0,0,0,0,0,0,0,0
270898,26,bully,2161,1,0,0,98,0,1372,0,1,26,268737,2161,0,99,0,0,0,LEADER,1,0,0,98,0,0,0,0,0,0,0,0,0,0,0
271634,49,bully,1977,1,0,0,98,0,1372,0,1,49,269657,1977,0,99,0,0,0,LEADER,1,0,0,98,0,0,0,0,0,0,0,0,0,0,0
271449,58,bully,1792,1,0,0,98,0,1372,0,1,58,269657,1792,0,99,0,0,0,LEADER,1,0,0,98,0,0,0,0,0,0,0,0,0,0,0
270983,86,bully,2246,1,0,0,98,0,1372,0,1,86,268737,2246,0,99,0,0,0,LEADER,1,0,0,98,0,0,0,0,0,0,0,0,0,0,0
271156,50,bully,2419,1,0,0,98,0,1372,0,1,50,268737,2419,0,99,0,0,0,LEADER,1,0,0,98,0,0,0,0,0,0,0,0,0,0,0
270944,87,bully,2212,1,0,0,98,0,1372,0,1,87,268732,2212,0,99,0,0,0,LEADER,1,0,0,98,0,0,0,0,0,0,0,0,0,0,0
271006,85,bully,2268,1,0,0,98,0,1372,0,1,85,268738,2268,0,99,0,0,0,LEADER,1,0,0,98,0,0,0,0,0,0,0,0,0,0,0
271153,64,bully,2416,1,0,0,98,0,1372,0,1,64,268737,2416,0,99,0,0,0,LEADER,1,0,0,98,0,0,0,0,0,0,0,0,0,0,0
271091,18,bully,1434,1,0,0,98,0,1372,0,1,18,269657,1434,0,99,0,0,0,LEADER,1,0,0,98,0,0,0,0,0,0,0,0,0,0,0
271002,11,bully,2264,1,0,0,98,0,1372,0,1,11,268738,2264,0,99,0,0,0,LEADER,1,0,0,98,0,0,0,0,0,0,0,0,0,0,0
271210,90,bully,1553,1,0,0,98,0,1372,0,1,90,269657,1553,0,99,0,0,0,LEADER,1,0,0,98,0,0,0,0,0,0,0,0,0,0,0
271104,35,bully,1447,1,0,0,98,0,1372,0,1,35,269657,1447,0,99,0,0,0,LEADER,1,0,0,98,0,0,0,0,0,0,0,0,0,0,0
270986,43,bully,2249,1,0,0,98,0,1372,0,1,43,268737,2249,0,99,0,0,0,LEADER,1,0,0,98,0,0,0,0,0,0,0,0,0,0,0
271124,28,bully,1467,1,0,0,98,0,1372,0,1,28,269657,1467,0,99,0,0,0,LEADER,1,0,0,98,0,0,0,0,0,0,0,0,0,0,0
270962,44,bully,2228,1,0,0,98,0,1372,0,1,44,268734,2228,0,99,0,0,0,LEADER,1,0,0,98,0,0,0,0,0,0,0,0,0,0,0
271798,23,bully,2141,1,0,0,98,0,1372,0,1,23,269657,2141,0,99,0,0,0,LEADER,1,0,0,98,0,0,0,0,0,0,0,0,0,0,0
271118,30,bully,1461,1,0,0,98,0,1372,0,1,30,269657,1461,0,99,0,0,0,LEADER,1,0,0,98,0,0,0,0,0,0,0,0,0,0,0
271518,94,bully,1859,1,0,0,98,0,1372,0,1,94,269659,1859,0,99,0,0,0,LEADER,1,0,0,98,0,0,0,0,0,0,0,0,0,0,0
271158,38,bully,1501,1,0,0,98,0,1372,0,1,38,269657,1501,0,99,0,0,0,LEADER,1,0,0,98,0,0,0,0,0,0,0,0,0,0,0
271837,66,bully,2180,1,0,0,98,0,1372,0,1,66,269657,2180,0,99,0,0,0,LEADER,1,0,0,98,0,0,0,0,0,0,0,0,0,0,0
271143,70,bully,1486,1,0,0,98,0,1372,0,1,70,269657,1486,0,99,0,0,0,LEADER,1,0,0,98,0,0,0,0,0,0,0,0,0,0,0
271788,88,bully,2131,1,0,0,98,0,1372,0,1,88,269657,2131,0,99,0,0,0,LEADER,1,0,0,98,0,0,0,0,0,0,0,0,0,0,0
270972,75,bully,2235,1,0,0,98,0,1372,0,1,75,268737,2235,0,99,0,0,0,LEADER,1,0,0,98,0,0,0,0,0,0,0,0,0,0,0
270982,12,bully,2243,1,0,0,98,0,1372,0,1,12,268739,2243,0,99,0,0,0,LEADER,1,0,0,98,0,0,0,0,0,0,0,0,0,0,0
271682,27,bully,2025,1,0,0,98,0,1372,0,1,27,269657,2025,0,99,0,0,0,LEADER,1,0,0,98,0,0,0,0,0,0,0,0,0,0,0
271171,42,bully,1514,1,0,0,98,0,1372,0,1,42,269657,1514,0,99,0,0,0,LEADER,1,0,0,98,0,0,0,0,0,0,0,0,0,0,0
271818,24,bully,2161,1,0,0,98,0,1372,0,1,24,269657,2161,0,99,0,0,0,LEADER,1,0,0,98,0,0,0,0,0,0,0,0,0,0,0
271770,46,bully,2113,1,0,0,98,0,1372,0,1,46,269657,2113,0,99,0,0,0,LEADER,1,0,0,98,0,0,0,0,0,0,0,0,0,0,0
271667,59,bully,2010,1,0,0,98,0,1372,0,1,59,269657,2010,0,99,0,0,0,LEADER,1,0,0,98,0,0,0,0,0,0,0,0,0,0,0
271949,32,bully,2292,1,0,0,98,0,1372,0,1,32,269657,2292,0,99,0,0,0,LEADER,1,0,0,98,0,0,0,0,0,0,0,0,0,0,0
271295,34,bully,1637,1,0,0,98,0,1372,0,1,34,269658,1637,0,99,0,0,0,LEADER,1,0,0,98,0,0,0,0,0,0,0,0,0,0,0
271565,72,bully,1907,1,0,0,98,0,1372,0,1,72,269658,1907,0,99,0,0,0,LEADER,1,0,0,98,0,0,0,0,0,0,0,0,0,0,0
271976,63,bully,2316,1,0,0,98,0,1372,0,1,63,269660,2316,0,99,0,0,0,LEADER,1,0,0,98,0,0,0,0,0,0,0,0,0,0,0
271449,74,bully,1792,1,0,0,98,0,1372,0,1,74,269657,1792,0,99,0,0,0,LEADER,1,0,0,98,0,0,0,0,0,0,0,0,0,0,0
271191,48,bully,1534,1,0,0,98,0,1372,0,1,48,269657,1534,0,99,0,0,0,LEADER,1,0,0,98,0,0,0,0,0,0,0,0,0,0,0
271654,57,bully,1995,1,0,0,98,0,1372,0,1,57,269659,1995,0,99,0,0,0,LEADER,1,0,0,98,0,0,0,0,0,0,0,0,0,0,0
271722,68,bully,2065,1,0,0,98,0,1372,0,1,68,269657,2065,0,99,0,0,0,LEADER,1,0,0,98,0,0,0,0,0,0,0,0,0,0,0
271123,45,bully,1466,1,0,0,98,0,1372,0,1,45,269657,1466,0,99,0,0,0,LEADER,1,0,0,98,0,0,0,0,0,0,0,0,0,0,0
271480,93,bully,1823,1,0,0,98,0,1372,0,1,93,269657,1823,0,99,0,0,0,LEADER,1,0,0,98,0,0,0,0,0,0,0,0,0,0,0
272061,82,bully,2404,1,0,0,98,0,1372,0,1,82,269657,2404,0,99,0,0,0,LEADER,1,0,0,98,0,0,0,0,0,0,0,0,0,0,0
272055,51,bully,2398,1,0,0,98,0,1372,0,1,51,269657,2398,0,99,0,0,0,LEADER,1,0,0,98,0,0,0,0,0,0,0,0,0,0,0
271600,39,bully,1943,1,0,0,98,0,1372,0,1,39,269657,1943,0,99,0,0,0,LEADER,1,0,0,98,0,0,0,0,0,0,0,0,0,0,0
271346,78,bully,1689,1,0,0,98,0,1372,0,1,78,269657,1689,0,99,0,0,0,LEADER,1,0,0,98,0,0,0,0,0,0,0,0,0,0,0
271734,79,bully,2077,1,0,0,98,0,1372,0,1,79,269657,2077,0,99,0,0,0,LEADER,1,0,0,98,0,0,0,0,0,0,0,0,0,0,0
271309,14,bully,1652,1,0,0,98,0,1372,0,1,14,269657,1652,0,99,0,0,0,LEADER,1,0,0,98,0,0,0,0,0,0,0,0,0,0,0
271736,36,bully,2080,1,0,0,98,0,1372,0,1,36,269656,2080,0,99,0,0,0,LEADER,1,0,0,98,0,0,0,0,0,0,0,0,0,0,0
271619,81,bully,1962,1,0,0,98,0,1372,0,1,81,269657,1962,0,99,0,0,0,LEADER,1,0,0,98,0,0,0,0,0,0,0,0,0,0,0
271279,67,bully,1622,1,0,0,98,0,1372,0,1,67,269657,1622,0,99,0,0,0,LEADER,1,0,0,98,0,0,0,0,0,0,0,0,0,0,0
272040,83,bully,2383,1,0,0,98,0,1372,0,1,83,269657,2383,0,99,0,0,0,LEADER,1,0,0,98,0,0,0,0,0,0,0,0,0,0,0
272185,99,bully,1607,1,0,0,99,0,1386,0,1,99,270578,1607,0,100,0,0,0,LEADER,1,0,0,99,0,0,0,0,0,0,0,0,0,0,0
271361,55,bully,1704,1,0,0,98,0,1372,0,1,55,269657,1704,0,99,0,0,0,LEADER,1,0,0,98,0,0,0,0,0,0,0,0,0,0,0
272152,89,bully,1574,1,0,0,99,0,1386,0,1,89,270578,1574,0,100,0,0,0,LEADER,1,0,0,99,0,0,0,0,0,0,0,0,0,0,0
271313,77,bully,1656,1,0,0,98,0,1372,0,1,77,269657,1656,0,99,0,0,0,LEADER,1,0,0,98,0,0,0,0,0,0,0,0,0,0,0
271585,71,bully,1928,1,0,0,98,0,1372,0,1,71,269657,1928,0,99,0,0,0,LEADER,1,0,0,98,0,0,0,0,0,0,0,0,0,0,0
271864,76,bully,2213,1,0,0,98,0,1372,0,1,76,269651,2213,0,99,0,0,0,LEADER,1,0,0,98,0,0,0,0,0,0,0,0,0,0,0
271499,52,bully,1840,1,0,0,98,0,1372,0,1,52,269659,1840,0,99,0,0,0,LEADER,1,0,0,98,0,0,0,0,0,0,0,0,0,0,0
271464,10,bully,1807,1,0,0,98,0,1372,0,1,10,269657,1807,0,99,0,0,0,LEADER,1,0,0,98,0,0,0,0,0,0,0,0,0,0,0
271397,22,bully,1740,1,0,0,98,0,1372,0,1,22,269657,1740,0,99,0,0,0,LEADER,1,0,0,98,0,0,0,0,0,0,0,0,0,0,0
271542,21,bully,1889,1,0,0,98,0,1372,0,1,21,269653,1889,0,99,0,0,0,LEADER,1,0,0,98,0,0,0,0,0,0,0,0,0,0,0
271803,56,bully,2146,1,0,0,98,0,1372,0,1,56,269657,2146,0,99,0,0,0,LEADER,1,0,0,98,0,0,0,0,0,0,0,0,0,0,0
271328,60,bully,1671,1,0,0,98,0,1372,0,1,60,269657,1671,0,99,0,0,0,LEADER,1,0,0,98,0,0,0,0,0,0,0,0,0,0,0
272182,25,bully,1604,1,0,0,99,0,1386,0,1,25,270578,1604,0,100,0,0,0,LEADER,1,0,0,99,0,0,0,0,0,0,0,0,0,0,0
271394,65,bully,1737,1,0,0,98,0,1372,0,1,65,269657,1737,0,99,0,0,0,LEADER,1,0,0,98,0,0,0,0,0,0,0,0,0,0,0
272070,19,bully,2413,1,0,0,98,0,1372,0,1,19,269657,2413,0,99,0,0,0,LEADER,1,0,0,98,0,0,0,0,0,0,0,0,0,0,0
271700,69,bully,2043,1,0,0,98,0,1372,0,1,69,269657,2043,0,99,0,0,0,LEADER,1,0,0,98,0,0,0,0,0,0,0,0,0,0,0
272303,54,bully,1725,1,0,0,99,0,1386,0,1,54,270578,1725,0,100,0,0,0,LEADER,1,0,0,99,0,0,0,0,0,0,0,0,0,0,0
271649,17,bully,1992,1,0,0,98,0,1372,0,1,17,269657,1992,0,99,0,0,0,LEADER,1,0,0,98,0,0,0,0,0,0,0,0,0,0,0
272164,100,bully,1586,1,0,0,99,0,1386,0,1,100,270578,1586,0,100,0,0,0,LEADER,1,0,0,99,0,0,0,0,0,0,0,0,0,0,0
272127,16,bully,1549,1,0,0,99,0,1386,0,1,16,270578,1549,0,100,0,0,0,LEADER,1,0,0,99,0,0,0,0,0,0,0,0,0,0,0
271715,37,bully,2058,1,0,0,98,0,1372,0,1,37,269657,2058,0,99,0,0,0,LEADER,1,0,0,98,0,0,0,0,0,0,0,0,0,0,0
272352,13,bully,1774,1,0,0,99,0,1386,0,1,13,270578,1774,0,100,0,0,0,LEADER,1,0,0,99,0,0,0,0,0,0,0,0,0,0,0
271512,20,bully,1855,1,0,0,98,0,1372,0,1,20,269657,1855,0,99,0,0,0,LEADER,1,0,0,98,0,0,0,0,0,0,0,0,0,0,0
272145,41,bully,1567,1,0,0,99,0,1386,0,1,41,270578,1567,0,100,0,0,0,LEADER,1,0,0,99,0,0,0,0,0,0,0,0,0,0,0
272134,47,bully,1556,1,0,0,99,0,1386,0,1,47,270578,1556,0,100,0,0,0,LEADER,1,0,0,99,0,0,0,0,0,0,0,0,0,0,0
271959,95,bully,2301,1,0,0,98,0,1372,0,1,95,269658,2301,0,99,0,0,0,LEADER,1,0,0,98,0,0,0,0,0,0,0,0,0,0,0
271822,98,bully,2165,1,0,0,98,0,1372,0,1,98,269657,2165,0,99,0,0,0,LEADER,1,0,0,98,0,0,0,0,0,0,0,0,0,0,0
272006,73,bully,2349,1,0,0,98,0,1372,0,1,73,269657,2349,0,99,0,0,0,LEADER,1,0,0,98,0,0,0,0,0,0,0,0,0,0,0
271552,61,bully,1895,1,0,0,98,0,1372,0,1,61,269657,1895,0,99,0,0,0,LEADER,1,0,0,98,0,0,0,0,0,0,0,0,0,0,0
272300,97,bully,1722,1,0,0,99,0,1386,0,1,97,270578,1722,0,100,0,0,0,LEADER,1,0,0,99,0,0,0,0,0,0,0,0,0,0,0
272330,33,bully,1752,1,0,0,99,0,1386,0,1,33,270578,1752,0,100,0,0,0,LEADER,1,0,0,99,0,0,0,0,0,0,0,0,0,0,0
271988,31,bully,2331,1,0,0,98,0,1372,0,1,31,269657,2331,0,99,0,0,0,LEADER,1,0,0,98,0,0,0,0,0,0,0,0,0,0,0
272500,40,bully,1922,1,0,0,99,0,1386,0,1,40,270578,1922,0,100,0,0,0,LEADER,1,0,0,99,0,0,0,0,0,0,0,0,0,0,0
272490,29,bully,1910,1,0,0,99,0,1386,0,1,29,270580,1910,0,100,0,0,0,LEADER,1,0,0,99,0,0,0,0,0,0,0,0,0,0,0
272316,96,bully,1744,1,0,0,99,0,1386,0,1,96,270572,1744,0,100,0,0,0,LEADER,1,0,0,99,0,0,0,0,0,0,0,0,0,0,0
272403,84,bully,1825,1,0,0,99,0,1386,0,1,84,270578,1825,0,100,0,0,0,LEADER,1,0,0,99,0,0,0,0,0,0,0,0,0,0,0
272099,80,bully,1519,1,0,0,99,0,1386,0,1,80,270580,1519,0,100,0,0,0,LEADER,1,0,0,99,0,0,0,0,0,0,0,0,0,0,0
271940,53,bully,2283,1,0,0,98,0,1372,0,1,53,269657,2283,0,99,0,0,0,LEADER,1,0,0,98,0,0,0,0,0,0,0,0,0,0,0
272016,92,bully,1438,1,0,0,99,0,1386,0,1,92,270578,1438,0,100,0,0,0,LEADER,1,0,0,99,0,0,0,0,0,0,0,0,0,0,0
272185,91,bully,1619,1,0,0,99,0,1386,0,1,91,270566,1619,0,100,0,0,0,LEADER,1,0,0,99,0,0,0,0,0,0,0,0,0,0,0
272452,62,bully,1874,1,0,0,99,0,1386,0,1,62,270578,1874,0,100,0,0,0,LEADER,1,0,0,99,0,0,0,0,0,0,0,0,0,0,0
272149,15,bully,1571,1,0,0,99,0,1386,0,1,15,270578,1571,0,100,0,0,0,LEADER,1,0,0,99,0,0,0,0,0,0,0,0,0,0,0
271818,26,bully,2161,1,0,0,98,0,1372,0,1,26,269657,2161,0,99,0,0,0,LEADER,1,0,0,98,0,0,0,0,0,0,0,0,0,0,0
272555,49,bully,1977,1,0,0,99,0,1386,0,1,49,270578,1977,0,100,0,0,0,LEADER,1,0,0,99,0,0,0,0,0,0,0,0,0,0,0
272370,58,bully,1792,1,0,0,99,0,1386,0,1,58,270578,1792,0,100,0,0,0,LEADER,1,0,0,99,0,0,0,0,0,0,0,0,0,0,0
271903,86,bully,2246,1,0,0,98,0,1372,0,1,86,269657,2246,0,99,0,0,0,LEADER,1,0,0,98,0,0,0,0,0,0,0,0,0,0,0
272076,50,bully,2419,1,0,0,98,0,1372,0,1,50,269657,2419,0,99,0,0,0,LEADER,1,0,0,98,0,0,0,0,0,0,0,0,0,0,0
271926,85,bully,2268,1,0,0,98,0,1372,0,1,85,269658,2268,0,99,0,0,0,LEADER,1,0,0,98,0,0,0,0,0,0,0,0,0,0,0
271864,87,bully,2212,1,0,0,98,0,1372,0,1,87,269652,2212,0,99,0,0,0,LEADER,1,0,0,98,0,0,0,0,0,0,0,0,0,0,0
272073,64,bully,2416,1,0,0,98,0,1372,0,1,64,269657,2416,0,99,0,0,0,LEADER,1,0,0,98,0,0,0,0,0,0,0,0,0,0,0
271922,11,bully,2264,1,0,0,98,0,1372,0,1,11,269658,2264,0,99,0,0,0,LEADER,1,0,0,98,0,0,0,0,0,0,0,0,0,0,0
272012,18,bully,1434,1,0,0,99,0,1386,0,1,18,270578,1434,0,100,0,0,0,LEADER,1,0,0,99,0,0,0,0,0,0,0,0,0,0,0
272131,90,bully,1553,1,0,0,99,0,1386,0,1,90,270578,1553,0,100,0,0,0,LEADER,1,0,0,99,0,0,0,0,0,0,0,0,0,0,0
272025,35,bully,1447,1,0,0,99,0,1386,0,1,35,270578,1447,0,100,0,0,0,LEADER,1,0,0,99,0,0,0,0,0,0,0,0,0,0,0
271906,43,bully,2249,1,0,0,98,0,1372,0,1,43,269657,2249,0,99,0,0,0,LEADER,1,0,0,98,0,0,0,0,0,0,0,0,0,0,0
272045,28,bully,1467,1,0,0,99,0,1386,0,1,28,270578,1467,0,100,0,0,0,LEADER,1,0,0,99,0,0,0,0,0,0,0,0,0,0,0
271882,44,bully,2228,1,0,0,98,0,1372,0,1,44,269654,2228,0,99,0,0,0,LEADER,1,0,0,98,0,0,0,0,0,0,0,0,0,0,0
272719,23,bully,2141,1,0,0,99,0,1386,0,1,23,270578,2141,0,100,0,0,0,LEADER,1,0,0,99,0,0,0,0,0,0,0,0,0,0,0
272039,30,bully,1461,1,0,0,99,0,1386,0,1,30,270578,1461,0,100,0,0,0,LEADER,1,0,0,99,0,0,0,0,0,0,0,0,0,0,0
272439,94,bully,1859,1,0,0,99,0,1386,0,1,94,270580,1859,0,100,0,0,0,LEADER,1,0,0,99,0,0,0,0,0,0,0,0,0,0,0
272079,38,bully,1501,1,0,0,99,0,1386,0,1,38,270578,1501,0,100,0,0,0,LEADER,1,0,0,99,0,0,0,0,0,0,0,0,0,0,0
272758,66,bully,2180,1,0,0,99,0,1386,0,1,66,270578,2180,0,100,0,0,0,LEADER,1,0,0,99,0,0,0,0,0,0,0,0,0,0,0
272064,70,bully,1486,1,0,0,99,0,1386,0,1,70,270578,1486,0,100,0,0,0,LEADER,1,0,0,99,0,0,0,0,0,0,0,0,0,0,0
272709,88,bully,2131,1,0,0,99,0,1386,0,1,88,270578,2131,0,100,0,0,0,LEADER,1,0,0,99,0,0,0,0,0,0,0,0,0,0,0
271892,75,bully,2235,1,0,0,98,0,1372,0,1,75,269657,2235,0,99,0,0,0,LEADER,1,0,0,98,0,0,0,0,0,0,0,0,0,0,0
271902,12,bully,2243,1,0,0,98,0,1372,0,1,12,269659,2243,0,99,0,0,0,LEADER,1,0,0,98,0,0,0,0,0,0,0,0,0,0,0
272603,27,bully,2025,1,0,0,99,0,1386,0,1,27,270578,2025,0,100,0,0,0,LEADER,1,0,0,99,0,0,0,0,0,0,0,0,0,0,0
272092,42,bully,1514,1,0,0,99,0,1386,0,1,42,270578,1514,0,100,0,0,0,LEADER,1,0,0,99,0,0,0,0,0,0,0,0,0,0,0
272739,24,bully,2161,1,0,0,99,0,1386,0,1,24,270578,2161,0,100,0,0,0,LEADER,1,0,0,99,0,0,0,0,0,0,0,0,0,0,0
272691,46,bully,2113,1,0,0,99,0,1386,0,1,46,270578,2113,0,100,0,0,0,LEADER,1,0,0,99,0,0,0,0,0,0,0,0,0,0,0
272588,59,bully,2010,1,0,0,99,0,1386,0,1,59,270578,2010,0,100,0,0,0,LEADER,1,0,0,99,0,0,0,0,0,0,0,0,0,0,0
272216,34,bully,1637,1,0,0,99,0,1386,0,1,34,270579,1637,0,100,0,0,0,LEADER,1,0,0,99,0,0,0,0,0,0,0,0,0,0,0
272870,32,bully,2292,1,0,0,99,0,1386,0,1,32,270578,2292,0,100,0,0,0,LEADER,1,0,0,99,0,0,0,0,0,0,0,0,0,0,0
272486,72,bully,1907,1,0,0,99,0,1386,0,1,72,270579,1907,0,100,0,0,0,LEADER,1,0,0,99,0,0,0,0,0,0,0,0,0,0,0
272897,63,bully,2316,1,0,0,99,0,1386,0,1,63,270581,2316,0,100,0,0,0,LEADER,1,0,0,99,0,0,0,0,0,0,0,0,0,0,0
272370,74,bully,1792,1,0,0,99,0,1386,0,1,74,270578,1792,0,100,0,0,0,LEADER,1,0,0,99,0,0,0,0,0,0,0,0,0,0,0
272112,48,bully,1534,1,0,0,99,0,1386,0,1,48,270578,1534,0,100,0,0,0,LEADER,1,0,0,99,0,0,0,0,0,0,0,0,0,0,0
272575,57,bully,1995,1,0,0,99,0,1386,0,1,57,270580,1995,0,100,0,0,0,LEADER,1,0,0,99,0,0,0,0,0,0,0,0,0,0,0
272643,68,bully,2065,1,0,0,99,0,1386,0,1,68,270578,2065,0,100,0,0,0,LEADER,1,0,0,99,0,0,0,0,0,0,0,0,0,0,0
272044,45,bully,1466,1,0,0,99,0,1386,0,1,45,270578,1466,0,100,0,0,0,LEADER,1,0,0,99,0,0,0,0,0,0,0,0,0,0,0
272401,93,bully,1823,1,0,0,99,0,1386,0,1,93,270578,1823,0,100,0,0,0,LEADER,1,0,0,99,0,0,0,0,0,0,0,0,0,0,0
272982,82,bully,2404,1,0,0,99,0,1386,0,1,82,270578,2404,0,100,0,0,0,LEADER,1,0,0,99,0,0,0,0,0,0,0,0,0,0,0
272976,51,bully,2398,1,0,0,99,0,1386,0,1,51,270578,2398,0,100,0,0,0,LEADER,1,0,0,99,0,0,0,0,0,0,0,0,0,0,0
272521,39,bully,1943,1,0,0,99,0,1386,0,1,39,270578,1943,0,100,0,0,0,LEADER,1,0,0,99,0,0,0,0,0,0,0,0,0,0,0
272267,78,bully,1689,1,0,0,99,0,1386,0,1,78,270578,1689,0,100,0,0,0,LEADER,1,0,0,99,0,0,0,0,0,0,0,0,0,0,0
272655,79,bully,2077,1,0,0,99,0,1386,0,1,79,270578,2077,0,100,0,0,0,LEADER,1,0,0,99,0,0,0,0,0,0,0,0,0,0,0
272230,14,bully,1652,1,0,0,99,0,1386,0,1,14,270578,1652,0,100,0,0,0,LEADER,1,0,0,99,0,0,0,0,0,0,0,0,0,0,0
272815,2,bully,2214,1,0,0,13,26,182,364,4,2,270601,2214,0,10,0,0,0,LEADER,1,0,0,13,0,0,0,26,0,0,0,0,0,0,0
272657,36,bully,2080,1,0,0,99,0,1386,0,1,36,270577,2080,0,100,0,0,0,LEADER,1,0,0,99,0,0,0,0,0,0,0,0,0,0,0
272540,81,bully,1962,1,0,0,99,0,1386,0,1,81,270578,1962,0,100,0,0,0,LEADER,1,0,0,99,0,0,0,0,0,0,0,0,0,0,0
272200,67,bully,1622,1,0,0,99,0,1386,0,1,67,270578,1622,0,100,0,0,0,LEADER,1,0,0,99,0,0,0,0,0,0,0,0,0,0,0
272961,83,bully,2383,1,0,0,99,0,1386,0,1,83,270578,2383,0,100,0,0,0,LEADER,1,0,0,99,0,0,0,0,0,0,0,0,0,0,0
273105,99,bully,1607,1,0,0,99,0,1386,0,1,99,271498,1607,0,100,0,0,0,LEADER,1,0,0,99,0,0,0,0,0,0,0,0,0,0,0
272282,55,bully,1704,1,0,0,99,0,1386,0,1,55,270578,1704,0,100,0,0,0,LEADER,1,0,0,99,0,0,0,0,0,0,0,0,0,0,0
273072,89,bully,1574,1,0,0,99,0,1386,0,1,89,271498,1574,0,100,0,0,0,LEADER,1,0,0,99,0,0,0,0,0,0,0,0,0,0,0
272234,77,bully,1656,1,0,0,99,0,1386,0,1,77,270578,1656,0,100,0,0,0,LEADER,1,0,0,99,0,0,0,0,0,0,0,0,0,0,0
272506,71,bully,1928,1,0,0,99,0,1386,0,1,71,270578,1928,0,100,0,0,0,LEADER,1,0,0,99,0,0,0,0,0,0,0,0,0,0,0
272785,76,bully,2213,1,0,0,99,0,1386,0,1,76,270572,2213,0,100,0,0,0,LEADER,1,0,0,99,0,0,0,0,0,0,0,0,0,0,0
272420,52,bully,1840,1,0,0,99,0,1386,0,1,52,270580,1840,0,100,0,0,0,LEADER,1,0,0,99,0,0,0,0,0,0,0,0,0,0,0
272385,10,bully,1807,1,0,0,99,0,1386,0,1,10,270578,1807,0,100,0,0,0,LEADER,1,0,0,99,0,0,0,0,0,0,0,0,0,0,0
272318,22,bully,1740,1,0,0,99,0,1386,0,1,22,270578,1740,0,100,0,0,0,LEADER,1,0,0,99,0,0,0,0,0,0,0,0,0,0,0
272463,21,bully,1889,1,0,0,99,0,1386,0,1,21,270574,1889,0,100,0,0,0,LEADER,1,0,0,99,0,0,0,0,0,0,0,0,0,0,0
272724,56,bully,2146,1,0,0,99,0,1386,0,1,56,270578,2146,0,100,0,0,0,LEADER,1,0,0,99,0,0,0,0,0,0,0,0,0,0,0
272249,60,bully,1671,1,0,0,99,0,1386,0,1,60,270578,1671,0,100,0,0,0,LEADER,1,0,0,99,0,0,0,0,0,0,0,0,0,0,0
273102,25,bully,1604,1,0,0,99,0,1386,0,1,25,271498,1604,0,100,0,0,0,LEADER,1,0,0,99,0,0,0,0,0,0,0,0,0,0,0
272315,65,bully,1737,1,0,0,99,0,1386,0,1,65,270578,1737,0,100,0,0,0,LEADER,1,0,0,99,0,0,0,0,0,0,0,0,0,0,0
272991,19,bully,2413,1,0,0,99,0,1386,0,1,19,270578,2413,0,100,0,0,0,LEADER,1,0,0,99,0,0,0,0,0,0,0,0,0,0,0
272621,69,bully,2043,1,0,0,99,0,1386,0,1,69,270578,2043,0,100,0,0,0,LEADER,1,0,0,99,0,0,0,0,0,0,0,0,0,0,0
273223,54,bully,1725,1,0,0,99,0,1386,0,1,54,271498,1725,0,100,0,0,0,LEADER,1,0,0,99,0,0,0,0,0,0,0,0,0,0,0
272570,17,bully,1992,1,0,0,99,0,1386,0,1,17,270578,1992,0,100,0,0,0,LEADER,1,0,0,99,0,0,0,0,0,0,0,0,0,0,0
273084,100,bully,1586,1,0,0,99,0,1386,0,1,100,271498,1586,0,100,0,0,0,LEADER,1,0,0,99,0,0,0,0,0,0,0,0,0,0,0
273047,16,bully,1549,1,0,0,99,0,1386,0,1,16,271498,1549,0,100,0,0,0,LEADER,1,0,0,99,0,0,0,0,0,0,0,0,0,0,0
272636,37,bully,2058,1,0,0,99,0,1386,0,1,37,270578,2058,0,100,0,0,0,LEADER,1,0,0,99,0,0,0,0,0,0,0,0,0,0,0
273272,13,bully,1774,1,0,0,99,0,1386,0,1,13,271498,1774,0,100,0,0,0,LEADER,1,0,0,99,0,0,0,0,0,0,0,0,0,0,0
272433,20,bully,1855,1,0,0,99,0,1386,0,1,20,270578,1855,0,100,0,0,0,LEADER,1,0,0,99,0,0,0,0,0,0,0,0,0,0,0
273065,41,bully,1567,1,0,0,99,0,1386,0,1,41,271498,1567,0,100,0,0,0,LEADER,1,0,0,99,0,0,0,0,0,0,0,0,0,0,0
272917,1,bully,2293,1,0,0,13,13,182,182,1,1,270624,2293,0,12,0,0,0,LEADER,1,0,0,13,0,0,0,13,0,0,0,0,0,0,0
273054,47,bully,1556,1,0,0,99,0,1386,0,1,47,271498,1556,0,100,0,0,0,LEADER,1,0,0,99,0,0,0,0,0,0,0,0,0,0,0
272880,95,bully,2301,1,0,0,99,0,1386,0,1,95,270579,2301,0,100,0,0,0,LEADER,1,0,0,99,0,0,0,0,0,0,0,0,0,0,0
272743,98,bully,2165,1,0,0,99,0,1386,0,1,98,270578,2165,0,100,0,0,0,LEADER,1,0,0,99,0,0,0,0,0,0,0,0,0,0,0
272927,73,bully,2349,1,0,0,99,0,1386,0,1,73,270578,2349,0,100,0,0,0,LEADER,1,0,0,99,0,0,0,0,0,0,0,0,0,0,0
273250,33,bully,1752,1,0,0,99,0,1386,0,1,33,271498,1752,0,100,0,0,0,LEADER,1,0,0,99,0,0,0,0,0,0,0,0,0,0,0
273220,97,bully,1722,1,0,0,99,0,1386,0,1,97,271498,1722,0,100,0,0,0,LEADER,1,0,0,99,0,0,0,0,0,0,0,0,0,0,0
272473,61,bully,1895,1,0,0,99,0,1386,0,1,61,270578,1895,0,100,0,0,0,LEADER,1,0,0,99,0,0,0,0,0,0,0,0,0,0,0
273420,40,bully,1922,1,0,0,99,0,1386,0,1,40,271498,1922,0,100,0,0,0,LEADER,1,0,0,99,0,0,0,0,0,0,0,0,0,0,0
272909,31,bully,2331,1,0,0,99,0,1386,0,1,31,270578,2331,0,100,0,0,0,LEADER,1,0,0,99,0,0,0,0,0,0,0,0,0,0,0
273410,29,bully,1910,1,0,0,99,0,1386,0,1,29,271500,1910,0,100,0,0,0,LEADER,1,0,0,99,0,0,0,0,0,0,0,0,0,0,0
273236,96,bully,1744,1,0,0,99,0,1386,0,1,96,271492,1744,0,100,0,0,0,LEADER,1,0,0,99,0,0,0,0,0,0,0,0,0,0,0
273323,84,bully,1825,1,0,0,99,0,1386,0,1,84,271498,1825,0,100,0,0,0,LEADER,1,0,0,99,0,0,0,0,0,0,0,0,0,0,0
273019,80,bully,1519,1,0,0,99,0,1386,0,1,80,271500,1519,0,100,0,0,0,LEADER,1,0,0,99,0,0,0,0,0,0,0,0,0,0,0
272861,53,bully,2283,1,0,0,99,0,1386,0,1,53,270578,2283,0,100,0,0,0,LEADER,1,0,0,99,0,0,0,0,0,0,0,0,0,0,0
272936,92,bully,1438,1,0,0,99,0,1386,0,1,92,271498,1438,0,100,0,0,0,LEADER,1,0,0,99,0,0,0,0,0,0,0,0,0,0,0
273105,91,bully,1619,1,0,0,99,0,1386,0,1,91,271486,1619,0,100,0,0,0,LEADER,1,0,0,99,0,0,0,0,0,0,0,0,0,0,0
273372,62,bully,1874,1,0,0,99,0,1386,0,1,62,271498,1874,0,100,0,0,0,LEADER,1,0,0,99,0,0,0,0,0,0,0,0,0,0,0
273069,15,bully,1571,1,0,0,99,0,1386,0,1,15,271498,1571,0,100,0,0,0,LEADER,1,0,0,99,0,0,0,0,0,0,0,0,0,0,0
272739,26,bully,2161,1,0,0,99,0,1386,0,1,26,270578,2161,0,100,0,0,0,LEADER,1,0,0,99,0,0,0,0,0,0,0,0,0,0,0
273475,49,bully,1977,1,0,0,99,0,1386,0,1,49,271498,1977,0,100,0,0,0,LEADER,1,0,0,99,0,0,0,0,0,0,0,0,0,0,0
273290,58,bully,1792,1,0,0,99,0,1386,0,1,58,271498,1792,0,100,0,0,0,LEADER,1,0,0,99,0,0,0,0,0,0,0,0,0,0,0
272824,86,bully,2246,1,0,0,99,0,1386,0,1,86,270578,2246,0,100,0,0,0,LEADER,1,0,0,99,0,0,0,0,0,0,0,0,0,0,0
272997,50,bully,2419,1,0,0,99,0,1386,0,1,50,270578,2419,0,100,0,0,0,LEADER,1,0,0,99,0,0,0,0,0,0,0,0,0,0,0
272785,87,bully,2212,1,0,0,99,0,1386,0,1,87,270573,2212,0,100,0,0,0,LEADER,1,0,0,99,0,0,0,0,0,0,0,0,0,0,0
272847,85,bully,2268,1,0,0,99,0,1386,0,1,85,270579,2268,0,100,0,0,0,LEADER,1,0,0,99,0,0,0,0,0,0,0,0,0,0,0
272994,64,bully,2416,1,0,0,99,0,1386,0,1,64,270578,2416,0,100,0,0,0,LEADER,1,0,0,99,0,0,0,0,0,0,0,0,0,0,0
272932,18,bully,1434,1,0,0,99,0,1386,0,1,18,271498,1434,0,100,0,0,0,LEADER,1,0,0,99,0,0,0,0,0,0,0,0,0,0,0
272843,11,bully,2264,1,0,0,99,0,1386,0,1,11,270579,2264,0,100,0,0,0,LEADER,1,0,0,99,0,0,0,0,0,0,0,0,0,0,0
273051,90,bully,1553,1,0,0,99,0,1386,0,1,90,271498,1553,0,100,0,0,0,LEADER,1,0,0,99,0,0,0,0,0,0,0,0,0,0,0
272945,35,bully,1447,1,0,0,99,0,1386,0,1,35,271498,1447,0,100,0,0,0,LEADER,1,0,0,99,0,0,0,0,0,0,0,0,0,0,0
272827,43,bully,2249,1,0,0,99,0,1386,0,1,43,270578,2249,0,100,0,0,0,LEADER,1,0,0,99,0,0,0,0,0,0,0,0,0,0,0
272965,28,bully,1467,1,0,0,99,0,1386,0,1,28,271498,1467,0,100,0,0,0,LEADER,1,0,0,99,0,0,0,0,0,0,0,0,0,0,0
272803,44,bully,2228,1,0,0,99,0,1386,0,1,44,270575,2228,0,100,0,0,0,LEADER,1,0,0,99,0,0,0,0,0,0,0,0,0,0,0
273639,23,bully,2141,1,0,0,99,0,1386,0,1,23,271498,2141,0,100,0,0,0,LEADER,1,0,0,99,0,0,0,0,0,0,0,0,0,0,0
272959,30,bully,1461,1,0,0,99,0,1386,0,1,30,271498,1461,0,100,0,0,0,LEADER,1,0,0,99,0,0,0,0,0,0,0,0,0,0,0
273359,94,bully,1859,1,0,0,99,0,1386,0,1,94,271500,1859,0,100,0,0,0,LEADER,1,0,0,99,0,0,0,0,0,0,0,0,0,0,0
272999,38,bully,1501,1,0,0,99,0,1386,0,1,38,271498,1501,0,100,0,0,0,LEADER,1,0,0,99,0,0,0,0,0,0,0,0,0,0,0
273678,66,bully,2180,1,0,0,99,0,1386,0,1,66,271498,2180,0,100,0,0,0,LEADER,1,0,0,99,0,0,0,0,0,0,0,0,0,0,0
272984,70,bully,1486,1,0,0,99,0,1386,0,1,70,271498,1486,0,100,0,0,0,LEADER,1,0,0,99,0,0,0,0,0,0,0,0,0,0,0
273629,88,bully,2131,1,0,0,99,0,1386,0,1,88,271498,2131,0,100,0,0,0,LEADER,1,0,0,99,0,0,0,0,0,0,0,0,0,0,0
272813,75,bully,2235,1,0,0,99,0,1386,0,1,75,270578,2235,0,100,0,0,0,LEADER,1,0,0,99,0,0,0,0,0,0,0,0,0,0,0
272823,12,bully,2243,1,0,0,99,0,1386,0,1,12,270580,2243,0,100,0,0,0,LEADER,1,0,0,99,0,0,0,0,0,0,0,0,0,0,0
273523,27,bully,2025,1,0,0,99,0,1386,0,1,27,271498,2025,0,100,0,0,0,LEADER,1,0,0,99,0,0,0,0,0,0,0,0,0,0,0
273012,42,bully,1514,1,0,0,99,0,1386,0,1,42,271498,1514,0,100,0,0,0,LEADER,1,0,0,99,0,0,0,0,0,0,0,0,0,0,0
273659,24,bully,2161,1,0,0,99,0,1386,0,1,24,271498,2161,0,100,0,0,0,LEADER,1,0,0,99,0,0,0,0,0,0,0,0,0,0,0
273611,46,bully,2113,1,0,0,99,0,1386,0,1,46,271498,2113,0,100,0,0,0,LEADER,1,0,0,99,0,0,0,0,0,0,0,0,0,0,0
273508,59,bully,2010,1,0,0,99,0,1386,0,1,59,271498,2010,0,100,0,0,0,LEADER,1,0,0,99,0,0,0,0,0,0,0,0,0,0,0
273136,34,bully,1637,1,0,0,99,0,1386,0,1,34,271499,1637,0,100,0,0,0,LEADER,1,0,0,99,0,0,0,0,0,0,0,0,0,0,0
273790,32,bully,2292,1,0,0,99,0,1386,0,1,32,271498,2292,0,100,0,0,0,LEADER,1,0,0,99,0,0,0,0,0,0,0,0,0,0,0
273406,72,bully,1907,1,0,0,99,0,1386,0,1,72,271499,1907,0,100,0,0,0,LEADER,1,0,0,99,0,0,0,0,0,0,0,0,0,0,0
273817,63,bully,2316,1,0,0,99,0,1386,0,1,63,271501,2316,0,100,0,0,0,LEADER,1,0,0,99,0,0,0,0,0,0,0,0,0,0,0
273290,74,bully,1792,1,0,0,99,0,1386,0,1,74,271498,1792,0,100,0,0,0,LEADER,1,0,0,99,0,0,0,0,0,0,0,0,0,0,0
273032,48,bully,1534,1,0,0,99,0,1386,0,1,48,271498,1534,0,100,0,0,0,LEADER,1,0,0,99,0,0,0,0,0,0,0,0,0,0,0
273495,57,bully,1995,1,0,0,99,0,1386,0,1,57,271500,1995,0,100,0,0,0,LEADER,1,0,0,99,0,0,0,0,0,0,0,0,0,0,0
273563,68,bully,2065,1,0,0,99,0,1386,0,1,68,271498,2065,0,100,0,0,0,LEADER,1,0,0,99,0,0,0,0,0,0,0,0,0,0,0
272964,45,bully,1466,1,0,0,99,0,1386,0,1,45,271498,1466,0,100,0,0,0,LEADER,1,0,0,99,0,0,0,0,0,0,0,0,0,0,0
273321,93,bully,1823,1,0,0,99,0,1386,0,1,93,271498,1823,0,100,0,0,0,LEADER,1,0,0,99,0,0,0,0,0,0,0,0,0,0,0
273902,82,bully,2404,1,0,0,99,0,1386,0,1,82,271498,2404,0,100,0,0,0,LEADER,1,0,0,99,0,0,0,0,0,0,0,0,0,0,0
273896,51,bully,2398,1,0,0,99,0,1386,0,1,51,271498,2398,0,100,0,0,0,LEADER,1,0,0,99,0,0,0,0,0,0,0,0,0,0,0
273441,39,bully,1943,1,0,0,99,0,1386,0,1,39,271498,1943,0,100,0,0,0,LEADER,1,0,0,99,0,0,0,0,0,0,0,0,0,0,0
273187,78,bully,1689,1,0,0,99,0,1386,0,1,78,271498,1689,0,100,0,0,0,LEADER,1,0,0,99,0,0,0,0,0,0,0,0,0,0,0
273575,79,bully,2077,1,0,0,99,0,1386,0,1,79,271498,2077,0,100,0,0,0,LEADER,1,0,0,99,0,0,0,0,0,0,0,0,0,0,0
273150,14,bully,1652,1,0,0,99,0,1386,0,1,14,271498,1652,0,100,0,0,0,LEADER,1,0,0,99,0,0,0,0,0,0,0,0,0,0,0
273577,36,bully,2080,1,0,0,99,0,1386,0,1,36,271497,2080,0,100,0,0,0,LEADER,1,0,0,99,0,0,0,0,0,0,0,0,0,0,0
273460,81,bully,1962,1,0,0,99,0,1386,0,1,81,271498,1962,0,100,0,0,0,LEADER,1,0,0,99,0,0,0,0,0,0,0,0,0,0,0
273120,67,bully,1622,1,0,0,99,0,1386,0,1,67,271498,1622,0,100,0,0,0,LEADER,1,0,0,99,0,0,0,0,0,0,0,0,0,0,0
273881,83,bully,2383,1,0,0,99,0,1386,0,1,83,271498,2383,0,100,0,0,0,LEADER,1,0,0,99,0,0,0,0,0,0,0,0,0,0,0
274025,99,bully,1607,1,0,0,99,0,1386,0,1,99,272418,1607,0,100,0,0,0,LEADER,1,0,0,99,0,0,0,0,0,0,0,0,0,0,0
273202,55,bully,1704,1,0,0,99,0,1386,0,1,55,271498,1704,0,100,0,0,0,LEADER,1,0,0,99,0,0,0,0,0,0,0,0,0,0,0
273992,89,bully,1574,1,0,0,99,0,1386,0,1,89,272418,1574,0,100,0,0,0,LEADER,1,0,0,99,0,0,0,0,0,0,0,0,0,0,0
273154,77,bully,1656,1,0,0,99,0,1386,0,1,77,271498,1656,0,100,0,0,0,LEADER,1,0,0,99,0,0,0,0,0,0,0,0,0,0,0
273426,71,bully,1928,1,0,0,99,0,1386,0,1,71,271498,1928,0,100,0,0,0,LEADER,1,0,0,99,0,0,0,0,0,0,0,0,0,0,0
273705,76,bully,2213,1,0,0,99,0,1386,0,1,76,271492,2213,0,100,0,0,0,LEADER,1,0,0,99,0,0,0,0,0,0,0,0,0,0,0
273340,52,bully,1840,1,0,0,99,0,1386,0,1,52,271500,1840,0,100,0,0,0,LEADER,1,0,0,99,0,0,0,0,0,0,0,0,0,0,0
273305,10,bully,1807,1,0,0,99,0,1386,0,1,10,271498,1807,0,100,0,0,0,LEADER,1,0,0,99,0,0,0,0,0,0,0,0,0,0,0
273238,22,bully,1740,1,0,0,99,0,1386,0,1,22,271498,1740,0,100,0,0,0,LEADER,1,0,0,99,0,0,0,0,0,0,0,0,0,0,0
273383,21,bully,1889,1,0,0,99,0,1386,0,1,21,271494,1889,0,100,0,0,0,LEADER,1,0,0,99,0,0,0,0,0,0,0,0,0,0,0
273644,56,bully,2146,1,0,0,99,0,1386,0,1,56,271498,2146,0,100,0,0,0,LEADER,1,0,0,99,0,0,0,0,0,0,0,0,0,0,0
273169,60,bully,1671,1,0,0,99,0,1386,0,1,60,271498,1671,0,100,0,0,0,LEADER,1,0,0,99,0,0,0,0,0,0,0,0,0,0,0
274022,25,bully,1604,1,0,0,99,0,1386,0,1,25,272418,1604,0,100,0,0,0,LEADER,1,0,0,99,0,0,0,0,0,0,0,0,0,0,0
273235,65,bully,1737,1,0,0,99,0,1386,0,1,65,271498,1737,0,100,0,0,0,LEADER,1,0,0,99,0,0,0,0,0,0,0,0,0,0,0
273911,19,bully,2413,1,0,0,99,0,1386,0,1,19,271498,2413,0,100,0,0,0,LEADER,1,0,0,99,0,0,0,0,0,0,0,0,0,0,0
273541,69,bully,2043,1,0,0,99,0,1386,0,1,69,271498,2043,0,100,0,0,0,LEADER,1,0,0,99,0,0,0,0,0,0,0,0,0,0,0
274143,54,bully,1725,1,0,0,99,0,1386,0,1,54,272418,1725,0,100,0,0,0,LEADER,1,0,0,99,0,0,0,0,0,0,0,0,0,0,0
273490,17,bully,1992,1,0,0,99,0,1386,0,1,17,271498,1992,0,100,0,0,0,LEADER,1,0,0,99,0,0,0,0,0,0,0,0,0,0,0
274004,100,bully,1586,1,0,0,99,0,1386,0,1,100,272418,1586,0,100,0,0,0,LEADER,1,0,0,99,0,0,0,0,0,0,0,0,0,0,0
273967,16,bully,1549,1,0,0,99,0,1386,0,1,16,272418,1549,0,100,0,0,0,LEADER,1,0,0,99,0,0,0,0,0,0,0,0,0,0,0
273556,37,bully,2058,1,0,0,99,0,1386,0,1,37,271498,2058,0,100,0,0,0,LEADER,1,0,0,99,0,0,0,0,0,0,0,0,0,0,0
274192,13,bully,1774,1,0,0,99,0,1386,0,1,13,272418,1774,0,100,0,0,0,LEADER,1,0,0,99,0,0,0,0,0,0,0,0,0,0,0
273353,20,bully,1855,1,0,0,99,0,1386,0,1,20,271498,1855,0,100,0,0,0,LEADER,1,0,0,99,0,0,0,0,0,0,0,0,0,0,0
273985,41,bully,1567,1,0,0,99,0,1386,0,1,41,272418,1567,0,100,0,0,0,LEADER,1,0,0,99,0,0,0,0,0,0,0,0,0,0,0
273974,47,bully,1556,1,0,0,99,0,1386,0,1,47,272418,1556,0,100,0,0,0,LEADER,1,0,0,99,0,0,0,0,0,0,0,0,0,0,0
273800,95,bully,2301,1,0,0,99,0,1386,0,1,95,271499,2301,0,100,0,0,0,LEADER,1,0,0,99,0,0,0,0,0,0,0,0,0,0,0
273663,98,bully,2165,1,0,0,99,0,1386,0,1,98,271498,2165,0,100,0,0,0,LEADER,1,0,0,99,0,0,0,0,0,0,0,0,0,0,0
273847,73,bully,2349,1,0,0,99,0,1386,0,1,73,271498,2349,0,100,0,0,0,LEADER,1,0,0,99,0,0,0,0,0,0,0,0,0,0,0
274170,33,bully,1752,1,0,0,99,0,1386,0,1,33,272418,1752,0,100,0,0,0,LEADER,1,0,0,99,0,0,0,0,0,0,0,0,0,0,0
274140,97,bully,1722,1,0,0,99,0,1386,0,1,97,272418,1722,0,100,0,0,0,LEADER,1,0,0,99,0,0,0,0,0,0,0,0,0,0,0
273393,61,bully,1895,1,0,0,99,0,1386,0,1,61,271498,1895,0,100,0,0,0,LEADER,1,0,0,99,0,0,0,0,0,0,0,0,0,0,0
274340,40,bully,1922,1,0,0,99,0,1386,0,1,40,272418,1922,0,100,0,0,0,LEADER,1,0,0,99,0,0,0,0,0,0,0,0,0,0,0
273829,31,bully,2331,1,0,0,99,0,1386,0,1,31,271498,2331,0,100,0,0,0,LEADER,1,0,0,99,0,0,0,0,0,0,0,0,0,0,0
274330,29,bully,1910,1,0,0,99,0,1386,0,1,29,272420,1910,0,100,0,0,0,LEADER,1,0,0,99,0,0,0,0,0,0,0,0,0,0,0
274156,96,bully,1744,1,0,0,99,0,1386,0,1,96,272412,1744,0,100,0,0,0,LEADER,1,0,0,99,0,0,0,0,0,0,0,0,0,0,0
274243,84,bully,1825,1,0,0,99,0,1386,0,1,84,272418,1825,0,100,0,0,0,LEADER,1,0,0,99,0,0,0,0,0,0,0,0,0,0,0
273939,80,bully,1519,1,0,0,99,0,1386,0,1,80,272420,1519,0,100,0,0,0,LEADER,1,0,0,99,0,0,0,0,0,0,0,0,0,0,0
273781,53,bully,2283,1,0,0,99,0,1386,0,1,53,271498,2283,0,100,0,0,0,LEADER,1,0,0,99,0,0,0,0,0,0,0,0,0,0,0
273856,92,bully,1438,1,0,0,99,0,1386,0,1,92,272418,1438,0,100,0,0,0,LEADER,1,0,0,99,0,0,0,0,0,0,0,0,0,0,0
274025,91,bully,1619,1,0,0,99,0,1386,0,1,91,272406,1619,0,100,0,0,0,LEADER,1,0,0,99,0,0,0,0,0,0,0,0,0,0,0
274292,62,bully,1874,1,0,0,99,0,1386,0,1,62,272418,1874,0,100,0,0,0,LEADER,1,0,0,99,0,0,0,0,0,0,0,0,0,0,0
273989,15,bully,1571,1,0,0,99,0,1386,0,1,15,272418,1571,0,100,0,0,0,LEADER,1,0,0,99,0,0,0,0,0,0,0,0,0,0,0
273659,26,bully,2161,1,0,0,99,0,1386,0,1,26,271498,2161,0,100,0,0,0,LEADER,1,0,0,99,0,0,0,0,0,0,0,0,0,0,0
274395,49,bully,1977,1,0,0,99,0,1386,0,1,49,272418,1977,0,100,0,0,0,LEADER,1,0,0,99,0,0,0,0,0,0,0,0,0,0,0
274210,58,bully,1792,1,0,0,99,0,1386,0,1,58,272418,1792,0,100,0,0,0,LEADER,1,0,0,99,0,0,0,0,0,0,0,0,0,0,0
273744,86,bully,2246,1,0,0,99,0,1386,0,1,86,271498,2246,0,100,0,0,0,LEADER,1,0,0,99,0,0,0,0,0,0,0,0,0,0,0
273917,50,bully,2419,1,0,0,99,0,1386,0,1,50,271498,2419,0,100,0,0,0,LEADER,1,0,0,99,0,0,0,0,0,0,0,0,0,0,0
273705,87,bully,2212,1,0,0,99,0,1386,0,1,87,271493,2212,0,100,0,0,0,LEADER,1,0,0,99,0,0,0,0,0,0,0,0,0,0,0
273767,85,bully,2268,1,0,0,99,0,1386,0,1,85,271499,2268,0,100,0,0,0,LEADER,1,0,0,99,0,0,0,0,0,0,0,0,0,0,0
273914,64,bully,2416,1,0,0,99,0,1386,0,1,64,271498,2416,0,100,0,0,0,LEADER,1,0,0,99,0,0,0,0,0,0,0,0,0,0,0
273852,18,bully,1434,1,0,0,99,0,1386,0,1,18,272418,1434,0,100,0,0,0,LEADER,1,0,0,99,0,0,0,0,0,0,0,0,0,0,0
273763,11,bully,2264,1,0,0,99,0,1386,0,1,11,271499,2264,0,100,0,0,0,LEADER,1,0,0,99,0,0,0,0,0,0,0,0,0,0,0
273971,90,bully,1553,1,0,0,99,0,1386,0,1,90,272418,1553,0,100,0,0,0,LEADER,1,0,0,99,0,0,0,0,0,0,0,0,0,0,0
273865,35,bully,1447,1,0,0,99,0,1386,0,1,35,272418,1447,0,100,0,0,0,LEADER,1,0,0,99,0,0,0,0,0,0,0,0,0,0,0
273747,43,bully,2249,1,0,0,99,0,1386,0,1,43,271498,2249,0,100,0,0,0,LEADER,1,0,0,99,0,0,0,0,0,0,0,0,0,0,0
273885,28,bully,1467,1,0,0,99,0,1386,0,1,28,272418,1467,0,100,0,0,0,LEADER,1,0,0,99,0,0,0,0,0,0,0,0,0,0,0
273723,44,bully,2228,1,0,0,99,0,1386,0,1,44,271495,2228,0,100,0,0,0,LEADER,1,0,0,99,0,0,0,0,0,0,0,0,0,0,0
274559,23,bully,2141,1,0,0,99,0,1386,0,1,23,272418,2141,0,100,0,0,0,LEADER,1,0,0,99,0,0,0,0,0,0,0,0,0,0,0
273879,30,bully,1461,1,0,0,99,0,1386,0,1,30,272418,1461,0,100,0,0,0,LEADER,1,0,0,99,0,0,0,0,0,0,0,0,0,0,0
274279,94,bully,1859,1,0,0,99,0,1386,0,1,94,272420,1859,0,100,0,0,0,LEADER,1,0,0,99,0,0,0,0,0,0,0,0,0,0,0
273919,38,bully,1501,1,0,0,99,0,1386,0,1,38,272418,1501,0,100,0,0,0,LEADER,1,0,0,99,0,0,0,0,0,0,0,0,0,0,0
274598,66,bully,2180,1,0,0,99,0,1386,0,1,66,272418,2180,0,100,0,0,0,LEADER,1,0,0,99,0,0,0,0,0,0,0,0,0,0,0
273904,70,bully,1486,1,0,0,99,0,1386,0,1,70,272418,1486,0,100,0,0,0,LEADER,1,0,0,99,0,0,0,0,0,0,0,0,0,0,0
274549,88,bully,2131,1,0,0,99,0,1386,0,1,88,272418,2131,0,100,0,0,0,LEADER,1,0,0,99,0,0,0,0,0,0,0,0,0,0,0
273733,75,bully,2235,1,0,0,99,0,1386,0,1,75,271498,2235,0,100,0,0,0,LEADER,1,0,0,99,0,0,0,0,0,0,0,0,0,0,0
273743,12,bully,2243,1,0,0,99,0,1386,0,1,12,271500,2243,0,100,0,0,0,LEADER,1,0,0,99,0,0,0,0,0,0,0,0,0,0,0
274443,27,bully,2025,1,0,0,99,0,1386,0,1,27,272418,2025,0,100,0,0,0,LEADER,1,0,0,99,0,0,0,0,0,0,0,0,0,0,0
273932,42,bully,1514,1,0,0,99,0,1386,0,1,42,272418,1514,0,100,0,0,0,LEADER,1,0,0,99,0,0,0,0,0,0,0,0,0,0,0
274579,24,bully,2161,1,0,0,99,0,1386,0,1,24,272418,2161,0,100,0,0,0,LEADER,1,0,0,99,0,0,0,0,0,0,0,0,0,0,0
274531,46,bully,2113,1,0,0,99,0,1386,0,1,46,272418,2113,0,100,0,0,0,LEADER,1,0,0,99,0,0,0,0,0,0,0,0,0,0,0
274428,59,bully,2010,1,0,0,99,0,1386,0,1,59,272418,2010,0,100,0,0,0,LEADER,1,0,0,99,0,0,0,0,0,0,0,0,0,0,0
274710,32,bully,2292,1,0,0,99,0,1386,0,1,32,272418,2292,0,100,0,0,0,LEADER,1,0,0,99,0,0,0,0,0,0,0,0,0,0,0
274056,34,bully,1637,1,0,0,99,0,1386,0,1,34,272419,1637,0,100,0,0,0,LEADER,1,0,0,99,0,0,0,0,0,0,0,0,0,0,0
274326,72,bully,1907,1,0,0,99,0,1386,0,1,72,272419,1907,0,100,0,0,0,LEADER,1,0,0,99,0,0,0,0,0,0,0,0,0,0,0
274737,63,bully,2316,1,0,0,99,0,1386,0,1,63,272421,2316,0,100,0,0,0,LEADER,1,0,0,99,0,0,0,0,0,0,0,0,0,0,0
274210,74,bully,1792,1,0,0,99,0,1386,0,1,74,272418,1792,0,100,0,0,0,LEADER,1,0,0,99,0,0,0,0,0,0,0,0,0,0,0
273952,48,bully,1534,1,0,0,99,0,1386,0,1,48,272418,1534,0,100,0,0,0,LEADER,1,0,0,99,0,0,0,0,0,0,0,0,0,0,0
274415,57,bully,1995,1,0,0,99,0,1386,0,1,57,272420,1995,0,100,0,0,0,LEADER,1,0,0,99,0,0,0,0,0,0,0,0,0,0,0
274483,68,bully,2065,1,0,0,99,0,1386,0,1,68,272418,2065,0,100,0,0,0,LEADER,1,0,0,99,0,0,0,0,0,0,0,0,0,0,0
273884,45,bully,1466,1,0,0,99,0,1386,0,1,45,272418,1466,0,100,0,0,0,LEADER,1,0,0,99,0,0,0,0,0,0,0,0,0,0,0
274241,93,bully,1823,1,0,0,99,0,1386,0,1,93,272418,1823,0,100,0,0,0,LEADER,1,0,0,99,0,0,0,0,0,0,0,0,0,0,0
274822,82,bully,2404,1,0,0,99,0,1386,0,1,82,272418,2404,0,100,0,0,0,LEADER,1,0,0,99,0,0,0,0,0,0,0,0,0,0,0
274816,51,bully,2398,1,0,0,99,0,1386,0,1,51,272418,2398,0,100,0,0,0,LEADER,1,0,0,99,0,0,0,0,0,0,0,0,0,0,0
274361,39,bully,1943,1,0,0,99,0,1386,0,1,39,272418,1943,0,100,0,0,0,LEADER,1,0,0,99,0,0,0,0,0,0,0,0,0,0,0
274107,78,bully,1689,1,0,0,99,0,1386,0,1,78,272418,1689,0,100,0,0,0,LEADER,1,0,0,99,0,0,0,0,0,0,0,0,0,0,0
274495,79,bully,2077,1,0,0,99,0,1386,0,1,79,272418,2077,0,100,0,0,0,LEADER,1,0,0,99,0,0,0,0,0,0,0,0,0,0,0
274070,14,bully,1652,1,0,0,99,0,1386,0,1,14,272418,1652,0,100,0,0,0,LEADER,1,0,0,99,0,0,0,0,0,0,0,0,0,0,0
274497,36,bully,2080,1,0,0,99,0,1386,0,1,36,272417,2080,0,100,0,0,0,LEADER,1,0,0,99,0,0,0,0,0,0,0,0,0,0,0
274380,81,bully,1962,1,0,0,99,0,1386,0,1,81,272418,1962,0,100,0,0,0,LEADER,1,0,0,99,0,0,0,0,0,0,0,0,0,0,0
274040,67,bully,1622,1,0,0,99,0,1386,0,1,67,272418,1622,0,100,0,0,0,LEADER,1,0,0,99,0,0,0,0,0,0,0,0,0,0,0
274801,83,bully,2383,1,0,0,99,0,1386,0,1,83,272418,2383,0,100,0,0,0,LEADER,1,0,0,99,0,0,0,0,0,0,0,0,0,0,0
274946,99,bully,1607,1,0,0,100,0,1400,0,1,99,273339,1607,0,101,0,0,0,LEADER,1,0,0,100,0,0,0,0,0,0,0,0,0,0,0
274122,55,bully,1704,1,0,0,99,0,1386,0,1,55,272418,1704,0,100,0,0,0,LEADER,1,0,0,99,0,0,0,0,0,0,0,0,0,0,0
274913,89,bully,1574,1,0,0,100,0,1400,0,1,89,273339,1574,0,101,0,0,0,LEADER,1,0,0,100,0,0,0,0,0,0,0,0,0,0,0
274074,77,bully,1656,1,0,0,99,0,1386,0,1,77,272418,1656,0,100,0,0,0,LEADER,1,0,0,99,0,0,0,0,0,0,0,0,0,0,0
274346,71,bully,1928,1,0,0,99,0,1386,0,1,71,272418,1928,0,100,0,0,0,LEADER,1,0,0,99,0,0,0,0,0,0,0,0,0,0,0
274625,76,bully,2213,1,0,0,99,0,1386,0,1,76,272412,2213,0,100,0,0,0,LEADER,1,0,0,99,0,0,0,0,0,0,0,0,0,0,0
274260,52,bully,1840,1,0,0,99,0,1386,0,1,52,272420,1840,0,100,0,0,0,LEADER,1,0,0,99,0,0,0,0,0,0,0,0,0,0,0
274225,10,bully,1807,1,0,0,99,0,1386,0,1,10,272418,1807,0,100,0,0,0,LEADER,1,0,0,99,0,0,0,0,0,0,0,0,0,0,0
274158,22,bully,1740,1,0,0,99,0,1386,0,1,22,272418,1740,0,100,0,0,0,LEADER,1,0,0,99,0,0,0,0,0,0,0,0,0,0,0
274303,21,bully,1889,1,0,0,99,0,1386,0,1,21,272414,1889,0,100,0,0,0,LEADER,1,0,0,99,0,0,0,0,0,0,0,0,0,0,0
274564,56,bully,2146,1,0,0,99,0,1386,0,1,56,272418,2146,0,100,0,0,0,LEADER,1,0,0,99,0,0,0,0,0,0,0,0,0,0,0
274089,60,bully,1671,1,0,0,99,0,1386,0,1,60,272418,1671,0,100,0,0,0,LEADER,1,0,0,99,0,0,0,0,0,0,0,0,0,0,0
274943,25,bully,1604,1,0,0,100,0,1400,0,1,25,273339,1604,0,101,0,0,0,LEADER,1,0,0,100,0,0,0,0,0,0,0,0,0,0,0
274155,65,bully,1737,1,0,0,99,0,1386,0,1,65,272418,1737,0,100,0,0,0,LEADER,1,0,0,99,0,0,0,0,0,0,0,0,0,0,0
274831,19,bully,2413,1,0,0,99,0,1386,0,1,19,272418,2413,0,100,0,0,0,LEADER,1,0,0,99,0,0,0,0,0,0,0,0,0,0,0
274461,69,bully,2043,1,0,0,99,0,1386,0,1,69,272418,2043,0,100,0,0,0,LEADER,1,0,0,99,0,0,0,0,0,0,0,0,0,0,0
275064,54,bully,1725,1,0,0,100,0,1400,0,1,54,273339,1725,0,101,0,0,0,LEADER,1,0,0,100,0,0,0,0,0,0,0,0,0,0,0
274410,17,bully,1992,1,0,0,99,0,1386,0,1,17,272418,1992,0,100,0,0,0,LEADER,1,0,0,99,0,0,0,0,0,0,0,0,0,0,0
274925,100,bully,1586,1,0,0,100,0,1400,0,1,100,273339,1586,0,101,0,0,0,LEADER,1,0,0,100,0,0,0,0,0,0,0,0,0,0,0
274888,16,bully,1549,1,0,0,100,0,1400,0,1,16,273339,1549,0,101,0,0,0,LEADER,1,0,0,100,0,0,0,0,0,0,0,0,0,0,0
274476,37,bully,2058,1,0,0,99,0,1386,0,1,37,272418,2058,0,100,0,0,0,LEADER,1,0,0,99,0,0,0,0,0,0,0,0,0,0,0
275113,13,bully,1774,1,0,0,100,0,1400,0,1,13,273339,1774,0,101,0,0,0,LEADER,1,0,0,100,0,0,0,0,0,0,0,0,0,0,0
274273,20,bully,1855,1,0,0,99,0,1386,0,1,20,272418,1855,0,100,0,0,0,LEADER,1,0,0,99,0,0,0,0,0,0,0,0,0,0,0
274906,41,bully,1567,1,0,0,100,0,1400,0,1,41,273339,1567,0,101,0,0,0,LEADER,1,0,0,100,0,0,0,0,0,0,0,0,0,0,0
274895,47,bully,1556,1,0,0,100,0,1400,0,1,47,273339,1556,0,101,0,0,0,LEADER,1,0,0,100,0,0,0,0,0,0,0,0,0,0,0
274720,95,bully,2301,1,0,0,99,0,1386,0,1,95,272419,2301,0,100,0,0,0,LEADER,1,0,0,99,0,0,0,0,0,0,0,0,0,0,0
274583,98,bully,2165,1,0,0,99,0,1386,0,1,98,272418,2165,0,100,0,0,0,LEADER,1,0,0,99,0,0,0,0,0,0,0,0,0,0,0
274767,73,bully,2349,1,0,0,99,0,1386,0,1,73,272418,2349,0,100,0,0,0,LEADER,1,0,0,99,0,0,0,0,0,0,0,0,0,0,0
274313,61,bully,1895,1,0,0,99,0,1386,0,1,61,272418,1895,0,100,0,0,0,LEADER,1,0,0,99,0,0,0,0,0,0,0,0,0,0,0
275061,97,bully,1722,1,0,0,100,0,1400,0,1,97,273339,1722,0,101,0,0,0,LEADER,1,0,0,100,0,0,0,0,0,0,0,0,0,0,0
275091,33,bully,1752,1,0,0,100,0,1400,0,1,33,273339,1752,0,101,0,0,0,LEADER,1,0,0,100,0,0,0,0,0,0,0,0,0,0,0
274749,31,bully,2331,1,0,0,99,0,1386,0,1,31,272418,2331,0,100,0,0,0,LEADER,1,0,0,99,0,0,0,0,0,0,0,0,0,0,0
275261,40,bully,1922,1,0,0,100,0,1400,0,1,40,273339,1922,0,101,0,0,0,LEADER,1,0,0,100,0,0,0,0,0,0,0,0,0,0,0
275251,29,bully,1910,1,0,0,100,0,1400,0,1,29,273341,1910,0,101,0,0,0,LEADER,1,0,0,100,0,0,0,0,0,0,0,0,0,0,0
275077,96,bully,1744,1,0,0,100,0,1400,0,1,96,273333,1744,0,101,0,0,0,LEADER,1,0,0,100,0,0,0,0,0,0,0,0,0,0,0
275164,84,bully,1825,1,0,0,100,0,1400,0,1,84,273339,1825,0,101,0,0,0,LEADER,1,0,0,100,0,0,0,0,0,0,0,0,0,0,0
274860,80,bully,1519,1,0,0,100,0,1400,0,1,80,273341,1519,0,101,0,0,0,LEADER,1,0,0,100,0,0,0,0,0,0,0,0,0,0,0
274701,53,bully,2283,1,0,0,99,0,1386,0,1,53,272418,2283,0,100,0,0,0,LEADER,1,0,0,99,0,0,0,0,0,0,0,0,0,0,0
274778,92,bully,1438,1,0,0,100,0,1400,0,1,92,273340,1438,0,101,0,0,0,LEADER,1,0,0,100,0,0,0,0,0,0,0,0,0,0,0
274946,91,bully,1619,1,0,0,100,0,1400,0,1,91,273327,1619,0,101,0,0,0,LEADER,1,0,0,100,0,0,0,0,0,0,0,0,0,0,0
275213,62,bully,1874,1,0,0,100,0,1400,0,1,62,273339,1874,0,101,0,0,0,LEADER,1,0,0,100,0,0,0,0,0,0,0,0,0,0,0
274910,15,bully,1571,1,0,0,100,0,1400,0,1,15,273339,1571,0,101,0,0,0,LEADER,1,0,0,100,0,0,0,0,0,0,0,0,0,0,0
274579,26,bully,2161,1,0,0,99,0,1386,0,1,26,272418,2161,0,100,0,0,0,LEADER,1,0,0,99,0,0,0,0,0,0,0,0,0,0,0
275316,49,bully,1977,1,0,0,100,0,1400,0,1,49,273339,1977,0,101,0,0,0,LEADER,1,0,0,100,0,0,0,0,0,0,0,0,0,0,0
275131,58,bully,1792,1,0,0,100,0,1400,0,1,58,273339,1792,0,101,0,0,0,LEADER,1,0,0,100,0,0,0,0,0,0,0,0,0,0,0
274664,86,bully,2246,1,0,0,99,0,1386,0,1,86,272418,2246,0,100,0,0,0,LEADER,1,0,0,99,0,0,0,0,0,0,0,0,0,0,0
274837,50,bully,2419,1,0,0,99,0,1386,0,1,50,272418,2419,0,100,0,0,0,LEADER,1,0,0,99,0,0,0,0,0,0,0,0,0,0,0
274687,85,bully,2268,1,0,0,99,0,1386,0,1,85,272419,2268,0,100,0,0,0,LEADER,1,0,0,99,0,0,0,0,0,0,0,0,0,0,0
274625,87,bully,2212,1,0,0,99,0,1386,0,1,87,272413,2212,0,100,0,0,0,LEADER,1,0,0,99,0,0,0,0,0,0,0,0,0,0,0
274834,64,bully,2416,1,0,0,99,0,1386,0,1,64,272418,2416,0,100,0,0,0,LEADER,1,0,0,99,0,0,0,0,0,0,0,0,0,0,0
274683,11,bully,2264,1,0,0,99,0,1386,0,1,11,272419,2264,0,100,0,0,0,LEADER,1,0,0,99,0,0,0,0,0,0,0,0,0,0,0
274773,18,bully,1434,1,0,0,100,0,1400,0,1,18,273339,1434,0,101,0,0,0,LEADER,1,0,0,100,0,0,0,0,0,0,0,0,0,0,0
274892,90,bully,1553,1,0,0,100,0,1400,0,1,90,273339,1553,0,101,0,0,0,LEADER,1,0,0,100,0,0,0,0,0,0,0,0,0,0,0
274786,35,bully,1447,1,0,0,100,0,1400,0,1,35,273339,1447,0,101,0,0,0,LEADER,1,0,0,100,0,0,0,0,0,0,0,0,0,0,0
274667,43,bully,2249,1,0,0,99,0,1386,0,1,43,272418,2249,0,100,0,0,0,LEADER,1,0,0,99,0,0,0,0,0,0,0,0,0,0,0
274643,44,bully,2228,1,0,0,99,0,1386,0,1,44,272415,2228,0,100,0,0,0,LEADER,1,0,0,99,0,0,0,0,0,0,0,0,0,0,0
274806,28,bully,1467,1,0,0,100,0,1400,0,1,28,273339,1467,0,101,0,0,0,LEADER,1,0,0,100,0,0,0,0,0,0,0,0,0,0,0
275480,23,bully,2141,1,0,0,100,0,1400,0,1,23,273339,2141,0,101,0,0,0,LEADER,1,0,0,100,0,0,0,0,0,0,0,0,0,0,0
274800,30,bully,1461,1,0,0,100,0,1400,0,1,30,273339,1461,0,101,0,0,0,LEADER,1,0,0,100,0,0,0,0,0,0,0,0,0,0,0
275200,94,bully,1859,1,0,0,100,0,1400,0,1,94,273341,1859,0,101,0,0,0,LEADER,1,0,0,100,0,0,0,0,0,0,0,0,0,0,0
274840,38,bully,1501,1,0,0,100,0,1400,0,1,38,273339,1501,0,101,0,0,0,LEADER,1,0,0,100,0,0,0,0,0,0,0,0,0,0,0
275519,66,bully,2180,1,0,0,100,0,1400,0,1,66,273339,2180,0,101,0,0,0,LEADER,1,0,0,100,0,0,0,0,0,0,0,0,0,0,0
274825,70,bully,1486,1,0,0,100,0,1400,0,1,70,273339,1486,0,101,0,0,0,LEADER,1,0,0,100,0,0,0,0,0,0,0,0,0,0,0
275470,88,bully,2131,1,0,0,100,0,1400,0,1,88,273339,2131,0,101,0,0,0,LEADER,1,0,0,100,0,0,0,0,0,0,0,0,0,0,0
274653,75,bully,2235,1,0,0,99,0,1386,0,1,75,272418,2235,0,100,0,0,0,LEADER,1,0,0,99,0,0,0,0,0,0,0,0,0,0,0
274663,12,bully,2243,1,0,0,99,0,1386,0,1,12,272420,2243,0,100,0,0,0,LEADER,1,0,0,99,0,0,0,0,0,0,0,0,0,0,0
275364,27,bully,2025,1,0,0,100,0,1400,0,1,27,273339,2025,0,101,0,0,0,LEADER,1,0,0,100,0,0,0,0,0,0,0,0,0,0,0
274853,42,bully,1514,1,0,0,100,0,1400,0,1,42,273339,1514,0,101,0,0,0,LEADER,1,0,0,100,0,0,0,0,0,0,0,0,0,0,0
275500,24,bully,2161,1,0,0,100,0,1400,0,1,24,273339,2161,0,101,0,0,0,LEADER,1,0,0,100,0,0,0,0,0,0,0,0,0,0,0
275452,46,bully,2113,1,0,0,100,0,1400,0,1,46,273339,2113,0,101,0,0,0,LEADER,1,0,0,100,0,0,0,0,0,0,0,0,0,0,0
275349,59,bully,2010,1,0,0,100,0,1400,0,1,59,273339,2010,0,101,0,0,0,LEADER,1,0,0,100,0,0,0,0,0,0,0,0,0,0,0
274977,34,bully,1637,1,0,0,100,0,1400,0,1,34,273340,1637,0,101,0,0,0,LEADER,1,0,0,100,0,0,0,0,0,0,0,0,0,0,0
275631,32,bully,2292,1,0,0,100,0,1400,0,1,32,273339,2292,0,101,0,0,0,LEADER,1,0,0,100,0,0,0,0,0,0,0,0,0,0,0
275247,72,bully,1907,1,0,0,100,0,1400,0,1,72,273340,1907,0,101,0,0,0,LEADER,1,0,0,100,0,0,0,0,0,0,0,0,0,0,0
275658,63,bully,2316,1,0,0,100,0,1400,0,1,63,273342,2316,0,101,0,0,0,LEADER,1,0,0,100,0,0,0,0,0,0,0,0,0,0,0
275131,74,bully,1792,1,0,0,100,0,1400,0,1,74,273339,1792,0,101,0,0,0,LEADER,1,0,0,100,0,0,0,0,0,0,0,0,0,0,0
274873,48,bully,1534,1,0,0,100,0,1400,0,1,48,273339,1534,0,101,0,0,0,LEADER,1,0,0,100,0,0,0,0,0,0,0,0,0,0,0
275336,57,bully,1995,1,0,0,100,0,1400,0,1,57,273341,1995,0,101,0,0,0,LEADER,1,0,0,100,0,0,0,0,0,0,0,0,0,0,0
275404,68,bully,2065,1,0,0,100,0,1400,0,1,68,273339,2065,0,101,0,0,0,LEADER,1,0,0,100,0,0,0,0,0,0,0,0,0,0,0
274805,45,bully,1466,1,0,0,100,0,1400,0,1,45,273339,1466,0,101,0,0,0,LEADER,1,0,0,100,0,0,0,0,0,0,0,0,0,0,0
275162,93,bully,1823,1,0,0,100,0,1400,0,1,93,273339,1823,0,101,0,0,0,LEADER,1,0,0,100,0,0,0,0,0,0,0,0,0,0,0
275743,82,bully,2404,1,0,0,100,0,1400,0,1,82,273339,2404,0,101,0,0,0,LEADER,1,0,0,100,0,0,0,0,0,0,0,0,0,0,0
275737,51,bully,2398,1,0,0,100,0,1400,0,1,51,273339,2398,0,101,0,0,0,LEADER,1,0,0,100,0,0,0,0,0,0,0,0,0,0,0
275282,39,bully,1943,1,0,0,100,0,1400,0,1,39,273339,1943,0,101,0,0,0,LEADER,1,0,0,100,0,0,0,0,0,0,0,0,0,0,0
275028,78,bully,1689,1,0,0,100,0,1400,0,1,78,273339,1689,0,101,0,0,0,LEADER,1,0,0,100,0,0,0,0,0,0,0,0,0,0,0
275416,79,bully,2077,1,0,0,100,0,1400,0,1,79,273339,2077,0,101,0,0,0,LEADER,1,0,0,100,0,0,0,0,0,0,0,0,0,0,0
274991,14,bully,1652,1,0,0,100,0,1400,0,1,14,273339,1652,0,101,0,0,0,LEADER,1,0,0,100,0,0,0,0,0,0,0,0,0,0,0
275418,36,bully,2080,1,0,0,100,0,1400,0,1,36,273338,2080,0,101,0,0,0,LEADER,1,0,0,100,0,0,0,0,0,0,0,0,0,0,0
275301,81,bully,1962,1,0,0,100,0,1400,0,1,81,273339,1962,0,101,0,0,0,LEADER,1,0,0,100,0,0,0,0,0,0,0,0,0,0,0
274961,67,bully,1622,1,0,0,100,0,1400,0,1,67,273339,1622,0,101,0,0,0,LEADER,1,0,0,100,0,0,0,0,0,0,0,0,0,0,0
275722,83,bully,2383,1,0,0,100,0,1400,0,1,83,273339,2383,0,101,0,0,0,LEADER,1,0,0,100,0,0,0,0,0,0,0,0,0,0,0
275866,99,bully,1607,1,0,0,100,0,1400,0,1,99,274259,1607,0,101,0,0,0,LEADER,1,0,0,100,0,0,0,0,0,0,0,0,0,0,0
275043,55,bully,1704,1,0,0,100,0,1400,0,1,55,273339,1704,0,101,0,0,0,LEADER,1,0,0,100,0,0,0,0,0,0,0,0,0,0,0
275833,89,bully,1574,1,0,0,100,0,1400,0,1,89,274259,1574,0,101,0,0,0,LEADER,1,0,0,100,0,0,0,0,0,0,0,0,0,0,0
274995,77,bully,1656,1,0,0,100,0,1400,0,1,77,273339,1656,0,101,0,0,0,LEADER,1,0,0,100,0,0,0,0,0,0,0,0,0,0,0
275267,71,bully,1928,1,0,0,100,0,1400,0,1,71,273339,1928,0,101,0,0,0,LEADER,1,0,0,100,0,0,0,0,0,0,0,0,0,0,0
275546,76,bully,2213,1,0,0,100,0,1400,0,1,76,273333,2213,0,101,0,0,0,LEADER,1,0,0,100,0,0,0,0,0,0,0,0,0,0,0
275181,52,bully,1840,1,0,0,100,0,1400,0,1,52,273341,1840,0,101,0,0,0,LEADER,1,0,0,100,0,0,0,0,0,0,0,0,0,0,0
275146,10,bully,1807,1,0,0,100,0,1400,0,1,10,273339,1807,0,101,0,0,0,LEADER,1,0,0,100,0,0,0,0,0,0,0,0,0,0,0
275079,22,bully,1740,1,0,0,100,0,1400,0,1,22,273339,1740,0,101,0,0,0,LEADER,1,0,0,100,0,0,0,0,0,0,0,0,0,0,0
275225,21,bully,1889,1,0,0,100,0,1400,0,1,21,273336,1889,0,101,0,0,0,LEADER,1,0,0,100,0,0,0,0,0,0,0,0,0,0,0
275485,56,bully,2146,1,0,0,100,0,1400,0,1,56,273339,2146,0,101,0,0,0,LEADER,1,0,0,100,0,0,0,0,0,0,0,0,0,0,0
275010,60,bully,1671,1,0,0,100,0,1400,0,1,60,273339,1671,0,101,0,0,0,LEADER,1,0,0,100,0,0,0,0,0,0,0,0,0,0,0
275863,25,bully,1604,1,0,0,100,0,1400,0,1,25,274259,1604,0,101,0,0,0,LEADER,1,0,0,100,0,0,0,0,0,0,0,0,0,0,0
275076,65,bully,1737,1,0,0,100,0,1400,0,1,65,273339,1737,0,101,0,0,0,LEADER,1,0,0,100,0,0,0,0,0,0,0,0,0,0,0
275752,19,bully,2413,1,0,0,100,0,1400,0,1,19,273339,2413,0,101,0,0,0,LEADER,1,0,0,100,0,0,0,0,0,0,0,0,0,0,0
275382,69,bully,2043,1,0,0,100,0,1400,0,1,69,273339,2043,0,101,0,0,0,LEADER,1,0,0,100,0,0,0,0,0,0,0,0,0,0,0
275984,54,bully,1725,1,0,0,100,0,1400,0,1,54,274259,1725,0,101,0,0,0,LEADER,1,0,0,100,0,0,0,0,0,0,0,0,0,0,0
275331,17,bully,1992,1,0,0,100,0,1400,0,1,17,273339,1992,0,101,0,0,0,LEADER,1,0,0,100,0,0,0,0,0,0,0,0,0,0,0
275845,100,bully,1586,1,0,0,100,0,1400,0,1,100,274259,1586,0,101,0,0,0,LEADER,1,0,0,100,0,0,0,0,0,0,0,0,0,0,0
275808,16,bully,1549,1,0,0,100,0,1400,0,1,16,274259,1549,0,101,0,0,0,LEADER,1,0,0,100,0,0,0,0,0,0,0,0,0,0,0
275397,37,bully,2058,1,0,0,100,0,1400,0,1,37,273339,2058,0,101,0,0,0,LEADER,1,0,0,100,0,0,0,0,0,0,0,0,0,0,0
276033,13,bully,1774,1,0,0,100,0,1400,0,1,13,274259,1774,0,101,0,0,0,LEADER,1,0,0,100,0,0,0,0,0,0,0,0,0,0,0
275194,20,bully,1855,1,0,0,100,0,1400,0,1,20,273339,1855,0,101,0,0,0,LEADER,1,0,0,100,0,0,0,0,0,0,0,0,0,0,0
275826,41,bully,1567,1,0,0,100,0,1400,0,1,41,274259,1567,0,101,0,0,0,LEADER,1,0,0,100,0,0,0,0,0,0,0,0,0,0,0
275815,47,bully,1556,1,0,0,100,0,1400,0,1,47,274259,1556,0,101,0,0,0,LEADER,1,0,0,100,0,0,0,0,0,0,0,0,0,0,0
275641,95,bully,2301,1,0,0,100,0,1400,0,1,95,273340,2301,0,101,0,0,0,LEADER,1,0,0,100,0,0,0,0,0,0,0,0,0,0,0
275504,98,bully,2165,1,0,0,100,0,1400,0,1,98,273339,2165,0,101,0,0,0,LEADER,1,0,0,100,0,0,0,0,0,0,0,0,0,0,0
275688,73,bully,2349,1,0,0,100,0,1400,0,1,73,273339,2349,0,101,0,0,0,LEADER,1,0,0,100,0,0,0,0,0,0,0,0,0,0,0
276011,33,bully,1752,1,0,0,100,0,1400,0,1,33,274259,1752,0,101,0,0,0,LEADER,1,0,0,100,0,0,0,0,0,0,0,0,0,0,0
275981,97,bully,1722,1,0,0,100,0,1400,0,1,97,274259,1722,0,101,0,0,0,LEADER,1,0,0,100,0,0,0,0,0,0,0,0,0,0,0
275234,61,bully,1895,1,0,0,100,0,1400,0,1,61,273339,1895,0,101,0,0,0,LEADER,1,0,0,100,0,0,0,0,0,0,0,0,0,0,0
276181,40,bully,1922,1,0,0,100,0,1400,0,1,40,274259,1922,0,101,0,0,0,LEADER,1,0,0,100,0,0,0,0,0,0,0,0,0,0,0
275670,31,bully,2331,1,0,0,100,0,1400,0,1,31,273339,2331,0,101,0,0,0,LEADER,1,0,0,100,0,0,0,0,0,0,0,0,0,0,0
276171,29,bully,1910,1,0,0,100,0,1400,0,1,29,274261,1910,0,101,0,0,0,LEADER,1,0,0,100,0,0,0,0,0,0,0,0,0,0,0
275997,96,bully,1744,1,0,0,100,0,1400,0,1,96,274253,1744,0,101,0,0,0,LEADER,1,0,0,100,0,0,0,0,0,0,0,0,0,0,0
276084,84,bully,1825,1,0,0,100,0,1400,0,1,84,274259,1825,0,101,0,0,0,LEADER,1,0,0,100,0,0,0,0,0,0,0,0,0,0,0
275780,80,bully,1519,1,0,0,100,0,1400,0,1,80,274261,1519,0,101,0,0,0,LEADER,1,0,0,100,0,0,0,0,0,0,0,0,0,0,0
275622,53,bully,2283,1,0,0,100,0,1400,0,1,53,273339,2283,0,101,0,0,0,LEADER,1,0,0,100,0,0,0,0,0,0,0,0,0,0,0
275698,92,bully,1438,1,0,0,100,0,1400,0,1,92,274260,1438,0,101,0,0,0,LEADER,1,0,0,100,0,0,0,0,0,0,0,0,0,0,0
275866,91,bully,1619,1,0,0,100,0,1400,0,1,91,274247,1619,0,101,0,0,0,LEADER,1,0,0,100,0,0,0,0,0,0,0,0,0,0,0
276133,62,bully,1874,1,0,0,100,0,1400,0,1,62,274259,1874,0,101,0,0,0,LEADER,1,0,0,100,0,0,0,0,0,0,0,0,0,0,0
275830,15,bully,1571,1,0,0,100,0,1400,0,1,15,274259,1571,0,101,0,0,0,LEADER,1,0,0,100,0,0,0,0,0,0,0,0,0,0,0
275500,26,bully,2161,1,0,0,100,0,1400,0,1,26,273339,2161,0,101,0,0,0,LEADER,1,0,0,100,0,0,0,0,0,0,0,0,0,0,0
276236,49,bully,1977,1,0,0,100,0,1400,0,1,49,274259,1977,0,101,0,0,0,LEADER,1,0,0,100,0,0,0,0,0,0,0,0,0,0,0
276051,58,bully,1792,1,0,0,100,0,1400,0,1,58,274259,1792,0,101,0,0,0,LEADER,1,0,0,100,0,0,0,0,0,0,0,0,0,0,0
275585,86,bully,2246,1,0,0,100,0,1400,0,1,86,273339,2246,0,101,0,0,0,LEADER,1,0,0,100,0,0,0,0,0,0,0,0,0,0,0
275758,50,bully,2419,1,0,0,100,0,1400,0,1,50,273339,2419,0,101,0,0,0,LEADER,1,0,0,100,0,0,0,0,0,0,0,0,0,0,0
275608,85,bully,2268,1,0,0,100,0,1400,0,1,85,273340,2268,0,101,0,0,0,LEADER,1,0,0,100,0,0,0,0,0,0,0,0,0,0,0
275546,87,bully,2212,1,0,0,100,0,1400,0,1,87,273334,2212,0,101,0,0,0,LEADER,1,0,0,100,0,0,0,0,0,0,0,0,0,0,0
275755,64,bully,2416,1,0,0,100,0,1400,0,1,64,273339,2416,0,101,0,0,0,LEADER,1,0,0,100,0,0,0,0,0,0,0,0,0,0,0
275693,18,bully,1434,1,0,0,100,0,1400,0,1,18,274259,1434,0,101,0,0,0,LEADER,1,0,0,100,0,0,0,0,0,0,0,0,0,0,0
275604,11,bully,2264,1,0,0,100,0,1400,0,1,11,273340,2264,0,101,0,0,0,LEADER,1,0,0,100,0,0,0,0,0,0,0,0,0,0,0
275812,90,bully,1553,1,0,0,100,0,1400,0,1,90,274259,1553,0,101,0,0,0,LEADER,1,0,0,100,0,0,0,0,0,0,0,0,0,0,0
275706,35,bully,1447,1,0,0,100,0,1400,0,1,35,274259,1447,0,101,0,0,0,LEADER,1,0,0,100,0,0,0,0,0,0,0,0,0,0,0
275588,43,bully,2249,1,0,0,100,0,1400,0,1,43,273339,2249,0,101,0,0,0,LEADER,1,0,0,100,0,0,0,0,0,0,0,0,0,0,0
275726,28,bully,1467,1,0,0,100,0,1400,0,1,28,274259,1467,0,101,0,0,0,LEADER,1,0,0,100,0,0,0,0,0,0,0,0,0,0,0
275564,44,bully,2228,1,0,0,100,0,1400,0,1,44,273336,2228,0,101,0,0,0,LEADER,1,0,0,100,0,0,0,0,0,0,0,0,0,0,0
276400,23,bully,2141,1,0,0,100,0,1400,0,1,23,274259,2141,0,101,0,0,0,LEADER,1,0,0,100,0,0,0,0,0,0,0,0,0,0,0
275720,30,bully,1461,1,0,0,100,0,1400,0,1,30,274259,1461,0,101,0,0,0,LEADER,1,0,0,100,0,0,0,0,0,0,0,0,0,0,0
276120,94,bully,1859,1,0,0,100,0,1400,0,1,94,274261,1859,0,101,0,0,0,LEADER,1,0,0,100,0,0,0,0,0,0,0,0,0,0,0
275760,38,bully,1501,1,0,0,100,0,1400,0,1,38,274259,1501,0,101,0,0,0,LEADER,1,0,0,100,0,0,0,0,0,0,0,0,0,0,0
276439,66,bully,2180,1,0,0,100,0,1400,0,1,66,274259,2180,0,101,0,0,0,LEADER,1,0,0,100,0,0,0,0,0,0,0,0,0,0,0
275745,70,bully,1486,1,0,0,100,0,1400,0,1,70,274259,1486,0,101,0,0,0,LEADER,1,0,0,100,0,0,0,0,0,0,0,0,0,0,0
276390,88,bully,2131,1,0,0,100,0,1400,0,1,88,274259,2131,0,101,0,0,0,LEADER,1,0,0,100,0,0,0,0,0,0,0,0,0,0,0
275574,75,bully,2235,1,0,0,100,0,1400,0,1,75,273339,2235,0,101,0,0,0,LEADER,1,0,0,100,0,0,0,0,0,0,0,0,0,0,0
275584,12,bully,2243,1,0,0,100,0,1400,0,1,12,273341,2243,0,101,0,0,0,LEADER,1,0,0,100,0,0,0,0,0,0,0,0,0,0,0
276284,27,bully,2025,1,0,0,100,0,1400,0,1,27,274259,2025,0,101,0,0,0,LEADER,1,0,0,100,0,0,0,0,0,0,0,0,0,0,0
275773,42,bully,1514,1,0,0,100,0,1400,0,1,42,274259,1514,0,101,0,0,0,LEADER,1,0,0,100,0,0,0,0,0,0,0,0,0,0,0
276420,24,bully,2161,1,0,0,100,0,1400,0,1,24,274259,2161,0,101,0,0,0,LEADER,1,0,0,100,0,0,0,0,0,0,0,0,0,0,0
276372,46,bully,2113,1,0,0,100,0,1400,0,1,46,274259,2113,0,101,0,0,0,LEADER,1,0,0,100,0,0,0,0,0,0,0,0,0,0,0
276269,59,bully,2010,1,0,0,100,0,1400,0,1,59,274259,2010,0,101,0,0,0,LEADER,1,0,0,100,0,0,0,0,0,0,0,0,0,0,0
275897,34,bully,1637,1,0,0,100,0,1400,0,1,34,274260,1637,0,101,0,0,0,LEADER,1,0,0,100,0,0,0,0,0,0,0,0,0,0,0
276551,32,bully,2292,1,0,0,100,0,1400,0,1,32,274259,2292,0,101,0,0,0,LEADER,1,0,0,100,0,0,0,0,0,0,0,0,0,0,0
276167,72,bully,1907,1,0,0,100,0,1400,0,1,72,274260,1907,0,101,0,0,0,LEADER,1,0,0,100,0,0,0,0,0,0,0,0,0,0,0
276578,63,bully,2316,1,0,0,100,0,1400,0,1,63,274262,2316,0,101,0,0,0,LEADER,1,0,0,100,0,0,0,0,0,0,0,0,0,0,0
276051,74,bully,1792,1,0,0,100,0,1400,0,1,74,274259,1792,0,101,0,0,0,LEADER,1,0,0,100,0,0,0,0,0,0,0,0,0,0,0
275793,48,bully,1534,1,0,0,100,0,1400,0,1,48,274259,1534,0,101,0,0,0,LEADER,1,0,0,100,0,0,0,0,0,0,0,0,0,0,0
276256,57,bully,1995,1,0,0,100,0,1400,0,1,57,274261,1995,0,101,0,0,0,LEADER,1,0,0,100,0,0,0,0,0,0,0,0,0,0,0
276324,68,bully,2065,1,0,0,100,0,1400,0,1,68,274259,2065,0,101,0,0,0,LEADER,1,0,0,100,0,0,0,0,0,0,0,0,0,0,0
275725,45,bully,1466,1,0,0,100,0,1400,0,1,45,274259,1466,0,101,0,0,0,LEADER,1,0,0,100,0,0,0,0,0,0,0,0,0,0,0
276082,93,bully,1823,1,0,0,100,0,1400,0,1,93,274259,1823,0,101,0,0,0,LEADER,1,0,0,100,0,0,0,0,0,0,0,0,0,0,0
276663,82,bully,2404,1,0,0,100,0,1400,0,1,82,274259,2404,0,101,0,0,0,LEADER,1,0,0,100,0,0,0,0,0,0,0,0,0,0,0
276657,51,bully,2398,1,0,0,100,0,1400,0,1,51,274259,2398,0,101,0,0,0,LEADER,1,0,0,100,0,0,0,0,0,0,0,0,0,0,0
276202,39,bully,1943,1,0,0,100,0,1400,0,1,39,274259,1943,0,101,0,0,0,LEADER,1,0,0,100,0,0,0,0,0,0,0,0,0,0,0
275948,78,bully,1689,1,0,0,100,0,1400,0,1,78,274259,1689,0,101,0,0,0,LEADER,1,0,0,100,0,0,0,0,0,0,0,0,0,0,0
276336,79,bully,2077,1,0,0,100,0,1400,0,1,79,274259,2077,0,101,0,0,0,LEADER,1,0,0,100,0,0,0,0,0,0,0,0,0,0,0
275911,14,bully,1652,1,0,0,100,0,1400,0,1,14,274259,1652,0,101,0,0,0,LEADER,1,0,0,100,0,0,0,0,0,0,0,0,0,0,0
276338,36,bully,2080,1,0,0,100,0,1400,0,1,36,274258,2080,0,101,0,0,0,LEADER,1,0,0,100,0,0,0,0,0,0,0,0,0,0,0
276221,81,bully,1962,1,0,0,100,0,1400,0,1,81,274259,1962,0,101,0,0,0,LEADER,1,0,0,100,0,0,0,0,0,0,0,0,0,0,0
275881,67,bully,1622,1,0,0,100,0,1400,0,1,67,274259,1622,0,101,0,0,0,LEADER,1,0,0,100,0,0,0,0,0,0,0,0,0,0,0
276642,83,bully,2383,1,0,0,100,0,1400,0,1,83,274259,2383,0,101,0,0,0,LEADER,1,0,0,100,0,0,0,0,0,0,0,0,0,0,0
276786,99,bully,1607,1,0,0,100,0,1400,0,1,99,275179,1607,0,101,0,0,0,LEADER,1,0,0,100,0,0,0,0,0,0,0,0,0,0,0
275963,55,bully,1704,1,0,0,100,0,1400,0,1,55,274259,1704,0,101,0,0,0,LEADER,1,0,0,100,0,0,0,0,0,0,0,0,0,0,0
276753,89,bully,1574,1,0,0,100,0,1400,0,1,89,275179,1574,0,101,0,0,0,LEADER,1,0,0,100,0,0,0,0,0,0,0,0,0,0,0
275915,77,bully,1656,1,0,0,100,0,1400,0,1,77,274259,1656,0,101,0,0,0,LEADER,1,0,0,100,0,0,0,0,0,0,0,0,0,0,0
276187,71,bully,1928,1,0,0,100,0,1400,0,1,71,274259,1928,0,101,0,0,0,LEADER,1,0,0,100,0,0,0,0,0,0,0,0,0,0,0
276466,76,bully,2213,1,0,0,100,0,1400,0,1,76,274253,2213,0,101,0,0,0,LEADER,1,0,0,100,0,0,0,0,0,0,0,0,0,0,0
276101,52,bully,1840,1,0,0,100,0,1400,0,1,52,274261,1840,0,101,0,0,0,LEADER,1,0,0,100,0,0,0,0,0,0,0,0,0,0,0
276066,10,bully,1807,1,0,0,100,0,1400,0,1,10,274259,1807,0,101,0,0,0,LEADER,1,0,0,100,0,0,0,0,0,0,0,0,0,0,0
275999,22,bully,1740,1,0,0,100,0,1400,0,1,22,274259,1740,0,101,0,0,0,LEADER,1,0,0,100,0,0,0,0,0,0,0,0,0,0,0
276145,21,bully,1889,1,0,0,100,0,1400,0,1,21,274256,1889,0,101,0,0,0,LEADER,1,0,0,100,0,0,0,0,0,0,0,0,0,0,0
276405,56,bully,2146,1,0,0,100,0,1400,0,1,56,274259,2146,0,101,0,0,0,LEADER,1,0,0,100,0,0,0,0,0,0,0,0,0,0,0
275930,60,bully,1671,1,0,0,100,0,1400,0,1,60,274259,1671,0,101,0,0,0,LEADER,1,0,0,100,0,0,0,0,0,0,0,0,0,0,0
276783,25,bully,1604,1,0,0,100,0,1400,0,1,25,275179,1604,0,101,0,0,0,LEADER,1,0,0,100,0,0,0,0,0,0,0,0,0,0,0
275996,65,bully,1737,1,0,0,100,0,1400,0,1,65,274259,1737,0,101,0,0,0,LEADER,1,0,0,100,0,0,0,0,0,0,0,0,0,0,0
276672,19,bully,2413,1,0,0,100,0,1400,0,1,19,274259,2413,0,101,0,0,0,LEADER,1,0,0,100,0,0,0,0,0,0,0,0,0,0,0
276302,69,bully,2043,1,0,0,100,0,1400,0,1,69,274259,2043,0,101,0,0,0,LEADER,1,0,0,100,0,0,0,0,0,0,0,0,0,0,0
276904,54,bully,1725,1,0,0,100,0,1400,0,1,54,275179,1725,0,101,0,0,0,LEADER,1,0,0,100,0,0,0,0,0,0,0,0,0,0,0
276251,17,bully,1992,1,0,0,100,0,1400,0,1,17,274259,1992,0,101,0,0,0,LEADER,1,0,0,100,0,0,0,0,0,0,0,0,0,0,0
276765,100,bully,1586,1,0,0,100,0,1400,0,1,100,275179,1586,0,101,0,0,0,LEADER,1,0,0,100,0,0,0,0,0,0,0,0,0,0,0
276121,3,bully,1903,1,0,0,13,30,182,420,4,2,274218,1903,0,9,0,0,0,NORMAL,0,0,0,13,0,0,0,30,0,0,0,0,0,0,0
276728,16,bully,1549,1,0,0,100,0,1400,0,1,16,275179,1549,0,101,0,0,0,LEADER,1,0,0,100,0,0,0,0,0,0,0,0,0,0,0
276317,37,bully,2058,1,0,0,100,0,1400,0,1,37,274259,2058,0,101,0,0,0,LEADER,1,0,0,100,0,0,0,0,0,0,0,0,0,0,0
276953,13,bully,1774,1,0,0,100,0,1400,0,1,13,275179,1774,0,101,0,0,0,LEADER,1,0,0,100,0,0,0,0,0,0,0,0,0,0,0
276114,20,bully,1855,1,0,0,100,0,1400,0,1,20,274259,1855,0,101,0,0,0,LEADER,1,0,0,100,0,0,0,0,0,0,0,0,0,0,0
276746,41,bully,1567,1,0,0,100,0,1400,0,1,41,275179,1567,0,101,0,0,0,LEADER,1,0,0,100,0,0,0,0,0,0,0,0,0,0,0
276735,47,bully,1556,1,0,0,100,0,1400,0,1,47,275179,1556,0,101,0,0,0,LEADER,1,0,0,100,0,0,0,0,0,0,0,0,0,0,0
276561,95,bully,2301,1,0,0,100,0,1400,0,1,95,274260,2301,0,101,0,0,0,LEADER,1,0,0,100,0,0,0,0,0,0,0,0,0,0,0
276424,98,bully,2165,1,0,0,100,0,1400,0,1,98,274259,2165,0,101,0,0,0,LEADER,1,0,0,100,0,0,0,0,0,0,0,0,0,0,0
276608,73,bully,2349,1,0,0,100,0,1400,0,1,73,274259,2349,0,101,0,0,0,LEADER,1,0,0,100,0,0,0,0,0,0,0,0,0,0,0
276931,33,bully,1752,1,0,0,100,0,1400,0,1,33,275179,1752,0,101,0,0,0,LEADER,1,0,0,100,0,0,0,0,0,0,0,0,0,0,0
276901,97,bully,1722,1,0,0,100,0,1400,0,1,97,275179,1722,0,101,0,0,0,LEADER,1,0,0,100,0,0,0,0,0,0,0,0,0,0,0
276154,61,bully,1895,1,0,0,100,0,1400,0,1,61,274259,1895,0,101,0,0,0,LEADER,1,0,0,100,0,0,0,0,0,0,0,0,0,0,0
277101,40,bully,1922,1,0,0,100,0,1400,0,1,40,275179,1922,0,101,0,0,0,LEADER,1,0,0,100,0,0,0,0,0,0,0,0,0,0,0
276590,31,bully,2331,1,0,0,100,0,1400,0,1,31,274259,2331,0,101,0,0,0,LEADER,1,0,0,100,0,0,0,0,0,0,0,0,0,0,0
277091,29,bully,1910,1,0,0,100,0,1400,0,1,29,275181,1910,0,101,0,0,0,LEADER,1,0,0,100,0,0,0,0,0,0,0,0,0,0,0
276917,96,bully,1744,1,0,0,100,0,1400,0,1,96,275173,1744,0,101,0,0,0,LEADER,1,0,0,100,0,0,0,0,0,0,0,0,0,0,0
277004,84,bully,1825,1,0,0,100,0,1400,0,1,84,275179,1825,0,101,0,0,0,LEADER,1,0,0,100,0,0,0,0,0,0,0,0,0,0,0
276700,80,bully,1519,1,0,0,100,0,1400,0,1,80,275181,1519,0,101,0,0,0,LEADER,1,0,0,100,0,0,0,0,0,0,0,0,0,0,0
276542,53,bully,2283,1,0,0,100,0,1400,0,1,53,274259,2283,0,101,0,0,0,LEADER,1,0,0,100,0,0,0,0,0,0,0,0,0,0,0
276618,92,bully,1438,1,0,0,100,0,1400,0,1,92,275180,1438,0,101,0,0,0,LEADER,1,0,0,100,0,0,0,0,0,0,0,0,0,0,0
276786,91,bully,1619,1,0,0,100,0,1400,0,1,91,275167,1619,0,101,0,0,0,LEADER,1,0,0,100,0,0,0,0,0,0,0,0,0,0,0
277053,62,bully,1874,1,0,0,100,0,1400,0,1,62,275179,1874,0,101,0,0,0,LEADER,1,0,0,100,0,0,0,0,0,0,0,0,0,0,0
276750,15,bully,1571,1,0,0,100,0,1400,0,1,15,275179,1571,0,101,0,0,0,LEADER,1,0,0,100,0,0,0,0,0,0,0,0,0,0,0
276420,26,bully,2161,1,0,0,100,0,1400,0,1,26,274259,2161,0,101,0,0,0,LEADER,1,0,0,100,0,0,0,0,0,0,0,0,0,0,0
277156,49,bully,1977,1,0,0,100,0,1400,0,1,49,275179,1977,0,101,0,0,0,LEADER,1,0,0,100,0,0,0,0,0,0,0,0,0,0,0
276971,58,bully,1792,1,0,0,100,0,1400,0,1,58,275179,1792,0,101,0,0,0,LEADER,1,0,0,100,0,0,0,0,0,0,0,0,0,0,0
276505,86,bully,2246,1,0,0,100,0,1400,0,1,86,274259,2246,0,101,0,0,0,LEADER,1,0,0,100,0,0,0,0,0,0,0,0,0,0,0
276678,50,bully,2419,1,0,0,100,0,1400,0,1,50,274259,2419,0,101,0,0,0,LEADER,1,0,0,100,0,0,0,0,0,0,0,0,0,0,0
276528,85,bully,2268,1,0,0,100,0,1400,0,1,85,274260,2268,0,101,0,0,0,LEADER,1,0,0,100,0,0,0,0,0,0,0,0,0,0,0
276466,87,bully,2212,1,0,0,100,0,1400,0,1,87,274254,2212,0,101,0,0,0,LEADER,1,0,0,100,0,0,0,0,0,0,0,0,0,0,0
276675,64,bully,2416,1,0,0,100,0,1400,0,1,64,274259,2416,0,101,0,0,0,LEADER,1,0,0,100,0,0,0,0,0,0,0,0,0,0,0
276613,18,bully,1434,1,0,0,100,0,1400,0,1,18,275179,1434,0,101,0,0,0,LEADER,1,0,0,100,0,0,0,0,0,0,0,0,0,0,0
276524,11,bully,2264,1,0,0,100,0,1400,0,1,11,274260,2264,0,101,0,0,0,LEADER,1,0,0,100,0,0,0,0,0,0,0,0,0,0,0
276732,90,bully,1553,1,0,0,100,0,1400,0,1,90,275179,1553,0,101,0,0,0,LEADER,1,0,0,100,0,0,0,0,0,0,0,0,0,0,0
276626,35,bully,1447,1,0,0,100,0,1400,0,1,35,275179,1447,0,101,0,0,0,LEADER,1,0,0,100,0,0,0,0,0,0,0,0,0,0,0
276508,43,bully,2249,1,0,0,100,0,1400,0,1,43,274259,2249,0,101,0,0,0,LEADER,1,0,0,100,0,0,0,0,0,0,0,0,0,0,0
276646,28,bully,1467,1,0,0,100,0,1400,0,1,28,275179,1467,0,101,0,0,0,LEADER,1,0,0,100,0,0,0,0,0,0,0,0,0,0,0
276484,44,bully,2228,1,0,0,100,0,1400,0,1,44,274256,2228,0,101,0,0,0,LEADER,1,0,0,100,0,0,0,0,0,0,0,0,0,0,0
277320,23,bully,2141,1,0,0,100,0,1400,0,1,23,275179,2141,0,101,0,0,0,LEADER,1,0,0,100,0,0,0,0,0,0,0,0,0,0,0
276640,30,bully,1461,1,0,0,100,0,1400,0,1,30,275179,1461,0,101,0,0,0,LEADER,1,0,0,100,0,0,0,0,0,0,0,0,0,0,0
277040,94,bully,1859,1,0,0,100,0,1400,0,1,94,275181,1859,0,101,0,0,0,LEADER,1,0,0,100,0,0,0,0,0,0,0,0,0,0,0
276680,38,bully,1501,1,0,0,100,0,1400,0,1,38,275179,1501,0,101,0,0,0,LEADER,1,0,0,100,0,0,0,0,0,0,0,0,0,0,0
277359,66,bully,2180,1,0,0,100,0,1400,0,1,66,275179,2180,0,101,0,0,0,LEADER,1,0,0,100,0,0,0,0,0,0,0,0,0,0,0
276665,70,bully,1486,1,0,0,100,0,1400,0,1,70,275179,1486,0,101,0,0,0,LEADER,1,0,0,100,0,0,0,0,0,0,0,0,0,0,0
277310,88,bully,2131,1,0,0,100,0,1400,0,1,88,275179,2131,0,101,0,0,0,LEADER,1,0,0,100,0,0,0,0,0,0,0,0,0,0,0
276494,75,bully,2235,1,0,0,100,0,1400,0,1,75,274259,2235,0,101,0,0,0,LEADER,1,0,0,100,0,0,0,0,0,0,0,0,0,0,0
276504,12,bully,2243,1,0,0,100,0,1400,0,1,12,274261,2243,0,101,0,0,0,LEADER,1,0,0,100,0,0,0,0,0,0,0,0,0,0,0
277204,27,bully,2025,1,0,0,100,0,1400,0,1,27,275179,2025,0,101,0,0,0,LEADER,1,0,0,100,0,0,0,0,0,0,0,0,0,0,0
276693,42,bully,1514,1,0,0,100,0,1400,0,1,42,275179,1514,0,101,0,0,0,LEADER,1,0,0,100,0,0,0,0,0,0,0,0,0,0,0
277340,24,bully,2161,1,0,0,100,0,1400,0,1,24,275179,2161,0,101,0,0,0,LEADER,1,0,0,100,0,0,0,0,0,0,0,0,0,0,0
277292,46,bully,2113,1,0,0,100,0,1400,0,1,46,275179,2113,0,101,0,0,0,LEADER,1,0,0,100,0,0,0,0,0,0,0,0,0,0,0
277189,59,bully,2010,1,0,0,100,0,1400,0,1,59,275179,2010,0,101,0,0,0,LEADER,1,0,0,100,0,0,0,0,0,0,0,0,0,0,0
276817,34,bully,1637,1,0,0,100,0,1400,0,1,34,275180,1637,0,101,0,0,0,LEADER,1,0,0,100,0,0,0,0,0,0,0,0,0,0,0
277471,32,bully,2292,1,0,0,100,0,1400,0,1,32,275179,2292,0,101,0,0,0,LEADER,1,0,0,100,0,0,0,0,0,0,0,0,0,0,0
277087,72,bully,1907,1,0,0,100,0,1400,0,1,72,275180,1907,0,101,0,0,0,LEADER,1,0,0,100,0,0,0,0,0,0,0,0,0,0,0
277498,63,bully,2316,1,0,0,100,0,1400,0,1,63,275182,2316,0,101,0,0,0,LEADER,1,0,0,100,0,0,0,0,0,0,0,0,0,0,0
276971,74,bully,1792,1,0,0,100,0,1400,0,1,74,275179,1792,0,101,0,0,0,LEADER,1,0,0,100,0,0,0,0,0,0,0,0,0,0,0
276713,48,bully,1534,1,0,0,100,0,1400,0,1,48,275179,1534,0,101,0,0,0,LEADER,1,0,0,100,0,0,0,0,0,0,0,0,0,0,0
277176,57,bully,1995,1,0,0,100,0,1400,0,1,57,275181,1995,0,101,0,0,0,LEADER,1,0,0,100,0,0,0,0,0,0,0,0,0,0,0
277244,68,bully,2065,1,0,0,100,0,1400,0,1,68,275179,2065,0,101,0,0,0,LEADER,1,0,0,100,0,0,0,0,0,0,0,0,0,0,0
276645,45,bully,1466,1,0,0,100,0,1400,0,1,45,275179,1466,0,101,0,0,0,LEADER,1,0,0,100,0,0,0,0,0,0,0,0,0,0,0
277002,93,bully,1823,1,0,0,100,0,1400,0,1,93,275179,1823,0,101,0,0,0,LEADER,1,0,0,100,0,0,0,0,0,0,0,0,0,0,0
277583,82,bully,2404,1,0,0,100,0,1400,0,1,82,275179,2404,0,101,0,0,0,LEADER,1,0,0,100,0,0,0,0,0,0,0,0,0,0,0
277577,51,bully,2398,1,0,0,100,0,1400,0,1,51,275179,2398,0,101,0,0,0,LEADER,1,0,0,100,0,0,0,0,0,0,0,0,0,0,0
277122,39,bully,1943,1,0,0,100,0,1400,0,1,39,275179,1943,0,101,0,0,0,LEADER,1,0,0,100,0,0,0,0,0,0,0,0,0,0,0
276868,78,bully,1689,1,0,0,100,0,1400,0,1,78,275179,1689,0,101,0,0,0,LEADER,1,0,0,100,0,0,0,0,0,0,0,0,0,0,0
277256,79,bully,2077,1,0,0,100,0,1400,0,1,79,275179,2077,0,101,0,0,0,LEADER,1,0,0,100,0,0,0,0,0,0,0,0,0,0,0
276831,14,bully,1652,1,0,0,100,0,1400,0,1,14,275179,1652,0,101,0,0,0,LEADER,1,0,0,100,0,0,0,0,0,0,0,0,0,0,0
277258,36,bully,2080,1,0,0,100,0,1400,0,1,36,275178,2080,0,101,0,0,0,LEADER,1,0,0,100,0,0,0,0,0,0,0,0,0,0,0
277141,81,bully,1962,1,0,0,100,0,1400,0,1,81,275179,1962,0,101,0,0,0,LEADER,1,0,0,100,0,0,0,0,0,0,0,0,0,0,0
276801,67,bully,1622,1,0,0,100,0,1400,0,1,67,275179,1622,0,101,0,0,0,LEADER,1,0,0,100,0,0,0,0,0,0,0,0,0,0,0
277562,83,bully,2383,1,0,0,100,0,1400,0,1,83,275179,2383,0,101,0,0,0,LEADER,1,0,0,100,0,0,0,0,0,0,0,0,0,0,0
277707,99,bully,1607,1,0,0,101,0,1414,0,1,99,276100,1607,0,102,0,0,0,LEADER,1,0,0,101,0,0,0,0,0,0,0,0,0,0,0
276883,55,bully,1704,1,0,0,100,0,1400,0,1,55,275179,1704,0,101,0,0,0,LEADER,1,0,0,100,0,0,0,0,0,0,0,0,0,0,0
277674,89,bully,1574,1,0,0,101,0,1414,0,1,89,276100,1574,0,102,0,0,0,LEADER,1,0,0,101,0,0,0,0,0,0,0,0,0,0,0
276835,77,bully,1656,1,0,0,100,0,1400,0,1,77,275179,1656,0,101,0,0,0,LEADER,1,0,0,100,0,0,0,0,0,0,0,0,0,0,0
277107,71,bully,1928,1,0,0,100,0,1400,0,1,71,275179,1928,0,101,0,0,0,LEADER,1,0,0,100,0,0,0,0,0,0,0,0,0,0,0
277386,76,bully,2213,1,0,0,100,0,1400,0,1,76,275173,2213,0,101,0,0,0,LEADER,1,0,0,100,0,0,0,0,0,0,0,0,0,0,0
277021,52,bully,1840,1,0,0,100,0,1400,0,1,52,275181,1840,0,101,0,0,0,LEADER,1,0,0,100,0,0,0,0,0,0,0,0,0,0,0
276986,10,bully,1807,1,0,0,100,0,1400,0,1,10,275179,1807,0,101,0,0,0,LEADER,1,0,0,100,0,0,0,0,0,0,0,0,0,0,0
276919,22,bully,1740,1,0,0,100,0,1400,0,1,22,275179,1740,0,101,0,0,0,LEADER,1,0,0,100,0,0,0,0,0,0,0,0,0,0,0
277065,21,bully,1889,1,0,0,100,0,1400,0,1,21,275176,1889,0,101,0,0,0,LEADER,1,0,0,100,0,0,0,0,0,0,0,0,0,0,0
277325,56,bully,2146,1,0,0,100,0,1400,0,1,56,275179,2146,0,101,0,0,0,LEADER,1,0,0,100,0,0,0,0,0,0,0,0,0,0,0
276850,60,bully,1671,1,0,0,100,0,1400,0,1,60,275179,1671,0,101,0,0,0,LEADER,1,0,0,100,0,0,0,0,0,0,0,0,0,0,0
277704,25,bully,1604,1,0,0,101,0,1414,0,1,25,276100,1604,0,102,0,0,0,LEADER,1,0,0,101,0,0,0,0,0,0,0,0,0,0,0
276916,65,bully,1737,1,0,0,100,0,1400,0,1,65,275179,1737,0,101,0,0,0,LEADER,1,0,0,100,0,0,0,0,0,0,0,0,0,0,0
277592,19,bully,2413,1,0,0,100,0,1400,0,1,19,275179,2413,0,101,0,0,0,LEADER,1,0,0,100,0,0,0,0,0,0,0,0,0,0,0
277222,69,bully,2043,1,0,0,100,0,1400,0,1,69,275179,2043,0,101,0,0,0,LEADER,1,0,0,100,0,0,0,0,0,0,0,0,0,0,0
277825,54,bully,1725,1,0,0,101,0,1414,0,1,54,276100,1725,0,102,0,0,0,LEADER,1,0,0,101,0,0,0,0,0,0,0,0,0,0,0
277171,17,bully,1992,1,0,0,100,0,1400,0,1,17,275179,1992,0,101,0,0,0,LEADER,1,0,0,100,0,0,0,0,0,0,0,0,0,0,0
277686,100,bully,1586,1,0,0,101,0,1414,0,1,100,276100,1586,0,102,0,0,0,LEADER,1,0,0,101,0,0,0,0,0,0,0,0,0,0,0
277649,16,bully,1549,1,0,0,101,0,1414,0,1,16,276100,1549,0,102,0,0,0,LEADER,1,0,0,101,0,0,0,0,0,0,0,0,0,0,0
277237,37,bully,2058,1,0,0,100,0,1400,0,1,37,275179,2058,0,101,0,0,0,LEADER,1,0,0,100,0,0,0,0,0,0,0,0,0,0,0
277874,13,bully,1774,1,0,0,101,0,1414,0,1,13,276100,1774,0,102,0,0,0,LEADER,1,0,0,101,0,0,0,0,0,0,0,0,0,0,0
277034,20,bully,1855,1,0,0,100,0,1400,0,1,20,275179,1855,0,101,0,0,0,LEADER,1,0,0,100,0,0,0,0,0,0,0,0,0,0,0
277667,41,bully,1567,1,0,0,101,0,1414,0,1,41,276100,1567,0,102,0,0,0,LEADER,1,0,0,101,0,0,0,0,0,0,0,0,0,0,0
277656,47,bully,1556,1,0,0,101,0,1414,0,1,47,276100,1556,0,102,0,0,0,LEADER,1,0,0,101,0,0,0,0,0,0,0,0,0,0,0
277481,95,bully,2301,1,0,0,100,0,1400,0,1,95,275180,2301,0,101,0,0,0,LEADER,1,0,0,100,0,0,0,0,0,0,0,0,0,0,0
277344,98,bully,2165,1,0,0,100,0,1400,0,1,98,275179,2165,0,101,0,0,0,LEADER,1,0,0,100,0,0,0,0,0,0,0,0,0,0,0
277528,73,bully,2349,1,0,0,100,0,1400,0,1,73,275179,2349,0,101,0,0,0,LEADER,1,0,0,100,0,0,0,0,0,0,0,0,0,0,0
277074,61,bully,1895,1,0,0,100,0,1400,0,1,61,275179,1895,0,101,0,0,0,LEADER,1,0,0,100,0,0,0,0,0,0,0,0,0,0,0
277822,97,bully,1722,1,0,0,101,0,1414,0,1,97,276100,1722,0,102,0,0,0,LEADER,1,0,0,101,0,0,0,0,0,0,0,0,0,0,0
277852,33,bully,1752,1,0,0,101,0,1414,0,1,33,276100,1752,0,102,0,0,0,LEADER,1,0,0,101,0,0,0,0,0,0,0,0,0,0,0
277510,31,bully,2331,1,0,0,100,0,1400,0,1,31,275179,2331,0,101,0,0,0,LEADER,1,0,0,100,0,0,0,0,0,0,0,0,0,0,0
278022,40,bully,1922,1,0,0,101,0,1414,0,1,40,276100,1922,0,102,0,0,0,LEADER,1,0,0,101,0,0,0,0,0,0,0,0,0,0,0
278012,29,bully,1910,1,0,0,101,0,1414,0,1,29,276102,1910,0,102,0,0,0,LEADER,1,0,0,101,0,0,0,0,0,0,0,0,0,0,0
277838,96,bully,1744,1,0,0,101,0,1414,0,1,96,276094,1744,0,102,0,0,0,LEADER,1,0,0,101,0,0,0,0,0,0,0,0,0,0,0
277925,84,bully,1825,1,0,0,101,0,1414,0,1,84,276100,1825,0,102,0,0,0,LEADER,1,0,0,101,0,0,0,0,0,0,0,0,0,0,0
277621,80,bully,1519,1,0,0,101,0,1414,0,1,80,276102,1519,0,102,0,0,0,LEADER,1,0,0,101,0,0,0,0,0,0,0,0,0,0,0
277462,53,bully,2283,1,0,0,100,0,1400,0,1,53,275179,2283,0,101,0,0,0,LEADER,1,0,0,100,0,0,0,0,0,0,0,0,0,0,0
277539,92,bully,1438,1,0,0,101,0,1414,0,1,92,276101,1438,0,102,0,0,0,LEADER,1,0,0,101,0,0,0,0,0,0,0,0,0,0,0
277707,91,bully,1619,1,0,0,101,0,1414,0,1,91,276088,1619,0,102,0,0,0,LEADER,1,0,0,101,0,0,0,0,0,0,0,0,0,0,0
277974,62,bully,1874,1,0,0,101,0,1414,0,1,62,276100,1874,0,102,0,0,0,LEADER,1,0,0,101,0,0,0,0,0,0,0,0,0,0,0
277671,15,bully,1571,1,0,0,101,0,1414,0,1,15,276100,1571,0,102,0,0,0,LEADER,1,0,0,101,0,0,0,0,0,0,0,0,0,0,0
277340,26,bully,2161,1,0,0,100,0,1400,0,1,26,275179,2161,0,101,0,0,0,LEADER,1,0,0,100,0,0,0,0,0,0,0,0,0,0,0
278077,49,bully,1977,1,0,0,101,0,1414,0,1,49,276100,1977,0,102,0,0,0,LEADER,1,0,0,101,0,0,0,0,0,0,0,0,0,0,0
277892,58,bully,1792,1,0,0,101,0,1414,0,1,58,276100,1792,0,102,0,0,0,LEADER,1,0,0,101,0,0,0,0,0,0,0,0,0,0,0
277425,86,bully,2246,1,0,0,100,0,1400,0,1,86,275179,2246,0,101,0,0,0,LEADER,1,0,0,100,0,0,0,0,0,0,0,0,0,0,0
277598,50,bully,2419,1,0,0,100,0,1400,0,1,50,275179,2419,0,101,0,0,0,LEADER,1,0,0,100,0,0,0,0,0,0,0,0,0,0,0
277448,85,bully,2268,1,0,0,100,0,1400,0,1,85,275180,2268,0,101,0,0,0,LEADER,1,0,0,100,0,0,0,0,0,0,0,0,0,0,0
277386,87,bully,2212,1,0,0,100,0,1400,0,1,87,275174,2212,0,101,0,0,0,LEADER,1,0,0,100,0,0,0,0,0,0,0,0,0,0,0
277595,64,bully,2416,1,0,0,100,0,1400,0,1,64,275179,2416,0,101,0,0,0,LEADER,1,0,0,100,0,0,0,0,0,0,0,0,0,0,0
277444,11,bully,2264,1,0,0,100,0,1400,0,1,11,275180,2264,0,101,0,0,0,LEADER,1,0,0,100,0,0,0,0,0,0,0,0,0,0,0
277534,18,bully,1434,1,0,0,101,0,1414,0,1,18,276100,1434,0,102,0,0,0,LEADER,1,0,0,101,0,0,0,0,0,0,0,0,0,0,0
277653,90,bully,1553,1,0,0,101,0,1414,0,1,90,276100,1553,0,102,0,0,0,LEADER,1,0,0,101,0,0,0,0,0,0,0,0,0,0,0
277547,35,bully,1447,1,0,0,101,0,1414,0,1,35,276100,1447,0,102,0,0,0,LEADER,1,0,0,101,0,0,0,0,0,0,0,0,0,0,0
277428,43,bully,2249,1,0,0,100,0,1400,0,1,43,275179,2249,0,101,0,0,0,LEADER,1,0,0,100,0,0,0,0,0,0,0,0,0,0,0
277567,28,bully,1467,1,0,0,101,0,1414,0,1,28,276100,1467,0,102,0,0,0,LEADER,1,0,0,101,0,0,0,0,0,0,0,0,0,0,0
277404,44,bully,2228,1,0,0,100,0,1400,0,1,44,275176,2228,0,101,0,0,0,LEADER,1,0,0,100,0,0,0,0,0,0,0,0,0,0,0
278241,23,bully,2141,1,0,0,101,0,1414,0,1,23,276100,2141,0,102,0,0,0,LEADER,1,0,0,101,0,0,0,0,0,0,0,0,0,0,0
277561,30,bully,1461,1,0,0,101,0,1414,0,1,30,276100,1461,0,102,0,0,0,LEADER,1,0,0,101,0,0,0,0,0,0,0,0,0,0,0
277961,94,bully,1859,1,0,0,101,0,1414,0,1,94,276102,1859,0,102,0,0,0,LEADER,1,0,0,101,0,0,0,0,0,0,0,0,0,0,0
277601,38,bully,1501,1,0,0,101,0,1414,0,1,38,276100,1501,0,102,0,0,0,LEADER,1,0,0,101,0,0,0,0,0,0,0,0,0,0,0
278280,66,bully,2180,1,0,0,101,0,1414,0,1,66,276100,2180,0,102,0,0,0,LEADER,1,0,0,101,0,0,0,0,0,0,0,0,0,0,0
277586,70,bully,1486,1,0,0,101,0,1414,0,1,70,276100,1486,0,102,0,0,0,LEADER,1,0,0,101,0,0,0,0,0,0,0,0,0,0,0
278231,88,bully,2131,1,0,0,101,0,1414,0,1,88,276100,2131,0,102,0,0,0,LEADER,1,0,0,101,0,0,0,0,0,0,0,0,0,0,0
277414,75,bully,2235,1,0,0,100,0,1400,0,1,75,275179,2235,0,101,0,0,0,LEADER,1,0,0,100,0,0,0,0,0,0,0,0,0,0,0
277424,12,bully,2243,1,0,0,100,0,1400,0,1,12,275181,2243,0,101,0,0,0,LEADER,1,0,0,100,0,0,0,0,0,0,0,0,0,0,0
278125,27,bully,2025,1,0,0,101,0,1414,0,1,27,276100,2025,0,102,0,0,0,LEADER,1,0,0,101,0,0,0,0,0,0,0,0,0,0,0
277614,42,bully,1514,1,0,0,101,0,1414,0,1,42,276100,1514,0,102,0,0,0,LEADER,1,0,0,101,0,0,0,0,0,0,0,0,0,0,0
278261,24,bully,2161,1,0,0,101,0,1414,0,1,24,276100,2161,0,102,0,0,0,LEADER,1,0,0,101,0,0,0,0,0,0,0,0,0,0,0
278213,46,bully,2113,1,0,0,101,0,1414,0,1,46,276100,2113,0,102,0,0,0,LEADER,1,0,0,101,0,0,0,0,0,0,0,0,0,0,0
278110,59,bully,2010,1,0,0,101,0,1414,0,1,59,276100,2010,0,102,0,0,0,LEADER,1,0,0,101,0,0,0,0,0,0,0,0,0,0,0
277738,34,bully,1637,1,0,0,101,0,1414,0,1,34,276101,1637,0,102,0,0,0,LEADER,1,0,0,101,0,0,0,0,0,0,0,0,0,0,0
278392,32,bully,2292,1,0,0,101,0,1414,0,1,32,276100,2292,0,102,0,0,0,LEADER,1,0,0,101,0,0,0,0,0,0,0,0,0,0,0
278008,72,bully,1907,1,0,0,101,0,1414,0,1,72,276101,1907,0,102,0,0,0,LEADER,1,0,0,101,0,0,0,0,0,0,0,0,0,0,0
278419,63,bully,2316,1,0,0,101,0,1414,0,1,63,276103,2316,0,102,0,0,0,LEADER,1,0,0,101,0,0,0,0,0,0,0,0,0,0,0
277892,74,bully,1792,1,0,0,101,0,1414,0,1,74,276100,1792,0,102,0,0,0,LEADER,1,0,0,101,0,0,0,0,0,0,0,0,0,0,0
277634,48,bully,1534,1,0,0,101,0,1414,0,1,48,276100,1534,0,102,0,0,0,LEADER,1,0,0,101,0,0,0,0,0,0,0,0,0,0,0
278097,57,bully,1995,1,0,0,101,0,1414,0,1,57,276102,1995,0,102,0,0,0,LEADER,1,0,0,101,0,0,0,0,0,0,0,0,0,0,0
278165,68,bully,2065,1,0,0,101,0,1414,0,1,68,276100,2065,0,102,0,0,0,LEADER,1,0,0,101,0,0,0,0,0,0,0,0,0,0,0
277566,45,bully,1466,1,0,0,101,0,1414,0,1,45,276100,1466,0,102,0,0,0,LEADER,1,0,0,101,0,0,0,0,0,0,0,0,0,0,0
277923,93,bully,1823,1,0,0,101,0,1414,0,1,93,276100,1823,0,102,0,0,0,LEADER,1,0,0,101,0,0,0,0,0,0,0,0,0,0,0
278504,82,bully,2404,1,0,0,101,0,1414,0,1,82,276100,2404,0,102,0,0,0,LEADER,1,0,0,101,0,0,0,0,0,0,0,0,0,0,0
278498,51,bully,2398,1,0,0,101,0,1414,0,1,51,276100,2398,0,102,0,0,0,LEADER,1,0,0,101,0,0,0,0,0,0,0,0,0,0,0
278043,39,bully,1943,1,0,0,101,0,1414,0,1,39,276100,1943,0,102,0,0,0,LEADER,1,0,0,101,0,0,0,0,0,0,0,0,0,0,0
277789,78,bully,1689,1,0,0,101,0,1414,0,1,78,276100,1689,0,102,0,0,0,LEADER,1,0,0,101,0,0,0,0,0,0,0,0,0,0,0
278177,79,bully,2077,1,0,0,101,0,1414,0,1,79,276100,2077,0,102,0,0,0,LEADER,1,0,0,101,0,0,0,0,0,0,0,0,0,0,0
277752,14,bully,1652,1,0,0,101,0,1414,0,1,14,276100,1652,0,102,0,0,0,LEADER,1,0,0,101,0,0,0,0,0,0,0,0,0,0,0
278179,36,bully,2080,1,0,0,101,0,1414,0,1,36,276099,2080,0,102,0,0,0,LEADER,1,0,0,101,0,0,0,0,0,0,0,0,0,0,0
278062,81,bully,1962,1,0,0,101,0,1414,0,1,81,276100,1962,0,102,0,0,0,LEADER,1,0,0,101,0,0,0,0,0,0,0,0,0,0,0
277722,67,bully,1622,1,0,0,101,0,1414,0,1,67,276100,1622,0,102,0,0,0,LEADER,1,0,0,101,0,0,0,0,0,0,0,0,0,0,0
278483,83,bully,2383,1,0,0,101,0,1414,0,1,83,276100,2383,0,102,0,0,0,LEADER,1,0,0,101,0,0,0,0,0,0,0,0,0,0,0
278627,99,bully,1607,1,0,0,101,0,1414,0,1,99,277020,1607,0,102,0,0,0,LEADER,1,0,0,101,0,0,0,0,0,0,0,0,0,0,0
277804,55,bully,1704,1,0,0,101,0,1414,0,1,55,276100,1704,0,102,0,0,0,LEADER,1,0,0,101,0,0,0,0,0,0,0,0,0,0,0
278594,89,bully,1574,1,0,0,101,0,1414,0,1,89,277020,1574,0,102,0,0,0,LEADER,1,0,0,101,0,0,0,0,0,0,0,0,0,0,0
277756,77,bully,1656,1,0,0,101,0,1414,0,1,77,276100,1656,0,102,0,0,0,LEADER,1,0,0,101,0,0,0,0,0,0,0,0,0,0,0
278028,71,bully,1928,1,0,0,101,0,1414,0,1,71,276100,1928,0,102,0,0,0,LEADER,1,0,0,101,0,0,0,0,0,0,0,0,0,0,0
278307,76,bully,2213,1,0,0,101,0,1414,0,1,76,276094,2213,0,102,0,0,0,LEADER,1,0,0,101,0,0,0,0,0,0,0,0,0,0,0
277942,52,bully,1840,1,0,0,101,0,1414,0,1,52,276102,1840,0,102,0,0,0,LEADER,1,0,0,101,0,0,0,0,0,0,0,0,0,0,0
277907,10,bully,1807,1,0,0,101,0,1414,0,1,10,276100,1807,0,102,0,0,0,LEADER,1,0,0,101,0,0,0,0,0,0,0,0,0,0,0
277840,22,bully,1740,1,0,0,101,0,1414,0,1,22,276100,1740,0,102,0,0,0,LEADER,1,0,0,101,0,0,0,0,0,0,0,0,0,0,0
277986,21,bully,1889,1,0,0,101,0,1414,0,1,21,276097,1889,0,102,0,0,0,LEADER,1,0,0,101,0,0,0,0,0,0,0,0,0,0,0
278246,56,bully,2146,1,0,0,101,0,1414,0,1,56,276100,2146,0,102,0,0,0,LEADER,1,0,0,101,0,0,0,0,0,0,0,0,0,0,0
277771,60,bully,1671,1,0,0,101,0,1414,0,1,60,276100,1671,0,102,0,0,0,LEADER,1,0,0,101,0,0,0,0,0,0,0,0,0,0,0
278624,25,bully,1604,1,0,0,101,0,1414,0,1,25,277020,1604,0,102,0,0,0,LEADER,1,0,0,101,0,0,0,0,0,0,0,0,0,0,0
277837,65,bully,1737,1,0,0,101,0,1414,0,1,65,276100,1737,0,102,0,0,0,LEADER,1,0,0,101,0,0,0,0,0,0,0,0,0,0,0
278513,19,bully,2413,1,0,0,101,0,1414,0,1,19,276100,2413,0,102,0,0,0,LEADER,1,0,0,101,0,0,0,0,0,0,0,0,0,0,0
278143,69,bully,2043,1,0,0,101,0,1414,0,1,69,276100,2043,0,102,0,0,0,LEADER,1,0,0,101,0,0,0,0,0,0,0,0,0,0,0
278745,54,bully,1725,1,0,0,101,0,1414,0,1,54,277020,1725,0,102,0,0,0,LEADER,1,0,0,101,0,0,0,0,0,0,0,0,0,0,0
278092,17,bully,1992,1,0,0,101,0,1414,0,1,17,276100,1992,0,102,0,0,0,LEADER,1,0,0,101,0,0,0,0,0,0,0,0,0,0,0
278606,100,bully,1586,1,0,0,101,0,1414,0,1,100,277020,1586,0,102,0,0,0,LEADER,1,0,0,101,0,0,0,0,0,0,0,0,0,0,0
278569,16,bully,1549,1,0,0,101,0,1414,0,1,16,277020,1549,0,102,0,0,0,LEADER,1,0,0,101,0,0,0,0,0,0,0,0,0,0,0
278158,37,bully,2058,1,0,0,101,0,1414,0,1,37,276100,2058,0,102,0,0,0,LEADER,1,0,0,101,0,0,0,0,0,0,0,0,0,0,0
278794,13,bully,1774,1,0,0,101,0,1414,0,1,13,277020,1774,0,102,0,0,0,LEADER,1,0,0,101,0,0,0,0,0,0,0,0,0,0,0
277955,20,bully,1855,1,0,0,101,0,1414,0,1,20,276100,1855,0,102,0,0,0,LEADER,1,0,0,101,0,0,0,0,0,0,0,0,0,0,0
278587,41,bully,1567,1,0,0,101,0,1414,0,1,41,277020,1567,0,102,0,0,0,LEADER,1,0,0,101,0,0,0,0,0,0,0,0,0,0,0
278576,47,bully,1556,1,0,0,101,0,1414,0,1,47,277020,1556,0,102,0,0,0,LEADER,1,0,0,101,0,0,0,0,0,0,0,0,0,0,0
278402,95,bully,2301,1,0,0,101,0,1414,0,1,95,276101,2301,0,102,0,0,0,LEADER,1,0,0,101,0,0,0,0,0,0,0,0,0,0,0
278265,98,bully,2165,1,0,0,101,0,1414,0,1,98,276100,2165,0,102,0,0,0,LEADER,1,0,0,101,0,0,0,0,0,0,0,0,0,0,0
278449,73,bully,2349,1,0,0,101,0,1414,0,1,73,276100,2349,0,102,0,0,0,LEADER,1,0,0,101,0,0,0,0,0,0,0,0,0,0,0
278772,33,bully,1752,1,0,0,101,0,1414,0,1,33,277020,1752,0,102,0,0,0,LEADER,1,0,0,101,0,0,0,0,0,0,0,0,0,0,0
277995,61,bully,1895,1,0,0,101,0,1414,0,1,61,276100,1895,0,102,0,0,0,LEADER,1,0,0,101,0,0,0,0,0,0,0,0,0,0,0
278742,97,bully,1722,1,0,0,101,0,1414,0,1,97,277020,1722,0,102,0,0,0,LEADER,1,0,0,101,0,0,0,0,0,0,0,0,0,0,0
278942,40,bully,1922,1,0,0,101,0,1414,0,1,40,277020,1922,0,102,0,0,0,LEADER,1,0,0,101,0,0,0,0,0,0,0,0,0,0,0
278431,31,bully,2331,1,0,0,101,0,1414,0,1,31,276100,2331,0,102,0,0,0,LEADER,1,0,0,101,0,0,0,0,0,0,0,0,0,0,0
278932,29,bully,1910,1,0,0,101,0,1414,0,1,29,277022,1910,0,102,0,0,0,LEADER,1,0,0,101,0,0,0,0,0,0,0,0,0,0,0
278758,96,bully,1744,1,0,0,101,0,1414,0,1,96,277014,1744,0,102,0,0,0,LEADER,1,0,0,101,0,0,0,0,0,0,0,0,0,0,0
278845,84,bully,1825,1,0,0,101,0,1414,0,1,84,277020,1825,0,102,0,0,0,LEADER,1,0,0,101,0,0,0,0,0,0,0,0,0,0,0
278541,80,bully,1519,1,0,0,101,0,1414,0,1,80,277022,1519,0,102,0,0,0,LEADER,1,0,0,101,0,0,0,0,0,0,0,0,0,0,0
278383,53,bully,2283,1,0,0,101,0,1414,0,1,53,276100,2283,0,102,0,0,0,LEADER,1,0,0,101,0,0,0,0,0,0,0,0,0,0,0
278459,92,bully,1438,1,0,0,101,0,1414,0,1,92,277021,1438,0,102,0,0,0,LEADER,1,0,0,101,0,0,0,0,0,0,0,0,0,0,0
278627,91,bully,1619,1,0,0,101,0,1414,0,1,91,277008,1619,0,102,0,0,0,LEADER,1,0,0,101,0,0,0,0,0,0,0,0,0,0,0
278894,62,bully,1874,1,0,0,101,0,1414,0,1,62,277020,1874,0,102,0,0,0,LEADER,1,0,0,101,0,0,0,0,0,0,0,0,0,0,0
278591,15,bully,1571,1,0,0,101,0,1414,0,1,15,277020,1571,0,102,0,0,0,LEADER,1,0,0,101,0,0,0,0,0,0,0,0,0,0,0
278261,26,bully,2161,1,0,0,101,0,1414,0,1,26,276100,2161,0,102,0,0,0,LEADER,1,0,0,101,0,0,0,0,0,0,0,0,0,0,0
278997,49,bully,1977,1,0,0,101,0,1414,0,1,49,277020,1977,0,102,0,0,0,LEADER,1,0,0,101,0,0,0,0,0,0,0,0,0,0,0
278812,58,bully,1792,1,0,0,101,0,1414,0,1,58,277020,1792,0,102,0,0,0,LEADER,1,0,0,101,0,0,0,0,0,0,0,0,0,0,0
278346,86,bully,2246,1,0,0,101,0,1414,0,1,86,276100,2246,0,102,0,0,0,LEADER,1,0,0,101,0,0,0,0,0,0,0,0,0,0,0
278519,50,bully,2419,1,0,0,101,0,1414,0,1,50,276100,2419,0,102,0,0,0,LEADER,1,0,0,101,0,0,0,0,0,0,0,0,0,0,0
278369,85,bully,2268,1,0,0,101,0,1414,0,1,85,276101,2268,0,102,0,0,0,LEADER,1,0,0,101,0,0,0,0,0,0,0,0,0,0,0
278307,87,bully,2212,1,0,0,101,0,1414,0,1,87,276095,2212,0,102,0,0,0,LEADER,1,0,0,101,0,0,0,0,0,0,0,0,0,0,0
278516,64,bully,2416,1,0,0,101,0,1414,0,1,64,276100,2416,0,102,0,0,0,LEADER,1,0,0,101,0,0,0,0,0,0,0,0,0,0,0
278454,18,bully,1434,1,0,0,101,0,1414,0,1,18,277020,1434,0,102,0,0,0,LEADER,1,0,0,101,0,0,0,0,0,0,0,0,0,0,0
278365,11,bully,2264,1,0,0,101,0,1414,0,1,11,276101,2264,0,102,0,0,0,LEADER,1,0,0,101,0,0,0,0,0,0,0,0,0,0,0
278573,90,bully,1553,1,0,0,101,0,1414,0,1,90,277020,1553,0,102,0,0,0,LEADER,1,0,0,101,0,0,0,0,0,0,0,0,0,0,0
278467,35,bully,1447,1,0,0,101,0,1414,0,1,35,277020,1447,0,102,0,0,0,LEADER,1,0,0,101,0,0,0,0,0,0,0,0,0,0,0
278349,43,bully,2249,1,0,0,101,0,1414,0,1,43,276100,2249,0,102,0,0,0,LEADER,1,0,0,101,0,0,0,0,0,0,0,0,0,0,0
278487,28,bully,1467,1,0,0,101,0,1414,0,1,28,277020,1467,0,102,0,0,0,LEADER,1,0,0,101,0,0,0,0,0,0,0,0,0,0,0
278325,44,bully,2228,1,0,0,101,0,1414,0,1,44,276097,2228,0,102,0,0,0,LEADER,1,0,0,101,0,0,0,0,0,0,0,0,0,0,0
279161,23,bully,2141,1,0,0,101,0,1414,0,1,23,277020,2141,0,102,0,0,0,LEADER,1,0,0,101,0,0,0,0,0,0,0,0,0,0,0
278481,30,bully,1461,1,0,0,101,0,1414,0,1,30,277020,1461,0,102,0,0,0,LEADER,1,0,0,101,0,0,0,0,0,0,0,0,0,0,0
278881,94,bully,1859,1,0,0,101,0,1414,0,1,94,277022,1859,0,102,0,0,0,LEADER,1,0,0,101,0,0,0,0,0,0,0,0,0,0,0
278521,38,bully,1501,1,0,0,101,0,1414,0,1,38,277020,1501,0,102,0,0,0,LEADER,1,0,0,101,0,0,0,0,0,0,0,0,0,0,0
279200,66,bully,2180,1,0,0,101,0,1414,0,1,66,277020,2180,0,102,0,0,0,LEADER,1,0,0,101,0,0,0,0,0,0,0,0,0,0,0
278506,70,bully,1486,1,0,0,101,0,1414,0,1,70,277020,1486,0,102,0,0,0,LEADER,1,0,0,101,0,0,0,0,0,0,0,0,0,0,0
279151,88,bully,2131,1,0,0,101,0,1414,0,1,88,277020,2131,0,102,0,0,0,LEADER,1,0,0,101,0,0,0,0,0,0,0,0,0,0,0
278335,75,bully,2235,1,0,0,101,0,1414,0,1,75,276100,2235,0,102,0,0,0,LEADER,1,0,0,101,0,0,0,0,0,0,0,0,0,0,0
278345,12,bully,2243,1,0,0,101,0,1414,0,1,12,276102,2243,0,102,0,0,0,LEADER,1,0,0,101,0,0,0,0,0,0,0,0,0,0,0
279045,27,bully,2025,1,0,0,101,0,1414,0,1,27,277020,2025,0,102,0,0,0,LEADER,1,0,0,101,0,0,0,0,0,0,0,0,0,0,0
278534,42,bully,1514,1,0,0,101,0,1414,0,1,42,277020,1514,0,102,0,0,0,LEADER,1,0,0,101,0,0,0,0,0,0,0,0,0,0,0
279181,24,bully,2161,1,0,0,101,0,1414,0,1,24,277020,2161,0,102,0,0,0,LEADER,1,0,0,101,0,0,0,0,0,0,0,0,0,0,0
279133,46,bully,2113,1,0,0,101,0,1414,0,1,46,277020,2113,0,102,0,0,0,LEADER,1,0,0,101,0,0,0,0,0,0,0,0,0,0,0
279030,59,bully,2010,1,0,0,101,0,1414,0,1,59,277020,2010,0,102,0,0,0,LEADER,1,0,0,101,0,0,0,0,0,0,0,0,0,0,0
278658,34,bully,1637,1,0,0,101,0,1414,0,1,34,277021,1637,0,102,0,0,0,LEADER,1,0,0,101,0,0,0,0,0,0,0,0,0,0,0
279312,32,bully,2292,1,0,0,101,0,1414,0,1,32,277020,2292,0,102,0,0,0,LEADER,1,0,0,101,0,0,0,0,0,0,0,0,0,0,0
278928,72,bully,1907,1,0,0,101,0,1414,0,1,72,277021,1907,0,102,0,0,0,LEADER,1,0,0,101,0,0,0,0,0,0,0,0,0,0,0
279339,63,bully,2316,1,0,0,101,0,1414,0,1,63,277023,2316,0,102,0,0,0,LEADER,1,0,0,101,0,0,0,0,0,0,0,0,0,0,0
278812,74,bully,1792,1,0,0,101,0,1414,0,1,74,277020,1792,0,102,0,0,0,LEADER,1,0,0,101,0,0,0,0,0,0,0,0,0,0,0
278554,48,bully,1534,1,0,0,101,0,1414,0,1,48,277020,1534,0,102,0,0,0,LEADER,1,0,0,101,0,0,0,0,0,0,0,0,0,0,0
279017,57,bully,1995,1,0,0,101,0,1414,0,1,57,277022,1995,0,102,0,0,0,LEADER,1,0,0,101,0,0,0,0,0,0,0,0,0,0,0
279085,68,bully,2065,1,0,0,101,0,1414,0,1,68,277020,2065,0,102,0,0,0,LEADER,1,0,0,101,0,0,0,0,0,0,0,0,0,0,0
278486,45,bully,1466,1,0,0,101,0,1414,0,1,45,277020,1466,0,102,0,0,0,LEADER,1,0,0,101,0,0,0,0,0,0,0,0,0,0,0
278843,93,bully,1823,1,0,0,101,0,1414,0,1,93,277020,1823,0,102,0,0,0,LEADER,1,0,0,101,0,0,0,0,0,0,0,0,0,0,0
279424,82,bully,2404,1,0,0,101,0,1414,0,1,82,277020,2404,0,102,0,0,0,LEADER,1,0,0,101,0,0,0,0,0,0,0,0,0,0,0
279418,51,bully,2398,1,0,0,101,0,1414,0,1,51,277020,2398,0,102,0,0,0,LEADER,1,0,0,101,0,0,0,0,0,0,0,0,0,0,0
278963,39,bully,1943,1,0,0,101,0,1414,0,1,39,277020,1943,0,102,0,0,0,LEADER,1,0,0,101,0,0,0,0,0,0,0,0,0,0,0
278709,78,bully,1689,1,0,0,101,0,1414,0,1,78,277020,1689,0,102,0,0,0,LEADER,1,0,0,101,0,0,0,0,0,0,0,0,0,0,0
279097,79,bully,2077,1,0,0,101,0,1414,0,1,79,277020,2077,0,102,0,0,0,LEADER,1,0,0,101,0,0,0,0,0,0,0,0,0,0,0
278672,14,bully,1652,1,0,0,101,0,1414,0,1,14,277020,1652,0,102,0,0,0,LEADER,1,0,0,101,0,0,0,0,0,0,0,0,0,0,0
279099,36,bully,2080,1,0,0,101,0,1414,0,1,36,277019,2080,0,102,0,0,0,LEADER,1,0,0,101,0,0,0,0,0,0,0,0,0,0,0
278982,81,bully,1962,1,0,0,101,0,1414,0,1,81,277020,1962,0,102,0,0,0,LEADER,1,0,0,101,0,0,0,0,0,0,0,0,0,0,0
278642,67,bully,1622,1,0,0,101,0,1414,0,1,67,277020,1622,0,102,0,0,0,LEADER,1,0,0,101,0,0,0,0,0,0,0,0,0,0,0
279403,83,bully,2383,1,0,0,101,0,1414,0,1,83,277020,2383,0,102,0,0,0,LEADER,1,0,0,101,0,0,0,0,0,0,0,0,0,0,0
279547,99,bully,1607,1,0,0,101,0,1414,0,1,99,277940,1607,0,102,0,0,0,LEADER,1,0,0,101,0,0,0,0,0,0,0,0,0,0,0
278724,55,bully,1704,1,0,0,101,0,1414,0,1,55,277020,1704,0,102,0,0,0,LEADER,1,0,0,101,0,0,0,0,0,0,0,0,0,0,0
279514,89,bully,1574,1,0,0,101,0,1414,0,1,89,277940,1574,0,102,0,0,0,LEADER,1,0,0,101,0,0,0,0,0,0,0,0,0,0,0
278676,77,bully,1656,1,0,0,101,0,1414,0,1,77,277020,1656,0,102,0,0,0,LEADER,1,0,0,101,0,0,0,0,0,0,0,0,0,0,0
278948,71,bully,1928,1,0,0,101,0,1414,0,1,71,277020,1928,0,102,0,0,0,LEADER,1,0,0,101,0,0,0,0,0,0,0,0,0,0,0
279227,76,bully,2213,1,0,0,101,0,1414,0,1,76,277014,2213,0,102,0,0,0,LEADER,1,0,0,101,0,0,0,0,0,0,0,0,0,0,0
278862,52,bully,1840,1,0,0,101,0,1414,0,1,52,277022,1840,0,102,0,0,0,LEADER,1,0,0,101,0,0,0,0,0,0,0,0,0,0,0
278827,10,bully,1807,1,0,0,101,0,1414,0,1,10,277020,1807,0,102,0,0,0,LEADER,1,0,0,101,0,0,0,0,0,0,0,0,0,0,0
278760,22,bully,1740,1,0,0,101,0,1414,0,1,22,277020,1740,0,102,0,0,0,LEADER,1,0,0,101,0,0,0,0,0,0,0,0,0,0,0
278906,21,bully,1889,1,0,0,101,0,1414,0,1,21,277017,1889,0,102,0,0,0,LEADER,1,0,0,101,0,0,0,0,0,0,0,0,0,0,0
279166,56,bully,2146,1,0,0,101,0,1414,0,1,56,277020,2146,0,102,0,0,0,LEADER,1,0,0,101,0,0,0,0,0,0,0,0,0,0,0
278691,60,bully,1671,1,0,0,101,0,1414,0,1,60,277020,1671,0,102,0,0,0,LEADER,1,0,0,101,0,0,0,0,0,0,0,0,0,0,0
279544,25,bully,1604,1,0,0,101,0,1414,0,1,25,277940,1604,0,102,0,0,0,LEADER,1,0,0,101,0,0,0,0,0,0,0,0,0,0,0
278757,65,bully,1737,1,0,0,101,0,1414,0,1,65,277020,1737,0,102,0,0,0,LEADER,1,0,0,101,0,0,0,0,0,0,0,0,0,0,0
279433,19,bully,2413,1,0,0,101,0,1414,0,1,19,277020,2413,0,102,0,0,0,LEADER,1,0,0,101,0,0,0,0,0,0,0,0,0,0,0
279063,69,bully,2043,1,0,0,101,0,1414,0,1,69,277020,2043,0,102,0,0,0,LEADER,1,0,0,101,0,0,0,0,0,0,0,0,0,0,0
279665,54,bully,1725,1,0,0,101,0,1414,0,1,54,277940,1725,0,102,0,0,0,LEADER,1,0,0,101,0,0,0,0,0,0,0,0,0,0,0
279012,17,bully,1992,1,0,0,101,0,1414,0,1,17,277020,1992,0,102,0,0,0,LEADER,1,0,0,101,0,0,0,0,0,0,0,0,0,0,0
279526,100,bully,1586,1,0,0,101,0,1414,0,1,100,277940,1586,0,102,0,0,0,LEADER,1,0,0,101,0,0,0,0,0,0,0,0,0,0,0
279489,16,bully,1549,1,0,0,101,0,1414,0,1,16,277940,1549,0,102,0,0,0,LEADER,1,0,0,101,0,0,0,0,0,0,0,0,0,0,0
279078,37,bully,2058,1,0,0,101,0,1414,0,1,37,277020,2058,0,102,0,0,0,LEADER,1,0,0,101,0,0,0,0,0,0,0,0,0,0,0
279714,13,bully,1774,1,0,0,101,0,1414,0,1,13,277940,1774,0,102,0,0,0,LEADER,1,0,0,101,0,0,0,0,0,0,0,0,0,0,0
278875,20,bully,1855,1,0,0,101,0,1414,0,1,20,277020,1855,0,102,0,0,0,LEADER,1,0,0,101,0,0,0,0,0,0,0,0,0,0,0
279507,41,bully,1567,1,0,0,101,0,1414,0,1,41,277940,1567,0,102,0,0,0,LEADER,1,0,0,101,0,0,0,0,0,0,0,0,0,0,0
279496,47,bully,1556,1,0,0,101,0,1414,0,1,47,277940,1556,0,102,0,0,0,LEADER,1,0,0,101,0,0,0,0,0,0,0,0,0,0,0
279322,95,bully,2301,1,0,0,101,0,1414,0,1,95,277021,2301,0,102,0,0,0,LEADER,1,0,0,101,0,0,0,0,0,0,0,0,0,0,0
279185,98,bully,2165,1,0,0,101,0,1414,0,1,98,277020,2165,0,102,0,0,0,LEADER,1,0,0,101,0,0,0,0,0,0,0,0,0,0,0
279369,73,bully,2349,1,0,0,101,0,1414,0,1,73,277020,2349,0,102,0,0,0,LEADER,1,0,0,101,0,0,0,0,0,0,0,0,0,0,0
279692,33,bully,1752,1,0,0,101,0,1414,0,1,33,277940,1752,0,102,0,0,0,LEADER,1,0,0,101,0,0,0,0,0,0,0,0,0,0,0
278915,61,bully,1895,1,0,0,101,0,1414,0,1,61,277020,1895,0,102,0,0,0,LEADER,1,0,0,101,0,0,0,0,0,0,0,0,0,0,0
279662,97,bully,1722,1,0,0,101,0,1414,0,1,97,277940,1722,0,102,0,0,0,LEADER,1,0,0,101,0,0,0,0,0,0,0,0,0,0,0
279862,40,bully,1922,1,0,0,101,0,1414,0,1,40,277940,1922,0,102,0,0,0,LEADER,1,0,0,101,0,0,0,0,0,0,0,0,0,0,0
279351,31,bully,2331,1,0,0,101,0,1414,0,1,31,277020,2331,0,102,0,0,0,LEADER,1,0,0,101,0,0,0,0,0,0,0,0,0,0,0
279852,29,bully,1910,1,0,0,101,0,1414,0,1,29,277942,1910,0,102,0,0,0,LEADER,1,0,0,101,0,0,0,0,0,0,0,0,0,0,0
279678,96,bully,1744,1,0,0,101,0,1414,0,1,96,277934,1744,0,102,0,0,0,LEADER,1,0,0,101,0,0,0,0,0,0,0,0,0,0,0
279765,84,bully,1825,1,0,0,101,0,1414,0,1,84,277940,1825,0,102,0,0,0,LEADER,1,0,0,101,0,0,0,0,0,0,0,0,0,0,0
279461,80,bully,1519,1,0,0,101,0,1414,0,1,80,277942,1519,0,102,0,0,0,LEADER,1,0,0,101,0,0,0,0,0,0,0,0,0,0,0
279303,53,bully,2283,1,0,0,101,0,1414,0,1,53,277020,2283,0,102,0,0,0,LEADER,1,0,0,101,0,0,0,0,0,0,0,0,0,0,0
279379,92,bully,1438,1,0,0,101,0,1414,0,1,92,277941,1438,0,102,0,0,0,LEADER,1,0,0,101,0,0,0,0,0,0,0,0,0,0,0
279547,91,bully,1619,1,0,0,101,0,1414,0,1,91,277928,1619,0,102,0,0,0,LEADER,1,0,0,101,0,0,0,0,0,0,0,0,0,0,0
279814,62,bully,1874,1,0,0,101,0,1414,0,1,62,277940,1874,0,102,0,0,0,LEADER,1,0,0,101,0,0,0,0,0,0,0,0,0,0,0
279511,15,bully,1571,1,0,0,101,0,1414,0,1,15,277940,1571,0,102,0,0,0,LEADER,1,0,0,101,0,0,0,0,0,0,0,0,0,0,0
279181,26,bully,2161,1,0,0,101,0,1414,0,1,26,277020,2161,0,102,0,0,0,LEADER,1,0,0,101,0,0,0,0,0,0,0,0,0,0,0
279917,49,bully,1977,1,0,0,101,0,1414,0,1,49,277940,1977,0,102,0,0,0,LEADER,1,0,0,101,0,0,0,0,0,0,0,0,0,0,0
279732,58,bully,1792,1,0,0,101,0,1414,0,1,58,277940,1792,0,102,0,0,0,LEADER,1,0,0,101,0,0,0,0,0,0,0,0,0,0,0
279266,86,bully,2246,1,0,0,101,0,1414,0,1,86,277020,2246,0,102,0,0,0,LEADER,1,0,0,101,0,0,0,0,0,0,0,0,0,0,0
279439,50,bully,2419,1,0,0,101,0,1414,0,1,50,277020,2419,0,102,0,0,0,LEADER,1,0,0,101,0,0,0,0,0,0,0,0,0,0,0
279289,85,bully,2268,1,0,0,101,0,1414,0,1,85,277021,2268,0,102,0,0,0,LEADER,1,0,0,101,0,0,0,0,0,0,0,0,0,0,0
279227,87,bully,2212,1,0,0,101,0,1414,0,1,87,277015,2212,0,102,0,0,0,LEADER,1,0,0,101,0,0,0,0,0,0,0,0,0,0,0
279436,64,bully,2416,1,0,0,101,0,1414,0,1,64,277020,2416,0,102,0,0,0,LEADER,1,0,0,101,0,0,0,0,0,0,0,0,0,0,0
279374,18,bully,1434,1,0,0,101,0,1414,0,1,18,277940,1434,0,102,0,0,0,LEADER,1,0,0,101,0,0,0,0,0,0,0,0,0,0,0
279285,11,bully,2264,1,0,0,101,0,1414,0,1,11,277021,2264,0,102,0,0,0,LEADER,1,0,0,101,0,0,0,0,0,0,0,0,0,0,0
279493,90,bully,1553,1,0,0,101,0,1414,0,1,90,277940,1553,0,102,0,0,0,LEADER,1,0,0,101,0,0,0,0,0,0,0,0,0,0,0
279387,35,bully,1447,1,0,0,101,0,1414,0,1,35,277940,1447,0,102,0,0,0,LEADER,1,0,0,101,0,0,0,0,0,0,0,0,0,0,0
279269,43,bully,2249,1,0,0,101,0,1414,0,1,43,277020,2249,0,102,0,0,0,LEADER,1,0,0,101,0,0,0,0,0,0,0,0,0,0,0
279407,28,bully,1467,1,0,0,101,0,1414,0,1,28,277940,1467,0,102,0,0,0,LEADER,1,0,0,101,0,0,0,0,0,0,0,0,0,0,0
279245,44,bully,2228,1,0,0,101,0,1414,0,1,44,277017,2228,0,102,0,0,0,LEADER,1,0,0,101,0,0,0,0,0,0,0,0,0,0,0
280081,23,bully,2141,1,0,0,101,0,1414,0,1,23,277940,2141,0,102,0,0,0,LEADER,1,0,0,101,0,0,0,0,0,0,0,0,0,0,0
279401,30,bully,1461,1,0,0,101,0,1414,0,1,30,277940,1461,0,102,0,0,0,LEADER,1,0,0,101,0,0,0,0,0,0,0,0,0,0,0
279801,94,bully,1859,1,0,0,101,0,1414,0,1,94,277942,1859,0,102,0,0,0,LEADER,1,0,0,101,0,0,0,0,0,0,0,0,0,0,0
279441,38,bully,1501,1,0,0,101,0,1414,0,1,38,277940,1501,0,102,0,0,0,LEADER,1,0,0,101,0,0,0,0,0,0,0,0,0,0,0
280120,66,bully,2180,1,0,0,101,0,1414,0,1,66,277940,2180,0,102,0,0,0,LEADER,1,0,0,101,0,0,0,0,0,0,0,0,0,0,0
279426,70,bully,1486,1,0,0,101,0,1414,0,1,70,277940,1486,0,102,0,0,0,LEADER,1,0,0,101,0,0,0,0,0,0,0,0,0,0,0
280071,88,bully,2131,1,0,0,101,0,1414,0,1,88,277940,2131,0,102,0,0,0,LEADER,1,0,0,101,0,0,0,0,0,0,0,0,0,0,0
279255,75,bully,2235,1,0,0,101,0,1414,0,1,75,277020,2235,0,102,0,0,0,LEADER,1,0,0,101,0,0,0,0,0,0,0,0,0,0,0
279265,12,bully,2243,1,0,0,101,0,1414,0,1,12,277022,2243,0,102,0,0,0,LEADER,1,0,0,101,0,0,0,0,0,0,0,0,0,0,0
279965,27,bully,2025,1,0,0,101,0,1414,0,1,27,277940,2025,0,102,0,0,0,LEADER,1,0,0,101,0,0,0,0,0,0,0,0,0,0,0
279454,42,bully,1514,1,0,0,101,0,1414,0,1,42,277940,1514,0,102,0,0,0,LEADER,1,0,0,101,0,0,0,0,0,0,0,0,0,0,0
280101,24,bully,2161,1,0,0,101,0,1414,0,1,24,277940,2161,0,102,0,0,0,LEADER,1,0,0,101,0,0,0,0,0,0,0,0,0,0,0
280053,46,bully,2113,1,0,0,101,0,1414,0,1,46,277940,2113,0,102,0,0,0,LEADER,1,0,0,101,0,0,0,0,0,0,0,0,0,0,0
279950,59,bully,2010,1,0,0,101,0,1414,0,1,59,277940,2010,0,102,0,0,0,LEADER,1,0,0,101,0,0,0,0,0,0,0,0,0,0,0
280232,32,bully,2292,1,0,0,101,0,1414,0,1,32,277940,2292,0,102,0,0,0,LEADER,1,0,0,101,0,0,0,0,0,0,0,0,0,0,0
279578,34,bully,1637,1,0,0,101,0,1414,0,1,34,277941,1637,0,102,0,0,0,LEADER,1,0,0,101,0,0,0,0,0,0,0,0,0,0,0
279848,72,bully,1907,1,0,0,101,0,1414,0,1,72,277941,1907,0,102,0,0,0,LEADER,1,0,0,101,0,0,0,0,0,0,0,0,0,0,0
280259,63,bully,2316,1,0,0,101,0,1414,0,1,63,277943,2316,0,102,0,0,0,LEADER,1,0,0,101,0,0,0,0,0,0,0,0,0,0,0
279732,74,bully,1792,1,0,0,101,0,1414,0,1,74,277940,1792,0,102,0,0,0,LEADER,1,0,0,101,0,0,0,0,0,0,0,0,0,0,0
279474,48,bully,1534,1,0,0,101,0,1414,0,1,48,277940,1534,0,102,0,0,0,LEADER,1,0,0,101,0,0,0,0,0,0,0,0,0,0,0
279937,57,bully,1995,1,0,0,101,0,1414,0,1,57,277942,1995,0,102,0,0,0,LEADER,1,0,0,101,0,0,0,0,0,0,0,0,0,0,0
280005,68,bully,2065,1,0,0,101,0,1414,0,1,68,277940,2065,0,102,0,0,0,LEADER,1,0,0,101,0,0,0,0,0,0,0,0,0,0,0
279406,45,bully,1466,1,0,0,101,0,1414,0,1,45,277940,1466,0,102,0,0,0,LEADER,1,0,0,101,0,0,0,0,0,0,0,0,0,0,0
279763,93,bully,1823,1,0,0,101,0,1414,0,1,93,277940,1823,0,102,0,0,0,LEADER,1,0,0,101,0,0,0,0,0,0,0,0,0,0,0
280344,82,bully,2404,1,0,0,101,0,1414,0,1,82,277940,2404,0,102,0,0,0,LEADER,1,0,0,101,0,0,0,0,0,0,0,0,0,0,0
280338,51,bully,2398,1,0,0,101,0,1414,0,1,51,277940,2398,0,102,0,0,0,LEADER,1,0,0,101,0,0,0,0,0,0,0,0,0,0,0
279883,39,bully,1943,1,0,0,101,0,1414,0,1,39,277940,1943,0,102,0,0,0,LEADER,1,0,0,101,0,0,0,0,0,0,0,0,0,0,0
279629,78,bully,1689,1,0,0,101,0,1414,0,1,78,277940,1689,0,102,0,0,0,LEADER,1,0,0,101,0,0,0,0,0,0,0,0,0,0,0
280017,79,bully,2077,1,0,0,101,0,1414,0,1,79,277940,2077,0,102,0,0,0,LEADER,1,0,0,101,0,0,0,0,0,0,0,0,0,0,0
279592,14,bully,1652,1,0,0,101,0,1414,0,1,14,277940,1652,0,102,0,0,0,LEADER,1,0,0,101,0,0,0,0,0,0,0,0,0,0,0
280019,36,bully,2080,1,0,0,101,0,1414,0,1,36,277939,2080,0,102,0,0,0,LEADER,1,0,0,101,0,0,0,0,0,0,0,0,0,0,0
279902,81,bully,1962,1,0,0,101,0,1414,0,1,81,277940,1962,0,102,0,0,0,LEADER,1,0,0,101,0,0,0,0,0,0,0,0,0,0,0
279562,67,bully,1622,1,0,0,101,0,1414,0,1,67,277940,1622,0,102,0,0,0,LEADER,1,0,0,101,0,0,0,0,0,0,0,0,0,0,0
280323,83,bully,2383,1,0,0,101,0,1414,0,1,83,277940,2383,0,102,0,0,0,LEADER,1,0,0,101,0,0,0,0,0,0,0,0,0,0,0
280468,99,bully,1607,1,0,0,102,0,1428,0,1,99,278861,1607,0,103,0,0,0,LEADER,1,0,0,102,0,0,0,0,0,0,0,0,0,0,0
279644,55,bully,1704,1,0,0,101,0,1414,0,1,55,277940,1704,0,102,0,0,0,LEADER,1,0,0,101,0,0,0,0,0,0,0,0,0,0,0
280435,89,bully,1574,1,0,0,102,0,1428,0,1,89,278861,1574,0,103,0,0,0,LEADER,1,0,0,102,0,0,0,0,0,0,0,0,0,0,0
279596,77,bully,1656,1,0,0,101,0,1414,0,1,77,277940,1656,0,102,0,0,0,LEADER,1,0,0,101,0,0,0,0,0,0,0,0,0,0,0
279868,71,bully,1928,1,0,0,101,0,1414,0,1,71,277940,1928,0,102,0,0,0,LEADER,1,0,0,101,0,0,0,0,0,0,0,0,0,0,0
280147,76,bully,2213,1,0,0,101,0,1414,0,1,76,277934,2213,0,102,0,0,0,LEADER,1,0,0,101,0,0,0,0,0,0,0,0,0,0,0
279782,52,bully,1840,1,0,0,101,0,1414,0,1,52,277942,1840,0,102,0,0,0,LEADER,1,0,0,101,0,0,0,0,0,0,0,0,0,0,0
279747,10,bully,1807,1,0,0,101,0,1414,0,1,10,277940,1807,0,102,0,0,0,LEADER,1,0,0,101,0,0,0,0,0,0,0,0,0,0,0
279680,22,bully,1740,1,0,0,101,0,1414,0,1,22,277940,1740,0,102,0,0,0,LEADER,1,0,0,101,0,0,0,0,0,0,0,0,0,0,0
279826,21,bully,1889,1,0,0,101,0,1414,0,1,21,277937,1889,0,102,0,0,0,LEADER,1,0,0,101,0,0,0,0,0,0,0,0,0,0,0
280086,56,bully,2146,1,0,0,101,0,1414,0,1,56,277940,2146,0,102,0,0,0,LEADER,1,0,0,101,0,0,0,0,0,0,0,0,0,0,0
279611,60,bully,1671,1,0,0,101,0,1414,0,1,60,277940,1671,0,102,0,0,0,LEADER,1,0,0,101,0,0,0,0,0,0,0,0,0,0,0
280465,25,bully,1604,1,0,0,102,0,1428,0,1,25,278861,1604,0,103,0,0,0,LEADER,1,0,0,102,0,0,0,0,0,0,0,0,0,0,0
279677,65,bully,1737,1,0,0,101,0,1414,0,1,65,277940,1737,0,102,0,0,0,LEADER,1,0,0,101,0,0,0,0,0,0,0,0,0,0,0
280353,19,bully,2413,1,0,0,101,0,1414,0,1,19,277940,2413,0,102,0,0,0,LEADER,1,0,0,101,0,0,0,0,0,0,0,0,0,0,0
279983,69,bully,2043,1,0,0,101,0,1414,0,1,69,277940,2043,0,102,0,0,0,LEADER,1,0,0,101,0,0,0,0,0,0,0,0,0,0,0
280586,54,bully,1725,1,0,0,102,0,1428,0,1,54,278861,1725,0,103,0,0,0,LEADER,1,0,0,102,0,0,0,0,0,0,0,0,0,0,0
279932,17,bully,1992,1,0,0,101,0,1414,0,1,17,277940,1992,0,102,0,0,0,LEADER,1,0,0,101,0,0,0,0,0,0,0,0,0,0,0
280447,100,bully,1586,1,0,0,102,0,1428,0,1,100,278861,1586,0,103,0,0,0,LEADER,1,0,0,102,0,0,0,0,0,0,0,0,0,0,0
280410,16,bully,1549,1,0,0,102,0,1428,0,1,16,278861,1549,0,103,0,0,0,LEADER,1,0,0,102,0,0,0,0,0,0,0,0,0,0,0
279998,37,bully,2058,1,0,0,101,0,1414,0,1,37,277940,2058,0,102,0,0,0,LEADER,1,0,0,101,0,0,0,0,0,0,0,0,0,0,0
280635,13,bully,1774,1,0,0,102,0,1428,0,1,13,278861,1774,0,103,0,0,0,LEADER,1,0,0,102,0,0,0,0,0,0,0,0,0,0,0
279795,20,bully,1855,1,0,0,101,0,1414,0,1,20,277940,1855,0,102,0,0,0,LEADER,1,0,0,101,0,0,0,0,0,0,0,0,0,0,0
280428,41,bully,1567,1,0,0,102,0,1428,0,1,41,278861,1567,0,103,0,0,0,LEADER,1,0,0,102,0,0,0,0,0,0,0,0,0,0,0
280417,47,bully,1556,1,0,0,102,0,1428,0,1,47,278861,1556,0,103,0,0,0,LEADER,1,0,0,102,0,0,0,0,0,0,0,0,0,0,0
280242,95,bully,2301,1,0,0,101,0,1414,0,1,95,277941,2301,0,102,0,0,0,LEADER,1,0,0,101,0,0,0,0,0,0,0,0,0,0,0
280105,98,bully,2165,1,0,0,101,0,1414,0,1,98,277940,2165,0,102,0,0,0,LEADER,1,0,0,101,0,0,0,0,0,0,0,0,0,0,0
280289,73,bully,2349,1,0,0,101,0,1414,0,1,73,277940,2349,0,102,0,0,0,LEADER,1,0,0,101,0,0,0,0,0,0,0,0,0,0,0
279835,61,bully,1895,1,0,0,101,0,1414,0,1,61,277940,1895,0,102,0,0,0,LEADER,1,0,0,101,0,0,0,0,0,0,0,0,0,0,0
280583,97,bully,1722,1,0,0,102,0,1428,0,1,97,278861,1722,0,103,0,0,0,LEADER,1,0,0,102,0,0,0,0,0,0,0,0,0,0,0
280613,33,bully,1752,1,0,0,102,0,1428,0,1,33,278861,1752,0,103,0,0,0,LEADER,1,0,0,102,0,0,0,0,0,0,0,0,0,0,0
280271,31,bully,2331,1,0,0,101,0,1414,0,1,31,277940,2331,0,102,0,0,0,LEADER,1,0,0,101,0,0,0,0,0,0,0,0,0,0,0
280783,40,bully,1922,1,0,0,102,0,1428,0,1,40,278861,1922,0,103,0,0,0,LEADER,1,0,0,102,0,0,0,0,0,0,0,0,0,0,0
280773,29,bully,1910,1,0,0,102,0,1428,0,1,29,278863,1910,0,103,0,0,0,LEADER,1,0,0,102,0,0,0,0,0,0,0,0,0,0,0
280599,96,bully,1744,1,0,0,102,0,1428,0,1,96,278855,1744,0,103,0,0,0,LEADER,1,0,0,102,0,0,0,0,0,0,0,0,0,0,0
280686,84,bully,1825,1,0,0,102,0,1428,0,1,84,278861,1825,0,103,0,0,0,LEADER,1,0,0,102,0,0,0,0,0,0,0,0,0,0,0
280382,80,bully,1519,1,0,0,102,0,1428,0,1,80,278863,1519,0,103,0,0,0,LEADER,1,0,0,102,0,0,0,0,0,0,0,0,0,0,0
280200,7,bully,2253,1,0,0,26,44,364,616,6,4,277947,2253,0,10,0,0,0,NORMAL,0,0,0,26,0,0,0,44,0,0,0,0,0,0,0
280223,53,bully,2283,1,0,0,101,0,1414,0,1,53,277940,2283,0,102,0,0,0,LEADER,1,0,0,101,0,0,0,0,0,0,0,0,0,0,0
280300,92,bully,1438,1,0,0,102,0,1428,0,1,92,278862,1438,0,103,0,0,0,LEADER,1,0,0,102,0,0,0,0,0,0,0,0,0,0,0
280468,91,bully,1619,1,0,0,102,0,1428,0,1,91,278849,1619,0,103,0,0,0,LEADER,1,0,0,102,0,0,0,0,0,0,0,0,0,0,0
280735,62,bully,1874,1,0,0,102,0,1428,0,1,62,278861,1874,0,103,0,0,0,LEADER,1,0,0,102,0,0,0,0,0,0,0,0,0,0,0
280432,15,bully,1571,1,0,0,102,0,1428,0,1,15,278861,1571,0,103,0,0,0,LEADER,1,0,0,102,0,0,0,0,0,0,0,0,0,0,0
280101,26,bully,2161,1,0,0,101,0,1414,0,1,26,277940,2161,0,102,0,0,0,LEADER,1,0,0,101,0,0,0,0,0,0,0,0,0,0,0
280838,49,bully,1977,1,0,0,102,0,1428,0,1,49,278861,1977,0,103,0,0,0,LEADER,1,0,0,102,0,0,0,0,0,0,0,0,0,0,0
280653,58,bully,1792,1,0,0,102,0,1428,0,1,58,278861,1792,0,103,0,0,0,LEADER,1,0,0,102,0,0,0,0,0,0,0,0,0,0,0
280186,86,bully,2246,1,0,0,101,0,1414,0,1,86,277940,2246,0,102,0,0,0,LEADER,1,0,0,101,0,0,0,0,0,0,0,0,0,0,0
280359,50,bully,2419,1,0,0,101,0,1414,0,1,50,277940,2419,0,102,0,0,0,LEADER,1,0,0,101,0,0,0,0,0,0,0,0,0,0,0
280209,85,bully,2268,1,0,0,101,0,1414,0,1,85,277941,2268,0,102,0,0,0,LEADER,1,0,0,101,0,0,0,0,0,0,0,0,0,0,0
280147,87,bully,2212,1,0,0,101,0,1414,0,1,87,277935,2212,0,102,0,0,0,LEADER,1,0,0,101,0,0,0,0,0,0,0,0,0,0,0
280356,64,bully,2416,1,0,0,101,0,1414,0,1,64,277940,2416,0,102,0,0,0,LEADER,1,0,0,101,0,0,0,0,0,0,0,0,0,0,0
280205,11,bully,2264,1,0,0,101,0,1414,0,1,11,277941,2264,0,102,0,0,0,LEADER,1,0,0,101,0,0,0,0,0,0,0,0,0,0,0
280295,18,bully,1434,1,0,0,102,0,1428,0,1,18,278861,1434,0,103,0,0,0,LEADER,1,0,0,102,0,0,0,0,0,0,0,0,0,0,0
280414,90,bully,1553,1,0,0,102,0,1428,0,1,90,278861,1553,0,103,0,0,0,LEADER,1,0,0,102,0,0,0,0,0,0,0,0,0,0,0
280308,35,bully,1447,1,0,0,102,0,1428,0,1,35,278861,1447,0,103,0,0,0,LEADER,1,0,0,102,0,0,0,0,0,0,0,0,0,0,0
280189,43,bully,2249,1,0,0,101,0,1414,0,1,43,277940,2249,0,102,0,0,0,LEADER,1,0,0,101,0,0,0,0,0,0,0,0,0,0,0
280328,28,bully,1467,1,0,0,102,0,1428,0,1,28,278861,1467,0,103,0,0,0,LEADER,1,0,0,102,0,0,0,0,0,0,0,0,0,0,0
280165,44,bully,2228,1,0,0,101,0,1414,0,1,44,277937,2228,0,102,0,0,0,LEADER,1,0,0,101,0,0,0,0,0,0,0,0,0,0,0
281002,23,bully,2141,1,0,0,102,0,1428,0,1,23,278861,2141,0,103,0,0,0,LEADER,1,0,0,102,0,0,0,0,0,0,0,0,0,0,0
280322,30,bully,1461,1,0,0,102,0,1428,0,1,30,278861,1461,0,103,0,0,0,LEADER,1,0,0,102,0,0,0,0,0,0,0,0,0,0,0
280722,94,bully,1859,1,0,0,102,0,1428,0,1,94,278863,1859,0,103,0,0,0,LEADER,1,0,0,102,0,0,0,0,0,0,0,0,0,0,0
280362,38,bully,1501,1,0,0,102,0,1428,0,1,38,278861,1501,0,103,0,0,0,LEADER,1,0,0,102,0,0,0,0,0,0,0,0,0,0,0
281041,66,bully,2180,1,0,0,102,0,1428,0,1,66,278861,2180,0,103,0,0,0,LEADER,1,0,0,102,0,0,0,0,0,0,0,0,0,0,0
280347,70,bully,1486,1,0,0,102,0,1428,0,1,70,278861,1486,0,103,0,0,0,LEADER,1,0,0,102,0,0,0,0,0,0,0,0,0,0,0
280992,88,bully,2131,1,0,0,102,0,1428,0,1,88,278861,2131,0,103,0,0,0,LEADER,1,0,0,102,0,0,0,0,0,0,0,0,0,0,0
280175,75,bully,2235,1,0,0,101,0,1414,0,1,75,277940,2235,0,102,0,0,0,LEADER,1,0,0,101,0,0,0,0,0,0,0,0,0,0,0
280185,12,bully,2243,1,0,0,101,0,1414,0,1,12,277942,2243,0,102,0,0,0,LEADER,1,0,0,101,0,0,0,0,0,0,0,0,0,0,0
280886,27,bully,2025,1,0,0,102,0,1428,0,1,27,278861,2025,0,103,0,0,0,LEADER,1,0,0,102,0,0,0,0,0,0,0,0,0,0,0
280375,42,bully,1514,1,0,0,102,0,1428,0,1,42,278861,1514,0,103,0,0,0,LEADER,1,0,0,102,0,0,0,0,0,0,0,0,0,0,0
281022,24,bully,2161,1,0,0,102,0,1428,0,1,24,278861,2161,0,103,0,0,0,LEADER,1,0,0,102,0,0,0,0,0,0,0,0,0,0,0
280974,46,bully,2113,1,0,0,102,0,1428,0,1,46,278861,2113,0,103,0,0,0,LEADER,1,0,0,102,0,0,0,0,0,0,0,0,0,0,0
280871,59,bully,2010,1,0,0,102,0,1428,0,1,59,278861,2010,0,103,0,0,0,LEADER,1,0,0,102,0,0,0,0,0,0,0,0,0,0,0
280499,34,bully,1637,1,0,0,102,0,1428,0,1,34,278862,1637,0,103,0,0,0,LEADER,1,0,0,102,0,0,0,0,0,0,0,0,0,0,0
281153,32,bully,2292,1,0,0,102,0,1428,0,1,32,278861,2292,0,103,0,0,0,LEADER,1,0,0,102,0,0,0,0,0,0,0,0,0,0,0
280769,72,bully,1907,1,0,0,102,0,1428,0,1,72,278862,1907,0,103,0,0,0,LEADER,1,0,0,102,0,0,0,0,0,0,0,0,0,0,0
281180,63,bully,2316,1,0,0,102,0,1428,0,1,63,278864,2316,0,103,0,0,0,LEADER,1,0,0,102,0,0,0,0,0,0,0,0,0,0,0
280653,74,bully,1792,1,0,0,102,0,1428,0,1,74,278861,1792,0,103,0,0,0,LEADER,1,0,0,102,0,0,0,0,0,0,0,0,0,0,0
280395,48,bully,1534,1,0,0,102,0,1428,0,1,48,278861,1534,0,103,0,0,0,LEADER,1,0,0,102,0,0,0,0,0,0,0,0,0,0,0
280858,57,bully,1995,1,0,0,102,0,1428,0,1,57,278863,1995,0,103,0,0,0,LEADER,1,0,0,102,0,0,0,0,0,0,0,0,0,0,0
280926,68,bully,2065,1,0,0,102,0,1428,0,1,68,278861,2065,0,103,0,0,0,LEADER,1,0,0,102,0,0,0,0,0,0,0,0,0,0,0
280327,45,bully,1466,1,0,0,102,0,1428,0,1,45,278861,1466,0,103,0,0,0,LEADER,1,0,0,102,0,0,0,0,0,0,0,0,0,0,0
280684,93,bully,1823,1,0,0,102,0,1428,0,1,93,278861,1823,0,103,0,0,0,LEADER,1,0,0,102,0,0,0,0,0,0,0,0,0,0,0
281265,82,bully,2404,1,0,0,102,0,1428,0,1,82,278861,2404,0,103,0,0,0,LEADER,1,0,0,102,0,0,0,0,0,0,0,0,0,0,0
281259,51,bully,2398,1,0,0,102,0,1428,0,1,51,278861,2398,0,103,0,0,0,LEADER,1,0,0,102,0,0,0,0,0,0,0,0,0,0,0
280804,39,bully,1943,1,0,0,102,0,1428,0,1,39,278861,1943,0,103,0,0,0,LEADER,1,0,0,102,0,0,0,0,0,0,0,0,0,0,0
280550,78,bully,1689,1,0,0,102,0,1428,0,1,78,278861,1689,0,103,0,0,0,LEADER,1,0,0,102,0,0,0,0,0,0,0,0,0,0,0
280938,79,bully,2077,1,0,0,102,0,1428,0,1,79,278861,2077,0,103,0,0,0,LEADER,1,0,0,102,0,0,0,0,0,0,0,0,0,0,0
280513,14,bully,1652,1,0,0,102,0,1428,0,1,14,278861,1652,0,103,0,0,0,LEADER,1,0,0,102,0,0,0,0,0,0,0,0,0,0,0
280940,36,bully,2080,1,0,0,102,0,1428,0,1,36,278860,2080,0,103,0,0,0,LEADER,1,0,0,102,0,0,0,0,0,0,0,0,0,0,0
280823,81,bully,1962,1,0,0,102,0,1428,0,1,81,278861,1962,0,103,0,0,0,LEADER,1,0,0,102,0,0,0,0,0,0,0,0,0,0,0
280483,67,bully,1622,1,0,0,102,0,1428,0,1,67,278861,1622,0,103,0,0,0,LEADER,1,0,0,102,0,0,0,0,0,0,0,0,0,0,0
281244,83,bully,2383,1,0,0,102,0,1428,0,1,83,278861,2383,0,103,0,0,0,LEADER,1,0,0,102,0,0,0,0,0,0,0,0,0,0,0
281388,99,bully,1607,1,0,0,102,0,1428,0,1,99,279781,1607,0,103,0,0,0,LEADER,1,0,0,102,0,0,0,0,0,0,0,0,0,0,0
280565,55,bully,1704,1,0,0,102,0,1428,0,1,55,278861,1704,0,103,0,0,0,LEADER,1,0,0,102,0,0,0,0,0,0,0,0,0,0,0
281355,89,bully,1574,1,0,0,102,0,1428,0,1,89,279781,1574,0,103,0,0,0,LEADER,1,0,0,102,0,0,0,0,0,0,0,0,0,0,0
280517,77,bully,1656,1,0,0,102,0,1428,0,1,77,278861,1656,0,103,0,0,0,LEADER,1,0,0,102,0,0,0,0,0,0,0,0,0,0,0
280789,71,bully,1928,1,0,0,102,0,1428,0,1,71,278861,1928,0,103,0,0,0,LEADER,1,0,0,102,0,0,0,0,0,0,0,0,0,0,0
281068,76,bully,2213,1,0,0,102,0,1428,0,1,76,278855,2213,0,103,0,0,0,LEADER,1,0,0,102,0,0,0,0,0,0,0,0,0,0,0
280703,52,bully,1840,1,0,0,102,0,1428,0,1,52,278863,1840,0,103,0,0,0,LEADER,1,0,0,102,0,0,0,0,0,0,0,0,0,0,0
280668,10,bully,1807,1,0,0,102,0,1428,0,1,10,278861,1807,0,103,0,0,0,LEADER,1,0,0,102,0,0,0,0,0,0,0,0,0,0,0
280601,22,bully,1740,1,0,0,102,0,1428,0,1,22,278861,1740,0,103,0,0,0,LEADER,1,0,0,102,0,0,0,0,0,0,0,0,0,0,0
280747,21,bully,1889,1,0,0,102,0,1428,0,1,21,278858,1889,0,103,0,0,0,LEADER,1,0,0,102,0,0,0,0,0,0,0,0,0,0,0
281007,56,bully,2146,1,0,0,102,0,1428,0,1,56,278861,2146,0,103,0,0,0,LEADER,1,0,0,102,0,0,0,0,0,0,0,0,0,0,0
280532,60,bully,1671,1,0,0,102,0,1428,0,1,60,278861,1671,0,103,0,0,0,LEADER,1,0,0,102,0,0,0,0,0,0,0,0,0,0,0
281385,25,bully,1604,1,0,0,102,0,1428,0,1,25,279781,1604,0,103,0,0,0,LEADER,1,0,0,102,0,0,0,0,0,0,0,0,0,0,0
280598,65,bully,1737,1,0,0,102,0,1428,0,1,65,278861,1737,0,103,0,0,0,LEADER,1,0,0,102,0,0,0,0,0,0,0,0,0,0,0
281274,19,bully,2413,1,0,0,102,0,1428,0,1,19,278861,2413,0,103,0,0,0,LEADER,1,0,0,102,0,0,0,0,0,0,0,0,0,0,0
280904,69,bully,2043,1,0,0,102,0,1428,0,1,69,278861,2043,0,103,0,0,0,LEADER,1,0,0,102,0,0,0,0,0,0,0,0,0,0,0
281506,54,bully,1725,1,0,0,102,0,1428,0,1,54,279781,1725,0,103,0,0,0,LEADER,1,0,0,102,0,0,0,0,0,0,0,0,0,0,0
280853,17,bully,1992,1,0,0,102,0,1428,0,1,17,278861,1992,0,103,0,0,0,LEADER,1,0,0,102,0,0,0,0,0,0,0,0,0,0,0
281367,100,bully,1586,1,0,0,102,0,1428,0,1,100,279781,1586,0,103,0,0,0,LEADER,1,0,0,102,0,0,0,0,0,0,0,0,0,0,0
281330,16,bully,1549,1,0,0,102,0,1428,0,1,16,279781,1549,0,103,0,0,0,LEADER,1,0,0,102,0,0,0,0,0,0,0,0,0,0,0
280919,37,bully,2058,1,0,0,102,0,1428,0,1,37,278861,2058,0,103,0,0,0,LEADER,1,0,0,102,0,0,0,0,0,0,0,0,0,0,0
281555,13,bully,1774,1,0,0,102,0,1428,0,1,13,279781,1774,0,103,0,0,0,LEADER,1,0,0,102,0,0,0,0,0,0,0,0,0,0,0
280716,20,bully,1855,1,0,0,102,0,1428,0,1,20,278861,1855,0,103,0,0,0,LEADER,1,0,0,102,0,0,0,0,0,0,0,0,0,0,0
281348,41,bully,1567,1,0,0,102,0,1428,0,1,41,279781,1567,0,103,0,0,0,LEADER,1,0,0,102,0,0,0,0,0,0,0,0,0,0,0
281337,47,bully,1556,1,0,0,102,0,1428,0,1,47,279781,1556,0,103,0,0,0,LEADER,1,0,0,102,0,0,0,0,0,0,0,0,0,0,0
281163,95,bully,2301,1,0,0,102,0,1428,0,1,95,278862,2301,0,103,0,0,0,LEADER,1,0,0,102,0,0,0,0,0,0,0,0,0,0,0
281026,98,bully,2165,1,0,0,102,0,1428,0,1,98,278861,2165,0,103,0,0,0,LEADER,1,0,0,102,0,0,0,0,0,0,0,0,0,0,0
281210,73,bully,2349,1,0,0,102,0,1428,0,1,73,278861,2349,0,103,0,0,0,LEADER,1,0,0,102,0,0,0,0,0,0,0,0,0,0,0
281533,33,bully,1752,1,0,0,102,0,1428,0,1,33,279781,1752,0,103,0,0,0,LEADER,1,0,0,102,0,0,0,0,0,0,0,0,0,0,0
281503,97,bully,1722,1,0,0,102,0,1428,0,1,97,279781,1722,0,103,0,0,0,LEADER,1,0,0,102,0,0,0,0,0,0,0,0,0,0,0
280756,61,bully,1895,1,0,0,102,0,1428,0,1,61,278861,1895,0,103,0,0,0,LEADER,1,0,0,102,0,0,0,0,0,0,0,0,0,0,0
281703,40,bully,1922,1,0,0,102,0,1428,0,1,40,279781,1922,0,103,0,0,0,LEADER,1,0,0,102,0,0,0,0,0,0,0,0,0,0,0
281192,31,bully,2331,1,0,0,102,0,1428,0,1,31,278861,2331,0,103,0,0,0,LEADER,1,0,0,102,0,0,0,0,0,0,0,0,0,0,0
281693,29,bully,1910,1,0,0,102,0,1428,0,1,29,279783,1910,0,103,0,0,0,LEADER,1,0,0,102,0,0,0,0,0,0,0,0,0,0,0
281519,96,bully,1744,1,0,0,102,0,1428,0,1,96,279775,1744,0,103,0,0,0,LEADER,1,0,0,102,0,0,0,0,0,0,0,0,0,0,0
281606,84,bully,1825,1,0,0,102,0,1428,0,1,84,279781,1825,0,103,0,0,0,LEADER,1,0,0,102,0,0,0,0,0,0,0,0,0,0,0
281302,80,bully,1519,1,0,0,102,0,1428,0,1,80,279783,1519,0,103,0,0,0,LEADER,1,0,0,102,0,0,0,0,0,0,0,0,0,0,0
281144,53,bully,2283,1,0,0,102,0,1428,0,1,53,278861,2283,0,103,0,0,0,LEADER,1,0,0,102,0,0,0,0,0,0,0,0,0,0,0
281220,92,bully,1438,1,0,0,102,0,1428,0,1,92,279782,1438,0,103,0,0,0,LEADER,1,0,0,102,0,0,0,0,0,0,0,0,0,0,0
281388,91,bully,1619,1,0,0,102,0,1428,0,1,91,279769,1619,0,103,0,0,0,LEADER,1,0,0,102,0,0,0,0,0,0,0,0,0,0,0
281655,62,bully,1874,1,0,0,102,0,1428,0,1,62,279781,1874,0,103,0,0,0,LEADER,1,0,0,102,0,0,0,0,0,0,0,0,0,0,0
281352,15,bully,1571,1,0,0,102,0,1428,0,1,15,279781,1571,0,103,0,0,0,LEADER,1,0,0,102,0,0,0,0,0,0,0,0,0,0,0
281022,26,bully,2161,1,0,0,102,0,1428,0,1,26,278861,2161,0,103,0,0,0,LEADER,1,0,0,102,0,0,0,0,0,0,0,0,0,0,0
281758,49,bully,1977,1,0,0,102,0,1428,0,1,49,279781,1977,0,103,0,0,0,LEADER,1,0,0,102,0,0,0,0,0,0,0,0,0,0,0
281573,58,bully,1792,1,0,0,102,0,1428,0,1,58,279781,1792,0,103,0,0,0,LEADER,1,0,0,102,0,0,0,0,0,0,0,0,0,0,0
281107,86,bully,2246,1,0,0,102,0,1428,0,1,86,278861,2246,0,103,0,0,0,LEADER,1,0,0,102,0,0,0,0,0,0,0,0,0,0,0
281280,50,bully,2419,1,0,0,102,0,1428,0,1,50,278861,2419,0,103,0,0,0,LEADER,1,0,0,102,0,0,0,0,0,0,0,0,0,0,0
281130,85,bully,2268,1,0,0,102,0,1428,0,1,85,278862,2268,0,103,0,0,0,LEADER,1,0,0,102,0,0,0,0,0,0,0,0,0,0,0
281068,87,bully,2212,1,0,0,102,0,1428,0,1,87,278856,2212,0,103,0,0,0,LEADER,1,0,0,102,0,0,0,0,0,0,0,0,0,0,0
281277,64,bully,2416,1,0,0,102,0,1428,0,1,64,278861,2416,0,103,0,0,0,LEADER,1,0,0,102,0,0,0,0,0,0,0,0,0,0,0
281215,18,bully,1434,1,0,0,102,0,1428,0,1,18,279781,1434,0,103,0,0,0,LEADER,1,0,0,102,0,0,0,0,0,0,0,0,0,0,0
281126,11,bully,2264,1,0,0,102,0,1428,0,1,11,278862,2264,0,103,0,0,0,LEADER,1,0,0,102,0,0,0,0,0,0,0,0,0,0,0
281334,90,bully,1553,1,0,0,102,0,1428,0,1,90,279781,1553,0,103,0,0,0,LEADER,1,0,0,102,0,0,0,0,0,0,0,0,0,0,0
281228,35,bully,1447,1,0,0,102,0,1428,0,1,35,279781,1447,0,103,0,0,0,LEADER,1,0,0,102,0,0,0,0,0,0,0,0,0,0,0
281110,43,bully,2249,1,0,0,102,0,1428,0,1,43,278861,2249,0,103,0,0,0,LEADER,1,0,0,102,0,0,0,0,0,0,0,0,0,0,0
281248,28,bully,1467,1,0,0,102,0,1428,0,1,28,279781,1467,0,103,0,0,0,LEADER,1,0,0,102,0,0,0,0,0,0,0,0,0,0,0
281085,44,bully,2228,1,0,0,102,0,1428,0,1,44,278857,2228,0,103,0,0,0,LEADER,1,0,0,102,0,0,0,0,0,0,0,0,0,0,0
281922,23,bully,2141,1,0,0,102,0,1428,0,1,23,279781,2141,0,103,0,0,0,LEADER,1,0,0,102,0,0,0,0,0,0,0,0,0,0,0
281242,30,bully,1461,1,0,0,102,0,1428,0,1,30,279781,1461,0,103,0,0,0,LEADER,1,0,0,102,0,0,0,0,0,0,0,0,0,0,0
281642,94,bully,1859,1,0,0,102,0,1428,0,1,94,279783,1859,0,103,0,0,0,LEADER,1,0,0,102,0,0,0,0,0,0,0,0,0,0,0
281282,38,bully,1501,1,0,0,102,0,1428,0,1,38,279781,1501,0,103,0,0,0,LEADER,1,0,0,102,0,0,0,0,0,0,0,0,0,0,0
281961,66,bully,2180,1,0,0,102,0,1428,0,1,66,279781,2180,0,103,0,0,0,LEADER,1,0,0,102,0,0,0,0,0,0,0,0,0,0,0
281267,70,bully,1486,1,0,0,102,0,1428,0,1,70,279781,1486,0,103,0,0,0,LEADER,1,0,0,102,0,0,0,0,0,0,0,0,0,0,0
281912,88,bully,2131,1,0,0,102,0,1428,0,1,88,279781,2131,0,103,0,0,0,LEADER,1,0,0,102,0,0,0,0,0,0,0,0,0,0,0
281096,75,bully,2235,1,0,0,102,0,1428,0,1,75,278861,2235,0,103,0,0,0,LEADER,1,0,0,102,0,0,0,0,0,0,0,0,0,0,0
281106,12,bully,2243,1,0,0,102,0,1428,0,1,12,278863,2243,0,103,0,0,0,LEADER,1,0,0,102,0,0,0,0,0,0,0,0,0,0,0
281806,27,bully,2025,1,0,0,102,0,1428,0,1,27,279781,2025,0,103,0,0,0,LEADER,1,0,0,102,0,0,0,0,0,0,0,0,0,0,0
281295,42,bully,1514,1,0,0,102,0,1428,0,1,42,279781,1514,0,103,0,0,0,LEADER,1,0,0,102,0,0,0,0,0,0,0,0,0,0,0
281942,24,bully,2161,1,0,0,102,0,1428,0,1,24,279781,2161,0,103,0,0,0,LEADER,1,0,0,102,0,0,0,0,0,0,0,0,0,0,0
281894,46,bully,2113,1,0,0,102,0,1428,0,1,46,279781,2113,0,103,0,0,0,LEADER,1,0,0,102,0,0,0,0,0,0,0,0,0,0,0
281791,59,bully,2010,1,0,0,102,0,1428,0,1,59,279781,2010,0,103,0,0,0,LEADER,1,0,0,102,0,0,0,0,0,0,0,0,0,0,0
281419,34,bully,1637,1,0,0,102,0,1428,0,1,34,279782,1637,0,103,0,0,0,LEADER,1,0,0,102,0,0,0,0,0,0,0,0,0,0,0
282073,32,bully,2292,1,0,0,102,0,1428,0,1,32,279781,2292,0,103,0,0,0,LEADER,1,0,0,102,0,0,0,0,0,0,0,0,0,0,0
281689,72,bully,1907,1,0,0,102,0,1428,0,1,72,279782,1907,0,103,0,0,0,LEADER,1,0,0,102,0,0,0,0,0,0,0,0,0,0,0
282100,63,bully,2316,1,0,0,102,0,1428,0,1,63,279784,2316,0,103,0,0,0,LEADER,1,0,0,102,0,0,0,0,0,0,0,0,0,0,0
281573,74,bully,1792,1,0,0,102,0,1428,0,1,74,279781,1792,0,103,0,0,0,LEADER,1,0,0,102,0,0,0,0,0,0,0,0,0,0,0
281315,48,bully,1534,1,0,0,102,0,1428,0,1,48,279781,1534,0,103,0,0,0,LEADER,1,0,0,102,0,0,0,0,0,0,0,0,0,0,0
281778,57,bully,1995,1,0,0,102,0,1428,0,1,57,279783,1995,0,103,0,0,0,LEADER,1,0,0,102,0,0,0,0,0,0,0,0,0,0,0
281846,68,bully,2065,1,0,0,102,0,1428,0,1,68,279781,2065,0,103,0,0,0,LEADER,1,0,0,102,0,0,0,0,0,0,0,0,0,0,0
281247,45,bully,1466,1,0,0,102,0,1428,0,1,45,279781,1466,0,103,0,0,0,LEADER,1,0,0,102,0,0,0,0,0,0,0,0,0,0,0
281604,93,bully,1823,1,0,0,102,0,1428,0,1,93,279781,1823,0,103,0,0,0,LEADER,1,0,0,102,0,0,0,0,0,0,0,0,0,0,0
282185,82,bully,2404,1,0,0,102,0,1428,0,1,82,279781,2404,0,103,0,0,0,LEADER,1,0,0,102,0,0,0,0,0,0,0,0,0,0,0
282179,51,bully,2398,1,0,0,102,0,1428,0,1,51,279781,2398,0,103,0,0,0,LEADER,1,0,0,102,0,0,0,0,0,0,0,0,0,0,0
281724,39,bully,1943,1,0,0,102,0,1428,0,1,39,279781,1943,0,103,0,0,0,LEADER,1,0,0,102,0,0,0,0,0,0,0,0,0,0,0
281470,78,bully,1689,1,0,0,102,0,1428,0,1,78,279781,1689,0,103,0,0,0,LEADER,1,0,0,102,0,0,0,0,0,0,0,0,0,0,0
281858,79,bully,2077,1,0,0,102,0,1428,0,1,79,279781,2077,0,103,0,0,0,LEADER,1,0,0,102,0,0,0,0,0,0,0,0,0,0,0
281433,14,bully,1652,1,0,0,102,0,1428,0,1,14,279781,1652,0,103,0,0,0,LEADER,1,0,0,102,0,0,0,0,0,0,0,0,0,0,0
281860,36,bully,2080,1,0,0,102,0,1428,0,1,36,279780,2080,0,103,0,0,0,LEADER,1,0,0,102,0,0,0,0,0,0,0,0,0,0,0
281743,81,bully,1962,1,0,0,102,0,1428,0,1,81,279781,1962,0,103,0,0,0,LEADER,1,0,0,102,0,0,0,0,0,0,0,0,0,0,0
281403,67,bully,1622,1,0,0,102,0,1428,0,1,67,279781,1622,0,103,0,0,0,LEADER,1,0,0,102,0,0,0,0,0,0,0,0,0,0,0
282164,83,bully,2383,1,0,0,102,0,1428,0,1,83,279781,2383,0,103,0,0,0,LEADER,1,0,0,102,0,0,0,0,0,0,0,0,0,0,0
282308,99,bully,1607,1,0,0,102,0,1428,0,1,99,280701,1607,0,103,0,0,0,LEADER,1,0,0,102,0,0,0,0,0,0,0,0,0,0,0
281485,55,bully,1704,1,0,0,102,0,1428,0,1,55,279781,1704,0,103,0,0,0,LEADER,1,0,0,102,0,0,0,0,0,0,0,0,0,0,0
282275,89,bully,1574,1,0,0,102,0,1428,0,1,89,280701,1574,0,103,0,0,0,LEADER,1,0,0,102,0,0,0,0,0,0,0,0,0,0,0
281437,77,bully,1656,1,0,0,102,0,1428,0,1,77,279781,1656,0,103,0,0,0,LEADER,1,0,0,102,0,0,0,0,0,0,0,0,0,0,0
281709,71,bully,1928,1,0,0,102,0,1428,0,1,71,279781,1928,0,103,0,0,0,LEADER,1,0,0,102,0,0,0,0,0,0,0,0,0,0,0
281988,76,bully,2213,1,0,0,102,0,1428,0,1,76,279775,2213,0,103,0,0,0,LEADER,1,0,0,102,0,0,0,0,0,0,0,0,0,0,0
281623,52,bully,1840,1,0,0,102,0,1428,0,1,52,279783,1840,0,103,0,0,0,LEADER,1,0,0,102,0,0,0,0,0,0,0,0,0,0,0
281588,10,bully,1807,1,0,0,102,0,1428,0,1,10,279781,1807,0,103,0,0,0,LEADER,1,0,0,102,0,0,0,0,0,0,0,0,0,0,0
281521,22,bully,1740,1,0,0,102,0,1428,0,1,22,279781,1740,0,103,0,0,0,LEADER,1,0,0,102,0,0,0,0,0,0,0,0,0,0,0
281667,21,bully,1889,1,0,0,102,0,1428,0,1,21,279778,1889,0,103,0,0,0,LEADER,1,0,0,102,0,0,0,0,0,0,0,0,0,0,0
281927,56,bully,2146,1,0,0,102,0,1428,0,1,56,279781,2146,0,103,0,0,0,LEADER,1,0,0,102,0,0,0,0,0,0,0,0,0,0,0
281452,60,bully,1671,1,0,0,102,0,1428,0,1,60,279781,1671,0,103,0,0,0,LEADER,1,0,0,102,0,0,0,0,0,0,0,0,0,0,0
282305,25,bully,1604,1,0,0,102,0,1428,0,1,25,280701,1604,0,103,0,0,0,LEADER,1,0,0,102,0,0,0,0,0,0,0,0,0,0,0
281518,65,bully,1737,1,0,0,102,0,1428,0,1,65,279781,1737,0,103,0,0,0,LEADER,1,0,0,102,0,0,0,0,0,0,0,0,0,0,0
282194,19,bully,2413,1,0,0,102,0,1428,0,1,19,279781,2413,0,103,0,0,0,LEADER,1,0,0,102,0,0,0,0,0,0,0,0,0,0,0
281824,69,bully,2043,1,0,0,102,0,1428,0,1,69,279781,2043,0,103,0,0,0,LEADER,1,0,0,102,0,0,0,0,0,0,0,0,0,0,0
282426,54,bully,1725,1,0,0,102,0,1428,0,1,54,280701,1725,0,103,0,0,0,LEADER,1,0,0,102,0,0,0,0,0,0,0,0,0,0,0
281773,17,bully,1992,1,0,0,102,0,1428,0,1,17,279781,1992,0,103,0,0,0,LEADER,1,0,0,102,0,0,0,0,0,0,0,0,0,0,0
282287,100,bully,1586,1,0,0,102,0,1428,0,1,100,280701,1586,0,103,0,0,0,LEADER,1,0,0,102,0,0,0,0,0,0,0,0,0,0,0
282250,16,bully,1549,1,0,0,102,0,1428,0,1,16,280701,1549,0,103,0,0,0,LEADER,1,0,0,102,0,0,0,0,0,0,0,0,0,0,0
281839,37,bully,2058,1,0,0,102,0,1428,0,1,37,279781,2058,0,103,0,0,0,LEADER,1,0,0,102,0,0,0,0,0,0,0,0,0,0,0
282475,13,bully,1774,1,0,0,102,0,1428,0,1,13,280701,1774,0,103,0,0,0,LEADER,1,0,0,102,0,0,0,0,0,0,0,0,0,0,0
281636,20,bully,1855,1,0,0,102,0,1428,0,1,20,279781,1855,0,103,0,0,0,LEADER,1,0,0,102,0,0,0,0,0,0,0,0,0,0,0
282268,41,bully,1567,1,0,0,102,0,1428,0,1,41,280701,1567,0,103,0,0,0,LEADER,1,0,0,102,0,0,0,0,0,0,0,0,0,0,0
282257,47,bully,1556,1,0,0,102,0,1428,0,1,47,280701,1556,0,103,0,0,0,LEADER,1,0,0,102,0,0,0,0,0,0,0,0,0,0,0
282083,95,bully,2301,1,0,0,102,0,1428,0,1,95,279782,2301,0,103,0,0,0,LEADER,1,0,0,102,0,0,0,0,0,0,0,0,0,0,0
281946,98,bully,2165,1,0,0,102,0,1428,0,1,98,279781,2165,0,103,0,0,0,LEADER,1,0,0,102,0,0,0,0,0,0,0,0,0,0,0
282130,73,bully,2349,1,0,0,102,0,1428,0,1,73,279781,2349,0,103,0,0,0,LEADER,1,0,0,102,0,0,0,0,0,0,0,0,0,0,0
282453,33,bully,1752,1,0,0,102,0,1428,0,1,33,280701,1752,0,103,0,0,0,LEADER,1,0,0,102,0,0,0,0,0,0,0,0,0,0,0
282423,97,bully,1722,1,0,0,102,0,1428,0,1,97,280701,1722,0,103,0,0,0,LEADER,1,0,0,102,0,0,0,0,0,0,0,0,0,0,0
281676,61,bully,1895,1,0,0,102,0,1428,0,1,61,279781,1895,0,103,0,0,0,LEADER,1,0,0,102,0,0,0,0,0,0,0,0,0,0,0
282623,40,bully,1922,1,0,0,102,0,1428,0,1,40,280701,1922,0,103,0,0,0,LEADER,1,0,0,102,0,0,0,0,0,0,0,0,0,0,0
282112,31,bully,2331,1,0,0,102,0,1428,0,1,31,279781,2331,0,103,0,0,0,LEADER,1,0,0,102,0,0,0,0,0,0,0,0,0,0,0
282613,29,bully,1910,1,0,0,102,0,1428,0,1,29,280703,1910,0,103,0,0,0,LEADER,1,0,0,102,0,0,0,0,0,0,0,0,0,0,0
282439,96,bully,1744,1,0,0,102,0,1428,0,1,96,280695,1744,0,103,0,0,0,LEADER,1,0,0,102,0,0,0,0,0,0,0,0,0,0,0
282526,84,bully,1825,1,0,0,102,0,1428,0,1,84,280701,1825,0,103,0,0,0,LEADER,1,0,0,102,0,0,0,0,0,0,0,0,0,0,0
282222,80,bully,1519,1,0,0,102,0,1428,0,1,80,280703,1519,0,103,0,0,0,LEADER,1,0,0,102,0,0,0,0,0,0,0,0,0,0,0
282064,53,bully,2283,1,0,0,102,0,1428,0,1,53,279781,2283,0,103,0,0,0,LEADER,1,0,0,102,0,0,0,0,0,0,0,0,0,0,0
282140,92,bully,1438,1,0,0,102,0,1428,0,1,92,280702,1438,0,103,0,0,0,LEADER,1,0,0,102,0,0,0,0,0,0,0,0,0,0,0
282308,91,bully,1619,1,0,0,102,0,1428,0,1,91,280689,1619,0,103,0,0,0,LEADER,1,0,0,102,0,0,0,0,0,0,0,0,0,0,0
282575,62,bully,1874,1,0,0,102,0,1428,0,1,62,280701,1874,0,103,0,0,0,LEADER,1,0,0,102,0,0,0,0,0,0,0,0,0,0,0
282272,15,bully,1571,1,0,0,102,0,1428,0,1,15,280701,1571,0,103,0,0,0,LEADER,1,0,0,102,0,0,0,0,0,0,0,0,0,0,0
281942,26,bully,2161,1,0,0,102,0,1428,0,1,26,279781,2161,0,103,0,0,0,LEADER,1,0,0,102,0,0,0,0,0,0,0,0,0,0,0
282678,49,bully,1977,1,0,0,102,0,1428,0,1,49,280701,1977,0,103,0,0,0,LEADER,1,0,0,102,0,0,0,0,0,0,0,0,0,0,0
282493,58,bully,1792,1,0,0,102,0,1428,0,1,58,280701,1792,0,103,0,0,0,LEADER,1,0,0,102,0,0,0,0,0,0,0,0,0,0,0
282027,86,bully,2246,1,0,0,102,0,1428,0,1,86,279781,2246,0,103,0,0,0,LEADER,1,0,0,102,0,0,0,0,0,0,0,0,0,0,0
282200,50,bully,2419,1,0,0,102,0,1428,0,1,50,279781,2419,0,103,0,0,0,LEADER,1,0,0,102,0,0,0,0,0,0,0,0,0,0,0
282050,85,bully,2268,1,0,0,102,0,1428,0,1,85,279782,2268,0,103,0,0,0,LEADER,1,0,0,102,0,0,0,0,0,0,0,0,0,0,0
281988,87,bully,2212,1,0,0,102,0,1428,0,1,87,279776,2212,0,103,0,0,0,LEADER,1,0,0,102,0,0,0,0,0,0,0,0,0,0,0
282197,64,bully,2416,1,0,0,102,0,1428,0,1,64,279781,2416,0,103,0,0,0,LEADER,1,0,0,102,0,0,0,0,0,0,0,0,0,0,0
282135,18,bully,1434,1,0,0,102,0,1428,0,1,18,280701,1434,0,103,0,0,0,LEADER,1,0,0,102,0,0,0,0,0,0,0,0,0,0,0
282046,11,bully,2264,1,0,0,102,0,1428,0,1,11,279782,2264,0,103,0,0,0,LEADER,1,0,0,102,0,0,0,0,0,0,0,0,0,0,0
282254,90,bully,1553,1,0,0,102,0,1428,0,1,90,280701,1553,0,103,0,0,0,LEADER,1,0,0,102,0,0,0,0,0,0,0,0,0,0,0
282148,35,bully,1447,1,0,0,102,0,1428,0,1,35,280701,1447,0,103,0,0,0,LEADER,1,0,0,102,0,0,0,0,0,0,0,0,0,0,0
282030,43,bully,2249,1,0,0,102,0,1428,0,1,43,279781,2249,0,103,0,0,0,LEADER,1,0,0,102,0,0,0,0,0,0,0,0,0,0,0
282168,28,bully,1467,1,0,0,102,0,1428,0,1,28,280701,1467,0,103,0,0,0,LEADER,1,0,0,102,0,0,0,0,0,0,0,0,0,0,0
282005,44,bully,2228,1,0,0,102,0,1428,0,1,44,279777,2228,0,103,0,0,0,LEADER,1,0,0,102,0,0,0,0,0,0,0,0,0,0,0
282842,23,bully,2141,1,0,0,102,0,1428,0,1,23,280701,2141,0,103,0,0,0,LEADER,1,0,0,102,0,0,0,0,0,0,0,0,0,0,0
282162,30,bully,1461,1,0,0,102,0,1428,0,1,30,280701,1461,0,103,0,0,0,LEADER,1,0,0,102,0,0,0,0,0,0,0,0,0,0,0
282562,94,bully,1859,1,0,0,102,0,1428,0,1,94,280703,1859,0,103,0,0,0,LEADER,1,0,0,102,0,0,0,0,0,0,0,0,0,0,0
282202,38,bully,1501,1,0,0,102,0,1428,0,1,38,280701,1501,0,103,0,0,0,LEADER,1,0,0,102,0,0,0,0,0,0,0,0,0,0,0
282881,66,bully,2180,1,0,0,102,0,1428,0,1,66,280701,2180,0,103,0,0,0,LEADER,1,0,0,102,0,0,0,0,0,0,0,0,0,0,0
282187,70,bully,1486,1,0,0,102,0,1428,0,1,70,280701,1486,0,103,0,0,0,LEADER,1,0,0,102,0,0,0,0,0,0,0,0,0,0,0
282832,88,bully,2131,1,0,0,102,0,1428,0,1,88,280701,2131,0,103,0,0,0,LEADER,1,0,0,102,0,0,0,0,0,0,0,0,0,0,0
282016,75,bully,2235,1,0,0,102,0,1428,0,1,75,279781,2235,0,103,0,0,0,LEADER,1,0,0,102,0,0,0,0,0,0,0,0,0,0,0
282026,12,bully,2243,1,0,0,102,0,1428,0,1,12,279783,2243,0,103,0,0,0,LEADER,1,0,0,102,0,0,0,0,0,0,0,0,0,0,0
282726,27,bully,2025,1,0,0,102,0,1428,0,1,27,280701,2025,0,103,0,0,0,LEADER,1,0,0,102,0,0,0,0,0,0,0,0,0,0,0
282215,42,bully,1514,1,0,0,102,0,1428,0,1,42,280701,1514,0,103,0,0,0,LEADER,1,0,0,102,0,0,0,0,0,0,0,0,0,0,0
282862,24,bully,2161,1,0,0,102,0,1428,0,1,24,280701,2161,0,103,0,0,0,LEADER,1,0,0,102,0,0,0,0,0,0,0,0,0,0,0
282814,46,bully,2113,1,0,0,102,0,1428,0,1,46,280701,2113,0,103,0,0,0,LEADER,1,0,0,102,0,0,0,0,0,0,0,0,0,0,0
282711,59,bully,2010,1,0,0,102,0,1428,0,1,59,280701,2010,0,103,0,0,0,LEADER,1,0,0,102,0,0,0,0,0,0,0,0,0,0,0
282993,32,bully,2292,1,0,0,102,0,1428,0,1,32,280701,2292,0,103,0,0,0,LEADER,1,0,0,102,0,0,0,0,0,0,0,0,0,0,0
282339,34,bully,1637,1,0,0,102,0,1428,0,1,34,280702,1637,0,103,0,0,0,LEADER,1,0,0,102,0,0,0,0,0,0,0,0,0,0,0
282299,5,bully,2001,1,0,0,24,36,336,504,6,4,280298,2001,0,11,0,0,0,NORMAL,0,0,0,24,0,0,0,36,0,0,0,0,0,0,0
282609,72,bully,1907,1,0,0,102,0,1428,0,1,72,280702,1907,0,103,0,0,0,LEADER,1,0,0,102,0,0,0,0,0,0,0,0,0,0,0
283020,63,bully,2316,1,0,0,102,0,1428,0,1,63,280704,2316,0,103,0,0,0,LEADER,1,0,0,102,0,0,0,0,0,0,0,0,0,0,0
282493,74,bully,1792,1,0,0,102,0,1428,0,1,74,280701,1792,0,103,0,0,0,LEADER,1,0,0,102,0,0,0,0,0,0,0,0,0,0,0
282235,48,bully,1534,1,0,0,102,0,1428,0,1,48,280701,1534,0,103,0,0,0,LEADER,1,0,0,102,0,0,0,0,0,0,0,0,0,0,0
282698,57,bully,1995,1,0,0,102,0,1428,0,1,57,280703,1995,0,103,0,0,0,LEADER,1,0,0,102,0,0,0,0,0,0,0,0,0,0,0
282766,68,bully,2065,1,0,0,102,0,1428,0,1,68,280701,2065,0,103,0,0,0,LEADER,1,0,0,102,0,0,0,0,0,0,0,0,0,0,0
282167,45,bully,1466,1,0,0,102,0,1428,0,1,45,280701,1466,0,103,0,0,0,LEADER,1,0,0,102,0,0,0,0,0,0,0,0,0,0,0
282524,93,bully,1823,1,0,0,102,0,1428,0,1,93,280701,1823,0,103,0,0,0,LEADER,1,0,0,102,0,0,0,0,0,0,0,0,0,0,0
283105,82,bully,2404,1,0,0,102,0,1428,0,1,82,280701,2404,0,103,0,0,0,LEADER,1,0,0,102,0,0,0,0,0,0,0,0,0,0,0
283099,51,bully,2398,1,0,0,102,0,1428,0,1,51,280701,2398,0,103,0,0,0,LEADER,1,0,0,102,0,0,0,0,0,0,0,0,0,0,0
282644,39,bully,1943,1,0,0,102,0,1428,0,1,39,280701,1943,0,103,0,0,0,LEADER,1,0,0,102,0,0,0,0,0,0,0,0,0,0,0
282390,78,bully,1689,1,0,0,102,0,1428,0,1,78,280701,1689,0,103,0,0,0,LEADER,1,0,0,102,0,0,0,0,0,0,0,0,0,0,0
282778,79,bully,2077,1,0,0,102,0,1428,0,1,79,280701,2077,0,103,0,0,0,LEADER,1,0,0,102,0,0,0,0,0,0,0,0,0,0,0
282727,6,bully,1516,1,0,0,19,50,266,700,4,4,281211,1516,0,9,0,0,0,NORMAL,0,0,0,19,0,0,0,50,0,0,0,0,0,0,0
282353,14,bully,1652,1,0,0,102,0,1428,0,1,14,280701,1652,0,103,0,0,0,LEADER,1,0,0,102,0,0,0,0,0,0,0,0,0,0,0
282780,36,bully,2080,1,0,0,102,0,1428,0,1,36,280700,2080,0,103,0,0,0,LEADER,1,0,0,102,0,0,0,0,0,0,0,0,0,0,0
282663,81,bully,1962,1,0,0,102,0,1428,0,1,81,280701,1962,0,103,0,0,0,LEADER,1,0,0,102,0,0,0,0,0,0,0,0,0,0,0
282323,67,bully,1622,1,0,0,102,0,1428,0,1,67,280701,1622,0,103,0,0,0,LEADER,1,0,0,102,0,0,0,0,0,0,0,0,0,0,0
283084,83,bully,2383,1,0,0,102,0,1428,0,1,83,280701,2383,0,103,0,0,0,LEADER,1,0,0,102,0,0,0,0,0,0,0,0,0,0,0
283229,99,bully,1607,1,0,0,103,0,1442,0,1,99,281622,1607,0,104,0,0,0,LEADER,1,0,0,103,0,0,0,0,0,0,0,0,0,0,0
282405,55,bully,1704,1,0,0,102,0,1428,0,1,55,280701,1704,0,103,0,0,0,LEADER,1,0,0,102,0,0,0,0,0,0,0,0,0,0,0
283196,89,bully,1574,1,0,0,103,0,1442,0,1,89,281622,1574,0,104,0,0,0,LEADER,1,0,0,103,0,0,0,0,0,0,0,0,0,0,0
282357,77,bully,1656,1,0,0,102,0,1428,0,1,77,280701,1656,0,103,0,0,0,LEADER,1,0,0,102,0,0,0,0,0,0,0,0,0,0,0
282629,71,bully,1928,1,0,0,102,0,1428,0,1,71,280701,1928,0,103,0,0,0,LEADER,1,0,0,102,0,0,0,0,0,0,0,0,0,0,0
282908,76,bully,2213,1,0,0,102,0,1428,0,1,76,280695,2213,0,103,0,0,0,LEADER,1,0,0,102,0,0,0,0,0,0,0,0,0,0,0
282543,52,bully,1840,1,0,0,102,0,1428,0,1,52,280703,1840,0,103,0,0,0,LEADER,1,0,0,102,0,0,0,0,0,0,0,0,0,0,0
282508,10,bully,1807,1,0,0,102,0,1428,0,1,10,280701,1807,0,103,0,0,0,LEADER,1,0,0,102,0,0,0,0,0,0,0,0,0,0,0
282441,22,bully,1740,1,0,0,102,0,1428,0,1,22,280701,1740,0,103,0,0,0,LEADER,1,0,0,102,0,0,0,0,0,0,0,0,0,0,0
282587,21,bully,1889,1,0,0,102,0,1428,0,1,21,280698,1889,0,103,0,0,0,LEADER,1,0,0,102,0,0,0,0,0,0,0,0,0,0,0
282847,56,bully,2146,1,0,0,102,0,1428,0,1,56,280701,2146,0,103,0,0,0,LEADER,1,0,0,102,0,0,0,0,0,0,0,0,0,0,0
282372,60,bully,1671,1,0,0,102,0,1428,0,1,60,280701,1671,0,103,0,0,0,LEADER,1,0,0,102,0,0,0,0,0,0,0,0,0,0,0
283226,25,bully,1604,1,0,0,103,0,1442,0,1,25,281622,1604,0,104,0,0,0,LEADER,1,0,0,103,0,0,0,0,0,0,0,0,0,0,0
282438,65,bully,1737,1,0,0,102,0,1428,0,1,65,280701,1737,0,103,0,0,0,LEADER,1,0,0,102,0,0,0,0,0,0,0,0,0,0,0
283114,19,bully,2413,1,0,0,102,0,1428,0,1,19,280701,2413,0,103,0,0,0,LEADER,1,0,0,102,0,0,0,0,0,0,0,0,0,0,0
282744,69,bully,2043,1,0,0,102,0,1428,0,1,69,280701,2043,0,103,0,0,0,LEADER,1,0,0,102,0,0,0,0,0,0,0,0,0,0,0
283347,54,bully,1725,1,0,0,103,0,1442,0,1,54,281622,1725,0,104,0,0,0,LEADER,1,0,0,103,0,0,0,0,0,0,0,0,0,0,0
282693,17,bully,1992,1,0,0,102,0,1428,0,1,17,280701,1992,0,103,0,0,0,LEADER,1,0,0,102,0,0,0,0,0,0,0,0,0,0,0
283208,100,bully,1586,1,0,0,103,0,1442,0,1,100,281622,1586,0,104,0,0,0,LEADER,1,0,0,103,0,0,0,0,0,0,0,0,0,0,0
283171,16,bully,1549,1,0,0,103,0,1442,0,1,16,281622,1549,0,104,0,0,0,LEADER,1,0,0,103,0,0,0,0,0,0,0,0,0,0,0
282759,37,bully,2058,1,0,0,102,0,1428,0,1,37,280701,2058,0,103,0,0,0,LEADER,1,0,0,102,0,0,0,0,0,0,0,0,0,0,0
283396,13,bully,1774,1,0,0,103,0,1442,0,1,13,281622,1774,0,104,0,0,0,LEADER,1,0,0,103,0,0,0,0,0,0,0,0,0,0,0
282556,20,bully,1855,1,0,0,102,0,1428,0,1,20,280701,1855,0,103,0,0,0,LEADER,1,0,0,102,0,0,0,0,0,0,0,0,0,0,0
283189,41,bully,1567,1,0,0,103,0,1442,0,1,41,281622,1567,0,104,0,0,0,LEADER,1,0,0,103,0,0,0,0,0,0,0,0,0,0,0
283178,47,bully,1556,1,0,0,103,0,1442,0,1,47,281622,1556,0,104,0,0,0,LEADER,1,0,0,103,0,0,0,0,0,0,0,0,0,0,0
283003,95,bully,2301,1,0,0,102,0,1428,0,1,95,280702,2301,0,103,0,0,0,LEADER,1,0,0,102,0,0,0,0,0,0,0,0,0,0,0
282866,98,bully,2165,1,0,0,102,0,1428,0,1,98,280701,2165,0,103,0,0,0,LEADER,1,0,0,102,0,0,0,0,0,0,0,0,0,0,0
283050,73,bully,2349,1,0,0,102,0,1428,0,1,73,280701,2349,0,103,0,0,0,LEADER,1,0,0,102,0,0,0,0,0,0,0,0,0,0,0
282596,61,bully,1895,1,0,0,102,0,1428,0,1,61,280701,1895,0,103,0,0,0,LEADER,1,0,0,102,0,0,0,0,0,0,0,0,0,0,0
283344,97,bully,1722,1,0,0,103,0,1442,0,1,97,281622,1722,0,104,0,0,0,LEADER,1,0,0,103,0,0,0,0,0,0,0,0,0,0,0
283374,33,bully,1752,1,0,0,103,0,1442,0,1,33,281622,1752,0,104,0,0,0,LEADER,1,0,0,103,0,0,0,0,0,0,0,0,0,0,0
283032,31,bully,2331,1,0,0,102,0,1428,0,1,31,280701,2331,0,103,0,0,0,LEADER,1,0,0,102,0,0,0,0,0,0,0,0,0,0,0
283544,40,bully,1922,1,0,0,103,0,1442,0,1,40,281622,1922,0,104,0,0,0,LEADER,1,0,0,103,0,0,0,0,0,0,0,0,0,0,0
283534,29,bully,1910,1,0,0,103,0,1442,0,1,29,281624,1910,0,104,0,0,0,LEADER,1,0,0,103,0,0,0,0,0,0,0,0,0,0,0
283360,96,bully,1744,1,0,0,103,0,1442,0,1,96,281616,1744,0,104,0,0,0,LEADER,1,0,0,103,0,0,0,0,0,0,0,0,0,0,0
283447,84,bully,1825,1,0,0,103,0,1442,0,1,84,281622,1825,0,104,0,0,0,LEADER,1,0,0,103,0,0,0,0,0,0,0,0,0,0,0
283143,80,bully,1519,1,0,0,103,0,1442,0,1,80,281624,1519,0,104,0,0,0,LEADER,1,0,0,103,0,0,0,0,0,0,0,0,0,0,0
282984,53,bully,2283,1,0,0,102,0,1428,0,1,53,280701,2283,0,103,0,0,0,LEADER,1,0,0,102,0,0,0,0,0,0,0,0,0,0,0
283061,92,bully,1438,1,0,0,103,0,1442,0,1,92,281623,1438,0,104,0,0,0,LEADER,1,0,0,103,0,0,0,0,0,0,0,0,0,0,0
283229,91,bully,1619,1,0,0,103,0,1442,0,1,91,281610,1619,0,104,0,0,0,LEADER,1,0,0,103,0,0,0,0,0,0,0,0,0,0,0
283496,62,bully,1874,1,0,0,103,0,1442,0,1,62,281622,1874,0,104,0,0,0,LEADER,1,0,0,103,0,0,0,0,0,0,0,0,0,0,0
283193,15,bully,1571,1,0,0,103,0,1442,0,1,15,281622,1571,0,104,0,0,0,LEADER,1,0,0,103,0,0,0,0,0,0,0,0,0,0,0
282862,26,bully,2161,1,0,0,102,0,1428,0,1,26,280701,2161,0,103,0,0,0,LEADER,1,0,0,102,0,0,0,0,0,0,0,0,0,0,0
283599,49,bully,1977,1,0,0,103,0,1442,0,1,49,281622,1977,0,104,0,0,0,LEADER,1,0,0,103,0,0,0,0,0,0,0,0,0,0,0
283414,58,bully,1792,1,0,0,103,0,1442,0,1,58,281622,1792,0,104,0,0,0,LEADER,1,0,0,103,0,0,0,0,0,0,0,0,0,0,0
282947,86,bully,2246,1,0,0,102,0,1428,0,1,86,280701,2246,0,103,0,0,0,LEADER,1,0,0,102,0,0,0,0,0,0,0,0,0,0,0
283120,50,bully,2419,1,0,0,102,0,1428,0,1,50,280701,2419,0,103,0,0,0,LEADER,1,0,0,102,0,0,0,0,0,0,0,0,0,0,0
282970,85,bully,2268,1,0,0,102,0,1428,0,1,85,280702,2268,0,103,0,0,0,LEADER,1,0,0,102,0,0,0,0,0,0,0,0,0,0,0
282908,87,bully,2212,1,0,0,102,0,1428,0,1,87,280696,2212,0,103,0,0,0,LEADER,1,0,0,102,0,0,0,0,0,0,0,0,0,0,0
283117,64,bully,2416,1,0,0,102,0,1428,0,1,64,280701,2416,0,103,0,0,0,LEADER,1,0,0,102,0,0,0,0,0,0,0,0,0,0,0
282966,11,bully,2264,1,0,0,102,0,1428,0,1,11,280702,2264,0,103,0,0,0,LEADER,1,0,0,102,0,0,0,0,0,0,0,0,0,0,0
283056,18,bully,1434,1,0,0,103,0,1442,0,1,18,281622,1434,0,104,0,0,0,LEADER,1,0,0,103,0,0,0,0,0,0,0,0,0,0,0
283175,90,bully,1553,1,0,0,103,0,1442,0,1,90,281622,1553,0,104,0,0,0,LEADER,1,0,0,103,0,0,0,0,0,0,0,0,0,0,0
283069,35,bully,1447,1,0,0,103,0,1442,0,1,35,281622,1447,0,104,0,0,0,LEADER,1,0,0,103,0,0,0,0,0,0,0,0,0,0,0
282950,43,bully,2249,1,0,0,102,0,1428,0,1,43,280701,2249,0,103,0,0,0,LEADER,1,0,0,102,0,0,0,0,0,0,0,0,0,0,0
282925,44,bully,2228,1,0,0,102,0,1428,0,1,44,280697,2228,0,103,0,0,0,LEADER,1,0,0,102,0,0,0,0,0,0,0,0,0,0,0
283089,28,bully,1467,1,0,0,103,0,1442,0,1,28,281622,1467,0,104,0,0,0,LEADER,1,0,0,103,0,0,0,0,0,0,0,0,0,0,0
283763,23,bully,2141,1,0,0,103,0,1442,0,1,23,281622,2141,0,104,0,0,0,LEADER,1,0,0,103,0,0,0,0,0,0,0,0,0,0,0
283083,30,bully,1461,1,0,0,103,0,1442,0,1,30,281622,1461,0,104,0,0,0,LEADER,1,0,0,103,0,0,0,0,0,0,0,0,0,0,0
283483,94,bully,1859,1,0,0,103,0,1442,0,1,94,281624,1859,0,104,0,0,0,LEADER,1,0,0,103,0,0,0,0,0,0,0,0,0,0,0
283109,4,bully,2115,1,0,0,17,37,238,518,4,4,280994,2115,0,11,0,0,0,LEADER,1,0,0,17,0,0,0,37,0,0,0,0,0,0,0
283123,38,bully,1501,1,0,0,103,0,1442,0,1,38,281622,1501,0,104,0,0,0,LEADER,1,0,0,103,0,0,0,0,0,0,0,0,0,0,0
283802,66,bully,2180,1,0,0,103,0,1442,0,1,66,281622,2180,0,104,0,0,0,LEADER,1,0,0,103,0,0,0,0,0,0,0,0,0,0,0
283108,70,bully,1486,1,0,0,103,0,1442,0,1,70,281622,1486,0,104,0,0,0,LEADER,1,0,0,103,0,0,0,0,0,0,0,0,0,0,0
283753,88,bully,2131,1,0,0,103,0,1442,0,1,88,281622,2131,0,104,0,0,0,LEADER,1,0,0,103,0,0,0,0,0,0,0,0,0,0,0
282936,75,bully,2235,1,0,0,102,0,1428,0,1,75,280701,2235,0,103,0,0,0,LEADER,1,0,0,102,0,0,0,0,0,0,0,0,0,0,0
282946,12,bully,2243,1,0,0,102,0,1428,0,1,12,280703,2243,0,103,0,0,0,LEADER,1,0,0,102,0,0,0,0,0,0,0,0,0,0,0
283647,27,bully,2025,1,0,0,103,0,1442,0,1,27,281622,2025,0,104,0,0,0,LEADER,1,0,0,103,0,0,0,0,0,0,0,0,0,0,0
283136,42,bully,1514,1,0,0,103,0,1442,0,1,42,281622,1514,0,104,0,0,0,LEADER,1,0,0,103,0,0,0,0,0,0,0,0,0,0,0
283783,24,bully,2161,1,0,0,103,0,1442,0,1,24,281622,2161,0,104,0,0,0,LEADER,1,0,0,103,0,0,0,0,0,0,0,0,0,0,0
283735,46,bully,2113,1,0,0,103,0,1442,0,1,46,281622,2113,0,104,0,0,0,LEADER,1,0,0,103,0,0,0,0,0,0,0,0,0,0,0
283632,59,bully,2010,1,0,0,103,0,1442,0,1,59,281622,2010,0,104,0,0,0,LEADER,1,0,0,103,0,0,0,0,0,0,0,0,0,0,0
283260,34,bully,1637,1,0,0,103,0,1442,0,1,34,281623,1637,0,104,0,0,0,LEADER,1,0,0,103,0,0,0,0,0,0,0,0,0,0,0
283914,32,bully,2292,1,0,0,103,0,1442,0,1,32,281622,2292,0,104,0,0,0,LEADER,1,0,0,103,0,0,0,0,0,0,0,0,0,0,0
283530,72,bully,1907,1,0,0,103,0,1442,0,1,72,281623,1907,0,104,0,0,0,LEADER,1,0,0,103,0,0,0,0,0,0,0,0,0,0,0
283941,63,bully,2316,1,0,0,103,0,1442,0,1,63,281625,2316,0,104,0,0,0,LEADER,1,0,0,103,0,0,0,0,0,0,0,0,0,0,0
283414,74,bully,1792,1,0,0,103,0,1442,0,1,74,281622,1792,0,104,0,0,0,LEADER,1,0,0,103,0,0,0,0,0,0,0,0,0,0,0
283156,48,bully,1534,1,0,0,103,0,1442,0,1,48,281622,1534,0,104,0,0,0,LEADER,1,0,0,103,0,0,0,0,0,0,0,0,0,0,0
283619,57,bully,1995,1,0,0,103,0,1442,0,1,57,281624,1995,0,104,0,0,0,LEADER,1,0,0,103,0,0,0,0,0,0,0,0,0,0,0
283687,68,bully,2065,1,0,0,103,0,1442,0,1,68,281622,2065,0,104,0,0,0,LEADER,1,0,0,103,0,0,0,0,0,0,0,0,0,0,0
283088,45,bully,1466,1,0,0,103,0,1442,0,1,45,281622,1466,0,104,0,0,0,LEADER,1,0,0,103,0,0,0,0,0,0,0,0,0,0,0
283445,93,bully,1823,1,0,0,103,0,1442,0,1,93,281622,1823,0,104,0,0,0,LEADER,1,0,0,103,0,0,0,0,0,0,0,0,0,0,0
284026,82,bully,2404,1,0,0,103,0,1442,0,1,82,281622,2404,0,104,0,0,0,LEADER,1,0,0,103,0,0,0,0,0,0,0,0,0,0,0
284020,51,bully,2398,1,0,0,103,0,1442,0,1,51,281622,2398,0,104,0,0,0,LEADER,1,0,0,103,0,0,0,0,0,0,0,0,0,0,0
283565,39,bully,1943,1,0,0,103,0,1442,0,1,39,281622,1943,0,104,0,0,0,LEADER,1,0,0,103,0,0,0,0,0,0,0,0,0,0,0
283311,78,bully,1689,1,0,0,103,0,1442,0,1,78,281622,1689,0,104,0,0,0,LEADER,1,0,0,103,0,0,0,0,0,0,0,0,0,0,0
283699,79,bully,2077,1,0,0,103,0,1442,0,1,79,281622,2077,0,104,0,0,0,LEADER,1,0,0,103,0,0,0,0,0,0,0,0,0,0,0
283274,14,bully,1652,1,0,0,103,0,1442,0,1,14,281622,1652,0,104,0,0,0,LEADER,1,0,0,103,0,0,0,0,0,0,0,0,0,0,0
283701,36,bully,2080,1,0,0,103,0,1442,0,1,36,281621,2080,0,104,0,0,0,LEADER,1,0,0,103,0,0,0,0,0,0,0,0,0,0,0
283584,81,bully,1962,1,0,0,103,0,1442,0,1,81,281622,1962,0,104,0,0,0,LEADER,1,0,0,103,0,0,0,0,0,0,0,0,0,0,0
283244,67,bully,1622,1,0,0,103,0,1442,0,1,67,281622,1622,0,104,0,0,0,LEADER,1,0,0,103,0,0,0,0,0,0,0,0,0,0,0
284005,83,bully,2383,1,0,0,103,0,1442,0,1,83,281622,2383,0,104,0,0,0,LEADER,1,0,0,103,0,0,0,0,0,0,0,0,0,0,0
284149,99,bully,1607,1,0,0,103,0,1442,0,1,99,282542,1607,0,104,0,0,0,LEADER,1,0,0,103,0,0,0,0,0,0,0,0,0,0,0
283326,55,bully,1704,1,0,0,103,0,1442,0,1,55,281622,1704,0,104,0,0,0,LEADER,1,0,0,103,0,0,0,0,0,0,0,0,0,0,0
284116,89,bully,1574,1,0,0,103,0,1442,0,1,89,282542,1574,0,104,0,0,0,LEADER,1,0,0,103,0,0,0,0,0,0,0,0,0,0,0
283278,77,bully,1656,1,0,0,103,0,1442,0,1,77,281622,1656,0,104,0,0,0,LEADER,1,0,0,103,0,0,0,0,0,0,0,0,0,0,0
283550,71,bully,1928,1,0,0,103,0,1442,0,1,71,281622,1928,0,104,0,0,0,LEADER,1,0,0,103,0,0,0,0,0,0,0,0,0,0,0
283829,76,bully,2213,1,0,0,103,0,1442,0,1,76,281616,2213,0,104,0,0,0,LEADER,1,0,0,103,0,0,0,0,0,0,0,0,0,0,0
283464,52,bully,1840,1,0,0,103,0,1442,0,1,52,281624,1840,0,104,0,0,0,LEADER,1,0,0,103,0,0,0,0,0,0,0,0,0,0,0
283429,10,bully,1807,1,0,0,103,0,1442,0,1,10,281622,1807,0,104,0,0,0,LEADER,1,0,0,103,0,0,0,0,0,0,0,0,0,0,0
283362,22,bully,1740,1,0,0,103,0,1442,0,1,22,281622,1740,0,104,0,0,0,LEADER,1,0,0,103,0,0,0,0,0,0,0,0,0,0,0
283508,21,bully,1889,1,0,0,103,0,1442,0,1,21,281619,1889,0,104,0,0,0,LEADER,1,0,0,103,0,0,0,0,0,0,0,0,0,0,0
283768,56,bully,2146,1,0,0,103,0,1442,0,1,56,281622,2146,0,104,0,0,0,LEADER,1,0,0,103,0,0,0,0,0,0,0,0,0,0,0
283293,60,bully,1671,1,0,0,103,0,1442,0,1,60,281622,1671,0,104,0,0,0,LEADER,1,0,0,103,0,0,0,0,0,0,0,0,0,0,0
284146,25,bully,1604,1,0,0,103,0,1442,0,1,25,282542,1604,0,104,0,0,0,LEADER,1,0,0,103,0,0,0,0,0,0,0,0,0,0,0
283359,65,bully,1737,1,0,0,103,0,1442,0,1,65,281622,1737,0,104,0,0,0,LEADER,1,0,0,103,0,0,0,0,0,0,0,0,0,0,0
284035,19,bully,2413,1,0,0,103,0,1442,0,1,19,281622,2413,0,104,0,0,0,LEADER,1,0,0,103,0,0,0,0,0,0,0,0,0,0,0
283665,69,bully,2043,1,0,0,103,0,1442,0,1,69,281622,2043,0,104,0,0,0,LEADER,1,0,0,103,0,0,0,0,0,0,0,0,0,0,0
284267,54,bully,1725,1,0,0,103,0,1442,0,1,54,282542,1725,0,104,0,0,0,LEADER,1,0,0,103,0,0,0,0,0,0,0,0,0,0,0
283614,17,bully,1992,1,0,0,103,0,1442,0,1,17,281622,1992,0,104,0,0,0,LEADER,1,0,0,103,0,0,0,0,0,0,0,0,0,0,0
284128,100,bully,1586,1,0,0,103,0,1442,0,1,100,282542,1586,0,104,0,0,0,LEADER,1,0,0,103,0,0,0,0,0,0,0,0,0,0,0
284091,16,bully,1549,1,0,0,103,0,1442,0,1,16,282542,1549,0,104,0,0,0,LEADER,1,0,0,103,0,0,0,0,0,0,0,0,0,0,0
283680,37,bully,2058,1,0,0,103,0,1442,0,1,37,281622,2058,0,104,0,0,0,LEADER,1,0,0,103,0,0,0,0,0,0,0,0,0,0,0
284316,13,bully,1774,1,0,0,103,0,1442,0,1,13,282542,1774,0,104,0,0,0,LEADER,1,0,0,103,0,0,0,0,0,0,0,0,0,0,0
283477,20,bully,1855,1,0,0,103,0,1442,0,1,20,281622,1855,0,104,0,0,0,LEADER,1,0,0,103,0,0,0,0,0,0,0,0,0,0,0
284109,41,bully,1567,1,0,0,103,0,1442,0,1,41,282542,1567,0,104,0,0,0,LEADER,1,0,0,103,0,0,0,0,0,0,0,0,0,0,0
284098,47,bully,1556,1,0,0,103,0,1442,0,1,47,282542,1556,0,104,0,0,0,LEADER,1,0,0,103,0,0,0,0,0,0,0,0,0,0,0
283924,95,bully,2301,1,0,0,103,0,1442,0,1,95,281623,2301,0,104,0,0,0,LEADER,1,0,0,103,0,0,0,0,0,0,0,0,0,0,0
283787,98,bully,2165,1,0,0,103,0,1442,0,1,98,281622,2165,0,104,0,0,0,LEADER,1,0,0,103,0,0,0,0,0,0,0,0,0,0,0
283971,73,bully,2349,1,0,0,103,0,1442,0,1,73,281622,2349,0,104,0,0,0,LEADER,1,0,0,103,0,0,0,0,0,0,0,0,0,0,0
284294,33,bully,1752,1,0,0,103,0,1442,0,1,33,282542,1752,0,104,0,0,0,LEADER,1,0,0,103,0,0,0,0,0,0,0,0,0,0,0
284264,97,bully,1722,1,0,0,103,0,1442,0,1,97,282542,1722,0,104,0,0,0,LEADER,1,0,0,103,0,0,0,0,0,0,0,0,0,0,0
283517,61,bully,1895,1,0,0,103,0,1442,0,1,61,281622,1895,0,104,0,0,0,LEADER,1,0,0,103,0,0,0,0,0,0,0,0,0,0,0
284464,40,bully,1922,1,0,0,103,0,1442,0,1,40,282542,1922,0,104,0,0,0,LEADER,1,0,0,103,0,0,0,0,0,0,0,0,0,0,0
283953,31,bully,2331,1,0,0,103,0,1442,0,1,31,281622,2331,0,104,0,0,0,LEADER,1,0,0,103,0,0,0,0,0,0,0,0,0,0,0
284454,29,bully,1910,1,0,0,103,0,1442,0,1,29,282544,1910,0,104,0,0,0,LEADER,1,0,0,103,0,0,0,0,0,0,0,0,0,0,0
284280,96,bully,1744,1,0,0,103,0,1442,0,1,96,282536,1744,0,104,0,0,0,LEADER,1,0,0,103,0,0,0,0,0,0,0,0,0,0,0
283943,9,bully,2514,1,0,0,15,25,210,350,5,4,281429,2514,0,8,0,0,0,NORMAL,0,0,0,15,0,0,0,25,0,0,0,0,0,0,0
284367,84,bully,1825,1,0,0,103,0,1442,0,1,84,282542,1825,0,104,0,0,0,LEADER,1,0,0,103,0,0,0,0,0,0,0,0,0,0,0
284063,80,bully,1519,1,0,0,103,0,1442,0,1,80,282544,1519,0,104,0,0,0,LEADER,1,0,0,103,0,0,0,0,0,0,0,0,0,0,0
283905,53,bully,2283,1,0,0,103,0,1442,0,1,53,281622,2283,0,104,0,0,0,LEADER,1,0,0,103,0,0,0,0,0,0,0,0,0,0,0
283981,92,bully,1438,1,0,0,103,0,1442,0,1,92,282543,1438,0,104,0,0,0,LEADER,1,0,0,103,0,0,0,0,0,0,0,0,0,0,0
284149,91,bully,1619,1,0,0,103,0,1442,0,1,91,282530,1619,0,104,0,0,0,LEADER,1,0,0,103,0,0,0,0,0,0,0,0,0,0,0
284416,62,bully,1874,1,0,0,103,0,1442,0,1,62,282542,1874,0,104,0,0,0,LEADER,1,0,0,103,0,0,0,0,0,0,0,0,0,0,0
284113,15,bully,1571,1,0,0,103,0,1442,0,1,15,282542,1571,0,104,0,0,0,LEADER,1,0,0,103,0,0,0,0,0,0,0,0,0,0,0
283783,26,bully,2161,1,0,0,103,0,1442,0,1,26,281622,2161,0,104,0,0,0,LEADER,1,0,0,103,0,0,0,0,0,0,0,0,0,0,0
284519,49,bully,1977,1,0,0,103,0,1442,0,1,49,282542,1977,0,104,0,0,0,LEADER,1,0,0,103,0,0,0,0,0,0,0,0,0,0,0
284334,58,bully,1792,1,0,0,103,0,1442,0,1,58,282542,1792,0,104,0,0,0,LEADER,1,0,0,103,0,0,0,0,0,0,0,0,0,0,0
283868,86,bully,2246,1,0,0,103,0,1442,0,1,86,281622,2246,0,104,0,0,0,LEADER,1,0,0,103,0,0,0,0,0,0,0,0,0,0,0
284041,50,bully,2419,1,0,0,103,0,1442,0,1,50,281622,2419,0,104,0,0,0,LEADER,1,0,0,103,0,0,0,0,0,0,0,0,0,0,0
283829,87,bully,2212,1,0,0,103,0,1442,0,1,87,281617,2212,0,104,0,0,0,LEADER,1,0,0,103,0,0,0,0,0,0,0,0,0,0,0
283891,85,bully,2268,1,0,0,103,0,1442,0,1,85,281623,2268,0,104,0,0,0,LEADER,1,0,0,103,0,0,0,0,0,0,0,0,0,0,0
284038,64,bully,2416,1,0,0,103,0,1442,0,1,64,281622,2416,0,104,0,0,0,LEADER,1,0,0,103,0,0,0,0,0,0,0,0,0,0,0
283976,18,bully,1434,1,0,0,103,0,1442,0,1,18,282542,1434,0,104,0,0,0,LEADER,1,0,0,103,0,0,0,0,0,0,0,0,0,0,0
283887,11,bully,2264,1,0,0,103,0,1442,0,1,11,281623,2264,0,104,0,0,0,LEADER,1,0,0,103,0,0,0,0,0,0,0,0,0,0,0
284095,90,bully,1553,1,0,0,103,0,1442,0,1,90,282542,1553,0,104,0,0,0,LEADER,1,0,0,103,0,0,0,0,0,0,0,0,0,0,0
283989,35,bully,1447,1,0,0,103,0,1442,0,1,35,282542,1447,0,104,0,0,0,LEADER,1,0,0,103,0,0,0,0,0,0,0,0,0,0,0
283871,43,bully,2249,1,0,0,103,0,1442,0,1,43,281622,2249,0,104,0,0,0,LEADER,1,0,0,103,0,0,0,0,0,0,0,0,0,0,0
284009,28,bully,1467,1,0,0,103,0,1442,0,1,28,282542,1467,0,104,0,0,0,LEADER,1,0,0,103,0,0,0,0,0,0,0,0,0,0,0
283846,44,bully,2228,1,0,0,103,0,1442,0,1,44,281618,2228,0,104,0,0,0,LEADER,1,0,0,103,0,0,0,0,0,0,0,0,0,0,0
284683,23,bully,2141,1,0,0,103,0,1442,0,1,23,282542,2141,0,104,0,0,0,LEADER,1,0,0,103,0,0,0,0,0,0,0,0,0,0,0
284003,30,bully,1461,1,0,0,103,0,1442,0,1,30,282542,1461,0,104,0,0,0,LEADER,1,0,0,103,0,0,0,0,0,0,0,0,0,0,0
284403,94,bully,1859,1,0,0,103,0,1442,0,1,94,282544,1859,0,104,0,0,0,LEADER,1,0,0,103,0,0,0,0,0,0,0,0,0,0,0
284043,38,bully,1501,1,0,0,103,0,1442,0,1,38,282542,1501,0,104,0,0,0,LEADER,1,0,0,103,0,0,0,0,0,0,0,0,0,0,0
284722,66,bully,2180,1,0,0,103,0,1442,0,1,66,282542,2180,0,104,0,0,0,LEADER,1,0,0,103,0,0,0,0,0,0,0,0,0,0,0
284028,70,bully,1486,1,0,0,103,0,1442,0,1,70,282542,1486,0,104,0,0,0,LEADER,1,0,0,103,0,0,0,0,0,0,0,0,0,0,0
284673,88,bully,2131,1,0,0,103,0,1442,0,1,88,282542,2131,0,104,0,0,0,LEADER,1,0,0,103,0,0,0,0,0,0,0,0,0,0,0
283857,75,bully,2235,1,0,0,103,0,1442,0,1,75,281622,2235,0,104,0,0,0,LEADER,1,0,0,103,0,0,0,0,0,0,0,0,0,0,0
283867,12,bully,2243,1,0,0,103,0,1442,0,1,12,281624,2243,0,104,0,0,0,LEADER,1,0,0,103,0,0,0,0,0,0,0,0,0,0,0
284567,27,bully,2025,1,0,0,103,0,1442,0,1,27,282542,2025,0,104,0,0,0,LEADER,1,0,0,103,0,0,0,0,0,0,0,0,0,0,0
284056,42,bully,1514,1,0,0,103,0,1442,0,1,42,282542,1514,0,104,0,0,0,LEADER,1,0,0,103,0,0,0,0,0,0,0,0,0,0,0
284703,24,bully,2161,1,0,0,103,0,1442,0,1,24,282542,2161,0,104,0,0,0,LEADER,1,0,0,103,0,0,0,0,0,0,0,0,0,0,0
284655,46,bully,2113,1,0,0,103,0,1442,0,1,46,282542,2113,0,104,0,0,0,LEADER,1,0,0,103,0,0,0,0,0,0,0,0,0,0,0
284552,59,bully,2010,1,0,0,103,0,1442,0,1,59,282542,2010,0,104,0,0,0,LEADER,1,0,0,103,0,0,0,0,0,0,0,0,0,0,0
284180,34,bully,1637,1,0,0,103,0,1442,0,1,34,282543,1637,0,104,0,0,0,LEADER,1,0,0,103,0,0,0,0,0,0,0,0,0,0,0
284834,32,bully,2292,1,0,0,103,0,1442,0,1,32,282542,2292,0,104,0,0,0,LEADER,1,0,0,103,0,0,0,0,0,0,0,0,0,0,0
284450,72,bully,1907,1,0,0,103,0,1442,0,1,72,282543,1907,0,104,0,0,0,LEADER,1,0,0,103,0,0,0,0,0,0,0,0,0,0,0
284861,63,bully,2316,1,0,0,103,0,1442,0,1,63,282545,2316,0,104,0,0,0,LEADER,1,0,0,103,0,0,0,0,0,0,0,0,0,0,0
284334,74,bully,1792,1,0,0,103,0,1442,0,1,74,282542,1792,0,104,0,0,0,LEADER,1,0,0,103,0,0,0,0,0,0,0,0,0,0,0
284076,48,bully,1534,1,0,0,103,0,1442,0,1,48,282542,1534,0,104,0,0,0,LEADER,1,0,0,103,0,0,0,0,0,0,0,0,0,0,0
284539,57,bully,1995,1,0,0,103,0,1442,0,1,57,282544,1995,0,104,0,0,0,LEADER,1,0,0,103,0,0,0,0,0,0,0,0,0,0,0
284607,68,bully,2065,1,0,0,103,0,1442,0,1,68,282542,2065,0,104,0,0,0,LEADER,1,0,0,103,0,0,0,0,0,0,0,0,0,0,0
284008,45,bully,1466,1,0,0,103,0,1442,0,1,45,282542,1466,0,104,0,0,0,LEADER,1,0,0,103,0,0,0,0,0,0,0,0,0,0,0
284365,93,bully,1823,1,0,0,103,0,1442,0,1,93,282542,1823,0,104,0,0,0,LEADER,1,0,0,103,0,0,0,0,0,0,0,0,0,0,0
284946,82,bully,2404,1,0,0,103,0,1442,0,1,82,282542,2404,0,104,0,0,0,LEADER,1,0,0,103,0,0,0,0,0,0,0,0,0,0,0
284940,51,bully,2398,1,0,0,103,0,1442,0,1,51,282542,2398,0,104,0,0,0,LEADER,1,0,0,103,0,0,0,0,0,0,0,0,0,0,0
284485,39,bully,1943,1,0,0,103,0,1442,0,1,39,282542,1943,0,104,0,0,0,LEADER,1,0,0,103,0,0,0,0,0,0,0,0,0,0,0
284231,78,bully,1689,1,0,0,103,0,1442,0,1,78,282542,1689,0,104,0,0,0,LEADER,1,0,0,103,0,0,0,0,0,0,0,0,0,0,0
284619,79,bully,2077,1,0,0,103,0,1442,0,1,79,282542,2077,0,104,0,0,0,LEADER,1,0,0,103,0,0,0,0,0,0,0,0,0,0,0
284194,14,bully,1652,1,0,0,103,0,1442,0,1,14,282542,1652,0,104,0,0,0,LEADER,1,0,0,103,0,0,0,0,0,0,0,0,0,0,0
284621,36,bully,2080,1,0,0,103,0,1442,0,1,36,282541,2080,0,104,0,0,0,LEADER,1,0,0,103,0,0,0,0,0,0,0,0,0,0,0
284504,81,bully,1962,1,0,0,103,0,1442,0,1,81,282542,1962,0,104,0,0,0,LEADER,1,0,0,103,0,0,0,0,0,0,0,0,0,0,0
284164,67,bully,1622,1,0,0,103,0,1442,0,1,67,282542,1622,0,104,0,0,0,LEADER,1,0,0,103,0,0,0,0,0,0,0,0,0,0,0
284925,83,bully,2383,1,0,0,103,0,1442,0,1,83,282542,2383,0,104,0,0,0,LEADER,1,0,0,103,0,0,0,0,0,0,0,0,0,0,0
285069,99,bully,1607,1,0,0,103,0,1442,0,1,99,283462,1607,0,104,0,0,0,LEADER,1,0,0,103,0,0,0,0,0,0,0,0,0,0,0
284246,55,bully,1704,1,0,0,103,0,1442,0,1,55,282542,1704,0,104,0,0,0,LEADER,1,0,0,103,0,0,0,0,0,0,0,0,0,0,0
285036,89,bully,1574,1,0,0,103,0,1442,0,1,89,283462,1574,0,104,0,0,0,LEADER,1,0,0,103,0,0,0,0,0,0,0,0,0,0,0
284198,77,bully,1656,1,0,0,103,0,1442,0,1,77,282542,1656,0,104,0,0,0,LEADER,1,0,0,103,0,0,0,0,0,0,0,0,0,0,0
284470,71,bully,1928,1,0,0,103,0,1442,0,1,71,282542,1928,0,104,0,0,0,LEADER,1,0,0,103,0,0,0,0,0,0,0,0,0,0,0
284749,76,bully,2213,1,0,0,103,0,1442,0,1,76,282536,2213,0,104,0,0,0,LEADER,1,0,0,103,0,0,0,0,0,0,0,0,0,0,0
284384,52,bully,1840,1,0,0,103,0,1442,0,1,52,282544,1840,0,104,0,0,0,LEADER,1,0,0,103,0,0,0,0,0,0,0,0,0,0,0
284349,10,bully,1807,1,0,0,103,0,1442,0,1,10,282542,1807,0,104,0,0,0,LEADER,1,0,0,103,0,0,0,0,0,0,0,0,0,0,0
284282,22,bully,1740,1,0,0,103,0,1442,0,1,22,282542,1740,0,104,0,0,0,LEADER,1,0,0,103,0,0,0,0,0,0,0,0,0,0,0
284428,21,bully,1889,1,0,0,103,0,1442,0,1,21,282539,1889,0,104,0,0,0,LEADER,1,0,0,103,0,0,0,0,0,0,0,0,0,0,0
284688,56,bully,2146,1,0,0,103,0,1442,0,1,56,282542,2146,0,104,0,0,0,LEADER,1,0,0,103,0,0,0,0,0,0,0,0,0,0,0
284213,60,bully,1671,1,0,0,103,0,1442,0,1,60,282542,1671,0,104,0,0,0,LEADER,1,0,0,103,0,0,0,0,0,0,0,0,0,0,0
285066,25,bully,1604,1,0,0,103,0,1442,0,1,25,283462,1604,0,104,0,0,0,LEADER,1,0,0,103,0,0,0,0,0,0,0,0,0,0,0
284279,65,bully,1737,1,0,0,103,0,1442,0,1,65,282542,1737,0,104,0,0,0,LEADER,1,0,0,103,0,0,0,0,0,0,0,0,0,0,0
284955,19,bully,2413,1,0,0,103,0,1442,0,1,19,282542,2413,0,104,0,0,0,LEADER,1,0,0,103,0,0,0,0,0,0,0,0,0,0,0
284585,69,bully,2043,1,0,0,103,0,1442,0,1,69,282542,2043,0,104,0,0,0,LEADER,1,0,0,103,0,0,0,0,0,0,0,0,0,0,0
285187,54,bully,1725,1,0,0,103,0,1442,0,1,54,283462,1725,0,104,0,0,0,LEADER,1,0,0,103,0,0,0,0,0,0,0,0,0,0,0
284534,17,bully,1992,1,0,0,103,0,1442,0,1,17,282542,1992,0,104,0,0,0,LEADER,1,0,0,103,0,0,0,0,0,0,0,0,0,0,0
285048,100,bully,1586,1,0,0,103,0,1442,0,1,100,283462,1586,0,104,0,0,0,LEADER,1,0,0,103,0,0,0,0,0,0,0,0,0,0,0
285011,16,bully,1549,1,0,0,103,0,1442,0,1,16,283462,1549,0,104,0,0,0,LEADER,1,0,0,103,0,0,0,0,0,0,0,0,0,0,0
284600,37,bully,2058,1,0,0,103,0,1442,0,1,37,282542,2058,0,104,0,0,0,LEADER,1,0,0,103,0,0,0,0,0,0,0,0,0,0,0
285236,13,bully,1774,1,0,0,103,0,1442,0,1,13,283462,1774,0,104,0,0,0,LEADER,1,0,0,103,0,0,0,0,0,0,0,0,0,0,0
284397,20,bully,1855,1,0,0,103,0,1442,0,1,20,282542,1855,0,104,0,0,0,LEADER,1,0,0,103,0,0,0,0,0,0,0,0,0,0,0
285029,41,bully,1567,1,0,0,103,0,1442,0,1,41,283462,1567,0,104,0,0,0,LEADER,1,0,0,103,0,0,0,0,0,0,0,0,0,0,0
285018,47,bully,1556,1,0,0,103,0,1442,0,1,47,283462,1556,0,104,0,0,0,LEADER,1,0,0,103,0,0,0,0,0,0,0,0,0,0,0
284844,95,bully,2301,1,0,0,103,0,1442,0,1,95,282543,2301,0,104,0,0,0,LEADER,1,0,0,103,0,0,0,0,0,0,0,0,0,0,0
284707,98,bully,2165,1,0,0,103,0,1442,0,1,98,282542,2165,0,104,0,0,0,LEADER,1,0,0,103,0,0,0,0,0,0,0,0,0,0,0
284891,73,bully,2349,1,0,0,103,0,1442,0,1,73,282542,2349,0,104,0,0,0,LEADER,1,0,0,103,0,0,0,0,0,0,0,0,0,0,0
285214,33,bully,1752,1,0,0,103,0,1442,0,1,33,283462,1752,0,104,0,0,0,LEADER,1,0,0,103,0,0,0,0,0,0,0,0,0,0,0
285184,97,bully,1722,1,0,0,103,0,1442,0,1,97,283462,1722,0,104,0,0,0,LEADER,1,0,0,103,0,0,0,0,0,0,0,0,0,0,0
284437,61,bully,1895,1,0,0,103,0,1442,0,1,61,282542,1895,0,104,0,0,0,LEADER,1,0,0,103,0,0,0,0,0,0,0,0,0,0,0
285384,40,bully,1922,1,0,0,103,0,1442,0,1,40,283462,1922,0,104,0,0,0,LEADER,1,0,0,103,0,0,0,0,0,0,0,0,0,0,0
284873,31,bully,2331,1,0,0,103,0,1442,0,1,31,282542,2331,0,104,0,0,0,LEADER,1,0,0,103,0,0,0,0,0,0,0,0,0,0,0
285374,29,bully,1910,1,0,0,103,0,1442,0,1,29,283464,1910,0,104,0,0,0,LEADER,1,0,0,103,0,0,0,0,0,0,0,0,0,0,0
285200,96,bully,1744,1,0,0,103,0,1442,0,1,96,283456,1744,0,104,0,0,0,LEADER,1,0,0,103,0,0,0,0,0,0,0,0,0,0,0
285287,84,bully,1825,1,0,0,103,0,1442,0,1,84,283462,1825,0,104,0,0,0,LEADER,1,0,0,103,0,0,0,0,0,0,0,0,0,0,0
284900,8,bully,2467,1,0,0,26,41,364,574,5,4,282433,2467,0,10,0,0,0,NORMAL,0,0,0,26,0,0,0,41,0,0,0,0,0,0,0
284983,80,bully,1519,1,0,0,103,0,1442,0,1,80,283464,1519,0,104,0,0,0,LEADER,1,0,0,103,0,0,0,0,0,0,0,0,0,0,0
284825,53,bully,2283,1,0,0,103,0,1442,0,1,53,282542,2283,0,104,0,0,0,LEADER,1,0,0,103,0,0,0,0,0,0,0,0,0,0,0
284901,92,bully,1438,1,0,0,103,0,1442,0,1,92,283463,1438,0,104,0,0,0,LEADER,1,0,0,103,0,0,0,0,0,0,0,0,0,0,0
285069,91,bully,1619,1,0,0,103,0,1442,0,1,91,283450,1619,0,104,0,0,0,LEADER,1,0,0,103,0,0,0,0,0,0,0,0,0,0,0
285336,62,bully,1874,1,0,0,103,0,1442,0,1,62,283462,1874,0,104,0,0,0,LEADER,1,0,0,103,0,0,0,0,0,0,0,0,0,0,0
285033,15,bully,1571,1,0,0,103,0,1442,0,1,15,283462,1571,0,104,0,0,0,LEADER,1,0,0,103,0,0,0,0,0,0,0,0,0,0,0
284703,26,bully,2161,1,0,0,103,0,1442,0,1,26,282542,2161,0,104,0,0,0,LEADER,1,0,0,103,0,0,0,0,0,0,0,0,0,0,0
285439,49,bully,1977,1,0,0,103,0,1442,0,1,49,283462,1977,0,104,0,0,0,LEADER,1,0,0,103,0,0,0,0,0,0,0,0,0,0,0
285254,58,bully,1792,1,0,0,103,0,1442,0,1,58,283462,1792,0,104,0,0,0,LEADER,1,0,0,103,0,0,0,0,0,0,0,0,0,0,0
284788,86,bully,2246,1,0,0,103,0,1442,0,1,86,282542,2246,0,104,0,0,0,LEADER,1,0,0,103,0,0,0,0,0,0,0,0,0,0,0
284961,50,bully,2419,1,0,0,103,0,1442,0,1,50,282542,2419,0,104,0,0,0,LEADER,1,0,0,103,0,0,0,0,0,0,0,0,0,0,0
284749,87,bully,2212,1,0,0,103,0,1442,0,1,87,282537,2212,0,104,0,0,0,LEADER,1,0,0,103,0,0,0,0,0,0,0,0,0,0,0
284811,85,bully,2268,1,0,0,103,0,1442,0,1,85,282543,2268,0,104,0,0,0,LEADER,1,0,0,103,0,0,0,0,0,0,0,0,0,0,0
284958,64,bully,2416,1,0,0,103,0,1442,0,1,64,282542,2416,0,104,0,0,0,LEADER,1,0,0,103,0,0,0,0,0,0,0,0,0,0,0
284896,18,bully,1434,1,0,0,103,0,1442,0,1,18,283462,1434,0,104,0,0,0,LEADER,1,0,0,103,0,0,0,0,0,0,0,0,0,0,0
284807,11,bully,2264,1,0,0,103,0,1442,0,1,11,282543,2264,0,104,0,0,0,LEADER,1,0,0,103,0,0,0,0,0,0,0,0,0,0,0
285015,90,bully,1553,1,0,0,103,0,1442,0,1,90,283462,1553,0,104,0,0,0,LEADER,1,0,0,103,0,0,0,0,0,0,0,0,0,0,0
284909,35,bully,1447,1,0,0,103,0,1442,0,1,35,283462,1447,0,104,0,0,0,LEADER,1,0,0,103,0,0,0,0,0,0,0,0,0,0,0
284791,43,bully,2249,1,0,0,103,0,1442,0,1,43,282542,2249,0,104,0,0,0,LEADER,1,0,0,103,0,0,0,0,0,0,0,0,0,0,0
284766,44,bully,2228,1,0,0,103,0,1442,0,1,44,282538,2228,0,104,0,0,0,LEADER,1,0,0,103,0,0,0,0,0,0,0,0,0,0,0
284929,28,bully,1467,1,0,0,103,0,1442,0,1,28,283462,1467,0,104,0,0,0,LEADER,1,0,0,103,0,0,0,0,0,0,0,0,0,0,0
285603,23,bully,2141,1,0,0,103,0,1442,0,1,23,283462,2141,0,104,0,0,0,LEADER,1,0,0,103,0,0,0,0,0,0,0,0,0,0,0
284923,30,bully,1461,1,0,0,103,0,1442,0,1,30,283462,1461,0,104,0,0,0,LEADER,1,0,0,103,0,0,0,0,0,0,0,0,0,0,0
285323,94,bully,1859,1,0,0,103,0,1442,0,1,94,283464,1859,0,104,0,0,0,LEADER,1,0,0,103,0,0,0,0,0,0,0,0,0,0,0
284963,38,bully,1501,1,0,0,103,0,1442,0,1,38,283462,1501,0,104,0,0,0,LEADER,1,0,0,103,0,0,0,0,0,0,0,0,0,0,0
285642,66,bully,2180,1,0,0,103,0,1442,0,1,66,283462,2180,0,104,0,0,0,LEADER,1,0,0,103,0,0,0,0,0,0,0,0,0,0,0
284948,70,bully,1486,1,0,0,103,0,1442,0,1,70,283462,1486,0,104,0,0,0,LEADER,1,0,0,103,0,0,0,0,0,0,0,0,0,0,0
285593,88,bully,2131,1,0,0,103,0,1442,0,1,88,283462,2131,0,104,0,0,0,LEADER,1,0,0,103,0,0,0,0,0,0,0,0,0,0,0
284777,75,bully,2235,1,0,0,103,0,1442,0,1,75,282542,2235,0,104,0,0,0,LEADER,1,0,0,103,0,0,0,0,0,0,0,0,0,0,0
284787,12,bully,2243,1,0,0,103,0,1442,0,1,12,282544,2243,0,104,0,0,0,LEADER,1,0,0,103,0,0,0,0,0,0,0,0,0,0,0
285487,27,bully,2025,1,0,0,103,0,1442,0,1,27,283462,2025,0,104,0,0,0,LEADER,1,0,0,103,0,0,0,0,0,0,0,0,0,0,0
284976,42,bully,1514,1,0,0,103,0,1442,0,1,42,283462,1514,0,104,0,0,0,LEADER,1,0,0,103,0,0,0,0,0,0,0,0,0,0,0
285623,24,bully,2161,1,0,0,103,0,1442,0,1,24,283462,2161,0,104,0,0,0,LEADER,1,0,0,103,0,0,0,0,0,0,0,0,0,0,0
285575,46,bully,2113,1,0,0,103,0,1442,0,1,46,283462,2113,0,104,0,0,0,LEADER,1,0,0,103,0,0,0,0,0,0,0,0,0,0,0
285472,59,bully,2010,1,0,0,103,0,1442,0,1,59,283462,2010,0,104,0,0,0,LEADER,1,0,0,103,0,0,0,0,0,0,0,0,0,0,0
285754,32,bully,2292,1,0,0,103,0,1442,0,1,32,283462,2292,0,104,0,0,0,LEADER,1,0,0,103,0,0,0,0,0,0,0,0,0,0,0
285100,34,bully,1637,1,0,0,103,0,1442,0,1,34,283463,1637,0,104,0,0,0,LEADER,1,0,0,103,0,0,0,0,0,0,0,0,0,0,0
285370,72,bully,1907,1,0,0,103,0,1442,0,1,72,283463,1907,0,104,0,0,0,LEADER,1,0,0,103,0,0,0,0,0,0,0,0,0,0,0
285781,63,bully,2316,1,0,0,103,0,1442,0,1,63,283465,2316,0,104,0,0,0,LEADER,1,0,0,103,0,0,0,0,0,0,0,0,0,0,0
285254,74,bully,1792,1,0,0,103,0,1442,0,1,74,283462,1792,0,104,0,0,0,LEADER,1,0,0,103,0,0,0,0,0,0,0,0,0,0,0
284996,48,bully,1534,1,0,0,103,0,1442,0,1,48,283462,1534,0,104,0,0,0,LEADER,1,0,0,103,0,0,0,0,0,0,0,0,0,0,0
285459,57,bully,1995,1,0,0,103,0,1442,0,1,57,283464,1995,0,104,0,0,0,LEADER,1,0,0,103,0,0,0,0,0,0,0,0,0,0,0
285527,68,bully,2065,1,0,0,103,0,1442,0,1,68,283462,2065,0,104,0,0,0,LEADER,1,0,0,103,0,0,0,0,0,0,0,0,0,0,0
284928,45,bully,1466,1,0,0,103,0,1442,0,1,45,283462,1466,0,104,0,0,0,LEADER,1,0,0,103,0,0,0,0,0,0,0,0,0,0,0
285285,93,bully,1823,1,0,0,103,0,1442,0,1,93,283462,1823,0,104,0,0,0,LEADER,1,0,0,103,0,0,0,0,0,0,0,0,0,0,0
285866,82,bully,2404,1,0,0,103,0,1442,0,1,82,283462,2404,0,104,0,0,0,LEADER,1,0,0,103,0,0,0,0,0,0,0,0,0,0,0
285860,51,bully,2398,1,0,0,103,0,1442,0,1,51,283462,2398,0,104,0,0,0,LEADER,1,0,0,103,0,0,0,0,0,0,0,0,0,0,0
285405,39,bully,1943,1,0,0,103,0,1442,0,1,39,283462,1943,0,104,0,0,0,LEADER,1,0,0,103,0,0,0,0,0,0,0,0,0,0,0
285151,78,bully,1689,1,0,0,103,0,1442,0,1,78,283462,1689,0,104,0,0,0,LEADER,1,0,0,103,0,0,0,0,0,0,0,0,0,0,0
285539,79,bully,2077,1,0,0,103,0,1442,0,1,79,283462,2077,0,104,0,0,0,LEADER,1,0,0,103,0,0,0,0,0,0,0,0,0,0,0
285114,14,bully,1652,1,0,0,103,0,1442,0,1,14,283462,1652,0,104,0,0,0,LEADER,1,0,0,103,0,0,0,0,0,0,0,0,0,0,0
285541,36,bully,2080,1,0,0,103,0,1442,0,1,36,283461,2080,0,104,0,0,0,LEADER,1,0,0,103,0,0,0,0,0,0,0,0,0,0,0
285424,81,bully,1962,1,0,0,103,0,1442,0,1,81,283462,1962,0,104,0,0,0,LEADER,1,0,0,103,0,0,0,0,0,0,0,0,0,0,0
285084,67,bully,1622,1,0,0,103,0,1442,0,1,67,283462,1622,0,104,0,0,0,LEADER,1,0,0,103,0,0,0,0,0,0,0,0,0,0,0
285845,83,bully,2383,1,0,0,103,0,1442,0,1,83,283462,2383,0,104,0,0,0,LEADER,1,0,0,103,0,0,0,0,0,0,0,0,0,0,0
285990,99,bully,1607,1,0,0,104,0,1456,0,1,99,284383,1607,0,105,0,0,0,LEADER,1,0,0,104,0,0,0,0,0,0,0,0,0,0,0
285166,55,bully,1704,1,0,0,103,0,1442,0,1,55,283462,1704,0,104,0,0,0,LEADER,1,0,0,103,0,0,0,0,0,0,0,0,0,0,0
285957,89,bully,1574,1,0,0,104,0,1456,0,1,89,284383,1574,0,105,0,0,0,LEADER,1,0,0,104,0,0,0,0,0,0,0,0,0,0,0
285118,77,bully,1656,1,0,0,103,0,1442,0,1,77,283462,1656,0,104,0,0,0,LEADER,1,0,0,103,0,0,0,0,0,0,0,0,0,0,0
285390,71,bully,1928,1,0,0,103,0,1442,0,1,71,283462,1928,0,104,0,0,0,LEADER,1,0,0,103,0,0,0,0,0,0,0,0,0,0,0
285669,76,bully,2213,1,0,0,103,0,1442,0,1,76,283456,2213,0,104,0,0,0,LEADER,1,0,0,103,0,0,0,0,0,0,0,0,0,0,0
285304,52,bully,1840,1,0,0,103,0,1442,0,1,52,283464,1840,0,104,0,0,0,LEADER,1,0,0,103,0,0,0,0,0,0,0,0,0,0,0
285269,10,bully,1807,1,0,0,103,0,1442,0,1,10,283462,1807,0,104,0,0,0,LEADER,1,0,0,103,0,0,0,0,0,0,0,0,0,0,0
285202,22,bully,1740,1,0,0,103,0,1442,0,1,22,283462,1740,0,104,0,0,0,LEADER,1,0,0,103,0,0,0,0,0,0,0,0,0,0,0
285348,21,bully,1889,1,0,0,103,0,1442,0,1,21,283459,1889,0,104,0,0,0,LEADER,1,0,0,103,0,0,0,0,0,0,0,0,0,0,0
285608,56,bully,2146,1,0,0,103,0,1442,0,1,56,283462,2146,0,104,0,0,0,LEADER,1,0,0,103,0,0,0,0,0,0,0,0,0,0,0
285133,60,bully,1671,1,0,0,103,0,1442,0,1,60,283462,1671,0,104,0,0,0,LEADER,1,0,0,103,0,0,0,0,0,0,0,0,0,0,0
285987,25,bully,1604,1,0,0,104,0,1456,0,1,25,284383,1604,0,105,0,0,0,LEADER,1,0,0,104,0,0,0,0,0,0,0,0,0,0,0
285199,65,bully,1737,1,0,0,103,0,1442,0,1,65,283462,1737,0,104,0,0,0,LEADER,1,0,0,103,0,0,0,0,0,0,0,0,0,0,0
285875,19,bully,2413,1,0,0,103,0,1442,0,1,19,283462,2413,0,104,0,0,0,LEADER,1,0,0,103,0,0,0,0,0,0,0,0,0,0,0
285505,69,bully,2043,1,0,0,103,0,1442,0,1,69,283462,2043,0,104,0,0,0,LEADER,1,0,0,103,0,0,0,0,0,0,0,0,0,0,0
286108,54,bully,1725,1,0,0,104,0,1456,0,1,54,284383,1725,0,105,0,0,0,LEADER,1,0,0,104,0,0,0,0,0,0,0,0,0,0,0
285454,17,bully,1992,1,0,0,103,0,1442,0,1,17,283462,1992,0,104,0,0,0,LEADER,1,0,0,103,0,0,0,0,0,0,0,0,0,0,0
285969,100,bully,1586,1,0,0,104,0,1456,0,1,100,284383,1586,0,105,0,0,0,LEADER,1,0,0,104,0,0,0,0,0,0,0,0,0,0,0
285932,16,bully,1549,1,0,0,104,0,1456,0,1,16,284383,1549,0,105,0,0,0,LEADER,1,0,0,104,0,0,0,0,0,0,0,0,0,0,0
285520,37,bully,2058,1,0,0,103,0,1442,0,1,37,283462,2058,0,104,0,0,0,LEADER,1,0,0,103,0,0,0,0,0,0,0,0,0,0,0
286157,13,bully,1774,1,0,0,104,0,1456,0,1,13,284383,1774,0,105,0,0,0,LEADER,1,0,0,104,0,0,0,0,0,0,0,0,0,0,0
285317,20,bully,1855,1,0,0,103,0,1442,0,1,20,283462,1855,0,104,0,0,0,LEADER,1,0,0,103,0,0,0,0,0,0,0,0,0,0,0
285950,41,bully,1567,1,0,0,104,0,1456,0,1,41,284383,1567,0,105,0,0,0,LEADER,1,0,0,104,0,0,0,0,0,0,0,0,0,0,0
285939,47,bully,1556,1,0,0,104,0,1456,0,1,47,284383,1556,0,105,0,0,0,LEADER,1,0,0,104,0,0,0,0,0,0,0,0,0,0,0
285764,95,bully,2301,1,0,0,103,0,1442,0,1,95,283463,2301,0,104,0,0,0,LEADER,1,0,0,103,0,0,0,0,0,0,0,0,0,0,0
285627,98,bully,2165,1,0,0,103,0,1442,0,1,98,283462,2165,0,104,0,0,0,LEADER,1,0,0,103,0,0,0,0,0,0,0,0,0,0,0
285811,73,bully,2349,1,0,0,103,0,1442,0,1,73,283462,2349,0,104,0,0,0,LEADER,1,0,0,103,0,0,0,0,0,0,0,0,0,0,0
285357,61,bully,1895,1,0,0,103,0,1442,0,1,61,283462,1895,0,104,0,0,0,LEADER,1,0,0,103,0,0,0,0,0,0,0,0,0,0,0
286105,97,bully,1722,1,0,0,104,0,1456,0,1,97,284383,1722,0,105,0,0,0,LEADER,1,0,0,104,0,0,0,0,0,0,0,0,0,0,0
286135,33,bully,1752,1,0,0,104,0,1456,0,1,33,284383,1752,0,105,0,0,0,LEADER,1,0,0,104,0,0,0,0,0,0,0,0,0,0,0
285793,31,bully,2331,1,0,0,103,0,1442,0,1,31,283462,2331,0,104,0,0,0,LEADER,1,0,0,103,0,0,0,0,0,0,0,0,0,0,0
286305,40,bully,1922,1,0,0,104,0,1456,0,1,40,284383,1922,0,105,0,0,0,LEADER,1,0,0,104,0,0,0,0,0,0,0,0,0,0,0
286295,29,bully,1910,1,0,0,104,0,1456,0,1,29,284385,1910,0,105,0,0,0,LEADER,1,0,0,104,0,0,0,0,0,0,0,0,0,0,0
286121,96,bully,1744,1,0,0,104,0,1456,0,1,96,284377,1744,0,105,0,0,0,LEADER,1,0,0,104,0,0,0,0,0,0,0,0,0,0,0
286208,84,bully,1825,1,0,0,104,0,1456,0,1,84,284383,1825,0,105,0,0,0,LEADER,1,0,0,104,0,0,0,0,0,0,0,0,0,0,0
285904,80,bully,1519,1,0,0,104,0,1456,0,1,80,284385,1519,0,105,0,0,0,LEADER,1,0,0,104,0,0,0,0,0,0,0,0,0,0,0
285745,53,bully,2283,1,0,0,103,0,1442,0,1,53,283462,2283,0,104,0,0,0,LEADER,1,0,0,103,0,0,0,0,0,0,0,0,0,0,0
285822,92,bully,1438,1,0,0,104,0,1456,0,1,92,284384,1438,0,105,0,0,0,LEADER,1,0,0,104,0,0,0,0,0,0,0,0,0,0,0
285990,91,bully,1619,1,0,0,104,0,1456,0,1,91,284371,1619,0,105,0,0,0,LEADER,1,0,0,104,0,0,0,0,0,0,0,0,0,0,0
286257,62,bully,1874,1,0,0,104,0,1456,0,1,62,284383,1874,0,105,0,0,0,LEADER,1,0,0,104,0,0,0,0,0,0,0,0,0,0,0
285954,15,bully,1571,1,0,0,104,0,1456,0,1,15,284383,1571,0,105,0,0,0,LEADER,1,0,0,104,0,0,0,0,0,0,0,0,0,0,0
285623,26,bully,2161,1,0,0,103,0,1442,0,1,26,283462,2161,0,104,0,0,0,LEADER,1,0,0,103,0,0,0,0,0,0,0,0,0,0,0
286360,49,bully,1977,1,0,0,104,0,1456,0,1,49,284383,1977,0,105,0,0,0,LEADER,1,0,0,104,0,0,0,0,0,0,0,0,0,0,0
286175,58,bully,1792,1,0,0,104,0,1456,0,1,58,284383,1792,0,105,0,0,0,LEADER,1,0,0,104,0,0,0,0,0,0,0,0,0,0,0
285708,86,bully,2246,1,0,0,103,0,1442,0,1,86,283462,2246,0,104,0,0,0,LEADER,1,0,0,103,0,0,0,0,0,0,0,0,0,0,0
285881,50,bully,2419,1,0,0,103,0,1442,0,1,50,283462,2419,0,104,0,0,0,LEADER,1,0,0,103,0,0,0,0,0,0,0,0,0,0,0
285731,85,bully,2268,1,0,0,103,0,1442,0,1,85,283463,2268,0,104,0,0,0,LEADER,1,0,0,103,0,0,0,0,0,0,0,0,0,0,0
285669,87,bully,2212,1,0,0,103,0,1442,0,1,87,283457,2212,0,104,0,0,0,LEADER,1,0,0,103,0,0,0,0,0,0,0,0,0,0,0
285878,64,bully,2416,1,0,0,103,0,1442,0,1,64,283462,2416,0,104,0,0,0,LEADER,1,0,0,103,0,0,0,0,0,0,0,0,0,0,0
285727,11,bully,2264,1,0,0,103,0,1442,0,1,11,283463,2264,0,104,0,0,0,LEADER,1,0,0,103,0,0,0,0,0,0,0,0,0,0,0
285817,18,bully,1434,1,0,0,104,0,1456,0,1,18,284383,1434,0,105,0,0,0,LEADER,1,0,0,104,0,0,0,0,0,0,0,0,0,0,0
285936,90,bully,1553,1,0,0,104,0,1456,0,1,90,284383,1553,0,105,0,0,0,LEADER,1,0,0,104,0,0,0,0,0,0,0,0,0,0,0
285830,35,bully,1447,1,0,0,104,0,1456,0,1,35,284383,1447,0,105,0,0,0,LEADER,1,0,0,104,0,0,0,0,0,0,0,0,0,0,0
285711,43,bully,2249,1,0,0,103,0,1442,0,1,43,283462,2249,0,104,0,0,0,LEADER,1,0,0,103,0,0,0,0,0,0,0,0,0,0,0
285686,44,bully,2228,1,0,0,103,0,1442,0,1,44,283458,2228,0,104,0,0,0,LEADER,1,0,0,103,0,0,0,0,0,0,0,0,0,0,0
285850,28,bully,1467,1,0,0,104,0,1456,0,1,28,284383,1467,0,105,0,0,0,LEADER,1,0,0,104,0,0,0,0,0,0,0,0,0,0,0
286524,23,bully,2141,1,0,0,104,0,1456,0,1,23,284383,2141,0,105,0,0,0,LEADER,1,0,0,104,0,0,0,0,0,0,0,0,0,0,0
285844,30,bully,1461,1,0,0,104,0,1456,0,1,30,284383,1461,0,105,0,0,0,LEADER,1,0,0,104,0,0,0,0,0,0,0,0,0,0,0
286244,94,bully,1859,1,0,0,104,0,1456,0,1,94,284385,1859,0,105,0,0,0,LEADER,1,0,0,104,0,0,0,0,0,0,0,0,0,0,0
285884,38,bully,1501,1,0,0,104,0,1456,0,1,38,284383,1501,0,105,0,0,0,LEADER,1,0,0,104,0,0,0,0,0,0,0,0,0,0,0
286563,66,bully,2180,1,0,0,104,0,1456,0,1,66,284383,2180,0,105,0,0,0,LEADER,1,0,0,104,0,0,0,0,0,0,0,0,0,0,0
285869,70,bully,1486,1,0,0,104,0,1456,0,1,70,284383,1486,0,105,0,0,0,LEADER,1,0,0,104,0,0,0,0,0,0,0,0,0,0,0
286514,88,bully,2131,1,0,0,104,0,1456,0,1,88,284383,2131,0,105,0,0,0,LEADER,1,0,0,104,0,0,0,0,0,0,0,0,0,0,0
285697,75,bully,2235,1,0,0,103,0,1442,0,1,75,283462,2235,0,104,0,0,0,LEADER,1,0,0,103,0,0,0,0,0,0,0,0,0,0,0
285707,12,bully,2243,1,0,0,103,0,1442,0,1,12,283464,2243,0,104,0,0,0,LEADER,1,0,0,103,0,0,0,0,0,0,0,0,0,0,0
286408,27,bully,2025,1,0,0,104,0,1456,0,1,27,284383,2025,0,105,0,0,0,LEADER,1,0,0,104,0,0,0,0,0,0,0,0,0,0,0
285897,42,bully,1514,1,0,0,104,0,1456,0,1,42,284383,1514,0,105,0,0,0,LEADER,1,0,0,104,0,0,0,0,0,0,0,0,0,0,0
286544,24,bully,2161,1,0,0,104,0,1456,0,1,24,284383,2161,0,105,0,0,0,LEADER,1,0,0,104,0,0,0,0,0,0,0,0,0,0,0
286496,46,bully,2113,1,0,0,104,0,1456,0,1,46,284383,2113,0,105,0,0,0,LEADER,1,0,0,104,0,0,0,0,0,0,0,0,0,0,0
286393,59,bully,2010,1,0,0,104,0,1456,0,1,59,284383,2010,0,105,0,0,0,LEADER,1,0,0,104,0,0,0,0,0,0,0,0,0,0,0
286021,34,bully,1637,1,0,0,104,0,1456,0,1,34,284384,1637,0,105,0,0,0,LEADER,1,0,0,104,0,0,0,0,0,0,0,0,0,0,0
286675,32,bully,2292,1,0,0,104,0,1456,0,1,32,284383,2292,0,105,0,0,0,LEADER,1,0,0,104,0,0,0,0,0,0,0,0,0,0,0
286291,72,bully,1907,1,0,0,104,0,1456,0,1,72,284384,1907,0,105,0,0,0,LEADER,1,0,0,104,0,0,0,0,0,0,0,0,0,0,0
286702,63,bully,2316,1,0,0,104,0,1456,0,1,63,284386,2316,0,105,0,0,0,LEADER,1,0,0,104,0,0,0,0,0,0,0,0,0,0,0
286175,74,bully,1792,1,0,0,104,0,1456,0,1,74,284383,1792,0,105,0,0,0,LEADER,1,0,0,104,0,0,0,0,0,0,0,0,0,0,0
285917,48,bully,1534,1,0,0,104,0,1456,0,1,48,284383,1534,0,105,0,0,0,LEADER,1,0,0,104,0,0,0,0,0,0,0,0,0,0,0
286380,57,bully,1995,1,0,0,104,0,1456,0,1,57,284385,1995,0,105,0,0,0,LEADER,1,0,0,104,0,0,0,0,0,0,0,0,0,0,0
286448,68,bully,2065,1,0,0,104,0,1456,0,1,68,284383,2065,0,105,0,0,0,LEADER,1,0,0,104,0,0,0,0,0,0,0,0,0,0,0
285849,45,bully,1466,1,0,0,104,0,1456,0,1,45,284383,1466,0,105,0,0,0,LEADER,1,0,0,104,0,0,0,0,0,0,0,0,0,0,0
286206,93,bully,1823,1,0,0,104,0,1456,0,1,93,284383,1823,0,105,0,0,0,LEADER,1,0,0,104,0,0,0,0,0,0,0,0,0,0,0
286787,82,bully,2404,1,0,0,104,0,1456,0,1,82,284383,2404,0,105,0,0,0,LEADER,1,0,0,104,0,0,0,0,0,0,0,0,0,0,0
286781,51,bully,2398,1,0,0,104,0,1456,0,1,51,284383,2398,0,105,0,0,0,LEADER,1,0,0,104,0,0,0,0,0,0,0,0,0,0,0
286326,39,bully,1943,1,0,0,104,0,1456,0,1,39,284383,1943,0,105,0,0,0,LEADER,1,0,0,104,0,0,0,0,0,0,0,0,0,0,0
286072,78,bully,1689,1,0,0,104,0,1456,0,1,78,284383,1689,0,105,0,0,0,LEADER,1,0,0,104,0,0,0,0,0,0,0,0,0,0,0
286460,79,bully,2077,1,0,0,104,0,1456,0,1,79,284383,2077,0,105,0,0,0,LEADER,1,0,0,104,0,0,0,0,0,0,0,0,0,0,0
286035,14,bully,1652,1,0,0,104,0,1456,0,1,14,284383,1652,0,105,0,0,0,LEADER,1,0,0,104,0,0,0,0,0,0,0,0,0,0,0
286462,36,bully,2080,1,0,0,104,0,1456,0,1,36,284382,2080,0,105,0,0,0,LEADER,1,0,0,104,0,0,0,0,0,0,0,0,0,0,0
286345,81,bully,1962,1,0,0,104,0,1456,0,1,81,284383,1962,0,105,0,0,0,LEADER,1,0,0,104,0,0,0,0,0,0,0,0,0,0,0
286005,67,bully,1622,1,0,0,104,0,1456,0,1,67,284383,1622,0,105,0,0,0,LEADER,1,0,0,104,0,0,0,0,0,0,0,0,0,0,0
286766,83,bully,2383,1,0,0,104,0,1456,0,1,83,284383,2383,0,105,0,0,0,LEADER,1,0,0,104,0,0,0,0,0,0,0,0,0,0,0
286910,99,bully,1607,1,0,0,104,0,1456,0,1,99,285303,1607,0,105,0,0,0,LEADER,1,0,0,104,0,0,0,0,0,0,0,0,0,0,0
286087,55,bully,1704,1,0,0,104,0,1456,0,1,55,284383,1704,0,105,0,0,0,LEADER,1,0,0,104,0,0,0,0,0,0,0,0,0,0,0
286877,89,bully,1574,1,0,0,104,0,1456,0,1,89,285303,1574,0,105,0,0,0,LEADER,1,0,0,104,0,0,0,0,0,0,0,0,0,0,0
286039,77,bully,1656,1,0,0,104,0,1456,0,1,77,284383,1656,0,105,0,0,0,LEADER,1,0,0,104,0,0,0,0,0,0,0,0,0,0,0
286311,71,bully,1928,1,0,0,104,0,1456,0,1,71,284383,1928,0,105,0,0,0,LEADER,1,0,0,104,0,0,0,0,0,0,0,0,0,0,0
286590,76,bully,2213,1,0,0,104,0,1456,0,1,76,284377,2213,0,105,0,0,0,LEADER,1,0,0,104,0,0,0,0,0,0,0,0,0,0,0
286225,52,bully,1840,1,0,0,104,0,1456,0,1,52,284385,1840,0,105,0,0,0,LEADER,1,0,0,104,0,0,0,0,0,0,0,0,0,0,0
286190,10,bully,1807,1,0,0,104,0,1456,0,1,10,284383,1807,0,105,0,0,0,LEADER,1,0,0,104,0,0,0,0,0,0,0,0,0,0,0
286123,22,bully,1740,1,0,0,104,0,1456,0,1,22,284383,1740,0,105,0,0,0,LEADER,1,0,0,104,0,0,0,0,0,0,0,0,0,0,0
286269,21,bully,1889,1,0,0,104,0,1456,0,1,21,284380,1889,0,105,0,0,0,LEADER,1,0,0,104,0,0,0,0,0,0,0,0,0,0,0
286529,56,bully,2146,1,0,0,104,0,1456,0,1,56,284383,2146,0,105,0,0,0,LEADER,1,0,0,104,0,0,0,0,0,0,0,0,0,0,0
286054,60,bully,1671,1,0,0,104,0,1456,0,1,60,284383,1671,0,105,0,0,0,LEADER,1,0,0,104,0,0,0,0,0,0,0,0,0,0,0
286907,25,bully,1604,1,0,0,104,0,1456,0,1,25,285303,1604,0,105,0,0,0,LEADER,1,0,0,104,0,0,0,0,0,0,0,0,0,0,0
286120,65,bully,1737,1,0,0,104,0,1456,0,1,65,284383,1737,0,105,0,0,0,LEADER,1,0,0,104,0,0,0,0,0,0,0,0,0,0,0
286796,19,bully,2413,1,0,0,104,0,1456,0,1,19,284383,2413,0,105,0,0,0,LEADER,1,0,0,104,0,0,0,0,0,0,0,0,0,0,0
286426,69,bully,2043,1,0,0,104,0,1456,0,1,69,284383,2043,0,105,0,0,0,LEADER,1,0,0,104,0,0,0,0,0,0,0,0,0,0,0
287028,54,bully,1725,1,0,0,104,0,1456,0,1,54,285303,1725,0,105,0,0,0,LEADER,1,0,0,104,0,0,0,0,0,0,0,0,0,0,0
286375,17,bully,1992,1,0,0,104,0,1456,0,1,17,284383,1992,0,105,0,0,0,LEADER,1,0,0,104,0,0,0,0,0,0,0,0,0,0,0
286889,100,bully,1586,1,0,0,104,0,1456,0,1,100,285303,1586,0,105,0,0,0,LEADER,1,0,0,104,0,0,0,0,0,0,0,0,0,0,0
286852,16,bully,1549,1,0,0,104,0,1456,0,1,16,285303,1549,0,105,0,0,0,LEADER,1,0,0,104,0,0,0,0,0,0,0,0,0,0,0
286441,37,bully,2058,1,0,0,104,0,1456,0,1,37,284383,2058,0,105,0,0,0,LEADER,1,0,0,104,0,0,0,0,0,0,0,0,0,0,0
287077,13,bully,1774,1,0,0,104,0,1456,0,1,13,285303,1774,0,105,0,0,0,LEADER,1,0,0,104,0,0,0,0,0,0,0,0,0,0,0
286238,20,bully,1855,1,0,0,104,0,1456,0,1,20,284383,1855,0,105,0,0,0,LEADER,1,0,0,104,0,0,0,0,0,0,0,0,0,0,0
286870,41,bully,1567,1,0,0,104,0,1456,0,1,41,285303,1567,0,105,0,0,0,LEADER,1,0,0,104,0,0,0,0,0,0,0,0,0,0,0
286859,47,bully,1556,1,0,0,104,0,1456,0,1,47,285303,1556,0,105,0,0,0,LEADER,1,0,0,104,0,0,0,0,0,0,0,0,0,0,0
286685,95,bully,2301,1,0,0,104,0,1456,0,1,95,284384,2301,0,105,0,0,0,LEADER,1,0,0,104,0,0,0,0,0,0,0,0,0,0,0
286548,98,bully,2165,1,0,0,104,0,1456,0,1,98,284383,2165,0,105,0,0,0,LEADER,1,0,0,104,0,0,0,0,0,0,0,0,0,0,0
286732,73,bully,2349,1,0,0,104,0,1456,0,1,73,284383,2349,0,105,0,0,0,LEADER,1,0,0,104,0,0,0,0,0,0,0,0,0,0,0
287055,33,bully,1752,1,0,0,104,0,1456,0,1,33,285303,1752,0,105,0,0,0,LEADER,1,0,0,104,0,0,0,0,0,0,0,0,0,0,0
287025,97,bully,1722,1,0,0,104,0,1456,0,1,97,285303,1722,0,105,0,0,0,LEADER,1,0,0,104,0,0,0,0,0,0,0,0,0,0,0
286278,61,bully,1895,1,0,0,104,0,1456,0,1,61,284383,1895,0,105,0,0,0,LEADER,1,0,0,104,0,0,0,0,0,0,0,0,0,0,0
287225,40,bully,1922,1,0,0,104,0,1456,0,1,40,285303,1922,0,105,0,0,0,LEADER,1,0,0,104,0,0,0,0,0,0,0,0,0,0,0
286714,31,bully,2331,1,0,0,104,0,1456,0,1,31,284383,2331,0,105,0,0,0,LEADER,1,0,0,104,0,0,0,0,0,0,0,0,0,0,0
287215,29,bully,1910,1,0,0,104,0,1456,0,1,29,285305,1910,0,105,0,0,0,LEADER,1,0,0,104,0,0,0,0,0,0,0,0,0,0,0
287041,96,bully,1744,1,0,0,104,0,1456,0,1,96,285297,1744,0,105,0,0,0,LEADER,1,0,0,104,0,0,0,0,0,0,0,0,0,0,0
287128,84,bully,1825,1,0,0,104,0,1456,0,1,84,285303,1825,0,105,0,0,0,LEADER,1,0,0,104,0,0,0,0,0,0,0,0,0,0,0
286824,80,bully,1519,1,0,0,104,0,1456,0,1,80,285305,1519,0,105,0,0,0,LEADER,1,0,0,104,0,0,0,0,0,0,0,0,0,0,0
286666,53,bully,2283,1,0,0,104,0,1456,0,1,53,284383,2283,0,105,0,0,0,LEADER,1,0,0,104,0,0,0,0,0,0,0,0,0,0,0
286742,92,bully,1438,1,0,0,104,0,1456,0,1,92,285304,1438,0,105,0,0,0,LEADER,1,0,0,104,0,0,0,0,0,0,0,0,0,0,0
286910,91,bully,1619,1,0,0,104,0,1456,0,1,91,285291,1619,0,105,0,0,0,LEADER,1,0,0,104,0,0,0,0,0,0,0,0,0,0,0
287177,62,bully,1874,1,0,0,104,0,1456,0,1,62,285303,1874,0,105,0,0,0,LEADER,1,0,0,104,0,0,0,0,0,0,0,0,0,0,0
286874,15,bully,1571,1,0,0,104,0,1456,0,1,15,285303,1571,0,105,0,0,0,LEADER,1,0,0,104,0,0,0,0,0,0,0,0,0,0,0
286544,26,bully,2161,1,0,0,104,0,1456,0,1,26,284383,2161,0,105,0,0,0,LEADER,1,0,0,104,0,0,0,0,0,0,0,0,0,0,0
287280,49,bully,1977,1,0,0,104,0,1456,0,1,49,285303,1977,0,105,0,0,0,LEADER,1,0,0,104,0,0,0,0,0,0,0,0,0,0,0
287095,58,bully,1792,1,0,0,104,0,1456,0,1,58,285303,1792,0,105,0,0,0,LEADER,1,0,0,104,0,0,0,0,0,0,0,0,0,0,0
286629,86,bully,2246,1,0,0,104,0,1456,0,1,86,284383,2246,0,105,0,0,0,LEADER,1,0,0,104,0,0,0,0,0,0,0,0,0,0,0
286802,50,bully,2419,1,0,0,104,0,1456,0,1,50,284383,2419,0,105,0,0,0,LEADER,1,0,0,104,0,0,0,0,0,0,0,0,0,0,0
286590,87,bully,2212,1,0,0,104,0,1456,0,1,87,284378,2212,0,105,0,0,0,LEADER,1,0,0,104,0,0,0,0,0,0,0,0,0,0,0
286652,85,bully,2268,1,0,0,104,0,1456,0,1,85,284384,2268,0,105,0,0,0,LEADER,1,0,0,104,0,0,0,0,0,0,0,0,0,0,0
286799,64,bully,2416,1,0,0,104,0,1456,0,1,64,284383,2416,0,105,0,0,0,LEADER,1,0,0,104,0,0,0,0,0,0,0,0,0,0,0
286737,18,bully,1434,1,0,0,104,0,1456,0,1,18,285303,1434,0,105,0,0,0,LEADER,1,0,0,104,0,0,0,0,0,0,0,0,0,0,0
286648,11,bully,2264,1,0,0,104,0,1456,0,1,11,284384,2264,0,105,0,0,0,LEADER,1,0,0,104,0,0,0,0,0,0,0,0,0,0,0
286856,90,bully,1553,1,0,0,104,0,1456,0,1,90,285303,1553,0,105,0,0,0,LEADER,1,0,0,104,0,0,0,0,0,0,0,0,0,0,0
286750,35,bully,1447,1,0,0,104,0,1456,0,1,35,285303,1447,0,105,0,0,0,LEADER,1,0,0,104,0,0,0,0,0,0,0,0,0,0,0
286632,43,bully,2249,1,0,0,104,0,1456,0,1,43,284383,2249,0,105,0,0,0,LEADER,1,0,0,104,0,0,0,0,0,0,0,0,0,0,0
286770,28,bully,1467,1,0,0,104,0,1456,0,1,28,285303,1467,0,105,0,0,0,LEADER,1,0,0,104,0,0,0,0,0,0,0,0,0,0,0
286607,44,bully,2228,1,0,0,104,0,1456,0,1,44,284379,2228,0,105,0,0,0,LEADER,1,0,0,104,0,0,0,0,0,0,0,0,0,0,0
287444,23,bully,2141,1,0,0,104,0,1456,0,1,23,285303,2141,0,105,0,0,0,LEADER,1,0,0,104,0,0,0,0,0,0,0,0,0,0,0
286764,30,bully,1461,1,0,0,104,0,1456,0,1,30,285303,1461,0,105,0,0,0,LEADER,1,0,0,104,0,0,0,0,0,0,0,0,0,0,0
287164,94,bully,1859,1,0,0,104,0,1456,0,1,94,285305,1859,0,105,0,0,0,LEADER,1,0,0,104,0,0,0,0,0,0,0,0,0,0,0
286804,38,bully,1501,1,0,0,104,0,1456,0,1,38,285303,1501,0,105,0,0,0,LEADER,1,0,0,104,0,0,0,0,0,0,0,0,0,0,0
287483,66,bully,2180,1,0,0,104,0,1456,0,1,66,285303,2180,0,105,0,0,0,LEADER,1,0,0,104,0,0,0,0,0,0,0,0,0,0,0
286789,70,bully,1486,1,0,0,104,0,1456,0,1,70,285303,1486,0,105,0,0,0,LEADER,1,0,0,104,0,0,0,0,0,0,0,0,0,0,0
287434,88,bully,2131,1,0,0,104,0,1456,0,1,88,285303,2131,0,105,0,0,0,LEADER,1,0,0,104,0,0,0,0,0,0,0,0,0,0,0
286618,75,bully,2235,1,0,0,104,0,1456,0,1,75,284383,2235,0,105,0,0,0,LEADER,1,0,0,104,0,0,0,0,0,0,0,0,0,0,0
286628,12,bully,2243,1,0,0,104,0,1456,0,1,12,284385,2243,0,105,0,0,0,LEADER,1,0,0,104,0,0,0,0,0,0,0,0,0,0,0
287328,27,bully,2025,1,0,0,104,0,1456,0,1,27,285303,2025,0,105,0,0,0,LEADER,1,0,0,104,0,0,0,0,0,0,0,0,0,0,0
286817,42,bully,1514,1,0,0,104,0,1456,0,1,42,285303,1514,0,105,0,0,0,LEADER,1,0,0,104,0,0,0,0,0,0,0,0,0,0,0
287464,24,bully,2161,1,0,0,104,0,1456,0,1,24,285303,2161,0,105,0,0,0,LEADER,1,0,0,104,0,0,0,0,0,0,0,0,0,0,0
287416,46,bully,2113,1,0,0,104,0,1456,0,1,46,285303,2113,0,105,0,0,0,LEADER,1,0,0,104,0,0,0,0,0,0,0,0,0,0,0
287313,59,bully,2010,1,0,0,104,0,1456,0,1,59,285303,2010,0,105,0,0,0,LEADER,1,0,0,104,0,0,0,0,0,0,0,0,0,0,0
286941,34,bully,1637,1,0,0,104,0,1456,0,1,34,285304,1637,0,105,0,0,0,LEADER,1,0,0,104,0,0,0,0,0,0,0,0,0,0,0
287595,32,bully,2292,1,0,0,104,0,1456,0,1,32,285303,2292,0,105,0,0,0,LEADER,1,0,0,104,0,0,0,0,0,0,0,0,0,0,0
287211,72,bully,1907,1,0,0,104,0,1456,0,1,72,285304,1907,0,105,0,0,0,LEADER,1,0,0,104,0,0,0,0,0,0,0,0,0,0,0
287622,63,bully,2316,1,0,0,104,0,1456,0,1,63,285306,2316,0,105,0,0,0,LEADER,1,0,0,104,0,0,0,0,0,0,0,0,0,0,0
287095,74,bully,1792,1,0,0,104,0,1456,0,1,74,285303,1792,0,105,0,0,0,LEADER,1,0,0,104,0,0,0,0,0,0,0,0,0,0,0
286837,48,bully,1534,1,0,0,104,0,1456,0,1,48,285303,1534,0,105,0,0,0,LEADER,1,0,0,104,0,0,0,0,0,0,0,0,0,0,0
287300,57,bully,1995,1,0,0,104,0,1456,0,1,57,285305,1995,0,105,0,0,0,LEADER,1,0,0,104,0,0,0,0,0,0,0,0,0,0,0
287368,68,bully,2065,1,0,0,104,0,1456,0,1,68,285303,2065,0,105,0,0,0,LEADER,1,0,0,104,0,0,0,0,0,0,0,0,0,0,0
286769,45,bully,1466,1,0,0,104,0,1456,0,1,45,285303,1466,0,105,0,0,0,LEADER,1,0,0,104,0,0,0,0,0,0,0,0,0,0,0
287126,93,bully,1823,1,0,0,104,0,1456,0,1,93,285303,1823,0,105,0,0,0,LEADER,1,0,0,104,0,0,0,0,0,0,0,0,0,0,0
287707,82,bully,2404,1,0,0,104,0,1456,0,1,82,285303,2404,0,105,0,0,0,LEADER,1,0,0,104,0,0,0,0,0,0,0,0,0,0,0
287701,51,bully,2398,1,0,0,104,0,1456,0,1,51,285303,2398,0,105,0,0,0,LEADER,1,0,0,104,0,0,0,0,0,0,0,0,0,0,0
287246,39,bully,1943,1,0,0,104,0,1456,0,1,39,285303,1943,0,105,0,0,0,LEADER,1,0,0,104,0,0,0,0,0,0,0,0,0,0,0
286992,78,bully,1689,1,0,0,104,0,1456,0,1,78,285303,1689,0,105,0,0,0,LEADER,1,0,0,104,0,0,0,0,0,0,0,0,0,0,0
287380,79,bully,2077,1,0,0,104,0,1456,0,1,79,285303,2077,0,105,0,0,0,LEADER,1,0,0,104,0,0,0,0,0,0,0,0,0,0,0
286955,14,bully,1652,1,0,0,104,0,1456,0,1,14,285303,1652,0,105,0,0,0,LEADER,1,0,0,104,0,0,0,0,0,0,0,0,0,0,0
287382,36,bully,2080,1,0,0,104,0,1456,0,1,36,285302,2080,0,105,0,0,0,LEADER,1,0,0,104,0,0,0,0,0,0,0,0,0,0,0
287265,81,bully,1962,1,0,0,104,0,1456,0,1,81,285303,1962,0,105,0,0,0,LEADER,1,0,0,104,0,0,0,0,0,0,0,0,0,0,0
286925,67,bully,1622,1,0,0,104,0,1456,0,1,67,285303,1622,0,105,0,0,0,LEADER,1,0,0,104,0,0,0,0,0,0,0,0,0,0,0
287686,83,bully,2383,1,0,0,104,0,1456,0,1,83,285303,2383,0,105,0,0,0,LEADER,1,0,0,104,0,0,0,0,0,0,0,0,0,0,0
287830,99,bully,1607,1,0,0,104,0,1456,0,1,99,286223,1607,0,105,0,0,0,LEADER,1,0,0,104,0,0,0,0,0,0,0,0,0,0,0
287007,55,bully,1704,1,0,0,104,0,1456,0,1,55,285303,1704,0,105,0,0,0,LEADER,1,0,0,104,0,0,0,0,0,0,0,0,0,0,0
287797,89,bully,1574,1,0,0,104,0,1456,0,1,89,286223,1574,0,105,0,0,0,LEADER,1,0,0,104,0,0,0,0,0,0,0,0,0,0,0
286959,77,bully,1656,1,0,0,104,0,1456,0,1,77,285303,1656,0,105,0,0,0,LEADER,1,0,0,104,0,0,0,0,0,0,0,0,0,0,0
287231,71,bully,1928,1,0,0,104,0,1456,0,1,71,285303,1928,0,105,0,0,0,LEADER,1,0,0,104,0,0,0,0,0,0,0,0,0,0,0
287510,76,bully,2213,1,0,0,104,0,1456,0,1,76,285297,2213,0,105,0,0,0,LEADER,1,0,0,104,0,0,0,0,0,0,0,0,0,0,0
287145,52,bully,1840,1,0,0,104,0,1456,0,1,52,285305,1840,0,105,0,0,0,LEADER,1,0,0,104,0,0,0,0,0,0,0,0,0,0,0
287110,10,bully,1807,1,0,0,104,0,1456,0,1,10,285303,1807,0,105,0,0,0,LEADER,1,0,0,104,0,0,0,0,0,0,0,0,0,0,0
287043,22,bully,1740,1,0,0,104,0,1456,0,1,22,285303,1740,0,105,0,0,0,LEADER,1,0,0,104,0,0,0,0,0,0,0,0,0,0,0
287189,21,bully,1889,1,0,0,104,0,1456,0,1,21,285300,1889,0,105,0,0,0,LEADER,1,0,0,104,0,0,0,0,0,0,0,0,0,0,0
287449,56,bully,2146,1,0,0,104,0,1456,0,1,56,285303,2146,0,105,0,0,0,LEADER,1,0,0,104,0,0,0,0,0,0,0,0,0,0,0
286974,60,bully,1671,1,0,0,104,0,1456,0,1,60,285303,1671,0,105,0,0,0,LEADER,1,0,0,104,0,0,0,0,0,0,0,0,0,0,0
287827,25,bully,1604,1,0,0,104,0,1456,0,1,25,286223,1604,0,105,0,0,0,LEADER,1,0,0,104,0,0,0,0,0,0,0,0,0,0,0
287040,65,bully,1737,1,0,0,104,0,1456,0,1,65,285303,1737,0,105,0,0,0,LEADER,1,0,0,104,0,0,0,0,0,0,0,0,0,0,0
287716,19,bully,2413,1,0,0,104,0,1456,0,1,19,285303,2413,0,105,0,0,0,LEADER,1,0,0,104,0,0,0,0,0,0,0,0,0,0,0
287346,69,bully,2043,1,0,0,104,0,1456,0,1,69,285303,2043,0,105,0,0,0,LEADER,1,0,0,104,0,0,0,0,0,0,0,0,0,0,0
287948,54,bully,1725,1,0,0,104,0,1456,0,1,54,286223,1725,0,105,0,0,0,LEADER,1,0,0,104,0,0,0,0,0,0,0,0,0,0,0
287295,17,bully,1992,1,0,0,104,0,1456,0,1,17,285303,1992,0,105,0,0,0,LEADER,1,0,0,104,0,0,0,0,0,0,0,0,0,0,0
287809,100,bully,1586,1,0,0,104,0,1456,0,1,100,286223,1586,0,105,0,0,0,LEADER,1,0,0,104,0,0,0,0,0,0,0,0,0,0,0
287772,16,bully,1549,1,0,0,104,0,1456,0,1,16,286223,1549,0,105,0,0,0,LEADER,1,0,0,104,0,0,0,0,0,0,0,0,0,0,0
287361,37,bully,2058,1,0,0,104,0,1456,0,1,37,285303,2058,0,105,0,0,0,LEADER,1,0,0,104,0,0,0,0,0,0,0,0,0,0,0
287997,13,bully,1774,1,0,0,104,0,1456,0,1,13,286223,1774,0,105,0,0,0,LEADER,1,0,0,104,0,0,0,0,0,0,0,0,0,0,0
287158,20,bully,1855,1,0,0,104,0,1456,0,1,20,285303,1855,0,105,0,0,0,LEADER,1,0,0,104,0,0,0,0,0,0,0,0,0,0,0
287790,41,bully,1567,1,0,0,104,0,1456,0,1,41,286223,1567,0,105,0,0,0,LEADER,1,0,0,104,0,0,0,0,0,0,0,0,0,0,0
287779,47,bully,1556,1,0,0,104,0,1456,0,1,47,286223,1556,0,105,0,0,0,LEADER,1,0,0,104,0,0,0,0,0,0,0,0,0,0,0
287605,95,bully,2301,1,0,0,104,0,1456,0,1,95,285304,2301,0,105,0,0,0,LEADER,1,0,0,104,0,0,0,0,0,0,0,0,0,0,0
287468,98,bully,2165,1,0,0,104,0,1456,0,1,98,285303,2165,0,105,0,0,0,LEADER,1,0,0,104,0,0,0,0,0,0,0,0,0,0,0
287652,73,bully,2349,1,0,0,104,0,1456,0,1,73,285303,2349,0,105,0,0,0,LEADER,1,0,0,104,0,0,0,0,0,0,0,0,0,0,0
287975,33,bully,1752,1,0,0,104,0,1456,0,1,33,286223,1752,0,105,0,0,0,LEADER,1,0,0,104,0,0,0,0,0,0,0,0,0,0,0
287945,97,bully,1722,1,0,0,104,0,1456,0,1,97,286223,1722,0,105,0,0,0,LEADER,1,0,0,104,0,0,0,0,0,0,0,0,0,0,0
287198,61,bully,1895,1,0,0,104,0,1456,0,1,61,285303,1895,0,105,0,0,0,LEADER,1,0,0,104,0,0,0,0,0,0,0,0,0,0,0
288145,40,bully,1922,1,0,0,104,0,1456,0,1,40,286223,1922,0,105,0,0,0,LEADER,1,0,0,104,0,0,0,0,0,0,0,0,0,0,0
287634,31,bully,2331,1,0,0,104,0,1456,0,1,31,285303,2331,0,105,0,0,0,LEADER,1,0,0,104,0,0,0,0,0,0,0,0,0,0,0
288135,29,bully,1910,1,0,0,104,0,1456,0,1,29,286225,1910,0,105,0,0,0,LEADER,1,0,0,104,0,0,0,0,0,0,0,0,0,0,0
287961,96,bully,1744,1,0,0,104,0,1456,0,1,96,286217,1744,0,105,0,0,0,LEADER,1,0,0,104,0,0,0,0,0,0,0,0,0,0,0
288048,84,bully,1825,1,0,0,104,0,1456,0,1,84,286223,1825,0,105,0,0,0,LEADER,1,0,0,104,0,0,0,0,0,0,0,0,0,0,0
287744,80,bully,1519,1,0,0,104,0,1456,0,1,80,286225,1519,0,105,0,0,0,LEADER,1,0,0,104,0,0,0,0,0,0,0,0,0,0,0
287586,53,bully,2283,1,0,0,104,0,1456,0,1,53,285303,2283,0,105,0,0,0,LEADER,1,0,0,104,0,0,0,0,0,0,0,0,0,0,0
287662,92,bully,1438,1,0,0,104,0,1456,0,1,92,286224,1438,0,105,0,0,0,LEADER,1,0,0,104,0,0,0,0,0,0,0,0,0,0,0
287830,91,bully,1619,1,0,0,104,0,1456,0,1,91,286211,1619,0,105,0,0,0,LEADER,1,0,0,104,0,0,0,0,0,0,0,0,0,0,0
288097,62,bully,1874,1,0,0,104,0,1456,0,1,62,286223,1874,0,105,0,0,0,LEADER,1,0,0,104,0,0,0,0,0,0,0,0,0,0,0
287794,15,bully,1571,1,0,0,104,0,1456,0,1,15,286223,1571,0,105,0,0,0,LEADER,1,0,0,104,0,0,0,0,0,0,0,0,0,0,0
287464,26,bully,2161,1,0,0,104,0,1456,0,1,26,285303,2161,0,105,0,0,0,LEADER,1,0,0,104,0,0,0,0,0,0,0,0,0,0,0
288200,49,bully,1977,1,0,0,104,0,1456,0,1,49,286223,1977,0,105,0,0,0,LEADER,1,0,0,104,0,0,0,0,0,0,0,0,0,0,0
288015,58,bully,1792,1,0,0,104,0,1456,0,1,58,286223,1792,0,105,0,0,0,LEADER,1,0,0,104,0,0,0,0,0,0,0,0,0,0,0
288016,2,bully,2214,1,0,0,14,28,196,392,4,2,285802,2214,0,10,0,0,0,LEADER,1,0,0,14,0,0,0,28,0,0,0,0,0,0,0
287549,86,bully,2246,1,0,0,104,0,1456,0,1,86,285303,2246,0,105,0,0,0,LEADER,1,0,0,104,0,0,0,0,0,0,0,0,0,0,0
287722,50,bully,2419,1,0,0,104,0,1456,0,1,50,285303,2419,0,105,0,0,0,LEADER,1,0,0,104,0,0,0,0,0,0,0,0,0,0,0
287510,87,bully,2212,1,0,0,104,0,1456,0,1,87,285298,2212,0,105,0,0,0,LEADER,1,0,0,104,0,0,0,0,0,0,0,0,0,0,0
287572,85,bully,2268,1,0,0,104,0,1456,0,1,85,285304,2268,0,105,0,0,0,LEADER,1,0,0,104,0,0,0,0,0,0,0,0,0,0,0
287719,64,bully,2416,1,0,0,104,0,1456,0,1,64,285303,2416,0,105,0,0,0,LEADER,1,0,0,104,0,0,0,0,0,0,0,0,0,0,0
287657,18,bully,1434,1,0,0,104,0,1456,0,1,18,286223,1434,0,105,0,0,0,LEADER,1,0,0,104,0,0,0,0,0,0,0,0,0,0,0
287568,11,bully,2264,1,0,0,104,0,1456,0,1,11,285304,2264,0,105,0,0,0,LEADER,1,0,0,104,0,0,0,0,0,0,0,0,0,0,0
287776,90,bully,1553,1,0,0,104,0,1456,0,1,90,286223,1553,0,105,0,0,0,LEADER,1,0,0,104,0,0,0,0,0,0,0,0,0,0,0
287670,35,bully,1447,1,0,0,104,0,1456,0,1,35,286223,1447,0,105,0,0,0,LEADER,1,0,0,104,0,0,0,0,0,0,0,0,0,0,0
287552,43,bully,2249,1,0,0,104,0,1456,0,1,43,285303,2249,0,105,0,0,0,LEADER,1,0,0,104,0,0,0,0,0,0,0,0,0,0,0
287690,28,bully,1467,1,0,0,104,0,1456,0,1,28,286223,1467,0,105,0,0,0,LEADER,1,0,0,104,0,0,0,0,0,0,0,0,0,0,0
287527,44,bully,2228,1,0,0,104,0,1456,0,1,44,285299,2228,0,105,0,0,0,LEADER,1,0,0,104,0,0,0,0,0,0,0,0,0,0,0
288364,23,bully,2141,1,0,0,104,0,1456,0,1,23,286223,2141,0,105,0,0,0,LEADER,1,0,0,104,0,0,0,0,0,0,0,0,0,0,0
287684,30,bully,1461,1,0,0,104,0,1456,0,1,30,286223,1461,0,105,0,0,0,LEADER,1,0,0,104,0,0,0,0,0,0,0,0,0,0,0
288084,94,bully,1859,1,0,0,104,0,1456,0,1,94,286225,1859,0,105,0,0,0,LEADER,1,0,0,104,0,0,0,0,0,0,0,0,0,0,0
287724,38,bully,1501,1,0,0,104,0,1456,0,1,38,286223,1501,0,105,0,0,0,LEADER,1,0,0,104,0,0,0,0,0,0,0,0,0,0,0
288403,66,bully,2180,1,0,0,104,0,1456,0,1,66,286223,2180,0,105,0,0,0,LEADER,1,0,0,104,0,0,0,0,0,0,0,0,0,0,0
287709,70,bully,1486,1,0,0,104,0,1456,0,1,70,286223,1486,0,105,0,0,0,LEADER,1,0,0,104,0,0,0,0,0,0,0,0,0,0,0
288354,88,bully,2131,1,0,0,104,0,1456,0,1,88,286223,2131,0,105,0,0,0,LEADER,1,0,0,104,0,0,0,0,0,0,0,0,0,0,0
287538,75,bully,2235,1,0,0,104,0,1456,0,1,75,285303,2235,0,105,0,0,0,LEADER,1,0,0,104,0,0,0,0,0,0,0,0,0,0,0
287548,12,bully,2243,1,0,0,104,0,1456,0,1,12,285305,2243,0,105,0,0,0,LEADER,1,0,0,104,0,0,0,0,0,0,0,0,0,0,0
288248,27,bully,2025,1,0,0,104,0,1456,0,1,27,286223,2025,0,105,0,0,0,LEADER,1,0,0,104,0,0,0,0,0,0,0,0,0,0,0
287737,42,bully,1514,1,0,0,104,0,1456,0,1,42,286223,1514,0,105,0,0,0,LEADER,1,0,0,104,0,0,0,0,0,0,0,0,0,0,0
288118,1,bully,2293,1,0,0,14,14,196,196,1,1,285825,2293,0,13,0,0,0,LEADER,1,0,0,14,0,0,0,14,0,0,0,0,0,0,0
288384,24,bully,2161,1,0,0,104,0,1456,0,1,24,286223,2161,0,105,0,0,0,LEADER,1,0,0,104,0,0,0,0,0,0,0,0,0,0,0
288336,46,bully,2113,1,0,0,104,0,1456,0,1,46,286223,2113,0,105,0,0,0,LEADER,1,0,0,104,0,0,0,0,0,0,0,0,0,0,0
288233,59,bully,2010,1,0,0,104,0,1456,0,1,59,286223,2010,0,105,0,0,0,LEADER,1,0,0,104,0,0,0,0,0,0,0,0,0,0,0
288515,32,bully,2292,1,0,0,104,0,1456,0,1,32,286223,2292,0,105,0,0,0,LEADER,1,0,0,104,0,0,0,0,0,0,0,0,0,0,0
287861,34,bully,1637,1,0,0,104,0,1456,0,1,34,286224,1637,0,105,0,0,0,LEADER,1,0,0,104,0,0,0,0,0,0,0,0,0,0,0
288131,72,bully,1907,1,0,0,104,0,1456,0,1,72,286224,1907,0,105,0,0,0,LEADER,1,0,0,104,0,0,0,0,0,0,0,0,0,0,0
288542,63,bully,2316,1,0,0,104,0,1456,0,1,63,286226,2316,0,105,0,0,0,LEADER,1,0,0,104,0,0,0,0,0,0,0,0,0,0,0
288015,74,bully,1792,1,0,0,104,0,1456,0,1,74,286223,1792,0,105,0,0,0,LEADER,1,0,0,104,0,0,0,0,0,0,0,0,0,0,0
287757,48,bully,1534,1,0,0,104,0,1456,0,1,48,286223,1534,0,105,0,0,0,LEADER,1,0,0,104,0,0,0,0,0,0,0,0,0,0,0
288220,57,bully,1995,1,0,0,104,0,1456,0,1,57,286225,1995,0,105,0,0,0,LEADER,1,0,0,104,0,0,0,0,0,0,0,0,0,0,0
288288,68,bully,2065,1,0,0,104,0,1456,0,1,68,286223,2065,0,105,0,0,0,LEADER,1,0,0,104,0,0,0,0,0,0,0,0,0,0,0
287689,45,bully,1466,1,0,0,104,0,1456,0,1,45,286223,1466,0,105,0,0,0,LEADER,1,0,0,104,0,0,0,0,0,0,0,0,0,0,0
288046,93,bully,1823,1,0,0,104,0,1456,0,1,93,286223,1823,0,105,0,0,0,LEADER,1,0,0,104,0,0,0,0,0,0,0,0,0,0,0
288627,82,bully,2404,1,0,0,104,0,1456,0,1,82,286223,2404,0,105,0,0,0,LEADER,1,0,0,104,0,0,0,0,0,0,0,0,0,0,0
288621,51,bully,2398,1,0,0,104,0,1456,0,1,51,286223,2398,0,105,0,0,0,LEADER,1,0,0,104,0,0,0,0,0,0,0,0,0,0,0
288166,39,bully,1943,1,0,0,104,0,1456,0,1,39,286223,1943,0,105,0,0,0,LEADER,1,0,0,104,0,0,0,0,0,0,0,0,0,0,0
287912,78,bully,1689,1,0,0,104,0,1456,0,1,78,286223,1689,0,105,0,0,0,LEADER,1,0,0,104,0,0,0,0,0,0,0,0,0,0,0
288300,79,bully,2077,1,0,0,104,0,1456,0,1,79,286223,2077,0,105,0,0,0,LEADER,1,0,0,104,0,0,0,0,0,0,0,0,0,0,0
287875,14,bully,1652,1,0,0,104,0,1456,0,1,14,286223,1652,0,105,0,0,0,LEADER,1,0,0,104,0,0,0,0,0,0,0,0,0,0,0
288302,36,bully,2080,1,0,0,104,0,1456,0,1,36,286222,2080,0,105,0,0,0,LEADER,1,0,0,104,0,0,0,0,0,0,0,0,0,0,0
288185,81,bully,1962,1,0,0,104,0,1456,0,1,81,286223,1962,0,105,0,0,0,LEADER,1,0,0,104,0,0,0,0,0,0,0,0,0,0,0
287845,67,bully,1622,1,0,0,104,0,1456,0,1,67,286223,1622,0,105,0,0,0,LEADER,1,0,0,104,0,0,0,0,0,0,0,0,0,0,0
288606,83,bully,2383,1,0,0,104,0,1456,0,1,83,286223,2383,0,105,0,0,0,LEADER,1,0,0,104,0,0,0,0,0,0,0,0,0,0,0
288751,99,bully,1607,1,0,0,105,0,1470,0,1,99,287144,1607,0,106,0,0,0,LEADER,1,0,0,105,0,0,0,0,0,0,0,0,0,0,0
287927,55,bully,1704,1,0,0,104,0,1456,0,1,55,286223,1704,0,105,0,0,0,LEADER,1,0,0,104,0,0,0,0,0,0,0,0,0,0,0
288718,89,bully,1574,1,0,0,105,0,1470,0,1,89,287144,1574,0,106,0,0,0,LEADER,1,0,0,105,0,0,0,0,0,0,0,0,0,0,0
287879,77,bully,1656,1,0,0,104,0,1456,0,1,77,286223,1656,0,105,0,0,0,LEADER,1,0,0,104,0,0,0,0,0,0,0,0,0,0,0
288151,71,bully,1928,1,0,0,104,0,1456,0,1,71,286223,1928,0,105,0,0,0,LEADER,1,0,0,104,0,0,0,0,0,0,0,0,0,0,0
288430,76,bully,2213,1,0,0,104,0,1456,0,1,76,286217,2213,0,105,0,0,0,LEADER,1,0,0,104,0,0,0,0,0,0,0,0,0,0,0
288065,52,bully,1840,1,0,0,104,0,1456,0,1,52,286225,1840,0,105,0,0,0,LEADER,1,0,0,104,0,0,0,0,0,0,0,0,0,0,0
288030,10,bully,1807,1,0,0,104,0,1456,0,1,10,286223,1807,0,105,0,0,0,LEADER,1,0,0,104,0,0,0,0,0,0,0,0,0,0,0
287963,22,bully,1740,1,0,0,104,0,1456,0,1,22,286223,1740,0,105,0,0,0,LEADER,1,0,0,104,0,0,0,0,0,0,0,0,0,0,0
288109,21,bully,1889,1,0,0,104,0,1456,0,1,21,286220,1889,0,105,0,0,0,LEADER,1,0,0,104,0,0,0,0,0,0,0,0,0,0,0
288369,56,bully,2146,1,0,0,104,0,1456,0,1,56,286223,2146,0,105,0,0,0,LEADER,1,0,0,104,0,0,0,0,0,0,0,0,0,0,0
287894,60,bully,1671,1,0,0,104,0,1456,0,1,60,286223,1671,0,105,0,0,0,LEADER,1,0,0,104,0,0,0,0,0,0,0,0,0,0,0
288748,25,bully,1604,1,0,0,105,0,1470,0,1,25,287144,1604,0,106,0,0,0,LEADER,1,0,0,105,0,0,0,0,0,0,0,0,0,0,0
287960,65,bully,1737,1,0,0,104,0,1456,0,1,65,286223,1737,0,105,0,0,0,LEADER,1,0,0,104,0,0,0,0,0,0,0,0,0,0,0
288636,19,bully,2413,1,0,0,104,0,1456,0,1,19,286223,2413,0,105,0,0,0,LEADER,1,0,0,104,0,0,0,0,0,0,0,0,0,0,0
288266,69,bully,2043,1,0,0,104,0,1456,0,1,69,286223,2043,0,105,0,0,0,LEADER,1,0,0,104,0,0,0,0,0,0,0,0,0,0,0
288869,54,bully,1725,1,0,0,105,0,1470,0,1,54,287144,1725,0,106,0,0,0,LEADER,1,0,0,105,0,0,0,0,0,0,0,0,0,0,0
288215,17,bully,1992,1,0,0,104,0,1456,0,1,17,286223,1992,0,105,0,0,0,LEADER,1,0,0,104,0,0,0,0,0,0,0,0,0,0,0
288730,100,bully,1586,1,0,0,105,0,1470,0,1,100,287144,1586,0,106,0,0,0,LEADER,1,0,0,105,0,0,0,0,0,0,0,0,0,0,0
288693,16,bully,1549,1,0,0,105,0,1470,0,1,16,287144,1549,0,106,0,0,0,LEADER,1,0,0,105,0,0,0,0,0,0,0,0,0,0,0
288281,37,bully,2058,1,0,0,104,0,1456,0,1,37,286223,2058,0,105,0,0,0,LEADER,1,0,0,104,0,0,0,0,0,0,0,0,0,0,0
288918,13,bully,1774,1,0,0,105,0,1470,0,1,13,287144,1774,0,106,0,0,0,LEADER,1,0,0,105,0,0,0,0,0,0,0,0,0,0,0
288078,20,bully,1855,1,0,0,104,0,1456,0,1,20,286223,1855,0,105,0,0,0,LEADER,1,0,0,104,0,0,0,0,0,0,0,0,0,0,0
288711,41,bully,1567,1,0,0,105,0,1470,0,1,41,287144,1567,0,106,0,0,0,LEADER,1,0,0,105,0,0,0,0,0,0,0,0,0,0,0
288700,47,bully,1556,1,0,0,105,0,1470,0,1,47,287144,1556,0,106,0,0,0,LEADER,1,0,0,105,0,0,0,0,0,0,0,0,0,0,0
288525,95,bully,2301,1,0,0,104,0,1456,0,1,95,286224,2301,0,105,0,0,0,LEADER,1,0,0,104,0,0,0,0,0,0,0,0,0,0,0
288388,98,bully,2165,1,0,0,104,0,1456,0,1,98,286223,2165,0,105,0,0,0,LEADER,1,0,0,104,0,0,0,0,0,0,0,0,0,0,0
288572,73,bully,2349,1,0,0,104,0,1456,0,1,73,286223,2349,0,105,0,0,0,LEADER,1,0,0,104,0,0,0,0,0,0,0,0,0,0,0
288118,61,bully,1895,1,0,0,104,0,1456,0,1,61,286223,1895,0,105,0,0,0,LEADER,1,0,0,104,0,0,0,0,0,0,0,0,0,0,0
288866,97,bully,1722,1,0,0,105,0,1470,0,1,97,287144,1722,0,106,0,0,0,LEADER,1,0,0,105,0,0,0,0,0,0,0,0,0,0,0
288896,33,bully,1752,1,0,0,105,0,1470,0,1,33,287144,1752,0,106,0,0,0,LEADER,1,0,0,105,0,0,0,0,0,0,0,0,0,0,0
288554,31,bully,2331,1,0,0,104,0,1456,0,1,31,286223,2331,0,105,0,0,0,LEADER,1,0,0,104,0,0,0,0,0,0,0,0,0,0,0
289066,40,bully,1922,1,0,0,105,0,1470,0,1,40,287144,1922,0,106,0,0,0,LEADER,1,0,0,105,0,0,0,0,0,0,0,0,0,0,0
289056,29,bully,1910,1,0,0,105,0,1470,0,1,29,287146,1910,0,106,0,0,0,LEADER,1,0,0,105,0,0,0,0,0,0,0,0,0,0,0
288882,96,bully,1744,1,0,0,105,0,1470,0,1,96,287138,1744,0,106,0,0,0,LEADER,1,0,0,105,0,0,0,0,0,0,0,0,0,0,0
288969,84,bully,1825,1,0,0,105,0,1470,0,1,84,287144,1825,0,106,0,0,0,LEADER,1,0,0,105,0,0,0,0,0,0,0,0,0,0,0
288665,80,bully,1519,1,0,0,105,0,1470,0,1,80,287146,1519,0,106,0,0,0,LEADER,1,0,0,105,0,0,0,0,0,0,0,0,0,0,0
288506,53,bully,2283,1,0,0,104,0,1456,0,1,53,286223,2283,0,105,0,0,0,LEADER,1,0,0,104,0,0,0,0,0,0,0,0,0,0,0
288583,92,bully,1438,1,0,0,105,0,1470,0,1,92,287145,1438,0,106,0,0,0,LEADER,1,0,0,105,0,0,0,0,0,0,0,0,0,0,0
288751,91,bully,1619,1,0,0,105,0,1470,0,1,91,287132,1619,0,106,0,0,0,LEADER,1,0,0,105,0,0,0,0,0,0,0,0,0,0,0
289018,62,bully,1874,1,0,0,105,0,1470,0,1,62,287144,1874,0,106,0,0,0,LEADER,1,0,0,105,0,0,0,0,0,0,0,0,0,0,0
288715,15,bully,1571,1,0,0,105,0,1470,0,1,15,287144,1571,0,106,0,0,0,LEADER,1,0,0,105,0,0,0,0,0,0,0,0,0,0,0
288384,26,bully,2161,1,0,0,104,0,1456,0,1,26,286223,2161,0,105,0,0,0,LEADER,1,0,0,104,0,0,0,0,0,0,0,0,0,0,0
289121,49,bully,1977,1,0,0,105,0,1470,0,1,49,287144,1977,0,106,0,0,0,LEADER,1,0,0,105,0,0,0,0,0,0,0,0,0,0,0
288936,58,bully,1792,1,0,0,105,0,1470,0,1,58,287144,1792,0,106,0,0,0,LEADER,1,0,0,105,0,0,0,0,0,0,0,0,0,0,0
288469,86,bully,2246,1,0,0,104,0,1456,0,1,86,286223,2246,0,105,0,0,0,LEADER,1,0,0,104,0,0,0,0,0,0,0,0,0,0,0
288642,50,bully,2419,1,0,0,104,0,1456,0,1,50,286223,2419,0,105,0,0,0,LEADER,1,0,0,104,0,0,0,0,0,0,0,0,0,0,0
288492,85,bully,2268,1,0,0,104,0,1456,0,1,85,286224,2268,0,105,0,0,0,LEADER,1,0,0,104,0,0,0,0,0,0,0,0,0,0,0
288430,87,bully,2212,1,0,0,104,0,1456,0,1,87,286218,2212,0,105,0,0,0,LEADER,1,0,0,104,0,0,0,0,0,0,0,0,0,0,0
288639,64,bully,2416,1,0,0,104,0,1456,0,1,64,286223,2416,0,105,0,0,0,LEADER,1,0,0,104,0,0,0,0,0,0,0,0,0,0,0
288488,11,bully,2264,1,0,0,104,0,1456,0,1,11,286224,2264,0,105,0,0,0,LEADER,1,0,0,104,0,0,0,0,0,0,0,0,0,0,0
288578,18,bully,1434,1,0,0,105,0,1470,0,1,18,287144,1434,0,106,0,0,0,LEADER,1,0,0,105,0,0,0,0,0,0,0,0,0,0,0
288697,90,bully,1553,1,0,0,105,0,1470,0,1,90,287144,1553,0,106,0,0,0,LEADER,1,0,0,105,0,0,0,0,0,0,0,0,0,0,0
288591,35,bully,1447,1,0,0,105,0,1470,0,1,35,287144,1447,0,106,0,0,0,LEADER,1,0,0,105,0,0,0,0,0,0,0,0,0,0,0
288472,43,bully,2249,1,0,0,104,0,1456,0,1,43,286223,2249,0,105,0,0,0,LEADER,1,0,0,104,0,0,0,0,0,0,0,0,0,0,0
288447,44,bully,2228,1,0,0,104,0,1456,0,1,44,286219,2228,0,105,0,0,0,LEADER,1,0,0,104,0,0,0,0,0,0,0,0,0,0,0
288611,28,bully,1467,1,0,0,105,0,1470,0,1,28,287144,1467,0,106,0,0,0,LEADER,1,0,0,105,0,0,0,0,0,0,0,0,0,0,0
289285,23,bully,2141,1,0,0,105,0,1470,0,1,23,287144,2141,0,106,0,0,0,LEADER,1,0,0,105,0,0,0,0,0,0,0,0,0,0,0
288605,30,bully,1461,1,0,0,105,0,1470,0,1,30,287144,1461,0,106,0,0,0,LEADER,1,0,0,105,0,0,0,0,0,0,0,0,0,0,0
289005,94,bully,1859,1,0,0,105,0,1470,0,1,94,287146,1859,0,106,0,0,0,LEADER,1,0,0,105,0,0,0,0,0,0,0,0,0,0,0
288645,38,bully,1501,1,0,0,105,0,1470,0,1,38,287144,1501,0,106,0,0,0,LEADER,1,0,0,105,0,0,0,0,0,0,0,0,0,0,0
289324,66,bully,2180,1,0,0,105,0,1470,0,1,66,287144,2180,0,106,0,0,0,LEADER,1,0,0,105,0,0,0,0,0,0,0,0,0,0,0
288630,70,bully,1486,1,0,0,105,0,1470,0,1,70,287144,1486,0,106,0,0,0,LEADER,1,0,0,105,0,0,0,0,0,0,0,0,0,0,0
289275,88,bully,2131,1,0,0,105,0,1470,0,1,88,287144,2131,0,106,0,0,0,LEADER,1,0,0,105,0,0,0,0,0,0,0,0,0,0,0
288458,75,bully,2235,1,0,0,104,0,1456,0,1,75,286223,2235,0,105,0,0,0,LEADER,1,0,0,104,0,0,0,0,0,0,0,0,0,0,0
288468,12,bully,2243,1,0,0,104,0,1456,0,1,12,286225,2243,0,105,0,0,0,LEADER,1,0,0,104,0,0,0,0,0,0,0,0,0,0,0
289169,27,bully,2025,1,0,0,105,0,1470,0,1,27,287144,2025,0,106,0,0,0,LEADER,1,0,0,105,0,0,0,0,0,0,0,0,0,0,0
288658,42,bully,1514,1,0,0,105,0,1470,0,1,42,287144,1514,0,106,0,0,0,LEADER,1,0,0,105,0,0,0,0,0,0,0,0,0,0,0
289305,24,bully,2161,1,0,0,105,0,1470,0,1,24,287144,2161,0,106,0,0,0,LEADER,1,0,0,105,0,0,0,0,0,0,0,0,0,0,0
289257,46,bully,2113,1,0,0,105,0,1470,0,1,46,287144,2113,0,106,0,0,0,LEADER,1,0,0,105,0,0,0,0,0,0,0,0,0,0,0
289154,59,bully,2010,1,0,0,105,0,1470,0,1,59,287144,2010,0,106,0,0,0,LEADER,1,0,0,105,0,0,0,0,0,0,0,0,0,0,0
288782,34,bully,1637,1,0,0,105,0,1470,0,1,34,287145,1637,0,106,0,0,0,LEADER,1,0,0,105,0,0,0,0,0,0,0,0,0,0,0
289436,32,bully,2292,1,0,0,105,0,1470,0,1,32,287144,2292,0,106,0,0,0,LEADER,1,0,0,105,0,0,0,0,0,0,0,0,0,0,0
289052,72,bully,1907,1,0,0,105,0,1470,0,1,72,287145,1907,0,106,0,0,0,LEADER,1,0,0,105,0,0,0,0,0,0,0,0,0,0,0
289463,63,bully,2316,1,0,0,105,0,1470,0,1,63,287147,2316,0,106,0,0,0,LEADER,1,0,0,105,0,0,0,0,0,0,0,0,0,0,0
288936,74,bully,1792,1,0,0,105,0,1470,0,1,74,287144,1792,0,106,0,0,0,LEADER,1,0,0,105,0,0,0,0,0,0,0,0,0,0,0
288678,48,bully,1534,1,0,0,105,0,1470,0,1,48,287144,1534,0,106,0,0,0,LEADER,1,0,0,105,0,0,0,0,0,0,0,0,0,0,0
289141,57,bully,1995,1,0,0,105,0,1470,0,1,57,287146,1995,0,106,0,0,0,LEADER,1,0,0,105,0,0,0,0,0,0,0,0,0,0,0
289209,68,bully,2065,1,0,0,105,0,1470,0,1,68,287144,2065,0,106,0,0,0,LEADER,1,0,0,105,0,0,0,0,0,0,0,0,0,0,0
288610,45,bully,1466,1,0,0,105,0,1470,0,1,45,287144,1466,0,106,0,0,0,LEADER,1,0,0,105,0,0,0,0,0,0,0,0,0,0,0
288967,93,bully,1823,1,0,0,105,0,1470,0,1,93,287144,1823,0,106,0,0,0,LEADER,1,0,0,105,0,0,0,0,0,0,0,0,0,0,0
289548,82,bully,2404,1,0,0,105,0,1470,0,1,82,287144,2404,0,106,0,0,0,LEADER,1,0,0,105,0,0,0,0,0,0,0,0,0,0,0
289542,51,bully,2398,1,0,0,105,0,1470,0,1,51,287144,2398,0,106,0,0,0,LEADER,1,0,0,105,0,0,0,0,0,0,0,0,0,0,0
289087,39,bully,1943,1,0,0,105,0,1470,0,1,39,287144,1943,0,106,0,0,0,LEADER,1,0,0,105,0,0,0,0,0,0,0,0,0,0,0
288833,78,bully,1689,1,0,0,105,0,1470,0,1,78,287144,1689,0,106,0,0,0,LEADER,1,0,0,105,0,0,0,0,0,0,0,0,0,0,0
289221,79,bully,2077,1,0,0,105,0,1470,0,1,79,287144,2077,0,106,0,0,0,LEADER,1,0,0,105,0,0,0,0,0,0,0,0,0,0,0
288796,14,bully,1652,1,0,0,105,0,1470,0,1,14,287144,1652,0,106,0,0,0,LEADER,1,0,0,105,0,0,0,0,0,0,0,0,0,0,0
289223,36,bully,2080,1,0,0,105,0,1470,0,1,36,287143,2080,0,106,0,0,0,LEADER,1,0,0,105,0,0,0,0,0,0,0,0,0,0,0
289106,81,bully,1962,1,0,0,105,0,1470,0,1,81,287144,1962,0,106,0,0,0,LEADER,1,0,0,105,0,0,0,0,0,0,0,0,0,0,0
288766,67,bully,1622,1,0,0,105,0,1470,0,1,67,287144,1622,0,106,0,0,0,LEADER,1,0,0,105,0,0,0,0,0,0,0,0,0,0,0
289527,83,bully,2383,1,0,0,105,0,1470,0,1,83,287144,2383,0,106,0,0,0,LEADER,1,0,0,105,0,0,0,0,0,0,0,0,0,0,0
289671,99,bully,1607,1,0,0,105,0,1470,0,1,99,288064,1607,0,106,0,0,0,LEADER,1,0,0,105,0,0,0,0,0,0,0,0,0,0,0
288848,55,bully,1704,1,0,0,105,0,1470,0,1,55,287144,1704,0,106,0,0,0,LEADER,1,0,0,105,0,0,0,0,0,0,0,0,0,0,0
289638,89,bully,1574,1,0,0,105,0,1470,0,1,89,288064,1574,0,106,0,0,0,LEADER,1,0,0,105,0,0,0,0,0,0,0,0,0,0,0
288800,77,bully,1656,1,0,0,105,0,1470,0,1,77,287144,1656,0,106,0,0,0,LEADER,1,0,0,105,0,0,0,0,0,0,0,0,0,0,0
289072,71,bully,1928,1,0,0,105,0,1470,0,1,71,287144,1928,0,106,0,0,0,LEADER,1,0,0,105,0,0,0,0,0,0,0,0,0,0,0
289351,76,bully,2213,1,0,0,105,0,1470,0,1,76,287138,2213,0,106,0,0,0,LEADER,1,0,0,105,0,0,0,0,0,0,0,0,0,0,0
288986,52,bully,1840,1,0,0,105,0,1470,0,1,52,287146,1840,0,106,0,0,0,LEADER,1,0,0,105,0,0,0,0,0,0,0,0,0,0,0
288951,10,bully,1807,1,0,0,105,0,1470,0,1,10,287144,1807,0,106,0,0,0,LEADER,1,0,0,105,0,0,0,0,0,0,0,0,0,0,0
288884,22,bully,1740,1,0,0,105,0,1470,0,1,22,287144,1740,0,106,0,0,0,LEADER,1,0,0,105,0,0,0,0,0,0,0,0,0,0,0
289030,21,bully,1889,1,0,0,105,0,1470,0,1,21,287141,1889,0,106,0,0,0,LEADER,1,0,0,105,0,0,0,0,0,0,0,0,0,0,0
289290,56,bully,2146,1,0,0,105,0,1470,0,1,56,287144,2146,0,106,0,0,0,LEADER,1,0,0,105,0,0,0,0,0,0,0,0,0,0,0
288815,60,bully,1671,1,0,0,105,0,1470,0,1,60,287144,1671,0,106,0,0,0,LEADER,1,0,0,105,0,0,0,0,0,0,0,0,0,0,0
289668,25,bully,1604,1,0,0,105,0,1470,0,1,25,288064,1604,0,106,0,0,0,LEADER,1,0,0,105,0,0,0,0,0,0,0,0,0,0,0
288881,65,bully,1737,1,0,0,105,0,1470,0,1,65,287144,1737,0,106,0,0,0,LEADER,1,0,0,105,0,0,0,0,0,0,0,0,0,0,0
289557,19,bully,2413,1,0,0,105,0,1470,0,1,19,287144,2413,0,106,0,0,0,LEADER,1,0,0,105,0,0,0,0,0,0,0,0,0,0,0
289187,69,bully,2043,1,0,0,105,0,1470,0,1,69,287144,2043,0,106,0,0,0,LEADER,1,0,0,105,0,0,0,0,0,0,0,0,0,0,0
289789,54,bully,1725,1,0,0,105,0,1470,0,1,54,288064,1725,0,106,0,0,0,LEADER,1,0,0,105,0,0,0,0,0,0,0,0,0,0,0
289136,17,bully,1992,1,0,0,105,0,1470,0,1,17,287144,1992,0,106,0,0,0,LEADER,1,0,0,105,0,0,0,0,0,0,0,0,0,0,0
289650,100,bully,1586,1,0,0,105,0,1470,0,1,100,288064,1586,0,106,0,0,0,LEADER,1,0,0,105,0,0,0,0,0,0,0,0,0,0,0
289613,16,bully,1549,1,0,0,105,0,1470,0,1,16,288064,1549,0,106,0,0,0,LEADER,1,0,0,105,0,0,0,0,0,0,0,0,0,0,0
289202,37,bully,2058,1,0,0,105,0,1470,0,1,37,287144,2058,0,106,0,0,0,LEADER,1,0,0,105,0,0,0,0,0,0,0,0,0,0,0
289838,13,bully,1774,1,0,0,105,0,1470,0,1,13,288064,1774,0,106,0,0,0,LEADER,1,0,0,105,0,0,0,0,0,0,0,0,0,0,0
288999,20,bully,1855,1,0,0,105,0,1470,0,1,20,287144,1855,0,106,0,0,0,LEADER,1,0,0,105,0,0,0,0,0,0,0,0,0,0,0
289631,41,bully,1567,1,0,0,105,0,1470,0,1,41,288064,1567,0,106,0,0,0,LEADER,1,0,0,105,0,0,0,0,0,0,0,0,0,0,0
289620,47,bully,1556,1,0,0,105,0,1470,0,1,47,288064,1556,0,106,0,0,0,LEADER,1,0,0,105,0,0,0,0,0,0,0,0,0,0,0
289446,95,bully,2301,1,0,0,105,0,1470,0,1,95,287145,2301,0,106,0,0,0,LEADER,1,0,0,105,0,0,0,0,0,0,0,0,0,0,0
289309,98,bully,2165,1,0,0,105,0,1470,0,1,98,287144,2165,0,106,0,0,0,LEADER,1,0,0,105,0,0,0,0,0,0,0,0,0,0,0
289493,73,bully,2349,1,0,0,105,0,1470,0,1,73,287144,2349,0,106,0,0,0,LEADER,1,0,0,105,0,0,0,0,0,0,0,0,0,0,0
289816,33,bully,1752,1,0,0,105,0,1470,0,1,33,288064,1752,0,106,0,0,0,LEADER,1,0,0,105,0,0,0,0,0,0,0,0,0,0,0
289786,97,bully,1722,1,0,0,105,0,1470,0,1,97,288064,1722,0,106,0,0,0,LEADER,1,0,0,105,0,0,0,0,0,0,0,0,0,0,0
289039,61,bully,1895,1,0,0,105,0,1470,0,1,61,287144,1895,0,106,0,0,0,LEADER,1,0,0,105,0,0,0,0,0,0,0,0,0,0,0
289986,40,bully,1922,1,0,0,105,0,1470,0,1,40,288064,1922,0,106,0,0,0,LEADER,1,0,0,105,0,0,0,0,0,0,0,0,0,0,0
289475,31,bully,2331,1,0,0,105,0,1470,0,1,31,287144,2331,0,106,0,0,0,LEADER,1,0,0,105,0,0,0,0,0,0,0,0,0,0,0
289976,29,bully,1910,1,0,0,105,0,1470,0,1,29,288066,1910,0,106,0,0,0,LEADER,1,0,0,105,0,0,0,0,0,0,0,0,0,0,0
289802,96,bully,1744,1,0,0,105,0,1470,0,1,96,288058,1744,0,106,0,0,0,LEADER,1,0,0,105,0,0,0,0,0,0,0,0,0,0,0
289889,84,bully,1825,1,0,0,105,0,1470,0,1,84,288064,1825,0,106,0,0,0,LEADER,1,0,0,105,0,0,0,0,0,0,0,0,0,0,0
289585,80,bully,1519,1,0,0,105,0,1470,0,1,80,288066,1519,0,106,0,0,0,LEADER,1,0,0,105,0,0,0,0,0,0,0,0,0,0,0
289427,53,bully,2283,1,0,0,105,0,1470,0,1,53,287144,2283,0,106,0,0,0,LEADER,1,0,0,105,0,0,0,0,0,0,0,0,0,0,0
289503,92,bully,1438,1,0,0,105,0,1470,0,1,92,288065,1438,0,106,0,0,0,LEADER,1,0,0,105,0,0,0,0,0,0,0,0,0,0,0
289671,91,bully,1619,1,0,0,105,0,1470,0,1,91,288052,1619,0,106,0,0,0,LEADER,1,0,0,105,0,0,0,0,0,0,0,0,0,0,0
289938,62,bully,1874,1,0,0,105,0,1470,0,1,62,288064,1874,0,106,0,0,0,LEADER,1,0,0,105,0,0,0,0,0,0,0,0,0,0,0
289635,15,bully,1571,1,0,0,105,0,1470,0,1,15,288064,1571,0,106,0,0,0,LEADER,1,0,0,105,0,0,0,0,0,0,0,0,0,0,0
289305,26,bully,2161,1,0,0,105,0,1470,0,1,26,287144,2161,0,106,0,0,0,LEADER,1,0,0,105,0,0,0,0,0,0,0,0,0,0,0
290041,49,bully,1977,1,0,0,105,0,1470,0,1,49,288064,1977,0,106,0,0,0,LEADER,1,0,0,105,0,0,0,0,0,0,0,0,0,0,0
289856,58,bully,1792,1,0,0,105,0,1470,0,1,58,288064,1792,0,106,0,0,0,LEADER,1,0,0,105,0,0,0,0,0,0,0,0,0,0,0
289390,86,bully,2246,1,0,0,105,0,1470,0,1,86,287144,2246,0,106,0,0,0,LEADER,1,0,0,105,0,0,0,0,0,0,0,0,0,0,0
289563,50,bully,2419,1,0,0,105,0,1470,0,1,50,287144,2419,0,106,0,0,0,LEADER,1,0,0,105,0,0,0,0,0,0,0,0,0,0,0
289413,85,bully,2268,1,0,0,105,0,1470,0,1,85,287145,2268,0,106,0,0,0,LEADER,1,0,0,105,0,0,0,0,0,0,0,0,0,0,0
289351,87,bully,2212,1,0,0,105,0,1470,0,1,87,287139,2212,0,106,0,0,0,LEADER,1,0,0,105,0,0,0,0,0,0,0,0,0,0,0
289560,64,bully,2416,1,0,0,105,0,1470,0,1,64,287144,2416,0,106,0,0,0,LEADER,1,0,0,105,0,0,0,0,0,0,0,0,0,0,0
289498,18,bully,1434,1,0,0,105,0,1470,0,1,18,288064,1434,0,106,0,0,0,LEADER,1,0,0,105,0,0,0,0,0,0,0,0,0,0,0
289409,11,bully,2264,1,0,0,105,0,1470,0,1,11,287145,2264,0,106,0,0,0,LEADER,1,0,0,105,0,0,0,0,0,0,0,0,0,0,0
289617,90,bully,1553,1,0,0,105,0,1470,0,1,90,288064,1553,0,106,0,0,0,LEADER,1,0,0,105,0,0,0,0,0,0,0,0,0,0,0
289511,35,bully,1447,1,0,0,105,0,1470,0,1,35,288064,1447,0,106,0,0,0,LEADER,1,0,0,105,0,0,0,0,0,0,0,0,0,0,0
289393,43,bully,2249,1,0,0,105,0,1470,0,1,43,287144,2249,0,106,0,0,0,LEADER,1,0,0,105,0,0,0,0,0,0,0,0,0,0,0
289531,28,bully,1467,1,0,0,105,0,1470,0,1,28,288064,1467,0,106,0,0,0,LEADER,1,0,0,105,0,0,0,0,0,0,0,0,0,0,0
289368,44,bully,2228,1,0,0,105,0,1470,0,1,44,287140,2228,0,106,0,0,0,LEADER,1,0,0,105,0,0,0,0,0,0,0,0,0,0,0
290205,23,bully,2141,1,0,0,105,0,1470,0,1,23,288064,2141,0,106,0,0,0,LEADER,1,0,0,105,0,0,0,0,0,0,0,0,0,0,0
289525,30,bully,1461,1,0,0,105,0,1470,0,1,30,288064,1461,0,106,0,0,0,LEADER,1,0,0,105,0,0,0,0,0,0,0,0,0,0,0
289925,94,bully,1859,1,0,0,105,0,1470,0,1,94,288066,1859,0,106,0,0,0,LEADER,1,0,0,105,0,0,0,0,0,0,0,0,0,0,0
289565,38,bully,1501,1,0,0,105,0,1470,0,1,38,288064,1501,0,106,0,0,0,LEADER,1,0,0,105,0,0,0,0,0,0,0,0,0,0,0
290244,66,bully,2180,1,0,0,105,0,1470,0,1,66,288064,2180,0,106,0,0,0,LEADER,1,0,0,105,0,0,0,0,0,0,0,0,0,0,0
289550,70,bully,1486,1,0,0,105,0,1470,0,1,70,288064,1486,0,106,0,0,0,LEADER,1,0,0,105,0,0,0,0,0,0,0,0,0,0,0
290195,88,bully,2131,1,0,0,105,0,1470,0,1,88,288064,2131,0,106,0,0,0,LEADER,1,0,0,105,0,0,0,0,0,0,0,0,0,0,0
289379,75,bully,2235,1,0,0,105,0,1470,0,1,75,287144,2235,0,106,0,0,0,LEADER,1,0,0,105,0,0,0,0,0,0,0,0,0,0,0
289389,12,bully,2243,1,0,0,105,0,1470,0,1,12,287146,2243,0,106,0,0,0,LEADER,1,0,0,105,0,0,0,0,0,0,0,0,0,0,0
290089,27,bully,2025,1,0,0,105,0,1470,0,1,27,288064,2025,0,106,0,0,0,LEADER,1,0,0,105,0,0,0,0,0,0,0,0,0,0,0
289578,42,bully,1514,1,0,0,105,0,1470,0,1,42,288064,1514,0,106,0,0,0,LEADER,1,0,0,105,0,0,0,0,0,0,0,0,0,0,0
290225,24,bully,2161,1,0,0,105,0,1470,0,1,24,288064,2161,0,106,0,0,0,LEADER,1,0,0,105,0,0,0,0,0,0,0,0,0,0,0
290177,46,bully,2113,1,0,0,105,0,1470,0,1,46,288064,2113,0,106,0,0,0,LEADER,1,0,0,105,0,0,0,0,0,0,0,0,0,0,0
290074,59,bully,2010,1,0,0,105,0,1470,0,1,59,288064,2010,0,106,0,0,0,LEADER,1,0,0,105,0,0,0,0,0,0,0,0,0,0,0
289702,34,bully,1637,1,0,0,105,0,1470,0,1,34,288065,1637,0,106,0,0,0,LEADER,1,0,0,105,0,0,0,0,0,0,0,0,0,0,0
290356,32,bully,2292,1,0,0,105,0,1470,0,1,32,288064,2292,0,106,0,0,0,LEADER,1,0,0,105,0,0,0,0,0,0,0,0,0,0,0
289972,72,bully,1907,1,0,0,105,0,1470,0,1,72,288065,1907,0,106,0,0,0,LEADER,1,0,0,105,0,0,0,0,0,0,0,0,0,0,0
290383,63,bully,2316,1,0,0,105,0,1470,0,1,63,288067,2316,0,106,0,0,0,LEADER,1,0,0,105,0,0,0,0,0,0,0,0,0,0,0
289856,74,bully,1792,1,0,0,105,0,1470,0,1,74,288064,1792,0,106,0,0,0,LEADER,1,0,0,105,0,0,0,0,0,0,0,0,0,0,0
289598,48,bully,1534,1,0,0,105,0,1470,0,1,48,288064,1534,0,106,0,0,0,LEADER,1,0,0,105,0,0,0,0,0,0,0,0,0,0,0
290061,57,bully,1995,1,0,0,105,0,1470,0,1,57,288066,1995,0,106,0,0,0,LEADER,1,0,0,105,0,0,0,0,0,0,0,0,0,0,0
290129,68,bully,2065,1,0,0,105,0,1470,0,1,68,288064,2065,0,106,0,0,0,LEADER,1,0,0,105,0,0,0,0,0,0,0,0,0,0,0
289530,45,bully,1466,1,0,0,105,0,1470,0,1,45,288064,1466,0,106,0,0,0,LEADER,1,0,0,105,0,0,0,0,0,0,0,0,0,0,0
289887,93,bully,1823,1,0,0,105,0,1470,0,1,93,288064,1823,0,106,0,0,0,LEADER,1,0,0,105,0,0,0,0,0,0,0,0,0,0,0
290468,82,bully,2404,1,0,0,105,0,1470,0,1,82,288064,2404,0,106,0,0,0,LEADER,1,0,0,105,0,0,0,0,0,0,0,0,0,0,0
290462,51,bully,2398,1,0,0,105,0,1470,0,1,51,288064,2398,0,106,0,0,0,LEADER,1,0,0,105,0,0,0,0,0,0,0,0,0,0,0
290007,39,bully,1943,1,0,0,105,0,1470,0,1,39,288064,1943,0,106,0,0,0,LEADER,1,0,0,105,0,0,0,0,0,0,0,0,0,0,0
289753,78,bully,1689,1,0,0,105,0,1470,0,1,78,288064,1689,0,106,0,0,0,LEADER,1,0,0,105,0,0,0,0,0,0,0,0,0,0,0
290141,79,bully,2077,1,0,0,105,0,1470,0,1,79,288064,2077,0,106,0,0,0,LEADER,1,0,0,105,0,0,0,0,0,0,0,0,0,0,0
289716,14,bully,1652,1,0,0,105,0,1470,0,1,14,288064,1652,0,106,0,0,0,LEADER,1,0,0,105,0,0,0,0,0,0,0,0,0,0,0
290143,36,bully,2080,1,0,0,105,0,1470,0,1,36,288063,2080,0,106,0,0,0,LEADER,1,0,0,105,0,0,0,0,0,0,0,0,0,0,0
290026,81,bully,1962,1,0,0,105,0,1470,0,1,81,288064,1962,0,106,0,0,0,LEADER,1,0,0,105,0,0,0,0,0,0,0,0,0,0,0
289686,67,bully,1622,1,0,0,105,0,1470,0,1,67,288064,1622,0,106,0,0,0,LEADER,1,0,0,105,0,0,0,0,0,0,0,0,0,0,0
290447,83,bully,2383,1,0,0,105,0,1470,0,1,83,288064,2383,0,106,0,0,0,LEADER,1,0,0,105,0,0,0,0,0,0,0,0,0,0,0
290591,99,bully,1607,1,0,0,105,0,1470,0,1,99,288984,1607,0,106,0,0,0,LEADER,1,0,0,105,0,0,0,0,0,0,0,0,0,0,0
289768,55,bully,1704,1,0,0,105,0,1470,0,1,55,288064,1704,0,106,0,0,0,LEADER,1,0,0,105,0,0,0,0,0,0,0,0,0,0,0
290558,89,bully,1574,1,0,0,105,0,1470,0,1,89,288984,1574,0,106,0,0,0,LEADER,1,0,0,105,0,0,0,0,0,0,0,0,0,0,0
289720,77,bully,1656,1,0,0,105,0,1470,0,1,77,288064,1656,0,106,0,0,0,LEADER,1,0,0,105,0,0,0,0,0,0,0,0,0,0,0
289992,71,bully,1928,1,0,0,105,0,1470,0,1,71,288064,1928,0,106,0,0,0,LEADER,1,0,0,105,0,0,0,0,0,0,0,0,0,0,0
290271,76,bully,2213,1,0,0,105,0,1470,0,1,76,288058,2213,0,106,0,0,0,LEADER,1,0,0,105,0,0,0,0,0,0,0,0,0,0,0
289906,52,bully,1840,1,0,0,105,0,1470,0,1,52,288066,1840,0,106,0,0,0,LEADER,1,0,0,105,0,0,0,0,0,0,0,0,0,0,0
289871,10,bully,1807,1,0,0,105,0,1470,0,1,10,288064,1807,0,106,0,0,0,LEADER,1,0,0,105,0,0,0,0,0,0,0,0,0,0,0
289804,22,bully,1740,1,0,0,105,0,1470,0,1,22,288064,1740,0,106,0,0,0,LEADER,1,0,0,105,0,0,0,0,0,0,0,0,0,0,0
289950,21,bully,1889,1,0,0,105,0,1470,0,1,21,288061,1889,0,106,0,0,0,LEADER,1,0,0,105,0,0,0,0,0,0,0,0,0,0,0
290210,56,bully,2146,1,0,0,105,0,1470,0,1,56,288064,2146,0,106,0,0,0,LEADER,1,0,0,105,0,0,0,0,0,0,0,0,0,0,0
289735,60,bully,1671,1,0,0,105,0,1470,0,1,60,288064,1671,0,106,0,0,0,LEADER,1,0,0,105,0,0,0,0,0,0,0,0,0,0,0
290588,25,bully,1604,1,0,0,105,0,1470,0,1,25,288984,1604,0,106,0,0,0,LEADER,1,0,0,105,0,0,0,0,0,0,0,0,0,0,0
289801,65,bully,1737,1,0,0,105,0,1470,0,1,65,288064,1737,0,106,0,0,0,LEADER,1,0,0,105,0,0,0,0,0,0,0,0,0,0,0
290477,19,bully,2413,1,0,0,105,0,1470,0,1,19,288064,2413,0,106,0,0,0,LEADER,1,0,0,105,0,0,0,0,0,0,0,0,0,0,0
290107,69,bully,2043,1,0,0,105,0,1470,0,1,69,288064,2043,0,106,0,0,0,LEADER,1,0,0,105,0,0,0,0,0,0,0,0,0,0,0
290709,54,bully,1725,1,0,0,105,0,1470,0,1,54,288984,1725,0,106,0,0,0,LEADER,1,0,0,105,0,0,0,0,0,0,0,0,0,0,0
290056,17,bully,1992,1,0,0,105,0,1470,0,1,17,288064,1992,0,106,0,0,0,LEADER,1,0,0,105,0,0,0,0,0,0,0,0,0,0,0
290570,100,bully,1586,1,0,0,105,0,1470,0,1,100,288984,1586,0,106,0,0,0,LEADER,1,0,0,105,0,0,0,0,0,0,0,0,0,0,0
290533,16,bully,1549,1,0,0,105,0,1470,0,1,16,288984,1549,0,106,0,0,0,LEADER,1,0,0,105,0,0,0,0,0,0,0,0,0,0,0
290122,37,bully,2058,1,0,0,105,0,1470,0,1,37,288064,2058,0,106,0,0,0,LEADER,1,0,0,105,0,0,0,0,0,0,0,0,0,0,0
290758,13,bully,1774,1,0,0,105,0,1470,0,1,13,288984,1774,0,106,0,0,0,LEADER,1,0,0,105,0,0,0,0,0,0,0,0,0,0,0
289919,20,bully,1855,1,0,0,105,0,1470,0,1,20,288064,1855,0,106,0,0,0,LEADER,1,0,0,105,0,0,0,0,0,0,0,0,0,0,0
290551,41,bully,1567,1,0,0,105,0,1470,0,1,41,288984,1567,0,106,0,0,0,LEADER,1,0,0,105,0,0,0,0,0,0,0,0,0,0,0
290540,47,bully,1556,1,0,0,105,0,1470,0,1,47,288984,1556,0,106,0,0,0,LEADER,1,0,0,105,0,0,0,0,0,0,0,0,0,0,0
290366,95,bully,2301,1,0,0,105,0,1470,0,1,95,288065,2301,0,106,0,0,0,LEADER,1,0,0,105,0,0,0,0,0,0,0,0,0,0,0
290229,98,bully,2165,1,0,0,105,0,1470,0,1,98,288064,2165,0,106,0,0,0,LEADER,1,0,0,105,0,0,0,0,0,0,0,0,0,0,0
290413,73,bully,2349,1,0,0,105,0,1470,0,1,73,288064,2349,0,106,0,0,0,LEADER,1,0,0,105,0,0,0,0,0,0,0,0,0,0,0
290736,33,bully,1752,1,0,0,105,0,1470,0,1,33,288984,1752,0,106,0,0,0,LEADER,1,0,0,105,0,0,0,0,0,0,0,0,0,0,0
290706,97,bully,1722,1,0,0,105,0,1470,0,1,97,288984,1722,0,106,0,0,0,LEADER,1,0,0,105,0,0,0,0,0,0,0,0,0,0,0
289959,61,bully,1895,1,0,0,105,0,1470,0,1,61,288064,1895,0,106,0,0,0,LEADER,1,0,0,105,0,0,0,0,0,0,0,0,0,0,0
290906,40,bully,1922,1,0,0,105,0,1470,0,1,40,288984,1922,0,106,0,0,0,LEADER,1,0,0,105,0,0,0,0,0,0,0,0,0,0,0
290395,31,bully,2331,1,0,0,105,0,1470,0,1,31,288064,2331,0,106,0,0,0,LEADER,1,0,0,105,0,0,0,0,0,0,0,0,0,0,0
290896,29,bully,1910,1,0,0,105,0,1470,0,1,29,288986,1910,0,106,0,0,0,LEADER,1,0,0,105,0,0,0,0,0,0,0,0,0,0,0
290722,96,bully,1744,1,0,0,105,0,1470,0,1,96,288978,1744,0,106,0,0,0,LEADER,1,0,0,105,0,0,0,0,0,0,0,0,0,0,0
290809,84,bully,1825,1,0,0,105,0,1470,0,1,84,288984,1825,0,106,0,0,0,LEADER,1,0,0,105,0,0,0,0,0,0,0,0,0,0,0
290505,80,bully,1519,1,0,0,105,0,1470,0,1,80,288986,1519,0,106,0,0,0,LEADER,1,0,0,105,0,0,0,0,0,0,0,0,0,0,0
290347,53,bully,2283,1,0,0,105,0,1470,0,1,53,288064,2283,0,106,0,0,0,LEADER,1,0,0,105,0,0,0,0,0,0,0,0,0,0,0
290423,92,bully,1438,1,0,0,105,0,1470,0,1,92,288985,1438,0,106,0,0,0,LEADER,1,0,0,105,0,0,0,0,0,0,0,0,0,0,0
290591,91,bully,1619,1,0,0,105,0,1470,0,1,91,288972,1619,0,106,0,0,0,LEADER,1,0,0,105,0,0,0,0,0,0,0,0,0,0,0
290858,62,bully,1874,1,0,0,105,0,1470,0,1,62,288984,1874,0,106,0,0,0,LEADER,1,0,0,105,0,0,0,0,0,0,0,0,0,0,0
290555,15,bully,1571,1,0,0,105,0,1470,0,1,15,288984,1571,0,106,0,0,0,LEADER,1,0,0,105,0,0,0,0,0,0,0,0,0,0,0
290225,26,bully,2161,1,0,0,105,0,1470,0,1,26,288064,2161,0,106,0,0,0,LEADER,1,0,0,105,0,0,0,0,0,0,0,0,0,0,0
290961,49,bully,1977,1,0,0,105,0,1470,0,1,49,288984,1977,0,106,0,0,0,LEADER,1,0,0,105,0,0,0,0,0,0,0,0,0,0,0
290776,58,bully,1792,1,0,0,105,0,1470,0,1,58,288984,1792,0,106,0,0,0,LEADER,1,0,0,105,0,0,0,0,0,0,0,0,0,0,0
290310,86,bully,2246,1,0,0,105,0,1470,0,1,86,288064,2246,0,106,0,0,0,LEADER,1,0,0,105,0,0,0,0,0,0,0,0,0,0,0
290483,50,bully,2419,1,0,0,105,0,1470,0,1,50,288064,2419,0,106,0,0,0,LEADER,1,0,0,105,0,0,0,0,0,0,0,0,0,0,0
290333,85,bully,2268,1,0,0,105,0,1470,0,1,85,288065,2268,0,106,0,0,0,LEADER,1,0,0,105,0,0,0,0,0,0,0,0,0,0,0
290271,87,bully,2212,1,0,0,105,0,1470,0,1,87,288059,2212,0,106,0,0,0,LEADER,1,0,0,105,0,0,0,0,0,0,0,0,0,0,0
290480,64,bully,2416,1,0,0,105,0,1470,0,1,64,288064,2416,0,106,0,0,0,LEADER,1,0,0,105,0,0,0,0,0,0,0,0,0,0,0
290418,18,bully,1434,1,0,0,105,0,1470,0,1,18,288984,1434,0,106,0,0,0,LEADER,1,0,0,105,0,0,0,0,0,0,0,0,0,0,0
290329,11,bully,2264,1,0,0,105,0,1470,0,1,11,288065,2264,0,106,0,0,0,LEADER,1,0,0,105,0,0,0,0,0,0,0,0,0,0,0
290537,90,bully,1553,1,0,0,105,0,1470,0,1,90,288984,1553,0,106,0,0,0,LEADER,1,0,0,105,0,0,0,0,0,0,0,0,0,0,0
290431,35,bully,1447,1,0,0,105,0,1470,0,1,35,288984,1447,0,106,0,0,0,LEADER,1,0,0,105,0,0,0,0,0,0,0,0,0,0,0
290313,43,bully,2249,1,0,0,105,0,1470,0,1,43,288064,2249,0,106,0,0,0,LEADER,1,0,0,105,0,0,0,0,0,0,0,0,0,0,0
290451,28,bully,1467,1,0,0,105,0,1470,0,1,28,288984,1467,0,106,0,0,0,LEADER,1,0,0,105,0,0,0,0,0,0,0,0,0,0,0
290288,44,bully,2228,1,0,0,105,0,1470,0,1,44,288060,2228,0,106,0,0,0,LEADER,1,0,0,105,0,0,0,0,0,0,0,0,0,0,0
291125,23,bully,2141,1,0,0,105,0,1470,0,1,23,288984,2141,0,106,0,0,0,LEADER,1,0,0,105,0,0,0,0,0,0,0,0,0,0,0
290445,30,bully,1461,1,0,0,105,0,1470,0,1,30,288984,1461,0,106,0,0,0,LEADER,1,0,0,105,0,0,0,0,0,0,0,0,0,0,0
290845,94,bully,1859,1,0,0,105,0,1470,0,1,94,288986,1859,0,106,0,0,0,LEADER,1,0,0,105,0,0,0,0,0,0,0,0,0,0,0
290485,38,bully,1501,1,0,0,105,0,1470,0,1,38,288984,1501,0,106,0,0,0,LEADER,1,0,0,105,0,0,0,0,0,0,0,0,0,0,0
291164,66,bully,2180,1,0,0,105,0,1470,0,1,66,288984,2180,0,106,0,0,0,LEADER,1,0,0,105,0,0,0,0,0,0,0,0,0,0,0
290470,70,bully,1486,1,0,0,105,0,1470,0,1,70,288984,1486,0,106,0,0,0,LEADER,1,0,0,105,0,0,0,0,0,0,0,0,0,0,0
291115,88,bully,2131,1,0,0,105,0,1470,0,1,88,288984,2131,0,106,0,0,0,LEADER,1,0,0,105,0,0,0,0,0,0,0,0,0,0,0
290299,75,bully,2235,1,0,0,105,0,1470,0,1,75,288064,2235,0,106,0,0,0,LEADER,1,0,0,105,0,0,0,0,0,0,0,0,0,0,0
290309,12,bully,2243,1,0,0,105,0,1470,0,1,12,288066,2243,0,106,0,0,0,LEADER,1,0,0,105,0,0,0,0,0,0,0,0,0,0,0
291009,27,bully,2025,1,0,0,105,0,1470,0,1,27,288984,2025,0,106,0,0,0,LEADER,1,0,0,105,0,0,0,0,0,0,0,0,0,0,0
290498,42,bully,1514,1,0,0,105,0,1470,0,1,42,288984,1514,0,106,0,0,0,LEADER,1,0,0,105,0,0,0,0,0,0,0,0,0,0,0
291145,24,bully,2161,1,0,0,105,0,1470,0,1,24,288984,2161,0,106,0,0,0,LEADER,1,0,0,105,0,0,0,0,0,0,0,0,0,0,0
291097,46,bully,2113,1,0,0,105,0,1470,0,1,46,288984,2113,0,106,0,0,0,LEADER,1,0,0,105,0,0,0,0,0,0,0,0,0,0,0
290994,59,bully,2010,1,0,0,105,0,1470,0,1,59,288984,2010,0,106,0,0,0,LEADER,1,0,0,105,0,0,0,0,0,0,0,0,0,0,0
291276,32,bully,2292,1,0,0,105,0,1470,0,1,32,288984,2292,0,106,0,0,0,LEADER,1,0,0,105,0,0,0,0,0,0,0,0,0,0,0
290622,34,bully,1637,1,0,0,105,0,1470,0,1,34,288985,1637,0,106,0,0,0,LEADER,1,0,0,105,0,0,0,0,0,0,0,0,0,0,0
290892,72,bully,1907,1,0,0,105,0,1470,0,1,72,288985,1907,0,106,0,0,0,LEADER,1,0,0,105,0,0,0,0,0,0,0,0,0,0,0
291303,63,bully,2316,1,0,0,105,0,1470,0,1,63,288987,2316,0,106,0,0,0,LEADER,1,0,0,105,0,0,0,0,0,0,0,0,0,0,0
290776,74,bully,1792,1,0,0,105,0,1470,0,1,74,288984,1792,0,106,0,0,0,LEADER,1,0,0,105,0,0,0,0,0,0,0,0,0,0,0
290518,48,bully,1534,1,0,0,105,0,1470,0,1,48,288984,1534,0,106,0,0,0,LEADER,1,0,0,105,0,0,0,0,0,0,0,0,0,0,0
290981,57,bully,1995,1,0,0,105,0,1470,0,1,57,288986,1995,0,106,0,0,0,LEADER,1,0,0,105,0,0,0,0,0,0,0,0,0,0,0
291049,68,bully,2065,1,0,0,105,0,1470,0,1,68,288984,2065,0,106,0,0,0,LEADER,1,0,0,105,0,0,0,0,0,0,0,0,0,0,0
290450,45,bully,1466,1,0,0,105,0,1470,0,1,45,288984,1466,0,106,0,0,0,LEADER,1,0,0,105,0,0,0,0,0,0,0,0,0,0,0
290807,93,bully,1823,1,0,0,105,0,1470,0,1,93,288984,1823,0,106,0,0,0,LEADER,1,0,0,105,0,0,0,0,0,0,0,0,0,0,0
291388,82,bully,2404,1,0,0,105,0,1470,0,1,82,288984,2404,0,106,0,0,0,LEADER,1,0,0,105,0,0,0,0,0,0,0,0,0,0,0
291382,51,bully,2398,1,0,0,105,0,1470,0,1,51,288984,2398,0,106,0,0,0,LEADER,1,0,0,105,0,0,0,0,0,0,0,0,0,0,0
290927,39,bully,1943,1,0,0,105,0,1470,0,1,39,288984,1943,0,106,0,0,0,LEADER,1,0,0,105,0,0,0,0,0,0,0,0,0,0,0
290673,78,bully,1689,1,0,0,105,0,1470,0,1,78,288984,1689,0,106,0,0,0,LEADER,1,0,0,105,0,0,0,0,0,0,0,0,0,0,0
291061,79,bully,2077,1,0,0,105,0,1470,0,1,79,288984,2077,0,106,0,0,0,LEADER,1,0,0,105,0,0,0,0,0,0,0,0,0,0,0
290636,14,bully,1652,1,0,0,105,0,1470,0,1,14,288984,1652,0,106,0,0,0,LEADER,1,0,0,105,0,0,0,0,0,0,0,0,0,0,0
291063,36,bully,2080,1,0,0,105,0,1470,0,1,36,288983,2080,0,106,0,0,0,LEADER,1,0,0,105,0,0,0,0,0,0,0,0,0,0,0
290946,81,bully,1962,1,0,0,105,0,1470,0,1,81,288984,1962,0,106,0,0,0,LEADER,1,0,0,105,0,0,0,0,0,0,0,0,0,0,0
290606,67,bully,1622,1,0,0,105,0,1470,0,1,67,288984,1622,0,106,0,0,0,LEADER,1,0,0,105,0,0,0,0,0,0,0,0,0,0,0
291367,83,bully,2383,1,0,0,105,0,1470,0,1,83,288984,2383,0,106,0,0,0,LEADER,1,0,0,105,0,0,0,0,0,0,0,0,0,0,0
291512,99,bully,1607,1,0,0,106,0,1484,0,1,99,289905,1607,0,107,0,0,0,LEADER,1,0,0,106,0,0,0,0,0,0,0,0,0,0,0
290688,55,bully,1704,1,0,0,105,0,1470,0,1,55,288984,1704,0,106,0,0,0,LEADER,1,0,0,105,0,0,0,0,0,0,0,0,0,0,0
291479,89,bully,1574,1,0,0,106,0,1484,0,1,89,289905,1574,0,107,0,0,0,LEADER,1,0,0,106,0,0,0,0,0,0,0,0,0,0,0
290640,77,bully,1656,1,0,0,105,0,1470,0,1,77,288984,1656,0,106,0,0,0,LEADER,1,0,0,105,0,0,0,0,0,0,0,0,0,0,0
290912,71,bully,1928,1,0,0,105,0,1470,0,1,71,288984,1928,0,106,0,0,0,LEADER,1,0,0,105,0,0,0,0,0,0,0,0,0,0,0
291191,76,bully,2213,1,0,0,105,0,1470,0,1,76,288978,2213,0,106,0,0,0,LEADER,1,0,0,105,0,0,0,0,0,0,0,0,0,0,0
290826,52,bully,1840,1,0,0,105,0,1470,0,1,52,288986,1840,0,106,0,0,0,LEADER,1,0,0,105,0,0,0,0,0,0,0,0,0,0,0
290791,10,bully,1807,1,0,0,105,0,1470,0,1,10,288984,1807,0,106,0,0,0,LEADER,1,0,0,105,0,0,0,0,0,0,0,0,0,0,0
290724,22,bully,1740,1,0,0,105,0,1470,0,1,22,288984,1740,0,106,0,0,0,LEADER,1,0,0,105,0,0,0,0,0,0,0,0,0,0,0
290870,21,bully,1889,1,0,0,105,0,1470,0,1,21,288981,1889,0,106,0,0,0,LEADER,1,0,0,105,0,0,0,0,0,0,0,0,0,0,0
291130,56,bully,2146,1,0,0,105,0,1470,0,1,56,288984,2146,0,106,0,0,0,LEADER,1,0,0,105,0,0,0,0,0,0,0,0,0,0,0
290655,60,bully,1671,1,0,0,105,0,1470,0,1,60,288984,1671,0,106,0,0,0,LEADER,1,0,0,105,0,0,0,0,0,0,0,0,0,0,0
291509,25,bully,1604,1,0,0,106,0,1484,0,1,25,289905,1604,0,107,0,0,0,LEADER,1,0,0,106,0,0,0,0,0,0,0,0,0,0,0
290721,65,bully,1737,1,0,0,105,0,1470,0,1,65,288984,1737,0,106,0,0,0,LEADER,1,0,0,105,0,0,0,0,0,0,0,0,0,0,0
291397,19,bully,2413,1,0,0,105,0,1470,0,1,19,288984,2413,0,106,0,0,0,LEADER,1,0,0,105,0,0,0,0,0,0,0,0,0,0,0
291027,69,bully,2043,1,0,0,105,0,1470,0,1,69,288984,2043,0,106,0,0,0,LEADER,1,0,0,105,0,0,0,0,0,0,0,0,0,0,0
291630,54,bully,1725,1,0,0,106,0,1484,0,1,54,289905,1725,0,107,0,0,0,LEADER,1,0,0,106,0,0,0,0,0,0,0,0,0,0,0
290976,17,bully,1992,1,0,0,105,0,1470,0,1,17,288984,1992,0,106,0,0,0,LEADER,1,0,0,105,0,0,0,0,0,0,0,0,0,0,0
291491,100,bully,1586,1,0,0,106,0,1484,0,1,100,289905,1586,0,107,0,0,0,LEADER,1,0,0,106,0,0,0,0,0,0,0,0,0,0,0
291454,16,bully,1549,1,0,0,106,0,1484,0,1,16,289905,1549,0,107,0,0,0,LEADER,1,0,0,106,0,0,0,0,0,0,0,0,0,0,0
291042,37,bully,2058,1,0,0,105,0,1470,0,1,37,288984,2058,0,106,0,0,0,LEADER,1,0,0,105,0,0,0,0,0,0,0,0,0,0,0
291679,13,bully,1774,1,0,0,106,0,1484,0,1,13,289905,1774,0,107,0,0,0,LEADER,1,0,0,106,0,0,0,0,0,0,0,0,0,0,0
290839,20,bully,1855,1,0,0,105,0,1470,0,1,20,288984,1855,0,106,0,0,0,LEADER,1,0,0,105,0,0,0,0,0,0,0,0,0,0,0
291472,41,bully,1567,1,0,0,106,0,1484,0,1,41,289905,1567,0,107,0,0,0,LEADER,1,0,0,106,0,0,0,0,0,0,0,0,0,0,0
291461,47,bully,1556,1,0,0,106,0,1484,0,1,47,289905,1556,0,107,0,0,0,LEADER,1,0,0,106,0,0,0,0,0,0,0,0,0,0,0
291286,95,bully,2301,1,0,0,105,0,1470,0,1,95,288985,2301,0,106,0,0,0,LEADER,1,0,0,105,0,0,0,0,0,0,0,0,0,0,0
291149,98,bully,2165,1,0,0,105,0,1470,0,1,98,288984,2165,0,106,0,0,0,LEADER,1,0,0,105,0,0,0,0,0,0,0,0,0,0,0
291333,73,bully,2349,1,0,0,105,0,1470,0,1,73,288984,2349,0,106,0,0,0,LEADER,1,0,0,105,0,0,0,0,0,0,0,0,0,0,0
290879,61,bully,1895,1,0,0,105,0,1470,0,1,61,288984,1895,0,106,0,0,0,LEADER,1,0,0,105,0,0,0,0,0,0,0,0,0,0,0
291627,97,bully,1722,1,0,0,106,0,1484,0,1,97,289905,1722,0,107,0,0,0,LEADER,1,0,0,106,0,0,0,0,0,0,0,0,0,0,0
291657,33,bully,1752,1,0,0,106,0,1484,0,1,33,289905,1752,0,107,0,0,0,LEADER,1,0,0,106,0,0,0,0,0,0,0,0,0,0,0
291315,31,bully,2331,1,0,0,105,0,1470,0,1,31,288984,2331,0,106,0,0,0,LEADER,1,0,0,105,0,0,0,0,0,0,0,0,0,0,0
291827,40,bully,1922,1,0,0,106,0,1484,0,1,40,289905,1922,0,107,0,0,0,LEADER,1,0,0,106,0,0,0,0,0,0,0,0,0,0,0
291817,29,bully,1910,1,0,0,106,0,1484,0,1,29,289907,1910,0,107,0,0,0,LEADER,1,0,0,106,0,0,0,0,0,0,0,0,0,0,0
291642,96,bully,1744,1,0,0,106,0,1484,0,1,96,289898,1744,0,107,0,0,0,LEADER,1,0,0,106,0,0,0,0,0,0,0,0,0,0,0
291730,84,bully,1825,1,0,0,106,0,1484,0,1,84,289905,1825,0,107,0,0,0,LEADER,1,0,0,106,0,0,0,0,0,0,0,0,0,0,0
291426,80,bully,1519,1,0,0,106,0,1484,0,1,80,289907,1519,0,107,0,0,0,LEADER,1,0,0,106,0,0,0,0,0,0,0,0,0,0,0
291267,53,bully,2283,1,0,0,105,0,1470,0,1,53,288984,2283,0,106,0,0,0,LEADER,1,0,0,105,0,0,0,0,0,0,0,0,0,0,0
291344,92,bully,1438,1,0,0,106,0,1484,0,1,92,289906,1438,0,107,0,0,0,LEADER,1,0,0,106,0,0,0,0,0,0,0,0,0,0,0
291512,91,bully,1619,1,0,0,106,0,1484,0,1,91,289893,1619,0,107,0,0,0,LEADER,1,0,0,106,0,0,0,0,0,0,0,0,0,0,0
291779,62,bully,1874,1,0,0,106,0,1484,0,1,62,289905,1874,0,107,0,0,0,LEADER,1,0,0,106,0,0,0,0,0,0,0,0,0,0,0
291476,15,bully,1571,1,0,0,106,0,1484,0,1,15,289905,1571,0,107,0,0,0,LEADER,1,0,0,106,0,0,0,0,0,0,0,0,0,0,0
291145,26,bully,2161,1,0,0,105,0,1470,0,1,26,288984,2161,0,106,0,0,0,LEADER,1,0,0,105,0,0,0,0,0,0,0,0,0,0,0
291882,49,bully,1977,1,0,0,106,0,1484,0,1,49,289905,1977,0,107,0,0,0,LEADER,1,0,0,106,0,0,0,0,0,0,0,0,0,0,0
291697,58,bully,1792,1,0,0,106,0,1484,0,1,58,289905,1792,0,107,0,0,0,LEADER,1,0,0,106,0,0,0,0,0,0,0,0,0,0,0
291230,86,bully,2246,1,0,0,105,0,1470,0,1,86,288984,2246,0,106,0,0,0,LEADER,1,0,0,105,0,0,0,0,0,0,0,0,0,0,0
291403,50,bully,2419,1,0,0,105,0,1470,0,1,50,288984,2419,0,106,0,0,0,LEADER,1,0,0,105,0,0,0,0,0,0,0,0,0,0,0
291253,85,bully,2268,1,0,0,105,0,1470,0,1,85,288985,2268,0,106,0,0,0,LEADER,1,0,0,105,0,0,0,0,0,0,0,0,0,0,0
291191,87,bully,2212,1,0,0,105,0,1470,0,1,87,288979,2212,0,106,0,0,0,LEADER,1,0,0,105,0,0,0,0,0,0,0,0,0,0,0
291400,64,bully,2416,1,0,0,105,0,1470,0,1,64,288984,2416,0,106,0,0,0,LEADER,1,0,0,105,0,0,0,0,0,0,0,0,0,0,0
291249,11,bully,2264,1,0,0,105,0,1470,0,1,11,288985,2264,0,106,0,0,0,LEADER,1,0,0,105,0,0,0,0,0,0,0,0,0,0,0
291339,18,bully,1434,1,0,0,106,0,1484,0,1,18,289905,1434,0,107,0,0,0,LEADER,1,0,0,106,0,0,0,0,0,0,0,0,0,0,0
291458,90,bully,1553,1,0,0,106,0,1484,0,1,90,289905,1553,0,107,0,0,0,LEADER,1,0,0,106,0,0,0,0,0,0,0,0,0,0,0
291352,35,bully,1447,1,0,0,106,0,1484,0,1,35,289905,1447,0,107,0,0,0,LEADER,1,0,0,106,0,0,0,0,0,0,0,0,0,0,0
291233,43,bully,2249,1,0,0,105,0,1470,0,1,43,288984,2249,0,106,0,0,0,LEADER,1,0,0,105,0,0,0,0,0,0,0,0,0,0,0
291208,44,bully,2228,1,0,0,105,0,1470,0,1,44,288980,2228,0,106,0,0,0,LEADER,1,0,0,105,0,0,0,0,0,0,0,0,0,0,0
291372,28,bully,1467,1,0,0,106,0,1484,0,1,28,289905,1467,0,107,0,0,0,LEADER,1,0,0,106,0,0,0,0,0,0,0,0,0,0,0
292046,23,bully,2141,1,0,0,106,0,1484,0,1,23,289905,2141,0,107,0,0,0,LEADER,1,0,0,106,0,0,0,0,0,0,0,0,0,0,0
291366,30,bully,1461,1,0,0,106,0,1484,0,1,30,289905,1461,0,107,0,0,0,LEADER,1,0,0,106,0,0,0,0,0,0,0,0,0,0,0
291766,94,bully,1859,1,0,0,106,0,1484,0,1,94,289907,1859,0,107,0,0,0,LEADER,1,0,0,106,0,0,0,0,0,0,0,0,0,0,0
291406,38,bully,1501,1,0,0,106,0,1484,0,1,38,289905,1501,0,107,0,0,0,LEADER,1,0,0,106,0,0,0,0,0,0,0,0,0,0,0
292085,66,bully,2180,1,0,0,106,0,1484,0,1,66,289905,2180,0,107,0,0,0,LEADER,1,0,0,106,0,0,0,0,0,0,0,0,0,0,0
291391,70,bully,1486,1,0,0,106,0,1484,0,1,70,289905,1486,0,107,0,0,0,LEADER,1,0,0,106,0,0,0,0,0,0,0,0,0,0,0
292036,88,bully,2131,1,0,0,106,0,1484,0,1,88,289905,2131,0,107,0,0,0,LEADER,1,0,0,106,0,0,0,0,0,0,0,0,0,0,0
291322,3,bully,1903,1,0,0,14,32,196,448,4,2,289419,1903,0,9,0,0,0,NORMAL,0,0,0,14,0,0,0,32,0,0,0,0,0,0,0
291219,75,bully,2235,1,0,0,105,0,1470,0,1,75,288984,2235,0,106,0,0,0,LEADER,1,0,0,105,0,0,0,0,0,0,0,0,0,0,0
291229,12,bully,2243,1,0,0,105,0,1470,0,1,12,288986,2243,0,106,0,0,0,LEADER,1,0,0,105,0,0,0,0,0,0,0,0,0,0,0
291930,27,bully,2025,1,0,0,106,0,1484,0,1,27,289905,2025,0,107,0,0,0,LEADER,1,0,0,106,0,0,0,0,0,0,0,0,0,0,0
291419,42,bully,1514,1,0,0,106,0,1484,0,1,42,289905,1514,0,107,0,0,0,LEADER,1,0,0,106,0,0,0,0,0,0,0,0,0,0,0
292066,24,bully,2161,1,0,0,106,0,1484,0,1,24,289905,2161,0,107,0,0,0,LEADER,1,0,0,106,0,0,0,0,0,0,0,0,0,0,0
292018,46,bully,2113,1,0,0,106,0,1484,0,1,46,289905,2113,0,107,0,0,0,LEADER,1,0,0,106,0,0,0,0,0,0,0,0,0,0,0
291915,59,bully,2010,1,0,0,106,0,1484,0,1,59,289905,2010,0,107,0,0,0,LEADER,1,0,0,106,0,0,0,0,0,0,0,0,0,0,0
291543,34,bully,1637,1,0,0,106,0,1484,0,1,34,289906,1637,0,107,0,0,0,LEADER,1,0,0,106,0,0,0,0,0,0,0,0,0,0,0
292197,32,bully,2292,1,0,0,106,0,1484,0,1,32,289905,2292,0,107,0,0,0,LEADER,1,0,0,106,0,0,0,0,0,0,0,0,0,0,0
291813,72,bully,1907,1,0,0,106,0,1484,0,1,72,289906,1907,0,107,0,0,0,LEADER,1,0,0,106,0,0,0,0,0,0,0,0,0,0,0
292224,63,bully,2316,1,0,0,106,0,1484,0,1,63,289908,2316,0,107,0,0,0,LEADER,1,0,0,106,0,0,0,0,0,0,0,0,0,0,0
291697,74,bully,1792,1,0,0,106,0,1484,0,1,74,289905,1792,0,107,0,0,0,LEADER,1,0,0,106,0,0,0,0,0,0,0,0,0,0,0
291439,48,bully,1534,1,0,0,106,0,1484,0,1,48,289905,1534,0,107,0,0,0,LEADER,1,0,0,106,0,0,0,0,0,0,0,0,0,0,0
291902,57,bully,1995,1,0,0,106,0,1484,0,1,57,289907,1995,0,107,0,0,0,LEADER,1,0,0,106,0,0,0,0,0,0,0,0,0,0,0
291970,68,bully,2065,1,0,0,106,0,1484,0,1,68,289905,2065,0,107,0,0,0,LEADER,1,0,0,106,0,0,0,0,0,0,0,0,0,0,0
291371,45,bully,1466,1,0,0,106,0,1484,0,1,45,289905,1466,0,107,0,0,0,LEADER,1,0,0,106,0,0,0,0,0,0,0,0,0,0,0
291728,93,bully,1823,1,0,0,106,0,1484,0,1,93,289905,1823,0,107,0,0,0,LEADER,1,0,0,106,0,0,0,0,0,0,0,0,0,0,0
292309,82,bully,2404,1,0,0,106,0,1484,0,1,82,289905,2404,0,107,0,0,0,LEADER,1,0,0,106,0,0,0,0,0,0,0,0,0,0,0
292303,51,bully,2398,1,0,0,106,0,1484,0,1,51,289905,2398,0,107,0,0,0,LEADER,1,0,0,106,0,0,0,0,0,0,0,0,0,0,0
291848,39,bully,1943,1,0,0,106,0,1484,0,1,39,289905,1943,0,107,0,0,0,LEADER,1,0,0,106,0,0,0,0,0,0,0,0,0,0,0
291594,78,bully,1689,1,0,0,106,0,1484,0,1,78,289905,1689,0,107,0,0,0,LEADER,1,0,0,106,0,0,0,0,0,0,0,0,0,0,0
291982,79,bully,2077,1,0,0,106,0,1484,0,1,79,289905,2077,0,107,0,0,0,LEADER,1,0,0,106,0,0,0,0,0,0,0,0,0,0,0
291557,14,bully,1652,1,0,0,106,0,1484,0,1,14,289905,1652,0,107,0,0,0,LEADER,1,0,0,106,0,0,0,0,0,0,0,0,0,0,0
291984,36,bully,2080,1,0,0,106,0,1484,0,1,36,289904,2080,0,107,0,0,0,LEADER,1,0,0,106,0,0,0,0,0,0,0,0,0,0,0
291867,81,bully,1962,1,0,0,106,0,1484,0,1,81,289905,1962,0,107,0,0,0,LEADER,1,0,0,106,0,0,0,0,0,0,0,0,0,0,0
291527,67,bully,1622,1,0,0,106,0,1484,0,1,67,289905,1622,0,107,0,0,0,LEADER,1,0,0,106,0,0,0,0,0,0,0,0,0,0,0
292288,83,bully,2383,1,0,0,106,0,1484,0,1,83,289905,2383,0,107,0,0,0,LEADER,1,0,0,106,0,0,0,0,0,0,0,0,0,0,0
292432,99,bully,1607,1,0,0,106,0,1484,0,1,99,290825,1607,0,107,0,0,0,LEADER,1,0,0,106,0,0,0,0,0,0,0,0,0,0,0
291609,55,bully,1704,1,0,0,106,0,1484,0,1,55,289905,1704,0,107,0,0,0,LEADER,1,0,0,106,0,0,0,0,0,0,0,0,0,0,0
292399,89,bully,1574,1,0,0,106,0,1484,0,1,89,290825,1574,0,107,0,0,0,LEADER,1,0,0,106,0,0,0,0,0,0,0,0,0,0,0
291561,77,bully,1656,1,0,0,106,0,1484,0,1,77,289905,1656,0,107,0,0,0,LEADER,1,0,0,106,0,0,0,0,0,0,0,0,0,0,0
291833,71,bully,1928,1,0,0,106,0,1484,0,1,71,289905,1928,0,107,0,0,0,LEADER,1,0,0,106,0,0,0,0,0,0,0,0,0,0,0
292112,76,bully,2213,1,0,0,106,0,1484,0,1,76,289899,2213,0,107,0,0,0,LEADER,1,0,0,106,0,0,0,0,0,0,0,0,0,0,0
291747,52,bully,1840,1,0,0,106,0,1484,0,1,52,289907,1840,0,107,0,0,0,LEADER,1,0,0,106,0,0,0,0,0,0,0,0,0,0,0
291712,10,bully,1807,1,0,0,106,0,1484,0,1,10,289905,1807,0,107,0,0,0,LEADER,1,0,0,106,0,0,0,0,0,0,0,0,0,0,0
291645,22,bully,1740,1,0,0,106,0,1484,0,1,22,289905,1740,0,107,0,0,0,LEADER,1,0,0,106,0,0,0,0,0,0,0,0,0,0,0
291791,21,bully,1889,1,0,0,106,0,1484,0,1,21,289902,1889,0,107,0,0,0,LEADER,1,0,0,106,0,0,0,0,0,0,0,0,0,0,0
292051,56,bully,2146,1,0,0,106,0,1484,0,1,56,289905,2146,0,107,0,0,0,LEADER,1,0,0,106,0,0,0,0,0,0,0,0,0,0,0
291576,60,bully,1671,1,0,0,106,0,1484,0,1,60,289905,1671,0,107,0,0,0,LEADER,1,0,0,106,0,0,0,0,0,0,0,0,0,0,0
292429,25,bully,1604,1,0,0,106,0,1484,0,1,25,290825,1604,0,107,0,0,0,LEADER,1,0,0,106,0,0,0,0,0,0,0,0,0,0,0
291642,65,bully,1737,1,0,0,106,0,1484,0,1,65,289905,1737,0,107,0,0,0,LEADER,1,0,0,106,0,0,0,0,0,0,0,0,0,0,0
292318,19,bully,2413,1,0,0,106,0,1484,0,1,19,289905,2413,0,107,0,0,0,LEADER,1,0,0,106,0,0,0,0,0,0,0,0,0,0,0
291948,69,bully,2043,1,0,0,106,0,1484,0,1,69,289905,2043,0,107,0,0,0,LEADER,1,0,0,106,0,0,0,0,0,0,0,0,0,0,0
292550,54,bully,1725,1,0,0,106,0,1484,0,1,54,290825,1725,0,107,0,0,0,LEADER,1,0,0,106,0,0,0,0,0,0,0,0,0,0,0
291897,17,bully,1992,1,0,0,106,0,1484,0,1,17,289905,1992,0,107,0,0,0,LEADER,1,0,0,106,0,0,0,0,0,0,0,0,0,0,0
292411,100,bully,1586,1,0,0,106,0,1484,0,1,100,290825,1586,0,107,0,0,0,LEADER,1,0,0,106,0,0,0,0,0,0,0,0,0,0,0
292374,16,bully,1549,1,0,0,106,0,1484,0,1,16,290825,1549,0,107,0,0,0,LEADER,1,0,0,106,0,0,0,0,0,0,0,0,0,0,0
291963,37,bully,2058,1,0,0,106,0,1484,0,1,37,289905,2058,0,107,0,0,0,LEADER,1,0,0,106,0,0,0,0,0,0,0,0,0,0,0
292599,13,bully,1774,1,0,0,106,0,1484,0,1,13,290825,1774,0,107,0,0,0,LEADER,1,0,0,106,0,0,0,0,0,0,0,0,0,0,0
291760,20,bully,1855,1,0,0,106,0,1484,0,1,20,289905,1855,0,107,0,0,0,LEADER,1,0,0,106,0,0,0,0,0,0,0,0,0,0,0
292392,41,bully,1567,1,0,0,106,0,1484,0,1,41,290825,1567,0,107,0,0,0,LEADER,1,0,0,106,0,0,0,0,0,0,0,0,0,0,0
292381,47,bully,1556,1,0,0,106,0,1484,0,1,47,290825,1556,0,107,0,0,0,LEADER,1,0,0,106,0,0,0,0,0,0,0,0,0,0,0
292207,95,bully,2301,1,0,0,106,0,1484,0,1,95,289906,2301,0,107,0,0,0,LEADER,1,0,0,106,0,0,0,0,0,0,0,0,0,0,0
292070,98,bully,2165,1,0,0,106,0,1484,0,1,98,289905,2165,0,107,0,0,0,LEADER,1,0,0,106,0,0,0,0,0,0,0,0,0,0,0
292254,73,bully,2349,1,0,0,106,0,1484,0,1,73,289905,2349,0,107,0,0,0,LEADER,1,0,0,106,0,0,0,0,0,0,0,0,0,0,0
292577,33,bully,1752,1,0,0,106,0,1484,0,1,33,290825,1752,0,107,0,0,0,LEADER,1,0,0,106,0,0,0,0,0,0,0,0,0,0,0
292547,97,bully,1722,1,0,0,106,0,1484,0,1,97,290825,1722,0,107,0,0,0,LEADER,1,0,0,106,0,0,0,0,0,0,0,0,0,0,0
291800,61,bully,1895,1,0,0,106,0,1484,0,1,61,289905,1895,0,107,0,0,0,LEADER,1,0,0,106,0,0,0,0,0,0,0,0,0,0,0
292747,40,bully,1922,1,0,0,106,0,1484,0,1,40,290825,1922,0,107,0,0,0,LEADER,1,0,0,106,0,0,0,0,0,0,0,0,0,0,0
292236,31,bully,2331,1,0,0,106,0,1484,0,1,31,289905,2331,0,107,0,0,0,LEADER,1,0,0,106,0,0,0,0,0,0,0,0,0,0,0
292737,29,bully,1910,1,0,0,106,0,1484,0,1,29,290827,1910,0,107,0,0,0,LEADER,1,0,0,106,0,0,0,0,0,0,0,0,0,0,0
292562,96,bully,1744,1,0,0,106,0,1484,0,1,96,290818,1744,0,107,0,0,0,LEADER,1,0,0,106,0,0,0,0,0,0,0,0,0,0,0
292650,84,bully,1825,1,0,0,106,0,1484,0,1,84,290825,1825,0,107,0,0,0,LEADER,1,0,0,106,0,0,0,0,0,0,0,0,0,0,0
292346,80,bully,1519,1,0,0,106,0,1484,0,1,80,290827,1519,0,107,0,0,0,LEADER,1,0,0,106,0,0,0,0,0,0,0,0,0,0,0
292188,53,bully,2283,1,0,0,106,0,1484,0,1,53,289905,2283,0,107,0,0,0,LEADER,1,0,0,106,0,0,0,0,0,0,0,0,0,0,0
292264,92,bully,1438,1,0,0,106,0,1484,0,1,92,290826,1438,0,107,0,0,0,LEADER,1,0,0,106,0,0,0,0,0,0,0,0,0,0,0
292432,91,bully,1619,1,0,0,106,0,1484,0,1,91,290813,1619,0,107,0,0,0,LEADER,1,0,0,106,0,0,0,0,0,0,0,0,0,0,0
292699,62,bully,1874,1,0,0,106,0,1484,0,1,62,290825,1874,0,107,0,0,0,LEADER,1,0,0,106,0,0,0,0,0,0,0,0,0,0,0
292396,15,bully,1571,1,0,0,106,0,1484,0,1,15,290825,1571,0,107,0,0,0,LEADER,1,0,0,106,0,0,0,0,0,0,0,0,0,0,0
292066,26,bully,2161,1,0,0,106,0,1484,0,1,26,289905,2161,0,107,0,0,0,LEADER,1,0,0,106,0,0,0,0,0,0,0,0,0,0,0
292802,49,bully,1977,1,0,0,106,0,1484,0,1,49,290825,1977,0,107,0,0,0,LEADER,1,0,0,106,0,0,0,0,0,0,0,0,0,0,0
292617,58,bully,1792,1,0,0,106,0,1484,0,1,58,290825,1792,0,107,0,0,0,LEADER,1,0,0,106,0,0,0,0,0,0,0,0,0,0,0
292151,86,bully,2246,1,0,0,106,0,1484,0,1,86,289905,2246,0,107,0,0,0,LEADER,1,0,0,106,0,0,0,0,0,0,0,0,0,0,0
292324,50,bully,2419,1,0,0,106,0,1484,0,1,50,289905,2419,0,107,0,0,0,LEADER,1,0,0,106,0,0,0,0,0,0,0,0,0,0,0
292174,85,bully,2268,1,0,0,106,0,1484,0,1,85,289906,2268,0,107,0,0,0,LEADER,1,0,0,106,0,0,0,0,0,0,0,0,0,0,0
292112,87,bully,2212,1,0,0,106,0,1484,0,1,87,289900,2212,0,107,0,0,0,LEADER,1,0,0,106,0,0,0,0,0,0,0,0,0,0,0
292321,64,bully,2416,1,0,0,106,0,1484,0,1,64,289905,2416,0,107,0,0,0,LEADER,1,0,0,106,0,0,0,0,0,0,0,0,0,0,0
292259,18,bully,1434,1,0,0,106,0,1484,0,1,18,290825,1434,0,107,0,0,0,LEADER,1,0,0,106,0,0,0,0,0,0,0,0,0,0,0
292170,11,bully,2264,1,0,0,106,0,1484,0,1,11,289906,2264,0,107,0,0,0,LEADER,1,0,0,106,0,0,0,0,0,0,0,0,0,0,0
292378,90,bully,1553,1,0,0,106,0,1484,0,1,90,290825,1553,0,107,0,0,0,LEADER,1,0,0,106,0,0,0,0,0,0,0,0,0,0,0
292272,35,bully,1447,1,0,0,106,0,1484,0,1,35,290825,1447,0,107,0,0,0,LEADER,1,0,0,106,0,0,0,0,0,0,0,0,0,0,0
292154,43,bully,2249,1,0,0,106,0,1484,0,1,43,289905,2249,0,107,0,0,0,LEADER,1,0,0,106,0,0,0,0,0,0,0,0,0,0,0
292292,28,bully,1467,1,0,0,106,0,1484,0,1,28,290825,1467,0,107,0,0,0,LEADER,1,0,0,106,0,0,0,0,0,0,0,0,0,0,0
292129,44,bully,2228,1,0,0,106,0,1484,0,1,44,289901,2228,0,107,0,0,0,LEADER,1,0,0,106,0,0,0,0,0,0,0,0,0,0,0
292966,23,bully,2141,1,0,0,106,0,1484,0,1,23,290825,2141,0,107,0,0,0,LEADER,1,0,0,106,0,0,0,0,0,0,0,0,0,0,0
292286,30,bully,1461,1,0,0,106,0,1484,0,1,30,290825,1461,0,107,0,0,0,LEADER,1,0,0,106,0,0,0,0,0,0,0,0,0,0,0
292686,94,bully,1859,1,0,0,106,0,1484,0,1,94,290827,1859,0,107,0,0,0,LEADER,1,0,0,106,0,0,0,0,0,0,0,0,0,0,0
292326,38,bully,1501,1,0,0,106,0,1484,0,1,38,290825,1501,0,107,0,0,0,LEADER,1,0,0,106,0,0,0,0,0,0,0,0,0,0,0
293005,66,bully,2180,1,0,0,106,0,1484,0,1,66,290825,2180,0,107,0,0,0,LEADER,1,0,0,106,0,0,0,0,0,0,0,0,0,0,0
292311,70,bully,1486,1,0,0,106,0,1484,0,1,70,290825,1486,0,107,0,0,0,LEADER,1,0,0,106,0,0,0,0,0,0,0,0,0,0,0
292956,88,bully,2131,1,0,0,106,0,1484,0,1,88,290825,2131,0,107,0,0,0,LEADER,1,0,0,106,0,0,0,0,0,0,0,0,0,0,0
292140,75,bully,2235,1,0,0,106,0,1484,0,1,75,289905,2235,0,107,0,0,0,LEADER,1,0,0,106,0,0,0,0,0,0,0,0,0,0,0
292150,12,bully,2243,1,0,0,106,0,1484,0,1,12,289907,2243,0,107,0,0,0,LEADER,1,0,0,106,0,0,0,0,0,0,0,0,0,0,0
292850,27,bully,2025,1,0,0,106,0,1484,0,1,27,290825,2025,0,107,0,0,0,LEADER,1,0,0,106,0,0,0,0,0,0,0,0,0,0,0
292339,42,bully,1514,1,0,0,106,0,1484,0,1,42,290825,1514,0,107,0,0,0,LEADER,1,0,0,106,0,0,0,0,0,0,0,0,0,0,0
292986,24,bully,2161,1,0,0,106,0,1484,0,1,24,290825,2161,0,107,0,0,0,LEADER,1,0,0,106,0,0,0,0,0,0,0,0,0,0,0
292938,46,bully,2113,1,0,0,106,0,1484,0,1,46,290825,2113,0,107,0,0,0,LEADER,1,0,0,106,0,0,0,0,0,0,0,0,0,0,0
292835,59,bully,2010,1,0,0,106,0,1484,0,1,59,290825,2010,0,107,0,0,0,LEADER,1,0,0,106,0,0,0,0,0,0,0,0,0,0,0
292463,34,bully,1637,1,0,0,106,0,1484,0,1,34,290826,1637,0,107,0,0,0,LEADER,1,0,0,106,0,0,0,0,0,0,0,0,0,0,0
293117,32,bully,2292,1,0,0,106,0,1484,0,1,32,290825,2292,0,107,0,0,0,LEADER,1,0,0,106,0,0,0,0,0,0,0,0,0,0,0
292733,72,bully,1907,1,0,0,106,0,1484,0,1,72,290826,1907,0,107,0,0,0,LEADER,1,0,0,106,0,0,0,0,0,0,0,0,0,0,0
293144,63,bully,2316,1,0,0,106,0,1484,0,1,63,290828,2316,0,107,0,0,0,LEADER,1,0,0,106,0,0,0,0,0,0,0,0,0,0,0
292617,74,bully,1792,1,0,0,106,0,1484,0,1,74,290825,1792,0,107,0,0,0,LEADER,1,0,0,106,0,0,0,0,0,0,0,0,0,0,0
292359,48,bully,1534,1,0,0,106,0,1484,0,1,48,290825,1534,0,107,0,0,0,LEADER,1,0,0,106,0,0,0,0,0,0,0,0,0,0,0
292822,57,bully,1995,1,0,0,106,0,1484,0,1,57,290827,1995,0,107,0,0,0,LEADER,1,0,0,106,0,0,0,0,0,0,0,0,0,0,0
292890,68,bully,2065,1,0,0,106,0,1484,0,1,68,290825,2065,0,107,0,0,0,LEADER,1,0,0,106,0,0,0,0,0,0,0,0,0,0,0
292291,45,bully,1466,1,0,0,106,0,1484,0,1,45,290825,1466,0,107,0,0,0,LEADER,1,0,0,106,0,0,0,0,0,0,0,0,0,0,0
292648,93,bully,1823,1,0,0,106,0,1484,0,1,93,290825,1823,0,107,0,0,0,LEADER,1,0,0,106,0,0,0,0,0,0,0,0,0,0,0
293229,82,bully,2404,1,0,0,106,0,1484,0,1,82,290825,2404,0,107,0,0,0,LEADER,1,0,0,106,0,0,0,0,0,0,0,0,0,0,0
293223,51,bully,2398,1,0,0,106,0,1484,0,1,51,290825,2398,0,107,0,0,0,LEADER,1,0,0,106,0,0,0,0,0,0,0,0,0,0,0
292768,39,bully,1943,1,0,0,106,0,1484,0,1,39,290825,1943,0,107,0,0,0,LEADER,1,0,0,106,0,0,0,0,0,0,0,0,0,0,0
292514,78,bully,1689,1,0,0,106,0,1484,0,1,78,290825,1689,0,107,0,0,0,LEADER,1,0,0,106,0,0,0,0,0,0,0,0,0,0,0
292902,79,bully,2077,1,0,0,106,0,1484,0,1,79,290825,2077,0,107,0,0,0,LEADER,1,0,0,106,0,0,0,0,0,0,0,0,0,0,0
292477,14,bully,1652,1,0,0,106,0,1484,0,1,14,290825,1652,0,107,0,0,0,LEADER,1,0,0,106,0,0,0,0,0,0,0,0,0,0,0
292904,36,bully,2080,1,0,0,106,0,1484,0,1,36,290824,2080,0,107,0,0,0,LEADER,1,0,0,106,0,0,0,0,0,0,0,0,0,0,0
292787,81,bully,1962,1,0,0,106,0,1484,0,1,81,290825,1962,0,107,0,0,0,LEADER,1,0,0,106,0,0,0,0,0,0,0,0,0,0,0
292447,67,bully,1622,1,0,0,106,0,1484,0,1,67,290825,1622,0,107,0,0,0,LEADER,1,0,0,106,0,0,0,0,0,0,0,0,0,0,0
293208,83,bully,2383,1,0,0,106,0,1484,0,1,83,290825,2383,0,107,0,0,0,LEADER,1,0,0,106,0,0,0,0,0,0,0,0,0,0,0
293352,99,bully,1607,1,0,0,106,0,1484,0,1,99,291745,1607,0,107,0,0,0,LEADER,1,0,0,106,0,0,0,0,0,0,0,0,0,0,0
292529,55,bully,1704,1,0,0,106,0,1484,0,1,55,290825,1704,0,107,0,0,0,LEADER,1,0,0,106,0,0,0,0,0,0,0,0,0,0,0
293319,89,bully,1574,1,0,0,106,0,1484,0,1,89,291745,1574,0,107,0,0,0,LEADER,1,0,0,106,0,0,0,0,0,0,0,0,0,0,0
292481,77,bully,1656,1,0,0,106,0,1484,0,1,77,290825,1656,0,107,0,0,0,LEADER,1,0,0,106,0,0,0,0,0,0,0,0,0,0,0
292753,71,bully,1928,1,0,0,106,0,1484,0,1,71,290825,1928,0,107,0,0,0,LEADER,1,0,0,106,0,0,0,0,0,0,0,0,0,0,0
293032,76,bully,2213,1,0,0,106,0,1484,0,1,76,290819,2213,0,107,0,0,0,LEADER,1,0,0,106,0,0,0,0,0,0,0,0,0,0,0
292667,52,bully,1840,1,0,0,106,0,1484,0,1,52,290827,1840,0,107,0,0,0,LEADER,1,0,0,106,0,0,0,0,0,0,0,0,0,0,0
292632,10,bully,1807,1,0,0,106,0,1484,0,1,10,290825,1807,0,107,0,0,0,LEADER,1,0,0,106,0,0,0,0,0,0,0,0,0,0,0
292565,22,bully,1740,1,0,0,106,0,1484,0,1,22,290825,1740,0,107,0,0,0,LEADER,1,0,0,106,0,0,0,0,0,0,0,0,0,0,0
292711,21,bully,1889,1,0,0,106,0,1484,0,1,21,290822,1889,0,107,0,0,0,LEADER,1,0,0,106,0,0,0,0,0,0,0,0,0,0,0
292971,56,bully,2146,1,0,0,106,0,1484,0,1,56,290825,2146,0,107,0,0,0,LEADER,1,0,0,106,0,0,0,0,0,0,0,0,0,0,0
292496,60,bully,1671,1,0,0,106,0,1484,0,1,60,290825,1671,0,107,0,0,0,LEADER,1,0,0,106,0,0,0,0,0,0,0,0,0,0,0
293349,25,bully,1604,1,0,0,106,0,1484,0,1,25,291745,1604,0,107,0,0,0,LEADER,1,0,0,106,0,0,0,0,0,0,0,0,0,0,0
292562,65,bully,1737,1,0,0,106,0,1484,0,1,65,290825,1737,0,107,0,0,0,LEADER,1,0,0,106,0,0,0,0,0,0,0,0,0,0,0
293238,19,bully,2413,1,0,0,106,0,1484,0,1,19,290825,2413,0,107,0,0,0,LEADER,1,0,0,106,0,0,0,0,0,0,0,0,0,0,0
292868,69,bully,2043,1,0,0,106,0,1484,0,1,69,290825,2043,0,107,0,0,0,LEADER,1,0,0,106,0,0,0,0,0,0,0,0,0,0,0
293470,54,bully,1725,1,0,0,106,0,1484,0,1,54,291745,1725,0,107,0,0,0,LEADER,1,0,0,106,0,0,0,0,0,0,0,0,0,0,0
292817,17,bully,1992,1,0,0,106,0,1484,0,1,17,290825,1992,0,107,0,0,0,LEADER,1,0,0,106,0,0,0,0,0,0,0,0,0,0,0
293331,100,bully,1586,1,0,0,106,0,1484,0,1,100,291745,1586,0,107,0,0,0,LEADER,1,0,0,106,0,0,0,0,0,0,0,0,0,0,0
293294,16,bully,1549,1,0,0,106,0,1484,0,1,16,291745,1549,0,107,0,0,0,LEADER,1,0,0,106,0,0,0,0,0,0,0,0,0,0,0
292883,37,bully,2058,1,0,0,106,0,1484,0,1,37,290825,2058,0,107,0,0,0,LEADER,1,0,0,106,0,0,0,0,0,0,0,0,0,0,0
293519,13,bully,1774,1,0,0,106,0,1484,0,1,13,291745,1774,0,107,0,0,0,LEADER,1,0,0,106,0,0,0,0,0,0,0,0,0,0,0
292680,20,bully,1855,1,0,0,106,0,1484,0,1,20,290825,1855,0,107,0,0,0,LEADER,1,0,0,106,0,0,0,0,0,0,0,0,0,0,0
293312,41,bully,1567,1,0,0,106,0,1484,0,1,41,291745,1567,0,107,0,0,0,LEADER,1,0,0,106,0,0,0,0,0,0,0,0,0,0,0
293301,47,bully,1556,1,0,0,106,0,1484,0,1,47,291745,1556,0,107,0,0,0,LEADER,1,0,0,106,0,0,0,0,0,0,0,0,0,0,0
293127,95,bully,2301,1,0,0,106,0,1484,0,1,95,290826,2301,0,107,0,0,0,LEADER,1,0,0,106,0,0,0,0,0,0,0,0,0,0,0
292990,98,bully,2165,1,0,0,106,0,1484,0,1,98,290825,2165,0,107,0,0,0,LEADER,1,0,0,106,0,0,0,0,0,0,0,0,0,0,0
293174,73,bully,2349,1,0,0,106,0,1484,0,1,73,290825,2349,0,107,0,0,0,LEADER,1,0,0,106,0,0,0,0,0,0,0,0,0,0,0
293497,33,bully,1752,1,0,0,106,0,1484,0,1,33,291745,1752,0,107,0,0,0,LEADER,1,0,0,106,0,0,0,0,0,0,0,0,0,0,0
292720,61,bully,1895,1,0,0,106,0,1484,0,1,61,290825,1895,0,107,0,0,0,LEADER,1,0,0,106,0,0,0,0,0,0,0,0,0,0,0
293467,97,bully,1722,1,0,0,106,0,1484,0,1,97,291745,1722,0,107,0,0,0,LEADER,1,0,0,106,0,0,0,0,0,0,0,0,0,0,0
293667,40,bully,1922,1,0,0,106,0,1484,0,1,40,291745,1922,0,107,0,0,0,LEADER,1,0,0,106,0,0,0,0,0,0,0,0,0,0,0
293156,31,bully,2331,1,0,0,106,0,1484,0,1,31,290825,2331,0,107,0,0,0,LEADER,1,0,0,106,0,0,0,0,0,0,0,0,0,0,0
293657,29,bully,1910,1,0,0,106,0,1484,0,1,29,291747,1910,0,107,0,0,0,LEADER,1,0,0,106,0,0,0,0,0,0,0,0,0,0,0
293482,96,bully,1744,1,0,0,106,0,1484,0,1,96,291738,1744,0,107,0,0,0,LEADER,1,0,0,106,0,0,0,0,0,0,0,0,0,0,0
293570,84,bully,1825,1,0,0,106,0,1484,0,1,84,291745,1825,0,107,0,0,0,LEADER,1,0,0,106,0,0,0,0,0,0,0,0,0,0,0
293266,80,bully,1519,1,0,0,106,0,1484,0,1,80,291747,1519,0,107,0,0,0,LEADER,1,0,0,106,0,0,0,0,0,0,0,0,0,0,0
293108,53,bully,2283,1,0,0,106,0,1484,0,1,53,290825,2283,0,107,0,0,0,LEADER,1,0,0,106,0,0,0,0,0,0,0,0,0,0,0
293184,92,bully,1438,1,0,0,106,0,1484,0,1,92,291746,1438,0,107,0,0,0,LEADER,1,0,0,106,0,0,0,0,0,0,0,0,0,0,0
293352,91,bully,1619,1,0,0,106,0,1484,0,1,91,291733,1619,0,107,0,0,0,LEADER,1,0,0,106,0,0,0,0,0,0,0,0,0,0,0
293619,62,bully,1874,1,0,0,106,0,1484,0,1,62,291745,1874,0,107,0,0,0,LEADER,1,0,0,106,0,0,0,0,0,0,0,0,0,0,0
293316,15,bully,1571,1,0,0,106,0,1484,0,1,15,291745,1571,0,107,0,0,0,LEADER,1,0,0,106,0,0,0,0,0,0,0,0,0,0,0
292986,26,bully,2161,1,0,0,106,0,1484,0,1,26,290825,2161,0,107,0,0,0,LEADER,1,0,0,106,0,0,0,0,0,0,0,0,0,0,0
293722,49,bully,1977,1,0,0,106,0,1484,0,1,49,291745,1977,0,107,0,0,0,LEADER,1,0,0,106,0,0,0,0,0,0,0,0,0,0,0
293537,58,bully,1792,1,0,0,106,0,1484,0,1,58,291745,1792,0,107,0,0,0,LEADER,1,0,0,106,0,0,0,0,0,0,0,0,0,0,0
293071,86,bully,2246,1,0,0,106,0,1484,0,1,86,290825,2246,0,107,0,0,0,LEADER,1,0,0,106,0,0,0,0,0,0,0,0,0,0,0
293244,50,bully,2419,1,0,0,106,0,1484,0,1,50,290825,2419,0,107,0,0,0,LEADER,1,0,0,106,0,0,0,0,0,0,0,0,0,0,0
293094,85,bully,2268,1,0,0,106,0,1484,0,1,85,290826,2268,0,107,0,0,0,LEADER,1,0,0,106,0,0,0,0,0,0,0,0,0,0,0
293032,87,bully,2212,1,0,0,106,0,1484,0,1,87,290820,2212,0,107,0,0,0,LEADER,1,0,0,106,0,0,0,0,0,0,0,0,0,0,0
293241,64,bully,2416,1,0,0,106,0,1484,0,1,64,290825,2416,0,107,0,0,0,LEADER,1,0,0,106,0,0,0,0,0,0,0,0,0,0,0
293179,18,bully,1434,1,0,0,106,0,1484,0,1,18,291745,1434,0,107,0,0,0,LEADER,1,0,0,106,0,0,0,0,0,0,0,0,0,0,0
293090,11,bully,2264,1,0,0,106,0,1484,0,1,11,290826,2264,0,107,0,0,0,LEADER,1,0,0,106,0,0,0,0,0,0,0,0,0,0,0
293298,90,bully,1553,1,0,0,106,0,1484,0,1,90,291745,1553,0,107,0,0,0,LEADER,1,0,0,106,0,0,0,0,0,0,0,0,0,0,0
293192,35,bully,1447,1,0,0,106,0,1484,0,1,35,291745,1447,0,107,0,0,0,LEADER,1,0,0,106,0,0,0,0,0,0,0,0,0,0,0
293074,43,bully,2249,1,0,0,106,0,1484,0,1,43,290825,2249,0,107,0,0,0,LEADER,1,0,0,106,0,0,0,0,0,0,0,0,0,0,0
293049,44,bully,2228,1,0,0,106,0,1484,0,1,44,290821,2228,0,107,0,0,0,LEADER,1,0,0,106,0,0,0,0,0,0,0,0,0,0,0
293212,28,bully,1467,1,0,0,106,0,1484,0,1,28,291745,1467,0,107,0,0,0,LEADER,1,0,0,106,0,0,0,0,0,0,0,0,0,0,0
293886,23,bully,2141,1,0,0,106,0,1484,0,1,23,291745,2141,0,107,0,0,0,LEADER,1,0,0,106,0,0,0,0,0,0,0,0,0,0,0
293206,30,bully,1461,1,0,0,106,0,1484,0,1,30,291745,1461,0,107,0,0,0,LEADER,1,0,0,106,0,0,0,0,0,0,0,0,0,0,0
293606,94,bully,1859,1,0,0,106,0,1484,0,1,94,291747,1859,0,107,0,0,0,LEADER,1,0,0,106,0,0,0,0,0,0,0,0,0,0,0
293246,38,bully,1501,1,0,0,106,0,1484,0,1,38,291745,1501,0,107,0,0,0,LEADER,1,0,0,106,0,0,0,0,0,0,0,0,0,0,0
293925,66,bully,2180,1,0,0,106,0,1484,0,1,66,291745,2180,0,107,0,0,0,LEADER,1,0,0,106,0,0,0,0,0,0,0,0,0,0,0
293231,70,bully,1486,1,0,0,106,0,1484,0,1,70,291745,1486,0,107,0,0,0,LEADER,1,0,0,106,0,0,0,0,0,0,0,0,0,0,0
293876,88,bully,2131,1,0,0,106,0,1484,0,1,88,291745,2131,0,107,0,0,0,LEADER,1,0,0,106,0,0,0,0,0,0,0,0,0,0,0
293060,75,bully,2235,1,0,0,106,0,1484,0,1,75,290825,2235,0,107,0,0,0,LEADER,1,0,0,106,0,0,0,0,0,0,0,0,0,0,0
293070,12,bully,2243,1,0,0,106,0,1484,0,1,12,290827,2243,0,107,0,0,0,LEADER,1,0,0,106,0,0,0,0,0,0,0,0,0,0,0
293770,27,bully,2025,1,0,0,106,0,1484,0,1,27,291745,2025,0,107,0,0,0,LEADER,1,0,0,106,0,0,0,0,0,0,0,0,0,0,0
293259,42,bully,1514,1,0,0,106,0,1484,0,1,42,291745,1514,0,107,0,0,0,LEADER,1,0,0,106,0,0,0,0,0,0,0,0,0,0,0
293906,24,bully,2161,1,0,0,106,0,1484,0,1,24,291745,2161,0,107,0,0,0,LEADER,1,0,0,106,0,0,0,0,0,0,0,0,0,0,0
293858,46,bully,2113,1,0,0,106,0,1484,0,1,46,291745,2113,0,107,0,0,0,LEADER,1,0,0,106,0,0,0,0,0,0,0,0,0,0,0
293755,59,bully,2010,1,0,0,106,0,1484,0,1,59,291745,2010,0,107,0,0,0,LEADER,1,0,0,106,0,0,0,0,0,0,0,0,0,0,0
294037,32,bully,2292,1,0,0,106,0,1484,0,1,32,291745,2292,0,107,0,0,0,LEADER,1,0,0,106,0,0,0,0,0,0,0,0,0,0,0
293383,34,bully,1637,1,0,0,106,0,1484,0,1,34,291746,1637,0,107,0,0,0,LEADER,1,0,0,106,0,0,0,0,0,0,0,0,0,0,0
293653,72,bully,1907,1,0,0,106,0,1484,0,1,72,291746,1907,0,107,0,0,0,LEADER,1,0,0,106,0,0,0,0,0,0,0,0,0,0,0
294064,63,bully,2316,1,0,0,106,0,1484,0,1,63,291748,2316,0,107,0,0,0,LEADER,1,0,0,106,0,0,0,0,0,0,0,0,0,0,0
293537,74,bully,1792,1,0,0,106,0,1484,0,1,74,291745,1792,0,107,0,0,0,LEADER,1,0,0,106,0,0,0,0,0,0,0,0,0,0,0
293279,48,bully,1534,1,0,0,106,0,1484,0,1,48,291745,1534,0,107,0,0,0,LEADER,1,0,0,106,0,0,0,0,0,0,0,0,0,0,0
293742,57,bully,1995,1,0,0,106,0,1484,0,1,57,291747,1995,0,107,0,0,0,LEADER,1,0,0,106,0,0,0,0,0,0,0,0,0,0,0
293810,68,bully,2065,1,0,0,106,0,1484,0,1,68,291745,2065,0,107,0,0,0,LEADER,1,0,0,106,0,0,0,0,0,0,0,0,0,0,0
293211,45,bully,1466,1,0,0,106,0,1484,0,1,45,291745,1466,0,107,0,0,0,LEADER,1,0,0,106,0,0,0,0,0,0,0,0,0,0,0
293568,93,bully,1823,1,0,0,106,0,1484,0,1,93,291745,1823,0,107,0,0,0,LEADER,1,0,0,106,0,0,0,0,0,0,0,0,0,0,0
294149,82,bully,2404,1,0,0,106,0,1484,0,1,82,291745,2404,0,107,0,0,0,LEADER,1,0,0,106,0,0,0,0,0,0,0,0,0,0,0
294143,51,bully,2398,1,0,0,106,0,1484,0,1,51,291745,2398,0,107,0,0,0,LEADER,1,0,0,106,0,0,0,0,0,0,0,0,0,0,0
293688,39,bully,1943,1,0,0,106,0,1484,0,1,39,291745,1943,0,107,0,0,0,LEADER,1,0,0,106,0,0,0,0,0,0,0,0,0,0,0
293434,78,bully,1689,1,0,0,106,0,1484,0,1,78,291745,1689,0,107,0,0,0,LEADER,1,0,0,106,0,0,0,0,0,0,0,0,0,0,0
293822,79,bully,2077,1,0,0,106,0,1484,0,1,79,291745,2077,0,107,0,0,0,LEADER,1,0,0,106,0,0,0,0,0,0,0,0,0,0,0
293397,14,bully,1652,1,0,0,106,0,1484,0,1,14,291745,1652,0,107,0,0,0,LEADER,1,0,0,106,0,0,0,0,0,0,0,0,0,0,0
293824,36,bully,2080,1,0,0,106,0,1484,0,1,36,291744,2080,0,107,0,0,0,LEADER,1,0,0,106,0,0,0,0,0,0,0,0,0,0,0
293707,81,bully,1962,1,0,0,106,0,1484,0,1,81,291745,1962,0,107,0,0,0,LEADER,1,0,0,106,0,0,0,0,0,0,0,0,0,0,0
293367,67,bully,1622,1,0,0,106,0,1484,0,1,67,291745,1622,0,107,0,0,0,LEADER,1,0,0,106,0,0,0,0,0,0,0,0,0,0,0
294128,83,bully,2383,1,0,0,106,0,1484,0,1,83,291745,2383,0,107,0,0,0,LEADER,1,0,0,106,0,0,0,0,0,0,0,0,0,0,0
294273,99,bully,1607,1,0,0,107,0,1498,0,1,99,292666,1607,0,108,0,0,0,LEADER,1,0,0,107,0,0,0,0,0,0,0,0,0,0,0
293449,55,bully,1704,1,0,0,106,0,1484,0,1,55,291745,1704,0,107,0,0,0,LEADER,1,0,0,106,0,0,0,0,0,0,0,0,0,0,0
294240,89,bully,1574,1,0,0,107,0,1498,0,1,89,292666,1574,0,108,0,0,0,LEADER,1,0,0,107,0,0,0,0,0,0,0,0,0,0,0
293401,77,bully,1656,1,0,0,106,0,1484,0,1,77,291745,1656,0,107,0,0,0,LEADER,1,0,0,106,0,0,0,0,0,0,0,0,0,0,0
293673,71,bully,1928,1,0,0,106,0,1484,0,1,71,291745,1928,0,107,0,0,0,LEADER,1,0,0,106,0,0,0,0,0,0,0,0,0,0,0
293952,76,bully,2213,1,0,0,106,0,1484,0,1,76,291739,2213,0,107,0,0,0,LEADER,1,0,0,106,0,0,0,0,0,0,0,0,0,0,0
293587,52,bully,1840,1,0,0,106,0,1484,0,1,52,291747,1840,0,107,0,0,0,LEADER,1,0,0,106,0,0,0,0,0,0,0,0,0,0,0
293552,10,bully,1807,1,0,0,106,0,1484,0,1,10,291745,1807,0,107,0,0,0,LEADER,1,0,0,106,0,0,0,0,0,0,0,0,0,0,0
293485,22,bully,1740,1,0,0,106,0,1484,0,1,22,291745,1740,0,107,0,0,0,LEADER,1,0,0,106,0,0,0,0,0,0,0,0,0,0,0
293631,21,bully,1889,1,0,0,106,0,1484,0,1,21,291742,1889,0,107,0,0,0,LEADER,1,0,0,106,0,0,0,0,0,0,0,0,0,0,0
293891,56,bully,2146,1,0,0,106,0,1484,0,1,56,291745,2146,0,107,0,0,0,LEADER,1,0,0,106,0,0,0,0,0,0,0,0,0,0,0
293416,60,bully,1671,1,0,0,106,0,1484,0,1,60,291745,1671,0,107,0,0,0,LEADER,1,0,0,106,0,0,0,0,0,0,0,0,0,0,0
294270,25,bully,1604,1,0,0,107,0,1498,0,1,25,292666,1604,0,108,0,0,0,LEADER,1,0,0,107,0,0,0,0,0,0,0,0,0,0,0
293482,65,bully,1737,1,0,0,106,0,1484,0,1,65,291745,1737,0,107,0,0,0,LEADER,1,0,0,106,0,0,0,0,0,0,0,0,0,0,0
294158,19,bully,2413,1,0,0,106,0,1484,0,1,19,291745,2413,0,107,0,0,0,LEADER,1,0,0,106,0,0,0,0,0,0,0,0,0,0,0
293788,69,bully,2043,1,0,0,106,0,1484,0,1,69,291745,2043,0,107,0,0,0,LEADER,1,0,0,106,0,0,0,0,0,0,0,0,0,0,0
294391,54,bully,1725,1,0,0,107,0,1498,0,1,54,292666,1725,0,108,0,0,0,LEADER,1,0,0,107,0,0,0,0,0,0,0,0,0,0,0
293737,17,bully,1992,1,0,0,106,0,1484,0,1,17,291745,1992,0,107,0,0,0,LEADER,1,0,0,106,0,0,0,0,0,0,0,0,0,0,0
294252,100,bully,1586,1,0,0,107,0,1498,0,1,100,292666,1586,0,108,0,0,0,LEADER,1,0,0,107,0,0,0,0,0,0,0,0,0,0,0
294215,16,bully,1549,1,0,0,107,0,1498,0,1,16,292666,1549,0,108,0,0,0,LEADER,1,0,0,107,0,0,0,0,0,0,0,0,0,0,0
293803,37,bully,2058,1,0,0,106,0,1484,0,1,37,291745,2058,0,107,0,0,0,LEADER,1,0,0,106,0,0,0,0,0,0,0,0,0,0,0
294440,13,bully,1774,1,0,0,107,0,1498,0,1,13,292666,1774,0,108,0,0,0,LEADER,1,0,0,107,0,0,0,0,0,0,0,0,0,0,0
293600,20,bully,1855,1,0,0,106,0,1484,0,1,20,291745,1855,0,107,0,0,0,LEADER,1,0,0,106,0,0,0,0,0,0,0,0,0,0,0
294233,41,bully,1567,1,0,0,107,0,1498,0,1,41,292666,1567,0,108,0,0,0,LEADER,1,0,0,107,0,0,0,0,0,0,0,0,0,0,0
294222,47,bully,1556,1,0,0,107,0,1498,0,1,47,292666,1556,0,108,0,0,0,LEADER,1,0,0,107,0,0,0,0,0,0,0,0,0,0,0
294047,95,bully,2301,1,0,0,106,0,1484,0,1,95,291746,2301,0,107,0,0,0,LEADER,1,0,0,106,0,0,0,0,0,0,0,0,0,0,0
293910,98,bully,2165,1,0,0,106,0,1484,0,1,98,291745,2165,0,107,0,0,0,LEADER,1,0,0,106,0,0,0,0,0,0,0,0,0,0,0
294094,73,bully,2349,1,0,0,106,0,1484,0,1,73,291745,2349,0,107,0,0,0,LEADER,1,0,0,106,0,0,0,0,0,0,0,0,0,0,0
293640,61,bully,1895,1,0,0,106,0,1484,0,1,61,291745,1895,0,107,0,0,0,LEADER,1,0,0,106,0,0,0,0,0,0,0,0,0,0,0
294388,97,bully,1722,1,0,0,107,0,1498,0,1,97,292666,1722,0,108,0,0,0,LEADER,1,0,0,107,0,0,0,0,0,0,0,0,0,0,0
294418,33,bully,1752,1,0,0,107,0,1498,0,1,33,292666,1752,0,108,0,0,0,LEADER,1,0,0,107,0,0,0,0,0,0,0,0,0,0,0
294076,31,bully,2331,1,0,0,106,0,1484,0,1,31,291745,2331,0,107,0,0,0,LEADER,1,0,0,106,0,0,0,0,0,0,0,0,0,0,0
294588,40,bully,1922,1,0,0,107,0,1498,0,1,40,292666,1922,0,108,0,0,0,LEADER,1,0,0,107,0,0,0,0,0,0,0,0,0,0,0
294578,29,bully,1910,1,0,0,107,0,1498,0,1,29,292668,1910,0,108,0,0,0,LEADER,1,0,0,107,0,0,0,0,0,0,0,0,0,0,0
294403,96,bully,1744,1,0,0,107,0,1498,0,1,96,292659,1744,0,108,0,0,0,LEADER,1,0,0,107,0,0,0,0,0,0,0,0,0,0,0
294491,84,bully,1825,1,0,0,107,0,1498,0,1,84,292666,1825,0,108,0,0,0,LEADER,1,0,0,107,0,0,0,0,0,0,0,0,0,0,0
294187,80,bully,1519,1,0,0,107,0,1498,0,1,80,292668,1519,0,108,0,0,0,LEADER,1,0,0,107,0,0,0,0,0,0,0,0,0,0,0
294028,53,bully,2283,1,0,0,106,0,1484,0,1,53,291745,2283,0,107,0,0,0,LEADER,1,0,0,106,0,0,0,0,0,0,0,0,0,0,0
294105,92,bully,1438,1,0,0,107,0,1498,0,1,92,292667,1438,0,108,0,0,0,LEADER,1,0,0,107,0,0,0,0,0,0,0,0,0,0,0
294273,91,bully,1619,1,0,0,107,0,1498,0,1,91,292654,1619,0,108,0,0,0,LEADER,1,0,0,107,0,0,0,0,0,0,0,0,0,0,0
294540,62,bully,1874,1,0,0,107,0,1498,0,1,62,292666,1874,0,108,0,0,0,LEADER,1,0,0,107,0,0,0,0,0,0,0,0,0,0,0
294237,15,bully,1571,1,0,0,107,0,1498,0,1,15,292666,1571,0,108,0,0,0,LEADER,1,0,0,107,0,0,0,0,0,0,0,0,0,0,0
293906,26,bully,2161,1,0,0,106,0,1484,0,1,26,291745,2161,0,107,0,0,0,LEADER,1,0,0,106,0,0,0,0,0,0,0,0,0,0,0
294643,49,bully,1977,1,0,0,107,0,1498,0,1,49,292666,1977,0,108,0,0,0,LEADER,1,0,0,107,0,0,0,0,0,0,0,0,0,0,0
294458,58,bully,1792,1,0,0,107,0,1498,0,1,58,292666,1792,0,108,0,0,0,LEADER,1,0,0,107,0,0,0,0,0,0,0,0,0,0,0
293991,86,bully,2246,1,0,0,106,0,1484,0,1,86,291745,2246,0,107,0,0,0,LEADER,1,0,0,106,0,0,0,0,0,0,0,0,0,0,0
294164,50,bully,2419,1,0,0,106,0,1484,0,1,50,291745,2419,0,107,0,0,0,LEADER,1,0,0,106,0,0,0,0,0,0,0,0,0,0,0
294014,85,bully,2268,1,0,0,106,0,1484,0,1,85,291746,2268,0,107,0,0,0,LEADER,1,0,0,106,0,0,0,0,0,0,0,0,0,0,0
293952,87,bully,2212,1,0,0,106,0,1484,0,1,87,291740,2212,0,107,0,0,0,LEADER,1,0,0,106,0,0,0,0,0,0,0,0,0,0,0
294161,64,bully,2416,1,0,0,106,0,1484,0,1,64,291745,2416,0,107,0,0,0,LEADER,1,0,0,106,0,0,0,0,0,0,0,0,0,0,0
294010,11,bully,2264,1,0,0,106,0,1484,0,1,11,291746,2264,0,107,0,0,0,LEADER,1,0,0,106,0,0,0,0,0,0,0,0,0,0,0
294100,18,bully,1434,1,0,0,107,0,1498,0,1,18,292666,1434,0,108,0,0,0,LEADER,1,0,0,107,0,0,0,0,0,0,0,0,0,0,0
294219,90,bully,1553,1,0,0,107,0,1498,0,1,90,292666,1553,0,108,0,0,0,LEADER,1,0,0,107,0,0,0,0,0,0,0,0,0,0,0
294113,35,bully,1447,1,0,0,107,0,1498,0,1,35,292666,1447,0,108,0,0,0,LEADER,1,0,0,107,0,0,0,0,0,0,0,0,0,0,0
293994,43,bully,2249,1,0,0,106,0,1484,0,1,43,291745,2249,0,107,0,0,0,LEADER,1,0,0,106,0,0,0,0,0,0,0,0,0,0,0
293969,44,bully,2228,1,0,0,106,0,1484,0,1,44,291741,2228,0,107,0,0,0,LEADER,1,0,0,106,0,0,0,0,0,0,0,0,0,0,0
294133,28,bully,1467,1,0,0,107,0,1498,0,1,28,292666,1467,0,108,0,0,0,LEADER,1,0,0,107,0,0,0,0,0,0,0,0,0,0,0
294807,23,bully,2141,1,0,0,107,0,1498,0,1,23,292666,2141,0,108,0,0,0,LEADER,1,0,0,107,0,0,0,0,0,0,0,0,0,0,0
294127,30,bully,1461,1,0,0,107,0,1498,0,1,30,292666,1461,0,108,0,0,0,LEADER,1,0,0,107,0,0,0,0,0,0,0,0,0,0,0
294527,94,bully,1859,1,0,0,107,0,1498,0,1,94,292668,1859,0,108,0,0,0,LEADER,1,0,0,107,0,0,0,0,0,0,0,0,0,0,0
294167,38,bully,1501,1,0,0,107,0,1498,0,1,38,292666,1501,0,108,0,0,0,LEADER,1,0,0,107,0,0,0,0,0,0,0,0,0,0,0
294846,66,bully,2180,1,0,0,107,0,1498,0,1,66,292666,2180,0,108,0,0,0,LEADER,1,0,0,107,0,0,0,0,0,0,0,0,0,0,0
294152,70,bully,1486,1,0,0,107,0,1498,0,1,70,292666,1486,0,108,0,0,0,LEADER,1,0,0,107,0,0,0,0,0,0,0,0,0,0,0
294797,88,bully,2131,1,0,0,107,0,1498,0,1,88,292666,2131,0,108,0,0,0,LEADER,1,0,0,107,0,0,0,0,0,0,0,0,0,0,0
293980,75,bully,2235,1,0,0,106,0,1484,0,1,75,291745,2235,0,107,0,0,0,LEADER,1,0,0,106,0,0,0,0,0,0,0,0,0,0,0
293990,12,bully,2243,1,0,0,106,0,1484,0,1,12,291747,2243,0,107,0,0,0,LEADER,1,0,0,106,0,0,0,0,0,0,0,0,0,0,0
294691,27,bully,2025,1,0,0,107,0,1498,0,1,27,292666,2025,0,108,0,0,0,LEADER,1,0,0,107,0,0,0,0,0,0,0,0,0,0,0
294180,42,bully,1514,1,0,0,107,0,1498,0,1,42,292666,1514,0,108,0,0,0,LEADER,1,0,0,107,0,0,0,0,0,0,0,0,0,0,0
294827,24,bully,2161,1,0,0,107,0,1498,0,1,24,292666,2161,0,108,0,0,0,LEADER,1,0,0,107,0,0,0,0,0,0,0,0,0,0,0
294779,46,bully,2113,1,0,0,107,0,1498,0,1,46,292666,2113,0,108,0,0,0,LEADER,1,0,0,107,0,0,0,0,0,0,0,0,0,0,0
294676,59,bully,2010,1,0,0,107,0,1498,0,1,59,292666,2010,0,108,0,0,0,LEADER,1,0,0,107,0,0,0,0,0,0,0,0,0,0,0
294958,32,bully,2292,1,0,0,107,0,1498,0,1,32,292666,2292,0,108,0,0,0,LEADER,1,0,0,107,0,0,0,0,0,0,0,0,0,0,0
294304,34,bully,1637,1,0,0,107,0,1498,0,1,34,292667,1637,0,108,0,0,0,LEADER,1,0,0,107,0,0,0,0,0,0,0,0,0,0,0
294574,72,bully,1907,1,0,0,107,0,1498,0,1,72,292667,1907,0,108,0,0,0,LEADER,1,0,0,107,0,0,0,0,0,0,0,0,0,0,0
294985,63,bully,2316,1,0,0,107,0,1498,0,1,63,292669,2316,0,108,0,0,0,LEADER,1,0,0,107,0,0,0,0,0,0,0,0,0,0,0
294458,74,bully,1792,1,0,0,107,0,1498,0,1,74,292666,1792,0,108,0,0,0,LEADER,1,0,0,107,0,0,0,0,0,0,0,0,0,0,0
294200,48,bully,1534,1,0,0,107,0,1498,0,1,48,292666,1534,0,108,0,0,0,LEADER,1,0,0,107,0,0,0,0,0,0,0,0,0,0,0
294663,57,bully,1995,1,0,0,107,0,1498,0,1,57,292668,1995,0,108,0,0,0,LEADER,1,0,0,107,0,0,0,0,0,0,0,0,0,0,0
294731,68,bully,2065,1,0,0,107,0,1498,0,1,68,292666,2065,0,108,0,0,0,LEADER,1,0,0,107,0,0,0,0,0,0,0,0,0,0,0
294132,45,bully,1466,1,0,0,107,0,1498,0,1,45,292666,1466,0,108,0,0,0,LEADER,1,0,0,107,0,0,0,0,0,0,0,0,0,0,0
294489,93,bully,1823,1,0,0,107,0,1498,0,1,93,292666,1823,0,108,0,0,0,LEADER,1,0,0,107,0,0,0,0,0,0,0,0,0,0,0
295070,82,bully,2404,1,0,0,107,0,1498,0,1,82,292666,2404,0,108,0,0,0,LEADER,1,0,0,107,0,0,0,0,0,0,0,0,0,0,0
295064,51,bully,2398,1,0,0,107,0,1498,0,1,51,292666,2398,0,108,0,0,0,LEADER,1,0,0,107,0,0,0,0,0,0,0,0,0,0,0
294609,39,bully,1943,1,0,0,107,0,1498,0,1,39,292666,1943,0,108,0,0,0,LEADER,1,0,0,107,0,0,0,0,0,0,0,0,0,0,0
294355,78,bully,1689,1,0,0,107,0,1498,0,1,78,292666,1689,0,108,0,0,0,LEADER,1,0,0,107,0,0,0,0,0,0,0,0,0,0,0
294743,79,bully,2077,1,0,0,107,0,1498,0,1,79,292666,2077,0,108,0,0,0,LEADER,1,0,0,107,0,0,0,0,0,0,0,0,0,0,0
294318,14,bully,1652,1,0,0,107,0,1498,0,1,14,292666,1652,0,108,0,0,0,LEADER,1,0,0,107,0,0,0,0,0,0,0,0,0,0,0
294745,36,bully,2080,1,0,0,107,0,1498,0,1,36,292665,2080,0,108,0,0,0,LEADER,1,0,0,107,0,0,0,0,0,0,0,0,0,0,0
294628,81,bully,1962,1,0,0,107,0,1498,0,1,81,292666,1962,0,108,0,0,0,LEADER,1,0,0,107,0,0,0,0,0,0,0,0,0,0,0
294288,67,bully,1622,1,0,0,107,0,1498,0,1,67,292666,1622,0,108,0,0,0,LEADER,1,0,0,107,0,0,0,0,0,0,0,0,0,0,0
295049,83,bully,2383,1,0,0,107,0,1498,0,1,83,292666,2383,0,108,0,0,0,LEADER,1,0,0,107,0,0,0,0,0,0,0,0,0,0,0
295193,99,bully,1607,1,0,0,107,0,1498,0,1,99,293586,1607,0,108,0,0,0,LEADER,1,0,0,107,0,0,0,0,0,0,0,0,0,0,0
294370,55,bully,1704,1,0,0,107,0,1498,0,1,55,292666,1704,0,108,0,0,0,LEADER,1,0,0,107,0,0,0,0,0,0,0,0,0,0,0
295160,89,bully,1574,1,0,0,107,0,1498,0,1,89,293586,1574,0,108,0,0,0,LEADER,1,0,0,107,0,0,0,0,0,0,0,0,0,0,0
294322,77,bully,1656,1,0,0,107,0,1498,0,1,77,292666,1656,0,108,0,0,0,LEADER,1,0,0,107,0,0,0,0,0,0,0,0,0,0,0
294594,71,bully,1928,1,0,0,107,0,1498,0,1,71,292666,1928,0,108,0,0,0,LEADER,1,0,0,107,0,0,0,0,0,0,0,0,0,0,0
294873,76,bully,2213,1,0,0,107,0,1498,0,1,76,292660,2213,0,108,0,0,0,LEADER,1,0,0,107,0,0,0,0,0,0,0,0,0,0,0
294508,52,bully,1840,1,0,0,107,0,1498,0,1,52,292668,1840,0,108,0,0,0,LEADER,1,0,0,107,0,0,0,0,0,0,0,0,0,0,0
294473,10,bully,1807,1,0,0,107,0,1498,0,1,10,292666,1807,0,108,0,0,0,LEADER,1,0,0,107,0,0,0,0,0,0,0,0,0,0,0
294406,22,bully,1740,1,0,0,107,0,1498,0,1,22,292666,1740,0,108,0,0,0,LEADER,1,0,0,107,0,0,0,0,0,0,0,0,0,0,0
294552,21,bully,1889,1,0,0,107,0,1498,0,1,21,292663,1889,0,108,0,0,0,LEADER,1,0,0,107,0,0,0,0,0,0,0,0,0,0,0
294812,56,bully,2146,1,0,0,107,0,1498,0,1,56,292666,2146,0,108,0,0,0,LEADER,1,0,0,107,0,0,0,0,0,0,0,0,0,0,0
294337,60,bully,1671,1,0,0,107,0,1498,0,1,60,292666,1671,0,108,0,0,0,LEADER,1,0,0,107,0,0,0,0,0,0,0,0,0,0,0
295190,25,bully,1604,1,0,0,107,0,1498,0,1,25,293586,1604,0,108,0,0,0,LEADER,1,0,0,107,0,0,0,0,0,0,0,0,0,0,0
294403,65,bully,1737,1,0,0,107,0,1498,0,1,65,292666,1737,0,108,0,0,0,LEADER,1,0,0,107,0,0,0,0,0,0,0,0,0,0,0
295079,19,bully,2413,1,0,0,107,0,1498,0,1,19,292666,2413,0,108,0,0,0,LEADER,1,0,0,107,0,0,0,0,0,0,0,0,0,0,0
294709,69,bully,2043,1,0,0,107,0,1498,0,1,69,292666,2043,0,108,0,0,0,LEADER,1,0,0,107,0,0,0,0,0,0,0,0,0,0,0
295311,54,bully,1725,1,0,0,107,0,1498,0,1,54,293586,1725,0,108,0,0,0,LEADER,1,0,0,107,0,0,0,0,0,0,0,0,0,0,0
294658,17,bully,1992,1,0,0,107,0,1498,0,1,17,292666,1992,0,108,0,0,0,LEADER,1,0,0,107,0,0,0,0,0,0,0,0,0,0,0
295172,100,bully,1586,1,0,0,107,0,1498,0,1,100,293586,1586,0,108,0,0,0,LEADER,1,0,0,107,0,0,0,0,0,0,0,0,0,0,0
295135,16,bully,1549,1,0,0,107,0,1498,0,1,16,293586,1549,0,108,0,0,0,LEADER,1,0,0,107,0,0,0,0,0,0,0,0,0,0,0
294724,37,bully,2058,1,0,0,107,0,1498,0,1,37,292666,2058,0,108,0,0,0,LEADER,1,0,0,107,0,0,0,0,0,0,0,0,0,0,0
295360,13,bully,1774,1,0,0,107,0,1498,0,1,13,293586,1774,0,108,0,0,0,LEADER,1,0,0,107,0,0,0,0,0,0,0,0,0,0,0
294521,20,bully,1855,1,0,0,107,0,1498,0,1,20,292666,1855,0,108,0,0,0,LEADER,1,0,0,107,0,0,0,0,0,0,0,0,0,0,0
295153,41,bully,1567,1,0,0,107,0,1498,0,1,41,293586,1567,0,108,0,0,0,LEADER,1,0,0,107,0,0,0,0,0,0,0,0,0,0,0
295142,47,bully,1556,1,0,0,107,0,1498,0,1,47,293586,1556,0,108,0,0,0,LEADER,1,0,0,107,0,0,0,0,0,0,0,0,0,0,0
294968,95,bully,2301,1,0,0,107,0,1498,0,1,95,292667,2301,0,108,0,0,0,LEADER,1,0,0,107,0,0,0,0,0,0,0,0,0,0,0
294831,98,bully,2165,1,0,0,107,0,1498,0,1,98,292666,2165,0,108,0,0,0,LEADER,1,0,0,107,0,0,0,0,0,0,0,0,0,0,0
295015,73,bully,2349,1,0,0,107,0,1498,0,1,73,292666,2349,0,108,0,0,0,LEADER,1,0,0,107,0,0,0,0,0,0,0,0,0,0,0
294561,61,bully,1895,1,0,0,107,0,1498,0,1,61,292666,1895,0,108,0,0,0,LEADER,1,0,0,107,0,0,0,0,0,0,0,0,0,0,0
295308,97,bully,1722,1,0,0,107,0,1498,0,1,97,293586,1722,0,108,0,0,0,LEADER,1,0,0,107,0,0,0,0,0,0,0,0,0,0,0
295338,33,bully,1752,1,0,0,107,0,1498,0,1,33,293586,1752,0,108,0,0,0,LEADER,1,0,0,107,0,0,0,0,0,0,0,0,0,0,0
295508,40,bully,1922,1,0,0,107,0,1498,0,1,40,293586,1922,0,108,0,0,0,LEADER,1,0,0,107,0,0,0,0,0,0,0,0,0,0,0
294997,31,bully,2331,1,0,0,107,0,1498,0,1,31,292666,2331,0,108,0,0,0,LEADER,1,0,0,107,0,0,0,0,0,0,0,0,0,0,0
295498,29,bully,1910,1,0,0,107,0,1498,0,1,29,293588,1910,0,108,0,0,0,LEADER,1,0,0,107,0,0,0,0,0,0,0,0,0,0,0
295323,96,bully,1744,1,0,0,107,0,1498,0,1,96,293579,1744,0,108,0,0,0,LEADER,1,0,0,107,0,0,0,0,0,0,0,0,0,0,0
295411,84,bully,1825,1,0,0,107,0,1498,0,1,84,293586,1825,0,108,0,0,0,LEADER,1,0,0,107,0,0,0,0,0,0,0,0,0,0,0
295107,80,bully,1519,1,0,0,107,0,1498,0,1,80,293588,1519,0,108,0,0,0,LEADER,1,0,0,107,0,0,0,0,0,0,0,0,0,0,0
294949,53,bully,2283,1,0,0,107,0,1498,0,1,53,292666,2283,0,108,0,0,0,LEADER,1,0,0,107,0,0,0,0,0,0,0,0,0,0,0
295025,92,bully,1438,1,0,0,107,0,1498,0,1,92,293587,1438,0,108,0,0,0,LEADER,1,0,0,107,0,0,0,0,0,0,0,0,0,0,0
295193,91,bully,1619,1,0,0,107,0,1498,0,1,91,293574,1619,0,108,0,0,0,LEADER,1,0,0,107,0,0,0,0,0,0,0,0,0,0,0
295460,62,bully,1874,1,0,0,107,0,1498,0,1,62,293586,1874,0,108,0,0,0,LEADER,1,0,0,107,0,0,0,0,0,0,0,0,0,0,0
295157,15,bully,1571,1,0,0,107,0,1498,0,1,15,293586,1571,0,108,0,0,0,LEADER,1,0,0,107,0,0,0,0,0,0,0,0,0,0,0
294827,26,bully,2161,1,0,0,107,0,1498,0,1,26,292666,2161,0,108,0,0,0,LEADER,1,0,0,107,0,0,0,0,0,0,0,0,0,0,0
295563,49,bully,1977,1,0,0,107,0,1498,0,1,49,293586,1977,0,108,0,0,0,LEADER,1,0,0,107,0,0,0,0,0,0,0,0,0,0,0
295378,58,bully,1792,1,0,0,107,0,1498,0,1,58,293586,1792,0,108,0,0,0,LEADER,1,0,0,107,0,0,0,0,0,0,0,0,0,0,0
294912,86,bully,2246,1,0,0,107,0,1498,0,1,86,292666,2246,0,108,0,0,0,LEADER,1,0,0,107,0,0,0,0,0,0,0,0,0,0,0
295085,50,bully,2419,1,0,0,107,0,1498,0,1,50,292666,2419,0,108,0,0,0,LEADER,1,0,0,107,0,0,0,0,0,0,0,0,0,0,0
294935,85,bully,2268,1,0,0,107,0,1498,0,1,85,292667,2268,0,108,0,0,0,LEADER,1,0,0,107,0,0,0,0,0,0,0,0,0,0,0
294873,87,bully,2212,1,0,0,107,0,1498,0,1,87,292661,2212,0,108,0,0,0,LEADER,1,0,0,107,0,0,0,0,0,0,0,0,0,0,0
295082,64,bully,2416,1,0,0,107,0,1498,0,1,64,292666,2416,0,108,0,0,0,LEADER,1,0,0,107,0,0,0,0,0,0,0,0,0,0,0
295020,18,bully,1434,1,0,0,107,0,1498,0,1,18,293586,1434,0,108,0,0,0,LEADER,1,0,0,107,0,0,0,0,0,0,0,0,0,0,0
294931,11,bully,2264,1,0,0,107,0,1498,0,1,11,292667,2264,0,108,0,0,0,LEADER,1,0,0,107,0,0,0,0,0,0,0,0,0,0,0
295139,90,bully,1553,1,0,0,107,0,1498,0,1,90,293586,1553,0,108,0,0,0,LEADER,1,0,0,107,0,0,0,0,0,0,0,0,0,0,0
295033,35,bully,1447,1,0,0,107,0,1498,0,1,35,293586,1447,0,108,0,0,0,LEADER,1,0,0,107,0,0,0,0,0,0,0,0,0,0,0
294915,43,bully,2249,1,0,0,107,0,1498,0,1,43,292666,2249,0,108,0,0,0,LEADER,1,0,0,107,0,0,0,0,0,0,0,0,0,0,0
295053,28,bully,1467,1,0,0,107,0,1498,0,1,28,293586,1467,0,108,0,0,0,LEADER,1,0,0,107,0,0,0,0,0,0,0,0,0,0,0
294890,44,bully,2228,1,0,0,107,0,1498,0,1,44,292662,2228,0,108,0,0,0,LEADER,1,0,0,107,0,0,0,0,0,0,0,0,0,0,0
295727,23,bully,2141,1,0,0,107,0,1498,0,1,23,293586,2141,0,108,0,0,0,LEADER,1,0,0,107,0,0,0,0,0,0,0,0,0,0,0
295047,30,bully,1461,1,0,0,107,0,1498,0,1,30,293586,1461,0,108,0,0,0,LEADER,1,0,0,107,0,0,0,0,0,0,0,0,0,0,0
295447,94,bully,1859,1,0,0,107,0,1498,0,1,94,293588,1859,0,108,0,0,0,LEADER,1,0,0,107,0,0,0,0,0,0,0,0,0,0,0
295087,38,bully,1501,1,0,0,107,0,1498,0,1,38,293586,1501,0,108,0,0,0,LEADER,1,0,0,107,0,0,0,0,0,0,0,0,0,0,0
295766,66,bully,2180,1,0,0,107,0,1498,0,1,66,293586,2180,0,108,0,0,0,LEADER,1,0,0,107,0,0,0,0,0,0,0,0,0,0,0
295072,70,bully,1486,1,0,0,107,0,1498,0,1,70,293586,1486,0,108,0,0,0,LEADER,1,0,0,107,0,0,0,0,0,0,0,0,0,0,0
295717,88,bully,2131,1,0,0,107,0,1498,0,1,88,293586,2131,0,108,0,0,0,LEADER,1,0,0,107,0,0,0,0,0,0,0,0,0,0,0
294901,75,bully,2235,1,0,0,107,0,1498,0,1,75,292666,2235,0,108,0,0,0,LEADER,1,0,0,107,0,0,0,0,0,0,0,0,0,0,0
294911,12,bully,2243,1,0,0,107,0,1498,0,1,12,292668,2243,0,108,0,0,0,LEADER,1,0,0,107,0,0,0,0,0,0,0,0,0,0,0
295611,27,bully,2025,1,0,0,107,0,1498,0,1,27,293586,2025,0,108,0,0,0,LEADER,1,0,0,107,0,0,0,0,0,0,0,0,0,0,0
295100,42,bully,1514,1,0,0,107,0,1498,0,1,42,293586,1514,0,108,0,0,0,LEADER,1,0,0,107,0,0,0,0,0,0,0,0,0,0,0
295747,24,bully,2161,1,0,0,107,0,1498,0,1,24,293586,2161,0,108,0,0,0,LEADER,1,0,0,107,0,0,0,0,0,0,0,0,0,0,0
295699,46,bully,2113,1,0,0,107,0,1498,0,1,46,293586,2113,0,108,0,0,0,LEADER,1,0,0,107,0,0,0,0,0,0,0,0,0,0,0
295596,59,bully,2010,1,0,0,107,0,1498,0,1,59,293586,2010,0,108,0,0,0,LEADER,1,0,0,107,0,0,0,0,0,0,0,0,0,0,0
295878,32,bully,2292,1,0,0,107,0,1498,0,1,32,293586,2292,0,108,0,0,0,LEADER,1,0,0,107,0,0,0,0,0,0,0,0,0,0,0
295224,34,bully,1637,1,0,0,107,0,1498,0,1,34,293587,1637,0,108,0,0,0,LEADER,1,0,0,107,0,0,0,0,0,0,0,0,0,0,0
295494,72,bully,1907,1,0,0,107,0,1498,0,1,72,293587,1907,0,108,0,0,0,LEADER,1,0,0,107,0,0,0,0,0,0,0,0,0,0,0
295905,63,bully,2316,1,0,0,107,0,1498,0,1,63,293589,2316,0,108,0,0,0,LEADER,1,0,0,107,0,0,0,0,0,0,0,0,0,0,0
295378,74,bully,1792,1,0,0,107,0,1498,0,1,74,293586,1792,0,108,0,0,0,LEADER,1,0,0,107,0,0,0,0,0,0,0,0,0,0,0
295120,48,bully,1534,1,0,0,107,0,1498,0,1,48,293586,1534,0,108,0,0,0,LEADER,1,0,0,107,0,0,0,0,0,0,0,0,0,0,0
295583,57,bully,1995,1,0,0,107,0,1498,0,1,57,293588,1995,0,108,0,0,0,LEADER,1,0,0,107,0,0,0,0,0,0,0,0,0,0,0
295651,68,bully,2065,1,0,0,107,0,1498,0,1,68,293586,2065,0,108,0,0,0,LEADER,1,0,0,107,0,0,0,0,0,0,0,0,0,0,0
295052,45,bully,1466,1,0,0,107,0,1498,0,1,45,293586,1466,0,108,0,0,0,LEADER,1,0,0,107,0,0,0,0,0,0,0,0,0,0,0
295409,93,bully,1823,1,0,0,107,0,1498,0,1,93,293586,1823,0,108,0,0,0,LEADER,1,0,0,107,0,0,0,0,0,0,0,0,0,0,0
295990,82,bully,2404,1,0,0,107,0,1498,0,1,82,293586,2404,0,108,0,0,0,LEADER,1,0,0,107,0,0,0,0,0,0,0,0,0,0,0
295401,7,bully,2253,1,0,0,27,46,378,644,6,4,293148,2253,0,10,0,0,0,NORMAL,0,0,0,27,0,0,0,46,0,0,0,0,0,0,0
295984,51,bully,2398,1,0,0,107,0,1498,0,1,51,293586,2398,0,108,0,0,0,LEADER,1,0,0,107,0,0,0,0,0,0,0,0,0,0,0
295529,39,bully,1943,1,0,0,107,0,1498,0,1,39,293586,1943,0,108,0,0,0,LEADER,1,0,0,107,0,0,0,0,0,0,0,0,0,0,0
295275,78,bully,1689,1,0,0,107,0,1498,0,1,78,293586,1689,0,108,0,0,0,LEADER,1,0,0,107,0,0,0,0,0,0,0,0,0,0,0
295663,79,bully,2077,1,0,0,107,0,1498,0,1,79,293586,2077,0,108,0,0,0,LEADER,1,0,0,107,0,0,0,0,0,0,0,0,0,0,0
295238,14,bully,1652,1,0,0,107,0,1498,0,1,14,293586,1652,0,108,0,0,0,LEADER,1,0,0,107,0,0,0,0,0,0,0,0,0,0,0
295665,36,bully,2080,1,0,0,107,0,1498,0,1,36,293585,2080,0,108,0,0,0,LEADER,1,0,0,107,0,0,0,0,0,0,0,0,0,0,0
295548,81,bully,1962,1,0,0,107,0,1498,0,1,81,293586,1962,0,108,0,0,0,LEADER,1,0,0,107,0,0,0,0,0,0,0,0,0,0,0
295208,67,bully,1622,1,0,0,107,0,1498,0,1,67,293586,1622,0,108,0,0,0,LEADER,1,0,0,107,0,0,0,0,0,0,0,0,0,0,0
295969,83,bully,2383,1,0,0,107,0,1498,0,1,83,293586,2383,0,108,0,0,0,LEADER,1,0,0,107,0,0,0,0,0,0,0,0,0,0,0
296113,99,bully,1607,1,0,0,107,0,1498,0,1,99,294506,1607,0,108,0,0,0,LEADER,1,0,0,107,0,0,0,0,0,0,0,0,0,0,0
295290,55,bully,1704,1,0,0,107,0,1498,0,1,55,293586,1704,0,108,0,0,0,LEADER,1,0,0,107,0,0,0,0,0,0,0,0,0,0,0
296080,89,bully,1574,1,0,0,107,0,1498,0,1,89,294506,1574,0,108,0,0,0,LEADER,1,0,0,107,0,0,0,0,0,0,0,0,0,0,0
295242,77,bully,1656,1,0,0,107,0,1498,0,1,77,293586,1656,0,108,0,0,0,LEADER,1,0,0,107,0,0,0,0,0,0,0,0,0,0,0
295514,71,bully,1928,1,0,0,107,0,1498,0,1,71,293586,1928,0,108,0,0,0,LEADER,1,0,0,107,0,0,0,0,0,0,0,0,0,0,0
295793,76,bully,2213,1,0,0,107,0,1498,0,1,76,293580,2213,0,108,0,0,0,LEADER,1,0,0,107,0,0,0,0,0,0,0,0,0,0,0
295428,52,bully,1840,1,0,0,107,0,1498,0,1,52,293588,1840,0,108,0,0,0,LEADER,1,0,0,107,0,0,0,0,0,0,0,0,0,0,0
295393,10,bully,1807,1,0,0,107,0,1498,0,1,10,293586,1807,0,108,0,0,0,LEADER,1,0,0,107,0,0,0,0,0,0,0,0,0,0,0
295326,22,bully,1740,1,0,0,107,0,1498,0,1,22,293586,1740,0,108,0,0,0,LEADER,1,0,0,107,0,0,0,0,0,0,0,0,0,0,0
295472,21,bully,1889,1,0,0,107,0,1498,0,1,21,293583,1889,0,108,0,0,0,LEADER,1,0,0,107,0,0,0,0,0,0,0,0,0,0,0
295732,56,bully,2146,1,0,0,107,0,1498,0,1,56,293586,2146,0,108,0,0,0,LEADER,1,0,0,107,0,0,0,0,0,0,0,0,0,0,0
295257,60,bully,1671,1,0,0,107,0,1498,0,1,60,293586,1671,0,108,0,0,0,LEADER,1,0,0,107,0,0,0,0,0,0,0,0,0,0,0
296110,25,bully,1604,1,0,0,107,0,1498,0,1,25,294506,1604,0,108,0,0,0,LEADER,1,0,0,107,0,0,0,0,0,0,0,0,0,0,0
295323,65,bully,1737,1,0,0,107,0,1498,0,1,65,293586,1737,0,108,0,0,0,LEADER,1,0,0,107,0,0,0,0,0,0,0,0,0,0,0
295999,19,bully,2413,1,0,0,107,0,1498,0,1,19,293586,2413,0,108,0,0,0,LEADER,1,0,0,107,0,0,0,0,0,0,0,0,0,0,0
295629,69,bully,2043,1,0,0,107,0,1498,0,1,69,293586,2043,0,108,0,0,0,LEADER,1,0,0,107,0,0,0,0,0,0,0,0,0,0,0
296231,54,bully,1725,1,0,0,107,0,1498,0,1,54,294506,1725,0,108,0,0,0,LEADER,1,0,0,107,0,0,0,0,0,0,0,0,0,0,0
295578,17,bully,1992,1,0,0,107,0,1498,0,1,17,293586,1992,0,108,0,0,0,LEADER,1,0,0,107,0,0,0,0,0,0,0,0,0,0,0
296092,100,bully,1586,1,0,0,107,0,1498,0,1,100,294506,1586,0,108,0,0,0,LEADER,1,0,0,107,0,0,0,0,0,0,0,0,0,0,0
296055,16,bully,1549,1,0,0,107,0,1498,0,1,16,294506,1549,0,108,0,0,0,LEADER,1,0,0,107,0,0,0,0,0,0,0,0,0,0,0
295644,37,bully,2058,1,0,0,107,0,1498,0,1,37,293586,2058,0,108,0,0,0,LEADER,1,0,0,107,0,0,0,0,0,0,0,0,0,0,0
296280,13,bully,1774,1,0,0,107,0,1498,0,1,13,294506,1774,0,108,0,0,0,LEADER,1,0,0,107,0,0,0,0,0,0,0,0,0,0,0
295441,20,bully,1855,1,0,0,107,0,1498,0,1,20,293586,1855,0,108,0,0,0,LEADER,1,0,0,107,0,0,0,0,0,0,0,0,0,0,0
296073,41,bully,1567,1,0,0,107,0,1498,0,1,41,294506,1567,0,108,0,0,0,LEADER,1,0,0,107,0,0,0,0,0,0,0,0,0,0,0
296062,47,bully,1556,1,0,0,107,0,1498,0,1,47,294506,1556,0,108,0,0,0,LEADER,1,0,0,107,0,0,0,0,0,0,0,0,0,0,0
295888,95,bully,2301,1,0,0,107,0,1498,0,1,95,293587,2301,0,108,0,0,0,LEADER,1,0,0,107,0,0,0,0,0,0,0,0,0,0,0
295751,98,bully,2165,1,0,0,107,0,1498,0,1,98,293586,2165,0,108,0,0,0,LEADER,1,0,0,107,0,0,0,0,0,0,0,0,0,0,0
295935,73,bully,2349,1,0,0,107,0,1498,0,1,73,293586,2349,0,108,0,0,0,LEADER,1,0,0,107,0,0,0,0,0,0,0,0,0,0,0
295481,61,bully,1895,1,0,0,107,0,1498,0,1,61,293586,1895,0,108,0,0,0,LEADER,1,0,0,107,0,0,0,0,0,0,0,0,0,0,0
296228,97,bully,1722,1,0,0,107,0,1498,0,1,97,294506,1722,0,108,0,0,0,LEADER,1,0,0,107,0,0,0,0,0,0,0,0,0,0,0
296258,33,bully,1752,1,0,0,107,0,1498,0,1,33,294506,1752,0,108,0,0,0,LEADER,1,0,0,107,0,0,0,0,0,0,0,0,0,0,0
296428,40,bully,1922,1,0,0,107,0,1498,0,1,40,294506,1922,0,108,0,0,0,LEADER,1,0,0,107,0,0,0,0,0,0,0,0,0,0,0
295917,31,bully,2331,1,0,0,107,0,1498,0,1,31,293586,2331,0,108,0,0,0,LEADER,1,0,0,107,0,0,0,0,0,0,0,0,0,0,0
296418,29,bully,1910,1,0,0,107,0,1498,0,1,29,294508,1910,0,108,0,0,0,LEADER,1,0,0,107,0,0,0,0,0,0,0,0,0,0,0
296243,96,bully,1744,1,0,0,107,0,1498,0,1,96,294499,1744,0,108,0,0,0,LEADER,1,0,0,107,0,0,0,0,0,0,0,0,0,0,0
296331,84,bully,1825,1,0,0,107,0,1498,0,1,84,294506,1825,0,108,0,0,0,LEADER,1,0,0,107,0,0,0,0,0,0,0,0,0,0,0
296027,80,bully,1519,1,0,0,107,0,1498,0,1,80,294508,1519,0,108,0,0,0,LEADER,1,0,0,107,0,0,0,0,0,0,0,0,0,0,0
295869,53,bully,2283,1,0,0,107,0,1498,0,1,53,293586,2283,0,108,0,0,0,LEADER,1,0,0,107,0,0,0,0,0,0,0,0,0,0,0
295945,92,bully,1438,1,0,0,107,0,1498,0,1,92,294507,1438,0,108,0,0,0,LEADER,1,0,0,107,0,0,0,0,0,0,0,0,0,0,0
296113,91,bully,1619,1,0,0,107,0,1498,0,1,91,294494,1619,0,108,0,0,0,LEADER,1,0,0,107,0,0,0,0,0,0,0,0,0,0,0
296380,62,bully,1874,1,0,0,107,0,1498,0,1,62,294506,1874,0,108,0,0,0,LEADER,1,0,0,107,0,0,0,0,0,0,0,0,0,0,0
296077,15,bully,1571,1,0,0,107,0,1498,0,1,15,294506,1571,0,108,0,0,0,LEADER,1,0,0,107,0,0,0,0,0,0,0,0,0,0,0
295747,26,bully,2161,1,0,0,107,0,1498,0,1,26,293586,2161,0,108,0,0,0,LEADER,1,0,0,107,0,0,0,0,0,0,0,0,0,0,0
296483,49,bully,1977,1,0,0,107,0,1498,0,1,49,294506,1977,0,108,0,0,0,LEADER,1,0,0,107,0,0,0,0,0,0,0,0,0,0,0
296298,58,bully,1792,1,0,0,107,0,1498,0,1,58,294506,1792,0,108,0,0,0,LEADER,1,0,0,107,0,0,0,0,0,0,0,0,0,0,0
295832,86,bully,2246,1,0,0,107,0,1498,0,1,86,293586,2246,0,108,0,0,0,LEADER,1,0,0,107,0,0,0,0,0,0,0,0,0,0,0
296005,50,bully,2419,1,0,0,107,0,1498,0,1,50,293586,2419,0,108,0,0,0,LEADER,1,0,0,107,0,0,0,0,0,0,0,0,0,0,0
295855,85,bully,2268,1,0,0,107,0,1498,0,1,85,293587,2268,0,108,0,0,0,LEADER,1,0,0,107,0,0,0,0,0,0,0,0,0,0,0
295793,87,bully,2212,1,0,0,107,0,1498,0,1,87,293581,2212,0,108,0,0,0,LEADER,1,0,0,107,0,0,0,0,0,0,0,0,0,0,0
296002,64,bully,2416,1,0,0,107,0,1498,0,1,64,293586,2416,0,108,0,0,0,LEADER,1,0,0,107,0,0,0,0,0,0,0,0,0,0,0
295940,18,bully,1434,1,0,0,107,0,1498,0,1,18,294506,1434,0,108,0,0,0,LEADER,1,0,0,107,0,0,0,0,0,0,0,0,0,0,0
295851,11,bully,2264,1,0,0,107,0,1498,0,1,11,293587,2264,0,108,0,0,0,LEADER,1,0,0,107,0,0,0,0,0,0,0,0,0,0,0
296059,90,bully,1553,1,0,0,107,0,1498,0,1,90,294506,1553,0,108,0,0,0,LEADER,1,0,0,107,0,0,0,0,0,0,0,0,0,0,0
295953,35,bully,1447,1,0,0,107,0,1498,0,1,35,294506,1447,0,108,0,0,0,LEADER,1,0,0,107,0,0,0,0,0,0,0,0,0,0,0
295835,43,bully,2249,1,0,0,107,0,1498,0,1,43,293586,2249,0,108,0,0,0,LEADER,1,0,0,107,0,0,0,0,0,0,0,0,0,0,0
295973,28,bully,1467,1,0,0,107,0,1498,0,1,28,294506,1467,0,108,0,0,0,LEADER,1,0,0,107,0,0,0,0,0,0,0,0,0,0,0
295810,44,bully,2228,1,0,0,107,0,1498,0,1,44,293582,2228,0,108,0,0,0,LEADER,1,0,0,107,0,0,0,0,0,0,0,0,0,0,0
296647,23,bully,2141,1,0,0,107,0,1498,0,1,23,294506,2141,0,108,0,0,0,LEADER,1,0,0,107,0,0,0,0,0,0,0,0,0,0,0
295967,30,bully,1461,1,0,0,107,0,1498,0,1,30,294506,1461,0,108,0,0,0,LEADER,1,0,0,107,0,0,0,0,0,0,0,0,0,0,0
296367,94,bully,1859,1,0,0,107,0,1498,0,1,94,294508,1859,0,108,0,0,0,LEADER,1,0,0,107,0,0,0,0,0,0,0,0,0,0,0
296007,38,bully,1501,1,0,0,107,0,1498,0,1,38,294506,1501,0,108,0,0,0,LEADER,1,0,0,107,0,0,0,0,0,0,0,0,0,0,0
296686,66,bully,2180,1,0,0,107,0,1498,0,1,66,294506,2180,0,108,0,0,0,LEADER,1,0,0,107,0,0,0,0,0,0,0,0,0,0,0
295992,70,bully,1486,1,0,0,107,0,1498,0,1,70,294506,1486,0,108,0,0,0,LEADER,1,0,0,107,0,0,0,0,0,0,0,0,0,0,0
296637,88,bully,2131,1,0,0,107,0,1498,0,1,88,294506,2131,0,108,0,0,0,LEADER,1,0,0,107,0,0,0,0,0,0,0,0,0,0,0
295821,75,bully,2235,1,0,0,107,0,1498,0,1,75,293586,2235,0,108,0,0,0,LEADER,1,0,0,107,0,0,0,0,0,0,0,0,0,0,0
295831,12,bully,2243,1,0,0,107,0,1498,0,1,12,293588,2243,0,108,0,0,0,LEADER,1,0,0,107,0,0,0,0,0,0,0,0,0,0,0
296531,27,bully,2025,1,0,0,107,0,1498,0,1,27,294506,2025,0,108,0,0,0,LEADER,1,0,0,107,0,0,0,0,0,0,0,0,0,0,0
296020,42,bully,1514,1,0,0,107,0,1498,0,1,42,294506,1514,0,108,0,0,0,LEADER,1,0,0,107,0,0,0,0,0,0,0,0,0,0,0
296667,24,bully,2161,1,0,0,107,0,1498,0,1,24,294506,2161,0,108,0,0,0,LEADER,1,0,0,107,0,0,0,0,0,0,0,0,0,0,0
296619,46,bully,2113,1,0,0,107,0,1498,0,1,46,294506,2113,0,108,0,0,0,LEADER,1,0,0,107,0,0,0,0,0,0,0,0,0,0,0
296516,59,bully,2010,1,0,0,107,0,1498,0,1,59,294506,2010,0,108,0,0,0,LEADER,1,0,0,107,0,0,0,0,0,0,0,0,0,0,0
296798,32,bully,2292,1,0,0,107,0,1498,0,1,32,294506,2292,0,108,0,0,0,LEADER,1,0,0,107,0,0,0,0,0,0,0,0,0,0,0
296144,34,bully,1637,1,0,0,107,0,1498,0,1,34,294507,1637,0,108,0,0,0,LEADER,1,0,0,107,0,0,0,0,0,0,0,0,0,0,0
296414,72,bully,1907,1,0,0,107,0,1498,0,1,72,294507,1907,0,108,0,0,0,LEADER,1,0,0,107,0,0,0,0,0,0,0,0,0,0,0
296825,63,bully,2316,1,0,0,107,0,1498,0,1,63,294509,2316,0,108,0,0,0,LEADER,1,0,0,107,0,0,0,0,0,0,0,0,0,0,0
296298,74,bully,1792,1,0,0,107,0,1498,0,1,74,294506,1792,0,108,0,0,0,LEADER,1,0,0,107,0,0,0,0,0,0,0,0,0,0,0
296040,48,bully,1534,1,0,0,107,0,1498,0,1,48,294506,1534,0,108,0,0,0,LEADER,1,0,0,107,0,0,0,0,0,0,0,0,0,0,0
296503,57,bully,1995,1,0,0,107,0,1498,0,1,57,294508,1995,0,108,0,0,0,LEADER,1,0,0,107,0,0,0,0,0,0,0,0,0,0,0
296571,68,bully,2065,1,0,0,107,0,1498,0,1,68,294506,2065,0,108,0,0,0,LEADER,1,0,0,107,0,0,0,0,0,0,0,0,0,0,0
295972,45,bully,1466,1,0,0,107,0,1498,0,1,45,294506,1466,0,108,0,0,0,LEADER,1,0,0,107,0,0,0,0,0,0,0,0,0,0,0
296329,93,bully,1823,1,0,0,107,0,1498,0,1,93,294506,1823,0,108,0,0,0,LEADER,1,0,0,107,0,0,0,0,0,0,0,0,0,0,0
296910,82,bully,2404,1,0,0,107,0,1498,0,1,82,294506,2404,0,108,0,0,0,LEADER,1,0,0,107,0,0,0,0,0,0,0,0,0,0,0
296904,51,bully,2398,1,0,0,107,0,1498,0,1,51,294506,2398,0,108,0,0,0,LEADER,1,0,0,107,0,0,0,0,0,0,0,0,0,0,0
296449,39,bully,1943,1,0,0,107,0,1498,0,1,39,294506,1943,0,108,0,0,0,LEADER,1,0,0,107,0,0,0,0,0,0,0,0,0,0,0
296195,78,bully,1689,1,0,0,107,0,1498,0,1,78,294506,1689,0,108,0,0,0,LEADER,1,0,0,107,0,0,0,0,0,0,0,0,0,0,0
296583,79,bully,2077,1,0,0,107,0,1498,0,1,79,294506,2077,0,108,0,0,0,LEADER,1,0,0,107,0,0,0,0,0,0,0,0,0,0,0
296158,14,bully,1652,1,0,0,107,0,1498,0,1,14,294506,1652,0,108,0,0,0,LEADER,1,0,0,107,0,0,0,0,0,0,0,0,0,0,0
296585,36,bully,2080,1,0,0,107,0,1498,0,1,36,294505,2080,0,108,0,0,0,LEADER,1,0,0,107,0,0,0,0,0,0,0,0,0,0,0
296468,81,bully,1962,1,0,0,107,0,1498,0,1,81,294506,1962,0,108,0,0,0,LEADER,1,0,0,107,0,0,0,0,0,0,0,0,0,0,0
296128,67,bully,1622,1,0,0,107,0,1498,0,1,67,294506,1622,0,108,0,0,0,LEADER,1,0,0,107,0,0,0,0,0,0,0,0,0,0,0
296889,83,bully,2383,1,0,0,107,0,1498,0,1,83,294506,2383,0,108,0,0,0,LEADER,1,0,0,107,0,0,0,0,0,0,0,0,0,0,0
297034,99,bully,1607,1,0,0,108,0,1512,0,1,99,295427,1607,0,109,0,0,0,LEADER,1,0,0,108,0,0,0,0,0,0,0,0,0,0,0
296210,55,bully,1704,1,0,0,107,0,1498,0,1,55,294506,1704,0,108,0,0,0,LEADER,1,0,0,107,0,0,0,0,0,0,0,0,0,0,0
297001,89,bully,1574,1,0,0,108,0,1512,0,1,89,295427,1574,0,109,0,0,0,LEADER,1,0,0,108,0,0,0,0,0,0,0,0,0,0,0
296162,77,bully,1656,1,0,0,107,0,1498,0,1,77,294506,1656,0,108,0,0,0,LEADER,1,0,0,107,0,0,0,0,0,0,0,0,0,0,0
296434,71,bully,1928,1,0,0,107,0,1498,0,1,71,294506,1928,0,108,0,0,0,LEADER,1,0,0,107,0,0,0,0,0,0,0,0,0,0,0
296713,76,bully,2213,1,0,0,107,0,1498,0,1,76,294500,2213,0,108,0,0,0,LEADER,1,0,0,107,0,0,0,0,0,0,0,0,0,0,0
296348,52,bully,1840,1,0,0,107,0,1498,0,1,52,294508,1840,0,108,0,0,0,LEADER,1,0,0,107,0,0,0,0,0,0,0,0,0,0,0
296313,10,bully,1807,1,0,0,107,0,1498,0,1,10,294506,1807,0,108,0,0,0,LEADER,1,0,0,107,0,0,0,0,0,0,0,0,0,0,0
296246,22,bully,1740,1,0,0,107,0,1498,0,1,22,294506,1740,0,108,0,0,0,LEADER,1,0,0,107,0,0,0,0,0,0,0,0,0,0,0
296392,21,bully,1889,1,0,0,107,0,1498,0,1,21,294503,1889,0,108,0,0,0,LEADER,1,0,0,107,0,0,0,0,0,0,0,0,0,0,0
296652,56,bully,2146,1,0,0,107,0,1498,0,1,56,294506,2146,0,108,0,0,0,LEADER,1,0,0,107,0,0,0,0,0,0,0,0,0,0,0
296177,60,bully,1671,1,0,0,107,0,1498,0,1,60,294506,1671,0,108,0,0,0,LEADER,1,0,0,107,0,0,0,0,0,0,0,0,0,0,0
297031,25,bully,1604,1,0,0,108,0,1512,0,1,25,295427,1604,0,109,0,0,0,LEADER,1,0,0,108,0,0,0,0,0,0,0,0,0,0,0
296243,65,bully,1737,1,0,0,107,0,1498,0,1,65,294506,1737,0,108,0,0,0,LEADER,1,0,0,107,0,0,0,0,0,0,0,0,0,0,0
296919,19,bully,2413,1,0,0,107,0,1498,0,1,19,294506,2413,0,108,0,0,0,LEADER,1,0,0,107,0,0,0,0,0,0,0,0,0,0,0
296549,69,bully,2043,1,0,0,107,0,1498,0,1,69,294506,2043,0,108,0,0,0,LEADER,1,0,0,107,0,0,0,0,0,0,0,0,0,0,0
297152,54,bully,1725,1,0,0,108,0,1512,0,1,54,295427,1725,0,109,0,0,0,LEADER,1,0,0,108,0,0,0,0,0,0,0,0,0,0,0
296498,17,bully,1992,1,0,0,107,0,1498,0,1,17,294506,1992,0,108,0,0,0,LEADER,1,0,0,107,0,0,0,0,0,0,0,0,0,0,0
297013,100,bully,1586,1,0,0,108,0,1512,0,1,100,295427,1586,0,109,0,0,0,LEADER,1,0,0,108,0,0,0,0,0,0,0,0,0,0,0
296976,16,bully,1549,1,0,0,108,0,1512,0,1,16,295427,1549,0,109,0,0,0,LEADER,1,0,0,108,0,0,0,0,0,0,0,0,0,0,0
296564,37,bully,2058,1,0,0,107,0,1498,0,1,37,294506,2058,0,108,0,0,0,LEADER,1,0,0,107,0,0,0,0,0,0,0,0,0,0,0
297201,13,bully,1774,1,0,0,108,0,1512,0,1,13,295427,1774,0,109,0,0,0,LEADER,1,0,0,108,0,0,0,0,0,0,0,0,0,0,0
296361,20,bully,1855,1,0,0,107,0,1498,0,1,20,294506,1855,0,108,0,0,0,LEADER,1,0,0,107,0,0,0,0,0,0,0,0,0,0,0
296994,41,bully,1567,1,0,0,108,0,1512,0,1,41,295427,1567,0,109,0,0,0,LEADER,1,0,0,108,0,0,0,0,0,0,0,0,0,0,0
296983,47,bully,1556,1,0,0,108,0,1512,0,1,47,295427,1556,0,109,0,0,0,LEADER,1,0,0,108,0,0,0,0,0,0,0,0,0,0,0
296808,95,bully,2301,1,0,0,107,0,1498,0,1,95,294507,2301,0,108,0,0,0,LEADER,1,0,0,107,0,0,0,0,0,0,0,0,0,0,0
296671,98,bully,2165,1,0,0,107,0,1498,0,1,98,294506,2165,0,108,0,0,0,LEADER,1,0,0,107,0,0,0,0,0,0,0,0,0,0,0
296855,73,bully,2349,1,0,0,107,0,1498,0,1,73,294506,2349,0,108,0,0,0,LEADER,1,0,0,107,0,0,0,0,0,0,0,0,0,0,0
296401,61,bully,1895,1,0,0,107,0,1498,0,1,61,294506,1895,0,108,0,0,0,LEADER,1,0,0,107,0,0,0,0,0,0,0,0,0,0,0
297149,97,bully,1722,1,0,0,108,0,1512,0,1,97,295427,1722,0,109,0,0,0,LEADER,1,0,0,108,0,0,0,0,0,0,0,0,0,0,0
297179,33,bully,1752,1,0,0,108,0,1512,0,1,33,295427,1752,0,109,0,0,0,LEADER,1,0,0,108,0,0,0,0,0,0,0,0,0,0,0
296837,31,bully,2331,1,0,0,107,0,1498,0,1,31,294506,2331,0,108,0,0,0,LEADER,1,0,0,107,0,0,0,0,0,0,0,0,0,0,0
297349,40,bully,1922,1,0,0,108,0,1512,0,1,40,295427,1922,0,109,0,0,0,LEADER,1,0,0,108,0,0,0,0,0,0,0,0,0,0,0
297339,29,bully,1910,1,0,0,108,0,1512,0,1,29,295429,1910,0,109,0,0,0,LEADER,1,0,0,108,0,0,0,0,0,0,0,0,0,0,0
297164,96,bully,1744,1,0,0,108,0,1512,0,1,96,295420,1744,0,109,0,0,0,LEADER,1,0,0,108,0,0,0,0,0,0,0,0,0,0,0
297252,84,bully,1825,1,0,0,108,0,1512,0,1,84,295427,1825,0,109,0,0,0,LEADER,1,0,0,108,0,0,0,0,0,0,0,0,0,0,0
296948,80,bully,1519,1,0,0,108,0,1512,0,1,80,295429,1519,0,109,0,0,0,LEADER,1,0,0,108,0,0,0,0,0,0,0,0,0,0,0
296789,53,bully,2283,1,0,0,107,0,1498,0,1,53,294506,2283,0,108,0,0,0,LEADER,1,0,0,107,0,0,0,0,0,0,0,0,0,0,0
296866,92,bully,1438,1,0,0,108,0,1512,0,1,92,295428,1438,0,109,0,0,0,LEADER,1,0,0,108,0,0,0,0,0,0,0,0,0,0,0
297034,91,bully,1619,1,0,0,108,0,1512,0,1,91,295415,1619,0,109,0,0,0,LEADER,1,0,0,108,0,0,0,0,0,0,0,0,0,0,0
297301,62,bully,1874,1,0,0,108,0,1512,0,1,62,295427,1874,0,109,0,0,0,LEADER,1,0,0,108,0,0,0,0,0,0,0,0,0,0,0
296998,15,bully,1571,1,0,0,108,0,1512,0,1,15,295427,1571,0,109,0,0,0,LEADER,1,0,0,108,0,0,0,0,0,0,0,0,0,0,0
296667,26,bully,2161,1,0,0,107,0,1498,0,1,26,294506,2161,0,108,0,0,0,LEADER,1,0,0,107,0,0,0,0,0,0,0,0,0,0,0
297404,49,bully,1977,1,0,0,108,0,1512,0,1,49,295427,1977,0,109,0,0,0,LEADER,1,0,0,108,0,0,0,0,0,0,0,0,0,0,0
297219,58,bully,1792,1,0,0,108,0,1512,0,1,58,295427,1792,0,109,0,0,0,LEADER,1,0,0,108,0,0,0,0,0,0,0,0,0,0,0
296752,86,bully,2246,1,0,0,107,0,1498,0,1,86,294506,2246,0,108,0,0,0,LEADER,1,0,0,107,0,0,0,0,0,0,0,0,0,0,0
296925,50,bully,2419,1,0,0,107,0,1498,0,1,50,294506,2419,0,108,0,0,0,LEADER,1,0,0,107,0,0,0,0,0,0,0,0,0,0,0
296775,85,bully,2268,1,0,0,107,0,1498,0,1,85,294507,2268,0,108,0,0,0,LEADER,1,0,0,107,0,0,0,0,0,0,0,0,0,0,0
296713,87,bully,2212,1,0,0,107,0,1498,0,1,87,294501,2212,0,108,0,0,0,LEADER,1,0,0,107,0,0,0,0,0,0,0,0,0,0,0
296922,64,bully,2416,1,0,0,107,0,1498,0,1,64,294506,2416,0,108,0,0,0,LEADER,1,0,0,107,0,0,0,0,0,0,0,0,0,0,0
296771,11,bully,2264,1,0,0,107,0,1498,0,1,11,294507,2264,0,108,0,0,0,LEADER,1,0,0,107,0,0,0,0,0,0,0,0,0,0,0
296861,18,bully,1434,1,0,0,108,0,1512,0,1,18,295427,1434,0,109,0,0,0,LEADER,1,0,0,108,0,0,0,0,0,0,0,0,0,0,0
296980,90,bully,1553,1,0,0,108,0,1512,0,1,90,295427,1553,0,109,0,0,0,LEADER,1,0,0,108,0,0,0,0,0,0,0,0,0,0,0
296874,35,bully,1447,1,0,0,108,0,1512,0,1,35,295427,1447,0,109,0,0,0,LEADER,1,0,0,108,0,0,0,0,0,0,0,0,0,0,0
296755,43,bully,2249,1,0,0,107,0,1498,0,1,43,294506,2249,0,108,0,0,0,LEADER,1,0,0,107,0,0,0,0,0,0,0,0,0,0,0
296730,44,bully,2228,1,0,0,107,0,1498,0,1,44,294502,2228,0,108,0,0,0,LEADER,1,0,0,107,0,0,0,0,0,0,0,0,0,0,0
296894,28,bully,1467,1,0,0,108,0,1512,0,1,28,295427,1467,0,109,0,0,0,LEADER,1,0,0,108,0,0,0,0,0,0,0,0,0,0,0
297568,23,bully,2141,1,0,0,108,0,1512,0,1,23,295427,2141,0,109,0,0,0,LEADER,1,0,0,108,0,0,0,0,0,0,0,0,0,0,0
296888,30,bully,1461,1,0,0,108,0,1512,0,1,30,295427,1461,0,109,0,0,0,LEADER,1,0,0,108,0,0,0,0,0,0,0,0,0,0,0
297288,94,bully,1859,1,0,0,108,0,1512,0,1,94,295429,1859,0,109,0,0,0,LEADER,1,0,0,108,0,0,0,0,0,0,0,0,0,0,0
296928,38,bully,1501,1,0,0,108,0,1512,0,1,38,295427,1501,0,109,0,0,0,LEADER,1,0,0,108,0,0,0,0,0,0,0,0,0,0,0
297607,66,bully,2180,1,0,0,108,0,1512,0,1,66,295427,2180,0,109,0,0,0,LEADER,1,0,0,108,0,0,0,0,0,0,0,0,0,0,0
296913,70,bully,1486,1,0,0,108,0,1512,0,1,70,295427,1486,0,109,0,0,0,LEADER,1,0,0,108,0,0,0,0,0,0,0,0,0,0,0
297558,88,bully,2131,1,0,0,108,0,1512,0,1,88,295427,2131,0,109,0,0,0,LEADER,1,0,0,108,0,0,0,0,0,0,0,0,0,0,0
296741,75,bully,2235,1,0,0,107,0,1498,0,1,75,294506,2235,0,108,0,0,0,LEADER,1,0,0,107,0,0,0,0,0,0,0,0,0,0,0
296751,12,bully,2243,1,0,0,107,0,1498,0,1,12,294508,2243,0,108,0,0,0,LEADER,1,0,0,107,0,0,0,0,0,0,0,0,0,0,0
297452,27,bully,2025,1,0,0,108,0,1512,0,1,27,295427,2025,0,109,0,0,0,LEADER,1,0,0,108,0,0,0,0,0,0,0,0,0,0,0
296941,42,bully,1514,1,0,0,108,0,1512,0,1,42,295427,1514,0,109,0,0,0,LEADER,1,0,0,108,0,0,0,0,0,0,0,0,0,0,0
297588,24,bully,2161,1,0,0,108,0,1512,0,1,24,295427,2161,0,109,0,0,0,LEADER,1,0,0,108,0,0,0,0,0,0,0,0,0,0,0
297540,46,bully,2113,1,0,0,108,0,1512,0,1,46,295427,2113,0,109,0,0,0,LEADER,1,0,0,108,0,0,0,0,0,0,0,0,0,0,0
297437,59,bully,2010,1,0,0,108,0,1512,0,1,59,295427,2010,0,109,0,0,0,LEADER,1,0,0,108,0,0,0,0,0,0,0,0,0,0,0
297065,34,bully,1637,1,0,0,108,0,1512,0,1,34,295428,1637,0,109,0,0,0,LEADER,1,0,0,108,0,0,0,0,0,0,0,0,0,0,0
297719,32,bully,2292,1,0,0,108,0,1512,0,1,32,295427,2292,0,109,0,0,0,LEADER,1,0,0,108,0,0,0,0,0,0,0,0,0,0,0
297335,72,bully,1907,1,0,0,108,0,1512,0,1,72,295428,1907,0,109,0,0,0,LEADER,1,0,0,108,0,0,0,0,0,0,0,0,0,0,0
297746,63,bully,2316,1,0,0,108,0,1512,0,1,63,295430,2316,0,109,0,0,0,LEADER,1,0,0,108,0,0,0,0,0,0,0,0,0,0,0
297219,74,bully,1792,1,0,0,108,0,1512,0,1,74,295427,1792,0,109,0,0,0,LEADER,1,0,0,108,0,0,0,0,0,0,0,0,0,0,0
296961,48,bully,1534,1,0,0,108,0,1512,0,1,48,295427,1534,0,109,0,0,0,LEADER,1,0,0,108,0,0,0,0,0,0,0,0,0,0,0
297424,57,bully,1995,1,0,0,108,0,1512,0,1,57,295429,1995,0,109,0,0,0,LEADER,1,0,0,108,0,0,0,0,0,0,0,0,0,0,0
297492,68,bully,2065,1,0,0,108,0,1512,0,1,68,295427,2065,0,109,0,0,0,LEADER,1,0,0,108,0,0,0,0,0,0,0,0,0,0,0
296893,45,bully,1466,1,0,0,108,0,1512,0,1,45,295427,1466,0,109,0,0,0,LEADER,1,0,0,108,0,0,0,0,0,0,0,0,0,0,0
297250,93,bully,1823,1,0,0,108,0,1512,0,1,93,295427,1823,0,109,0,0,0,LEADER,1,0,0,108,0,0,0,0,0,0,0,0,0,0,0
297831,82,bully,2404,1,0,0,108,0,1512,0,1,82,295427,2404,0,109,0,0,0,LEADER,1,0,0,108,0,0,0,0,0,0,0,0,0,0,0
297825,51,bully,2398,1,0,0,108,0,1512,0,1,51,295427,2398,0,109,0,0,0,LEADER,1,0,0,108,0,0,0,0,0,0,0,0,0,0,0
297370,39,bully,1943,1,0,0,108,0,1512,0,1,39,295427,1943,0,109,0,0,0,LEADER,1,0,0,108,0,0,0,0,0,0,0,0,0,0,0
297116,78,bully,1689,1,0,0,108,0,1512,0,1,78,295427,1689,0,109,0,0,0,LEADER,1,0,0,108,0,0,0,0,0,0,0,0,0,0,0
297504,79,bully,2077,1,0,0,108,0,1512,0,1,79,295427,2077,0,109,0,0,0,LEADER,1,0,0,108,0,0,0,0,0,0,0,0,0,0,0
297079,14,bully,1652,1,0,0,108,0,1512,0,1,14,295427,1652,0,109,0,0,0,LEADER,1,0,0,108,0,0,0,0,0,0,0,0,0,0,0
297506,36,bully,2080,1,0,0,108,0,1512,0,1,36,295426,2080,0,109,0,0,0,LEADER,1,0,0,108,0,0,0,0,0,0,0,0,0,0,0
297389,81,bully,1962,1,0,0,108,0,1512,0,1,81,295427,1962,0,109,0,0,0,LEADER,1,0,0,108,0,0,0,0,0,0,0,0,0,0,0
297049,67,bully,1622,1,0,0,108,0,1512,0,1,67,295427,1622,0,109,0,0,0,LEADER,1,0,0,108,0,0,0,0,0,0,0,0,0,0,0
297810,83,bully,2383,1,0,0,108,0,1512,0,1,83,295427,2383,0,109,0,0,0,LEADER,1,0,0,108,0,0,0,0,0,0,0,0,0,0,0
297954,99,bully,1607,1,0,0,108,0,1512,0,1,99,296347,1607,0,109,0,0,0,LEADER,1,0,0,108,0,0,0,0,0,0,0,0,0,0,0
297131,55,bully,1704,1,0,0,108,0,1512,0,1,55,295427,1704,0,109,0,0,0,LEADER,1,0,0,108,0,0,0,0,0,0,0,0,0,0,0
297921,89,bully,1574,1,0,0,108,0,1512,0,1,89,296347,1574,0,109,0,0,0,LEADER,1,0,0,108,0,0,0,0,0,0,0,0,0,0,0
297083,77,bully,1656,1,0,0,108,0,1512,0,1,77,295427,1656,0,109,0,0,0,LEADER,1,0,0,108,0,0,0,0,0,0,0,0,0,0,0
297355,71,bully,1928,1,0,0,108,0,1512,0,1,71,295427,1928,0,109,0,0,0,LEADER,1,0,0,108,0,0,0,0,0,0,0,0,0,0,0
297634,76,bully,2213,1,0,0,108,0,1512,0,1,76,295421,2213,0,109,0,0,0,LEADER,1,0,0,108,0,0,0,0,0,0,0,0,0,0,0
297269,52,bully,1840,1,0,0,108,0,1512,0,1,52,295429,1840,0,109,0,0,0,LEADER,1,0,0,108,0,0,0,0,0,0,0,0,0,0,0
297234,10,bully,1807,1,0,0,108,0,1512,0,1,10,295427,1807,0,109,0,0,0,LEADER,1,0,0,108,0,0,0,0,0,0,0,0,0,0,0
297167,22,bully,1740,1,0,0,108,0,1512,0,1,22,295427,1740,0,109,0,0,0,LEADER,1,0,0,108,0,0,0,0,0,0,0,0,0,0,0
297313,21,bully,1889,1,0,0,108,0,1512,0,1,21,295424,1889,0,109,0,0,0,LEADER,1,0,0,108,0,0,0,0,0,0,0,0,0,0,0
297573,56,bully,2146,1,0,0,108,0,1512,0,1,56,295427,2146,0,109,0,0,0,LEADER,1,0,0,108,0,0,0,0,0,0,0,0,0,0,0
297098,60,bully,1671,1,0,0,108,0,1512,0,1,60,295427,1671,0,109,0,0,0,LEADER,1,0,0,108,0,0,0,0,0,0,0,0,0,0,0
297951,25,bully,1604,1,0,0,108,0,1512,0,1,25,296347,1604,0,109,0,0,0,LEADER,1,0,0,108,0,0,0,0,0,0,0,0,0,0,0
297164,65,bully,1737,1,0,0,108,0,1512,0,1,65,295427,1737,0,109,0,0,0,LEADER,1,0,0,108,0,0,0,0,0,0,0,0,0,0,0
297840,19,bully,2413,1,0,0,108,0,1512,0,1,19,295427,2413,0,109,0,0,0,LEADER,1,0,0,108,0,0,0,0,0,0,0,0,0,0,0
297470,69,bully,2043,1,0,0,108,0,1512,0,1,69,295427,2043,0,109,0,0,0,LEADER,1,0,0,108,0,0,0,0,0,0,0,0,0,0,0
298072,54,bully,1725,1,0,0,108,0,1512,0,1,54,296347,1725,0,109,0,0,0,LEADER,1,0,0,108,0,0,0,0,0,0,0,0,0,0,0
297419,17,bully,1992,1,0,0,108,0,1512,0,1,17,295427,1992,0,109,0,0,0,LEADER,1,0,0,108,0,0,0,0,0,0,0,0,0,0,0
297933,100,bully,1586,1,0,0,108,0,1512,0,1,100,296347,1586,0,109,0,0,0,LEADER,1,0,0,108,0,0,0,0,0,0,0,0,0,0,0
297896,16,bully,1549,1,0,0,108,0,1512,0,1,16,296347,1549,0,109,0,0,0,LEADER,1,0,0,108,0,0,0,0,0,0,0,0,0,0,0
297485,37,bully,2058,1,0,0,108,0,1512,0,1,37,295427,2058,0,109,0,0,0,LEADER,1,0,0,108,0,0,0,0,0,0,0,0,0,0,0
298121,13,bully,1774,1,0,0,108,0,1512,0,1,13,296347,1774,0,109,0,0,0,LEADER,1,0,0,108,0,0,0,0,0,0,0,0,0,0,0
297282,20,bully,1855,1,0,0,108,0,1512,0,1,20,295427,1855,0,109,0,0,0,LEADER,1,0,0,108,0,0,0,0,0,0,0,0,0,0,0
297914,41,bully,1567,1,0,0,108,0,1512,0,1,41,296347,1567,0,109,0,0,0,LEADER,1,0,0,108,0,0,0,0,0,0,0,0,0,0,0
297903,47,bully,1556,1,0,0,108,0,1512,0,1,47,296347,1556,0,109,0,0,0,LEADER,1,0,0,108,0,0,0,0,0,0,0,0,0,0,0
297729,95,bully,2301,1,0,0,108,0,1512,0,1,95,295428,2301,0,109,0,0,0,LEADER,1,0,0,108,0,0,0,0,0,0,0,0,0,0,0
297500,5,bully,2001,1,0,0,25,38,350,532,6,4,295499,2001,0,11,0,0,0,NORMAL,0,0,0,25,0,0,0,38,0,0,0,0,0,0,0
297592,98,bully,2165,1,0,0,108,0,1512,0,1,98,295427,2165,0,109,0,0,0,LEADER,1,0,0,108,0,0,0,0,0,0,0,0,0,0,0
297776,73,bully,2349,1,0,0,108,0,1512,0,1,73,295427,2349,0,109,0,0,0,LEADER,1,0,0,108,0,0,0,0,0,0,0,0,0,0,0
298069,97,bully,1722,1,0,0,108,0,1512,0,1,97,296347,1722,0,109,0,0,0,LEADER,1,0,0,108,0,0,0,0,0,0,0,0,0,0,0
297322,61,bully,1895,1,0,0,108,0,1512,0,1,61,295427,1895,0,109,0,0,0,LEADER,1,0,0,108,0,0,0,0,0,0,0,0,0,0,0
298099,33,bully,1752,1,0,0,108,0,1512,0,1,33,296347,1752,0,109,0,0,0,LEADER,1,0,0,108,0,0,0,0,0,0,0,0,0,0,0
298269,40,bully,1922,1,0,0,108,0,1512,0,1,40,296347,1922,0,109,0,0,0,LEADER,1,0,0,108,0,0,0,0,0,0,0,0,0,0,0
297758,31,bully,2331,1,0,0,108,0,1512,0,1,31,295427,2331,0,109,0,0,0,LEADER,1,0,0,108,0,0,0,0,0,0,0,0,0,0,0
298259,29,bully,1910,1,0,0,108,0,1512,0,1,29,296349,1910,0,109,0,0,0,LEADER,1,0,0,108,0,0,0,0,0,0,0,0,0,0,0
298084,96,bully,1744,1,0,0,108,0,1512,0,1,96,296340,1744,0,109,0,0,0,LEADER,1,0,0,108,0,0,0,0,0,0,0,0,0,0,0
298172,84,bully,1825,1,0,0,108,0,1512,0,1,84,296347,1825,0,109,0,0,0,LEADER,1,0,0,108,0,0,0,0,0,0,0,0,0,0,0
297868,80,bully,1519,1,0,0,108,0,1512,0,1,80,296349,1519,0,109,0,0,0,LEADER,1,0,0,108,0,0,0,0,0,0,0,0,0,0,0
297710,53,bully,2283,1,0,0,108,0,1512,0,1,53,295427,2283,0,109,0,0,0,LEADER,1,0,0,108,0,0,0,0,0,0,0,0,0,0,0
297786,92,bully,1438,1,0,0,108,0,1512,0,1,92,296348,1438,0,109,0,0,0,LEADER,1,0,0,108,0,0,0,0,0,0,0,0,0,0,0
297954,91,bully,1619,1,0,0,108,0,1512,0,1,91,296335,1619,0,109,0,0,0,LEADER,1,0,0,108,0,0,0,0,0,0,0,0,0,0,0
298221,62,bully,1874,1,0,0,108,0,1512,0,1,62,296347,1874,0,109,0,0,0,LEADER,1,0,0,108,0,0,0,0,0,0,0,0,0,0,0
297918,15,bully,1571,1,0,0,108,0,1512,0,1,15,296347,1571,0,109,0,0,0,LEADER,1,0,0,108,0,0,0,0,0,0,0,0,0,0,0
297928,6,bully,1516,1,0,0,20,52,280,728,4,4,296412,1516,0,9,0,0,0,NORMAL,0,0,0,20,0,0,0,52,0,0,0,0,0,0,0
297588,26,bully,2161,1,0,0,108,0,1512,0,1,26,295427,2161,0,109,0,0,0,LEADER,1,0,0,108,0,0,0,0,0,0,0,0,0,0,0
298324,49,bully,1977,1,0,0,108,0,1512,0,1,49,296347,1977,0,109,0,0,0,LEADER,1,0,0,108,0,0,0,0,0,0,0,0,0,0,0
298139,58,bully,1792,1,0,0,108,0,1512,0,1,58,296347,1792,0,109,0,0,0,LEADER,1,0,0,108,0,0,0,0,0,0,0,0,0,0,0
297673,86,bully,2246,1,0,0,108,0,1512,0,1,86,295427,2246,0,109,0,0,0,LEADER,1,0,0,108,0,0,0,0,0,0,0,0,0,0,0
297846,50,bully,2419,1,0,0,108,0,1512,0,1,50,295427,2419,0,109,0,0,0,LEADER,1,0,0,108,0,0,0,0,0,0,0,0,0,0,0
297696,85,bully,2268,1,0,0,108,0,1512,0,1,85,295428,2268,0,109,0,0,0,LEADER,1,0,0,108,0,0,0,0,0,0,0,0,0,0,0
297634,87,bully,2212,1,0,0,108,0,1512,0,1,87,295422,2212,0,109,0,0,0,LEADER,1,0,0,108,0,0,0,0,0,0,0,0,0,0,0
297843,64,bully,2416,1,0,0,108,0,1512,0,1,64,295427,2416,0,109,0,0,0,LEADER,1,0,0,108,0,0,0,0,0,0,0,0,0,0,0
297781,18,bully,1434,1,0,0,108,0,1512,0,1,18,296347,1434,0,109,0,0,0,LEADER,1,0,0,108,0,0,0,0,0,0,0,0,0,0,0
297692,11,bully,2264,1,0,0,108,0,1512,0,1,11,295428,2264,0,109,0,0,0,LEADER,1,0,0,108,0,0,0,0,0,0,0,0,0,0,0
297900,90,bully,1553,1,0,0,108,0,1512,0,1,90,296347,1553,0,109,0,0,0,LEADER,1,0,0,108,0,0,0,0,0,0,0,0,0,0,0
297794,35,bully,1447,1,0,0,108,0,1512,0,1,35,296347,1447,0,109,0,0,0,LEADER,1,0,0,108,0,0,0,0,0,0,0,0,0,0,0
297676,43,bully,2249,1,0,0,108,0,1512,0,1,43,295427,2249,0,109,0,0,0,LEADER,1,0,0,108,0,0,0,0,0,0,0,0,0,0,0
297814,28,bully,1467,1,0,0,108,0,1512,0,1,28,296347,1467,0,109,0,0,0,LEADER,1,0,0,108,0,0,0,0,0,0,0,0,0,0,0
297651,44,bully,2228,1,0,0,108,0,1512,0,1,44,295423,2228,0,109,0,0,0,LEADER,1,0,0,108,0,0,0,0,0,0,0,0,0,0,0
298488,23,bully,2141,1,0,0,108,0,1512,0,1,23,296347,2141,0,109,0,0,0,LEADER,1,0,0,108,0,0,0,0,0,0,0,0,0,0,0
297808,30,bully,1461,1,0,0,108,0,1512,0,1,30,296347,1461,0,109,0,0,0,LEADER,1,0,0,108,0,0,0,0,0,0,0,0,0,0,0
298208,94,bully,1859,1,0,0,108,0,1512,0,1,94,296349,1859,0,109,0,0,0,LEADER,1,0,0,108,0,0,0,0,0,0,0,0,0,0,0
297848,38,bully,1501,1,0,0,108,0,1512,0,1,38,296347,1501,0,109,0,0,0,LEADER,1,0,0,108,0,0,0,0,0,0,0,0,0,0,0
298527,66,bully,2180,1,0,0,108,0,1512,0,1,66,296347,2180,0,109,0,0,0,LEADER,1,0,0,108,0,0,0,0,0,0,0,0,0,0,0
297833,70,bully,1486,1,0,0,108,0,1512,0,1,70,296347,1486,0,109,0,0,0,LEADER,1,0,0,108,0,0,0,0,0,0,0,0,0,0,0
298478,88,bully,2131,1,0,0,108,0,1512,0,1,88,296347,2131,0,109,0,0,0,LEADER,1,0,0,108,0,0,0,0,0,0,0,0,0,0,0
297662,75,bully,2235,1,0,0,108,0,1512,0,1,75,295427,2235,0,109,0,0,0,LEADER,1,0,0,108,0,0,0,0,0,0,0,0,0,0,0
297672,12,bully,2243,1,0,0,108,0,1512,0,1,12,295429,2243,0,109,0,0,0,LEADER,1,0,0,108,0,0,0,0,0,0,0,0,0,0,0
298372,27,bully,2025,1,0,0,108,0,1512,0,1,27,296347,2025,0,109,0,0,0,LEADER,1,0,0,108,0,0,0,0,0,0,0,0,0,0,0
297861,42,bully,1514,1,0,0,108,0,1512,0,1,42,296347,1514,0,109,0,0,0,LEADER,1,0,0,108,0,0,0,0,0,0,0,0,0,0,0
298508,24,bully,2161,1,0,0,108,0,1512,0,1,24,296347,2161,0,109,0,0,0,LEADER,1,0,0,108,0,0,0,0,0,0,0,0,0,0,0
298460,46,bully,2113,1,0,0,108,0,1512,0,1,46,296347,2113,0,109,0,0,0,LEADER,1,0,0,108,0,0,0,0,0,0,0,0,0,0,0
298357,59,bully,2010,1,0,0,108,0,1512,0,1,59,296347,2010,0,109,0,0,0,LEADER,1,0,0,108,0,0,0,0,0,0,0,0,0,0,0
298639,32,bully,2292,1,0,0,108,0,1512,0,1,32,296347,2292,0,109,0,0,0,LEADER,1,0,0,108,0,0,0,0,0,0,0,0,0,0,0
297985,34,bully,1637,1,0,0,108,0,1512,0,1,34,296348,1637,0,109,0,0,0,LEADER,1,0,0,108,0,0,0,0,0,0,0,0,0,0,0
298255,72,bully,1907,1,0,0,108,0,1512,0,1,72,296348,1907,0,109,0,0,0,LEADER,1,0,0,108,0,0,0,0,0,0,0,0,0,0,0
298666,63,bully,2316,1,0,0,108,0,1512,0,1,63,296350,2316,0,109,0,0,0,LEADER,1,0,0,108,0,0,0,0,0,0,0,0,0,0,0
298139,74,bully,1792,1,0,0,108,0,1512,0,1,74,296347,1792,0,109,0,0,0,LEADER,1,0,0,108,0,0,0,0,0,0,0,0,0,0,0
297881,48,bully,1534,1,0,0,108,0,1512,0,1,48,296347,1534,0,109,0,0,0,LEADER,1,0,0,108,0,0,0,0,0,0,0,0,0,0,0
298344,57,bully,1995,1,0,0,108,0,1512,0,1,57,296349,1995,0,109,0,0,0,LEADER,1,0,0,108,0,0,0,0,0,0,0,0,0,0,0
298412,68,bully,2065,1,0,0,108,0,1512,0,1,68,296347,2065,0,109,0,0,0,LEADER,1,0,0,108,0,0,0,0,0,0,0,0,0,0,0
297813,45,bully,1466,1,0,0,108,0,1512,0,1,45,296347,1466,0,109,0,0,0,LEADER,1,0,0,108,0,0,0,0,0,0,0,0,0,0,0
298170,93,bully,1823,1,0,0,108,0,1512,0,1,93,296347,1823,0,109,0,0,0,LEADER,1,0,0,108,0,0,0,0,0,0,0,0,0,0,0
298751,82,bully,2404,1,0,0,108,0,1512,0,1,82,296347,2404,0,109,0,0,0,LEADER,1,0,0,108,0,0,0,0,0,0,0,0,0,0,0
298745,51,bully,2398,1,0,0,108,0,1512,0,1,51,296347,2398,0,109,0,0,0,LEADER,1,0,0,108,0,0,0,0,0,0,0,0,0,0,0
298290,39,bully,1943,1,0,0,108,0,1512,0,1,39,296347,1943,0,109,0,0,0,LEADER,1,0,0,108,0,0,0,0,0,0,0,0,0,0,0
298036,78,bully,1689,1,0,0,108,0,1512,0,1,78,296347,1689,0,109,0,0,0,LEADER,1,0,0,108,0,0,0,0,0,0,0,0,0,0,0
298424,79,bully,2077,1,0,0,108,0,1512,0,1,79,296347,2077,0,109,0,0,0,LEADER,1,0,0,108,0,0,0,0,0,0,0,0,0,0,0
297999,14,bully,1652,1,0,0,108,0,1512,0,1,14,296347,1652,0,109,0,0,0,LEADER,1,0,0,108,0,0,0,0,0,0,0,0,0,0,0
298426,36,bully,2080,1,0,0,108,0,1512,0,1,36,296346,2080,0,109,0,0,0,LEADER,1,0,0,108,0,0,0,0,0,0,0,0,0,0,0
298309,81,bully,1962,1,0,0,108,0,1512,0,1,81,296347,1962,0,109,0,0,0,LEADER,1,0,0,108,0,0,0,0,0,0,0,0,0,0,0
297969,67,bully,1622,1,0,0,108,0,1512,0,1,67,296347,1622,0,109,0,0,0,LEADER,1,0,0,108,0,0,0,0,0,0,0,0,0,0,0
298730,83,bully,2383,1,0,0,108,0,1512,0,1,83,296347,2383,0,109,0,0,0,LEADER,1,0,0,108,0,0,0,0,0,0,0,0,0,0,0
298874,99,bully,1607,1,0,0,108,0,1512,0,1,99,297267,1607,0,109,0,0,0,LEADER,1,0,0,108,0,0,0,0,0,0,0,0,0,0,0
298051,55,bully,1704,1,0,0,108,0,1512,0,1,55,296347,1704,0,109,0,0,0,LEADER,1,0,0,108,0,0,0,0,0,0,0,0,0,0,0
298841,89,bully,1574,1,0,0,108,0,1512,0,1,89,297267,1574,0,109,0,0,0,LEADER,1,0,0,108,0,0,0,0,0,0,0,0,0,0,0
298003,77,bully,1656,1,0,0,108,0,1512,0,1,77,296347,1656,0,109,0,0,0,LEADER,1,0,0,108,0,0,0,0,0,0,0,0,0,0,0
298275,71,bully,1928,1,0,0,108,0,1512,0,1,71,296347,1928,0,109,0,0,0,LEADER,1,0,0,108,0,0,0,0,0,0,0,0,0,0,0
298554,76,bully,2213,1,0,0,108,0,1512,0,1,76,296341,2213,0,109,0,0,0,LEADER,1,0,0,108,0,0,0,0,0,0,0,0,0,0,0
298189,52,bully,1840,1,0,0,108,0,1512,0,1,52,296349,1840,0,109,0,0,0,LEADER,1,0,0,108,0,0,0,0,0,0,0,0,0,0,0
298154,10,bully,1807,1,0,0,108,0,1512,0,1,10,296347,1807,0,109,0,0,0,LEADER,1,0,0,108,0,0,0,0,0,0,0,0,0,0,0
298087,22,bully,1740,1,0,0,108,0,1512,0,1,22,296347,1740,0,109,0,0,0,LEADER,1,0,0,108,0,0,0,0,0,0,0,0,0,0,0
298233,21,bully,1889,1,0,0,108,0,1512,0,1,21,296344,1889,0,109,0,0,0,LEADER,1,0,0,108,0,0,0,0,0,0,0,0,0,0,0
298493,56,bully,2146,1,0,0,108,0,1512,0,1,56,296347,2146,0,109,0,0,0,LEADER,1,0,0,108,0,0,0,0,0,0,0,0,0,0,0
298018,60,bully,1671,1,0,0,108,0,1512,0,1,60,296347,1671,0,109,0,0,0,LEADER,1,0,0,108,0,0,0,0,0,0,0,0,0,0,0
298871,25,bully,1604,1,0,0,108,0,1512,0,1,25,297267,1604,0,109,0,0,0,LEADER,1,0,0,108,0,0,0,0,0,0,0,0,0,0,0
298084,65,bully,1737,1,0,0,108,0,1512,0,1,65,296347,1737,0,109,0,0,0,LEADER,1,0,0,108,0,0,0,0,0,0,0,0,0,0,0
298760,19,bully,2413,1,0,0,108,0,1512,0,1,19,296347,2413,0,109,0,0,0,LEADER,1,0,0,108,0,0,0,0,0,0,0,0,0,0,0
298390,69,bully,2043,1,0,0,108,0,1512,0,1,69,296347,2043,0,109,0,0,0,LEADER,1,0,0,108,0,0,0,0,0,0,0,0,0,0,0
298992,54,bully,1725,1,0,0,108,0,1512,0,1,54,297267,1725,0,109,0,0,0,LEADER,1,0,0,108,0,0,0,0,0,0,0,0,0,0,0
298310,4,bully,2115,1,0,0,18,40,252,560,4,4,296195,2115,0,11,0,0,0,LEADER,1,0,0,18,0,0,0,40,0,0,0,0,0,0,0
298339,17,bully,1992,1,0,0,108,0,1512,0,1,17,296347,1992,0,109,0,0,0,LEADER,1,0,0,108,0,0,0,0,0,0,0,0,0,0,0
298853,100,bully,1586,1,0,0,108,0,1512,0,1,100,297267,1586,0,109,0,0,0,LEADER,1,0,0,108,0,0,0,0,0,0,0,0,0,0,0
298816,16,bully,1549,1,0,0,108,0,1512,0,1,16,297267,1549,0,109,0,0,0,LEADER,1,0,0,108,0,0,0,0,0,0,0,0,0,0,0
298405,37,bully,2058,1,0,0,108,0,1512,0,1,37,296347,2058,0,109,0,0,0,LEADER,1,0,0,108,0,0,0,0,0,0,0,0,0,0,0
299041,13,bully,1774,1,0,0,108,0,1512,0,1,13,297267,1774,0,109,0,0,0,LEADER,1,0,0,108,0,0,0,0,0,0,0,0,0,0,0
298202,20,bully,1855,1,0,0,108,0,1512,0,1,20,296347,1855,0,109,0,0,0,LEADER,1,0,0,108,0,0,0,0,0,0,0,0,0,0,0
298834,41,bully,1567,1,0,0,108,0,1512,0,1,41,297267,1567,0,109,0,0,0,LEADER,1,0,0,108,0,0,0,0,0,0,0,0,0,0,0
298823,47,bully,1556,1,0,0,108,0,1512,0,1,47,297267,1556,0,109,0,0,0,LEADER,1,0,0,108,0,0,0,0,0,0,0,0,0,0,0
298649,95,bully,2301,1,0,0,108,0,1512,0,1,95,296348,2301,0,109,0,0,0,LEADER,1,0,0,108,0,0,0,0,0,0,0,0,0,0,0
298512,98,bully,2165,1,0,0,108,0,1512,0,1,98,296347,2165,0,109,0,0,0,LEADER,1,0,0,108,0,0,0,0,0,0,0,0,0,0,0
298696,73,bully,2349,1,0,0,108,0,1512,0,1,73,296347,2349,0,109,0,0,0,LEADER,1,0,0,108,0,0,0,0,0,0,0,0,0,0,0
298989,97,bully,1722,1,0,0,108,0,1512,0,1,97,297267,1722,0,109,0,0,0,LEADER,1,0,0,108,0,0,0,0,0,0,0,0,0,0,0
298242,61,bully,1895,1,0,0,108,0,1512,0,1,61,296347,1895,0,109,0,0,0,LEADER,1,0,0,108,0,0,0,0,0,0,0,0,0,0,0
299019,33,bully,1752,1,0,0,108,0,1512,0,1,33,297267,1752,0,109,0,0,0,LEADER,1,0,0,108,0,0,0,0,0,0,0,0,0,0,0
299189,40,bully,1922,1,0,0,108,0,1512,0,1,40,297267,1922,0,109,0,0,0,LEADER,1,0,0,108,0,0,0,0,0,0,0,0,0,0,0
298678,31,bully,2331,1,0,0,108,0,1512,0,1,31,296347,2331,0,109,0,0,0,LEADER,1,0,0,108,0,0,0,0,0,0,0,0,0,0,0
299179,29,bully,1910,1,0,0,108,0,1512,0,1,29,297269,1910,0,109,0,0,0,LEADER,1,0,0,108,0,0,0,0,0,0,0,0,0,0,0
299004,96,bully,1744,1,0,0,108,0,1512,0,1,96,297260,1744,0,109,0,0,0,LEADER,1,0,0,108,0,0,0,0,0,0,0,0,0,0,0
299092,84,bully,1825,1,0,0,108,0,1512,0,1,84,297267,1825,0,109,0,0,0,LEADER,1,0,0,108,0,0,0,0,0,0,0,0,0,0,0
298788,80,bully,1519,1,0,0,108,0,1512,0,1,80,297269,1519,0,109,0,0,0,LEADER,1,0,0,108,0,0,0,0,0,0,0,0,0,0,0
298630,53,bully,2283,1,0,0,108,0,1512,0,1,53,296347,2283,0,109,0,0,0,LEADER,1,0,0,108,0,0,0,0,0,0,0,0,0,0,0
298706,92,bully,1438,1,0,0,108,0,1512,0,1,92,297268,1438,0,109,0,0,0,LEADER,1,0,0,108,0,0,0,0,0,0,0,0,0,0,0
298874,91,bully,1619,1,0,0,108,0,1512,0,1,91,297255,1619,0,109,0,0,0,LEADER,1,0,0,108,0,0,0,0,0,0,0,0,0,0,0
299141,62,bully,1874,1,0,0,108,0,1512,0,1,62,297267,1874,0,109,0,0,0,LEADER,1,0,0,108,0,0,0,0,0,0,0,0,0,0,0
298838,15,bully,1571,1,0,0,108,0,1512,0,1,15,297267,1571,0,109,0,0,0,LEADER,1,0,0,108,0,0,0,0,0,0,0,0,0,0,0
298508,26,bully,2161,1,0,0,108,0,1512,0,1,26,296347,2161,0,109,0,0,0,LEADER,1,0,0,108,0,0,0,0,0,0,0,0,0,0,0
299244,49,bully,1977,1,0,0,108,0,1512,0,1,49,297267,1977,0,109,0,0,0,LEADER,1,0,0,108,0,0,0,0,0,0,0,0,0,0,0
299059,58,bully,1792,1,0,0,108,0,1512,0,1,58,297267,1792,0,109,0,0,0,LEADER,1,0,0,108,0,0,0,0,0,0,0,0,0,0,0
298593,86,bully,2246,1,0,0,108,0,1512,0,1,86,296347,2246,0,109,0,0,0,LEADER,1,0,0,108,0,0,0,0,0,0,0,0,0,0,0
298766,50,bully,2419,1,0,0,108,0,1512,0,1,50,296347,2419,0,109,0,0,0,LEADER,1,0,0,108,0,0,0,0,0,0,0,0,0,0,0
298616,85,bully,2268,1,0,0,108,0,1512,0,1,85,296348,2268,0,109,0,0,0,LEADER,1,0,0,108,0,0,0,0,0,0,0,0,0,0,0
298554,87,bully,2212,1,0,0,108,0,1512,0,1,87,296342,2212,0,109,0,0,0,LEADER,1,0,0,108,0,0,0,0,0,0,0,0,0,0,0
298763,64,bully,2416,1,0,0,108,0,1512,0,1,64,296347,2416,0,109,0,0,0,LEADER,1,0,0,108,0,0,0,0,0,0,0,0,0,0,0
298701,18,bully,1434,1,0,0,108,0,1512,0,1,18,297267,1434,0,109,0,0,0,LEADER,1,0,0,108,0,0,0,0,0,0,0,0,0,0,0
298612,11,bully,2264,1,0,0,108,0,1512,0,1,11,296348,2264,0,109,0,0,0,LEADER,1,0,0,108,0,0,0,0,0,0,0,0,0,0,0
298820,90,bully,1553,1,0,0,108,0,1512,0,1,90,297267,1553,0,109,0,0,0,LEADER,1,0,0,108,0,0,0,0,0,0,0,0,0,0,0
298714,35,bully,1447,1,0,0,108,0,1512,0,1,35,297267,1447,0,109,0,0,0,LEADER,1,0,0,108,0,0,0,0,0,0,0,0,0,0,0
298596,43,bully,2249,1,0,0,108,0,1512,0,1,43,296347,2249,0,109,0,0,0,LEADER,1,0,0,108,0,0,0,0,0,0,0,0,0,0,0
298571,44,bully,2228,1,0,0,108,0,1512,0,1,44,296343,2228,0,109,0,0,0,LEADER,1,0,0,108,0,0,0,0,0,0,0,0,0,0,0
298734,28,bully,1467,1,0,0,108,0,1512,0,1,28,297267,1467,0,109,0,0,0,LEADER,1,0,0,108,0,0,0,0,0,0,0,0,0,0,0
299408,23,bully,2141,1,0,0,108,0,1512,0,1,23,297267,2141,0,109,0,0,0,LEADER,1,0,0,108,0,0,0,0,0,0,0,0,0,0,0
298728,30,bully,1461,1,0,0,108,0,1512,0,1,30,297267,1461,0,109,0,0,0,LEADER,1,0,0,108,0,0,0,0,0,0,0,0,0,0,0
299128,94,bully,1859,1,0,0,108,0,1512,0,1,94,297269,1859,0,109,0,0,0,LEADER,1,0,0,108,0,0,0,0,0,0,0,0,0,0,0
298768,38,bully,1501,1,0,0,108,0,1512,0,1,38,297267,1501,0,109,0,0,0,LEADER,1,0,0,108,0,0,0,0,0,0,0,0,0,0,0
299447,66,bully,2180,1,0,0,108,0,1512,0,1,66,297267,2180,0,109,0,0,0,LEADER,1,0,0,108,0,0,0,0,0,0,0,0,0,0,0
298753,70,bully,1486,1,0,0,108,0,1512,0,1,70,297267,1486,0,109,0,0,0,LEADER,1,0,0,108,0,0,0,0,0,0,0,0,0,0,0
299398,88,bully,2131,1,0,0,108,0,1512,0,1,88,297267,2131,0,109,0,0,0,LEADER,1,0,0,108,0,0,0,0,0,0,0,0,0,0,0
298582,75,bully,2235,1,0,0,108,0,1512,0,1,75,296347,2235,0,109,0,0,0,LEADER,1,0,0,108,0,0,0,0,0,0,0,0,0,0,0
298592,12,bully,2243,1,0,0,108,0,1512,0,1,12,296349,2243,0,109,0,0,0,LEADER,1,0,0,108,0,0,0,0,0,0,0,0,0,0,0
299292,27,bully,2025,1,0,0,108,0,1512,0,1,27,297267,2025,0,109,0,0,0,LEADER,1,0,0,108,0,0,0,0,0,0,0,0,0,0,0
298781,42,bully,1514,1,0,0,108,0,1512,0,1,42,297267,1514,0,109,0,0,0,LEADER,1,0,0,108,0,0,0,0,0,0,0,0,0,0,0
299428,24,bully,2161,1,0,0,108,0,1512,0,1,24,297267,2161,0,109,0,0,0,LEADER,1,0,0,108,0,0,0,0,0,0,0,0,0,0,0
299380,46,bully,2113,1,0,0,108,0,1512,0,1,46,297267,2113,0,109,0,0,0,LEADER,1,0,0,108,0,0,0,0,0,0,0,0,0,0,0
299277,59,bully,2010,1,0,0,108,0,1512,0,1,59,297267,2010,0,109,0,0,0,LEADER,1,0,0,108,0,0,0,0,0,0,0,0,0,0,0
299559,32,bully,2292,1,0,0,108,0,1512,0,1,32,297267,2292,0,109,0,0,0,LEADER,1,0,0,108,0,0,0,0,0,0,0,0,0,0,0
298905,34,bully,1637,1,0,0,108,0,1512,0,1,34,297268,1637,0,109,0,0,0,LEADER,1,0,0,108,0,0,0,0,0,0,0,0,0,0,0
299175,72,bully,1907,1,0,0,108,0,1512,0,1,72,297268,1907,0,109,0,0,0,LEADER,1,0,0,108,0,0,0,0,0,0,0,0,0,0,0
299586,63,bully,2316,1,0,0,108,0,1512,0,1,63,297270,2316,0,109,0,0,0,LEADER,1,0,0,108,0,0,0,0,0,0,0,0,0,0,0
299059,74,bully,1792,1,0,0,108,0,1512,0,1,74,297267,1792,0,109,0,0,0,LEADER,1,0,0,108,0,0,0,0,0,0,0,0,0,0,0
298801,48,bully,1534,1,0,0,108,0,1512,0,1,48,297267,1534,0,109,0,0,0,LEADER,1,0,0,108,0,0,0,0,0,0,0,0,0,0,0
299264,57,bully,1995,1,0,0,108,0,1512,0,1,57,297269,1995,0,109,0,0,0,LEADER,1,0,0,108,0,0,0,0,0,0,0,0,0,0,0
299332,68,bully,2065,1,0,0,108,0,1512,0,1,68,297267,2065,0,109,0,0,0,LEADER,1,0,0,108,0,0,0,0,0,0,0,0,0,0,0
298733,45,bully,1466,1,0,0,108,0,1512,0,1,45,297267,1466,0,109,0,0,0,LEADER,1,0,0,108,0,0,0,0,0,0,0,0,0,0,0
299090,93,bully,1823,1,0,0,108,0,1512,0,1,93,297267,1823,0,109,0,0,0,LEADER,1,0,0,108,0,0,0,0,0,0,0,0,0,0,0
299144,9,bully,2514,1,0,0,16,26,224,364,5,4,296630,2514,0,9,0,0,0,NORMAL,0,0,0,16,0,0,0,26,0,0,0,0,0,0,0
299671,82,bully,2404,1,0,0,108,0,1512,0,1,82,297267,2404,0,109,0,0,0,LEADER,1,0,0,108,0,0,0,0,0,0,0,0,0,0,0
299665,51,bully,2398,1,0,0,108,0,1512,0,1,51,297267,2398,0,109,0,0,0,LEADER,1,0,0,108,0,0,0,0,0,0,0,0,0,0,0
299210,39,bully,1943,1,0,0,108,0,1512,0,1,39,297267,1943,0,109,0,0,0,LEADER,1,0,0,108,0,0,0,0,0,0,0,0,0,0,0
298956,78,bully,1689,1,0,0,108,0,1512,0,1,78,297267,1689,0,109,0,0,0,LEADER,1,0,0,108,0,0,0,0,0,0,0,0,0,0,0
299344,79,bully,2077,1,0,0,108,0,1512,0,1,79,297267,2077,0,109,0,0,0,LEADER,1,0,0,108,0,0,0,0,0,0,0,0,0,0,0
298919,14,bully,1652,1,0,0,108,0,1512,0,1,14,297267,1652,0,109,0,0,0,LEADER,1,0,0,108,0,0,0,0,0,0,0,0,0,0,0
299346,36,bully,2080,1,0,0,108,0,1512,0,1,36,297266,2080,0,109,0,0,0,LEADER,1,0,0,108,0,0,0,0,0,0,0,0,0,0,0
299229,81,bully,1962,1,0,0,108,0,1512,0,1,81,297267,1962,0,109,0,0,0,LEADER,1,0,0,108,0,0,0,0,0,0,0,0,0,0,0
298889,67,bully,1622,1,0,0,108,0,1512,0,1,67,297267,1622,0,109,0,0,0,LEADER,1,0,0,108,0,0,0,0,0,0,0,0,0,0,0
299650,83,bully,2383,1,0,0,108,0,1512,0,1,83,297267,2383,0,109,0,0,0,LEADER,1,0,0,108,0,0,0,0,0,0,0,0,0,0,0
299795,99,bully,1607,1,0,0,109,0,1526,0,1,99,298188,1607,0,110,0,0,0,LEADER,1,0,0,109,0,0,0,0,0,0,0,0,0,0,0
298971,55,bully,1704,1,0,0,108,0,1512,0,1,55,297267,1704,0,109,0,0,0,LEADER,1,0,0,108,0,0,0,0,0,0,0,0,0,0,0
299762,89,bully,1574,1,0,0,109,0,1526,0,1,89,298188,1574,0,110,0,0,0,LEADER,1,0,0,109,0,0,0,0,0,0,0,0,0,0,0
298923,77,bully,1656,1,0,0,108,0,1512,0,1,77,297267,1656,0,109,0,0,0,LEADER,1,0,0,108,0,0,0,0,0,0,0,0,0,0,0
299195,71,bully,1928,1,0,0,108,0,1512,0,1,71,297267,1928,0,109,0,0,0,LEADER,1,0,0,108,0,0,0,0,0,0,0,0,0,0,0
299474,76,bully,2213,1,0,0,108,0,1512,0,1,76,297261,2213,0,109,0,0,0,LEADER,1,0,0,108,0,0,0,0,0,0,0,0,0,0,0
299109,52,bully,1840,1,0,0,108,0,1512,0,1,52,297269,1840,0,109,0,0,0,LEADER,1,0,0,108,0,0,0,0,0,0,0,0,0,0,0
299074,10,bully,1807,1,0,0,108,0,1512,0,1,10,297267,1807,0,109,0,0,0,LEADER,1,0,0,108,0,0,0,0,0,0,0,0,0,0,0
299007,22,bully,1740,1,0,0,108,0,1512,0,1,22,297267,1740,0,109,0,0,0,LEADER,1,0,0,108,0,0,0,0,0,0,0,0,0,0,0
299153,21,bully,1889,1,0,0,108,0,1512,0,1,21,297264,1889,0,109,0,0,0,LEADER,1,0,0,108,0,0,0,0,0,0,0,0,0,0,0
299413,56,bully,2146,1,0,0,108,0,1512,0,1,56,297267,2146,0,109,0,0,0,LEADER,1,0,0,108,0,0,0,0,0,0,0,0,0,0,0
298938,60,bully,1671,1,0,0,108,0,1512,0,1,60,297267,1671,0,109,0,0,0,LEADER,1,0,0,108,0,0,0,0,0,0,0,0,0,0,0
299792,25,bully,1604,1,0,0,109,0,1526,0,1,25,298188,1604,0,110,0,0,0,LEADER,1,0,0,109,0,0,0,0,0,0,0,0,0,0,0
299004,65,bully,1737,1,0,0,108,0,1512,0,1,65,297267,1737,0,109,0,0,0,LEADER,1,0,0,108,0,0,0,0,0,0,0,0,0,0,0
299680,19,bully,2413,1,0,0,108,0,1512,0,1,19,297267,2413,0,109,0,0,0,LEADER,1,0,0,108,0,0,0,0,0,0,0,0,0,0,0
299310,69,bully,2043,1,0,0,108,0,1512,0,1,69,297267,2043,0,109,0,0,0,LEADER,1,0,0,108,0,0,0,0,0,0,0,0,0,0,0
299913,54,bully,1725,1,0,0,109,0,1526,0,1,54,298188,1725,0,110,0,0,0,LEADER,1,0,0,109,0,0,0,0,0,0,0,0,0,0,0
299259,17,bully,1992,1,0,0,108,0,1512,0,1,17,297267,1992,0,109,0,0,0,LEADER,1,0,0,108,0,0,0,0,0,0,0,0,0,0,0
299774,100,bully,1586,1,0,0,109,0,1526,0,1,100,298188,1586,0,110,0,0,0,LEADER,1,0,0,109,0,0,0,0,0,0,0,0,0,0,0
