timestamp,node_id,algorithm,first_convergence_time_ms,elections_started,elections_completed,total_election_time_ms,messages_sent,messages_received,bytes_sent,bytes_received,leader_changes,current_leader,time_in_normal_ms,time_in_election_ms,time_in_waiting_ms,state_transitions,timeouts_detected,heartbeats_sent,heartbeats_received,current_state,am_leader,rounds_completed,current_round,min_value,value_updates,broadcasts
1483,44,adaptive-prasle,1483,1,0,0,1,0,14,0,1,44,0,1483,0,2,0,0,0,LEADER,1,0,0,0,0,1
1531,22,adaptive-prasle,1531,1,0,0,1,0,14,0,1,22,0,1531,0,2,0,0,0,LEADER,1,0,0,0,0,1
1564,32,adaptive-prasle,1564,1,0,0,1,0,14,0,1,32,0,1564,0,2,0,0,0,LEADER,1,0,0,0,0,1
1578,12,adaptive-prasle,1578,1,0,0,2,1,28,14,1,2,0,1578,0,2,0,0,0,NORMAL,0,0,0,0,0,2
1446,77,adaptive-prasle,1446,1,0,0,1,0,14,0,1,77,0,1446,0,2,0,0,0,LEADER,1,0,0,0,0,1
1637,83,adaptive-prasle,1637,1,0,0,1,0,14,0,1,83,0,1637,0,2,0,0,0,LEADER,1,0,0,0,0,1
1667,19,adaptive-prasle,1667,1,0,0,1,0,14,0,1,19,0,1667,0,2,0,0,0,LEADER,1,0,0,0,0,1
1822,65,adaptive-prasle,1822,1,0,0,1,0,14,0,1,65,0,1822,0,2,0,0,0,LEADER,1,0,0,0,0,1
1428,35,adaptive-prasle,1428,1,0,0,1,0,14,0,1,35,0,1428,0,2,0,0,0,LEADER,1,0,0,0,0,1
1443,86,adaptive-prasle,1443,1,0,0,1,0,14,0,1,86,0,1443,0,2,0,0,0,LEADER,1,0,0,0,0,1
1501,55,adaptive-prasle,1501,1,0,0,1,0,14,0,1,55,0,1501,0,2,0,0,0,LEADER,1,0,0,0,0,1
1540,63,adaptive-prasle,1540,1,0,0,1,0,14,0,1,63,0,1540,0,2,0,0,0,LEADER,1,0,0,0,0,1
1889,9,adaptive-prasle,1889,1,0,0,1,0,14,0,1,9,0,1889,0,2,0,0,0,LEADER,1,0,0,0,0,1
1904,46,adaptive-prasle,1904,1,0,0,1,0,14,0,1,46,0,1904,0,2,0,0,0,LEADER,1,0,0,0,0,1
1701,53,adaptive-prasle,1701,1,0,0,1,0,14,0,1,53,0,1701,0,2,0,0,0,LEADER,1,0,0,0,0,1
1922,88,adaptive-prasle,1922,1,0,0,1,0,14,0,1,88,0,1922,0,2,0,0,0,LEADER,1,0,0,0,0,1
1449,34,adaptive-prasle,1449,1,0,0,1,0,14,0,1,34,0,1449,0,2,0,0,0,LEADER,1,0,0,0,0,1
1819,2,adaptive-prasle,1819,1,0,0,2,2,28,28,1,1,0,1819,0,2,0,0,0,NORMAL,0,0,0,0,0,2
2022,1,adaptive-prasle,2022,1,0,0,1,1,14,14,1,1,0,2022,0,2,0,0,0,LEADER,1,0,0,0,0,1
1797,6,adaptive-prasle,1797,1,0,0,2,2,28,28,1,2,0,1797,0,2,0,0,0,NORMAL,0,0,0,0,0,2
1749,7,adaptive-prasle,1749,1,0,0,1,1,14,14,1,6,0,1749,0,2,0,0,0,NORMAL,0,0,0,0,0,1
2092,95,adaptive-prasle,2092,1,0,0,1,0,14,0,1,95,0,2092,0,2,0,0,0,LEADER,1,0,0,0,0,1
2080,84,adaptive-prasle,2080,1,0,0,1,0,14,0,1,84,0,2080,0,2,0,0,0,LEADER,1,0,0,0,0,1
2055,11,adaptive-prasle,2055,1,0,0,1,1,14,14,1,1,0,2055,0,2,0,0,0,NORMAL,0,0,0,0,0,1
2113,28,adaptive-prasle,2113,1,0,0,1,0,14,0,1,28,0,2113,0,2,0,0,0,LEADER,1,0,0,0,0,1
1855,68,adaptive-prasle,1855,1,0,0,1,0,14,0,1,68,0,1855,0,2,0,0,0,LEADER,1,0,0,0,0,1
1807,90,adaptive-prasle,1807,1,0,0,1,0,14,0,1,90,0,1807,0,2,0,0,0,LEADER,1,0,0,0,0,1
1782,17,adaptive-prasle,1782,1,0,0,1,1,14,14,1,6,0,1782,0,2,0,0,0,NORMAL,0,0,0,0,0,1
1805,16,adaptive-prasle,1805,1,0,0,2,2,28,28,1,2,0,1805,0,2,0,0,0,NORMAL,0,0,0,0,0,2
1468,76,adaptive-prasle,1468,1,0,0,1,0,14,0,1,76,0,1468,0,2,0,0,0,LEADER,1,0,0,0,0,1
2221,58,adaptive-prasle,2221,1,0,0,1,0,14,0,1,58,0,2221,0,2,0,0,0,LEADER,1,0,0,0,0,1
1789,10,adaptive-prasle,1789,1,0,0,1,0,14,0,1,10,0,1789,0,2,0,0,0,LEADER,1,0,0,0,0,1
1604,73,adaptive-prasle,1604,1,0,0,1,0,14,0,1,73,0,1604,0,2,0,0,0,LEADER,1,0,0,0,0,1
1619,41,adaptive-prasle,1619,1,0,0,1,0,14,0,1,41,0,1619,0,2,0,0,0,LEADER,1,0,0,0,0,1
1534,96,adaptive-prasle,1534,1,0,0,1,0,14,0,1,96,0,1534,0,2,0,0,0,LEADER,1,0,0,0,0,1
1767,49,adaptive-prasle,1767,1,0,0,1,0,14,0,1,49,0,1767,0,2,0,0,0,LEADER,1,0,0,0,0,1
1837,74,adaptive-prasle,1837,1,0,0,1,0,14,0,1,74,0,1837,0,2,0,0,0,LEADER,1,0,0,0,0,1
2228,92,adaptive-prasle,2228,1,0,0,1,0,14,0,1,92,0,2228,0,2,0,0,0,LEADER,1,0,0,0,0,1
1434,66,adaptive-prasle,1434,1,0,0,1,0,14,0,1,66,0,1434,0,2,0,0,0,LEADER,1,0,0,0,0,1
2226,18,adaptive-prasle,2226,1,0,0,2,1,28,14,1,6,0,2226,0,2,0,0,0,NORMAL,0,0,0,0,0,2
2260,78,adaptive-prasle,2260,1,0,0,1,0,14,0,1,78,0,2260,0,2,0,0,0,LEADER,1,0,0,0,0,1
2143,30,adaptive-prasle,2143,1,0,0,1,0,14,0,1,30,0,2143,0,2,0,0,0,LEADER,1,0,0,0,0,1
1549,64,adaptive-prasle,1549,1,0,0,1,0,14,0,1,64,0,1549,0,2,0,0,0,LEADER,1,0,0,0,0,1
1774,80,adaptive-prasle,1774,1,0,0,1,0,14,0,1,80,0,1774,0,2,0,0,0,LEADER,1,0,0,0,0,1
1516,54,adaptive-prasle,1516,1,0,0,1,0,14,0,1,54,0,1516,0,2,0,0,0,LEADER,1,0,0,0,0,1
2040,43,adaptive-prasle,2040,1,0,0,1,0,14,0,1,43,0,2040,0,2,0,0,0,LEADER,1,0,0,0,0,1
1603,3,adaptive-prasle,1603,1,0,0,2,3,28,42,1,1,0,1603,0,2,0,0,0,NORMAL,0,0,0,0,0,2
2096,14,adaptive-prasle,2096,1,0,0,2,1,28,14,1,2,0,2096,0,2,0,0,0,NORMAL,0,0,0,0,0,2
1960,26,adaptive-prasle,1960,1,0,0,1,0,14,0,1,26,0,1960,0,2,0,0,0,LEADER,1,0,0,0,0,1
1591,42,adaptive-prasle,1591,1,0,0,1,0,14,0,1,42,0,1591,0,2,0,0,0,LEADER,1,0,0,0,0,1
1598,31,adaptive-prasle,1598,1,0,0,1,0,14,0,1,31,0,1598,0,2,0,0,0,LEADER,1,0,0,0,0,1
2355,94,adaptive-prasle,2355,1,0,0,1,0,14,0,1,94,0,2355,0,2,0,0,0,LEADER,1,0,0,0,0,1
1925,45,adaptive-prasle,1925,1,0,0,1,0,14,0,1,45,0,1925,0,2,0,0,0,LEADER,1,0,0,0,0,1
2298,60,adaptive-prasle,2298,1,0,0,1,0,14,0,1,60,0,2298,0,2,0,0,0,LEADER,1,0,0,0,0,1
2403,44,adaptive-prasle,1483,1,0,0,1,0,14,0,1,44,920,1483,0,2,0,0,0,LEADER,1,0,0,0,0,1
2007,33,adaptive-prasle,2007,1,0,0,1,0,14,0,1,33,0,2007,0,2,0,0,0,LEADER,1,0,0,0,0,1
1652,51,adaptive-prasle,1652,1,0,0,1,0,14,0,1,51,0,1652,0,2,0,0,0,LEADER,1,0,0,0,0,1
2451,22,adaptive-prasle,1531,1,0,0,1,0,14,0,1,22,920,1531,0,2,0,0,0,LEADER,1,0,0,0,0,1
2162,72,adaptive-prasle,2162,1,0,0,1,0,14,0,1,72,0,2162,0,2,0,0,0,LEADER,1,0,0,0,0,1
1952,24,adaptive-prasle,1952,1,0,0,1,0,14,0,1,24,0,1952,0,2,0,0,0,LEADER,1,0,0,0,0,1
2484,32,adaptive-prasle,1564,1,0,0,1,0,14,0,1,32,920,1564,0,2,0,0,0,LEADER,1,0,0,0,0,1
1671,93,adaptive-prasle,1671,1,0,0,1,0,14,0,1,93,0,1671,0,2,0,0,0,LEADER,1,0,0,0,0,1
2343,69,adaptive-prasle,2343,1,0,0,1,0,14,0,1,69,0,2343,0,2,0,0,0,LEADER,1,0,0,0,0,1
2331,79,adaptive-prasle,2331,1,0,0,1,0,14,0,1,79,0,2331,0,2,0,0,0,LEADER,1,0,0,0,0,1
2025,75,adaptive-prasle,2025,1,0,0,1,0,14,0,1,75,0,2025,0,2,0,0,0,LEADER,1,0,0,0,0,1
1752,81,adaptive-prasle,1752,1,0,0,1,0,14,0,1,81,0,1752,0,2,0,0,0,LEADER,1,0,0,0,0,1
1610,52,adaptive-prasle,1610,1,0,0,1,0,14,0,1,52,0,1610,0,2,0,0,0,LEADER,1,0,0,0,0,1
2088,21,adaptive-prasle,2088,1,0,0,1,0,14,0,1,21,0,2088,0,2,0,0,0,LEADER,1,0,0,0,0,1
2265,29,adaptive-prasle,2265,1,0,0,1,0,14,0,1,29,0,2265,0,2,0,0,0,LEADER,1,0,0,0,0,1
1841,100,adaptive-prasle,1841,1,0,0,1,0,14,0,1,100,0,1841,0,2,0,0,0,LEADER,1,0,0,0,0,1
1686,61,adaptive-prasle,1686,1,0,0,1,0,14,0,1,61,0,1686,0,2,0,0,0,LEADER,1,0,0,0,0,1
2250,91,adaptive-prasle,2250,1,0,0,1,0,14,0,1,91,0,2250,0,2,0,0,0,LEADER,1,0,0,0,0,1
2030,4,adaptive-prasle,2030,1,0,0,2,3,28,42,1,1,0,2030,0,2,0,0,0,NORMAL,0,0,0,0,0,2
2210,37,adaptive-prasle,2210,1,0,0,1,0,14,0,1,37,0,2210,0,2,0,0,0,LEADER,1,0,0,0,0,1
1755,38,adaptive-prasle,1755,1,0,0,1,0,14,0,1,38,0,1755,0,2,0,0,0,LEADER,1,0,0,0,0,1
1941,13,adaptive-prasle,1941,1,0,0,2,2,28,28,1,1,0,1941,0,2,0,0,0,NORMAL,0,0,0,0,0,2
2419,98,adaptive-prasle,2419,1,0,0,1,0,14,0,1,98,0,2419,0,2,0,0,0,LEADER,1,0,0,0,0,1
2128,62,adaptive-prasle,2128,1,0,0,1,0,14,0,1,62,0,2128,0,2,0,0,0,LEADER,1,0,0,0,0,1
2280,27,adaptive-prasle,2280,1,0,0,1,0,14,0,1,27,0,2280,0,2,0,0,0,LEADER,1,0,0,0,0,1
1937,56,adaptive-prasle,1937,1,0,0,1,0,14,0,1,56,0,1937,0,2,0,0,0,LEADER,1,0,0,0,0,1
2328,99,adaptive-prasle,2328,1,0,0,1,0,14,0,1,99,0,2328,0,2,0,0,0,LEADER,1,0,0,0,0,1
2202,48,adaptive-prasle,2202,1,0,0,1,0,14,0,1,48,0,2202,0,2,0,0,0,LEADER,1,0,0,0,0,1
2338,5,adaptive-prasle,2338,1,0,0,2,4,28,56,1,1,0,2338,0,2,0,0,0,NORMAL,0,0,0,0,0,2
1719,71,adaptive-prasle,1719,1,0,0,1,0,14,0,1,71,0,1719,0,2,0,0,0,LEADER,1,0,0,0,0,1
1944,87,adaptive-prasle,1944,1,0,0,1,0,14,0,1,87,0,1944,0,2,0,0,0,LEADER,1,0,0,0,0,1
2361,15,adaptive-prasle,2361,1,0,0,1,1,14,14,1,2,0,2361,0,2,0,0,0,NORMAL,0,0,0,0,0,1
1870,36,adaptive-prasle,1870,1,0,0,1,0,14,0,1,36,0,1870,0,2,0,0,0,LEADER,1,0,0,0,0,1
2366,77,adaptive-prasle,1446,1,0,0,1,0,14,0,1,77,920,1446,0,2,0,0,0,LEADER,1,0,0,0,0,1
2557,83,adaptive-prasle,1637,1,0,0,1,0,14,0,1,83,920,1637,0,2,0,0,0,LEADER,1,0,0,0,0,1
2059,85,adaptive-prasle,2059,1,0,0,1,0,14,0,1,85,0,2059,0,2,0,0,0,LEADER,1,0,0,0,0,1
2587,19,adaptive-prasle,1667,1,0,0,1,0,14,0,1,19,920,1667,0,2,0,0,0,LEADER,1,0,0,0,0,1
2742,65,adaptive-prasle,1822,1,0,0,1,0,14,0,1,65,920,1822,0,2,0,0,0,LEADER,1,0,0,0,0,1
2348,35,adaptive-prasle,1428,1,0,0,1,0,14,0,1,35,920,1428,0,2,0,0,0,LEADER,1,0,0,0,0,1
2363,86,adaptive-prasle,1443,1,0,0,1,0,14,0,1,86,920,1443,0,2,0,0,0,LEADER,1,0,0,0,0,1
2406,50,adaptive-prasle,2406,1,0,0,1,0,14,0,1,50,0,2406,0,2,0,0,0,LEADER,1,0,0,0,0,1
2421,55,adaptive-prasle,1501,1,0,0,1,0,14,0,1,55,920,1501,0,2,0,0,0,LEADER,1,0,0,0,0,1
2217,8,adaptive-prasle,2217,1,0,0,2,4,28,56,1,2,0,2217,0,2,0,0,0,NORMAL,0,0,0,0,0,2
2460,63,adaptive-prasle,1540,1,0,0,1,0,14,0,1,63,920,1540,0,2,0,0,0,LEADER,1,0,0,0,0,1
2824,46,adaptive-prasle,1904,1,0,0,1,0,14,0,1,46,920,1904,0,2,0,0,0,LEADER,1,0,0,0,0,1
2621,53,adaptive-prasle,1701,1,0,0,1,0,14,0,1,53,920,1701,0,2,0,0,0,LEADER,1,0,0,0,0,1
1974,23,adaptive-prasle,1974,1,0,0,1,0,14,0,1,23,0,1974,0,2,0,0,0,LEADER,1,0,0,0,0,1
2842,88,adaptive-prasle,1922,1,0,0,1,0,14,0,1,88,920,1922,0,2,0,0,0,LEADER,1,0,0,0,0,1
2369,34,adaptive-prasle,1449,1,0,0,1,0,14,0,1,34,920,1449,0,2,0,0,0,LEADER,1,0,0,0,0,1
1977,97,adaptive-prasle,1977,1,0,0,1,0,14,0,1,97,0,1977,0,2,0,0,0,LEADER,1,0,0,0,0,1
2095,20,adaptive-prasle,2095,1,0,0,1,0,14,0,1,20,0,2095,0,2,0,0,0,LEADER,1,0,0,0,0,1
2177,40,adaptive-prasle,2177,1,0,0,1,0,14,0,1,40,0,2177,0,2,0,0,0,LEADER,1,0,0,0,0,1
2100,47,adaptive-prasle,2100,1,0,0,1,0,14,0,1,47,0,2100,0,2,0,0,0,LEADER,1,0,0,0,0,1
3012,95,adaptive-prasle,2092,1,0,0,1,0,14,0,1,95,920,2092,0,2,0,0,0,LEADER,1,0,0,0,0,1
2395,25,adaptive-prasle,2395,1,0,0,1,0,14,0,1,25,0,2395,0,2,0,0,0,LEADER,1,0,0,0,0,1
3000,84,adaptive-prasle,2080,1,0,0,1,0,14,0,1,84,920,2080,0,2,0,0,0,LEADER,1,0,0,0,0,1
2277,70,adaptive-prasle,2277,1,0,0,1,0,14,0,1,70,0,2277,0,2,0,0,0,LEADER,1,0,0,0,0,1
2195,82,adaptive-prasle,2195,1,0,0,1,0,14,0,1,82,0,2195,0,2,0,0,0,LEADER,1,0,0,0,0,1
2975,11,adaptive-prasle,2055,1,0,0,1,1,14,14,1,1,920,2055,0,2,0,0,0,NORMAL,0,0,0,0,0,1
2413,67,adaptive-prasle,2413,1,0,0,1,0,14,0,1,67,0,2413,0,2,0,0,0,LEADER,1,0,0,0,0,1
2365,89,adaptive-prasle,2365,1,0,0,1,0,14,0,1,89,0,2365,0,2,0,0,0,LEADER,1,0,0,0,0,1
3033,28,adaptive-prasle,2113,1,0,0,1,0,14,0,1,28,920,2113,0,2,0,0,0,LEADER,1,0,0,0,0,1
2775,68,adaptive-prasle,1855,1,0,0,1,0,14,0,1,68,920,1855,0,2,0,0,0,LEADER,1,0,0,0,0,1
2727,90,adaptive-prasle,1807,1,0,0,1,0,14,0,1,90,920,1807,0,2,0,0,0,LEADER,1,0,0,0,0,1
2388,76,adaptive-prasle,1468,1,0,0,1,0,14,0,1,76,920,1468,0,2,0,0,0,LEADER,1,0,0,0,0,1
2709,10,adaptive-prasle,1789,1,0,0,1,0,14,0,1,10,920,1789,0,2,0,0,0,LEADER,1,0,0,0,0,1
3141,58,adaptive-prasle,2221,1,0,0,1,0,14,0,1,58,920,2221,0,2,0,0,0,LEADER,1,0,0,0,0,1
2524,73,adaptive-prasle,1604,1,0,0,1,0,14,0,1,73,920,1604,0,2,0,0,0,LEADER,1,0,0,0,0,1
2265,59,adaptive-prasle,2265,1,0,0,1,0,14,0,1,59,0,2265,0,2,0,0,0,LEADER,1,0,0,0,0,1
2539,41,adaptive-prasle,1619,1,0,0,1,0,14,0,1,41,920,1619,0,2,0,0,0,LEADER,1,0,0,0,0,1
2454,96,adaptive-prasle,1534,1,0,0,1,0,14,0,1,96,920,1534,0,2,0,0,0,LEADER,1,0,0,0,0,1
2687,49,adaptive-prasle,1767,1,0,0,1,0,14,0,1,49,920,1767,0,2,0,0,0,LEADER,1,0,0,0,0,1
2757,74,adaptive-prasle,1837,1,0,0,1,0,14,0,1,74,920,1837,0,2,0,0,0,LEADER,1,0,0,0,0,1
3148,92,adaptive-prasle,2228,1,0,0,1,0,14,0,1,92,920,2228,0,2,0,0,0,LEADER,1,0,0,0,0,1
2354,66,adaptive-prasle,1434,1,0,0,1,0,14,0,1,66,920,1434,0,2,0,0,0,LEADER,1,0,0,0,0,1
2380,57,adaptive-prasle,2380,1,0,0,1,0,14,0,1,57,0,2380,0,2,0,0,0,LEADER,1,0,0,0,0,1
3180,78,adaptive-prasle,2260,1,0,0,1,0,14,0,1,78,920,2260,0,2,0,0,0,LEADER,1,0,0,0,0,1
2346,39,adaptive-prasle,2346,1,0,0,1,0,14,0,1,39,0,2346,0,2,0,0,0,LEADER,1,0,0,0,0,1
3063,30,adaptive-prasle,2143,1,0,0,1,0,14,0,1,30,920,2143,0,2,0,0,0,LEADER,1,0,0,0,0,1
2469,64,adaptive-prasle,1549,1,0,0,1,0,14,0,1,64,920,1549,0,2,0,0,0,LEADER,1,0,0,0,0,1
2694,80,adaptive-prasle,1774,1,0,0,1,0,14,0,1,80,920,1774,0,2,0,0,0,LEADER,1,0,0,0,0,1
2436,54,adaptive-prasle,1516,1,0,0,1,0,14,0,1,54,920,1516,0,2,0,0,0,LEADER,1,0,0,0,0,1
2960,43,adaptive-prasle,2040,1,0,0,1,0,14,0,1,43,920,2040,0,2,0,0,0,LEADER,1,0,0,0,0,1
2880,26,adaptive-prasle,1960,1,0,0,1,0,14,0,1,26,920,1960,0,2,0,0,0,LEADER,1,0,0,0,0,1
2511,42,adaptive-prasle,1591,1,0,0,1,0,14,0,1,42,920,1591,0,2,0,0,0,LEADER,1,0,0,0,0,1
2518,31,adaptive-prasle,1598,1,0,0,1,0,14,0,1,31,920,1598,0,2,0,0,0,LEADER,1,0,0,0,0,1
3275,94,adaptive-prasle,2355,1,0,0,1,0,14,0,1,94,920,2355,0,2,0,0,0,LEADER,1,0,0,0,0,1
2845,45,adaptive-prasle,1925,1,0,0,1,0,14,0,1,45,920,1925,0,2,0,0,0,LEADER,1,0,0,0,0,1
3218,60,adaptive-prasle,2298,1,0,0,1,0,14,0,1,60,920,2298,0,2,0,0,0,LEADER,1,0,0,0,0,1
3323,44,adaptive-prasle,1483,1,0,0,1,0,14,0,1,44,1840,1483,0,2,0,0,0,LEADER,1,0,0,0,0,1
2927,33,adaptive-prasle,2007,1,0,0,1,0,14,0,1,33,920,2007,0,2,0,0,0,LEADER,1,0,0,0,0,1
2572,51,adaptive-prasle,1652,1,0,0,1,0,14,0,1,51,920,1652,0,2,0,0,0,LEADER,1,0,0,0,0,1
3371,22,adaptive-prasle,1531,1,0,0,1,0,14,0,1,22,1840,1531,0,2,0,0,0,LEADER,1,0,0,0,0,1
3082,72,adaptive-prasle,2162,1,0,0,1,0,14,0,1,72,920,2162,0,2,0,0,0,LEADER,1,0,0,0,0,1
2872,24,adaptive-prasle,1952,1,0,0,1,0,14,0,1,24,920,1952,0,2,0,0,0,LEADER,1,0,0,0,0,1
3404,32,adaptive-prasle,1564,1,0,0,1,0,14,0,1,32,1840,1564,0,2,0,0,0,LEADER,1,0,0,0,0,1
2591,93,adaptive-prasle,1671,1,0,0,1,0,14,0,1,93,920,1671,0,2,0,0,0,LEADER,1,0,0,0,0,1
3263,69,adaptive-prasle,2343,1,0,0,1,0,14,0,1,69,920,2343,0,2,0,0,0,LEADER,1,0,0,0,0,1
3251,79,adaptive-prasle,2331,1,0,0,1,0,14,0,1,79,920,2331,0,2,0,0,0,LEADER,1,0,0,0,0,1
2945,75,adaptive-prasle,2025,1,0,0,1,0,14,0,1,75,920,2025,0,2,0,0,0,LEADER,1,0,0,0,0,1
2672,81,adaptive-prasle,1752,1,0,0,1,0,14,0,1,81,920,1752,0,2,0,0,0,LEADER,1,0,0,0,0,1
2530,52,adaptive-prasle,1610,1,0,0,1,0,14,0,1,52,920,1610,0,2,0,0,0,LEADER,1,0,0,0,0,1
3008,21,adaptive-prasle,2088,1,0,0,1,0,14,0,1,21,920,2088,0,2,0,0,0,LEADER,1,0,0,0,0,1
3185,29,adaptive-prasle,2265,1,0,0,1,0,14,0,1,29,920,2265,0,2,0,0,0,LEADER,1,0,0,0,0,1
2761,100,adaptive-prasle,1841,1,0,0,1,0,14,0,1,100,920,1841,0,2,0,0,0,LEADER,1,0,0,0,0,1
2606,61,adaptive-prasle,1686,1,0,0,1,0,14,0,1,61,920,1686,0,2,0,0,0,LEADER,1,0,0,0,0,1
3207,6,adaptive-prasle,1797,1,0,0,3,5,42,70,1,2,1410,1797,0,2,0,0,0,NORMAL,0,0,0,0,0,3
3170,91,adaptive-prasle,2250,1,0,0,1,0,14,0,1,91,920,2250,0,2,0,0,0,LEADER,1,0,0,0,0,1
3130,37,adaptive-prasle,2210,1,0,0,1,0,14,0,1,37,920,2210,0,2,0,0,0,LEADER,1,0,0,0,0,1
2675,38,adaptive-prasle,1755,1,0,0,1,0,14,0,1,38,920,1755,0,2,0,0,0,LEADER,1,0,0,0,0,1
3339,98,adaptive-prasle,2419,1,0,0,1,0,14,0,1,98,920,2419,0,2,0,0,0,LEADER,1,0,0,0,0,1
3048,62,adaptive-prasle,2128,1,0,0,1,0,14,0,1,62,920,2128,0,2,0,0,0,LEADER,1,0,0,0,0,1
3200,27,adaptive-prasle,2280,1,0,0,1,0,14,0,1,27,920,2280,0,2,0,0,0,LEADER,1,0,0,0,0,1
2857,56,adaptive-prasle,1937,1,0,0,1,0,14,0,1,56,920,1937,0,2,0,0,0,LEADER,1,0,0,0,0,1
3248,99,adaptive-prasle,2328,1,0,0,1,0,14,0,1,99,920,2328,0,2,0,0,0,LEADER,1,0,0,0,0,1
3122,48,adaptive-prasle,2202,1,0,0,1,0,14,0,1,48,920,2202,0,2,0,0,0,LEADER,1,0,0,0,0,1
2639,71,adaptive-prasle,1719,1,0,0,1,0,14,0,1,71,920,1719,0,2,0,0,0,LEADER,1,0,0,0,0,1
2864,87,adaptive-prasle,1944,1,0,0,1,0,14,0,1,87,920,1944,0,2,0,0,0,LEADER,1,0,0,0,0,1
2790,36,adaptive-prasle,1870,1,0,0,1,0,14,0,1,36,920,1870,0,2,0,0,0,LEADER,1,0,0,0,0,1
3286,77,adaptive-prasle,1446,1,0,0,1,0,14,0,1,77,1840,1446,0,2,0,0,0,LEADER,1,0,0,0,0,1
3477,83,adaptive-prasle,1637,1,0,0,1,0,14,0,1,83,1840,1637,0,2,0,0,0,LEADER,1,0,0,0,0,1
2979,85,adaptive-prasle,2059,1,0,0,1,0,14,0,1,85,920,2059,0,2,0,0,0,LEADER,1,0,0,0,0,1
3507,19,adaptive-prasle,1667,1,0,0,1,0,14,0,1,19,1840,1667,0,2,0,0,0,LEADER,1,0,0,0,0,1
3662,65,adaptive-prasle,1822,1,0,0,1,0,14,0,1,65,1840,1822,0,2,0,0,0,LEADER,1,0,0,0,0,1
3268,35,adaptive-prasle,1428,1,0,0,1,0,14,0,1,35,1840,1428,0,2,0,0,0,LEADER,1,0,0,0,0,1
3283,86,adaptive-prasle,1443,1,0,0,1,0,14,0,1,86,1840,1443,0,2,0,0,0,LEADER,1,0,0,0,0,1
3326,50,adaptive-prasle,2406,1,0,0,1,0,14,0,1,50,920,2406,0,2,0,0,0,LEADER,1,0,0,0,0,1
3341,55,adaptive-prasle,1501,1,0,0,1,0,14,0,1,55,1840,1501,0,2,0,0,0,LEADER,1,0,0,0,0,1
3380,63,adaptive-prasle,1540,1,0,0,1,0,14,0,1,63,1840,1540,0,2,0,0,0,LEADER,1,0,0,0,0,1
3762,12,adaptive-prasle,1578,1,0,0,3,2,42,28,1,2,2184,1578,0,2,0,0,0,NORMAL,0,0,0,0,0,3
3744,46,adaptive-prasle,1904,1,0,0,1,0,14,0,1,46,1840,1904,0,2,0,0,0,LEADER,1,0,0,0,0,1
3541,53,adaptive-prasle,1701,1,0,0,1,0,14,0,1,53,1840,1701,0,2,0,0,0,LEADER,1,0,0,0,0,1
2894,23,adaptive-prasle,1974,1,0,0,1,0,14,0,1,23,920,1974,0,2,0,0,0,LEADER,1,0,0,0,0,1
3306,4,adaptive-prasle,2030,1,0,0,2,4,28,56,1,1,1276,2030,0,2,0,0,0,NORMAL,0,0,0,0,0,2
3762,88,adaptive-prasle,1922,1,0,0,1,0,14,0,1,88,1840,1922,0,2,0,0,0,LEADER,1,0,0,0,0,1
3289,34,adaptive-prasle,1449,1,0,0,1,0,14,0,1,34,1840,1449,0,2,0,0,0,LEADER,1,0,0,0,0,1
2897,97,adaptive-prasle,1977,1,0,0,1,0,14,0,1,97,920,1977,0,2,0,0,0,LEADER,1,0,0,0,0,1
3015,20,adaptive-prasle,2095,1,0,0,1,0,14,0,1,20,920,2095,0,2,0,0,0,LEADER,1,0,0,0,0,1
3097,40,adaptive-prasle,2177,1,0,0,1,0,14,0,1,40,920,2177,0,2,0,0,0,LEADER,1,0,0,0,0,1
3134,3,adaptive-prasle,1603,1,0,0,2,4,28,56,1,1,1531,1603,0,2,0,0,0,NORMAL,0,0,0,0,0,2
3020,47,adaptive-prasle,2100,1,0,0,1,0,14,0,1,47,920,2100,0,2,0,0,0,LEADER,1,0,0,0,0,1
3932,95,adaptive-prasle,2092,1,0,0,1,0,14,0,1,95,1840,2092,0,2,0,0,0,LEADER,1,0,0,0,0,1
3315,25,adaptive-prasle,2395,1,0,0,1,0,14,0,1,25,920,2395,0,2,0,0,0,LEADER,1,0,0,0,0,1
3920,84,adaptive-prasle,2080,1,0,0,1,0,14,0,1,84,1840,2080,0,2,0,0,0,LEADER,1,0,0,0,0,1
3197,70,adaptive-prasle,2277,1,0,0,1,0,14,0,1,70,920,2277,0,2,0,0,0,LEADER,1,0,0,0,0,1
3115,82,adaptive-prasle,2195,1,0,0,1,0,14,0,1,82,920,2195,0,2,0,0,0,LEADER,1,0,0,0,0,1
3895,11,adaptive-prasle,2055,1,0,0,1,1,14,14,1,1,1840,2055,0,2,0,0,0,NORMAL,0,0,0,0,0,1
3333,67,adaptive-prasle,2413,1,0,0,1,0,14,0,1,67,920,2413,0,2,0,0,0,LEADER,1,0,0,0,0,1
3285,89,adaptive-prasle,2365,1,0,0,1,0,14,0,1,89,920,2365,0,2,0,0,0,LEADER,1,0,0,0,0,1
3953,28,adaptive-prasle,2113,1,0,0,1,0,14,0,1,28,1840,2113,0,2,0,0,0,LEADER,1,0,0,0,0,1
3695,68,adaptive-prasle,1855,1,0,0,1,0,14,0,1,68,1840,1855,0,2,0,0,0,LEADER,1,0,0,0,0,1
3726,5,adaptive-prasle,2338,1,0,0,2,5,28,70,1,1,1388,2338,0,2,0,0,0,NORMAL,0,0,0,0,0,2
3647,90,adaptive-prasle,1807,1,0,0,1,0,14,0,1,90,1840,1807,0,2,0,0,0,LEADER,1,0,0,0,0,1
3308,76,adaptive-prasle,1468,1,0,0,1,0,14,0,1,76,1840,1468,0,2,0,0,0,LEADER,1,0,0,0,0,1
4061,58,adaptive-prasle,2221,1,0,0,1,0,14,0,1,58,1840,2221,0,2,0,0,0,LEADER,1,0,0,0,0,1
3629,10,adaptive-prasle,1789,1,0,0,1,0,14,0,1,10,1840,1789,0,2,0,0,0,LEADER,1,0,0,0,0,1
3444,73,adaptive-prasle,1604,1,0,0,1,0,14,0,1,73,1840,1604,0,2,0,0,0,LEADER,1,0,0,0,0,1
3185,59,adaptive-prasle,2265,1,0,0,1,0,14,0,1,59,920,2265,0,2,0,0,0,LEADER,1,0,0,0,0,1
3459,41,adaptive-prasle,1619,1,0,0,1,0,14,0,1,41,1840,1619,0,2,0,0,0,LEADER,1,0,0,0,0,1
3374,96,adaptive-prasle,1534,1,0,0,1,0,14,0,1,96,1840,1534,0,2,0,0,0,LEADER,1,0,0,0,0,1
3607,49,adaptive-prasle,1767,1,0,0,1,0,14,0,1,49,1840,1767,0,2,0,0,0,LEADER,1,0,0,0,0,1
3677,74,adaptive-prasle,1837,1,0,0,1,0,14,0,1,74,1840,1837,0,2,0,0,0,LEADER,1,0,0,0,0,1
4068,92,adaptive-prasle,2228,1,0,0,1,0,14,0,1,92,1840,2228,0,2,0,0,0,LEADER,1,0,0,0,0,1
3274,66,adaptive-prasle,1434,1,0,0,1,0,14,0,1,66,1840,1434,0,2,0,0,0,LEADER,1,0,0,0,0,1
3300,57,adaptive-prasle,2380,1,0,0,1,0,14,0,1,57,920,2380,0,2,0,0,0,LEADER,1,0,0,0,0,1
4100,78,adaptive-prasle,2260,1,0,0,1,0,14,0,1,78,1840,2260,0,2,0,0,0,LEADER,1,0,0,0,0,1
3266,39,adaptive-prasle,2346,1,0,0,1,0,14,0,1,39,920,2346,0,2,0,0,0,LEADER,1,0,0,0,0,1
3983,30,adaptive-prasle,2143,1,0,0,1,0,14,0,1,30,1840,2143,0,2,0,0,0,LEADER,1,0,0,0,0,1
3389,64,adaptive-prasle,1549,1,0,0,1,0,14,0,1,64,1840,1549,0,2,0,0,0,LEADER,1,0,0,0,0,1
3614,80,adaptive-prasle,1774,1,0,0,1,0,14,0,1,80,1840,1774,0,2,0,0,0,LEADER,1,0,0,0,0,1
3356,54,adaptive-prasle,1516,1,0,0,1,0,14,0,1,54,1840,1516,0,2,0,0,0,LEADER,1,0,0,0,0,1
3880,43,adaptive-prasle,2040,1,0,0,1,0,14,0,1,43,1840,2040,0,2,0,0,0,LEADER,1,0,0,0,0,1
3800,26,adaptive-prasle,1960,1,0,0,1,0,14,0,1,26,1840,1960,0,2,0,0,0,LEADER,1,0,0,0,0,1
3431,42,adaptive-prasle,1591,1,0,0,1,0,14,0,1,42,1840,1591,0,2,0,0,0,LEADER,1,0,0,0,0,1
3438,31,adaptive-prasle,1598,1,0,0,1,0,14,0,1,31,1840,1598,0,2,0,0,0,LEADER,1,0,0,0,0,1
4195,94,adaptive-prasle,2355,1,0,0,1,0,14,0,1,94,1840,2355,0,2,0,0,0,LEADER,1,0,0,0,0,1
3765,45,adaptive-prasle,1925,1,0,0,1,0,14,0,1,45,1840,1925,0,2,0,0,0,LEADER,1,0,0,0,0,1
4138,60,adaptive-prasle,2298,1,0,0,1,0,14,0,1,60,1840,2298,0,2,0,0,0,LEADER,1,0,0,0,0,1
4244,44,adaptive-prasle,1483,1,0,0,2,0,28,0,1,44,2761,1483,0,3,0,0,0,LEADER,1,0,0,0,0,2
3847,33,adaptive-prasle,2007,1,0,0,1,0,14,0,1,33,1840,2007,0,2,0,0,0,LEADER,1,0,0,0,0,1
3492,51,adaptive-prasle,1652,1,0,0,1,0,14,0,1,51,1840,1652,0,2,0,0,0,LEADER,1,0,0,0,0,1
4002,72,adaptive-prasle,2162,1,0,0,1,0,14,0,1,72,1840,2162,0,2,0,0,0,LEADER,1,0,0,0,0,1
4292,22,adaptive-prasle,1531,1,0,0,2,0,28,0,1,22,2761,1531,0,3,0,0,0,LEADER,1,0,0,0,0,2
3792,24,adaptive-prasle,1952,1,0,0,1,0,14,0,1,24,1840,1952,0,2,0,0,0,LEADER,1,0,0,0,0,1
4325,32,adaptive-prasle,1564,1,0,0,2,0,28,0,1,32,2761,1564,0,3,0,0,0,LEADER,1,0,0,0,0,2
3511,93,adaptive-prasle,1671,1,0,0,1,0,14,0,1,93,1840,1671,0,2,0,0,0,LEADER,1,0,0,0,0,1
4183,69,adaptive-prasle,2343,1,0,0,1,0,14,0,1,69,1840,2343,0,2,0,0,0,LEADER,1,0,0,0,0,1
4171,79,adaptive-prasle,2331,1,0,0,1,0,14,0,1,79,1840,2331,0,2,0,0,0,LEADER,1,0,0,0,0,1
3865,75,adaptive-prasle,2025,1,0,0,1,0,14,0,1,75,1840,2025,0,2,0,0,0,LEADER,1,0,0,0,0,1
3592,81,adaptive-prasle,1752,1,0,0,1,0,14,0,1,81,1840,1752,0,2,0,0,0,LEADER,1,0,0,0,0,1
3450,52,adaptive-prasle,1610,1,0,0,1,0,14,0,1,52,1840,1610,0,2,0,0,0,LEADER,1,0,0,0,0,1
3928,21,adaptive-prasle,2088,1,0,0,1,0,14,0,1,21,1840,2088,0,2,0,0,0,LEADER,1,0,0,0,0,1
4105,29,adaptive-prasle,2265,1,0,0,1,0,14,0,1,29,1840,2265,0,2,0,0,0,LEADER,1,0,0,0,0,1
4051,7,adaptive-prasle,1749,1,0,0,3,5,42,70,1,6,2302,1749,0,2,0,0,0,NORMAL,0,0,0,0,0,3
3681,100,adaptive-prasle,1841,1,0,0,1,0,14,0,1,100,1840,1841,0,2,0,0,0,LEADER,1,0,0,0,0,1
4151,2,adaptive-prasle,1819,1,0,0,2,3,28,42,1,1,2332,1819,0,2,0,0,0,NORMAL,0,0,0,0,0,2
3526,61,adaptive-prasle,1686,1,0,0,1,0,14,0,1,61,1840,1686,0,2,0,0,0,LEADER,1,0,0,0,0,1
4090,91,adaptive-prasle,2250,1,0,0,1,0,14,0,1,91,1840,2250,0,2,0,0,0,LEADER,1,0,0,0,0,1
4050,37,adaptive-prasle,2210,1,0,0,1,0,14,0,1,37,1840,2210,0,2,0,0,0,LEADER,1,0,0,0,0,1
3595,38,adaptive-prasle,1755,1,0,0,1,0,14,0,1,38,1840,1755,0,2,0,0,0,LEADER,1,0,0,0,0,1
4259,98,adaptive-prasle,2419,1,0,0,1,0,14,0,1,98,1840,2419,0,2,0,0,0,LEADER,1,0,0,0,0,1
3968,62,adaptive-prasle,2128,1,0,0,1,0,14,0,1,62,1840,2128,0,2,0,0,0,LEADER,1,0,0,0,0,1
4120,27,adaptive-prasle,2280,1,0,0,1,0,14,0,1,27,1840,2280,0,2,0,0,0,LEADER,1,0,0,0,0,1
3777,56,adaptive-prasle,1937,1,0,0,1,0,14,0,1,56,1840,1937,0,2,0,0,0,LEADER,1,0,0,0,0,1
4168,99,adaptive-prasle,2328,1,0,0,1,0,14,0,1,99,1840,2328,0,2,0,0,0,LEADER,1,0,0,0,0,1
4042,48,adaptive-prasle,2202,1,0,0,1,0,14,0,1,48,1840,2202,0,2,0,0,0,LEADER,1,0,0,0,0,1
3559,71,adaptive-prasle,1719,1,0,0,1,0,14,0,1,71,1840,1719,0,2,0,0,0,LEADER,1,0,0,0,0,1
3784,87,adaptive-prasle,1944,1,0,0,1,0,14,0,1,87,1840,1944,0,2,0,0,0,LEADER,1,0,0,0,0,1
3710,36,adaptive-prasle,1870,1,0,0,1,0,14,0,1,36,1840,1870,0,2,0,0,0,LEADER,1,0,0,0,0,1
4207,77,adaptive-prasle,1446,1,0,0,2,0,28,0,1,77,2761,1446,0,3,0,0,0,LEADER,1,0,0,0,0,2
4398,83,adaptive-prasle,1637,1,0,0,2,0,28,0,1,83,2761,1637,0,3,0,0,0,LEADER,1,0,0,0,0,2
4504,1,adaptive-prasle,2022,1,0,0,1,2,14,28,1,1,2482,2022,0,2,0,0,0,LEADER,1,0,0,0,0,1
3899,85,adaptive-prasle,2059,1,0,0,1,0,14,0,1,85,1840,2059,0,2,0,0,0,LEADER,1,0,0,0,0,1
4428,19,adaptive-prasle,1667,1,0,0,2,0,28,0,1,19,2761,1667,0,3,0,0,0,LEADER,1,0,0,0,0,2
4583,65,adaptive-prasle,1822,1,0,0,2,0,28,0,1,65,2761,1822,0,3,0,0,0,LEADER,1,0,0,0,0,2
4189,35,adaptive-prasle,1428,1,0,0,2,0,28,0,1,35,2761,1428,0,3,0,0,0,LEADER,1,0,0,0,0,2
4204,86,adaptive-prasle,1443,1,0,0,2,0,28,0,1,86,2761,1443,0,3,0,0,0,LEADER,1,0,0,0,0,2
4246,50,adaptive-prasle,2406,1,0,0,1,0,14,0,1,50,1840,2406,0,2,0,0,0,LEADER,1,0,0,0,0,1
4262,55,adaptive-prasle,1501,1,0,0,2,0,28,0,1,55,2761,1501,0,3,0,0,0,LEADER,1,0,0,0,0,2
4301,63,adaptive-prasle,1540,1,0,0,2,0,28,0,1,63,2761,1540,0,3,0,0,0,LEADER,1,0,0,0,0,2
4665,46,adaptive-prasle,1904,1,0,0,2,0,28,0,1,46,2761,1904,0,3,0,0,0,LEADER,1,0,0,0,0,2
4462,53,adaptive-prasle,1701,1,0,0,2,0,28,0,1,53,2761,1701,0,3,0,0,0,LEADER,1,0,0,0,0,2
3814,23,adaptive-prasle,1974,1,0,0,1,0,14,0,1,23,1840,1974,0,2,0,0,0,LEADER,1,0,0,0,0,1
4683,88,adaptive-prasle,1922,1,0,0,2,0,28,0,1,88,2761,1922,0,3,0,0,0,LEADER,1,0,0,0,0,2
4210,34,adaptive-prasle,1449,1,0,0,2,0,28,0,1,34,2761,1449,0,3,0,0,0,LEADER,1,0,0,0,0,2
3817,97,adaptive-prasle,1977,1,0,0,1,0,14,0,1,97,1840,1977,0,2,0,0,0,LEADER,1,0,0,0,0,1
3935,20,adaptive-prasle,2095,1,0,0,1,0,14,0,1,20,1840,2095,0,2,0,0,0,LEADER,1,0,0,0,0,1
4017,40,adaptive-prasle,2177,1,0,0,1,0,14,0,1,40,1840,2177,0,2,0,0,0,LEADER,1,0,0,0,0,1
3940,47,adaptive-prasle,2100,1,0,0,1,0,14,0,1,47,1840,2100,0,2,0,0,0,LEADER,1,0,0,0,0,1
4853,95,adaptive-prasle,2092,1,0,0,2,0,28,0,1,95,2761,2092,0,3,0,0,0,LEADER,1,0,0,0,0,2
4235,25,adaptive-prasle,2395,1,0,0,1,0,14,0,1,25,1840,2395,0,2,0,0,0,LEADER,1,0,0,0,0,1
4841,84,adaptive-prasle,2080,1,0,0,2,0,28,0,1,84,2761,2080,0,3,0,0,0,LEADER,1,0,0,0,0,2
4117,70,adaptive-prasle,2277,1,0,0,1,0,14,0,1,70,1840,2277,0,2,0,0,0,LEADER,1,0,0,0,0,1
4035,82,adaptive-prasle,2195,1,0,0,1,0,14,0,1,82,1840,2195,0,2,0,0,0,LEADER,1,0,0,0,0,1
4838,18,adaptive-prasle,2226,1,0,0,3,2,42,28,1,6,2612,2226,0,2,0,0,0,NORMAL,0,0,0,0,0,3
4816,11,adaptive-prasle,2055,1,0,0,2,1,28,14,2,11,2761,2055,0,3,0,0,0,LEADER,1,0,0,0,0,2
4253,67,adaptive-prasle,2413,1,0,0,1,0,14,0,1,67,1840,2413,0,2,0,0,0,LEADER,1,0,0,0,0,1
4205,89,adaptive-prasle,2365,1,0,0,1,0,14,0,1,89,1840,2365,0,2,0,0,0,LEADER,1,0,0,0,0,1
4859,9,adaptive-prasle,1889,1,0,0,3,2,42,28,1,9,2970,1889,0,2,0,0,0,LEADER,1,0,0,0,0,3
4874,28,adaptive-prasle,2113,1,0,0,2,0,28,0,1,28,2761,2113,0,3,0,0,0,LEADER,1,0,0,0,0,2
4616,68,adaptive-prasle,1855,1,0,0,2,0,28,0,1,68,2761,1855,0,3,0,0,0,LEADER,1,0,0,0,0,2
4311,8,adaptive-prasle,2217,1,0,0,3,6,42,84,1,2,2094,2217,0,2,0,0,0,NORMAL,0,0,0,0,0,3
4568,90,adaptive-prasle,1807,1,0,0,2,0,28,0,1,90,2761,1807,0,3,0,0,0,LEADER,1,0,0,0,0,2
4229,76,adaptive-prasle,1468,1,0,0,2,0,28,0,1,76,2761,1468,0,3,0,0,0,LEADER,1,0,0,0,0,2
4550,10,adaptive-prasle,1789,1,0,0,2,0,28,0,1,10,2761,1789,0,3,0,0,0,LEADER,1,0,0,0,0,2
4982,58,adaptive-prasle,2221,1,0,0,2,0,28,0,1,58,2761,2221,0,3,0,0,0,LEADER,1,0,0,0,0,2
4365,73,adaptive-prasle,1604,1,0,0,2,0,28,0,1,73,2761,1604,0,3,0,0,0,LEADER,1,0,0,0,0,2
4105,59,adaptive-prasle,2265,1,0,0,1,0,14,0,1,59,1840,2265,0,2,0,0,0,LEADER,1,0,0,0,0,1
4380,41,adaptive-prasle,1619,1,0,0,2,0,28,0,1,41,2761,1619,0,3,0,0,0,LEADER,1,0,0,0,0,2
4343,13,adaptive-prasle,1941,1,0,0,2,2,28,28,1,1,2402,1941,0,2,0,0,0,NORMAL,0,0,0,0,0,2
4295,96,adaptive-prasle,1534,1,0,0,2,0,28,0,1,96,2761,1534,0,3,0,0,0,LEADER,1,0,0,0,0,2
4528,49,adaptive-prasle,1767,1,0,0,2,0,28,0,1,49,2761,1767,0,3,0,0,0,LEADER,1,0,0,0,0,2
4598,74,adaptive-prasle,1837,1,0,0,2,0,28,0,1,74,2761,1837,0,3,0,0,0,LEADER,1,0,0,0,0,2
4989,92,adaptive-prasle,2228,1,0,0,2,0,28,0,1,92,2761,2228,0,3,0,0,0,LEADER,1,0,0,0,0,2
4195,66,adaptive-prasle,1434,1,0,0,2,0,28,0,1,66,2761,1434,0,3,0,0,0,LEADER,1,0,0,0,0,2
4220,57,adaptive-prasle,2380,1,0,0,1,0,14,0,1,57,1840,2380,0,2,0,0,0,LEADER,1,0,0,0,0,1
4544,4,adaptive-prasle,2030,1,0,0,2,4,28,56,1,1,2514,2030,0,2,0,0,0,NORMAL,0,0,0,0,0,2
5021,78,adaptive-prasle,2260,1,0,0,2,0,28,0,1,78,2761,2260,0,3,0,0,0,LEADER,1,0,0,0,0,2
4186,39,adaptive-prasle,2346,1,0,0,1,0,14,0,1,39,1840,2346,0,2,0,0,0,LEADER,1,0,0,0,0,1
4904,30,adaptive-prasle,2143,1,0,0,2,0,28,0,1,30,2761,2143,0,3,0,0,0,LEADER,1,0,0,0,0,2
4800,15,adaptive-prasle,2361,1,0,0,2,2,28,28,1,2,2439,2361,0,2,0,0,0,NORMAL,0,0,0,0,0,2
4310,64,adaptive-prasle,1549,1,0,0,2,0,28,0,1,64,2761,1549,0,3,0,0,0,LEADER,1,0,0,0,0,2
4535,80,adaptive-prasle,1774,1,0,0,2,0,28,0,1,80,2761,1774,0,3,0,0,0,LEADER,1,0,0,0,0,2
4277,54,adaptive-prasle,1516,1,0,0,2,0,28,0,1,54,2761,1516,0,3,0,0,0,LEADER,1,0,0,0,0,2
4801,43,adaptive-prasle,2040,1,0,0,2,0,28,0,1,43,2761,2040,0,3,0,0,0,LEADER,1,0,0,0,0,2
4721,26,adaptive-prasle,1960,1,0,0,2,0,28,0,1,26,2761,1960,0,3,0,0,0,LEADER,1,0,0,0,0,2
4352,42,adaptive-prasle,1591,1,0,0,2,0,28,0,1,42,2761,1591,0,3,0,0,0,LEADER,1,0,0,0,0,2
4359,31,adaptive-prasle,1598,1,0,0,2,0,28,0,1,31,2761,1598,0,3,0,0,0,LEADER,1,0,0,0,0,2
5116,94,adaptive-prasle,2355,1,0,0,2,0,28,0,1,94,2761,2355,0,3,0,0,0,LEADER,1,0,0,0,0,2
4686,45,adaptive-prasle,1925,1,0,0,2,0,28,0,1,45,2761,1925,0,3,0,0,0,LEADER,1,0,0,0,0,2
5059,60,adaptive-prasle,2298,1,0,0,2,0,28,0,1,60,2761,2298,0,3,0,0,0,LEADER,1,0,0,0,0,2
5164,44,adaptive-prasle,1483,1,0,0,2,0,28,0,1,44,3681,1483,0,3,0,0,0,LEADER,1,0,0,0,0,2
4768,33,adaptive-prasle,2007,1,0,0,2,0,28,0,1,33,2761,2007,0,3,0,0,0,LEADER,1,0,0,0,0,2
4413,51,adaptive-prasle,1652,1,0,0,2,0,28,0,1,51,2761,1652,0,3,0,0,0,LEADER,1,0,0,0,0,2
5212,22,adaptive-prasle,1531,1,0,0,2,0,28,0,1,22,3681,1531,0,3,0,0,0,LEADER,1,0,0,0,0,2
4923,72,adaptive-prasle,2162,1,0,0,2,0,28,0,1,72,2761,2162,0,3,0,0,0,LEADER,1,0,0,0,0,2
4713,24,adaptive-prasle,1952,1,0,0,2,0,28,0,1,24,2761,1952,0,3,0,0,0,LEADER,1,0,0,0,0,2
5245,32,adaptive-prasle,1564,1,0,0,2,0,28,0,1,32,3681,1564,0,3,0,0,0,LEADER,1,0,0,0,0,2
4432,93,adaptive-prasle,1671,1,0,0,2,0,28,0,1,93,2761,1671,0,3,0,0,0,LEADER,1,0,0,0,0,2
5104,69,adaptive-prasle,2343,1,0,0,2,0,28,0,1,69,2761,2343,0,3,0,0,0,LEADER,1,0,0,0,0,2
5092,79,adaptive-prasle,2331,1,0,0,2,0,28,0,1,79,2761,2331,0,3,0,0,0,LEADER,1,0,0,0,0,2
4786,75,adaptive-prasle,2025,1,0,0,2,0,28,0,1,75,2761,2025,0,3,0,0,0,LEADER,1,0,0,0,0,2
4513,81,adaptive-prasle,1752,1,0,0,2,0,28,0,1,81,2761,1752,0,3,0,0,0,LEADER,1,0,0,0,0,2
4371,52,adaptive-prasle,1610,1,0,0,2,0,28,0,1,52,2761,1610,0,3,0,0,0,LEADER,1,0,0,0,0,2
4849,21,adaptive-prasle,2088,1,0,0,2,0,28,0,1,21,2761,2088,0,3,0,0,0,LEADER,1,0,0,0,0,2
5026,29,adaptive-prasle,2265,1,0,0,2,0,28,0,1,29,2761,2265,0,3,0,0,0,LEADER,1,0,0,0,0,2
4602,100,adaptive-prasle,1841,1,0,0,2,0,28,0,1,100,2761,1841,0,3,0,0,0,LEADER,1,0,0,0,0,2
4447,61,adaptive-prasle,1686,1,0,0,2,0,28,0,1,61,2761,1686,0,3,0,0,0,LEADER,1,0,0,0,0,2
5011,91,adaptive-prasle,2250,1,0,0,2,0,28,0,1,91,2761,2250,0,3,0,0,0,LEADER,1,0,0,0,0,2
5053,14,adaptive-prasle,2096,1,0,0,3,2,42,28,1,2,2957,2096,0,2,0,0,0,NORMAL,0,0,0,0,0,3
4971,37,adaptive-prasle,2210,1,0,0,2,0,28,0,1,37,2761,2210,0,3,0,0,0,LEADER,1,0,0,0,0,2
4516,38,adaptive-prasle,1755,1,0,0,2,0,28,0,1,38,2761,1755,0,3,0,0,0,LEADER,1,0,0,0,0,2
5180,98,adaptive-prasle,2419,1,0,0,2,0,28,0,1,98,2761,2419,0,3,0,0,0,LEADER,1,0,0,0,0,2
4889,62,adaptive-prasle,2128,1,0,0,2,0,28,0,1,62,2761,2128,0,3,0,0,0,LEADER,1,0,0,0,0,2
5041,27,adaptive-prasle,2280,1,0,0,2,0,28,0,1,27,2761,2280,0,3,0,0,0,LEADER,1,0,0,0,0,2
4698,56,adaptive-prasle,1937,1,0,0,2,0,28,0,1,56,2761,1937,0,3,0,0,0,LEADER,1,0,0,0,0,2
5089,99,adaptive-prasle,2328,1,0,0,2,0,28,0,1,99,2761,2328,0,3,0,0,0,LEADER,1,0,0,0,0,2
4963,48,adaptive-prasle,2202,1,0,0,2,0,28,0,1,48,2761,2202,0,3,0,0,0,LEADER,1,0,0,0,0,2
4480,71,adaptive-prasle,1719,1,0,0,2,0,28,0,1,71,2761,1719,0,3,0,0,0,LEADER,1,0,0,0,0,2
4705,87,adaptive-prasle,1944,1,0,0,2,0,28,0,1,87,2761,1944,0,3,0,0,0,LEADER,1,0,0,0,0,2
4631,36,adaptive-prasle,1870,1,0,0,2,0,28,0,1,36,2761,1870,0,3,0,0,0,LEADER,1,0,0,0,0,2
5127,77,adaptive-prasle,1446,1,0,0,2,0,28,0,1,77,3681,1446,0,3,0,0,0,LEADER,1,0,0,0,0,2
5318,83,adaptive-prasle,1637,1,0,0,2,0,28,0,1,83,3681,1637,0,3,0,0,0,LEADER,1,0,0,0,0,2
4820,85,adaptive-prasle,2059,1,0,0,2,0,28,0,1,85,2761,2059,0,3,0,0,0,LEADER,1,0,0,0,0,2
5348,19,adaptive-prasle,1667,1,0,0,2,0,28,0,1,19,3681,1667,0,3,0,0,0,LEADER,1,0,0,0,0,2
5503,65,adaptive-prasle,1822,1,0,0,2,0,28,0,1,65,3681,1822,0,3,0,0,0,LEADER,1,0,0,0,0,2
5109,35,adaptive-prasle,1428,1,0,0,2,0,28,0,1,35,3681,1428,0,3,0,0,0,LEADER,1,0,0,0,0,2
4732,3,adaptive-prasle,1603,1,0,0,2,5,28,70,1,1,3129,1603,0,2,0,0,0,NORMAL,0,0,0,0,0,2
5124,86,adaptive-prasle,1443,1,0,0,2,0,28,0,1,86,3681,1443,0,3,0,0,0,LEADER,1,0,0,0,0,2
5167,50,adaptive-prasle,2406,1,0,0,2,0,28,0,1,50,2761,2406,0,3,0,0,0,LEADER,1,0,0,0,0,2
5182,55,adaptive-prasle,1501,1,0,0,2,0,28,0,1,55,3681,1501,0,3,0,0,0,LEADER,1,0,0,0,0,2
5221,63,adaptive-prasle,1540,1,0,0,2,0,28,0,1,63,3681,1540,0,3,0,0,0,LEADER,1,0,0,0,0,2
5585,46,adaptive-prasle,1904,1,0,0,2,0,28,0,1,46,3681,1904,0,3,0,0,0,LEADER,1,0,0,0,0,2
5382,53,adaptive-prasle,1701,1,0,0,2,0,28,0,1,53,3681,1701,0,3,0,0,0,LEADER,1,0,0,0,0,2
4735,23,adaptive-prasle,1974,1,0,0,2,0,28,0,1,23,2761,1974,0,3,0,0,0,LEADER,1,0,0,0,0,2
5375,5,adaptive-prasle,2338,1,0,0,2,6,28,84,1,1,3037,2338,0,2,0,0,0,NORMAL,0,0,0,0,0,2
5603,88,adaptive-prasle,1922,1,0,0,2,0,28,0,1,88,3681,1922,0,3,0,0,0,LEADER,1,0,0,0,0,2
5130,34,adaptive-prasle,1449,1,0,0,2,0,28,0,1,34,3681,1449,0,3,0,0,0,LEADER,1,0,0,0,0,2
4738,97,adaptive-prasle,1977,1,0,0,2,0,28,0,1,97,2761,1977,0,3,0,0,0,LEADER,1,0,0,0,0,2
4856,20,adaptive-prasle,2095,1,0,0,2,0,28,0,1,20,2761,2095,0,3,0,0,0,LEADER,1,0,0,0,0,2
4938,40,adaptive-prasle,2177,1,0,0,2,0,28,0,1,40,2761,2177,0,3,0,0,0,LEADER,1,0,0,0,0,2
4861,47,adaptive-prasle,2100,1,0,0,2,0,28,0,1,47,2761,2100,0,3,0,0,0,LEADER,1,0,0,0,0,2
5773,95,adaptive-prasle,2092,1,0,0,2,0,28,0,1,95,3681,2092,0,3,0,0,0,LEADER,1,0,0,0,0,2
5156,25,adaptive-prasle,2395,1,0,0,2,0,28,0,1,25,2761,2395,0,3,0,0,0,LEADER,1,0,0,0,0,2
5761,84,adaptive-prasle,2080,1,0,0,2,0,28,0,1,84,3681,2080,0,3,0,0,0,LEADER,1,0,0,0,0,2
5038,70,adaptive-prasle,2277,1,0,0,2,0,28,0,1,70,2761,2277,0,3,0,0,0,LEADER,1,0,0,0,0,2
4956,82,adaptive-prasle,2195,1,0,0,2,0,28,0,1,82,2761,2195,0,3,0,0,0,LEADER,1,0,0,0,0,2
5736,11,adaptive-prasle,2055,1,0,0,2,1,28,14,2,11,3681,2055,0,3,0,0,0,LEADER,1,0,0,0,0,2
5174,67,adaptive-prasle,2413,1,0,0,2,0,28,0,1,67,2761,2413,0,3,0,0,0,LEADER,1,0,0,0,0,2
5126,89,adaptive-prasle,2365,1,0,0,2,0,28,0,1,89,2761,2365,0,3,0,0,0,LEADER,1,0,0,0,0,2
5794,28,adaptive-prasle,2113,1,0,0,2,0,28,0,1,28,3681,2113,0,3,0,0,0,LEADER,1,0,0,0,0,2
5536,68,adaptive-prasle,1855,1,0,0,2,0,28,0,1,68,3681,1855,0,3,0,0,0,LEADER,1,0,0,0,0,2
5488,90,adaptive-prasle,1807,1,0,0,2,0,28,0,1,90,3681,1807,0,3,0,0,0,LEADER,1,0,0,0,0,2
5149,76,adaptive-prasle,1468,1,0,0,2,0,28,0,1,76,3681,1468,0,3,0,0,0,LEADER,1,0,0,0,0,2
5470,10,adaptive-prasle,1789,1,0,0,2,0,28,0,1,10,3681,1789,0,3,0,0,0,LEADER,1,0,0,0,0,2
5902,58,adaptive-prasle,2221,1,0,0,2,0,28,0,1,58,3681,2221,0,3,0,0,0,LEADER,1,0,0,0,0,2
5285,73,adaptive-prasle,1604,1,0,0,2,0,28,0,1,73,3681,1604,0,3,0,0,0,LEADER,1,0,0,0,0,2
5026,59,adaptive-prasle,2265,1,0,0,2,0,28,0,1,59,2761,2265,0,3,0,0,0,LEADER,1,0,0,0,0,2
5300,41,adaptive-prasle,1619,1,0,0,2,0,28,0,1,41,3681,1619,0,3,0,0,0,LEADER,1,0,0,0,0,2
5215,96,adaptive-prasle,1534,1,0,0,2,0,28,0,1,96,3681,1534,0,3,0,0,0,LEADER,1,0,0,0,0,2
5448,49,adaptive-prasle,1767,1,0,0,2,0,28,0,1,49,3681,1767,0,3,0,0,0,LEADER,1,0,0,0,0,2
5518,74,adaptive-prasle,1837,1,0,0,2,0,28,0,1,74,3681,1837,0,3,0,0,0,LEADER,1,0,0,0,0,2
5533,17,adaptive-prasle,1782,1,0,0,3,3,42,42,1,6,3751,1782,0,2,0,0,0,NORMAL,0,0,0,0,0,3
5909,92,adaptive-prasle,2228,1,0,0,2,0,28,0,1,92,3681,2228,0,3,0,0,0,LEADER,1,0,0,0,0,2
5115,66,adaptive-prasle,1434,1,0,0,2,0,28,0,1,66,3681,1434,0,3,0,0,0,LEADER,1,0,0,0,0,2
5141,57,adaptive-prasle,2380,1,0,0,2,0,28,0,1,57,2761,2380,0,3,0,0,0,LEADER,1,0,0,0,0,2
5941,78,adaptive-prasle,2260,1,0,0,2,0,28,0,1,78,3681,2260,0,3,0,0,0,LEADER,1,0,0,0,0,2
5107,39,adaptive-prasle,2346,1,0,0,2,0,28,0,1,39,2761,2346,0,3,0,0,0,LEADER,1,0,0,0,0,2
5824,30,adaptive-prasle,2143,1,0,0,2,0,28,0,1,30,3681,2143,0,3,0,0,0,LEADER,1,0,0,0,0,2
5230,64,adaptive-prasle,1549,1,0,0,2,0,28,0,1,64,3681,1549,0,3,0,0,0,LEADER,1,0,0,0,0,2
5455,80,adaptive-prasle,1774,1,0,0,2,0,28,0,1,80,3681,1774,0,3,0,0,0,LEADER,1,0,0,0,0,2
5197,54,adaptive-prasle,1516,1,0,0,2,0,28,0,1,54,3681,1516,0,3,0,0,0,LEADER,1,0,0,0,0,2
5721,43,adaptive-prasle,2040,1,0,0,2,0,28,0,1,43,3681,2040,0,3,0,0,0,LEADER,1,0,0,0,0,2
5641,26,adaptive-prasle,1960,1,0,0,2,0,28,0,1,26,3681,1960,0,3,0,0,0,LEADER,1,0,0,0,0,2
5272,42,adaptive-prasle,1591,1,0,0,2,0,28,0,1,42,3681,1591,0,3,0,0,0,LEADER,1,0,0,0,0,2
5279,31,adaptive-prasle,1598,1,0,0,2,0,28,0,1,31,3681,1598,0,3,0,0,0,LEADER,1,0,0,0,0,2
6036,94,adaptive-prasle,2355,1,0,0,2,0,28,0,1,94,3681,2355,0,3,0,0,0,LEADER,1,0,0,0,0,2
5606,45,adaptive-prasle,1925,1,0,0,2,0,28,0,1,45,3681,1925,0,3,0,0,0,LEADER,1,0,0,0,0,2
5979,60,adaptive-prasle,2298,1,0,0,2,0,28,0,1,60,3681,2298,0,3,0,0,0,LEADER,1,0,0,0,0,2
6084,44,adaptive-prasle,1483,1,0,0,2,0,28,0,1,44,4601,1483,0,3,0,0,0,LEADER,1,0,0,0,0,2
5688,33,adaptive-prasle,2007,1,0,0,2,0,28,0,1,33,3681,2007,0,3,0,0,0,LEADER,1,0,0,0,0,2
5333,51,adaptive-prasle,1652,1,0,0,2,0,28,0,1,51,3681,1652,0,3,0,0,0,LEADER,1,0,0,0,0,2
6132,22,adaptive-prasle,1531,1,0,0,2,0,28,0,1,22,4601,1531,0,3,0,0,0,LEADER,1,0,0,0,0,2
5843,72,adaptive-prasle,2162,1,0,0,2,0,28,0,1,72,3681,2162,0,3,0,0,0,LEADER,1,0,0,0,0,2
5633,24,adaptive-prasle,1952,1,0,0,2,0,28,0,1,24,3681,1952,0,3,0,0,0,LEADER,1,0,0,0,0,2
6165,32,adaptive-prasle,1564,1,0,0,2,0,28,0,1,32,4601,1564,0,3,0,0,0,LEADER,1,0,0,0,0,2
5352,93,adaptive-prasle,1671,1,0,0,2,0,28,0,1,93,3681,1671,0,3,0,0,0,LEADER,1,0,0,0,0,2
6024,69,adaptive-prasle,2343,1,0,0,2,0,28,0,1,69,3681,2343,0,3,0,0,0,LEADER,1,0,0,0,0,2
6012,79,adaptive-prasle,2331,1,0,0,2,0,28,0,1,79,3681,2331,0,3,0,0,0,LEADER,1,0,0,0,0,2
5706,75,adaptive-prasle,2025,1,0,0,2,0,28,0,1,75,3681,2025,0,3,0,0,0,LEADER,1,0,0,0,0,2
5433,81,adaptive-prasle,1752,1,0,0,2,0,28,0,1,81,3681,1752,0,3,0,0,0,LEADER,1,0,0,0,0,2
5291,52,adaptive-prasle,1610,1,0,0,2,0,28,0,1,52,3681,1610,0,3,0,0,0,LEADER,1,0,0,0,0,2
5799,16,adaptive-prasle,1805,1,0,0,3,3,42,42,1,2,3994,1805,0,2,0,0,0,NORMAL,0,0,0,0,0,3
5769,21,adaptive-prasle,2088,1,0,0,2,0,28,0,1,21,3681,2088,0,3,0,0,0,LEADER,1,0,0,0,0,2
5946,29,adaptive-prasle,2265,1,0,0,2,0,28,0,1,29,3681,2265,0,3,0,0,0,LEADER,1,0,0,0,0,2
5522,100,adaptive-prasle,1841,1,0,0,2,0,28,0,1,100,3681,1841,0,3,0,0,0,LEADER,1,0,0,0,0,2
5367,61,adaptive-prasle,1686,1,0,0,2,0,28,0,1,61,3681,1686,0,3,0,0,0,LEADER,1,0,0,0,0,2
5931,91,adaptive-prasle,2250,1,0,0,2,0,28,0,1,91,3681,2250,0,3,0,0,0,LEADER,1,0,0,0,0,2
5891,37,adaptive-prasle,2210,1,0,0,2,0,28,0,1,37,3681,2210,0,3,0,0,0,LEADER,1,0,0,0,0,2
5436,38,adaptive-prasle,1755,1,0,0,2,0,28,0,1,38,3681,1755,0,3,0,0,0,LEADER,1,0,0,0,0,2
6100,98,adaptive-prasle,2419,1,0,0,2,0,28,0,1,98,3681,2419,0,3,0,0,0,LEADER,1,0,0,0,0,2
5809,62,adaptive-prasle,2128,1,0,0,2,0,28,0,1,62,3681,2128,0,3,0,0,0,LEADER,1,0,0,0,0,2
5961,27,adaptive-prasle,2280,1,0,0,2,0,28,0,1,27,3681,2280,0,3,0,0,0,LEADER,1,0,0,0,0,2
5618,56,adaptive-prasle,1937,1,0,0,2,0,28,0,1,56,3681,1937,0,3,0,0,0,LEADER,1,0,0,0,0,2
6009,99,adaptive-prasle,2328,1,0,0,2,0,28,0,1,99,3681,2328,0,3,0,0,0,LEADER,1,0,0,0,0,2
5883,48,adaptive-prasle,2202,1,0,0,2,0,28,0,1,48,3681,2202,0,3,0,0,0,LEADER,1,0,0,0,0,2
5784,4,adaptive-prasle,2030,1,0,0,4,6,56,84,2,3,3754,2030,0,3,0,0,0,NORMAL,0,0,0,0,0,4
5400,71,adaptive-prasle,1719,1,0,0,2,0,28,0,1,71,3681,1719,0,3,0,0,0,LEADER,1,0,0,0,0,2
5625,87,adaptive-prasle,1944,1,0,0,2,0,28,0,1,87,3681,1944,0,3,0,0,0,LEADER,1,0,0,0,0,2
5551,36,adaptive-prasle,1870,1,0,0,2,0,28,0,1,36,3681,1870,0,3,0,0,0,LEADER,1,0,0,0,0,2
6047,77,adaptive-prasle,1446,1,0,0,2,0,28,0,1,77,4601,1446,0,3,0,0,0,LEADER,1,0,0,0,0,2
6238,83,adaptive-prasle,1637,1,0,0,2,0,28,0,1,83,4601,1637,0,3,0,0,0,LEADER,1,0,0,0,0,2
5740,85,adaptive-prasle,2059,1,0,0,2,0,28,0,1,85,3681,2059,0,3,0,0,0,LEADER,1,0,0,0,0,2
6268,19,adaptive-prasle,1667,1,0,0,2,0,28,0,1,19,4601,1667,0,3,0,0,0,LEADER,1,0,0,0,0,2
6423,65,adaptive-prasle,1822,1,0,0,2,0,28,0,1,65,4601,1822,0,3,0,0,0,LEADER,1,0,0,0,0,2
6029,35,adaptive-prasle,1428,1,0,0,2,0,28,0,1,35,4601,1428,0,3,0,0,0,LEADER,1,0,0,0,0,2
6044,86,adaptive-prasle,1443,1,0,0,2,0,28,0,1,86,4601,1443,0,3,0,0,0,LEADER,1,0,0,0,0,2
6087,50,adaptive-prasle,2406,1,0,0,2,0,28,0,1,50,3681,2406,0,3,0,0,0,LEADER,1,0,0,0,0,2
6102,55,adaptive-prasle,1501,1,0,0,2,0,28,0,1,55,4601,1501,0,3,0,0,0,LEADER,1,0,0,0,0,2
6141,63,adaptive-prasle,1540,1,0,0,2,0,28,0,1,63,4601,1540,0,3,0,0,0,LEADER,1,0,0,0,0,2
6505,46,adaptive-prasle,1904,1,0,0,2,0,28,0,1,46,4601,1904,0,3,0,0,0,LEADER,1,0,0,0,0,2
6302,53,adaptive-prasle,1701,1,0,0,2,0,28,0,1,53,4601,1701,0,3,0,0,0,LEADER,1,0,0,0,0,2
5655,23,adaptive-prasle,1974,1,0,0,2,0,28,0,1,23,3681,1974,0,3,0,0,0,LEADER,1,0,0,0,0,2
6523,88,adaptive-prasle,1922,1,0,0,2,0,28,0,1,88,4601,1922,0,3,0,0,0,LEADER,1,0,0,0,0,2
6050,34,adaptive-prasle,1449,1,0,0,2,0,28,0,1,34,4601,1449,0,3,0,0,0,LEADER,1,0,0,0,0,2
5658,97,adaptive-prasle,1977,1,0,0,2,0,28,0,1,97,3681,1977,0,3,0,0,0,LEADER,1,0,0,0,0,2
6362,6,adaptive-prasle,1797,1,0,0,3,6,42,84,1,2,4565,1797,0,2,0,0,0,NORMAL,0,0,0,0,0,3
5776,20,adaptive-prasle,2095,1,0,0,2,0,28,0,1,20,3681,2095,0,3,0,0,0,LEADER,1,0,0,0,0,2
5858,40,adaptive-prasle,2177,1,0,0,2,0,28,0,1,40,3681,2177,0,3,0,0,0,LEADER,1,0,0,0,0,2
5781,47,adaptive-prasle,2100,1,0,0,2,0,28,0,1,47,3681,2100,0,3,0,0,0,LEADER,1,0,0,0,0,2
6693,95,adaptive-prasle,2092,1,0,0,2,0,28,0,1,95,4601,2092,0,3,0,0,0,LEADER,1,0,0,0,0,2
6076,25,adaptive-prasle,2395,1,0,0,2,0,28,0,1,25,3681,2395,0,3,0,0,0,LEADER,1,0,0,0,0,2
6681,84,adaptive-prasle,2080,1,0,0,2,0,28,0,1,84,4601,2080,0,3,0,0,0,LEADER,1,0,0,0,0,2
5958,70,adaptive-prasle,2277,1,0,0,2,0,28,0,1,70,3681,2277,0,3,0,0,0,LEADER,1,0,0,0,0,2
5876,82,adaptive-prasle,2195,1,0,0,2,0,28,0,1,82,3681,2195,0,3,0,0,0,LEADER,1,0,0,0,0,2
6656,11,adaptive-prasle,2055,1,0,0,2,1,28,14,2,11,4601,2055,0,3,0,0,0,LEADER,1,0,0,0,0,2
6094,67,adaptive-prasle,2413,1,0,0,2,0,28,0,1,67,3681,2413,0,3,0,0,0,LEADER,1,0,0,0,0,2
6046,89,adaptive-prasle,2365,1,0,0,2,0,28,0,1,89,3681,2365,0,3,0,0,0,LEADER,1,0,0,0,0,2
6714,28,adaptive-prasle,2113,1,0,0,2,0,28,0,1,28,4601,2113,0,3,0,0,0,LEADER,1,0,0,0,0,2
6456,68,adaptive-prasle,1855,1,0,0,2,0,28,0,1,68,4601,1855,0,3,0,0,0,LEADER,1,0,0,0,0,2
6408,90,adaptive-prasle,1807,1,0,0,2,0,28,0,1,90,4601,1807,0,3,0,0,0,LEADER,1,0,0,0,0,2
6069,76,adaptive-prasle,1468,1,0,0,2,0,28,0,1,76,4601,1468,0,3,0,0,0,LEADER,1,0,0,0,0,2
6822,58,adaptive-prasle,2221,1,0,0,2,0,28,0,1,58,4601,2221,0,3,0,0,0,LEADER,1,0,0,0,0,2
6390,10,adaptive-prasle,1789,1,0,0,2,0,28,0,1,10,4601,1789,0,3,0,0,0,LEADER,1,0,0,0,0,2
6205,73,adaptive-prasle,1604,1,0,0,2,0,28,0,1,73,4601,1604,0,3,0,0,0,LEADER,1,0,0,0,0,2
5946,59,adaptive-prasle,2265,1,0,0,2,0,28,0,1,59,3681,2265,0,3,0,0,0,LEADER,1,0,0,0,0,2
6220,41,adaptive-prasle,1619,1,0,0,2,0,28,0,1,41,4601,1619,0,3,0,0,0,LEADER,1,0,0,0,0,2
6135,96,adaptive-prasle,1534,1,0,0,2,0,28,0,1,96,4601,1534,0,3,0,0,0,LEADER,1,0,0,0,0,2
6368,49,adaptive-prasle,1767,1,0,0,2,0,28,0,1,49,4601,1767,0,3,0,0,0,LEADER,1,0,0,0,0,2
6438,74,adaptive-prasle,1837,1,0,0,2,0,28,0,1,74,4601,1837,0,3,0,0,0,LEADER,1,0,0,0,0,2
6829,92,adaptive-prasle,2228,1,0,0,2,0,28,0,1,92,4601,2228,0,3,0,0,0,LEADER,1,0,0,0,0,2
6035,66,adaptive-prasle,1434,1,0,0,2,0,28,0,1,66,4601,1434,0,3,0,0,0,LEADER,1,0,0,0,0,2
6658,2,adaptive-prasle,1819,1,0,0,2,4,28,56,1,1,4839,1819,0,2,0,0,0,NORMAL,0,0,0,0,0,2
6061,57,adaptive-prasle,2380,1,0,0,2,0,28,0,1,57,3681,2380,0,3,0,0,0,LEADER,1,0,0,0,0,2
6861,78,adaptive-prasle,2260,1,0,0,2,0,28,0,1,78,4601,2260,0,3,0,0,0,LEADER,1,0,0,0,0,2
6027,39,adaptive-prasle,2346,1,0,0,2,0,28,0,1,39,3681,2346,0,3,0,0,0,LEADER,1,0,0,0,0,2
6744,30,adaptive-prasle,2143,1,0,0,2,0,28,0,1,30,4601,2143,0,3,0,0,0,LEADER,1,0,0,0,0,2
6150,64,adaptive-prasle,1549,1,0,0,2,0,28,0,1,64,4601,1549,0,3,0,0,0,LEADER,1,0,0,0,0,2
6375,80,adaptive-prasle,1774,1,0,0,2,0,28,0,1,80,4601,1774,0,3,0,0,0,LEADER,1,0,0,0,0,2
6117,54,adaptive-prasle,1516,1,0,0,2,0,28,0,1,54,4601,1516,0,3,0,0,0,LEADER,1,0,0,0,0,2
6641,43,adaptive-prasle,2040,1,0,0,2,0,28,0,1,43,4601,2040,0,3,0,0,0,LEADER,1,0,0,0,0,2
6561,26,adaptive-prasle,1960,1,0,0,2,0,28,0,1,26,4601,1960,0,3,0,0,0,LEADER,1,0,0,0,0,2
6192,42,adaptive-prasle,1591,1,0,0,2,0,28,0,1,42,4601,1591,0,3,0,0,0,LEADER,1,0,0,0,0,2
6199,31,adaptive-prasle,1598,1,0,0,2,0,28,0,1,31,4601,1598,0,3,0,0,0,LEADER,1,0,0,0,0,2
6956,94,adaptive-prasle,2355,1,0,0,2,0,28,0,1,94,4601,2355,0,3,0,0,0,LEADER,1,0,0,0,0,2
6526,45,adaptive-prasle,1925,1,0,0,2,0,28,0,1,45,4601,1925,0,3,0,0,0,LEADER,1,0,0,0,0,2
6899,60,adaptive-prasle,2298,1,0,0,2,0,28,0,1,60,4601,2298,0,3,0,0,0,LEADER,1,0,0,0,0,2
7005,44,adaptive-prasle,1483,1,0,0,3,0,42,0,1,44,5522,1483,0,4,0,0,0,LEADER,1,0,0,0,0,3
6608,33,adaptive-prasle,2007,1,0,0,2,0,28,0,1,33,4601,2007,0,3,0,0,0,LEADER,1,0,0,0,0,2
6253,51,adaptive-prasle,1652,1,0,0,2,0,28,0,1,51,4601,1652,0,3,0,0,0,LEADER,1,0,0,0,0,2
6763,72,adaptive-prasle,2162,1,0,0,2,0,28,0,1,72,4601,2162,0,3,0,0,0,LEADER,1,0,0,0,0,2
7053,22,adaptive-prasle,1531,1,0,0,3,0,42,0,1,22,5522,1531,0,4,0,0,0,LEADER,1,0,0,0,0,3
6553,24,adaptive-prasle,1952,1,0,0,2,0,28,0,1,24,4601,1952,0,3,0,0,0,LEADER,1,0,0,0,0,2
7086,32,adaptive-prasle,1564,1,0,0,3,0,42,0,1,32,5522,1564,0,4,0,0,0,LEADER,1,0,0,0,0,3
6272,93,adaptive-prasle,1671,1,0,0,2,0,28,0,1,93,4601,1671,0,3,0,0,0,LEADER,1,0,0,0,0,2
6944,69,adaptive-prasle,2343,1,0,0,2,0,28,0,1,69,4601,2343,0,3,0,0,0,LEADER,1,0,0,0,0,2
6932,79,adaptive-prasle,2331,1,0,0,2,0,28,0,1,79,4601,2331,0,3,0,0,0,LEADER,1,0,0,0,0,2
6626,75,adaptive-prasle,2025,1,0,0,2,0,28,0,1,75,4601,2025,0,3,0,0,0,LEADER,1,0,0,0,0,2
6353,81,adaptive-prasle,1752,1,0,0,2,0,28,0,1,81,4601,1752,0,3,0,0,0,LEADER,1,0,0,0,0,2
6211,52,adaptive-prasle,1610,1,0,0,2,0,28,0,1,52,4601,1610,0,3,0,0,0,LEADER,1,0,0,0,0,2
6689,21,adaptive-prasle,2088,1,0,0,2,0,28,0,1,21,4601,2088,0,3,0,0,0,LEADER,1,0,0,0,0,2
6866,29,adaptive-prasle,2265,1,0,0,2,0,28,0,1,29,4601,2265,0,3,0,0,0,LEADER,1,0,0,0,0,2
6442,100,adaptive-prasle,1841,1,0,0,2,0,28,0,1,100,4601,1841,0,3,0,0,0,LEADER,1,0,0,0,0,2
6287,61,adaptive-prasle,1686,1,0,0,2,0,28,0,1,61,4601,1686,0,3,0,0,0,LEADER,1,0,0,0,0,2
6851,91,adaptive-prasle,2250,1,0,0,2,0,28,0,1,91,4601,2250,0,3,0,0,0,LEADER,1,0,0,0,0,2
6811,37,adaptive-prasle,2210,1,0,0,2,0,28,0,1,37,4601,2210,0,3,0,0,0,LEADER,1,0,0,0,0,2
6356,38,adaptive-prasle,1755,1,0,0,2,0,28,0,1,38,4601,1755,0,3,0,0,0,LEADER,1,0,0,0,0,2
7020,98,adaptive-prasle,2419,1,0,0,2,0,28,0,1,98,4601,2419,0,3,0,0,0,LEADER,1,0,0,0,0,2
6729,62,adaptive-prasle,2128,1,0,0,2,0,28,0,1,62,4601,2128,0,3,0,0,0,LEADER,1,0,0,0,0,2
6881,27,adaptive-prasle,2280,1,0,0,2,0,28,0,1,27,4601,2280,0,3,0,0,0,LEADER,1,0,0,0,0,2
6538,56,adaptive-prasle,1937,1,0,0,2,0,28,0,1,56,4601,1937,0,3,0,0,0,LEADER,1,0,0,0,0,2
6929,99,adaptive-prasle,2328,1,0,0,2,0,28,0,1,99,4601,2328,0,3,0,0,0,LEADER,1,0,0,0,0,2
6803,48,adaptive-prasle,2202,1,0,0,2,0,28,0,1,48,4601,2202,0,3,0,0,0,LEADER,1,0,0,0,0,2
6320,71,adaptive-prasle,1719,1,0,0,2,0,28,0,1,71,4601,1719,0,3,0,0,0,LEADER,1,0,0,0,0,2
6545,87,adaptive-prasle,1944,1,0,0,2,0,28,0,1,87,4601,1944,0,3,0,0,0,LEADER,1,0,0,0,0,2
6471,36,adaptive-prasle,1870,1,0,0,2,0,28,0,1,36,4601,1870,0,3,0,0,0,LEADER,1,0,0,0,0,2
6968,77,adaptive-prasle,1446,1,0,0,3,0,42,0,1,77,5522,1446,0,4,0,0,0,LEADER,1,0,0,0,0,3
7159,83,adaptive-prasle,1637,1,0,0,3,0,42,0,1,83,5522,1637,0,4,0,0,0,LEADER,1,0,0,0,0,3
7014,5,adaptive-prasle,2338,1,0,0,4,7,56,98,2,3,4676,2338,0,3,0,0,0,NORMAL,0,0,0,0,0,4
6660,85,adaptive-prasle,2059,1,0,0,2,0,28,0,1,85,4601,2059,0,3,0,0,0,LEADER,1,0,0,0,0,2
7189,19,adaptive-prasle,1667,1,0,0,3,0,42,0,1,19,5522,1667,0,4,0,0,0,LEADER,1,0,0,0,0,3
7344,65,adaptive-prasle,1822,1,0,0,3,0,42,0,1,65,5522,1822,0,4,0,0,0,LEADER,1,0,0,0,0,3
6950,35,adaptive-prasle,1428,1,0,0,3,0,42,0,1,35,5522,1428,0,4,0,0,0,LEADER,1,0,0,0,0,3
6562,3,adaptive-prasle,1603,1,0,0,3,6,42,84,2,3,4959,1603,0,3,0,0,0,LEADER,1,0,0,0,0,3
6965,86,adaptive-prasle,1443,1,0,0,3,0,42,0,1,86,5522,1443,0,4,0,0,0,LEADER,1,0,0,0,0,3
7007,50,adaptive-prasle,2406,1,0,0,2,0,28,0,1,50,4601,2406,0,3,0,0,0,LEADER,1,0,0,0,0,2
7023,55,adaptive-prasle,1501,1,0,0,3,0,42,0,1,55,5522,1501,0,4,0,0,0,LEADER,1,0,0,0,0,3
7062,63,adaptive-prasle,1540,1,0,0,3,0,42,0,1,63,5522,1540,0,4,0,0,0,LEADER,1,0,0,0,0,3
7426,46,adaptive-prasle,1904,1,0,0,3,0,42,0,1,46,5522,1904,0,4,0,0,0,LEADER,1,0,0,0,0,3
7223,53,adaptive-prasle,1701,1,0,0,3,0,42,0,1,53,5522,1701,0,4,0,0,0,LEADER,1,0,0,0,0,3
6575,23,adaptive-prasle,1974,1,0,0,2,0,28,0,1,23,4601,1974,0,3,0,0,0,LEADER,1,0,0,0,0,2
7444,88,adaptive-prasle,1922,1,0,0,3,0,42,0,1,88,5522,1922,0,4,0,0,0,LEADER,1,0,0,0,0,3
6971,34,adaptive-prasle,1449,1,0,0,3,0,42,0,1,34,5522,1449,0,4,0,0,0,LEADER,1,0,0,0,0,3
6578,97,adaptive-prasle,1977,1,0,0,2,0,28,0,1,97,4601,1977,0,3,0,0,0,LEADER,1,0,0,0,0,2
6696,20,adaptive-prasle,2095,1,0,0,2,0,28,0,1,20,4601,2095,0,3,0,0,0,LEADER,1,0,0,0,0,2
6778,40,adaptive-prasle,2177,1,0,0,2,0,28,0,1,40,4601,2177,0,3,0,0,0,LEADER,1,0,0,0,0,2
6701,47,adaptive-prasle,2100,1,0,0,2,0,28,0,1,47,4601,2100,0,3,0,0,0,LEADER,1,0,0,0,0,2
7614,95,adaptive-prasle,2092,1,0,0,3,0,42,0,1,95,5522,2092,0,4,0,0,0,LEADER,1,0,0,0,0,3
6996,25,adaptive-prasle,2395,1,0,0,2,0,28,0,1,25,4601,2395,0,3,0,0,0,LEADER,1,0,0,0,0,2
7602,84,adaptive-prasle,2080,1,0,0,3,0,42,0,1,84,5522,2080,0,4,0,0,0,LEADER,1,0,0,0,0,3
6878,70,adaptive-prasle,2277,1,0,0,2,0,28,0,1,70,4601,2277,0,3,0,0,0,LEADER,1,0,0,0,0,2
6796,82,adaptive-prasle,2195,1,0,0,2,0,28,0,1,82,4601,2195,0,3,0,0,0,LEADER,1,0,0,0,0,2
7577,11,adaptive-prasle,2055,1,0,0,3,1,42,14,2,11,5522,2055,0,4,0,0,0,LEADER,1,0,0,0,0,3
7014,67,adaptive-prasle,2413,1,0,0,2,0,28,0,1,67,4601,2413,0,3,0,0,0,LEADER,1,0,0,0,0,2
6966,89,adaptive-prasle,2365,1,0,0,2,0,28,0,1,89,4601,2365,0,3,0,0,0,LEADER,1,0,0,0,0,2
7635,28,adaptive-prasle,2113,1,0,0,3,0,42,0,1,28,5522,2113,0,4,0,0,0,LEADER,1,0,0,0,0,3
7377,68,adaptive-prasle,1855,1,0,0,3,0,42,0,1,68,5522,1855,0,4,0,0,0,LEADER,1,0,0,0,0,3
7329,90,adaptive-prasle,1807,1,0,0,3,0,42,0,1,90,5522,1807,0,4,0,0,0,LEADER,1,0,0,0,0,3
6990,76,adaptive-prasle,1468,1,0,0,3,0,42,0,1,76,5522,1468,0,4,0,0,0,LEADER,1,0,0,0,0,3
7311,10,adaptive-prasle,1789,1,0,0,3,0,42,0,1,10,5522,1789,0,4,0,0,0,LEADER,1,0,0,0,0,3
7743,58,adaptive-prasle,2221,1,0,0,3,0,42,0,1,58,5522,2221,0,4,0,0,0,LEADER,1,0,0,0,0,3
7126,73,adaptive-prasle,1604,1,0,0,3,0,42,0,1,73,5522,1604,0,4,0,0,0,LEADER,1,0,0,0,0,3
6866,59,adaptive-prasle,2265,1,0,0,2,0,28,0,1,59,4601,2265,0,3,0,0,0,LEADER,1,0,0,0,0,2
7141,41,adaptive-prasle,1619,1,0,0,3,0,42,0,1,41,5522,1619,0,4,0,0,0,LEADER,1,0,0,0,0,3
7056,96,adaptive-prasle,1534,1,0,0,3,0,42,0,1,96,5522,1534,0,4,0,0,0,LEADER,1,0,0,0,0,3
7289,49,adaptive-prasle,1767,1,0,0,3,0,42,0,1,49,5522,1767,0,4,0,0,0,LEADER,1,0,0,0,0,3
7359,74,adaptive-prasle,1837,1,0,0,3,0,42,0,1,74,5522,1837,0,4,0,0,0,LEADER,1,0,0,0,0,3
7750,92,adaptive-prasle,2228,1,0,0,3,0,42,0,1,92,5522,2228,0,4,0,0,0,LEADER,1,0,0,0,0,3
6956,66,adaptive-prasle,1434,1,0,0,3,0,42,0,1,66,5522,1434,0,4,0,0,0,LEADER,1,0,0,0,0,3
7767,1,adaptive-prasle,2022,1,0,0,1,3,14,42,1,1,5745,2022,0,2,0,0,0,LEADER,1,0,0,0,0,1
6981,57,adaptive-prasle,2380,1,0,0,2,0,28,0,1,57,4601,2380,0,3,0,0,0,LEADER,1,0,0,0,0,2
7782,78,adaptive-prasle,2260,1,0,0,3,0,42,0,1,78,5522,2260,0,4,0,0,0,LEADER,1,0,0,0,0,3
6947,39,adaptive-prasle,2346,1,0,0,2,0,28,0,1,39,4601,2346,0,3,0,0,0,LEADER,1,0,0,0,0,2
7665,30,adaptive-prasle,2143,1,0,0,3,0,42,0,1,30,5522,2143,0,4,0,0,0,LEADER,1,0,0,0,0,3
7071,64,adaptive-prasle,1549,1,0,0,3,0,42,0,1,64,5522,1549,0,4,0,0,0,LEADER,1,0,0,0,0,3
7296,80,adaptive-prasle,1774,1,0,0,3,0,42,0,1,80,5522,1774,0,4,0,0,0,LEADER,1,0,0,0,0,3
7038,54,adaptive-prasle,1516,1,0,0,3,0,42,0,1,54,5522,1516,0,4,0,0,0,LEADER,1,0,0,0,0,3
7562,43,adaptive-prasle,2040,1,0,0,3,0,42,0,1,43,5522,2040,0,4,0,0,0,LEADER,1,0,0,0,0,3
7482,26,adaptive-prasle,1960,1,0,0,3,0,42,0,1,26,5522,1960,0,4,0,0,0,LEADER,1,0,0,0,0,3
7113,42,adaptive-prasle,1591,1,0,0,3,0,42,0,1,42,5522,1591,0,4,0,0,0,LEADER,1,0,0,0,0,3
7120,31,adaptive-prasle,1598,1,0,0,3,0,42,0,1,31,5522,1598,0,4,0,0,0,LEADER,1,0,0,0,0,3
7877,94,adaptive-prasle,2355,1,0,0,3,0,42,0,1,94,5522,2355,0,4,0,0,0,LEADER,1,0,0,0,0,3
7447,45,adaptive-prasle,1925,1,0,0,3,0,42,0,1,45,5522,1925,0,4,0,0,0,LEADER,1,0,0,0,0,3
7820,60,adaptive-prasle,2298,1,0,0,3,0,42,0,1,60,5522,2298,0,4,0,0,0,LEADER,1,0,0,0,0,3
7925,44,adaptive-prasle,1483,1,0,0,3,0,42,0,1,44,6442,1483,0,4,0,0,0,LEADER,1,0,0,0,0,3
7529,33,adaptive-prasle,2007,1,0,0,3,0,42,0,1,33,5522,2007,0,4,0,0,0,LEADER,1,0,0,0,0,3
7174,51,adaptive-prasle,1652,1,0,0,3,0,42,0,1,51,5522,1652,0,4,0,0,0,LEADER,1,0,0,0,0,3
7973,22,adaptive-prasle,1531,1,0,0,3,0,42,0,1,22,6442,1531,0,4,0,0,0,LEADER,1,0,0,0,0,3
7684,72,adaptive-prasle,2162,1,0,0,3,0,42,0,1,72,5522,2162,0,4,0,0,0,LEADER,1,0,0,0,0,3
7474,24,adaptive-prasle,1952,1,0,0,3,0,42,0,1,24,5522,1952,0,4,0,0,0,LEADER,1,0,0,0,0,3
8006,32,adaptive-prasle,1564,1,0,0,3,0,42,0,1,32,6442,1564,0,4,0,0,0,LEADER,1,0,0,0,0,3
7193,93,adaptive-prasle,1671,1,0,0,3,0,42,0,1,93,5522,1671,0,4,0,0,0,LEADER,1,0,0,0,0,3
7865,69,adaptive-prasle,2343,1,0,0,3,0,42,0,1,69,5522,2343,0,4,0,0,0,LEADER,1,0,0,0,0,3
7853,79,adaptive-prasle,2331,1,0,0,3,0,42,0,1,79,5522,2331,0,4,0,0,0,LEADER,1,0,0,0,0,3
7547,75,adaptive-prasle,2025,1,0,0,3,0,42,0,1,75,5522,2025,0,4,0,0,0,LEADER,1,0,0,0,0,3
7274,81,adaptive-prasle,1752,1,0,0,3,0,42,0,1,81,5522,1752,0,4,0,0,0,LEADER,1,0,0,0,0,3
7132,52,adaptive-prasle,1610,1,0,0,3,0,42,0,1,52,5522,1610,0,4,0,0,0,LEADER,1,0,0,0,0,3
7997,12,adaptive-prasle,1578,1,0,0,3,3,42,42,1,2,6419,1578,0,2,0,0,0,NORMAL,0,0,0,0,0,3
7610,21,adaptive-prasle,2088,1,0,0,3,0,42,0,1,21,5522,2088,0,4,0,0,0,LEADER,1,0,0,0,0,3
7787,29,adaptive-prasle,2265,1,0,0,3,0,42,0,1,29,5522,2265,0,4,0,0,0,LEADER,1,0,0,0,0,3
7363,100,adaptive-prasle,1841,1,0,0,3,0,42,0,1,100,5522,1841,0,4,0,0,0,LEADER,1,0,0,0,0,3
7208,61,adaptive-prasle,1686,1,0,0,3,0,42,0,1,61,5522,1686,0,4,0,0,0,LEADER,1,0,0,0,0,3
7772,91,adaptive-prasle,2250,1,0,0,3,0,42,0,1,91,5522,2250,0,4,0,0,0,LEADER,1,0,0,0,0,3
7732,37,adaptive-prasle,2210,1,0,0,3,0,42,0,1,37,5522,2210,0,4,0,0,0,LEADER,1,0,0,0,0,3
7277,38,adaptive-prasle,1755,1,0,0,3,0,42,0,1,38,5522,1755,0,4,0,0,0,LEADER,1,0,0,0,0,3
7941,98,adaptive-prasle,2419,1,0,0,3,0,42,0,1,98,5522,2419,0,4,0,0,0,LEADER,1,0,0,0,0,3
7650,62,adaptive-prasle,2128,1,0,0,3,0,42,0,1,62,5522,2128,0,4,0,0,0,LEADER,1,0,0,0,0,3
7802,27,adaptive-prasle,2280,1,0,0,3,0,42,0,1,27,5522,2280,0,4,0,0,0,LEADER,1,0,0,0,0,3
7459,56,adaptive-prasle,1937,1,0,0,3,0,42,0,1,56,5522,1937,0,4,0,0,0,LEADER,1,0,0,0,0,3
7850,99,adaptive-prasle,2328,1,0,0,3,0,42,0,1,99,5522,2328,0,4,0,0,0,LEADER,1,0,0,0,0,3
7724,48,adaptive-prasle,2202,1,0,0,3,0,42,0,1,48,5522,2202,0,4,0,0,0,LEADER,1,0,0,0,0,3
7241,71,adaptive-prasle,1719,1,0,0,3,0,42,0,1,71,5522,1719,0,4,0,0,0,LEADER,1,0,0,0,0,3
7466,87,adaptive-prasle,1944,1,0,0,3,0,42,0,1,87,5522,1944,0,4,0,0,0,LEADER,1,0,0,0,0,3
7392,36,adaptive-prasle,1870,1,0,0,3,0,42,0,1,36,5522,1870,0,4,0,0,0,LEADER,1,0,0,0,0,3
7888,77,adaptive-prasle,1446,1,0,0,3,0,42,0,1,77,6442,1446,0,4,0,0,0,LEADER,1,0,0,0,0,3
8079,83,adaptive-prasle,1637,1,0,0,3,0,42,0,1,83,6442,1637,0,4,0,0,0,LEADER,1,0,0,0,0,3
7581,85,adaptive-prasle,2059,1,0,0,3,0,42,0,1,85,5522,2059,0,4,0,0,0,LEADER,1,0,0,0,0,3
8109,19,adaptive-prasle,1667,1,0,0,3,0,42,0,1,19,6442,1667,0,4,0,0,0,LEADER,1,0,0,0,0,3
8264,65,adaptive-prasle,1822,1,0,0,3,0,42,0,1,65,6442,1822,0,4,0,0,0,LEADER,1,0,0,0,0,3
7870,35,adaptive-prasle,1428,1,0,0,3,0,42,0,1,35,6442,1428,0,4,0,0,0,LEADER,1,0,0,0,0,3
7885,86,adaptive-prasle,1443,1,0,0,3,0,42,0,1,86,6442,1443,0,4,0,0,0,LEADER,1,0,0,0,0,3
7928,50,adaptive-prasle,2406,1,0,0,3,0,42,0,1,50,5522,2406,0,4,0,0,0,LEADER,1,0,0,0,0,3
7943,55,adaptive-prasle,1501,1,0,0,3,0,42,0,1,55,6442,1501,0,4,0,0,0,LEADER,1,0,0,0,0,3
7982,63,adaptive-prasle,1540,1,0,0,3,0,42,0,1,63,6442,1540,0,4,0,0,0,LEADER,1,0,0,0,0,3
8346,46,adaptive-prasle,1904,1,0,0,3,0,42,0,1,46,6442,1904,0,4,0,0,0,LEADER,1,0,0,0,0,3
8143,53,adaptive-prasle,1701,1,0,0,3,0,42,0,1,53,6442,1701,0,4,0,0,0,LEADER,1,0,0,0,0,3
7496,23,adaptive-prasle,1974,1,0,0,3,0,42,0,1,23,5522,1974,0,4,0,0,0,LEADER,1,0,0,0,0,3
8364,88,adaptive-prasle,1922,1,0,0,3,0,42,0,1,88,6442,1922,0,4,0,0,0,LEADER,1,0,0,0,0,3
7891,34,adaptive-prasle,1449,1,0,0,3,0,42,0,1,34,6442,1449,0,4,0,0,0,LEADER,1,0,0,0,0,3
7499,97,adaptive-prasle,1977,1,0,0,3,0,42,0,1,97,5522,1977,0,4,0,0,0,LEADER,1,0,0,0,0,3
7617,20,adaptive-prasle,2095,1,0,0,3,0,42,0,1,20,5522,2095,0,4,0,0,0,LEADER,1,0,0,0,0,3
7699,40,adaptive-prasle,2177,1,0,0,3,0,42,0,1,40,5522,2177,0,4,0,0,0,LEADER,1,0,0,0,0,3
7622,47,adaptive-prasle,2100,1,0,0,3,0,42,0,1,47,5522,2100,0,4,0,0,0,LEADER,1,0,0,0,0,3
8534,95,adaptive-prasle,2092,1,0,0,3,0,42,0,1,95,6442,2092,0,4,0,0,0,LEADER,1,0,0,0,0,3
7917,25,adaptive-prasle,2395,1,0,0,3,0,42,0,1,25,5522,2395,0,4,0,0,0,LEADER,1,0,0,0,0,3
8522,84,adaptive-prasle,2080,1,0,0,3,0,42,0,1,84,6442,2080,0,4,0,0,0,LEADER,1,0,0,0,0,3
7799,70,adaptive-prasle,2277,1,0,0,3,0,42,0,1,70,5522,2277,0,4,0,0,0,LEADER,1,0,0,0,0,3
7717,82,adaptive-prasle,2195,1,0,0,3,0,42,0,1,82,5522,2195,0,4,0,0,0,LEADER,1,0,0,0,0,3
8497,11,adaptive-prasle,2055,1,0,0,3,1,42,14,2,11,6442,2055,0,4,0,0,0,LEADER,1,0,0,0,0,3
7935,67,adaptive-prasle,2413,1,0,0,3,0,42,0,1,67,5522,2413,0,4,0,0,0,LEADER,1,0,0,0,0,3
7887,89,adaptive-prasle,2365,1,0,0,3,0,42,0,1,89,5522,2365,0,4,0,0,0,LEADER,1,0,0,0,0,3
8555,28,adaptive-prasle,2113,1,0,0,3,0,42,0,1,28,6442,2113,0,4,0,0,0,LEADER,1,0,0,0,0,3
8297,68,adaptive-prasle,1855,1,0,0,3,0,42,0,1,68,6442,1855,0,4,0,0,0,LEADER,1,0,0,0,0,3
8249,90,adaptive-prasle,1807,1,0,0,3,0,42,0,1,90,6442,1807,0,4,0,0,0,LEADER,1,0,0,0,0,3
7910,76,adaptive-prasle,1468,1,0,0,3,0,42,0,1,76,6442,1468,0,4,0,0,0,LEADER,1,0,0,0,0,3
8231,10,adaptive-prasle,1789,1,0,0,3,0,42,0,1,10,6442,1789,0,4,0,0,0,LEADER,1,0,0,0,0,3
8663,58,adaptive-prasle,2221,1,0,0,3,0,42,0,1,58,6442,2221,0,4,0,0,0,LEADER,1,0,0,0,0,3
8046,73,adaptive-prasle,1604,1,0,0,3,0,42,0,1,73,6442,1604,0,4,0,0,0,LEADER,1,0,0,0,0,3
7787,59,adaptive-prasle,2265,1,0,0,3,0,42,0,1,59,5522,2265,0,4,0,0,0,LEADER,1,0,0,0,0,3
8061,41,adaptive-prasle,1619,1,0,0,3,0,42,0,1,41,6442,1619,0,4,0,0,0,LEADER,1,0,0,0,0,3
7976,96,adaptive-prasle,1534,1,0,0,3,0,42,0,1,96,6442,1534,0,4,0,0,0,LEADER,1,0,0,0,0,3
8209,49,adaptive-prasle,1767,1,0,0,3,0,42,0,1,49,6442,1767,0,4,0,0,0,LEADER,1,0,0,0,0,3
8279,74,adaptive-prasle,1837,1,0,0,3,0,42,0,1,74,6442,1837,0,4,0,0,0,LEADER,1,0,0,0,0,3
8670,92,adaptive-prasle,2228,1,0,0,3,0,42,0,1,92,6442,2228,0,4,0,0,0,LEADER,1,0,0,0,0,3
7876,66,adaptive-prasle,1434,1,0,0,3,0,42,0,1,66,6442,1434,0,4,0,0,0,LEADER,1,0,0,0,0,3
7902,57,adaptive-prasle,2380,1,0,0,3,0,42,0,1,57,5522,2380,0,4,0,0,0,LEADER,1,0,0,0,0,3
8702,78,adaptive-prasle,2260,1,0,0,3,0,42,0,1,78,6442,2260,0,4,0,0,0,LEADER,1,0,0,0,0,3
7868,39,adaptive-prasle,2346,1,0,0,3,0,42,0,1,39,5522,2346,0,4,0,0,0,LEADER,1,0,0,0,0,3
8585,30,adaptive-prasle,2143,1,0,0,3,0,42,0,1,30,6442,2143,0,4,0,0,0,LEADER,1,0,0,0,0,3
7991,64,adaptive-prasle,1549,1,0,0,3,0,42,0,1,64,6442,1549,0,4,0,0,0,LEADER,1,0,0,0,0,3
8216,80,adaptive-prasle,1774,1,0,0,3,0,42,0,1,80,6442,1774,0,4,0,0,0,LEADER,1,0,0,0,0,3
7958,54,adaptive-prasle,1516,1,0,0,3,0,42,0,1,54,6442,1516,0,4,0,0,0,LEADER,1,0,0,0,0,3
8482,43,adaptive-prasle,2040,1,0,0,3,0,42,0,1,43,6442,2040,0,4,0,0,0,LEADER,1,0,0,0,0,3
8402,26,adaptive-prasle,1960,1,0,0,3,0,42,0,1,26,6442,1960,0,4,0,0,0,LEADER,1,0,0,0,0,3
8033,42,adaptive-prasle,1591,1,0,0,3,0,42,0,1,42,6442,1591,0,4,0,0,0,LEADER,1,0,0,0,0,3
8040,31,adaptive-prasle,1598,1,0,0,3,0,42,0,1,31,6442,1598,0,4,0,0,0,LEADER,1,0,0,0,0,3
8797,94,adaptive-prasle,2355,1,0,0,3,0,42,0,1,94,6442,2355,0,4,0,0,0,LEADER,1,0,0,0,0,3
8367,45,adaptive-prasle,1925,1,0,0,3,0,42,0,1,45,6442,1925,0,4,0,0,0,LEADER,1,0,0,0,0,3
8740,60,adaptive-prasle,2298,1,0,0,3,0,42,0,1,60,6442,2298,0,4,0,0,0,LEADER,1,0,0,0,0,3
8845,44,adaptive-prasle,1483,1,0,0,3,0,42,0,1,44,7362,1483,0,4,0,0,0,LEADER,1,0,0,0,0,3
8449,33,adaptive-prasle,2007,1,0,0,3,0,42,0,1,33,6442,2007,0,4,0,0,0,LEADER,1,0,0,0,0,3
8094,51,adaptive-prasle,1652,1,0,0,3,0,42,0,1,51,6442,1652,0,4,0,0,0,LEADER,1,0,0,0,0,3
8893,22,adaptive-prasle,1531,1,0,0,3,0,42,0,1,22,7362,1531,0,4,0,0,0,LEADER,1,0,0,0,0,3
8604,72,adaptive-prasle,2162,1,0,0,3,0,42,0,1,72,6442,2162,0,4,0,0,0,LEADER,1,0,0,0,0,3
8394,24,adaptive-prasle,1952,1,0,0,3,0,42,0,1,24,6442,1952,0,4,0,0,0,LEADER,1,0,0,0,0,3
8926,32,adaptive-prasle,1564,1,0,0,3,0,42,0,1,32,7362,1564,0,4,0,0,0,LEADER,1,0,0,0,0,3
8113,93,adaptive-prasle,1671,1,0,0,3,0,42,0,1,93,6442,1671,0,4,0,0,0,LEADER,1,0,0,0,0,3
8785,69,adaptive-prasle,2343,1,0,0,3,0,42,0,1,69,6442,2343,0,4,0,0,0,LEADER,1,0,0,0,0,3
8773,79,adaptive-prasle,2331,1,0,0,3,0,42,0,1,79,6442,2331,0,4,0,0,0,LEADER,1,0,0,0,0,3
8467,75,adaptive-prasle,2025,1,0,0,3,0,42,0,1,75,6442,2025,0,4,0,0,0,LEADER,1,0,0,0,0,3
8194,81,adaptive-prasle,1752,1,0,0,3,0,42,0,1,81,6442,1752,0,4,0,0,0,LEADER,1,0,0,0,0,3
8052,52,adaptive-prasle,1610,1,0,0,3,0,42,0,1,52,6442,1610,0,4,0,0,0,LEADER,1,0,0,0,0,3
8530,21,adaptive-prasle,2088,1,0,0,3,0,42,0,1,21,6442,2088,0,4,0,0,0,LEADER,1,0,0,0,0,3
8707,29,adaptive-prasle,2265,1,0,0,3,0,42,0,1,29,6442,2265,0,4,0,0,0,LEADER,1,0,0,0,0,3
8283,100,adaptive-prasle,1841,1,0,0,3,0,42,0,1,100,6442,1841,0,4,0,0,0,LEADER,1,0,0,0,0,3
8128,61,adaptive-prasle,1686,1,0,0,3,0,42,0,1,61,6442,1686,0,4,0,0,0,LEADER,1,0,0,0,0,3
8692,91,adaptive-prasle,2250,1,0,0,3,0,42,0,1,91,6442,2250,0,4,0,0,0,LEADER,1,0,0,0,0,3
8652,37,adaptive-prasle,2210,1,0,0,3,0,42,0,1,37,6442,2210,0,4,0,0,0,LEADER,1,0,0,0,0,3
8197,38,adaptive-prasle,1755,1,0,0,3,0,42,0,1,38,6442,1755,0,4,0,0,0,LEADER,1,0,0,0,0,3
8861,98,adaptive-prasle,2419,1,0,0,3,0,42,0,1,98,6442,2419,0,4,0,0,0,LEADER,1,0,0,0,0,3
8570,62,adaptive-prasle,2128,1,0,0,3,0,42,0,1,62,6442,2128,0,4,0,0,0,LEADER,1,0,0,0,0,3
8722,27,adaptive-prasle,2280,1,0,0,3,0,42,0,1,27,6442,2280,0,4,0,0,0,LEADER,1,0,0,0,0,3
8379,56,adaptive-prasle,1937,1,0,0,3,0,42,0,1,56,6442,1937,0,4,0,0,0,LEADER,1,0,0,0,0,3
8770,99,adaptive-prasle,2328,1,0,0,3,0,42,0,1,99,6442,2328,0,4,0,0,0,LEADER,1,0,0,0,0,3
8644,48,adaptive-prasle,2202,1,0,0,3,0,42,0,1,48,6442,2202,0,4,0,0,0,LEADER,1,0,0,0,0,3
8161,71,adaptive-prasle,1719,1,0,0,3,0,42,0,1,71,6442,1719,0,4,0,0,0,LEADER,1,0,0,0,0,3
8386,87,adaptive-prasle,1944,1,0,0,3,0,42,0,1,87,6442,1944,0,4,0,0,0,LEADER,1,0,0,0,0,3
8312,36,adaptive-prasle,1870,1,0,0,3,0,42,0,1,36,6442,1870,0,4,0,0,0,LEADER,1,0,0,0,0,3
8808,77,adaptive-prasle,1446,1,0,0,3,0,42,0,1,77,7362,1446,0,4,0,0,0,LEADER,1,0,0,0,0,3
8999,83,adaptive-prasle,1637,1,0,0,3,0,42,0,1,83,7362,1637,0,4,0,0,0,LEADER,1,0,0,0,0,3
8501,85,adaptive-prasle,2059,1,0,0,3,0,42,0,1,85,6442,2059,0,4,0,0,0,LEADER,1,0,0,0,0,3
9029,19,adaptive-prasle,1667,1,0,0,3,0,42,0,1,19,7362,1667,0,4,0,0,0,LEADER,1,0,0,0,0,3
9184,65,adaptive-prasle,1822,1,0,0,3,0,42,0,1,65,7362,1822,0,4,0,0,0,LEADER,1,0,0,0,0,3
8790,35,adaptive-prasle,1428,1,0,0,3,0,42,0,1,35,7362,1428,0,4,0,0,0,LEADER,1,0,0,0,0,3
8805,86,adaptive-prasle,1443,1,0,0,3,0,42,0,1,86,7362,1443,0,4,0,0,0,LEADER,1,0,0,0,0,3
8848,50,adaptive-prasle,2406,1,0,0,3,0,42,0,1,50,6442,2406,0,4,0,0,0,LEADER,1,0,0,0,0,3
8863,55,adaptive-prasle,1501,1,0,0,3,0,42,0,1,55,7362,1501,0,4,0,0,0,LEADER,1,0,0,0,0,3
8902,63,adaptive-prasle,1540,1,0,0,3,0,42,0,1,63,7362,1540,0,4,0,0,0,LEADER,1,0,0,0,0,3
9266,46,adaptive-prasle,1904,1,0,0,3,0,42,0,1,46,7362,1904,0,4,0,0,0,LEADER,1,0,0,0,0,3
9063,53,adaptive-prasle,1701,1,0,0,3,0,42,0,1,53,7362,1701,0,4,0,0,0,LEADER,1,0,0,0,0,3
8416,23,adaptive-prasle,1974,1,0,0,3,0,42,0,1,23,6442,1974,0,4,0,0,0,LEADER,1,0,0,0,0,3
9284,88,adaptive-prasle,1922,1,0,0,3,0,42,0,1,88,7362,1922,0,4,0,0,0,LEADER,1,0,0,0,0,3
8811,34,adaptive-prasle,1449,1,0,0,3,0,42,0,1,34,7362,1449,0,4,0,0,0,LEADER,1,0,0,0,0,3
8419,97,adaptive-prasle,1977,1,0,0,3,0,42,0,1,97,6442,1977,0,4,0,0,0,LEADER,1,0,0,0,0,3
9167,2,adaptive-prasle,1819,1,0,0,4,5,56,70,1,1,7348,1819,0,3,0,0,0,NORMAL,0,0,0,0,0,4
8537,20,adaptive-prasle,2095,1,0,0,3,0,42,0,1,20,6442,2095,0,4,0,0,0,LEADER,1,0,0,0,0,3
8619,40,adaptive-prasle,2177,1,0,0,3,0,42,0,1,40,6442,2177,0,4,0,0,0,LEADER,1,0,0,0,0,3
8542,47,adaptive-prasle,2100,1,0,0,3,0,42,0,1,47,6442,2100,0,4,0,0,0,LEADER,1,0,0,0,0,3
9454,95,adaptive-prasle,2092,1,0,0,3,0,42,0,1,95,7362,2092,0,4,0,0,0,LEADER,1,0,0,0,0,3
8837,25,adaptive-prasle,2395,1,0,0,3,0,42,0,1,25,6442,2395,0,4,0,0,0,LEADER,1,0,0,0,0,3
9442,84,adaptive-prasle,2080,1,0,0,3,0,42,0,1,84,7362,2080,0,4,0,0,0,LEADER,1,0,0,0,0,3
8719,70,adaptive-prasle,2277,1,0,0,3,0,42,0,1,70,6442,2277,0,4,0,0,0,LEADER,1,0,0,0,0,3
8637,82,adaptive-prasle,2195,1,0,0,3,0,42,0,1,82,6442,2195,0,4,0,0,0,LEADER,1,0,0,0,0,3
8855,67,adaptive-prasle,2413,1,0,0,3,0,42,0,1,67,6442,2413,0,4,0,0,0,LEADER,1,0,0,0,0,3
8807,89,adaptive-prasle,2365,1,0,0,3,0,42,0,1,89,6442,2365,0,4,0,0,0,LEADER,1,0,0,0,0,3
9475,28,adaptive-prasle,2113,1,0,0,3,0,42,0,1,28,7362,2113,0,4,0,0,0,LEADER,1,0,0,0,0,3
9217,68,adaptive-prasle,1855,1,0,0,3,0,42,0,1,68,7362,1855,0,4,0,0,0,LEADER,1,0,0,0,0,3
9012,4,adaptive-prasle,2030,1,0,0,4,7,56,98,2,3,6982,2030,0,3,0,0,0,NORMAL,0,0,0,0,0,4
9169,90,adaptive-prasle,1807,1,0,0,3,0,42,0,1,90,7362,1807,0,4,0,0,0,LEADER,1,0,0,0,0,3
8830,76,adaptive-prasle,1468,1,0,0,3,0,42,0,1,76,7362,1468,0,4,0,0,0,LEADER,1,0,0,0,0,3
9151,10,adaptive-prasle,1789,1,0,0,3,0,42,0,1,10,7362,1789,0,4,0,0,0,LEADER,1,0,0,0,0,3
9583,58,adaptive-prasle,2221,1,0,0,3,0,42,0,1,58,7362,2221,0,4,0,0,0,LEADER,1,0,0,0,0,3
8966,73,adaptive-prasle,1604,1,0,0,3,0,42,0,1,73,7362,1604,0,4,0,0,0,LEADER,1,0,0,0,0,3
8707,59,adaptive-prasle,2265,1,0,0,3,0,42,0,1,59,6442,2265,0,4,0,0,0,LEADER,1,0,0,0,0,3
8981,41,adaptive-prasle,1619,1,0,0,3,0,42,0,1,41,7362,1619,0,4,0,0,0,LEADER,1,0,0,0,0,3
8896,96,adaptive-prasle,1534,1,0,0,3,0,42,0,1,96,7362,1534,0,4,0,0,0,LEADER,1,0,0,0,0,3
9129,49,adaptive-prasle,1767,1,0,0,3,0,42,0,1,49,7362,1767,0,4,0,0,0,LEADER,1,0,0,0,0,3
9199,74,adaptive-prasle,1837,1,0,0,3,0,42,0,1,74,7362,1837,0,4,0,0,0,LEADER,1,0,0,0,0,3
8853,3,adaptive-prasle,1603,1,0,0,3,8,42,112,2,3,7250,1603,0,3,0,0,0,LEADER,1,0,0,0,0,3
9590,92,adaptive-prasle,2228,1,0,0,3,0,42,0,1,92,7362,2228,0,4,0,0,0,LEADER,1,0,0,0,0,3
8796,66,adaptive-prasle,1434,1,0,0,3,0,42,0,1,66,7362,1434,0,4,0,0,0,LEADER,1,0,0,0,0,3
8822,57,adaptive-prasle,2380,1,0,0,3,0,42,0,1,57,6442,2380,0,4,0,0,0,LEADER,1,0,0,0,0,3
9622,78,adaptive-prasle,2260,1,0,0,3,0,42,0,1,78,7362,2260,0,4,0,0,0,LEADER,1,0,0,0,0,3
8788,39,adaptive-prasle,2346,1,0,0,3,0,42,0,1,39,6442,2346,0,4,0,0,0,LEADER,1,0,0,0,0,3
9505,30,adaptive-prasle,2143,1,0,0,3,0,42,0,1,30,7362,2143,0,4,0,0,0,LEADER,1,0,0,0,0,3
8911,64,adaptive-prasle,1549,1,0,0,3,0,42,0,1,64,7362,1549,0,4,0,0,0,LEADER,1,0,0,0,0,3
9136,80,adaptive-prasle,1774,1,0,0,3,0,42,0,1,80,7362,1774,0,4,0,0,0,LEADER,1,0,0,0,0,3
8878,54,adaptive-prasle,1516,1,0,0,3,0,42,0,1,54,7362,1516,0,4,0,0,0,LEADER,1,0,0,0,0,3
9402,43,adaptive-prasle,2040,1,0,0,3,0,42,0,1,43,7362,2040,0,4,0,0,0,LEADER,1,0,0,0,0,3
9322,26,adaptive-prasle,1960,1,0,0,3,0,42,0,1,26,7362,1960,0,4,0,0,0,LEADER,1,0,0,0,0,3
8953,42,adaptive-prasle,1591,1,0,0,3,0,42,0,1,42,7362,1591,0,4,0,0,0,LEADER,1,0,0,0,0,3
8960,31,adaptive-prasle,1598,1,0,0,3,0,42,0,1,31,7362,1598,0,4,0,0,0,LEADER,1,0,0,0,0,3
9717,94,adaptive-prasle,2355,1,0,0,3,0,42,0,1,94,7362,2355,0,4,0,0,0,LEADER,1,0,0,0,0,3
9287,45,adaptive-prasle,1925,1,0,0,3,0,42,0,1,45,7362,1925,0,4,0,0,0,LEADER,1,0,0,0,0,3
9660,60,adaptive-prasle,2298,1,0,0,3,0,42,0,1,60,7362,2298,0,4,0,0,0,LEADER,1,0,0,0,0,3
9766,44,adaptive-prasle,1483,1,0,0,4,0,56,0,1,44,8283,1483,0,5,0,0,0,LEADER,1,0,0,0,0,4
9518,6,adaptive-prasle,1797,1,0,0,4,7,56,98,2,3,7721,1797,0,3,0,0,0,NORMAL,0,0,0,0,0,4
9369,33,adaptive-prasle,2007,1,0,0,3,0,42,0,1,33,7362,2007,0,4,0,0,0,LEADER,1,0,0,0,0,3
9014,51,adaptive-prasle,1652,1,0,0,3,0,42,0,1,51,7362,1652,0,4,0,0,0,LEADER,1,0,0,0,0,3
9524,72,adaptive-prasle,2162,1,0,0,3,0,42,0,1,72,7362,2162,0,4,0,0,0,LEADER,1,0,0,0,0,3
9814,22,adaptive-prasle,1531,1,0,0,4,0,56,0,1,22,8283,1531,0,5,0,0,0,LEADER,1,0,0,0,0,4
9314,24,adaptive-prasle,1952,1,0,0,3,0,42,0,1,24,7362,1952,0,4,0,0,0,LEADER,1,0,0,0,0,3
9847,32,adaptive-prasle,1564,1,0,0,4,0,56,0,1,32,8283,1564,0,5,0,0,0,LEADER,1,0,0,0,0,4
9033,93,adaptive-prasle,1671,1,0,0,3,0,42,0,1,93,7362,1671,0,4,0,0,0,LEADER,1,0,0,0,0,3
9705,69,adaptive-prasle,2343,1,0,0,3,0,42,0,1,69,7362,2343,0,4,0,0,0,LEADER,1,0,0,0,0,3
9693,79,adaptive-prasle,2331,1,0,0,3,0,42,0,1,79,7362,2331,0,4,0,0,0,LEADER,1,0,0,0,0,3
9387,75,adaptive-prasle,2025,1,0,0,3,0,42,0,1,75,7362,2025,0,4,0,0,0,LEADER,1,0,0,0,0,3
9114,81,adaptive-prasle,1752,1,0,0,3,0,42,0,1,81,7362,1752,0,4,0,0,0,LEADER,1,0,0,0,0,3
8972,52,adaptive-prasle,1610,1,0,0,3,0,42,0,1,52,7362,1610,0,4,0,0,0,LEADER,1,0,0,0,0,3
9450,21,adaptive-prasle,2088,1,0,0,3,0,42,0,1,21,7362,2088,0,4,0,0,0,LEADER,1,0,0,0,0,3
9627,29,adaptive-prasle,2265,1,0,0,3,0,42,0,1,29,7362,2265,0,4,0,0,0,LEADER,1,0,0,0,0,3
9203,100,adaptive-prasle,1841,1,0,0,3,0,42,0,1,100,7362,1841,0,4,0,0,0,LEADER,1,0,0,0,0,3
9048,61,adaptive-prasle,1686,1,0,0,3,0,42,0,1,61,7362,1686,0,4,0,0,0,LEADER,1,0,0,0,0,3
9612,91,adaptive-prasle,2250,1,0,0,3,0,42,0,1,91,7362,2250,0,4,0,0,0,LEADER,1,0,0,0,0,3
9572,37,adaptive-prasle,2210,1,0,0,3,0,42,0,1,37,7362,2210,0,4,0,0,0,LEADER,1,0,0,0,0,3
9117,38,adaptive-prasle,1755,1,0,0,3,0,42,0,1,38,7362,1755,0,4,0,0,0,LEADER,1,0,0,0,0,3
9781,98,adaptive-prasle,2419,1,0,0,3,0,42,0,1,98,7362,2419,0,4,0,0,0,LEADER,1,0,0,0,0,3
9490,62,adaptive-prasle,2128,1,0,0,3,0,42,0,1,62,7362,2128,0,4,0,0,0,LEADER,1,0,0,0,0,3
9642,27,adaptive-prasle,2280,1,0,0,3,0,42,0,1,27,7362,2280,0,4,0,0,0,LEADER,1,0,0,0,0,3
9299,56,adaptive-prasle,1937,1,0,0,3,0,42,0,1,56,7362,1937,0,4,0,0,0,LEADER,1,0,0,0,0,3
9690,99,adaptive-prasle,2328,1,0,0,3,0,42,0,1,99,7362,2328,0,4,0,0,0,LEADER,1,0,0,0,0,3
9564,48,adaptive-prasle,2202,1,0,0,3,0,42,0,1,48,7362,2202,0,4,0,0,0,LEADER,1,0,0,0,0,3
9081,71,adaptive-prasle,1719,1,0,0,3,0,42,0,1,71,7362,1719,0,4,0,0,0,LEADER,1,0,0,0,0,3
9306,87,adaptive-prasle,1944,1,0,0,3,0,42,0,1,87,7362,1944,0,4,0,0,0,LEADER,1,0,0,0,0,3
9232,36,adaptive-prasle,1870,1,0,0,3,0,42,0,1,36,7362,1870,0,4,0,0,0,LEADER,1,0,0,0,0,3
9729,77,adaptive-prasle,1446,1,0,0,4,0,56,0,1,77,8283,1446,0,5,0,0,0,LEADER,1,0,0,0,0,4
9920,83,adaptive-prasle,1637,1,0,0,4,0,56,0,1,83,8283,1637,0,5,0,0,0,LEADER,1,0,0,0,0,4
9421,85,adaptive-prasle,2059,1,0,0,3,0,42,0,1,85,7362,2059,0,4,0,0,0,LEADER,1,0,0,0,0,3
9950,19,adaptive-prasle,1667,1,0,0,4,0,56,0,1,19,8283,1667,0,5,0,0,0,LEADER,1,0,0,0,0,4
10105,65,adaptive-prasle,1822,1,0,0,4,0,56,0,1,65,8283,1822,0,5,0,0,0,LEADER,1,0,0,0,0,4
9711,35,adaptive-prasle,1428,1,0,0,4,0,56,0,1,35,8283,1428,0,5,0,0,0,LEADER,1,0,0,0,0,4
9726,86,adaptive-prasle,1443,1,0,0,4,0,56,0,1,86,8283,1443,0,5,0,0,0,LEADER,1,0,0,0,0,4
9768,50,adaptive-prasle,2406,1,0,0,3,0,42,0,1,50,7362,2406,0,4,0,0,0,LEADER,1,0,0,0,0,3
9784,55,adaptive-prasle,1501,1,0,0,4,0,56,0,1,55,8283,1501,0,5,0,0,0,LEADER,1,0,0,0,0,4
9823,63,adaptive-prasle,1540,1,0,0,4,0,56,0,1,63,8283,1540,0,5,0,0,0,LEADER,1,0,0,0,0,4
10187,46,adaptive-prasle,1904,1,0,0,4,0,56,0,1,46,8283,1904,0,5,0,0,0,LEADER,1,0,0,0,0,4
9984,53,adaptive-prasle,1701,1,0,0,4,0,56,0,1,53,8283,1701,0,5,0,0,0,LEADER,1,0,0,0,0,4
9336,23,adaptive-prasle,1974,1,0,0,3,0,42,0,1,23,7362,1974,0,4,0,0,0,LEADER,1,0,0,0,0,3
10205,88,adaptive-prasle,1922,1,0,0,4,0,56,0,1,88,8283,1922,0,5,0,0,0,LEADER,1,0,0,0,0,4
9732,34,adaptive-prasle,1449,1,0,0,4,0,56,0,1,34,8283,1449,0,5,0,0,0,LEADER,1,0,0,0,0,4
9339,97,adaptive-prasle,1977,1,0,0,3,0,42,0,1,97,7362,1977,0,4,0,0,0,LEADER,1,0,0,0,0,3
9457,20,adaptive-prasle,2095,1,0,0,3,0,42,0,1,20,7362,2095,0,4,0,0,0,LEADER,1,0,0,0,0,3
9539,40,adaptive-prasle,2177,1,0,0,3,0,42,0,1,40,7362,2177,0,4,0,0,0,LEADER,1,0,0,0,0,3
9462,47,adaptive-prasle,2100,1,0,0,3,0,42,0,1,47,7362,2100,0,4,0,0,0,LEADER,1,0,0,0,0,3
10375,95,adaptive-prasle,2092,1,0,0,4,0,56,0,1,95,8283,2092,0,5,0,0,0,LEADER,1,0,0,0,0,4
9757,25,adaptive-prasle,2395,1,0,0,3,0,42,0,1,25,7362,2395,0,4,0,0,0,LEADER,1,0,0,0,0,3
10363,84,adaptive-prasle,2080,1,0,0,4,0,56,0,1,84,8283,2080,0,5,0,0,0,LEADER,1,0,0,0,0,4
9639,70,adaptive-prasle,2277,1,0,0,3,0,42,0,1,70,7362,2277,0,4,0,0,0,LEADER,1,0,0,0,0,3
9557,82,adaptive-prasle,2195,1,0,0,3,0,42,0,1,82,7362,2195,0,4,0,0,0,LEADER,1,0,0,0,0,3
9775,67,adaptive-prasle,2413,1,0,0,3,0,42,0,1,67,7362,2413,0,4,0,0,0,LEADER,1,0,0,0,0,3
9727,89,adaptive-prasle,2365,1,0,0,3,0,42,0,1,89,7362,2365,0,4,0,0,0,LEADER,1,0,0,0,0,3
10396,28,adaptive-prasle,2113,1,0,0,4,0,56,0,1,28,8283,2113,0,5,0,0,0,LEADER,1,0,0,0,0,4
10138,68,adaptive-prasle,1855,1,0,0,4,0,56,0,1,68,8283,1855,0,5,0,0,0,LEADER,1,0,0,0,0,4
10090,90,adaptive-prasle,1807,1,0,0,4,0,56,0,1,90,8283,1807,0,5,0,0,0,LEADER,1,0,0,0,0,4
9751,76,adaptive-prasle,1468,1,0,0,4,0,56,0,1,76,8283,1468,0,5,0,0,0,LEADER,1,0,0,0,0,4
10072,10,adaptive-prasle,1789,1,0,0,4,0,56,0,1,10,8283,1789,0,5,0,0,0,LEADER,1,0,0,0,0,4
10504,58,adaptive-prasle,2221,1,0,0,4,0,56,0,1,58,8283,2221,0,5,0,0,0,LEADER,1,0,0,0,0,4
9887,73,adaptive-prasle,1604,1,0,0,4,0,56,0,1,73,8283,1604,0,5,0,0,0,LEADER,1,0,0,0,0,4
9627,59,adaptive-prasle,2265,1,0,0,3,0,42,0,1,59,7362,2265,0,4,0,0,0,LEADER,1,0,0,0,0,3
9902,41,adaptive-prasle,1619,1,0,0,4,0,56,0,1,41,8283,1619,0,5,0,0,0,LEADER,1,0,0,0,0,4
9817,96,adaptive-prasle,1534,1,0,0,4,0,56,0,1,96,8283,1534,0,5,0,0,0,LEADER,1,0,0,0,0,4
10200,7,adaptive-prasle,1749,1,0,0,3,7,42,98,1,6,8451,1749,0,2,0,0,0,NORMAL,0,0,0,0,0,3
10050,49,adaptive-prasle,1767,1,0,0,4,0,56,0,1,49,8283,1767,0,5,0,0,0,LEADER,1,0,0,0,0,4
10120,74,adaptive-prasle,1837,1,0,0,4,0,56,0,1,74,8283,1837,0,5,0,0,0,LEADER,1,0,0,0,0,4
10511,92,adaptive-prasle,2228,1,0,0,4,0,56,0,1,92,8283,2228,0,5,0,0,0,LEADER,1,0,0,0,0,4
9717,66,adaptive-prasle,1434,1,0,0,4,0,56,0,1,66,8283,1434,0,5,0,0,0,LEADER,1,0,0,0,0,4
9742,57,adaptive-prasle,2380,1,0,0,3,0,42,0,1,57,7362,2380,0,4,0,0,0,LEADER,1,0,0,0,0,3
10543,78,adaptive-prasle,2260,1,0,0,4,0,56,0,1,78,8283,2260,0,5,0,0,0,LEADER,1,0,0,0,0,4
9708,39,adaptive-prasle,2346,1,0,0,3,0,42,0,1,39,7362,2346,0,4,0,0,0,LEADER,1,0,0,0,0,3
10426,30,adaptive-prasle,2143,1,0,0,4,0,56,0,1,30,8283,2143,0,5,0,0,0,LEADER,1,0,0,0,0,4
9832,64,adaptive-prasle,1549,1,0,0,4,0,56,0,1,64,8283,1549,0,5,0,0,0,LEADER,1,0,0,0,0,4
10057,80,adaptive-prasle,1774,1,0,0,4,0,56,0,1,80,8283,1774,0,5,0,0,0,LEADER,1,0,0,0,0,4
9799,54,adaptive-prasle,1516,1,0,0,4,0,56,0,1,54,8283,1516,0,5,0,0,0,LEADER,1,0,0,0,0,4
10323,43,adaptive-prasle,2040,1,0,0,4,0,56,0,1,43,8283,2040,0,5,0,0,0,LEADER,1,0,0,0,0,4
10243,26,adaptive-prasle,1960,1,0,0,4,0,56,0,1,26,8283,1960,0,5,0,0,0,LEADER,1,0,0,0,0,4
9874,42,adaptive-prasle,1591,1,0,0,4,0,56,0,1,42,8283,1591,0,5,0,0,0,LEADER,1,0,0,0,0,4
9881,31,adaptive-prasle,1598,1,0,0,4,0,56,0,1,31,8283,1598,0,5,0,0,0,LEADER,1,0,0,0,0,4
10638,94,adaptive-prasle,2355,1,0,0,4,0,56,0,1,94,8283,2355,0,5,0,0,0,LEADER,1,0,0,0,0,4
10208,45,adaptive-prasle,1925,1,0,0,4,0,56,0,1,45,8283,1925,0,5,0,0,0,LEADER,1,0,0,0,0,4
10581,60,adaptive-prasle,2298,1,0,0,4,0,56,0,1,60,8283,2298,0,5,0,0,0,LEADER,1,0,0,0,0,4
10686,44,adaptive-prasle,1483,1,0,0,4,0,56,0,1,44,9203,1483,0,5,0,0,0,LEADER,1,0,0,0,0,4
10290,33,adaptive-prasle,2007,1,0,0,4,0,56,0,1,33,8283,2007,0,5,0,0,0,LEADER,1,0,0,0,0,4
9935,51,adaptive-prasle,1652,1,0,0,4,0,56,0,1,51,8283,1652,0,5,0,0,0,LEADER,1,0,0,0,0,4
10734,22,adaptive-prasle,1531,1,0,0,4,0,56,0,1,22,9203,1531,0,5,0,0,0,LEADER,1,0,0,0,0,4
10445,72,adaptive-prasle,2162,1,0,0,4,0,56,0,1,72,8283,2162,0,5,0,0,0,LEADER,1,0,0,0,0,4
10235,24,adaptive-prasle,1952,1,0,0,4,0,56,0,1,24,8283,1952,0,5,0,0,0,LEADER,1,0,0,0,0,4
10767,32,adaptive-prasle,1564,1,0,0,4,0,56,0,1,32,9203,1564,0,5,0,0,0,LEADER,1,0,0,0,0,4
9954,93,adaptive-prasle,1671,1,0,0,4,0,56,0,1,93,8283,1671,0,5,0,0,0,LEADER,1,0,0,0,0,4
10626,69,adaptive-prasle,2343,1,0,0,4,0,56,0,1,69,8283,2343,0,5,0,0,0,LEADER,1,0,0,0,0,4
10614,79,adaptive-prasle,2331,1,0,0,4,0,56,0,1,79,8283,2331,0,5,0,0,0,LEADER,1,0,0,0,0,4
10308,75,adaptive-prasle,2025,1,0,0,4,0,56,0,1,75,8283,2025,0,5,0,0,0,LEADER,1,0,0,0,0,4
10035,81,adaptive-prasle,1752,1,0,0,4,0,56,0,1,81,8283,1752,0,5,0,0,0,LEADER,1,0,0,0,0,4
9893,52,adaptive-prasle,1610,1,0,0,4,0,56,0,1,52,8283,1610,0,5,0,0,0,LEADER,1,0,0,0,0,4
10513,5,adaptive-prasle,2338,1,0,0,4,8,56,112,2,3,8175,2338,0,3,0,0,0,NORMAL,0,0,0,0,0,4
10371,21,adaptive-prasle,2088,1,0,0,4,0,56,0,1,21,8283,2088,0,5,0,0,0,LEADER,1,0,0,0,0,4
10548,29,adaptive-prasle,2265,1,0,0,4,0,56,0,1,29,8283,2265,0,5,0,0,0,LEADER,1,0,0,0,0,4
10124,100,adaptive-prasle,1841,1,0,0,4,0,56,0,1,100,8283,1841,0,5,0,0,0,LEADER,1,0,0,0,0,4
9969,61,adaptive-prasle,1686,1,0,0,4,0,56,0,1,61,8283,1686,0,5,0,0,0,LEADER,1,0,0,0,0,4
10533,91,adaptive-prasle,2250,1,0,0,4,0,56,0,1,91,8283,2250,0,5,0,0,0,LEADER,1,0,0,0,0,4
10493,37,adaptive-prasle,2210,1,0,0,4,0,56,0,1,37,8283,2210,0,5,0,0,0,LEADER,1,0,0,0,0,4
10038,38,adaptive-prasle,1755,1,0,0,4,0,56,0,1,38,8283,1755,0,5,0,0,0,LEADER,1,0,0,0,0,4
10702,98,adaptive-prasle,2419,1,0,0,4,0,56,0,1,98,8283,2419,0,5,0,0,0,LEADER,1,0,0,0,0,4
10411,62,adaptive-prasle,2128,1,0,0,4,0,56,0,1,62,8283,2128,0,5,0,0,0,LEADER,1,0,0,0,0,4
10563,27,adaptive-prasle,2280,1,0,0,4,0,56,0,1,27,8283,2280,0,5,0,0,0,LEADER,1,0,0,0,0,4
10220,56,adaptive-prasle,1937,1,0,0,4,0,56,0,1,56,8283,1937,0,5,0,0,0,LEADER,1,0,0,0,0,4
10611,99,adaptive-prasle,2328,1,0,0,4,0,56,0,1,99,8283,2328,0,5,0,0,0,LEADER,1,0,0,0,0,4
10485,48,adaptive-prasle,2202,1,0,0,4,0,56,0,1,48,8283,2202,0,5,0,0,0,LEADER,1,0,0,0,0,4
10002,71,adaptive-prasle,1719,1,0,0,4,0,56,0,1,71,8283,1719,0,5,0,0,0,LEADER,1,0,0,0,0,4
10227,87,adaptive-prasle,1944,1,0,0,4,0,56,0,1,87,8283,1944,0,5,0,0,0,LEADER,1,0,0,0,0,4
10153,36,adaptive-prasle,1870,1,0,0,4,0,56,0,1,36,8283,1870,0,5,0,0,0,LEADER,1,0,0,0,0,4
10649,77,adaptive-prasle,1446,1,0,0,4,0,56,0,1,77,9203,1446,0,5,0,0,0,LEADER,1,0,0,0,0,4
10840,83,adaptive-prasle,1637,1,0,0,4,0,56,0,1,83,9203,1637,0,5,0,0,0,LEADER,1,0,0,0,0,4
10342,85,adaptive-prasle,2059,1,0,0,4,0,56,0,1,85,8283,2059,0,5,0,0,0,LEADER,1,0,0,0,0,4
10870,19,adaptive-prasle,1667,1,0,0,4,0,56,0,1,19,9203,1667,0,5,0,0,0,LEADER,1,0,0,0,0,4
11025,65,adaptive-prasle,1822,1,0,0,4,0,56,0,1,65,9203,1822,0,5,0,0,0,LEADER,1,0,0,0,0,4
10631,35,adaptive-prasle,1428,1,0,0,4,0,56,0,1,35,9203,1428,0,5,0,0,0,LEADER,1,0,0,0,0,4
10646,86,adaptive-prasle,1443,1,0,0,4,0,56,0,1,86,9203,1443,0,5,0,0,0,LEADER,1,0,0,0,0,4
10689,50,adaptive-prasle,2406,1,0,0,4,0,56,0,1,50,8283,2406,0,5,0,0,0,LEADER,1,0,0,0,0,4
10704,55,adaptive-prasle,1501,1,0,0,4,0,56,0,1,55,9203,1501,0,5,0,0,0,LEADER,1,0,0,0,0,4
10743,63,adaptive-prasle,1540,1,0,0,4,0,56,0,1,63,9203,1540,0,5,0,0,0,LEADER,1,0,0,0,0,4
11107,46,adaptive-prasle,1904,1,0,0,4,0,56,0,1,46,9203,1904,0,5,0,0,0,LEADER,1,0,0,0,0,4
10904,53,adaptive-prasle,1701,1,0,0,4,0,56,0,1,53,9203,1701,0,5,0,0,0,LEADER,1,0,0,0,0,4
10257,23,adaptive-prasle,1974,1,0,0,4,0,56,0,1,23,8283,1974,0,5,0,0,0,LEADER,1,0,0,0,0,4
11125,88,adaptive-prasle,1922,1,0,0,4,0,56,0,1,88,9203,1922,0,5,0,0,0,LEADER,1,0,0,0,0,4
10652,34,adaptive-prasle,1449,1,0,0,4,0,56,0,1,34,9203,1449,0,5,0,0,0,LEADER,1,0,0,0,0,4
10260,97,adaptive-prasle,1977,1,0,0,4,0,56,0,1,97,8283,1977,0,5,0,0,0,LEADER,1,0,0,0,0,4
10378,20,adaptive-prasle,2095,1,0,0,4,0,56,0,1,20,8283,2095,0,5,0,0,0,LEADER,1,0,0,0,0,4
10460,40,adaptive-prasle,2177,1,0,0,4,0,56,0,1,40,8283,2177,0,5,0,0,0,LEADER,1,0,0,0,0,4
10383,47,adaptive-prasle,2100,1,0,0,4,0,56,0,1,47,8283,2100,0,5,0,0,0,LEADER,1,0,0,0,0,4
11295,95,adaptive-prasle,2092,1,0,0,4,0,56,0,1,95,9203,2092,0,5,0,0,0,LEADER,1,0,0,0,0,4
10678,25,adaptive-prasle,2395,1,0,0,4,0,56,0,1,25,8283,2395,0,5,0,0,0,LEADER,1,0,0,0,0,4
11283,84,adaptive-prasle,2080,1,0,0,4,0,56,0,1,84,9203,2080,0,5,0,0,0,LEADER,1,0,0,0,0,4
10560,70,adaptive-prasle,2277,1,0,0,4,0,56,0,1,70,8283,2277,0,5,0,0,0,LEADER,1,0,0,0,0,4
10478,82,adaptive-prasle,2195,1,0,0,4,0,56,0,1,82,8283,2195,0,5,0,0,0,LEADER,1,0,0,0,0,4
10696,67,adaptive-prasle,2413,1,0,0,4,0,56,0,1,67,8283,2413,0,5,0,0,0,LEADER,1,0,0,0,0,4
10648,89,adaptive-prasle,2365,1,0,0,4,0,56,0,1,89,8283,2365,0,5,0,0,0,LEADER,1,0,0,0,0,4
11316,28,adaptive-prasle,2113,1,0,0,4,0,56,0,1,28,9203,2113,0,5,0,0,0,LEADER,1,0,0,0,0,4
11058,68,adaptive-prasle,1855,1,0,0,4,0,56,0,1,68,9203,1855,0,5,0,0,0,LEADER,1,0,0,0,0,4
11010,90,adaptive-prasle,1807,1,0,0,4,0,56,0,1,90,9203,1807,0,5,0,0,0,LEADER,1,0,0,0,0,4
11346,9,adaptive-prasle,1889,1,0,0,4,3,56,42,1,9,9457,1889,0,2,0,0,0,LEADER,1,0,0,0,0,4
10671,76,adaptive-prasle,1468,1,0,0,4,0,56,0,1,76,9203,1468,0,5,0,0,0,LEADER,1,0,0,0,0,4
10992,10,adaptive-prasle,1789,1,0,0,4,0,56,0,1,10,9203,1789,0,5,0,0,0,LEADER,1,0,0,0,0,4
11424,58,adaptive-prasle,2221,1,0,0,4,0,56,0,1,58,9203,2221,0,5,0,0,0,LEADER,1,0,0,0,0,4
10807,73,adaptive-prasle,1604,1,0,0,4,0,56,0,1,73,9203,1604,0,5,0,0,0,LEADER,1,0,0,0,0,4
10548,59,adaptive-prasle,2265,1,0,0,4,0,56,0,1,59,8283,2265,0,5,0,0,0,LEADER,1,0,0,0,0,4
10822,41,adaptive-prasle,1619,1,0,0,4,0,56,0,1,41,9203,1619,0,5,0,0,0,LEADER,1,0,0,0,0,4
10737,96,adaptive-prasle,1534,1,0,0,4,0,56,0,1,96,9203,1534,0,5,0,0,0,LEADER,1,0,0,0,0,4
11406,1,adaptive-prasle,2022,1,0,0,2,4,28,56,1,1,9384,2022,0,3,0,0,0,LEADER,1,0,0,0,0,2
10970,49,adaptive-prasle,1767,1,0,0,4,0,56,0,1,49,9203,1767,0,5,0,0,0,LEADER,1,0,0,0,0,4
10834,8,adaptive-prasle,2217,1,0,0,3,7,42,98,1,2,8617,2217,0,2,0,0,0,NORMAL,0,0,0,0,0,3
11040,74,adaptive-prasle,1837,1,0,0,4,0,56,0,1,74,9203,1837,0,5,0,0,0,LEADER,1,0,0,0,0,4
11431,92,adaptive-prasle,2228,1,0,0,4,0,56,0,1,92,9203,2228,0,5,0,0,0,LEADER,1,0,0,0,0,4
10637,66,adaptive-prasle,1434,1,0,0,4,0,56,0,1,66,9203,1434,0,5,0,0,0,LEADER,1,0,0,0,0,4
10663,57,adaptive-prasle,2380,1,0,0,4,0,56,0,1,57,8283,2380,0,5,0,0,0,LEADER,1,0,0,0,0,4
11463,78,adaptive-prasle,2260,1,0,0,4,0,56,0,1,78,9203,2260,0,5,0,0,0,LEADER,1,0,0,0,0,4
10629,39,adaptive-prasle,2346,1,0,0,4,0,56,0,1,39,8283,2346,0,5,0,0,0,LEADER,1,0,0,0,0,4
11346,30,adaptive-prasle,2143,1,0,0,4,0,56,0,1,30,9203,2143,0,5,0,0,0,LEADER,1,0,0,0,0,4
10752,64,adaptive-prasle,1549,1,0,0,4,0,56,0,1,64,9203,1549,0,5,0,0,0,LEADER,1,0,0,0,0,4
10977,80,adaptive-prasle,1774,1,0,0,4,0,56,0,1,80,9203,1774,0,5,0,0,0,LEADER,1,0,0,0,0,4
10719,54,adaptive-prasle,1516,1,0,0,4,0,56,0,1,54,9203,1516,0,5,0,0,0,LEADER,1,0,0,0,0,4
11243,43,adaptive-prasle,2040,1,0,0,4,0,56,0,1,43,9203,2040,0,5,0,0,0,LEADER,1,0,0,0,0,4
11163,26,adaptive-prasle,1960,1,0,0,4,0,56,0,1,26,9203,1960,0,5,0,0,0,LEADER,1,0,0,0,0,4
10794,42,adaptive-prasle,1591,1,0,0,4,0,56,0,1,42,9203,1591,0,5,0,0,0,LEADER,1,0,0,0,0,4
10801,31,adaptive-prasle,1598,1,0,0,4,0,56,0,1,31,9203,1598,0,5,0,0,0,LEADER,1,0,0,0,0,4
11558,94,adaptive-prasle,2355,1,0,0,4,0,56,0,1,94,9203,2355,0,5,0,0,0,LEADER,1,0,0,0,0,4
11128,45,adaptive-prasle,1925,1,0,0,4,0,56,0,1,45,9203,1925,0,5,0,0,0,LEADER,1,0,0,0,0,4
11501,60,adaptive-prasle,2298,1,0,0,4,0,56,0,1,60,9203,2298,0,5,0,0,0,LEADER,1,0,0,0,0,4
11606,44,adaptive-prasle,1483,1,0,0,4,0,56,0,1,44,10123,1483,0,5,0,0,0,LEADER,1,0,0,0,0,4
10980,13,adaptive-prasle,1941,1,0,0,2,3,28,42,1,1,9039,1941,0,2,0,0,0,NORMAL,0,0,0,0,0,2
11210,33,adaptive-prasle,2007,1,0,0,4,0,56,0,1,33,9203,2007,0,5,0,0,0,LEADER,1,0,0,0,0,4
10855,51,adaptive-prasle,1652,1,0,0,4,0,56,0,1,51,9203,1652,0,5,0,0,0,LEADER,1,0,0,0,0,4
11654,22,adaptive-prasle,1531,1,0,0,4,0,56,0,1,22,10123,1531,0,5,0,0,0,LEADER,1,0,0,0,0,4
11365,72,adaptive-prasle,2162,1,0,0,4,0,56,0,1,72,9203,2162,0,5,0,0,0,LEADER,1,0,0,0,0,4
11582,18,adaptive-prasle,2226,1,0,0,4,3,56,42,1,6,9356,2226,0,2,0,0,0,NORMAL,0,0,0,0,0,4
11155,24,adaptive-prasle,1952,1,0,0,4,0,56,0,1,24,9203,1952,0,5,0,0,0,LEADER,1,0,0,0,0,4
11687,32,adaptive-prasle,1564,1,0,0,4,0,56,0,1,32,10123,1564,0,5,0,0,0,LEADER,1,0,0,0,0,4
10874,93,adaptive-prasle,1671,1,0,0,4,0,56,0,1,93,9203,1671,0,5,0,0,0,LEADER,1,0,0,0,0,4
11546,69,adaptive-prasle,2343,1,0,0,4,0,56,0,1,69,9203,2343,0,5,0,0,0,LEADER,1,0,0,0,0,4
11534,79,adaptive-prasle,2331,1,0,0,4,0,56,0,1,79,9203,2331,0,5,0,0,0,LEADER,1,0,0,0,0,4
11228,75,adaptive-prasle,2025,1,0,0,4,0,56,0,1,75,9203,2025,0,5,0,0,0,LEADER,1,0,0,0,0,4
10955,81,adaptive-prasle,1752,1,0,0,4,0,56,0,1,81,9203,1752,0,5,0,0,0,LEADER,1,0,0,0,0,4
10813,52,adaptive-prasle,1610,1,0,0,4,0,56,0,1,52,9203,1610,0,5,0,0,0,LEADER,1,0,0,0,0,4
11291,21,adaptive-prasle,2088,1,0,0,4,0,56,0,1,21,9203,2088,0,5,0,0,0,LEADER,1,0,0,0,0,4
11468,29,adaptive-prasle,2265,1,0,0,4,0,56,0,1,29,9203,2265,0,5,0,0,0,LEADER,1,0,0,0,0,4
11044,100,adaptive-prasle,1841,1,0,0,4,0,56,0,1,100,9203,1841,0,5,0,0,0,LEADER,1,0,0,0,0,4
10889,61,adaptive-prasle,1686,1,0,0,4,0,56,0,1,61,9203,1686,0,5,0,0,0,LEADER,1,0,0,0,0,4
11453,91,adaptive-prasle,2250,1,0,0,4,0,56,0,1,91,9203,2250,0,5,0,0,0,LEADER,1,0,0,0,0,4
11413,37,adaptive-prasle,2210,1,0,0,4,0,56,0,1,37,9203,2210,0,5,0,0,0,LEADER,1,0,0,0,0,4
10958,38,adaptive-prasle,1755,1,0,0,4,0,56,0,1,38,9203,1755,0,5,0,0,0,LEADER,1,0,0,0,0,4
11622,98,adaptive-prasle,2419,1,0,0,4,0,56,0,1,98,9203,2419,0,5,0,0,0,LEADER,1,0,0,0,0,4
11331,62,adaptive-prasle,2128,1,0,0,4,0,56,0,1,62,9203,2128,0,5,0,0,0,LEADER,1,0,0,0,0,4
11483,27,adaptive-prasle,2280,1,0,0,4,0,56,0,1,27,9203,2280,0,5,0,0,0,LEADER,1,0,0,0,0,4
11140,56,adaptive-prasle,1937,1,0,0,4,0,56,0,1,56,9203,1937,0,5,0,0,0,LEADER,1,0,0,0,0,4
11531,99,adaptive-prasle,2328,1,0,0,4,0,56,0,1,99,9203,2328,0,5,0,0,0,LEADER,1,0,0,0,0,4
11405,48,adaptive-prasle,2202,1,0,0,4,0,56,0,1,48,9203,2202,0,5,0,0,0,LEADER,1,0,0,0,0,4
10922,71,adaptive-prasle,1719,1,0,0,4,0,56,0,1,71,9203,1719,0,5,0,0,0,LEADER,1,0,0,0,0,4
11147,87,adaptive-prasle,1944,1,0,0,4,0,56,0,1,87,9203,1944,0,5,0,0,0,LEADER,1,0,0,0,0,4
11073,36,adaptive-prasle,1870,1,0,0,4,0,56,0,1,36,9203,1870,0,5,0,0,0,LEADER,1,0,0,0,0,4
11569,77,adaptive-prasle,1446,1,0,0,4,0,56,0,1,77,10123,1446,0,5,0,0,0,LEADER,1,0,0,0,0,4
11760,83,adaptive-prasle,1637,1,0,0,4,0,56,0,1,83,10123,1637,0,5,0,0,0,LEADER,1,0,0,0,0,4
11262,85,adaptive-prasle,2059,1,0,0,4,0,56,0,1,85,9203,2059,0,5,0,0,0,LEADER,1,0,0,0,0,4
11144,3,adaptive-prasle,1603,1,0,0,3,8,42,112,2,3,9541,1603,0,3,0,0,0,LEADER,1,0,0,0,0,3
11790,19,adaptive-prasle,1667,1,0,0,4,0,56,0,1,19,10123,1667,0,5,0,0,0,LEADER,1,0,0,0,0,4
11945,65,adaptive-prasle,1822,1,0,0,4,0,56,0,1,65,10123,1822,0,5,0,0,0,LEADER,1,0,0,0,0,4
11551,35,adaptive-prasle,1428,1,0,0,4,0,56,0,1,35,10123,1428,0,5,0,0,0,LEADER,1,0,0,0,0,4
11566,86,adaptive-prasle,1443,1,0,0,4,0,56,0,1,86,10123,1443,0,5,0,0,0,LEADER,1,0,0,0,0,4
11609,50,adaptive-prasle,2406,1,0,0,4,0,56,0,1,50,9203,2406,0,5,0,0,0,LEADER,1,0,0,0,0,4
11624,55,adaptive-prasle,1501,1,0,0,4,0,56,0,1,55,10123,1501,0,5,0,0,0,LEADER,1,0,0,0,0,4
11663,63,adaptive-prasle,1540,1,0,0,4,0,56,0,1,63,10123,1540,0,5,0,0,0,LEADER,1,0,0,0,0,4
12027,46,adaptive-prasle,1904,1,0,0,4,0,56,0,1,46,10123,1904,0,5,0,0,0,LEADER,1,0,0,0,0,4
11824,53,adaptive-prasle,1701,1,0,0,4,0,56,0,1,53,10123,1701,0,5,0,0,0,LEADER,1,0,0,0,0,4
11177,23,adaptive-prasle,1974,1,0,0,4,0,56,0,1,23,9203,1974,0,5,0,0,0,LEADER,1,0,0,0,0,4
12045,88,adaptive-prasle,1922,1,0,0,4,0,56,0,1,88,10123,1922,0,5,0,0,0,LEADER,1,0,0,0,0,4
11572,34,adaptive-prasle,1449,1,0,0,4,0,56,0,1,34,10123,1449,0,5,0,0,0,LEADER,1,0,0,0,0,4
11180,97,adaptive-prasle,1977,1,0,0,4,0,56,0,1,97,9203,1977,0,5,0,0,0,LEADER,1,0,0,0,0,4
11298,20,adaptive-prasle,2095,1,0,0,4,0,56,0,1,20,9203,2095,0,5,0,0,0,LEADER,1,0,0,0,0,4
11380,40,adaptive-prasle,2177,1,0,0,4,0,56,0,1,40,9203,2177,0,5,0,0,0,LEADER,1,0,0,0,0,4
11303,47,adaptive-prasle,2100,1,0,0,4,0,56,0,1,47,9203,2100,0,5,0,0,0,LEADER,1,0,0,0,0,4
12215,95,adaptive-prasle,2092,1,0,0,4,0,56,0,1,95,10123,2092,0,5,0,0,0,LEADER,1,0,0,0,0,4
11598,25,adaptive-prasle,2395,1,0,0,4,0,56,0,1,25,9203,2395,0,5,0,0,0,LEADER,1,0,0,0,0,4
12203,84,adaptive-prasle,2080,1,0,0,4,0,56,0,1,84,10123,2080,0,5,0,0,0,LEADER,1,0,0,0,0,4
11480,70,adaptive-prasle,2277,1,0,0,4,0,56,0,1,70,9203,2277,0,5,0,0,0,LEADER,1,0,0,0,0,4
11398,82,adaptive-prasle,2195,1,0,0,4,0,56,0,1,82,9203,2195,0,5,0,0,0,LEADER,1,0,0,0,0,4
11616,67,adaptive-prasle,2413,1,0,0,4,0,56,0,1,67,9203,2413,0,5,0,0,0,LEADER,1,0,0,0,0,4
11568,89,adaptive-prasle,2365,1,0,0,4,0,56,0,1,89,9203,2365,0,5,0,0,0,LEADER,1,0,0,0,0,4
12236,28,adaptive-prasle,2113,1,0,0,4,0,56,0,1,28,10123,2113,0,5,0,0,0,LEADER,1,0,0,0,0,4
11978,68,adaptive-prasle,1855,1,0,0,4,0,56,0,1,68,10123,1855,0,5,0,0,0,LEADER,1,0,0,0,0,4
11930,90,adaptive-prasle,1807,1,0,0,4,0,56,0,1,90,10123,1807,0,5,0,0,0,LEADER,1,0,0,0,0,4
11591,76,adaptive-prasle,1468,1,0,0,4,0,56,0,1,76,10123,1468,0,5,0,0,0,LEADER,1,0,0,0,0,4
11912,10,adaptive-prasle,1789,1,0,0,4,0,56,0,1,10,10123,1789,0,5,0,0,0,LEADER,1,0,0,0,0,4
12344,58,adaptive-prasle,2221,1,0,0,4,0,56,0,1,58,10123,2221,0,5,0,0,0,LEADER,1,0,0,0,0,4
11727,73,adaptive-prasle,1604,1,0,0,4,0,56,0,1,73,10123,1604,0,5,0,0,0,LEADER,1,0,0,0,0,4
11468,59,adaptive-prasle,2265,1,0,0,4,0,56,0,1,59,9203,2265,0,5,0,0,0,LEADER,1,0,0,0,0,4
11742,41,adaptive-prasle,1619,1,0,0,4,0,56,0,1,41,10123,1619,0,5,0,0,0,LEADER,1,0,0,0,0,4
11657,96,adaptive-prasle,1534,1,0,0,4,0,56,0,1,96,10123,1534,0,5,0,0,0,LEADER,1,0,0,0,0,4
11890,49,adaptive-prasle,1767,1,0,0,4,0,56,0,1,49,10123,1767,0,5,0,0,0,LEADER,1,0,0,0,0,4
11960,74,adaptive-prasle,1837,1,0,0,4,0,56,0,1,74,10123,1837,0,5,0,0,0,LEADER,1,0,0,0,0,4
12351,92,adaptive-prasle,2228,1,0,0,4,0,56,0,1,92,10123,2228,0,5,0,0,0,LEADER,1,0,0,0,0,4
11557,66,adaptive-prasle,1434,1,0,0,4,0,56,0,1,66,10123,1434,0,5,0,0,0,LEADER,1,0,0,0,0,4
12015,17,adaptive-prasle,1782,1,0,0,3,3,42,42,1,6,10233,1782,0,2,0,0,0,NORMAL,0,0,0,0,0,3
11583,57,adaptive-prasle,2380,1,0,0,4,0,56,0,1,57,9203,2380,0,5,0,0,0,LEADER,1,0,0,0,0,4
12383,78,adaptive-prasle,2260,1,0,0,4,0,56,0,1,78,10123,2260,0,5,0,0,0,LEADER,1,0,0,0,0,4
11549,39,adaptive-prasle,2346,1,0,0,4,0,56,0,1,39,9203,2346,0,5,0,0,0,LEADER,1,0,0,0,0,4
12266,30,adaptive-prasle,2143,1,0,0,4,0,56,0,1,30,10123,2143,0,5,0,0,0,LEADER,1,0,0,0,0,4
11672,64,adaptive-prasle,1549,1,0,0,4,0,56,0,1,64,10123,1549,0,5,0,0,0,LEADER,1,0,0,0,0,4
11897,80,adaptive-prasle,1774,1,0,0,4,0,56,0,1,80,10123,1774,0,5,0,0,0,LEADER,1,0,0,0,0,4
11639,54,adaptive-prasle,1516,1,0,0,4,0,56,0,1,54,10123,1516,0,5,0,0,0,LEADER,1,0,0,0,0,4
12163,43,adaptive-prasle,2040,1,0,0,4,0,56,0,1,43,10123,2040,0,5,0,0,0,LEADER,1,0,0,0,0,4
12083,26,adaptive-prasle,1960,1,0,0,4,0,56,0,1,26,10123,1960,0,5,0,0,0,LEADER,1,0,0,0,0,4
11714,42,adaptive-prasle,1591,1,0,0,4,0,56,0,1,42,10123,1591,0,5,0,0,0,LEADER,1,0,0,0,0,4
11721,31,adaptive-prasle,1598,1,0,0,4,0,56,0,1,31,10123,1598,0,5,0,0,0,LEADER,1,0,0,0,0,4
12478,94,adaptive-prasle,2355,1,0,0,4,0,56,0,1,94,10123,2355,0,5,0,0,0,LEADER,1,0,0,0,0,4
12048,45,adaptive-prasle,1925,1,0,0,4,0,56,0,1,45,10123,1925,0,5,0,0,0,LEADER,1,0,0,0,0,4
12421,60,adaptive-prasle,2298,1,0,0,4,0,56,0,1,60,10123,2298,0,5,0,0,0,LEADER,1,0,0,0,0,4
12527,44,adaptive-prasle,1483,1,0,0,5,0,70,0,1,44,11044,1483,0,6,0,0,0,LEADER,1,0,0,0,0,5
12130,33,adaptive-prasle,2007,1,0,0,4,0,56,0,1,33,10123,2007,0,5,0,0,0,LEADER,1,0,0,0,0,4
11775,51,adaptive-prasle,1652,1,0,0,4,0,56,0,1,51,10123,1652,0,5,0,0,0,LEADER,1,0,0,0,0,4
12285,72,adaptive-prasle,2162,1,0,0,4,0,56,0,1,72,10123,2162,0,5,0,0,0,LEADER,1,0,0,0,0,4
12575,22,adaptive-prasle,1531,1,0,0,5,0,70,0,1,22,11044,1531,0,6,0,0,0,LEADER,1,0,0,0,0,5
12075,24,adaptive-prasle,1952,1,0,0,4,0,56,0,1,24,10123,1952,0,5,0,0,0,LEADER,1,0,0,0,0,4
12608,32,adaptive-prasle,1564,1,0,0,5,0,70,0,1,32,11044,1564,0,6,0,0,0,LEADER,1,0,0,0,0,5
11794,93,adaptive-prasle,1671,1,0,0,4,0,56,0,1,93,10123,1671,0,5,0,0,0,LEADER,1,0,0,0,0,4
12466,69,adaptive-prasle,2343,1,0,0,4,0,56,0,1,69,10123,2343,0,5,0,0,0,LEADER,1,0,0,0,0,4
12454,79,adaptive-prasle,2331,1,0,0,4,0,56,0,1,79,10123,2331,0,5,0,0,0,LEADER,1,0,0,0,0,4
12148,75,adaptive-prasle,2025,1,0,0,4,0,56,0,1,75,10123,2025,0,5,0,0,0,LEADER,1,0,0,0,0,4
11875,81,adaptive-prasle,1752,1,0,0,4,0,56,0,1,81,10123,1752,0,5,0,0,0,LEADER,1,0,0,0,0,4
11733,52,adaptive-prasle,1610,1,0,0,4,0,56,0,1,52,10123,1610,0,5,0,0,0,LEADER,1,0,0,0,0,4
12211,21,adaptive-prasle,2088,1,0,0,4,0,56,0,1,21,10123,2088,0,5,0,0,0,LEADER,1,0,0,0,0,4
12388,29,adaptive-prasle,2265,1,0,0,4,0,56,0,1,29,10123,2265,0,5,0,0,0,LEADER,1,0,0,0,0,4
11964,100,adaptive-prasle,1841,1,0,0,4,0,56,0,1,100,10123,1841,0,5,0,0,0,LEADER,1,0,0,0,0,4
11809,61,adaptive-prasle,1686,1,0,0,4,0,56,0,1,61,10123,1686,0,5,0,0,0,LEADER,1,0,0,0,0,4
12373,91,adaptive-prasle,2250,1,0,0,4,0,56,0,1,91,10123,2250,0,5,0,0,0,LEADER,1,0,0,0,0,4
12333,37,adaptive-prasle,2210,1,0,0,4,0,56,0,1,37,10123,2210,0,5,0,0,0,LEADER,1,0,0,0,0,4
11878,38,adaptive-prasle,1755,1,0,0,4,0,56,0,1,38,10123,1755,0,5,0,0,0,LEADER,1,0,0,0,0,4
12542,98,adaptive-prasle,2419,1,0,0,4,0,56,0,1,98,10123,2419,0,5,0,0,0,LEADER,1,0,0,0,0,4
12251,62,adaptive-prasle,2128,1,0,0,4,0,56,0,1,62,10123,2128,0,5,0,0,0,LEADER,1,0,0,0,0,4
12403,27,adaptive-prasle,2280,1,0,0,4,0,56,0,1,27,10123,2280,0,5,0,0,0,LEADER,1,0,0,0,0,4
12060,56,adaptive-prasle,1937,1,0,0,4,0,56,0,1,56,10123,1937,0,5,0,0,0,LEADER,1,0,0,0,0,4
12451,99,adaptive-prasle,2328,1,0,0,4,0,56,0,1,99,10123,2328,0,5,0,0,0,LEADER,1,0,0,0,0,4
12325,48,adaptive-prasle,2202,1,0,0,4,0,56,0,1,48,10123,2202,0,5,0,0,0,LEADER,1,0,0,0,0,4
11842,71,adaptive-prasle,1719,1,0,0,4,0,56,0,1,71,10123,1719,0,5,0,0,0,LEADER,1,0,0,0,0,4
12067,87,adaptive-prasle,1944,1,0,0,4,0,56,0,1,87,10123,1944,0,5,0,0,0,LEADER,1,0,0,0,0,4
11993,36,adaptive-prasle,1870,1,0,0,4,0,56,0,1,36,10123,1870,0,5,0,0,0,LEADER,1,0,0,0,0,4
12490,77,adaptive-prasle,1446,1,0,0,5,0,70,0,1,77,11044,1446,0,6,0,0,0,LEADER,1,0,0,0,0,5
12681,83,adaptive-prasle,1637,1,0,0,5,0,70,0,1,83,11044,1637,0,6,0,0,0,LEADER,1,0,0,0,0,5
12182,85,adaptive-prasle,2059,1,0,0,4,0,56,0,1,85,10123,2059,0,5,0,0,0,LEADER,1,0,0,0,0,4
12711,19,adaptive-prasle,1667,1,0,0,5,0,70,0,1,19,11044,1667,0,6,0,0,0,LEADER,1,0,0,0,0,5
12866,65,adaptive-prasle,1822,1,0,0,5,0,70,0,1,65,11044,1822,0,6,0,0,0,LEADER,1,0,0,0,0,5
12472,35,adaptive-prasle,1428,1,0,0,5,0,70,0,1,35,11044,1428,0,6,0,0,0,LEADER,1,0,0,0,0,5
12487,86,adaptive-prasle,1443,1,0,0,5,0,70,0,1,86,11044,1443,0,6,0,0,0,LEADER,1,0,0,0,0,5
12529,50,adaptive-prasle,2406,1,0,0,4,0,56,0,1,50,10123,2406,0,5,0,0,0,LEADER,1,0,0,0,0,4
12545,55,adaptive-prasle,1501,1,0,0,5,0,70,0,1,55,11044,1501,0,6,0,0,0,LEADER,1,0,0,0,0,5
12673,6,adaptive-prasle,1797,1,0,0,4,7,56,98,2,3,10876,1797,0,3,0,0,0,NORMAL,0,0,0,0,0,4
12422,4,adaptive-prasle,2030,1,0,0,4,8,56,112,2,3,10392,2030,0,3,0,0,0,NORMAL,0,0,0,0,0,4
12584,63,adaptive-prasle,1540,1,0,0,5,0,70,0,1,63,11044,1540,0,6,0,0,0,LEADER,1,0,0,0,0,5
12948,46,adaptive-prasle,1904,1,0,0,5,0,70,0,1,46,11044,1904,0,6,0,0,0,LEADER,1,0,0,0,0,5
12745,53,adaptive-prasle,1701,1,0,0,5,0,70,0,1,53,11044,1701,0,6,0,0,0,LEADER,1,0,0,0,0,5
12097,23,adaptive-prasle,1974,1,0,0,4,0,56,0,1,23,10123,1974,0,5,0,0,0,LEADER,1,0,0,0,0,4
12966,88,adaptive-prasle,1922,1,0,0,5,0,70,0,1,88,11044,1922,0,6,0,0,0,LEADER,1,0,0,0,0,5
12493,34,adaptive-prasle,1449,1,0,0,5,0,70,0,1,34,11044,1449,0,6,0,0,0,LEADER,1,0,0,0,0,5
12100,97,adaptive-prasle,1977,1,0,0,4,0,56,0,1,97,10123,1977,0,5,0,0,0,LEADER,1,0,0,0,0,4
12218,20,adaptive-prasle,2095,1,0,0,4,0,56,0,1,20,10123,2095,0,5,0,0,0,LEADER,1,0,0,0,0,4
12300,40,adaptive-prasle,2177,1,0,0,4,0,56,0,1,40,10123,2177,0,5,0,0,0,LEADER,1,0,0,0,0,4
12223,47,adaptive-prasle,2100,1,0,0,4,0,56,0,1,47,10123,2100,0,5,0,0,0,LEADER,1,0,0,0,0,4
13136,95,adaptive-prasle,2092,1,0,0,5,0,70,0,1,95,11044,2092,0,6,0,0,0,LEADER,1,0,0,0,0,5
12518,25,adaptive-prasle,2395,1,0,0,4,0,56,0,1,25,10123,2395,0,5,0,0,0,LEADER,1,0,0,0,0,4
13124,84,adaptive-prasle,2080,1,0,0,5,0,70,0,1,84,11044,2080,0,6,0,0,0,LEADER,1,0,0,0,0,5
12400,70,adaptive-prasle,2277,1,0,0,4,0,56,0,1,70,10123,2277,0,5,0,0,0,LEADER,1,0,0,0,0,4
12318,82,adaptive-prasle,2195,1,0,0,4,0,56,0,1,82,10123,2195,0,5,0,0,0,LEADER,1,0,0,0,0,4
12536,67,adaptive-prasle,2413,1,0,0,4,0,56,0,1,67,10123,2413,0,5,0,0,0,LEADER,1,0,0,0,0,4
12488,89,adaptive-prasle,2365,1,0,0,4,0,56,0,1,89,10123,2365,0,5,0,0,0,LEADER,1,0,0,0,0,4
13157,28,adaptive-prasle,2113,1,0,0,5,0,70,0,1,28,11044,2113,0,6,0,0,0,LEADER,1,0,0,0,0,5
12899,68,adaptive-prasle,1855,1,0,0,5,0,70,0,1,68,11044,1855,0,6,0,0,0,LEADER,1,0,0,0,0,5
12851,90,adaptive-prasle,1807,1,0,0,5,0,70,0,1,90,11044,1807,0,6,0,0,0,LEADER,1,0,0,0,0,5
12512,76,adaptive-prasle,1468,1,0,0,5,0,70,0,1,76,11044,1468,0,6,0,0,0,LEADER,1,0,0,0,0,5
12833,10,adaptive-prasle,1789,1,0,0,5,0,70,0,1,10,11044,1789,0,6,0,0,0,LEADER,1,0,0,0,0,5
13265,58,adaptive-prasle,2221,1,0,0,5,0,70,0,1,58,11044,2221,0,6,0,0,0,LEADER,1,0,0,0,0,5
12648,73,adaptive-prasle,1604,1,0,0,5,0,70,0,1,73,11044,1604,0,6,0,0,0,LEADER,1,0,0,0,0,5
12388,59,adaptive-prasle,2265,1,0,0,4,0,56,0,1,59,10123,2265,0,5,0,0,0,LEADER,1,0,0,0,0,4
12663,41,adaptive-prasle,1619,1,0,0,5,0,70,0,1,41,11044,1619,0,6,0,0,0,LEADER,1,0,0,0,0,5
12578,96,adaptive-prasle,1534,1,0,0,5,0,70,0,1,96,11044,1534,0,6,0,0,0,LEADER,1,0,0,0,0,5
12811,49,adaptive-prasle,1767,1,0,0,5,0,70,0,1,49,11044,1767,0,6,0,0,0,LEADER,1,0,0,0,0,5
12881,74,adaptive-prasle,1837,1,0,0,5,0,70,0,1,74,11044,1837,0,6,0,0,0,LEADER,1,0,0,0,0,5
13272,92,adaptive-prasle,2228,1,0,0,5,0,70,0,1,92,11044,2228,0,6,0,0,0,LEADER,1,0,0,0,0,5
12478,66,adaptive-prasle,1434,1,0,0,5,0,70,0,1,66,11044,1434,0,6,0,0,0,LEADER,1,0,0,0,0,5
12503,57,adaptive-prasle,2380,1,0,0,4,0,56,0,1,57,10123,2380,0,5,0,0,0,LEADER,1,0,0,0,0,4
13304,78,adaptive-prasle,2260,1,0,0,5,0,70,0,1,78,11044,2260,0,6,0,0,0,LEADER,1,0,0,0,0,5
12469,39,adaptive-prasle,2346,1,0,0,4,0,56,0,1,39,10123,2346,0,5,0,0,0,LEADER,1,0,0,0,0,4
13187,30,adaptive-prasle,2143,1,0,0,5,0,70,0,1,30,11044,2143,0,6,0,0,0,LEADER,1,0,0,0,0,5
12593,64,adaptive-prasle,1549,1,0,0,5,0,70,0,1,64,11044,1549,0,6,0,0,0,LEADER,1,0,0,0,0,5
12818,80,adaptive-prasle,1774,1,0,0,5,0,70,0,1,80,11044,1774,0,6,0,0,0,LEADER,1,0,0,0,0,5
12560,54,adaptive-prasle,1516,1,0,0,5,0,70,0,1,54,11044,1516,0,6,0,0,0,LEADER,1,0,0,0,0,5
13084,43,adaptive-prasle,2040,1,0,0,5,0,70,0,1,43,11044,2040,0,6,0,0,0,LEADER,1,0,0,0,0,5
13004,26,adaptive-prasle,1960,1,0,0,5,0,70,0,1,26,11044,1960,0,6,0,0,0,LEADER,1,0,0,0,0,5
12635,42,adaptive-prasle,1591,1,0,0,5,0,70,0,1,42,11044,1591,0,6,0,0,0,LEADER,1,0,0,0,0,5
12642,31,adaptive-prasle,1598,1,0,0,5,0,70,0,1,31,11044,1598,0,6,0,0,0,LEADER,1,0,0,0,0,5
13399,94,adaptive-prasle,2355,1,0,0,5,0,70,0,1,94,11044,2355,0,6,0,0,0,LEADER,1,0,0,0,0,5
12969,45,adaptive-prasle,1925,1,0,0,5,0,70,0,1,45,11044,1925,0,6,0,0,0,LEADER,1,0,0,0,0,5
13342,60,adaptive-prasle,2298,1,0,0,5,0,70,0,1,60,11044,2298,0,6,0,0,0,LEADER,1,0,0,0,0,5
13447,44,adaptive-prasle,1483,1,0,0,5,0,70,0,1,44,11964,1483,0,6,0,0,0,LEADER,1,0,0,0,0,5
13051,33,adaptive-prasle,2007,1,0,0,5,0,70,0,1,33,11044,2007,0,6,0,0,0,LEADER,1,0,0,0,0,5
12696,51,adaptive-prasle,1652,1,0,0,5,0,70,0,1,51,11044,1652,0,6,0,0,0,LEADER,1,0,0,0,0,5
13495,22,adaptive-prasle,1531,1,0,0,5,0,70,0,1,22,11964,1531,0,6,0,0,0,LEADER,1,0,0,0,0,5
13206,72,adaptive-prasle,2162,1,0,0,5,0,70,0,1,72,11044,2162,0,6,0,0,0,LEADER,1,0,0,0,0,5
12996,24,adaptive-prasle,1952,1,0,0,5,0,70,0,1,24,11044,1952,0,6,0,0,0,LEADER,1,0,0,0,0,5
13528,32,adaptive-prasle,1564,1,0,0,5,0,70,0,1,32,11964,1564,0,6,0,0,0,LEADER,1,0,0,0,0,5
12715,93,adaptive-prasle,1671,1,0,0,5,0,70,0,1,93,11044,1671,0,6,0,0,0,LEADER,1,0,0,0,0,5
13387,69,adaptive-prasle,2343,1,0,0,5,0,70,0,1,69,11044,2343,0,6,0,0,0,LEADER,1,0,0,0,0,5
13375,79,adaptive-prasle,2331,1,0,0,5,0,70,0,1,79,11044,2331,0,6,0,0,0,LEADER,1,0,0,0,0,5
13069,75,adaptive-prasle,2025,1,0,0,5,0,70,0,1,75,11044,2025,0,6,0,0,0,LEADER,1,0,0,0,0,5
12796,81,adaptive-prasle,1752,1,0,0,5,0,70,0,1,81,11044,1752,0,6,0,0,0,LEADER,1,0,0,0,0,5
12654,52,adaptive-prasle,1610,1,0,0,5,0,70,0,1,52,11044,1610,0,6,0,0,0,LEADER,1,0,0,0,0,5
13132,21,adaptive-prasle,2088,1,0,0,5,0,70,0,1,21,11044,2088,0,6,0,0,0,LEADER,1,0,0,0,0,5
13309,29,adaptive-prasle,2265,1,0,0,5,0,70,0,1,29,11044,2265,0,6,0,0,0,LEADER,1,0,0,0,0,5
12885,100,adaptive-prasle,1841,1,0,0,5,0,70,0,1,100,11044,1841,0,6,0,0,0,LEADER,1,0,0,0,0,5
12730,61,adaptive-prasle,1686,1,0,0,5,0,70,0,1,61,11044,1686,0,6,0,0,0,LEADER,1,0,0,0,0,5
13294,91,adaptive-prasle,2250,1,0,0,5,0,70,0,1,91,11044,2250,0,6,0,0,0,LEADER,1,0,0,0,0,5
13254,37,adaptive-prasle,2210,1,0,0,5,0,70,0,1,37,11044,2210,0,6,0,0,0,LEADER,1,0,0,0,0,5
12799,38,adaptive-prasle,1755,1,0,0,5,0,70,0,1,38,11044,1755,0,6,0,0,0,LEADER,1,0,0,0,0,5
13463,98,adaptive-prasle,2419,1,0,0,5,0,70,0,1,98,11044,2419,0,6,0,0,0,LEADER,1,0,0,0,0,5
13324,27,adaptive-prasle,2280,1,0,0,5,0,70,0,1,27,11044,2280,0,6,0,0,0,LEADER,1,0,0,0,0,5
13172,62,adaptive-prasle,2128,1,0,0,5,0,70,0,1,62,11044,2128,0,6,0,0,0,LEADER,1,0,0,0,0,5
12981,56,adaptive-prasle,1937,1,0,0,5,0,70,0,1,56,11044,1937,0,6,0,0,0,LEADER,1,0,0,0,0,5
13372,99,adaptive-prasle,2328,1,0,0,5,0,70,0,1,99,11044,2328,0,6,0,0,0,LEADER,1,0,0,0,0,5
13246,48,adaptive-prasle,2202,1,0,0,5,0,70,0,1,48,11044,2202,0,6,0,0,0,LEADER,1,0,0,0,0,5
12763,71,adaptive-prasle,1719,1,0,0,5,0,70,0,1,71,11044,1719,0,6,0,0,0,LEADER,1,0,0,0,0,5
12988,87,adaptive-prasle,1944,1,0,0,5,0,70,0,1,87,11044,1944,0,6,0,0,0,LEADER,1,0,0,0,0,5
12914,36,adaptive-prasle,1870,1,0,0,5,0,70,0,1,36,11044,1870,0,6,0,0,0,LEADER,1,0,0,0,0,5
13410,77,adaptive-prasle,1446,1,0,0,5,0,70,0,1,77,11964,1446,0,6,0,0,0,LEADER,1,0,0,0,0,5
13601,83,adaptive-prasle,1637,1,0,0,5,0,70,0,1,83,11964,1637,0,6,0,0,0,LEADER,1,0,0,0,0,5
13103,85,adaptive-prasle,2059,1,0,0,5,0,70,0,1,85,11044,2059,0,6,0,0,0,LEADER,1,0,0,0,0,5
13631,19,adaptive-prasle,1667,1,0,0,5,0,70,0,1,19,11964,1667,0,6,0,0,0,LEADER,1,0,0,0,0,5
13786,65,adaptive-prasle,1822,1,0,0,5,0,70,0,1,65,11964,1822,0,6,0,0,0,LEADER,1,0,0,0,0,5
13392,35,adaptive-prasle,1428,1,0,0,5,0,70,0,1,35,11964,1428,0,6,0,0,0,LEADER,1,0,0,0,0,5
13407,86,adaptive-prasle,1443,1,0,0,5,0,70,0,1,86,11964,1443,0,6,0,0,0,LEADER,1,0,0,0,0,5
13450,50,adaptive-prasle,2406,1,0,0,5,0,70,0,1,50,11044,2406,0,6,0,0,0,LEADER,1,0,0,0,0,5
13465,55,adaptive-prasle,1501,1,0,0,5,0,70,0,1,55,11964,1501,0,6,0,0,0,LEADER,1,0,0,0,0,5
13504,63,adaptive-prasle,1540,1,0,0,5,0,70,0,1,63,11964,1540,0,6,0,0,0,LEADER,1,0,0,0,0,5
13868,46,adaptive-prasle,1904,1,0,0,5,0,70,0,1,46,11964,1904,0,6,0,0,0,LEADER,1,0,0,0,0,5
13665,53,adaptive-prasle,1701,1,0,0,5,0,70,0,1,53,11964,1701,0,6,0,0,0,LEADER,1,0,0,0,0,5
13018,23,adaptive-prasle,1974,1,0,0,5,0,70,0,1,23,11044,1974,0,6,0,0,0,LEADER,1,0,0,0,0,5
13886,88,adaptive-prasle,1922,1,0,0,5,0,70,0,1,88,11964,1922,0,6,0,0,0,LEADER,1,0,0,0,0,5
13413,34,adaptive-prasle,1449,1,0,0,5,0,70,0,1,34,11964,1449,0,6,0,0,0,LEADER,1,0,0,0,0,5
13021,97,adaptive-prasle,1977,1,0,0,5,0,70,0,1,97,11044,1977,0,6,0,0,0,LEADER,1,0,0,0,0,5
13139,20,adaptive-prasle,2095,1,0,0,5,0,70,0,1,20,11044,2095,0,6,0,0,0,LEADER,1,0,0,0,0,5
13221,40,adaptive-prasle,2177,1,0,0,5,0,70,0,1,40,11044,2177,0,6,0,0,0,LEADER,1,0,0,0,0,5
13144,47,adaptive-prasle,2100,1,0,0,5,0,70,0,1,47,11044,2100,0,6,0,0,0,LEADER,1,0,0,0,0,5
14056,95,adaptive-prasle,2092,1,0,0,5,0,70,0,1,95,11964,2092,0,6,0,0,0,LEADER,1,0,0,0,0,5
13439,25,adaptive-prasle,2395,1,0,0,5,0,70,0,1,25,11044,2395,0,6,0,0,0,LEADER,1,0,0,0,0,5
14044,84,adaptive-prasle,2080,1,0,0,5,0,70,0,1,84,11964,2080,0,6,0,0,0,LEADER,1,0,0,0,0,5
13321,70,adaptive-prasle,2277,1,0,0,5,0,70,0,1,70,11044,2277,0,6,0,0,0,LEADER,1,0,0,0,0,5
13239,82,adaptive-prasle,2195,1,0,0,5,0,70,0,1,82,11044,2195,0,6,0,0,0,LEADER,1,0,0,0,0,5
13457,67,adaptive-prasle,2413,1,0,0,5,0,70,0,1,67,11044,2413,0,6,0,0,0,LEADER,1,0,0,0,0,5
13409,89,adaptive-prasle,2365,1,0,0,5,0,70,0,1,89,11044,2365,0,6,0,0,0,LEADER,1,0,0,0,0,5
14077,28,adaptive-prasle,2113,1,0,0,5,0,70,0,1,28,11964,2113,0,6,0,0,0,LEADER,1,0,0,0,0,5
13819,68,adaptive-prasle,1855,1,0,0,5,0,70,0,1,68,11964,1855,0,6,0,0,0,LEADER,1,0,0,0,0,5
13771,90,adaptive-prasle,1807,1,0,0,5,0,70,0,1,90,11964,1807,0,6,0,0,0,LEADER,1,0,0,0,0,5
13432,76,adaptive-prasle,1468,1,0,0,5,0,70,0,1,76,11964,1468,0,6,0,0,0,LEADER,1,0,0,0,0,5
14185,58,adaptive-prasle,2221,1,0,0,5,0,70,0,1,58,11964,2221,0,6,0,0,0,LEADER,1,0,0,0,0,5
13753,10,adaptive-prasle,1789,1,0,0,5,0,70,0,1,10,11964,1789,0,6,0,0,0,LEADER,1,0,0,0,0,5
13568,73,adaptive-prasle,1604,1,0,0,5,0,70,0,1,73,11964,1604,0,6,0,0,0,LEADER,1,0,0,0,0,5
13309,59,adaptive-prasle,2265,1,0,0,5,0,70,0,1,59,11044,2265,0,6,0,0,0,LEADER,1,0,0,0,0,5
13583,41,adaptive-prasle,1619,1,0,0,5,0,70,0,1,41,11964,1619,0,6,0,0,0,LEADER,1,0,0,0,0,5
13498,96,adaptive-prasle,1534,1,0,0,5,0,70,0,1,96,11964,1534,0,6,0,0,0,LEADER,1,0,0,0,0,5
13436,3,adaptive-prasle,1603,1,0,0,4,9,56,126,2,3,11833,1603,0,4,0,0,0,LEADER,1,0,0,0,0,4
13731,49,adaptive-prasle,1767,1,0,0,5,0,70,0,1,49,11964,1767,0,6,0,0,0,LEADER,1,0,0,0,0,5
13801,74,adaptive-prasle,1837,1,0,0,5,0,70,0,1,74,11964,1837,0,6,0,0,0,LEADER,1,0,0,0,0,5
14192,92,adaptive-prasle,2228,1,0,0,5,0,70,0,1,92,11964,2228,0,6,0,0,0,LEADER,1,0,0,0,0,5
13398,66,adaptive-prasle,1434,1,0,0,5,0,70,0,1,66,11964,1434,0,6,0,0,0,LEADER,1,0,0,0,0,5
14154,11,adaptive-prasle,2055,1,0,0,4,2,56,28,2,11,12099,2055,0,4,0,0,0,LEADER,1,0,0,0,0,4
13424,57,adaptive-prasle,2380,1,0,0,5,0,70,0,1,57,11044,2380,0,6,0,0,0,LEADER,1,0,0,0,0,5
14224,78,adaptive-prasle,2260,1,0,0,5,0,70,0,1,78,11964,2260,0,6,0,0,0,LEADER,1,0,0,0,0,5
13390,39,adaptive-prasle,2346,1,0,0,5,0,70,0,1,39,11044,2346,0,6,0,0,0,LEADER,1,0,0,0,0,5
14107,30,adaptive-prasle,2143,1,0,0,5,0,70,0,1,30,11964,2143,0,6,0,0,0,LEADER,1,0,0,0,0,5
13513,64,adaptive-prasle,1549,1,0,0,5,0,70,0,1,64,11964,1549,0,6,0,0,0,LEADER,1,0,0,0,0,5
13738,80,adaptive-prasle,1774,1,0,0,5,0,70,0,1,80,11964,1774,0,6,0,0,0,LEADER,1,0,0,0,0,5
13480,54,adaptive-prasle,1516,1,0,0,5,0,70,0,1,54,11964,1516,0,6,0,0,0,LEADER,1,0,0,0,0,5
14004,43,adaptive-prasle,2040,1,0,0,5,0,70,0,1,43,11964,2040,0,6,0,0,0,LEADER,1,0,0,0,0,5
13924,26,adaptive-prasle,1960,1,0,0,5,0,70,0,1,26,11964,1960,0,6,0,0,0,LEADER,1,0,0,0,0,5
13555,42,adaptive-prasle,1591,1,0,0,5,0,70,0,1,42,11964,1591,0,6,0,0,0,LEADER,1,0,0,0,0,5
13562,31,adaptive-prasle,1598,1,0,0,5,0,70,0,1,31,11964,1598,0,6,0,0,0,LEADER,1,0,0,0,0,5
14319,94,adaptive-prasle,2355,1,0,0,5,0,70,0,1,94,11964,2355,0,6,0,0,0,LEADER,1,0,0,0,0,5
13889,45,adaptive-prasle,1925,1,0,0,5,0,70,0,1,45,11964,1925,0,6,0,0,0,LEADER,1,0,0,0,0,5
14262,60,adaptive-prasle,2298,1,0,0,5,0,70,0,1,60,11964,2298,0,6,0,0,0,LEADER,1,0,0,0,0,5
14367,44,adaptive-prasle,1483,1,0,0,5,0,70,0,1,44,12884,1483,0,6,0,0,0,LEADER,1,0,0,0,0,5
13971,33,adaptive-prasle,2007,1,0,0,5,0,70,0,1,33,11964,2007,0,6,0,0,0,LEADER,1,0,0,0,0,5
13616,51,adaptive-prasle,1652,1,0,0,5,0,70,0,1,51,11964,1652,0,6,0,0,0,LEADER,1,0,0,0,0,5
14415,22,adaptive-prasle,1531,1,0,0,5,0,70,0,1,22,12884,1531,0,6,0,0,0,LEADER,1,0,0,0,0,5
14126,72,adaptive-prasle,2162,1,0,0,5,0,70,0,1,72,11964,2162,0,6,0,0,0,LEADER,1,0,0,0,0,5
13916,24,adaptive-prasle,1952,1,0,0,5,0,70,0,1,24,11964,1952,0,6,0,0,0,LEADER,1,0,0,0,0,5
14448,32,adaptive-prasle,1564,1,0,0,5,0,70,0,1,32,12884,1564,0,6,0,0,0,LEADER,1,0,0,0,0,5
13635,93,adaptive-prasle,1671,1,0,0,5,0,70,0,1,93,11964,1671,0,6,0,0,0,LEADER,1,0,0,0,0,5
14307,69,adaptive-prasle,2343,1,0,0,5,0,70,0,1,69,11964,2343,0,6,0,0,0,LEADER,1,0,0,0,0,5
14295,79,adaptive-prasle,2331,1,0,0,5,0,70,0,1,79,11964,2331,0,6,0,0,0,LEADER,1,0,0,0,0,5
13989,75,adaptive-prasle,2025,1,0,0,5,0,70,0,1,75,11964,2025,0,6,0,0,0,LEADER,1,0,0,0,0,5
13716,81,adaptive-prasle,1752,1,0,0,5,0,70,0,1,81,11964,1752,0,6,0,0,0,LEADER,1,0,0,0,0,5
13574,52,adaptive-prasle,1610,1,0,0,5,0,70,0,1,52,11964,1610,0,6,0,0,0,LEADER,1,0,0,0,0,5
14052,21,adaptive-prasle,2088,1,0,0,5,0,70,0,1,21,11964,2088,0,6,0,0,0,LEADER,1,0,0,0,0,5
14229,29,adaptive-prasle,2265,1,0,0,5,0,70,0,1,29,11964,2265,0,6,0,0,0,LEADER,1,0,0,0,0,5
13805,100,adaptive-prasle,1841,1,0,0,5,0,70,0,1,100,11964,1841,0,6,0,0,0,LEADER,1,0,0,0,0,5
13650,61,adaptive-prasle,1686,1,0,0,5,0,70,0,1,61,11964,1686,0,6,0,0,0,LEADER,1,0,0,0,0,5
14214,91,adaptive-prasle,2250,1,0,0,5,0,70,0,1,91,11964,2250,0,6,0,0,0,LEADER,1,0,0,0,0,5
14174,37,adaptive-prasle,2210,1,0,0,5,0,70,0,1,37,11964,2210,0,6,0,0,0,LEADER,1,0,0,0,0,5
13719,38,adaptive-prasle,1755,1,0,0,5,0,70,0,1,38,11964,1755,0,6,0,0,0,LEADER,1,0,0,0,0,5
14383,98,adaptive-prasle,2419,1,0,0,5,0,70,0,1,98,11964,2419,0,6,0,0,0,LEADER,1,0,0,0,0,5
14092,62,adaptive-prasle,2128,1,0,0,5,0,70,0,1,62,11964,2128,0,6,0,0,0,LEADER,1,0,0,0,0,5
13901,56,adaptive-prasle,1937,1,0,0,5,0,70,0,1,56,11964,1937,0,6,0,0,0,LEADER,1,0,0,0,0,5
14244,27,adaptive-prasle,2280,1,0,0,5,0,70,0,1,27,11964,2280,0,6,0,0,0,LEADER,1,0,0,0,0,5
14292,99,adaptive-prasle,2328,1,0,0,5,0,70,0,1,99,11964,2328,0,6,0,0,0,LEADER,1,0,0,0,0,5
14166,48,adaptive-prasle,2202,1,0,0,5,0,70,0,1,48,11964,2202,0,6,0,0,0,LEADER,1,0,0,0,0,5
13683,71,adaptive-prasle,1719,1,0,0,5,0,70,0,1,71,11964,1719,0,6,0,0,0,LEADER,1,0,0,0,0,5
13908,87,adaptive-prasle,1944,1,0,0,5,0,70,0,1,87,11964,1944,0,6,0,0,0,LEADER,1,0,0,0,0,5
13834,36,adaptive-prasle,1870,1,0,0,5,0,70,0,1,36,11964,1870,0,6,0,0,0,LEADER,1,0,0,0,0,5
14330,77,adaptive-prasle,1446,1,0,0,5,0,70,0,1,77,12884,1446,0,6,0,0,0,LEADER,1,0,0,0,0,5
14521,83,adaptive-prasle,1637,1,0,0,5,0,70,0,1,83,12884,1637,0,6,0,0,0,LEADER,1,0,0,0,0,5
14023,85,adaptive-prasle,2059,1,0,0,5,0,70,0,1,85,11964,2059,0,6,0,0,0,LEADER,1,0,0,0,0,5
14551,19,adaptive-prasle,1667,1,0,0,5,0,70,0,1,19,12884,1667,0,6,0,0,0,LEADER,1,0,0,0,0,5
14706,65,adaptive-prasle,1822,1,0,0,5,0,70,0,1,65,12884,1822,0,6,0,0,0,LEADER,1,0,0,0,0,5
14312,35,adaptive-prasle,1428,1,0,0,5,0,70,0,1,35,12884,1428,0,6,0,0,0,LEADER,1,0,0,0,0,5
14327,86,adaptive-prasle,1443,1,0,0,5,0,70,0,1,86,12884,1443,0,6,0,0,0,LEADER,1,0,0,0,0,5
14370,50,adaptive-prasle,2406,1,0,0,5,0,70,0,1,50,11964,2406,0,6,0,0,0,LEADER,1,0,0,0,0,5
14385,55,adaptive-prasle,1501,1,0,0,5,0,70,0,1,55,12884,1501,0,6,0,0,0,LEADER,1,0,0,0,0,5
14424,63,adaptive-prasle,1540,1,0,0,5,0,70,0,1,63,12884,1540,0,6,0,0,0,LEADER,1,0,0,0,0,5
14788,46,adaptive-prasle,1904,1,0,0,5,0,70,0,1,46,12884,1904,0,6,0,0,0,LEADER,1,0,0,0,0,5
14585,53,adaptive-prasle,1701,1,0,0,5,0,70,0,1,53,12884,1701,0,6,0,0,0,LEADER,1,0,0,0,0,5
13938,23,adaptive-prasle,1974,1,0,0,5,0,70,0,1,23,11964,1974,0,6,0,0,0,LEADER,1,0,0,0,0,5
14806,88,adaptive-prasle,1922,1,0,0,5,0,70,0,1,88,12884,1922,0,6,0,0,0,LEADER,1,0,0,0,0,5
14333,34,adaptive-prasle,1449,1,0,0,5,0,70,0,1,34,12884,1449,0,6,0,0,0,LEADER,1,0,0,0,0,5
13941,97,adaptive-prasle,1977,1,0,0,5,0,70,0,1,97,11964,1977,0,6,0,0,0,LEADER,1,0,0,0,0,5
14059,20,adaptive-prasle,2095,1,0,0,5,0,70,0,1,20,11964,2095,0,6,0,0,0,LEADER,1,0,0,0,0,5
14141,40,adaptive-prasle,2177,1,0,0,5,0,70,0,1,40,11964,2177,0,6,0,0,0,LEADER,1,0,0,0,0,5
14064,47,adaptive-prasle,2100,1,0,0,5,0,70,0,1,47,11964,2100,0,6,0,0,0,LEADER,1,0,0,0,0,5
14976,95,adaptive-prasle,2092,1,0,0,5,0,70,0,1,95,12884,2092,0,6,0,0,0,LEADER,1,0,0,0,0,5
14359,25,adaptive-prasle,2395,1,0,0,5,0,70,0,1,25,11964,2395,0,6,0,0,0,LEADER,1,0,0,0,0,5
14964,84,adaptive-prasle,2080,1,0,0,5,0,70,0,1,84,12884,2080,0,6,0,0,0,LEADER,1,0,0,0,0,5
14241,70,adaptive-prasle,2277,1,0,0,5,0,70,0,1,70,11964,2277,0,6,0,0,0,LEADER,1,0,0,0,0,5
14159,82,adaptive-prasle,2195,1,0,0,5,0,70,0,1,82,11964,2195,0,6,0,0,0,LEADER,1,0,0,0,0,5
14377,67,adaptive-prasle,2413,1,0,0,5,0,70,0,1,67,11964,2413,0,6,0,0,0,LEADER,1,0,0,0,0,5
14329,89,adaptive-prasle,2365,1,0,0,5,0,70,0,1,89,11964,2365,0,6,0,0,0,LEADER,1,0,0,0,0,5
14997,28,adaptive-prasle,2113,1,0,0,5,0,70,0,1,28,12884,2113,0,6,0,0,0,LEADER,1,0,0,0,0,5
14739,68,adaptive-prasle,1855,1,0,0,5,0,70,0,1,68,12884,1855,0,6,0,0,0,LEADER,1,0,0,0,0,5
14691,90,adaptive-prasle,1807,1,0,0,5,0,70,0,1,90,12884,1807,0,6,0,0,0,LEADER,1,0,0,0,0,5
14352,76,adaptive-prasle,1468,1,0,0,5,0,70,0,1,76,12884,1468,0,6,0,0,0,LEADER,1,0,0,0,0,5
15105,58,adaptive-prasle,2221,1,0,0,5,0,70,0,1,58,12884,2221,0,6,0,0,0,LEADER,1,0,0,0,0,5
14673,10,adaptive-prasle,1789,1,0,0,5,0,70,0,1,10,12884,1789,0,6,0,0,0,LEADER,1,0,0,0,0,5
14488,73,adaptive-prasle,1604,1,0,0,5,0,70,0,1,73,12884,1604,0,6,0,0,0,LEADER,1,0,0,0,0,5
14229,59,adaptive-prasle,2265,1,0,0,5,0,70,0,1,59,11964,2265,0,6,0,0,0,LEADER,1,0,0,0,0,5
14503,41,adaptive-prasle,1619,1,0,0,5,0,70,0,1,41,12884,1619,0,6,0,0,0,LEADER,1,0,0,0,0,5
14418,96,adaptive-prasle,1534,1,0,0,5,0,70,0,1,96,12884,1534,0,6,0,0,0,LEADER,1,0,0,0,0,5
14651,49,adaptive-prasle,1767,1,0,0,5,0,70,0,1,49,12884,1767,0,6,0,0,0,LEADER,1,0,0,0,0,5
14721,74,adaptive-prasle,1837,1,0,0,5,0,70,0,1,74,12884,1837,0,6,0,0,0,LEADER,1,0,0,0,0,5
15112,92,adaptive-prasle,2228,1,0,0,5,0,70,0,1,92,12884,2228,0,6,0,0,0,LEADER,1,0,0,0,0,5
14318,66,adaptive-prasle,1434,1,0,0,5,0,70,0,1,66,12884,1434,0,6,0,0,0,LEADER,1,0,0,0,0,5
14889,14,adaptive-prasle,2096,1,0,0,3,5,42,70,1,2,12793,2096,0,2,0,0,0,NORMAL,0,0,0,0,0,3
14344,57,adaptive-prasle,2380,1,0,0,5,0,70,0,1,57,11964,2380,0,6,0,0,0,LEADER,1,0,0,0,0,5
15144,78,adaptive-prasle,2260,1,0,0,5,0,70,0,1,78,12884,2260,0,6,0,0,0,LEADER,1,0,0,0,0,5
14310,39,adaptive-prasle,2346,1,0,0,5,0,70,0,1,39,11964,2346,0,6,0,0,0,LEADER,1,0,0,0,0,5
15027,30,adaptive-prasle,2143,1,0,0,5,0,70,0,1,30,12884,2143,0,6,0,0,0,LEADER,1,0,0,0,0,5
14433,64,adaptive-prasle,1549,1,0,0,5,0,70,0,1,64,12884,1549,0,6,0,0,0,LEADER,1,0,0,0,0,5
14658,80,adaptive-prasle,1774,1,0,0,5,0,70,0,1,80,12884,1774,0,6,0,0,0,LEADER,1,0,0,0,0,5
14955,5,adaptive-prasle,2338,1,0,0,4,9,56,126,2,3,12617,2338,0,3,0,0,0,NORMAL,0,0,0,0,0,4
14400,54,adaptive-prasle,1516,1,0,0,5,0,70,0,1,54,12884,1516,0,6,0,0,0,LEADER,1,0,0,0,0,5
14924,43,adaptive-prasle,2040,1,0,0,5,0,70,0,1,43,12884,2040,0,6,0,0,0,LEADER,1,0,0,0,0,5
14844,26,adaptive-prasle,1960,1,0,0,5,0,70,0,1,26,12884,1960,0,6,0,0,0,LEADER,1,0,0,0,0,5
14475,42,adaptive-prasle,1591,1,0,0,5,0,70,0,1,42,12884,1591,0,6,0,0,0,LEADER,1,0,0,0,0,5
14482,31,adaptive-prasle,1598,1,0,0,5,0,70,0,1,31,12884,1598,0,6,0,0,0,LEADER,1,0,0,0,0,5
15239,94,adaptive-prasle,2355,1,0,0,5,0,70,0,1,94,12884,2355,0,6,0,0,0,LEADER,1,0,0,0,0,5
14809,45,adaptive-prasle,1925,1,0,0,5,0,70,0,1,45,12884,1925,0,6,0,0,0,LEADER,1,0,0,0,0,5
15182,60,adaptive-prasle,2298,1,0,0,5,0,70,0,1,60,12884,2298,0,6,0,0,0,LEADER,1,0,0,0,0,5
15288,44,adaptive-prasle,1483,1,0,0,6,0,84,0,1,44,13805,1483,0,7,0,0,0,LEADER,1,0,0,0,0,6
14891,33,adaptive-prasle,2007,1,0,0,5,0,70,0,1,33,12884,2007,0,6,0,0,0,LEADER,1,0,0,0,0,5
14536,51,adaptive-prasle,1652,1,0,0,5,0,70,0,1,51,12884,1652,0,6,0,0,0,LEADER,1,0,0,0,0,5
15046,72,adaptive-prasle,2162,1,0,0,5,0,70,0,1,72,12884,2162,0,6,0,0,0,LEADER,1,0,0,0,0,5
15336,22,adaptive-prasle,1531,1,0,0,6,0,84,0,1,22,13805,1531,0,7,0,0,0,LEADER,1,0,0,0,0,6
14836,24,adaptive-prasle,1952,1,0,0,5,0,70,0,1,24,12884,1952,0,6,0,0,0,LEADER,1,0,0,0,0,5
15369,32,adaptive-prasle,1564,1,0,0,6,0,84,0,1,32,13805,1564,0,7,0,0,0,LEADER,1,0,0,0,0,6
14555,93,adaptive-prasle,1671,1,0,0,5,0,70,0,1,93,12884,1671,0,6,0,0,0,LEADER,1,0,0,0,0,5
15227,69,adaptive-prasle,2343,1,0,0,5,0,70,0,1,69,12884,2343,0,6,0,0,0,LEADER,1,0,0,0,0,5
15215,79,adaptive-prasle,2331,1,0,0,5,0,70,0,1,79,12884,2331,0,6,0,0,0,LEADER,1,0,0,0,0,5
14909,75,adaptive-prasle,2025,1,0,0,5,0,70,0,1,75,12884,2025,0,6,0,0,0,LEADER,1,0,0,0,0,5
14636,81,adaptive-prasle,1752,1,0,0,5,0,70,0,1,81,12884,1752,0,6,0,0,0,LEADER,1,0,0,0,0,5
14494,52,adaptive-prasle,1610,1,0,0,5,0,70,0,1,52,12884,1610,0,6,0,0,0,LEADER,1,0,0,0,0,5
14972,21,adaptive-prasle,2088,1,0,0,5,0,70,0,1,21,12884,2088,0,6,0,0,0,LEADER,1,0,0,0,0,5
15149,29,adaptive-prasle,2265,1,0,0,5,0,70,0,1,29,12884,2265,0,6,0,0,0,LEADER,1,0,0,0,0,5
14725,100,adaptive-prasle,1841,1,0,0,5,0,70,0,1,100,12884,1841,0,6,0,0,0,LEADER,1,0,0,0,0,5
14570,61,adaptive-prasle,1686,1,0,0,5,0,70,0,1,61,12884,1686,0,6,0,0,0,LEADER,1,0,0,0,0,5
15134,91,adaptive-prasle,2250,1,0,0,5,0,70,0,1,91,12884,2250,0,6,0,0,0,LEADER,1,0,0,0,0,5
15094,37,adaptive-prasle,2210,1,0,0,5,0,70,0,1,37,12884,2210,0,6,0,0,0,LEADER,1,0,0,0,0,5
14639,38,adaptive-prasle,1755,1,0,0,5,0,70,0,1,38,12884,1755,0,6,0,0,0,LEADER,1,0,0,0,0,5
15303,98,adaptive-prasle,2419,1,0,0,5,0,70,0,1,98,12884,2419,0,6,0,0,0,LEADER,1,0,0,0,0,5
15012,62,adaptive-prasle,2128,1,0,0,5,0,70,0,1,62,12884,2128,0,6,0,0,0,LEADER,1,0,0,0,0,5
15164,27,adaptive-prasle,2280,1,0,0,5,0,70,0,1,27,12884,2280,0,6,0,0,0,LEADER,1,0,0,0,0,5
14821,56,adaptive-prasle,1937,1,0,0,5,0,70,0,1,56,12884,1937,0,6,0,0,0,LEADER,1,0,0,0,0,5
15212,99,adaptive-prasle,2328,1,0,0,5,0,70,0,1,99,12884,2328,0,6,0,0,0,LEADER,1,0,0,0,0,5
15086,48,adaptive-prasle,2202,1,0,0,5,0,70,0,1,48,12884,2202,0,6,0,0,0,LEADER,1,0,0,0,0,5
14603,71,adaptive-prasle,1719,1,0,0,5,0,70,0,1,71,12884,1719,0,6,0,0,0,LEADER,1,0,0,0,0,5
14828,87,adaptive-prasle,1944,1,0,0,5,0,70,0,1,87,12884,1944,0,6,0,0,0,LEADER,1,0,0,0,0,5
14754,36,adaptive-prasle,1870,1,0,0,5,0,70,0,1,36,12884,1870,0,6,0,0,0,LEADER,1,0,0,0,0,5
15251,77,adaptive-prasle,1446,1,0,0,6,0,84,0,1,77,13805,1446,0,7,0,0,0,LEADER,1,0,0,0,0,6
15442,83,adaptive-prasle,1637,1,0,0,6,0,84,0,1,83,13805,1637,0,7,0,0,0,LEADER,1,0,0,0,0,6
14943,85,adaptive-prasle,2059,1,0,0,5,0,70,0,1,85,12884,2059,0,6,0,0,0,LEADER,1,0,0,0,0,5
15472,19,adaptive-prasle,1667,1,0,0,6,0,84,0,1,19,13805,1667,0,7,0,0,0,LEADER,1,0,0,0,0,6
15627,65,adaptive-prasle,1822,1,0,0,6,0,84,0,1,65,13805,1822,0,7,0,0,0,LEADER,1,0,0,0,0,6
15233,35,adaptive-prasle,1428,1,0,0,6,0,84,0,1,35,13805,1428,0,7,0,0,0,LEADER,1,0,0,0,0,6
15248,86,adaptive-prasle,1443,1,0,0,6,0,84,0,1,86,13805,1443,0,7,0,0,0,LEADER,1,0,0,0,0,6
15290,50,adaptive-prasle,2406,1,0,0,5,0,70,0,1,50,12884,2406,0,6,0,0,0,LEADER,1,0,0,0,0,5
15306,55,adaptive-prasle,1501,1,0,0,6,0,84,0,1,55,13805,1501,0,7,0,0,0,LEADER,1,0,0,0,0,6
15345,63,adaptive-prasle,1540,1,0,0,6,0,84,0,1,63,13805,1540,0,7,0,0,0,LEADER,1,0,0,0,0,6
15709,46,adaptive-prasle,1904,1,0,0,6,0,84,0,1,46,13805,1904,0,7,0,0,0,LEADER,1,0,0,0,0,6
15506,53,adaptive-prasle,1701,1,0,0,6,0,84,0,1,53,13805,1701,0,7,0,0,0,LEADER,1,0,0,0,0,6
14858,23,adaptive-prasle,1974,1,0,0,5,0,70,0,1,23,12884,1974,0,6,0,0,0,LEADER,1,0,0,0,0,5
15727,88,adaptive-prasle,1922,1,0,0,6,0,84,0,1,88,13805,1922,0,7,0,0,0,LEADER,1,0,0,0,0,6
15254,34,adaptive-prasle,1449,1,0,0,6,0,84,0,1,34,13805,1449,0,7,0,0,0,LEADER,1,0,0,0,0,6
14861,97,adaptive-prasle,1977,1,0,0,5,0,70,0,1,97,12884,1977,0,6,0,0,0,LEADER,1,0,0,0,0,5
15794,1,adaptive-prasle,2022,1,0,0,2,4,28,56,1,1,13772,2022,0,3,0,0,0,LEADER,1,0,0,0,0,2
14979,20,adaptive-prasle,2095,1,0,0,5,0,70,0,1,20,12884,2095,0,6,0,0,0,LEADER,1,0,0,0,0,5
15061,40,adaptive-prasle,2177,1,0,0,5,0,70,0,1,40,12884,2177,0,6,0,0,0,LEADER,1,0,0,0,0,5
14984,47,adaptive-prasle,2100,1,0,0,5,0,70,0,1,47,12884,2100,0,6,0,0,0,LEADER,1,0,0,0,0,5
15897,95,adaptive-prasle,2092,1,0,0,6,0,84,0,1,95,13805,2092,0,7,0,0,0,LEADER,1,0,0,0,0,6
15279,25,adaptive-prasle,2395,1,0,0,5,0,70,0,1,25,12884,2395,0,6,0,0,0,LEADER,1,0,0,0,0,5
15885,84,adaptive-prasle,2080,1,0,0,6,0,84,0,1,84,13805,2080,0,7,0,0,0,LEADER,1,0,0,0,0,6
15161,70,adaptive-prasle,2277,1,0,0,5,0,70,0,1,70,12884,2277,0,6,0,0,0,LEADER,1,0,0,0,0,5
15079,82,adaptive-prasle,2195,1,0,0,5,0,70,0,1,82,12884,2195,0,6,0,0,0,LEADER,1,0,0,0,0,5
15297,67,adaptive-prasle,2413,1,0,0,5,0,70,0,1,67,12884,2413,0,6,0,0,0,LEADER,1,0,0,0,0,5
15249,89,adaptive-prasle,2365,1,0,0,5,0,70,0,1,89,12884,2365,0,6,0,0,0,LEADER,1,0,0,0,0,5
15918,28,adaptive-prasle,2113,1,0,0,6,0,84,0,1,28,13805,2113,0,7,0,0,0,LEADER,1,0,0,0,0,6
15660,68,adaptive-prasle,1855,1,0,0,6,0,84,0,1,68,13805,1855,0,7,0,0,0,LEADER,1,0,0,0,0,6
15612,90,adaptive-prasle,1807,1,0,0,6,0,84,0,1,90,13805,1807,0,7,0,0,0,LEADER,1,0,0,0,0,6
15273,76,adaptive-prasle,1468,1,0,0,6,0,84,0,1,76,13805,1468,0,7,0,0,0,LEADER,1,0,0,0,0,6
15594,10,adaptive-prasle,1789,1,0,0,6,0,84,0,1,10,13805,1789,0,7,0,0,0,LEADER,1,0,0,0,0,6
16026,58,adaptive-prasle,2221,1,0,0,6,0,84,0,1,58,13805,2221,0,7,0,0,0,LEADER,1,0,0,0,0,6
15409,73,adaptive-prasle,1604,1,0,0,6,0,84,0,1,73,13805,1604,0,7,0,0,0,LEADER,1,0,0,0,0,6
15149,59,adaptive-prasle,2265,1,0,0,5,0,70,0,1,59,12884,2265,0,6,0,0,0,LEADER,1,0,0,0,0,5
15424,41,adaptive-prasle,1619,1,0,0,6,0,84,0,1,41,13805,1619,0,7,0,0,0,LEADER,1,0,0,0,0,6
15339,96,adaptive-prasle,1534,1,0,0,6,0,84,0,1,96,13805,1534,0,7,0,0,0,LEADER,1,0,0,0,0,6
15572,49,adaptive-prasle,1767,1,0,0,6,0,84,0,1,49,13805,1767,0,7,0,0,0,LEADER,1,0,0,0,0,6
15641,74,adaptive-prasle,1837,1,0,0,6,0,84,0,1,74,13804,1837,0,7,0,0,0,LEADER,1,0,0,0,0,6
16033,92,adaptive-prasle,2228,1,0,0,6,0,84,0,1,92,13805,2228,0,7,0,0,0,LEADER,1,0,0,0,0,6
15239,66,adaptive-prasle,1434,1,0,0,6,0,84,0,1,66,13805,1434,0,7,0,0,0,LEADER,1,0,0,0,0,6
15264,57,adaptive-prasle,2380,1,0,0,5,0,70,0,1,57,12884,2380,0,6,0,0,0,LEADER,1,0,0,0,0,5
16065,78,adaptive-prasle,2260,1,0,0,6,0,84,0,1,78,13805,2260,0,7,0,0,0,LEADER,1,0,0,0,0,6
15230,39,adaptive-prasle,2346,1,0,0,5,0,70,0,1,39,12884,2346,0,6,0,0,0,LEADER,1,0,0,0,0,5
15948,30,adaptive-prasle,2143,1,0,0,6,0,84,0,1,30,13805,2143,0,7,0,0,0,LEADER,1,0,0,0,0,6
15354,64,adaptive-prasle,1549,1,0,0,6,0,84,0,1,64,13805,1549,0,7,0,0,0,LEADER,1,0,0,0,0,6
15579,80,adaptive-prasle,1774,1,0,0,6,0,84,0,1,80,13805,1774,0,7,0,0,0,LEADER,1,0,0,0,0,6
15321,54,adaptive-prasle,1516,1,0,0,6,0,84,0,1,54,13805,1516,0,7,0,0,0,LEADER,1,0,0,0,0,6
15845,43,adaptive-prasle,2040,1,0,0,6,0,84,0,1,43,13805,2040,0,7,0,0,0,LEADER,1,0,0,0,0,6
15765,26,adaptive-prasle,1960,1,0,0,6,0,84,0,1,26,13805,1960,0,7,0,0,0,LEADER,1,0,0,0,0,6
15396,42,adaptive-prasle,1591,1,0,0,6,0,84,0,1,42,13805,1591,0,7,0,0,0,LEADER,1,0,0,0,0,6
15403,31,adaptive-prasle,1598,1,0,0,6,0,84,0,1,31,13805,1598,0,7,0,0,0,LEADER,1,0,0,0,0,6
16160,94,adaptive-prasle,2355,1,0,0,6,0,84,0,1,94,13805,2355,0,7,0,0,0,LEADER,1,0,0,0,0,6
15730,45,adaptive-prasle,1925,1,0,0,6,0,84,0,1,45,13805,1925,0,7,0,0,0,LEADER,1,0,0,0,0,6
16103,60,adaptive-prasle,2298,1,0,0,6,0,84,0,1,60,13805,2298,0,7,0,0,0,LEADER,1,0,0,0,0,6
16208,44,adaptive-prasle,1483,1,0,0,6,0,84,0,1,44,14725,1483,0,7,0,0,0,LEADER,1,0,0,0,0,6
15812,33,adaptive-prasle,2007,1,0,0,6,0,84,0,1,33,13805,2007,0,7,0,0,0,LEADER,1,0,0,0,0,6
15457,51,adaptive-prasle,1652,1,0,0,6,0,84,0,1,51,13805,1652,0,7,0,0,0,LEADER,1,0,0,0,0,6
16256,22,adaptive-prasle,1531,1,0,0,6,0,84,0,1,22,14725,1531,0,7,0,0,0,LEADER,1,0,0,0,0,6
15967,72,adaptive-prasle,2162,1,0,0,6,0,84,0,1,72,13805,2162,0,7,0,0,0,LEADER,1,0,0,0,0,6
15951,15,adaptive-prasle,2361,1,0,0,2,4,28,56,1,2,13590,2361,0,2,0,0,0,NORMAL,0,0,0,0,0,2
15757,24,adaptive-prasle,1952,1,0,0,6,0,84,0,1,24,13805,1952,0,7,0,0,0,LEADER,1,0,0,0,0,6
16289,32,adaptive-prasle,1564,1,0,0,6,0,84,0,1,32,14725,1564,0,7,0,0,0,LEADER,1,0,0,0,0,6
15476,93,adaptive-prasle,1671,1,0,0,6,0,84,0,1,93,13805,1671,0,7,0,0,0,LEADER,1,0,0,0,0,6
16148,69,adaptive-prasle,2343,1,0,0,6,0,84,0,1,69,13805,2343,0,7,0,0,0,LEADER,1,0,0,0,0,6
16136,79,adaptive-prasle,2331,1,0,0,6,0,84,0,1,79,13805,2331,0,7,0,0,0,LEADER,1,0,0,0,0,6
15830,75,adaptive-prasle,2025,1,0,0,6,0,84,0,1,75,13805,2025,0,7,0,0,0,LEADER,1,0,0,0,0,6
15557,81,adaptive-prasle,1752,1,0,0,6,0,84,0,1,81,13805,1752,0,7,0,0,0,LEADER,1,0,0,0,0,6
15415,52,adaptive-prasle,1610,1,0,0,6,0,84,0,1,52,13805,1610,0,7,0,0,0,LEADER,1,0,0,0,0,6
15893,21,adaptive-prasle,2088,1,0,0,6,0,84,0,1,21,13805,2088,0,7,0,0,0,LEADER,1,0,0,0,0,6
16070,29,adaptive-prasle,2265,1,0,0,6,0,84,0,1,29,13805,2265,0,7,0,0,0,LEADER,1,0,0,0,0,6
15646,100,adaptive-prasle,1841,1,0,0,6,0,84,0,1,100,13805,1841,0,7,0,0,0,LEADER,1,0,0,0,0,6
15491,61,adaptive-prasle,1686,1,0,0,6,0,84,0,1,61,13805,1686,0,7,0,0,0,LEADER,1,0,0,0,0,6
15833,4,adaptive-prasle,2030,1,0,0,5,8,70,112,3,4,13803,2030,0,4,0,0,0,LEADER,1,0,0,0,0,5
16055,91,adaptive-prasle,2250,1,0,0,6,0,84,0,1,91,13805,2250,0,7,0,0,0,LEADER,1,0,0,0,0,6
16015,37,adaptive-prasle,2210,1,0,0,6,0,84,0,1,37,13805,2210,0,7,0,0,0,LEADER,1,0,0,0,0,6
15560,38,adaptive-prasle,1755,1,0,0,6,0,84,0,1,38,13805,1755,0,7,0,0,0,LEADER,1,0,0,0,0,6
16224,98,adaptive-prasle,2419,1,0,0,6,0,84,0,1,98,13805,2419,0,7,0,0,0,LEADER,1,0,0,0,0,6
15933,62,adaptive-prasle,2128,1,0,0,6,0,84,0,1,62,13805,2128,0,7,0,0,0,LEADER,1,0,0,0,0,6
16085,27,adaptive-prasle,2280,1,0,0,6,0,84,0,1,27,13805,2280,0,7,0,0,0,LEADER,1,0,0,0,0,6
15742,56,adaptive-prasle,1937,1,0,0,6,0,84,0,1,56,13805,1937,0,7,0,0,0,LEADER,1,0,0,0,0,6
16132,99,adaptive-prasle,2328,1,0,0,6,0,84,0,1,99,13804,2328,0,7,0,0,0,LEADER,1,0,0,0,0,6
16007,48,adaptive-prasle,2202,1,0,0,6,0,84,0,1,48,13805,2202,0,7,0,0,0,LEADER,1,0,0,0,0,6
15524,71,adaptive-prasle,1719,1,0,0,6,0,84,0,1,71,13805,1719,0,7,0,0,0,LEADER,1,0,0,0,0,6
15749,87,adaptive-prasle,1944,1,0,0,6,0,84,0,1,87,13805,1944,0,7,0,0,0,LEADER,1,0,0,0,0,6
15675,36,adaptive-prasle,1870,1,0,0,6,0,84,0,1,36,13805,1870,0,7,0,0,0,LEADER,1,0,0,0,0,6
16171,77,adaptive-prasle,1446,1,0,0,6,0,84,0,1,77,14725,1446,0,7,0,0,0,LEADER,1,0,0,0,0,6
16362,83,adaptive-prasle,1637,1,0,0,6,0,84,0,1,83,14725,1637,0,7,0,0,0,LEADER,1,0,0,0,0,6
15864,85,adaptive-prasle,2059,1,0,0,6,0,84,0,1,85,13805,2059,0,7,0,0,0,LEADER,1,0,0,0,0,6
16392,19,adaptive-prasle,1667,1,0,0,6,0,84,0,1,19,14725,1667,0,7,0,0,0,LEADER,1,0,0,0,0,6
16547,65,adaptive-prasle,1822,1,0,0,6,0,84,0,1,65,14725,1822,0,7,0,0,0,LEADER,1,0,0,0,0,6
16153,35,adaptive-prasle,1428,1,0,0,6,0,84,0,1,35,14725,1428,0,7,0,0,0,LEADER,1,0,0,0,0,6
16168,86,adaptive-prasle,1443,1,0,0,6,0,84,0,1,86,14725,1443,0,7,0,0,0,LEADER,1,0,0,0,0,6
16211,50,adaptive-prasle,2406,1,0,0,6,0,84,0,1,50,13805,2406,0,7,0,0,0,LEADER,1,0,0,0,0,6
16226,55,adaptive-prasle,1501,1,0,0,6,0,84,0,1,55,14725,1501,0,7,0,0,0,LEADER,1,0,0,0,0,6
16265,63,adaptive-prasle,1540,1,0,0,6,0,84,0,1,63,14725,1540,0,7,0,0,0,LEADER,1,0,0,0,0,6
16629,46,adaptive-prasle,1904,1,0,0,6,0,84,0,1,46,14725,1904,0,7,0,0,0,LEADER,1,0,0,0,0,6
16426,53,adaptive-prasle,1701,1,0,0,6,0,84,0,1,53,14725,1701,0,7,0,0,0,LEADER,1,0,0,0,0,6
15779,23,adaptive-prasle,1974,1,0,0,6,0,84,0,1,23,13805,1974,0,7,0,0,0,LEADER,1,0,0,0,0,6
16647,88,adaptive-prasle,1922,1,0,0,6,0,84,0,1,88,14725,1922,0,7,0,0,0,LEADER,1,0,0,0,0,6
16174,34,adaptive-prasle,1449,1,0,0,6,0,84,0,1,34,14725,1449,0,7,0,0,0,LEADER,1,0,0,0,0,6
15782,97,adaptive-prasle,1977,1,0,0,6,0,84,0,1,97,13805,1977,0,7,0,0,0,LEADER,1,0,0,0,0,6
15900,20,adaptive-prasle,2095,1,0,0,6,0,84,0,1,20,13805,2095,0,7,0,0,0,LEADER,1,0,0,0,0,6
15982,40,adaptive-prasle,2177,1,0,0,6,0,84,0,1,40,13805,2177,0,7,0,0,0,LEADER,1,0,0,0,0,6
15905,47,adaptive-prasle,2100,1,0,0,6,0,84,0,1,47,13805,2100,0,7,0,0,0,LEADER,1,0,0,0,0,6
16817,95,adaptive-prasle,2092,1,0,0,6,0,84,0,1,95,14725,2092,0,7,0,0,0,LEADER,1,0,0,0,0,6
16200,25,adaptive-prasle,2395,1,0,0,6,0,84,0,1,25,13805,2395,0,7,0,0,0,LEADER,1,0,0,0,0,6
16805,84,adaptive-prasle,2080,1,0,0,6,0,84,0,1,84,14725,2080,0,7,0,0,0,LEADER,1,0,0,0,0,6
16082,70,adaptive-prasle,2277,1,0,0,6,0,84,0,1,70,13805,2277,0,7,0,0,0,LEADER,1,0,0,0,0,6
16000,82,adaptive-prasle,2195,1,0,0,6,0,84,0,1,82,13805,2195,0,7,0,0,0,LEADER,1,0,0,0,0,6
16218,67,adaptive-prasle,2413,1,0,0,6,0,84,0,1,67,13805,2413,0,7,0,0,0,LEADER,1,0,0,0,0,6
16170,89,adaptive-prasle,2365,1,0,0,6,0,84,0,1,89,13805,2365,0,7,0,0,0,LEADER,1,0,0,0,0,6
16838,28,adaptive-prasle,2113,1,0,0,6,0,84,0,1,28,14725,2113,0,7,0,0,0,LEADER,1,0,0,0,0,6
16580,68,adaptive-prasle,1855,1,0,0,6,0,84,0,1,68,14725,1855,0,7,0,0,0,LEADER,1,0,0,0,0,6
16532,90,adaptive-prasle,1807,1,0,0,6,0,84,0,1,90,14725,1807,0,7,0,0,0,LEADER,1,0,0,0,0,6
16193,76,adaptive-prasle,1468,1,0,0,6,0,84,0,1,76,14725,1468,0,7,0,0,0,LEADER,1,0,0,0,0,6
16946,58,adaptive-prasle,2221,1,0,0,6,0,84,0,1,58,14725,2221,0,7,0,0,0,LEADER,1,0,0,0,0,6
16514,10,adaptive-prasle,1789,1,0,0,6,0,84,0,1,10,14725,1789,0,7,0,0,0,LEADER,1,0,0,0,0,6
16329,73,adaptive-prasle,1604,1,0,0,6,0,84,0,1,73,14725,1604,0,7,0,0,0,LEADER,1,0,0,0,0,6
16070,59,adaptive-prasle,2265,1,0,0,6,0,84,0,1,59,13805,2265,0,7,0,0,0,LEADER,1,0,0,0,0,6
16344,41,adaptive-prasle,1619,1,0,0,6,0,84,0,1,41,14725,1619,0,7,0,0,0,LEADER,1,0,0,0,0,6
16259,96,adaptive-prasle,1534,1,0,0,6,0,84,0,1,96,14725,1534,0,7,0,0,0,LEADER,1,0,0,0,0,6
16492,49,adaptive-prasle,1767,1,0,0,6,0,84,0,1,49,14725,1767,0,7,0,0,0,LEADER,1,0,0,0,0,6
16561,74,adaptive-prasle,1837,1,0,0,6,0,84,0,1,74,14724,1837,0,7,0,0,0,LEADER,1,0,0,0,0,6
16953,92,adaptive-prasle,2228,1,0,0,6,0,84,0,1,92,14725,2228,0,7,0,0,0,LEADER,1,0,0,0,0,6
16159,66,adaptive-prasle,1434,1,0,0,6,0,84,0,1,66,14725,1434,0,7,0,0,0,LEADER,1,0,0,0,0,6
16185,57,adaptive-prasle,2380,1,0,0,6,0,84,0,1,57,13805,2380,0,7,0,0,0,LEADER,1,0,0,0,0,6
16985,78,adaptive-prasle,2260,1,0,0,6,0,84,0,1,78,14725,2260,0,7,0,0,0,LEADER,1,0,0,0,0,6
16151,39,adaptive-prasle,2346,1,0,0,6,0,84,0,1,39,13805,2346,0,7,0,0,0,LEADER,1,0,0,0,0,6
16868,30,adaptive-prasle,2143,1,0,0,6,0,84,0,1,30,14725,2143,0,7,0,0,0,LEADER,1,0,0,0,0,6
16274,64,adaptive-prasle,1549,1,0,0,6,0,84,0,1,64,14725,1549,0,7,0,0,0,LEADER,1,0,0,0,0,6
16499,80,adaptive-prasle,1774,1,0,0,6,0,84,0,1,80,14725,1774,0,7,0,0,0,LEADER,1,0,0,0,0,6
16241,54,adaptive-prasle,1516,1,0,0,6,0,84,0,1,54,14725,1516,0,7,0,0,0,LEADER,1,0,0,0,0,6
16765,43,adaptive-prasle,2040,1,0,0,6,0,84,0,1,43,14725,2040,0,7,0,0,0,LEADER,1,0,0,0,0,6
16685,26,adaptive-prasle,1960,1,0,0,6,0,84,0,1,26,14725,1960,0,7,0,0,0,LEADER,1,0,0,0,0,6
16316,42,adaptive-prasle,1591,1,0,0,6,0,84,0,1,42,14725,1591,0,7,0,0,0,LEADER,1,0,0,0,0,6
16323,31,adaptive-prasle,1598,1,0,0,6,0,84,0,1,31,14725,1598,0,7,0,0,0,LEADER,1,0,0,0,0,6
17080,94,adaptive-prasle,2355,1,0,0,6,0,84,0,1,94,14725,2355,0,7,0,0,0,LEADER,1,0,0,0,0,6
16650,45,adaptive-prasle,1925,1,0,0,6,0,84,0,1,45,14725,1925,0,7,0,0,0,LEADER,1,0,0,0,0,6
17023,60,adaptive-prasle,2298,1,0,0,6,0,84,0,1,60,14725,2298,0,7,0,0,0,LEADER,1,0,0,0,0,6
17128,44,adaptive-prasle,1483,1,0,0,6,0,84,0,1,44,15645,1483,0,7,0,0,0,LEADER,1,0,0,0,0,6
16732,33,adaptive-prasle,2007,1,0,0,6,0,84,0,1,33,14725,2007,0,7,0,0,0,LEADER,1,0,0,0,0,6
16377,51,adaptive-prasle,1652,1,0,0,6,0,84,0,1,51,14725,1652,0,7,0,0,0,LEADER,1,0,0,0,0,6
17176,22,adaptive-prasle,1531,1,0,0,6,0,84,0,1,22,15645,1531,0,7,0,0,0,LEADER,1,0,0,0,0,6
16887,72,adaptive-prasle,2162,1,0,0,6,0,84,0,1,72,14725,2162,0,7,0,0,0,LEADER,1,0,0,0,0,6
16677,24,adaptive-prasle,1952,1,0,0,6,0,84,0,1,24,14725,1952,0,7,0,0,0,LEADER,1,0,0,0,0,6
17209,32,adaptive-prasle,1564,1,0,0,6,0,84,0,1,32,15645,1564,0,7,0,0,0,LEADER,1,0,0,0,0,6
16396,93,adaptive-prasle,1671,1,0,0,6,0,84,0,1,93,14725,1671,0,7,0,0,0,LEADER,1,0,0,0,0,6
17068,69,adaptive-prasle,2343,1,0,0,6,0,84,0,1,69,14725,2343,0,7,0,0,0,LEADER,1,0,0,0,0,6
17056,79,adaptive-prasle,2331,1,0,0,6,0,84,0,1,79,14725,2331,0,7,0,0,0,LEADER,1,0,0,0,0,6
16750,75,adaptive-prasle,2025,1,0,0,6,0,84,0,1,75,14725,2025,0,7,0,0,0,LEADER,1,0,0,0,0,6
16477,81,adaptive-prasle,1752,1,0,0,6,0,84,0,1,81,14725,1752,0,7,0,0,0,LEADER,1,0,0,0,0,6
16335,52,adaptive-prasle,1610,1,0,0,6,0,84,0,1,52,14725,1610,0,7,0,0,0,LEADER,1,0,0,0,0,6
16813,21,adaptive-prasle,2088,1,0,0,6,0,84,0,1,21,14725,2088,0,7,0,0,0,LEADER,1,0,0,0,0,6
16990,29,adaptive-prasle,2265,1,0,0,6,0,84,0,1,29,14725,2265,0,7,0,0,0,LEADER,1,0,0,0,0,6
16566,100,adaptive-prasle,1841,1,0,0,6,0,84,0,1,100,14725,1841,0,7,0,0,0,LEADER,1,0,0,0,0,6
16411,61,adaptive-prasle,1686,1,0,0,6,0,84,0,1,61,14725,1686,0,7,0,0,0,LEADER,1,0,0,0,0,6
16975,91,adaptive-prasle,2250,1,0,0,6,0,84,0,1,91,14725,2250,0,7,0,0,0,LEADER,1,0,0,0,0,6
16935,37,adaptive-prasle,2210,1,0,0,6,0,84,0,1,37,14725,2210,0,7,0,0,0,LEADER,1,0,0,0,0,6
16480,38,adaptive-prasle,1755,1,0,0,6,0,84,0,1,38,14725,1755,0,7,0,0,0,LEADER,1,0,0,0,0,6
17144,98,adaptive-prasle,2419,1,0,0,6,0,84,0,1,98,14725,2419,0,7,0,0,0,LEADER,1,0,0,0,0,6
16853,62,adaptive-prasle,2128,1,0,0,6,0,84,0,1,62,14725,2128,0,7,0,0,0,LEADER,1,0,0,0,0,6
17005,27,adaptive-prasle,2280,1,0,0,6,0,84,0,1,27,14725,2280,0,7,0,0,0,LEADER,1,0,0,0,0,6
16662,56,adaptive-prasle,1937,1,0,0,6,0,84,0,1,56,14725,1937,0,7,0,0,0,LEADER,1,0,0,0,0,6
17052,99,adaptive-prasle,2328,1,0,0,6,0,84,0,1,99,14724,2328,0,7,0,0,0,LEADER,1,0,0,0,0,6
16927,48,adaptive-prasle,2202,1,0,0,6,0,84,0,1,48,14725,2202,0,7,0,0,0,LEADER,1,0,0,0,0,6
16444,71,adaptive-prasle,1719,1,0,0,6,0,84,0,1,71,14725,1719,0,7,0,0,0,LEADER,1,0,0,0,0,6
16669,87,adaptive-prasle,1944,1,0,0,6,0,84,0,1,87,14725,1944,0,7,0,0,0,LEADER,1,0,0,0,0,6
16595,36,adaptive-prasle,1870,1,0,0,6,0,84,0,1,36,14725,1870,0,7,0,0,0,LEADER,1,0,0,0,0,6
17091,77,adaptive-prasle,1446,1,0,0,6,0,84,0,1,77,15645,1446,0,7,0,0,0,LEADER,1,0,0,0,0,6
17282,83,adaptive-prasle,1637,1,0,0,6,0,84,0,1,83,15645,1637,0,7,0,0,0,LEADER,1,0,0,0,0,6
16784,85,adaptive-prasle,2059,1,0,0,6,0,84,0,1,85,14725,2059,0,7,0,0,0,LEADER,1,0,0,0,0,6
17312,19,adaptive-prasle,1667,1,0,0,6,0,84,0,1,19,15645,1667,0,7,0,0,0,LEADER,1,0,0,0,0,6
17467,65,adaptive-prasle,1822,1,0,0,6,0,84,0,1,65,15645,1822,0,7,0,0,0,LEADER,1,0,0,0,0,6
17073,35,adaptive-prasle,1428,1,0,0,6,0,84,0,1,35,15645,1428,0,7,0,0,0,LEADER,1,0,0,0,0,6
17088,86,adaptive-prasle,1443,1,0,0,6,0,84,0,1,86,15645,1443,0,7,0,0,0,LEADER,1,0,0,0,0,6
17131,50,adaptive-prasle,2406,1,0,0,6,0,84,0,1,50,14725,2406,0,7,0,0,0,LEADER,1,0,0,0,0,6
17146,55,adaptive-prasle,1501,1,0,0,6,0,84,0,1,55,15645,1501,0,7,0,0,0,LEADER,1,0,0,0,0,6
17185,63,adaptive-prasle,1540,1,0,0,6,0,84,0,1,63,15645,1540,0,7,0,0,0,LEADER,1,0,0,0,0,6
17549,46,adaptive-prasle,1904,1,0,0,6,0,84,0,1,46,15645,1904,0,7,0,0,0,LEADER,1,0,0,0,0,6
17346,53,adaptive-prasle,1701,1,0,0,6,0,84,0,1,53,15645,1701,0,7,0,0,0,LEADER,1,0,0,0,0,6
16699,23,adaptive-prasle,1974,1,0,0,6,0,84,0,1,23,14725,1974,0,7,0,0,0,LEADER,1,0,0,0,0,6
17567,88,adaptive-prasle,1922,1,0,0,6,0,84,0,1,88,15645,1922,0,7,0,0,0,LEADER,1,0,0,0,0,6
17094,34,adaptive-prasle,1449,1,0,0,6,0,84,0,1,34,15645,1449,0,7,0,0,0,LEADER,1,0,0,0,0,6
16702,97,adaptive-prasle,1977,1,0,0,6,0,84,0,1,97,14725,1977,0,7,0,0,0,LEADER,1,0,0,0,0,6
16820,20,adaptive-prasle,2095,1,0,0,6,0,84,0,1,20,14725,2095,0,7,0,0,0,LEADER,1,0,0,0,0,6
16902,40,adaptive-prasle,2177,1,0,0,6,0,84,0,1,40,14725,2177,0,7,0,0,0,LEADER,1,0,0,0,0,6
16825,47,adaptive-prasle,2100,1,0,0,6,0,84,0,1,47,14725,2100,0,7,0,0,0,LEADER,1,0,0,0,0,6
17737,95,adaptive-prasle,2092,1,0,0,6,0,84,0,1,95,15645,2092,0,7,0,0,0,LEADER,1,0,0,0,0,6
17120,25,adaptive-prasle,2395,1,0,0,6,0,84,0,1,25,14725,2395,0,7,0,0,0,LEADER,1,0,0,0,0,6
17725,84,adaptive-prasle,2080,1,0,0,6,0,84,0,1,84,15645,2080,0,7,0,0,0,LEADER,1,0,0,0,0,6
17002,70,adaptive-prasle,2277,1,0,0,6,0,84,0,1,70,14725,2277,0,7,0,0,0,LEADER,1,0,0,0,0,6
16920,82,adaptive-prasle,2195,1,0,0,6,0,84,0,1,82,14725,2195,0,7,0,0,0,LEADER,1,0,0,0,0,6
17138,67,adaptive-prasle,2413,1,0,0,6,0,84,0,1,67,14725,2413,0,7,0,0,0,LEADER,1,0,0,0,0,6
17090,89,adaptive-prasle,2365,1,0,0,6,0,84,0,1,89,14725,2365,0,7,0,0,0,LEADER,1,0,0,0,0,6
17758,28,adaptive-prasle,2113,1,0,0,6,0,84,0,1,28,15645,2113,0,7,0,0,0,LEADER,1,0,0,0,0,6
17500,68,adaptive-prasle,1855,1,0,0,6,0,84,0,1,68,15645,1855,0,7,0,0,0,LEADER,1,0,0,0,0,6
17452,90,adaptive-prasle,1807,1,0,0,6,0,84,0,1,90,15645,1807,0,7,0,0,0,LEADER,1,0,0,0,0,6
17113,76,adaptive-prasle,1468,1,0,0,6,0,84,0,1,76,15645,1468,0,7,0,0,0,LEADER,1,0,0,0,0,6
17866,58,adaptive-prasle,2221,1,0,0,6,0,84,0,1,58,15645,2221,0,7,0,0,0,LEADER,1,0,0,0,0,6
17434,10,adaptive-prasle,1789,1,0,0,6,0,84,0,1,10,15645,1789,0,7,0,0,0,LEADER,1,0,0,0,0,6
17477,16,adaptive-prasle,1805,1,0,0,3,4,42,56,1,2,15672,1805,0,2,0,0,0,NORMAL,0,0,0,0,0,3
17249,73,adaptive-prasle,1604,1,0,0,6,0,84,0,1,73,15645,1604,0,7,0,0,0,LEADER,1,0,0,0,0,6
16990,59,adaptive-prasle,2265,1,0,0,6,0,84,0,1,59,14725,2265,0,7,0,0,0,LEADER,1,0,0,0,0,6
17264,41,adaptive-prasle,1619,1,0,0,6,0,84,0,1,41,15645,1619,0,7,0,0,0,LEADER,1,0,0,0,0,6
17179,96,adaptive-prasle,1534,1,0,0,6,0,84,0,1,96,15645,1534,0,7,0,0,0,LEADER,1,0,0,0,0,6
17412,49,adaptive-prasle,1767,1,0,0,6,0,84,0,1,49,15645,1767,0,7,0,0,0,LEADER,1,0,0,0,0,6
17481,74,adaptive-prasle,1837,1,0,0,6,0,84,0,1,74,15644,1837,0,7,0,0,0,LEADER,1,0,0,0,0,6
17873,92,adaptive-prasle,2228,1,0,0,6,0,84,0,1,92,15645,2228,0,7,0,0,0,LEADER,1,0,0,0,0,6
17079,66,adaptive-prasle,1434,1,0,0,6,0,84,0,1,66,15645,1434,0,7,0,0,0,LEADER,1,0,0,0,0,6
17105,57,adaptive-prasle,2380,1,0,0,6,0,84,0,1,57,14725,2380,0,7,0,0,0,LEADER,1,0,0,0,0,6
17905,78,adaptive-prasle,2260,1,0,0,6,0,84,0,1,78,15645,2260,0,7,0,0,0,LEADER,1,0,0,0,0,6
17071,39,adaptive-prasle,2346,1,0,0,6,0,84,0,1,39,14725,2346,0,7,0,0,0,LEADER,1,0,0,0,0,6
17788,30,adaptive-prasle,2143,1,0,0,6,0,84,0,1,30,15645,2143,0,7,0,0,0,LEADER,1,0,0,0,0,6
17194,64,adaptive-prasle,1549,1,0,0,6,0,84,0,1,64,15645,1549,0,7,0,0,0,LEADER,1,0,0,0,0,6
17419,80,adaptive-prasle,1774,1,0,0,6,0,84,0,1,80,15645,1774,0,7,0,0,0,LEADER,1,0,0,0,0,6
17161,54,adaptive-prasle,1516,1,0,0,6,0,84,0,1,54,15645,1516,0,7,0,0,0,LEADER,1,0,0,0,0,6
17685,43,adaptive-prasle,2040,1,0,0,6,0,84,0,1,43,15645,2040,0,7,0,0,0,LEADER,1,0,0,0,0,6
17605,26,adaptive-prasle,1960,1,0,0,6,0,84,0,1,26,15645,1960,0,7,0,0,0,LEADER,1,0,0,0,0,6
17236,42,adaptive-prasle,1591,1,0,0,6,0,84,0,1,42,15645,1591,0,7,0,0,0,LEADER,1,0,0,0,0,6
17243,31,adaptive-prasle,1598,1,0,0,6,0,84,0,1,31,15645,1598,0,7,0,0,0,LEADER,1,0,0,0,0,6
18000,94,adaptive-prasle,2355,1,0,0,6,0,84,0,1,94,15645,2355,0,7,0,0,0,LEADER,1,0,0,0,0,6
17570,45,adaptive-prasle,1925,1,0,0,6,0,84,0,1,45,15645,1925,0,7,0,0,0,LEADER,1,0,0,0,0,6
17943,60,adaptive-prasle,2298,1,0,0,6,0,84,0,1,60,15645,2298,0,7,0,0,0,LEADER,1,0,0,0,0,6
18049,44,adaptive-prasle,1483,1,0,0,7,0,98,0,1,44,16566,1483,0,8,0,0,0,LEADER,1,0,0,0,0,7
17652,33,adaptive-prasle,2007,1,0,0,6,0,84,0,1,33,15645,2007,0,7,0,0,0,LEADER,1,0,0,0,0,6
17297,51,adaptive-prasle,1652,1,0,0,6,0,84,0,1,51,15645,1652,0,7,0,0,0,LEADER,1,0,0,0,0,6
17807,72,adaptive-prasle,2162,1,0,0,6,0,84,0,1,72,15645,2162,0,7,0,0,0,LEADER,1,0,0,0,0,6
18097,22,adaptive-prasle,1531,1,0,0,7,0,98,0,1,22,16566,1531,0,8,0,0,0,LEADER,1,0,0,0,0,7
17597,24,adaptive-prasle,1952,1,0,0,6,0,84,0,1,24,15645,1952,0,7,0,0,0,LEADER,1,0,0,0,0,6
18130,32,adaptive-prasle,1564,1,0,0,7,0,98,0,1,32,16566,1564,0,8,0,0,0,LEADER,1,0,0,0,0,7
17316,93,adaptive-prasle,1671,1,0,0,6,0,84,0,1,93,15645,1671,0,7,0,0,0,LEADER,1,0,0,0,0,6
17988,69,adaptive-prasle,2343,1,0,0,6,0,84,0,1,69,15645,2343,0,7,0,0,0,LEADER,1,0,0,0,0,6
17976,79,adaptive-prasle,2331,1,0,0,6,0,84,0,1,79,15645,2331,0,7,0,0,0,LEADER,1,0,0,0,0,6
17670,75,adaptive-prasle,2025,1,0,0,6,0,84,0,1,75,15645,2025,0,7,0,0,0,LEADER,1,0,0,0,0,6
17397,81,adaptive-prasle,1752,1,0,0,6,0,84,0,1,81,15645,1752,0,7,0,0,0,LEADER,1,0,0,0,0,6
17255,52,adaptive-prasle,1610,1,0,0,6,0,84,0,1,52,15645,1610,0,7,0,0,0,LEADER,1,0,0,0,0,6
17733,21,adaptive-prasle,2088,1,0,0,6,0,84,0,1,21,15645,2088,0,7,0,0,0,LEADER,1,0,0,0,0,6
17910,29,adaptive-prasle,2265,1,0,0,6,0,84,0,1,29,15645,2265,0,7,0,0,0,LEADER,1,0,0,0,0,6
17486,100,adaptive-prasle,1841,1,0,0,6,0,84,0,1,100,15645,1841,0,7,0,0,0,LEADER,1,0,0,0,0,6
17331,61,adaptive-prasle,1686,1,0,0,6,0,84,0,1,61,15645,1686,0,7,0,0,0,LEADER,1,0,0,0,0,6
17895,91,adaptive-prasle,2250,1,0,0,6,0,84,0,1,91,15645,2250,0,7,0,0,0,LEADER,1,0,0,0,0,6
17855,37,adaptive-prasle,2210,1,0,0,6,0,84,0,1,37,15645,2210,0,7,0,0,0,LEADER,1,0,0,0,0,6
17400,38,adaptive-prasle,1755,1,0,0,6,0,84,0,1,38,15645,1755,0,7,0,0,0,LEADER,1,0,0,0,0,6
18064,98,adaptive-prasle,2419,1,0,0,6,0,84,0,1,98,15645,2419,0,7,0,0,0,LEADER,1,0,0,0,0,6
17773,62,adaptive-prasle,2128,1,0,0,6,0,84,0,1,62,15645,2128,0,7,0,0,0,LEADER,1,0,0,0,0,6
17925,27,adaptive-prasle,2280,1,0,0,6,0,84,0,1,27,15645,2280,0,7,0,0,0,LEADER,1,0,0,0,0,6
17582,56,adaptive-prasle,1937,1,0,0,6,0,84,0,1,56,15645,1937,0,7,0,0,0,LEADER,1,0,0,0,0,6
17972,99,adaptive-prasle,2328,1,0,0,6,0,84,0,1,99,15644,2328,0,7,0,0,0,LEADER,1,0,0,0,0,6
17847,48,adaptive-prasle,2202,1,0,0,6,0,84,0,1,48,15645,2202,0,7,0,0,0,LEADER,1,0,0,0,0,6
17364,71,adaptive-prasle,1719,1,0,0,6,0,84,0,1,71,15645,1719,0,7,0,0,0,LEADER,1,0,0,0,0,6
17589,87,adaptive-prasle,1944,1,0,0,6,0,84,0,1,87,15645,1944,0,7,0,0,0,LEADER,1,0,0,0,0,6
17515,36,adaptive-prasle,1870,1,0,0,6,0,84,0,1,36,15645,1870,0,7,0,0,0,LEADER,1,0,0,0,0,6
18012,77,adaptive-prasle,1446,1,0,0,7,0,98,0,1,77,16566,1446,0,8,0,0,0,LEADER,1,0,0,0,0,7
18203,83,adaptive-prasle,1637,1,0,0,7,0,98,0,1,83,16566,1637,0,8,0,0,0,LEADER,1,0,0,0,0,7
17704,85,adaptive-prasle,2059,1,0,0,6,0,84,0,1,85,15645,2059,0,7,0,0,0,LEADER,1,0,0,0,0,6
18233,19,adaptive-prasle,1667,1,0,0,7,0,98,0,1,19,16566,1667,0,8,0,0,0,LEADER,1,0,0,0,0,7
18388,65,adaptive-prasle,1822,1,0,0,7,0,98,0,1,65,16566,1822,0,8,0,0,0,LEADER,1,0,0,0,0,7
17994,35,adaptive-prasle,1428,1,0,0,7,0,98,0,1,35,16566,1428,0,8,0,0,0,LEADER,1,0,0,0,0,7
18009,86,adaptive-prasle,1443,1,0,0,7,0,98,0,1,86,16566,1443,0,8,0,0,0,LEADER,1,0,0,0,0,7
18051,50,adaptive-prasle,2406,1,0,0,6,0,84,0,1,50,15645,2406,0,7,0,0,0,LEADER,1,0,0,0,0,6
18067,55,adaptive-prasle,1501,1,0,0,7,0,98,0,1,55,16566,1501,0,8,0,0,0,LEADER,1,0,0,0,0,7
18106,63,adaptive-prasle,1540,1,0,0,7,0,98,0,1,63,16566,1540,0,8,0,0,0,LEADER,1,0,0,0,0,7
18470,46,adaptive-prasle,1904,1,0,0,7,0,98,0,1,46,16566,1904,0,8,0,0,0,LEADER,1,0,0,0,0,7
18207,7,adaptive-prasle,1749,1,0,0,4,8,56,112,2,7,16458,1749,0,3,0,0,0,LEADER,1,0,0,0,0,4
18267,53,adaptive-prasle,1701,1,0,0,7,0,98,0,1,53,16566,1701,0,8,0,0,0,LEADER,1,0,0,0,0,7
17619,23,adaptive-prasle,1974,1,0,0,6,0,84,0,1,23,15645,1974,0,7,0,0,0,LEADER,1,0,0,0,0,6
18488,88,adaptive-prasle,1922,1,0,0,7,0,98,0,1,88,16566,1922,0,8,0,0,0,LEADER,1,0,0,0,0,7
18015,34,adaptive-prasle,1449,1,0,0,7,0,98,0,1,34,16566,1449,0,8,0,0,0,LEADER,1,0,0,0,0,7
17622,97,adaptive-prasle,1977,1,0,0,6,0,84,0,1,97,15645,1977,0,7,0,0,0,LEADER,1,0,0,0,0,6
17984,8,adaptive-prasle,2217,1,0,0,4,10,56,140,2,7,15767,2217,0,3,0,0,0,NORMAL,0,0,0,0,0,4
17740,20,adaptive-prasle,2095,1,0,0,6,0,84,0,1,20,15645,2095,0,7,0,0,0,LEADER,1,0,0,0,0,6
17822,40,adaptive-prasle,2177,1,0,0,6,0,84,0,1,40,15645,2177,0,7,0,0,0,LEADER,1,0,0,0,0,6
17745,47,adaptive-prasle,2100,1,0,0,6,0,84,0,1,47,15645,2100,0,7,0,0,0,LEADER,1,0,0,0,0,6
18413,2,adaptive-prasle,1819,1,0,0,4,6,56,84,1,1,16594,1819,0,3,0,0,0,NORMAL,0,0,0,0,0,4
18658,95,adaptive-prasle,2092,1,0,0,7,0,98,0,1,95,16566,2092,0,8,0,0,0,LEADER,1,0,0,0,0,7
18040,25,adaptive-prasle,2395,1,0,0,6,0,84,0,1,25,15645,2395,0,7,0,0,0,LEADER,1,0,0,0,0,6
18646,84,adaptive-prasle,2080,1,0,0,7,0,98,0,1,84,16566,2080,0,8,0,0,0,LEADER,1,0,0,0,0,7
17922,70,adaptive-prasle,2277,1,0,0,6,0,84,0,1,70,15645,2277,0,7,0,0,0,LEADER,1,0,0,0,0,6
17840,82,adaptive-prasle,2195,1,0,0,6,0,84,0,1,82,15645,2195,0,7,0,0,0,LEADER,1,0,0,0,0,6
18058,67,adaptive-prasle,2413,1,0,0,6,0,84,0,1,67,15645,2413,0,7,0,0,0,LEADER,1,0,0,0,0,6
18010,89,adaptive-prasle,2365,1,0,0,6,0,84,0,1,89,15645,2365,0,7,0,0,0,LEADER,1,0,0,0,0,6
18679,28,adaptive-prasle,2113,1,0,0,7,0,98,0,1,28,16566,2113,0,8,0,0,0,LEADER,1,0,0,0,0,7
18421,68,adaptive-prasle,1855,1,0,0,7,0,98,0,1,68,16566,1855,0,8,0,0,0,LEADER,1,0,0,0,0,7
18373,90,adaptive-prasle,1807,1,0,0,7,0,98,0,1,90,16566,1807,0,8,0,0,0,LEADER,1,0,0,0,0,7
18034,76,adaptive-prasle,1468,1,0,0,7,0,98,0,1,76,16566,1468,0,8,0,0,0,LEADER,1,0,0,0,0,7
18355,10,adaptive-prasle,1789,1,0,0,7,0,98,0,1,10,16566,1789,0,8,0,0,0,LEADER,1,0,0,0,0,7
18787,58,adaptive-prasle,2221,1,0,0,7,0,98,0,1,58,16566,2221,0,8,0,0,0,LEADER,1,0,0,0,0,7
18170,73,adaptive-prasle,1604,1,0,0,7,0,98,0,1,73,16566,1604,0,8,0,0,0,LEADER,1,0,0,0,0,7
17910,59,adaptive-prasle,2265,1,0,0,6,0,84,0,1,59,15645,2265,0,7,0,0,0,LEADER,1,0,0,0,0,6
18185,41,adaptive-prasle,1619,1,0,0,7,0,98,0,1,41,16566,1619,0,8,0,0,0,LEADER,1,0,0,0,0,7
18100,96,adaptive-prasle,1534,1,0,0,7,0,98,0,1,96,16566,1534,0,8,0,0,0,LEADER,1,0,0,0,0,7
18333,49,adaptive-prasle,1767,1,0,0,7,0,98,0,1,49,16566,1767,0,8,0,0,0,LEADER,1,0,0,0,0,7
18402,74,adaptive-prasle,1837,1,0,0,7,0,98,0,1,74,16565,1837,0,8,0,0,0,LEADER,1,0,0,0,0,7
18794,92,adaptive-prasle,2228,1,0,0,7,0,98,0,1,92,16566,2228,0,8,0,0,0,LEADER,1,0,0,0,0,7
18000,66,adaptive-prasle,1434,1,0,0,7,0,98,0,1,66,16566,1434,0,8,0,0,0,LEADER,1,0,0,0,0,7
18025,57,adaptive-prasle,2380,1,0,0,6,0,84,0,1,57,15645,2380,0,7,0,0,0,LEADER,1,0,0,0,0,6
18826,78,adaptive-prasle,2260,1,0,0,7,0,98,0,1,78,16566,2260,0,8,0,0,0,LEADER,1,0,0,0,0,7
17991,39,adaptive-prasle,2346,1,0,0,6,0,84,0,1,39,15645,2346,0,7,0,0,0,LEADER,1,0,0,0,0,6
18709,30,adaptive-prasle,2143,1,0,0,7,0,98,0,1,30,16566,2143,0,8,0,0,0,LEADER,1,0,0,0,0,7
18838,9,adaptive-prasle,1889,1,0,0,6,4,84,56,2,7,16949,1889,0,3,0,0,0,NORMAL,0,0,0,0,0,6
18115,64,adaptive-prasle,1549,1,0,0,7,0,98,0,1,64,16566,1549,0,8,0,0,0,LEADER,1,0,0,0,0,7
18340,80,adaptive-prasle,1774,1,0,0,7,0,98,0,1,80,16566,1774,0,8,0,0,0,LEADER,1,0,0,0,0,7
18082,54,adaptive-prasle,1516,1,0,0,7,0,98,0,1,54,16566,1516,0,8,0,0,0,LEADER,1,0,0,0,0,7
18606,43,adaptive-prasle,2040,1,0,0,7,0,98,0,1,43,16566,2040,0,8,0,0,0,LEADER,1,0,0,0,0,7
18526,26,adaptive-prasle,1960,1,0,0,7,0,98,0,1,26,16566,1960,0,8,0,0,0,LEADER,1,0,0,0,0,7
18157,42,adaptive-prasle,1591,1,0,0,7,0,98,0,1,42,16566,1591,0,8,0,0,0,LEADER,1,0,0,0,0,7
18164,31,adaptive-prasle,1598,1,0,0,7,0,98,0,1,31,16566,1598,0,8,0,0,0,LEADER,1,0,0,0,0,7
18921,94,adaptive-prasle,2355,1,0,0,7,0,98,0,1,94,16566,2355,0,8,0,0,0,LEADER,1,0,0,0,0,7
18491,45,adaptive-prasle,1925,1,0,0,7,0,98,0,1,45,16566,1925,0,8,0,0,0,LEADER,1,0,0,0,0,7
18864,60,adaptive-prasle,2298,1,0,0,7,0,98,0,1,60,16566,2298,0,8,0,0,0,LEADER,1,0,0,0,0,7
18969,44,adaptive-prasle,1483,1,0,0,7,0,98,0,1,44,17486,1483,0,8,0,0,0,LEADER,1,0,0,0,0,7
18573,33,adaptive-prasle,2007,1,0,0,7,0,98,0,1,33,16566,2007,0,8,0,0,0,LEADER,1,0,0,0,0,7
18218,51,adaptive-prasle,1652,1,0,0,7,0,98,0,1,51,16566,1652,0,8,0,0,0,LEADER,1,0,0,0,0,7
19017,22,adaptive-prasle,1531,1,0,0,7,0,98,0,1,22,17486,1531,0,8,0,0,0,LEADER,1,0,0,0,0,7
18728,72,adaptive-prasle,2162,1,0,0,7,0,98,0,1,72,16566,2162,0,8,0,0,0,LEADER,1,0,0,0,0,7
18518,24,adaptive-prasle,1952,1,0,0,7,0,98,0,1,24,16566,1952,0,8,0,0,0,LEADER,1,0,0,0,0,7
19050,32,adaptive-prasle,1564,1,0,0,7,0,98,0,1,32,17486,1564,0,8,0,0,0,LEADER,1,0,0,0,0,7
18237,93,adaptive-prasle,1671,1,0,0,7,0,98,0,1,93,16566,1671,0,8,0,0,0,LEADER,1,0,0,0,0,7
18909,69,adaptive-prasle,2343,1,0,0,7,0,98,0,1,69,16566,2343,0,8,0,0,0,LEADER,1,0,0,0,0,7
18897,79,adaptive-prasle,2331,1,0,0,7,0,98,0,1,79,16566,2331,0,8,0,0,0,LEADER,1,0,0,0,0,7
18591,75,adaptive-prasle,2025,1,0,0,7,0,98,0,1,75,16566,2025,0,8,0,0,0,LEADER,1,0,0,0,0,7
18318,81,adaptive-prasle,1752,1,0,0,7,0,98,0,1,81,16566,1752,0,8,0,0,0,LEADER,1,0,0,0,0,7
18176,52,adaptive-prasle,1610,1,0,0,7,0,98,0,1,52,16566,1610,0,8,0,0,0,LEADER,1,0,0,0,0,7
18654,21,adaptive-prasle,2088,1,0,0,7,0,98,0,1,21,16566,2088,0,8,0,0,0,LEADER,1,0,0,0,0,7
18831,29,adaptive-prasle,2265,1,0,0,7,0,98,0,1,29,16566,2265,0,8,0,0,0,LEADER,1,0,0,0,0,7
18407,100,adaptive-prasle,1841,1,0,0,7,0,98,0,1,100,16566,1841,0,8,0,0,0,LEADER,1,0,0,0,0,7
18252,61,adaptive-prasle,1686,1,0,0,7,0,98,0,1,61,16566,1686,0,8,0,0,0,LEADER,1,0,0,0,0,7
18816,91,adaptive-prasle,2250,1,0,0,7,0,98,0,1,91,16566,2250,0,8,0,0,0,LEADER,1,0,0,0,0,7
18776,37,adaptive-prasle,2210,1,0,0,7,0,98,0,1,37,16566,2210,0,8,0,0,0,LEADER,1,0,0,0,0,7
18321,38,adaptive-prasle,1755,1,0,0,7,0,98,0,1,38,16566,1755,0,8,0,0,0,LEADER,1,0,0,0,0,7
18985,98,adaptive-prasle,2419,1,0,0,7,0,98,0,1,98,16566,2419,0,8,0,0,0,LEADER,1,0,0,0,0,7
18846,27,adaptive-prasle,2280,1,0,0,7,0,98,0,1,27,16566,2280,0,8,0,0,0,LEADER,1,0,0,0,0,7
18694,62,adaptive-prasle,2128,1,0,0,7,0,98,0,1,62,16566,2128,0,8,0,0,0,LEADER,1,0,0,0,0,7
18503,56,adaptive-prasle,1937,1,0,0,7,0,98,0,1,56,16566,1937,0,8,0,0,0,LEADER,1,0,0,0,0,7
18893,99,adaptive-prasle,2328,1,0,0,7,0,98,0,1,99,16565,2328,0,8,0,0,0,LEADER,1,0,0,0,0,7
18768,48,adaptive-prasle,2202,1,0,0,7,0,98,0,1,48,16566,2202,0,8,0,0,0,LEADER,1,0,0,0,0,7
18285,71,adaptive-prasle,1719,1,0,0,7,0,98,0,1,71,16566,1719,0,8,0,0,0,LEADER,1,0,0,0,0,7
18510,87,adaptive-prasle,1944,1,0,0,7,0,98,0,1,87,16566,1944,0,8,0,0,0,LEADER,1,0,0,0,0,7
18436,36,adaptive-prasle,1870,1,0,0,7,0,98,0,1,36,16566,1870,0,8,0,0,0,LEADER,1,0,0,0,0,7
18932,77,adaptive-prasle,1446,1,0,0,7,0,98,0,1,77,17486,1446,0,8,0,0,0,LEADER,1,0,0,0,0,7
19123,83,adaptive-prasle,1637,1,0,0,7,0,98,0,1,83,17486,1637,0,8,0,0,0,LEADER,1,0,0,0,0,7
18625,85,adaptive-prasle,2059,1,0,0,7,0,98,0,1,85,16566,2059,0,8,0,0,0,LEADER,1,0,0,0,0,7
19153,19,adaptive-prasle,1667,1,0,0,7,0,98,0,1,19,17486,1667,0,8,0,0,0,LEADER,1,0,0,0,0,7
19308,65,adaptive-prasle,1822,1,0,0,7,0,98,0,1,65,17486,1822,0,8,0,0,0,LEADER,1,0,0,0,0,7
18914,35,adaptive-prasle,1428,1,0,0,7,0,98,0,1,35,17486,1428,0,8,0,0,0,LEADER,1,0,0,0,0,7
18929,86,adaptive-prasle,1443,1,0,0,7,0,98,0,1,86,17486,1443,0,8,0,0,0,LEADER,1,0,0,0,0,7
18972,50,adaptive-prasle,2406,1,0,0,7,0,98,0,1,50,16566,2406,0,8,0,0,0,LEADER,1,0,0,0,0,7
18987,55,adaptive-prasle,1501,1,0,0,7,0,98,0,1,55,17486,1501,0,8,0,0,0,LEADER,1,0,0,0,0,7
19026,63,adaptive-prasle,1540,1,0,0,7,0,98,0,1,63,17486,1540,0,8,0,0,0,LEADER,1,0,0,0,0,7
19390,46,adaptive-prasle,1904,1,0,0,7,0,98,0,1,46,17486,1904,0,8,0,0,0,LEADER,1,0,0,0,0,7
19187,53,adaptive-prasle,1701,1,0,0,7,0,98,0,1,53,17486,1701,0,8,0,0,0,LEADER,1,0,0,0,0,7
18540,23,adaptive-prasle,1974,1,0,0,7,0,98,0,1,23,16566,1974,0,8,0,0,0,LEADER,1,0,0,0,0,7
19408,88,adaptive-prasle,1922,1,0,0,7,0,98,0,1,88,17486,1922,0,8,0,0,0,LEADER,1,0,0,0,0,7
18935,34,adaptive-prasle,1449,1,0,0,7,0,98,0,1,34,17486,1449,0,8,0,0,0,LEADER,1,0,0,0,0,7
18543,97,adaptive-prasle,1977,1,0,0,7,0,98,0,1,97,16566,1977,0,8,0,0,0,LEADER,1,0,0,0,0,7
18661,20,adaptive-prasle,2095,1,0,0,7,0,98,0,1,20,16566,2095,0,8,0,0,0,LEADER,1,0,0,0,0,7
18743,40,adaptive-prasle,2177,1,0,0,7,0,98,0,1,40,16566,2177,0,8,0,0,0,LEADER,1,0,0,0,0,7
18666,47,adaptive-prasle,2100,1,0,0,7,0,98,0,1,47,16566,2100,0,8,0,0,0,LEADER,1,0,0,0,0,7
19578,95,adaptive-prasle,2092,1,0,0,7,0,98,0,1,95,17486,2092,0,8,0,0,0,LEADER,1,0,0,0,0,7
18961,25,adaptive-prasle,2395,1,0,0,7,0,98,0,1,25,16566,2395,0,8,0,0,0,LEADER,1,0,0,0,0,7
19566,84,adaptive-prasle,2080,1,0,0,7,0,98,0,1,84,17486,2080,0,8,0,0,0,LEADER,1,0,0,0,0,7
18843,70,adaptive-prasle,2277,1,0,0,7,0,98,0,1,70,16566,2277,0,8,0,0,0,LEADER,1,0,0,0,0,7
18761,82,adaptive-prasle,2195,1,0,0,7,0,98,0,1,82,16566,2195,0,8,0,0,0,LEADER,1,0,0,0,0,7
18979,67,adaptive-prasle,2413,1,0,0,7,0,98,0,1,67,16566,2413,0,8,0,0,0,LEADER,1,0,0,0,0,7
18931,89,adaptive-prasle,2365,1,0,0,7,0,98,0,1,89,16566,2365,0,8,0,0,0,LEADER,1,0,0,0,0,7
19599,28,adaptive-prasle,2113,1,0,0,7,0,98,0,1,28,17486,2113,0,8,0,0,0,LEADER,1,0,0,0,0,7
19341,68,adaptive-prasle,1855,1,0,0,7,0,98,0,1,68,17486,1855,0,8,0,0,0,LEADER,1,0,0,0,0,7
19293,90,adaptive-prasle,1807,1,0,0,7,0,98,0,1,90,17486,1807,0,8,0,0,0,LEADER,1,0,0,0,0,7
18954,76,adaptive-prasle,1468,1,0,0,7,0,98,0,1,76,17486,1468,0,8,0,0,0,LEADER,1,0,0,0,0,7
19398,5,adaptive-prasle,2338,1,0,0,5,9,70,126,3,5,17060,2338,0,4,0,0,0,LEADER,1,0,0,0,0,5
19275,10,adaptive-prasle,1789,1,0,0,7,0,98,0,1,10,17486,1789,0,8,0,0,0,LEADER,1,0,0,0,0,7
19707,58,adaptive-prasle,2221,1,0,0,7,0,98,0,1,58,17486,2221,0,8,0,0,0,LEADER,1,0,0,0,0,7
19090,73,adaptive-prasle,1604,1,0,0,7,0,98,0,1,73,17486,1604,0,8,0,0,0,LEADER,1,0,0,0,0,7
18831,59,adaptive-prasle,2265,1,0,0,7,0,98,0,1,59,16566,2265,0,8,0,0,0,LEADER,1,0,0,0,0,7
19105,41,adaptive-prasle,1619,1,0,0,7,0,98,0,1,41,17486,1619,0,8,0,0,0,LEADER,1,0,0,0,0,7
19020,96,adaptive-prasle,1534,1,0,0,7,0,98,0,1,96,17486,1534,0,8,0,0,0,LEADER,1,0,0,0,0,7
19253,49,adaptive-prasle,1767,1,0,0,7,0,98,0,1,49,17486,1767,0,8,0,0,0,LEADER,1,0,0,0,0,7
19322,74,adaptive-prasle,1837,1,0,0,7,0,98,0,1,74,17485,1837,0,8,0,0,0,LEADER,1,0,0,0,0,7
19714,92,adaptive-prasle,2228,1,0,0,7,0,98,0,1,92,17486,2228,0,8,0,0,0,LEADER,1,0,0,0,0,7
18920,66,adaptive-prasle,1434,1,0,0,7,0,98,0,1,66,17486,1434,0,8,0,0,0,LEADER,1,0,0,0,0,7
18946,57,adaptive-prasle,2380,1,0,0,7,0,98,0,1,57,16566,2380,0,8,0,0,0,LEADER,1,0,0,0,0,7
19746,78,adaptive-prasle,2260,1,0,0,7,0,98,0,1,78,17486,2260,0,8,0,0,0,LEADER,1,0,0,0,0,7
18912,39,adaptive-prasle,2346,1,0,0,7,0,98,0,1,39,16566,2346,0,8,0,0,0,LEADER,1,0,0,0,0,7
19629,30,adaptive-prasle,2143,1,0,0,7,0,98,0,1,30,17486,2143,0,8,0,0,0,LEADER,1,0,0,0,0,7
19035,64,adaptive-prasle,1549,1,0,0,7,0,98,0,1,64,17486,1549,0,8,0,0,0,LEADER,1,0,0,0,0,7
19260,80,adaptive-prasle,1774,1,0,0,7,0,98,0,1,80,17486,1774,0,8,0,0,0,LEADER,1,0,0,0,0,7
19002,54,adaptive-prasle,1516,1,0,0,7,0,98,0,1,54,17486,1516,0,8,0,0,0,LEADER,1,0,0,0,0,7
19526,43,adaptive-prasle,2040,1,0,0,7,0,98,0,1,43,17486,2040,0,8,0,0,0,LEADER,1,0,0,0,0,7
19446,26,adaptive-prasle,1960,1,0,0,7,0,98,0,1,26,17486,1960,0,8,0,0,0,LEADER,1,0,0,0,0,7
19077,42,adaptive-prasle,1591,1,0,0,7,0,98,0,1,42,17486,1591,0,8,0,0,0,LEADER,1,0,0,0,0,7
19084,31,adaptive-prasle,1598,1,0,0,7,0,98,0,1,31,17486,1598,0,8,0,0,0,LEADER,1,0,0,0,0,7
19841,94,adaptive-prasle,2355,1,0,0,7,0,98,0,1,94,17486,2355,0,8,0,0,0,LEADER,1,0,0,0,0,7
19411,45,adaptive-prasle,1925,1,0,0,7,0,98,0,1,45,17486,1925,0,8,0,0,0,LEADER,1,0,0,0,0,7
19784,60,adaptive-prasle,2298,1,0,0,7,0,98,0,1,60,17486,2298,0,8,0,0,0,LEADER,1,0,0,0,0,7
19889,44,adaptive-prasle,1483,1,0,0,7,0,98,0,1,44,18406,1483,0,8,0,0,0,LEADER,1,0,0,0,0,7
19493,33,adaptive-prasle,2007,1,0,0,7,0,98,0,1,33,17486,2007,0,8,0,0,0,LEADER,1,0,0,0,0,7
19138,51,adaptive-prasle,1652,1,0,0,7,0,98,0,1,51,17486,1652,0,8,0,0,0,LEADER,1,0,0,0,0,7
19937,22,adaptive-prasle,1531,1,0,0,7,0,98,0,1,22,18406,1531,0,8,0,0,0,LEADER,1,0,0,0,0,7
19648,72,adaptive-prasle,2162,1,0,0,7,0,98,0,1,72,17486,2162,0,8,0,0,0,LEADER,1,0,0,0,0,7
19438,24,adaptive-prasle,1952,1,0,0,7,0,98,0,1,24,17486,1952,0,8,0,0,0,LEADER,1,0,0,0,0,7
19970,32,adaptive-prasle,1564,1,0,0,7,0,98,0,1,32,18406,1564,0,8,0,0,0,LEADER,1,0,0,0,0,7
19829,69,adaptive-prasle,2343,1,0,0,7,0,98,0,1,69,17486,2343,0,8,0,0,0,LEADER,1,0,0,0,0,7
19157,93,adaptive-prasle,1671,1,0,0,7,0,98,0,1,93,17486,1671,0,8,0,0,0,LEADER,1,0,0,0,0,7
19817,79,adaptive-prasle,2331,1,0,0,7,0,98,0,1,79,17486,2331,0,8,0,0,0,LEADER,1,0,0,0,0,7
19511,75,adaptive-prasle,2025,1,0,0,7,0,98,0,1,75,17486,2025,0,8,0,0,0,LEADER,1,0,0,0,0,7
19238,81,adaptive-prasle,1752,1,0,0,7,0,98,0,1,81,17486,1752,0,8,0,0,0,LEADER,1,0,0,0,0,7
19096,52,adaptive-prasle,1610,1,0,0,7,0,98,0,1,52,17486,1610,0,8,0,0,0,LEADER,1,0,0,0,0,7
19574,21,adaptive-prasle,2088,1,0,0,7,0,98,0,1,21,17486,2088,0,8,0,0,0,LEADER,1,0,0,0,0,7
19751,29,adaptive-prasle,2265,1,0,0,7,0,98,0,1,29,17486,2265,0,8,0,0,0,LEADER,1,0,0,0,0,7
19327,100,adaptive-prasle,1841,1,0,0,7,0,98,0,1,100,17486,1841,0,8,0,0,0,LEADER,1,0,0,0,0,7
19172,61,adaptive-prasle,1686,1,0,0,7,0,98,0,1,61,17486,1686,0,8,0,0,0,LEADER,1,0,0,0,0,7
19736,91,adaptive-prasle,2250,1,0,0,7,0,98,0,1,91,17486,2250,0,8,0,0,0,LEADER,1,0,0,0,0,7
19696,37,adaptive-prasle,2210,1,0,0,7,0,98,0,1,37,17486,2210,0,8,0,0,0,LEADER,1,0,0,0,0,7
19241,38,adaptive-prasle,1755,1,0,0,7,0,98,0,1,38,17486,1755,0,8,0,0,0,LEADER,1,0,0,0,0,7
19905,98,adaptive-prasle,2419,1,0,0,7,0,98,0,1,98,17486,2419,0,8,0,0,0,LEADER,1,0,0,0,0,7
19423,56,adaptive-prasle,1937,1,0,0,7,0,98,0,1,56,17486,1937,0,8,0,0,0,LEADER,1,0,0,0,0,7
19614,62,adaptive-prasle,2128,1,0,0,7,0,98,0,1,62,17486,2128,0,8,0,0,0,LEADER,1,0,0,0,0,7
19766,27,adaptive-prasle,2280,1,0,0,7,0,98,0,1,27,17486,2280,0,8,0,0,0,LEADER,1,0,0,0,0,7
19813,99,adaptive-prasle,2328,1,0,0,7,0,98,0,1,99,17485,2328,0,8,0,0,0,LEADER,1,0,0,0,0,7
19688,48,adaptive-prasle,2202,1,0,0,7,0,98,0,1,48,17486,2202,0,8,0,0,0,LEADER,1,0,0,0,0,7
19205,71,adaptive-prasle,1719,1,0,0,7,0,98,0,1,71,17486,1719,0,8,0,0,0,LEADER,1,0,0,0,0,7
19430,87,adaptive-prasle,1944,1,0,0,7,0,98,0,1,87,17486,1944,0,8,0,0,0,LEADER,1,0,0,0,0,7
19356,36,adaptive-prasle,1870,1,0,0,7,0,98,0,1,36,17486,1870,0,8,0,0,0,LEADER,1,0,0,0,0,7
19852,77,adaptive-prasle,1446,1,0,0,7,0,98,0,1,77,18406,1446,0,8,0,0,0,LEADER,1,0,0,0,0,7
20043,83,adaptive-prasle,1637,1,0,0,7,0,98,0,1,83,18406,1637,0,8,0,0,0,LEADER,1,0,0,0,0,7
19545,85,adaptive-prasle,2059,1,0,0,7,0,98,0,1,85,17486,2059,0,8,0,0,0,LEADER,1,0,0,0,0,7
20073,19,adaptive-prasle,1667,1,0,0,7,0,98,0,1,19,18406,1667,0,8,0,0,0,LEADER,1,0,0,0,0,7
20228,65,adaptive-prasle,1822,1,0,0,7,0,98,0,1,65,18406,1822,0,8,0,0,0,LEADER,1,0,0,0,0,7
19834,35,adaptive-prasle,1428,1,0,0,7,0,98,0,1,35,18406,1428,0,8,0,0,0,LEADER,1,0,0,0,0,7
20182,1,adaptive-prasle,2022,1,0,0,2,4,28,56,1,1,18160,2022,0,3,0,0,0,LEADER,1,0,0,0,0,2
19849,86,adaptive-prasle,1443,1,0,0,7,0,98,0,1,86,18406,1443,0,8,0,0,0,LEADER,1,0,0,0,0,7
19892,50,adaptive-prasle,2406,1,0,0,7,0,98,0,1,50,17486,2406,0,8,0,0,0,LEADER,1,0,0,0,0,7
19907,55,adaptive-prasle,1501,1,0,0,7,0,98,0,1,55,18406,1501,0,8,0,0,0,LEADER,1,0,0,0,0,7
19946,63,adaptive-prasle,1540,1,0,0,7,0,98,0,1,63,18406,1540,0,8,0,0,0,LEADER,1,0,0,0,0,7
20310,46,adaptive-prasle,1904,1,0,0,7,0,98,0,1,46,18406,1904,0,8,0,0,0,LEADER,1,0,0,0,0,7
20107,53,adaptive-prasle,1701,1,0,0,7,0,98,0,1,53,18406,1701,0,8,0,0,0,LEADER,1,0,0,0,0,7
19460,23,adaptive-prasle,1974,1,0,0,7,0,98,0,1,23,17486,1974,0,8,0,0,0,LEADER,1,0,0,0,0,7
20328,88,adaptive-prasle,1922,1,0,0,7,0,98,0,1,88,18406,1922,0,8,0,0,0,LEADER,1,0,0,0,0,7
19855,34,adaptive-prasle,1449,1,0,0,7,0,98,0,1,34,18406,1449,0,8,0,0,0,LEADER,1,0,0,0,0,7
19463,97,adaptive-prasle,1977,1,0,0,7,0,98,0,1,97,17486,1977,0,8,0,0,0,LEADER,1,0,0,0,0,7
19581,20,adaptive-prasle,2095,1,0,0,7,0,98,0,1,20,17486,2095,0,8,0,0,0,LEADER,1,0,0,0,0,7
19663,40,adaptive-prasle,2177,1,0,0,7,0,98,0,1,40,17486,2177,0,8,0,0,0,LEADER,1,0,0,0,0,7
19586,47,adaptive-prasle,2100,1,0,0,7,0,98,0,1,47,17486,2100,0,8,0,0,0,LEADER,1,0,0,0,0,7
20498,95,adaptive-prasle,2092,1,0,0,7,0,98,0,1,95,18406,2092,0,8,0,0,0,LEADER,1,0,0,0,0,7
19881,25,adaptive-prasle,2395,1,0,0,7,0,98,0,1,25,17486,2395,0,8,0,0,0,LEADER,1,0,0,0,0,7
20486,84,adaptive-prasle,2080,1,0,0,7,0,98,0,1,84,18406,2080,0,8,0,0,0,LEADER,1,0,0,0,0,7
19763,70,adaptive-prasle,2277,1,0,0,7,0,98,0,1,70,17486,2277,0,8,0,0,0,LEADER,1,0,0,0,0,7
19681,82,adaptive-prasle,2195,1,0,0,7,0,98,0,1,82,17486,2195,0,8,0,0,0,LEADER,1,0,0,0,0,7
19899,67,adaptive-prasle,2413,1,0,0,7,0,98,0,1,67,17486,2413,0,8,0,0,0,LEADER,1,0,0,0,0,7
19851,89,adaptive-prasle,2365,1,0,0,7,0,98,0,1,89,17486,2365,0,8,0,0,0,LEADER,1,0,0,0,0,7
20519,28,adaptive-prasle,2113,1,0,0,7,0,98,0,1,28,18406,2113,0,8,0,0,0,LEADER,1,0,0,0,0,7
20261,68,adaptive-prasle,1855,1,0,0,7,0,98,0,1,68,18406,1855,0,8,0,0,0,LEADER,1,0,0,0,0,7
20213,90,adaptive-prasle,1807,1,0,0,7,0,98,0,1,90,18406,1807,0,8,0,0,0,LEADER,1,0,0,0,0,7
19874,76,adaptive-prasle,1468,1,0,0,7,0,98,0,1,76,18406,1468,0,8,0,0,0,LEADER,1,0,0,0,0,7
20195,10,adaptive-prasle,1789,1,0,0,7,0,98,0,1,10,18406,1789,0,8,0,0,0,LEADER,1,0,0,0,0,7
20627,58,adaptive-prasle,2221,1,0,0,7,0,98,0,1,58,18406,2221,0,8,0,0,0,LEADER,1,0,0,0,0,7
20010,73,adaptive-prasle,1604,1,0,0,7,0,98,0,1,73,18406,1604,0,8,0,0,0,LEADER,1,0,0,0,0,7
19751,59,adaptive-prasle,2265,1,0,0,7,0,98,0,1,59,17486,2265,0,8,0,0,0,LEADER,1,0,0,0,0,7
20025,41,adaptive-prasle,1619,1,0,0,7,0,98,0,1,41,18406,1619,0,8,0,0,0,LEADER,1,0,0,0,0,7
19940,96,adaptive-prasle,1534,1,0,0,7,0,98,0,1,96,18406,1534,0,8,0,0,0,LEADER,1,0,0,0,0,7
20173,49,adaptive-prasle,1767,1,0,0,7,0,98,0,1,49,18406,1767,0,8,0,0,0,LEADER,1,0,0,0,0,7
20242,74,adaptive-prasle,1837,1,0,0,7,0,98,0,1,74,18405,1837,0,8,0,0,0,LEADER,1,0,0,0,0,7
20634,92,adaptive-prasle,2228,1,0,0,7,0,98,0,1,92,18406,2228,0,8,0,0,0,LEADER,1,0,0,0,0,7
19840,66,adaptive-prasle,1434,1,0,0,7,0,98,0,1,66,18406,1434,0,8,0,0,0,LEADER,1,0,0,0,0,7
19866,57,adaptive-prasle,2380,1,0,0,7,0,98,0,1,57,17486,2380,0,8,0,0,0,LEADER,1,0,0,0,0,7
20666,78,adaptive-prasle,2260,1,0,0,7,0,98,0,1,78,18406,2260,0,8,0,0,0,LEADER,1,0,0,0,0,7
19832,39,adaptive-prasle,2346,1,0,0,7,0,98,0,1,39,17486,2346,0,8,0,0,0,LEADER,1,0,0,0,0,7
20549,30,adaptive-prasle,2143,1,0,0,7,0,98,0,1,30,18406,2143,0,8,0,0,0,LEADER,1,0,0,0,0,7
19955,64,adaptive-prasle,1549,1,0,0,7,0,98,0,1,64,18406,1549,0,8,0,0,0,LEADER,1,0,0,0,0,7
20180,80,adaptive-prasle,1774,1,0,0,7,0,98,0,1,80,18406,1774,0,8,0,0,0,LEADER,1,0,0,0,0,7
19922,54,adaptive-prasle,1516,1,0,0,7,0,98,0,1,54,18406,1516,0,8,0,0,0,LEADER,1,0,0,0,0,7
20446,43,adaptive-prasle,2040,1,0,0,7,0,98,0,1,43,18406,2040,0,8,0,0,0,LEADER,1,0,0,0,0,7
20366,26,adaptive-prasle,1960,1,0,0,7,0,98,0,1,26,18406,1960,0,8,0,0,0,LEADER,1,0,0,0,0,7
19997,42,adaptive-prasle,1591,1,0,0,7,0,98,0,1,42,18406,1591,0,8,0,0,0,LEADER,1,0,0,0,0,7
20004,31,adaptive-prasle,1598,1,0,0,7,0,98,0,1,31,18406,1598,0,8,0,0,0,LEADER,1,0,0,0,0,7
20761,94,adaptive-prasle,2355,1,0,0,7,0,98,0,1,94,18406,2355,0,8,0,0,0,LEADER,1,0,0,0,0,7
20331,45,adaptive-prasle,1925,1,0,0,7,0,98,0,1,45,18406,1925,0,8,0,0,0,LEADER,1,0,0,0,0,7
20704,60,adaptive-prasle,2298,1,0,0,7,0,98,0,1,60,18406,2298,0,8,0,0,0,LEADER,1,0,0,0,0,7
20810,44,adaptive-prasle,1483,1,0,0,8,0,112,0,1,44,19327,1483,0,9,0,0,0,LEADER,1,0,0,0,0,8
20413,33,adaptive-prasle,2007,1,0,0,7,0,98,0,1,33,18406,2007,0,8,0,0,0,LEADER,1,0,0,0,0,7
20058,51,adaptive-prasle,1652,1,0,0,7,0,98,0,1,51,18406,1652,0,8,0,0,0,LEADER,1,0,0,0,0,7
20858,22,adaptive-prasle,1531,1,0,0,8,0,112,0,1,22,19327,1531,0,9,0,0,0,LEADER,1,0,0,0,0,8
20568,72,adaptive-prasle,2162,1,0,0,7,0,98,0,1,72,18406,2162,0,8,0,0,0,LEADER,1,0,0,0,0,7
20358,24,adaptive-prasle,1952,1,0,0,7,0,98,0,1,24,18406,1952,0,8,0,0,0,LEADER,1,0,0,0,0,7
20891,32,adaptive-prasle,1564,1,0,0,8,0,112,0,1,32,19327,1564,0,9,0,0,0,LEADER,1,0,0,0,0,8
20077,93,adaptive-prasle,1671,1,0,0,7,0,98,0,1,93,18406,1671,0,8,0,0,0,LEADER,1,0,0,0,0,7
20749,69,adaptive-prasle,2343,1,0,0,7,0,98,0,1,69,18406,2343,0,8,0,0,0,LEADER,1,0,0,0,0,7
20737,79,adaptive-prasle,2331,1,0,0,7,0,98,0,1,79,18406,2331,0,8,0,0,0,LEADER,1,0,0,0,0,7
20431,75,adaptive-prasle,2025,1,0,0,7,0,98,0,1,75,18406,2025,0,8,0,0,0,LEADER,1,0,0,0,0,7
20158,81,adaptive-prasle,1752,1,0,0,7,0,98,0,1,81,18406,1752,0,8,0,0,0,LEADER,1,0,0,0,0,7
20016,52,adaptive-prasle,1610,1,0,0,7,0,98,0,1,52,18406,1610,0,8,0,0,0,LEADER,1,0,0,0,0,7
20494,21,adaptive-prasle,2088,1,0,0,7,0,98,0,1,21,18406,2088,0,8,0,0,0,LEADER,1,0,0,0,0,7
20671,29,adaptive-prasle,2265,1,0,0,7,0,98,0,1,29,18406,2265,0,8,0,0,0,LEADER,1,0,0,0,0,7
20247,100,adaptive-prasle,1841,1,0,0,7,0,98,0,1,100,18406,1841,0,8,0,0,0,LEADER,1,0,0,0,0,7
20092,61,adaptive-prasle,1686,1,0,0,7,0,98,0,1,61,18406,1686,0,8,0,0,0,LEADER,1,0,0,0,0,7
20656,91,adaptive-prasle,2250,1,0,0,7,0,98,0,1,91,18406,2250,0,8,0,0,0,LEADER,1,0,0,0,0,7
20616,37,adaptive-prasle,2210,1,0,0,7,0,98,0,1,37,18406,2210,0,8,0,0,0,LEADER,1,0,0,0,0,7
20161,38,adaptive-prasle,1755,1,0,0,7,0,98,0,1,38,18406,1755,0,8,0,0,0,LEADER,1,0,0,0,0,7
20825,98,adaptive-prasle,2419,1,0,0,7,0,98,0,1,98,18406,2419,0,8,0,0,0,LEADER,1,0,0,0,0,7
20534,62,adaptive-prasle,2128,1,0,0,7,0,98,0,1,62,18406,2128,0,8,0,0,0,LEADER,1,0,0,0,0,7
20686,27,adaptive-prasle,2280,1,0,0,7,0,98,0,1,27,18406,2280,0,8,0,0,0,LEADER,1,0,0,0,0,7
20343,56,adaptive-prasle,1937,1,0,0,7,0,98,0,1,56,18406,1937,0,8,0,0,0,LEADER,1,0,0,0,0,7
20733,99,adaptive-prasle,2328,1,0,0,7,0,98,0,1,99,18405,2328,0,8,0,0,0,LEADER,1,0,0,0,0,7
20608,48,adaptive-prasle,2202,1,0,0,7,0,98,0,1,48,18406,2202,0,8,0,0,0,LEADER,1,0,0,0,0,7
20125,71,adaptive-prasle,1719,1,0,0,7,0,98,0,1,71,18406,1719,0,8,0,0,0,LEADER,1,0,0,0,0,7
20350,87,adaptive-prasle,1944,1,0,0,7,0,98,0,1,87,18406,1944,0,8,0,0,0,LEADER,1,0,0,0,0,7
20276,36,adaptive-prasle,1870,1,0,0,7,0,98,0,1,36,18406,1870,0,8,0,0,0,LEADER,1,0,0,0,0,7
20773,77,adaptive-prasle,1446,1,0,0,8,0,112,0,1,77,19327,1446,0,9,0,0,0,LEADER,1,0,0,0,0,8
20964,83,adaptive-prasle,1637,1,0,0,8,0,112,0,1,83,19327,1637,0,9,0,0,0,LEADER,1,0,0,0,0,8
20465,85,adaptive-prasle,2059,1,0,0,7,0,98,0,1,85,18406,2059,0,8,0,0,0,LEADER,1,0,0,0,0,7
20994,19,adaptive-prasle,1667,1,0,0,8,0,112,0,1,19,19327,1667,0,9,0,0,0,LEADER,1,0,0,0,0,8
21149,65,adaptive-prasle,1822,1,0,0,8,0,112,0,1,65,19327,1822,0,9,0,0,0,LEADER,1,0,0,0,0,8
20755,35,adaptive-prasle,1428,1,0,0,8,0,112,0,1,35,19327,1428,0,9,0,0,0,LEADER,1,0,0,0,0,8
20770,86,adaptive-prasle,1443,1,0,0,8,0,112,0,1,86,19327,1443,0,9,0,0,0,LEADER,1,0,0,0,0,8
20812,50,adaptive-prasle,2406,1,0,0,7,0,98,0,1,50,18406,2406,0,8,0,0,0,LEADER,1,0,0,0,0,7
20828,55,adaptive-prasle,1501,1,0,0,8,0,112,0,1,55,19327,1501,0,9,0,0,0,LEADER,1,0,0,0,0,8
20867,63,adaptive-prasle,1540,1,0,0,8,0,112,0,1,63,19327,1540,0,9,0,0,0,LEADER,1,0,0,0,0,8
21231,46,adaptive-prasle,1904,1,0,0,8,0,112,0,1,46,19327,1904,0,9,0,0,0,LEADER,1,0,0,0,0,8
21028,53,adaptive-prasle,1701,1,0,0,8,0,112,0,1,53,19327,1701,0,9,0,0,0,LEADER,1,0,0,0,0,8
20380,23,adaptive-prasle,1974,1,0,0,7,0,98,0,1,23,18406,1974,0,8,0,0,0,LEADER,1,0,0,0,0,7
21249,88,adaptive-prasle,1922,1,0,0,8,0,112,0,1,88,19327,1922,0,9,0,0,0,LEADER,1,0,0,0,0,8
20776,34,adaptive-prasle,1449,1,0,0,8,0,112,0,1,34,19327,1449,0,9,0,0,0,LEADER,1,0,0,0,0,8
20383,97,adaptive-prasle,1977,1,0,0,7,0,98,0,1,97,18406,1977,0,8,0,0,0,LEADER,1,0,0,0,0,7
20584,3,adaptive-prasle,1603,1,0,0,4,9,56,126,2,3,18981,1603,0,4,0,0,0,LEADER,1,0,0,0,0,4
20501,20,adaptive-prasle,2095,1,0,0,7,0,98,0,1,20,18406,2095,0,8,0,0,0,LEADER,1,0,0,0,0,7
20583,40,adaptive-prasle,2177,1,0,0,7,0,98,0,1,40,18406,2177,0,8,0,0,0,LEADER,1,0,0,0,0,7
20506,47,adaptive-prasle,2100,1,0,0,7,0,98,0,1,47,18406,2100,0,8,0,0,0,LEADER,1,0,0,0,0,7
21419,95,adaptive-prasle,2092,1,0,0,8,0,112,0,1,95,19327,2092,0,9,0,0,0,LEADER,1,0,0,0,0,8
20801,25,adaptive-prasle,2395,1,0,0,7,0,98,0,1,25,18406,2395,0,8,0,0,0,LEADER,1,0,0,0,0,7
21407,84,adaptive-prasle,2080,1,0,0,8,0,112,0,1,84,19327,2080,0,9,0,0,0,LEADER,1,0,0,0,0,8
20683,70,adaptive-prasle,2277,1,0,0,7,0,98,0,1,70,18406,2277,0,8,0,0,0,LEADER,1,0,0,0,0,7
20601,82,adaptive-prasle,2195,1,0,0,7,0,98,0,1,82,18406,2195,0,8,0,0,0,LEADER,1,0,0,0,0,7
20819,67,adaptive-prasle,2413,1,0,0,7,0,98,0,1,67,18406,2413,0,8,0,0,0,LEADER,1,0,0,0,0,7
20771,89,adaptive-prasle,2365,1,0,0,7,0,98,0,1,89,18406,2365,0,8,0,0,0,LEADER,1,0,0,0,0,7
21440,28,adaptive-prasle,2113,1,0,0,8,0,112,0,1,28,19327,2113,0,9,0,0,0,LEADER,1,0,0,0,0,8
21182,68,adaptive-prasle,1855,1,0,0,8,0,112,0,1,68,19327,1855,0,9,0,0,0,LEADER,1,0,0,0,0,8
21134,90,adaptive-prasle,1807,1,0,0,8,0,112,0,1,90,19327,1807,0,9,0,0,0,LEADER,1,0,0,0,0,8
20795,76,adaptive-prasle,1468,1,0,0,8,0,112,0,1,76,19327,1468,0,9,0,0,0,LEADER,1,0,0,0,0,8
21116,10,adaptive-prasle,1789,1,0,0,8,0,112,0,1,10,19327,1789,0,9,0,0,0,LEADER,1,0,0,0,0,8
21548,58,adaptive-prasle,2221,1,0,0,8,0,112,0,1,58,19327,2221,0,9,0,0,0,LEADER,1,0,0,0,0,8
20931,73,adaptive-prasle,1604,1,0,0,8,0,112,0,1,73,19327,1604,0,9,0,0,0,LEADER,1,0,0,0,0,8
20671,59,adaptive-prasle,2265,1,0,0,7,0,98,0,1,59,18406,2265,0,8,0,0,0,LEADER,1,0,0,0,0,7
20946,41,adaptive-prasle,1619,1,0,0,8,0,112,0,1,41,19327,1619,0,9,0,0,0,LEADER,1,0,0,0,0,8
20861,96,adaptive-prasle,1534,1,0,0,8,0,112,0,1,96,19327,1534,0,9,0,0,0,LEADER,1,0,0,0,0,8
21094,49,adaptive-prasle,1767,1,0,0,8,0,112,0,1,49,19327,1767,0,9,0,0,0,LEADER,1,0,0,0,0,8
21163,74,adaptive-prasle,1837,1,0,0,8,0,112,0,1,74,19326,1837,0,9,0,0,0,LEADER,1,0,0,0,0,8
21555,92,adaptive-prasle,2228,1,0,0,8,0,112,0,1,92,19327,2228,0,9,0,0,0,LEADER,1,0,0,0,0,8
20761,66,adaptive-prasle,1434,1,0,0,8,0,112,0,1,66,19327,1434,0,9,0,0,0,LEADER,1,0,0,0,0,8
20786,57,adaptive-prasle,2380,1,0,0,7,0,98,0,1,57,18406,2380,0,8,0,0,0,LEADER,1,0,0,0,0,7
21587,78,adaptive-prasle,2260,1,0,0,8,0,112,0,1,78,19327,2260,0,9,0,0,0,LEADER,1,0,0,0,0,8
20752,39,adaptive-prasle,2346,1,0,0,7,0,98,0,1,39,18406,2346,0,8,0,0,0,LEADER,1,0,0,0,0,7
21470,30,adaptive-prasle,2143,1,0,0,8,0,112,0,1,30,19327,2143,0,9,0,0,0,LEADER,1,0,0,0,0,8
20876,64,adaptive-prasle,1549,1,0,0,8,0,112,0,1,64,19327,1549,0,9,0,0,0,LEADER,1,0,0,0,0,8
21101,80,adaptive-prasle,1774,1,0,0,8,0,112,0,1,80,19327,1774,0,9,0,0,0,LEADER,1,0,0,0,0,8
20842,54,adaptive-prasle,1516,1,0,0,8,0,112,0,1,54,19326,1516,0,9,0,0,0,LEADER,1,0,0,0,0,8
21367,43,adaptive-prasle,2040,1,0,0,8,0,112,0,1,43,19327,2040,0,9,0,0,0,LEADER,1,0,0,0,0,8
21287,26,adaptive-prasle,1960,1,0,0,8,0,112,0,1,26,19327,1960,0,9,0,0,0,LEADER,1,0,0,0,0,8
20918,42,adaptive-prasle,1591,1,0,0,8,0,112,0,1,42,19327,1591,0,9,0,0,0,LEADER,1,0,0,0,0,8
20925,31,adaptive-prasle,1598,1,0,0,8,0,112,0,1,31,19327,1598,0,9,0,0,0,LEADER,1,0,0,0,0,8
21682,94,adaptive-prasle,2355,1,0,0,8,0,112,0,1,94,19327,2355,0,9,0,0,0,LEADER,1,0,0,0,0,8
21252,45,adaptive-prasle,1925,1,0,0,8,0,112,0,1,45,19327,1925,0,9,0,0,0,LEADER,1,0,0,0,0,8
21625,60,adaptive-prasle,2298,1,0,0,8,0,112,0,1,60,19327,2298,0,9,0,0,0,LEADER,1,0,0,0,0,8
21730,44,adaptive-prasle,1483,1,0,0,8,0,112,0,1,44,20247,1483,0,9,0,0,0,LEADER,1,0,0,0,0,8
21334,33,adaptive-prasle,2007,1,0,0,8,0,112,0,1,33,19327,2007,0,9,0,0,0,LEADER,1,0,0,0,0,8
20979,51,adaptive-prasle,1652,1,0,0,8,0,112,0,1,51,19327,1652,0,9,0,0,0,LEADER,1,0,0,0,0,8
21778,22,adaptive-prasle,1531,1,0,0,8,0,112,0,1,22,20247,1531,0,9,0,0,0,LEADER,1,0,0,0,0,8
21489,72,adaptive-prasle,2162,1,0,0,8,0,112,0,1,72,19327,2162,0,9,0,0,0,LEADER,1,0,0,0,0,8
21279,24,adaptive-prasle,1952,1,0,0,8,0,112,0,1,24,19327,1952,0,9,0,0,0,LEADER,1,0,0,0,0,8
21811,32,adaptive-prasle,1564,1,0,0,8,0,112,0,1,32,20247,1564,0,9,0,0,0,LEADER,1,0,0,0,0,8
20998,93,adaptive-prasle,1671,1,0,0,8,0,112,0,1,93,19327,1671,0,9,0,0,0,LEADER,1,0,0,0,0,8
21670,69,adaptive-prasle,2343,1,0,0,8,0,112,0,1,69,19327,2343,0,9,0,0,0,LEADER,1,0,0,0,0,8
21658,79,adaptive-prasle,2331,1,0,0,8,0,112,0,1,79,19327,2331,0,9,0,0,0,LEADER,1,0,0,0,0,8
21352,75,adaptive-prasle,2025,1,0,0,8,0,112,0,1,75,19327,2025,0,9,0,0,0,LEADER,1,0,0,0,0,8
21079,81,adaptive-prasle,1752,1,0,0,8,0,112,0,1,81,19327,1752,0,9,0,0,0,LEADER,1,0,0,0,0,8
20937,52,adaptive-prasle,1610,1,0,0,8,0,112,0,1,52,19327,1610,0,9,0,0,0,LEADER,1,0,0,0,0,8
21415,21,adaptive-prasle,2088,1,0,0,8,0,112,0,1,21,19327,2088,0,9,0,0,0,LEADER,1,0,0,0,0,8
21592,29,adaptive-prasle,2265,1,0,0,8,0,112,0,1,29,19327,2265,0,9,0,0,0,LEADER,1,0,0,0,0,8
21168,100,adaptive-prasle,1841,1,0,0,8,0,112,0,1,100,19327,1841,0,9,0,0,0,LEADER,1,0,0,0,0,8
21013,61,adaptive-prasle,1686,1,0,0,8,0,112,0,1,61,19327,1686,0,9,0,0,0,LEADER,1,0,0,0,0,8
21577,91,adaptive-prasle,2250,1,0,0,8,0,112,0,1,91,19327,2250,0,9,0,0,0,LEADER,1,0,0,0,0,8
21537,37,adaptive-prasle,2210,1,0,0,8,0,112,0,1,37,19327,2210,0,9,0,0,0,LEADER,1,0,0,0,0,8
21082,38,adaptive-prasle,1755,1,0,0,8,0,112,0,1,38,19327,1755,0,9,0,0,0,LEADER,1,0,0,0,0,8
21746,98,adaptive-prasle,2419,1,0,0,8,0,112,0,1,98,19327,2419,0,9,0,0,0,LEADER,1,0,0,0,0,8
21455,62,adaptive-prasle,2128,1,0,0,8,0,112,0,1,62,19327,2128,0,9,0,0,0,LEADER,1,0,0,0,0,8
21607,27,adaptive-prasle,2280,1,0,0,8,0,112,0,1,27,19327,2280,0,9,0,0,0,LEADER,1,0,0,0,0,8
21264,56,adaptive-prasle,1937,1,0,0,8,0,112,0,1,56,19327,1937,0,9,0,0,0,LEADER,1,0,0,0,0,8
21654,99,adaptive-prasle,2328,1,0,0,8,0,112,0,1,99,19326,2328,0,9,0,0,0,LEADER,1,0,0,0,0,8
21529,48,adaptive-prasle,2202,1,0,0,8,0,112,0,1,48,19327,2202,0,9,0,0,0,LEADER,1,0,0,0,0,8
21046,71,adaptive-prasle,1719,1,0,0,8,0,112,0,1,71,19327,1719,0,9,0,0,0,LEADER,1,0,0,0,0,8
21271,87,adaptive-prasle,1944,1,0,0,8,0,112,0,1,87,19327,1944,0,9,0,0,0,LEADER,1,0,0,0,0,8
21197,36,adaptive-prasle,1870,1,0,0,8,0,112,0,1,36,19327,1870,0,9,0,0,0,LEADER,1,0,0,0,0,8
21693,77,adaptive-prasle,1446,1,0,0,8,0,112,0,1,77,20247,1446,0,9,0,0,0,LEADER,1,0,0,0,0,8
21884,83,adaptive-prasle,1637,1,0,0,8,0,112,0,1,83,20247,1637,0,9,0,0,0,LEADER,1,0,0,0,0,8
21386,85,adaptive-prasle,2059,1,0,0,8,0,112,0,1,85,19327,2059,0,9,0,0,0,LEADER,1,0,0,0,0,8
21914,19,adaptive-prasle,1667,1,0,0,8,0,112,0,1,19,20247,1667,0,9,0,0,0,LEADER,1,0,0,0,0,8
22069,65,adaptive-prasle,1822,1,0,0,8,0,112,0,1,65,20247,1822,0,9,0,0,0,LEADER,1,0,0,0,0,8
21675,35,adaptive-prasle,1428,1,0,0,8,0,112,0,1,35,20247,1428,0,9,0,0,0,LEADER,1,0,0,0,0,8
21690,86,adaptive-prasle,1443,1,0,0,8,0,112,0,1,86,20247,1443,0,9,0,0,0,LEADER,1,0,0,0,0,8
21733,50,adaptive-prasle,2406,1,0,0,8,0,112,0,1,50,19327,2406,0,9,0,0,0,LEADER,1,0,0,0,0,8
21748,55,adaptive-prasle,1501,1,0,0,8,0,112,0,1,55,20247,1501,0,9,0,0,0,LEADER,1,0,0,0,0,8
21787,63,adaptive-prasle,1540,1,0,0,8,0,112,0,1,63,20247,1540,0,9,0,0,0,LEADER,1,0,0,0,0,8
22151,46,adaptive-prasle,1904,1,0,0,8,0,112,0,1,46,20247,1904,0,9,0,0,0,LEADER,1,0,0,0,0,8
21948,53,adaptive-prasle,1701,1,0,0,8,0,112,0,1,53,20247,1701,0,9,0,0,0,LEADER,1,0,0,0,0,8
21301,23,adaptive-prasle,1974,1,0,0,8,0,112,0,1,23,19327,1974,0,9,0,0,0,LEADER,1,0,0,0,0,8
22169,88,adaptive-prasle,1922,1,0,0,8,0,112,0,1,88,20247,1922,0,9,0,0,0,LEADER,1,0,0,0,0,8
21696,34,adaptive-prasle,1449,1,0,0,8,0,112,0,1,34,20247,1449,0,9,0,0,0,LEADER,1,0,0,0,0,8
22180,11,adaptive-prasle,2055,1,0,0,6,3,84,42,3,1,20125,2055,0,5,0,0,0,NORMAL,0,0,0,0,0,6
21304,97,adaptive-prasle,1977,1,0,0,8,0,112,0,1,97,19327,1977,0,9,0,0,0,LEADER,1,0,0,0,0,8
21422,20,adaptive-prasle,2095,1,0,0,8,0,112,0,1,20,19327,2095,0,9,0,0,0,LEADER,1,0,0,0,0,8
21504,40,adaptive-prasle,2177,1,0,0,8,0,112,0,1,40,19327,2177,0,9,0,0,0,LEADER,1,0,0,0,0,8
21427,47,adaptive-prasle,2100,1,0,0,8,0,112,0,1,47,19327,2100,0,9,0,0,0,LEADER,1,0,0,0,0,8
22339,95,adaptive-prasle,2092,1,0,0,8,0,112,0,1,95,20247,2092,0,9,0,0,0,LEADER,1,0,0,0,0,8
21722,25,adaptive-prasle,2395,1,0,0,8,0,112,0,1,25,19327,2395,0,9,0,0,0,LEADER,1,0,0,0,0,8
22327,84,adaptive-prasle,2080,1,0,0,8,0,112,0,1,84,20247,2080,0,9,0,0,0,LEADER,1,0,0,0,0,8
21604,70,adaptive-prasle,2277,1,0,0,8,0,112,0,1,70,19327,2277,0,9,0,0,0,LEADER,1,0,0,0,0,8
21522,82,adaptive-prasle,2195,1,0,0,8,0,112,0,1,82,19327,2195,0,9,0,0,0,LEADER,1,0,0,0,0,8
21740,67,adaptive-prasle,2413,1,0,0,8,0,112,0,1,67,19327,2413,0,9,0,0,0,LEADER,1,0,0,0,0,8
21692,89,adaptive-prasle,2365,1,0,0,8,0,112,0,1,89,19327,2365,0,9,0,0,0,LEADER,1,0,0,0,0,8
22360,28,adaptive-prasle,2113,1,0,0,8,0,112,0,1,28,20247,2113,0,9,0,0,0,LEADER,1,0,0,0,0,8
22102,68,adaptive-prasle,1855,1,0,0,8,0,112,0,1,68,20247,1855,0,9,0,0,0,LEADER,1,0,0,0,0,8
22054,90,adaptive-prasle,1807,1,0,0,8,0,112,0,1,90,20247,1807,0,9,0,0,0,LEADER,1,0,0,0,0,8
21715,76,adaptive-prasle,1468,1,0,0,8,0,112,0,1,76,20247,1468,0,9,0,0,0,LEADER,1,0,0,0,0,8
22036,10,adaptive-prasle,1789,1,0,0,8,0,112,0,1,10,20247,1789,0,9,0,0,0,LEADER,1,0,0,0,0,8
22468,58,adaptive-prasle,2221,1,0,0,8,0,112,0,1,58,20247,2221,0,9,0,0,0,LEADER,1,0,0,0,0,8
21851,73,adaptive-prasle,1604,1,0,0,8,0,112,0,1,73,20247,1604,0,9,0,0,0,LEADER,1,0,0,0,0,8
21592,59,adaptive-prasle,2265,1,0,0,8,0,112,0,1,59,19327,2265,0,9,0,0,0,LEADER,1,0,0,0,0,8
21866,41,adaptive-prasle,1619,1,0,0,8,0,112,0,1,41,20247,1619,0,9,0,0,0,LEADER,1,0,0,0,0,8
21781,96,adaptive-prasle,1534,1,0,0,8,0,112,0,1,96,20247,1534,0,9,0,0,0,LEADER,1,0,0,0,0,8
22014,49,adaptive-prasle,1767,1,0,0,8,0,112,0,1,49,20247,1767,0,9,0,0,0,LEADER,1,0,0,0,0,8
22083,74,adaptive-prasle,1837,1,0,0,8,0,112,0,1,74,20246,1837,0,9,0,0,0,LEADER,1,0,0,0,0,8
22475,92,adaptive-prasle,2228,1,0,0,8,0,112,0,1,92,20247,2228,0,9,0,0,0,LEADER,1,0,0,0,0,8
21681,66,adaptive-prasle,1434,1,0,0,8,0,112,0,1,66,20247,1434,0,9,0,0,0,LEADER,1,0,0,0,0,8
21707,57,adaptive-prasle,2380,1,0,0,8,0,112,0,1,57,19327,2380,0,9,0,0,0,LEADER,1,0,0,0,0,8
22507,78,adaptive-prasle,2260,1,0,0,8,0,112,0,1,78,20247,2260,0,9,0,0,0,LEADER,1,0,0,0,0,8
21673,39,adaptive-prasle,2346,1,0,0,8,0,112,0,1,39,19327,2346,0,9,0,0,0,LEADER,1,0,0,0,0,8
22390,30,adaptive-prasle,2143,1,0,0,8,0,112,0,1,30,20247,2143,0,9,0,0,0,LEADER,1,0,0,0,0,8
21796,64,adaptive-prasle,1549,1,0,0,8,0,112,0,1,64,20247,1549,0,9,0,0,0,LEADER,1,0,0,0,0,8
22021,80,adaptive-prasle,1774,1,0,0,8,0,112,0,1,80,20247,1774,0,9,0,0,0,LEADER,1,0,0,0,0,8
21762,54,adaptive-prasle,1516,1,0,0,8,0,112,0,1,54,20246,1516,0,9,0,0,0,LEADER,1,0,0,0,0,8
22287,43,adaptive-prasle,2040,1,0,0,8,0,112,0,1,43,20247,2040,0,9,0,0,0,LEADER,1,0,0,0,0,8
22207,26,adaptive-prasle,1960,1,0,0,8,0,112,0,1,26,20247,1960,0,9,0,0,0,LEADER,1,0,0,0,0,8
21838,42,adaptive-prasle,1591,1,0,0,8,0,112,0,1,42,20247,1591,0,9,0,0,0,LEADER,1,0,0,0,0,8
21845,31,adaptive-prasle,1598,1,0,0,8,0,112,0,1,31,20247,1598,0,9,0,0,0,LEADER,1,0,0,0,0,8
22602,94,adaptive-prasle,2355,1,0,0,8,0,112,0,1,94,20247,2355,0,9,0,0,0,LEADER,1,0,0,0,0,8
22172,45,adaptive-prasle,1925,1,0,0,8,0,112,0,1,45,20247,1925,0,9,0,0,0,LEADER,1,0,0,0,0,8
22545,60,adaptive-prasle,2298,1,0,0,8,0,112,0,1,60,20247,2298,0,9,0,0,0,LEADER,1,0,0,0,0,8
22650,44,adaptive-prasle,1483,1,0,0,8,0,112,0,1,44,21167,1483,0,9,0,0,0,LEADER,1,0,0,0,0,8
22254,33,adaptive-prasle,2007,1,0,0,8,0,112,0,1,33,20247,2007,0,9,0,0,0,LEADER,1,0,0,0,0,8
21899,51,adaptive-prasle,1652,1,0,0,8,0,112,0,1,51,20247,1652,0,9,0,0,0,LEADER,1,0,0,0,0,8
22698,22,adaptive-prasle,1531,1,0,0,8,0,112,0,1,22,21167,1531,0,9,0,0,0,LEADER,1,0,0,0,0,8
22409,72,adaptive-prasle,2162,1,0,0,8,0,112,0,1,72,20247,2162,0,9,0,0,0,LEADER,1,0,0,0,0,8
22199,24,adaptive-prasle,1952,1,0,0,8,0,112,0,1,24,20247,1952,0,9,0,0,0,LEADER,1,0,0,0,0,8
22731,32,adaptive-prasle,1564,1,0,0,8,0,112,0,1,32,21167,1564,0,9,0,0,0,LEADER,1,0,0,0,0,8
21918,93,adaptive-prasle,1671,1,0,0,8,0,112,0,1,93,20247,1671,0,9,0,0,0,LEADER,1,0,0,0,0,8
22590,69,adaptive-prasle,2343,1,0,0,8,0,112,0,1,69,20247,2343,0,9,0,0,0,LEADER,1,0,0,0,0,8
22578,79,adaptive-prasle,2331,1,0,0,8,0,112,0,1,79,20247,2331,0,9,0,0,0,LEADER,1,0,0,0,0,8
22272,75,adaptive-prasle,2025,1,0,0,8,0,112,0,1,75,20247,2025,0,9,0,0,0,LEADER,1,0,0,0,0,8
21999,81,adaptive-prasle,1752,1,0,0,8,0,112,0,1,81,20247,1752,0,9,0,0,0,LEADER,1,0,0,0,0,8
21857,52,adaptive-prasle,1610,1,0,0,8,0,112,0,1,52,20247,1610,0,9,0,0,0,LEADER,1,0,0,0,0,8
22335,21,adaptive-prasle,2088,1,0,0,8,0,112,0,1,21,20247,2088,0,9,0,0,0,LEADER,1,0,0,0,0,8
22512,29,adaptive-prasle,2265,1,0,0,8,0,112,0,1,29,20247,2265,0,9,0,0,0,LEADER,1,0,0,0,0,8
22088,100,adaptive-prasle,1841,1,0,0,8,0,112,0,1,100,20247,1841,0,9,0,0,0,LEADER,1,0,0,0,0,8
21933,61,adaptive-prasle,1686,1,0,0,8,0,112,0,1,61,20247,1686,0,9,0,0,0,LEADER,1,0,0,0,0,8
22497,91,adaptive-prasle,2250,1,0,0,8,0,112,0,1,91,20247,2250,0,9,0,0,0,LEADER,1,0,0,0,0,8
22457,37,adaptive-prasle,2210,1,0,0,8,0,112,0,1,37,20247,2210,0,9,0,0,0,LEADER,1,0,0,0,0,8
22002,38,adaptive-prasle,1755,1,0,0,8,0,112,0,1,38,20247,1755,0,9,0,0,0,LEADER,1,0,0,0,0,8
22666,98,adaptive-prasle,2419,1,0,0,8,0,112,0,1,98,20247,2419,0,9,0,0,0,LEADER,1,0,0,0,0,8
22527,27,adaptive-prasle,2280,1,0,0,8,0,112,0,1,27,20247,2280,0,9,0,0,0,LEADER,1,0,0,0,0,8
22184,56,adaptive-prasle,1937,1,0,0,8,0,112,0,1,56,20247,1937,0,9,0,0,0,LEADER,1,0,0,0,0,8
22375,62,adaptive-prasle,2128,1,0,0,8,0,112,0,1,62,20247,2128,0,9,0,0,0,LEADER,1,0,0,0,0,8
22574,99,adaptive-prasle,2328,1,0,0,8,0,112,0,1,99,20246,2328,0,9,0,0,0,LEADER,1,0,0,0,0,8
22449,48,adaptive-prasle,2202,1,0,0,8,0,112,0,1,48,20247,2202,0,9,0,0,0,LEADER,1,0,0,0,0,8
21966,71,adaptive-prasle,1719,1,0,0,8,0,112,0,1,71,20247,1719,0,9,0,0,0,LEADER,1,0,0,0,0,8
22191,87,adaptive-prasle,1944,1,0,0,8,0,112,0,1,87,20247,1944,0,9,0,0,0,LEADER,1,0,0,0,0,8
22117,36,adaptive-prasle,1870,1,0,0,8,0,112,0,1,36,20247,1870,0,9,0,0,0,LEADER,1,0,0,0,0,8
22613,77,adaptive-prasle,1446,1,0,0,8,0,112,0,1,77,21167,1446,0,9,0,0,0,LEADER,1,0,0,0,0,8
22804,83,adaptive-prasle,1637,1,0,0,8,0,112,0,1,83,21167,1637,0,9,0,0,0,LEADER,1,0,0,0,0,8
22306,85,adaptive-prasle,2059,1,0,0,8,0,112,0,1,85,20247,2059,0,9,0,0,0,LEADER,1,0,0,0,0,8
22834,19,adaptive-prasle,1667,1,0,0,8,0,112,0,1,19,21167,1667,0,9,0,0,0,LEADER,1,0,0,0,0,8
22989,65,adaptive-prasle,1822,1,0,0,8,0,112,0,1,65,21167,1822,0,9,0,0,0,LEADER,1,0,0,0,0,8
22595,35,adaptive-prasle,1428,1,0,0,8,0,112,0,1,35,21167,1428,0,9,0,0,0,LEADER,1,0,0,0,0,8
22610,86,adaptive-prasle,1443,1,0,0,8,0,112,0,1,86,21167,1443,0,9,0,0,0,LEADER,1,0,0,0,0,8
22653,50,adaptive-prasle,2406,1,0,0,8,0,112,0,1,50,20247,2406,0,9,0,0,0,LEADER,1,0,0,0,0,8
22668,55,adaptive-prasle,1501,1,0,0,8,0,112,0,1,55,21167,1501,0,9,0,0,0,LEADER,1,0,0,0,0,8
22707,63,adaptive-prasle,1540,1,0,0,8,0,112,0,1,63,21167,1540,0,9,0,0,0,LEADER,1,0,0,0,0,8
23071,46,adaptive-prasle,1904,1,0,0,8,0,112,0,1,46,21167,1904,0,9,0,0,0,LEADER,1,0,0,0,0,8
22868,53,adaptive-prasle,1701,1,0,0,8,0,112,0,1,53,21167,1701,0,9,0,0,0,LEADER,1,0,0,0,0,8
22221,23,adaptive-prasle,1974,1,0,0,8,0,112,0,1,23,20247,1974,0,9,0,0,0,LEADER,1,0,0,0,0,8
23089,88,adaptive-prasle,1922,1,0,0,8,0,112,0,1,88,21167,1922,0,9,0,0,0,LEADER,1,0,0,0,0,8
22616,34,adaptive-prasle,1449,1,0,0,8,0,112,0,1,34,21167,1449,0,9,0,0,0,LEADER,1,0,0,0,0,8
22224,97,adaptive-prasle,1977,1,0,0,8,0,112,0,1,97,20247,1977,0,9,0,0,0,LEADER,1,0,0,0,0,8
23198,12,adaptive-prasle,1578,1,0,0,4,4,56,56,2,1,21620,1578,0,3,0,0,0,NORMAL,0,0,0,0,0,4
22342,20,adaptive-prasle,2095,1,0,0,8,0,112,0,1,20,20247,2095,0,9,0,0,0,LEADER,1,0,0,0,0,8
22424,40,adaptive-prasle,2177,1,0,0,8,0,112,0,1,40,20247,2177,0,9,0,0,0,LEADER,1,0,0,0,0,8
22347,47,adaptive-prasle,2100,1,0,0,8,0,112,0,1,47,20247,2100,0,9,0,0,0,LEADER,1,0,0,0,0,8
23259,95,adaptive-prasle,2092,1,0,0,8,0,112,0,1,95,21167,2092,0,9,0,0,0,LEADER,1,0,0,0,0,8
22642,25,adaptive-prasle,2395,1,0,0,8,0,112,0,1,25,20247,2395,0,9,0,0,0,LEADER,1,0,0,0,0,8
23247,84,adaptive-prasle,2080,1,0,0,8,0,112,0,1,84,21167,2080,0,9,0,0,0,LEADER,1,0,0,0,0,8
22524,70,adaptive-prasle,2277,1,0,0,8,0,112,0,1,70,20247,2277,0,9,0,0,0,LEADER,1,0,0,0,0,8
22442,82,adaptive-prasle,2195,1,0,0,8,0,112,0,1,82,20247,2195,0,9,0,0,0,LEADER,1,0,0,0,0,8
22660,67,adaptive-prasle,2413,1,0,0,8,0,112,0,1,67,20247,2413,0,9,0,0,0,LEADER,1,0,0,0,0,8
22612,89,adaptive-prasle,2365,1,0,0,8,0,112,0,1,89,20247,2365,0,9,0,0,0,LEADER,1,0,0,0,0,8
23280,28,adaptive-prasle,2113,1,0,0,8,0,112,0,1,28,21167,2113,0,9,0,0,0,LEADER,1,0,0,0,0,8
23022,68,adaptive-prasle,1855,1,0,0,8,0,112,0,1,68,21167,1855,0,9,0,0,0,LEADER,1,0,0,0,0,8
22974,90,adaptive-prasle,1807,1,0,0,8,0,112,0,1,90,21167,1807,0,9,0,0,0,LEADER,1,0,0,0,0,8
22635,76,adaptive-prasle,1468,1,0,0,8,0,112,0,1,76,21167,1468,0,9,0,0,0,LEADER,1,0,0,0,0,8
22956,10,adaptive-prasle,1789,1,0,0,8,0,112,0,1,10,21167,1789,0,9,0,0,0,LEADER,1,0,0,0,0,8
23388,58,adaptive-prasle,2221,1,0,0,8,0,112,0,1,58,21167,2221,0,9,0,0,0,LEADER,1,0,0,0,0,8
22771,73,adaptive-prasle,1604,1,0,0,8,0,112,0,1,73,21167,1604,0,9,0,0,0,LEADER,1,0,0,0,0,8
22512,59,adaptive-prasle,2265,1,0,0,8,0,112,0,1,59,20247,2265,0,9,0,0,0,LEADER,1,0,0,0,0,8
22786,41,adaptive-prasle,1619,1,0,0,8,0,112,0,1,41,21167,1619,0,9,0,0,0,LEADER,1,0,0,0,0,8
22701,96,adaptive-prasle,1534,1,0,0,8,0,112,0,1,96,21167,1534,0,9,0,0,0,LEADER,1,0,0,0,0,8
22934,49,adaptive-prasle,1767,1,0,0,8,0,112,0,1,49,21167,1767,0,9,0,0,0,LEADER,1,0,0,0,0,8
23003,74,adaptive-prasle,1837,1,0,0,8,0,112,0,1,74,21166,1837,0,9,0,0,0,LEADER,1,0,0,0,0,8
23395,92,adaptive-prasle,2228,1,0,0,8,0,112,0,1,92,21167,2228,0,9,0,0,0,LEADER,1,0,0,0,0,8
22601,66,adaptive-prasle,1434,1,0,0,8,0,112,0,1,66,21167,1434,0,9,0,0,0,LEADER,1,0,0,0,0,8
22627,57,adaptive-prasle,2380,1,0,0,8,0,112,0,1,57,20247,2380,0,9,0,0,0,LEADER,1,0,0,0,0,8
23427,78,adaptive-prasle,2260,1,0,0,8,0,112,0,1,78,21167,2260,0,9,0,0,0,LEADER,1,0,0,0,0,8
22593,39,adaptive-prasle,2346,1,0,0,8,0,112,0,1,39,20247,2346,0,9,0,0,0,LEADER,1,0,0,0,0,8
23310,30,adaptive-prasle,2143,1,0,0,8,0,112,0,1,30,21167,2143,0,9,0,0,0,LEADER,1,0,0,0,0,8
22716,64,adaptive-prasle,1549,1,0,0,8,0,112,0,1,64,21167,1549,0,9,0,0,0,LEADER,1,0,0,0,0,8
22941,80,adaptive-prasle,1774,1,0,0,8,0,112,0,1,80,21167,1774,0,9,0,0,0,LEADER,1,0,0,0,0,8
22682,54,adaptive-prasle,1516,1,0,0,8,0,112,0,1,54,21166,1516,0,9,0,0,0,LEADER,1,0,0,0,0,8
23207,43,adaptive-prasle,2040,1,0,0,8,0,112,0,1,43,21167,2040,0,9,0,0,0,LEADER,1,0,0,0,0,8
23127,26,adaptive-prasle,1960,1,0,0,8,0,112,0,1,26,21167,1960,0,9,0,0,0,LEADER,1,0,0,0,0,8
22758,42,adaptive-prasle,1591,1,0,0,8,0,112,0,1,42,21167,1591,0,9,0,0,0,LEADER,1,0,0,0,0,8
22765,31,adaptive-prasle,1598,1,0,0,8,0,112,0,1,31,21167,1598,0,9,0,0,0,LEADER,1,0,0,0,0,8
23522,94,adaptive-prasle,2355,1,0,0,8,0,112,0,1,94,21167,2355,0,9,0,0,0,LEADER,1,0,0,0,0,8
23092,45,adaptive-prasle,1925,1,0,0,8,0,112,0,1,45,21167,1925,0,9,0,0,0,LEADER,1,0,0,0,0,8
23465,60,adaptive-prasle,2298,1,0,0,8,0,112,0,1,60,21167,2298,0,9,0,0,0,LEADER,1,0,0,0,0,8
23571,44,adaptive-prasle,1483,1,0,0,9,0,126,0,1,44,22088,1483,0,10,0,0,0,LEADER,1,0,0,0,0,9
23174,33,adaptive-prasle,2007,1,0,0,8,0,112,0,1,33,21167,2007,0,9,0,0,0,LEADER,1,0,0,0,0,8
22819,51,adaptive-prasle,1652,1,0,0,8,0,112,0,1,51,21167,1652,0,9,0,0,0,LEADER,1,0,0,0,0,8
23329,72,adaptive-prasle,2162,1,0,0,8,0,112,0,1,72,21167,2162,0,9,0,0,0,LEADER,1,0,0,0,0,8
23619,22,adaptive-prasle,1531,1,0,0,9,0,126,0,1,22,22088,1531,0,10,0,0,0,LEADER,1,0,0,0,0,9
23119,24,adaptive-prasle,1952,1,0,0,8,0,112,0,1,24,21167,1952,0,9,0,0,0,LEADER,1,0,0,0,0,8
23652,32,adaptive-prasle,1564,1,0,0,9,0,126,0,1,32,22088,1564,0,10,0,0,0,LEADER,1,0,0,0,0,9
22838,93,adaptive-prasle,1671,1,0,0,8,0,112,0,1,93,21167,1671,0,9,0,0,0,LEADER,1,0,0,0,0,8
23510,69,adaptive-prasle,2343,1,0,0,8,0,112,0,1,69,21167,2343,0,9,0,0,0,LEADER,1,0,0,0,0,8
23498,79,adaptive-prasle,2331,1,0,0,8,0,112,0,1,79,21167,2331,0,9,0,0,0,LEADER,1,0,0,0,0,8
23192,75,adaptive-prasle,2025,1,0,0,8,0,112,0,1,75,21167,2025,0,9,0,0,0,LEADER,1,0,0,0,0,8
22919,81,adaptive-prasle,1752,1,0,0,8,0,112,0,1,81,21167,1752,0,9,0,0,0,LEADER,1,0,0,0,0,8
22777,52,adaptive-prasle,1610,1,0,0,8,0,112,0,1,52,21167,1610,0,9,0,0,0,LEADER,1,0,0,0,0,8
23255,21,adaptive-prasle,2088,1,0,0,8,0,112,0,1,21,21167,2088,0,9,0,0,0,LEADER,1,0,0,0,0,8
23432,29,adaptive-prasle,2265,1,0,0,8,0,112,0,1,29,21167,2265,0,9,0,0,0,LEADER,1,0,0,0,0,8
23008,100,adaptive-prasle,1841,1,0,0,8,0,112,0,1,100,21167,1841,0,9,0,0,0,LEADER,1,0,0,0,0,8
22853,61,adaptive-prasle,1686,1,0,0,8,0,112,0,1,61,21167,1686,0,9,0,0,0,LEADER,1,0,0,0,0,8
23417,91,adaptive-prasle,2250,1,0,0,8,0,112,0,1,91,21167,2250,0,9,0,0,0,LEADER,1,0,0,0,0,8
23377,37,adaptive-prasle,2210,1,0,0,8,0,112,0,1,37,21167,2210,0,9,0,0,0,LEADER,1,0,0,0,0,8
22922,38,adaptive-prasle,1755,1,0,0,8,0,112,0,1,38,21167,1755,0,9,0,0,0,LEADER,1,0,0,0,0,8
23586,98,adaptive-prasle,2419,1,0,0,8,0,112,0,1,98,21167,2419,0,9,0,0,0,LEADER,1,0,0,0,0,8
23295,62,adaptive-prasle,2128,1,0,0,8,0,112,0,1,62,21167,2128,0,9,0,0,0,LEADER,1,0,0,0,0,8
23447,27,adaptive-prasle,2280,1,0,0,8,0,112,0,1,27,21167,2280,0,9,0,0,0,LEADER,1,0,0,0,0,8
23104,56,adaptive-prasle,1937,1,0,0,8,0,112,0,1,56,21167,1937,0,9,0,0,0,LEADER,1,0,0,0,0,8
23494,99,adaptive-prasle,2328,1,0,0,8,0,112,0,1,99,21166,2328,0,9,0,0,0,LEADER,1,0,0,0,0,8
23369,48,adaptive-prasle,2202,1,0,0,8,0,112,0,1,48,21167,2202,0,9,0,0,0,LEADER,1,0,0,0,0,8
22886,71,adaptive-prasle,1719,1,0,0,8,0,112,0,1,71,21167,1719,0,9,0,0,0,LEADER,1,0,0,0,0,8
23111,87,adaptive-prasle,1944,1,0,0,8,0,112,0,1,87,21167,1944,0,9,0,0,0,LEADER,1,0,0,0,0,8
23037,36,adaptive-prasle,1870,1,0,0,8,0,112,0,1,36,21167,1870,0,9,0,0,0,LEADER,1,0,0,0,0,8
23534,77,adaptive-prasle,1446,1,0,0,9,0,126,0,1,77,22088,1446,0,10,0,0,0,LEADER,1,0,0,0,0,9
23725,83,adaptive-prasle,1637,1,0,0,9,0,126,0,1,83,22088,1637,0,10,0,0,0,LEADER,1,0,0,0,0,9
23226,85,adaptive-prasle,2059,1,0,0,8,0,112,0,1,85,21167,2059,0,9,0,0,0,LEADER,1,0,0,0,0,8
23755,19,adaptive-prasle,1667,1,0,0,9,0,126,0,1,19,22088,1667,0,10,0,0,0,LEADER,1,0,0,0,0,9
23910,65,adaptive-prasle,1822,1,0,0,9,0,126,0,1,65,22088,1822,0,10,0,0,0,LEADER,1,0,0,0,0,9
23516,35,adaptive-prasle,1428,1,0,0,9,0,126,0,1,35,22088,1428,0,10,0,0,0,LEADER,1,0,0,0,0,9
23531,86,adaptive-prasle,1443,1,0,0,9,0,126,0,1,86,22088,1443,0,10,0,0,0,LEADER,1,0,0,0,0,9
23573,50,adaptive-prasle,2406,1,0,0,8,0,112,0,1,50,21167,2406,0,9,0,0,0,LEADER,1,0,0,0,0,8
23589,55,adaptive-prasle,1501,1,0,0,9,0,126,0,1,55,22088,1501,0,10,0,0,0,LEADER,1,0,0,0,0,9
23628,63,adaptive-prasle,1540,1,0,0,9,0,126,0,1,63,22088,1540,0,10,0,0,0,LEADER,1,0,0,0,0,9
23992,46,adaptive-prasle,1904,1,0,0,9,0,126,0,1,46,22088,1904,0,10,0,0,0,LEADER,1,0,0,0,0,9
23789,53,adaptive-prasle,1701,1,0,0,9,0,126,0,1,53,22088,1701,0,10,0,0,0,LEADER,1,0,0,0,0,9
23141,23,adaptive-prasle,1974,1,0,0,8,0,112,0,1,23,21167,1974,0,9,0,0,0,LEADER,1,0,0,0,0,8
24010,88,adaptive-prasle,1922,1,0,0,9,0,126,0,1,88,22088,1922,0,10,0,0,0,LEADER,1,0,0,0,0,9
23537,34,adaptive-prasle,1449,1,0,0,9,0,126,0,1,34,22088,1449,0,10,0,0,0,LEADER,1,0,0,0,0,9
23144,97,adaptive-prasle,1977,1,0,0,8,0,112,0,1,97,21167,1977,0,9,0,0,0,LEADER,1,0,0,0,0,8
23858,6,adaptive-prasle,1797,1,0,0,4,9,56,126,2,3,22061,1797,0,3,0,0,0,NORMAL,0,0,0,0,0,4
23840,5,adaptive-prasle,2338,1,0,0,5,9,70,126,3,5,21502,2338,0,4,0,0,0,LEADER,1,0,0,0,0,5
23262,20,adaptive-prasle,2095,1,0,0,8,0,112,0,1,20,21167,2095,0,9,0,0,0,LEADER,1,0,0,0,0,8
23344,40,adaptive-prasle,2177,1,0,0,8,0,112,0,1,40,21167,2177,0,9,0,0,0,LEADER,1,0,0,0,0,8
23267,47,adaptive-prasle,2100,1,0,0,8,0,112,0,1,47,21167,2100,0,9,0,0,0,LEADER,1,0,0,0,0,8
24180,95,adaptive-prasle,2092,1,0,0,9,0,126,0,1,95,22088,2092,0,10,0,0,0,LEADER,1,0,0,0,0,9
23562,25,adaptive-prasle,2395,1,0,0,8,0,112,0,1,25,21167,2395,0,9,0,0,0,LEADER,1,0,0,0,0,8
24168,84,adaptive-prasle,2080,1,0,0,9,0,126,0,1,84,22088,2080,0,10,0,0,0,LEADER,1,0,0,0,0,9
23444,70,adaptive-prasle,2277,1,0,0,8,0,112,0,1,70,21167,2277,0,9,0,0,0,LEADER,1,0,0,0,0,8
23362,82,adaptive-prasle,2195,1,0,0,8,0,112,0,1,82,21167,2195,0,9,0,0,0,LEADER,1,0,0,0,0,8
23580,67,adaptive-prasle,2413,1,0,0,8,0,112,0,1,67,21167,2413,0,9,0,0,0,LEADER,1,0,0,0,0,8
23532,89,adaptive-prasle,2365,1,0,0,8,0,112,0,1,89,21167,2365,0,9,0,0,0,LEADER,1,0,0,0,0,8
24201,28,adaptive-prasle,2113,1,0,0,9,0,126,0,1,28,22088,2113,0,10,0,0,0,LEADER,1,0,0,0,0,9
23943,68,adaptive-prasle,1855,1,0,0,9,0,126,0,1,68,22088,1855,0,10,0,0,0,LEADER,1,0,0,0,0,9
23895,90,adaptive-prasle,1807,1,0,0,9,0,126,0,1,90,22088,1807,0,10,0,0,0,LEADER,1,0,0,0,0,9
23556,76,adaptive-prasle,1468,1,0,0,9,0,126,0,1,76,22088,1468,0,10,0,0,0,LEADER,1,0,0,0,0,9
23877,10,adaptive-prasle,1789,1,0,0,9,0,126,0,1,10,22088,1789,0,10,0,0,0,LEADER,1,0,0,0,0,9
24309,58,adaptive-prasle,2221,1,0,0,9,0,126,0,1,58,22088,2221,0,10,0,0,0,LEADER,1,0,0,0,0,9
23692,73,adaptive-prasle,1604,1,0,0,9,0,126,0,1,73,22088,1604,0,10,0,0,0,LEADER,1,0,0,0,0,9
23432,59,adaptive-prasle,2265,1,0,0,8,0,112,0,1,59,21167,2265,0,9,0,0,0,LEADER,1,0,0,0,0,8
23707,41,adaptive-prasle,1619,1,0,0,9,0,126,0,1,41,22088,1619,0,10,0,0,0,LEADER,1,0,0,0,0,9
23622,96,adaptive-prasle,1534,1,0,0,9,0,126,0,1,96,22088,1534,0,10,0,0,0,LEADER,1,0,0,0,0,9
23855,49,adaptive-prasle,1767,1,0,0,9,0,126,0,1,49,22088,1767,0,10,0,0,0,LEADER,1,0,0,0,0,9
23924,74,adaptive-prasle,1837,1,0,0,9,0,126,0,1,74,22087,1837,0,10,0,0,0,LEADER,1,0,0,0,0,9
24316,92,adaptive-prasle,2228,1,0,0,9,0,126,0,1,92,22088,2228,0,10,0,0,0,LEADER,1,0,0,0,0,9
23522,66,adaptive-prasle,1434,1,0,0,9,0,126,0,1,66,22088,1434,0,10,0,0,0,LEADER,1,0,0,0,0,9
23547,57,adaptive-prasle,2380,1,0,0,8,0,112,0,1,57,21167,2380,0,9,0,0,0,LEADER,1,0,0,0,0,8
24348,78,adaptive-prasle,2260,1,0,0,9,0,126,0,1,78,22088,2260,0,10,0,0,0,LEADER,1,0,0,0,0,9
23513,39,adaptive-prasle,2346,1,0,0,8,0,112,0,1,39,21167,2346,0,9,0,0,0,LEADER,1,0,0,0,0,8
24231,30,adaptive-prasle,2143,1,0,0,9,0,126,0,1,30,22088,2143,0,10,0,0,0,LEADER,1,0,0,0,0,9
23637,64,adaptive-prasle,1549,1,0,0,9,0,126,0,1,64,22088,1549,0,10,0,0,0,LEADER,1,0,0,0,0,9
23862,80,adaptive-prasle,1774,1,0,0,9,0,126,0,1,80,22088,1774,0,10,0,0,0,LEADER,1,0,0,0,0,9
23603,54,adaptive-prasle,1516,1,0,0,9,0,126,0,1,54,22087,1516,0,10,0,0,0,LEADER,1,0,0,0,0,9
24128,43,adaptive-prasle,2040,1,0,0,9,0,126,0,1,43,22088,2040,0,10,0,0,0,LEADER,1,0,0,0,0,9
24048,26,adaptive-prasle,1960,1,0,0,9,0,126,0,1,26,22088,1960,0,10,0,0,0,LEADER,1,0,0,0,0,9
23679,42,adaptive-prasle,1591,1,0,0,9,0,126,0,1,42,22088,1591,0,10,0,0,0,LEADER,1,0,0,0,0,9
23686,31,adaptive-prasle,1598,1,0,0,9,0,126,0,1,31,22088,1598,0,10,0,0,0,LEADER,1,0,0,0,0,9
24443,94,adaptive-prasle,2355,1,0,0,9,0,126,0,1,94,22088,2355,0,10,0,0,0,LEADER,1,0,0,0,0,9
24013,45,adaptive-prasle,1925,1,0,0,9,0,126,0,1,45,22088,1925,0,10,0,0,0,LEADER,1,0,0,0,0,9
24386,60,adaptive-prasle,2298,1,0,0,9,0,126,0,1,60,22088,2298,0,10,0,0,0,LEADER,1,0,0,0,0,9
24491,44,adaptive-prasle,1483,1,0,0,9,0,126,0,1,44,23008,1483,0,10,0,0,0,LEADER,1,0,0,0,0,9
24095,33,adaptive-prasle,2007,1,0,0,9,0,126,0,1,33,22088,2007,0,10,0,0,0,LEADER,1,0,0,0,0,9
23740,51,adaptive-prasle,1652,1,0,0,9,0,126,0,1,51,22088,1652,0,10,0,0,0,LEADER,1,0,0,0,0,9
24539,22,adaptive-prasle,1531,1,0,0,9,0,126,0,1,22,23008,1531,0,10,0,0,0,LEADER,1,0,0,0,0,9
24250,72,adaptive-prasle,2162,1,0,0,9,0,126,0,1,72,22088,2162,0,10,0,0,0,LEADER,1,0,0,0,0,9
24040,24,adaptive-prasle,1952,1,0,0,9,0,126,0,1,24,22088,1952,0,10,0,0,0,LEADER,1,0,0,0,0,9
24572,32,adaptive-prasle,1564,1,0,0,9,0,126,0,1,32,23008,1564,0,10,0,0,0,LEADER,1,0,0,0,0,9
23759,93,adaptive-prasle,1671,1,0,0,9,0,126,0,1,93,22088,1671,0,10,0,0,0,LEADER,1,0,0,0,0,9
24431,69,adaptive-prasle,2343,1,0,0,9,0,126,0,1,69,22088,2343,0,10,0,0,0,LEADER,1,0,0,0,0,9
24418,79,adaptive-prasle,2331,1,0,0,9,0,126,0,1,79,22087,2331,0,10,0,0,0,LEADER,1,0,0,0,0,9
24113,75,adaptive-prasle,2025,1,0,0,9,0,126,0,1,75,22088,2025,0,10,0,0,0,LEADER,1,0,0,0,0,9
23840,81,adaptive-prasle,1752,1,0,0,9,0,126,0,1,81,22088,1752,0,10,0,0,0,LEADER,1,0,0,0,0,9
23698,52,adaptive-prasle,1610,1,0,0,9,0,126,0,1,52,22088,1610,0,10,0,0,0,LEADER,1,0,0,0,0,9
24571,1,adaptive-prasle,2022,1,0,0,3,4,42,56,1,1,22549,2022,0,4,0,0,0,LEADER,1,0,0,0,0,3
24176,21,adaptive-prasle,2088,1,0,0,9,0,126,0,1,21,22088,2088,0,10,0,0,0,LEADER,1,0,0,0,0,9
24353,29,adaptive-prasle,2265,1,0,0,9,0,126,0,1,29,22088,2265,0,10,0,0,0,LEADER,1,0,0,0,0,9
23929,100,adaptive-prasle,1841,1,0,0,9,0,126,0,1,100,22088,1841,0,10,0,0,0,LEADER,1,0,0,0,0,9
23774,61,adaptive-prasle,1686,1,0,0,9,0,126,0,1,61,22088,1686,0,10,0,0,0,LEADER,1,0,0,0,0,9
24338,91,adaptive-prasle,2250,1,0,0,9,0,126,0,1,91,22088,2250,0,10,0,0,0,LEADER,1,0,0,0,0,9
24298,37,adaptive-prasle,2210,1,0,0,9,0,126,0,1,37,22088,2210,0,10,0,0,0,LEADER,1,0,0,0,0,9
23843,38,adaptive-prasle,1755,1,0,0,9,0,126,0,1,38,22088,1755,0,10,0,0,0,LEADER,1,0,0,0,0,9
24507,98,adaptive-prasle,2419,1,0,0,9,0,126,0,1,98,22088,2419,0,10,0,0,0,LEADER,1,0,0,0,0,9
24216,62,adaptive-prasle,2128,1,0,0,9,0,126,0,1,62,22088,2128,0,10,0,0,0,LEADER,1,0,0,0,0,9
24368,27,adaptive-prasle,2280,1,0,0,9,0,126,0,1,27,22088,2280,0,10,0,0,0,LEADER,1,0,0,0,0,9
24025,56,adaptive-prasle,1937,1,0,0,9,0,126,0,1,56,22088,1937,0,10,0,0,0,LEADER,1,0,0,0,0,9
24414,99,adaptive-prasle,2328,1,0,0,9,0,126,0,1,99,22086,2328,0,10,0,0,0,LEADER,1,0,0,0,0,9
24290,48,adaptive-prasle,2202,1,0,0,9,0,126,0,1,48,22088,2202,0,10,0,0,0,LEADER,1,0,0,0,0,9
24310,17,adaptive-prasle,1782,1,0,0,4,4,56,56,2,7,22528,1782,0,3,0,0,0,NORMAL,0,0,0,0,0,4
24661,18,adaptive-prasle,2226,1,0,0,5,4,70,56,2,7,22435,2226,0,3,0,0,0,NORMAL,0,0,0,0,0,5
23807,71,adaptive-prasle,1719,1,0,0,9,0,126,0,1,71,22088,1719,0,10,0,0,0,LEADER,1,0,0,0,0,9
24032,87,adaptive-prasle,1944,1,0,0,9,0,126,0,1,87,22088,1944,0,10,0,0,0,LEADER,1,0,0,0,0,9
23958,36,adaptive-prasle,1870,1,0,0,9,0,126,0,1,36,22088,1870,0,10,0,0,0,LEADER,1,0,0,0,0,9
24454,77,adaptive-prasle,1446,1,0,0,9,0,126,0,1,77,23008,1446,0,10,0,0,0,LEADER,1,0,0,0,0,9
24645,83,adaptive-prasle,1637,1,0,0,9,0,126,0,1,83,23008,1637,0,10,0,0,0,LEADER,1,0,0,0,0,9
24147,85,adaptive-prasle,2059,1,0,0,9,0,126,0,1,85,22088,2059,0,10,0,0,0,LEADER,1,0,0,0,0,9
24675,19,adaptive-prasle,1667,1,0,0,9,0,126,0,1,19,23008,1667,0,10,0,0,0,LEADER,1,0,0,0,0,9
24830,65,adaptive-prasle,1822,1,0,0,9,0,126,0,1,65,23008,1822,0,10,0,0,0,LEADER,1,0,0,0,0,9
24436,35,adaptive-prasle,1428,1,0,0,9,0,126,0,1,35,23008,1428,0,10,0,0,0,LEADER,1,0,0,0,0,9
24451,86,adaptive-prasle,1443,1,0,0,9,0,126,0,1,86,23008,1443,0,10,0,0,0,LEADER,1,0,0,0,0,9
24494,50,adaptive-prasle,2406,1,0,0,9,0,126,0,1,50,22088,2406,0,10,0,0,0,LEADER,1,0,0,0,0,9
24509,55,adaptive-prasle,1501,1,0,0,9,0,126,0,1,55,23008,1501,0,10,0,0,0,LEADER,1,0,0,0,0,9
24548,63,adaptive-prasle,1540,1,0,0,9,0,126,0,1,63,23008,1540,0,10,0,0,0,LEADER,1,0,0,0,0,9
24912,46,adaptive-prasle,1904,1,0,0,9,0,126,0,1,46,23008,1904,0,10,0,0,0,LEADER,1,0,0,0,0,9
24709,53,adaptive-prasle,1701,1,0,0,9,0,126,0,1,53,23008,1701,0,10,0,0,0,LEADER,1,0,0,0,0,9
24062,23,adaptive-prasle,1974,1,0,0,9,0,126,0,1,23,22088,1974,0,10,0,0,0,LEADER,1,0,0,0,0,9
24930,88,adaptive-prasle,1922,1,0,0,9,0,126,0,1,88,23008,1922,0,10,0,0,0,LEADER,1,0,0,0,0,9
24457,34,adaptive-prasle,1449,1,0,0,9,0,126,0,1,34,23008,1449,0,10,0,0,0,LEADER,1,0,0,0,0,9
24065,97,adaptive-prasle,1977,1,0,0,9,0,126,0,1,97,22088,1977,0,10,0,0,0,LEADER,1,0,0,0,0,9
24183,20,adaptive-prasle,2095,1,0,0,9,0,126,0,1,20,22088,2095,0,10,0,0,0,LEADER,1,0,0,0,0,9
24265,40,adaptive-prasle,2177,1,0,0,9,0,126,0,1,40,22088,2177,0,10,0,0,0,LEADER,1,0,0,0,0,9
24188,47,adaptive-prasle,2100,1,0,0,9,0,126,0,1,47,22088,2100,0,10,0,0,0,LEADER,1,0,0,0,0,9
25100,95,adaptive-prasle,2092,1,0,0,9,0,126,0,1,95,23008,2092,0,10,0,0,0,LEADER,1,0,0,0,0,9
24483,25,adaptive-prasle,2395,1,0,0,9,0,126,0,1,25,22088,2395,0,10,0,0,0,LEADER,1,0,0,0,0,9
25088,84,adaptive-prasle,2080,1,0,0,9,0,126,0,1,84,23008,2080,0,10,0,0,0,LEADER,1,0,0,0,0,9
24365,70,adaptive-prasle,2277,1,0,0,9,0,126,0,1,70,22088,2277,0,10,0,0,0,LEADER,1,0,0,0,0,9
24283,82,adaptive-prasle,2195,1,0,0,9,0,126,0,1,82,22088,2195,0,10,0,0,0,LEADER,1,0,0,0,0,9
24501,67,adaptive-prasle,2413,1,0,0,9,0,126,0,1,67,22088,2413,0,10,0,0,0,LEADER,1,0,0,0,0,9
24453,89,adaptive-prasle,2365,1,0,0,9,0,126,0,1,89,22088,2365,0,10,0,0,0,LEADER,1,0,0,0,0,9
25121,28,adaptive-prasle,2113,1,0,0,9,0,126,0,1,28,23008,2113,0,10,0,0,0,LEADER,1,0,0,0,0,9
24863,68,adaptive-prasle,1855,1,0,0,9,0,126,0,1,68,23008,1855,0,10,0,0,0,LEADER,1,0,0,0,0,9
24815,90,adaptive-prasle,1807,1,0,0,9,0,126,0,1,90,23008,1807,0,10,0,0,0,LEADER,1,0,0,0,0,9
24476,76,adaptive-prasle,1468,1,0,0,9,0,126,0,1,76,23008,1468,0,10,0,0,0,LEADER,1,0,0,0,0,9
24797,10,adaptive-prasle,1789,1,0,0,9,0,126,0,1,10,23008,1789,0,10,0,0,0,LEADER,1,0,0,0,0,9
25229,58,adaptive-prasle,2221,1,0,0,9,0,126,0,1,58,23008,2221,0,10,0,0,0,LEADER,1,0,0,0,0,9
24612,73,adaptive-prasle,1604,1,0,0,9,0,126,0,1,73,23008,1604,0,10,0,0,0,LEADER,1,0,0,0,0,9
24353,59,adaptive-prasle,2265,1,0,0,9,0,126,0,1,59,22088,2265,0,10,0,0,0,LEADER,1,0,0,0,0,9
24627,41,adaptive-prasle,1619,1,0,0,9,0,126,0,1,41,23008,1619,0,10,0,0,0,LEADER,1,0,0,0,0,9
24542,96,adaptive-prasle,1534,1,0,0,9,0,126,0,1,96,23008,1534,0,10,0,0,0,LEADER,1,0,0,0,0,9
24775,49,adaptive-prasle,1767,1,0,0,9,0,126,0,1,49,23008,1767,0,10,0,0,0,LEADER,1,0,0,0,0,9
24844,74,adaptive-prasle,1837,1,0,0,9,0,126,0,1,74,23007,1837,0,10,0,0,0,LEADER,1,0,0,0,0,9
25236,92,adaptive-prasle,2228,1,0,0,9,0,126,0,1,92,23008,2228,0,10,0,0,0,LEADER,1,0,0,0,0,9
24442,66,adaptive-prasle,1434,1,0,0,9,0,126,0,1,66,23008,1434,0,10,0,0,0,LEADER,1,0,0,0,0,9
24468,57,adaptive-prasle,2380,1,0,0,9,0,126,0,1,57,22088,2380,0,10,0,0,0,LEADER,1,0,0,0,0,9
25268,78,adaptive-prasle,2260,1,0,0,9,0,126,0,1,78,23008,2260,0,10,0,0,0,LEADER,1,0,0,0,0,9
24434,39,adaptive-prasle,2346,1,0,0,9,0,126,0,1,39,22088,2346,0,10,0,0,0,LEADER,1,0,0,0,0,9
25151,30,adaptive-prasle,2143,1,0,0,9,0,126,0,1,30,23008,2143,0,10,0,0,0,LEADER,1,0,0,0,0,9
24557,64,adaptive-prasle,1549,1,0,0,9,0,126,0,1,64,23008,1549,0,10,0,0,0,LEADER,1,0,0,0,0,9
24782,80,adaptive-prasle,1774,1,0,0,9,0,126,0,1,80,23008,1774,0,10,0,0,0,LEADER,1,0,0,0,0,9
24523,54,adaptive-prasle,1516,1,0,0,9,0,126,0,1,54,23007,1516,0,10,0,0,0,LEADER,1,0,0,0,0,9
25048,43,adaptive-prasle,2040,1,0,0,9,0,126,0,1,43,23008,2040,0,10,0,0,0,LEADER,1,0,0,0,0,9
24968,26,adaptive-prasle,1960,1,0,0,9,0,126,0,1,26,23008,1960,0,10,0,0,0,LEADER,1,0,0,0,0,9
24599,42,adaptive-prasle,1591,1,0,0,9,0,126,0,1,42,23008,1591,0,10,0,0,0,LEADER,1,0,0,0,0,9
24606,31,adaptive-prasle,1598,1,0,0,9,0,126,0,1,31,23008,1598,0,10,0,0,0,LEADER,1,0,0,0,0,9
25363,94,adaptive-prasle,2355,1,0,0,9,0,126,0,1,94,23008,2355,0,10,0,0,0,LEADER,1,0,0,0,0,9
24933,45,adaptive-prasle,1925,1,0,0,9,0,126,0,1,45,23008,1925,0,10,0,0,0,LEADER,1,0,0,0,0,9
25306,60,adaptive-prasle,2298,1,0,0,9,0,126,0,1,60,23008,2298,0,10,0,0,0,LEADER,1,0,0,0,0,9
25411,44,adaptive-prasle,1483,1,0,0,9,0,126,0,1,44,23928,1483,0,10,0,0,0,LEADER,1,0,0,0,0,9
25015,33,adaptive-prasle,2007,1,0,0,9,0,126,0,1,33,23008,2007,0,10,0,0,0,LEADER,1,0,0,0,0,9
24660,51,adaptive-prasle,1652,1,0,0,9,0,126,0,1,51,23008,1652,0,10,0,0,0,LEADER,1,0,0,0,0,9
25459,22,adaptive-prasle,1531,1,0,0,9,0,126,0,1,22,23928,1531,0,10,0,0,0,LEADER,1,0,0,0,0,9
25170,72,adaptive-prasle,2162,1,0,0,9,0,126,0,1,72,23008,2162,0,10,0,0,0,LEADER,1,0,0,0,0,9
24960,24,adaptive-prasle,1952,1,0,0,9,0,126,0,1,24,23008,1952,0,10,0,0,0,LEADER,1,0,0,0,0,9
25492,32,adaptive-prasle,1564,1,0,0,9,0,126,0,1,32,23928,1564,0,10,0,0,0,LEADER,1,0,0,0,0,9
24679,93,adaptive-prasle,1671,1,0,0,9,0,126,0,1,93,23008,1671,0,10,0,0,0,LEADER,1,0,0,0,0,9
25351,69,adaptive-prasle,2343,1,0,0,9,0,126,0,1,69,23008,2343,0,10,0,0,0,LEADER,1,0,0,0,0,9
25338,79,adaptive-prasle,2331,1,0,0,9,0,126,0,1,79,23007,2331,0,10,0,0,0,LEADER,1,0,0,0,0,9
25033,75,adaptive-prasle,2025,1,0,0,9,0,126,0,1,75,23008,2025,0,10,0,0,0,LEADER,1,0,0,0,0,9
24760,81,adaptive-prasle,1752,1,0,0,9,0,126,0,1,81,23008,1752,0,10,0,0,0,LEADER,1,0,0,0,0,9
24618,52,adaptive-prasle,1610,1,0,0,9,0,126,0,1,52,23008,1610,0,10,0,0,0,LEADER,1,0,0,0,0,9
24907,8,adaptive-prasle,2217,1,0,0,4,10,56,140,2,7,22690,2217,0,3,0,0,0,NORMAL,0,0,0,0,0,4
25096,21,adaptive-prasle,2088,1,0,0,9,0,126,0,1,21,23008,2088,0,10,0,0,0,LEADER,1,0,0,0,0,9
25273,29,adaptive-prasle,2265,1,0,0,9,0,126,0,1,29,23008,2265,0,10,0,0,0,LEADER,1,0,0,0,0,9
24849,100,adaptive-prasle,1841,1,0,0,9,0,126,0,1,100,23008,1841,0,10,0,0,0,LEADER,1,0,0,0,0,9
24694,61,adaptive-prasle,1686,1,0,0,9,0,126,0,1,61,23008,1686,0,10,0,0,0,LEADER,1,0,0,0,0,9
25258,91,adaptive-prasle,2250,1,0,0,9,0,126,0,1,91,23008,2250,0,10,0,0,0,LEADER,1,0,0,0,0,9
25218,37,adaptive-prasle,2210,1,0,0,9,0,126,0,1,37,23008,2210,0,10,0,0,0,LEADER,1,0,0,0,0,9
24763,38,adaptive-prasle,1755,1,0,0,9,0,126,0,1,38,23008,1755,0,10,0,0,0,LEADER,1,0,0,0,0,9
25427,98,adaptive-prasle,2419,1,0,0,9,0,126,0,1,98,23008,2419,0,10,0,0,0,LEADER,1,0,0,0,0,9
25136,62,adaptive-prasle,2128,1,0,0,9,0,126,0,1,62,23008,2128,0,10,0,0,0,LEADER,1,0,0,0,0,9
25288,27,adaptive-prasle,2280,1,0,0,9,0,126,0,1,27,23008,2280,0,10,0,0,0,LEADER,1,0,0,0,0,9
24945,56,adaptive-prasle,1937,1,0,0,9,0,126,0,1,56,23008,1937,0,10,0,0,0,LEADER,1,0,0,0,0,9
25334,99,adaptive-prasle,2328,1,0,0,9,0,126,0,1,99,23006,2328,0,10,0,0,0,LEADER,1,0,0,0,0,9
25210,48,adaptive-prasle,2202,1,0,0,9,0,126,0,1,48,23008,2202,0,10,0,0,0,LEADER,1,0,0,0,0,9
24727,71,adaptive-prasle,1719,1,0,0,9,0,126,0,1,71,23008,1719,0,10,0,0,0,LEADER,1,0,0,0,0,9
24952,87,adaptive-prasle,1944,1,0,0,9,0,126,0,1,87,23008,1944,0,10,0,0,0,LEADER,1,0,0,0,0,9
24878,36,adaptive-prasle,1870,1,0,0,9,0,126,0,1,36,23008,1870,0,10,0,0,0,LEADER,1,0,0,0,0,9
25374,77,adaptive-prasle,1446,1,0,0,9,0,126,0,1,77,23928,1446,0,10,0,0,0,LEADER,1,0,0,0,0,9
25565,83,adaptive-prasle,1637,1,0,0,9,0,126,0,1,83,23928,1637,0,10,0,0,0,LEADER,1,0,0,0,0,9
25067,85,adaptive-prasle,2059,1,0,0,9,0,126,0,1,85,23008,2059,0,10,0,0,0,LEADER,1,0,0,0,0,9
25595,19,adaptive-prasle,1667,1,0,0,9,0,126,0,1,19,23928,1667,0,10,0,0,0,LEADER,1,0,0,0,0,9
25750,65,adaptive-prasle,1822,1,0,0,9,0,126,0,1,65,23928,1822,0,10,0,0,0,LEADER,1,0,0,0,0,9
25356,35,adaptive-prasle,1428,1,0,0,9,0,126,0,1,35,23928,1428,0,10,0,0,0,LEADER,1,0,0,0,0,9
25371,86,adaptive-prasle,1443,1,0,0,9,0,126,0,1,86,23928,1443,0,10,0,0,0,LEADER,1,0,0,0,0,9
25414,50,adaptive-prasle,2406,1,0,0,9,0,126,0,1,50,23008,2406,0,10,0,0,0,LEADER,1,0,0,0,0,9
25429,55,adaptive-prasle,1501,1,0,0,9,0,126,0,1,55,23928,1501,0,10,0,0,0,LEADER,1,0,0,0,0,9
25468,63,adaptive-prasle,1540,1,0,0,9,0,126,0,1,63,23928,1540,0,10,0,0,0,LEADER,1,0,0,0,0,9
25832,46,adaptive-prasle,1904,1,0,0,9,0,126,0,1,46,23928,1904,0,10,0,0,0,LEADER,1,0,0,0,0,9
25629,53,adaptive-prasle,1701,1,0,0,9,0,126,0,1,53,23928,1701,0,10,0,0,0,LEADER,1,0,0,0,0,9
24982,23,adaptive-prasle,1974,1,0,0,9,0,126,0,1,23,23008,1974,0,10,0,0,0,LEADER,1,0,0,0,0,9
25850,88,adaptive-prasle,1922,1,0,0,9,0,126,0,1,88,23928,1922,0,10,0,0,0,LEADER,1,0,0,0,0,9
25377,34,adaptive-prasle,1449,1,0,0,9,0,126,0,1,34,23928,1449,0,10,0,0,0,LEADER,1,0,0,0,0,9
24985,97,adaptive-prasle,1977,1,0,0,9,0,126,0,1,97,23008,1977,0,10,0,0,0,LEADER,1,0,0,0,0,9
25427,4,adaptive-prasle,2030,1,0,0,5,9,70,126,3,4,23397,2030,0,4,0,0,0,LEADER,1,0,0,0,0,5
25103,20,adaptive-prasle,2095,1,0,0,9,0,126,0,1,20,23008,2095,0,10,0,0,0,LEADER,1,0,0,0,0,9
25185,40,adaptive-prasle,2177,1,0,0,9,0,126,0,1,40,23008,2177,0,10,0,0,0,LEADER,1,0,0,0,0,9
25108,47,adaptive-prasle,2100,1,0,0,9,0,126,0,1,47,23008,2100,0,10,0,0,0,LEADER,1,0,0,0,0,9
26020,95,adaptive-prasle,2092,1,0,0,9,0,126,0,1,95,23928,2092,0,10,0,0,0,LEADER,1,0,0,0,0,9
25403,25,adaptive-prasle,2395,1,0,0,9,0,126,0,1,25,23008,2395,0,10,0,0,0,LEADER,1,0,0,0,0,9
26008,84,adaptive-prasle,2080,1,0,0,9,0,126,0,1,84,23928,2080,0,10,0,0,0,LEADER,1,0,0,0,0,9
25285,70,adaptive-prasle,2277,1,0,0,9,0,126,0,1,70,23008,2277,0,10,0,0,0,LEADER,1,0,0,0,0,9
25203,82,adaptive-prasle,2195,1,0,0,9,0,126,0,1,82,23008,2195,0,10,0,0,0,LEADER,1,0,0,0,0,9
25421,67,adaptive-prasle,2413,1,0,0,9,0,126,0,1,67,23008,2413,0,10,0,0,0,LEADER,1,0,0,0,0,9
25373,89,adaptive-prasle,2365,1,0,0,9,0,126,0,1,89,23008,2365,0,10,0,0,0,LEADER,1,0,0,0,0,9
26041,28,adaptive-prasle,2113,1,0,0,9,0,126,0,1,28,23928,2113,0,10,0,0,0,LEADER,1,0,0,0,0,9
25783,68,adaptive-prasle,1855,1,0,0,9,0,126,0,1,68,23928,1855,0,10,0,0,0,LEADER,1,0,0,0,0,9
25735,90,adaptive-prasle,1807,1,0,0,9,0,126,0,1,90,23928,1807,0,10,0,0,0,LEADER,1,0,0,0,0,9
25396,76,adaptive-prasle,1468,1,0,0,9,0,126,0,1,76,23928,1468,0,10,0,0,0,LEADER,1,0,0,0,0,9
25717,10,adaptive-prasle,1789,1,0,0,9,0,126,0,1,10,23928,1789,0,10,0,0,0,LEADER,1,0,0,0,0,9
26149,58,adaptive-prasle,2221,1,0,0,9,0,126,0,1,58,23928,2221,0,10,0,0,0,LEADER,1,0,0,0,0,9
25532,73,adaptive-prasle,1604,1,0,0,9,0,126,0,1,73,23928,1604,0,10,0,0,0,LEADER,1,0,0,0,0,9
25273,59,adaptive-prasle,2265,1,0,0,9,0,126,0,1,59,23008,2265,0,10,0,0,0,LEADER,1,0,0,0,0,9
25547,41,adaptive-prasle,1619,1,0,0,9,0,126,0,1,41,23928,1619,0,10,0,0,0,LEADER,1,0,0,0,0,9
25462,96,adaptive-prasle,1534,1,0,0,9,0,126,0,1,96,23928,1534,0,10,0,0,0,LEADER,1,0,0,0,0,9
25695,49,adaptive-prasle,1767,1,0,0,9,0,126,0,1,49,23928,1767,0,10,0,0,0,LEADER,1,0,0,0,0,9
25764,74,adaptive-prasle,1837,1,0,0,9,0,126,0,1,74,23927,1837,0,10,0,0,0,LEADER,1,0,0,0,0,9
26156,92,adaptive-prasle,2228,1,0,0,9,0,126,0,1,92,23928,2228,0,10,0,0,0,LEADER,1,0,0,0,0,9
25362,66,adaptive-prasle,1434,1,0,0,9,0,126,0,1,66,23928,1434,0,10,0,0,0,LEADER,1,0,0,0,0,9
25388,57,adaptive-prasle,2380,1,0,0,9,0,126,0,1,57,23008,2380,0,10,0,0,0,LEADER,1,0,0,0,0,9
26178,9,adaptive-prasle,1889,1,0,0,6,4,84,56,2,7,24289,1889,0,3,0,0,0,NORMAL,0,0,0,0,0,6
26188,78,adaptive-prasle,2260,1,0,0,9,0,126,0,1,78,23928,2260,0,10,0,0,0,LEADER,1,0,0,0,0,9
25354,39,adaptive-prasle,2346,1,0,0,9,0,126,0,1,39,23008,2346,0,10,0,0,0,LEADER,1,0,0,0,0,9
26071,30,adaptive-prasle,2143,1,0,0,9,0,126,0,1,30,23928,2143,0,10,0,0,0,LEADER,1,0,0,0,0,9
25477,64,adaptive-prasle,1549,1,0,0,9,0,126,0,1,64,23928,1549,0,10,0,0,0,LEADER,1,0,0,0,0,9
25702,80,adaptive-prasle,1774,1,0,0,9,0,126,0,1,80,23928,1774,0,10,0,0,0,LEADER,1,0,0,0,0,9
25443,54,adaptive-prasle,1516,1,0,0,9,0,126,0,1,54,23927,1516,0,10,0,0,0,LEADER,1,0,0,0,0,9
25968,43,adaptive-prasle,2040,1,0,0,9,0,126,0,1,43,23928,2040,0,10,0,0,0,LEADER,1,0,0,0,0,9
25888,26,adaptive-prasle,1960,1,0,0,9,0,126,0,1,26,23928,1960,0,10,0,0,0,LEADER,1,0,0,0,0,9
25519,42,adaptive-prasle,1591,1,0,0,9,0,126,0,1,42,23928,1591,0,10,0,0,0,LEADER,1,0,0,0,0,9
25526,31,adaptive-prasle,1598,1,0,0,9,0,126,0,1,31,23928,1598,0,10,0,0,0,LEADER,1,0,0,0,0,9
26283,94,adaptive-prasle,2355,1,0,0,9,0,126,0,1,94,23928,2355,0,10,0,0,0,LEADER,1,0,0,0,0,9
25853,45,adaptive-prasle,1925,1,0,0,9,0,126,0,1,45,23928,1925,0,10,0,0,0,LEADER,1,0,0,0,0,9
26226,60,adaptive-prasle,2298,1,0,0,9,0,126,0,1,60,23928,2298,0,10,0,0,0,LEADER,1,0,0,0,0,9
26332,44,adaptive-prasle,1483,1,0,0,10,0,140,0,1,44,24849,1483,0,11,0,0,0,LEADER,1,0,0,0,0,10
25935,33,adaptive-prasle,2007,1,0,0,9,0,126,0,1,33,23928,2007,0,10,0,0,0,LEADER,1,0,0,0,0,9
25580,51,adaptive-prasle,1652,1,0,0,9,0,126,0,1,51,23928,1652,0,10,0,0,0,LEADER,1,0,0,0,0,9
26090,72,adaptive-prasle,2162,1,0,0,9,0,126,0,1,72,23928,2162,0,10,0,0,0,LEADER,1,0,0,0,0,9
26380,22,adaptive-prasle,1531,1,0,0,10,0,140,0,1,22,24849,1531,0,11,0,0,0,LEADER,1,0,0,0,0,10
25880,24,adaptive-prasle,1952,1,0,0,9,0,126,0,1,24,23928,1952,0,10,0,0,0,LEADER,1,0,0,0,0,9
26413,32,adaptive-prasle,1564,1,0,0,10,0,140,0,1,32,24849,1564,0,11,0,0,0,LEADER,1,0,0,0,0,10
25599,93,adaptive-prasle,1671,1,0,0,9,0,126,0,1,93,23928,1671,0,10,0,0,0,LEADER,1,0,0,0,0,9
26271,69,adaptive-prasle,2343,1,0,0,9,0,126,0,1,69,23928,2343,0,10,0,0,0,LEADER,1,0,0,0,0,9
26258,79,adaptive-prasle,2331,1,0,0,9,0,126,0,1,79,23927,2331,0,10,0,0,0,LEADER,1,0,0,0,0,9
25953,75,adaptive-prasle,2025,1,0,0,9,0,126,0,1,75,23928,2025,0,10,0,0,0,LEADER,1,0,0,0,0,9
25680,81,adaptive-prasle,1752,1,0,0,9,0,126,0,1,81,23928,1752,0,10,0,0,0,LEADER,1,0,0,0,0,9
25538,52,adaptive-prasle,1610,1,0,0,9,0,126,0,1,52,23928,1610,0,10,0,0,0,LEADER,1,0,0,0,0,9
26016,21,adaptive-prasle,2088,1,0,0,9,0,126,0,1,21,23928,2088,0,10,0,0,0,LEADER,1,0,0,0,0,9
26193,29,adaptive-prasle,2265,1,0,0,9,0,126,0,1,29,23928,2265,0,10,0,0,0,LEADER,1,0,0,0,0,9
25769,100,adaptive-prasle,1841,1,0,0,9,0,126,0,1,100,23928,1841,0,10,0,0,0,LEADER,1,0,0,0,0,9
25614,61,adaptive-prasle,1686,1,0,0,9,0,126,0,1,61,23928,1686,0,10,0,0,0,LEADER,1,0,0,0,0,9
26178,91,adaptive-prasle,2250,1,0,0,9,0,126,0,1,91,23928,2250,0,10,0,0,0,LEADER,1,0,0,0,0,9
26138,37,adaptive-prasle,2210,1,0,0,9,0,126,0,1,37,23928,2210,0,10,0,0,0,LEADER,1,0,0,0,0,9
25683,38,adaptive-prasle,1755,1,0,0,9,0,126,0,1,38,23928,1755,0,10,0,0,0,LEADER,1,0,0,0,0,9
26347,98,adaptive-prasle,2419,1,0,0,9,0,126,0,1,98,23928,2419,0,10,0,0,0,LEADER,1,0,0,0,0,9
26056,62,adaptive-prasle,2128,1,0,0,9,0,126,0,1,62,23928,2128,0,10,0,0,0,LEADER,1,0,0,0,0,9
26208,27,adaptive-prasle,2280,1,0,0,9,0,126,0,1,27,23928,2280,0,10,0,0,0,LEADER,1,0,0,0,0,9
25865,56,adaptive-prasle,1937,1,0,0,9,0,126,0,1,56,23928,1937,0,10,0,0,0,LEADER,1,0,0,0,0,9
26254,99,adaptive-prasle,2328,1,0,0,9,0,126,0,1,99,23926,2328,0,10,0,0,0,LEADER,1,0,0,0,0,9
26130,48,adaptive-prasle,2202,1,0,0,9,0,126,0,1,48,23928,2202,0,10,0,0,0,LEADER,1,0,0,0,0,9
25647,71,adaptive-prasle,1719,1,0,0,9,0,126,0,1,71,23928,1719,0,10,0,0,0,LEADER,1,0,0,0,0,9
25872,87,adaptive-prasle,1944,1,0,0,9,0,126,0,1,87,23928,1944,0,10,0,0,0,LEADER,1,0,0,0,0,9
25798,36,adaptive-prasle,1870,1,0,0,9,0,126,0,1,36,23928,1870,0,10,0,0,0,LEADER,1,0,0,0,0,9
26295,77,adaptive-prasle,1446,1,0,0,10,0,140,0,1,77,24849,1446,0,11,0,0,0,LEADER,1,0,0,0,0,10
26486,83,adaptive-prasle,1637,1,0,0,10,0,140,0,1,83,24849,1637,0,11,0,0,0,LEADER,1,0,0,0,0,10
25987,85,adaptive-prasle,2059,1,0,0,9,0,126,0,1,85,23928,2059,0,10,0,0,0,LEADER,1,0,0,0,0,9
26516,19,adaptive-prasle,1667,1,0,0,10,0,140,0,1,19,24849,1667,0,11,0,0,0,LEADER,1,0,0,0,0,10
26671,65,adaptive-prasle,1822,1,0,0,10,0,140,0,1,65,24849,1822,0,11,0,0,0,LEADER,1,0,0,0,0,10
26277,35,adaptive-prasle,1428,1,0,0,10,0,140,0,1,35,24849,1428,0,11,0,0,0,LEADER,1,0,0,0,0,10
26292,86,adaptive-prasle,1443,1,0,0,10,0,140,0,1,86,24849,1443,0,11,0,0,0,LEADER,1,0,0,0,0,10
26334,50,adaptive-prasle,2406,1,0,0,9,0,126,0,1,50,23928,2406,0,10,0,0,0,LEADER,1,0,0,0,0,9
26088,13,adaptive-prasle,1941,1,0,0,3,4,42,56,2,3,24147,1941,0,3,0,0,0,NORMAL,0,0,0,0,0,3
26350,55,adaptive-prasle,1501,1,0,0,10,0,140,0,1,55,24849,1501,0,11,0,0,0,LEADER,1,0,0,0,0,10
26389,63,adaptive-prasle,1540,1,0,0,10,0,140,0,1,63,24849,1540,0,11,0,0,0,LEADER,1,0,0,0,0,10
26753,46,adaptive-prasle,1904,1,0,0,10,0,140,0,1,46,24849,1904,0,11,0,0,0,LEADER,1,0,0,0,0,10
26550,53,adaptive-prasle,1701,1,0,0,10,0,140,0,1,53,24849,1701,0,11,0,0,0,LEADER,1,0,0,0,0,10
25902,23,adaptive-prasle,1974,1,0,0,9,0,126,0,1,23,23928,1974,0,10,0,0,0,LEADER,1,0,0,0,0,9
26771,88,adaptive-prasle,1922,1,0,0,10,0,140,0,1,88,24849,1922,0,11,0,0,0,LEADER,1,0,0,0,0,10
26298,34,adaptive-prasle,1449,1,0,0,10,0,140,0,1,34,24849,1449,0,11,0,0,0,LEADER,1,0,0,0,0,10
25905,97,adaptive-prasle,1977,1,0,0,9,0,126,0,1,97,23928,1977,0,10,0,0,0,LEADER,1,0,0,0,0,9
26561,7,adaptive-prasle,1749,1,0,0,4,8,56,112,2,7,24812,1749,0,3,0,0,0,LEADER,1,0,0,0,0,4
26023,20,adaptive-prasle,2095,1,0,0,9,0,126,0,1,20,23928,2095,0,10,0,0,0,LEADER,1,0,0,0,0,9
26105,40,adaptive-prasle,2177,1,0,0,9,0,126,0,1,40,23928,2177,0,10,0,0,0,LEADER,1,0,0,0,0,9
26028,47,adaptive-prasle,2100,1,0,0,9,0,126,0,1,47,23928,2100,0,10,0,0,0,LEADER,1,0,0,0,0,9
26941,95,adaptive-prasle,2092,1,0,0,10,0,140,0,1,95,24849,2092,0,11,0,0,0,LEADER,1,0,0,0,0,10
26323,25,adaptive-prasle,2395,1,0,0,9,0,126,0,1,25,23928,2395,0,10,0,0,0,LEADER,1,0,0,0,0,9
26929,84,adaptive-prasle,2080,1,0,0,10,0,140,0,1,84,24849,2080,0,11,0,0,0,LEADER,1,0,0,0,0,10
26205,70,adaptive-prasle,2277,1,0,0,9,0,126,0,1,70,23928,2277,0,10,0,0,0,LEADER,1,0,0,0,0,9
26123,82,adaptive-prasle,2195,1,0,0,9,0,126,0,1,82,23928,2195,0,10,0,0,0,LEADER,1,0,0,0,0,9
26341,67,adaptive-prasle,2413,1,0,0,9,0,126,0,1,67,23928,2413,0,10,0,0,0,LEADER,1,0,0,0,0,9
26293,89,adaptive-prasle,2365,1,0,0,9,0,126,0,1,89,23928,2365,0,10,0,0,0,LEADER,1,0,0,0,0,9
26962,28,adaptive-prasle,2113,1,0,0,10,0,140,0,1,28,24849,2113,0,11,0,0,0,LEADER,1,0,0,0,0,10
26704,68,adaptive-prasle,1855,1,0,0,10,0,140,0,1,68,24849,1855,0,11,0,0,0,LEADER,1,0,0,0,0,10
26656,90,adaptive-prasle,1807,1,0,0,10,0,140,0,1,90,24849,1807,0,11,0,0,0,LEADER,1,0,0,0,0,10
26317,76,adaptive-prasle,1468,1,0,0,10,0,140,0,1,76,24849,1468,0,11,0,0,0,LEADER,1,0,0,0,0,10
26638,10,adaptive-prasle,1789,1,0,0,10,0,140,0,1,10,24849,1789,0,11,0,0,0,LEADER,1,0,0,0,0,10
27070,58,adaptive-prasle,2221,1,0,0,10,0,140,0,1,58,24849,2221,0,11,0,0,0,LEADER,1,0,0,0,0,10
26453,73,adaptive-prasle,1604,1,0,0,10,0,140,0,1,73,24849,1604,0,11,0,0,0,LEADER,1,0,0,0,0,10
26193,59,adaptive-prasle,2265,1,0,0,9,0,126,0,1,59,23928,2265,0,10,0,0,0,LEADER,1,0,0,0,0,9
26468,41,adaptive-prasle,1619,1,0,0,10,0,140,0,1,41,24849,1619,0,11,0,0,0,LEADER,1,0,0,0,0,10
26383,96,adaptive-prasle,1534,1,0,0,10,0,140,0,1,96,24849,1534,0,11,0,0,0,LEADER,1,0,0,0,0,10
26616,49,adaptive-prasle,1767,1,0,0,10,0,140,0,1,49,24849,1767,0,11,0,0,0,LEADER,1,0,0,0,0,10
26685,74,adaptive-prasle,1837,1,0,0,10,0,140,0,1,74,24848,1837,0,11,0,0,0,LEADER,1,0,0,0,0,10
27077,92,adaptive-prasle,2228,1,0,0,10,0,140,0,1,92,24849,2228,0,11,0,0,0,LEADER,1,0,0,0,0,10
26283,66,adaptive-prasle,1434,1,0,0,10,0,140,0,1,66,24849,1434,0,11,0,0,0,LEADER,1,0,0,0,0,10
26308,57,adaptive-prasle,2380,1,0,0,9,0,126,0,1,57,23928,2380,0,10,0,0,0,LEADER,1,0,0,0,0,9
27109,78,adaptive-prasle,2260,1,0,0,10,0,140,0,1,78,24849,2260,0,11,0,0,0,LEADER,1,0,0,0,0,10
26274,39,adaptive-prasle,2346,1,0,0,9,0,126,0,1,39,23928,2346,0,10,0,0,0,LEADER,1,0,0,0,0,9
26992,30,adaptive-prasle,2143,1,0,0,10,0,140,0,1,30,24849,2143,0,11,0,0,0,LEADER,1,0,0,0,0,10
26398,64,adaptive-prasle,1549,1,0,0,10,0,140,0,1,64,24849,1549,0,11,0,0,0,LEADER,1,0,0,0,0,10
26623,80,adaptive-prasle,1774,1,0,0,10,0,140,0,1,80,24849,1774,0,11,0,0,0,LEADER,1,0,0,0,0,10
26364,54,adaptive-prasle,1516,1,0,0,10,0,140,0,1,54,24848,1516,0,11,0,0,0,LEADER,1,0,0,0,0,10
26889,43,adaptive-prasle,2040,1,0,0,10,0,140,0,1,43,24849,2040,0,11,0,0,0,LEADER,1,0,0,0,0,10
26809,26,adaptive-prasle,1960,1,0,0,10,0,140,0,1,26,24849,1960,0,11,0,0,0,LEADER,1,0,0,0,0,10
26440,42,adaptive-prasle,1591,1,0,0,10,0,140,0,1,42,24849,1591,0,11,0,0,0,LEADER,1,0,0,0,0,10
26447,31,adaptive-prasle,1598,1,0,0,10,0,140,0,1,31,24849,1598,0,11,0,0,0,LEADER,1,0,0,0,0,10
27204,94,adaptive-prasle,2355,1,0,0,10,0,140,0,1,94,24849,2355,0,11,0,0,0,LEADER,1,0,0,0,0,10
26774,45,adaptive-prasle,1925,1,0,0,10,0,140,0,1,45,24849,1925,0,11,0,0,0,LEADER,1,0,0,0,0,10
27147,60,adaptive-prasle,2298,1,0,0,10,0,140,0,1,60,24849,2298,0,11,0,0,0,LEADER,1,0,0,0,0,10
27252,44,adaptive-prasle,1483,1,0,0,10,0,140,0,1,44,25769,1483,0,11,0,0,0,LEADER,1,0,0,0,0,10
26856,33,adaptive-prasle,2007,1,0,0,10,0,140,0,1,33,24849,2007,0,11,0,0,0,LEADER,1,0,0,0,0,10
26501,51,adaptive-prasle,1652,1,0,0,10,0,140,0,1,51,24849,1652,0,11,0,0,0,LEADER,1,0,0,0,0,10
27300,22,adaptive-prasle,1531,1,0,0,10,0,140,0,1,22,25769,1531,0,11,0,0,0,LEADER,1,0,0,0,0,10
27011,72,adaptive-prasle,2162,1,0,0,10,0,140,0,1,72,24849,2162,0,11,0,0,0,LEADER,1,0,0,0,0,10
26801,24,adaptive-prasle,1952,1,0,0,10,0,140,0,1,24,24849,1952,0,11,0,0,0,LEADER,1,0,0,0,0,10
27333,32,adaptive-prasle,1564,1,0,0,10,0,140,0,1,32,25769,1564,0,11,0,0,0,LEADER,1,0,0,0,0,10
26520,93,adaptive-prasle,1671,1,0,0,10,0,140,0,1,93,24849,1671,0,11,0,0,0,LEADER,1,0,0,0,0,10
27192,69,adaptive-prasle,2343,1,0,0,10,0,140,0,1,69,24849,2343,0,11,0,0,0,LEADER,1,0,0,0,0,10
27179,79,adaptive-prasle,2331,1,0,0,10,0,140,0,1,79,24848,2331,0,11,0,0,0,LEADER,1,0,0,0,0,10
26874,75,adaptive-prasle,2025,1,0,0,10,0,140,0,1,75,24849,2025,0,11,0,0,0,LEADER,1,0,0,0,0,10
26601,81,adaptive-prasle,1752,1,0,0,10,0,140,0,1,81,24849,1752,0,11,0,0,0,LEADER,1,0,0,0,0,10
26459,52,adaptive-prasle,1610,1,0,0,10,0,140,0,1,52,24849,1610,0,11,0,0,0,LEADER,1,0,0,0,0,10
26937,21,adaptive-prasle,2088,1,0,0,10,0,140,0,1,21,24849,2088,0,11,0,0,0,LEADER,1,0,0,0,0,10
27114,29,adaptive-prasle,2265,1,0,0,10,0,140,0,1,29,24849,2265,0,11,0,0,0,LEADER,1,0,0,0,0,10
26690,100,adaptive-prasle,1841,1,0,0,10,0,140,0,1,100,24849,1841,0,11,0,0,0,LEADER,1,0,0,0,0,10
26535,61,adaptive-prasle,1686,1,0,0,10,0,140,0,1,61,24849,1686,0,11,0,0,0,LEADER,1,0,0,0,0,10
27099,91,adaptive-prasle,2250,1,0,0,10,0,140,0,1,91,24849,2250,0,11,0,0,0,LEADER,1,0,0,0,0,10
27059,37,adaptive-prasle,2210,1,0,0,10,0,140,0,1,37,24849,2210,0,11,0,0,0,LEADER,1,0,0,0,0,10
26604,38,adaptive-prasle,1755,1,0,0,10,0,140,0,1,38,24849,1755,0,11,0,0,0,LEADER,1,0,0,0,0,10
27268,98,adaptive-prasle,2419,1,0,0,10,0,140,0,1,98,24849,2419,0,11,0,0,0,LEADER,1,0,0,0,0,10
27129,27,adaptive-prasle,2280,1,0,0,10,0,140,0,1,27,24849,2280,0,11,0,0,0,LEADER,1,0,0,0,0,10
26977,62,adaptive-prasle,2128,1,0,0,10,0,140,0,1,62,24849,2128,0,11,0,0,0,LEADER,1,0,0,0,0,10
26786,56,adaptive-prasle,1937,1,0,0,10,0,140,0,1,56,24849,1937,0,11,0,0,0,LEADER,1,0,0,0,0,10
27175,99,adaptive-prasle,2328,1,0,0,10,0,140,0,1,99,24847,2328,0,11,0,0,0,LEADER,1,0,0,0,0,10
27051,48,adaptive-prasle,2202,1,0,0,10,0,140,0,1,48,24849,2202,0,11,0,0,0,LEADER,1,0,0,0,0,10
26568,71,adaptive-prasle,1719,1,0,0,10,0,140,0,1,71,24849,1719,0,11,0,0,0,LEADER,1,0,0,0,0,10
26793,87,adaptive-prasle,1944,1,0,0,10,0,140,0,1,87,24849,1944,0,11,0,0,0,LEADER,1,0,0,0,0,10
26719,36,adaptive-prasle,1870,1,0,0,10,0,140,0,1,36,24849,1870,0,11,0,0,0,LEADER,1,0,0,0,0,10
27215,77,adaptive-prasle,1446,1,0,0,10,0,140,0,1,77,25769,1446,0,11,0,0,0,LEADER,1,0,0,0,0,10
27406,83,adaptive-prasle,1637,1,0,0,10,0,140,0,1,83,25769,1637,0,11,0,0,0,LEADER,1,0,0,0,0,10
26908,85,adaptive-prasle,2059,1,0,0,10,0,140,0,1,85,24849,2059,0,11,0,0,0,LEADER,1,0,0,0,0,10
27436,19,adaptive-prasle,1667,1,0,0,10,0,140,0,1,19,25769,1667,0,11,0,0,0,LEADER,1,0,0,0,0,10
27591,65,adaptive-prasle,1822,1,0,0,10,0,140,0,1,65,25769,1822,0,11,0,0,0,LEADER,1,0,0,0,0,10
27197,35,adaptive-prasle,1428,1,0,0,10,0,140,0,1,35,25769,1428,0,11,0,0,0,LEADER,1,0,0,0,0,10
27212,86,adaptive-prasle,1443,1,0,0,10,0,140,0,1,86,25769,1443,0,11,0,0,0,LEADER,1,0,0,0,0,10
27255,50,adaptive-prasle,2406,1,0,0,10,0,140,0,1,50,24849,2406,0,11,0,0,0,LEADER,1,0,0,0,0,10
27270,55,adaptive-prasle,1501,1,0,0,10,0,140,0,1,55,25769,1501,0,11,0,0,0,LEADER,1,0,0,0,0,10
27309,63,adaptive-prasle,1540,1,0,0,10,0,140,0,1,63,25769,1540,0,11,0,0,0,LEADER,1,0,0,0,0,10
27673,46,adaptive-prasle,1904,1,0,0,10,0,140,0,1,46,25769,1904,0,11,0,0,0,LEADER,1,0,0,0,0,10
27470,53,adaptive-prasle,1701,1,0,0,10,0,140,0,1,53,25769,1701,0,11,0,0,0,LEADER,1,0,0,0,0,10
26823,23,adaptive-prasle,1974,1,0,0,10,0,140,0,1,23,24849,1974,0,11,0,0,0,LEADER,1,0,0,0,0,10
27691,88,adaptive-prasle,1922,1,0,0,10,0,140,0,1,88,25769,1922,0,11,0,0,0,LEADER,1,0,0,0,0,10
27218,34,adaptive-prasle,1449,1,0,0,10,0,140,0,1,34,25769,1449,0,11,0,0,0,LEADER,1,0,0,0,0,10
26826,97,adaptive-prasle,1977,1,0,0,10,0,140,0,1,97,24849,1977,0,11,0,0,0,LEADER,1,0,0,0,0,10
26944,20,adaptive-prasle,2095,1,0,0,10,0,140,0,1,20,24849,2095,0,11,0,0,0,LEADER,1,0,0,0,0,10
27026,40,adaptive-prasle,2177,1,0,0,10,0,140,0,1,40,24849,2177,0,11,0,0,0,LEADER,1,0,0,0,0,10
26949,47,adaptive-prasle,2100,1,0,0,10,0,140,0,1,47,24849,2100,0,11,0,0,0,LEADER,1,0,0,0,0,10
27861,95,adaptive-prasle,2092,1,0,0,10,0,140,0,1,95,25769,2092,0,11,0,0,0,LEADER,1,0,0,0,0,10
27244,25,adaptive-prasle,2395,1,0,0,10,0,140,0,1,25,24849,2395,0,11,0,0,0,LEADER,1,0,0,0,0,10
27849,84,adaptive-prasle,2080,1,0,0,10,0,140,0,1,84,25769,2080,0,11,0,0,0,LEADER,1,0,0,0,0,10
27126,70,adaptive-prasle,2277,1,0,0,10,0,140,0,1,70,24849,2277,0,11,0,0,0,LEADER,1,0,0,0,0,10
27044,82,adaptive-prasle,2195,1,0,0,10,0,140,0,1,82,24849,2195,0,11,0,0,0,LEADER,1,0,0,0,0,10
27262,67,adaptive-prasle,2413,1,0,0,10,0,140,0,1,67,24849,2413,0,11,0,0,0,LEADER,1,0,0,0,0,10
27214,89,adaptive-prasle,2365,1,0,0,10,0,140,0,1,89,24849,2365,0,11,0,0,0,LEADER,1,0,0,0,0,10
27882,28,adaptive-prasle,2113,1,0,0,10,0,140,0,1,28,25769,2113,0,11,0,0,0,LEADER,1,0,0,0,0,10
27624,68,adaptive-prasle,1855,1,0,0,10,0,140,0,1,68,25769,1855,0,11,0,0,0,LEADER,1,0,0,0,0,10
27576,90,adaptive-prasle,1807,1,0,0,10,0,140,0,1,90,25769,1807,0,11,0,0,0,LEADER,1,0,0,0,0,10
27237,76,adaptive-prasle,1468,1,0,0,10,0,140,0,1,76,25769,1468,0,11,0,0,0,LEADER,1,0,0,0,0,10
27558,10,adaptive-prasle,1789,1,0,0,10,0,140,0,1,10,25769,1789,0,11,0,0,0,LEADER,1,0,0,0,0,10
27990,58,adaptive-prasle,2221,1,0,0,10,0,140,0,1,58,25769,2221,0,11,0,0,0,LEADER,1,0,0,0,0,10
27373,73,adaptive-prasle,1604,1,0,0,10,0,140,0,1,73,25769,1604,0,11,0,0,0,LEADER,1,0,0,0,0,10
27114,59,adaptive-prasle,2265,1,0,0,10,0,140,0,1,59,24849,2265,0,11,0,0,0,LEADER,1,0,0,0,0,10
27388,41,adaptive-prasle,1619,1,0,0,10,0,140,0,1,41,25769,1619,0,11,0,0,0,LEADER,1,0,0,0,0,10
27303,96,adaptive-prasle,1534,1,0,0,10,0,140,0,1,96,25769,1534,0,11,0,0,0,LEADER,1,0,0,0,0,10
27536,49,adaptive-prasle,1767,1,0,0,10,0,140,0,1,49,25769,1767,0,11,0,0,0,LEADER,1,0,0,0,0,10
27605,74,adaptive-prasle,1837,1,0,0,10,0,140,0,1,74,25768,1837,0,11,0,0,0,LEADER,1,0,0,0,0,10
27997,92,adaptive-prasle,2228,1,0,0,10,0,140,0,1,92,25769,2228,0,11,0,0,0,LEADER,1,0,0,0,0,10
27203,66,adaptive-prasle,1434,1,0,0,10,0,140,0,1,66,25769,1434,0,11,0,0,0,LEADER,1,0,0,0,0,10
27229,57,adaptive-prasle,2380,1,0,0,10,0,140,0,1,57,24849,2380,0,11,0,0,0,LEADER,1,0,0,0,0,10
27789,14,adaptive-prasle,2096,1,0,0,4,5,56,70,2,14,25693,2096,0,3,0,0,0,LEADER,1,0,0,0,0,4
28029,78,adaptive-prasle,2260,1,0,0,10,0,140,0,1,78,25769,2260,0,11,0,0,0,LEADER,1,0,0,0,0,10
27195,39,adaptive-prasle,2346,1,0,0,10,0,140,0,1,39,24849,2346,0,11,0,0,0,LEADER,1,0,0,0,0,10
27912,30,adaptive-prasle,2143,1,0,0,10,0,140,0,1,30,25769,2143,0,11,0,0,0,LEADER,1,0,0,0,0,10
27318,64,adaptive-prasle,1549,1,0,0,10,0,140,0,1,64,25769,1549,0,11,0,0,0,LEADER,1,0,0,0,0,10
27543,80,adaptive-prasle,1774,1,0,0,10,0,140,0,1,80,25769,1774,0,11,0,0,0,LEADER,1,0,0,0,0,10
27284,54,adaptive-prasle,1516,1,0,0,10,0,140,0,1,54,25768,1516,0,11,0,0,0,LEADER,1,0,0,0,0,10
27809,43,adaptive-prasle,2040,1,0,0,10,0,140,0,1,43,25769,2040,0,11,0,0,0,LEADER,1,0,0,0,0,10
27729,26,adaptive-prasle,1960,1,0,0,10,0,140,0,1,26,25769,1960,0,11,0,0,0,LEADER,1,0,0,0,0,10
27360,42,adaptive-prasle,1591,1,0,0,10,0,140,0,1,42,25769,1591,0,11,0,0,0,LEADER,1,0,0,0,0,10
27367,31,adaptive-prasle,1598,1,0,0,10,0,140,0,1,31,25769,1598,0,11,0,0,0,LEADER,1,0,0,0,0,10
28124,94,adaptive-prasle,2355,1,0,0,10,0,140,0,1,94,25769,2355,0,11,0,0,0,LEADER,1,0,0,0,0,10
27694,45,adaptive-prasle,1925,1,0,0,10,0,140,0,1,45,25769,1925,0,11,0,0,0,LEADER,1,0,0,0,0,10
28067,60,adaptive-prasle,2298,1,0,0,10,0,140,0,1,60,25769,2298,0,11,0,0,0,LEADER,1,0,0,0,0,10
28172,44,adaptive-prasle,1483,1,0,0,10,0,140,0,1,44,26689,1483,0,11,0,0,0,LEADER,1,0,0,0,0,10
27776,33,adaptive-prasle,2007,1,0,0,10,0,140,0,1,33,25769,2007,0,11,0,0,0,LEADER,1,0,0,0,0,10
27421,51,adaptive-prasle,1652,1,0,0,10,0,140,0,1,51,25769,1652,0,11,0,0,0,LEADER,1,0,0,0,0,10
28220,22,adaptive-prasle,1531,1,0,0,10,0,140,0,1,22,26689,1531,0,11,0,0,0,LEADER,1,0,0,0,0,10
27931,72,adaptive-prasle,2162,1,0,0,10,0,140,0,1,72,25769,2162,0,11,0,0,0,LEADER,1,0,0,0,0,10
27721,24,adaptive-prasle,1952,1,0,0,10,0,140,0,1,24,25769,1952,0,11,0,0,0,LEADER,1,0,0,0,0,10
28253,32,adaptive-prasle,1564,1,0,0,10,0,140,0,1,32,26689,1564,0,11,0,0,0,LEADER,1,0,0,0,0,10
27440,93,adaptive-prasle,1671,1,0,0,10,0,140,0,1,93,25769,1671,0,11,0,0,0,LEADER,1,0,0,0,0,10
28112,69,adaptive-prasle,2343,1,0,0,10,0,140,0,1,69,25769,2343,0,11,0,0,0,LEADER,1,0,0,0,0,10
28099,79,adaptive-prasle,2331,1,0,0,10,0,140,0,1,79,25768,2331,0,11,0,0,0,LEADER,1,0,0,0,0,10
27794,75,adaptive-prasle,2025,1,0,0,10,0,140,0,1,75,25769,2025,0,11,0,0,0,LEADER,1,0,0,0,0,10
27521,81,adaptive-prasle,1752,1,0,0,10,0,140,0,1,81,25769,1752,0,11,0,0,0,LEADER,1,0,0,0,0,10
27379,52,adaptive-prasle,1610,1,0,0,10,0,140,0,1,52,25769,1610,0,11,0,0,0,LEADER,1,0,0,0,0,10
27857,21,adaptive-prasle,2088,1,0,0,10,0,140,0,1,21,25769,2088,0,11,0,0,0,LEADER,1,0,0,0,0,10
28034,29,adaptive-prasle,2265,1,0,0,10,0,140,0,1,29,25769,2265,0,11,0,0,0,LEADER,1,0,0,0,0,10
27610,100,adaptive-prasle,1841,1,0,0,10,0,140,0,1,100,25769,1841,0,11,0,0,0,LEADER,1,0,0,0,0,10
27455,61,adaptive-prasle,1686,1,0,0,10,0,140,0,1,61,25769,1686,0,11,0,0,0,LEADER,1,0,0,0,0,10
28019,91,adaptive-prasle,2250,1,0,0,10,0,140,0,1,91,25769,2250,0,11,0,0,0,LEADER,1,0,0,0,0,10
27979,37,adaptive-prasle,2210,1,0,0,10,0,140,0,1,37,25769,2210,0,11,0,0,0,LEADER,1,0,0,0,0,10
27524,38,adaptive-prasle,1755,1,0,0,10,0,140,0,1,38,25769,1755,0,11,0,0,0,LEADER,1,0,0,0,0,10
28188,98,adaptive-prasle,2419,1,0,0,10,0,140,0,1,98,25769,2419,0,11,0,0,0,LEADER,1,0,0,0,0,10
28049,27,adaptive-prasle,2280,1,0,0,10,0,140,0,1,27,25769,2280,0,11,0,0,0,LEADER,1,0,0,0,0,10
27897,62,adaptive-prasle,2128,1,0,0,10,0,140,0,1,62,25769,2128,0,11,0,0,0,LEADER,1,0,0,0,0,10
27706,56,adaptive-prasle,1937,1,0,0,10,0,140,0,1,56,25769,1937,0,11,0,0,0,LEADER,1,0,0,0,0,10
28095,99,adaptive-prasle,2328,1,0,0,10,0,140,0,1,99,25767,2328,0,11,0,0,0,LEADER,1,0,0,0,0,10
27971,48,adaptive-prasle,2202,1,0,0,10,0,140,0,1,48,25769,2202,0,11,0,0,0,LEADER,1,0,0,0,0,10
27488,71,adaptive-prasle,1719,1,0,0,10,0,140,0,1,71,25769,1719,0,11,0,0,0,LEADER,1,0,0,0,0,10
27713,87,adaptive-prasle,1944,1,0,0,10,0,140,0,1,87,25769,1944,0,11,0,0,0,LEADER,1,0,0,0,0,10
27639,36,adaptive-prasle,1870,1,0,0,10,0,140,0,1,36,25769,1870,0,11,0,0,0,LEADER,1,0,0,0,0,10
28135,77,adaptive-prasle,1446,1,0,0,10,0,140,0,1,77,26689,1446,0,11,0,0,0,LEADER,1,0,0,0,0,10
28326,83,adaptive-prasle,1637,1,0,0,10,0,140,0,1,83,26689,1637,0,11,0,0,0,LEADER,1,0,0,0,0,10
27828,85,adaptive-prasle,2059,1,0,0,10,0,140,0,1,85,25769,2059,0,11,0,0,0,LEADER,1,0,0,0,0,10
28356,19,adaptive-prasle,1667,1,0,0,10,0,140,0,1,19,26689,1667,0,11,0,0,0,LEADER,1,0,0,0,0,10
28511,65,adaptive-prasle,1822,1,0,0,10,0,140,0,1,65,26689,1822,0,11,0,0,0,LEADER,1,0,0,0,0,10
28117,35,adaptive-prasle,1428,1,0,0,10,0,140,0,1,35,26689,1428,0,11,0,0,0,LEADER,1,0,0,0,0,10
27732,3,adaptive-prasle,1603,1,0,0,4,9,56,126,2,3,26129,1603,0,4,0,0,0,LEADER,1,0,0,0,0,4
28132,86,adaptive-prasle,1443,1,0,0,10,0,140,0,1,86,26689,1443,0,11,0,0,0,LEADER,1,0,0,0,0,10
28175,50,adaptive-prasle,2406,1,0,0,10,0,140,0,1,50,25769,2406,0,11,0,0,0,LEADER,1,0,0,0,0,10
28282,5,adaptive-prasle,2338,1,0,0,5,9,70,126,3,5,25944,2338,0,4,0,0,0,LEADER,1,0,0,0,0,5
28190,55,adaptive-prasle,1501,1,0,0,10,0,140,0,1,55,26689,1501,0,11,0,0,0,LEADER,1,0,0,0,0,10
28229,63,adaptive-prasle,1540,1,0,0,10,0,140,0,1,63,26689,1540,0,11,0,0,0,LEADER,1,0,0,0,0,10
28593,46,adaptive-prasle,1904,1,0,0,10,0,140,0,1,46,26689,1904,0,11,0,0,0,LEADER,1,0,0,0,0,10
28390,53,adaptive-prasle,1701,1,0,0,10,0,140,0,1,53,26689,1701,0,11,0,0,0,LEADER,1,0,0,0,0,10
27743,23,adaptive-prasle,1974,1,0,0,10,0,140,0,1,23,25769,1974,0,11,0,0,0,LEADER,1,0,0,0,0,10
28611,88,adaptive-prasle,1922,1,0,0,10,0,140,0,1,88,26689,1922,0,11,0,0,0,LEADER,1,0,0,0,0,10
28138,34,adaptive-prasle,1449,1,0,0,10,0,140,0,1,34,26689,1449,0,11,0,0,0,LEADER,1,0,0,0,0,10
27746,97,adaptive-prasle,1977,1,0,0,10,0,140,0,1,97,25769,1977,0,11,0,0,0,LEADER,1,0,0,0,0,10
27864,20,adaptive-prasle,2095,1,0,0,10,0,140,0,1,20,25769,2095,0,11,0,0,0,LEADER,1,0,0,0,0,10
27946,40,adaptive-prasle,2177,1,0,0,10,0,140,0,1,40,25769,2177,0,11,0,0,0,LEADER,1,0,0,0,0,10
27869,47,adaptive-prasle,2100,1,0,0,10,0,140,0,1,47,25769,2100,0,11,0,0,0,LEADER,1,0,0,0,0,10
28781,95,adaptive-prasle,2092,1,0,0,10,0,140,0,1,95,26689,2092,0,11,0,0,0,LEADER,1,0,0,0,0,10
28164,25,adaptive-prasle,2395,1,0,0,10,0,140,0,1,25,25769,2395,0,11,0,0,0,LEADER,1,0,0,0,0,10
28769,84,adaptive-prasle,2080,1,0,0,10,0,140,0,1,84,26689,2080,0,11,0,0,0,LEADER,1,0,0,0,0,10
28046,70,adaptive-prasle,2277,1,0,0,10,0,140,0,1,70,25769,2277,0,11,0,0,0,LEADER,1,0,0,0,0,10
27964,82,adaptive-prasle,2195,1,0,0,10,0,140,0,1,82,25769,2195,0,11,0,0,0,LEADER,1,0,0,0,0,10
28182,67,adaptive-prasle,2413,1,0,0,10,0,140,0,1,67,25769,2413,0,11,0,0,0,LEADER,1,0,0,0,0,10
28134,89,adaptive-prasle,2365,1,0,0,10,0,140,0,1,89,25769,2365,0,11,0,0,0,LEADER,1,0,0,0,0,10
28802,28,adaptive-prasle,2113,1,0,0,10,0,140,0,1,28,26689,2113,0,11,0,0,0,LEADER,1,0,0,0,0,10
28544,68,adaptive-prasle,1855,1,0,0,10,0,140,0,1,68,26689,1855,0,11,0,0,0,LEADER,1,0,0,0,0,10
28496,90,adaptive-prasle,1807,1,0,0,10,0,140,0,1,90,26689,1807,0,11,0,0,0,LEADER,1,0,0,0,0,10
28157,76,adaptive-prasle,1468,1,0,0,10,0,140,0,1,76,26689,1468,0,11,0,0,0,LEADER,1,0,0,0,0,10
28478,10,adaptive-prasle,1789,1,0,0,10,0,140,0,1,10,26689,1789,0,11,0,0,0,LEADER,1,0,0,0,0,10
28910,58,adaptive-prasle,2221,1,0,0,10,0,140,0,1,58,26689,2221,0,11,0,0,0,LEADER,1,0,0,0,0,10
28293,73,adaptive-prasle,1604,1,0,0,10,0,140,0,1,73,26689,1604,0,11,0,0,0,LEADER,1,0,0,0,0,10
28034,59,adaptive-prasle,2265,1,0,0,10,0,140,0,1,59,25769,2265,0,11,0,0,0,LEADER,1,0,0,0,0,10
28308,41,adaptive-prasle,1619,1,0,0,10,0,140,0,1,41,26689,1619,0,11,0,0,0,LEADER,1,0,0,0,0,10
28223,96,adaptive-prasle,1534,1,0,0,10,0,140,0,1,96,26689,1534,0,11,0,0,0,LEADER,1,0,0,0,0,10
28456,49,adaptive-prasle,1767,1,0,0,10,0,140,0,1,49,26689,1767,0,11,0,0,0,LEADER,1,0,0,0,0,10
28525,74,adaptive-prasle,1837,1,0,0,10,0,140,0,1,74,26688,1837,0,11,0,0,0,LEADER,1,0,0,0,0,10
28917,92,adaptive-prasle,2228,1,0,0,10,0,140,0,1,92,26689,2228,0,11,0,0,0,LEADER,1,0,0,0,0,10
28123,66,adaptive-prasle,1434,1,0,0,10,0,140,0,1,66,26689,1434,0,11,0,0,0,LEADER,1,0,0,0,0,10
28149,57,adaptive-prasle,2380,1,0,0,10,0,140,0,1,57,25769,2380,0,11,0,0,0,LEADER,1,0,0,0,0,10
28959,1,adaptive-prasle,2022,1,0,0,3,4,42,56,1,1,26937,2022,0,4,0,0,0,LEADER,1,0,0,0,0,3
28949,78,adaptive-prasle,2260,1,0,0,10,0,140,0,1,78,26689,2260,0,11,0,0,0,LEADER,1,0,0,0,0,10
28115,39,adaptive-prasle,2346,1,0,0,10,0,140,0,1,39,25769,2346,0,11,0,0,0,LEADER,1,0,0,0,0,10
28832,30,adaptive-prasle,2143,1,0,0,10,0,140,0,1,30,26689,2143,0,11,0,0,0,LEADER,1,0,0,0,0,10
28238,64,adaptive-prasle,1549,1,0,0,10,0,140,0,1,64,26689,1549,0,11,0,0,0,LEADER,1,0,0,0,0,10
28463,80,adaptive-prasle,1774,1,0,0,10,0,140,0,1,80,26689,1774,0,11,0,0,0,LEADER,1,0,0,0,0,10
28204,54,adaptive-prasle,1516,1,0,0,10,0,140,0,1,54,26688,1516,0,11,0,0,0,LEADER,1,0,0,0,0,10
28729,43,adaptive-prasle,2040,1,0,0,10,0,140,0,1,43,26689,2040,0,11,0,0,0,LEADER,1,0,0,0,0,10
28649,26,adaptive-prasle,1960,1,0,0,10,0,140,0,1,26,26689,1960,0,11,0,0,0,LEADER,1,0,0,0,0,10
28280,42,adaptive-prasle,1591,1,0,0,10,0,140,0,1,42,26689,1591,0,11,0,0,0,LEADER,1,0,0,0,0,10
28287,31,adaptive-prasle,1598,1,0,0,10,0,140,0,1,31,26689,1598,0,11,0,0,0,LEADER,1,0,0,0,0,10
29044,94,adaptive-prasle,2355,1,0,0,10,0,140,0,1,94,26689,2355,0,11,0,0,0,LEADER,1,0,0,0,0,10
28614,45,adaptive-prasle,1925,1,0,0,10,0,140,0,1,45,26689,1925,0,11,0,0,0,LEADER,1,0,0,0,0,10
28987,60,adaptive-prasle,2298,1,0,0,10,0,140,0,1,60,26689,2298,0,11,0,0,0,LEADER,1,0,0,0,0,10
29093,44,adaptive-prasle,1483,1,0,0,11,0,154,0,1,44,27610,1483,0,12,0,0,0,LEADER,1,0,0,0,0,11
28696,33,adaptive-prasle,2007,1,0,0,10,0,140,0,1,33,26689,2007,0,11,0,0,0,LEADER,1,0,0,0,0,10
28341,51,adaptive-prasle,1652,1,0,0,10,0,140,0,1,51,26689,1652,0,11,0,0,0,LEADER,1,0,0,0,0,10
28851,72,adaptive-prasle,2162,1,0,0,10,0,140,0,1,72,26689,2162,0,11,0,0,0,LEADER,1,0,0,0,0,10
29141,22,adaptive-prasle,1531,1,0,0,11,0,154,0,1,22,27610,1531,0,12,0,0,0,LEADER,1,0,0,0,0,11
28641,24,adaptive-prasle,1952,1,0,0,10,0,140,0,1,24,26689,1952,0,11,0,0,0,LEADER,1,0,0,0,0,10
28360,93,adaptive-prasle,1671,1,0,0,10,0,140,0,1,93,26689,1671,0,11,0,0,0,LEADER,1,0,0,0,0,10
29174,32,adaptive-prasle,1564,1,0,0,11,0,154,0,1,32,27610,1564,0,12,0,0,0,LEADER,1,0,0,0,0,11
29032,69,adaptive-prasle,2343,1,0,0,10,0,140,0,1,69,26689,2343,0,11,0,0,0,LEADER,1,0,0,0,0,10
29019,79,adaptive-prasle,2331,1,0,0,10,0,140,0,1,79,26688,2331,0,11,0,0,0,LEADER,1,0,0,0,0,10
28714,75,adaptive-prasle,2025,1,0,0,10,0,140,0,1,75,26689,2025,0,11,0,0,0,LEADER,1,0,0,0,0,10
28441,81,adaptive-prasle,1752,1,0,0,10,0,140,0,1,81,26689,1752,0,11,0,0,0,LEADER,1,0,0,0,0,10
28299,52,adaptive-prasle,1610,1,0,0,10,0,140,0,1,52,26689,1610,0,11,0,0,0,LEADER,1,0,0,0,0,10
28777,21,adaptive-prasle,2088,1,0,0,10,0,140,0,1,21,26689,2088,0,11,0,0,0,LEADER,1,0,0,0,0,10
28954,29,adaptive-prasle,2265,1,0,0,10,0,140,0,1,29,26689,2265,0,11,0,0,0,LEADER,1,0,0,0,0,10
28530,100,adaptive-prasle,1841,1,0,0,10,0,140,0,1,100,26689,1841,0,11,0,0,0,LEADER,1,0,0,0,0,10
28375,61,adaptive-prasle,1686,1,0,0,10,0,140,0,1,61,26689,1686,0,11,0,0,0,LEADER,1,0,0,0,0,10
28939,91,adaptive-prasle,2250,1,0,0,10,0,140,0,1,91,26689,2250,0,11,0,0,0,LEADER,1,0,0,0,0,10
28899,37,adaptive-prasle,2210,1,0,0,10,0,140,0,1,37,26689,2210,0,11,0,0,0,LEADER,1,0,0,0,0,10
28444,38,adaptive-prasle,1755,1,0,0,10,0,140,0,1,38,26689,1755,0,11,0,0,0,LEADER,1,0,0,0,0,10
29108,98,adaptive-prasle,2419,1,0,0,10,0,140,0,1,98,26689,2419,0,11,0,0,0,LEADER,1,0,0,0,0,10
28817,62,adaptive-prasle,2128,1,0,0,10,0,140,0,1,62,26689,2128,0,11,0,0,0,LEADER,1,0,0,0,0,10
28969,27,adaptive-prasle,2280,1,0,0,10,0,140,0,1,27,26689,2280,0,11,0,0,0,LEADER,1,0,0,0,0,10
28626,56,adaptive-prasle,1937,1,0,0,10,0,140,0,1,56,26689,1937,0,11,0,0,0,LEADER,1,0,0,0,0,10
29015,99,adaptive-prasle,2328,1,0,0,10,0,140,0,1,99,26687,2328,0,11,0,0,0,LEADER,1,0,0,0,0,10
28891,48,adaptive-prasle,2202,1,0,0,10,0,140,0,1,48,26689,2202,0,11,0,0,0,LEADER,1,0,0,0,0,10
28408,71,adaptive-prasle,1719,1,0,0,10,0,140,0,1,71,26689,1719,0,11,0,0,0,LEADER,1,0,0,0,0,10
28633,87,adaptive-prasle,1944,1,0,0,10,0,140,0,1,87,26689,1944,0,11,0,0,0,LEADER,1,0,0,0,0,10
28559,36,adaptive-prasle,1870,1,0,0,10,0,140,0,1,36,26689,1870,0,11,0,0,0,LEADER,1,0,0,0,0,10
29056,77,adaptive-prasle,1446,1,0,0,11,0,154,0,1,77,27610,1446,0,12,0,0,0,LEADER,1,0,0,0,0,11
29247,83,adaptive-prasle,1637,1,0,0,11,0,154,0,1,83,27610,1637,0,12,0,0,0,LEADER,1,0,0,0,0,11
28748,85,adaptive-prasle,2059,1,0,0,10,0,140,0,1,85,26689,2059,0,11,0,0,0,LEADER,1,0,0,0,0,10
29277,19,adaptive-prasle,1667,1,0,0,11,0,154,0,1,19,27610,1667,0,12,0,0,0,LEADER,1,0,0,0,0,11
29432,65,adaptive-prasle,1822,1,0,0,11,0,154,0,1,65,27610,1822,0,12,0,0,0,LEADER,1,0,0,0,0,11
29038,35,adaptive-prasle,1428,1,0,0,11,0,154,0,1,35,27610,1428,0,12,0,0,0,LEADER,1,0,0,0,0,11
29053,86,adaptive-prasle,1443,1,0,0,11,0,154,0,1,86,27610,1443,0,12,0,0,0,LEADER,1,0,0,0,0,11
29095,50,adaptive-prasle,2406,1,0,0,10,0,140,0,1,50,26689,2406,0,11,0,0,0,LEADER,1,0,0,0,0,10
29111,55,adaptive-prasle,1501,1,0,0,11,0,154,0,1,55,27610,1501,0,12,0,0,0,LEADER,1,0,0,0,0,11
29150,63,adaptive-prasle,1540,1,0,0,11,0,154,0,1,63,27610,1540,0,12,0,0,0,LEADER,1,0,0,0,0,11
29514,46,adaptive-prasle,1904,1,0,0,11,0,154,0,1,46,27610,1904,0,12,0,0,0,LEADER,1,0,0,0,0,11
29311,53,adaptive-prasle,1701,1,0,0,11,0,154,0,1,53,27610,1701,0,12,0,0,0,LEADER,1,0,0,0,0,11
28663,23,adaptive-prasle,1974,1,0,0,10,0,140,0,1,23,26689,1974,0,11,0,0,0,LEADER,1,0,0,0,0,10
29532,88,adaptive-prasle,1922,1,0,0,11,0,154,0,1,88,27610,1922,0,12,0,0,0,LEADER,1,0,0,0,0,11
29059,34,adaptive-prasle,1449,1,0,0,11,0,154,0,1,34,27610,1449,0,12,0,0,0,LEADER,1,0,0,0,0,11
28666,97,adaptive-prasle,1977,1,0,0,10,0,140,0,1,97,26689,1977,0,11,0,0,0,LEADER,1,0,0,0,0,10
28784,20,adaptive-prasle,2095,1,0,0,10,0,140,0,1,20,26689,2095,0,11,0,0,0,LEADER,1,0,0,0,0,10
28866,40,adaptive-prasle,2177,1,0,0,10,0,140,0,1,40,26689,2177,0,11,0,0,0,LEADER,1,0,0,0,0,10
28789,47,adaptive-prasle,2100,1,0,0,10,0,140,0,1,47,26689,2100,0,11,0,0,0,LEADER,1,0,0,0,0,10
29702,95,adaptive-prasle,2092,1,0,0,11,0,154,0,1,95,27610,2092,0,12,0,0,0,LEADER,1,0,0,0,0,11
29084,25,adaptive-prasle,2395,1,0,0,10,0,140,0,1,25,26689,2395,0,11,0,0,0,LEADER,1,0,0,0,0,10
29690,84,adaptive-prasle,2080,1,0,0,11,0,154,0,1,84,27610,2080,0,12,0,0,0,LEADER,1,0,0,0,0,11
28966,70,adaptive-prasle,2277,1,0,0,10,0,140,0,1,70,26689,2277,0,11,0,0,0,LEADER,1,0,0,0,0,10
28884,82,adaptive-prasle,2195,1,0,0,10,0,140,0,1,82,26689,2195,0,11,0,0,0,LEADER,1,0,0,0,0,10
29102,67,adaptive-prasle,2413,1,0,0,10,0,140,0,1,67,26689,2413,0,11,0,0,0,LEADER,1,0,0,0,0,10
29054,89,adaptive-prasle,2365,1,0,0,10,0,140,0,1,89,26689,2365,0,11,0,0,0,LEADER,1,0,0,0,0,10
29723,28,adaptive-prasle,2113,1,0,0,11,0,154,0,1,28,27610,2113,0,12,0,0,0,LEADER,1,0,0,0,0,11
29465,68,adaptive-prasle,1855,1,0,0,11,0,154,0,1,68,27610,1855,0,12,0,0,0,LEADER,1,0,0,0,0,11
29417,90,adaptive-prasle,1807,1,0,0,11,0,154,0,1,90,27610,1807,0,12,0,0,0,LEADER,1,0,0,0,0,11
29078,76,adaptive-prasle,1468,1,0,0,11,0,154,0,1,76,27610,1468,0,12,0,0,0,LEADER,1,0,0,0,0,11
29399,10,adaptive-prasle,1789,1,0,0,11,0,154,0,1,10,27610,1789,0,12,0,0,0,LEADER,1,0,0,0,0,11
29831,58,adaptive-prasle,2221,1,0,0,11,0,154,0,1,58,27610,2221,0,12,0,0,0,LEADER,1,0,0,0,0,11
29214,73,adaptive-prasle,1604,1,0,0,11,0,154,0,1,73,27610,1604,0,12,0,0,0,LEADER,1,0,0,0,0,11
28954,59,adaptive-prasle,2265,1,0,0,10,0,140,0,1,59,26689,2265,0,11,0,0,0,LEADER,1,0,0,0,0,10
29229,41,adaptive-prasle,1619,1,0,0,11,0,154,0,1,41,27610,1619,0,12,0,0,0,LEADER,1,0,0,0,0,11
29144,96,adaptive-prasle,1534,1,0,0,11,0,154,0,1,96,27610,1534,0,12,0,0,0,LEADER,1,0,0,0,0,11
29377,49,adaptive-prasle,1767,1,0,0,11,0,154,0,1,49,27610,1767,0,12,0,0,0,LEADER,1,0,0,0,0,11
29446,74,adaptive-prasle,1837,1,0,0,11,0,154,0,1,74,27609,1837,0,12,0,0,0,LEADER,1,0,0,0,0,11
29838,92,adaptive-prasle,2228,1,0,0,11,0,154,0,1,92,27610,2228,0,12,0,0,0,LEADER,1,0,0,0,0,11
29044,66,adaptive-prasle,1434,1,0,0,11,0,154,0,1,66,27610,1434,0,12,0,0,0,LEADER,1,0,0,0,0,11
29069,57,adaptive-prasle,2380,1,0,0,10,0,140,0,1,57,26689,2380,0,11,0,0,0,LEADER,1,0,0,0,0,10
29870,78,adaptive-prasle,2260,1,0,0,11,0,154,0,1,78,27610,2260,0,12,0,0,0,LEADER,1,0,0,0,0,11
29035,39,adaptive-prasle,2346,1,0,0,10,0,140,0,1,39,26689,2346,0,11,0,0,0,LEADER,1,0,0,0,0,10
29753,30,adaptive-prasle,2143,1,0,0,11,0,154,0,1,30,27610,2143,0,12,0,0,0,LEADER,1,0,0,0,0,11
29159,64,adaptive-prasle,1549,1,0,0,11,0,154,0,1,64,27610,1549,0,12,0,0,0,LEADER,1,0,0,0,0,11
29384,80,adaptive-prasle,1774,1,0,0,11,0,154,0,1,80,27610,1774,0,12,0,0,0,LEADER,1,0,0,0,0,11
29125,54,adaptive-prasle,1516,1,0,0,11,0,154,0,1,54,27609,1516,0,12,0,0,0,LEADER,1,0,0,0,0,11
29650,43,adaptive-prasle,2040,1,0,0,11,0,154,0,1,43,27610,2040,0,12,0,0,0,LEADER,1,0,0,0,0,11
29570,26,adaptive-prasle,1960,1,0,0,11,0,154,0,1,26,27610,1960,0,12,0,0,0,LEADER,1,0,0,0,0,11
29201,42,adaptive-prasle,1591,1,0,0,11,0,154,0,1,42,27610,1591,0,12,0,0,0,LEADER,1,0,0,0,0,11
29208,31,adaptive-prasle,1598,1,0,0,11,0,154,0,1,31,27610,1598,0,12,0,0,0,LEADER,1,0,0,0,0,11
29965,94,adaptive-prasle,2355,1,0,0,11,0,154,0,1,94,27610,2355,0,12,0,0,0,LEADER,1,0,0,0,0,11
29535,45,adaptive-prasle,1925,1,0,0,11,0,154,0,1,45,27610,1925,0,12,0,0,0,LEADER,1,0,0,0,0,11
29908,60,adaptive-prasle,2298,1,0,0,11,0,154,0,1,60,27610,2298,0,12,0,0,0,LEADER,1,0,0,0,0,11
30013,44,adaptive-prasle,1483,1,0,0,11,0,154,0,1,44,28530,1483,0,12,0,0,0,LEADER,1,0,0,0,0,11
29617,33,adaptive-prasle,2007,1,0,0,11,0,154,0,1,33,27610,2007,0,12,0,0,0,LEADER,1,0,0,0,0,11
29262,51,adaptive-prasle,1652,1,0,0,11,0,154,0,1,51,27610,1652,0,12,0,0,0,LEADER,1,0,0,0,0,11
30061,22,adaptive-prasle,1531,1,0,0,11,0,154,0,1,22,28530,1531,0,12,0,0,0,LEADER,1,0,0,0,0,11
29772,72,adaptive-prasle,2162,1,0,0,11,0,154,0,1,72,27610,2162,0,12,0,0,0,LEADER,1,0,0,0,0,11
29562,24,adaptive-prasle,1952,1,0,0,11,0,154,0,1,24,27610,1952,0,12,0,0,0,LEADER,1,0,0,0,0,11
30094,32,adaptive-prasle,1564,1,0,0,11,0,154,0,1,32,28530,1564,0,12,0,0,0,LEADER,1,0,0,0,0,11
29281,93,adaptive-prasle,1671,1,0,0,11,0,154,0,1,93,27610,1671,0,12,0,0,0,LEADER,1,0,0,0,0,11
29953,69,adaptive-prasle,2343,1,0,0,11,0,154,0,1,69,27610,2343,0,12,0,0,0,LEADER,1,0,0,0,0,11
29940,79,adaptive-prasle,2331,1,0,0,11,0,154,0,1,79,27609,2331,0,12,0,0,0,LEADER,1,0,0,0,0,11
29635,75,adaptive-prasle,2025,1,0,0,11,0,154,0,1,75,27610,2025,0,12,0,0,0,LEADER,1,0,0,0,0,11
29362,81,adaptive-prasle,1752,1,0,0,11,0,154,0,1,81,27610,1752,0,12,0,0,0,LEADER,1,0,0,0,0,11
29220,52,adaptive-prasle,1610,1,0,0,11,0,154,0,1,52,27610,1610,0,12,0,0,0,LEADER,1,0,0,0,0,11
29698,21,adaptive-prasle,2088,1,0,0,11,0,154,0,1,21,27610,2088,0,12,0,0,0,LEADER,1,0,0,0,0,11
29875,29,adaptive-prasle,2265,1,0,0,11,0,154,0,1,29,27610,2265,0,12,0,0,0,LEADER,1,0,0,0,0,11
29451,100,adaptive-prasle,1841,1,0,0,11,0,154,0,1,100,27610,1841,0,12,0,0,0,LEADER,1,0,0,0,0,11
29296,61,adaptive-prasle,1686,1,0,0,11,0,154,0,1,61,27610,1686,0,12,0,0,0,LEADER,1,0,0,0,0,11
29860,91,adaptive-prasle,2250,1,0,0,11,0,154,0,1,91,27610,2250,0,12,0,0,0,LEADER,1,0,0,0,0,11
29820,37,adaptive-prasle,2210,1,0,0,11,0,154,0,1,37,27610,2210,0,12,0,0,0,LEADER,1,0,0,0,0,11
29365,38,adaptive-prasle,1755,1,0,0,11,0,154,0,1,38,27610,1755,0,12,0,0,0,LEADER,1,0,0,0,0,11
30029,98,adaptive-prasle,2419,1,0,0,11,0,154,0,1,98,27610,2419,0,12,0,0,0,LEADER,1,0,0,0,0,11
29889,27,adaptive-prasle,2280,1,0,0,11,0,154,0,1,27,27609,2280,0,12,0,0,0,LEADER,1,0,0,0,0,11
29738,62,adaptive-prasle,2128,1,0,0,11,0,154,0,1,62,27610,2128,0,12,0,0,0,LEADER,1,0,0,0,0,11
29547,56,adaptive-prasle,1937,1,0,0,11,0,154,0,1,56,27610,1937,0,12,0,0,0,LEADER,1,0,0,0,0,11
29935,99,adaptive-prasle,2328,1,0,0,11,0,154,0,1,99,27607,2328,0,12,0,0,0,LEADER,1,0,0,0,0,11
29812,48,adaptive-prasle,2202,1,0,0,11,0,154,0,1,48,27610,2202,0,12,0,0,0,LEADER,1,0,0,0,0,11
29329,71,adaptive-prasle,1719,1,0,0,11,0,154,0,1,71,27610,1719,0,12,0,0,0,LEADER,1,0,0,0,0,11
29554,87,adaptive-prasle,1944,1,0,0,11,0,154,0,1,87,27610,1944,0,12,0,0,0,LEADER,1,0,0,0,0,11
29480,36,adaptive-prasle,1870,1,0,0,11,0,154,0,1,36,27610,1870,0,12,0,0,0,LEADER,1,0,0,0,0,11
29976,77,adaptive-prasle,1446,1,0,0,11,0,154,0,1,77,28530,1446,0,12,0,0,0,LEADER,1,0,0,0,0,11
30167,83,adaptive-prasle,1637,1,0,0,11,0,154,0,1,83,28530,1637,0,12,0,0,0,LEADER,1,0,0,0,0,11
29669,85,adaptive-prasle,2059,1,0,0,11,0,154,0,1,85,27610,2059,0,12,0,0,0,LEADER,1,0,0,0,0,11
30197,19,adaptive-prasle,1667,1,0,0,11,0,154,0,1,19,28530,1667,0,12,0,0,0,LEADER,1,0,0,0,0,11
30352,65,adaptive-prasle,1822,1,0,0,11,0,154,0,1,65,28530,1822,0,12,0,0,0,LEADER,1,0,0,0,0,11
29958,35,adaptive-prasle,1428,1,0,0,11,0,154,0,1,35,28530,1428,0,12,0,0,0,LEADER,1,0,0,0,0,11
29973,86,adaptive-prasle,1443,1,0,0,11,0,154,0,1,86,28530,1443,0,12,0,0,0,LEADER,1,0,0,0,0,11
30016,50,adaptive-prasle,2406,1,0,0,11,0,154,0,1,50,27610,2406,0,12,0,0,0,LEADER,1,0,0,0,0,11
30031,55,adaptive-prasle,1501,1,0,0,11,0,154,0,1,55,28530,1501,0,12,0,0,0,LEADER,1,0,0,0,0,11
30070,63,adaptive-prasle,1540,1,0,0,11,0,154,0,1,63,28530,1540,0,12,0,0,0,LEADER,1,0,0,0,0,11
30434,46,adaptive-prasle,1904,1,0,0,11,0,154,0,1,46,28530,1904,0,12,0,0,0,LEADER,1,0,0,0,0,11
30231,53,adaptive-prasle,1701,1,0,0,11,0,154,0,1,53,28530,1701,0,12,0,0,0,LEADER,1,0,0,0,0,11
29584,23,adaptive-prasle,1974,1,0,0,11,0,154,0,1,23,27610,1974,0,12,0,0,0,LEADER,1,0,0,0,0,11
30452,88,adaptive-prasle,1922,1,0,0,11,0,154,0,1,88,28530,1922,0,12,0,0,0,LEADER,1,0,0,0,0,11
29979,34,adaptive-prasle,1449,1,0,0,11,0,154,0,1,34,28530,1449,0,12,0,0,0,LEADER,1,0,0,0,0,11
29587,97,adaptive-prasle,1977,1,0,0,11,0,154,0,1,97,27610,1977,0,12,0,0,0,LEADER,1,0,0,0,0,11
29705,20,adaptive-prasle,2095,1,0,0,11,0,154,0,1,20,27610,2095,0,12,0,0,0,LEADER,1,0,0,0,0,11
29787,40,adaptive-prasle,2177,1,0,0,11,0,154,0,1,40,27610,2177,0,12,0,0,0,LEADER,1,0,0,0,0,11
29710,47,adaptive-prasle,2100,1,0,0,11,0,154,0,1,47,27610,2100,0,12,0,0,0,LEADER,1,0,0,0,0,11
30622,95,adaptive-prasle,2092,1,0,0,11,0,154,0,1,95,28530,2092,0,12,0,0,0,LEADER,1,0,0,0,0,11
30005,25,adaptive-prasle,2395,1,0,0,11,0,154,0,1,25,27610,2395,0,12,0,0,0,LEADER,1,0,0,0,0,11
30610,84,adaptive-prasle,2080,1,0,0,11,0,154,0,1,84,28530,2080,0,12,0,0,0,LEADER,1,0,0,0,0,11
29887,70,adaptive-prasle,2277,1,0,0,11,0,154,0,1,70,27610,2277,0,12,0,0,0,LEADER,1,0,0,0,0,11
29805,82,adaptive-prasle,2195,1,0,0,11,0,154,0,1,82,27610,2195,0,12,0,0,0,LEADER,1,0,0,0,0,11
30023,67,adaptive-prasle,2413,1,0,0,11,0,154,0,1,67,27610,2413,0,12,0,0,0,LEADER,1,0,0,0,0,11
29975,89,adaptive-prasle,2365,1,0,0,11,0,154,0,1,89,27610,2365,0,12,0,0,0,LEADER,1,0,0,0,0,11
30643,28,adaptive-prasle,2113,1,0,0,11,0,154,0,1,28,28530,2113,0,12,0,0,0,LEADER,1,0,0,0,0,11
30385,68,adaptive-prasle,1855,1,0,0,11,0,154,0,1,68,28530,1855,0,12,0,0,0,LEADER,1,0,0,0,0,11
30337,90,adaptive-prasle,1807,1,0,0,11,0,154,0,1,90,28530,1807,0,12,0,0,0,LEADER,1,0,0,0,0,11
29998,76,adaptive-prasle,1468,1,0,0,11,0,154,0,1,76,28530,1468,0,12,0,0,0,LEADER,1,0,0,0,0,11
30319,10,adaptive-prasle,1789,1,0,0,11,0,154,0,1,10,28530,1789,0,12,0,0,0,LEADER,1,0,0,0,0,11
30751,58,adaptive-prasle,2221,1,0,0,11,0,154,0,1,58,28530,2221,0,12,0,0,0,LEADER,1,0,0,0,0,11
30134,73,adaptive-prasle,1604,1,0,0,11,0,154,0,1,73,28530,1604,0,12,0,0,0,LEADER,1,0,0,0,0,11
29875,59,adaptive-prasle,2265,1,0,0,11,0,154,0,1,59,27610,2265,0,12,0,0,0,LEADER,1,0,0,0,0,11
30149,41,adaptive-prasle,1619,1,0,0,11,0,154,0,1,41,28530,1619,0,12,0,0,0,LEADER,1,0,0,0,0,11
30064,96,adaptive-prasle,1534,1,0,0,11,0,154,0,1,96,28530,1534,0,12,0,0,0,LEADER,1,0,0,0,0,11
30297,49,adaptive-prasle,1767,1,0,0,11,0,154,0,1,49,28530,1767,0,12,0,0,0,LEADER,1,0,0,0,0,11
30366,74,adaptive-prasle,1837,1,0,0,11,0,154,0,1,74,28529,1837,0,12,0,0,0,LEADER,1,0,0,0,0,11
30758,92,adaptive-prasle,2228,1,0,0,11,0,154,0,1,92,28530,2228,0,12,0,0,0,LEADER,1,0,0,0,0,11
29964,66,adaptive-prasle,1434,1,0,0,11,0,154,0,1,66,28530,1434,0,12,0,0,0,LEADER,1,0,0,0,0,11
29990,57,adaptive-prasle,2380,1,0,0,11,0,154,0,1,57,27610,2380,0,12,0,0,0,LEADER,1,0,0,0,0,11
30790,78,adaptive-prasle,2260,1,0,0,11,0,154,0,1,78,28530,2260,0,12,0,0,0,LEADER,1,0,0,0,0,11
29956,39,adaptive-prasle,2346,1,0,0,11,0,154,0,1,39,27610,2346,0,12,0,0,0,LEADER,1,0,0,0,0,11
30673,30,adaptive-prasle,2143,1,0,0,11,0,154,0,1,30,28530,2143,0,12,0,0,0,LEADER,1,0,0,0,0,11
30079,64,adaptive-prasle,1549,1,0,0,11,0,154,0,1,64,28530,1549,0,12,0,0,0,LEADER,1,0,0,0,0,11
30304,80,adaptive-prasle,1774,1,0,0,11,0,154,0,1,80,28530,1774,0,12,0,0,0,LEADER,1,0,0,0,0,11
30045,54,adaptive-prasle,1516,1,0,0,11,0,154,0,1,54,28529,1516,0,12,0,0,0,LEADER,1,0,0,0,0,11
30570,43,adaptive-prasle,2040,1,0,0,11,0,154,0,1,43,28530,2040,0,12,0,0,0,LEADER,1,0,0,0,0,11
30490,26,adaptive-prasle,1960,1,0,0,11,0,154,0,1,26,28530,1960,0,12,0,0,0,LEADER,1,0,0,0,0,11
30121,42,adaptive-prasle,1591,1,0,0,11,0,154,0,1,42,28530,1591,0,12,0,0,0,LEADER,1,0,0,0,0,11
30128,31,adaptive-prasle,1598,1,0,0,11,0,154,0,1,31,28530,1598,0,12,0,0,0,LEADER,1,0,0,0,0,11
30885,94,adaptive-prasle,2355,1,0,0,11,0,154,0,1,94,28530,2355,0,12,0,0,0,LEADER,1,0,0,0,0,11
30455,45,adaptive-prasle,1925,1,0,0,11,0,154,0,1,45,28530,1925,0,12,0,0,0,LEADER,1,0,0,0,0,11
30828,60,adaptive-prasle,2298,1,0,0,11,0,154,0,1,60,28530,2298,0,12,0,0,0,LEADER,1,0,0,0,0,11
30933,44,adaptive-prasle,1483,1,0,0,11,0,154,0,1,44,29450,1483,0,12,0,0,0,LEADER,1,0,0,0,0,11
30537,33,adaptive-prasle,2007,1,0,0,11,0,154,0,1,33,28530,2007,0,12,0,0,0,LEADER,1,0,0,0,0,11
30182,51,adaptive-prasle,1652,1,0,0,11,0,154,0,1,51,28530,1652,0,12,0,0,0,LEADER,1,0,0,0,0,11
30981,22,adaptive-prasle,1531,1,0,0,11,0,154,0,1,22,29450,1531,0,12,0,0,0,LEADER,1,0,0,0,0,11
30692,72,adaptive-prasle,2162,1,0,0,11,0,154,0,1,72,28530,2162,0,12,0,0,0,LEADER,1,0,0,0,0,11
30482,24,adaptive-prasle,1952,1,0,0,11,0,154,0,1,24,28530,1952,0,12,0,0,0,LEADER,1,0,0,0,0,11
31014,32,adaptive-prasle,1564,1,0,0,11,0,154,0,1,32,29450,1564,0,12,0,0,0,LEADER,1,0,0,0,0,11
30201,93,adaptive-prasle,1671,1,0,0,11,0,154,0,1,93,28530,1671,0,12,0,0,0,LEADER,1,0,0,0,0,11
30873,69,adaptive-prasle,2343,1,0,0,11,0,154,0,1,69,28530,2343,0,12,0,0,0,LEADER,1,0,0,0,0,11
30860,79,adaptive-prasle,2331,1,0,0,11,0,154,0,1,79,28529,2331,0,12,0,0,0,LEADER,1,0,0,0,0,11
30555,75,adaptive-prasle,2025,1,0,0,11,0,154,0,1,75,28530,2025,0,12,0,0,0,LEADER,1,0,0,0,0,11
30282,81,adaptive-prasle,1752,1,0,0,11,0,154,0,1,81,28530,1752,0,12,0,0,0,LEADER,1,0,0,0,0,11
30140,52,adaptive-prasle,1610,1,0,0,11,0,154,0,1,52,28530,1610,0,12,0,0,0,LEADER,1,0,0,0,0,11
30618,21,adaptive-prasle,2088,1,0,0,11,0,154,0,1,21,28530,2088,0,12,0,0,0,LEADER,1,0,0,0,0,11
30795,29,adaptive-prasle,2265,1,0,0,11,0,154,0,1,29,28530,2265,0,12,0,0,0,LEADER,1,0,0,0,0,11
30371,100,adaptive-prasle,1841,1,0,0,11,0,154,0,1,100,28530,1841,0,12,0,0,0,LEADER,1,0,0,0,0,11
30216,61,adaptive-prasle,1686,1,0,0,11,0,154,0,1,61,28530,1686,0,12,0,0,0,LEADER,1,0,0,0,0,11
30780,91,adaptive-prasle,2250,1,0,0,11,0,154,0,1,91,28530,2250,0,12,0,0,0,LEADER,1,0,0,0,0,11
30740,37,adaptive-prasle,2210,1,0,0,11,0,154,0,1,37,28530,2210,0,12,0,0,0,LEADER,1,0,0,0,0,11
30285,38,adaptive-prasle,1755,1,0,0,11,0,154,0,1,38,28530,1755,0,12,0,0,0,LEADER,1,0,0,0,0,11
30949,98,adaptive-prasle,2419,1,0,0,11,0,154,0,1,98,28530,2419,0,12,0,0,0,LEADER,1,0,0,0,0,11
30809,27,adaptive-prasle,2280,1,0,0,11,0,154,0,1,27,28529,2280,0,12,0,0,0,LEADER,1,0,0,0,0,11
30658,62,adaptive-prasle,2128,1,0,0,11,0,154,0,1,62,28530,2128,0,12,0,0,0,LEADER,1,0,0,0,0,11
30467,56,adaptive-prasle,1937,1,0,0,11,0,154,0,1,56,28530,1937,0,12,0,0,0,LEADER,1,0,0,0,0,11
30855,99,adaptive-prasle,2328,1,0,0,11,0,154,0,1,99,28527,2328,0,12,0,0,0,LEADER,1,0,0,0,0,11
30732,48,adaptive-prasle,2202,1,0,0,11,0,154,0,1,48,28530,2202,0,12,0,0,0,LEADER,1,0,0,0,0,11
30249,71,adaptive-prasle,1719,1,0,0,11,0,154,0,1,71,28530,1719,0,12,0,0,0,LEADER,1,0,0,0,0,11
30474,87,adaptive-prasle,1944,1,0,0,11,0,154,0,1,87,28530,1944,0,12,0,0,0,LEADER,1,0,0,0,0,11
30400,36,adaptive-prasle,1870,1,0,0,11,0,154,0,1,36,28530,1870,0,12,0,0,0,LEADER,1,0,0,0,0,11
30896,77,adaptive-prasle,1446,1,0,0,11,0,154,0,1,77,29450,1446,0,12,0,0,0,LEADER,1,0,0,0,0,11
31087,83,adaptive-prasle,1637,1,0,0,11,0,154,0,1,83,29450,1637,0,12,0,0,0,LEADER,1,0,0,0,0,11
30589,85,adaptive-prasle,2059,1,0,0,11,0,154,0,1,85,28530,2059,0,12,0,0,0,LEADER,1,0,0,0,0,11
31117,19,adaptive-prasle,1667,1,0,0,11,0,154,0,1,19,29450,1667,0,12,0,0,0,LEADER,1,0,0,0,0,11
31272,65,adaptive-prasle,1822,1,0,0,11,0,154,0,1,65,29450,1822,0,12,0,0,0,LEADER,1,0,0,0,0,11
30878,35,adaptive-prasle,1428,1,0,0,11,0,154,0,1,35,29450,1428,0,12,0,0,0,LEADER,1,0,0,0,0,11
30893,86,adaptive-prasle,1443,1,0,0,11,0,154,0,1,86,29450,1443,0,12,0,0,0,LEADER,1,0,0,0,0,11
30936,50,adaptive-prasle,2406,1,0,0,11,0,154,0,1,50,28530,2406,0,12,0,0,0,LEADER,1,0,0,0,0,11
30951,55,adaptive-prasle,1501,1,0,0,11,0,154,0,1,55,29450,1501,0,12,0,0,0,LEADER,1,0,0,0,0,11
31080,15,adaptive-prasle,2361,1,0,0,3,6,42,84,2,5,28719,2361,0,3,0,0,0,NORMAL,0,0,0,0,0,3
30990,63,adaptive-prasle,1540,1,0,0,11,0,154,0,1,63,29450,1540,0,12,0,0,0,LEADER,1,0,0,0,0,11
31354,46,adaptive-prasle,1904,1,0,0,11,0,154,0,1,46,29450,1904,0,12,0,0,0,LEADER,1,0,0,0,0,11
31151,53,adaptive-prasle,1701,1,0,0,11,0,154,0,1,53,29450,1701,0,12,0,0,0,LEADER,1,0,0,0,0,11
30504,23,adaptive-prasle,1974,1,0,0,11,0,154,0,1,23,28530,1974,0,12,0,0,0,LEADER,1,0,0,0,0,11
31372,88,adaptive-prasle,1922,1,0,0,11,0,154,0,1,88,29450,1922,0,12,0,0,0,LEADER,1,0,0,0,0,11
30899,34,adaptive-prasle,1449,1,0,0,11,0,154,0,1,34,29450,1449,0,12,0,0,0,LEADER,1,0,0,0,0,11
30507,97,adaptive-prasle,1977,1,0,0,11,0,154,0,1,97,28530,1977,0,12,0,0,0,LEADER,1,0,0,0,0,11
30625,20,adaptive-prasle,2095,1,0,0,11,0,154,0,1,20,28530,2095,0,12,0,0,0,LEADER,1,0,0,0,0,11
30707,40,adaptive-prasle,2177,1,0,0,11,0,154,0,1,40,28530,2177,0,12,0,0,0,LEADER,1,0,0,0,0,11
30630,47,adaptive-prasle,2100,1,0,0,11,0,154,0,1,47,28530,2100,0,12,0,0,0,LEADER,1,0,0,0,0,11
31542,95,adaptive-prasle,2092,1,0,0,11,0,154,0,1,95,29450,2092,0,12,0,0,0,LEADER,1,0,0,0,0,11
30925,25,adaptive-prasle,2395,1,0,0,11,0,154,0,1,25,28530,2395,0,12,0,0,0,LEADER,1,0,0,0,0,11
31530,84,adaptive-prasle,2080,1,0,0,11,0,154,0,1,84,29450,2080,0,12,0,0,0,LEADER,1,0,0,0,0,11
30807,70,adaptive-prasle,2277,1,0,0,11,0,154,0,1,70,28530,2277,0,12,0,0,0,LEADER,1,0,0,0,0,11
30725,82,adaptive-prasle,2195,1,0,0,11,0,154,0,1,82,28530,2195,0,12,0,0,0,LEADER,1,0,0,0,0,11
30943,67,adaptive-prasle,2413,1,0,0,11,0,154,0,1,67,28530,2413,0,12,0,0,0,LEADER,1,0,0,0,0,11
30895,89,adaptive-prasle,2365,1,0,0,11,0,154,0,1,89,28530,2365,0,12,0,0,0,LEADER,1,0,0,0,0,11
31563,28,adaptive-prasle,2113,1,0,0,11,0,154,0,1,28,29450,2113,0,12,0,0,0,LEADER,1,0,0,0,0,11
31305,68,adaptive-prasle,1855,1,0,0,11,0,154,0,1,68,29450,1855,0,12,0,0,0,LEADER,1,0,0,0,0,11
31257,90,adaptive-prasle,1807,1,0,0,11,0,154,0,1,90,29450,1807,0,12,0,0,0,LEADER,1,0,0,0,0,11
30918,76,adaptive-prasle,1468,1,0,0,11,0,154,0,1,76,29450,1468,0,12,0,0,0,LEADER,1,0,0,0,0,11
31671,58,adaptive-prasle,2221,1,0,0,11,0,154,0,1,58,29450,2221,0,12,0,0,0,LEADER,1,0,0,0,0,11
31239,10,adaptive-prasle,1789,1,0,0,11,0,154,0,1,10,29450,1789,0,12,0,0,0,LEADER,1,0,0,0,0,11
31054,73,adaptive-prasle,1604,1,0,0,11,0,154,0,1,73,29450,1604,0,12,0,0,0,LEADER,1,0,0,0,0,11
30795,59,adaptive-prasle,2265,1,0,0,11,0,154,0,1,59,28530,2265,0,12,0,0,0,LEADER,1,0,0,0,0,11
31069,41,adaptive-prasle,1619,1,0,0,11,0,154,0,1,41,29450,1619,0,12,0,0,0,LEADER,1,0,0,0,0,11
30984,96,adaptive-prasle,1534,1,0,0,11,0,154,0,1,96,29450,1534,0,12,0,0,0,LEADER,1,0,0,0,0,11
31217,49,adaptive-prasle,1767,1,0,0,11,0,154,0,1,49,29450,1767,0,12,0,0,0,LEADER,1,0,0,0,0,11
31286,74,adaptive-prasle,1837,1,0,0,11,0,154,0,1,74,29449,1837,0,12,0,0,0,LEADER,1,0,0,0,0,11
31678,92,adaptive-prasle,2228,1,0,0,11,0,154,0,1,92,29450,2228,0,12,0,0,0,LEADER,1,0,0,0,0,11
30884,66,adaptive-prasle,1434,1,0,0,11,0,154,0,1,66,29450,1434,0,12,0,0,0,LEADER,1,0,0,0,0,11
30910,57,adaptive-prasle,2380,1,0,0,11,0,154,0,1,57,28530,2380,0,12,0,0,0,LEADER,1,0,0,0,0,11
31710,78,adaptive-prasle,2260,1,0,0,11,0,154,0,1,78,29450,2260,0,12,0,0,0,LEADER,1,0,0,0,0,11
30876,39,adaptive-prasle,2346,1,0,0,11,0,154,0,1,39,28530,2346,0,12,0,0,0,LEADER,1,0,0,0,0,11
31593,30,adaptive-prasle,2143,1,0,0,11,0,154,0,1,30,29450,2143,0,12,0,0,0,LEADER,1,0,0,0,0,11
30999,64,adaptive-prasle,1549,1,0,0,11,0,154,0,1,64,29450,1549,0,12,0,0,0,LEADER,1,0,0,0,0,11
31224,80,adaptive-prasle,1774,1,0,0,11,0,154,0,1,80,29450,1774,0,12,0,0,0,LEADER,1,0,0,0,0,11
30965,54,adaptive-prasle,1516,1,0,0,11,0,154,0,1,54,29449,1516,0,12,0,0,0,LEADER,1,0,0,0,0,11
31490,43,adaptive-prasle,2040,1,0,0,11,0,154,0,1,43,29450,2040,0,12,0,0,0,LEADER,1,0,0,0,0,11
31410,26,adaptive-prasle,1960,1,0,0,11,0,154,0,1,26,29450,1960,0,12,0,0,0,LEADER,1,0,0,0,0,11
31041,42,adaptive-prasle,1591,1,0,0,11,0,154,0,1,42,29450,1591,0,12,0,0,0,LEADER,1,0,0,0,0,11
31048,31,adaptive-prasle,1598,1,0,0,11,0,154,0,1,31,29450,1598,0,12,0,0,0,LEADER,1,0,0,0,0,11
31805,94,adaptive-prasle,2355,1,0,0,11,0,154,0,1,94,29450,2355,0,12,0,0,0,LEADER,1,0,0,0,0,11
31375,45,adaptive-prasle,1925,1,0,0,11,0,154,0,1,45,29450,1925,0,12,0,0,0,LEADER,1,0,0,0,0,11
31748,60,adaptive-prasle,2298,1,0,0,11,0,154,0,1,60,29450,2298,0,12,0,0,0,LEADER,1,0,0,0,0,11
31854,44,adaptive-prasle,1483,1,0,0,12,0,168,0,1,44,30371,1483,0,13,0,0,0,LEADER,1,0,0,0,0,12
31457,33,adaptive-prasle,2007,1,0,0,11,0,154,0,1,33,29450,2007,0,12,0,0,0,LEADER,1,0,0,0,0,11
31102,51,adaptive-prasle,1652,1,0,0,11,0,154,0,1,51,29450,1652,0,12,0,0,0,LEADER,1,0,0,0,0,11
31612,72,adaptive-prasle,2162,1,0,0,11,0,154,0,1,72,29450,2162,0,12,0,0,0,LEADER,1,0,0,0,0,11
31902,22,adaptive-prasle,1531,1,0,0,12,0,168,0,1,22,30371,1531,0,13,0,0,0,LEADER,1,0,0,0,0,12
31402,24,adaptive-prasle,1952,1,0,0,11,0,154,0,1,24,29450,1952,0,12,0,0,0,LEADER,1,0,0,0,0,11
31935,32,adaptive-prasle,1564,1,0,0,12,0,168,0,1,32,30371,1564,0,13,0,0,0,LEADER,1,0,0,0,0,12
31121,93,adaptive-prasle,1671,1,0,0,11,0,154,0,1,93,29450,1671,0,12,0,0,0,LEADER,1,0,0,0,0,11
31793,69,adaptive-prasle,2343,1,0,0,11,0,154,0,1,69,29450,2343,0,12,0,0,0,LEADER,1,0,0,0,0,11
31780,79,adaptive-prasle,2331,1,0,0,11,0,154,0,1,79,29449,2331,0,12,0,0,0,LEADER,1,0,0,0,0,11
31475,75,adaptive-prasle,2025,1,0,0,11,0,154,0,1,75,29450,2025,0,12,0,0,0,LEADER,1,0,0,0,0,11
31202,81,adaptive-prasle,1752,1,0,0,11,0,154,0,1,81,29450,1752,0,12,0,0,0,LEADER,1,0,0,0,0,11
31060,52,adaptive-prasle,1610,1,0,0,11,0,154,0,1,52,29450,1610,0,12,0,0,0,LEADER,1,0,0,0,0,11
31538,21,adaptive-prasle,2088,1,0,0,11,0,154,0,1,21,29450,2088,0,12,0,0,0,LEADER,1,0,0,0,0,11
31715,29,adaptive-prasle,2265,1,0,0,11,0,154,0,1,29,29450,2265,0,12,0,0,0,LEADER,1,0,0,0,0,11
31291,100,adaptive-prasle,1841,1,0,0,11,0,154,0,1,100,29450,1841,0,12,0,0,0,LEADER,1,0,0,0,0,11
31136,61,adaptive-prasle,1686,1,0,0,11,0,154,0,1,61,29450,1686,0,12,0,0,0,LEADER,1,0,0,0,0,11
31700,91,adaptive-prasle,2250,1,0,0,11,0,154,0,1,91,29450,2250,0,12,0,0,0,LEADER,1,0,0,0,0,11
31660,37,adaptive-prasle,2210,1,0,0,11,0,154,0,1,37,29450,2210,0,12,0,0,0,LEADER,1,0,0,0,0,11
31205,38,adaptive-prasle,1755,1,0,0,11,0,154,0,1,38,29450,1755,0,12,0,0,0,LEADER,1,0,0,0,0,11
31869,98,adaptive-prasle,2419,1,0,0,11,0,154,0,1,98,29450,2419,0,12,0,0,0,LEADER,1,0,0,0,0,11
31729,27,adaptive-prasle,2280,1,0,0,11,0,154,0,1,27,29449,2280,0,12,0,0,0,LEADER,1,0,0,0,0,11
31578,62,adaptive-prasle,2128,1,0,0,11,0,154,0,1,62,29450,2128,0,12,0,0,0,LEADER,1,0,0,0,0,11
31387,56,adaptive-prasle,1937,1,0,0,11,0,154,0,1,56,29450,1937,0,12,0,0,0,LEADER,1,0,0,0,0,11
31775,99,adaptive-prasle,2328,1,0,0,11,0,154,0,1,99,29447,2328,0,12,0,0,0,LEADER,1,0,0,0,0,11
31652,48,adaptive-prasle,2202,1,0,0,11,0,154,0,1,48,29450,2202,0,12,0,0,0,LEADER,1,0,0,0,0,11
31169,71,adaptive-prasle,1719,1,0,0,11,0,154,0,1,71,29450,1719,0,12,0,0,0,LEADER,1,0,0,0,0,11
31394,87,adaptive-prasle,1944,1,0,0,11,0,154,0,1,87,29450,1944,0,12,0,0,0,LEADER,1,0,0,0,0,11
31320,36,adaptive-prasle,1870,1,0,0,11,0,154,0,1,36,29450,1870,0,12,0,0,0,LEADER,1,0,0,0,0,11
31817,77,adaptive-prasle,1446,1,0,0,12,0,168,0,1,77,30371,1446,0,13,0,0,0,LEADER,1,0,0,0,0,12
32008,83,adaptive-prasle,1637,1,0,0,12,0,168,0,1,83,30371,1637,0,13,0,0,0,LEADER,1,0,0,0,0,12
31509,85,adaptive-prasle,2059,1,0,0,11,0,154,0,1,85,29450,2059,0,12,0,0,0,LEADER,1,0,0,0,0,11
32038,19,adaptive-prasle,1667,1,0,0,12,0,168,0,1,19,30371,1667,0,13,0,0,0,LEADER,1,0,0,0,0,12
32193,65,adaptive-prasle,1822,1,0,0,12,0,168,0,1,65,30371,1822,0,13,0,0,0,LEADER,1,0,0,0,0,12
31799,35,adaptive-prasle,1428,1,0,0,12,0,168,0,1,35,30371,1428,0,13,0,0,0,LEADER,1,0,0,0,0,12
31814,86,adaptive-prasle,1443,1,0,0,12,0,168,0,1,86,30371,1443,0,13,0,0,0,LEADER,1,0,0,0,0,12
31856,50,adaptive-prasle,2406,1,0,0,11,0,154,0,1,50,29450,2406,0,12,0,0,0,LEADER,1,0,0,0,0,11
31872,55,adaptive-prasle,1501,1,0,0,12,0,168,0,1,55,30371,1501,0,13,0,0,0,LEADER,1,0,0,0,0,12
31911,63,adaptive-prasle,1540,1,0,0,12,0,168,0,1,63,30371,1540,0,13,0,0,0,LEADER,1,0,0,0,0,12
32275,46,adaptive-prasle,1904,1,0,0,12,0,168,0,1,46,30371,1904,0,13,0,0,0,LEADER,1,0,0,0,0,12
32072,53,adaptive-prasle,1701,1,0,0,12,0,168,0,1,53,30371,1701,0,13,0,0,0,LEADER,1,0,0,0,0,12
31424,23,adaptive-prasle,1974,1,0,0,11,0,154,0,1,23,29450,1974,0,12,0,0,0,LEADER,1,0,0,0,0,11
32293,88,adaptive-prasle,1922,1,0,0,12,0,168,0,1,88,30371,1922,0,13,0,0,0,LEADER,1,0,0,0,0,12
31820,34,adaptive-prasle,1449,1,0,0,12,0,168,0,1,34,30371,1449,0,13,0,0,0,LEADER,1,0,0,0,0,12
31427,97,adaptive-prasle,1977,1,0,0,11,0,154,0,1,97,29450,1977,0,12,0,0,0,LEADER,1,0,0,0,0,11
31545,20,adaptive-prasle,2095,1,0,0,11,0,154,0,1,20,29450,2095,0,12,0,0,0,LEADER,1,0,0,0,0,11
31627,40,adaptive-prasle,2177,1,0,0,11,0,154,0,1,40,29450,2177,0,12,0,0,0,LEADER,1,0,0,0,0,11
31550,47,adaptive-prasle,2100,1,0,0,11,0,154,0,1,47,29450,2100,0,12,0,0,0,LEADER,1,0,0,0,0,11
31831,8,adaptive-prasle,2217,1,0,0,5,12,70,168,2,7,29614,2217,0,3,0,0,0,NORMAL,0,0,0,0,0,5
32463,95,adaptive-prasle,2092,1,0,0,12,0,168,0,1,95,30371,2092,0,13,0,0,0,LEADER,1,0,0,0,0,12
31845,25,adaptive-prasle,2395,1,0,0,11,0,154,0,1,25,29450,2395,0,12,0,0,0,LEADER,1,0,0,0,0,11
32451,84,adaptive-prasle,2080,1,0,0,12,0,168,0,1,84,30371,2080,0,13,0,0,0,LEADER,1,0,0,0,0,12
31727,70,adaptive-prasle,2277,1,0,0,11,0,154,0,1,70,29450,2277,0,12,0,0,0,LEADER,1,0,0,0,0,11
31645,82,adaptive-prasle,2195,1,0,0,11,0,154,0,1,82,29450,2195,0,12,0,0,0,LEADER,1,0,0,0,0,11
31863,67,adaptive-prasle,2413,1,0,0,11,0,154,0,1,67,29450,2413,0,12,0,0,0,LEADER,1,0,0,0,0,11
31815,89,adaptive-prasle,2365,1,0,0,11,0,154,0,1,89,29450,2365,0,12,0,0,0,LEADER,1,0,0,0,0,11
32484,28,adaptive-prasle,2113,1,0,0,12,0,168,0,1,28,30371,2113,0,13,0,0,0,LEADER,1,0,0,0,0,12
32226,68,adaptive-prasle,1855,1,0,0,12,0,168,0,1,68,30371,1855,0,13,0,0,0,LEADER,1,0,0,0,0,12
32178,90,adaptive-prasle,1807,1,0,0,12,0,168,0,1,90,30371,1807,0,13,0,0,0,LEADER,1,0,0,0,0,12
31839,76,adaptive-prasle,1468,1,0,0,12,0,168,0,1,76,30371,1468,0,13,0,0,0,LEADER,1,0,0,0,0,12
32160,10,adaptive-prasle,1789,1,0,0,12,0,168,0,1,10,30371,1789,0,13,0,0,0,LEADER,1,0,0,0,0,12
32592,58,adaptive-prasle,2221,1,0,0,12,0,168,0,1,58,30371,2221,0,13,0,0,0,LEADER,1,0,0,0,0,12
31975,73,adaptive-prasle,1604,1,0,0,12,0,168,0,1,73,30371,1604,0,13,0,0,0,LEADER,1,0,0,0,0,12
31715,59,adaptive-prasle,2265,1,0,0,11,0,154,0,1,59,29450,2265,0,12,0,0,0,LEADER,1,0,0,0,0,11
31990,41,adaptive-prasle,1619,1,0,0,12,0,168,0,1,41,30371,1619,0,13,0,0,0,LEADER,1,0,0,0,0,12
31905,96,adaptive-prasle,1534,1,0,0,12,0,168,0,1,96,30371,1534,0,13,0,0,0,LEADER,1,0,0,0,0,12
32138,49,adaptive-prasle,1767,1,0,0,12,0,168,0,1,49,30371,1767,0,13,0,0,0,LEADER,1,0,0,0,0,12
32207,74,adaptive-prasle,1837,1,0,0,12,0,168,0,1,74,30370,1837,0,13,0,0,0,LEADER,1,0,0,0,0,12
32599,92,adaptive-prasle,2228,1,0,0,12,0,168,0,1,92,30371,2228,0,13,0,0,0,LEADER,1,0,0,0,0,12
31805,66,adaptive-prasle,1434,1,0,0,12,0,168,0,1,66,30371,1434,0,13,0,0,0,LEADER,1,0,0,0,0,12
31830,57,adaptive-prasle,2380,1,0,0,11,0,154,0,1,57,29450,2380,0,12,0,0,0,LEADER,1,0,0,0,0,11
32631,78,adaptive-prasle,2260,1,0,0,12,0,168,0,1,78,30371,2260,0,13,0,0,0,LEADER,1,0,0,0,0,12
31796,39,adaptive-prasle,2346,1,0,0,11,0,154,0,1,39,29450,2346,0,12,0,0,0,LEADER,1,0,0,0,0,11
32514,30,adaptive-prasle,2143,1,0,0,12,0,168,0,1,30,30371,2143,0,13,0,0,0,LEADER,1,0,0,0,0,12
31920,64,adaptive-prasle,1549,1,0,0,12,0,168,0,1,64,30371,1549,0,13,0,0,0,LEADER,1,0,0,0,0,12
32145,80,adaptive-prasle,1774,1,0,0,12,0,168,0,1,80,30371,1774,0,13,0,0,0,LEADER,1,0,0,0,0,12
31886,54,adaptive-prasle,1516,1,0,0,12,0,168,0,1,54,30370,1516,0,13,0,0,0,LEADER,1,0,0,0,0,12
32411,43,adaptive-prasle,2040,1,0,0,12,0,168,0,1,43,30371,2040,0,13,0,0,0,LEADER,1,0,0,0,0,12
32331,26,adaptive-prasle,1960,1,0,0,12,0,168,0,1,26,30371,1960,0,13,0,0,0,LEADER,1,0,0,0,0,12
31962,42,adaptive-prasle,1591,1,0,0,12,0,168,0,1,42,30371,1591,0,13,0,0,0,LEADER,1,0,0,0,0,12
31969,31,adaptive-prasle,1598,1,0,0,12,0,168,0,1,31,30371,1598,0,13,0,0,0,LEADER,1,0,0,0,0,12
32726,94,adaptive-prasle,2355,1,0,0,12,0,168,0,1,94,30371,2355,0,13,0,0,0,LEADER,1,0,0,0,0,12
32296,45,adaptive-prasle,1925,1,0,0,12,0,168,0,1,45,30371,1925,0,13,0,0,0,LEADER,1,0,0,0,0,12
32669,60,adaptive-prasle,2298,1,0,0,12,0,168,0,1,60,30371,2298,0,13,0,0,0,LEADER,1,0,0,0,0,12
32774,44,adaptive-prasle,1483,1,0,0,12,0,168,0,1,44,31291,1483,0,13,0,0,0,LEADER,1,0,0,0,0,12
32378,33,adaptive-prasle,2007,1,0,0,12,0,168,0,1,33,30371,2007,0,13,0,0,0,LEADER,1,0,0,0,0,12
32023,51,adaptive-prasle,1652,1,0,0,12,0,168,0,1,51,30371,1652,0,13,0,0,0,LEADER,1,0,0,0,0,12
32822,22,adaptive-prasle,1531,1,0,0,12,0,168,0,1,22,31291,1531,0,13,0,0,0,LEADER,1,0,0,0,0,12
32533,72,adaptive-prasle,2162,1,0,0,12,0,168,0,1,72,30371,2162,0,13,0,0,0,LEADER,1,0,0,0,0,12
32323,24,adaptive-prasle,1952,1,0,0,12,0,168,0,1,24,30371,1952,0,13,0,0,0,LEADER,1,0,0,0,0,12
32855,32,adaptive-prasle,1564,1,0,0,12,0,168,0,1,32,31291,1564,0,13,0,0,0,LEADER,1,0,0,0,0,12
32042,93,adaptive-prasle,1671,1,0,0,12,0,168,0,1,93,30371,1671,0,13,0,0,0,LEADER,1,0,0,0,0,12
32714,69,adaptive-prasle,2343,1,0,0,12,0,168,0,1,69,30371,2343,0,13,0,0,0,LEADER,1,0,0,0,0,12
32701,79,adaptive-prasle,2331,1,0,0,12,0,168,0,1,79,30370,2331,0,13,0,0,0,LEADER,1,0,0,0,0,12
32396,75,adaptive-prasle,2025,1,0,0,12,0,168,0,1,75,30371,2025,0,13,0,0,0,LEADER,1,0,0,0,0,12
32123,81,adaptive-prasle,1752,1,0,0,12,0,168,0,1,81,30371,1752,0,13,0,0,0,LEADER,1,0,0,0,0,12
31981,52,adaptive-prasle,1610,1,0,0,12,0,168,0,1,52,30371,1610,0,13,0,0,0,LEADER,1,0,0,0,0,12
32459,21,adaptive-prasle,2088,1,0,0,12,0,168,0,1,21,30371,2088,0,13,0,0,0,LEADER,1,0,0,0,0,12
32636,29,adaptive-prasle,2265,1,0,0,12,0,168,0,1,29,30371,2265,0,13,0,0,0,LEADER,1,0,0,0,0,12
32212,100,adaptive-prasle,1841,1,0,0,12,0,168,0,1,100,30371,1841,0,13,0,0,0,LEADER,1,0,0,0,0,12
32057,61,adaptive-prasle,1686,1,0,0,12,0,168,0,1,61,30371,1686,0,13,0,0,0,LEADER,1,0,0,0,0,12
32621,91,adaptive-prasle,2250,1,0,0,12,0,168,0,1,91,30371,2250,0,13,0,0,0,LEADER,1,0,0,0,0,12
32581,37,adaptive-prasle,2210,1,0,0,12,0,168,0,1,37,30371,2210,0,13,0,0,0,LEADER,1,0,0,0,0,12
32126,38,adaptive-prasle,1755,1,0,0,12,0,168,0,1,38,30371,1755,0,13,0,0,0,LEADER,1,0,0,0,0,12
32790,98,adaptive-prasle,2419,1,0,0,12,0,168,0,1,98,30371,2419,0,13,0,0,0,LEADER,1,0,0,0,0,12
32650,27,adaptive-prasle,2280,1,0,0,12,0,168,0,1,27,30370,2280,0,13,0,0,0,LEADER,1,0,0,0,0,12
32499,62,adaptive-prasle,2128,1,0,0,12,0,168,0,1,62,30371,2128,0,13,0,0,0,LEADER,1,0,0,0,0,12
32308,56,adaptive-prasle,1937,1,0,0,12,0,168,0,1,56,30371,1937,0,13,0,0,0,LEADER,1,0,0,0,0,12
32696,99,adaptive-prasle,2328,1,0,0,12,0,168,0,1,99,30368,2328,0,13,0,0,0,LEADER,1,0,0,0,0,12
32573,48,adaptive-prasle,2202,1,0,0,12,0,168,0,1,48,30371,2202,0,13,0,0,0,LEADER,1,0,0,0,0,12
32090,71,adaptive-prasle,1719,1,0,0,12,0,168,0,1,71,30371,1719,0,13,0,0,0,LEADER,1,0,0,0,0,12
32315,87,adaptive-prasle,1944,1,0,0,12,0,168,0,1,87,30371,1944,0,13,0,0,0,LEADER,1,0,0,0,0,12
32241,36,adaptive-prasle,1870,1,0,0,12,0,168,0,1,36,30371,1870,0,13,0,0,0,LEADER,1,0,0,0,0,12
32679,16,adaptive-prasle,1805,1,0,0,5,5,70,70,2,6,30874,1805,0,3,0,0,0,NORMAL,0,0,0,0,0,5
32737,77,adaptive-prasle,1446,1,0,0,12,0,168,0,1,77,31291,1446,0,13,0,0,0,LEADER,1,0,0,0,0,12
32928,83,adaptive-prasle,1637,1,0,0,12,0,168,0,1,83,31291,1637,0,13,0,0,0,LEADER,1,0,0,0,0,12
32430,85,adaptive-prasle,2059,1,0,0,12,0,168,0,1,85,30371,2059,0,13,0,0,0,LEADER,1,0,0,0,0,12
32958,19,adaptive-prasle,1667,1,0,0,12,0,168,0,1,19,31291,1667,0,13,0,0,0,LEADER,1,0,0,0,0,12
33113,65,adaptive-prasle,1822,1,0,0,12,0,168,0,1,65,31291,1822,0,13,0,0,0,LEADER,1,0,0,0,0,12
32719,35,adaptive-prasle,1428,1,0,0,12,0,168,0,1,35,31291,1428,0,13,0,0,0,LEADER,1,0,0,0,0,12
32734,86,adaptive-prasle,1443,1,0,0,12,0,168,0,1,86,31291,1443,0,13,0,0,0,LEADER,1,0,0,0,0,12
32777,50,adaptive-prasle,2406,1,0,0,12,0,168,0,1,50,30371,2406,0,13,0,0,0,LEADER,1,0,0,0,0,12
32792,55,adaptive-prasle,1501,1,0,0,12,0,168,0,1,55,31291,1501,0,13,0,0,0,LEADER,1,0,0,0,0,12
32831,63,adaptive-prasle,1540,1,0,0,12,0,168,0,1,63,31291,1540,0,13,0,0,0,LEADER,1,0,0,0,0,12
33195,46,adaptive-prasle,1904,1,0,0,12,0,168,0,1,46,31291,1904,0,13,0,0,0,LEADER,1,0,0,0,0,12
32992,53,adaptive-prasle,1701,1,0,0,12,0,168,0,1,53,31291,1701,0,13,0,0,0,LEADER,1,0,0,0,0,12
32345,23,adaptive-prasle,1974,1,0,0,12,0,168,0,1,23,30371,1974,0,13,0,0,0,LEADER,1,0,0,0,0,12
33213,88,adaptive-prasle,1922,1,0,0,12,0,168,0,1,88,31291,1922,0,13,0,0,0,LEADER,1,0,0,0,0,12
32740,34,adaptive-prasle,1449,1,0,0,12,0,168,0,1,34,31291,1449,0,13,0,0,0,LEADER,1,0,0,0,0,12
32348,97,adaptive-prasle,1977,1,0,0,12,0,168,0,1,97,30371,1977,0,13,0,0,0,LEADER,1,0,0,0,0,12
32466,20,adaptive-prasle,2095,1,0,0,12,0,168,0,1,20,30371,2095,0,13,0,0,0,LEADER,1,0,0,0,0,12
32548,40,adaptive-prasle,2177,1,0,0,12,0,168,0,1,40,30371,2177,0,13,0,0,0,LEADER,1,0,0,0,0,12
32471,47,adaptive-prasle,2100,1,0,0,12,0,168,0,1,47,30371,2100,0,13,0,0,0,LEADER,1,0,0,0,0,12
33383,95,adaptive-prasle,2092,1,0,0,12,0,168,0,1,95,31291,2092,0,13,0,0,0,LEADER,1,0,0,0,0,12
33347,1,adaptive-prasle,2022,1,0,0,3,4,42,56,1,1,31325,2022,0,4,0,0,0,LEADER,1,0,0,0,0,3
32766,25,adaptive-prasle,2395,1,0,0,12,0,168,0,1,25,30371,2395,0,13,0,0,0,LEADER,1,0,0,0,0,12
33371,84,adaptive-prasle,2080,1,0,0,12,0,168,0,1,84,31291,2080,0,13,0,0,0,LEADER,1,0,0,0,0,12
32648,70,adaptive-prasle,2277,1,0,0,12,0,168,0,1,70,30371,2277,0,13,0,0,0,LEADER,1,0,0,0,0,12
32566,82,adaptive-prasle,2195,1,0,0,12,0,168,0,1,82,30371,2195,0,13,0,0,0,LEADER,1,0,0,0,0,12
32784,67,adaptive-prasle,2413,1,0,0,12,0,168,0,1,67,30371,2413,0,13,0,0,0,LEADER,1,0,0,0,0,12
32736,89,adaptive-prasle,2365,1,0,0,12,0,168,0,1,89,30371,2365,0,13,0,0,0,LEADER,1,0,0,0,0,12
33404,28,adaptive-prasle,2113,1,0,0,12,0,168,0,1,28,31291,2113,0,13,0,0,0,LEADER,1,0,0,0,0,12
33146,68,adaptive-prasle,1855,1,0,0,12,0,168,0,1,68,31291,1855,0,13,0,0,0,LEADER,1,0,0,0,0,12
33098,90,adaptive-prasle,1807,1,0,0,12,0,168,0,1,90,31291,1807,0,13,0,0,0,LEADER,1,0,0,0,0,12
32759,76,adaptive-prasle,1468,1,0,0,12,0,168,0,1,76,31291,1468,0,13,0,0,0,LEADER,1,0,0,0,0,12
33080,10,adaptive-prasle,1789,1,0,0,12,0,168,0,1,10,31291,1789,0,13,0,0,0,LEADER,1,0,0,0,0,12
33512,58,adaptive-prasle,2221,1,0,0,12,0,168,0,1,58,31291,2221,0,13,0,0,0,LEADER,1,0,0,0,0,12
32895,73,adaptive-prasle,1604,1,0,0,12,0,168,0,1,73,31291,1604,0,13,0,0,0,LEADER,1,0,0,0,0,12
32636,59,adaptive-prasle,2265,1,0,0,12,0,168,0,1,59,30371,2265,0,13,0,0,0,LEADER,1,0,0,0,0,12
32910,41,adaptive-prasle,1619,1,0,0,12,0,168,0,1,41,31291,1619,0,13,0,0,0,LEADER,1,0,0,0,0,12
32825,96,adaptive-prasle,1534,1,0,0,12,0,168,0,1,96,31291,1534,0,13,0,0,0,LEADER,1,0,0,0,0,12
33058,49,adaptive-prasle,1767,1,0,0,12,0,168,0,1,49,31291,1767,0,13,0,0,0,LEADER,1,0,0,0,0,12
33127,74,adaptive-prasle,1837,1,0,0,12,0,168,0,1,74,31290,1837,0,13,0,0,0,LEADER,1,0,0,0,0,12
33519,92,adaptive-prasle,2228,1,0,0,12,0,168,0,1,92,31291,2228,0,13,0,0,0,LEADER,1,0,0,0,0,12
32725,66,adaptive-prasle,1434,1,0,0,12,0,168,0,1,66,31291,1434,0,13,0,0,0,LEADER,1,0,0,0,0,12
32751,57,adaptive-prasle,2380,1,0,0,12,0,168,0,1,57,30371,2380,0,13,0,0,0,LEADER,1,0,0,0,0,12
33551,78,adaptive-prasle,2260,1,0,0,12,0,168,0,1,78,31291,2260,0,13,0,0,0,LEADER,1,0,0,0,0,12
32717,39,adaptive-prasle,2346,1,0,0,12,0,168,0,1,39,30371,2346,0,13,0,0,0,LEADER,1,0,0,0,0,12
33434,30,adaptive-prasle,2143,1,0,0,12,0,168,0,1,30,31291,2143,0,13,0,0,0,LEADER,1,0,0,0,0,12
32840,64,adaptive-prasle,1549,1,0,0,12,0,168,0,1,64,31291,1549,0,13,0,0,0,LEADER,1,0,0,0,0,12
33065,80,adaptive-prasle,1774,1,0,0,12,0,168,0,1,80,31291,1774,0,13,0,0,0,LEADER,1,0,0,0,0,12
32806,54,adaptive-prasle,1516,1,0,0,12,0,168,0,1,54,31290,1516,0,13,0,0,0,LEADER,1,0,0,0,0,12
33331,43,adaptive-prasle,2040,1,0,0,12,0,168,0,1,43,31291,2040,0,13,0,0,0,LEADER,1,0,0,0,0,12
33251,26,adaptive-prasle,1960,1,0,0,12,0,168,0,1,26,31291,1960,0,13,0,0,0,LEADER,1,0,0,0,0,12
32882,42,adaptive-prasle,1591,1,0,0,12,0,168,0,1,42,31291,1591,0,13,0,0,0,LEADER,1,0,0,0,0,12
32889,31,adaptive-prasle,1598,1,0,0,12,0,168,0,1,31,31291,1598,0,13,0,0,0,LEADER,1,0,0,0,0,12
33646,94,adaptive-prasle,2355,1,0,0,12,0,168,0,1,94,31291,2355,0,13,0,0,0,LEADER,1,0,0,0,0,12
33216,45,adaptive-prasle,1925,1,0,0,12,0,168,0,1,45,31291,1925,0,13,0,0,0,LEADER,1,0,0,0,0,12
33589,60,adaptive-prasle,2298,1,0,0,12,0,168,0,1,60,31291,2298,0,13,0,0,0,LEADER,1,0,0,0,0,12
33694,44,adaptive-prasle,1483,1,0,0,12,0,168,0,1,44,32211,1483,0,13,0,0,0,LEADER,1,0,0,0,0,12
33298,33,adaptive-prasle,2007,1,0,0,12,0,168,0,1,33,31291,2007,0,13,0,0,0,LEADER,1,0,0,0,0,12
32943,51,adaptive-prasle,1652,1,0,0,12,0,168,0,1,51,31291,1652,0,13,0,0,0,LEADER,1,0,0,0,0,12
33742,22,adaptive-prasle,1531,1,0,0,12,0,168,0,1,22,32211,1531,0,13,0,0,0,LEADER,1,0,0,0,0,12
33453,72,adaptive-prasle,2162,1,0,0,12,0,168,0,1,72,31291,2162,0,13,0,0,0,LEADER,1,0,0,0,0,12
33243,24,adaptive-prasle,1952,1,0,0,12,0,168,0,1,24,31291,1952,0,13,0,0,0,LEADER,1,0,0,0,0,12
33775,32,adaptive-prasle,1564,1,0,0,12,0,168,0,1,32,32211,1564,0,13,0,0,0,LEADER,1,0,0,0,0,12
32962,93,adaptive-prasle,1671,1,0,0,12,0,168,0,1,93,31291,1671,0,13,0,0,0,LEADER,1,0,0,0,0,12
33634,69,adaptive-prasle,2343,1,0,0,12,0,168,0,1,69,31291,2343,0,13,0,0,0,LEADER,1,0,0,0,0,12
33621,79,adaptive-prasle,2331,1,0,0,12,0,168,0,1,79,31290,2331,0,13,0,0,0,LEADER,1,0,0,0,0,12
33316,75,adaptive-prasle,2025,1,0,0,12,0,168,0,1,75,31291,2025,0,13,0,0,0,LEADER,1,0,0,0,0,12
33043,81,adaptive-prasle,1752,1,0,0,12,0,168,0,1,81,31291,1752,0,13,0,0,0,LEADER,1,0,0,0,0,12
32901,52,adaptive-prasle,1610,1,0,0,12,0,168,0,1,52,31291,1610,0,13,0,0,0,LEADER,1,0,0,0,0,12
33379,21,adaptive-prasle,2088,1,0,0,12,0,168,0,1,21,31291,2088,0,13,0,0,0,LEADER,1,0,0,0,0,12
33556,29,adaptive-prasle,2265,1,0,0,12,0,168,0,1,29,31291,2265,0,13,0,0,0,LEADER,1,0,0,0,0,12
33132,100,adaptive-prasle,1841,1,0,0,12,0,168,0,1,100,31291,1841,0,13,0,0,0,LEADER,1,0,0,0,0,12
32977,61,adaptive-prasle,1686,1,0,0,12,0,168,0,1,61,31291,1686,0,13,0,0,0,LEADER,1,0,0,0,0,12
33613,2,adaptive-prasle,1819,1,0,0,4,8,56,112,1,1,31794,1819,0,3,0,0,0,NORMAL,0,0,0,0,0,4
33541,91,adaptive-prasle,2250,1,0,0,12,0,168,0,1,91,31291,2250,0,13,0,0,0,LEADER,1,0,0,0,0,12
33501,37,adaptive-prasle,2210,1,0,0,12,0,168,0,1,37,31291,2210,0,13,0,0,0,LEADER,1,0,0,0,0,12
33046,38,adaptive-prasle,1755,1,0,0,12,0,168,0,1,38,31291,1755,0,13,0,0,0,LEADER,1,0,0,0,0,12
33710,98,adaptive-prasle,2419,1,0,0,12,0,168,0,1,98,31291,2419,0,13,0,0,0,LEADER,1,0,0,0,0,12
33570,27,adaptive-prasle,2280,1,0,0,12,0,168,0,1,27,31290,2280,0,13,0,0,0,LEADER,1,0,0,0,0,12
33419,62,adaptive-prasle,2128,1,0,0,12,0,168,0,1,62,31291,2128,0,13,0,0,0,LEADER,1,0,0,0,0,12
33228,56,adaptive-prasle,1937,1,0,0,12,0,168,0,1,56,31291,1937,0,13,0,0,0,LEADER,1,0,0,0,0,12
33616,99,adaptive-prasle,2328,1,0,0,12,0,168,0,1,99,31288,2328,0,13,0,0,0,LEADER,1,0,0,0,0,12
33493,48,adaptive-prasle,2202,1,0,0,12,0,168,0,1,48,31291,2202,0,13,0,0,0,LEADER,1,0,0,0,0,12
33010,71,adaptive-prasle,1719,1,0,0,12,0,168,0,1,71,31291,1719,0,13,0,0,0,LEADER,1,0,0,0,0,12
33235,87,adaptive-prasle,1944,1,0,0,12,0,168,0,1,87,31291,1944,0,13,0,0,0,LEADER,1,0,0,0,0,12
33161,36,adaptive-prasle,1870,1,0,0,12,0,168,0,1,36,31291,1870,0,13,0,0,0,LEADER,1,0,0,0,0,12
33657,77,adaptive-prasle,1446,1,0,0,12,0,168,0,1,77,32211,1446,0,13,0,0,0,LEADER,1,0,0,0,0,12
33848,83,adaptive-prasle,1637,1,0,0,12,0,168,0,1,83,32211,1637,0,13,0,0,0,LEADER,1,0,0,0,0,12
33350,85,adaptive-prasle,2059,1,0,0,12,0,168,0,1,85,31291,2059,0,13,0,0,0,LEADER,1,0,0,0,0,12
33878,19,adaptive-prasle,1667,1,0,0,12,0,168,0,1,19,32211,1667,0,13,0,0,0,LEADER,1,0,0,0,0,12
34033,65,adaptive-prasle,1822,1,0,0,12,0,168,0,1,65,32211,1822,0,13,0,0,0,LEADER,1,0,0,0,0,12
33639,35,adaptive-prasle,1428,1,0,0,12,0,168,0,1,35,32211,1428,0,13,0,0,0,LEADER,1,0,0,0,0,12
33654,86,adaptive-prasle,1443,1,0,0,12,0,168,0,1,86,32211,1443,0,13,0,0,0,LEADER,1,0,0,0,0,12
33697,50,adaptive-prasle,2406,1,0,0,12,0,168,0,1,50,31291,2406,0,13,0,0,0,LEADER,1,0,0,0,0,12
33712,55,adaptive-prasle,1501,1,0,0,12,0,168,0,1,55,32211,1501,0,13,0,0,0,LEADER,1,0,0,0,0,12
33751,63,adaptive-prasle,1540,1,0,0,12,0,168,0,1,63,32211,1540,0,13,0,0,0,LEADER,1,0,0,0,0,12
34115,46,adaptive-prasle,1904,1,0,0,12,0,168,0,1,46,32211,1904,0,13,0,0,0,LEADER,1,0,0,0,0,12
33912,53,adaptive-prasle,1701,1,0,0,12,0,168,0,1,53,32211,1701,0,13,0,0,0,LEADER,1,0,0,0,0,12
33265,23,adaptive-prasle,1974,1,0,0,12,0,168,0,1,23,31291,1974,0,13,0,0,0,LEADER,1,0,0,0,0,12
34133,88,adaptive-prasle,1922,1,0,0,12,0,168,0,1,88,32211,1922,0,13,0,0,0,LEADER,1,0,0,0,0,12
33660,34,adaptive-prasle,1449,1,0,0,12,0,168,0,1,34,32211,1449,0,13,0,0,0,LEADER,1,0,0,0,0,12
33268,97,adaptive-prasle,1977,1,0,0,12,0,168,0,1,97,31291,1977,0,13,0,0,0,LEADER,1,0,0,0,0,12
33386,20,adaptive-prasle,2095,1,0,0,12,0,168,0,1,20,31291,2095,0,13,0,0,0,LEADER,1,0,0,0,0,12
33468,40,adaptive-prasle,2177,1,0,0,12,0,168,0,1,40,31291,2177,0,13,0,0,0,LEADER,1,0,0,0,0,12
33391,47,adaptive-prasle,2100,1,0,0,12,0,168,0,1,47,31291,2100,0,13,0,0,0,LEADER,1,0,0,0,0,12
34303,95,adaptive-prasle,2092,1,0,0,12,0,168,0,1,95,32211,2092,0,13,0,0,0,LEADER,1,0,0,0,0,12
33686,25,adaptive-prasle,2395,1,0,0,12,0,168,0,1,25,31291,2395,0,13,0,0,0,LEADER,1,0,0,0,0,12
34291,84,adaptive-prasle,2080,1,0,0,12,0,168,0,1,84,32211,2080,0,13,0,0,0,LEADER,1,0,0,0,0,12
33568,70,adaptive-prasle,2277,1,0,0,12,0,168,0,1,70,31291,2277,0,13,0,0,0,LEADER,1,0,0,0,0,12
33486,82,adaptive-prasle,2195,1,0,0,12,0,168,0,1,82,31291,2195,0,13,0,0,0,LEADER,1,0,0,0,0,12
33704,67,adaptive-prasle,2413,1,0,0,12,0,168,0,1,67,31291,2413,0,13,0,0,0,LEADER,1,0,0,0,0,12
33656,89,adaptive-prasle,2365,1,0,0,12,0,168,0,1,89,31291,2365,0,13,0,0,0,LEADER,1,0,0,0,0,12
34324,28,adaptive-prasle,2113,1,0,0,12,0,168,0,1,28,32211,2113,0,13,0,0,0,LEADER,1,0,0,0,0,12
34066,68,adaptive-prasle,1855,1,0,0,12,0,168,0,1,68,32211,1855,0,13,0,0,0,LEADER,1,0,0,0,0,12
34018,90,adaptive-prasle,1807,1,0,0,12,0,168,0,1,90,32211,1807,0,13,0,0,0,LEADER,1,0,0,0,0,12
33679,76,adaptive-prasle,1468,1,0,0,12,0,168,0,1,76,32211,1468,0,13,0,0,0,LEADER,1,0,0,0,0,12
34000,10,adaptive-prasle,1789,1,0,0,12,0,168,0,1,10,32211,1789,0,13,0,0,0,LEADER,1,0,0,0,0,12
34432,58,adaptive-prasle,2221,1,0,0,12,0,168,0,1,58,32211,2221,0,13,0,0,0,LEADER,1,0,0,0,0,12
33815,73,adaptive-prasle,1604,1,0,0,12,0,168,0,1,73,32211,1604,0,13,0,0,0,LEADER,1,0,0,0,0,12
33556,59,adaptive-prasle,2265,1,0,0,12,0,168,0,1,59,31291,2265,0,13,0,0,0,LEADER,1,0,0,0,0,12
33830,41,adaptive-prasle,1619,1,0,0,12,0,168,0,1,41,32211,1619,0,13,0,0,0,LEADER,1,0,0,0,0,12
33745,96,adaptive-prasle,1534,1,0,0,12,0,168,0,1,96,32211,1534,0,13,0,0,0,LEADER,1,0,0,0,0,12
33978,49,adaptive-prasle,1767,1,0,0,12,0,168,0,1,49,32211,1767,0,13,0,0,0,LEADER,1,0,0,0,0,12
34047,74,adaptive-prasle,1837,1,0,0,12,0,168,0,1,74,32210,1837,0,13,0,0,0,LEADER,1,0,0,0,0,12
34439,92,adaptive-prasle,2228,1,0,0,12,0,168,0,1,92,32211,2228,0,13,0,0,0,LEADER,1,0,0,0,0,12
33645,66,adaptive-prasle,1434,1,0,0,12,0,168,0,1,66,32211,1434,0,13,0,0,0,LEADER,1,0,0,0,0,12
33671,57,adaptive-prasle,2380,1,0,0,12,0,168,0,1,57,31291,2380,0,13,0,0,0,LEADER,1,0,0,0,0,12
34471,78,adaptive-prasle,2260,1,0,0,12,0,168,0,1,78,32211,2260,0,13,0,0,0,LEADER,1,0,0,0,0,12
33637,39,adaptive-prasle,2346,1,0,0,12,0,168,0,1,39,31291,2346,0,13,0,0,0,LEADER,1,0,0,0,0,12
34354,30,adaptive-prasle,2143,1,0,0,12,0,168,0,1,30,32211,2143,0,13,0,0,0,LEADER,1,0,0,0,0,12
33760,64,adaptive-prasle,1549,1,0,0,12,0,168,0,1,64,32211,1549,0,13,0,0,0,LEADER,1,0,0,0,0,12
33985,80,adaptive-prasle,1774,1,0,0,12,0,168,0,1,80,32211,1774,0,13,0,0,0,LEADER,1,0,0,0,0,12
33726,54,adaptive-prasle,1516,1,0,0,12,0,168,0,1,54,32210,1516,0,13,0,0,0,LEADER,1,0,0,0,0,12
34251,43,adaptive-prasle,2040,1,0,0,12,0,168,0,1,43,32211,2040,0,13,0,0,0,LEADER,1,0,0,0,0,12
34171,26,adaptive-prasle,1960,1,0,0,12,0,168,0,1,26,32211,1960,0,13,0,0,0,LEADER,1,0,0,0,0,12
33802,42,adaptive-prasle,1591,1,0,0,12,0,168,0,1,42,32211,1591,0,13,0,0,0,LEADER,1,0,0,0,0,12
33809,31,adaptive-prasle,1598,1,0,0,12,0,168,0,1,31,32211,1598,0,13,0,0,0,LEADER,1,0,0,0,0,12
34566,94,adaptive-prasle,2355,1,0,0,12,0,168,0,1,94,32211,2355,0,13,0,0,0,LEADER,1,0,0,0,0,12
34136,45,adaptive-prasle,1925,1,0,0,12,0,168,0,1,45,32211,1925,0,13,0,0,0,LEADER,1,0,0,0,0,12
34509,60,adaptive-prasle,2298,1,0,0,12,0,168,0,1,60,32211,2298,0,13,0,0,0,LEADER,1,0,0,0,0,12
34615,44,adaptive-prasle,1483,1,0,0,13,0,182,0,1,44,33132,1483,0,14,0,0,0,LEADER,1,0,0,0,0,13
34218,33,adaptive-prasle,2007,1,0,0,12,0,168,0,1,33,32211,2007,0,13,0,0,0,LEADER,1,0,0,0,0,12
33863,51,adaptive-prasle,1652,1,0,0,12,0,168,0,1,51,32211,1652,0,13,0,0,0,LEADER,1,0,0,0,0,12
34373,72,adaptive-prasle,2162,1,0,0,12,0,168,0,1,72,32211,2162,0,13,0,0,0,LEADER,1,0,0,0,0,12
34663,22,adaptive-prasle,1531,1,0,0,13,0,182,0,1,22,33132,1531,0,14,0,0,0,LEADER,1,0,0,0,0,13
34163,24,adaptive-prasle,1952,1,0,0,12,0,168,0,1,24,32211,1952,0,13,0,0,0,LEADER,1,0,0,0,0,12
34696,32,adaptive-prasle,1564,1,0,0,13,0,182,0,1,32,33132,1564,0,14,0,0,0,LEADER,1,0,0,0,0,13
33882,93,adaptive-prasle,1671,1,0,0,12,0,168,0,1,93,32211,1671,0,13,0,0,0,LEADER,1,0,0,0,0,12
34554,69,adaptive-prasle,2343,1,0,0,12,0,168,0,1,69,32211,2343,0,13,0,0,0,LEADER,1,0,0,0,0,12
34541,79,adaptive-prasle,2331,1,0,0,12,0,168,0,1,79,32210,2331,0,13,0,0,0,LEADER,1,0,0,0,0,12
34236,75,adaptive-prasle,2025,1,0,0,12,0,168,0,1,75,32211,2025,0,13,0,0,0,LEADER,1,0,0,0,0,12
33963,81,adaptive-prasle,1752,1,0,0,12,0,168,0,1,81,32211,1752,0,13,0,0,0,LEADER,1,0,0,0,0,12
33821,52,adaptive-prasle,1610,1,0,0,12,0,168,0,1,52,32211,1610,0,13,0,0,0,LEADER,1,0,0,0,0,12
34299,21,adaptive-prasle,2088,1,0,0,12,0,168,0,1,21,32211,2088,0,13,0,0,0,LEADER,1,0,0,0,0,12
34476,29,adaptive-prasle,2265,1,0,0,12,0,168,0,1,29,32211,2265,0,13,0,0,0,LEADER,1,0,0,0,0,12
34052,100,adaptive-prasle,1841,1,0,0,12,0,168,0,1,100,32211,1841,0,13,0,0,0,LEADER,1,0,0,0,0,12
33897,61,adaptive-prasle,1686,1,0,0,12,0,168,0,1,61,32211,1686,0,13,0,0,0,LEADER,1,0,0,0,0,12
34461,91,adaptive-prasle,2250,1,0,0,12,0,168,0,1,91,32211,2250,0,13,0,0,0,LEADER,1,0,0,0,0,12
34421,37,adaptive-prasle,2210,1,0,0,12,0,168,0,1,37,32211,2210,0,13,0,0,0,LEADER,1,0,0,0,0,12
33966,38,adaptive-prasle,1755,1,0,0,12,0,168,0,1,38,32211,1755,0,13,0,0,0,LEADER,1,0,0,0,0,12
34630,98,adaptive-prasle,2419,1,0,0,12,0,168,0,1,98,32211,2419,0,13,0,0,0,LEADER,1,0,0,0,0,12
34490,27,adaptive-prasle,2280,1,0,0,12,0,168,0,1,27,32210,2280,0,13,0,0,0,LEADER,1,0,0,0,0,12
34339,62,adaptive-prasle,2128,1,0,0,12,0,168,0,1,62,32211,2128,0,13,0,0,0,LEADER,1,0,0,0,0,12
34148,56,adaptive-prasle,1937,1,0,0,12,0,168,0,1,56,32211,1937,0,13,0,0,0,LEADER,1,0,0,0,0,12
34536,99,adaptive-prasle,2328,1,0,0,12,0,168,0,1,99,32208,2328,0,13,0,0,0,LEADER,1,0,0,0,0,12
34413,48,adaptive-prasle,2202,1,0,0,12,0,168,0,1,48,32211,2202,0,13,0,0,0,LEADER,1,0,0,0,0,12
34521,7,adaptive-prasle,1749,1,0,0,6,11,84,154,2,7,32772,1749,0,3,0,0,0,LEADER,1,0,0,0,0,6
33930,71,adaptive-prasle,1719,1,0,0,12,0,168,0,1,71,32211,1719,0,13,0,0,0,LEADER,1,0,0,0,0,12
34155,87,adaptive-prasle,1944,1,0,0,12,0,168,0,1,87,32211,1944,0,13,0,0,0,LEADER,1,0,0,0,0,12
34081,36,adaptive-prasle,1870,1,0,0,12,0,168,0,1,36,32211,1870,0,13,0,0,0,LEADER,1,0,0,0,0,12
34578,77,adaptive-prasle,1446,1,0,0,13,0,182,0,1,77,33132,1446,0,14,0,0,0,LEADER,1,0,0,0,0,13
34769,83,adaptive-prasle,1637,1,0,0,13,0,182,0,1,83,33132,1637,0,14,0,0,0,LEADER,1,0,0,0,0,13
34270,85,adaptive-prasle,2059,1,0,0,12,0,168,0,1,85,32211,2059,0,13,0,0,0,LEADER,1,0,0,0,0,12
34799,19,adaptive-prasle,1667,1,0,0,13,0,182,0,1,19,33132,1667,0,14,0,0,0,LEADER,1,0,0,0,0,13
34954,65,adaptive-prasle,1822,1,0,0,13,0,182,0,1,65,33132,1822,0,14,0,0,0,LEADER,1,0,0,0,0,13
34560,35,adaptive-prasle,1428,1,0,0,13,0,182,0,1,35,33132,1428,0,14,0,0,0,LEADER,1,0,0,0,0,13
34575,86,adaptive-prasle,1443,1,0,0,13,0,182,0,1,86,33132,1443,0,14,0,0,0,LEADER,1,0,0,0,0,13
34617,50,adaptive-prasle,2406,1,0,0,12,0,168,0,1,50,32211,2406,0,13,0,0,0,LEADER,1,0,0,0,0,12
34633,55,adaptive-prasle,1501,1,0,0,13,0,182,0,1,55,33132,1501,0,14,0,0,0,LEADER,1,0,0,0,0,13
34672,63,adaptive-prasle,1540,1,0,0,13,0,182,0,1,63,33132,1540,0,14,0,0,0,LEADER,1,0,0,0,0,13
35036,46,adaptive-prasle,1904,1,0,0,13,0,182,0,1,46,33132,1904,0,14,0,0,0,LEADER,1,0,0,0,0,13
34833,53,adaptive-prasle,1701,1,0,0,13,0,182,0,1,53,33132,1701,0,14,0,0,0,LEADER,1,0,0,0,0,13
34185,23,adaptive-prasle,1974,1,0,0,12,0,168,0,1,23,32211,1974,0,13,0,0,0,LEADER,1,0,0,0,0,12
35054,88,adaptive-prasle,1922,1,0,0,13,0,182,0,1,88,33132,1922,0,14,0,0,0,LEADER,1,0,0,0,0,13
34581,34,adaptive-prasle,1449,1,0,0,13,0,182,0,1,34,33132,1449,0,14,0,0,0,LEADER,1,0,0,0,0,13
34188,97,adaptive-prasle,1977,1,0,0,12,0,168,0,1,97,32211,1977,0,13,0,0,0,LEADER,1,0,0,0,0,12
34306,20,adaptive-prasle,2095,1,0,0,12,0,168,0,1,20,32211,2095,0,13,0,0,0,LEADER,1,0,0,0,0,12
34388,40,adaptive-prasle,2177,1,0,0,12,0,168,0,1,40,32211,2177,0,13,0,0,0,LEADER,1,0,0,0,0,12
34311,47,adaptive-prasle,2100,1,0,0,12,0,168,0,1,47,32211,2100,0,13,0,0,0,LEADER,1,0,0,0,0,12
35224,95,adaptive-prasle,2092,1,0,0,13,0,182,0,1,95,33132,2092,0,14,0,0,0,LEADER,1,0,0,0,0,13
34606,25,adaptive-prasle,2395,1,0,0,12,0,168,0,1,25,32211,2395,0,13,0,0,0,LEADER,1,0,0,0,0,12
35212,84,adaptive-prasle,2080,1,0,0,13,0,182,0,1,84,33132,2080,0,14,0,0,0,LEADER,1,0,0,0,0,13
34488,70,adaptive-prasle,2277,1,0,0,12,0,168,0,1,70,32211,2277,0,13,0,0,0,LEADER,1,0,0,0,0,12
34406,82,adaptive-prasle,2195,1,0,0,12,0,168,0,1,82,32211,2195,0,13,0,0,0,LEADER,1,0,0,0,0,12
34624,67,adaptive-prasle,2413,1,0,0,12,0,168,0,1,67,32211,2413,0,13,0,0,0,LEADER,1,0,0,0,0,12
34576,89,adaptive-prasle,2365,1,0,0,12,0,168,0,1,89,32211,2365,0,13,0,0,0,LEADER,1,0,0,0,0,12
35245,28,adaptive-prasle,2113,1,0,0,13,0,182,0,1,28,33132,2113,0,14,0,0,0,LEADER,1,0,0,0,0,13
34987,68,adaptive-prasle,1855,1,0,0,13,0,182,0,1,68,33132,1855,0,14,0,0,0,LEADER,1,0,0,0,0,13
34939,90,adaptive-prasle,1807,1,0,0,13,0,182,0,1,90,33132,1807,0,14,0,0,0,LEADER,1,0,0,0,0,13
34600,76,adaptive-prasle,1468,1,0,0,13,0,182,0,1,76,33132,1468,0,14,0,0,0,LEADER,1,0,0,0,0,13
34921,10,adaptive-prasle,1789,1,0,0,13,0,182,0,1,10,33132,1789,0,14,0,0,0,LEADER,1,0,0,0,0,13
35353,58,adaptive-prasle,2221,1,0,0,13,0,182,0,1,58,33132,2221,0,14,0,0,0,LEADER,1,0,0,0,0,13
34736,73,adaptive-prasle,1604,1,0,0,13,0,182,0,1,73,33132,1604,0,14,0,0,0,LEADER,1,0,0,0,0,13
34476,59,adaptive-prasle,2265,1,0,0,12,0,168,0,1,59,32211,2265,0,13,0,0,0,LEADER,1,0,0,0,0,12
34751,41,adaptive-prasle,1619,1,0,0,13,0,182,0,1,41,33132,1619,0,14,0,0,0,LEADER,1,0,0,0,0,13
34666,96,adaptive-prasle,1534,1,0,0,13,0,182,0,1,96,33132,1534,0,14,0,0,0,LEADER,1,0,0,0,0,13
34899,49,adaptive-prasle,1767,1,0,0,13,0,182,0,1,49,33132,1767,0,14,0,0,0,LEADER,1,0,0,0,0,13
34968,74,adaptive-prasle,1837,1,0,0,13,0,182,0,1,74,33131,1837,0,14,0,0,0,LEADER,1,0,0,0,0,13
35360,92,adaptive-prasle,2228,1,0,0,13,0,182,0,1,92,33132,2228,0,14,0,0,0,LEADER,1,0,0,0,0,13
34566,66,adaptive-prasle,1434,1,0,0,13,0,182,0,1,66,33132,1434,0,14,0,0,0,LEADER,1,0,0,0,0,13
34591,57,adaptive-prasle,2380,1,0,0,12,0,168,0,1,57,32211,2380,0,13,0,0,0,LEADER,1,0,0,0,0,12
35392,78,adaptive-prasle,2260,1,0,0,13,0,182,0,1,78,33132,2260,0,14,0,0,0,LEADER,1,0,0,0,0,13
34557,39,adaptive-prasle,2346,1,0,0,12,0,168,0,1,39,32211,2346,0,13,0,0,0,LEADER,1,0,0,0,0,12
35275,30,adaptive-prasle,2143,1,0,0,13,0,182,0,1,30,33132,2143,0,14,0,0,0,LEADER,1,0,0,0,0,13
34681,64,adaptive-prasle,1549,1,0,0,13,0,182,0,1,64,33132,1549,0,14,0,0,0,LEADER,1,0,0,0,0,13
34906,80,adaptive-prasle,1774,1,0,0,13,0,182,0,1,80,33132,1774,0,14,0,0,0,LEADER,1,0,0,0,0,13
34647,54,adaptive-prasle,1516,1,0,0,13,0,182,0,1,54,33131,1516,0,14,0,0,0,LEADER,1,0,0,0,0,13
35172,43,adaptive-prasle,2040,1,0,0,13,0,182,0,1,43,33132,2040,0,14,0,0,0,LEADER,1,0,0,0,0,13
35092,26,adaptive-prasle,1960,1,0,0,13,0,182,0,1,26,33132,1960,0,14,0,0,0,LEADER,1,0,0,0,0,13
34722,42,adaptive-prasle,1591,1,0,0,13,0,182,0,1,42,33131,1591,0,14,0,0,0,LEADER,1,0,0,0,0,13
34730,31,adaptive-prasle,1598,1,0,0,13,0,182,0,1,31,33132,1598,0,14,0,0,0,LEADER,1,0,0,0,0,13
35487,94,adaptive-prasle,2355,1,0,0,13,0,182,0,1,94,33132,2355,0,14,0,0,0,LEADER,1,0,0,0,0,13
35057,45,adaptive-prasle,1925,1,0,0,13,0,182,0,1,45,33132,1925,0,14,0,0,0,LEADER,1,0,0,0,0,13
35430,60,adaptive-prasle,2298,1,0,0,13,0,182,0,1,60,33132,2298,0,14,0,0,0,LEADER,1,0,0,0,0,13
35535,44,adaptive-prasle,1483,1,0,0,13,0,182,0,1,44,34052,1483,0,14,0,0,0,LEADER,1,0,0,0,0,13
35139,33,adaptive-prasle,2007,1,0,0,13,0,182,0,1,33,33132,2007,0,14,0,0,0,LEADER,1,0,0,0,0,13
34784,51,adaptive-prasle,1652,1,0,0,13,0,182,0,1,51,33132,1652,0,14,0,0,0,LEADER,1,0,0,0,0,13
35583,22,adaptive-prasle,1531,1,0,0,13,0,182,0,1,22,34052,1531,0,14,0,0,0,LEADER,1,0,0,0,0,13
35294,72,adaptive-prasle,2162,1,0,0,13,0,182,0,1,72,33132,2162,0,14,0,0,0,LEADER,1,0,0,0,0,13
35084,24,adaptive-prasle,1952,1,0,0,13,0,182,0,1,24,33132,1952,0,14,0,0,0,LEADER,1,0,0,0,0,13
35616,32,adaptive-prasle,1564,1,0,0,13,0,182,0,1,32,34052,1564,0,14,0,0,0,LEADER,1,0,0,0,0,13
34803,93,adaptive-prasle,1671,1,0,0,13,0,182,0,1,93,33132,1671,0,14,0,0,0,LEADER,1,0,0,0,0,13
35475,69,adaptive-prasle,2343,1,0,0,13,0,182,0,1,69,33132,2343,0,14,0,0,0,LEADER,1,0,0,0,0,13
35462,79,adaptive-prasle,2331,1,0,0,13,0,182,0,1,79,33131,2331,0,14,0,0,0,LEADER,1,0,0,0,0,13
35157,75,adaptive-prasle,2025,1,0,0,13,0,182,0,1,75,33132,2025,0,14,0,0,0,LEADER,1,0,0,0,0,13
34884,81,adaptive-prasle,1752,1,0,0,13,0,182,0,1,81,33132,1752,0,14,0,0,0,LEADER,1,0,0,0,0,13
34742,52,adaptive-prasle,1610,1,0,0,13,0,182,0,1,52,33132,1610,0,14,0,0,0,LEADER,1,0,0,0,0,13
34881,3,adaptive-prasle,1603,1,0,0,5,10,70,140,2,3,33278,1603,0,5,0,0,0,LEADER,1,0,0,0,0,5
35220,21,adaptive-prasle,2088,1,0,0,13,0,182,0,1,21,33132,2088,0,14,0,0,0,LEADER,1,0,0,0,0,13
35397,29,adaptive-prasle,2265,1,0,0,13,0,182,0,1,29,33132,2265,0,14,0,0,0,LEADER,1,0,0,0,0,13
34973,100,adaptive-prasle,1841,1,0,0,13,0,182,0,1,100,33132,1841,0,14,0,0,0,LEADER,1,0,0,0,0,13
34818,61,adaptive-prasle,1686,1,0,0,13,0,182,0,1,61,33132,1686,0,14,0,0,0,LEADER,1,0,0,0,0,13
35382,91,adaptive-prasle,2250,1,0,0,13,0,182,0,1,91,33132,2250,0,14,0,0,0,LEADER,1,0,0,0,0,13
35342,37,adaptive-prasle,2210,1,0,0,13,0,182,0,1,37,33132,2210,0,14,0,0,0,LEADER,1,0,0,0,0,13
34887,38,adaptive-prasle,1755,1,0,0,13,0,182,0,1,38,33132,1755,0,14,0,0,0,LEADER,1,0,0,0,0,13
35551,98,adaptive-prasle,2419,1,0,0,13,0,182,0,1,98,33132,2419,0,14,0,0,0,LEADER,1,0,0,0,0,13
35411,27,adaptive-prasle,2280,1,0,0,13,0,182,0,1,27,33131,2280,0,14,0,0,0,LEADER,1,0,0,0,0,13
35260,62,adaptive-prasle,2128,1,0,0,13,0,182,0,1,62,33132,2128,0,14,0,0,0,LEADER,1,0,0,0,0,13
35069,56,adaptive-prasle,1937,1,0,0,13,0,182,0,1,56,33132,1937,0,14,0,0,0,LEADER,1,0,0,0,0,13
35457,99,adaptive-prasle,2328,1,0,0,13,0,182,0,1,99,33129,2328,0,14,0,0,0,LEADER,1,0,0,0,0,13
35334,48,adaptive-prasle,2202,1,0,0,13,0,182,0,1,48,33132,2202,0,14,0,0,0,LEADER,1,0,0,0,0,13
34851,71,adaptive-prasle,1719,1,0,0,13,0,182,0,1,71,33132,1719,0,14,0,0,0,LEADER,1,0,0,0,0,13
35076,87,adaptive-prasle,1944,1,0,0,13,0,182,0,1,87,33132,1944,0,14,0,0,0,LEADER,1,0,0,0,0,13
35002,36,adaptive-prasle,1870,1,0,0,13,0,182,0,1,36,33132,1870,0,14,0,0,0,LEADER,1,0,0,0,0,13
35498,77,adaptive-prasle,1446,1,0,0,13,0,182,0,1,77,34052,1446,0,14,0,0,0,LEADER,1,0,0,0,0,13
35689,83,adaptive-prasle,1637,1,0,0,13,0,182,0,1,83,34052,1637,0,14,0,0,0,LEADER,1,0,0,0,0,13
35191,85,adaptive-prasle,2059,1,0,0,13,0,182,0,1,85,33132,2059,0,14,0,0,0,LEADER,1,0,0,0,0,13
35719,19,adaptive-prasle,1667,1,0,0,13,0,182,0,1,19,34052,1667,0,14,0,0,0,LEADER,1,0,0,0,0,13
35874,65,adaptive-prasle,1822,1,0,0,13,0,182,0,1,65,34052,1822,0,14,0,0,0,LEADER,1,0,0,0,0,13
35480,35,adaptive-prasle,1428,1,0,0,13,0,182,0,1,35,34052,1428,0,14,0,0,0,LEADER,1,0,0,0,0,13
35495,86,adaptive-prasle,1443,1,0,0,13,0,182,0,1,86,34052,1443,0,14,0,0,0,LEADER,1,0,0,0,0,13
35538,50,adaptive-prasle,2406,1,0,0,13,0,182,0,1,50,33132,2406,0,14,0,0,0,LEADER,1,0,0,0,0,13
35553,55,adaptive-prasle,1501,1,0,0,13,0,182,0,1,55,34052,1501,0,14,0,0,0,LEADER,1,0,0,0,0,13
35592,63,adaptive-prasle,1540,1,0,0,13,0,182,0,1,63,34052,1540,0,14,0,0,0,LEADER,1,0,0,0,0,13
35956,46,adaptive-prasle,1904,1,0,0,13,0,182,0,1,46,34052,1904,0,14,0,0,0,LEADER,1,0,0,0,0,13
35753,53,adaptive-prasle,1701,1,0,0,13,0,182,0,1,53,34052,1701,0,14,0,0,0,LEADER,1,0,0,0,0,13
35106,23,adaptive-prasle,1974,1,0,0,13,0,182,0,1,23,33132,1974,0,14,0,0,0,LEADER,1,0,0,0,0,13
35974,88,adaptive-prasle,1922,1,0,0,13,0,182,0,1,88,34052,1922,0,14,0,0,0,LEADER,1,0,0,0,0,13
35501,34,adaptive-prasle,1449,1,0,0,13,0,182,0,1,34,34052,1449,0,14,0,0,0,LEADER,1,0,0,0,0,13
35109,97,adaptive-prasle,1977,1,0,0,13,0,182,0,1,97,33132,1977,0,14,0,0,0,LEADER,1,0,0,0,0,13
35227,20,adaptive-prasle,2095,1,0,0,13,0,182,0,1,20,33132,2095,0,14,0,0,0,LEADER,1,0,0,0,0,13
35309,40,adaptive-prasle,2177,1,0,0,13,0,182,0,1,40,33132,2177,0,14,0,0,0,LEADER,1,0,0,0,0,13
35232,47,adaptive-prasle,2100,1,0,0,13,0,182,0,1,47,33132,2100,0,14,0,0,0,LEADER,1,0,0,0,0,13
36144,95,adaptive-prasle,2092,1,0,0,13,0,182,0,1,95,34052,2092,0,14,0,0,0,LEADER,1,0,0,0,0,13
35527,25,adaptive-prasle,2395,1,0,0,13,0,182,0,1,25,33132,2395,0,14,0,0,0,LEADER,1,0,0,0,0,13
36132,84,adaptive-prasle,2080,1,0,0,13,0,182,0,1,84,34052,2080,0,14,0,0,0,LEADER,1,0,0,0,0,13
35409,70,adaptive-prasle,2277,1,0,0,13,0,182,0,1,70,33132,2277,0,14,0,0,0,LEADER,1,0,0,0,0,13
35327,82,adaptive-prasle,2195,1,0,0,13,0,182,0,1,82,33132,2195,0,14,0,0,0,LEADER,1,0,0,0,0,13
36140,9,adaptive-prasle,1889,1,0,0,8,6,112,84,2,7,34251,1889,0,3,0,0,0,NORMAL,0,0,0,0,0,8
35545,67,adaptive-prasle,2413,1,0,0,13,0,182,0,1,67,33132,2413,0,14,0,0,0,LEADER,1,0,0,0,0,13
35497,89,adaptive-prasle,2365,1,0,0,13,0,182,0,1,89,33132,2365,0,14,0,0,0,LEADER,1,0,0,0,0,13
36165,28,adaptive-prasle,2113,1,0,0,13,0,182,0,1,28,34052,2113,0,14,0,0,0,LEADER,1,0,0,0,0,13
35907,68,adaptive-prasle,1855,1,0,0,13,0,182,0,1,68,34052,1855,0,14,0,0,0,LEADER,1,0,0,0,0,13
35859,90,adaptive-prasle,1807,1,0,0,13,0,182,0,1,90,34052,1807,0,14,0,0,0,LEADER,1,0,0,0,0,13
35520,76,adaptive-prasle,1468,1,0,0,13,0,182,0,1,76,34052,1468,0,14,0,0,0,LEADER,1,0,0,0,0,13
36273,58,adaptive-prasle,2221,1,0,0,13,0,182,0,1,58,34052,2221,0,14,0,0,0,LEADER,1,0,0,0,0,13
35841,10,adaptive-prasle,1789,1,0,0,13,0,182,0,1,10,34052,1789,0,14,0,0,0,LEADER,1,0,0,0,0,13
35656,73,adaptive-prasle,1604,1,0,0,13,0,182,0,1,73,34052,1604,0,14,0,0,0,LEADER,1,0,0,0,0,13
35397,59,adaptive-prasle,2265,1,0,0,13,0,182,0,1,59,33132,2265,0,14,0,0,0,LEADER,1,0,0,0,0,13
35671,41,adaptive-prasle,1619,1,0,0,13,0,182,0,1,41,34052,1619,0,14,0,0,0,LEADER,1,0,0,0,0,13
35586,96,adaptive-prasle,1534,1,0,0,13,0,182,0,1,96,34052,1534,0,14,0,0,0,LEADER,1,0,0,0,0,13
35819,49,adaptive-prasle,1767,1,0,0,13,0,182,0,1,49,34052,1767,0,14,0,0,0,LEADER,1,0,0,0,0,13
35888,74,adaptive-prasle,1837,1,0,0,13,0,182,0,1,74,34051,1837,0,14,0,0,0,LEADER,1,0,0,0,0,13
36280,92,adaptive-prasle,2228,1,0,0,13,0,182,0,1,92,34052,2228,0,14,0,0,0,LEADER,1,0,0,0,0,13
35486,66,adaptive-prasle,1434,1,0,0,13,0,182,0,1,66,34052,1434,0,14,0,0,0,LEADER,1,0,0,0,0,13
35512,57,adaptive-prasle,2380,1,0,0,13,0,182,0,1,57,33132,2380,0,14,0,0,0,LEADER,1,0,0,0,0,13
36312,78,adaptive-prasle,2260,1,0,0,13,0,182,0,1,78,34052,2260,0,14,0,0,0,LEADER,1,0,0,0,0,13
35478,39,adaptive-prasle,2346,1,0,0,13,0,182,0,1,39,33132,2346,0,14,0,0,0,LEADER,1,0,0,0,0,13
36195,30,adaptive-prasle,2143,1,0,0,13,0,182,0,1,30,34052,2143,0,14,0,0,0,LEADER,1,0,0,0,0,13
35601,64,adaptive-prasle,1549,1,0,0,13,0,182,0,1,64,34052,1549,0,14,0,0,0,LEADER,1,0,0,0,0,13
35826,80,adaptive-prasle,1774,1,0,0,13,0,182,0,1,80,34052,1774,0,14,0,0,0,LEADER,1,0,0,0,0,13
35567,54,adaptive-prasle,1516,1,0,0,13,0,182,0,1,54,34051,1516,0,14,0,0,0,LEADER,1,0,0,0,0,13
36092,43,adaptive-prasle,2040,1,0,0,13,0,182,0,1,43,34052,2040,0,14,0,0,0,LEADER,1,0,0,0,0,13
36012,26,adaptive-prasle,1960,1,0,0,13,0,182,0,1,26,34052,1960,0,14,0,0,0,LEADER,1,0,0,0,0,13
35642,42,adaptive-prasle,1591,1,0,0,13,0,182,0,1,42,34051,1591,0,14,0,0,0,LEADER,1,0,0,0,0,13
35650,31,adaptive-prasle,1598,1,0,0,13,0,182,0,1,31,34052,1598,0,14,0,0,0,LEADER,1,0,0,0,0,13
36407,94,adaptive-prasle,2355,1,0,0,13,0,182,0,1,94,34052,2355,0,14,0,0,0,LEADER,1,0,0,0,0,13
35977,45,adaptive-prasle,1925,1,0,0,13,0,182,0,1,45,34052,1925,0,14,0,0,0,LEADER,1,0,0,0,0,13
36350,60,adaptive-prasle,2298,1,0,0,13,0,182,0,1,60,34052,2298,0,14,0,0,0,LEADER,1,0,0,0,0,13
36455,44,adaptive-prasle,1483,1,0,0,13,0,182,0,1,44,34972,1483,0,14,0,0,0,LEADER,1,0,0,0,0,13
36059,33,adaptive-prasle,2007,1,0,0,13,0,182,0,1,33,34052,2007,0,14,0,0,0,LEADER,1,0,0,0,0,13
35704,51,adaptive-prasle,1652,1,0,0,13,0,182,0,1,51,34052,1652,0,14,0,0,0,LEADER,1,0,0,0,0,13
36503,22,adaptive-prasle,1531,1,0,0,13,0,182,0,1,22,34972,1531,0,14,0,0,0,LEADER,1,0,0,0,0,13
36214,72,adaptive-prasle,2162,1,0,0,13,0,182,0,1,72,34052,2162,0,14,0,0,0,LEADER,1,0,0,0,0,13
36004,24,adaptive-prasle,1952,1,0,0,13,0,182,0,1,24,34052,1952,0,14,0,0,0,LEADER,1,0,0,0,0,13
36536,32,adaptive-prasle,1564,1,0,0,13,0,182,0,1,32,34972,1564,0,14,0,0,0,LEADER,1,0,0,0,0,13
35723,93,adaptive-prasle,1671,1,0,0,13,0,182,0,1,93,34052,1671,0,14,0,0,0,LEADER,1,0,0,0,0,13
36395,69,adaptive-prasle,2343,1,0,0,13,0,182,0,1,69,34052,2343,0,14,0,0,0,LEADER,1,0,0,0,0,13
36382,79,adaptive-prasle,2331,1,0,0,13,0,182,0,1,79,34051,2331,0,14,0,0,0,LEADER,1,0,0,0,0,13
36077,75,adaptive-prasle,2025,1,0,0,13,0,182,0,1,75,34052,2025,0,14,0,0,0,LEADER,1,0,0,0,0,13
35804,81,adaptive-prasle,1752,1,0,0,13,0,182,0,1,81,34052,1752,0,14,0,0,0,LEADER,1,0,0,0,0,13
35662,52,adaptive-prasle,1610,1,0,0,13,0,182,0,1,52,34052,1610,0,14,0,0,0,LEADER,1,0,0,0,0,13
36140,21,adaptive-prasle,2088,1,0,0,13,0,182,0,1,21,34052,2088,0,14,0,0,0,LEADER,1,0,0,0,0,13
36317,29,adaptive-prasle,2265,1,0,0,13,0,182,0,1,29,34052,2265,0,14,0,0,0,LEADER,1,0,0,0,0,13
35893,100,adaptive-prasle,1841,1,0,0,13,0,182,0,1,100,34052,1841,0,14,0,0,0,LEADER,1,0,0,0,0,13
35738,61,adaptive-prasle,1686,1,0,0,13,0,182,0,1,61,34052,1686,0,14,0,0,0,LEADER,1,0,0,0,0,13
36302,91,adaptive-prasle,2250,1,0,0,13,0,182,0,1,91,34052,2250,0,14,0,0,0,LEADER,1,0,0,0,0,13
36262,37,adaptive-prasle,2210,1,0,0,13,0,182,0,1,37,34052,2210,0,14,0,0,0,LEADER,1,0,0,0,0,13
35807,38,adaptive-prasle,1755,1,0,0,13,0,182,0,1,38,34052,1755,0,14,0,0,0,LEADER,1,0,0,0,0,13
36471,98,adaptive-prasle,2419,1,0,0,13,0,182,0,1,98,34052,2419,0,14,0,0,0,LEADER,1,0,0,0,0,13
36331,27,adaptive-prasle,2280,1,0,0,13,0,182,0,1,27,34051,2280,0,14,0,0,0,LEADER,1,0,0,0,0,13
36180,62,adaptive-prasle,2128,1,0,0,13,0,182,0,1,62,34052,2128,0,14,0,0,0,LEADER,1,0,0,0,0,13
35989,56,adaptive-prasle,1937,1,0,0,13,0,182,0,1,56,34052,1937,0,14,0,0,0,LEADER,1,0,0,0,0,13
36377,99,adaptive-prasle,2328,1,0,0,13,0,182,0,1,99,34049,2328,0,14,0,0,0,LEADER,1,0,0,0,0,13
36254,48,adaptive-prasle,2202,1,0,0,13,0,182,0,1,48,34052,2202,0,14,0,0,0,LEADER,1,0,0,0,0,13
35771,71,adaptive-prasle,1719,1,0,0,13,0,182,0,1,71,34052,1719,0,14,0,0,0,LEADER,1,0,0,0,0,13
35996,87,adaptive-prasle,1944,1,0,0,13,0,182,0,1,87,34052,1944,0,14,0,0,0,LEADER,1,0,0,0,0,13
35922,36,adaptive-prasle,1870,1,0,0,13,0,182,0,1,36,34052,1870,0,14,0,0,0,LEADER,1,0,0,0,0,13
36418,77,adaptive-prasle,1446,1,0,0,13,0,182,0,1,77,34972,1446,0,14,0,0,0,LEADER,1,0,0,0,0,13
36609,83,adaptive-prasle,1637,1,0,0,13,0,182,0,1,83,34972,1637,0,14,0,0,0,LEADER,1,0,0,0,0,13
36111,85,adaptive-prasle,2059,1,0,0,13,0,182,0,1,85,34052,2059,0,14,0,0,0,LEADER,1,0,0,0,0,13
36639,19,adaptive-prasle,1667,1,0,0,13,0,182,0,1,19,34972,1667,0,14,0,0,0,LEADER,1,0,0,0,0,13
36794,65,adaptive-prasle,1822,1,0,0,13,0,182,0,1,65,34972,1822,0,14,0,0,0,LEADER,1,0,0,0,0,13
36400,35,adaptive-prasle,1428,1,0,0,13,0,182,0,1,35,34972,1428,0,14,0,0,0,LEADER,1,0,0,0,0,13
36415,86,adaptive-prasle,1443,1,0,0,13,0,182,0,1,86,34972,1443,0,14,0,0,0,LEADER,1,0,0,0,0,13
36458,50,adaptive-prasle,2406,1,0,0,13,0,182,0,1,50,34052,2406,0,14,0,0,0,LEADER,1,0,0,0,0,13
36473,55,adaptive-prasle,1501,1,0,0,13,0,182,0,1,55,34972,1501,0,14,0,0,0,LEADER,1,0,0,0,0,13
36512,63,adaptive-prasle,1540,1,0,0,13,0,182,0,1,63,34972,1540,0,14,0,0,0,LEADER,1,0,0,0,0,13
36876,46,adaptive-prasle,1904,1,0,0,13,0,182,0,1,46,34972,1904,0,14,0,0,0,LEADER,1,0,0,0,0,13
36673,53,adaptive-prasle,1701,1,0,0,13,0,182,0,1,53,34972,1701,0,14,0,0,0,LEADER,1,0,0,0,0,13
36026,23,adaptive-prasle,1974,1,0,0,13,0,182,0,1,23,34052,1974,0,14,0,0,0,LEADER,1,0,0,0,0,13
36894,88,adaptive-prasle,1922,1,0,0,13,0,182,0,1,88,34972,1922,0,14,0,0,0,LEADER,1,0,0,0,0,13
36421,34,adaptive-prasle,1449,1,0,0,13,0,182,0,1,34,34972,1449,0,14,0,0,0,LEADER,1,0,0,0,0,13
36029,97,adaptive-prasle,1977,1,0,0,13,0,182,0,1,97,34052,1977,0,14,0,0,0,LEADER,1,0,0,0,0,13
36147,20,adaptive-prasle,2095,1,0,0,13,0,182,0,1,20,34052,2095,0,14,0,0,0,LEADER,1,0,0,0,0,13
36229,40,adaptive-prasle,2177,1,0,0,13,0,182,0,1,40,34052,2177,0,14,0,0,0,LEADER,1,0,0,0,0,13
36152,47,adaptive-prasle,2100,1,0,0,13,0,182,0,1,47,34052,2100,0,14,0,0,0,LEADER,1,0,0,0,0,13
37064,95,adaptive-prasle,2092,1,0,0,13,0,182,0,1,95,34972,2092,0,14,0,0,0,LEADER,1,0,0,0,0,13
36447,25,adaptive-prasle,2395,1,0,0,13,0,182,0,1,25,34052,2395,0,14,0,0,0,LEADER,1,0,0,0,0,13
37052,84,adaptive-prasle,2080,1,0,0,13,0,182,0,1,84,34972,2080,0,14,0,0,0,LEADER,1,0,0,0,0,13
36329,70,adaptive-prasle,2277,1,0,0,13,0,182,0,1,70,34052,2277,0,14,0,0,0,LEADER,1,0,0,0,0,13
36247,82,adaptive-prasle,2195,1,0,0,13,0,182,0,1,82,34052,2195,0,14,0,0,0,LEADER,1,0,0,0,0,13
36465,67,adaptive-prasle,2413,1,0,0,13,0,182,0,1,67,34052,2413,0,14,0,0,0,LEADER,1,0,0,0,0,13
36417,89,adaptive-prasle,2365,1,0,0,13,0,182,0,1,89,34052,2365,0,14,0,0,0,LEADER,1,0,0,0,0,13
37085,28,adaptive-prasle,2113,1,0,0,13,0,182,0,1,28,34972,2113,0,14,0,0,0,LEADER,1,0,0,0,0,13
36827,68,adaptive-prasle,1855,1,0,0,13,0,182,0,1,68,34972,1855,0,14,0,0,0,LEADER,1,0,0,0,0,13
36779,90,adaptive-prasle,1807,1,0,0,13,0,182,0,1,90,34972,1807,0,14,0,0,0,LEADER,1,0,0,0,0,13
36440,76,adaptive-prasle,1468,1,0,0,13,0,182,0,1,76,34972,1468,0,14,0,0,0,LEADER,1,0,0,0,0,13
37193,58,adaptive-prasle,2221,1,0,0,13,0,182,0,1,58,34972,2221,0,14,0,0,0,LEADER,1,0,0,0,0,13
36761,10,adaptive-prasle,1789,1,0,0,13,0,182,0,1,10,34972,1789,0,14,0,0,0,LEADER,1,0,0,0,0,13
36576,73,adaptive-prasle,1604,1,0,0,13,0,182,0,1,73,34972,1604,0,14,0,0,0,LEADER,1,0,0,0,0,13
36317,59,adaptive-prasle,2265,1,0,0,13,0,182,0,1,59,34052,2265,0,14,0,0,0,LEADER,1,0,0,0,0,13
36591,41,adaptive-prasle,1619,1,0,0,13,0,182,0,1,41,34972,1619,0,14,0,0,0,LEADER,1,0,0,0,0,13
36506,96,adaptive-prasle,1534,1,0,0,13,0,182,0,1,96,34972,1534,0,14,0,0,0,LEADER,1,0,0,0,0,13
36739,49,adaptive-prasle,1767,1,0,0,13,0,182,0,1,49,34972,1767,0,14,0,0,0,LEADER,1,0,0,0,0,13
36808,74,adaptive-prasle,1837,1,0,0,13,0,182,0,1,74,34971,1837,0,14,0,0,0,LEADER,1,0,0,0,0,13
37200,92,adaptive-prasle,2228,1,0,0,13,0,182,0,1,92,34972,2228,0,14,0,0,0,LEADER,1,0,0,0,0,13
36406,66,adaptive-prasle,1434,1,0,0,13,0,182,0,1,66,34972,1434,0,14,0,0,0,LEADER,1,0,0,0,0,13
36432,57,adaptive-prasle,2380,1,0,0,13,0,182,0,1,57,34052,2380,0,14,0,0,0,LEADER,1,0,0,0,0,13
37232,78,adaptive-prasle,2260,1,0,0,13,0,182,0,1,78,34972,2260,0,14,0,0,0,LEADER,1,0,0,0,0,13
36398,39,adaptive-prasle,2346,1,0,0,13,0,182,0,1,39,34052,2346,0,14,0,0,0,LEADER,1,0,0,0,0,13
37115,30,adaptive-prasle,2143,1,0,0,13,0,182,0,1,30,34972,2143,0,14,0,0,0,LEADER,1,0,0,0,0,13
36521,64,adaptive-prasle,1549,1,0,0,13,0,182,0,1,64,34972,1549,0,14,0,0,0,LEADER,1,0,0,0,0,13
36746,80,adaptive-prasle,1774,1,0,0,13,0,182,0,1,80,34972,1774,0,14,0,0,0,LEADER,1,0,0,0,0,13
36487,54,adaptive-prasle,1516,1,0,0,13,0,182,0,1,54,34971,1516,0,14,0,0,0,LEADER,1,0,0,0,0,13
37012,43,adaptive-prasle,2040,1,0,0,13,0,182,0,1,43,34972,2040,0,14,0,0,0,LEADER,1,0,0,0,0,13
36932,26,adaptive-prasle,1960,1,0,0,13,0,182,0,1,26,34972,1960,0,14,0,0,0,LEADER,1,0,0,0,0,13
36562,42,adaptive-prasle,1591,1,0,0,13,0,182,0,1,42,34971,1591,0,14,0,0,0,LEADER,1,0,0,0,0,13
36570,31,adaptive-prasle,1598,1,0,0,13,0,182,0,1,31,34972,1598,0,14,0,0,0,LEADER,1,0,0,0,0,13
37327,94,adaptive-prasle,2355,1,0,0,13,0,182,0,1,94,34972,2355,0,14,0,0,0,LEADER,1,0,0,0,0,13
36897,45,adaptive-prasle,1925,1,0,0,13,0,182,0,1,45,34972,1925,0,14,0,0,0,LEADER,1,0,0,0,0,13
37270,60,adaptive-prasle,2298,1,0,0,13,0,182,0,1,60,34972,2298,0,14,0,0,0,LEADER,1,0,0,0,0,13
37376,44,adaptive-prasle,1483,1,0,0,14,0,196,0,1,44,35893,1483,0,15,0,0,0,LEADER,1,0,0,0,0,14
36979,33,adaptive-prasle,2007,1,0,0,13,0,182,0,1,33,34972,2007,0,14,0,0,0,LEADER,1,0,0,0,0,13
36624,51,adaptive-prasle,1652,1,0,0,13,0,182,0,1,51,34972,1652,0,14,0,0,0,LEADER,1,0,0,0,0,13
37134,72,adaptive-prasle,2162,1,0,0,13,0,182,0,1,72,34972,2162,0,14,0,0,0,LEADER,1,0,0,0,0,13
37424,22,adaptive-prasle,1531,1,0,0,14,0,196,0,1,22,35893,1531,0,15,0,0,0,LEADER,1,0,0,0,0,14
36924,24,adaptive-prasle,1952,1,0,0,13,0,182,0,1,24,34972,1952,0,14,0,0,0,LEADER,1,0,0,0,0,13
37457,32,adaptive-prasle,1564,1,0,0,14,0,196,0,1,32,35893,1564,0,15,0,0,0,LEADER,1,0,0,0,0,14
36643,93,adaptive-prasle,1671,1,0,0,13,0,182,0,1,93,34972,1671,0,14,0,0,0,LEADER,1,0,0,0,0,13
37315,69,adaptive-prasle,2343,1,0,0,13,0,182,0,1,69,34972,2343,0,14,0,0,0,LEADER,1,0,0,0,0,13
37302,79,adaptive-prasle,2331,1,0,0,13,0,182,0,1,79,34971,2331,0,14,0,0,0,LEADER,1,0,0,0,0,13
36997,75,adaptive-prasle,2025,1,0,0,13,0,182,0,1,75,34972,2025,0,14,0,0,0,LEADER,1,0,0,0,0,13
36724,81,adaptive-prasle,1752,1,0,0,13,0,182,0,1,81,34972,1752,0,14,0,0,0,LEADER,1,0,0,0,0,13
37380,11,adaptive-prasle,2055,1,0,0,6,4,84,56,3,1,35325,2055,0,5,0,0,0,NORMAL,0,0,0,0,0,6
36582,52,adaptive-prasle,1610,1,0,0,13,0,182,0,1,52,34972,1610,0,14,0,0,0,LEADER,1,0,0,0,0,13
37060,21,adaptive-prasle,2088,1,0,0,13,0,182,0,1,21,34972,2088,0,14,0,0,0,LEADER,1,0,0,0,0,13
37237,29,adaptive-prasle,2265,1,0,0,13,0,182,0,1,29,34972,2265,0,14,0,0,0,LEADER,1,0,0,0,0,13
36813,100,adaptive-prasle,1841,1,0,0,13,0,182,0,1,100,34972,1841,0,14,0,0,0,LEADER,1,0,0,0,0,13
36658,61,adaptive-prasle,1686,1,0,0,13,0,182,0,1,61,34972,1686,0,14,0,0,0,LEADER,1,0,0,0,0,13
37222,91,adaptive-prasle,2250,1,0,0,13,0,182,0,1,91,34972,2250,0,14,0,0,0,LEADER,1,0,0,0,0,13
37182,37,adaptive-prasle,2210,1,0,0,13,0,182,0,1,37,34972,2210,0,14,0,0,0,LEADER,1,0,0,0,0,13
36727,38,adaptive-prasle,1755,1,0,0,13,0,182,0,1,38,34972,1755,0,14,0,0,0,LEADER,1,0,0,0,0,13
37391,98,adaptive-prasle,2419,1,0,0,13,0,182,0,1,98,34972,2419,0,14,0,0,0,LEADER,1,0,0,0,0,13
37251,27,adaptive-prasle,2280,1,0,0,13,0,182,0,1,27,34971,2280,0,14,0,0,0,LEADER,1,0,0,0,0,13
37100,62,adaptive-prasle,2128,1,0,0,13,0,182,0,1,62,34972,2128,0,14,0,0,0,LEADER,1,0,0,0,0,13
36909,56,adaptive-prasle,1937,1,0,0,13,0,182,0,1,56,34972,1937,0,14,0,0,0,LEADER,1,0,0,0,0,13
37297,99,adaptive-prasle,2328,1,0,0,13,0,182,0,1,99,34969,2328,0,14,0,0,0,LEADER,1,0,0,0,0,13
37174,48,adaptive-prasle,2202,1,0,0,13,0,182,0,1,48,34972,2202,0,14,0,0,0,LEADER,1,0,0,0,0,13
36691,71,adaptive-prasle,1719,1,0,0,13,0,182,0,1,71,34972,1719,0,14,0,0,0,LEADER,1,0,0,0,0,13
36916,87,adaptive-prasle,1944,1,0,0,13,0,182,0,1,87,34972,1944,0,14,0,0,0,LEADER,1,0,0,0,0,13
36842,36,adaptive-prasle,1870,1,0,0,13,0,182,0,1,36,34972,1870,0,14,0,0,0,LEADER,1,0,0,0,0,13
37339,77,adaptive-prasle,1446,1,0,0,14,0,196,0,1,77,35893,1446,0,15,0,0,0,LEADER,1,0,0,0,0,14
37530,83,adaptive-prasle,1637,1,0,0,14,0,196,0,1,83,35893,1637,0,15,0,0,0,LEADER,1,0,0,0,0,14
37031,85,adaptive-prasle,2059,1,0,0,13,0,182,0,1,85,34972,2059,0,14,0,0,0,LEADER,1,0,0,0,0,13
37560,19,adaptive-prasle,1667,1,0,0,14,0,196,0,1,19,35893,1667,0,15,0,0,0,LEADER,1,0,0,0,0,14
37715,65,adaptive-prasle,1822,1,0,0,14,0,196,0,1,65,35893,1822,0,15,0,0,0,LEADER,1,0,0,0,0,14
37321,35,adaptive-prasle,1428,1,0,0,14,0,196,0,1,35,35893,1428,0,15,0,0,0,LEADER,1,0,0,0,0,14
37336,86,adaptive-prasle,1443,1,0,0,14,0,196,0,1,86,35893,1443,0,15,0,0,0,LEADER,1,0,0,0,0,14
37378,50,adaptive-prasle,2406,1,0,0,13,0,182,0,1,50,34972,2406,0,14,0,0,0,LEADER,1,0,0,0,0,13
37736,1,adaptive-prasle,2022,1,0,0,4,4,56,56,1,1,35714,2022,0,5,0,0,0,LEADER,1,0,0,0,0,4
37394,55,adaptive-prasle,1501,1,0,0,14,0,196,0,1,55,35893,1501,0,15,0,0,0,LEADER,1,0,0,0,0,14
37433,63,adaptive-prasle,1540,1,0,0,14,0,196,0,1,63,35893,1540,0,15,0,0,0,LEADER,1,0,0,0,0,14
37797,46,adaptive-prasle,1904,1,0,0,14,0,196,0,1,46,35893,1904,0,15,0,0,0,LEADER,1,0,0,0,0,14
37594,53,adaptive-prasle,1701,1,0,0,14,0,196,0,1,53,35893,1701,0,15,0,0,0,LEADER,1,0,0,0,0,14
36946,23,adaptive-prasle,1974,1,0,0,13,0,182,0,1,23,34972,1974,0,14,0,0,0,LEADER,1,0,0,0,0,13
37815,88,adaptive-prasle,1922,1,0,0,14,0,196,0,1,88,35893,1922,0,15,0,0,0,LEADER,1,0,0,0,0,14
37342,34,adaptive-prasle,1449,1,0,0,14,0,196,0,1,34,35893,1449,0,15,0,0,0,LEADER,1,0,0,0,0,14
36949,97,adaptive-prasle,1977,1,0,0,13,0,182,0,1,97,34972,1977,0,14,0,0,0,LEADER,1,0,0,0,0,13
37067,20,adaptive-prasle,2095,1,0,0,13,0,182,0,1,20,34972,2095,0,14,0,0,0,LEADER,1,0,0,0,0,13
37149,40,adaptive-prasle,2177,1,0,0,13,0,182,0,1,40,34972,2177,0,14,0,0,0,LEADER,1,0,0,0,0,13
37072,47,adaptive-prasle,2100,1,0,0,13,0,182,0,1,47,34972,2100,0,14,0,0,0,LEADER,1,0,0,0,0,13
37985,95,adaptive-prasle,2092,1,0,0,14,0,196,0,1,95,35893,2092,0,15,0,0,0,LEADER,1,0,0,0,0,14
37367,25,adaptive-prasle,2395,1,0,0,13,0,182,0,1,25,34972,2395,0,14,0,0,0,LEADER,1,0,0,0,0,13
37973,84,adaptive-prasle,2080,1,0,0,14,0,196,0,1,84,35893,2080,0,15,0,0,0,LEADER,1,0,0,0,0,14
37249,70,adaptive-prasle,2277,1,0,0,13,0,182,0,1,70,34972,2277,0,14,0,0,0,LEADER,1,0,0,0,0,13
37167,82,adaptive-prasle,2195,1,0,0,13,0,182,0,1,82,34972,2195,0,14,0,0,0,LEADER,1,0,0,0,0,13
37385,67,adaptive-prasle,2413,1,0,0,13,0,182,0,1,67,34972,2413,0,14,0,0,0,LEADER,1,0,0,0,0,13
37337,89,adaptive-prasle,2365,1,0,0,13,0,182,0,1,89,34972,2365,0,14,0,0,0,LEADER,1,0,0,0,0,13
38006,28,adaptive-prasle,2113,1,0,0,14,0,196,0,1,28,35893,2113,0,15,0,0,0,LEADER,1,0,0,0,0,14
37748,68,adaptive-prasle,1855,1,0,0,14,0,196,0,1,68,35893,1855,0,15,0,0,0,LEADER,1,0,0,0,0,14
37700,90,adaptive-prasle,1807,1,0,0,14,0,196,0,1,90,35893,1807,0,15,0,0,0,LEADER,1,0,0,0,0,14
37361,76,adaptive-prasle,1468,1,0,0,14,0,196,0,1,76,35893,1468,0,15,0,0,0,LEADER,1,0,0,0,0,14
37682,10,adaptive-prasle,1789,1,0,0,14,0,196,0,1,10,35893,1789,0,15,0,0,0,LEADER,1,0,0,0,0,14
38114,58,adaptive-prasle,2221,1,0,0,14,0,196,0,1,58,35893,2221,0,15,0,0,0,LEADER,1,0,0,0,0,14
37497,73,adaptive-prasle,1604,1,0,0,14,0,196,0,1,73,35893,1604,0,15,0,0,0,LEADER,1,0,0,0,0,14
37237,59,adaptive-prasle,2265,1,0,0,13,0,182,0,1,59,34972,2265,0,14,0,0,0,LEADER,1,0,0,0,0,13
37512,41,adaptive-prasle,1619,1,0,0,14,0,196,0,1,41,35893,1619,0,15,0,0,0,LEADER,1,0,0,0,0,14
37427,96,adaptive-prasle,1534,1,0,0,14,0,196,0,1,96,35893,1534,0,15,0,0,0,LEADER,1,0,0,0,0,14
37660,49,adaptive-prasle,1767,1,0,0,14,0,196,0,1,49,35893,1767,0,15,0,0,0,LEADER,1,0,0,0,0,14
37729,74,adaptive-prasle,1837,1,0,0,14,0,196,0,1,74,35892,1837,0,15,0,0,0,LEADER,1,0,0,0,0,14
38121,92,adaptive-prasle,2228,1,0,0,14,0,196,0,1,92,35893,2228,0,15,0,0,0,LEADER,1,0,0,0,0,14
37327,66,adaptive-prasle,1434,1,0,0,14,0,196,0,1,66,35893,1434,0,15,0,0,0,LEADER,1,0,0,0,0,14
37352,57,adaptive-prasle,2380,1,0,0,13,0,182,0,1,57,34972,2380,0,14,0,0,0,LEADER,1,0,0,0,0,13
38153,78,adaptive-prasle,2260,1,0,0,14,0,196,0,1,78,35893,2260,0,15,0,0,0,LEADER,1,0,0,0,0,14
37318,39,adaptive-prasle,2346,1,0,0,13,0,182,0,1,39,34972,2346,0,14,0,0,0,LEADER,1,0,0,0,0,13
38036,30,adaptive-prasle,2143,1,0,0,14,0,196,0,1,30,35893,2143,0,15,0,0,0,LEADER,1,0,0,0,0,14
37442,64,adaptive-prasle,1549,1,0,0,14,0,196,0,1,64,35893,1549,0,15,0,0,0,LEADER,1,0,0,0,0,14
37667,80,adaptive-prasle,1774,1,0,0,14,0,196,0,1,80,35893,1774,0,15,0,0,0,LEADER,1,0,0,0,0,14
37408,54,adaptive-prasle,1516,1,0,0,14,0,196,0,1,54,35892,1516,0,15,0,0,0,LEADER,1,0,0,0,0,14
37933,43,adaptive-prasle,2040,1,0,0,14,0,196,0,1,43,35893,2040,0,15,0,0,0,LEADER,1,0,0,0,0,14
37853,26,adaptive-prasle,1960,1,0,0,14,0,196,0,1,26,35893,1960,0,15,0,0,0,LEADER,1,0,0,0,0,14
37483,42,adaptive-prasle,1591,1,0,0,14,0,196,0,1,42,35892,1591,0,15,0,0,0,LEADER,1,0,0,0,0,14
37491,31,adaptive-prasle,1598,1,0,0,14,0,196,0,1,31,35893,1598,0,15,0,0,0,LEADER,1,0,0,0,0,14
38248,94,adaptive-prasle,2355,1,0,0,14,0,196,0,1,94,35893,2355,0,15,0,0,0,LEADER,1,0,0,0,0,14
37818,45,adaptive-prasle,1925,1,0,0,14,0,196,0,1,45,35893,1925,0,15,0,0,0,LEADER,1,0,0,0,0,14
38191,60,adaptive-prasle,2298,1,0,0,14,0,196,0,1,60,35893,2298,0,15,0,0,0,LEADER,1,0,0,0,0,14
38296,44,adaptive-prasle,1483,1,0,0,14,0,196,0,1,44,36813,1483,0,15,0,0,0,LEADER,1,0,0,0,0,14
37900,33,adaptive-prasle,2007,1,0,0,14,0,196,0,1,33,35893,2007,0,15,0,0,0,LEADER,1,0,0,0,0,14
37545,51,adaptive-prasle,1652,1,0,0,14,0,196,0,1,51,35893,1652,0,15,0,0,0,LEADER,1,0,0,0,0,14
38344,22,adaptive-prasle,1531,1,0,0,14,0,196,0,1,22,36813,1531,0,15,0,0,0,LEADER,1,0,0,0,0,14
38055,72,adaptive-prasle,2162,1,0,0,14,0,196,0,1,72,35893,2162,0,15,0,0,0,LEADER,1,0,0,0,0,14
37845,24,adaptive-prasle,1952,1,0,0,14,0,196,0,1,24,35893,1952,0,15,0,0,0,LEADER,1,0,0,0,0,14
38377,32,adaptive-prasle,1564,1,0,0,14,0,196,0,1,32,36813,1564,0,15,0,0,0,LEADER,1,0,0,0,0,14
37564,93,adaptive-prasle,1671,1,0,0,14,0,196,0,1,93,35893,1671,0,15,0,0,0,LEADER,1,0,0,0,0,14
38236,69,adaptive-prasle,2343,1,0,0,14,0,196,0,1,69,35893,2343,0,15,0,0,0,LEADER,1,0,0,0,0,14
38223,79,adaptive-prasle,2331,1,0,0,14,0,196,0,1,79,35892,2331,0,15,0,0,0,LEADER,1,0,0,0,0,14
37918,75,adaptive-prasle,2025,1,0,0,14,0,196,0,1,75,35893,2025,0,15,0,0,0,LEADER,1,0,0,0,0,14
37645,81,adaptive-prasle,1752,1,0,0,14,0,196,0,1,81,35893,1752,0,15,0,0,0,LEADER,1,0,0,0,0,14
37503,52,adaptive-prasle,1610,1,0,0,14,0,196,0,1,52,35893,1610,0,15,0,0,0,LEADER,1,0,0,0,0,14
37981,21,adaptive-prasle,2088,1,0,0,14,0,196,0,1,21,35893,2088,0,15,0,0,0,LEADER,1,0,0,0,0,14
38398,12,adaptive-prasle,1578,1,0,0,4,4,56,56,2,1,36820,1578,0,3,0,0,0,NORMAL,0,0,0,0,0,4
38158,29,adaptive-prasle,2265,1,0,0,14,0,196,0,1,29,35893,2265,0,15,0,0,0,LEADER,1,0,0,0,0,14
37734,100,adaptive-prasle,1841,1,0,0,14,0,196,0,1,100,35893,1841,0,15,0,0,0,LEADER,1,0,0,0,0,14
37579,61,adaptive-prasle,1686,1,0,0,14,0,196,0,1,61,35893,1686,0,15,0,0,0,LEADER,1,0,0,0,0,14
38143,91,adaptive-prasle,2250,1,0,0,14,0,196,0,1,91,35893,2250,0,15,0,0,0,LEADER,1,0,0,0,0,14
38103,37,adaptive-prasle,2210,1,0,0,14,0,196,0,1,37,35893,2210,0,15,0,0,0,LEADER,1,0,0,0,0,14
37648,38,adaptive-prasle,1755,1,0,0,14,0,196,0,1,38,35893,1755,0,15,0,0,0,LEADER,1,0,0,0,0,14
38312,98,adaptive-prasle,2419,1,0,0,14,0,196,0,1,98,35893,2419,0,15,0,0,0,LEADER,1,0,0,0,0,14
38172,27,adaptive-prasle,2280,1,0,0,14,0,196,0,1,27,35892,2280,0,15,0,0,0,LEADER,1,0,0,0,0,14
38021,62,adaptive-prasle,2128,1,0,0,14,0,196,0,1,62,35893,2128,0,15,0,0,0,LEADER,1,0,0,0,0,14
37830,56,adaptive-prasle,1937,1,0,0,14,0,196,0,1,56,35893,1937,0,15,0,0,0,LEADER,1,0,0,0,0,14
38218,99,adaptive-prasle,2328,1,0,0,14,0,196,0,1,99,35890,2328,0,15,0,0,0,LEADER,1,0,0,0,0,14
38095,48,adaptive-prasle,2202,1,0,0,14,0,196,0,1,48,35893,2202,0,15,0,0,0,LEADER,1,0,0,0,0,14
37612,71,adaptive-prasle,1719,1,0,0,14,0,196,0,1,71,35893,1719,0,15,0,0,0,LEADER,1,0,0,0,0,14
37837,87,adaptive-prasle,1944,1,0,0,14,0,196,0,1,87,35893,1944,0,15,0,0,0,LEADER,1,0,0,0,0,14
37763,36,adaptive-prasle,1870,1,0,0,14,0,196,0,1,36,35893,1870,0,15,0,0,0,LEADER,1,0,0,0,0,14
38259,77,adaptive-prasle,1446,1,0,0,14,0,196,0,1,77,36813,1446,0,15,0,0,0,LEADER,1,0,0,0,0,14
38450,83,adaptive-prasle,1637,1,0,0,14,0,196,0,1,83,36813,1637,0,15,0,0,0,LEADER,1,0,0,0,0,14
37952,85,adaptive-prasle,2059,1,0,0,14,0,196,0,1,85,35893,2059,0,15,0,0,0,LEADER,1,0,0,0,0,14
38480,19,adaptive-prasle,1667,1,0,0,14,0,196,0,1,19,36813,1667,0,15,0,0,0,LEADER,1,0,0,0,0,14
38635,65,adaptive-prasle,1822,1,0,0,14,0,196,0,1,65,36813,1822,0,15,0,0,0,LEADER,1,0,0,0,0,14
38241,35,adaptive-prasle,1428,1,0,0,14,0,196,0,1,35,36813,1428,0,15,0,0,0,LEADER,1,0,0,0,0,14
38256,86,adaptive-prasle,1443,1,0,0,14,0,196,0,1,86,36813,1443,0,15,0,0,0,LEADER,1,0,0,0,0,14
38114,4,adaptive-prasle,2030,1,0,0,6,12,84,168,3,4,36084,2030,0,4,0,0,0,LEADER,1,0,0,0,0,6
38299,50,adaptive-prasle,2406,1,0,0,14,0,196,0,1,50,35893,2406,0,15,0,0,0,LEADER,1,0,0,0,0,14
38314,55,adaptive-prasle,1501,1,0,0,14,0,196,0,1,55,36813,1501,0,15,0,0,0,LEADER,1,0,0,0,0,14
38353,63,adaptive-prasle,1540,1,0,0,14,0,196,0,1,63,36813,1540,0,15,0,0,0,LEADER,1,0,0,0,0,14
38717,46,adaptive-prasle,1904,1,0,0,14,0,196,0,1,46,36813,1904,0,15,0,0,0,LEADER,1,0,0,0,0,14
38514,53,adaptive-prasle,1701,1,0,0,14,0,196,0,1,53,36813,1701,0,15,0,0,0,LEADER,1,0,0,0,0,14
37867,23,adaptive-prasle,1974,1,0,0,14,0,196,0,1,23,35893,1974,0,15,0,0,0,LEADER,1,0,0,0,0,14
38735,88,adaptive-prasle,1922,1,0,0,14,0,196,0,1,88,36813,1922,0,15,0,0,0,LEADER,1,0,0,0,0,14
38262,34,adaptive-prasle,1449,1,0,0,14,0,196,0,1,34,36813,1449,0,15,0,0,0,LEADER,1,0,0,0,0,14
37870,97,adaptive-prasle,1977,1,0,0,14,0,196,0,1,97,35893,1977,0,15,0,0,0,LEADER,1,0,0,0,0,14
37988,20,adaptive-prasle,2095,1,0,0,14,0,196,0,1,20,35893,2095,0,15,0,0,0,LEADER,1,0,0,0,0,14
38070,40,adaptive-prasle,2177,1,0,0,14,0,196,0,1,40,35893,2177,0,15,0,0,0,LEADER,1,0,0,0,0,14
37993,47,adaptive-prasle,2100,1,0,0,14,0,196,0,1,47,35893,2100,0,15,0,0,0,LEADER,1,0,0,0,0,14
38905,95,adaptive-prasle,2092,1,0,0,14,0,196,0,1,95,36813,2092,0,15,0,0,0,LEADER,1,0,0,0,0,14
38288,25,adaptive-prasle,2395,1,0,0,14,0,196,0,1,25,35893,2395,0,15,0,0,0,LEADER,1,0,0,0,0,14
38893,84,adaptive-prasle,2080,1,0,0,14,0,196,0,1,84,36813,2080,0,15,0,0,0,LEADER,1,0,0,0,0,14
38170,70,adaptive-prasle,2277,1,0,0,14,0,196,0,1,70,35893,2277,0,15,0,0,0,LEADER,1,0,0,0,0,14
38088,82,adaptive-prasle,2195,1,0,0,14,0,196,0,1,82,35893,2195,0,15,0,0,0,LEADER,1,0,0,0,0,14
38306,67,adaptive-prasle,2413,1,0,0,14,0,196,0,1,67,35893,2413,0,15,0,0,0,LEADER,1,0,0,0,0,14
38258,89,adaptive-prasle,2365,1,0,0,14,0,196,0,1,89,35893,2365,0,15,0,0,0,LEADER,1,0,0,0,0,14
38926,28,adaptive-prasle,2113,1,0,0,14,0,196,0,1,28,36813,2113,0,15,0,0,0,LEADER,1,0,0,0,0,14
38668,68,adaptive-prasle,1855,1,0,0,14,0,196,0,1,68,36813,1855,0,15,0,0,0,LEADER,1,0,0,0,0,14
38620,90,adaptive-prasle,1807,1,0,0,14,0,196,0,1,90,36813,1807,0,15,0,0,0,LEADER,1,0,0,0,0,14
38281,76,adaptive-prasle,1468,1,0,0,14,0,196,0,1,76,36813,1468,0,15,0,0,0,LEADER,1,0,0,0,0,14
38602,10,adaptive-prasle,1789,1,0,0,14,0,196,0,1,10,36813,1789,0,15,0,0,0,LEADER,1,0,0,0,0,14
39034,58,adaptive-prasle,2221,1,0,0,14,0,196,0,1,58,36813,2221,0,15,0,0,0,LEADER,1,0,0,0,0,14
38417,73,adaptive-prasle,1604,1,0,0,14,0,196,0,1,73,36813,1604,0,15,0,0,0,LEADER,1,0,0,0,0,14
38158,59,adaptive-prasle,2265,1,0,0,14,0,196,0,1,59,35893,2265,0,15,0,0,0,LEADER,1,0,0,0,0,14
38432,41,adaptive-prasle,1619,1,0,0,14,0,196,0,1,41,36813,1619,0,15,0,0,0,LEADER,1,0,0,0,0,14
38347,96,adaptive-prasle,1534,1,0,0,14,0,196,0,1,96,36813,1534,0,15,0,0,0,LEADER,1,0,0,0,0,14
38580,49,adaptive-prasle,1767,1,0,0,14,0,196,0,1,49,36813,1767,0,15,0,0,0,LEADER,1,0,0,0,0,14
38649,74,adaptive-prasle,1837,1,0,0,14,0,196,0,1,74,36812,1837,0,15,0,0,0,LEADER,1,0,0,0,0,14
39041,92,adaptive-prasle,2228,1,0,0,14,0,196,0,1,92,36813,2228,0,15,0,0,0,LEADER,1,0,0,0,0,14
38247,66,adaptive-prasle,1434,1,0,0,14,0,196,0,1,66,36813,1434,0,15,0,0,0,LEADER,1,0,0,0,0,14
38273,57,adaptive-prasle,2380,1,0,0,14,0,196,0,1,57,35893,2380,0,15,0,0,0,LEADER,1,0,0,0,0,14
39073,78,adaptive-prasle,2260,1,0,0,14,0,196,0,1,78,36813,2260,0,15,0,0,0,LEADER,1,0,0,0,0,14
38239,39,adaptive-prasle,2346,1,0,0,14,0,196,0,1,39,35893,2346,0,15,0,0,0,LEADER,1,0,0,0,0,14
38956,30,adaptive-prasle,2143,1,0,0,14,0,196,0,1,30,36813,2143,0,15,0,0,0,LEADER,1,0,0,0,0,14
38362,64,adaptive-prasle,1549,1,0,0,14,0,196,0,1,64,36813,1549,0,15,0,0,0,LEADER,1,0,0,0,0,14
38587,80,adaptive-prasle,1774,1,0,0,14,0,196,0,1,80,36813,1774,0,15,0,0,0,LEADER,1,0,0,0,0,14
38328,54,adaptive-prasle,1516,1,0,0,14,0,196,0,1,54,36812,1516,0,15,0,0,0,LEADER,1,0,0,0,0,14
38853,43,adaptive-prasle,2040,1,0,0,14,0,196,0,1,43,36813,2040,0,15,0,0,0,LEADER,1,0,0,0,0,14
38773,26,adaptive-prasle,1960,1,0,0,14,0,196,0,1,26,36813,1960,0,15,0,0,0,LEADER,1,0,0,0,0,14
38403,42,adaptive-prasle,1591,1,0,0,14,0,196,0,1,42,36812,1591,0,15,0,0,0,LEADER,1,0,0,0,0,14
38411,31,adaptive-prasle,1598,1,0,0,14,0,196,0,1,31,36813,1598,0,15,0,0,0,LEADER,1,0,0,0,0,14
39168,94,adaptive-prasle,2355,1,0,0,14,0,196,0,1,94,36813,2355,0,15,0,0,0,LEADER,1,0,0,0,0,14
38738,45,adaptive-prasle,1925,1,0,0,14,0,196,0,1,45,36813,1925,0,15,0,0,0,LEADER,1,0,0,0,0,14
39111,60,adaptive-prasle,2298,1,0,0,14,0,196,0,1,60,36813,2298,0,15,0,0,0,LEADER,1,0,0,0,0,14
39216,44,adaptive-prasle,1483,1,0,0,14,0,196,0,1,44,37733,1483,0,15,0,0,0,LEADER,1,0,0,0,0,14
38820,33,adaptive-prasle,2007,1,0,0,14,0,196,0,1,33,36813,2007,0,15,0,0,0,LEADER,1,0,0,0,0,14
38465,51,adaptive-prasle,1652,1,0,0,14,0,196,0,1,51,36813,1652,0,15,0,0,0,LEADER,1,0,0,0,0,14
39264,22,adaptive-prasle,1531,1,0,0,14,0,196,0,1,22,37733,1531,0,15,0,0,0,LEADER,1,0,0,0,0,14
38975,72,adaptive-prasle,2162,1,0,0,14,0,196,0,1,72,36813,2162,0,15,0,0,0,LEADER,1,0,0,0,0,14
38765,24,adaptive-prasle,1952,1,0,0,14,0,196,0,1,24,36813,1952,0,15,0,0,0,LEADER,1,0,0,0,0,14
39297,32,adaptive-prasle,1564,1,0,0,14,0,196,0,1,32,37733,1564,0,15,0,0,0,LEADER,1,0,0,0,0,14
38484,93,adaptive-prasle,1671,1,0,0,14,0,196,0,1,93,36813,1671,0,15,0,0,0,LEADER,1,0,0,0,0,14
39156,69,adaptive-prasle,2343,1,0,0,14,0,196,0,1,69,36813,2343,0,15,0,0,0,LEADER,1,0,0,0,0,14
39143,79,adaptive-prasle,2331,1,0,0,14,0,196,0,1,79,36812,2331,0,15,0,0,0,LEADER,1,0,0,0,0,14
38838,75,adaptive-prasle,2025,1,0,0,14,0,196,0,1,75,36813,2025,0,15,0,0,0,LEADER,1,0,0,0,0,14
38565,81,adaptive-prasle,1752,1,0,0,14,0,196,0,1,81,36813,1752,0,15,0,0,0,LEADER,1,0,0,0,0,14
38423,52,adaptive-prasle,1610,1,0,0,14,0,196,0,1,52,36813,1610,0,15,0,0,0,LEADER,1,0,0,0,0,14
39061,6,adaptive-prasle,1797,1,0,0,7,14,98,196,2,3,37264,1797,0,4,0,0,0,NORMAL,0,0,0,0,0,7
38901,21,adaptive-prasle,2088,1,0,0,14,0,196,0,1,21,36813,2088,0,15,0,0,0,LEADER,1,0,0,0,0,14
39078,29,adaptive-prasle,2265,1,0,0,14,0,196,0,1,29,36813,2265,0,15,0,0,0,LEADER,1,0,0,0,0,14
38654,100,adaptive-prasle,1841,1,0,0,14,0,196,0,1,100,36813,1841,0,15,0,0,0,LEADER,1,0,0,0,0,14
38499,61,adaptive-prasle,1686,1,0,0,14,0,196,0,1,61,36813,1686,0,15,0,0,0,LEADER,1,0,0,0,0,14
39063,91,adaptive-prasle,2250,1,0,0,14,0,196,0,1,91,36813,2250,0,15,0,0,0,LEADER,1,0,0,0,0,14
39023,37,adaptive-prasle,2210,1,0,0,14,0,196,0,1,37,36813,2210,0,15,0,0,0,LEADER,1,0,0,0,0,14
38568,38,adaptive-prasle,1755,1,0,0,14,0,196,0,1,38,36813,1755,0,15,0,0,0,LEADER,1,0,0,0,0,14
39232,98,adaptive-prasle,2419,1,0,0,14,0,196,0,1,98,36813,2419,0,15,0,0,0,LEADER,1,0,0,0,0,14
39092,27,adaptive-prasle,2280,1,0,0,14,0,196,0,1,27,36812,2280,0,15,0,0,0,LEADER,1,0,0,0,0,14
38941,62,adaptive-prasle,2128,1,0,0,14,0,196,0,1,62,36813,2128,0,15,0,0,0,LEADER,1,0,0,0,0,14
38750,56,adaptive-prasle,1937,1,0,0,14,0,196,0,1,56,36813,1937,0,15,0,0,0,LEADER,1,0,0,0,0,14
39138,99,adaptive-prasle,2328,1,0,0,14,0,196,0,1,99,36810,2328,0,15,0,0,0,LEADER,1,0,0,0,0,14
39015,48,adaptive-prasle,2202,1,0,0,14,0,196,0,1,48,36813,2202,0,15,0,0,0,LEADER,1,0,0,0,0,14
38532,71,adaptive-prasle,1719,1,0,0,14,0,196,0,1,71,36813,1719,0,15,0,0,0,LEADER,1,0,0,0,0,14
38757,87,adaptive-prasle,1944,1,0,0,14,0,196,0,1,87,36813,1944,0,15,0,0,0,LEADER,1,0,0,0,0,14
38683,36,adaptive-prasle,1870,1,0,0,14,0,196,0,1,36,36813,1870,0,15,0,0,0,LEADER,1,0,0,0,0,14
39179,77,adaptive-prasle,1446,1,0,0,14,0,196,0,1,77,37733,1446,0,15,0,0,0,LEADER,1,0,0,0,0,14
39370,83,adaptive-prasle,1637,1,0,0,14,0,196,0,1,83,37733,1637,0,15,0,0,0,LEADER,1,0,0,0,0,14
38872,85,adaptive-prasle,2059,1,0,0,14,0,196,0,1,85,36813,2059,0,15,0,0,0,LEADER,1,0,0,0,0,14
39400,19,adaptive-prasle,1667,1,0,0,14,0,196,0,1,19,37733,1667,0,15,0,0,0,LEADER,1,0,0,0,0,14
39555,65,adaptive-prasle,1822,1,0,0,14,0,196,0,1,65,37733,1822,0,15,0,0,0,LEADER,1,0,0,0,0,14
39161,35,adaptive-prasle,1428,1,0,0,14,0,196,0,1,35,37733,1428,0,15,0,0,0,LEADER,1,0,0,0,0,14
39176,86,adaptive-prasle,1443,1,0,0,14,0,196,0,1,86,37733,1443,0,15,0,0,0,LEADER,1,0,0,0,0,14
39219,50,adaptive-prasle,2406,1,0,0,14,0,196,0,1,50,36813,2406,0,15,0,0,0,LEADER,1,0,0,0,0,14
39234,55,adaptive-prasle,1501,1,0,0,14,0,196,0,1,55,37733,1501,0,15,0,0,0,LEADER,1,0,0,0,0,14
39273,63,adaptive-prasle,1540,1,0,0,14,0,196,0,1,63,37733,1540,0,15,0,0,0,LEADER,1,0,0,0,0,14
39637,46,adaptive-prasle,1904,1,0,0,14,0,196,0,1,46,37733,1904,0,15,0,0,0,LEADER,1,0,0,0,0,14
39434,53,adaptive-prasle,1701,1,0,0,14,0,196,0,1,53,37733,1701,0,15,0,0,0,LEADER,1,0,0,0,0,14
38787,23,adaptive-prasle,1974,1,0,0,14,0,196,0,1,23,36813,1974,0,15,0,0,0,LEADER,1,0,0,0,0,14
39655,88,adaptive-prasle,1922,1,0,0,14,0,196,0,1,88,37733,1922,0,15,0,0,0,LEADER,1,0,0,0,0,14
39182,34,adaptive-prasle,1449,1,0,0,14,0,196,0,1,34,37733,1449,0,15,0,0,0,LEADER,1,0,0,0,0,14
38790,97,adaptive-prasle,1977,1,0,0,14,0,196,0,1,97,36813,1977,0,15,0,0,0,LEADER,1,0,0,0,0,14
38908,20,adaptive-prasle,2095,1,0,0,14,0,196,0,1,20,36813,2095,0,15,0,0,0,LEADER,1,0,0,0,0,14
38990,40,adaptive-prasle,2177,1,0,0,14,0,196,0,1,40,36813,2177,0,15,0,0,0,LEADER,1,0,0,0,0,14
38913,47,adaptive-prasle,2100,1,0,0,14,0,196,0,1,47,36813,2100,0,15,0,0,0,LEADER,1,0,0,0,0,14
39825,95,adaptive-prasle,2092,1,0,0,14,0,196,0,1,95,37733,2092,0,15,0,0,0,LEADER,1,0,0,0,0,14
39208,25,adaptive-prasle,2395,1,0,0,14,0,196,0,1,25,36813,2395,0,15,0,0,0,LEADER,1,0,0,0,0,14
39813,84,adaptive-prasle,2080,1,0,0,14,0,196,0,1,84,37733,2080,0,15,0,0,0,LEADER,1,0,0,0,0,14
39090,70,adaptive-prasle,2277,1,0,0,14,0,196,0,1,70,36813,2277,0,15,0,0,0,LEADER,1,0,0,0,0,14
39008,82,adaptive-prasle,2195,1,0,0,14,0,196,0,1,82,36813,2195,0,15,0,0,0,LEADER,1,0,0,0,0,14
39226,67,adaptive-prasle,2413,1,0,0,14,0,196,0,1,67,36813,2413,0,15,0,0,0,LEADER,1,0,0,0,0,14
39178,89,adaptive-prasle,2365,1,0,0,14,0,196,0,1,89,36813,2365,0,15,0,0,0,LEADER,1,0,0,0,0,14
39846,28,adaptive-prasle,2113,1,0,0,14,0,196,0,1,28,37733,2113,0,15,0,0,0,LEADER,1,0,0,0,0,14
39588,68,adaptive-prasle,1855,1,0,0,14,0,196,0,1,68,37733,1855,0,15,0,0,0,LEADER,1,0,0,0,0,14
39512,17,adaptive-prasle,1782,1,0,0,6,7,84,98,2,7,37730,1782,0,3,0,0,0,NORMAL,0,0,0,0,0,6
39540,90,adaptive-prasle,1807,1,0,0,14,0,196,0,1,90,37733,1807,0,15,0,0,0,LEADER,1,0,0,0,0,14
39863,18,adaptive-prasle,2226,1,0,0,7,6,98,84,2,7,37637,2226,0,3,0,0,0,NORMAL,0,0,0,0,0,7
39201,76,adaptive-prasle,1468,1,0,0,14,0,196,0,1,76,37733,1468,0,15,0,0,0,LEADER,1,0,0,0,0,14
39522,10,adaptive-prasle,1789,1,0,0,14,0,196,0,1,10,37733,1789,0,15,0,0,0,LEADER,1,0,0,0,0,14
39954,58,adaptive-prasle,2221,1,0,0,14,0,196,0,1,58,37733,2221,0,15,0,0,0,LEADER,1,0,0,0,0,14
39337,73,adaptive-prasle,1604,1,0,0,14,0,196,0,1,73,37733,1604,0,15,0,0,0,LEADER,1,0,0,0,0,14
39078,59,adaptive-prasle,2265,1,0,0,14,0,196,0,1,59,36813,2265,0,15,0,0,0,LEADER,1,0,0,0,0,14
39352,41,adaptive-prasle,1619,1,0,0,14,0,196,0,1,41,37733,1619,0,15,0,0,0,LEADER,1,0,0,0,0,14
39267,96,adaptive-prasle,1534,1,0,0,14,0,196,0,1,96,37733,1534,0,15,0,0,0,LEADER,1,0,0,0,0,14
39500,49,adaptive-prasle,1767,1,0,0,14,0,196,0,1,49,37733,1767,0,15,0,0,0,LEADER,1,0,0,0,0,14
39569,74,adaptive-prasle,1837,1,0,0,14,0,196,0,1,74,37732,1837,0,15,0,0,0,LEADER,1,0,0,0,0,14
39961,92,adaptive-prasle,2228,1,0,0,14,0,196,0,1,92,37733,2228,0,15,0,0,0,LEADER,1,0,0,0,0,14
39167,66,adaptive-prasle,1434,1,0,0,14,0,196,0,1,66,37733,1434,0,15,0,0,0,LEADER,1,0,0,0,0,14
39193,57,adaptive-prasle,2380,1,0,0,14,0,196,0,1,57,36813,2380,0,15,0,0,0,LEADER,1,0,0,0,0,14
39993,78,adaptive-prasle,2260,1,0,0,14,0,196,0,1,78,37733,2260,0,15,0,0,0,LEADER,1,0,0,0,0,14
39159,39,adaptive-prasle,2346,1,0,0,14,0,196,0,1,39,36813,2346,0,15,0,0,0,LEADER,1,0,0,0,0,14
39876,30,adaptive-prasle,2143,1,0,0,14,0,196,0,1,30,37733,2143,0,15,0,0,0,LEADER,1,0,0,0,0,14
39282,64,adaptive-prasle,1549,1,0,0,14,0,196,0,1,64,37733,1549,0,15,0,0,0,LEADER,1,0,0,0,0,14
39507,80,adaptive-prasle,1774,1,0,0,14,0,196,0,1,80,37733,1774,0,15,0,0,0,LEADER,1,0,0,0,0,14
39248,54,adaptive-prasle,1516,1,0,0,14,0,196,0,1,54,37732,1516,0,15,0,0,0,LEADER,1,0,0,0,0,14
39773,43,adaptive-prasle,2040,1,0,0,14,0,196,0,1,43,37733,2040,0,15,0,0,0,LEADER,1,0,0,0,0,14
39693,26,adaptive-prasle,1960,1,0,0,14,0,196,0,1,26,37733,1960,0,15,0,0,0,LEADER,1,0,0,0,0,14
39323,42,adaptive-prasle,1591,1,0,0,14,0,196,0,1,42,37732,1591,0,15,0,0,0,LEADER,1,0,0,0,0,14
39331,31,adaptive-prasle,1598,1,0,0,14,0,196,0,1,31,37733,1598,0,15,0,0,0,LEADER,1,0,0,0,0,14
40088,94,adaptive-prasle,2355,1,0,0,14,0,196,0,1,94,37733,2355,0,15,0,0,0,LEADER,1,0,0,0,0,14
39658,45,adaptive-prasle,1925,1,0,0,14,0,196,0,1,45,37733,1925,0,15,0,0,0,LEADER,1,0,0,0,0,14
40031,60,adaptive-prasle,2298,1,0,0,14,0,196,0,1,60,37733,2298,0,15,0,0,0,LEADER,1,0,0,0,0,14
40137,44,adaptive-prasle,1483,1,0,0,15,0,210,0,1,44,38654,1483,0,16,0,0,0,LEADER,1,0,0,0,0,15
39740,33,adaptive-prasle,2007,1,0,0,14,0,196,0,1,33,37733,2007,0,15,0,0,0,LEADER,1,0,0,0,0,14
39385,51,adaptive-prasle,1652,1,0,0,14,0,196,0,1,51,37733,1652,0,15,0,0,0,LEADER,1,0,0,0,0,14
39895,72,adaptive-prasle,2162,1,0,0,14,0,196,0,1,72,37733,2162,0,15,0,0,0,LEADER,1,0,0,0,0,14
40185,22,adaptive-prasle,1531,1,0,0,15,0,210,0,1,22,38654,1531,0,16,0,0,0,LEADER,1,0,0,0,0,15
39685,24,adaptive-prasle,1952,1,0,0,14,0,196,0,1,24,37733,1952,0,15,0,0,0,LEADER,1,0,0,0,0,14
39898,5,adaptive-prasle,2338,1,0,0,7,13,98,182,4,3,37560,2338,0,5,0,0,0,NORMAL,0,0,0,0,0,7
40218,32,adaptive-prasle,1564,1,0,0,15,0,210,0,1,32,38654,1564,0,16,0,0,0,LEADER,1,0,0,0,0,15
39404,93,adaptive-prasle,1671,1,0,0,14,0,196,0,1,93,37733,1671,0,15,0,0,0,LEADER,1,0,0,0,0,14
40076,69,adaptive-prasle,2343,1,0,0,14,0,196,0,1,69,37733,2343,0,15,0,0,0,LEADER,1,0,0,0,0,14
40063,79,adaptive-prasle,2331,1,0,0,14,0,196,0,1,79,37732,2331,0,15,0,0,0,LEADER,1,0,0,0,0,14
39758,75,adaptive-prasle,2025,1,0,0,14,0,196,0,1,75,37733,2025,0,15,0,0,0,LEADER,1,0,0,0,0,14
39485,81,adaptive-prasle,1752,1,0,0,14,0,196,0,1,81,37733,1752,0,15,0,0,0,LEADER,1,0,0,0,0,14
39343,52,adaptive-prasle,1610,1,0,0,14,0,196,0,1,52,37733,1610,0,15,0,0,0,LEADER,1,0,0,0,0,14
39821,21,adaptive-prasle,2088,1,0,0,14,0,196,0,1,21,37733,2088,0,15,0,0,0,LEADER,1,0,0,0,0,14
39998,29,adaptive-prasle,2265,1,0,0,14,0,196,0,1,29,37733,2265,0,15,0,0,0,LEADER,1,0,0,0,0,14
39574,100,adaptive-prasle,1841,1,0,0,14,0,196,0,1,100,37733,1841,0,15,0,0,0,LEADER,1,0,0,0,0,14
39419,61,adaptive-prasle,1686,1,0,0,14,0,196,0,1,61,37733,1686,0,15,0,0,0,LEADER,1,0,0,0,0,14
39983,91,adaptive-prasle,2250,1,0,0,14,0,196,0,1,91,37733,2250,0,15,0,0,0,LEADER,1,0,0,0,0,14
39943,37,adaptive-prasle,2210,1,0,0,14,0,196,0,1,37,37733,2210,0,15,0,0,0,LEADER,1,0,0,0,0,14
39488,38,adaptive-prasle,1755,1,0,0,14,0,196,0,1,38,37733,1755,0,15,0,0,0,LEADER,1,0,0,0,0,14
40152,98,adaptive-prasle,2419,1,0,0,14,0,196,0,1,98,37733,2419,0,15,0,0,0,LEADER,1,0,0,0,0,14
40012,27,adaptive-prasle,2280,1,0,0,14,0,196,0,1,27,37732,2280,0,15,0,0,0,LEADER,1,0,0,0,0,14
39861,62,adaptive-prasle,2128,1,0,0,14,0,196,0,1,62,37733,2128,0,15,0,0,0,LEADER,1,0,0,0,0,14
39670,56,adaptive-prasle,1937,1,0,0,14,0,196,0,1,56,37733,1937,0,15,0,0,0,LEADER,1,0,0,0,0,14
40058,99,adaptive-prasle,2328,1,0,0,14,0,196,0,1,99,37730,2328,0,15,0,0,0,LEADER,1,0,0,0,0,14
39935,48,adaptive-prasle,2202,1,0,0,14,0,196,0,1,48,37733,2202,0,15,0,0,0,LEADER,1,0,0,0,0,14
39452,71,adaptive-prasle,1719,1,0,0,14,0,196,0,1,71,37733,1719,0,15,0,0,0,LEADER,1,0,0,0,0,14
39677,87,adaptive-prasle,1944,1,0,0,14,0,196,0,1,87,37733,1944,0,15,0,0,0,LEADER,1,0,0,0,0,14
39603,36,adaptive-prasle,1870,1,0,0,14,0,196,0,1,36,37733,1870,0,15,0,0,0,LEADER,1,0,0,0,0,14
40100,77,adaptive-prasle,1446,1,0,0,15,0,210,0,1,77,38654,1446,0,16,0,0,0,LEADER,1,0,0,0,0,15
40291,83,adaptive-prasle,1637,1,0,0,15,0,210,0,1,83,38654,1637,0,16,0,0,0,LEADER,1,0,0,0,0,15
39792,85,adaptive-prasle,2059,1,0,0,14,0,196,0,1,85,37733,2059,0,15,0,0,0,LEADER,1,0,0,0,0,14
40321,19,adaptive-prasle,1667,1,0,0,15,0,210,0,1,19,38654,1667,0,16,0,0,0,LEADER,1,0,0,0,0,15
40476,65,adaptive-prasle,1822,1,0,0,15,0,210,0,1,65,38654,1822,0,16,0,0,0,LEADER,1,0,0,0,0,15
40082,35,adaptive-prasle,1428,1,0,0,15,0,210,0,1,35,38654,1428,0,16,0,0,0,LEADER,1,0,0,0,0,15
40097,86,adaptive-prasle,1443,1,0,0,15,0,210,0,1,86,38654,1443,0,16,0,0,0,LEADER,1,0,0,0,0,15
40139,50,adaptive-prasle,2406,1,0,0,14,0,196,0,1,50,37733,2406,0,15,0,0,0,LEADER,1,0,0,0,0,14
40155,55,adaptive-prasle,1501,1,0,0,15,0,210,0,1,55,38654,1501,0,16,0,0,0,LEADER,1,0,0,0,0,15
40194,63,adaptive-prasle,1540,1,0,0,15,0,210,0,1,63,38654,1540,0,16,0,0,0,LEADER,1,0,0,0,0,15
40558,46,adaptive-prasle,1904,1,0,0,15,0,210,0,1,46,38654,1904,0,16,0,0,0,LEADER,1,0,0,0,0,15
40355,53,adaptive-prasle,1701,1,0,0,15,0,210,0,1,53,38654,1701,0,16,0,0,0,LEADER,1,0,0,0,0,15
39707,23,adaptive-prasle,1974,1,0,0,14,0,196,0,1,23,37733,1974,0,15,0,0,0,LEADER,1,0,0,0,0,14
40576,88,adaptive-prasle,1922,1,0,0,15,0,210,0,1,88,38654,1922,0,16,0,0,0,LEADER,1,0,0,0,0,15
40103,34,adaptive-prasle,1449,1,0,0,15,0,210,0,1,34,38654,1449,0,16,0,0,0,LEADER,1,0,0,0,0,15
39710,97,adaptive-prasle,1977,1,0,0,14,0,196,0,1,97,37733,1977,0,15,0,0,0,LEADER,1,0,0,0,0,14
39828,20,adaptive-prasle,2095,1,0,0,14,0,196,0,1,20,37733,2095,0,15,0,0,0,LEADER,1,0,0,0,0,14
39910,40,adaptive-prasle,2177,1,0,0,14,0,196,0,1,40,37733,2177,0,15,0,0,0,LEADER,1,0,0,0,0,14
39833,47,adaptive-prasle,2100,1,0,0,14,0,196,0,1,47,37733,2100,0,15,0,0,0,LEADER,1,0,0,0,0,14
40746,95,adaptive-prasle,2092,1,0,0,15,0,210,0,1,95,38654,2092,0,16,0,0,0,LEADER,1,0,0,0,0,15
40128,25,adaptive-prasle,2395,1,0,0,14,0,196,0,1,25,37733,2395,0,15,0,0,0,LEADER,1,0,0,0,0,14
40734,84,adaptive-prasle,2080,1,0,0,15,0,210,0,1,84,38654,2080,0,16,0,0,0,LEADER,1,0,0,0,0,15
40010,70,adaptive-prasle,2277,1,0,0,14,0,196,0,1,70,37733,2277,0,15,0,0,0,LEADER,1,0,0,0,0,14
39928,82,adaptive-prasle,2195,1,0,0,14,0,196,0,1,82,37733,2195,0,15,0,0,0,LEADER,1,0,0,0,0,14
40146,67,adaptive-prasle,2413,1,0,0,14,0,196,0,1,67,37733,2413,0,15,0,0,0,LEADER,1,0,0,0,0,14
40098,89,adaptive-prasle,2365,1,0,0,14,0,196,0,1,89,37733,2365,0,15,0,0,0,LEADER,1,0,0,0,0,14
40767,28,adaptive-prasle,2113,1,0,0,15,0,210,0,1,28,38654,2113,0,16,0,0,0,LEADER,1,0,0,0,0,15
40509,68,adaptive-prasle,1855,1,0,0,15,0,210,0,1,68,38654,1855,0,16,0,0,0,LEADER,1,0,0,0,0,15
40461,90,adaptive-prasle,1807,1,0,0,15,0,210,0,1,90,38654,1807,0,16,0,0,0,LEADER,1,0,0,0,0,15
40122,76,adaptive-prasle,1468,1,0,0,15,0,210,0,1,76,38654,1468,0,16,0,0,0,LEADER,1,0,0,0,0,15
40443,10,adaptive-prasle,1789,1,0,0,15,0,210,0,1,10,38654,1789,0,16,0,0,0,LEADER,1,0,0,0,0,15
40875,58,adaptive-prasle,2221,1,0,0,15,0,210,0,1,58,38654,2221,0,16,0,0,0,LEADER,1,0,0,0,0,15
40258,73,adaptive-prasle,1604,1,0,0,15,0,210,0,1,73,38654,1604,0,16,0,0,0,LEADER,1,0,0,0,0,15
39998,59,adaptive-prasle,2265,1,0,0,14,0,196,0,1,59,37733,2265,0,15,0,0,0,LEADER,1,0,0,0,0,14
40273,41,adaptive-prasle,1619,1,0,0,15,0,210,0,1,41,38654,1619,0,16,0,0,0,LEADER,1,0,0,0,0,15
40188,96,adaptive-prasle,1534,1,0,0,15,0,210,0,1,96,38654,1534,0,16,0,0,0,LEADER,1,0,0,0,0,15
40421,49,adaptive-prasle,1767,1,0,0,15,0,210,0,1,49,38654,1767,0,16,0,0,0,LEADER,1,0,0,0,0,15
40490,74,adaptive-prasle,1837,1,0,0,15,0,210,0,1,74,38653,1837,0,16,0,0,0,LEADER,1,0,0,0,0,15
40882,92,adaptive-prasle,2228,1,0,0,15,0,210,0,1,92,38654,2228,0,16,0,0,0,LEADER,1,0,0,0,0,15
40088,66,adaptive-prasle,1434,1,0,0,15,0,210,0,1,66,38654,1434,0,16,0,0,0,LEADER,1,0,0,0,0,15
40113,57,adaptive-prasle,2380,1,0,0,14,0,196,0,1,57,37733,2380,0,15,0,0,0,LEADER,1,0,0,0,0,14
40914,78,adaptive-prasle,2260,1,0,0,15,0,210,0,1,78,38654,2260,0,16,0,0,0,LEADER,1,0,0,0,0,15
40079,39,adaptive-prasle,2346,1,0,0,14,0,196,0,1,39,37733,2346,0,15,0,0,0,LEADER,1,0,0,0,0,14
40797,30,adaptive-prasle,2143,1,0,0,15,0,210,0,1,30,38654,2143,0,16,0,0,0,LEADER,1,0,0,0,0,15
40203,64,adaptive-prasle,1549,1,0,0,15,0,210,0,1,64,38654,1549,0,16,0,0,0,LEADER,1,0,0,0,0,15
40428,80,adaptive-prasle,1774,1,0,0,15,0,210,0,1,80,38654,1774,0,16,0,0,0,LEADER,1,0,0,0,0,15
40169,54,adaptive-prasle,1516,1,0,0,15,0,210,0,1,54,38653,1516,0,16,0,0,0,LEADER,1,0,0,0,0,15
40694,43,adaptive-prasle,2040,1,0,0,15,0,210,0,1,43,38654,2040,0,16,0,0,0,LEADER,1,0,0,0,0,15
40614,26,adaptive-prasle,1960,1,0,0,15,0,210,0,1,26,38654,1960,0,16,0,0,0,LEADER,1,0,0,0,0,15
40244,42,adaptive-prasle,1591,1,0,0,15,0,210,0,1,42,38653,1591,0,16,0,0,0,LEADER,1,0,0,0,0,15
40252,31,adaptive-prasle,1598,1,0,0,15,0,210,0,1,31,38654,1598,0,16,0,0,0,LEADER,1,0,0,0,0,15
41009,94,adaptive-prasle,2355,1,0,0,15,0,210,0,1,94,38654,2355,0,16,0,0,0,LEADER,1,0,0,0,0,15
40579,45,adaptive-prasle,1925,1,0,0,15,0,210,0,1,45,38654,1925,0,16,0,0,0,LEADER,1,0,0,0,0,15
40952,60,adaptive-prasle,2298,1,0,0,15,0,210,0,1,60,38654,2298,0,16,0,0,0,LEADER,1,0,0,0,0,15
41057,44,adaptive-prasle,1483,1,0,0,15,0,210,0,1,44,39574,1483,0,16,0,0,0,LEADER,1,0,0,0,0,15
40661,33,adaptive-prasle,2007,1,0,0,15,0,210,0,1,33,38654,2007,0,16,0,0,0,LEADER,1,0,0,0,0,15
40306,51,adaptive-prasle,1652,1,0,0,15,0,210,0,1,51,38654,1652,0,16,0,0,0,LEADER,1,0,0,0,0,15
41105,22,adaptive-prasle,1531,1,0,0,15,0,210,0,1,22,39574,1531,0,16,0,0,0,LEADER,1,0,0,0,0,15
40816,72,adaptive-prasle,2162,1,0,0,15,0,210,0,1,72,38654,2162,0,16,0,0,0,LEADER,1,0,0,0,0,15
40606,24,adaptive-prasle,1952,1,0,0,15,0,210,0,1,24,38654,1952,0,16,0,0,0,LEADER,1,0,0,0,0,15
41138,32,adaptive-prasle,1564,1,0,0,15,0,210,0,1,32,39574,1564,0,16,0,0,0,LEADER,1,0,0,0,0,15
40325,93,adaptive-prasle,1671,1,0,0,15,0,210,0,1,93,38654,1671,0,16,0,0,0,LEADER,1,0,0,0,0,15
40997,69,adaptive-prasle,2343,1,0,0,15,0,210,0,1,69,38654,2343,0,16,0,0,0,LEADER,1,0,0,0,0,15
40984,79,adaptive-prasle,2331,1,0,0,15,0,210,0,1,79,38653,2331,0,16,0,0,0,LEADER,1,0,0,0,0,15
40495,8,adaptive-prasle,2217,1,0,0,6,15,84,210,3,5,38278,2217,0,4,0,0,0,NORMAL,0,0,0,0,0,6
40679,75,adaptive-prasle,2025,1,0,0,15,0,210,0,1,75,38654,2025,0,16,0,0,0,LEADER,1,0,0,0,0,15
40406,81,adaptive-prasle,1752,1,0,0,15,0,210,0,1,81,38654,1752,0,16,0,0,0,LEADER,1,0,0,0,0,15
40264,52,adaptive-prasle,1610,1,0,0,15,0,210,0,1,52,38654,1610,0,16,0,0,0,LEADER,1,0,0,0,0,15
40742,21,adaptive-prasle,2088,1,0,0,15,0,210,0,1,21,38654,2088,0,16,0,0,0,LEADER,1,0,0,0,0,15
40919,29,adaptive-prasle,2265,1,0,0,15,0,210,0,1,29,38654,2265,0,16,0,0,0,LEADER,1,0,0,0,0,15
40495,100,adaptive-prasle,1841,1,0,0,15,0,210,0,1,100,38654,1841,0,16,0,0,0,LEADER,1,0,0,0,0,15
40340,61,adaptive-prasle,1686,1,0,0,15,0,210,0,1,61,38654,1686,0,16,0,0,0,LEADER,1,0,0,0,0,15
40904,91,adaptive-prasle,2250,1,0,0,15,0,210,0,1,91,38654,2250,0,16,0,0,0,LEADER,1,0,0,0,0,15
40864,37,adaptive-prasle,2210,1,0,0,15,0,210,0,1,37,38654,2210,0,16,0,0,0,LEADER,1,0,0,0,0,15
40409,38,adaptive-prasle,1755,1,0,0,15,0,210,0,1,38,38654,1755,0,16,0,0,0,LEADER,1,0,0,0,0,15
41073,98,adaptive-prasle,2419,1,0,0,15,0,210,0,1,98,38654,2419,0,16,0,0,0,LEADER,1,0,0,0,0,15
40927,7,adaptive-prasle,1749,1,0,0,8,13,112,182,3,3,39178,1749,0,4,0,0,0,NORMAL,0,0,0,0,0,8
40932,27,adaptive-prasle,2280,1,0,0,15,0,210,0,1,27,38652,2280,0,16,0,0,0,LEADER,1,0,0,0,0,15
40782,62,adaptive-prasle,2128,1,0,0,15,0,210,0,1,62,38654,2128,0,16,0,0,0,LEADER,1,0,0,0,0,15
40591,56,adaptive-prasle,1937,1,0,0,15,0,210,0,1,56,38654,1937,0,16,0,0,0,LEADER,1,0,0,0,0,15
40979,99,adaptive-prasle,2328,1,0,0,15,0,210,0,1,99,38651,2328,0,16,0,0,0,LEADER,1,0,0,0,0,15
40856,48,adaptive-prasle,2202,1,0,0,15,0,210,0,1,48,38654,2202,0,16,0,0,0,LEADER,1,0,0,0,0,15
40373,71,adaptive-prasle,1719,1,0,0,15,0,210,0,1,71,38654,1719,0,16,0,0,0,LEADER,1,0,0,0,0,15
40598,87,adaptive-prasle,1944,1,0,0,15,0,210,0,1,87,38654,1944,0,16,0,0,0,LEADER,1,0,0,0,0,15
40524,36,adaptive-prasle,1870,1,0,0,15,0,210,0,1,36,38654,1870,0,16,0,0,0,LEADER,1,0,0,0,0,15
41020,77,adaptive-prasle,1446,1,0,0,15,0,210,0,1,77,39574,1446,0,16,0,0,0,LEADER,1,0,0,0,0,15
41211,83,adaptive-prasle,1637,1,0,0,15,0,210,0,1,83,39574,1637,0,16,0,0,0,LEADER,1,0,0,0,0,15
40713,85,adaptive-prasle,2059,1,0,0,15,0,210,0,1,85,38654,2059,0,16,0,0,0,LEADER,1,0,0,0,0,15
41241,19,adaptive-prasle,1667,1,0,0,15,0,210,0,1,19,39574,1667,0,16,0,0,0,LEADER,1,0,0,0,0,15
41396,65,adaptive-prasle,1822,1,0,0,15,0,210,0,1,65,39574,1822,0,16,0,0,0,LEADER,1,0,0,0,0,15
41002,35,adaptive-prasle,1428,1,0,0,15,0,210,0,1,35,39574,1428,0,16,0,0,0,LEADER,1,0,0,0,0,15
41017,86,adaptive-prasle,1443,1,0,0,15,0,210,0,1,86,39574,1443,0,16,0,0,0,LEADER,1,0,0,0,0,15
41060,50,adaptive-prasle,2406,1,0,0,15,0,210,0,1,50,38654,2406,0,16,0,0,0,LEADER,1,0,0,0,0,15
41075,55,adaptive-prasle,1501,1,0,0,15,0,210,0,1,55,39574,1501,0,16,0,0,0,LEADER,1,0,0,0,0,15
41114,63,adaptive-prasle,1540,1,0,0,15,0,210,0,1,63,39574,1540,0,16,0,0,0,LEADER,1,0,0,0,0,15
41478,46,adaptive-prasle,1904,1,0,0,15,0,210,0,1,46,39574,1904,0,16,0,0,0,LEADER,1,0,0,0,0,15
41275,53,adaptive-prasle,1701,1,0,0,15,0,210,0,1,53,39574,1701,0,16,0,0,0,LEADER,1,0,0,0,0,15
40628,23,adaptive-prasle,1974,1,0,0,15,0,210,0,1,23,38654,1974,0,16,0,0,0,LEADER,1,0,0,0,0,15
41496,88,adaptive-prasle,1922,1,0,0,15,0,210,0,1,88,39574,1922,0,16,0,0,0,LEADER,1,0,0,0,0,15
41023,34,adaptive-prasle,1449,1,0,0,15,0,210,0,1,34,39574,1449,0,16,0,0,0,LEADER,1,0,0,0,0,15
40631,97,adaptive-prasle,1977,1,0,0,15,0,210,0,1,97,38654,1977,0,16,0,0,0,LEADER,1,0,0,0,0,15
40749,20,adaptive-prasle,2095,1,0,0,15,0,210,0,1,20,38654,2095,0,16,0,0,0,LEADER,1,0,0,0,0,15
40831,40,adaptive-prasle,2177,1,0,0,15,0,210,0,1,40,38654,2177,0,16,0,0,0,LEADER,1,0,0,0,0,15
40754,47,adaptive-prasle,2100,1,0,0,15,0,210,0,1,47,38654,2100,0,16,0,0,0,LEADER,1,0,0,0,0,15
41666,95,adaptive-prasle,2092,1,0,0,15,0,210,0,1,95,39574,2092,0,16,0,0,0,LEADER,1,0,0,0,0,15
41049,25,adaptive-prasle,2395,1,0,0,15,0,210,0,1,25,38654,2395,0,16,0,0,0,LEADER,1,0,0,0,0,15
41654,84,adaptive-prasle,2080,1,0,0,15,0,210,0,1,84,39574,2080,0,16,0,0,0,LEADER,1,0,0,0,0,15
40931,70,adaptive-prasle,2277,1,0,0,15,0,210,0,1,70,38654,2277,0,16,0,0,0,LEADER,1,0,0,0,0,15
40849,82,adaptive-prasle,2195,1,0,0,15,0,210,0,1,82,38654,2195,0,16,0,0,0,LEADER,1,0,0,0,0,15
41067,67,adaptive-prasle,2413,1,0,0,15,0,210,0,1,67,38654,2413,0,16,0,0,0,LEADER,1,0,0,0,0,15
41019,89,adaptive-prasle,2365,1,0,0,15,0,210,0,1,89,38654,2365,0,16,0,0,0,LEADER,1,0,0,0,0,15
41687,28,adaptive-prasle,2113,1,0,0,15,0,210,0,1,28,39574,2113,0,16,0,0,0,LEADER,1,0,0,0,0,15
41456,14,adaptive-prasle,2096,1,0,0,5,6,70,84,2,14,39360,2096,0,3,0,0,0,LEADER,1,0,0,0,0,5
41429,68,adaptive-prasle,1855,1,0,0,15,0,210,0,1,68,39574,1855,0,16,0,0,0,LEADER,1,0,0,0,0,15
41381,90,adaptive-prasle,1807,1,0,0,15,0,210,0,1,90,39574,1807,0,16,0,0,0,LEADER,1,0,0,0,0,15
41042,76,adaptive-prasle,1468,1,0,0,15,0,210,0,1,76,39574,1468,0,16,0,0,0,LEADER,1,0,0,0,0,15
41795,58,adaptive-prasle,2221,1,0,0,15,0,210,0,1,58,39574,2221,0,16,0,0,0,LEADER,1,0,0,0,0,15
41363,10,adaptive-prasle,1789,1,0,0,15,0,210,0,1,10,39574,1789,0,16,0,0,0,LEADER,1,0,0,0,0,15
41178,73,adaptive-prasle,1604,1,0,0,15,0,210,0,1,73,39574,1604,0,16,0,0,0,LEADER,1,0,0,0,0,15
40919,59,adaptive-prasle,2265,1,0,0,15,0,210,0,1,59,38654,2265,0,16,0,0,0,LEADER,1,0,0,0,0,15
41193,41,adaptive-prasle,1619,1,0,0,15,0,210,0,1,41,39574,1619,0,16,0,0,0,LEADER,1,0,0,0,0,15
41108,96,adaptive-prasle,1534,1,0,0,15,0,210,0,1,96,39574,1534,0,16,0,0,0,LEADER,1,0,0,0,0,15
41341,49,adaptive-prasle,1767,1,0,0,15,0,210,0,1,49,39574,1767,0,16,0,0,0,LEADER,1,0,0,0,0,15
41410,74,adaptive-prasle,1837,1,0,0,15,0,210,0,1,74,39573,1837,0,16,0,0,0,LEADER,1,0,0,0,0,15
41802,92,adaptive-prasle,2228,1,0,0,15,0,210,0,1,92,39574,2228,0,16,0,0,0,LEADER,1,0,0,0,0,15
41008,66,adaptive-prasle,1434,1,0,0,15,0,210,0,1,66,39574,1434,0,16,0,0,0,LEADER,1,0,0,0,0,15
41034,57,adaptive-prasle,2380,1,0,0,15,0,210,0,1,57,38654,2380,0,16,0,0,0,LEADER,1,0,0,0,0,15
41834,78,adaptive-prasle,2260,1,0,0,15,0,210,0,1,78,39574,2260,0,16,0,0,0,LEADER,1,0,0,0,0,15
41000,39,adaptive-prasle,2346,1,0,0,15,0,210,0,1,39,38654,2346,0,16,0,0,0,LEADER,1,0,0,0,0,15
41717,30,adaptive-prasle,2143,1,0,0,15,0,210,0,1,30,39574,2143,0,16,0,0,0,LEADER,1,0,0,0,0,15
41258,13,adaptive-prasle,1941,1,0,0,4,6,56,84,2,3,39317,1941,0,3,0,0,0,NORMAL,0,0,0,0,0,4
41123,64,adaptive-prasle,1549,1,0,0,15,0,210,0,1,64,39574,1549,0,16,0,0,0,LEADER,1,0,0,0,0,15
41348,80,adaptive-prasle,1774,1,0,0,15,0,210,0,1,80,39574,1774,0,16,0,0,0,LEADER,1,0,0,0,0,15
41089,54,adaptive-prasle,1516,1,0,0,15,0,210,0,1,54,39573,1516,0,16,0,0,0,LEADER,1,0,0,0,0,15
41614,43,adaptive-prasle,2040,1,0,0,15,0,210,0,1,43,39574,2040,0,16,0,0,0,LEADER,1,0,0,0,0,15
41534,26,adaptive-prasle,1960,1,0,0,15,0,210,0,1,26,39574,1960,0,16,0,0,0,LEADER,1,0,0,0,0,15
41164,42,adaptive-prasle,1591,1,0,0,15,0,210,0,1,42,39573,1591,0,16,0,0,0,LEADER,1,0,0,0,0,15
41172,31,adaptive-prasle,1598,1,0,0,15,0,210,0,1,31,39574,1598,0,16,0,0,0,LEADER,1,0,0,0,0,15
41929,94,adaptive-prasle,2355,1,0,0,15,0,210,0,1,94,39574,2355,0,16,0,0,0,LEADER,1,0,0,0,0,15
41499,45,adaptive-prasle,1925,1,0,0,15,0,210,0,1,45,39574,1925,0,16,0,0,0,LEADER,1,0,0,0,0,15
41872,60,adaptive-prasle,2298,1,0,0,15,0,210,0,1,60,39574,2298,0,16,0,0,0,LEADER,1,0,0,0,0,15
41977,44,adaptive-prasle,1483,1,0,0,15,0,210,0,1,44,40494,1483,0,16,0,0,0,LEADER,1,0,0,0,0,15
41581,33,adaptive-prasle,2007,1,0,0,15,0,210,0,1,33,39574,2007,0,16,0,0,0,LEADER,1,0,0,0,0,15
41226,51,adaptive-prasle,1652,1,0,0,15,0,210,0,1,51,39574,1652,0,16,0,0,0,LEADER,1,0,0,0,0,15
42025,22,adaptive-prasle,1531,1,0,0,15,0,210,0,1,22,40494,1531,0,16,0,0,0,LEADER,1,0,0,0,0,15
41736,72,adaptive-prasle,2162,1,0,0,15,0,210,0,1,72,39574,2162,0,16,0,0,0,LEADER,1,0,0,0,0,15
41526,24,adaptive-prasle,1952,1,0,0,15,0,210,0,1,24,39574,1952,0,16,0,0,0,LEADER,1,0,0,0,0,15
42058,32,adaptive-prasle,1564,1,0,0,15,0,210,0,1,32,40494,1564,0,16,0,0,0,LEADER,1,0,0,0,0,15
41245,93,adaptive-prasle,1671,1,0,0,15,0,210,0,1,93,39574,1671,0,16,0,0,0,LEADER,1,0,0,0,0,15
41917,69,adaptive-prasle,2343,1,0,0,15,0,210,0,1,69,39574,2343,0,16,0,0,0,LEADER,1,0,0,0,0,15
41904,79,adaptive-prasle,2331,1,0,0,15,0,210,0,1,79,39573,2331,0,16,0,0,0,LEADER,1,0,0,0,0,15
41599,75,adaptive-prasle,2025,1,0,0,15,0,210,0,1,75,39574,2025,0,16,0,0,0,LEADER,1,0,0,0,0,15
41326,81,adaptive-prasle,1752,1,0,0,15,0,210,0,1,81,39574,1752,0,16,0,0,0,LEADER,1,0,0,0,0,15
41184,52,adaptive-prasle,1610,1,0,0,15,0,210,0,1,52,39574,1610,0,16,0,0,0,LEADER,1,0,0,0,0,15
41662,21,adaptive-prasle,2088,1,0,0,15,0,210,0,1,21,39574,2088,0,16,0,0,0,LEADER,1,0,0,0,0,15
41839,29,adaptive-prasle,2265,1,0,0,15,0,210,0,1,29,39574,2265,0,16,0,0,0,LEADER,1,0,0,0,0,15
41415,100,adaptive-prasle,1841,1,0,0,15,0,210,0,1,100,39574,1841,0,16,0,0,0,LEADER,1,0,0,0,0,15
41260,61,adaptive-prasle,1686,1,0,0,15,0,210,0,1,61,39574,1686,0,16,0,0,0,LEADER,1,0,0,0,0,15
41824,91,adaptive-prasle,2250,1,0,0,15,0,210,0,1,91,39574,2250,0,16,0,0,0,LEADER,1,0,0,0,0,15
41784,37,adaptive-prasle,2210,1,0,0,15,0,210,0,1,37,39574,2210,0,16,0,0,0,LEADER,1,0,0,0,0,15
41329,38,adaptive-prasle,1755,1,0,0,15,0,210,0,1,38,39574,1755,0,16,0,0,0,LEADER,1,0,0,0,0,15
41993,98,adaptive-prasle,2419,1,0,0,15,0,210,0,1,98,39574,2419,0,16,0,0,0,LEADER,1,0,0,0,0,15
41852,27,adaptive-prasle,2280,1,0,0,15,0,210,0,1,27,39572,2280,0,16,0,0,0,LEADER,1,0,0,0,0,15
41511,56,adaptive-prasle,1937,1,0,0,15,0,210,0,1,56,39574,1937,0,16,0,0,0,LEADER,1,0,0,0,0,15
41702,62,adaptive-prasle,2128,1,0,0,15,0,210,0,1,62,39574,2128,0,16,0,0,0,LEADER,1,0,0,0,0,15
41899,99,adaptive-prasle,2328,1,0,0,15,0,210,0,1,99,39571,2328,0,16,0,0,0,LEADER,1,0,0,0,0,15
41776,48,adaptive-prasle,2202,1,0,0,15,0,210,0,1,48,39574,2202,0,16,0,0,0,LEADER,1,0,0,0,0,15
41293,71,adaptive-prasle,1719,1,0,0,15,0,210,0,1,71,39574,1719,0,16,0,0,0,LEADER,1,0,0,0,0,15
41518,87,adaptive-prasle,1944,1,0,0,15,0,210,0,1,87,39574,1944,0,16,0,0,0,LEADER,1,0,0,0,0,15
41444,36,adaptive-prasle,1870,1,0,0,15,0,210,0,1,36,39574,1870,0,16,0,0,0,LEADER,1,0,0,0,0,15
41940,77,adaptive-prasle,1446,1,0,0,15,0,210,0,1,77,40494,1446,0,16,0,0,0,LEADER,1,0,0,0,0,15
42131,83,adaptive-prasle,1637,1,0,0,15,0,210,0,1,83,40494,1637,0,16,0,0,0,LEADER,1,0,0,0,0,15
41633,85,adaptive-prasle,2059,1,0,0,15,0,210,0,1,85,39574,2059,0,16,0,0,0,LEADER,1,0,0,0,0,15
42161,19,adaptive-prasle,1667,1,0,0,15,0,210,0,1,19,40494,1667,0,16,0,0,0,LEADER,1,0,0,0,0,15
42316,65,adaptive-prasle,1822,1,0,0,15,0,210,0,1,65,40494,1822,0,16,0,0,0,LEADER,1,0,0,0,0,15
41922,35,adaptive-prasle,1428,1,0,0,15,0,210,0,1,35,40494,1428,0,16,0,0,0,LEADER,1,0,0,0,0,15
41937,86,adaptive-prasle,1443,1,0,0,15,0,210,0,1,86,40494,1443,0,16,0,0,0,LEADER,1,0,0,0,0,15
41980,50,adaptive-prasle,2406,1,0,0,15,0,210,0,1,50,39574,2406,0,16,0,0,0,LEADER,1,0,0,0,0,15
41995,55,adaptive-prasle,1501,1,0,0,15,0,210,0,1,55,40494,1501,0,16,0,0,0,LEADER,1,0,0,0,0,15
42034,63,adaptive-prasle,1540,1,0,0,15,0,210,0,1,63,40494,1540,0,16,0,0,0,LEADER,1,0,0,0,0,15
42398,46,adaptive-prasle,1904,1,0,0,15,0,210,0,1,46,40494,1904,0,16,0,0,0,LEADER,1,0,0,0,0,15
42195,53,adaptive-prasle,1701,1,0,0,15,0,210,0,1,53,40494,1701,0,16,0,0,0,LEADER,1,0,0,0,0,15
41548,23,adaptive-prasle,1974,1,0,0,15,0,210,0,1,23,39574,1974,0,16,0,0,0,LEADER,1,0,0,0,0,15
42416,88,adaptive-prasle,1922,1,0,0,15,0,210,0,1,88,40494,1922,0,16,0,0,0,LEADER,1,0,0,0,0,15
41943,34,adaptive-prasle,1449,1,0,0,15,0,210,0,1,34,40494,1449,0,16,0,0,0,LEADER,1,0,0,0,0,15
41551,97,adaptive-prasle,1977,1,0,0,15,0,210,0,1,97,39574,1977,0,16,0,0,0,LEADER,1,0,0,0,0,15
41669,20,adaptive-prasle,2095,1,0,0,15,0,210,0,1,20,39574,2095,0,16,0,0,0,LEADER,1,0,0,0,0,15
41751,40,adaptive-prasle,2177,1,0,0,15,0,210,0,1,40,39574,2177,0,16,0,0,0,LEADER,1,0,0,0,0,15
41674,47,adaptive-prasle,2100,1,0,0,15,0,210,0,1,47,39574,2100,0,16,0,0,0,LEADER,1,0,0,0,0,15
42586,95,adaptive-prasle,2092,1,0,0,15,0,210,0,1,95,40494,2092,0,16,0,0,0,LEADER,1,0,0,0,0,15
41969,25,adaptive-prasle,2395,1,0,0,15,0,210,0,1,25,39574,2395,0,16,0,0,0,LEADER,1,0,0,0,0,15
42574,84,adaptive-prasle,2080,1,0,0,15,0,210,0,1,84,40494,2080,0,16,0,0,0,LEADER,1,0,0,0,0,15
41851,70,adaptive-prasle,2277,1,0,0,15,0,210,0,1,70,39574,2277,0,16,0,0,0,LEADER,1,0,0,0,0,15
41769,82,adaptive-prasle,2195,1,0,0,15,0,210,0,1,82,39574,2195,0,16,0,0,0,LEADER,1,0,0,0,0,15
41987,67,adaptive-prasle,2413,1,0,0,15,0,210,0,1,67,39574,2413,0,16,0,0,0,LEADER,1,0,0,0,0,15
41939,89,adaptive-prasle,2365,1,0,0,15,0,210,0,1,89,39574,2365,0,16,0,0,0,LEADER,1,0,0,0,0,15
42607,28,adaptive-prasle,2113,1,0,0,15,0,210,0,1,28,40494,2113,0,16,0,0,0,LEADER,1,0,0,0,0,15
42349,68,adaptive-prasle,1855,1,0,0,15,0,210,0,1,68,40494,1855,0,16,0,0,0,LEADER,1,0,0,0,0,15
42301,90,adaptive-prasle,1807,1,0,0,15,0,210,0,1,90,40494,1807,0,16,0,0,0,LEADER,1,0,0,0,0,15
41962,76,adaptive-prasle,1468,1,0,0,15,0,210,0,1,76,40494,1468,0,16,0,0,0,LEADER,1,0,0,0,0,15
42283,10,adaptive-prasle,1789,1,0,0,15,0,210,0,1,10,40494,1789,0,16,0,0,0,LEADER,1,0,0,0,0,15
42715,58,adaptive-prasle,2221,1,0,0,15,0,210,0,1,58,40494,2221,0,16,0,0,0,LEADER,1,0,0,0,0,15
42098,73,adaptive-prasle,1604,1,0,0,15,0,210,0,1,73,40494,1604,0,16,0,0,0,LEADER,1,0,0,0,0,15
41839,59,adaptive-prasle,2265,1,0,0,15,0,210,0,1,59,39574,2265,0,16,0,0,0,LEADER,1,0,0,0,0,15
42113,41,adaptive-prasle,1619,1,0,0,15,0,210,0,1,41,40494,1619,0,16,0,0,0,LEADER,1,0,0,0,0,15
42028,96,adaptive-prasle,1534,1,0,0,15,0,210,0,1,96,40494,1534,0,16,0,0,0,LEADER,1,0,0,0,0,15
42261,49,adaptive-prasle,1767,1,0,0,15,0,210,0,1,49,40494,1767,0,16,0,0,0,LEADER,1,0,0,0,0,15
42330,74,adaptive-prasle,1837,1,0,0,15,0,210,0,1,74,40493,1837,0,16,0,0,0,LEADER,1,0,0,0,0,15
42722,92,adaptive-prasle,2228,1,0,0,15,0,210,0,1,92,40494,2228,0,16,0,0,0,LEADER,1,0,0,0,0,15
41928,66,adaptive-prasle,1434,1,0,0,15,0,210,0,1,66,40494,1434,0,16,0,0,0,LEADER,1,0,0,0,0,15
41954,57,adaptive-prasle,2380,1,0,0,15,0,210,0,1,57,39574,2380,0,16,0,0,0,LEADER,1,0,0,0,0,15
42754,78,adaptive-prasle,2260,1,0,0,15,0,210,0,1,78,40494,2260,0,16,0,0,0,LEADER,1,0,0,0,0,15
41920,39,adaptive-prasle,2346,1,0,0,15,0,210,0,1,39,39574,2346,0,16,0,0,0,LEADER,1,0,0,0,0,15
42637,30,adaptive-prasle,2143,1,0,0,15,0,210,0,1,30,40494,2143,0,16,0,0,0,LEADER,1,0,0,0,0,15
42043,64,adaptive-prasle,1549,1,0,0,15,0,210,0,1,64,40494,1549,0,16,0,0,0,LEADER,1,0,0,0,0,15
42268,80,adaptive-prasle,1774,1,0,0,15,0,210,0,1,80,40494,1774,0,16,0,0,0,LEADER,1,0,0,0,0,15
42009,54,adaptive-prasle,1516,1,0,0,15,0,210,0,1,54,40493,1516,0,16,0,0,0,LEADER,1,0,0,0,0,15
42534,43,adaptive-prasle,2040,1,0,0,15,0,210,0,1,43,40494,2040,0,16,0,0,0,LEADER,1,0,0,0,0,15
42454,26,adaptive-prasle,1960,1,0,0,15,0,210,0,1,26,40494,1960,0,16,0,0,0,LEADER,1,0,0,0,0,15
42084,42,adaptive-prasle,1591,1,0,0,15,0,210,0,1,42,40493,1591,0,16,0,0,0,LEADER,1,0,0,0,0,15
42092,31,adaptive-prasle,1598,1,0,0,15,0,210,0,1,31,40494,1598,0,16,0,0,0,LEADER,1,0,0,0,0,15
42849,94,adaptive-prasle,2355,1,0,0,15,0,210,0,1,94,40494,2355,0,16,0,0,0,LEADER,1,0,0,0,0,15
42419,45,adaptive-prasle,1925,1,0,0,15,0,210,0,1,45,40494,1925,0,16,0,0,0,LEADER,1,0,0,0,0,15
42792,60,adaptive-prasle,2298,1,0,0,15,0,210,0,1,60,40494,2298,0,16,0,0,0,LEADER,1,0,0,0,0,15
42898,44,adaptive-prasle,1483,1,0,0,16,0,224,0,1,44,41415,1483,0,17,0,0,0,LEADER,1,0,0,0,0,16
42501,33,adaptive-prasle,2007,1,0,0,15,0,210,0,1,33,40494,2007,0,16,0,0,0,LEADER,1,0,0,0,0,15
42146,51,adaptive-prasle,1652,1,0,0,15,0,210,0,1,51,40494,1652,0,16,0,0,0,LEADER,1,0,0,0,0,15
42656,72,adaptive-prasle,2162,1,0,0,15,0,210,0,1,72,40494,2162,0,16,0,0,0,LEADER,1,0,0,0,0,15
42946,22,adaptive-prasle,1531,1,0,0,16,0,224,0,1,22,41415,1531,0,17,0,0,0,LEADER,1,0,0,0,0,16
42446,24,adaptive-prasle,1952,1,0,0,15,0,210,0,1,24,40494,1952,0,16,0,0,0,LEADER,1,0,0,0,0,15
42979,32,adaptive-prasle,1564,1,0,0,16,0,224,0,1,32,41415,1564,0,17,0,0,0,LEADER,1,0,0,0,0,16
42165,93,adaptive-prasle,1671,1,0,0,15,0,210,0,1,93,40494,1671,0,16,0,0,0,LEADER,1,0,0,0,0,15
42837,69,adaptive-prasle,2343,1,0,0,15,0,210,0,1,69,40494,2343,0,16,0,0,0,LEADER,1,0,0,0,0,15
42824,79,adaptive-prasle,2331,1,0,0,15,0,210,0,1,79,40493,2331,0,16,0,0,0,LEADER,1,0,0,0,0,15
42519,75,adaptive-prasle,2025,1,0,0,15,0,210,0,1,75,40494,2025,0,16,0,0,0,LEADER,1,0,0,0,0,15
42246,81,adaptive-prasle,1752,1,0,0,15,0,210,0,1,81,40494,1752,0,16,0,0,0,LEADER,1,0,0,0,0,15
42104,52,adaptive-prasle,1610,1,0,0,15,0,210,0,1,52,40494,1610,0,16,0,0,0,LEADER,1,0,0,0,0,15
42582,21,adaptive-prasle,2088,1,0,0,15,0,210,0,1,21,40494,2088,0,16,0,0,0,LEADER,1,0,0,0,0,15
42759,29,adaptive-prasle,2265,1,0,0,15,0,210,0,1,29,40494,2265,0,16,0,0,0,LEADER,1,0,0,0,0,15
42335,100,adaptive-prasle,1841,1,0,0,15,0,210,0,1,100,40494,1841,0,16,0,0,0,LEADER,1,0,0,0,0,15
42180,61,adaptive-prasle,1686,1,0,0,15,0,210,0,1,61,40494,1686,0,16,0,0,0,LEADER,1,0,0,0,0,15
42744,91,adaptive-prasle,2250,1,0,0,15,0,210,0,1,91,40494,2250,0,16,0,0,0,LEADER,1,0,0,0,0,15
42704,37,adaptive-prasle,2210,1,0,0,15,0,210,0,1,37,40494,2210,0,16,0,0,0,LEADER,1,0,0,0,0,15
42249,38,adaptive-prasle,1755,1,0,0,15,0,210,0,1,38,40494,1755,0,16,0,0,0,LEADER,1,0,0,0,0,15
42913,98,adaptive-prasle,2419,1,0,0,15,0,210,0,1,98,40494,2419,0,16,0,0,0,LEADER,1,0,0,0,0,15
42772,27,adaptive-prasle,2280,1,0,0,15,0,210,0,1,27,40492,2280,0,16,0,0,0,LEADER,1,0,0,0,0,15
42622,62,adaptive-prasle,2128,1,0,0,15,0,210,0,1,62,40494,2128,0,16,0,0,0,LEADER,1,0,0,0,0,15
42431,56,adaptive-prasle,1937,1,0,0,15,0,210,0,1,56,40494,1937,0,16,0,0,0,LEADER,1,0,0,0,0,15
42819,99,adaptive-prasle,2328,1,0,0,15,0,210,0,1,99,40491,2328,0,16,0,0,0,LEADER,1,0,0,0,0,15
42696,48,adaptive-prasle,2202,1,0,0,15,0,210,0,1,48,40494,2202,0,16,0,0,0,LEADER,1,0,0,0,0,15
42213,71,adaptive-prasle,1719,1,0,0,15,0,210,0,1,71,40494,1719,0,16,0,0,0,LEADER,1,0,0,0,0,15
42438,87,adaptive-prasle,1944,1,0,0,15,0,210,0,1,87,40494,1944,0,16,0,0,0,LEADER,1,0,0,0,0,15
42364,36,adaptive-prasle,1870,1,0,0,15,0,210,0,1,36,40494,1870,0,16,0,0,0,LEADER,1,0,0,0,0,15
42861,77,adaptive-prasle,1446,1,0,0,16,0,224,0,1,77,41415,1446,0,17,0,0,0,LEADER,1,0,0,0,0,16
43052,83,adaptive-prasle,1637,1,0,0,16,0,224,0,1,83,41415,1637,0,17,0,0,0,LEADER,1,0,0,0,0,16
42553,85,adaptive-prasle,2059,1,0,0,15,0,210,0,1,85,40494,2059,0,16,0,0,0,LEADER,1,0,0,0,0,15
43082,19,adaptive-prasle,1667,1,0,0,16,0,224,0,1,19,41415,1667,0,17,0,0,0,LEADER,1,0,0,0,0,16
43237,65,adaptive-prasle,1822,1,0,0,16,0,224,0,1,65,41415,1822,0,17,0,0,0,LEADER,1,0,0,0,0,16
42843,35,adaptive-prasle,1428,1,0,0,16,0,224,0,1,35,41415,1428,0,17,0,0,0,LEADER,1,0,0,0,0,16
42858,86,adaptive-prasle,1443,1,0,0,16,0,224,0,1,86,41415,1443,0,17,0,0,0,LEADER,1,0,0,0,0,16
42900,50,adaptive-prasle,2406,1,0,0,15,0,210,0,1,50,40494,2406,0,16,0,0,0,LEADER,1,0,0,0,0,15
42916,55,adaptive-prasle,1501,1,0,0,16,0,224,0,1,55,41415,1501,0,17,0,0,0,LEADER,1,0,0,0,0,16
42955,63,adaptive-prasle,1540,1,0,0,16,0,224,0,1,63,41415,1540,0,17,0,0,0,LEADER,1,0,0,0,0,16
43319,46,adaptive-prasle,1904,1,0,0,16,0,224,0,1,46,41415,1904,0,17,0,0,0,LEADER,1,0,0,0,0,16
43116,53,adaptive-prasle,1701,1,0,0,16,0,224,0,1,53,41415,1701,0,17,0,0,0,LEADER,1,0,0,0,0,16
42468,23,adaptive-prasle,1974,1,0,0,15,0,210,0,1,23,40494,1974,0,16,0,0,0,LEADER,1,0,0,0,0,15
43337,88,adaptive-prasle,1922,1,0,0,16,0,224,0,1,88,41415,1922,0,17,0,0,0,LEADER,1,0,0,0,0,16
42864,34,adaptive-prasle,1449,1,0,0,16,0,224,0,1,34,41415,1449,0,17,0,0,0,LEADER,1,0,0,0,0,16
42471,97,adaptive-prasle,1977,1,0,0,15,0,210,0,1,97,40494,1977,0,16,0,0,0,LEADER,1,0,0,0,0,15
42589,20,adaptive-prasle,2095,1,0,0,15,0,210,0,1,20,40494,2095,0,16,0,0,0,LEADER,1,0,0,0,0,15
42671,40,adaptive-prasle,2177,1,0,0,15,0,210,0,1,40,40494,2177,0,16,0,0,0,LEADER,1,0,0,0,0,15
42594,47,adaptive-prasle,2100,1,0,0,15,0,210,0,1,47,40494,2100,0,16,0,0,0,LEADER,1,0,0,0,0,15
43507,95,adaptive-prasle,2092,1,0,0,16,0,224,0,1,95,41415,2092,0,17,0,0,0,LEADER,1,0,0,0,0,16
42889,25,adaptive-prasle,2395,1,0,0,15,0,210,0,1,25,40494,2395,0,16,0,0,0,LEADER,1,0,0,0,0,15
43495,84,adaptive-prasle,2080,1,0,0,16,0,224,0,1,84,41415,2080,0,17,0,0,0,LEADER,1,0,0,0,0,16
42771,70,adaptive-prasle,2277,1,0,0,15,0,210,0,1,70,40494,2277,0,16,0,0,0,LEADER,1,0,0,0,0,15
42689,82,adaptive-prasle,2195,1,0,0,15,0,210,0,1,82,40494,2195,0,16,0,0,0,LEADER,1,0,0,0,0,15
42907,67,adaptive-prasle,2413,1,0,0,15,0,210,0,1,67,40494,2413,0,16,0,0,0,LEADER,1,0,0,0,0,15
42859,89,adaptive-prasle,2365,1,0,0,15,0,210,0,1,89,40494,2365,0,16,0,0,0,LEADER,1,0,0,0,0,15
43528,28,adaptive-prasle,2113,1,0,0,16,0,224,0,1,28,41415,2113,0,17,0,0,0,LEADER,1,0,0,0,0,16
43270,68,adaptive-prasle,1855,1,0,0,16,0,224,0,1,68,41415,1855,0,17,0,0,0,LEADER,1,0,0,0,0,16
43222,90,adaptive-prasle,1807,1,0,0,16,0,224,0,1,90,41415,1807,0,17,0,0,0,LEADER,1,0,0,0,0,16
42883,76,adaptive-prasle,1468,1,0,0,16,0,224,0,1,76,41415,1468,0,17,0,0,0,LEADER,1,0,0,0,0,16
43204,10,adaptive-prasle,1789,1,0,0,16,0,224,0,1,10,41415,1789,0,17,0,0,0,LEADER,1,0,0,0,0,16
43636,58,adaptive-prasle,2221,1,0,0,16,0,224,0,1,58,41415,2221,0,17,0,0,0,LEADER,1,0,0,0,0,16
43019,73,adaptive-prasle,1604,1,0,0,16,0,224,0,1,73,41415,1604,0,17,0,0,0,LEADER,1,0,0,0,0,16
42759,59,adaptive-prasle,2265,1,0,0,15,0,210,0,1,59,40494,2265,0,16,0,0,0,LEADER,1,0,0,0,0,15
43034,41,adaptive-prasle,1619,1,0,0,16,0,224,0,1,41,41415,1619,0,17,0,0,0,LEADER,1,0,0,0,0,16
42949,96,adaptive-prasle,1534,1,0,0,16,0,224,0,1,96,41415,1534,0,17,0,0,0,LEADER,1,0,0,0,0,16
43182,49,adaptive-prasle,1767,1,0,0,16,0,224,0,1,49,41415,1767,0,17,0,0,0,LEADER,1,0,0,0,0,16
43251,74,adaptive-prasle,1837,1,0,0,16,0,224,0,1,74,41414,1837,0,17,0,0,0,LEADER,1,0,0,0,0,16
43643,92,adaptive-prasle,2228,1,0,0,16,0,224,0,1,92,41415,2228,0,17,0,0,0,LEADER,1,0,0,0,0,16
42849,66,adaptive-prasle,1434,1,0,0,16,0,224,0,1,66,41415,1434,0,17,0,0,0,LEADER,1,0,0,0,0,16
42874,57,adaptive-prasle,2380,1,0,0,15,0,210,0,1,57,40494,2380,0,16,0,0,0,LEADER,1,0,0,0,0,15
43675,78,adaptive-prasle,2260,1,0,0,16,0,224,0,1,78,41415,2260,0,17,0,0,0,LEADER,1,0,0,0,0,16
42840,39,adaptive-prasle,2346,1,0,0,15,0,210,0,1,39,40494,2346,0,16,0,0,0,LEADER,1,0,0,0,0,15
43558,30,adaptive-prasle,2143,1,0,0,16,0,224,0,1,30,41415,2143,0,17,0,0,0,LEADER,1,0,0,0,0,16
42964,64,adaptive-prasle,1549,1,0,0,16,0,224,0,1,64,41415,1549,0,17,0,0,0,LEADER,1,0,0,0,0,16
43189,80,adaptive-prasle,1774,1,0,0,16,0,224,0,1,80,41415,1774,0,17,0,0,0,LEADER,1,0,0,0,0,16
42930,54,adaptive-prasle,1516,1,0,0,16,0,224,0,1,54,41414,1516,0,17,0,0,0,LEADER,1,0,0,0,0,16
43455,43,adaptive-prasle,2040,1,0,0,16,0,224,0,1,43,41415,2040,0,17,0,0,0,LEADER,1,0,0,0,0,16
43375,26,adaptive-prasle,1960,1,0,0,16,0,224,0,1,26,41415,1960,0,17,0,0,0,LEADER,1,0,0,0,0,16
43005,42,adaptive-prasle,1591,1,0,0,16,0,224,0,1,42,41414,1591,0,17,0,0,0,LEADER,1,0,0,0,0,16
43013,31,adaptive-prasle,1598,1,0,0,16,0,224,0,1,31,41415,1598,0,17,0,0,0,LEADER,1,0,0,0,0,16
43770,94,adaptive-prasle,2355,1,0,0,16,0,224,0,1,94,41415,2355,0,17,0,0,0,LEADER,1,0,0,0,0,16
43340,45,adaptive-prasle,1925,1,0,0,16,0,224,0,1,45,41415,1925,0,17,0,0,0,LEADER,1,0,0,0,0,16
43713,60,adaptive-prasle,2298,1,0,0,16,0,224,0,1,60,41415,2298,0,17,0,0,0,LEADER,1,0,0,0,0,16
43818,44,adaptive-prasle,1483,1,0,0,16,0,224,0,1,44,42335,1483,0,17,0,0,0,LEADER,1,0,0,0,0,16
43422,33,adaptive-prasle,2007,1,0,0,16,0,224,0,1,33,41415,2007,0,17,0,0,0,LEADER,1,0,0,0,0,16
43067,51,adaptive-prasle,1652,1,0,0,16,0,224,0,1,51,41415,1652,0,17,0,0,0,LEADER,1,0,0,0,0,16
43866,22,adaptive-prasle,1531,1,0,0,16,0,224,0,1,22,42335,1531,0,17,0,0,0,LEADER,1,0,0,0,0,16
43577,72,adaptive-prasle,2162,1,0,0,16,0,224,0,1,72,41415,2162,0,17,0,0,0,LEADER,1,0,0,0,0,16
43367,24,adaptive-prasle,1952,1,0,0,16,0,224,0,1,24,41415,1952,0,17,0,0,0,LEADER,1,0,0,0,0,16
43899,32,adaptive-prasle,1564,1,0,0,16,0,224,0,1,32,42335,1564,0,17,0,0,0,LEADER,1,0,0,0,0,16
43086,93,adaptive-prasle,1671,1,0,0,16,0,224,0,1,93,41415,1671,0,17,0,0,0,LEADER,1,0,0,0,0,16
43758,69,adaptive-prasle,2343,1,0,0,16,0,224,0,1,69,41415,2343,0,17,0,0,0,LEADER,1,0,0,0,0,16
43745,79,adaptive-prasle,2331,1,0,0,16,0,224,0,1,79,41414,2331,0,17,0,0,0,LEADER,1,0,0,0,0,16
43440,75,adaptive-prasle,2025,1,0,0,16,0,224,0,1,75,41415,2025,0,17,0,0,0,LEADER,1,0,0,0,0,16
43167,81,adaptive-prasle,1752,1,0,0,16,0,224,0,1,81,41415,1752,0,17,0,0,0,LEADER,1,0,0,0,0,16
43025,52,adaptive-prasle,1610,1,0,0,16,0,224,0,1,52,41415,1610,0,17,0,0,0,LEADER,1,0,0,0,0,16
43503,21,adaptive-prasle,2088,1,0,0,16,0,224,0,1,21,41415,2088,0,17,0,0,0,LEADER,1,0,0,0,0,16
43680,29,adaptive-prasle,2265,1,0,0,16,0,224,0,1,29,41415,2265,0,17,0,0,0,LEADER,1,0,0,0,0,16
43256,100,adaptive-prasle,1841,1,0,0,16,0,224,0,1,100,41415,1841,0,17,0,0,0,LEADER,1,0,0,0,0,16
43101,61,adaptive-prasle,1686,1,0,0,16,0,224,0,1,61,41415,1686,0,17,0,0,0,LEADER,1,0,0,0,0,16
43665,91,adaptive-prasle,2250,1,0,0,16,0,224,0,1,91,41415,2250,0,17,0,0,0,LEADER,1,0,0,0,0,16
43625,37,adaptive-prasle,2210,1,0,0,16,0,224,0,1,37,41415,2210,0,17,0,0,0,LEADER,1,0,0,0,0,16
43170,38,adaptive-prasle,1755,1,0,0,16,0,224,0,1,38,41415,1755,0,17,0,0,0,LEADER,1,0,0,0,0,16
43834,98,adaptive-prasle,2419,1,0,0,16,0,224,0,1,98,41415,2419,0,17,0,0,0,LEADER,1,0,0,0,0,16
43693,27,adaptive-prasle,2280,1,0,0,16,0,224,0,1,27,41413,2280,0,17,0,0,0,LEADER,1,0,0,0,0,16
43543,62,adaptive-prasle,2128,1,0,0,16,0,224,0,1,62,41415,2128,0,17,0,0,0,LEADER,1,0,0,0,0,16
43352,56,adaptive-prasle,1937,1,0,0,16,0,224,0,1,56,41415,1937,0,17,0,0,0,LEADER,1,0,0,0,0,16
43740,99,adaptive-prasle,2328,1,0,0,16,0,224,0,1,99,41412,2328,0,17,0,0,0,LEADER,1,0,0,0,0,16
43617,48,adaptive-prasle,2202,1,0,0,16,0,224,0,1,48,41415,2202,0,17,0,0,0,LEADER,1,0,0,0,0,16
43134,71,adaptive-prasle,1719,1,0,0,16,0,224,0,1,71,41415,1719,0,17,0,0,0,LEADER,1,0,0,0,0,16
43359,87,adaptive-prasle,1944,1,0,0,16,0,224,0,1,87,41415,1944,0,17,0,0,0,LEADER,1,0,0,0,0,16
43285,36,adaptive-prasle,1870,1,0,0,16,0,224,0,1,36,41415,1870,0,17,0,0,0,LEADER,1,0,0,0,0,16
43781,77,adaptive-prasle,1446,1,0,0,16,0,224,0,1,77,42335,1446,0,17,0,0,0,LEADER,1,0,0,0,0,16
43972,83,adaptive-prasle,1637,1,0,0,16,0,224,0,1,83,42335,1637,0,17,0,0,0,LEADER,1,0,0,0,0,16
43474,85,adaptive-prasle,2059,1,0,0,16,0,224,0,1,85,41415,2059,0,17,0,0,0,LEADER,1,0,0,0,0,16
44002,19,adaptive-prasle,1667,1,0,0,16,0,224,0,1,19,42335,1667,0,17,0,0,0,LEADER,1,0,0,0,0,16
44157,65,adaptive-prasle,1822,1,0,0,16,0,224,0,1,65,42335,1822,0,17,0,0,0,LEADER,1,0,0,0,0,16
43763,35,adaptive-prasle,1428,1,0,0,16,0,224,0,1,35,42335,1428,0,17,0,0,0,LEADER,1,0,0,0,0,16
43778,86,adaptive-prasle,1443,1,0,0,16,0,224,0,1,86,42335,1443,0,17,0,0,0,LEADER,1,0,0,0,0,16
43821,50,adaptive-prasle,2406,1,0,0,16,0,224,0,1,50,41415,2406,0,17,0,0,0,LEADER,1,0,0,0,0,16
43836,55,adaptive-prasle,1501,1,0,0,16,0,224,0,1,55,42335,1501,0,17,0,0,0,LEADER,1,0,0,0,0,16
43875,63,adaptive-prasle,1540,1,0,0,16,0,224,0,1,63,42335,1540,0,17,0,0,0,LEADER,1,0,0,0,0,16
44239,46,adaptive-prasle,1904,1,0,0,16,0,224,0,1,46,42335,1904,0,17,0,0,0,LEADER,1,0,0,0,0,16
44036,53,adaptive-prasle,1701,1,0,0,16,0,224,0,1,53,42335,1701,0,17,0,0,0,LEADER,1,0,0,0,0,16
43389,23,adaptive-prasle,1974,1,0,0,16,0,224,0,1,23,41415,1974,0,17,0,0,0,LEADER,1,0,0,0,0,16
44257,88,adaptive-prasle,1922,1,0,0,16,0,224,0,1,88,42335,1922,0,17,0,0,0,LEADER,1,0,0,0,0,16
43784,34,adaptive-prasle,1449,1,0,0,16,0,224,0,1,34,42335,1449,0,17,0,0,0,LEADER,1,0,0,0,0,16
43392,97,adaptive-prasle,1977,1,0,0,16,0,224,0,1,97,41415,1977,0,17,0,0,0,LEADER,1,0,0,0,0,16
43510,20,adaptive-prasle,2095,1,0,0,16,0,224,0,1,20,41415,2095,0,17,0,0,0,LEADER,1,0,0,0,0,16
43592,40,adaptive-prasle,2177,1,0,0,16,0,224,0,1,40,41415,2177,0,17,0,0,0,LEADER,1,0,0,0,0,16
43515,47,adaptive-prasle,2100,1,0,0,16,0,224,0,1,47,41415,2100,0,17,0,0,0,LEADER,1,0,0,0,0,16
44427,95,adaptive-prasle,2092,1,0,0,16,0,224,0,1,95,42335,2092,0,17,0,0,0,LEADER,1,0,0,0,0,16
43810,25,adaptive-prasle,2395,1,0,0,16,0,224,0,1,25,41415,2395,0,17,0,0,0,LEADER,1,0,0,0,0,16
44415,84,adaptive-prasle,2080,1,0,0,16,0,224,0,1,84,42335,2080,0,17,0,0,0,LEADER,1,0,0,0,0,16
43692,70,adaptive-prasle,2277,1,0,0,16,0,224,0,1,70,41415,2277,0,17,0,0,0,LEADER,1,0,0,0,0,16
43610,82,adaptive-prasle,2195,1,0,0,16,0,224,0,1,82,41415,2195,0,17,0,0,0,LEADER,1,0,0,0,0,16
43828,67,adaptive-prasle,2413,1,0,0,16,0,224,0,1,67,41415,2413,0,17,0,0,0,LEADER,1,0,0,0,0,16
43780,89,adaptive-prasle,2365,1,0,0,16,0,224,0,1,89,41415,2365,0,17,0,0,0,LEADER,1,0,0,0,0,16
44448,28,adaptive-prasle,2113,1,0,0,16,0,224,0,1,28,42335,2113,0,17,0,0,0,LEADER,1,0,0,0,0,16
44190,68,adaptive-prasle,1855,1,0,0,16,0,224,0,1,68,42335,1855,0,17,0,0,0,LEADER,1,0,0,0,0,16
44142,90,adaptive-prasle,1807,1,0,0,16,0,224,0,1,90,42335,1807,0,17,0,0,0,LEADER,1,0,0,0,0,16
43803,76,adaptive-prasle,1468,1,0,0,16,0,224,0,1,76,42335,1468,0,17,0,0,0,LEADER,1,0,0,0,0,16
44124,10,adaptive-prasle,1789,1,0,0,16,0,224,0,1,10,42335,1789,0,17,0,0,0,LEADER,1,0,0,0,0,16
44556,58,adaptive-prasle,2221,1,0,0,16,0,224,0,1,58,42335,2221,0,17,0,0,0,LEADER,1,0,0,0,0,16
43939,73,adaptive-prasle,1604,1,0,0,16,0,224,0,1,73,42335,1604,0,17,0,0,0,LEADER,1,0,0,0,0,16
43680,59,adaptive-prasle,2265,1,0,0,16,0,224,0,1,59,41415,2265,0,17,0,0,0,LEADER,1,0,0,0,0,16
43954,41,adaptive-prasle,1619,1,0,0,16,0,224,0,1,41,42335,1619,0,17,0,0,0,LEADER,1,0,0,0,0,16
43869,96,adaptive-prasle,1534,1,0,0,16,0,224,0,1,96,42335,1534,0,17,0,0,0,LEADER,1,0,0,0,0,16
44102,49,adaptive-prasle,1767,1,0,0,16,0,224,0,1,49,42335,1767,0,17,0,0,0,LEADER,1,0,0,0,0,16
44171,74,adaptive-prasle,1837,1,0,0,16,0,224,0,1,74,42334,1837,0,17,0,0,0,LEADER,1,0,0,0,0,16
44563,92,adaptive-prasle,2228,1,0,0,16,0,224,0,1,92,42335,2228,0,17,0,0,0,LEADER,1,0,0,0,0,16
43769,66,adaptive-prasle,1434,1,0,0,16,0,224,0,1,66,42335,1434,0,17,0,0,0,LEADER,1,0,0,0,0,16
43795,57,adaptive-prasle,2380,1,0,0,16,0,224,0,1,57,41415,2380,0,17,0,0,0,LEADER,1,0,0,0,0,16
44595,78,adaptive-prasle,2260,1,0,0,16,0,224,0,1,78,42335,2260,0,17,0,0,0,LEADER,1,0,0,0,0,16
43761,39,adaptive-prasle,2346,1,0,0,16,0,224,0,1,39,41415,2346,0,17,0,0,0,LEADER,1,0,0,0,0,16
44478,30,adaptive-prasle,2143,1,0,0,16,0,224,0,1,30,42335,2143,0,17,0,0,0,LEADER,1,0,0,0,0,16
43884,64,adaptive-prasle,1549,1,0,0,16,0,224,0,1,64,42335,1549,0,17,0,0,0,LEADER,1,0,0,0,0,16
44109,80,adaptive-prasle,1774,1,0,0,16,0,224,0,1,80,42335,1774,0,17,0,0,0,LEADER,1,0,0,0,0,16
43850,54,adaptive-prasle,1516,1,0,0,16,0,224,0,1,54,42334,1516,0,17,0,0,0,LEADER,1,0,0,0,0,16
44375,43,adaptive-prasle,2040,1,0,0,16,0,224,0,1,43,42335,2040,0,17,0,0,0,LEADER,1,0,0,0,0,16
44295,26,adaptive-prasle,1960,1,0,0,16,0,224,0,1,26,42335,1960,0,17,0,0,0,LEADER,1,0,0,0,0,16
43925,42,adaptive-prasle,1591,1,0,0,16,0,224,0,1,42,42334,1591,0,17,0,0,0,LEADER,1,0,0,0,0,16
43933,31,adaptive-prasle,1598,1,0,0,16,0,224,0,1,31,42335,1598,0,17,0,0,0,LEADER,1,0,0,0,0,16
44690,94,adaptive-prasle,2355,1,0,0,16,0,224,0,1,94,42335,2355,0,17,0,0,0,LEADER,1,0,0,0,0,16
44260,45,adaptive-prasle,1925,1,0,0,16,0,224,0,1,45,42335,1925,0,17,0,0,0,LEADER,1,0,0,0,0,16
44633,60,adaptive-prasle,2298,1,0,0,16,0,224,0,1,60,42335,2298,0,17,0,0,0,LEADER,1,0,0,0,0,16
44738,44,adaptive-prasle,1483,1,0,0,16,0,224,0,1,44,43255,1483,0,17,0,0,0,LEADER,1,0,0,0,0,16
44342,33,adaptive-prasle,2007,1,0,0,16,0,224,0,1,33,42335,2007,0,17,0,0,0,LEADER,1,0,0,0,0,16
43987,51,adaptive-prasle,1652,1,0,0,16,0,224,0,1,51,42335,1652,0,17,0,0,0,LEADER,1,0,0,0,0,16
44786,22,adaptive-prasle,1531,1,0,0,16,0,224,0,1,22,43255,1531,0,17,0,0,0,LEADER,1,0,0,0,0,16
44497,72,adaptive-prasle,2162,1,0,0,16,0,224,0,1,72,42335,2162,0,17,0,0,0,LEADER,1,0,0,0,0,16
44287,24,adaptive-prasle,1952,1,0,0,16,0,224,0,1,24,42335,1952,0,17,0,0,0,LEADER,1,0,0,0,0,16
44819,32,adaptive-prasle,1564,1,0,0,16,0,224,0,1,32,43255,1564,0,17,0,0,0,LEADER,1,0,0,0,0,16
44006,93,adaptive-prasle,1671,1,0,0,16,0,224,0,1,93,42335,1671,0,17,0,0,0,LEADER,1,0,0,0,0,16
44678,69,adaptive-prasle,2343,1,0,0,16,0,224,0,1,69,42335,2343,0,17,0,0,0,LEADER,1,0,0,0,0,16
44665,79,adaptive-prasle,2331,1,0,0,16,0,224,0,1,79,42334,2331,0,17,0,0,0,LEADER,1,0,0,0,0,16
44360,75,adaptive-prasle,2025,1,0,0,16,0,224,0,1,75,42335,2025,0,17,0,0,0,LEADER,1,0,0,0,0,16
44087,81,adaptive-prasle,1752,1,0,0,16,0,224,0,1,81,42335,1752,0,17,0,0,0,LEADER,1,0,0,0,0,16
43945,52,adaptive-prasle,1610,1,0,0,16,0,224,0,1,52,42335,1610,0,17,0,0,0,LEADER,1,0,0,0,0,16
44423,21,adaptive-prasle,2088,1,0,0,16,0,224,0,1,21,42335,2088,0,17,0,0,0,LEADER,1,0,0,0,0,16
44600,29,adaptive-prasle,2265,1,0,0,16,0,224,0,1,29,42335,2265,0,17,0,0,0,LEADER,1,0,0,0,0,16
44176,100,adaptive-prasle,1841,1,0,0,16,0,224,0,1,100,42335,1841,0,17,0,0,0,LEADER,1,0,0,0,0,16
44021,61,adaptive-prasle,1686,1,0,0,16,0,224,0,1,61,42335,1686,0,17,0,0,0,LEADER,1,0,0,0,0,16
44585,91,adaptive-prasle,2250,1,0,0,16,0,224,0,1,91,42335,2250,0,17,0,0,0,LEADER,1,0,0,0,0,16
44545,37,adaptive-prasle,2210,1,0,0,16,0,224,0,1,37,42335,2210,0,17,0,0,0,LEADER,1,0,0,0,0,16
44090,38,adaptive-prasle,1755,1,0,0,16,0,224,0,1,38,42335,1755,0,17,0,0,0,LEADER,1,0,0,0,0,16
44754,98,adaptive-prasle,2419,1,0,0,16,0,224,0,1,98,42335,2419,0,17,0,0,0,LEADER,1,0,0,0,0,16
44613,27,adaptive-prasle,2280,1,0,0,16,0,224,0,1,27,42333,2280,0,17,0,0,0,LEADER,1,0,0,0,0,16
44463,62,adaptive-prasle,2128,1,0,0,16,0,224,0,1,62,42335,2128,0,17,0,0,0,LEADER,1,0,0,0,0,16
44272,56,adaptive-prasle,1937,1,0,0,16,0,224,0,1,56,42335,1937,0,17,0,0,0,LEADER,1,0,0,0,0,16
44660,99,adaptive-prasle,2328,1,0,0,16,0,224,0,1,99,42332,2328,0,17,0,0,0,LEADER,1,0,0,0,0,16
44537,48,adaptive-prasle,2202,1,0,0,16,0,224,0,1,48,42335,2202,0,17,0,0,0,LEADER,1,0,0,0,0,16
44054,71,adaptive-prasle,1719,1,0,0,16,0,224,0,1,71,42335,1719,0,17,0,0,0,LEADER,1,0,0,0,0,16
44279,87,adaptive-prasle,1944,1,0,0,16,0,224,0,1,87,42335,1944,0,17,0,0,0,LEADER,1,0,0,0,0,16
44205,36,adaptive-prasle,1870,1,0,0,16,0,224,0,1,36,42335,1870,0,17,0,0,0,LEADER,1,0,0,0,0,16
44701,77,adaptive-prasle,1446,1,0,0,16,0,224,0,1,77,43255,1446,0,17,0,0,0,LEADER,1,0,0,0,0,16
44892,83,adaptive-prasle,1637,1,0,0,16,0,224,0,1,83,43255,1637,0,17,0,0,0,LEADER,1,0,0,0,0,16
44394,85,adaptive-prasle,2059,1,0,0,16,0,224,0,1,85,42335,2059,0,17,0,0,0,LEADER,1,0,0,0,0,16
44922,19,adaptive-prasle,1667,1,0,0,16,0,224,0,1,19,43255,1667,0,17,0,0,0,LEADER,1,0,0,0,0,16
45077,65,adaptive-prasle,1822,1,0,0,16,0,224,0,1,65,43255,1822,0,17,0,0,0,LEADER,1,0,0,0,0,16
44683,35,adaptive-prasle,1428,1,0,0,16,0,224,0,1,35,43255,1428,0,17,0,0,0,LEADER,1,0,0,0,0,16
44698,86,adaptive-prasle,1443,1,0,0,16,0,224,0,1,86,43255,1443,0,17,0,0,0,LEADER,1,0,0,0,0,16
44741,50,adaptive-prasle,2406,1,0,0,16,0,224,0,1,50,42335,2406,0,17,0,0,0,LEADER,1,0,0,0,0,16
44756,55,adaptive-prasle,1501,1,0,0,16,0,224,0,1,55,43255,1501,0,17,0,0,0,LEADER,1,0,0,0,0,16
44795,63,adaptive-prasle,1540,1,0,0,16,0,224,0,1,63,43255,1540,0,17,0,0,0,LEADER,1,0,0,0,0,16
45159,46,adaptive-prasle,1904,1,0,0,16,0,224,0,1,46,43255,1904,0,17,0,0,0,LEADER,1,0,0,0,0,16
44956,53,adaptive-prasle,1701,1,0,0,16,0,224,0,1,53,43255,1701,0,17,0,0,0,LEADER,1,0,0,0,0,16
44309,23,adaptive-prasle,1974,1,0,0,16,0,224,0,1,23,42335,1974,0,17,0,0,0,LEADER,1,0,0,0,0,16
45177,88,adaptive-prasle,1922,1,0,0,16,0,224,0,1,88,43255,1922,0,17,0,0,0,LEADER,1,0,0,0,0,16
44704,34,adaptive-prasle,1449,1,0,0,16,0,224,0,1,34,43255,1449,0,17,0,0,0,LEADER,1,0,0,0,0,16
44312,97,adaptive-prasle,1977,1,0,0,16,0,224,0,1,97,42335,1977,0,17,0,0,0,LEADER,1,0,0,0,0,16
44430,20,adaptive-prasle,2095,1,0,0,16,0,224,0,1,20,42335,2095,0,17,0,0,0,LEADER,1,0,0,0,0,16
44512,40,adaptive-prasle,2177,1,0,0,16,0,224,0,1,40,42335,2177,0,17,0,0,0,LEADER,1,0,0,0,0,16
44435,47,adaptive-prasle,2100,1,0,0,16,0,224,0,1,47,42335,2100,0,17,0,0,0,LEADER,1,0,0,0,0,16
45347,95,adaptive-prasle,2092,1,0,0,16,0,224,0,1,95,43255,2092,0,17,0,0,0,LEADER,1,0,0,0,0,16
44730,25,adaptive-prasle,2395,1,0,0,16,0,224,0,1,25,42335,2395,0,17,0,0,0,LEADER,1,0,0,0,0,16
45335,84,adaptive-prasle,2080,1,0,0,16,0,224,0,1,84,43255,2080,0,17,0,0,0,LEADER,1,0,0,0,0,16
44612,70,adaptive-prasle,2277,1,0,0,16,0,224,0,1,70,42335,2277,0,17,0,0,0,LEADER,1,0,0,0,0,16
44530,82,adaptive-prasle,2195,1,0,0,16,0,224,0,1,82,42335,2195,0,17,0,0,0,LEADER,1,0,0,0,0,16
44748,67,adaptive-prasle,2413,1,0,0,16,0,224,0,1,67,42335,2413,0,17,0,0,0,LEADER,1,0,0,0,0,16
44700,89,adaptive-prasle,2365,1,0,0,16,0,224,0,1,89,42335,2365,0,17,0,0,0,LEADER,1,0,0,0,0,16
45368,28,adaptive-prasle,2113,1,0,0,16,0,224,0,1,28,43255,2113,0,17,0,0,0,LEADER,1,0,0,0,0,16
45110,68,adaptive-prasle,1855,1,0,0,16,0,224,0,1,68,43255,1855,0,17,0,0,0,LEADER,1,0,0,0,0,16
45062,90,adaptive-prasle,1807,1,0,0,16,0,224,0,1,90,43255,1807,0,17,0,0,0,LEADER,1,0,0,0,0,16
44723,76,adaptive-prasle,1468,1,0,0,16,0,224,0,1,76,43255,1468,0,17,0,0,0,LEADER,1,0,0,0,0,16
45044,10,adaptive-prasle,1789,1,0,0,16,0,224,0,1,10,43255,1789,0,17,0,0,0,LEADER,1,0,0,0,0,16
45476,58,adaptive-prasle,2221,1,0,0,16,0,224,0,1,58,43255,2221,0,17,0,0,0,LEADER,1,0,0,0,0,16
44859,73,adaptive-prasle,1604,1,0,0,16,0,224,0,1,73,43255,1604,0,17,0,0,0,LEADER,1,0,0,0,0,16
44600,59,adaptive-prasle,2265,1,0,0,16,0,224,0,1,59,42335,2265,0,17,0,0,0,LEADER,1,0,0,0,0,16
44874,41,adaptive-prasle,1619,1,0,0,16,0,224,0,1,41,43255,1619,0,17,0,0,0,LEADER,1,0,0,0,0,16
44789,96,adaptive-prasle,1534,1,0,0,16,0,224,0,1,96,43255,1534,0,17,0,0,0,LEADER,1,0,0,0,0,16
45022,49,adaptive-prasle,1767,1,0,0,16,0,224,0,1,49,43255,1767,0,17,0,0,0,LEADER,1,0,0,0,0,16
45091,74,adaptive-prasle,1837,1,0,0,16,0,224,0,1,74,43254,1837,0,17,0,0,0,LEADER,1,0,0,0,0,16
45483,92,adaptive-prasle,2228,1,0,0,16,0,224,0,1,92,43255,2228,0,17,0,0,0,LEADER,1,0,0,0,0,16
44689,66,adaptive-prasle,1434,1,0,0,16,0,224,0,1,66,43255,1434,0,17,0,0,0,LEADER,1,0,0,0,0,16
44715,57,adaptive-prasle,2380,1,0,0,16,0,224,0,1,57,42335,2380,0,17,0,0,0,LEADER,1,0,0,0,0,16
45515,78,adaptive-prasle,2260,1,0,0,16,0,224,0,1,78,43255,2260,0,17,0,0,0,LEADER,1,0,0,0,0,16
44681,39,adaptive-prasle,2346,1,0,0,16,0,224,0,1,39,42335,2346,0,17,0,0,0,LEADER,1,0,0,0,0,16
45398,30,adaptive-prasle,2143,1,0,0,16,0,224,0,1,30,43255,2143,0,17,0,0,0,LEADER,1,0,0,0,0,16
44804,64,adaptive-prasle,1549,1,0,0,16,0,224,0,1,64,43255,1549,0,17,0,0,0,LEADER,1,0,0,0,0,16
45029,80,adaptive-prasle,1774,1,0,0,16,0,224,0,1,80,43255,1774,0,17,0,0,0,LEADER,1,0,0,0,0,16
44770,54,adaptive-prasle,1516,1,0,0,16,0,224,0,1,54,43254,1516,0,17,0,0,0,LEADER,1,0,0,0,0,16
45295,43,adaptive-prasle,2040,1,0,0,16,0,224,0,1,43,43255,2040,0,17,0,0,0,LEADER,1,0,0,0,0,16
45215,26,adaptive-prasle,1960,1,0,0,16,0,224,0,1,26,43255,1960,0,17,0,0,0,LEADER,1,0,0,0,0,16
44845,42,adaptive-prasle,1591,1,0,0,16,0,224,0,1,42,43254,1591,0,17,0,0,0,LEADER,1,0,0,0,0,16
44853,31,adaptive-prasle,1598,1,0,0,16,0,224,0,1,31,43255,1598,0,17,0,0,0,LEADER,1,0,0,0,0,16
45610,94,adaptive-prasle,2355,1,0,0,16,0,224,0,1,94,43255,2355,0,17,0,0,0,LEADER,1,0,0,0,0,16
45180,45,adaptive-prasle,1925,1,0,0,16,0,224,0,1,45,43255,1925,0,17,0,0,0,LEADER,1,0,0,0,0,16
45553,60,adaptive-prasle,2298,1,0,0,16,0,224,0,1,60,43255,2298,0,17,0,0,0,LEADER,1,0,0,0,0,16
45659,44,adaptive-prasle,1483,1,0,0,17,0,238,0,1,44,44176,1483,0,18,0,0,0,LEADER,1,0,0,0,0,17
45262,33,adaptive-prasle,2007,1,0,0,16,0,224,0,1,33,43255,2007,0,17,0,0,0,LEADER,1,0,0,0,0,16
44907,51,adaptive-prasle,1652,1,0,0,16,0,224,0,1,51,43255,1652,0,17,0,0,0,LEADER,1,0,0,0,0,16
45417,72,adaptive-prasle,2162,1,0,0,16,0,224,0,1,72,43255,2162,0,17,0,0,0,LEADER,1,0,0,0,0,16
45707,22,adaptive-prasle,1531,1,0,0,17,0,238,0,1,22,44176,1531,0,18,0,0,0,LEADER,1,0,0,0,0,17
45207,24,adaptive-prasle,1952,1,0,0,16,0,224,0,1,24,43255,1952,0,17,0,0,0,LEADER,1,0,0,0,0,16
45740,32,adaptive-prasle,1564,1,0,0,17,0,238,0,1,32,44176,1564,0,18,0,0,0,LEADER,1,0,0,0,0,17
44926,93,adaptive-prasle,1671,1,0,0,16,0,224,0,1,93,43255,1671,0,17,0,0,0,LEADER,1,0,0,0,0,16
45598,69,adaptive-prasle,2343,1,0,0,16,0,224,0,1,69,43255,2343,0,17,0,0,0,LEADER,1,0,0,0,0,16
45585,79,adaptive-prasle,2331,1,0,0,16,0,224,0,1,79,43254,2331,0,17,0,0,0,LEADER,1,0,0,0,0,16
45280,75,adaptive-prasle,2025,1,0,0,16,0,224,0,1,75,43255,2025,0,17,0,0,0,LEADER,1,0,0,0,0,16
45007,81,adaptive-prasle,1752,1,0,0,16,0,224,0,1,81,43255,1752,0,17,0,0,0,LEADER,1,0,0,0,0,16
44865,52,adaptive-prasle,1610,1,0,0,16,0,224,0,1,52,43255,1610,0,17,0,0,0,LEADER,1,0,0,0,0,16
45343,21,adaptive-prasle,2088,1,0,0,16,0,224,0,1,21,43255,2088,0,17,0,0,0,LEADER,1,0,0,0,0,16
45520,29,adaptive-prasle,2265,1,0,0,16,0,224,0,1,29,43255,2265,0,17,0,0,0,LEADER,1,0,0,0,0,16
45096,100,adaptive-prasle,1841,1,0,0,16,0,224,0,1,100,43255,1841,0,17,0,0,0,LEADER,1,0,0,0,0,16
44941,61,adaptive-prasle,1686,1,0,0,16,0,224,0,1,61,43255,1686,0,17,0,0,0,LEADER,1,0,0,0,0,16
45505,91,adaptive-prasle,2250,1,0,0,16,0,224,0,1,91,43255,2250,0,17,0,0,0,LEADER,1,0,0,0,0,16
45465,37,adaptive-prasle,2210,1,0,0,16,0,224,0,1,37,43255,2210,0,17,0,0,0,LEADER,1,0,0,0,0,16
45010,38,adaptive-prasle,1755,1,0,0,16,0,224,0,1,38,43255,1755,0,17,0,0,0,LEADER,1,0,0,0,0,16
45674,98,adaptive-prasle,2419,1,0,0,16,0,224,0,1,98,43255,2419,0,17,0,0,0,LEADER,1,0,0,0,0,16
45533,27,adaptive-prasle,2280,1,0,0,16,0,224,0,1,27,43253,2280,0,17,0,0,0,LEADER,1,0,0,0,0,16
45383,62,adaptive-prasle,2128,1,0,0,16,0,224,0,1,62,43255,2128,0,17,0,0,0,LEADER,1,0,0,0,0,16
45192,56,adaptive-prasle,1937,1,0,0,16,0,224,0,1,56,43255,1937,0,17,0,0,0,LEADER,1,0,0,0,0,16
45580,99,adaptive-prasle,2328,1,0,0,16,0,224,0,1,99,43252,2328,0,17,0,0,0,LEADER,1,0,0,0,0,16
45457,48,adaptive-prasle,2202,1,0,0,16,0,224,0,1,48,43255,2202,0,17,0,0,0,LEADER,1,0,0,0,0,16
44974,71,adaptive-prasle,1719,1,0,0,16,0,224,0,1,71,43255,1719,0,17,0,0,0,LEADER,1,0,0,0,0,16
45199,87,adaptive-prasle,1944,1,0,0,16,0,224,0,1,87,43255,1944,0,17,0,0,0,LEADER,1,0,0,0,0,16
45125,36,adaptive-prasle,1870,1,0,0,16,0,224,0,1,36,43255,1870,0,17,0,0,0,LEADER,1,0,0,0,0,16
45622,77,adaptive-prasle,1446,1,0,0,17,0,238,0,1,77,44176,1446,0,18,0,0,0,LEADER,1,0,0,0,0,17
45813,83,adaptive-prasle,1637,1,0,0,17,0,238,0,1,83,44176,1637,0,18,0,0,0,LEADER,1,0,0,0,0,17
45314,85,adaptive-prasle,2059,1,0,0,16,0,224,0,1,85,43255,2059,0,17,0,0,0,LEADER,1,0,0,0,0,16
45843,19,adaptive-prasle,1667,1,0,0,17,0,238,0,1,19,44176,1667,0,18,0,0,0,LEADER,1,0,0,0,0,17
45998,65,adaptive-prasle,1822,1,0,0,17,0,238,0,1,65,44176,1822,0,18,0,0,0,LEADER,1,0,0,0,0,17
45604,35,adaptive-prasle,1428,1,0,0,17,0,238,0,1,35,44176,1428,0,18,0,0,0,LEADER,1,0,0,0,0,17
45619,86,adaptive-prasle,1443,1,0,0,17,0,238,0,1,86,44176,1443,0,18,0,0,0,LEADER,1,0,0,0,0,17
45661,50,adaptive-prasle,2406,1,0,0,16,0,224,0,1,50,43255,2406,0,17,0,0,0,LEADER,1,0,0,0,0,16
45677,55,adaptive-prasle,1501,1,0,0,17,0,238,0,1,55,44176,1501,0,18,0,0,0,LEADER,1,0,0,0,0,17
45716,63,adaptive-prasle,1540,1,0,0,17,0,238,0,1,63,44176,1540,0,18,0,0,0,LEADER,1,0,0,0,0,17
46080,46,adaptive-prasle,1904,1,0,0,17,0,238,0,1,46,44176,1904,0,18,0,0,0,LEADER,1,0,0,0,0,17
45877,53,adaptive-prasle,1701,1,0,0,17,0,238,0,1,53,44176,1701,0,18,0,0,0,LEADER,1,0,0,0,0,17
45229,23,adaptive-prasle,1974,1,0,0,16,0,224,0,1,23,43255,1974,0,17,0,0,0,LEADER,1,0,0,0,0,16
46098,88,adaptive-prasle,1922,1,0,0,17,0,238,0,1,88,44176,1922,0,18,0,0,0,LEADER,1,0,0,0,0,17
45625,34,adaptive-prasle,1449,1,0,0,17,0,238,0,1,34,44176,1449,0,18,0,0,0,LEADER,1,0,0,0,0,17
45232,97,adaptive-prasle,1977,1,0,0,16,0,224,0,1,97,43255,1977,0,17,0,0,0,LEADER,1,0,0,0,0,16
45350,20,adaptive-prasle,2095,1,0,0,16,0,224,0,1,20,43255,2095,0,17,0,0,0,LEADER,1,0,0,0,0,16
45432,40,adaptive-prasle,2177,1,0,0,16,0,224,0,1,40,43255,2177,0,17,0,0,0,LEADER,1,0,0,0,0,16
45355,47,adaptive-prasle,2100,1,0,0,16,0,224,0,1,47,43255,2100,0,17,0,0,0,LEADER,1,0,0,0,0,16
46268,95,adaptive-prasle,2092,1,0,0,17,0,238,0,1,95,44176,2092,0,18,0,0,0,LEADER,1,0,0,0,0,17
45650,25,adaptive-prasle,2395,1,0,0,16,0,224,0,1,25,43255,2395,0,17,0,0,0,LEADER,1,0,0,0,0,16
46256,84,adaptive-prasle,2080,1,0,0,17,0,238,0,1,84,44176,2080,0,18,0,0,0,LEADER,1,0,0,0,0,17
45532,70,adaptive-prasle,2277,1,0,0,16,0,224,0,1,70,43255,2277,0,17,0,0,0,LEADER,1,0,0,0,0,16
45450,82,adaptive-prasle,2195,1,0,0,16,0,224,0,1,82,43255,2195,0,17,0,0,0,LEADER,1,0,0,0,0,16
45668,67,adaptive-prasle,2413,1,0,0,16,0,224,0,1,67,43255,2413,0,17,0,0,0,LEADER,1,0,0,0,0,16
45620,89,adaptive-prasle,2365,1,0,0,16,0,224,0,1,89,43255,2365,0,17,0,0,0,LEADER,1,0,0,0,0,16
46289,28,adaptive-prasle,2113,1,0,0,17,0,238,0,1,28,44176,2113,0,18,0,0,0,LEADER,1,0,0,0,0,17
46031,68,adaptive-prasle,1855,1,0,0,17,0,238,0,1,68,44176,1855,0,18,0,0,0,LEADER,1,0,0,0,0,17
45983,90,adaptive-prasle,1807,1,0,0,17,0,238,0,1,90,44176,1807,0,18,0,0,0,LEADER,1,0,0,0,0,17
45644,76,adaptive-prasle,1468,1,0,0,17,0,238,0,1,76,44176,1468,0,18,0,0,0,LEADER,1,0,0,0,0,17
46397,58,adaptive-prasle,2221,1,0,0,17,0,238,0,1,58,44176,2221,0,18,0,0,0,LEADER,1,0,0,0,0,17
45965,10,adaptive-prasle,1789,1,0,0,17,0,238,0,1,10,44176,1789,0,18,0,0,0,LEADER,1,0,0,0,0,17
45780,73,adaptive-prasle,1604,1,0,0,17,0,238,0,1,73,44176,1604,0,18,0,0,0,LEADER,1,0,0,0,0,17
45520,59,adaptive-prasle,2265,1,0,0,16,0,224,0,1,59,43255,2265,0,17,0,0,0,LEADER,1,0,0,0,0,16
45795,41,adaptive-prasle,1619,1,0,0,17,0,238,0,1,41,44176,1619,0,18,0,0,0,LEADER,1,0,0,0,0,17
45710,96,adaptive-prasle,1534,1,0,0,17,0,238,0,1,96,44176,1534,0,18,0,0,0,LEADER,1,0,0,0,0,17
45943,49,adaptive-prasle,1767,1,0,0,17,0,238,0,1,49,44176,1767,0,18,0,0,0,LEADER,1,0,0,0,0,17
46012,74,adaptive-prasle,1837,1,0,0,17,0,238,0,1,74,44175,1837,0,18,0,0,0,LEADER,1,0,0,0,0,17
46404,92,adaptive-prasle,2228,1,0,0,17,0,238,0,1,92,44176,2228,0,18,0,0,0,LEADER,1,0,0,0,0,17
45610,66,adaptive-prasle,1434,1,0,0,17,0,238,0,1,66,44176,1434,0,18,0,0,0,LEADER,1,0,0,0,0,17
45635,57,adaptive-prasle,2380,1,0,0,16,0,224,0,1,57,43255,2380,0,17,0,0,0,LEADER,1,0,0,0,0,16
46436,78,adaptive-prasle,2260,1,0,0,17,0,238,0,1,78,44176,2260,0,18,0,0,0,LEADER,1,0,0,0,0,17
45601,39,adaptive-prasle,2346,1,0,0,16,0,224,0,1,39,43255,2346,0,17,0,0,0,LEADER,1,0,0,0,0,16
46319,30,adaptive-prasle,2143,1,0,0,17,0,238,0,1,30,44176,2143,0,18,0,0,0,LEADER,1,0,0,0,0,17
45725,64,adaptive-prasle,1549,1,0,0,17,0,238,0,1,64,44176,1549,0,18,0,0,0,LEADER,1,0,0,0,0,17
45950,80,adaptive-prasle,1774,1,0,0,17,0,238,0,1,80,44176,1774,0,18,0,0,0,LEADER,1,0,0,0,0,17
45691,54,adaptive-prasle,1516,1,0,0,17,0,238,0,1,54,44175,1516,0,18,0,0,0,LEADER,1,0,0,0,0,17
46216,43,adaptive-prasle,2040,1,0,0,17,0,238,0,1,43,44176,2040,0,18,0,0,0,LEADER,1,0,0,0,0,17
46136,26,adaptive-prasle,1960,1,0,0,17,0,238,0,1,26,44176,1960,0,18,0,0,0,LEADER,1,0,0,0,0,17
45766,42,adaptive-prasle,1591,1,0,0,17,0,238,0,1,42,44175,1591,0,18,0,0,0,LEADER,1,0,0,0,0,17
46282,15,adaptive-prasle,2361,1,0,0,5,8,70,112,2,5,43921,2361,0,3,0,0,0,NORMAL,0,0,0,0,0,5
45774,31,adaptive-prasle,1598,1,0,0,17,0,238,0,1,31,44176,1598,0,18,0,0,0,LEADER,1,0,0,0,0,17
46531,94,adaptive-prasle,2355,1,0,0,17,0,238,0,1,94,44176,2355,0,18,0,0,0,LEADER,1,0,0,0,0,17
46101,45,adaptive-prasle,1925,1,0,0,17,0,238,0,1,45,44176,1925,0,18,0,0,0,LEADER,1,0,0,0,0,17
46474,60,adaptive-prasle,2298,1,0,0,17,0,238,0,1,60,44176,2298,0,18,0,0,0,LEADER,1,0,0,0,0,17
46579,44,adaptive-prasle,1483,1,0,0,17,0,238,0,1,44,45096,1483,0,18,0,0,0,LEADER,1,0,0,0,0,17
46183,33,adaptive-prasle,2007,1,0,0,17,0,238,0,1,33,44176,2007,0,18,0,0,0,LEADER,1,0,0,0,0,17
45828,51,adaptive-prasle,1652,1,0,0,17,0,238,0,1,51,44176,1652,0,18,0,0,0,LEADER,1,0,0,0,0,17
46627,22,adaptive-prasle,1531,1,0,0,17,0,238,0,1,22,45096,1531,0,18,0,0,0,LEADER,1,0,0,0,0,17
46338,72,adaptive-prasle,2162,1,0,0,17,0,238,0,1,72,44176,2162,0,18,0,0,0,LEADER,1,0,0,0,0,17
46128,24,adaptive-prasle,1952,1,0,0,17,0,238,0,1,24,44176,1952,0,18,0,0,0,LEADER,1,0,0,0,0,17
46660,32,adaptive-prasle,1564,1,0,0,17,0,238,0,1,32,45096,1564,0,18,0,0,0,LEADER,1,0,0,0,0,17
45847,93,adaptive-prasle,1671,1,0,0,17,0,238,0,1,93,44176,1671,0,18,0,0,0,LEADER,1,0,0,0,0,17
46519,69,adaptive-prasle,2343,1,0,0,17,0,238,0,1,69,44176,2343,0,18,0,0,0,LEADER,1,0,0,0,0,17
46506,79,adaptive-prasle,2331,1,0,0,17,0,238,0,1,79,44175,2331,0,18,0,0,0,LEADER,1,0,0,0,0,17
46201,75,adaptive-prasle,2025,1,0,0,17,0,238,0,1,75,44176,2025,0,18,0,0,0,LEADER,1,0,0,0,0,17
45928,81,adaptive-prasle,1752,1,0,0,17,0,238,0,1,81,44176,1752,0,18,0,0,0,LEADER,1,0,0,0,0,17
45786,52,adaptive-prasle,1610,1,0,0,17,0,238,0,1,52,44176,1610,0,18,0,0,0,LEADER,1,0,0,0,0,17
46264,21,adaptive-prasle,2088,1,0,0,17,0,238,0,1,21,44176,2088,0,18,0,0,0,LEADER,1,0,0,0,0,17
46441,29,adaptive-prasle,2265,1,0,0,17,0,238,0,1,29,44176,2265,0,18,0,0,0,LEADER,1,0,0,0,0,17
46017,100,adaptive-prasle,1841,1,0,0,17,0,238,0,1,100,44176,1841,0,18,0,0,0,LEADER,1,0,0,0,0,17
45862,61,adaptive-prasle,1686,1,0,0,17,0,238,0,1,61,44176,1686,0,18,0,0,0,LEADER,1,0,0,0,0,17
46426,91,adaptive-prasle,2250,1,0,0,17,0,238,0,1,91,44176,2250,0,18,0,0,0,LEADER,1,0,0,0,0,17
46386,37,adaptive-prasle,2210,1,0,0,17,0,238,0,1,37,44176,2210,0,18,0,0,0,LEADER,1,0,0,0,0,17
45931,38,adaptive-prasle,1755,1,0,0,17,0,238,0,1,38,44176,1755,0,18,0,0,0,LEADER,1,0,0,0,0,17
46595,98,adaptive-prasle,2419,1,0,0,17,0,238,0,1,98,44176,2419,0,18,0,0,0,LEADER,1,0,0,0,0,17
46454,27,adaptive-prasle,2280,1,0,0,17,0,238,0,1,27,44174,2280,0,18,0,0,0,LEADER,1,0,0,0,0,17
46304,62,adaptive-prasle,2128,1,0,0,17,0,238,0,1,62,44176,2128,0,18,0,0,0,LEADER,1,0,0,0,0,17
46113,56,adaptive-prasle,1937,1,0,0,17,0,238,0,1,56,44176,1937,0,18,0,0,0,LEADER,1,0,0,0,0,17
46501,99,adaptive-prasle,2328,1,0,0,17,0,238,0,1,99,44173,2328,0,18,0,0,0,LEADER,1,0,0,0,0,17
46378,48,adaptive-prasle,2202,1,0,0,17,0,238,0,1,48,44176,2202,0,18,0,0,0,LEADER,1,0,0,0,0,17
45895,71,adaptive-prasle,1719,1,0,0,17,0,238,0,1,71,44176,1719,0,18,0,0,0,LEADER,1,0,0,0,0,17
46120,87,adaptive-prasle,1944,1,0,0,17,0,238,0,1,87,44176,1944,0,18,0,0,0,LEADER,1,0,0,0,0,17
46046,36,adaptive-prasle,1870,1,0,0,17,0,238,0,1,36,44176,1870,0,18,0,0,0,LEADER,1,0,0,0,0,17
46542,77,adaptive-prasle,1446,1,0,0,17,0,238,0,1,77,45096,1446,0,18,0,0,0,LEADER,1,0,0,0,0,17
46733,83,adaptive-prasle,1637,1,0,0,17,0,238,0,1,83,45096,1637,0,18,0,0,0,LEADER,1,0,0,0,0,17
46235,85,adaptive-prasle,2059,1,0,0,17,0,238,0,1,85,44176,2059,0,18,0,0,0,LEADER,1,0,0,0,0,17
46763,19,adaptive-prasle,1667,1,0,0,17,0,238,0,1,19,45096,1667,0,18,0,0,0,LEADER,1,0,0,0,0,17
46918,65,adaptive-prasle,1822,1,0,0,17,0,238,0,1,65,45096,1822,0,18,0,0,0,LEADER,1,0,0,0,0,17
46524,35,adaptive-prasle,1428,1,0,0,17,0,238,0,1,35,45096,1428,0,18,0,0,0,LEADER,1,0,0,0,0,17
46539,86,adaptive-prasle,1443,1,0,0,17,0,238,0,1,86,45096,1443,0,18,0,0,0,LEADER,1,0,0,0,0,17
46582,50,adaptive-prasle,2406,1,0,0,17,0,238,0,1,50,44176,2406,0,18,0,0,0,LEADER,1,0,0,0,0,17
46597,55,adaptive-prasle,1501,1,0,0,17,0,238,0,1,55,45096,1501,0,18,0,0,0,LEADER,1,0,0,0,0,17
46636,63,adaptive-prasle,1540,1,0,0,17,0,238,0,1,63,45096,1540,0,18,0,0,0,LEADER,1,0,0,0,0,17
47000,46,adaptive-prasle,1904,1,0,0,17,0,238,0,1,46,45096,1904,0,18,0,0,0,LEADER,1,0,0,0,0,17
46797,53,adaptive-prasle,1701,1,0,0,17,0,238,0,1,53,45096,1701,0,18,0,0,0,LEADER,1,0,0,0,0,17
46150,23,adaptive-prasle,1974,1,0,0,17,0,238,0,1,23,44176,1974,0,18,0,0,0,LEADER,1,0,0,0,0,17
47018,88,adaptive-prasle,1922,1,0,0,17,0,238,0,1,88,45096,1922,0,18,0,0,0,LEADER,1,0,0,0,0,17
46545,34,adaptive-prasle,1449,1,0,0,17,0,238,0,1,34,45096,1449,0,18,0,0,0,LEADER,1,0,0,0,0,17
46153,97,adaptive-prasle,1977,1,0,0,17,0,238,0,1,97,44176,1977,0,18,0,0,0,LEADER,1,0,0,0,0,17
46271,20,adaptive-prasle,2095,1,0,0,17,0,238,0,1,20,44176,2095,0,18,0,0,0,LEADER,1,0,0,0,0,17
46353,40,adaptive-prasle,2177,1,0,0,17,0,238,0,1,40,44176,2177,0,18,0,0,0,LEADER,1,0,0,0,0,17
46276,47,adaptive-prasle,2100,1,0,0,17,0,238,0,1,47,44176,2100,0,18,0,0,0,LEADER,1,0,0,0,0,17
47188,95,adaptive-prasle,2092,1,0,0,17,0,238,0,1,95,45096,2092,0,18,0,0,0,LEADER,1,0,0,0,0,17
46571,25,adaptive-prasle,2395,1,0,0,17,0,238,0,1,25,44176,2395,0,18,0,0,0,LEADER,1,0,0,0,0,17
47176,84,adaptive-prasle,2080,1,0,0,17,0,238,0,1,84,45096,2080,0,18,0,0,0,LEADER,1,0,0,0,0,17
46453,70,adaptive-prasle,2277,1,0,0,17,0,238,0,1,70,44176,2277,0,18,0,0,0,LEADER,1,0,0,0,0,17
46371,82,adaptive-prasle,2195,1,0,0,17,0,238,0,1,82,44176,2195,0,18,0,0,0,LEADER,1,0,0,0,0,17
46589,67,adaptive-prasle,2413,1,0,0,17,0,238,0,1,67,44176,2413,0,18,0,0,0,LEADER,1,0,0,0,0,17
46541,89,adaptive-prasle,2365,1,0,0,17,0,238,0,1,89,44176,2365,0,18,0,0,0,LEADER,1,0,0,0,0,17
47209,28,adaptive-prasle,2113,1,0,0,17,0,238,0,1,28,45096,2113,0,18,0,0,0,LEADER,1,0,0,0,0,17
46951,68,adaptive-prasle,1855,1,0,0,17,0,238,0,1,68,45096,1855,0,18,0,0,0,LEADER,1,0,0,0,0,17
46903,90,adaptive-prasle,1807,1,0,0,17,0,238,0,1,90,45096,1807,0,18,0,0,0,LEADER,1,0,0,0,0,17
46564,76,adaptive-prasle,1468,1,0,0,17,0,238,0,1,76,45096,1468,0,18,0,0,0,LEADER,1,0,0,0,0,17
46885,10,adaptive-prasle,1789,1,0,0,17,0,238,0,1,10,45096,1789,0,18,0,0,0,LEADER,1,0,0,0,0,17
47317,58,adaptive-prasle,2221,1,0,0,17,0,238,0,1,58,45096,2221,0,18,0,0,0,LEADER,1,0,0,0,0,17
46700,73,adaptive-prasle,1604,1,0,0,17,0,238,0,1,73,45096,1604,0,18,0,0,0,LEADER,1,0,0,0,0,17
46441,59,adaptive-prasle,2265,1,0,0,17,0,238,0,1,59,44176,2265,0,18,0,0,0,LEADER,1,0,0,0,0,17
46715,41,adaptive-prasle,1619,1,0,0,17,0,238,0,1,41,45096,1619,0,18,0,0,0,LEADER,1,0,0,0,0,17
46630,96,adaptive-prasle,1534,1,0,0,17,0,238,0,1,96,45096,1534,0,18,0,0,0,LEADER,1,0,0,0,0,17
46863,49,adaptive-prasle,1767,1,0,0,17,0,238,0,1,49,45096,1767,0,18,0,0,0,LEADER,1,0,0,0,0,17
46932,74,adaptive-prasle,1837,1,0,0,17,0,238,0,1,74,45095,1837,0,18,0,0,0,LEADER,1,0,0,0,0,17
47324,92,adaptive-prasle,2228,1,0,0,17,0,238,0,1,92,45096,2228,0,18,0,0,0,LEADER,1,0,0,0,0,17
46530,66,adaptive-prasle,1434,1,0,0,17,0,238,0,1,66,45096,1434,0,18,0,0,0,LEADER,1,0,0,0,0,17
46556,57,adaptive-prasle,2380,1,0,0,17,0,238,0,1,57,44176,2380,0,18,0,0,0,LEADER,1,0,0,0,0,17
47356,78,adaptive-prasle,2260,1,0,0,17,0,238,0,1,78,45096,2260,0,18,0,0,0,LEADER,1,0,0,0,0,17
46522,39,adaptive-prasle,2346,1,0,0,17,0,238,0,1,39,44176,2346,0,18,0,0,0,LEADER,1,0,0,0,0,17
47239,30,adaptive-prasle,2143,1,0,0,17,0,238,0,1,30,45096,2143,0,18,0,0,0,LEADER,1,0,0,0,0,17
46645,64,adaptive-prasle,1549,1,0,0,17,0,238,0,1,64,45096,1549,0,18,0,0,0,LEADER,1,0,0,0,0,17
46870,80,adaptive-prasle,1774,1,0,0,17,0,238,0,1,80,45096,1774,0,18,0,0,0,LEADER,1,0,0,0,0,17
46611,54,adaptive-prasle,1516,1,0,0,17,0,238,0,1,54,45095,1516,0,18,0,0,0,LEADER,1,0,0,0,0,17
47136,43,adaptive-prasle,2040,1,0,0,17,0,238,0,1,43,45096,2040,0,18,0,0,0,LEADER,1,0,0,0,0,17
47056,26,adaptive-prasle,1960,1,0,0,17,0,238,0,1,26,45096,1960,0,18,0,0,0,LEADER,1,0,0,0,0,17
46686,42,adaptive-prasle,1591,1,0,0,17,0,238,0,1,42,45095,1591,0,18,0,0,0,LEADER,1,0,0,0,0,17
46694,31,adaptive-prasle,1598,1,0,0,17,0,238,0,1,31,45096,1598,0,18,0,0,0,LEADER,1,0,0,0,0,17
47451,94,adaptive-prasle,2355,1,0,0,17,0,238,0,1,94,45096,2355,0,18,0,0,0,LEADER,1,0,0,0,0,17
47021,45,adaptive-prasle,1925,1,0,0,17,0,238,0,1,45,45096,1925,0,18,0,0,0,LEADER,1,0,0,0,0,17
47394,60,adaptive-prasle,2298,1,0,0,17,0,238,0,1,60,45096,2298,0,18,0,0,0,LEADER,1,0,0,0,0,17
47499,44,adaptive-prasle,1483,1,0,0,17,0,238,0,1,44,46016,1483,0,18,0,0,0,LEADER,1,0,0,0,0,17
47103,33,adaptive-prasle,2007,1,0,0,17,0,238,0,1,33,45096,2007,0,18,0,0,0,LEADER,1,0,0,0,0,17
46748,51,adaptive-prasle,1652,1,0,0,17,0,238,0,1,51,45096,1652,0,18,0,0,0,LEADER,1,0,0,0,0,17
47547,22,adaptive-prasle,1531,1,0,0,17,0,238,0,1,22,46016,1531,0,18,0,0,0,LEADER,1,0,0,0,0,17
47258,72,adaptive-prasle,2162,1,0,0,17,0,238,0,1,72,45096,2162,0,18,0,0,0,LEADER,1,0,0,0,0,17
47048,24,adaptive-prasle,1952,1,0,0,17,0,238,0,1,24,45096,1952,0,18,0,0,0,LEADER,1,0,0,0,0,17
47580,32,adaptive-prasle,1564,1,0,0,17,0,238,0,1,32,46016,1564,0,18,0,0,0,LEADER,1,0,0,0,0,17
46767,93,adaptive-prasle,1671,1,0,0,17,0,238,0,1,93,45096,1671,0,18,0,0,0,LEADER,1,0,0,0,0,17
47439,69,adaptive-prasle,2343,1,0,0,17,0,238,0,1,69,45096,2343,0,18,0,0,0,LEADER,1,0,0,0,0,17
47426,79,adaptive-prasle,2331,1,0,0,17,0,238,0,1,79,45095,2331,0,18,0,0,0,LEADER,1,0,0,0,0,17
47121,75,adaptive-prasle,2025,1,0,0,17,0,238,0,1,75,45096,2025,0,18,0,0,0,LEADER,1,0,0,0,0,17
46848,81,adaptive-prasle,1752,1,0,0,17,0,238,0,1,81,45096,1752,0,18,0,0,0,LEADER,1,0,0,0,0,17
46706,52,adaptive-prasle,1610,1,0,0,17,0,238,0,1,52,45096,1610,0,18,0,0,0,LEADER,1,0,0,0,0,17
47184,21,adaptive-prasle,2088,1,0,0,17,0,238,0,1,21,45096,2088,0,18,0,0,0,LEADER,1,0,0,0,0,17
47361,29,adaptive-prasle,2265,1,0,0,17,0,238,0,1,29,45096,2265,0,18,0,0,0,LEADER,1,0,0,0,0,17
46937,100,adaptive-prasle,1841,1,0,0,17,0,238,0,1,100,45096,1841,0,18,0,0,0,LEADER,1,0,0,0,0,17
46782,61,adaptive-prasle,1686,1,0,0,17,0,238,0,1,61,45096,1686,0,18,0,0,0,LEADER,1,0,0,0,0,17
47346,91,adaptive-prasle,2250,1,0,0,17,0,238,0,1,91,45096,2250,0,18,0,0,0,LEADER,1,0,0,0,0,17
47306,37,adaptive-prasle,2210,1,0,0,17,0,238,0,1,37,45096,2210,0,18,0,0,0,LEADER,1,0,0,0,0,17
46851,38,adaptive-prasle,1755,1,0,0,17,0,238,0,1,38,45096,1755,0,18,0,0,0,LEADER,1,0,0,0,0,17
47515,98,adaptive-prasle,2419,1,0,0,17,0,238,0,1,98,45096,2419,0,18,0,0,0,LEADER,1,0,0,0,0,17
47374,27,adaptive-prasle,2280,1,0,0,17,0,238,0,1,27,45094,2280,0,18,0,0,0,LEADER,1,0,0,0,0,17
47033,56,adaptive-prasle,1937,1,0,0,17,0,238,0,1,56,45096,1937,0,18,0,0,0,LEADER,1,0,0,0,0,17
47224,62,adaptive-prasle,2128,1,0,0,17,0,238,0,1,62,45096,2128,0,18,0,0,0,LEADER,1,0,0,0,0,17
47421,99,adaptive-prasle,2328,1,0,0,17,0,238,0,1,99,45093,2328,0,18,0,0,0,LEADER,1,0,0,0,0,17
47298,48,adaptive-prasle,2202,1,0,0,17,0,238,0,1,48,45096,2202,0,18,0,0,0,LEADER,1,0,0,0,0,17
46815,71,adaptive-prasle,1719,1,0,0,17,0,238,0,1,71,45096,1719,0,18,0,0,0,LEADER,1,0,0,0,0,17
47040,87,adaptive-prasle,1944,1,0,0,17,0,238,0,1,87,45096,1944,0,18,0,0,0,LEADER,1,0,0,0,0,17
46966,36,adaptive-prasle,1870,1,0,0,17,0,238,0,1,36,45096,1870,0,18,0,0,0,LEADER,1,0,0,0,0,17
47462,77,adaptive-prasle,1446,1,0,0,17,0,238,0,1,77,46016,1446,0,18,0,0,0,LEADER,1,0,0,0,0,17
47653,83,adaptive-prasle,1637,1,0,0,17,0,238,0,1,83,46016,1637,0,18,0,0,0,LEADER,1,0,0,0,0,17
47155,85,adaptive-prasle,2059,1,0,0,17,0,238,0,1,85,45096,2059,0,18,0,0,0,LEADER,1,0,0,0,0,17
47683,19,adaptive-prasle,1667,1,0,0,17,0,238,0,1,19,46016,1667,0,18,0,0,0,LEADER,1,0,0,0,0,17
47838,65,adaptive-prasle,1822,1,0,0,17,0,238,0,1,65,46016,1822,0,18,0,0,0,LEADER,1,0,0,0,0,17
47444,35,adaptive-prasle,1428,1,0,0,17,0,238,0,1,35,46016,1428,0,18,0,0,0,LEADER,1,0,0,0,0,17
47459,86,adaptive-prasle,1443,1,0,0,17,0,238,0,1,86,46016,1443,0,18,0,0,0,LEADER,1,0,0,0,0,17
47502,50,adaptive-prasle,2406,1,0,0,17,0,238,0,1,50,45096,2406,0,18,0,0,0,LEADER,1,0,0,0,0,17
47517,55,adaptive-prasle,1501,1,0,0,17,0,238,0,1,55,46016,1501,0,18,0,0,0,LEADER,1,0,0,0,0,17
47556,63,adaptive-prasle,1540,1,0,0,17,0,238,0,1,63,46016,1540,0,18,0,0,0,LEADER,1,0,0,0,0,17
47920,46,adaptive-prasle,1904,1,0,0,17,0,238,0,1,46,46016,1904,0,18,0,0,0,LEADER,1,0,0,0,0,17
47717,53,adaptive-prasle,1701,1,0,0,17,0,238,0,1,53,46016,1701,0,18,0,0,0,LEADER,1,0,0,0,0,17
47070,23,adaptive-prasle,1974,1,0,0,17,0,238,0,1,23,45096,1974,0,18,0,0,0,LEADER,1,0,0,0,0,17
47938,88,adaptive-prasle,1922,1,0,0,17,0,238,0,1,88,46016,1922,0,18,0,0,0,LEADER,1,0,0,0,0,17
47465,34,adaptive-prasle,1449,1,0,0,17,0,238,0,1,34,46016,1449,0,18,0,0,0,LEADER,1,0,0,0,0,17
47073,97,adaptive-prasle,1977,1,0,0,17,0,238,0,1,97,45096,1977,0,18,0,0,0,LEADER,1,0,0,0,0,17
47191,20,adaptive-prasle,2095,1,0,0,17,0,238,0,1,20,45096,2095,0,18,0,0,0,LEADER,1,0,0,0,0,17
47273,40,adaptive-prasle,2177,1,0,0,17,0,238,0,1,40,45096,2177,0,18,0,0,0,LEADER,1,0,0,0,0,17
47196,47,adaptive-prasle,2100,1,0,0,17,0,238,0,1,47,45096,2100,0,18,0,0,0,LEADER,1,0,0,0,0,17
48108,95,adaptive-prasle,2092,1,0,0,17,0,238,0,1,95,46016,2092,0,18,0,0,0,LEADER,1,0,0,0,0,17
47491,25,adaptive-prasle,2395,1,0,0,17,0,238,0,1,25,45096,2395,0,18,0,0,0,LEADER,1,0,0,0,0,17
48096,84,adaptive-prasle,2080,1,0,0,17,0,238,0,1,84,46016,2080,0,18,0,0,0,LEADER,1,0,0,0,0,17
47373,70,adaptive-prasle,2277,1,0,0,17,0,238,0,1,70,45096,2277,0,18,0,0,0,LEADER,1,0,0,0,0,17
47291,82,adaptive-prasle,2195,1,0,0,17,0,238,0,1,82,45096,2195,0,18,0,0,0,LEADER,1,0,0,0,0,17
47509,67,adaptive-prasle,2413,1,0,0,17,0,238,0,1,67,45096,2413,0,18,0,0,0,LEADER,1,0,0,0,0,17
47461,89,adaptive-prasle,2365,1,0,0,17,0,238,0,1,89,45096,2365,0,18,0,0,0,LEADER,1,0,0,0,0,17
48129,28,adaptive-prasle,2113,1,0,0,17,0,238,0,1,28,46016,2113,0,18,0,0,0,LEADER,1,0,0,0,0,17
47871,68,adaptive-prasle,1855,1,0,0,17,0,238,0,1,68,46016,1855,0,18,0,0,0,LEADER,1,0,0,0,0,17
47823,90,adaptive-prasle,1807,1,0,0,17,0,238,0,1,90,46016,1807,0,18,0,0,0,LEADER,1,0,0,0,0,17
47484,76,adaptive-prasle,1468,1,0,0,17,0,238,0,1,76,46016,1468,0,18,0,0,0,LEADER,1,0,0,0,0,17
47805,10,adaptive-prasle,1789,1,0,0,17,0,238,0,1,10,46016,1789,0,18,0,0,0,LEADER,1,0,0,0,0,17
48237,58,adaptive-prasle,2221,1,0,0,17,0,238,0,1,58,46016,2221,0,18,0,0,0,LEADER,1,0,0,0,0,17
47620,73,adaptive-prasle,1604,1,0,0,17,0,238,0,1,73,46016,1604,0,18,0,0,0,LEADER,1,0,0,0,0,17
47361,59,adaptive-prasle,2265,1,0,0,17,0,238,0,1,59,45096,2265,0,18,0,0,0,LEADER,1,0,0,0,0,17
47635,41,adaptive-prasle,1619,1,0,0,17,0,238,0,1,41,46016,1619,0,18,0,0,0,LEADER,1,0,0,0,0,17
47550,96,adaptive-prasle,1534,1,0,0,17,0,238,0,1,96,46016,1534,0,18,0,0,0,LEADER,1,0,0,0,0,17
47881,16,adaptive-prasle,1805,1,0,0,7,7,98,98,2,6,46076,1805,0,3,0,0,0,NORMAL,0,0,0,0,0,7
47783,49,adaptive-prasle,1767,1,0,0,17,0,238,0,1,49,46016,1767,0,18,0,0,0,LEADER,1,0,0,0,0,17
47852,74,adaptive-prasle,1837,1,0,0,17,0,238,0,1,74,46015,1837,0,18,0,0,0,LEADER,1,0,0,0,0,17
48244,92,adaptive-prasle,2228,1,0,0,17,0,238,0,1,92,46016,2228,0,18,0,0,0,LEADER,1,0,0,0,0,17
47450,66,adaptive-prasle,1434,1,0,0,17,0,238,0,1,66,46016,1434,0,18,0,0,0,LEADER,1,0,0,0,0,17
47476,57,adaptive-prasle,2380,1,0,0,17,0,238,0,1,57,45096,2380,0,18,0,0,0,LEADER,1,0,0,0,0,17
48276,78,adaptive-prasle,2260,1,0,0,17,0,238,0,1,78,46016,2260,0,18,0,0,0,LEADER,1,0,0,0,0,17
47442,39,adaptive-prasle,2346,1,0,0,17,0,238,0,1,39,45096,2346,0,18,0,0,0,LEADER,1,0,0,0,0,17
48159,30,adaptive-prasle,2143,1,0,0,17,0,238,0,1,30,46016,2143,0,18,0,0,0,LEADER,1,0,0,0,0,17
47565,64,adaptive-prasle,1549,1,0,0,17,0,238,0,1,64,46016,1549,0,18,0,0,0,LEADER,1,0,0,0,0,17
47790,80,adaptive-prasle,1774,1,0,0,17,0,238,0,1,80,46016,1774,0,18,0,0,0,LEADER,1,0,0,0,0,17
47531,54,adaptive-prasle,1516,1,0,0,17,0,238,0,1,54,46015,1516,0,18,0,0,0,LEADER,1,0,0,0,0,17
48056,43,adaptive-prasle,2040,1,0,0,17,0,238,0,1,43,46016,2040,0,18,0,0,0,LEADER,1,0,0,0,0,17
47976,26,adaptive-prasle,1960,1,0,0,17,0,238,0,1,26,46016,1960,0,18,0,0,0,LEADER,1,0,0,0,0,17
47606,42,adaptive-prasle,1591,1,0,0,17,0,238,0,1,42,46015,1591,0,18,0,0,0,LEADER,1,0,0,0,0,17
47614,31,adaptive-prasle,1598,1,0,0,17,0,238,0,1,31,46016,1598,0,18,0,0,0,LEADER,1,0,0,0,0,17
48371,94,adaptive-prasle,2355,1,0,0,17,0,238,0,1,94,46016,2355,0,18,0,0,0,LEADER,1,0,0,0,0,17
47941,45,adaptive-prasle,1925,1,0,0,17,0,238,0,1,45,46016,1925,0,18,0,0,0,LEADER,1,0,0,0,0,17
48314,60,adaptive-prasle,2298,1,0,0,17,0,238,0,1,60,46016,2298,0,18,0,0,0,LEADER,1,0,0,0,0,17
48420,44,adaptive-prasle,1483,1,0,0,18,0,252,0,1,44,46937,1483,0,19,0,0,0,LEADER,1,0,0,0,0,18
48023,33,adaptive-prasle,2007,1,0,0,17,0,238,0,1,33,46016,2007,0,18,0,0,0,LEADER,1,0,0,0,0,17
47668,51,adaptive-prasle,1652,1,0,0,17,0,238,0,1,51,46016,1652,0,18,0,0,0,LEADER,1,0,0,0,0,17
48178,72,adaptive-prasle,2162,1,0,0,17,0,238,0,1,72,46016,2162,0,18,0,0,0,LEADER,1,0,0,0,0,17
48468,22,adaptive-prasle,1531,1,0,0,18,0,252,0,1,22,46937,1531,0,19,0,0,0,LEADER,1,0,0,0,0,18
47968,24,adaptive-prasle,1952,1,0,0,17,0,238,0,1,24,46016,1952,0,18,0,0,0,LEADER,1,0,0,0,0,17
48501,32,adaptive-prasle,1564,1,0,0,18,0,252,0,1,32,46937,1564,0,19,0,0,0,LEADER,1,0,0,0,0,18
47687,93,adaptive-prasle,1671,1,0,0,17,0,238,0,1,93,46016,1671,0,18,0,0,0,LEADER,1,0,0,0,0,17
48359,69,adaptive-prasle,2343,1,0,0,17,0,238,0,1,69,46016,2343,0,18,0,0,0,LEADER,1,0,0,0,0,17
48346,79,adaptive-prasle,2331,1,0,0,17,0,238,0,1,79,46015,2331,0,18,0,0,0,LEADER,1,0,0,0,0,17
48041,75,adaptive-prasle,2025,1,0,0,17,0,238,0,1,75,46016,2025,0,18,0,0,0,LEADER,1,0,0,0,0,17
47768,81,adaptive-prasle,1752,1,0,0,17,0,238,0,1,81,46016,1752,0,18,0,0,0,LEADER,1,0,0,0,0,17
47626,52,adaptive-prasle,1610,1,0,0,17,0,238,0,1,52,46016,1610,0,18,0,0,0,LEADER,1,0,0,0,0,17
48104,21,adaptive-prasle,2088,1,0,0,17,0,238,0,1,21,46016,2088,0,18,0,0,0,LEADER,1,0,0,0,0,17
48281,29,adaptive-prasle,2265,1,0,0,17,0,238,0,1,29,46016,2265,0,18,0,0,0,LEADER,1,0,0,0,0,17
47857,100,adaptive-prasle,1841,1,0,0,17,0,238,0,1,100,46016,1841,0,18,0,0,0,LEADER,1,0,0,0,0,17
47702,61,adaptive-prasle,1686,1,0,0,17,0,238,0,1,61,46016,1686,0,18,0,0,0,LEADER,1,0,0,0,0,17
48266,91,adaptive-prasle,2250,1,0,0,17,0,238,0,1,91,46016,2250,0,18,0,0,0,LEADER,1,0,0,0,0,17
48226,37,adaptive-prasle,2210,1,0,0,17,0,238,0,1,37,46016,2210,0,18,0,0,0,LEADER,1,0,0,0,0,17
47771,38,adaptive-prasle,1755,1,0,0,17,0,238,0,1,38,46016,1755,0,18,0,0,0,LEADER,1,0,0,0,0,17
48435,98,adaptive-prasle,2419,1,0,0,17,0,238,0,1,98,46016,2419,0,18,0,0,0,LEADER,1,0,0,0,0,17
48294,27,adaptive-prasle,2280,1,0,0,17,0,238,0,1,27,46014,2280,0,18,0,0,0,LEADER,1,0,0,0,0,17
48144,62,adaptive-prasle,2128,1,0,0,17,0,238,0,1,62,46016,2128,0,18,0,0,0,LEADER,1,0,0,0,0,17
47953,56,adaptive-prasle,1937,1,0,0,17,0,238,0,1,56,46016,1937,0,18,0,0,0,LEADER,1,0,0,0,0,17
48341,99,adaptive-prasle,2328,1,0,0,17,0,238,0,1,99,46013,2328,0,18,0,0,0,LEADER,1,0,0,0,0,17
48218,48,adaptive-prasle,2202,1,0,0,17,0,238,0,1,48,46016,2202,0,18,0,0,0,LEADER,1,0,0,0,0,17
47735,71,adaptive-prasle,1719,1,0,0,17,0,238,0,1,71,46016,1719,0,18,0,0,0,LEADER,1,0,0,0,0,17
47960,87,adaptive-prasle,1944,1,0,0,17,0,238,0,1,87,46016,1944,0,18,0,0,0,LEADER,1,0,0,0,0,17
47886,36,adaptive-prasle,1870,1,0,0,17,0,238,0,1,36,46016,1870,0,18,0,0,0,LEADER,1,0,0,0,0,17
48383,77,adaptive-prasle,1446,1,0,0,18,0,252,0,1,77,46937,1446,0,19,0,0,0,LEADER,1,0,0,0,0,18
48574,83,adaptive-prasle,1637,1,0,0,18,0,252,0,1,83,46937,1637,0,19,0,0,0,LEADER,1,0,0,0,0,18
48075,85,adaptive-prasle,2059,1,0,0,17,0,238,0,1,85,46016,2059,0,18,0,0,0,LEADER,1,0,0,0,0,17
48604,19,adaptive-prasle,1667,1,0,0,18,0,252,0,1,19,46937,1667,0,19,0,0,0,LEADER,1,0,0,0,0,18
48759,65,adaptive-prasle,1822,1,0,0,18,0,252,0,1,65,46937,1822,0,19,0,0,0,LEADER,1,0,0,0,0,18
48365,35,adaptive-prasle,1428,1,0,0,18,0,252,0,1,35,46937,1428,0,19,0,0,0,LEADER,1,0,0,0,0,18
48380,86,adaptive-prasle,1443,1,0,0,18,0,252,0,1,86,46937,1443,0,19,0,0,0,LEADER,1,0,0,0,0,18
48422,50,adaptive-prasle,2406,1,0,0,17,0,238,0,1,50,46016,2406,0,18,0,0,0,LEADER,1,0,0,0,0,17
48438,55,adaptive-prasle,1501,1,0,0,18,0,252,0,1,55,46937,1501,0,19,0,0,0,LEADER,1,0,0,0,0,18
48477,63,adaptive-prasle,1540,1,0,0,18,0,252,0,1,63,46937,1540,0,19,0,0,0,LEADER,1,0,0,0,0,18
48841,46,adaptive-prasle,1904,1,0,0,18,0,252,0,1,46,46937,1904,0,19,0,0,0,LEADER,1,0,0,0,0,18
48638,53,adaptive-prasle,1701,1,0,0,18,0,252,0,1,53,46937,1701,0,19,0,0,0,LEADER,1,0,0,0,0,18
47990,23,adaptive-prasle,1974,1,0,0,17,0,238,0,1,23,46016,1974,0,18,0,0,0,LEADER,1,0,0,0,0,17
48859,88,adaptive-prasle,1922,1,0,0,18,0,252,0,1,88,46937,1922,0,19,0,0,0,LEADER,1,0,0,0,0,18
48386,34,adaptive-prasle,1449,1,0,0,18,0,252,0,1,34,46937,1449,0,19,0,0,0,LEADER,1,0,0,0,0,18
47993,97,adaptive-prasle,1977,1,0,0,17,0,238,0,1,97,46016,1977,0,18,0,0,0,LEADER,1,0,0,0,0,17
48111,20,adaptive-prasle,2095,1,0,0,17,0,238,0,1,20,46016,2095,0,18,0,0,0,LEADER,1,0,0,0,0,17
48193,40,adaptive-prasle,2177,1,0,0,17,0,238,0,1,40,46016,2177,0,18,0,0,0,LEADER,1,0,0,0,0,17
48116,47,adaptive-prasle,2100,1,0,0,17,0,238,0,1,47,46016,2100,0,18,0,0,0,LEADER,1,0,0,0,0,17
49029,95,adaptive-prasle,2092,1,0,0,18,0,252,0,1,95,46937,2092,0,19,0,0,0,LEADER,1,0,0,0,0,18
48814,2,adaptive-prasle,1819,1,0,0,5,10,70,140,1,1,46995,1819,0,4,0,0,0,NORMAL,0,0,0,0,0,5
48411,25,adaptive-prasle,2395,1,0,0,17,0,238,0,1,25,46016,2395,0,18,0,0,0,LEADER,1,0,0,0,0,17
49017,84,adaptive-prasle,2080,1,0,0,18,0,252,0,1,84,46937,2080,0,19,0,0,0,LEADER,1,0,0,0,0,18
48293,70,adaptive-prasle,2277,1,0,0,17,0,238,0,1,70,46016,2277,0,18,0,0,0,LEADER,1,0,0,0,0,17
48211,82,adaptive-prasle,2195,1,0,0,17,0,238,0,1,82,46016,2195,0,18,0,0,0,LEADER,1,0,0,0,0,17
48429,67,adaptive-prasle,2413,1,0,0,17,0,238,0,1,67,46016,2413,0,18,0,0,0,LEADER,1,0,0,0,0,17
48381,89,adaptive-prasle,2365,1,0,0,17,0,238,0,1,89,46016,2365,0,18,0,0,0,LEADER,1,0,0,0,0,17
49050,28,adaptive-prasle,2113,1,0,0,18,0,252,0,1,28,46937,2113,0,19,0,0,0,LEADER,1,0,0,0,0,18
48792,68,adaptive-prasle,1855,1,0,0,18,0,252,0,1,68,46937,1855,0,19,0,0,0,LEADER,1,0,0,0,0,18
48744,90,adaptive-prasle,1807,1,0,0,18,0,252,0,1,90,46937,1807,0,19,0,0,0,LEADER,1,0,0,0,0,18
48405,76,adaptive-prasle,1468,1,0,0,18,0,252,0,1,76,46937,1468,0,19,0,0,0,LEADER,1,0,0,0,0,18
48726,10,adaptive-prasle,1789,1,0,0,18,0,252,0,1,10,46937,1789,0,19,0,0,0,LEADER,1,0,0,0,0,18
49158,58,adaptive-prasle,2221,1,0,0,18,0,252,0,1,58,46937,2221,0,19,0,0,0,LEADER,1,0,0,0,0,18
48541,73,adaptive-prasle,1604,1,0,0,18,0,252,0,1,73,46937,1604,0,19,0,0,0,LEADER,1,0,0,0,0,18
48281,59,adaptive-prasle,2265,1,0,0,17,0,238,0,1,59,46016,2265,0,18,0,0,0,LEADER,1,0,0,0,0,17
48556,41,adaptive-prasle,1619,1,0,0,18,0,252,0,1,41,46937,1619,0,19,0,0,0,LEADER,1,0,0,0,0,18
48471,96,adaptive-prasle,1534,1,0,0,18,0,252,0,1,96,46937,1534,0,19,0,0,0,LEADER,1,0,0,0,0,18
48704,49,adaptive-prasle,1767,1,0,0,18,0,252,0,1,49,46937,1767,0,19,0,0,0,LEADER,1,0,0,0,0,18
48773,74,adaptive-prasle,1837,1,0,0,18,0,252,0,1,74,46936,1837,0,19,0,0,0,LEADER,1,0,0,0,0,18
49165,92,adaptive-prasle,2228,1,0,0,18,0,252,0,1,92,46937,2228,0,19,0,0,0,LEADER,1,0,0,0,0,18
48371,66,adaptive-prasle,1434,1,0,0,18,0,252,0,1,66,46937,1434,0,19,0,0,0,LEADER,1,0,0,0,0,18
48396,57,adaptive-prasle,2380,1,0,0,17,0,238,0,1,57,46016,2380,0,18,0,0,0,LEADER,1,0,0,0,0,17
49197,78,adaptive-prasle,2260,1,0,0,18,0,252,0,1,78,46937,2260,0,19,0,0,0,LEADER,1,0,0,0,0,18
48362,39,adaptive-prasle,2346,1,0,0,17,0,238,0,1,39,46016,2346,0,18,0,0,0,LEADER,1,0,0,0,0,17
49080,30,adaptive-prasle,2143,1,0,0,18,0,252,0,1,30,46937,2143,0,19,0,0,0,LEADER,1,0,0,0,0,18
48486,64,adaptive-prasle,1549,1,0,0,18,0,252,0,1,64,46937,1549,0,19,0,0,0,LEADER,1,0,0,0,0,18
48711,80,adaptive-prasle,1774,1,0,0,18,0,252,0,1,80,46937,1774,0,19,0,0,0,LEADER,1,0,0,0,0,18
48452,54,adaptive-prasle,1516,1,0,0,18,0,252,0,1,54,46936,1516,0,19,0,0,0,LEADER,1,0,0,0,0,18
48977,43,adaptive-prasle,2040,1,0,0,18,0,252,0,1,43,46937,2040,0,19,0,0,0,LEADER,1,0,0,0,0,18
48897,26,adaptive-prasle,1960,1,0,0,18,0,252,0,1,26,46937,1960,0,19,0,0,0,LEADER,1,0,0,0,0,18
48527,42,adaptive-prasle,1591,1,0,0,18,0,252,0,1,42,46936,1591,0,19,0,0,0,LEADER,1,0,0,0,0,18
48535,31,adaptive-prasle,1598,1,0,0,18,0,252,0,1,31,46937,1598,0,19,0,0,0,LEADER,1,0,0,0,0,18
49292,94,adaptive-prasle,2355,1,0,0,18,0,252,0,1,94,46937,2355,0,19,0,0,0,LEADER,1,0,0,0,0,18
48862,45,adaptive-prasle,1925,1,0,0,18,0,252,0,1,45,46937,1925,0,19,0,0,0,LEADER,1,0,0,0,0,18
49235,60,adaptive-prasle,2298,1,0,0,18,0,252,0,1,60,46937,2298,0,19,0,0,0,LEADER,1,0,0,0,0,18
49340,44,adaptive-prasle,1483,1,0,0,18,0,252,0,1,44,47857,1483,0,19,0,0,0,LEADER,1,0,0,0,0,18
48944,33,adaptive-prasle,2007,1,0,0,18,0,252,0,1,33,46937,2007,0,19,0,0,0,LEADER,1,0,0,0,0,18
48589,51,adaptive-prasle,1652,1,0,0,18,0,252,0,1,51,46937,1652,0,19,0,0,0,LEADER,1,0,0,0,0,18
49388,22,adaptive-prasle,1531,1,0,0,18,0,252,0,1,22,47857,1531,0,19,0,0,0,LEADER,1,0,0,0,0,18
49332,1,adaptive-prasle,2022,1,0,0,4,5,56,70,1,1,47310,2022,0,5,0,0,0,LEADER,1,0,0,0,0,4
49099,72,adaptive-prasle,2162,1,0,0,18,0,252,0,1,72,46937,2162,0,19,0,0,0,LEADER,1,0,0,0,0,18
48889,24,adaptive-prasle,1952,1,0,0,18,0,252,0,1,24,46937,1952,0,19,0,0,0,LEADER,1,0,0,0,0,18
49421,32,adaptive-prasle,1564,1,0,0,18,0,252,0,1,32,47857,1564,0,19,0,0,0,LEADER,1,0,0,0,0,18
48608,93,adaptive-prasle,1671,1,0,0,18,0,252,0,1,93,46937,1671,0,19,0,0,0,LEADER,1,0,0,0,0,18
49280,69,adaptive-prasle,2343,1,0,0,18,0,252,0,1,69,46937,2343,0,19,0,0,0,LEADER,1,0,0,0,0,18
49267,79,adaptive-prasle,2331,1,0,0,18,0,252,0,1,79,46936,2331,0,19,0,0,0,LEADER,1,0,0,0,0,18
48962,75,adaptive-prasle,2025,1,0,0,18,0,252,0,1,75,46937,2025,0,19,0,0,0,LEADER,1,0,0,0,0,18
48689,81,adaptive-prasle,1752,1,0,0,18,0,252,0,1,81,46937,1752,0,19,0,0,0,LEADER,1,0,0,0,0,18
48547,52,adaptive-prasle,1610,1,0,0,18,0,252,0,1,52,46937,1610,0,19,0,0,0,LEADER,1,0,0,0,0,18
49025,21,adaptive-prasle,2088,1,0,0,18,0,252,0,1,21,46937,2088,0,19,0,0,0,LEADER,1,0,0,0,0,18
49202,29,adaptive-prasle,2265,1,0,0,18,0,252,0,1,29,46937,2265,0,19,0,0,0,LEADER,1,0,0,0,0,18
48778,100,adaptive-prasle,1841,1,0,0,18,0,252,0,1,100,46937,1841,0,19,0,0,0,LEADER,1,0,0,0,0,18
48623,61,adaptive-prasle,1686,1,0,0,18,0,252,0,1,61,46937,1686,0,19,0,0,0,LEADER,1,0,0,0,0,18
49187,91,adaptive-prasle,2250,1,0,0,18,0,252,0,1,91,46937,2250,0,19,0,0,0,LEADER,1,0,0,0,0,18
49147,37,adaptive-prasle,2210,1,0,0,18,0,252,0,1,37,46937,2210,0,19,0,0,0,LEADER,1,0,0,0,0,18
48692,38,adaptive-prasle,1755,1,0,0,18,0,252,0,1,38,46937,1755,0,19,0,0,0,LEADER,1,0,0,0,0,18
49356,98,adaptive-prasle,2419,1,0,0,18,0,252,0,1,98,46937,2419,0,19,0,0,0,LEADER,1,0,0,0,0,18
49215,27,adaptive-prasle,2280,1,0,0,18,0,252,0,1,27,46935,2280,0,19,0,0,0,LEADER,1,0,0,0,0,18
49065,62,adaptive-prasle,2128,1,0,0,18,0,252,0,1,62,46937,2128,0,19,0,0,0,LEADER,1,0,0,0,0,18
48874,56,adaptive-prasle,1937,1,0,0,18,0,252,0,1,56,46937,1937,0,19,0,0,0,LEADER,1,0,0,0,0,18
49262,99,adaptive-prasle,2328,1,0,0,18,0,252,0,1,99,46934,2328,0,19,0,0,0,LEADER,1,0,0,0,0,18
49139,48,adaptive-prasle,2202,1,0,0,18,0,252,0,1,48,46937,2202,0,19,0,0,0,LEADER,1,0,0,0,0,18
48656,71,adaptive-prasle,1719,1,0,0,18,0,252,0,1,71,46937,1719,0,19,0,0,0,LEADER,1,0,0,0,0,18
48881,87,adaptive-prasle,1944,1,0,0,18,0,252,0,1,87,46937,1944,0,19,0,0,0,LEADER,1,0,0,0,0,18
48807,36,adaptive-prasle,1870,1,0,0,18,0,252,0,1,36,46937,1870,0,19,0,0,0,LEADER,1,0,0,0,0,18
49303,77,adaptive-prasle,1446,1,0,0,18,0,252,0,1,77,47857,1446,0,19,0,0,0,LEADER,1,0,0,0,0,18
49494,83,adaptive-prasle,1637,1,0,0,18,0,252,0,1,83,47857,1637,0,19,0,0,0,LEADER,1,0,0,0,0,18
48996,85,adaptive-prasle,2059,1,0,0,18,0,252,0,1,85,46937,2059,0,19,0,0,0,LEADER,1,0,0,0,0,18
49524,19,adaptive-prasle,1667,1,0,0,18,0,252,0,1,19,47857,1667,0,19,0,0,0,LEADER,1,0,0,0,0,18
49679,65,adaptive-prasle,1822,1,0,0,18,0,252,0,1,65,47857,1822,0,19,0,0,0,LEADER,1,0,0,0,0,18
49285,35,adaptive-prasle,1428,1,0,0,18,0,252,0,1,35,47857,1428,0,19,0,0,0,LEADER,1,0,0,0,0,18
49300,86,adaptive-prasle,1443,1,0,0,18,0,252,0,1,86,47857,1443,0,19,0,0,0,LEADER,1,0,0,0,0,18
49343,50,adaptive-prasle,2406,1,0,0,18,0,252,0,1,50,46937,2406,0,19,0,0,0,LEADER,1,0,0,0,0,18
49358,55,adaptive-prasle,1501,1,0,0,18,0,252,0,1,55,47857,1501,0,19,0,0,0,LEADER,1,0,0,0,0,18
49397,63,adaptive-prasle,1540,1,0,0,18,0,252,0,1,63,47857,1540,0,19,0,0,0,LEADER,1,0,0,0,0,18
49761,46,adaptive-prasle,1904,1,0,0,18,0,252,0,1,46,47857,1904,0,19,0,0,0,LEADER,1,0,0,0,0,18
49558,53,adaptive-prasle,1701,1,0,0,18,0,252,0,1,53,47857,1701,0,19,0,0,0,LEADER,1,0,0,0,0,18
48911,23,adaptive-prasle,1974,1,0,0,18,0,252,0,1,23,46937,1974,0,19,0,0,0,LEADER,1,0,0,0,0,18
49779,88,adaptive-prasle,1922,1,0,0,18,0,252,0,1,88,47857,1922,0,19,0,0,0,LEADER,1,0,0,0,0,18
49306,34,adaptive-prasle,1449,1,0,0,18,0,252,0,1,34,47857,1449,0,19,0,0,0,LEADER,1,0,0,0,0,18
48914,97,adaptive-prasle,1977,1,0,0,18,0,252,0,1,97,46937,1977,0,19,0,0,0,LEADER,1,0,0,0,0,18
49032,20,adaptive-prasle,2095,1,0,0,18,0,252,0,1,20,46937,2095,0,19,0,0,0,LEADER,1,0,0,0,0,18
49114,40,adaptive-prasle,2177,1,0,0,18,0,252,0,1,40,46937,2177,0,19,0,0,0,LEADER,1,0,0,0,0,18
49037,47,adaptive-prasle,2100,1,0,0,18,0,252,0,1,47,46937,2100,0,19,0,0,0,LEADER,1,0,0,0,0,18
49949,95,adaptive-prasle,2092,1,0,0,18,0,252,0,1,95,47857,2092,0,19,0,0,0,LEADER,1,0,0,0,0,18
49332,25,adaptive-prasle,2395,1,0,0,18,0,252,0,1,25,46937,2395,0,19,0,0,0,LEADER,1,0,0,0,0,18
49937,84,adaptive-prasle,2080,1,0,0,18,0,252,0,1,84,47857,2080,0,19,0,0,0,LEADER,1,0,0,0,0,18
49214,70,adaptive-prasle,2277,1,0,0,18,0,252,0,1,70,46937,2277,0,19,0,0,0,LEADER,1,0,0,0,0,18
49132,82,adaptive-prasle,2195,1,0,0,18,0,252,0,1,82,46937,2195,0,19,0,0,0,LEADER,1,0,0,0,0,18
49350,67,adaptive-prasle,2413,1,0,0,18,0,252,0,1,67,46937,2413,0,19,0,0,0,LEADER,1,0,0,0,0,18
49302,89,adaptive-prasle,2365,1,0,0,18,0,252,0,1,89,46937,2365,0,19,0,0,0,LEADER,1,0,0,0,0,18
49970,28,adaptive-prasle,2113,1,0,0,18,0,252,0,1,28,47857,2113,0,19,0,0,0,LEADER,1,0,0,0,0,18
49712,68,adaptive-prasle,1855,1,0,0,18,0,252,0,1,68,47857,1855,0,19,0,0,0,LEADER,1,0,0,0,0,18
49664,90,adaptive-prasle,1807,1,0,0,18,0,252,0,1,90,47857,1807,0,19,0,0,0,LEADER,1,0,0,0,0,18
49325,76,adaptive-prasle,1468,1,0,0,18,0,252,0,1,76,47857,1468,0,19,0,0,0,LEADER,1,0,0,0,0,18
49646,10,adaptive-prasle,1789,1,0,0,18,0,252,0,1,10,47857,1789,0,19,0,0,0,LEADER,1,0,0,0,0,18
50078,58,adaptive-prasle,2221,1,0,0,18,0,252,0,1,58,47857,2221,0,19,0,0,0,LEADER,1,0,0,0,0,18
49461,73,adaptive-prasle,1604,1,0,0,18,0,252,0,1,73,47857,1604,0,19,0,0,0,LEADER,1,0,0,0,0,18
49202,59,adaptive-prasle,2265,1,0,0,18,0,252,0,1,59,46937,2265,0,19,0,0,0,LEADER,1,0,0,0,0,18
49476,41,adaptive-prasle,1619,1,0,0,18,0,252,0,1,41,47857,1619,0,19,0,0,0,LEADER,1,0,0,0,0,18
49391,96,adaptive-prasle,1534,1,0,0,18,0,252,0,1,96,47857,1534,0,19,0,0,0,LEADER,1,0,0,0,0,18
49624,49,adaptive-prasle,1767,1,0,0,18,0,252,0,1,49,47857,1767,0,19,0,0,0,LEADER,1,0,0,0,0,18
49693,74,adaptive-prasle,1837,1,0,0,18,0,252,0,1,74,47856,1837,0,19,0,0,0,LEADER,1,0,0,0,0,18
50085,92,adaptive-prasle,2228,1,0,0,18,0,252,0,1,92,47857,2228,0,19,0,0,0,LEADER,1,0,0,0,0,18
49291,66,adaptive-prasle,1434,1,0,0,18,0,252,0,1,66,47857,1434,0,19,0,0,0,LEADER,1,0,0,0,0,18
49317,57,adaptive-prasle,2380,1,0,0,18,0,252,0,1,57,46937,2380,0,19,0,0,0,LEADER,1,0,0,0,0,18
50117,78,adaptive-prasle,2260,1,0,0,18,0,252,0,1,78,47857,2260,0,19,0,0,0,LEADER,1,0,0,0,0,18
49283,39,adaptive-prasle,2346,1,0,0,18,0,252,0,1,39,46937,2346,0,19,0,0,0,LEADER,1,0,0,0,0,18
50000,30,adaptive-prasle,2143,1,0,0,18,0,252,0,1,30,47857,2143,0,19,0,0,0,LEADER,1,0,0,0,0,18
49406,64,adaptive-prasle,1549,1,0,0,18,0,252,0,1,64,47857,1549,0,19,0,0,0,LEADER,1,0,0,0,0,18
49631,80,adaptive-prasle,1774,1,0,0,18,0,252,0,1,80,47857,1774,0,19,0,0,0,LEADER,1,0,0,0,0,18
49372,54,adaptive-prasle,1516,1,0,0,18,0,252,0,1,54,47856,1516,0,19,0,0,0,LEADER,1,0,0,0,0,18
49897,43,adaptive-prasle,2040,1,0,0,18,0,252,0,1,43,47857,2040,0,19,0,0,0,LEADER,1,0,0,0,0,18
49817,26,adaptive-prasle,1960,1,0,0,18,0,252,0,1,26,47857,1960,0,19,0,0,0,LEADER,1,0,0,0,0,18
49447,42,adaptive-prasle,1591,1,0,0,18,0,252,0,1,42,47856,1591,0,19,0,0,0,LEADER,1,0,0,0,0,18
49455,31,adaptive-prasle,1598,1,0,0,18,0,252,0,1,31,47857,1598,0,19,0,0,0,LEADER,1,0,0,0,0,18
50212,94,adaptive-prasle,2355,1,0,0,18,0,252,0,1,94,47857,2355,0,19,0,0,0,LEADER,1,0,0,0,0,18
49782,45,adaptive-prasle,1925,1,0,0,18,0,252,0,1,45,47857,1925,0,19,0,0,0,LEADER,1,0,0,0,0,18
50155,60,adaptive-prasle,2298,1,0,0,18,0,252,0,1,60,47857,2298,0,19,0,0,0,LEADER,1,0,0,0,0,18
50260,44,adaptive-prasle,1483,1,0,0,18,0,252,0,1,44,48777,1483,0,19,0,0,0,LEADER,1,0,0,0,0,18
49864,33,adaptive-prasle,2007,1,0,0,18,0,252,0,1,33,47857,2007,0,19,0,0,0,LEADER,1,0,0,0,0,18
49509,51,adaptive-prasle,1652,1,0,0,18,0,252,0,1,51,47857,1652,0,19,0,0,0,LEADER,1,0,0,0,0,18
50308,22,adaptive-prasle,1531,1,0,0,18,0,252,0,1,22,48777,1531,0,19,0,0,0,LEADER,1,0,0,0,0,18
50019,72,adaptive-prasle,2162,1,0,0,18,0,252,0,1,72,47857,2162,0,19,0,0,0,LEADER,1,0,0,0,0,18
49809,24,adaptive-prasle,1952,1,0,0,18,0,252,0,1,24,47857,1952,0,19,0,0,0,LEADER,1,0,0,0,0,18
50341,32,adaptive-prasle,1564,1,0,0,18,0,252,0,1,32,48777,1564,0,19,0,0,0,LEADER,1,0,0,0,0,18
49528,93,adaptive-prasle,1671,1,0,0,18,0,252,0,1,93,47857,1671,0,19,0,0,0,LEADER,1,0,0,0,0,18
50200,69,adaptive-prasle,2343,1,0,0,18,0,252,0,1,69,47857,2343,0,19,0,0,0,LEADER,1,0,0,0,0,18
50187,79,adaptive-prasle,2331,1,0,0,18,0,252,0,1,79,47856,2331,0,19,0,0,0,LEADER,1,0,0,0,0,18
49882,75,adaptive-prasle,2025,1,0,0,18,0,252,0,1,75,47857,2025,0,19,0,0,0,LEADER,1,0,0,0,0,18
49609,81,adaptive-prasle,1752,1,0,0,18,0,252,0,1,81,47857,1752,0,19,0,0,0,LEADER,1,0,0,0,0,18
49467,52,adaptive-prasle,1610,1,0,0,18,0,252,0,1,52,47857,1610,0,19,0,0,0,LEADER,1,0,0,0,0,18
49945,21,adaptive-prasle,2088,1,0,0,18,0,252,0,1,21,47857,2088,0,19,0,0,0,LEADER,1,0,0,0,0,18
50122,29,adaptive-prasle,2265,1,0,0,18,0,252,0,1,29,47857,2265,0,19,0,0,0,LEADER,1,0,0,0,0,18
49698,100,adaptive-prasle,1841,1,0,0,18,0,252,0,1,100,47857,1841,0,19,0,0,0,LEADER,1,0,0,0,0,18
49543,61,adaptive-prasle,1686,1,0,0,18,0,252,0,1,61,47857,1686,0,19,0,0,0,LEADER,1,0,0,0,0,18
50107,91,adaptive-prasle,2250,1,0,0,18,0,252,0,1,91,47857,2250,0,19,0,0,0,LEADER,1,0,0,0,0,18
50067,37,adaptive-prasle,2210,1,0,0,18,0,252,0,1,37,47857,2210,0,19,0,0,0,LEADER,1,0,0,0,0,18
49612,38,adaptive-prasle,1755,1,0,0,18,0,252,0,1,38,47857,1755,0,19,0,0,0,LEADER,1,0,0,0,0,18
50276,98,adaptive-prasle,2419,1,0,0,18,0,252,0,1,98,47857,2419,0,19,0,0,0,LEADER,1,0,0,0,0,18
50135,27,adaptive-prasle,2280,1,0,0,18,0,252,0,1,27,47855,2280,0,19,0,0,0,LEADER,1,0,0,0,0,18
49985,62,adaptive-prasle,2128,1,0,0,18,0,252,0,1,62,47857,2128,0,19,0,0,0,LEADER,1,0,0,0,0,18
49794,56,adaptive-prasle,1937,1,0,0,18,0,252,0,1,56,47857,1937,0,19,0,0,0,LEADER,1,0,0,0,0,18
50182,99,adaptive-prasle,2328,1,0,0,18,0,252,0,1,99,47854,2328,0,19,0,0,0,LEADER,1,0,0,0,0,18
50059,48,adaptive-prasle,2202,1,0,0,18,0,252,0,1,48,47857,2202,0,19,0,0,0,LEADER,1,0,0,0,0,18
49576,71,adaptive-prasle,1719,1,0,0,18,0,252,0,1,71,47857,1719,0,19,0,0,0,LEADER,1,0,0,0,0,18
49801,87,adaptive-prasle,1944,1,0,0,18,0,252,0,1,87,47857,1944,0,19,0,0,0,LEADER,1,0,0,0,0,18
49727,36,adaptive-prasle,1870,1,0,0,18,0,252,0,1,36,47857,1870,0,19,0,0,0,LEADER,1,0,0,0,0,18
50223,77,adaptive-prasle,1446,1,0,0,18,0,252,0,1,77,48777,1446,0,19,0,0,0,LEADER,1,0,0,0,0,18
50414,83,adaptive-prasle,1637,1,0,0,18,0,252,0,1,83,48777,1637,0,19,0,0,0,LEADER,1,0,0,0,0,18
49916,85,adaptive-prasle,2059,1,0,0,18,0,252,0,1,85,47857,2059,0,19,0,0,0,LEADER,1,0,0,0,0,18
50444,19,adaptive-prasle,1667,1,0,0,18,0,252,0,1,19,48777,1667,0,19,0,0,0,LEADER,1,0,0,0,0,18
50599,65,adaptive-prasle,1822,1,0,0,18,0,252,0,1,65,48777,1822,0,19,0,0,0,LEADER,1,0,0,0,0,18
50205,35,adaptive-prasle,1428,1,0,0,18,0,252,0,1,35,48777,1428,0,19,0,0,0,LEADER,1,0,0,0,0,18
50220,86,adaptive-prasle,1443,1,0,0,18,0,252,0,1,86,48777,1443,0,19,0,0,0,LEADER,1,0,0,0,0,18
50263,50,adaptive-prasle,2406,1,0,0,18,0,252,0,1,50,47857,2406,0,19,0,0,0,LEADER,1,0,0,0,0,18
50278,55,adaptive-prasle,1501,1,0,0,18,0,252,0,1,55,48777,1501,0,19,0,0,0,LEADER,1,0,0,0,0,18
50317,63,adaptive-prasle,1540,1,0,0,18,0,252,0,1,63,48777,1540,0,19,0,0,0,LEADER,1,0,0,0,0,18
50681,46,adaptive-prasle,1904,1,0,0,18,0,252,0,1,46,48777,1904,0,19,0,0,0,LEADER,1,0,0,0,0,18
50478,53,adaptive-prasle,1701,1,0,0,18,0,252,0,1,53,48777,1701,0,19,0,0,0,LEADER,1,0,0,0,0,18
49831,23,adaptive-prasle,1974,1,0,0,18,0,252,0,1,23,47857,1974,0,19,0,0,0,LEADER,1,0,0,0,0,18
50699,88,adaptive-prasle,1922,1,0,0,18,0,252,0,1,88,48777,1922,0,19,0,0,0,LEADER,1,0,0,0,0,18
50226,34,adaptive-prasle,1449,1,0,0,18,0,252,0,1,34,48777,1449,0,19,0,0,0,LEADER,1,0,0,0,0,18
49834,97,adaptive-prasle,1977,1,0,0,18,0,252,0,1,97,47857,1977,0,19,0,0,0,LEADER,1,0,0,0,0,18
49952,20,adaptive-prasle,2095,1,0,0,18,0,252,0,1,20,47857,2095,0,19,0,0,0,LEADER,1,0,0,0,0,18
50034,40,adaptive-prasle,2177,1,0,0,18,0,252,0,1,40,47857,2177,0,19,0,0,0,LEADER,1,0,0,0,0,18
49957,47,adaptive-prasle,2100,1,0,0,18,0,252,0,1,47,47857,2100,0,19,0,0,0,LEADER,1,0,0,0,0,18
50082,3,adaptive-prasle,1603,1,0,0,6,12,84,168,2,3,48479,1603,0,5,0,0,0,LEADER,1,0,0,0,0,6
50869,95,adaptive-prasle,2092,1,0,0,18,0,252,0,1,95,48777,2092,0,19,0,0,0,LEADER,1,0,0,0,0,18
50252,25,adaptive-prasle,2395,1,0,0,18,0,252,0,1,25,47857,2395,0,19,0,0,0,LEADER,1,0,0,0,0,18
50857,84,adaptive-prasle,2080,1,0,0,18,0,252,0,1,84,48777,2080,0,19,0,0,0,LEADER,1,0,0,0,0,18
50134,70,adaptive-prasle,2277,1,0,0,18,0,252,0,1,70,47857,2277,0,19,0,0,0,LEADER,1,0,0,0,0,18
50052,82,adaptive-prasle,2195,1,0,0,18,0,252,0,1,82,47857,2195,0,19,0,0,0,LEADER,1,0,0,0,0,18
50270,67,adaptive-prasle,2413,1,0,0,18,0,252,0,1,67,47857,2413,0,19,0,0,0,LEADER,1,0,0,0,0,18
50222,89,adaptive-prasle,2365,1,0,0,18,0,252,0,1,89,47857,2365,0,19,0,0,0,LEADER,1,0,0,0,0,18
50890,28,adaptive-prasle,2113,1,0,0,18,0,252,0,1,28,48777,2113,0,19,0,0,0,LEADER,1,0,0,0,0,18
50632,68,adaptive-prasle,1855,1,0,0,18,0,252,0,1,68,48777,1855,0,19,0,0,0,LEADER,1,0,0,0,0,18
50425,4,adaptive-prasle,2030,1,0,0,7,14,98,196,4,1,48395,2030,0,5,0,0,0,NORMAL,0,0,0,0,0,7
50584,90,adaptive-prasle,1807,1,0,0,18,0,252,0,1,90,48777,1807,0,19,0,0,0,LEADER,1,0,0,0,0,18
50245,76,adaptive-prasle,1468,1,0,0,18,0,252,0,1,76,48777,1468,0,19,0,0,0,LEADER,1,0,0,0,0,18
50566,10,adaptive-prasle,1789,1,0,0,18,0,252,0,1,10,48777,1789,0,19,0,0,0,LEADER,1,0,0,0,0,18
50998,58,adaptive-prasle,2221,1,0,0,18,0,252,0,1,58,48777,2221,0,19,0,0,0,LEADER,1,0,0,0,0,18
50381,73,adaptive-prasle,1604,1,0,0,18,0,252,0,1,73,48777,1604,0,19,0,0,0,LEADER,1,0,0,0,0,18
50122,59,adaptive-prasle,2265,1,0,0,18,0,252,0,1,59,47857,2265,0,19,0,0,0,LEADER,1,0,0,0,0,18
50396,41,adaptive-prasle,1619,1,0,0,18,0,252,0,1,41,48777,1619,0,19,0,0,0,LEADER,1,0,0,0,0,18
50311,96,adaptive-prasle,1534,1,0,0,18,0,252,0,1,96,48777,1534,0,19,0,0,0,LEADER,1,0,0,0,0,18
50544,49,adaptive-prasle,1767,1,0,0,18,0,252,0,1,49,48777,1767,0,19,0,0,0,LEADER,1,0,0,0,0,18
50613,74,adaptive-prasle,1837,1,0,0,18,0,252,0,1,74,48776,1837,0,19,0,0,0,LEADER,1,0,0,0,0,18
51005,92,adaptive-prasle,2228,1,0,0,18,0,252,0,1,92,48777,2228,0,19,0,0,0,LEADER,1,0,0,0,0,18
50211,66,adaptive-prasle,1434,1,0,0,18,0,252,0,1,66,48777,1434,0,19,0,0,0,LEADER,1,0,0,0,0,18
50237,57,adaptive-prasle,2380,1,0,0,18,0,252,0,1,57,47857,2380,0,19,0,0,0,LEADER,1,0,0,0,0,18
51037,78,adaptive-prasle,2260,1,0,0,18,0,252,0,1,78,48777,2260,0,19,0,0,0,LEADER,1,0,0,0,0,18
50203,39,adaptive-prasle,2346,1,0,0,18,0,252,0,1,39,47857,2346,0,19,0,0,0,LEADER,1,0,0,0,0,18
50920,30,adaptive-prasle,2143,1,0,0,18,0,252,0,1,30,48777,2143,0,19,0,0,0,LEADER,1,0,0,0,0,18
50326,64,adaptive-prasle,1549,1,0,0,18,0,252,0,1,64,48777,1549,0,19,0,0,0,LEADER,1,0,0,0,0,18
50551,80,adaptive-prasle,1774,1,0,0,18,0,252,0,1,80,48777,1774,0,19,0,0,0,LEADER,1,0,0,0,0,18
50292,54,adaptive-prasle,1516,1,0,0,18,0,252,0,1,54,48776,1516,0,19,0,0,0,LEADER,1,0,0,0,0,18
50817,43,adaptive-prasle,2040,1,0,0,18,0,252,0,1,43,48777,2040,0,19,0,0,0,LEADER,1,0,0,0,0,18
50737,26,adaptive-prasle,1960,1,0,0,18,0,252,0,1,26,48777,1960,0,19,0,0,0,LEADER,1,0,0,0,0,18
50367,42,adaptive-prasle,1591,1,0,0,18,0,252,0,1,42,48776,1591,0,19,0,0,0,LEADER,1,0,0,0,0,18
50375,31,adaptive-prasle,1598,1,0,0,18,0,252,0,1,31,48777,1598,0,19,0,0,0,LEADER,1,0,0,0,0,18
51132,94,adaptive-prasle,2355,1,0,0,18,0,252,0,1,94,48777,2355,0,19,0,0,0,LEADER,1,0,0,0,0,18
50702,45,adaptive-prasle,1925,1,0,0,18,0,252,0,1,45,48777,1925,0,19,0,0,0,LEADER,1,0,0,0,0,18
51075,60,adaptive-prasle,2298,1,0,0,18,0,252,0,1,60,48777,2298,0,19,0,0,0,LEADER,1,0,0,0,0,18
51181,44,adaptive-prasle,1483,1,0,0,19,0,266,0,1,44,49698,1483,0,20,0,0,0,LEADER,1,0,0,0,0,19
50784,33,adaptive-prasle,2007,1,0,0,18,0,252,0,1,33,48777,2007,0,19,0,0,0,LEADER,1,0,0,0,0,18
50429,51,adaptive-prasle,1652,1,0,0,18,0,252,0,1,51,48777,1652,0,19,0,0,0,LEADER,1,0,0,0,0,18
50939,72,adaptive-prasle,2162,1,0,0,18,0,252,0,1,72,48777,2162,0,19,0,0,0,LEADER,1,0,0,0,0,18
51229,22,adaptive-prasle,1531,1,0,0,19,0,266,0,1,22,49698,1531,0,20,0,0,0,LEADER,1,0,0,0,0,19
50729,24,adaptive-prasle,1952,1,0,0,18,0,252,0,1,24,48777,1952,0,19,0,0,0,LEADER,1,0,0,0,0,18
51262,32,adaptive-prasle,1564,1,0,0,19,0,266,0,1,32,49698,1564,0,20,0,0,0,LEADER,1,0,0,0,0,19
50448,93,adaptive-prasle,1671,1,0,0,18,0,252,0,1,93,48777,1671,0,19,0,0,0,LEADER,1,0,0,0,0,18
51120,69,adaptive-prasle,2343,1,0,0,18,0,252,0,1,69,48777,2343,0,19,0,0,0,LEADER,1,0,0,0,0,18
51107,79,adaptive-prasle,2331,1,0,0,18,0,252,0,1,79,48776,2331,0,19,0,0,0,LEADER,1,0,0,0,0,18
50802,75,adaptive-prasle,2025,1,0,0,18,0,252,0,1,75,48777,2025,0,19,0,0,0,LEADER,1,0,0,0,0,18
50529,81,adaptive-prasle,1752,1,0,0,18,0,252,0,1,81,48777,1752,0,19,0,0,0,LEADER,1,0,0,0,0,18
50387,52,adaptive-prasle,1610,1,0,0,18,0,252,0,1,52,48777,1610,0,19,0,0,0,LEADER,1,0,0,0,0,18
50865,21,adaptive-prasle,2088,1,0,0,18,0,252,0,1,21,48777,2088,0,19,0,0,0,LEADER,1,0,0,0,0,18
51042,29,adaptive-prasle,2265,1,0,0,18,0,252,0,1,29,48777,2265,0,19,0,0,0,LEADER,1,0,0,0,0,18
50618,100,adaptive-prasle,1841,1,0,0,18,0,252,0,1,100,48777,1841,0,19,0,0,0,LEADER,1,0,0,0,0,18
50463,61,adaptive-prasle,1686,1,0,0,18,0,252,0,1,61,48777,1686,0,19,0,0,0,LEADER,1,0,0,0,0,18
51027,91,adaptive-prasle,2250,1,0,0,18,0,252,0,1,91,48777,2250,0,19,0,0,0,LEADER,1,0,0,0,0,18
50987,37,adaptive-prasle,2210,1,0,0,18,0,252,0,1,37,48777,2210,0,19,0,0,0,LEADER,1,0,0,0,0,18
50532,38,adaptive-prasle,1755,1,0,0,18,0,252,0,1,38,48777,1755,0,19,0,0,0,LEADER,1,0,0,0,0,18
51196,98,adaptive-prasle,2419,1,0,0,18,0,252,0,1,98,48777,2419,0,19,0,0,0,LEADER,1,0,0,0,0,18
51055,27,adaptive-prasle,2280,1,0,0,18,0,252,0,1,27,48775,2280,0,19,0,0,0,LEADER,1,0,0,0,0,18
50905,62,adaptive-prasle,2128,1,0,0,18,0,252,0,1,62,48777,2128,0,19,0,0,0,LEADER,1,0,0,0,0,18
50714,56,adaptive-prasle,1937,1,0,0,18,0,252,0,1,56,48777,1937,0,19,0,0,0,LEADER,1,0,0,0,0,18
51102,99,adaptive-prasle,2328,1,0,0,18,0,252,0,1,99,48774,2328,0,19,0,0,0,LEADER,1,0,0,0,0,18
50979,48,adaptive-prasle,2202,1,0,0,18,0,252,0,1,48,48777,2202,0,19,0,0,0,LEADER,1,0,0,0,0,18
51342,9,adaptive-prasle,1889,1,0,0,10,7,140,98,3,3,49453,1889,0,4,0,0,0,NORMAL,0,0,0,0,0,10
50496,71,adaptive-prasle,1719,1,0,0,18,0,252,0,1,71,48777,1719,0,19,0,0,0,LEADER,1,0,0,0,0,18
50721,87,adaptive-prasle,1944,1,0,0,18,0,252,0,1,87,48777,1944,0,19,0,0,0,LEADER,1,0,0,0,0,18
50647,36,adaptive-prasle,1870,1,0,0,18,0,252,0,1,36,48777,1870,0,19,0,0,0,LEADER,1,0,0,0,0,18
51144,77,adaptive-prasle,1446,1,0,0,19,0,266,0,1,77,49698,1446,0,20,0,0,0,LEADER,1,0,0,0,0,19
51335,83,adaptive-prasle,1637,1,0,0,19,0,266,0,1,83,49698,1637,0,20,0,0,0,LEADER,1,0,0,0,0,19
50836,85,adaptive-prasle,2059,1,0,0,18,0,252,0,1,85,48777,2059,0,19,0,0,0,LEADER,1,0,0,0,0,18
51365,19,adaptive-prasle,1667,1,0,0,19,0,266,0,1,19,49698,1667,0,20,0,0,0,LEADER,1,0,0,0,0,19
51520,65,adaptive-prasle,1822,1,0,0,19,0,266,0,1,65,49698,1822,0,20,0,0,0,LEADER,1,0,0,0,0,19
51126,35,adaptive-prasle,1428,1,0,0,19,0,266,0,1,35,49698,1428,0,20,0,0,0,LEADER,1,0,0,0,0,19
51141,86,adaptive-prasle,1443,1,0,0,19,0,266,0,1,86,49698,1443,0,20,0,0,0,LEADER,1,0,0,0,0,19
51183,50,adaptive-prasle,2406,1,0,0,18,0,252,0,1,50,48777,2406,0,19,0,0,0,LEADER,1,0,0,0,0,18
51199,55,adaptive-prasle,1501,1,0,0,19,0,266,0,1,55,49698,1501,0,20,0,0,0,LEADER,1,0,0,0,0,19
51238,63,adaptive-prasle,1540,1,0,0,19,0,266,0,1,63,49698,1540,0,20,0,0,0,LEADER,1,0,0,0,0,19
51602,46,adaptive-prasle,1904,1,0,0,19,0,266,0,1,46,49698,1904,0,20,0,0,0,LEADER,1,0,0,0,0,19
51399,53,adaptive-prasle,1701,1,0,0,19,0,266,0,1,53,49698,1701,0,20,0,0,0,LEADER,1,0,0,0,0,19
50751,23,adaptive-prasle,1974,1,0,0,18,0,252,0,1,23,48777,1974,0,19,0,0,0,LEADER,1,0,0,0,0,18
51620,88,adaptive-prasle,1922,1,0,0,19,0,266,0,1,88,49698,1922,0,20,0,0,0,LEADER,1,0,0,0,0,19
51147,34,adaptive-prasle,1449,1,0,0,19,0,266,0,1,34,49698,1449,0,20,0,0,0,LEADER,1,0,0,0,0,19
50754,97,adaptive-prasle,1977,1,0,0,18,0,252,0,1,97,48777,1977,0,19,0,0,0,LEADER,1,0,0,0,0,18
50872,20,adaptive-prasle,2095,1,0,0,18,0,252,0,1,20,48777,2095,0,19,0,0,0,LEADER,1,0,0,0,0,18
50954,40,adaptive-prasle,2177,1,0,0,18,0,252,0,1,40,48777,2177,0,19,0,0,0,LEADER,1,0,0,0,0,18
50877,47,adaptive-prasle,2100,1,0,0,18,0,252,0,1,47,48777,2100,0,19,0,0,0,LEADER,1,0,0,0,0,18
51790,95,adaptive-prasle,2092,1,0,0,19,0,266,0,1,95,49698,2092,0,20,0,0,0,LEADER,1,0,0,0,0,19
51172,25,adaptive-prasle,2395,1,0,0,18,0,252,0,1,25,48777,2395,0,19,0,0,0,LEADER,1,0,0,0,0,18
51778,84,adaptive-prasle,2080,1,0,0,19,0,266,0,1,84,49698,2080,0,20,0,0,0,LEADER,1,0,0,0,0,19
51054,70,adaptive-prasle,2277,1,0,0,18,0,252,0,1,70,48777,2277,0,19,0,0,0,LEADER,1,0,0,0,0,18
50972,82,adaptive-prasle,2195,1,0,0,18,0,252,0,1,82,48777,2195,0,19,0,0,0,LEADER,1,0,0,0,0,18
51190,67,adaptive-prasle,2413,1,0,0,18,0,252,0,1,67,48777,2413,0,19,0,0,0,LEADER,1,0,0,0,0,18
51142,89,adaptive-prasle,2365,1,0,0,18,0,252,0,1,89,48777,2365,0,19,0,0,0,LEADER,1,0,0,0,0,18
51811,28,adaptive-prasle,2113,1,0,0,19,0,266,0,1,28,49698,2113,0,20,0,0,0,LEADER,1,0,0,0,0,19
51553,68,adaptive-prasle,1855,1,0,0,19,0,266,0,1,68,49698,1855,0,20,0,0,0,LEADER,1,0,0,0,0,19
51505,90,adaptive-prasle,1807,1,0,0,19,0,266,0,1,90,49698,1807,0,20,0,0,0,LEADER,1,0,0,0,0,19
51166,76,adaptive-prasle,1468,1,0,0,19,0,266,0,1,76,49698,1468,0,20,0,0,0,LEADER,1,0,0,0,0,19
51487,10,adaptive-prasle,1789,1,0,0,19,0,266,0,1,10,49698,1789,0,20,0,0,0,LEADER,1,0,0,0,0,19
51919,58,adaptive-prasle,2221,1,0,0,19,0,266,0,1,58,49698,2221,0,20,0,0,0,LEADER,1,0,0,0,0,19
51302,73,adaptive-prasle,1604,1,0,0,19,0,266,0,1,73,49698,1604,0,20,0,0,0,LEADER,1,0,0,0,0,19
51042,59,adaptive-prasle,2265,1,0,0,18,0,252,0,1,59,48777,2265,0,19,0,0,0,LEADER,1,0,0,0,0,18
51317,41,adaptive-prasle,1619,1,0,0,19,0,266,0,1,41,49698,1619,0,20,0,0,0,LEADER,1,0,0,0,0,19
51232,96,adaptive-prasle,1534,1,0,0,19,0,266,0,1,96,49698,1534,0,20,0,0,0,LEADER,1,0,0,0,0,19
51465,49,adaptive-prasle,1767,1,0,0,19,0,266,0,1,49,49698,1767,0,20,0,0,0,LEADER,1,0,0,0,0,19
51534,74,adaptive-prasle,1837,1,0,0,19,0,266,0,1,74,49697,1837,0,20,0,0,0,LEADER,1,0,0,0,0,19
51926,92,adaptive-prasle,2228,1,0,0,19,0,266,0,1,92,49698,2228,0,20,0,0,0,LEADER,1,0,0,0,0,19
51132,66,adaptive-prasle,1434,1,0,0,19,0,266,0,1,66,49698,1434,0,20,0,0,0,LEADER,1,0,0,0,0,19
51157,57,adaptive-prasle,2380,1,0,0,18,0,252,0,1,57,48777,2380,0,19,0,0,0,LEADER,1,0,0,0,0,18
51958,78,adaptive-prasle,2260,1,0,0,19,0,266,0,1,78,49698,2260,0,20,0,0,0,LEADER,1,0,0,0,0,19
51123,39,adaptive-prasle,2346,1,0,0,18,0,252,0,1,39,48777,2346,0,19,0,0,0,LEADER,1,0,0,0,0,18
51841,30,adaptive-prasle,2143,1,0,0,19,0,266,0,1,30,49698,2143,0,20,0,0,0,LEADER,1,0,0,0,0,19
51247,64,adaptive-prasle,1549,1,0,0,19,0,266,0,1,64,49698,1549,0,20,0,0,0,LEADER,1,0,0,0,0,19
51472,80,adaptive-prasle,1774,1,0,0,19,0,266,0,1,80,49698,1774,0,20,0,0,0,LEADER,1,0,0,0,0,19
51212,54,adaptive-prasle,1516,1,0,0,19,0,266,0,1,54,49696,1516,0,20,0,0,0,LEADER,1,0,0,0,0,19
51738,43,adaptive-prasle,2040,1,0,0,19,0,266,0,1,43,49698,2040,0,20,0,0,0,LEADER,1,0,0,0,0,19
51658,26,adaptive-prasle,1960,1,0,0,19,0,266,0,1,26,49698,1960,0,20,0,0,0,LEADER,1,0,0,0,0,19
51288,42,adaptive-prasle,1591,1,0,0,19,0,266,0,1,42,49697,1591,0,20,0,0,0,LEADER,1,0,0,0,0,19
51296,31,adaptive-prasle,1598,1,0,0,19,0,266,0,1,31,49698,1598,0,20,0,0,0,LEADER,1,0,0,0,0,19
52053,94,adaptive-prasle,2355,1,0,0,19,0,266,0,1,94,49698,2355,0,20,0,0,0,LEADER,1,0,0,0,0,19
51482,8,adaptive-prasle,2217,1,0,0,8,19,112,266,3,5,49265,2217,0,4,0,0,0,NORMAL,0,0,0,0,0,8
51623,45,adaptive-prasle,1925,1,0,0,19,0,266,0,1,45,49698,1925,0,20,0,0,0,LEADER,1,0,0,0,0,19
51996,60,adaptive-prasle,2298,1,0,0,19,0,266,0,1,60,49698,2298,0,20,0,0,0,LEADER,1,0,0,0,0,19
52101,44,adaptive-prasle,1483,1,0,0,19,0,266,0,1,44,50618,1483,0,20,0,0,0,LEADER,1,0,0,0,0,19
51705,33,adaptive-prasle,2007,1,0,0,19,0,266,0,1,33,49698,2007,0,20,0,0,0,LEADER,1,0,0,0,0,19
51350,51,adaptive-prasle,1652,1,0,0,19,0,266,0,1,51,49698,1652,0,20,0,0,0,LEADER,1,0,0,0,0,19
52149,22,adaptive-prasle,1531,1,0,0,19,0,266,0,1,22,50618,1531,0,20,0,0,0,LEADER,1,0,0,0,0,19
51860,72,adaptive-prasle,2162,1,0,0,19,0,266,0,1,72,49698,2162,0,20,0,0,0,LEADER,1,0,0,0,0,19
51650,24,adaptive-prasle,1952,1,0,0,19,0,266,0,1,24,49698,1952,0,20,0,0,0,LEADER,1,0,0,0,0,19
52182,32,adaptive-prasle,1564,1,0,0,19,0,266,0,1,32,50618,1564,0,20,0,0,0,LEADER,1,0,0,0,0,19
51369,93,adaptive-prasle,1671,1,0,0,19,0,266,0,1,93,49698,1671,0,20,0,0,0,LEADER,1,0,0,0,0,19
52041,69,adaptive-prasle,2343,1,0,0,19,0,266,0,1,69,49698,2343,0,20,0,0,0,LEADER,1,0,0,0,0,19
52028,79,adaptive-prasle,2331,1,0,0,19,0,266,0,1,79,49697,2331,0,20,0,0,0,LEADER,1,0,0,0,0,19
51723,75,adaptive-prasle,2025,1,0,0,19,0,266,0,1,75,49698,2025,0,20,0,0,0,LEADER,1,0,0,0,0,19
51450,81,adaptive-prasle,1752,1,0,0,19,0,266,0,1,81,49698,1752,0,20,0,0,0,LEADER,1,0,0,0,0,19
51308,52,adaptive-prasle,1610,1,0,0,19,0,266,0,1,52,49698,1610,0,20,0,0,0,LEADER,1,0,0,0,0,19
51786,21,adaptive-prasle,2088,1,0,0,19,0,266,0,1,21,49698,2088,0,20,0,0,0,LEADER,1,0,0,0,0,19
51963,29,adaptive-prasle,2265,1,0,0,19,0,266,0,1,29,49698,2265,0,20,0,0,0,LEADER,1,0,0,0,0,19
51539,100,adaptive-prasle,1841,1,0,0,19,0,266,0,1,100,49698,1841,0,20,0,0,0,LEADER,1,0,0,0,0,19
51384,61,adaptive-prasle,1686,1,0,0,19,0,266,0,1,61,49698,1686,0,20,0,0,0,LEADER,1,0,0,0,0,19
51948,91,adaptive-prasle,2250,1,0,0,19,0,266,0,1,91,49698,2250,0,20,0,0,0,LEADER,1,0,0,0,0,19
51908,37,adaptive-prasle,2210,1,0,0,19,0,266,0,1,37,49698,2210,0,20,0,0,0,LEADER,1,0,0,0,0,19
51453,38,adaptive-prasle,1755,1,0,0,19,0,266,0,1,38,49698,1755,0,20,0,0,0,LEADER,1,0,0,0,0,19
52117,98,adaptive-prasle,2419,1,0,0,19,0,266,0,1,98,49698,2419,0,20,0,0,0,LEADER,1,0,0,0,0,19
51976,27,adaptive-prasle,2280,1,0,0,19,0,266,0,1,27,49696,2280,0,20,0,0,0,LEADER,1,0,0,0,0,19
51826,62,adaptive-prasle,2128,1,0,0,19,0,266,0,1,62,49698,2128,0,20,0,0,0,LEADER,1,0,0,0,0,19
51635,56,adaptive-prasle,1937,1,0,0,19,0,266,0,1,56,49698,1937,0,20,0,0,0,LEADER,1,0,0,0,0,19
52023,99,adaptive-prasle,2328,1,0,0,19,0,266,0,1,99,49695,2328,0,20,0,0,0,LEADER,1,0,0,0,0,19
51900,48,adaptive-prasle,2202,1,0,0,19,0,266,0,1,48,49698,2202,0,20,0,0,0,LEADER,1,0,0,0,0,19
51417,71,adaptive-prasle,1719,1,0,0,19,0,266,0,1,71,49698,1719,0,20,0,0,0,LEADER,1,0,0,0,0,19
51642,87,adaptive-prasle,1944,1,0,0,19,0,266,0,1,87,49698,1944,0,20,0,0,0,LEADER,1,0,0,0,0,19
51568,36,adaptive-prasle,1870,1,0,0,19,0,266,0,1,36,49698,1870,0,20,0,0,0,LEADER,1,0,0,0,0,19
52064,77,adaptive-prasle,1446,1,0,0,19,0,266,0,1,77,50618,1446,0,20,0,0,0,LEADER,1,0,0,0,0,19
52255,83,adaptive-prasle,1637,1,0,0,19,0,266,0,1,83,50618,1637,0,20,0,0,0,LEADER,1,0,0,0,0,19
51757,85,adaptive-prasle,2059,1,0,0,19,0,266,0,1,85,49698,2059,0,20,0,0,0,LEADER,1,0,0,0,0,19
52285,19,adaptive-prasle,1667,1,0,0,19,0,266,0,1,19,50618,1667,0,20,0,0,0,LEADER,1,0,0,0,0,19
52440,65,adaptive-prasle,1822,1,0,0,19,0,266,0,1,65,50618,1822,0,20,0,0,0,LEADER,1,0,0,0,0,19
52046,35,adaptive-prasle,1428,1,0,0,19,0,266,0,1,35,50618,1428,0,20,0,0,0,LEADER,1,0,0,0,0,19
52061,86,adaptive-prasle,1443,1,0,0,19,0,266,0,1,86,50618,1443,0,20,0,0,0,LEADER,1,0,0,0,0,19
52104,50,adaptive-prasle,2406,1,0,0,19,0,266,0,1,50,49698,2406,0,20,0,0,0,LEADER,1,0,0,0,0,19
52119,55,adaptive-prasle,1501,1,0,0,19,0,266,0,1,55,50618,1501,0,20,0,0,0,LEADER,1,0,0,0,0,19
52158,63,adaptive-prasle,1540,1,0,0,19,0,266,0,1,63,50618,1540,0,20,0,0,0,LEADER,1,0,0,0,0,19
52522,46,adaptive-prasle,1904,1,0,0,19,0,266,0,1,46,50618,1904,0,20,0,0,0,LEADER,1,0,0,0,0,19
52319,53,adaptive-prasle,1701,1,0,0,19,0,266,0,1,53,50618,1701,0,20,0,0,0,LEADER,1,0,0,0,0,19
51672,23,adaptive-prasle,1974,1,0,0,19,0,266,0,1,23,49698,1974,0,20,0,0,0,LEADER,1,0,0,0,0,19
52540,88,adaptive-prasle,1922,1,0,0,19,0,266,0,1,88,50618,1922,0,20,0,0,0,LEADER,1,0,0,0,0,19
52067,34,adaptive-prasle,1449,1,0,0,19,0,266,0,1,34,50618,1449,0,20,0,0,0,LEADER,1,0,0,0,0,19
51675,97,adaptive-prasle,1977,1,0,0,19,0,266,0,1,97,49698,1977,0,20,0,0,0,LEADER,1,0,0,0,0,19
52580,11,adaptive-prasle,2055,1,0,0,6,4,84,56,3,1,50525,2055,0,5,0,0,0,NORMAL,0,0,0,0,0,6
51793,20,adaptive-prasle,2095,1,0,0,19,0,266,0,1,20,49698,2095,0,20,0,0,0,LEADER,1,0,0,0,0,19
51875,40,adaptive-prasle,2177,1,0,0,19,0,266,0,1,40,49698,2177,0,20,0,0,0,LEADER,1,0,0,0,0,19
51798,47,adaptive-prasle,2100,1,0,0,19,0,266,0,1,47,49698,2100,0,20,0,0,0,LEADER,1,0,0,0,0,19
52710,95,adaptive-prasle,2092,1,0,0,19,0,266,0,1,95,50618,2092,0,20,0,0,0,LEADER,1,0,0,0,0,19
52093,25,adaptive-prasle,2395,1,0,0,19,0,266,0,1,25,49698,2395,0,20,0,0,0,LEADER,1,0,0,0,0,19
52698,84,adaptive-prasle,2080,1,0,0,19,0,266,0,1,84,50618,2080,0,20,0,0,0,LEADER,1,0,0,0,0,19
51975,70,adaptive-prasle,2277,1,0,0,19,0,266,0,1,70,49698,2277,0,20,0,0,0,LEADER,1,0,0,0,0,19
51893,82,adaptive-prasle,2195,1,0,0,19,0,266,0,1,82,49698,2195,0,20,0,0,0,LEADER,1,0,0,0,0,19
52111,67,adaptive-prasle,2413,1,0,0,19,0,266,0,1,67,49698,2413,0,20,0,0,0,LEADER,1,0,0,0,0,19
52063,89,adaptive-prasle,2365,1,0,0,19,0,266,0,1,89,49698,2365,0,20,0,0,0,LEADER,1,0,0,0,0,19
52731,28,adaptive-prasle,2113,1,0,0,19,0,266,0,1,28,50618,2113,0,20,0,0,0,LEADER,1,0,0,0,0,19
52473,68,adaptive-prasle,1855,1,0,0,19,0,266,0,1,68,50618,1855,0,20,0,0,0,LEADER,1,0,0,0,0,19
52425,90,adaptive-prasle,1807,1,0,0,19,0,266,0,1,90,50618,1807,0,20,0,0,0,LEADER,1,0,0,0,0,19
52086,76,adaptive-prasle,1468,1,0,0,19,0,266,0,1,76,50618,1468,0,20,0,0,0,LEADER,1,0,0,0,0,19
52407,10,adaptive-prasle,1789,1,0,0,19,0,266,0,1,10,50618,1789,0,20,0,0,0,LEADER,1,0,0,0,0,19
52839,58,adaptive-prasle,2221,1,0,0,19,0,266,0,1,58,50618,2221,0,20,0,0,0,LEADER,1,0,0,0,0,19
52222,73,adaptive-prasle,1604,1,0,0,19,0,266,0,1,73,50618,1604,0,20,0,0,0,LEADER,1,0,0,0,0,19
51963,59,adaptive-prasle,2265,1,0,0,19,0,266,0,1,59,49698,2265,0,20,0,0,0,LEADER,1,0,0,0,0,19
52237,41,adaptive-prasle,1619,1,0,0,19,0,266,0,1,41,50618,1619,0,20,0,0,0,LEADER,1,0,0,0,0,19
52152,96,adaptive-prasle,1534,1,0,0,19,0,266,0,1,96,50618,1534,0,20,0,0,0,LEADER,1,0,0,0,0,19
52385,49,adaptive-prasle,1767,1,0,0,19,0,266,0,1,49,50618,1767,0,20,0,0,0,LEADER,1,0,0,0,0,19
52454,74,adaptive-prasle,1837,1,0,0,19,0,266,0,1,74,50617,1837,0,20,0,0,0,LEADER,1,0,0,0,0,19
52846,92,adaptive-prasle,2228,1,0,0,19,0,266,0,1,92,50618,2228,0,20,0,0,0,LEADER,1,0,0,0,0,19
52052,66,adaptive-prasle,1434,1,0,0,19,0,266,0,1,66,50618,1434,0,20,0,0,0,LEADER,1,0,0,0,0,19
52078,57,adaptive-prasle,2380,1,0,0,19,0,266,0,1,57,49698,2380,0,20,0,0,0,LEADER,1,0,0,0,0,19
52878,78,adaptive-prasle,2260,1,0,0,19,0,266,0,1,78,50618,2260,0,20,0,0,0,LEADER,1,0,0,0,0,19
52044,39,adaptive-prasle,2346,1,0,0,19,0,266,0,1,39,49698,2346,0,20,0,0,0,LEADER,1,0,0,0,0,19
52761,30,adaptive-prasle,2143,1,0,0,19,0,266,0,1,30,50618,2143,0,20,0,0,0,LEADER,1,0,0,0,0,19
52167,64,adaptive-prasle,1549,1,0,0,19,0,266,0,1,64,50618,1549,0,20,0,0,0,LEADER,1,0,0,0,0,19
52392,80,adaptive-prasle,1774,1,0,0,19,0,266,0,1,80,50618,1774,0,20,0,0,0,LEADER,1,0,0,0,0,19
52132,54,adaptive-prasle,1516,1,0,0,19,0,266,0,1,54,50616,1516,0,20,0,0,0,LEADER,1,0,0,0,0,19
52658,43,adaptive-prasle,2040,1,0,0,19,0,266,0,1,43,50618,2040,0,20,0,0,0,LEADER,1,0,0,0,0,19
52578,26,adaptive-prasle,1960,1,0,0,19,0,266,0,1,26,50618,1960,0,20,0,0,0,LEADER,1,0,0,0,0,19
52208,42,adaptive-prasle,1591,1,0,0,19,0,266,0,1,42,50617,1591,0,20,0,0,0,LEADER,1,0,0,0,0,19
52216,31,adaptive-prasle,1598,1,0,0,19,0,266,0,1,31,50618,1598,0,20,0,0,0,LEADER,1,0,0,0,0,19
52973,94,adaptive-prasle,2355,1,0,0,19,0,266,0,1,94,50618,2355,0,20,0,0,0,LEADER,1,0,0,0,0,19
52543,45,adaptive-prasle,1925,1,0,0,19,0,266,0,1,45,50618,1925,0,20,0,0,0,LEADER,1,0,0,0,0,19
52916,60,adaptive-prasle,2298,1,0,0,19,0,266,0,1,60,50618,2298,0,20,0,0,0,LEADER,1,0,0,0,0,19
53021,44,adaptive-prasle,1483,1,0,0,19,0,266,0,1,44,51538,1483,0,20,0,0,0,LEADER,1,0,0,0,0,19
52625,33,adaptive-prasle,2007,1,0,0,19,0,266,0,1,33,50618,2007,0,20,0,0,0,LEADER,1,0,0,0,0,19
52270,51,adaptive-prasle,1652,1,0,0,19,0,266,0,1,51,50618,1652,0,20,0,0,0,LEADER,1,0,0,0,0,19
53069,22,adaptive-prasle,1531,1,0,0,19,0,266,0,1,22,51538,1531,0,20,0,0,0,LEADER,1,0,0,0,0,19
52780,72,adaptive-prasle,2162,1,0,0,19,0,266,0,1,72,50618,2162,0,20,0,0,0,LEADER,1,0,0,0,0,19
52570,24,adaptive-prasle,1952,1,0,0,19,0,266,0,1,24,50618,1952,0,20,0,0,0,LEADER,1,0,0,0,0,19
53102,32,adaptive-prasle,1564,1,0,0,19,0,266,0,1,32,51538,1564,0,20,0,0,0,LEADER,1,0,0,0,0,19
52289,93,adaptive-prasle,1671,1,0,0,19,0,266,0,1,93,50618,1671,0,20,0,0,0,LEADER,1,0,0,0,0,19
52961,69,adaptive-prasle,2343,1,0,0,19,0,266,0,1,69,50618,2343,0,20,0,0,0,LEADER,1,0,0,0,0,19
52948,79,adaptive-prasle,2331,1,0,0,19,0,266,0,1,79,50617,2331,0,20,0,0,0,LEADER,1,0,0,0,0,19
52643,75,adaptive-prasle,2025,1,0,0,19,0,266,0,1,75,50618,2025,0,20,0,0,0,LEADER,1,0,0,0,0,19
52370,81,adaptive-prasle,1752,1,0,0,19,0,266,0,1,81,50618,1752,0,20,0,0,0,LEADER,1,0,0,0,0,19
52228,52,adaptive-prasle,1610,1,0,0,19,0,266,0,1,52,50618,1610,0,20,0,0,0,LEADER,1,0,0,0,0,19
52706,21,adaptive-prasle,2088,1,0,0,19,0,266,0,1,21,50618,2088,0,20,0,0,0,LEADER,1,0,0,0,0,19
52883,29,adaptive-prasle,2265,1,0,0,19,0,266,0,1,29,50618,2265,0,20,0,0,0,LEADER,1,0,0,0,0,19
52459,100,adaptive-prasle,1841,1,0,0,19,0,266,0,1,100,50618,1841,0,20,0,0,0,LEADER,1,0,0,0,0,19
52304,61,adaptive-prasle,1686,1,0,0,19,0,266,0,1,61,50618,1686,0,20,0,0,0,LEADER,1,0,0,0,0,19
52868,91,adaptive-prasle,2250,1,0,0,19,0,266,0,1,91,50618,2250,0,20,0,0,0,LEADER,1,0,0,0,0,19
52828,37,adaptive-prasle,2210,1,0,0,19,0,266,0,1,37,50618,2210,0,20,0,0,0,LEADER,1,0,0,0,0,19
52373,38,adaptive-prasle,1755,1,0,0,19,0,266,0,1,38,50618,1755,0,20,0,0,0,LEADER,1,0,0,0,0,19
53037,98,adaptive-prasle,2419,1,0,0,19,0,266,0,1,98,50618,2419,0,20,0,0,0,LEADER,1,0,0,0,0,19
52896,27,adaptive-prasle,2280,1,0,0,19,0,266,0,1,27,50616,2280,0,20,0,0,0,LEADER,1,0,0,0,0,19
52555,56,adaptive-prasle,1937,1,0,0,19,0,266,0,1,56,50618,1937,0,20,0,0,0,LEADER,1,0,0,0,0,19
52746,62,adaptive-prasle,2128,1,0,0,19,0,266,0,1,62,50618,2128,0,20,0,0,0,LEADER,1,0,0,0,0,19
52943,99,adaptive-prasle,2328,1,0,0,19,0,266,0,1,99,50615,2328,0,20,0,0,0,LEADER,1,0,0,0,0,19
52820,48,adaptive-prasle,2202,1,0,0,19,0,266,0,1,48,50618,2202,0,20,0,0,0,LEADER,1,0,0,0,0,19
52337,71,adaptive-prasle,1719,1,0,0,19,0,266,0,1,71,50618,1719,0,20,0,0,0,LEADER,1,0,0,0,0,19
52562,87,adaptive-prasle,1944,1,0,0,19,0,266,0,1,87,50618,1944,0,20,0,0,0,LEADER,1,0,0,0,0,19
52488,36,adaptive-prasle,1870,1,0,0,19,0,266,0,1,36,50618,1870,0,20,0,0,0,LEADER,1,0,0,0,0,19
52984,77,adaptive-prasle,1446,1,0,0,19,0,266,0,1,77,51538,1446,0,20,0,0,0,LEADER,1,0,0,0,0,19
53175,83,adaptive-prasle,1637,1,0,0,19,0,266,0,1,83,51538,1637,0,20,0,0,0,LEADER,1,0,0,0,0,19
52677,85,adaptive-prasle,2059,1,0,0,19,0,266,0,1,85,50618,2059,0,20,0,0,0,LEADER,1,0,0,0,0,19
53205,19,adaptive-prasle,1667,1,0,0,19,0,266,0,1,19,51538,1667,0,20,0,0,0,LEADER,1,0,0,0,0,19
53360,65,adaptive-prasle,1822,1,0,0,19,0,266,0,1,65,51538,1822,0,20,0,0,0,LEADER,1,0,0,0,0,19
52966,35,adaptive-prasle,1428,1,0,0,19,0,266,0,1,35,51538,1428,0,20,0,0,0,LEADER,1,0,0,0,0,19
52981,86,adaptive-prasle,1443,1,0,0,19,0,266,0,1,86,51538,1443,0,20,0,0,0,LEADER,1,0,0,0,0,19
53024,50,adaptive-prasle,2406,1,0,0,19,0,266,0,1,50,50618,2406,0,20,0,0,0,LEADER,1,0,0,0,0,19
53039,55,adaptive-prasle,1501,1,0,0,19,0,266,0,1,55,51538,1501,0,20,0,0,0,LEADER,1,0,0,0,0,19
53078,63,adaptive-prasle,1540,1,0,0,19,0,266,0,1,63,51538,1540,0,20,0,0,0,LEADER,1,0,0,0,0,19
53442,46,adaptive-prasle,1904,1,0,0,19,0,266,0,1,46,51538,1904,0,20,0,0,0,LEADER,1,0,0,0,0,19
53239,53,adaptive-prasle,1701,1,0,0,19,0,266,0,1,53,51538,1701,0,20,0,0,0,LEADER,1,0,0,0,0,19
52592,23,adaptive-prasle,1974,1,0,0,19,0,266,0,1,23,50618,1974,0,20,0,0,0,LEADER,1,0,0,0,0,19
53460,88,adaptive-prasle,1922,1,0,0,19,0,266,0,1,88,51538,1922,0,20,0,0,0,LEADER,1,0,0,0,0,19
52987,34,adaptive-prasle,1449,1,0,0,19,0,266,0,1,34,51538,1449,0,20,0,0,0,LEADER,1,0,0,0,0,19
52595,97,adaptive-prasle,1977,1,0,0,19,0,266,0,1,97,50618,1977,0,20,0,0,0,LEADER,1,0,0,0,0,19
52713,20,adaptive-prasle,2095,1,0,0,19,0,266,0,1,20,50618,2095,0,20,0,0,0,LEADER,1,0,0,0,0,19
52795,40,adaptive-prasle,2177,1,0,0,19,0,266,0,1,40,50618,2177,0,20,0,0,0,LEADER,1,0,0,0,0,19
52718,47,adaptive-prasle,2100,1,0,0,19,0,266,0,1,47,50618,2100,0,20,0,0,0,LEADER,1,0,0,0,0,19
53598,12,adaptive-prasle,1578,1,0,0,4,5,56,70,2,1,52020,1578,0,3,0,0,0,NORMAL,0,0,0,0,0,4
53630,95,adaptive-prasle,2092,1,0,0,19,0,266,0,1,95,51538,2092,0,20,0,0,0,LEADER,1,0,0,0,0,19
53013,25,adaptive-prasle,2395,1,0,0,19,0,266,0,1,25,50618,2395,0,20,0,0,0,LEADER,1,0,0,0,0,19
53618,84,adaptive-prasle,2080,1,0,0,19,0,266,0,1,84,51538,2080,0,20,0,0,0,LEADER,1,0,0,0,0,19
52895,70,adaptive-prasle,2277,1,0,0,19,0,266,0,1,70,50618,2277,0,20,0,0,0,LEADER,1,0,0,0,0,19
52813,82,adaptive-prasle,2195,1,0,0,19,0,266,0,1,82,50618,2195,0,20,0,0,0,LEADER,1,0,0,0,0,19
53031,67,adaptive-prasle,2413,1,0,0,19,0,266,0,1,67,50618,2413,0,20,0,0,0,LEADER,1,0,0,0,0,19
52983,89,adaptive-prasle,2365,1,0,0,19,0,266,0,1,89,50618,2365,0,20,0,0,0,LEADER,1,0,0,0,0,19
53651,28,adaptive-prasle,2113,1,0,0,19,0,266,0,1,28,51538,2113,0,20,0,0,0,LEADER,1,0,0,0,0,19
53393,68,adaptive-prasle,1855,1,0,0,19,0,266,0,1,68,51538,1855,0,20,0,0,0,LEADER,1,0,0,0,0,19
53345,90,adaptive-prasle,1807,1,0,0,19,0,266,0,1,90,51538,1807,0,20,0,0,0,LEADER,1,0,0,0,0,19
53006,76,adaptive-prasle,1468,1,0,0,19,0,266,0,1,76,51538,1468,0,20,0,0,0,LEADER,1,0,0,0,0,19
53327,10,adaptive-prasle,1789,1,0,0,19,0,266,0,1,10,51538,1789,0,20,0,0,0,LEADER,1,0,0,0,0,19
53759,58,adaptive-prasle,2221,1,0,0,19,0,266,0,1,58,51538,2221,0,20,0,0,0,LEADER,1,0,0,0,0,19
53142,73,adaptive-prasle,1604,1,0,0,19,0,266,0,1,73,51538,1604,0,20,0,0,0,LEADER,1,0,0,0,0,19
52883,59,adaptive-prasle,2265,1,0,0,19,0,266,0,1,59,50618,2265,0,20,0,0,0,LEADER,1,0,0,0,0,19
53157,41,adaptive-prasle,1619,1,0,0,19,0,266,0,1,41,51538,1619,0,20,0,0,0,LEADER,1,0,0,0,0,19
53072,96,adaptive-prasle,1534,1,0,0,19,0,266,0,1,96,51538,1534,0,20,0,0,0,LEADER,1,0,0,0,0,19
53305,49,adaptive-prasle,1767,1,0,0,19,0,266,0,1,49,51538,1767,0,20,0,0,0,LEADER,1,0,0,0,0,19
53374,74,adaptive-prasle,1837,1,0,0,19,0,266,0,1,74,51537,1837,0,20,0,0,0,LEADER,1,0,0,0,0,19
53766,92,adaptive-prasle,2228,1,0,0,19,0,266,0,1,92,51538,2228,0,20,0,0,0,LEADER,1,0,0,0,0,19
52972,66,adaptive-prasle,1434,1,0,0,19,0,266,0,1,66,51538,1434,0,20,0,0,0,LEADER,1,0,0,0,0,19
52998,57,adaptive-prasle,2380,1,0,0,19,0,266,0,1,57,50618,2380,0,20,0,0,0,LEADER,1,0,0,0,0,19
53798,78,adaptive-prasle,2260,1,0,0,19,0,266,0,1,78,51538,2260,0,20,0,0,0,LEADER,1,0,0,0,0,19
52964,39,adaptive-prasle,2346,1,0,0,19,0,266,0,1,39,50618,2346,0,20,0,0,0,LEADER,1,0,0,0,0,19
53681,30,adaptive-prasle,2143,1,0,0,19,0,266,0,1,30,51538,2143,0,20,0,0,0,LEADER,1,0,0,0,0,19
53087,64,adaptive-prasle,1549,1,0,0,19,0,266,0,1,64,51538,1549,0,20,0,0,0,LEADER,1,0,0,0,0,19
53312,80,adaptive-prasle,1774,1,0,0,19,0,266,0,1,80,51538,1774,0,20,0,0,0,LEADER,1,0,0,0,0,19
53052,54,adaptive-prasle,1516,1,0,0,19,0,266,0,1,54,51536,1516,0,20,0,0,0,LEADER,1,0,0,0,0,19
53578,43,adaptive-prasle,2040,1,0,0,19,0,266,0,1,43,51538,2040,0,20,0,0,0,LEADER,1,0,0,0,0,19
53498,26,adaptive-prasle,1960,1,0,0,19,0,266,0,1,26,51538,1960,0,20,0,0,0,LEADER,1,0,0,0,0,19
53128,42,adaptive-prasle,1591,1,0,0,19,0,266,0,1,42,51537,1591,0,20,0,0,0,LEADER,1,0,0,0,0,19
53136,31,adaptive-prasle,1598,1,0,0,19,0,266,0,1,31,51538,1598,0,20,0,0,0,LEADER,1,0,0,0,0,19
53893,94,adaptive-prasle,2355,1,0,0,19,0,266,0,1,94,51538,2355,0,20,0,0,0,LEADER,1,0,0,0,0,19
53463,45,adaptive-prasle,1925,1,0,0,19,0,266,0,1,45,51538,1925,0,20,0,0,0,LEADER,1,0,0,0,0,19
53836,60,adaptive-prasle,2298,1,0,0,19,0,266,0,1,60,51538,2298,0,20,0,0,0,LEADER,1,0,0,0,0,19
53942,44,adaptive-prasle,1483,1,0,0,20,0,280,0,1,44,52459,1483,0,21,0,0,0,LEADER,1,0,0,0,0,20
53545,33,adaptive-prasle,2007,1,0,0,19,0,266,0,1,33,51538,2007,0,20,0,0,0,LEADER,1,0,0,0,0,19
53190,51,adaptive-prasle,1652,1,0,0,19,0,266,0,1,51,51538,1652,0,20,0,0,0,LEADER,1,0,0,0,0,19
53700,72,adaptive-prasle,2162,1,0,0,19,0,266,0,1,72,51538,2162,0,20,0,0,0,LEADER,1,0,0,0,0,19
53990,22,adaptive-prasle,1531,1,0,0,20,0,280,0,1,22,52459,1531,0,21,0,0,0,LEADER,1,0,0,0,0,20
53490,24,adaptive-prasle,1952,1,0,0,19,0,266,0,1,24,51538,1952,0,20,0,0,0,LEADER,1,0,0,0,0,19
54023,32,adaptive-prasle,1564,1,0,0,20,0,280,0,1,32,52459,1564,0,21,0,0,0,LEADER,1,0,0,0,0,20
53209,93,adaptive-prasle,1671,1,0,0,19,0,266,0,1,93,51538,1671,0,20,0,0,0,LEADER,1,0,0,0,0,19
53881,69,adaptive-prasle,2343,1,0,0,19,0,266,0,1,69,51538,2343,0,20,0,0,0,LEADER,1,0,0,0,0,19
53868,79,adaptive-prasle,2331,1,0,0,19,0,266,0,1,79,51537,2331,0,20,0,0,0,LEADER,1,0,0,0,0,19
53563,75,adaptive-prasle,2025,1,0,0,19,0,266,0,1,75,51538,2025,0,20,0,0,0,LEADER,1,0,0,0,0,19
53290,81,adaptive-prasle,1752,1,0,0,19,0,266,0,1,81,51538,1752,0,20,0,0,0,LEADER,1,0,0,0,0,19
53148,52,adaptive-prasle,1610,1,0,0,19,0,266,0,1,52,51538,1610,0,20,0,0,0,LEADER,1,0,0,0,0,19
53626,21,adaptive-prasle,2088,1,0,0,19,0,266,0,1,21,51538,2088,0,20,0,0,0,LEADER,1,0,0,0,0,19
53803,29,adaptive-prasle,2265,1,0,0,19,0,266,0,1,29,51538,2265,0,20,0,0,0,LEADER,1,0,0,0,0,19
53379,100,adaptive-prasle,1841,1,0,0,19,0,266,0,1,100,51538,1841,0,20,0,0,0,LEADER,1,0,0,0,0,19
53224,61,adaptive-prasle,1686,1,0,0,19,0,266,0,1,61,51538,1686,0,20,0,0,0,LEADER,1,0,0,0,0,19
53788,91,adaptive-prasle,2250,1,0,0,19,0,266,0,1,91,51538,2250,0,20,0,0,0,LEADER,1,0,0,0,0,19
53748,37,adaptive-prasle,2210,1,0,0,19,0,266,0,1,37,51538,2210,0,20,0,0,0,LEADER,1,0,0,0,0,19
53293,38,adaptive-prasle,1755,1,0,0,19,0,266,0,1,38,51538,1755,0,20,0,0,0,LEADER,1,0,0,0,0,19
53957,98,adaptive-prasle,2419,1,0,0,19,0,266,0,1,98,51538,2419,0,20,0,0,0,LEADER,1,0,0,0,0,19
53816,27,adaptive-prasle,2280,1,0,0,19,0,266,0,1,27,51536,2280,0,20,0,0,0,LEADER,1,0,0,0,0,19
53666,62,adaptive-prasle,2128,1,0,0,19,0,266,0,1,62,51538,2128,0,20,0,0,0,LEADER,1,0,0,0,0,19
53475,56,adaptive-prasle,1937,1,0,0,19,0,266,0,1,56,51538,1937,0,20,0,0,0,LEADER,1,0,0,0,0,19
53863,99,adaptive-prasle,2328,1,0,0,19,0,266,0,1,99,51535,2328,0,20,0,0,0,LEADER,1,0,0,0,0,19
53740,48,adaptive-prasle,2202,1,0,0,19,0,266,0,1,48,51538,2202,0,20,0,0,0,LEADER,1,0,0,0,0,19
53257,71,adaptive-prasle,1719,1,0,0,19,0,266,0,1,71,51538,1719,0,20,0,0,0,LEADER,1,0,0,0,0,19
53482,87,adaptive-prasle,1944,1,0,0,19,0,266,0,1,87,51538,1944,0,20,0,0,0,LEADER,1,0,0,0,0,19
53408,36,adaptive-prasle,1870,1,0,0,19,0,266,0,1,36,51538,1870,0,20,0,0,0,LEADER,1,0,0,0,0,19
53905,77,adaptive-prasle,1446,1,0,0,20,0,280,0,1,77,52459,1446,0,21,0,0,0,LEADER,1,0,0,0,0,20
54096,83,adaptive-prasle,1637,1,0,0,20,0,280,0,1,83,52459,1637,0,21,0,0,0,LEADER,1,0,0,0,0,20
53597,85,adaptive-prasle,2059,1,0,0,19,0,266,0,1,85,51538,2059,0,20,0,0,0,LEADER,1,0,0,0,0,19
54126,19,adaptive-prasle,1667,1,0,0,20,0,280,0,1,19,52459,1667,0,21,0,0,0,LEADER,1,0,0,0,0,20
54281,65,adaptive-prasle,1822,1,0,0,20,0,280,0,1,65,52459,1822,0,21,0,0,0,LEADER,1,0,0,0,0,20
53887,35,adaptive-prasle,1428,1,0,0,20,0,280,0,1,35,52459,1428,0,21,0,0,0,LEADER,1,0,0,0,0,20
53902,86,adaptive-prasle,1443,1,0,0,20,0,280,0,1,86,52459,1443,0,21,0,0,0,LEADER,1,0,0,0,0,20
53944,50,adaptive-prasle,2406,1,0,0,19,0,266,0,1,50,51538,2406,0,20,0,0,0,LEADER,1,0,0,0,0,19
53960,55,adaptive-prasle,1501,1,0,0,20,0,280,0,1,55,52459,1501,0,21,0,0,0,LEADER,1,0,0,0,0,20
53999,63,adaptive-prasle,1540,1,0,0,20,0,280,0,1,63,52459,1540,0,21,0,0,0,LEADER,1,0,0,0,0,20
54363,46,adaptive-prasle,1904,1,0,0,20,0,280,0,1,46,52459,1904,0,21,0,0,0,LEADER,1,0,0,0,0,20
54160,53,adaptive-prasle,1701,1,0,0,20,0,280,0,1,53,52459,1701,0,21,0,0,0,LEADER,1,0,0,0,0,20
53512,23,adaptive-prasle,1974,1,0,0,19,0,266,0,1,23,51538,1974,0,20,0,0,0,LEADER,1,0,0,0,0,19
54381,88,adaptive-prasle,1922,1,0,0,20,0,280,0,1,88,52459,1922,0,21,0,0,0,LEADER,1,0,0,0,0,20
53908,34,adaptive-prasle,1449,1,0,0,20,0,280,0,1,34,52459,1449,0,21,0,0,0,LEADER,1,0,0,0,0,20
53515,97,adaptive-prasle,1977,1,0,0,19,0,266,0,1,97,51538,1977,0,20,0,0,0,LEADER,1,0,0,0,0,19
53633,20,adaptive-prasle,2095,1,0,0,19,0,266,0,1,20,51538,2095,0,20,0,0,0,LEADER,1,0,0,0,0,19
53715,40,adaptive-prasle,2177,1,0,0,19,0,266,0,1,40,51538,2177,0,20,0,0,0,LEADER,1,0,0,0,0,19
53638,47,adaptive-prasle,2100,1,0,0,19,0,266,0,1,47,51538,2100,0,20,0,0,0,LEADER,1,0,0,0,0,19
54262,6,adaptive-prasle,1797,1,0,0,8,17,112,238,2,3,52465,1797,0,4,0,0,0,NORMAL,0,0,0,0,0,8
54551,95,adaptive-prasle,2092,1,0,0,20,0,280,0,1,95,52459,2092,0,21,0,0,0,LEADER,1,0,0,0,0,20
53933,25,adaptive-prasle,2395,1,0,0,19,0,266,0,1,25,51538,2395,0,20,0,0,0,LEADER,1,0,0,0,0,19
54539,84,adaptive-prasle,2080,1,0,0,20,0,280,0,1,84,52459,2080,0,21,0,0,0,LEADER,1,0,0,0,0,20
53815,70,adaptive-prasle,2277,1,0,0,19,0,266,0,1,70,51538,2277,0,20,0,0,0,LEADER,1,0,0,0,0,19
53733,82,adaptive-prasle,2195,1,0,0,19,0,266,0,1,82,51538,2195,0,20,0,0,0,LEADER,1,0,0,0,0,19
53951,67,adaptive-prasle,2413,1,0,0,19,0,266,0,1,67,51538,2413,0,20,0,0,0,LEADER,1,0,0,0,0,19
53903,89,adaptive-prasle,2365,1,0,0,19,0,266,0,1,89,51538,2365,0,20,0,0,0,LEADER,1,0,0,0,0,19
54572,28,adaptive-prasle,2113,1,0,0,20,0,280,0,1,28,52459,2113,0,21,0,0,0,LEADER,1,0,0,0,0,20
54314,68,adaptive-prasle,1855,1,0,0,20,0,280,0,1,68,52459,1855,0,21,0,0,0,LEADER,1,0,0,0,0,20
54266,90,adaptive-prasle,1807,1,0,0,20,0,280,0,1,90,52459,1807,0,21,0,0,0,LEADER,1,0,0,0,0,20
53927,76,adaptive-prasle,1468,1,0,0,20,0,280,0,1,76,52459,1468,0,21,0,0,0,LEADER,1,0,0,0,0,20
54248,10,adaptive-prasle,1789,1,0,0,20,0,280,0,1,10,52459,1789,0,21,0,0,0,LEADER,1,0,0,0,0,20
54680,58,adaptive-prasle,2221,1,0,0,20,0,280,0,1,58,52459,2221,0,21,0,0,0,LEADER,1,0,0,0,0,20
54063,73,adaptive-prasle,1604,1,0,0,20,0,280,0,1,73,52459,1604,0,21,0,0,0,LEADER,1,0,0,0,0,20
53803,59,adaptive-prasle,2265,1,0,0,19,0,266,0,1,59,51538,2265,0,20,0,0,0,LEADER,1,0,0,0,0,19
54078,41,adaptive-prasle,1619,1,0,0,20,0,280,0,1,41,52459,1619,0,21,0,0,0,LEADER,1,0,0,0,0,20
53993,96,adaptive-prasle,1534,1,0,0,20,0,280,0,1,96,52459,1534,0,21,0,0,0,LEADER,1,0,0,0,0,20
54226,49,adaptive-prasle,1767,1,0,0,20,0,280,0,1,49,52459,1767,0,21,0,0,0,LEADER,1,0,0,0,0,20
54295,74,adaptive-prasle,1837,1,0,0,20,0,280,0,1,74,52458,1837,0,21,0,0,0,LEADER,1,0,0,0,0,20
54687,92,adaptive-prasle,2228,1,0,0,20,0,280,0,1,92,52459,2228,0,21,0,0,0,LEADER,1,0,0,0,0,20
53893,66,adaptive-prasle,1434,1,0,0,20,0,280,0,1,66,52459,1434,0,21,0,0,0,LEADER,1,0,0,0,0,20
53918,57,adaptive-prasle,2380,1,0,0,19,0,266,0,1,57,51538,2380,0,20,0,0,0,LEADER,1,0,0,0,0,19
54719,78,adaptive-prasle,2260,1,0,0,20,0,280,0,1,78,52459,2260,0,21,0,0,0,LEADER,1,0,0,0,0,20
53884,39,adaptive-prasle,2346,1,0,0,19,0,266,0,1,39,51538,2346,0,20,0,0,0,LEADER,1,0,0,0,0,19
54602,30,adaptive-prasle,2143,1,0,0,20,0,280,0,1,30,52459,2143,0,21,0,0,0,LEADER,1,0,0,0,0,20
54008,64,adaptive-prasle,1549,1,0,0,20,0,280,0,1,64,52459,1549,0,21,0,0,0,LEADER,1,0,0,0,0,20
54233,80,adaptive-prasle,1774,1,0,0,20,0,280,0,1,80,52459,1774,0,21,0,0,0,LEADER,1,0,0,0,0,20
53973,54,adaptive-prasle,1516,1,0,0,20,0,280,0,1,54,52457,1516,0,21,0,0,0,LEADER,1,0,0,0,0,20
54499,43,adaptive-prasle,2040,1,0,0,20,0,280,0,1,43,52459,2040,0,21,0,0,0,LEADER,1,0,0,0,0,20
54419,26,adaptive-prasle,1960,1,0,0,20,0,280,0,1,26,52459,1960,0,21,0,0,0,LEADER,1,0,0,0,0,20
54049,42,adaptive-prasle,1591,1,0,0,20,0,280,0,1,42,52458,1591,0,21,0,0,0,LEADER,1,0,0,0,0,20
54057,31,adaptive-prasle,1598,1,0,0,20,0,280,0,1,31,52459,1598,0,21,0,0,0,LEADER,1,0,0,0,0,20
54814,94,adaptive-prasle,2355,1,0,0,20,0,280,0,1,94,52459,2355,0,21,0,0,0,LEADER,1,0,0,0,0,20
54384,45,adaptive-prasle,1925,1,0,0,20,0,280,0,1,45,52459,1925,0,21,0,0,0,LEADER,1,0,0,0,0,20
54757,60,adaptive-prasle,2298,1,0,0,20,0,280,0,1,60,52459,2298,0,21,0,0,0,LEADER,1,0,0,0,0,20
54862,44,adaptive-prasle,1483,1,0,0,20,0,280,0,1,44,53379,1483,0,21,0,0,0,LEADER,1,0,0,0,0,20
54466,33,adaptive-prasle,2007,1,0,0,20,0,280,0,1,33,52459,2007,0,21,0,0,0,LEADER,1,0,0,0,0,20
54111,51,adaptive-prasle,1652,1,0,0,20,0,280,0,1,51,52459,1652,0,21,0,0,0,LEADER,1,0,0,0,0,20
54910,22,adaptive-prasle,1531,1,0,0,20,0,280,0,1,22,53379,1531,0,21,0,0,0,LEADER,1,0,0,0,0,20
54621,72,adaptive-prasle,2162,1,0,0,20,0,280,0,1,72,52459,2162,0,21,0,0,0,LEADER,1,0,0,0,0,20
54411,24,adaptive-prasle,1952,1,0,0,20,0,280,0,1,24,52459,1952,0,21,0,0,0,LEADER,1,0,0,0,0,20
54943,32,adaptive-prasle,1564,1,0,0,20,0,280,0,1,32,53379,1564,0,21,0,0,0,LEADER,1,0,0,0,0,20
54130,93,adaptive-prasle,1671,1,0,0,20,0,280,0,1,93,52459,1671,0,21,0,0,0,LEADER,1,0,0,0,0,20
54802,69,adaptive-prasle,2343,1,0,0,20,0,280,0,1,69,52459,2343,0,21,0,0,0,LEADER,1,0,0,0,0,20
54789,79,adaptive-prasle,2331,1,0,0,20,0,280,0,1,79,52458,2331,0,21,0,0,0,LEADER,1,0,0,0,0,20
54484,75,adaptive-prasle,2025,1,0,0,20,0,280,0,1,75,52459,2025,0,21,0,0,0,LEADER,1,0,0,0,0,20
54211,81,adaptive-prasle,1752,1,0,0,20,0,280,0,1,81,52459,1752,0,21,0,0,0,LEADER,1,0,0,0,0,20
54069,52,adaptive-prasle,1610,1,0,0,20,0,280,0,1,52,52459,1610,0,21,0,0,0,LEADER,1,0,0,0,0,20
54547,21,adaptive-prasle,2088,1,0,0,20,0,280,0,1,21,52459,2088,0,21,0,0,0,LEADER,1,0,0,0,0,20
54724,29,adaptive-prasle,2265,1,0,0,20,0,280,0,1,29,52459,2265,0,21,0,0,0,LEADER,1,0,0,0,0,20
54300,100,adaptive-prasle,1841,1,0,0,20,0,280,0,1,100,52459,1841,0,21,0,0,0,LEADER,1,0,0,0,0,20
54145,61,adaptive-prasle,1686,1,0,0,20,0,280,0,1,61,52459,1686,0,21,0,0,0,LEADER,1,0,0,0,0,20
54709,91,adaptive-prasle,2250,1,0,0,20,0,280,0,1,91,52459,2250,0,21,0,0,0,LEADER,1,0,0,0,0,20
54669,37,adaptive-prasle,2210,1,0,0,20,0,280,0,1,37,52459,2210,0,21,0,0,0,LEADER,1,0,0,0,0,20
54214,38,adaptive-prasle,1755,1,0,0,20,0,280,0,1,38,52459,1755,0,21,0,0,0,LEADER,1,0,0,0,0,20
54878,98,adaptive-prasle,2419,1,0,0,20,0,280,0,1,98,52459,2419,0,21,0,0,0,LEADER,1,0,0,0,0,20
54737,27,adaptive-prasle,2280,1,0,0,20,0,280,0,1,27,52457,2280,0,21,0,0,0,LEADER,1,0,0,0,0,20
54587,62,adaptive-prasle,2128,1,0,0,20,0,280,0,1,62,52459,2128,0,21,0,0,0,LEADER,1,0,0,0,0,20
54396,56,adaptive-prasle,1937,1,0,0,20,0,280,0,1,56,52459,1937,0,21,0,0,0,LEADER,1,0,0,0,0,20
54784,99,adaptive-prasle,2328,1,0,0,20,0,280,0,1,99,52456,2328,0,21,0,0,0,LEADER,1,0,0,0,0,20
54661,48,adaptive-prasle,2202,1,0,0,20,0,280,0,1,48,52459,2202,0,21,0,0,0,LEADER,1,0,0,0,0,20
54178,71,adaptive-prasle,1719,1,0,0,20,0,280,0,1,71,52459,1719,0,21,0,0,0,LEADER,1,0,0,0,0,20
54403,87,adaptive-prasle,1944,1,0,0,20,0,280,0,1,87,52459,1944,0,21,0,0,0,LEADER,1,0,0,0,0,20
54714,17,adaptive-prasle,1782,1,0,0,8,9,112,126,2,7,52932,1782,0,3,0,0,0,NORMAL,0,0,0,0,0,8
55065,18,adaptive-prasle,2226,1,0,0,9,8,126,112,2,7,52839,2226,0,3,0,0,0,NORMAL,0,0,0,0,0,9
54329,36,adaptive-prasle,1870,1,0,0,20,0,280,0,1,36,52459,1870,0,21,0,0,0,LEADER,1,0,0,0,0,20
54825,77,adaptive-prasle,1446,1,0,0,20,0,280,0,1,77,53379,1446,0,21,0,0,0,LEADER,1,0,0,0,0,20
55016,83,adaptive-prasle,1637,1,0,0,20,0,280,0,1,83,53379,1637,0,21,0,0,0,LEADER,1,0,0,0,0,20
54518,85,adaptive-prasle,2059,1,0,0,20,0,280,0,1,85,52459,2059,0,21,0,0,0,LEADER,1,0,0,0,0,20
55046,19,adaptive-prasle,1667,1,0,0,20,0,280,0,1,19,53379,1667,0,21,0,0,0,LEADER,1,0,0,0,0,20
55201,65,adaptive-prasle,1822,1,0,0,20,0,280,0,1,65,53379,1822,0,21,0,0,0,LEADER,1,0,0,0,0,20
54807,35,adaptive-prasle,1428,1,0,0,20,0,280,0,1,35,53379,1428,0,21,0,0,0,LEADER,1,0,0,0,0,20
54822,86,adaptive-prasle,1443,1,0,0,20,0,280,0,1,86,53379,1443,0,21,0,0,0,LEADER,1,0,0,0,0,20
54865,50,adaptive-prasle,2406,1,0,0,20,0,280,0,1,50,52459,2406,0,21,0,0,0,LEADER,1,0,0,0,0,20
54880,55,adaptive-prasle,1501,1,0,0,20,0,280,0,1,55,53379,1501,0,21,0,0,0,LEADER,1,0,0,0,0,20
54919,63,adaptive-prasle,1540,1,0,0,20,0,280,0,1,63,53379,1540,0,21,0,0,0,LEADER,1,0,0,0,0,20
55283,46,adaptive-prasle,1904,1,0,0,20,0,280,0,1,46,53379,1904,0,21,0,0,0,LEADER,1,0,0,0,0,20
55080,53,adaptive-prasle,1701,1,0,0,20,0,280,0,1,53,53379,1701,0,21,0,0,0,LEADER,1,0,0,0,0,20
54433,23,adaptive-prasle,1974,1,0,0,20,0,280,0,1,23,52459,1974,0,21,0,0,0,LEADER,1,0,0,0,0,20
55301,88,adaptive-prasle,1922,1,0,0,20,0,280,0,1,88,53379,1922,0,21,0,0,0,LEADER,1,0,0,0,0,20
55099,5,adaptive-prasle,2338,1,0,0,8,15,112,210,4,3,52761,2338,0,5,0,0,0,NORMAL,0,0,0,0,0,8
54828,34,adaptive-prasle,1449,1,0,0,20,0,280,0,1,34,53379,1449,0,21,0,0,0,LEADER,1,0,0,0,0,20
54436,97,adaptive-prasle,1977,1,0,0,20,0,280,0,1,97,52459,1977,0,21,0,0,0,LEADER,1,0,0,0,0,20
55101,7,adaptive-prasle,1749,1,0,0,9,16,126,224,3,3,53352,1749,0,4,0,0,0,NORMAL,0,0,0,0,0,9
54554,20,adaptive-prasle,2095,1,0,0,20,0,280,0,1,20,52459,2095,0,21,0,0,0,LEADER,1,0,0,0,0,20
54636,40,adaptive-prasle,2177,1,0,0,20,0,280,0,1,40,52459,2177,0,21,0,0,0,LEADER,1,0,0,0,0,20
54559,47,adaptive-prasle,2100,1,0,0,20,0,280,0,1,47,52459,2100,0,21,0,0,0,LEADER,1,0,0,0,0,20
55471,95,adaptive-prasle,2092,1,0,0,20,0,280,0,1,95,53379,2092,0,21,0,0,0,LEADER,1,0,0,0,0,20
54854,25,adaptive-prasle,2395,1,0,0,20,0,280,0,1,25,52459,2395,0,21,0,0,0,LEADER,1,0,0,0,0,20
55459,84,adaptive-prasle,2080,1,0,0,20,0,280,0,1,84,53379,2080,0,21,0,0,0,LEADER,1,0,0,0,0,20
54736,70,adaptive-prasle,2277,1,0,0,20,0,280,0,1,70,52459,2277,0,21,0,0,0,LEADER,1,0,0,0,0,20
54654,82,adaptive-prasle,2195,1,0,0,20,0,280,0,1,82,52459,2195,0,21,0,0,0,LEADER,1,0,0,0,0,20
54872,67,adaptive-prasle,2413,1,0,0,20,0,280,0,1,67,52459,2413,0,21,0,0,0,LEADER,1,0,0,0,0,20
54824,89,adaptive-prasle,2365,1,0,0,20,0,280,0,1,89,52459,2365,0,21,0,0,0,LEADER,1,0,0,0,0,20
55492,28,adaptive-prasle,2113,1,0,0,20,0,280,0,1,28,53379,2113,0,21,0,0,0,LEADER,1,0,0,0,0,20
55234,68,adaptive-prasle,1855,1,0,0,20,0,280,0,1,68,53379,1855,0,21,0,0,0,LEADER,1,0,0,0,0,20
55186,90,adaptive-prasle,1807,1,0,0,20,0,280,0,1,90,53379,1807,0,21,0,0,0,LEADER,1,0,0,0,0,20
54847,76,adaptive-prasle,1468,1,0,0,20,0,280,0,1,76,53379,1468,0,21,0,0,0,LEADER,1,0,0,0,0,20
55168,10,adaptive-prasle,1789,1,0,0,20,0,280,0,1,10,53379,1789,0,21,0,0,0,LEADER,1,0,0,0,0,20
55600,58,adaptive-prasle,2221,1,0,0,20,0,280,0,1,58,53379,2221,0,21,0,0,0,LEADER,1,0,0,0,0,20
54983,73,adaptive-prasle,1604,1,0,0,20,0,280,0,1,73,53379,1604,0,21,0,0,0,LEADER,1,0,0,0,0,20
54724,59,adaptive-prasle,2265,1,0,0,20,0,280,0,1,59,52459,2265,0,21,0,0,0,LEADER,1,0,0,0,0,20
54998,41,adaptive-prasle,1619,1,0,0,20,0,280,0,1,41,53379,1619,0,21,0,0,0,LEADER,1,0,0,0,0,20
54913,96,adaptive-prasle,1534,1,0,0,20,0,280,0,1,96,53379,1534,0,21,0,0,0,LEADER,1,0,0,0,0,20
55146,49,adaptive-prasle,1767,1,0,0,20,0,280,0,1,49,53379,1767,0,21,0,0,0,LEADER,1,0,0,0,0,20
55215,74,adaptive-prasle,1837,1,0,0,20,0,280,0,1,74,53378,1837,0,21,0,0,0,LEADER,1,0,0,0,0,20
55607,92,adaptive-prasle,2228,1,0,0,20,0,280,0,1,92,53379,2228,0,21,0,0,0,LEADER,1,0,0,0,0,20
54813,66,adaptive-prasle,1434,1,0,0,20,0,280,0,1,66,53379,1434,0,21,0,0,0,LEADER,1,0,0,0,0,20
54839,57,adaptive-prasle,2380,1,0,0,20,0,280,0,1,57,52459,2380,0,21,0,0,0,LEADER,1,0,0,0,0,20
55639,78,adaptive-prasle,2260,1,0,0,20,0,280,0,1,78,53379,2260,0,21,0,0,0,LEADER,1,0,0,0,0,20
54805,39,adaptive-prasle,2346,1,0,0,20,0,280,0,1,39,52459,2346,0,21,0,0,0,LEADER,1,0,0,0,0,20
55522,30,adaptive-prasle,2143,1,0,0,20,0,280,0,1,30,53379,2143,0,21,0,0,0,LEADER,1,0,0,0,0,20
54928,64,adaptive-prasle,1549,1,0,0,20,0,280,0,1,64,53379,1549,0,21,0,0,0,LEADER,1,0,0,0,0,20
55153,80,adaptive-prasle,1774,1,0,0,20,0,280,0,1,80,53379,1774,0,21,0,0,0,LEADER,1,0,0,0,0,20
54893,54,adaptive-prasle,1516,1,0,0,20,0,280,0,1,54,53377,1516,0,21,0,0,0,LEADER,1,0,0,0,0,20
55419,43,adaptive-prasle,2040,1,0,0,20,0,280,0,1,43,53379,2040,0,21,0,0,0,LEADER,1,0,0,0,0,20
55339,26,adaptive-prasle,1960,1,0,0,20,0,280,0,1,26,53379,1960,0,21,0,0,0,LEADER,1,0,0,0,0,20
54969,42,adaptive-prasle,1591,1,0,0,20,0,280,0,1,42,53378,1591,0,21,0,0,0,LEADER,1,0,0,0,0,20
54977,31,adaptive-prasle,1598,1,0,0,20,0,280,0,1,31,53379,1598,0,21,0,0,0,LEADER,1,0,0,0,0,20
55734,94,adaptive-prasle,2355,1,0,0,20,0,280,0,1,94,53379,2355,0,21,0,0,0,LEADER,1,0,0,0,0,20
55304,45,adaptive-prasle,1925,1,0,0,20,0,280,0,1,45,53379,1925,0,21,0,0,0,LEADER,1,0,0,0,0,20
55677,60,adaptive-prasle,2298,1,0,0,20,0,280,0,1,60,53379,2298,0,21,0,0,0,LEADER,1,0,0,0,0,20
55782,44,adaptive-prasle,1483,1,0,0,20,0,280,0,1,44,54299,1483,0,21,0,0,0,LEADER,1,0,0,0,0,20
55386,33,adaptive-prasle,2007,1,0,0,20,0,280,0,1,33,53379,2007,0,21,0,0,0,LEADER,1,0,0,0,0,20
55031,51,adaptive-prasle,1652,1,0,0,20,0,280,0,1,51,53379,1652,0,21,0,0,0,LEADER,1,0,0,0,0,20
55830,22,adaptive-prasle,1531,1,0,0,20,0,280,0,1,22,54299,1531,0,21,0,0,0,LEADER,1,0,0,0,0,20
55541,72,adaptive-prasle,2162,1,0,0,20,0,280,0,1,72,53379,2162,0,21,0,0,0,LEADER,1,0,0,0,0,20
55331,24,adaptive-prasle,1952,1,0,0,20,0,280,0,1,24,53379,1952,0,21,0,0,0,LEADER,1,0,0,0,0,20
55863,32,adaptive-prasle,1564,1,0,0,20,0,280,0,1,32,54299,1564,0,21,0,0,0,LEADER,1,0,0,0,0,20
55722,69,adaptive-prasle,2343,1,0,0,20,0,280,0,1,69,53379,2343,0,21,0,0,0,LEADER,1,0,0,0,0,20
55050,93,adaptive-prasle,1671,1,0,0,20,0,280,0,1,93,53379,1671,0,21,0,0,0,LEADER,1,0,0,0,0,20
55709,79,adaptive-prasle,2331,1,0,0,20,0,280,0,1,79,53378,2331,0,21,0,0,0,LEADER,1,0,0,0,0,20
55404,75,adaptive-prasle,2025,1,0,0,20,0,280,0,1,75,53379,2025,0,21,0,0,0,LEADER,1,0,0,0,0,20
55131,81,adaptive-prasle,1752,1,0,0,20,0,280,0,1,81,53379,1752,0,21,0,0,0,LEADER,1,0,0,0,0,20
54989,52,adaptive-prasle,1610,1,0,0,20,0,280,0,1,52,53379,1610,0,21,0,0,0,LEADER,1,0,0,0,0,20
55467,21,adaptive-prasle,2088,1,0,0,20,0,280,0,1,21,53379,2088,0,21,0,0,0,LEADER,1,0,0,0,0,20
55644,29,adaptive-prasle,2265,1,0,0,20,0,280,0,1,29,53379,2265,0,21,0,0,0,LEADER,1,0,0,0,0,20
55220,100,adaptive-prasle,1841,1,0,0,20,0,280,0,1,100,53379,1841,0,21,0,0,0,LEADER,1,0,0,0,0,20
55065,61,adaptive-prasle,1686,1,0,0,20,0,280,0,1,61,53379,1686,0,21,0,0,0,LEADER,1,0,0,0,0,20
55629,91,adaptive-prasle,2250,1,0,0,20,0,280,0,1,91,53379,2250,0,21,0,0,0,LEADER,1,0,0,0,0,20
55589,37,adaptive-prasle,2210,1,0,0,20,0,280,0,1,37,53379,2210,0,21,0,0,0,LEADER,1,0,0,0,0,20
55134,38,adaptive-prasle,1755,1,0,0,20,0,280,0,1,38,53379,1755,0,21,0,0,0,LEADER,1,0,0,0,0,20
55798,98,adaptive-prasle,2419,1,0,0,20,0,280,0,1,98,53379,2419,0,21,0,0,0,LEADER,1,0,0,0,0,20
55657,27,adaptive-prasle,2280,1,0,0,20,0,280,0,1,27,53377,2280,0,21,0,0,0,LEADER,1,0,0,0,0,20
55507,62,adaptive-prasle,2128,1,0,0,20,0,280,0,1,62,53379,2128,0,21,0,0,0,LEADER,1,0,0,0,0,20
55316,56,adaptive-prasle,1937,1,0,0,20,0,280,0,1,56,53379,1937,0,21,0,0,0,LEADER,1,0,0,0,0,20
55704,99,adaptive-prasle,2328,1,0,0,20,0,280,0,1,99,53376,2328,0,21,0,0,0,LEADER,1,0,0,0,0,20
55581,48,adaptive-prasle,2202,1,0,0,20,0,280,0,1,48,53379,2202,0,21,0,0,0,LEADER,1,0,0,0,0,20
55098,71,adaptive-prasle,1719,1,0,0,20,0,280,0,1,71,53379,1719,0,21,0,0,0,LEADER,1,0,0,0,0,20
55323,87,adaptive-prasle,1944,1,0,0,20,0,280,0,1,87,53379,1944,0,21,0,0,0,LEADER,1,0,0,0,0,20
55249,36,adaptive-prasle,1870,1,0,0,20,0,280,0,1,36,53379,1870,0,21,0,0,0,LEADER,1,0,0,0,0,20
55745,77,adaptive-prasle,1446,1,0,0,20,0,280,0,1,77,54299,1446,0,21,0,0,0,LEADER,1,0,0,0,0,20
55936,83,adaptive-prasle,1637,1,0,0,20,0,280,0,1,83,54299,1637,0,21,0,0,0,LEADER,1,0,0,0,0,20
55438,85,adaptive-prasle,2059,1,0,0,20,0,280,0,1,85,53379,2059,0,21,0,0,0,LEADER,1,0,0,0,0,20
55966,19,adaptive-prasle,1667,1,0,0,20,0,280,0,1,19,54299,1667,0,21,0,0,0,LEADER,1,0,0,0,0,20
56121,65,adaptive-prasle,1822,1,0,0,20,0,280,0,1,65,54299,1822,0,21,0,0,0,LEADER,1,0,0,0,0,20
55727,35,adaptive-prasle,1428,1,0,0,20,0,280,0,1,35,54299,1428,0,21,0,0,0,LEADER,1,0,0,0,0,20
55742,86,adaptive-prasle,1443,1,0,0,20,0,280,0,1,86,54299,1443,0,21,0,0,0,LEADER,1,0,0,0,0,20
55785,50,adaptive-prasle,2406,1,0,0,20,0,280,0,1,50,53379,2406,0,21,0,0,0,LEADER,1,0,0,0,0,20
55800,55,adaptive-prasle,1501,1,0,0,20,0,280,0,1,55,54299,1501,0,21,0,0,0,LEADER,1,0,0,0,0,20
55839,63,adaptive-prasle,1540,1,0,0,20,0,280,0,1,63,54299,1540,0,21,0,0,0,LEADER,1,0,0,0,0,20
56203,46,adaptive-prasle,1904,1,0,0,20,0,280,0,1,46,54299,1904,0,21,0,0,0,LEADER,1,0,0,0,0,20
56000,53,adaptive-prasle,1701,1,0,0,20,0,280,0,1,53,54299,1701,0,21,0,0,0,LEADER,1,0,0,0,0,20
55353,23,adaptive-prasle,1974,1,0,0,20,0,280,0,1,23,53379,1974,0,21,0,0,0,LEADER,1,0,0,0,0,20
56221,88,adaptive-prasle,1922,1,0,0,20,0,280,0,1,88,54299,1922,0,21,0,0,0,LEADER,1,0,0,0,0,20
55748,34,adaptive-prasle,1449,1,0,0,20,0,280,0,1,34,54299,1449,0,21,0,0,0,LEADER,1,0,0,0,0,20
55356,97,adaptive-prasle,1977,1,0,0,20,0,280,0,1,97,53379,1977,0,21,0,0,0,LEADER,1,0,0,0,0,20
55474,20,adaptive-prasle,2095,1,0,0,20,0,280,0,1,20,53379,2095,0,21,0,0,0,LEADER,1,0,0,0,0,20
55556,40,adaptive-prasle,2177,1,0,0,20,0,280,0,1,40,53379,2177,0,21,0,0,0,LEADER,1,0,0,0,0,20
55479,47,adaptive-prasle,2100,1,0,0,20,0,280,0,1,47,53379,2100,0,21,0,0,0,LEADER,1,0,0,0,0,20
56391,95,adaptive-prasle,2092,1,0,0,20,0,280,0,1,95,54299,2092,0,21,0,0,0,LEADER,1,0,0,0,0,20
55774,25,adaptive-prasle,2395,1,0,0,20,0,280,0,1,25,53379,2395,0,21,0,0,0,LEADER,1,0,0,0,0,20
56379,84,adaptive-prasle,2080,1,0,0,20,0,280,0,1,84,54299,2080,0,21,0,0,0,LEADER,1,0,0,0,0,20
55656,70,adaptive-prasle,2277,1,0,0,20,0,280,0,1,70,53379,2277,0,21,0,0,0,LEADER,1,0,0,0,0,20
55574,82,adaptive-prasle,2195,1,0,0,20,0,280,0,1,82,53379,2195,0,21,0,0,0,LEADER,1,0,0,0,0,20
55792,67,adaptive-prasle,2413,1,0,0,20,0,280,0,1,67,53379,2413,0,21,0,0,0,LEADER,1,0,0,0,0,20
55744,89,adaptive-prasle,2365,1,0,0,20,0,280,0,1,89,53379,2365,0,21,0,0,0,LEADER,1,0,0,0,0,20
56412,28,adaptive-prasle,2113,1,0,0,20,0,280,0,1,28,54299,2113,0,21,0,0,0,LEADER,1,0,0,0,0,20
56154,68,adaptive-prasle,1855,1,0,0,20,0,280,0,1,68,54299,1855,0,21,0,0,0,LEADER,1,0,0,0,0,20
56106,90,adaptive-prasle,1807,1,0,0,20,0,280,0,1,90,54299,1807,0,21,0,0,0,LEADER,1,0,0,0,0,20
55767,76,adaptive-prasle,1468,1,0,0,20,0,280,0,1,76,54299,1468,0,21,0,0,0,LEADER,1,0,0,0,0,20
56520,58,adaptive-prasle,2221,1,0,0,20,0,280,0,1,58,54299,2221,0,21,0,0,0,LEADER,1,0,0,0,0,20
56088,10,adaptive-prasle,1789,1,0,0,20,0,280,0,1,10,54299,1789,0,21,0,0,0,LEADER,1,0,0,0,0,20
55903,73,adaptive-prasle,1604,1,0,0,20,0,280,0,1,73,54299,1604,0,21,0,0,0,LEADER,1,0,0,0,0,20
55644,59,adaptive-prasle,2265,1,0,0,20,0,280,0,1,59,53379,2265,0,21,0,0,0,LEADER,1,0,0,0,0,20
55918,41,adaptive-prasle,1619,1,0,0,20,0,280,0,1,41,54299,1619,0,21,0,0,0,LEADER,1,0,0,0,0,20
55833,96,adaptive-prasle,1534,1,0,0,20,0,280,0,1,96,54299,1534,0,21,0,0,0,LEADER,1,0,0,0,0,20
56066,49,adaptive-prasle,1767,1,0,0,20,0,280,0,1,49,54299,1767,0,21,0,0,0,LEADER,1,0,0,0,0,20
56135,74,adaptive-prasle,1837,1,0,0,20,0,280,0,1,74,54298,1837,0,21,0,0,0,LEADER,1,0,0,0,0,20
56527,92,adaptive-prasle,2228,1,0,0,20,0,280,0,1,92,54299,2228,0,21,0,0,0,LEADER,1,0,0,0,0,20
55733,66,adaptive-prasle,1434,1,0,0,20,0,280,0,1,66,54299,1434,0,21,0,0,0,LEADER,1,0,0,0,0,20
55759,57,adaptive-prasle,2380,1,0,0,20,0,280,0,1,57,53379,2380,0,21,0,0,0,LEADER,1,0,0,0,0,20
56559,78,adaptive-prasle,2260,1,0,0,20,0,280,0,1,78,54299,2260,0,21,0,0,0,LEADER,1,0,0,0,0,20
55725,39,adaptive-prasle,2346,1,0,0,20,0,280,0,1,39,53379,2346,0,21,0,0,0,LEADER,1,0,0,0,0,20
56442,30,adaptive-prasle,2143,1,0,0,20,0,280,0,1,30,54299,2143,0,21,0,0,0,LEADER,1,0,0,0,0,20
55848,64,adaptive-prasle,1549,1,0,0,20,0,280,0,1,64,54299,1549,0,21,0,0,0,LEADER,1,0,0,0,0,20
56073,80,adaptive-prasle,1774,1,0,0,20,0,280,0,1,80,54299,1774,0,21,0,0,0,LEADER,1,0,0,0,0,20
55813,54,adaptive-prasle,1516,1,0,0,20,0,280,0,1,54,54297,1516,0,21,0,0,0,LEADER,1,0,0,0,0,20
56339,43,adaptive-prasle,2040,1,0,0,20,0,280,0,1,43,54299,2040,0,21,0,0,0,LEADER,1,0,0,0,0,20
56259,26,adaptive-prasle,1960,1,0,0,20,0,280,0,1,26,54299,1960,0,21,0,0,0,LEADER,1,0,0,0,0,20
55889,42,adaptive-prasle,1591,1,0,0,20,0,280,0,1,42,54298,1591,0,21,0,0,0,LEADER,1,0,0,0,0,20
55897,31,adaptive-prasle,1598,1,0,0,20,0,280,0,1,31,54299,1598,0,21,0,0,0,LEADER,1,0,0,0,0,20
56654,94,adaptive-prasle,2355,1,0,0,20,0,280,0,1,94,54299,2355,0,21,0,0,0,LEADER,1,0,0,0,0,20
56224,45,adaptive-prasle,1925,1,0,0,20,0,280,0,1,45,54299,1925,0,21,0,0,0,LEADER,1,0,0,0,0,20
56597,60,adaptive-prasle,2298,1,0,0,20,0,280,0,1,60,54299,2298,0,21,0,0,0,LEADER,1,0,0,0,0,20
56703,44,adaptive-prasle,1483,1,0,0,21,0,294,0,1,44,55220,1483,0,22,0,0,0,LEADER,1,0,0,0,0,21
56306,33,adaptive-prasle,2007,1,0,0,20,0,280,0,1,33,54299,2007,0,21,0,0,0,LEADER,1,0,0,0,0,20
55951,51,adaptive-prasle,1652,1,0,0,20,0,280,0,1,51,54299,1652,0,21,0,0,0,LEADER,1,0,0,0,0,20
56461,72,adaptive-prasle,2162,1,0,0,20,0,280,0,1,72,54299,2162,0,21,0,0,0,LEADER,1,0,0,0,0,20
56751,22,adaptive-prasle,1531,1,0,0,21,0,294,0,1,22,55220,1531,0,22,0,0,0,LEADER,1,0,0,0,0,21
56251,24,adaptive-prasle,1952,1,0,0,20,0,280,0,1,24,54299,1952,0,21,0,0,0,LEADER,1,0,0,0,0,20
56784,32,adaptive-prasle,1564,1,0,0,21,0,294,0,1,32,55220,1564,0,22,0,0,0,LEADER,1,0,0,0,0,21
55970,93,adaptive-prasle,1671,1,0,0,20,0,280,0,1,93,54299,1671,0,21,0,0,0,LEADER,1,0,0,0,0,20
56642,69,adaptive-prasle,2343,1,0,0,20,0,280,0,1,69,54299,2343,0,21,0,0,0,LEADER,1,0,0,0,0,20
56629,79,adaptive-prasle,2331,1,0,0,20,0,280,0,1,79,54298,2331,0,21,0,0,0,LEADER,1,0,0,0,0,20
56324,75,adaptive-prasle,2025,1,0,0,20,0,280,0,1,75,54299,2025,0,21,0,0,0,LEADER,1,0,0,0,0,20
56051,81,adaptive-prasle,1752,1,0,0,20,0,280,0,1,81,54299,1752,0,21,0,0,0,LEADER,1,0,0,0,0,20
55909,52,adaptive-prasle,1610,1,0,0,20,0,280,0,1,52,54299,1610,0,21,0,0,0,LEADER,1,0,0,0,0,20
56387,21,adaptive-prasle,2088,1,0,0,20,0,280,0,1,21,54299,2088,0,21,0,0,0,LEADER,1,0,0,0,0,20
56564,29,adaptive-prasle,2265,1,0,0,20,0,280,0,1,29,54299,2265,0,21,0,0,0,LEADER,1,0,0,0,0,20
56140,100,adaptive-prasle,1841,1,0,0,20,0,280,0,1,100,54299,1841,0,21,0,0,0,LEADER,1,0,0,0,0,20
55985,61,adaptive-prasle,1686,1,0,0,20,0,280,0,1,61,54299,1686,0,21,0,0,0,LEADER,1,0,0,0,0,20
56549,91,adaptive-prasle,2250,1,0,0,20,0,280,0,1,91,54299,2250,0,21,0,0,0,LEADER,1,0,0,0,0,20
56509,37,adaptive-prasle,2210,1,0,0,20,0,280,0,1,37,54299,2210,0,21,0,0,0,LEADER,1,0,0,0,0,20
56054,38,adaptive-prasle,1755,1,0,0,20,0,280,0,1,38,54299,1755,0,21,0,0,0,LEADER,1,0,0,0,0,20
56718,98,adaptive-prasle,2419,1,0,0,20,0,280,0,1,98,54299,2419,0,21,0,0,0,LEADER,1,0,0,0,0,20
56577,27,adaptive-prasle,2280,1,0,0,20,0,280,0,1,27,54297,2280,0,21,0,0,0,LEADER,1,0,0,0,0,20
56427,62,adaptive-prasle,2128,1,0,0,20,0,280,0,1,62,54299,2128,0,21,0,0,0,LEADER,1,0,0,0,0,20
56236,56,adaptive-prasle,1937,1,0,0,20,0,280,0,1,56,54299,1937,0,21,0,0,0,LEADER,1,0,0,0,0,20
56624,99,adaptive-prasle,2328,1,0,0,20,0,280,0,1,99,54296,2328,0,21,0,0,0,LEADER,1,0,0,0,0,20
56501,48,adaptive-prasle,2202,1,0,0,20,0,280,0,1,48,54299,2202,0,21,0,0,0,LEADER,1,0,0,0,0,20
56657,14,adaptive-prasle,2096,1,0,0,6,7,84,98,2,14,54561,2096,0,3,0,0,0,LEADER,1,0,0,0,0,6
56018,71,adaptive-prasle,1719,1,0,0,20,0,280,0,1,71,54299,1719,0,21,0,0,0,LEADER,1,0,0,0,0,20
56243,87,adaptive-prasle,1944,1,0,0,20,0,280,0,1,87,54299,1944,0,21,0,0,0,LEADER,1,0,0,0,0,20
56169,36,adaptive-prasle,1870,1,0,0,20,0,280,0,1,36,54299,1870,0,21,0,0,0,LEADER,1,0,0,0,0,20
56666,77,adaptive-prasle,1446,1,0,0,21,0,294,0,1,77,55220,1446,0,22,0,0,0,LEADER,1,0,0,0,0,21
56857,83,adaptive-prasle,1637,1,0,0,21,0,294,0,1,83,55220,1637,0,22,0,0,0,LEADER,1,0,0,0,0,21
56358,85,adaptive-prasle,2059,1,0,0,20,0,280,0,1,85,54299,2059,0,21,0,0,0,LEADER,1,0,0,0,0,20
56887,19,adaptive-prasle,1667,1,0,0,21,0,294,0,1,19,55220,1667,0,22,0,0,0,LEADER,1,0,0,0,0,21
57042,65,adaptive-prasle,1822,1,0,0,21,0,294,0,1,65,55220,1822,0,22,0,0,0,LEADER,1,0,0,0,0,21
56648,35,adaptive-prasle,1428,1,0,0,21,0,294,0,1,35,55220,1428,0,22,0,0,0,LEADER,1,0,0,0,0,21
56663,86,adaptive-prasle,1443,1,0,0,21,0,294,0,1,86,55220,1443,0,22,0,0,0,LEADER,1,0,0,0,0,21
56705,50,adaptive-prasle,2406,1,0,0,20,0,280,0,1,50,54299,2406,0,21,0,0,0,LEADER,1,0,0,0,0,20
56458,13,adaptive-prasle,1941,1,0,0,4,6,56,84,2,3,54517,1941,0,3,0,0,0,NORMAL,0,0,0,0,0,4
56721,55,adaptive-prasle,1501,1,0,0,21,0,294,0,1,55,55220,1501,0,22,0,0,0,LEADER,1,0,0,0,0,21
56760,63,adaptive-prasle,1540,1,0,0,21,0,294,0,1,63,55220,1540,0,22,0,0,0,LEADER,1,0,0,0,0,21
57124,46,adaptive-prasle,1904,1,0,0,21,0,294,0,1,46,55220,1904,0,22,0,0,0,LEADER,1,0,0,0,0,21
56921,53,adaptive-prasle,1701,1,0,0,21,0,294,0,1,53,55220,1701,0,22,0,0,0,LEADER,1,0,0,0,0,21
56273,23,adaptive-prasle,1974,1,0,0,20,0,280,0,1,23,54299,1974,0,21,0,0,0,LEADER,1,0,0,0,0,20
57142,88,adaptive-prasle,1922,1,0,0,21,0,294,0,1,88,55220,1922,0,22,0,0,0,LEADER,1,0,0,0,0,21
56669,34,adaptive-prasle,1449,1,0,0,21,0,294,0,1,34,55220,1449,0,22,0,0,0,LEADER,1,0,0,0,0,21
56276,97,adaptive-prasle,1977,1,0,0,20,0,280,0,1,97,54299,1977,0,21,0,0,0,LEADER,1,0,0,0,0,20
56394,20,adaptive-prasle,2095,1,0,0,20,0,280,0,1,20,54299,2095,0,21,0,0,0,LEADER,1,0,0,0,0,20
56476,40,adaptive-prasle,2177,1,0,0,20,0,280,0,1,40,54299,2177,0,21,0,0,0,LEADER,1,0,0,0,0,20
56399,47,adaptive-prasle,2100,1,0,0,20,0,280,0,1,47,54299,2100,0,21,0,0,0,LEADER,1,0,0,0,0,20
57312,95,adaptive-prasle,2092,1,0,0,21,0,294,0,1,95,55220,2092,0,22,0,0,0,LEADER,1,0,0,0,0,21
56694,25,adaptive-prasle,2395,1,0,0,20,0,280,0,1,25,54299,2395,0,21,0,0,0,LEADER,1,0,0,0,0,20
57300,84,adaptive-prasle,2080,1,0,0,21,0,294,0,1,84,55220,2080,0,22,0,0,0,LEADER,1,0,0,0,0,21
56576,70,adaptive-prasle,2277,1,0,0,20,0,280,0,1,70,54299,2277,0,21,0,0,0,LEADER,1,0,0,0,0,20
56494,82,adaptive-prasle,2195,1,0,0,20,0,280,0,1,82,54299,2195,0,21,0,0,0,LEADER,1,0,0,0,0,20
56712,67,adaptive-prasle,2413,1,0,0,20,0,280,0,1,67,54299,2413,0,21,0,0,0,LEADER,1,0,0,0,0,20
56664,89,adaptive-prasle,2365,1,0,0,20,0,280,0,1,89,54299,2365,0,21,0,0,0,LEADER,1,0,0,0,0,20
57333,28,adaptive-prasle,2113,1,0,0,21,0,294,0,1,28,55220,2113,0,22,0,0,0,LEADER,1,0,0,0,0,21
57075,68,adaptive-prasle,1855,1,0,0,21,0,294,0,1,68,55220,1855,0,22,0,0,0,LEADER,1,0,0,0,0,21
57027,90,adaptive-prasle,1807,1,0,0,21,0,294,0,1,90,55220,1807,0,22,0,0,0,LEADER,1,0,0,0,0,21
56688,76,adaptive-prasle,1468,1,0,0,21,0,294,0,1,76,55220,1468,0,22,0,0,0,LEADER,1,0,0,0,0,21
57009,10,adaptive-prasle,1789,1,0,0,21,0,294,0,1,10,55220,1789,0,22,0,0,0,LEADER,1,0,0,0,0,21
57441,58,adaptive-prasle,2221,1,0,0,21,0,294,0,1,58,55220,2221,0,22,0,0,0,LEADER,1,0,0,0,0,21
56824,73,adaptive-prasle,1604,1,0,0,21,0,294,0,1,73,55220,1604,0,22,0,0,0,LEADER,1,0,0,0,0,21
56564,59,adaptive-prasle,2265,1,0,0,20,0,280,0,1,59,54299,2265,0,21,0,0,0,LEADER,1,0,0,0,0,20
56839,41,adaptive-prasle,1619,1,0,0,21,0,294,0,1,41,55220,1619,0,22,0,0,0,LEADER,1,0,0,0,0,21
56754,96,adaptive-prasle,1534,1,0,0,21,0,294,0,1,96,55220,1534,0,22,0,0,0,LEADER,1,0,0,0,0,21
56987,49,adaptive-prasle,1767,1,0,0,21,0,294,0,1,49,55220,1767,0,22,0,0,0,LEADER,1,0,0,0,0,21
57056,74,adaptive-prasle,1837,1,0,0,21,0,294,0,1,74,55219,1837,0,22,0,0,0,LEADER,1,0,0,0,0,21
57448,92,adaptive-prasle,2228,1,0,0,21,0,294,0,1,92,55220,2228,0,22,0,0,0,LEADER,1,0,0,0,0,21
56654,66,adaptive-prasle,1434,1,0,0,21,0,294,0,1,66,55220,1434,0,22,0,0,0,LEADER,1,0,0,0,0,21
56679,57,adaptive-prasle,2380,1,0,0,20,0,280,0,1,57,54299,2380,0,21,0,0,0,LEADER,1,0,0,0,0,20
57480,78,adaptive-prasle,2260,1,0,0,21,0,294,0,1,78,55220,2260,0,22,0,0,0,LEADER,1,0,0,0,0,21
56645,39,adaptive-prasle,2346,1,0,0,20,0,280,0,1,39,54299,2346,0,21,0,0,0,LEADER,1,0,0,0,0,20
57363,30,adaptive-prasle,2143,1,0,0,21,0,294,0,1,30,55220,2143,0,22,0,0,0,LEADER,1,0,0,0,0,21
56769,64,adaptive-prasle,1549,1,0,0,21,0,294,0,1,64,55220,1549,0,22,0,0,0,LEADER,1,0,0,0,0,21
56994,80,adaptive-prasle,1774,1,0,0,21,0,294,0,1,80,55220,1774,0,22,0,0,0,LEADER,1,0,0,0,0,21
56734,54,adaptive-prasle,1516,1,0,0,21,0,294,0,1,54,55218,1516,0,22,0,0,0,LEADER,1,0,0,0,0,21
57260,43,adaptive-prasle,2040,1,0,0,21,0,294,0,1,43,55220,2040,0,22,0,0,0,LEADER,1,0,0,0,0,21
57180,26,adaptive-prasle,1960,1,0,0,21,0,294,0,1,26,55220,1960,0,22,0,0,0,LEADER,1,0,0,0,0,21
56810,42,adaptive-prasle,1591,1,0,0,21,0,294,0,1,42,55219,1591,0,22,0,0,0,LEADER,1,0,0,0,0,21
56818,31,adaptive-prasle,1598,1,0,0,21,0,294,0,1,31,55220,1598,0,22,0,0,0,LEADER,1,0,0,0,0,21
57575,94,adaptive-prasle,2355,1,0,0,21,0,294,0,1,94,55220,2355,0,22,0,0,0,LEADER,1,0,0,0,0,21
57145,45,adaptive-prasle,1925,1,0,0,21,0,294,0,1,45,55220,1925,0,22,0,0,0,LEADER,1,0,0,0,0,21
57518,60,adaptive-prasle,2298,1,0,0,21,0,294,0,1,60,55220,2298,0,22,0,0,0,LEADER,1,0,0,0,0,21
57623,44,adaptive-prasle,1483,1,0,0,21,0,294,0,1,44,56140,1483,0,22,0,0,0,LEADER,1,0,0,0,0,21
57227,33,adaptive-prasle,2007,1,0,0,21,0,294,0,1,33,55220,2007,0,22,0,0,0,LEADER,1,0,0,0,0,21
56872,51,adaptive-prasle,1652,1,0,0,21,0,294,0,1,51,55220,1652,0,22,0,0,0,LEADER,1,0,0,0,0,21
57671,22,adaptive-prasle,1531,1,0,0,21,0,294,0,1,22,56140,1531,0,22,0,0,0,LEADER,1,0,0,0,0,21
57382,72,adaptive-prasle,2162,1,0,0,21,0,294,0,1,72,55220,2162,0,22,0,0,0,LEADER,1,0,0,0,0,21
57172,24,adaptive-prasle,1952,1,0,0,21,0,294,0,1,24,55220,1952,0,22,0,0,0,LEADER,1,0,0,0,0,21
57704,32,adaptive-prasle,1564,1,0,0,21,0,294,0,1,32,56140,1564,0,22,0,0,0,LEADER,1,0,0,0,0,21
56891,93,adaptive-prasle,1671,1,0,0,21,0,294,0,1,93,55220,1671,0,22,0,0,0,LEADER,1,0,0,0,0,21
57563,69,adaptive-prasle,2343,1,0,0,21,0,294,0,1,69,55220,2343,0,22,0,0,0,LEADER,1,0,0,0,0,21
57550,79,adaptive-prasle,2331,1,0,0,21,0,294,0,1,79,55219,2331,0,22,0,0,0,LEADER,1,0,0,0,0,21
57245,75,adaptive-prasle,2025,1,0,0,21,0,294,0,1,75,55220,2025,0,22,0,0,0,LEADER,1,0,0,0,0,21
56972,81,adaptive-prasle,1752,1,0,0,21,0,294,0,1,81,55220,1752,0,22,0,0,0,LEADER,1,0,0,0,0,21
56830,52,adaptive-prasle,1610,1,0,0,21,0,294,0,1,52,55220,1610,0,22,0,0,0,LEADER,1,0,0,0,0,21
57308,21,adaptive-prasle,2088,1,0,0,21,0,294,0,1,21,55220,2088,0,22,0,0,0,LEADER,1,0,0,0,0,21
57485,29,adaptive-prasle,2265,1,0,0,21,0,294,0,1,29,55220,2265,0,22,0,0,0,LEADER,1,0,0,0,0,21
57061,100,adaptive-prasle,1841,1,0,0,21,0,294,0,1,100,55220,1841,0,22,0,0,0,LEADER,1,0,0,0,0,21
56906,61,adaptive-prasle,1686,1,0,0,21,0,294,0,1,61,55220,1686,0,22,0,0,0,LEADER,1,0,0,0,0,21
57470,91,adaptive-prasle,2250,1,0,0,21,0,294,0,1,91,55220,2250,0,22,0,0,0,LEADER,1,0,0,0,0,21
57430,37,adaptive-prasle,2210,1,0,0,21,0,294,0,1,37,55220,2210,0,22,0,0,0,LEADER,1,0,0,0,0,21
56975,38,adaptive-prasle,1755,1,0,0,21,0,294,0,1,38,55220,1755,0,22,0,0,0,LEADER,1,0,0,0,0,21
57639,98,adaptive-prasle,2419,1,0,0,21,0,294,0,1,98,55220,2419,0,22,0,0,0,LEADER,1,0,0,0,0,21
57498,27,adaptive-prasle,2280,1,0,0,21,0,294,0,1,27,55218,2280,0,22,0,0,0,LEADER,1,0,0,0,0,21
57348,62,adaptive-prasle,2128,1,0,0,21,0,294,0,1,62,55220,2128,0,22,0,0,0,LEADER,1,0,0,0,0,21
57157,56,adaptive-prasle,1937,1,0,0,21,0,294,0,1,56,55220,1937,0,22,0,0,0,LEADER,1,0,0,0,0,21
57545,99,adaptive-prasle,2328,1,0,0,21,0,294,0,1,99,55217,2328,0,22,0,0,0,LEADER,1,0,0,0,0,21
57422,48,adaptive-prasle,2202,1,0,0,21,0,294,0,1,48,55220,2202,0,22,0,0,0,LEADER,1,0,0,0,0,21
56939,71,adaptive-prasle,1719,1,0,0,21,0,294,0,1,71,55220,1719,0,22,0,0,0,LEADER,1,0,0,0,0,21
57164,87,adaptive-prasle,1944,1,0,0,21,0,294,0,1,87,55220,1944,0,22,0,0,0,LEADER,1,0,0,0,0,21
57090,36,adaptive-prasle,1870,1,0,0,21,0,294,0,1,36,55220,1870,0,22,0,0,0,LEADER,1,0,0,0,0,21
57586,77,adaptive-prasle,1446,1,0,0,21,0,294,0,1,77,56140,1446,0,22,0,0,0,LEADER,1,0,0,0,0,21
57777,83,adaptive-prasle,1637,1,0,0,21,0,294,0,1,83,56140,1637,0,22,0,0,0,LEADER,1,0,0,0,0,21
57279,85,adaptive-prasle,2059,1,0,0,21,0,294,0,1,85,55220,2059,0,22,0,0,0,LEADER,1,0,0,0,0,21
57807,19,adaptive-prasle,1667,1,0,0,21,0,294,0,1,19,56140,1667,0,22,0,0,0,LEADER,1,0,0,0,0,21
57962,65,adaptive-prasle,1822,1,0,0,21,0,294,0,1,65,56140,1822,0,22,0,0,0,LEADER,1,0,0,0,0,21
57568,35,adaptive-prasle,1428,1,0,0,21,0,294,0,1,35,56140,1428,0,22,0,0,0,LEADER,1,0,0,0,0,21
57583,86,adaptive-prasle,1443,1,0,0,21,0,294,0,1,86,56140,1443,0,22,0,0,0,LEADER,1,0,0,0,0,21
57626,50,adaptive-prasle,2406,1,0,0,21,0,294,0,1,50,55220,2406,0,22,0,0,0,LEADER,1,0,0,0,0,21
57641,55,adaptive-prasle,1501,1,0,0,21,0,294,0,1,55,56140,1501,0,22,0,0,0,LEADER,1,0,0,0,0,21
57680,63,adaptive-prasle,1540,1,0,0,21,0,294,0,1,63,56140,1540,0,22,0,0,0,LEADER,1,0,0,0,0,21
58044,46,adaptive-prasle,1904,1,0,0,21,0,294,0,1,46,56140,1904,0,22,0,0,0,LEADER,1,0,0,0,0,21
57841,53,adaptive-prasle,1701,1,0,0,21,0,294,0,1,53,56140,1701,0,22,0,0,0,LEADER,1,0,0,0,0,21
57194,23,adaptive-prasle,1974,1,0,0,21,0,294,0,1,23,55220,1974,0,22,0,0,0,LEADER,1,0,0,0,0,21
58062,88,adaptive-prasle,1922,1,0,0,21,0,294,0,1,88,56140,1922,0,22,0,0,0,LEADER,1,0,0,0,0,21
57589,34,adaptive-prasle,1449,1,0,0,21,0,294,0,1,34,56140,1449,0,22,0,0,0,LEADER,1,0,0,0,0,21
57197,97,adaptive-prasle,1977,1,0,0,21,0,294,0,1,97,55220,1977,0,22,0,0,0,LEADER,1,0,0,0,0,21
57315,20,adaptive-prasle,2095,1,0,0,21,0,294,0,1,20,55220,2095,0,22,0,0,0,LEADER,1,0,0,0,0,21
57397,40,adaptive-prasle,2177,1,0,0,21,0,294,0,1,40,55220,2177,0,22,0,0,0,LEADER,1,0,0,0,0,21
57320,47,adaptive-prasle,2100,1,0,0,21,0,294,0,1,47,55220,2100,0,22,0,0,0,LEADER,1,0,0,0,0,21
58232,95,adaptive-prasle,2092,1,0,0,21,0,294,0,1,95,56140,2092,0,22,0,0,0,LEADER,1,0,0,0,0,21
57615,25,adaptive-prasle,2395,1,0,0,21,0,294,0,1,25,55220,2395,0,22,0,0,0,LEADER,1,0,0,0,0,21
58220,84,adaptive-prasle,2080,1,0,0,21,0,294,0,1,84,56140,2080,0,22,0,0,0,LEADER,1,0,0,0,0,21
57497,70,adaptive-prasle,2277,1,0,0,21,0,294,0,1,70,55220,2277,0,22,0,0,0,LEADER,1,0,0,0,0,21
57415,82,adaptive-prasle,2195,1,0,0,21,0,294,0,1,82,55220,2195,0,22,0,0,0,LEADER,1,0,0,0,0,21
57633,67,adaptive-prasle,2413,1,0,0,21,0,294,0,1,67,55220,2413,0,22,0,0,0,LEADER,1,0,0,0,0,21
57585,89,adaptive-prasle,2365,1,0,0,21,0,294,0,1,89,55220,2365,0,22,0,0,0,LEADER,1,0,0,0,0,21
58253,28,adaptive-prasle,2113,1,0,0,21,0,294,0,1,28,56140,2113,0,22,0,0,0,LEADER,1,0,0,0,0,21
57995,68,adaptive-prasle,1855,1,0,0,21,0,294,0,1,68,56140,1855,0,22,0,0,0,LEADER,1,0,0,0,0,21
57947,90,adaptive-prasle,1807,1,0,0,21,0,294,0,1,90,56140,1807,0,22,0,0,0,LEADER,1,0,0,0,0,21
57608,76,adaptive-prasle,1468,1,0,0,21,0,294,0,1,76,56140,1468,0,22,0,0,0,LEADER,1,0,0,0,0,21
57929,10,adaptive-prasle,1789,1,0,0,21,0,294,0,1,10,56140,1789,0,22,0,0,0,LEADER,1,0,0,0,0,21
58361,58,adaptive-prasle,2221,1,0,0,21,0,294,0,1,58,56140,2221,0,22,0,0,0,LEADER,1,0,0,0,0,21
57744,73,adaptive-prasle,1604,1,0,0,21,0,294,0,1,73,56140,1604,0,22,0,0,0,LEADER,1,0,0,0,0,21
57485,59,adaptive-prasle,2265,1,0,0,21,0,294,0,1,59,55220,2265,0,22,0,0,0,LEADER,1,0,0,0,0,21
57759,41,adaptive-prasle,1619,1,0,0,21,0,294,0,1,41,56140,1619,0,22,0,0,0,LEADER,1,0,0,0,0,21
57674,96,adaptive-prasle,1534,1,0,0,21,0,294,0,1,96,56140,1534,0,22,0,0,0,LEADER,1,0,0,0,0,21
57907,49,adaptive-prasle,1767,1,0,0,21,0,294,0,1,49,56140,1767,0,22,0,0,0,LEADER,1,0,0,0,0,21
57976,74,adaptive-prasle,1837,1,0,0,21,0,294,0,1,74,56139,1837,0,22,0,0,0,LEADER,1,0,0,0,0,21
58368,92,adaptive-prasle,2228,1,0,0,21,0,294,0,1,92,56140,2228,0,22,0,0,0,LEADER,1,0,0,0,0,21
57574,66,adaptive-prasle,1434,1,0,0,21,0,294,0,1,66,56140,1434,0,22,0,0,0,LEADER,1,0,0,0,0,21
57600,57,adaptive-prasle,2380,1,0,0,21,0,294,0,1,57,55220,2380,0,22,0,0,0,LEADER,1,0,0,0,0,21
58400,78,adaptive-prasle,2260,1,0,0,21,0,294,0,1,78,56140,2260,0,22,0,0,0,LEADER,1,0,0,0,0,21
57566,39,adaptive-prasle,2346,1,0,0,21,0,294,0,1,39,55220,2346,0,22,0,0,0,LEADER,1,0,0,0,0,21
58283,30,adaptive-prasle,2143,1,0,0,21,0,294,0,1,30,56140,2143,0,22,0,0,0,LEADER,1,0,0,0,0,21
57689,64,adaptive-prasle,1549,1,0,0,21,0,294,0,1,64,56140,1549,0,22,0,0,0,LEADER,1,0,0,0,0,21
57914,80,adaptive-prasle,1774,1,0,0,21,0,294,0,1,80,56140,1774,0,22,0,0,0,LEADER,1,0,0,0,0,21
57654,54,adaptive-prasle,1516,1,0,0,21,0,294,0,1,54,56138,1516,0,22,0,0,0,LEADER,1,0,0,0,0,21
58180,43,adaptive-prasle,2040,1,0,0,21,0,294,0,1,43,56140,2040,0,22,0,0,0,LEADER,1,0,0,0,0,21
58100,26,adaptive-prasle,1960,1,0,0,21,0,294,0,1,26,56140,1960,0,22,0,0,0,LEADER,1,0,0,0,0,21
57730,42,adaptive-prasle,1591,1,0,0,21,0,294,0,1,42,56139,1591,0,22,0,0,0,LEADER,1,0,0,0,0,21
57738,31,adaptive-prasle,1598,1,0,0,21,0,294,0,1,31,56140,1598,0,22,0,0,0,LEADER,1,0,0,0,0,21
58495,94,adaptive-prasle,2355,1,0,0,21,0,294,0,1,94,56140,2355,0,22,0,0,0,LEADER,1,0,0,0,0,21
58065,45,adaptive-prasle,1925,1,0,0,21,0,294,0,1,45,56140,1925,0,22,0,0,0,LEADER,1,0,0,0,0,21
58438,60,adaptive-prasle,2298,1,0,0,21,0,294,0,1,60,56140,2298,0,22,0,0,0,LEADER,1,0,0,0,0,21
58543,44,adaptive-prasle,1483,1,0,0,21,0,294,0,1,44,57060,1483,0,22,0,0,0,LEADER,1,0,0,0,0,21
58147,33,adaptive-prasle,2007,1,0,0,21,0,294,0,1,33,56140,2007,0,22,0,0,0,LEADER,1,0,0,0,0,21
57792,51,adaptive-prasle,1652,1,0,0,21,0,294,0,1,51,56140,1652,0,22,0,0,0,LEADER,1,0,0,0,0,21
58591,22,adaptive-prasle,1531,1,0,0,21,0,294,0,1,22,57060,1531,0,22,0,0,0,LEADER,1,0,0,0,0,21
58302,72,adaptive-prasle,2162,1,0,0,21,0,294,0,1,72,56140,2162,0,22,0,0,0,LEADER,1,0,0,0,0,21
58092,24,adaptive-prasle,1952,1,0,0,21,0,294,0,1,24,56140,1952,0,22,0,0,0,LEADER,1,0,0,0,0,21
58624,32,adaptive-prasle,1564,1,0,0,21,0,294,0,1,32,57060,1564,0,22,0,0,0,LEADER,1,0,0,0,0,21
57811,93,adaptive-prasle,1671,1,0,0,21,0,294,0,1,93,56140,1671,0,22,0,0,0,LEADER,1,0,0,0,0,21
58483,69,adaptive-prasle,2343,1,0,0,21,0,294,0,1,69,56140,2343,0,22,0,0,0,LEADER,1,0,0,0,0,21
58470,79,adaptive-prasle,2331,1,0,0,21,0,294,0,1,79,56139,2331,0,22,0,0,0,LEADER,1,0,0,0,0,21
58165,75,adaptive-prasle,2025,1,0,0,21,0,294,0,1,75,56140,2025,0,22,0,0,0,LEADER,1,0,0,0,0,21
57892,81,adaptive-prasle,1752,1,0,0,21,0,294,0,1,81,56140,1752,0,22,0,0,0,LEADER,1,0,0,0,0,21
57750,52,adaptive-prasle,1610,1,0,0,21,0,294,0,1,52,56140,1610,0,22,0,0,0,LEADER,1,0,0,0,0,21
58228,21,adaptive-prasle,2088,1,0,0,21,0,294,0,1,21,56140,2088,0,22,0,0,0,LEADER,1,0,0,0,0,21
58405,29,adaptive-prasle,2265,1,0,0,21,0,294,0,1,29,56140,2265,0,22,0,0,0,LEADER,1,0,0,0,0,21
57981,100,adaptive-prasle,1841,1,0,0,21,0,294,0,1,100,56140,1841,0,22,0,0,0,LEADER,1,0,0,0,0,21
57826,61,adaptive-prasle,1686,1,0,0,21,0,294,0,1,61,56140,1686,0,22,0,0,0,LEADER,1,0,0,0,0,21
58390,91,adaptive-prasle,2250,1,0,0,21,0,294,0,1,91,56140,2250,0,22,0,0,0,LEADER,1,0,0,0,0,21
58350,37,adaptive-prasle,2210,1,0,0,21,0,294,0,1,37,56140,2210,0,22,0,0,0,LEADER,1,0,0,0,0,21
57895,38,adaptive-prasle,1755,1,0,0,21,0,294,0,1,38,56140,1755,0,22,0,0,0,LEADER,1,0,0,0,0,21
58559,98,adaptive-prasle,2419,1,0,0,21,0,294,0,1,98,56140,2419,0,22,0,0,0,LEADER,1,0,0,0,0,21
58418,27,adaptive-prasle,2280,1,0,0,21,0,294,0,1,27,56138,2280,0,22,0,0,0,LEADER,1,0,0,0,0,21
58077,56,adaptive-prasle,1937,1,0,0,21,0,294,0,1,56,56140,1937,0,22,0,0,0,LEADER,1,0,0,0,0,21
58268,62,adaptive-prasle,2128,1,0,0,21,0,294,0,1,62,56140,2128,0,22,0,0,0,LEADER,1,0,0,0,0,21
58465,99,adaptive-prasle,2328,1,0,0,21,0,294,0,1,99,56137,2328,0,22,0,0,0,LEADER,1,0,0,0,0,21
58342,48,adaptive-prasle,2202,1,0,0,21,0,294,0,1,48,56140,2202,0,22,0,0,0,LEADER,1,0,0,0,0,21
57859,71,adaptive-prasle,1719,1,0,0,21,0,294,0,1,71,56140,1719,0,22,0,0,0,LEADER,1,0,0,0,0,21
58084,87,adaptive-prasle,1944,1,0,0,21,0,294,0,1,87,56140,1944,0,22,0,0,0,LEADER,1,0,0,0,0,21
58010,36,adaptive-prasle,1870,1,0,0,21,0,294,0,1,36,56140,1870,0,22,0,0,0,LEADER,1,0,0,0,0,21
58506,77,adaptive-prasle,1446,1,0,0,21,0,294,0,1,77,57060,1446,0,22,0,0,0,LEADER,1,0,0,0,0,21
58697,83,adaptive-prasle,1637,1,0,0,21,0,294,0,1,83,57060,1637,0,22,0,0,0,LEADER,1,0,0,0,0,21
58199,85,adaptive-prasle,2059,1,0,0,21,0,294,0,1,85,56140,2059,0,22,0,0,0,LEADER,1,0,0,0,0,21
58727,19,adaptive-prasle,1667,1,0,0,21,0,294,0,1,19,57060,1667,0,22,0,0,0,LEADER,1,0,0,0,0,21
58882,65,adaptive-prasle,1822,1,0,0,21,0,294,0,1,65,57060,1822,0,22,0,0,0,LEADER,1,0,0,0,0,21
58488,35,adaptive-prasle,1428,1,0,0,21,0,294,0,1,35,57060,1428,0,22,0,0,0,LEADER,1,0,0,0,0,21
58503,86,adaptive-prasle,1443,1,0,0,21,0,294,0,1,86,57060,1443,0,22,0,0,0,LEADER,1,0,0,0,0,21
58546,50,adaptive-prasle,2406,1,0,0,21,0,294,0,1,50,56140,2406,0,22,0,0,0,LEADER,1,0,0,0,0,21
58561,55,adaptive-prasle,1501,1,0,0,21,0,294,0,1,55,57060,1501,0,22,0,0,0,LEADER,1,0,0,0,0,21
58600,63,adaptive-prasle,1540,1,0,0,21,0,294,0,1,63,57060,1540,0,22,0,0,0,LEADER,1,0,0,0,0,21
58964,46,adaptive-prasle,1904,1,0,0,21,0,294,0,1,46,57060,1904,0,22,0,0,0,LEADER,1,0,0,0,0,21
58761,53,adaptive-prasle,1701,1,0,0,21,0,294,0,1,53,57060,1701,0,22,0,0,0,LEADER,1,0,0,0,0,21
58114,23,adaptive-prasle,1974,1,0,0,21,0,294,0,1,23,56140,1974,0,22,0,0,0,LEADER,1,0,0,0,0,21
58982,88,adaptive-prasle,1922,1,0,0,21,0,294,0,1,88,57060,1922,0,22,0,0,0,LEADER,1,0,0,0,0,21
58509,34,adaptive-prasle,1449,1,0,0,21,0,294,0,1,34,57060,1449,0,22,0,0,0,LEADER,1,0,0,0,0,21
58117,97,adaptive-prasle,1977,1,0,0,21,0,294,0,1,97,56140,1977,0,22,0,0,0,LEADER,1,0,0,0,0,21
58235,20,adaptive-prasle,2095,1,0,0,21,0,294,0,1,20,56140,2095,0,22,0,0,0,LEADER,1,0,0,0,0,21
58317,40,adaptive-prasle,2177,1,0,0,21,0,294,0,1,40,56140,2177,0,22,0,0,0,LEADER,1,0,0,0,0,21
58240,47,adaptive-prasle,2100,1,0,0,21,0,294,0,1,47,56140,2100,0,22,0,0,0,LEADER,1,0,0,0,0,21
59152,95,adaptive-prasle,2092,1,0,0,21,0,294,0,1,95,57060,2092,0,22,0,0,0,LEADER,1,0,0,0,0,21
58535,25,adaptive-prasle,2395,1,0,0,21,0,294,0,1,25,56140,2395,0,22,0,0,0,LEADER,1,0,0,0,0,21
59140,84,adaptive-prasle,2080,1,0,0,21,0,294,0,1,84,57060,2080,0,22,0,0,0,LEADER,1,0,0,0,0,21
58417,70,adaptive-prasle,2277,1,0,0,21,0,294,0,1,70,56140,2277,0,22,0,0,0,LEADER,1,0,0,0,0,21
58335,82,adaptive-prasle,2195,1,0,0,21,0,294,0,1,82,56140,2195,0,22,0,0,0,LEADER,1,0,0,0,0,21
58553,67,adaptive-prasle,2413,1,0,0,21,0,294,0,1,67,56140,2413,0,22,0,0,0,LEADER,1,0,0,0,0,21
58505,89,adaptive-prasle,2365,1,0,0,21,0,294,0,1,89,56140,2365,0,22,0,0,0,LEADER,1,0,0,0,0,21
59173,28,adaptive-prasle,2113,1,0,0,21,0,294,0,1,28,57060,2113,0,22,0,0,0,LEADER,1,0,0,0,0,21
58915,68,adaptive-prasle,1855,1,0,0,21,0,294,0,1,68,57060,1855,0,22,0,0,0,LEADER,1,0,0,0,0,21
58867,90,adaptive-prasle,1807,1,0,0,21,0,294,0,1,90,57060,1807,0,22,0,0,0,LEADER,1,0,0,0,0,21
58528,76,adaptive-prasle,1468,1,0,0,21,0,294,0,1,76,57060,1468,0,22,0,0,0,LEADER,1,0,0,0,0,21
58849,10,adaptive-prasle,1789,1,0,0,21,0,294,0,1,10,57060,1789,0,22,0,0,0,LEADER,1,0,0,0,0,21
59281,58,adaptive-prasle,2221,1,0,0,21,0,294,0,1,58,57060,2221,0,22,0,0,0,LEADER,1,0,0,0,0,21
58664,73,adaptive-prasle,1604,1,0,0,21,0,294,0,1,73,57060,1604,0,22,0,0,0,LEADER,1,0,0,0,0,21
58405,59,adaptive-prasle,2265,1,0,0,21,0,294,0,1,59,56140,2265,0,22,0,0,0,LEADER,1,0,0,0,0,21
58679,41,adaptive-prasle,1619,1,0,0,21,0,294,0,1,41,57060,1619,0,22,0,0,0,LEADER,1,0,0,0,0,21
58594,96,adaptive-prasle,1534,1,0,0,21,0,294,0,1,96,57060,1534,0,22,0,0,0,LEADER,1,0,0,0,0,21
58827,49,adaptive-prasle,1767,1,0,0,21,0,294,0,1,49,57060,1767,0,22,0,0,0,LEADER,1,0,0,0,0,21
58896,74,adaptive-prasle,1837,1,0,0,21,0,294,0,1,74,57059,1837,0,22,0,0,0,LEADER,1,0,0,0,0,21
59288,92,adaptive-prasle,2228,1,0,0,21,0,294,0,1,92,57060,2228,0,22,0,0,0,LEADER,1,0,0,0,0,21
58494,66,adaptive-prasle,1434,1,0,0,21,0,294,0,1,66,57060,1434,0,22,0,0,0,LEADER,1,0,0,0,0,21
58520,57,adaptive-prasle,2380,1,0,0,21,0,294,0,1,57,56140,2380,0,22,0,0,0,LEADER,1,0,0,0,0,21
59320,78,adaptive-prasle,2260,1,0,0,21,0,294,0,1,78,57060,2260,0,22,0,0,0,LEADER,1,0,0,0,0,21
58486,39,adaptive-prasle,2346,1,0,0,21,0,294,0,1,39,56140,2346,0,22,0,0,0,LEADER,1,0,0,0,0,21
59203,30,adaptive-prasle,2143,1,0,0,21,0,294,0,1,30,57060,2143,0,22,0,0,0,LEADER,1,0,0,0,0,21
58609,64,adaptive-prasle,1549,1,0,0,21,0,294,0,1,64,57060,1549,0,22,0,0,0,LEADER,1,0,0,0,0,21
58834,80,adaptive-prasle,1774,1,0,0,21,0,294,0,1,80,57060,1774,0,22,0,0,0,LEADER,1,0,0,0,0,21
58574,54,adaptive-prasle,1516,1,0,0,21,0,294,0,1,54,57058,1516,0,22,0,0,0,LEADER,1,0,0,0,0,21
59100,43,adaptive-prasle,2040,1,0,0,21,0,294,0,1,43,57060,2040,0,22,0,0,0,LEADER,1,0,0,0,0,21
59020,26,adaptive-prasle,1960,1,0,0,21,0,294,0,1,26,57060,1960,0,22,0,0,0,LEADER,1,0,0,0,0,21
58650,42,adaptive-prasle,1591,1,0,0,21,0,294,0,1,42,57059,1591,0,22,0,0,0,LEADER,1,0,0,0,0,21
58658,31,adaptive-prasle,1598,1,0,0,21,0,294,0,1,31,57060,1598,0,22,0,0,0,LEADER,1,0,0,0,0,21
59415,94,adaptive-prasle,2355,1,0,0,21,0,294,0,1,94,57060,2355,0,22,0,0,0,LEADER,1,0,0,0,0,21
58985,45,adaptive-prasle,1925,1,0,0,21,0,294,0,1,45,57060,1925,0,22,0,0,0,LEADER,1,0,0,0,0,21
59358,60,adaptive-prasle,2298,1,0,0,21,0,294,0,1,60,57060,2298,0,22,0,0,0,LEADER,1,0,0,0,0,21
59464,44,adaptive-prasle,1483,1,0,0,22,0,308,0,1,44,57981,1483,0,23,0,0,0,LEADER,1,0,0,0,0,22
59067,33,adaptive-prasle,2007,1,0,0,21,0,294,0,1,33,57060,2007,0,22,0,0,0,LEADER,1,0,0,0,0,21
58712,51,adaptive-prasle,1652,1,0,0,21,0,294,0,1,51,57060,1652,0,22,0,0,0,LEADER,1,0,0,0,0,21
59222,72,adaptive-prasle,2162,1,0,0,21,0,294,0,1,72,57060,2162,0,22,0,0,0,LEADER,1,0,0,0,0,21
59512,22,adaptive-prasle,1531,1,0,0,22,0,308,0,1,22,57981,1531,0,23,0,0,0,LEADER,1,0,0,0,0,22
59012,24,adaptive-prasle,1952,1,0,0,21,0,294,0,1,24,57060,1952,0,22,0,0,0,LEADER,1,0,0,0,0,21
59545,32,adaptive-prasle,1564,1,0,0,22,0,308,0,1,32,57981,1564,0,23,0,0,0,LEADER,1,0,0,0,0,22
58731,93,adaptive-prasle,1671,1,0,0,21,0,294,0,1,93,57060,1671,0,22,0,0,0,LEADER,1,0,0,0,0,21
59403,69,adaptive-prasle,2343,1,0,0,21,0,294,0,1,69,57060,2343,0,22,0,0,0,LEADER,1,0,0,0,0,21
59390,79,adaptive-prasle,2331,1,0,0,21,0,294,0,1,79,57059,2331,0,22,0,0,0,LEADER,1,0,0,0,0,21
59085,75,adaptive-prasle,2025,1,0,0,21,0,294,0,1,75,57060,2025,0,22,0,0,0,LEADER,1,0,0,0,0,21
58812,81,adaptive-prasle,1752,1,0,0,21,0,294,0,1,81,57060,1752,0,22,0,0,0,LEADER,1,0,0,0,0,21
58670,52,adaptive-prasle,1610,1,0,0,21,0,294,0,1,52,57060,1610,0,22,0,0,0,LEADER,1,0,0,0,0,21
59148,21,adaptive-prasle,2088,1,0,0,21,0,294,0,1,21,57060,2088,0,22,0,0,0,LEADER,1,0,0,0,0,21
59325,29,adaptive-prasle,2265,1,0,0,21,0,294,0,1,29,57060,2265,0,22,0,0,0,LEADER,1,0,0,0,0,21
58901,100,adaptive-prasle,1841,1,0,0,21,0,294,0,1,100,57060,1841,0,22,0,0,0,LEADER,1,0,0,0,0,21
58746,61,adaptive-prasle,1686,1,0,0,21,0,294,0,1,61,57060,1686,0,22,0,0,0,LEADER,1,0,0,0,0,21
59310,91,adaptive-prasle,2250,1,0,0,21,0,294,0,1,91,57060,2250,0,22,0,0,0,LEADER,1,0,0,0,0,21
59270,37,adaptive-prasle,2210,1,0,0,21,0,294,0,1,37,57060,2210,0,22,0,0,0,LEADER,1,0,0,0,0,21
58815,38,adaptive-prasle,1755,1,0,0,21,0,294,0,1,38,57060,1755,0,22,0,0,0,LEADER,1,0,0,0,0,21
59479,98,adaptive-prasle,2419,1,0,0,21,0,294,0,1,98,57060,2419,0,22,0,0,0,LEADER,1,0,0,0,0,21
59338,27,adaptive-prasle,2280,1,0,0,21,0,294,0,1,27,57058,2280,0,22,0,0,0,LEADER,1,0,0,0,0,21
59188,62,adaptive-prasle,2128,1,0,0,21,0,294,0,1,62,57060,2128,0,22,0,0,0,LEADER,1,0,0,0,0,21
58997,56,adaptive-prasle,1937,1,0,0,21,0,294,0,1,56,57060,1937,0,22,0,0,0,LEADER,1,0,0,0,0,21
59385,99,adaptive-prasle,2328,1,0,0,21,0,294,0,1,99,57057,2328,0,22,0,0,0,LEADER,1,0,0,0,0,21
59262,48,adaptive-prasle,2202,1,0,0,21,0,294,0,1,48,57060,2202,0,22,0,0,0,LEADER,1,0,0,0,0,21
58779,71,adaptive-prasle,1719,1,0,0,21,0,294,0,1,71,57060,1719,0,22,0,0,0,LEADER,1,0,0,0,0,21
59004,87,adaptive-prasle,1944,1,0,0,21,0,294,0,1,87,57060,1944,0,22,0,0,0,LEADER,1,0,0,0,0,21
58930,36,adaptive-prasle,1870,1,0,0,21,0,294,0,1,36,57060,1870,0,22,0,0,0,LEADER,1,0,0,0,0,21
59427,77,adaptive-prasle,1446,1,0,0,22,0,308,0,1,77,57981,1446,0,23,0,0,0,LEADER,1,0,0,0,0,22
59618,83,adaptive-prasle,1637,1,0,0,22,0,308,0,1,83,57981,1637,0,23,0,0,0,LEADER,1,0,0,0,0,22
59119,85,adaptive-prasle,2059,1,0,0,21,0,294,0,1,85,57060,2059,0,22,0,0,0,LEADER,1,0,0,0,0,21
59648,19,adaptive-prasle,1667,1,0,0,22,0,308,0,1,19,57981,1667,0,23,0,0,0,LEADER,1,0,0,0,0,22
59803,65,adaptive-prasle,1822,1,0,0,22,0,308,0,1,65,57981,1822,0,23,0,0,0,LEADER,1,0,0,0,0,22
59409,35,adaptive-prasle,1428,1,0,0,22,0,308,0,1,35,57981,1428,0,23,0,0,0,LEADER,1,0,0,0,0,22
59424,86,adaptive-prasle,1443,1,0,0,22,0,308,0,1,86,57981,1443,0,23,0,0,0,LEADER,1,0,0,0,0,22
59466,50,adaptive-prasle,2406,1,0,0,21,0,294,0,1,50,57060,2406,0,22,0,0,0,LEADER,1,0,0,0,0,21
59482,55,adaptive-prasle,1501,1,0,0,22,0,308,0,1,55,57981,1501,0,23,0,0,0,LEADER,1,0,0,0,0,22
59521,63,adaptive-prasle,1540,1,0,0,22,0,308,0,1,63,57981,1540,0,23,0,0,0,LEADER,1,0,0,0,0,22
59885,46,adaptive-prasle,1904,1,0,0,22,0,308,0,1,46,57981,1904,0,23,0,0,0,LEADER,1,0,0,0,0,22
59682,53,adaptive-prasle,1701,1,0,0,22,0,308,0,1,53,57981,1701,0,23,0,0,0,LEADER,1,0,0,0,0,22
59034,23,adaptive-prasle,1974,1,0,0,21,0,294,0,1,23,57060,1974,0,22,0,0,0,LEADER,1,0,0,0,0,21
59903,88,adaptive-prasle,1922,1,0,0,22,0,308,0,1,88,57981,1922,0,23,0,0,0,LEADER,1,0,0,0,0,22
59037,97,adaptive-prasle,1977,1,0,0,21,0,294,0,1,97,57060,1977,0,22,0,0,0,LEADER,1,0,0,0,0,21
59430,34,adaptive-prasle,1449,1,0,0,22,0,308,0,1,34,57981,1449,0,23,0,0,0,LEADER,1,0,0,0,0,22
59155,20,adaptive-prasle,2095,1,0,0,21,0,294,0,1,20,57060,2095,0,22,0,0,0,LEADER,1,0,0,0,0,21
59237,40,adaptive-prasle,2177,1,0,0,21,0,294,0,1,40,57060,2177,0,22,0,0,0,LEADER,1,0,0,0,0,21
59160,47,adaptive-prasle,2100,1,0,0,21,0,294,0,1,47,57060,2100,0,22,0,0,0,LEADER,1,0,0,0,0,21
60073,95,adaptive-prasle,2092,1,0,0,22,0,308,0,1,95,57981,2092,0,23,0,0,0,LEADER,1,0,0,0,0,22
59455,25,adaptive-prasle,2395,1,0,0,21,0,294,0,1,25,57060,2395,0,22,0,0,0,LEADER,1,0,0,0,0,21
60061,84,adaptive-prasle,2080,1,0,0,22,0,308,0,1,84,57981,2080,0,23,0,0,0,LEADER,1,0,0,0,0,22
59337,70,adaptive-prasle,2277,1,0,0,21,0,294,0,1,70,57060,2277,0,22,0,0,0,LEADER,1,0,0,0,0,21
59255,82,adaptive-prasle,2195,1,0,0,21,0,294,0,1,82,57060,2195,0,22,0,0,0,LEADER,1,0,0,0,0,21
59473,67,adaptive-prasle,2413,1,0,0,21,0,294,0,1,67,57060,2413,0,22,0,0,0,LEADER,1,0,0,0,0,21
59425,89,adaptive-prasle,2365,1,0,0,21,0,294,0,1,89,57060,2365,0,22,0,0,0,LEADER,1,0,0,0,0,21
60094,28,adaptive-prasle,2113,1,0,0,22,0,308,0,1,28,57981,2113,0,23,0,0,0,LEADER,1,0,0,0,0,22
59836,68,adaptive-prasle,1855,1,0,0,22,0,308,0,1,68,57981,1855,0,23,0,0,0,LEADER,1,0,0,0,0,22
59788,90,adaptive-prasle,1807,1,0,0,22,0,308,0,1,90,57981,1807,0,23,0,0,0,LEADER,1,0,0,0,0,22
59449,76,adaptive-prasle,1468,1,0,0,22,0,308,0,1,76,57981,1468,0,23,0,0,0,LEADER,1,0,0,0,0,22
59770,10,adaptive-prasle,1789,1,0,0,22,0,308,0,1,10,57981,1789,0,23,0,0,0,LEADER,1,0,0,0,0,22
60202,58,adaptive-prasle,2221,1,0,0,22,0,308,0,1,58,57981,2221,0,23,0,0,0,LEADER,1,0,0,0,0,22
59585,73,adaptive-prasle,1604,1,0,0,22,0,308,0,1,73,57981,1604,0,23,0,0,0,LEADER,1,0,0,0,0,22
59325,59,adaptive-prasle,2265,1,0,0,21,0,294,0,1,59,57060,2265,0,22,0,0,0,LEADER,1,0,0,0,0,21
59600,41,adaptive-prasle,1619,1,0,0,22,0,308,0,1,41,57981,1619,0,23,0,0,0,LEADER,1,0,0,0,0,22
59515,96,adaptive-prasle,1534,1,0,0,22,0,308,0,1,96,57981,1534,0,23,0,0,0,LEADER,1,0,0,0,0,22
59748,49,adaptive-prasle,1767,1,0,0,22,0,308,0,1,49,57981,1767,0,23,0,0,0,LEADER,1,0,0,0,0,22
59817,74,adaptive-prasle,1837,1,0,0,22,0,308,0,1,74,57980,1837,0,23,0,0,0,LEADER,1,0,0,0,0,22
60209,92,adaptive-prasle,2228,1,0,0,22,0,308,0,1,92,57981,2228,0,23,0,0,0,LEADER,1,0,0,0,0,22
59415,66,adaptive-prasle,1434,1,0,0,22,0,308,0,1,66,57981,1434,0,23,0,0,0,LEADER,1,0,0,0,0,22
59440,57,adaptive-prasle,2380,1,0,0,21,0,294,0,1,57,57060,2380,0,22,0,0,0,LEADER,1,0,0,0,0,21
60241,78,adaptive-prasle,2260,1,0,0,22,0,308,0,1,78,57981,2260,0,23,0,0,0,LEADER,1,0,0,0,0,22
59406,39,adaptive-prasle,2346,1,0,0,21,0,294,0,1,39,57060,2346,0,22,0,0,0,LEADER,1,0,0,0,0,21
60124,30,adaptive-prasle,2143,1,0,0,22,0,308,0,1,30,57981,2143,0,23,0,0,0,LEADER,1,0,0,0,0,22
59530,64,adaptive-prasle,1549,1,0,0,22,0,308,0,1,64,57981,1549,0,23,0,0,0,LEADER,1,0,0,0,0,22
59755,80,adaptive-prasle,1774,1,0,0,22,0,308,0,1,80,57981,1774,0,23,0,0,0,LEADER,1,0,0,0,0,22
59495,54,adaptive-prasle,1516,1,0,0,22,0,308,0,1,54,57979,1516,0,23,0,0,0,LEADER,1,0,0,0,0,22
60021,43,adaptive-prasle,2040,1,0,0,22,0,308,0,1,43,57981,2040,0,23,0,0,0,LEADER,1,0,0,0,0,22
59941,26,adaptive-prasle,1960,1,0,0,22,0,308,0,1,26,57981,1960,0,23,0,0,0,LEADER,1,0,0,0,0,22
59571,42,adaptive-prasle,1591,1,0,0,22,0,308,0,1,42,57980,1591,0,23,0,0,0,LEADER,1,0,0,0,0,22
59579,31,adaptive-prasle,1598,1,0,0,22,0,308,0,1,31,57981,1598,0,23,0,0,0,LEADER,1,0,0,0,0,22
60336,94,adaptive-prasle,2355,1,0,0,22,0,308,0,1,94,57981,2355,0,23,0,0,0,LEADER,1,0,0,0,0,22
59906,45,adaptive-prasle,1925,1,0,0,22,0,308,0,1,45,57981,1925,0,23,0,0,0,LEADER,1,0,0,0,0,22
60279,60,adaptive-prasle,2298,1,0,0,22,0,308,0,1,60,57981,2298,0,23,0,0,0,LEADER,1,0,0,0,0,22
60384,44,adaptive-prasle,1483,1,0,0,22,0,308,0,1,44,58901,1483,0,23,0,0,0,LEADER,1,0,0,0,0,22
59988,33,adaptive-prasle,2007,1,0,0,22,0,308,0,1,33,57981,2007,0,23,0,0,0,LEADER,1,0,0,0,0,22
59633,51,adaptive-prasle,1652,1,0,0,22,0,308,0,1,51,57981,1652,0,23,0,0,0,LEADER,1,0,0,0,0,22
60432,22,adaptive-prasle,1531,1,0,0,22,0,308,0,1,22,58901,1531,0,23,0,0,0,LEADER,1,0,0,0,0,22
60143,72,adaptive-prasle,2162,1,0,0,22,0,308,0,1,72,57981,2162,0,23,0,0,0,LEADER,1,0,0,0,0,22
59933,24,adaptive-prasle,1952,1,0,0,22,0,308,0,1,24,57981,1952,0,23,0,0,0,LEADER,1,0,0,0,0,22
60465,32,adaptive-prasle,1564,1,0,0,22,0,308,0,1,32,58901,1564,0,23,0,0,0,LEADER,1,0,0,0,0,22
59652,93,adaptive-prasle,1671,1,0,0,22,0,308,0,1,93,57981,1671,0,23,0,0,0,LEADER,1,0,0,0,0,22
60324,69,adaptive-prasle,2343,1,0,0,22,0,308,0,1,69,57981,2343,0,23,0,0,0,LEADER,1,0,0,0,0,22
60311,79,adaptive-prasle,2331,1,0,0,22,0,308,0,1,79,57980,2331,0,23,0,0,0,LEADER,1,0,0,0,0,22
60006,75,adaptive-prasle,2025,1,0,0,22,0,308,0,1,75,57981,2025,0,23,0,0,0,LEADER,1,0,0,0,0,22
59733,81,adaptive-prasle,1752,1,0,0,22,0,308,0,1,81,57981,1752,0,23,0,0,0,LEADER,1,0,0,0,0,22
59591,52,adaptive-prasle,1610,1,0,0,22,0,308,0,1,52,57981,1610,0,23,0,0,0,LEADER,1,0,0,0,0,22
60069,21,adaptive-prasle,2088,1,0,0,22,0,308,0,1,21,57981,2088,0,23,0,0,0,LEADER,1,0,0,0,0,22
60246,29,adaptive-prasle,2265,1,0,0,22,0,308,0,1,29,57981,2265,0,23,0,0,0,LEADER,1,0,0,0,0,22
59822,100,adaptive-prasle,1841,1,0,0,22,0,308,0,1,100,57981,1841,0,23,0,0,0,LEADER,1,0,0,0,0,22
59667,61,adaptive-prasle,1686,1,0,0,22,0,308,0,1,61,57981,1686,0,23,0,0,0,LEADER,1,0,0,0,0,22
60231,91,adaptive-prasle,2250,1,0,0,22,0,308,0,1,91,57981,2250,0,23,0,0,0,LEADER,1,0,0,0,0,22
60191,37,adaptive-prasle,2210,1,0,0,22,0,308,0,1,37,57981,2210,0,23,0,0,0,LEADER,1,0,0,0,0,22
59736,38,adaptive-prasle,1755,1,0,0,22,0,308,0,1,38,57981,1755,0,23,0,0,0,LEADER,1,0,0,0,0,22
60400,98,adaptive-prasle,2419,1,0,0,22,0,308,0,1,98,57981,2419,0,23,0,0,0,LEADER,1,0,0,0,0,22
60259,27,adaptive-prasle,2280,1,0,0,22,0,308,0,1,27,57979,2280,0,23,0,0,0,LEADER,1,0,0,0,0,22
60109,62,adaptive-prasle,2128,1,0,0,22,0,308,0,1,62,57981,2128,0,23,0,0,0,LEADER,1,0,0,0,0,22
59918,56,adaptive-prasle,1937,1,0,0,22,0,308,0,1,56,57981,1937,0,23,0,0,0,LEADER,1,0,0,0,0,22
60306,99,adaptive-prasle,2328,1,0,0,22,0,308,0,1,99,57978,2328,0,23,0,0,0,LEADER,1,0,0,0,0,22
60183,48,adaptive-prasle,2202,1,0,0,22,0,308,0,1,48,57981,2202,0,23,0,0,0,LEADER,1,0,0,0,0,22
59700,71,adaptive-prasle,1719,1,0,0,22,0,308,0,1,71,57981,1719,0,23,0,0,0,LEADER,1,0,0,0,0,22
59925,87,adaptive-prasle,1944,1,0,0,22,0,308,0,1,87,57981,1944,0,23,0,0,0,LEADER,1,0,0,0,0,22
59851,36,adaptive-prasle,1870,1,0,0,22,0,308,0,1,36,57981,1870,0,23,0,0,0,LEADER,1,0,0,0,0,22
60347,77,adaptive-prasle,1446,1,0,0,22,0,308,0,1,77,58901,1446,0,23,0,0,0,LEADER,1,0,0,0,0,22
60538,83,adaptive-prasle,1637,1,0,0,22,0,308,0,1,83,58901,1637,0,23,0,0,0,LEADER,1,0,0,0,0,22
60040,85,adaptive-prasle,2059,1,0,0,22,0,308,0,1,85,57981,2059,0,23,0,0,0,LEADER,1,0,0,0,0,22
60568,19,adaptive-prasle,1667,1,0,0,22,0,308,0,1,19,58901,1667,0,23,0,0,0,LEADER,1,0,0,0,0,22
60723,65,adaptive-prasle,1822,1,0,0,22,0,308,0,1,65,58901,1822,0,23,0,0,0,LEADER,1,0,0,0,0,22
60329,35,adaptive-prasle,1428,1,0,0,22,0,308,0,1,35,58901,1428,0,23,0,0,0,LEADER,1,0,0,0,0,22
60344,86,adaptive-prasle,1443,1,0,0,22,0,308,0,1,86,58901,1443,0,23,0,0,0,LEADER,1,0,0,0,0,22
60387,50,adaptive-prasle,2406,1,0,0,22,0,308,0,1,50,57981,2406,0,23,0,0,0,LEADER,1,0,0,0,0,22
60402,55,adaptive-prasle,1501,1,0,0,22,0,308,0,1,55,58901,1501,0,23,0,0,0,LEADER,1,0,0,0,0,22
60441,63,adaptive-prasle,1540,1,0,0,22,0,308,0,1,63,58901,1540,0,23,0,0,0,LEADER,1,0,0,0,0,22
60805,46,adaptive-prasle,1904,1,0,0,22,0,308,0,1,46,58901,1904,0,23,0,0,0,LEADER,1,0,0,0,0,22
60602,53,adaptive-prasle,1701,1,0,0,22,0,308,0,1,53,58901,1701,0,23,0,0,0,LEADER,1,0,0,0,0,22
59955,23,adaptive-prasle,1974,1,0,0,22,0,308,0,1,23,57981,1974,0,23,0,0,0,LEADER,1,0,0,0,0,22
60823,88,adaptive-prasle,1922,1,0,0,22,0,308,0,1,88,58901,1922,0,23,0,0,0,LEADER,1,0,0,0,0,22
60350,34,adaptive-prasle,1449,1,0,0,22,0,308,0,1,34,58901,1449,0,23,0,0,0,LEADER,1,0,0,0,0,22
59958,97,adaptive-prasle,1977,1,0,0,22,0,308,0,1,97,57981,1977,0,23,0,0,0,LEADER,1,0,0,0,0,22
60076,20,adaptive-prasle,2095,1,0,0,22,0,308,0,1,20,57981,2095,0,23,0,0,0,LEADER,1,0,0,0,0,22
60158,40,adaptive-prasle,2177,1,0,0,22,0,308,0,1,40,57981,2177,0,23,0,0,0,LEADER,1,0,0,0,0,22
60081,47,adaptive-prasle,2100,1,0,0,22,0,308,0,1,47,57981,2100,0,23,0,0,0,LEADER,1,0,0,0,0,22
60993,95,adaptive-prasle,2092,1,0,0,22,0,308,0,1,95,58901,2092,0,23,0,0,0,LEADER,1,0,0,0,0,22
60376,25,adaptive-prasle,2395,1,0,0,22,0,308,0,1,25,57981,2395,0,23,0,0,0,LEADER,1,0,0,0,0,22
60981,84,adaptive-prasle,2080,1,0,0,22,0,308,0,1,84,58901,2080,0,23,0,0,0,LEADER,1,0,0,0,0,22
60258,70,adaptive-prasle,2277,1,0,0,22,0,308,0,1,70,57981,2277,0,23,0,0,0,LEADER,1,0,0,0,0,22
60176,82,adaptive-prasle,2195,1,0,0,22,0,308,0,1,82,57981,2195,0,23,0,0,0,LEADER,1,0,0,0,0,22
60394,67,adaptive-prasle,2413,1,0,0,22,0,308,0,1,67,57981,2413,0,23,0,0,0,LEADER,1,0,0,0,0,22
60346,89,adaptive-prasle,2365,1,0,0,22,0,308,0,1,89,57981,2365,0,23,0,0,0,LEADER,1,0,0,0,0,22
61014,28,adaptive-prasle,2113,1,0,0,22,0,308,0,1,28,58901,2113,0,23,0,0,0,LEADER,1,0,0,0,0,22
60756,68,adaptive-prasle,1855,1,0,0,22,0,308,0,1,68,58901,1855,0,23,0,0,0,LEADER,1,0,0,0,0,22
60708,90,adaptive-prasle,1807,1,0,0,22,0,308,0,1,90,58901,1807,0,23,0,0,0,LEADER,1,0,0,0,0,22
60369,76,adaptive-prasle,1468,1,0,0,22,0,308,0,1,76,58901,1468,0,23,0,0,0,LEADER,1,0,0,0,0,22
60690,10,adaptive-prasle,1789,1,0,0,22,0,308,0,1,10,58901,1789,0,23,0,0,0,LEADER,1,0,0,0,0,22
61122,58,adaptive-prasle,2221,1,0,0,22,0,308,0,1,58,58901,2221,0,23,0,0,0,LEADER,1,0,0,0,0,22
60505,73,adaptive-prasle,1604,1,0,0,22,0,308,0,1,73,58901,1604,0,23,0,0,0,LEADER,1,0,0,0,0,22
60246,59,adaptive-prasle,2265,1,0,0,22,0,308,0,1,59,57981,2265,0,23,0,0,0,LEADER,1,0,0,0,0,22
60520,41,adaptive-prasle,1619,1,0,0,22,0,308,0,1,41,58901,1619,0,23,0,0,0,LEADER,1,0,0,0,0,22
60435,96,adaptive-prasle,1534,1,0,0,22,0,308,0,1,96,58901,1534,0,23,0,0,0,LEADER,1,0,0,0,0,22
60668,49,adaptive-prasle,1767,1,0,0,22,0,308,0,1,49,58901,1767,0,23,0,0,0,LEADER,1,0,0,0,0,22
60737,74,adaptive-prasle,1837,1,0,0,22,0,308,0,1,74,58900,1837,0,23,0,0,0,LEADER,1,0,0,0,0,22
61129,92,adaptive-prasle,2228,1,0,0,22,0,308,0,1,92,58901,2228,0,23,0,0,0,LEADER,1,0,0,0,0,22
60335,66,adaptive-prasle,1434,1,0,0,22,0,308,0,1,66,58901,1434,0,23,0,0,0,LEADER,1,0,0,0,0,22
60361,57,adaptive-prasle,2380,1,0,0,22,0,308,0,1,57,57981,2380,0,23,0,0,0,LEADER,1,0,0,0,0,22
61161,78,adaptive-prasle,2260,1,0,0,22,0,308,0,1,78,58901,2260,0,23,0,0,0,LEADER,1,0,0,0,0,22
60327,39,adaptive-prasle,2346,1,0,0,22,0,308,0,1,39,57981,2346,0,23,0,0,0,LEADER,1,0,0,0,0,22
61044,30,adaptive-prasle,2143,1,0,0,22,0,308,0,1,30,58901,2143,0,23,0,0,0,LEADER,1,0,0,0,0,22
60450,64,adaptive-prasle,1549,1,0,0,22,0,308,0,1,64,58901,1549,0,23,0,0,0,LEADER,1,0,0,0,0,22
60675,80,adaptive-prasle,1774,1,0,0,22,0,308,0,1,80,58901,1774,0,23,0,0,0,LEADER,1,0,0,0,0,22
60415,54,adaptive-prasle,1516,1,0,0,22,0,308,0,1,54,58899,1516,0,23,0,0,0,LEADER,1,0,0,0,0,22
60941,43,adaptive-prasle,2040,1,0,0,22,0,308,0,1,43,58901,2040,0,23,0,0,0,LEADER,1,0,0,0,0,22
60861,26,adaptive-prasle,1960,1,0,0,22,0,308,0,1,26,58901,1960,0,23,0,0,0,LEADER,1,0,0,0,0,22
60491,42,adaptive-prasle,1591,1,0,0,22,0,308,0,1,42,58900,1591,0,23,0,0,0,LEADER,1,0,0,0,0,22
60499,31,adaptive-prasle,1598,1,0,0,22,0,308,0,1,31,58901,1598,0,23,0,0,0,LEADER,1,0,0,0,0,22
61256,94,adaptive-prasle,2355,1,0,0,22,0,308,0,1,94,58901,2355,0,23,0,0,0,LEADER,1,0,0,0,0,22
60826,45,adaptive-prasle,1925,1,0,0,22,0,308,0,1,45,58901,1925,0,23,0,0,0,LEADER,1,0,0,0,0,22
61199,60,adaptive-prasle,2298,1,0,0,22,0,308,0,1,60,58901,2298,0,23,0,0,0,LEADER,1,0,0,0,0,22
61304,44,adaptive-prasle,1483,1,0,0,22,0,308,0,1,44,59821,1483,0,23,0,0,0,LEADER,1,0,0,0,0,22
60908,33,adaptive-prasle,2007,1,0,0,22,0,308,0,1,33,58901,2007,0,23,0,0,0,LEADER,1,0,0,0,0,22
60553,51,adaptive-prasle,1652,1,0,0,22,0,308,0,1,51,58901,1652,0,23,0,0,0,LEADER,1,0,0,0,0,22
61352,22,adaptive-prasle,1531,1,0,0,22,0,308,0,1,22,59821,1531,0,23,0,0,0,LEADER,1,0,0,0,0,22
61063,72,adaptive-prasle,2162,1,0,0,22,0,308,0,1,72,58901,2162,0,23,0,0,0,LEADER,1,0,0,0,0,22
60853,24,adaptive-prasle,1952,1,0,0,22,0,308,0,1,24,58901,1952,0,23,0,0,0,LEADER,1,0,0,0,0,22
61385,32,adaptive-prasle,1564,1,0,0,22,0,308,0,1,32,59821,1564,0,23,0,0,0,LEADER,1,0,0,0,0,22
60572,93,adaptive-prasle,1671,1,0,0,22,0,308,0,1,93,58901,1671,0,23,0,0,0,LEADER,1,0,0,0,0,22
61244,69,adaptive-prasle,2343,1,0,0,22,0,308,0,1,69,58901,2343,0,23,0,0,0,LEADER,1,0,0,0,0,22
61231,79,adaptive-prasle,2331,1,0,0,22,0,308,0,1,79,58900,2331,0,23,0,0,0,LEADER,1,0,0,0,0,22
60926,75,adaptive-prasle,2025,1,0,0,22,0,308,0,1,75,58901,2025,0,23,0,0,0,LEADER,1,0,0,0,0,22
60653,81,adaptive-prasle,1752,1,0,0,22,0,308,0,1,81,58901,1752,0,23,0,0,0,LEADER,1,0,0,0,0,22
60511,52,adaptive-prasle,1610,1,0,0,22,0,308,0,1,52,58901,1610,0,23,0,0,0,LEADER,1,0,0,0,0,22
60989,21,adaptive-prasle,2088,1,0,0,22,0,308,0,1,21,58901,2088,0,23,0,0,0,LEADER,1,0,0,0,0,22
61166,29,adaptive-prasle,2265,1,0,0,22,0,308,0,1,29,58901,2265,0,23,0,0,0,LEADER,1,0,0,0,0,22
60742,100,adaptive-prasle,1841,1,0,0,22,0,308,0,1,100,58901,1841,0,23,0,0,0,LEADER,1,0,0,0,0,22
60587,61,adaptive-prasle,1686,1,0,0,22,0,308,0,1,61,58901,1686,0,23,0,0,0,LEADER,1,0,0,0,0,22
61151,91,adaptive-prasle,2250,1,0,0,22,0,308,0,1,91,58901,2250,0,23,0,0,0,LEADER,1,0,0,0,0,22
61111,37,adaptive-prasle,2210,1,0,0,22,0,308,0,1,37,58901,2210,0,23,0,0,0,LEADER,1,0,0,0,0,22
60656,38,adaptive-prasle,1755,1,0,0,22,0,308,0,1,38,58901,1755,0,23,0,0,0,LEADER,1,0,0,0,0,22
61320,98,adaptive-prasle,2419,1,0,0,22,0,308,0,1,98,58901,2419,0,23,0,0,0,LEADER,1,0,0,0,0,22
61179,27,adaptive-prasle,2280,1,0,0,22,0,308,0,1,27,58899,2280,0,23,0,0,0,LEADER,1,0,0,0,0,22
61029,62,adaptive-prasle,2128,1,0,0,22,0,308,0,1,62,58901,2128,0,23,0,0,0,LEADER,1,0,0,0,0,22
60838,56,adaptive-prasle,1937,1,0,0,22,0,308,0,1,56,58901,1937,0,23,0,0,0,LEADER,1,0,0,0,0,22
61226,99,adaptive-prasle,2328,1,0,0,22,0,308,0,1,99,58898,2328,0,23,0,0,0,LEADER,1,0,0,0,0,22
61103,48,adaptive-prasle,2202,1,0,0,22,0,308,0,1,48,58901,2202,0,23,0,0,0,LEADER,1,0,0,0,0,22
60620,71,adaptive-prasle,1719,1,0,0,22,0,308,0,1,71,58901,1719,0,23,0,0,0,LEADER,1,0,0,0,0,22
60845,87,adaptive-prasle,1944,1,0,0,22,0,308,0,1,87,58901,1944,0,23,0,0,0,LEADER,1,0,0,0,0,22
60771,36,adaptive-prasle,1870,1,0,0,22,0,308,0,1,36,58901,1870,0,23,0,0,0,LEADER,1,0,0,0,0,22
61267,77,adaptive-prasle,1446,1,0,0,22,0,308,0,1,77,59821,1446,0,23,0,0,0,LEADER,1,0,0,0,0,22
61458,83,adaptive-prasle,1637,1,0,0,22,0,308,0,1,83,59821,1637,0,23,0,0,0,LEADER,1,0,0,0,0,22
60960,85,adaptive-prasle,2059,1,0,0,22,0,308,0,1,85,58901,2059,0,23,0,0,0,LEADER,1,0,0,0,0,22
61488,19,adaptive-prasle,1667,1,0,0,22,0,308,0,1,19,59821,1667,0,23,0,0,0,LEADER,1,0,0,0,0,22
61643,65,adaptive-prasle,1822,1,0,0,22,0,308,0,1,65,59821,1822,0,23,0,0,0,LEADER,1,0,0,0,0,22
61249,35,adaptive-prasle,1428,1,0,0,22,0,308,0,1,35,59821,1428,0,23,0,0,0,LEADER,1,0,0,0,0,22
61264,86,adaptive-prasle,1443,1,0,0,22,0,308,0,1,86,59821,1443,0,23,0,0,0,LEADER,1,0,0,0,0,22
61307,50,adaptive-prasle,2406,1,0,0,22,0,308,0,1,50,58901,2406,0,23,0,0,0,LEADER,1,0,0,0,0,22
61322,55,adaptive-prasle,1501,1,0,0,22,0,308,0,1,55,59821,1501,0,23,0,0,0,LEADER,1,0,0,0,0,22
61361,63,adaptive-prasle,1540,1,0,0,22,0,308,0,1,63,59821,1540,0,23,0,0,0,LEADER,1,0,0,0,0,22
61725,46,adaptive-prasle,1904,1,0,0,22,0,308,0,1,46,59821,1904,0,23,0,0,0,LEADER,1,0,0,0,0,22
61482,15,adaptive-prasle,2361,1,0,0,5,8,70,112,2,5,59121,2361,0,3,0,0,0,NORMAL,0,0,0,0,0,5
61522,53,adaptive-prasle,1701,1,0,0,22,0,308,0,1,53,59821,1701,0,23,0,0,0,LEADER,1,0,0,0,0,22
60875,23,adaptive-prasle,1974,1,0,0,22,0,308,0,1,23,58901,1974,0,23,0,0,0,LEADER,1,0,0,0,0,22
61743,88,adaptive-prasle,1922,1,0,0,22,0,308,0,1,88,59821,1922,0,23,0,0,0,LEADER,1,0,0,0,0,22
61270,34,adaptive-prasle,1449,1,0,0,22,0,308,0,1,34,59821,1449,0,23,0,0,0,LEADER,1,0,0,0,0,22
60878,97,adaptive-prasle,1977,1,0,0,22,0,308,0,1,97,58901,1977,0,23,0,0,0,LEADER,1,0,0,0,0,22
60996,20,adaptive-prasle,2095,1,0,0,22,0,308,0,1,20,58901,2095,0,23,0,0,0,LEADER,1,0,0,0,0,22
61078,40,adaptive-prasle,2177,1,0,0,22,0,308,0,1,40,58901,2177,0,23,0,0,0,LEADER,1,0,0,0,0,22
61001,47,adaptive-prasle,2100,1,0,0,22,0,308,0,1,47,58901,2100,0,23,0,0,0,LEADER,1,0,0,0,0,22
61913,95,adaptive-prasle,2092,1,0,0,22,0,308,0,1,95,59821,2092,0,23,0,0,0,LEADER,1,0,0,0,0,22
61296,25,adaptive-prasle,2395,1,0,0,22,0,308,0,1,25,58901,2395,0,23,0,0,0,LEADER,1,0,0,0,0,22
61901,84,adaptive-prasle,2080,1,0,0,22,0,308,0,1,84,59821,2080,0,23,0,0,0,LEADER,1,0,0,0,0,22
61178,70,adaptive-prasle,2277,1,0,0,22,0,308,0,1,70,58901,2277,0,23,0,0,0,LEADER,1,0,0,0,0,22
61096,82,adaptive-prasle,2195,1,0,0,22,0,308,0,1,82,58901,2195,0,23,0,0,0,LEADER,1,0,0,0,0,22
61314,67,adaptive-prasle,2413,1,0,0,22,0,308,0,1,67,58901,2413,0,23,0,0,0,LEADER,1,0,0,0,0,22
61266,89,adaptive-prasle,2365,1,0,0,22,0,308,0,1,89,58901,2365,0,23,0,0,0,LEADER,1,0,0,0,0,22
61934,28,adaptive-prasle,2113,1,0,0,22,0,308,0,1,28,59821,2113,0,23,0,0,0,LEADER,1,0,0,0,0,22
61676,68,adaptive-prasle,1855,1,0,0,22,0,308,0,1,68,59821,1855,0,23,0,0,0,LEADER,1,0,0,0,0,22
61628,90,adaptive-prasle,1807,1,0,0,22,0,308,0,1,90,59821,1807,0,23,0,0,0,LEADER,1,0,0,0,0,22
61289,76,adaptive-prasle,1468,1,0,0,22,0,308,0,1,76,59821,1468,0,23,0,0,0,LEADER,1,0,0,0,0,22
61610,10,adaptive-prasle,1789,1,0,0,22,0,308,0,1,10,59821,1789,0,23,0,0,0,LEADER,1,0,0,0,0,22
62042,58,adaptive-prasle,2221,1,0,0,22,0,308,0,1,58,59821,2221,0,23,0,0,0,LEADER,1,0,0,0,0,22
61425,73,adaptive-prasle,1604,1,0,0,22,0,308,0,1,73,59821,1604,0,23,0,0,0,LEADER,1,0,0,0,0,22
61166,59,adaptive-prasle,2265,1,0,0,22,0,308,0,1,59,58901,2265,0,23,0,0,0,LEADER,1,0,0,0,0,22
61440,41,adaptive-prasle,1619,1,0,0,22,0,308,0,1,41,59821,1619,0,23,0,0,0,LEADER,1,0,0,0,0,22
61355,96,adaptive-prasle,1534,1,0,0,22,0,308,0,1,96,59821,1534,0,23,0,0,0,LEADER,1,0,0,0,0,22
61588,49,adaptive-prasle,1767,1,0,0,22,0,308,0,1,49,59821,1767,0,23,0,0,0,LEADER,1,0,0,0,0,22
61657,74,adaptive-prasle,1837,1,0,0,22,0,308,0,1,74,59820,1837,0,23,0,0,0,LEADER,1,0,0,0,0,22
62049,92,adaptive-prasle,2228,1,0,0,22,0,308,0,1,92,59821,2228,0,23,0,0,0,LEADER,1,0,0,0,0,22
61255,66,adaptive-prasle,1434,1,0,0,22,0,308,0,1,66,59821,1434,0,23,0,0,0,LEADER,1,0,0,0,0,22
61281,57,adaptive-prasle,2380,1,0,0,22,0,308,0,1,57,58901,2380,0,23,0,0,0,LEADER,1,0,0,0,0,22
62081,78,adaptive-prasle,2260,1,0,0,22,0,308,0,1,78,59821,2260,0,23,0,0,0,LEADER,1,0,0,0,0,22
61247,39,adaptive-prasle,2346,1,0,0,22,0,308,0,1,39,58901,2346,0,23,0,0,0,LEADER,1,0,0,0,0,22
61964,30,adaptive-prasle,2143,1,0,0,22,0,308,0,1,30,59821,2143,0,23,0,0,0,LEADER,1,0,0,0,0,22
61370,64,adaptive-prasle,1549,1,0,0,22,0,308,0,1,64,59821,1549,0,23,0,0,0,LEADER,1,0,0,0,0,22
61595,80,adaptive-prasle,1774,1,0,0,22,0,308,0,1,80,59821,1774,0,23,0,0,0,LEADER,1,0,0,0,0,22
61335,54,adaptive-prasle,1516,1,0,0,22,0,308,0,1,54,59819,1516,0,23,0,0,0,LEADER,1,0,0,0,0,22
61861,43,adaptive-prasle,2040,1,0,0,22,0,308,0,1,43,59821,2040,0,23,0,0,0,LEADER,1,0,0,0,0,22
61781,26,adaptive-prasle,1960,1,0,0,22,0,308,0,1,26,59821,1960,0,23,0,0,0,LEADER,1,0,0,0,0,22
61411,42,adaptive-prasle,1591,1,0,0,22,0,308,0,1,42,59820,1591,0,23,0,0,0,LEADER,1,0,0,0,0,22
61419,31,adaptive-prasle,1598,1,0,0,22,0,308,0,1,31,59821,1598,0,23,0,0,0,LEADER,1,0,0,0,0,22
62176,94,adaptive-prasle,2355,1,0,0,22,0,308,0,1,94,59821,2355,0,23,0,0,0,LEADER,1,0,0,0,0,22
61746,45,adaptive-prasle,1925,1,0,0,22,0,308,0,1,45,59821,1925,0,23,0,0,0,LEADER,1,0,0,0,0,22
62119,60,adaptive-prasle,2298,1,0,0,22,0,308,0,1,60,59821,2298,0,23,0,0,0,LEADER,1,0,0,0,0,22
62225,44,adaptive-prasle,1483,1,0,0,23,0,322,0,1,44,60742,1483,0,24,0,0,0,LEADER,1,0,0,0,0,23
61828,33,adaptive-prasle,2007,1,0,0,22,0,308,0,1,33,59821,2007,0,23,0,0,0,LEADER,1,0,0,0,0,22
61473,51,adaptive-prasle,1652,1,0,0,22,0,308,0,1,51,59821,1652,0,23,0,0,0,LEADER,1,0,0,0,0,22
61983,72,adaptive-prasle,2162,1,0,0,22,0,308,0,1,72,59821,2162,0,23,0,0,0,LEADER,1,0,0,0,0,22
62273,22,adaptive-prasle,1531,1,0,0,23,0,322,0,1,22,60742,1531,0,24,0,0,0,LEADER,1,0,0,0,0,23
61773,24,adaptive-prasle,1952,1,0,0,22,0,308,0,1,24,59821,1952,0,23,0,0,0,LEADER,1,0,0,0,0,22
62306,32,adaptive-prasle,1564,1,0,0,23,0,322,0,1,32,60742,1564,0,24,0,0,0,LEADER,1,0,0,0,0,23
61492,93,adaptive-prasle,1671,1,0,0,22,0,308,0,1,93,59821,1671,0,23,0,0,0,LEADER,1,0,0,0,0,22
62164,69,adaptive-prasle,2343,1,0,0,22,0,308,0,1,69,59821,2343,0,23,0,0,0,LEADER,1,0,0,0,0,22
62151,79,adaptive-prasle,2331,1,0,0,22,0,308,0,1,79,59820,2331,0,23,0,0,0,LEADER,1,0,0,0,0,22
61846,75,adaptive-prasle,2025,1,0,0,22,0,308,0,1,75,59821,2025,0,23,0,0,0,LEADER,1,0,0,0,0,22
61573,81,adaptive-prasle,1752,1,0,0,22,0,308,0,1,81,59821,1752,0,23,0,0,0,LEADER,1,0,0,0,0,22
61431,52,adaptive-prasle,1610,1,0,0,22,0,308,0,1,52,59821,1610,0,23,0,0,0,LEADER,1,0,0,0,0,22
61909,21,adaptive-prasle,2088,1,0,0,22,0,308,0,1,21,59821,2088,0,23,0,0,0,LEADER,1,0,0,0,0,22
62086,29,adaptive-prasle,2265,1,0,0,22,0,308,0,1,29,59821,2265,0,23,0,0,0,LEADER,1,0,0,0,0,22
61662,100,adaptive-prasle,1841,1,0,0,22,0,308,0,1,100,59821,1841,0,23,0,0,0,LEADER,1,0,0,0,0,22
61507,61,adaptive-prasle,1686,1,0,0,22,0,308,0,1,61,59821,1686,0,23,0,0,0,LEADER,1,0,0,0,0,22
62071,91,adaptive-prasle,2250,1,0,0,22,0,308,0,1,91,59821,2250,0,23,0,0,0,LEADER,1,0,0,0,0,22
62031,37,adaptive-prasle,2210,1,0,0,22,0,308,0,1,37,59821,2210,0,23,0,0,0,LEADER,1,0,0,0,0,22
61576,38,adaptive-prasle,1755,1,0,0,22,0,308,0,1,38,59821,1755,0,23,0,0,0,LEADER,1,0,0,0,0,22
62240,98,adaptive-prasle,2419,1,0,0,22,0,308,0,1,98,59821,2419,0,23,0,0,0,LEADER,1,0,0,0,0,22
62099,27,adaptive-prasle,2280,1,0,0,22,0,308,0,1,27,59819,2280,0,23,0,0,0,LEADER,1,0,0,0,0,22
61949,62,adaptive-prasle,2128,1,0,0,22,0,308,0,1,62,59821,2128,0,23,0,0,0,LEADER,1,0,0,0,0,22
61758,56,adaptive-prasle,1937,1,0,0,22,0,308,0,1,56,59821,1937,0,23,0,0,0,LEADER,1,0,0,0,0,22
62146,99,adaptive-prasle,2328,1,0,0,22,0,308,0,1,99,59818,2328,0,23,0,0,0,LEADER,1,0,0,0,0,22
62023,48,adaptive-prasle,2202,1,0,0,22,0,308,0,1,48,59821,2202,0,23,0,0,0,LEADER,1,0,0,0,0,22
61540,71,adaptive-prasle,1719,1,0,0,22,0,308,0,1,71,59821,1719,0,23,0,0,0,LEADER,1,0,0,0,0,22
61765,87,adaptive-prasle,1944,1,0,0,22,0,308,0,1,87,59821,1944,0,23,0,0,0,LEADER,1,0,0,0,0,22
61691,36,adaptive-prasle,1870,1,0,0,22,0,308,0,1,36,59821,1870,0,23,0,0,0,LEADER,1,0,0,0,0,22
62188,77,adaptive-prasle,1446,1,0,0,23,0,322,0,1,77,60742,1446,0,24,0,0,0,LEADER,1,0,0,0,0,23
62379,83,adaptive-prasle,1637,1,0,0,23,0,322,0,1,83,60742,1637,0,24,0,0,0,LEADER,1,0,0,0,0,23
61880,85,adaptive-prasle,2059,1,0,0,22,0,308,0,1,85,59821,2059,0,23,0,0,0,LEADER,1,0,0,0,0,22
62409,19,adaptive-prasle,1667,1,0,0,23,0,322,0,1,19,60742,1667,0,24,0,0,0,LEADER,1,0,0,0,0,23
62564,65,adaptive-prasle,1822,1,0,0,23,0,322,0,1,65,60742,1822,0,24,0,0,0,LEADER,1,0,0,0,0,23
62170,35,adaptive-prasle,1428,1,0,0,23,0,322,0,1,35,60742,1428,0,24,0,0,0,LEADER,1,0,0,0,0,23
62185,86,adaptive-prasle,1443,1,0,0,23,0,322,0,1,86,60742,1443,0,24,0,0,0,LEADER,1,0,0,0,0,23
62227,50,adaptive-prasle,2406,1,0,0,22,0,308,0,1,50,59821,2406,0,23,0,0,0,LEADER,1,0,0,0,0,22
62243,55,adaptive-prasle,1501,1,0,0,23,0,322,0,1,55,60742,1501,0,24,0,0,0,LEADER,1,0,0,0,0,23
62282,63,adaptive-prasle,1540,1,0,0,23,0,322,0,1,63,60742,1540,0,24,0,0,0,LEADER,1,0,0,0,0,23
62646,46,adaptive-prasle,1904,1,0,0,23,0,322,0,1,46,60742,1904,0,24,0,0,0,LEADER,1,0,0,0,0,23
62443,53,adaptive-prasle,1701,1,0,0,23,0,322,0,1,53,60742,1701,0,24,0,0,0,LEADER,1,0,0,0,0,23
61795,23,adaptive-prasle,1974,1,0,0,22,0,308,0,1,23,59821,1974,0,23,0,0,0,LEADER,1,0,0,0,0,22
62664,88,adaptive-prasle,1922,1,0,0,23,0,322,0,1,88,60742,1922,0,24,0,0,0,LEADER,1,0,0,0,0,23
62191,34,adaptive-prasle,1449,1,0,0,23,0,322,0,1,34,60742,1449,0,24,0,0,0,LEADER,1,0,0,0,0,23
61798,97,adaptive-prasle,1977,1,0,0,22,0,308,0,1,97,59821,1977,0,23,0,0,0,LEADER,1,0,0,0,0,22
61916,20,adaptive-prasle,2095,1,0,0,22,0,308,0,1,20,59821,2095,0,23,0,0,0,LEADER,1,0,0,0,0,22
61998,40,adaptive-prasle,2177,1,0,0,22,0,308,0,1,40,59821,2177,0,23,0,0,0,LEADER,1,0,0,0,0,22
61921,47,adaptive-prasle,2100,1,0,0,22,0,308,0,1,47,59821,2100,0,23,0,0,0,LEADER,1,0,0,0,0,22
62834,95,adaptive-prasle,2092,1,0,0,23,0,322,0,1,95,60742,2092,0,24,0,0,0,LEADER,1,0,0,0,0,23
62216,25,adaptive-prasle,2395,1,0,0,22,0,308,0,1,25,59821,2395,0,23,0,0,0,LEADER,1,0,0,0,0,22
62822,84,adaptive-prasle,2080,1,0,0,23,0,322,0,1,84,60742,2080,0,24,0,0,0,LEADER,1,0,0,0,0,23
62098,70,adaptive-prasle,2277,1,0,0,22,0,308,0,1,70,59821,2277,0,23,0,0,0,LEADER,1,0,0,0,0,22
62016,82,adaptive-prasle,2195,1,0,0,22,0,308,0,1,82,59821,2195,0,23,0,0,0,LEADER,1,0,0,0,0,22
62234,67,adaptive-prasle,2413,1,0,0,22,0,308,0,1,67,59821,2413,0,23,0,0,0,LEADER,1,0,0,0,0,22
62186,89,adaptive-prasle,2365,1,0,0,22,0,308,0,1,89,59821,2365,0,23,0,0,0,LEADER,1,0,0,0,0,22
62855,28,adaptive-prasle,2113,1,0,0,23,0,322,0,1,28,60742,2113,0,24,0,0,0,LEADER,1,0,0,0,0,23
62597,68,adaptive-prasle,1855,1,0,0,23,0,322,0,1,68,60742,1855,0,24,0,0,0,LEADER,1,0,0,0,0,23
62549,90,adaptive-prasle,1807,1,0,0,23,0,322,0,1,90,60742,1807,0,24,0,0,0,LEADER,1,0,0,0,0,23
62210,76,adaptive-prasle,1468,1,0,0,23,0,322,0,1,76,60742,1468,0,24,0,0,0,LEADER,1,0,0,0,0,23
62531,10,adaptive-prasle,1789,1,0,0,23,0,322,0,1,10,60742,1789,0,24,0,0,0,LEADER,1,0,0,0,0,23
62963,58,adaptive-prasle,2221,1,0,0,23,0,322,0,1,58,60742,2221,0,24,0,0,0,LEADER,1,0,0,0,0,23
62346,73,adaptive-prasle,1604,1,0,0,23,0,322,0,1,73,60742,1604,0,24,0,0,0,LEADER,1,0,0,0,0,23
62086,59,adaptive-prasle,2265,1,0,0,22,0,308,0,1,59,59821,2265,0,23,0,0,0,LEADER,1,0,0,0,0,22
62361,41,adaptive-prasle,1619,1,0,0,23,0,322,0,1,41,60742,1619,0,24,0,0,0,LEADER,1,0,0,0,0,23
62276,96,adaptive-prasle,1534,1,0,0,23,0,322,0,1,96,60742,1534,0,24,0,0,0,LEADER,1,0,0,0,0,23
62509,49,adaptive-prasle,1767,1,0,0,23,0,322,0,1,49,60742,1767,0,24,0,0,0,LEADER,1,0,0,0,0,23
62578,74,adaptive-prasle,1837,1,0,0,23,0,322,0,1,74,60741,1837,0,24,0,0,0,LEADER,1,0,0,0,0,23
62970,92,adaptive-prasle,2228,1,0,0,23,0,322,0,1,92,60742,2228,0,24,0,0,0,LEADER,1,0,0,0,0,23
62176,66,adaptive-prasle,1434,1,0,0,23,0,322,0,1,66,60742,1434,0,24,0,0,0,LEADER,1,0,0,0,0,23
62201,57,adaptive-prasle,2380,1,0,0,22,0,308,0,1,57,59821,2380,0,23,0,0,0,LEADER,1,0,0,0,0,22
63002,78,adaptive-prasle,2260,1,0,0,23,0,322,0,1,78,60742,2260,0,24,0,0,0,LEADER,1,0,0,0,0,23
62167,39,adaptive-prasle,2346,1,0,0,22,0,308,0,1,39,59821,2346,0,23,0,0,0,LEADER,1,0,0,0,0,22
62885,30,adaptive-prasle,2143,1,0,0,23,0,322,0,1,30,60742,2143,0,24,0,0,0,LEADER,1,0,0,0,0,23
62291,64,adaptive-prasle,1549,1,0,0,23,0,322,0,1,64,60742,1549,0,24,0,0,0,LEADER,1,0,0,0,0,23
62516,80,adaptive-prasle,1774,1,0,0,23,0,322,0,1,80,60742,1774,0,24,0,0,0,LEADER,1,0,0,0,0,23
62256,54,adaptive-prasle,1516,1,0,0,23,0,322,0,1,54,60740,1516,0,24,0,0,0,LEADER,1,0,0,0,0,23
62782,43,adaptive-prasle,2040,1,0,0,23,0,322,0,1,43,60742,2040,0,24,0,0,0,LEADER,1,0,0,0,0,23
62702,26,adaptive-prasle,1960,1,0,0,23,0,322,0,1,26,60742,1960,0,24,0,0,0,LEADER,1,0,0,0,0,23
62332,42,adaptive-prasle,1591,1,0,0,23,0,322,0,1,42,60741,1591,0,24,0,0,0,LEADER,1,0,0,0,0,23
62340,31,adaptive-prasle,1598,1,0,0,23,0,322,0,1,31,60742,1598,0,24,0,0,0,LEADER,1,0,0,0,0,23
63097,94,adaptive-prasle,2355,1,0,0,23,0,322,0,1,94,60742,2355,0,24,0,0,0,LEADER,1,0,0,0,0,23
62667,45,adaptive-prasle,1925,1,0,0,23,0,322,0,1,45,60742,1925,0,24,0,0,0,LEADER,1,0,0,0,0,23
63040,60,adaptive-prasle,2298,1,0,0,23,0,322,0,1,60,60742,2298,0,24,0,0,0,LEADER,1,0,0,0,0,23
63145,44,adaptive-prasle,1483,1,0,0,23,0,322,0,1,44,61662,1483,0,24,0,0,0,LEADER,1,0,0,0,0,23
62749,33,adaptive-prasle,2007,1,0,0,23,0,322,0,1,33,60742,2007,0,24,0,0,0,LEADER,1,0,0,0,0,23
62394,51,adaptive-prasle,1652,1,0,0,23,0,322,0,1,51,60742,1652,0,24,0,0,0,LEADER,1,0,0,0,0,23
63193,22,adaptive-prasle,1531,1,0,0,23,0,322,0,1,22,61662,1531,0,24,0,0,0,LEADER,1,0,0,0,0,23
62904,72,adaptive-prasle,2162,1,0,0,23,0,322,0,1,72,60742,2162,0,24,0,0,0,LEADER,1,0,0,0,0,23
62694,24,adaptive-prasle,1952,1,0,0,23,0,322,0,1,24,60742,1952,0,24,0,0,0,LEADER,1,0,0,0,0,23
63226,32,adaptive-prasle,1564,1,0,0,23,0,322,0,1,32,61662,1564,0,24,0,0,0,LEADER,1,0,0,0,0,23
62413,93,adaptive-prasle,1671,1,0,0,23,0,322,0,1,93,60742,1671,0,24,0,0,0,LEADER,1,0,0,0,0,23
63085,69,adaptive-prasle,2343,1,0,0,23,0,322,0,1,69,60742,2343,0,24,0,0,0,LEADER,1,0,0,0,0,23
63072,79,adaptive-prasle,2331,1,0,0,23,0,322,0,1,79,60741,2331,0,24,0,0,0,LEADER,1,0,0,0,0,23
62767,75,adaptive-prasle,2025,1,0,0,23,0,322,0,1,75,60742,2025,0,24,0,0,0,LEADER,1,0,0,0,0,23
62494,81,adaptive-prasle,1752,1,0,0,23,0,322,0,1,81,60742,1752,0,24,0,0,0,LEADER,1,0,0,0,0,23
62352,52,adaptive-prasle,1610,1,0,0,23,0,322,0,1,52,60742,1610,0,24,0,0,0,LEADER,1,0,0,0,0,23
62830,21,adaptive-prasle,2088,1,0,0,23,0,322,0,1,21,60742,2088,0,24,0,0,0,LEADER,1,0,0,0,0,23
63007,29,adaptive-prasle,2265,1,0,0,23,0,322,0,1,29,60742,2265,0,24,0,0,0,LEADER,1,0,0,0,0,23
62583,100,adaptive-prasle,1841,1,0,0,23,0,322,0,1,100,60742,1841,0,24,0,0,0,LEADER,1,0,0,0,0,23
62428,61,adaptive-prasle,1686,1,0,0,23,0,322,0,1,61,60742,1686,0,24,0,0,0,LEADER,1,0,0,0,0,23
62992,91,adaptive-prasle,2250,1,0,0,23,0,322,0,1,91,60742,2250,0,24,0,0,0,LEADER,1,0,0,0,0,23
62952,37,adaptive-prasle,2210,1,0,0,23,0,322,0,1,37,60742,2210,0,24,0,0,0,LEADER,1,0,0,0,0,23
62497,38,adaptive-prasle,1755,1,0,0,23,0,322,0,1,38,60742,1755,0,24,0,0,0,LEADER,1,0,0,0,0,23
63161,98,adaptive-prasle,2419,1,0,0,23,0,322,0,1,98,60742,2419,0,24,0,0,0,LEADER,1,0,0,0,0,23
63020,27,adaptive-prasle,2280,1,0,0,23,0,322,0,1,27,60740,2280,0,24,0,0,0,LEADER,1,0,0,0,0,23
62870,62,adaptive-prasle,2128,1,0,0,23,0,322,0,1,62,60742,2128,0,24,0,0,0,LEADER,1,0,0,0,0,23
62679,56,adaptive-prasle,1937,1,0,0,23,0,322,0,1,56,60742,1937,0,24,0,0,0,LEADER,1,0,0,0,0,23
63067,99,adaptive-prasle,2328,1,0,0,23,0,322,0,1,99,60739,2328,0,24,0,0,0,LEADER,1,0,0,0,0,23
62944,48,adaptive-prasle,2202,1,0,0,23,0,322,0,1,48,60742,2202,0,24,0,0,0,LEADER,1,0,0,0,0,23
62461,71,adaptive-prasle,1719,1,0,0,23,0,322,0,1,71,60742,1719,0,24,0,0,0,LEADER,1,0,0,0,0,23
62686,87,adaptive-prasle,1944,1,0,0,23,0,322,0,1,87,60742,1944,0,24,0,0,0,LEADER,1,0,0,0,0,23
62612,36,adaptive-prasle,1870,1,0,0,23,0,322,0,1,36,60742,1870,0,24,0,0,0,LEADER,1,0,0,0,0,23
63108,77,adaptive-prasle,1446,1,0,0,23,0,322,0,1,77,61662,1446,0,24,0,0,0,LEADER,1,0,0,0,0,23
63299,83,adaptive-prasle,1637,1,0,0,23,0,322,0,1,83,61662,1637,0,24,0,0,0,LEADER,1,0,0,0,0,23
62801,85,adaptive-prasle,2059,1,0,0,23,0,322,0,1,85,60742,2059,0,24,0,0,0,LEADER,1,0,0,0,0,23
63329,19,adaptive-prasle,1667,1,0,0,23,0,322,0,1,19,61662,1667,0,24,0,0,0,LEADER,1,0,0,0,0,23
63484,65,adaptive-prasle,1822,1,0,0,23,0,322,0,1,65,61662,1822,0,24,0,0,0,LEADER,1,0,0,0,0,23
63082,16,adaptive-prasle,1805,1,0,0,8,8,112,112,2,6,61277,1805,0,3,0,0,0,NORMAL,0,0,0,0,0,8
63090,35,adaptive-prasle,1428,1,0,0,23,0,322,0,1,35,61662,1428,0,24,0,0,0,LEADER,1,0,0,0,0,23
63105,86,adaptive-prasle,1443,1,0,0,23,0,322,0,1,86,61662,1443,0,24,0,0,0,LEADER,1,0,0,0,0,23
63148,50,adaptive-prasle,2406,1,0,0,23,0,322,0,1,50,60742,2406,0,24,0,0,0,LEADER,1,0,0,0,0,23
63163,55,adaptive-prasle,1501,1,0,0,23,0,322,0,1,55,61662,1501,0,24,0,0,0,LEADER,1,0,0,0,0,23
63202,63,adaptive-prasle,1540,1,0,0,23,0,322,0,1,63,61662,1540,0,24,0,0,0,LEADER,1,0,0,0,0,23
63566,46,adaptive-prasle,1904,1,0,0,23,0,322,0,1,46,61662,1904,0,24,0,0,0,LEADER,1,0,0,0,0,23
63363,53,adaptive-prasle,1701,1,0,0,23,0,322,0,1,53,61662,1701,0,24,0,0,0,LEADER,1,0,0,0,0,23
62716,23,adaptive-prasle,1974,1,0,0,23,0,322,0,1,23,60742,1974,0,24,0,0,0,LEADER,1,0,0,0,0,23
63584,88,adaptive-prasle,1922,1,0,0,23,0,322,0,1,88,61662,1922,0,24,0,0,0,LEADER,1,0,0,0,0,23
63111,34,adaptive-prasle,1449,1,0,0,23,0,322,0,1,34,61662,1449,0,24,0,0,0,LEADER,1,0,0,0,0,23
62719,97,adaptive-prasle,1977,1,0,0,23,0,322,0,1,97,60742,1977,0,24,0,0,0,LEADER,1,0,0,0,0,23
62837,20,adaptive-prasle,2095,1,0,0,23,0,322,0,1,20,60742,2095,0,24,0,0,0,LEADER,1,0,0,0,0,23
62919,40,adaptive-prasle,2177,1,0,0,23,0,322,0,1,40,60742,2177,0,24,0,0,0,LEADER,1,0,0,0,0,23
62842,47,adaptive-prasle,2100,1,0,0,23,0,322,0,1,47,60742,2100,0,24,0,0,0,LEADER,1,0,0,0,0,23
63754,95,adaptive-prasle,2092,1,0,0,23,0,322,0,1,95,61662,2092,0,24,0,0,0,LEADER,1,0,0,0,0,23
63137,25,adaptive-prasle,2395,1,0,0,23,0,322,0,1,25,60742,2395,0,24,0,0,0,LEADER,1,0,0,0,0,23
63742,84,adaptive-prasle,2080,1,0,0,23,0,322,0,1,84,61662,2080,0,24,0,0,0,LEADER,1,0,0,0,0,23
63019,70,adaptive-prasle,2277,1,0,0,23,0,322,0,1,70,60742,2277,0,24,0,0,0,LEADER,1,0,0,0,0,23
62937,82,adaptive-prasle,2195,1,0,0,23,0,322,0,1,82,60742,2195,0,24,0,0,0,LEADER,1,0,0,0,0,23
63155,67,adaptive-prasle,2413,1,0,0,23,0,322,0,1,67,60742,2413,0,24,0,0,0,LEADER,1,0,0,0,0,23
63107,89,adaptive-prasle,2365,1,0,0,23,0,322,0,1,89,60742,2365,0,24,0,0,0,LEADER,1,0,0,0,0,23
63775,28,adaptive-prasle,2113,1,0,0,23,0,322,0,1,28,61662,2113,0,24,0,0,0,LEADER,1,0,0,0,0,23
63517,68,adaptive-prasle,1855,1,0,0,23,0,322,0,1,68,61662,1855,0,24,0,0,0,LEADER,1,0,0,0,0,23
63469,90,adaptive-prasle,1807,1,0,0,23,0,322,0,1,90,61662,1807,0,24,0,0,0,LEADER,1,0,0,0,0,23
63130,76,adaptive-prasle,1468,1,0,0,23,0,322,0,1,76,61662,1468,0,24,0,0,0,LEADER,1,0,0,0,0,23
63451,10,adaptive-prasle,1789,1,0,0,23,0,322,0,1,10,61662,1789,0,24,0,0,0,LEADER,1,0,0,0,0,23
63883,58,adaptive-prasle,2221,1,0,0,23,0,322,0,1,58,61662,2221,0,24,0,0,0,LEADER,1,0,0,0,0,23
63266,73,adaptive-prasle,1604,1,0,0,23,0,322,0,1,73,61662,1604,0,24,0,0,0,LEADER,1,0,0,0,0,23
63007,59,adaptive-prasle,2265,1,0,0,23,0,322,0,1,59,60742,2265,0,24,0,0,0,LEADER,1,0,0,0,0,23
63281,41,adaptive-prasle,1619,1,0,0,23,0,322,0,1,41,61662,1619,0,24,0,0,0,LEADER,1,0,0,0,0,23
63196,96,adaptive-prasle,1534,1,0,0,23,0,322,0,1,96,61662,1534,0,24,0,0,0,LEADER,1,0,0,0,0,23
63429,49,adaptive-prasle,1767,1,0,0,23,0,322,0,1,49,61662,1767,0,24,0,0,0,LEADER,1,0,0,0,0,23
63498,74,adaptive-prasle,1837,1,0,0,23,0,322,0,1,74,61661,1837,0,24,0,0,0,LEADER,1,0,0,0,0,23
63890,92,adaptive-prasle,2228,1,0,0,23,0,322,0,1,92,61662,2228,0,24,0,0,0,LEADER,1,0,0,0,0,23
63096,66,adaptive-prasle,1434,1,0,0,23,0,322,0,1,66,61662,1434,0,24,0,0,0,LEADER,1,0,0,0,0,23
63122,57,adaptive-prasle,2380,1,0,0,23,0,322,0,1,57,60742,2380,0,24,0,0,0,LEADER,1,0,0,0,0,23
63922,78,adaptive-prasle,2260,1,0,0,23,0,322,0,1,78,61662,2260,0,24,0,0,0,LEADER,1,0,0,0,0,23
63088,39,adaptive-prasle,2346,1,0,0,23,0,322,0,1,39,60742,2346,0,24,0,0,0,LEADER,1,0,0,0,0,23
63805,30,adaptive-prasle,2143,1,0,0,23,0,322,0,1,30,61662,2143,0,24,0,0,0,LEADER,1,0,0,0,0,23
63211,64,adaptive-prasle,1549,1,0,0,23,0,322,0,1,64,61662,1549,0,24,0,0,0,LEADER,1,0,0,0,0,23
63436,80,adaptive-prasle,1774,1,0,0,23,0,322,0,1,80,61662,1774,0,24,0,0,0,LEADER,1,0,0,0,0,23
63176,54,adaptive-prasle,1516,1,0,0,23,0,322,0,1,54,61660,1516,0,24,0,0,0,LEADER,1,0,0,0,0,23
63702,43,adaptive-prasle,2040,1,0,0,23,0,322,0,1,43,61662,2040,0,24,0,0,0,LEADER,1,0,0,0,0,23
63622,26,adaptive-prasle,1960,1,0,0,23,0,322,0,1,26,61662,1960,0,24,0,0,0,LEADER,1,0,0,0,0,23
63252,42,adaptive-prasle,1591,1,0,0,23,0,322,0,1,42,61661,1591,0,24,0,0,0,LEADER,1,0,0,0,0,23
63260,31,adaptive-prasle,1598,1,0,0,23,0,322,0,1,31,61662,1598,0,24,0,0,0,LEADER,1,0,0,0,0,23
64017,94,adaptive-prasle,2355,1,0,0,23,0,322,0,1,94,61662,2355,0,24,0,0,0,LEADER,1,0,0,0,0,23
63587,45,adaptive-prasle,1925,1,0,0,23,0,322,0,1,45,61662,1925,0,24,0,0,0,LEADER,1,0,0,0,0,23
63960,60,adaptive-prasle,2298,1,0,0,23,0,322,0,1,60,61662,2298,0,24,0,0,0,LEADER,1,0,0,0,0,23
64065,44,adaptive-prasle,1483,1,0,0,23,0,322,0,1,44,62582,1483,0,24,0,0,0,LEADER,1,0,0,0,0,23
63669,33,adaptive-prasle,2007,1,0,0,23,0,322,0,1,33,61662,2007,0,24,0,0,0,LEADER,1,0,0,0,0,23
63314,51,adaptive-prasle,1652,1,0,0,23,0,322,0,1,51,61662,1652,0,24,0,0,0,LEADER,1,0,0,0,0,23
64113,22,adaptive-prasle,1531,1,0,0,23,0,322,0,1,22,62582,1531,0,24,0,0,0,LEADER,1,0,0,0,0,23
63824,72,adaptive-prasle,2162,1,0,0,23,0,322,0,1,72,61662,2162,0,24,0,0,0,LEADER,1,0,0,0,0,23
63614,24,adaptive-prasle,1952,1,0,0,23,0,322,0,1,24,61662,1952,0,24,0,0,0,LEADER,1,0,0,0,0,23
64146,32,adaptive-prasle,1564,1,0,0,23,0,322,0,1,32,62582,1564,0,24,0,0,0,LEADER,1,0,0,0,0,23
63333,93,adaptive-prasle,1671,1,0,0,23,0,322,0,1,93,61662,1671,0,24,0,0,0,LEADER,1,0,0,0,0,23
64005,69,adaptive-prasle,2343,1,0,0,23,0,322,0,1,69,61662,2343,0,24,0,0,0,LEADER,1,0,0,0,0,23
63992,79,adaptive-prasle,2331,1,0,0,23,0,322,0,1,79,61661,2331,0,24,0,0,0,LEADER,1,0,0,0,0,23
63687,75,adaptive-prasle,2025,1,0,0,23,0,322,0,1,75,61662,2025,0,24,0,0,0,LEADER,1,0,0,0,0,23
63414,81,adaptive-prasle,1752,1,0,0,23,0,322,0,1,81,61662,1752,0,24,0,0,0,LEADER,1,0,0,0,0,23
63272,52,adaptive-prasle,1610,1,0,0,23,0,322,0,1,52,61662,1610,0,24,0,0,0,LEADER,1,0,0,0,0,23
63750,21,adaptive-prasle,2088,1,0,0,23,0,322,0,1,21,61662,2088,0,24,0,0,0,LEADER,1,0,0,0,0,23
63927,29,adaptive-prasle,2265,1,0,0,23,0,322,0,1,29,61662,2265,0,24,0,0,0,LEADER,1,0,0,0,0,23
63503,100,adaptive-prasle,1841,1,0,0,23,0,322,0,1,100,61662,1841,0,24,0,0,0,LEADER,1,0,0,0,0,23
63348,61,adaptive-prasle,1686,1,0,0,23,0,322,0,1,61,61662,1686,0,24,0,0,0,LEADER,1,0,0,0,0,23
63912,91,adaptive-prasle,2250,1,0,0,23,0,322,0,1,91,61662,2250,0,24,0,0,0,LEADER,1,0,0,0,0,23
63872,37,adaptive-prasle,2210,1,0,0,23,0,322,0,1,37,61662,2210,0,24,0,0,0,LEADER,1,0,0,0,0,23
63417,38,adaptive-prasle,1755,1,0,0,23,0,322,0,1,38,61662,1755,0,24,0,0,0,LEADER,1,0,0,0,0,23
64014,2,adaptive-prasle,1819,1,0,0,5,10,70,140,1,1,62195,1819,0,4,0,0,0,NORMAL,0,0,0,0,0,5
64081,98,adaptive-prasle,2419,1,0,0,23,0,322,0,1,98,61662,2419,0,24,0,0,0,LEADER,1,0,0,0,0,23
63940,27,adaptive-prasle,2280,1,0,0,23,0,322,0,1,27,61660,2280,0,24,0,0,0,LEADER,1,0,0,0,0,23
63790,62,adaptive-prasle,2128,1,0,0,23,0,322,0,1,62,61662,2128,0,24,0,0,0,LEADER,1,0,0,0,0,23
63599,56,adaptive-prasle,1937,1,0,0,23,0,322,0,1,56,61662,1937,0,24,0,0,0,LEADER,1,0,0,0,0,23
63987,99,adaptive-prasle,2328,1,0,0,23,0,322,0,1,99,61659,2328,0,24,0,0,0,LEADER,1,0,0,0,0,23
63864,48,adaptive-prasle,2202,1,0,0,23,0,322,0,1,48,61662,2202,0,24,0,0,0,LEADER,1,0,0,0,0,23
63381,71,adaptive-prasle,1719,1,0,0,23,0,322,0,1,71,61662,1719,0,24,0,0,0,LEADER,1,0,0,0,0,23
63606,87,adaptive-prasle,1944,1,0,0,23,0,322,0,1,87,61662,1944,0,24,0,0,0,LEADER,1,0,0,0,0,23
63532,36,adaptive-prasle,1870,1,0,0,23,0,322,0,1,36,61662,1870,0,24,0,0,0,LEADER,1,0,0,0,0,23
64028,77,adaptive-prasle,1446,1,0,0,23,0,322,0,1,77,62582,1446,0,24,0,0,0,LEADER,1,0,0,0,0,23
64219,83,adaptive-prasle,1637,1,0,0,23,0,322,0,1,83,62582,1637,0,24,0,0,0,LEADER,1,0,0,0,0,23
63721,85,adaptive-prasle,2059,1,0,0,23,0,322,0,1,85,61662,2059,0,24,0,0,0,LEADER,1,0,0,0,0,23
64249,19,adaptive-prasle,1667,1,0,0,23,0,322,0,1,19,62582,1667,0,24,0,0,0,LEADER,1,0,0,0,0,23
64404,65,adaptive-prasle,1822,1,0,0,23,0,322,0,1,65,62582,1822,0,24,0,0,0,LEADER,1,0,0,0,0,23
64010,35,adaptive-prasle,1428,1,0,0,23,0,322,0,1,35,62582,1428,0,24,0,0,0,LEADER,1,0,0,0,0,23
64025,86,adaptive-prasle,1443,1,0,0,23,0,322,0,1,86,62582,1443,0,24,0,0,0,LEADER,1,0,0,0,0,23
64068,50,adaptive-prasle,2406,1,0,0,23,0,322,0,1,50,61662,2406,0,24,0,0,0,LEADER,1,0,0,0,0,23
64083,55,adaptive-prasle,1501,1,0,0,23,0,322,0,1,55,62582,1501,0,24,0,0,0,LEADER,1,0,0,0,0,23
64122,63,adaptive-prasle,1540,1,0,0,23,0,322,0,1,63,62582,1540,0,24,0,0,0,LEADER,1,0,0,0,0,23
64486,46,adaptive-prasle,1904,1,0,0,23,0,322,0,1,46,62582,1904,0,24,0,0,0,LEADER,1,0,0,0,0,23
64283,53,adaptive-prasle,1701,1,0,0,23,0,322,0,1,53,62582,1701,0,24,0,0,0,LEADER,1,0,0,0,0,23
63636,23,adaptive-prasle,1974,1,0,0,23,0,322,0,1,23,61662,1974,0,24,0,0,0,LEADER,1,0,0,0,0,23
64532,1,adaptive-prasle,2022,1,0,0,4,5,56,70,1,1,62510,2022,0,5,0,0,0,LEADER,1,0,0,0,0,4
64504,88,adaptive-prasle,1922,1,0,0,23,0,322,0,1,88,62582,1922,0,24,0,0,0,LEADER,1,0,0,0,0,23
64031,34,adaptive-prasle,1449,1,0,0,23,0,322,0,1,34,62582,1449,0,24,0,0,0,LEADER,1,0,0,0,0,23
63639,97,adaptive-prasle,1977,1,0,0,23,0,322,0,1,97,61662,1977,0,24,0,0,0,LEADER,1,0,0,0,0,23
63757,20,adaptive-prasle,2095,1,0,0,23,0,322,0,1,20,61662,2095,0,24,0,0,0,LEADER,1,0,0,0,0,23
63839,40,adaptive-prasle,2177,1,0,0,23,0,322,0,1,40,61662,2177,0,24,0,0,0,LEADER,1,0,0,0,0,23
63762,47,adaptive-prasle,2100,1,0,0,23,0,322,0,1,47,61662,2100,0,24,0,0,0,LEADER,1,0,0,0,0,23
64674,95,adaptive-prasle,2092,1,0,0,23,0,322,0,1,95,62582,2092,0,24,0,0,0,LEADER,1,0,0,0,0,23
64057,25,adaptive-prasle,2395,1,0,0,23,0,322,0,1,25,61662,2395,0,24,0,0,0,LEADER,1,0,0,0,0,23
64662,84,adaptive-prasle,2080,1,0,0,23,0,322,0,1,84,62582,2080,0,24,0,0,0,LEADER,1,0,0,0,0,23
63939,70,adaptive-prasle,2277,1,0,0,23,0,322,0,1,70,61662,2277,0,24,0,0,0,LEADER,1,0,0,0,0,23
63857,82,adaptive-prasle,2195,1,0,0,23,0,322,0,1,82,61662,2195,0,24,0,0,0,LEADER,1,0,0,0,0,23
64075,67,adaptive-prasle,2413,1,0,0,23,0,322,0,1,67,61662,2413,0,24,0,0,0,LEADER,1,0,0,0,0,23
64027,89,adaptive-prasle,2365,1,0,0,23,0,322,0,1,89,61662,2365,0,24,0,0,0,LEADER,1,0,0,0,0,23
64695,28,adaptive-prasle,2113,1,0,0,23,0,322,0,1,28,62582,2113,0,24,0,0,0,LEADER,1,0,0,0,0,23
64437,68,adaptive-prasle,1855,1,0,0,23,0,322,0,1,68,62582,1855,0,24,0,0,0,LEADER,1,0,0,0,0,23
64389,90,adaptive-prasle,1807,1,0,0,23,0,322,0,1,90,62582,1807,0,24,0,0,0,LEADER,1,0,0,0,0,23
64050,76,adaptive-prasle,1468,1,0,0,23,0,322,0,1,76,62582,1468,0,24,0,0,0,LEADER,1,0,0,0,0,23
64371,10,adaptive-prasle,1789,1,0,0,23,0,322,0,1,10,62582,1789,0,24,0,0,0,LEADER,1,0,0,0,0,23
64803,58,adaptive-prasle,2221,1,0,0,23,0,322,0,1,58,62582,2221,0,24,0,0,0,LEADER,1,0,0,0,0,23
64186,73,adaptive-prasle,1604,1,0,0,23,0,322,0,1,73,62582,1604,0,24,0,0,0,LEADER,1,0,0,0,0,23
63927,59,adaptive-prasle,2265,1,0,0,23,0,322,0,1,59,61662,2265,0,24,0,0,0,LEADER,1,0,0,0,0,23
64201,41,adaptive-prasle,1619,1,0,0,23,0,322,0,1,41,62582,1619,0,24,0,0,0,LEADER,1,0,0,0,0,23
64116,96,adaptive-prasle,1534,1,0,0,23,0,322,0,1,96,62582,1534,0,24,0,0,0,LEADER,1,0,0,0,0,23
64349,49,adaptive-prasle,1767,1,0,0,23,0,322,0,1,49,62582,1767,0,24,0,0,0,LEADER,1,0,0,0,0,23
64418,74,adaptive-prasle,1837,1,0,0,23,0,322,0,1,74,62581,1837,0,24,0,0,0,LEADER,1,0,0,0,0,23
64810,92,adaptive-prasle,2228,1,0,0,23,0,322,0,1,92,62582,2228,0,24,0,0,0,LEADER,1,0,0,0,0,23
64016,66,adaptive-prasle,1434,1,0,0,23,0,322,0,1,66,62582,1434,0,24,0,0,0,LEADER,1,0,0,0,0,23
64042,57,adaptive-prasle,2380,1,0,0,23,0,322,0,1,57,61662,2380,0,24,0,0,0,LEADER,1,0,0,0,0,23
64842,78,adaptive-prasle,2260,1,0,0,23,0,322,0,1,78,62582,2260,0,24,0,0,0,LEADER,1,0,0,0,0,23
64008,39,adaptive-prasle,2346,1,0,0,23,0,322,0,1,39,61662,2346,0,24,0,0,0,LEADER,1,0,0,0,0,23
64725,30,adaptive-prasle,2143,1,0,0,23,0,322,0,1,30,62582,2143,0,24,0,0,0,LEADER,1,0,0,0,0,23
64131,64,adaptive-prasle,1549,1,0,0,23,0,322,0,1,64,62582,1549,0,24,0,0,0,LEADER,1,0,0,0,0,23
64356,80,adaptive-prasle,1774,1,0,0,23,0,322,0,1,80,62582,1774,0,24,0,0,0,LEADER,1,0,0,0,0,23
64096,54,adaptive-prasle,1516,1,0,0,23,0,322,0,1,54,62580,1516,0,24,0,0,0,LEADER,1,0,0,0,0,23
64622,43,adaptive-prasle,2040,1,0,0,23,0,322,0,1,43,62582,2040,0,24,0,0,0,LEADER,1,0,0,0,0,23
64542,26,adaptive-prasle,1960,1,0,0,23,0,322,0,1,26,62582,1960,0,24,0,0,0,LEADER,1,0,0,0,0,23
64172,42,adaptive-prasle,1591,1,0,0,23,0,322,0,1,42,62581,1591,0,24,0,0,0,LEADER,1,0,0,0,0,23
64180,31,adaptive-prasle,1598,1,0,0,23,0,322,0,1,31,62582,1598,0,24,0,0,0,LEADER,1,0,0,0,0,23
64937,94,adaptive-prasle,2355,1,0,0,23,0,322,0,1,94,62582,2355,0,24,0,0,0,LEADER,1,0,0,0,0,23
64507,45,adaptive-prasle,1925,1,0,0,23,0,322,0,1,45,62582,1925,0,24,0,0,0,LEADER,1,0,0,0,0,23
64880,60,adaptive-prasle,2298,1,0,0,23,0,322,0,1,60,62582,2298,0,24,0,0,0,LEADER,1,0,0,0,0,23
64986,44,adaptive-prasle,1483,1,0,0,24,0,336,0,1,44,63503,1483,0,25,0,0,0,LEADER,1,0,0,0,0,24
64589,33,adaptive-prasle,2007,1,0,0,23,0,322,0,1,33,62582,2007,0,24,0,0,0,LEADER,1,0,0,0,0,23
64234,51,adaptive-prasle,1652,1,0,0,23,0,322,0,1,51,62582,1652,0,24,0,0,0,LEADER,1,0,0,0,0,23
64744,72,adaptive-prasle,2162,1,0,0,23,0,322,0,1,72,62582,2162,0,24,0,0,0,LEADER,1,0,0,0,0,23
65034,22,adaptive-prasle,1531,1,0,0,24,0,336,0,1,22,63503,1531,0,25,0,0,0,LEADER,1,0,0,0,0,24
64534,24,adaptive-prasle,1952,1,0,0,23,0,322,0,1,24,62582,1952,0,24,0,0,0,LEADER,1,0,0,0,0,23
65067,32,adaptive-prasle,1564,1,0,0,24,0,336,0,1,32,63503,1564,0,25,0,0,0,LEADER,1,0,0,0,0,24
64253,93,adaptive-prasle,1671,1,0,0,23,0,322,0,1,93,62582,1671,0,24,0,0,0,LEADER,1,0,0,0,0,23
64925,69,adaptive-prasle,2343,1,0,0,23,0,322,0,1,69,62582,2343,0,24,0,0,0,LEADER,1,0,0,0,0,23
64912,79,adaptive-prasle,2331,1,0,0,23,0,322,0,1,79,62581,2331,0,24,0,0,0,LEADER,1,0,0,0,0,23
64607,75,adaptive-prasle,2025,1,0,0,23,0,322,0,1,75,62582,2025,0,24,0,0,0,LEADER,1,0,0,0,0,23
64334,81,adaptive-prasle,1752,1,0,0,23,0,322,0,1,81,62582,1752,0,24,0,0,0,LEADER,1,0,0,0,0,23
64192,52,adaptive-prasle,1610,1,0,0,23,0,322,0,1,52,62582,1610,0,24,0,0,0,LEADER,1,0,0,0,0,23
64670,21,adaptive-prasle,2088,1,0,0,23,0,322,0,1,21,62582,2088,0,24,0,0,0,LEADER,1,0,0,0,0,23
64847,29,adaptive-prasle,2265,1,0,0,23,0,322,0,1,29,62582,2265,0,24,0,0,0,LEADER,1,0,0,0,0,23
64423,100,adaptive-prasle,1841,1,0,0,23,0,322,0,1,100,62582,1841,0,24,0,0,0,LEADER,1,0,0,0,0,23
64268,61,adaptive-prasle,1686,1,0,0,23,0,322,0,1,61,62582,1686,0,24,0,0,0,LEADER,1,0,0,0,0,23
64832,91,adaptive-prasle,2250,1,0,0,23,0,322,0,1,91,62582,2250,0,24,0,0,0,LEADER,1,0,0,0,0,23
64792,37,adaptive-prasle,2210,1,0,0,23,0,322,0,1,37,62582,2210,0,24,0,0,0,LEADER,1,0,0,0,0,23
64337,38,adaptive-prasle,1755,1,0,0,23,0,322,0,1,38,62582,1755,0,24,0,0,0,LEADER,1,0,0,0,0,23
65001,98,adaptive-prasle,2419,1,0,0,23,0,322,0,1,98,62582,2419,0,24,0,0,0,LEADER,1,0,0,0,0,23
64860,27,adaptive-prasle,2280,1,0,0,23,0,322,0,1,27,62580,2280,0,24,0,0,0,LEADER,1,0,0,0,0,23
64710,62,adaptive-prasle,2128,1,0,0,23,0,322,0,1,62,62582,2128,0,24,0,0,0,LEADER,1,0,0,0,0,23
64519,56,adaptive-prasle,1937,1,0,0,23,0,322,0,1,56,62582,1937,0,24,0,0,0,LEADER,1,0,0,0,0,23
64907,99,adaptive-prasle,2328,1,0,0,23,0,322,0,1,99,62579,2328,0,24,0,0,0,LEADER,1,0,0,0,0,23
64784,48,adaptive-prasle,2202,1,0,0,23,0,322,0,1,48,62582,2202,0,24,0,0,0,LEADER,1,0,0,0,0,23
64301,71,adaptive-prasle,1719,1,0,0,23,0,322,0,1,71,62582,1719,0,24,0,0,0,LEADER,1,0,0,0,0,23
64526,87,adaptive-prasle,1944,1,0,0,23,0,322,0,1,87,62582,1944,0,24,0,0,0,LEADER,1,0,0,0,0,23
64452,36,adaptive-prasle,1870,1,0,0,23,0,322,0,1,36,62582,1870,0,24,0,0,0,LEADER,1,0,0,0,0,23
64949,77,adaptive-prasle,1446,1,0,0,24,0,336,0,1,77,63503,1446,0,25,0,0,0,LEADER,1,0,0,0,0,24
65140,83,adaptive-prasle,1637,1,0,0,24,0,336,0,1,83,63503,1637,0,25,0,0,0,LEADER,1,0,0,0,0,24
64641,85,adaptive-prasle,2059,1,0,0,23,0,322,0,1,85,62582,2059,0,24,0,0,0,LEADER,1,0,0,0,0,23
65170,19,adaptive-prasle,1667,1,0,0,24,0,336,0,1,19,63503,1667,0,25,0,0,0,LEADER,1,0,0,0,0,24
65325,65,adaptive-prasle,1822,1,0,0,24,0,336,0,1,65,63503,1822,0,25,0,0,0,LEADER,1,0,0,0,0,24
64931,35,adaptive-prasle,1428,1,0,0,24,0,336,0,1,35,63503,1428,0,25,0,0,0,LEADER,1,0,0,0,0,24
64946,86,adaptive-prasle,1443,1,0,0,24,0,336,0,1,86,63503,1443,0,25,0,0,0,LEADER,1,0,0,0,0,24
64988,50,adaptive-prasle,2406,1,0,0,23,0,322,0,1,50,62582,2406,0,24,0,0,0,LEADER,1,0,0,0,0,23
65004,55,adaptive-prasle,1501,1,0,0,24,0,336,0,1,55,63503,1501,0,25,0,0,0,LEADER,1,0,0,0,0,24
65043,63,adaptive-prasle,1540,1,0,0,24,0,336,0,1,63,63503,1540,0,25,0,0,0,LEADER,1,0,0,0,0,24
65407,46,adaptive-prasle,1904,1,0,0,24,0,336,0,1,46,63503,1904,0,25,0,0,0,LEADER,1,0,0,0,0,24
65204,53,adaptive-prasle,1701,1,0,0,24,0,336,0,1,53,63503,1701,0,25,0,0,0,LEADER,1,0,0,0,0,24
64556,23,adaptive-prasle,1974,1,0,0,23,0,322,0,1,23,62582,1974,0,24,0,0,0,LEADER,1,0,0,0,0,23
65425,88,adaptive-prasle,1922,1,0,0,24,0,336,0,1,88,63503,1922,0,25,0,0,0,LEADER,1,0,0,0,0,24
64952,34,adaptive-prasle,1449,1,0,0,24,0,336,0,1,34,63503,1449,0,25,0,0,0,LEADER,1,0,0,0,0,24
64559,97,adaptive-prasle,1977,1,0,0,23,0,322,0,1,97,62582,1977,0,24,0,0,0,LEADER,1,0,0,0,0,23
64677,20,adaptive-prasle,2095,1,0,0,23,0,322,0,1,20,62582,2095,0,24,0,0,0,LEADER,1,0,0,0,0,23
64759,40,adaptive-prasle,2177,1,0,0,23,0,322,0,1,40,62582,2177,0,24,0,0,0,LEADER,1,0,0,0,0,23
64682,47,adaptive-prasle,2100,1,0,0,23,0,322,0,1,47,62582,2100,0,24,0,0,0,LEADER,1,0,0,0,0,23
65595,95,adaptive-prasle,2092,1,0,0,24,0,336,0,1,95,63503,2092,0,25,0,0,0,LEADER,1,0,0,0,0,24
64977,25,adaptive-prasle,2395,1,0,0,23,0,322,0,1,25,62582,2395,0,24,0,0,0,LEADER,1,0,0,0,0,23
65583,84,adaptive-prasle,2080,1,0,0,24,0,336,0,1,84,63503,2080,0,25,0,0,0,LEADER,1,0,0,0,0,24
64859,70,adaptive-prasle,2277,1,0,0,23,0,322,0,1,70,62582,2277,0,24,0,0,0,LEADER,1,0,0,0,0,23
64777,82,adaptive-prasle,2195,1,0,0,23,0,322,0,1,82,62582,2195,0,24,0,0,0,LEADER,1,0,0,0,0,23
64995,67,adaptive-prasle,2413,1,0,0,23,0,322,0,1,67,62582,2413,0,24,0,0,0,LEADER,1,0,0,0,0,23
64947,89,adaptive-prasle,2365,1,0,0,23,0,322,0,1,89,62582,2365,0,24,0,0,0,LEADER,1,0,0,0,0,23
65616,28,adaptive-prasle,2113,1,0,0,24,0,336,0,1,28,63503,2113,0,25,0,0,0,LEADER,1,0,0,0,0,24
65358,68,adaptive-prasle,1855,1,0,0,24,0,336,0,1,68,63503,1855,0,25,0,0,0,LEADER,1,0,0,0,0,24
65310,90,adaptive-prasle,1807,1,0,0,24,0,336,0,1,90,63503,1807,0,25,0,0,0,LEADER,1,0,0,0,0,24
64971,76,adaptive-prasle,1468,1,0,0,24,0,336,0,1,76,63503,1468,0,25,0,0,0,LEADER,1,0,0,0,0,24
65292,10,adaptive-prasle,1789,1,0,0,24,0,336,0,1,10,63503,1789,0,25,0,0,0,LEADER,1,0,0,0,0,24
65724,58,adaptive-prasle,2221,1,0,0,24,0,336,0,1,58,63503,2221,0,25,0,0,0,LEADER,1,0,0,0,0,24
65107,73,adaptive-prasle,1604,1,0,0,24,0,336,0,1,73,63503,1604,0,25,0,0,0,LEADER,1,0,0,0,0,24
64847,59,adaptive-prasle,2265,1,0,0,23,0,322,0,1,59,62582,2265,0,24,0,0,0,LEADER,1,0,0,0,0,23
65122,41,adaptive-prasle,1619,1,0,0,24,0,336,0,1,41,63503,1619,0,25,0,0,0,LEADER,1,0,0,0,0,24
65037,96,adaptive-prasle,1534,1,0,0,24,0,336,0,1,96,63503,1534,0,25,0,0,0,LEADER,1,0,0,0,0,24
65270,49,adaptive-prasle,1767,1,0,0,24,0,336,0,1,49,63503,1767,0,25,0,0,0,LEADER,1,0,0,0,0,24
65339,74,adaptive-prasle,1837,1,0,0,24,0,336,0,1,74,63502,1837,0,25,0,0,0,LEADER,1,0,0,0,0,24
65731,92,adaptive-prasle,2228,1,0,0,24,0,336,0,1,92,63503,2228,0,25,0,0,0,LEADER,1,0,0,0,0,24
64937,66,adaptive-prasle,1434,1,0,0,24,0,336,0,1,66,63503,1434,0,25,0,0,0,LEADER,1,0,0,0,0,24
64962,57,adaptive-prasle,2380,1,0,0,23,0,322,0,1,57,62582,2380,0,24,0,0,0,LEADER,1,0,0,0,0,23
65763,78,adaptive-prasle,2260,1,0,0,24,0,336,0,1,78,63503,2260,0,25,0,0,0,LEADER,1,0,0,0,0,24
64928,39,adaptive-prasle,2346,1,0,0,23,0,322,0,1,39,62582,2346,0,24,0,0,0,LEADER,1,0,0,0,0,23
65646,30,adaptive-prasle,2143,1,0,0,24,0,336,0,1,30,63503,2143,0,25,0,0,0,LEADER,1,0,0,0,0,24
65052,64,adaptive-prasle,1549,1,0,0,24,0,336,0,1,64,63503,1549,0,25,0,0,0,LEADER,1,0,0,0,0,24
65277,80,adaptive-prasle,1774,1,0,0,24,0,336,0,1,80,63503,1774,0,25,0,0,0,LEADER,1,0,0,0,0,24
65017,54,adaptive-prasle,1516,1,0,0,24,0,336,0,1,54,63501,1516,0,25,0,0,0,LEADER,1,0,0,0,0,24
65543,43,adaptive-prasle,2040,1,0,0,24,0,336,0,1,43,63503,2040,0,25,0,0,0,LEADER,1,0,0,0,0,24
65463,26,adaptive-prasle,1960,1,0,0,24,0,336,0,1,26,63503,1960,0,25,0,0,0,LEADER,1,0,0,0,0,24
65093,42,adaptive-prasle,1591,1,0,0,24,0,336,0,1,42,63502,1591,0,25,0,0,0,LEADER,1,0,0,0,0,24
65101,31,adaptive-prasle,1598,1,0,0,24,0,336,0,1,31,63503,1598,0,25,0,0,0,LEADER,1,0,0,0,0,24
65858,94,adaptive-prasle,2355,1,0,0,24,0,336,0,1,94,63503,2355,0,25,0,0,0,LEADER,1,0,0,0,0,24
65428,45,adaptive-prasle,1925,1,0,0,24,0,336,0,1,45,63503,1925,0,25,0,0,0,LEADER,1,0,0,0,0,24
65801,60,adaptive-prasle,2298,1,0,0,24,0,336,0,1,60,63503,2298,0,25,0,0,0,LEADER,1,0,0,0,0,24
65906,44,adaptive-prasle,1483,1,0,0,24,0,336,0,1,44,64423,1483,0,25,0,0,0,LEADER,1,0,0,0,0,24
65510,33,adaptive-prasle,2007,1,0,0,24,0,336,0,1,33,63503,2007,0,25,0,0,0,LEADER,1,0,0,0,0,24
65155,51,adaptive-prasle,1652,1,0,0,24,0,336,0,1,51,63503,1652,0,25,0,0,0,LEADER,1,0,0,0,0,24
65954,22,adaptive-prasle,1531,1,0,0,24,0,336,0,1,22,64423,1531,0,25,0,0,0,LEADER,1,0,0,0,0,24
65665,72,adaptive-prasle,2162,1,0,0,24,0,336,0,1,72,63503,2162,0,25,0,0,0,LEADER,1,0,0,0,0,24
65455,24,adaptive-prasle,1952,1,0,0,24,0,336,0,1,24,63503,1952,0,25,0,0,0,LEADER,1,0,0,0,0,24
65987,32,adaptive-prasle,1564,1,0,0,24,0,336,0,1,32,64423,1564,0,25,0,0,0,LEADER,1,0,0,0,0,24
65174,93,adaptive-prasle,1671,1,0,0,24,0,336,0,1,93,63503,1671,0,25,0,0,0,LEADER,1,0,0,0,0,24
65846,69,adaptive-prasle,2343,1,0,0,24,0,336,0,1,69,63503,2343,0,25,0,0,0,LEADER,1,0,0,0,0,24
65833,79,adaptive-prasle,2331,1,0,0,24,0,336,0,1,79,63502,2331,0,25,0,0,0,LEADER,1,0,0,0,0,24
65528,75,adaptive-prasle,2025,1,0,0,24,0,336,0,1,75,63503,2025,0,25,0,0,0,LEADER,1,0,0,0,0,24
65255,81,adaptive-prasle,1752,1,0,0,24,0,336,0,1,81,63503,1752,0,25,0,0,0,LEADER,1,0,0,0,0,24
65113,52,adaptive-prasle,1610,1,0,0,24,0,336,0,1,52,63503,1610,0,25,0,0,0,LEADER,1,0,0,0,0,24
65768,29,adaptive-prasle,2265,1,0,0,24,0,336,0,1,29,63503,2265,0,25,0,0,0,LEADER,1,0,0,0,0,24
65592,21,adaptive-prasle,2088,1,0,0,24,0,336,0,1,21,63504,2088,0,25,0,0,0,LEADER,1,0,0,0,0,24
65344,100,adaptive-prasle,1841,1,0,0,24,0,336,0,1,100,63503,1841,0,25,0,0,0,LEADER,1,0,0,0,0,24
65189,61,adaptive-prasle,1686,1,0,0,24,0,336,0,1,61,63503,1686,0,25,0,0,0,LEADER,1,0,0,0,0,24
65282,3,adaptive-prasle,1603,1,0,0,6,12,84,168,2,3,63679,1603,0,5,0,0,0,LEADER,1,0,0,0,0,6
65753,91,adaptive-prasle,2250,1,0,0,24,0,336,0,1,91,63503,2250,0,25,0,0,0,LEADER,1,0,0,0,0,24
65713,37,adaptive-prasle,2210,1,0,0,24,0,336,0,1,37,63503,2210,0,25,0,0,0,LEADER,1,0,0,0,0,24
65258,38,adaptive-prasle,1755,1,0,0,24,0,336,0,1,38,63503,1755,0,25,0,0,0,LEADER,1,0,0,0,0,24
65922,98,adaptive-prasle,2419,1,0,0,24,0,336,0,1,98,63503,2419,0,25,0,0,0,LEADER,1,0,0,0,0,24
65781,27,adaptive-prasle,2280,1,0,0,24,0,336,0,1,27,63501,2280,0,25,0,0,0,LEADER,1,0,0,0,0,24
65631,62,adaptive-prasle,2128,1,0,0,24,0,336,0,1,62,63503,2128,0,25,0,0,0,LEADER,1,0,0,0,0,24
65440,56,adaptive-prasle,1937,1,0,0,24,0,336,0,1,56,63503,1937,0,25,0,0,0,LEADER,1,0,0,0,0,24
65828,99,adaptive-prasle,2328,1,0,0,24,0,336,0,1,99,63500,2328,0,25,0,0,0,LEADER,1,0,0,0,0,24
65705,48,adaptive-prasle,2202,1,0,0,24,0,336,0,1,48,63503,2202,0,25,0,0,0,LEADER,1,0,0,0,0,24
65222,71,adaptive-prasle,1719,1,0,0,24,0,336,0,1,71,63503,1719,0,25,0,0,0,LEADER,1,0,0,0,0,24
65625,4,adaptive-prasle,2030,1,0,0,7,14,98,196,4,1,63595,2030,0,5,0,0,0,NORMAL,0,0,0,0,0,7
65447,87,adaptive-prasle,1944,1,0,0,24,0,336,0,1,87,63503,1944,0,25,0,0,0,LEADER,1,0,0,0,0,24
65373,36,adaptive-prasle,1870,1,0,0,24,0,336,0,1,36,63503,1870,0,25,0,0,0,LEADER,1,0,0,0,0,24
65869,77,adaptive-prasle,1446,1,0,0,24,0,336,0,1,77,64423,1446,0,25,0,0,0,LEADER,1,0,0,0,0,24
66060,83,adaptive-prasle,1637,1,0,0,24,0,336,0,1,83,64423,1637,0,25,0,0,0,LEADER,1,0,0,0,0,24
65562,85,adaptive-prasle,2059,1,0,0,24,0,336,0,1,85,63503,2059,0,25,0,0,0,LEADER,1,0,0,0,0,24
66090,19,adaptive-prasle,1667,1,0,0,24,0,336,0,1,19,64423,1667,0,25,0,0,0,LEADER,1,0,0,0,0,24
66245,65,adaptive-prasle,1822,1,0,0,24,0,336,0,1,65,64423,1822,0,25,0,0,0,LEADER,1,0,0,0,0,24
65851,35,adaptive-prasle,1428,1,0,0,24,0,336,0,1,35,64423,1428,0,25,0,0,0,LEADER,1,0,0,0,0,24
65866,86,adaptive-prasle,1443,1,0,0,24,0,336,0,1,86,64423,1443,0,25,0,0,0,LEADER,1,0,0,0,0,24
65909,50,adaptive-prasle,2406,1,0,0,24,0,336,0,1,50,63503,2406,0,25,0,0,0,LEADER,1,0,0,0,0,24
65924,55,adaptive-prasle,1501,1,0,0,24,0,336,0,1,55,64423,1501,0,25,0,0,0,LEADER,1,0,0,0,0,24
65963,63,adaptive-prasle,1540,1,0,0,24,0,336,0,1,63,64423,1540,0,25,0,0,0,LEADER,1,0,0,0,0,24
66327,46,adaptive-prasle,1904,1,0,0,24,0,336,0,1,46,64423,1904,0,25,0,0,0,LEADER,1,0,0,0,0,24
66124,53,adaptive-prasle,1701,1,0,0,24,0,336,0,1,53,64423,1701,0,25,0,0,0,LEADER,1,0,0,0,0,24
65477,23,adaptive-prasle,1974,1,0,0,24,0,336,0,1,23,63503,1974,0,25,0,0,0,LEADER,1,0,0,0,0,24
66345,88,adaptive-prasle,1922,1,0,0,24,0,336,0,1,88,64423,1922,0,25,0,0,0,LEADER,1,0,0,0,0,24
65872,34,adaptive-prasle,1449,1,0,0,24,0,336,0,1,34,64423,1449,0,25,0,0,0,LEADER,1,0,0,0,0,24
65480,97,adaptive-prasle,1977,1,0,0,24,0,336,0,1,97,63503,1977,0,25,0,0,0,LEADER,1,0,0,0,0,24
65598,20,adaptive-prasle,2095,1,0,0,24,0,336,0,1,20,63503,2095,0,25,0,0,0,LEADER,1,0,0,0,0,24
65680,40,adaptive-prasle,2177,1,0,0,24,0,336,0,1,40,63503,2177,0,25,0,0,0,LEADER,1,0,0,0,0,24
65603,47,adaptive-prasle,2100,1,0,0,24,0,336,0,1,47,63503,2100,0,25,0,0,0,LEADER,1,0,0,0,0,24
66515,95,adaptive-prasle,2092,1,0,0,24,0,336,0,1,95,64423,2092,0,25,0,0,0,LEADER,1,0,0,0,0,24
65898,25,adaptive-prasle,2395,1,0,0,24,0,336,0,1,25,63503,2395,0,25,0,0,0,LEADER,1,0,0,0,0,24
66503,84,adaptive-prasle,2080,1,0,0,24,0,336,0,1,84,64423,2080,0,25,0,0,0,LEADER,1,0,0,0,0,24
65780,70,adaptive-prasle,2277,1,0,0,24,0,336,0,1,70,63503,2277,0,25,0,0,0,LEADER,1,0,0,0,0,24
65698,82,adaptive-prasle,2195,1,0,0,24,0,336,0,1,82,63503,2195,0,25,0,0,0,LEADER,1,0,0,0,0,24
65916,67,adaptive-prasle,2413,1,0,0,24,0,336,0,1,67,63503,2413,0,25,0,0,0,LEADER,1,0,0,0,0,24
65868,89,adaptive-prasle,2365,1,0,0,24,0,336,0,1,89,63503,2365,0,25,0,0,0,LEADER,1,0,0,0,0,24
66536,28,adaptive-prasle,2113,1,0,0,24,0,336,0,1,28,64423,2113,0,25,0,0,0,LEADER,1,0,0,0,0,24
66278,68,adaptive-prasle,1855,1,0,0,24,0,336,0,1,68,64423,1855,0,25,0,0,0,LEADER,1,0,0,0,0,24
66543,9,adaptive-prasle,1889,1,0,0,11,8,154,112,3,3,64654,1889,0,4,0,0,0,NORMAL,0,0,0,0,0,11
66230,90,adaptive-prasle,1807,1,0,0,24,0,336,0,1,90,64423,1807,0,25,0,0,0,LEADER,1,0,0,0,0,24
65891,76,adaptive-prasle,1468,1,0,0,24,0,336,0,1,76,64423,1468,0,25,0,0,0,LEADER,1,0,0,0,0,24
66212,10,adaptive-prasle,1789,1,0,0,24,0,336,0,1,10,64423,1789,0,25,0,0,0,LEADER,1,0,0,0,0,24
66644,58,adaptive-prasle,2221,1,0,0,24,0,336,0,1,58,64423,2221,0,25,0,0,0,LEADER,1,0,0,0,0,24
66027,73,adaptive-prasle,1604,1,0,0,24,0,336,0,1,73,64423,1604,0,25,0,0,0,LEADER,1,0,0,0,0,24
65768,59,adaptive-prasle,2265,1,0,0,24,0,336,0,1,59,63503,2265,0,25,0,0,0,LEADER,1,0,0,0,0,24
66042,41,adaptive-prasle,1619,1,0,0,24,0,336,0,1,41,64423,1619,0,25,0,0,0,LEADER,1,0,0,0,0,24
65957,96,adaptive-prasle,1534,1,0,0,24,0,336,0,1,96,64423,1534,0,25,0,0,0,LEADER,1,0,0,0,0,24
66190,49,adaptive-prasle,1767,1,0,0,24,0,336,0,1,49,64423,1767,0,25,0,0,0,LEADER,1,0,0,0,0,24
66259,74,adaptive-prasle,1837,1,0,0,24,0,336,0,1,74,64422,1837,0,25,0,0,0,LEADER,1,0,0,0,0,24
66651,92,adaptive-prasle,2228,1,0,0,24,0,336,0,1,92,64423,2228,0,25,0,0,0,LEADER,1,0,0,0,0,24
65857,66,adaptive-prasle,1434,1,0,0,24,0,336,0,1,66,64423,1434,0,25,0,0,0,LEADER,1,0,0,0,0,24
65883,57,adaptive-prasle,2380,1,0,0,24,0,336,0,1,57,63503,2380,0,25,0,0,0,LEADER,1,0,0,0,0,24
66683,78,adaptive-prasle,2260,1,0,0,24,0,336,0,1,78,64423,2260,0,25,0,0,0,LEADER,1,0,0,0,0,24
65849,39,adaptive-prasle,2346,1,0,0,24,0,336,0,1,39,63503,2346,0,25,0,0,0,LEADER,1,0,0,0,0,24
66566,30,adaptive-prasle,2143,1,0,0,24,0,336,0,1,30,64423,2143,0,25,0,0,0,LEADER,1,0,0,0,0,24
65972,64,adaptive-prasle,1549,1,0,0,24,0,336,0,1,64,64423,1549,0,25,0,0,0,LEADER,1,0,0,0,0,24
66197,80,adaptive-prasle,1774,1,0,0,24,0,336,0,1,80,64423,1774,0,25,0,0,0,LEADER,1,0,0,0,0,24
65937,54,adaptive-prasle,1516,1,0,0,24,0,336,0,1,54,64421,1516,0,25,0,0,0,LEADER,1,0,0,0,0,24
66463,43,adaptive-prasle,2040,1,0,0,24,0,336,0,1,43,64423,2040,0,25,0,0,0,LEADER,1,0,0,0,0,24
66383,26,adaptive-prasle,1960,1,0,0,24,0,336,0,1,26,64423,1960,0,25,0,0,0,LEADER,1,0,0,0,0,24
66013,42,adaptive-prasle,1591,1,0,0,24,0,336,0,1,42,64422,1591,0,25,0,0,0,LEADER,1,0,0,0,0,24
66021,31,adaptive-prasle,1598,1,0,0,24,0,336,0,1,31,64423,1598,0,25,0,0,0,LEADER,1,0,0,0,0,24
66778,94,adaptive-prasle,2355,1,0,0,24,0,336,0,1,94,64423,2355,0,25,0,0,0,LEADER,1,0,0,0,0,24
66348,45,adaptive-prasle,1925,1,0,0,24,0,336,0,1,45,64423,1925,0,25,0,0,0,LEADER,1,0,0,0,0,24
66721,60,adaptive-prasle,2298,1,0,0,24,0,336,0,1,60,64423,2298,0,25,0,0,0,LEADER,1,0,0,0,0,24
66826,44,adaptive-prasle,1483,1,0,0,24,0,336,0,1,44,65343,1483,0,25,0,0,0,LEADER,1,0,0,0,0,24
66430,33,adaptive-prasle,2007,1,0,0,24,0,336,0,1,33,64423,2007,0,25,0,0,0,LEADER,1,0,0,0,0,24
66075,51,adaptive-prasle,1652,1,0,0,24,0,336,0,1,51,64423,1652,0,25,0,0,0,LEADER,1,0,0,0,0,24
66874,22,adaptive-prasle,1531,1,0,0,24,0,336,0,1,22,65343,1531,0,25,0,0,0,LEADER,1,0,0,0,0,24
66585,72,adaptive-prasle,2162,1,0,0,24,0,336,0,1,72,64423,2162,0,25,0,0,0,LEADER,1,0,0,0,0,24
66375,24,adaptive-prasle,1952,1,0,0,24,0,336,0,1,24,64423,1952,0,25,0,0,0,LEADER,1,0,0,0,0,24
66907,32,adaptive-prasle,1564,1,0,0,24,0,336,0,1,32,65343,1564,0,25,0,0,0,LEADER,1,0,0,0,0,24
66094,93,adaptive-prasle,1671,1,0,0,24,0,336,0,1,93,64423,1671,0,25,0,0,0,LEADER,1,0,0,0,0,24
66766,69,adaptive-prasle,2343,1,0,0,24,0,336,0,1,69,64423,2343,0,25,0,0,0,LEADER,1,0,0,0,0,24
66753,79,adaptive-prasle,2331,1,0,0,24,0,336,0,1,79,64422,2331,0,25,0,0,0,LEADER,1,0,0,0,0,24
66448,75,adaptive-prasle,2025,1,0,0,24,0,336,0,1,75,64423,2025,0,25,0,0,0,LEADER,1,0,0,0,0,24
66175,81,adaptive-prasle,1752,1,0,0,24,0,336,0,1,81,64423,1752,0,25,0,0,0,LEADER,1,0,0,0,0,24
66033,52,adaptive-prasle,1610,1,0,0,24,0,336,0,1,52,64423,1610,0,25,0,0,0,LEADER,1,0,0,0,0,24
66512,21,adaptive-prasle,2088,1,0,0,24,0,336,0,1,21,64424,2088,0,25,0,0,0,LEADER,1,0,0,0,0,24
66688,29,adaptive-prasle,2265,1,0,0,24,0,336,0,1,29,64423,2265,0,25,0,0,0,LEADER,1,0,0,0,0,24
66264,100,adaptive-prasle,1841,1,0,0,24,0,336,0,1,100,64423,1841,0,25,0,0,0,LEADER,1,0,0,0,0,24
66109,61,adaptive-prasle,1686,1,0,0,24,0,336,0,1,61,64423,1686,0,25,0,0,0,LEADER,1,0,0,0,0,24
66673,91,adaptive-prasle,2250,1,0,0,24,0,336,0,1,91,64423,2250,0,25,0,0,0,LEADER,1,0,0,0,0,24
66633,37,adaptive-prasle,2210,1,0,0,24,0,336,0,1,37,64423,2210,0,25,0,0,0,LEADER,1,0,0,0,0,24
66178,38,adaptive-prasle,1755,1,0,0,24,0,336,0,1,38,64423,1755,0,25,0,0,0,LEADER,1,0,0,0,0,24
66842,98,adaptive-prasle,2419,1,0,0,24,0,336,0,1,98,64423,2419,0,25,0,0,0,LEADER,1,0,0,0,0,24
66401,8,adaptive-prasle,2217,1,0,0,8,20,112,280,3,5,64184,2217,0,4,0,0,0,NORMAL,0,0,0,0,0,8
66701,27,adaptive-prasle,2280,1,0,0,24,0,336,0,1,27,64421,2280,0,25,0,0,0,LEADER,1,0,0,0,0,24
66551,62,adaptive-prasle,2128,1,0,0,24,0,336,0,1,62,64423,2128,0,25,0,0,0,LEADER,1,0,0,0,0,24
66360,56,adaptive-prasle,1937,1,0,0,24,0,336,0,1,56,64423,1937,0,25,0,0,0,LEADER,1,0,0,0,0,24
66748,99,adaptive-prasle,2328,1,0,0,24,0,336,0,1,99,64420,2328,0,25,0,0,0,LEADER,1,0,0,0,0,24
66625,48,adaptive-prasle,2202,1,0,0,24,0,336,0,1,48,64423,2202,0,25,0,0,0,LEADER,1,0,0,0,0,24
66142,71,adaptive-prasle,1719,1,0,0,24,0,336,0,1,71,64423,1719,0,25,0,0,0,LEADER,1,0,0,0,0,24
66367,87,adaptive-prasle,1944,1,0,0,24,0,336,0,1,87,64423,1944,0,25,0,0,0,LEADER,1,0,0,0,0,24
66293,36,adaptive-prasle,1870,1,0,0,24,0,336,0,1,36,64423,1870,0,25,0,0,0,LEADER,1,0,0,0,0,24
66789,77,adaptive-prasle,1446,1,0,0,24,0,336,0,1,77,65343,1446,0,25,0,0,0,LEADER,1,0,0,0,0,24
66980,83,adaptive-prasle,1637,1,0,0,24,0,336,0,1,83,65343,1637,0,25,0,0,0,LEADER,1,0,0,0,0,24
66482,85,adaptive-prasle,2059,1,0,0,24,0,336,0,1,85,64423,2059,0,25,0,0,0,LEADER,1,0,0,0,0,24
67010,19,adaptive-prasle,1667,1,0,0,24,0,336,0,1,19,65343,1667,0,25,0,0,0,LEADER,1,0,0,0,0,24
67165,65,adaptive-prasle,1822,1,0,0,24,0,336,0,1,65,65343,1822,0,25,0,0,0,LEADER,1,0,0,0,0,24
66771,35,adaptive-prasle,1428,1,0,0,24,0,336,0,1,35,65343,1428,0,25,0,0,0,LEADER,1,0,0,0,0,24
66786,86,adaptive-prasle,1443,1,0,0,24,0,336,0,1,86,65343,1443,0,25,0,0,0,LEADER,1,0,0,0,0,24
66829,50,adaptive-prasle,2406,1,0,0,24,0,336,0,1,50,64423,2406,0,25,0,0,0,LEADER,1,0,0,0,0,24
66844,55,adaptive-prasle,1501,1,0,0,24,0,336,0,1,55,65343,1501,0,25,0,0,0,LEADER,1,0,0,0,0,24
66883,63,adaptive-prasle,1540,1,0,0,24,0,336,0,1,63,65343,1540,0,25,0,0,0,LEADER,1,0,0,0,0,24
67247,46,adaptive-prasle,1904,1,0,0,24,0,336,0,1,46,65343,1904,0,25,0,0,0,LEADER,1,0,0,0,0,24
67044,53,adaptive-prasle,1701,1,0,0,24,0,336,0,1,53,65343,1701,0,25,0,0,0,LEADER,1,0,0,0,0,24
66397,23,adaptive-prasle,1974,1,0,0,24,0,336,0,1,23,64423,1974,0,25,0,0,0,LEADER,1,0,0,0,0,24
67265,88,adaptive-prasle,1922,1,0,0,24,0,336,0,1,88,65343,1922,0,25,0,0,0,LEADER,1,0,0,0,0,24
66792,34,adaptive-prasle,1449,1,0,0,24,0,336,0,1,34,65343,1449,0,25,0,0,0,LEADER,1,0,0,0,0,24
66400,97,adaptive-prasle,1977,1,0,0,24,0,336,0,1,97,64423,1977,0,25,0,0,0,LEADER,1,0,0,0,0,24
66520,20,adaptive-prasle,2095,1,0,0,24,0,336,0,1,20,64425,2095,0,25,0,0,0,LEADER,1,0,0,0,0,24
66600,40,adaptive-prasle,2177,1,0,0,24,0,336,0,1,40,64423,2177,0,25,0,0,0,LEADER,1,0,0,0,0,24
66523,47,adaptive-prasle,2100,1,0,0,24,0,336,0,1,47,64423,2100,0,25,0,0,0,LEADER,1,0,0,0,0,24
67435,95,adaptive-prasle,2092,1,0,0,24,0,336,0,1,95,65343,2092,0,25,0,0,0,LEADER,1,0,0,0,0,24
66818,25,adaptive-prasle,2395,1,0,0,24,0,336,0,1,25,64423,2395,0,25,0,0,0,LEADER,1,0,0,0,0,24
67423,84,adaptive-prasle,2080,1,0,0,24,0,336,0,1,84,65343,2080,0,25,0,0,0,LEADER,1,0,0,0,0,24
66700,70,adaptive-prasle,2277,1,0,0,24,0,336,0,1,70,64423,2277,0,25,0,0,0,LEADER,1,0,0,0,0,24
66618,82,adaptive-prasle,2195,1,0,0,24,0,336,0,1,82,64423,2195,0,25,0,0,0,LEADER,1,0,0,0,0,24
66836,67,adaptive-prasle,2413,1,0,0,24,0,336,0,1,67,64423,2413,0,25,0,0,0,LEADER,1,0,0,0,0,24
66788,89,adaptive-prasle,2365,1,0,0,24,0,336,0,1,89,64423,2365,0,25,0,0,0,LEADER,1,0,0,0,0,24
67456,28,adaptive-prasle,2113,1,0,0,24,0,336,0,1,28,65343,2113,0,25,0,0,0,LEADER,1,0,0,0,0,24
67198,68,adaptive-prasle,1855,1,0,0,24,0,336,0,1,68,65343,1855,0,25,0,0,0,LEADER,1,0,0,0,0,24
67150,90,adaptive-prasle,1807,1,0,0,24,0,336,0,1,90,65343,1807,0,25,0,0,0,LEADER,1,0,0,0,0,24
66811,76,adaptive-prasle,1468,1,0,0,24,0,336,0,1,76,65343,1468,0,25,0,0,0,LEADER,1,0,0,0,0,24
67564,58,adaptive-prasle,2221,1,0,0,24,0,336,0,1,58,65343,2221,0,25,0,0,0,LEADER,1,0,0,0,0,24
67132,10,adaptive-prasle,1789,1,0,0,24,0,336,0,1,10,65343,1789,0,25,0,0,0,LEADER,1,0,0,0,0,24
66947,73,adaptive-prasle,1604,1,0,0,24,0,336,0,1,73,65343,1604,0,25,0,0,0,LEADER,1,0,0,0,0,24
66688,59,adaptive-prasle,2265,1,0,0,24,0,336,0,1,59,64423,2265,0,25,0,0,0,LEADER,1,0,0,0,0,24
66962,41,adaptive-prasle,1619,1,0,0,24,0,336,0,1,41,65343,1619,0,25,0,0,0,LEADER,1,0,0,0,0,24
66877,96,adaptive-prasle,1534,1,0,0,24,0,336,0,1,96,65343,1534,0,25,0,0,0,LEADER,1,0,0,0,0,24
67110,49,adaptive-prasle,1767,1,0,0,24,0,336,0,1,49,65343,1767,0,25,0,0,0,LEADER,1,0,0,0,0,24
67179,74,adaptive-prasle,1837,1,0,0,24,0,336,0,1,74,65342,1837,0,25,0,0,0,LEADER,1,0,0,0,0,24
67571,92,adaptive-prasle,2228,1,0,0,24,0,336,0,1,92,65343,2228,0,25,0,0,0,LEADER,1,0,0,0,0,24
66777,66,adaptive-prasle,1434,1,0,0,24,0,336,0,1,66,65343,1434,0,25,0,0,0,LEADER,1,0,0,0,0,24
66803,57,adaptive-prasle,2380,1,0,0,24,0,336,0,1,57,64423,2380,0,25,0,0,0,LEADER,1,0,0,0,0,24
67603,78,adaptive-prasle,2260,1,0,0,24,0,336,0,1,78,65343,2260,0,25,0,0,0,LEADER,1,0,0,0,0,24
66769,39,adaptive-prasle,2346,1,0,0,24,0,336,0,1,39,64423,2346,0,25,0,0,0,LEADER,1,0,0,0,0,24
67486,30,adaptive-prasle,2143,1,0,0,24,0,336,0,1,30,65343,2143,0,25,0,0,0,LEADER,1,0,0,0,0,24
66892,64,adaptive-prasle,1549,1,0,0,24,0,336,0,1,64,65343,1549,0,25,0,0,0,LEADER,1,0,0,0,0,24
67117,80,adaptive-prasle,1774,1,0,0,24,0,336,0,1,80,65343,1774,0,25,0,0,0,LEADER,1,0,0,0,0,24
66857,54,adaptive-prasle,1516,1,0,0,24,0,336,0,1,54,65341,1516,0,25,0,0,0,LEADER,1,0,0,0,0,24
67383,43,adaptive-prasle,2040,1,0,0,24,0,336,0,1,43,65343,2040,0,25,0,0,0,LEADER,1,0,0,0,0,24
67303,26,adaptive-prasle,1960,1,0,0,24,0,336,0,1,26,65343,1960,0,25,0,0,0,LEADER,1,0,0,0,0,24
66933,42,adaptive-prasle,1591,1,0,0,24,0,336,0,1,42,65342,1591,0,25,0,0,0,LEADER,1,0,0,0,0,24
66941,31,adaptive-prasle,1598,1,0,0,24,0,336,0,1,31,65343,1598,0,25,0,0,0,LEADER,1,0,0,0,0,24
67698,94,adaptive-prasle,2355,1,0,0,24,0,336,0,1,94,65343,2355,0,25,0,0,0,LEADER,1,0,0,0,0,24
67268,45,adaptive-prasle,1925,1,0,0,24,0,336,0,1,45,65343,1925,0,25,0,0,0,LEADER,1,0,0,0,0,24
67641,60,adaptive-prasle,2298,1,0,0,24,0,336,0,1,60,65343,2298,0,25,0,0,0,LEADER,1,0,0,0,0,24
67747,44,adaptive-prasle,1483,1,0,0,25,0,350,0,1,44,66264,1483,0,26,0,0,0,LEADER,1,0,0,0,0,25
67350,33,adaptive-prasle,2007,1,0,0,24,0,336,0,1,33,65343,2007,0,25,0,0,0,LEADER,1,0,0,0,0,24
66995,51,adaptive-prasle,1652,1,0,0,24,0,336,0,1,51,65343,1652,0,25,0,0,0,LEADER,1,0,0,0,0,24
67795,22,adaptive-prasle,1531,1,0,0,25,0,350,0,1,22,66264,1531,0,26,0,0,0,LEADER,1,0,0,0,0,25
67505,72,adaptive-prasle,2162,1,0,0,24,0,336,0,1,72,65343,2162,0,25,0,0,0,LEADER,1,0,0,0,0,24
67295,24,adaptive-prasle,1952,1,0,0,24,0,336,0,1,24,65343,1952,0,25,0,0,0,LEADER,1,0,0,0,0,24
67828,32,adaptive-prasle,1564,1,0,0,25,0,350,0,1,32,66264,1564,0,26,0,0,0,LEADER,1,0,0,0,0,25
67014,93,adaptive-prasle,1671,1,0,0,24,0,336,0,1,93,65343,1671,0,25,0,0,0,LEADER,1,0,0,0,0,24
67686,69,adaptive-prasle,2343,1,0,0,24,0,336,0,1,69,65343,2343,0,25,0,0,0,LEADER,1,0,0,0,0,24
67673,79,adaptive-prasle,2331,1,0,0,24,0,336,0,1,79,65342,2331,0,25,0,0,0,LEADER,1,0,0,0,0,24
67368,75,adaptive-prasle,2025,1,0,0,24,0,336,0,1,75,65343,2025,0,25,0,0,0,LEADER,1,0,0,0,0,24
67095,81,adaptive-prasle,1752,1,0,0,24,0,336,0,1,81,65343,1752,0,25,0,0,0,LEADER,1,0,0,0,0,24
66953,52,adaptive-prasle,1610,1,0,0,24,0,336,0,1,52,65343,1610,0,25,0,0,0,LEADER,1,0,0,0,0,24
67781,11,adaptive-prasle,2055,1,0,0,7,4,98,56,4,11,65726,2055,0,6,0,0,0,LEADER,1,0,0,0,0,7
67432,21,adaptive-prasle,2088,1,0,0,24,0,336,0,1,21,65344,2088,0,25,0,0,0,LEADER,1,0,0,0,0,24
67608,29,adaptive-prasle,2265,1,0,0,24,0,336,0,1,29,65343,2265,0,25,0,0,0,LEADER,1,0,0,0,0,24
67184,100,adaptive-prasle,1841,1,0,0,24,0,336,0,1,100,65343,1841,0,25,0,0,0,LEADER,1,0,0,0,0,24
67029,61,adaptive-prasle,1686,1,0,0,24,0,336,0,1,61,65343,1686,0,25,0,0,0,LEADER,1,0,0,0,0,24
67593,91,adaptive-prasle,2250,1,0,0,24,0,336,0,1,91,65343,2250,0,25,0,0,0,LEADER,1,0,0,0,0,24
67553,37,adaptive-prasle,2210,1,0,0,24,0,336,0,1,37,65343,2210,0,25,0,0,0,LEADER,1,0,0,0,0,24
67098,38,adaptive-prasle,1755,1,0,0,24,0,336,0,1,38,65343,1755,0,25,0,0,0,LEADER,1,0,0,0,0,24
67762,98,adaptive-prasle,2419,1,0,0,24,0,336,0,1,98,65343,2419,0,25,0,0,0,LEADER,1,0,0,0,0,24
67621,27,adaptive-prasle,2280,1,0,0,24,0,336,0,1,27,65341,2280,0,25,0,0,0,LEADER,1,0,0,0,0,24
67471,62,adaptive-prasle,2128,1,0,0,24,0,336,0,1,62,65343,2128,0,25,0,0,0,LEADER,1,0,0,0,0,24
67280,56,adaptive-prasle,1937,1,0,0,24,0,336,0,1,56,65343,1937,0,25,0,0,0,LEADER,1,0,0,0,0,24
67668,99,adaptive-prasle,2328,1,0,0,24,0,336,0,1,99,65340,2328,0,25,0,0,0,LEADER,1,0,0,0,0,24
67545,48,adaptive-prasle,2202,1,0,0,24,0,336,0,1,48,65343,2202,0,25,0,0,0,LEADER,1,0,0,0,0,24
67062,71,adaptive-prasle,1719,1,0,0,24,0,336,0,1,71,65343,1719,0,25,0,0,0,LEADER,1,0,0,0,0,24
67287,87,adaptive-prasle,1944,1,0,0,24,0,336,0,1,87,65343,1944,0,25,0,0,0,LEADER,1,0,0,0,0,24
67213,36,adaptive-prasle,1870,1,0,0,24,0,336,0,1,36,65343,1870,0,25,0,0,0,LEADER,1,0,0,0,0,24
67710,77,adaptive-prasle,1446,1,0,0,25,0,350,0,1,77,66264,1446,0,26,0,0,0,LEADER,1,0,0,0,0,25
67901,83,adaptive-prasle,1637,1,0,0,25,0,350,0,1,83,66264,1637,0,26,0,0,0,LEADER,1,0,0,0,0,25
67402,85,adaptive-prasle,2059,1,0,0,24,0,336,0,1,85,65343,2059,0,25,0,0,0,LEADER,1,0,0,0,0,24
67931,19,adaptive-prasle,1667,1,0,0,25,0,350,0,1,19,66264,1667,0,26,0,0,0,LEADER,1,0,0,0,0,25
68086,65,adaptive-prasle,1822,1,0,0,25,0,350,0,1,65,66264,1822,0,26,0,0,0,LEADER,1,0,0,0,0,25
67692,35,adaptive-prasle,1428,1,0,0,25,0,350,0,1,35,66264,1428,0,26,0,0,0,LEADER,1,0,0,0,0,25
67707,86,adaptive-prasle,1443,1,0,0,25,0,350,0,1,86,66264,1443,0,26,0,0,0,LEADER,1,0,0,0,0,25
67749,50,adaptive-prasle,2406,1,0,0,24,0,336,0,1,50,65343,2406,0,25,0,0,0,LEADER,1,0,0,0,0,24
67765,55,adaptive-prasle,1501,1,0,0,25,0,350,0,1,55,66264,1501,0,26,0,0,0,LEADER,1,0,0,0,0,25
67804,63,adaptive-prasle,1540,1,0,0,25,0,350,0,1,63,66264,1540,0,26,0,0,0,LEADER,1,0,0,0,0,25
68168,46,adaptive-prasle,1904,1,0,0,25,0,350,0,1,46,66264,1904,0,26,0,0,0,LEADER,1,0,0,0,0,25
67965,53,adaptive-prasle,1701,1,0,0,25,0,350,0,1,53,66264,1701,0,26,0,0,0,LEADER,1,0,0,0,0,25
67317,23,adaptive-prasle,1974,1,0,0,24,0,336,0,1,23,65343,1974,0,25,0,0,0,LEADER,1,0,0,0,0,24
68186,88,adaptive-prasle,1922,1,0,0,25,0,350,0,1,88,66264,1922,0,26,0,0,0,LEADER,1,0,0,0,0,25
67713,34,adaptive-prasle,1449,1,0,0,25,0,350,0,1,34,66264,1449,0,26,0,0,0,LEADER,1,0,0,0,0,25
67320,97,adaptive-prasle,1977,1,0,0,24,0,336,0,1,97,65343,1977,0,25,0,0,0,LEADER,1,0,0,0,0,24
67440,20,adaptive-prasle,2095,1,0,0,24,0,336,0,1,20,65345,2095,0,25,0,0,0,LEADER,1,0,0,0,0,24
67520,40,adaptive-prasle,2177,1,0,0,24,0,336,0,1,40,65343,2177,0,25,0,0,0,LEADER,1,0,0,0,0,24
67443,47,adaptive-prasle,2100,1,0,0,24,0,336,0,1,47,65343,2100,0,25,0,0,0,LEADER,1,0,0,0,0,24
68356,95,adaptive-prasle,2092,1,0,0,25,0,350,0,1,95,66264,2092,0,26,0,0,0,LEADER,1,0,0,0,0,25
67738,25,adaptive-prasle,2395,1,0,0,24,0,336,0,1,25,65343,2395,0,25,0,0,0,LEADER,1,0,0,0,0,24
68344,84,adaptive-prasle,2080,1,0,0,25,0,350,0,1,84,66264,2080,0,26,0,0,0,LEADER,1,0,0,0,0,25
67620,70,adaptive-prasle,2277,1,0,0,24,0,336,0,1,70,65343,2277,0,25,0,0,0,LEADER,1,0,0,0,0,24
67538,82,adaptive-prasle,2195,1,0,0,24,0,336,0,1,82,65343,2195,0,25,0,0,0,LEADER,1,0,0,0,0,24
67756,67,adaptive-prasle,2413,1,0,0,24,0,336,0,1,67,65343,2413,0,25,0,0,0,LEADER,1,0,0,0,0,24
67708,89,adaptive-prasle,2365,1,0,0,24,0,336,0,1,89,65343,2365,0,25,0,0,0,LEADER,1,0,0,0,0,24
68377,28,adaptive-prasle,2113,1,0,0,25,0,350,0,1,28,66264,2113,0,26,0,0,0,LEADER,1,0,0,0,0,25
68119,68,adaptive-prasle,1855,1,0,0,25,0,350,0,1,68,66264,1855,0,26,0,0,0,LEADER,1,0,0,0,0,25
68071,90,adaptive-prasle,1807,1,0,0,25,0,350,0,1,90,66264,1807,0,26,0,0,0,LEADER,1,0,0,0,0,25
67732,76,adaptive-prasle,1468,1,0,0,25,0,350,0,1,76,66264,1468,0,26,0,0,0,LEADER,1,0,0,0,0,25
68053,10,adaptive-prasle,1789,1,0,0,25,0,350,0,1,10,66264,1789,0,26,0,0,0,LEADER,1,0,0,0,0,25
68485,58,adaptive-prasle,2221,1,0,0,25,0,350,0,1,58,66264,2221,0,26,0,0,0,LEADER,1,0,0,0,0,25
67868,73,adaptive-prasle,1604,1,0,0,25,0,350,0,1,73,66264,1604,0,26,0,0,0,LEADER,1,0,0,0,0,25
67608,59,adaptive-prasle,2265,1,0,0,24,0,336,0,1,59,65343,2265,0,25,0,0,0,LEADER,1,0,0,0,0,24
67883,41,adaptive-prasle,1619,1,0,0,25,0,350,0,1,41,66264,1619,0,26,0,0,0,LEADER,1,0,0,0,0,25
67798,96,adaptive-prasle,1534,1,0,0,25,0,350,0,1,96,66264,1534,0,26,0,0,0,LEADER,1,0,0,0,0,25
68031,49,adaptive-prasle,1767,1,0,0,25,0,350,0,1,49,66264,1767,0,26,0,0,0,LEADER,1,0,0,0,0,25
68100,74,adaptive-prasle,1837,1,0,0,25,0,350,0,1,74,66263,1837,0,26,0,0,0,LEADER,1,0,0,0,0,25
68492,92,adaptive-prasle,2228,1,0,0,25,0,350,0,1,92,66264,2228,0,26,0,0,0,LEADER,1,0,0,0,0,25
67698,66,adaptive-prasle,1434,1,0,0,25,0,350,0,1,66,66264,1434,0,26,0,0,0,LEADER,1,0,0,0,0,25
67723,57,adaptive-prasle,2380,1,0,0,24,0,336,0,1,57,65343,2380,0,25,0,0,0,LEADER,1,0,0,0,0,24
68524,78,adaptive-prasle,2260,1,0,0,25,0,350,0,1,78,66264,2260,0,26,0,0,0,LEADER,1,0,0,0,0,25
67689,39,adaptive-prasle,2346,1,0,0,24,0,336,0,1,39,65343,2346,0,25,0,0,0,LEADER,1,0,0,0,0,24
68407,30,adaptive-prasle,2143,1,0,0,25,0,350,0,1,30,66264,2143,0,26,0,0,0,LEADER,1,0,0,0,0,25
68331,6,adaptive-prasle,1797,1,0,0,8,17,112,238,2,3,66534,1797,0,4,0,0,0,NORMAL,0,0,0,0,0,8
67813,64,adaptive-prasle,1549,1,0,0,25,0,350,0,1,64,66264,1549,0,26,0,0,0,LEADER,1,0,0,0,0,25
68038,80,adaptive-prasle,1774,1,0,0,25,0,350,0,1,80,66264,1774,0,26,0,0,0,LEADER,1,0,0,0,0,25
67778,54,adaptive-prasle,1516,1,0,0,25,0,350,0,1,54,66262,1516,0,26,0,0,0,LEADER,1,0,0,0,0,25
68304,43,adaptive-prasle,2040,1,0,0,25,0,350,0,1,43,66264,2040,0,26,0,0,0,LEADER,1,0,0,0,0,25
68224,26,adaptive-prasle,1960,1,0,0,25,0,350,0,1,26,66264,1960,0,26,0,0,0,LEADER,1,0,0,0,0,25
67854,42,adaptive-prasle,1591,1,0,0,25,0,350,0,1,42,66263,1591,0,26,0,0,0,LEADER,1,0,0,0,0,25
67862,31,adaptive-prasle,1598,1,0,0,25,0,350,0,1,31,66264,1598,0,26,0,0,0,LEADER,1,0,0,0,0,25
68619,94,adaptive-prasle,2355,1,0,0,25,0,350,0,1,94,66264,2355,0,26,0,0,0,LEADER,1,0,0,0,0,25
68189,45,adaptive-prasle,1925,1,0,0,25,0,350,0,1,45,66264,1925,0,26,0,0,0,LEADER,1,0,0,0,0,25
68562,60,adaptive-prasle,2298,1,0,0,25,0,350,0,1,60,66264,2298,0,26,0,0,0,LEADER,1,0,0,0,0,25
68667,44,adaptive-prasle,1483,1,0,0,25,0,350,0,1,44,67184,1483,0,26,0,0,0,LEADER,1,0,0,0,0,25
68271,33,adaptive-prasle,2007,1,0,0,25,0,350,0,1,33,66264,2007,0,26,0,0,0,LEADER,1,0,0,0,0,25
67916,51,adaptive-prasle,1652,1,0,0,25,0,350,0,1,51,66264,1652,0,26,0,0,0,LEADER,1,0,0,0,0,25
68715,22,adaptive-prasle,1531,1,0,0,25,0,350,0,1,22,67184,1531,0,26,0,0,0,LEADER,1,0,0,0,0,25
68426,72,adaptive-prasle,2162,1,0,0,25,0,350,0,1,72,66264,2162,0,26,0,0,0,LEADER,1,0,0,0,0,25
68216,24,adaptive-prasle,1952,1,0,0,25,0,350,0,1,24,66264,1952,0,26,0,0,0,LEADER,1,0,0,0,0,25
68748,32,adaptive-prasle,1564,1,0,0,25,0,350,0,1,32,67184,1564,0,26,0,0,0,LEADER,1,0,0,0,0,25
67935,93,adaptive-prasle,1671,1,0,0,25,0,350,0,1,93,66264,1671,0,26,0,0,0,LEADER,1,0,0,0,0,25
68607,69,adaptive-prasle,2343,1,0,0,25,0,350,0,1,69,66264,2343,0,26,0,0,0,LEADER,1,0,0,0,0,25
68594,79,adaptive-prasle,2331,1,0,0,25,0,350,0,1,79,66263,2331,0,26,0,0,0,LEADER,1,0,0,0,0,25
68289,75,adaptive-prasle,2025,1,0,0,25,0,350,0,1,75,66264,2025,0,26,0,0,0,LEADER,1,0,0,0,0,25
68016,81,adaptive-prasle,1752,1,0,0,25,0,350,0,1,81,66264,1752,0,26,0,0,0,LEADER,1,0,0,0,0,25
67874,52,adaptive-prasle,1610,1,0,0,25,0,350,0,1,52,66264,1610,0,26,0,0,0,LEADER,1,0,0,0,0,25
68529,29,adaptive-prasle,2265,1,0,0,25,0,350,0,1,29,66264,2265,0,26,0,0,0,LEADER,1,0,0,0,0,25
68353,21,adaptive-prasle,2088,1,0,0,25,0,350,0,1,21,66265,2088,0,26,0,0,0,LEADER,1,0,0,0,0,25
68105,100,adaptive-prasle,1841,1,0,0,25,0,350,0,1,100,66264,1841,0,26,0,0,0,LEADER,1,0,0,0,0,25
67950,61,adaptive-prasle,1686,1,0,0,25,0,350,0,1,61,66264,1686,0,26,0,0,0,LEADER,1,0,0,0,0,25
68799,12,adaptive-prasle,1578,1,0,0,5,5,70,70,3,12,67221,1578,0,4,0,0,0,LEADER,1,0,0,0,0,5
68514,91,adaptive-prasle,2250,1,0,0,25,0,350,0,1,91,66264,2250,0,26,0,0,0,LEADER,1,0,0,0,0,25
68474,37,adaptive-prasle,2210,1,0,0,25,0,350,0,1,37,66264,2210,0,26,0,0,0,LEADER,1,0,0,0,0,25
68019,38,adaptive-prasle,1755,1,0,0,25,0,350,0,1,38,66264,1755,0,26,0,0,0,LEADER,1,0,0,0,0,25
68683,98,adaptive-prasle,2419,1,0,0,25,0,350,0,1,98,66264,2419,0,26,0,0,0,LEADER,1,0,0,0,0,25
68542,27,adaptive-prasle,2280,1,0,0,25,0,350,0,1,27,66262,2280,0,26,0,0,0,LEADER,1,0,0,0,0,25
68392,62,adaptive-prasle,2128,1,0,0,25,0,350,0,1,62,66264,2128,0,26,0,0,0,LEADER,1,0,0,0,0,25
68201,56,adaptive-prasle,1937,1,0,0,25,0,350,0,1,56,66264,1937,0,26,0,0,0,LEADER,1,0,0,0,0,25
68589,99,adaptive-prasle,2328,1,0,0,25,0,350,0,1,99,66261,2328,0,26,0,0,0,LEADER,1,0,0,0,0,25
68466,48,adaptive-prasle,2202,1,0,0,25,0,350,0,1,48,66264,2202,0,26,0,0,0,LEADER,1,0,0,0,0,25
67983,71,adaptive-prasle,1719,1,0,0,25,0,350,0,1,71,66264,1719,0,26,0,0,0,LEADER,1,0,0,0,0,25
68208,87,adaptive-prasle,1944,1,0,0,25,0,350,0,1,87,66264,1944,0,26,0,0,0,LEADER,1,0,0,0,0,25
68134,36,adaptive-prasle,1870,1,0,0,25,0,350,0,1,36,66264,1870,0,26,0,0,0,LEADER,1,0,0,0,0,25
68630,77,adaptive-prasle,1446,1,0,0,25,0,350,0,1,77,67184,1446,0,26,0,0,0,LEADER,1,0,0,0,0,25
68821,83,adaptive-prasle,1637,1,0,0,25,0,350,0,1,83,67184,1637,0,26,0,0,0,LEADER,1,0,0,0,0,25
68323,85,adaptive-prasle,2059,1,0,0,25,0,350,0,1,85,66264,2059,0,26,0,0,0,LEADER,1,0,0,0,0,25
68851,19,adaptive-prasle,1667,1,0,0,25,0,350,0,1,19,67184,1667,0,26,0,0,0,LEADER,1,0,0,0,0,25
69006,65,adaptive-prasle,1822,1,0,0,25,0,350,0,1,65,67184,1822,0,26,0,0,0,LEADER,1,0,0,0,0,25
68612,35,adaptive-prasle,1428,1,0,0,25,0,350,0,1,35,67184,1428,0,26,0,0,0,LEADER,1,0,0,0,0,25
68627,86,adaptive-prasle,1443,1,0,0,25,0,350,0,1,86,67184,1443,0,26,0,0,0,LEADER,1,0,0,0,0,25
68670,50,adaptive-prasle,2406,1,0,0,25,0,350,0,1,50,66264,2406,0,26,0,0,0,LEADER,1,0,0,0,0,25
68685,55,adaptive-prasle,1501,1,0,0,25,0,350,0,1,55,67184,1501,0,26,0,0,0,LEADER,1,0,0,0,0,25
68724,63,adaptive-prasle,1540,1,0,0,25,0,350,0,1,63,67184,1540,0,26,0,0,0,LEADER,1,0,0,0,0,25
69088,46,adaptive-prasle,1904,1,0,0,25,0,350,0,1,46,67184,1904,0,26,0,0,0,LEADER,1,0,0,0,0,25
68885,53,adaptive-prasle,1701,1,0,0,25,0,350,0,1,53,67184,1701,0,26,0,0,0,LEADER,1,0,0,0,0,25
68238,23,adaptive-prasle,1974,1,0,0,25,0,350,0,1,23,66264,1974,0,26,0,0,0,LEADER,1,0,0,0,0,25
69106,88,adaptive-prasle,1922,1,0,0,25,0,350,0,1,88,67184,1922,0,26,0,0,0,LEADER,1,0,0,0,0,25
68633,34,adaptive-prasle,1449,1,0,0,25,0,350,0,1,34,67184,1449,0,26,0,0,0,LEADER,1,0,0,0,0,25
68241,97,adaptive-prasle,1977,1,0,0,25,0,350,0,1,97,66264,1977,0,26,0,0,0,LEADER,1,0,0,0,0,25
68361,20,adaptive-prasle,2095,1,0,0,25,0,350,0,1,20,66266,2095,0,26,0,0,0,LEADER,1,0,0,0,0,25
68441,40,adaptive-prasle,2177,1,0,0,25,0,350,0,1,40,66264,2177,0,26,0,0,0,LEADER,1,0,0,0,0,25
68364,47,adaptive-prasle,2100,1,0,0,25,0,350,0,1,47,66264,2100,0,26,0,0,0,LEADER,1,0,0,0,0,25
69276,95,adaptive-prasle,2092,1,0,0,25,0,350,0,1,95,67184,2092,0,26,0,0,0,LEADER,1,0,0,0,0,25
68659,25,adaptive-prasle,2395,1,0,0,25,0,350,0,1,25,66264,2395,0,26,0,0,0,LEADER,1,0,0,0,0,25
69264,84,adaptive-prasle,2080,1,0,0,25,0,350,0,1,84,67184,2080,0,26,0,0,0,LEADER,1,0,0,0,0,25
68541,70,adaptive-prasle,2277,1,0,0,25,0,350,0,1,70,66264,2277,0,26,0,0,0,LEADER,1,0,0,0,0,25
68459,82,adaptive-prasle,2195,1,0,0,25,0,350,0,1,82,66264,2195,0,26,0,0,0,LEADER,1,0,0,0,0,25
68677,67,adaptive-prasle,2413,1,0,0,25,0,350,0,1,67,66264,2413,0,26,0,0,0,LEADER,1,0,0,0,0,25
68629,89,adaptive-prasle,2365,1,0,0,25,0,350,0,1,89,66264,2365,0,26,0,0,0,LEADER,1,0,0,0,0,25
69297,28,adaptive-prasle,2113,1,0,0,25,0,350,0,1,28,67184,2113,0,26,0,0,0,LEADER,1,0,0,0,0,25
69039,68,adaptive-prasle,1855,1,0,0,25,0,350,0,1,68,67184,1855,0,26,0,0,0,LEADER,1,0,0,0,0,25
68991,90,adaptive-prasle,1807,1,0,0,25,0,350,0,1,90,67184,1807,0,26,0,0,0,LEADER,1,0,0,0,0,25
68652,76,adaptive-prasle,1468,1,0,0,25,0,350,0,1,76,67184,1468,0,26,0,0,0,LEADER,1,0,0,0,0,25
68973,10,adaptive-prasle,1789,1,0,0,25,0,350,0,1,10,67184,1789,0,26,0,0,0,LEADER,1,0,0,0,0,25
69405,58,adaptive-prasle,2221,1,0,0,25,0,350,0,1,58,67184,2221,0,26,0,0,0,LEADER,1,0,0,0,0,25
68788,73,adaptive-prasle,1604,1,0,0,25,0,350,0,1,73,67184,1604,0,26,0,0,0,LEADER,1,0,0,0,0,25
68529,59,adaptive-prasle,2265,1,0,0,25,0,350,0,1,59,66264,2265,0,26,0,0,0,LEADER,1,0,0,0,0,25
68803,41,adaptive-prasle,1619,1,0,0,25,0,350,0,1,41,67184,1619,0,26,0,0,0,LEADER,1,0,0,0,0,25
68718,96,adaptive-prasle,1534,1,0,0,25,0,350,0,1,96,67184,1534,0,26,0,0,0,LEADER,1,0,0,0,0,25
68951,49,adaptive-prasle,1767,1,0,0,25,0,350,0,1,49,67184,1767,0,26,0,0,0,LEADER,1,0,0,0,0,25
69020,74,adaptive-prasle,1837,1,0,0,25,0,350,0,1,74,67183,1837,0,26,0,0,0,LEADER,1,0,0,0,0,25
69412,92,adaptive-prasle,2228,1,0,0,25,0,350,0,1,92,67184,2228,0,26,0,0,0,LEADER,1,0,0,0,0,25
68618,66,adaptive-prasle,1434,1,0,0,25,0,350,0,1,66,67184,1434,0,26,0,0,0,LEADER,1,0,0,0,0,25
68644,57,adaptive-prasle,2380,1,0,0,25,0,350,0,1,57,66264,2380,0,26,0,0,0,LEADER,1,0,0,0,0,25
69444,78,adaptive-prasle,2260,1,0,0,25,0,350,0,1,78,67184,2260,0,26,0,0,0,LEADER,1,0,0,0,0,25
68610,39,adaptive-prasle,2346,1,0,0,25,0,350,0,1,39,66264,2346,0,26,0,0,0,LEADER,1,0,0,0,0,25
69327,30,adaptive-prasle,2143,1,0,0,25,0,350,0,1,30,67184,2143,0,26,0,0,0,LEADER,1,0,0,0,0,25
68733,64,adaptive-prasle,1549,1,0,0,25,0,350,0,1,64,67184,1549,0,26,0,0,0,LEADER,1,0,0,0,0,25
68958,80,adaptive-prasle,1774,1,0,0,25,0,350,0,1,80,67184,1774,0,26,0,0,0,LEADER,1,0,0,0,0,25
68698,54,adaptive-prasle,1516,1,0,0,25,0,350,0,1,54,67182,1516,0,26,0,0,0,LEADER,1,0,0,0,0,25
69224,43,adaptive-prasle,2040,1,0,0,25,0,350,0,1,43,67184,2040,0,26,0,0,0,LEADER,1,0,0,0,0,25
69144,26,adaptive-prasle,1960,1,0,0,25,0,350,0,1,26,67184,1960,0,26,0,0,0,LEADER,1,0,0,0,0,25
68774,42,adaptive-prasle,1591,1,0,0,25,0,350,0,1,42,67183,1591,0,26,0,0,0,LEADER,1,0,0,0,0,25
68782,31,adaptive-prasle,1598,1,0,0,25,0,350,0,1,31,67184,1598,0,26,0,0,0,LEADER,1,0,0,0,0,25
69539,94,adaptive-prasle,2355,1,0,0,25,0,350,0,1,94,67184,2355,0,26,0,0,0,LEADER,1,0,0,0,0,25
69109,45,adaptive-prasle,1925,1,0,0,25,0,350,0,1,45,67184,1925,0,26,0,0,0,LEADER,1,0,0,0,0,25
69482,60,adaptive-prasle,2298,1,0,0,25,0,350,0,1,60,67184,2298,0,26,0,0,0,LEADER,1,0,0,0,0,25
69587,44,adaptive-prasle,1483,1,0,0,25,0,350,0,1,44,68104,1483,0,26,0,0,0,LEADER,1,0,0,0,0,25
69191,33,adaptive-prasle,2007,1,0,0,25,0,350,0,1,33,67184,2007,0,26,0,0,0,LEADER,1,0,0,0,0,25
68836,51,adaptive-prasle,1652,1,0,0,25,0,350,0,1,51,67184,1652,0,26,0,0,0,LEADER,1,0,0,0,0,25
69635,22,adaptive-prasle,1531,1,0,0,25,0,350,0,1,22,68104,1531,0,26,0,0,0,LEADER,1,0,0,0,0,25
69346,72,adaptive-prasle,2162,1,0,0,25,0,350,0,1,72,67184,2162,0,26,0,0,0,LEADER,1,0,0,0,0,25
69136,24,adaptive-prasle,1952,1,0,0,25,0,350,0,1,24,67184,1952,0,26,0,0,0,LEADER,1,0,0,0,0,25
69668,32,adaptive-prasle,1564,1,0,0,25,0,350,0,1,32,68104,1564,0,26,0,0,0,LEADER,1,0,0,0,0,25
68855,93,adaptive-prasle,1671,1,0,0,25,0,350,0,1,93,67184,1671,0,26,0,0,0,LEADER,1,0,0,0,0,25
69527,69,adaptive-prasle,2343,1,0,0,25,0,350,0,1,69,67184,2343,0,26,0,0,0,LEADER,1,0,0,0,0,25
69514,79,adaptive-prasle,2331,1,0,0,25,0,350,0,1,79,67183,2331,0,26,0,0,0,LEADER,1,0,0,0,0,25
69209,75,adaptive-prasle,2025,1,0,0,25,0,350,0,1,75,67184,2025,0,26,0,0,0,LEADER,1,0,0,0,0,25
68936,81,adaptive-prasle,1752,1,0,0,25,0,350,0,1,81,67184,1752,0,26,0,0,0,LEADER,1,0,0,0,0,25
68794,52,adaptive-prasle,1610,1,0,0,25,0,350,0,1,52,67184,1610,0,26,0,0,0,LEADER,1,0,0,0,0,25
69273,21,adaptive-prasle,2088,1,0,0,25,0,350,0,1,21,67185,2088,0,26,0,0,0,LEADER,1,0,0,0,0,25
69449,29,adaptive-prasle,2265,1,0,0,25,0,350,0,1,29,67184,2265,0,26,0,0,0,LEADER,1,0,0,0,0,25
69025,100,adaptive-prasle,1841,1,0,0,25,0,350,0,1,100,67184,1841,0,26,0,0,0,LEADER,1,0,0,0,0,25
68870,61,adaptive-prasle,1686,1,0,0,25,0,350,0,1,61,67184,1686,0,26,0,0,0,LEADER,1,0,0,0,0,25
69434,91,adaptive-prasle,2250,1,0,0,25,0,350,0,1,91,67184,2250,0,26,0,0,0,LEADER,1,0,0,0,0,25
69394,37,adaptive-prasle,2210,1,0,0,25,0,350,0,1,37,67184,2210,0,26,0,0,0,LEADER,1,0,0,0,0,25
68939,38,adaptive-prasle,1755,1,0,0,25,0,350,0,1,38,67184,1755,0,26,0,0,0,LEADER,1,0,0,0,0,25
69603,98,adaptive-prasle,2419,1,0,0,25,0,350,0,1,98,67184,2419,0,26,0,0,0,LEADER,1,0,0,0,0,25
69462,27,adaptive-prasle,2280,1,0,0,25,0,350,0,1,27,67182,2280,0,26,0,0,0,LEADER,1,0,0,0,0,25
69312,62,adaptive-prasle,2128,1,0,0,25,0,350,0,1,62,67184,2128,0,26,0,0,0,LEADER,1,0,0,0,0,25
69121,56,adaptive-prasle,1937,1,0,0,25,0,350,0,1,56,67184,1937,0,26,0,0,0,LEADER,1,0,0,0,0,25
69509,99,adaptive-prasle,2328,1,0,0,25,0,350,0,1,99,67181,2328,0,26,0,0,0,LEADER,1,0,0,0,0,25
69386,48,adaptive-prasle,2202,1,0,0,25,0,350,0,1,48,67184,2202,0,26,0,0,0,LEADER,1,0,0,0,0,25
68903,71,adaptive-prasle,1719,1,0,0,25,0,350,0,1,71,67184,1719,0,26,0,0,0,LEADER,1,0,0,0,0,25
69128,87,adaptive-prasle,1944,1,0,0,25,0,350,0,1,87,67184,1944,0,26,0,0,0,LEADER,1,0,0,0,0,25
69054,36,adaptive-prasle,1870,1,0,0,25,0,350,0,1,36,67184,1870,0,26,0,0,0,LEADER,1,0,0,0,0,25
69550,77,adaptive-prasle,1446,1,0,0,25,0,350,0,1,77,68104,1446,0,26,0,0,0,LEADER,1,0,0,0,0,25
69741,83,adaptive-prasle,1637,1,0,0,25,0,350,0,1,83,68104,1637,0,26,0,0,0,LEADER,1,0,0,0,0,25
69243,85,adaptive-prasle,2059,1,0,0,25,0,350,0,1,85,67184,2059,0,26,0,0,0,LEADER,1,0,0,0,0,25
69771,19,adaptive-prasle,1667,1,0,0,25,0,350,0,1,19,68104,1667,0,26,0,0,0,LEADER,1,0,0,0,0,25
69926,65,adaptive-prasle,1822,1,0,0,25,0,350,0,1,65,68104,1822,0,26,0,0,0,LEADER,1,0,0,0,0,25
69532,35,adaptive-prasle,1428,1,0,0,25,0,350,0,1,35,68104,1428,0,26,0,0,0,LEADER,1,0,0,0,0,25
69547,86,adaptive-prasle,1443,1,0,0,25,0,350,0,1,86,68104,1443,0,26,0,0,0,LEADER,1,0,0,0,0,25
69590,50,adaptive-prasle,2406,1,0,0,25,0,350,0,1,50,67184,2406,0,26,0,0,0,LEADER,1,0,0,0,0,25
69605,55,adaptive-prasle,1501,1,0,0,25,0,350,0,1,55,68104,1501,0,26,0,0,0,LEADER,1,0,0,0,0,25
69644,63,adaptive-prasle,1540,1,0,0,25,0,350,0,1,63,68104,1540,0,26,0,0,0,LEADER,1,0,0,0,0,25
70008,46,adaptive-prasle,1904,1,0,0,25,0,350,0,1,46,68104,1904,0,26,0,0,0,LEADER,1,0,0,0,0,25
69805,53,adaptive-prasle,1701,1,0,0,25,0,350,0,1,53,68104,1701,0,26,0,0,0,LEADER,1,0,0,0,0,25
69158,23,adaptive-prasle,1974,1,0,0,25,0,350,0,1,23,67184,1974,0,26,0,0,0,LEADER,1,0,0,0,0,25
70026,88,adaptive-prasle,1922,1,0,0,25,0,350,0,1,88,68104,1922,0,26,0,0,0,LEADER,1,0,0,0,0,25
69553,34,adaptive-prasle,1449,1,0,0,25,0,350,0,1,34,68104,1449,0,26,0,0,0,LEADER,1,0,0,0,0,25
69161,97,adaptive-prasle,1977,1,0,0,25,0,350,0,1,97,67184,1977,0,26,0,0,0,LEADER,1,0,0,0,0,25
69281,20,adaptive-prasle,2095,1,0,0,25,0,350,0,1,20,67186,2095,0,26,0,0,0,LEADER,1,0,0,0,0,25
69361,40,adaptive-prasle,2177,1,0,0,25,0,350,0,1,40,67184,2177,0,26,0,0,0,LEADER,1,0,0,0,0,25
69284,47,adaptive-prasle,2100,1,0,0,25,0,350,0,1,47,67184,2100,0,26,0,0,0,LEADER,1,0,0,0,0,25
70196,95,adaptive-prasle,2092,1,0,0,25,0,350,0,1,95,68104,2092,0,26,0,0,0,LEADER,1,0,0,0,0,25
69579,25,adaptive-prasle,2395,1,0,0,25,0,350,0,1,25,67184,2395,0,26,0,0,0,LEADER,1,0,0,0,0,25
70184,84,adaptive-prasle,2080,1,0,0,25,0,350,0,1,84,68104,2080,0,26,0,0,0,LEADER,1,0,0,0,0,25
69461,70,adaptive-prasle,2277,1,0,0,25,0,350,0,1,70,67184,2277,0,26,0,0,0,LEADER,1,0,0,0,0,25
69379,82,adaptive-prasle,2195,1,0,0,25,0,350,0,1,82,67184,2195,0,26,0,0,0,LEADER,1,0,0,0,0,25
69597,67,adaptive-prasle,2413,1,0,0,25,0,350,0,1,67,67184,2413,0,26,0,0,0,LEADER,1,0,0,0,0,25
69549,89,adaptive-prasle,2365,1,0,0,25,0,350,0,1,89,67184,2365,0,26,0,0,0,LEADER,1,0,0,0,0,25
70217,28,adaptive-prasle,2113,1,0,0,25,0,350,0,1,28,68104,2113,0,26,0,0,0,LEADER,1,0,0,0,0,25
69959,68,adaptive-prasle,1855,1,0,0,25,0,350,0,1,68,68104,1855,0,26,0,0,0,LEADER,1,0,0,0,0,25
69911,90,adaptive-prasle,1807,1,0,0,25,0,350,0,1,90,68104,1807,0,26,0,0,0,LEADER,1,0,0,0,0,25
69572,76,adaptive-prasle,1468,1,0,0,25,0,350,0,1,76,68104,1468,0,26,0,0,0,LEADER,1,0,0,0,0,25
69893,10,adaptive-prasle,1789,1,0,0,25,0,350,0,1,10,68104,1789,0,26,0,0,0,LEADER,1,0,0,0,0,25
70325,58,adaptive-prasle,2221,1,0,0,25,0,350,0,1,58,68104,2221,0,26,0,0,0,LEADER,1,0,0,0,0,25
69915,17,adaptive-prasle,1782,1,0,0,9,9,126,126,3,17,68133,1782,0,4,0,0,0,LEADER,1,0,0,0,0,9
69708,73,adaptive-prasle,1604,1,0,0,25,0,350,0,1,73,68104,1604,0,26,0,0,0,LEADER,1,0,0,0,0,25
69449,59,adaptive-prasle,2265,1,0,0,25,0,350,0,1,59,67184,2265,0,26,0,0,0,LEADER,1,0,0,0,0,25
70266,18,adaptive-prasle,2226,1,0,0,10,8,140,112,3,18,68040,2226,0,4,0,0,0,LEADER,1,0,0,0,0,10
69723,41,adaptive-prasle,1619,1,0,0,25,0,350,0,1,41,68104,1619,0,26,0,0,0,LEADER,1,0,0,0,0,25
69638,96,adaptive-prasle,1534,1,0,0,25,0,350,0,1,96,68104,1534,0,26,0,0,0,LEADER,1,0,0,0,0,25
69871,49,adaptive-prasle,1767,1,0,0,25,0,350,0,1,49,68104,1767,0,26,0,0,0,LEADER,1,0,0,0,0,25
69940,74,adaptive-prasle,1837,1,0,0,25,0,350,0,1,74,68103,1837,0,26,0,0,0,LEADER,1,0,0,0,0,25
70332,92,adaptive-prasle,2228,1,0,0,25,0,350,0,1,92,68104,2228,0,26,0,0,0,LEADER,1,0,0,0,0,25
69538,66,adaptive-prasle,1434,1,0,0,25,0,350,0,1,66,68104,1434,0,26,0,0,0,LEADER,1,0,0,0,0,25
69564,57,adaptive-prasle,2380,1,0,0,25,0,350,0,1,57,67184,2380,0,26,0,0,0,LEADER,1,0,0,0,0,25
70364,78,adaptive-prasle,2260,1,0,0,25,0,350,0,1,78,68104,2260,0,26,0,0,0,LEADER,1,0,0,0,0,25
69530,39,adaptive-prasle,2346,1,0,0,25,0,350,0,1,39,67184,2346,0,26,0,0,0,LEADER,1,0,0,0,0,25
70247,30,adaptive-prasle,2143,1,0,0,25,0,350,0,1,30,68104,2143,0,26,0,0,0,LEADER,1,0,0,0,0,25
69653,64,adaptive-prasle,1549,1,0,0,25,0,350,0,1,64,68104,1549,0,26,0,0,0,LEADER,1,0,0,0,0,25
69878,80,adaptive-prasle,1774,1,0,0,25,0,350,0,1,80,68104,1774,0,26,0,0,0,LEADER,1,0,0,0,0,25
69618,54,adaptive-prasle,1516,1,0,0,25,0,350,0,1,54,68102,1516,0,26,0,0,0,LEADER,1,0,0,0,0,25
70144,43,adaptive-prasle,2040,1,0,0,25,0,350,0,1,43,68104,2040,0,26,0,0,0,LEADER,1,0,0,0,0,25
70064,26,adaptive-prasle,1960,1,0,0,25,0,350,0,1,26,68104,1960,0,26,0,0,0,LEADER,1,0,0,0,0,25
69694,42,adaptive-prasle,1591,1,0,0,25,0,350,0,1,42,68103,1591,0,26,0,0,0,LEADER,1,0,0,0,0,25
69702,31,adaptive-prasle,1598,1,0,0,25,0,350,0,1,31,68104,1598,0,26,0,0,0,LEADER,1,0,0,0,0,25
70459,94,adaptive-prasle,2355,1,0,0,25,0,350,0,1,94,68104,2355,0,26,0,0,0,LEADER,1,0,0,0,0,25
70029,45,adaptive-prasle,1925,1,0,0,25,0,350,0,1,45,68104,1925,0,26,0,0,0,LEADER,1,0,0,0,0,25
70402,60,adaptive-prasle,2298,1,0,0,25,0,350,0,1,60,68104,2298,0,26,0,0,0,LEADER,1,0,0,0,0,25
70508,44,adaptive-prasle,1483,1,0,0,26,0,364,0,1,44,69025,1483,0,27,0,0,0,LEADER,1,0,0,0,0,26
70111,33,adaptive-prasle,2007,1,0,0,25,0,350,0,1,33,68104,2007,0,26,0,0,0,LEADER,1,0,0,0,0,25
69756,51,adaptive-prasle,1652,1,0,0,25,0,350,0,1,51,68104,1652,0,26,0,0,0,LEADER,1,0,0,0,0,25
70266,72,adaptive-prasle,2162,1,0,0,25,0,350,0,1,72,68104,2162,0,26,0,0,0,LEADER,1,0,0,0,0,25
70556,22,adaptive-prasle,1531,1,0,0,26,0,364,0,1,22,69025,1531,0,27,0,0,0,LEADER,1,0,0,0,0,26
70056,24,adaptive-prasle,1952,1,0,0,25,0,350,0,1,24,68104,1952,0,26,0,0,0,LEADER,1,0,0,0,0,25
70589,32,adaptive-prasle,1564,1,0,0,26,0,364,0,1,32,69025,1564,0,27,0,0,0,LEADER,1,0,0,0,0,26
69775,93,adaptive-prasle,1671,1,0,0,25,0,350,0,1,93,68104,1671,0,26,0,0,0,LEADER,1,0,0,0,0,25
70447,69,adaptive-prasle,2343,1,0,0,25,0,350,0,1,69,68104,2343,0,26,0,0,0,LEADER,1,0,0,0,0,25
70434,79,adaptive-prasle,2331,1,0,0,25,0,350,0,1,79,68103,2331,0,26,0,0,0,LEADER,1,0,0,0,0,25
70129,75,adaptive-prasle,2025,1,0,0,25,0,350,0,1,75,68104,2025,0,26,0,0,0,LEADER,1,0,0,0,0,25
69856,81,adaptive-prasle,1752,1,0,0,25,0,350,0,1,81,68104,1752,0,26,0,0,0,LEADER,1,0,0,0,0,25
70299,5,adaptive-prasle,2338,1,0,0,8,15,112,210,4,3,67961,2338,0,5,0,0,0,NORMAL,0,0,0,0,0,8
69714,52,adaptive-prasle,1610,1,0,0,25,0,350,0,1,52,68104,1610,0,26,0,0,0,LEADER,1,0,0,0,0,25
70301,7,adaptive-prasle,1749,1,0,0,9,16,126,224,3,3,68552,1749,0,4,0,0,0,NORMAL,0,0,0,0,0,9
70193,21,adaptive-prasle,2088,1,0,0,25,0,350,0,1,21,68105,2088,0,26,0,0,0,LEADER,1,0,0,0,0,25
70369,29,adaptive-prasle,2265,1,0,0,25,0,350,0,1,29,68104,2265,0,26,0,0,0,LEADER,1,0,0,0,0,25
69945,100,adaptive-prasle,1841,1,0,0,25,0,350,0,1,100,68104,1841,0,26,0,0,0,LEADER,1,0,0,0,0,25
69790,61,adaptive-prasle,1686,1,0,0,25,0,350,0,1,61,68104,1686,0,26,0,0,0,LEADER,1,0,0,0,0,25
70354,91,adaptive-prasle,2250,1,0,0,25,0,350,0,1,91,68104,2250,0,26,0,0,0,LEADER,1,0,0,0,0,25
70314,37,adaptive-prasle,2210,1,0,0,25,0,350,0,1,37,68104,2210,0,26,0,0,0,LEADER,1,0,0,0,0,25
69859,38,adaptive-prasle,1755,1,0,0,25,0,350,0,1,38,68104,1755,0,26,0,0,0,LEADER,1,0,0,0,0,25
70523,98,adaptive-prasle,2419,1,0,0,25,0,350,0,1,98,68104,2419,0,26,0,0,0,LEADER,1,0,0,0,0,25
70382,27,adaptive-prasle,2280,1,0,0,25,0,350,0,1,27,68102,2280,0,26,0,0,0,LEADER,1,0,0,0,0,25
70232,62,adaptive-prasle,2128,1,0,0,25,0,350,0,1,62,68104,2128,0,26,0,0,0,LEADER,1,0,0,0,0,25
70041,56,adaptive-prasle,1937,1,0,0,25,0,350,0,1,56,68104,1937,0,26,0,0,0,LEADER,1,0,0,0,0,25
70429,99,adaptive-prasle,2328,1,0,0,25,0,350,0,1,99,68101,2328,0,26,0,0,0,LEADER,1,0,0,0,0,25
70306,48,adaptive-prasle,2202,1,0,0,25,0,350,0,1,48,68104,2202,0,26,0,0,0,LEADER,1,0,0,0,0,25
69823,71,adaptive-prasle,1719,1,0,0,25,0,350,0,1,71,68104,1719,0,26,0,0,0,LEADER,1,0,0,0,0,25
70048,87,adaptive-prasle,1944,1,0,0,25,0,350,0,1,87,68104,1944,0,26,0,0,0,LEADER,1,0,0,0,0,25
69974,36,adaptive-prasle,1870,1,0,0,25,0,350,0,1,36,68104,1870,0,26,0,0,0,LEADER,1,0,0,0,0,25
70471,77,adaptive-prasle,1446,1,0,0,26,0,364,0,1,77,69025,1446,0,27,0,0,0,LEADER,1,0,0,0,0,26
70662,83,adaptive-prasle,1637,1,0,0,26,0,364,0,1,83,69025,1637,0,27,0,0,0,LEADER,1,0,0,0,0,26
70163,85,adaptive-prasle,2059,1,0,0,25,0,350,0,1,85,68104,2059,0,26,0,0,0,LEADER,1,0,0,0,0,25
70692,19,adaptive-prasle,1667,1,0,0,26,0,364,0,1,19,69025,1667,0,27,0,0,0,LEADER,1,0,0,0,0,26
70847,65,adaptive-prasle,1822,1,0,0,26,0,364,0,1,65,69025,1822,0,27,0,0,0,LEADER,1,0,0,0,0,26
70453,35,adaptive-prasle,1428,1,0,0,26,0,364,0,1,35,69025,1428,0,27,0,0,0,LEADER,1,0,0,0,0,26
70468,86,adaptive-prasle,1443,1,0,0,26,0,364,0,1,86,69025,1443,0,27,0,0,0,LEADER,1,0,0,0,0,26
70510,50,adaptive-prasle,2406,1,0,0,25,0,350,0,1,50,68104,2406,0,26,0,0,0,LEADER,1,0,0,0,0,25
70526,55,adaptive-prasle,1501,1,0,0,26,0,364,0,1,55,69025,1501,0,27,0,0,0,LEADER,1,0,0,0,0,26
70565,63,adaptive-prasle,1540,1,0,0,26,0,364,0,1,63,69025,1540,0,27,0,0,0,LEADER,1,0,0,0,0,26
70929,46,adaptive-prasle,1904,1,0,0,26,0,364,0,1,46,69025,1904,0,27,0,0,0,LEADER,1,0,0,0,0,26
70725,53,adaptive-prasle,1701,1,0,0,26,0,364,0,1,53,69024,1701,0,27,0,0,0,LEADER,1,0,0,0,0,26
70078,23,adaptive-prasle,1974,1,0,0,25,0,350,0,1,23,68104,1974,0,26,0,0,0,LEADER,1,0,0,0,0,25
70947,88,adaptive-prasle,1922,1,0,0,26,0,364,0,1,88,69025,1922,0,27,0,0,0,LEADER,1,0,0,0,0,26
70474,34,adaptive-prasle,1449,1,0,0,26,0,364,0,1,34,69025,1449,0,27,0,0,0,LEADER,1,0,0,0,0,26
70081,97,adaptive-prasle,1977,1,0,0,25,0,350,0,1,97,68104,1977,0,26,0,0,0,LEADER,1,0,0,0,0,25
70201,20,adaptive-prasle,2095,1,0,0,25,0,350,0,1,20,68106,2095,0,26,0,0,0,LEADER,1,0,0,0,0,25
70281,40,adaptive-prasle,2177,1,0,0,25,0,350,0,1,40,68104,2177,0,26,0,0,0,LEADER,1,0,0,0,0,25
70204,47,adaptive-prasle,2100,1,0,0,25,0,350,0,1,47,68104,2100,0,26,0,0,0,LEADER,1,0,0,0,0,25
71117,95,adaptive-prasle,2092,1,0,0,26,0,364,0,1,95,69025,2092,0,27,0,0,0,LEADER,1,0,0,0,0,26
70499,25,adaptive-prasle,2395,1,0,0,25,0,350,0,1,25,68104,2395,0,26,0,0,0,LEADER,1,0,0,0,0,25
71105,84,adaptive-prasle,2080,1,0,0,26,0,364,0,1,84,69025,2080,0,27,0,0,0,LEADER,1,0,0,0,0,26
70381,70,adaptive-prasle,2277,1,0,0,25,0,350,0,1,70,68104,2277,0,26,0,0,0,LEADER,1,0,0,0,0,25
70299,82,adaptive-prasle,2195,1,0,0,25,0,350,0,1,82,68104,2195,0,26,0,0,0,LEADER,1,0,0,0,0,25
70517,67,adaptive-prasle,2413,1,0,0,25,0,350,0,1,67,68104,2413,0,26,0,0,0,LEADER,1,0,0,0,0,25
70469,89,adaptive-prasle,2365,1,0,0,25,0,350,0,1,89,68104,2365,0,26,0,0,0,LEADER,1,0,0,0,0,25
71138,28,adaptive-prasle,2113,1,0,0,26,0,364,0,1,28,69025,2113,0,27,0,0,0,LEADER,1,0,0,0,0,26
70880,68,adaptive-prasle,1855,1,0,0,26,0,364,0,1,68,69025,1855,0,27,0,0,0,LEADER,1,0,0,0,0,26
70832,90,adaptive-prasle,1807,1,0,0,26,0,364,0,1,90,69025,1807,0,27,0,0,0,LEADER,1,0,0,0,0,26
70493,76,adaptive-prasle,1468,1,0,0,26,0,364,0,1,76,69025,1468,0,27,0,0,0,LEADER,1,0,0,0,0,26
70814,10,adaptive-prasle,1789,1,0,0,26,0,364,0,1,10,69025,1789,0,27,0,0,0,LEADER,1,0,0,0,0,26
71246,58,adaptive-prasle,2221,1,0,0,26,0,364,0,1,58,69025,2221,0,27,0,0,0,LEADER,1,0,0,0,0,26
70629,73,adaptive-prasle,1604,1,0,0,26,0,364,0,1,73,69025,1604,0,27,0,0,0,LEADER,1,0,0,0,0,26
70369,59,adaptive-prasle,2265,1,0,0,25,0,350,0,1,59,68104,2265,0,26,0,0,0,LEADER,1,0,0,0,0,25
70644,41,adaptive-prasle,1619,1,0,0,26,0,364,0,1,41,69025,1619,0,27,0,0,0,LEADER,1,0,0,0,0,26
70559,96,adaptive-prasle,1534,1,0,0,26,0,364,0,1,96,69025,1534,0,27,0,0,0,LEADER,1,0,0,0,0,26
70792,49,adaptive-prasle,1767,1,0,0,26,0,364,0,1,49,69025,1767,0,27,0,0,0,LEADER,1,0,0,0,0,26
70861,74,adaptive-prasle,1837,1,0,0,26,0,364,0,1,74,69024,1837,0,27,0,0,0,LEADER,1,0,0,0,0,26
71253,92,adaptive-prasle,2228,1,0,0,26,0,364,0,1,92,69025,2228,0,27,0,0,0,LEADER,1,0,0,0,0,26
70459,66,adaptive-prasle,1434,1,0,0,26,0,364,0,1,66,69025,1434,0,27,0,0,0,LEADER,1,0,0,0,0,26
70484,57,adaptive-prasle,2380,1,0,0,25,0,350,0,1,57,68104,2380,0,26,0,0,0,LEADER,1,0,0,0,0,25
71285,78,adaptive-prasle,2260,1,0,0,26,0,364,0,1,78,69025,2260,0,27,0,0,0,LEADER,1,0,0,0,0,26
70450,39,adaptive-prasle,2346,1,0,0,25,0,350,0,1,39,68104,2346,0,26,0,0,0,LEADER,1,0,0,0,0,25
71168,30,adaptive-prasle,2143,1,0,0,26,0,364,0,1,30,69025,2143,0,27,0,0,0,LEADER,1,0,0,0,0,26
70574,64,adaptive-prasle,1549,1,0,0,26,0,364,0,1,64,69025,1549,0,27,0,0,0,LEADER,1,0,0,0,0,26
70799,80,adaptive-prasle,1774,1,0,0,26,0,364,0,1,80,69025,1774,0,27,0,0,0,LEADER,1,0,0,0,0,26
70539,54,adaptive-prasle,1516,1,0,0,26,0,364,0,1,54,69023,1516,0,27,0,0,0,LEADER,1,0,0,0,0,26
71065,43,adaptive-prasle,2040,1,0,0,26,0,364,0,1,43,69025,2040,0,27,0,0,0,LEADER,1,0,0,0,0,26
70985,26,adaptive-prasle,1960,1,0,0,26,0,364,0,1,26,69025,1960,0,27,0,0,0,LEADER,1,0,0,0,0,26
70615,42,adaptive-prasle,1591,1,0,0,26,0,364,0,1,42,69024,1591,0,27,0,0,0,LEADER,1,0,0,0,0,26
70623,31,adaptive-prasle,1598,1,0,0,26,0,364,0,1,31,69025,1598,0,27,0,0,0,LEADER,1,0,0,0,0,26
71380,94,adaptive-prasle,2355,1,0,0,26,0,364,0,1,94,69025,2355,0,27,0,0,0,LEADER,1,0,0,0,0,26
70950,45,adaptive-prasle,1925,1,0,0,26,0,364,0,1,45,69025,1925,0,27,0,0,0,LEADER,1,0,0,0,0,26
71323,60,adaptive-prasle,2298,1,0,0,26,0,364,0,1,60,69025,2298,0,27,0,0,0,LEADER,1,0,0,0,0,26
71428,44,adaptive-prasle,1483,1,0,0,26,0,364,0,1,44,69945,1483,0,27,0,0,0,LEADER,1,0,0,0,0,26
71032,33,adaptive-prasle,2007,1,0,0,26,0,364,0,1,33,69025,2007,0,27,0,0,0,LEADER,1,0,0,0,0,26
70677,51,adaptive-prasle,1652,1,0,0,26,0,364,0,1,51,69025,1652,0,27,0,0,0,LEADER,1,0,0,0,0,26
71476,22,adaptive-prasle,1531,1,0,0,26,0,364,0,1,22,69945,1531,0,27,0,0,0,LEADER,1,0,0,0,0,26
71187,72,adaptive-prasle,2162,1,0,0,26,0,364,0,1,72,69025,2162,0,27,0,0,0,LEADER,1,0,0,0,0,26
70977,24,adaptive-prasle,1952,1,0,0,26,0,364,0,1,24,69025,1952,0,27,0,0,0,LEADER,1,0,0,0,0,26
71509,32,adaptive-prasle,1564,1,0,0,26,0,364,0,1,32,69945,1564,0,27,0,0,0,LEADER,1,0,0,0,0,26
70696,93,adaptive-prasle,1671,1,0,0,26,0,364,0,1,93,69025,1671,0,27,0,0,0,LEADER,1,0,0,0,0,26
71368,69,adaptive-prasle,2343,1,0,0,26,0,364,0,1,69,69025,2343,0,27,0,0,0,LEADER,1,0,0,0,0,26
71355,79,adaptive-prasle,2331,1,0,0,26,0,364,0,1,79,69024,2331,0,27,0,0,0,LEADER,1,0,0,0,0,26
71050,75,adaptive-prasle,2025,1,0,0,26,0,364,0,1,75,69025,2025,0,27,0,0,0,LEADER,1,0,0,0,0,26
70777,81,adaptive-prasle,1752,1,0,0,26,0,364,0,1,81,69025,1752,0,27,0,0,0,LEADER,1,0,0,0,0,26
70635,52,adaptive-prasle,1610,1,0,0,26,0,364,0,1,52,69025,1610,0,27,0,0,0,LEADER,1,0,0,0,0,26
71114,21,adaptive-prasle,2088,1,0,0,26,0,364,0,1,21,69026,2088,0,27,0,0,0,LEADER,1,0,0,0,0,26
71290,29,adaptive-prasle,2265,1,0,0,26,0,364,0,1,29,69025,2265,0,27,0,0,0,LEADER,1,0,0,0,0,26
70866,100,adaptive-prasle,1841,1,0,0,26,0,364,0,1,100,69025,1841,0,27,0,0,0,LEADER,1,0,0,0,0,26
70711,61,adaptive-prasle,1686,1,0,0,26,0,364,0,1,61,69025,1686,0,27,0,0,0,LEADER,1,0,0,0,0,26
71275,91,adaptive-prasle,2250,1,0,0,26,0,364,0,1,91,69025,2250,0,27,0,0,0,LEADER,1,0,0,0,0,26
71235,37,adaptive-prasle,2210,1,0,0,26,0,364,0,1,37,69025,2210,0,27,0,0,0,LEADER,1,0,0,0,0,26
70780,38,adaptive-prasle,1755,1,0,0,26,0,364,0,1,38,69025,1755,0,27,0,0,0,LEADER,1,0,0,0,0,26
71444,98,adaptive-prasle,2419,1,0,0,26,0,364,0,1,98,69025,2419,0,27,0,0,0,LEADER,1,0,0,0,0,26
71303,27,adaptive-prasle,2280,1,0,0,26,0,364,0,1,27,69023,2280,0,27,0,0,0,LEADER,1,0,0,0,0,26
71153,62,adaptive-prasle,2128,1,0,0,26,0,364,0,1,62,69025,2128,0,27,0,0,0,LEADER,1,0,0,0,0,26
70962,56,adaptive-prasle,1937,1,0,0,26,0,364,0,1,56,69025,1937,0,27,0,0,0,LEADER,1,0,0,0,0,26
71350,99,adaptive-prasle,2328,1,0,0,26,0,364,0,1,99,69022,2328,0,27,0,0,0,LEADER,1,0,0,0,0,26
71227,48,adaptive-prasle,2202,1,0,0,26,0,364,0,1,48,69025,2202,0,27,0,0,0,LEADER,1,0,0,0,0,26
70744,71,adaptive-prasle,1719,1,0,0,26,0,364,0,1,71,69025,1719,0,27,0,0,0,LEADER,1,0,0,0,0,26
70969,87,adaptive-prasle,1944,1,0,0,26,0,364,0,1,87,69025,1944,0,27,0,0,0,LEADER,1,0,0,0,0,26
70895,36,adaptive-prasle,1870,1,0,0,26,0,364,0,1,36,69025,1870,0,27,0,0,0,LEADER,1,0,0,0,0,26
71391,77,adaptive-prasle,1446,1,0,0,26,0,364,0,1,77,69945,1446,0,27,0,0,0,LEADER,1,0,0,0,0,26
71582,83,adaptive-prasle,1637,1,0,0,26,0,364,0,1,83,69945,1637,0,27,0,0,0,LEADER,1,0,0,0,0,26
71084,85,adaptive-prasle,2059,1,0,0,26,0,364,0,1,85,69025,2059,0,27,0,0,0,LEADER,1,0,0,0,0,26
71612,19,adaptive-prasle,1667,1,0,0,26,0,364,0,1,19,69945,1667,0,27,0,0,0,LEADER,1,0,0,0,0,26
71767,65,adaptive-prasle,1822,1,0,0,26,0,364,0,1,65,69945,1822,0,27,0,0,0,LEADER,1,0,0,0,0,26
71373,35,adaptive-prasle,1428,1,0,0,26,0,364,0,1,35,69945,1428,0,27,0,0,0,LEADER,1,0,0,0,0,26
71388,86,adaptive-prasle,1443,1,0,0,26,0,364,0,1,86,69945,1443,0,27,0,0,0,LEADER,1,0,0,0,0,26
71431,50,adaptive-prasle,2406,1,0,0,26,0,364,0,1,50,69025,2406,0,27,0,0,0,LEADER,1,0,0,0,0,26
71446,55,adaptive-prasle,1501,1,0,0,26,0,364,0,1,55,69945,1501,0,27,0,0,0,LEADER,1,0,0,0,0,26
71485,63,adaptive-prasle,1540,1,0,0,26,0,364,0,1,63,69945,1540,0,27,0,0,0,LEADER,1,0,0,0,0,26
71849,46,adaptive-prasle,1904,1,0,0,26,0,364,0,1,46,69945,1904,0,27,0,0,0,LEADER,1,0,0,0,0,26
71645,53,adaptive-prasle,1701,1,0,0,26,0,364,0,1,53,69944,1701,0,27,0,0,0,LEADER,1,0,0,0,0,26
70999,23,adaptive-prasle,1974,1,0,0,26,0,364,0,1,23,69025,1974,0,27,0,0,0,LEADER,1,0,0,0,0,26
71867,88,adaptive-prasle,1922,1,0,0,26,0,364,0,1,88,69945,1922,0,27,0,0,0,LEADER,1,0,0,0,0,26
71394,34,adaptive-prasle,1449,1,0,0,26,0,364,0,1,34,69945,1449,0,27,0,0,0,LEADER,1,0,0,0,0,26
71002,97,adaptive-prasle,1977,1,0,0,26,0,364,0,1,97,69025,1977,0,27,0,0,0,LEADER,1,0,0,0,0,26
71122,20,adaptive-prasle,2095,1,0,0,26,0,364,0,1,20,69027,2095,0,27,0,0,0,LEADER,1,0,0,0,0,26
71202,40,adaptive-prasle,2177,1,0,0,26,0,364,0,1,40,69025,2177,0,27,0,0,0,LEADER,1,0,0,0,0,26
71125,47,adaptive-prasle,2100,1,0,0,26,0,364,0,1,47,69025,2100,0,27,0,0,0,LEADER,1,0,0,0,0,26
72037,95,adaptive-prasle,2092,1,0,0,26,0,364,0,1,95,69945,2092,0,27,0,0,0,LEADER,1,0,0,0,0,26
71420,25,adaptive-prasle,2395,1,0,0,26,0,364,0,1,25,69025,2395,0,27,0,0,0,LEADER,1,0,0,0,0,26
72025,84,adaptive-prasle,2080,1,0,0,26,0,364,0,1,84,69945,2080,0,27,0,0,0,LEADER,1,0,0,0,0,26
71302,70,adaptive-prasle,2277,1,0,0,26,0,364,0,1,70,69025,2277,0,27,0,0,0,LEADER,1,0,0,0,0,26
71220,82,adaptive-prasle,2195,1,0,0,26,0,364,0,1,82,69025,2195,0,27,0,0,0,LEADER,1,0,0,0,0,26
71438,67,adaptive-prasle,2413,1,0,0,26,0,364,0,1,67,69025,2413,0,27,0,0,0,LEADER,1,0,0,0,0,26
71390,89,adaptive-prasle,2365,1,0,0,26,0,364,0,1,89,69025,2365,0,27,0,0,0,LEADER,1,0,0,0,0,26
72058,28,adaptive-prasle,2113,1,0,0,26,0,364,0,1,28,69945,2113,0,27,0,0,0,LEADER,1,0,0,0,0,26
71800,68,adaptive-prasle,1855,1,0,0,26,0,364,0,1,68,69945,1855,0,27,0,0,0,LEADER,1,0,0,0,0,26
71752,90,adaptive-prasle,1807,1,0,0,26,0,364,0,1,90,69945,1807,0,27,0,0,0,LEADER,1,0,0,0,0,26
71858,14,adaptive-prasle,2096,1,0,0,7,7,98,98,2,14,69762,2096,0,4,0,0,0,LEADER,1,0,0,0,0,7
71413,76,adaptive-prasle,1468,1,0,0,26,0,364,0,1,76,69945,1468,0,27,0,0,0,LEADER,1,0,0,0,0,26
71734,10,adaptive-prasle,1789,1,0,0,26,0,364,0,1,10,69945,1789,0,27,0,0,0,LEADER,1,0,0,0,0,26
72166,58,adaptive-prasle,2221,1,0,0,26,0,364,0,1,58,69945,2221,0,27,0,0,0,LEADER,1,0,0,0,0,26
71549,73,adaptive-prasle,1604,1,0,0,26,0,364,0,1,73,69945,1604,0,27,0,0,0,LEADER,1,0,0,0,0,26
71290,59,adaptive-prasle,2265,1,0,0,26,0,364,0,1,59,69025,2265,0,27,0,0,0,LEADER,1,0,0,0,0,26
71564,41,adaptive-prasle,1619,1,0,0,26,0,364,0,1,41,69945,1619,0,27,0,0,0,LEADER,1,0,0,0,0,26
71479,96,adaptive-prasle,1534,1,0,0,26,0,364,0,1,96,69945,1534,0,27,0,0,0,LEADER,1,0,0,0,0,26
71712,49,adaptive-prasle,1767,1,0,0,26,0,364,0,1,49,69945,1767,0,27,0,0,0,LEADER,1,0,0,0,0,26
71781,74,adaptive-prasle,1837,1,0,0,26,0,364,0,1,74,69944,1837,0,27,0,0,0,LEADER,1,0,0,0,0,26
72173,92,adaptive-prasle,2228,1,0,0,26,0,364,0,1,92,69945,2228,0,27,0,0,0,LEADER,1,0,0,0,0,26
71379,66,adaptive-prasle,1434,1,0,0,26,0,364,0,1,66,69945,1434,0,27,0,0,0,LEADER,1,0,0,0,0,26
71405,57,adaptive-prasle,2380,1,0,0,26,0,364,0,1,57,69025,2380,0,27,0,0,0,LEADER,1,0,0,0,0,26
72205,78,adaptive-prasle,2260,1,0,0,26,0,364,0,1,78,69945,2260,0,27,0,0,0,LEADER,1,0,0,0,0,26
71371,39,adaptive-prasle,2346,1,0,0,26,0,364,0,1,39,69025,2346,0,27,0,0,0,LEADER,1,0,0,0,0,26
72088,30,adaptive-prasle,2143,1,0,0,26,0,364,0,1,30,69945,2143,0,27,0,0,0,LEADER,1,0,0,0,0,26
71494,64,adaptive-prasle,1549,1,0,0,26,0,364,0,1,64,69945,1549,0,27,0,0,0,LEADER,1,0,0,0,0,26
71719,80,adaptive-prasle,1774,1,0,0,26,0,364,0,1,80,69945,1774,0,27,0,0,0,LEADER,1,0,0,0,0,26
71660,13,adaptive-prasle,1941,1,0,0,6,7,84,98,2,3,69719,1941,0,4,0,0,0,NORMAL,0,0,0,0,0,6
71459,54,adaptive-prasle,1516,1,0,0,26,0,364,0,1,54,69943,1516,0,27,0,0,0,LEADER,1,0,0,0,0,26
71985,43,adaptive-prasle,2040,1,0,0,26,0,364,0,1,43,69945,2040,0,27,0,0,0,LEADER,1,0,0,0,0,26
71905,26,adaptive-prasle,1960,1,0,0,26,0,364,0,1,26,69945,1960,0,27,0,0,0,LEADER,1,0,0,0,0,26
71535,42,adaptive-prasle,1591,1,0,0,26,0,364,0,1,42,69944,1591,0,27,0,0,0,LEADER,1,0,0,0,0,26
71543,31,adaptive-prasle,1598,1,0,0,26,0,364,0,1,31,69945,1598,0,27,0,0,0,LEADER,1,0,0,0,0,26
72300,94,adaptive-prasle,2355,1,0,0,26,0,364,0,1,94,69945,2355,0,27,0,0,0,LEADER,1,0,0,0,0,26
71870,45,adaptive-prasle,1925,1,0,0,26,0,364,0,1,45,69945,1925,0,27,0,0,0,LEADER,1,0,0,0,0,26
72243,60,adaptive-prasle,2298,1,0,0,26,0,364,0,1,60,69945,2298,0,27,0,0,0,LEADER,1,0,0,0,0,26
72348,44,adaptive-prasle,1483,1,0,0,26,0,364,0,1,44,70865,1483,0,27,0,0,0,LEADER,1,0,0,0,0,26
71952,33,adaptive-prasle,2007,1,0,0,26,0,364,0,1,33,69945,2007,0,27,0,0,0,LEADER,1,0,0,0,0,26
71597,51,adaptive-prasle,1652,1,0,0,26,0,364,0,1,51,69945,1652,0,27,0,0,0,LEADER,1,0,0,0,0,26
72396,22,adaptive-prasle,1531,1,0,0,26,0,364,0,1,22,70865,1531,0,27,0,0,0,LEADER,1,0,0,0,0,26
72107,72,adaptive-prasle,2162,1,0,0,26,0,364,0,1,72,69945,2162,0,27,0,0,0,LEADER,1,0,0,0,0,26
71897,24,adaptive-prasle,1952,1,0,0,26,0,364,0,1,24,69945,1952,0,27,0,0,0,LEADER,1,0,0,0,0,26
72429,32,adaptive-prasle,1564,1,0,0,26,0,364,0,1,32,70865,1564,0,27,0,0,0,LEADER,1,0,0,0,0,26
72288,69,adaptive-prasle,2343,1,0,0,26,0,364,0,1,69,69945,2343,0,27,0,0,0,LEADER,1,0,0,0,0,26
71616,93,adaptive-prasle,1671,1,0,0,26,0,364,0,1,93,69945,1671,0,27,0,0,0,LEADER,1,0,0,0,0,26
72275,79,adaptive-prasle,2331,1,0,0,26,0,364,0,1,79,69944,2331,0,27,0,0,0,LEADER,1,0,0,0,0,26
71970,75,adaptive-prasle,2025,1,0,0,26,0,364,0,1,75,69945,2025,0,27,0,0,0,LEADER,1,0,0,0,0,26
71697,81,adaptive-prasle,1752,1,0,0,26,0,364,0,1,81,69945,1752,0,27,0,0,0,LEADER,1,0,0,0,0,26
71555,52,adaptive-prasle,1610,1,0,0,26,0,364,0,1,52,69945,1610,0,27,0,0,0,LEADER,1,0,0,0,0,26
72034,21,adaptive-prasle,2088,1,0,0,26,0,364,0,1,21,69946,2088,0,27,0,0,0,LEADER,1,0,0,0,0,26
72210,29,adaptive-prasle,2265,1,0,0,26,0,364,0,1,29,69945,2265,0,27,0,0,0,LEADER,1,0,0,0,0,26
71786,100,adaptive-prasle,1841,1,0,0,26,0,364,0,1,100,69945,1841,0,27,0,0,0,LEADER,1,0,0,0,0,26
71631,61,adaptive-prasle,1686,1,0,0,26,0,364,0,1,61,69945,1686,0,27,0,0,0,LEADER,1,0,0,0,0,26
72195,91,adaptive-prasle,2250,1,0,0,26,0,364,0,1,91,69945,2250,0,27,0,0,0,LEADER,1,0,0,0,0,26
72155,37,adaptive-prasle,2210,1,0,0,26,0,364,0,1,37,69945,2210,0,27,0,0,0,LEADER,1,0,0,0,0,26
71700,38,adaptive-prasle,1755,1,0,0,26,0,364,0,1,38,69945,1755,0,27,0,0,0,LEADER,1,0,0,0,0,26
72364,98,adaptive-prasle,2419,1,0,0,26,0,364,0,1,98,69945,2419,0,27,0,0,0,LEADER,1,0,0,0,0,26
72223,27,adaptive-prasle,2280,1,0,0,26,0,364,0,1,27,69943,2280,0,27,0,0,0,LEADER,1,0,0,0,0,26
71882,56,adaptive-prasle,1937,1,0,0,26,0,364,0,1,56,69945,1937,0,27,0,0,0,LEADER,1,0,0,0,0,26
72073,62,adaptive-prasle,2128,1,0,0,26,0,364,0,1,62,69945,2128,0,27,0,0,0,LEADER,1,0,0,0,0,26
72270,99,adaptive-prasle,2328,1,0,0,26,0,364,0,1,99,69942,2328,0,27,0,0,0,LEADER,1,0,0,0,0,26
72147,48,adaptive-prasle,2202,1,0,0,26,0,364,0,1,48,69945,2202,0,27,0,0,0,LEADER,1,0,0,0,0,26
71664,71,adaptive-prasle,1719,1,0,0,26,0,364,0,1,71,69945,1719,0,27,0,0,0,LEADER,1,0,0,0,0,26
71889,87,adaptive-prasle,1944,1,0,0,26,0,364,0,1,87,69945,1944,0,27,0,0,0,LEADER,1,0,0,0,0,26
71815,36,adaptive-prasle,1870,1,0,0,26,0,364,0,1,36,69945,1870,0,27,0,0,0,LEADER,1,0,0,0,0,26
72311,77,adaptive-prasle,1446,1,0,0,26,0,364,0,1,77,70865,1446,0,27,0,0,0,LEADER,1,0,0,0,0,26
72502,83,adaptive-prasle,1637,1,0,0,26,0,364,0,1,83,70865,1637,0,27,0,0,0,LEADER,1,0,0,0,0,26
72004,85,adaptive-prasle,2059,1,0,0,26,0,364,0,1,85,69945,2059,0,27,0,0,0,LEADER,1,0,0,0,0,26
72532,19,adaptive-prasle,1667,1,0,0,26,0,364,0,1,19,70865,1667,0,27,0,0,0,LEADER,1,0,0,0,0,26
72687,65,adaptive-prasle,1822,1,0,0,26,0,364,0,1,65,70865,1822,0,27,0,0,0,LEADER,1,0,0,0,0,26
72293,35,adaptive-prasle,1428,1,0,0,26,0,364,0,1,35,70865,1428,0,27,0,0,0,LEADER,1,0,0,0,0,26
72308,86,adaptive-prasle,1443,1,0,0,26,0,364,0,1,86,70865,1443,0,27,0,0,0,LEADER,1,0,0,0,0,26
72351,50,adaptive-prasle,2406,1,0,0,26,0,364,0,1,50,69945,2406,0,27,0,0,0,LEADER,1,0,0,0,0,26
72366,55,adaptive-prasle,1501,1,0,0,26,0,364,0,1,55,70865,1501,0,27,0,0,0,LEADER,1,0,0,0,0,26
72405,63,adaptive-prasle,1540,1,0,0,26,0,364,0,1,63,70865,1540,0,27,0,0,0,LEADER,1,0,0,0,0,26
72769,46,adaptive-prasle,1904,1,0,0,26,0,364,0,1,46,70865,1904,0,27,0,0,0,LEADER,1,0,0,0,0,26
72565,53,adaptive-prasle,1701,1,0,0,26,0,364,0,1,53,70864,1701,0,27,0,0,0,LEADER,1,0,0,0,0,26
71919,23,adaptive-prasle,1974,1,0,0,26,0,364,0,1,23,69945,1974,0,27,0,0,0,LEADER,1,0,0,0,0,26
72787,88,adaptive-prasle,1922,1,0,0,26,0,364,0,1,88,70865,1922,0,27,0,0,0,LEADER,1,0,0,0,0,26
72314,34,adaptive-prasle,1449,1,0,0,26,0,364,0,1,34,70865,1449,0,27,0,0,0,LEADER,1,0,0,0,0,26
71922,97,adaptive-prasle,1977,1,0,0,26,0,364,0,1,97,69945,1977,0,27,0,0,0,LEADER,1,0,0,0,0,26
72042,20,adaptive-prasle,2095,1,0,0,26,0,364,0,1,20,69947,2095,0,27,0,0,0,LEADER,1,0,0,0,0,26
72122,40,adaptive-prasle,2177,1,0,0,26,0,364,0,1,40,69945,2177,0,27,0,0,0,LEADER,1,0,0,0,0,26
72045,47,adaptive-prasle,2100,1,0,0,26,0,364,0,1,47,69945,2100,0,27,0,0,0,LEADER,1,0,0,0,0,26
72957,95,adaptive-prasle,2092,1,0,0,26,0,364,0,1,95,70865,2092,0,27,0,0,0,LEADER,1,0,0,0,0,26
72340,25,adaptive-prasle,2395,1,0,0,26,0,364,0,1,25,69945,2395,0,27,0,0,0,LEADER,1,0,0,0,0,26
72945,84,adaptive-prasle,2080,1,0,0,26,0,364,0,1,84,70865,2080,0,27,0,0,0,LEADER,1,0,0,0,0,26
72222,70,adaptive-prasle,2277,1,0,0,26,0,364,0,1,70,69945,2277,0,27,0,0,0,LEADER,1,0,0,0,0,26
72140,82,adaptive-prasle,2195,1,0,0,26,0,364,0,1,82,69945,2195,0,27,0,0,0,LEADER,1,0,0,0,0,26
72358,67,adaptive-prasle,2413,1,0,0,26,0,364,0,1,67,69945,2413,0,27,0,0,0,LEADER,1,0,0,0,0,26
72310,89,adaptive-prasle,2365,1,0,0,26,0,364,0,1,89,69945,2365,0,27,0,0,0,LEADER,1,0,0,0,0,26
72978,28,adaptive-prasle,2113,1,0,0,26,0,364,0,1,28,70865,2113,0,27,0,0,0,LEADER,1,0,0,0,0,26
72720,68,adaptive-prasle,1855,1,0,0,26,0,364,0,1,68,70865,1855,0,27,0,0,0,LEADER,1,0,0,0,0,26
72672,90,adaptive-prasle,1807,1,0,0,26,0,364,0,1,90,70865,1807,0,27,0,0,0,LEADER,1,0,0,0,0,26
72333,76,adaptive-prasle,1468,1,0,0,26,0,364,0,1,76,70865,1468,0,27,0,0,0,LEADER,1,0,0,0,0,26
72654,10,adaptive-prasle,1789,1,0,0,26,0,364,0,1,10,70865,1789,0,27,0,0,0,LEADER,1,0,0,0,0,26
73086,58,adaptive-prasle,2221,1,0,0,26,0,364,0,1,58,70865,2221,0,27,0,0,0,LEADER,1,0,0,0,0,26
72469,73,adaptive-prasle,1604,1,0,0,26,0,364,0,1,73,70865,1604,0,27,0,0,0,LEADER,1,0,0,0,0,26
72210,59,adaptive-prasle,2265,1,0,0,26,0,364,0,1,59,69945,2265,0,27,0,0,0,LEADER,1,0,0,0,0,26
72484,41,adaptive-prasle,1619,1,0,0,26,0,364,0,1,41,70865,1619,0,27,0,0,0,LEADER,1,0,0,0,0,26
72399,96,adaptive-prasle,1534,1,0,0,26,0,364,0,1,96,70865,1534,0,27,0,0,0,LEADER,1,0,0,0,0,26
72632,49,adaptive-prasle,1767,1,0,0,26,0,364,0,1,49,70865,1767,0,27,0,0,0,LEADER,1,0,0,0,0,26
72701,74,adaptive-prasle,1837,1,0,0,26,0,364,0,1,74,70864,1837,0,27,0,0,0,LEADER,1,0,0,0,0,26
73093,92,adaptive-prasle,2228,1,0,0,26,0,364,0,1,92,70865,2228,0,27,0,0,0,LEADER,1,0,0,0,0,26
72299,66,adaptive-prasle,1434,1,0,0,26,0,364,0,1,66,70865,1434,0,27,0,0,0,LEADER,1,0,0,0,0,26
72325,57,adaptive-prasle,2380,1,0,0,26,0,364,0,1,57,69945,2380,0,27,0,0,0,LEADER,1,0,0,0,0,26
73125,78,adaptive-prasle,2260,1,0,0,26,0,364,0,1,78,70865,2260,0,27,0,0,0,LEADER,1,0,0,0,0,26
72291,39,adaptive-prasle,2346,1,0,0,26,0,364,0,1,39,69945,2346,0,27,0,0,0,LEADER,1,0,0,0,0,26
73008,30,adaptive-prasle,2143,1,0,0,26,0,364,0,1,30,70865,2143,0,27,0,0,0,LEADER,1,0,0,0,0,26
72414,64,adaptive-prasle,1549,1,0,0,26,0,364,0,1,64,70865,1549,0,27,0,0,0,LEADER,1,0,0,0,0,26
72639,80,adaptive-prasle,1774,1,0,0,26,0,364,0,1,80,70865,1774,0,27,0,0,0,LEADER,1,0,0,0,0,26
72379,54,adaptive-prasle,1516,1,0,0,26,0,364,0,1,54,70863,1516,0,27,0,0,0,LEADER,1,0,0,0,0,26
72905,43,adaptive-prasle,2040,1,0,0,26,0,364,0,1,43,70865,2040,0,27,0,0,0,LEADER,1,0,0,0,0,26
72825,26,adaptive-prasle,1960,1,0,0,26,0,364,0,1,26,70865,1960,0,27,0,0,0,LEADER,1,0,0,0,0,26
72455,42,adaptive-prasle,1591,1,0,0,26,0,364,0,1,42,70864,1591,0,27,0,0,0,LEADER,1,0,0,0,0,26
72463,31,adaptive-prasle,1598,1,0,0,26,0,364,0,1,31,70865,1598,0,27,0,0,0,LEADER,1,0,0,0,0,26
73220,94,adaptive-prasle,2355,1,0,0,26,0,364,0,1,94,70865,2355,0,27,0,0,0,LEADER,1,0,0,0,0,26
72790,45,adaptive-prasle,1925,1,0,0,26,0,364,0,1,45,70865,1925,0,27,0,0,0,LEADER,1,0,0,0,0,26
73163,60,adaptive-prasle,2298,1,0,0,26,0,364,0,1,60,70865,2298,0,27,0,0,0,LEADER,1,0,0,0,0,26
73269,44,adaptive-prasle,1483,1,0,0,27,0,378,0,1,44,71786,1483,0,28,0,0,0,LEADER,1,0,0,0,0,27
72872,33,adaptive-prasle,2007,1,0,0,26,0,364,0,1,33,70865,2007,0,27,0,0,0,LEADER,1,0,0,0,0,26
72517,51,adaptive-prasle,1652,1,0,0,26,0,364,0,1,51,70865,1652,0,27,0,0,0,LEADER,1,0,0,0,0,26
73027,72,adaptive-prasle,2162,1,0,0,26,0,364,0,1,72,70865,2162,0,27,0,0,0,LEADER,1,0,0,0,0,26
73317,22,adaptive-prasle,1531,1,0,0,27,0,378,0,1,22,71786,1531,0,28,0,0,0,LEADER,1,0,0,0,0,27
72817,24,adaptive-prasle,1952,1,0,0,26,0,364,0,1,24,70865,1952,0,27,0,0,0,LEADER,1,0,0,0,0,26
73350,32,adaptive-prasle,1564,1,0,0,27,0,378,0,1,32,71786,1564,0,28,0,0,0,LEADER,1,0,0,0,0,27
72536,93,adaptive-prasle,1671,1,0,0,26,0,364,0,1,93,70865,1671,0,27,0,0,0,LEADER,1,0,0,0,0,26
73208,69,adaptive-prasle,2343,1,0,0,26,0,364,0,1,69,70865,2343,0,27,0,0,0,LEADER,1,0,0,0,0,26
73195,79,adaptive-prasle,2331,1,0,0,26,0,364,0,1,79,70864,2331,0,27,0,0,0,LEADER,1,0,0,0,0,26
72890,75,adaptive-prasle,2025,1,0,0,26,0,364,0,1,75,70865,2025,0,27,0,0,0,LEADER,1,0,0,0,0,26
72617,81,adaptive-prasle,1752,1,0,0,26,0,364,0,1,81,70865,1752,0,27,0,0,0,LEADER,1,0,0,0,0,26
72475,52,adaptive-prasle,1610,1,0,0,26,0,364,0,1,52,70865,1610,0,27,0,0,0,LEADER,1,0,0,0,0,26
72954,21,adaptive-prasle,2088,1,0,0,26,0,364,0,1,21,70866,2088,0,27,0,0,0,LEADER,1,0,0,0,0,26
73130,29,adaptive-prasle,2265,1,0,0,26,0,364,0,1,29,70865,2265,0,27,0,0,0,LEADER,1,0,0,0,0,26
72706,100,adaptive-prasle,1841,1,0,0,26,0,364,0,1,100,70865,1841,0,27,0,0,0,LEADER,1,0,0,0,0,26
72551,61,adaptive-prasle,1686,1,0,0,26,0,364,0,1,61,70865,1686,0,27,0,0,0,LEADER,1,0,0,0,0,26
73115,91,adaptive-prasle,2250,1,0,0,26,0,364,0,1,91,70865,2250,0,27,0,0,0,LEADER,1,0,0,0,0,26
73075,37,adaptive-prasle,2210,1,0,0,26,0,364,0,1,37,70865,2210,0,27,0,0,0,LEADER,1,0,0,0,0,26
72620,38,adaptive-prasle,1755,1,0,0,26,0,364,0,1,38,70865,1755,0,27,0,0,0,LEADER,1,0,0,0,0,26
73284,98,adaptive-prasle,2419,1,0,0,26,0,364,0,1,98,70865,2419,0,27,0,0,0,LEADER,1,0,0,0,0,26
73143,27,adaptive-prasle,2280,1,0,0,26,0,364,0,1,27,70863,2280,0,27,0,0,0,LEADER,1,0,0,0,0,26
72993,62,adaptive-prasle,2128,1,0,0,26,0,364,0,1,62,70865,2128,0,27,0,0,0,LEADER,1,0,0,0,0,26
72802,56,adaptive-prasle,1937,1,0,0,26,0,364,0,1,56,70865,1937,0,27,0,0,0,LEADER,1,0,0,0,0,26
73190,99,adaptive-prasle,2328,1,0,0,26,0,364,0,1,99,70862,2328,0,27,0,0,0,LEADER,1,0,0,0,0,26
73067,48,adaptive-prasle,2202,1,0,0,26,0,364,0,1,48,70865,2202,0,27,0,0,0,LEADER,1,0,0,0,0,26
72584,71,adaptive-prasle,1719,1,0,0,26,0,364,0,1,71,70865,1719,0,27,0,0,0,LEADER,1,0,0,0,0,26
72809,87,adaptive-prasle,1944,1,0,0,26,0,364,0,1,87,70865,1944,0,27,0,0,0,LEADER,1,0,0,0,0,26
72735,36,adaptive-prasle,1870,1,0,0,26,0,364,0,1,36,70865,1870,0,27,0,0,0,LEADER,1,0,0,0,0,26
73232,77,adaptive-prasle,1446,1,0,0,27,0,378,0,1,77,71786,1446,0,28,0,0,0,LEADER,1,0,0,0,0,27
73423,83,adaptive-prasle,1637,1,0,0,27,0,378,0,1,83,71786,1637,0,28,0,0,0,LEADER,1,0,0,0,0,27
72924,85,adaptive-prasle,2059,1,0,0,26,0,364,0,1,85,70865,2059,0,27,0,0,0,LEADER,1,0,0,0,0,26
73453,19,adaptive-prasle,1667,1,0,0,27,0,378,0,1,19,71786,1667,0,28,0,0,0,LEADER,1,0,0,0,0,27
73608,65,adaptive-prasle,1822,1,0,0,27,0,378,0,1,65,71786,1822,0,28,0,0,0,LEADER,1,0,0,0,0,27
73214,35,adaptive-prasle,1428,1,0,0,27,0,378,0,1,35,71786,1428,0,28,0,0,0,LEADER,1,0,0,0,0,27
73229,86,adaptive-prasle,1443,1,0,0,27,0,378,0,1,86,71786,1443,0,28,0,0,0,LEADER,1,0,0,0,0,27
73271,50,adaptive-prasle,2406,1,0,0,26,0,364,0,1,50,70865,2406,0,27,0,0,0,LEADER,1,0,0,0,0,26
73287,55,adaptive-prasle,1501,1,0,0,27,0,378,0,1,55,71786,1501,0,28,0,0,0,LEADER,1,0,0,0,0,27
73326,63,adaptive-prasle,1540,1,0,0,27,0,378,0,1,63,71786,1540,0,28,0,0,0,LEADER,1,0,0,0,0,27
73690,46,adaptive-prasle,1904,1,0,0,27,0,378,0,1,46,71786,1904,0,28,0,0,0,LEADER,1,0,0,0,0,27
73486,53,adaptive-prasle,1701,1,0,0,27,0,378,0,1,53,71785,1701,0,28,0,0,0,LEADER,1,0,0,0,0,27
72839,23,adaptive-prasle,1974,1,0,0,26,0,364,0,1,23,70865,1974,0,27,0,0,0,LEADER,1,0,0,0,0,26
73708,88,adaptive-prasle,1922,1,0,0,27,0,378,0,1,88,71786,1922,0,28,0,0,0,LEADER,1,0,0,0,0,27
73235,34,adaptive-prasle,1449,1,0,0,27,0,378,0,1,34,71786,1449,0,28,0,0,0,LEADER,1,0,0,0,0,27
72842,97,adaptive-prasle,1977,1,0,0,26,0,364,0,1,97,70865,1977,0,27,0,0,0,LEADER,1,0,0,0,0,26
72962,20,adaptive-prasle,2095,1,0,0,26,0,364,0,1,20,70867,2095,0,27,0,0,0,LEADER,1,0,0,0,0,26
73042,40,adaptive-prasle,2177,1,0,0,26,0,364,0,1,40,70865,2177,0,27,0,0,0,LEADER,1,0,0,0,0,26
72965,47,adaptive-prasle,2100,1,0,0,26,0,364,0,1,47,70865,2100,0,27,0,0,0,LEADER,1,0,0,0,0,26
73878,95,adaptive-prasle,2092,1,0,0,27,0,378,0,1,95,71786,2092,0,28,0,0,0,LEADER,1,0,0,0,0,27
73260,25,adaptive-prasle,2395,1,0,0,26,0,364,0,1,25,70865,2395,0,27,0,0,0,LEADER,1,0,0,0,0,26
73866,84,adaptive-prasle,2080,1,0,0,27,0,378,0,1,84,71786,2080,0,28,0,0,0,LEADER,1,0,0,0,0,27
73142,70,adaptive-prasle,2277,1,0,0,26,0,364,0,1,70,70865,2277,0,27,0,0,0,LEADER,1,0,0,0,0,26
73060,82,adaptive-prasle,2195,1,0,0,26,0,364,0,1,82,70865,2195,0,27,0,0,0,LEADER,1,0,0,0,0,26
73278,67,adaptive-prasle,2413,1,0,0,26,0,364,0,1,67,70865,2413,0,27,0,0,0,LEADER,1,0,0,0,0,26
73230,89,adaptive-prasle,2365,1,0,0,26,0,364,0,1,89,70865,2365,0,27,0,0,0,LEADER,1,0,0,0,0,26
73899,28,adaptive-prasle,2113,1,0,0,27,0,378,0,1,28,71786,2113,0,28,0,0,0,LEADER,1,0,0,0,0,27
73641,68,adaptive-prasle,1855,1,0,0,27,0,378,0,1,68,71786,1855,0,28,0,0,0,LEADER,1,0,0,0,0,27
73593,90,adaptive-prasle,1807,1,0,0,27,0,378,0,1,90,71786,1807,0,28,0,0,0,LEADER,1,0,0,0,0,27
73254,76,adaptive-prasle,1468,1,0,0,27,0,378,0,1,76,71786,1468,0,28,0,0,0,LEADER,1,0,0,0,0,27
73575,10,adaptive-prasle,1789,1,0,0,27,0,378,0,1,10,71786,1789,0,28,0,0,0,LEADER,1,0,0,0,0,27
74007,58,adaptive-prasle,2221,1,0,0,27,0,378,0,1,58,71786,2221,0,28,0,0,0,LEADER,1,0,0,0,0,27
73390,73,adaptive-prasle,1604,1,0,0,27,0,378,0,1,73,71786,1604,0,28,0,0,0,LEADER,1,0,0,0,0,27
73130,59,adaptive-prasle,2265,1,0,0,26,0,364,0,1,59,70865,2265,0,27,0,0,0,LEADER,1,0,0,0,0,26
73405,41,adaptive-prasle,1619,1,0,0,27,0,378,0,1,41,71786,1619,0,28,0,0,0,LEADER,1,0,0,0,0,27
73320,96,adaptive-prasle,1534,1,0,0,27,0,378,0,1,96,71786,1534,0,28,0,0,0,LEADER,1,0,0,0,0,27
73553,49,adaptive-prasle,1767,1,0,0,27,0,378,0,1,49,71786,1767,0,28,0,0,0,LEADER,1,0,0,0,0,27
73622,74,adaptive-prasle,1837,1,0,0,27,0,378,0,1,74,71785,1837,0,28,0,0,0,LEADER,1,0,0,0,0,27
74014,92,adaptive-prasle,2228,1,0,0,27,0,378,0,1,92,71786,2228,0,28,0,0,0,LEADER,1,0,0,0,0,27
73220,66,adaptive-prasle,1434,1,0,0,27,0,378,0,1,66,71786,1434,0,28,0,0,0,LEADER,1,0,0,0,0,27
73245,57,adaptive-prasle,2380,1,0,0,26,0,364,0,1,57,70865,2380,0,27,0,0,0,LEADER,1,0,0,0,0,26
74046,78,adaptive-prasle,2260,1,0,0,27,0,378,0,1,78,71786,2260,0,28,0,0,0,LEADER,1,0,0,0,0,27
73211,39,adaptive-prasle,2346,1,0,0,26,0,364,0,1,39,70865,2346,0,27,0,0,0,LEADER,1,0,0,0,0,26
73929,30,adaptive-prasle,2143,1,0,0,27,0,378,0,1,30,71786,2143,0,28,0,0,0,LEADER,1,0,0,0,0,27
73335,64,adaptive-prasle,1549,1,0,0,27,0,378,0,1,64,71786,1549,0,28,0,0,0,LEADER,1,0,0,0,0,27
73560,80,adaptive-prasle,1774,1,0,0,27,0,378,0,1,80,71786,1774,0,28,0,0,0,LEADER,1,0,0,0,0,27
73300,54,adaptive-prasle,1516,1,0,0,27,0,378,0,1,54,71784,1516,0,28,0,0,0,LEADER,1,0,0,0,0,27
73826,43,adaptive-prasle,2040,1,0,0,27,0,378,0,1,43,71786,2040,0,28,0,0,0,LEADER,1,0,0,0,0,27
73746,26,adaptive-prasle,1960,1,0,0,27,0,378,0,1,26,71786,1960,0,28,0,0,0,LEADER,1,0,0,0,0,27
73376,42,adaptive-prasle,1591,1,0,0,27,0,378,0,1,42,71785,1591,0,28,0,0,0,LEADER,1,0,0,0,0,27
73384,31,adaptive-prasle,1598,1,0,0,27,0,378,0,1,31,71786,1598,0,28,0,0,0,LEADER,1,0,0,0,0,27
74141,94,adaptive-prasle,2355,1,0,0,27,0,378,0,1,94,71786,2355,0,28,0,0,0,LEADER,1,0,0,0,0,27
73711,45,adaptive-prasle,1925,1,0,0,27,0,378,0,1,45,71786,1925,0,28,0,0,0,LEADER,1,0,0,0,0,27
74084,60,adaptive-prasle,2298,1,0,0,27,0,378,0,1,60,71786,2298,0,28,0,0,0,LEADER,1,0,0,0,0,27
74189,44,adaptive-prasle,1483,1,0,0,27,0,378,0,1,44,72706,1483,0,28,0,0,0,LEADER,1,0,0,0,0,27
73793,33,adaptive-prasle,2007,1,0,0,27,0,378,0,1,33,71786,2007,0,28,0,0,0,LEADER,1,0,0,0,0,27
73438,51,adaptive-prasle,1652,1,0,0,27,0,378,0,1,51,71786,1652,0,28,0,0,0,LEADER,1,0,0,0,0,27
74237,22,adaptive-prasle,1531,1,0,0,27,0,378,0,1,22,72706,1531,0,28,0,0,0,LEADER,1,0,0,0,0,27
73948,72,adaptive-prasle,2162,1,0,0,27,0,378,0,1,72,71786,2162,0,28,0,0,0,LEADER,1,0,0,0,0,27
73738,24,adaptive-prasle,1952,1,0,0,27,0,378,0,1,24,71786,1952,0,28,0,0,0,LEADER,1,0,0,0,0,27
74270,32,adaptive-prasle,1564,1,0,0,27,0,378,0,1,32,72706,1564,0,28,0,0,0,LEADER,1,0,0,0,0,27
73457,93,adaptive-prasle,1671,1,0,0,27,0,378,0,1,93,71786,1671,0,28,0,0,0,LEADER,1,0,0,0,0,27
74129,69,adaptive-prasle,2343,1,0,0,27,0,378,0,1,69,71786,2343,0,28,0,0,0,LEADER,1,0,0,0,0,27
74116,79,adaptive-prasle,2331,1,0,0,27,0,378,0,1,79,71785,2331,0,28,0,0,0,LEADER,1,0,0,0,0,27
73811,75,adaptive-prasle,2025,1,0,0,27,0,378,0,1,75,71786,2025,0,28,0,0,0,LEADER,1,0,0,0,0,27
73538,81,adaptive-prasle,1752,1,0,0,27,0,378,0,1,81,71786,1752,0,28,0,0,0,LEADER,1,0,0,0,0,27
73396,52,adaptive-prasle,1610,1,0,0,27,0,378,0,1,52,71786,1610,0,28,0,0,0,LEADER,1,0,0,0,0,27
73875,21,adaptive-prasle,2088,1,0,0,27,0,378,0,1,21,71787,2088,0,28,0,0,0,LEADER,1,0,0,0,0,27
74051,29,adaptive-prasle,2265,1,0,0,27,0,378,0,1,29,71786,2265,0,28,0,0,0,LEADER,1,0,0,0,0,27
73627,100,adaptive-prasle,1841,1,0,0,27,0,378,0,1,100,71786,1841,0,28,0,0,0,LEADER,1,0,0,0,0,27
73472,61,adaptive-prasle,1686,1,0,0,27,0,378,0,1,61,71786,1686,0,28,0,0,0,LEADER,1,0,0,0,0,27
74036,91,adaptive-prasle,2250,1,0,0,27,0,378,0,1,91,71786,2250,0,28,0,0,0,LEADER,1,0,0,0,0,27
73996,37,adaptive-prasle,2210,1,0,0,27,0,378,0,1,37,71786,2210,0,28,0,0,0,LEADER,1,0,0,0,0,27
73540,38,adaptive-prasle,1755,1,0,0,27,0,378,0,1,38,71785,1755,0,28,0,0,0,LEADER,1,0,0,0,0,27
74205,98,adaptive-prasle,2419,1,0,0,27,0,378,0,1,98,71786,2419,0,28,0,0,0,LEADER,1,0,0,0,0,27
74064,27,adaptive-prasle,2280,1,0,0,27,0,378,0,1,27,71784,2280,0,28,0,0,0,LEADER,1,0,0,0,0,27
73914,62,adaptive-prasle,2128,1,0,0,27,0,378,0,1,62,71786,2128,0,28,0,0,0,LEADER,1,0,0,0,0,27
73723,56,adaptive-prasle,1937,1,0,0,27,0,378,0,1,56,71786,1937,0,28,0,0,0,LEADER,1,0,0,0,0,27
74111,99,adaptive-prasle,2328,1,0,0,27,0,378,0,1,99,71783,2328,0,28,0,0,0,LEADER,1,0,0,0,0,27
73988,48,adaptive-prasle,2202,1,0,0,27,0,378,0,1,48,71786,2202,0,28,0,0,0,LEADER,1,0,0,0,0,27
73505,71,adaptive-prasle,1719,1,0,0,27,0,378,0,1,71,71786,1719,0,28,0,0,0,LEADER,1,0,0,0,0,27
73730,87,adaptive-prasle,1944,1,0,0,27,0,378,0,1,87,71786,1944,0,28,0,0,0,LEADER,1,0,0,0,0,27
73656,36,adaptive-prasle,1870,1,0,0,27,0,378,0,1,36,71786,1870,0,28,0,0,0,LEADER,1,0,0,0,0,27
74152,77,adaptive-prasle,1446,1,0,0,27,0,378,0,1,77,72706,1446,0,28,0,0,0,LEADER,1,0,0,0,0,27
74343,83,adaptive-prasle,1637,1,0,0,27,0,378,0,1,83,72706,1637,0,28,0,0,0,LEADER,1,0,0,0,0,27
73845,85,adaptive-prasle,2059,1,0,0,27,0,378,0,1,85,71786,2059,0,28,0,0,0,LEADER,1,0,0,0,0,27
74373,19,adaptive-prasle,1667,1,0,0,27,0,378,0,1,19,72706,1667,0,28,0,0,0,LEADER,1,0,0,0,0,27
74528,65,adaptive-prasle,1822,1,0,0,27,0,378,0,1,65,72706,1822,0,28,0,0,0,LEADER,1,0,0,0,0,27
74134,35,adaptive-prasle,1428,1,0,0,27,0,378,0,1,35,72706,1428,0,28,0,0,0,LEADER,1,0,0,0,0,27
74149,86,adaptive-prasle,1443,1,0,0,27,0,378,0,1,86,72706,1443,0,28,0,0,0,LEADER,1,0,0,0,0,27
74192,50,adaptive-prasle,2406,1,0,0,27,0,378,0,1,50,71786,2406,0,28,0,0,0,LEADER,1,0,0,0,0,27
74207,55,adaptive-prasle,1501,1,0,0,27,0,378,0,1,55,72706,1501,0,28,0,0,0,LEADER,1,0,0,0,0,27
74246,63,adaptive-prasle,1540,1,0,0,27,0,378,0,1,63,72706,1540,0,28,0,0,0,LEADER,1,0,0,0,0,27
74610,46,adaptive-prasle,1904,1,0,0,27,0,378,0,1,46,72706,1904,0,28,0,0,0,LEADER,1,0,0,0,0,27
74406,53,adaptive-prasle,1701,1,0,0,27,0,378,0,1,53,72705,1701,0,28,0,0,0,LEADER,1,0,0,0,0,27
73760,23,adaptive-prasle,1974,1,0,0,27,0,378,0,1,23,71786,1974,0,28,0,0,0,LEADER,1,0,0,0,0,27
74628,88,adaptive-prasle,1922,1,0,0,27,0,378,0,1,88,72706,1922,0,28,0,0,0,LEADER,1,0,0,0,0,27
74155,34,adaptive-prasle,1449,1,0,0,27,0,378,0,1,34,72706,1449,0,28,0,0,0,LEADER,1,0,0,0,0,27
73763,97,adaptive-prasle,1977,1,0,0,27,0,378,0,1,97,71786,1977,0,28,0,0,0,LEADER,1,0,0,0,0,27
73883,20,adaptive-prasle,2095,1,0,0,27,0,378,0,1,20,71788,2095,0,28,0,0,0,LEADER,1,0,0,0,0,27
73963,40,adaptive-prasle,2177,1,0,0,27,0,378,0,1,40,71786,2177,0,28,0,0,0,LEADER,1,0,0,0,0,27
73886,47,adaptive-prasle,2100,1,0,0,27,0,378,0,1,47,71786,2100,0,28,0,0,0,LEADER,1,0,0,0,0,27
74798,95,adaptive-prasle,2092,1,0,0,27,0,378,0,1,95,72706,2092,0,28,0,0,0,LEADER,1,0,0,0,0,27
74181,25,adaptive-prasle,2395,1,0,0,27,0,378,0,1,25,71786,2395,0,28,0,0,0,LEADER,1,0,0,0,0,27
74786,84,adaptive-prasle,2080,1,0,0,27,0,378,0,1,84,72706,2080,0,28,0,0,0,LEADER,1,0,0,0,0,27
74063,70,adaptive-prasle,2277,1,0,0,27,0,378,0,1,70,71786,2277,0,28,0,0,0,LEADER,1,0,0,0,0,27
73981,82,adaptive-prasle,2195,1,0,0,27,0,378,0,1,82,71786,2195,0,28,0,0,0,LEADER,1,0,0,0,0,27
74199,67,adaptive-prasle,2413,1,0,0,27,0,378,0,1,67,71786,2413,0,28,0,0,0,LEADER,1,0,0,0,0,27
74151,89,adaptive-prasle,2365,1,0,0,27,0,378,0,1,89,71786,2365,0,28,0,0,0,LEADER,1,0,0,0,0,27
74819,28,adaptive-prasle,2113,1,0,0,27,0,378,0,1,28,72706,2113,0,28,0,0,0,LEADER,1,0,0,0,0,27
74561,68,adaptive-prasle,1855,1,0,0,27,0,378,0,1,68,72706,1855,0,28,0,0,0,LEADER,1,0,0,0,0,27
74513,90,adaptive-prasle,1807,1,0,0,27,0,378,0,1,90,72706,1807,0,28,0,0,0,LEADER,1,0,0,0,0,27
74174,76,adaptive-prasle,1468,1,0,0,27,0,378,0,1,76,72706,1468,0,28,0,0,0,LEADER,1,0,0,0,0,27
74495,10,adaptive-prasle,1789,1,0,0,27,0,378,0,1,10,72706,1789,0,28,0,0,0,LEADER,1,0,0,0,0,27
74927,58,adaptive-prasle,2221,1,0,0,27,0,378,0,1,58,72706,2221,0,28,0,0,0,LEADER,1,0,0,0,0,27
74310,73,adaptive-prasle,1604,1,0,0,27,0,378,0,1,73,72706,1604,0,28,0,0,0,LEADER,1,0,0,0,0,27
74051,59,adaptive-prasle,2265,1,0,0,27,0,378,0,1,59,71786,2265,0,28,0,0,0,LEADER,1,0,0,0,0,27
74325,41,adaptive-prasle,1619,1,0,0,27,0,378,0,1,41,72706,1619,0,28,0,0,0,LEADER,1,0,0,0,0,27
74240,96,adaptive-prasle,1534,1,0,0,27,0,378,0,1,96,72706,1534,0,28,0,0,0,LEADER,1,0,0,0,0,27
74473,49,adaptive-prasle,1767,1,0,0,27,0,378,0,1,49,72706,1767,0,28,0,0,0,LEADER,1,0,0,0,0,27
74542,74,adaptive-prasle,1837,1,0,0,27,0,378,0,1,74,72705,1837,0,28,0,0,0,LEADER,1,0,0,0,0,27
74934,92,adaptive-prasle,2228,1,0,0,27,0,378,0,1,92,72706,2228,0,28,0,0,0,LEADER,1,0,0,0,0,27
74140,66,adaptive-prasle,1434,1,0,0,27,0,378,0,1,66,72706,1434,0,28,0,0,0,LEADER,1,0,0,0,0,27
74166,57,adaptive-prasle,2380,1,0,0,27,0,378,0,1,57,71786,2380,0,28,0,0,0,LEADER,1,0,0,0,0,27
74966,78,adaptive-prasle,2260,1,0,0,27,0,378,0,1,78,72706,2260,0,28,0,0,0,LEADER,1,0,0,0,0,27
74132,39,adaptive-prasle,2346,1,0,0,27,0,378,0,1,39,71786,2346,0,28,0,0,0,LEADER,1,0,0,0,0,27
74849,30,adaptive-prasle,2143,1,0,0,27,0,378,0,1,30,72706,2143,0,28,0,0,0,LEADER,1,0,0,0,0,27
74255,64,adaptive-prasle,1549,1,0,0,27,0,378,0,1,64,72706,1549,0,28,0,0,0,LEADER,1,0,0,0,0,27
74480,80,adaptive-prasle,1774,1,0,0,27,0,378,0,1,80,72706,1774,0,28,0,0,0,LEADER,1,0,0,0,0,27
74220,54,adaptive-prasle,1516,1,0,0,27,0,378,0,1,54,72704,1516,0,28,0,0,0,LEADER,1,0,0,0,0,27
74746,43,adaptive-prasle,2040,1,0,0,27,0,378,0,1,43,72706,2040,0,28,0,0,0,LEADER,1,0,0,0,0,27
74666,26,adaptive-prasle,1960,1,0,0,27,0,378,0,1,26,72706,1960,0,28,0,0,0,LEADER,1,0,0,0,0,27
74296,42,adaptive-prasle,1591,1,0,0,27,0,378,0,1,42,72705,1591,0,28,0,0,0,LEADER,1,0,0,0,0,27
74304,31,adaptive-prasle,1598,1,0,0,27,0,378,0,1,31,72706,1598,0,28,0,0,0,LEADER,1,0,0,0,0,27
75061,94,adaptive-prasle,2355,1,0,0,27,0,378,0,1,94,72706,2355,0,28,0,0,0,LEADER,1,0,0,0,0,27
74631,45,adaptive-prasle,1925,1,0,0,27,0,378,0,1,45,72706,1925,0,28,0,0,0,LEADER,1,0,0,0,0,27
75004,60,adaptive-prasle,2298,1,0,0,27,0,378,0,1,60,72706,2298,0,28,0,0,0,LEADER,1,0,0,0,0,27
75109,44,adaptive-prasle,1483,1,0,0,27,0,378,0,1,44,73626,1483,0,28,0,0,0,LEADER,1,0,0,0,0,27
74713,33,adaptive-prasle,2007,1,0,0,27,0,378,0,1,33,72706,2007,0,28,0,0,0,LEADER,1,0,0,0,0,27
74358,51,adaptive-prasle,1652,1,0,0,27,0,378,0,1,51,72706,1652,0,28,0,0,0,LEADER,1,0,0,0,0,27
75157,22,adaptive-prasle,1531,1,0,0,27,0,378,0,1,22,73626,1531,0,28,0,0,0,LEADER,1,0,0,0,0,27
74868,72,adaptive-prasle,2162,1,0,0,27,0,378,0,1,72,72706,2162,0,28,0,0,0,LEADER,1,0,0,0,0,27
74658,24,adaptive-prasle,1952,1,0,0,27,0,378,0,1,24,72706,1952,0,28,0,0,0,LEADER,1,0,0,0,0,27
75190,32,adaptive-prasle,1564,1,0,0,27,0,378,0,1,32,73626,1564,0,28,0,0,0,LEADER,1,0,0,0,0,27
74377,93,adaptive-prasle,1671,1,0,0,27,0,378,0,1,93,72706,1671,0,28,0,0,0,LEADER,1,0,0,0,0,27
75049,69,adaptive-prasle,2343,1,0,0,27,0,378,0,1,69,72706,2343,0,28,0,0,0,LEADER,1,0,0,0,0,27
75036,79,adaptive-prasle,2331,1,0,0,27,0,378,0,1,79,72705,2331,0,28,0,0,0,LEADER,1,0,0,0,0,27
74731,75,adaptive-prasle,2025,1,0,0,27,0,378,0,1,75,72706,2025,0,28,0,0,0,LEADER,1,0,0,0,0,27
74458,81,adaptive-prasle,1752,1,0,0,27,0,378,0,1,81,72706,1752,0,28,0,0,0,LEADER,1,0,0,0,0,27
74316,52,adaptive-prasle,1610,1,0,0,27,0,378,0,1,52,72706,1610,0,28,0,0,0,LEADER,1,0,0,0,0,27
74795,21,adaptive-prasle,2088,1,0,0,27,0,378,0,1,21,72707,2088,0,28,0,0,0,LEADER,1,0,0,0,0,27
74971,29,adaptive-prasle,2265,1,0,0,27,0,378,0,1,29,72706,2265,0,28,0,0,0,LEADER,1,0,0,0,0,27
74547,100,adaptive-prasle,1841,1,0,0,27,0,378,0,1,100,72706,1841,0,28,0,0,0,LEADER,1,0,0,0,0,27
74392,61,adaptive-prasle,1686,1,0,0,27,0,378,0,1,61,72706,1686,0,28,0,0,0,LEADER,1,0,0,0,0,27
74956,91,adaptive-prasle,2250,1,0,0,27,0,378,0,1,91,72706,2250,0,28,0,0,0,LEADER,1,0,0,0,0,27
74916,37,adaptive-prasle,2210,1,0,0,27,0,378,0,1,37,72706,2210,0,28,0,0,0,LEADER,1,0,0,0,0,27
74460,38,adaptive-prasle,1755,1,0,0,27,0,378,0,1,38,72705,1755,0,28,0,0,0,LEADER,1,0,0,0,0,27
75125,98,adaptive-prasle,2419,1,0,0,27,0,378,0,1,98,72706,2419,0,28,0,0,0,LEADER,1,0,0,0,0,27
74984,27,adaptive-prasle,2280,1,0,0,27,0,378,0,1,27,72704,2280,0,28,0,0,0,LEADER,1,0,0,0,0,27
74834,62,adaptive-prasle,2128,1,0,0,27,0,378,0,1,62,72706,2128,0,28,0,0,0,LEADER,1,0,0,0,0,27
74643,56,adaptive-prasle,1937,1,0,0,27,0,378,0,1,56,72706,1937,0,28,0,0,0,LEADER,1,0,0,0,0,27
75031,99,adaptive-prasle,2328,1,0,0,27,0,378,0,1,99,72703,2328,0,28,0,0,0,LEADER,1,0,0,0,0,27
74908,48,adaptive-prasle,2202,1,0,0,27,0,378,0,1,48,72706,2202,0,28,0,0,0,LEADER,1,0,0,0,0,27
74425,71,adaptive-prasle,1719,1,0,0,27,0,378,0,1,71,72706,1719,0,28,0,0,0,LEADER,1,0,0,0,0,27
74650,87,adaptive-prasle,1944,1,0,0,27,0,378,0,1,87,72706,1944,0,28,0,0,0,LEADER,1,0,0,0,0,27
74576,36,adaptive-prasle,1870,1,0,0,27,0,378,0,1,36,72706,1870,0,28,0,0,0,LEADER,1,0,0,0,0,27
75072,77,adaptive-prasle,1446,1,0,0,27,0,378,0,1,77,73626,1446,0,28,0,0,0,LEADER,1,0,0,0,0,27
75263,83,adaptive-prasle,1637,1,0,0,27,0,378,0,1,83,73626,1637,0,28,0,0,0,LEADER,1,0,0,0,0,27
74765,85,adaptive-prasle,2059,1,0,0,27,0,378,0,1,85,72706,2059,0,28,0,0,0,LEADER,1,0,0,0,0,27
75293,19,adaptive-prasle,1667,1,0,0,27,0,378,0,1,19,73626,1667,0,28,0,0,0,LEADER,1,0,0,0,0,27
75448,65,adaptive-prasle,1822,1,0,0,27,0,378,0,1,65,73626,1822,0,28,0,0,0,LEADER,1,0,0,0,0,27
75054,35,adaptive-prasle,1428,1,0,0,27,0,378,0,1,35,73626,1428,0,28,0,0,0,LEADER,1,0,0,0,0,27
75069,86,adaptive-prasle,1443,1,0,0,27,0,378,0,1,86,73626,1443,0,28,0,0,0,LEADER,1,0,0,0,0,27
75112,50,adaptive-prasle,2406,1,0,0,27,0,378,0,1,50,72706,2406,0,28,0,0,0,LEADER,1,0,0,0,0,27
75127,55,adaptive-prasle,1501,1,0,0,27,0,378,0,1,55,73626,1501,0,28,0,0,0,LEADER,1,0,0,0,0,27
75166,63,adaptive-prasle,1540,1,0,0,27,0,378,0,1,63,73626,1540,0,28,0,0,0,LEADER,1,0,0,0,0,27
75530,46,adaptive-prasle,1904,1,0,0,27,0,378,0,1,46,73626,1904,0,28,0,0,0,LEADER,1,0,0,0,0,27
75326,53,adaptive-prasle,1701,1,0,0,27,0,378,0,1,53,73625,1701,0,28,0,0,0,LEADER,1,0,0,0,0,27
74680,23,adaptive-prasle,1974,1,0,0,27,0,378,0,1,23,72706,1974,0,28,0,0,0,LEADER,1,0,0,0,0,27
75548,88,adaptive-prasle,1922,1,0,0,27,0,378,0,1,88,73626,1922,0,28,0,0,0,LEADER,1,0,0,0,0,27
75075,34,adaptive-prasle,1449,1,0,0,27,0,378,0,1,34,73626,1449,0,28,0,0,0,LEADER,1,0,0,0,0,27
74683,97,adaptive-prasle,1977,1,0,0,27,0,378,0,1,97,72706,1977,0,28,0,0,0,LEADER,1,0,0,0,0,27
74803,20,adaptive-prasle,2095,1,0,0,27,0,378,0,1,20,72708,2095,0,28,0,0,0,LEADER,1,0,0,0,0,27
74883,40,adaptive-prasle,2177,1,0,0,27,0,378,0,1,40,72706,2177,0,28,0,0,0,LEADER,1,0,0,0,0,27
74806,47,adaptive-prasle,2100,1,0,0,27,0,378,0,1,47,72706,2100,0,28,0,0,0,LEADER,1,0,0,0,0,27
75718,95,adaptive-prasle,2092,1,0,0,27,0,378,0,1,95,73626,2092,0,28,0,0,0,LEADER,1,0,0,0,0,27
75101,25,adaptive-prasle,2395,1,0,0,27,0,378,0,1,25,72706,2395,0,28,0,0,0,LEADER,1,0,0,0,0,27
75706,84,adaptive-prasle,2080,1,0,0,27,0,378,0,1,84,73626,2080,0,28,0,0,0,LEADER,1,0,0,0,0,27
74983,70,adaptive-prasle,2277,1,0,0,27,0,378,0,1,70,72706,2277,0,28,0,0,0,LEADER,1,0,0,0,0,27
74901,82,adaptive-prasle,2195,1,0,0,27,0,378,0,1,82,72706,2195,0,28,0,0,0,LEADER,1,0,0,0,0,27
75119,67,adaptive-prasle,2413,1,0,0,27,0,378,0,1,67,72706,2413,0,28,0,0,0,LEADER,1,0,0,0,0,27
75071,89,adaptive-prasle,2365,1,0,0,27,0,378,0,1,89,72706,2365,0,28,0,0,0,LEADER,1,0,0,0,0,27
75739,28,adaptive-prasle,2113,1,0,0,27,0,378,0,1,28,73626,2113,0,28,0,0,0,LEADER,1,0,0,0,0,27
75481,68,adaptive-prasle,1855,1,0,0,27,0,378,0,1,68,73626,1855,0,28,0,0,0,LEADER,1,0,0,0,0,27
75433,90,adaptive-prasle,1807,1,0,0,27,0,378,0,1,90,73626,1807,0,28,0,0,0,LEADER,1,0,0,0,0,27
75094,76,adaptive-prasle,1468,1,0,0,27,0,378,0,1,76,73626,1468,0,28,0,0,0,LEADER,1,0,0,0,0,27
75415,10,adaptive-prasle,1789,1,0,0,27,0,378,0,1,10,73626,1789,0,28,0,0,0,LEADER,1,0,0,0,0,27
75847,58,adaptive-prasle,2221,1,0,0,27,0,378,0,1,58,73626,2221,0,28,0,0,0,LEADER,1,0,0,0,0,27
75230,73,adaptive-prasle,1604,1,0,0,27,0,378,0,1,73,73626,1604,0,28,0,0,0,LEADER,1,0,0,0,0,27
74971,59,adaptive-prasle,2265,1,0,0,27,0,378,0,1,59,72706,2265,0,28,0,0,0,LEADER,1,0,0,0,0,27
75245,41,adaptive-prasle,1619,1,0,0,27,0,378,0,1,41,73626,1619,0,28,0,0,0,LEADER,1,0,0,0,0,27
75160,96,adaptive-prasle,1534,1,0,0,27,0,378,0,1,96,73626,1534,0,28,0,0,0,LEADER,1,0,0,0,0,27
75393,49,adaptive-prasle,1767,1,0,0,27,0,378,0,1,49,73626,1767,0,28,0,0,0,LEADER,1,0,0,0,0,27
75462,74,adaptive-prasle,1837,1,0,0,27,0,378,0,1,74,73625,1837,0,28,0,0,0,LEADER,1,0,0,0,0,27
75854,92,adaptive-prasle,2228,1,0,0,27,0,378,0,1,92,73626,2228,0,28,0,0,0,LEADER,1,0,0,0,0,27
75060,66,adaptive-prasle,1434,1,0,0,27,0,378,0,1,66,73626,1434,0,28,0,0,0,LEADER,1,0,0,0,0,27
75086,57,adaptive-prasle,2380,1,0,0,27,0,378,0,1,57,72706,2380,0,28,0,0,0,LEADER,1,0,0,0,0,27
75886,78,adaptive-prasle,2260,1,0,0,27,0,378,0,1,78,73626,2260,0,28,0,0,0,LEADER,1,0,0,0,0,27
75052,39,adaptive-prasle,2346,1,0,0,27,0,378,0,1,39,72706,2346,0,28,0,0,0,LEADER,1,0,0,0,0,27
75769,30,adaptive-prasle,2143,1,0,0,27,0,378,0,1,30,73626,2143,0,28,0,0,0,LEADER,1,0,0,0,0,27
75175,64,adaptive-prasle,1549,1,0,0,27,0,378,0,1,64,73626,1549,0,28,0,0,0,LEADER,1,0,0,0,0,27
75400,80,adaptive-prasle,1774,1,0,0,27,0,378,0,1,80,73626,1774,0,28,0,0,0,LEADER,1,0,0,0,0,27
75140,54,adaptive-prasle,1516,1,0,0,27,0,378,0,1,54,73624,1516,0,28,0,0,0,LEADER,1,0,0,0,0,27
75666,43,adaptive-prasle,2040,1,0,0,27,0,378,0,1,43,73626,2040,0,28,0,0,0,LEADER,1,0,0,0,0,27
75586,26,adaptive-prasle,1960,1,0,0,27,0,378,0,1,26,73626,1960,0,28,0,0,0,LEADER,1,0,0,0,0,27
75216,42,adaptive-prasle,1591,1,0,0,27,0,378,0,1,42,73625,1591,0,28,0,0,0,LEADER,1,0,0,0,0,27
75224,31,adaptive-prasle,1598,1,0,0,27,0,378,0,1,31,73626,1598,0,28,0,0,0,LEADER,1,0,0,0,0,27
75981,94,adaptive-prasle,2355,1,0,0,27,0,378,0,1,94,73626,2355,0,28,0,0,0,LEADER,1,0,0,0,0,27
75551,45,adaptive-prasle,1925,1,0,0,27,0,378,0,1,45,73626,1925,0,28,0,0,0,LEADER,1,0,0,0,0,27
75924,60,adaptive-prasle,2298,1,0,0,27,0,378,0,1,60,73626,2298,0,28,0,0,0,LEADER,1,0,0,0,0,27
76030,44,adaptive-prasle,1483,1,0,0,28,0,392,0,1,44,74547,1483,0,29,0,0,0,LEADER,1,0,0,0,0,28
75633,33,adaptive-prasle,2007,1,0,0,27,0,378,0,1,33,73626,2007,0,28,0,0,0,LEADER,1,0,0,0,0,27
75278,51,adaptive-prasle,1652,1,0,0,27,0,378,0,1,51,73626,1652,0,28,0,0,0,LEADER,1,0,0,0,0,27
75788,72,adaptive-prasle,2162,1,0,0,27,0,378,0,1,72,73626,2162,0,28,0,0,0,LEADER,1,0,0,0,0,27
76078,22,adaptive-prasle,1531,1,0,0,28,0,392,0,1,22,74547,1531,0,29,0,0,0,LEADER,1,0,0,0,0,28
75578,24,adaptive-prasle,1952,1,0,0,27,0,378,0,1,24,73626,1952,0,28,0,0,0,LEADER,1,0,0,0,0,27
76111,32,adaptive-prasle,1564,1,0,0,28,0,392,0,1,32,74547,1564,0,29,0,0,0,LEADER,1,0,0,0,0,28
75297,93,adaptive-prasle,1671,1,0,0,27,0,378,0,1,93,73626,1671,0,28,0,0,0,LEADER,1,0,0,0,0,27
75969,69,adaptive-prasle,2343,1,0,0,27,0,378,0,1,69,73626,2343,0,28,0,0,0,LEADER,1,0,0,0,0,27
75956,79,adaptive-prasle,2331,1,0,0,27,0,378,0,1,79,73625,2331,0,28,0,0,0,LEADER,1,0,0,0,0,27
75651,75,adaptive-prasle,2025,1,0,0,27,0,378,0,1,75,73626,2025,0,28,0,0,0,LEADER,1,0,0,0,0,27
75378,81,adaptive-prasle,1752,1,0,0,27,0,378,0,1,81,73626,1752,0,28,0,0,0,LEADER,1,0,0,0,0,27
75236,52,adaptive-prasle,1610,1,0,0,27,0,378,0,1,52,73626,1610,0,28,0,0,0,LEADER,1,0,0,0,0,27
75715,21,adaptive-prasle,2088,1,0,0,27,0,378,0,1,21,73627,2088,0,28,0,0,0,LEADER,1,0,0,0,0,27
75891,29,adaptive-prasle,2265,1,0,0,27,0,378,0,1,29,73626,2265,0,28,0,0,0,LEADER,1,0,0,0,0,27
75467,100,adaptive-prasle,1841,1,0,0,27,0,378,0,1,100,73626,1841,0,28,0,0,0,LEADER,1,0,0,0,0,27
75312,61,adaptive-prasle,1686,1,0,0,27,0,378,0,1,61,73626,1686,0,28,0,0,0,LEADER,1,0,0,0,0,27
75876,91,adaptive-prasle,2250,1,0,0,27,0,378,0,1,91,73626,2250,0,28,0,0,0,LEADER,1,0,0,0,0,27
75836,37,adaptive-prasle,2210,1,0,0,27,0,378,0,1,37,73626,2210,0,28,0,0,0,LEADER,1,0,0,0,0,27
75380,38,adaptive-prasle,1755,1,0,0,27,0,378,0,1,38,73625,1755,0,28,0,0,0,LEADER,1,0,0,0,0,27
76045,98,adaptive-prasle,2419,1,0,0,27,0,378,0,1,98,73626,2419,0,28,0,0,0,LEADER,1,0,0,0,0,27
75904,27,adaptive-prasle,2280,1,0,0,27,0,378,0,1,27,73624,2280,0,28,0,0,0,LEADER,1,0,0,0,0,27
75754,62,adaptive-prasle,2128,1,0,0,27,0,378,0,1,62,73626,2128,0,28,0,0,0,LEADER,1,0,0,0,0,27
75563,56,adaptive-prasle,1937,1,0,0,27,0,378,0,1,56,73626,1937,0,28,0,0,0,LEADER,1,0,0,0,0,27
75951,99,adaptive-prasle,2328,1,0,0,27,0,378,0,1,99,73623,2328,0,28,0,0,0,LEADER,1,0,0,0,0,27
75828,48,adaptive-prasle,2202,1,0,0,27,0,378,0,1,48,73626,2202,0,28,0,0,0,LEADER,1,0,0,0,0,27
75345,71,adaptive-prasle,1719,1,0,0,27,0,378,0,1,71,73626,1719,0,28,0,0,0,LEADER,1,0,0,0,0,27
75570,87,adaptive-prasle,1944,1,0,0,27,0,378,0,1,87,73626,1944,0,28,0,0,0,LEADER,1,0,0,0,0,27
75496,36,adaptive-prasle,1870,1,0,0,27,0,378,0,1,36,73626,1870,0,28,0,0,0,LEADER,1,0,0,0,0,27
75993,77,adaptive-prasle,1446,1,0,0,28,0,392,0,1,77,74547,1446,0,29,0,0,0,LEADER,1,0,0,0,0,28
76184,83,adaptive-prasle,1637,1,0,0,28,0,392,0,1,83,74547,1637,0,29,0,0,0,LEADER,1,0,0,0,0,28
75685,85,adaptive-prasle,2059,1,0,0,27,0,378,0,1,85,73626,2059,0,28,0,0,0,LEADER,1,0,0,0,0,27
76214,19,adaptive-prasle,1667,1,0,0,28,0,392,0,1,19,74547,1667,0,29,0,0,0,LEADER,1,0,0,0,0,28
76369,65,adaptive-prasle,1822,1,0,0,28,0,392,0,1,65,74547,1822,0,29,0,0,0,LEADER,1,0,0,0,0,28
75975,35,adaptive-prasle,1428,1,0,0,28,0,392,0,1,35,74547,1428,0,29,0,0,0,LEADER,1,0,0,0,0,28
75990,86,adaptive-prasle,1443,1,0,0,28,0,392,0,1,86,74547,1443,0,29,0,0,0,LEADER,1,0,0,0,0,28
76032,50,adaptive-prasle,2406,1,0,0,27,0,378,0,1,50,73626,2406,0,28,0,0,0,LEADER,1,0,0,0,0,27
76048,55,adaptive-prasle,1501,1,0,0,28,0,392,0,1,55,74547,1501,0,29,0,0,0,LEADER,1,0,0,0,0,28
76087,63,adaptive-prasle,1540,1,0,0,28,0,392,0,1,63,74547,1540,0,29,0,0,0,LEADER,1,0,0,0,0,28
76451,46,adaptive-prasle,1904,1,0,0,28,0,392,0,1,46,74547,1904,0,29,0,0,0,LEADER,1,0,0,0,0,28
76247,53,adaptive-prasle,1701,1,0,0,28,0,392,0,1,53,74546,1701,0,29,0,0,0,LEADER,1,0,0,0,0,28
75600,23,adaptive-prasle,1974,1,0,0,27,0,378,0,1,23,73626,1974,0,28,0,0,0,LEADER,1,0,0,0,0,27
76469,88,adaptive-prasle,1922,1,0,0,28,0,392,0,1,88,74547,1922,0,29,0,0,0,LEADER,1,0,0,0,0,28
75996,34,adaptive-prasle,1449,1,0,0,28,0,392,0,1,34,74547,1449,0,29,0,0,0,LEADER,1,0,0,0,0,28
75603,97,adaptive-prasle,1977,1,0,0,27,0,378,0,1,97,73626,1977,0,28,0,0,0,LEADER,1,0,0,0,0,27
75723,20,adaptive-prasle,2095,1,0,0,27,0,378,0,1,20,73628,2095,0,28,0,0,0,LEADER,1,0,0,0,0,27
75803,40,adaptive-prasle,2177,1,0,0,27,0,378,0,1,40,73626,2177,0,28,0,0,0,LEADER,1,0,0,0,0,27
75726,47,adaptive-prasle,2100,1,0,0,27,0,378,0,1,47,73626,2100,0,28,0,0,0,LEADER,1,0,0,0,0,27
76639,95,adaptive-prasle,2092,1,0,0,28,0,392,0,1,95,74547,2092,0,29,0,0,0,LEADER,1,0,0,0,0,28
76021,25,adaptive-prasle,2395,1,0,0,27,0,378,0,1,25,73626,2395,0,28,0,0,0,LEADER,1,0,0,0,0,27
76627,84,adaptive-prasle,2080,1,0,0,28,0,392,0,1,84,74547,2080,0,29,0,0,0,LEADER,1,0,0,0,0,28
75903,70,adaptive-prasle,2277,1,0,0,27,0,378,0,1,70,73626,2277,0,28,0,0,0,LEADER,1,0,0,0,0,27
75821,82,adaptive-prasle,2195,1,0,0,27,0,378,0,1,82,73626,2195,0,28,0,0,0,LEADER,1,0,0,0,0,27
76039,67,adaptive-prasle,2413,1,0,0,27,0,378,0,1,67,73626,2413,0,28,0,0,0,LEADER,1,0,0,0,0,27
75991,89,adaptive-prasle,2365,1,0,0,27,0,378,0,1,89,73626,2365,0,28,0,0,0,LEADER,1,0,0,0,0,27
76660,28,adaptive-prasle,2113,1,0,0,28,0,392,0,1,28,74547,2113,0,29,0,0,0,LEADER,1,0,0,0,0,28
76402,68,adaptive-prasle,1855,1,0,0,28,0,392,0,1,68,74547,1855,0,29,0,0,0,LEADER,1,0,0,0,0,28
76354,90,adaptive-prasle,1807,1,0,0,28,0,392,0,1,90,74547,1807,0,29,0,0,0,LEADER,1,0,0,0,0,28
76015,76,adaptive-prasle,1468,1,0,0,28,0,392,0,1,76,74547,1468,0,29,0,0,0,LEADER,1,0,0,0,0,28
76336,10,adaptive-prasle,1789,1,0,0,28,0,392,0,1,10,74547,1789,0,29,0,0,0,LEADER,1,0,0,0,0,28
76768,58,adaptive-prasle,2221,1,0,0,28,0,392,0,1,58,74547,2221,0,29,0,0,0,LEADER,1,0,0,0,0,28
76151,73,adaptive-prasle,1604,1,0,0,28,0,392,0,1,73,74547,1604,0,29,0,0,0,LEADER,1,0,0,0,0,28
75891,59,adaptive-prasle,2265,1,0,0,27,0,378,0,1,59,73626,2265,0,28,0,0,0,LEADER,1,0,0,0,0,27
76166,41,adaptive-prasle,1619,1,0,0,28,0,392,0,1,41,74547,1619,0,29,0,0,0,LEADER,1,0,0,0,0,28
76081,96,adaptive-prasle,1534,1,0,0,28,0,392,0,1,96,74547,1534,0,29,0,0,0,LEADER,1,0,0,0,0,28
76314,49,adaptive-prasle,1767,1,0,0,28,0,392,0,1,49,74547,1767,0,29,0,0,0,LEADER,1,0,0,0,0,28
76383,74,adaptive-prasle,1837,1,0,0,28,0,392,0,1,74,74546,1837,0,29,0,0,0,LEADER,1,0,0,0,0,28
76775,92,adaptive-prasle,2228,1,0,0,28,0,392,0,1,92,74547,2228,0,29,0,0,0,LEADER,1,0,0,0,0,28
75981,66,adaptive-prasle,1434,1,0,0,28,0,392,0,1,66,74547,1434,0,29,0,0,0,LEADER,1,0,0,0,0,28
76006,57,adaptive-prasle,2380,1,0,0,27,0,378,0,1,57,73626,2380,0,28,0,0,0,LEADER,1,0,0,0,0,27
76807,78,adaptive-prasle,2260,1,0,0,28,0,392,0,1,78,74547,2260,0,29,0,0,0,LEADER,1,0,0,0,0,28
75972,39,adaptive-prasle,2346,1,0,0,27,0,378,0,1,39,73626,2346,0,28,0,0,0,LEADER,1,0,0,0,0,27
76690,30,adaptive-prasle,2143,1,0,0,28,0,392,0,1,30,74547,2143,0,29,0,0,0,LEADER,1,0,0,0,0,28
76096,64,adaptive-prasle,1549,1,0,0,28,0,392,0,1,64,74547,1549,0,29,0,0,0,LEADER,1,0,0,0,0,28
76321,80,adaptive-prasle,1774,1,0,0,28,0,392,0,1,80,74547,1774,0,29,0,0,0,LEADER,1,0,0,0,0,28
76061,54,adaptive-prasle,1516,1,0,0,28,0,392,0,1,54,74545,1516,0,29,0,0,0,LEADER,1,0,0,0,0,28
76587,43,adaptive-prasle,2040,1,0,0,28,0,392,0,1,43,74547,2040,0,29,0,0,0,LEADER,1,0,0,0,0,28
76507,26,adaptive-prasle,1960,1,0,0,28,0,392,0,1,26,74547,1960,0,29,0,0,0,LEADER,1,0,0,0,0,28
76137,42,adaptive-prasle,1591,1,0,0,28,0,392,0,1,42,74546,1591,0,29,0,0,0,LEADER,1,0,0,0,0,28
76145,31,adaptive-prasle,1598,1,0,0,28,0,392,0,1,31,74547,1598,0,29,0,0,0,LEADER,1,0,0,0,0,28
76902,94,adaptive-prasle,2355,1,0,0,28,0,392,0,1,94,74547,2355,0,29,0,0,0,LEADER,1,0,0,0,0,28
76472,45,adaptive-prasle,1925,1,0,0,28,0,392,0,1,45,74547,1925,0,29,0,0,0,LEADER,1,0,0,0,0,28
76845,60,adaptive-prasle,2298,1,0,0,28,0,392,0,1,60,74547,2298,0,29,0,0,0,LEADER,1,0,0,0,0,28
76950,44,adaptive-prasle,1483,1,0,0,28,0,392,0,1,44,75467,1483,0,29,0,0,0,LEADER,1,0,0,0,0,28
76684,15,adaptive-prasle,2361,1,0,0,7,9,98,126,2,5,74323,2361,0,4,0,0,0,NORMAL,0,0,0,0,0,7
76554,33,adaptive-prasle,2007,1,0,0,28,0,392,0,1,33,74547,2007,0,29,0,0,0,LEADER,1,0,0,0,0,28
76199,51,adaptive-prasle,1652,1,0,0,28,0,392,0,1,51,74547,1652,0,29,0,0,0,LEADER,1,0,0,0,0,28
76998,22,adaptive-prasle,1531,1,0,0,28,0,392,0,1,22,75467,1531,0,29,0,0,0,LEADER,1,0,0,0,0,28
76709,72,adaptive-prasle,2162,1,0,0,28,0,392,0,1,72,74547,2162,0,29,0,0,0,LEADER,1,0,0,0,0,28
76499,24,adaptive-prasle,1952,1,0,0,28,0,392,0,1,24,74547,1952,0,29,0,0,0,LEADER,1,0,0,0,0,28
77031,32,adaptive-prasle,1564,1,0,0,28,0,392,0,1,32,75467,1564,0,29,0,0,0,LEADER,1,0,0,0,0,28
76218,93,adaptive-prasle,1671,1,0,0,28,0,392,0,1,93,74547,1671,0,29,0,0,0,LEADER,1,0,0,0,0,28
76890,69,adaptive-prasle,2343,1,0,0,28,0,392,0,1,69,74547,2343,0,29,0,0,0,LEADER,1,0,0,0,0,28
76877,79,adaptive-prasle,2331,1,0,0,28,0,392,0,1,79,74546,2331,0,29,0,0,0,LEADER,1,0,0,0,0,28
76572,75,adaptive-prasle,2025,1,0,0,28,0,392,0,1,75,74547,2025,0,29,0,0,0,LEADER,1,0,0,0,0,28
76299,81,adaptive-prasle,1752,1,0,0,28,0,392,0,1,81,74547,1752,0,29,0,0,0,LEADER,1,0,0,0,0,28
76157,52,adaptive-prasle,1610,1,0,0,28,0,392,0,1,52,74547,1610,0,29,0,0,0,LEADER,1,0,0,0,0,28
76812,29,adaptive-prasle,2265,1,0,0,28,0,392,0,1,29,74547,2265,0,29,0,0,0,LEADER,1,0,0,0,0,28
76636,21,adaptive-prasle,2088,1,0,0,28,0,392,0,1,21,74548,2088,0,29,0,0,0,LEADER,1,0,0,0,0,28
76388,100,adaptive-prasle,1841,1,0,0,28,0,392,0,1,100,74547,1841,0,29,0,0,0,LEADER,1,0,0,0,0,28
76233,61,adaptive-prasle,1686,1,0,0,28,0,392,0,1,61,74547,1686,0,29,0,0,0,LEADER,1,0,0,0,0,28
76797,91,adaptive-prasle,2250,1,0,0,28,0,392,0,1,91,74547,2250,0,29,0,0,0,LEADER,1,0,0,0,0,28
76757,37,adaptive-prasle,2210,1,0,0,28,0,392,0,1,37,74547,2210,0,29,0,0,0,LEADER,1,0,0,0,0,28
76301,38,adaptive-prasle,1755,1,0,0,28,0,392,0,1,38,74546,1755,0,29,0,0,0,LEADER,1,0,0,0,0,28
76966,98,adaptive-prasle,2419,1,0,0,28,0,392,0,1,98,74547,2419,0,29,0,0,0,LEADER,1,0,0,0,0,28
76825,27,adaptive-prasle,2280,1,0,0,28,0,392,0,1,27,74545,2280,0,29,0,0,0,LEADER,1,0,0,0,0,28
76675,62,adaptive-prasle,2128,1,0,0,28,0,392,0,1,62,74547,2128,0,29,0,0,0,LEADER,1,0,0,0,0,28
76484,56,adaptive-prasle,1937,1,0,0,28,0,392,0,1,56,74547,1937,0,29,0,0,0,LEADER,1,0,0,0,0,28
76872,99,adaptive-prasle,2328,1,0,0,28,0,392,0,1,99,74544,2328,0,29,0,0,0,LEADER,1,0,0,0,0,28
76749,48,adaptive-prasle,2202,1,0,0,28,0,392,0,1,48,74547,2202,0,29,0,0,0,LEADER,1,0,0,0,0,28
76266,71,adaptive-prasle,1719,1,0,0,28,0,392,0,1,71,74547,1719,0,29,0,0,0,LEADER,1,0,0,0,0,28
76491,87,adaptive-prasle,1944,1,0,0,28,0,392,0,1,87,74547,1944,0,29,0,0,0,LEADER,1,0,0,0,0,28
76417,36,adaptive-prasle,1870,1,0,0,28,0,392,0,1,36,74547,1870,0,29,0,0,0,LEADER,1,0,0,0,0,28
76913,77,adaptive-prasle,1446,1,0,0,28,0,392,0,1,77,75467,1446,0,29,0,0,0,LEADER,1,0,0,0,0,28
77104,83,adaptive-prasle,1637,1,0,0,28,0,392,0,1,83,75467,1637,0,29,0,0,0,LEADER,1,0,0,0,0,28
76606,85,adaptive-prasle,2059,1,0,0,28,0,392,0,1,85,74547,2059,0,29,0,0,0,LEADER,1,0,0,0,0,28
77134,19,adaptive-prasle,1667,1,0,0,28,0,392,0,1,19,75467,1667,0,29,0,0,0,LEADER,1,0,0,0,0,28
77289,65,adaptive-prasle,1822,1,0,0,28,0,392,0,1,65,75467,1822,0,29,0,0,0,LEADER,1,0,0,0,0,28
76895,35,adaptive-prasle,1428,1,0,0,28,0,392,0,1,35,75467,1428,0,29,0,0,0,LEADER,1,0,0,0,0,28
76910,86,adaptive-prasle,1443,1,0,0,28,0,392,0,1,86,75467,1443,0,29,0,0,0,LEADER,1,0,0,0,0,28
76953,50,adaptive-prasle,2406,1,0,0,28,0,392,0,1,50,74547,2406,0,29,0,0,0,LEADER,1,0,0,0,0,28
76968,55,adaptive-prasle,1501,1,0,0,28,0,392,0,1,55,75467,1501,0,29,0,0,0,LEADER,1,0,0,0,0,28
77007,63,adaptive-prasle,1540,1,0,0,28,0,392,0,1,63,75467,1540,0,29,0,0,0,LEADER,1,0,0,0,0,28
77371,46,adaptive-prasle,1904,1,0,0,28,0,392,0,1,46,75467,1904,0,29,0,0,0,LEADER,1,0,0,0,0,28
77167,53,adaptive-prasle,1701,1,0,0,28,0,392,0,1,53,75466,1701,0,29,0,0,0,LEADER,1,0,0,0,0,28
76521,23,adaptive-prasle,1974,1,0,0,28,0,392,0,1,23,74547,1974,0,29,0,0,0,LEADER,1,0,0,0,0,28
77389,88,adaptive-prasle,1922,1,0,0,28,0,392,0,1,88,75467,1922,0,29,0,0,0,LEADER,1,0,0,0,0,28
76916,34,adaptive-prasle,1449,1,0,0,28,0,392,0,1,34,75467,1449,0,29,0,0,0,LEADER,1,0,0,0,0,28
76524,97,adaptive-prasle,1977,1,0,0,28,0,392,0,1,97,74547,1977,0,29,0,0,0,LEADER,1,0,0,0,0,28
76644,20,adaptive-prasle,2095,1,0,0,28,0,392,0,1,20,74549,2095,0,29,0,0,0,LEADER,1,0,0,0,0,28
76724,40,adaptive-prasle,2177,1,0,0,28,0,392,0,1,40,74547,2177,0,29,0,0,0,LEADER,1,0,0,0,0,28
76647,47,adaptive-prasle,2100,1,0,0,28,0,392,0,1,47,74547,2100,0,29,0,0,0,LEADER,1,0,0,0,0,28
77559,95,adaptive-prasle,2092,1,0,0,28,0,392,0,1,95,75467,2092,0,29,0,0,0,LEADER,1,0,0,0,0,28
76942,25,adaptive-prasle,2395,1,0,0,28,0,392,0,1,25,74547,2395,0,29,0,0,0,LEADER,1,0,0,0,0,28
77547,84,adaptive-prasle,2080,1,0,0,28,0,392,0,1,84,75467,2080,0,29,0,0,0,LEADER,1,0,0,0,0,28
76824,70,adaptive-prasle,2277,1,0,0,28,0,392,0,1,70,74547,2277,0,29,0,0,0,LEADER,1,0,0,0,0,28
76742,82,adaptive-prasle,2195,1,0,0,28,0,392,0,1,82,74547,2195,0,29,0,0,0,LEADER,1,0,0,0,0,28
76960,67,adaptive-prasle,2413,1,0,0,28,0,392,0,1,67,74547,2413,0,29,0,0,0,LEADER,1,0,0,0,0,28
76912,89,adaptive-prasle,2365,1,0,0,28,0,392,0,1,89,74547,2365,0,29,0,0,0,LEADER,1,0,0,0,0,28
77580,28,adaptive-prasle,2113,1,0,0,28,0,392,0,1,28,75467,2113,0,29,0,0,0,LEADER,1,0,0,0,0,28
77322,68,adaptive-prasle,1855,1,0,0,28,0,392,0,1,68,75467,1855,0,29,0,0,0,LEADER,1,0,0,0,0,28
77274,90,adaptive-prasle,1807,1,0,0,28,0,392,0,1,90,75467,1807,0,29,0,0,0,LEADER,1,0,0,0,0,28
76935,76,adaptive-prasle,1468,1,0,0,28,0,392,0,1,76,75467,1468,0,29,0,0,0,LEADER,1,0,0,0,0,28
77256,10,adaptive-prasle,1789,1,0,0,28,0,392,0,1,10,75467,1789,0,29,0,0,0,LEADER,1,0,0,0,0,28
77688,58,adaptive-prasle,2221,1,0,0,28,0,392,0,1,58,75467,2221,0,29,0,0,0,LEADER,1,0,0,0,0,28
77071,73,adaptive-prasle,1604,1,0,0,28,0,392,0,1,73,75467,1604,0,29,0,0,0,LEADER,1,0,0,0,0,28
76812,59,adaptive-prasle,2265,1,0,0,28,0,392,0,1,59,74547,2265,0,29,0,0,0,LEADER,1,0,0,0,0,28
77086,41,adaptive-prasle,1619,1,0,0,28,0,392,0,1,41,75467,1619,0,29,0,0,0,LEADER,1,0,0,0,0,28
77001,96,adaptive-prasle,1534,1,0,0,28,0,392,0,1,96,75467,1534,0,29,0,0,0,LEADER,1,0,0,0,0,28
77234,49,adaptive-prasle,1767,1,0,0,28,0,392,0,1,49,75467,1767,0,29,0,0,0,LEADER,1,0,0,0,0,28
77303,74,adaptive-prasle,1837,1,0,0,28,0,392,0,1,74,75466,1837,0,29,0,0,0,LEADER,1,0,0,0,0,28
77695,92,adaptive-prasle,2228,1,0,0,28,0,392,0,1,92,75467,2228,0,29,0,0,0,LEADER,1,0,0,0,0,28
76901,66,adaptive-prasle,1434,1,0,0,28,0,392,0,1,66,75467,1434,0,29,0,0,0,LEADER,1,0,0,0,0,28
76927,57,adaptive-prasle,2380,1,0,0,28,0,392,0,1,57,74547,2380,0,29,0,0,0,LEADER,1,0,0,0,0,28
77727,78,adaptive-prasle,2260,1,0,0,28,0,392,0,1,78,75467,2260,0,29,0,0,0,LEADER,1,0,0,0,0,28
76893,39,adaptive-prasle,2346,1,0,0,28,0,392,0,1,39,74547,2346,0,29,0,0,0,LEADER,1,0,0,0,0,28
77610,30,adaptive-prasle,2143,1,0,0,28,0,392,0,1,30,75467,2143,0,29,0,0,0,LEADER,1,0,0,0,0,28
77016,64,adaptive-prasle,1549,1,0,0,28,0,392,0,1,64,75467,1549,0,29,0,0,0,LEADER,1,0,0,0,0,28
77241,80,adaptive-prasle,1774,1,0,0,28,0,392,0,1,80,75467,1774,0,29,0,0,0,LEADER,1,0,0,0,0,28
76981,54,adaptive-prasle,1516,1,0,0,28,0,392,0,1,54,75465,1516,0,29,0,0,0,LEADER,1,0,0,0,0,28
77507,43,adaptive-prasle,2040,1,0,0,28,0,392,0,1,43,75467,2040,0,29,0,0,0,LEADER,1,0,0,0,0,28
77427,26,adaptive-prasle,1960,1,0,0,28,0,392,0,1,26,75467,1960,0,29,0,0,0,LEADER,1,0,0,0,0,28
77057,42,adaptive-prasle,1591,1,0,0,28,0,392,0,1,42,75466,1591,0,29,0,0,0,LEADER,1,0,0,0,0,28
77065,31,adaptive-prasle,1598,1,0,0,28,0,392,0,1,31,75467,1598,0,29,0,0,0,LEADER,1,0,0,0,0,28
77822,94,adaptive-prasle,2355,1,0,0,28,0,392,0,1,94,75467,2355,0,29,0,0,0,LEADER,1,0,0,0,0,28
77392,45,adaptive-prasle,1925,1,0,0,28,0,392,0,1,45,75467,1925,0,29,0,0,0,LEADER,1,0,0,0,0,28
77765,60,adaptive-prasle,2298,1,0,0,28,0,392,0,1,60,75467,2298,0,29,0,0,0,LEADER,1,0,0,0,0,28
77870,44,adaptive-prasle,1483,1,0,0,28,0,392,0,1,44,76387,1483,0,29,0,0,0,LEADER,1,0,0,0,0,28
77474,33,adaptive-prasle,2007,1,0,0,28,0,392,0,1,33,75467,2007,0,29,0,0,0,LEADER,1,0,0,0,0,28
77119,51,adaptive-prasle,1652,1,0,0,28,0,392,0,1,51,75467,1652,0,29,0,0,0,LEADER,1,0,0,0,0,28
77918,22,adaptive-prasle,1531,1,0,0,28,0,392,0,1,22,76387,1531,0,29,0,0,0,LEADER,1,0,0,0,0,28
77629,72,adaptive-prasle,2162,1,0,0,28,0,392,0,1,72,75467,2162,0,29,0,0,0,LEADER,1,0,0,0,0,28
77419,24,adaptive-prasle,1952,1,0,0,28,0,392,0,1,24,75467,1952,0,29,0,0,0,LEADER,1,0,0,0,0,28
77951,32,adaptive-prasle,1564,1,0,0,28,0,392,0,1,32,76387,1564,0,29,0,0,0,LEADER,1,0,0,0,0,28
77138,93,adaptive-prasle,1671,1,0,0,28,0,392,0,1,93,75467,1671,0,29,0,0,0,LEADER,1,0,0,0,0,28
77810,69,adaptive-prasle,2343,1,0,0,28,0,392,0,1,69,75467,2343,0,29,0,0,0,LEADER,1,0,0,0,0,28
77797,79,adaptive-prasle,2331,1,0,0,28,0,392,0,1,79,75466,2331,0,29,0,0,0,LEADER,1,0,0,0,0,28
77492,75,adaptive-prasle,2025,1,0,0,28,0,392,0,1,75,75467,2025,0,29,0,0,0,LEADER,1,0,0,0,0,28
77219,81,adaptive-prasle,1752,1,0,0,28,0,392,0,1,81,75467,1752,0,29,0,0,0,LEADER,1,0,0,0,0,28
77077,52,adaptive-prasle,1610,1,0,0,28,0,392,0,1,52,75467,1610,0,29,0,0,0,LEADER,1,0,0,0,0,28
77556,21,adaptive-prasle,2088,1,0,0,28,0,392,0,1,21,75468,2088,0,29,0,0,0,LEADER,1,0,0,0,0,28
77732,29,adaptive-prasle,2265,1,0,0,28,0,392,0,1,29,75467,2265,0,29,0,0,0,LEADER,1,0,0,0,0,28
77308,100,adaptive-prasle,1841,1,0,0,28,0,392,0,1,100,75467,1841,0,29,0,0,0,LEADER,1,0,0,0,0,28
77153,61,adaptive-prasle,1686,1,0,0,28,0,392,0,1,61,75467,1686,0,29,0,0,0,LEADER,1,0,0,0,0,28
77717,91,adaptive-prasle,2250,1,0,0,28,0,392,0,1,91,75467,2250,0,29,0,0,0,LEADER,1,0,0,0,0,28
77677,37,adaptive-prasle,2210,1,0,0,28,0,392,0,1,37,75467,2210,0,29,0,0,0,LEADER,1,0,0,0,0,28
77221,38,adaptive-prasle,1755,1,0,0,28,0,392,0,1,38,75466,1755,0,29,0,0,0,LEADER,1,0,0,0,0,28
77886,98,adaptive-prasle,2419,1,0,0,28,0,392,0,1,98,75467,2419,0,29,0,0,0,LEADER,1,0,0,0,0,28
77745,27,adaptive-prasle,2280,1,0,0,28,0,392,0,1,27,75465,2280,0,29,0,0,0,LEADER,1,0,0,0,0,28
77595,62,adaptive-prasle,2128,1,0,0,28,0,392,0,1,62,75467,2128,0,29,0,0,0,LEADER,1,0,0,0,0,28
77404,56,adaptive-prasle,1937,1,0,0,28,0,392,0,1,56,75467,1937,0,29,0,0,0,LEADER,1,0,0,0,0,28
77792,99,adaptive-prasle,2328,1,0,0,28,0,392,0,1,99,75464,2328,0,29,0,0,0,LEADER,1,0,0,0,0,28
77669,48,adaptive-prasle,2202,1,0,0,28,0,392,0,1,48,75467,2202,0,29,0,0,0,LEADER,1,0,0,0,0,28
77186,71,adaptive-prasle,1719,1,0,0,28,0,392,0,1,71,75467,1719,0,29,0,0,0,LEADER,1,0,0,0,0,28
77411,87,adaptive-prasle,1944,1,0,0,28,0,392,0,1,87,75467,1944,0,29,0,0,0,LEADER,1,0,0,0,0,28
77337,36,adaptive-prasle,1870,1,0,0,28,0,392,0,1,36,75467,1870,0,29,0,0,0,LEADER,1,0,0,0,0,28
77833,77,adaptive-prasle,1446,1,0,0,28,0,392,0,1,77,76387,1446,0,29,0,0,0,LEADER,1,0,0,0,0,28
78024,83,adaptive-prasle,1637,1,0,0,28,0,392,0,1,83,76387,1637,0,29,0,0,0,LEADER,1,0,0,0,0,28
77526,85,adaptive-prasle,2059,1,0,0,28,0,392,0,1,85,75467,2059,0,29,0,0,0,LEADER,1,0,0,0,0,28
78054,19,adaptive-prasle,1667,1,0,0,28,0,392,0,1,19,76387,1667,0,29,0,0,0,LEADER,1,0,0,0,0,28
78209,65,adaptive-prasle,1822,1,0,0,28,0,392,0,1,65,76387,1822,0,29,0,0,0,LEADER,1,0,0,0,0,28
77815,35,adaptive-prasle,1428,1,0,0,28,0,392,0,1,35,76387,1428,0,29,0,0,0,LEADER,1,0,0,0,0,28
77830,86,adaptive-prasle,1443,1,0,0,28,0,392,0,1,86,76387,1443,0,29,0,0,0,LEADER,1,0,0,0,0,28
77873,50,adaptive-prasle,2406,1,0,0,28,0,392,0,1,50,75467,2406,0,29,0,0,0,LEADER,1,0,0,0,0,28
77888,55,adaptive-prasle,1501,1,0,0,28,0,392,0,1,55,76387,1501,0,29,0,0,0,LEADER,1,0,0,0,0,28
77927,63,adaptive-prasle,1540,1,0,0,28,0,392,0,1,63,76387,1540,0,29,0,0,0,LEADER,1,0,0,0,0,28
78291,46,adaptive-prasle,1904,1,0,0,28,0,392,0,1,46,76387,1904,0,29,0,0,0,LEADER,1,0,0,0,0,28
78087,53,adaptive-prasle,1701,1,0,0,28,0,392,0,1,53,76386,1701,0,29,0,0,0,LEADER,1,0,0,0,0,28
77441,23,adaptive-prasle,1974,1,0,0,28,0,392,0,1,23,75467,1974,0,29,0,0,0,LEADER,1,0,0,0,0,28
78309,88,adaptive-prasle,1922,1,0,0,28,0,392,0,1,88,76387,1922,0,29,0,0,0,LEADER,1,0,0,0,0,28
77836,34,adaptive-prasle,1449,1,0,0,28,0,392,0,1,34,76387,1449,0,29,0,0,0,LEADER,1,0,0,0,0,28
77444,97,adaptive-prasle,1977,1,0,0,28,0,392,0,1,97,75467,1977,0,29,0,0,0,LEADER,1,0,0,0,0,28
77564,20,adaptive-prasle,2095,1,0,0,28,0,392,0,1,20,75469,2095,0,29,0,0,0,LEADER,1,0,0,0,0,28
77644,40,adaptive-prasle,2177,1,0,0,28,0,392,0,1,40,75467,2177,0,29,0,0,0,LEADER,1,0,0,0,0,28
77567,47,adaptive-prasle,2100,1,0,0,28,0,392,0,1,47,75467,2100,0,29,0,0,0,LEADER,1,0,0,0,0,28
78479,95,adaptive-prasle,2092,1,0,0,28,0,392,0,1,95,76387,2092,0,29,0,0,0,LEADER,1,0,0,0,0,28
77862,25,adaptive-prasle,2395,1,0,0,28,0,392,0,1,25,75467,2395,0,29,0,0,0,LEADER,1,0,0,0,0,28
78467,84,adaptive-prasle,2080,1,0,0,28,0,392,0,1,84,76387,2080,0,29,0,0,0,LEADER,1,0,0,0,0,28
77744,70,adaptive-prasle,2277,1,0,0,28,0,392,0,1,70,75467,2277,0,29,0,0,0,LEADER,1,0,0,0,0,28
77662,82,adaptive-prasle,2195,1,0,0,28,0,392,0,1,82,75467,2195,0,29,0,0,0,LEADER,1,0,0,0,0,28
77880,67,adaptive-prasle,2413,1,0,0,28,0,392,0,1,67,75467,2413,0,29,0,0,0,LEADER,1,0,0,0,0,28
77832,89,adaptive-prasle,2365,1,0,0,28,0,392,0,1,89,75467,2365,0,29,0,0,0,LEADER,1,0,0,0,0,28
78500,28,adaptive-prasle,2113,1,0,0,28,0,392,0,1,28,76387,2113,0,29,0,0,0,LEADER,1,0,0,0,0,28
78242,68,adaptive-prasle,1855,1,0,0,28,0,392,0,1,68,76387,1855,0,29,0,0,0,LEADER,1,0,0,0,0,28
78194,90,adaptive-prasle,1807,1,0,0,28,0,392,0,1,90,76387,1807,0,29,0,0,0,LEADER,1,0,0,0,0,28
77855,76,adaptive-prasle,1468,1,0,0,28,0,392,0,1,76,76387,1468,0,29,0,0,0,LEADER,1,0,0,0,0,28
78176,10,adaptive-prasle,1789,1,0,0,28,0,392,0,1,10,76387,1789,0,29,0,0,0,LEADER,1,0,0,0,0,28
78608,58,adaptive-prasle,2221,1,0,0,28,0,392,0,1,58,76387,2221,0,29,0,0,0,LEADER,1,0,0,0,0,28
77991,73,adaptive-prasle,1604,1,0,0,28,0,392,0,1,73,76387,1604,0,29,0,0,0,LEADER,1,0,0,0,0,28
77732,59,adaptive-prasle,2265,1,0,0,28,0,392,0,1,59,75467,2265,0,29,0,0,0,LEADER,1,0,0,0,0,28
78006,41,adaptive-prasle,1619,1,0,0,28,0,392,0,1,41,76387,1619,0,29,0,0,0,LEADER,1,0,0,0,0,28
77921,96,adaptive-prasle,1534,1,0,0,28,0,392,0,1,96,76387,1534,0,29,0,0,0,LEADER,1,0,0,0,0,28
78154,49,adaptive-prasle,1767,1,0,0,28,0,392,0,1,49,76387,1767,0,29,0,0,0,LEADER,1,0,0,0,0,28
78223,74,adaptive-prasle,1837,1,0,0,28,0,392,0,1,74,76386,1837,0,29,0,0,0,LEADER,1,0,0,0,0,28
78615,92,adaptive-prasle,2228,1,0,0,28,0,392,0,1,92,76387,2228,0,29,0,0,0,LEADER,1,0,0,0,0,28
77821,66,adaptive-prasle,1434,1,0,0,28,0,392,0,1,66,76387,1434,0,29,0,0,0,LEADER,1,0,0,0,0,28
78285,16,adaptive-prasle,1805,1,0,0,11,10,154,140,3,5,76480,1805,0,4,0,0,0,NORMAL,0,0,0,0,0,11
77847,57,adaptive-prasle,2380,1,0,0,28,0,392,0,1,57,75467,2380,0,29,0,0,0,LEADER,1,0,0,0,0,28
78647,78,adaptive-prasle,2260,1,0,0,28,0,392,0,1,78,76387,2260,0,29,0,0,0,LEADER,1,0,0,0,0,28
77813,39,adaptive-prasle,2346,1,0,0,28,0,392,0,1,39,75467,2346,0,29,0,0,0,LEADER,1,0,0,0,0,28
78530,30,adaptive-prasle,2143,1,0,0,28,0,392,0,1,30,76387,2143,0,29,0,0,0,LEADER,1,0,0,0,0,28
77936,64,adaptive-prasle,1549,1,0,0,28,0,392,0,1,64,76387,1549,0,29,0,0,0,LEADER,1,0,0,0,0,28
78161,80,adaptive-prasle,1774,1,0,0,28,0,392,0,1,80,76387,1774,0,29,0,0,0,LEADER,1,0,0,0,0,28
77901,54,adaptive-prasle,1516,1,0,0,28,0,392,0,1,54,76385,1516,0,29,0,0,0,LEADER,1,0,0,0,0,28
78427,43,adaptive-prasle,2040,1,0,0,28,0,392,0,1,43,76387,2040,0,29,0,0,0,LEADER,1,0,0,0,0,28
78347,26,adaptive-prasle,1960,1,0,0,28,0,392,0,1,26,76387,1960,0,29,0,0,0,LEADER,1,0,0,0,0,28
77977,42,adaptive-prasle,1591,1,0,0,28,0,392,0,1,42,76386,1591,0,29,0,0,0,LEADER,1,0,0,0,0,28
77985,31,adaptive-prasle,1598,1,0,0,28,0,392,0,1,31,76387,1598,0,29,0,0,0,LEADER,1,0,0,0,0,28
78742,94,adaptive-prasle,2355,1,0,0,28,0,392,0,1,94,76387,2355,0,29,0,0,0,LEADER,1,0,0,0,0,28
78312,45,adaptive-prasle,1925,1,0,0,28,0,392,0,1,45,76387,1925,0,29,0,0,0,LEADER,1,0,0,0,0,28
78685,60,adaptive-prasle,2298,1,0,0,28,0,392,0,1,60,76387,2298,0,29,0,0,0,LEADER,1,0,0,0,0,28
78791,44,adaptive-prasle,1483,1,0,0,29,0,406,0,1,44,77308,1483,0,30,0,0,0,LEADER,1,0,0,0,0,29
78394,33,adaptive-prasle,2007,1,0,0,28,0,392,0,1,33,76387,2007,0,29,0,0,0,LEADER,1,0,0,0,0,28
78039,51,adaptive-prasle,1652,1,0,0,28,0,392,0,1,51,76387,1652,0,29,0,0,0,LEADER,1,0,0,0,0,28
78839,22,adaptive-prasle,1531,1,0,0,29,0,406,0,1,22,77308,1531,0,30,0,0,0,LEADER,1,0,0,0,0,29
78549,72,adaptive-prasle,2162,1,0,0,28,0,392,0,1,72,76387,2162,0,29,0,0,0,LEADER,1,0,0,0,0,28
78339,24,adaptive-prasle,1952,1,0,0,28,0,392,0,1,24,76387,1952,0,29,0,0,0,LEADER,1,0,0,0,0,28
78872,32,adaptive-prasle,1564,1,0,0,29,0,406,0,1,32,77308,1564,0,30,0,0,0,LEADER,1,0,0,0,0,29
78058,93,adaptive-prasle,1671,1,0,0,28,0,392,0,1,93,76387,1671,0,29,0,0,0,LEADER,1,0,0,0,0,28
78730,69,adaptive-prasle,2343,1,0,0,28,0,392,0,1,69,76387,2343,0,29,0,0,0,LEADER,1,0,0,0,0,28
78717,79,adaptive-prasle,2331,1,0,0,28,0,392,0,1,79,76386,2331,0,29,0,0,0,LEADER,1,0,0,0,0,28
78412,75,adaptive-prasle,2025,1,0,0,28,0,392,0,1,75,76387,2025,0,29,0,0,0,LEADER,1,0,0,0,0,28
78139,81,adaptive-prasle,1752,1,0,0,28,0,392,0,1,81,76387,1752,0,29,0,0,0,LEADER,1,0,0,0,0,28
77997,52,adaptive-prasle,1610,1,0,0,28,0,392,0,1,52,76387,1610,0,29,0,0,0,LEADER,1,0,0,0,0,28
78476,21,adaptive-prasle,2088,1,0,0,28,0,392,0,1,21,76388,2088,0,29,0,0,0,LEADER,1,0,0,0,0,28
78652,29,adaptive-prasle,2265,1,0,0,28,0,392,0,1,29,76387,2265,0,29,0,0,0,LEADER,1,0,0,0,0,28
78228,100,adaptive-prasle,1841,1,0,0,28,0,392,0,1,100,76387,1841,0,29,0,0,0,LEADER,1,0,0,0,0,28
78073,61,adaptive-prasle,1686,1,0,0,28,0,392,0,1,61,76387,1686,0,29,0,0,0,LEADER,1,0,0,0,0,28
78637,91,adaptive-prasle,2250,1,0,0,28,0,392,0,1,91,76387,2250,0,29,0,0,0,LEADER,1,0,0,0,0,28
78597,37,adaptive-prasle,2210,1,0,0,28,0,392,0,1,37,76387,2210,0,29,0,0,0,LEADER,1,0,0,0,0,28
78141,38,adaptive-prasle,1755,1,0,0,28,0,392,0,1,38,76386,1755,0,29,0,0,0,LEADER,1,0,0,0,0,28
78806,98,adaptive-prasle,2419,1,0,0,28,0,392,0,1,98,76387,2419,0,29,0,0,0,LEADER,1,0,0,0,0,28
78665,27,adaptive-prasle,2280,1,0,0,28,0,392,0,1,27,76385,2280,0,29,0,0,0,LEADER,1,0,0,0,0,28
78515,62,adaptive-prasle,2128,1,0,0,28,0,392,0,1,62,76387,2128,0,29,0,0,0,LEADER,1,0,0,0,0,28
78324,56,adaptive-prasle,1937,1,0,0,28,0,392,0,1,56,76387,1937,0,29,0,0,0,LEADER,1,0,0,0,0,28
78712,99,adaptive-prasle,2328,1,0,0,28,0,392,0,1,99,76384,2328,0,29,0,0,0,LEADER,1,0,0,0,0,28
78589,48,adaptive-prasle,2202,1,0,0,28,0,392,0,1,48,76387,2202,0,29,0,0,0,LEADER,1,0,0,0,0,28
78106,71,adaptive-prasle,1719,1,0,0,28,0,392,0,1,71,76387,1719,0,29,0,0,0,LEADER,1,0,0,0,0,28
78331,87,adaptive-prasle,1944,1,0,0,28,0,392,0,1,87,76387,1944,0,29,0,0,0,LEADER,1,0,0,0,0,28
78257,36,adaptive-prasle,1870,1,0,0,28,0,392,0,1,36,76387,1870,0,29,0,0,0,LEADER,1,0,0,0,0,28
78754,77,adaptive-prasle,1446,1,0,0,29,0,406,0,1,77,77308,1446,0,30,0,0,0,LEADER,1,0,0,0,0,29
78945,83,adaptive-prasle,1637,1,0,0,29,0,406,0,1,83,77308,1637,0,30,0,0,0,LEADER,1,0,0,0,0,29
78446,85,adaptive-prasle,2059,1,0,0,28,0,392,0,1,85,76387,2059,0,29,0,0,0,LEADER,1,0,0,0,0,28
78975,19,adaptive-prasle,1667,1,0,0,29,0,406,0,1,19,77308,1667,0,30,0,0,0,LEADER,1,0,0,0,0,29
79130,65,adaptive-prasle,1822,1,0,0,29,0,406,0,1,65,77308,1822,0,30,0,0,0,LEADER,1,0,0,0,0,29
78736,35,adaptive-prasle,1428,1,0,0,29,0,406,0,1,35,77308,1428,0,30,0,0,0,LEADER,1,0,0,0,0,29
78751,86,adaptive-prasle,1443,1,0,0,29,0,406,0,1,86,77308,1443,0,30,0,0,0,LEADER,1,0,0,0,0,29
78793,50,adaptive-prasle,2406,1,0,0,28,0,392,0,1,50,76387,2406,0,29,0,0,0,LEADER,1,0,0,0,0,28
78809,55,adaptive-prasle,1501,1,0,0,29,0,406,0,1,55,77308,1501,0,30,0,0,0,LEADER,1,0,0,0,0,29
78848,63,adaptive-prasle,1540,1,0,0,29,0,406,0,1,63,77308,1540,0,30,0,0,0,LEADER,1,0,0,0,0,29
79212,46,adaptive-prasle,1904,1,0,0,29,0,406,0,1,46,77308,1904,0,30,0,0,0,LEADER,1,0,0,0,0,29
79007,53,adaptive-prasle,1701,1,0,0,29,0,406,0,1,53,77306,1701,0,30,0,0,0,LEADER,1,0,0,0,0,29
78361,23,adaptive-prasle,1974,1,0,0,28,0,392,0,1,23,76387,1974,0,29,0,0,0,LEADER,1,0,0,0,0,28
79230,88,adaptive-prasle,1922,1,0,0,29,0,406,0,1,88,77308,1922,0,30,0,0,0,LEADER,1,0,0,0,0,29
78757,34,adaptive-prasle,1449,1,0,0,29,0,406,0,1,34,77308,1449,0,30,0,0,0,LEADER,1,0,0,0,0,29
78364,97,adaptive-prasle,1977,1,0,0,28,0,392,0,1,97,76387,1977,0,29,0,0,0,LEADER,1,0,0,0,0,28
78484,20,adaptive-prasle,2095,1,0,0,28,0,392,0,1,20,76389,2095,0,29,0,0,0,LEADER,1,0,0,0,0,28
78564,40,adaptive-prasle,2177,1,0,0,28,0,392,0,1,40,76387,2177,0,29,0,0,0,LEADER,1,0,0,0,0,28
78487,47,adaptive-prasle,2100,1,0,0,28,0,392,0,1,47,76387,2100,0,29,0,0,0,LEADER,1,0,0,0,0,28
79400,95,adaptive-prasle,2092,1,0,0,29,0,406,0,1,95,77308,2092,0,30,0,0,0,LEADER,1,0,0,0,0,29
78782,25,adaptive-prasle,2395,1,0,0,28,0,392,0,1,25,76387,2395,0,29,0,0,0,LEADER,1,0,0,0,0,28
79388,84,adaptive-prasle,2080,1,0,0,29,0,406,0,1,84,77308,2080,0,30,0,0,0,LEADER,1,0,0,0,0,29
78664,70,adaptive-prasle,2277,1,0,0,28,0,392,0,1,70,76387,2277,0,29,0,0,0,LEADER,1,0,0,0,0,28
78582,82,adaptive-prasle,2195,1,0,0,28,0,392,0,1,82,76387,2195,0,29,0,0,0,LEADER,1,0,0,0,0,28
79214,2,adaptive-prasle,1819,1,0,0,5,12,70,168,1,1,77395,1819,0,4,0,0,0,NORMAL,0,0,0,0,0,5
78800,67,adaptive-prasle,2413,1,0,0,28,0,392,0,1,67,76387,2413,0,29,0,0,0,LEADER,1,0,0,0,0,28
78752,89,adaptive-prasle,2365,1,0,0,28,0,392,0,1,89,76387,2365,0,29,0,0,0,LEADER,1,0,0,0,0,28
79421,28,adaptive-prasle,2113,1,0,0,29,0,406,0,1,28,77308,2113,0,30,0,0,0,LEADER,1,0,0,0,0,29
79163,68,adaptive-prasle,1855,1,0,0,29,0,406,0,1,68,77308,1855,0,30,0,0,0,LEADER,1,0,0,0,0,29
79115,90,adaptive-prasle,1807,1,0,0,29,0,406,0,1,90,77308,1807,0,30,0,0,0,LEADER,1,0,0,0,0,29
78776,76,adaptive-prasle,1468,1,0,0,29,0,406,0,1,76,77308,1468,0,30,0,0,0,LEADER,1,0,0,0,0,29
79097,10,adaptive-prasle,1789,1,0,0,29,0,406,0,1,10,77308,1789,0,30,0,0,0,LEADER,1,0,0,0,0,29
79529,58,adaptive-prasle,2221,1,0,0,29,0,406,0,1,58,77308,2221,0,30,0,0,0,LEADER,1,0,0,0,0,29
78912,73,adaptive-prasle,1604,1,0,0,29,0,406,0,1,73,77308,1604,0,30,0,0,0,LEADER,1,0,0,0,0,29
78652,59,adaptive-prasle,2265,1,0,0,28,0,392,0,1,59,76387,2265,0,29,0,0,0,LEADER,1,0,0,0,0,28
78927,41,adaptive-prasle,1619,1,0,0,29,0,406,0,1,41,77308,1619,0,30,0,0,0,LEADER,1,0,0,0,0,29
78842,96,adaptive-prasle,1534,1,0,0,29,0,406,0,1,96,77308,1534,0,30,0,0,0,LEADER,1,0,0,0,0,29
79075,49,adaptive-prasle,1767,1,0,0,29,0,406,0,1,49,77308,1767,0,30,0,0,0,LEADER,1,0,0,0,0,29
79144,74,adaptive-prasle,1837,1,0,0,29,0,406,0,1,74,77307,1837,0,30,0,0,0,LEADER,1,0,0,0,0,29
79536,92,adaptive-prasle,2228,1,0,0,29,0,406,0,1,92,77308,2228,0,30,0,0,0,LEADER,1,0,0,0,0,29
78742,66,adaptive-prasle,1434,1,0,0,29,0,406,0,1,66,77308,1434,0,30,0,0,0,LEADER,1,0,0,0,0,29
78767,57,adaptive-prasle,2380,1,0,0,28,0,392,0,1,57,76387,2380,0,29,0,0,0,LEADER,1,0,0,0,0,28
79568,78,adaptive-prasle,2260,1,0,0,29,0,406,0,1,78,77308,2260,0,30,0,0,0,LEADER,1,0,0,0,0,29
78733,39,adaptive-prasle,2346,1,0,0,28,0,392,0,1,39,76387,2346,0,29,0,0,0,LEADER,1,0,0,0,0,28
79451,30,adaptive-prasle,2143,1,0,0,29,0,406,0,1,30,77308,2143,0,30,0,0,0,LEADER,1,0,0,0,0,29
78857,64,adaptive-prasle,1549,1,0,0,29,0,406,0,1,64,77308,1549,0,30,0,0,0,LEADER,1,0,0,0,0,29
79082,80,adaptive-prasle,1774,1,0,0,29,0,406,0,1,80,77308,1774,0,30,0,0,0,LEADER,1,0,0,0,0,29
78822,54,adaptive-prasle,1516,1,0,0,29,0,406,0,1,54,77306,1516,0,30,0,0,0,LEADER,1,0,0,0,0,29
79348,43,adaptive-prasle,2040,1,0,0,29,0,406,0,1,43,77308,2040,0,30,0,0,0,LEADER,1,0,0,0,0,29
79268,26,adaptive-prasle,1960,1,0,0,29,0,406,0,1,26,77308,1960,0,30,0,0,0,LEADER,1,0,0,0,0,29
78898,42,adaptive-prasle,1591,1,0,0,29,0,406,0,1,42,77307,1591,0,30,0,0,0,LEADER,1,0,0,0,0,29
78906,31,adaptive-prasle,1598,1,0,0,29,0,406,0,1,31,77308,1598,0,30,0,0,0,LEADER,1,0,0,0,0,29
79663,94,adaptive-prasle,2355,1,0,0,29,0,406,0,1,94,77308,2355,0,30,0,0,0,LEADER,1,0,0,0,0,29
79233,45,adaptive-prasle,1925,1,0,0,29,0,406,0,1,45,77308,1925,0,30,0,0,0,LEADER,1,0,0,0,0,29
79606,60,adaptive-prasle,2298,1,0,0,29,0,406,0,1,60,77308,2298,0,30,0,0,0,LEADER,1,0,0,0,0,29
79711,44,adaptive-prasle,1483,1,0,0,29,0,406,0,1,44,78228,1483,0,30,0,0,0,LEADER,1,0,0,0,0,29
79315,33,adaptive-prasle,2007,1,0,0,29,0,406,0,1,33,77308,2007,0,30,0,0,0,LEADER,1,0,0,0,0,29
78960,51,adaptive-prasle,1652,1,0,0,29,0,406,0,1,51,77308,1652,0,30,0,0,0,LEADER,1,0,0,0,0,29
79759,22,adaptive-prasle,1531,1,0,0,29,0,406,0,1,22,78228,1531,0,30,0,0,0,LEADER,1,0,0,0,0,29
79470,72,adaptive-prasle,2162,1,0,0,29,0,406,0,1,72,77308,2162,0,30,0,0,0,LEADER,1,0,0,0,0,29
79260,24,adaptive-prasle,1952,1,0,0,29,0,406,0,1,24,77308,1952,0,30,0,0,0,LEADER,1,0,0,0,0,29
79792,32,adaptive-prasle,1564,1,0,0,29,0,406,0,1,32,78228,1564,0,30,0,0,0,LEADER,1,0,0,0,0,29
78979,93,adaptive-prasle,1671,1,0,0,29,0,406,0,1,93,77308,1671,0,30,0,0,0,LEADER,1,0,0,0,0,29
79651,69,adaptive-prasle,2343,1,0,0,29,0,406,0,1,69,77308,2343,0,30,0,0,0,LEADER,1,0,0,0,0,29
79638,79,adaptive-prasle,2331,1,0,0,29,0,406,0,1,79,77307,2331,0,30,0,0,0,LEADER,1,0,0,0,0,29
79333,75,adaptive-prasle,2025,1,0,0,29,0,406,0,1,75,77308,2025,0,30,0,0,0,LEADER,1,0,0,0,0,29
79733,1,adaptive-prasle,2022,1,0,0,5,5,70,70,1,1,77711,2022,0,6,0,0,0,LEADER,1,0,0,0,0,5
79060,81,adaptive-prasle,1752,1,0,0,29,0,406,0,1,81,77308,1752,0,30,0,0,0,LEADER,1,0,0,0,0,29
78918,52,adaptive-prasle,1610,1,0,0,29,0,406,0,1,52,77308,1610,0,30,0,0,0,LEADER,1,0,0,0,0,29
79397,21,adaptive-prasle,2088,1,0,0,29,0,406,0,1,21,77309,2088,0,30,0,0,0,LEADER,1,0,0,0,0,29
79573,29,adaptive-prasle,2265,1,0,0,29,0,406,0,1,29,77308,2265,0,30,0,0,0,LEADER,1,0,0,0,0,29
79149,100,adaptive-prasle,1841,1,0,0,29,0,406,0,1,100,77308,1841,0,30,0,0,0,LEADER,1,0,0,0,0,29
78994,61,adaptive-prasle,1686,1,0,0,29,0,406,0,1,61,77308,1686,0,30,0,0,0,LEADER,1,0,0,0,0,29
79558,91,adaptive-prasle,2250,1,0,0,29,0,406,0,1,91,77308,2250,0,30,0,0,0,LEADER,1,0,0,0,0,29
79518,37,adaptive-prasle,2210,1,0,0,29,0,406,0,1,37,77308,2210,0,30,0,0,0,LEADER,1,0,0,0,0,29
79062,38,adaptive-prasle,1755,1,0,0,29,0,406,0,1,38,77307,1755,0,30,0,0,0,LEADER,1,0,0,0,0,29
79727,98,adaptive-prasle,2419,1,0,0,29,0,406,0,1,98,77308,2419,0,30,0,0,0,LEADER,1,0,0,0,0,29
79586,27,adaptive-prasle,2280,1,0,0,29,0,406,0,1,27,77306,2280,0,30,0,0,0,LEADER,1,0,0,0,0,29
79436,62,adaptive-prasle,2128,1,0,0,29,0,406,0,1,62,77308,2128,0,30,0,0,0,LEADER,1,0,0,0,0,29
79245,56,adaptive-prasle,1937,1,0,0,29,0,406,0,1,56,77308,1937,0,30,0,0,0,LEADER,1,0,0,0,0,29
79633,99,adaptive-prasle,2328,1,0,0,29,0,406,0,1,99,77305,2328,0,30,0,0,0,LEADER,1,0,0,0,0,29
79510,48,adaptive-prasle,2202,1,0,0,29,0,406,0,1,48,77308,2202,0,30,0,0,0,LEADER,1,0,0,0,0,29
79027,71,adaptive-prasle,1719,1,0,0,29,0,406,0,1,71,77308,1719,0,30,0,0,0,LEADER,1,0,0,0,0,29
79252,87,adaptive-prasle,1944,1,0,0,29,0,406,0,1,87,77308,1944,0,30,0,0,0,LEADER,1,0,0,0,0,29
79178,36,adaptive-prasle,1870,1,0,0,29,0,406,0,1,36,77308,1870,0,30,0,0,0,LEADER,1,0,0,0,0,29
79674,77,adaptive-prasle,1446,1,0,0,29,0,406,0,1,77,78228,1446,0,30,0,0,0,LEADER,1,0,0,0,0,29
79865,83,adaptive-prasle,1637,1,0,0,29,0,406,0,1,83,78228,1637,0,30,0,0,0,LEADER,1,0,0,0,0,29
79367,85,adaptive-prasle,2059,1,0,0,29,0,406,0,1,85,77308,2059,0,30,0,0,0,LEADER,1,0,0,0,0,29
79895,19,adaptive-prasle,1667,1,0,0,29,0,406,0,1,19,78228,1667,0,30,0,0,0,LEADER,1,0,0,0,0,29
80050,65,adaptive-prasle,1822,1,0,0,29,0,406,0,1,65,78228,1822,0,30,0,0,0,LEADER,1,0,0,0,0,29
79656,35,adaptive-prasle,1428,1,0,0,29,0,406,0,1,35,78228,1428,0,30,0,0,0,LEADER,1,0,0,0,0,29
79671,86,adaptive-prasle,1443,1,0,0,29,0,406,0,1,86,78228,1443,0,30,0,0,0,LEADER,1,0,0,0,0,29
79714,50,adaptive-prasle,2406,1,0,0,29,0,406,0,1,50,77308,2406,0,30,0,0,0,LEADER,1,0,0,0,0,29
79729,55,adaptive-prasle,1501,1,0,0,29,0,406,0,1,55,78228,1501,0,30,0,0,0,LEADER,1,0,0,0,0,29
79768,63,adaptive-prasle,1540,1,0,0,29,0,406,0,1,63,78228,1540,0,30,0,0,0,LEADER,1,0,0,0,0,29
80132,46,adaptive-prasle,1904,1,0,0,29,0,406,0,1,46,78228,1904,0,30,0,0,0,LEADER,1,0,0,0,0,29
79927,53,adaptive-prasle,1701,1,0,0,29,0,406,0,1,53,78226,1701,0,30,0,0,0,LEADER,1,0,0,0,0,29
79282,23,adaptive-prasle,1974,1,0,0,29,0,406,0,1,23,77308,1974,0,30,0,0,0,LEADER,1,0,0,0,0,29
80150,88,adaptive-prasle,1922,1,0,0,29,0,406,0,1,88,78228,1922,0,30,0,0,0,LEADER,1,0,0,0,0,29
79677,34,adaptive-prasle,1449,1,0,0,29,0,406,0,1,34,78228,1449,0,30,0,0,0,LEADER,1,0,0,0,0,29
79285,97,adaptive-prasle,1977,1,0,0,29,0,406,0,1,97,77308,1977,0,30,0,0,0,LEADER,1,0,0,0,0,29
79405,20,adaptive-prasle,2095,1,0,0,29,0,406,0,1,20,77310,2095,0,30,0,0,0,LEADER,1,0,0,0,0,29
79485,40,adaptive-prasle,2177,1,0,0,29,0,406,0,1,40,77308,2177,0,30,0,0,0,LEADER,1,0,0,0,0,29
79408,47,adaptive-prasle,2100,1,0,0,29,0,406,0,1,47,77308,2100,0,30,0,0,0,LEADER,1,0,0,0,0,29
80320,95,adaptive-prasle,2092,1,0,0,29,0,406,0,1,95,78228,2092,0,30,0,0,0,LEADER,1,0,0,0,0,29
79703,25,adaptive-prasle,2395,1,0,0,29,0,406,0,1,25,77308,2395,0,30,0,0,0,LEADER,1,0,0,0,0,29
80308,84,adaptive-prasle,2080,1,0,0,29,0,406,0,1,84,78228,2080,0,30,0,0,0,LEADER,1,0,0,0,0,29
79585,70,adaptive-prasle,2277,1,0,0,29,0,406,0,1,70,77308,2277,0,30,0,0,0,LEADER,1,0,0,0,0,29
79503,82,adaptive-prasle,2195,1,0,0,29,0,406,0,1,82,77308,2195,0,30,0,0,0,LEADER,1,0,0,0,0,29
79721,67,adaptive-prasle,2413,1,0,0,29,0,406,0,1,67,77308,2413,0,30,0,0,0,LEADER,1,0,0,0,0,29
79673,89,adaptive-prasle,2365,1,0,0,29,0,406,0,1,89,77308,2365,0,30,0,0,0,LEADER,1,0,0,0,0,29
80341,28,adaptive-prasle,2113,1,0,0,29,0,406,0,1,28,78228,2113,0,30,0,0,0,LEADER,1,0,0,0,0,29
80083,68,adaptive-prasle,1855,1,0,0,29,0,406,0,1,68,78228,1855,0,30,0,0,0,LEADER,1,0,0,0,0,29
80035,90,adaptive-prasle,1807,1,0,0,29,0,406,0,1,90,78228,1807,0,30,0,0,0,LEADER,1,0,0,0,0,29
79696,76,adaptive-prasle,1468,1,0,0,29,0,406,0,1,76,78228,1468,0,30,0,0,0,LEADER,1,0,0,0,0,29
80017,10,adaptive-prasle,1789,1,0,0,29,0,406,0,1,10,78228,1789,0,30,0,0,0,LEADER,1,0,0,0,0,29
80449,58,adaptive-prasle,2221,1,0,0,29,0,406,0,1,58,78228,2221,0,30,0,0,0,LEADER,1,0,0,0,0,29
79832,73,adaptive-prasle,1604,1,0,0,29,0,406,0,1,73,78228,1604,0,30,0,0,0,LEADER,1,0,0,0,0,29
79573,59,adaptive-prasle,2265,1,0,0,29,0,406,0,1,59,77308,2265,0,30,0,0,0,LEADER,1,0,0,0,0,29
79847,41,adaptive-prasle,1619,1,0,0,29,0,406,0,1,41,78228,1619,0,30,0,0,0,LEADER,1,0,0,0,0,29
79762,96,adaptive-prasle,1534,1,0,0,29,0,406,0,1,96,78228,1534,0,30,0,0,0,LEADER,1,0,0,0,0,29
79995,49,adaptive-prasle,1767,1,0,0,29,0,406,0,1,49,78228,1767,0,30,0,0,0,LEADER,1,0,0,0,0,29
80064,74,adaptive-prasle,1837,1,0,0,29,0,406,0,1,74,78227,1837,0,30,0,0,0,LEADER,1,0,0,0,0,29
80456,92,adaptive-prasle,2228,1,0,0,29,0,406,0,1,92,78228,2228,0,30,0,0,0,LEADER,1,0,0,0,0,29
79662,66,adaptive-prasle,1434,1,0,0,29,0,406,0,1,66,78228,1434,0,30,0,0,0,LEADER,1,0,0,0,0,29
79688,57,adaptive-prasle,2380,1,0,0,29,0,406,0,1,57,77308,2380,0,30,0,0,0,LEADER,1,0,0,0,0,29
80488,78,adaptive-prasle,2260,1,0,0,29,0,406,0,1,78,78228,2260,0,30,0,0,0,LEADER,1,0,0,0,0,29
79654,39,adaptive-prasle,2346,1,0,0,29,0,406,0,1,39,77308,2346,0,30,0,0,0,LEADER,1,0,0,0,0,29
80371,30,adaptive-prasle,2143,1,0,0,29,0,406,0,1,30,78228,2143,0,30,0,0,0,LEADER,1,0,0,0,0,29
79777,64,adaptive-prasle,1549,1,0,0,29,0,406,0,1,64,78228,1549,0,30,0,0,0,LEADER,1,0,0,0,0,29
80002,80,adaptive-prasle,1774,1,0,0,29,0,406,0,1,80,78228,1774,0,30,0,0,0,LEADER,1,0,0,0,0,29
79742,54,adaptive-prasle,1516,1,0,0,29,0,406,0,1,54,78226,1516,0,30,0,0,0,LEADER,1,0,0,0,0,29
80268,43,adaptive-prasle,2040,1,0,0,29,0,406,0,1,43,78228,2040,0,30,0,0,0,LEADER,1,0,0,0,0,29
80188,26,adaptive-prasle,1960,1,0,0,29,0,406,0,1,26,78228,1960,0,30,0,0,0,LEADER,1,0,0,0,0,29
79818,42,adaptive-prasle,1591,1,0,0,29,0,406,0,1,42,78227,1591,0,30,0,0,0,LEADER,1,0,0,0,0,29
79826,31,adaptive-prasle,1598,1,0,0,29,0,406,0,1,31,78228,1598,0,30,0,0,0,LEADER,1,0,0,0,0,29
80583,94,adaptive-prasle,2355,1,0,0,29,0,406,0,1,94,78228,2355,0,30,0,0,0,LEADER,1,0,0,0,0,29
80153,45,adaptive-prasle,1925,1,0,0,29,0,406,0,1,45,78228,1925,0,30,0,0,0,LEADER,1,0,0,0,0,29
80526,60,adaptive-prasle,2298,1,0,0,29,0,406,0,1,60,78228,2298,0,30,0,0,0,LEADER,1,0,0,0,0,29
80631,44,adaptive-prasle,1483,1,0,0,29,0,406,0,1,44,79148,1483,0,30,0,0,0,LEADER,1,0,0,0,0,29
80235,33,adaptive-prasle,2007,1,0,0,29,0,406,0,1,33,78228,2007,0,30,0,0,0,LEADER,1,0,0,0,0,29
79880,51,adaptive-prasle,1652,1,0,0,29,0,406,0,1,51,78228,1652,0,30,0,0,0,LEADER,1,0,0,0,0,29
80679,22,adaptive-prasle,1531,1,0,0,29,0,406,0,1,22,79148,1531,0,30,0,0,0,LEADER,1,0,0,0,0,29
80390,72,adaptive-prasle,2162,1,0,0,29,0,406,0,1,72,78228,2162,0,30,0,0,0,LEADER,1,0,0,0,0,29
80180,24,adaptive-prasle,1952,1,0,0,29,0,406,0,1,24,78228,1952,0,30,0,0,0,LEADER,1,0,0,0,0,29
80712,32,adaptive-prasle,1564,1,0,0,29,0,406,0,1,32,79148,1564,0,30,0,0,0,LEADER,1,0,0,0,0,29
79899,93,adaptive-prasle,1671,1,0,0,29,0,406,0,1,93,78228,1671,0,30,0,0,0,LEADER,1,0,0,0,0,29
80571,69,adaptive-prasle,2343,1,0,0,29,0,406,0,1,69,78228,2343,0,30,0,0,0,LEADER,1,0,0,0,0,29
80558,79,adaptive-prasle,2331,1,0,0,29,0,406,0,1,79,78227,2331,0,30,0,0,0,LEADER,1,0,0,0,0,29
80253,75,adaptive-prasle,2025,1,0,0,29,0,406,0,1,75,78228,2025,0,30,0,0,0,LEADER,1,0,0,0,0,29
79980,81,adaptive-prasle,1752,1,0,0,29,0,406,0,1,81,78228,1752,0,30,0,0,0,LEADER,1,0,0,0,0,29
79838,52,adaptive-prasle,1610,1,0,0,29,0,406,0,1,52,78228,1610,0,30,0,0,0,LEADER,1,0,0,0,0,29
80493,29,adaptive-prasle,2265,1,0,0,29,0,406,0,1,29,78228,2265,0,30,0,0,0,LEADER,1,0,0,0,0,29
80317,21,adaptive-prasle,2088,1,0,0,29,0,406,0,1,21,78229,2088,0,30,0,0,0,LEADER,1,0,0,0,0,29
80069,100,adaptive-prasle,1841,1,0,0,29,0,406,0,1,100,78228,1841,0,30,0,0,0,LEADER,1,0,0,0,0,29
79914,61,adaptive-prasle,1686,1,0,0,29,0,406,0,1,61,78228,1686,0,30,0,0,0,LEADER,1,0,0,0,0,29
80478,91,adaptive-prasle,2250,1,0,0,29,0,406,0,1,91,78228,2250,0,30,0,0,0,LEADER,1,0,0,0,0,29
80438,37,adaptive-prasle,2210,1,0,0,29,0,406,0,1,37,78228,2210,0,30,0,0,0,LEADER,1,0,0,0,0,29
79982,38,adaptive-prasle,1755,1,0,0,29,0,406,0,1,38,78227,1755,0,30,0,0,0,LEADER,1,0,0,0,0,29
80647,98,adaptive-prasle,2419,1,0,0,29,0,406,0,1,98,78228,2419,0,30,0,0,0,LEADER,1,0,0,0,0,29
80506,27,adaptive-prasle,2280,1,0,0,29,0,406,0,1,27,78226,2280,0,30,0,0,0,LEADER,1,0,0,0,0,29
80356,62,adaptive-prasle,2128,1,0,0,29,0,406,0,1,62,78228,2128,0,30,0,0,0,LEADER,1,0,0,0,0,29
80165,56,adaptive-prasle,1937,1,0,0,29,0,406,0,1,56,78228,1937,0,30,0,0,0,LEADER,1,0,0,0,0,29
80553,99,adaptive-prasle,2328,1,0,0,29,0,406,0,1,99,78225,2328,0,30,0,0,0,LEADER,1,0,0,0,0,29
80430,48,adaptive-prasle,2202,1,0,0,29,0,406,0,1,48,78228,2202,0,30,0,0,0,LEADER,1,0,0,0,0,29
79947,71,adaptive-prasle,1719,1,0,0,29,0,406,0,1,71,78228,1719,0,30,0,0,0,LEADER,1,0,0,0,0,29
80172,87,adaptive-prasle,1944,1,0,0,29,0,406,0,1,87,78228,1944,0,30,0,0,0,LEADER,1,0,0,0,0,29
80098,36,adaptive-prasle,1870,1,0,0,29,0,406,0,1,36,78228,1870,0,30,0,0,0,LEADER,1,0,0,0,0,29
80594,77,adaptive-prasle,1446,1,0,0,29,0,406,0,1,77,79148,1446,0,30,0,0,0,LEADER,1,0,0,0,0,29
80785,83,adaptive-prasle,1637,1,0,0,29,0,406,0,1,83,79148,1637,0,30,0,0,0,LEADER,1,0,0,0,0,29
80287,85,adaptive-prasle,2059,1,0,0,29,0,406,0,1,85,78228,2059,0,30,0,0,0,LEADER,1,0,0,0,0,29
80815,19,adaptive-prasle,1667,1,0,0,29,0,406,0,1,19,79148,1667,0,30,0,0,0,LEADER,1,0,0,0,0,29
80970,65,adaptive-prasle,1822,1,0,0,29,0,406,0,1,65,79148,1822,0,30,0,0,0,LEADER,1,0,0,0,0,29
80576,35,adaptive-prasle,1428,1,0,0,29,0,406,0,1,35,79148,1428,0,30,0,0,0,LEADER,1,0,0,0,0,29
80591,86,adaptive-prasle,1443,1,0,0,29,0,406,0,1,86,79148,1443,0,30,0,0,0,LEADER,1,0,0,0,0,29
80634,50,adaptive-prasle,2406,1,0,0,29,0,406,0,1,50,78228,2406,0,30,0,0,0,LEADER,1,0,0,0,0,29
80649,55,adaptive-prasle,1501,1,0,0,29,0,406,0,1,55,79148,1501,0,30,0,0,0,LEADER,1,0,0,0,0,29
80688,63,adaptive-prasle,1540,1,0,0,29,0,406,0,1,63,79148,1540,0,30,0,0,0,LEADER,1,0,0,0,0,29
81052,46,adaptive-prasle,1904,1,0,0,29,0,406,0,1,46,79148,1904,0,30,0,0,0,LEADER,1,0,0,0,0,29
80847,53,adaptive-prasle,1701,1,0,0,29,0,406,0,1,53,79146,1701,0,30,0,0,0,LEADER,1,0,0,0,0,29
80202,23,adaptive-prasle,1974,1,0,0,29,0,406,0,1,23,78228,1974,0,30,0,0,0,LEADER,1,0,0,0,0,29
81070,88,adaptive-prasle,1922,1,0,0,29,0,406,0,1,88,79148,1922,0,30,0,0,0,LEADER,1,0,0,0,0,29
80597,34,adaptive-prasle,1449,1,0,0,29,0,406,0,1,34,79148,1449,0,30,0,0,0,LEADER,1,0,0,0,0,29
80205,97,adaptive-prasle,1977,1,0,0,29,0,406,0,1,97,78228,1977,0,30,0,0,0,LEADER,1,0,0,0,0,29
80325,20,adaptive-prasle,2095,1,0,0,29,0,406,0,1,20,78230,2095,0,30,0,0,0,LEADER,1,0,0,0,0,29
80405,40,adaptive-prasle,2177,1,0,0,29,0,406,0,1,40,78228,2177,0,30,0,0,0,LEADER,1,0,0,0,0,29
80328,47,adaptive-prasle,2100,1,0,0,29,0,406,0,1,47,78228,2100,0,30,0,0,0,LEADER,1,0,0,0,0,29
81240,95,adaptive-prasle,2092,1,0,0,29,0,406,0,1,95,79148,2092,0,30,0,0,0,LEADER,1,0,0,0,0,29
80483,3,adaptive-prasle,1603,1,0,0,7,12,98,168,2,3,78880,1603,0,6,0,0,0,LEADER,1,0,0,0,0,7
80623,25,adaptive-prasle,2395,1,0,0,29,0,406,0,1,25,78228,2395,0,30,0,0,0,LEADER,1,0,0,0,0,29
81228,84,adaptive-prasle,2080,1,0,0,29,0,406,0,1,84,79148,2080,0,30,0,0,0,LEADER,1,0,0,0,0,29
80505,70,adaptive-prasle,2277,1,0,0,29,0,406,0,1,70,78228,2277,0,30,0,0,0,LEADER,1,0,0,0,0,29
80423,82,adaptive-prasle,2195,1,0,0,29,0,406,0,1,82,78228,2195,0,30,0,0,0,LEADER,1,0,0,0,0,29
80641,67,adaptive-prasle,2413,1,0,0,29,0,406,0,1,67,78228,2413,0,30,0,0,0,LEADER,1,0,0,0,0,29
80593,89,adaptive-prasle,2365,1,0,0,29,0,406,0,1,89,78228,2365,0,30,0,0,0,LEADER,1,0,0,0,0,29
81261,28,adaptive-prasle,2113,1,0,0,29,0,406,0,1,28,79148,2113,0,30,0,0,0,LEADER,1,0,0,0,0,29
81003,68,adaptive-prasle,1855,1,0,0,29,0,406,0,1,68,79148,1855,0,30,0,0,0,LEADER,1,0,0,0,0,29
80955,90,adaptive-prasle,1807,1,0,0,29,0,406,0,1,90,79148,1807,0,30,0,0,0,LEADER,1,0,0,0,0,29
80616,76,adaptive-prasle,1468,1,0,0,29,0,406,0,1,76,79148,1468,0,30,0,0,0,LEADER,1,0,0,0,0,29
80937,10,adaptive-prasle,1789,1,0,0,29,0,406,0,1,10,79148,1789,0,30,0,0,0,LEADER,1,0,0,0,0,29
81369,58,adaptive-prasle,2221,1,0,0,29,0,406,0,1,58,79148,2221,0,30,0,0,0,LEADER,1,0,0,0,0,29
80825,4,adaptive-prasle,2030,1,0,0,7,16,98,224,4,1,78795,2030,0,5,0,0,0,NORMAL,0,0,0,0,0,7
80752,73,adaptive-prasle,1604,1,0,0,29,0,406,0,1,73,79148,1604,0,30,0,0,0,LEADER,1,0,0,0,0,29
80493,59,adaptive-prasle,2265,1,0,0,29,0,406,0,1,59,78228,2265,0,30,0,0,0,LEADER,1,0,0,0,0,29
80767,41,adaptive-prasle,1619,1,0,0,29,0,406,0,1,41,79148,1619,0,30,0,0,0,LEADER,1,0,0,0,0,29
80682,96,adaptive-prasle,1534,1,0,0,29,0,406,0,1,96,79148,1534,0,30,0,0,0,LEADER,1,0,0,0,0,29
80915,49,adaptive-prasle,1767,1,0,0,29,0,406,0,1,49,79148,1767,0,30,0,0,0,LEADER,1,0,0,0,0,29
80984,74,adaptive-prasle,1837,1,0,0,29,0,406,0,1,74,79147,1837,0,30,0,0,0,LEADER,1,0,0,0,0,29
81376,92,adaptive-prasle,2228,1,0,0,29,0,406,0,1,92,79148,2228,0,30,0,0,0,LEADER,1,0,0,0,0,29
80582,66,adaptive-prasle,1434,1,0,0,29,0,406,0,1,66,79148,1434,0,30,0,0,0,LEADER,1,0,0,0,0,29
80608,57,adaptive-prasle,2380,1,0,0,29,0,406,0,1,57,78228,2380,0,30,0,0,0,LEADER,1,0,0,0,0,29
81408,78,adaptive-prasle,2260,1,0,0,29,0,406,0,1,78,79148,2260,0,30,0,0,0,LEADER,1,0,0,0,0,29
80574,39,adaptive-prasle,2346,1,0,0,29,0,406,0,1,39,78228,2346,0,30,0,0,0,LEADER,1,0,0,0,0,29
81291,30,adaptive-prasle,2143,1,0,0,29,0,406,0,1,30,79148,2143,0,30,0,0,0,LEADER,1,0,0,0,0,29
80697,64,adaptive-prasle,1549,1,0,0,29,0,406,0,1,64,79148,1549,0,30,0,0,0,LEADER,1,0,0,0,0,29
80922,80,adaptive-prasle,1774,1,0,0,29,0,406,0,1,80,79148,1774,0,30,0,0,0,LEADER,1,0,0,0,0,29
80662,54,adaptive-prasle,1516,1,0,0,29,0,406,0,1,54,79146,1516,0,30,0,0,0,LEADER,1,0,0,0,0,29
81188,43,adaptive-prasle,2040,1,0,0,29,0,406,0,1,43,79148,2040,0,30,0,0,0,LEADER,1,0,0,0,0,29
81108,26,adaptive-prasle,1960,1,0,0,29,0,406,0,1,26,79148,1960,0,30,0,0,0,LEADER,1,0,0,0,0,29
80738,42,adaptive-prasle,1591,1,0,0,29,0,406,0,1,42,79147,1591,0,30,0,0,0,LEADER,1,0,0,0,0,29
80746,31,adaptive-prasle,1598,1,0,0,29,0,406,0,1,31,79148,1598,0,30,0,0,0,LEADER,1,0,0,0,0,29
81503,94,adaptive-prasle,2355,1,0,0,29,0,406,0,1,94,79148,2355,0,30,0,0,0,LEADER,1,0,0,0,0,29
81073,45,adaptive-prasle,1925,1,0,0,29,0,406,0,1,45,79148,1925,0,30,0,0,0,LEADER,1,0,0,0,0,29
81446,60,adaptive-prasle,2298,1,0,0,29,0,406,0,1,60,79148,2298,0,30,0,0,0,LEADER,1,0,0,0,0,29
81552,44,adaptive-prasle,1483,1,0,0,30,0,420,0,1,44,80069,1483,0,31,0,0,0,LEADER,1,0,0,0,0,30
81155,33,adaptive-prasle,2007,1,0,0,29,0,406,0,1,33,79148,2007,0,30,0,0,0,LEADER,1,0,0,0,0,29
80800,51,adaptive-prasle,1652,1,0,0,29,0,406,0,1,51,79148,1652,0,30,0,0,0,LEADER,1,0,0,0,0,29
81310,72,adaptive-prasle,2162,1,0,0,29,0,406,0,1,72,79148,2162,0,30,0,0,0,LEADER,1,0,0,0,0,29
81600,22,adaptive-prasle,1531,1,0,0,30,0,420,0,1,22,80069,1531,0,31,0,0,0,LEADER,1,0,0,0,0,30
81100,24,adaptive-prasle,1952,1,0,0,29,0,406,0,1,24,79148,1952,0,30,0,0,0,LEADER,1,0,0,0,0,29
81491,69,adaptive-prasle,2343,1,0,0,29,0,406,0,1,69,79148,2343,0,30,0,0,0,LEADER,1,0,0,0,0,29
81633,32,adaptive-prasle,1564,1,0,0,30,0,420,0,1,32,80069,1564,0,31,0,0,0,LEADER,1,0,0,0,0,30
80819,93,adaptive-prasle,1671,1,0,0,29,0,406,0,1,93,79148,1671,0,30,0,0,0,LEADER,1,0,0,0,0,29
81478,79,adaptive-prasle,2331,1,0,0,29,0,406,0,1,79,79147,2331,0,30,0,0,0,LEADER,1,0,0,0,0,29
81173,75,adaptive-prasle,2025,1,0,0,29,0,406,0,1,75,79148,2025,0,30,0,0,0,LEADER,1,0,0,0,0,29
80900,81,adaptive-prasle,1752,1,0,0,29,0,406,0,1,81,79148,1752,0,30,0,0,0,LEADER,1,0,0,0,0,29
80758,52,adaptive-prasle,1610,1,0,0,29,0,406,0,1,52,79148,1610,0,30,0,0,0,LEADER,1,0,0,0,0,29
81237,21,adaptive-prasle,2088,1,0,0,29,0,406,0,1,21,79149,2088,0,30,0,0,0,LEADER,1,0,0,0,0,29
81413,29,adaptive-prasle,2265,1,0,0,29,0,406,0,1,29,79148,2265,0,30,0,0,0,LEADER,1,0,0,0,0,29
80989,100,adaptive-prasle,1841,1,0,0,29,0,406,0,1,100,79148,1841,0,30,0,0,0,LEADER,1,0,0,0,0,29
80834,61,adaptive-prasle,1686,1,0,0,29,0,406,0,1,61,79148,1686,0,30,0,0,0,LEADER,1,0,0,0,0,29
81398,91,adaptive-prasle,2250,1,0,0,29,0,406,0,1,91,79148,2250,0,30,0,0,0,LEADER,1,0,0,0,0,29
81358,37,adaptive-prasle,2210,1,0,0,29,0,406,0,1,37,79148,2210,0,30,0,0,0,LEADER,1,0,0,0,0,29
80902,38,adaptive-prasle,1755,1,0,0,29,0,406,0,1,38,79147,1755,0,30,0,0,0,LEADER,1,0,0,0,0,29
81567,98,adaptive-prasle,2419,1,0,0,29,0,406,0,1,98,79148,2419,0,30,0,0,0,LEADER,1,0,0,0,0,29
81426,27,adaptive-prasle,2280,1,0,0,29,0,406,0,1,27,79146,2280,0,30,0,0,0,LEADER,1,0,0,0,0,29
81276,62,adaptive-prasle,2128,1,0,0,29,0,406,0,1,62,79148,2128,0,30,0,0,0,LEADER,1,0,0,0,0,29
81085,56,adaptive-prasle,1937,1,0,0,29,0,406,0,1,56,79148,1937,0,30,0,0,0,LEADER,1,0,0,0,0,29
81473,99,adaptive-prasle,2328,1,0,0,29,0,406,0,1,99,79145,2328,0,30,0,0,0,LEADER,1,0,0,0,0,29
81350,48,adaptive-prasle,2202,1,0,0,29,0,406,0,1,48,79148,2202,0,30,0,0,0,LEADER,1,0,0,0,0,29
81743,9,adaptive-prasle,1889,1,0,0,11,10,154,140,3,3,79854,1889,0,4,0,0,0,NORMAL,0,0,0,0,0,11
80867,71,adaptive-prasle,1719,1,0,0,29,0,406,0,1,71,79148,1719,0,30,0,0,0,LEADER,1,0,0,0,0,29
81092,87,adaptive-prasle,1944,1,0,0,29,0,406,0,1,87,79148,1944,0,30,0,0,0,LEADER,1,0,0,0,0,29
81018,36,adaptive-prasle,1870,1,0,0,29,0,406,0,1,36,79148,1870,0,30,0,0,0,LEADER,1,0,0,0,0,29
81515,77,adaptive-prasle,1446,1,0,0,30,0,420,0,1,77,80069,1446,0,31,0,0,0,LEADER,1,0,0,0,0,30
81706,83,adaptive-prasle,1637,1,0,0,30,0,420,0,1,83,80069,1637,0,31,0,0,0,LEADER,1,0,0,0,0,30
81207,85,adaptive-prasle,2059,1,0,0,29,0,406,0,1,85,79148,2059,0,30,0,0,0,LEADER,1,0,0,0,0,29
81736,19,adaptive-prasle,1667,1,0,0,30,0,420,0,1,19,80069,1667,0,31,0,0,0,LEADER,1,0,0,0,0,30
81891,65,adaptive-prasle,1822,1,0,0,30,0,420,0,1,65,80069,1822,0,31,0,0,0,LEADER,1,0,0,0,0,30
81497,35,adaptive-prasle,1428,1,0,0,30,0,420,0,1,35,80069,1428,0,31,0,0,0,LEADER,1,0,0,0,0,30
81512,86,adaptive-prasle,1443,1,0,0,30,0,420,0,1,86,80069,1443,0,31,0,0,0,LEADER,1,0,0,0,0,30
81554,50,adaptive-prasle,2406,1,0,0,29,0,406,0,1,50,79148,2406,0,30,0,0,0,LEADER,1,0,0,0,0,29
81570,55,adaptive-prasle,1501,1,0,0,30,0,420,0,1,55,80069,1501,0,31,0,0,0,LEADER,1,0,0,0,0,30
81609,63,adaptive-prasle,1540,1,0,0,30,0,420,0,1,63,80069,1540,0,31,0,0,0,LEADER,1,0,0,0,0,30
81973,46,adaptive-prasle,1904,1,0,0,30,0,420,0,1,46,80069,1904,0,31,0,0,0,LEADER,1,0,0,0,0,30
81768,53,adaptive-prasle,1701,1,0,0,30,0,420,0,1,53,80067,1701,0,31,0,0,0,LEADER,1,0,0,0,0,30
81122,23,adaptive-prasle,1974,1,0,0,29,0,406,0,1,23,79148,1974,0,30,0,0,0,LEADER,1,0,0,0,0,29
81991,88,adaptive-prasle,1922,1,0,0,30,0,420,0,1,88,80069,1922,0,31,0,0,0,LEADER,1,0,0,0,0,30
81518,34,adaptive-prasle,1449,1,0,0,30,0,420,0,1,34,80069,1449,0,31,0,0,0,LEADER,1,0,0,0,0,30
81125,97,adaptive-prasle,1977,1,0,0,29,0,406,0,1,97,79148,1977,0,30,0,0,0,LEADER,1,0,0,0,0,29
81245,20,adaptive-prasle,2095,1,0,0,29,0,406,0,1,20,79150,2095,0,30,0,0,0,LEADER,1,0,0,0,0,29
81325,40,adaptive-prasle,2177,1,0,0,29,0,406,0,1,40,79148,2177,0,30,0,0,0,LEADER,1,0,0,0,0,29
81248,47,adaptive-prasle,2100,1,0,0,29,0,406,0,1,47,79148,2100,0,30,0,0,0,LEADER,1,0,0,0,0,29
82161,95,adaptive-prasle,2092,1,0,0,30,0,420,0,1,95,80069,2092,0,31,0,0,0,LEADER,1,0,0,0,0,30
81543,25,adaptive-prasle,2395,1,0,0,29,0,406,0,1,25,79148,2395,0,30,0,0,0,LEADER,1,0,0,0,0,29
82149,84,adaptive-prasle,2080,1,0,0,30,0,420,0,1,84,80069,2080,0,31,0,0,0,LEADER,1,0,0,0,0,30
81425,70,adaptive-prasle,2277,1,0,0,29,0,406,0,1,70,79148,2277,0,30,0,0,0,LEADER,1,0,0,0,0,29
81343,82,adaptive-prasle,2195,1,0,0,29,0,406,0,1,82,79148,2195,0,30,0,0,0,LEADER,1,0,0,0,0,29
81561,67,adaptive-prasle,2413,1,0,0,29,0,406,0,1,67,79148,2413,0,30,0,0,0,LEADER,1,0,0,0,0,29
81513,89,adaptive-prasle,2365,1,0,0,29,0,406,0,1,89,79148,2365,0,30,0,0,0,LEADER,1,0,0,0,0,29
81604,8,adaptive-prasle,2217,1,0,0,11,22,154,308,3,5,79387,2217,0,5,0,0,0,NORMAL,0,0,0,0,0,11
82182,28,adaptive-prasle,2113,1,0,0,30,0,420,0,1,28,80069,2113,0,31,0,0,0,LEADER,1,0,0,0,0,30
81924,68,adaptive-prasle,1855,1,0,0,30,0,420,0,1,68,80069,1855,0,31,0,0,0,LEADER,1,0,0,0,0,30
81876,90,adaptive-prasle,1807,1,0,0,30,0,420,0,1,90,80069,1807,0,31,0,0,0,LEADER,1,0,0,0,0,30
81537,76,adaptive-prasle,1468,1,0,0,30,0,420,0,1,76,80069,1468,0,31,0,0,0,LEADER,1,0,0,0,0,30
82290,58,adaptive-prasle,2221,1,0,0,30,0,420,0,1,58,80069,2221,0,31,0,0,0,LEADER,1,0,0,0,0,30
81858,10,adaptive-prasle,1789,1,0,0,30,0,420,0,1,10,80069,1789,0,31,0,0,0,LEADER,1,0,0,0,0,30
81673,73,adaptive-prasle,1604,1,0,0,30,0,420,0,1,73,80069,1604,0,31,0,0,0,LEADER,1,0,0,0,0,30
81413,59,adaptive-prasle,2265,1,0,0,29,0,406,0,1,59,79148,2265,0,30,0,0,0,LEADER,1,0,0,0,0,29
81688,41,adaptive-prasle,1619,1,0,0,30,0,420,0,1,41,80069,1619,0,31,0,0,0,LEADER,1,0,0,0,0,30
81603,96,adaptive-prasle,1534,1,0,0,30,0,420,0,1,96,80069,1534,0,31,0,0,0,LEADER,1,0,0,0,0,30
81836,49,adaptive-prasle,1767,1,0,0,30,0,420,0,1,49,80069,1767,0,31,0,0,0,LEADER,1,0,0,0,0,30
81905,74,adaptive-prasle,1837,1,0,0,30,0,420,0,1,74,80068,1837,0,31,0,0,0,LEADER,1,0,0,0,0,30
82297,92,adaptive-prasle,2228,1,0,0,30,0,420,0,1,92,80069,2228,0,31,0,0,0,LEADER,1,0,0,0,0,30
81503,66,adaptive-prasle,1434,1,0,0,30,0,420,0,1,66,80069,1434,0,31,0,0,0,LEADER,1,0,0,0,0,30
81528,57,adaptive-prasle,2380,1,0,0,29,0,406,0,1,57,79148,2380,0,30,0,0,0,LEADER,1,0,0,0,0,29
82329,78,adaptive-prasle,2260,1,0,0,30,0,420,0,1,78,80069,2260,0,31,0,0,0,LEADER,1,0,0,0,0,30
81494,39,adaptive-prasle,2346,1,0,0,29,0,406,0,1,39,79148,2346,0,30,0,0,0,LEADER,1,0,0,0,0,29
82212,30,adaptive-prasle,2143,1,0,0,30,0,420,0,1,30,80069,2143,0,31,0,0,0,LEADER,1,0,0,0,0,30
81618,64,adaptive-prasle,1549,1,0,0,30,0,420,0,1,64,80069,1549,0,31,0,0,0,LEADER,1,0,0,0,0,30
81843,80,adaptive-prasle,1774,1,0,0,30,0,420,0,1,80,80069,1774,0,31,0,0,0,LEADER,1,0,0,0,0,30
81583,54,adaptive-prasle,1516,1,0,0,30,0,420,0,1,54,80067,1516,0,31,0,0,0,LEADER,1,0,0,0,0,30
82109,43,adaptive-prasle,2040,1,0,0,30,0,420,0,1,43,80069,2040,0,31,0,0,0,LEADER,1,0,0,0,0,30
82029,26,adaptive-prasle,1960,1,0,0,30,0,420,0,1,26,80069,1960,0,31,0,0,0,LEADER,1,0,0,0,0,30
81659,42,adaptive-prasle,1591,1,0,0,30,0,420,0,1,42,80068,1591,0,31,0,0,0,LEADER,1,0,0,0,0,30
81667,31,adaptive-prasle,1598,1,0,0,30,0,420,0,1,31,80069,1598,0,31,0,0,0,LEADER,1,0,0,0,0,30
82424,94,adaptive-prasle,2355,1,0,0,30,0,420,0,1,94,80069,2355,0,31,0,0,0,LEADER,1,0,0,0,0,30
81994,45,adaptive-prasle,1925,1,0,0,30,0,420,0,1,45,80069,1925,0,31,0,0,0,LEADER,1,0,0,0,0,30
82367,60,adaptive-prasle,2298,1,0,0,30,0,420,0,1,60,80069,2298,0,31,0,0,0,LEADER,1,0,0,0,0,30
82472,44,adaptive-prasle,1483,1,0,0,30,0,420,0,1,44,80989,1483,0,31,0,0,0,LEADER,1,0,0,0,0,30
82076,33,adaptive-prasle,2007,1,0,0,30,0,420,0,1,33,80069,2007,0,31,0,0,0,LEADER,1,0,0,0,0,30
81721,51,adaptive-prasle,1652,1,0,0,30,0,420,0,1,51,80069,1652,0,31,0,0,0,LEADER,1,0,0,0,0,30
82520,22,adaptive-prasle,1531,1,0,0,30,0,420,0,1,22,80989,1531,0,31,0,0,0,LEADER,1,0,0,0,0,30
82231,72,adaptive-prasle,2162,1,0,0,30,0,420,0,1,72,80069,2162,0,31,0,0,0,LEADER,1,0,0,0,0,30
82021,24,adaptive-prasle,1952,1,0,0,30,0,420,0,1,24,80069,1952,0,31,0,0,0,LEADER,1,0,0,0,0,30
82553,32,adaptive-prasle,1564,1,0,0,30,0,420,0,1,32,80989,1564,0,31,0,0,0,LEADER,1,0,0,0,0,30
81740,93,adaptive-prasle,1671,1,0,0,30,0,420,0,1,93,80069,1671,0,31,0,0,0,LEADER,1,0,0,0,0,30
82412,69,adaptive-prasle,2343,1,0,0,30,0,420,0,1,69,80069,2343,0,31,0,0,0,LEADER,1,0,0,0,0,30
82399,79,adaptive-prasle,2331,1,0,0,30,0,420,0,1,79,80068,2331,0,31,0,0,0,LEADER,1,0,0,0,0,30
82094,75,adaptive-prasle,2025,1,0,0,30,0,420,0,1,75,80069,2025,0,31,0,0,0,LEADER,1,0,0,0,0,30
81821,81,adaptive-prasle,1752,1,0,0,30,0,420,0,1,81,80069,1752,0,31,0,0,0,LEADER,1,0,0,0,0,30
81679,52,adaptive-prasle,1610,1,0,0,30,0,420,0,1,52,80069,1610,0,31,0,0,0,LEADER,1,0,0,0,0,30
82158,21,adaptive-prasle,2088,1,0,0,30,0,420,0,1,21,80070,2088,0,31,0,0,0,LEADER,1,0,0,0,0,30
82334,29,adaptive-prasle,2265,1,0,0,30,0,420,0,1,29,80069,2265,0,31,0,0,0,LEADER,1,0,0,0,0,30
81910,100,adaptive-prasle,1841,1,0,0,30,0,420,0,1,100,80069,1841,0,31,0,0,0,LEADER,1,0,0,0,0,30
81755,61,adaptive-prasle,1686,1,0,0,30,0,420,0,1,61,80069,1686,0,31,0,0,0,LEADER,1,0,0,0,0,30
82319,91,adaptive-prasle,2250,1,0,0,30,0,420,0,1,91,80069,2250,0,31,0,0,0,LEADER,1,0,0,0,0,30
82279,37,adaptive-prasle,2210,1,0,0,30,0,420,0,1,37,80069,2210,0,31,0,0,0,LEADER,1,0,0,0,0,30
81822,38,adaptive-prasle,1755,1,0,0,30,0,420,0,1,38,80067,1755,0,31,0,0,0,LEADER,1,0,0,0,0,30
82488,98,adaptive-prasle,2419,1,0,0,30,0,420,0,1,98,80069,2419,0,31,0,0,0,LEADER,1,0,0,0,0,30
82347,27,adaptive-prasle,2280,1,0,0,30,0,420,0,1,27,80067,2280,0,31,0,0,0,LEADER,1,0,0,0,0,30
82197,62,adaptive-prasle,2128,1,0,0,30,0,420,0,1,62,80069,2128,0,31,0,0,0,LEADER,1,0,0,0,0,30
82006,56,adaptive-prasle,1937,1,0,0,30,0,420,0,1,56,80069,1937,0,31,0,0,0,LEADER,1,0,0,0,0,30
82394,99,adaptive-prasle,2328,1,0,0,30,0,420,0,1,99,80066,2328,0,31,0,0,0,LEADER,1,0,0,0,0,30
82271,48,adaptive-prasle,2202,1,0,0,30,0,420,0,1,48,80069,2202,0,31,0,0,0,LEADER,1,0,0,0,0,30
81788,71,adaptive-prasle,1719,1,0,0,30,0,420,0,1,71,80069,1719,0,31,0,0,0,LEADER,1,0,0,0,0,30
82013,87,adaptive-prasle,1944,1,0,0,30,0,420,0,1,87,80069,1944,0,31,0,0,0,LEADER,1,0,0,0,0,30
81939,36,adaptive-prasle,1870,1,0,0,30,0,420,0,1,36,80069,1870,0,31,0,0,0,LEADER,1,0,0,0,0,30
82435,77,adaptive-prasle,1446,1,0,0,30,0,420,0,1,77,80989,1446,0,31,0,0,0,LEADER,1,0,0,0,0,30
82626,83,adaptive-prasle,1637,1,0,0,30,0,420,0,1,83,80989,1637,0,31,0,0,0,LEADER,1,0,0,0,0,30
82128,85,adaptive-prasle,2059,1,0,0,30,0,420,0,1,85,80069,2059,0,31,0,0,0,LEADER,1,0,0,0,0,30
82656,19,adaptive-prasle,1667,1,0,0,30,0,420,0,1,19,80989,1667,0,31,0,0,0,LEADER,1,0,0,0,0,30
82811,65,adaptive-prasle,1822,1,0,0,30,0,420,0,1,65,80989,1822,0,31,0,0,0,LEADER,1,0,0,0,0,30
82417,35,adaptive-prasle,1428,1,0,0,30,0,420,0,1,35,80989,1428,0,31,0,0,0,LEADER,1,0,0,0,0,30
82432,86,adaptive-prasle,1443,1,0,0,30,0,420,0,1,86,80989,1443,0,31,0,0,0,LEADER,1,0,0,0,0,30
82475,50,adaptive-prasle,2406,1,0,0,30,0,420,0,1,50,80069,2406,0,31,0,0,0,LEADER,1,0,0,0,0,30
82490,55,adaptive-prasle,1501,1,0,0,30,0,420,0,1,55,80989,1501,0,31,0,0,0,LEADER,1,0,0,0,0,30
82529,63,adaptive-prasle,1540,1,0,0,30,0,420,0,1,63,80989,1540,0,31,0,0,0,LEADER,1,0,0,0,0,30
82893,46,adaptive-prasle,1904,1,0,0,30,0,420,0,1,46,80989,1904,0,31,0,0,0,LEADER,1,0,0,0,0,30
82688,53,adaptive-prasle,1701,1,0,0,30,0,420,0,1,53,80987,1701,0,31,0,0,0,LEADER,1,0,0,0,0,30
82043,23,adaptive-prasle,1974,1,0,0,30,0,420,0,1,23,80069,1974,0,31,0,0,0,LEADER,1,0,0,0,0,30
82911,88,adaptive-prasle,1922,1,0,0,30,0,420,0,1,88,80989,1922,0,31,0,0,0,LEADER,1,0,0,0,0,30
82438,34,adaptive-prasle,1449,1,0,0,30,0,420,0,1,34,80989,1449,0,31,0,0,0,LEADER,1,0,0,0,0,30
82046,97,adaptive-prasle,1977,1,0,0,30,0,420,0,1,97,80069,1977,0,31,0,0,0,LEADER,1,0,0,0,0,30
82779,6,adaptive-prasle,1797,1,0,0,10,20,140,280,3,5,80982,1797,0,5,0,0,0,NORMAL,0,0,0,0,0,10
82166,20,adaptive-prasle,2095,1,0,0,30,0,420,0,1,20,80071,2095,0,31,0,0,0,LEADER,1,0,0,0,0,30
82246,40,adaptive-prasle,2177,1,0,0,30,0,420,0,1,40,80069,2177,0,31,0,0,0,LEADER,1,0,0,0,0,30
82169,47,adaptive-prasle,2100,1,0,0,30,0,420,0,1,47,80069,2100,0,31,0,0,0,LEADER,1,0,0,0,0,30
82982,11,adaptive-prasle,2055,1,0,0,8,5,112,70,4,11,80927,2055,0,6,0,0,0,LEADER,1,0,0,0,0,8
83081,95,adaptive-prasle,2092,1,0,0,30,0,420,0,1,95,80989,2092,0,31,0,0,0,LEADER,1,0,0,0,0,30
82464,25,adaptive-prasle,2395,1,0,0,30,0,420,0,1,25,80069,2395,0,31,0,0,0,LEADER,1,0,0,0,0,30
83069,84,adaptive-prasle,2080,1,0,0,30,0,420,0,1,84,80989,2080,0,31,0,0,0,LEADER,1,0,0,0,0,30
82346,70,adaptive-prasle,2277,1,0,0,30,0,420,0,1,70,80069,2277,0,31,0,0,0,LEADER,1,0,0,0,0,30
82264,82,adaptive-prasle,2195,1,0,0,30,0,420,0,1,82,80069,2195,0,31,0,0,0,LEADER,1,0,0,0,0,30
82482,67,adaptive-prasle,2413,1,0,0,30,0,420,0,1,67,80069,2413,0,31,0,0,0,LEADER,1,0,0,0,0,30
82434,89,adaptive-prasle,2365,1,0,0,30,0,420,0,1,89,80069,2365,0,31,0,0,0,LEADER,1,0,0,0,0,30
83102,28,adaptive-prasle,2113,1,0,0,30,0,420,0,1,28,80989,2113,0,31,0,0,0,LEADER,1,0,0,0,0,30
82844,68,adaptive-prasle,1855,1,0,0,30,0,420,0,1,68,80989,1855,0,31,0,0,0,LEADER,1,0,0,0,0,30
82796,90,adaptive-prasle,1807,1,0,0,30,0,420,0,1,90,80989,1807,0,31,0,0,0,LEADER,1,0,0,0,0,30
82457,76,adaptive-prasle,1468,1,0,0,30,0,420,0,1,76,80989,1468,0,31,0,0,0,LEADER,1,0,0,0,0,30
82778,10,adaptive-prasle,1789,1,0,0,30,0,420,0,1,10,80989,1789,0,31,0,0,0,LEADER,1,0,0,0,0,30
83210,58,adaptive-prasle,2221,1,0,0,30,0,420,0,1,58,80989,2221,0,31,0,0,0,LEADER,1,0,0,0,0,30
82593,73,adaptive-prasle,1604,1,0,0,30,0,420,0,1,73,80989,1604,0,31,0,0,0,LEADER,1,0,0,0,0,30
82334,59,adaptive-prasle,2265,1,0,0,30,0,420,0,1,59,80069,2265,0,31,0,0,0,LEADER,1,0,0,0,0,30
82608,41,adaptive-prasle,1619,1,0,0,30,0,420,0,1,41,80989,1619,0,31,0,0,0,LEADER,1,0,0,0,0,30
82523,96,adaptive-prasle,1534,1,0,0,30,0,420,0,1,96,80989,1534,0,31,0,0,0,LEADER,1,0,0,0,0,30
82756,49,adaptive-prasle,1767,1,0,0,30,0,420,0,1,49,80989,1767,0,31,0,0,0,LEADER,1,0,0,0,0,30
82825,74,adaptive-prasle,1837,1,0,0,30,0,420,0,1,74,80988,1837,0,31,0,0,0,LEADER,1,0,0,0,0,30
83217,92,adaptive-prasle,2228,1,0,0,30,0,420,0,1,92,80989,2228,0,31,0,0,0,LEADER,1,0,0,0,0,30
82423,66,adaptive-prasle,1434,1,0,0,30,0,420,0,1,66,80989,1434,0,31,0,0,0,LEADER,1,0,0,0,0,30
82449,57,adaptive-prasle,2380,1,0,0,30,0,420,0,1,57,80069,2380,0,31,0,0,0,LEADER,1,0,0,0,0,30
83249,78,adaptive-prasle,2260,1,0,0,30,0,420,0,1,78,80989,2260,0,31,0,0,0,LEADER,1,0,0,0,0,30
82415,39,adaptive-prasle,2346,1,0,0,30,0,420,0,1,39,80069,2346,0,31,0,0,0,LEADER,1,0,0,0,0,30
83132,30,adaptive-prasle,2143,1,0,0,30,0,420,0,1,30,80989,2143,0,31,0,0,0,LEADER,1,0,0,0,0,30
82538,64,adaptive-prasle,1549,1,0,0,30,0,420,0,1,64,80989,1549,0,31,0,0,0,LEADER,1,0,0,0,0,30
82763,80,adaptive-prasle,1774,1,0,0,30,0,420,0,1,80,80989,1774,0,31,0,0,0,LEADER,1,0,0,0,0,30
82503,54,adaptive-prasle,1516,1,0,0,30,0,420,0,1,54,80987,1516,0,31,0,0,0,LEADER,1,0,0,0,0,30
83029,43,adaptive-prasle,2040,1,0,0,30,0,420,0,1,43,80989,2040,0,31,0,0,0,LEADER,1,0,0,0,0,30
82949,26,adaptive-prasle,1960,1,0,0,30,0,420,0,1,26,80989,1960,0,31,0,0,0,LEADER,1,0,0,0,0,30
82579,42,adaptive-prasle,1591,1,0,0,30,0,420,0,1,42,80988,1591,0,31,0,0,0,LEADER,1,0,0,0,0,30
82587,31,adaptive-prasle,1598,1,0,0,30,0,420,0,1,31,80989,1598,0,31,0,0,0,LEADER,1,0,0,0,0,30
83344,94,adaptive-prasle,2355,1,0,0,30,0,420,0,1,94,80989,2355,0,31,0,0,0,LEADER,1,0,0,0,0,30
82914,45,adaptive-prasle,1925,1,0,0,30,0,420,0,1,45,80989,1925,0,31,0,0,0,LEADER,1,0,0,0,0,30
83287,60,adaptive-prasle,2298,1,0,0,30,0,420,0,1,60,80989,2298,0,31,0,0,0,LEADER,1,0,0,0,0,30
83392,44,adaptive-prasle,1483,1,0,0,30,0,420,0,1,44,81909,1483,0,31,0,0,0,LEADER,1,0,0,0,0,30
82996,33,adaptive-prasle,2007,1,0,0,30,0,420,0,1,33,80989,2007,0,31,0,0,0,LEADER,1,0,0,0,0,30
82641,51,adaptive-prasle,1652,1,0,0,30,0,420,0,1,51,80989,1652,0,31,0,0,0,LEADER,1,0,0,0,0,30
83440,22,adaptive-prasle,1531,1,0,0,30,0,420,0,1,22,81909,1531,0,31,0,0,0,LEADER,1,0,0,0,0,30
83151,72,adaptive-prasle,2162,1,0,0,30,0,420,0,1,72,80989,2162,0,31,0,0,0,LEADER,1,0,0,0,0,30
82941,24,adaptive-prasle,1952,1,0,0,30,0,420,0,1,24,80989,1952,0,31,0,0,0,LEADER,1,0,0,0,0,30
83473,32,adaptive-prasle,1564,1,0,0,30,0,420,0,1,32,81909,1564,0,31,0,0,0,LEADER,1,0,0,0,0,30
82660,93,adaptive-prasle,1671,1,0,0,30,0,420,0,1,93,80989,1671,0,31,0,0,0,LEADER,1,0,0,0,0,30
83332,69,adaptive-prasle,2343,1,0,0,30,0,420,0,1,69,80989,2343,0,31,0,0,0,LEADER,1,0,0,0,0,30
83319,79,adaptive-prasle,2331,1,0,0,30,0,420,0,1,79,80988,2331,0,31,0,0,0,LEADER,1,0,0,0,0,30
83014,75,adaptive-prasle,2025,1,0,0,30,0,420,0,1,75,80989,2025,0,31,0,0,0,LEADER,1,0,0,0,0,30
82741,81,adaptive-prasle,1752,1,0,0,30,0,420,0,1,81,80989,1752,0,31,0,0,0,LEADER,1,0,0,0,0,30
82599,52,adaptive-prasle,1610,1,0,0,30,0,420,0,1,52,80989,1610,0,31,0,0,0,LEADER,1,0,0,0,0,30
83078,21,adaptive-prasle,2088,1,0,0,30,0,420,0,1,21,80990,2088,0,31,0,0,0,LEADER,1,0,0,0,0,30
83254,29,adaptive-prasle,2265,1,0,0,30,0,420,0,1,29,80989,2265,0,31,0,0,0,LEADER,1,0,0,0,0,30
82830,100,adaptive-prasle,1841,1,0,0,30,0,420,0,1,100,80989,1841,0,31,0,0,0,LEADER,1,0,0,0,0,30
82675,61,adaptive-prasle,1686,1,0,0,30,0,420,0,1,61,80989,1686,0,31,0,0,0,LEADER,1,0,0,0,0,30
83239,91,adaptive-prasle,2250,1,0,0,30,0,420,0,1,91,80989,2250,0,31,0,0,0,LEADER,1,0,0,0,0,30
83199,37,adaptive-prasle,2210,1,0,0,30,0,420,0,1,37,80989,2210,0,31,0,0,0,LEADER,1,0,0,0,0,30
82742,38,adaptive-prasle,1755,1,0,0,30,0,420,0,1,38,80987,1755,0,31,0,0,0,LEADER,1,0,0,0,0,30
83408,98,adaptive-prasle,2419,1,0,0,30,0,420,0,1,98,80989,2419,0,31,0,0,0,LEADER,1,0,0,0,0,30
83267,27,adaptive-prasle,2280,1,0,0,30,0,420,0,1,27,80987,2280,0,31,0,0,0,LEADER,1,0,0,0,0,30
83117,62,adaptive-prasle,2128,1,0,0,30,0,420,0,1,62,80989,2128,0,31,0,0,0,LEADER,1,0,0,0,0,30
82926,56,adaptive-prasle,1937,1,0,0,30,0,420,0,1,56,80989,1937,0,31,0,0,0,LEADER,1,0,0,0,0,30
83314,99,adaptive-prasle,2328,1,0,0,30,0,420,0,1,99,80986,2328,0,31,0,0,0,LEADER,1,0,0,0,0,30
83191,48,adaptive-prasle,2202,1,0,0,30,0,420,0,1,48,80989,2202,0,31,0,0,0,LEADER,1,0,0,0,0,30
82708,71,adaptive-prasle,1719,1,0,0,30,0,420,0,1,71,80989,1719,0,31,0,0,0,LEADER,1,0,0,0,0,30
82933,87,adaptive-prasle,1944,1,0,0,30,0,420,0,1,87,80989,1944,0,31,0,0,0,LEADER,1,0,0,0,0,30
82859,36,adaptive-prasle,1870,1,0,0,30,0,420,0,1,36,80989,1870,0,31,0,0,0,LEADER,1,0,0,0,0,30
83355,77,adaptive-prasle,1446,1,0,0,30,0,420,0,1,77,81909,1446,0,31,0,0,0,LEADER,1,0,0,0,0,30
83546,83,adaptive-prasle,1637,1,0,0,30,0,420,0,1,83,81909,1637,0,31,0,0,0,LEADER,1,0,0,0,0,30
83048,85,adaptive-prasle,2059,1,0,0,30,0,420,0,1,85,80989,2059,0,31,0,0,0,LEADER,1,0,0,0,0,30
83576,19,adaptive-prasle,1667,1,0,0,30,0,420,0,1,19,81909,1667,0,31,0,0,0,LEADER,1,0,0,0,0,30
83731,65,adaptive-prasle,1822,1,0,0,30,0,420,0,1,65,81909,1822,0,31,0,0,0,LEADER,1,0,0,0,0,30
83337,35,adaptive-prasle,1428,1,0,0,30,0,420,0,1,35,81909,1428,0,31,0,0,0,LEADER,1,0,0,0,0,30
83352,86,adaptive-prasle,1443,1,0,0,30,0,420,0,1,86,81909,1443,0,31,0,0,0,LEADER,1,0,0,0,0,30
83395,50,adaptive-prasle,2406,1,0,0,30,0,420,0,1,50,80989,2406,0,31,0,0,0,LEADER,1,0,0,0,0,30
83410,55,adaptive-prasle,1501,1,0,0,30,0,420,0,1,55,81909,1501,0,31,0,0,0,LEADER,1,0,0,0,0,30
83449,63,adaptive-prasle,1540,1,0,0,30,0,420,0,1,63,81909,1540,0,31,0,0,0,LEADER,1,0,0,0,0,30
83813,46,adaptive-prasle,1904,1,0,0,30,0,420,0,1,46,81909,1904,0,31,0,0,0,LEADER,1,0,0,0,0,30
83608,53,adaptive-prasle,1701,1,0,0,30,0,420,0,1,53,81907,1701,0,31,0,0,0,LEADER,1,0,0,0,0,30
82963,23,adaptive-prasle,1974,1,0,0,30,0,420,0,1,23,80989,1974,0,31,0,0,0,LEADER,1,0,0,0,0,30
83831,88,adaptive-prasle,1922,1,0,0,30,0,420,0,1,88,81909,1922,0,31,0,0,0,LEADER,1,0,0,0,0,30
83358,34,adaptive-prasle,1449,1,0,0,30,0,420,0,1,34,81909,1449,0,31,0,0,0,LEADER,1,0,0,0,0,30
82966,97,adaptive-prasle,1977,1,0,0,30,0,420,0,1,97,80989,1977,0,31,0,0,0,LEADER,1,0,0,0,0,30
83086,20,adaptive-prasle,2095,1,0,0,30,0,420,0,1,20,80991,2095,0,31,0,0,0,LEADER,1,0,0,0,0,30
83166,40,adaptive-prasle,2177,1,0,0,30,0,420,0,1,40,80989,2177,0,31,0,0,0,LEADER,1,0,0,0,0,30
83089,47,adaptive-prasle,2100,1,0,0,30,0,420,0,1,47,80989,2100,0,31,0,0,0,LEADER,1,0,0,0,0,30
84001,95,adaptive-prasle,2092,1,0,0,30,0,420,0,1,95,81909,2092,0,31,0,0,0,LEADER,1,0,0,0,0,30
83999,12,adaptive-prasle,1578,1,0,0,5,5,70,70,3,12,82421,1578,0,4,0,0,0,LEADER,1,0,0,0,0,5
83384,25,adaptive-prasle,2395,1,0,0,30,0,420,0,1,25,80989,2395,0,31,0,0,0,LEADER,1,0,0,0,0,30
83989,84,adaptive-prasle,2080,1,0,0,30,0,420,0,1,84,81909,2080,0,31,0,0,0,LEADER,1,0,0,0,0,30
83266,70,adaptive-prasle,2277,1,0,0,30,0,420,0,1,70,80989,2277,0,31,0,0,0,LEADER,1,0,0,0,0,30
83184,82,adaptive-prasle,2195,1,0,0,30,0,420,0,1,82,80989,2195,0,31,0,0,0,LEADER,1,0,0,0,0,30
83402,67,adaptive-prasle,2413,1,0,0,30,0,420,0,1,67,80989,2413,0,31,0,0,0,LEADER,1,0,0,0,0,30
83354,89,adaptive-prasle,2365,1,0,0,30,0,420,0,1,89,80989,2365,0,31,0,0,0,LEADER,1,0,0,0,0,30
84022,28,adaptive-prasle,2113,1,0,0,30,0,420,0,1,28,81909,2113,0,31,0,0,0,LEADER,1,0,0,0,0,30
83764,68,adaptive-prasle,1855,1,0,0,30,0,420,0,1,68,81909,1855,0,31,0,0,0,LEADER,1,0,0,0,0,30
83716,90,adaptive-prasle,1807,1,0,0,30,0,420,0,1,90,81909,1807,0,31,0,0,0,LEADER,1,0,0,0,0,30
83377,76,adaptive-prasle,1468,1,0,0,30,0,420,0,1,76,81909,1468,0,31,0,0,0,LEADER,1,0,0,0,0,30
83698,10,adaptive-prasle,1789,1,0,0,30,0,420,0,1,10,81909,1789,0,31,0,0,0,LEADER,1,0,0,0,0,30
84130,58,adaptive-prasle,2221,1,0,0,30,0,420,0,1,58,81909,2221,0,31,0,0,0,LEADER,1,0,0,0,0,30
83513,73,adaptive-prasle,1604,1,0,0,30,0,420,0,1,73,81909,1604,0,31,0,0,0,LEADER,1,0,0,0,0,30
83254,59,adaptive-prasle,2265,1,0,0,30,0,420,0,1,59,80989,2265,0,31,0,0,0,LEADER,1,0,0,0,0,30
83528,41,adaptive-prasle,1619,1,0,0,30,0,420,0,1,41,81909,1619,0,31,0,0,0,LEADER,1,0,0,0,0,30
83443,96,adaptive-prasle,1534,1,0,0,30,0,420,0,1,96,81909,1534,0,31,0,0,0,LEADER,1,0,0,0,0,30
83676,49,adaptive-prasle,1767,1,0,0,30,0,420,0,1,49,81909,1767,0,31,0,0,0,LEADER,1,0,0,0,0,30
83745,74,adaptive-prasle,1837,1,0,0,30,0,420,0,1,74,81908,1837,0,31,0,0,0,LEADER,1,0,0,0,0,30
84137,92,adaptive-prasle,2228,1,0,0,30,0,420,0,1,92,81909,2228,0,31,0,0,0,LEADER,1,0,0,0,0,30
83343,66,adaptive-prasle,1434,1,0,0,30,0,420,0,1,66,81909,1434,0,31,0,0,0,LEADER,1,0,0,0,0,30
83369,57,adaptive-prasle,2380,1,0,0,30,0,420,0,1,57,80989,2380,0,31,0,0,0,LEADER,1,0,0,0,0,30
84169,78,adaptive-prasle,2260,1,0,0,30,0,420,0,1,78,81909,2260,0,31,0,0,0,LEADER,1,0,0,0,0,30
83335,39,adaptive-prasle,2346,1,0,0,30,0,420,0,1,39,80989,2346,0,31,0,0,0,LEADER,1,0,0,0,0,30
84052,30,adaptive-prasle,2143,1,0,0,30,0,420,0,1,30,81909,2143,0,31,0,0,0,LEADER,1,0,0,0,0,30
83458,64,adaptive-prasle,1549,1,0,0,30,0,420,0,1,64,81909,1549,0,31,0,0,0,LEADER,1,0,0,0,0,30
83683,80,adaptive-prasle,1774,1,0,0,30,0,420,0,1,80,81909,1774,0,31,0,0,0,LEADER,1,0,0,0,0,30
83423,54,adaptive-prasle,1516,1,0,0,30,0,420,0,1,54,81907,1516,0,31,0,0,0,LEADER,1,0,0,0,0,30
83949,43,adaptive-prasle,2040,1,0,0,30,0,420,0,1,43,81909,2040,0,31,0,0,0,LEADER,1,0,0,0,0,30
83869,26,adaptive-prasle,1960,1,0,0,30,0,420,0,1,26,81909,1960,0,31,0,0,0,LEADER,1,0,0,0,0,30
83499,42,adaptive-prasle,1591,1,0,0,30,0,420,0,1,42,81908,1591,0,31,0,0,0,LEADER,1,0,0,0,0,30
83507,31,adaptive-prasle,1598,1,0,0,30,0,420,0,1,31,81909,1598,0,31,0,0,0,LEADER,1,0,0,0,0,30
84264,94,adaptive-prasle,2355,1,0,0,30,0,420,0,1,94,81909,2355,0,31,0,0,0,LEADER,1,0,0,0,0,30
83834,45,adaptive-prasle,1925,1,0,0,30,0,420,0,1,45,81909,1925,0,31,0,0,0,LEADER,1,0,0,0,0,30
84207,60,adaptive-prasle,2298,1,0,0,30,0,420,0,1,60,81909,2298,0,31,0,0,0,LEADER,1,0,0,0,0,30
84313,44,adaptive-prasle,1483,1,0,0,31,0,434,0,1,44,82830,1483,0,32,0,0,0,LEADER,1,0,0,0,0,31
83916,33,adaptive-prasle,2007,1,0,0,30,0,420,0,1,33,81909,2007,0,31,0,0,0,LEADER,1,0,0,0,0,30
83561,51,adaptive-prasle,1652,1,0,0,30,0,420,0,1,51,81909,1652,0,31,0,0,0,LEADER,1,0,0,0,0,30
84071,72,adaptive-prasle,2162,1,0,0,30,0,420,0,1,72,81909,2162,0,31,0,0,0,LEADER,1,0,0,0,0,30
84361,22,adaptive-prasle,1531,1,0,0,31,0,434,0,1,22,82830,1531,0,32,0,0,0,LEADER,1,0,0,0,0,31
83861,24,adaptive-prasle,1952,1,0,0,30,0,420,0,1,24,81909,1952,0,31,0,0,0,LEADER,1,0,0,0,0,30
84394,32,adaptive-prasle,1564,1,0,0,31,0,434,0,1,32,82830,1564,0,32,0,0,0,LEADER,1,0,0,0,0,31
83580,93,adaptive-prasle,1671,1,0,0,30,0,420,0,1,93,81909,1671,0,31,0,0,0,LEADER,1,0,0,0,0,30
84252,69,adaptive-prasle,2343,1,0,0,30,0,420,0,1,69,81909,2343,0,31,0,0,0,LEADER,1,0,0,0,0,30
84239,79,adaptive-prasle,2331,1,0,0,30,0,420,0,1,79,81908,2331,0,31,0,0,0,LEADER,1,0,0,0,0,30
83934,75,adaptive-prasle,2025,1,0,0,30,0,420,0,1,75,81909,2025,0,31,0,0,0,LEADER,1,0,0,0,0,30
83661,81,adaptive-prasle,1752,1,0,0,30,0,420,0,1,81,81909,1752,0,31,0,0,0,LEADER,1,0,0,0,0,30
83519,52,adaptive-prasle,1610,1,0,0,30,0,420,0,1,52,81909,1610,0,31,0,0,0,LEADER,1,0,0,0,0,30
83998,21,adaptive-prasle,2088,1,0,0,30,0,420,0,1,21,81910,2088,0,31,0,0,0,LEADER,1,0,0,0,0,30
84174,29,adaptive-prasle,2265,1,0,0,30,0,420,0,1,29,81909,2265,0,31,0,0,0,LEADER,1,0,0,0,0,30
83750,100,adaptive-prasle,1841,1,0,0,30,0,420,0,1,100,81909,1841,0,31,0,0,0,LEADER,1,0,0,0,0,30
83595,61,adaptive-prasle,1686,1,0,0,30,0,420,0,1,61,81909,1686,0,31,0,0,0,LEADER,1,0,0,0,0,30
84159,91,adaptive-prasle,2250,1,0,0,30,0,420,0,1,91,81909,2250,0,31,0,0,0,LEADER,1,0,0,0,0,30
84119,37,adaptive-prasle,2210,1,0,0,30,0,420,0,1,37,81909,2210,0,31,0,0,0,LEADER,1,0,0,0,0,30
83662,38,adaptive-prasle,1755,1,0,0,30,0,420,0,1,38,81907,1755,0,31,0,0,0,LEADER,1,0,0,0,0,30
84328,98,adaptive-prasle,2419,1,0,0,30,0,420,0,1,98,81909,2419,0,31,0,0,0,LEADER,1,0,0,0,0,30
84187,27,adaptive-prasle,2280,1,0,0,30,0,420,0,1,27,81907,2280,0,31,0,0,0,LEADER,1,0,0,0,0,30
84037,62,adaptive-prasle,2128,1,0,0,30,0,420,0,1,62,81909,2128,0,31,0,0,0,LEADER,1,0,0,0,0,30
83846,56,adaptive-prasle,1937,1,0,0,30,0,420,0,1,56,81909,1937,0,31,0,0,0,LEADER,1,0,0,0,0,30
84234,99,adaptive-prasle,2328,1,0,0,30,0,420,0,1,99,81906,2328,0,31,0,0,0,LEADER,1,0,0,0,0,30
84111,48,adaptive-prasle,2202,1,0,0,30,0,420,0,1,48,81909,2202,0,31,0,0,0,LEADER,1,0,0,0,0,30
83628,71,adaptive-prasle,1719,1,0,0,30,0,420,0,1,71,81909,1719,0,31,0,0,0,LEADER,1,0,0,0,0,30
83853,87,adaptive-prasle,1944,1,0,0,30,0,420,0,1,87,81909,1944,0,31,0,0,0,LEADER,1,0,0,0,0,30
83779,36,adaptive-prasle,1870,1,0,0,30,0,420,0,1,36,81909,1870,0,31,0,0,0,LEADER,1,0,0,0,0,30
84276,77,adaptive-prasle,1446,1,0,0,31,0,434,0,1,77,82830,1446,0,32,0,0,0,LEADER,1,0,0,0,0,31
84467,83,adaptive-prasle,1637,1,0,0,31,0,434,0,1,83,82830,1637,0,32,0,0,0,LEADER,1,0,0,0,0,31
83968,85,adaptive-prasle,2059,1,0,0,30,0,420,0,1,85,81909,2059,0,31,0,0,0,LEADER,1,0,0,0,0,30
84497,19,adaptive-prasle,1667,1,0,0,31,0,434,0,1,19,82830,1667,0,32,0,0,0,LEADER,1,0,0,0,0,31
84652,65,adaptive-prasle,1822,1,0,0,31,0,434,0,1,65,82830,1822,0,32,0,0,0,LEADER,1,0,0,0,0,31
84258,35,adaptive-prasle,1428,1,0,0,31,0,434,0,1,35,82830,1428,0,32,0,0,0,LEADER,1,0,0,0,0,31
84273,86,adaptive-prasle,1443,1,0,0,31,0,434,0,1,86,82830,1443,0,32,0,0,0,LEADER,1,0,0,0,0,31
84315,50,adaptive-prasle,2406,1,0,0,30,0,420,0,1,50,81909,2406,0,31,0,0,0,LEADER,1,0,0,0,0,30
84331,55,adaptive-prasle,1501,1,0,0,31,0,434,0,1,55,82830,1501,0,32,0,0,0,LEADER,1,0,0,0,0,31
84370,63,adaptive-prasle,1540,1,0,0,31,0,434,0,1,63,82830,1540,0,32,0,0,0,LEADER,1,0,0,0,0,31
84734,46,adaptive-prasle,1904,1,0,0,31,0,434,0,1,46,82830,1904,0,32,0,0,0,LEADER,1,0,0,0,0,31
84529,53,adaptive-prasle,1701,1,0,0,31,0,434,0,1,53,82828,1701,0,32,0,0,0,LEADER,1,0,0,0,0,31
83883,23,adaptive-prasle,1974,1,0,0,30,0,420,0,1,23,81909,1974,0,31,0,0,0,LEADER,1,0,0,0,0,30
84752,88,adaptive-prasle,1922,1,0,0,31,0,434,0,1,88,82830,1922,0,32,0,0,0,LEADER,1,0,0,0,0,31
84279,34,adaptive-prasle,1449,1,0,0,31,0,434,0,1,34,82830,1449,0,32,0,0,0,LEADER,1,0,0,0,0,31
83886,97,adaptive-prasle,1977,1,0,0,30,0,420,0,1,97,81909,1977,0,31,0,0,0,LEADER,1,0,0,0,0,30
84006,20,adaptive-prasle,2095,1,0,0,30,0,420,0,1,20,81911,2095,0,31,0,0,0,LEADER,1,0,0,0,0,30
84086,40,adaptive-prasle,2177,1,0,0,30,0,420,0,1,40,81909,2177,0,31,0,0,0,LEADER,1,0,0,0,0,30
84009,47,adaptive-prasle,2100,1,0,0,30,0,420,0,1,47,81909,2100,0,31,0,0,0,LEADER,1,0,0,0,0,30
84922,95,adaptive-prasle,2092,1,0,0,31,0,434,0,1,95,82830,2092,0,32,0,0,0,LEADER,1,0,0,0,0,31
84304,25,adaptive-prasle,2395,1,0,0,30,0,420,0,1,25,81909,2395,0,31,0,0,0,LEADER,1,0,0,0,0,30
84910,84,adaptive-prasle,2080,1,0,0,31,0,434,0,1,84,82830,2080,0,32,0,0,0,LEADER,1,0,0,0,0,31
84186,70,adaptive-prasle,2277,1,0,0,30,0,420,0,1,70,81909,2277,0,31,0,0,0,LEADER,1,0,0,0,0,30
84104,82,adaptive-prasle,2195,1,0,0,30,0,420,0,1,82,81909,2195,0,31,0,0,0,LEADER,1,0,0,0,0,30
84322,67,adaptive-prasle,2413,1,0,0,30,0,420,0,1,67,81909,2413,0,31,0,0,0,LEADER,1,0,0,0,0,30
84274,89,adaptive-prasle,2365,1,0,0,30,0,420,0,1,89,81909,2365,0,31,0,0,0,LEADER,1,0,0,0,0,30
84943,28,adaptive-prasle,2113,1,0,0,31,0,434,0,1,28,82830,2113,0,32,0,0,0,LEADER,1,0,0,0,0,31
84685,68,adaptive-prasle,1855,1,0,0,31,0,434,0,1,68,82830,1855,0,32,0,0,0,LEADER,1,0,0,0,0,31
84637,90,adaptive-prasle,1807,1,0,0,31,0,434,0,1,90,82830,1807,0,32,0,0,0,LEADER,1,0,0,0,0,31
84298,76,adaptive-prasle,1468,1,0,0,31,0,434,0,1,76,82830,1468,0,32,0,0,0,LEADER,1,0,0,0,0,31
84619,10,adaptive-prasle,1789,1,0,0,31,0,434,0,1,10,82830,1789,0,32,0,0,0,LEADER,1,0,0,0,0,31
85051,58,adaptive-prasle,2221,1,0,0,31,0,434,0,1,58,82830,2221,0,32,0,0,0,LEADER,1,0,0,0,0,31
84434,73,adaptive-prasle,1604,1,0,0,31,0,434,0,1,73,82830,1604,0,32,0,0,0,LEADER,1,0,0,0,0,31
84174,59,adaptive-prasle,2265,1,0,0,30,0,420,0,1,59,81909,2265,0,31,0,0,0,LEADER,1,0,0,0,0,30
84449,41,adaptive-prasle,1619,1,0,0,31,0,434,0,1,41,82830,1619,0,32,0,0,0,LEADER,1,0,0,0,0,31
84364,96,adaptive-prasle,1534,1,0,0,31,0,434,0,1,96,82830,1534,0,32,0,0,0,LEADER,1,0,0,0,0,31
84597,49,adaptive-prasle,1767,1,0,0,31,0,434,0,1,49,82830,1767,0,32,0,0,0,LEADER,1,0,0,0,0,31
84666,74,adaptive-prasle,1837,1,0,0,31,0,434,0,1,74,82829,1837,0,32,0,0,0,LEADER,1,0,0,0,0,31
85058,92,adaptive-prasle,2228,1,0,0,31,0,434,0,1,92,82830,2228,0,32,0,0,0,LEADER,1,0,0,0,0,31
84264,66,adaptive-prasle,1434,1,0,0,31,0,434,0,1,66,82830,1434,0,32,0,0,0,LEADER,1,0,0,0,0,31
84289,57,adaptive-prasle,2380,1,0,0,30,0,420,0,1,57,81909,2380,0,31,0,0,0,LEADER,1,0,0,0,0,30
85090,78,adaptive-prasle,2260,1,0,0,31,0,434,0,1,78,82830,2260,0,32,0,0,0,LEADER,1,0,0,0,0,31
84255,39,adaptive-prasle,2346,1,0,0,30,0,420,0,1,39,81909,2346,0,31,0,0,0,LEADER,1,0,0,0,0,30
84973,30,adaptive-prasle,2143,1,0,0,31,0,434,0,1,30,82830,2143,0,32,0,0,0,LEADER,1,0,0,0,0,31
84379,64,adaptive-prasle,1549,1,0,0,31,0,434,0,1,64,82830,1549,0,32,0,0,0,LEADER,1,0,0,0,0,31
84604,80,adaptive-prasle,1774,1,0,0,31,0,434,0,1,80,82830,1774,0,32,0,0,0,LEADER,1,0,0,0,0,31
84344,54,adaptive-prasle,1516,1,0,0,31,0,434,0,1,54,82828,1516,0,32,0,0,0,LEADER,1,0,0,0,0,31
84870,43,adaptive-prasle,2040,1,0,0,31,0,434,0,1,43,82830,2040,0,32,0,0,0,LEADER,1,0,0,0,0,31
84790,26,adaptive-prasle,1960,1,0,0,31,0,434,0,1,26,82830,1960,0,32,0,0,0,LEADER,1,0,0,0,0,31
84420,42,adaptive-prasle,1591,1,0,0,31,0,434,0,1,42,82829,1591,0,32,0,0,0,LEADER,1,0,0,0,0,31
84428,31,adaptive-prasle,1598,1,0,0,31,0,434,0,1,31,82830,1598,0,32,0,0,0,LEADER,1,0,0,0,0,31
85185,94,adaptive-prasle,2355,1,0,0,31,0,434,0,1,94,82830,2355,0,32,0,0,0,LEADER,1,0,0,0,0,31
84755,45,adaptive-prasle,1925,1,0,0,31,0,434,0,1,45,82830,1925,0,32,0,0,0,LEADER,1,0,0,0,0,31
85128,60,adaptive-prasle,2298,1,0,0,31,0,434,0,1,60,82830,2298,0,32,0,0,0,LEADER,1,0,0,0,0,31
85233,44,adaptive-prasle,1483,1,0,0,31,0,434,0,1,44,83750,1483,0,32,0,0,0,LEADER,1,0,0,0,0,31
84837,33,adaptive-prasle,2007,1,0,0,31,0,434,0,1,33,82830,2007,0,32,0,0,0,LEADER,1,0,0,0,0,31
84482,51,adaptive-prasle,1652,1,0,0,31,0,434,0,1,51,82830,1652,0,32,0,0,0,LEADER,1,0,0,0,0,31
85281,22,adaptive-prasle,1531,1,0,0,31,0,434,0,1,22,83750,1531,0,32,0,0,0,LEADER,1,0,0,0,0,31
84992,72,adaptive-prasle,2162,1,0,0,31,0,434,0,1,72,82830,2162,0,32,0,0,0,LEADER,1,0,0,0,0,31
84782,24,adaptive-prasle,1952,1,0,0,31,0,434,0,1,24,82830,1952,0,32,0,0,0,LEADER,1,0,0,0,0,31
85314,32,adaptive-prasle,1564,1,0,0,31,0,434,0,1,32,83750,1564,0,32,0,0,0,LEADER,1,0,0,0,0,31
84501,93,adaptive-prasle,1671,1,0,0,31,0,434,0,1,93,82830,1671,0,32,0,0,0,LEADER,1,0,0,0,0,31
85173,69,adaptive-prasle,2343,1,0,0,31,0,434,0,1,69,82830,2343,0,32,0,0,0,LEADER,1,0,0,0,0,31
85162,79,adaptive-prasle,2331,1,0,0,31,0,434,0,1,79,82831,2331,0,32,0,0,0,LEADER,1,0,0,0,0,31
84855,75,adaptive-prasle,2025,1,0,0,31,0,434,0,1,75,82830,2025,0,32,0,0,0,LEADER,1,0,0,0,0,31
84582,81,adaptive-prasle,1752,1,0,0,31,0,434,0,1,81,82830,1752,0,32,0,0,0,LEADER,1,0,0,0,0,31
84440,52,adaptive-prasle,1610,1,0,0,31,0,434,0,1,52,82830,1610,0,32,0,0,0,LEADER,1,0,0,0,0,31
84919,21,adaptive-prasle,2088,1,0,0,31,0,434,0,1,21,82831,2088,0,32,0,0,0,LEADER,1,0,0,0,0,31
85095,29,adaptive-prasle,2265,1,0,0,31,0,434,0,1,29,82830,2265,0,32,0,0,0,LEADER,1,0,0,0,0,31
84671,100,adaptive-prasle,1841,1,0,0,31,0,434,0,1,100,82830,1841,0,32,0,0,0,LEADER,1,0,0,0,0,31
84516,61,adaptive-prasle,1686,1,0,0,31,0,434,0,1,61,82830,1686,0,32,0,0,0,LEADER,1,0,0,0,0,31
85080,91,adaptive-prasle,2250,1,0,0,31,0,434,0,1,91,82830,2250,0,32,0,0,0,LEADER,1,0,0,0,0,31
85040,37,adaptive-prasle,2210,1,0,0,31,0,434,0,1,37,82830,2210,0,32,0,0,0,LEADER,1,0,0,0,0,31
84583,38,adaptive-prasle,1755,1,0,0,31,0,434,0,1,38,82828,1755,0,32,0,0,0,LEADER,1,0,0,0,0,31
85249,98,adaptive-prasle,2419,1,0,0,31,0,434,0,1,98,82830,2419,0,32,0,0,0,LEADER,1,0,0,0,0,31
85108,27,adaptive-prasle,2280,1,0,0,31,0,434,0,1,27,82828,2280,0,32,0,0,0,LEADER,1,0,0,0,0,31
84958,62,adaptive-prasle,2128,1,0,0,31,0,434,0,1,62,82830,2128,0,32,0,0,0,LEADER,1,0,0,0,0,31
84767,56,adaptive-prasle,1937,1,0,0,31,0,434,0,1,56,82830,1937,0,32,0,0,0,LEADER,1,0,0,0,0,31
85155,99,adaptive-prasle,2328,1,0,0,31,0,434,0,1,99,82827,2328,0,32,0,0,0,LEADER,1,0,0,0,0,31
85032,48,adaptive-prasle,2202,1,0,0,31,0,434,0,1,48,82830,2202,0,32,0,0,0,LEADER,1,0,0,0,0,31
84549,71,adaptive-prasle,1719,1,0,0,31,0,434,0,1,71,82830,1719,0,32,0,0,0,LEADER,1,0,0,0,0,31
84774,87,adaptive-prasle,1944,1,0,0,31,0,434,0,1,87,82830,1944,0,32,0,0,0,LEADER,1,0,0,0,0,31
84700,36,adaptive-prasle,1870,1,0,0,31,0,434,0,1,36,82830,1870,0,32,0,0,0,LEADER,1,0,0,0,0,31
85117,17,adaptive-prasle,1782,1,0,0,11,11,154,154,3,17,83335,1782,0,4,0,0,0,LEADER,1,0,0,0,0,11
85196,77,adaptive-prasle,1446,1,0,0,31,0,434,0,1,77,83750,1446,0,32,0,0,0,LEADER,1,0,0,0,0,31
85387,83,adaptive-prasle,1637,1,0,0,31,0,434,0,1,83,83750,1637,0,32,0,0,0,LEADER,1,0,0,0,0,31
85469,18,adaptive-prasle,2226,1,0,0,13,11,182,154,3,18,83243,2226,0,4,0,0,0,LEADER,1,0,0,0,0,13
84889,85,adaptive-prasle,2059,1,0,0,31,0,434,0,1,85,82830,2059,0,32,0,0,0,LEADER,1,0,0,0,0,31
85417,19,adaptive-prasle,1667,1,0,0,31,0,434,0,1,19,83750,1667,0,32,0,0,0,LEADER,1,0,0,0,0,31
85572,65,adaptive-prasle,1822,1,0,0,31,0,434,0,1,65,83750,1822,0,32,0,0,0,LEADER,1,0,0,0,0,31
85178,35,adaptive-prasle,1428,1,0,0,31,0,434,0,1,35,83750,1428,0,32,0,0,0,LEADER,1,0,0,0,0,31
85193,86,adaptive-prasle,1443,1,0,0,31,0,434,0,1,86,83750,1443,0,32,0,0,0,LEADER,1,0,0,0,0,31
85236,50,adaptive-prasle,2406,1,0,0,31,0,434,0,1,50,82830,2406,0,32,0,0,0,LEADER,1,0,0,0,0,31
85251,55,adaptive-prasle,1501,1,0,0,31,0,434,0,1,55,83750,1501,0,32,0,0,0,LEADER,1,0,0,0,0,31
85290,63,adaptive-prasle,1540,1,0,0,31,0,434,0,1,63,83750,1540,0,32,0,0,0,LEADER,1,0,0,0,0,31
85654,46,adaptive-prasle,1904,1,0,0,31,0,434,0,1,46,83750,1904,0,32,0,0,0,LEADER,1,0,0,0,0,31
85449,53,adaptive-prasle,1701,1,0,0,31,0,434,0,1,53,83748,1701,0,32,0,0,0,LEADER,1,0,0,0,0,31
84804,23,adaptive-prasle,1974,1,0,0,31,0,434,0,1,23,82830,1974,0,32,0,0,0,LEADER,1,0,0,0,0,31
85672,88,adaptive-prasle,1922,1,0,0,31,0,434,0,1,88,83750,1922,0,32,0,0,0,LEADER,1,0,0,0,0,31
85199,34,adaptive-prasle,1449,1,0,0,31,0,434,0,1,34,83750,1449,0,32,0,0,0,LEADER,1,0,0,0,0,31
84807,97,adaptive-prasle,1977,1,0,0,31,0,434,0,1,97,82830,1977,0,32,0,0,0,LEADER,1,0,0,0,0,31
85500,5,adaptive-prasle,2338,1,0,0,9,17,126,238,5,5,83162,2338,0,6,0,0,0,LEADER,1,0,0,0,0,9
84927,20,adaptive-prasle,2095,1,0,0,31,0,434,0,1,20,82832,2095,0,32,0,0,0,LEADER,1,0,0,0,0,31
85007,40,adaptive-prasle,2177,1,0,0,31,0,434,0,1,40,82830,2177,0,32,0,0,0,LEADER,1,0,0,0,0,31
85503,7,adaptive-prasle,1749,1,0,0,11,21,154,294,4,5,83754,1749,0,5,0,0,0,NORMAL,0,0,0,0,0,11
84930,47,adaptive-prasle,2100,1,0,0,31,0,434,0,1,47,82830,2100,0,32,0,0,0,LEADER,1,0,0,0,0,31
85842,95,adaptive-prasle,2092,1,0,0,31,0,434,0,1,95,83750,2092,0,32,0,0,0,LEADER,1,0,0,0,0,31
85225,25,adaptive-prasle,2395,1,0,0,31,0,434,0,1,25,82830,2395,0,32,0,0,0,LEADER,1,0,0,0,0,31
85830,84,adaptive-prasle,2080,1,0,0,31,0,434,0,1,84,83750,2080,0,32,0,0,0,LEADER,1,0,0,0,0,31
85107,70,adaptive-prasle,2277,1,0,0,31,0,434,0,1,70,82830,2277,0,32,0,0,0,LEADER,1,0,0,0,0,31
85025,82,adaptive-prasle,2195,1,0,0,31,0,434,0,1,82,82830,2195,0,32,0,0,0,LEADER,1,0,0,0,0,31
85243,67,adaptive-prasle,2413,1,0,0,31,0,434,0,1,67,82830,2413,0,32,0,0,0,LEADER,1,0,0,0,0,31
85195,89,adaptive-prasle,2365,1,0,0,31,0,434,0,1,89,82830,2365,0,32,0,0,0,LEADER,1,0,0,0,0,31
85863,28,adaptive-prasle,2113,1,0,0,31,0,434,0,1,28,83750,2113,0,32,0,0,0,LEADER,1,0,0,0,0,31
85605,68,adaptive-prasle,1855,1,0,0,31,0,434,0,1,68,83750,1855,0,32,0,0,0,LEADER,1,0,0,0,0,31
85557,90,adaptive-prasle,1807,1,0,0,31,0,434,0,1,90,83750,1807,0,32,0,0,0,LEADER,1,0,0,0,0,31
85218,76,adaptive-prasle,1468,1,0,0,31,0,434,0,1,76,83750,1468,0,32,0,0,0,LEADER,1,0,0,0,0,31
85539,10,adaptive-prasle,1789,1,0,0,31,0,434,0,1,10,83750,1789,0,32,0,0,0,LEADER,1,0,0,0,0,31
85971,58,adaptive-prasle,2221,1,0,0,31,0,434,0,1,58,83750,2221,0,32,0,0,0,LEADER,1,0,0,0,0,31
85354,73,adaptive-prasle,1604,1,0,0,31,0,434,0,1,73,83750,1604,0,32,0,0,0,LEADER,1,0,0,0,0,31
85095,59,adaptive-prasle,2265,1,0,0,31,0,434,0,1,59,82830,2265,0,32,0,0,0,LEADER,1,0,0,0,0,31
85369,41,adaptive-prasle,1619,1,0,0,31,0,434,0,1,41,83750,1619,0,32,0,0,0,LEADER,1,0,0,0,0,31
85284,96,adaptive-prasle,1534,1,0,0,31,0,434,0,1,96,83750,1534,0,32,0,0,0,LEADER,1,0,0,0,0,31
85517,49,adaptive-prasle,1767,1,0,0,31,0,434,0,1,49,83750,1767,0,32,0,0,0,LEADER,1,0,0,0,0,31
85586,74,adaptive-prasle,1837,1,0,0,31,0,434,0,1,74,83749,1837,0,32,0,0,0,LEADER,1,0,0,0,0,31
85978,92,adaptive-prasle,2228,1,0,0,31,0,434,0,1,92,83750,2228,0,32,0,0,0,LEADER,1,0,0,0,0,31
85184,66,adaptive-prasle,1434,1,0,0,31,0,434,0,1,66,83750,1434,0,32,0,0,0,LEADER,1,0,0,0,0,31
85210,57,adaptive-prasle,2380,1,0,0,31,0,434,0,1,57,82830,2380,0,32,0,0,0,LEADER,1,0,0,0,0,31
86010,78,adaptive-prasle,2260,1,0,0,31,0,434,0,1,78,83750,2260,0,32,0,0,0,LEADER,1,0,0,0,0,31
85176,39,adaptive-prasle,2346,1,0,0,31,0,434,0,1,39,82830,2346,0,32,0,0,0,LEADER,1,0,0,0,0,31
85893,30,adaptive-prasle,2143,1,0,0,31,0,434,0,1,30,83750,2143,0,32,0,0,0,LEADER,1,0,0,0,0,31
85299,64,adaptive-prasle,1549,1,0,0,31,0,434,0,1,64,83750,1549,0,32,0,0,0,LEADER,1,0,0,0,0,31
85524,80,adaptive-prasle,1774,1,0,0,31,0,434,0,1,80,83750,1774,0,32,0,0,0,LEADER,1,0,0,0,0,31
85264,54,adaptive-prasle,1516,1,0,0,31,0,434,0,1,54,83748,1516,0,32,0,0,0,LEADER,1,0,0,0,0,31
85790,43,adaptive-prasle,2040,1,0,0,31,0,434,0,1,43,83750,2040,0,32,0,0,0,LEADER,1,0,0,0,0,31
85710,26,adaptive-prasle,1960,1,0,0,31,0,434,0,1,26,83750,1960,0,32,0,0,0,LEADER,1,0,0,0,0,31
85340,42,adaptive-prasle,1591,1,0,0,31,0,434,0,1,42,83749,1591,0,32,0,0,0,LEADER,1,0,0,0,0,31
85348,31,adaptive-prasle,1598,1,0,0,31,0,434,0,1,31,83750,1598,0,32,0,0,0,LEADER,1,0,0,0,0,31
86105,94,adaptive-prasle,2355,1,0,0,31,0,434,0,1,94,83750,2355,0,32,0,0,0,LEADER,1,0,0,0,0,31
85675,45,adaptive-prasle,1925,1,0,0,31,0,434,0,1,45,83750,1925,0,32,0,0,0,LEADER,1,0,0,0,0,31
86048,60,adaptive-prasle,2298,1,0,0,31,0,434,0,1,60,83750,2298,0,32,0,0,0,LEADER,1,0,0,0,0,31
86153,44,adaptive-prasle,1483,1,0,0,31,0,434,0,1,44,84670,1483,0,32,0,0,0,LEADER,1,0,0,0,0,31
85757,33,adaptive-prasle,2007,1,0,0,31,0,434,0,1,33,83750,2007,0,32,0,0,0,LEADER,1,0,0,0,0,31
85402,51,adaptive-prasle,1652,1,0,0,31,0,434,0,1,51,83750,1652,0,32,0,0,0,LEADER,1,0,0,0,0,31
86201,22,adaptive-prasle,1531,1,0,0,31,0,434,0,1,22,84670,1531,0,32,0,0,0,LEADER,1,0,0,0,0,31
85912,72,adaptive-prasle,2162,1,0,0,31,0,434,0,1,72,83750,2162,0,32,0,0,0,LEADER,1,0,0,0,0,31
85702,24,adaptive-prasle,1952,1,0,0,31,0,434,0,1,24,83750,1952,0,32,0,0,0,LEADER,1,0,0,0,0,31
86234,32,adaptive-prasle,1564,1,0,0,31,0,434,0,1,32,84670,1564,0,32,0,0,0,LEADER,1,0,0,0,0,31
85421,93,adaptive-prasle,1671,1,0,0,31,0,434,0,1,93,83750,1671,0,32,0,0,0,LEADER,1,0,0,0,0,31
86093,69,adaptive-prasle,2343,1,0,0,31,0,434,0,1,69,83750,2343,0,32,0,0,0,LEADER,1,0,0,0,0,31
86082,79,adaptive-prasle,2331,1,0,0,31,0,434,0,1,79,83751,2331,0,32,0,0,0,LEADER,1,0,0,0,0,31
85775,75,adaptive-prasle,2025,1,0,0,31,0,434,0,1,75,83750,2025,0,32,0,0,0,LEADER,1,0,0,0,0,31
85502,81,adaptive-prasle,1752,1,0,0,31,0,434,0,1,81,83750,1752,0,32,0,0,0,LEADER,1,0,0,0,0,31
85360,52,adaptive-prasle,1610,1,0,0,31,0,434,0,1,52,83750,1610,0,32,0,0,0,LEADER,1,0,0,0,0,31
86015,29,adaptive-prasle,2265,1,0,0,31,0,434,0,1,29,83750,2265,0,32,0,0,0,LEADER,1,0,0,0,0,31
85839,21,adaptive-prasle,2088,1,0,0,31,0,434,0,1,21,83751,2088,0,32,0,0,0,LEADER,1,0,0,0,0,31
85591,100,adaptive-prasle,1841,1,0,0,31,0,434,0,1,100,83750,1841,0,32,0,0,0,LEADER,1,0,0,0,0,31
85436,61,adaptive-prasle,1686,1,0,0,31,0,434,0,1,61,83750,1686,0,32,0,0,0,LEADER,1,0,0,0,0,31
86000,91,adaptive-prasle,2250,1,0,0,31,0,434,0,1,91,83750,2250,0,32,0,0,0,LEADER,1,0,0,0,0,31
85960,37,adaptive-prasle,2210,1,0,0,31,0,434,0,1,37,83750,2210,0,32,0,0,0,LEADER,1,0,0,0,0,31
85503,38,adaptive-prasle,1755,1,0,0,31,0,434,0,1,38,83748,1755,0,32,0,0,0,LEADER,1,0,0,0,0,31
86169,98,adaptive-prasle,2419,1,0,0,31,0,434,0,1,98,83750,2419,0,32,0,0,0,LEADER,1,0,0,0,0,31
86028,27,adaptive-prasle,2280,1,0,0,31,0,434,0,1,27,83748,2280,0,32,0,0,0,LEADER,1,0,0,0,0,31
85878,62,adaptive-prasle,2128,1,0,0,31,0,434,0,1,62,83750,2128,0,32,0,0,0,LEADER,1,0,0,0,0,31
85687,56,adaptive-prasle,1937,1,0,0,31,0,434,0,1,56,83750,1937,0,32,0,0,0,LEADER,1,0,0,0,0,31
86075,99,adaptive-prasle,2328,1,0,0,31,0,434,0,1,99,83747,2328,0,32,0,0,0,LEADER,1,0,0,0,0,31
85952,48,adaptive-prasle,2202,1,0,0,31,0,434,0,1,48,83750,2202,0,32,0,0,0,LEADER,1,0,0,0,0,31
85469,71,adaptive-prasle,1719,1,0,0,31,0,434,0,1,71,83750,1719,0,32,0,0,0,LEADER,1,0,0,0,0,31
85694,87,adaptive-prasle,1944,1,0,0,31,0,434,0,1,87,83750,1944,0,32,0,0,0,LEADER,1,0,0,0,0,31
85620,36,adaptive-prasle,1870,1,0,0,31,0,434,0,1,36,83750,1870,0,32,0,0,0,LEADER,1,0,0,0,0,31
86116,77,adaptive-prasle,1446,1,0,0,31,0,434,0,1,77,84670,1446,0,32,0,0,0,LEADER,1,0,0,0,0,31
86307,83,adaptive-prasle,1637,1,0,0,31,0,434,0,1,83,84670,1637,0,32,0,0,0,LEADER,1,0,0,0,0,31
85809,85,adaptive-prasle,2059,1,0,0,31,0,434,0,1,85,83750,2059,0,32,0,0,0,LEADER,1,0,0,0,0,31
86337,19,adaptive-prasle,1667,1,0,0,31,0,434,0,1,19,84670,1667,0,32,0,0,0,LEADER,1,0,0,0,0,31
86492,65,adaptive-prasle,1822,1,0,0,31,0,434,0,1,65,84670,1822,0,32,0,0,0,LEADER,1,0,0,0,0,31
86098,35,adaptive-prasle,1428,1,0,0,31,0,434,0,1,35,84670,1428,0,32,0,0,0,LEADER,1,0,0,0,0,31
86113,86,adaptive-prasle,1443,1,0,0,31,0,434,0,1,86,84670,1443,0,32,0,0,0,LEADER,1,0,0,0,0,31
86156,50,adaptive-prasle,2406,1,0,0,31,0,434,0,1,50,83750,2406,0,32,0,0,0,LEADER,1,0,0,0,0,31
86171,55,adaptive-prasle,1501,1,0,0,31,0,434,0,1,55,84670,1501,0,32,0,0,0,LEADER,1,0,0,0,0,31
86210,63,adaptive-prasle,1540,1,0,0,31,0,434,0,1,63,84670,1540,0,32,0,0,0,LEADER,1,0,0,0,0,31
86574,46,adaptive-prasle,1904,1,0,0,31,0,434,0,1,46,84670,1904,0,32,0,0,0,LEADER,1,0,0,0,0,31
86369,53,adaptive-prasle,1701,1,0,0,31,0,434,0,1,53,84668,1701,0,32,0,0,0,LEADER,1,0,0,0,0,31
85724,23,adaptive-prasle,1974,1,0,0,31,0,434,0,1,23,83750,1974,0,32,0,0,0,LEADER,1,0,0,0,0,31
86592,88,adaptive-prasle,1922,1,0,0,31,0,434,0,1,88,84670,1922,0,32,0,0,0,LEADER,1,0,0,0,0,31
86119,34,adaptive-prasle,1449,1,0,0,31,0,434,0,1,34,84670,1449,0,32,0,0,0,LEADER,1,0,0,0,0,31
85727,97,adaptive-prasle,1977,1,0,0,31,0,434,0,1,97,83750,1977,0,32,0,0,0,LEADER,1,0,0,0,0,31
85847,20,adaptive-prasle,2095,1,0,0,31,0,434,0,1,20,83752,2095,0,32,0,0,0,LEADER,1,0,0,0,0,31
85927,40,adaptive-prasle,2177,1,0,0,31,0,434,0,1,40,83750,2177,0,32,0,0,0,LEADER,1,0,0,0,0,31
85850,47,adaptive-prasle,2100,1,0,0,31,0,434,0,1,47,83750,2100,0,32,0,0,0,LEADER,1,0,0,0,0,31
86762,95,adaptive-prasle,2092,1,0,0,31,0,434,0,1,95,84670,2092,0,32,0,0,0,LEADER,1,0,0,0,0,31
86145,25,adaptive-prasle,2395,1,0,0,31,0,434,0,1,25,83750,2395,0,32,0,0,0,LEADER,1,0,0,0,0,31
86750,84,adaptive-prasle,2080,1,0,0,31,0,434,0,1,84,84670,2080,0,32,0,0,0,LEADER,1,0,0,0,0,31
86027,70,adaptive-prasle,2277,1,0,0,31,0,434,0,1,70,83750,2277,0,32,0,0,0,LEADER,1,0,0,0,0,31
85945,82,adaptive-prasle,2195,1,0,0,31,0,434,0,1,82,83750,2195,0,32,0,0,0,LEADER,1,0,0,0,0,31
86163,67,adaptive-prasle,2413,1,0,0,31,0,434,0,1,67,83750,2413,0,32,0,0,0,LEADER,1,0,0,0,0,31
86115,89,adaptive-prasle,2365,1,0,0,31,0,434,0,1,89,83750,2365,0,32,0,0,0,LEADER,1,0,0,0,0,31
86783,28,adaptive-prasle,2113,1,0,0,31,0,434,0,1,28,84670,2113,0,32,0,0,0,LEADER,1,0,0,0,0,31
86525,68,adaptive-prasle,1855,1,0,0,31,0,434,0,1,68,84670,1855,0,32,0,0,0,LEADER,1,0,0,0,0,31
86477,90,adaptive-prasle,1807,1,0,0,31,0,434,0,1,90,84670,1807,0,32,0,0,0,LEADER,1,0,0,0,0,31
86138,76,adaptive-prasle,1468,1,0,0,31,0,434,0,1,76,84670,1468,0,32,0,0,0,LEADER,1,0,0,0,0,31
86891,58,adaptive-prasle,2221,1,0,0,31,0,434,0,1,58,84670,2221,0,32,0,0,0,LEADER,1,0,0,0,0,31
86459,10,adaptive-prasle,1789,1,0,0,31,0,434,0,1,10,84670,1789,0,32,0,0,0,LEADER,1,0,0,0,0,31
86274,73,adaptive-prasle,1604,1,0,0,31,0,434,0,1,73,84670,1604,0,32,0,0,0,LEADER,1,0,0,0,0,31
86015,59,adaptive-prasle,2265,1,0,0,31,0,434,0,1,59,83750,2265,0,32,0,0,0,LEADER,1,0,0,0,0,31
86289,41,adaptive-prasle,1619,1,0,0,31,0,434,0,1,41,84670,1619,0,32,0,0,0,LEADER,1,0,0,0,0,31
86204,96,adaptive-prasle,1534,1,0,0,31,0,434,0,1,96,84670,1534,0,32,0,0,0,LEADER,1,0,0,0,0,31
86437,49,adaptive-prasle,1767,1,0,0,31,0,434,0,1,49,84670,1767,0,32,0,0,0,LEADER,1,0,0,0,0,31
86506,74,adaptive-prasle,1837,1,0,0,31,0,434,0,1,74,84669,1837,0,32,0,0,0,LEADER,1,0,0,0,0,31
86898,92,adaptive-prasle,2228,1,0,0,31,0,434,0,1,92,84670,2228,0,32,0,0,0,LEADER,1,0,0,0,0,31
86104,66,adaptive-prasle,1434,1,0,0,31,0,434,0,1,66,84670,1434,0,32,0,0,0,LEADER,1,0,0,0,0,31
86130,57,adaptive-prasle,2380,1,0,0,31,0,434,0,1,57,83750,2380,0,32,0,0,0,LEADER,1,0,0,0,0,31
86930,78,adaptive-prasle,2260,1,0,0,31,0,434,0,1,78,84670,2260,0,32,0,0,0,LEADER,1,0,0,0,0,31
86096,39,adaptive-prasle,2346,1,0,0,31,0,434,0,1,39,83750,2346,0,32,0,0,0,LEADER,1,0,0,0,0,31
86813,30,adaptive-prasle,2143,1,0,0,31,0,434,0,1,30,84670,2143,0,32,0,0,0,LEADER,1,0,0,0,0,31
86219,64,adaptive-prasle,1549,1,0,0,31,0,434,0,1,64,84670,1549,0,32,0,0,0,LEADER,1,0,0,0,0,31
86444,80,adaptive-prasle,1774,1,0,0,31,0,434,0,1,80,84670,1774,0,32,0,0,0,LEADER,1,0,0,0,0,31
86184,54,adaptive-prasle,1516,1,0,0,31,0,434,0,1,54,84668,1516,0,32,0,0,0,LEADER,1,0,0,0,0,31
86710,43,adaptive-prasle,2040,1,0,0,31,0,434,0,1,43,84670,2040,0,32,0,0,0,LEADER,1,0,0,0,0,31
86630,26,adaptive-prasle,1960,1,0,0,31,0,434,0,1,26,84670,1960,0,32,0,0,0,LEADER,1,0,0,0,0,31
86260,42,adaptive-prasle,1591,1,0,0,31,0,434,0,1,42,84669,1591,0,32,0,0,0,LEADER,1,0,0,0,0,31
86268,31,adaptive-prasle,1598,1,0,0,31,0,434,0,1,31,84670,1598,0,32,0,0,0,LEADER,1,0,0,0,0,31
87025,94,adaptive-prasle,2355,1,0,0,31,0,434,0,1,94,84670,2355,0,32,0,0,0,LEADER,1,0,0,0,0,31
86595,45,adaptive-prasle,1925,1,0,0,31,0,434,0,1,45,84670,1925,0,32,0,0,0,LEADER,1,0,0,0,0,31
86968,60,adaptive-prasle,2298,1,0,0,31,0,434,0,1,60,84670,2298,0,32,0,0,0,LEADER,1,0,0,0,0,31
87074,44,adaptive-prasle,1483,1,0,0,32,0,448,0,1,44,85591,1483,0,33,0,0,0,LEADER,1,0,0,0,0,32
86677,33,adaptive-prasle,2007,1,0,0,31,0,434,0,1,33,84670,2007,0,32,0,0,0,LEADER,1,0,0,0,0,31
86322,51,adaptive-prasle,1652,1,0,0,31,0,434,0,1,51,84670,1652,0,32,0,0,0,LEADER,1,0,0,0,0,31
86832,72,adaptive-prasle,2162,1,0,0,31,0,434,0,1,72,84670,2162,0,32,0,0,0,LEADER,1,0,0,0,0,31
87122,22,adaptive-prasle,1531,1,0,0,32,0,448,0,1,22,85591,1531,0,33,0,0,0,LEADER,1,0,0,0,0,32
86622,24,adaptive-prasle,1952,1,0,0,31,0,434,0,1,24,84670,1952,0,32,0,0,0,LEADER,1,0,0,0,0,31
87155,32,adaptive-prasle,1564,1,0,0,32,0,448,0,1,32,85591,1564,0,33,0,0,0,LEADER,1,0,0,0,0,32
86341,93,adaptive-prasle,1671,1,0,0,31,0,434,0,1,93,84670,1671,0,32,0,0,0,LEADER,1,0,0,0,0,31
87013,69,adaptive-prasle,2343,1,0,0,31,0,434,0,1,69,84670,2343,0,32,0,0,0,LEADER,1,0,0,0,0,31
87002,79,adaptive-prasle,2331,1,0,0,31,0,434,0,1,79,84671,2331,0,32,0,0,0,LEADER,1,0,0,0,0,31
86695,75,adaptive-prasle,2025,1,0,0,31,0,434,0,1,75,84670,2025,0,32,0,0,0,LEADER,1,0,0,0,0,31
86422,81,adaptive-prasle,1752,1,0,0,31,0,434,0,1,81,84670,1752,0,32,0,0,0,LEADER,1,0,0,0,0,31
86280,52,adaptive-prasle,1610,1,0,0,31,0,434,0,1,52,84670,1610,0,32,0,0,0,LEADER,1,0,0,0,0,31
86759,21,adaptive-prasle,2088,1,0,0,31,0,434,0,1,21,84671,2088,0,32,0,0,0,LEADER,1,0,0,0,0,31
86935,29,adaptive-prasle,2265,1,0,0,31,0,434,0,1,29,84670,2265,0,32,0,0,0,LEADER,1,0,0,0,0,31
86511,100,adaptive-prasle,1841,1,0,0,31,0,434,0,1,100,84670,1841,0,32,0,0,0,LEADER,1,0,0,0,0,31
86356,61,adaptive-prasle,1686,1,0,0,31,0,434,0,1,61,84670,1686,0,32,0,0,0,LEADER,1,0,0,0,0,31
86920,91,adaptive-prasle,2250,1,0,0,31,0,434,0,1,91,84670,2250,0,32,0,0,0,LEADER,1,0,0,0,0,31
86880,37,adaptive-prasle,2210,1,0,0,31,0,434,0,1,37,84670,2210,0,32,0,0,0,LEADER,1,0,0,0,0,31
86423,38,adaptive-prasle,1755,1,0,0,31,0,434,0,1,38,84668,1755,0,32,0,0,0,LEADER,1,0,0,0,0,31
87089,98,adaptive-prasle,2419,1,0,0,31,0,434,0,1,98,84670,2419,0,32,0,0,0,LEADER,1,0,0,0,0,31
86948,27,adaptive-prasle,2280,1,0,0,31,0,434,0,1,27,84668,2280,0,32,0,0,0,LEADER,1,0,0,0,0,31
86798,62,adaptive-prasle,2128,1,0,0,31,0,434,0,1,62,84670,2128,0,32,0,0,0,LEADER,1,0,0,0,0,31
86607,56,adaptive-prasle,1937,1,0,0,31,0,434,0,1,56,84670,1937,0,32,0,0,0,LEADER,1,0,0,0,0,31
86995,99,adaptive-prasle,2328,1,0,0,31,0,434,0,1,99,84667,2328,0,32,0,0,0,LEADER,1,0,0,0,0,31
86872,48,adaptive-prasle,2202,1,0,0,31,0,434,0,1,48,84670,2202,0,32,0,0,0,LEADER,1,0,0,0,0,31
86389,71,adaptive-prasle,1719,1,0,0,31,0,434,0,1,71,84670,1719,0,32,0,0,0,LEADER,1,0,0,0,0,31
86614,87,adaptive-prasle,1944,1,0,0,31,0,434,0,1,87,84670,1944,0,32,0,0,0,LEADER,1,0,0,0,0,31
87058,14,adaptive-prasle,2096,1,0,0,7,8,98,112,2,14,84962,2096,0,4,0,0,0,LEADER,1,0,0,0,0,7
86540,36,adaptive-prasle,1870,1,0,0,31,0,434,0,1,36,84670,1870,0,32,0,0,0,LEADER,1,0,0,0,0,31
87037,77,adaptive-prasle,1446,1,0,0,32,0,448,0,1,77,85591,1446,0,33,0,0,0,LEADER,1,0,0,0,0,32
87228,83,adaptive-prasle,1637,1,0,0,32,0,448,0,1,83,85591,1637,0,33,0,0,0,LEADER,1,0,0,0,0,32
86729,85,adaptive-prasle,2059,1,0,0,31,0,434,0,1,85,84670,2059,0,32,0,0,0,LEADER,1,0,0,0,0,31
87258,19,adaptive-prasle,1667,1,0,0,32,0,448,0,1,19,85591,1667,0,33,0,0,0,LEADER,1,0,0,0,0,32
87413,65,adaptive-prasle,1822,1,0,0,32,0,448,0,1,65,85591,1822,0,33,0,0,0,LEADER,1,0,0,0,0,32
87019,35,adaptive-prasle,1428,1,0,0,32,0,448,0,1,35,85591,1428,0,33,0,0,0,LEADER,1,0,0,0,0,32
87034,86,adaptive-prasle,1443,1,0,0,32,0,448,0,1,86,85591,1443,0,33,0,0,0,LEADER,1,0,0,0,0,32
87076,50,adaptive-prasle,2406,1,0,0,31,0,434,0,1,50,84670,2406,0,32,0,0,0,LEADER,1,0,0,0,0,31
87092,55,adaptive-prasle,1501,1,0,0,32,0,448,0,1,55,85591,1501,0,33,0,0,0,LEADER,1,0,0,0,0,32
86860,13,adaptive-prasle,1941,1,0,0,6,7,84,98,2,3,84919,1941,0,4,0,0,0,NORMAL,0,0,0,0,0,6
87131,63,adaptive-prasle,1540,1,0,0,32,0,448,0,1,63,85591,1540,0,33,0,0,0,LEADER,1,0,0,0,0,32
87495,46,adaptive-prasle,1904,1,0,0,32,0,448,0,1,46,85591,1904,0,33,0,0,0,LEADER,1,0,0,0,0,32
87290,53,adaptive-prasle,1701,1,0,0,32,0,448,0,1,53,85589,1701,0,33,0,0,0,LEADER,1,0,0,0,0,32
86644,23,adaptive-prasle,1974,1,0,0,31,0,434,0,1,23,84670,1974,0,32,0,0,0,LEADER,1,0,0,0,0,31
87513,88,adaptive-prasle,1922,1,0,0,32,0,448,0,1,88,85591,1922,0,33,0,0,0,LEADER,1,0,0,0,0,32
87040,34,adaptive-prasle,1449,1,0,0,32,0,448,0,1,34,85591,1449,0,33,0,0,0,LEADER,1,0,0,0,0,32
86647,97,adaptive-prasle,1977,1,0,0,31,0,434,0,1,97,84670,1977,0,32,0,0,0,LEADER,1,0,0,0,0,31
86767,20,adaptive-prasle,2095,1,0,0,31,0,434,0,1,20,84672,2095,0,32,0,0,0,LEADER,1,0,0,0,0,31
86847,40,adaptive-prasle,2177,1,0,0,31,0,434,0,1,40,84670,2177,0,32,0,0,0,LEADER,1,0,0,0,0,31
86770,47,adaptive-prasle,2100,1,0,0,31,0,434,0,1,47,84670,2100,0,32,0,0,0,LEADER,1,0,0,0,0,31
87683,95,adaptive-prasle,2092,1,0,0,32,0,448,0,1,95,85591,2092,0,33,0,0,0,LEADER,1,0,0,0,0,32
87065,25,adaptive-prasle,2395,1,0,0,31,0,434,0,1,25,84670,2395,0,32,0,0,0,LEADER,1,0,0,0,0,31
87671,84,adaptive-prasle,2080,1,0,0,32,0,448,0,1,84,85591,2080,0,33,0,0,0,LEADER,1,0,0,0,0,32
86947,70,adaptive-prasle,2277,1,0,0,31,0,434,0,1,70,84670,2277,0,32,0,0,0,LEADER,1,0,0,0,0,31
86865,82,adaptive-prasle,2195,1,0,0,31,0,434,0,1,82,84670,2195,0,32,0,0,0,LEADER,1,0,0,0,0,31
87083,67,adaptive-prasle,2413,1,0,0,31,0,434,0,1,67,84670,2413,0,32,0,0,0,LEADER,1,0,0,0,0,31
87035,89,adaptive-prasle,2365,1,0,0,31,0,434,0,1,89,84670,2365,0,32,0,0,0,LEADER,1,0,0,0,0,31
87704,28,adaptive-prasle,2113,1,0,0,32,0,448,0,1,28,85591,2113,0,33,0,0,0,LEADER,1,0,0,0,0,32
87446,68,adaptive-prasle,1855,1,0,0,32,0,448,0,1,68,85591,1855,0,33,0,0,0,LEADER,1,0,0,0,0,32
87398,90,adaptive-prasle,1807,1,0,0,32,0,448,0,1,90,85591,1807,0,33,0,0,0,LEADER,1,0,0,0,0,32
87059,76,adaptive-prasle,1468,1,0,0,32,0,448,0,1,76,85591,1468,0,33,0,0,0,LEADER,1,0,0,0,0,32
87380,10,adaptive-prasle,1789,1,0,0,32,0,448,0,1,10,85591,1789,0,33,0,0,0,LEADER,1,0,0,0,0,32
87812,58,adaptive-prasle,2221,1,0,0,32,0,448,0,1,58,85591,2221,0,33,0,0,0,LEADER,1,0,0,0,0,32
87195,73,adaptive-prasle,1604,1,0,0,32,0,448,0,1,73,85591,1604,0,33,0,0,0,LEADER,1,0,0,0,0,32
86935,59,adaptive-prasle,2265,1,0,0,31,0,434,0,1,59,84670,2265,0,32,0,0,0,LEADER,1,0,0,0,0,31
87210,41,adaptive-prasle,1619,1,0,0,32,0,448,0,1,41,85591,1619,0,33,0,0,0,LEADER,1,0,0,0,0,32
87125,96,adaptive-prasle,1534,1,0,0,32,0,448,0,1,96,85591,1534,0,33,0,0,0,LEADER,1,0,0,0,0,32
87358,49,adaptive-prasle,1767,1,0,0,32,0,448,0,1,49,85591,1767,0,33,0,0,0,LEADER,1,0,0,0,0,32
87427,74,adaptive-prasle,1837,1,0,0,32,0,448,0,1,74,85590,1837,0,33,0,0,0,LEADER,1,0,0,0,0,32
87819,92,adaptive-prasle,2228,1,0,0,32,0,448,0,1,92,85591,2228,0,33,0,0,0,LEADER,1,0,0,0,0,32
87025,66,adaptive-prasle,1434,1,0,0,32,0,448,0,1,66,85591,1434,0,33,0,0,0,LEADER,1,0,0,0,0,32
87050,57,adaptive-prasle,2380,1,0,0,31,0,434,0,1,57,84670,2380,0,32,0,0,0,LEADER,1,0,0,0,0,31
87851,78,adaptive-prasle,2260,1,0,0,32,0,448,0,1,78,85591,2260,0,33,0,0,0,LEADER,1,0,0,0,0,32
87016,39,adaptive-prasle,2346,1,0,0,31,0,434,0,1,39,84670,2346,0,32,0,0,0,LEADER,1,0,0,0,0,31
87734,30,adaptive-prasle,2143,1,0,0,32,0,448,0,1,30,85591,2143,0,33,0,0,0,LEADER,1,0,0,0,0,32
87140,64,adaptive-prasle,1549,1,0,0,32,0,448,0,1,64,85591,1549,0,33,0,0,0,LEADER,1,0,0,0,0,32
87365,80,adaptive-prasle,1774,1,0,0,32,0,448,0,1,80,85591,1774,0,33,0,0,0,LEADER,1,0,0,0,0,32
87105,54,adaptive-prasle,1516,1,0,0,32,0,448,0,1,54,85589,1516,0,33,0,0,0,LEADER,1,0,0,0,0,32
87631,43,adaptive-prasle,2040,1,0,0,32,0,448,0,1,43,85591,2040,0,33,0,0,0,LEADER,1,0,0,0,0,32
87551,26,adaptive-prasle,1960,1,0,0,32,0,448,0,1,26,85591,1960,0,33,0,0,0,LEADER,1,0,0,0,0,32
87181,42,adaptive-prasle,1591,1,0,0,32,0,448,0,1,42,85590,1591,0,33,0,0,0,LEADER,1,0,0,0,0,32
87189,31,adaptive-prasle,1598,1,0,0,32,0,448,0,1,31,85591,1598,0,33,0,0,0,LEADER,1,0,0,0,0,32
87946,94,adaptive-prasle,2355,1,0,0,32,0,448,0,1,94,85591,2355,0,33,0,0,0,LEADER,1,0,0,0,0,32
87516,45,adaptive-prasle,1925,1,0,0,32,0,448,0,1,45,85591,1925,0,33,0,0,0,LEADER,1,0,0,0,0,32
87889,60,adaptive-prasle,2298,1,0,0,32,0,448,0,1,60,85591,2298,0,33,0,0,0,LEADER,1,0,0,0,0,32
87994,44,adaptive-prasle,1483,1,0,0,32,0,448,0,1,44,86511,1483,0,33,0,0,0,LEADER,1,0,0,0,0,32
87598,33,adaptive-prasle,2007,1,0,0,32,0,448,0,1,33,85591,2007,0,33,0,0,0,LEADER,1,0,0,0,0,32
87243,51,adaptive-prasle,1652,1,0,0,32,0,448,0,1,51,85591,1652,0,33,0,0,0,LEADER,1,0,0,0,0,32
88042,22,adaptive-prasle,1531,1,0,0,32,0,448,0,1,22,86511,1531,0,33,0,0,0,LEADER,1,0,0,0,0,32
87753,72,adaptive-prasle,2162,1,0,0,32,0,448,0,1,72,85591,2162,0,33,0,0,0,LEADER,1,0,0,0,0,32
87543,24,adaptive-prasle,1952,1,0,0,32,0,448,0,1,24,85591,1952,0,33,0,0,0,LEADER,1,0,0,0,0,32
88075,32,adaptive-prasle,1564,1,0,0,32,0,448,0,1,32,86511,1564,0,33,0,0,0,LEADER,1,0,0,0,0,32
87262,93,adaptive-prasle,1671,1,0,0,32,0,448,0,1,93,85591,1671,0,33,0,0,0,LEADER,1,0,0,0,0,32
87934,69,adaptive-prasle,2343,1,0,0,32,0,448,0,1,69,85591,2343,0,33,0,0,0,LEADER,1,0,0,0,0,32
87922,79,adaptive-prasle,2331,1,0,0,32,0,448,0,1,79,85591,2331,0,33,0,0,0,LEADER,1,0,0,0,0,32
87616,75,adaptive-prasle,2025,1,0,0,32,0,448,0,1,75,85591,2025,0,33,0,0,0,LEADER,1,0,0,0,0,32
87343,81,adaptive-prasle,1752,1,0,0,32,0,448,0,1,81,85591,1752,0,33,0,0,0,LEADER,1,0,0,0,0,32
87201,52,adaptive-prasle,1610,1,0,0,32,0,448,0,1,52,85591,1610,0,33,0,0,0,LEADER,1,0,0,0,0,32
87680,21,adaptive-prasle,2088,1,0,0,32,0,448,0,1,21,85592,2088,0,33,0,0,0,LEADER,1,0,0,0,0,32
87856,29,adaptive-prasle,2265,1,0,0,32,0,448,0,1,29,85591,2265,0,33,0,0,0,LEADER,1,0,0,0,0,32
87432,100,adaptive-prasle,1841,1,0,0,32,0,448,0,1,100,85591,1841,0,33,0,0,0,LEADER,1,0,0,0,0,32
87277,61,adaptive-prasle,1686,1,0,0,32,0,448,0,1,61,85591,1686,0,33,0,0,0,LEADER,1,0,0,0,0,32
87841,91,adaptive-prasle,2250,1,0,0,32,0,448,0,1,91,85591,2250,0,33,0,0,0,LEADER,1,0,0,0,0,32
87801,37,adaptive-prasle,2210,1,0,0,32,0,448,0,1,37,85591,2210,0,33,0,0,0,LEADER,1,0,0,0,0,32
87344,38,adaptive-prasle,1755,1,0,0,32,0,448,0,1,38,85589,1755,0,33,0,0,0,LEADER,1,0,0,0,0,32
88010,98,adaptive-prasle,2419,1,0,0,32,0,448,0,1,98,85591,2419,0,33,0,0,0,LEADER,1,0,0,0,0,32
87869,27,adaptive-prasle,2280,1,0,0,32,0,448,0,1,27,85589,2280,0,33,0,0,0,LEADER,1,0,0,0,0,32
87719,62,adaptive-prasle,2128,1,0,0,32,0,448,0,1,62,85591,2128,0,33,0,0,0,LEADER,1,0,0,0,0,32
87528,56,adaptive-prasle,1937,1,0,0,32,0,448,0,1,56,85591,1937,0,33,0,0,0,LEADER,1,0,0,0,0,32
87916,99,adaptive-prasle,2328,1,0,0,32,0,448,0,1,99,85588,2328,0,33,0,0,0,LEADER,1,0,0,0,0,32
87793,48,adaptive-prasle,2202,1,0,0,32,0,448,0,1,48,85591,2202,0,33,0,0,0,LEADER,1,0,0,0,0,32
87310,71,adaptive-prasle,1719,1,0,0,32,0,448,0,1,71,85591,1719,0,33,0,0,0,LEADER,1,0,0,0,0,32
87535,87,adaptive-prasle,1944,1,0,0,32,0,448,0,1,87,85591,1944,0,33,0,0,0,LEADER,1,0,0,0,0,32
87461,36,adaptive-prasle,1870,1,0,0,32,0,448,0,1,36,85591,1870,0,33,0,0,0,LEADER,1,0,0,0,0,32
87957,77,adaptive-prasle,1446,1,0,0,32,0,448,0,1,77,86511,1446,0,33,0,0,0,LEADER,1,0,0,0,0,32
88150,83,adaptive-prasle,1637,1,0,0,32,0,448,0,1,83,86513,1637,0,33,0,0,0,LEADER,1,0,0,0,0,32
87650,85,adaptive-prasle,2059,1,0,0,32,0,448,0,1,85,85591,2059,0,33,0,0,0,LEADER,1,0,0,0,0,32
88178,19,adaptive-prasle,1667,1,0,0,32,0,448,0,1,19,86511,1667,0,33,0,0,0,LEADER,1,0,0,0,0,32
88333,65,adaptive-prasle,1822,1,0,0,32,0,448,0,1,65,86511,1822,0,33,0,0,0,LEADER,1,0,0,0,0,32
87939,35,adaptive-prasle,1428,1,0,0,32,0,448,0,1,35,86511,1428,0,33,0,0,0,LEADER,1,0,0,0,0,32
87954,86,adaptive-prasle,1443,1,0,0,32,0,448,0,1,86,86511,1443,0,33,0,0,0,LEADER,1,0,0,0,0,32
87997,50,adaptive-prasle,2406,1,0,0,32,0,448,0,1,50,85591,2406,0,33,0,0,0,LEADER,1,0,0,0,0,32
88012,55,adaptive-prasle,1501,1,0,0,32,0,448,0,1,55,86511,1501,0,33,0,0,0,LEADER,1,0,0,0,0,32
88051,63,adaptive-prasle,1540,1,0,0,32,0,448,0,1,63,86511,1540,0,33,0,0,0,LEADER,1,0,0,0,0,32
88415,46,adaptive-prasle,1904,1,0,0,32,0,448,0,1,46,86511,1904,0,33,0,0,0,LEADER,1,0,0,0,0,32
88210,53,adaptive-prasle,1701,1,0,0,32,0,448,0,1,53,86509,1701,0,33,0,0,0,LEADER,1,0,0,0,0,32
87565,23,adaptive-prasle,1974,1,0,0,32,0,448,0,1,23,85591,1974,0,33,0,0,0,LEADER,1,0,0,0,0,32
88433,88,adaptive-prasle,1922,1,0,0,32,0,448,0,1,88,86511,1922,0,33,0,0,0,LEADER,1,0,0,0,0,32
87960,34,adaptive-prasle,1449,1,0,0,32,0,448,0,1,34,86511,1449,0,33,0,0,0,LEADER,1,0,0,0,0,32
87568,97,adaptive-prasle,1977,1,0,0,32,0,448,0,1,97,85591,1977,0,33,0,0,0,LEADER,1,0,0,0,0,32
87688,20,adaptive-prasle,2095,1,0,0,32,0,448,0,1,20,85593,2095,0,33,0,0,0,LEADER,1,0,0,0,0,32
87768,40,adaptive-prasle,2177,1,0,0,32,0,448,0,1,40,85591,2177,0,33,0,0,0,LEADER,1,0,0,0,0,32
87691,47,adaptive-prasle,2100,1,0,0,32,0,448,0,1,47,85591,2100,0,33,0,0,0,LEADER,1,0,0,0,0,32
88603,95,adaptive-prasle,2092,1,0,0,32,0,448,0,1,95,86511,2092,0,33,0,0,0,LEADER,1,0,0,0,0,32
87986,25,adaptive-prasle,2395,1,0,0,32,0,448,0,1,25,85591,2395,0,33,0,0,0,LEADER,1,0,0,0,0,32
88591,84,adaptive-prasle,2080,1,0,0,32,0,448,0,1,84,86511,2080,0,33,0,0,0,LEADER,1,0,0,0,0,32
87868,70,adaptive-prasle,2277,1,0,0,32,0,448,0,1,70,85591,2277,0,33,0,0,0,LEADER,1,0,0,0,0,32
87786,82,adaptive-prasle,2195,1,0,0,32,0,448,0,1,82,85591,2195,0,33,0,0,0,LEADER,1,0,0,0,0,32
88004,67,adaptive-prasle,2413,1,0,0,32,0,448,0,1,67,85591,2413,0,33,0,0,0,LEADER,1,0,0,0,0,32
87956,89,adaptive-prasle,2365,1,0,0,32,0,448,0,1,89,85591,2365,0,33,0,0,0,LEADER,1,0,0,0,0,32
88624,28,adaptive-prasle,2113,1,0,0,32,0,448,0,1,28,86511,2113,0,33,0,0,0,LEADER,1,0,0,0,0,32
88366,68,adaptive-prasle,1855,1,0,0,32,0,448,0,1,68,86511,1855,0,33,0,0,0,LEADER,1,0,0,0,0,32
88318,90,adaptive-prasle,1807,1,0,0,32,0,448,0,1,90,86511,1807,0,33,0,0,0,LEADER,1,0,0,0,0,32
87979,76,adaptive-prasle,1468,1,0,0,32,0,448,0,1,76,86511,1468,0,33,0,0,0,LEADER,1,0,0,0,0,32
88300,10,adaptive-prasle,1789,1,0,0,32,0,448,0,1,10,86511,1789,0,33,0,0,0,LEADER,1,0,0,0,0,32
88732,58,adaptive-prasle,2221,1,0,0,32,0,448,0,1,58,86511,2221,0,33,0,0,0,LEADER,1,0,0,0,0,32
88115,73,adaptive-prasle,1604,1,0,0,32,0,448,0,1,73,86511,1604,0,33,0,0,0,LEADER,1,0,0,0,0,32
87856,59,adaptive-prasle,2265,1,0,0,32,0,448,0,1,59,85591,2265,0,33,0,0,0,LEADER,1,0,0,0,0,32
88130,41,adaptive-prasle,1619,1,0,0,32,0,448,0,1,41,86511,1619,0,33,0,0,0,LEADER,1,0,0,0,0,32
88045,96,adaptive-prasle,1534,1,0,0,32,0,448,0,1,96,86511,1534,0,33,0,0,0,LEADER,1,0,0,0,0,32
88278,49,adaptive-prasle,1767,1,0,0,32,0,448,0,1,49,86511,1767,0,33,0,0,0,LEADER,1,0,0,0,0,32
88347,74,adaptive-prasle,1837,1,0,0,32,0,448,0,1,74,86510,1837,0,33,0,0,0,LEADER,1,0,0,0,0,32
88739,92,adaptive-prasle,2228,1,0,0,32,0,448,0,1,92,86511,2228,0,33,0,0,0,LEADER,1,0,0,0,0,32
87945,66,adaptive-prasle,1434,1,0,0,32,0,448,0,1,66,86511,1434,0,33,0,0,0,LEADER,1,0,0,0,0,32
87971,57,adaptive-prasle,2380,1,0,0,32,0,448,0,1,57,85591,2380,0,33,0,0,0,LEADER,1,0,0,0,0,32
88771,78,adaptive-prasle,2260,1,0,0,32,0,448,0,1,78,86511,2260,0,33,0,0,0,LEADER,1,0,0,0,0,32
87937,39,adaptive-prasle,2346,1,0,0,32,0,448,0,1,39,85591,2346,0,33,0,0,0,LEADER,1,0,0,0,0,32
88654,30,adaptive-prasle,2143,1,0,0,32,0,448,0,1,30,86511,2143,0,33,0,0,0,LEADER,1,0,0,0,0,32
88060,64,adaptive-prasle,1549,1,0,0,32,0,448,0,1,64,86511,1549,0,33,0,0,0,LEADER,1,0,0,0,0,32
88285,80,adaptive-prasle,1774,1,0,0,32,0,448,0,1,80,86511,1774,0,33,0,0,0,LEADER,1,0,0,0,0,32
88025,54,adaptive-prasle,1516,1,0,0,32,0,448,0,1,54,86509,1516,0,33,0,0,0,LEADER,1,0,0,0,0,32
88551,43,adaptive-prasle,2040,1,0,0,32,0,448,0,1,43,86511,2040,0,33,0,0,0,LEADER,1,0,0,0,0,32
88471,26,adaptive-prasle,1960,1,0,0,32,0,448,0,1,26,86511,1960,0,33,0,0,0,LEADER,1,0,0,0,0,32
88101,42,adaptive-prasle,1591,1,0,0,32,0,448,0,1,42,86510,1591,0,33,0,0,0,LEADER,1,0,0,0,0,32
88109,31,adaptive-prasle,1598,1,0,0,32,0,448,0,1,31,86511,1598,0,33,0,0,0,LEADER,1,0,0,0,0,32
88866,94,adaptive-prasle,2355,1,0,0,32,0,448,0,1,94,86511,2355,0,33,0,0,0,LEADER,1,0,0,0,0,32
88436,45,adaptive-prasle,1925,1,0,0,32,0,448,0,1,45,86511,1925,0,33,0,0,0,LEADER,1,0,0,0,0,32
88809,60,adaptive-prasle,2298,1,0,0,32,0,448,0,1,60,86511,2298,0,33,0,0,0,LEADER,1,0,0,0,0,32
88914,44,adaptive-prasle,1483,1,0,0,32,0,448,0,1,44,87431,1483,0,33,0,0,0,LEADER,1,0,0,0,0,32
88518,33,adaptive-prasle,2007,1,0,0,32,0,448,0,1,33,86511,2007,0,33,0,0,0,LEADER,1,0,0,0,0,32
88163,51,adaptive-prasle,1652,1,0,0,32,0,448,0,1,51,86511,1652,0,33,0,0,0,LEADER,1,0,0,0,0,32
88962,22,adaptive-prasle,1531,1,0,0,32,0,448,0,1,22,87431,1531,0,33,0,0,0,LEADER,1,0,0,0,0,32
88673,72,adaptive-prasle,2162,1,0,0,32,0,448,0,1,72,86511,2162,0,33,0,0,0,LEADER,1,0,0,0,0,32
88463,24,adaptive-prasle,1952,1,0,0,32,0,448,0,1,24,86511,1952,0,33,0,0,0,LEADER,1,0,0,0,0,32
88995,32,adaptive-prasle,1564,1,0,0,32,0,448,0,1,32,87431,1564,0,33,0,0,0,LEADER,1,0,0,0,0,32
88182,93,adaptive-prasle,1671,1,0,0,32,0,448,0,1,93,86511,1671,0,33,0,0,0,LEADER,1,0,0,0,0,32
88854,69,adaptive-prasle,2343,1,0,0,32,0,448,0,1,69,86511,2343,0,33,0,0,0,LEADER,1,0,0,0,0,32
88842,79,adaptive-prasle,2331,1,0,0,32,0,448,0,1,79,86511,2331,0,33,0,0,0,LEADER,1,0,0,0,0,32
88536,75,adaptive-prasle,2025,1,0,0,32,0,448,0,1,75,86511,2025,0,33,0,0,0,LEADER,1,0,0,0,0,32
88263,81,adaptive-prasle,1752,1,0,0,32,0,448,0,1,81,86511,1752,0,33,0,0,0,LEADER,1,0,0,0,0,32
88121,52,adaptive-prasle,1610,1,0,0,32,0,448,0,1,52,86511,1610,0,33,0,0,0,LEADER,1,0,0,0,0,32
88600,21,adaptive-prasle,2088,1,0,0,32,0,448,0,1,21,86512,2088,0,33,0,0,0,LEADER,1,0,0,0,0,32
88776,29,adaptive-prasle,2265,1,0,0,32,0,448,0,1,29,86511,2265,0,33,0,0,0,LEADER,1,0,0,0,0,32
88352,100,adaptive-prasle,1841,1,0,0,32,0,448,0,1,100,86511,1841,0,33,0,0,0,LEADER,1,0,0,0,0,32
88197,61,adaptive-prasle,1686,1,0,0,32,0,448,0,1,61,86511,1686,0,33,0,0,0,LEADER,1,0,0,0,0,32
88761,91,adaptive-prasle,2250,1,0,0,32,0,448,0,1,91,86511,2250,0,33,0,0,0,LEADER,1,0,0,0,0,32
88721,37,adaptive-prasle,2210,1,0,0,32,0,448,0,1,37,86511,2210,0,33,0,0,0,LEADER,1,0,0,0,0,32
88264,38,adaptive-prasle,1755,1,0,0,32,0,448,0,1,38,86509,1755,0,33,0,0,0,LEADER,1,0,0,0,0,32
88930,98,adaptive-prasle,2419,1,0,0,32,0,448,0,1,98,86511,2419,0,33,0,0,0,LEADER,1,0,0,0,0,32
88789,27,adaptive-prasle,2280,1,0,0,32,0,448,0,1,27,86509,2280,0,33,0,0,0,LEADER,1,0,0,0,0,32
88639,62,adaptive-prasle,2128,1,0,0,32,0,448,0,1,62,86511,2128,0,33,0,0,0,LEADER,1,0,0,0,0,32
88448,56,adaptive-prasle,1937,1,0,0,32,0,448,0,1,56,86511,1937,0,33,0,0,0,LEADER,1,0,0,0,0,32
88836,99,adaptive-prasle,2328,1,0,0,32,0,448,0,1,99,86508,2328,0,33,0,0,0,LEADER,1,0,0,0,0,32
88713,48,adaptive-prasle,2202,1,0,0,32,0,448,0,1,48,86511,2202,0,33,0,0,0,LEADER,1,0,0,0,0,32
88230,71,adaptive-prasle,1719,1,0,0,32,0,448,0,1,71,86511,1719,0,33,0,0,0,LEADER,1,0,0,0,0,32
88455,87,adaptive-prasle,1944,1,0,0,32,0,448,0,1,87,86511,1944,0,33,0,0,0,LEADER,1,0,0,0,0,32
88381,36,adaptive-prasle,1870,1,0,0,32,0,448,0,1,36,86511,1870,0,33,0,0,0,LEADER,1,0,0,0,0,32
88877,77,adaptive-prasle,1446,1,0,0,32,0,448,0,1,77,87431,1446,0,33,0,0,0,LEADER,1,0,0,0,0,32
89070,83,adaptive-prasle,1637,1,0,0,32,0,448,0,1,83,87433,1637,0,33,0,0,0,LEADER,1,0,0,0,0,32
88570,85,adaptive-prasle,2059,1,0,0,32,0,448,0,1,85,86511,2059,0,33,0,0,0,LEADER,1,0,0,0,0,32
89098,19,adaptive-prasle,1667,1,0,0,32,0,448,0,1,19,87431,1667,0,33,0,0,0,LEADER,1,0,0,0,0,32
89253,65,adaptive-prasle,1822,1,0,0,32,0,448,0,1,65,87431,1822,0,33,0,0,0,LEADER,1,0,0,0,0,32
88859,35,adaptive-prasle,1428,1,0,0,32,0,448,0,1,35,87431,1428,0,33,0,0,0,LEADER,1,0,0,0,0,32
88874,86,adaptive-prasle,1443,1,0,0,32,0,448,0,1,86,87431,1443,0,33,0,0,0,LEADER,1,0,0,0,0,32
88917,50,adaptive-prasle,2406,1,0,0,32,0,448,0,1,50,86511,2406,0,33,0,0,0,LEADER,1,0,0,0,0,32
88932,55,adaptive-prasle,1501,1,0,0,32,0,448,0,1,55,87431,1501,0,33,0,0,0,LEADER,1,0,0,0,0,32
88971,63,adaptive-prasle,1540,1,0,0,32,0,448,0,1,63,87431,1540,0,33,0,0,0,LEADER,1,0,0,0,0,32
89335,46,adaptive-prasle,1904,1,0,0,32,0,448,0,1,46,87431,1904,0,33,0,0,0,LEADER,1,0,0,0,0,32
89130,53,adaptive-prasle,1701,1,0,0,32,0,448,0,1,53,87429,1701,0,33,0,0,0,LEADER,1,0,0,0,0,32
88485,23,adaptive-prasle,1974,1,0,0,32,0,448,0,1,23,86511,1974,0,33,0,0,0,LEADER,1,0,0,0,0,32
89353,88,adaptive-prasle,1922,1,0,0,32,0,448,0,1,88,87431,1922,0,33,0,0,0,LEADER,1,0,0,0,0,32
88880,34,adaptive-prasle,1449,1,0,0,32,0,448,0,1,34,87431,1449,0,33,0,0,0,LEADER,1,0,0,0,0,32
88488,97,adaptive-prasle,1977,1,0,0,32,0,448,0,1,97,86511,1977,0,33,0,0,0,LEADER,1,0,0,0,0,32
88608,20,adaptive-prasle,2095,1,0,0,32,0,448,0,1,20,86513,2095,0,33,0,0,0,LEADER,1,0,0,0,0,32
88688,40,adaptive-prasle,2177,1,0,0,32,0,448,0,1,40,86511,2177,0,33,0,0,0,LEADER,1,0,0,0,0,32
88611,47,adaptive-prasle,2100,1,0,0,32,0,448,0,1,47,86511,2100,0,33,0,0,0,LEADER,1,0,0,0,0,32
89523,95,adaptive-prasle,2092,1,0,0,32,0,448,0,1,95,87431,2092,0,33,0,0,0,LEADER,1,0,0,0,0,32
88906,25,adaptive-prasle,2395,1,0,0,32,0,448,0,1,25,86511,2395,0,33,0,0,0,LEADER,1,0,0,0,0,32
89511,84,adaptive-prasle,2080,1,0,0,32,0,448,0,1,84,87431,2080,0,33,0,0,0,LEADER,1,0,0,0,0,32
88788,70,adaptive-prasle,2277,1,0,0,32,0,448,0,1,70,86511,2277,0,33,0,0,0,LEADER,1,0,0,0,0,32
88706,82,adaptive-prasle,2195,1,0,0,32,0,448,0,1,82,86511,2195,0,33,0,0,0,LEADER,1,0,0,0,0,32
88924,67,adaptive-prasle,2413,1,0,0,32,0,448,0,1,67,86511,2413,0,33,0,0,0,LEADER,1,0,0,0,0,32
88876,89,adaptive-prasle,2365,1,0,0,32,0,448,0,1,89,86511,2365,0,33,0,0,0,LEADER,1,0,0,0,0,32
89544,28,adaptive-prasle,2113,1,0,0,32,0,448,0,1,28,87431,2113,0,33,0,0,0,LEADER,1,0,0,0,0,32
89286,68,adaptive-prasle,1855,1,0,0,32,0,448,0,1,68,87431,1855,0,33,0,0,0,LEADER,1,0,0,0,0,32
89238,90,adaptive-prasle,1807,1,0,0,32,0,448,0,1,90,87431,1807,0,33,0,0,0,LEADER,1,0,0,0,0,32
88899,76,adaptive-prasle,1468,1,0,0,32,0,448,0,1,76,87431,1468,0,33,0,0,0,LEADER,1,0,0,0,0,32
89220,10,adaptive-prasle,1789,1,0,0,32,0,448,0,1,10,87431,1789,0,33,0,0,0,LEADER,1,0,0,0,0,32
89652,58,adaptive-prasle,2221,1,0,0,32,0,448,0,1,58,87431,2221,0,33,0,0,0,LEADER,1,0,0,0,0,32
89035,73,adaptive-prasle,1604,1,0,0,32,0,448,0,1,73,87431,1604,0,33,0,0,0,LEADER,1,0,0,0,0,32
88776,59,adaptive-prasle,2265,1,0,0,32,0,448,0,1,59,86511,2265,0,33,0,0,0,LEADER,1,0,0,0,0,32
89050,41,adaptive-prasle,1619,1,0,0,32,0,448,0,1,41,87431,1619,0,33,0,0,0,LEADER,1,0,0,0,0,32
88965,96,adaptive-prasle,1534,1,0,0,32,0,448,0,1,96,87431,1534,0,33,0,0,0,LEADER,1,0,0,0,0,32
89198,49,adaptive-prasle,1767,1,0,0,32,0,448,0,1,49,87431,1767,0,33,0,0,0,LEADER,1,0,0,0,0,32
89267,74,adaptive-prasle,1837,1,0,0,32,0,448,0,1,74,87430,1837,0,33,0,0,0,LEADER,1,0,0,0,0,32
89659,92,adaptive-prasle,2228,1,0,0,32,0,448,0,1,92,87431,2228,0,33,0,0,0,LEADER,1,0,0,0,0,32
88865,66,adaptive-prasle,1434,1,0,0,32,0,448,0,1,66,87431,1434,0,33,0,0,0,LEADER,1,0,0,0,0,32
88891,57,adaptive-prasle,2380,1,0,0,32,0,448,0,1,57,86511,2380,0,33,0,0,0,LEADER,1,0,0,0,0,32
89691,78,adaptive-prasle,2260,1,0,0,32,0,448,0,1,78,87431,2260,0,33,0,0,0,LEADER,1,0,0,0,0,32
88857,39,adaptive-prasle,2346,1,0,0,32,0,448,0,1,39,86511,2346,0,33,0,0,0,LEADER,1,0,0,0,0,32
89574,30,adaptive-prasle,2143,1,0,0,32,0,448,0,1,30,87431,2143,0,33,0,0,0,LEADER,1,0,0,0,0,32
88980,64,adaptive-prasle,1549,1,0,0,32,0,448,0,1,64,87431,1549,0,33,0,0,0,LEADER,1,0,0,0,0,32
89205,80,adaptive-prasle,1774,1,0,0,32,0,448,0,1,80,87431,1774,0,33,0,0,0,LEADER,1,0,0,0,0,32
88945,54,adaptive-prasle,1516,1,0,0,32,0,448,0,1,54,87429,1516,0,33,0,0,0,LEADER,1,0,0,0,0,32
89471,43,adaptive-prasle,2040,1,0,0,32,0,448,0,1,43,87431,2040,0,33,0,0,0,LEADER,1,0,0,0,0,32
89391,26,adaptive-prasle,1960,1,0,0,32,0,448,0,1,26,87431,1960,0,33,0,0,0,LEADER,1,0,0,0,0,32
89021,42,adaptive-prasle,1591,1,0,0,32,0,448,0,1,42,87430,1591,0,33,0,0,0,LEADER,1,0,0,0,0,32
89029,31,adaptive-prasle,1598,1,0,0,32,0,448,0,1,31,87431,1598,0,33,0,0,0,LEADER,1,0,0,0,0,32
89786,94,adaptive-prasle,2355,1,0,0,32,0,448,0,1,94,87431,2355,0,33,0,0,0,LEADER,1,0,0,0,0,32
89356,45,adaptive-prasle,1925,1,0,0,32,0,448,0,1,45,87431,1925,0,33,0,0,0,LEADER,1,0,0,0,0,32
89729,60,adaptive-prasle,2298,1,0,0,32,0,448,0,1,60,87431,2298,0,33,0,0,0,LEADER,1,0,0,0,0,32
89835,44,adaptive-prasle,1483,1,0,0,33,0,462,0,1,44,88352,1483,0,34,0,0,0,LEADER,1,0,0,0,0,33
89438,33,adaptive-prasle,2007,1,0,0,32,0,448,0,1,33,87431,2007,0,33,0,0,0,LEADER,1,0,0,0,0,32
89083,51,adaptive-prasle,1652,1,0,0,32,0,448,0,1,51,87431,1652,0,33,0,0,0,LEADER,1,0,0,0,0,32
89593,72,adaptive-prasle,2162,1,0,0,32,0,448,0,1,72,87431,2162,0,33,0,0,0,LEADER,1,0,0,0,0,32
89883,22,adaptive-prasle,1531,1,0,0,33,0,462,0,1,22,88352,1531,0,34,0,0,0,LEADER,1,0,0,0,0,33
89383,24,adaptive-prasle,1952,1,0,0,32,0,448,0,1,24,87431,1952,0,33,0,0,0,LEADER,1,0,0,0,0,32
89916,32,adaptive-prasle,1564,1,0,0,33,0,462,0,1,32,88352,1564,0,34,0,0,0,LEADER,1,0,0,0,0,33
89102,93,adaptive-prasle,1671,1,0,0,32,0,448,0,1,93,87431,1671,0,33,0,0,0,LEADER,1,0,0,0,0,32
89774,69,adaptive-prasle,2343,1,0,0,32,0,448,0,1,69,87431,2343,0,33,0,0,0,LEADER,1,0,0,0,0,32
89762,79,adaptive-prasle,2331,1,0,0,32,0,448,0,1,79,87431,2331,0,33,0,0,0,LEADER,1,0,0,0,0,32
89456,75,adaptive-prasle,2025,1,0,0,32,0,448,0,1,75,87431,2025,0,33,0,0,0,LEADER,1,0,0,0,0,32
89183,81,adaptive-prasle,1752,1,0,0,32,0,448,0,1,81,87431,1752,0,33,0,0,0,LEADER,1,0,0,0,0,32
89041,52,adaptive-prasle,1610,1,0,0,32,0,448,0,1,52,87431,1610,0,33,0,0,0,LEADER,1,0,0,0,0,32
89520,21,adaptive-prasle,2088,1,0,0,32,0,448,0,1,21,87432,2088,0,33,0,0,0,LEADER,1,0,0,0,0,32
89696,29,adaptive-prasle,2265,1,0,0,32,0,448,0,1,29,87431,2265,0,33,0,0,0,LEADER,1,0,0,0,0,32
89272,100,adaptive-prasle,1841,1,0,0,32,0,448,0,1,100,87431,1841,0,33,0,0,0,LEADER,1,0,0,0,0,32
89117,61,adaptive-prasle,1686,1,0,0,32,0,448,0,1,61,87431,1686,0,33,0,0,0,LEADER,1,0,0,0,0,32
89681,91,adaptive-prasle,2250,1,0,0,32,0,448,0,1,91,87431,2250,0,33,0,0,0,LEADER,1,0,0,0,0,32
89641,37,adaptive-prasle,2210,1,0,0,32,0,448,0,1,37,87431,2210,0,33,0,0,0,LEADER,1,0,0,0,0,32
89184,38,adaptive-prasle,1755,1,0,0,32,0,448,0,1,38,87429,1755,0,33,0,0,0,LEADER,1,0,0,0,0,32
89850,98,adaptive-prasle,2419,1,0,0,32,0,448,0,1,98,87431,2419,0,33,0,0,0,LEADER,1,0,0,0,0,32
89709,27,adaptive-prasle,2280,1,0,0,32,0,448,0,1,27,87429,2280,0,33,0,0,0,LEADER,1,0,0,0,0,32
89559,62,adaptive-prasle,2128,1,0,0,32,0,448,0,1,62,87431,2128,0,33,0,0,0,LEADER,1,0,0,0,0,32
89368,56,adaptive-prasle,1937,1,0,0,32,0,448,0,1,56,87431,1937,0,33,0,0,0,LEADER,1,0,0,0,0,32
89756,99,adaptive-prasle,2328,1,0,0,32,0,448,0,1,99,87428,2328,0,33,0,0,0,LEADER,1,0,0,0,0,32
89633,48,adaptive-prasle,2202,1,0,0,32,0,448,0,1,48,87431,2202,0,33,0,0,0,LEADER,1,0,0,0,0,32
89150,71,adaptive-prasle,1719,1,0,0,32,0,448,0,1,71,87431,1719,0,33,0,0,0,LEADER,1,0,0,0,0,32
89375,87,adaptive-prasle,1944,1,0,0,32,0,448,0,1,87,87431,1944,0,33,0,0,0,LEADER,1,0,0,0,0,32
89301,36,adaptive-prasle,1870,1,0,0,32,0,448,0,1,36,87431,1870,0,33,0,0,0,LEADER,1,0,0,0,0,32
89798,77,adaptive-prasle,1446,1,0,0,33,0,462,0,1,77,88352,1446,0,34,0,0,0,LEADER,1,0,0,0,0,33
89991,83,adaptive-prasle,1637,1,0,0,33,0,462,0,1,83,88354,1637,0,34,0,0,0,LEADER,1,0,0,0,0,33
89490,85,adaptive-prasle,2059,1,0,0,32,0,448,0,1,85,87431,2059,0,33,0,0,0,LEADER,1,0,0,0,0,32
90019,19,adaptive-prasle,1667,1,0,0,33,0,462,0,1,19,88352,1667,0,34,0,0,0,LEADER,1,0,0,0,0,33
90174,65,adaptive-prasle,1822,1,0,0,33,0,462,0,1,65,88352,1822,0,34,0,0,0,LEADER,1,0,0,0,0,33
89780,35,adaptive-prasle,1428,1,0,0,33,0,462,0,1,35,88352,1428,0,34,0,0,0,LEADER,1,0,0,0,0,33
89795,86,adaptive-prasle,1443,1,0,0,33,0,462,0,1,86,88352,1443,0,34,0,0,0,LEADER,1,0,0,0,0,33
89837,50,adaptive-prasle,2406,1,0,0,32,0,448,0,1,50,87431,2406,0,33,0,0,0,LEADER,1,0,0,0,0,32
89853,55,adaptive-prasle,1501,1,0,0,33,0,462,0,1,55,88352,1501,0,34,0,0,0,LEADER,1,0,0,0,0,33
89892,63,adaptive-prasle,1540,1,0,0,33,0,462,0,1,63,88352,1540,0,34,0,0,0,LEADER,1,0,0,0,0,33
90256,46,adaptive-prasle,1904,1,0,0,33,0,462,0,1,46,88352,1904,0,34,0,0,0,LEADER,1,0,0,0,0,33
90051,53,adaptive-prasle,1701,1,0,0,33,0,462,0,1,53,88350,1701,0,34,0,0,0,LEADER,1,0,0,0,0,33
89405,23,adaptive-prasle,1974,1,0,0,32,0,448,0,1,23,87431,1974,0,33,0,0,0,LEADER,1,0,0,0,0,32
90274,88,adaptive-prasle,1922,1,0,0,33,0,462,0,1,88,88352,1922,0,34,0,0,0,LEADER,1,0,0,0,0,33
89801,34,adaptive-prasle,1449,1,0,0,33,0,462,0,1,34,88352,1449,0,34,0,0,0,LEADER,1,0,0,0,0,33
89408,97,adaptive-prasle,1977,1,0,0,32,0,448,0,1,97,87431,1977,0,33,0,0,0,LEADER,1,0,0,0,0,32
89528,20,adaptive-prasle,2095,1,0,0,32,0,448,0,1,20,87433,2095,0,33,0,0,0,LEADER,1,0,0,0,0,32
89608,40,adaptive-prasle,2177,1,0,0,32,0,448,0,1,40,87431,2177,0,33,0,0,0,LEADER,1,0,0,0,0,32
89531,47,adaptive-prasle,2100,1,0,0,32,0,448,0,1,47,87431,2100,0,33,0,0,0,LEADER,1,0,0,0,0,32
90444,95,adaptive-prasle,2092,1,0,0,33,0,462,0,1,95,88352,2092,0,34,0,0,0,LEADER,1,0,0,0,0,33
89826,25,adaptive-prasle,2395,1,0,0,32,0,448,0,1,25,87431,2395,0,33,0,0,0,LEADER,1,0,0,0,0,32
90432,84,adaptive-prasle,2080,1,0,0,33,0,462,0,1,84,88352,2080,0,34,0,0,0,LEADER,1,0,0,0,0,33
89708,70,adaptive-prasle,2277,1,0,0,32,0,448,0,1,70,87431,2277,0,33,0,0,0,LEADER,1,0,0,0,0,32
89626,82,adaptive-prasle,2195,1,0,0,32,0,448,0,1,82,87431,2195,0,33,0,0,0,LEADER,1,0,0,0,0,32
89844,67,adaptive-prasle,2413,1,0,0,32,0,448,0,1,67,87431,2413,0,33,0,0,0,LEADER,1,0,0,0,0,32
89796,89,adaptive-prasle,2365,1,0,0,32,0,448,0,1,89,87431,2365,0,33,0,0,0,LEADER,1,0,0,0,0,32
90465,28,adaptive-prasle,2113,1,0,0,33,0,462,0,1,28,88352,2113,0,34,0,0,0,LEADER,1,0,0,0,0,33
90207,68,adaptive-prasle,1855,1,0,0,33,0,462,0,1,68,88352,1855,0,34,0,0,0,LEADER,1,0,0,0,0,33
90159,90,adaptive-prasle,1807,1,0,0,33,0,462,0,1,90,88352,1807,0,34,0,0,0,LEADER,1,0,0,0,0,33
89820,76,adaptive-prasle,1468,1,0,0,33,0,462,0,1,76,88352,1468,0,34,0,0,0,LEADER,1,0,0,0,0,33
90141,10,adaptive-prasle,1789,1,0,0,33,0,462,0,1,10,88352,1789,0,34,0,0,0,LEADER,1,0,0,0,0,33
90573,58,adaptive-prasle,2221,1,0,0,33,0,462,0,1,58,88352,2221,0,34,0,0,0,LEADER,1,0,0,0,0,33
89956,73,adaptive-prasle,1604,1,0,0,33,0,462,0,1,73,88352,1604,0,34,0,0,0,LEADER,1,0,0,0,0,33
89696,59,adaptive-prasle,2265,1,0,0,32,0,448,0,1,59,87431,2265,0,33,0,0,0,LEADER,1,0,0,0,0,32
89971,41,adaptive-prasle,1619,1,0,0,33,0,462,0,1,41,88352,1619,0,34,0,0,0,LEADER,1,0,0,0,0,33
89886,96,adaptive-prasle,1534,1,0,0,33,0,462,0,1,96,88352,1534,0,34,0,0,0,LEADER,1,0,0,0,0,33
90119,49,adaptive-prasle,1767,1,0,0,33,0,462,0,1,49,88352,1767,0,34,0,0,0,LEADER,1,0,0,0,0,33
90188,74,adaptive-prasle,1837,1,0,0,33,0,462,0,1,74,88351,1837,0,34,0,0,0,LEADER,1,0,0,0,0,33
90580,92,adaptive-prasle,2228,1,0,0,33,0,462,0,1,92,88352,2228,0,34,0,0,0,LEADER,1,0,0,0,0,33
89786,66,adaptive-prasle,1434,1,0,0,33,0,462,0,1,66,88352,1434,0,34,0,0,0,LEADER,1,0,0,0,0,33
89811,57,adaptive-prasle,2380,1,0,0,32,0,448,0,1,57,87431,2380,0,33,0,0,0,LEADER,1,0,0,0,0,32
90612,78,adaptive-prasle,2260,1,0,0,33,0,462,0,1,78,88352,2260,0,34,0,0,0,LEADER,1,0,0,0,0,33
89777,39,adaptive-prasle,2346,1,0,0,32,0,448,0,1,39,87431,2346,0,33,0,0,0,LEADER,1,0,0,0,0,32
90495,30,adaptive-prasle,2143,1,0,0,33,0,462,0,1,30,88352,2143,0,34,0,0,0,LEADER,1,0,0,0,0,33
89901,64,adaptive-prasle,1549,1,0,0,33,0,462,0,1,64,88352,1549,0,34,0,0,0,LEADER,1,0,0,0,0,33
90126,80,adaptive-prasle,1774,1,0,0,33,0,462,0,1,80,88352,1774,0,34,0,0,0,LEADER,1,0,0,0,0,33
89866,54,adaptive-prasle,1516,1,0,0,33,0,462,0,1,54,88350,1516,0,34,0,0,0,LEADER,1,0,0,0,0,33
90392,43,adaptive-prasle,2040,1,0,0,33,0,462,0,1,43,88352,2040,0,34,0,0,0,LEADER,1,0,0,0,0,33
90312,26,adaptive-prasle,1960,1,0,0,33,0,462,0,1,26,88352,1960,0,34,0,0,0,LEADER,1,0,0,0,0,33
89942,42,adaptive-prasle,1591,1,0,0,33,0,462,0,1,42,88351,1591,0,34,0,0,0,LEADER,1,0,0,0,0,33
89950,31,adaptive-prasle,1598,1,0,0,33,0,462,0,1,31,88352,1598,0,34,0,0,0,LEADER,1,0,0,0,0,33
90707,94,adaptive-prasle,2355,1,0,0,33,0,462,0,1,94,88352,2355,0,34,0,0,0,LEADER,1,0,0,0,0,33
90277,45,adaptive-prasle,1925,1,0,0,33,0,462,0,1,45,88352,1925,0,34,0,0,0,LEADER,1,0,0,0,0,33
90650,60,adaptive-prasle,2298,1,0,0,33,0,462,0,1,60,88352,2298,0,34,0,0,0,LEADER,1,0,0,0,0,33
90755,44,adaptive-prasle,1483,1,0,0,33,0,462,0,1,44,89272,1483,0,34,0,0,0,LEADER,1,0,0,0,0,33
90359,33,adaptive-prasle,2007,1,0,0,33,0,462,0,1,33,88352,2007,0,34,0,0,0,LEADER,1,0,0,0,0,33
90004,51,adaptive-prasle,1652,1,0,0,33,0,462,0,1,51,88352,1652,0,34,0,0,0,LEADER,1,0,0,0,0,33
90803,22,adaptive-prasle,1531,1,0,0,33,0,462,0,1,22,89272,1531,0,34,0,0,0,LEADER,1,0,0,0,0,33
90514,72,adaptive-prasle,2162,1,0,0,33,0,462,0,1,72,88352,2162,0,34,0,0,0,LEADER,1,0,0,0,0,33
90304,24,adaptive-prasle,1952,1,0,0,33,0,462,0,1,24,88352,1952,0,34,0,0,0,LEADER,1,0,0,0,0,33
90836,32,adaptive-prasle,1564,1,0,0,33,0,462,0,1,32,89272,1564,0,34,0,0,0,LEADER,1,0,0,0,0,33
90023,93,adaptive-prasle,1671,1,0,0,33,0,462,0,1,93,88352,1671,0,34,0,0,0,LEADER,1,0,0,0,0,33
90695,69,adaptive-prasle,2343,1,0,0,33,0,462,0,1,69,88352,2343,0,34,0,0,0,LEADER,1,0,0,0,0,33
90683,79,adaptive-prasle,2331,1,0,0,33,0,462,0,1,79,88352,2331,0,34,0,0,0,LEADER,1,0,0,0,0,33
90377,75,adaptive-prasle,2025,1,0,0,33,0,462,0,1,75,88352,2025,0,34,0,0,0,LEADER,1,0,0,0,0,33
90104,81,adaptive-prasle,1752,1,0,0,33,0,462,0,1,81,88352,1752,0,34,0,0,0,LEADER,1,0,0,0,0,33
89962,52,adaptive-prasle,1610,1,0,0,33,0,462,0,1,52,88352,1610,0,34,0,0,0,LEADER,1,0,0,0,0,33
90441,21,adaptive-prasle,2088,1,0,0,33,0,462,0,1,21,88353,2088,0,34,0,0,0,LEADER,1,0,0,0,0,33
90617,29,adaptive-prasle,2265,1,0,0,33,0,462,0,1,29,88352,2265,0,34,0,0,0,LEADER,1,0,0,0,0,33
90193,100,adaptive-prasle,1841,1,0,0,33,0,462,0,1,100,88352,1841,0,34,0,0,0,LEADER,1,0,0,0,0,33
90038,61,adaptive-prasle,1686,1,0,0,33,0,462,0,1,61,88352,1686,0,34,0,0,0,LEADER,1,0,0,0,0,33
90602,91,adaptive-prasle,2250,1,0,0,33,0,462,0,1,91,88352,2250,0,34,0,0,0,LEADER,1,0,0,0,0,33
90562,37,adaptive-prasle,2210,1,0,0,33,0,462,0,1,37,88352,2210,0,34,0,0,0,LEADER,1,0,0,0,0,33
90105,38,adaptive-prasle,1755,1,0,0,33,0,462,0,1,38,88350,1755,0,34,0,0,0,LEADER,1,0,0,0,0,33
90771,98,adaptive-prasle,2419,1,0,0,33,0,462,0,1,98,88352,2419,0,34,0,0,0,LEADER,1,0,0,0,0,33
90630,27,adaptive-prasle,2280,1,0,0,33,0,462,0,1,27,88350,2280,0,34,0,0,0,LEADER,1,0,0,0,0,33
90480,62,adaptive-prasle,2128,1,0,0,33,0,462,0,1,62,88352,2128,0,34,0,0,0,LEADER,1,0,0,0,0,33
90289,56,adaptive-prasle,1937,1,0,0,33,0,462,0,1,56,88352,1937,0,34,0,0,0,LEADER,1,0,0,0,0,33
90677,99,adaptive-prasle,2328,1,0,0,33,0,462,0,1,99,88349,2328,0,34,0,0,0,LEADER,1,0,0,0,0,33
90554,48,adaptive-prasle,2202,1,0,0,33,0,462,0,1,48,88352,2202,0,34,0,0,0,LEADER,1,0,0,0,0,33
90071,71,adaptive-prasle,1719,1,0,0,33,0,462,0,1,71,88352,1719,0,34,0,0,0,LEADER,1,0,0,0,0,33
90296,87,adaptive-prasle,1944,1,0,0,33,0,462,0,1,87,88352,1944,0,34,0,0,0,LEADER,1,0,0,0,0,33
90222,36,adaptive-prasle,1870,1,0,0,33,0,462,0,1,36,88352,1870,0,34,0,0,0,LEADER,1,0,0,0,0,33
90718,77,adaptive-prasle,1446,1,0,0,33,0,462,0,1,77,89272,1446,0,34,0,0,0,LEADER,1,0,0,0,0,33
90911,83,adaptive-prasle,1637,1,0,0,33,0,462,0,1,83,89274,1637,0,34,0,0,0,LEADER,1,0,0,0,0,33
90411,85,adaptive-prasle,2059,1,0,0,33,0,462,0,1,85,88352,2059,0,34,0,0,0,LEADER,1,0,0,0,0,33
90939,19,adaptive-prasle,1667,1,0,0,33,0,462,0,1,19,89272,1667,0,34,0,0,0,LEADER,1,0,0,0,0,33
91094,65,adaptive-prasle,1822,1,0,0,33,0,462,0,1,65,89272,1822,0,34,0,0,0,LEADER,1,0,0,0,0,33
90700,35,adaptive-prasle,1428,1,0,0,33,0,462,0,1,35,89272,1428,0,34,0,0,0,LEADER,1,0,0,0,0,33
90715,86,adaptive-prasle,1443,1,0,0,33,0,462,0,1,86,89272,1443,0,34,0,0,0,LEADER,1,0,0,0,0,33
90758,50,adaptive-prasle,2406,1,0,0,33,0,462,0,1,50,88352,2406,0,34,0,0,0,LEADER,1,0,0,0,0,33
90773,55,adaptive-prasle,1501,1,0,0,33,0,462,0,1,55,89272,1501,0,34,0,0,0,LEADER,1,0,0,0,0,33
90812,63,adaptive-prasle,1540,1,0,0,33,0,462,0,1,63,89272,1540,0,34,0,0,0,LEADER,1,0,0,0,0,33
91176,46,adaptive-prasle,1904,1,0,0,33,0,462,0,1,46,89272,1904,0,34,0,0,0,LEADER,1,0,0,0,0,33
90971,53,adaptive-prasle,1701,1,0,0,33,0,462,0,1,53,89270,1701,0,34,0,0,0,LEADER,1,0,0,0,0,33
90326,23,adaptive-prasle,1974,1,0,0,33,0,462,0,1,23,88352,1974,0,34,0,0,0,LEADER,1,0,0,0,0,33
91194,88,adaptive-prasle,1922,1,0,0,33,0,462,0,1,88,89272,1922,0,34,0,0,0,LEADER,1,0,0,0,0,33
90721,34,adaptive-prasle,1449,1,0,0,33,0,462,0,1,34,89272,1449,0,34,0,0,0,LEADER,1,0,0,0,0,33
90329,97,adaptive-prasle,1977,1,0,0,33,0,462,0,1,97,88352,1977,0,34,0,0,0,LEADER,1,0,0,0,0,33
90449,20,adaptive-prasle,2095,1,0,0,33,0,462,0,1,20,88354,2095,0,34,0,0,0,LEADER,1,0,0,0,0,33
90529,40,adaptive-prasle,2177,1,0,0,33,0,462,0,1,40,88352,2177,0,34,0,0,0,LEADER,1,0,0,0,0,33
90452,47,adaptive-prasle,2100,1,0,0,33,0,462,0,1,47,88352,2100,0,34,0,0,0,LEADER,1,0,0,0,0,33
91364,95,adaptive-prasle,2092,1,0,0,33,0,462,0,1,95,89272,2092,0,34,0,0,0,LEADER,1,0,0,0,0,33
90747,25,adaptive-prasle,2395,1,0,0,33,0,462,0,1,25,88352,2395,0,34,0,0,0,LEADER,1,0,0,0,0,33
91352,84,adaptive-prasle,2080,1,0,0,33,0,462,0,1,84,89272,2080,0,34,0,0,0,LEADER,1,0,0,0,0,33
90629,70,adaptive-prasle,2277,1,0,0,33,0,462,0,1,70,88352,2277,0,34,0,0,0,LEADER,1,0,0,0,0,33
90547,82,adaptive-prasle,2195,1,0,0,33,0,462,0,1,82,88352,2195,0,34,0,0,0,LEADER,1,0,0,0,0,33
90765,67,adaptive-prasle,2413,1,0,0,33,0,462,0,1,67,88352,2413,0,34,0,0,0,LEADER,1,0,0,0,0,33
90717,89,adaptive-prasle,2365,1,0,0,33,0,462,0,1,89,88352,2365,0,34,0,0,0,LEADER,1,0,0,0,0,33
91385,28,adaptive-prasle,2113,1,0,0,33,0,462,0,1,28,89272,2113,0,34,0,0,0,LEADER,1,0,0,0,0,33
91127,68,adaptive-prasle,1855,1,0,0,33,0,462,0,1,68,89272,1855,0,34,0,0,0,LEADER,1,0,0,0,0,33
91079,90,adaptive-prasle,1807,1,0,0,33,0,462,0,1,90,89272,1807,0,34,0,0,0,LEADER,1,0,0,0,0,33
90740,76,adaptive-prasle,1468,1,0,0,33,0,462,0,1,76,89272,1468,0,34,0,0,0,LEADER,1,0,0,0,0,33
91493,58,adaptive-prasle,2221,1,0,0,33,0,462,0,1,58,89272,2221,0,34,0,0,0,LEADER,1,0,0,0,0,33
91061,10,adaptive-prasle,1789,1,0,0,33,0,462,0,1,10,89272,1789,0,34,0,0,0,LEADER,1,0,0,0,0,33
90876,73,adaptive-prasle,1604,1,0,0,33,0,462,0,1,73,89272,1604,0,34,0,0,0,LEADER,1,0,0,0,0,33
90617,59,adaptive-prasle,2265,1,0,0,33,0,462,0,1,59,88352,2265,0,34,0,0,0,LEADER,1,0,0,0,0,33
90891,41,adaptive-prasle,1619,1,0,0,33,0,462,0,1,41,89272,1619,0,34,0,0,0,LEADER,1,0,0,0,0,33
90806,96,adaptive-prasle,1534,1,0,0,33,0,462,0,1,96,89272,1534,0,34,0,0,0,LEADER,1,0,0,0,0,33
91039,49,adaptive-prasle,1767,1,0,0,33,0,462,0,1,49,89272,1767,0,34,0,0,0,LEADER,1,0,0,0,0,33
91108,74,adaptive-prasle,1837,1,0,0,33,0,462,0,1,74,89271,1837,0,34,0,0,0,LEADER,1,0,0,0,0,33
91500,92,adaptive-prasle,2228,1,0,0,33,0,462,0,1,92,89272,2228,0,34,0,0,0,LEADER,1,0,0,0,0,33
90706,66,adaptive-prasle,1434,1,0,0,33,0,462,0,1,66,89272,1434,0,34,0,0,0,LEADER,1,0,0,0,0,33
90732,57,adaptive-prasle,2380,1,0,0,33,0,462,0,1,57,88352,2380,0,34,0,0,0,LEADER,1,0,0,0,0,33
91532,78,adaptive-prasle,2260,1,0,0,33,0,462,0,1,78,89272,2260,0,34,0,0,0,LEADER,1,0,0,0,0,33
90698,39,adaptive-prasle,2346,1,0,0,33,0,462,0,1,39,88352,2346,0,34,0,0,0,LEADER,1,0,0,0,0,33
91415,30,adaptive-prasle,2143,1,0,0,33,0,462,0,1,30,89272,2143,0,34,0,0,0,LEADER,1,0,0,0,0,33
90821,64,adaptive-prasle,1549,1,0,0,33,0,462,0,1,64,89272,1549,0,34,0,0,0,LEADER,1,0,0,0,0,33
91046,80,adaptive-prasle,1774,1,0,0,33,0,462,0,1,80,89272,1774,0,34,0,0,0,LEADER,1,0,0,0,0,33
90786,54,adaptive-prasle,1516,1,0,0,33,0,462,0,1,54,89270,1516,0,34,0,0,0,LEADER,1,0,0,0,0,33
91312,43,adaptive-prasle,2040,1,0,0,33,0,462,0,1,43,89272,2040,0,34,0,0,0,LEADER,1,0,0,0,0,33
91232,26,adaptive-prasle,1960,1,0,0,33,0,462,0,1,26,89272,1960,0,34,0,0,0,LEADER,1,0,0,0,0,33
90862,42,adaptive-prasle,1591,1,0,0,33,0,462,0,1,42,89271,1591,0,34,0,0,0,LEADER,1,0,0,0,0,33
90870,31,adaptive-prasle,1598,1,0,0,33,0,462,0,1,31,89272,1598,0,34,0,0,0,LEADER,1,0,0,0,0,33
91627,94,adaptive-prasle,2355,1,0,0,33,0,462,0,1,94,89272,2355,0,34,0,0,0,LEADER,1,0,0,0,0,33
91197,45,adaptive-prasle,1925,1,0,0,33,0,462,0,1,45,89272,1925,0,34,0,0,0,LEADER,1,0,0,0,0,33
91570,60,adaptive-prasle,2298,1,0,0,33,0,462,0,1,60,89272,2298,0,34,0,0,0,LEADER,1,0,0,0,0,33
91675,44,adaptive-prasle,1483,1,0,0,33,0,462,0,1,44,90192,1483,0,34,0,0,0,LEADER,1,0,0,0,0,33
91279,33,adaptive-prasle,2007,1,0,0,33,0,462,0,1,33,89272,2007,0,34,0,0,0,LEADER,1,0,0,0,0,33
90924,51,adaptive-prasle,1652,1,0,0,33,0,462,0,1,51,89272,1652,0,34,0,0,0,LEADER,1,0,0,0,0,33
91723,22,adaptive-prasle,1531,1,0,0,33,0,462,0,1,22,90192,1531,0,34,0,0,0,LEADER,1,0,0,0,0,33
91434,72,adaptive-prasle,2162,1,0,0,33,0,462,0,1,72,89272,2162,0,34,0,0,0,LEADER,1,0,0,0,0,33
91224,24,adaptive-prasle,1952,1,0,0,33,0,462,0,1,24,89272,1952,0,34,0,0,0,LEADER,1,0,0,0,0,33
91756,32,adaptive-prasle,1564,1,0,0,33,0,462,0,1,32,90192,1564,0,34,0,0,0,LEADER,1,0,0,0,0,33
91615,69,adaptive-prasle,2343,1,0,0,33,0,462,0,1,69,89272,2343,0,34,0,0,0,LEADER,1,0,0,0,0,33
90943,93,adaptive-prasle,1671,1,0,0,33,0,462,0,1,93,89272,1671,0,34,0,0,0,LEADER,1,0,0,0,0,33
91603,79,adaptive-prasle,2331,1,0,0,33,0,462,0,1,79,89272,2331,0,34,0,0,0,LEADER,1,0,0,0,0,33
91297,75,adaptive-prasle,2025,1,0,0,33,0,462,0,1,75,89272,2025,0,34,0,0,0,LEADER,1,0,0,0,0,33
91024,81,adaptive-prasle,1752,1,0,0,33,0,462,0,1,81,89272,1752,0,34,0,0,0,LEADER,1,0,0,0,0,33
90882,52,adaptive-prasle,1610,1,0,0,33,0,462,0,1,52,89272,1610,0,34,0,0,0,LEADER,1,0,0,0,0,33
91361,21,adaptive-prasle,2088,1,0,0,33,0,462,0,1,21,89273,2088,0,34,0,0,0,LEADER,1,0,0,0,0,33
91537,29,adaptive-prasle,2265,1,0,0,33,0,462,0,1,29,89272,2265,0,34,0,0,0,LEADER,1,0,0,0,0,33
91113,100,adaptive-prasle,1841,1,0,0,33,0,462,0,1,100,89272,1841,0,34,0,0,0,LEADER,1,0,0,0,0,33
90958,61,adaptive-prasle,1686,1,0,0,33,0,462,0,1,61,89272,1686,0,34,0,0,0,LEADER,1,0,0,0,0,33
91522,91,adaptive-prasle,2250,1,0,0,33,0,462,0,1,91,89272,2250,0,34,0,0,0,LEADER,1,0,0,0,0,33
91482,37,adaptive-prasle,2210,1,0,0,33,0,462,0,1,37,89272,2210,0,34,0,0,0,LEADER,1,0,0,0,0,33
91025,38,adaptive-prasle,1755,1,0,0,33,0,462,0,1,38,89270,1755,0,34,0,0,0,LEADER,1,0,0,0,0,33
91691,98,adaptive-prasle,2419,1,0,0,33,0,462,0,1,98,89272,2419,0,34,0,0,0,LEADER,1,0,0,0,0,33
91550,27,adaptive-prasle,2280,1,0,0,33,0,462,0,1,27,89270,2280,0,34,0,0,0,LEADER,1,0,0,0,0,33
91400,62,adaptive-prasle,2128,1,0,0,33,0,462,0,1,62,89272,2128,0,34,0,0,0,LEADER,1,0,0,0,0,33
91209,56,adaptive-prasle,1937,1,0,0,33,0,462,0,1,56,89272,1937,0,34,0,0,0,LEADER,1,0,0,0,0,33
91597,99,adaptive-prasle,2328,1,0,0,33,0,462,0,1,99,89269,2328,0,34,0,0,0,LEADER,1,0,0,0,0,33
91474,48,adaptive-prasle,2202,1,0,0,33,0,462,0,1,48,89272,2202,0,34,0,0,0,LEADER,1,0,0,0,0,33
90991,71,adaptive-prasle,1719,1,0,0,33,0,462,0,1,71,89272,1719,0,34,0,0,0,LEADER,1,0,0,0,0,33
91216,87,adaptive-prasle,1944,1,0,0,33,0,462,0,1,87,89272,1944,0,34,0,0,0,LEADER,1,0,0,0,0,33
91142,36,adaptive-prasle,1870,1,0,0,33,0,462,0,1,36,89272,1870,0,34,0,0,0,LEADER,1,0,0,0,0,33
91638,77,adaptive-prasle,1446,1,0,0,33,0,462,0,1,77,90192,1446,0,34,0,0,0,LEADER,1,0,0,0,0,33
91831,83,adaptive-prasle,1637,1,0,0,33,0,462,0,1,83,90194,1637,0,34,0,0,0,LEADER,1,0,0,0,0,33
91331,85,adaptive-prasle,2059,1,0,0,33,0,462,0,1,85,89272,2059,0,34,0,0,0,LEADER,1,0,0,0,0,33
91859,19,adaptive-prasle,1667,1,0,0,33,0,462,0,1,19,90192,1667,0,34,0,0,0,LEADER,1,0,0,0,0,33
92014,65,adaptive-prasle,1822,1,0,0,33,0,462,0,1,65,90192,1822,0,34,0,0,0,LEADER,1,0,0,0,0,33
91620,35,adaptive-prasle,1428,1,0,0,33,0,462,0,1,35,90192,1428,0,34,0,0,0,LEADER,1,0,0,0,0,33
91635,86,adaptive-prasle,1443,1,0,0,33,0,462,0,1,86,90192,1443,0,34,0,0,0,LEADER,1,0,0,0,0,33
91678,50,adaptive-prasle,2406,1,0,0,33,0,462,0,1,50,89272,2406,0,34,0,0,0,LEADER,1,0,0,0,0,33
91693,55,adaptive-prasle,1501,1,0,0,33,0,462,0,1,55,90192,1501,0,34,0,0,0,LEADER,1,0,0,0,0,33
91732,63,adaptive-prasle,1540,1,0,0,33,0,462,0,1,63,90192,1540,0,34,0,0,0,LEADER,1,0,0,0,0,33
92096,46,adaptive-prasle,1904,1,0,0,33,0,462,0,1,46,90192,1904,0,34,0,0,0,LEADER,1,0,0,0,0,33
91891,53,adaptive-prasle,1701,1,0,0,33,0,462,0,1,53,90190,1701,0,34,0,0,0,LEADER,1,0,0,0,0,33
91246,23,adaptive-prasle,1974,1,0,0,33,0,462,0,1,23,89272,1974,0,34,0,0,0,LEADER,1,0,0,0,0,33
91884,15,adaptive-prasle,2361,1,0,0,7,9,98,126,2,5,89523,2361,0,4,0,0,0,NORMAL,0,0,0,0,0,7
92114,88,adaptive-prasle,1922,1,0,0,33,0,462,0,1,88,90192,1922,0,34,0,0,0,LEADER,1,0,0,0,0,33
91641,34,adaptive-prasle,1449,1,0,0,33,0,462,0,1,34,90192,1449,0,34,0,0,0,LEADER,1,0,0,0,0,33
91249,97,adaptive-prasle,1977,1,0,0,33,0,462,0,1,97,89272,1977,0,34,0,0,0,LEADER,1,0,0,0,0,33
91369,20,adaptive-prasle,2095,1,0,0,33,0,462,0,1,20,89274,2095,0,34,0,0,0,LEADER,1,0,0,0,0,33
91449,40,adaptive-prasle,2177,1,0,0,33,0,462,0,1,40,89272,2177,0,34,0,0,0,LEADER,1,0,0,0,0,33
91372,47,adaptive-prasle,2100,1,0,0,33,0,462,0,1,47,89272,2100,0,34,0,0,0,LEADER,1,0,0,0,0,33
92284,95,adaptive-prasle,2092,1,0,0,33,0,462,0,1,95,90192,2092,0,34,0,0,0,LEADER,1,0,0,0,0,33
91667,25,adaptive-prasle,2395,1,0,0,33,0,462,0,1,25,89272,2395,0,34,0,0,0,LEADER,1,0,0,0,0,33
92272,84,adaptive-prasle,2080,1,0,0,33,0,462,0,1,84,90192,2080,0,34,0,0,0,LEADER,1,0,0,0,0,33
91549,70,adaptive-prasle,2277,1,0,0,33,0,462,0,1,70,89272,2277,0,34,0,0,0,LEADER,1,0,0,0,0,33
91467,82,adaptive-prasle,2195,1,0,0,33,0,462,0,1,82,89272,2195,0,34,0,0,0,LEADER,1,0,0,0,0,33
91685,67,adaptive-prasle,2413,1,0,0,33,0,462,0,1,67,89272,2413,0,34,0,0,0,LEADER,1,0,0,0,0,33
91637,89,adaptive-prasle,2365,1,0,0,33,0,462,0,1,89,89272,2365,0,34,0,0,0,LEADER,1,0,0,0,0,33
92305,28,adaptive-prasle,2113,1,0,0,33,0,462,0,1,28,90192,2113,0,34,0,0,0,LEADER,1,0,0,0,0,33
92047,68,adaptive-prasle,1855,1,0,0,33,0,462,0,1,68,90192,1855,0,34,0,0,0,LEADER,1,0,0,0,0,33
91999,90,adaptive-prasle,1807,1,0,0,33,0,462,0,1,90,90192,1807,0,34,0,0,0,LEADER,1,0,0,0,0,33
91660,76,adaptive-prasle,1468,1,0,0,33,0,462,0,1,76,90192,1468,0,34,0,0,0,LEADER,1,0,0,0,0,33
92413,58,adaptive-prasle,2221,1,0,0,33,0,462,0,1,58,90192,2221,0,34,0,0,0,LEADER,1,0,0,0,0,33
91981,10,adaptive-prasle,1789,1,0,0,33,0,462,0,1,10,90192,1789,0,34,0,0,0,LEADER,1,0,0,0,0,33
91796,73,adaptive-prasle,1604,1,0,0,33,0,462,0,1,73,90192,1604,0,34,0,0,0,LEADER,1,0,0,0,0,33
91537,59,adaptive-prasle,2265,1,0,0,33,0,462,0,1,59,89272,2265,0,34,0,0,0,LEADER,1,0,0,0,0,33
91811,41,adaptive-prasle,1619,1,0,0,33,0,462,0,1,41,90192,1619,0,34,0,0,0,LEADER,1,0,0,0,0,33
91726,96,adaptive-prasle,1534,1,0,0,33,0,462,0,1,96,90192,1534,0,34,0,0,0,LEADER,1,0,0,0,0,33
91959,49,adaptive-prasle,1767,1,0,0,33,0,462,0,1,49,90192,1767,0,34,0,0,0,LEADER,1,0,0,0,0,33
92028,74,adaptive-prasle,1837,1,0,0,33,0,462,0,1,74,90191,1837,0,34,0,0,0,LEADER,1,0,0,0,0,33
92420,92,adaptive-prasle,2228,1,0,0,33,0,462,0,1,92,90192,2228,0,34,0,0,0,LEADER,1,0,0,0,0,33
91626,66,adaptive-prasle,1434,1,0,0,33,0,462,0,1,66,90192,1434,0,34,0,0,0,LEADER,1,0,0,0,0,33
91652,57,adaptive-prasle,2380,1,0,0,33,0,462,0,1,57,89272,2380,0,34,0,0,0,LEADER,1,0,0,0,0,33
92452,78,adaptive-prasle,2260,1,0,0,33,0,462,0,1,78,90192,2260,0,34,0,0,0,LEADER,1,0,0,0,0,33
91618,39,adaptive-prasle,2346,1,0,0,33,0,462,0,1,39,89272,2346,0,34,0,0,0,LEADER,1,0,0,0,0,33
92335,30,adaptive-prasle,2143,1,0,0,33,0,462,0,1,30,90192,2143,0,34,0,0,0,LEADER,1,0,0,0,0,33
91741,64,adaptive-prasle,1549,1,0,0,33,0,462,0,1,64,90192,1549,0,34,0,0,0,LEADER,1,0,0,0,0,33
91966,80,adaptive-prasle,1774,1,0,0,33,0,462,0,1,80,90192,1774,0,34,0,0,0,LEADER,1,0,0,0,0,33
91706,54,adaptive-prasle,1516,1,0,0,33,0,462,0,1,54,90190,1516,0,34,0,0,0,LEADER,1,0,0,0,0,33
92232,43,adaptive-prasle,2040,1,0,0,33,0,462,0,1,43,90192,2040,0,34,0,0,0,LEADER,1,0,0,0,0,33
92152,26,adaptive-prasle,1960,1,0,0,33,0,462,0,1,26,90192,1960,0,34,0,0,0,LEADER,1,0,0,0,0,33
91782,42,adaptive-prasle,1591,1,0,0,33,0,462,0,1,42,90191,1591,0,34,0,0,0,LEADER,1,0,0,0,0,33
91790,31,adaptive-prasle,1598,1,0,0,33,0,462,0,1,31,90192,1598,0,34,0,0,0,LEADER,1,0,0,0,0,33
92547,94,adaptive-prasle,2355,1,0,0,33,0,462,0,1,94,90192,2355,0,34,0,0,0,LEADER,1,0,0,0,0,33
92117,45,adaptive-prasle,1925,1,0,0,33,0,462,0,1,45,90192,1925,0,34,0,0,0,LEADER,1,0,0,0,0,33
92490,60,adaptive-prasle,2298,1,0,0,33,0,462,0,1,60,90192,2298,0,34,0,0,0,LEADER,1,0,0,0,0,33
92596,44,adaptive-prasle,1483,1,0,0,34,0,476,0,1,44,91113,1483,0,35,0,0,0,LEADER,1,0,0,0,0,34
92199,33,adaptive-prasle,2007,1,0,0,33,0,462,0,1,33,90192,2007,0,34,0,0,0,LEADER,1,0,0,0,0,33
91844,51,adaptive-prasle,1652,1,0,0,33,0,462,0,1,51,90192,1652,0,34,0,0,0,LEADER,1,0,0,0,0,33
92354,72,adaptive-prasle,2162,1,0,0,33,0,462,0,1,72,90192,2162,0,34,0,0,0,LEADER,1,0,0,0,0,33
92644,22,adaptive-prasle,1531,1,0,0,34,0,476,0,1,22,91113,1531,0,35,0,0,0,LEADER,1,0,0,0,0,34
92144,24,adaptive-prasle,1952,1,0,0,33,0,462,0,1,24,90192,1952,0,34,0,0,0,LEADER,1,0,0,0,0,33
91863,93,adaptive-prasle,1671,1,0,0,33,0,462,0,1,93,90192,1671,0,34,0,0,0,LEADER,1,0,0,0,0,33
92677,32,adaptive-prasle,1564,1,0,0,34,0,476,0,1,32,91113,1564,0,35,0,0,0,LEADER,1,0,0,0,0,34
92535,69,adaptive-prasle,2343,1,0,0,33,0,462,0,1,69,90192,2343,0,34,0,0,0,LEADER,1,0,0,0,0,33
92523,79,adaptive-prasle,2331,1,0,0,33,0,462,0,1,79,90192,2331,0,34,0,0,0,LEADER,1,0,0,0,0,33
92217,75,adaptive-prasle,2025,1,0,0,33,0,462,0,1,75,90192,2025,0,34,0,0,0,LEADER,1,0,0,0,0,33
91944,81,adaptive-prasle,1752,1,0,0,33,0,462,0,1,81,90192,1752,0,34,0,0,0,LEADER,1,0,0,0,0,33
91802,52,adaptive-prasle,1610,1,0,0,33,0,462,0,1,52,90192,1610,0,34,0,0,0,LEADER,1,0,0,0,0,33
92457,29,adaptive-prasle,2265,1,0,0,33,0,462,0,1,29,90192,2265,0,34,0,0,0,LEADER,1,0,0,0,0,33
92281,21,adaptive-prasle,2088,1,0,0,33,0,462,0,1,21,90193,2088,0,34,0,0,0,LEADER,1,0,0,0,0,33
92033,100,adaptive-prasle,1841,1,0,0,33,0,462,0,1,100,90192,1841,0,34,0,0,0,LEADER,1,0,0,0,0,33
91878,61,adaptive-prasle,1686,1,0,0,33,0,462,0,1,61,90192,1686,0,34,0,0,0,LEADER,1,0,0,0,0,33
92442,91,adaptive-prasle,2250,1,0,0,33,0,462,0,1,91,90192,2250,0,34,0,0,0,LEADER,1,0,0,0,0,33
92402,37,adaptive-prasle,2210,1,0,0,33,0,462,0,1,37,90192,2210,0,34,0,0,0,LEADER,1,0,0,0,0,33
91945,38,adaptive-prasle,1755,1,0,0,33,0,462,0,1,38,90190,1755,0,34,0,0,0,LEADER,1,0,0,0,0,33
92611,98,adaptive-prasle,2419,1,0,0,33,0,462,0,1,98,90192,2419,0,34,0,0,0,LEADER,1,0,0,0,0,33
92470,27,adaptive-prasle,2280,1,0,0,33,0,462,0,1,27,90190,2280,0,34,0,0,0,LEADER,1,0,0,0,0,33
92320,62,adaptive-prasle,2128,1,0,0,33,0,462,0,1,62,90192,2128,0,34,0,0,0,LEADER,1,0,0,0,0,33
92129,56,adaptive-prasle,1937,1,0,0,33,0,462,0,1,56,90192,1937,0,34,0,0,0,LEADER,1,0,0,0,0,33
92517,99,adaptive-prasle,2328,1,0,0,33,0,462,0,1,99,90189,2328,0,34,0,0,0,LEADER,1,0,0,0,0,33
92394,48,adaptive-prasle,2202,1,0,0,33,0,462,0,1,48,90192,2202,0,34,0,0,0,LEADER,1,0,0,0,0,33
91911,71,adaptive-prasle,1719,1,0,0,33,0,462,0,1,71,90192,1719,0,34,0,0,0,LEADER,1,0,0,0,0,33
92136,87,adaptive-prasle,1944,1,0,0,33,0,462,0,1,87,90192,1944,0,34,0,0,0,LEADER,1,0,0,0,0,33
92062,36,adaptive-prasle,1870,1,0,0,33,0,462,0,1,36,90192,1870,0,34,0,0,0,LEADER,1,0,0,0,0,33
92559,77,adaptive-prasle,1446,1,0,0,34,0,476,0,1,77,91113,1446,0,35,0,0,0,LEADER,1,0,0,0,0,34
92752,83,adaptive-prasle,1637,1,0,0,34,0,476,0,1,83,91115,1637,0,35,0,0,0,LEADER,1,0,0,0,0,34
92251,85,adaptive-prasle,2059,1,0,0,33,0,462,0,1,85,90192,2059,0,34,0,0,0,LEADER,1,0,0,0,0,33
92780,19,adaptive-prasle,1667,1,0,0,34,0,476,0,1,19,91113,1667,0,35,0,0,0,LEADER,1,0,0,0,0,34
92935,65,adaptive-prasle,1822,1,0,0,34,0,476,0,1,65,91113,1822,0,35,0,0,0,LEADER,1,0,0,0,0,34
92541,35,adaptive-prasle,1428,1,0,0,34,0,476,0,1,35,91113,1428,0,35,0,0,0,LEADER,1,0,0,0,0,34
92556,86,adaptive-prasle,1443,1,0,0,34,0,476,0,1,86,91113,1443,0,35,0,0,0,LEADER,1,0,0,0,0,34
92598,50,adaptive-prasle,2406,1,0,0,33,0,462,0,1,50,90192,2406,0,34,0,0,0,LEADER,1,0,0,0,0,33
92614,55,adaptive-prasle,1501,1,0,0,34,0,476,0,1,55,91113,1501,0,35,0,0,0,LEADER,1,0,0,0,0,34
92653,63,adaptive-prasle,1540,1,0,0,34,0,476,0,1,63,91113,1540,0,35,0,0,0,LEADER,1,0,0,0,0,34
93017,46,adaptive-prasle,1904,1,0,0,34,0,476,0,1,46,91113,1904,0,35,0,0,0,LEADER,1,0,0,0,0,34
92812,53,adaptive-prasle,1701,1,0,0,34,0,476,0,1,53,91111,1701,0,35,0,0,0,LEADER,1,0,0,0,0,34
92166,23,adaptive-prasle,1974,1,0,0,33,0,462,0,1,23,90192,1974,0,34,0,0,0,LEADER,1,0,0,0,0,33
93035,88,adaptive-prasle,1922,1,0,0,34,0,476,0,1,88,91113,1922,0,35,0,0,0,LEADER,1,0,0,0,0,34
92562,34,adaptive-prasle,1449,1,0,0,34,0,476,0,1,34,91113,1449,0,35,0,0,0,LEADER,1,0,0,0,0,34
92169,97,adaptive-prasle,1977,1,0,0,33,0,462,0,1,97,90192,1977,0,34,0,0,0,LEADER,1,0,0,0,0,33
92289,20,adaptive-prasle,2095,1,0,0,33,0,462,0,1,20,90194,2095,0,34,0,0,0,LEADER,1,0,0,0,0,33
92369,40,adaptive-prasle,2177,1,0,0,33,0,462,0,1,40,90192,2177,0,34,0,0,0,LEADER,1,0,0,0,0,33
92292,47,adaptive-prasle,2100,1,0,0,33,0,462,0,1,47,90192,2100,0,34,0,0,0,LEADER,1,0,0,0,0,33
93205,95,adaptive-prasle,2092,1,0,0,34,0,476,0,1,95,91113,2092,0,35,0,0,0,LEADER,1,0,0,0,0,34
92587,25,adaptive-prasle,2395,1,0,0,33,0,462,0,1,25,90192,2395,0,34,0,0,0,LEADER,1,0,0,0,0,33
93193,84,adaptive-prasle,2080,1,0,0,34,0,476,0,1,84,91113,2080,0,35,0,0,0,LEADER,1,0,0,0,0,34
92469,70,adaptive-prasle,2277,1,0,0,33,0,462,0,1,70,90192,2277,0,34,0,0,0,LEADER,1,0,0,0,0,33
92387,82,adaptive-prasle,2195,1,0,0,33,0,462,0,1,82,90192,2195,0,34,0,0,0,LEADER,1,0,0,0,0,33
92605,67,adaptive-prasle,2413,1,0,0,33,0,462,0,1,67,90192,2413,0,34,0,0,0,LEADER,1,0,0,0,0,33
92557,89,adaptive-prasle,2365,1,0,0,33,0,462,0,1,89,90192,2365,0,34,0,0,0,LEADER,1,0,0,0,0,33
93226,28,adaptive-prasle,2113,1,0,0,34,0,476,0,1,28,91113,2113,0,35,0,0,0,LEADER,1,0,0,0,0,34
92968,68,adaptive-prasle,1855,1,0,0,34,0,476,0,1,68,91113,1855,0,35,0,0,0,LEADER,1,0,0,0,0,34
92920,90,adaptive-prasle,1807,1,0,0,34,0,476,0,1,90,91113,1807,0,35,0,0,0,LEADER,1,0,0,0,0,34
92581,76,adaptive-prasle,1468,1,0,0,34,0,476,0,1,76,91113,1468,0,35,0,0,0,LEADER,1,0,0,0,0,34
92902,10,adaptive-prasle,1789,1,0,0,34,0,476,0,1,10,91113,1789,0,35,0,0,0,LEADER,1,0,0,0,0,34
93334,58,adaptive-prasle,2221,1,0,0,34,0,476,0,1,58,91113,2221,0,35,0,0,0,LEADER,1,0,0,0,0,34
92717,73,adaptive-prasle,1604,1,0,0,34,0,476,0,1,73,91113,1604,0,35,0,0,0,LEADER,1,0,0,0,0,34
92457,59,adaptive-prasle,2265,1,0,0,33,0,462,0,1,59,90192,2265,0,34,0,0,0,LEADER,1,0,0,0,0,33
92732,41,adaptive-prasle,1619,1,0,0,34,0,476,0,1,41,91113,1619,0,35,0,0,0,LEADER,1,0,0,0,0,34
92647,96,adaptive-prasle,1534,1,0,0,34,0,476,0,1,96,91113,1534,0,35,0,0,0,LEADER,1,0,0,0,0,34
92880,49,adaptive-prasle,1767,1,0,0,34,0,476,0,1,49,91113,1767,0,35,0,0,0,LEADER,1,0,0,0,0,34
92949,74,adaptive-prasle,1837,1,0,0,34,0,476,0,1,74,91112,1837,0,35,0,0,0,LEADER,1,0,0,0,0,34
93341,92,adaptive-prasle,2228,1,0,0,34,0,476,0,1,92,91113,2228,0,35,0,0,0,LEADER,1,0,0,0,0,34
92547,66,adaptive-prasle,1434,1,0,0,34,0,476,0,1,66,91113,1434,0,35,0,0,0,LEADER,1,0,0,0,0,34
92572,57,adaptive-prasle,2380,1,0,0,33,0,462,0,1,57,90192,2380,0,34,0,0,0,LEADER,1,0,0,0,0,33
93373,78,adaptive-prasle,2260,1,0,0,34,0,476,0,1,78,91113,2260,0,35,0,0,0,LEADER,1,0,0,0,0,34
92538,39,adaptive-prasle,2346,1,0,0,33,0,462,0,1,39,90192,2346,0,34,0,0,0,LEADER,1,0,0,0,0,33
93256,30,adaptive-prasle,2143,1,0,0,34,0,476,0,1,30,91113,2143,0,35,0,0,0,LEADER,1,0,0,0,0,34
92662,64,adaptive-prasle,1549,1,0,0,34,0,476,0,1,64,91113,1549,0,35,0,0,0,LEADER,1,0,0,0,0,34
92887,80,adaptive-prasle,1774,1,0,0,34,0,476,0,1,80,91113,1774,0,35,0,0,0,LEADER,1,0,0,0,0,34
92627,54,adaptive-prasle,1516,1,0,0,34,0,476,0,1,54,91111,1516,0,35,0,0,0,LEADER,1,0,0,0,0,34
93153,43,adaptive-prasle,2040,1,0,0,34,0,476,0,1,43,91113,2040,0,35,0,0,0,LEADER,1,0,0,0,0,34
93073,26,adaptive-prasle,1960,1,0,0,34,0,476,0,1,26,91113,1960,0,35,0,0,0,LEADER,1,0,0,0,0,34
92703,42,adaptive-prasle,1591,1,0,0,34,0,476,0,1,42,91112,1591,0,35,0,0,0,LEADER,1,0,0,0,0,34
92711,31,adaptive-prasle,1598,1,0,0,34,0,476,0,1,31,91113,1598,0,35,0,0,0,LEADER,1,0,0,0,0,34
93468,94,adaptive-prasle,2355,1,0,0,34,0,476,0,1,94,91113,2355,0,35,0,0,0,LEADER,1,0,0,0,0,34
93038,45,adaptive-prasle,1925,1,0,0,34,0,476,0,1,45,91113,1925,0,35,0,0,0,LEADER,1,0,0,0,0,34
93411,60,adaptive-prasle,2298,1,0,0,34,0,476,0,1,60,91113,2298,0,35,0,0,0,LEADER,1,0,0,0,0,34
93516,44,adaptive-prasle,1483,1,0,0,34,0,476,0,1,44,92033,1483,0,35,0,0,0,LEADER,1,0,0,0,0,34
93120,33,adaptive-prasle,2007,1,0,0,34,0,476,0,1,33,91113,2007,0,35,0,0,0,LEADER,1,0,0,0,0,34
92765,51,adaptive-prasle,1652,1,0,0,34,0,476,0,1,51,91113,1652,0,35,0,0,0,LEADER,1,0,0,0,0,34
93564,22,adaptive-prasle,1531,1,0,0,34,0,476,0,1,22,92033,1531,0,35,0,0,0,LEADER,1,0,0,0,0,34
93275,72,adaptive-prasle,2162,1,0,0,34,0,476,0,1,72,91113,2162,0,35,0,0,0,LEADER,1,0,0,0,0,34
93065,24,adaptive-prasle,1952,1,0,0,34,0,476,0,1,24,91113,1952,0,35,0,0,0,LEADER,1,0,0,0,0,34
93597,32,adaptive-prasle,1564,1,0,0,34,0,476,0,1,32,92033,1564,0,35,0,0,0,LEADER,1,0,0,0,0,34
92784,93,adaptive-prasle,1671,1,0,0,34,0,476,0,1,93,91113,1671,0,35,0,0,0,LEADER,1,0,0,0,0,34
93456,69,adaptive-prasle,2343,1,0,0,34,0,476,0,1,69,91113,2343,0,35,0,0,0,LEADER,1,0,0,0,0,34
93444,79,adaptive-prasle,2331,1,0,0,34,0,476,0,1,79,91113,2331,0,35,0,0,0,LEADER,1,0,0,0,0,34
93138,75,adaptive-prasle,2025,1,0,0,34,0,476,0,1,75,91113,2025,0,35,0,0,0,LEADER,1,0,0,0,0,34
92865,81,adaptive-prasle,1752,1,0,0,34,0,476,0,1,81,91113,1752,0,35,0,0,0,LEADER,1,0,0,0,0,34
92723,52,adaptive-prasle,1610,1,0,0,34,0,476,0,1,52,91113,1610,0,35,0,0,0,LEADER,1,0,0,0,0,34
93378,29,adaptive-prasle,2265,1,0,0,34,0,476,0,1,29,91113,2265,0,35,0,0,0,LEADER,1,0,0,0,0,34
93202,21,adaptive-prasle,2088,1,0,0,34,0,476,0,1,21,91114,2088,0,35,0,0,0,LEADER,1,0,0,0,0,34
92954,100,adaptive-prasle,1841,1,0,0,34,0,476,0,1,100,91113,1841,0,35,0,0,0,LEADER,1,0,0,0,0,34
92799,61,adaptive-prasle,1686,1,0,0,34,0,476,0,1,61,91113,1686,0,35,0,0,0,LEADER,1,0,0,0,0,34
93363,91,adaptive-prasle,2250,1,0,0,34,0,476,0,1,91,91113,2250,0,35,0,0,0,LEADER,1,0,0,0,0,34
93323,37,adaptive-prasle,2210,1,0,0,34,0,476,0,1,37,91113,2210,0,35,0,0,0,LEADER,1,0,0,0,0,34
92866,38,adaptive-prasle,1755,1,0,0,34,0,476,0,1,38,91111,1755,0,35,0,0,0,LEADER,1,0,0,0,0,34
93532,98,adaptive-prasle,2419,1,0,0,34,0,476,0,1,98,91113,2419,0,35,0,0,0,LEADER,1,0,0,0,0,34
93391,27,adaptive-prasle,2280,1,0,0,34,0,476,0,1,27,91111,2280,0,35,0,0,0,LEADER,1,0,0,0,0,34
93241,62,adaptive-prasle,2128,1,0,0,34,0,476,0,1,62,91113,2128,0,35,0,0,0,LEADER,1,0,0,0,0,34
93050,56,adaptive-prasle,1937,1,0,0,34,0,476,0,1,56,91113,1937,0,35,0,0,0,LEADER,1,0,0,0,0,34
93438,99,adaptive-prasle,2328,1,0,0,34,0,476,0,1,99,91110,2328,0,35,0,0,0,LEADER,1,0,0,0,0,34
93315,48,adaptive-prasle,2202,1,0,0,34,0,476,0,1,48,91113,2202,0,35,0,0,0,LEADER,1,0,0,0,0,34
92832,71,adaptive-prasle,1719,1,0,0,34,0,476,0,1,71,91113,1719,0,35,0,0,0,LEADER,1,0,0,0,0,34
93057,87,adaptive-prasle,1944,1,0,0,34,0,476,0,1,87,91113,1944,0,35,0,0,0,LEADER,1,0,0,0,0,34
92983,36,adaptive-prasle,1870,1,0,0,34,0,476,0,1,36,91113,1870,0,35,0,0,0,LEADER,1,0,0,0,0,34
93479,77,adaptive-prasle,1446,1,0,0,34,0,476,0,1,77,92033,1446,0,35,0,0,0,LEADER,1,0,0,0,0,34
93672,83,adaptive-prasle,1637,1,0,0,34,0,476,0,1,83,92035,1637,0,35,0,0,0,LEADER,1,0,0,0,0,34
93172,85,adaptive-prasle,2059,1,0,0,34,0,476,0,1,85,91113,2059,0,35,0,0,0,LEADER,1,0,0,0,0,34
93700,19,adaptive-prasle,1667,1,0,0,34,0,476,0,1,19,92033,1667,0,35,0,0,0,LEADER,1,0,0,0,0,34
93855,65,adaptive-prasle,1822,1,0,0,34,0,476,0,1,65,92033,1822,0,35,0,0,0,LEADER,1,0,0,0,0,34
93461,35,adaptive-prasle,1428,1,0,0,34,0,476,0,1,35,92033,1428,0,35,0,0,0,LEADER,1,0,0,0,0,34
93476,86,adaptive-prasle,1443,1,0,0,34,0,476,0,1,86,92033,1443,0,35,0,0,0,LEADER,1,0,0,0,0,34
93485,16,adaptive-prasle,1805,1,0,0,11,10,154,140,3,5,91680,1805,0,4,0,0,0,NORMAL,0,0,0,0,0,11
93519,50,adaptive-prasle,2406,1,0,0,34,0,476,0,1,50,91113,2406,0,35,0,0,0,LEADER,1,0,0,0,0,34
93534,55,adaptive-prasle,1501,1,0,0,34,0,476,0,1,55,92033,1501,0,35,0,0,0,LEADER,1,0,0,0,0,34
93573,63,adaptive-prasle,1540,1,0,0,34,0,476,0,1,63,92033,1540,0,35,0,0,0,LEADER,1,0,0,0,0,34
93937,46,adaptive-prasle,1904,1,0,0,34,0,476,0,1,46,92033,1904,0,35,0,0,0,LEADER,1,0,0,0,0,34
93732,53,adaptive-prasle,1701,1,0,0,34,0,476,0,1,53,92031,1701,0,35,0,0,0,LEADER,1,0,0,0,0,34
93087,23,adaptive-prasle,1974,1,0,0,34,0,476,0,1,23,91113,1974,0,35,0,0,0,LEADER,1,0,0,0,0,34
93955,88,adaptive-prasle,1922,1,0,0,34,0,476,0,1,88,92033,1922,0,35,0,0,0,LEADER,1,0,0,0,0,34
93482,34,adaptive-prasle,1449,1,0,0,34,0,476,0,1,34,92033,1449,0,35,0,0,0,LEADER,1,0,0,0,0,34
93090,97,adaptive-prasle,1977,1,0,0,34,0,476,0,1,97,91113,1977,0,35,0,0,0,LEADER,1,0,0,0,0,34
93210,20,adaptive-prasle,2095,1,0,0,34,0,476,0,1,20,91115,2095,0,35,0,0,0,LEADER,1,0,0,0,0,34
93290,40,adaptive-prasle,2177,1,0,0,34,0,476,0,1,40,91113,2177,0,35,0,0,0,LEADER,1,0,0,0,0,34
93213,47,adaptive-prasle,2100,1,0,0,34,0,476,0,1,47,91113,2100,0,35,0,0,0,LEADER,1,0,0,0,0,34
94125,95,adaptive-prasle,2092,1,0,0,34,0,476,0,1,95,92033,2092,0,35,0,0,0,LEADER,1,0,0,0,0,34
93508,25,adaptive-prasle,2395,1,0,0,34,0,476,0,1,25,91113,2395,0,35,0,0,0,LEADER,1,0,0,0,0,34
94113,84,adaptive-prasle,2080,1,0,0,34,0,476,0,1,84,92033,2080,0,35,0,0,0,LEADER,1,0,0,0,0,34
93390,70,adaptive-prasle,2277,1,0,0,34,0,476,0,1,70,91113,2277,0,35,0,0,0,LEADER,1,0,0,0,0,34
93308,82,adaptive-prasle,2195,1,0,0,34,0,476,0,1,82,91113,2195,0,35,0,0,0,LEADER,1,0,0,0,0,34
93526,67,adaptive-prasle,2413,1,0,0,34,0,476,0,1,67,91113,2413,0,35,0,0,0,LEADER,1,0,0,0,0,34
93478,89,adaptive-prasle,2365,1,0,0,34,0,476,0,1,89,91113,2365,0,35,0,0,0,LEADER,1,0,0,0,0,34
94146,28,adaptive-prasle,2113,1,0,0,34,0,476,0,1,28,92033,2113,0,35,0,0,0,LEADER,1,0,0,0,0,34
93888,68,adaptive-prasle,1855,1,0,0,34,0,476,0,1,68,92033,1855,0,35,0,0,0,LEADER,1,0,0,0,0,34
93840,90,adaptive-prasle,1807,1,0,0,34,0,476,0,1,90,92033,1807,0,35,0,0,0,LEADER,1,0,0,0,0,34
93501,76,adaptive-prasle,1468,1,0,0,34,0,476,0,1,76,92033,1468,0,35,0,0,0,LEADER,1,0,0,0,0,34
93822,10,adaptive-prasle,1789,1,0,0,34,0,476,0,1,10,92033,1789,0,35,0,0,0,LEADER,1,0,0,0,0,34
94254,58,adaptive-prasle,2221,1,0,0,34,0,476,0,1,58,92033,2221,0,35,0,0,0,LEADER,1,0,0,0,0,34
93637,73,adaptive-prasle,1604,1,0,0,34,0,476,0,1,73,92033,1604,0,35,0,0,0,LEADER,1,0,0,0,0,34
93378,59,adaptive-prasle,2265,1,0,0,34,0,476,0,1,59,91113,2265,0,35,0,0,0,LEADER,1,0,0,0,0,34
93652,41,adaptive-prasle,1619,1,0,0,34,0,476,0,1,41,92033,1619,0,35,0,0,0,LEADER,1,0,0,0,0,34
93567,96,adaptive-prasle,1534,1,0,0,34,0,476,0,1,96,92033,1534,0,35,0,0,0,LEADER,1,0,0,0,0,34
93800,49,adaptive-prasle,1767,1,0,0,34,0,476,0,1,49,92033,1767,0,35,0,0,0,LEADER,1,0,0,0,0,34
93869,74,adaptive-prasle,1837,1,0,0,34,0,476,0,1,74,92032,1837,0,35,0,0,0,LEADER,1,0,0,0,0,34
94261,92,adaptive-prasle,2228,1,0,0,34,0,476,0,1,92,92033,2228,0,35,0,0,0,LEADER,1,0,0,0,0,34
93467,66,adaptive-prasle,1434,1,0,0,34,0,476,0,1,66,92033,1434,0,35,0,0,0,LEADER,1,0,0,0,0,34
93493,57,adaptive-prasle,2380,1,0,0,34,0,476,0,1,57,91113,2380,0,35,0,0,0,LEADER,1,0,0,0,0,34
94293,78,adaptive-prasle,2260,1,0,0,34,0,476,0,1,78,92033,2260,0,35,0,0,0,LEADER,1,0,0,0,0,34
93459,39,adaptive-prasle,2346,1,0,0,34,0,476,0,1,39,91113,2346,0,35,0,0,0,LEADER,1,0,0,0,0,34
94176,30,adaptive-prasle,2143,1,0,0,34,0,476,0,1,30,92033,2143,0,35,0,0,0,LEADER,1,0,0,0,0,34
93582,64,adaptive-prasle,1549,1,0,0,34,0,476,0,1,64,92033,1549,0,35,0,0,0,LEADER,1,0,0,0,0,34
93807,80,adaptive-prasle,1774,1,0,0,34,0,476,0,1,80,92033,1774,0,35,0,0,0,LEADER,1,0,0,0,0,34
93547,54,adaptive-prasle,1516,1,0,0,34,0,476,0,1,54,92031,1516,0,35,0,0,0,LEADER,1,0,0,0,0,34
94073,43,adaptive-prasle,2040,1,0,0,34,0,476,0,1,43,92033,2040,0,35,0,0,0,LEADER,1,0,0,0,0,34
93993,26,adaptive-prasle,1960,1,0,0,34,0,476,0,1,26,92033,1960,0,35,0,0,0,LEADER,1,0,0,0,0,34
93623,42,adaptive-prasle,1591,1,0,0,34,0,476,0,1,42,92032,1591,0,35,0,0,0,LEADER,1,0,0,0,0,34
93631,31,adaptive-prasle,1598,1,0,0,34,0,476,0,1,31,92033,1598,0,35,0,0,0,LEADER,1,0,0,0,0,34
94388,94,adaptive-prasle,2355,1,0,0,34,0,476,0,1,94,92033,2355,0,35,0,0,0,LEADER,1,0,0,0,0,34
93958,45,adaptive-prasle,1925,1,0,0,34,0,476,0,1,45,92033,1925,0,35,0,0,0,LEADER,1,0,0,0,0,34
94331,60,adaptive-prasle,2298,1,0,0,34,0,476,0,1,60,92033,2298,0,35,0,0,0,LEADER,1,0,0,0,0,34
94436,44,adaptive-prasle,1483,1,0,0,34,0,476,0,1,44,92953,1483,0,35,0,0,0,LEADER,1,0,0,0,0,34
94040,33,adaptive-prasle,2007,1,0,0,34,0,476,0,1,33,92033,2007,0,35,0,0,0,LEADER,1,0,0,0,0,34
93685,51,adaptive-prasle,1652,1,0,0,34,0,476,0,1,51,92033,1652,0,35,0,0,0,LEADER,1,0,0,0,0,34
94484,22,adaptive-prasle,1531,1,0,0,34,0,476,0,1,22,92953,1531,0,35,0,0,0,LEADER,1,0,0,0,0,34
94195,72,adaptive-prasle,2162,1,0,0,34,0,476,0,1,72,92033,2162,0,35,0,0,0,LEADER,1,0,0,0,0,34
93985,24,adaptive-prasle,1952,1,0,0,34,0,476,0,1,24,92033,1952,0,35,0,0,0,LEADER,1,0,0,0,0,34
94517,32,adaptive-prasle,1564,1,0,0,34,0,476,0,1,32,92953,1564,0,35,0,0,0,LEADER,1,0,0,0,0,34
93704,93,adaptive-prasle,1671,1,0,0,34,0,476,0,1,93,92033,1671,0,35,0,0,0,LEADER,1,0,0,0,0,34
94376,69,adaptive-prasle,2343,1,0,0,34,0,476,0,1,69,92033,2343,0,35,0,0,0,LEADER,1,0,0,0,0,34
94364,79,adaptive-prasle,2331,1,0,0,34,0,476,0,1,79,92033,2331,0,35,0,0,0,LEADER,1,0,0,0,0,34
94058,75,adaptive-prasle,2025,1,0,0,34,0,476,0,1,75,92033,2025,0,35,0,0,0,LEADER,1,0,0,0,0,34
93785,81,adaptive-prasle,1752,1,0,0,34,0,476,0,1,81,92033,1752,0,35,0,0,0,LEADER,1,0,0,0,0,34
93643,52,adaptive-prasle,1610,1,0,0,34,0,476,0,1,52,92033,1610,0,35,0,0,0,LEADER,1,0,0,0,0,34
94122,21,adaptive-prasle,2088,1,0,0,34,0,476,0,1,21,92034,2088,0,35,0,0,0,LEADER,1,0,0,0,0,34
94298,29,adaptive-prasle,2265,1,0,0,34,0,476,0,1,29,92033,2265,0,35,0,0,0,LEADER,1,0,0,0,0,34
93874,100,adaptive-prasle,1841,1,0,0,34,0,476,0,1,100,92033,1841,0,35,0,0,0,LEADER,1,0,0,0,0,34
93719,61,adaptive-prasle,1686,1,0,0,34,0,476,0,1,61,92033,1686,0,35,0,0,0,LEADER,1,0,0,0,0,34
94283,91,adaptive-prasle,2250,1,0,0,34,0,476,0,1,91,92033,2250,0,35,0,0,0,LEADER,1,0,0,0,0,34
94243,37,adaptive-prasle,2210,1,0,0,34,0,476,0,1,37,92033,2210,0,35,0,0,0,LEADER,1,0,0,0,0,34
93786,38,adaptive-prasle,1755,1,0,0,34,0,476,0,1,38,92031,1755,0,35,0,0,0,LEADER,1,0,0,0,0,34
94452,98,adaptive-prasle,2419,1,0,0,34,0,476,0,1,98,92033,2419,0,35,0,0,0,LEADER,1,0,0,0,0,34
94311,27,adaptive-prasle,2280,1,0,0,34,0,476,0,1,27,92031,2280,0,35,0,0,0,LEADER,1,0,0,0,0,34
94161,62,adaptive-prasle,2128,1,0,0,34,0,476,0,1,62,92033,2128,0,35,0,0,0,LEADER,1,0,0,0,0,34
93970,56,adaptive-prasle,1937,1,0,0,34,0,476,0,1,56,92033,1937,0,35,0,0,0,LEADER,1,0,0,0,0,34
94358,99,adaptive-prasle,2328,1,0,0,34,0,476,0,1,99,92030,2328,0,35,0,0,0,LEADER,1,0,0,0,0,34
94415,2,adaptive-prasle,1819,1,0,0,6,12,84,168,2,2,92596,1819,0,5,0,0,0,LEADER,1,0,0,0,0,6
94235,48,adaptive-prasle,2202,1,0,0,34,0,476,0,1,48,92033,2202,0,35,0,0,0,LEADER,1,0,0,0,0,34
93752,71,adaptive-prasle,1719,1,0,0,34,0,476,0,1,71,92033,1719,0,35,0,0,0,LEADER,1,0,0,0,0,34
93977,87,adaptive-prasle,1944,1,0,0,34,0,476,0,1,87,92033,1944,0,35,0,0,0,LEADER,1,0,0,0,0,34
93903,36,adaptive-prasle,1870,1,0,0,34,0,476,0,1,36,92033,1870,0,35,0,0,0,LEADER,1,0,0,0,0,34
94399,77,adaptive-prasle,1446,1,0,0,34,0,476,0,1,77,92953,1446,0,35,0,0,0,LEADER,1,0,0,0,0,34
94592,83,adaptive-prasle,1637,1,0,0,34,0,476,0,1,83,92955,1637,0,35,0,0,0,LEADER,1,0,0,0,0,34
94092,85,adaptive-prasle,2059,1,0,0,34,0,476,0,1,85,92033,2059,0,35,0,0,0,LEADER,1,0,0,0,0,34
94620,19,adaptive-prasle,1667,1,0,0,34,0,476,0,1,19,92953,1667,0,35,0,0,0,LEADER,1,0,0,0,0,34
94775,65,adaptive-prasle,1822,1,0,0,34,0,476,0,1,65,92953,1822,0,35,0,0,0,LEADER,1,0,0,0,0,34
94381,35,adaptive-prasle,1428,1,0,0,34,0,476,0,1,35,92953,1428,0,35,0,0,0,LEADER,1,0,0,0,0,34
94396,86,adaptive-prasle,1443,1,0,0,34,0,476,0,1,86,92953,1443,0,35,0,0,0,LEADER,1,0,0,0,0,34
94439,50,adaptive-prasle,2406,1,0,0,34,0,476,0,1,50,92033,2406,0,35,0,0,0,LEADER,1,0,0,0,0,34
94454,55,adaptive-prasle,1501,1,0,0,34,0,476,0,1,55,92953,1501,0,35,0,0,0,LEADER,1,0,0,0,0,34
94493,63,adaptive-prasle,1540,1,0,0,34,0,476,0,1,63,92953,1540,0,35,0,0,0,LEADER,1,0,0,0,0,34
94857,46,adaptive-prasle,1904,1,0,0,34,0,476,0,1,46,92953,1904,0,35,0,0,0,LEADER,1,0,0,0,0,34
94652,53,adaptive-prasle,1701,1,0,0,34,0,476,0,1,53,92951,1701,0,35,0,0,0,LEADER,1,0,0,0,0,34
94007,23,adaptive-prasle,1974,1,0,0,34,0,476,0,1,23,92033,1974,0,35,0,0,0,LEADER,1,0,0,0,0,34
94875,88,adaptive-prasle,1922,1,0,0,34,0,476,0,1,88,92953,1922,0,35,0,0,0,LEADER,1,0,0,0,0,34
94402,34,adaptive-prasle,1449,1,0,0,34,0,476,0,1,34,92953,1449,0,35,0,0,0,LEADER,1,0,0,0,0,34
94010,97,adaptive-prasle,1977,1,0,0,34,0,476,0,1,97,92033,1977,0,35,0,0,0,LEADER,1,0,0,0,0,34
94933,1,adaptive-prasle,2022,1,0,0,5,6,70,84,1,1,92911,2022,0,6,0,0,0,LEADER,1,0,0,0,0,5
94130,20,adaptive-prasle,2095,1,0,0,34,0,476,0,1,20,92035,2095,0,35,0,0,0,LEADER,1,0,0,0,0,34
94210,40,adaptive-prasle,2177,1,0,0,34,0,476,0,1,40,92033,2177,0,35,0,0,0,LEADER,1,0,0,0,0,34
94133,47,adaptive-prasle,2100,1,0,0,34,0,476,0,1,47,92033,2100,0,35,0,0,0,LEADER,1,0,0,0,0,34
95045,95,adaptive-prasle,2092,1,0,0,34,0,476,0,1,95,92953,2092,0,35,0,0,0,LEADER,1,0,0,0,0,34
94428,25,adaptive-prasle,2395,1,0,0,34,0,476,0,1,25,92033,2395,0,35,0,0,0,LEADER,1,0,0,0,0,34
95033,84,adaptive-prasle,2080,1,0,0,34,0,476,0,1,84,92953,2080,0,35,0,0,0,LEADER,1,0,0,0,0,34
94310,70,adaptive-prasle,2277,1,0,0,34,0,476,0,1,70,92033,2277,0,35,0,0,0,LEADER,1,0,0,0,0,34
94228,82,adaptive-prasle,2195,1,0,0,34,0,476,0,1,82,92033,2195,0,35,0,0,0,LEADER,1,0,0,0,0,34
94446,67,adaptive-prasle,2413,1,0,0,34,0,476,0,1,67,92033,2413,0,35,0,0,0,LEADER,1,0,0,0,0,34
94398,89,adaptive-prasle,2365,1,0,0,34,0,476,0,1,89,92033,2365,0,35,0,0,0,LEADER,1,0,0,0,0,34
95066,28,adaptive-prasle,2113,1,0,0,34,0,476,0,1,28,92953,2113,0,35,0,0,0,LEADER,1,0,0,0,0,34
94808,68,adaptive-prasle,1855,1,0,0,34,0,476,0,1,68,92953,1855,0,35,0,0,0,LEADER,1,0,0,0,0,34
94760,90,adaptive-prasle,1807,1,0,0,34,0,476,0,1,90,92953,1807,0,35,0,0,0,LEADER,1,0,0,0,0,34
94421,76,adaptive-prasle,1468,1,0,0,34,0,476,0,1,76,92953,1468,0,35,0,0,0,LEADER,1,0,0,0,0,34
94742,10,adaptive-prasle,1789,1,0,0,34,0,476,0,1,10,92953,1789,0,35,0,0,0,LEADER,1,0,0,0,0,34
95174,58,adaptive-prasle,2221,1,0,0,34,0,476,0,1,58,92953,2221,0,35,0,0,0,LEADER,1,0,0,0,0,34
94557,73,adaptive-prasle,1604,1,0,0,34,0,476,0,1,73,92953,1604,0,35,0,0,0,LEADER,1,0,0,0,0,34
94298,59,adaptive-prasle,2265,1,0,0,34,0,476,0,1,59,92033,2265,0,35,0,0,0,LEADER,1,0,0,0,0,34
94572,41,adaptive-prasle,1619,1,0,0,34,0,476,0,1,41,92953,1619,0,35,0,0,0,LEADER,1,0,0,0,0,34
94487,96,adaptive-prasle,1534,1,0,0,34,0,476,0,1,96,92953,1534,0,35,0,0,0,LEADER,1,0,0,0,0,34
94720,49,adaptive-prasle,1767,1,0,0,34,0,476,0,1,49,92953,1767,0,35,0,0,0,LEADER,1,0,0,0,0,34
94789,74,adaptive-prasle,1837,1,0,0,34,0,476,0,1,74,92952,1837,0,35,0,0,0,LEADER,1,0,0,0,0,34
95181,92,adaptive-prasle,2228,1,0,0,34,0,476,0,1,92,92953,2228,0,35,0,0,0,LEADER,1,0,0,0,0,34
94387,66,adaptive-prasle,1434,1,0,0,34,0,476,0,1,66,92953,1434,0,35,0,0,0,LEADER,1,0,0,0,0,34
94413,57,adaptive-prasle,2380,1,0,0,34,0,476,0,1,57,92033,2380,0,35,0,0,0,LEADER,1,0,0,0,0,34
95213,78,adaptive-prasle,2260,1,0,0,34,0,476,0,1,78,92953,2260,0,35,0,0,0,LEADER,1,0,0,0,0,34
94379,39,adaptive-prasle,2346,1,0,0,34,0,476,0,1,39,92033,2346,0,35,0,0,0,LEADER,1,0,0,0,0,34
95096,30,adaptive-prasle,2143,1,0,0,34,0,476,0,1,30,92953,2143,0,35,0,0,0,LEADER,1,0,0,0,0,34
94502,64,adaptive-prasle,1549,1,0,0,34,0,476,0,1,64,92953,1549,0,35,0,0,0,LEADER,1,0,0,0,0,34
94727,80,adaptive-prasle,1774,1,0,0,34,0,476,0,1,80,92953,1774,0,35,0,0,0,LEADER,1,0,0,0,0,34
94467,54,adaptive-prasle,1516,1,0,0,34,0,476,0,1,54,92951,1516,0,35,0,0,0,LEADER,1,0,0,0,0,34
94993,43,adaptive-prasle,2040,1,0,0,34,0,476,0,1,43,92953,2040,0,35,0,0,0,LEADER,1,0,0,0,0,34
94913,26,adaptive-prasle,1960,1,0,0,34,0,476,0,1,26,92953,1960,0,35,0,0,0,LEADER,1,0,0,0,0,34
94543,42,adaptive-prasle,1591,1,0,0,34,0,476,0,1,42,92952,1591,0,35,0,0,0,LEADER,1,0,0,0,0,34
94551,31,adaptive-prasle,1598,1,0,0,34,0,476,0,1,31,92953,1598,0,35,0,0,0,LEADER,1,0,0,0,0,34
95308,94,adaptive-prasle,2355,1,0,0,34,0,476,0,1,94,92953,2355,0,35,0,0,0,LEADER,1,0,0,0,0,34
94878,45,adaptive-prasle,1925,1,0,0,34,0,476,0,1,45,92953,1925,0,35,0,0,0,LEADER,1,0,0,0,0,34
95251,60,adaptive-prasle,2298,1,0,0,34,0,476,0,1,60,92953,2298,0,35,0,0,0,LEADER,1,0,0,0,0,34
95357,44,adaptive-prasle,1483,1,0,0,35,0,490,0,1,44,93874,1483,0,36,0,0,0,LEADER,1,0,0,0,0,35
94960,33,adaptive-prasle,2007,1,0,0,34,0,476,0,1,33,92953,2007,0,35,0,0,0,LEADER,1,0,0,0,0,34
94605,51,adaptive-prasle,1652,1,0,0,34,0,476,0,1,51,92953,1652,0,35,0,0,0,LEADER,1,0,0,0,0,34
95115,72,adaptive-prasle,2162,1,0,0,34,0,476,0,1,72,92953,2162,0,35,0,0,0,LEADER,1,0,0,0,0,34
95405,22,adaptive-prasle,1531,1,0,0,35,0,490,0,1,22,93874,1531,0,36,0,0,0,LEADER,1,0,0,0,0,35
94905,24,adaptive-prasle,1952,1,0,0,34,0,476,0,1,24,92953,1952,0,35,0,0,0,LEADER,1,0,0,0,0,34
95438,32,adaptive-prasle,1564,1,0,0,35,0,490,0,1,32,93874,1564,0,36,0,0,0,LEADER,1,0,0,0,0,35
94624,93,adaptive-prasle,1671,1,0,0,34,0,476,0,1,93,92953,1671,0,35,0,0,0,LEADER,1,0,0,0,0,34
95296,69,adaptive-prasle,2343,1,0,0,34,0,476,0,1,69,92953,2343,0,35,0,0,0,LEADER,1,0,0,0,0,34
95284,79,adaptive-prasle,2331,1,0,0,34,0,476,0,1,79,92953,2331,0,35,0,0,0,LEADER,1,0,0,0,0,34
94978,75,adaptive-prasle,2025,1,0,0,34,0,476,0,1,75,92953,2025,0,35,0,0,0,LEADER,1,0,0,0,0,34
94705,81,adaptive-prasle,1752,1,0,0,34,0,476,0,1,81,92953,1752,0,35,0,0,0,LEADER,1,0,0,0,0,34
94563,52,adaptive-prasle,1610,1,0,0,34,0,476,0,1,52,92953,1610,0,35,0,0,0,LEADER,1,0,0,0,0,34
95042,21,adaptive-prasle,2088,1,0,0,34,0,476,0,1,21,92954,2088,0,35,0,0,0,LEADER,1,0,0,0,0,34
95218,29,adaptive-prasle,2265,1,0,0,34,0,476,0,1,29,92953,2265,0,35,0,0,0,LEADER,1,0,0,0,0,34
94794,100,adaptive-prasle,1841,1,0,0,34,0,476,0,1,100,92953,1841,0,35,0,0,0,LEADER,1,0,0,0,0,34
94639,61,adaptive-prasle,1686,1,0,0,34,0,476,0,1,61,92953,1686,0,35,0,0,0,LEADER,1,0,0,0,0,34
95203,91,adaptive-prasle,2250,1,0,0,34,0,476,0,1,91,92953,2250,0,35,0,0,0,LEADER,1,0,0,0,0,34
95163,37,adaptive-prasle,2210,1,0,0,34,0,476,0,1,37,92953,2210,0,35,0,0,0,LEADER,1,0,0,0,0,34
94706,38,adaptive-prasle,1755,1,0,0,34,0,476,0,1,38,92951,1755,0,35,0,0,0,LEADER,1,0,0,0,0,34
95372,98,adaptive-prasle,2419,1,0,0,34,0,476,0,1,98,92953,2419,0,35,0,0,0,LEADER,1,0,0,0,0,34
95231,27,adaptive-prasle,2280,1,0,0,34,0,476,0,1,27,92951,2280,0,35,0,0,0,LEADER,1,0,0,0,0,34
95081,62,adaptive-prasle,2128,1,0,0,34,0,476,0,1,62,92953,2128,0,35,0,0,0,LEADER,1,0,0,0,0,34
94890,56,adaptive-prasle,1937,1,0,0,34,0,476,0,1,56,92953,1937,0,35,0,0,0,LEADER,1,0,0,0,0,34
95278,99,adaptive-prasle,2328,1,0,0,34,0,476,0,1,99,92950,2328,0,35,0,0,0,LEADER,1,0,0,0,0,34
95155,48,adaptive-prasle,2202,1,0,0,34,0,476,0,1,48,92953,2202,0,35,0,0,0,LEADER,1,0,0,0,0,34
94672,71,adaptive-prasle,1719,1,0,0,34,0,476,0,1,71,92953,1719,0,35,0,0,0,LEADER,1,0,0,0,0,34
94897,87,adaptive-prasle,1944,1,0,0,34,0,476,0,1,87,92953,1944,0,35,0,0,0,LEADER,1,0,0,0,0,34
94823,36,adaptive-prasle,1870,1,0,0,34,0,476,0,1,36,92953,1870,0,35,0,0,0,LEADER,1,0,0,0,0,34
95320,77,adaptive-prasle,1446,1,0,0,35,0,490,0,1,77,93874,1446,0,36,0,0,0,LEADER,1,0,0,0,0,35
95513,83,adaptive-prasle,1637,1,0,0,35,0,490,0,1,83,93876,1637,0,36,0,0,0,LEADER,1,0,0,0,0,35
95012,85,adaptive-prasle,2059,1,0,0,34,0,476,0,1,85,92953,2059,0,35,0,0,0,LEADER,1,0,0,0,0,34
95541,19,adaptive-prasle,1667,1,0,0,35,0,490,0,1,19,93874,1667,0,36,0,0,0,LEADER,1,0,0,0,0,35
95696,65,adaptive-prasle,1822,1,0,0,35,0,490,0,1,65,93874,1822,0,36,0,0,0,LEADER,1,0,0,0,0,35
95302,35,adaptive-prasle,1428,1,0,0,35,0,490,0,1,35,93874,1428,0,36,0,0,0,LEADER,1,0,0,0,0,35
95317,86,adaptive-prasle,1443,1,0,0,35,0,490,0,1,86,93874,1443,0,36,0,0,0,LEADER,1,0,0,0,0,35
95359,50,adaptive-prasle,2406,1,0,0,34,0,476,0,1,50,92953,2406,0,35,0,0,0,LEADER,1,0,0,0,0,34
95375,55,adaptive-prasle,1501,1,0,0,35,0,490,0,1,55,93874,1501,0,36,0,0,0,LEADER,1,0,0,0,0,35
95414,63,adaptive-prasle,1540,1,0,0,35,0,490,0,1,63,93874,1540,0,36,0,0,0,LEADER,1,0,0,0,0,35
95778,46,adaptive-prasle,1904,1,0,0,35,0,490,0,1,46,93874,1904,0,36,0,0,0,LEADER,1,0,0,0,0,35
95573,53,adaptive-prasle,1701,1,0,0,35,0,490,0,1,53,93872,1701,0,36,0,0,0,LEADER,1,0,0,0,0,35
94927,23,adaptive-prasle,1974,1,0,0,34,0,476,0,1,23,92953,1974,0,35,0,0,0,LEADER,1,0,0,0,0,34
95796,88,adaptive-prasle,1922,1,0,0,35,0,490,0,1,88,93874,1922,0,36,0,0,0,LEADER,1,0,0,0,0,35
95323,34,adaptive-prasle,1449,1,0,0,35,0,490,0,1,34,93874,1449,0,36,0,0,0,LEADER,1,0,0,0,0,35
94930,97,adaptive-prasle,1977,1,0,0,34,0,476,0,1,97,92953,1977,0,35,0,0,0,LEADER,1,0,0,0,0,34
95050,20,adaptive-prasle,2095,1,0,0,34,0,476,0,1,20,92955,2095,0,35,0,0,0,LEADER,1,0,0,0,0,34
95130,40,adaptive-prasle,2177,1,0,0,34,0,476,0,1,40,92953,2177,0,35,0,0,0,LEADER,1,0,0,0,0,34
95053,47,adaptive-prasle,2100,1,0,0,34,0,476,0,1,47,92953,2100,0,35,0,0,0,LEADER,1,0,0,0,0,34
95966,95,adaptive-prasle,2092,1,0,0,35,0,490,0,1,95,93874,2092,0,36,0,0,0,LEADER,1,0,0,0,0,35
95348,25,adaptive-prasle,2395,1,0,0,34,0,476,0,1,25,92953,2395,0,35,0,0,0,LEADER,1,0,0,0,0,34
95954,84,adaptive-prasle,2080,1,0,0,35,0,490,0,1,84,93874,2080,0,36,0,0,0,LEADER,1,0,0,0,0,35
95230,70,adaptive-prasle,2277,1,0,0,34,0,476,0,1,70,92953,2277,0,35,0,0,0,LEADER,1,0,0,0,0,34
95148,82,adaptive-prasle,2195,1,0,0,34,0,476,0,1,82,92953,2195,0,35,0,0,0,LEADER,1,0,0,0,0,34
95366,67,adaptive-prasle,2413,1,0,0,34,0,476,0,1,67,92953,2413,0,35,0,0,0,LEADER,1,0,0,0,0,34
95318,89,adaptive-prasle,2365,1,0,0,34,0,476,0,1,89,92953,2365,0,35,0,0,0,LEADER,1,0,0,0,0,34
95987,28,adaptive-prasle,2113,1,0,0,35,0,490,0,1,28,93874,2113,0,36,0,0,0,LEADER,1,0,0,0,0,35
95729,68,adaptive-prasle,1855,1,0,0,35,0,490,0,1,68,93874,1855,0,36,0,0,0,LEADER,1,0,0,0,0,35
95681,90,adaptive-prasle,1807,1,0,0,35,0,490,0,1,90,93874,1807,0,36,0,0,0,LEADER,1,0,0,0,0,35
95342,76,adaptive-prasle,1468,1,0,0,35,0,490,0,1,76,93874,1468,0,36,0,0,0,LEADER,1,0,0,0,0,35
95663,10,adaptive-prasle,1789,1,0,0,35,0,490,0,1,10,93874,1789,0,36,0,0,0,LEADER,1,0,0,0,0,35
96095,58,adaptive-prasle,2221,1,0,0,35,0,490,0,1,58,93874,2221,0,36,0,0,0,LEADER,1,0,0,0,0,35
95478,73,adaptive-prasle,1604,1,0,0,35,0,490,0,1,73,93874,1604,0,36,0,0,0,LEADER,1,0,0,0,0,35
95218,59,adaptive-prasle,2265,1,0,0,34,0,476,0,1,59,92953,2265,0,35,0,0,0,LEADER,1,0,0,0,0,34
95493,41,adaptive-prasle,1619,1,0,0,35,0,490,0,1,41,93874,1619,0,36,0,0,0,LEADER,1,0,0,0,0,35
95408,96,adaptive-prasle,1534,1,0,0,35,0,490,0,1,96,93874,1534,0,36,0,0,0,LEADER,1,0,0,0,0,35
95641,49,adaptive-prasle,1767,1,0,0,35,0,490,0,1,49,93874,1767,0,36,0,0,0,LEADER,1,0,0,0,0,35
95710,74,adaptive-prasle,1837,1,0,0,35,0,490,0,1,74,93873,1837,0,36,0,0,0,LEADER,1,0,0,0,0,35
96102,92,adaptive-prasle,2228,1,0,0,35,0,490,0,1,92,93874,2228,0,36,0,0,0,LEADER,1,0,0,0,0,35
95308,66,adaptive-prasle,1434,1,0,0,35,0,490,0,1,66,93874,1434,0,36,0,0,0,LEADER,1,0,0,0,0,35
95333,57,adaptive-prasle,2380,1,0,0,34,0,476,0,1,57,92953,2380,0,35,0,0,0,LEADER,1,0,0,0,0,34
96134,78,adaptive-prasle,2260,1,0,0,35,0,490,0,1,78,93874,2260,0,36,0,0,0,LEADER,1,0,0,0,0,35
95299,39,adaptive-prasle,2346,1,0,0,34,0,476,0,1,39,92953,2346,0,35,0,0,0,LEADER,1,0,0,0,0,34
96017,30,adaptive-prasle,2143,1,0,0,35,0,490,0,1,30,93874,2143,0,36,0,0,0,LEADER,1,0,0,0,0,35
95423,64,adaptive-prasle,1549,1,0,0,35,0,490,0,1,64,93874,1549,0,36,0,0,0,LEADER,1,0,0,0,0,35
95648,80,adaptive-prasle,1774,1,0,0,35,0,490,0,1,80,93874,1774,0,36,0,0,0,LEADER,1,0,0,0,0,35
95388,54,adaptive-prasle,1516,1,0,0,35,0,490,0,1,54,93872,1516,0,36,0,0,0,LEADER,1,0,0,0,0,35
95914,43,adaptive-prasle,2040,1,0,0,35,0,490,0,1,43,93874,2040,0,36,0,0,0,LEADER,1,0,0,0,0,35
95834,26,adaptive-prasle,1960,1,0,0,35,0,490,0,1,26,93874,1960,0,36,0,0,0,LEADER,1,0,0,0,0,35
95464,42,adaptive-prasle,1591,1,0,0,35,0,490,0,1,42,93873,1591,0,36,0,0,0,LEADER,1,0,0,0,0,35
95472,31,adaptive-prasle,1598,1,0,0,35,0,490,0,1,31,93874,1598,0,36,0,0,0,LEADER,1,0,0,0,0,35
96229,94,adaptive-prasle,2355,1,0,0,35,0,490,0,1,94,93874,2355,0,36,0,0,0,LEADER,1,0,0,0,0,35
95799,45,adaptive-prasle,1925,1,0,0,35,0,490,0,1,45,93874,1925,0,36,0,0,0,LEADER,1,0,0,0,0,35
96172,60,adaptive-prasle,2298,1,0,0,35,0,490,0,1,60,93874,2298,0,36,0,0,0,LEADER,1,0,0,0,0,35
96277,44,adaptive-prasle,1483,1,0,0,35,0,490,0,1,44,94794,1483,0,36,0,0,0,LEADER,1,0,0,0,0,35
95881,33,adaptive-prasle,2007,1,0,0,35,0,490,0,1,33,93874,2007,0,36,0,0,0,LEADER,1,0,0,0,0,35
95526,51,adaptive-prasle,1652,1,0,0,35,0,490,0,1,51,93874,1652,0,36,0,0,0,LEADER,1,0,0,0,0,35
96325,22,adaptive-prasle,1531,1,0,0,35,0,490,0,1,22,94794,1531,0,36,0,0,0,LEADER,1,0,0,0,0,35
96036,72,adaptive-prasle,2162,1,0,0,35,0,490,0,1,72,93874,2162,0,36,0,0,0,LEADER,1,0,0,0,0,35
95826,24,adaptive-prasle,1952,1,0,0,35,0,490,0,1,24,93874,1952,0,36,0,0,0,LEADER,1,0,0,0,0,35
96358,32,adaptive-prasle,1564,1,0,0,35,0,490,0,1,32,94794,1564,0,36,0,0,0,LEADER,1,0,0,0,0,35
95545,93,adaptive-prasle,1671,1,0,0,35,0,490,0,1,93,93874,1671,0,36,0,0,0,LEADER,1,0,0,0,0,35
96217,69,adaptive-prasle,2343,1,0,0,35,0,490,0,1,69,93874,2343,0,36,0,0,0,LEADER,1,0,0,0,0,35
96205,79,adaptive-prasle,2331,1,0,0,35,0,490,0,1,79,93874,2331,0,36,0,0,0,LEADER,1,0,0,0,0,35
95899,75,adaptive-prasle,2025,1,0,0,35,0,490,0,1,75,93874,2025,0,36,0,0,0,LEADER,1,0,0,0,0,35
95626,81,adaptive-prasle,1752,1,0,0,35,0,490,0,1,81,93874,1752,0,36,0,0,0,LEADER,1,0,0,0,0,35
95484,52,adaptive-prasle,1610,1,0,0,35,0,490,0,1,52,93874,1610,0,36,0,0,0,LEADER,1,0,0,0,0,35
96139,29,adaptive-prasle,2265,1,0,0,35,0,490,0,1,29,93874,2265,0,36,0,0,0,LEADER,1,0,0,0,0,35
95963,21,adaptive-prasle,2088,1,0,0,35,0,490,0,1,21,93875,2088,0,36,0,0,0,LEADER,1,0,0,0,0,35
95715,100,adaptive-prasle,1841,1,0,0,35,0,490,0,1,100,93874,1841,0,36,0,0,0,LEADER,1,0,0,0,0,35
95560,61,adaptive-prasle,1686,1,0,0,35,0,490,0,1,61,93874,1686,0,36,0,0,0,LEADER,1,0,0,0,0,35
96124,91,adaptive-prasle,2250,1,0,0,35,0,490,0,1,91,93874,2250,0,36,0,0,0,LEADER,1,0,0,0,0,35
96084,37,adaptive-prasle,2210,1,0,0,35,0,490,0,1,37,93874,2210,0,36,0,0,0,LEADER,1,0,0,0,0,35
95627,38,adaptive-prasle,1755,1,0,0,35,0,490,0,1,38,93872,1755,0,36,0,0,0,LEADER,1,0,0,0,0,35
95683,3,adaptive-prasle,1603,1,0,0,7,14,98,196,2,3,94080,1603,0,6,0,0,0,LEADER,1,0,0,0,0,7
96293,98,adaptive-prasle,2419,1,0,0,35,0,490,0,1,98,93874,2419,0,36,0,0,0,LEADER,1,0,0,0,0,35
96152,27,adaptive-prasle,2280,1,0,0,35,0,490,0,1,27,93872,2280,0,36,0,0,0,LEADER,1,0,0,0,0,35
96002,62,adaptive-prasle,2128,1,0,0,35,0,490,0,1,62,93874,2128,0,36,0,0,0,LEADER,1,0,0,0,0,35
95811,56,adaptive-prasle,1937,1,0,0,35,0,490,0,1,56,93874,1937,0,36,0,0,0,LEADER,1,0,0,0,0,35
96199,99,adaptive-prasle,2328,1,0,0,35,0,490,0,1,99,93871,2328,0,36,0,0,0,LEADER,1,0,0,0,0,35
96076,48,adaptive-prasle,2202,1,0,0,35,0,490,0,1,48,93874,2202,0,36,0,0,0,LEADER,1,0,0,0,0,35
95593,71,adaptive-prasle,1719,1,0,0,35,0,490,0,1,71,93874,1719,0,36,0,0,0,LEADER,1,0,0,0,0,35
95818,87,adaptive-prasle,1944,1,0,0,35,0,490,0,1,87,93874,1944,0,36,0,0,0,LEADER,1,0,0,0,0,35
95744,36,adaptive-prasle,1870,1,0,0,35,0,490,0,1,36,93874,1870,0,36,0,0,0,LEADER,1,0,0,0,0,35
96026,4,adaptive-prasle,2030,1,0,0,8,16,112,224,5,4,93996,2030,0,6,0,0,0,LEADER,1,0,0,0,0,8
96240,77,adaptive-prasle,1446,1,0,0,35,0,490,0,1,77,94794,1446,0,36,0,0,0,LEADER,1,0,0,0,0,35
96433,83,adaptive-prasle,1637,1,0,0,35,0,490,0,1,83,94796,1637,0,36,0,0,0,LEADER,1,0,0,0,0,35
95933,85,adaptive-prasle,2059,1,0,0,35,0,490,0,1,85,93874,2059,0,36,0,0,0,LEADER,1,0,0,0,0,35
96461,19,adaptive-prasle,1667,1,0,0,35,0,490,0,1,19,94794,1667,0,36,0,0,0,LEADER,1,0,0,0,0,35
96616,65,adaptive-prasle,1822,1,0,0,35,0,490,0,1,65,94794,1822,0,36,0,0,0,LEADER,1,0,0,0,0,35
96222,35,adaptive-prasle,1428,1,0,0,35,0,490,0,1,35,94794,1428,0,36,0,0,0,LEADER,1,0,0,0,0,35
96237,86,adaptive-prasle,1443,1,0,0,35,0,490,0,1,86,94794,1443,0,36,0,0,0,LEADER,1,0,0,0,0,35
96280,50,adaptive-prasle,2406,1,0,0,35,0,490,0,1,50,93874,2406,0,36,0,0,0,LEADER,1,0,0,0,0,35
96295,55,adaptive-prasle,1501,1,0,0,35,0,490,0,1,55,94794,1501,0,36,0,0,0,LEADER,1,0,0,0,0,35
96334,63,adaptive-prasle,1540,1,0,0,35,0,490,0,1,63,94794,1540,0,36,0,0,0,LEADER,1,0,0,0,0,35
96698,46,adaptive-prasle,1904,1,0,0,35,0,490,0,1,46,94794,1904,0,36,0,0,0,LEADER,1,0,0,0,0,35
96493,53,adaptive-prasle,1701,1,0,0,35,0,490,0,1,53,94792,1701,0,36,0,0,0,LEADER,1,0,0,0,0,35
95848,23,adaptive-prasle,1974,1,0,0,35,0,490,0,1,23,93874,1974,0,36,0,0,0,LEADER,1,0,0,0,0,35
96716,88,adaptive-prasle,1922,1,0,0,35,0,490,0,1,88,94794,1922,0,36,0,0,0,LEADER,1,0,0,0,0,35
96243,34,adaptive-prasle,1449,1,0,0,35,0,490,0,1,34,94794,1449,0,36,0,0,0,LEADER,1,0,0,0,0,35
95851,97,adaptive-prasle,1977,1,0,0,35,0,490,0,1,97,93874,1977,0,36,0,0,0,LEADER,1,0,0,0,0,35
95971,20,adaptive-prasle,2095,1,0,0,35,0,490,0,1,20,93876,2095,0,36,0,0,0,LEADER,1,0,0,0,0,35
96051,40,adaptive-prasle,2177,1,0,0,35,0,490,0,1,40,93874,2177,0,36,0,0,0,LEADER,1,0,0,0,0,35
95974,47,adaptive-prasle,2100,1,0,0,35,0,490,0,1,47,93874,2100,0,36,0,0,0,LEADER,1,0,0,0,0,35
96886,95,adaptive-prasle,2092,1,0,0,35,0,490,0,1,95,94794,2092,0,36,0,0,0,LEADER,1,0,0,0,0,35
96269,25,adaptive-prasle,2395,1,0,0,35,0,490,0,1,25,93874,2395,0,36,0,0,0,LEADER,1,0,0,0,0,35
96874,84,adaptive-prasle,2080,1,0,0,35,0,490,0,1,84,94794,2080,0,36,0,0,0,LEADER,1,0,0,0,0,35
96151,70,adaptive-prasle,2277,1,0,0,35,0,490,0,1,70,93874,2277,0,36,0,0,0,LEADER,1,0,0,0,0,35
96069,82,adaptive-prasle,2195,1,0,0,35,0,490,0,1,82,93874,2195,0,36,0,0,0,LEADER,1,0,0,0,0,35
96287,67,adaptive-prasle,2413,1,0,0,35,0,490,0,1,67,93874,2413,0,36,0,0,0,LEADER,1,0,0,0,0,35
96239,89,adaptive-prasle,2365,1,0,0,35,0,490,0,1,89,93874,2365,0,36,0,0,0,LEADER,1,0,0,0,0,35
96907,28,adaptive-prasle,2113,1,0,0,35,0,490,0,1,28,94794,2113,0,36,0,0,0,LEADER,1,0,0,0,0,35
96649,68,adaptive-prasle,1855,1,0,0,35,0,490,0,1,68,94794,1855,0,36,0,0,0,LEADER,1,0,0,0,0,35
96601,90,adaptive-prasle,1807,1,0,0,35,0,490,0,1,90,94794,1807,0,36,0,0,0,LEADER,1,0,0,0,0,35
96262,76,adaptive-prasle,1468,1,0,0,35,0,490,0,1,76,94794,1468,0,36,0,0,0,LEADER,1,0,0,0,0,35
96583,10,adaptive-prasle,1789,1,0,0,35,0,490,0,1,10,94794,1789,0,36,0,0,0,LEADER,1,0,0,0,0,35
97015,58,adaptive-prasle,2221,1,0,0,35,0,490,0,1,58,94794,2221,0,36,0,0,0,LEADER,1,0,0,0,0,35
96944,9,adaptive-prasle,1889,1,0,0,12,11,168,154,4,5,95055,1889,0,5,0,0,0,NORMAL,0,0,0,0,0,12
96398,73,adaptive-prasle,1604,1,0,0,35,0,490,0,1,73,94794,1604,0,36,0,0,0,LEADER,1,0,0,0,0,35
96139,59,adaptive-prasle,2265,1,0,0,35,0,490,0,1,59,93874,2265,0,36,0,0,0,LEADER,1,0,0,0,0,35
96413,41,adaptive-prasle,1619,1,0,0,35,0,490,0,1,41,94794,1619,0,36,0,0,0,LEADER,1,0,0,0,0,35
96328,96,adaptive-prasle,1534,1,0,0,35,0,490,0,1,96,94794,1534,0,36,0,0,0,LEADER,1,0,0,0,0,35
96561,49,adaptive-prasle,1767,1,0,0,35,0,490,0,1,49,94794,1767,0,36,0,0,0,LEADER,1,0,0,0,0,35
96630,74,adaptive-prasle,1837,1,0,0,35,0,490,0,1,74,94793,1837,0,36,0,0,0,LEADER,1,0,0,0,0,35
97022,92,adaptive-prasle,2228,1,0,0,35,0,490,0,1,92,94794,2228,0,36,0,0,0,LEADER,1,0,0,0,0,35
96230,66,adaptive-prasle,1434,1,0,0,35,0,490,0,1,66,94796,1434,0,36,0,0,0,LEADER,1,0,0,0,0,35
96254,57,adaptive-prasle,2380,1,0,0,35,0,490,0,1,57,93874,2380,0,36,0,0,0,LEADER,1,0,0,0,0,35
97054,78,adaptive-prasle,2260,1,0,0,35,0,490,0,1,78,94794,2260,0,36,0,0,0,LEADER,1,0,0,0,0,35
96220,39,adaptive-prasle,2346,1,0,0,35,0,490,0,1,39,93874,2346,0,36,0,0,0,LEADER,1,0,0,0,0,35
96937,30,adaptive-prasle,2143,1,0,0,35,0,490,0,1,30,94794,2143,0,36,0,0,0,LEADER,1,0,0,0,0,35
96343,64,adaptive-prasle,1549,1,0,0,35,0,490,0,1,64,94794,1549,0,36,0,0,0,LEADER,1,0,0,0,0,35
96568,80,adaptive-prasle,1774,1,0,0,35,0,490,0,1,80,94794,1774,0,36,0,0,0,LEADER,1,0,0,0,0,35
96308,54,adaptive-prasle,1516,1,0,0,35,0,490,0,1,54,94792,1516,0,36,0,0,0,LEADER,1,0,0,0,0,35
96834,43,adaptive-prasle,2040,1,0,0,35,0,490,0,1,43,94794,2040,0,36,0,0,0,LEADER,1,0,0,0,0,35
96754,26,adaptive-prasle,1960,1,0,0,35,0,490,0,1,26,94794,1960,0,36,0,0,0,LEADER,1,0,0,0,0,35
96384,42,adaptive-prasle,1591,1,0,0,35,0,490,0,1,42,94793,1591,0,36,0,0,0,LEADER,1,0,0,0,0,35
96392,31,adaptive-prasle,1598,1,0,0,35,0,490,0,1,31,94794,1598,0,36,0,0,0,LEADER,1,0,0,0,0,35
97149,94,adaptive-prasle,2355,1,0,0,35,0,490,0,1,94,94794,2355,0,36,0,0,0,LEADER,1,0,0,0,0,35
96719,45,adaptive-prasle,1925,1,0,0,35,0,490,0,1,45,94794,1925,0,36,0,0,0,LEADER,1,0,0,0,0,35
97092,60,adaptive-prasle,2298,1,0,0,35,0,490,0,1,60,94794,2298,0,36,0,0,0,LEADER,1,0,0,0,0,35
97197,44,adaptive-prasle,1483,1,0,0,35,0,490,0,1,44,95714,1483,0,36,0,0,0,LEADER,1,0,0,0,0,35
96801,33,adaptive-prasle,2007,1,0,0,35,0,490,0,1,33,94794,2007,0,36,0,0,0,LEADER,1,0,0,0,0,35
96446,51,adaptive-prasle,1652,1,0,0,35,0,490,0,1,51,94794,1652,0,36,0,0,0,LEADER,1,0,0,0,0,35
97245,22,adaptive-prasle,1531,1,0,0,35,0,490,0,1,22,95714,1531,0,36,0,0,0,LEADER,1,0,0,0,0,35
96956,72,adaptive-prasle,2162,1,0,0,35,0,490,0,1,72,94794,2162,0,36,0,0,0,LEADER,1,0,0,0,0,35
96746,24,adaptive-prasle,1952,1,0,0,35,0,490,0,1,24,94794,1952,0,36,0,0,0,LEADER,1,0,0,0,0,35
97278,32,adaptive-prasle,1564,1,0,0,35,0,490,0,1,32,95714,1564,0,36,0,0,0,LEADER,1,0,0,0,0,35
96465,93,adaptive-prasle,1671,1,0,0,35,0,490,0,1,93,94794,1671,0,36,0,0,0,LEADER,1,0,0,0,0,35
97137,69,adaptive-prasle,2343,1,0,0,35,0,490,0,1,69,94794,2343,0,36,0,0,0,LEADER,1,0,0,0,0,35
97125,79,adaptive-prasle,2331,1,0,0,35,0,490,0,1,79,94794,2331,0,36,0,0,0,LEADER,1,0,0,0,0,35
96819,75,adaptive-prasle,2025,1,0,0,35,0,490,0,1,75,94794,2025,0,36,0,0,0,LEADER,1,0,0,0,0,35
96546,81,adaptive-prasle,1752,1,0,0,35,0,490,0,1,81,94794,1752,0,36,0,0,0,LEADER,1,0,0,0,0,35
96404,52,adaptive-prasle,1610,1,0,0,35,0,490,0,1,52,94794,1610,0,36,0,0,0,LEADER,1,0,0,0,0,35
96883,21,adaptive-prasle,2088,1,0,0,35,0,490,0,1,21,94795,2088,0,36,0,0,0,LEADER,1,0,0,0,0,35
97059,29,adaptive-prasle,2265,1,0,0,35,0,490,0,1,29,94794,2265,0,36,0,0,0,LEADER,1,0,0,0,0,35
96635,100,adaptive-prasle,1841,1,0,0,35,0,490,0,1,100,94794,1841,0,36,0,0,0,LEADER,1,0,0,0,0,35
96480,61,adaptive-prasle,1686,1,0,0,35,0,490,0,1,61,94794,1686,0,36,0,0,0,LEADER,1,0,0,0,0,35
97044,91,adaptive-prasle,2250,1,0,0,35,0,490,0,1,91,94794,2250,0,36,0,0,0,LEADER,1,0,0,0,0,35
97004,37,adaptive-prasle,2210,1,0,0,35,0,490,0,1,37,94794,2210,0,36,0,0,0,LEADER,1,0,0,0,0,35
96547,38,adaptive-prasle,1755,1,0,0,35,0,490,0,1,38,94792,1755,0,36,0,0,0,LEADER,1,0,0,0,0,35
97213,98,adaptive-prasle,2419,1,0,0,35,0,490,0,1,98,94794,2419,0,36,0,0,0,LEADER,1,0,0,0,0,35
97072,27,adaptive-prasle,2280,1,0,0,35,0,490,0,1,27,94792,2280,0,36,0,0,0,LEADER,1,0,0,0,0,35
96922,62,adaptive-prasle,2128,1,0,0,35,0,490,0,1,62,94794,2128,0,36,0,0,0,LEADER,1,0,0,0,0,35
96731,56,adaptive-prasle,1937,1,0,0,35,0,490,0,1,56,94794,1937,0,36,0,0,0,LEADER,1,0,0,0,0,35
97119,99,adaptive-prasle,2328,1,0,0,35,0,490,0,1,99,94791,2328,0,36,0,0,0,LEADER,1,0,0,0,0,35
96996,48,adaptive-prasle,2202,1,0,0,35,0,490,0,1,48,94794,2202,0,36,0,0,0,LEADER,1,0,0,0,0,35
96804,8,adaptive-prasle,2217,1,0,0,11,23,154,322,3,5,94587,2217,0,5,0,0,0,NORMAL,0,0,0,0,0,11
96513,71,adaptive-prasle,1719,1,0,0,35,0,490,0,1,71,94794,1719,0,36,0,0,0,LEADER,1,0,0,0,0,35
96738,87,adaptive-prasle,1944,1,0,0,35,0,490,0,1,87,94794,1944,0,36,0,0,0,LEADER,1,0,0,0,0,35
96664,36,adaptive-prasle,1870,1,0,0,35,0,490,0,1,36,94794,1870,0,36,0,0,0,LEADER,1,0,0,0,0,35
97160,77,adaptive-prasle,1446,1,0,0,35,0,490,0,1,77,95714,1446,0,36,0,0,0,LEADER,1,0,0,0,0,35
97353,83,adaptive-prasle,1637,1,0,0,35,0,490,0,1,83,95716,1637,0,36,0,0,0,LEADER,1,0,0,0,0,35
96853,85,adaptive-prasle,2059,1,0,0,35,0,490,0,1,85,94794,2059,0,36,0,0,0,LEADER,1,0,0,0,0,35
97381,19,adaptive-prasle,1667,1,0,0,35,0,490,0,1,19,95714,1667,0,36,0,0,0,LEADER,1,0,0,0,0,35
97536,65,adaptive-prasle,1822,1,0,0,35,0,490,0,1,65,95714,1822,0,36,0,0,0,LEADER,1,0,0,0,0,35
97142,35,adaptive-prasle,1428,1,0,0,35,0,490,0,1,35,95714,1428,0,36,0,0,0,LEADER,1,0,0,0,0,35
97157,86,adaptive-prasle,1443,1,0,0,35,0,490,0,1,86,95714,1443,0,36,0,0,0,LEADER,1,0,0,0,0,35
97200,50,adaptive-prasle,2406,1,0,0,35,0,490,0,1,50,94794,2406,0,36,0,0,0,LEADER,1,0,0,0,0,35
97215,55,adaptive-prasle,1501,1,0,0,35,0,490,0,1,55,95714,1501,0,36,0,0,0,LEADER,1,0,0,0,0,35
97254,63,adaptive-prasle,1540,1,0,0,35,0,490,0,1,63,95714,1540,0,36,0,0,0,LEADER,1,0,0,0,0,35
97618,46,adaptive-prasle,1904,1,0,0,35,0,490,0,1,46,95714,1904,0,36,0,0,0,LEADER,1,0,0,0,0,35
97413,53,adaptive-prasle,1701,1,0,0,35,0,490,0,1,53,95712,1701,0,36,0,0,0,LEADER,1,0,0,0,0,35
96768,23,adaptive-prasle,1974,1,0,0,35,0,490,0,1,23,94794,1974,0,36,0,0,0,LEADER,1,0,0,0,0,35
97636,88,adaptive-prasle,1922,1,0,0,35,0,490,0,1,88,95714,1922,0,36,0,0,0,LEADER,1,0,0,0,0,35
97163,34,adaptive-prasle,1449,1,0,0,35,0,490,0,1,34,95714,1449,0,36,0,0,0,LEADER,1,0,0,0,0,35
96771,97,adaptive-prasle,1977,1,0,0,35,0,490,0,1,97,94794,1977,0,36,0,0,0,LEADER,1,0,0,0,0,35
96891,20,adaptive-prasle,2095,1,0,0,35,0,490,0,1,20,94796,2095,0,36,0,0,0,LEADER,1,0,0,0,0,35
96971,40,adaptive-prasle,2177,1,0,0,35,0,490,0,1,40,94794,2177,0,36,0,0,0,LEADER,1,0,0,0,0,35
96894,47,adaptive-prasle,2100,1,0,0,35,0,490,0,1,47,94794,2100,0,36,0,0,0,LEADER,1,0,0,0,0,35
97806,95,adaptive-prasle,2092,1,0,0,35,0,490,0,1,95,95714,2092,0,36,0,0,0,LEADER,1,0,0,0,0,35
97189,25,adaptive-prasle,2395,1,0,0,35,0,490,0,1,25,94794,2395,0,36,0,0,0,LEADER,1,0,0,0,0,35
97794,84,adaptive-prasle,2080,1,0,0,35,0,490,0,1,84,95714,2080,0,36,0,0,0,LEADER,1,0,0,0,0,35
97071,70,adaptive-prasle,2277,1,0,0,35,0,490,0,1,70,94794,2277,0,36,0,0,0,LEADER,1,0,0,0,0,35
96989,82,adaptive-prasle,2195,1,0,0,35,0,490,0,1,82,94794,2195,0,36,0,0,0,LEADER,1,0,0,0,0,35
97207,67,adaptive-prasle,2413,1,0,0,35,0,490,0,1,67,94794,2413,0,36,0,0,0,LEADER,1,0,0,0,0,35
97159,89,adaptive-prasle,2365,1,0,0,35,0,490,0,1,89,94794,2365,0,36,0,0,0,LEADER,1,0,0,0,0,35
97827,28,adaptive-prasle,2113,1,0,0,35,0,490,0,1,28,95714,2113,0,36,0,0,0,LEADER,1,0,0,0,0,35
97569,68,adaptive-prasle,1855,1,0,0,35,0,490,0,1,68,95714,1855,0,36,0,0,0,LEADER,1,0,0,0,0,35
97521,90,adaptive-prasle,1807,1,0,0,35,0,490,0,1,90,95714,1807,0,36,0,0,0,LEADER,1,0,0,0,0,35
97182,76,adaptive-prasle,1468,1,0,0,35,0,490,0,1,76,95714,1468,0,36,0,0,0,LEADER,1,0,0,0,0,35
97935,58,adaptive-prasle,2221,1,0,0,35,0,490,0,1,58,95714,2221,0,36,0,0,0,LEADER,1,0,0,0,0,35
97503,10,adaptive-prasle,1789,1,0,0,35,0,490,0,1,10,95714,1789,0,36,0,0,0,LEADER,1,0,0,0,0,35
97318,73,adaptive-prasle,1604,1,0,0,35,0,490,0,1,73,95714,1604,0,36,0,0,0,LEADER,1,0,0,0,0,35
97059,59,adaptive-prasle,2265,1,0,0,35,0,490,0,1,59,94794,2265,0,36,0,0,0,LEADER,1,0,0,0,0,35
97333,41,adaptive-prasle,1619,1,0,0,35,0,490,0,1,41,95714,1619,0,36,0,0,0,LEADER,1,0,0,0,0,35
97248,96,adaptive-prasle,1534,1,0,0,35,0,490,0,1,96,95714,1534,0,36,0,0,0,LEADER,1,0,0,0,0,35
97481,49,adaptive-prasle,1767,1,0,0,35,0,490,0,1,49,95714,1767,0,36,0,0,0,LEADER,1,0,0,0,0,35
97550,74,adaptive-prasle,1837,1,0,0,35,0,490,0,1,74,95713,1837,0,36,0,0,0,LEADER,1,0,0,0,0,35
97942,92,adaptive-prasle,2228,1,0,0,35,0,490,0,1,92,95714,2228,0,36,0,0,0,LEADER,1,0,0,0,0,35
97150,66,adaptive-prasle,1434,1,0,0,35,0,490,0,1,66,95716,1434,0,36,0,0,0,LEADER,1,0,0,0,0,35
97174,57,adaptive-prasle,2380,1,0,0,35,0,490,0,1,57,94794,2380,0,36,0,0,0,LEADER,1,0,0,0,0,35
97974,78,adaptive-prasle,2260,1,0,0,35,0,490,0,1,78,95714,2260,0,36,0,0,0,LEADER,1,0,0,0,0,35
97140,39,adaptive-prasle,2346,1,0,0,35,0,490,0,1,39,94794,2346,0,36,0,0,0,LEADER,1,0,0,0,0,35
97857,30,adaptive-prasle,2143,1,0,0,35,0,490,0,1,30,95714,2143,0,36,0,0,0,LEADER,1,0,0,0,0,35
97263,64,adaptive-prasle,1549,1,0,0,35,0,490,0,1,64,95714,1549,0,36,0,0,0,LEADER,1,0,0,0,0,35
97488,80,adaptive-prasle,1774,1,0,0,35,0,490,0,1,80,95714,1774,0,36,0,0,0,LEADER,1,0,0,0,0,35
97228,54,adaptive-prasle,1516,1,0,0,35,0,490,0,1,54,95712,1516,0,36,0,0,0,LEADER,1,0,0,0,0,35
97754,43,adaptive-prasle,2040,1,0,0,35,0,490,0,1,43,95714,2040,0,36,0,0,0,LEADER,1,0,0,0,0,35
97674,26,adaptive-prasle,1960,1,0,0,35,0,490,0,1,26,95714,1960,0,36,0,0,0,LEADER,1,0,0,0,0,35
97304,42,adaptive-prasle,1591,1,0,0,35,0,490,0,1,42,95713,1591,0,36,0,0,0,LEADER,1,0,0,0,0,35
97312,31,adaptive-prasle,1598,1,0,0,35,0,490,0,1,31,95714,1598,0,36,0,0,0,LEADER,1,0,0,0,0,35
98069,94,adaptive-prasle,2355,1,0,0,35,0,490,0,1,94,95714,2355,0,36,0,0,0,LEADER,1,0,0,0,0,35
97639,45,adaptive-prasle,1925,1,0,0,35,0,490,0,1,45,95714,1925,0,36,0,0,0,LEADER,1,0,0,0,0,35
98012,60,adaptive-prasle,2298,1,0,0,35,0,490,0,1,60,95714,2298,0,36,0,0,0,LEADER,1,0,0,0,0,35
98118,44,adaptive-prasle,1483,1,0,0,36,0,504,0,1,44,96635,1483,0,37,0,0,0,LEADER,1,0,0,0,0,36
97721,33,adaptive-prasle,2007,1,0,0,35,0,490,0,1,33,95714,2007,0,36,0,0,0,LEADER,1,0,0,0,0,35
97366,51,adaptive-prasle,1652,1,0,0,35,0,490,0,1,51,95714,1652,0,36,0,0,0,LEADER,1,0,0,0,0,35
97876,72,adaptive-prasle,2162,1,0,0,35,0,490,0,1,72,95714,2162,0,36,0,0,0,LEADER,1,0,0,0,0,35
98166,22,adaptive-prasle,1531,1,0,0,36,0,504,0,1,22,96635,1531,0,37,0,0,0,LEADER,1,0,0,0,0,36
97666,24,adaptive-prasle,1952,1,0,0,35,0,490,0,1,24,95714,1952,0,36,0,0,0,LEADER,1,0,0,0,0,35
98198,32,adaptive-prasle,1564,1,0,0,36,0,504,0,1,32,96634,1564,0,37,0,0,0,LEADER,1,0,0,0,0,36
97385,93,adaptive-prasle,1671,1,0,0,35,0,490,0,1,93,95714,1671,0,36,0,0,0,LEADER,1,0,0,0,0,35
98057,69,adaptive-prasle,2343,1,0,0,35,0,490,0,1,69,95714,2343,0,36,0,0,0,LEADER,1,0,0,0,0,35
98045,79,adaptive-prasle,2331,1,0,0,35,0,490,0,1,79,95714,2331,0,36,0,0,0,LEADER,1,0,0,0,0,35
97739,75,adaptive-prasle,2025,1,0,0,35,0,490,0,1,75,95714,2025,0,36,0,0,0,LEADER,1,0,0,0,0,35
97466,81,adaptive-prasle,1752,1,0,0,35,0,490,0,1,81,95714,1752,0,36,0,0,0,LEADER,1,0,0,0,0,35
97324,52,adaptive-prasle,1610,1,0,0,35,0,490,0,1,52,95714,1610,0,36,0,0,0,LEADER,1,0,0,0,0,35
97803,21,adaptive-prasle,2088,1,0,0,35,0,490,0,1,21,95715,2088,0,36,0,0,0,LEADER,1,0,0,0,0,35
97979,29,adaptive-prasle,2265,1,0,0,35,0,490,0,1,29,95714,2265,0,36,0,0,0,LEADER,1,0,0,0,0,35
97555,100,adaptive-prasle,1841,1,0,0,35,0,490,0,1,100,95714,1841,0,36,0,0,0,LEADER,1,0,0,0,0,35
97979,6,adaptive-prasle,1797,1,0,0,10,20,140,280,3,5,96182,1797,0,5,0,0,0,NORMAL,0,0,0,0,0,10
97400,61,adaptive-prasle,1686,1,0,0,35,0,490,0,1,61,95714,1686,0,36,0,0,0,LEADER,1,0,0,0,0,35
98182,11,adaptive-prasle,2055,1,0,0,8,5,112,70,4,11,96127,2055,0,6,0,0,0,LEADER,1,0,0,0,0,8
97964,91,adaptive-prasle,2250,1,0,0,35,0,490,0,1,91,95714,2250,0,36,0,0,0,LEADER,1,0,0,0,0,35
97924,37,adaptive-prasle,2210,1,0,0,35,0,490,0,1,37,95714,2210,0,36,0,0,0,LEADER,1,0,0,0,0,35
97467,38,adaptive-prasle,1755,1,0,0,35,0,490,0,1,38,95712,1755,0,36,0,0,0,LEADER,1,0,0,0,0,35
98133,98,adaptive-prasle,2419,1,0,0,35,0,490,0,1,98,95714,2419,0,36,0,0,0,LEADER,1,0,0,0,0,35
97992,27,adaptive-prasle,2280,1,0,0,35,0,490,0,1,27,95712,2280,0,36,0,0,0,LEADER,1,0,0,0,0,35
97842,62,adaptive-prasle,2128,1,0,0,35,0,490,0,1,62,95714,2128,0,36,0,0,0,LEADER,1,0,0,0,0,35
97651,56,adaptive-prasle,1937,1,0,0,35,0,490,0,1,56,95714,1937,0,36,0,0,0,LEADER,1,0,0,0,0,35
98039,99,adaptive-prasle,2328,1,0,0,35,0,490,0,1,99,95711,2328,0,36,0,0,0,LEADER,1,0,0,0,0,35
97916,48,adaptive-prasle,2202,1,0,0,35,0,490,0,1,48,95714,2202,0,36,0,0,0,LEADER,1,0,0,0,0,35
97433,71,adaptive-prasle,1719,1,0,0,35,0,490,0,1,71,95714,1719,0,36,0,0,0,LEADER,1,0,0,0,0,35
97658,87,adaptive-prasle,1944,1,0,0,35,0,490,0,1,87,95714,1944,0,36,0,0,0,LEADER,1,0,0,0,0,35
97584,36,adaptive-prasle,1870,1,0,0,35,0,490,0,1,36,95714,1870,0,36,0,0,0,LEADER,1,0,0,0,0,35
98081,77,adaptive-prasle,1446,1,0,0,36,0,504,0,1,77,96635,1446,0,37,0,0,0,LEADER,1,0,0,0,0,36
98274,83,adaptive-prasle,1637,1,0,0,36,0,504,0,1,83,96637,1637,0,37,0,0,0,LEADER,1,0,0,0,0,36
97773,85,adaptive-prasle,2059,1,0,0,35,0,490,0,1,85,95714,2059,0,36,0,0,0,LEADER,1,0,0,0,0,35
98302,19,adaptive-prasle,1667,1,0,0,36,0,504,0,1,19,96635,1667,0,37,0,0,0,LEADER,1,0,0,0,0,36
98457,65,adaptive-prasle,1822,1,0,0,36,0,504,0,1,65,96635,1822,0,37,0,0,0,LEADER,1,0,0,0,0,36
98063,35,adaptive-prasle,1428,1,0,0,36,0,504,0,1,35,96635,1428,0,37,0,0,0,LEADER,1,0,0,0,0,36
98078,86,adaptive-prasle,1443,1,0,0,36,0,504,0,1,86,96635,1443,0,37,0,0,0,LEADER,1,0,0,0,0,36
98120,50,adaptive-prasle,2406,1,0,0,35,0,490,0,1,50,95714,2406,0,36,0,0,0,LEADER,1,0,0,0,0,35
98136,55,adaptive-prasle,1501,1,0,0,36,0,504,0,1,55,96635,1501,0,37,0,0,0,LEADER,1,0,0,0,0,36
98175,63,adaptive-prasle,1540,1,0,0,36,0,504,0,1,63,96635,1540,0,37,0,0,0,LEADER,1,0,0,0,0,36
98539,46,adaptive-prasle,1904,1,0,0,36,0,504,0,1,46,96635,1904,0,37,0,0,0,LEADER,1,0,0,0,0,36
98334,53,adaptive-prasle,1701,1,0,0,36,0,504,0,1,53,96633,1701,0,37,0,0,0,LEADER,1,0,0,0,0,36
97688,23,adaptive-prasle,1974,1,0,0,35,0,490,0,1,23,95714,1974,0,36,0,0,0,LEADER,1,0,0,0,0,35
98557,88,adaptive-prasle,1922,1,0,0,36,0,504,0,1,88,96635,1922,0,37,0,0,0,LEADER,1,0,0,0,0,36
98084,34,adaptive-prasle,1449,1,0,0,36,0,504,0,1,34,96635,1449,0,37,0,0,0,LEADER,1,0,0,0,0,36
97691,97,adaptive-prasle,1977,1,0,0,35,0,490,0,1,97,95714,1977,0,36,0,0,0,LEADER,1,0,0,0,0,35
97811,20,adaptive-prasle,2095,1,0,0,35,0,490,0,1,20,95716,2095,0,36,0,0,0,LEADER,1,0,0,0,0,35
97891,40,adaptive-prasle,2177,1,0,0,35,0,490,0,1,40,95714,2177,0,36,0,0,0,LEADER,1,0,0,0,0,35
97814,47,adaptive-prasle,2100,1,0,0,35,0,490,0,1,47,95714,2100,0,36,0,0,0,LEADER,1,0,0,0,0,35
98727,95,adaptive-prasle,2092,1,0,0,36,0,504,0,1,95,96635,2092,0,37,0,0,0,LEADER,1,0,0,0,0,36
98109,25,adaptive-prasle,2395,1,0,0,35,0,490,0,1,25,95714,2395,0,36,0,0,0,LEADER,1,0,0,0,0,35
98715,84,adaptive-prasle,2080,1,0,0,36,0,504,0,1,84,96635,2080,0,37,0,0,0,LEADER,1,0,0,0,0,36
97991,70,adaptive-prasle,2277,1,0,0,35,0,490,0,1,70,95714,2277,0,36,0,0,0,LEADER,1,0,0,0,0,35
97909,82,adaptive-prasle,2195,1,0,0,35,0,490,0,1,82,95714,2195,0,36,0,0,0,LEADER,1,0,0,0,0,35
98127,67,adaptive-prasle,2413,1,0,0,35,0,490,0,1,67,95714,2413,0,36,0,0,0,LEADER,1,0,0,0,0,35
98079,89,adaptive-prasle,2365,1,0,0,35,0,490,0,1,89,95714,2365,0,36,0,0,0,LEADER,1,0,0,0,0,35
98748,28,adaptive-prasle,2113,1,0,0,36,0,504,0,1,28,96635,2113,0,37,0,0,0,LEADER,1,0,0,0,0,36
98490,68,adaptive-prasle,1855,1,0,0,36,0,504,0,1,68,96635,1855,0,37,0,0,0,LEADER,1,0,0,0,0,36
98442,90,adaptive-prasle,1807,1,0,0,36,0,504,0,1,90,96635,1807,0,37,0,0,0,LEADER,1,0,0,0,0,36
98103,76,adaptive-prasle,1468,1,0,0,36,0,504,0,1,76,96635,1468,0,37,0,0,0,LEADER,1,0,0,0,0,36
98424,10,adaptive-prasle,1789,1,0,0,36,0,504,0,1,10,96635,1789,0,37,0,0,0,LEADER,1,0,0,0,0,36
98856,58,adaptive-prasle,2221,1,0,0,36,0,504,0,1,58,96635,2221,0,37,0,0,0,LEADER,1,0,0,0,0,36
98239,73,adaptive-prasle,1604,1,0,0,36,0,504,0,1,73,96635,1604,0,37,0,0,0,LEADER,1,0,0,0,0,36
97979,59,adaptive-prasle,2265,1,0,0,35,0,490,0,1,59,95714,2265,0,36,0,0,0,LEADER,1,0,0,0,0,35
98254,41,adaptive-prasle,1619,1,0,0,36,0,504,0,1,41,96635,1619,0,37,0,0,0,LEADER,1,0,0,0,0,36
98169,96,adaptive-prasle,1534,1,0,0,36,0,504,0,1,96,96635,1534,0,37,0,0,0,LEADER,1,0,0,0,0,36
98402,49,adaptive-prasle,1767,1,0,0,36,0,504,0,1,49,96635,1767,0,37,0,0,0,LEADER,1,0,0,0,0,36
98471,74,adaptive-prasle,1837,1,0,0,36,0,504,0,1,74,96634,1837,0,37,0,0,0,LEADER,1,0,0,0,0,36
98863,92,adaptive-prasle,2228,1,0,0,36,0,504,0,1,92,96635,2228,0,37,0,0,0,LEADER,1,0,0,0,0,36
98071,66,adaptive-prasle,1434,1,0,0,36,0,504,0,1,66,96637,1434,0,37,0,0,0,LEADER,1,0,0,0,0,36
98094,57,adaptive-prasle,2380,1,0,0,35,0,490,0,1,57,95714,2380,0,36,0,0,0,LEADER,1,0,0,0,0,35
98895,78,adaptive-prasle,2260,1,0,0,36,0,504,0,1,78,96635,2260,0,37,0,0,0,LEADER,1,0,0,0,0,36
98060,39,adaptive-prasle,2346,1,0,0,35,0,490,0,1,39,95714,2346,0,36,0,0,0,LEADER,1,0,0,0,0,35
98778,30,adaptive-prasle,2143,1,0,0,36,0,504,0,1,30,96635,2143,0,37,0,0,0,LEADER,1,0,0,0,0,36
98184,64,adaptive-prasle,1549,1,0,0,36,0,504,0,1,64,96635,1549,0,37,0,0,0,LEADER,1,0,0,0,0,36
98409,80,adaptive-prasle,1774,1,0,0,36,0,504,0,1,80,96635,1774,0,37,0,0,0,LEADER,1,0,0,0,0,36
98149,54,adaptive-prasle,1516,1,0,0,36,0,504,0,1,54,96633,1516,0,37,0,0,0,LEADER,1,0,0,0,0,36
98675,43,adaptive-prasle,2040,1,0,0,36,0,504,0,1,43,96635,2040,0,37,0,0,0,LEADER,1,0,0,0,0,36
98595,26,adaptive-prasle,1960,1,0,0,36,0,504,0,1,26,96635,1960,0,37,0,0,0,LEADER,1,0,0,0,0,36
98225,42,adaptive-prasle,1591,1,0,0,36,0,504,0,1,42,96634,1591,0,37,0,0,0,LEADER,1,0,0,0,0,36
98233,31,adaptive-prasle,1598,1,0,0,36,0,504,0,1,31,96635,1598,0,37,0,0,0,LEADER,1,0,0,0,0,36
98990,94,adaptive-prasle,2355,1,0,0,36,0,504,0,1,94,96635,2355,0,37,0,0,0,LEADER,1,0,0,0,0,36
98560,45,adaptive-prasle,1925,1,0,0,36,0,504,0,1,45,96635,1925,0,37,0,0,0,LEADER,1,0,0,0,0,36
98933,60,adaptive-prasle,2298,1,0,0,36,0,504,0,1,60,96635,2298,0,37,0,0,0,LEADER,1,0,0,0,0,36
99038,44,adaptive-prasle,1483,1,0,0,36,0,504,0,1,44,97555,1483,0,37,0,0,0,LEADER,1,0,0,0,0,36
98642,33,adaptive-prasle,2007,1,0,0,36,0,504,0,1,33,96635,2007,0,37,0,0,0,LEADER,1,0,0,0,0,36
98287,51,adaptive-prasle,1652,1,0,0,36,0,504,0,1,51,96635,1652,0,37,0,0,0,LEADER,1,0,0,0,0,36
99086,22,adaptive-prasle,1531,1,0,0,36,0,504,0,1,22,97555,1531,0,37,0,0,0,LEADER,1,0,0,0,0,36
98797,72,adaptive-prasle,2162,1,0,0,36,0,504,0,1,72,96635,2162,0,37,0,0,0,LEADER,1,0,0,0,0,36
98587,24,adaptive-prasle,1952,1,0,0,36,0,504,0,1,24,96635,1952,0,37,0,0,0,LEADER,1,0,0,0,0,36
99118,32,adaptive-prasle,1564,1,0,0,36,0,504,0,1,32,97554,1564,0,37,0,0,0,LEADER,1,0,0,0,0,36
98306,93,adaptive-prasle,1671,1,0,0,36,0,504,0,1,93,96635,1671,0,37,0,0,0,LEADER,1,0,0,0,0,36
98978,69,adaptive-prasle,2343,1,0,0,36,0,504,0,1,69,96635,2343,0,37,0,0,0,LEADER,1,0,0,0,0,36
98966,79,adaptive-prasle,2331,1,0,0,36,0,504,0,1,79,96635,2331,0,37,0,0,0,LEADER,1,0,0,0,0,36
98660,75,adaptive-prasle,2025,1,0,0,36,0,504,0,1,75,96635,2025,0,37,0,0,0,LEADER,1,0,0,0,0,36
98387,81,adaptive-prasle,1752,1,0,0,36,0,504,0,1,81,96635,1752,0,37,0,0,0,LEADER,1,0,0,0,0,36
98245,52,adaptive-prasle,1610,1,0,0,36,0,504,0,1,52,96635,1610,0,37,0,0,0,LEADER,1,0,0,0,0,36
98900,29,adaptive-prasle,2265,1,0,0,36,0,504,0,1,29,96635,2265,0,37,0,0,0,LEADER,1,0,0,0,0,36
98724,21,adaptive-prasle,2088,1,0,0,36,0,504,0,1,21,96636,2088,0,37,0,0,0,LEADER,1,0,0,0,0,36
98476,100,adaptive-prasle,1841,1,0,0,36,0,504,0,1,100,96635,1841,0,37,0,0,0,LEADER,1,0,0,0,0,36
98321,61,adaptive-prasle,1686,1,0,0,36,0,504,0,1,61,96635,1686,0,37,0,0,0,LEADER,1,0,0,0,0,36
98885,91,adaptive-prasle,2250,1,0,0,36,0,504,0,1,91,96635,2250,0,37,0,0,0,LEADER,1,0,0,0,0,36
98845,37,adaptive-prasle,2210,1,0,0,36,0,504,0,1,37,96635,2210,0,37,0,0,0,LEADER,1,0,0,0,0,36
98388,38,adaptive-prasle,1755,1,0,0,36,0,504,0,1,38,96633,1755,0,37,0,0,0,LEADER,1,0,0,0,0,36
99199,12,adaptive-prasle,1578,1,0,0,5,6,70,84,3,12,97621,1578,0,4,0,0,0,LEADER,1,0,0,0,0,5
99054,98,adaptive-prasle,2419,1,0,0,36,0,504,0,1,98,96635,2419,0,37,0,0,0,LEADER,1,0,0,0,0,36
98913,27,adaptive-prasle,2280,1,0,0,36,0,504,0,1,27,96633,2280,0,37,0,0,0,LEADER,1,0,0,0,0,36
98763,62,adaptive-prasle,2128,1,0,0,36,0,504,0,1,62,96635,2128,0,37,0,0,0,LEADER,1,0,0,0,0,36
98572,56,adaptive-prasle,1937,1,0,0,36,0,504,0,1,56,96635,1937,0,37,0,0,0,LEADER,1,0,0,0,0,36
98960,99,adaptive-prasle,2328,1,0,0,36,0,504,0,1,99,96632,2328,0,37,0,0,0,LEADER,1,0,0,0,0,36
98837,48,adaptive-prasle,2202,1,0,0,36,0,504,0,1,48,96635,2202,0,37,0,0,0,LEADER,1,0,0,0,0,36
98354,71,adaptive-prasle,1719,1,0,0,36,0,504,0,1,71,96635,1719,0,37,0,0,0,LEADER,1,0,0,0,0,36
98579,87,adaptive-prasle,1944,1,0,0,36,0,504,0,1,87,96635,1944,0,37,0,0,0,LEADER,1,0,0,0,0,36
98505,36,adaptive-prasle,1870,1,0,0,36,0,504,0,1,36,96635,1870,0,37,0,0,0,LEADER,1,0,0,0,0,36
99001,77,adaptive-prasle,1446,1,0,0,36,0,504,0,1,77,97555,1446,0,37,0,0,0,LEADER,1,0,0,0,0,36
99194,83,adaptive-prasle,1637,1,0,0,36,0,504,0,1,83,97557,1637,0,37,0,0,0,LEADER,1,0,0,0,0,36
98694,85,adaptive-prasle,2059,1,0,0,36,0,504,0,1,85,96635,2059,0,37,0,0,0,LEADER,1,0,0,0,0,36
99222,19,adaptive-prasle,1667,1,0,0,36,0,504,0,1,19,97555,1667,0,37,0,0,0,LEADER,1,0,0,0,0,36
99377,65,adaptive-prasle,1822,1,0,0,36,0,504,0,1,65,97555,1822,0,37,0,0,0,LEADER,1,0,0,0,0,36
98983,35,adaptive-prasle,1428,1,0,0,36,0,504,0,1,35,97555,1428,0,37,0,0,0,LEADER,1,0,0,0,0,36
98998,86,adaptive-prasle,1443,1,0,0,36,0,504,0,1,86,97555,1443,0,37,0,0,0,LEADER,1,0,0,0,0,36
99041,50,adaptive-prasle,2406,1,0,0,36,0,504,0,1,50,96635,2406,0,37,0,0,0,LEADER,1,0,0,0,0,36
99056,55,adaptive-prasle,1501,1,0,0,36,0,504,0,1,55,97555,1501,0,37,0,0,0,LEADER,1,0,0,0,0,36
99095,63,adaptive-prasle,1540,1,0,0,36,0,504,0,1,63,97555,1540,0,37,0,0,0,LEADER,1,0,0,0,0,36
99459,46,adaptive-prasle,1904,1,0,0,36,0,504,0,1,46,97555,1904,0,37,0,0,0,LEADER,1,0,0,0,0,36
99254,53,adaptive-prasle,1701,1,0,0,36,0,504,0,1,53,97553,1701,0,37,0,0,0,LEADER,1,0,0,0,0,36
98609,23,adaptive-prasle,1974,1,0,0,36,0,504,0,1,23,96635,1974,0,37,0,0,0,LEADER,1,0,0,0,0,36
99477,88,adaptive-prasle,1922,1,0,0,36,0,504,0,1,88,97555,1922,0,37,0,0,0,LEADER,1,0,0,0,0,36
99004,34,adaptive-prasle,1449,1,0,0,36,0,504,0,1,34,97555,1449,0,37,0,0,0,LEADER,1,0,0,0,0,36
98612,97,adaptive-prasle,1977,1,0,0,36,0,504,0,1,97,96635,1977,0,37,0,0,0,LEADER,1,0,0,0,0,36
98732,20,adaptive-prasle,2095,1,0,0,36,0,504,0,1,20,96637,2095,0,37,0,0,0,LEADER,1,0,0,0,0,36
98812,40,adaptive-prasle,2177,1,0,0,36,0,504,0,1,40,96635,2177,0,37,0,0,0,LEADER,1,0,0,0,0,36
98735,47,adaptive-prasle,2100,1,0,0,36,0,504,0,1,47,96635,2100,0,37,0,0,0,LEADER,1,0,0,0,0,36
99647,95,adaptive-prasle,2092,1,0,0,36,0,504,0,1,95,97555,2092,0,37,0,0,0,LEADER,1,0,0,0,0,36
99030,25,adaptive-prasle,2395,1,0,0,36,0,504,0,1,25,96635,2395,0,37,0,0,0,LEADER,1,0,0,0,0,36
99635,84,adaptive-prasle,2080,1,0,0,36,0,504,0,1,84,97555,2080,0,37,0,0,0,LEADER,1,0,0,0,0,36
98912,70,adaptive-prasle,2277,1,0,0,36,0,504,0,1,70,96635,2277,0,37,0,0,0,LEADER,1,0,0,0,0,36
98830,82,adaptive-prasle,2195,1,0,0,36,0,504,0,1,82,96635,2195,0,37,0,0,0,LEADER,1,0,0,0,0,36
99048,67,adaptive-prasle,2413,1,0,0,36,0,504,0,1,67,96635,2413,0,37,0,0,0,LEADER,1,0,0,0,0,36
99000,89,adaptive-prasle,2365,1,0,0,36,0,504,0,1,89,96635,2365,0,37,0,0,0,LEADER,1,0,0,0,0,36
99668,28,adaptive-prasle,2113,1,0,0,36,0,504,0,1,28,97555,2113,0,37,0,0,0,LEADER,1,0,0,0,0,36
99410,68,adaptive-prasle,1855,1,0,0,36,0,504,0,1,68,97555,1855,0,37,0,0,0,LEADER,1,0,0,0,0,36
99362,90,adaptive-prasle,1807,1,0,0,36,0,504,0,1,90,97555,1807,0,37,0,0,0,LEADER,1,0,0,0,0,36
99023,76,adaptive-prasle,1468,1,0,0,36,0,504,0,1,76,97555,1468,0,37,0,0,0,LEADER,1,0,0,0,0,36
99344,10,adaptive-prasle,1789,1,0,0,36,0,504,0,1,10,97555,1789,0,37,0,0,0,LEADER,1,0,0,0,0,36
99776,58,adaptive-prasle,2221,1,0,0,36,0,504,0,1,58,97555,2221,0,37,0,0,0,LEADER,1,0,0,0,0,36
99159,73,adaptive-prasle,1604,1,0,0,36,0,504,0,1,73,97555,1604,0,37,0,0,0,LEADER,1,0,0,0,0,36
98900,59,adaptive-prasle,2265,1,0,0,36,0,504,0,1,59,96635,2265,0,37,0,0,0,LEADER,1,0,0,0,0,36
99174,41,adaptive-prasle,1619,1,0,0,36,0,504,0,1,41,97555,1619,0,37,0,0,0,LEADER,1,0,0,0,0,36
99089,96,adaptive-prasle,1534,1,0,0,36,0,504,0,1,96,97555,1534,0,37,0,0,0,LEADER,1,0,0,0,0,36
99322,49,adaptive-prasle,1767,1,0,0,36,0,504,0,1,49,97555,1767,0,37,0,0,0,LEADER,1,0,0,0,0,36
99391,74,adaptive-prasle,1837,1,0,0,36,0,504,0,1,74,97554,1837,0,37,0,0,0,LEADER,1,0,0,0,0,36
99783,92,adaptive-prasle,2228,1,0,0,36,0,504,0,1,92,97555,2228,0,37,0,0,0,LEADER,1,0,0,0,0,36
98991,66,adaptive-prasle,1434,1,0,0,36,0,504,0,1,66,97557,1434,0,37,0,0,0,LEADER,1,0,0,0,0,36
99015,57,adaptive-prasle,2380,1,0,0,36,0,504,0,1,57,96635,2380,0,37,0,0,0,LEADER,1,0,0,0,0,36
99815,78,adaptive-prasle,2260,1,0,0,36,0,504,0,1,78,97555,2260,0,37,0,0,0,LEADER,1,0,0,0,0,36
98981,39,adaptive-prasle,2346,1,0,0,36,0,504,0,1,39,96635,2346,0,37,0,0,0,LEADER,1,0,0,0,0,36
99698,30,adaptive-prasle,2143,1,0,0,36,0,504,0,1,30,97555,2143,0,37,0,0,0,LEADER,1,0,0,0,0,36
99104,64,adaptive-prasle,1549,1,0,0,36,0,504,0,1,64,97555,1549,0,37,0,0,0,LEADER,1,0,0,0,0,36
99329,80,adaptive-prasle,1774,1,0,0,36,0,504,0,1,80,97555,1774,0,37,0,0,0,LEADER,1,0,0,0,0,36
99069,54,adaptive-prasle,1516,1,0,0,36,0,504,0,1,54,97553,1516,0,37,0,0,0,LEADER,1,0,0,0,0,36
99595,43,adaptive-prasle,2040,1,0,0,36,0,504,0,1,43,97555,2040,0,37,0,0,0,LEADER,1,0,0,0,0,36
99515,26,adaptive-prasle,1960,1,0,0,36,0,504,0,1,26,97555,1960,0,37,0,0,0,LEADER,1,0,0,0,0,36
99145,42,adaptive-prasle,1591,1,0,0,36,0,504,0,1,42,97554,1591,0,37,0,0,0,LEADER,1,0,0,0,0,36
99153,31,adaptive-prasle,1598,1,0,0,36,0,504,0,1,31,97555,1598,0,37,0,0,0,LEADER,1,0,0,0,0,36
99910,94,adaptive-prasle,2355,1,0,0,36,0,504,0,1,94,97555,2355,0,37,0,0,0,LEADER,1,0,0,0,0,36
99480,45,adaptive-prasle,1925,1,0,0,36,0,504,0,1,45,97555,1925,0,37,0,0,0,LEADER,1,0,0,0,0,36
99853,60,adaptive-prasle,2298,1,0,0,36,0,504,0,1,60,97555,2298,0,37,0,0,0,LEADER,1,0,0,0,0,36
99958,44,adaptive-prasle,1483,1,0,0,36,0,504,0,1,44,98475,1483,0,37,0,0,0,LEADER,1,0,0,0,0,36
99562,33,adaptive-prasle,2007,1,0,0,36,0,504,0,1,33,97555,2007,0,37,0,0,0,LEADER,1,0,0,0,0,36
99207,51,adaptive-prasle,1652,1,0,0,36,0,504,0,1,51,97555,1652,0,37,0,0,0,LEADER,1,0,0,0,0,36
100006,22,adaptive-prasle,1531,1,0,0,36,0,504,0,1,22,98475,1531,0,37,0,0,0,LEADER,1,0,0,0,0,36
99717,72,adaptive-prasle,2162,1,0,0,36,0,504,0,1,72,97555,2162,0,37,0,0,0,LEADER,1,0,0,0,0,36
99507,24,adaptive-prasle,1952,1,0,0,36,0,504,0,1,24,97555,1952,0,37,0,0,0,LEADER,1,0,0,0,0,36
100038,32,adaptive-prasle,1564,1,0,0,36,0,504,0,1,32,98474,1564,0,37,0,0,0,LEADER,1,0,0,0,0,36
99226,93,adaptive-prasle,1671,1,0,0,36,0,504,0,1,93,97555,1671,0,37,0,0,0,LEADER,1,0,0,0,0,36
99898,69,adaptive-prasle,2343,1,0,0,36,0,504,0,1,69,97555,2343,0,37,0,0,0,LEADER,1,0,0,0,0,36
99886,79,adaptive-prasle,2331,1,0,0,36,0,504,0,1,79,97555,2331,0,37,0,0,0,LEADER,1,0,0,0,0,36
99580,75,adaptive-prasle,2025,1,0,0,36,0,504,0,1,75,97555,2025,0,37,0,0,0,LEADER,1,0,0,0,0,36
99307,81,adaptive-prasle,1752,1,0,0,36,0,504,0,1,81,97555,1752,0,37,0,0,0,LEADER,1,0,0,0,0,36
99165,52,adaptive-prasle,1610,1,0,0,36,0,504,0,1,52,97555,1610,0,37,0,0,0,LEADER,1,0,0,0,0,36
99644,21,adaptive-prasle,2088,1,0,0,36,0,504,0,1,21,97556,2088,0,37,0,0,0,LEADER,1,0,0,0,0,36
99820,29,adaptive-prasle,2265,1,0,0,36,0,504,0,1,29,97555,2265,0,37,0,0,0,LEADER,1,0,0,0,0,36
99396,100,adaptive-prasle,1841,1,0,0,36,0,504,0,1,100,97555,1841,0,37,0,0,0,LEADER,1,0,0,0,0,36
99241,61,adaptive-prasle,1686,1,0,0,36,0,504,0,1,61,97555,1686,0,37,0,0,0,LEADER,1,0,0,0,0,36
99805,91,adaptive-prasle,2250,1,0,0,36,0,504,0,1,91,97555,2250,0,37,0,0,0,LEADER,1,0,0,0,0,36
99765,37,adaptive-prasle,2210,1,0,0,36,0,504,0,1,37,97555,2210,0,37,0,0,0,LEADER,1,0,0,0,0,36
99308,38,adaptive-prasle,1755,1,0,0,36,0,504,0,1,38,97553,1755,0,37,0,0,0,LEADER,1,0,0,0,0,36
99974,98,adaptive-prasle,2419,1,0,0,36,0,504,0,1,98,97555,2419,0,37,0,0,0,LEADER,1,0,0,0,0,36
99833,27,adaptive-prasle,2280,1,0,0,36,0,504,0,1,27,97553,2280,0,37,0,0,0,LEADER,1,0,0,0,0,36
99683,62,adaptive-prasle,2128,1,0,0,36,0,504,0,1,62,97555,2128,0,37,0,0,0,LEADER,1,0,0,0,0,36
99492,56,adaptive-prasle,1937,1,0,0,36,0,504,0,1,56,97555,1937,0,37,0,0,0,LEADER,1,0,0,0,0,36
99880,99,adaptive-prasle,2328,1,0,0,36,0,504,0,1,99,97552,2328,0,37,0,0,0,LEADER,1,0,0,0,0,36
99757,48,adaptive-prasle,2202,1,0,0,36,0,504,0,1,48,97555,2202,0,37,0,0,0,LEADER,1,0,0,0,0,36
99274,71,adaptive-prasle,1719,1,0,0,36,0,504,0,1,71,97555,1719,0,37,0,0,0,LEADER,1,0,0,0,0,36
99499,87,adaptive-prasle,1944,1,0,0,36,0,504,0,1,87,97555,1944,0,37,0,0,0,LEADER,1,0,0,0,0,36
99425,36,adaptive-prasle,1870,1,0,0,36,0,504,0,1,36,97555,1870,0,37,0,0,0,LEADER,1,0,0,0,0,36
99921,77,adaptive-prasle,1446,1,0,0,36,0,504,0,1,77,98475,1446,0,37,0,0,0,LEADER,1,0,0,0,0,36
100114,83,adaptive-prasle,1637,1,0,0,36,0,504,0,1,83,98477,1637,0,37,0,0,0,LEADER,1,0,0,0,0,36
99614,85,adaptive-prasle,2059,1,0,0,36,0,504,0,1,85,97555,2059,0,37,0,0,0,LEADER,1,0,0,0,0,36
100142,19,adaptive-prasle,1667,1,0,0,36,0,504,0,1,19,98475,1667,0,37,0,0,0,LEADER,1,0,0,0,0,36
100297,65,adaptive-prasle,1822,1,0,0,36,0,504,0,1,65,98475,1822,0,37,0,0,0,LEADER,1,0,0,0,0,36
99903,35,adaptive-prasle,1428,1,0,0,36,0,504,0,1,35,98475,1428,0,37,0,0,0,LEADER,1,0,0,0,0,36
99918,86,adaptive-prasle,1443,1,0,0,36,0,504,0,1,86,98475,1443,0,37,0,0,0,LEADER,1,0,0,0,0,36
99961,50,adaptive-prasle,2406,1,0,0,36,0,504,0,1,50,97555,2406,0,37,0,0,0,LEADER,1,0,0,0,0,36
99976,55,adaptive-prasle,1501,1,0,0,36,0,504,0,1,55,98475,1501,0,37,0,0,0,LEADER,1,0,0,0,0,36
100015,63,adaptive-prasle,1540,1,0,0,36,0,504,0,1,63,98475,1540,0,37,0,0,0,LEADER,1,0,0,0,0,36
100379,46,adaptive-prasle,1904,1,0,0,36,0,504,0,1,46,98475,1904,0,37,0,0,0,LEADER,1,0,0,0,0,36
100174,53,adaptive-prasle,1701,1,0,0,36,0,504,0,1,53,98473,1701,0,37,0,0,0,LEADER,1,0,0,0,0,36
99529,23,adaptive-prasle,1974,1,0,0,36,0,504,0,1,23,97555,1974,0,37,0,0,0,LEADER,1,0,0,0,0,36
100397,88,adaptive-prasle,1922,1,0,0,36,0,504,0,1,88,98475,1922,0,37,0,0,0,LEADER,1,0,0,0,0,36
99924,34,adaptive-prasle,1449,1,0,0,36,0,504,0,1,34,98475,1449,0,37,0,0,0,LEADER,1,0,0,0,0,36
99532,97,adaptive-prasle,1977,1,0,0,36,0,504,0,1,97,97555,1977,0,37,0,0,0,LEADER,1,0,0,0,0,36
99652,20,adaptive-prasle,2095,1,0,0,36,0,504,0,1,20,97557,2095,0,37,0,0,0,LEADER,1,0,0,0,0,36
99732,40,adaptive-prasle,2177,1,0,0,36,0,504,0,1,40,97555,2177,0,37,0,0,0,LEADER,1,0,0,0,0,36
99655,47,adaptive-prasle,2100,1,0,0,36,0,504,0,1,47,97555,2100,0,37,0,0,0,LEADER,1,0,0,0,0,36
100567,95,adaptive-prasle,2092,1,0,0,36,0,504,0,1,95,98475,2092,0,37,0,0,0,LEADER,1,0,0,0,0,36
99950,25,adaptive-prasle,2395,1,0,0,36,0,504,0,1,25,97555,2395,0,37,0,0,0,LEADER,1,0,0,0,0,36
100555,84,adaptive-prasle,2080,1,0,0,36,0,504,0,1,84,98475,2080,0,37,0,0,0,LEADER,1,0,0,0,0,36
99832,70,adaptive-prasle,2277,1,0,0,36,0,504,0,1,70,97555,2277,0,37,0,0,0,LEADER,1,0,0,0,0,36
99750,82,adaptive-prasle,2195,1,0,0,36,0,504,0,1,82,97555,2195,0,37,0,0,0,LEADER,1,0,0,0,0,36
99968,67,adaptive-prasle,2413,1,0,0,36,0,504,0,1,67,97555,2413,0,37,0,0,0,LEADER,1,0,0,0,0,36
99920,89,adaptive-prasle,2365,1,0,0,36,0,504,0,1,89,97555,2365,0,37,0,0,0,LEADER,1,0,0,0,0,36
100588,28,adaptive-prasle,2113,1,0,0,36,0,504,0,1,28,98475,2113,0,37,0,0,0,LEADER,1,0,0,0,0,36
100330,68,adaptive-prasle,1855,1,0,0,36,0,504,0,1,68,98475,1855,0,37,0,0,0,LEADER,1,0,0,0,0,36
100282,90,adaptive-prasle,1807,1,0,0,36,0,504,0,1,90,98475,1807,0,37,0,0,0,LEADER,1,0,0,0,0,36
99943,76,adaptive-prasle,1468,1,0,0,36,0,504,0,1,76,98475,1468,0,37,0,0,0,LEADER,1,0,0,0,0,36
100264,10,adaptive-prasle,1789,1,0,0,36,0,504,0,1,10,98475,1789,0,37,0,0,0,LEADER,1,0,0,0,0,36
100696,58,adaptive-prasle,2221,1,0,0,36,0,504,0,1,58,98475,2221,0,37,0,0,0,LEADER,1,0,0,0,0,36
100079,73,adaptive-prasle,1604,1,0,0,36,0,504,0,1,73,98475,1604,0,37,0,0,0,LEADER,1,0,0,0,0,36
99820,59,adaptive-prasle,2265,1,0,0,36,0,504,0,1,59,97555,2265,0,37,0,0,0,LEADER,1,0,0,0,0,36
100094,41,adaptive-prasle,1619,1,0,0,36,0,504,0,1,41,98475,1619,0,37,0,0,0,LEADER,1,0,0,0,0,36
100009,96,adaptive-prasle,1534,1,0,0,36,0,504,0,1,96,98475,1534,0,37,0,0,0,LEADER,1,0,0,0,0,36
100317,17,adaptive-prasle,1782,1,0,0,11,11,154,154,3,17,98535,1782,0,4,0,0,0,LEADER,1,0,0,0,0,11
100242,49,adaptive-prasle,1767,1,0,0,36,0,504,0,1,49,98475,1767,0,37,0,0,0,LEADER,1,0,0,0,0,36
100311,74,adaptive-prasle,1837,1,0,0,36,0,504,0,1,74,98474,1837,0,37,0,0,0,LEADER,1,0,0,0,0,36
100669,18,adaptive-prasle,2226,1,0,0,13,11,182,154,3,18,98443,2226,0,4,0,0,0,LEADER,1,0,0,0,0,13
100703,92,adaptive-prasle,2228,1,0,0,36,0,504,0,1,92,98475,2228,0,37,0,0,0,LEADER,1,0,0,0,0,36
99911,66,adaptive-prasle,1434,1,0,0,36,0,504,0,1,66,98477,1434,0,37,0,0,0,LEADER,1,0,0,0,0,36
99935,57,adaptive-prasle,2380,1,0,0,36,0,504,0,1,57,97555,2380,0,37,0,0,0,LEADER,1,0,0,0,0,36
100735,78,adaptive-prasle,2260,1,0,0,36,0,504,0,1,78,98475,2260,0,37,0,0,0,LEADER,1,0,0,0,0,36
99901,39,adaptive-prasle,2346,1,0,0,36,0,504,0,1,39,97555,2346,0,37,0,0,0,LEADER,1,0,0,0,0,36
100618,30,adaptive-prasle,2143,1,0,0,36,0,504,0,1,30,98475,2143,0,37,0,0,0,LEADER,1,0,0,0,0,36
100024,64,adaptive-prasle,1549,1,0,0,36,0,504,0,1,64,98475,1549,0,37,0,0,0,LEADER,1,0,0,0,0,36
100249,80,adaptive-prasle,1774,1,0,0,36,0,504,0,1,80,98475,1774,0,37,0,0,0,LEADER,1,0,0,0,0,36
99989,54,adaptive-prasle,1516,1,0,0,36,0,504,0,1,54,98473,1516,0,37,0,0,0,LEADER,1,0,0,0,0,36
100515,43,adaptive-prasle,2040,1,0,0,36,0,504,0,1,43,98475,2040,0,37,0,0,0,LEADER,1,0,0,0,0,36
100435,26,adaptive-prasle,1960,1,0,0,36,0,504,0,1,26,98475,1960,0,37,0,0,0,LEADER,1,0,0,0,0,36
100065,42,adaptive-prasle,1591,1,0,0,36,0,504,0,1,42,98474,1591,0,37,0,0,0,LEADER,1,0,0,0,0,36
100073,31,adaptive-prasle,1598,1,0,0,36,0,504,0,1,31,98475,1598,0,37,0,0,0,LEADER,1,0,0,0,0,36
100830,94,adaptive-prasle,2355,1,0,0,36,0,504,0,1,94,98475,2355,0,37,0,0,0,LEADER,1,0,0,0,0,36
100400,45,adaptive-prasle,1925,1,0,0,36,0,504,0,1,45,98475,1925,0,37,0,0,0,LEADER,1,0,0,0,0,36
100773,60,adaptive-prasle,2298,1,0,0,36,0,504,0,1,60,98475,2298,0,37,0,0,0,LEADER,1,0,0,0,0,36
100879,44,adaptive-prasle,1483,1,0,0,37,0,518,0,1,44,99396,1483,0,38,0,0,0,LEADER,1,0,0,0,0,37
100482,33,adaptive-prasle,2007,1,0,0,36,0,504,0,1,33,98475,2007,0,37,0,0,0,LEADER,1,0,0,0,0,36
100127,51,adaptive-prasle,1652,1,0,0,36,0,504,0,1,51,98475,1652,0,37,0,0,0,LEADER,1,0,0,0,0,36
100637,72,adaptive-prasle,2162,1,0,0,36,0,504,0,1,72,98475,2162,0,37,0,0,0,LEADER,1,0,0,0,0,36
100927,22,adaptive-prasle,1531,1,0,0,37,0,518,0,1,22,99396,1531,0,38,0,0,0,LEADER,1,0,0,0,0,37
100427,24,adaptive-prasle,1952,1,0,0,36,0,504,0,1,24,98475,1952,0,37,0,0,0,LEADER,1,0,0,0,0,36
100959,32,adaptive-prasle,1564,1,0,0,37,0,518,0,1,32,99395,1564,0,38,0,0,0,LEADER,1,0,0,0,0,37
100146,93,adaptive-prasle,1671,1,0,0,36,0,504,0,1,93,98475,1671,0,37,0,0,0,LEADER,1,0,0,0,0,36
100818,69,adaptive-prasle,2343,1,0,0,36,0,504,0,1,69,98475,2343,0,37,0,0,0,LEADER,1,0,0,0,0,36
100806,79,adaptive-prasle,2331,1,0,0,36,0,504,0,1,79,98475,2331,0,37,0,0,0,LEADER,1,0,0,0,0,36
100500,75,adaptive-prasle,2025,1,0,0,36,0,504,0,1,75,98475,2025,0,37,0,0,0,LEADER,1,0,0,0,0,36
100227,81,adaptive-prasle,1752,1,0,0,36,0,504,0,1,81,98475,1752,0,37,0,0,0,LEADER,1,0,0,0,0,36
100085,52,adaptive-prasle,1610,1,0,0,36,0,504,0,1,52,98475,1610,0,37,0,0,0,LEADER,1,0,0,0,0,36
100700,5,adaptive-prasle,2338,1,0,0,9,18,126,252,5,5,98362,2338,0,6,0,0,0,LEADER,1,0,0,0,0,9
100564,21,adaptive-prasle,2088,1,0,0,36,0,504,0,1,21,98476,2088,0,37,0,0,0,LEADER,1,0,0,0,0,36
100740,29,adaptive-prasle,2265,1,0,0,36,0,504,0,1,29,98475,2265,0,37,0,0,0,LEADER,1,0,0,0,0,36
100316,100,adaptive-prasle,1841,1,0,0,36,0,504,0,1,100,98475,1841,0,37,0,0,0,LEADER,1,0,0,0,0,36
100161,61,adaptive-prasle,1686,1,0,0,36,0,504,0,1,61,98475,1686,0,37,0,0,0,LEADER,1,0,0,0,0,36
100703,7,adaptive-prasle,1749,1,0,0,11,21,154,294,4,5,98954,1749,0,5,0,0,0,NORMAL,0,0,0,0,0,11
100725,91,adaptive-prasle,2250,1,0,0,36,0,504,0,1,91,98475,2250,0,37,0,0,0,LEADER,1,0,0,0,0,36
100685,37,adaptive-prasle,2210,1,0,0,36,0,504,0,1,37,98475,2210,0,37,0,0,0,LEADER,1,0,0,0,0,36
100228,38,adaptive-prasle,1755,1,0,0,36,0,504,0,1,38,98473,1755,0,37,0,0,0,LEADER,1,0,0,0,0,36
100894,98,adaptive-prasle,2419,1,0,0,36,0,504,0,1,98,98475,2419,0,37,0,0,0,LEADER,1,0,0,0,0,36
100753,27,adaptive-prasle,2280,1,0,0,36,0,504,0,1,27,98473,2280,0,37,0,0,0,LEADER,1,0,0,0,0,36
100603,62,adaptive-prasle,2128,1,0,0,36,0,504,0,1,62,98475,2128,0,37,0,0,0,LEADER,1,0,0,0,0,36
100412,56,adaptive-prasle,1937,1,0,0,36,0,504,0,1,56,98475,1937,0,37,0,0,0,LEADER,1,0,0,0,0,36
100800,99,adaptive-prasle,2328,1,0,0,36,0,504,0,1,99,98472,2328,0,37,0,0,0,LEADER,1,0,0,0,0,36
100677,48,adaptive-prasle,2202,1,0,0,36,0,504,0,1,48,98475,2202,0,37,0,0,0,LEADER,1,0,0,0,0,36
100194,71,adaptive-prasle,1719,1,0,0,36,0,504,0,1,71,98475,1719,0,37,0,0,0,LEADER,1,0,0,0,0,36
100419,87,adaptive-prasle,1944,1,0,0,36,0,504,0,1,87,98475,1944,0,37,0,0,0,LEADER,1,0,0,0,0,36
100345,36,adaptive-prasle,1870,1,0,0,36,0,504,0,1,36,98475,1870,0,37,0,0,0,LEADER,1,0,0,0,0,36
100842,77,adaptive-prasle,1446,1,0,0,37,0,518,0,1,77,99396,1446,0,38,0,0,0,LEADER,1,0,0,0,0,37
101035,83,adaptive-prasle,1637,1,0,0,37,0,518,0,1,83,99398,1637,0,38,0,0,0,LEADER,1,0,0,0,0,37
100534,85,adaptive-prasle,2059,1,0,0,36,0,504,0,1,85,98475,2059,0,37,0,0,0,LEADER,1,0,0,0,0,36
101063,19,adaptive-prasle,1667,1,0,0,37,0,518,0,1,19,99396,1667,0,38,0,0,0,LEADER,1,0,0,0,0,37
101218,65,adaptive-prasle,1822,1,0,0,37,0,518,0,1,65,99396,1822,0,38,0,0,0,LEADER,1,0,0,0,0,37
100824,35,adaptive-prasle,1428,1,0,0,37,0,518,0,1,35,99396,1428,0,38,0,0,0,LEADER,1,0,0,0,0,37
100839,86,adaptive-prasle,1443,1,0,0,37,0,518,0,1,86,99396,1443,0,38,0,0,0,LEADER,1,0,0,0,0,37
100881,50,adaptive-prasle,2406,1,0,0,36,0,504,0,1,50,98475,2406,0,37,0,0,0,LEADER,1,0,0,0,0,36
100897,55,adaptive-prasle,1501,1,0,0,37,0,518,0,1,55,99396,1501,0,38,0,0,0,LEADER,1,0,0,0,0,37
100936,63,adaptive-prasle,1540,1,0,0,37,0,518,0,1,63,99396,1540,0,38,0,0,0,LEADER,1,0,0,0,0,37
101300,46,adaptive-prasle,1904,1,0,0,37,0,518,0,1,46,99396,1904,0,38,0,0,0,LEADER,1,0,0,0,0,37
101095,53,adaptive-prasle,1701,1,0,0,37,0,518,0,1,53,99394,1701,0,38,0,0,0,LEADER,1,0,0,0,0,37
100449,23,adaptive-prasle,1974,1,0,0,36,0,504,0,1,23,98475,1974,0,37,0,0,0,LEADER,1,0,0,0,0,36
101318,88,adaptive-prasle,1922,1,0,0,37,0,518,0,1,88,99396,1922,0,38,0,0,0,LEADER,1,0,0,0,0,37
100845,34,adaptive-prasle,1449,1,0,0,37,0,518,0,1,34,99396,1449,0,38,0,0,0,LEADER,1,0,0,0,0,37
100452,97,adaptive-prasle,1977,1,0,0,36,0,504,0,1,97,98475,1977,0,37,0,0,0,LEADER,1,0,0,0,0,36
100572,20,adaptive-prasle,2095,1,0,0,36,0,504,0,1,20,98477,2095,0,37,0,0,0,LEADER,1,0,0,0,0,36
100652,40,adaptive-prasle,2177,1,0,0,36,0,504,0,1,40,98475,2177,0,37,0,0,0,LEADER,1,0,0,0,0,36
100575,47,adaptive-prasle,2100,1,0,0,36,0,504,0,1,47,98475,2100,0,37,0,0,0,LEADER,1,0,0,0,0,36
101488,95,adaptive-prasle,2092,1,0,0,37,0,518,0,1,95,99396,2092,0,38,0,0,0,LEADER,1,0,0,0,0,37
100870,25,adaptive-prasle,2395,1,0,0,36,0,504,0,1,25,98475,2395,0,37,0,0,0,LEADER,1,0,0,0,0,36
101476,84,adaptive-prasle,2080,1,0,0,37,0,518,0,1,84,99396,2080,0,38,0,0,0,LEADER,1,0,0,0,0,37
100752,70,adaptive-prasle,2277,1,0,0,36,0,504,0,1,70,98475,2277,0,37,0,0,0,LEADER,1,0,0,0,0,36
100670,82,adaptive-prasle,2195,1,0,0,36,0,504,0,1,82,98475,2195,0,37,0,0,0,LEADER,1,0,0,0,0,36
100888,67,adaptive-prasle,2413,1,0,0,36,0,504,0,1,67,98475,2413,0,37,0,0,0,LEADER,1,0,0,0,0,36
100840,89,adaptive-prasle,2365,1,0,0,36,0,504,0,1,89,98475,2365,0,37,0,0,0,LEADER,1,0,0,0,0,36
101509,28,adaptive-prasle,2113,1,0,0,37,0,518,0,1,28,99396,2113,0,38,0,0,0,LEADER,1,0,0,0,0,37
101251,68,adaptive-prasle,1855,1,0,0,37,0,518,0,1,68,99396,1855,0,38,0,0,0,LEADER,1,0,0,0,0,37
101203,90,adaptive-prasle,1807,1,0,0,37,0,518,0,1,90,99396,1807,0,38,0,0,0,LEADER,1,0,0,0,0,37
100864,76,adaptive-prasle,1468,1,0,0,37,0,518,0,1,76,99396,1468,0,38,0,0,0,LEADER,1,0,0,0,0,37
101185,10,adaptive-prasle,1789,1,0,0,37,0,518,0,1,10,99396,1789,0,38,0,0,0,LEADER,1,0,0,0,0,37
101617,58,adaptive-prasle,2221,1,0,0,37,0,518,0,1,58,99396,2221,0,38,0,0,0,LEADER,1,0,0,0,0,37
101000,73,adaptive-prasle,1604,1,0,0,37,0,518,0,1,73,99396,1604,0,38,0,0,0,LEADER,1,0,0,0,0,37
100740,59,adaptive-prasle,2265,1,0,0,36,0,504,0,1,59,98475,2265,0,37,0,0,0,LEADER,1,0,0,0,0,36
101015,41,adaptive-prasle,1619,1,0,0,37,0,518,0,1,41,99396,1619,0,38,0,0,0,LEADER,1,0,0,0,0,37
100930,96,adaptive-prasle,1534,1,0,0,37,0,518,0,1,96,99396,1534,0,38,0,0,0,LEADER,1,0,0,0,0,37
101163,49,adaptive-prasle,1767,1,0,0,37,0,518,0,1,49,99396,1767,0,38,0,0,0,LEADER,1,0,0,0,0,37
101232,74,adaptive-prasle,1837,1,0,0,37,0,518,0,1,74,99395,1837,0,38,0,0,0,LEADER,1,0,0,0,0,37
101624,92,adaptive-prasle,2228,1,0,0,37,0,518,0,1,92,99396,2228,0,38,0,0,0,LEADER,1,0,0,0,0,37
100832,66,adaptive-prasle,1434,1,0,0,37,0,518,0,1,66,99398,1434,0,38,0,0,0,LEADER,1,0,0,0,0,37
100855,57,adaptive-prasle,2380,1,0,0,36,0,504,0,1,57,98475,2380,0,37,0,0,0,LEADER,1,0,0,0,0,36
101656,78,adaptive-prasle,2260,1,0,0,37,0,518,0,1,78,99396,2260,0,38,0,0,0,LEADER,1,0,0,0,0,37
100821,39,adaptive-prasle,2346,1,0,0,36,0,504,0,1,39,98475,2346,0,37,0,0,0,LEADER,1,0,0,0,0,36
101539,30,adaptive-prasle,2143,1,0,0,37,0,518,0,1,30,99396,2143,0,38,0,0,0,LEADER,1,0,0,0,0,37
100945,64,adaptive-prasle,1549,1,0,0,37,0,518,0,1,64,99396,1549,0,38,0,0,0,LEADER,1,0,0,0,0,37
101170,80,adaptive-prasle,1774,1,0,0,37,0,518,0,1,80,99396,1774,0,38,0,0,0,LEADER,1,0,0,0,0,37
100910,54,adaptive-prasle,1516,1,0,0,37,0,518,0,1,54,99394,1516,0,38,0,0,0,LEADER,1,0,0,0,0,37
101436,43,adaptive-prasle,2040,1,0,0,37,0,518,0,1,43,99396,2040,0,38,0,0,0,LEADER,1,0,0,0,0,37
101356,26,adaptive-prasle,1960,1,0,0,37,0,518,0,1,26,99396,1960,0,38,0,0,0,LEADER,1,0,0,0,0,37
100986,42,adaptive-prasle,1591,1,0,0,37,0,518,0,1,42,99395,1591,0,38,0,0,0,LEADER,1,0,0,0,0,37
100994,31,adaptive-prasle,1598,1,0,0,37,0,518,0,1,31,99396,1598,0,38,0,0,0,LEADER,1,0,0,0,0,37
101751,94,adaptive-prasle,2355,1,0,0,37,0,518,0,1,94,99396,2355,0,38,0,0,0,LEADER,1,0,0,0,0,37
101321,45,adaptive-prasle,1925,1,0,0,37,0,518,0,1,45,99396,1925,0,38,0,0,0,LEADER,1,0,0,0,0,37
101694,60,adaptive-prasle,2298,1,0,0,37,0,518,0,1,60,99396,2298,0,38,0,0,0,LEADER,1,0,0,0,0,37
101799,44,adaptive-prasle,1483,1,0,0,37,0,518,0,1,44,100316,1483,0,38,0,0,0,LEADER,1,0,0,0,0,37
101403,33,adaptive-prasle,2007,1,0,0,37,0,518,0,1,33,99396,2007,0,38,0,0,0,LEADER,1,0,0,0,0,37
101048,51,adaptive-prasle,1652,1,0,0,37,0,518,0,1,51,99396,1652,0,38,0,0,0,LEADER,1,0,0,0,0,37
101847,22,adaptive-prasle,1531,1,0,0,37,0,518,0,1,22,100316,1531,0,38,0,0,0,LEADER,1,0,0,0,0,37
101558,72,adaptive-prasle,2162,1,0,0,37,0,518,0,1,72,99396,2162,0,38,0,0,0,LEADER,1,0,0,0,0,37
101348,24,adaptive-prasle,1952,1,0,0,37,0,518,0,1,24,99396,1952,0,38,0,0,0,LEADER,1,0,0,0,0,37
101879,32,adaptive-prasle,1564,1,0,0,37,0,518,0,1,32,100315,1564,0,38,0,0,0,LEADER,1,0,0,0,0,37
101067,93,adaptive-prasle,1671,1,0,0,37,0,518,0,1,93,99396,1671,0,38,0,0,0,LEADER,1,0,0,0,0,37
101739,69,adaptive-prasle,2343,1,0,0,37,0,518,0,1,69,99396,2343,0,38,0,0,0,LEADER,1,0,0,0,0,37
101727,79,adaptive-prasle,2331,1,0,0,37,0,518,0,1,79,99396,2331,0,38,0,0,0,LEADER,1,0,0,0,0,37
101421,75,adaptive-prasle,2025,1,0,0,37,0,518,0,1,75,99396,2025,0,38,0,0,0,LEADER,1,0,0,0,0,37
101148,81,adaptive-prasle,1752,1,0,0,37,0,518,0,1,81,99396,1752,0,38,0,0,0,LEADER,1,0,0,0,0,37
101006,52,adaptive-prasle,1610,1,0,0,37,0,518,0,1,52,99396,1610,0,38,0,0,0,LEADER,1,0,0,0,0,37
101485,21,adaptive-prasle,2088,1,0,0,37,0,518,0,1,21,99397,2088,0,38,0,0,0,LEADER,1,0,0,0,0,37
101661,29,adaptive-prasle,2265,1,0,0,37,0,518,0,1,29,99396,2265,0,38,0,0,0,LEADER,1,0,0,0,0,37
101237,100,adaptive-prasle,1841,1,0,0,37,0,518,0,1,100,99396,1841,0,38,0,0,0,LEADER,1,0,0,0,0,37
101082,61,adaptive-prasle,1686,1,0,0,37,0,518,0,1,61,99396,1686,0,38,0,0,0,LEADER,1,0,0,0,0,37
101646,91,adaptive-prasle,2250,1,0,0,37,0,518,0,1,91,99396,2250,0,38,0,0,0,LEADER,1,0,0,0,0,37
101606,37,adaptive-prasle,2210,1,0,0,37,0,518,0,1,37,99396,2210,0,38,0,0,0,LEADER,1,0,0,0,0,37
101149,38,adaptive-prasle,1755,1,0,0,37,0,518,0,1,38,99394,1755,0,38,0,0,0,LEADER,1,0,0,0,0,37
101815,98,adaptive-prasle,2419,1,0,0,37,0,518,0,1,98,99396,2419,0,38,0,0,0,LEADER,1,0,0,0,0,37
101674,27,adaptive-prasle,2280,1,0,0,37,0,518,0,1,27,99394,2280,0,38,0,0,0,LEADER,1,0,0,0,0,37
101524,62,adaptive-prasle,2128,1,0,0,37,0,518,0,1,62,99396,2128,0,38,0,0,0,LEADER,1,0,0,0,0,37
101333,56,adaptive-prasle,1937,1,0,0,37,0,518,0,1,56,99396,1937,0,38,0,0,0,LEADER,1,0,0,0,0,37
101721,99,adaptive-prasle,2328,1,0,0,37,0,518,0,1,99,99393,2328,0,38,0,0,0,LEADER,1,0,0,0,0,37
101598,48,adaptive-prasle,2202,1,0,0,37,0,518,0,1,48,99396,2202,0,38,0,0,0,LEADER,1,0,0,0,0,37
101115,71,adaptive-prasle,1719,1,0,0,37,0,518,0,1,71,99396,1719,0,38,0,0,0,LEADER,1,0,0,0,0,37
101340,87,adaptive-prasle,1944,1,0,0,37,0,518,0,1,87,99396,1944,0,38,0,0,0,LEADER,1,0,0,0,0,37
101266,36,adaptive-prasle,1870,1,0,0,37,0,518,0,1,36,99396,1870,0,38,0,0,0,LEADER,1,0,0,0,0,37
101762,77,adaptive-prasle,1446,1,0,0,37,0,518,0,1,77,100316,1446,0,38,0,0,0,LEADER,1,0,0,0,0,37
101955,83,adaptive-prasle,1637,1,0,0,37,0,518,0,1,83,100318,1637,0,38,0,0,0,LEADER,1,0,0,0,0,37
101455,85,adaptive-prasle,2059,1,0,0,37,0,518,0,1,85,99396,2059,0,38,0,0,0,LEADER,1,0,0,0,0,37
101983,19,adaptive-prasle,1667,1,0,0,37,0,518,0,1,19,100316,1667,0,38,0,0,0,LEADER,1,0,0,0,0,37
102138,65,adaptive-prasle,1822,1,0,0,37,0,518,0,1,65,100316,1822,0,38,0,0,0,LEADER,1,0,0,0,0,37
101744,35,adaptive-prasle,1428,1,0,0,37,0,518,0,1,35,100316,1428,0,38,0,0,0,LEADER,1,0,0,0,0,37
101759,86,adaptive-prasle,1443,1,0,0,37,0,518,0,1,86,100316,1443,0,38,0,0,0,LEADER,1,0,0,0,0,37
101802,50,adaptive-prasle,2406,1,0,0,37,0,518,0,1,50,99396,2406,0,38,0,0,0,LEADER,1,0,0,0,0,37
101817,55,adaptive-prasle,1501,1,0,0,37,0,518,0,1,55,100316,1501,0,38,0,0,0,LEADER,1,0,0,0,0,37
101856,63,adaptive-prasle,1540,1,0,0,37,0,518,0,1,63,100316,1540,0,38,0,0,0,LEADER,1,0,0,0,0,37
102220,46,adaptive-prasle,1904,1,0,0,37,0,518,0,1,46,100316,1904,0,38,0,0,0,LEADER,1,0,0,0,0,37
102015,53,adaptive-prasle,1701,1,0,0,37,0,518,0,1,53,100314,1701,0,38,0,0,0,LEADER,1,0,0,0,0,37
101370,23,adaptive-prasle,1974,1,0,0,37,0,518,0,1,23,99396,1974,0,38,0,0,0,LEADER,1,0,0,0,0,37
102238,88,adaptive-prasle,1922,1,0,0,37,0,518,0,1,88,100316,1922,0,38,0,0,0,LEADER,1,0,0,0,0,37
101765,34,adaptive-prasle,1449,1,0,0,37,0,518,0,1,34,100316,1449,0,38,0,0,0,LEADER,1,0,0,0,0,37
101373,97,adaptive-prasle,1977,1,0,0,37,0,518,0,1,97,99396,1977,0,38,0,0,0,LEADER,1,0,0,0,0,37
101493,20,adaptive-prasle,2095,1,0,0,37,0,518,0,1,20,99398,2095,0,38,0,0,0,LEADER,1,0,0,0,0,37
101573,40,adaptive-prasle,2177,1,0,0,37,0,518,0,1,40,99396,2177,0,38,0,0,0,LEADER,1,0,0,0,0,37
101496,47,adaptive-prasle,2100,1,0,0,37,0,518,0,1,47,99396,2100,0,38,0,0,0,LEADER,1,0,0,0,0,37
102408,95,adaptive-prasle,2092,1,0,0,37,0,518,0,1,95,100316,2092,0,38,0,0,0,LEADER,1,0,0,0,0,37
101791,25,adaptive-prasle,2395,1,0,0,37,0,518,0,1,25,99396,2395,0,38,0,0,0,LEADER,1,0,0,0,0,37
102396,84,adaptive-prasle,2080,1,0,0,37,0,518,0,1,84,100316,2080,0,38,0,0,0,LEADER,1,0,0,0,0,37
101673,70,adaptive-prasle,2277,1,0,0,37,0,518,0,1,70,99396,2277,0,38,0,0,0,LEADER,1,0,0,0,0,37
101591,82,adaptive-prasle,2195,1,0,0,37,0,518,0,1,82,99396,2195,0,38,0,0,0,LEADER,1,0,0,0,0,37
101809,67,adaptive-prasle,2413,1,0,0,37,0,518,0,1,67,99396,2413,0,38,0,0,0,LEADER,1,0,0,0,0,37
101761,89,adaptive-prasle,2365,1,0,0,37,0,518,0,1,89,99396,2365,0,38,0,0,0,LEADER,1,0,0,0,0,37
102429,28,adaptive-prasle,2113,1,0,0,37,0,518,0,1,28,100316,2113,0,38,0,0,0,LEADER,1,0,0,0,0,37
102171,68,adaptive-prasle,1855,1,0,0,37,0,518,0,1,68,100316,1855,0,38,0,0,0,LEADER,1,0,0,0,0,37
102123,90,adaptive-prasle,1807,1,0,0,37,0,518,0,1,90,100316,1807,0,38,0,0,0,LEADER,1,0,0,0,0,37
101784,76,adaptive-prasle,1468,1,0,0,37,0,518,0,1,76,100316,1468,0,38,0,0,0,LEADER,1,0,0,0,0,37
102105,10,adaptive-prasle,1789,1,0,0,37,0,518,0,1,10,100316,1789,0,38,0,0,0,LEADER,1,0,0,0,0,37
102537,58,adaptive-prasle,2221,1,0,0,37,0,518,0,1,58,100316,2221,0,38,0,0,0,LEADER,1,0,0,0,0,37
101920,73,adaptive-prasle,1604,1,0,0,37,0,518,0,1,73,100316,1604,0,38,0,0,0,LEADER,1,0,0,0,0,37
101661,59,adaptive-prasle,2265,1,0,0,37,0,518,0,1,59,99396,2265,0,38,0,0,0,LEADER,1,0,0,0,0,37
102258,14,adaptive-prasle,2096,1,0,0,7,8,98,112,2,14,100162,2096,0,4,0,0,0,LEADER,1,0,0,0,0,7
101935,41,adaptive-prasle,1619,1,0,0,37,0,518,0,1,41,100316,1619,0,38,0,0,0,LEADER,1,0,0,0,0,37
101850,96,adaptive-prasle,1534,1,0,0,37,0,518,0,1,96,100316,1534,0,38,0,0,0,LEADER,1,0,0,0,0,37
102083,49,adaptive-prasle,1767,1,0,0,37,0,518,0,1,49,100316,1767,0,38,0,0,0,LEADER,1,0,0,0,0,37
102152,74,adaptive-prasle,1837,1,0,0,37,0,518,0,1,74,100315,1837,0,38,0,0,0,LEADER,1,0,0,0,0,37
102544,92,adaptive-prasle,2228,1,0,0,37,0,518,0,1,92,100316,2228,0,38,0,0,0,LEADER,1,0,0,0,0,37
101752,66,adaptive-prasle,1434,1,0,0,37,0,518,0,1,66,100318,1434,0,38,0,0,0,LEADER,1,0,0,0,0,37
101776,57,adaptive-prasle,2380,1,0,0,37,0,518,0,1,57,99396,2380,0,38,0,0,0,LEADER,1,0,0,0,0,37
102576,78,adaptive-prasle,2260,1,0,0,37,0,518,0,1,78,100316,2260,0,38,0,0,0,LEADER,1,0,0,0,0,37
101742,39,adaptive-prasle,2346,1,0,0,37,0,518,0,1,39,99396,2346,0,38,0,0,0,LEADER,1,0,0,0,0,37
102459,30,adaptive-prasle,2143,1,0,0,37,0,518,0,1,30,100316,2143,0,38,0,0,0,LEADER,1,0,0,0,0,37
101865,64,adaptive-prasle,1549,1,0,0,37,0,518,0,1,64,100316,1549,0,38,0,0,0,LEADER,1,0,0,0,0,37
102090,80,adaptive-prasle,1774,1,0,0,37,0,518,0,1,80,100316,1774,0,38,0,0,0,LEADER,1,0,0,0,0,37
101830,54,adaptive-prasle,1516,1,0,0,37,0,518,0,1,54,100314,1516,0,38,0,0,0,LEADER,1,0,0,0,0,37
102356,43,adaptive-prasle,2040,1,0,0,37,0,518,0,1,43,100316,2040,0,38,0,0,0,LEADER,1,0,0,0,0,37
102276,26,adaptive-prasle,1960,1,0,0,37,0,518,0,1,26,100316,1960,0,38,0,0,0,LEADER,1,0,0,0,0,37
102060,13,adaptive-prasle,1941,1,0,0,6,7,84,98,2,3,100119,1941,0,4,0,0,0,NORMAL,0,0,0,0,0,6
101906,42,adaptive-prasle,1591,1,0,0,37,0,518,0,1,42,100315,1591,0,38,0,0,0,LEADER,1,0,0,0,0,37
101914,31,adaptive-prasle,1598,1,0,0,37,0,518,0,1,31,100316,1598,0,38,0,0,0,LEADER,1,0,0,0,0,37
102671,94,adaptive-prasle,2355,1,0,0,37,0,518,0,1,94,100316,2355,0,38,0,0,0,LEADER,1,0,0,0,0,37
102241,45,adaptive-prasle,1925,1,0,0,37,0,518,0,1,45,100316,1925,0,38,0,0,0,LEADER,1,0,0,0,0,37
102614,60,adaptive-prasle,2298,1,0,0,37,0,518,0,1,60,100316,2298,0,38,0,0,0,LEADER,1,0,0,0,0,37
102719,44,adaptive-prasle,1483,1,0,0,37,0,518,0,1,44,101236,1483,0,38,0,0,0,LEADER,1,0,0,0,0,37
102323,33,adaptive-prasle,2007,1,0,0,37,0,518,0,1,33,100316,2007,0,38,0,0,0,LEADER,1,0,0,0,0,37
101968,51,adaptive-prasle,1652,1,0,0,37,0,518,0,1,51,100316,1652,0,38,0,0,0,LEADER,1,0,0,0,0,37
102767,22,adaptive-prasle,1531,1,0,0,37,0,518,0,1,22,101236,1531,0,38,0,0,0,LEADER,1,0,0,0,0,37
102478,72,adaptive-prasle,2162,1,0,0,37,0,518,0,1,72,100316,2162,0,38,0,0,0,LEADER,1,0,0,0,0,37
102268,24,adaptive-prasle,1952,1,0,0,37,0,518,0,1,24,100316,1952,0,38,0,0,0,LEADER,1,0,0,0,0,37
102799,32,adaptive-prasle,1564,1,0,0,37,0,518,0,1,32,101235,1564,0,38,0,0,0,LEADER,1,0,0,0,0,37
101987,93,adaptive-prasle,1671,1,0,0,37,0,518,0,1,93,100316,1671,0,38,0,0,0,LEADER,1,0,0,0,0,37
102659,69,adaptive-prasle,2343,1,0,0,37,0,518,0,1,69,100316,2343,0,38,0,0,0,LEADER,1,0,0,0,0,37
102647,79,adaptive-prasle,2331,1,0,0,37,0,518,0,1,79,100316,2331,0,38,0,0,0,LEADER,1,0,0,0,0,37
102341,75,adaptive-prasle,2025,1,0,0,37,0,518,0,1,75,100316,2025,0,38,0,0,0,LEADER,1,0,0,0,0,37
102068,81,adaptive-prasle,1752,1,0,0,37,0,518,0,1,81,100316,1752,0,38,0,0,0,LEADER,1,0,0,0,0,37
101926,52,adaptive-prasle,1610,1,0,0,37,0,518,0,1,52,100316,1610,0,38,0,0,0,LEADER,1,0,0,0,0,37
102405,21,adaptive-prasle,2088,1,0,0,37,0,518,0,1,21,100317,2088,0,38,0,0,0,LEADER,1,0,0,0,0,37
102581,29,adaptive-prasle,2265,1,0,0,37,0,518,0,1,29,100316,2265,0,38,0,0,0,LEADER,1,0,0,0,0,37
102157,100,adaptive-prasle,1841,1,0,0,37,0,518,0,1,100,100316,1841,0,38,0,0,0,LEADER,1,0,0,0,0,37
102002,61,adaptive-prasle,1686,1,0,0,37,0,518,0,1,61,100316,1686,0,38,0,0,0,LEADER,1,0,0,0,0,37
102566,91,adaptive-prasle,2250,1,0,0,37,0,518,0,1,91,100316,2250,0,38,0,0,0,LEADER,1,0,0,0,0,37
102526,37,adaptive-prasle,2210,1,0,0,37,0,518,0,1,37,100316,2210,0,38,0,0,0,LEADER,1,0,0,0,0,37
102069,38,adaptive-prasle,1755,1,0,0,37,0,518,0,1,38,100314,1755,0,38,0,0,0,LEADER,1,0,0,0,0,37
102735,98,adaptive-prasle,2419,1,0,0,37,0,518,0,1,98,100316,2419,0,38,0,0,0,LEADER,1,0,0,0,0,37
102594,27,adaptive-prasle,2280,1,0,0,37,0,518,0,1,27,100314,2280,0,38,0,0,0,LEADER,1,0,0,0,0,37
102253,56,adaptive-prasle,1937,1,0,0,37,0,518,0,1,56,100316,1937,0,38,0,0,0,LEADER,1,0,0,0,0,37
102444,62,adaptive-prasle,2128,1,0,0,37,0,518,0,1,62,100316,2128,0,38,0,0,0,LEADER,1,0,0,0,0,37
102641,99,adaptive-prasle,2328,1,0,0,37,0,518,0,1,99,100313,2328,0,38,0,0,0,LEADER,1,0,0,0,0,37
102518,48,adaptive-prasle,2202,1,0,0,37,0,518,0,1,48,100316,2202,0,38,0,0,0,LEADER,1,0,0,0,0,37
102035,71,adaptive-prasle,1719,1,0,0,37,0,518,0,1,71,100316,1719,0,38,0,0,0,LEADER,1,0,0,0,0,37
102260,87,adaptive-prasle,1944,1,0,0,37,0,518,0,1,87,100316,1944,0,38,0,0,0,LEADER,1,0,0,0,0,37
102186,36,adaptive-prasle,1870,1,0,0,37,0,518,0,1,36,100316,1870,0,38,0,0,0,LEADER,1,0,0,0,0,37
102682,77,adaptive-prasle,1446,1,0,0,37,0,518,0,1,77,101236,1446,0,38,0,0,0,LEADER,1,0,0,0,0,37
102875,83,adaptive-prasle,1637,1,0,0,37,0,518,0,1,83,101238,1637,0,38,0,0,0,LEADER,1,0,0,0,0,37
102375,85,adaptive-prasle,2059,1,0,0,37,0,518,0,1,85,100316,2059,0,38,0,0,0,LEADER,1,0,0,0,0,37
102903,19,adaptive-prasle,1667,1,0,0,37,0,518,0,1,19,101236,1667,0,38,0,0,0,LEADER,1,0,0,0,0,37
103058,65,adaptive-prasle,1822,1,0,0,37,0,518,0,1,65,101236,1822,0,38,0,0,0,LEADER,1,0,0,0,0,37
102664,35,adaptive-prasle,1428,1,0,0,37,0,518,0,1,35,101236,1428,0,38,0,0,0,LEADER,1,0,0,0,0,37
102679,86,adaptive-prasle,1443,1,0,0,37,0,518,0,1,86,101236,1443,0,38,0,0,0,LEADER,1,0,0,0,0,37
102722,50,adaptive-prasle,2406,1,0,0,37,0,518,0,1,50,100316,2406,0,38,0,0,0,LEADER,1,0,0,0,0,37
102737,55,adaptive-prasle,1501,1,0,0,37,0,518,0,1,55,101236,1501,0,38,0,0,0,LEADER,1,0,0,0,0,37
102776,63,adaptive-prasle,1540,1,0,0,37,0,518,0,1,63,101236,1540,0,38,0,0,0,LEADER,1,0,0,0,0,37
103140,46,adaptive-prasle,1904,1,0,0,37,0,518,0,1,46,101236,1904,0,38,0,0,0,LEADER,1,0,0,0,0,37
102935,53,adaptive-prasle,1701,1,0,0,37,0,518,0,1,53,101234,1701,0,38,0,0,0,LEADER,1,0,0,0,0,37
102290,23,adaptive-prasle,1974,1,0,0,37,0,518,0,1,23,100316,1974,0,38,0,0,0,LEADER,1,0,0,0,0,37
103158,88,adaptive-prasle,1922,1,0,0,37,0,518,0,1,88,101236,1922,0,38,0,0,0,LEADER,1,0,0,0,0,37
102685,34,adaptive-prasle,1449,1,0,0,37,0,518,0,1,34,101236,1449,0,38,0,0,0,LEADER,1,0,0,0,0,37
102293,97,adaptive-prasle,1977,1,0,0,37,0,518,0,1,97,100316,1977,0,38,0,0,0,LEADER,1,0,0,0,0,37
102413,20,adaptive-prasle,2095,1,0,0,37,0,518,0,1,20,100318,2095,0,38,0,0,0,LEADER,1,0,0,0,0,37
102493,40,adaptive-prasle,2177,1,0,0,37,0,518,0,1,40,100316,2177,0,38,0,0,0,LEADER,1,0,0,0,0,37
102416,47,adaptive-prasle,2100,1,0,0,37,0,518,0,1,47,100316,2100,0,38,0,0,0,LEADER,1,0,0,0,0,37
103328,95,adaptive-prasle,2092,1,0,0,37,0,518,0,1,95,101236,2092,0,38,0,0,0,LEADER,1,0,0,0,0,37
102711,25,adaptive-prasle,2395,1,0,0,37,0,518,0,1,25,100316,2395,0,38,0,0,0,LEADER,1,0,0,0,0,37
103316,84,adaptive-prasle,2080,1,0,0,37,0,518,0,1,84,101236,2080,0,38,0,0,0,LEADER,1,0,0,0,0,37
102593,70,adaptive-prasle,2277,1,0,0,37,0,518,0,1,70,100316,2277,0,38,0,0,0,LEADER,1,0,0,0,0,37
102511,82,adaptive-prasle,2195,1,0,0,37,0,518,0,1,82,100316,2195,0,38,0,0,0,LEADER,1,0,0,0,0,37
102729,67,adaptive-prasle,2413,1,0,0,37,0,518,0,1,67,100316,2413,0,38,0,0,0,LEADER,1,0,0,0,0,37
102681,89,adaptive-prasle,2365,1,0,0,37,0,518,0,1,89,100316,2365,0,38,0,0,0,LEADER,1,0,0,0,0,37
103349,28,adaptive-prasle,2113,1,0,0,37,0,518,0,1,28,101236,2113,0,38,0,0,0,LEADER,1,0,0,0,0,37
103091,68,adaptive-prasle,1855,1,0,0,37,0,518,0,1,68,101236,1855,0,38,0,0,0,LEADER,1,0,0,0,0,37
103043,90,adaptive-prasle,1807,1,0,0,37,0,518,0,1,90,101236,1807,0,38,0,0,0,LEADER,1,0,0,0,0,37
102704,76,adaptive-prasle,1468,1,0,0,37,0,518,0,1,76,101236,1468,0,38,0,0,0,LEADER,1,0,0,0,0,37
103025,10,adaptive-prasle,1789,1,0,0,37,0,518,0,1,10,101236,1789,0,38,0,0,0,LEADER,1,0,0,0,0,37
103457,58,adaptive-prasle,2221,1,0,0,37,0,518,0,1,58,101236,2221,0,38,0,0,0,LEADER,1,0,0,0,0,37
102840,73,adaptive-prasle,1604,1,0,0,37,0,518,0,1,73,101236,1604,0,38,0,0,0,LEADER,1,0,0,0,0,37
102581,59,adaptive-prasle,2265,1,0,0,37,0,518,0,1,59,100316,2265,0,38,0,0,0,LEADER,1,0,0,0,0,37
102855,41,adaptive-prasle,1619,1,0,0,37,0,518,0,1,41,101236,1619,0,38,0,0,0,LEADER,1,0,0,0,0,37
102770,96,adaptive-prasle,1534,1,0,0,37,0,518,0,1,96,101236,1534,0,38,0,0,0,LEADER,1,0,0,0,0,37
103003,49,adaptive-prasle,1767,1,0,0,37,0,518,0,1,49,101236,1767,0,38,0,0,0,LEADER,1,0,0,0,0,37
103072,74,adaptive-prasle,1837,1,0,0,37,0,518,0,1,74,101235,1837,0,38,0,0,0,LEADER,1,0,0,0,0,37
103464,92,adaptive-prasle,2228,1,0,0,37,0,518,0,1,92,101236,2228,0,38,0,0,0,LEADER,1,0,0,0,0,37
102672,66,adaptive-prasle,1434,1,0,0,37,0,518,0,1,66,101238,1434,0,38,0,0,0,LEADER,1,0,0,0,0,37
102696,57,adaptive-prasle,2380,1,0,0,37,0,518,0,1,57,100316,2380,0,38,0,0,0,LEADER,1,0,0,0,0,37
103496,78,adaptive-prasle,2260,1,0,0,37,0,518,0,1,78,101236,2260,0,38,0,0,0,LEADER,1,0,0,0,0,37
102662,39,adaptive-prasle,2346,1,0,0,37,0,518,0,1,39,100316,2346,0,38,0,0,0,LEADER,1,0,0,0,0,37
103379,30,adaptive-prasle,2143,1,0,0,37,0,518,0,1,30,101236,2143,0,38,0,0,0,LEADER,1,0,0,0,0,37
102785,64,adaptive-prasle,1549,1,0,0,37,0,518,0,1,64,101236,1549,0,38,0,0,0,LEADER,1,0,0,0,0,37
103010,80,adaptive-prasle,1774,1,0,0,37,0,518,0,1,80,101236,1774,0,38,0,0,0,LEADER,1,0,0,0,0,37
102750,54,adaptive-prasle,1516,1,0,0,37,0,518,0,1,54,101234,1516,0,38,0,0,0,LEADER,1,0,0,0,0,37
103276,43,adaptive-prasle,2040,1,0,0,37,0,518,0,1,43,101236,2040,0,38,0,0,0,LEADER,1,0,0,0,0,37
103196,26,adaptive-prasle,1960,1,0,0,37,0,518,0,1,26,101236,1960,0,38,0,0,0,LEADER,1,0,0,0,0,37
102826,42,adaptive-prasle,1591,1,0,0,37,0,518,0,1,42,101235,1591,0,38,0,0,0,LEADER,1,0,0,0,0,37
102834,31,adaptive-prasle,1598,1,0,0,37,0,518,0,1,31,101236,1598,0,38,0,0,0,LEADER,1,0,0,0,0,37
103591,94,adaptive-prasle,2355,1,0,0,37,0,518,0,1,94,101236,2355,0,38,0,0,0,LEADER,1,0,0,0,0,37
103161,45,adaptive-prasle,1925,1,0,0,37,0,518,0,1,45,101236,1925,0,38,0,0,0,LEADER,1,0,0,0,0,37
103534,60,adaptive-prasle,2298,1,0,0,37,0,518,0,1,60,101236,2298,0,38,0,0,0,LEADER,1,0,0,0,0,37
103640,44,adaptive-prasle,1483,1,0,0,38,0,532,0,1,44,102157,1483,0,39,0,0,0,LEADER,1,0,0,0,0,38
103243,33,adaptive-prasle,2007,1,0,0,37,0,518,0,1,33,101236,2007,0,38,0,0,0,LEADER,1,0,0,0,0,37
102888,51,adaptive-prasle,1652,1,0,0,37,0,518,0,1,51,101236,1652,0,38,0,0,0,LEADER,1,0,0,0,0,37
103398,72,adaptive-prasle,2162,1,0,0,37,0,518,0,1,72,101236,2162,0,38,0,0,0,LEADER,1,0,0,0,0,37
103688,22,adaptive-prasle,1531,1,0,0,38,0,532,0,1,22,102157,1531,0,39,0,0,0,LEADER,1,0,0,0,0,38
103188,24,adaptive-prasle,1952,1,0,0,37,0,518,0,1,24,101236,1952,0,38,0,0,0,LEADER,1,0,0,0,0,37
103720,32,adaptive-prasle,1564,1,0,0,38,0,532,0,1,32,102156,1564,0,39,0,0,0,LEADER,1,0,0,0,0,38
102907,93,adaptive-prasle,1671,1,0,0,37,0,518,0,1,93,101236,1671,0,38,0,0,0,LEADER,1,0,0,0,0,37
103579,69,adaptive-prasle,2343,1,0,0,37,0,518,0,1,69,101236,2343,0,38,0,0,0,LEADER,1,0,0,0,0,37
103567,79,adaptive-prasle,2331,1,0,0,37,0,518,0,1,79,101236,2331,0,38,0,0,0,LEADER,1,0,0,0,0,37
103261,75,adaptive-prasle,2025,1,0,0,37,0,518,0,1,75,101236,2025,0,38,0,0,0,LEADER,1,0,0,0,0,37
102988,81,adaptive-prasle,1752,1,0,0,37,0,518,0,1,81,101236,1752,0,38,0,0,0,LEADER,1,0,0,0,0,37
102846,52,adaptive-prasle,1610,1,0,0,37,0,518,0,1,52,101236,1610,0,38,0,0,0,LEADER,1,0,0,0,0,37
103325,21,adaptive-prasle,2088,1,0,0,37,0,518,0,1,21,101237,2088,0,38,0,0,0,LEADER,1,0,0,0,0,37
103501,29,adaptive-prasle,2265,1,0,0,37,0,518,0,1,29,101236,2265,0,38,0,0,0,LEADER,1,0,0,0,0,37
103077,100,adaptive-prasle,1841,1,0,0,37,0,518,0,1,100,101236,1841,0,38,0,0,0,LEADER,1,0,0,0,0,37
102922,61,adaptive-prasle,1686,1,0,0,37,0,518,0,1,61,101236,1686,0,38,0,0,0,LEADER,1,0,0,0,0,37
103486,91,adaptive-prasle,2250,1,0,0,37,0,518,0,1,91,101236,2250,0,38,0,0,0,LEADER,1,0,0,0,0,37
103446,37,adaptive-prasle,2210,1,0,0,37,0,518,0,1,37,101236,2210,0,38,0,0,0,LEADER,1,0,0,0,0,37
102989,38,adaptive-prasle,1755,1,0,0,37,0,518,0,1,38,101234,1755,0,38,0,0,0,LEADER,1,0,0,0,0,37
103655,98,adaptive-prasle,2419,1,0,0,37,0,518,0,1,98,101236,2419,0,38,0,0,0,LEADER,1,0,0,0,0,37
103514,27,adaptive-prasle,2280,1,0,0,37,0,518,0,1,27,101234,2280,0,38,0,0,0,LEADER,1,0,0,0,0,37
103364,62,adaptive-prasle,2128,1,0,0,37,0,518,0,1,62,101236,2128,0,38,0,0,0,LEADER,1,0,0,0,0,37
103173,56,adaptive-prasle,1937,1,0,0,37,0,518,0,1,56,101236,1937,0,38,0,0,0,LEADER,1,0,0,0,0,37
103561,99,adaptive-prasle,2328,1,0,0,37,0,518,0,1,99,101233,2328,0,38,0,0,0,LEADER,1,0,0,0,0,37
103438,48,adaptive-prasle,2202,1,0,0,37,0,518,0,1,48,101236,2202,0,38,0,0,0,LEADER,1,0,0,0,0,37
102955,71,adaptive-prasle,1719,1,0,0,37,0,518,0,1,71,101236,1719,0,38,0,0,0,LEADER,1,0,0,0,0,37
103180,87,adaptive-prasle,1944,1,0,0,37,0,518,0,1,87,101236,1944,0,38,0,0,0,LEADER,1,0,0,0,0,37
103106,36,adaptive-prasle,1870,1,0,0,37,0,518,0,1,36,101236,1870,0,38,0,0,0,LEADER,1,0,0,0,0,37
103603,77,adaptive-prasle,1446,1,0,0,38,0,532,0,1,77,102157,1446,0,39,0,0,0,LEADER,1,0,0,0,0,38
103796,83,adaptive-prasle,1637,1,0,0,38,0,532,0,1,83,102159,1637,0,39,0,0,0,LEADER,1,0,0,0,0,38
103295,85,adaptive-prasle,2059,1,0,0,37,0,518,0,1,85,101236,2059,0,38,0,0,0,LEADER,1,0,0,0,0,37
103824,19,adaptive-prasle,1667,1,0,0,38,0,532,0,1,19,102157,1667,0,39,0,0,0,LEADER,1,0,0,0,0,38
103979,65,adaptive-prasle,1822,1,0,0,38,0,532,0,1,65,102157,1822,0,39,0,0,0,LEADER,1,0,0,0,0,38
103585,35,adaptive-prasle,1428,1,0,0,38,0,532,0,1,35,102157,1428,0,39,0,0,0,LEADER,1,0,0,0,0,38
103600,86,adaptive-prasle,1443,1,0,0,38,0,532,0,1,86,102157,1443,0,39,0,0,0,LEADER,1,0,0,0,0,38
103642,50,adaptive-prasle,2406,1,0,0,37,0,518,0,1,50,101236,2406,0,38,0,0,0,LEADER,1,0,0,0,0,37
103658,55,adaptive-prasle,1501,1,0,0,38,0,532,0,1,55,102157,1501,0,39,0,0,0,LEADER,1,0,0,0,0,38
103697,63,adaptive-prasle,1540,1,0,0,38,0,532,0,1,63,102157,1540,0,39,0,0,0,LEADER,1,0,0,0,0,38
104061,46,adaptive-prasle,1904,1,0,0,38,0,532,0,1,46,102157,1904,0,39,0,0,0,LEADER,1,0,0,0,0,38
103856,53,adaptive-prasle,1701,1,0,0,38,0,532,0,1,53,102155,1701,0,39,0,0,0,LEADER,1,0,0,0,0,38
103210,23,adaptive-prasle,1974,1,0,0,37,0,518,0,1,23,101236,1974,0,38,0,0,0,LEADER,1,0,0,0,0,37
104079,88,adaptive-prasle,1922,1,0,0,38,0,532,0,1,88,102157,1922,0,39,0,0,0,LEADER,1,0,0,0,0,38
103606,34,adaptive-prasle,1449,1,0,0,38,0,532,0,1,34,102157,1449,0,39,0,0,0,LEADER,1,0,0,0,0,38
103213,97,adaptive-prasle,1977,1,0,0,37,0,518,0,1,97,101236,1977,0,38,0,0,0,LEADER,1,0,0,0,0,37
103333,20,adaptive-prasle,2095,1,0,0,37,0,518,0,1,20,101238,2095,0,38,0,0,0,LEADER,1,0,0,0,0,37
103413,40,adaptive-prasle,2177,1,0,0,37,0,518,0,1,40,101236,2177,0,38,0,0,0,LEADER,1,0,0,0,0,37
103336,47,adaptive-prasle,2100,1,0,0,37,0,518,0,1,47,101236,2100,0,38,0,0,0,LEADER,1,0,0,0,0,37
104249,95,adaptive-prasle,2092,1,0,0,38,0,532,0,1,95,102157,2092,0,39,0,0,0,LEADER,1,0,0,0,0,38
103631,25,adaptive-prasle,2395,1,0,0,37,0,518,0,1,25,101236,2395,0,38,0,0,0,LEADER,1,0,0,0,0,37
104237,84,adaptive-prasle,2080,1,0,0,38,0,532,0,1,84,102157,2080,0,39,0,0,0,LEADER,1,0,0,0,0,38
103513,70,adaptive-prasle,2277,1,0,0,37,0,518,0,1,70,101236,2277,0,38,0,0,0,LEADER,1,0,0,0,0,37
103431,82,adaptive-prasle,2195,1,0,0,37,0,518,0,1,82,101236,2195,0,38,0,0,0,LEADER,1,0,0,0,0,37
103649,67,adaptive-prasle,2413,1,0,0,37,0,518,0,1,67,101236,2413,0,38,0,0,0,LEADER,1,0,0,0,0,37
103601,89,adaptive-prasle,2365,1,0,0,37,0,518,0,1,89,101236,2365,0,38,0,0,0,LEADER,1,0,0,0,0,37
104270,28,adaptive-prasle,2113,1,0,0,38,0,532,0,1,28,102157,2113,0,39,0,0,0,LEADER,1,0,0,0,0,38
104012,68,adaptive-prasle,1855,1,0,0,38,0,532,0,1,68,102157,1855,0,39,0,0,0,LEADER,1,0,0,0,0,38
103964,90,adaptive-prasle,1807,1,0,0,38,0,532,0,1,90,102157,1807,0,39,0,0,0,LEADER,1,0,0,0,0,38
103625,76,adaptive-prasle,1468,1,0,0,38,0,532,0,1,76,102157,1468,0,39,0,0,0,LEADER,1,0,0,0,0,38
103946,10,adaptive-prasle,1789,1,0,0,38,0,532,0,1,10,102157,1789,0,39,0,0,0,LEADER,1,0,0,0,0,38
104378,58,adaptive-prasle,2221,1,0,0,38,0,532,0,1,58,102157,2221,0,39,0,0,0,LEADER,1,0,0,0,0,38
103761,73,adaptive-prasle,1604,1,0,0,38,0,532,0,1,73,102157,1604,0,39,0,0,0,LEADER,1,0,0,0,0,38
103501,59,adaptive-prasle,2265,1,0,0,37,0,518,0,1,59,101236,2265,0,38,0,0,0,LEADER,1,0,0,0,0,37
103776,41,adaptive-prasle,1619,1,0,0,38,0,532,0,1,41,102157,1619,0,39,0,0,0,LEADER,1,0,0,0,0,38
103691,96,adaptive-prasle,1534,1,0,0,38,0,532,0,1,96,102157,1534,0,39,0,0,0,LEADER,1,0,0,0,0,38
103924,49,adaptive-prasle,1767,1,0,0,38,0,532,0,1,49,102157,1767,0,39,0,0,0,LEADER,1,0,0,0,0,38
103993,74,adaptive-prasle,1837,1,0,0,38,0,532,0,1,74,102156,1837,0,39,0,0,0,LEADER,1,0,0,0,0,38
104385,92,adaptive-prasle,2228,1,0,0,38,0,532,0,1,92,102157,2228,0,39,0,0,0,LEADER,1,0,0,0,0,38
103593,66,adaptive-prasle,1434,1,0,0,38,0,532,0,1,66,102159,1434,0,39,0,0,0,LEADER,1,0,0,0,0,38
103616,57,adaptive-prasle,2380,1,0,0,37,0,518,0,1,57,101236,2380,0,38,0,0,0,LEADER,1,0,0,0,0,37
104417,78,adaptive-prasle,2260,1,0,0,38,0,532,0,1,78,102157,2260,0,39,0,0,0,LEADER,1,0,0,0,0,38
103582,39,adaptive-prasle,2346,1,0,0,37,0,518,0,1,39,101236,2346,0,38,0,0,0,LEADER,1,0,0,0,0,37
104300,30,adaptive-prasle,2143,1,0,0,38,0,532,0,1,30,102157,2143,0,39,0,0,0,LEADER,1,0,0,0,0,38
103706,64,adaptive-prasle,1549,1,0,0,38,0,532,0,1,64,102157,1549,0,39,0,0,0,LEADER,1,0,0,0,0,38
103931,80,adaptive-prasle,1774,1,0,0,38,0,532,0,1,80,102157,1774,0,39,0,0,0,LEADER,1,0,0,0,0,38
103671,54,adaptive-prasle,1516,1,0,0,38,0,532,0,1,54,102155,1516,0,39,0,0,0,LEADER,1,0,0,0,0,38
104197,43,adaptive-prasle,2040,1,0,0,38,0,532,0,1,43,102157,2040,0,39,0,0,0,LEADER,1,0,0,0,0,38
104117,26,adaptive-prasle,1960,1,0,0,38,0,532,0,1,26,102157,1960,0,39,0,0,0,LEADER,1,0,0,0,0,38
103747,42,adaptive-prasle,1591,1,0,0,38,0,532,0,1,42,102156,1591,0,39,0,0,0,LEADER,1,0,0,0,0,38
103755,31,adaptive-prasle,1598,1,0,0,38,0,532,0,1,31,102157,1598,0,39,0,0,0,LEADER,1,0,0,0,0,38
104512,94,adaptive-prasle,2355,1,0,0,38,0,532,0,1,94,102157,2355,0,39,0,0,0,LEADER,1,0,0,0,0,38
104082,45,adaptive-prasle,1925,1,0,0,38,0,532,0,1,45,102157,1925,0,39,0,0,0,LEADER,1,0,0,0,0,38
104455,60,adaptive-prasle,2298,1,0,0,38,0,532,0,1,60,102157,2298,0,39,0,0,0,LEADER,1,0,0,0,0,38
104560,44,adaptive-prasle,1483,1,0,0,38,0,532,0,1,44,103077,1483,0,39,0,0,0,LEADER,1,0,0,0,0,38
104164,33,adaptive-prasle,2007,1,0,0,38,0,532,0,1,33,102157,2007,0,39,0,0,0,LEADER,1,0,0,0,0,38
103809,51,adaptive-prasle,1652,1,0,0,38,0,532,0,1,51,102157,1652,0,39,0,0,0,LEADER,1,0,0,0,0,38
104608,22,adaptive-prasle,1531,1,0,0,38,0,532,0,1,22,103077,1531,0,39,0,0,0,LEADER,1,0,0,0,0,38
104319,72,adaptive-prasle,2162,1,0,0,38,0,532,0,1,72,102157,2162,0,39,0,0,0,LEADER,1,0,0,0,0,38
104109,24,adaptive-prasle,1952,1,0,0,38,0,532,0,1,24,102157,1952,0,39,0,0,0,LEADER,1,0,0,0,0,38
104640,32,adaptive-prasle,1564,1,0,0,38,0,532,0,1,32,103076,1564,0,39,0,0,0,LEADER,1,0,0,0,0,38
103828,93,adaptive-prasle,1671,1,0,0,38,0,532,0,1,93,102157,1671,0,39,0,0,0,LEADER,1,0,0,0,0,38
104500,69,adaptive-prasle,2343,1,0,0,38,0,532,0,1,69,102157,2343,0,39,0,0,0,LEADER,1,0,0,0,0,38
104487,79,adaptive-prasle,2331,1,0,0,38,0,532,0,1,79,102156,2331,0,39,0,0,0,LEADER,1,0,0,0,0,38
104182,75,adaptive-prasle,2025,1,0,0,38,0,532,0,1,75,102157,2025,0,39,0,0,0,LEADER,1,0,0,0,0,38
103909,81,adaptive-prasle,1752,1,0,0,38,0,532,0,1,81,102157,1752,0,39,0,0,0,LEADER,1,0,0,0,0,38
103767,52,adaptive-prasle,1610,1,0,0,38,0,532,0,1,52,102157,1610,0,39,0,0,0,LEADER,1,0,0,0,0,38
104422,29,adaptive-prasle,2265,1,0,0,38,0,532,0,1,29,102157,2265,0,39,0,0,0,LEADER,1,0,0,0,0,38
104246,21,adaptive-prasle,2088,1,0,0,38,0,532,0,1,21,102158,2088,0,39,0,0,0,LEADER,1,0,0,0,0,38
103998,100,adaptive-prasle,1841,1,0,0,38,0,532,0,1,100,102157,1841,0,39,0,0,0,LEADER,1,0,0,0,0,38
103843,61,adaptive-prasle,1686,1,0,0,38,0,532,0,1,61,102157,1686,0,39,0,0,0,LEADER,1,0,0,0,0,38
104407,91,adaptive-prasle,2250,1,0,0,38,0,532,0,1,91,102157,2250,0,39,0,0,0,LEADER,1,0,0,0,0,38
104367,37,adaptive-prasle,2210,1,0,0,38,0,532,0,1,37,102157,2210,0,39,0,0,0,LEADER,1,0,0,0,0,38
103910,38,adaptive-prasle,1755,1,0,0,38,0,532,0,1,38,102155,1755,0,39,0,0,0,LEADER,1,0,0,0,0,38
104576,98,adaptive-prasle,2419,1,0,0,38,0,532,0,1,98,102157,2419,0,39,0,0,0,LEADER,1,0,0,0,0,38
104435,27,adaptive-prasle,2280,1,0,0,38,0,532,0,1,27,102155,2280,0,39,0,0,0,LEADER,1,0,0,0,0,38
104285,62,adaptive-prasle,2128,1,0,0,38,0,532,0,1,62,102157,2128,0,39,0,0,0,LEADER,1,0,0,0,0,38
104094,56,adaptive-prasle,1937,1,0,0,38,0,532,0,1,56,102157,1937,0,39,0,0,0,LEADER,1,0,0,0,0,38
104482,99,adaptive-prasle,2328,1,0,0,38,0,532,0,1,99,102154,2328,0,39,0,0,0,LEADER,1,0,0,0,0,38
104359,48,adaptive-prasle,2202,1,0,0,38,0,532,0,1,48,102157,2202,0,39,0,0,0,LEADER,1,0,0,0,0,38
103876,71,adaptive-prasle,1719,1,0,0,38,0,532,0,1,71,102157,1719,0,39,0,0,0,LEADER,1,0,0,0,0,38
104101,87,adaptive-prasle,1944,1,0,0,38,0,532,0,1,87,102157,1944,0,39,0,0,0,LEADER,1,0,0,0,0,38
104027,36,adaptive-prasle,1870,1,0,0,38,0,532,0,1,36,102157,1870,0,39,0,0,0,LEADER,1,0,0,0,0,38
104523,77,adaptive-prasle,1446,1,0,0,38,0,532,0,1,77,103077,1446,0,39,0,0,0,LEADER,1,0,0,0,0,38
104716,83,adaptive-prasle,1637,1,0,0,38,0,532,0,1,83,103079,1637,0,39,0,0,0,LEADER,1,0,0,0,0,38
104216,85,adaptive-prasle,2059,1,0,0,38,0,532,0,1,85,102157,2059,0,39,0,0,0,LEADER,1,0,0,0,0,38
104744,19,adaptive-prasle,1667,1,0,0,38,0,532,0,1,19,103077,1667,0,39,0,0,0,LEADER,1,0,0,0,0,38
104899,65,adaptive-prasle,1822,1,0,0,38,0,532,0,1,65,103077,1822,0,39,0,0,0,LEADER,1,0,0,0,0,38
104505,35,adaptive-prasle,1428,1,0,0,38,0,532,0,1,35,103077,1428,0,39,0,0,0,LEADER,1,0,0,0,0,38
104520,86,adaptive-prasle,1443,1,0,0,38,0,532,0,1,86,103077,1443,0,39,0,0,0,LEADER,1,0,0,0,0,38
104563,50,adaptive-prasle,2406,1,0,0,38,0,532,0,1,50,102157,2406,0,39,0,0,0,LEADER,1,0,0,0,0,38
104578,55,adaptive-prasle,1501,1,0,0,38,0,532,0,1,55,103077,1501,0,39,0,0,0,LEADER,1,0,0,0,0,38
104617,63,adaptive-prasle,1540,1,0,0,38,0,532,0,1,63,103077,1540,0,39,0,0,0,LEADER,1,0,0,0,0,38
104981,46,adaptive-prasle,1904,1,0,0,38,0,532,0,1,46,103077,1904,0,39,0,0,0,LEADER,1,0,0,0,0,38
104776,53,adaptive-prasle,1701,1,0,0,38,0,532,0,1,53,103075,1701,0,39,0,0,0,LEADER,1,0,0,0,0,38
104131,23,adaptive-prasle,1974,1,0,0,38,0,532,0,1,23,102157,1974,0,39,0,0,0,LEADER,1,0,0,0,0,38
104999,88,adaptive-prasle,1922,1,0,0,38,0,532,0,1,88,103077,1922,0,39,0,0,0,LEADER,1,0,0,0,0,38
104526,34,adaptive-prasle,1449,1,0,0,38,0,532,0,1,34,103077,1449,0,39,0,0,0,LEADER,1,0,0,0,0,38
104134,97,adaptive-prasle,1977,1,0,0,38,0,532,0,1,97,102157,1977,0,39,0,0,0,LEADER,1,0,0,0,0,38
104254,20,adaptive-prasle,2095,1,0,0,38,0,532,0,1,20,102159,2095,0,39,0,0,0,LEADER,1,0,0,0,0,38
104334,40,adaptive-prasle,2177,1,0,0,38,0,532,0,1,40,102157,2177,0,39,0,0,0,LEADER,1,0,0,0,0,38
104257,47,adaptive-prasle,2100,1,0,0,38,0,532,0,1,47,102157,2100,0,39,0,0,0,LEADER,1,0,0,0,0,38
105169,95,adaptive-prasle,2092,1,0,0,38,0,532,0,1,95,103077,2092,0,39,0,0,0,LEADER,1,0,0,0,0,38
104552,25,adaptive-prasle,2395,1,0,0,38,0,532,0,1,25,102157,2395,0,39,0,0,0,LEADER,1,0,0,0,0,38
105157,84,adaptive-prasle,2080,1,0,0,38,0,532,0,1,84,103077,2080,0,39,0,0,0,LEADER,1,0,0,0,0,38
104434,70,adaptive-prasle,2277,1,0,0,38,0,532,0,1,70,102157,2277,0,39,0,0,0,LEADER,1,0,0,0,0,38
104352,82,adaptive-prasle,2195,1,0,0,38,0,532,0,1,82,102157,2195,0,39,0,0,0,LEADER,1,0,0,0,0,38
104570,67,adaptive-prasle,2413,1,0,0,38,0,532,0,1,67,102157,2413,0,39,0,0,0,LEADER,1,0,0,0,0,38
104522,89,adaptive-prasle,2365,1,0,0,38,0,532,0,1,89,102157,2365,0,39,0,0,0,LEADER,1,0,0,0,0,38
105190,28,adaptive-prasle,2113,1,0,0,38,0,532,0,1,28,103077,2113,0,39,0,0,0,LEADER,1,0,0,0,0,38
104932,68,adaptive-prasle,1855,1,0,0,38,0,532,0,1,68,103077,1855,0,39,0,0,0,LEADER,1,0,0,0,0,38
104884,90,adaptive-prasle,1807,1,0,0,38,0,532,0,1,90,103077,1807,0,39,0,0,0,LEADER,1,0,0,0,0,38
104545,76,adaptive-prasle,1468,1,0,0,38,0,532,0,1,76,103077,1468,0,39,0,0,0,LEADER,1,0,0,0,0,38
104866,10,adaptive-prasle,1789,1,0,0,38,0,532,0,1,10,103077,1789,0,39,0,0,0,LEADER,1,0,0,0,0,38
105298,58,adaptive-prasle,2221,1,0,0,38,0,532,0,1,58,103077,2221,0,39,0,0,0,LEADER,1,0,0,0,0,38
104681,73,adaptive-prasle,1604,1,0,0,38,0,532,0,1,73,103077,1604,0,39,0,0,0,LEADER,1,0,0,0,0,38
104422,59,adaptive-prasle,2265,1,0,0,38,0,532,0,1,59,102157,2265,0,39,0,0,0,LEADER,1,0,0,0,0,38
104696,41,adaptive-prasle,1619,1,0,0,38,0,532,0,1,41,103077,1619,0,39,0,0,0,LEADER,1,0,0,0,0,38
104611,96,adaptive-prasle,1534,1,0,0,38,0,532,0,1,96,103077,1534,0,39,0,0,0,LEADER,1,0,0,0,0,38
104844,49,adaptive-prasle,1767,1,0,0,38,0,532,0,1,49,103077,1767,0,39,0,0,0,LEADER,1,0,0,0,0,38
104913,74,adaptive-prasle,1837,1,0,0,38,0,532,0,1,74,103076,1837,0,39,0,0,0,LEADER,1,0,0,0,0,38
105305,92,adaptive-prasle,2228,1,0,0,38,0,532,0,1,92,103077,2228,0,39,0,0,0,LEADER,1,0,0,0,0,38
104513,66,adaptive-prasle,1434,1,0,0,38,0,532,0,1,66,103079,1434,0,39,0,0,0,LEADER,1,0,0,0,0,38
104537,57,adaptive-prasle,2380,1,0,0,38,0,532,0,1,57,102157,2380,0,39,0,0,0,LEADER,1,0,0,0,0,38
105337,78,adaptive-prasle,2260,1,0,0,38,0,532,0,1,78,103077,2260,0,39,0,0,0,LEADER,1,0,0,0,0,38
104503,39,adaptive-prasle,2346,1,0,0,38,0,532,0,1,39,102157,2346,0,39,0,0,0,LEADER,1,0,0,0,0,38
105220,30,adaptive-prasle,2143,1,0,0,38,0,532,0,1,30,103077,2143,0,39,0,0,0,LEADER,1,0,0,0,0,38
104626,64,adaptive-prasle,1549,1,0,0,38,0,532,0,1,64,103077,1549,0,39,0,0,0,LEADER,1,0,0,0,0,38
104851,80,adaptive-prasle,1774,1,0,0,38,0,532,0,1,80,103077,1774,0,39,0,0,0,LEADER,1,0,0,0,0,38
104591,54,adaptive-prasle,1516,1,0,0,38,0,532,0,1,54,103075,1516,0,39,0,0,0,LEADER,1,0,0,0,0,38
105117,43,adaptive-prasle,2040,1,0,0,38,0,532,0,1,43,103077,2040,0,39,0,0,0,LEADER,1,0,0,0,0,38
105037,26,adaptive-prasle,1960,1,0,0,38,0,532,0,1,26,103077,1960,0,39,0,0,0,LEADER,1,0,0,0,0,38
104667,42,adaptive-prasle,1591,1,0,0,38,0,532,0,1,42,103076,1591,0,39,0,0,0,LEADER,1,0,0,0,0,38
104675,31,adaptive-prasle,1598,1,0,0,38,0,532,0,1,31,103077,1598,0,39,0,0,0,LEADER,1,0,0,0,0,38
105432,94,adaptive-prasle,2355,1,0,0,38,0,532,0,1,94,103077,2355,0,39,0,0,0,LEADER,1,0,0,0,0,38
105002,45,adaptive-prasle,1925,1,0,0,38,0,532,0,1,45,103077,1925,0,39,0,0,0,LEADER,1,0,0,0,0,38
105375,60,adaptive-prasle,2298,1,0,0,38,0,532,0,1,60,103077,2298,0,39,0,0,0,LEADER,1,0,0,0,0,38
105480,44,adaptive-prasle,1483,1,0,0,38,0,532,0,1,44,103997,1483,0,39,0,0,0,LEADER,1,0,0,0,0,38
105084,33,adaptive-prasle,2007,1,0,0,38,0,532,0,1,33,103077,2007,0,39,0,0,0,LEADER,1,0,0,0,0,38
104729,51,adaptive-prasle,1652,1,0,0,38,0,532,0,1,51,103077,1652,0,39,0,0,0,LEADER,1,0,0,0,0,38
105528,22,adaptive-prasle,1531,1,0,0,38,0,532,0,1,22,103997,1531,0,39,0,0,0,LEADER,1,0,0,0,0,38
105239,72,adaptive-prasle,2162,1,0,0,38,0,532,0,1,72,103077,2162,0,39,0,0,0,LEADER,1,0,0,0,0,38
105029,24,adaptive-prasle,1952,1,0,0,38,0,532,0,1,24,103077,1952,0,39,0,0,0,LEADER,1,0,0,0,0,38
105560,32,adaptive-prasle,1564,1,0,0,38,0,532,0,1,32,103996,1564,0,39,0,0,0,LEADER,1,0,0,0,0,38
104748,93,adaptive-prasle,1671,1,0,0,38,0,532,0,1,93,103077,1671,0,39,0,0,0,LEADER,1,0,0,0,0,38
105420,69,adaptive-prasle,2343,1,0,0,38,0,532,0,1,69,103077,2343,0,39,0,0,0,LEADER,1,0,0,0,0,38
105407,79,adaptive-prasle,2331,1,0,0,38,0,532,0,1,79,103076,2331,0,39,0,0,0,LEADER,1,0,0,0,0,38
105102,75,adaptive-prasle,2025,1,0,0,38,0,532,0,1,75,103077,2025,0,39,0,0,0,LEADER,1,0,0,0,0,38
104829,81,adaptive-prasle,1752,1,0,0,38,0,532,0,1,81,103077,1752,0,39,0,0,0,LEADER,1,0,0,0,0,38
104687,52,adaptive-prasle,1610,1,0,0,38,0,532,0,1,52,103077,1610,0,39,0,0,0,LEADER,1,0,0,0,0,38
105166,21,adaptive-prasle,2088,1,0,0,38,0,532,0,1,21,103078,2088,0,39,0,0,0,LEADER,1,0,0,0,0,38
105342,29,adaptive-prasle,2265,1,0,0,38,0,532,0,1,29,103077,2265,0,39,0,0,0,LEADER,1,0,0,0,0,38
104918,100,adaptive-prasle,1841,1,0,0,38,0,532,0,1,100,103077,1841,0,39,0,0,0,LEADER,1,0,0,0,0,38
104763,61,adaptive-prasle,1686,1,0,0,38,0,532,0,1,61,103077,1686,0,39,0,0,0,LEADER,1,0,0,0,0,38
105327,91,adaptive-prasle,2250,1,0,0,38,0,532,0,1,91,103077,2250,0,39,0,0,0,LEADER,1,0,0,0,0,38
105287,37,adaptive-prasle,2210,1,0,0,38,0,532,0,1,37,103077,2210,0,39,0,0,0,LEADER,1,0,0,0,0,38
104830,38,adaptive-prasle,1755,1,0,0,38,0,532,0,1,38,103075,1755,0,39,0,0,0,LEADER,1,0,0,0,0,38
105496,98,adaptive-prasle,2419,1,0,0,38,0,532,0,1,98,103077,2419,0,39,0,0,0,LEADER,1,0,0,0,0,38
105355,27,adaptive-prasle,2280,1,0,0,38,0,532,0,1,27,103075,2280,0,39,0,0,0,LEADER,1,0,0,0,0,38
105205,62,adaptive-prasle,2128,1,0,0,38,0,532,0,1,62,103077,2128,0,39,0,0,0,LEADER,1,0,0,0,0,38
105014,56,adaptive-prasle,1937,1,0,0,38,0,532,0,1,56,103077,1937,0,39,0,0,0,LEADER,1,0,0,0,0,38
105402,99,adaptive-prasle,2328,1,0,0,38,0,532,0,1,99,103074,2328,0,39,0,0,0,LEADER,1,0,0,0,0,38
105279,48,adaptive-prasle,2202,1,0,0,38,0,532,0,1,48,103077,2202,0,39,0,0,0,LEADER,1,0,0,0,0,38
104796,71,adaptive-prasle,1719,1,0,0,38,0,532,0,1,71,103077,1719,0,39,0,0,0,LEADER,1,0,0,0,0,38
105021,87,adaptive-prasle,1944,1,0,0,38,0,532,0,1,87,103077,1944,0,39,0,0,0,LEADER,1,0,0,0,0,38
104947,36,adaptive-prasle,1870,1,0,0,38,0,532,0,1,36,103077,1870,0,39,0,0,0,LEADER,1,0,0,0,0,38
105443,77,adaptive-prasle,1446,1,0,0,38,0,532,0,1,77,103997,1446,0,39,0,0,0,LEADER,1,0,0,0,0,38
105636,83,adaptive-prasle,1637,1,0,0,38,0,532,0,1,83,103999,1637,0,39,0,0,0,LEADER,1,0,0,0,0,38
105136,85,adaptive-prasle,2059,1,0,0,38,0,532,0,1,85,103077,2059,0,39,0,0,0,LEADER,1,0,0,0,0,38
105664,19,adaptive-prasle,1667,1,0,0,38,0,532,0,1,19,103997,1667,0,39,0,0,0,LEADER,1,0,0,0,0,38
105819,65,adaptive-prasle,1822,1,0,0,38,0,532,0,1,65,103997,1822,0,39,0,0,0,LEADER,1,0,0,0,0,38
105425,35,adaptive-prasle,1428,1,0,0,38,0,532,0,1,35,103997,1428,0,39,0,0,0,LEADER,1,0,0,0,0,38
105440,86,adaptive-prasle,1443,1,0,0,38,0,532,0,1,86,103997,1443,0,39,0,0,0,LEADER,1,0,0,0,0,38
105483,50,adaptive-prasle,2406,1,0,0,38,0,532,0,1,50,103077,2406,0,39,0,0,0,LEADER,1,0,0,0,0,38
105498,55,adaptive-prasle,1501,1,0,0,38,0,532,0,1,55,103997,1501,0,39,0,0,0,LEADER,1,0,0,0,0,38
105537,63,adaptive-prasle,1540,1,0,0,38,0,532,0,1,63,103997,1540,0,39,0,0,0,LEADER,1,0,0,0,0,38
105901,46,adaptive-prasle,1904,1,0,0,38,0,532,0,1,46,103997,1904,0,39,0,0,0,LEADER,1,0,0,0,0,38
105696,53,adaptive-prasle,1701,1,0,0,38,0,532,0,1,53,103995,1701,0,39,0,0,0,LEADER,1,0,0,0,0,38
105051,23,adaptive-prasle,1974,1,0,0,38,0,532,0,1,23,103077,1974,0,39,0,0,0,LEADER,1,0,0,0,0,38
105919,88,adaptive-prasle,1922,1,0,0,38,0,532,0,1,88,103997,1922,0,39,0,0,0,LEADER,1,0,0,0,0,38
105446,34,adaptive-prasle,1449,1,0,0,38,0,532,0,1,34,103997,1449,0,39,0,0,0,LEADER,1,0,0,0,0,38
105054,97,adaptive-prasle,1977,1,0,0,38,0,532,0,1,97,103077,1977,0,39,0,0,0,LEADER,1,0,0,0,0,38
105174,20,adaptive-prasle,2095,1,0,0,38,0,532,0,1,20,103079,2095,0,39,0,0,0,LEADER,1,0,0,0,0,38
105254,40,adaptive-prasle,2177,1,0,0,38,0,532,0,1,40,103077,2177,0,39,0,0,0,LEADER,1,0,0,0,0,38
105177,47,adaptive-prasle,2100,1,0,0,38,0,532,0,1,47,103077,2100,0,39,0,0,0,LEADER,1,0,0,0,0,38
106089,95,adaptive-prasle,2092,1,0,0,38,0,532,0,1,95,103997,2092,0,39,0,0,0,LEADER,1,0,0,0,0,38
105472,25,adaptive-prasle,2395,1,0,0,38,0,532,0,1,25,103077,2395,0,39,0,0,0,LEADER,1,0,0,0,0,38
106077,84,adaptive-prasle,2080,1,0,0,38,0,532,0,1,84,103997,2080,0,39,0,0,0,LEADER,1,0,0,0,0,38
105354,70,adaptive-prasle,2277,1,0,0,38,0,532,0,1,70,103077,2277,0,39,0,0,0,LEADER,1,0,0,0,0,38
105272,82,adaptive-prasle,2195,1,0,0,38,0,532,0,1,82,103077,2195,0,39,0,0,0,LEADER,1,0,0,0,0,38
105490,67,adaptive-prasle,2413,1,0,0,38,0,532,0,1,67,103077,2413,0,39,0,0,0,LEADER,1,0,0,0,0,38
105442,89,adaptive-prasle,2365,1,0,0,38,0,532,0,1,89,103077,2365,0,39,0,0,0,LEADER,1,0,0,0,0,38
106110,28,adaptive-prasle,2113,1,0,0,38,0,532,0,1,28,103997,2113,0,39,0,0,0,LEADER,1,0,0,0,0,38
105852,68,adaptive-prasle,1855,1,0,0,38,0,532,0,1,68,103997,1855,0,39,0,0,0,LEADER,1,0,0,0,0,38
105804,90,adaptive-prasle,1807,1,0,0,38,0,532,0,1,90,103997,1807,0,39,0,0,0,LEADER,1,0,0,0,0,38
105465,76,adaptive-prasle,1468,1,0,0,38,0,532,0,1,76,103997,1468,0,39,0,0,0,LEADER,1,0,0,0,0,38
105786,10,adaptive-prasle,1789,1,0,0,38,0,532,0,1,10,103997,1789,0,39,0,0,0,LEADER,1,0,0,0,0,38
106218,58,adaptive-prasle,2221,1,0,0,38,0,532,0,1,58,103997,2221,0,39,0,0,0,LEADER,1,0,0,0,0,38
105601,73,adaptive-prasle,1604,1,0,0,38,0,532,0,1,73,103997,1604,0,39,0,0,0,LEADER,1,0,0,0,0,38
105342,59,adaptive-prasle,2265,1,0,0,38,0,532,0,1,59,103077,2265,0,39,0,0,0,LEADER,1,0,0,0,0,38
105616,41,adaptive-prasle,1619,1,0,0,38,0,532,0,1,41,103997,1619,0,39,0,0,0,LEADER,1,0,0,0,0,38
105531,96,adaptive-prasle,1534,1,0,0,38,0,532,0,1,96,103997,1534,0,39,0,0,0,LEADER,1,0,0,0,0,38
105764,49,adaptive-prasle,1767,1,0,0,38,0,532,0,1,49,103997,1767,0,39,0,0,0,LEADER,1,0,0,0,0,38
105833,74,adaptive-prasle,1837,1,0,0,38,0,532,0,1,74,103996,1837,0,39,0,0,0,LEADER,1,0,0,0,0,38
106225,92,adaptive-prasle,2228,1,0,0,38,0,532,0,1,92,103997,2228,0,39,0,0,0,LEADER,1,0,0,0,0,38
105433,66,adaptive-prasle,1434,1,0,0,38,0,532,0,1,66,103999,1434,0,39,0,0,0,LEADER,1,0,0,0,0,38
105457,57,adaptive-prasle,2380,1,0,0,38,0,532,0,1,57,103077,2380,0,39,0,0,0,LEADER,1,0,0,0,0,38
106257,78,adaptive-prasle,2260,1,0,0,38,0,532,0,1,78,103997,2260,0,39,0,0,0,LEADER,1,0,0,0,0,38
105423,39,adaptive-prasle,2346,1,0,0,38,0,532,0,1,39,103077,2346,0,39,0,0,0,LEADER,1,0,0,0,0,38
106140,30,adaptive-prasle,2143,1,0,0,38,0,532,0,1,30,103997,2143,0,39,0,0,0,LEADER,1,0,0,0,0,38
105546,64,adaptive-prasle,1549,1,0,0,38,0,532,0,1,64,103997,1549,0,39,0,0,0,LEADER,1,0,0,0,0,38
105771,80,adaptive-prasle,1774,1,0,0,38,0,532,0,1,80,103997,1774,0,39,0,0,0,LEADER,1,0,0,0,0,38
105511,54,adaptive-prasle,1516,1,0,0,38,0,532,0,1,54,103995,1516,0,39,0,0,0,LEADER,1,0,0,0,0,38
106037,43,adaptive-prasle,2040,1,0,0,38,0,532,0,1,43,103997,2040,0,39,0,0,0,LEADER,1,0,0,0,0,38
105957,26,adaptive-prasle,1960,1,0,0,38,0,532,0,1,26,103997,1960,0,39,0,0,0,LEADER,1,0,0,0,0,38
105587,42,adaptive-prasle,1591,1,0,0,38,0,532,0,1,42,103996,1591,0,39,0,0,0,LEADER,1,0,0,0,0,38
105595,31,adaptive-prasle,1598,1,0,0,38,0,532,0,1,31,103997,1598,0,39,0,0,0,LEADER,1,0,0,0,0,38
106352,94,adaptive-prasle,2355,1,0,0,38,0,532,0,1,94,103997,2355,0,39,0,0,0,LEADER,1,0,0,0,0,38
105922,45,adaptive-prasle,1925,1,0,0,38,0,532,0,1,45,103997,1925,0,39,0,0,0,LEADER,1,0,0,0,0,38
106295,60,adaptive-prasle,2298,1,0,0,38,0,532,0,1,60,103997,2298,0,39,0,0,0,LEADER,1,0,0,0,0,38
106401,44,adaptive-prasle,1483,1,0,0,39,0,546,0,1,44,104918,1483,0,40,0,0,0,LEADER,1,0,0,0,0,39
106004,33,adaptive-prasle,2007,1,0,0,38,0,532,0,1,33,103997,2007,0,39,0,0,0,LEADER,1,0,0,0,0,38
105649,51,adaptive-prasle,1652,1,0,0,38,0,532,0,1,51,103997,1652,0,39,0,0,0,LEADER,1,0,0,0,0,38
106159,72,adaptive-prasle,2162,1,0,0,38,0,532,0,1,72,103997,2162,0,39,0,0,0,LEADER,1,0,0,0,0,38
106449,22,adaptive-prasle,1531,1,0,0,39,0,546,0,1,22,104918,1531,0,40,0,0,0,LEADER,1,0,0,0,0,39
105949,24,adaptive-prasle,1952,1,0,0,38,0,532,0,1,24,103997,1952,0,39,0,0,0,LEADER,1,0,0,0,0,38
106481,32,adaptive-prasle,1564,1,0,0,39,0,546,0,1,32,104917,1564,0,40,0,0,0,LEADER,1,0,0,0,0,39
105668,93,adaptive-prasle,1671,1,0,0,38,0,532,0,1,93,103997,1671,0,39,0,0,0,LEADER,1,0,0,0,0,38
106340,69,adaptive-prasle,2343,1,0,0,38,0,532,0,1,69,103997,2343,0,39,0,0,0,LEADER,1,0,0,0,0,38
106327,79,adaptive-prasle,2331,1,0,0,38,0,532,0,1,79,103996,2331,0,39,0,0,0,LEADER,1,0,0,0,0,38
106022,75,adaptive-prasle,2025,1,0,0,38,0,532,0,1,75,103997,2025,0,39,0,0,0,LEADER,1,0,0,0,0,38
105749,81,adaptive-prasle,1752,1,0,0,38,0,532,0,1,81,103997,1752,0,39,0,0,0,LEADER,1,0,0,0,0,38
105607,52,adaptive-prasle,1610,1,0,0,38,0,532,0,1,52,103997,1610,0,39,0,0,0,LEADER,1,0,0,0,0,38
106086,21,adaptive-prasle,2088,1,0,0,38,0,532,0,1,21,103998,2088,0,39,0,0,0,LEADER,1,0,0,0,0,38
106262,29,adaptive-prasle,2265,1,0,0,38,0,532,0,1,29,103997,2265,0,39,0,0,0,LEADER,1,0,0,0,0,38
105838,100,adaptive-prasle,1841,1,0,0,38,0,532,0,1,100,103997,1841,0,39,0,0,0,LEADER,1,0,0,0,0,38
105683,61,adaptive-prasle,1686,1,0,0,38,0,532,0,1,61,103997,1686,0,39,0,0,0,LEADER,1,0,0,0,0,38
106247,91,adaptive-prasle,2250,1,0,0,38,0,532,0,1,91,103997,2250,0,39,0,0,0,LEADER,1,0,0,0,0,38
106207,37,adaptive-prasle,2210,1,0,0,38,0,532,0,1,37,103997,2210,0,39,0,0,0,LEADER,1,0,0,0,0,38
105750,38,adaptive-prasle,1755,1,0,0,38,0,532,0,1,38,103995,1755,0,39,0,0,0,LEADER,1,0,0,0,0,38
106416,98,adaptive-prasle,2419,1,0,0,38,0,532,0,1,98,103997,2419,0,39,0,0,0,LEADER,1,0,0,0,0,38
106275,27,adaptive-prasle,2280,1,0,0,38,0,532,0,1,27,103995,2280,0,39,0,0,0,LEADER,1,0,0,0,0,38
106125,62,adaptive-prasle,2128,1,0,0,38,0,532,0,1,62,103997,2128,0,39,0,0,0,LEADER,1,0,0,0,0,38
105934,56,adaptive-prasle,1937,1,0,0,38,0,532,0,1,56,103997,1937,0,39,0,0,0,LEADER,1,0,0,0,0,38
106322,99,adaptive-prasle,2328,1,0,0,38,0,532,0,1,99,103994,2328,0,39,0,0,0,LEADER,1,0,0,0,0,38
106199,48,adaptive-prasle,2202,1,0,0,38,0,532,0,1,48,103997,2202,0,39,0,0,0,LEADER,1,0,0,0,0,38
105716,71,adaptive-prasle,1719,1,0,0,38,0,532,0,1,71,103997,1719,0,39,0,0,0,LEADER,1,0,0,0,0,38
105941,87,adaptive-prasle,1944,1,0,0,38,0,532,0,1,87,103997,1944,0,39,0,0,0,LEADER,1,0,0,0,0,38
105867,36,adaptive-prasle,1870,1,0,0,38,0,532,0,1,36,103997,1870,0,39,0,0,0,LEADER,1,0,0,0,0,38
106364,77,adaptive-prasle,1446,1,0,0,39,0,546,0,1,77,104918,1446,0,40,0,0,0,LEADER,1,0,0,0,0,39
106557,83,adaptive-prasle,1637,1,0,0,39,0,546,0,1,83,104920,1637,0,40,0,0,0,LEADER,1,0,0,0,0,39
106056,85,adaptive-prasle,2059,1,0,0,38,0,532,0,1,85,103997,2059,0,39,0,0,0,LEADER,1,0,0,0,0,38
106585,19,adaptive-prasle,1667,1,0,0,39,0,546,0,1,19,104918,1667,0,40,0,0,0,LEADER,1,0,0,0,0,39
106740,65,adaptive-prasle,1822,1,0,0,39,0,546,0,1,65,104918,1822,0,40,0,0,0,LEADER,1,0,0,0,0,39
106346,35,adaptive-prasle,1428,1,0,0,39,0,546,0,1,35,104918,1428,0,40,0,0,0,LEADER,1,0,0,0,0,39
106361,86,adaptive-prasle,1443,1,0,0,39,0,546,0,1,86,104918,1443,0,40,0,0,0,LEADER,1,0,0,0,0,39
106403,50,adaptive-prasle,2406,1,0,0,38,0,532,0,1,50,103997,2406,0,39,0,0,0,LEADER,1,0,0,0,0,38
106419,55,adaptive-prasle,1501,1,0,0,39,0,546,0,1,55,104918,1501,0,40,0,0,0,LEADER,1,0,0,0,0,39
106458,63,adaptive-prasle,1540,1,0,0,39,0,546,0,1,63,104918,1540,0,40,0,0,0,LEADER,1,0,0,0,0,39
106822,46,adaptive-prasle,1904,1,0,0,39,0,546,0,1,46,104918,1904,0,40,0,0,0,LEADER,1,0,0,0,0,39
106617,53,adaptive-prasle,1701,1,0,0,39,0,546,0,1,53,104916,1701,0,40,0,0,0,LEADER,1,0,0,0,0,39
105971,23,adaptive-prasle,1974,1,0,0,38,0,532,0,1,23,103997,1974,0,39,0,0,0,LEADER,1,0,0,0,0,38
106840,88,adaptive-prasle,1922,1,0,0,39,0,546,0,1,88,104918,1922,0,40,0,0,0,LEADER,1,0,0,0,0,39
106367,34,adaptive-prasle,1449,1,0,0,39,0,546,0,1,34,104918,1449,0,40,0,0,0,LEADER,1,0,0,0,0,39
105974,97,adaptive-prasle,1977,1,0,0,38,0,532,0,1,97,103997,1977,0,39,0,0,0,LEADER,1,0,0,0,0,38
106094,20,adaptive-prasle,2095,1,0,0,38,0,532,0,1,20,103999,2095,0,39,0,0,0,LEADER,1,0,0,0,0,38
106174,40,adaptive-prasle,2177,1,0,0,38,0,532,0,1,40,103997,2177,0,39,0,0,0,LEADER,1,0,0,0,0,38
106097,47,adaptive-prasle,2100,1,0,0,38,0,532,0,1,47,103997,2100,0,39,0,0,0,LEADER,1,0,0,0,0,38
107010,95,adaptive-prasle,2092,1,0,0,39,0,546,0,1,95,104918,2092,0,40,0,0,0,LEADER,1,0,0,0,0,39
106392,25,adaptive-prasle,2395,1,0,0,38,0,532,0,1,25,103997,2395,0,39,0,0,0,LEADER,1,0,0,0,0,38
106998,84,adaptive-prasle,2080,1,0,0,39,0,546,0,1,84,104918,2080,0,40,0,0,0,LEADER,1,0,0,0,0,39
106274,70,adaptive-prasle,2277,1,0,0,38,0,532,0,1,70,103997,2277,0,39,0,0,0,LEADER,1,0,0,0,0,38
106192,82,adaptive-prasle,2195,1,0,0,38,0,532,0,1,82,103997,2195,0,39,0,0,0,LEADER,1,0,0,0,0,38
106410,67,adaptive-prasle,2413,1,0,0,38,0,532,0,1,67,103997,2413,0,39,0,0,0,LEADER,1,0,0,0,0,38
106362,89,adaptive-prasle,2365,1,0,0,38,0,532,0,1,89,103997,2365,0,39,0,0,0,LEADER,1,0,0,0,0,38
107031,28,adaptive-prasle,2113,1,0,0,39,0,546,0,1,28,104918,2113,0,40,0,0,0,LEADER,1,0,0,0,0,39
106773,68,adaptive-prasle,1855,1,0,0,39,0,546,0,1,68,104918,1855,0,40,0,0,0,LEADER,1,0,0,0,0,39
106725,90,adaptive-prasle,1807,1,0,0,39,0,546,0,1,90,104918,1807,0,40,0,0,0,LEADER,1,0,0,0,0,39
106386,76,adaptive-prasle,1468,1,0,0,39,0,546,0,1,76,104918,1468,0,40,0,0,0,LEADER,1,0,0,0,0,39
106707,10,adaptive-prasle,1789,1,0,0,39,0,546,0,1,10,104918,1789,0,40,0,0,0,LEADER,1,0,0,0,0,39
107139,58,adaptive-prasle,2221,1,0,0,39,0,546,0,1,58,104918,2221,0,40,0,0,0,LEADER,1,0,0,0,0,39
106522,73,adaptive-prasle,1604,1,0,0,39,0,546,0,1,73,104918,1604,0,40,0,0,0,LEADER,1,0,0,0,0,39
106262,59,adaptive-prasle,2265,1,0,0,38,0,532,0,1,59,103997,2265,0,39,0,0,0,LEADER,1,0,0,0,0,38
106537,41,adaptive-prasle,1619,1,0,0,39,0,546,0,1,41,104918,1619,0,40,0,0,0,LEADER,1,0,0,0,0,39
106452,96,adaptive-prasle,1534,1,0,0,39,0,546,0,1,96,104918,1534,0,40,0,0,0,LEADER,1,0,0,0,0,39
106685,49,adaptive-prasle,1767,1,0,0,39,0,546,0,1,49,104918,1767,0,40,0,0,0,LEADER,1,0,0,0,0,39
106754,74,adaptive-prasle,1837,1,0,0,39,0,546,0,1,74,104917,1837,0,40,0,0,0,LEADER,1,0,0,0,0,39
107146,92,adaptive-prasle,2228,1,0,0,39,0,546,0,1,92,104918,2228,0,40,0,0,0,LEADER,1,0,0,0,0,39
106354,66,adaptive-prasle,1434,1,0,0,39,0,546,0,1,66,104920,1434,0,40,0,0,0,LEADER,1,0,0,0,0,39
106377,57,adaptive-prasle,2380,1,0,0,38,0,532,0,1,57,103997,2380,0,39,0,0,0,LEADER,1,0,0,0,0,38
107178,78,adaptive-prasle,2260,1,0,0,39,0,546,0,1,78,104918,2260,0,40,0,0,0,LEADER,1,0,0,0,0,39
106343,39,adaptive-prasle,2346,1,0,0,38,0,532,0,1,39,103997,2346,0,39,0,0,0,LEADER,1,0,0,0,0,38
107061,30,adaptive-prasle,2143,1,0,0,39,0,546,0,1,30,104918,2143,0,40,0,0,0,LEADER,1,0,0,0,0,39
106467,64,adaptive-prasle,1549,1,0,0,39,0,546,0,1,64,104918,1549,0,40,0,0,0,LEADER,1,0,0,0,0,39
106692,80,adaptive-prasle,1774,1,0,0,39,0,546,0,1,80,104918,1774,0,40,0,0,0,LEADER,1,0,0,0,0,39
106432,54,adaptive-prasle,1516,1,0,0,39,0,546,0,1,54,104916,1516,0,40,0,0,0,LEADER,1,0,0,0,0,39
106958,43,adaptive-prasle,2040,1,0,0,39,0,546,0,1,43,104918,2040,0,40,0,0,0,LEADER,1,0,0,0,0,39
106878,26,adaptive-prasle,1960,1,0,0,39,0,546,0,1,26,104918,1960,0,40,0,0,0,LEADER,1,0,0,0,0,39
106507,42,adaptive-prasle,1591,1,0,0,39,0,546,0,1,42,104916,1591,0,40,0,0,0,LEADER,1,0,0,0,0,39
106516,31,adaptive-prasle,1598,1,0,0,39,0,546,0,1,31,104918,1598,0,40,0,0,0,LEADER,1,0,0,0,0,39
107273,94,adaptive-prasle,2355,1,0,0,39,0,546,0,1,94,104918,2355,0,40,0,0,0,LEADER,1,0,0,0,0,39
106843,45,adaptive-prasle,1925,1,0,0,39,0,546,0,1,45,104918,1925,0,40,0,0,0,LEADER,1,0,0,0,0,39
107216,60,adaptive-prasle,2298,1,0,0,39,0,546,0,1,60,104918,2298,0,40,0,0,0,LEADER,1,0,0,0,0,39
107321,44,adaptive-prasle,1483,1,0,0,39,0,546,0,1,44,105838,1483,0,40,0,0,0,LEADER,1,0,0,0,0,39
106925,33,adaptive-prasle,2007,1,0,0,39,0,546,0,1,33,104918,2007,0,40,0,0,0,LEADER,1,0,0,0,0,39
106570,51,adaptive-prasle,1652,1,0,0,39,0,546,0,1,51,104918,1652,0,40,0,0,0,LEADER,1,0,0,0,0,39
107369,22,adaptive-prasle,1531,1,0,0,39,0,546,0,1,22,105838,1531,0,40,0,0,0,LEADER,1,0,0,0,0,39
107080,72,adaptive-prasle,2162,1,0,0,39,0,546,0,1,72,104918,2162,0,40,0,0,0,LEADER,1,0,0,0,0,39
106870,24,adaptive-prasle,1952,1,0,0,39,0,546,0,1,24,104918,1952,0,40,0,0,0,LEADER,1,0,0,0,0,39
107401,32,adaptive-prasle,1564,1,0,0,39,0,546,0,1,32,105837,1564,0,40,0,0,0,LEADER,1,0,0,0,0,39
106589,93,adaptive-prasle,1671,1,0,0,39,0,546,0,1,93,104918,1671,0,40,0,0,0,LEADER,1,0,0,0,0,39
107261,69,adaptive-prasle,2343,1,0,0,39,0,546,0,1,69,104918,2343,0,40,0,0,0,LEADER,1,0,0,0,0,39
107084,15,adaptive-prasle,2361,1,0,0,7,9,98,126,2,5,104723,2361,0,4,0,0,0,NORMAL,0,0,0,0,0,7
107248,79,adaptive-prasle,2331,1,0,0,39,0,546,0,1,79,104917,2331,0,40,0,0,0,LEADER,1,0,0,0,0,39
106943,75,adaptive-prasle,2025,1,0,0,39,0,546,0,1,75,104918,2025,0,40,0,0,0,LEADER,1,0,0,0,0,39
106670,81,adaptive-prasle,1752,1,0,0,39,0,546,0,1,81,104918,1752,0,40,0,0,0,LEADER,1,0,0,0,0,39
106528,52,adaptive-prasle,1610,1,0,0,39,0,546,0,1,52,104918,1610,0,40,0,0,0,LEADER,1,0,0,0,0,39
107183,29,adaptive-prasle,2265,1,0,0,39,0,546,0,1,29,104918,2265,0,40,0,0,0,LEADER,1,0,0,0,0,39
107007,21,adaptive-prasle,2088,1,0,0,39,0,546,0,1,21,104919,2088,0,40,0,0,0,LEADER,1,0,0,0,0,39
106759,100,adaptive-prasle,1841,1,0,0,39,0,546,0,1,100,104918,1841,0,40,0,0,0,LEADER,1,0,0,0,0,39
106604,61,adaptive-prasle,1686,1,0,0,39,0,546,0,1,61,104918,1686,0,40,0,0,0,LEADER,1,0,0,0,0,39
107168,91,adaptive-prasle,2250,1,0,0,39,0,546,0,1,91,104918,2250,0,40,0,0,0,LEADER,1,0,0,0,0,39
107128,37,adaptive-prasle,2210,1,0,0,39,0,546,0,1,37,104918,2210,0,40,0,0,0,LEADER,1,0,0,0,0,39
106671,38,adaptive-prasle,1755,1,0,0,39,0,546,0,1,38,104916,1755,0,40,0,0,0,LEADER,1,0,0,0,0,39
107337,98,adaptive-prasle,2419,1,0,0,39,0,546,0,1,98,104918,2419,0,40,0,0,0,LEADER,1,0,0,0,0,39
107196,27,adaptive-prasle,2280,1,0,0,39,0,546,0,1,27,104916,2280,0,40,0,0,0,LEADER,1,0,0,0,0,39
107046,62,adaptive-prasle,2128,1,0,0,39,0,546,0,1,62,104918,2128,0,40,0,0,0,LEADER,1,0,0,0,0,39
106855,56,adaptive-prasle,1937,1,0,0,39,0,546,0,1,56,104918,1937,0,40,0,0,0,LEADER,1,0,0,0,0,39
107243,99,adaptive-prasle,2328,1,0,0,39,0,546,0,1,99,104915,2328,0,40,0,0,0,LEADER,1,0,0,0,0,39
107120,48,adaptive-prasle,2202,1,0,0,39,0,546,0,1,48,104918,2202,0,40,0,0,0,LEADER,1,0,0,0,0,39
106637,71,adaptive-prasle,1719,1,0,0,39,0,546,0,1,71,104918,1719,0,40,0,0,0,LEADER,1,0,0,0,0,39
106862,87,adaptive-prasle,1944,1,0,0,39,0,546,0,1,87,104918,1944,0,40,0,0,0,LEADER,1,0,0,0,0,39
106788,36,adaptive-prasle,1870,1,0,0,39,0,546,0,1,36,104918,1870,0,40,0,0,0,LEADER,1,0,0,0,0,39
107284,77,adaptive-prasle,1446,1,0,0,39,0,546,0,1,77,105838,1446,0,40,0,0,0,LEADER,1,0,0,0,0,39
107477,83,adaptive-prasle,1637,1,0,0,39,0,546,0,1,83,105840,1637,0,40,0,0,0,LEADER,1,0,0,0,0,39
106977,85,adaptive-prasle,2059,1,0,0,39,0,546,0,1,85,104918,2059,0,40,0,0,0,LEADER,1,0,0,0,0,39
107505,19,adaptive-prasle,1667,1,0,0,39,0,546,0,1,19,105838,1667,0,40,0,0,0,LEADER,1,0,0,0,0,39
107660,65,adaptive-prasle,1822,1,0,0,39,0,546,0,1,65,105838,1822,0,40,0,0,0,LEADER,1,0,0,0,0,39
107266,35,adaptive-prasle,1428,1,0,0,39,0,546,0,1,35,105838,1428,0,40,0,0,0,LEADER,1,0,0,0,0,39
107281,86,adaptive-prasle,1443,1,0,0,39,0,546,0,1,86,105838,1443,0,40,0,0,0,LEADER,1,0,0,0,0,39
107324,50,adaptive-prasle,2406,1,0,0,39,0,546,0,1,50,104918,2406,0,40,0,0,0,LEADER,1,0,0,0,0,39
107339,55,adaptive-prasle,1501,1,0,0,39,0,546,0,1,55,105838,1501,0,40,0,0,0,LEADER,1,0,0,0,0,39
107378,63,adaptive-prasle,1540,1,0,0,39,0,546,0,1,63,105838,1540,0,40,0,0,0,LEADER,1,0,0,0,0,39
107742,46,adaptive-prasle,1904,1,0,0,39,0,546,0,1,46,105838,1904,0,40,0,0,0,LEADER,1,0,0,0,0,39
107537,53,adaptive-prasle,1701,1,0,0,39,0,546,0,1,53,105836,1701,0,40,0,0,0,LEADER,1,0,0,0,0,39
106892,23,adaptive-prasle,1974,1,0,0,39,0,546,0,1,23,104918,1974,0,40,0,0,0,LEADER,1,0,0,0,0,39
107760,88,adaptive-prasle,1922,1,0,0,39,0,546,0,1,88,105838,1922,0,40,0,0,0,LEADER,1,0,0,0,0,39
107287,34,adaptive-prasle,1449,1,0,0,39,0,546,0,1,34,105838,1449,0,40,0,0,0,LEADER,1,0,0,0,0,39
106895,97,adaptive-prasle,1977,1,0,0,39,0,546,0,1,97,104918,1977,0,40,0,0,0,LEADER,1,0,0,0,0,39
107015,20,adaptive-prasle,2095,1,0,0,39,0,546,0,1,20,104920,2095,0,40,0,0,0,LEADER,1,0,0,0,0,39
107095,40,adaptive-prasle,2177,1,0,0,39,0,546,0,1,40,104918,2177,0,40,0,0,0,LEADER,1,0,0,0,0,39
107018,47,adaptive-prasle,2100,1,0,0,39,0,546,0,1,47,104918,2100,0,40,0,0,0,LEADER,1,0,0,0,0,39
107930,95,adaptive-prasle,2092,1,0,0,39,0,546,0,1,95,105838,2092,0,40,0,0,0,LEADER,1,0,0,0,0,39
107313,25,adaptive-prasle,2395,1,0,0,39,0,546,0,1,25,104918,2395,0,40,0,0,0,LEADER,1,0,0,0,0,39
107918,84,adaptive-prasle,2080,1,0,0,39,0,546,0,1,84,105838,2080,0,40,0,0,0,LEADER,1,0,0,0,0,39
107195,70,adaptive-prasle,2277,1,0,0,39,0,546,0,1,70,104918,2277,0,40,0,0,0,LEADER,1,0,0,0,0,39
107113,82,adaptive-prasle,2195,1,0,0,39,0,546,0,1,82,104918,2195,0,40,0,0,0,LEADER,1,0,0,0,0,39
107331,67,adaptive-prasle,2413,1,0,0,39,0,546,0,1,67,104918,2413,0,40,0,0,0,LEADER,1,0,0,0,0,39
107283,89,adaptive-prasle,2365,1,0,0,39,0,546,0,1,89,104918,2365,0,40,0,0,0,LEADER,1,0,0,0,0,39
107951,28,adaptive-prasle,2113,1,0,0,39,0,546,0,1,28,105838,2113,0,40,0,0,0,LEADER,1,0,0,0,0,39
107693,68,adaptive-prasle,1855,1,0,0,39,0,546,0,1,68,105838,1855,0,40,0,0,0,LEADER,1,0,0,0,0,39
107645,90,adaptive-prasle,1807,1,0,0,39,0,546,0,1,90,105838,1807,0,40,0,0,0,LEADER,1,0,0,0,0,39
107306,76,adaptive-prasle,1468,1,0,0,39,0,546,0,1,76,105838,1468,0,40,0,0,0,LEADER,1,0,0,0,0,39
107627,10,adaptive-prasle,1789,1,0,0,39,0,546,0,1,10,105838,1789,0,40,0,0,0,LEADER,1,0,0,0,0,39
108059,58,adaptive-prasle,2221,1,0,0,39,0,546,0,1,58,105838,2221,0,40,0,0,0,LEADER,1,0,0,0,0,39
107442,73,adaptive-prasle,1604,1,0,0,39,0,546,0,1,73,105838,1604,0,40,0,0,0,LEADER,1,0,0,0,0,39
107183,59,adaptive-prasle,2265,1,0,0,39,0,546,0,1,59,104918,2265,0,40,0,0,0,LEADER,1,0,0,0,0,39
107457,41,adaptive-prasle,1619,1,0,0,39,0,546,0,1,41,105838,1619,0,40,0,0,0,LEADER,1,0,0,0,0,39
107372,96,adaptive-prasle,1534,1,0,0,39,0,546,0,1,96,105838,1534,0,40,0,0,0,LEADER,1,0,0,0,0,39
107605,49,adaptive-prasle,1767,1,0,0,39,0,546,0,1,49,105838,1767,0,40,0,0,0,LEADER,1,0,0,0,0,39
107674,74,adaptive-prasle,1837,1,0,0,39,0,546,0,1,74,105837,1837,0,40,0,0,0,LEADER,1,0,0,0,0,39
108066,92,adaptive-prasle,2228,1,0,0,39,0,546,0,1,92,105838,2228,0,40,0,0,0,LEADER,1,0,0,0,0,39
107274,66,adaptive-prasle,1434,1,0,0,39,0,546,0,1,66,105840,1434,0,40,0,0,0,LEADER,1,0,0,0,0,39
107298,57,adaptive-prasle,2380,1,0,0,39,0,546,0,1,57,104918,2380,0,40,0,0,0,LEADER,1,0,0,0,0,39
108098,78,adaptive-prasle,2260,1,0,0,39,0,546,0,1,78,105838,2260,0,40,0,0,0,LEADER,1,0,0,0,0,39
107264,39,adaptive-prasle,2346,1,0,0,39,0,546,0,1,39,104918,2346,0,40,0,0,0,LEADER,1,0,0,0,0,39
107981,30,adaptive-prasle,2143,1,0,0,39,0,546,0,1,30,105838,2143,0,40,0,0,0,LEADER,1,0,0,0,0,39
107387,64,adaptive-prasle,1549,1,0,0,39,0,546,0,1,64,105838,1549,0,40,0,0,0,LEADER,1,0,0,0,0,39
107612,80,adaptive-prasle,1774,1,0,0,39,0,546,0,1,80,105838,1774,0,40,0,0,0,LEADER,1,0,0,0,0,39
107352,54,adaptive-prasle,1516,1,0,0,39,0,546,0,1,54,105836,1516,0,40,0,0,0,LEADER,1,0,0,0,0,39
107878,43,adaptive-prasle,2040,1,0,0,39,0,546,0,1,43,105838,2040,0,40,0,0,0,LEADER,1,0,0,0,0,39
107798,26,adaptive-prasle,1960,1,0,0,39,0,546,0,1,26,105838,1960,0,40,0,0,0,LEADER,1,0,0,0,0,39
107427,42,adaptive-prasle,1591,1,0,0,39,0,546,0,1,42,105836,1591,0,40,0,0,0,LEADER,1,0,0,0,0,39
107436,31,adaptive-prasle,1598,1,0,0,39,0,546,0,1,31,105838,1598,0,40,0,0,0,LEADER,1,0,0,0,0,39
108193,94,adaptive-prasle,2355,1,0,0,39,0,546,0,1,94,105838,2355,0,40,0,0,0,LEADER,1,0,0,0,0,39
107763,45,adaptive-prasle,1925,1,0,0,39,0,546,0,1,45,105838,1925,0,40,0,0,0,LEADER,1,0,0,0,0,39
108136,60,adaptive-prasle,2298,1,0,0,39,0,546,0,1,60,105838,2298,0,40,0,0,0,LEADER,1,0,0,0,0,39
108241,44,adaptive-prasle,1483,1,0,0,39,0,546,0,1,44,106758,1483,0,40,0,0,0,LEADER,1,0,0,0,0,39
107845,33,adaptive-prasle,2007,1,0,0,39,0,546,0,1,33,105838,2007,0,40,0,0,0,LEADER,1,0,0,0,0,39
107490,51,adaptive-prasle,1652,1,0,0,39,0,546,0,1,51,105838,1652,0,40,0,0,0,LEADER,1,0,0,0,0,39
108289,22,adaptive-prasle,1531,1,0,0,39,0,546,0,1,22,106758,1531,0,40,0,0,0,LEADER,1,0,0,0,0,39
108000,72,adaptive-prasle,2162,1,0,0,39,0,546,0,1,72,105838,2162,0,40,0,0,0,LEADER,1,0,0,0,0,39
107790,24,adaptive-prasle,1952,1,0,0,39,0,546,0,1,24,105838,1952,0,40,0,0,0,LEADER,1,0,0,0,0,39
108321,32,adaptive-prasle,1564,1,0,0,39,0,546,0,1,32,106757,1564,0,40,0,0,0,LEADER,1,0,0,0,0,39
107509,93,adaptive-prasle,1671,1,0,0,39,0,546,0,1,93,105838,1671,0,40,0,0,0,LEADER,1,0,0,0,0,39
108181,69,adaptive-prasle,2343,1,0,0,39,0,546,0,1,69,105838,2343,0,40,0,0,0,LEADER,1,0,0,0,0,39
108168,79,adaptive-prasle,2331,1,0,0,39,0,546,0,1,79,105837,2331,0,40,0,0,0,LEADER,1,0,0,0,0,39
107863,75,adaptive-prasle,2025,1,0,0,39,0,546,0,1,75,105838,2025,0,40,0,0,0,LEADER,1,0,0,0,0,39
107590,81,adaptive-prasle,1752,1,0,0,39,0,546,0,1,81,105838,1752,0,40,0,0,0,LEADER,1,0,0,0,0,39
107448,52,adaptive-prasle,1610,1,0,0,39,0,546,0,1,52,105838,1610,0,40,0,0,0,LEADER,1,0,0,0,0,39
107927,21,adaptive-prasle,2088,1,0,0,39,0,546,0,1,21,105839,2088,0,40,0,0,0,LEADER,1,0,0,0,0,39
108103,29,adaptive-prasle,2265,1,0,0,39,0,546,0,1,29,105838,2265,0,40,0,0,0,LEADER,1,0,0,0,0,39
107679,100,adaptive-prasle,1841,1,0,0,39,0,546,0,1,100,105838,1841,0,40,0,0,0,LEADER,1,0,0,0,0,39
107524,61,adaptive-prasle,1686,1,0,0,39,0,546,0,1,61,105838,1686,0,40,0,0,0,LEADER,1,0,0,0,0,39
108088,91,adaptive-prasle,2250,1,0,0,39,0,546,0,1,91,105838,2250,0,40,0,0,0,LEADER,1,0,0,0,0,39
108048,37,adaptive-prasle,2210,1,0,0,39,0,546,0,1,37,105838,2210,0,40,0,0,0,LEADER,1,0,0,0,0,39
107591,38,adaptive-prasle,1755,1,0,0,39,0,546,0,1,38,105836,1755,0,40,0,0,0,LEADER,1,0,0,0,0,39
108257,98,adaptive-prasle,2419,1,0,0,39,0,546,0,1,98,105838,2419,0,40,0,0,0,LEADER,1,0,0,0,0,39
108116,27,adaptive-prasle,2280,1,0,0,39,0,546,0,1,27,105836,2280,0,40,0,0,0,LEADER,1,0,0,0,0,39
107966,62,adaptive-prasle,2128,1,0,0,39,0,546,0,1,62,105838,2128,0,40,0,0,0,LEADER,1,0,0,0,0,39
107775,56,adaptive-prasle,1937,1,0,0,39,0,546,0,1,56,105838,1937,0,40,0,0,0,LEADER,1,0,0,0,0,39
108163,99,adaptive-prasle,2328,1,0,0,39,0,546,0,1,99,105835,2328,0,40,0,0,0,LEADER,1,0,0,0,0,39
108040,48,adaptive-prasle,2202,1,0,0,39,0,546,0,1,48,105838,2202,0,40,0,0,0,LEADER,1,0,0,0,0,39
107557,71,adaptive-prasle,1719,1,0,0,39,0,546,0,1,71,105838,1719,0,40,0,0,0,LEADER,1,0,0,0,0,39
107782,87,adaptive-prasle,1944,1,0,0,39,0,546,0,1,87,105838,1944,0,40,0,0,0,LEADER,1,0,0,0,0,39
107708,36,adaptive-prasle,1870,1,0,0,39,0,546,0,1,36,105838,1870,0,40,0,0,0,LEADER,1,0,0,0,0,39
108204,77,adaptive-prasle,1446,1,0,0,39,0,546,0,1,77,106758,1446,0,40,0,0,0,LEADER,1,0,0,0,0,39
108397,83,adaptive-prasle,1637,1,0,0,39,0,546,0,1,83,106760,1637,0,40,0,0,0,LEADER,1,0,0,0,0,39
107897,85,adaptive-prasle,2059,1,0,0,39,0,546,0,1,85,105838,2059,0,40,0,0,0,LEADER,1,0,0,0,0,39
108425,19,adaptive-prasle,1667,1,0,0,39,0,546,0,1,19,106758,1667,0,40,0,0,0,LEADER,1,0,0,0,0,39
108580,65,adaptive-prasle,1822,1,0,0,39,0,546,0,1,65,106758,1822,0,40,0,0,0,LEADER,1,0,0,0,0,39
108186,35,adaptive-prasle,1428,1,0,0,39,0,546,0,1,35,106758,1428,0,40,0,0,0,LEADER,1,0,0,0,0,39
108201,86,adaptive-prasle,1443,1,0,0,39,0,546,0,1,86,106758,1443,0,40,0,0,0,LEADER,1,0,0,0,0,39
108244,50,adaptive-prasle,2406,1,0,0,39,0,546,0,1,50,105838,2406,0,40,0,0,0,LEADER,1,0,0,0,0,39
108259,55,adaptive-prasle,1501,1,0,0,39,0,546,0,1,55,106758,1501,0,40,0,0,0,LEADER,1,0,0,0,0,39
108298,63,adaptive-prasle,1540,1,0,0,39,0,546,0,1,63,106758,1540,0,40,0,0,0,LEADER,1,0,0,0,0,39
108662,46,adaptive-prasle,1904,1,0,0,39,0,546,0,1,46,106758,1904,0,40,0,0,0,LEADER,1,0,0,0,0,39
108457,53,adaptive-prasle,1701,1,0,0,39,0,546,0,1,53,106756,1701,0,40,0,0,0,LEADER,1,0,0,0,0,39
107812,23,adaptive-prasle,1974,1,0,0,39,0,546,0,1,23,105838,1974,0,40,0,0,0,LEADER,1,0,0,0,0,39
108680,88,adaptive-prasle,1922,1,0,0,39,0,546,0,1,88,106758,1922,0,40,0,0,0,LEADER,1,0,0,0,0,39
108207,34,adaptive-prasle,1449,1,0,0,39,0,546,0,1,34,106758,1449,0,40,0,0,0,LEADER,1,0,0,0,0,39
107815,97,adaptive-prasle,1977,1,0,0,39,0,546,0,1,97,105838,1977,0,40,0,0,0,LEADER,1,0,0,0,0,39
107935,20,adaptive-prasle,2095,1,0,0,39,0,546,0,1,20,105840,2095,0,40,0,0,0,LEADER,1,0,0,0,0,39
108015,40,adaptive-prasle,2177,1,0,0,39,0,546,0,1,40,105838,2177,0,40,0,0,0,LEADER,1,0,0,0,0,39
107938,47,adaptive-prasle,2100,1,0,0,39,0,546,0,1,47,105838,2100,0,40,0,0,0,LEADER,1,0,0,0,0,39
108850,95,adaptive-prasle,2092,1,0,0,39,0,546,0,1,95,106758,2092,0,40,0,0,0,LEADER,1,0,0,0,0,39
108233,25,adaptive-prasle,2395,1,0,0,39,0,546,0,1,25,105838,2395,0,40,0,0,0,LEADER,1,0,0,0,0,39
108838,84,adaptive-prasle,2080,1,0,0,39,0,546,0,1,84,106758,2080,0,40,0,0,0,LEADER,1,0,0,0,0,39
108115,70,adaptive-prasle,2277,1,0,0,39,0,546,0,1,70,105838,2277,0,40,0,0,0,LEADER,1,0,0,0,0,39
108033,82,adaptive-prasle,2195,1,0,0,39,0,546,0,1,82,105838,2195,0,40,0,0,0,LEADER,1,0,0,0,0,39
108251,67,adaptive-prasle,2413,1,0,0,39,0,546,0,1,67,105838,2413,0,40,0,0,0,LEADER,1,0,0,0,0,39
108203,89,adaptive-prasle,2365,1,0,0,39,0,546,0,1,89,105838,2365,0,40,0,0,0,LEADER,1,0,0,0,0,39
108871,28,adaptive-prasle,2113,1,0,0,39,0,546,0,1,28,106758,2113,0,40,0,0,0,LEADER,1,0,0,0,0,39
108613,68,adaptive-prasle,1855,1,0,0,39,0,546,0,1,68,106758,1855,0,40,0,0,0,LEADER,1,0,0,0,0,39
108565,90,adaptive-prasle,1807,1,0,0,39,0,546,0,1,90,106758,1807,0,40,0,0,0,LEADER,1,0,0,0,0,39
108226,76,adaptive-prasle,1468,1,0,0,39,0,546,0,1,76,106758,1468,0,40,0,0,0,LEADER,1,0,0,0,0,39
108547,10,adaptive-prasle,1789,1,0,0,39,0,546,0,1,10,106758,1789,0,40,0,0,0,LEADER,1,0,0,0,0,39
108979,58,adaptive-prasle,2221,1,0,0,39,0,546,0,1,58,106758,2221,0,40,0,0,0,LEADER,1,0,0,0,0,39
108362,73,adaptive-prasle,1604,1,0,0,39,0,546,0,1,73,106758,1604,0,40,0,0,0,LEADER,1,0,0,0,0,39
108103,59,adaptive-prasle,2265,1,0,0,39,0,546,0,1,59,105838,2265,0,40,0,0,0,LEADER,1,0,0,0,0,39
108377,41,adaptive-prasle,1619,1,0,0,39,0,546,0,1,41,106758,1619,0,40,0,0,0,LEADER,1,0,0,0,0,39
108292,96,adaptive-prasle,1534,1,0,0,39,0,546,0,1,96,106758,1534,0,40,0,0,0,LEADER,1,0,0,0,0,39
108525,49,adaptive-prasle,1767,1,0,0,39,0,546,0,1,49,106758,1767,0,40,0,0,0,LEADER,1,0,0,0,0,39
108594,74,adaptive-prasle,1837,1,0,0,39,0,546,0,1,74,106757,1837,0,40,0,0,0,LEADER,1,0,0,0,0,39
108986,92,adaptive-prasle,2228,1,0,0,39,0,546,0,1,92,106758,2228,0,40,0,0,0,LEADER,1,0,0,0,0,39
108194,66,adaptive-prasle,1434,1,0,0,39,0,546,0,1,66,106760,1434,0,40,0,0,0,LEADER,1,0,0,0,0,39
108218,57,adaptive-prasle,2380,1,0,0,39,0,546,0,1,57,105838,2380,0,40,0,0,0,LEADER,1,0,0,0,0,39
108685,16,adaptive-prasle,1805,1,0,0,11,10,154,140,3,5,106880,1805,0,4,0,0,0,NORMAL,0,0,0,0,0,11
109018,78,adaptive-prasle,2260,1,0,0,39,0,546,0,1,78,106758,2260,0,40,0,0,0,LEADER,1,0,0,0,0,39
108184,39,adaptive-prasle,2346,1,0,0,39,0,546,0,1,39,105838,2346,0,40,0,0,0,LEADER,1,0,0,0,0,39
108901,30,adaptive-prasle,2143,1,0,0,39,0,546,0,1,30,106758,2143,0,40,0,0,0,LEADER,1,0,0,0,0,39
108307,64,adaptive-prasle,1549,1,0,0,39,0,546,0,1,64,106758,1549,0,40,0,0,0,LEADER,1,0,0,0,0,39
108532,80,adaptive-prasle,1774,1,0,0,39,0,546,0,1,80,106758,1774,0,40,0,0,0,LEADER,1,0,0,0,0,39
108272,54,adaptive-prasle,1516,1,0,0,39,0,546,0,1,54,106756,1516,0,40,0,0,0,LEADER,1,0,0,0,0,39
108798,43,adaptive-prasle,2040,1,0,0,39,0,546,0,1,43,106758,2040,0,40,0,0,0,LEADER,1,0,0,0,0,39
108718,26,adaptive-prasle,1960,1,0,0,39,0,546,0,1,26,106758,1960,0,40,0,0,0,LEADER,1,0,0,0,0,39
108347,42,adaptive-prasle,1591,1,0,0,39,0,546,0,1,42,106756,1591,0,40,0,0,0,LEADER,1,0,0,0,0,39
108356,31,adaptive-prasle,1598,1,0,0,39,0,546,0,1,31,106758,1598,0,40,0,0,0,LEADER,1,0,0,0,0,39
109113,94,adaptive-prasle,2355,1,0,0,39,0,546,0,1,94,106758,2355,0,40,0,0,0,LEADER,1,0,0,0,0,39
108683,45,adaptive-prasle,1925,1,0,0,39,0,546,0,1,45,106758,1925,0,40,0,0,0,LEADER,1,0,0,0,0,39
109056,60,adaptive-prasle,2298,1,0,0,39,0,546,0,1,60,106758,2298,0,40,0,0,0,LEADER,1,0,0,0,0,39
109162,44,adaptive-prasle,1483,1,0,0,40,0,560,0,1,44,107679,1483,0,41,0,0,0,LEADER,1,0,0,0,0,40
108765,33,adaptive-prasle,2007,1,0,0,39,0,546,0,1,33,106758,2007,0,40,0,0,0,LEADER,1,0,0,0,0,39
108410,51,adaptive-prasle,1652,1,0,0,39,0,546,0,1,51,106758,1652,0,40,0,0,0,LEADER,1,0,0,0,0,39
108920,72,adaptive-prasle,2162,1,0,0,39,0,546,0,1,72,106758,2162,0,40,0,0,0,LEADER,1,0,0,0,0,39
109210,22,adaptive-prasle,1531,1,0,0,40,0,560,0,1,22,107679,1531,0,41,0,0,0,LEADER,1,0,0,0,0,40
108710,24,adaptive-prasle,1952,1,0,0,39,0,546,0,1,24,106758,1952,0,40,0,0,0,LEADER,1,0,0,0,0,39
109242,32,adaptive-prasle,1564,1,0,0,40,0,560,0,1,32,107678,1564,0,41,0,0,0,LEADER,1,0,0,0,0,40
108429,93,adaptive-prasle,1671,1,0,0,39,0,546,0,1,93,106758,1671,0,40,0,0,0,LEADER,1,0,0,0,0,39
109101,69,adaptive-prasle,2343,1,0,0,39,0,546,0,1,69,106758,2343,0,40,0,0,0,LEADER,1,0,0,0,0,39
109088,79,adaptive-prasle,2331,1,0,0,39,0,546,0,1,79,106757,2331,0,40,0,0,0,LEADER,1,0,0,0,0,39
108783,75,adaptive-prasle,2025,1,0,0,39,0,546,0,1,75,106758,2025,0,40,0,0,0,LEADER,1,0,0,0,0,39
108510,81,adaptive-prasle,1752,1,0,0,39,0,546,0,1,81,106758,1752,0,40,0,0,0,LEADER,1,0,0,0,0,39
108368,52,adaptive-prasle,1610,1,0,0,39,0,546,0,1,52,106758,1610,0,40,0,0,0,LEADER,1,0,0,0,0,39
108847,21,adaptive-prasle,2088,1,0,0,39,0,546,0,1,21,106759,2088,0,40,0,0,0,LEADER,1,0,0,0,0,39
109023,29,adaptive-prasle,2265,1,0,0,39,0,546,0,1,29,106758,2265,0,40,0,0,0,LEADER,1,0,0,0,0,39
108599,100,adaptive-prasle,1841,1,0,0,39,0,546,0,1,100,106758,1841,0,40,0,0,0,LEADER,1,0,0,0,0,39
108444,61,adaptive-prasle,1686,1,0,0,39,0,546,0,1,61,106758,1686,0,40,0,0,0,LEADER,1,0,0,0,0,39
109008,91,adaptive-prasle,2250,1,0,0,39,0,546,0,1,91,106758,2250,0,40,0,0,0,LEADER,1,0,0,0,0,39
108968,37,adaptive-prasle,2210,1,0,0,39,0,546,0,1,37,106758,2210,0,40,0,0,0,LEADER,1,0,0,0,0,39
108511,38,adaptive-prasle,1755,1,0,0,39,0,546,0,1,38,106756,1755,0,40,0,0,0,LEADER,1,0,0,0,0,39
109177,98,adaptive-prasle,2419,1,0,0,39,0,546,0,1,98,106758,2419,0,40,0,0,0,LEADER,1,0,0,0,0,39
109036,27,adaptive-prasle,2280,1,0,0,39,0,546,0,1,27,106756,2280,0,40,0,0,0,LEADER,1,0,0,0,0,39
108886,62,adaptive-prasle,2128,1,0,0,39,0,546,0,1,62,106758,2128,0,40,0,0,0,LEADER,1,0,0,0,0,39
108695,56,adaptive-prasle,1937,1,0,0,39,0,546,0,1,56,106758,1937,0,40,0,0,0,LEADER,1,0,0,0,0,39
109083,99,adaptive-prasle,2328,1,0,0,39,0,546,0,1,99,106755,2328,0,40,0,0,0,LEADER,1,0,0,0,0,39
108960,48,adaptive-prasle,2202,1,0,0,39,0,546,0,1,48,106758,2202,0,40,0,0,0,LEADER,1,0,0,0,0,39
108477,71,adaptive-prasle,1719,1,0,0,39,0,546,0,1,71,106758,1719,0,40,0,0,0,LEADER,1,0,0,0,0,39
108702,87,adaptive-prasle,1944,1,0,0,39,0,546,0,1,87,106758,1944,0,40,0,0,0,LEADER,1,0,0,0,0,39
108628,36,adaptive-prasle,1870,1,0,0,39,0,546,0,1,36,106758,1870,0,40,0,0,0,LEADER,1,0,0,0,0,39
109125,77,adaptive-prasle,1446,1,0,0,40,0,560,0,1,77,107679,1446,0,41,0,0,0,LEADER,1,0,0,0,0,40
109318,83,adaptive-prasle,1637,1,0,0,40,0,560,0,1,83,107681,1637,0,41,0,0,0,LEADER,1,0,0,0,0,40
108817,85,adaptive-prasle,2059,1,0,0,39,0,546,0,1,85,106758,2059,0,40,0,0,0,LEADER,1,0,0,0,0,39
109346,19,adaptive-prasle,1667,1,0,0,40,0,560,0,1,19,107679,1667,0,41,0,0,0,LEADER,1,0,0,0,0,40
109501,65,adaptive-prasle,1822,1,0,0,40,0,560,0,1,65,107679,1822,0,41,0,0,0,LEADER,1,0,0,0,0,40
109107,35,adaptive-prasle,1428,1,0,0,40,0,560,0,1,35,107679,1428,0,41,0,0,0,LEADER,1,0,0,0,0,40
109122,86,adaptive-prasle,1443,1,0,0,40,0,560,0,1,86,107679,1443,0,41,0,0,0,LEADER,1,0,0,0,0,40
109164,50,adaptive-prasle,2406,1,0,0,39,0,546,0,1,50,106758,2406,0,40,0,0,0,LEADER,1,0,0,0,0,39
109180,55,adaptive-prasle,1501,1,0,0,40,0,560,0,1,55,107679,1501,0,41,0,0,0,LEADER,1,0,0,0,0,40
109219,63,adaptive-prasle,1540,1,0,0,40,0,560,0,1,63,107679,1540,0,41,0,0,0,LEADER,1,0,0,0,0,40
109583,46,adaptive-prasle,1904,1,0,0,40,0,560,0,1,46,107679,1904,0,41,0,0,0,LEADER,1,0,0,0,0,40
109378,53,adaptive-prasle,1701,1,0,0,40,0,560,0,1,53,107677,1701,0,41,0,0,0,LEADER,1,0,0,0,0,40
108732,23,adaptive-prasle,1974,1,0,0,39,0,546,0,1,23,106758,1974,0,40,0,0,0,LEADER,1,0,0,0,0,39
109601,88,adaptive-prasle,1922,1,0,0,40,0,560,0,1,88,107679,1922,0,41,0,0,0,LEADER,1,0,0,0,0,40
109128,34,adaptive-prasle,1449,1,0,0,40,0,560,0,1,34,107679,1449,0,41,0,0,0,LEADER,1,0,0,0,0,40
108735,97,adaptive-prasle,1977,1,0,0,39,0,546,0,1,97,106758,1977,0,40,0,0,0,LEADER,1,0,0,0,0,39
108855,20,adaptive-prasle,2095,1,0,0,39,0,546,0,1,20,106760,2095,0,40,0,0,0,LEADER,1,0,0,0,0,39
108935,40,adaptive-prasle,2177,1,0,0,39,0,546,0,1,40,106758,2177,0,40,0,0,0,LEADER,1,0,0,0,0,39
108858,47,adaptive-prasle,2100,1,0,0,39,0,546,0,1,47,106758,2100,0,40,0,0,0,LEADER,1,0,0,0,0,39
109771,95,adaptive-prasle,2092,1,0,0,40,0,560,0,1,95,107679,2092,0,41,0,0,0,LEADER,1,0,0,0,0,40
109153,25,adaptive-prasle,2395,1,0,0,39,0,546,0,1,25,106758,2395,0,40,0,0,0,LEADER,1,0,0,0,0,39
109759,84,adaptive-prasle,2080,1,0,0,40,0,560,0,1,84,107679,2080,0,41,0,0,0,LEADER,1,0,0,0,0,40
109035,70,adaptive-prasle,2277,1,0,0,39,0,546,0,1,70,106758,2277,0,40,0,0,0,LEADER,1,0,0,0,0,39
108953,82,adaptive-prasle,2195,1,0,0,39,0,546,0,1,82,106758,2195,0,40,0,0,0,LEADER,1,0,0,0,0,39
109171,67,adaptive-prasle,2413,1,0,0,39,0,546,0,1,67,106758,2413,0,40,0,0,0,LEADER,1,0,0,0,0,39
109123,89,adaptive-prasle,2365,1,0,0,39,0,546,0,1,89,106758,2365,0,40,0,0,0,LEADER,1,0,0,0,0,39
109792,28,adaptive-prasle,2113,1,0,0,40,0,560,0,1,28,107679,2113,0,41,0,0,0,LEADER,1,0,0,0,0,40
109615,2,adaptive-prasle,1819,1,0,0,6,12,84,168,2,2,107796,1819,0,5,0,0,0,LEADER,1,0,0,0,0,6
109534,68,adaptive-prasle,1855,1,0,0,40,0,560,0,1,68,107679,1855,0,41,0,0,0,LEADER,1,0,0,0,0,40
109486,90,adaptive-prasle,1807,1,0,0,40,0,560,0,1,90,107679,1807,0,41,0,0,0,LEADER,1,0,0,0,0,40
109147,76,adaptive-prasle,1468,1,0,0,40,0,560,0,1,76,107679,1468,0,41,0,0,0,LEADER,1,0,0,0,0,40
109468,10,adaptive-prasle,1789,1,0,0,40,0,560,0,1,10,107679,1789,0,41,0,0,0,LEADER,1,0,0,0,0,40
109900,58,adaptive-prasle,2221,1,0,0,40,0,560,0,1,58,107679,2221,0,41,0,0,0,LEADER,1,0,0,0,0,40
109283,73,adaptive-prasle,1604,1,0,0,40,0,560,0,1,73,107679,1604,0,41,0,0,0,LEADER,1,0,0,0,0,40
109023,59,adaptive-prasle,2265,1,0,0,39,0,546,0,1,59,106758,2265,0,40,0,0,0,LEADER,1,0,0,0,0,39
109298,41,adaptive-prasle,1619,1,0,0,40,0,560,0,1,41,107679,1619,0,41,0,0,0,LEADER,1,0,0,0,0,40
109213,96,adaptive-prasle,1534,1,0,0,40,0,560,0,1,96,107679,1534,0,41,0,0,0,LEADER,1,0,0,0,0,40
109446,49,adaptive-prasle,1767,1,0,0,40,0,560,0,1,49,107679,1767,0,41,0,0,0,LEADER,1,0,0,0,0,40
109515,74,adaptive-prasle,1837,1,0,0,40,0,560,0,1,74,107678,1837,0,41,0,0,0,LEADER,1,0,0,0,0,40
109907,92,adaptive-prasle,2228,1,0,0,40,0,560,0,1,92,107679,2228,0,41,0,0,0,LEADER,1,0,0,0,0,40
109115,66,adaptive-prasle,1434,1,0,0,40,0,560,0,1,66,107681,1434,0,41,0,0,0,LEADER,1,0,0,0,0,40
109138,57,adaptive-prasle,2380,1,0,0,39,0,546,0,1,57,106758,2380,0,40,0,0,0,LEADER,1,0,0,0,0,39
109939,78,adaptive-prasle,2260,1,0,0,40,0,560,0,1,78,107679,2260,0,41,0,0,0,LEADER,1,0,0,0,0,40
109104,39,adaptive-prasle,2346,1,0,0,39,0,546,0,1,39,106758,2346,0,40,0,0,0,LEADER,1,0,0,0,0,39
109822,30,adaptive-prasle,2143,1,0,0,40,0,560,0,1,30,107679,2143,0,41,0,0,0,LEADER,1,0,0,0,0,40
109228,64,adaptive-prasle,1549,1,0,0,40,0,560,0,1,64,107679,1549,0,41,0,0,0,LEADER,1,0,0,0,0,40
109453,80,adaptive-prasle,1774,1,0,0,40,0,560,0,1,80,107679,1774,0,41,0,0,0,LEADER,1,0,0,0,0,40
109193,54,adaptive-prasle,1516,1,0,0,40,0,560,0,1,54,107677,1516,0,41,0,0,0,LEADER,1,0,0,0,0,40
109719,43,adaptive-prasle,2040,1,0,0,40,0,560,0,1,43,107679,2040,0,41,0,0,0,LEADER,1,0,0,0,0,40
109639,26,adaptive-prasle,1960,1,0,0,40,0,560,0,1,26,107679,1960,0,41,0,0,0,LEADER,1,0,0,0,0,40
109268,42,adaptive-prasle,1591,1,0,0,40,0,560,0,1,42,107677,1591,0,41,0,0,0,LEADER,1,0,0,0,0,40
109277,31,adaptive-prasle,1598,1,0,0,40,0,560,0,1,31,107679,1598,0,41,0,0,0,LEADER,1,0,0,0,0,40
110034,94,adaptive-prasle,2355,1,0,0,40,0,560,0,1,94,107679,2355,0,41,0,0,0,LEADER,1,0,0,0,0,40
109604,45,adaptive-prasle,1925,1,0,0,40,0,560,0,1,45,107679,1925,0,41,0,0,0,LEADER,1,0,0,0,0,40
109977,60,adaptive-prasle,2298,1,0,0,40,0,560,0,1,60,107679,2298,0,41,0,0,0,LEADER,1,0,0,0,0,40
110082,44,adaptive-prasle,1483,1,0,0,40,0,560,0,1,44,108599,1483,0,41,0,0,0,LEADER,1,0,0,0,0,40
109686,33,adaptive-prasle,2007,1,0,0,40,0,560,0,1,33,107679,2007,0,41,0,0,0,LEADER,1,0,0,0,0,40
109331,51,adaptive-prasle,1652,1,0,0,40,0,560,0,1,51,107679,1652,0,41,0,0,0,LEADER,1,0,0,0,0,40
110130,22,adaptive-prasle,1531,1,0,0,40,0,560,0,1,22,108599,1531,0,41,0,0,0,LEADER,1,0,0,0,0,40
109841,72,adaptive-prasle,2162,1,0,0,40,0,560,0,1,72,107679,2162,0,41,0,0,0,LEADER,1,0,0,0,0,40
109631,24,adaptive-prasle,1952,1,0,0,40,0,560,0,1,24,107679,1952,0,41,0,0,0,LEADER,1,0,0,0,0,40
110162,32,adaptive-prasle,1564,1,0,0,40,0,560,0,1,32,108598,1564,0,41,0,0,0,LEADER,1,0,0,0,0,40
109350,93,adaptive-prasle,1671,1,0,0,40,0,560,0,1,93,107679,1671,0,41,0,0,0,LEADER,1,0,0,0,0,40
110022,69,adaptive-prasle,2343,1,0,0,40,0,560,0,1,69,107679,2343,0,41,0,0,0,LEADER,1,0,0,0,0,40
110009,79,adaptive-prasle,2331,1,0,0,40,0,560,0,1,79,107678,2331,0,41,0,0,0,LEADER,1,0,0,0,0,40
109704,75,adaptive-prasle,2025,1,0,0,40,0,560,0,1,75,107679,2025,0,41,0,0,0,LEADER,1,0,0,0,0,40
109431,81,adaptive-prasle,1752,1,0,0,40,0,560,0,1,81,107679,1752,0,41,0,0,0,LEADER,1,0,0,0,0,40
109289,52,adaptive-prasle,1610,1,0,0,40,0,560,0,1,52,107679,1610,0,41,0,0,0,LEADER,1,0,0,0,0,40
110133,1,adaptive-prasle,2022,1,0,0,5,6,70,84,1,1,108111,2022,0,6,0,0,0,LEADER,1,0,0,0,0,5
109944,29,adaptive-prasle,2265,1,0,0,40,0,560,0,1,29,107679,2265,0,41,0,0,0,LEADER,1,0,0,0,0,40
109768,21,adaptive-prasle,2088,1,0,0,40,0,560,0,1,21,107680,2088,0,41,0,0,0,LEADER,1,0,0,0,0,40
109520,100,adaptive-prasle,1841,1,0,0,40,0,560,0,1,100,107679,1841,0,41,0,0,0,LEADER,1,0,0,0,0,40
109365,61,adaptive-prasle,1686,1,0,0,40,0,560,0,1,61,107679,1686,0,41,0,0,0,LEADER,1,0,0,0,0,40
109929,91,adaptive-prasle,2250,1,0,0,40,0,560,0,1,91,107679,2250,0,41,0,0,0,LEADER,1,0,0,0,0,40
109889,37,adaptive-prasle,2210,1,0,0,40,0,560,0,1,37,107679,2210,0,41,0,0,0,LEADER,1,0,0,0,0,40
109432,38,adaptive-prasle,1755,1,0,0,40,0,560,0,1,38,107677,1755,0,41,0,0,0,LEADER,1,0,0,0,0,40
110098,98,adaptive-prasle,2419,1,0,0,40,0,560,0,1,98,107679,2419,0,41,0,0,0,LEADER,1,0,0,0,0,40
109957,27,adaptive-prasle,2280,1,0,0,40,0,560,0,1,27,107677,2280,0,41,0,0,0,LEADER,1,0,0,0,0,40
109807,62,adaptive-prasle,2128,1,0,0,40,0,560,0,1,62,107679,2128,0,41,0,0,0,LEADER,1,0,0,0,0,40
109616,56,adaptive-prasle,1937,1,0,0,40,0,560,0,1,56,107679,1937,0,41,0,0,0,LEADER,1,0,0,0,0,40
110004,99,adaptive-prasle,2328,1,0,0,40,0,560,0,1,99,107676,2328,0,41,0,0,0,LEADER,1,0,0,0,0,40
109881,48,adaptive-prasle,2202,1,0,0,40,0,560,0,1,48,107679,2202,0,41,0,0,0,LEADER,1,0,0,0,0,40
109398,71,adaptive-prasle,1719,1,0,0,40,0,560,0,1,71,107679,1719,0,41,0,0,0,LEADER,1,0,0,0,0,40
109623,87,adaptive-prasle,1944,1,0,0,40,0,560,0,1,87,107679,1944,0,41,0,0,0,LEADER,1,0,0,0,0,40
109549,36,adaptive-prasle,1870,1,0,0,40,0,560,0,1,36,107679,1870,0,41,0,0,0,LEADER,1,0,0,0,0,40
110045,77,adaptive-prasle,1446,1,0,0,40,0,560,0,1,77,108599,1446,0,41,0,0,0,LEADER,1,0,0,0,0,40
110238,83,adaptive-prasle,1637,1,0,0,40,0,560,0,1,83,108601,1637,0,41,0,0,0,LEADER,1,0,0,0,0,40
109738,85,adaptive-prasle,2059,1,0,0,40,0,560,0,1,85,107679,2059,0,41,0,0,0,LEADER,1,0,0,0,0,40
110266,19,adaptive-prasle,1667,1,0,0,40,0,560,0,1,19,108599,1667,0,41,0,0,0,LEADER,1,0,0,0,0,40
110421,65,adaptive-prasle,1822,1,0,0,40,0,560,0,1,65,108599,1822,0,41,0,0,0,LEADER,1,0,0,0,0,40
110027,35,adaptive-prasle,1428,1,0,0,40,0,560,0,1,35,108599,1428,0,41,0,0,0,LEADER,1,0,0,0,0,40
110042,86,adaptive-prasle,1443,1,0,0,40,0,560,0,1,86,108599,1443,0,41,0,0,0,LEADER,1,0,0,0,0,40
110085,50,adaptive-prasle,2406,1,0,0,40,0,560,0,1,50,107679,2406,0,41,0,0,0,LEADER,1,0,0,0,0,40
110100,55,adaptive-prasle,1501,1,0,0,40,0,560,0,1,55,108599,1501,0,41,0,0,0,LEADER,1,0,0,0,0,40
110139,63,adaptive-prasle,1540,1,0,0,40,0,560,0,1,63,108599,1540,0,41,0,0,0,LEADER,1,0,0,0,0,40
110503,46,adaptive-prasle,1904,1,0,0,40,0,560,0,1,46,108599,1904,0,41,0,0,0,LEADER,1,0,0,0,0,40
110298,53,adaptive-prasle,1701,1,0,0,40,0,560,0,1,53,108597,1701,0,41,0,0,0,LEADER,1,0,0,0,0,40
109653,23,adaptive-prasle,1974,1,0,0,40,0,560,0,1,23,107679,1974,0,41,0,0,0,LEADER,1,0,0,0,0,40
110521,88,adaptive-prasle,1922,1,0,0,40,0,560,0,1,88,108599,1922,0,41,0,0,0,LEADER,1,0,0,0,0,40
110048,34,adaptive-prasle,1449,1,0,0,40,0,560,0,1,34,108599,1449,0,41,0,0,0,LEADER,1,0,0,0,0,40
109656,97,adaptive-prasle,1977,1,0,0,40,0,560,0,1,97,107679,1977,0,41,0,0,0,LEADER,1,0,0,0,0,40
109776,20,adaptive-prasle,2095,1,0,0,40,0,560,0,1,20,107681,2095,0,41,0,0,0,LEADER,1,0,0,0,0,40
109856,40,adaptive-prasle,2177,1,0,0,40,0,560,0,1,40,107679,2177,0,41,0,0,0,LEADER,1,0,0,0,0,40
109779,47,adaptive-prasle,2100,1,0,0,40,0,560,0,1,47,107679,2100,0,41,0,0,0,LEADER,1,0,0,0,0,40
110691,95,adaptive-prasle,2092,1,0,0,40,0,560,0,1,95,108599,2092,0,41,0,0,0,LEADER,1,0,0,0,0,40
110074,25,adaptive-prasle,2395,1,0,0,40,0,560,0,1,25,107679,2395,0,41,0,0,0,LEADER,1,0,0,0,0,40
110679,84,adaptive-prasle,2080,1,0,0,40,0,560,0,1,84,108599,2080,0,41,0,0,0,LEADER,1,0,0,0,0,40
109956,70,adaptive-prasle,2277,1,0,0,40,0,560,0,1,70,107679,2277,0,41,0,0,0,LEADER,1,0,0,0,0,40
109874,82,adaptive-prasle,2195,1,0,0,40,0,560,0,1,82,107679,2195,0,41,0,0,0,LEADER,1,0,0,0,0,40
110092,67,adaptive-prasle,2413,1,0,0,40,0,560,0,1,67,107679,2413,0,41,0,0,0,LEADER,1,0,0,0,0,40
110044,89,adaptive-prasle,2365,1,0,0,40,0,560,0,1,89,107679,2365,0,41,0,0,0,LEADER,1,0,0,0,0,40
110712,28,adaptive-prasle,2113,1,0,0,40,0,560,0,1,28,108599,2113,0,41,0,0,0,LEADER,1,0,0,0,0,40
110454,68,adaptive-prasle,1855,1,0,0,40,0,560,0,1,68,108599,1855,0,41,0,0,0,LEADER,1,0,0,0,0,40
110406,90,adaptive-prasle,1807,1,0,0,40,0,560,0,1,90,108599,1807,0,41,0,0,0,LEADER,1,0,0,0,0,40
110067,76,adaptive-prasle,1468,1,0,0,40,0,560,0,1,76,108599,1468,0,41,0,0,0,LEADER,1,0,0,0,0,40
110388,10,adaptive-prasle,1789,1,0,0,40,0,560,0,1,10,108599,1789,0,41,0,0,0,LEADER,1,0,0,0,0,40
110820,58,adaptive-prasle,2221,1,0,0,40,0,560,0,1,58,108599,2221,0,41,0,0,0,LEADER,1,0,0,0,0,40
110203,73,adaptive-prasle,1604,1,0,0,40,0,560,0,1,73,108599,1604,0,41,0,0,0,LEADER,1,0,0,0,0,40
109944,59,adaptive-prasle,2265,1,0,0,40,0,560,0,1,59,107679,2265,0,41,0,0,0,LEADER,1,0,0,0,0,40
110218,41,adaptive-prasle,1619,1,0,0,40,0,560,0,1,41,108599,1619,0,41,0,0,0,LEADER,1,0,0,0,0,40
110133,96,adaptive-prasle,1534,1,0,0,40,0,560,0,1,96,108599,1534,0,41,0,0,0,LEADER,1,0,0,0,0,40
110366,49,adaptive-prasle,1767,1,0,0,40,0,560,0,1,49,108599,1767,0,41,0,0,0,LEADER,1,0,0,0,0,40
110435,74,adaptive-prasle,1837,1,0,0,40,0,560,0,1,74,108598,1837,0,41,0,0,0,LEADER,1,0,0,0,0,40
110827,92,adaptive-prasle,2228,1,0,0,40,0,560,0,1,92,108599,2228,0,41,0,0,0,LEADER,1,0,0,0,0,40
110035,66,adaptive-prasle,1434,1,0,0,40,0,560,0,1,66,108601,1434,0,41,0,0,0,LEADER,1,0,0,0,0,40
110059,57,adaptive-prasle,2380,1,0,0,40,0,560,0,1,57,107679,2380,0,41,0,0,0,LEADER,1,0,0,0,0,40
110859,78,adaptive-prasle,2260,1,0,0,40,0,560,0,1,78,108599,2260,0,41,0,0,0,LEADER,1,0,0,0,0,40
110025,39,adaptive-prasle,2346,1,0,0,40,0,560,0,1,39,107679,2346,0,41,0,0,0,LEADER,1,0,0,0,0,40
110742,30,adaptive-prasle,2143,1,0,0,40,0,560,0,1,30,108599,2143,0,41,0,0,0,LEADER,1,0,0,0,0,40
110148,64,adaptive-prasle,1549,1,0,0,40,0,560,0,1,64,108599,1549,0,41,0,0,0,LEADER,1,0,0,0,0,40
110373,80,adaptive-prasle,1774,1,0,0,40,0,560,0,1,80,108599,1774,0,41,0,0,0,LEADER,1,0,0,0,0,40
110113,54,adaptive-prasle,1516,1,0,0,40,0,560,0,1,54,108597,1516,0,41,0,0,0,LEADER,1,0,0,0,0,40
110639,43,adaptive-prasle,2040,1,0,0,40,0,560,0,1,43,108599,2040,0,41,0,0,0,LEADER,1,0,0,0,0,40
110559,26,adaptive-prasle,1960,1,0,0,40,0,560,0,1,26,108599,1960,0,41,0,0,0,LEADER,1,0,0,0,0,40
110188,42,adaptive-prasle,1591,1,0,0,40,0,560,0,1,42,108597,1591,0,41,0,0,0,LEADER,1,0,0,0,0,40
110197,31,adaptive-prasle,1598,1,0,0,40,0,560,0,1,31,108599,1598,0,41,0,0,0,LEADER,1,0,0,0,0,40
110954,94,adaptive-prasle,2355,1,0,0,40,0,560,0,1,94,108599,2355,0,41,0,0,0,LEADER,1,0,0,0,0,40
110524,45,adaptive-prasle,1925,1,0,0,40,0,560,0,1,45,108599,1925,0,41,0,0,0,LEADER,1,0,0,0,0,40
110897,60,adaptive-prasle,2298,1,0,0,40,0,560,0,1,60,108599,2298,0,41,0,0,0,LEADER,1,0,0,0,0,40
111002,44,adaptive-prasle,1483,1,0,0,40,0,560,0,1,44,109519,1483,0,41,0,0,0,LEADER,1,0,0,0,0,40
110606,33,adaptive-prasle,2007,1,0,0,40,0,560,0,1,33,108599,2007,0,41,0,0,0,LEADER,1,0,0,0,0,40
110251,51,adaptive-prasle,1652,1,0,0,40,0,560,0,1,51,108599,1652,0,41,0,0,0,LEADER,1,0,0,0,0,40
111050,22,adaptive-prasle,1531,1,0,0,40,0,560,0,1,22,109519,1531,0,41,0,0,0,LEADER,1,0,0,0,0,40
110761,72,adaptive-prasle,2162,1,0,0,40,0,560,0,1,72,108599,2162,0,41,0,0,0,LEADER,1,0,0,0,0,40
110551,24,adaptive-prasle,1952,1,0,0,40,0,560,0,1,24,108599,1952,0,41,0,0,0,LEADER,1,0,0,0,0,40
111082,32,adaptive-prasle,1564,1,0,0,40,0,560,0,1,32,109518,1564,0,41,0,0,0,LEADER,1,0,0,0,0,40
110270,93,adaptive-prasle,1671,1,0,0,40,0,560,0,1,93,108599,1671,0,41,0,0,0,LEADER,1,0,0,0,0,40
110942,69,adaptive-prasle,2343,1,0,0,40,0,560,0,1,69,108599,2343,0,41,0,0,0,LEADER,1,0,0,0,0,40
110929,79,adaptive-prasle,2331,1,0,0,40,0,560,0,1,79,108598,2331,0,41,0,0,0,LEADER,1,0,0,0,0,40
110624,75,adaptive-prasle,2025,1,0,0,40,0,560,0,1,75,108599,2025,0,41,0,0,0,LEADER,1,0,0,0,0,40
110351,81,adaptive-prasle,1752,1,0,0,40,0,560,0,1,81,108599,1752,0,41,0,0,0,LEADER,1,0,0,0,0,40
110209,52,adaptive-prasle,1610,1,0,0,40,0,560,0,1,52,108599,1610,0,41,0,0,0,LEADER,1,0,0,0,0,40
110688,21,adaptive-prasle,2088,1,0,0,40,0,560,0,1,21,108600,2088,0,41,0,0,0,LEADER,1,0,0,0,0,40
110864,29,adaptive-prasle,2265,1,0,0,40,0,560,0,1,29,108599,2265,0,41,0,0,0,LEADER,1,0,0,0,0,40
110440,100,adaptive-prasle,1841,1,0,0,40,0,560,0,1,100,108599,1841,0,41,0,0,0,LEADER,1,0,0,0,0,40
110285,61,adaptive-prasle,1686,1,0,0,40,0,560,0,1,61,108599,1686,0,41,0,0,0,LEADER,1,0,0,0,0,40
110849,91,adaptive-prasle,2250,1,0,0,40,0,560,0,1,91,108599,2250,0,41,0,0,0,LEADER,1,0,0,0,0,40
110809,37,adaptive-prasle,2210,1,0,0,40,0,560,0,1,37,108599,2210,0,41,0,0,0,LEADER,1,0,0,0,0,40
110352,38,adaptive-prasle,1755,1,0,0,40,0,560,0,1,38,108597,1755,0,41,0,0,0,LEADER,1,0,0,0,0,40
111018,98,adaptive-prasle,2419,1,0,0,40,0,560,0,1,98,108599,2419,0,41,0,0,0,LEADER,1,0,0,0,0,40
110877,27,adaptive-prasle,2280,1,0,0,40,0,560,0,1,27,108597,2280,0,41,0,0,0,LEADER,1,0,0,0,0,40
110536,56,adaptive-prasle,1937,1,0,0,40,0,560,0,1,56,108599,1937,0,41,0,0,0,LEADER,1,0,0,0,0,40
110727,62,adaptive-prasle,2128,1,0,0,40,0,560,0,1,62,108599,2128,0,41,0,0,0,LEADER,1,0,0,0,0,40
110924,99,adaptive-prasle,2328,1,0,0,40,0,560,0,1,99,108596,2328,0,41,0,0,0,LEADER,1,0,0,0,0,40
110801,48,adaptive-prasle,2202,1,0,0,40,0,560,0,1,48,108599,2202,0,41,0,0,0,LEADER,1,0,0,0,0,40
110318,71,adaptive-prasle,1719,1,0,0,40,0,560,0,1,71,108599,1719,0,41,0,0,0,LEADER,1,0,0,0,0,40
110543,87,adaptive-prasle,1944,1,0,0,40,0,560,0,1,87,108599,1944,0,41,0,0,0,LEADER,1,0,0,0,0,40
110469,36,adaptive-prasle,1870,1,0,0,40,0,560,0,1,36,108599,1870,0,41,0,0,0,LEADER,1,0,0,0,0,40
110965,77,adaptive-prasle,1446,1,0,0,40,0,560,0,1,77,109519,1446,0,41,0,0,0,LEADER,1,0,0,0,0,40
111158,83,adaptive-prasle,1637,1,0,0,40,0,560,0,1,83,109521,1637,0,41,0,0,0,LEADER,1,0,0,0,0,40
110658,85,adaptive-prasle,2059,1,0,0,40,0,560,0,1,85,108599,2059,0,41,0,0,0,LEADER,1,0,0,0,0,40
111186,19,adaptive-prasle,1667,1,0,0,40,0,560,0,1,19,109519,1667,0,41,0,0,0,LEADER,1,0,0,0,0,40
111341,65,adaptive-prasle,1822,1,0,0,40,0,560,0,1,65,109519,1822,0,41,0,0,0,LEADER,1,0,0,0,0,40
110947,35,adaptive-prasle,1428,1,0,0,40,0,560,0,1,35,109519,1428,0,41,0,0,0,LEADER,1,0,0,0,0,40
110962,86,adaptive-prasle,1443,1,0,0,40,0,560,0,1,86,109519,1443,0,41,0,0,0,LEADER,1,0,0,0,0,40
111005,50,adaptive-prasle,2406,1,0,0,40,0,560,0,1,50,108599,2406,0,41,0,0,0,LEADER,1,0,0,0,0,40
111020,55,adaptive-prasle,1501,1,0,0,40,0,560,0,1,55,109519,1501,0,41,0,0,0,LEADER,1,0,0,0,0,40
111059,63,adaptive-prasle,1540,1,0,0,40,0,560,0,1,63,109519,1540,0,41,0,0,0,LEADER,1,0,0,0,0,40
111423,46,adaptive-prasle,1904,1,0,0,40,0,560,0,1,46,109519,1904,0,41,0,0,0,LEADER,1,0,0,0,0,40
111218,53,adaptive-prasle,1701,1,0,0,40,0,560,0,1,53,109517,1701,0,41,0,0,0,LEADER,1,0,0,0,0,40
110573,23,adaptive-prasle,1974,1,0,0,40,0,560,0,1,23,108599,1974,0,41,0,0,0,LEADER,1,0,0,0,0,40
111441,88,adaptive-prasle,1922,1,0,0,40,0,560,0,1,88,109519,1922,0,41,0,0,0,LEADER,1,0,0,0,0,40
110968,34,adaptive-prasle,1449,1,0,0,40,0,560,0,1,34,109519,1449,0,41,0,0,0,LEADER,1,0,0,0,0,40
110576,97,adaptive-prasle,1977,1,0,0,40,0,560,0,1,97,108599,1977,0,41,0,0,0,LEADER,1,0,0,0,0,40
110696,20,adaptive-prasle,2095,1,0,0,40,0,560,0,1,20,108601,2095,0,41,0,0,0,LEADER,1,0,0,0,0,40
110776,40,adaptive-prasle,2177,1,0,0,40,0,560,0,1,40,108599,2177,0,41,0,0,0,LEADER,1,0,0,0,0,40
110699,47,adaptive-prasle,2100,1,0,0,40,0,560,0,1,47,108599,2100,0,41,0,0,0,LEADER,1,0,0,0,0,40
111611,95,adaptive-prasle,2092,1,0,0,40,0,560,0,1,95,109519,2092,0,41,0,0,0,LEADER,1,0,0,0,0,40
110994,25,adaptive-prasle,2395,1,0,0,40,0,560,0,1,25,108599,2395,0,41,0,0,0,LEADER,1,0,0,0,0,40
111599,84,adaptive-prasle,2080,1,0,0,40,0,560,0,1,84,109519,2080,0,41,0,0,0,LEADER,1,0,0,0,0,40
110876,70,adaptive-prasle,2277,1,0,0,40,0,560,0,1,70,108599,2277,0,41,0,0,0,LEADER,1,0,0,0,0,40
110794,82,adaptive-prasle,2195,1,0,0,40,0,560,0,1,82,108599,2195,0,41,0,0,0,LEADER,1,0,0,0,0,40
110883,3,adaptive-prasle,1603,1,0,0,7,14,98,196,2,3,109280,1603,0,6,0,0,0,LEADER,1,0,0,0,0,7
111012,67,adaptive-prasle,2413,1,0,0,40,0,560,0,1,67,108599,2413,0,41,0,0,0,LEADER,1,0,0,0,0,40
110964,89,adaptive-prasle,2365,1,0,0,40,0,560,0,1,89,108599,2365,0,41,0,0,0,LEADER,1,0,0,0,0,40
111632,28,adaptive-prasle,2113,1,0,0,40,0,560,0,1,28,109519,2113,0,41,0,0,0,LEADER,1,0,0,0,0,40
111374,68,adaptive-prasle,1855,1,0,0,40,0,560,0,1,68,109519,1855,0,41,0,0,0,LEADER,1,0,0,0,0,40
111326,90,adaptive-prasle,1807,1,0,0,40,0,560,0,1,90,109519,1807,0,41,0,0,0,LEADER,1,0,0,0,0,40
110987,76,adaptive-prasle,1468,1,0,0,40,0,560,0,1,76,109519,1468,0,41,0,0,0,LEADER,1,0,0,0,0,40
111308,10,adaptive-prasle,1789,1,0,0,40,0,560,0,1,10,109519,1789,0,41,0,0,0,LEADER,1,0,0,0,0,40
111740,58,adaptive-prasle,2221,1,0,0,40,0,560,0,1,58,109519,2221,0,41,0,0,0,LEADER,1,0,0,0,0,40
111123,73,adaptive-prasle,1604,1,0,0,40,0,560,0,1,73,109519,1604,0,41,0,0,0,LEADER,1,0,0,0,0,40
110864,59,adaptive-prasle,2265,1,0,0,40,0,560,0,1,59,108599,2265,0,41,0,0,0,LEADER,1,0,0,0,0,40
111138,41,adaptive-prasle,1619,1,0,0,40,0,560,0,1,41,109519,1619,0,41,0,0,0,LEADER,1,0,0,0,0,40
111053,96,adaptive-prasle,1534,1,0,0,40,0,560,0,1,96,109519,1534,0,41,0,0,0,LEADER,1,0,0,0,0,40
111226,4,adaptive-prasle,2030,1,0,0,8,16,112,224,5,4,109196,2030,0,6,0,0,0,LEADER,1,0,0,0,0,8
111286,49,adaptive-prasle,1767,1,0,0,40,0,560,0,1,49,109519,1767,0,41,0,0,0,LEADER,1,0,0,0,0,40
111355,74,adaptive-prasle,1837,1,0,0,40,0,560,0,1,74,109518,1837,0,41,0,0,0,LEADER,1,0,0,0,0,40
111747,92,adaptive-prasle,2228,1,0,0,40,0,560,0,1,92,109519,2228,0,41,0,0,0,LEADER,1,0,0,0,0,40
110955,66,adaptive-prasle,1434,1,0,0,40,0,560,0,1,66,109521,1434,0,41,0,0,0,LEADER,1,0,0,0,0,40
110979,57,adaptive-prasle,2380,1,0,0,40,0,560,0,1,57,108599,2380,0,41,0,0,0,LEADER,1,0,0,0,0,40
111779,78,adaptive-prasle,2260,1,0,0,40,0,560,0,1,78,109519,2260,0,41,0,0,0,LEADER,1,0,0,0,0,40
110945,39,adaptive-prasle,2346,1,0,0,40,0,560,0,1,39,108599,2346,0,41,0,0,0,LEADER,1,0,0,0,0,40
111662,30,adaptive-prasle,2143,1,0,0,40,0,560,0,1,30,109519,2143,0,41,0,0,0,LEADER,1,0,0,0,0,40
111068,64,adaptive-prasle,1549,1,0,0,40,0,560,0,1,64,109519,1549,0,41,0,0,0,LEADER,1,0,0,0,0,40
111293,80,adaptive-prasle,1774,1,0,0,40,0,560,0,1,80,109519,1774,0,41,0,0,0,LEADER,1,0,0,0,0,40
111033,54,adaptive-prasle,1516,1,0,0,40,0,560,0,1,54,109517,1516,0,41,0,0,0,LEADER,1,0,0,0,0,40
111559,43,adaptive-prasle,2040,1,0,0,40,0,560,0,1,43,109519,2040,0,41,0,0,0,LEADER,1,0,0,0,0,40
111479,26,adaptive-prasle,1960,1,0,0,40,0,560,0,1,26,109519,1960,0,41,0,0,0,LEADER,1,0,0,0,0,40
111108,42,adaptive-prasle,1591,1,0,0,40,0,560,0,1,42,109517,1591,0,41,0,0,0,LEADER,1,0,0,0,0,40
111117,31,adaptive-prasle,1598,1,0,0,40,0,560,0,1,31,109519,1598,0,41,0,0,0,LEADER,1,0,0,0,0,40
111874,94,adaptive-prasle,2355,1,0,0,40,0,560,0,1,94,109519,2355,0,41,0,0,0,LEADER,1,0,0,0,0,40
111444,45,adaptive-prasle,1925,1,0,0,40,0,560,0,1,45,109519,1925,0,41,0,0,0,LEADER,1,0,0,0,0,40
111817,60,adaptive-prasle,2298,1,0,0,40,0,560,0,1,60,109519,2298,0,41,0,0,0,LEADER,1,0,0,0,0,40
111923,44,adaptive-prasle,1483,1,0,0,41,0,574,0,1,44,110440,1483,0,42,0,0,0,LEADER,1,0,0,0,0,41
111526,33,adaptive-prasle,2007,1,0,0,40,0,560,0,1,33,109519,2007,0,41,0,0,0,LEADER,1,0,0,0,0,40
111171,51,adaptive-prasle,1652,1,0,0,40,0,560,0,1,51,109519,1652,0,41,0,0,0,LEADER,1,0,0,0,0,40
111971,22,adaptive-prasle,1531,1,0,0,41,0,574,0,1,22,110440,1531,0,42,0,0,0,LEADER,1,0,0,0,0,41
111681,72,adaptive-prasle,2162,1,0,0,40,0,560,0,1,72,109519,2162,0,41,0,0,0,LEADER,1,0,0,0,0,40
111471,24,adaptive-prasle,1952,1,0,0,40,0,560,0,1,24,109519,1952,0,41,0,0,0,LEADER,1,0,0,0,0,40
112003,32,adaptive-prasle,1564,1,0,0,41,0,574,0,1,32,110439,1564,0,42,0,0,0,LEADER,1,0,0,0,0,41
111190,93,adaptive-prasle,1671,1,0,0,40,0,560,0,1,93,109519,1671,0,41,0,0,0,LEADER,1,0,0,0,0,40
111862,69,adaptive-prasle,2343,1,0,0,40,0,560,0,1,69,109519,2343,0,41,0,0,0,LEADER,1,0,0,0,0,40
111849,79,adaptive-prasle,2331,1,0,0,40,0,560,0,1,79,109518,2331,0,41,0,0,0,LEADER,1,0,0,0,0,40
111544,75,adaptive-prasle,2025,1,0,0,40,0,560,0,1,75,109519,2025,0,41,0,0,0,LEADER,1,0,0,0,0,40
111271,81,adaptive-prasle,1752,1,0,0,40,0,560,0,1,81,109519,1752,0,41,0,0,0,LEADER,1,0,0,0,0,40
111129,52,adaptive-prasle,1610,1,0,0,40,0,560,0,1,52,109519,1610,0,41,0,0,0,LEADER,1,0,0,0,0,40
111608,21,adaptive-prasle,2088,1,0,0,40,0,560,0,1,21,109520,2088,0,41,0,0,0,LEADER,1,0,0,0,0,40
111784,29,adaptive-prasle,2265,1,0,0,40,0,560,0,1,29,109519,2265,0,41,0,0,0,LEADER,1,0,0,0,0,40
111360,100,adaptive-prasle,1841,1,0,0,40,0,560,0,1,100,109519,1841,0,41,0,0,0,LEADER,1,0,0,0,0,40
111205,61,adaptive-prasle,1686,1,0,0,40,0,560,0,1,61,109519,1686,0,41,0,0,0,LEADER,1,0,0,0,0,40
111769,91,adaptive-prasle,2250,1,0,0,40,0,560,0,1,91,109519,2250,0,41,0,0,0,LEADER,1,0,0,0,0,40
111729,37,adaptive-prasle,2210,1,0,0,40,0,560,0,1,37,109519,2210,0,41,0,0,0,LEADER,1,0,0,0,0,40
111272,38,adaptive-prasle,1755,1,0,0,40,0,560,0,1,38,109517,1755,0,41,0,0,0,LEADER,1,0,0,0,0,40
111938,98,adaptive-prasle,2419,1,0,0,40,0,560,0,1,98,109519,2419,0,41,0,0,0,LEADER,1,0,0,0,0,40
111797,27,adaptive-prasle,2280,1,0,0,40,0,560,0,1,27,109517,2280,0,41,0,0,0,LEADER,1,0,0,0,0,40
111647,62,adaptive-prasle,2128,1,0,0,40,0,560,0,1,62,109519,2128,0,41,0,0,0,LEADER,1,0,0,0,0,40
111456,56,adaptive-prasle,1937,1,0,0,40,0,560,0,1,56,109519,1937,0,41,0,0,0,LEADER,1,0,0,0,0,40
111844,99,adaptive-prasle,2328,1,0,0,40,0,560,0,1,99,109516,2328,0,41,0,0,0,LEADER,1,0,0,0,0,40
111721,48,adaptive-prasle,2202,1,0,0,40,0,560,0,1,48,109519,2202,0,41,0,0,0,LEADER,1,0,0,0,0,40
111238,71,adaptive-prasle,1719,1,0,0,40,0,560,0,1,71,109519,1719,0,41,0,0,0,LEADER,1,0,0,0,0,40
111463,87,adaptive-prasle,1944,1,0,0,40,0,560,0,1,87,109519,1944,0,41,0,0,0,LEADER,1,0,0,0,0,40
111389,36,adaptive-prasle,1870,1,0,0,40,0,560,0,1,36,109519,1870,0,41,0,0,0,LEADER,1,0,0,0,0,40
112144,9,adaptive-prasle,1889,1,0,0,12,11,168,154,4,5,110255,1889,0,5,0,0,0,NORMAL,0,0,0,0,0,12
111886,77,adaptive-prasle,1446,1,0,0,41,0,574,0,1,77,110440,1446,0,42,0,0,0,LEADER,1,0,0,0,0,41
112079,83,adaptive-prasle,1637,1,0,0,41,0,574,0,1,83,110442,1637,0,42,0,0,0,LEADER,1,0,0,0,0,41
111578,85,adaptive-prasle,2059,1,0,0,40,0,560,0,1,85,109519,2059,0,41,0,0,0,LEADER,1,0,0,0,0,40
112107,19,adaptive-prasle,1667,1,0,0,41,0,574,0,1,19,110440,1667,0,42,0,0,0,LEADER,1,0,0,0,0,41
112262,65,adaptive-prasle,1822,1,0,0,41,0,574,0,1,65,110440,1822,0,42,0,0,0,LEADER,1,0,0,0,0,41
111868,35,adaptive-prasle,1428,1,0,0,41,0,574,0,1,35,110440,1428,0,42,0,0,0,LEADER,1,0,0,0,0,41
111883,86,adaptive-prasle,1443,1,0,0,41,0,574,0,1,86,110440,1443,0,42,0,0,0,LEADER,1,0,0,0,0,41
111925,50,adaptive-prasle,2406,1,0,0,40,0,560,0,1,50,109519,2406,0,41,0,0,0,LEADER,1,0,0,0,0,40
111941,55,adaptive-prasle,1501,1,0,0,41,0,574,0,1,55,110440,1501,0,42,0,0,0,LEADER,1,0,0,0,0,41
111980,63,adaptive-prasle,1540,1,0,0,41,0,574,0,1,63,110440,1540,0,42,0,0,0,LEADER,1,0,0,0,0,41
112344,46,adaptive-prasle,1904,1,0,0,41,0,574,0,1,46,110440,1904,0,42,0,0,0,LEADER,1,0,0,0,0,41
112139,53,adaptive-prasle,1701,1,0,0,41,0,574,0,1,53,110438,1701,0,42,0,0,0,LEADER,1,0,0,0,0,41
111493,23,adaptive-prasle,1974,1,0,0,40,0,560,0,1,23,109519,1974,0,41,0,0,0,LEADER,1,0,0,0,0,40
112362,88,adaptive-prasle,1922,1,0,0,41,0,574,0,1,88,110440,1922,0,42,0,0,0,LEADER,1,0,0,0,0,41
111889,34,adaptive-prasle,1449,1,0,0,41,0,574,0,1,34,110440,1449,0,42,0,0,0,LEADER,1,0,0,0,0,41
111496,97,adaptive-prasle,1977,1,0,0,40,0,560,0,1,97,109519,1977,0,41,0,0,0,LEADER,1,0,0,0,0,40
111616,20,adaptive-prasle,2095,1,0,0,40,0,560,0,1,20,109521,2095,0,41,0,0,0,LEADER,1,0,0,0,0,40
111696,40,adaptive-prasle,2177,1,0,0,40,0,560,0,1,40,109519,2177,0,41,0,0,0,LEADER,1,0,0,0,0,40
111619,47,adaptive-prasle,2100,1,0,0,40,0,560,0,1,47,109519,2100,0,41,0,0,0,LEADER,1,0,0,0,0,40
112532,95,adaptive-prasle,2092,1,0,0,41,0,574,0,1,95,110440,2092,0,42,0,0,0,LEADER,1,0,0,0,0,41
111914,25,adaptive-prasle,2395,1,0,0,40,0,560,0,1,25,109519,2395,0,41,0,0,0,LEADER,1,0,0,0,0,40
112520,84,adaptive-prasle,2080,1,0,0,41,0,574,0,1,84,110440,2080,0,42,0,0,0,LEADER,1,0,0,0,0,41
111796,70,adaptive-prasle,2277,1,0,0,40,0,560,0,1,70,109519,2277,0,41,0,0,0,LEADER,1,0,0,0,0,40
111714,82,adaptive-prasle,2195,1,0,0,40,0,560,0,1,82,109519,2195,0,41,0,0,0,LEADER,1,0,0,0,0,40
111932,67,adaptive-prasle,2413,1,0,0,40,0,560,0,1,67,109519,2413,0,41,0,0,0,LEADER,1,0,0,0,0,40
111884,89,adaptive-prasle,2365,1,0,0,40,0,560,0,1,89,109519,2365,0,41,0,0,0,LEADER,1,0,0,0,0,40
112553,28,adaptive-prasle,2113,1,0,0,41,0,574,0,1,28,110440,2113,0,42,0,0,0,LEADER,1,0,0,0,0,41
112295,68,adaptive-prasle,1855,1,0,0,41,0,574,0,1,68,110440,1855,0,42,0,0,0,LEADER,1,0,0,0,0,41
112247,90,adaptive-prasle,1807,1,0,0,41,0,574,0,1,90,110440,1807,0,42,0,0,0,LEADER,1,0,0,0,0,41
112004,8,adaptive-prasle,2217,1,0,0,11,23,154,322,3,5,109787,2217,0,5,0,0,0,NORMAL,0,0,0,0,0,11
111908,76,adaptive-prasle,1468,1,0,0,41,0,574,0,1,76,110440,1468,0,42,0,0,0,LEADER,1,0,0,0,0,41
112229,10,adaptive-prasle,1789,1,0,0,41,0,574,0,1,10,110440,1789,0,42,0,0,0,LEADER,1,0,0,0,0,41
112661,58,adaptive-prasle,2221,1,0,0,41,0,574,0,1,58,110440,2221,0,42,0,0,0,LEADER,1,0,0,0,0,41
112044,73,adaptive-prasle,1604,1,0,0,41,0,574,0,1,73,110440,1604,0,42,0,0,0,LEADER,1,0,0,0,0,41
111784,59,adaptive-prasle,2265,1,0,0,40,0,560,0,1,59,109519,2265,0,41,0,0,0,LEADER,1,0,0,0,0,40
112059,41,adaptive-prasle,1619,1,0,0,41,0,574,0,1,41,110440,1619,0,42,0,0,0,LEADER,1,0,0,0,0,41
111974,96,adaptive-prasle,1534,1,0,0,41,0,574,0,1,96,110440,1534,0,42,0,0,0,LEADER,1,0,0,0,0,41
112207,49,adaptive-prasle,1767,1,0,0,41,0,574,0,1,49,110440,1767,0,42,0,0,0,LEADER,1,0,0,0,0,41
112276,74,adaptive-prasle,1837,1,0,0,41,0,574,0,1,74,110439,1837,0,42,0,0,0,LEADER,1,0,0,0,0,41
112668,92,adaptive-prasle,2228,1,0,0,41,0,574,0,1,92,110440,2228,0,42,0,0,0,LEADER,1,0,0,0,0,41
111876,66,adaptive-prasle,1434,1,0,0,41,0,574,0,1,66,110442,1434,0,42,0,0,0,LEADER,1,0,0,0,0,41
111899,57,adaptive-prasle,2380,1,0,0,40,0,560,0,1,57,109519,2380,0,41,0,0,0,LEADER,1,0,0,0,0,40
112700,78,adaptive-prasle,2260,1,0,0,41,0,574,0,1,78,110440,2260,0,42,0,0,0,LEADER,1,0,0,0,0,41
111865,39,adaptive-prasle,2346,1,0,0,40,0,560,0,1,39,109519,2346,0,41,0,0,0,LEADER,1,0,0,0,0,40
112583,30,adaptive-prasle,2143,1,0,0,41,0,574,0,1,30,110440,2143,0,42,0,0,0,LEADER,1,0,0,0,0,41
111989,64,adaptive-prasle,1549,1,0,0,41,0,574,0,1,64,110440,1549,0,42,0,0,0,LEADER,1,0,0,0,0,41
112214,80,adaptive-prasle,1774,1,0,0,41,0,574,0,1,80,110440,1774,0,42,0,0,0,LEADER,1,0,0,0,0,41
111954,54,adaptive-prasle,1516,1,0,0,41,0,574,0,1,54,110438,1516,0,42,0,0,0,LEADER,1,0,0,0,0,41
112480,43,adaptive-prasle,2040,1,0,0,41,0,574,0,1,43,110440,2040,0,42,0,0,0,LEADER,1,0,0,0,0,41
112400,26,adaptive-prasle,1960,1,0,0,41,0,574,0,1,26,110440,1960,0,42,0,0,0,LEADER,1,0,0,0,0,41
112029,42,adaptive-prasle,1591,1,0,0,41,0,574,0,1,42,110438,1591,0,42,0,0,0,LEADER,1,0,0,0,0,41
112038,31,adaptive-prasle,1598,1,0,0,41,0,574,0,1,31,110440,1598,0,42,0,0,0,LEADER,1,0,0,0,0,41
112795,94,adaptive-prasle,2355,1,0,0,41,0,574,0,1,94,110440,2355,0,42,0,0,0,LEADER,1,0,0,0,0,41
112365,45,adaptive-prasle,1925,1,0,0,41,0,574,0,1,45,110440,1925,0,42,0,0,0,LEADER,1,0,0,0,0,41
112738,60,adaptive-prasle,2298,1,0,0,41,0,574,0,1,60,110440,2298,0,42,0,0,0,LEADER,1,0,0,0,0,41
112843,44,adaptive-prasle,1483,1,0,0,41,0,574,0,1,44,111360,1483,0,42,0,0,0,LEADER,1,0,0,0,0,41
112447,33,adaptive-prasle,2007,1,0,0,41,0,574,0,1,33,110440,2007,0,42,0,0,0,LEADER,1,0,0,0,0,41
112092,51,adaptive-prasle,1652,1,0,0,41,0,574,0,1,51,110440,1652,0,42,0,0,0,LEADER,1,0,0,0,0,41
112891,22,adaptive-prasle,1531,1,0,0,41,0,574,0,1,22,111360,1531,0,42,0,0,0,LEADER,1,0,0,0,0,41
112602,72,adaptive-prasle,2162,1,0,0,41,0,574,0,1,72,110440,2162,0,42,0,0,0,LEADER,1,0,0,0,0,41
112392,24,adaptive-prasle,1952,1,0,0,41,0,574,0,1,24,110440,1952,0,42,0,0,0,LEADER,1,0,0,0,0,41
112923,32,adaptive-prasle,1564,1,0,0,41,0,574,0,1,32,111359,1564,0,42,0,0,0,LEADER,1,0,0,0,0,41
112111,93,adaptive-prasle,1671,1,0,0,41,0,574,0,1,93,110440,1671,0,42,0,0,0,LEADER,1,0,0,0,0,41
112783,69,adaptive-prasle,2343,1,0,0,41,0,574,0,1,69,110440,2343,0,42,0,0,0,LEADER,1,0,0,0,0,41
112770,79,adaptive-prasle,2331,1,0,0,41,0,574,0,1,79,110439,2331,0,42,0,0,0,LEADER,1,0,0,0,0,41
112465,75,adaptive-prasle,2025,1,0,0,41,0,574,0,1,75,110440,2025,0,42,0,0,0,LEADER,1,0,0,0,0,41
112192,81,adaptive-prasle,1752,1,0,0,41,0,574,0,1,81,110440,1752,0,42,0,0,0,LEADER,1,0,0,0,0,41
112050,52,adaptive-prasle,1610,1,0,0,41,0,574,0,1,52,110440,1610,0,42,0,0,0,LEADER,1,0,0,0,0,41
112705,29,adaptive-prasle,2265,1,0,0,41,0,574,0,1,29,110440,2265,0,42,0,0,0,LEADER,1,0,0,0,0,41
112529,21,adaptive-prasle,2088,1,0,0,41,0,574,0,1,21,110441,2088,0,42,0,0,0,LEADER,1,0,0,0,0,41
112281,100,adaptive-prasle,1841,1,0,0,41,0,574,0,1,100,110440,1841,0,42,0,0,0,LEADER,1,0,0,0,0,41
112126,61,adaptive-prasle,1686,1,0,0,41,0,574,0,1,61,110440,1686,0,42,0,0,0,LEADER,1,0,0,0,0,41
112690,91,adaptive-prasle,2250,1,0,0,41,0,574,0,1,91,110440,2250,0,42,0,0,0,LEADER,1,0,0,0,0,41
112650,37,adaptive-prasle,2210,1,0,0,41,0,574,0,1,37,110440,2210,0,42,0,0,0,LEADER,1,0,0,0,0,41
112193,38,adaptive-prasle,1755,1,0,0,41,0,574,0,1,38,110438,1755,0,42,0,0,0,LEADER,1,0,0,0,0,41
112859,98,adaptive-prasle,2419,1,0,0,41,0,574,0,1,98,110440,2419,0,42,0,0,0,LEADER,1,0,0,0,0,41
112718,27,adaptive-prasle,2280,1,0,0,41,0,574,0,1,27,110438,2280,0,42,0,0,0,LEADER,1,0,0,0,0,41
112568,62,adaptive-prasle,2128,1,0,0,41,0,574,0,1,62,110440,2128,0,42,0,0,0,LEADER,1,0,0,0,0,41
112377,56,adaptive-prasle,1937,1,0,0,41,0,574,0,1,56,110440,1937,0,42,0,0,0,LEADER,1,0,0,0,0,41
112765,99,adaptive-prasle,2328,1,0,0,41,0,574,0,1,99,110437,2328,0,42,0,0,0,LEADER,1,0,0,0,0,41
112642,48,adaptive-prasle,2202,1,0,0,41,0,574,0,1,48,110440,2202,0,42,0,0,0,LEADER,1,0,0,0,0,41
112159,71,adaptive-prasle,1719,1,0,0,41,0,574,0,1,71,110440,1719,0,42,0,0,0,LEADER,1,0,0,0,0,41
112384,87,adaptive-prasle,1944,1,0,0,41,0,574,0,1,87,110440,1944,0,42,0,0,0,LEADER,1,0,0,0,0,41
112310,36,adaptive-prasle,1870,1,0,0,41,0,574,0,1,36,110440,1870,0,42,0,0,0,LEADER,1,0,0,0,0,41
112806,77,adaptive-prasle,1446,1,0,0,41,0,574,0,1,77,111360,1446,0,42,0,0,0,LEADER,1,0,0,0,0,41
112999,83,adaptive-prasle,1637,1,0,0,41,0,574,0,1,83,111362,1637,0,42,0,0,0,LEADER,1,0,0,0,0,41
112499,85,adaptive-prasle,2059,1,0,0,41,0,574,0,1,85,110440,2059,0,42,0,0,0,LEADER,1,0,0,0,0,41
113027,19,adaptive-prasle,1667,1,0,0,41,0,574,0,1,19,111360,1667,0,42,0,0,0,LEADER,1,0,0,0,0,41
113182,65,adaptive-prasle,1822,1,0,0,41,0,574,0,1,65,111360,1822,0,42,0,0,0,LEADER,1,0,0,0,0,41
112788,35,adaptive-prasle,1428,1,0,0,41,0,574,0,1,35,111360,1428,0,42,0,0,0,LEADER,1,0,0,0,0,41
112803,86,adaptive-prasle,1443,1,0,0,41,0,574,0,1,86,111360,1443,0,42,0,0,0,LEADER,1,0,0,0,0,41
112846,50,adaptive-prasle,2406,1,0,0,41,0,574,0,1,50,110440,2406,0,42,0,0,0,LEADER,1,0,0,0,0,41
112861,55,adaptive-prasle,1501,1,0,0,41,0,574,0,1,55,111360,1501,0,42,0,0,0,LEADER,1,0,0,0,0,41
112900,63,adaptive-prasle,1540,1,0,0,41,0,574,0,1,63,111360,1540,0,42,0,0,0,LEADER,1,0,0,0,0,41
113264,46,adaptive-prasle,1904,1,0,0,41,0,574,0,1,46,111360,1904,0,42,0,0,0,LEADER,1,0,0,0,0,41
113059,53,adaptive-prasle,1701,1,0,0,41,0,574,0,1,53,111358,1701,0,42,0,0,0,LEADER,1,0,0,0,0,41
112414,23,adaptive-prasle,1974,1,0,0,41,0,574,0,1,23,110440,1974,0,42,0,0,0,LEADER,1,0,0,0,0,41
113282,88,adaptive-prasle,1922,1,0,0,41,0,574,0,1,88,111360,1922,0,42,0,0,0,LEADER,1,0,0,0,0,41
112809,34,adaptive-prasle,1449,1,0,0,41,0,574,0,1,34,111360,1449,0,42,0,0,0,LEADER,1,0,0,0,0,41
112417,97,adaptive-prasle,1977,1,0,0,41,0,574,0,1,97,110440,1977,0,42,0,0,0,LEADER,1,0,0,0,0,41
112537,20,adaptive-prasle,2095,1,0,0,41,0,574,0,1,20,110442,2095,0,42,0,0,0,LEADER,1,0,0,0,0,41
112617,40,adaptive-prasle,2177,1,0,0,41,0,574,0,1,40,110440,2177,0,42,0,0,0,LEADER,1,0,0,0,0,41
112540,47,adaptive-prasle,2100,1,0,0,41,0,574,0,1,47,110440,2100,0,42,0,0,0,LEADER,1,0,0,0,0,41
113179,6,adaptive-prasle,1797,1,0,0,10,20,140,280,3,5,111382,1797,0,5,0,0,0,NORMAL,0,0,0,0,0,10
113452,95,adaptive-prasle,2092,1,0,0,41,0,574,0,1,95,111360,2092,0,42,0,0,0,LEADER,1,0,0,0,0,41
113383,11,adaptive-prasle,2055,1,0,0,9,5,126,70,4,11,111328,2055,0,7,0,0,0,LEADER,1,0,0,0,0,9
112835,25,adaptive-prasle,2395,1,0,0,41,0,574,0,1,25,110440,2395,0,42,0,0,0,LEADER,1,0,0,0,0,41
113440,84,adaptive-prasle,2080,1,0,0,41,0,574,0,1,84,111360,2080,0,42,0,0,0,LEADER,1,0,0,0,0,41
112717,70,adaptive-prasle,2277,1,0,0,41,0,574,0,1,70,110440,2277,0,42,0,0,0,LEADER,1,0,0,0,0,41
112635,82,adaptive-prasle,2195,1,0,0,41,0,574,0,1,82,110440,2195,0,42,0,0,0,LEADER,1,0,0,0,0,41
112853,67,adaptive-prasle,2413,1,0,0,41,0,574,0,1,67,110440,2413,0,42,0,0,0,LEADER,1,0,0,0,0,41
112805,89,adaptive-prasle,2365,1,0,0,41,0,574,0,1,89,110440,2365,0,42,0,0,0,LEADER,1,0,0,0,0,41
113473,28,adaptive-prasle,2113,1,0,0,41,0,574,0,1,28,111360,2113,0,42,0,0,0,LEADER,1,0,0,0,0,41
113215,68,adaptive-prasle,1855,1,0,0,41,0,574,0,1,68,111360,1855,0,42,0,0,0,LEADER,1,0,0,0,0,41
113167,90,adaptive-prasle,1807,1,0,0,41,0,574,0,1,90,111360,1807,0,42,0,0,0,LEADER,1,0,0,0,0,41
112828,76,adaptive-prasle,1468,1,0,0,41,0,574,0,1,76,111360,1468,0,42,0,0,0,LEADER,1,0,0,0,0,41
113149,10,adaptive-prasle,1789,1,0,0,41,0,574,0,1,10,111360,1789,0,42,0,0,0,LEADER,1,0,0,0,0,41
113581,58,adaptive-prasle,2221,1,0,0,41,0,574,0,1,58,111360,2221,0,42,0,0,0,LEADER,1,0,0,0,0,41
112964,73,adaptive-prasle,1604,1,0,0,41,0,574,0,1,73,111360,1604,0,42,0,0,0,LEADER,1,0,0,0,0,41
112705,59,adaptive-prasle,2265,1,0,0,41,0,574,0,1,59,110440,2265,0,42,0,0,0,LEADER,1,0,0,0,0,41
112979,41,adaptive-prasle,1619,1,0,0,41,0,574,0,1,41,111360,1619,0,42,0,0,0,LEADER,1,0,0,0,0,41
112894,96,adaptive-prasle,1534,1,0,0,41,0,574,0,1,96,111360,1534,0,42,0,0,0,LEADER,1,0,0,0,0,41
113127,49,adaptive-prasle,1767,1,0,0,41,0,574,0,1,49,111360,1767,0,42,0,0,0,LEADER,1,0,0,0,0,41
113196,74,adaptive-prasle,1837,1,0,0,41,0,574,0,1,74,111359,1837,0,42,0,0,0,LEADER,1,0,0,0,0,41
113588,92,adaptive-prasle,2228,1,0,0,41,0,574,0,1,92,111360,2228,0,42,0,0,0,LEADER,1,0,0,0,0,41
112796,66,adaptive-prasle,1434,1,0,0,41,0,574,0,1,66,111362,1434,0,42,0,0,0,LEADER,1,0,0,0,0,41
112820,57,adaptive-prasle,2380,1,0,0,41,0,574,0,1,57,110440,2380,0,42,0,0,0,LEADER,1,0,0,0,0,41
113620,78,adaptive-prasle,2260,1,0,0,41,0,574,0,1,78,111360,2260,0,42,0,0,0,LEADER,1,0,0,0,0,41
112786,39,adaptive-prasle,2346,1,0,0,41,0,574,0,1,39,110440,2346,0,42,0,0,0,LEADER,1,0,0,0,0,41
113503,30,adaptive-prasle,2143,1,0,0,41,0,574,0,1,30,111360,2143,0,42,0,0,0,LEADER,1,0,0,0,0,41
112909,64,adaptive-prasle,1549,1,0,0,41,0,574,0,1,64,111360,1549,0,42,0,0,0,LEADER,1,0,0,0,0,41
113134,80,adaptive-prasle,1774,1,0,0,41,0,574,0,1,80,111360,1774,0,42,0,0,0,LEADER,1,0,0,0,0,41
112874,54,adaptive-prasle,1516,1,0,0,41,0,574,0,1,54,111358,1516,0,42,0,0,0,LEADER,1,0,0,0,0,41
113400,43,adaptive-prasle,2040,1,0,0,41,0,574,0,1,43,111360,2040,0,42,0,0,0,LEADER,1,0,0,0,0,41
113320,26,adaptive-prasle,1960,1,0,0,41,0,574,0,1,26,111360,1960,0,42,0,0,0,LEADER,1,0,0,0,0,41
112949,42,adaptive-prasle,1591,1,0,0,41,0,574,0,1,42,111358,1591,0,42,0,0,0,LEADER,1,0,0,0,0,41
112958,31,adaptive-prasle,1598,1,0,0,41,0,574,0,1,31,111360,1598,0,42,0,0,0,LEADER,1,0,0,0,0,41
113715,94,adaptive-prasle,2355,1,0,0,41,0,574,0,1,94,111360,2355,0,42,0,0,0,LEADER,1,0,0,0,0,41
113285,45,adaptive-prasle,1925,1,0,0,41,0,574,0,1,45,111360,1925,0,42,0,0,0,LEADER,1,0,0,0,0,41
113658,60,adaptive-prasle,2298,1,0,0,41,0,574,0,1,60,111360,2298,0,42,0,0,0,LEADER,1,0,0,0,0,41
113763,44,adaptive-prasle,1483,1,0,0,41,0,574,0,1,44,112280,1483,0,42,0,0,0,LEADER,1,0,0,0,0,41
113367,33,adaptive-prasle,2007,1,0,0,41,0,574,0,1,33,111360,2007,0,42,0,0,0,LEADER,1,0,0,0,0,41
113012,51,adaptive-prasle,1652,1,0,0,41,0,574,0,1,51,111360,1652,0,42,0,0,0,LEADER,1,0,0,0,0,41
113811,22,adaptive-prasle,1531,1,0,0,41,0,574,0,1,22,112280,1531,0,42,0,0,0,LEADER,1,0,0,0,0,41
113522,72,adaptive-prasle,2162,1,0,0,41,0,574,0,1,72,111360,2162,0,42,0,0,0,LEADER,1,0,0,0,0,41
113312,24,adaptive-prasle,1952,1,0,0,41,0,574,0,1,24,111360,1952,0,42,0,0,0,LEADER,1,0,0,0,0,41
113843,32,adaptive-prasle,1564,1,0,0,41,0,574,0,1,32,112279,1564,0,42,0,0,0,LEADER,1,0,0,0,0,41
113031,93,adaptive-prasle,1671,1,0,0,41,0,574,0,1,93,111360,1671,0,42,0,0,0,LEADER,1,0,0,0,0,41
113703,69,adaptive-prasle,2343,1,0,0,41,0,574,0,1,69,111360,2343,0,42,0,0,0,LEADER,1,0,0,0,0,41
113690,79,adaptive-prasle,2331,1,0,0,41,0,574,0,1,79,111359,2331,0,42,0,0,0,LEADER,1,0,0,0,0,41
113385,75,adaptive-prasle,2025,1,0,0,41,0,574,0,1,75,111360,2025,0,42,0,0,0,LEADER,1,0,0,0,0,41
113112,81,adaptive-prasle,1752,1,0,0,41,0,574,0,1,81,111360,1752,0,42,0,0,0,LEADER,1,0,0,0,0,41
112970,52,adaptive-prasle,1610,1,0,0,41,0,574,0,1,52,111360,1610,0,42,0,0,0,LEADER,1,0,0,0,0,41
113625,29,adaptive-prasle,2265,1,0,0,41,0,574,0,1,29,111360,2265,0,42,0,0,0,LEADER,1,0,0,0,0,41
113449,21,adaptive-prasle,2088,1,0,0,41,0,574,0,1,21,111361,2088,0,42,0,0,0,LEADER,1,0,0,0,0,41
113201,100,adaptive-prasle,1841,1,0,0,41,0,574,0,1,100,111360,1841,0,42,0,0,0,LEADER,1,0,0,0,0,41
113046,61,adaptive-prasle,1686,1,0,0,41,0,574,0,1,61,111360,1686,0,42,0,0,0,LEADER,1,0,0,0,0,41
113610,91,adaptive-prasle,2250,1,0,0,41,0,574,0,1,91,111360,2250,0,42,0,0,0,LEADER,1,0,0,0,0,41
113570,37,adaptive-prasle,2210,1,0,0,41,0,574,0,1,37,111360,2210,0,42,0,0,0,LEADER,1,0,0,0,0,41
113113,38,adaptive-prasle,1755,1,0,0,41,0,574,0,1,38,111358,1755,0,42,0,0,0,LEADER,1,0,0,0,0,41
113779,98,adaptive-prasle,2419,1,0,0,41,0,574,0,1,98,111360,2419,0,42,0,0,0,LEADER,1,0,0,0,0,41
113638,27,adaptive-prasle,2280,1,0,0,41,0,574,0,1,27,111358,2280,0,42,0,0,0,LEADER,1,0,0,0,0,41
113488,62,adaptive-prasle,2128,1,0,0,41,0,574,0,1,62,111360,2128,0,42,0,0,0,LEADER,1,0,0,0,0,41
113297,56,adaptive-prasle,1937,1,0,0,41,0,574,0,1,56,111360,1937,0,42,0,0,0,LEADER,1,0,0,0,0,41
113685,99,adaptive-prasle,2328,1,0,0,41,0,574,0,1,99,111357,2328,0,42,0,0,0,LEADER,1,0,0,0,0,41
113562,48,adaptive-prasle,2202,1,0,0,41,0,574,0,1,48,111360,2202,0,42,0,0,0,LEADER,1,0,0,0,0,41
113079,71,adaptive-prasle,1719,1,0,0,41,0,574,0,1,71,111360,1719,0,42,0,0,0,LEADER,1,0,0,0,0,41
113304,87,adaptive-prasle,1944,1,0,0,41,0,574,0,1,87,111360,1944,0,42,0,0,0,LEADER,1,0,0,0,0,41
113230,36,adaptive-prasle,1870,1,0,0,41,0,574,0,1,36,111360,1870,0,42,0,0,0,LEADER,1,0,0,0,0,41
113726,77,adaptive-prasle,1446,1,0,0,41,0,574,0,1,77,112280,1446,0,42,0,0,0,LEADER,1,0,0,0,0,41
113919,83,adaptive-prasle,1637,1,0,0,41,0,574,0,1,83,112282,1637,0,42,0,0,0,LEADER,1,0,0,0,0,41
113419,85,adaptive-prasle,2059,1,0,0,41,0,574,0,1,85,111360,2059,0,42,0,0,0,LEADER,1,0,0,0,0,41
113947,19,adaptive-prasle,1667,1,0,0,41,0,574,0,1,19,112280,1667,0,42,0,0,0,LEADER,1,0,0,0,0,41
114102,65,adaptive-prasle,1822,1,0,0,41,0,574,0,1,65,112280,1822,0,42,0,0,0,LEADER,1,0,0,0,0,41
113708,35,adaptive-prasle,1428,1,0,0,41,0,574,0,1,35,112280,1428,0,42,0,0,0,LEADER,1,0,0,0,0,41
113723,86,adaptive-prasle,1443,1,0,0,41,0,574,0,1,86,112280,1443,0,42,0,0,0,LEADER,1,0,0,0,0,41
113766,50,adaptive-prasle,2406,1,0,0,41,0,574,0,1,50,111360,2406,0,42,0,0,0,LEADER,1,0,0,0,0,41
113781,55,adaptive-prasle,1501,1,0,0,41,0,574,0,1,55,112280,1501,0,42,0,0,0,LEADER,1,0,0,0,0,41
113820,63,adaptive-prasle,1540,1,0,0,41,0,574,0,1,63,112280,1540,0,42,0,0,0,LEADER,1,0,0,0,0,41
114184,46,adaptive-prasle,1904,1,0,0,41,0,574,0,1,46,112280,1904,0,42,0,0,0,LEADER,1,0,0,0,0,41
113979,53,adaptive-prasle,1701,1,0,0,41,0,574,0,1,53,112278,1701,0,42,0,0,0,LEADER,1,0,0,0,0,41
113334,23,adaptive-prasle,1974,1,0,0,41,0,574,0,1,23,111360,1974,0,42,0,0,0,LEADER,1,0,0,0,0,41
114202,88,adaptive-prasle,1922,1,0,0,41,0,574,0,1,88,112280,1922,0,42,0,0,0,LEADER,1,0,0,0,0,41
113729,34,adaptive-prasle,1449,1,0,0,41,0,574,0,1,34,112280,1449,0,42,0,0,0,LEADER,1,0,0,0,0,41
113337,97,adaptive-prasle,1977,1,0,0,41,0,574,0,1,97,111360,1977,0,42,0,0,0,LEADER,1,0,0,0,0,41
113457,20,adaptive-prasle,2095,1,0,0,41,0,574,0,1,20,111362,2095,0,42,0,0,0,LEADER,1,0,0,0,0,41
113537,40,adaptive-prasle,2177,1,0,0,41,0,574,0,1,40,111360,2177,0,42,0,0,0,LEADER,1,0,0,0,0,41
113460,47,adaptive-prasle,2100,1,0,0,41,0,574,0,1,47,111360,2100,0,42,0,0,0,LEADER,1,0,0,0,0,41
114372,95,adaptive-prasle,2092,1,0,0,41,0,574,0,1,95,112280,2092,0,42,0,0,0,LEADER,1,0,0,0,0,41
113755,25,adaptive-prasle,2395,1,0,0,41,0,574,0,1,25,111360,2395,0,42,0,0,0,LEADER,1,0,0,0,0,41
114360,84,adaptive-prasle,2080,1,0,0,41,0,574,0,1,84,112280,2080,0,42,0,0,0,LEADER,1,0,0,0,0,41
113637,70,adaptive-prasle,2277,1,0,0,41,0,574,0,1,70,111360,2277,0,42,0,0,0,LEADER,1,0,0,0,0,41
113555,82,adaptive-prasle,2195,1,0,0,41,0,574,0,1,82,111360,2195,0,42,0,0,0,LEADER,1,0,0,0,0,41
114400,12,adaptive-prasle,1578,1,0,0,6,6,84,84,3,12,112822,1578,0,5,0,0,0,LEADER,1,0,0,0,0,6
113773,67,adaptive-prasle,2413,1,0,0,41,0,574,0,1,67,111360,2413,0,42,0,0,0,LEADER,1,0,0,0,0,41
113725,89,adaptive-prasle,2365,1,0,0,41,0,574,0,1,89,111360,2365,0,42,0,0,0,LEADER,1,0,0,0,0,41
114393,28,adaptive-prasle,2113,1,0,0,41,0,574,0,1,28,112280,2113,0,42,0,0,0,LEADER,1,0,0,0,0,41
114135,68,adaptive-prasle,1855,1,0,0,41,0,574,0,1,68,112280,1855,0,42,0,0,0,LEADER,1,0,0,0,0,41
114087,90,adaptive-prasle,1807,1,0,0,41,0,574,0,1,90,112280,1807,0,42,0,0,0,LEADER,1,0,0,0,0,41
113748,76,adaptive-prasle,1468,1,0,0,41,0,574,0,1,76,112280,1468,0,42,0,0,0,LEADER,1,0,0,0,0,41
114069,10,adaptive-prasle,1789,1,0,0,41,0,574,0,1,10,112280,1789,0,42,0,0,0,LEADER,1,0,0,0,0,41
114501,58,adaptive-prasle,2221,1,0,0,41,0,574,0,1,58,112280,2221,0,42,0,0,0,LEADER,1,0,0,0,0,41
113884,73,adaptive-prasle,1604,1,0,0,41,0,574,0,1,73,112280,1604,0,42,0,0,0,LEADER,1,0,0,0,0,41
113625,59,adaptive-prasle,2265,1,0,0,41,0,574,0,1,59,111360,2265,0,42,0,0,0,LEADER,1,0,0,0,0,41
113899,41,adaptive-prasle,1619,1,0,0,41,0,574,0,1,41,112280,1619,0,42,0,0,0,LEADER,1,0,0,0,0,41
113814,96,adaptive-prasle,1534,1,0,0,41,0,574,0,1,96,112280,1534,0,42,0,0,0,LEADER,1,0,0,0,0,41
114047,49,adaptive-prasle,1767,1,0,0,41,0,574,0,1,49,112280,1767,0,42,0,0,0,LEADER,1,0,0,0,0,41
114116,74,adaptive-prasle,1837,1,0,0,41,0,574,0,1,74,112279,1837,0,42,0,0,0,LEADER,1,0,0,0,0,41
114508,92,adaptive-prasle,2228,1,0,0,41,0,574,0,1,92,112280,2228,0,42,0,0,0,LEADER,1,0,0,0,0,41
113716,66,adaptive-prasle,1434,1,0,0,41,0,574,0,1,66,112282,1434,0,42,0,0,0,LEADER,1,0,0,0,0,41
113740,57,adaptive-prasle,2380,1,0,0,41,0,574,0,1,57,111360,2380,0,42,0,0,0,LEADER,1,0,0,0,0,41
114540,78,adaptive-prasle,2260,1,0,0,41,0,574,0,1,78,112280,2260,0,42,0,0,0,LEADER,1,0,0,0,0,41
113706,39,adaptive-prasle,2346,1,0,0,41,0,574,0,1,39,111360,2346,0,42,0,0,0,LEADER,1,0,0,0,0,41
114423,30,adaptive-prasle,2143,1,0,0,41,0,574,0,1,30,112280,2143,0,42,0,0,0,LEADER,1,0,0,0,0,41
113829,64,adaptive-prasle,1549,1,0,0,41,0,574,0,1,64,112280,1549,0,42,0,0,0,LEADER,1,0,0,0,0,41
114054,80,adaptive-prasle,1774,1,0,0,41,0,574,0,1,80,112280,1774,0,42,0,0,0,LEADER,1,0,0,0,0,41
113794,54,adaptive-prasle,1516,1,0,0,41,0,574,0,1,54,112278,1516,0,42,0,0,0,LEADER,1,0,0,0,0,41
114320,43,adaptive-prasle,2040,1,0,0,41,0,574,0,1,43,112280,2040,0,42,0,0,0,LEADER,1,0,0,0,0,41
114240,26,adaptive-prasle,1960,1,0,0,41,0,574,0,1,26,112280,1960,0,42,0,0,0,LEADER,1,0,0,0,0,41
113869,42,adaptive-prasle,1591,1,0,0,41,0,574,0,1,42,112278,1591,0,42,0,0,0,LEADER,1,0,0,0,0,41
113878,31,adaptive-prasle,1598,1,0,0,41,0,574,0,1,31,112280,1598,0,42,0,0,0,LEADER,1,0,0,0,0,41
114635,94,adaptive-prasle,2355,1,0,0,41,0,574,0,1,94,112280,2355,0,42,0,0,0,LEADER,1,0,0,0,0,41
114205,45,adaptive-prasle,1925,1,0,0,41,0,574,0,1,45,112280,1925,0,42,0,0,0,LEADER,1,0,0,0,0,41
114578,60,adaptive-prasle,2298,1,0,0,41,0,574,0,1,60,112280,2298,0,42,0,0,0,LEADER,1,0,0,0,0,41
114684,44,adaptive-prasle,1483,1,0,0,42,0,588,0,1,44,113201,1483,0,43,0,0,0,LEADER,1,0,0,0,0,42
114287,33,adaptive-prasle,2007,1,0,0,41,0,574,0,1,33,112280,2007,0,42,0,0,0,LEADER,1,0,0,0,0,41
113932,51,adaptive-prasle,1652,1,0,0,41,0,574,0,1,51,112280,1652,0,42,0,0,0,LEADER,1,0,0,0,0,41
114442,72,adaptive-prasle,2162,1,0,0,41,0,574,0,1,72,112280,2162,0,42,0,0,0,LEADER,1,0,0,0,0,41
114732,22,adaptive-prasle,1531,1,0,0,42,0,588,0,1,22,113201,1531,0,43,0,0,0,LEADER,1,0,0,0,0,42
114232,24,adaptive-prasle,1952,1,0,0,41,0,574,0,1,24,112280,1952,0,42,0,0,0,LEADER,1,0,0,0,0,41
114764,32,adaptive-prasle,1564,1,0,0,42,0,588,0,1,32,113200,1564,0,43,0,0,0,LEADER,1,0,0,0,0,42
113951,93,adaptive-prasle,1671,1,0,0,41,0,574,0,1,93,112280,1671,0,42,0,0,0,LEADER,1,0,0,0,0,41
114623,69,adaptive-prasle,2343,1,0,0,41,0,574,0,1,69,112280,2343,0,42,0,0,0,LEADER,1,0,0,0,0,41
114610,79,adaptive-prasle,2331,1,0,0,41,0,574,0,1,79,112279,2331,0,42,0,0,0,LEADER,1,0,0,0,0,41
114305,75,adaptive-prasle,2025,1,0,0,41,0,574,0,1,75,112280,2025,0,42,0,0,0,LEADER,1,0,0,0,0,41
114032,81,adaptive-prasle,1752,1,0,0,41,0,574,0,1,81,112280,1752,0,42,0,0,0,LEADER,1,0,0,0,0,41
113890,52,adaptive-prasle,1610,1,0,0,41,0,574,0,1,52,112280,1610,0,42,0,0,0,LEADER,1,0,0,0,0,41
114369,21,adaptive-prasle,2088,1,0,0,41,0,574,0,1,21,112281,2088,0,42,0,0,0,LEADER,1,0,0,0,0,41
114545,29,adaptive-prasle,2265,1,0,0,41,0,574,0,1,29,112280,2265,0,42,0,0,0,LEADER,1,0,0,0,0,41
114121,100,adaptive-prasle,1841,1,0,0,41,0,574,0,1,100,112280,1841,0,42,0,0,0,LEADER,1,0,0,0,0,41
113966,61,adaptive-prasle,1686,1,0,0,41,0,574,0,1,61,112280,1686,0,42,0,0,0,LEADER,1,0,0,0,0,41
114530,91,adaptive-prasle,2250,1,0,0,41,0,574,0,1,91,112280,2250,0,42,0,0,0,LEADER,1,0,0,0,0,41
114490,37,adaptive-prasle,2210,1,0,0,41,0,574,0,1,37,112280,2210,0,42,0,0,0,LEADER,1,0,0,0,0,41
114033,38,adaptive-prasle,1755,1,0,0,41,0,574,0,1,38,112278,1755,0,42,0,0,0,LEADER,1,0,0,0,0,41
114699,98,adaptive-prasle,2419,1,0,0,41,0,574,0,1,98,112280,2419,0,42,0,0,0,LEADER,1,0,0,0,0,41
114558,27,adaptive-prasle,2280,1,0,0,41,0,574,0,1,27,112278,2280,0,42,0,0,0,LEADER,1,0,0,0,0,41
114408,62,adaptive-prasle,2128,1,0,0,41,0,574,0,1,62,112280,2128,0,42,0,0,0,LEADER,1,0,0,0,0,41
114217,56,adaptive-prasle,1937,1,0,0,41,0,574,0,1,56,112280,1937,0,42,0,0,0,LEADER,1,0,0,0,0,41
114605,99,adaptive-prasle,2328,1,0,0,41,0,574,0,1,99,112277,2328,0,42,0,0,0,LEADER,1,0,0,0,0,41
114482,48,adaptive-prasle,2202,1,0,0,41,0,574,0,1,48,112280,2202,0,42,0,0,0,LEADER,1,0,0,0,0,41
113999,71,adaptive-prasle,1719,1,0,0,41,0,574,0,1,71,112280,1719,0,42,0,0,0,LEADER,1,0,0,0,0,41
114224,87,adaptive-prasle,1944,1,0,0,41,0,574,0,1,87,112280,1944,0,42,0,0,0,LEADER,1,0,0,0,0,41
114150,36,adaptive-prasle,1870,1,0,0,41,0,574,0,1,36,112280,1870,0,42,0,0,0,LEADER,1,0,0,0,0,41
114647,77,adaptive-prasle,1446,1,0,0,42,0,588,0,1,77,113201,1446,0,43,0,0,0,LEADER,1,0,0,0,0,42
114840,83,adaptive-prasle,1637,1,0,0,42,0,588,0,1,83,113203,1637,0,43,0,0,0,LEADER,1,0,0,0,0,42
114339,85,adaptive-prasle,2059,1,0,0,41,0,574,0,1,85,112280,2059,0,42,0,0,0,LEADER,1,0,0,0,0,41
114868,19,adaptive-prasle,1667,1,0,0,42,0,588,0,1,19,113201,1667,0,43,0,0,0,LEADER,1,0,0,0,0,42
115023,65,adaptive-prasle,1822,1,0,0,42,0,588,0,1,65,113201,1822,0,43,0,0,0,LEADER,1,0,0,0,0,42
114629,35,adaptive-prasle,1428,1,0,0,42,0,588,0,1,35,113201,1428,0,43,0,0,0,LEADER,1,0,0,0,0,42
114644,86,adaptive-prasle,1443,1,0,0,42,0,588,0,1,86,113201,1443,0,43,0,0,0,LEADER,1,0,0,0,0,42
114686,50,adaptive-prasle,2406,1,0,0,41,0,574,0,1,50,112280,2406,0,42,0,0,0,LEADER,1,0,0,0,0,41
114702,55,adaptive-prasle,1501,1,0,0,42,0,588,0,1,55,113201,1501,0,43,0,0,0,LEADER,1,0,0,0,0,42
114741,63,adaptive-prasle,1540,1,0,0,42,0,588,0,1,63,113201,1540,0,43,0,0,0,LEADER,1,0,0,0,0,42
115105,46,adaptive-prasle,1904,1,0,0,42,0,588,0,1,46,113201,1904,0,43,0,0,0,LEADER,1,0,0,0,0,42
114900,53,adaptive-prasle,1701,1,0,0,42,0,588,0,1,53,113199,1701,0,43,0,0,0,LEADER,1,0,0,0,0,42
114254,23,adaptive-prasle,1974,1,0,0,41,0,574,0,1,23,112280,1974,0,42,0,0,0,LEADER,1,0,0,0,0,41
115123,88,adaptive-prasle,1922,1,0,0,42,0,588,0,1,88,113201,1922,0,43,0,0,0,LEADER,1,0,0,0,0,42
114650,34,adaptive-prasle,1449,1,0,0,42,0,588,0,1,34,113201,1449,0,43,0,0,0,LEADER,1,0,0,0,0,42
114257,97,adaptive-prasle,1977,1,0,0,41,0,574,0,1,97,112280,1977,0,42,0,0,0,LEADER,1,0,0,0,0,41
114377,20,adaptive-prasle,2095,1,0,0,41,0,574,0,1,20,112282,2095,0,42,0,0,0,LEADER,1,0,0,0,0,41
114457,40,adaptive-prasle,2177,1,0,0,41,0,574,0,1,40,112280,2177,0,42,0,0,0,LEADER,1,0,0,0,0,41
114380,47,adaptive-prasle,2100,1,0,0,41,0,574,0,1,47,112280,2100,0,42,0,0,0,LEADER,1,0,0,0,0,41
115293,95,adaptive-prasle,2092,1,0,0,42,0,588,0,1,95,113201,2092,0,43,0,0,0,LEADER,1,0,0,0,0,42
114675,25,adaptive-prasle,2395,1,0,0,41,0,574,0,1,25,112280,2395,0,42,0,0,0,LEADER,1,0,0,0,0,41
115281,84,adaptive-prasle,2080,1,0,0,42,0,588,0,1,84,113201,2080,0,43,0,0,0,LEADER,1,0,0,0,0,42
114557,70,adaptive-prasle,2277,1,0,0,41,0,574,0,1,70,112280,2277,0,42,0,0,0,LEADER,1,0,0,0,0,41
114475,82,adaptive-prasle,2195,1,0,0,41,0,574,0,1,82,112280,2195,0,42,0,0,0,LEADER,1,0,0,0,0,41
114693,67,adaptive-prasle,2413,1,0,0,41,0,574,0,1,67,112280,2413,0,42,0,0,0,LEADER,1,0,0,0,0,41
114645,89,adaptive-prasle,2365,1,0,0,41,0,574,0,1,89,112280,2365,0,42,0,0,0,LEADER,1,0,0,0,0,41
115314,28,adaptive-prasle,2113,1,0,0,42,0,588,0,1,28,113201,2113,0,43,0,0,0,LEADER,1,0,0,0,0,42
115056,68,adaptive-prasle,1855,1,0,0,42,0,588,0,1,68,113201,1855,0,43,0,0,0,LEADER,1,0,0,0,0,42
115008,90,adaptive-prasle,1807,1,0,0,42,0,588,0,1,90,113201,1807,0,43,0,0,0,LEADER,1,0,0,0,0,42
114669,76,adaptive-prasle,1468,1,0,0,42,0,588,0,1,76,113201,1468,0,43,0,0,0,LEADER,1,0,0,0,0,42
114990,10,adaptive-prasle,1789,1,0,0,42,0,588,0,1,10,113201,1789,0,43,0,0,0,LEADER,1,0,0,0,0,42
115422,58,adaptive-prasle,2221,1,0,0,42,0,588,0,1,58,113201,2221,0,43,0,0,0,LEADER,1,0,0,0,0,42
114805,73,adaptive-prasle,1604,1,0,0,42,0,588,0,1,73,113201,1604,0,43,0,0,0,LEADER,1,0,0,0,0,42
114545,59,adaptive-prasle,2265,1,0,0,41,0,574,0,1,59,112280,2265,0,42,0,0,0,LEADER,1,0,0,0,0,41
114820,41,adaptive-prasle,1619,1,0,0,42,0,588,0,1,41,113201,1619,0,43,0,0,0,LEADER,1,0,0,0,0,42
114735,96,adaptive-prasle,1534,1,0,0,42,0,588,0,1,96,113201,1534,0,43,0,0,0,LEADER,1,0,0,0,0,42
114968,49,adaptive-prasle,1767,1,0,0,42,0,588,0,1,49,113201,1767,0,43,0,0,0,LEADER,1,0,0,0,0,42
115037,74,adaptive-prasle,1837,1,0,0,42,0,588,0,1,74,113200,1837,0,43,0,0,0,LEADER,1,0,0,0,0,42
115429,92,adaptive-prasle,2228,1,0,0,42,0,588,0,1,92,113201,2228,0,43,0,0,0,LEADER,1,0,0,0,0,42
114637,66,adaptive-prasle,1434,1,0,0,42,0,588,0,1,66,113203,1434,0,43,0,0,0,LEADER,1,0,0,0,0,42
114660,57,adaptive-prasle,2380,1,0,0,41,0,574,0,1,57,112280,2380,0,42,0,0,0,LEADER,1,0,0,0,0,41
115461,78,adaptive-prasle,2260,1,0,0,42,0,588,0,1,78,113201,2260,0,43,0,0,0,LEADER,1,0,0,0,0,42
114626,39,adaptive-prasle,2346,1,0,0,41,0,574,0,1,39,112280,2346,0,42,0,0,0,LEADER,1,0,0,0,0,41
115344,30,adaptive-prasle,2143,1,0,0,42,0,588,0,1,30,113201,2143,0,43,0,0,0,LEADER,1,0,0,0,0,42
114750,64,adaptive-prasle,1549,1,0,0,42,0,588,0,1,64,113201,1549,0,43,0,0,0,LEADER,1,0,0,0,0,42
114975,80,adaptive-prasle,1774,1,0,0,42,0,588,0,1,80,113201,1774,0,43,0,0,0,LEADER,1,0,0,0,0,42
114715,54,adaptive-prasle,1516,1,0,0,42,0,588,0,1,54,113199,1516,0,43,0,0,0,LEADER,1,0,0,0,0,42
115241,43,adaptive-prasle,2040,1,0,0,42,0,588,0,1,43,113201,2040,0,43,0,0,0,LEADER,1,0,0,0,0,42
115161,26,adaptive-prasle,1960,1,0,0,42,0,588,0,1,26,113201,1960,0,43,0,0,0,LEADER,1,0,0,0,0,42
114790,42,adaptive-prasle,1591,1,0,0,42,0,588,0,1,42,113199,1591,0,43,0,0,0,LEADER,1,0,0,0,0,42
114799,31,adaptive-prasle,1598,1,0,0,42,0,588,0,1,31,113201,1598,0,43,0,0,0,LEADER,1,0,0,0,0,42
115556,94,adaptive-prasle,2355,1,0,0,42,0,588,0,1,94,113201,2355,0,43,0,0,0,LEADER,1,0,0,0,0,42
115126,45,adaptive-prasle,1925,1,0,0,42,0,588,0,1,45,113201,1925,0,43,0,0,0,LEADER,1,0,0,0,0,42
115499,60,adaptive-prasle,2298,1,0,0,42,0,588,0,1,60,113201,2298,0,43,0,0,0,LEADER,1,0,0,0,0,42
115604,44,adaptive-prasle,1483,1,0,0,42,0,588,0,1,44,114121,1483,0,43,0,0,0,LEADER,1,0,0,0,0,42
115208,33,adaptive-prasle,2007,1,0,0,42,0,588,0,1,33,113201,2007,0,43,0,0,0,LEADER,1,0,0,0,0,42
114853,51,adaptive-prasle,1652,1,0,0,42,0,588,0,1,51,113201,1652,0,43,0,0,0,LEADER,1,0,0,0,0,42
115652,22,adaptive-prasle,1531,1,0,0,42,0,588,0,1,22,114121,1531,0,43,0,0,0,LEADER,1,0,0,0,0,42
115363,72,adaptive-prasle,2162,1,0,0,42,0,588,0,1,72,113201,2162,0,43,0,0,0,LEADER,1,0,0,0,0,42
115153,24,adaptive-prasle,1952,1,0,0,42,0,588,0,1,24,113201,1952,0,43,0,0,0,LEADER,1,0,0,0,0,42
115684,32,adaptive-prasle,1564,1,0,0,42,0,588,0,1,32,114120,1564,0,43,0,0,0,LEADER,1,0,0,0,0,42
114872,93,adaptive-prasle,1671,1,0,0,42,0,588,0,1,93,113201,1671,0,43,0,0,0,LEADER,1,0,0,0,0,42
115544,69,adaptive-prasle,2343,1,0,0,42,0,588,0,1,69,113201,2343,0,43,0,0,0,LEADER,1,0,0,0,0,42
115531,79,adaptive-prasle,2331,1,0,0,42,0,588,0,1,79,113200,2331,0,43,0,0,0,LEADER,1,0,0,0,0,42
115226,75,adaptive-prasle,2025,1,0,0,42,0,588,0,1,75,113201,2025,0,43,0,0,0,LEADER,1,0,0,0,0,42
114953,81,adaptive-prasle,1752,1,0,0,42,0,588,0,1,81,113201,1752,0,43,0,0,0,LEADER,1,0,0,0,0,42
114811,52,adaptive-prasle,1610,1,0,0,42,0,588,0,1,52,113201,1610,0,43,0,0,0,LEADER,1,0,0,0,0,42
115290,21,adaptive-prasle,2088,1,0,0,42,0,588,0,1,21,113202,2088,0,43,0,0,0,LEADER,1,0,0,0,0,42
115466,29,adaptive-prasle,2265,1,0,0,42,0,588,0,1,29,113201,2265,0,43,0,0,0,LEADER,1,0,0,0,0,42
115042,100,adaptive-prasle,1841,1,0,0,42,0,588,0,1,100,113201,1841,0,43,0,0,0,LEADER,1,0,0,0,0,42
114887,61,adaptive-prasle,1686,1,0,0,42,0,588,0,1,61,113201,1686,0,43,0,0,0,LEADER,1,0,0,0,0,42
115451,91,adaptive-prasle,2250,1,0,0,42,0,588,0,1,91,113201,2250,0,43,0,0,0,LEADER,1,0,0,0,0,42
115411,37,adaptive-prasle,2210,1,0,0,42,0,588,0,1,37,113201,2210,0,43,0,0,0,LEADER,1,0,0,0,0,42
114954,38,adaptive-prasle,1755,1,0,0,42,0,588,0,1,38,113199,1755,0,43,0,0,0,LEADER,1,0,0,0,0,42
115620,98,adaptive-prasle,2419,1,0,0,42,0,588,0,1,98,113201,2419,0,43,0,0,0,LEADER,1,0,0,0,0,42
115478,27,adaptive-prasle,2280,1,0,0,42,0,588,0,1,27,113198,2280,0,43,0,0,0,LEADER,1,0,0,0,0,42
115329,62,adaptive-prasle,2128,1,0,0,42,0,588,0,1,62,113201,2128,0,43,0,0,0,LEADER,1,0,0,0,0,42
115138,56,adaptive-prasle,1937,1,0,0,42,0,588,0,1,56,113201,1937,0,43,0,0,0,LEADER,1,0,0,0,0,42
115526,99,adaptive-prasle,2328,1,0,0,42,0,588,0,1,99,113198,2328,0,43,0,0,0,LEADER,1,0,0,0,0,42
115403,48,adaptive-prasle,2202,1,0,0,42,0,588,0,1,48,113201,2202,0,43,0,0,0,LEADER,1,0,0,0,0,42
114920,71,adaptive-prasle,1719,1,0,0,42,0,588,0,1,71,113201,1719,0,43,0,0,0,LEADER,1,0,0,0,0,42
115145,87,adaptive-prasle,1944,1,0,0,42,0,588,0,1,87,113201,1944,0,43,0,0,0,LEADER,1,0,0,0,0,42
115071,36,adaptive-prasle,1870,1,0,0,42,0,588,0,1,36,113201,1870,0,43,0,0,0,LEADER,1,0,0,0,0,42
115567,77,adaptive-prasle,1446,1,0,0,42,0,588,0,1,77,114121,1446,0,43,0,0,0,LEADER,1,0,0,0,0,42
115760,83,adaptive-prasle,1637,1,0,0,42,0,588,0,1,83,114123,1637,0,43,0,0,0,LEADER,1,0,0,0,0,42
115260,85,adaptive-prasle,2059,1,0,0,42,0,588,0,1,85,113201,2059,0,43,0,0,0,LEADER,1,0,0,0,0,42
115788,19,adaptive-prasle,1667,1,0,0,42,0,588,0,1,19,114121,1667,0,43,0,0,0,LEADER,1,0,0,0,0,42
115518,17,adaptive-prasle,1782,1,0,0,12,11,168,154,3,17,113736,1782,0,5,0,0,0,LEADER,1,0,0,0,0,12
115943,65,adaptive-prasle,1822,1,0,0,42,0,588,0,1,65,114121,1822,0,43,0,0,0,LEADER,1,0,0,0,0,42
115549,35,adaptive-prasle,1428,1,0,0,42,0,588,0,1,35,114121,1428,0,43,0,0,0,LEADER,1,0,0,0,0,42
115870,18,adaptive-prasle,2226,1,0,0,14,11,196,154,3,18,113644,2226,0,5,0,0,0,LEADER,1,0,0,0,0,14
115564,86,adaptive-prasle,1443,1,0,0,42,0,588,0,1,86,114121,1443,0,43,0,0,0,LEADER,1,0,0,0,0,42
115607,50,adaptive-prasle,2406,1,0,0,42,0,588,0,1,50,113201,2406,0,43,0,0,0,LEADER,1,0,0,0,0,42
115622,55,adaptive-prasle,1501,1,0,0,42,0,588,0,1,55,114121,1501,0,43,0,0,0,LEADER,1,0,0,0,0,42
115661,63,adaptive-prasle,1540,1,0,0,42,0,588,0,1,63,114121,1540,0,43,0,0,0,LEADER,1,0,0,0,0,42
116025,46,adaptive-prasle,1904,1,0,0,42,0,588,0,1,46,114121,1904,0,43,0,0,0,LEADER,1,0,0,0,0,42
115820,53,adaptive-prasle,1701,1,0,0,42,0,588,0,1,53,114119,1701,0,43,0,0,0,LEADER,1,0,0,0,0,42
115175,23,adaptive-prasle,1974,1,0,0,42,0,588,0,1,23,113201,1974,0,43,0,0,0,LEADER,1,0,0,0,0,42
116043,88,adaptive-prasle,1922,1,0,0,42,0,588,0,1,88,114121,1922,0,43,0,0,0,LEADER,1,0,0,0,0,42
115570,34,adaptive-prasle,1449,1,0,0,42,0,588,0,1,34,114121,1449,0,43,0,0,0,LEADER,1,0,0,0,0,42
115178,97,adaptive-prasle,1977,1,0,0,42,0,588,0,1,97,113201,1977,0,43,0,0,0,LEADER,1,0,0,0,0,42
115298,20,adaptive-prasle,2095,1,0,0,42,0,588,0,1,20,113203,2095,0,43,0,0,0,LEADER,1,0,0,0,0,42
115378,40,adaptive-prasle,2177,1,0,0,42,0,588,0,1,40,113201,2177,0,43,0,0,0,LEADER,1,0,0,0,0,42
115900,5,adaptive-prasle,2338,1,0,0,9,18,126,252,5,5,113562,2338,0,6,0,0,0,LEADER,1,0,0,0,0,9
115301,47,adaptive-prasle,2100,1,0,0,42,0,588,0,1,47,113201,2100,0,43,0,0,0,LEADER,1,0,0,0,0,42
116213,95,adaptive-prasle,2092,1,0,0,42,0,588,0,1,95,114121,2092,0,43,0,0,0,LEADER,1,0,0,0,0,42
115903,7,adaptive-prasle,1749,1,0,0,11,21,154,294,4,5,114154,1749,0,5,0,0,0,NORMAL,0,0,0,0,0,11
115596,25,adaptive-prasle,2395,1,0,0,42,0,588,0,1,25,113201,2395,0,43,0,0,0,LEADER,1,0,0,0,0,42
116201,84,adaptive-prasle,2080,1,0,0,42,0,588,0,1,84,114121,2080,0,43,0,0,0,LEADER,1,0,0,0,0,42
115478,70,adaptive-prasle,2277,1,0,0,42,0,588,0,1,70,113201,2277,0,43,0,0,0,LEADER,1,0,0,0,0,42
115396,82,adaptive-prasle,2195,1,0,0,42,0,588,0,1,82,113201,2195,0,43,0,0,0,LEADER,1,0,0,0,0,42
115614,67,adaptive-prasle,2413,1,0,0,42,0,588,0,1,67,113201,2413,0,43,0,0,0,LEADER,1,0,0,0,0,42
115566,89,adaptive-prasle,2365,1,0,0,42,0,588,0,1,89,113201,2365,0,43,0,0,0,LEADER,1,0,0,0,0,42
116234,28,adaptive-prasle,2113,1,0,0,42,0,588,0,1,28,114121,2113,0,43,0,0,0,LEADER,1,0,0,0,0,42
115976,68,adaptive-prasle,1855,1,0,0,42,0,588,0,1,68,114121,1855,0,43,0,0,0,LEADER,1,0,0,0,0,42
115928,90,adaptive-prasle,1807,1,0,0,42,0,588,0,1,90,114121,1807,0,43,0,0,0,LEADER,1,0,0,0,0,42
115589,76,adaptive-prasle,1468,1,0,0,42,0,588,0,1,76,114121,1468,0,43,0,0,0,LEADER,1,0,0,0,0,42
115910,10,adaptive-prasle,1789,1,0,0,42,0,588,0,1,10,114121,1789,0,43,0,0,0,LEADER,1,0,0,0,0,42
116342,58,adaptive-prasle,2221,1,0,0,42,0,588,0,1,58,114121,2221,0,43,0,0,0,LEADER,1,0,0,0,0,42
115725,73,adaptive-prasle,1604,1,0,0,42,0,588,0,1,73,114121,1604,0,43,0,0,0,LEADER,1,0,0,0,0,42
115466,59,adaptive-prasle,2265,1,0,0,42,0,588,0,1,59,113201,2265,0,43,0,0,0,LEADER,1,0,0,0,0,42
115740,41,adaptive-prasle,1619,1,0,0,42,0,588,0,1,41,114121,1619,0,43,0,0,0,LEADER,1,0,0,0,0,42
115655,96,adaptive-prasle,1534,1,0,0,42,0,588,0,1,96,114121,1534,0,43,0,0,0,LEADER,1,0,0,0,0,42
115888,49,adaptive-prasle,1767,1,0,0,42,0,588,0,1,49,114121,1767,0,43,0,0,0,LEADER,1,0,0,0,0,42
115957,74,adaptive-prasle,1837,1,0,0,42,0,588,0,1,74,114120,1837,0,43,0,0,0,LEADER,1,0,0,0,0,42
116349,92,adaptive-prasle,2228,1,0,0,42,0,588,0,1,92,114121,2228,0,43,0,0,0,LEADER,1,0,0,0,0,42
115557,66,adaptive-prasle,1434,1,0,0,42,0,588,0,1,66,114123,1434,0,43,0,0,0,LEADER,1,0,0,0,0,42
115581,57,adaptive-prasle,2380,1,0,0,42,0,588,0,1,57,113201,2380,0,43,0,0,0,LEADER,1,0,0,0,0,42
116381,78,adaptive-prasle,2260,1,0,0,42,0,588,0,1,78,114121,2260,0,43,0,0,0,LEADER,1,0,0,0,0,42
115547,39,adaptive-prasle,2346,1,0,0,42,0,588,0,1,39,113201,2346,0,43,0,0,0,LEADER,1,0,0,0,0,42
116264,30,adaptive-prasle,2143,1,0,0,42,0,588,0,1,30,114121,2143,0,43,0,0,0,LEADER,1,0,0,0,0,42
115670,64,adaptive-prasle,1549,1,0,0,42,0,588,0,1,64,114121,1549,0,43,0,0,0,LEADER,1,0,0,0,0,42
115895,80,adaptive-prasle,1774,1,0,0,42,0,588,0,1,80,114121,1774,0,43,0,0,0,LEADER,1,0,0,0,0,42
115635,54,adaptive-prasle,1516,1,0,0,42,0,588,0,1,54,114119,1516,0,43,0,0,0,LEADER,1,0,0,0,0,42
116161,43,adaptive-prasle,2040,1,0,0,42,0,588,0,1,43,114121,2040,0,43,0,0,0,LEADER,1,0,0,0,0,42
116081,26,adaptive-prasle,1960,1,0,0,42,0,588,0,1,26,114121,1960,0,43,0,0,0,LEADER,1,0,0,0,0,42
115710,42,adaptive-prasle,1591,1,0,0,42,0,588,0,1,42,114119,1591,0,43,0,0,0,LEADER,1,0,0,0,0,42
115719,31,adaptive-prasle,1598,1,0,0,42,0,588,0,1,31,114121,1598,0,43,0,0,0,LEADER,1,0,0,0,0,42
116476,94,adaptive-prasle,2355,1,0,0,42,0,588,0,1,94,114121,2355,0,43,0,0,0,LEADER,1,0,0,0,0,42
116046,45,adaptive-prasle,1925,1,0,0,42,0,588,0,1,45,114121,1925,0,43,0,0,0,LEADER,1,0,0,0,0,42
116419,60,adaptive-prasle,2298,1,0,0,42,0,588,0,1,60,114121,2298,0,43,0,0,0,LEADER,1,0,0,0,0,42
116524,44,adaptive-prasle,1483,1,0,0,42,0,588,0,1,44,115041,1483,0,43,0,0,0,LEADER,1,0,0,0,0,42
116128,33,adaptive-prasle,2007,1,0,0,42,0,588,0,1,33,114121,2007,0,43,0,0,0,LEADER,1,0,0,0,0,42
115773,51,adaptive-prasle,1652,1,0,0,42,0,588,0,1,51,114121,1652,0,43,0,0,0,LEADER,1,0,0,0,0,42
116572,22,adaptive-prasle,1531,1,0,0,42,0,588,0,1,22,115041,1531,0,43,0,0,0,LEADER,1,0,0,0,0,42
116283,72,adaptive-prasle,2162,1,0,0,42,0,588,0,1,72,114121,2162,0,43,0,0,0,LEADER,1,0,0,0,0,42
116073,24,adaptive-prasle,1952,1,0,0,42,0,588,0,1,24,114121,1952,0,43,0,0,0,LEADER,1,0,0,0,0,42
116604,32,adaptive-prasle,1564,1,0,0,42,0,588,0,1,32,115040,1564,0,43,0,0,0,LEADER,1,0,0,0,0,42
115792,93,adaptive-prasle,1671,1,0,0,42,0,588,0,1,93,114121,1671,0,43,0,0,0,LEADER,1,0,0,0,0,42
116464,69,adaptive-prasle,2343,1,0,0,42,0,588,0,1,69,114121,2343,0,43,0,0,0,LEADER,1,0,0,0,0,42
116451,79,adaptive-prasle,2331,1,0,0,42,0,588,0,1,79,114120,2331,0,43,0,0,0,LEADER,1,0,0,0,0,42
116146,75,adaptive-prasle,2025,1,0,0,42,0,588,0,1,75,114121,2025,0,43,0,0,0,LEADER,1,0,0,0,0,42
115873,81,adaptive-prasle,1752,1,0,0,42,0,588,0,1,81,114121,1752,0,43,0,0,0,LEADER,1,0,0,0,0,42
115731,52,adaptive-prasle,1610,1,0,0,42,0,588,0,1,52,114121,1610,0,43,0,0,0,LEADER,1,0,0,0,0,42
116210,21,adaptive-prasle,2088,1,0,0,42,0,588,0,1,21,114122,2088,0,43,0,0,0,LEADER,1,0,0,0,0,42
116386,29,adaptive-prasle,2265,1,0,0,42,0,588,0,1,29,114121,2265,0,43,0,0,0,LEADER,1,0,0,0,0,42
115962,100,adaptive-prasle,1841,1,0,0,42,0,588,0,1,100,114121,1841,0,43,0,0,0,LEADER,1,0,0,0,0,42
115807,61,adaptive-prasle,1686,1,0,0,42,0,588,0,1,61,114121,1686,0,43,0,0,0,LEADER,1,0,0,0,0,42
116371,91,adaptive-prasle,2250,1,0,0,42,0,588,0,1,91,114121,2250,0,43,0,0,0,LEADER,1,0,0,0,0,42
116331,37,adaptive-prasle,2210,1,0,0,42,0,588,0,1,37,114121,2210,0,43,0,0,0,LEADER,1,0,0,0,0,42
115874,38,adaptive-prasle,1755,1,0,0,42,0,588,0,1,38,114119,1755,0,43,0,0,0,LEADER,1,0,0,0,0,42
116540,98,adaptive-prasle,2419,1,0,0,42,0,588,0,1,98,114121,2419,0,43,0,0,0,LEADER,1,0,0,0,0,42
116398,27,adaptive-prasle,2280,1,0,0,42,0,588,0,1,27,114118,2280,0,43,0,0,0,LEADER,1,0,0,0,0,42
116249,62,adaptive-prasle,2128,1,0,0,42,0,588,0,1,62,114121,2128,0,43,0,0,0,LEADER,1,0,0,0,0,42
116058,56,adaptive-prasle,1937,1,0,0,42,0,588,0,1,56,114121,1937,0,43,0,0,0,LEADER,1,0,0,0,0,42
116446,99,adaptive-prasle,2328,1,0,0,42,0,588,0,1,99,114118,2328,0,43,0,0,0,LEADER,1,0,0,0,0,42
116323,48,adaptive-prasle,2202,1,0,0,42,0,588,0,1,48,114121,2202,0,43,0,0,0,LEADER,1,0,0,0,0,42
115840,71,adaptive-prasle,1719,1,0,0,42,0,588,0,1,71,114121,1719,0,43,0,0,0,LEADER,1,0,0,0,0,42
116065,87,adaptive-prasle,1944,1,0,0,42,0,588,0,1,87,114121,1944,0,43,0,0,0,LEADER,1,0,0,0,0,42
115991,36,adaptive-prasle,1870,1,0,0,42,0,588,0,1,36,114121,1870,0,43,0,0,0,LEADER,1,0,0,0,0,42
116487,77,adaptive-prasle,1446,1,0,0,42,0,588,0,1,77,115041,1446,0,43,0,0,0,LEADER,1,0,0,0,0,42
116680,83,adaptive-prasle,1637,1,0,0,42,0,588,0,1,83,115043,1637,0,43,0,0,0,LEADER,1,0,0,0,0,42
116180,85,adaptive-prasle,2059,1,0,0,42,0,588,0,1,85,114121,2059,0,43,0,0,0,LEADER,1,0,0,0,0,42
116708,19,adaptive-prasle,1667,1,0,0,42,0,588,0,1,19,115041,1667,0,43,0,0,0,LEADER,1,0,0,0,0,42
116863,65,adaptive-prasle,1822,1,0,0,42,0,588,0,1,65,115041,1822,0,43,0,0,0,LEADER,1,0,0,0,0,42
116469,35,adaptive-prasle,1428,1,0,0,42,0,588,0,1,35,115041,1428,0,43,0,0,0,LEADER,1,0,0,0,0,42
116484,86,adaptive-prasle,1443,1,0,0,42,0,588,0,1,86,115041,1443,0,43,0,0,0,LEADER,1,0,0,0,0,42
116527,50,adaptive-prasle,2406,1,0,0,42,0,588,0,1,50,114121,2406,0,43,0,0,0,LEADER,1,0,0,0,0,42
116542,55,adaptive-prasle,1501,1,0,0,42,0,588,0,1,55,115041,1501,0,43,0,0,0,LEADER,1,0,0,0,0,42
116581,63,adaptive-prasle,1540,1,0,0,42,0,588,0,1,63,115041,1540,0,43,0,0,0,LEADER,1,0,0,0,0,42
116945,46,adaptive-prasle,1904,1,0,0,42,0,588,0,1,46,115041,1904,0,43,0,0,0,LEADER,1,0,0,0,0,42
116740,53,adaptive-prasle,1701,1,0,0,42,0,588,0,1,53,115039,1701,0,43,0,0,0,LEADER,1,0,0,0,0,42
116095,23,adaptive-prasle,1974,1,0,0,42,0,588,0,1,23,114121,1974,0,43,0,0,0,LEADER,1,0,0,0,0,42
116963,88,adaptive-prasle,1922,1,0,0,42,0,588,0,1,88,115041,1922,0,43,0,0,0,LEADER,1,0,0,0,0,42
116490,34,adaptive-prasle,1449,1,0,0,42,0,588,0,1,34,115041,1449,0,43,0,0,0,LEADER,1,0,0,0,0,42
116098,97,adaptive-prasle,1977,1,0,0,42,0,588,0,1,97,114121,1977,0,43,0,0,0,LEADER,1,0,0,0,0,42
116218,20,adaptive-prasle,2095,1,0,0,42,0,588,0,1,20,114123,2095,0,43,0,0,0,LEADER,1,0,0,0,0,42
116298,40,adaptive-prasle,2177,1,0,0,42,0,588,0,1,40,114121,2177,0,43,0,0,0,LEADER,1,0,0,0,0,42
116221,47,adaptive-prasle,2100,1,0,0,42,0,588,0,1,47,114121,2100,0,43,0,0,0,LEADER,1,0,0,0,0,42
117133,95,adaptive-prasle,2092,1,0,0,42,0,588,0,1,95,115041,2092,0,43,0,0,0,LEADER,1,0,0,0,0,42
116516,25,adaptive-prasle,2395,1,0,0,42,0,588,0,1,25,114121,2395,0,43,0,0,0,LEADER,1,0,0,0,0,42
117121,84,adaptive-prasle,2080,1,0,0,42,0,588,0,1,84,115041,2080,0,43,0,0,0,LEADER,1,0,0,0,0,42
116398,70,adaptive-prasle,2277,1,0,0,42,0,588,0,1,70,114121,2277,0,43,0,0,0,LEADER,1,0,0,0,0,42
116316,82,adaptive-prasle,2195,1,0,0,42,0,588,0,1,82,114121,2195,0,43,0,0,0,LEADER,1,0,0,0,0,42
116534,67,adaptive-prasle,2413,1,0,0,42,0,588,0,1,67,114121,2413,0,43,0,0,0,LEADER,1,0,0,0,0,42
116486,89,adaptive-prasle,2365,1,0,0,42,0,588,0,1,89,114121,2365,0,43,0,0,0,LEADER,1,0,0,0,0,42
117154,28,adaptive-prasle,2113,1,0,0,42,0,588,0,1,28,115041,2113,0,43,0,0,0,LEADER,1,0,0,0,0,42
116896,68,adaptive-prasle,1855,1,0,0,42,0,588,0,1,68,115041,1855,0,43,0,0,0,LEADER,1,0,0,0,0,42
116848,90,adaptive-prasle,1807,1,0,0,42,0,588,0,1,90,115041,1807,0,43,0,0,0,LEADER,1,0,0,0,0,42
116509,76,adaptive-prasle,1468,1,0,0,42,0,588,0,1,76,115041,1468,0,43,0,0,0,LEADER,1,0,0,0,0,42
116830,10,adaptive-prasle,1789,1,0,0,42,0,588,0,1,10,115041,1789,0,43,0,0,0,LEADER,1,0,0,0,0,42
117262,58,adaptive-prasle,2221,1,0,0,42,0,588,0,1,58,115041,2221,0,43,0,0,0,LEADER,1,0,0,0,0,42
116645,73,adaptive-prasle,1604,1,0,0,42,0,588,0,1,73,115041,1604,0,43,0,0,0,LEADER,1,0,0,0,0,42
116386,59,adaptive-prasle,2265,1,0,0,42,0,588,0,1,59,114121,2265,0,43,0,0,0,LEADER,1,0,0,0,0,42
116660,41,adaptive-prasle,1619,1,0,0,42,0,588,0,1,41,115041,1619,0,43,0,0,0,LEADER,1,0,0,0,0,42
116575,96,adaptive-prasle,1534,1,0,0,42,0,588,0,1,96,115041,1534,0,43,0,0,0,LEADER,1,0,0,0,0,42
116808,49,adaptive-prasle,1767,1,0,0,42,0,588,0,1,49,115041,1767,0,43,0,0,0,LEADER,1,0,0,0,0,42
116877,74,adaptive-prasle,1837,1,0,0,42,0,588,0,1,74,115040,1837,0,43,0,0,0,LEADER,1,0,0,0,0,42
117269,92,adaptive-prasle,2228,1,0,0,42,0,588,0,1,92,115041,2228,0,43,0,0,0,LEADER,1,0,0,0,0,42
116477,66,adaptive-prasle,1434,1,0,0,42,0,588,0,1,66,115043,1434,0,43,0,0,0,LEADER,1,0,0,0,0,42
116501,57,adaptive-prasle,2380,1,0,0,42,0,588,0,1,57,114121,2380,0,43,0,0,0,LEADER,1,0,0,0,0,42
117301,78,adaptive-prasle,2260,1,0,0,42,0,588,0,1,78,115041,2260,0,43,0,0,0,LEADER,1,0,0,0,0,42
116467,39,adaptive-prasle,2346,1,0,0,42,0,588,0,1,39,114121,2346,0,43,0,0,0,LEADER,1,0,0,0,0,42
117184,30,adaptive-prasle,2143,1,0,0,42,0,588,0,1,30,115041,2143,0,43,0,0,0,LEADER,1,0,0,0,0,42
116590,64,adaptive-prasle,1549,1,0,0,42,0,588,0,1,64,115041,1549,0,43,0,0,0,LEADER,1,0,0,0,0,42
116815,80,adaptive-prasle,1774,1,0,0,42,0,588,0,1,80,115041,1774,0,43,0,0,0,LEADER,1,0,0,0,0,42
116555,54,adaptive-prasle,1516,1,0,0,42,0,588,0,1,54,115039,1516,0,43,0,0,0,LEADER,1,0,0,0,0,42
117081,43,adaptive-prasle,2040,1,0,0,42,0,588,0,1,43,115041,2040,0,43,0,0,0,LEADER,1,0,0,0,0,42
117001,26,adaptive-prasle,1960,1,0,0,42,0,588,0,1,26,115041,1960,0,43,0,0,0,LEADER,1,0,0,0,0,42
116630,42,adaptive-prasle,1591,1,0,0,42,0,588,0,1,42,115039,1591,0,43,0,0,0,LEADER,1,0,0,0,0,42
116639,31,adaptive-prasle,1598,1,0,0,42,0,588,0,1,31,115041,1598,0,43,0,0,0,LEADER,1,0,0,0,0,42
117396,94,adaptive-prasle,2355,1,0,0,42,0,588,0,1,94,115041,2355,0,43,0,0,0,LEADER,1,0,0,0,0,42
116966,45,adaptive-prasle,1925,1,0,0,42,0,588,0,1,45,115041,1925,0,43,0,0,0,LEADER,1,0,0,0,0,42
117339,60,adaptive-prasle,2298,1,0,0,42,0,588,0,1,60,115041,2298,0,43,0,0,0,LEADER,1,0,0,0,0,42
117445,44,adaptive-prasle,1483,1,0,0,43,0,602,0,1,44,115962,1483,0,44,0,0,0,LEADER,1,0,0,0,0,43
117048,33,adaptive-prasle,2007,1,0,0,42,0,588,0,1,33,115041,2007,0,43,0,0,0,LEADER,1,0,0,0,0,42
116693,51,adaptive-prasle,1652,1,0,0,42,0,588,0,1,51,115041,1652,0,43,0,0,0,LEADER,1,0,0,0,0,42
117203,72,adaptive-prasle,2162,1,0,0,42,0,588,0,1,72,115041,2162,0,43,0,0,0,LEADER,1,0,0,0,0,42
117493,22,adaptive-prasle,1531,1,0,0,43,0,602,0,1,22,115962,1531,0,44,0,0,0,LEADER,1,0,0,0,0,43
116993,24,adaptive-prasle,1952,1,0,0,42,0,588,0,1,24,115041,1952,0,43,0,0,0,LEADER,1,0,0,0,0,42
117525,32,adaptive-prasle,1564,1,0,0,43,0,602,0,1,32,115961,1564,0,44,0,0,0,LEADER,1,0,0,0,0,43
116712,93,adaptive-prasle,1671,1,0,0,42,0,588,0,1,93,115041,1671,0,43,0,0,0,LEADER,1,0,0,0,0,42
117384,69,adaptive-prasle,2343,1,0,0,42,0,588,0,1,69,115041,2343,0,43,0,0,0,LEADER,1,0,0,0,0,42
117371,79,adaptive-prasle,2331,1,0,0,42,0,588,0,1,79,115040,2331,0,43,0,0,0,LEADER,1,0,0,0,0,42
117066,75,adaptive-prasle,2025,1,0,0,42,0,588,0,1,75,115041,2025,0,43,0,0,0,LEADER,1,0,0,0,0,42
116793,81,adaptive-prasle,1752,1,0,0,42,0,588,0,1,81,115041,1752,0,43,0,0,0,LEADER,1,0,0,0,0,42
116651,52,adaptive-prasle,1610,1,0,0,42,0,588,0,1,52,115041,1610,0,43,0,0,0,LEADER,1,0,0,0,0,42
117130,21,adaptive-prasle,2088,1,0,0,42,0,588,0,1,21,115042,2088,0,43,0,0,0,LEADER,1,0,0,0,0,42
117306,29,adaptive-prasle,2265,1,0,0,42,0,588,0,1,29,115041,2265,0,43,0,0,0,LEADER,1,0,0,0,0,42
116882,100,adaptive-prasle,1841,1,0,0,42,0,588,0,1,100,115041,1841,0,43,0,0,0,LEADER,1,0,0,0,0,42
116727,61,adaptive-prasle,1686,1,0,0,42,0,588,0,1,61,115041,1686,0,43,0,0,0,LEADER,1,0,0,0,0,42
117291,91,adaptive-prasle,2250,1,0,0,42,0,588,0,1,91,115041,2250,0,43,0,0,0,LEADER,1,0,0,0,0,42
117251,37,adaptive-prasle,2210,1,0,0,42,0,588,0,1,37,115041,2210,0,43,0,0,0,LEADER,1,0,0,0,0,42
116794,38,adaptive-prasle,1755,1,0,0,42,0,588,0,1,38,115039,1755,0,43,0,0,0,LEADER,1,0,0,0,0,42
117460,98,adaptive-prasle,2419,1,0,0,42,0,588,0,1,98,115041,2419,0,43,0,0,0,LEADER,1,0,0,0,0,42
117318,27,adaptive-prasle,2280,1,0,0,42,0,588,0,1,27,115038,2280,0,43,0,0,0,LEADER,1,0,0,0,0,42
117169,62,adaptive-prasle,2128,1,0,0,42,0,588,0,1,62,115041,2128,0,43,0,0,0,LEADER,1,0,0,0,0,42
116978,56,adaptive-prasle,1937,1,0,0,42,0,588,0,1,56,115041,1937,0,43,0,0,0,LEADER,1,0,0,0,0,42
117366,99,adaptive-prasle,2328,1,0,0,42,0,588,0,1,99,115038,2328,0,43,0,0,0,LEADER,1,0,0,0,0,42
117243,48,adaptive-prasle,2202,1,0,0,42,0,588,0,1,48,115041,2202,0,43,0,0,0,LEADER,1,0,0,0,0,42
116760,71,adaptive-prasle,1719,1,0,0,42,0,588,0,1,71,115041,1719,0,43,0,0,0,LEADER,1,0,0,0,0,42
116985,87,adaptive-prasle,1944,1,0,0,42,0,588,0,1,87,115041,1944,0,43,0,0,0,LEADER,1,0,0,0,0,42
116911,36,adaptive-prasle,1870,1,0,0,42,0,588,0,1,36,115041,1870,0,43,0,0,0,LEADER,1,0,0,0,0,42
117408,77,adaptive-prasle,1446,1,0,0,43,0,602,0,1,77,115962,1446,0,44,0,0,0,LEADER,1,0,0,0,0,43
117601,83,adaptive-prasle,1637,1,0,0,43,0,602,0,1,83,115964,1637,0,44,0,0,0,LEADER,1,0,0,0,0,43
117460,14,adaptive-prasle,2096,1,0,0,9,9,126,126,3,3,115364,2096,0,5,0,0,0,NORMAL,0,0,0,0,0,9
117100,85,adaptive-prasle,2059,1,0,0,42,0,588,0,1,85,115041,2059,0,43,0,0,0,LEADER,1,0,0,0,0,42
117629,19,adaptive-prasle,1667,1,0,0,43,0,602,0,1,19,115962,1667,0,44,0,0,0,LEADER,1,0,0,0,0,43
117784,65,adaptive-prasle,1822,1,0,0,43,0,602,0,1,65,115962,1822,0,44,0,0,0,LEADER,1,0,0,0,0,43
117390,35,adaptive-prasle,1428,1,0,0,43,0,602,0,1,35,115962,1428,0,44,0,0,0,LEADER,1,0,0,0,0,43
117405,86,adaptive-prasle,1443,1,0,0,43,0,602,0,1,86,115962,1443,0,44,0,0,0,LEADER,1,0,0,0,0,43
117447,50,adaptive-prasle,2406,1,0,0,42,0,588,0,1,50,115041,2406,0,43,0,0,0,LEADER,1,0,0,0,0,42
117463,55,adaptive-prasle,1501,1,0,0,43,0,602,0,1,55,115962,1501,0,44,0,0,0,LEADER,1,0,0,0,0,43
117502,63,adaptive-prasle,1540,1,0,0,43,0,602,0,1,63,115962,1540,0,44,0,0,0,LEADER,1,0,0,0,0,43
117262,13,adaptive-prasle,1941,1,0,0,8,8,112,112,2,3,115321,1941,0,5,0,0,0,NORMAL,0,0,0,0,0,8
117866,46,adaptive-prasle,1904,1,0,0,43,0,602,0,1,46,115962,1904,0,44,0,0,0,LEADER,1,0,0,0,0,43
117661,53,adaptive-prasle,1701,1,0,0,43,0,602,0,1,53,115960,1701,0,44,0,0,0,LEADER,1,0,0,0,0,43
117015,23,adaptive-prasle,1974,1,0,0,42,0,588,0,1,23,115041,1974,0,43,0,0,0,LEADER,1,0,0,0,0,42
117884,88,adaptive-prasle,1922,1,0,0,43,0,602,0,1,88,115962,1922,0,44,0,0,0,LEADER,1,0,0,0,0,43
117411,34,adaptive-prasle,1449,1,0,0,43,0,602,0,1,34,115962,1449,0,44,0,0,0,LEADER,1,0,0,0,0,43
117018,97,adaptive-prasle,1977,1,0,0,42,0,588,0,1,97,115041,1977,0,43,0,0,0,LEADER,1,0,0,0,0,42
117138,20,adaptive-prasle,2095,1,0,0,42,0,588,0,1,20,115043,2095,0,43,0,0,0,LEADER,1,0,0,0,0,42
117218,40,adaptive-prasle,2177,1,0,0,42,0,588,0,1,40,115041,2177,0,43,0,0,0,LEADER,1,0,0,0,0,42
117141,47,adaptive-prasle,2100,1,0,0,42,0,588,0,1,47,115041,2100,0,43,0,0,0,LEADER,1,0,0,0,0,42
118054,95,adaptive-prasle,2092,1,0,0,43,0,602,0,1,95,115962,2092,0,44,0,0,0,LEADER,1,0,0,0,0,43
117436,25,adaptive-prasle,2395,1,0,0,42,0,588,0,1,25,115041,2395,0,43,0,0,0,LEADER,1,0,0,0,0,42
118042,84,adaptive-prasle,2080,1,0,0,43,0,602,0,1,84,115962,2080,0,44,0,0,0,LEADER,1,0,0,0,0,43
117318,70,adaptive-prasle,2277,1,0,0,42,0,588,0,1,70,115041,2277,0,43,0,0,0,LEADER,1,0,0,0,0,42
117236,82,adaptive-prasle,2195,1,0,0,42,0,588,0,1,82,115041,2195,0,43,0,0,0,LEADER,1,0,0,0,0,42
117454,67,adaptive-prasle,2413,1,0,0,42,0,588,0,1,67,115041,2413,0,43,0,0,0,LEADER,1,0,0,0,0,42
117406,89,adaptive-prasle,2365,1,0,0,42,0,588,0,1,89,115041,2365,0,43,0,0,0,LEADER,1,0,0,0,0,42
118075,28,adaptive-prasle,2113,1,0,0,43,0,602,0,1,28,115962,2113,0,44,0,0,0,LEADER,1,0,0,0,0,43
117817,68,adaptive-prasle,1855,1,0,0,43,0,602,0,1,68,115962,1855,0,44,0,0,0,LEADER,1,0,0,0,0,43
117769,90,adaptive-prasle,1807,1,0,0,43,0,602,0,1,90,115962,1807,0,44,0,0,0,LEADER,1,0,0,0,0,43
117430,76,adaptive-prasle,1468,1,0,0,43,0,602,0,1,76,115962,1468,0,44,0,0,0,LEADER,1,0,0,0,0,43
117751,10,adaptive-prasle,1789,1,0,0,43,0,602,0,1,10,115962,1789,0,44,0,0,0,LEADER,1,0,0,0,0,43
118183,58,adaptive-prasle,2221,1,0,0,43,0,602,0,1,58,115962,2221,0,44,0,0,0,LEADER,1,0,0,0,0,43
117566,73,adaptive-prasle,1604,1,0,0,43,0,602,0,1,73,115962,1604,0,44,0,0,0,LEADER,1,0,0,0,0,43
117306,59,adaptive-prasle,2265,1,0,0,42,0,588,0,1,59,115041,2265,0,43,0,0,0,LEADER,1,0,0,0,0,42
117581,41,adaptive-prasle,1619,1,0,0,43,0,602,0,1,41,115962,1619,0,44,0,0,0,LEADER,1,0,0,0,0,43
117496,96,adaptive-prasle,1534,1,0,0,43,0,602,0,1,96,115962,1534,0,44,0,0,0,LEADER,1,0,0,0,0,43
117729,49,adaptive-prasle,1767,1,0,0,43,0,602,0,1,49,115962,1767,0,44,0,0,0,LEADER,1,0,0,0,0,43
117798,74,adaptive-prasle,1837,1,0,0,43,0,602,0,1,74,115961,1837,0,44,0,0,0,LEADER,1,0,0,0,0,43
118190,92,adaptive-prasle,2228,1,0,0,43,0,602,0,1,92,115962,2228,0,44,0,0,0,LEADER,1,0,0,0,0,43
117398,66,adaptive-prasle,1434,1,0,0,43,0,602,0,1,66,115964,1434,0,44,0,0,0,LEADER,1,0,0,0,0,43
117421,57,adaptive-prasle,2380,1,0,0,42,0,588,0,1,57,115041,2380,0,43,0,0,0,LEADER,1,0,0,0,0,42
118222,78,adaptive-prasle,2260,1,0,0,43,0,602,0,1,78,115962,2260,0,44,0,0,0,LEADER,1,0,0,0,0,43
117387,39,adaptive-prasle,2346,1,0,0,42,0,588,0,1,39,115041,2346,0,43,0,0,0,LEADER,1,0,0,0,0,42
118105,30,adaptive-prasle,2143,1,0,0,43,0,602,0,1,30,115962,2143,0,44,0,0,0,LEADER,1,0,0,0,0,43
117511,64,adaptive-prasle,1549,1,0,0,43,0,602,0,1,64,115962,1549,0,44,0,0,0,LEADER,1,0,0,0,0,43
117736,80,adaptive-prasle,1774,1,0,0,43,0,602,0,1,80,115962,1774,0,44,0,0,0,LEADER,1,0,0,0,0,43
117476,54,adaptive-prasle,1516,1,0,0,43,0,602,0,1,54,115960,1516,0,44,0,0,0,LEADER,1,0,0,0,0,43
118002,43,adaptive-prasle,2040,1,0,0,43,0,602,0,1,43,115962,2040,0,44,0,0,0,LEADER,1,0,0,0,0,43
117922,26,adaptive-prasle,1960,1,0,0,43,0,602,0,1,26,115962,1960,0,44,0,0,0,LEADER,1,0,0,0,0,43
117551,42,adaptive-prasle,1591,1,0,0,43,0,602,0,1,42,115960,1591,0,44,0,0,0,LEADER,1,0,0,0,0,43
117560,31,adaptive-prasle,1598,1,0,0,43,0,602,0,1,31,115962,1598,0,44,0,0,0,LEADER,1,0,0,0,0,43
118317,94,adaptive-prasle,2355,1,0,0,43,0,602,0,1,94,115962,2355,0,44,0,0,0,LEADER,1,0,0,0,0,43
117887,45,adaptive-prasle,1925,1,0,0,43,0,602,0,1,45,115962,1925,0,44,0,0,0,LEADER,1,0,0,0,0,43
118260,60,adaptive-prasle,2298,1,0,0,43,0,602,0,1,60,115962,2298,0,44,0,0,0,LEADER,1,0,0,0,0,43
118365,44,adaptive-prasle,1483,1,0,0,43,0,602,0,1,44,116882,1483,0,44,0,0,0,LEADER,1,0,0,0,0,43
117969,33,adaptive-prasle,2007,1,0,0,43,0,602,0,1,33,115962,2007,0,44,0,0,0,LEADER,1,0,0,0,0,43
117614,51,adaptive-prasle,1652,1,0,0,43,0,602,0,1,51,115962,1652,0,44,0,0,0,LEADER,1,0,0,0,0,43
118413,22,adaptive-prasle,1531,1,0,0,43,0,602,0,1,22,116882,1531,0,44,0,0,0,LEADER,1,0,0,0,0,43
118124,72,adaptive-prasle,2162,1,0,0,43,0,602,0,1,72,115962,2162,0,44,0,0,0,LEADER,1,0,0,0,0,43
117914,24,adaptive-prasle,1952,1,0,0,43,0,602,0,1,24,115962,1952,0,44,0,0,0,LEADER,1,0,0,0,0,43
118445,32,adaptive-prasle,1564,1,0,0,43,0,602,0,1,32,116881,1564,0,44,0,0,0,LEADER,1,0,0,0,0,43
117633,93,adaptive-prasle,1671,1,0,0,43,0,602,0,1,93,115962,1671,0,44,0,0,0,LEADER,1,0,0,0,0,43
118305,69,adaptive-prasle,2343,1,0,0,43,0,602,0,1,69,115962,2343,0,44,0,0,0,LEADER,1,0,0,0,0,43
118292,79,adaptive-prasle,2331,1,0,0,43,0,602,0,1,79,115961,2331,0,44,0,0,0,LEADER,1,0,0,0,0,43
117987,75,adaptive-prasle,2025,1,0,0,43,0,602,0,1,75,115962,2025,0,44,0,0,0,LEADER,1,0,0,0,0,43
117714,81,adaptive-prasle,1752,1,0,0,43,0,602,0,1,81,115962,1752,0,44,0,0,0,LEADER,1,0,0,0,0,43
117572,52,adaptive-prasle,1610,1,0,0,43,0,602,0,1,52,115962,1610,0,44,0,0,0,LEADER,1,0,0,0,0,43
118227,29,adaptive-prasle,2265,1,0,0,43,0,602,0,1,29,115962,2265,0,44,0,0,0,LEADER,1,0,0,0,0,43
118051,21,adaptive-prasle,2088,1,0,0,43,0,602,0,1,21,115963,2088,0,44,0,0,0,LEADER,1,0,0,0,0,43
117803,100,adaptive-prasle,1841,1,0,0,43,0,602,0,1,100,115962,1841,0,44,0,0,0,LEADER,1,0,0,0,0,43
117648,61,adaptive-prasle,1686,1,0,0,43,0,602,0,1,61,115962,1686,0,44,0,0,0,LEADER,1,0,0,0,0,43
118212,91,adaptive-prasle,2250,1,0,0,43,0,602,0,1,91,115962,2250,0,44,0,0,0,LEADER,1,0,0,0,0,43
118172,37,adaptive-prasle,2210,1,0,0,43,0,602,0,1,37,115962,2210,0,44,0,0,0,LEADER,1,0,0,0,0,43
117715,38,adaptive-prasle,1755,1,0,0,43,0,602,0,1,38,115960,1755,0,44,0,0,0,LEADER,1,0,0,0,0,43
118381,98,adaptive-prasle,2419,1,0,0,43,0,602,0,1,98,115962,2419,0,44,0,0,0,LEADER,1,0,0,0,0,43
118239,27,adaptive-prasle,2280,1,0,0,43,0,602,0,1,27,115959,2280,0,44,0,0,0,LEADER,1,0,0,0,0,43
118090,62,adaptive-prasle,2128,1,0,0,43,0,602,0,1,62,115962,2128,0,44,0,0,0,LEADER,1,0,0,0,0,43
117899,56,adaptive-prasle,1937,1,0,0,43,0,602,0,1,56,115962,1937,0,44,0,0,0,LEADER,1,0,0,0,0,43
118287,99,adaptive-prasle,2328,1,0,0,43,0,602,0,1,99,115959,2328,0,44,0,0,0,LEADER,1,0,0,0,0,43
118164,48,adaptive-prasle,2202,1,0,0,43,0,602,0,1,48,115962,2202,0,44,0,0,0,LEADER,1,0,0,0,0,43
117681,71,adaptive-prasle,1719,1,0,0,43,0,602,0,1,71,115962,1719,0,44,0,0,0,LEADER,1,0,0,0,0,43
117906,87,adaptive-prasle,1944,1,0,0,43,0,602,0,1,87,115962,1944,0,44,0,0,0,LEADER,1,0,0,0,0,43
117832,36,adaptive-prasle,1870,1,0,0,43,0,602,0,1,36,115962,1870,0,44,0,0,0,LEADER,1,0,0,0,0,43
118328,77,adaptive-prasle,1446,1,0,0,43,0,602,0,1,77,116882,1446,0,44,0,0,0,LEADER,1,0,0,0,0,43
118521,83,adaptive-prasle,1637,1,0,0,43,0,602,0,1,83,116884,1637,0,44,0,0,0,LEADER,1,0,0,0,0,43
118021,85,adaptive-prasle,2059,1,0,0,43,0,602,0,1,85,115962,2059,0,44,0,0,0,LEADER,1,0,0,0,0,43
118549,19,adaptive-prasle,1667,1,0,0,43,0,602,0,1,19,116882,1667,0,44,0,0,0,LEADER,1,0,0,0,0,43
118704,65,adaptive-prasle,1822,1,0,0,43,0,602,0,1,65,116882,1822,0,44,0,0,0,LEADER,1,0,0,0,0,43
118310,35,adaptive-prasle,1428,1,0,0,43,0,602,0,1,35,116882,1428,0,44,0,0,0,LEADER,1,0,0,0,0,43
118325,86,adaptive-prasle,1443,1,0,0,43,0,602,0,1,86,116882,1443,0,44,0,0,0,LEADER,1,0,0,0,0,43
118368,50,adaptive-prasle,2406,1,0,0,43,0,602,0,1,50,115962,2406,0,44,0,0,0,LEADER,1,0,0,0,0,43
118383,55,adaptive-prasle,1501,1,0,0,43,0,602,0,1,55,116882,1501,0,44,0,0,0,LEADER,1,0,0,0,0,43
118422,63,adaptive-prasle,1540,1,0,0,43,0,602,0,1,63,116882,1540,0,44,0,0,0,LEADER,1,0,0,0,0,43
118786,46,adaptive-prasle,1904,1,0,0,43,0,602,0,1,46,116882,1904,0,44,0,0,0,LEADER,1,0,0,0,0,43
118581,53,adaptive-prasle,1701,1,0,0,43,0,602,0,1,53,116880,1701,0,44,0,0,0,LEADER,1,0,0,0,0,43
117936,23,adaptive-prasle,1974,1,0,0,43,0,602,0,1,23,115962,1974,0,44,0,0,0,LEADER,1,0,0,0,0,43
118804,88,adaptive-prasle,1922,1,0,0,43,0,602,0,1,88,116882,1922,0,44,0,0,0,LEADER,1,0,0,0,0,43
118331,34,adaptive-prasle,1449,1,0,0,43,0,602,0,1,34,116882,1449,0,44,0,0,0,LEADER,1,0,0,0,0,43
117939,97,adaptive-prasle,1977,1,0,0,43,0,602,0,1,97,115962,1977,0,44,0,0,0,LEADER,1,0,0,0,0,43
118059,20,adaptive-prasle,2095,1,0,0,43,0,602,0,1,20,115964,2095,0,44,0,0,0,LEADER,1,0,0,0,0,43
118139,40,adaptive-prasle,2177,1,0,0,43,0,602,0,1,40,115962,2177,0,44,0,0,0,LEADER,1,0,0,0,0,43
118062,47,adaptive-prasle,2100,1,0,0,43,0,602,0,1,47,115962,2100,0,44,0,0,0,LEADER,1,0,0,0,0,43
118974,95,adaptive-prasle,2092,1,0,0,43,0,602,0,1,95,116882,2092,0,44,0,0,0,LEADER,1,0,0,0,0,43
118357,25,adaptive-prasle,2395,1,0,0,43,0,602,0,1,25,115962,2395,0,44,0,0,0,LEADER,1,0,0,0,0,43
118962,84,adaptive-prasle,2080,1,0,0,43,0,602,0,1,84,116882,2080,0,44,0,0,0,LEADER,1,0,0,0,0,43
118239,70,adaptive-prasle,2277,1,0,0,43,0,602,0,1,70,115962,2277,0,44,0,0,0,LEADER,1,0,0,0,0,43
118157,82,adaptive-prasle,2195,1,0,0,43,0,602,0,1,82,115962,2195,0,44,0,0,0,LEADER,1,0,0,0,0,43
118375,67,adaptive-prasle,2413,1,0,0,43,0,602,0,1,67,115962,2413,0,44,0,0,0,LEADER,1,0,0,0,0,43
118327,89,adaptive-prasle,2365,1,0,0,43,0,602,0,1,89,115962,2365,0,44,0,0,0,LEADER,1,0,0,0,0,43
118995,28,adaptive-prasle,2113,1,0,0,43,0,602,0,1,28,116882,2113,0,44,0,0,0,LEADER,1,0,0,0,0,43
118737,68,adaptive-prasle,1855,1,0,0,43,0,602,0,1,68,116882,1855,0,44,0,0,0,LEADER,1,0,0,0,0,43
118689,90,adaptive-prasle,1807,1,0,0,43,0,602,0,1,90,116882,1807,0,44,0,0,0,LEADER,1,0,0,0,0,43
118350,76,adaptive-prasle,1468,1,0,0,43,0,602,0,1,76,116882,1468,0,44,0,0,0,LEADER,1,0,0,0,0,43
118671,10,adaptive-prasle,1789,1,0,0,43,0,602,0,1,10,116882,1789,0,44,0,0,0,LEADER,1,0,0,0,0,43
119103,58,adaptive-prasle,2221,1,0,0,43,0,602,0,1,58,116882,2221,0,44,0,0,0,LEADER,1,0,0,0,0,43
118486,73,adaptive-prasle,1604,1,0,0,43,0,602,0,1,73,116882,1604,0,44,0,0,0,LEADER,1,0,0,0,0,43
118227,59,adaptive-prasle,2265,1,0,0,43,0,602,0,1,59,115962,2265,0,44,0,0,0,LEADER,1,0,0,0,0,43
118501,41,adaptive-prasle,1619,1,0,0,43,0,602,0,1,41,116882,1619,0,44,0,0,0,LEADER,1,0,0,0,0,43
118416,96,adaptive-prasle,1534,1,0,0,43,0,602,0,1,96,116882,1534,0,44,0,0,0,LEADER,1,0,0,0,0,43
118649,49,adaptive-prasle,1767,1,0,0,43,0,602,0,1,49,116882,1767,0,44,0,0,0,LEADER,1,0,0,0,0,43
118718,74,adaptive-prasle,1837,1,0,0,43,0,602,0,1,74,116881,1837,0,44,0,0,0,LEADER,1,0,0,0,0,43
119110,92,adaptive-prasle,2228,1,0,0,43,0,602,0,1,92,116882,2228,0,44,0,0,0,LEADER,1,0,0,0,0,43
118318,66,adaptive-prasle,1434,1,0,0,43,0,602,0,1,66,116884,1434,0,44,0,0,0,LEADER,1,0,0,0,0,43
118342,57,adaptive-prasle,2380,1,0,0,43,0,602,0,1,57,115962,2380,0,44,0,0,0,LEADER,1,0,0,0,0,43
119142,78,adaptive-prasle,2260,1,0,0,43,0,602,0,1,78,116882,2260,0,44,0,0,0,LEADER,1,0,0,0,0,43
118308,39,adaptive-prasle,2346,1,0,0,43,0,602,0,1,39,115962,2346,0,44,0,0,0,LEADER,1,0,0,0,0,43
119025,30,adaptive-prasle,2143,1,0,0,43,0,602,0,1,30,116882,2143,0,44,0,0,0,LEADER,1,0,0,0,0,43
118431,64,adaptive-prasle,1549,1,0,0,43,0,602,0,1,64,116882,1549,0,44,0,0,0,LEADER,1,0,0,0,0,43
118656,80,adaptive-prasle,1774,1,0,0,43,0,602,0,1,80,116882,1774,0,44,0,0,0,LEADER,1,0,0,0,0,43
118396,54,adaptive-prasle,1516,1,0,0,43,0,602,0,1,54,116880,1516,0,44,0,0,0,LEADER,1,0,0,0,0,43
118922,43,adaptive-prasle,2040,1,0,0,43,0,602,0,1,43,116882,2040,0,44,0,0,0,LEADER,1,0,0,0,0,43
118842,26,adaptive-prasle,1960,1,0,0,43,0,602,0,1,26,116882,1960,0,44,0,0,0,LEADER,1,0,0,0,0,43
118471,42,adaptive-prasle,1591,1,0,0,43,0,602,0,1,42,116880,1591,0,44,0,0,0,LEADER,1,0,0,0,0,43
118480,31,adaptive-prasle,1598,1,0,0,43,0,602,0,1,31,116882,1598,0,44,0,0,0,LEADER,1,0,0,0,0,43
119237,94,adaptive-prasle,2355,1,0,0,43,0,602,0,1,94,116882,2355,0,44,0,0,0,LEADER,1,0,0,0,0,43
118807,45,adaptive-prasle,1925,1,0,0,43,0,602,0,1,45,116882,1925,0,44,0,0,0,LEADER,1,0,0,0,0,43
119180,60,adaptive-prasle,2298,1,0,0,43,0,602,0,1,60,116882,2298,0,44,0,0,0,LEADER,1,0,0,0,0,43
119285,44,adaptive-prasle,1483,1,0,0,43,0,602,0,1,44,117802,1483,0,44,0,0,0,LEADER,1,0,0,0,0,43
118889,33,adaptive-prasle,2007,1,0,0,43,0,602,0,1,33,116882,2007,0,44,0,0,0,LEADER,1,0,0,0,0,43
118534,51,adaptive-prasle,1652,1,0,0,43,0,602,0,1,51,116882,1652,0,44,0,0,0,LEADER,1,0,0,0,0,43
119333,22,adaptive-prasle,1531,1,0,0,43,0,602,0,1,22,117802,1531,0,44,0,0,0,LEADER,1,0,0,0,0,43
119044,72,adaptive-prasle,2162,1,0,0,43,0,602,0,1,72,116882,2162,0,44,0,0,0,LEADER,1,0,0,0,0,43
118834,24,adaptive-prasle,1952,1,0,0,43,0,602,0,1,24,116882,1952,0,44,0,0,0,LEADER,1,0,0,0,0,43
119365,32,adaptive-prasle,1564,1,0,0,43,0,602,0,1,32,117801,1564,0,44,0,0,0,LEADER,1,0,0,0,0,43
118553,93,adaptive-prasle,1671,1,0,0,43,0,602,0,1,93,116882,1671,0,44,0,0,0,LEADER,1,0,0,0,0,43
119225,69,adaptive-prasle,2343,1,0,0,43,0,602,0,1,69,116882,2343,0,44,0,0,0,LEADER,1,0,0,0,0,43
119212,79,adaptive-prasle,2331,1,0,0,43,0,602,0,1,79,116881,2331,0,44,0,0,0,LEADER,1,0,0,0,0,43
118907,75,adaptive-prasle,2025,1,0,0,43,0,602,0,1,75,116882,2025,0,44,0,0,0,LEADER,1,0,0,0,0,43
118634,81,adaptive-prasle,1752,1,0,0,43,0,602,0,1,81,116882,1752,0,44,0,0,0,LEADER,1,0,0,0,0,43
118492,52,adaptive-prasle,1610,1,0,0,43,0,602,0,1,52,116882,1610,0,44,0,0,0,LEADER,1,0,0,0,0,43
118971,21,adaptive-prasle,2088,1,0,0,43,0,602,0,1,21,116883,2088,0,44,0,0,0,LEADER,1,0,0,0,0,43
119147,29,adaptive-prasle,2265,1,0,0,43,0,602,0,1,29,116882,2265,0,44,0,0,0,LEADER,1,0,0,0,0,43
118723,100,adaptive-prasle,1841,1,0,0,43,0,602,0,1,100,116882,1841,0,44,0,0,0,LEADER,1,0,0,0,0,43
118568,61,adaptive-prasle,1686,1,0,0,43,0,602,0,1,61,116882,1686,0,44,0,0,0,LEADER,1,0,0,0,0,43
119132,91,adaptive-prasle,2250,1,0,0,43,0,602,0,1,91,116882,2250,0,44,0,0,0,LEADER,1,0,0,0,0,43
119092,37,adaptive-prasle,2210,1,0,0,43,0,602,0,1,37,116882,2210,0,44,0,0,0,LEADER,1,0,0,0,0,43
118635,38,adaptive-prasle,1755,1,0,0,43,0,602,0,1,38,116880,1755,0,44,0,0,0,LEADER,1,0,0,0,0,43
119301,98,adaptive-prasle,2419,1,0,0,43,0,602,0,1,98,116882,2419,0,44,0,0,0,LEADER,1,0,0,0,0,43
119159,27,adaptive-prasle,2280,1,0,0,43,0,602,0,1,27,116879,2280,0,44,0,0,0,LEADER,1,0,0,0,0,43
119010,62,adaptive-prasle,2128,1,0,0,43,0,602,0,1,62,116882,2128,0,44,0,0,0,LEADER,1,0,0,0,0,43
118819,56,adaptive-prasle,1937,1,0,0,43,0,602,0,1,56,116882,1937,0,44,0,0,0,LEADER,1,0,0,0,0,43
119207,99,adaptive-prasle,2328,1,0,0,43,0,602,0,1,99,116879,2328,0,44,0,0,0,LEADER,1,0,0,0,0,43
119084,48,adaptive-prasle,2202,1,0,0,43,0,602,0,1,48,116882,2202,0,44,0,0,0,LEADER,1,0,0,0,0,43
118601,71,adaptive-prasle,1719,1,0,0,43,0,602,0,1,71,116882,1719,0,44,0,0,0,LEADER,1,0,0,0,0,43
118826,87,adaptive-prasle,1944,1,0,0,43,0,602,0,1,87,116882,1944,0,44,0,0,0,LEADER,1,0,0,0,0,43
118752,36,adaptive-prasle,1870,1,0,0,43,0,602,0,1,36,116882,1870,0,44,0,0,0,LEADER,1,0,0,0,0,43
119248,77,adaptive-prasle,1446,1,0,0,43,0,602,0,1,77,117802,1446,0,44,0,0,0,LEADER,1,0,0,0,0,43
119441,83,adaptive-prasle,1637,1,0,0,43,0,602,0,1,83,117804,1637,0,44,0,0,0,LEADER,1,0,0,0,0,43
118941,85,adaptive-prasle,2059,1,0,0,43,0,602,0,1,85,116882,2059,0,44,0,0,0,LEADER,1,0,0,0,0,43
119469,19,adaptive-prasle,1667,1,0,0,43,0,602,0,1,19,117802,1667,0,44,0,0,0,LEADER,1,0,0,0,0,43
119624,65,adaptive-prasle,1822,1,0,0,43,0,602,0,1,65,117802,1822,0,44,0,0,0,LEADER,1,0,0,0,0,43
119230,35,adaptive-prasle,1428,1,0,0,43,0,602,0,1,35,117802,1428,0,44,0,0,0,LEADER,1,0,0,0,0,43
119245,86,adaptive-prasle,1443,1,0,0,43,0,602,0,1,86,117802,1443,0,44,0,0,0,LEADER,1,0,0,0,0,43
119288,50,adaptive-prasle,2406,1,0,0,43,0,602,0,1,50,116882,2406,0,44,0,0,0,LEADER,1,0,0,0,0,43
119303,55,adaptive-prasle,1501,1,0,0,43,0,602,0,1,55,117802,1501,0,44,0,0,0,LEADER,1,0,0,0,0,43
119342,63,adaptive-prasle,1540,1,0,0,43,0,602,0,1,63,117802,1540,0,44,0,0,0,LEADER,1,0,0,0,0,43
119706,46,adaptive-prasle,1904,1,0,0,43,0,602,0,1,46,117802,1904,0,44,0,0,0,LEADER,1,0,0,0,0,43
119501,53,adaptive-prasle,1701,1,0,0,43,0,602,0,1,53,117800,1701,0,44,0,0,0,LEADER,1,0,0,0,0,43
118856,23,adaptive-prasle,1974,1,0,0,43,0,602,0,1,23,116882,1974,0,44,0,0,0,LEADER,1,0,0,0,0,43
119724,88,adaptive-prasle,1922,1,0,0,43,0,602,0,1,88,117802,1922,0,44,0,0,0,LEADER,1,0,0,0,0,43
119251,34,adaptive-prasle,1449,1,0,0,43,0,602,0,1,34,117802,1449,0,44,0,0,0,LEADER,1,0,0,0,0,43
118859,97,adaptive-prasle,1977,1,0,0,43,0,602,0,1,97,116882,1977,0,44,0,0,0,LEADER,1,0,0,0,0,43
118979,20,adaptive-prasle,2095,1,0,0,43,0,602,0,1,20,116884,2095,0,44,0,0,0,LEADER,1,0,0,0,0,43
119059,40,adaptive-prasle,2177,1,0,0,43,0,602,0,1,40,116882,2177,0,44,0,0,0,LEADER,1,0,0,0,0,43
118982,47,adaptive-prasle,2100,1,0,0,43,0,602,0,1,47,116882,2100,0,44,0,0,0,LEADER,1,0,0,0,0,43
119894,95,adaptive-prasle,2092,1,0,0,43,0,602,0,1,95,117802,2092,0,44,0,0,0,LEADER,1,0,0,0,0,43
119277,25,adaptive-prasle,2395,1,0,0,43,0,602,0,1,25,116882,2395,0,44,0,0,0,LEADER,1,0,0,0,0,43
119882,84,adaptive-prasle,2080,1,0,0,43,0,602,0,1,84,117802,2080,0,44,0,0,0,LEADER,1,0,0,0,0,43
119159,70,adaptive-prasle,2277,1,0,0,43,0,602,0,1,70,116882,2277,0,44,0,0,0,LEADER,1,0,0,0,0,43
119077,82,adaptive-prasle,2195,1,0,0,43,0,602,0,1,82,116882,2195,0,44,0,0,0,LEADER,1,0,0,0,0,43
119295,67,adaptive-prasle,2413,1,0,0,43,0,602,0,1,67,116882,2413,0,44,0,0,0,LEADER,1,0,0,0,0,43
119247,89,adaptive-prasle,2365,1,0,0,43,0,602,0,1,89,116882,2365,0,44,0,0,0,LEADER,1,0,0,0,0,43
119915,28,adaptive-prasle,2113,1,0,0,43,0,602,0,1,28,117802,2113,0,44,0,0,0,LEADER,1,0,0,0,0,43
119657,68,adaptive-prasle,1855,1,0,0,43,0,602,0,1,68,117802,1855,0,44,0,0,0,LEADER,1,0,0,0,0,43
119609,90,adaptive-prasle,1807,1,0,0,43,0,602,0,1,90,117802,1807,0,44,0,0,0,LEADER,1,0,0,0,0,43
119270,76,adaptive-prasle,1468,1,0,0,43,0,602,0,1,76,117802,1468,0,44,0,0,0,LEADER,1,0,0,0,0,43
119591,10,adaptive-prasle,1789,1,0,0,43,0,602,0,1,10,117802,1789,0,44,0,0,0,LEADER,1,0,0,0,0,43
120023,58,adaptive-prasle,2221,1,0,0,43,0,602,0,1,58,117802,2221,0,44,0,0,0,LEADER,1,0,0,0,0,43
119406,73,adaptive-prasle,1604,1,0,0,43,0,602,0,1,73,117802,1604,0,44,0,0,0,LEADER,1,0,0,0,0,43
119147,59,adaptive-prasle,2265,1,0,0,43,0,602,0,1,59,116882,2265,0,44,0,0,0,LEADER,1,0,0,0,0,43
119421,41,adaptive-prasle,1619,1,0,0,43,0,602,0,1,41,117802,1619,0,44,0,0,0,LEADER,1,0,0,0,0,43
119336,96,adaptive-prasle,1534,1,0,0,43,0,602,0,1,96,117802,1534,0,44,0,0,0,LEADER,1,0,0,0,0,43
119569,49,adaptive-prasle,1767,1,0,0,43,0,602,0,1,49,117802,1767,0,44,0,0,0,LEADER,1,0,0,0,0,43
119638,74,adaptive-prasle,1837,1,0,0,43,0,602,0,1,74,117801,1837,0,44,0,0,0,LEADER,1,0,0,0,0,43
120030,92,adaptive-prasle,2228,1,0,0,43,0,602,0,1,92,117802,2228,0,44,0,0,0,LEADER,1,0,0,0,0,43
119238,66,adaptive-prasle,1434,1,0,0,43,0,602,0,1,66,117804,1434,0,44,0,0,0,LEADER,1,0,0,0,0,43
119262,57,adaptive-prasle,2380,1,0,0,43,0,602,0,1,57,116882,2380,0,44,0,0,0,LEADER,1,0,0,0,0,43
120062,78,adaptive-prasle,2260,1,0,0,43,0,602,0,1,78,117802,2260,0,44,0,0,0,LEADER,1,0,0,0,0,43
119228,39,adaptive-prasle,2346,1,0,0,43,0,602,0,1,39,116882,2346,0,44,0,0,0,LEADER,1,0,0,0,0,43
119945,30,adaptive-prasle,2143,1,0,0,43,0,602,0,1,30,117802,2143,0,44,0,0,0,LEADER,1,0,0,0,0,43
119351,64,adaptive-prasle,1549,1,0,0,43,0,602,0,1,64,117802,1549,0,44,0,0,0,LEADER,1,0,0,0,0,43
119576,80,adaptive-prasle,1774,1,0,0,43,0,602,0,1,80,117802,1774,0,44,0,0,0,LEADER,1,0,0,0,0,43
119316,54,adaptive-prasle,1516,1,0,0,43,0,602,0,1,54,117800,1516,0,44,0,0,0,LEADER,1,0,0,0,0,43
119842,43,adaptive-prasle,2040,1,0,0,43,0,602,0,1,43,117802,2040,0,44,0,0,0,LEADER,1,0,0,0,0,43
119762,26,adaptive-prasle,1960,1,0,0,43,0,602,0,1,26,117802,1960,0,44,0,0,0,LEADER,1,0,0,0,0,43
119391,42,adaptive-prasle,1591,1,0,0,43,0,602,0,1,42,117800,1591,0,44,0,0,0,LEADER,1,0,0,0,0,43
119400,31,adaptive-prasle,1598,1,0,0,43,0,602,0,1,31,117802,1598,0,44,0,0,0,LEADER,1,0,0,0,0,43
120157,94,adaptive-prasle,2355,1,0,0,43,0,602,0,1,94,117802,2355,0,44,0,0,0,LEADER,1,0,0,0,0,43
119727,45,adaptive-prasle,1925,1,0,0,43,0,602,0,1,45,117802,1925,0,44,0,0,0,LEADER,1,0,0,0,0,43
120100,60,adaptive-prasle,2298,1,0,0,43,0,602,0,1,60,117802,2298,0,44,0,0,0,LEADER,1,0,0,0,0,43
120206,44,adaptive-prasle,1483,1,0,0,44,0,616,0,1,44,118723,1483,0,45,0,0,0,LEADER,1,0,0,0,0,44
119809,33,adaptive-prasle,2007,1,0,0,43,0,602,0,1,33,117802,2007,0,44,0,0,0,LEADER,1,0,0,0,0,43
119454,51,adaptive-prasle,1652,1,0,0,43,0,602,0,1,51,117802,1652,0,44,0,0,0,LEADER,1,0,0,0,0,43
119964,72,adaptive-prasle,2162,1,0,0,43,0,602,0,1,72,117802,2162,0,44,0,0,0,LEADER,1,0,0,0,0,43
120254,22,adaptive-prasle,1531,1,0,0,44,0,616,0,1,22,118723,1531,0,45,0,0,0,LEADER,1,0,0,0,0,44
119754,24,adaptive-prasle,1952,1,0,0,43,0,602,0,1,24,117802,1952,0,44,0,0,0,LEADER,1,0,0,0,0,43
120286,32,adaptive-prasle,1564,1,0,0,44,0,616,0,1,32,118722,1564,0,45,0,0,0,LEADER,1,0,0,0,0,44
119473,93,adaptive-prasle,1671,1,0,0,43,0,602,0,1,93,117802,1671,0,44,0,0,0,LEADER,1,0,0,0,0,43
120145,69,adaptive-prasle,2343,1,0,0,43,0,602,0,1,69,117802,2343,0,44,0,0,0,LEADER,1,0,0,0,0,43
120132,79,adaptive-prasle,2331,1,0,0,43,0,602,0,1,79,117801,2331,0,44,0,0,0,LEADER,1,0,0,0,0,43
119827,75,adaptive-prasle,2025,1,0,0,43,0,602,0,1,75,117802,2025,0,44,0,0,0,LEADER,1,0,0,0,0,43
119554,81,adaptive-prasle,1752,1,0,0,43,0,602,0,1,81,117802,1752,0,44,0,0,0,LEADER,1,0,0,0,0,43
119412,52,adaptive-prasle,1610,1,0,0,43,0,602,0,1,52,117802,1610,0,44,0,0,0,LEADER,1,0,0,0,0,43
119891,21,adaptive-prasle,2088,1,0,0,43,0,602,0,1,21,117803,2088,0,44,0,0,0,LEADER,1,0,0,0,0,43
120067,29,adaptive-prasle,2265,1,0,0,43,0,602,0,1,29,117802,2265,0,44,0,0,0,LEADER,1,0,0,0,0,43
119643,100,adaptive-prasle,1841,1,0,0,43,0,602,0,1,100,117802,1841,0,44,0,0,0,LEADER,1,0,0,0,0,43
119488,61,adaptive-prasle,1686,1,0,0,43,0,602,0,1,61,117802,1686,0,44,0,0,0,LEADER,1,0,0,0,0,43
120052,91,adaptive-prasle,2250,1,0,0,43,0,602,0,1,91,117802,2250,0,44,0,0,0,LEADER,1,0,0,0,0,43
120012,37,adaptive-prasle,2210,1,0,0,43,0,602,0,1,37,117802,2210,0,44,0,0,0,LEADER,1,0,0,0,0,43
119555,38,adaptive-prasle,1755,1,0,0,43,0,602,0,1,38,117800,1755,0,44,0,0,0,LEADER,1,0,0,0,0,43
120221,98,adaptive-prasle,2419,1,0,0,43,0,602,0,1,98,117802,2419,0,44,0,0,0,LEADER,1,0,0,0,0,43
120079,27,adaptive-prasle,2280,1,0,0,43,0,602,0,1,27,117799,2280,0,44,0,0,0,LEADER,1,0,0,0,0,43
119930,62,adaptive-prasle,2128,1,0,0,43,0,602,0,1,62,117802,2128,0,44,0,0,0,LEADER,1,0,0,0,0,43
119739,56,adaptive-prasle,1937,1,0,0,43,0,602,0,1,56,117802,1937,0,44,0,0,0,LEADER,1,0,0,0,0,43
120127,99,adaptive-prasle,2328,1,0,0,43,0,602,0,1,99,117799,2328,0,44,0,0,0,LEADER,1,0,0,0,0,43
120004,48,adaptive-prasle,2202,1,0,0,43,0,602,0,1,48,117802,2202,0,44,0,0,0,LEADER,1,0,0,0,0,43
119521,71,adaptive-prasle,1719,1,0,0,43,0,602,0,1,71,117802,1719,0,44,0,0,0,LEADER,1,0,0,0,0,43
119746,87,adaptive-prasle,1944,1,0,0,43,0,602,0,1,87,117802,1944,0,44,0,0,0,LEADER,1,0,0,0,0,43
119672,36,adaptive-prasle,1870,1,0,0,43,0,602,0,1,36,117802,1870,0,44,0,0,0,LEADER,1,0,0,0,0,43
120169,77,adaptive-prasle,1446,1,0,0,44,0,616,0,1,77,118723,1446,0,45,0,0,0,LEADER,1,0,0,0,0,44
120362,83,adaptive-prasle,1637,1,0,0,44,0,616,0,1,83,118725,1637,0,45,0,0,0,LEADER,1,0,0,0,0,44
119861,85,adaptive-prasle,2059,1,0,0,43,0,602,0,1,85,117802,2059,0,44,0,0,0,LEADER,1,0,0,0,0,43
120390,19,adaptive-prasle,1667,1,0,0,44,0,616,0,1,19,118723,1667,0,45,0,0,0,LEADER,1,0,0,0,0,44
120545,65,adaptive-prasle,1822,1,0,0,44,0,616,0,1,65,118723,1822,0,45,0,0,0,LEADER,1,0,0,0,0,44
120151,35,adaptive-prasle,1428,1,0,0,44,0,616,0,1,35,118723,1428,0,45,0,0,0,LEADER,1,0,0,0,0,44
120166,86,adaptive-prasle,1443,1,0,0,44,0,616,0,1,86,118723,1443,0,45,0,0,0,LEADER,1,0,0,0,0,44
120208,50,adaptive-prasle,2406,1,0,0,43,0,602,0,1,50,117802,2406,0,44,0,0,0,LEADER,1,0,0,0,0,43
120224,55,adaptive-prasle,1501,1,0,0,44,0,616,0,1,55,118723,1501,0,45,0,0,0,LEADER,1,0,0,0,0,44
120263,63,adaptive-prasle,1540,1,0,0,44,0,616,0,1,63,118723,1540,0,45,0,0,0,LEADER,1,0,0,0,0,44
120627,46,adaptive-prasle,1904,1,0,0,44,0,616,0,1,46,118723,1904,0,45,0,0,0,LEADER,1,0,0,0,0,44
120422,53,adaptive-prasle,1701,1,0,0,44,0,616,0,1,53,118721,1701,0,45,0,0,0,LEADER,1,0,0,0,0,44
119776,23,adaptive-prasle,1974,1,0,0,43,0,602,0,1,23,117802,1974,0,44,0,0,0,LEADER,1,0,0,0,0,43
120645,88,adaptive-prasle,1922,1,0,0,44,0,616,0,1,88,118723,1922,0,45,0,0,0,LEADER,1,0,0,0,0,44
120172,34,adaptive-prasle,1449,1,0,0,44,0,616,0,1,34,118723,1449,0,45,0,0,0,LEADER,1,0,0,0,0,44
119779,97,adaptive-prasle,1977,1,0,0,43,0,602,0,1,97,117802,1977,0,44,0,0,0,LEADER,1,0,0,0,0,43
119899,20,adaptive-prasle,2095,1,0,0,43,0,602,0,1,20,117804,2095,0,44,0,0,0,LEADER,1,0,0,0,0,43
119979,40,adaptive-prasle,2177,1,0,0,43,0,602,0,1,40,117802,2177,0,44,0,0,0,LEADER,1,0,0,0,0,43
119902,47,adaptive-prasle,2100,1,0,0,43,0,602,0,1,47,117802,2100,0,44,0,0,0,LEADER,1,0,0,0,0,43
120815,95,adaptive-prasle,2092,1,0,0,44,0,616,0,1,95,118723,2092,0,45,0,0,0,LEADER,1,0,0,0,0,44
120197,25,adaptive-prasle,2395,1,0,0,43,0,602,0,1,25,117802,2395,0,44,0,0,0,LEADER,1,0,0,0,0,43
120803,84,adaptive-prasle,2080,1,0,0,44,0,616,0,1,84,118723,2080,0,45,0,0,0,LEADER,1,0,0,0,0,44
120079,70,adaptive-prasle,2277,1,0,0,43,0,602,0,1,70,117802,2277,0,44,0,0,0,LEADER,1,0,0,0,0,43
119997,82,adaptive-prasle,2195,1,0,0,43,0,602,0,1,82,117802,2195,0,44,0,0,0,LEADER,1,0,0,0,0,43
120215,67,adaptive-prasle,2413,1,0,0,43,0,602,0,1,67,117802,2413,0,44,0,0,0,LEADER,1,0,0,0,0,43
120167,89,adaptive-prasle,2365,1,0,0,43,0,602,0,1,89,117802,2365,0,44,0,0,0,LEADER,1,0,0,0,0,43
120836,28,adaptive-prasle,2113,1,0,0,44,0,616,0,1,28,118723,2113,0,45,0,0,0,LEADER,1,0,0,0,0,44
120578,68,adaptive-prasle,1855,1,0,0,44,0,616,0,1,68,118723,1855,0,45,0,0,0,LEADER,1,0,0,0,0,44
120530,90,adaptive-prasle,1807,1,0,0,44,0,616,0,1,90,118723,1807,0,45,0,0,0,LEADER,1,0,0,0,0,44
120191,76,adaptive-prasle,1468,1,0,0,44,0,616,0,1,76,118723,1468,0,45,0,0,0,LEADER,1,0,0,0,0,44
120512,10,adaptive-prasle,1789,1,0,0,44,0,616,0,1,10,118723,1789,0,45,0,0,0,LEADER,1,0,0,0,0,44
120944,58,adaptive-prasle,2221,1,0,0,44,0,616,0,1,58,118723,2221,0,45,0,0,0,LEADER,1,0,0,0,0,44
120327,73,adaptive-prasle,1604,1,0,0,44,0,616,0,1,73,118723,1604,0,45,0,0,0,LEADER,1,0,0,0,0,44
120067,59,adaptive-prasle,2265,1,0,0,43,0,602,0,1,59,117802,2265,0,44,0,0,0,LEADER,1,0,0,0,0,43
120342,41,adaptive-prasle,1619,1,0,0,44,0,616,0,1,41,118723,1619,0,45,0,0,0,LEADER,1,0,0,0,0,44
120257,96,adaptive-prasle,1534,1,0,0,44,0,616,0,1,96,118723,1534,0,45,0,0,0,LEADER,1,0,0,0,0,44
120490,49,adaptive-prasle,1767,1,0,0,44,0,616,0,1,49,118723,1767,0,45,0,0,0,LEADER,1,0,0,0,0,44
120559,74,adaptive-prasle,1837,1,0,0,44,0,616,0,1,74,118722,1837,0,45,0,0,0,LEADER,1,0,0,0,0,44
120951,92,adaptive-prasle,2228,1,0,0,44,0,616,0,1,92,118723,2228,0,45,0,0,0,LEADER,1,0,0,0,0,44
120159,66,adaptive-prasle,1434,1,0,0,44,0,616,0,1,66,118725,1434,0,45,0,0,0,LEADER,1,0,0,0,0,44
120182,57,adaptive-prasle,2380,1,0,0,43,0,602,0,1,57,117802,2380,0,44,0,0,0,LEADER,1,0,0,0,0,43
120983,78,adaptive-prasle,2260,1,0,0,44,0,616,0,1,78,118723,2260,0,45,0,0,0,LEADER,1,0,0,0,0,44
120148,39,adaptive-prasle,2346,1,0,0,43,0,602,0,1,39,117802,2346,0,44,0,0,0,LEADER,1,0,0,0,0,43
120866,30,adaptive-prasle,2143,1,0,0,44,0,616,0,1,30,118723,2143,0,45,0,0,0,LEADER,1,0,0,0,0,44
120272,64,adaptive-prasle,1549,1,0,0,44,0,616,0,1,64,118723,1549,0,45,0,0,0,LEADER,1,0,0,0,0,44
120497,80,adaptive-prasle,1774,1,0,0,44,0,616,0,1,80,118723,1774,0,45,0,0,0,LEADER,1,0,0,0,0,44
120237,54,adaptive-prasle,1516,1,0,0,44,0,616,0,1,54,118721,1516,0,45,0,0,0,LEADER,1,0,0,0,0,44
120763,43,adaptive-prasle,2040,1,0,0,44,0,616,0,1,43,118723,2040,0,45,0,0,0,LEADER,1,0,0,0,0,44
120683,26,adaptive-prasle,1960,1,0,0,44,0,616,0,1,26,118723,1960,0,45,0,0,0,LEADER,1,0,0,0,0,44
120312,42,adaptive-prasle,1591,1,0,0,44,0,616,0,1,42,118721,1591,0,45,0,0,0,LEADER,1,0,0,0,0,44
120321,31,adaptive-prasle,1598,1,0,0,44,0,616,0,1,31,118723,1598,0,45,0,0,0,LEADER,1,0,0,0,0,44
121078,94,adaptive-prasle,2355,1,0,0,44,0,616,0,1,94,118723,2355,0,45,0,0,0,LEADER,1,0,0,0,0,44
120648,45,adaptive-prasle,1925,1,0,0,44,0,616,0,1,45,118723,1925,0,45,0,0,0,LEADER,1,0,0,0,0,44
121021,60,adaptive-prasle,2298,1,0,0,44,0,616,0,1,60,118723,2298,0,45,0,0,0,LEADER,1,0,0,0,0,44
121126,44,adaptive-prasle,1483,1,0,0,44,0,616,0,1,44,119643,1483,0,45,0,0,0,LEADER,1,0,0,0,0,44
120730,33,adaptive-prasle,2007,1,0,0,44,0,616,0,1,33,118723,2007,0,45,0,0,0,LEADER,1,0,0,0,0,44
120375,51,adaptive-prasle,1652,1,0,0,44,0,616,0,1,51,118723,1652,0,45,0,0,0,LEADER,1,0,0,0,0,44
121174,22,adaptive-prasle,1531,1,0,0,44,0,616,0,1,22,119643,1531,0,45,0,0,0,LEADER,1,0,0,0,0,44
120885,72,adaptive-prasle,2162,1,0,0,44,0,616,0,1,72,118723,2162,0,45,0,0,0,LEADER,1,0,0,0,0,44
120675,24,adaptive-prasle,1952,1,0,0,44,0,616,0,1,24,118723,1952,0,45,0,0,0,LEADER,1,0,0,0,0,44
121206,32,adaptive-prasle,1564,1,0,0,44,0,616,0,1,32,119642,1564,0,45,0,0,0,LEADER,1,0,0,0,0,44
120394,93,adaptive-prasle,1671,1,0,0,44,0,616,0,1,93,118723,1671,0,45,0,0,0,LEADER,1,0,0,0,0,44
121066,69,adaptive-prasle,2343,1,0,0,44,0,616,0,1,69,118723,2343,0,45,0,0,0,LEADER,1,0,0,0,0,44
121053,79,adaptive-prasle,2331,1,0,0,44,0,616,0,1,79,118722,2331,0,45,0,0,0,LEADER,1,0,0,0,0,44
120748,75,adaptive-prasle,2025,1,0,0,44,0,616,0,1,75,118723,2025,0,45,0,0,0,LEADER,1,0,0,0,0,44
120475,81,adaptive-prasle,1752,1,0,0,44,0,616,0,1,81,118723,1752,0,45,0,0,0,LEADER,1,0,0,0,0,44
120333,52,adaptive-prasle,1610,1,0,0,44,0,616,0,1,52,118723,1610,0,45,0,0,0,LEADER,1,0,0,0,0,44
120812,21,adaptive-prasle,2088,1,0,0,44,0,616,0,1,21,118724,2088,0,45,0,0,0,LEADER,1,0,0,0,0,44
120988,29,adaptive-prasle,2265,1,0,0,44,0,616,0,1,29,118723,2265,0,45,0,0,0,LEADER,1,0,0,0,0,44
120564,100,adaptive-prasle,1841,1,0,0,44,0,616,0,1,100,118723,1841,0,45,0,0,0,LEADER,1,0,0,0,0,44
120409,61,adaptive-prasle,1686,1,0,0,44,0,616,0,1,61,118723,1686,0,45,0,0,0,LEADER,1,0,0,0,0,44
120973,91,adaptive-prasle,2250,1,0,0,44,0,616,0,1,91,118723,2250,0,45,0,0,0,LEADER,1,0,0,0,0,44
120933,37,adaptive-prasle,2210,1,0,0,44,0,616,0,1,37,118723,2210,0,45,0,0,0,LEADER,1,0,0,0,0,44
120476,38,adaptive-prasle,1755,1,0,0,44,0,616,0,1,38,118721,1755,0,45,0,0,0,LEADER,1,0,0,0,0,44
121142,98,adaptive-prasle,2419,1,0,0,44,0,616,0,1,98,118723,2419,0,45,0,0,0,LEADER,1,0,0,0,0,44
121000,27,adaptive-prasle,2280,1,0,0,44,0,616,0,1,27,118720,2280,0,45,0,0,0,LEADER,1,0,0,0,0,44
120851,62,adaptive-prasle,2128,1,0,0,44,0,616,0,1,62,118723,2128,0,45,0,0,0,LEADER,1,0,0,0,0,44
120660,56,adaptive-prasle,1937,1,0,0,44,0,616,0,1,56,118723,1937,0,45,0,0,0,LEADER,1,0,0,0,0,44
121048,99,adaptive-prasle,2328,1,0,0,44,0,616,0,1,99,118720,2328,0,45,0,0,0,LEADER,1,0,0,0,0,44
120927,48,adaptive-prasle,2202,1,0,0,44,0,616,0,1,48,118725,2202,0,45,0,0,0,LEADER,1,0,0,0,0,44
120442,71,adaptive-prasle,1719,1,0,0,44,0,616,0,1,71,118723,1719,0,45,0,0,0,LEADER,1,0,0,0,0,44
120667,87,adaptive-prasle,1944,1,0,0,44,0,616,0,1,87,118723,1944,0,45,0,0,0,LEADER,1,0,0,0,0,44
120593,36,adaptive-prasle,1870,1,0,0,44,0,616,0,1,36,118723,1870,0,45,0,0,0,LEADER,1,0,0,0,0,44
121089,77,adaptive-prasle,1446,1,0,0,44,0,616,0,1,77,119643,1446,0,45,0,0,0,LEADER,1,0,0,0,0,44
121282,83,adaptive-prasle,1637,1,0,0,44,0,616,0,1,83,119645,1637,0,45,0,0,0,LEADER,1,0,0,0,0,44
120782,85,adaptive-prasle,2059,1,0,0,44,0,616,0,1,85,118723,2059,0,45,0,0,0,LEADER,1,0,0,0,0,44
121310,19,adaptive-prasle,1667,1,0,0,44,0,616,0,1,19,119643,1667,0,45,0,0,0,LEADER,1,0,0,0,0,44
121465,65,adaptive-prasle,1822,1,0,0,44,0,616,0,1,65,119643,1822,0,45,0,0,0,LEADER,1,0,0,0,0,44
121071,35,adaptive-prasle,1428,1,0,0,44,0,616,0,1,35,119643,1428,0,45,0,0,0,LEADER,1,0,0,0,0,44
121086,86,adaptive-prasle,1443,1,0,0,44,0,616,0,1,86,119643,1443,0,45,0,0,0,LEADER,1,0,0,0,0,44
121129,50,adaptive-prasle,2406,1,0,0,44,0,616,0,1,50,118723,2406,0,45,0,0,0,LEADER,1,0,0,0,0,44
121144,55,adaptive-prasle,1501,1,0,0,44,0,616,0,1,55,119643,1501,0,45,0,0,0,LEADER,1,0,0,0,0,44
121183,63,adaptive-prasle,1540,1,0,0,44,0,616,0,1,63,119643,1540,0,45,0,0,0,LEADER,1,0,0,0,0,44
121547,46,adaptive-prasle,1904,1,0,0,44,0,616,0,1,46,119643,1904,0,45,0,0,0,LEADER,1,0,0,0,0,44
121342,53,adaptive-prasle,1701,1,0,0,44,0,616,0,1,53,119641,1701,0,45,0,0,0,LEADER,1,0,0,0,0,44
120697,23,adaptive-prasle,1974,1,0,0,44,0,616,0,1,23,118723,1974,0,45,0,0,0,LEADER,1,0,0,0,0,44
121565,88,adaptive-prasle,1922,1,0,0,44,0,616,0,1,88,119643,1922,0,45,0,0,0,LEADER,1,0,0,0,0,44
121092,34,adaptive-prasle,1449,1,0,0,44,0,616,0,1,34,119643,1449,0,45,0,0,0,LEADER,1,0,0,0,0,44
120700,97,adaptive-prasle,1977,1,0,0,44,0,616,0,1,97,118723,1977,0,45,0,0,0,LEADER,1,0,0,0,0,44
120820,20,adaptive-prasle,2095,1,0,0,44,0,616,0,1,20,118725,2095,0,45,0,0,0,LEADER,1,0,0,0,0,44
120900,40,adaptive-prasle,2177,1,0,0,44,0,616,0,1,40,118723,2177,0,45,0,0,0,LEADER,1,0,0,0,0,44
120823,47,adaptive-prasle,2100,1,0,0,44,0,616,0,1,47,118723,2100,0,45,0,0,0,LEADER,1,0,0,0,0,44
121735,95,adaptive-prasle,2092,1,0,0,44,0,616,0,1,95,119643,2092,0,45,0,0,0,LEADER,1,0,0,0,0,44
121118,25,adaptive-prasle,2395,1,0,0,44,0,616,0,1,25,118723,2395,0,45,0,0,0,LEADER,1,0,0,0,0,44
121723,84,adaptive-prasle,2080,1,0,0,44,0,616,0,1,84,119643,2080,0,45,0,0,0,LEADER,1,0,0,0,0,44
121000,70,adaptive-prasle,2277,1,0,0,44,0,616,0,1,70,118723,2277,0,45,0,0,0,LEADER,1,0,0,0,0,44
120918,82,adaptive-prasle,2195,1,0,0,44,0,616,0,1,82,118723,2195,0,45,0,0,0,LEADER,1,0,0,0,0,44
121136,67,adaptive-prasle,2413,1,0,0,44,0,616,0,1,67,118723,2413,0,45,0,0,0,LEADER,1,0,0,0,0,44
121088,89,adaptive-prasle,2365,1,0,0,44,0,616,0,1,89,118723,2365,0,45,0,0,0,LEADER,1,0,0,0,0,44
121756,28,adaptive-prasle,2113,1,0,0,44,0,616,0,1,28,119643,2113,0,45,0,0,0,LEADER,1,0,0,0,0,44
121498,68,adaptive-prasle,1855,1,0,0,44,0,616,0,1,68,119643,1855,0,45,0,0,0,LEADER,1,0,0,0,0,44
121450,90,adaptive-prasle,1807,1,0,0,44,0,616,0,1,90,119643,1807,0,45,0,0,0,LEADER,1,0,0,0,0,44
121111,76,adaptive-prasle,1468,1,0,0,44,0,616,0,1,76,119643,1468,0,45,0,0,0,LEADER,1,0,0,0,0,44
121432,10,adaptive-prasle,1789,1,0,0,44,0,616,0,1,10,119643,1789,0,45,0,0,0,LEADER,1,0,0,0,0,44
121864,58,adaptive-prasle,2221,1,0,0,44,0,616,0,1,58,119643,2221,0,45,0,0,0,LEADER,1,0,0,0,0,44
121247,73,adaptive-prasle,1604,1,0,0,44,0,616,0,1,73,119643,1604,0,45,0,0,0,LEADER,1,0,0,0,0,44
120988,59,adaptive-prasle,2265,1,0,0,44,0,616,0,1,59,118723,2265,0,45,0,0,0,LEADER,1,0,0,0,0,44
121262,41,adaptive-prasle,1619,1,0,0,44,0,616,0,1,41,119643,1619,0,45,0,0,0,LEADER,1,0,0,0,0,44
121177,96,adaptive-prasle,1534,1,0,0,44,0,616,0,1,96,119643,1534,0,45,0,0,0,LEADER,1,0,0,0,0,44
121410,49,adaptive-prasle,1767,1,0,0,44,0,616,0,1,49,119643,1767,0,45,0,0,0,LEADER,1,0,0,0,0,44
121479,74,adaptive-prasle,1837,1,0,0,44,0,616,0,1,74,119642,1837,0,45,0,0,0,LEADER,1,0,0,0,0,44
121871,92,adaptive-prasle,2228,1,0,0,44,0,616,0,1,92,119643,2228,0,45,0,0,0,LEADER,1,0,0,0,0,44
121079,66,adaptive-prasle,1434,1,0,0,44,0,616,0,1,66,119645,1434,0,45,0,0,0,LEADER,1,0,0,0,0,44
121103,57,adaptive-prasle,2380,1,0,0,44,0,616,0,1,57,118723,2380,0,45,0,0,0,LEADER,1,0,0,0,0,44
121903,78,adaptive-prasle,2260,1,0,0,44,0,616,0,1,78,119643,2260,0,45,0,0,0,LEADER,1,0,0,0,0,44
121069,39,adaptive-prasle,2346,1,0,0,44,0,616,0,1,39,118723,2346,0,45,0,0,0,LEADER,1,0,0,0,0,44
121786,30,adaptive-prasle,2143,1,0,0,44,0,616,0,1,30,119643,2143,0,45,0,0,0,LEADER,1,0,0,0,0,44
121192,64,adaptive-prasle,1549,1,0,0,44,0,616,0,1,64,119643,1549,0,45,0,0,0,LEADER,1,0,0,0,0,44
121417,80,adaptive-prasle,1774,1,0,0,44,0,616,0,1,80,119643,1774,0,45,0,0,0,LEADER,1,0,0,0,0,44
121157,54,adaptive-prasle,1516,1,0,0,44,0,616,0,1,54,119641,1516,0,45,0,0,0,LEADER,1,0,0,0,0,44
121683,43,adaptive-prasle,2040,1,0,0,44,0,616,0,1,43,119643,2040,0,45,0,0,0,LEADER,1,0,0,0,0,44
121603,26,adaptive-prasle,1960,1,0,0,44,0,616,0,1,26,119643,1960,0,45,0,0,0,LEADER,1,0,0,0,0,44
121232,42,adaptive-prasle,1591,1,0,0,44,0,616,0,1,42,119641,1591,0,45,0,0,0,LEADER,1,0,0,0,0,44
121241,31,adaptive-prasle,1598,1,0,0,44,0,616,0,1,31,119643,1598,0,45,0,0,0,LEADER,1,0,0,0,0,44
121998,94,adaptive-prasle,2355,1,0,0,44,0,616,0,1,94,119643,2355,0,45,0,0,0,LEADER,1,0,0,0,0,44
121568,45,adaptive-prasle,1925,1,0,0,44,0,616,0,1,45,119643,1925,0,45,0,0,0,LEADER,1,0,0,0,0,44
121941,60,adaptive-prasle,2298,1,0,0,44,0,616,0,1,60,119643,2298,0,45,0,0,0,LEADER,1,0,0,0,0,44
122046,44,adaptive-prasle,1483,1,0,0,44,0,616,0,1,44,120563,1483,0,45,0,0,0,LEADER,1,0,0,0,0,44
121650,33,adaptive-prasle,2007,1,0,0,44,0,616,0,1,33,119643,2007,0,45,0,0,0,LEADER,1,0,0,0,0,44
121295,51,adaptive-prasle,1652,1,0,0,44,0,616,0,1,51,119643,1652,0,45,0,0,0,LEADER,1,0,0,0,0,44
122094,22,adaptive-prasle,1531,1,0,0,44,0,616,0,1,22,120563,1531,0,45,0,0,0,LEADER,1,0,0,0,0,44
121805,72,adaptive-prasle,2162,1,0,0,44,0,616,0,1,72,119643,2162,0,45,0,0,0,LEADER,1,0,0,0,0,44
121595,24,adaptive-prasle,1952,1,0,0,44,0,616,0,1,24,119643,1952,0,45,0,0,0,LEADER,1,0,0,0,0,44
122126,32,adaptive-prasle,1564,1,0,0,44,0,616,0,1,32,120562,1564,0,45,0,0,0,LEADER,1,0,0,0,0,44
121314,93,adaptive-prasle,1671,1,0,0,44,0,616,0,1,93,119643,1671,0,45,0,0,0,LEADER,1,0,0,0,0,44
121986,69,adaptive-prasle,2343,1,0,0,44,0,616,0,1,69,119643,2343,0,45,0,0,0,LEADER,1,0,0,0,0,44
121973,79,adaptive-prasle,2331,1,0,0,44,0,616,0,1,79,119642,2331,0,45,0,0,0,LEADER,1,0,0,0,0,44
121668,75,adaptive-prasle,2025,1,0,0,44,0,616,0,1,75,119643,2025,0,45,0,0,0,LEADER,1,0,0,0,0,44
121395,81,adaptive-prasle,1752,1,0,0,44,0,616,0,1,81,119643,1752,0,45,0,0,0,LEADER,1,0,0,0,0,44
121253,52,adaptive-prasle,1610,1,0,0,44,0,616,0,1,52,119643,1610,0,45,0,0,0,LEADER,1,0,0,0,0,44
121732,21,adaptive-prasle,2088,1,0,0,44,0,616,0,1,21,119644,2088,0,45,0,0,0,LEADER,1,0,0,0,0,44
121908,29,adaptive-prasle,2265,1,0,0,44,0,616,0,1,29,119643,2265,0,45,0,0,0,LEADER,1,0,0,0,0,44
121484,100,adaptive-prasle,1841,1,0,0,44,0,616,0,1,100,119643,1841,0,45,0,0,0,LEADER,1,0,0,0,0,44
121329,61,adaptive-prasle,1686,1,0,0,44,0,616,0,1,61,119643,1686,0,45,0,0,0,LEADER,1,0,0,0,0,44
121893,91,adaptive-prasle,2250,1,0,0,44,0,616,0,1,91,119643,2250,0,45,0,0,0,LEADER,1,0,0,0,0,44
121853,37,adaptive-prasle,2210,1,0,0,44,0,616,0,1,37,119643,2210,0,45,0,0,0,LEADER,1,0,0,0,0,44
121396,38,adaptive-prasle,1755,1,0,0,44,0,616,0,1,38,119641,1755,0,45,0,0,0,LEADER,1,0,0,0,0,44
122062,98,adaptive-prasle,2419,1,0,0,44,0,616,0,1,98,119643,2419,0,45,0,0,0,LEADER,1,0,0,0,0,44
121920,27,adaptive-prasle,2280,1,0,0,44,0,616,0,1,27,119640,2280,0,45,0,0,0,LEADER,1,0,0,0,0,44
121771,62,adaptive-prasle,2128,1,0,0,44,0,616,0,1,62,119643,2128,0,45,0,0,0,LEADER,1,0,0,0,0,44
121580,56,adaptive-prasle,1937,1,0,0,44,0,616,0,1,56,119643,1937,0,45,0,0,0,LEADER,1,0,0,0,0,44
121968,99,adaptive-prasle,2328,1,0,0,44,0,616,0,1,99,119640,2328,0,45,0,0,0,LEADER,1,0,0,0,0,44
121847,48,adaptive-prasle,2202,1,0,0,44,0,616,0,1,48,119645,2202,0,45,0,0,0,LEADER,1,0,0,0,0,44
121362,71,adaptive-prasle,1719,1,0,0,44,0,616,0,1,71,119643,1719,0,45,0,0,0,LEADER,1,0,0,0,0,44
121587,87,adaptive-prasle,1944,1,0,0,44,0,616,0,1,87,119643,1944,0,45,0,0,0,LEADER,1,0,0,0,0,44
121513,36,adaptive-prasle,1870,1,0,0,44,0,616,0,1,36,119643,1870,0,45,0,0,0,LEADER,1,0,0,0,0,44
122009,77,adaptive-prasle,1446,1,0,0,44,0,616,0,1,77,120563,1446,0,45,0,0,0,LEADER,1,0,0,0,0,44
122202,83,adaptive-prasle,1637,1,0,0,44,0,616,0,1,83,120565,1637,0,45,0,0,0,LEADER,1,0,0,0,0,44
121702,85,adaptive-prasle,2059,1,0,0,44,0,616,0,1,85,119643,2059,0,45,0,0,0,LEADER,1,0,0,0,0,44
122230,19,adaptive-prasle,1667,1,0,0,44,0,616,0,1,19,120563,1667,0,45,0,0,0,LEADER,1,0,0,0,0,44
122385,65,adaptive-prasle,1822,1,0,0,44,0,616,0,1,65,120563,1822,0,45,0,0,0,LEADER,1,0,0,0,0,44
121991,35,adaptive-prasle,1428,1,0,0,44,0,616,0,1,35,120563,1428,0,45,0,0,0,LEADER,1,0,0,0,0,44
122006,86,adaptive-prasle,1443,1,0,0,44,0,616,0,1,86,120563,1443,0,45,0,0,0,LEADER,1,0,0,0,0,44
122049,50,adaptive-prasle,2406,1,0,0,44,0,616,0,1,50,119643,2406,0,45,0,0,0,LEADER,1,0,0,0,0,44
122064,55,adaptive-prasle,1501,1,0,0,44,0,616,0,1,55,120563,1501,0,45,0,0,0,LEADER,1,0,0,0,0,44
122103,63,adaptive-prasle,1540,1,0,0,44,0,616,0,1,63,120563,1540,0,45,0,0,0,LEADER,1,0,0,0,0,44
122467,46,adaptive-prasle,1904,1,0,0,44,0,616,0,1,46,120563,1904,0,45,0,0,0,LEADER,1,0,0,0,0,44
122262,53,adaptive-prasle,1701,1,0,0,44,0,616,0,1,53,120561,1701,0,45,0,0,0,LEADER,1,0,0,0,0,44
121617,23,adaptive-prasle,1974,1,0,0,44,0,616,0,1,23,119643,1974,0,45,0,0,0,LEADER,1,0,0,0,0,44
122485,88,adaptive-prasle,1922,1,0,0,44,0,616,0,1,88,120563,1922,0,45,0,0,0,LEADER,1,0,0,0,0,44
122286,15,adaptive-prasle,2361,1,0,0,9,10,126,140,3,3,119925,2361,0,5,0,0,0,NORMAL,0,0,0,0,0,9
122012,34,adaptive-prasle,1449,1,0,0,44,0,616,0,1,34,120563,1449,0,45,0,0,0,LEADER,1,0,0,0,0,44
121620,97,adaptive-prasle,1977,1,0,0,44,0,616,0,1,97,119643,1977,0,45,0,0,0,LEADER,1,0,0,0,0,44
121740,20,adaptive-prasle,2095,1,0,0,44,0,616,0,1,20,119645,2095,0,45,0,0,0,LEADER,1,0,0,0,0,44
121820,40,adaptive-prasle,2177,1,0,0,44,0,616,0,1,40,119643,2177,0,45,0,0,0,LEADER,1,0,0,0,0,44
121743,47,adaptive-prasle,2100,1,0,0,44,0,616,0,1,47,119643,2100,0,45,0,0,0,LEADER,1,0,0,0,0,44
122655,95,adaptive-prasle,2092,1,0,0,44,0,616,0,1,95,120563,2092,0,45,0,0,0,LEADER,1,0,0,0,0,44
122038,25,adaptive-prasle,2395,1,0,0,44,0,616,0,1,25,119643,2395,0,45,0,0,0,LEADER,1,0,0,0,0,44
122643,84,adaptive-prasle,2080,1,0,0,44,0,616,0,1,84,120563,2080,0,45,0,0,0,LEADER,1,0,0,0,0,44
121920,70,adaptive-prasle,2277,1,0,0,44,0,616,0,1,70,119643,2277,0,45,0,0,0,LEADER,1,0,0,0,0,44
121838,82,adaptive-prasle,2195,1,0,0,44,0,616,0,1,82,119643,2195,0,45,0,0,0,LEADER,1,0,0,0,0,44
122056,67,adaptive-prasle,2413,1,0,0,44,0,616,0,1,67,119643,2413,0,45,0,0,0,LEADER,1,0,0,0,0,44
122008,89,adaptive-prasle,2365,1,0,0,44,0,616,0,1,89,119643,2365,0,45,0,0,0,LEADER,1,0,0,0,0,44
122676,28,adaptive-prasle,2113,1,0,0,44,0,616,0,1,28,120563,2113,0,45,0,0,0,LEADER,1,0,0,0,0,44
122418,68,adaptive-prasle,1855,1,0,0,44,0,616,0,1,68,120563,1855,0,45,0,0,0,LEADER,1,0,0,0,0,44
122370,90,adaptive-prasle,1807,1,0,0,44,0,616,0,1,90,120563,1807,0,45,0,0,0,LEADER,1,0,0,0,0,44
122031,76,adaptive-prasle,1468,1,0,0,44,0,616,0,1,76,120563,1468,0,45,0,0,0,LEADER,1,0,0,0,0,44
122352,10,adaptive-prasle,1789,1,0,0,44,0,616,0,1,10,120563,1789,0,45,0,0,0,LEADER,1,0,0,0,0,44
122784,58,adaptive-prasle,2221,1,0,0,44,0,616,0,1,58,120563,2221,0,45,0,0,0,LEADER,1,0,0,0,0,44
122167,73,adaptive-prasle,1604,1,0,0,44,0,616,0,1,73,120563,1604,0,45,0,0,0,LEADER,1,0,0,0,0,44
121908,59,adaptive-prasle,2265,1,0,0,44,0,616,0,1,59,119643,2265,0,45,0,0,0,LEADER,1,0,0,0,0,44
122182,41,adaptive-prasle,1619,1,0,0,44,0,616,0,1,41,120563,1619,0,45,0,0,0,LEADER,1,0,0,0,0,44
122097,96,adaptive-prasle,1534,1,0,0,44,0,616,0,1,96,120563,1534,0,45,0,0,0,LEADER,1,0,0,0,0,44
122330,49,adaptive-prasle,1767,1,0,0,44,0,616,0,1,49,120563,1767,0,45,0,0,0,LEADER,1,0,0,0,0,44
122399,74,adaptive-prasle,1837,1,0,0,44,0,616,0,1,74,120562,1837,0,45,0,0,0,LEADER,1,0,0,0,0,44
122791,92,adaptive-prasle,2228,1,0,0,44,0,616,0,1,92,120563,2228,0,45,0,0,0,LEADER,1,0,0,0,0,44
121999,66,adaptive-prasle,1434,1,0,0,44,0,616,0,1,66,120565,1434,0,45,0,0,0,LEADER,1,0,0,0,0,44
122023,57,adaptive-prasle,2380,1,0,0,44,0,616,0,1,57,119643,2380,0,45,0,0,0,LEADER,1,0,0,0,0,44
122823,78,adaptive-prasle,2260,1,0,0,44,0,616,0,1,78,120563,2260,0,45,0,0,0,LEADER,1,0,0,0,0,44
121989,39,adaptive-prasle,2346,1,0,0,44,0,616,0,1,39,119643,2346,0,45,0,0,0,LEADER,1,0,0,0,0,44
122706,30,adaptive-prasle,2143,1,0,0,44,0,616,0,1,30,120563,2143,0,45,0,0,0,LEADER,1,0,0,0,0,44
122112,64,adaptive-prasle,1549,1,0,0,44,0,616,0,1,64,120563,1549,0,45,0,0,0,LEADER,1,0,0,0,0,44
122337,80,adaptive-prasle,1774,1,0,0,44,0,616,0,1,80,120563,1774,0,45,0,0,0,LEADER,1,0,0,0,0,44
122077,54,adaptive-prasle,1516,1,0,0,44,0,616,0,1,54,120561,1516,0,45,0,0,0,LEADER,1,0,0,0,0,44
122603,43,adaptive-prasle,2040,1,0,0,44,0,616,0,1,43,120563,2040,0,45,0,0,0,LEADER,1,0,0,0,0,44
122523,26,adaptive-prasle,1960,1,0,0,44,0,616,0,1,26,120563,1960,0,45,0,0,0,LEADER,1,0,0,0,0,44
122152,42,adaptive-prasle,1591,1,0,0,44,0,616,0,1,42,120561,1591,0,45,0,0,0,LEADER,1,0,0,0,0,44
122161,31,adaptive-prasle,1598,1,0,0,44,0,616,0,1,31,120563,1598,0,45,0,0,0,LEADER,1,0,0,0,0,44
122918,94,adaptive-prasle,2355,1,0,0,44,0,616,0,1,94,120563,2355,0,45,0,0,0,LEADER,1,0,0,0,0,44
122488,45,adaptive-prasle,1925,1,0,0,44,0,616,0,1,45,120563,1925,0,45,0,0,0,LEADER,1,0,0,0,0,44
122861,60,adaptive-prasle,2298,1,0,0,44,0,616,0,1,60,120563,2298,0,45,0,0,0,LEADER,1,0,0,0,0,44
122967,44,adaptive-prasle,1483,1,0,0,45,0,630,0,1,44,121484,1483,0,46,0,0,0,LEADER,1,0,0,0,0,45
122570,33,adaptive-prasle,2007,1,0,0,44,0,616,0,1,33,120563,2007,0,45,0,0,0,LEADER,1,0,0,0,0,44
122215,51,adaptive-prasle,1652,1,0,0,44,0,616,0,1,51,120563,1652,0,45,0,0,0,LEADER,1,0,0,0,0,44
122725,72,adaptive-prasle,2162,1,0,0,44,0,616,0,1,72,120563,2162,0,45,0,0,0,LEADER,1,0,0,0,0,44
123015,22,adaptive-prasle,1531,1,0,0,45,0,630,0,1,22,121484,1531,0,46,0,0,0,LEADER,1,0,0,0,0,45
122515,24,adaptive-prasle,1952,1,0,0,44,0,616,0,1,24,120563,1952,0,45,0,0,0,LEADER,1,0,0,0,0,44
123047,32,adaptive-prasle,1564,1,0,0,45,0,630,0,1,32,121483,1564,0,46,0,0,0,LEADER,1,0,0,0,0,45
122234,93,adaptive-prasle,1671,1,0,0,44,0,616,0,1,93,120563,1671,0,45,0,0,0,LEADER,1,0,0,0,0,44
122906,69,adaptive-prasle,2343,1,0,0,44,0,616,0,1,69,120563,2343,0,45,0,0,0,LEADER,1,0,0,0,0,44
122893,79,adaptive-prasle,2331,1,0,0,44,0,616,0,1,79,120562,2331,0,45,0,0,0,LEADER,1,0,0,0,0,44
122588,75,adaptive-prasle,2025,1,0,0,44,0,616,0,1,75,120563,2025,0,45,0,0,0,LEADER,1,0,0,0,0,44
122315,81,adaptive-prasle,1752,1,0,0,44,0,616,0,1,81,120563,1752,0,45,0,0,0,LEADER,1,0,0,0,0,44
122173,52,adaptive-prasle,1610,1,0,0,44,0,616,0,1,52,120563,1610,0,45,0,0,0,LEADER,1,0,0,0,0,44
122652,21,adaptive-prasle,2088,1,0,0,44,0,616,0,1,21,120564,2088,0,45,0,0,0,LEADER,1,0,0,0,0,44
122828,29,adaptive-prasle,2265,1,0,0,44,0,616,0,1,29,120563,2265,0,45,0,0,0,LEADER,1,0,0,0,0,44
122404,100,adaptive-prasle,1841,1,0,0,44,0,616,0,1,100,120563,1841,0,45,0,0,0,LEADER,1,0,0,0,0,44
122249,61,adaptive-prasle,1686,1,0,0,44,0,616,0,1,61,120563,1686,0,45,0,0,0,LEADER,1,0,0,0,0,44
122813,91,adaptive-prasle,2250,1,0,0,44,0,616,0,1,91,120563,2250,0,45,0,0,0,LEADER,1,0,0,0,0,44
122773,37,adaptive-prasle,2210,1,0,0,44,0,616,0,1,37,120563,2210,0,45,0,0,0,LEADER,1,0,0,0,0,44
122316,38,adaptive-prasle,1755,1,0,0,44,0,616,0,1,38,120561,1755,0,45,0,0,0,LEADER,1,0,0,0,0,44
122982,98,adaptive-prasle,2419,1,0,0,44,0,616,0,1,98,120563,2419,0,45,0,0,0,LEADER,1,0,0,0,0,44
122840,27,adaptive-prasle,2280,1,0,0,44,0,616,0,1,27,120560,2280,0,45,0,0,0,LEADER,1,0,0,0,0,44
122691,62,adaptive-prasle,2128,1,0,0,44,0,616,0,1,62,120563,2128,0,45,0,0,0,LEADER,1,0,0,0,0,44
122500,56,adaptive-prasle,1937,1,0,0,44,0,616,0,1,56,120563,1937,0,45,0,0,0,LEADER,1,0,0,0,0,44
122888,99,adaptive-prasle,2328,1,0,0,44,0,616,0,1,99,120560,2328,0,45,0,0,0,LEADER,1,0,0,0,0,44
122767,48,adaptive-prasle,2202,1,0,0,44,0,616,0,1,48,120565,2202,0,45,0,0,0,LEADER,1,0,0,0,0,44
122282,71,adaptive-prasle,1719,1,0,0,44,0,616,0,1,71,120563,1719,0,45,0,0,0,LEADER,1,0,0,0,0,44
122507,87,adaptive-prasle,1944,1,0,0,44,0,616,0,1,87,120563,1944,0,45,0,0,0,LEADER,1,0,0,0,0,44
122433,36,adaptive-prasle,1870,1,0,0,44,0,616,0,1,36,120563,1870,0,45,0,0,0,LEADER,1,0,0,0,0,44
122930,77,adaptive-prasle,1446,1,0,0,45,0,630,0,1,77,121484,1446,0,46,0,0,0,LEADER,1,0,0,0,0,45
123123,83,adaptive-prasle,1637,1,0,0,45,0,630,0,1,83,121486,1637,0,46,0,0,0,LEADER,1,0,0,0,0,45
122622,85,adaptive-prasle,2059,1,0,0,44,0,616,0,1,85,120563,2059,0,45,0,0,0,LEADER,1,0,0,0,0,44
123151,19,adaptive-prasle,1667,1,0,0,45,0,630,0,1,19,121484,1667,0,46,0,0,0,LEADER,1,0,0,0,0,45
123306,65,adaptive-prasle,1822,1,0,0,45,0,630,0,1,65,121484,1822,0,46,0,0,0,LEADER,1,0,0,0,0,45
122912,35,adaptive-prasle,1428,1,0,0,45,0,630,0,1,35,121484,1428,0,46,0,0,0,LEADER,1,0,0,0,0,45
122927,86,adaptive-prasle,1443,1,0,0,45,0,630,0,1,86,121484,1443,0,46,0,0,0,LEADER,1,0,0,0,0,45
122969,50,adaptive-prasle,2406,1,0,0,44,0,616,0,1,50,120563,2406,0,45,0,0,0,LEADER,1,0,0,0,0,44
122985,55,adaptive-prasle,1501,1,0,0,45,0,630,0,1,55,121484,1501,0,46,0,0,0,LEADER,1,0,0,0,0,45
123024,63,adaptive-prasle,1540,1,0,0,45,0,630,0,1,63,121484,1540,0,46,0,0,0,LEADER,1,0,0,0,0,45
123388,46,adaptive-prasle,1904,1,0,0,45,0,630,0,1,46,121484,1904,0,46,0,0,0,LEADER,1,0,0,0,0,45
123183,53,adaptive-prasle,1701,1,0,0,45,0,630,0,1,53,121482,1701,0,46,0,0,0,LEADER,1,0,0,0,0,45
122537,23,adaptive-prasle,1974,1,0,0,44,0,616,0,1,23,120563,1974,0,45,0,0,0,LEADER,1,0,0,0,0,44
123406,88,adaptive-prasle,1922,1,0,0,45,0,630,0,1,88,121484,1922,0,46,0,0,0,LEADER,1,0,0,0,0,45
122933,34,adaptive-prasle,1449,1,0,0,45,0,630,0,1,34,121484,1449,0,46,0,0,0,LEADER,1,0,0,0,0,45
122540,97,adaptive-prasle,1977,1,0,0,44,0,616,0,1,97,120563,1977,0,45,0,0,0,LEADER,1,0,0,0,0,44
122660,20,adaptive-prasle,2095,1,0,0,44,0,616,0,1,20,120565,2095,0,45,0,0,0,LEADER,1,0,0,0,0,44
122740,40,adaptive-prasle,2177,1,0,0,44,0,616,0,1,40,120563,2177,0,45,0,0,0,LEADER,1,0,0,0,0,44
122663,47,adaptive-prasle,2100,1,0,0,44,0,616,0,1,47,120563,2100,0,45,0,0,0,LEADER,1,0,0,0,0,44
123576,95,adaptive-prasle,2092,1,0,0,45,0,630,0,1,95,121484,2092,0,46,0,0,0,LEADER,1,0,0,0,0,45
122958,25,adaptive-prasle,2395,1,0,0,44,0,616,0,1,25,120563,2395,0,45,0,0,0,LEADER,1,0,0,0,0,44
123564,84,adaptive-prasle,2080,1,0,0,45,0,630,0,1,84,121484,2080,0,46,0,0,0,LEADER,1,0,0,0,0,45
122840,70,adaptive-prasle,2277,1,0,0,44,0,616,0,1,70,120563,2277,0,45,0,0,0,LEADER,1,0,0,0,0,44
122758,82,adaptive-prasle,2195,1,0,0,44,0,616,0,1,82,120563,2195,0,45,0,0,0,LEADER,1,0,0,0,0,44
122976,67,adaptive-prasle,2413,1,0,0,44,0,616,0,1,67,120563,2413,0,45,0,0,0,LEADER,1,0,0,0,0,44
122928,89,adaptive-prasle,2365,1,0,0,44,0,616,0,1,89,120563,2365,0,45,0,0,0,LEADER,1,0,0,0,0,44
123597,28,adaptive-prasle,2113,1,0,0,45,0,630,0,1,28,121484,2113,0,46,0,0,0,LEADER,1,0,0,0,0,45
123339,68,adaptive-prasle,1855,1,0,0,45,0,630,0,1,68,121484,1855,0,46,0,0,0,LEADER,1,0,0,0,0,45
123291,90,adaptive-prasle,1807,1,0,0,45,0,630,0,1,90,121484,1807,0,46,0,0,0,LEADER,1,0,0,0,0,45
122952,76,adaptive-prasle,1468,1,0,0,45,0,630,0,1,76,121484,1468,0,46,0,0,0,LEADER,1,0,0,0,0,45
123273,10,adaptive-prasle,1789,1,0,0,45,0,630,0,1,10,121484,1789,0,46,0,0,0,LEADER,1,0,0,0,0,45
123705,58,adaptive-prasle,2221,1,0,0,45,0,630,0,1,58,121484,2221,0,46,0,0,0,LEADER,1,0,0,0,0,45
123088,73,adaptive-prasle,1604,1,0,0,45,0,630,0,1,73,121484,1604,0,46,0,0,0,LEADER,1,0,0,0,0,45
122828,59,adaptive-prasle,2265,1,0,0,44,0,616,0,1,59,120563,2265,0,45,0,0,0,LEADER,1,0,0,0,0,44
123103,41,adaptive-prasle,1619,1,0,0,45,0,630,0,1,41,121484,1619,0,46,0,0,0,LEADER,1,0,0,0,0,45
123018,96,adaptive-prasle,1534,1,0,0,45,0,630,0,1,96,121484,1534,0,46,0,0,0,LEADER,1,0,0,0,0,45
123251,49,adaptive-prasle,1767,1,0,0,45,0,630,0,1,49,121484,1767,0,46,0,0,0,LEADER,1,0,0,0,0,45
123320,74,adaptive-prasle,1837,1,0,0,45,0,630,0,1,74,121483,1837,0,46,0,0,0,LEADER,1,0,0,0,0,45
123712,92,adaptive-prasle,2228,1,0,0,45,0,630,0,1,92,121484,2228,0,46,0,0,0,LEADER,1,0,0,0,0,45
122920,66,adaptive-prasle,1434,1,0,0,45,0,630,0,1,66,121486,1434,0,46,0,0,0,LEADER,1,0,0,0,0,45
122943,57,adaptive-prasle,2380,1,0,0,44,0,616,0,1,57,120563,2380,0,45,0,0,0,LEADER,1,0,0,0,0,44
123744,78,adaptive-prasle,2260,1,0,0,45,0,630,0,1,78,121484,2260,0,46,0,0,0,LEADER,1,0,0,0,0,45
122909,39,adaptive-prasle,2346,1,0,0,44,0,616,0,1,39,120563,2346,0,45,0,0,0,LEADER,1,0,0,0,0,44
123627,30,adaptive-prasle,2143,1,0,0,45,0,630,0,1,30,121484,2143,0,46,0,0,0,LEADER,1,0,0,0,0,45
123033,64,adaptive-prasle,1549,1,0,0,45,0,630,0,1,64,121484,1549,0,46,0,0,0,LEADER,1,0,0,0,0,45
123258,80,adaptive-prasle,1774,1,0,0,45,0,630,0,1,80,121484,1774,0,46,0,0,0,LEADER,1,0,0,0,0,45
122998,54,adaptive-prasle,1516,1,0,0,45,0,630,0,1,54,121482,1516,0,46,0,0,0,LEADER,1,0,0,0,0,45
123524,43,adaptive-prasle,2040,1,0,0,45,0,630,0,1,43,121484,2040,0,46,0,0,0,LEADER,1,0,0,0,0,45
123444,26,adaptive-prasle,1960,1,0,0,45,0,630,0,1,26,121484,1960,0,46,0,0,0,LEADER,1,0,0,0,0,45
123073,42,adaptive-prasle,1591,1,0,0,45,0,630,0,1,42,121482,1591,0,46,0,0,0,LEADER,1,0,0,0,0,45
123082,31,adaptive-prasle,1598,1,0,0,45,0,630,0,1,31,121484,1598,0,46,0,0,0,LEADER,1,0,0,0,0,45
123839,94,adaptive-prasle,2355,1,0,0,45,0,630,0,1,94,121484,2355,0,46,0,0,0,LEADER,1,0,0,0,0,45
123409,45,adaptive-prasle,1925,1,0,0,45,0,630,0,1,45,121484,1925,0,46,0,0,0,LEADER,1,0,0,0,0,45
123782,60,adaptive-prasle,2298,1,0,0,45,0,630,0,1,60,121484,2298,0,46,0,0,0,LEADER,1,0,0,0,0,45
123887,44,adaptive-prasle,1483,1,0,0,45,0,630,0,1,44,122404,1483,0,46,0,0,0,LEADER,1,0,0,0,0,45
123491,33,adaptive-prasle,2007,1,0,0,45,0,630,0,1,33,121484,2007,0,46,0,0,0,LEADER,1,0,0,0,0,45
123136,51,adaptive-prasle,1652,1,0,0,45,0,630,0,1,51,121484,1652,0,46,0,0,0,LEADER,1,0,0,0,0,45
123935,22,adaptive-prasle,1531,1,0,0,45,0,630,0,1,22,122404,1531,0,46,0,0,0,LEADER,1,0,0,0,0,45
123646,72,adaptive-prasle,2162,1,0,0,45,0,630,0,1,72,121484,2162,0,46,0,0,0,LEADER,1,0,0,0,0,45
123436,24,adaptive-prasle,1952,1,0,0,45,0,630,0,1,24,121484,1952,0,46,0,0,0,LEADER,1,0,0,0,0,45
123967,32,adaptive-prasle,1564,1,0,0,45,0,630,0,1,32,122403,1564,0,46,0,0,0,LEADER,1,0,0,0,0,45
123155,93,adaptive-prasle,1671,1,0,0,45,0,630,0,1,93,121484,1671,0,46,0,0,0,LEADER,1,0,0,0,0,45
123827,69,adaptive-prasle,2343,1,0,0,45,0,630,0,1,69,121484,2343,0,46,0,0,0,LEADER,1,0,0,0,0,45
123814,79,adaptive-prasle,2331,1,0,0,45,0,630,0,1,79,121483,2331,0,46,0,0,0,LEADER,1,0,0,0,0,45
123509,75,adaptive-prasle,2025,1,0,0,45,0,630,0,1,75,121484,2025,0,46,0,0,0,LEADER,1,0,0,0,0,45
123236,81,adaptive-prasle,1752,1,0,0,45,0,630,0,1,81,121484,1752,0,46,0,0,0,LEADER,1,0,0,0,0,45
123094,52,adaptive-prasle,1610,1,0,0,45,0,630,0,1,52,121484,1610,0,46,0,0,0,LEADER,1,0,0,0,0,45
123749,29,adaptive-prasle,2265,1,0,0,45,0,630,0,1,29,121484,2265,0,46,0,0,0,LEADER,1,0,0,0,0,45
123573,21,adaptive-prasle,2088,1,0,0,45,0,630,0,1,21,121485,2088,0,46,0,0,0,LEADER,1,0,0,0,0,45
123325,100,adaptive-prasle,1841,1,0,0,45,0,630,0,1,100,121484,1841,0,46,0,0,0,LEADER,1,0,0,0,0,45
123170,61,adaptive-prasle,1686,1,0,0,45,0,630,0,1,61,121484,1686,0,46,0,0,0,LEADER,1,0,0,0,0,45
123734,91,adaptive-prasle,2250,1,0,0,45,0,630,0,1,91,121484,2250,0,46,0,0,0,LEADER,1,0,0,0,0,45
123694,37,adaptive-prasle,2210,1,0,0,45,0,630,0,1,37,121484,2210,0,46,0,0,0,LEADER,1,0,0,0,0,45
123237,38,adaptive-prasle,1755,1,0,0,45,0,630,0,1,38,121482,1755,0,46,0,0,0,LEADER,1,0,0,0,0,45
123903,98,adaptive-prasle,2419,1,0,0,45,0,630,0,1,98,121484,2419,0,46,0,0,0,LEADER,1,0,0,0,0,45
123761,27,adaptive-prasle,2280,1,0,0,45,0,630,0,1,27,121481,2280,0,46,0,0,0,LEADER,1,0,0,0,0,45
123612,62,adaptive-prasle,2128,1,0,0,45,0,630,0,1,62,121484,2128,0,46,0,0,0,LEADER,1,0,0,0,0,45
123421,56,adaptive-prasle,1937,1,0,0,45,0,630,0,1,56,121484,1937,0,46,0,0,0,LEADER,1,0,0,0,0,45
123809,99,adaptive-prasle,2328,1,0,0,45,0,630,0,1,99,121481,2328,0,46,0,0,0,LEADER,1,0,0,0,0,45
123688,48,adaptive-prasle,2202,1,0,0,45,0,630,0,1,48,121486,2202,0,46,0,0,0,LEADER,1,0,0,0,0,45
123203,71,adaptive-prasle,1719,1,0,0,45,0,630,0,1,71,121484,1719,0,46,0,0,0,LEADER,1,0,0,0,0,45
123428,87,adaptive-prasle,1944,1,0,0,45,0,630,0,1,87,121484,1944,0,46,0,0,0,LEADER,1,0,0,0,0,45
123354,36,adaptive-prasle,1870,1,0,0,45,0,630,0,1,36,121484,1870,0,46,0,0,0,LEADER,1,0,0,0,0,45
123850,77,adaptive-prasle,1446,1,0,0,45,0,630,0,1,77,122404,1446,0,46,0,0,0,LEADER,1,0,0,0,0,45
124043,83,adaptive-prasle,1637,1,0,0,45,0,630,0,1,83,122406,1637,0,46,0,0,0,LEADER,1,0,0,0,0,45
123543,85,adaptive-prasle,2059,1,0,0,45,0,630,0,1,85,121484,2059,0,46,0,0,0,LEADER,1,0,0,0,0,45
124071,19,adaptive-prasle,1667,1,0,0,45,0,630,0,1,19,122404,1667,0,46,0,0,0,LEADER,1,0,0,0,0,45
124226,65,adaptive-prasle,1822,1,0,0,45,0,630,0,1,65,122404,1822,0,46,0,0,0,LEADER,1,0,0,0,0,45
123832,35,adaptive-prasle,1428,1,0,0,45,0,630,0,1,35,122404,1428,0,46,0,0,0,LEADER,1,0,0,0,0,45
123847,86,adaptive-prasle,1443,1,0,0,45,0,630,0,1,86,122404,1443,0,46,0,0,0,LEADER,1,0,0,0,0,45
123890,50,adaptive-prasle,2406,1,0,0,45,0,630,0,1,50,121484,2406,0,46,0,0,0,LEADER,1,0,0,0,0,45
123887,16,adaptive-prasle,1805,1,0,0,13,11,182,154,4,6,122082,1805,0,5,0,0,0,NORMAL,0,0,0,0,0,13
123905,55,adaptive-prasle,1501,1,0,0,45,0,630,0,1,55,122404,1501,0,46,0,0,0,LEADER,1,0,0,0,0,45
123944,63,adaptive-prasle,1540,1,0,0,45,0,630,0,1,63,122404,1540,0,46,0,0,0,LEADER,1,0,0,0,0,45
124308,46,adaptive-prasle,1904,1,0,0,45,0,630,0,1,46,122404,1904,0,46,0,0,0,LEADER,1,0,0,0,0,45
124103,53,adaptive-prasle,1701,1,0,0,45,0,630,0,1,53,122402,1701,0,46,0,0,0,LEADER,1,0,0,0,0,45
123458,23,adaptive-prasle,1974,1,0,0,45,0,630,0,1,23,121484,1974,0,46,0,0,0,LEADER,1,0,0,0,0,45
124326,88,adaptive-prasle,1922,1,0,0,45,0,630,0,1,88,122404,1922,0,46,0,0,0,LEADER,1,0,0,0,0,45
123853,34,adaptive-prasle,1449,1,0,0,45,0,630,0,1,34,122404,1449,0,46,0,0,0,LEADER,1,0,0,0,0,45
123461,97,adaptive-prasle,1977,1,0,0,45,0,630,0,1,97,121484,1977,0,46,0,0,0,LEADER,1,0,0,0,0,45
123581,20,adaptive-prasle,2095,1,0,0,45,0,630,0,1,20,121486,2095,0,46,0,0,0,LEADER,1,0,0,0,0,45
123661,40,adaptive-prasle,2177,1,0,0,45,0,630,0,1,40,121484,2177,0,46,0,0,0,LEADER,1,0,0,0,0,45
123584,47,adaptive-prasle,2100,1,0,0,45,0,630,0,1,47,121484,2100,0,46,0,0,0,LEADER,1,0,0,0,0,45
124496,95,adaptive-prasle,2092,1,0,0,45,0,630,0,1,95,122404,2092,0,46,0,0,0,LEADER,1,0,0,0,0,45
123879,25,adaptive-prasle,2395,1,0,0,45,0,630,0,1,25,121484,2395,0,46,0,0,0,LEADER,1,0,0,0,0,45
124484,84,adaptive-prasle,2080,1,0,0,45,0,630,0,1,84,122404,2080,0,46,0,0,0,LEADER,1,0,0,0,0,45
123761,70,adaptive-prasle,2277,1,0,0,45,0,630,0,1,70,121484,2277,0,46,0,0,0,LEADER,1,0,0,0,0,45
123679,82,adaptive-prasle,2195,1,0,0,45,0,630,0,1,82,121484,2195,0,46,0,0,0,LEADER,1,0,0,0,0,45
123897,67,adaptive-prasle,2413,1,0,0,45,0,630,0,1,67,121484,2413,0,46,0,0,0,LEADER,1,0,0,0,0,45
123849,89,adaptive-prasle,2365,1,0,0,45,0,630,0,1,89,121484,2365,0,46,0,0,0,LEADER,1,0,0,0,0,45
124517,28,adaptive-prasle,2113,1,0,0,45,0,630,0,1,28,122404,2113,0,46,0,0,0,LEADER,1,0,0,0,0,45
124259,68,adaptive-prasle,1855,1,0,0,45,0,630,0,1,68,122404,1855,0,46,0,0,0,LEADER,1,0,0,0,0,45
124211,90,adaptive-prasle,1807,1,0,0,45,0,630,0,1,90,122404,1807,0,46,0,0,0,LEADER,1,0,0,0,0,45
123872,76,adaptive-prasle,1468,1,0,0,45,0,630,0,1,76,122404,1468,0,46,0,0,0,LEADER,1,0,0,0,0,45
124193,10,adaptive-prasle,1789,1,0,0,45,0,630,0,1,10,122404,1789,0,46,0,0,0,LEADER,1,0,0,0,0,45
124625,58,adaptive-prasle,2221,1,0,0,45,0,630,0,1,58,122404,2221,0,46,0,0,0,LEADER,1,0,0,0,0,45
124008,73,adaptive-prasle,1604,1,0,0,45,0,630,0,1,73,122404,1604,0,46,0,0,0,LEADER,1,0,0,0,0,45
123749,59,adaptive-prasle,2265,1,0,0,45,0,630,0,1,59,121484,2265,0,46,0,0,0,LEADER,1,0,0,0,0,45
124023,41,adaptive-prasle,1619,1,0,0,45,0,630,0,1,41,122404,1619,0,46,0,0,0,LEADER,1,0,0,0,0,45
123938,96,adaptive-prasle,1534,1,0,0,45,0,630,0,1,96,122404,1534,0,46,0,0,0,LEADER,1,0,0,0,0,45
124171,49,adaptive-prasle,1767,1,0,0,45,0,630,0,1,49,122404,1767,0,46,0,0,0,LEADER,1,0,0,0,0,45
124240,74,adaptive-prasle,1837,1,0,0,45,0,630,0,1,74,122403,1837,0,46,0,0,0,LEADER,1,0,0,0,0,45
124632,92,adaptive-prasle,2228,1,0,0,45,0,630,0,1,92,122404,2228,0,46,0,0,0,LEADER,1,0,0,0,0,45
123840,66,adaptive-prasle,1434,1,0,0,45,0,630,0,1,66,122406,1434,0,46,0,0,0,LEADER,1,0,0,0,0,45
123864,57,adaptive-prasle,2380,1,0,0,45,0,630,0,1,57,121484,2380,0,46,0,0,0,LEADER,1,0,0,0,0,45
124664,78,adaptive-prasle,2260,1,0,0,45,0,630,0,1,78,122404,2260,0,46,0,0,0,LEADER,1,0,0,0,0,45
123830,39,adaptive-prasle,2346,1,0,0,45,0,630,0,1,39,121484,2346,0,46,0,0,0,LEADER,1,0,0,0,0,45
124547,30,adaptive-prasle,2143,1,0,0,45,0,630,0,1,30,122404,2143,0,46,0,0,0,LEADER,1,0,0,0,0,45
123953,64,adaptive-prasle,1549,1,0,0,45,0,630,0,1,64,122404,1549,0,46,0,0,0,LEADER,1,0,0,0,0,45
124178,80,adaptive-prasle,1774,1,0,0,45,0,630,0,1,80,122404,1774,0,46,0,0,0,LEADER,1,0,0,0,0,45
123918,54,adaptive-prasle,1516,1,0,0,45,0,630,0,1,54,122402,1516,0,46,0,0,0,LEADER,1,0,0,0,0,45
124444,43,adaptive-prasle,2040,1,0,0,45,0,630,0,1,43,122404,2040,0,46,0,0,0,LEADER,1,0,0,0,0,45
124364,26,adaptive-prasle,1960,1,0,0,45,0,630,0,1,26,122404,1960,0,46,0,0,0,LEADER,1,0,0,0,0,45
123993,42,adaptive-prasle,1591,1,0,0,45,0,630,0,1,42,122402,1591,0,46,0,0,0,LEADER,1,0,0,0,0,45
124002,31,adaptive-prasle,1598,1,0,0,45,0,630,0,1,31,122404,1598,0,46,0,0,0,LEADER,1,0,0,0,0,45
124759,94,adaptive-prasle,2355,1,0,0,45,0,630,0,1,94,122404,2355,0,46,0,0,0,LEADER,1,0,0,0,0,45
124329,45,adaptive-prasle,1925,1,0,0,45,0,630,0,1,45,122404,1925,0,46,0,0,0,LEADER,1,0,0,0,0,45
124702,60,adaptive-prasle,2298,1,0,0,45,0,630,0,1,60,122404,2298,0,46,0,0,0,LEADER,1,0,0,0,0,45
124807,44,adaptive-prasle,1483,1,0,0,45,0,630,0,1,44,123324,1483,0,46,0,0,0,LEADER,1,0,0,0,0,45
124411,33,adaptive-prasle,2007,1,0,0,45,0,630,0,1,33,122404,2007,0,46,0,0,0,LEADER,1,0,0,0,0,45
124056,51,adaptive-prasle,1652,1,0,0,45,0,630,0,1,51,122404,1652,0,46,0,0,0,LEADER,1,0,0,0,0,45
124855,22,adaptive-prasle,1531,1,0,0,45,0,630,0,1,22,123324,1531,0,46,0,0,0,LEADER,1,0,0,0,0,45
124566,72,adaptive-prasle,2162,1,0,0,45,0,630,0,1,72,122404,2162,0,46,0,0,0,LEADER,1,0,0,0,0,45
124356,24,adaptive-prasle,1952,1,0,0,45,0,630,0,1,24,122404,1952,0,46,0,0,0,LEADER,1,0,0,0,0,45
124887,32,adaptive-prasle,1564,1,0,0,45,0,630,0,1,32,123323,1564,0,46,0,0,0,LEADER,1,0,0,0,0,45
124075,93,adaptive-prasle,1671,1,0,0,45,0,630,0,1,93,122404,1671,0,46,0,0,0,LEADER,1,0,0,0,0,45
124747,69,adaptive-prasle,2343,1,0,0,45,0,630,0,1,69,122404,2343,0,46,0,0,0,LEADER,1,0,0,0,0,45
124734,79,adaptive-prasle,2331,1,0,0,45,0,630,0,1,79,122403,2331,0,46,0,0,0,LEADER,1,0,0,0,0,45
124429,75,adaptive-prasle,2025,1,0,0,45,0,630,0,1,75,122404,2025,0,46,0,0,0,LEADER,1,0,0,0,0,45
124156,81,adaptive-prasle,1752,1,0,0,45,0,630,0,1,81,122404,1752,0,46,0,0,0,LEADER,1,0,0,0,0,45
124014,52,adaptive-prasle,1610,1,0,0,45,0,630,0,1,52,122404,1610,0,46,0,0,0,LEADER,1,0,0,0,0,45
124493,21,adaptive-prasle,2088,1,0,0,45,0,630,0,1,21,122405,2088,0,46,0,0,0,LEADER,1,0,0,0,0,45
124669,29,adaptive-prasle,2265,1,0,0,45,0,630,0,1,29,122404,2265,0,46,0,0,0,LEADER,1,0,0,0,0,45
124245,100,adaptive-prasle,1841,1,0,0,45,0,630,0,1,100,122404,1841,0,46,0,0,0,LEADER,1,0,0,0,0,45
124090,61,adaptive-prasle,1686,1,0,0,45,0,630,0,1,61,122404,1686,0,46,0,0,0,LEADER,1,0,0,0,0,45
124654,91,adaptive-prasle,2250,1,0,0,45,0,630,0,1,91,122404,2250,0,46,0,0,0,LEADER,1,0,0,0,0,45
124614,37,adaptive-prasle,2210,1,0,0,45,0,630,0,1,37,122404,2210,0,46,0,0,0,LEADER,1,0,0,0,0,45
124157,38,adaptive-prasle,1755,1,0,0,45,0,630,0,1,38,122402,1755,0,46,0,0,0,LEADER,1,0,0,0,0,45
124823,98,adaptive-prasle,2419,1,0,0,45,0,630,0,1,98,122404,2419,0,46,0,0,0,LEADER,1,0,0,0,0,45
124681,27,adaptive-prasle,2280,1,0,0,45,0,630,0,1,27,122401,2280,0,46,0,0,0,LEADER,1,0,0,0,0,45
124532,62,adaptive-prasle,2128,1,0,0,45,0,630,0,1,62,122404,2128,0,46,0,0,0,LEADER,1,0,0,0,0,45
124341,56,adaptive-prasle,1937,1,0,0,45,0,630,0,1,56,122404,1937,0,46,0,0,0,LEADER,1,0,0,0,0,45
124729,99,adaptive-prasle,2328,1,0,0,45,0,630,0,1,99,122401,2328,0,46,0,0,0,LEADER,1,0,0,0,0,45
124608,48,adaptive-prasle,2202,1,0,0,45,0,630,0,1,48,122406,2202,0,46,0,0,0,LEADER,1,0,0,0,0,45
124815,2,adaptive-prasle,1819,1,0,0,6,14,84,196,2,2,122996,1819,0,5,0,0,0,LEADER,1,0,0,0,0,6
124123,71,adaptive-prasle,1719,1,0,0,45,0,630,0,1,71,122404,1719,0,46,0,0,0,LEADER,1,0,0,0,0,45
124348,87,adaptive-prasle,1944,1,0,0,45,0,630,0,1,87,122404,1944,0,46,0,0,0,LEADER,1,0,0,0,0,45
124274,36,adaptive-prasle,1870,1,0,0,45,0,630,0,1,36,122404,1870,0,46,0,0,0,LEADER,1,0,0,0,0,45
124770,77,adaptive-prasle,1446,1,0,0,45,0,630,0,1,77,123324,1446,0,46,0,0,0,LEADER,1,0,0,0,0,45
124963,83,adaptive-prasle,1637,1,0,0,45,0,630,0,1,83,123326,1637,0,46,0,0,0,LEADER,1,0,0,0,0,45
124463,85,adaptive-prasle,2059,1,0,0,45,0,630,0,1,85,122404,2059,0,46,0,0,0,LEADER,1,0,0,0,0,45
124991,19,adaptive-prasle,1667,1,0,0,45,0,630,0,1,19,123324,1667,0,46,0,0,0,LEADER,1,0,0,0,0,45
125146,65,adaptive-prasle,1822,1,0,0,45,0,630,0,1,65,123324,1822,0,46,0,0,0,LEADER,1,0,0,0,0,45
124752,35,adaptive-prasle,1428,1,0,0,45,0,630,0,1,35,123324,1428,0,46,0,0,0,LEADER,1,0,0,0,0,45
124767,86,adaptive-prasle,1443,1,0,0,45,0,630,0,1,86,123324,1443,0,46,0,0,0,LEADER,1,0,0,0,0,45
124810,50,adaptive-prasle,2406,1,0,0,45,0,630,0,1,50,122404,2406,0,46,0,0,0,LEADER,1,0,0,0,0,45
124825,55,adaptive-prasle,1501,1,0,0,45,0,630,0,1,55,123324,1501,0,46,0,0,0,LEADER,1,0,0,0,0,45
124864,63,adaptive-prasle,1540,1,0,0,45,0,630,0,1,63,123324,1540,0,46,0,0,0,LEADER,1,0,0,0,0,45
125228,46,adaptive-prasle,1904,1,0,0,45,0,630,0,1,46,123324,1904,0,46,0,0,0,LEADER,1,0,0,0,0,45
125023,53,adaptive-prasle,1701,1,0,0,45,0,630,0,1,53,123322,1701,0,46,0,0,0,LEADER,1,0,0,0,0,45
124378,23,adaptive-prasle,1974,1,0,0,45,0,630,0,1,23,122404,1974,0,46,0,0,0,LEADER,1,0,0,0,0,45
125246,88,adaptive-prasle,1922,1,0,0,45,0,630,0,1,88,123324,1922,0,46,0,0,0,LEADER,1,0,0,0,0,45
124773,34,adaptive-prasle,1449,1,0,0,45,0,630,0,1,34,123324,1449,0,46,0,0,0,LEADER,1,0,0,0,0,45
124381,97,adaptive-prasle,1977,1,0,0,45,0,630,0,1,97,122404,1977,0,46,0,0,0,LEADER,1,0,0,0,0,45
125334,1,adaptive-prasle,2022,1,0,0,6,6,84,84,1,1,123312,2022,0,7,0,0,0,LEADER,1,0,0,0,0,6
124501,20,adaptive-prasle,2095,1,0,0,45,0,630,0,1,20,122406,2095,0,46,0,0,0,LEADER,1,0,0,0,0,45
124581,40,adaptive-prasle,2177,1,0,0,45,0,630,0,1,40,122404,2177,0,46,0,0,0,LEADER,1,0,0,0,0,45
124504,47,adaptive-prasle,2100,1,0,0,45,0,630,0,1,47,122404,2100,0,46,0,0,0,LEADER,1,0,0,0,0,45
125416,95,adaptive-prasle,2092,1,0,0,45,0,630,0,1,95,123324,2092,0,46,0,0,0,LEADER,1,0,0,0,0,45
124799,25,adaptive-prasle,2395,1,0,0,45,0,630,0,1,25,122404,2395,0,46,0,0,0,LEADER,1,0,0,0,0,45
125404,84,adaptive-prasle,2080,1,0,0,45,0,630,0,1,84,123324,2080,0,46,0,0,0,LEADER,1,0,0,0,0,45
124681,70,adaptive-prasle,2277,1,0,0,45,0,630,0,1,70,122404,2277,0,46,0,0,0,LEADER,1,0,0,0,0,45
124599,82,adaptive-prasle,2195,1,0,0,45,0,630,0,1,82,122404,2195,0,46,0,0,0,LEADER,1,0,0,0,0,45
124817,67,adaptive-prasle,2413,1,0,0,45,0,630,0,1,67,122404,2413,0,46,0,0,0,LEADER,1,0,0,0,0,45
124769,89,adaptive-prasle,2365,1,0,0,45,0,630,0,1,89,122404,2365,0,46,0,0,0,LEADER,1,0,0,0,0,45
125437,28,adaptive-prasle,2113,1,0,0,45,0,630,0,1,28,123324,2113,0,46,0,0,0,LEADER,1,0,0,0,0,45
125179,68,adaptive-prasle,1855,1,0,0,45,0,630,0,1,68,123324,1855,0,46,0,0,0,LEADER,1,0,0,0,0,45
125131,90,adaptive-prasle,1807,1,0,0,45,0,630,0,1,90,123324,1807,0,46,0,0,0,LEADER,1,0,0,0,0,45
124792,76,adaptive-prasle,1468,1,0,0,45,0,630,0,1,76,123324,1468,0,46,0,0,0,LEADER,1,0,0,0,0,45
125113,10,adaptive-prasle,1789,1,0,0,45,0,630,0,1,10,123324,1789,0,46,0,0,0,LEADER,1,0,0,0,0,45
125545,58,adaptive-prasle,2221,1,0,0,45,0,630,0,1,58,123324,2221,0,46,0,0,0,LEADER,1,0,0,0,0,45
124928,73,adaptive-prasle,1604,1,0,0,45,0,630,0,1,73,123324,1604,0,46,0,0,0,LEADER,1,0,0,0,0,45
124669,59,adaptive-prasle,2265,1,0,0,45,0,630,0,1,59,122404,2265,0,46,0,0,0,LEADER,1,0,0,0,0,45
124943,41,adaptive-prasle,1619,1,0,0,45,0,630,0,1,41,123324,1619,0,46,0,0,0,LEADER,1,0,0,0,0,45
124858,96,adaptive-prasle,1534,1,0,0,45,0,630,0,1,96,123324,1534,0,46,0,0,0,LEADER,1,0,0,0,0,45
125091,49,adaptive-prasle,1767,1,0,0,45,0,630,0,1,49,123324,1767,0,46,0,0,0,LEADER,1,0,0,0,0,45
125160,74,adaptive-prasle,1837,1,0,0,45,0,630,0,1,74,123323,1837,0,46,0,0,0,LEADER,1,0,0,0,0,45
125552,92,adaptive-prasle,2228,1,0,0,45,0,630,0,1,92,123324,2228,0,46,0,0,0,LEADER,1,0,0,0,0,45
124760,66,adaptive-prasle,1434,1,0,0,45,0,630,0,1,66,123326,1434,0,46,0,0,0,LEADER,1,0,0,0,0,45
124784,57,adaptive-prasle,2380,1,0,0,45,0,630,0,1,57,122404,2380,0,46,0,0,0,LEADER,1,0,0,0,0,45
125584,78,adaptive-prasle,2260,1,0,0,45,0,630,0,1,78,123324,2260,0,46,0,0,0,LEADER,1,0,0,0,0,45
124750,39,adaptive-prasle,2346,1,0,0,45,0,630,0,1,39,122404,2346,0,46,0,0,0,LEADER,1,0,0,0,0,45
125467,30,adaptive-prasle,2143,1,0,0,45,0,630,0,1,30,123324,2143,0,46,0,0,0,LEADER,1,0,0,0,0,45
124873,64,adaptive-prasle,1549,1,0,0,45,0,630,0,1,64,123324,1549,0,46,0,0,0,LEADER,1,0,0,0,0,45
125098,80,adaptive-prasle,1774,1,0,0,45,0,630,0,1,80,123324,1774,0,46,0,0,0,LEADER,1,0,0,0,0,45
124838,54,adaptive-prasle,1516,1,0,0,45,0,630,0,1,54,123322,1516,0,46,0,0,0,LEADER,1,0,0,0,0,45
125364,43,adaptive-prasle,2040,1,0,0,45,0,630,0,1,43,123324,2040,0,46,0,0,0,LEADER,1,0,0,0,0,45
125284,26,adaptive-prasle,1960,1,0,0,45,0,630,0,1,26,123324,1960,0,46,0,0,0,LEADER,1,0,0,0,0,45
124913,42,adaptive-prasle,1591,1,0,0,45,0,630,0,1,42,123322,1591,0,46,0,0,0,LEADER,1,0,0,0,0,45
124922,31,adaptive-prasle,1598,1,0,0,45,0,630,0,1,31,123324,1598,0,46,0,0,0,LEADER,1,0,0,0,0,45
125679,94,adaptive-prasle,2355,1,0,0,45,0,630,0,1,94,123324,2355,0,46,0,0,0,LEADER,1,0,0,0,0,45
125249,45,adaptive-prasle,1925,1,0,0,45,0,630,0,1,45,123324,1925,0,46,0,0,0,LEADER,1,0,0,0,0,45
125622,60,adaptive-prasle,2298,1,0,0,45,0,630,0,1,60,123324,2298,0,46,0,0,0,LEADER,1,0,0,0,0,45
125728,44,adaptive-prasle,1483,1,0,0,46,0,644,0,1,44,124245,1483,0,47,0,0,0,LEADER,1,0,0,0,0,46
125331,33,adaptive-prasle,2007,1,0,0,45,0,630,0,1,33,123324,2007,0,46,0,0,0,LEADER,1,0,0,0,0,45
124976,51,adaptive-prasle,1652,1,0,0,45,0,630,0,1,51,123324,1652,0,46,0,0,0,LEADER,1,0,0,0,0,45
125486,72,adaptive-prasle,2162,1,0,0,45,0,630,0,1,72,123324,2162,0,46,0,0,0,LEADER,1,0,0,0,0,45
125776,22,adaptive-prasle,1531,1,0,0,46,0,644,0,1,22,124245,1531,0,47,0,0,0,LEADER,1,0,0,0,0,46
125276,24,adaptive-prasle,1952,1,0,0,45,0,630,0,1,24,123324,1952,0,46,0,0,0,LEADER,1,0,0,0,0,45
125808,32,adaptive-prasle,1564,1,0,0,46,0,644,0,1,32,124244,1564,0,47,0,0,0,LEADER,1,0,0,0,0,46
124995,93,adaptive-prasle,1671,1,0,0,45,0,630,0,1,93,123324,1671,0,46,0,0,0,LEADER,1,0,0,0,0,45
125667,69,adaptive-prasle,2343,1,0,0,45,0,630,0,1,69,123324,2343,0,46,0,0,0,LEADER,1,0,0,0,0,45
125654,79,adaptive-prasle,2331,1,0,0,45,0,630,0,1,79,123323,2331,0,46,0,0,0,LEADER,1,0,0,0,0,45
125349,75,adaptive-prasle,2025,1,0,0,45,0,630,0,1,75,123324,2025,0,46,0,0,0,LEADER,1,0,0,0,0,45
125076,81,adaptive-prasle,1752,1,0,0,45,0,630,0,1,81,123324,1752,0,46,0,0,0,LEADER,1,0,0,0,0,45
124934,52,adaptive-prasle,1610,1,0,0,45,0,630,0,1,52,123324,1610,0,46,0,0,0,LEADER,1,0,0,0,0,45
125413,21,adaptive-prasle,2088,1,0,0,45,0,630,0,1,21,123325,2088,0,46,0,0,0,LEADER,1,0,0,0,0,45
125589,29,adaptive-prasle,2265,1,0,0,45,0,630,0,1,29,123324,2265,0,46,0,0,0,LEADER,1,0,0,0,0,45
125165,100,adaptive-prasle,1841,1,0,0,45,0,630,0,1,100,123324,1841,0,46,0,0,0,LEADER,1,0,0,0,0,45
125010,61,adaptive-prasle,1686,1,0,0,45,0,630,0,1,61,123324,1686,0,46,0,0,0,LEADER,1,0,0,0,0,45
125574,91,adaptive-prasle,2250,1,0,0,45,0,630,0,1,91,123324,2250,0,46,0,0,0,LEADER,1,0,0,0,0,45
125534,37,adaptive-prasle,2210,1,0,0,45,0,630,0,1,37,123324,2210,0,46,0,0,0,LEADER,1,0,0,0,0,45
125077,38,adaptive-prasle,1755,1,0,0,45,0,630,0,1,38,123322,1755,0,46,0,0,0,LEADER,1,0,0,0,0,45
125743,98,adaptive-prasle,2419,1,0,0,45,0,630,0,1,98,123324,2419,0,46,0,0,0,LEADER,1,0,0,0,0,45
125601,27,adaptive-prasle,2280,1,0,0,45,0,630,0,1,27,123321,2280,0,46,0,0,0,LEADER,1,0,0,0,0,45
125452,62,adaptive-prasle,2128,1,0,0,45,0,630,0,1,62,123324,2128,0,46,0,0,0,LEADER,1,0,0,0,0,45
125261,56,adaptive-prasle,1937,1,0,0,45,0,630,0,1,56,123324,1937,0,46,0,0,0,LEADER,1,0,0,0,0,45
125649,99,adaptive-prasle,2328,1,0,0,45,0,630,0,1,99,123321,2328,0,46,0,0,0,LEADER,1,0,0,0,0,45
125528,48,adaptive-prasle,2202,1,0,0,45,0,630,0,1,48,123326,2202,0,46,0,0,0,LEADER,1,0,0,0,0,45
125043,71,adaptive-prasle,1719,1,0,0,45,0,630,0,1,71,123324,1719,0,46,0,0,0,LEADER,1,0,0,0,0,45
125268,87,adaptive-prasle,1944,1,0,0,45,0,630,0,1,87,123324,1944,0,46,0,0,0,LEADER,1,0,0,0,0,45
125194,36,adaptive-prasle,1870,1,0,0,45,0,630,0,1,36,123324,1870,0,46,0,0,0,LEADER,1,0,0,0,0,45
125691,77,adaptive-prasle,1446,1,0,0,46,0,644,0,1,77,124245,1446,0,47,0,0,0,LEADER,1,0,0,0,0,46
125884,83,adaptive-prasle,1637,1,0,0,46,0,644,0,1,83,124247,1637,0,47,0,0,0,LEADER,1,0,0,0,0,46
125383,85,adaptive-prasle,2059,1,0,0,45,0,630,0,1,85,123324,2059,0,46,0,0,0,LEADER,1,0,0,0,0,45
125912,19,adaptive-prasle,1667,1,0,0,46,0,644,0,1,19,124245,1667,0,47,0,0,0,LEADER,1,0,0,0,0,46
126067,65,adaptive-prasle,1822,1,0,0,46,0,644,0,1,65,124245,1822,0,47,0,0,0,LEADER,1,0,0,0,0,46
125673,35,adaptive-prasle,1428,1,0,0,46,0,644,0,1,35,124245,1428,0,47,0,0,0,LEADER,1,0,0,0,0,46
125688,86,adaptive-prasle,1443,1,0,0,46,0,644,0,1,86,124245,1443,0,47,0,0,0,LEADER,1,0,0,0,0,46
125730,50,adaptive-prasle,2406,1,0,0,45,0,630,0,1,50,123324,2406,0,46,0,0,0,LEADER,1,0,0,0,0,45
125746,55,adaptive-prasle,1501,1,0,0,46,0,644,0,1,55,124245,1501,0,47,0,0,0,LEADER,1,0,0,0,0,46
125785,63,adaptive-prasle,1540,1,0,0,46,0,644,0,1,63,124245,1540,0,47,0,0,0,LEADER,1,0,0,0,0,46
126149,46,adaptive-prasle,1904,1,0,0,46,0,644,0,1,46,124245,1904,0,47,0,0,0,LEADER,1,0,0,0,0,46
125944,53,adaptive-prasle,1701,1,0,0,46,0,644,0,1,53,124243,1701,0,47,0,0,0,LEADER,1,0,0,0,0,46
125298,23,adaptive-prasle,1974,1,0,0,45,0,630,0,1,23,123324,1974,0,46,0,0,0,LEADER,1,0,0,0,0,45
126167,88,adaptive-prasle,1922,1,0,0,46,0,644,0,1,88,124245,1922,0,47,0,0,0,LEADER,1,0,0,0,0,46
125694,34,adaptive-prasle,1449,1,0,0,46,0,644,0,1,34,124245,1449,0,47,0,0,0,LEADER,1,0,0,0,0,46
125301,97,adaptive-prasle,1977,1,0,0,45,0,630,0,1,97,123324,1977,0,46,0,0,0,LEADER,1,0,0,0,0,45
125421,20,adaptive-prasle,2095,1,0,0,45,0,630,0,1,20,123326,2095,0,46,0,0,0,LEADER,1,0,0,0,0,45
125501,40,adaptive-prasle,2177,1,0,0,45,0,630,0,1,40,123324,2177,0,46,0,0,0,LEADER,1,0,0,0,0,45
125424,47,adaptive-prasle,2100,1,0,0,45,0,630,0,1,47,123324,2100,0,46,0,0,0,LEADER,1,0,0,0,0,45
126337,95,adaptive-prasle,2092,1,0,0,46,0,644,0,1,95,124245,2092,0,47,0,0,0,LEADER,1,0,0,0,0,46
125719,25,adaptive-prasle,2395,1,0,0,45,0,630,0,1,25,123324,2395,0,46,0,0,0,LEADER,1,0,0,0,0,45
126325,84,adaptive-prasle,2080,1,0,0,46,0,644,0,1,84,124245,2080,0,47,0,0,0,LEADER,1,0,0,0,0,46
125601,70,adaptive-prasle,2277,1,0,0,45,0,630,0,1,70,123324,2277,0,46,0,0,0,LEADER,1,0,0,0,0,45
125519,82,adaptive-prasle,2195,1,0,0,45,0,630,0,1,82,123324,2195,0,46,0,0,0,LEADER,1,0,0,0,0,45
125737,67,adaptive-prasle,2413,1,0,0,45,0,630,0,1,67,123324,2413,0,46,0,0,0,LEADER,1,0,0,0,0,45
125689,89,adaptive-prasle,2365,1,0,0,45,0,630,0,1,89,123324,2365,0,46,0,0,0,LEADER,1,0,0,0,0,45
126358,28,adaptive-prasle,2113,1,0,0,46,0,644,0,1,28,124245,2113,0,47,0,0,0,LEADER,1,0,0,0,0,46
126100,68,adaptive-prasle,1855,1,0,0,46,0,644,0,1,68,124245,1855,0,47,0,0,0,LEADER,1,0,0,0,0,46
126052,90,adaptive-prasle,1807,1,0,0,46,0,644,0,1,90,124245,1807,0,47,0,0,0,LEADER,1,0,0,0,0,46
125713,76,adaptive-prasle,1468,1,0,0,46,0,644,0,1,76,124245,1468,0,47,0,0,0,LEADER,1,0,0,0,0,46
126034,10,adaptive-prasle,1789,1,0,0,46,0,644,0,1,10,124245,1789,0,47,0,0,0,LEADER,1,0,0,0,0,46
126466,58,adaptive-prasle,2221,1,0,0,46,0,644,0,1,58,124245,2221,0,47,0,0,0,LEADER,1,0,0,0,0,46
125849,73,adaptive-prasle,1604,1,0,0,46,0,644,0,1,73,124245,1604,0,47,0,0,0,LEADER,1,0,0,0,0,46
125589,59,adaptive-prasle,2265,1,0,0,45,0,630,0,1,59,123324,2265,0,46,0,0,0,LEADER,1,0,0,0,0,45
125864,41,adaptive-prasle,1619,1,0,0,46,0,644,0,1,41,124245,1619,0,47,0,0,0,LEADER,1,0,0,0,0,46
125779,96,adaptive-prasle,1534,1,0,0,46,0,644,0,1,96,124245,1534,0,47,0,0,0,LEADER,1,0,0,0,0,46
126012,49,adaptive-prasle,1767,1,0,0,46,0,644,0,1,49,124245,1767,0,47,0,0,0,LEADER,1,0,0,0,0,46
126081,74,adaptive-prasle,1837,1,0,0,46,0,644,0,1,74,124244,1837,0,47,0,0,0,LEADER,1,0,0,0,0,46
126473,92,adaptive-prasle,2228,1,0,0,46,0,644,0,1,92,124245,2228,0,47,0,0,0,LEADER,1,0,0,0,0,46
125681,66,adaptive-prasle,1434,1,0,0,46,0,644,0,1,66,124247,1434,0,47,0,0,0,LEADER,1,0,0,0,0,46
125704,57,adaptive-prasle,2380,1,0,0,45,0,630,0,1,57,123324,2380,0,46,0,0,0,LEADER,1,0,0,0,0,45
126505,78,adaptive-prasle,2260,1,0,0,46,0,644,0,1,78,124245,2260,0,47,0,0,0,LEADER,1,0,0,0,0,46
125670,39,adaptive-prasle,2346,1,0,0,45,0,630,0,1,39,123324,2346,0,46,0,0,0,LEADER,1,0,0,0,0,45
126388,30,adaptive-prasle,2143,1,0,0,46,0,644,0,1,30,124245,2143,0,47,0,0,0,LEADER,1,0,0,0,0,46
125794,64,adaptive-prasle,1549,1,0,0,46,0,644,0,1,64,124245,1549,0,47,0,0,0,LEADER,1,0,0,0,0,46
126019,80,adaptive-prasle,1774,1,0,0,46,0,644,0,1,80,124245,1774,0,47,0,0,0,LEADER,1,0,0,0,0,46
125759,54,adaptive-prasle,1516,1,0,0,46,0,644,0,1,54,124243,1516,0,47,0,0,0,LEADER,1,0,0,0,0,46
126285,43,adaptive-prasle,2040,1,0,0,46,0,644,0,1,43,124245,2040,0,47,0,0,0,LEADER,1,0,0,0,0,46
126205,26,adaptive-prasle,1960,1,0,0,46,0,644,0,1,26,124245,1960,0,47,0,0,0,LEADER,1,0,0,0,0,46
125834,42,adaptive-prasle,1591,1,0,0,46,0,644,0,1,42,124243,1591,0,47,0,0,0,LEADER,1,0,0,0,0,46
125843,31,adaptive-prasle,1598,1,0,0,46,0,644,0,1,31,124245,1598,0,47,0,0,0,LEADER,1,0,0,0,0,46
126600,94,adaptive-prasle,2355,1,0,0,46,0,644,0,1,94,124245,2355,0,47,0,0,0,LEADER,1,0,0,0,0,46
126170,45,adaptive-prasle,1925,1,0,0,46,0,644,0,1,45,124245,1925,0,47,0,0,0,LEADER,1,0,0,0,0,46
126543,60,adaptive-prasle,2298,1,0,0,46,0,644,0,1,60,124245,2298,0,47,0,0,0,LEADER,1,0,0,0,0,46
126648,44,adaptive-prasle,1483,1,0,0,46,0,644,0,1,44,125165,1483,0,47,0,0,0,LEADER,1,0,0,0,0,46
126252,33,adaptive-prasle,2007,1,0,0,46,0,644,0,1,33,124245,2007,0,47,0,0,0,LEADER,1,0,0,0,0,46
125897,51,adaptive-prasle,1652,1,0,0,46,0,644,0,1,51,124245,1652,0,47,0,0,0,LEADER,1,0,0,0,0,46
126696,22,adaptive-prasle,1531,1,0,0,46,0,644,0,1,22,125165,1531,0,47,0,0,0,LEADER,1,0,0,0,0,46
126407,72,adaptive-prasle,2162,1,0,0,46,0,644,0,1,72,124245,2162,0,47,0,0,0,LEADER,1,0,0,0,0,46
126197,24,adaptive-prasle,1952,1,0,0,46,0,644,0,1,24,124245,1952,0,47,0,0,0,LEADER,1,0,0,0,0,46
126728,32,adaptive-prasle,1564,1,0,0,46,0,644,0,1,32,125164,1564,0,47,0,0,0,LEADER,1,0,0,0,0,46
125916,93,adaptive-prasle,1671,1,0,0,46,0,644,0,1,93,124245,1671,0,47,0,0,0,LEADER,1,0,0,0,0,46
126588,69,adaptive-prasle,2343,1,0,0,46,0,644,0,1,69,124245,2343,0,47,0,0,0,LEADER,1,0,0,0,0,46
126575,79,adaptive-prasle,2331,1,0,0,46,0,644,0,1,79,124244,2331,0,47,0,0,0,LEADER,1,0,0,0,0,46
126270,75,adaptive-prasle,2025,1,0,0,46,0,644,0,1,75,124245,2025,0,47,0,0,0,LEADER,1,0,0,0,0,46
125997,81,adaptive-prasle,1752,1,0,0,46,0,644,0,1,81,124245,1752,0,47,0,0,0,LEADER,1,0,0,0,0,46
125855,52,adaptive-prasle,1610,1,0,0,46,0,644,0,1,52,124245,1610,0,47,0,0,0,LEADER,1,0,0,0,0,46
126510,29,adaptive-prasle,2265,1,0,0,46,0,644,0,1,29,124245,2265,0,47,0,0,0,LEADER,1,0,0,0,0,46
126334,21,adaptive-prasle,2088,1,0,0,46,0,644,0,1,21,124246,2088,0,47,0,0,0,LEADER,1,0,0,0,0,46
126086,100,adaptive-prasle,1841,1,0,0,46,0,644,0,1,100,124245,1841,0,47,0,0,0,LEADER,1,0,0,0,0,46
125931,61,adaptive-prasle,1686,1,0,0,46,0,644,0,1,61,124245,1686,0,47,0,0,0,LEADER,1,0,0,0,0,46
126495,91,adaptive-prasle,2250,1,0,0,46,0,644,0,1,91,124245,2250,0,47,0,0,0,LEADER,1,0,0,0,0,46
126455,37,adaptive-prasle,2210,1,0,0,46,0,644,0,1,37,124245,2210,0,47,0,0,0,LEADER,1,0,0,0,0,46
125998,38,adaptive-prasle,1755,1,0,0,46,0,644,0,1,38,124243,1755,0,47,0,0,0,LEADER,1,0,0,0,0,46
126664,98,adaptive-prasle,2419,1,0,0,46,0,644,0,1,98,124245,2419,0,47,0,0,0,LEADER,1,0,0,0,0,46
126522,27,adaptive-prasle,2280,1,0,0,46,0,644,0,1,27,124242,2280,0,47,0,0,0,LEADER,1,0,0,0,0,46
126373,62,adaptive-prasle,2128,1,0,0,46,0,644,0,1,62,124245,2128,0,47,0,0,0,LEADER,1,0,0,0,0,46
126182,56,adaptive-prasle,1937,1,0,0,46,0,644,0,1,56,124245,1937,0,47,0,0,0,LEADER,1,0,0,0,0,46
126084,3,adaptive-prasle,1603,1,0,0,8,15,112,210,2,3,124481,1603,0,7,0,0,0,LEADER,1,0,0,0,0,8
126570,99,adaptive-prasle,2328,1,0,0,46,0,644,0,1,99,124242,2328,0,47,0,0,0,LEADER,1,0,0,0,0,46
126449,48,adaptive-prasle,2202,1,0,0,46,0,644,0,1,48,124247,2202,0,47,0,0,0,LEADER,1,0,0,0,0,46
125964,71,adaptive-prasle,1719,1,0,0,46,0,644,0,1,71,124245,1719,0,47,0,0,0,LEADER,1,0,0,0,0,46
126189,87,adaptive-prasle,1944,1,0,0,46,0,644,0,1,87,124245,1944,0,47,0,0,0,LEADER,1,0,0,0,0,46
126115,36,adaptive-prasle,1870,1,0,0,46,0,644,0,1,36,124245,1870,0,47,0,0,0,LEADER,1,0,0,0,0,46
126611,77,adaptive-prasle,1446,1,0,0,46,0,644,0,1,77,125165,1446,0,47,0,0,0,LEADER,1,0,0,0,0,46
126804,83,adaptive-prasle,1637,1,0,0,46,0,644,0,1,83,125167,1637,0,47,0,0,0,LEADER,1,0,0,0,0,46
126304,85,adaptive-prasle,2059,1,0,0,46,0,644,0,1,85,124245,2059,0,47,0,0,0,LEADER,1,0,0,0,0,46
126832,19,adaptive-prasle,1667,1,0,0,46,0,644,0,1,19,125165,1667,0,47,0,0,0,LEADER,1,0,0,0,0,46
126427,4,adaptive-prasle,2030,1,0,0,9,18,126,252,5,4,124397,2030,0,6,0,0,0,LEADER,1,0,0,0,0,9
126987,65,adaptive-prasle,1822,1,0,0,46,0,644,0,1,65,125165,1822,0,47,0,0,0,LEADER,1,0,0,0,0,46
126593,35,adaptive-prasle,1428,1,0,0,46,0,644,0,1,35,125165,1428,0,47,0,0,0,LEADER,1,0,0,0,0,46
126608,86,adaptive-prasle,1443,1,0,0,46,0,644,0,1,86,125165,1443,0,47,0,0,0,LEADER,1,0,0,0,0,46
126651,50,adaptive-prasle,2406,1,0,0,46,0,644,0,1,50,124245,2406,0,47,0,0,0,LEADER,1,0,0,0,0,46
126666,55,adaptive-prasle,1501,1,0,0,46,0,644,0,1,55,125165,1501,0,47,0,0,0,LEADER,1,0,0,0,0,46
126705,63,adaptive-prasle,1540,1,0,0,46,0,644,0,1,63,125165,1540,0,47,0,0,0,LEADER,1,0,0,0,0,46
127069,46,adaptive-prasle,1904,1,0,0,46,0,644,0,1,46,125165,1904,0,47,0,0,0,LEADER,1,0,0,0,0,46
126864,53,adaptive-prasle,1701,1,0,0,46,0,644,0,1,53,125163,1701,0,47,0,0,0,LEADER,1,0,0,0,0,46
126219,23,adaptive-prasle,1974,1,0,0,46,0,644,0,1,23,124245,1974,0,47,0,0,0,LEADER,1,0,0,0,0,46
127087,88,adaptive-prasle,1922,1,0,0,46,0,644,0,1,88,125165,1922,0,47,0,0,0,LEADER,1,0,0,0,0,46
126614,34,adaptive-prasle,1449,1,0,0,46,0,644,0,1,34,125165,1449,0,47,0,0,0,LEADER,1,0,0,0,0,46
126222,97,adaptive-prasle,1977,1,0,0,46,0,644,0,1,97,124245,1977,0,47,0,0,0,LEADER,1,0,0,0,0,46
126342,20,adaptive-prasle,2095,1,0,0,46,0,644,0,1,20,124247,2095,0,47,0,0,0,LEADER,1,0,0,0,0,46
126422,40,adaptive-prasle,2177,1,0,0,46,0,644,0,1,40,124245,2177,0,47,0,0,0,LEADER,1,0,0,0,0,46
126345,47,adaptive-prasle,2100,1,0,0,46,0,644,0,1,47,124245,2100,0,47,0,0,0,LEADER,1,0,0,0,0,46
127257,95,adaptive-prasle,2092,1,0,0,46,0,644,0,1,95,125165,2092,0,47,0,0,0,LEADER,1,0,0,0,0,46
126640,25,adaptive-prasle,2395,1,0,0,46,0,644,0,1,25,124245,2395,0,47,0,0,0,LEADER,1,0,0,0,0,46
127245,84,adaptive-prasle,2080,1,0,0,46,0,644,0,1,84,125165,2080,0,47,0,0,0,LEADER,1,0,0,0,0,46
126522,70,adaptive-prasle,2277,1,0,0,46,0,644,0,1,70,124245,2277,0,47,0,0,0,LEADER,1,0,0,0,0,46
126440,82,adaptive-prasle,2195,1,0,0,46,0,644,0,1,82,124245,2195,0,47,0,0,0,LEADER,1,0,0,0,0,46
126658,67,adaptive-prasle,2413,1,0,0,46,0,644,0,1,67,124245,2413,0,47,0,0,0,LEADER,1,0,0,0,0,46
126610,89,adaptive-prasle,2365,1,0,0,46,0,644,0,1,89,124245,2365,0,47,0,0,0,LEADER,1,0,0,0,0,46
127278,28,adaptive-prasle,2113,1,0,0,46,0,644,0,1,28,125165,2113,0,47,0,0,0,LEADER,1,0,0,0,0,46
127020,68,adaptive-prasle,1855,1,0,0,46,0,644,0,1,68,125165,1855,0,47,0,0,0,LEADER,1,0,0,0,0,46
126972,90,adaptive-prasle,1807,1,0,0,46,0,644,0,1,90,125165,1807,0,47,0,0,0,LEADER,1,0,0,0,0,46
126633,76,adaptive-prasle,1468,1,0,0,46,0,644,0,1,76,125165,1468,0,47,0,0,0,LEADER,1,0,0,0,0,46
126954,10,adaptive-prasle,1789,1,0,0,46,0,644,0,1,10,125165,1789,0,47,0,0,0,LEADER,1,0,0,0,0,46
127386,58,adaptive-prasle,2221,1,0,0,46,0,644,0,1,58,125165,2221,0,47,0,0,0,LEADER,1,0,0,0,0,46
126769,73,adaptive-prasle,1604,1,0,0,46,0,644,0,1,73,125165,1604,0,47,0,0,0,LEADER,1,0,0,0,0,46
126510,59,adaptive-prasle,2265,1,0,0,46,0,644,0,1,59,124245,2265,0,47,0,0,0,LEADER,1,0,0,0,0,46
126784,41,adaptive-prasle,1619,1,0,0,46,0,644,0,1,41,125165,1619,0,47,0,0,0,LEADER,1,0,0,0,0,46
126699,96,adaptive-prasle,1534,1,0,0,46,0,644,0,1,96,125165,1534,0,47,0,0,0,LEADER,1,0,0,0,0,46
127344,9,adaptive-prasle,1889,1,0,0,12,13,168,182,4,5,125455,1889,0,5,0,0,0,NORMAL,0,0,0,0,0,12
126932,49,adaptive-prasle,1767,1,0,0,46,0,644,0,1,49,125165,1767,0,47,0,0,0,LEADER,1,0,0,0,0,46
127001,74,adaptive-prasle,1837,1,0,0,46,0,644,0,1,74,125164,1837,0,47,0,0,0,LEADER,1,0,0,0,0,46
127393,92,adaptive-prasle,2228,1,0,0,46,0,644,0,1,92,125165,2228,0,47,0,0,0,LEADER,1,0,0,0,0,46
126601,66,adaptive-prasle,1434,1,0,0,46,0,644,0,1,66,125167,1434,0,47,0,0,0,LEADER,1,0,0,0,0,46
126625,57,adaptive-prasle,2380,1,0,0,46,0,644,0,1,57,124245,2380,0,47,0,0,0,LEADER,1,0,0,0,0,46
127425,78,adaptive-prasle,2260,1,0,0,46,0,644,0,1,78,125165,2260,0,47,0,0,0,LEADER,1,0,0,0,0,46
126591,39,adaptive-prasle,2346,1,0,0,46,0,644,0,1,39,124245,2346,0,47,0,0,0,LEADER,1,0,0,0,0,46
127308,30,adaptive-prasle,2143,1,0,0,46,0,644,0,1,30,125165,2143,0,47,0,0,0,LEADER,1,0,0,0,0,46
126714,64,adaptive-prasle,1549,1,0,0,46,0,644,0,1,64,125165,1549,0,47,0,0,0,LEADER,1,0,0,0,0,46
126939,80,adaptive-prasle,1774,1,0,0,46,0,644,0,1,80,125165,1774,0,47,0,0,0,LEADER,1,0,0,0,0,46
126679,54,adaptive-prasle,1516,1,0,0,46,0,644,0,1,54,125163,1516,0,47,0,0,0,LEADER,1,0,0,0,0,46
127205,43,adaptive-prasle,2040,1,0,0,46,0,644,0,1,43,125165,2040,0,47,0,0,0,LEADER,1,0,0,0,0,46
127125,26,adaptive-prasle,1960,1,0,0,46,0,644,0,1,26,125165,1960,0,47,0,0,0,LEADER,1,0,0,0,0,46
126754,42,adaptive-prasle,1591,1,0,0,46,0,644,0,1,42,125163,1591,0,47,0,0,0,LEADER,1,0,0,0,0,46
126763,31,adaptive-prasle,1598,1,0,0,46,0,644,0,1,31,125165,1598,0,47,0,0,0,LEADER,1,0,0,0,0,46
127520,94,adaptive-prasle,2355,1,0,0,46,0,644,0,1,94,125165,2355,0,47,0,0,0,LEADER,1,0,0,0,0,46
127090,45,adaptive-prasle,1925,1,0,0,46,0,644,0,1,45,125165,1925,0,47,0,0,0,LEADER,1,0,0,0,0,46
127463,60,adaptive-prasle,2298,1,0,0,46,0,644,0,1,60,125165,2298,0,47,0,0,0,LEADER,1,0,0,0,0,46
127568,44,adaptive-prasle,1483,1,0,0,46,0,644,0,1,44,126085,1483,0,47,0,0,0,LEADER,1,0,0,0,0,46
127172,33,adaptive-prasle,2007,1,0,0,46,0,644,0,1,33,125165,2007,0,47,0,0,0,LEADER,1,0,0,0,0,46
126817,51,adaptive-prasle,1652,1,0,0,46,0,644,0,1,51,125165,1652,0,47,0,0,0,LEADER,1,0,0,0,0,46
127616,22,adaptive-prasle,1531,1,0,0,46,0,644,0,1,22,126085,1531,0,47,0,0,0,LEADER,1,0,0,0,0,46
127327,72,adaptive-prasle,2162,1,0,0,46,0,644,0,1,72,125165,2162,0,47,0,0,0,LEADER,1,0,0,0,0,46
127117,24,adaptive-prasle,1952,1,0,0,46,0,644,0,1,24,125165,1952,0,47,0,0,0,LEADER,1,0,0,0,0,46
127648,32,adaptive-prasle,1564,1,0,0,46,0,644,0,1,32,126084,1564,0,47,0,0,0,LEADER,1,0,0,0,0,46
126836,93,adaptive-prasle,1671,1,0,0,46,0,644,0,1,93,125165,1671,0,47,0,0,0,LEADER,1,0,0,0,0,46
127508,69,adaptive-prasle,2343,1,0,0,46,0,644,0,1,69,125165,2343,0,47,0,0,0,LEADER,1,0,0,0,0,46
127495,79,adaptive-prasle,2331,1,0,0,46,0,644,0,1,79,125164,2331,0,47,0,0,0,LEADER,1,0,0,0,0,46
127190,75,adaptive-prasle,2025,1,0,0,46,0,644,0,1,75,125165,2025,0,47,0,0,0,LEADER,1,0,0,0,0,46
126917,81,adaptive-prasle,1752,1,0,0,46,0,644,0,1,81,125165,1752,0,47,0,0,0,LEADER,1,0,0,0,0,46
126775,52,adaptive-prasle,1610,1,0,0,46,0,644,0,1,52,125165,1610,0,47,0,0,0,LEADER,1,0,0,0,0,46
127254,21,adaptive-prasle,2088,1,0,0,46,0,644,0,1,21,125166,2088,0,47,0,0,0,LEADER,1,0,0,0,0,46
127430,29,adaptive-prasle,2265,1,0,0,46,0,644,0,1,29,125165,2265,0,47,0,0,0,LEADER,1,0,0,0,0,46
127006,100,adaptive-prasle,1841,1,0,0,46,0,644,0,1,100,125165,1841,0,47,0,0,0,LEADER,1,0,0,0,0,46
126851,61,adaptive-prasle,1686,1,0,0,46,0,644,0,1,61,125165,1686,0,47,0,0,0,LEADER,1,0,0,0,0,46
127415,91,adaptive-prasle,2250,1,0,0,46,0,644,0,1,91,125165,2250,0,47,0,0,0,LEADER,1,0,0,0,0,46
127375,37,adaptive-prasle,2210,1,0,0,46,0,644,0,1,37,125165,2210,0,47,0,0,0,LEADER,1,0,0,0,0,46
126918,38,adaptive-prasle,1755,1,0,0,46,0,644,0,1,38,125163,1755,0,47,0,0,0,LEADER,1,0,0,0,0,46
127584,98,adaptive-prasle,2419,1,0,0,46,0,644,0,1,98,125165,2419,0,47,0,0,0,LEADER,1,0,0,0,0,46
127442,27,adaptive-prasle,2280,1,0,0,46,0,644,0,1,27,125162,2280,0,47,0,0,0,LEADER,1,0,0,0,0,46
127293,62,adaptive-prasle,2128,1,0,0,46,0,644,0,1,62,125165,2128,0,47,0,0,0,LEADER,1,0,0,0,0,46
127102,56,adaptive-prasle,1937,1,0,0,46,0,644,0,1,56,125165,1937,0,47,0,0,0,LEADER,1,0,0,0,0,46
127490,99,adaptive-prasle,2328,1,0,0,46,0,644,0,1,99,125162,2328,0,47,0,0,0,LEADER,1,0,0,0,0,46
127369,48,adaptive-prasle,2202,1,0,0,46,0,644,0,1,48,125167,2202,0,47,0,0,0,LEADER,1,0,0,0,0,46
126884,71,adaptive-prasle,1719,1,0,0,46,0,644,0,1,71,125165,1719,0,47,0,0,0,LEADER,1,0,0,0,0,46
127109,87,adaptive-prasle,1944,1,0,0,46,0,644,0,1,87,125165,1944,0,47,0,0,0,LEADER,1,0,0,0,0,46
127206,8,adaptive-prasle,2217,1,0,0,13,24,182,336,4,6,124989,2217,0,6,0,0,0,NORMAL,0,0,0,0,0,13
127035,36,adaptive-prasle,1870,1,0,0,46,0,644,0,1,36,125165,1870,0,47,0,0,0,LEADER,1,0,0,0,0,46
127531,77,adaptive-prasle,1446,1,0,0,46,0,644,0,1,77,126085,1446,0,47,0,0,0,LEADER,1,0,0,0,0,46
127724,83,adaptive-prasle,1637,1,0,0,46,0,644,0,1,83,126087,1637,0,47,0,0,0,LEADER,1,0,0,0,0,46
127224,85,adaptive-prasle,2059,1,0,0,46,0,644,0,1,85,125165,2059,0,47,0,0,0,LEADER,1,0,0,0,0,46
127752,19,adaptive-prasle,1667,1,0,0,46,0,644,0,1,19,126085,1667,0,47,0,0,0,LEADER,1,0,0,0,0,46
127907,65,adaptive-prasle,1822,1,0,0,46,0,644,0,1,65,126085,1822,0,47,0,0,0,LEADER,1,0,0,0,0,46
127513,35,adaptive-prasle,1428,1,0,0,46,0,644,0,1,35,126085,1428,0,47,0,0,0,LEADER,1,0,0,0,0,46
127528,86,adaptive-prasle,1443,1,0,0,46,0,644,0,1,86,126085,1443,0,47,0,0,0,LEADER,1,0,0,0,0,46
127571,50,adaptive-prasle,2406,1,0,0,46,0,644,0,1,50,125165,2406,0,47,0,0,0,LEADER,1,0,0,0,0,46
127586,55,adaptive-prasle,1501,1,0,0,46,0,644,0,1,55,126085,1501,0,47,0,0,0,LEADER,1,0,0,0,0,46
127625,63,adaptive-prasle,1540,1,0,0,46,0,644,0,1,63,126085,1540,0,47,0,0,0,LEADER,1,0,0,0,0,46
127989,46,adaptive-prasle,1904,1,0,0,46,0,644,0,1,46,126085,1904,0,47,0,0,0,LEADER,1,0,0,0,0,46
127784,53,adaptive-prasle,1701,1,0,0,46,0,644,0,1,53,126083,1701,0,47,0,0,0,LEADER,1,0,0,0,0,46
127139,23,adaptive-prasle,1974,1,0,0,46,0,644,0,1,23,125165,1974,0,47,0,0,0,LEADER,1,0,0,0,0,46
128007,88,adaptive-prasle,1922,1,0,0,46,0,644,0,1,88,126085,1922,0,47,0,0,0,LEADER,1,0,0,0,0,46
127534,34,adaptive-prasle,1449,1,0,0,46,0,644,0,1,34,126085,1449,0,47,0,0,0,LEADER,1,0,0,0,0,46
127142,97,adaptive-prasle,1977,1,0,0,46,0,644,0,1,97,125165,1977,0,47,0,0,0,LEADER,1,0,0,0,0,46
127262,20,adaptive-prasle,2095,1,0,0,46,0,644,0,1,20,125167,2095,0,47,0,0,0,LEADER,1,0,0,0,0,46
127342,40,adaptive-prasle,2177,1,0,0,46,0,644,0,1,40,125165,2177,0,47,0,0,0,LEADER,1,0,0,0,0,46
127265,47,adaptive-prasle,2100,1,0,0,46,0,644,0,1,47,125165,2100,0,47,0,0,0,LEADER,1,0,0,0,0,46
128177,95,adaptive-prasle,2092,1,0,0,46,0,644,0,1,95,126085,2092,0,47,0,0,0,LEADER,1,0,0,0,0,46
127560,25,adaptive-prasle,2395,1,0,0,46,0,644,0,1,25,125165,2395,0,47,0,0,0,LEADER,1,0,0,0,0,46
128165,84,adaptive-prasle,2080,1,0,0,46,0,644,0,1,84,126085,2080,0,47,0,0,0,LEADER,1,0,0,0,0,46
127442,70,adaptive-prasle,2277,1,0,0,46,0,644,0,1,70,125165,2277,0,47,0,0,0,LEADER,1,0,0,0,0,46
127360,82,adaptive-prasle,2195,1,0,0,46,0,644,0,1,82,125165,2195,0,47,0,0,0,LEADER,1,0,0,0,0,46
127578,67,adaptive-prasle,2413,1,0,0,46,0,644,0,1,67,125165,2413,0,47,0,0,0,LEADER,1,0,0,0,0,46
127530,89,adaptive-prasle,2365,1,0,0,46,0,644,0,1,89,125165,2365,0,47,0,0,0,LEADER,1,0,0,0,0,46
128198,28,adaptive-prasle,2113,1,0,0,46,0,644,0,1,28,126085,2113,0,47,0,0,0,LEADER,1,0,0,0,0,46
127940,68,adaptive-prasle,1855,1,0,0,46,0,644,0,1,68,126085,1855,0,47,0,0,0,LEADER,1,0,0,0,0,46
127892,90,adaptive-prasle,1807,1,0,0,46,0,644,0,1,90,126085,1807,0,47,0,0,0,LEADER,1,0,0,0,0,46
127553,76,adaptive-prasle,1468,1,0,0,46,0,644,0,1,76,126085,1468,0,47,0,0,0,LEADER,1,0,0,0,0,46
127874,10,adaptive-prasle,1789,1,0,0,46,0,644,0,1,10,126085,1789,0,47,0,0,0,LEADER,1,0,0,0,0,46
128306,58,adaptive-prasle,2221,1,0,0,46,0,644,0,1,58,126085,2221,0,47,0,0,0,LEADER,1,0,0,0,0,46
127689,73,adaptive-prasle,1604,1,0,0,46,0,644,0,1,73,126085,1604,0,47,0,0,0,LEADER,1,0,0,0,0,46
127430,59,adaptive-prasle,2265,1,0,0,46,0,644,0,1,59,125165,2265,0,47,0,0,0,LEADER,1,0,0,0,0,46
127704,41,adaptive-prasle,1619,1,0,0,46,0,644,0,1,41,126085,1619,0,47,0,0,0,LEADER,1,0,0,0,0,46
127619,96,adaptive-prasle,1534,1,0,0,46,0,644,0,1,96,126085,1534,0,47,0,0,0,LEADER,1,0,0,0,0,46
127852,49,adaptive-prasle,1767,1,0,0,46,0,644,0,1,49,126085,1767,0,47,0,0,0,LEADER,1,0,0,0,0,46
127921,74,adaptive-prasle,1837,1,0,0,46,0,644,0,1,74,126084,1837,0,47,0,0,0,LEADER,1,0,0,0,0,46
128313,92,adaptive-prasle,2228,1,0,0,46,0,644,0,1,92,126085,2228,0,47,0,0,0,LEADER,1,0,0,0,0,46
127521,66,adaptive-prasle,1434,1,0,0,46,0,644,0,1,66,126087,1434,0,47,0,0,0,LEADER,1,0,0,0,0,46
127545,57,adaptive-prasle,2380,1,0,0,46,0,644,0,1,57,125165,2380,0,47,0,0,0,LEADER,1,0,0,0,0,46
128345,78,adaptive-prasle,2260,1,0,0,46,0,644,0,1,78,126085,2260,0,47,0,0,0,LEADER,1,0,0,0,0,46
127511,39,adaptive-prasle,2346,1,0,0,46,0,644,0,1,39,125165,2346,0,47,0,0,0,LEADER,1,0,0,0,0,46
128228,30,adaptive-prasle,2143,1,0,0,46,0,644,0,1,30,126085,2143,0,47,0,0,0,LEADER,1,0,0,0,0,46
127634,64,adaptive-prasle,1549,1,0,0,46,0,644,0,1,64,126085,1549,0,47,0,0,0,LEADER,1,0,0,0,0,46
127859,80,adaptive-prasle,1774,1,0,0,46,0,644,0,1,80,126085,1774,0,47,0,0,0,LEADER,1,0,0,0,0,46
127599,54,adaptive-prasle,1516,1,0,0,46,0,644,0,1,54,126083,1516,0,47,0,0,0,LEADER,1,0,0,0,0,46
128125,43,adaptive-prasle,2040,1,0,0,46,0,644,0,1,43,126085,2040,0,47,0,0,0,LEADER,1,0,0,0,0,46
128045,26,adaptive-prasle,1960,1,0,0,46,0,644,0,1,26,126085,1960,0,47,0,0,0,LEADER,1,0,0,0,0,46
127674,42,adaptive-prasle,1591,1,0,0,46,0,644,0,1,42,126083,1591,0,47,0,0,0,LEADER,1,0,0,0,0,46
127683,31,adaptive-prasle,1598,1,0,0,46,0,644,0,1,31,126085,1598,0,47,0,0,0,LEADER,1,0,0,0,0,46
128440,94,adaptive-prasle,2355,1,0,0,46,0,644,0,1,94,126085,2355,0,47,0,0,0,LEADER,1,0,0,0,0,46
128010,45,adaptive-prasle,1925,1,0,0,46,0,644,0,1,45,126085,1925,0,47,0,0,0,LEADER,1,0,0,0,0,46
128383,60,adaptive-prasle,2298,1,0,0,46,0,644,0,1,60,126085,2298,0,47,0,0,0,LEADER,1,0,0,0,0,46
128489,44,adaptive-prasle,1483,1,0,0,47,0,658,0,1,44,127006,1483,0,48,0,0,0,LEADER,1,0,0,0,0,47
128092,33,adaptive-prasle,2007,1,0,0,46,0,644,0,1,33,126085,2007,0,47,0,0,0,LEADER,1,0,0,0,0,46
127737,51,adaptive-prasle,1652,1,0,0,46,0,644,0,1,51,126085,1652,0,47,0,0,0,LEADER,1,0,0,0,0,46
128247,72,adaptive-prasle,2162,1,0,0,46,0,644,0,1,72,126085,2162,0,47,0,0,0,LEADER,1,0,0,0,0,46
128537,22,adaptive-prasle,1531,1,0,0,47,0,658,0,1,22,127006,1531,0,48,0,0,0,LEADER,1,0,0,0,0,47
128037,24,adaptive-prasle,1952,1,0,0,46,0,644,0,1,24,126085,1952,0,47,0,0,0,LEADER,1,0,0,0,0,46
128569,32,adaptive-prasle,1564,1,0,0,47,0,658,0,1,32,127005,1564,0,48,0,0,0,LEADER,1,0,0,0,0,47
127756,93,adaptive-prasle,1671,1,0,0,46,0,644,0,1,93,126085,1671,0,47,0,0,0,LEADER,1,0,0,0,0,46
128428,69,adaptive-prasle,2343,1,0,0,46,0,644,0,1,69,126085,2343,0,47,0,0,0,LEADER,1,0,0,0,0,46
128415,79,adaptive-prasle,2331,1,0,0,46,0,644,0,1,79,126084,2331,0,47,0,0,0,LEADER,1,0,0,0,0,46
128110,75,adaptive-prasle,2025,1,0,0,46,0,644,0,1,75,126085,2025,0,47,0,0,0,LEADER,1,0,0,0,0,46
127837,81,adaptive-prasle,1752,1,0,0,46,0,644,0,1,81,126085,1752,0,47,0,0,0,LEADER,1,0,0,0,0,46
127695,52,adaptive-prasle,1610,1,0,0,46,0,644,0,1,52,126085,1610,0,47,0,0,0,LEADER,1,0,0,0,0,46
128174,21,adaptive-prasle,2088,1,0,0,46,0,644,0,1,21,126086,2088,0,47,0,0,0,LEADER,1,0,0,0,0,46
128350,29,adaptive-prasle,2265,1,0,0,46,0,644,0,1,29,126085,2265,0,47,0,0,0,LEADER,1,0,0,0,0,46
127926,100,adaptive-prasle,1841,1,0,0,46,0,644,0,1,100,126085,1841,0,47,0,0,0,LEADER,1,0,0,0,0,46
127771,61,adaptive-prasle,1686,1,0,0,46,0,644,0,1,61,126085,1686,0,47,0,0,0,LEADER,1,0,0,0,0,46
128335,91,adaptive-prasle,2250,1,0,0,46,0,644,0,1,91,126085,2250,0,47,0,0,0,LEADER,1,0,0,0,0,46
128380,6,adaptive-prasle,1797,1,0,0,11,20,154,280,4,6,126583,1797,0,6,0,0,0,LEADER,1,0,0,0,0,11
128295,37,adaptive-prasle,2210,1,0,0,46,0,644,0,1,37,126085,2210,0,47,0,0,0,LEADER,1,0,0,0,0,46
127838,38,adaptive-prasle,1755,1,0,0,46,0,644,0,1,38,126083,1755,0,47,0,0,0,LEADER,1,0,0,0,0,46
128583,11,adaptive-prasle,2055,1,0,0,9,6,126,84,4,11,126528,2055,0,7,0,0,0,LEADER,1,0,0,0,0,9
128504,98,adaptive-prasle,2419,1,0,0,46,0,644,0,1,98,126085,2419,0,47,0,0,0,LEADER,1,0,0,0,0,46
128362,27,adaptive-prasle,2280,1,0,0,46,0,644,0,1,27,126082,2280,0,47,0,0,0,LEADER,1,0,0,0,0,46
128213,62,adaptive-prasle,2128,1,0,0,46,0,644,0,1,62,126085,2128,0,47,0,0,0,LEADER,1,0,0,0,0,46
128022,56,adaptive-prasle,1937,1,0,0,46,0,644,0,1,56,126085,1937,0,47,0,0,0,LEADER,1,0,0,0,0,46
128410,99,adaptive-prasle,2328,1,0,0,46,0,644,0,1,99,126082,2328,0,47,0,0,0,LEADER,1,0,0,0,0,46
128289,48,adaptive-prasle,2202,1,0,0,46,0,644,0,1,48,126087,2202,0,47,0,0,0,LEADER,1,0,0,0,0,46
127804,71,adaptive-prasle,1719,1,0,0,46,0,644,0,1,71,126085,1719,0,47,0,0,0,LEADER,1,0,0,0,0,46
128029,87,adaptive-prasle,1944,1,0,0,46,0,644,0,1,87,126085,1944,0,47,0,0,0,LEADER,1,0,0,0,0,46
127955,36,adaptive-prasle,1870,1,0,0,46,0,644,0,1,36,126085,1870,0,47,0,0,0,LEADER,1,0,0,0,0,46
128452,77,adaptive-prasle,1446,1,0,0,47,0,658,0,1,77,127006,1446,0,48,0,0,0,LEADER,1,0,0,0,0,47
128645,83,adaptive-prasle,1637,1,0,0,47,0,658,0,1,83,127008,1637,0,48,0,0,0,LEADER,1,0,0,0,0,47
128144,85,adaptive-prasle,2059,1,0,0,46,0,644,0,1,85,126085,2059,0,47,0,0,0,LEADER,1,0,0,0,0,46
128673,19,adaptive-prasle,1667,1,0,0,47,0,658,0,1,19,127006,1667,0,48,0,0,0,LEADER,1,0,0,0,0,47
128828,65,adaptive-prasle,1822,1,0,0,47,0,658,0,1,65,127006,1822,0,48,0,0,0,LEADER,1,0,0,0,0,47
128434,35,adaptive-prasle,1428,1,0,0,47,0,658,0,1,35,127006,1428,0,48,0,0,0,LEADER,1,0,0,0,0,47
128449,86,adaptive-prasle,1443,1,0,0,47,0,658,0,1,86,127006,1443,0,48,0,0,0,LEADER,1,0,0,0,0,47
128491,50,adaptive-prasle,2406,1,0,0,46,0,644,0,1,50,126085,2406,0,47,0,0,0,LEADER,1,0,0,0,0,46
128507,55,adaptive-prasle,1501,1,0,0,47,0,658,0,1,55,127006,1501,0,48,0,0,0,LEADER,1,0,0,0,0,47
128546,63,adaptive-prasle,1540,1,0,0,47,0,658,0,1,63,127006,1540,0,48,0,0,0,LEADER,1,0,0,0,0,47
128910,46,adaptive-prasle,1904,1,0,0,47,0,658,0,1,46,127006,1904,0,48,0,0,0,LEADER,1,0,0,0,0,47
128705,53,adaptive-prasle,1701,1,0,0,47,0,658,0,1,53,127004,1701,0,48,0,0,0,LEADER,1,0,0,0,0,47
128059,23,adaptive-prasle,1974,1,0,0,46,0,644,0,1,23,126085,1974,0,47,0,0,0,LEADER,1,0,0,0,0,46
128928,88,adaptive-prasle,1922,1,0,0,47,0,658,0,1,88,127006,1922,0,48,0,0,0,LEADER,1,0,0,0,0,47
128455,34,adaptive-prasle,1449,1,0,0,47,0,658,0,1,34,127006,1449,0,48,0,0,0,LEADER,1,0,0,0,0,47
128062,97,adaptive-prasle,1977,1,0,0,46,0,644,0,1,97,126085,1977,0,47,0,0,0,LEADER,1,0,0,0,0,46
128182,20,adaptive-prasle,2095,1,0,0,46,0,644,0,1,20,126087,2095,0,47,0,0,0,LEADER,1,0,0,0,0,46
128262,40,adaptive-prasle,2177,1,0,0,46,0,644,0,1,40,126085,2177,0,47,0,0,0,LEADER,1,0,0,0,0,46
128185,47,adaptive-prasle,2100,1,0,0,46,0,644,0,1,47,126085,2100,0,47,0,0,0,LEADER,1,0,0,0,0,46
129098,95,adaptive-prasle,2092,1,0,0,47,0,658,0,1,95,127006,2092,0,48,0,0,0,LEADER,1,0,0,0,0,47
128480,25,adaptive-prasle,2395,1,0,0,46,0,644,0,1,25,126085,2395,0,47,0,0,0,LEADER,1,0,0,0,0,46
129086,84,adaptive-prasle,2080,1,0,0,47,0,658,0,1,84,127006,2080,0,48,0,0,0,LEADER,1,0,0,0,0,47
128362,70,adaptive-prasle,2277,1,0,0,46,0,644,0,1,70,126085,2277,0,47,0,0,0,LEADER,1,0,0,0,0,46
128280,82,adaptive-prasle,2195,1,0,0,46,0,644,0,1,82,126085,2195,0,47,0,0,0,LEADER,1,0,0,0,0,46
128498,67,adaptive-prasle,2413,1,0,0,46,0,644,0,1,67,126085,2413,0,47,0,0,0,LEADER,1,0,0,0,0,46
128450,89,adaptive-prasle,2365,1,0,0,46,0,644,0,1,89,126085,2365,0,47,0,0,0,LEADER,1,0,0,0,0,46
129119,28,adaptive-prasle,2113,1,0,0,47,0,658,0,1,28,127006,2113,0,48,0,0,0,LEADER,1,0,0,0,0,47
128861,68,adaptive-prasle,1855,1,0,0,47,0,658,0,1,68,127006,1855,0,48,0,0,0,LEADER,1,0,0,0,0,47
128813,90,adaptive-prasle,1807,1,0,0,47,0,658,0,1,90,127006,1807,0,48,0,0,0,LEADER,1,0,0,0,0,47
128474,76,adaptive-prasle,1468,1,0,0,47,0,658,0,1,76,127006,1468,0,48,0,0,0,LEADER,1,0,0,0,0,47
128795,10,adaptive-prasle,1789,1,0,0,47,0,658,0,1,10,127006,1789,0,48,0,0,0,LEADER,1,0,0,0,0,47
129227,58,adaptive-prasle,2221,1,0,0,47,0,658,0,1,58,127006,2221,0,48,0,0,0,LEADER,1,0,0,0,0,47
128610,73,adaptive-prasle,1604,1,0,0,47,0,658,0,1,73,127006,1604,0,48,0,0,0,LEADER,1,0,0,0,0,47
128350,59,adaptive-prasle,2265,1,0,0,46,0,644,0,1,59,126085,2265,0,47,0,0,0,LEADER,1,0,0,0,0,46
128625,41,adaptive-prasle,1619,1,0,0,47,0,658,0,1,41,127006,1619,0,48,0,0,0,LEADER,1,0,0,0,0,47
128540,96,adaptive-prasle,1534,1,0,0,47,0,658,0,1,96,127006,1534,0,48,0,0,0,LEADER,1,0,0,0,0,47
128773,49,adaptive-prasle,1767,1,0,0,47,0,658,0,1,49,127006,1767,0,48,0,0,0,LEADER,1,0,0,0,0,47
128842,74,adaptive-prasle,1837,1,0,0,47,0,658,0,1,74,127005,1837,0,48,0,0,0,LEADER,1,0,0,0,0,47
129234,92,adaptive-prasle,2228,1,0,0,47,0,658,0,1,92,127006,2228,0,48,0,0,0,LEADER,1,0,0,0,0,47
128442,66,adaptive-prasle,1434,1,0,0,47,0,658,0,1,66,127008,1434,0,48,0,0,0,LEADER,1,0,0,0,0,47
128465,57,adaptive-prasle,2380,1,0,0,46,0,644,0,1,57,126085,2380,0,47,0,0,0,LEADER,1,0,0,0,0,46
129266,78,adaptive-prasle,2260,1,0,0,47,0,658,0,1,78,127006,2260,0,48,0,0,0,LEADER,1,0,0,0,0,47
128431,39,adaptive-prasle,2346,1,0,0,46,0,644,0,1,39,126085,2346,0,47,0,0,0,LEADER,1,0,0,0,0,46
129149,30,adaptive-prasle,2143,1,0,0,47,0,658,0,1,30,127006,2143,0,48,0,0,0,LEADER,1,0,0,0,0,47
128555,64,adaptive-prasle,1549,1,0,0,47,0,658,0,1,64,127006,1549,0,48,0,0,0,LEADER,1,0,0,0,0,47
128780,80,adaptive-prasle,1774,1,0,0,47,0,658,0,1,80,127006,1774,0,48,0,0,0,LEADER,1,0,0,0,0,47
128520,54,adaptive-prasle,1516,1,0,0,47,0,658,0,1,54,127004,1516,0,48,0,0,0,LEADER,1,0,0,0,0,47
129046,43,adaptive-prasle,2040,1,0,0,47,0,658,0,1,43,127006,2040,0,48,0,0,0,LEADER,1,0,0,0,0,47
128966,26,adaptive-prasle,1960,1,0,0,47,0,658,0,1,26,127006,1960,0,48,0,0,0,LEADER,1,0,0,0,0,47
128595,42,adaptive-prasle,1591,1,0,0,47,0,658,0,1,42,127004,1591,0,48,0,0,0,LEADER,1,0,0,0,0,47
128604,31,adaptive-prasle,1598,1,0,0,47,0,658,0,1,31,127006,1598,0,48,0,0,0,LEADER,1,0,0,0,0,47
129361,94,adaptive-prasle,2355,1,0,0,47,0,658,0,1,94,127006,2355,0,48,0,0,0,LEADER,1,0,0,0,0,47
128931,45,adaptive-prasle,1925,1,0,0,47,0,658,0,1,45,127006,1925,0,48,0,0,0,LEADER,1,0,0,0,0,47
129304,60,adaptive-prasle,2298,1,0,0,47,0,658,0,1,60,127006,2298,0,48,0,0,0,LEADER,1,0,0,0,0,47
129409,44,adaptive-prasle,1483,1,0,0,47,0,658,0,1,44,127926,1483,0,48,0,0,0,LEADER,1,0,0,0,0,47
129013,33,adaptive-prasle,2007,1,0,0,47,0,658,0,1,33,127006,2007,0,48,0,0,0,LEADER,1,0,0,0,0,47
128658,51,adaptive-prasle,1652,1,0,0,47,0,658,0,1,51,127006,1652,0,48,0,0,0,LEADER,1,0,0,0,0,47
129457,22,adaptive-prasle,1531,1,0,0,47,0,658,0,1,22,127926,1531,0,48,0,0,0,LEADER,1,0,0,0,0,47
129168,72,adaptive-prasle,2162,1,0,0,47,0,658,0,1,72,127006,2162,0,48,0,0,0,LEADER,1,0,0,0,0,47
128958,24,adaptive-prasle,1952,1,0,0,47,0,658,0,1,24,127006,1952,0,48,0,0,0,LEADER,1,0,0,0,0,47
129489,32,adaptive-prasle,1564,1,0,0,47,0,658,0,1,32,127925,1564,0,48,0,0,0,LEADER,1,0,0,0,0,47
128677,93,adaptive-prasle,1671,1,0,0,47,0,658,0,1,93,127006,1671,0,48,0,0,0,LEADER,1,0,0,0,0,47
129351,69,adaptive-prasle,2343,1,0,0,47,0,658,0,1,69,127008,2343,0,48,0,0,0,LEADER,1,0,0,0,0,47
129336,79,adaptive-prasle,2331,1,0,0,47,0,658,0,1,79,127005,2331,0,48,0,0,0,LEADER,1,0,0,0,0,47
129031,75,adaptive-prasle,2025,1,0,0,47,0,658,0,1,75,127006,2025,0,48,0,0,0,LEADER,1,0,0,0,0,47
128758,81,adaptive-prasle,1752,1,0,0,47,0,658,0,1,81,127006,1752,0,48,0,0,0,LEADER,1,0,0,0,0,47
128616,52,adaptive-prasle,1610,1,0,0,47,0,658,0,1,52,127006,1610,0,48,0,0,0,LEADER,1,0,0,0,0,47
129095,21,adaptive-prasle,2088,1,0,0,47,0,658,0,1,21,127007,2088,0,48,0,0,0,LEADER,1,0,0,0,0,47
129271,29,adaptive-prasle,2265,1,0,0,47,0,658,0,1,29,127006,2265,0,48,0,0,0,LEADER,1,0,0,0,0,47
128847,100,adaptive-prasle,1841,1,0,0,47,0,658,0,1,100,127006,1841,0,48,0,0,0,LEADER,1,0,0,0,0,47
128692,61,adaptive-prasle,1686,1,0,0,47,0,658,0,1,61,127006,1686,0,48,0,0,0,LEADER,1,0,0,0,0,47
129256,91,adaptive-prasle,2250,1,0,0,47,0,658,0,1,91,127006,2250,0,48,0,0,0,LEADER,1,0,0,0,0,47
129216,37,adaptive-prasle,2210,1,0,0,47,0,658,0,1,37,127006,2210,0,48,0,0,0,LEADER,1,0,0,0,0,47
128759,38,adaptive-prasle,1755,1,0,0,47,0,658,0,1,38,127004,1755,0,48,0,0,0,LEADER,1,0,0,0,0,47
129425,98,adaptive-prasle,2419,1,0,0,47,0,658,0,1,98,127006,2419,0,48,0,0,0,LEADER,1,0,0,0,0,47
129283,27,adaptive-prasle,2280,1,0,0,47,0,658,0,1,27,127003,2280,0,48,0,0,0,LEADER,1,0,0,0,0,47
129134,62,adaptive-prasle,2128,1,0,0,47,0,658,0,1,62,127006,2128,0,48,0,0,0,LEADER,1,0,0,0,0,47
128943,56,adaptive-prasle,1937,1,0,0,47,0,658,0,1,56,127006,1937,0,48,0,0,0,LEADER,1,0,0,0,0,47
129331,99,adaptive-prasle,2328,1,0,0,47,0,658,0,1,99,127003,2328,0,48,0,0,0,LEADER,1,0,0,0,0,47
129600,12,adaptive-prasle,1578,1,0,0,6,6,84,84,3,12,128022,1578,0,5,0,0,0,LEADER,1,0,0,0,0,6
129210,48,adaptive-prasle,2202,1,0,0,47,0,658,0,1,48,127008,2202,0,48,0,0,0,LEADER,1,0,0,0,0,47
128725,71,adaptive-prasle,1719,1,0,0,47,0,658,0,1,71,127006,1719,0,48,0,0,0,LEADER,1,0,0,0,0,47
128950,87,adaptive-prasle,1944,1,0,0,47,0,658,0,1,87,127006,1944,0,48,0,0,0,LEADER,1,0,0,0,0,47
128876,36,adaptive-prasle,1870,1,0,0,47,0,658,0,1,36,127006,1870,0,48,0,0,0,LEADER,1,0,0,0,0,47
129372,77,adaptive-prasle,1446,1,0,0,47,0,658,0,1,77,127926,1446,0,48,0,0,0,LEADER,1,0,0,0,0,47
129565,83,adaptive-prasle,1637,1,0,0,47,0,658,0,1,83,127928,1637,0,48,0,0,0,LEADER,1,0,0,0,0,47
129065,85,adaptive-prasle,2059,1,0,0,47,0,658,0,1,85,127006,2059,0,48,0,0,0,LEADER,1,0,0,0,0,47
129593,19,adaptive-prasle,1667,1,0,0,47,0,658,0,1,19,127926,1667,0,48,0,0,0,LEADER,1,0,0,0,0,47
129748,65,adaptive-prasle,1822,1,0,0,47,0,658,0,1,65,127926,1822,0,48,0,0,0,LEADER,1,0,0,0,0,47
129354,35,adaptive-prasle,1428,1,0,0,47,0,658,0,1,35,127926,1428,0,48,0,0,0,LEADER,1,0,0,0,0,47
129369,86,adaptive-prasle,1443,1,0,0,47,0,658,0,1,86,127926,1443,0,48,0,0,0,LEADER,1,0,0,0,0,47
129412,50,adaptive-prasle,2406,1,0,0,47,0,658,0,1,50,127006,2406,0,48,0,0,0,LEADER,1,0,0,0,0,47
129427,55,adaptive-prasle,1501,1,0,0,47,0,658,0,1,55,127926,1501,0,48,0,0,0,LEADER,1,0,0,0,0,47
129466,63,adaptive-prasle,1540,1,0,0,47,0,658,0,1,63,127926,1540,0,48,0,0,0,LEADER,1,0,0,0,0,47
129830,46,adaptive-prasle,1904,1,0,0,47,0,658,0,1,46,127926,1904,0,48,0,0,0,LEADER,1,0,0,0,0,47
129625,53,adaptive-prasle,1701,1,0,0,47,0,658,0,1,53,127924,1701,0,48,0,0,0,LEADER,1,0,0,0,0,47
128980,23,adaptive-prasle,1974,1,0,0,47,0,658,0,1,23,127006,1974,0,48,0,0,0,LEADER,1,0,0,0,0,47
129848,88,adaptive-prasle,1922,1,0,0,47,0,658,0,1,88,127926,1922,0,48,0,0,0,LEADER,1,0,0,0,0,47
129375,34,adaptive-prasle,1449,1,0,0,47,0,658,0,1,34,127926,1449,0,48,0,0,0,LEADER,1,0,0,0,0,47
128983,97,adaptive-prasle,1977,1,0,0,47,0,658,0,1,97,127006,1977,0,48,0,0,0,LEADER,1,0,0,0,0,47
129103,20,adaptive-prasle,2095,1,0,0,47,0,658,0,1,20,127008,2095,0,48,0,0,0,LEADER,1,0,0,0,0,47
129183,40,adaptive-prasle,2177,1,0,0,47,0,658,0,1,40,127006,2177,0,48,0,0,0,LEADER,1,0,0,0,0,47
129106,47,adaptive-prasle,2100,1,0,0,47,0,658,0,1,47,127006,2100,0,48,0,0,0,LEADER,1,0,0,0,0,47
130018,95,adaptive-prasle,2092,1,0,0,47,0,658,0,1,95,127926,2092,0,48,0,0,0,LEADER,1,0,0,0,0,47
129401,25,adaptive-prasle,2395,1,0,0,47,0,658,0,1,25,127006,2395,0,48,0,0,0,LEADER,1,0,0,0,0,47
130006,84,adaptive-prasle,2080,1,0,0,47,0,658,0,1,84,127926,2080,0,48,0,0,0,LEADER,1,0,0,0,0,47
129283,70,adaptive-prasle,2277,1,0,0,47,0,658,0,1,70,127006,2277,0,48,0,0,0,LEADER,1,0,0,0,0,47
129201,82,adaptive-prasle,2195,1,0,0,47,0,658,0,1,82,127006,2195,0,48,0,0,0,LEADER,1,0,0,0,0,47
129419,67,adaptive-prasle,2413,1,0,0,47,0,658,0,1,67,127006,2413,0,48,0,0,0,LEADER,1,0,0,0,0,47
129371,89,adaptive-prasle,2365,1,0,0,47,0,658,0,1,89,127006,2365,0,48,0,0,0,LEADER,1,0,0,0,0,47
130039,28,adaptive-prasle,2113,1,0,0,47,0,658,0,1,28,127926,2113,0,48,0,0,0,LEADER,1,0,0,0,0,47
129781,68,adaptive-prasle,1855,1,0,0,47,0,658,0,1,68,127926,1855,0,48,0,0,0,LEADER,1,0,0,0,0,47
129733,90,adaptive-prasle,1807,1,0,0,47,0,658,0,1,90,127926,1807,0,48,0,0,0,LEADER,1,0,0,0,0,47
129394,76,adaptive-prasle,1468,1,0,0,47,0,658,0,1,76,127926,1468,0,48,0,0,0,LEADER,1,0,0,0,0,47
129715,10,adaptive-prasle,1789,1,0,0,47,0,658,0,1,10,127926,1789,0,48,0,0,0,LEADER,1,0,0,0,0,47
130147,58,adaptive-prasle,2221,1,0,0,47,0,658,0,1,58,127926,2221,0,48,0,0,0,LEADER,1,0,0,0,0,47
129530,73,adaptive-prasle,1604,1,0,0,47,0,658,0,1,73,127926,1604,0,48,0,0,0,LEADER,1,0,0,0,0,47
129271,59,adaptive-prasle,2265,1,0,0,47,0,658,0,1,59,127006,2265,0,48,0,0,0,LEADER,1,0,0,0,0,47
129545,41,adaptive-prasle,1619,1,0,0,47,0,658,0,1,41,127926,1619,0,48,0,0,0,LEADER,1,0,0,0,0,47
129460,96,adaptive-prasle,1534,1,0,0,47,0,658,0,1,96,127926,1534,0,48,0,0,0,LEADER,1,0,0,0,0,47
129693,49,adaptive-prasle,1767,1,0,0,47,0,658,0,1,49,127926,1767,0,48,0,0,0,LEADER,1,0,0,0,0,47
129762,74,adaptive-prasle,1837,1,0,0,47,0,658,0,1,74,127925,1837,0,48,0,0,0,LEADER,1,0,0,0,0,47
130154,92,adaptive-prasle,2228,1,0,0,47,0,658,0,1,92,127926,2228,0,48,0,0,0,LEADER,1,0,0,0,0,47
129362,66,adaptive-prasle,1434,1,0,0,47,0,658,0,1,66,127928,1434,0,48,0,0,0,LEADER,1,0,0,0,0,47
129386,57,adaptive-prasle,2380,1,0,0,47,0,658,0,1,57,127006,2380,0,48,0,0,0,LEADER,1,0,0,0,0,47
130186,78,adaptive-prasle,2260,1,0,0,47,0,658,0,1,78,127926,2260,0,48,0,0,0,LEADER,1,0,0,0,0,47
129352,39,adaptive-prasle,2346,1,0,0,47,0,658,0,1,39,127006,2346,0,48,0,0,0,LEADER,1,0,0,0,0,47
130069,30,adaptive-prasle,2143,1,0,0,47,0,658,0,1,30,127926,2143,0,48,0,0,0,LEADER,1,0,0,0,0,47
129475,64,adaptive-prasle,1549,1,0,0,47,0,658,0,1,64,127926,1549,0,48,0,0,0,LEADER,1,0,0,0,0,47
129700,80,adaptive-prasle,1774,1,0,0,47,0,658,0,1,80,127926,1774,0,48,0,0,0,LEADER,1,0,0,0,0,47
129440,54,adaptive-prasle,1516,1,0,0,47,0,658,0,1,54,127924,1516,0,48,0,0,0,LEADER,1,0,0,0,0,47
129966,43,adaptive-prasle,2040,1,0,0,47,0,658,0,1,43,127926,2040,0,48,0,0,0,LEADER,1,0,0,0,0,47
129886,26,adaptive-prasle,1960,1,0,0,47,0,658,0,1,26,127926,1960,0,48,0,0,0,LEADER,1,0,0,0,0,47
129515,42,adaptive-prasle,1591,1,0,0,47,0,658,0,1,42,127924,1591,0,48,0,0,0,LEADER,1,0,0,0,0,47
129524,31,adaptive-prasle,1598,1,0,0,47,0,658,0,1,31,127926,1598,0,48,0,0,0,LEADER,1,0,0,0,0,47
130281,94,adaptive-prasle,2355,1,0,0,47,0,658,0,1,94,127926,2355,0,48,0,0,0,LEADER,1,0,0,0,0,47
129851,45,adaptive-prasle,1925,1,0,0,47,0,658,0,1,45,127926,1925,0,48,0,0,0,LEADER,1,0,0,0,0,47
130224,60,adaptive-prasle,2298,1,0,0,47,0,658,0,1,60,127926,2298,0,48,0,0,0,LEADER,1,0,0,0,0,47
130329,44,adaptive-prasle,1483,1,0,0,47,0,658,0,1,44,128846,1483,0,48,0,0,0,LEADER,1,0,0,0,0,47
129933,33,adaptive-prasle,2007,1,0,0,47,0,658,0,1,33,127926,2007,0,48,0,0,0,LEADER,1,0,0,0,0,47
129578,51,adaptive-prasle,1652,1,0,0,47,0,658,0,1,51,127926,1652,0,48,0,0,0,LEADER,1,0,0,0,0,47
130377,22,adaptive-prasle,1531,1,0,0,47,0,658,0,1,22,128846,1531,0,48,0,0,0,LEADER,1,0,0,0,0,47
130088,72,adaptive-prasle,2162,1,0,0,47,0,658,0,1,72,127926,2162,0,48,0,0,0,LEADER,1,0,0,0,0,47
129878,24,adaptive-prasle,1952,1,0,0,47,0,658,0,1,24,127926,1952,0,48,0,0,0,LEADER,1,0,0,0,0,47
130409,32,adaptive-prasle,1564,1,0,0,47,0,658,0,1,32,128845,1564,0,48,0,0,0,LEADER,1,0,0,0,0,47
129597,93,adaptive-prasle,1671,1,0,0,47,0,658,0,1,93,127926,1671,0,48,0,0,0,LEADER,1,0,0,0,0,47
130256,79,adaptive-prasle,2331,1,0,0,47,0,658,0,1,79,127925,2331,0,48,0,0,0,LEADER,1,0,0,0,0,47
130271,69,adaptive-prasle,2343,1,0,0,47,0,658,0,1,69,127928,2343,0,48,0,0,0,LEADER,1,0,0,0,0,47
129951,75,adaptive-prasle,2025,1,0,0,47,0,658,0,1,75,127926,2025,0,48,0,0,0,LEADER,1,0,0,0,0,47
129678,81,adaptive-prasle,1752,1,0,0,47,0,658,0,1,81,127926,1752,0,48,0,0,0,LEADER,1,0,0,0,0,47
129536,52,adaptive-prasle,1610,1,0,0,47,0,658,0,1,52,127926,1610,0,48,0,0,0,LEADER,1,0,0,0,0,47
130015,21,adaptive-prasle,2088,1,0,0,47,0,658,0,1,21,127927,2088,0,48,0,0,0,LEADER,1,0,0,0,0,47
130191,29,adaptive-prasle,2265,1,0,0,47,0,658,0,1,29,127926,2265,0,48,0,0,0,LEADER,1,0,0,0,0,47
129767,100,adaptive-prasle,1841,1,0,0,47,0,658,0,1,100,127926,1841,0,48,0,0,0,LEADER,1,0,0,0,0,47
129612,61,adaptive-prasle,1686,1,0,0,47,0,658,0,1,61,127926,1686,0,48,0,0,0,LEADER,1,0,0,0,0,47
130176,91,adaptive-prasle,2250,1,0,0,47,0,658,0,1,91,127926,2250,0,48,0,0,0,LEADER,1,0,0,0,0,47
130136,37,adaptive-prasle,2210,1,0,0,47,0,658,0,1,37,127926,2210,0,48,0,0,0,LEADER,1,0,0,0,0,47
129679,38,adaptive-prasle,1755,1,0,0,47,0,658,0,1,38,127924,1755,0,48,0,0,0,LEADER,1,0,0,0,0,47
130345,98,adaptive-prasle,2419,1,0,0,47,0,658,0,1,98,127926,2419,0,48,0,0,0,LEADER,1,0,0,0,0,47
130203,27,adaptive-prasle,2280,1,0,0,47,0,658,0,1,27,127923,2280,0,48,0,0,0,LEADER,1,0,0,0,0,47
129863,56,adaptive-prasle,1937,1,0,0,47,0,658,0,1,56,127926,1937,0,48,0,0,0,LEADER,1,0,0,0,0,47
130054,62,adaptive-prasle,2128,1,0,0,47,0,658,0,1,62,127926,2128,0,48,0,0,0,LEADER,1,0,0,0,0,47
130251,99,adaptive-prasle,2328,1,0,0,47,0,658,0,1,99,127923,2328,0,48,0,0,0,LEADER,1,0,0,0,0,47
130130,48,adaptive-prasle,2202,1,0,0,47,0,658,0,1,48,127928,2202,0,48,0,0,0,LEADER,1,0,0,0,0,47
129645,71,adaptive-prasle,1719,1,0,0,47,0,658,0,1,71,127926,1719,0,48,0,0,0,LEADER,1,0,0,0,0,47
129870,87,adaptive-prasle,1944,1,0,0,47,0,658,0,1,87,127926,1944,0,48,0,0,0,LEADER,1,0,0,0,0,47
129796,36,adaptive-prasle,1870,1,0,0,47,0,658,0,1,36,127926,1870,0,48,0,0,0,LEADER,1,0,0,0,0,47
130292,77,adaptive-prasle,1446,1,0,0,47,0,658,0,1,77,128846,1446,0,48,0,0,0,LEADER,1,0,0,0,0,47
130485,83,adaptive-prasle,1637,1,0,0,47,0,658,0,1,83,128848,1637,0,48,0,0,0,LEADER,1,0,0,0,0,47
129985,85,adaptive-prasle,2059,1,0,0,47,0,658,0,1,85,127926,2059,0,48,0,0,0,LEADER,1,0,0,0,0,47
130513,19,adaptive-prasle,1667,1,0,0,47,0,658,0,1,19,128846,1667,0,48,0,0,0,LEADER,1,0,0,0,0,47
130668,65,adaptive-prasle,1822,1,0,0,47,0,658,0,1,65,128846,1822,0,48,0,0,0,LEADER,1,0,0,0,0,47
130274,35,adaptive-prasle,1428,1,0,0,47,0,658,0,1,35,128846,1428,0,48,0,0,0,LEADER,1,0,0,0,0,47
130289,86,adaptive-prasle,1443,1,0,0,47,0,658,0,1,86,128846,1443,0,48,0,0,0,LEADER,1,0,0,0,0,47
130332,50,adaptive-prasle,2406,1,0,0,47,0,658,0,1,50,127926,2406,0,48,0,0,0,LEADER,1,0,0,0,0,47
130347,55,adaptive-prasle,1501,1,0,0,47,0,658,0,1,55,128846,1501,0,48,0,0,0,LEADER,1,0,0,0,0,47
130386,63,adaptive-prasle,1540,1,0,0,47,0,658,0,1,63,128846,1540,0,48,0,0,0,LEADER,1,0,0,0,0,47
130750,46,adaptive-prasle,1904,1,0,0,47,0,658,0,1,46,128846,1904,0,48,0,0,0,LEADER,1,0,0,0,0,47
130545,53,adaptive-prasle,1701,1,0,0,47,0,658,0,1,53,128844,1701,0,48,0,0,0,LEADER,1,0,0,0,0,47
129900,23,adaptive-prasle,1974,1,0,0,47,0,658,0,1,23,127926,1974,0,48,0,0,0,LEADER,1,0,0,0,0,47
130768,88,adaptive-prasle,1922,1,0,0,47,0,658,0,1,88,128846,1922,0,48,0,0,0,LEADER,1,0,0,0,0,47
130295,34,adaptive-prasle,1449,1,0,0,47,0,658,0,1,34,128846,1449,0,48,0,0,0,LEADER,1,0,0,0,0,47
129903,97,adaptive-prasle,1977,1,0,0,47,0,658,0,1,97,127926,1977,0,48,0,0,0,LEADER,1,0,0,0,0,47
130023,20,adaptive-prasle,2095,1,0,0,47,0,658,0,1,20,127928,2095,0,48,0,0,0,LEADER,1,0,0,0,0,47
130103,40,adaptive-prasle,2177,1,0,0,47,0,658,0,1,40,127926,2177,0,48,0,0,0,LEADER,1,0,0,0,0,47
130026,47,adaptive-prasle,2100,1,0,0,47,0,658,0,1,47,127926,2100,0,48,0,0,0,LEADER,1,0,0,0,0,47
130938,95,adaptive-prasle,2092,1,0,0,47,0,658,0,1,95,128846,2092,0,48,0,0,0,LEADER,1,0,0,0,0,47
130321,25,adaptive-prasle,2395,1,0,0,47,0,658,0,1,25,127926,2395,0,48,0,0,0,LEADER,1,0,0,0,0,47
130926,84,adaptive-prasle,2080,1,0,0,47,0,658,0,1,84,128846,2080,0,48,0,0,0,LEADER,1,0,0,0,0,47
130203,70,adaptive-prasle,2277,1,0,0,47,0,658,0,1,70,127926,2277,0,48,0,0,0,LEADER,1,0,0,0,0,47
130121,82,adaptive-prasle,2195,1,0,0,47,0,658,0,1,82,127926,2195,0,48,0,0,0,LEADER,1,0,0,0,0,47
130339,67,adaptive-prasle,2413,1,0,0,47,0,658,0,1,67,127926,2413,0,48,0,0,0,LEADER,1,0,0,0,0,47
130291,89,adaptive-prasle,2365,1,0,0,47,0,658,0,1,89,127926,2365,0,48,0,0,0,LEADER,1,0,0,0,0,47
130959,28,adaptive-prasle,2113,1,0,0,47,0,658,0,1,28,128846,2113,0,48,0,0,0,LEADER,1,0,0,0,0,47
130701,68,adaptive-prasle,1855,1,0,0,47,0,658,0,1,68,128846,1855,0,48,0,0,0,LEADER,1,0,0,0,0,47
130653,90,adaptive-prasle,1807,1,0,0,47,0,658,0,1,90,128846,1807,0,48,0,0,0,LEADER,1,0,0,0,0,47
130314,76,adaptive-prasle,1468,1,0,0,47,0,658,0,1,76,128846,1468,0,48,0,0,0,LEADER,1,0,0,0,0,47
130635,10,adaptive-prasle,1789,1,0,0,47,0,658,0,1,10,128846,1789,0,48,0,0,0,LEADER,1,0,0,0,0,47
131067,58,adaptive-prasle,2221,1,0,0,47,0,658,0,1,58,128846,2221,0,48,0,0,0,LEADER,1,0,0,0,0,47
130450,73,adaptive-prasle,1604,1,0,0,47,0,658,0,1,73,128846,1604,0,48,0,0,0,LEADER,1,0,0,0,0,47
130191,59,adaptive-prasle,2265,1,0,0,47,0,658,0,1,59,127926,2265,0,48,0,0,0,LEADER,1,0,0,0,0,47
130465,41,adaptive-prasle,1619,1,0,0,47,0,658,0,1,41,128846,1619,0,48,0,0,0,LEADER,1,0,0,0,0,47
130380,96,adaptive-prasle,1534,1,0,0,47,0,658,0,1,96,128846,1534,0,48,0,0,0,LEADER,1,0,0,0,0,47
130779,7,adaptive-prasle,1749,1,0,0,12,24,168,336,5,6,129030,1749,0,6,0,0,0,NORMAL,0,0,0,0,0,12
130613,49,adaptive-prasle,1767,1,0,0,47,0,658,0,1,49,128846,1767,0,48,0,0,0,LEADER,1,0,0,0,0,47
130682,74,adaptive-prasle,1837,1,0,0,47,0,658,0,1,74,128845,1837,0,48,0,0,0,LEADER,1,0,0,0,0,47
131074,92,adaptive-prasle,2228,1,0,0,47,0,658,0,1,92,128846,2228,0,48,0,0,0,LEADER,1,0,0,0,0,47
130282,66,adaptive-prasle,1434,1,0,0,47,0,658,0,1,66,128848,1434,0,48,0,0,0,LEADER,1,0,0,0,0,47
130719,17,adaptive-prasle,1782,1,0,0,13,12,182,168,3,17,128937,1782,0,5,0,0,0,LEADER,1,0,0,0,0,13
131072,18,adaptive-prasle,2226,1,0,0,16,13,224,182,3,18,128846,2226,0,5,0,0,0,LEADER,1,0,0,0,0,16
130306,57,adaptive-prasle,2380,1,0,0,47,0,658,0,1,57,127926,2380,0,48,0,0,0,LEADER,1,0,0,0,0,47
131106,78,adaptive-prasle,2260,1,0,0,47,0,658,0,1,78,128846,2260,0,48,0,0,0,LEADER,1,0,0,0,0,47
130272,39,adaptive-prasle,2346,1,0,0,47,0,658,0,1,39,127926,2346,0,48,0,0,0,LEADER,1,0,0,0,0,47
130989,30,adaptive-prasle,2143,1,0,0,47,0,658,0,1,30,128846,2143,0,48,0,0,0,LEADER,1,0,0,0,0,47
130395,64,adaptive-prasle,1549,1,0,0,47,0,658,0,1,64,128846,1549,0,48,0,0,0,LEADER,1,0,0,0,0,47
130620,80,adaptive-prasle,1774,1,0,0,47,0,658,0,1,80,128846,1774,0,48,0,0,0,LEADER,1,0,0,0,0,47
130360,54,adaptive-prasle,1516,1,0,0,47,0,658,0,1,54,128844,1516,0,48,0,0,0,LEADER,1,0,0,0,0,47
130886,43,adaptive-prasle,2040,1,0,0,47,0,658,0,1,43,128846,2040,0,48,0,0,0,LEADER,1,0,0,0,0,47
130806,26,adaptive-prasle,1960,1,0,0,47,0,658,0,1,26,128846,1960,0,48,0,0,0,LEADER,1,0,0,0,0,47
130435,42,adaptive-prasle,1591,1,0,0,47,0,658,0,1,42,128844,1591,0,48,0,0,0,LEADER,1,0,0,0,0,47
130444,31,adaptive-prasle,1598,1,0,0,47,0,658,0,1,31,128846,1598,0,48,0,0,0,LEADER,1,0,0,0,0,47
131201,94,adaptive-prasle,2355,1,0,0,47,0,658,0,1,94,128846,2355,0,48,0,0,0,LEADER,1,0,0,0,0,47
130771,45,adaptive-prasle,1925,1,0,0,47,0,658,0,1,45,128846,1925,0,48,0,0,0,LEADER,1,0,0,0,0,47
131144,60,adaptive-prasle,2298,1,0,0,47,0,658,0,1,60,128846,2298,0,48,0,0,0,LEADER,1,0,0,0,0,47
131250,44,adaptive-prasle,1483,1,0,0,48,0,672,0,1,44,129767,1483,0,49,0,0,0,LEADER,1,0,0,0,0,48
130853,33,adaptive-prasle,2007,1,0,0,47,0,658,0,1,33,128846,2007,0,48,0,0,0,LEADER,1,0,0,0,0,47
130498,51,adaptive-prasle,1652,1,0,0,47,0,658,0,1,51,128846,1652,0,48,0,0,0,LEADER,1,0,0,0,0,47
131008,72,adaptive-prasle,2162,1,0,0,47,0,658,0,1,72,128846,2162,0,48,0,0,0,LEADER,1,0,0,0,0,47
131298,22,adaptive-prasle,1531,1,0,0,48,0,672,0,1,22,129767,1531,0,49,0,0,0,LEADER,1,0,0,0,0,48
130798,24,adaptive-prasle,1952,1,0,0,47,0,658,0,1,24,128846,1952,0,48,0,0,0,LEADER,1,0,0,0,0,47
131330,32,adaptive-prasle,1564,1,0,0,48,0,672,0,1,32,129766,1564,0,49,0,0,0,LEADER,1,0,0,0,0,48
130517,93,adaptive-prasle,1671,1,0,0,47,0,658,0,1,93,128846,1671,0,48,0,0,0,LEADER,1,0,0,0,0,47
131176,79,adaptive-prasle,2331,1,0,0,47,0,658,0,1,79,128845,2331,0,48,0,0,0,LEADER,1,0,0,0,0,47
131191,69,adaptive-prasle,2343,1,0,0,47,0,658,0,1,69,128848,2343,0,48,0,0,0,LEADER,1,0,0,0,0,47
130871,75,adaptive-prasle,2025,1,0,0,47,0,658,0,1,75,128846,2025,0,48,0,0,0,LEADER,1,0,0,0,0,47
130598,81,adaptive-prasle,1752,1,0,0,47,0,658,0,1,81,128846,1752,0,48,0,0,0,LEADER,1,0,0,0,0,47
130456,52,adaptive-prasle,1610,1,0,0,47,0,658,0,1,52,128846,1610,0,48,0,0,0,LEADER,1,0,0,0,0,47
130935,21,adaptive-prasle,2088,1,0,0,47,0,658,0,1,21,128847,2088,0,48,0,0,0,LEADER,1,0,0,0,0,47
131111,29,adaptive-prasle,2265,1,0,0,47,0,658,0,1,29,128846,2265,0,48,0,0,0,LEADER,1,0,0,0,0,47
130687,100,adaptive-prasle,1841,1,0,0,47,0,658,0,1,100,128846,1841,0,48,0,0,0,LEADER,1,0,0,0,0,47
131101,5,adaptive-prasle,2338,1,0,0,10,20,140,280,6,3,128763,2338,0,7,0,0,0,NORMAL,0,0,0,0,0,10
130532,61,adaptive-prasle,1686,1,0,0,47,0,658,0,1,61,128846,1686,0,48,0,0,0,LEADER,1,0,0,0,0,47
131096,91,adaptive-prasle,2250,1,0,0,47,0,658,0,1,91,128846,2250,0,48,0,0,0,LEADER,1,0,0,0,0,47
131056,37,adaptive-prasle,2210,1,0,0,47,0,658,0,1,37,128846,2210,0,48,0,0,0,LEADER,1,0,0,0,0,47
130599,38,adaptive-prasle,1755,1,0,0,47,0,658,0,1,38,128844,1755,0,48,0,0,0,LEADER,1,0,0,0,0,47
131265,98,adaptive-prasle,2419,1,0,0,47,0,658,0,1,98,128846,2419,0,48,0,0,0,LEADER,1,0,0,0,0,47
131123,27,adaptive-prasle,2280,1,0,0,47,0,658,0,1,27,128843,2280,0,48,0,0,0,LEADER,1,0,0,0,0,47
130974,62,adaptive-prasle,2128,1,0,0,47,0,658,0,1,62,128846,2128,0,48,0,0,0,LEADER,1,0,0,0,0,47
130783,56,adaptive-prasle,1937,1,0,0,47,0,658,0,1,56,128846,1937,0,48,0,0,0,LEADER,1,0,0,0,0,47
131171,99,adaptive-prasle,2328,1,0,0,47,0,658,0,1,99,128843,2328,0,48,0,0,0,LEADER,1,0,0,0,0,47
131050,48,adaptive-prasle,2202,1,0,0,47,0,658,0,1,48,128848,2202,0,48,0,0,0,LEADER,1,0,0,0,0,47
130565,71,adaptive-prasle,1719,1,0,0,47,0,658,0,1,71,128846,1719,0,48,0,0,0,LEADER,1,0,0,0,0,47
130790,87,adaptive-prasle,1944,1,0,0,47,0,658,0,1,87,128846,1944,0,48,0,0,0,LEADER,1,0,0,0,0,47
130716,36,adaptive-prasle,1870,1,0,0,47,0,658,0,1,36,128846,1870,0,48,0,0,0,LEADER,1,0,0,0,0,47
131213,77,adaptive-prasle,1446,1,0,0,48,0,672,0,1,77,129767,1446,0,49,0,0,0,LEADER,1,0,0,0,0,48
131406,83,adaptive-prasle,1637,1,0,0,48,0,672,0,1,83,129769,1637,0,49,0,0,0,LEADER,1,0,0,0,0,48
130905,85,adaptive-prasle,2059,1,0,0,47,0,658,0,1,85,128846,2059,0,48,0,0,0,LEADER,1,0,0,0,0,47
131434,19,adaptive-prasle,1667,1,0,0,48,0,672,0,1,19,129767,1667,0,49,0,0,0,LEADER,1,0,0,0,0,48
131589,65,adaptive-prasle,1822,1,0,0,48,0,672,0,1,65,129767,1822,0,49,0,0,0,LEADER,1,0,0,0,0,48
131195,35,adaptive-prasle,1428,1,0,0,48,0,672,0,1,35,129767,1428,0,49,0,0,0,LEADER,1,0,0,0,0,48
131210,86,adaptive-prasle,1443,1,0,0,48,0,672,0,1,86,129767,1443,0,49,0,0,0,LEADER,1,0,0,0,0,48
131252,50,adaptive-prasle,2406,1,0,0,47,0,658,0,1,50,128846,2406,0,48,0,0,0,LEADER,1,0,0,0,0,47
131268,55,adaptive-prasle,1501,1,0,0,48,0,672,0,1,55,129767,1501,0,49,0,0,0,LEADER,1,0,0,0,0,48
131307,63,adaptive-prasle,1540,1,0,0,48,0,672,0,1,63,129767,1540,0,49,0,0,0,LEADER,1,0,0,0,0,48
131671,46,adaptive-prasle,1904,1,0,0,48,0,672,0,1,46,129767,1904,0,49,0,0,0,LEADER,1,0,0,0,0,48
131466,53,adaptive-prasle,1701,1,0,0,48,0,672,0,1,53,129765,1701,0,49,0,0,0,LEADER,1,0,0,0,0,48
130820,23,adaptive-prasle,1974,1,0,0,47,0,658,0,1,23,128846,1974,0,48,0,0,0,LEADER,1,0,0,0,0,47
131689,88,adaptive-prasle,1922,1,0,0,48,0,672,0,1,88,129767,1922,0,49,0,0,0,LEADER,1,0,0,0,0,48
131216,34,adaptive-prasle,1449,1,0,0,48,0,672,0,1,34,129767,1449,0,49,0,0,0,LEADER,1,0,0,0,0,48
130823,97,adaptive-prasle,1977,1,0,0,47,0,658,0,1,97,128846,1977,0,48,0,0,0,LEADER,1,0,0,0,0,47
130943,20,adaptive-prasle,2095,1,0,0,47,0,658,0,1,20,128848,2095,0,48,0,0,0,LEADER,1,0,0,0,0,47
131023,40,adaptive-prasle,2177,1,0,0,47,0,658,0,1,40,128846,2177,0,48,0,0,0,LEADER,1,0,0,0,0,47
130948,47,adaptive-prasle,2100,1,0,0,47,0,658,0,1,47,128848,2100,0,48,0,0,0,LEADER,1,0,0,0,0,47
131859,95,adaptive-prasle,2092,1,0,0,48,0,672,0,1,95,129767,2092,0,49,0,0,0,LEADER,1,0,0,0,0,48
131241,25,adaptive-prasle,2395,1,0,0,47,0,658,0,1,25,128846,2395,0,48,0,0,0,LEADER,1,0,0,0,0,47
131847,84,adaptive-prasle,2080,1,0,0,48,0,672,0,1,84,129767,2080,0,49,0,0,0,LEADER,1,0,0,0,0,48
131123,70,adaptive-prasle,2277,1,0,0,47,0,658,0,1,70,128846,2277,0,48,0,0,0,LEADER,1,0,0,0,0,47
131041,82,adaptive-prasle,2195,1,0,0,47,0,658,0,1,82,128846,2195,0,48,0,0,0,LEADER,1,0,0,0,0,47
131259,67,adaptive-prasle,2413,1,0,0,47,0,658,0,1,67,128846,2413,0,48,0,0,0,LEADER,1,0,0,0,0,47
131211,89,adaptive-prasle,2365,1,0,0,47,0,658,0,1,89,128846,2365,0,48,0,0,0,LEADER,1,0,0,0,0,47
131880,28,adaptive-prasle,2113,1,0,0,48,0,672,0,1,28,129767,2113,0,49,0,0,0,LEADER,1,0,0,0,0,48
131622,68,adaptive-prasle,1855,1,0,0,48,0,672,0,1,68,129767,1855,0,49,0,0,0,LEADER,1,0,0,0,0,48
131574,90,adaptive-prasle,1807,1,0,0,48,0,672,0,1,90,129767,1807,0,49,0,0,0,LEADER,1,0,0,0,0,48
131235,76,adaptive-prasle,1468,1,0,0,48,0,672,0,1,76,129767,1468,0,49,0,0,0,LEADER,1,0,0,0,0,48
131556,10,adaptive-prasle,1789,1,0,0,48,0,672,0,1,10,129767,1789,0,49,0,0,0,LEADER,1,0,0,0,0,48
131988,58,adaptive-prasle,2221,1,0,0,48,0,672,0,1,58,129767,2221,0,49,0,0,0,LEADER,1,0,0,0,0,48
131371,73,adaptive-prasle,1604,1,0,0,48,0,672,0,1,73,129767,1604,0,49,0,0,0,LEADER,1,0,0,0,0,48
131111,59,adaptive-prasle,2265,1,0,0,47,0,658,0,1,59,128846,2265,0,48,0,0,0,LEADER,1,0,0,0,0,47
131386,41,adaptive-prasle,1619,1,0,0,48,0,672,0,1,41,129767,1619,0,49,0,0,0,LEADER,1,0,0,0,0,48
131301,96,adaptive-prasle,1534,1,0,0,48,0,672,0,1,96,129767,1534,0,49,0,0,0,LEADER,1,0,0,0,0,48
131534,49,adaptive-prasle,1767,1,0,0,48,0,672,0,1,49,129767,1767,0,49,0,0,0,LEADER,1,0,0,0,0,48
131603,74,adaptive-prasle,1837,1,0,0,48,0,672,0,1,74,129766,1837,0,49,0,0,0,LEADER,1,0,0,0,0,48
131995,92,adaptive-prasle,2228,1,0,0,48,0,672,0,1,92,129767,2228,0,49,0,0,0,LEADER,1,0,0,0,0,48
131203,66,adaptive-prasle,1434,1,0,0,48,0,672,0,1,66,129769,1434,0,49,0,0,0,LEADER,1,0,0,0,0,48
131226,57,adaptive-prasle,2380,1,0,0,47,0,658,0,1,57,128846,2380,0,48,0,0,0,LEADER,1,0,0,0,0,47
132027,78,adaptive-prasle,2260,1,0,0,48,0,672,0,1,78,129767,2260,0,49,0,0,0,LEADER,1,0,0,0,0,48
131192,39,adaptive-prasle,2346,1,0,0,47,0,658,0,1,39,128846,2346,0,48,0,0,0,LEADER,1,0,0,0,0,47
131910,30,adaptive-prasle,2143,1,0,0,48,0,672,0,1,30,129767,2143,0,49,0,0,0,LEADER,1,0,0,0,0,48
131316,64,adaptive-prasle,1549,1,0,0,48,0,672,0,1,64,129767,1549,0,49,0,0,0,LEADER,1,0,0,0,0,48
131541,80,adaptive-prasle,1774,1,0,0,48,0,672,0,1,80,129767,1774,0,49,0,0,0,LEADER,1,0,0,0,0,48
131281,54,adaptive-prasle,1516,1,0,0,48,0,672,0,1,54,129765,1516,0,49,0,0,0,LEADER,1,0,0,0,0,48
131807,43,adaptive-prasle,2040,1,0,0,48,0,672,0,1,43,129767,2040,0,49,0,0,0,LEADER,1,0,0,0,0,48
131727,26,adaptive-prasle,1960,1,0,0,48,0,672,0,1,26,129767,1960,0,49,0,0,0,LEADER,1,0,0,0,0,48
131356,42,adaptive-prasle,1591,1,0,0,48,0,672,0,1,42,129765,1591,0,49,0,0,0,LEADER,1,0,0,0,0,48
131365,31,adaptive-prasle,1598,1,0,0,48,0,672,0,1,31,129767,1598,0,49,0,0,0,LEADER,1,0,0,0,0,48
132122,94,adaptive-prasle,2355,1,0,0,48,0,672,0,1,94,129767,2355,0,49,0,0,0,LEADER,1,0,0,0,0,48
131692,45,adaptive-prasle,1925,1,0,0,48,0,672,0,1,45,129767,1925,0,49,0,0,0,LEADER,1,0,0,0,0,48
132065,60,adaptive-prasle,2298,1,0,0,48,0,672,0,1,60,129767,2298,0,49,0,0,0,LEADER,1,0,0,0,0,48
132170,44,adaptive-prasle,1483,1,0,0,48,0,672,0,1,44,130687,1483,0,49,0,0,0,LEADER,1,0,0,0,0,48
131774,33,adaptive-prasle,2007,1,0,0,48,0,672,0,1,33,129767,2007,0,49,0,0,0,LEADER,1,0,0,0,0,48
131419,51,adaptive-prasle,1652,1,0,0,48,0,672,0,1,51,129767,1652,0,49,0,0,0,LEADER,1,0,0,0,0,48
132218,22,adaptive-prasle,1531,1,0,0,48,0,672,0,1,22,130687,1531,0,49,0,0,0,LEADER,1,0,0,0,0,48
131929,72,adaptive-prasle,2162,1,0,0,48,0,672,0,1,72,129767,2162,0,49,0,0,0,LEADER,1,0,0,0,0,48
131719,24,adaptive-prasle,1952,1,0,0,48,0,672,0,1,24,129767,1952,0,49,0,0,0,LEADER,1,0,0,0,0,48
132250,32,adaptive-prasle,1564,1,0,0,48,0,672,0,1,32,130686,1564,0,49,0,0,0,LEADER,1,0,0,0,0,48
131438,93,adaptive-prasle,1671,1,0,0,48,0,672,0,1,93,129767,1671,0,49,0,0,0,LEADER,1,0,0,0,0,48
132112,69,adaptive-prasle,2343,1,0,0,48,0,672,0,1,69,129769,2343,0,49,0,0,0,LEADER,1,0,0,0,0,48
132097,79,adaptive-prasle,2331,1,0,0,48,0,672,0,1,79,129766,2331,0,49,0,0,0,LEADER,1,0,0,0,0,48
131792,75,adaptive-prasle,2025,1,0,0,48,0,672,0,1,75,129767,2025,0,49,0,0,0,LEADER,1,0,0,0,0,48
131519,81,adaptive-prasle,1752,1,0,0,48,0,672,0,1,81,129767,1752,0,49,0,0,0,LEADER,1,0,0,0,0,48
131377,52,adaptive-prasle,1610,1,0,0,48,0,672,0,1,52,129767,1610,0,49,0,0,0,LEADER,1,0,0,0,0,48
131856,21,adaptive-prasle,2088,1,0,0,48,0,672,0,1,21,129768,2088,0,49,0,0,0,LEADER,1,0,0,0,0,48
132032,29,adaptive-prasle,2265,1,0,0,48,0,672,0,1,29,129767,2265,0,49,0,0,0,LEADER,1,0,0,0,0,48
131608,100,adaptive-prasle,1841,1,0,0,48,0,672,0,1,100,129767,1841,0,49,0,0,0,LEADER,1,0,0,0,0,48
131453,61,adaptive-prasle,1686,1,0,0,48,0,672,0,1,61,129767,1686,0,49,0,0,0,LEADER,1,0,0,0,0,48
132017,91,adaptive-prasle,2250,1,0,0,48,0,672,0,1,91,129767,2250,0,49,0,0,0,LEADER,1,0,0,0,0,48
131977,37,adaptive-prasle,2210,1,0,0,48,0,672,0,1,37,129767,2210,0,49,0,0,0,LEADER,1,0,0,0,0,48
131520,38,adaptive-prasle,1755,1,0,0,48,0,672,0,1,38,129765,1755,0,49,0,0,0,LEADER,1,0,0,0,0,48
132186,98,adaptive-prasle,2419,1,0,0,48,0,672,0,1,98,129767,2419,0,49,0,0,0,LEADER,1,0,0,0,0,48
132044,27,adaptive-prasle,2280,1,0,0,48,0,672,0,1,27,129764,2280,0,49,0,0,0,LEADER,1,0,0,0,0,48
131895,62,adaptive-prasle,2128,1,0,0,48,0,672,0,1,62,129767,2128,0,49,0,0,0,LEADER,1,0,0,0,0,48
131704,56,adaptive-prasle,1937,1,0,0,48,0,672,0,1,56,129767,1937,0,49,0,0,0,LEADER,1,0,0,0,0,48
132092,99,adaptive-prasle,2328,1,0,0,48,0,672,0,1,99,129764,2328,0,49,0,0,0,LEADER,1,0,0,0,0,48
131971,48,adaptive-prasle,2202,1,0,0,48,0,672,0,1,48,129769,2202,0,49,0,0,0,LEADER,1,0,0,0,0,48
131486,71,adaptive-prasle,1719,1,0,0,48,0,672,0,1,71,129767,1719,0,49,0,0,0,LEADER,1,0,0,0,0,48
131711,87,adaptive-prasle,1944,1,0,0,48,0,672,0,1,87,129767,1944,0,49,0,0,0,LEADER,1,0,0,0,0,48
131637,36,adaptive-prasle,1870,1,0,0,48,0,672,0,1,36,129767,1870,0,49,0,0,0,LEADER,1,0,0,0,0,48
132133,77,adaptive-prasle,1446,1,0,0,48,0,672,0,1,77,130687,1446,0,49,0,0,0,LEADER,1,0,0,0,0,48
132326,83,adaptive-prasle,1637,1,0,0,48,0,672,0,1,83,130689,1637,0,49,0,0,0,LEADER,1,0,0,0,0,48
131826,85,adaptive-prasle,2059,1,0,0,48,0,672,0,1,85,129767,2059,0,49,0,0,0,LEADER,1,0,0,0,0,48
132354,19,adaptive-prasle,1667,1,0,0,48,0,672,0,1,19,130687,1667,0,49,0,0,0,LEADER,1,0,0,0,0,48
132509,65,adaptive-prasle,1822,1,0,0,48,0,672,0,1,65,130687,1822,0,49,0,0,0,LEADER,1,0,0,0,0,48
132115,35,adaptive-prasle,1428,1,0,0,48,0,672,0,1,35,130687,1428,0,49,0,0,0,LEADER,1,0,0,0,0,48
132130,86,adaptive-prasle,1443,1,0,0,48,0,672,0,1,86,130687,1443,0,49,0,0,0,LEADER,1,0,0,0,0,48
132173,50,adaptive-prasle,2406,1,0,0,48,0,672,0,1,50,129767,2406,0,49,0,0,0,LEADER,1,0,0,0,0,48
132188,55,adaptive-prasle,1501,1,0,0,48,0,672,0,1,55,130687,1501,0,49,0,0,0,LEADER,1,0,0,0,0,48
132227,63,adaptive-prasle,1540,1,0,0,48,0,672,0,1,63,130687,1540,0,49,0,0,0,LEADER,1,0,0,0,0,48
132591,46,adaptive-prasle,1904,1,0,0,48,0,672,0,1,46,130687,1904,0,49,0,0,0,LEADER,1,0,0,0,0,48
132386,53,adaptive-prasle,1701,1,0,0,48,0,672,0,1,53,130685,1701,0,49,0,0,0,LEADER,1,0,0,0,0,48
131741,23,adaptive-prasle,1974,1,0,0,48,0,672,0,1,23,129767,1974,0,49,0,0,0,LEADER,1,0,0,0,0,48
132609,88,adaptive-prasle,1922,1,0,0,48,0,672,0,1,88,130687,1922,0,49,0,0,0,LEADER,1,0,0,0,0,48
132136,34,adaptive-prasle,1449,1,0,0,48,0,672,0,1,34,130687,1449,0,49,0,0,0,LEADER,1,0,0,0,0,48
131744,97,adaptive-prasle,1977,1,0,0,48,0,672,0,1,97,129767,1977,0,49,0,0,0,LEADER,1,0,0,0,0,48
131864,20,adaptive-prasle,2095,1,0,0,48,0,672,0,1,20,129769,2095,0,49,0,0,0,LEADER,1,0,0,0,0,48
131944,40,adaptive-prasle,2177,1,0,0,48,0,672,0,1,40,129767,2177,0,49,0,0,0,LEADER,1,0,0,0,0,48
131869,47,adaptive-prasle,2100,1,0,0,48,0,672,0,1,47,129769,2100,0,49,0,0,0,LEADER,1,0,0,0,0,48
132779,95,adaptive-prasle,2092,1,0,0,48,0,672,0,1,95,130687,2092,0,49,0,0,0,LEADER,1,0,0,0,0,48
132162,25,adaptive-prasle,2395,1,0,0,48,0,672,0,1,25,129767,2395,0,49,0,0,0,LEADER,1,0,0,0,0,48
132767,84,adaptive-prasle,2080,1,0,0,48,0,672,0,1,84,130687,2080,0,49,0,0,0,LEADER,1,0,0,0,0,48
132044,70,adaptive-prasle,2277,1,0,0,48,0,672,0,1,70,129767,2277,0,49,0,0,0,LEADER,1,0,0,0,0,48
131962,82,adaptive-prasle,2195,1,0,0,48,0,672,0,1,82,129767,2195,0,49,0,0,0,LEADER,1,0,0,0,0,48
132180,67,adaptive-prasle,2413,1,0,0,48,0,672,0,1,67,129767,2413,0,49,0,0,0,LEADER,1,0,0,0,0,48
132132,89,adaptive-prasle,2365,1,0,0,48,0,672,0,1,89,129767,2365,0,49,0,0,0,LEADER,1,0,0,0,0,48
132800,28,adaptive-prasle,2113,1,0,0,48,0,672,0,1,28,130687,2113,0,49,0,0,0,LEADER,1,0,0,0,0,48
132542,68,adaptive-prasle,1855,1,0,0,48,0,672,0,1,68,130687,1855,0,49,0,0,0,LEADER,1,0,0,0,0,48
132494,90,adaptive-prasle,1807,1,0,0,48,0,672,0,1,90,130687,1807,0,49,0,0,0,LEADER,1,0,0,0,0,48
132155,76,adaptive-prasle,1468,1,0,0,48,0,672,0,1,76,130687,1468,0,49,0,0,0,LEADER,1,0,0,0,0,48
132908,58,adaptive-prasle,2221,1,0,0,48,0,672,0,1,58,130687,2221,0,49,0,0,0,LEADER,1,0,0,0,0,48
132476,10,adaptive-prasle,1789,1,0,0,48,0,672,0,1,10,130687,1789,0,49,0,0,0,LEADER,1,0,0,0,0,48
132291,73,adaptive-prasle,1604,1,0,0,48,0,672,0,1,73,130687,1604,0,49,0,0,0,LEADER,1,0,0,0,0,48
132032,59,adaptive-prasle,2265,1,0,0,48,0,672,0,1,59,129767,2265,0,49,0,0,0,LEADER,1,0,0,0,0,48
132306,41,adaptive-prasle,1619,1,0,0,48,0,672,0,1,41,130687,1619,0,49,0,0,0,LEADER,1,0,0,0,0,48
132221,96,adaptive-prasle,1534,1,0,0,48,0,672,0,1,96,130687,1534,0,49,0,0,0,LEADER,1,0,0,0,0,48
132454,49,adaptive-prasle,1767,1,0,0,48,0,672,0,1,49,130687,1767,0,49,0,0,0,LEADER,1,0,0,0,0,48
132523,74,adaptive-prasle,1837,1,0,0,48,0,672,0,1,74,130686,1837,0,49,0,0,0,LEADER,1,0,0,0,0,48
132660,14,adaptive-prasle,2096,1,0,0,9,10,126,140,3,3,130564,2096,0,5,0,0,0,NORMAL,0,0,0,0,0,9
132915,92,adaptive-prasle,2228,1,0,0,48,0,672,0,1,92,130687,2228,0,49,0,0,0,LEADER,1,0,0,0,0,48
132123,66,adaptive-prasle,1434,1,0,0,48,0,672,0,1,66,130689,1434,0,49,0,0,0,LEADER,1,0,0,0,0,48
132147,57,adaptive-prasle,2380,1,0,0,48,0,672,0,1,57,129767,2380,0,49,0,0,0,LEADER,1,0,0,0,0,48
132947,78,adaptive-prasle,2260,1,0,0,48,0,672,0,1,78,130687,2260,0,49,0,0,0,LEADER,1,0,0,0,0,48
132113,39,adaptive-prasle,2346,1,0,0,48,0,672,0,1,39,129767,2346,0,49,0,0,0,LEADER,1,0,0,0,0,48
132830,30,adaptive-prasle,2143,1,0,0,48,0,672,0,1,30,130687,2143,0,49,0,0,0,LEADER,1,0,0,0,0,48
132236,64,adaptive-prasle,1549,1,0,0,48,0,672,0,1,64,130687,1549,0,49,0,0,0,LEADER,1,0,0,0,0,48
132461,80,adaptive-prasle,1774,1,0,0,48,0,672,0,1,80,130687,1774,0,49,0,0,0,LEADER,1,0,0,0,0,48
132201,54,adaptive-prasle,1516,1,0,0,48,0,672,0,1,54,130685,1516,0,49,0,0,0,LEADER,1,0,0,0,0,48
132727,43,adaptive-prasle,2040,1,0,0,48,0,672,0,1,43,130687,2040,0,49,0,0,0,LEADER,1,0,0,0,0,48
132647,26,adaptive-prasle,1960,1,0,0,48,0,672,0,1,26,130687,1960,0,49,0,0,0,LEADER,1,0,0,0,0,48
132276,42,adaptive-prasle,1591,1,0,0,48,0,672,0,1,42,130685,1591,0,49,0,0,0,LEADER,1,0,0,0,0,48
132285,31,adaptive-prasle,1598,1,0,0,48,0,672,0,1,31,130687,1598,0,49,0,0,0,LEADER,1,0,0,0,0,48
133042,94,adaptive-prasle,2355,1,0,0,48,0,672,0,1,94,130687,2355,0,49,0,0,0,LEADER,1,0,0,0,0,48
132612,45,adaptive-prasle,1925,1,0,0,48,0,672,0,1,45,130687,1925,0,49,0,0,0,LEADER,1,0,0,0,0,48
132985,60,adaptive-prasle,2298,1,0,0,48,0,672,0,1,60,130687,2298,0,49,0,0,0,LEADER,1,0,0,0,0,48
133090,44,adaptive-prasle,1483,1,0,0,48,0,672,0,1,44,131607,1483,0,49,0,0,0,LEADER,1,0,0,0,0,48
132462,13,adaptive-prasle,1941,1,0,0,8,8,112,112,2,3,130521,1941,0,5,0,0,0,NORMAL,0,0,0,0,0,8
132694,33,adaptive-prasle,2007,1,0,0,48,0,672,0,1,33,130687,2007,0,49,0,0,0,LEADER,1,0,0,0,0,48
132339,51,adaptive-prasle,1652,1,0,0,48,0,672,0,1,51,130687,1652,0,49,0,0,0,LEADER,1,0,0,0,0,48
133138,22,adaptive-prasle,1531,1,0,0,48,0,672,0,1,22,131607,1531,0,49,0,0,0,LEADER,1,0,0,0,0,48
132849,72,adaptive-prasle,2162,1,0,0,48,0,672,0,1,72,130687,2162,0,49,0,0,0,LEADER,1,0,0,0,0,48
132639,24,adaptive-prasle,1952,1,0,0,48,0,672,0,1,24,130687,1952,0,49,0,0,0,LEADER,1,0,0,0,0,48
133170,32,adaptive-prasle,1564,1,0,0,48,0,672,0,1,32,131606,1564,0,49,0,0,0,LEADER,1,0,0,0,0,48
132358,93,adaptive-prasle,1671,1,0,0,48,0,672,0,1,93,130687,1671,0,49,0,0,0,LEADER,1,0,0,0,0,48
133017,79,adaptive-prasle,2331,1,0,0,48,0,672,0,1,79,130686,2331,0,49,0,0,0,LEADER,1,0,0,0,0,48
133032,69,adaptive-prasle,2343,1,0,0,48,0,672,0,1,69,130689,2343,0,49,0,0,0,LEADER,1,0,0,0,0,48
132712,75,adaptive-prasle,2025,1,0,0,48,0,672,0,1,75,130687,2025,0,49,0,0,0,LEADER,1,0,0,0,0,48
132439,81,adaptive-prasle,1752,1,0,0,48,0,672,0,1,81,130687,1752,0,49,0,0,0,LEADER,1,0,0,0,0,48
132297,52,adaptive-prasle,1610,1,0,0,48,0,672,0,1,52,130687,1610,0,49,0,0,0,LEADER,1,0,0,0,0,48
132776,21,adaptive-prasle,2088,1,0,0,48,0,672,0,1,21,130688,2088,0,49,0,0,0,LEADER,1,0,0,0,0,48
132952,29,adaptive-prasle,2265,1,0,0,48,0,672,0,1,29,130687,2265,0,49,0,0,0,LEADER,1,0,0,0,0,48
132528,100,adaptive-prasle,1841,1,0,0,48,0,672,0,1,100,130687,1841,0,49,0,0,0,LEADER,1,0,0,0,0,48
132373,61,adaptive-prasle,1686,1,0,0,48,0,672,0,1,61,130687,1686,0,49,0,0,0,LEADER,1,0,0,0,0,48
132937,91,adaptive-prasle,2250,1,0,0,48,0,672,0,1,91,130687,2250,0,49,0,0,0,LEADER,1,0,0,0,0,48
132897,37,adaptive-prasle,2210,1,0,0,48,0,672,0,1,37,130687,2210,0,49,0,0,0,LEADER,1,0,0,0,0,48
132440,38,adaptive-prasle,1755,1,0,0,48,0,672,0,1,38,130685,1755,0,49,0,0,0,LEADER,1,0,0,0,0,48
133106,98,adaptive-prasle,2419,1,0,0,48,0,672,0,1,98,130687,2419,0,49,0,0,0,LEADER,1,0,0,0,0,48
132964,27,adaptive-prasle,2280,1,0,0,48,0,672,0,1,27,130684,2280,0,49,0,0,0,LEADER,1,0,0,0,0,48
132815,62,adaptive-prasle,2128,1,0,0,48,0,672,0,1,62,130687,2128,0,49,0,0,0,LEADER,1,0,0,0,0,48
132624,56,adaptive-prasle,1937,1,0,0,48,0,672,0,1,56,130687,1937,0,49,0,0,0,LEADER,1,0,0,0,0,48
133012,99,adaptive-prasle,2328,1,0,0,48,0,672,0,1,99,130684,2328,0,49,0,0,0,LEADER,1,0,0,0,0,48
132891,48,adaptive-prasle,2202,1,0,0,48,0,672,0,1,48,130689,2202,0,49,0,0,0,LEADER,1,0,0,0,0,48
132406,71,adaptive-prasle,1719,1,0,0,48,0,672,0,1,71,130687,1719,0,49,0,0,0,LEADER,1,0,0,0,0,48
132631,87,adaptive-prasle,1944,1,0,0,48,0,672,0,1,87,130687,1944,0,49,0,0,0,LEADER,1,0,0,0,0,48
132557,36,adaptive-prasle,1870,1,0,0,48,0,672,0,1,36,130687,1870,0,49,0,0,0,LEADER,1,0,0,0,0,48
133053,77,adaptive-prasle,1446,1,0,0,48,0,672,0,1,77,131607,1446,0,49,0,0,0,LEADER,1,0,0,0,0,48
133246,83,adaptive-prasle,1637,1,0,0,48,0,672,0,1,83,131609,1637,0,49,0,0,0,LEADER,1,0,0,0,0,48
132746,85,adaptive-prasle,2059,1,0,0,48,0,672,0,1,85,130687,2059,0,49,0,0,0,LEADER,1,0,0,0,0,48
133274,19,adaptive-prasle,1667,1,0,0,48,0,672,0,1,19,131607,1667,0,49,0,0,0,LEADER,1,0,0,0,0,48
133429,65,adaptive-prasle,1822,1,0,0,48,0,672,0,1,65,131607,1822,0,49,0,0,0,LEADER,1,0,0,0,0,48
133035,35,adaptive-prasle,1428,1,0,0,48,0,672,0,1,35,131607,1428,0,49,0,0,0,LEADER,1,0,0,0,0,48
133050,86,adaptive-prasle,1443,1,0,0,48,0,672,0,1,86,131607,1443,0,49,0,0,0,LEADER,1,0,0,0,0,48
133093,50,adaptive-prasle,2406,1,0,0,48,0,672,0,1,50,130687,2406,0,49,0,0,0,LEADER,1,0,0,0,0,48
133108,55,adaptive-prasle,1501,1,0,0,48,0,672,0,1,55,131607,1501,0,49,0,0,0,LEADER,1,0,0,0,0,48
133147,63,adaptive-prasle,1540,1,0,0,48,0,672,0,1,63,131607,1540,0,49,0,0,0,LEADER,1,0,0,0,0,48
133511,46,adaptive-prasle,1904,1,0,0,48,0,672,0,1,46,131607,1904,0,49,0,0,0,LEADER,1,0,0,0,0,48
133306,53,adaptive-prasle,1701,1,0,0,48,0,672,0,1,53,131605,1701,0,49,0,0,0,LEADER,1,0,0,0,0,48
132661,23,adaptive-prasle,1974,1,0,0,48,0,672,0,1,23,130687,1974,0,49,0,0,0,LEADER,1,0,0,0,0,48
133529,88,adaptive-prasle,1922,1,0,0,48,0,672,0,1,88,131607,1922,0,49,0,0,0,LEADER,1,0,0,0,0,48
133056,34,adaptive-prasle,1449,1,0,0,48,0,672,0,1,34,131607,1449,0,49,0,0,0,LEADER,1,0,0,0,0,48
132664,97,adaptive-prasle,1977,1,0,0,48,0,672,0,1,97,130687,1977,0,49,0,0,0,LEADER,1,0,0,0,0,48
132784,20,adaptive-prasle,2095,1,0,0,48,0,672,0,1,20,130689,2095,0,49,0,0,0,LEADER,1,0,0,0,0,48
132864,40,adaptive-prasle,2177,1,0,0,48,0,672,0,1,40,130687,2177,0,49,0,0,0,LEADER,1,0,0,0,0,48
132789,47,adaptive-prasle,2100,1,0,0,48,0,672,0,1,47,130689,2100,0,49,0,0,0,LEADER,1,0,0,0,0,48
133699,95,adaptive-prasle,2092,1,0,0,48,0,672,0,1,95,131607,2092,0,49,0,0,0,LEADER,1,0,0,0,0,48
133082,25,adaptive-prasle,2395,1,0,0,48,0,672,0,1,25,130687,2395,0,49,0,0,0,LEADER,1,0,0,0,0,48
133687,84,adaptive-prasle,2080,1,0,0,48,0,672,0,1,84,131607,2080,0,49,0,0,0,LEADER,1,0,0,0,0,48
132964,70,adaptive-prasle,2277,1,0,0,48,0,672,0,1,70,130687,2277,0,49,0,0,0,LEADER,1,0,0,0,0,48
132882,82,adaptive-prasle,2195,1,0,0,48,0,672,0,1,82,130687,2195,0,49,0,0,0,LEADER,1,0,0,0,0,48
133100,67,adaptive-prasle,2413,1,0,0,48,0,672,0,1,67,130687,2413,0,49,0,0,0,LEADER,1,0,0,0,0,48
133052,89,adaptive-prasle,2365,1,0,0,48,0,672,0,1,89,130687,2365,0,49,0,0,0,LEADER,1,0,0,0,0,48
133720,28,adaptive-prasle,2113,1,0,0,48,0,672,0,1,28,131607,2113,0,49,0,0,0,LEADER,1,0,0,0,0,48
133462,68,adaptive-prasle,1855,1,0,0,48,0,672,0,1,68,131607,1855,0,49,0,0,0,LEADER,1,0,0,0,0,48
133414,90,adaptive-prasle,1807,1,0,0,48,0,672,0,1,90,131607,1807,0,49,0,0,0,LEADER,1,0,0,0,0,48
133075,76,adaptive-prasle,1468,1,0,0,48,0,672,0,1,76,131607,1468,0,49,0,0,0,LEADER,1,0,0,0,0,48
133828,58,adaptive-prasle,2221,1,0,0,48,0,672,0,1,58,131607,2221,0,49,0,0,0,LEADER,1,0,0,0,0,48
133396,10,adaptive-prasle,1789,1,0,0,48,0,672,0,1,10,131607,1789,0,49,0,0,0,LEADER,1,0,0,0,0,48
133211,73,adaptive-prasle,1604,1,0,0,48,0,672,0,1,73,131607,1604,0,49,0,0,0,LEADER,1,0,0,0,0,48
132952,59,adaptive-prasle,2265,1,0,0,48,0,672,0,1,59,130687,2265,0,49,0,0,0,LEADER,1,0,0,0,0,48
133226,41,adaptive-prasle,1619,1,0,0,48,0,672,0,1,41,131607,1619,0,49,0,0,0,LEADER,1,0,0,0,0,48
133141,96,adaptive-prasle,1534,1,0,0,48,0,672,0,1,96,131607,1534,0,49,0,0,0,LEADER,1,0,0,0,0,48
133374,49,adaptive-prasle,1767,1,0,0,48,0,672,0,1,49,131607,1767,0,49,0,0,0,LEADER,1,0,0,0,0,48
133443,74,adaptive-prasle,1837,1,0,0,48,0,672,0,1,74,131606,1837,0,49,0,0,0,LEADER,1,0,0,0,0,48
133835,92,adaptive-prasle,2228,1,0,0,48,0,672,0,1,92,131607,2228,0,49,0,0,0,LEADER,1,0,0,0,0,48
133043,66,adaptive-prasle,1434,1,0,0,48,0,672,0,1,66,131609,1434,0,49,0,0,0,LEADER,1,0,0,0,0,48
133067,57,adaptive-prasle,2380,1,0,0,48,0,672,0,1,57,130687,2380,0,49,0,0,0,LEADER,1,0,0,0,0,48
133867,78,adaptive-prasle,2260,1,0,0,48,0,672,0,1,78,131607,2260,0,49,0,0,0,LEADER,1,0,0,0,0,48
133033,39,adaptive-prasle,2346,1,0,0,48,0,672,0,1,39,130687,2346,0,49,0,0,0,LEADER,1,0,0,0,0,48
133750,30,adaptive-prasle,2143,1,0,0,48,0,672,0,1,30,131607,2143,0,49,0,0,0,LEADER,1,0,0,0,0,48
133156,64,adaptive-prasle,1549,1,0,0,48,0,672,0,1,64,131607,1549,0,49,0,0,0,LEADER,1,0,0,0,0,48
133381,80,adaptive-prasle,1774,1,0,0,48,0,672,0,1,80,131607,1774,0,49,0,0,0,LEADER,1,0,0,0,0,48
133121,54,adaptive-prasle,1516,1,0,0,48,0,672,0,1,54,131605,1516,0,49,0,0,0,LEADER,1,0,0,0,0,48
133647,43,adaptive-prasle,2040,1,0,0,48,0,672,0,1,43,131607,2040,0,49,0,0,0,LEADER,1,0,0,0,0,48
133567,26,adaptive-prasle,1960,1,0,0,48,0,672,0,1,26,131607,1960,0,49,0,0,0,LEADER,1,0,0,0,0,48
133196,42,adaptive-prasle,1591,1,0,0,48,0,672,0,1,42,131605,1591,0,49,0,0,0,LEADER,1,0,0,0,0,48
133205,31,adaptive-prasle,1598,1,0,0,48,0,672,0,1,31,131607,1598,0,49,0,0,0,LEADER,1,0,0,0,0,48
133962,94,adaptive-prasle,2355,1,0,0,48,0,672,0,1,94,131607,2355,0,49,0,0,0,LEADER,1,0,0,0,0,48
133532,45,adaptive-prasle,1925,1,0,0,48,0,672,0,1,45,131607,1925,0,49,0,0,0,LEADER,1,0,0,0,0,48
133905,60,adaptive-prasle,2298,1,0,0,48,0,672,0,1,60,131607,2298,0,49,0,0,0,LEADER,1,0,0,0,0,48
134011,44,adaptive-prasle,1483,1,0,0,49,0,686,0,1,44,132528,1483,0,50,0,0,0,LEADER,1,0,0,0,0,49
133614,33,adaptive-prasle,2007,1,0,0,48,0,672,0,1,33,131607,2007,0,49,0,0,0,LEADER,1,0,0,0,0,48
133259,51,adaptive-prasle,1652,1,0,0,48,0,672,0,1,51,131607,1652,0,49,0,0,0,LEADER,1,0,0,0,0,48
134059,22,adaptive-prasle,1531,1,0,0,49,0,686,0,1,22,132528,1531,0,50,0,0,0,LEADER,1,0,0,0,0,49
133769,72,adaptive-prasle,2162,1,0,0,48,0,672,0,1,72,131607,2162,0,49,0,0,0,LEADER,1,0,0,0,0,48
133559,24,adaptive-prasle,1952,1,0,0,48,0,672,0,1,24,131607,1952,0,49,0,0,0,LEADER,1,0,0,0,0,48
134091,32,adaptive-prasle,1564,1,0,0,49,0,686,0,1,32,132527,1564,0,50,0,0,0,LEADER,1,0,0,0,0,49
133278,93,adaptive-prasle,1671,1,0,0,48,0,672,0,1,93,131607,1671,0,49,0,0,0,LEADER,1,0,0,0,0,48
133937,79,adaptive-prasle,2331,1,0,0,48,0,672,0,1,79,131606,2331,0,49,0,0,0,LEADER,1,0,0,0,0,48
133952,69,adaptive-prasle,2343,1,0,0,48,0,672,0,1,69,131609,2343,0,49,0,0,0,LEADER,1,0,0,0,0,48
133632,75,adaptive-prasle,2025,1,0,0,48,0,672,0,1,75,131607,2025,0,49,0,0,0,LEADER,1,0,0,0,0,48
133359,81,adaptive-prasle,1752,1,0,0,48,0,672,0,1,81,131607,1752,0,49,0,0,0,LEADER,1,0,0,0,0,48
133217,52,adaptive-prasle,1610,1,0,0,48,0,672,0,1,52,131607,1610,0,49,0,0,0,LEADER,1,0,0,0,0,48
133696,21,adaptive-prasle,2088,1,0,0,48,0,672,0,1,21,131608,2088,0,49,0,0,0,LEADER,1,0,0,0,0,48
133872,29,adaptive-prasle,2265,1,0,0,48,0,672,0,1,29,131607,2265,0,49,0,0,0,LEADER,1,0,0,0,0,48
133448,100,adaptive-prasle,1841,1,0,0,48,0,672,0,1,100,131607,1841,0,49,0,0,0,LEADER,1,0,0,0,0,48
133293,61,adaptive-prasle,1686,1,0,0,48,0,672,0,1,61,131607,1686,0,49,0,0,0,LEADER,1,0,0,0,0,48
133857,91,adaptive-prasle,2250,1,0,0,48,0,672,0,1,91,131607,2250,0,49,0,0,0,LEADER,1,0,0,0,0,48
133817,37,adaptive-prasle,2210,1,0,0,48,0,672,0,1,37,131607,2210,0,49,0,0,0,LEADER,1,0,0,0,0,48
133360,38,adaptive-prasle,1755,1,0,0,48,0,672,0,1,38,131605,1755,0,49,0,0,0,LEADER,1,0,0,0,0,48
134026,98,adaptive-prasle,2419,1,0,0,48,0,672,0,1,98,131607,2419,0,49,0,0,0,LEADER,1,0,0,0,0,48
133884,27,adaptive-prasle,2280,1,0,0,48,0,672,0,1,27,131604,2280,0,49,0,0,0,LEADER,1,0,0,0,0,48
133735,62,adaptive-prasle,2128,1,0,0,48,0,672,0,1,62,131607,2128,0,49,0,0,0,LEADER,1,0,0,0,0,48
133544,56,adaptive-prasle,1937,1,0,0,48,0,672,0,1,56,131607,1937,0,49,0,0,0,LEADER,1,0,0,0,0,48
133932,99,adaptive-prasle,2328,1,0,0,48,0,672,0,1,99,131604,2328,0,49,0,0,0,LEADER,1,0,0,0,0,48
133811,48,adaptive-prasle,2202,1,0,0,48,0,672,0,1,48,131609,2202,0,49,0,0,0,LEADER,1,0,0,0,0,48
133326,71,adaptive-prasle,1719,1,0,0,48,0,672,0,1,71,131607,1719,0,49,0,0,0,LEADER,1,0,0,0,0,48
133551,87,adaptive-prasle,1944,1,0,0,48,0,672,0,1,87,131607,1944,0,49,0,0,0,LEADER,1,0,0,0,0,48
133477,36,adaptive-prasle,1870,1,0,0,48,0,672,0,1,36,131607,1870,0,49,0,0,0,LEADER,1,0,0,0,0,48
133974,77,adaptive-prasle,1446,1,0,0,49,0,686,0,1,77,132528,1446,0,50,0,0,0,LEADER,1,0,0,0,0,49
134167,83,adaptive-prasle,1637,1,0,0,49,0,686,0,1,83,132530,1637,0,50,0,0,0,LEADER,1,0,0,0,0,49
133666,85,adaptive-prasle,2059,1,0,0,48,0,672,0,1,85,131607,2059,0,49,0,0,0,LEADER,1,0,0,0,0,48
134195,19,adaptive-prasle,1667,1,0,0,49,0,686,0,1,19,132528,1667,0,50,0,0,0,LEADER,1,0,0,0,0,49
134350,65,adaptive-prasle,1822,1,0,0,49,0,686,0,1,65,132528,1822,0,50,0,0,0,LEADER,1,0,0,0,0,49
133956,35,adaptive-prasle,1428,1,0,0,49,0,686,0,1,35,132528,1428,0,50,0,0,0,LEADER,1,0,0,0,0,49
133971,86,adaptive-prasle,1443,1,0,0,49,0,686,0,1,86,132528,1443,0,50,0,0,0,LEADER,1,0,0,0,0,49
134013,50,adaptive-prasle,2406,1,0,0,48,0,672,0,1,50,131607,2406,0,49,0,0,0,LEADER,1,0,0,0,0,48
134029,55,adaptive-prasle,1501,1,0,0,49,0,686,0,1,55,132528,1501,0,50,0,0,0,LEADER,1,0,0,0,0,49
134068,63,adaptive-prasle,1540,1,0,0,49,0,686,0,1,63,132528,1540,0,50,0,0,0,LEADER,1,0,0,0,0,49
134432,46,adaptive-prasle,1904,1,0,0,49,0,686,0,1,46,132528,1904,0,50,0,0,0,LEADER,1,0,0,0,0,49
134227,53,adaptive-prasle,1701,1,0,0,49,0,686,0,1,53,132526,1701,0,50,0,0,0,LEADER,1,0,0,0,0,49
133581,23,adaptive-prasle,1974,1,0,0,48,0,672,0,1,23,131607,1974,0,49,0,0,0,LEADER,1,0,0,0,0,48
134450,88,adaptive-prasle,1922,1,0,0,49,0,686,0,1,88,132528,1922,0,50,0,0,0,LEADER,1,0,0,0,0,49
133977,34,adaptive-prasle,1449,1,0,0,49,0,686,0,1,34,132528,1449,0,50,0,0,0,LEADER,1,0,0,0,0,49
133584,97,adaptive-prasle,1977,1,0,0,48,0,672,0,1,97,131607,1977,0,49,0,0,0,LEADER,1,0,0,0,0,48
133704,20,adaptive-prasle,2095,1,0,0,48,0,672,0,1,20,131609,2095,0,49,0,0,0,LEADER,1,0,0,0,0,48
133784,40,adaptive-prasle,2177,1,0,0,48,0,672,0,1,40,131607,2177,0,49,0,0,0,LEADER,1,0,0,0,0,48
133709,47,adaptive-prasle,2100,1,0,0,48,0,672,0,1,47,131609,2100,0,49,0,0,0,LEADER,1,0,0,0,0,48
134620,95,adaptive-prasle,2092,1,0,0,49,0,686,0,1,95,132528,2092,0,50,0,0,0,LEADER,1,0,0,0,0,49
134002,25,adaptive-prasle,2395,1,0,0,48,0,672,0,1,25,131607,2395,0,49,0,0,0,LEADER,1,0,0,0,0,48
134608,84,adaptive-prasle,2080,1,0,0,49,0,686,0,1,84,132528,2080,0,50,0,0,0,LEADER,1,0,0,0,0,49
133884,70,adaptive-prasle,2277,1,0,0,48,0,672,0,1,70,131607,2277,0,49,0,0,0,LEADER,1,0,0,0,0,48
133802,82,adaptive-prasle,2195,1,0,0,48,0,672,0,1,82,131607,2195,0,49,0,0,0,LEADER,1,0,0,0,0,48
134020,67,adaptive-prasle,2413,1,0,0,48,0,672,0,1,67,131607,2413,0,49,0,0,0,LEADER,1,0,0,0,0,48
133972,89,adaptive-prasle,2365,1,0,0,48,0,672,0,1,89,131607,2365,0,49,0,0,0,LEADER,1,0,0,0,0,48
134641,28,adaptive-prasle,2113,1,0,0,49,0,686,0,1,28,132528,2113,0,50,0,0,0,LEADER,1,0,0,0,0,49
134383,68,adaptive-prasle,1855,1,0,0,49,0,686,0,1,68,132528,1855,0,50,0,0,0,LEADER,1,0,0,0,0,49
134335,90,adaptive-prasle,1807,1,0,0,49,0,686,0,1,90,132528,1807,0,50,0,0,0,LEADER,1,0,0,0,0,49
133996,76,adaptive-prasle,1468,1,0,0,49,0,686,0,1,76,132528,1468,0,50,0,0,0,LEADER,1,0,0,0,0,49
134317,10,adaptive-prasle,1789,1,0,0,49,0,686,0,1,10,132528,1789,0,50,0,0,0,LEADER,1,0,0,0,0,49
134749,58,adaptive-prasle,2221,1,0,0,49,0,686,0,1,58,132528,2221,0,50,0,0,0,LEADER,1,0,0,0,0,49
134132,73,adaptive-prasle,1604,1,0,0,49,0,686,0,1,73,132528,1604,0,50,0,0,0,LEADER,1,0,0,0,0,49
133872,59,adaptive-prasle,2265,1,0,0,48,0,672,0,1,59,131607,2265,0,49,0,0,0,LEADER,1,0,0,0,0,48
134147,41,adaptive-prasle,1619,1,0,0,49,0,686,0,1,41,132528,1619,0,50,0,0,0,LEADER,1,0,0,0,0,49
134062,96,adaptive-prasle,1534,1,0,0,49,0,686,0,1,96,132528,1534,0,50,0,0,0,LEADER,1,0,0,0,0,49
134295,49,adaptive-prasle,1767,1,0,0,49,0,686,0,1,49,132528,1767,0,50,0,0,0,LEADER,1,0,0,0,0,49
134364,74,adaptive-prasle,1837,1,0,0,49,0,686,0,1,74,132527,1837,0,50,0,0,0,LEADER,1,0,0,0,0,49
134756,92,adaptive-prasle,2228,1,0,0,49,0,686,0,1,92,132528,2228,0,50,0,0,0,LEADER,1,0,0,0,0,49
133964,66,adaptive-prasle,1434,1,0,0,49,0,686,0,1,66,132530,1434,0,50,0,0,0,LEADER,1,0,0,0,0,49
133987,57,adaptive-prasle,2380,1,0,0,48,0,672,0,1,57,131607,2380,0,49,0,0,0,LEADER,1,0,0,0,0,48
134788,78,adaptive-prasle,2260,1,0,0,49,0,686,0,1,78,132528,2260,0,50,0,0,0,LEADER,1,0,0,0,0,49
133953,39,adaptive-prasle,2346,1,0,0,48,0,672,0,1,39,131607,2346,0,49,0,0,0,LEADER,1,0,0,0,0,48
134671,30,adaptive-prasle,2143,1,0,0,49,0,686,0,1,30,132528,2143,0,50,0,0,0,LEADER,1,0,0,0,0,49
134077,64,adaptive-prasle,1549,1,0,0,49,0,686,0,1,64,132528,1549,0,50,0,0,0,LEADER,1,0,0,0,0,49
134302,80,adaptive-prasle,1774,1,0,0,49,0,686,0,1,80,132528,1774,0,50,0,0,0,LEADER,1,0,0,0,0,49
134042,54,adaptive-prasle,1516,1,0,0,49,0,686,0,1,54,132526,1516,0,50,0,0,0,LEADER,1,0,0,0,0,49
134568,43,adaptive-prasle,2040,1,0,0,49,0,686,0,1,43,132528,2040,0,50,0,0,0,LEADER,1,0,0,0,0,49
134488,26,adaptive-prasle,1960,1,0,0,49,0,686,0,1,26,132528,1960,0,50,0,0,0,LEADER,1,0,0,0,0,49
134117,42,adaptive-prasle,1591,1,0,0,49,0,686,0,1,42,132526,1591,0,50,0,0,0,LEADER,1,0,0,0,0,49
134126,31,adaptive-prasle,1598,1,0,0,49,0,686,0,1,31,132528,1598,0,50,0,0,0,LEADER,1,0,0,0,0,49
134883,94,adaptive-prasle,2355,1,0,0,49,0,686,0,1,94,132528,2355,0,50,0,0,0,LEADER,1,0,0,0,0,49
134453,45,adaptive-prasle,1925,1,0,0,49,0,686,0,1,45,132528,1925,0,50,0,0,0,LEADER,1,0,0,0,0,49
134826,60,adaptive-prasle,2298,1,0,0,49,0,686,0,1,60,132528,2298,0,50,0,0,0,LEADER,1,0,0,0,0,49
134931,44,adaptive-prasle,1483,1,0,0,49,0,686,0,1,44,133448,1483,0,50,0,0,0,LEADER,1,0,0,0,0,49
134535,33,adaptive-prasle,2007,1,0,0,49,0,686,0,1,33,132528,2007,0,50,0,0,0,LEADER,1,0,0,0,0,49
134180,51,adaptive-prasle,1652,1,0,0,49,0,686,0,1,51,132528,1652,0,50,0,0,0,LEADER,1,0,0,0,0,49
134979,22,adaptive-prasle,1531,1,0,0,49,0,686,0,1,22,133448,1531,0,50,0,0,0,LEADER,1,0,0,0,0,49
134690,72,adaptive-prasle,2162,1,0,0,49,0,686,0,1,72,132528,2162,0,50,0,0,0,LEADER,1,0,0,0,0,49
134480,24,adaptive-prasle,1952,1,0,0,49,0,686,0,1,24,132528,1952,0,50,0,0,0,LEADER,1,0,0,0,0,49
135011,32,adaptive-prasle,1564,1,0,0,49,0,686,0,1,32,133447,1564,0,50,0,0,0,LEADER,1,0,0,0,0,49
134199,93,adaptive-prasle,1671,1,0,0,49,0,686,0,1,93,132528,1671,0,50,0,0,0,LEADER,1,0,0,0,0,49
134873,69,adaptive-prasle,2343,1,0,0,49,0,686,0,1,69,132530,2343,0,50,0,0,0,LEADER,1,0,0,0,0,49
134858,79,adaptive-prasle,2331,1,0,0,49,0,686,0,1,79,132527,2331,0,50,0,0,0,LEADER,1,0,0,0,0,49
134553,75,adaptive-prasle,2025,1,0,0,49,0,686,0,1,75,132528,2025,0,50,0,0,0,LEADER,1,0,0,0,0,49
134280,81,adaptive-prasle,1752,1,0,0,49,0,686,0,1,81,132528,1752,0,50,0,0,0,LEADER,1,0,0,0,0,49
134138,52,adaptive-prasle,1610,1,0,0,49,0,686,0,1,52,132528,1610,0,50,0,0,0,LEADER,1,0,0,0,0,49
134617,21,adaptive-prasle,2088,1,0,0,49,0,686,0,1,21,132529,2088,0,50,0,0,0,LEADER,1,0,0,0,0,49
134793,29,adaptive-prasle,2265,1,0,0,49,0,686,0,1,29,132528,2265,0,50,0,0,0,LEADER,1,0,0,0,0,49
134369,100,adaptive-prasle,1841,1,0,0,49,0,686,0,1,100,132528,1841,0,50,0,0,0,LEADER,1,0,0,0,0,49
134214,61,adaptive-prasle,1686,1,0,0,49,0,686,0,1,61,132528,1686,0,50,0,0,0,LEADER,1,0,0,0,0,49
134778,91,adaptive-prasle,2250,1,0,0,49,0,686,0,1,91,132528,2250,0,50,0,0,0,LEADER,1,0,0,0,0,49
134738,37,adaptive-prasle,2210,1,0,0,49,0,686,0,1,37,132528,2210,0,50,0,0,0,LEADER,1,0,0,0,0,49
134281,38,adaptive-prasle,1755,1,0,0,49,0,686,0,1,38,132526,1755,0,50,0,0,0,LEADER,1,0,0,0,0,49
134947,98,adaptive-prasle,2419,1,0,0,49,0,686,0,1,98,132528,2419,0,50,0,0,0,LEADER,1,0,0,0,0,49
134805,27,adaptive-prasle,2280,1,0,0,49,0,686,0,1,27,132525,2280,0,50,0,0,0,LEADER,1,0,0,0,0,49
134656,62,adaptive-prasle,2128,1,0,0,49,0,686,0,1,62,132528,2128,0,50,0,0,0,LEADER,1,0,0,0,0,49
134465,56,adaptive-prasle,1937,1,0,0,49,0,686,0,1,56,132528,1937,0,50,0,0,0,LEADER,1,0,0,0,0,49
134853,99,adaptive-prasle,2328,1,0,0,49,0,686,0,1,99,132525,2328,0,50,0,0,0,LEADER,1,0,0,0,0,49
134732,48,adaptive-prasle,2202,1,0,0,49,0,686,0,1,48,132530,2202,0,50,0,0,0,LEADER,1,0,0,0,0,49
134247,71,adaptive-prasle,1719,1,0,0,49,0,686,0,1,71,132528,1719,0,50,0,0,0,LEADER,1,0,0,0,0,49
134472,87,adaptive-prasle,1944,1,0,0,49,0,686,0,1,87,132528,1944,0,50,0,0,0,LEADER,1,0,0,0,0,49
134398,36,adaptive-prasle,1870,1,0,0,49,0,686,0,1,36,132528,1870,0,50,0,0,0,LEADER,1,0,0,0,0,49
134894,77,adaptive-prasle,1446,1,0,0,49,0,686,0,1,77,133448,1446,0,50,0,0,0,LEADER,1,0,0,0,0,49
135087,83,adaptive-prasle,1637,1,0,0,49,0,686,0,1,83,133450,1637,0,50,0,0,0,LEADER,1,0,0,0,0,49
134587,85,adaptive-prasle,2059,1,0,0,49,0,686,0,1,85,132528,2059,0,50,0,0,0,LEADER,1,0,0,0,0,49
135115,19,adaptive-prasle,1667,1,0,0,49,0,686,0,1,19,133448,1667,0,50,0,0,0,LEADER,1,0,0,0,0,49
135270,65,adaptive-prasle,1822,1,0,0,49,0,686,0,1,65,133448,1822,0,50,0,0,0,LEADER,1,0,0,0,0,49
134876,35,adaptive-prasle,1428,1,0,0,49,0,686,0,1,35,133448,1428,0,50,0,0,0,LEADER,1,0,0,0,0,49
134891,86,adaptive-prasle,1443,1,0,0,49,0,686,0,1,86,133448,1443,0,50,0,0,0,LEADER,1,0,0,0,0,49
134934,50,adaptive-prasle,2406,1,0,0,49,0,686,0,1,50,132528,2406,0,50,0,0,0,LEADER,1,0,0,0,0,49
134949,55,adaptive-prasle,1501,1,0,0,49,0,686,0,1,55,133448,1501,0,50,0,0,0,LEADER,1,0,0,0,0,49
134988,63,adaptive-prasle,1540,1,0,0,49,0,686,0,1,63,133448,1540,0,50,0,0,0,LEADER,1,0,0,0,0,49
135352,46,adaptive-prasle,1904,1,0,0,49,0,686,0,1,46,133448,1904,0,50,0,0,0,LEADER,1,0,0,0,0,49
135147,53,adaptive-prasle,1701,1,0,0,49,0,686,0,1,53,133446,1701,0,50,0,0,0,LEADER,1,0,0,0,0,49
134502,23,adaptive-prasle,1974,1,0,0,49,0,686,0,1,23,132528,1974,0,50,0,0,0,LEADER,1,0,0,0,0,49
135370,88,adaptive-prasle,1922,1,0,0,49,0,686,0,1,88,133448,1922,0,50,0,0,0,LEADER,1,0,0,0,0,49
134897,34,adaptive-prasle,1449,1,0,0,49,0,686,0,1,34,133448,1449,0,50,0,0,0,LEADER,1,0,0,0,0,49
134505,97,adaptive-prasle,1977,1,0,0,49,0,686,0,1,97,132528,1977,0,50,0,0,0,LEADER,1,0,0,0,0,49
134625,20,adaptive-prasle,2095,1,0,0,49,0,686,0,1,20,132530,2095,0,50,0,0,0,LEADER,1,0,0,0,0,49
134705,40,adaptive-prasle,2177,1,0,0,49,0,686,0,1,40,132528,2177,0,50,0,0,0,LEADER,1,0,0,0,0,49
134630,47,adaptive-prasle,2100,1,0,0,49,0,686,0,1,47,132530,2100,0,50,0,0,0,LEADER,1,0,0,0,0,49
135540,95,adaptive-prasle,2092,1,0,0,49,0,686,0,1,95,133448,2092,0,50,0,0,0,LEADER,1,0,0,0,0,49
134923,25,adaptive-prasle,2395,1,0,0,49,0,686,0,1,25,132528,2395,0,50,0,0,0,LEADER,1,0,0,0,0,49
135528,84,adaptive-prasle,2080,1,0,0,49,0,686,0,1,84,133448,2080,0,50,0,0,0,LEADER,1,0,0,0,0,49
134805,70,adaptive-prasle,2277,1,0,0,49,0,686,0,1,70,132528,2277,0,50,0,0,0,LEADER,1,0,0,0,0,49
134723,82,adaptive-prasle,2195,1,0,0,49,0,686,0,1,82,132528,2195,0,50,0,0,0,LEADER,1,0,0,0,0,49
134941,67,adaptive-prasle,2413,1,0,0,49,0,686,0,1,67,132528,2413,0,50,0,0,0,LEADER,1,0,0,0,0,49
134893,89,adaptive-prasle,2365,1,0,0,49,0,686,0,1,89,132528,2365,0,50,0,0,0,LEADER,1,0,0,0,0,49
135561,28,adaptive-prasle,2113,1,0,0,49,0,686,0,1,28,133448,2113,0,50,0,0,0,LEADER,1,0,0,0,0,49
135303,68,adaptive-prasle,1855,1,0,0,49,0,686,0,1,68,133448,1855,0,50,0,0,0,LEADER,1,0,0,0,0,49
135255,90,adaptive-prasle,1807,1,0,0,49,0,686,0,1,90,133448,1807,0,50,0,0,0,LEADER,1,0,0,0,0,49
134916,76,adaptive-prasle,1468,1,0,0,49,0,686,0,1,76,133448,1468,0,50,0,0,0,LEADER,1,0,0,0,0,49
135237,10,adaptive-prasle,1789,1,0,0,49,0,686,0,1,10,133448,1789,0,50,0,0,0,LEADER,1,0,0,0,0,49
135669,58,adaptive-prasle,2221,1,0,0,49,0,686,0,1,58,133448,2221,0,50,0,0,0,LEADER,1,0,0,0,0,49
135052,73,adaptive-prasle,1604,1,0,0,49,0,686,0,1,73,133448,1604,0,50,0,0,0,LEADER,1,0,0,0,0,49
134793,59,adaptive-prasle,2265,1,0,0,49,0,686,0,1,59,132528,2265,0,50,0,0,0,LEADER,1,0,0,0,0,49
135067,41,adaptive-prasle,1619,1,0,0,49,0,686,0,1,41,133448,1619,0,50,0,0,0,LEADER,1,0,0,0,0,49
134982,96,adaptive-prasle,1534,1,0,0,49,0,686,0,1,96,133448,1534,0,50,0,0,0,LEADER,1,0,0,0,0,49
135215,49,adaptive-prasle,1767,1,0,0,49,0,686,0,1,49,133448,1767,0,50,0,0,0,LEADER,1,0,0,0,0,49
135284,74,adaptive-prasle,1837,1,0,0,49,0,686,0,1,74,133447,1837,0,50,0,0,0,LEADER,1,0,0,0,0,49
135676,92,adaptive-prasle,2228,1,0,0,49,0,686,0,1,92,133448,2228,0,50,0,0,0,LEADER,1,0,0,0,0,49
134884,66,adaptive-prasle,1434,1,0,0,49,0,686,0,1,66,133450,1434,0,50,0,0,0,LEADER,1,0,0,0,0,49
134908,57,adaptive-prasle,2380,1,0,0,49,0,686,0,1,57,132528,2380,0,50,0,0,0,LEADER,1,0,0,0,0,49
135708,78,adaptive-prasle,2260,1,0,0,49,0,686,0,1,78,133448,2260,0,50,0,0,0,LEADER,1,0,0,0,0,49
134874,39,adaptive-prasle,2346,1,0,0,49,0,686,0,1,39,132528,2346,0,50,0,0,0,LEADER,1,0,0,0,0,49
135591,30,adaptive-prasle,2143,1,0,0,49,0,686,0,1,30,133448,2143,0,50,0,0,0,LEADER,1,0,0,0,0,49
134997,64,adaptive-prasle,1549,1,0,0,49,0,686,0,1,64,133448,1549,0,50,0,0,0,LEADER,1,0,0,0,0,49
135222,80,adaptive-prasle,1774,1,0,0,49,0,686,0,1,80,133448,1774,0,50,0,0,0,LEADER,1,0,0,0,0,49
134962,54,adaptive-prasle,1516,1,0,0,49,0,686,0,1,54,133446,1516,0,50,0,0,0,LEADER,1,0,0,0,0,49
135488,43,adaptive-prasle,2040,1,0,0,49,0,686,0,1,43,133448,2040,0,50,0,0,0,LEADER,1,0,0,0,0,49
135408,26,adaptive-prasle,1960,1,0,0,49,0,686,0,1,26,133448,1960,0,50,0,0,0,LEADER,1,0,0,0,0,49
135037,42,adaptive-prasle,1591,1,0,0,49,0,686,0,1,42,133446,1591,0,50,0,0,0,LEADER,1,0,0,0,0,49
135046,31,adaptive-prasle,1598,1,0,0,49,0,686,0,1,31,133448,1598,0,50,0,0,0,LEADER,1,0,0,0,0,49
135803,94,adaptive-prasle,2355,1,0,0,49,0,686,0,1,94,133448,2355,0,50,0,0,0,LEADER,1,0,0,0,0,49
135373,45,adaptive-prasle,1925,1,0,0,49,0,686,0,1,45,133448,1925,0,50,0,0,0,LEADER,1,0,0,0,0,49
135746,60,adaptive-prasle,2298,1,0,0,49,0,686,0,1,60,133448,2298,0,50,0,0,0,LEADER,1,0,0,0,0,49
135851,44,adaptive-prasle,1483,1,0,0,49,0,686,0,1,44,134368,1483,0,50,0,0,0,LEADER,1,0,0,0,0,49
135455,33,adaptive-prasle,2007,1,0,0,49,0,686,0,1,33,133448,2007,0,50,0,0,0,LEADER,1,0,0,0,0,49
135100,51,adaptive-prasle,1652,1,0,0,49,0,686,0,1,51,133448,1652,0,50,0,0,0,LEADER,1,0,0,0,0,49
135899,22,adaptive-prasle,1531,1,0,0,49,0,686,0,1,22,134368,1531,0,50,0,0,0,LEADER,1,0,0,0,0,49
135610,72,adaptive-prasle,2162,1,0,0,49,0,686,0,1,72,133448,2162,0,50,0,0,0,LEADER,1,0,0,0,0,49
135400,24,adaptive-prasle,1952,1,0,0,49,0,686,0,1,24,133448,1952,0,50,0,0,0,LEADER,1,0,0,0,0,49
135931,32,adaptive-prasle,1564,1,0,0,49,0,686,0,1,32,134367,1564,0,50,0,0,0,LEADER,1,0,0,0,0,49
135119,93,adaptive-prasle,1671,1,0,0,49,0,686,0,1,93,133448,1671,0,50,0,0,0,LEADER,1,0,0,0,0,49
135793,69,adaptive-prasle,2343,1,0,0,49,0,686,0,1,69,133450,2343,0,50,0,0,0,LEADER,1,0,0,0,0,49
135778,79,adaptive-prasle,2331,1,0,0,49,0,686,0,1,79,133447,2331,0,50,0,0,0,LEADER,1,0,0,0,0,49
135473,75,adaptive-prasle,2025,1,0,0,49,0,686,0,1,75,133448,2025,0,50,0,0,0,LEADER,1,0,0,0,0,49
135200,81,adaptive-prasle,1752,1,0,0,49,0,686,0,1,81,133448,1752,0,50,0,0,0,LEADER,1,0,0,0,0,49
135058,52,adaptive-prasle,1610,1,0,0,49,0,686,0,1,52,133448,1610,0,50,0,0,0,LEADER,1,0,0,0,0,49
135537,21,adaptive-prasle,2088,1,0,0,49,0,686,0,1,21,133449,2088,0,50,0,0,0,LEADER,1,0,0,0,0,49
135713,29,adaptive-prasle,2265,1,0,0,49,0,686,0,1,29,133448,2265,0,50,0,0,0,LEADER,1,0,0,0,0,49
135289,100,adaptive-prasle,1841,1,0,0,49,0,686,0,1,100,133448,1841,0,50,0,0,0,LEADER,1,0,0,0,0,49
135134,61,adaptive-prasle,1686,1,0,0,49,0,686,0,1,61,133448,1686,0,50,0,0,0,LEADER,1,0,0,0,0,49
135698,91,adaptive-prasle,2250,1,0,0,49,0,686,0,1,91,133448,2250,0,50,0,0,0,LEADER,1,0,0,0,0,49
135658,37,adaptive-prasle,2210,1,0,0,49,0,686,0,1,37,133448,2210,0,50,0,0,0,LEADER,1,0,0,0,0,49
135201,38,adaptive-prasle,1755,1,0,0,49,0,686,0,1,38,133446,1755,0,50,0,0,0,LEADER,1,0,0,0,0,49
135867,98,adaptive-prasle,2419,1,0,0,49,0,686,0,1,98,133448,2419,0,50,0,0,0,LEADER,1,0,0,0,0,49
135725,27,adaptive-prasle,2280,1,0,0,49,0,686,0,1,27,133445,2280,0,50,0,0,0,LEADER,1,0,0,0,0,49
135576,62,adaptive-prasle,2128,1,0,0,49,0,686,0,1,62,133448,2128,0,50,0,0,0,LEADER,1,0,0,0,0,49
135385,56,adaptive-prasle,1937,1,0,0,49,0,686,0,1,56,133448,1937,0,50,0,0,0,LEADER,1,0,0,0,0,49
135773,99,adaptive-prasle,2328,1,0,0,49,0,686,0,1,99,133445,2328,0,50,0,0,0,LEADER,1,0,0,0,0,49
135652,48,adaptive-prasle,2202,1,0,0,49,0,686,0,1,48,133450,2202,0,50,0,0,0,LEADER,1,0,0,0,0,49
135167,71,adaptive-prasle,1719,1,0,0,49,0,686,0,1,71,133448,1719,0,50,0,0,0,LEADER,1,0,0,0,0,49
135392,87,adaptive-prasle,1944,1,0,0,49,0,686,0,1,87,133448,1944,0,50,0,0,0,LEADER,1,0,0,0,0,49
135318,36,adaptive-prasle,1870,1,0,0,49,0,686,0,1,36,133448,1870,0,50,0,0,0,LEADER,1,0,0,0,0,49
135814,77,adaptive-prasle,1446,1,0,0,49,0,686,0,1,77,134368,1446,0,50,0,0,0,LEADER,1,0,0,0,0,49
136007,83,adaptive-prasle,1637,1,0,0,49,0,686,0,1,83,134370,1637,0,50,0,0,0,LEADER,1,0,0,0,0,49
135507,85,adaptive-prasle,2059,1,0,0,49,0,686,0,1,85,133448,2059,0,50,0,0,0,LEADER,1,0,0,0,0,49
136035,19,adaptive-prasle,1667,1,0,0,49,0,686,0,1,19,134368,1667,0,50,0,0,0,LEADER,1,0,0,0,0,49
136190,65,adaptive-prasle,1822,1,0,0,49,0,686,0,1,65,134368,1822,0,50,0,0,0,LEADER,1,0,0,0,0,49
135796,35,adaptive-prasle,1428,1,0,0,49,0,686,0,1,35,134368,1428,0,50,0,0,0,LEADER,1,0,0,0,0,49
135811,86,adaptive-prasle,1443,1,0,0,49,0,686,0,1,86,134368,1443,0,50,0,0,0,LEADER,1,0,0,0,0,49
135854,50,adaptive-prasle,2406,1,0,0,49,0,686,0,1,50,133448,2406,0,50,0,0,0,LEADER,1,0,0,0,0,49
135869,55,adaptive-prasle,1501,1,0,0,49,0,686,0,1,55,134368,1501,0,50,0,0,0,LEADER,1,0,0,0,0,49
135908,63,adaptive-prasle,1540,1,0,0,49,0,686,0,1,63,134368,1540,0,50,0,0,0,LEADER,1,0,0,0,0,49
136272,46,adaptive-prasle,1904,1,0,0,49,0,686,0,1,46,134368,1904,0,50,0,0,0,LEADER,1,0,0,0,0,49
136067,53,adaptive-prasle,1701,1,0,0,49,0,686,0,1,53,134366,1701,0,50,0,0,0,LEADER,1,0,0,0,0,49
135422,23,adaptive-prasle,1974,1,0,0,49,0,686,0,1,23,133448,1974,0,50,0,0,0,LEADER,1,0,0,0,0,49
136290,88,adaptive-prasle,1922,1,0,0,49,0,686,0,1,88,134368,1922,0,50,0,0,0,LEADER,1,0,0,0,0,49
135817,34,adaptive-prasle,1449,1,0,0,49,0,686,0,1,34,134368,1449,0,50,0,0,0,LEADER,1,0,0,0,0,49
135425,97,adaptive-prasle,1977,1,0,0,49,0,686,0,1,97,133448,1977,0,50,0,0,0,LEADER,1,0,0,0,0,49
135545,20,adaptive-prasle,2095,1,0,0,49,0,686,0,1,20,133450,2095,0,50,0,0,0,LEADER,1,0,0,0,0,49
135625,40,adaptive-prasle,2177,1,0,0,49,0,686,0,1,40,133448,2177,0,50,0,0,0,LEADER,1,0,0,0,0,49
135550,47,adaptive-prasle,2100,1,0,0,49,0,686,0,1,47,133450,2100,0,50,0,0,0,LEADER,1,0,0,0,0,49
136460,95,adaptive-prasle,2092,1,0,0,49,0,686,0,1,95,134368,2092,0,50,0,0,0,LEADER,1,0,0,0,0,49
135843,25,adaptive-prasle,2395,1,0,0,49,0,686,0,1,25,133448,2395,0,50,0,0,0,LEADER,1,0,0,0,0,49
136448,84,adaptive-prasle,2080,1,0,0,49,0,686,0,1,84,134368,2080,0,50,0,0,0,LEADER,1,0,0,0,0,49
135725,70,adaptive-prasle,2277,1,0,0,49,0,686,0,1,70,133448,2277,0,50,0,0,0,LEADER,1,0,0,0,0,49
135643,82,adaptive-prasle,2195,1,0,0,49,0,686,0,1,82,133448,2195,0,50,0,0,0,LEADER,1,0,0,0,0,49
135861,67,adaptive-prasle,2413,1,0,0,49,0,686,0,1,67,133448,2413,0,50,0,0,0,LEADER,1,0,0,0,0,49
135813,89,adaptive-prasle,2365,1,0,0,49,0,686,0,1,89,133448,2365,0,50,0,0,0,LEADER,1,0,0,0,0,49
136481,28,adaptive-prasle,2113,1,0,0,49,0,686,0,1,28,134368,2113,0,50,0,0,0,LEADER,1,0,0,0,0,49
136223,68,adaptive-prasle,1855,1,0,0,49,0,686,0,1,68,134368,1855,0,50,0,0,0,LEADER,1,0,0,0,0,49
136175,90,adaptive-prasle,1807,1,0,0,49,0,686,0,1,90,134368,1807,0,50,0,0,0,LEADER,1,0,0,0,0,49
135836,76,adaptive-prasle,1468,1,0,0,49,0,686,0,1,76,134368,1468,0,50,0,0,0,LEADER,1,0,0,0,0,49
136157,10,adaptive-prasle,1789,1,0,0,49,0,686,0,1,10,134368,1789,0,50,0,0,0,LEADER,1,0,0,0,0,49
136589,58,adaptive-prasle,2221,1,0,0,49,0,686,0,1,58,134368,2221,0,50,0,0,0,LEADER,1,0,0,0,0,49
135972,73,adaptive-prasle,1604,1,0,0,49,0,686,0,1,73,134368,1604,0,50,0,0,0,LEADER,1,0,0,0,0,49
135713,59,adaptive-prasle,2265,1,0,0,49,0,686,0,1,59,133448,2265,0,50,0,0,0,LEADER,1,0,0,0,0,49
135987,41,adaptive-prasle,1619,1,0,0,49,0,686,0,1,41,134368,1619,0,50,0,0,0,LEADER,1,0,0,0,0,49
135902,96,adaptive-prasle,1534,1,0,0,49,0,686,0,1,96,134368,1534,0,50,0,0,0,LEADER,1,0,0,0,0,49
136135,49,adaptive-prasle,1767,1,0,0,49,0,686,0,1,49,134368,1767,0,50,0,0,0,LEADER,1,0,0,0,0,49
136204,74,adaptive-prasle,1837,1,0,0,49,0,686,0,1,74,134367,1837,0,50,0,0,0,LEADER,1,0,0,0,0,49
136596,92,adaptive-prasle,2228,1,0,0,49,0,686,0,1,92,134368,2228,0,50,0,0,0,LEADER,1,0,0,0,0,49
135804,66,adaptive-prasle,1434,1,0,0,49,0,686,0,1,66,134370,1434,0,50,0,0,0,LEADER,1,0,0,0,0,49
135828,57,adaptive-prasle,2380,1,0,0,49,0,686,0,1,57,133448,2380,0,50,0,0,0,LEADER,1,0,0,0,0,49
136628,78,adaptive-prasle,2260,1,0,0,49,0,686,0,1,78,134368,2260,0,50,0,0,0,LEADER,1,0,0,0,0,49
135794,39,adaptive-prasle,2346,1,0,0,49,0,686,0,1,39,133448,2346,0,50,0,0,0,LEADER,1,0,0,0,0,49
136511,30,adaptive-prasle,2143,1,0,0,49,0,686,0,1,30,134368,2143,0,50,0,0,0,LEADER,1,0,0,0,0,49
135917,64,adaptive-prasle,1549,1,0,0,49,0,686,0,1,64,134368,1549,0,50,0,0,0,LEADER,1,0,0,0,0,49
136142,80,adaptive-prasle,1774,1,0,0,49,0,686,0,1,80,134368,1774,0,50,0,0,0,LEADER,1,0,0,0,0,49
135882,54,adaptive-prasle,1516,1,0,0,49,0,686,0,1,54,134366,1516,0,50,0,0,0,LEADER,1,0,0,0,0,49
136408,43,adaptive-prasle,2040,1,0,0,49,0,686,0,1,43,134368,2040,0,50,0,0,0,LEADER,1,0,0,0,0,49
136328,26,adaptive-prasle,1960,1,0,0,49,0,686,0,1,26,134368,1960,0,50,0,0,0,LEADER,1,0,0,0,0,49
135957,42,adaptive-prasle,1591,1,0,0,49,0,686,0,1,42,134366,1591,0,50,0,0,0,LEADER,1,0,0,0,0,49
135966,31,adaptive-prasle,1598,1,0,0,49,0,686,0,1,31,134368,1598,0,50,0,0,0,LEADER,1,0,0,0,0,49
136723,94,adaptive-prasle,2355,1,0,0,49,0,686,0,1,94,134368,2355,0,50,0,0,0,LEADER,1,0,0,0,0,49
136293,45,adaptive-prasle,1925,1,0,0,49,0,686,0,1,45,134368,1925,0,50,0,0,0,LEADER,1,0,0,0,0,49
136666,60,adaptive-prasle,2298,1,0,0,49,0,686,0,1,60,134368,2298,0,50,0,0,0,LEADER,1,0,0,0,0,49
136772,44,adaptive-prasle,1483,1,0,0,50,0,700,0,1,44,135289,1483,0,51,0,0,0,LEADER,1,0,0,0,0,50
136375,33,adaptive-prasle,2007,1,0,0,49,0,686,0,1,33,134368,2007,0,50,0,0,0,LEADER,1,0,0,0,0,49
136020,51,adaptive-prasle,1652,1,0,0,49,0,686,0,1,51,134368,1652,0,50,0,0,0,LEADER,1,0,0,0,0,49
136530,72,adaptive-prasle,2162,1,0,0,49,0,686,0,1,72,134368,2162,0,50,0,0,0,LEADER,1,0,0,0,0,49
136820,22,adaptive-prasle,1531,1,0,0,50,0,700,0,1,22,135289,1531,0,51,0,0,0,LEADER,1,0,0,0,0,50
136320,24,adaptive-prasle,1952,1,0,0,49,0,686,0,1,24,134368,1952,0,50,0,0,0,LEADER,1,0,0,0,0,49
136852,32,adaptive-prasle,1564,1,0,0,50,0,700,0,1,32,135288,1564,0,51,0,0,0,LEADER,1,0,0,0,0,50
136039,93,adaptive-prasle,1671,1,0,0,49,0,686,0,1,93,134368,1671,0,50,0,0,0,LEADER,1,0,0,0,0,49
136698,79,adaptive-prasle,2331,1,0,0,49,0,686,0,1,79,134367,2331,0,50,0,0,0,LEADER,1,0,0,0,0,49
136713,69,adaptive-prasle,2343,1,0,0,49,0,686,0,1,69,134370,2343,0,50,0,0,0,LEADER,1,0,0,0,0,49
136393,75,adaptive-prasle,2025,1,0,0,49,0,686,0,1,75,134368,2025,0,50,0,0,0,LEADER,1,0,0,0,0,49
136120,81,adaptive-prasle,1752,1,0,0,49,0,686,0,1,81,134368,1752,0,50,0,0,0,LEADER,1,0,0,0,0,49
135978,52,adaptive-prasle,1610,1,0,0,49,0,686,0,1,52,134368,1610,0,50,0,0,0,LEADER,1,0,0,0,0,49
136457,21,adaptive-prasle,2088,1,0,0,49,0,686,0,1,21,134369,2088,0,50,0,0,0,LEADER,1,0,0,0,0,49
136633,29,adaptive-prasle,2265,1,0,0,49,0,686,0,1,29,134368,2265,0,50,0,0,0,LEADER,1,0,0,0,0,49
136209,100,adaptive-prasle,1841,1,0,0,49,0,686,0,1,100,134368,1841,0,50,0,0,0,LEADER,1,0,0,0,0,49
136054,61,adaptive-prasle,1686,1,0,0,49,0,686,0,1,61,134368,1686,0,50,0,0,0,LEADER,1,0,0,0,0,49
136618,91,adaptive-prasle,2250,1,0,0,49,0,686,0,1,91,134368,2250,0,50,0,0,0,LEADER,1,0,0,0,0,49
136578,37,adaptive-prasle,2210,1,0,0,49,0,686,0,1,37,134368,2210,0,50,0,0,0,LEADER,1,0,0,0,0,49
136121,38,adaptive-prasle,1755,1,0,0,49,0,686,0,1,38,134366,1755,0,50,0,0,0,LEADER,1,0,0,0,0,49
136787,98,adaptive-prasle,2419,1,0,0,49,0,686,0,1,98,134368,2419,0,50,0,0,0,LEADER,1,0,0,0,0,49
136645,27,adaptive-prasle,2280,1,0,0,49,0,686,0,1,27,134365,2280,0,50,0,0,0,LEADER,1,0,0,0,0,49
136496,62,adaptive-prasle,2128,1,0,0,49,0,686,0,1,62,134368,2128,0,50,0,0,0,LEADER,1,0,0,0,0,49
136305,56,adaptive-prasle,1937,1,0,0,49,0,686,0,1,56,134368,1937,0,50,0,0,0,LEADER,1,0,0,0,0,49
136693,99,adaptive-prasle,2328,1,0,0,49,0,686,0,1,99,134365,2328,0,50,0,0,0,LEADER,1,0,0,0,0,49
136572,48,adaptive-prasle,2202,1,0,0,49,0,686,0,1,48,134370,2202,0,50,0,0,0,LEADER,1,0,0,0,0,49
136087,71,adaptive-prasle,1719,1,0,0,49,0,686,0,1,71,134368,1719,0,50,0,0,0,LEADER,1,0,0,0,0,49
136312,87,adaptive-prasle,1944,1,0,0,49,0,686,0,1,87,134368,1944,0,50,0,0,0,LEADER,1,0,0,0,0,49
136238,36,adaptive-prasle,1870,1,0,0,49,0,686,0,1,36,134368,1870,0,50,0,0,0,LEADER,1,0,0,0,0,49
136735,77,adaptive-prasle,1446,1,0,0,50,0,700,0,1,77,135289,1446,0,51,0,0,0,LEADER,1,0,0,0,0,50
136928,83,adaptive-prasle,1637,1,0,0,50,0,700,0,1,83,135291,1637,0,51,0,0,0,LEADER,1,0,0,0,0,50
136427,85,adaptive-prasle,2059,1,0,0,49,0,686,0,1,85,134368,2059,0,50,0,0,0,LEADER,1,0,0,0,0,49
136956,19,adaptive-prasle,1667,1,0,0,50,0,700,0,1,19,135289,1667,0,51,0,0,0,LEADER,1,0,0,0,0,50
137111,65,adaptive-prasle,1822,1,0,0,50,0,700,0,1,65,135289,1822,0,51,0,0,0,LEADER,1,0,0,0,0,50
136717,35,adaptive-prasle,1428,1,0,0,50,0,700,0,1,35,135289,1428,0,51,0,0,0,LEADER,1,0,0,0,0,50
136732,86,adaptive-prasle,1443,1,0,0,50,0,700,0,1,86,135289,1443,0,51,0,0,0,LEADER,1,0,0,0,0,50
136774,50,adaptive-prasle,2406,1,0,0,49,0,686,0,1,50,134368,2406,0,50,0,0,0,LEADER,1,0,0,0,0,49
136790,55,adaptive-prasle,1501,1,0,0,50,0,700,0,1,55,135289,1501,0,51,0,0,0,LEADER,1,0,0,0,0,50
136829,63,adaptive-prasle,1540,1,0,0,50,0,700,0,1,63,135289,1540,0,51,0,0,0,LEADER,1,0,0,0,0,50
137193,46,adaptive-prasle,1904,1,0,0,50,0,700,0,1,46,135289,1904,0,51,0,0,0,LEADER,1,0,0,0,0,50
136988,53,adaptive-prasle,1701,1,0,0,50,0,700,0,1,53,135287,1701,0,51,0,0,0,LEADER,1,0,0,0,0,50
136342,23,adaptive-prasle,1974,1,0,0,49,0,686,0,1,23,134368,1974,0,50,0,0,0,LEADER,1,0,0,0,0,49
137211,88,adaptive-prasle,1922,1,0,0,50,0,700,0,1,88,135289,1922,0,51,0,0,0,LEADER,1,0,0,0,0,50
136738,34,adaptive-prasle,1449,1,0,0,50,0,700,0,1,34,135289,1449,0,51,0,0,0,LEADER,1,0,0,0,0,50
136345,97,adaptive-prasle,1977,1,0,0,49,0,686,0,1,97,134368,1977,0,50,0,0,0,LEADER,1,0,0,0,0,49
136465,20,adaptive-prasle,2095,1,0,0,49,0,686,0,1,20,134370,2095,0,50,0,0,0,LEADER,1,0,0,0,0,49
136545,40,adaptive-prasle,2177,1,0,0,49,0,686,0,1,40,134368,2177,0,50,0,0,0,LEADER,1,0,0,0,0,49
136470,47,adaptive-prasle,2100,1,0,0,49,0,686,0,1,47,134370,2100,0,50,0,0,0,LEADER,1,0,0,0,0,49
137381,95,adaptive-prasle,2092,1,0,0,50,0,700,0,1,95,135289,2092,0,51,0,0,0,LEADER,1,0,0,0,0,50
136763,25,adaptive-prasle,2395,1,0,0,49,0,686,0,1,25,134368,2395,0,50,0,0,0,LEADER,1,0,0,0,0,49
137369,84,adaptive-prasle,2080,1,0,0,50,0,700,0,1,84,135289,2080,0,51,0,0,0,LEADER,1,0,0,0,0,50
136645,70,adaptive-prasle,2277,1,0,0,49,0,686,0,1,70,134368,2277,0,50,0,0,0,LEADER,1,0,0,0,0,49
136563,82,adaptive-prasle,2195,1,0,0,49,0,686,0,1,82,134368,2195,0,50,0,0,0,LEADER,1,0,0,0,0,49
136781,67,adaptive-prasle,2413,1,0,0,49,0,686,0,1,67,134368,2413,0,50,0,0,0,LEADER,1,0,0,0,0,49
136733,89,adaptive-prasle,2365,1,0,0,49,0,686,0,1,89,134368,2365,0,50,0,0,0,LEADER,1,0,0,0,0,49
137402,28,adaptive-prasle,2113,1,0,0,50,0,700,0,1,28,135289,2113,0,51,0,0,0,LEADER,1,0,0,0,0,50
137144,68,adaptive-prasle,1855,1,0,0,50,0,700,0,1,68,135289,1855,0,51,0,0,0,LEADER,1,0,0,0,0,50
137096,90,adaptive-prasle,1807,1,0,0,50,0,700,0,1,90,135289,1807,0,51,0,0,0,LEADER,1,0,0,0,0,50
136757,76,adaptive-prasle,1468,1,0,0,50,0,700,0,1,76,135289,1468,0,51,0,0,0,LEADER,1,0,0,0,0,50
137078,10,adaptive-prasle,1789,1,0,0,50,0,700,0,1,10,135289,1789,0,51,0,0,0,LEADER,1,0,0,0,0,50
137510,58,adaptive-prasle,2221,1,0,0,50,0,700,0,1,58,135289,2221,0,51,0,0,0,LEADER,1,0,0,0,0,50
136893,73,adaptive-prasle,1604,1,0,0,50,0,700,0,1,73,135289,1604,0,51,0,0,0,LEADER,1,0,0,0,0,50
136633,59,adaptive-prasle,2265,1,0,0,49,0,686,0,1,59,134368,2265,0,50,0,0,0,LEADER,1,0,0,0,0,49
136908,41,adaptive-prasle,1619,1,0,0,50,0,700,0,1,41,135289,1619,0,51,0,0,0,LEADER,1,0,0,0,0,50
136823,96,adaptive-prasle,1534,1,0,0,50,0,700,0,1,96,135289,1534,0,51,0,0,0,LEADER,1,0,0,0,0,50
137056,49,adaptive-prasle,1767,1,0,0,50,0,700,0,1,49,135289,1767,0,51,0,0,0,LEADER,1,0,0,0,0,50
137125,74,adaptive-prasle,1837,1,0,0,50,0,700,0,1,74,135288,1837,0,51,0,0,0,LEADER,1,0,0,0,0,50
137517,92,adaptive-prasle,2228,1,0,0,50,0,700,0,1,92,135289,2228,0,51,0,0,0,LEADER,1,0,0,0,0,50
136725,66,adaptive-prasle,1434,1,0,0,50,0,700,0,1,66,135291,1434,0,51,0,0,0,LEADER,1,0,0,0,0,50
136748,57,adaptive-prasle,2380,1,0,0,49,0,686,0,1,57,134368,2380,0,50,0,0,0,LEADER,1,0,0,0,0,49
137549,78,adaptive-prasle,2260,1,0,0,50,0,700,0,1,78,135289,2260,0,51,0,0,0,LEADER,1,0,0,0,0,50
136714,39,adaptive-prasle,2346,1,0,0,49,0,686,0,1,39,134368,2346,0,50,0,0,0,LEADER,1,0,0,0,0,49
137432,30,adaptive-prasle,2143,1,0,0,50,0,700,0,1,30,135289,2143,0,51,0,0,0,LEADER,1,0,0,0,0,50
136838,64,adaptive-prasle,1549,1,0,0,50,0,700,0,1,64,135289,1549,0,51,0,0,0,LEADER,1,0,0,0,0,50
137063,80,adaptive-prasle,1774,1,0,0,50,0,700,0,1,80,135289,1774,0,51,0,0,0,LEADER,1,0,0,0,0,50
136803,54,adaptive-prasle,1516,1,0,0,50,0,700,0,1,54,135287,1516,0,51,0,0,0,LEADER,1,0,0,0,0,50
137329,43,adaptive-prasle,2040,1,0,0,50,0,700,0,1,43,135289,2040,0,51,0,0,0,LEADER,1,0,0,0,0,50
137249,26,adaptive-prasle,1960,1,0,0,50,0,700,0,1,26,135289,1960,0,51,0,0,0,LEADER,1,0,0,0,0,50
136878,42,adaptive-prasle,1591,1,0,0,50,0,700,0,1,42,135287,1591,0,51,0,0,0,LEADER,1,0,0,0,0,50
136887,31,adaptive-prasle,1598,1,0,0,50,0,700,0,1,31,135289,1598,0,51,0,0,0,LEADER,1,0,0,0,0,50
137644,94,adaptive-prasle,2355,1,0,0,50,0,700,0,1,94,135289,2355,0,51,0,0,0,LEADER,1,0,0,0,0,50
137214,45,adaptive-prasle,1925,1,0,0,50,0,700,0,1,45,135289,1925,0,51,0,0,0,LEADER,1,0,0,0,0,50
137587,60,adaptive-prasle,2298,1,0,0,50,0,700,0,1,60,135289,2298,0,51,0,0,0,LEADER,1,0,0,0,0,50
137692,44,adaptive-prasle,1483,1,0,0,50,0,700,0,1,44,136209,1483,0,51,0,0,0,LEADER,1,0,0,0,0,50
137296,33,adaptive-prasle,2007,1,0,0,50,0,700,0,1,33,135289,2007,0,51,0,0,0,LEADER,1,0,0,0,0,50
136941,51,adaptive-prasle,1652,1,0,0,50,0,700,0,1,51,135289,1652,0,51,0,0,0,LEADER,1,0,0,0,0,50
137740,22,adaptive-prasle,1531,1,0,0,50,0,700,0,1,22,136209,1531,0,51,0,0,0,LEADER,1,0,0,0,0,50
137451,72,adaptive-prasle,2162,1,0,0,50,0,700,0,1,72,135289,2162,0,51,0,0,0,LEADER,1,0,0,0,0,50
137241,24,adaptive-prasle,1952,1,0,0,50,0,700,0,1,24,135289,1952,0,51,0,0,0,LEADER,1,0,0,0,0,50
137772,32,adaptive-prasle,1564,1,0,0,50,0,700,0,1,32,136208,1564,0,51,0,0,0,LEADER,1,0,0,0,0,50
136960,93,adaptive-prasle,1671,1,0,0,50,0,700,0,1,93,135289,1671,0,51,0,0,0,LEADER,1,0,0,0,0,50
137634,69,adaptive-prasle,2343,1,0,0,50,0,700,0,1,69,135291,2343,0,51,0,0,0,LEADER,1,0,0,0,0,50
137619,79,adaptive-prasle,2331,1,0,0,50,0,700,0,1,79,135288,2331,0,51,0,0,0,LEADER,1,0,0,0,0,50
137314,75,adaptive-prasle,2025,1,0,0,50,0,700,0,1,75,135289,2025,0,51,0,0,0,LEADER,1,0,0,0,0,50
137041,81,adaptive-prasle,1752,1,0,0,50,0,700,0,1,81,135289,1752,0,51,0,0,0,LEADER,1,0,0,0,0,50
137486,15,adaptive-prasle,2361,1,0,0,9,10,126,140,3,3,135125,2361,0,5,0,0,0,NORMAL,0,0,0,0,0,9
136899,52,adaptive-prasle,1610,1,0,0,50,0,700,0,1,52,135289,1610,0,51,0,0,0,LEADER,1,0,0,0,0,50
137378,21,adaptive-prasle,2088,1,0,0,50,0,700,0,1,21,135290,2088,0,51,0,0,0,LEADER,1,0,0,0,0,50
137554,29,adaptive-prasle,2265,1,0,0,50,0,700,0,1,29,135289,2265,0,51,0,0,0,LEADER,1,0,0,0,0,50
137130,100,adaptive-prasle,1841,1,0,0,50,0,700,0,1,100,135289,1841,0,51,0,0,0,LEADER,1,0,0,0,0,50
136975,61,adaptive-prasle,1686,1,0,0,50,0,700,0,1,61,135289,1686,0,51,0,0,0,LEADER,1,0,0,0,0,50
137539,91,adaptive-prasle,2250,1,0,0,50,0,700,0,1,91,135289,2250,0,51,0,0,0,LEADER,1,0,0,0,0,50
137499,37,adaptive-prasle,2210,1,0,0,50,0,700,0,1,37,135289,2210,0,51,0,0,0,LEADER,1,0,0,0,0,50
137042,38,adaptive-prasle,1755,1,0,0,50,0,700,0,1,38,135287,1755,0,51,0,0,0,LEADER,1,0,0,0,0,50
137708,98,adaptive-prasle,2419,1,0,0,50,0,700,0,1,98,135289,2419,0,51,0,0,0,LEADER,1,0,0,0,0,50
137566,27,adaptive-prasle,2280,1,0,0,50,0,700,0,1,27,135286,2280,0,51,0,0,0,LEADER,1,0,0,0,0,50
137417,62,adaptive-prasle,2128,1,0,0,50,0,700,0,1,62,135289,2128,0,51,0,0,0,LEADER,1,0,0,0,0,50
137226,56,adaptive-prasle,1937,1,0,0,50,0,700,0,1,56,135289,1937,0,51,0,0,0,LEADER,1,0,0,0,0,50
137613,99,adaptive-prasle,2328,1,0,0,50,0,700,0,1,99,135285,2328,0,51,0,0,0,LEADER,1,0,0,0,0,50
137493,48,adaptive-prasle,2202,1,0,0,50,0,700,0,1,48,135291,2202,0,51,0,0,0,LEADER,1,0,0,0,0,50
137008,71,adaptive-prasle,1719,1,0,0,50,0,700,0,1,71,135289,1719,0,51,0,0,0,LEADER,1,0,0,0,0,50
137233,87,adaptive-prasle,1944,1,0,0,50,0,700,0,1,87,135289,1944,0,51,0,0,0,LEADER,1,0,0,0,0,50
137159,36,adaptive-prasle,1870,1,0,0,50,0,700,0,1,36,135289,1870,0,51,0,0,0,LEADER,1,0,0,0,0,50
137655,77,adaptive-prasle,1446,1,0,0,50,0,700,0,1,77,136209,1446,0,51,0,0,0,LEADER,1,0,0,0,0,50
137848,83,adaptive-prasle,1637,1,0,0,50,0,700,0,1,83,136211,1637,0,51,0,0,0,LEADER,1,0,0,0,0,50
137348,85,adaptive-prasle,2059,1,0,0,50,0,700,0,1,85,135289,2059,0,51,0,0,0,LEADER,1,0,0,0,0,50
137876,19,adaptive-prasle,1667,1,0,0,50,0,700,0,1,19,136209,1667,0,51,0,0,0,LEADER,1,0,0,0,0,50
138031,65,adaptive-prasle,1822,1,0,0,50,0,700,0,1,65,136209,1822,0,51,0,0,0,LEADER,1,0,0,0,0,50
137637,35,adaptive-prasle,1428,1,0,0,50,0,700,0,1,35,136209,1428,0,51,0,0,0,LEADER,1,0,0,0,0,50
137652,86,adaptive-prasle,1443,1,0,0,50,0,700,0,1,86,136209,1443,0,51,0,0,0,LEADER,1,0,0,0,0,50
137695,50,adaptive-prasle,2406,1,0,0,50,0,700,0,1,50,135289,2406,0,51,0,0,0,LEADER,1,0,0,0,0,50
137710,55,adaptive-prasle,1501,1,0,0,50,0,700,0,1,55,136209,1501,0,51,0,0,0,LEADER,1,0,0,0,0,50
137749,63,adaptive-prasle,1540,1,0,0,50,0,700,0,1,63,136209,1540,0,51,0,0,0,LEADER,1,0,0,0,0,50
138113,46,adaptive-prasle,1904,1,0,0,50,0,700,0,1,46,136209,1904,0,51,0,0,0,LEADER,1,0,0,0,0,50
137908,53,adaptive-prasle,1701,1,0,0,50,0,700,0,1,53,136207,1701,0,51,0,0,0,LEADER,1,0,0,0,0,50
137263,23,adaptive-prasle,1974,1,0,0,50,0,700,0,1,23,135289,1974,0,51,0,0,0,LEADER,1,0,0,0,0,50
138131,88,adaptive-prasle,1922,1,0,0,50,0,700,0,1,88,136209,1922,0,51,0,0,0,LEADER,1,0,0,0,0,50
137658,34,adaptive-prasle,1449,1,0,0,50,0,700,0,1,34,136209,1449,0,51,0,0,0,LEADER,1,0,0,0,0,50
137266,97,adaptive-prasle,1977,1,0,0,50,0,700,0,1,97,135289,1977,0,51,0,0,0,LEADER,1,0,0,0,0,50
137386,20,adaptive-prasle,2095,1,0,0,50,0,700,0,1,20,135291,2095,0,51,0,0,0,LEADER,1,0,0,0,0,50
137466,40,adaptive-prasle,2177,1,0,0,50,0,700,0,1,40,135289,2177,0,51,0,0,0,LEADER,1,0,0,0,0,50
137391,47,adaptive-prasle,2100,1,0,0,50,0,700,0,1,47,135291,2100,0,51,0,0,0,LEADER,1,0,0,0,0,50
138301,95,adaptive-prasle,2092,1,0,0,50,0,700,0,1,95,136209,2092,0,51,0,0,0,LEADER,1,0,0,0,0,50
137684,25,adaptive-prasle,2395,1,0,0,50,0,700,0,1,25,135289,2395,0,51,0,0,0,LEADER,1,0,0,0,0,50
138289,84,adaptive-prasle,2080,1,0,0,50,0,700,0,1,84,136209,2080,0,51,0,0,0,LEADER,1,0,0,0,0,50
137566,70,adaptive-prasle,2277,1,0,0,50,0,700,0,1,70,135289,2277,0,51,0,0,0,LEADER,1,0,0,0,0,50
137484,82,adaptive-prasle,2195,1,0,0,50,0,700,0,1,82,135289,2195,0,51,0,0,0,LEADER,1,0,0,0,0,50
137702,67,adaptive-prasle,2413,1,0,0,50,0,700,0,1,67,135289,2413,0,51,0,0,0,LEADER,1,0,0,0,0,50
137654,89,adaptive-prasle,2365,1,0,0,50,0,700,0,1,89,135289,2365,0,51,0,0,0,LEADER,1,0,0,0,0,50
138322,28,adaptive-prasle,2113,1,0,0,50,0,700,0,1,28,136209,2113,0,51,0,0,0,LEADER,1,0,0,0,0,50
138064,68,adaptive-prasle,1855,1,0,0,50,0,700,0,1,68,136209,1855,0,51,0,0,0,LEADER,1,0,0,0,0,50
138016,90,adaptive-prasle,1807,1,0,0,50,0,700,0,1,90,136209,1807,0,51,0,0,0,LEADER,1,0,0,0,0,50
137677,76,adaptive-prasle,1468,1,0,0,50,0,700,0,1,76,136209,1468,0,51,0,0,0,LEADER,1,0,0,0,0,50
137998,10,adaptive-prasle,1789,1,0,0,50,0,700,0,1,10,136209,1789,0,51,0,0,0,LEADER,1,0,0,0,0,50
138430,58,adaptive-prasle,2221,1,0,0,50,0,700,0,1,58,136209,2221,0,51,0,0,0,LEADER,1,0,0,0,0,50
137813,73,adaptive-prasle,1604,1,0,0,50,0,700,0,1,73,136209,1604,0,51,0,0,0,LEADER,1,0,0,0,0,50
137554,59,adaptive-prasle,2265,1,0,0,50,0,700,0,1,59,135289,2265,0,51,0,0,0,LEADER,1,0,0,0,0,50
137828,41,adaptive-prasle,1619,1,0,0,50,0,700,0,1,41,136209,1619,0,51,0,0,0,LEADER,1,0,0,0,0,50
137743,96,adaptive-prasle,1534,1,0,0,50,0,700,0,1,96,136209,1534,0,51,0,0,0,LEADER,1,0,0,0,0,50
137976,49,adaptive-prasle,1767,1,0,0,50,0,700,0,1,49,136209,1767,0,51,0,0,0,LEADER,1,0,0,0,0,50
138045,74,adaptive-prasle,1837,1,0,0,50,0,700,0,1,74,136208,1837,0,51,0,0,0,LEADER,1,0,0,0,0,50
138437,92,adaptive-prasle,2228,1,0,0,50,0,700,0,1,92,136209,2228,0,51,0,0,0,LEADER,1,0,0,0,0,50
137645,66,adaptive-prasle,1434,1,0,0,50,0,700,0,1,66,136211,1434,0,51,0,0,0,LEADER,1,0,0,0,0,50
137669,57,adaptive-prasle,2380,1,0,0,50,0,700,0,1,57,135289,2380,0,51,0,0,0,LEADER,1,0,0,0,0,50
138469,78,adaptive-prasle,2260,1,0,0,50,0,700,0,1,78,136209,2260,0,51,0,0,0,LEADER,1,0,0,0,0,50
137635,39,adaptive-prasle,2346,1,0,0,50,0,700,0,1,39,135289,2346,0,51,0,0,0,LEADER,1,0,0,0,0,50
138352,30,adaptive-prasle,2143,1,0,0,50,0,700,0,1,30,136209,2143,0,51,0,0,0,LEADER,1,0,0,0,0,50
137758,64,adaptive-prasle,1549,1,0,0,50,0,700,0,1,64,136209,1549,0,51,0,0,0,LEADER,1,0,0,0,0,50
137983,80,adaptive-prasle,1774,1,0,0,50,0,700,0,1,80,136209,1774,0,51,0,0,0,LEADER,1,0,0,0,0,50
137723,54,adaptive-prasle,1516,1,0,0,50,0,700,0,1,54,136207,1516,0,51,0,0,0,LEADER,1,0,0,0,0,50
138249,43,adaptive-prasle,2040,1,0,0,50,0,700,0,1,43,136209,2040,0,51,0,0,0,LEADER,1,0,0,0,0,50
138169,26,adaptive-prasle,1960,1,0,0,50,0,700,0,1,26,136209,1960,0,51,0,0,0,LEADER,1,0,0,0,0,50
137798,42,adaptive-prasle,1591,1,0,0,50,0,700,0,1,42,136207,1591,0,51,0,0,0,LEADER,1,0,0,0,0,50
137807,31,adaptive-prasle,1598,1,0,0,50,0,700,0,1,31,136209,1598,0,51,0,0,0,LEADER,1,0,0,0,0,50
138564,94,adaptive-prasle,2355,1,0,0,50,0,700,0,1,94,136209,2355,0,51,0,0,0,LEADER,1,0,0,0,0,50
138134,45,adaptive-prasle,1925,1,0,0,50,0,700,0,1,45,136209,1925,0,51,0,0,0,LEADER,1,0,0,0,0,50
138507,60,adaptive-prasle,2298,1,0,0,50,0,700,0,1,60,136209,2298,0,51,0,0,0,LEADER,1,0,0,0,0,50
138612,44,adaptive-prasle,1483,1,0,0,50,0,700,0,1,44,137129,1483,0,51,0,0,0,LEADER,1,0,0,0,0,50
138216,33,adaptive-prasle,2007,1,0,0,50,0,700,0,1,33,136209,2007,0,51,0,0,0,LEADER,1,0,0,0,0,50
137861,51,adaptive-prasle,1652,1,0,0,50,0,700,0,1,51,136209,1652,0,51,0,0,0,LEADER,1,0,0,0,0,50
138660,22,adaptive-prasle,1531,1,0,0,50,0,700,0,1,22,137129,1531,0,51,0,0,0,LEADER,1,0,0,0,0,50
138371,72,adaptive-prasle,2162,1,0,0,50,0,700,0,1,72,136209,2162,0,51,0,0,0,LEADER,1,0,0,0,0,50
138161,24,adaptive-prasle,1952,1,0,0,50,0,700,0,1,24,136209,1952,0,51,0,0,0,LEADER,1,0,0,0,0,50
138692,32,adaptive-prasle,1564,1,0,0,50,0,700,0,1,32,137128,1564,0,51,0,0,0,LEADER,1,0,0,0,0,50
137880,93,adaptive-prasle,1671,1,0,0,50,0,700,0,1,93,136209,1671,0,51,0,0,0,LEADER,1,0,0,0,0,50
138539,79,adaptive-prasle,2331,1,0,0,50,0,700,0,1,79,136208,2331,0,51,0,0,0,LEADER,1,0,0,0,0,50
138554,69,adaptive-prasle,2343,1,0,0,50,0,700,0,1,69,136211,2343,0,51,0,0,0,LEADER,1,0,0,0,0,50
138234,75,adaptive-prasle,2025,1,0,0,50,0,700,0,1,75,136209,2025,0,51,0,0,0,LEADER,1,0,0,0,0,50
137961,81,adaptive-prasle,1752,1,0,0,50,0,700,0,1,81,136209,1752,0,51,0,0,0,LEADER,1,0,0,0,0,50
137819,52,adaptive-prasle,1610,1,0,0,50,0,700,0,1,52,136209,1610,0,51,0,0,0,LEADER,1,0,0,0,0,50
138298,21,adaptive-prasle,2088,1,0,0,50,0,700,0,1,21,136210,2088,0,51,0,0,0,LEADER,1,0,0,0,0,50
138474,29,adaptive-prasle,2265,1,0,0,50,0,700,0,1,29,136209,2265,0,51,0,0,0,LEADER,1,0,0,0,0,50
138050,100,adaptive-prasle,1841,1,0,0,50,0,700,0,1,100,136209,1841,0,51,0,0,0,LEADER,1,0,0,0,0,50
137895,61,adaptive-prasle,1686,1,0,0,50,0,700,0,1,61,136209,1686,0,51,0,0,0,LEADER,1,0,0,0,0,50
138459,91,adaptive-prasle,2250,1,0,0,50,0,700,0,1,91,136209,2250,0,51,0,0,0,LEADER,1,0,0,0,0,50
138419,37,adaptive-prasle,2210,1,0,0,50,0,700,0,1,37,136209,2210,0,51,0,0,0,LEADER,1,0,0,0,0,50
137962,38,adaptive-prasle,1755,1,0,0,50,0,700,0,1,38,136207,1755,0,51,0,0,0,LEADER,1,0,0,0,0,50
138628,98,adaptive-prasle,2419,1,0,0,50,0,700,0,1,98,136209,2419,0,51,0,0,0,LEADER,1,0,0,0,0,50
138486,27,adaptive-prasle,2280,1,0,0,50,0,700,0,1,27,136206,2280,0,51,0,0,0,LEADER,1,0,0,0,0,50
138337,62,adaptive-prasle,2128,1,0,0,50,0,700,0,1,62,136209,2128,0,51,0,0,0,LEADER,1,0,0,0,0,50
138146,56,adaptive-prasle,1937,1,0,0,50,0,700,0,1,56,136209,1937,0,51,0,0,0,LEADER,1,0,0,0,0,50
138533,99,adaptive-prasle,2328,1,0,0,50,0,700,0,1,99,136205,2328,0,51,0,0,0,LEADER,1,0,0,0,0,50
138413,48,adaptive-prasle,2202,1,0,0,50,0,700,0,1,48,136211,2202,0,51,0,0,0,LEADER,1,0,0,0,0,50
137928,71,adaptive-prasle,1719,1,0,0,50,0,700,0,1,71,136209,1719,0,51,0,0,0,LEADER,1,0,0,0,0,50
138153,87,adaptive-prasle,1944,1,0,0,50,0,700,0,1,87,136209,1944,0,51,0,0,0,LEADER,1,0,0,0,0,50
138079,36,adaptive-prasle,1870,1,0,0,50,0,700,0,1,36,136209,1870,0,51,0,0,0,LEADER,1,0,0,0,0,50
138575,77,adaptive-prasle,1446,1,0,0,50,0,700,0,1,77,137129,1446,0,51,0,0,0,LEADER,1,0,0,0,0,50
138768,83,adaptive-prasle,1637,1,0,0,50,0,700,0,1,83,137131,1637,0,51,0,0,0,LEADER,1,0,0,0,0,50
138268,85,adaptive-prasle,2059,1,0,0,50,0,700,0,1,85,136209,2059,0,51,0,0,0,LEADER,1,0,0,0,0,50
138796,19,adaptive-prasle,1667,1,0,0,50,0,700,0,1,19,137129,1667,0,51,0,0,0,LEADER,1,0,0,0,0,50
138951,65,adaptive-prasle,1822,1,0,0,50,0,700,0,1,65,137129,1822,0,51,0,0,0,LEADER,1,0,0,0,0,50
138557,35,adaptive-prasle,1428,1,0,0,50,0,700,0,1,35,137129,1428,0,51,0,0,0,LEADER,1,0,0,0,0,50
138572,86,adaptive-prasle,1443,1,0,0,50,0,700,0,1,86,137129,1443,0,51,0,0,0,LEADER,1,0,0,0,0,50
138615,50,adaptive-prasle,2406,1,0,0,50,0,700,0,1,50,136209,2406,0,51,0,0,0,LEADER,1,0,0,0,0,50
138630,55,adaptive-prasle,1501,1,0,0,50,0,700,0,1,55,137129,1501,0,51,0,0,0,LEADER,1,0,0,0,0,50
138669,63,adaptive-prasle,1540,1,0,0,50,0,700,0,1,63,137129,1540,0,51,0,0,0,LEADER,1,0,0,0,0,50
139033,46,adaptive-prasle,1904,1,0,0,50,0,700,0,1,46,137129,1904,0,51,0,0,0,LEADER,1,0,0,0,0,50
138828,53,adaptive-prasle,1701,1,0,0,50,0,700,0,1,53,137127,1701,0,51,0,0,0,LEADER,1,0,0,0,0,50
138183,23,adaptive-prasle,1974,1,0,0,50,0,700,0,1,23,136209,1974,0,51,0,0,0,LEADER,1,0,0,0,0,50
139051,88,adaptive-prasle,1922,1,0,0,50,0,700,0,1,88,137129,1922,0,51,0,0,0,LEADER,1,0,0,0,0,50
138578,34,adaptive-prasle,1449,1,0,0,50,0,700,0,1,34,137129,1449,0,51,0,0,0,LEADER,1,0,0,0,0,50
138186,97,adaptive-prasle,1977,1,0,0,50,0,700,0,1,97,136209,1977,0,51,0,0,0,LEADER,1,0,0,0,0,50
138306,20,adaptive-prasle,2095,1,0,0,50,0,700,0,1,20,136211,2095,0,51,0,0,0,LEADER,1,0,0,0,0,50
138386,40,adaptive-prasle,2177,1,0,0,50,0,700,0,1,40,136209,2177,0,51,0,0,0,LEADER,1,0,0,0,0,50
138311,47,adaptive-prasle,2100,1,0,0,50,0,700,0,1,47,136211,2100,0,51,0,0,0,LEADER,1,0,0,0,0,50
139221,95,adaptive-prasle,2092,1,0,0,50,0,700,0,1,95,137129,2092,0,51,0,0,0,LEADER,1,0,0,0,0,50
138604,25,adaptive-prasle,2395,1,0,0,50,0,700,0,1,25,136209,2395,0,51,0,0,0,LEADER,1,0,0,0,0,50
139209,84,adaptive-prasle,2080,1,0,0,50,0,700,0,1,84,137129,2080,0,51,0,0,0,LEADER,1,0,0,0,0,50
138486,70,adaptive-prasle,2277,1,0,0,50,0,700,0,1,70,136209,2277,0,51,0,0,0,LEADER,1,0,0,0,0,50
138404,82,adaptive-prasle,2195,1,0,0,50,0,700,0,1,82,136209,2195,0,51,0,0,0,LEADER,1,0,0,0,0,50
138622,67,adaptive-prasle,2413,1,0,0,50,0,700,0,1,67,136209,2413,0,51,0,0,0,LEADER,1,0,0,0,0,50
138574,89,adaptive-prasle,2365,1,0,0,50,0,700,0,1,89,136209,2365,0,51,0,0,0,LEADER,1,0,0,0,0,50
139242,28,adaptive-prasle,2113,1,0,0,50,0,700,0,1,28,137129,2113,0,51,0,0,0,LEADER,1,0,0,0,0,50
138984,68,adaptive-prasle,1855,1,0,0,50,0,700,0,1,68,137129,1855,0,51,0,0,0,LEADER,1,0,0,0,0,50
138936,90,adaptive-prasle,1807,1,0,0,50,0,700,0,1,90,137129,1807,0,51,0,0,0,LEADER,1,0,0,0,0,50
138597,76,adaptive-prasle,1468,1,0,0,50,0,700,0,1,76,137129,1468,0,51,0,0,0,LEADER,1,0,0,0,0,50
138918,10,adaptive-prasle,1789,1,0,0,50,0,700,0,1,10,137129,1789,0,51,0,0,0,LEADER,1,0,0,0,0,50
139350,58,adaptive-prasle,2221,1,0,0,50,0,700,0,1,58,137129,2221,0,51,0,0,0,LEADER,1,0,0,0,0,50
138733,73,adaptive-prasle,1604,1,0,0,50,0,700,0,1,73,137129,1604,0,51,0,0,0,LEADER,1,0,0,0,0,50
138474,59,adaptive-prasle,2265,1,0,0,50,0,700,0,1,59,136209,2265,0,51,0,0,0,LEADER,1,0,0,0,0,50
138748,41,adaptive-prasle,1619,1,0,0,50,0,700,0,1,41,137129,1619,0,51,0,0,0,LEADER,1,0,0,0,0,50
138663,96,adaptive-prasle,1534,1,0,0,50,0,700,0,1,96,137129,1534,0,51,0,0,0,LEADER,1,0,0,0,0,50
138896,49,adaptive-prasle,1767,1,0,0,50,0,700,0,1,49,137129,1767,0,51,0,0,0,LEADER,1,0,0,0,0,50
138965,74,adaptive-prasle,1837,1,0,0,50,0,700,0,1,74,137128,1837,0,51,0,0,0,LEADER,1,0,0,0,0,50
139357,92,adaptive-prasle,2228,1,0,0,50,0,700,0,1,92,137129,2228,0,51,0,0,0,LEADER,1,0,0,0,0,50
138565,66,adaptive-prasle,1434,1,0,0,50,0,700,0,1,66,137131,1434,0,51,0,0,0,LEADER,1,0,0,0,0,50
138589,57,adaptive-prasle,2380,1,0,0,50,0,700,0,1,57,136209,2380,0,51,0,0,0,LEADER,1,0,0,0,0,50
139389,78,adaptive-prasle,2260,1,0,0,50,0,700,0,1,78,137129,2260,0,51,0,0,0,LEADER,1,0,0,0,0,50
138555,39,adaptive-prasle,2346,1,0,0,50,0,700,0,1,39,136209,2346,0,51,0,0,0,LEADER,1,0,0,0,0,50
139272,30,adaptive-prasle,2143,1,0,0,50,0,700,0,1,30,137129,2143,0,51,0,0,0,LEADER,1,0,0,0,0,50
139087,16,adaptive-prasle,1805,1,0,0,13,11,182,154,4,6,137282,1805,0,5,0,0,0,NORMAL,0,0,0,0,0,13
138678,64,adaptive-prasle,1549,1,0,0,50,0,700,0,1,64,137129,1549,0,51,0,0,0,LEADER,1,0,0,0,0,50
138903,80,adaptive-prasle,1774,1,0,0,50,0,700,0,1,80,137129,1774,0,51,0,0,0,LEADER,1,0,0,0,0,50
138643,54,adaptive-prasle,1516,1,0,0,50,0,700,0,1,54,137127,1516,0,51,0,0,0,LEADER,1,0,0,0,0,50
139169,43,adaptive-prasle,2040,1,0,0,50,0,700,0,1,43,137129,2040,0,51,0,0,0,LEADER,1,0,0,0,0,50
139089,26,adaptive-prasle,1960,1,0,0,50,0,700,0,1,26,137129,1960,0,51,0,0,0,LEADER,1,0,0,0,0,50
138718,42,adaptive-prasle,1591,1,0,0,50,0,700,0,1,42,137127,1591,0,51,0,0,0,LEADER,1,0,0,0,0,50
138727,31,adaptive-prasle,1598,1,0,0,50,0,700,0,1,31,137129,1598,0,51,0,0,0,LEADER,1,0,0,0,0,50
139484,94,adaptive-prasle,2355,1,0,0,50,0,700,0,1,94,137129,2355,0,51,0,0,0,LEADER,1,0,0,0,0,50
139054,45,adaptive-prasle,1925,1,0,0,50,0,700,0,1,45,137129,1925,0,51,0,0,0,LEADER,1,0,0,0,0,50
139427,60,adaptive-prasle,2298,1,0,0,50,0,700,0,1,60,137129,2298,0,51,0,0,0,LEADER,1,0,0,0,0,50
139533,44,adaptive-prasle,1483,1,0,0,51,0,714,0,1,44,138050,1483,0,52,0,0,0,LEADER,1,0,0,0,0,51
139136,33,adaptive-prasle,2007,1,0,0,50,0,700,0,1,33,137129,2007,0,51,0,0,0,LEADER,1,0,0,0,0,50
138781,51,adaptive-prasle,1652,1,0,0,50,0,700,0,1,51,137129,1652,0,51,0,0,0,LEADER,1,0,0,0,0,50
139291,72,adaptive-prasle,2162,1,0,0,50,0,700,0,1,72,137129,2162,0,51,0,0,0,LEADER,1,0,0,0,0,50
139581,22,adaptive-prasle,1531,1,0,0,51,0,714,0,1,22,138050,1531,0,52,0,0,0,LEADER,1,0,0,0,0,51
139081,24,adaptive-prasle,1952,1,0,0,50,0,700,0,1,24,137129,1952,0,51,0,0,0,LEADER,1,0,0,0,0,50
139613,32,adaptive-prasle,1564,1,0,0,51,0,714,0,1,32,138049,1564,0,52,0,0,0,LEADER,1,0,0,0,0,51
138800,93,adaptive-prasle,1671,1,0,0,50,0,700,0,1,93,137129,1671,0,51,0,0,0,LEADER,1,0,0,0,0,50
139459,79,adaptive-prasle,2331,1,0,0,50,0,700,0,1,79,137128,2331,0,51,0,0,0,LEADER,1,0,0,0,0,50
139474,69,adaptive-prasle,2343,1,0,0,50,0,700,0,1,69,137131,2343,0,51,0,0,0,LEADER,1,0,0,0,0,50
139154,75,adaptive-prasle,2025,1,0,0,50,0,700,0,1,75,137129,2025,0,51,0,0,0,LEADER,1,0,0,0,0,50
138881,81,adaptive-prasle,1752,1,0,0,50,0,700,0,1,81,137129,1752,0,51,0,0,0,LEADER,1,0,0,0,0,50
138739,52,adaptive-prasle,1610,1,0,0,50,0,700,0,1,52,137129,1610,0,51,0,0,0,LEADER,1,0,0,0,0,50
139218,21,adaptive-prasle,2088,1,0,0,50,0,700,0,1,21,137130,2088,0,51,0,0,0,LEADER,1,0,0,0,0,50
139394,29,adaptive-prasle,2265,1,0,0,50,0,700,0,1,29,137129,2265,0,51,0,0,0,LEADER,1,0,0,0,0,50
138970,100,adaptive-prasle,1841,1,0,0,50,0,700,0,1,100,137129,1841,0,51,0,0,0,LEADER,1,0,0,0,0,50
138815,61,adaptive-prasle,1686,1,0,0,50,0,700,0,1,61,137129,1686,0,51,0,0,0,LEADER,1,0,0,0,0,50
139379,91,adaptive-prasle,2250,1,0,0,50,0,700,0,1,91,137129,2250,0,51,0,0,0,LEADER,1,0,0,0,0,50
139339,37,adaptive-prasle,2210,1,0,0,50,0,700,0,1,37,137129,2210,0,51,0,0,0,LEADER,1,0,0,0,0,50
138882,38,adaptive-prasle,1755,1,0,0,50,0,700,0,1,38,137127,1755,0,51,0,0,0,LEADER,1,0,0,0,0,50
139548,98,adaptive-prasle,2419,1,0,0,50,0,700,0,1,98,137129,2419,0,51,0,0,0,LEADER,1,0,0,0,0,50
139406,27,adaptive-prasle,2280,1,0,0,50,0,700,0,1,27,137126,2280,0,51,0,0,0,LEADER,1,0,0,0,0,50
139257,62,adaptive-prasle,2128,1,0,0,50,0,700,0,1,62,137129,2128,0,51,0,0,0,LEADER,1,0,0,0,0,50
139066,56,adaptive-prasle,1937,1,0,0,50,0,700,0,1,56,137129,1937,0,51,0,0,0,LEADER,1,0,0,0,0,50
139453,99,adaptive-prasle,2328,1,0,0,50,0,700,0,1,99,137125,2328,0,51,0,0,0,LEADER,1,0,0,0,0,50
139333,48,adaptive-prasle,2202,1,0,0,50,0,700,0,1,48,137131,2202,0,51,0,0,0,LEADER,1,0,0,0,0,50
138848,71,adaptive-prasle,1719,1,0,0,50,0,700,0,1,71,137129,1719,0,51,0,0,0,LEADER,1,0,0,0,0,50
139073,87,adaptive-prasle,1944,1,0,0,50,0,700,0,1,87,137129,1944,0,51,0,0,0,LEADER,1,0,0,0,0,50
138999,36,adaptive-prasle,1870,1,0,0,50,0,700,0,1,36,137129,1870,0,51,0,0,0,LEADER,1,0,0,0,0,50
139496,77,adaptive-prasle,1446,1,0,0,51,0,714,0,1,77,138050,1446,0,52,0,0,0,LEADER,1,0,0,0,0,51
139689,83,adaptive-prasle,1637,1,0,0,51,0,714,0,1,83,138052,1637,0,52,0,0,0,LEADER,1,0,0,0,0,51
139188,85,adaptive-prasle,2059,1,0,0,50,0,700,0,1,85,137129,2059,0,51,0,0,0,LEADER,1,0,0,0,0,50
139717,19,adaptive-prasle,1667,1,0,0,51,0,714,0,1,19,138050,1667,0,52,0,0,0,LEADER,1,0,0,0,0,51
139872,65,adaptive-prasle,1822,1,0,0,51,0,714,0,1,65,138050,1822,0,52,0,0,0,LEADER,1,0,0,0,0,51
139478,35,adaptive-prasle,1428,1,0,0,51,0,714,0,1,35,138050,1428,0,52,0,0,0,LEADER,1,0,0,0,0,51
139493,86,adaptive-prasle,1443,1,0,0,51,0,714,0,1,86,138050,1443,0,52,0,0,0,LEADER,1,0,0,0,0,51
139535,50,adaptive-prasle,2406,1,0,0,50,0,700,0,1,50,137129,2406,0,51,0,0,0,LEADER,1,0,0,0,0,50
139551,55,adaptive-prasle,1501,1,0,0,51,0,714,0,1,55,138050,1501,0,52,0,0,0,LEADER,1,0,0,0,0,51
139590,63,adaptive-prasle,1540,1,0,0,51,0,714,0,1,63,138050,1540,0,52,0,0,0,LEADER,1,0,0,0,0,51
139954,46,adaptive-prasle,1904,1,0,0,51,0,714,0,1,46,138050,1904,0,52,0,0,0,LEADER,1,0,0,0,0,51
139749,53,adaptive-prasle,1701,1,0,0,51,0,714,0,1,53,138048,1701,0,52,0,0,0,LEADER,1,0,0,0,0,51
139103,23,adaptive-prasle,1974,1,0,0,50,0,700,0,1,23,137129,1974,0,51,0,0,0,LEADER,1,0,0,0,0,50
139972,88,adaptive-prasle,1922,1,0,0,51,0,714,0,1,88,138050,1922,0,52,0,0,0,LEADER,1,0,0,0,0,51
139499,34,adaptive-prasle,1449,1,0,0,51,0,714,0,1,34,138050,1449,0,52,0,0,0,LEADER,1,0,0,0,0,51
139106,97,adaptive-prasle,1977,1,0,0,50,0,700,0,1,97,137129,1977,0,51,0,0,0,LEADER,1,0,0,0,0,50
139226,20,adaptive-prasle,2095,1,0,0,50,0,700,0,1,20,137131,2095,0,51,0,0,0,LEADER,1,0,0,0,0,50
139306,40,adaptive-prasle,2177,1,0,0,50,0,700,0,1,40,137129,2177,0,51,0,0,0,LEADER,1,0,0,0,0,50
139231,47,adaptive-prasle,2100,1,0,0,50,0,700,0,1,47,137131,2100,0,51,0,0,0,LEADER,1,0,0,0,0,50
140142,95,adaptive-prasle,2092,1,0,0,51,0,714,0,1,95,138050,2092,0,52,0,0,0,LEADER,1,0,0,0,0,51
139524,25,adaptive-prasle,2395,1,0,0,50,0,700,0,1,25,137129,2395,0,51,0,0,0,LEADER,1,0,0,0,0,50
140130,84,adaptive-prasle,2080,1,0,0,51,0,714,0,1,84,138050,2080,0,52,0,0,0,LEADER,1,0,0,0,0,51
139406,70,adaptive-prasle,2277,1,0,0,50,0,700,0,1,70,137129,2277,0,51,0,0,0,LEADER,1,0,0,0,0,50
139324,82,adaptive-prasle,2195,1,0,0,50,0,700,0,1,82,137129,2195,0,51,0,0,0,LEADER,1,0,0,0,0,50
139542,67,adaptive-prasle,2413,1,0,0,50,0,700,0,1,67,137129,2413,0,51,0,0,0,LEADER,1,0,0,0,0,50
139494,89,adaptive-prasle,2365,1,0,0,50,0,700,0,1,89,137129,2365,0,51,0,0,0,LEADER,1,0,0,0,0,50
140163,28,adaptive-prasle,2113,1,0,0,51,0,714,0,1,28,138050,2113,0,52,0,0,0,LEADER,1,0,0,0,0,51
139905,68,adaptive-prasle,1855,1,0,0,51,0,714,0,1,68,138050,1855,0,52,0,0,0,LEADER,1,0,0,0,0,51
139857,90,adaptive-prasle,1807,1,0,0,51,0,714,0,1,90,138050,1807,0,52,0,0,0,LEADER,1,0,0,0,0,51
140016,2,adaptive-prasle,1819,1,0,0,7,14,98,196,2,2,138197,1819,0,6,0,0,0,LEADER,1,0,0,0,0,7
139518,76,adaptive-prasle,1468,1,0,0,51,0,714,0,1,76,138050,1468,0,52,0,0,0,LEADER,1,0,0,0,0,51
139839,10,adaptive-prasle,1789,1,0,0,51,0,714,0,1,10,138050,1789,0,52,0,0,0,LEADER,1,0,0,0,0,51
140271,58,adaptive-prasle,2221,1,0,0,51,0,714,0,1,58,138050,2221,0,52,0,0,0,LEADER,1,0,0,0,0,51
139654,73,adaptive-prasle,1604,1,0,0,51,0,714,0,1,73,138050,1604,0,52,0,0,0,LEADER,1,0,0,0,0,51
139394,59,adaptive-prasle,2265,1,0,0,50,0,700,0,1,59,137129,2265,0,51,0,0,0,LEADER,1,0,0,0,0,50
139669,41,adaptive-prasle,1619,1,0,0,51,0,714,0,1,41,138050,1619,0,52,0,0,0,LEADER,1,0,0,0,0,51
139584,96,adaptive-prasle,1534,1,0,0,51,0,714,0,1,96,138050,1534,0,52,0,0,0,LEADER,1,0,0,0,0,51
139817,49,adaptive-prasle,1767,1,0,0,51,0,714,0,1,49,138050,1767,0,52,0,0,0,LEADER,1,0,0,0,0,51
139886,74,adaptive-prasle,1837,1,0,0,51,0,714,0,1,74,138049,1837,0,52,0,0,0,LEADER,1,0,0,0,0,51
140278,92,adaptive-prasle,2228,1,0,0,51,0,714,0,1,92,138050,2228,0,52,0,0,0,LEADER,1,0,0,0,0,51
139486,66,adaptive-prasle,1434,1,0,0,51,0,714,0,1,66,138052,1434,0,52,0,0,0,LEADER,1,0,0,0,0,51
139509,57,adaptive-prasle,2380,1,0,0,50,0,700,0,1,57,137129,2380,0,51,0,0,0,LEADER,1,0,0,0,0,50
140310,78,adaptive-prasle,2260,1,0,0,51,0,714,0,1,78,138050,2260,0,52,0,0,0,LEADER,1,0,0,0,0,51
139475,39,adaptive-prasle,2346,1,0,0,50,0,700,0,1,39,137129,2346,0,51,0,0,0,LEADER,1,0,0,0,0,50
140193,30,adaptive-prasle,2143,1,0,0,51,0,714,0,1,30,138050,2143,0,52,0,0,0,LEADER,1,0,0,0,0,51
139599,64,adaptive-prasle,1549,1,0,0,51,0,714,0,1,64,138050,1549,0,52,0,0,0,LEADER,1,0,0,0,0,51
139824,80,adaptive-prasle,1774,1,0,0,51,0,714,0,1,80,138050,1774,0,52,0,0,0,LEADER,1,0,0,0,0,51
139564,54,adaptive-prasle,1516,1,0,0,51,0,714,0,1,54,138048,1516,0,52,0,0,0,LEADER,1,0,0,0,0,51
140090,43,adaptive-prasle,2040,1,0,0,51,0,714,0,1,43,138050,2040,0,52,0,0,0,LEADER,1,0,0,0,0,51
140010,26,adaptive-prasle,1960,1,0,0,51,0,714,0,1,26,138050,1960,0,52,0,0,0,LEADER,1,0,0,0,0,51
139639,42,adaptive-prasle,1591,1,0,0,51,0,714,0,1,42,138048,1591,0,52,0,0,0,LEADER,1,0,0,0,0,51
139648,31,adaptive-prasle,1598,1,0,0,51,0,714,0,1,31,138050,1598,0,52,0,0,0,LEADER,1,0,0,0,0,51
140405,94,adaptive-prasle,2355,1,0,0,51,0,714,0,1,94,138050,2355,0,52,0,0,0,LEADER,1,0,0,0,0,51
139975,45,adaptive-prasle,1925,1,0,0,51,0,714,0,1,45,138050,1925,0,52,0,0,0,LEADER,1,0,0,0,0,51
140348,60,adaptive-prasle,2298,1,0,0,51,0,714,0,1,60,138050,2298,0,52,0,0,0,LEADER,1,0,0,0,0,51
140453,44,adaptive-prasle,1483,1,0,0,51,0,714,0,1,44,138970,1483,0,52,0,0,0,LEADER,1,0,0,0,0,51
140057,33,adaptive-prasle,2007,1,0,0,51,0,714,0,1,33,138050,2007,0,52,0,0,0,LEADER,1,0,0,0,0,51
139702,51,adaptive-prasle,1652,1,0,0,51,0,714,0,1,51,138050,1652,0,52,0,0,0,LEADER,1,0,0,0,0,51
140501,22,adaptive-prasle,1531,1,0,0,51,0,714,0,1,22,138970,1531,0,52,0,0,0,LEADER,1,0,0,0,0,51
140212,72,adaptive-prasle,2162,1,0,0,51,0,714,0,1,72,138050,2162,0,52,0,0,0,LEADER,1,0,0,0,0,51
140002,24,adaptive-prasle,1952,1,0,0,51,0,714,0,1,24,138050,1952,0,52,0,0,0,LEADER,1,0,0,0,0,51
140533,32,adaptive-prasle,1564,1,0,0,51,0,714,0,1,32,138969,1564,0,52,0,0,0,LEADER,1,0,0,0,0,51
139721,93,adaptive-prasle,1671,1,0,0,51,0,714,0,1,93,138050,1671,0,52,0,0,0,LEADER,1,0,0,0,0,51
140395,69,adaptive-prasle,2343,1,0,0,51,0,714,0,1,69,138052,2343,0,52,0,0,0,LEADER,1,0,0,0,0,51
140380,79,adaptive-prasle,2331,1,0,0,51,0,714,0,1,79,138049,2331,0,52,0,0,0,LEADER,1,0,0,0,0,51
140075,75,adaptive-prasle,2025,1,0,0,51,0,714,0,1,75,138050,2025,0,52,0,0,0,LEADER,1,0,0,0,0,51
139802,81,adaptive-prasle,1752,1,0,0,51,0,714,0,1,81,138050,1752,0,52,0,0,0,LEADER,1,0,0,0,0,51
139660,52,adaptive-prasle,1610,1,0,0,51,0,714,0,1,52,138050,1610,0,52,0,0,0,LEADER,1,0,0,0,0,51
140534,1,adaptive-prasle,2022,1,0,0,6,7,84,98,1,1,138512,2022,0,7,0,0,0,LEADER,1,0,0,0,0,6
140315,29,adaptive-prasle,2265,1,0,0,51,0,714,0,1,29,138050,2265,0,52,0,0,0,LEADER,1,0,0,0,0,51
140139,21,adaptive-prasle,2088,1,0,0,51,0,714,0,1,21,138051,2088,0,52,0,0,0,LEADER,1,0,0,0,0,51
139891,100,adaptive-prasle,1841,1,0,0,51,0,714,0,1,100,138050,1841,0,52,0,0,0,LEADER,1,0,0,0,0,51
139736,61,adaptive-prasle,1686,1,0,0,51,0,714,0,1,61,138050,1686,0,52,0,0,0,LEADER,1,0,0,0,0,51
140300,91,adaptive-prasle,2250,1,0,0,51,0,714,0,1,91,138050,2250,0,52,0,0,0,LEADER,1,0,0,0,0,51
140260,37,adaptive-prasle,2210,1,0,0,51,0,714,0,1,37,138050,2210,0,52,0,0,0,LEADER,1,0,0,0,0,51
139803,38,adaptive-prasle,1755,1,0,0,51,0,714,0,1,38,138048,1755,0,52,0,0,0,LEADER,1,0,0,0,0,51
140469,98,adaptive-prasle,2419,1,0,0,51,0,714,0,1,98,138050,2419,0,52,0,0,0,LEADER,1,0,0,0,0,51
140327,27,adaptive-prasle,2280,1,0,0,51,0,714,0,1,27,138047,2280,0,52,0,0,0,LEADER,1,0,0,0,0,51
140178,62,adaptive-prasle,2128,1,0,0,51,0,714,0,1,62,138050,2128,0,52,0,0,0,LEADER,1,0,0,0,0,51
139987,56,adaptive-prasle,1937,1,0,0,51,0,714,0,1,56,138050,1937,0,52,0,0,0,LEADER,1,0,0,0,0,51
140374,99,adaptive-prasle,2328,1,0,0,51,0,714,0,1,99,138046,2328,0,52,0,0,0,LEADER,1,0,0,0,0,51
140254,48,adaptive-prasle,2202,1,0,0,51,0,714,0,1,48,138052,2202,0,52,0,0,0,LEADER,1,0,0,0,0,51
139769,71,adaptive-prasle,1719,1,0,0,51,0,714,0,1,71,138050,1719,0,52,0,0,0,LEADER,1,0,0,0,0,51
139994,87,adaptive-prasle,1944,1,0,0,51,0,714,0,1,87,138050,1944,0,52,0,0,0,LEADER,1,0,0,0,0,51
139920,36,adaptive-prasle,1870,1,0,0,51,0,714,0,1,36,138050,1870,0,52,0,0,0,LEADER,1,0,0,0,0,51
140416,77,adaptive-prasle,1446,1,0,0,51,0,714,0,1,77,138970,1446,0,52,0,0,0,LEADER,1,0,0,0,0,51
140609,83,adaptive-prasle,1637,1,0,0,51,0,714,0,1,83,138972,1637,0,52,0,0,0,LEADER,1,0,0,0,0,51
140109,85,adaptive-prasle,2059,1,0,0,51,0,714,0,1,85,138050,2059,0,52,0,0,0,LEADER,1,0,0,0,0,51
140637,19,adaptive-prasle,1667,1,0,0,51,0,714,0,1,19,138970,1667,0,52,0,0,0,LEADER,1,0,0,0,0,51
140792,65,adaptive-prasle,1822,1,0,0,51,0,714,0,1,65,138970,1822,0,52,0,0,0,LEADER,1,0,0,0,0,51
140398,35,adaptive-prasle,1428,1,0,0,51,0,714,0,1,35,138970,1428,0,52,0,0,0,LEADER,1,0,0,0,0,51
140413,86,adaptive-prasle,1443,1,0,0,51,0,714,0,1,86,138970,1443,0,52,0,0,0,LEADER,1,0,0,0,0,51
140456,50,adaptive-prasle,2406,1,0,0,51,0,714,0,1,50,138050,2406,0,52,0,0,0,LEADER,1,0,0,0,0,51
140471,55,adaptive-prasle,1501,1,0,0,51,0,714,0,1,55,138970,1501,0,52,0,0,0,LEADER,1,0,0,0,0,51
140510,63,adaptive-prasle,1540,1,0,0,51,0,714,0,1,63,138970,1540,0,52,0,0,0,LEADER,1,0,0,0,0,51
140874,46,adaptive-prasle,1904,1,0,0,51,0,714,0,1,46,138970,1904,0,52,0,0,0,LEADER,1,0,0,0,0,51
140669,53,adaptive-prasle,1701,1,0,0,51,0,714,0,1,53,138968,1701,0,52,0,0,0,LEADER,1,0,0,0,0,51
140024,23,adaptive-prasle,1974,1,0,0,51,0,714,0,1,23,138050,1974,0,52,0,0,0,LEADER,1,0,0,0,0,51
140892,88,adaptive-prasle,1922,1,0,0,51,0,714,0,1,88,138970,1922,0,52,0,0,0,LEADER,1,0,0,0,0,51
140419,34,adaptive-prasle,1449,1,0,0,51,0,714,0,1,34,138970,1449,0,52,0,0,0,LEADER,1,0,0,0,0,51
140027,97,adaptive-prasle,1977,1,0,0,51,0,714,0,1,97,138050,1977,0,52,0,0,0,LEADER,1,0,0,0,0,51
140147,20,adaptive-prasle,2095,1,0,0,51,0,714,0,1,20,138052,2095,0,52,0,0,0,LEADER,1,0,0,0,0,51
140227,40,adaptive-prasle,2177,1,0,0,51,0,714,0,1,40,138050,2177,0,52,0,0,0,LEADER,1,0,0,0,0,51
140152,47,adaptive-prasle,2100,1,0,0,51,0,714,0,1,47,138052,2100,0,52,0,0,0,LEADER,1,0,0,0,0,51
141062,95,adaptive-prasle,2092,1,0,0,51,0,714,0,1,95,138970,2092,0,52,0,0,0,LEADER,1,0,0,0,0,51
140445,25,adaptive-prasle,2395,1,0,0,51,0,714,0,1,25,138050,2395,0,52,0,0,0,LEADER,1,0,0,0,0,51
141050,84,adaptive-prasle,2080,1,0,0,51,0,714,0,1,84,138970,2080,0,52,0,0,0,LEADER,1,0,0,0,0,51
140327,70,adaptive-prasle,2277,1,0,0,51,0,714,0,1,70,138050,2277,0,52,0,0,0,LEADER,1,0,0,0,0,51
140245,82,adaptive-prasle,2195,1,0,0,51,0,714,0,1,82,138050,2195,0,52,0,0,0,LEADER,1,0,0,0,0,51
140463,67,adaptive-prasle,2413,1,0,0,51,0,714,0,1,67,138050,2413,0,52,0,0,0,LEADER,1,0,0,0,0,51
140415,89,adaptive-prasle,2365,1,0,0,51,0,714,0,1,89,138050,2365,0,52,0,0,0,LEADER,1,0,0,0,0,51
141083,28,adaptive-prasle,2113,1,0,0,51,0,714,0,1,28,138970,2113,0,52,0,0,0,LEADER,1,0,0,0,0,51
140825,68,adaptive-prasle,1855,1,0,0,51,0,714,0,1,68,138970,1855,0,52,0,0,0,LEADER,1,0,0,0,0,51
140777,90,adaptive-prasle,1807,1,0,0,51,0,714,0,1,90,138970,1807,0,52,0,0,0,LEADER,1,0,0,0,0,51
140438,76,adaptive-prasle,1468,1,0,0,51,0,714,0,1,76,138970,1468,0,52,0,0,0,LEADER,1,0,0,0,0,51
140759,10,adaptive-prasle,1789,1,0,0,51,0,714,0,1,10,138970,1789,0,52,0,0,0,LEADER,1,0,0,0,0,51
141191,58,adaptive-prasle,2221,1,0,0,51,0,714,0,1,58,138970,2221,0,52,0,0,0,LEADER,1,0,0,0,0,51
140574,73,adaptive-prasle,1604,1,0,0,51,0,714,0,1,73,138970,1604,0,52,0,0,0,LEADER,1,0,0,0,0,51
140315,59,adaptive-prasle,2265,1,0,0,51,0,714,0,1,59,138050,2265,0,52,0,0,0,LEADER,1,0,0,0,0,51
140589,41,adaptive-prasle,1619,1,0,0,51,0,714,0,1,41,138970,1619,0,52,0,0,0,LEADER,1,0,0,0,0,51
140504,96,adaptive-prasle,1534,1,0,0,51,0,714,0,1,96,138970,1534,0,52,0,0,0,LEADER,1,0,0,0,0,51
140737,49,adaptive-prasle,1767,1,0,0,51,0,714,0,1,49,138970,1767,0,52,0,0,0,LEADER,1,0,0,0,0,51
140806,74,adaptive-prasle,1837,1,0,0,51,0,714,0,1,74,138969,1837,0,52,0,0,0,LEADER,1,0,0,0,0,51
141198,92,adaptive-prasle,2228,1,0,0,51,0,714,0,1,92,138970,2228,0,52,0,0,0,LEADER,1,0,0,0,0,51
140406,66,adaptive-prasle,1434,1,0,0,51,0,714,0,1,66,138972,1434,0,52,0,0,0,LEADER,1,0,0,0,0,51
140430,57,adaptive-prasle,2380,1,0,0,51,0,714,0,1,57,138050,2380,0,52,0,0,0,LEADER,1,0,0,0,0,51
141230,78,adaptive-prasle,2260,1,0,0,51,0,714,0,1,78,138970,2260,0,52,0,0,0,LEADER,1,0,0,0,0,51
140396,39,adaptive-prasle,2346,1,0,0,51,0,714,0,1,39,138050,2346,0,52,0,0,0,LEADER,1,0,0,0,0,51
141113,30,adaptive-prasle,2143,1,0,0,51,0,714,0,1,30,138970,2143,0,52,0,0,0,LEADER,1,0,0,0,0,51
140519,64,adaptive-prasle,1549,1,0,0,51,0,714,0,1,64,138970,1549,0,52,0,0,0,LEADER,1,0,0,0,0,51
140744,80,adaptive-prasle,1774,1,0,0,51,0,714,0,1,80,138970,1774,0,52,0,0,0,LEADER,1,0,0,0,0,51
140484,54,adaptive-prasle,1516,1,0,0,51,0,714,0,1,54,138968,1516,0,52,0,0,0,LEADER,1,0,0,0,0,51
141010,43,adaptive-prasle,2040,1,0,0,51,0,714,0,1,43,138970,2040,0,52,0,0,0,LEADER,1,0,0,0,0,51
140930,26,adaptive-prasle,1960,1,0,0,51,0,714,0,1,26,138970,1960,0,52,0,0,0,LEADER,1,0,0,0,0,51
140559,42,adaptive-prasle,1591,1,0,0,51,0,714,0,1,42,138968,1591,0,52,0,0,0,LEADER,1,0,0,0,0,51
140568,31,adaptive-prasle,1598,1,0,0,51,0,714,0,1,31,138970,1598,0,52,0,0,0,LEADER,1,0,0,0,0,51
141325,94,adaptive-prasle,2355,1,0,0,51,0,714,0,1,94,138970,2355,0,52,0,0,0,LEADER,1,0,0,0,0,51
140895,45,adaptive-prasle,1925,1,0,0,51,0,714,0,1,45,138970,1925,0,52,0,0,0,LEADER,1,0,0,0,0,51
141268,60,adaptive-prasle,2298,1,0,0,51,0,714,0,1,60,138970,2298,0,52,0,0,0,LEADER,1,0,0,0,0,51
141373,44,adaptive-prasle,1483,1,0,0,51,0,714,0,1,44,139890,1483,0,52,0,0,0,LEADER,1,0,0,0,0,51
140977,33,adaptive-prasle,2007,1,0,0,51,0,714,0,1,33,138970,2007,0,52,0,0,0,LEADER,1,0,0,0,0,51
140622,51,adaptive-prasle,1652,1,0,0,51,0,714,0,1,51,138970,1652,0,52,0,0,0,LEADER,1,0,0,0,0,51
141421,22,adaptive-prasle,1531,1,0,0,51,0,714,0,1,22,139890,1531,0,52,0,0,0,LEADER,1,0,0,0,0,51
141132,72,adaptive-prasle,2162,1,0,0,51,0,714,0,1,72,138970,2162,0,52,0,0,0,LEADER,1,0,0,0,0,51
140922,24,adaptive-prasle,1952,1,0,0,51,0,714,0,1,24,138970,1952,0,52,0,0,0,LEADER,1,0,0,0,0,51
141453,32,adaptive-prasle,1564,1,0,0,51,0,714,0,1,32,139889,1564,0,52,0,0,0,LEADER,1,0,0,0,0,51
140641,93,adaptive-prasle,1671,1,0,0,51,0,714,0,1,93,138970,1671,0,52,0,0,0,LEADER,1,0,0,0,0,51
141300,79,adaptive-prasle,2331,1,0,0,51,0,714,0,1,79,138969,2331,0,52,0,0,0,LEADER,1,0,0,0,0,51
141315,69,adaptive-prasle,2343,1,0,0,51,0,714,0,1,69,138972,2343,0,52,0,0,0,LEADER,1,0,0,0,0,51
140995,75,adaptive-prasle,2025,1,0,0,51,0,714,0,1,75,138970,2025,0,52,0,0,0,LEADER,1,0,0,0,0,51
140722,81,adaptive-prasle,1752,1,0,0,51,0,714,0,1,81,138970,1752,0,52,0,0,0,LEADER,1,0,0,0,0,51
140580,52,adaptive-prasle,1610,1,0,0,51,0,714,0,1,52,138970,1610,0,52,0,0,0,LEADER,1,0,0,0,0,51
141059,21,adaptive-prasle,2088,1,0,0,51,0,714,0,1,21,138971,2088,0,52,0,0,0,LEADER,1,0,0,0,0,51
141235,29,adaptive-prasle,2265,1,0,0,51,0,714,0,1,29,138970,2265,0,52,0,0,0,LEADER,1,0,0,0,0,51
140811,100,adaptive-prasle,1841,1,0,0,51,0,714,0,1,100,138970,1841,0,52,0,0,0,LEADER,1,0,0,0,0,51
140656,61,adaptive-prasle,1686,1,0,0,51,0,714,0,1,61,138970,1686,0,52,0,0,0,LEADER,1,0,0,0,0,51
141220,91,adaptive-prasle,2250,1,0,0,51,0,714,0,1,91,138970,2250,0,52,0,0,0,LEADER,1,0,0,0,0,51
141180,37,adaptive-prasle,2210,1,0,0,51,0,714,0,1,37,138970,2210,0,52,0,0,0,LEADER,1,0,0,0,0,51
140723,38,adaptive-prasle,1755,1,0,0,51,0,714,0,1,38,138968,1755,0,52,0,0,0,LEADER,1,0,0,0,0,51
141389,98,adaptive-prasle,2419,1,0,0,51,0,714,0,1,98,138970,2419,0,52,0,0,0,LEADER,1,0,0,0,0,51
141249,27,adaptive-prasle,2280,1,0,0,51,0,714,0,1,27,138969,2280,0,52,0,0,0,LEADER,1,0,0,0,0,51
141098,62,adaptive-prasle,2128,1,0,0,51,0,714,0,1,62,138970,2128,0,52,0,0,0,LEADER,1,0,0,0,0,51
140907,56,adaptive-prasle,1937,1,0,0,51,0,714,0,1,56,138970,1937,0,52,0,0,0,LEADER,1,0,0,0,0,51
141294,99,adaptive-prasle,2328,1,0,0,51,0,714,0,1,99,138966,2328,0,52,0,0,0,LEADER,1,0,0,0,0,51
141174,48,adaptive-prasle,2202,1,0,0,51,0,714,0,1,48,138972,2202,0,52,0,0,0,LEADER,1,0,0,0,0,51
140689,71,adaptive-prasle,1719,1,0,0,51,0,714,0,1,71,138970,1719,0,52,0,0,0,LEADER,1,0,0,0,0,51
140914,87,adaptive-prasle,1944,1,0,0,51,0,714,0,1,87,138970,1944,0,52,0,0,0,LEADER,1,0,0,0,0,51
140840,36,adaptive-prasle,1870,1,0,0,51,0,714,0,1,36,138970,1870,0,52,0,0,0,LEADER,1,0,0,0,0,51
141336,77,adaptive-prasle,1446,1,0,0,51,0,714,0,1,77,139890,1446,0,52,0,0,0,LEADER,1,0,0,0,0,51
141529,83,adaptive-prasle,1637,1,0,0,51,0,714,0,1,83,139892,1637,0,52,0,0,0,LEADER,1,0,0,0,0,51
141029,85,adaptive-prasle,2059,1,0,0,51,0,714,0,1,85,138970,2059,0,52,0,0,0,LEADER,1,0,0,0,0,51
141557,19,adaptive-prasle,1667,1,0,0,51,0,714,0,1,19,139890,1667,0,52,0,0,0,LEADER,1,0,0,0,0,51
141712,65,adaptive-prasle,1822,1,0,0,51,0,714,0,1,65,139890,1822,0,52,0,0,0,LEADER,1,0,0,0,0,51
141318,35,adaptive-prasle,1428,1,0,0,51,0,714,0,1,35,139890,1428,0,52,0,0,0,LEADER,1,0,0,0,0,51
141333,86,adaptive-prasle,1443,1,0,0,51,0,714,0,1,86,139890,1443,0,52,0,0,0,LEADER,1,0,0,0,0,51
141376,50,adaptive-prasle,2406,1,0,0,51,0,714,0,1,50,138970,2406,0,52,0,0,0,LEADER,1,0,0,0,0,51
141391,55,adaptive-prasle,1501,1,0,0,51,0,714,0,1,55,139890,1501,0,52,0,0,0,LEADER,1,0,0,0,0,51
141430,63,adaptive-prasle,1540,1,0,0,51,0,714,0,1,63,139890,1540,0,52,0,0,0,LEADER,1,0,0,0,0,51
141794,46,adaptive-prasle,1904,1,0,0,51,0,714,0,1,46,139890,1904,0,52,0,0,0,LEADER,1,0,0,0,0,51
141589,53,adaptive-prasle,1701,1,0,0,51,0,714,0,1,53,139888,1701,0,52,0,0,0,LEADER,1,0,0,0,0,51
140944,23,adaptive-prasle,1974,1,0,0,51,0,714,0,1,23,138970,1974,0,52,0,0,0,LEADER,1,0,0,0,0,51
141812,88,adaptive-prasle,1922,1,0,0,51,0,714,0,1,88,139890,1922,0,52,0,0,0,LEADER,1,0,0,0,0,51
141339,34,adaptive-prasle,1449,1,0,0,51,0,714,0,1,34,139890,1449,0,52,0,0,0,LEADER,1,0,0,0,0,51
140947,97,adaptive-prasle,1977,1,0,0,51,0,714,0,1,97,138970,1977,0,52,0,0,0,LEADER,1,0,0,0,0,51
141067,20,adaptive-prasle,2095,1,0,0,51,0,714,0,1,20,138972,2095,0,52,0,0,0,LEADER,1,0,0,0,0,51
141147,40,adaptive-prasle,2177,1,0,0,51,0,714,0,1,40,138970,2177,0,52,0,0,0,LEADER,1,0,0,0,0,51
141072,47,adaptive-prasle,2100,1,0,0,51,0,714,0,1,47,138972,2100,0,52,0,0,0,LEADER,1,0,0,0,0,51
141982,95,adaptive-prasle,2092,1,0,0,51,0,714,0,1,95,139890,2092,0,52,0,0,0,LEADER,1,0,0,0,0,51
141365,25,adaptive-prasle,2395,1,0,0,51,0,714,0,1,25,138970,2395,0,52,0,0,0,LEADER,1,0,0,0,0,51
141970,84,adaptive-prasle,2080,1,0,0,51,0,714,0,1,84,139890,2080,0,52,0,0,0,LEADER,1,0,0,0,0,51
141247,70,adaptive-prasle,2277,1,0,0,51,0,714,0,1,70,138970,2277,0,52,0,0,0,LEADER,1,0,0,0,0,51
141165,82,adaptive-prasle,2195,1,0,0,51,0,714,0,1,82,138970,2195,0,52,0,0,0,LEADER,1,0,0,0,0,51
141383,67,adaptive-prasle,2413,1,0,0,51,0,714,0,1,67,138970,2413,0,52,0,0,0,LEADER,1,0,0,0,0,51
141335,89,adaptive-prasle,2365,1,0,0,51,0,714,0,1,89,138970,2365,0,52,0,0,0,LEADER,1,0,0,0,0,51
142003,28,adaptive-prasle,2113,1,0,0,51,0,714,0,1,28,139890,2113,0,52,0,0,0,LEADER,1,0,0,0,0,51
141284,3,adaptive-prasle,1603,1,0,0,8,17,112,238,2,3,139681,1603,0,7,0,0,0,LEADER,1,0,0,0,0,8
141745,68,adaptive-prasle,1855,1,0,0,51,0,714,0,1,68,139890,1855,0,52,0,0,0,LEADER,1,0,0,0,0,51
141697,90,adaptive-prasle,1807,1,0,0,51,0,714,0,1,90,139890,1807,0,52,0,0,0,LEADER,1,0,0,0,0,51
141358,76,adaptive-prasle,1468,1,0,0,51,0,714,0,1,76,139890,1468,0,52,0,0,0,LEADER,1,0,0,0,0,51
141679,10,adaptive-prasle,1789,1,0,0,51,0,714,0,1,10,139890,1789,0,52,0,0,0,LEADER,1,0,0,0,0,51
142111,58,adaptive-prasle,2221,1,0,0,51,0,714,0,1,58,139890,2221,0,52,0,0,0,LEADER,1,0,0,0,0,51
141494,73,adaptive-prasle,1604,1,0,0,51,0,714,0,1,73,139890,1604,0,52,0,0,0,LEADER,1,0,0,0,0,51
141235,59,adaptive-prasle,2265,1,0,0,51,0,714,0,1,59,138970,2265,0,52,0,0,0,LEADER,1,0,0,0,0,51
141509,41,adaptive-prasle,1619,1,0,0,51,0,714,0,1,41,139890,1619,0,52,0,0,0,LEADER,1,0,0,0,0,51
141424,96,adaptive-prasle,1534,1,0,0,51,0,714,0,1,96,139890,1534,0,52,0,0,0,LEADER,1,0,0,0,0,51
141657,49,adaptive-prasle,1767,1,0,0,51,0,714,0,1,49,139890,1767,0,52,0,0,0,LEADER,1,0,0,0,0,51
141726,74,adaptive-prasle,1837,1,0,0,51,0,714,0,1,74,139889,1837,0,52,0,0,0,LEADER,1,0,0,0,0,51
142118,92,adaptive-prasle,2228,1,0,0,51,0,714,0,1,92,139890,2228,0,52,0,0,0,LEADER,1,0,0,0,0,51
141628,4,adaptive-prasle,2030,1,0,0,10,18,140,252,5,4,139598,2030,0,7,0,0,0,LEADER,1,0,0,0,0,10
141326,66,adaptive-prasle,1434,1,0,0,51,0,714,0,1,66,139892,1434,0,52,0,0,0,LEADER,1,0,0,0,0,51
141350,57,adaptive-prasle,2380,1,0,0,51,0,714,0,1,57,138970,2380,0,52,0,0,0,LEADER,1,0,0,0,0,51
142150,78,adaptive-prasle,2260,1,0,0,51,0,714,0,1,78,139890,2260,0,52,0,0,0,LEADER,1,0,0,0,0,51
141316,39,adaptive-prasle,2346,1,0,0,51,0,714,0,1,39,138970,2346,0,52,0,0,0,LEADER,1,0,0,0,0,51
142033,30,adaptive-prasle,2143,1,0,0,51,0,714,0,1,30,139890,2143,0,52,0,0,0,LEADER,1,0,0,0,0,51
141439,64,adaptive-prasle,1549,1,0,0,51,0,714,0,1,64,139890,1549,0,52,0,0,0,LEADER,1,0,0,0,0,51
141664,80,adaptive-prasle,1774,1,0,0,51,0,714,0,1,80,139890,1774,0,52,0,0,0,LEADER,1,0,0,0,0,51
141404,54,adaptive-prasle,1516,1,0,0,51,0,714,0,1,54,139888,1516,0,52,0,0,0,LEADER,1,0,0,0,0,51
141930,43,adaptive-prasle,2040,1,0,0,51,0,714,0,1,43,139890,2040,0,52,0,0,0,LEADER,1,0,0,0,0,51
141850,26,adaptive-prasle,1960,1,0,0,51,0,714,0,1,26,139890,1960,0,52,0,0,0,LEADER,1,0,0,0,0,51
141479,42,adaptive-prasle,1591,1,0,0,51,0,714,0,1,42,139888,1591,0,52,0,0,0,LEADER,1,0,0,0,0,51
141488,31,adaptive-prasle,1598,1,0,0,51,0,714,0,1,31,139890,1598,0,52,0,0,0,LEADER,1,0,0,0,0,51
142245,94,adaptive-prasle,2355,1,0,0,51,0,714,0,1,94,139890,2355,0,52,0,0,0,LEADER,1,0,0,0,0,51
141815,45,adaptive-prasle,1925,1,0,0,51,0,714,0,1,45,139890,1925,0,52,0,0,0,LEADER,1,0,0,0,0,51
142188,60,adaptive-prasle,2298,1,0,0,51,0,714,0,1,60,139890,2298,0,52,0,0,0,LEADER,1,0,0,0,0,51
142294,44,adaptive-prasle,1483,1,0,0,52,0,728,0,1,44,140811,1483,0,53,0,0,0,LEADER,1,0,0,0,0,52
141897,33,adaptive-prasle,2007,1,0,0,51,0,714,0,1,33,139890,2007,0,52,0,0,0,LEADER,1,0,0,0,0,51
141542,51,adaptive-prasle,1652,1,0,0,51,0,714,0,1,51,139890,1652,0,52,0,0,0,LEADER,1,0,0,0,0,51
142052,72,adaptive-prasle,2162,1,0,0,51,0,714,0,1,72,139890,2162,0,52,0,0,0,LEADER,1,0,0,0,0,51
142342,22,adaptive-prasle,1531,1,0,0,52,0,728,0,1,22,140811,1531,0,53,0,0,0,LEADER,1,0,0,0,0,52
141842,24,adaptive-prasle,1952,1,0,0,51,0,714,0,1,24,139890,1952,0,52,0,0,0,LEADER,1,0,0,0,0,51
142374,32,adaptive-prasle,1564,1,0,0,52,0,728,0,1,32,140810,1564,0,53,0,0,0,LEADER,1,0,0,0,0,52
141561,93,adaptive-prasle,1671,1,0,0,51,0,714,0,1,93,139890,1671,0,52,0,0,0,LEADER,1,0,0,0,0,51
142220,79,adaptive-prasle,2331,1,0,0,51,0,714,0,1,79,139889,2331,0,52,0,0,0,LEADER,1,0,0,0,0,51
142235,69,adaptive-prasle,2343,1,0,0,51,0,714,0,1,69,139892,2343,0,52,0,0,0,LEADER,1,0,0,0,0,51
141915,75,adaptive-prasle,2025,1,0,0,51,0,714,0,1,75,139890,2025,0,52,0,0,0,LEADER,1,0,0,0,0,51
141642,81,adaptive-prasle,1752,1,0,0,51,0,714,0,1,81,139890,1752,0,52,0,0,0,LEADER,1,0,0,0,0,51
141500,52,adaptive-prasle,1610,1,0,0,51,0,714,0,1,52,139890,1610,0,52,0,0,0,LEADER,1,0,0,0,0,51
141979,21,adaptive-prasle,2088,1,0,0,51,0,714,0,1,21,139891,2088,0,52,0,0,0,LEADER,1,0,0,0,0,51
142155,29,adaptive-prasle,2265,1,0,0,51,0,714,0,1,29,139890,2265,0,52,0,0,0,LEADER,1,0,0,0,0,51
141731,100,adaptive-prasle,1841,1,0,0,51,0,714,0,1,100,139890,1841,0,52,0,0,0,LEADER,1,0,0,0,0,51
141576,61,adaptive-prasle,1686,1,0,0,51,0,714,0,1,61,139890,1686,0,52,0,0,0,LEADER,1,0,0,0,0,51
142140,91,adaptive-prasle,2250,1,0,0,51,0,714,0,1,91,139890,2250,0,52,0,0,0,LEADER,1,0,0,0,0,51
142100,37,adaptive-prasle,2210,1,0,0,51,0,714,0,1,37,139890,2210,0,52,0,0,0,LEADER,1,0,0,0,0,51
141643,38,adaptive-prasle,1755,1,0,0,51,0,714,0,1,38,139888,1755,0,52,0,0,0,LEADER,1,0,0,0,0,51
142309,98,adaptive-prasle,2419,1,0,0,51,0,714,0,1,98,139890,2419,0,52,0,0,0,LEADER,1,0,0,0,0,51
142169,27,adaptive-prasle,2280,1,0,0,51,0,714,0,1,27,139889,2280,0,52,0,0,0,LEADER,1,0,0,0,0,51
142018,62,adaptive-prasle,2128,1,0,0,51,0,714,0,1,62,139890,2128,0,52,0,0,0,LEADER,1,0,0,0,0,51
141827,56,adaptive-prasle,1937,1,0,0,51,0,714,0,1,56,139890,1937,0,52,0,0,0,LEADER,1,0,0,0,0,51
142214,99,adaptive-prasle,2328,1,0,0,51,0,714,0,1,99,139886,2328,0,52,0,0,0,LEADER,1,0,0,0,0,51
142094,48,adaptive-prasle,2202,1,0,0,51,0,714,0,1,48,139892,2202,0,52,0,0,0,LEADER,1,0,0,0,0,51
141609,71,adaptive-prasle,1719,1,0,0,51,0,714,0,1,71,139890,1719,0,52,0,0,0,LEADER,1,0,0,0,0,51
141834,87,adaptive-prasle,1944,1,0,0,51,0,714,0,1,87,139890,1944,0,52,0,0,0,LEADER,1,0,0,0,0,51
141760,36,adaptive-prasle,1870,1,0,0,51,0,714,0,1,36,139890,1870,0,52,0,0,0,LEADER,1,0,0,0,0,51
142257,77,adaptive-prasle,1446,1,0,0,52,0,728,0,1,77,140811,1446,0,53,0,0,0,LEADER,1,0,0,0,0,52
142450,83,adaptive-prasle,1637,1,0,0,52,0,728,0,1,83,140813,1637,0,53,0,0,0,LEADER,1,0,0,0,0,52
142545,9,adaptive-prasle,1889,1,0,0,13,13,182,182,5,9,140656,1889,0,6,0,0,0,LEADER,1,0,0,0,0,13
141949,85,adaptive-prasle,2059,1,0,0,51,0,714,0,1,85,139890,2059,0,52,0,0,0,LEADER,1,0,0,0,0,51
142478,19,adaptive-prasle,1667,1,0,0,52,0,728,0,1,19,140811,1667,0,53,0,0,0,LEADER,1,0,0,0,0,52
142633,65,adaptive-prasle,1822,1,0,0,52,0,728,0,1,65,140811,1822,0,53,0,0,0,LEADER,1,0,0,0,0,52
142239,35,adaptive-prasle,1428,1,0,0,52,0,728,0,1,35,140811,1428,0,53,0,0,0,LEADER,1,0,0,0,0,52
142254,86,adaptive-prasle,1443,1,0,0,52,0,728,0,1,86,140811,1443,0,53,0,0,0,LEADER,1,0,0,0,0,52
142296,50,adaptive-prasle,2406,1,0,0,51,0,714,0,1,50,139890,2406,0,52,0,0,0,LEADER,1,0,0,0,0,51
142312,55,adaptive-prasle,1501,1,0,0,52,0,728,0,1,55,140811,1501,0,53,0,0,0,LEADER,1,0,0,0,0,52
142351,63,adaptive-prasle,1540,1,0,0,52,0,728,0,1,63,140811,1540,0,53,0,0,0,LEADER,1,0,0,0,0,52
142715,46,adaptive-prasle,1904,1,0,0,52,0,728,0,1,46,140811,1904,0,53,0,0,0,LEADER,1,0,0,0,0,52
142510,53,adaptive-prasle,1701,1,0,0,52,0,728,0,1,53,140809,1701,0,53,0,0,0,LEADER,1,0,0,0,0,52
141864,23,adaptive-prasle,1974,1,0,0,51,0,714,0,1,23,139890,1974,0,52,0,0,0,LEADER,1,0,0,0,0,51
142733,88,adaptive-prasle,1922,1,0,0,52,0,728,0,1,88,140811,1922,0,53,0,0,0,LEADER,1,0,0,0,0,52
142260,34,adaptive-prasle,1449,1,0,0,52,0,728,0,1,34,140811,1449,0,53,0,0,0,LEADER,1,0,0,0,0,52
141867,97,adaptive-prasle,1977,1,0,0,51,0,714,0,1,97,139890,1977,0,52,0,0,0,LEADER,1,0,0,0,0,51
141987,20,adaptive-prasle,2095,1,0,0,51,0,714,0,1,20,139892,2095,0,52,0,0,0,LEADER,1,0,0,0,0,51
142067,40,adaptive-prasle,2177,1,0,0,51,0,714,0,1,40,139890,2177,0,52,0,0,0,LEADER,1,0,0,0,0,51
141992,47,adaptive-prasle,2100,1,0,0,51,0,714,0,1,47,139892,2100,0,52,0,0,0,LEADER,1,0,0,0,0,51
142903,95,adaptive-prasle,2092,1,0,0,52,0,728,0,1,95,140811,2092,0,53,0,0,0,LEADER,1,0,0,0,0,52
142285,25,adaptive-prasle,2395,1,0,0,51,0,714,0,1,25,139890,2395,0,52,0,0,0,LEADER,1,0,0,0,0,51
142891,84,adaptive-prasle,2080,1,0,0,52,0,728,0,1,84,140811,2080,0,53,0,0,0,LEADER,1,0,0,0,0,52
142167,70,adaptive-prasle,2277,1,0,0,51,0,714,0,1,70,139890,2277,0,52,0,0,0,LEADER,1,0,0,0,0,51
142085,82,adaptive-prasle,2195,1,0,0,51,0,714,0,1,82,139890,2195,0,52,0,0,0,LEADER,1,0,0,0,0,51
142303,67,adaptive-prasle,2413,1,0,0,51,0,714,0,1,67,139890,2413,0,52,0,0,0,LEADER,1,0,0,0,0,51
142255,89,adaptive-prasle,2365,1,0,0,51,0,714,0,1,89,139890,2365,0,52,0,0,0,LEADER,1,0,0,0,0,51
142924,28,adaptive-prasle,2113,1,0,0,52,0,728,0,1,28,140811,2113,0,53,0,0,0,LEADER,1,0,0,0,0,52
142666,68,adaptive-prasle,1855,1,0,0,52,0,728,0,1,68,140811,1855,0,53,0,0,0,LEADER,1,0,0,0,0,52
142618,90,adaptive-prasle,1807,1,0,0,52,0,728,0,1,90,140811,1807,0,53,0,0,0,LEADER,1,0,0,0,0,52
142279,76,adaptive-prasle,1468,1,0,0,52,0,728,0,1,76,140811,1468,0,53,0,0,0,LEADER,1,0,0,0,0,52
142600,10,adaptive-prasle,1789,1,0,0,52,0,728,0,1,10,140811,1789,0,53,0,0,0,LEADER,1,0,0,0,0,52
143032,58,adaptive-prasle,2221,1,0,0,52,0,728,0,1,58,140811,2221,0,53,0,0,0,LEADER,1,0,0,0,0,52
142406,8,adaptive-prasle,2217,1,0,0,13,25,182,350,4,6,140189,2217,0,6,0,0,0,NORMAL,0,0,0,0,0,13
142415,73,adaptive-prasle,1604,1,0,0,52,0,728,0,1,73,140811,1604,0,53,0,0,0,LEADER,1,0,0,0,0,52
142155,59,adaptive-prasle,2265,1,0,0,51,0,714,0,1,59,139890,2265,0,52,0,0,0,LEADER,1,0,0,0,0,51
142430,41,adaptive-prasle,1619,1,0,0,52,0,728,0,1,41,140811,1619,0,53,0,0,0,LEADER,1,0,0,0,0,52
142345,96,adaptive-prasle,1534,1,0,0,52,0,728,0,1,96,140811,1534,0,53,0,0,0,LEADER,1,0,0,0,0,52
142646,74,adaptive-prasle,1837,1,0,0,52,0,728,0,1,74,140809,1837,0,53,0,0,0,LEADER,1,0,0,0,0,52
142578,49,adaptive-prasle,1767,1,0,0,52,0,728,0,1,49,140811,1767,0,53,0,0,0,LEADER,1,0,0,0,0,52
143039,92,adaptive-prasle,2228,1,0,0,52,0,728,0,1,92,140811,2228,0,53,0,0,0,LEADER,1,0,0,0,0,52
142247,66,adaptive-prasle,1434,1,0,0,52,0,728,0,1,66,140813,1434,0,53,0,0,0,LEADER,1,0,0,0,0,52
142270,57,adaptive-prasle,2380,1,0,0,51,0,714,0,1,57,139890,2380,0,52,0,0,0,LEADER,1,0,0,0,0,51
143071,78,adaptive-prasle,2260,1,0,0,52,0,728,0,1,78,140811,2260,0,53,0,0,0,LEADER,1,0,0,0,0,52
142236,39,adaptive-prasle,2346,1,0,0,51,0,714,0,1,39,139890,2346,0,52,0,0,0,LEADER,1,0,0,0,0,51
142954,30,adaptive-prasle,2143,1,0,0,52,0,728,0,1,30,140811,2143,0,53,0,0,0,LEADER,1,0,0,0,0,52
142360,64,adaptive-prasle,1549,1,0,0,52,0,728,0,1,64,140811,1549,0,53,0,0,0,LEADER,1,0,0,0,0,52
142585,80,adaptive-prasle,1774,1,0,0,52,0,728,0,1,80,140811,1774,0,53,0,0,0,LEADER,1,0,0,0,0,52
142325,54,adaptive-prasle,1516,1,0,0,52,0,728,0,1,54,140809,1516,0,53,0,0,0,LEADER,1,0,0,0,0,52
142851,43,adaptive-prasle,2040,1,0,0,52,0,728,0,1,43,140811,2040,0,53,0,0,0,LEADER,1,0,0,0,0,52
142771,26,adaptive-prasle,1960,1,0,0,52,0,728,0,1,26,140811,1960,0,53,0,0,0,LEADER,1,0,0,0,0,52
142400,42,adaptive-prasle,1591,1,0,0,52,0,728,0,1,42,140809,1591,0,53,0,0,0,LEADER,1,0,0,0,0,52
142409,31,adaptive-prasle,1598,1,0,0,52,0,728,0,1,31,140811,1598,0,53,0,0,0,LEADER,1,0,0,0,0,52
143166,94,adaptive-prasle,2355,1,0,0,52,0,728,0,1,94,140811,2355,0,53,0,0,0,LEADER,1,0,0,0,0,52
142736,45,adaptive-prasle,1925,1,0,0,52,0,728,0,1,45,140811,1925,0,53,0,0,0,LEADER,1,0,0,0,0,52
143109,60,adaptive-prasle,2298,1,0,0,52,0,728,0,1,60,140811,2298,0,53,0,0,0,LEADER,1,0,0,0,0,52
143214,44,adaptive-prasle,1483,1,0,0,52,0,728,0,1,44,141731,1483,0,53,0,0,0,LEADER,1,0,0,0,0,52
142818,33,adaptive-prasle,2007,1,0,0,52,0,728,0,1,33,140811,2007,0,53,0,0,0,LEADER,1,0,0,0,0,52
142463,51,adaptive-prasle,1652,1,0,0,52,0,728,0,1,51,140811,1652,0,53,0,0,0,LEADER,1,0,0,0,0,52
143262,22,adaptive-prasle,1531,1,0,0,52,0,728,0,1,22,141731,1531,0,53,0,0,0,LEADER,1,0,0,0,0,52
142973,72,adaptive-prasle,2162,1,0,0,52,0,728,0,1,72,140811,2162,0,53,0,0,0,LEADER,1,0,0,0,0,52
142763,24,adaptive-prasle,1952,1,0,0,52,0,728,0,1,24,140811,1952,0,53,0,0,0,LEADER,1,0,0,0,0,52
143294,32,adaptive-prasle,1564,1,0,0,52,0,728,0,1,32,141730,1564,0,53,0,0,0,LEADER,1,0,0,0,0,52
142482,93,adaptive-prasle,1671,1,0,0,52,0,728,0,1,93,140811,1671,0,53,0,0,0,LEADER,1,0,0,0,0,52
143156,69,adaptive-prasle,2343,1,0,0,52,0,728,0,1,69,140813,2343,0,53,0,0,0,LEADER,1,0,0,0,0,52
143141,79,adaptive-prasle,2331,1,0,0,52,0,728,0,1,79,140810,2331,0,53,0,0,0,LEADER,1,0,0,0,0,52
142836,75,adaptive-prasle,2025,1,0,0,52,0,728,0,1,75,140811,2025,0,53,0,0,0,LEADER,1,0,0,0,0,52
142563,81,adaptive-prasle,1752,1,0,0,52,0,728,0,1,81,140811,1752,0,53,0,0,0,LEADER,1,0,0,0,0,52
142421,52,adaptive-prasle,1610,1,0,0,52,0,728,0,1,52,140811,1610,0,53,0,0,0,LEADER,1,0,0,0,0,52
142900,21,adaptive-prasle,2088,1,0,0,52,0,728,0,1,21,140812,2088,0,53,0,0,0,LEADER,1,0,0,0,0,52
143076,29,adaptive-prasle,2265,1,0,0,52,0,728,0,1,29,140811,2265,0,53,0,0,0,LEADER,1,0,0,0,0,52
142652,100,adaptive-prasle,1841,1,0,0,52,0,728,0,1,100,140811,1841,0,53,0,0,0,LEADER,1,0,0,0,0,52
142497,61,adaptive-prasle,1686,1,0,0,52,0,728,0,1,61,140811,1686,0,53,0,0,0,LEADER,1,0,0,0,0,52
143061,91,adaptive-prasle,2250,1,0,0,52,0,728,0,1,91,140811,2250,0,53,0,0,0,LEADER,1,0,0,0,0,52
143021,37,adaptive-prasle,2210,1,0,0,52,0,728,0,1,37,140811,2210,0,53,0,0,0,LEADER,1,0,0,0,0,52
142564,38,adaptive-prasle,1755,1,0,0,52,0,728,0,1,38,140809,1755,0,53,0,0,0,LEADER,1,0,0,0,0,52
143230,98,adaptive-prasle,2419,1,0,0,52,0,728,0,1,98,140811,2419,0,53,0,0,0,LEADER,1,0,0,0,0,52
143090,27,adaptive-prasle,2280,1,0,0,52,0,728,0,1,27,140810,2280,0,53,0,0,0,LEADER,1,0,0,0,0,52
142939,62,adaptive-prasle,2128,1,0,0,52,0,728,0,1,62,140811,2128,0,53,0,0,0,LEADER,1,0,0,0,0,52
142748,56,adaptive-prasle,1937,1,0,0,52,0,728,0,1,56,140811,1937,0,53,0,0,0,LEADER,1,0,0,0,0,52
143135,99,adaptive-prasle,2328,1,0,0,52,0,728,0,1,99,140807,2328,0,53,0,0,0,LEADER,1,0,0,0,0,52
143015,48,adaptive-prasle,2202,1,0,0,52,0,728,0,1,48,140813,2202,0,53,0,0,0,LEADER,1,0,0,0,0,52
142530,71,adaptive-prasle,1719,1,0,0,52,0,728,0,1,71,140811,1719,0,53,0,0,0,LEADER,1,0,0,0,0,52
142755,87,adaptive-prasle,1944,1,0,0,52,0,728,0,1,87,140811,1944,0,53,0,0,0,LEADER,1,0,0,0,0,52
142681,36,adaptive-prasle,1870,1,0,0,52,0,728,0,1,36,140811,1870,0,53,0,0,0,LEADER,1,0,0,0,0,52
143177,77,adaptive-prasle,1446,1,0,0,52,0,728,0,1,77,141731,1446,0,53,0,0,0,LEADER,1,0,0,0,0,52
143370,83,adaptive-prasle,1637,1,0,0,52,0,728,0,1,83,141733,1637,0,53,0,0,0,LEADER,1,0,0,0,0,52
142870,85,adaptive-prasle,2059,1,0,0,52,0,728,0,1,85,140811,2059,0,53,0,0,0,LEADER,1,0,0,0,0,52
143398,19,adaptive-prasle,1667,1,0,0,52,0,728,0,1,19,141731,1667,0,53,0,0,0,LEADER,1,0,0,0,0,52
143553,65,adaptive-prasle,1822,1,0,0,52,0,728,0,1,65,141731,1822,0,53,0,0,0,LEADER,1,0,0,0,0,52
143159,35,adaptive-prasle,1428,1,0,0,52,0,728,0,1,35,141731,1428,0,53,0,0,0,LEADER,1,0,0,0,0,52
143174,86,adaptive-prasle,1443,1,0,0,52,0,728,0,1,86,141731,1443,0,53,0,0,0,LEADER,1,0,0,0,0,52
143217,50,adaptive-prasle,2406,1,0,0,52,0,728,0,1,50,140811,2406,0,53,0,0,0,LEADER,1,0,0,0,0,52
143232,55,adaptive-prasle,1501,1,0,0,52,0,728,0,1,55,141731,1501,0,53,0,0,0,LEADER,1,0,0,0,0,52
143271,63,adaptive-prasle,1540,1,0,0,52,0,728,0,1,63,141731,1540,0,53,0,0,0,LEADER,1,0,0,0,0,52
143635,46,adaptive-prasle,1904,1,0,0,52,0,728,0,1,46,141731,1904,0,53,0,0,0,LEADER,1,0,0,0,0,52
143430,53,adaptive-prasle,1701,1,0,0,52,0,728,0,1,53,141729,1701,0,53,0,0,0,LEADER,1,0,0,0,0,52
142785,23,adaptive-prasle,1974,1,0,0,52,0,728,0,1,23,140811,1974,0,53,0,0,0,LEADER,1,0,0,0,0,52
143653,88,adaptive-prasle,1922,1,0,0,52,0,728,0,1,88,141731,1922,0,53,0,0,0,LEADER,1,0,0,0,0,52
143180,34,adaptive-prasle,1449,1,0,0,52,0,728,0,1,34,141731,1449,0,53,0,0,0,LEADER,1,0,0,0,0,52
142788,97,adaptive-prasle,1977,1,0,0,52,0,728,0,1,97,140811,1977,0,53,0,0,0,LEADER,1,0,0,0,0,52
142908,20,adaptive-prasle,2095,1,0,0,52,0,728,0,1,20,140813,2095,0,53,0,0,0,LEADER,1,0,0,0,0,52
142988,40,adaptive-prasle,2177,1,0,0,52,0,728,0,1,40,140811,2177,0,53,0,0,0,LEADER,1,0,0,0,0,52
142913,47,adaptive-prasle,2100,1,0,0,52,0,728,0,1,47,140813,2100,0,53,0,0,0,LEADER,1,0,0,0,0,52
143823,95,adaptive-prasle,2092,1,0,0,52,0,728,0,1,95,141731,2092,0,53,0,0,0,LEADER,1,0,0,0,0,52
143206,25,adaptive-prasle,2395,1,0,0,52,0,728,0,1,25,140811,2395,0,53,0,0,0,LEADER,1,0,0,0,0,52
143811,84,adaptive-prasle,2080,1,0,0,52,0,728,0,1,84,141731,2080,0,53,0,0,0,LEADER,1,0,0,0,0,52
143580,6,adaptive-prasle,1797,1,0,0,11,20,154,280,4,6,141783,1797,0,6,0,0,0,LEADER,1,0,0,0,0,11
143088,70,adaptive-prasle,2277,1,0,0,52,0,728,0,1,70,140811,2277,0,53,0,0,0,LEADER,1,0,0,0,0,52
143006,82,adaptive-prasle,2195,1,0,0,52,0,728,0,1,82,140811,2195,0,53,0,0,0,LEADER,1,0,0,0,0,52
143783,11,adaptive-prasle,2055,1,0,0,9,6,126,84,4,11,141728,2055,0,7,0,0,0,LEADER,1,0,0,0,0,9
143224,67,adaptive-prasle,2413,1,0,0,52,0,728,0,1,67,140811,2413,0,53,0,0,0,LEADER,1,0,0,0,0,52
143176,89,adaptive-prasle,2365,1,0,0,52,0,728,0,1,89,140811,2365,0,53,0,0,0,LEADER,1,0,0,0,0,52
143844,28,adaptive-prasle,2113,1,0,0,52,0,728,0,1,28,141731,2113,0,53,0,0,0,LEADER,1,0,0,0,0,52
143586,68,adaptive-prasle,1855,1,0,0,52,0,728,0,1,68,141731,1855,0,53,0,0,0,LEADER,1,0,0,0,0,52
143538,90,adaptive-prasle,1807,1,0,0,52,0,728,0,1,90,141731,1807,0,53,0,0,0,LEADER,1,0,0,0,0,52
143199,76,adaptive-prasle,1468,1,0,0,52,0,728,0,1,76,141731,1468,0,53,0,0,0,LEADER,1,0,0,0,0,52
143520,10,adaptive-prasle,1789,1,0,0,52,0,728,0,1,10,141731,1789,0,53,0,0,0,LEADER,1,0,0,0,0,52
143952,58,adaptive-prasle,2221,1,0,0,52,0,728,0,1,58,141731,2221,0,53,0,0,0,LEADER,1,0,0,0,0,52
143335,73,adaptive-prasle,1604,1,0,0,52,0,728,0,1,73,141731,1604,0,53,0,0,0,LEADER,1,0,0,0,0,52
143076,59,adaptive-prasle,2265,1,0,0,52,0,728,0,1,59,140811,2265,0,53,0,0,0,LEADER,1,0,0,0,0,52
143350,41,adaptive-prasle,1619,1,0,0,52,0,728,0,1,41,141731,1619,0,53,0,0,0,LEADER,1,0,0,0,0,52
143265,96,adaptive-prasle,1534,1,0,0,52,0,728,0,1,96,141731,1534,0,53,0,0,0,LEADER,1,0,0,0,0,52
143566,74,adaptive-prasle,1837,1,0,0,52,0,728,0,1,74,141729,1837,0,53,0,0,0,LEADER,1,0,0,0,0,52
143498,49,adaptive-prasle,1767,1,0,0,52,0,728,0,1,49,141731,1767,0,53,0,0,0,LEADER,1,0,0,0,0,52
143959,92,adaptive-prasle,2228,1,0,0,52,0,728,0,1,92,141731,2228,0,53,0,0,0,LEADER,1,0,0,0,0,52
143167,66,adaptive-prasle,1434,1,0,0,52,0,728,0,1,66,141733,1434,0,53,0,0,0,LEADER,1,0,0,0,0,52
143191,57,adaptive-prasle,2380,1,0,0,52,0,728,0,1,57,140811,2380,0,53,0,0,0,LEADER,1,0,0,0,0,52
143991,78,adaptive-prasle,2260,1,0,0,52,0,728,0,1,78,141731,2260,0,53,0,0,0,LEADER,1,0,0,0,0,52
143157,39,adaptive-prasle,2346,1,0,0,52,0,728,0,1,39,140811,2346,0,53,0,0,0,LEADER,1,0,0,0,0,52
143874,30,adaptive-prasle,2143,1,0,0,52,0,728,0,1,30,141731,2143,0,53,0,0,0,LEADER,1,0,0,0,0,52
143280,64,adaptive-prasle,1549,1,0,0,52,0,728,0,1,64,141731,1549,0,53,0,0,0,LEADER,1,0,0,0,0,52
143505,80,adaptive-prasle,1774,1,0,0,52,0,728,0,1,80,141731,1774,0,53,0,0,0,LEADER,1,0,0,0,0,52
143245,54,adaptive-prasle,1516,1,0,0,52,0,728,0,1,54,141729,1516,0,53,0,0,0,LEADER,1,0,0,0,0,52
143771,43,adaptive-prasle,2040,1,0,0,52,0,728,0,1,43,141731,2040,0,53,0,0,0,LEADER,1,0,0,0,0,52
143691,26,adaptive-prasle,1960,1,0,0,52,0,728,0,1,26,141731,1960,0,53,0,0,0,LEADER,1,0,0,0,0,52
143320,42,adaptive-prasle,1591,1,0,0,52,0,728,0,1,42,141729,1591,0,53,0,0,0,LEADER,1,0,0,0,0,52
143329,31,adaptive-prasle,1598,1,0,0,52,0,728,0,1,31,141731,1598,0,53,0,0,0,LEADER,1,0,0,0,0,52
144086,94,adaptive-prasle,2355,1,0,0,52,0,728,0,1,94,141731,2355,0,53,0,0,0,LEADER,1,0,0,0,0,52
143656,45,adaptive-prasle,1925,1,0,0,52,0,728,0,1,45,141731,1925,0,53,0,0,0,LEADER,1,0,0,0,0,52
144029,60,adaptive-prasle,2298,1,0,0,52,0,728,0,1,60,141731,2298,0,53,0,0,0,LEADER,1,0,0,0,0,52
144134,44,adaptive-prasle,1483,1,0,0,52,0,728,0,1,44,142651,1483,0,53,0,0,0,LEADER,1,0,0,0,0,52
143738,33,adaptive-prasle,2007,1,0,0,52,0,728,0,1,33,141731,2007,0,53,0,0,0,LEADER,1,0,0,0,0,52
143383,51,adaptive-prasle,1652,1,0,0,52,0,728,0,1,51,141731,1652,0,53,0,0,0,LEADER,1,0,0,0,0,52
144182,22,adaptive-prasle,1531,1,0,0,52,0,728,0,1,22,142651,1531,0,53,0,0,0,LEADER,1,0,0,0,0,52
143893,72,adaptive-prasle,2162,1,0,0,52,0,728,0,1,72,141731,2162,0,53,0,0,0,LEADER,1,0,0,0,0,52
143683,24,adaptive-prasle,1952,1,0,0,52,0,728,0,1,24,141731,1952,0,53,0,0,0,LEADER,1,0,0,0,0,52
144214,32,adaptive-prasle,1564,1,0,0,52,0,728,0,1,32,142650,1564,0,53,0,0,0,LEADER,1,0,0,0,0,52
143402,93,adaptive-prasle,1671,1,0,0,52,0,728,0,1,93,141731,1671,0,53,0,0,0,LEADER,1,0,0,0,0,52
144061,79,adaptive-prasle,2331,1,0,0,52,0,728,0,1,79,141730,2331,0,53,0,0,0,LEADER,1,0,0,0,0,52
144076,69,adaptive-prasle,2343,1,0,0,52,0,728,0,1,69,141733,2343,0,53,0,0,0,LEADER,1,0,0,0,0,52
143756,75,adaptive-prasle,2025,1,0,0,52,0,728,0,1,75,141731,2025,0,53,0,0,0,LEADER,1,0,0,0,0,52
143483,81,adaptive-prasle,1752,1,0,0,52,0,728,0,1,81,141731,1752,0,53,0,0,0,LEADER,1,0,0,0,0,52
143341,52,adaptive-prasle,1610,1,0,0,52,0,728,0,1,52,141731,1610,0,53,0,0,0,LEADER,1,0,0,0,0,52
143820,21,adaptive-prasle,2088,1,0,0,52,0,728,0,1,21,141732,2088,0,53,0,0,0,LEADER,1,0,0,0,0,52
143996,29,adaptive-prasle,2265,1,0,0,52,0,728,0,1,29,141731,2265,0,53,0,0,0,LEADER,1,0,0,0,0,52
143572,100,adaptive-prasle,1841,1,0,0,52,0,728,0,1,100,141731,1841,0,53,0,0,0,LEADER,1,0,0,0,0,52
143417,61,adaptive-prasle,1686,1,0,0,52,0,728,0,1,61,141731,1686,0,53,0,0,0,LEADER,1,0,0,0,0,52
143981,91,adaptive-prasle,2250,1,0,0,52,0,728,0,1,91,141731,2250,0,53,0,0,0,LEADER,1,0,0,0,0,52
143941,37,adaptive-prasle,2210,1,0,0,52,0,728,0,1,37,141731,2210,0,53,0,0,0,LEADER,1,0,0,0,0,52
143484,38,adaptive-prasle,1755,1,0,0,52,0,728,0,1,38,141729,1755,0,53,0,0,0,LEADER,1,0,0,0,0,52
144150,98,adaptive-prasle,2419,1,0,0,52,0,728,0,1,98,141731,2419,0,53,0,0,0,LEADER,1,0,0,0,0,52
144010,27,adaptive-prasle,2280,1,0,0,52,0,728,0,1,27,141730,2280,0,53,0,0,0,LEADER,1,0,0,0,0,52
143859,62,adaptive-prasle,2128,1,0,0,52,0,728,0,1,62,141731,2128,0,53,0,0,0,LEADER,1,0,0,0,0,52
143668,56,adaptive-prasle,1937,1,0,0,52,0,728,0,1,56,141731,1937,0,53,0,0,0,LEADER,1,0,0,0,0,52
144055,99,adaptive-prasle,2328,1,0,0,52,0,728,0,1,99,141727,2328,0,53,0,0,0,LEADER,1,0,0,0,0,52
143935,48,adaptive-prasle,2202,1,0,0,52,0,728,0,1,48,141733,2202,0,53,0,0,0,LEADER,1,0,0,0,0,52
143450,71,adaptive-prasle,1719,1,0,0,52,0,728,0,1,71,141731,1719,0,53,0,0,0,LEADER,1,0,0,0,0,52
143675,87,adaptive-prasle,1944,1,0,0,52,0,728,0,1,87,141731,1944,0,53,0,0,0,LEADER,1,0,0,0,0,52
143601,36,adaptive-prasle,1870,1,0,0,52,0,728,0,1,36,141731,1870,0,53,0,0,0,LEADER,1,0,0,0,0,52
144097,77,adaptive-prasle,1446,1,0,0,52,0,728,0,1,77,142651,1446,0,53,0,0,0,LEADER,1,0,0,0,0,52
144290,83,adaptive-prasle,1637,1,0,0,52,0,728,0,1,83,142653,1637,0,53,0,0,0,LEADER,1,0,0,0,0,52
143790,85,adaptive-prasle,2059,1,0,0,52,0,728,0,1,85,141731,2059,0,53,0,0,0,LEADER,1,0,0,0,0,52
144318,19,adaptive-prasle,1667,1,0,0,52,0,728,0,1,19,142651,1667,0,53,0,0,0,LEADER,1,0,0,0,0,52
144473,65,adaptive-prasle,1822,1,0,0,52,0,728,0,1,65,142651,1822,0,53,0,0,0,LEADER,1,0,0,0,0,52
144079,35,adaptive-prasle,1428,1,0,0,52,0,728,0,1,35,142651,1428,0,53,0,0,0,LEADER,1,0,0,0,0,52
144094,86,adaptive-prasle,1443,1,0,0,52,0,728,0,1,86,142651,1443,0,53,0,0,0,LEADER,1,0,0,0,0,52
144137,50,adaptive-prasle,2406,1,0,0,52,0,728,0,1,50,141731,2406,0,53,0,0,0,LEADER,1,0,0,0,0,52
144152,55,adaptive-prasle,1501,1,0,0,52,0,728,0,1,55,142651,1501,0,53,0,0,0,LEADER,1,0,0,0,0,52
144191,63,adaptive-prasle,1540,1,0,0,52,0,728,0,1,63,142651,1540,0,53,0,0,0,LEADER,1,0,0,0,0,52
144555,46,adaptive-prasle,1904,1,0,0,52,0,728,0,1,46,142651,1904,0,53,0,0,0,LEADER,1,0,0,0,0,52
144350,53,adaptive-prasle,1701,1,0,0,52,0,728,0,1,53,142649,1701,0,53,0,0,0,LEADER,1,0,0,0,0,52
143705,23,adaptive-prasle,1974,1,0,0,52,0,728,0,1,23,141731,1974,0,53,0,0,0,LEADER,1,0,0,0,0,52
144573,88,adaptive-prasle,1922,1,0,0,52,0,728,0,1,88,142651,1922,0,53,0,0,0,LEADER,1,0,0,0,0,52
144100,34,adaptive-prasle,1449,1,0,0,52,0,728,0,1,34,142651,1449,0,53,0,0,0,LEADER,1,0,0,0,0,52
143708,97,adaptive-prasle,1977,1,0,0,52,0,728,0,1,97,141731,1977,0,53,0,0,0,LEADER,1,0,0,0,0,52
143828,20,adaptive-prasle,2095,1,0,0,52,0,728,0,1,20,141733,2095,0,53,0,0,0,LEADER,1,0,0,0,0,52
143908,40,adaptive-prasle,2177,1,0,0,52,0,728,0,1,40,141731,2177,0,53,0,0,0,LEADER,1,0,0,0,0,52
143833,47,adaptive-prasle,2100,1,0,0,52,0,728,0,1,47,141733,2100,0,53,0,0,0,LEADER,1,0,0,0,0,52
144743,95,adaptive-prasle,2092,1,0,0,52,0,728,0,1,95,142651,2092,0,53,0,0,0,LEADER,1,0,0,0,0,52
144126,25,adaptive-prasle,2395,1,0,0,52,0,728,0,1,25,141731,2395,0,53,0,0,0,LEADER,1,0,0,0,0,52
144731,84,adaptive-prasle,2080,1,0,0,52,0,728,0,1,84,142651,2080,0,53,0,0,0,LEADER,1,0,0,0,0,52
144008,70,adaptive-prasle,2277,1,0,0,52,0,728,0,1,70,141731,2277,0,53,0,0,0,LEADER,1,0,0,0,0,52
143926,82,adaptive-prasle,2195,1,0,0,52,0,728,0,1,82,141731,2195,0,53,0,0,0,LEADER,1,0,0,0,0,52
144144,67,adaptive-prasle,2413,1,0,0,52,0,728,0,1,67,141731,2413,0,53,0,0,0,LEADER,1,0,0,0,0,52
144096,89,adaptive-prasle,2365,1,0,0,52,0,728,0,1,89,141731,2365,0,53,0,0,0,LEADER,1,0,0,0,0,52
144764,28,adaptive-prasle,2113,1,0,0,52,0,728,0,1,28,142651,2113,0,53,0,0,0,LEADER,1,0,0,0,0,52
144506,68,adaptive-prasle,1855,1,0,0,52,0,728,0,1,68,142651,1855,0,53,0,0,0,LEADER,1,0,0,0,0,52
144800,12,adaptive-prasle,1578,1,0,0,6,7,84,98,3,12,143222,1578,0,5,0,0,0,LEADER,1,0,0,0,0,6
144458,90,adaptive-prasle,1807,1,0,0,52,0,728,0,1,90,142651,1807,0,53,0,0,0,LEADER,1,0,0,0,0,52
144119,76,adaptive-prasle,1468,1,0,0,52,0,728,0,1,76,142651,1468,0,53,0,0,0,LEADER,1,0,0,0,0,52
144440,10,adaptive-prasle,1789,1,0,0,52,0,728,0,1,10,142651,1789,0,53,0,0,0,LEADER,1,0,0,0,0,52
144872,58,adaptive-prasle,2221,1,0,0,52,0,728,0,1,58,142651,2221,0,53,0,0,0,LEADER,1,0,0,0,0,52
144255,73,adaptive-prasle,1604,1,0,0,52,0,728,0,1,73,142651,1604,0,53,0,0,0,LEADER,1,0,0,0,0,52
143996,59,adaptive-prasle,2265,1,0,0,52,0,728,0,1,59,141731,2265,0,53,0,0,0,LEADER,1,0,0,0,0,52
144270,41,adaptive-prasle,1619,1,0,0,52,0,728,0,1,41,142651,1619,0,53,0,0,0,LEADER,1,0,0,0,0,52
144185,96,adaptive-prasle,1534,1,0,0,52,0,728,0,1,96,142651,1534,0,53,0,0,0,LEADER,1,0,0,0,0,52
144486,74,adaptive-prasle,1837,1,0,0,52,0,728,0,1,74,142649,1837,0,53,0,0,0,LEADER,1,0,0,0,0,52
144418,49,adaptive-prasle,1767,1,0,0,52,0,728,0,1,49,142651,1767,0,53,0,0,0,LEADER,1,0,0,0,0,52
144879,92,adaptive-prasle,2228,1,0,0,52,0,728,0,1,92,142651,2228,0,53,0,0,0,LEADER,1,0,0,0,0,52
144087,66,adaptive-prasle,1434,1,0,0,52,0,728,0,1,66,142653,1434,0,53,0,0,0,LEADER,1,0,0,0,0,52
144111,57,adaptive-prasle,2380,1,0,0,52,0,728,0,1,57,141731,2380,0,53,0,0,0,LEADER,1,0,0,0,0,52
144911,78,adaptive-prasle,2260,1,0,0,52,0,728,0,1,78,142651,2260,0,53,0,0,0,LEADER,1,0,0,0,0,52
144077,39,adaptive-prasle,2346,1,0,0,52,0,728,0,1,39,141731,2346,0,53,0,0,0,LEADER,1,0,0,0,0,52
144794,30,adaptive-prasle,2143,1,0,0,52,0,728,0,1,30,142651,2143,0,53,0,0,0,LEADER,1,0,0,0,0,52
144200,64,adaptive-prasle,1549,1,0,0,52,0,728,0,1,64,142651,1549,0,53,0,0,0,LEADER,1,0,0,0,0,52
144425,80,adaptive-prasle,1774,1,0,0,52,0,728,0,1,80,142651,1774,0,53,0,0,0,LEADER,1,0,0,0,0,52
144165,54,adaptive-prasle,1516,1,0,0,52,0,728,0,1,54,142649,1516,0,53,0,0,0,LEADER,1,0,0,0,0,52
144691,43,adaptive-prasle,2040,1,0,0,52,0,728,0,1,43,142651,2040,0,53,0,0,0,LEADER,1,0,0,0,0,52
144611,26,adaptive-prasle,1960,1,0,0,52,0,728,0,1,26,142651,1960,0,53,0,0,0,LEADER,1,0,0,0,0,52
144240,42,adaptive-prasle,1591,1,0,0,52,0,728,0,1,42,142649,1591,0,53,0,0,0,LEADER,1,0,0,0,0,52
144249,31,adaptive-prasle,1598,1,0,0,52,0,728,0,1,31,142651,1598,0,53,0,0,0,LEADER,1,0,0,0,0,52
145006,94,adaptive-prasle,2355,1,0,0,52,0,728,0,1,94,142651,2355,0,53,0,0,0,LEADER,1,0,0,0,0,52
144576,45,adaptive-prasle,1925,1,0,0,52,0,728,0,1,45,142651,1925,0,53,0,0,0,LEADER,1,0,0,0,0,52
144949,60,adaptive-prasle,2298,1,0,0,52,0,728,0,1,60,142651,2298,0,53,0,0,0,LEADER,1,0,0,0,0,52
145055,44,adaptive-prasle,1483,1,0,0,53,0,742,0,1,44,143572,1483,0,54,0,0,0,LEADER,1,0,0,0,0,53
144658,33,adaptive-prasle,2007,1,0,0,52,0,728,0,1,33,142651,2007,0,53,0,0,0,LEADER,1,0,0,0,0,52
144303,51,adaptive-prasle,1652,1,0,0,52,0,728,0,1,51,142651,1652,0,53,0,0,0,LEADER,1,0,0,0,0,52
144813,72,adaptive-prasle,2162,1,0,0,52,0,728,0,1,72,142651,2162,0,53,0,0,0,LEADER,1,0,0,0,0,52
145103,22,adaptive-prasle,1531,1,0,0,53,0,742,0,1,22,143572,1531,0,54,0,0,0,LEADER,1,0,0,0,0,53
144603,24,adaptive-prasle,1952,1,0,0,52,0,728,0,1,24,142651,1952,0,53,0,0,0,LEADER,1,0,0,0,0,52
145135,32,adaptive-prasle,1564,1,0,0,53,0,742,0,1,32,143571,1564,0,54,0,0,0,LEADER,1,0,0,0,0,53
144322,93,adaptive-prasle,1671,1,0,0,52,0,728,0,1,93,142651,1671,0,53,0,0,0,LEADER,1,0,0,0,0,52
144981,79,adaptive-prasle,2331,1,0,0,52,0,728,0,1,79,142650,2331,0,53,0,0,0,LEADER,1,0,0,0,0,52
144996,69,adaptive-prasle,2343,1,0,0,52,0,728,0,1,69,142653,2343,0,53,0,0,0,LEADER,1,0,0,0,0,52
144676,75,adaptive-prasle,2025,1,0,0,52,0,728,0,1,75,142651,2025,0,53,0,0,0,LEADER,1,0,0,0,0,52
144403,81,adaptive-prasle,1752,1,0,0,52,0,728,0,1,81,142651,1752,0,53,0,0,0,LEADER,1,0,0,0,0,52
144261,52,adaptive-prasle,1610,1,0,0,52,0,728,0,1,52,142651,1610,0,53,0,0,0,LEADER,1,0,0,0,0,52
144740,21,adaptive-prasle,2088,1,0,0,52,0,728,0,1,21,142652,2088,0,53,0,0,0,LEADER,1,0,0,0,0,52
144916,29,adaptive-prasle,2265,1,0,0,52,0,728,0,1,29,142651,2265,0,53,0,0,0,LEADER,1,0,0,0,0,52
144492,100,adaptive-prasle,1841,1,0,0,52,0,728,0,1,100,142651,1841,0,53,0,0,0,LEADER,1,0,0,0,0,52
144337,61,adaptive-prasle,1686,1,0,0,52,0,728,0,1,61,142651,1686,0,53,0,0,0,LEADER,1,0,0,0,0,52
144901,91,adaptive-prasle,2250,1,0,0,52,0,728,0,1,91,142651,2250,0,53,0,0,0,LEADER,1,0,0,0,0,52
144861,37,adaptive-prasle,2210,1,0,0,52,0,728,0,1,37,142651,2210,0,53,0,0,0,LEADER,1,0,0,0,0,52
144404,38,adaptive-prasle,1755,1,0,0,52,0,728,0,1,38,142649,1755,0,53,0,0,0,LEADER,1,0,0,0,0,52
145070,98,adaptive-prasle,2419,1,0,0,52,0,728,0,1,98,142651,2419,0,53,0,0,0,LEADER,1,0,0,0,0,52
144930,27,adaptive-prasle,2280,1,0,0,52,0,728,0,1,27,142650,2280,0,53,0,0,0,LEADER,1,0,0,0,0,52
144779,62,adaptive-prasle,2128,1,0,0,52,0,728,0,1,62,142651,2128,0,53,0,0,0,LEADER,1,0,0,0,0,52
144588,56,adaptive-prasle,1937,1,0,0,52,0,728,0,1,56,142651,1937,0,53,0,0,0,LEADER,1,0,0,0,0,52
144975,99,adaptive-prasle,2328,1,0,0,52,0,728,0,1,99,142647,2328,0,53,0,0,0,LEADER,1,0,0,0,0,52
144855,48,adaptive-prasle,2202,1,0,0,52,0,728,0,1,48,142653,2202,0,53,0,0,0,LEADER,1,0,0,0,0,52
144370,71,adaptive-prasle,1719,1,0,0,52,0,728,0,1,71,142651,1719,0,53,0,0,0,LEADER,1,0,0,0,0,52
144595,87,adaptive-prasle,1944,1,0,0,52,0,728,0,1,87,142651,1944,0,53,0,0,0,LEADER,1,0,0,0,0,52
145004,7,adaptive-prasle,1749,1,0,0,12,24,168,336,5,6,143255,1749,0,6,0,0,0,NORMAL,0,0,0,0,0,12
144521,36,adaptive-prasle,1870,1,0,0,52,0,728,0,1,36,142651,1870,0,53,0,0,0,LEADER,1,0,0,0,0,52
145018,77,adaptive-prasle,1446,1,0,0,53,0,742,0,1,77,143572,1446,0,54,0,0,0,LEADER,1,0,0,0,0,53
145211,83,adaptive-prasle,1637,1,0,0,53,0,742,0,1,83,143574,1637,0,54,0,0,0,LEADER,1,0,0,0,0,53
144710,85,adaptive-prasle,2059,1,0,0,52,0,728,0,1,85,142651,2059,0,53,0,0,0,LEADER,1,0,0,0,0,52
145239,19,adaptive-prasle,1667,1,0,0,53,0,742,0,1,19,143572,1667,0,54,0,0,0,LEADER,1,0,0,0,0,53
145394,65,adaptive-prasle,1822,1,0,0,53,0,742,0,1,65,143572,1822,0,54,0,0,0,LEADER,1,0,0,0,0,53
145000,35,adaptive-prasle,1428,1,0,0,53,0,742,0,1,35,143572,1428,0,54,0,0,0,LEADER,1,0,0,0,0,53
145015,86,adaptive-prasle,1443,1,0,0,53,0,742,0,1,86,143572,1443,0,54,0,0,0,LEADER,1,0,0,0,0,53
145057,50,adaptive-prasle,2406,1,0,0,52,0,728,0,1,50,142651,2406,0,53,0,0,0,LEADER,1,0,0,0,0,52
145073,55,adaptive-prasle,1501,1,0,0,53,0,742,0,1,55,143572,1501,0,54,0,0,0,LEADER,1,0,0,0,0,53
145112,63,adaptive-prasle,1540,1,0,0,53,0,742,0,1,63,143572,1540,0,54,0,0,0,LEADER,1,0,0,0,0,53
145476,46,adaptive-prasle,1904,1,0,0,53,0,742,0,1,46,143572,1904,0,54,0,0,0,LEADER,1,0,0,0,0,53
145271,53,adaptive-prasle,1701,1,0,0,53,0,742,0,1,53,143570,1701,0,54,0,0,0,LEADER,1,0,0,0,0,53
144625,23,adaptive-prasle,1974,1,0,0,52,0,728,0,1,23,142651,1974,0,53,0,0,0,LEADER,1,0,0,0,0,52
145494,88,adaptive-prasle,1922,1,0,0,53,0,742,0,1,88,143572,1922,0,54,0,0,0,LEADER,1,0,0,0,0,53
145021,34,adaptive-prasle,1449,1,0,0,53,0,742,0,1,34,143572,1449,0,54,0,0,0,LEADER,1,0,0,0,0,53
144628,97,adaptive-prasle,1977,1,0,0,52,0,728,0,1,97,142651,1977,0,53,0,0,0,LEADER,1,0,0,0,0,52
144748,20,adaptive-prasle,2095,1,0,0,52,0,728,0,1,20,142653,2095,0,53,0,0,0,LEADER,1,0,0,0,0,52
144828,40,adaptive-prasle,2177,1,0,0,52,0,728,0,1,40,142651,2177,0,53,0,0,0,LEADER,1,0,0,0,0,52
144753,47,adaptive-prasle,2100,1,0,0,52,0,728,0,1,47,142653,2100,0,53,0,0,0,LEADER,1,0,0,0,0,52
145664,95,adaptive-prasle,2092,1,0,0,53,0,742,0,1,95,143572,2092,0,54,0,0,0,LEADER,1,0,0,0,0,53
145046,25,adaptive-prasle,2395,1,0,0,52,0,728,0,1,25,142651,2395,0,53,0,0,0,LEADER,1,0,0,0,0,52
145652,84,adaptive-prasle,2080,1,0,0,53,0,742,0,1,84,143572,2080,0,54,0,0,0,LEADER,1,0,0,0,0,53
144928,70,adaptive-prasle,2277,1,0,0,52,0,728,0,1,70,142651,2277,0,53,0,0,0,LEADER,1,0,0,0,0,52
144846,82,adaptive-prasle,2195,1,0,0,52,0,728,0,1,82,142651,2195,0,53,0,0,0,LEADER,1,0,0,0,0,52
145064,67,adaptive-prasle,2413,1,0,0,52,0,728,0,1,67,142651,2413,0,53,0,0,0,LEADER,1,0,0,0,0,52
145016,89,adaptive-prasle,2365,1,0,0,52,0,728,0,1,89,142651,2365,0,53,0,0,0,LEADER,1,0,0,0,0,52
145685,28,adaptive-prasle,2113,1,0,0,53,0,742,0,1,28,143572,2113,0,54,0,0,0,LEADER,1,0,0,0,0,53
145427,68,adaptive-prasle,1855,1,0,0,53,0,742,0,1,68,143572,1855,0,54,0,0,0,LEADER,1,0,0,0,0,53
145379,90,adaptive-prasle,1807,1,0,0,53,0,742,0,1,90,143572,1807,0,54,0,0,0,LEADER,1,0,0,0,0,53
145040,76,adaptive-prasle,1468,1,0,0,53,0,742,0,1,76,143572,1468,0,54,0,0,0,LEADER,1,0,0,0,0,53
145361,10,adaptive-prasle,1789,1,0,0,53,0,742,0,1,10,143572,1789,0,54,0,0,0,LEADER,1,0,0,0,0,53
145793,58,adaptive-prasle,2221,1,0,0,53,0,742,0,1,58,143572,2221,0,54,0,0,0,LEADER,1,0,0,0,0,53
145176,73,adaptive-prasle,1604,1,0,0,53,0,742,0,1,73,143572,1604,0,54,0,0,0,LEADER,1,0,0,0,0,53
144916,59,adaptive-prasle,2265,1,0,0,52,0,728,0,1,59,142651,2265,0,53,0,0,0,LEADER,1,0,0,0,0,52
145191,41,adaptive-prasle,1619,1,0,0,53,0,742,0,1,41,143572,1619,0,54,0,0,0,LEADER,1,0,0,0,0,53
145106,96,adaptive-prasle,1534,1,0,0,53,0,742,0,1,96,143572,1534,0,54,0,0,0,LEADER,1,0,0,0,0,53
145407,74,adaptive-prasle,1837,1,0,0,53,0,742,0,1,74,143570,1837,0,54,0,0,0,LEADER,1,0,0,0,0,53
145339,49,adaptive-prasle,1767,1,0,0,53,0,742,0,1,49,143572,1767,0,54,0,0,0,LEADER,1,0,0,0,0,53
145800,92,adaptive-prasle,2228,1,0,0,53,0,742,0,1,92,143572,2228,0,54,0,0,0,LEADER,1,0,0,0,0,53
145008,66,adaptive-prasle,1434,1,0,0,53,0,742,0,1,66,143574,1434,0,54,0,0,0,LEADER,1,0,0,0,0,53
145031,57,adaptive-prasle,2380,1,0,0,52,0,728,0,1,57,142651,2380,0,53,0,0,0,LEADER,1,0,0,0,0,52
145832,78,adaptive-prasle,2260,1,0,0,53,0,742,0,1,78,143572,2260,0,54,0,0,0,LEADER,1,0,0,0,0,53
144997,39,adaptive-prasle,2346,1,0,0,52,0,728,0,1,39,142651,2346,0,53,0,0,0,LEADER,1,0,0,0,0,52
145715,30,adaptive-prasle,2143,1,0,0,53,0,742,0,1,30,143572,2143,0,54,0,0,0,LEADER,1,0,0,0,0,53
145121,64,adaptive-prasle,1549,1,0,0,53,0,742,0,1,64,143572,1549,0,54,0,0,0,LEADER,1,0,0,0,0,53
145346,80,adaptive-prasle,1774,1,0,0,53,0,742,0,1,80,143572,1774,0,54,0,0,0,LEADER,1,0,0,0,0,53
145085,54,adaptive-prasle,1516,1,0,0,53,0,742,0,1,54,143569,1516,0,54,0,0,0,LEADER,1,0,0,0,0,53
145612,43,adaptive-prasle,2040,1,0,0,53,0,742,0,1,43,143572,2040,0,54,0,0,0,LEADER,1,0,0,0,0,53
145532,26,adaptive-prasle,1960,1,0,0,53,0,742,0,1,26,143572,1960,0,54,0,0,0,LEADER,1,0,0,0,0,53
145161,42,adaptive-prasle,1591,1,0,0,53,0,742,0,1,42,143570,1591,0,54,0,0,0,LEADER,1,0,0,0,0,53
145170,31,adaptive-prasle,1598,1,0,0,53,0,742,0,1,31,143572,1598,0,54,0,0,0,LEADER,1,0,0,0,0,53
145927,94,adaptive-prasle,2355,1,0,0,53,0,742,0,1,94,143572,2355,0,54,0,0,0,LEADER,1,0,0,0,0,53
145497,45,adaptive-prasle,1925,1,0,0,53,0,742,0,1,45,143572,1925,0,54,0,0,0,LEADER,1,0,0,0,0,53
145870,60,adaptive-prasle,2298,1,0,0,53,0,742,0,1,60,143572,2298,0,54,0,0,0,LEADER,1,0,0,0,0,53
145975,44,adaptive-prasle,1483,1,0,0,53,0,742,0,1,44,144492,1483,0,54,0,0,0,LEADER,1,0,0,0,0,53
145579,33,adaptive-prasle,2007,1,0,0,53,0,742,0,1,33,143572,2007,0,54,0,0,0,LEADER,1,0,0,0,0,53
145224,51,adaptive-prasle,1652,1,0,0,53,0,742,0,1,51,143572,1652,0,54,0,0,0,LEADER,1,0,0,0,0,53
146023,22,adaptive-prasle,1531,1,0,0,53,0,742,0,1,22,144492,1531,0,54,0,0,0,LEADER,1,0,0,0,0,53
145734,72,adaptive-prasle,2162,1,0,0,53,0,742,0,1,72,143572,2162,0,54,0,0,0,LEADER,1,0,0,0,0,53
145524,24,adaptive-prasle,1952,1,0,0,53,0,742,0,1,24,143572,1952,0,54,0,0,0,LEADER,1,0,0,0,0,53
146055,32,adaptive-prasle,1564,1,0,0,53,0,742,0,1,32,144491,1564,0,54,0,0,0,LEADER,1,0,0,0,0,53
145243,93,adaptive-prasle,1671,1,0,0,53,0,742,0,1,93,143572,1671,0,54,0,0,0,LEADER,1,0,0,0,0,53
145917,69,adaptive-prasle,2343,1,0,0,53,0,742,0,1,69,143574,2343,0,54,0,0,0,LEADER,1,0,0,0,0,53
145902,79,adaptive-prasle,2331,1,0,0,53,0,742,0,1,79,143571,2331,0,54,0,0,0,LEADER,1,0,0,0,0,53
145597,75,adaptive-prasle,2025,1,0,0,53,0,742,0,1,75,143572,2025,0,54,0,0,0,LEADER,1,0,0,0,0,53
145324,81,adaptive-prasle,1752,1,0,0,53,0,742,0,1,81,143572,1752,0,54,0,0,0,LEADER,1,0,0,0,0,53
145182,52,adaptive-prasle,1610,1,0,0,53,0,742,0,1,52,143572,1610,0,54,0,0,0,LEADER,1,0,0,0,0,53
145837,29,adaptive-prasle,2265,1,0,0,53,0,742,0,1,29,143572,2265,0,54,0,0,0,LEADER,1,0,0,0,0,53
145661,21,adaptive-prasle,2088,1,0,0,53,0,742,0,1,21,143573,2088,0,54,0,0,0,LEADER,1,0,0,0,0,53
145413,100,adaptive-prasle,1841,1,0,0,53,0,742,0,1,100,143572,1841,0,54,0,0,0,LEADER,1,0,0,0,0,53
145258,61,adaptive-prasle,1686,1,0,0,53,0,742,0,1,61,143572,1686,0,54,0,0,0,LEADER,1,0,0,0,0,53
145822,91,adaptive-prasle,2250,1,0,0,53,0,742,0,1,91,143572,2250,0,54,0,0,0,LEADER,1,0,0,0,0,53
145782,37,adaptive-prasle,2210,1,0,0,53,0,742,0,1,37,143572,2210,0,54,0,0,0,LEADER,1,0,0,0,0,53
145325,38,adaptive-prasle,1755,1,0,0,53,0,742,0,1,38,143570,1755,0,54,0,0,0,LEADER,1,0,0,0,0,53
145991,98,adaptive-prasle,2419,1,0,0,53,0,742,0,1,98,143572,2419,0,54,0,0,0,LEADER,1,0,0,0,0,53
145851,27,adaptive-prasle,2280,1,0,0,53,0,742,0,1,27,143571,2280,0,54,0,0,0,LEADER,1,0,0,0,0,53
145700,62,adaptive-prasle,2128,1,0,0,53,0,742,0,1,62,143572,2128,0,54,0,0,0,LEADER,1,0,0,0,0,53
145509,56,adaptive-prasle,1937,1,0,0,53,0,742,0,1,56,143572,1937,0,54,0,0,0,LEADER,1,0,0,0,0,53
145896,99,adaptive-prasle,2328,1,0,0,53,0,742,0,1,99,143568,2328,0,54,0,0,0,LEADER,1,0,0,0,0,53
145776,48,adaptive-prasle,2202,1,0,0,53,0,742,0,1,48,143574,2202,0,54,0,0,0,LEADER,1,0,0,0,0,53
145291,71,adaptive-prasle,1719,1,0,0,53,0,742,0,1,71,143572,1719,0,54,0,0,0,LEADER,1,0,0,0,0,53
145516,87,adaptive-prasle,1944,1,0,0,53,0,742,0,1,87,143572,1944,0,54,0,0,0,LEADER,1,0,0,0,0,53
145442,36,adaptive-prasle,1870,1,0,0,53,0,742,0,1,36,143572,1870,0,54,0,0,0,LEADER,1,0,0,0,0,53
145938,77,adaptive-prasle,1446,1,0,0,53,0,742,0,1,77,144492,1446,0,54,0,0,0,LEADER,1,0,0,0,0,53
146131,83,adaptive-prasle,1637,1,0,0,53,0,742,0,1,83,144494,1637,0,54,0,0,0,LEADER,1,0,0,0,0,53
145631,85,adaptive-prasle,2059,1,0,0,53,0,742,0,1,85,143572,2059,0,54,0,0,0,LEADER,1,0,0,0,0,53
146159,19,adaptive-prasle,1667,1,0,0,53,0,742,0,1,19,144492,1667,0,54,0,0,0,LEADER,1,0,0,0,0,53
146314,65,adaptive-prasle,1822,1,0,0,53,0,742,0,1,65,144492,1822,0,54,0,0,0,LEADER,1,0,0,0,0,53
145920,35,adaptive-prasle,1428,1,0,0,53,0,742,0,1,35,144492,1428,0,54,0,0,0,LEADER,1,0,0,0,0,53
145919,17,adaptive-prasle,1782,1,0,0,13,12,182,168,3,17,144137,1782,0,5,0,0,0,LEADER,1,0,0,0,0,13
145935,86,adaptive-prasle,1443,1,0,0,53,0,742,0,1,86,144492,1443,0,54,0,0,0,LEADER,1,0,0,0,0,53
146272,18,adaptive-prasle,2226,1,0,0,16,13,224,182,3,18,144046,2226,0,5,0,0,0,LEADER,1,0,0,0,0,16
145978,50,adaptive-prasle,2406,1,0,0,53,0,742,0,1,50,143572,2406,0,54,0,0,0,LEADER,1,0,0,0,0,53
145993,55,adaptive-prasle,1501,1,0,0,53,0,742,0,1,55,144492,1501,0,54,0,0,0,LEADER,1,0,0,0,0,53
146032,63,adaptive-prasle,1540,1,0,0,53,0,742,0,1,63,144492,1540,0,54,0,0,0,LEADER,1,0,0,0,0,53
146396,46,adaptive-prasle,1904,1,0,0,53,0,742,0,1,46,144492,1904,0,54,0,0,0,LEADER,1,0,0,0,0,53
146191,53,adaptive-prasle,1701,1,0,0,53,0,742,0,1,53,144490,1701,0,54,0,0,0,LEADER,1,0,0,0,0,53
145546,23,adaptive-prasle,1974,1,0,0,53,0,742,0,1,23,143572,1974,0,54,0,0,0,LEADER,1,0,0,0,0,53
146414,88,adaptive-prasle,1922,1,0,0,53,0,742,0,1,88,144492,1922,0,54,0,0,0,LEADER,1,0,0,0,0,53
145941,34,adaptive-prasle,1449,1,0,0,53,0,742,0,1,34,144492,1449,0,54,0,0,0,LEADER,1,0,0,0,0,53
145549,97,adaptive-prasle,1977,1,0,0,53,0,742,0,1,97,143572,1977,0,54,0,0,0,LEADER,1,0,0,0,0,53
145669,20,adaptive-prasle,2095,1,0,0,53,0,742,0,1,20,143574,2095,0,54,0,0,0,LEADER,1,0,0,0,0,53
145749,40,adaptive-prasle,2177,1,0,0,53,0,742,0,1,40,143572,2177,0,54,0,0,0,LEADER,1,0,0,0,0,53
145674,47,adaptive-prasle,2100,1,0,0,53,0,742,0,1,47,143574,2100,0,54,0,0,0,LEADER,1,0,0,0,0,53
146584,95,adaptive-prasle,2092,1,0,0,53,0,742,0,1,95,144492,2092,0,54,0,0,0,LEADER,1,0,0,0,0,53
146301,5,adaptive-prasle,2338,1,0,0,10,21,140,294,6,3,143963,2338,0,7,0,0,0,NORMAL,0,0,0,0,0,10
145967,25,adaptive-prasle,2395,1,0,0,53,0,742,0,1,25,143572,2395,0,54,0,0,0,LEADER,1,0,0,0,0,53
146572,84,adaptive-prasle,2080,1,0,0,53,0,742,0,1,84,144492,2080,0,54,0,0,0,LEADER,1,0,0,0,0,53
145849,70,adaptive-prasle,2277,1,0,0,53,0,742,0,1,70,143572,2277,0,54,0,0,0,LEADER,1,0,0,0,0,53
145767,82,adaptive-prasle,2195,1,0,0,53,0,742,0,1,82,143572,2195,0,54,0,0,0,LEADER,1,0,0,0,0,53
145985,67,adaptive-prasle,2413,1,0,0,53,0,742,0,1,67,143572,2413,0,54,0,0,0,LEADER,1,0,0,0,0,53
145937,89,adaptive-prasle,2365,1,0,0,53,0,742,0,1,89,143572,2365,0,54,0,0,0,LEADER,1,0,0,0,0,53
146605,28,adaptive-prasle,2113,1,0,0,53,0,742,0,1,28,144492,2113,0,54,0,0,0,LEADER,1,0,0,0,0,53
146347,68,adaptive-prasle,1855,1,0,0,53,0,742,0,1,68,144492,1855,0,54,0,0,0,LEADER,1,0,0,0,0,53
146299,90,adaptive-prasle,1807,1,0,0,53,0,742,0,1,90,144492,1807,0,54,0,0,0,LEADER,1,0,0,0,0,53
145960,76,adaptive-prasle,1468,1,0,0,53,0,742,0,1,76,144492,1468,0,54,0,0,0,LEADER,1,0,0,0,0,53
146281,10,adaptive-prasle,1789,1,0,0,53,0,742,0,1,10,144492,1789,0,54,0,0,0,LEADER,1,0,0,0,0,53
146713,58,adaptive-prasle,2221,1,0,0,53,0,742,0,1,58,144492,2221,0,54,0,0,0,LEADER,1,0,0,0,0,53
146096,73,adaptive-prasle,1604,1,0,0,53,0,742,0,1,73,144492,1604,0,54,0,0,0,LEADER,1,0,0,0,0,53
145837,59,adaptive-prasle,2265,1,0,0,53,0,742,0,1,59,143572,2265,0,54,0,0,0,LEADER,1,0,0,0,0,53
146111,41,adaptive-prasle,1619,1,0,0,53,0,742,0,1,41,144492,1619,0,54,0,0,0,LEADER,1,0,0,0,0,53
146026,96,adaptive-prasle,1534,1,0,0,53,0,742,0,1,96,144492,1534,0,54,0,0,0,LEADER,1,0,0,0,0,53
146327,74,adaptive-prasle,1837,1,0,0,53,0,742,0,1,74,144490,1837,0,54,0,0,0,LEADER,1,0,0,0,0,53
146259,49,adaptive-prasle,1767,1,0,0,53,0,742,0,1,49,144492,1767,0,54,0,0,0,LEADER,1,0,0,0,0,53
146720,92,adaptive-prasle,2228,1,0,0,53,0,742,0,1,92,144492,2228,0,54,0,0,0,LEADER,1,0,0,0,0,53
145928,66,adaptive-prasle,1434,1,0,0,53,0,742,0,1,66,144494,1434,0,54,0,0,0,LEADER,1,0,0,0,0,53
145952,57,adaptive-prasle,2380,1,0,0,53,0,742,0,1,57,143572,2380,0,54,0,0,0,LEADER,1,0,0,0,0,53
146752,78,adaptive-prasle,2260,1,0,0,53,0,742,0,1,78,144492,2260,0,54,0,0,0,LEADER,1,0,0,0,0,53
145918,39,adaptive-prasle,2346,1,0,0,53,0,742,0,1,39,143572,2346,0,54,0,0,0,LEADER,1,0,0,0,0,53
146635,30,adaptive-prasle,2143,1,0,0,53,0,742,0,1,30,144492,2143,0,54,0,0,0,LEADER,1,0,0,0,0,53
146041,64,adaptive-prasle,1549,1,0,0,53,0,742,0,1,64,144492,1549,0,54,0,0,0,LEADER,1,0,0,0,0,53
146266,80,adaptive-prasle,1774,1,0,0,53,0,742,0,1,80,144492,1774,0,54,0,0,0,LEADER,1,0,0,0,0,53
146005,54,adaptive-prasle,1516,1,0,0,53,0,742,0,1,54,144489,1516,0,54,0,0,0,LEADER,1,0,0,0,0,53
146532,43,adaptive-prasle,2040,1,0,0,53,0,742,0,1,43,144492,2040,0,54,0,0,0,LEADER,1,0,0,0,0,53
146452,26,adaptive-prasle,1960,1,0,0,53,0,742,0,1,26,144492,1960,0,54,0,0,0,LEADER,1,0,0,0,0,53
146081,42,adaptive-prasle,1591,1,0,0,53,0,742,0,1,42,144490,1591,0,54,0,0,0,LEADER,1,0,0,0,0,53
146090,31,adaptive-prasle,1598,1,0,0,53,0,742,0,1,31,144492,1598,0,54,0,0,0,LEADER,1,0,0,0,0,53
146847,94,adaptive-prasle,2355,1,0,0,53,0,742,0,1,94,144492,2355,0,54,0,0,0,LEADER,1,0,0,0,0,53
146417,45,adaptive-prasle,1925,1,0,0,53,0,742,0,1,45,144492,1925,0,54,0,0,0,LEADER,1,0,0,0,0,53
146790,60,adaptive-prasle,2298,1,0,0,53,0,742,0,1,60,144492,2298,0,54,0,0,0,LEADER,1,0,0,0,0,53
146895,44,adaptive-prasle,1483,1,0,0,53,0,742,0,1,44,145412,1483,0,54,0,0,0,LEADER,1,0,0,0,0,53
146499,33,adaptive-prasle,2007,1,0,0,53,0,742,0,1,33,144492,2007,0,54,0,0,0,LEADER,1,0,0,0,0,53
146144,51,adaptive-prasle,1652,1,0,0,53,0,742,0,1,51,144492,1652,0,54,0,0,0,LEADER,1,0,0,0,0,53
146943,22,adaptive-prasle,1531,1,0,0,53,0,742,0,1,22,145412,1531,0,54,0,0,0,LEADER,1,0,0,0,0,53
146654,72,adaptive-prasle,2162,1,0,0,53,0,742,0,1,72,144492,2162,0,54,0,0,0,LEADER,1,0,0,0,0,53
146444,24,adaptive-prasle,1952,1,0,0,53,0,742,0,1,24,144492,1952,0,54,0,0,0,LEADER,1,0,0,0,0,53
146975,32,adaptive-prasle,1564,1,0,0,53,0,742,0,1,32,145411,1564,0,54,0,0,0,LEADER,1,0,0,0,0,53
146163,93,adaptive-prasle,1671,1,0,0,53,0,742,0,1,93,144492,1671,0,54,0,0,0,LEADER,1,0,0,0,0,53
146837,69,adaptive-prasle,2343,1,0,0,53,0,742,0,1,69,144494,2343,0,54,0,0,0,LEADER,1,0,0,0,0,53
146822,79,adaptive-prasle,2331,1,0,0,53,0,742,0,1,79,144491,2331,0,54,0,0,0,LEADER,1,0,0,0,0,53
146517,75,adaptive-prasle,2025,1,0,0,53,0,742,0,1,75,144492,2025,0,54,0,0,0,LEADER,1,0,0,0,0,53
146244,81,adaptive-prasle,1752,1,0,0,53,0,742,0,1,81,144492,1752,0,54,0,0,0,LEADER,1,0,0,0,0,53
146102,52,adaptive-prasle,1610,1,0,0,53,0,742,0,1,52,144492,1610,0,54,0,0,0,LEADER,1,0,0,0,0,53
146757,29,adaptive-prasle,2265,1,0,0,53,0,742,0,1,29,144492,2265,0,54,0,0,0,LEADER,1,0,0,0,0,53
146581,21,adaptive-prasle,2088,1,0,0,53,0,742,0,1,21,144493,2088,0,54,0,0,0,LEADER,1,0,0,0,0,53
146333,100,adaptive-prasle,1841,1,0,0,53,0,742,0,1,100,144492,1841,0,54,0,0,0,LEADER,1,0,0,0,0,53
146178,61,adaptive-prasle,1686,1,0,0,53,0,742,0,1,61,144492,1686,0,54,0,0,0,LEADER,1,0,0,0,0,53
146742,91,adaptive-prasle,2250,1,0,0,53,0,742,0,1,91,144492,2250,0,54,0,0,0,LEADER,1,0,0,0,0,53
146702,37,adaptive-prasle,2210,1,0,0,53,0,742,0,1,37,144492,2210,0,54,0,0,0,LEADER,1,0,0,0,0,53
146245,38,adaptive-prasle,1755,1,0,0,53,0,742,0,1,38,144490,1755,0,54,0,0,0,LEADER,1,0,0,0,0,53
146911,98,adaptive-prasle,2419,1,0,0,53,0,742,0,1,98,144492,2419,0,54,0,0,0,LEADER,1,0,0,0,0,53
146771,27,adaptive-prasle,2280,1,0,0,53,0,742,0,1,27,144491,2280,0,54,0,0,0,LEADER,1,0,0,0,0,53
146620,62,adaptive-prasle,2128,1,0,0,53,0,742,0,1,62,144492,2128,0,54,0,0,0,LEADER,1,0,0,0,0,53
146429,56,adaptive-prasle,1937,1,0,0,53,0,742,0,1,56,144492,1937,0,54,0,0,0,LEADER,1,0,0,0,0,53
146816,99,adaptive-prasle,2328,1,0,0,53,0,742,0,1,99,144488,2328,0,54,0,0,0,LEADER,1,0,0,0,0,53
146696,48,adaptive-prasle,2202,1,0,0,53,0,742,0,1,48,144494,2202,0,54,0,0,0,LEADER,1,0,0,0,0,53
146211,71,adaptive-prasle,1719,1,0,0,53,0,742,0,1,71,144492,1719,0,54,0,0,0,LEADER,1,0,0,0,0,53
146436,87,adaptive-prasle,1944,1,0,0,53,0,742,0,1,87,144492,1944,0,54,0,0,0,LEADER,1,0,0,0,0,53
146362,36,adaptive-prasle,1870,1,0,0,53,0,742,0,1,36,144492,1870,0,54,0,0,0,LEADER,1,0,0,0,0,53
146858,77,adaptive-prasle,1446,1,0,0,53,0,742,0,1,77,145412,1446,0,54,0,0,0,LEADER,1,0,0,0,0,53
147051,83,adaptive-prasle,1637,1,0,0,53,0,742,0,1,83,145414,1637,0,54,0,0,0,LEADER,1,0,0,0,0,53
146551,85,adaptive-prasle,2059,1,0,0,53,0,742,0,1,85,144492,2059,0,54,0,0,0,LEADER,1,0,0,0,0,53
147079,19,adaptive-prasle,1667,1,0,0,53,0,742,0,1,19,145412,1667,0,54,0,0,0,LEADER,1,0,0,0,0,53
147234,65,adaptive-prasle,1822,1,0,0,53,0,742,0,1,65,145412,1822,0,54,0,0,0,LEADER,1,0,0,0,0,53
146840,35,adaptive-prasle,1428,1,0,0,53,0,742,0,1,35,145412,1428,0,54,0,0,0,LEADER,1,0,0,0,0,53
146855,86,adaptive-prasle,1443,1,0,0,53,0,742,0,1,86,145412,1443,0,54,0,0,0,LEADER,1,0,0,0,0,53
146898,50,adaptive-prasle,2406,1,0,0,53,0,742,0,1,50,144492,2406,0,54,0,0,0,LEADER,1,0,0,0,0,53
146913,55,adaptive-prasle,1501,1,0,0,53,0,742,0,1,55,145412,1501,0,54,0,0,0,LEADER,1,0,0,0,0,53
146952,63,adaptive-prasle,1540,1,0,0,53,0,742,0,1,63,145412,1540,0,54,0,0,0,LEADER,1,0,0,0,0,53
147316,46,adaptive-prasle,1904,1,0,0,53,0,742,0,1,46,145412,1904,0,54,0,0,0,LEADER,1,0,0,0,0,53
147111,53,adaptive-prasle,1701,1,0,0,53,0,742,0,1,53,145410,1701,0,54,0,0,0,LEADER,1,0,0,0,0,53
146466,23,adaptive-prasle,1974,1,0,0,53,0,742,0,1,23,144492,1974,0,54,0,0,0,LEADER,1,0,0,0,0,53
147334,88,adaptive-prasle,1922,1,0,0,53,0,742,0,1,88,145412,1922,0,54,0,0,0,LEADER,1,0,0,0,0,53
146861,34,adaptive-prasle,1449,1,0,0,53,0,742,0,1,34,145412,1449,0,54,0,0,0,LEADER,1,0,0,0,0,53
146469,97,adaptive-prasle,1977,1,0,0,53,0,742,0,1,97,144492,1977,0,54,0,0,0,LEADER,1,0,0,0,0,53
146589,20,adaptive-prasle,2095,1,0,0,53,0,742,0,1,20,144494,2095,0,54,0,0,0,LEADER,1,0,0,0,0,53
146669,40,adaptive-prasle,2177,1,0,0,53,0,742,0,1,40,144492,2177,0,54,0,0,0,LEADER,1,0,0,0,0,53
146594,47,adaptive-prasle,2100,1,0,0,53,0,742,0,1,47,144494,2100,0,54,0,0,0,LEADER,1,0,0,0,0,53
147504,95,adaptive-prasle,2092,1,0,0,53,0,742,0,1,95,145412,2092,0,54,0,0,0,LEADER,1,0,0,0,0,53
146887,25,adaptive-prasle,2395,1,0,0,53,0,742,0,1,25,144492,2395,0,54,0,0,0,LEADER,1,0,0,0,0,53
147492,84,adaptive-prasle,2080,1,0,0,53,0,742,0,1,84,145412,2080,0,54,0,0,0,LEADER,1,0,0,0,0,53
146769,70,adaptive-prasle,2277,1,0,0,53,0,742,0,1,70,144492,2277,0,54,0,0,0,LEADER,1,0,0,0,0,53
146687,82,adaptive-prasle,2195,1,0,0,53,0,742,0,1,82,144492,2195,0,54,0,0,0,LEADER,1,0,0,0,0,53
146905,67,adaptive-prasle,2413,1,0,0,53,0,742,0,1,67,144492,2413,0,54,0,0,0,LEADER,1,0,0,0,0,53
146857,89,adaptive-prasle,2365,1,0,0,53,0,742,0,1,89,144492,2365,0,54,0,0,0,LEADER,1,0,0,0,0,53
147525,28,adaptive-prasle,2113,1,0,0,53,0,742,0,1,28,145412,2113,0,54,0,0,0,LEADER,1,0,0,0,0,53
147267,68,adaptive-prasle,1855,1,0,0,53,0,742,0,1,68,145412,1855,0,54,0,0,0,LEADER,1,0,0,0,0,53
147219,90,adaptive-prasle,1807,1,0,0,53,0,742,0,1,90,145412,1807,0,54,0,0,0,LEADER,1,0,0,0,0,53
146880,76,adaptive-prasle,1468,1,0,0,53,0,742,0,1,76,145412,1468,0,54,0,0,0,LEADER,1,0,0,0,0,53
147201,10,adaptive-prasle,1789,1,0,0,53,0,742,0,1,10,145412,1789,0,54,0,0,0,LEADER,1,0,0,0,0,53
147633,58,adaptive-prasle,2221,1,0,0,53,0,742,0,1,58,145412,2221,0,54,0,0,0,LEADER,1,0,0,0,0,53
147016,73,adaptive-prasle,1604,1,0,0,53,0,742,0,1,73,145412,1604,0,54,0,0,0,LEADER,1,0,0,0,0,53
146757,59,adaptive-prasle,2265,1,0,0,53,0,742,0,1,59,144492,2265,0,54,0,0,0,LEADER,1,0,0,0,0,53
147031,41,adaptive-prasle,1619,1,0,0,53,0,742,0,1,41,145412,1619,0,54,0,0,0,LEADER,1,0,0,0,0,53
146946,96,adaptive-prasle,1534,1,0,0,53,0,742,0,1,96,145412,1534,0,54,0,0,0,LEADER,1,0,0,0,0,53
147247,74,adaptive-prasle,1837,1,0,0,53,0,742,0,1,74,145410,1837,0,54,0,0,0,LEADER,1,0,0,0,0,53
147179,49,adaptive-prasle,1767,1,0,0,53,0,742,0,1,49,145412,1767,0,54,0,0,0,LEADER,1,0,0,0,0,53
147640,92,adaptive-prasle,2228,1,0,0,53,0,742,0,1,92,145412,2228,0,54,0,0,0,LEADER,1,0,0,0,0,53
146848,66,adaptive-prasle,1434,1,0,0,53,0,742,0,1,66,145414,1434,0,54,0,0,0,LEADER,1,0,0,0,0,53
146872,57,adaptive-prasle,2380,1,0,0,53,0,742,0,1,57,144492,2380,0,54,0,0,0,LEADER,1,0,0,0,0,53
147672,78,adaptive-prasle,2260,1,0,0,53,0,742,0,1,78,145412,2260,0,54,0,0,0,LEADER,1,0,0,0,0,53
146838,39,adaptive-prasle,2346,1,0,0,53,0,742,0,1,39,144492,2346,0,54,0,0,0,LEADER,1,0,0,0,0,53
147555,30,adaptive-prasle,2143,1,0,0,53,0,742,0,1,30,145412,2143,0,54,0,0,0,LEADER,1,0,0,0,0,53
146961,64,adaptive-prasle,1549,1,0,0,53,0,742,0,1,64,145412,1549,0,54,0,0,0,LEADER,1,0,0,0,0,53
147186,80,adaptive-prasle,1774,1,0,0,53,0,742,0,1,80,145412,1774,0,54,0,0,0,LEADER,1,0,0,0,0,53
146925,54,adaptive-prasle,1516,1,0,0,53,0,742,0,1,54,145409,1516,0,54,0,0,0,LEADER,1,0,0,0,0,53
147452,43,adaptive-prasle,2040,1,0,0,53,0,742,0,1,43,145412,2040,0,54,0,0,0,LEADER,1,0,0,0,0,53
147372,26,adaptive-prasle,1960,1,0,0,53,0,742,0,1,26,145412,1960,0,54,0,0,0,LEADER,1,0,0,0,0,53
147001,42,adaptive-prasle,1591,1,0,0,53,0,742,0,1,42,145410,1591,0,54,0,0,0,LEADER,1,0,0,0,0,53
147010,31,adaptive-prasle,1598,1,0,0,53,0,742,0,1,31,145412,1598,0,54,0,0,0,LEADER,1,0,0,0,0,53
147767,94,adaptive-prasle,2355,1,0,0,53,0,742,0,1,94,145412,2355,0,54,0,0,0,LEADER,1,0,0,0,0,53
147337,45,adaptive-prasle,1925,1,0,0,53,0,742,0,1,45,145412,1925,0,54,0,0,0,LEADER,1,0,0,0,0,53
147710,60,adaptive-prasle,2298,1,0,0,53,0,742,0,1,60,145412,2298,0,54,0,0,0,LEADER,1,0,0,0,0,53
147816,44,adaptive-prasle,1483,1,0,0,54,0,756,0,1,44,146333,1483,0,55,0,0,0,LEADER,1,0,0,0,0,54
147419,33,adaptive-prasle,2007,1,0,0,53,0,742,0,1,33,145412,2007,0,54,0,0,0,LEADER,1,0,0,0,0,53
147064,51,adaptive-prasle,1652,1,0,0,53,0,742,0,1,51,145412,1652,0,54,0,0,0,LEADER,1,0,0,0,0,53
147574,72,adaptive-prasle,2162,1,0,0,53,0,742,0,1,72,145412,2162,0,54,0,0,0,LEADER,1,0,0,0,0,53
147864,22,adaptive-prasle,1531,1,0,0,54,0,756,0,1,22,146333,1531,0,55,0,0,0,LEADER,1,0,0,0,0,54
147364,24,adaptive-prasle,1952,1,0,0,53,0,742,0,1,24,145412,1952,0,54,0,0,0,LEADER,1,0,0,0,0,53
147896,32,adaptive-prasle,1564,1,0,0,54,0,756,0,1,32,146332,1564,0,55,0,0,0,LEADER,1,0,0,0,0,54
147083,93,adaptive-prasle,1671,1,0,0,53,0,742,0,1,93,145412,1671,0,54,0,0,0,LEADER,1,0,0,0,0,53
147742,79,adaptive-prasle,2331,1,0,0,53,0,742,0,1,79,145411,2331,0,54,0,0,0,LEADER,1,0,0,0,0,53
147757,69,adaptive-prasle,2343,1,0,0,53,0,742,0,1,69,145414,2343,0,54,0,0,0,LEADER,1,0,0,0,0,53
147437,75,adaptive-prasle,2025,1,0,0,53,0,742,0,1,75,145412,2025,0,54,0,0,0,LEADER,1,0,0,0,0,53
147164,81,adaptive-prasle,1752,1,0,0,53,0,742,0,1,81,145412,1752,0,54,0,0,0,LEADER,1,0,0,0,0,53
147022,52,adaptive-prasle,1610,1,0,0,53,0,742,0,1,52,145412,1610,0,54,0,0,0,LEADER,1,0,0,0,0,53
147501,21,adaptive-prasle,2088,1,0,0,53,0,742,0,1,21,145413,2088,0,54,0,0,0,LEADER,1,0,0,0,0,53
147677,29,adaptive-prasle,2265,1,0,0,53,0,742,0,1,29,145412,2265,0,54,0,0,0,LEADER,1,0,0,0,0,53
147253,100,adaptive-prasle,1841,1,0,0,53,0,742,0,1,100,145412,1841,0,54,0,0,0,LEADER,1,0,0,0,0,53
147098,61,adaptive-prasle,1686,1,0,0,53,0,742,0,1,61,145412,1686,0,54,0,0,0,LEADER,1,0,0,0,0,53
147662,91,adaptive-prasle,2250,1,0,0,53,0,742,0,1,91,145412,2250,0,54,0,0,0,LEADER,1,0,0,0,0,53
147622,37,adaptive-prasle,2210,1,0,0,53,0,742,0,1,37,145412,2210,0,54,0,0,0,LEADER,1,0,0,0,0,53
147165,38,adaptive-prasle,1755,1,0,0,53,0,742,0,1,38,145410,1755,0,54,0,0,0,LEADER,1,0,0,0,0,53
147831,98,adaptive-prasle,2419,1,0,0,53,0,742,0,1,98,145412,2419,0,54,0,0,0,LEADER,1,0,0,0,0,53
147691,27,adaptive-prasle,2280,1,0,0,53,0,742,0,1,27,145411,2280,0,54,0,0,0,LEADER,1,0,0,0,0,53
147540,62,adaptive-prasle,2128,1,0,0,53,0,742,0,1,62,145412,2128,0,54,0,0,0,LEADER,1,0,0,0,0,53
147349,56,adaptive-prasle,1937,1,0,0,53,0,742,0,1,56,145412,1937,0,54,0,0,0,LEADER,1,0,0,0,0,53
147736,99,adaptive-prasle,2328,1,0,0,53,0,742,0,1,99,145408,2328,0,54,0,0,0,LEADER,1,0,0,0,0,53
147616,48,adaptive-prasle,2202,1,0,0,53,0,742,0,1,48,145414,2202,0,54,0,0,0,LEADER,1,0,0,0,0,53
147131,71,adaptive-prasle,1719,1,0,0,53,0,742,0,1,71,145412,1719,0,54,0,0,0,LEADER,1,0,0,0,0,53
147356,87,adaptive-prasle,1944,1,0,0,53,0,742,0,1,87,145412,1944,0,54,0,0,0,LEADER,1,0,0,0,0,53
147282,36,adaptive-prasle,1870,1,0,0,53,0,742,0,1,36,145412,1870,0,54,0,0,0,LEADER,1,0,0,0,0,53
147779,77,adaptive-prasle,1446,1,0,0,54,0,756,0,1,77,146333,1446,0,55,0,0,0,LEADER,1,0,0,0,0,54
147972,83,adaptive-prasle,1637,1,0,0,54,0,756,0,1,83,146335,1637,0,55,0,0,0,LEADER,1,0,0,0,0,54
147471,85,adaptive-prasle,2059,1,0,0,53,0,742,0,1,85,145412,2059,0,54,0,0,0,LEADER,1,0,0,0,0,53
148000,19,adaptive-prasle,1667,1,0,0,54,0,756,0,1,19,146333,1667,0,55,0,0,0,LEADER,1,0,0,0,0,54
148155,65,adaptive-prasle,1822,1,0,0,54,0,756,0,1,65,146333,1822,0,55,0,0,0,LEADER,1,0,0,0,0,54
147761,35,adaptive-prasle,1428,1,0,0,54,0,756,0,1,35,146333,1428,0,55,0,0,0,LEADER,1,0,0,0,0,54
147860,14,adaptive-prasle,2096,1,0,0,9,10,126,140,3,3,145764,2096,0,5,0,0,0,NORMAL,0,0,0,0,0,9
147776,86,adaptive-prasle,1443,1,0,0,54,0,756,0,1,86,146333,1443,0,55,0,0,0,LEADER,1,0,0,0,0,54
147818,50,adaptive-prasle,2406,1,0,0,53,0,742,0,1,50,145412,2406,0,54,0,0,0,LEADER,1,0,0,0,0,53
147834,55,adaptive-prasle,1501,1,0,0,54,0,756,0,1,55,146333,1501,0,55,0,0,0,LEADER,1,0,0,0,0,54
147873,63,adaptive-prasle,1540,1,0,0,54,0,756,0,1,63,146333,1540,0,55,0,0,0,LEADER,1,0,0,0,0,54
148237,46,adaptive-prasle,1904,1,0,0,54,0,756,0,1,46,146333,1904,0,55,0,0,0,LEADER,1,0,0,0,0,54
148032,53,adaptive-prasle,1701,1,0,0,54,0,756,0,1,53,146331,1701,0,55,0,0,0,LEADER,1,0,0,0,0,54
147386,23,adaptive-prasle,1974,1,0,0,53,0,742,0,1,23,145412,1974,0,54,0,0,0,LEADER,1,0,0,0,0,53
147662,13,adaptive-prasle,1941,1,0,0,8,8,112,112,2,3,145721,1941,0,5,0,0,0,NORMAL,0,0,0,0,0,8
148255,88,adaptive-prasle,1922,1,0,0,54,0,756,0,1,88,146333,1922,0,55,0,0,0,LEADER,1,0,0,0,0,54
147782,34,adaptive-prasle,1449,1,0,0,54,0,756,0,1,34,146333,1449,0,55,0,0,0,LEADER,1,0,0,0,0,54
147389,97,adaptive-prasle,1977,1,0,0,53,0,742,0,1,97,145412,1977,0,54,0,0,0,LEADER,1,0,0,0,0,53
147509,20,adaptive-prasle,2095,1,0,0,53,0,742,0,1,20,145414,2095,0,54,0,0,0,LEADER,1,0,0,0,0,53
147589,40,adaptive-prasle,2177,1,0,0,53,0,742,0,1,40,145412,2177,0,54,0,0,0,LEADER,1,0,0,0,0,53
147514,47,adaptive-prasle,2100,1,0,0,53,0,742,0,1,47,145414,2100,0,54,0,0,0,LEADER,1,0,0,0,0,53
148425,95,adaptive-prasle,2092,1,0,0,54,0,756,0,1,95,146333,2092,0,55,0,0,0,LEADER,1,0,0,0,0,54
147807,25,adaptive-prasle,2395,1,0,0,53,0,742,0,1,25,145412,2395,0,54,0,0,0,LEADER,1,0,0,0,0,53
148413,84,adaptive-prasle,2080,1,0,0,54,0,756,0,1,84,146333,2080,0,55,0,0,0,LEADER,1,0,0,0,0,54
147689,70,adaptive-prasle,2277,1,0,0,53,0,742,0,1,70,145412,2277,0,54,0,0,0,LEADER,1,0,0,0,0,53
147607,82,adaptive-prasle,2195,1,0,0,53,0,742,0,1,82,145412,2195,0,54,0,0,0,LEADER,1,0,0,0,0,53
147825,67,adaptive-prasle,2413,1,0,0,53,0,742,0,1,67,145412,2413,0,54,0,0,0,LEADER,1,0,0,0,0,53
147777,89,adaptive-prasle,2365,1,0,0,53,0,742,0,1,89,145412,2365,0,54,0,0,0,LEADER,1,0,0,0,0,53
148446,28,adaptive-prasle,2113,1,0,0,54,0,756,0,1,28,146333,2113,0,55,0,0,0,LEADER,1,0,0,0,0,54
148188,68,adaptive-prasle,1855,1,0,0,54,0,756,0,1,68,146333,1855,0,55,0,0,0,LEADER,1,0,0,0,0,54
148140,90,adaptive-prasle,1807,1,0,0,54,0,756,0,1,90,146333,1807,0,55,0,0,0,LEADER,1,0,0,0,0,54
147801,76,adaptive-prasle,1468,1,0,0,54,0,756,0,1,76,146333,1468,0,55,0,0,0,LEADER,1,0,0,0,0,54
148122,10,adaptive-prasle,1789,1,0,0,54,0,756,0,1,10,146333,1789,0,55,0,0,0,LEADER,1,0,0,0,0,54
148554,58,adaptive-prasle,2221,1,0,0,54,0,756,0,1,58,146333,2221,0,55,0,0,0,LEADER,1,0,0,0,0,54
147937,73,adaptive-prasle,1604,1,0,0,54,0,756,0,1,73,146333,1604,0,55,0,0,0,LEADER,1,0,0,0,0,54
147677,59,adaptive-prasle,2265,1,0,0,53,0,742,0,1,59,145412,2265,0,54,0,0,0,LEADER,1,0,0,0,0,53
147952,41,adaptive-prasle,1619,1,0,0,54,0,756,0,1,41,146333,1619,0,55,0,0,0,LEADER,1,0,0,0,0,54
147867,96,adaptive-prasle,1534,1,0,0,54,0,756,0,1,96,146333,1534,0,55,0,0,0,LEADER,1,0,0,0,0,54
148168,74,adaptive-prasle,1837,1,0,0,54,0,756,0,1,74,146331,1837,0,55,0,0,0,LEADER,1,0,0,0,0,54
148100,49,adaptive-prasle,1767,1,0,0,54,0,756,0,1,49,146333,1767,0,55,0,0,0,LEADER,1,0,0,0,0,54
148561,92,adaptive-prasle,2228,1,0,0,54,0,756,0,1,92,146333,2228,0,55,0,0,0,LEADER,1,0,0,0,0,54
147769,66,adaptive-prasle,1434,1,0,0,54,0,756,0,1,66,146335,1434,0,55,0,0,0,LEADER,1,0,0,0,0,54
147792,57,adaptive-prasle,2380,1,0,0,53,0,742,0,1,57,145412,2380,0,54,0,0,0,LEADER,1,0,0,0,0,53
148593,78,adaptive-prasle,2260,1,0,0,54,0,756,0,1,78,146333,2260,0,55,0,0,0,LEADER,1,0,0,0,0,54
147758,39,adaptive-prasle,2346,1,0,0,53,0,742,0,1,39,145412,2346,0,54,0,0,0,LEADER,1,0,0,0,0,53
148476,30,adaptive-prasle,2143,1,0,0,54,0,756,0,1,30,146333,2143,0,55,0,0,0,LEADER,1,0,0,0,0,54
147882,64,adaptive-prasle,1549,1,0,0,54,0,756,0,1,64,146333,1549,0,55,0,0,0,LEADER,1,0,0,0,0,54
148107,80,adaptive-prasle,1774,1,0,0,54,0,756,0,1,80,146333,1774,0,55,0,0,0,LEADER,1,0,0,0,0,54
147846,54,adaptive-prasle,1516,1,0,0,54,0,756,0,1,54,146330,1516,0,55,0,0,0,LEADER,1,0,0,0,0,54
148373,43,adaptive-prasle,2040,1,0,0,54,0,756,0,1,43,146333,2040,0,55,0,0,0,LEADER,1,0,0,0,0,54
148293,26,adaptive-prasle,1960,1,0,0,54,0,756,0,1,26,146333,1960,0,55,0,0,0,LEADER,1,0,0,0,0,54
147922,42,adaptive-prasle,1591,1,0,0,54,0,756,0,1,42,146331,1591,0,55,0,0,0,LEADER,1,0,0,0,0,54
147931,31,adaptive-prasle,1598,1,0,0,54,0,756,0,1,31,146333,1598,0,55,0,0,0,LEADER,1,0,0,0,0,54
148688,94,adaptive-prasle,2355,1,0,0,54,0,756,0,1,94,146333,2355,0,55,0,0,0,LEADER,1,0,0,0,0,54
148258,45,adaptive-prasle,1925,1,0,0,54,0,756,0,1,45,146333,1925,0,55,0,0,0,LEADER,1,0,0,0,0,54
148631,60,adaptive-prasle,2298,1,0,0,54,0,756,0,1,60,146333,2298,0,55,0,0,0,LEADER,1,0,0,0,0,54
148736,44,adaptive-prasle,1483,1,0,0,54,0,756,0,1,44,147253,1483,0,55,0,0,0,LEADER,1,0,0,0,0,54
148340,33,adaptive-prasle,2007,1,0,0,54,0,756,0,1,33,146333,2007,0,55,0,0,0,LEADER,1,0,0,0,0,54
147985,51,adaptive-prasle,1652,1,0,0,54,0,756,0,1,51,146333,1652,0,55,0,0,0,LEADER,1,0,0,0,0,54
148784,22,adaptive-prasle,1531,1,0,0,54,0,756,0,1,22,147253,1531,0,55,0,0,0,LEADER,1,0,0,0,0,54
148495,72,adaptive-prasle,2162,1,0,0,54,0,756,0,1,72,146333,2162,0,55,0,0,0,LEADER,1,0,0,0,0,54
148285,24,adaptive-prasle,1952,1,0,0,54,0,756,0,1,24,146333,1952,0,55,0,0,0,LEADER,1,0,0,0,0,54
148816,32,adaptive-prasle,1564,1,0,0,54,0,756,0,1,32,147252,1564,0,55,0,0,0,LEADER,1,0,0,0,0,54
148004,93,adaptive-prasle,1671,1,0,0,54,0,756,0,1,93,146333,1671,0,55,0,0,0,LEADER,1,0,0,0,0,54
148678,69,adaptive-prasle,2343,1,0,0,54,0,756,0,1,69,146335,2343,0,55,0,0,0,LEADER,1,0,0,0,0,54
148663,79,adaptive-prasle,2331,1,0,0,54,0,756,0,1,79,146332,2331,0,55,0,0,0,LEADER,1,0,0,0,0,54
148358,75,adaptive-prasle,2025,1,0,0,54,0,756,0,1,75,146333,2025,0,55,0,0,0,LEADER,1,0,0,0,0,54
148085,81,adaptive-prasle,1752,1,0,0,54,0,756,0,1,81,146333,1752,0,55,0,0,0,LEADER,1,0,0,0,0,54
147943,52,adaptive-prasle,1610,1,0,0,54,0,756,0,1,52,146333,1610,0,55,0,0,0,LEADER,1,0,0,0,0,54
148422,21,adaptive-prasle,2088,1,0,0,54,0,756,0,1,21,146334,2088,0,55,0,0,0,LEADER,1,0,0,0,0,54
148598,29,adaptive-prasle,2265,1,0,0,54,0,756,0,1,29,146333,2265,0,55,0,0,0,LEADER,1,0,0,0,0,54
148174,100,adaptive-prasle,1841,1,0,0,54,0,756,0,1,100,146333,1841,0,55,0,0,0,LEADER,1,0,0,0,0,54
148019,61,adaptive-prasle,1686,1,0,0,54,0,756,0,1,61,146333,1686,0,55,0,0,0,LEADER,1,0,0,0,0,54
148583,91,adaptive-prasle,2250,1,0,0,54,0,756,0,1,91,146333,2250,0,55,0,0,0,LEADER,1,0,0,0,0,54
148543,37,adaptive-prasle,2210,1,0,0,54,0,756,0,1,37,146333,2210,0,55,0,0,0,LEADER,1,0,0,0,0,54
148086,38,adaptive-prasle,1755,1,0,0,54,0,756,0,1,38,146331,1755,0,55,0,0,0,LEADER,1,0,0,0,0,54
148752,98,adaptive-prasle,2419,1,0,0,54,0,756,0,1,98,146333,2419,0,55,0,0,0,LEADER,1,0,0,0,0,54
148612,27,adaptive-prasle,2280,1,0,0,54,0,756,0,1,27,146332,2280,0,55,0,0,0,LEADER,1,0,0,0,0,54
148461,62,adaptive-prasle,2128,1,0,0,54,0,756,0,1,62,146333,2128,0,55,0,0,0,LEADER,1,0,0,0,0,54
148270,56,adaptive-prasle,1937,1,0,0,54,0,756,0,1,56,146333,1937,0,55,0,0,0,LEADER,1,0,0,0,0,54
148657,99,adaptive-prasle,2328,1,0,0,54,0,756,0,1,99,146329,2328,0,55,0,0,0,LEADER,1,0,0,0,0,54
148537,48,adaptive-prasle,2202,1,0,0,54,0,756,0,1,48,146335,2202,0,55,0,0,0,LEADER,1,0,0,0,0,54
148052,71,adaptive-prasle,1719,1,0,0,54,0,756,0,1,71,146333,1719,0,55,0,0,0,LEADER,1,0,0,0,0,54
148277,87,adaptive-prasle,1944,1,0,0,54,0,756,0,1,87,146333,1944,0,55,0,0,0,LEADER,1,0,0,0,0,54
148203,36,adaptive-prasle,1870,1,0,0,54,0,756,0,1,36,146333,1870,0,55,0,0,0,LEADER,1,0,0,0,0,54
148699,77,adaptive-prasle,1446,1,0,0,54,0,756,0,1,77,147253,1446,0,55,0,0,0,LEADER,1,0,0,0,0,54
148892,83,adaptive-prasle,1637,1,0,0,54,0,756,0,1,83,147255,1637,0,55,0,0,0,LEADER,1,0,0,0,0,54
148392,85,adaptive-prasle,2059,1,0,0,54,0,756,0,1,85,146333,2059,0,55,0,0,0,LEADER,1,0,0,0,0,54
148920,19,adaptive-prasle,1667,1,0,0,54,0,756,0,1,19,147253,1667,0,55,0,0,0,LEADER,1,0,0,0,0,54
149075,65,adaptive-prasle,1822,1,0,0,54,0,756,0,1,65,147253,1822,0,55,0,0,0,LEADER,1,0,0,0,0,54
148681,35,adaptive-prasle,1428,1,0,0,54,0,756,0,1,35,147253,1428,0,55,0,0,0,LEADER,1,0,0,0,0,54
148696,86,adaptive-prasle,1443,1,0,0,54,0,756,0,1,86,147253,1443,0,55,0,0,0,LEADER,1,0,0,0,0,54
148739,50,adaptive-prasle,2406,1,0,0,54,0,756,0,1,50,146333,2406,0,55,0,0,0,LEADER,1,0,0,0,0,54
148754,55,adaptive-prasle,1501,1,0,0,54,0,756,0,1,55,147253,1501,0,55,0,0,0,LEADER,1,0,0,0,0,54
148793,63,adaptive-prasle,1540,1,0,0,54,0,756,0,1,63,147253,1540,0,55,0,0,0,LEADER,1,0,0,0,0,54
149157,46,adaptive-prasle,1904,1,0,0,54,0,756,0,1,46,147253,1904,0,55,0,0,0,LEADER,1,0,0,0,0,54
148952,53,adaptive-prasle,1701,1,0,0,54,0,756,0,1,53,147251,1701,0,55,0,0,0,LEADER,1,0,0,0,0,54
148307,23,adaptive-prasle,1974,1,0,0,54,0,756,0,1,23,146333,1974,0,55,0,0,0,LEADER,1,0,0,0,0,54
149175,88,adaptive-prasle,1922,1,0,0,54,0,756,0,1,88,147253,1922,0,55,0,0,0,LEADER,1,0,0,0,0,54
148702,34,adaptive-prasle,1449,1,0,0,54,0,756,0,1,34,147253,1449,0,55,0,0,0,LEADER,1,0,0,0,0,54
148310,97,adaptive-prasle,1977,1,0,0,54,0,756,0,1,97,146333,1977,0,55,0,0,0,LEADER,1,0,0,0,0,54
148430,20,adaptive-prasle,2095,1,0,0,54,0,756,0,1,20,146335,2095,0,55,0,0,0,LEADER,1,0,0,0,0,54
148510,40,adaptive-prasle,2177,1,0,0,54,0,756,0,1,40,146333,2177,0,55,0,0,0,LEADER,1,0,0,0,0,54
148435,47,adaptive-prasle,2100,1,0,0,54,0,756,0,1,47,146335,2100,0,55,0,0,0,LEADER,1,0,0,0,0,54
149345,95,adaptive-prasle,2092,1,0,0,54,0,756,0,1,95,147253,2092,0,55,0,0,0,LEADER,1,0,0,0,0,54
148728,25,adaptive-prasle,2395,1,0,0,54,0,756,0,1,25,146333,2395,0,55,0,0,0,LEADER,1,0,0,0,0,54
149333,84,adaptive-prasle,2080,1,0,0,54,0,756,0,1,84,147253,2080,0,55,0,0,0,LEADER,1,0,0,0,0,54
148610,70,adaptive-prasle,2277,1,0,0,54,0,756,0,1,70,146333,2277,0,55,0,0,0,LEADER,1,0,0,0,0,54
148528,82,adaptive-prasle,2195,1,0,0,54,0,756,0,1,82,146333,2195,0,55,0,0,0,LEADER,1,0,0,0,0,54
148746,67,adaptive-prasle,2413,1,0,0,54,0,756,0,1,67,146333,2413,0,55,0,0,0,LEADER,1,0,0,0,0,54
148698,89,adaptive-prasle,2365,1,0,0,54,0,756,0,1,89,146333,2365,0,55,0,0,0,LEADER,1,0,0,0,0,54
149366,28,adaptive-prasle,2113,1,0,0,54,0,756,0,1,28,147253,2113,0,55,0,0,0,LEADER,1,0,0,0,0,54
149108,68,adaptive-prasle,1855,1,0,0,54,0,756,0,1,68,147253,1855,0,55,0,0,0,LEADER,1,0,0,0,0,54
149060,90,adaptive-prasle,1807,1,0,0,54,0,756,0,1,90,147253,1807,0,55,0,0,0,LEADER,1,0,0,0,0,54
148721,76,adaptive-prasle,1468,1,0,0,54,0,756,0,1,76,147253,1468,0,55,0,0,0,LEADER,1,0,0,0,0,54
149042,10,adaptive-prasle,1789,1,0,0,54,0,756,0,1,10,147253,1789,0,55,0,0,0,LEADER,1,0,0,0,0,54
149474,58,adaptive-prasle,2221,1,0,0,54,0,756,0,1,58,147253,2221,0,55,0,0,0,LEADER,1,0,0,0,0,54
148857,73,adaptive-prasle,1604,1,0,0,54,0,756,0,1,73,147253,1604,0,55,0,0,0,LEADER,1,0,0,0,0,54
148598,59,adaptive-prasle,2265,1,0,0,54,0,756,0,1,59,146333,2265,0,55,0,0,0,LEADER,1,0,0,0,0,54
148872,41,adaptive-prasle,1619,1,0,0,54,0,756,0,1,41,147253,1619,0,55,0,0,0,LEADER,1,0,0,0,0,54
148787,96,adaptive-prasle,1534,1,0,0,54,0,756,0,1,96,147253,1534,0,55,0,0,0,LEADER,1,0,0,0,0,54
149088,74,adaptive-prasle,1837,1,0,0,54,0,756,0,1,74,147251,1837,0,55,0,0,0,LEADER,1,0,0,0,0,54
149020,49,adaptive-prasle,1767,1,0,0,54,0,756,0,1,49,147253,1767,0,55,0,0,0,LEADER,1,0,0,0,0,54
149481,92,adaptive-prasle,2228,1,0,0,54,0,756,0,1,92,147253,2228,0,55,0,0,0,LEADER,1,0,0,0,0,54
148689,66,adaptive-prasle,1434,1,0,0,54,0,756,0,1,66,147255,1434,0,55,0,0,0,LEADER,1,0,0,0,0,54
148713,57,adaptive-prasle,2380,1,0,0,54,0,756,0,1,57,146333,2380,0,55,0,0,0,LEADER,1,0,0,0,0,54
149513,78,adaptive-prasle,2260,1,0,0,54,0,756,0,1,78,147253,2260,0,55,0,0,0,LEADER,1,0,0,0,0,54
148679,39,adaptive-prasle,2346,1,0,0,54,0,756,0,1,39,146333,2346,0,55,0,0,0,LEADER,1,0,0,0,0,54
149396,30,adaptive-prasle,2143,1,0,0,54,0,756,0,1,30,147253,2143,0,55,0,0,0,LEADER,1,0,0,0,0,54
148802,64,adaptive-prasle,1549,1,0,0,54,0,756,0,1,64,147253,1549,0,55,0,0,0,LEADER,1,0,0,0,0,54
149027,80,adaptive-prasle,1774,1,0,0,54,0,756,0,1,80,147253,1774,0,55,0,0,0,LEADER,1,0,0,0,0,54
148766,54,adaptive-prasle,1516,1,0,0,54,0,756,0,1,54,147250,1516,0,55,0,0,0,LEADER,1,0,0,0,0,54
149293,43,adaptive-prasle,2040,1,0,0,54,0,756,0,1,43,147253,2040,0,55,0,0,0,LEADER,1,0,0,0,0,54
149213,26,adaptive-prasle,1960,1,0,0,54,0,756,0,1,26,147253,1960,0,55,0,0,0,LEADER,1,0,0,0,0,54
148842,42,adaptive-prasle,1591,1,0,0,54,0,756,0,1,42,147251,1591,0,55,0,0,0,LEADER,1,0,0,0,0,54
148851,31,adaptive-prasle,1598,1,0,0,54,0,756,0,1,31,147253,1598,0,55,0,0,0,LEADER,1,0,0,0,0,54
149608,94,adaptive-prasle,2355,1,0,0,54,0,756,0,1,94,147253,2355,0,55,0,0,0,LEADER,1,0,0,0,0,54
149178,45,adaptive-prasle,1925,1,0,0,54,0,756,0,1,45,147253,1925,0,55,0,0,0,LEADER,1,0,0,0,0,54
149551,60,adaptive-prasle,2298,1,0,0,54,0,756,0,1,60,147253,2298,0,55,0,0,0,LEADER,1,0,0,0,0,54
149656,44,adaptive-prasle,1483,1,0,0,54,0,756,0,1,44,148173,1483,0,55,0,0,0,LEADER,1,0,0,0,0,54
149260,33,adaptive-prasle,2007,1,0,0,54,0,756,0,1,33,147253,2007,0,55,0,0,0,LEADER,1,0,0,0,0,54
148905,51,adaptive-prasle,1652,1,0,0,54,0,756,0,1,51,147253,1652,0,55,0,0,0,LEADER,1,0,0,0,0,54
149704,22,adaptive-prasle,1531,1,0,0,54,0,756,0,1,22,148173,1531,0,55,0,0,0,LEADER,1,0,0,0,0,54
149415,72,adaptive-prasle,2162,1,0,0,54,0,756,0,1,72,147253,2162,0,55,0,0,0,LEADER,1,0,0,0,0,54
149205,24,adaptive-prasle,1952,1,0,0,54,0,756,0,1,24,147253,1952,0,55,0,0,0,LEADER,1,0,0,0,0,54
149736,32,adaptive-prasle,1564,1,0,0,54,0,756,0,1,32,148172,1564,0,55,0,0,0,LEADER,1,0,0,0,0,54
148924,93,adaptive-prasle,1671,1,0,0,54,0,756,0,1,93,147253,1671,0,55,0,0,0,LEADER,1,0,0,0,0,54
149583,79,adaptive-prasle,2331,1,0,0,54,0,756,0,1,79,147252,2331,0,55,0,0,0,LEADER,1,0,0,0,0,54
149598,69,adaptive-prasle,2343,1,0,0,54,0,756,0,1,69,147255,2343,0,55,0,0,0,LEADER,1,0,0,0,0,54
149278,75,adaptive-prasle,2025,1,0,0,54,0,756,0,1,75,147253,2025,0,55,0,0,0,LEADER,1,0,0,0,0,54
149005,81,adaptive-prasle,1752,1,0,0,54,0,756,0,1,81,147253,1752,0,55,0,0,0,LEADER,1,0,0,0,0,54
148863,52,adaptive-prasle,1610,1,0,0,54,0,756,0,1,52,147253,1610,0,55,0,0,0,LEADER,1,0,0,0,0,54
149342,21,adaptive-prasle,2088,1,0,0,54,0,756,0,1,21,147254,2088,0,55,0,0,0,LEADER,1,0,0,0,0,54
149518,29,adaptive-prasle,2265,1,0,0,54,0,756,0,1,29,147253,2265,0,55,0,0,0,LEADER,1,0,0,0,0,54
149094,100,adaptive-prasle,1841,1,0,0,54,0,756,0,1,100,147253,1841,0,55,0,0,0,LEADER,1,0,0,0,0,54
148939,61,adaptive-prasle,1686,1,0,0,54,0,756,0,1,61,147253,1686,0,55,0,0,0,LEADER,1,0,0,0,0,54
149503,91,adaptive-prasle,2250,1,0,0,54,0,756,0,1,91,147253,2250,0,55,0,0,0,LEADER,1,0,0,0,0,54
149463,37,adaptive-prasle,2210,1,0,0,54,0,756,0,1,37,147253,2210,0,55,0,0,0,LEADER,1,0,0,0,0,54
149006,38,adaptive-prasle,1755,1,0,0,54,0,756,0,1,38,147251,1755,0,55,0,0,0,LEADER,1,0,0,0,0,54
149672,98,adaptive-prasle,2419,1,0,0,54,0,756,0,1,98,147253,2419,0,55,0,0,0,LEADER,1,0,0,0,0,54
149532,27,adaptive-prasle,2280,1,0,0,54,0,756,0,1,27,147252,2280,0,55,0,0,0,LEADER,1,0,0,0,0,54
149381,62,adaptive-prasle,2128,1,0,0,54,0,756,0,1,62,147253,2128,0,55,0,0,0,LEADER,1,0,0,0,0,54
149190,56,adaptive-prasle,1937,1,0,0,54,0,756,0,1,56,147253,1937,0,55,0,0,0,LEADER,1,0,0,0,0,54
149577,99,adaptive-prasle,2328,1,0,0,54,0,756,0,1,99,147249,2328,0,55,0,0,0,LEADER,1,0,0,0,0,54
149457,48,adaptive-prasle,2202,1,0,0,54,0,756,0,1,48,147255,2202,0,55,0,0,0,LEADER,1,0,0,0,0,54
148972,71,adaptive-prasle,1719,1,0,0,54,0,756,0,1,71,147253,1719,0,55,0,0,0,LEADER,1,0,0,0,0,54
149197,87,adaptive-prasle,1944,1,0,0,54,0,756,0,1,87,147253,1944,0,55,0,0,0,LEADER,1,0,0,0,0,54
149123,36,adaptive-prasle,1870,1,0,0,54,0,756,0,1,36,147253,1870,0,55,0,0,0,LEADER,1,0,0,0,0,54
149619,77,adaptive-prasle,1446,1,0,0,54,0,756,0,1,77,148173,1446,0,55,0,0,0,LEADER,1,0,0,0,0,54
149812,83,adaptive-prasle,1637,1,0,0,54,0,756,0,1,83,148175,1637,0,55,0,0,0,LEADER,1,0,0,0,0,54
149312,85,adaptive-prasle,2059,1,0,0,54,0,756,0,1,85,147253,2059,0,55,0,0,0,LEADER,1,0,0,0,0,54
149840,19,adaptive-prasle,1667,1,0,0,54,0,756,0,1,19,148173,1667,0,55,0,0,0,LEADER,1,0,0,0,0,54
149995,65,adaptive-prasle,1822,1,0,0,54,0,756,0,1,65,148173,1822,0,55,0,0,0,LEADER,1,0,0,0,0,54
149601,35,adaptive-prasle,1428,1,0,0,54,0,756,0,1,35,148173,1428,0,55,0,0,0,LEADER,1,0,0,0,0,54
149616,86,adaptive-prasle,1443,1,0,0,54,0,756,0,1,86,148173,1443,0,55,0,0,0,LEADER,1,0,0,0,0,54
149659,50,adaptive-prasle,2406,1,0,0,54,0,756,0,1,50,147253,2406,0,55,0,0,0,LEADER,1,0,0,0,0,54
149674,55,adaptive-prasle,1501,1,0,0,54,0,756,0,1,55,148173,1501,0,55,0,0,0,LEADER,1,0,0,0,0,54
149713,63,adaptive-prasle,1540,1,0,0,54,0,756,0,1,63,148173,1540,0,55,0,0,0,LEADER,1,0,0,0,0,54
150077,46,adaptive-prasle,1904,1,0,0,54,0,756,0,1,46,148173,1904,0,55,0,0,0,LEADER,1,0,0,0,0,54
149872,53,adaptive-prasle,1701,1,0,0,54,0,756,0,1,53,148171,1701,0,55,0,0,0,LEADER,1,0,0,0,0,54
149227,23,adaptive-prasle,1974,1,0,0,54,0,756,0,1,23,147253,1974,0,55,0,0,0,LEADER,1,0,0,0,0,54
150095,88,adaptive-prasle,1922,1,0,0,54,0,756,0,1,88,148173,1922,0,55,0,0,0,LEADER,1,0,0,0,0,54
149622,34,adaptive-prasle,1449,1,0,0,54,0,756,0,1,34,148173,1449,0,55,0,0,0,LEADER,1,0,0,0,0,54
149230,97,adaptive-prasle,1977,1,0,0,54,0,756,0,1,97,147253,1977,0,55,0,0,0,LEADER,1,0,0,0,0,54
149350,20,adaptive-prasle,2095,1,0,0,54,0,756,0,1,20,147255,2095,0,55,0,0,0,LEADER,1,0,0,0,0,54
149430,40,adaptive-prasle,2177,1,0,0,54,0,756,0,1,40,147253,2177,0,55,0,0,0,LEADER,1,0,0,0,0,54
149355,47,adaptive-prasle,2100,1,0,0,54,0,756,0,1,47,147255,2100,0,55,0,0,0,LEADER,1,0,0,0,0,54
150265,95,adaptive-prasle,2092,1,0,0,54,0,756,0,1,95,148173,2092,0,55,0,0,0,LEADER,1,0,0,0,0,54
149648,25,adaptive-prasle,2395,1,0,0,54,0,756,0,1,25,147253,2395,0,55,0,0,0,LEADER,1,0,0,0,0,54
150253,84,adaptive-prasle,2080,1,0,0,54,0,756,0,1,84,148173,2080,0,55,0,0,0,LEADER,1,0,0,0,0,54
149530,70,adaptive-prasle,2277,1,0,0,54,0,756,0,1,70,147253,2277,0,55,0,0,0,LEADER,1,0,0,0,0,54
149448,82,adaptive-prasle,2195,1,0,0,54,0,756,0,1,82,147253,2195,0,55,0,0,0,LEADER,1,0,0,0,0,54
149666,67,adaptive-prasle,2413,1,0,0,54,0,756,0,1,67,147253,2413,0,55,0,0,0,LEADER,1,0,0,0,0,54
149618,89,adaptive-prasle,2365,1,0,0,54,0,756,0,1,89,147253,2365,0,55,0,0,0,LEADER,1,0,0,0,0,54
150286,28,adaptive-prasle,2113,1,0,0,54,0,756,0,1,28,148173,2113,0,55,0,0,0,LEADER,1,0,0,0,0,54
150028,68,adaptive-prasle,1855,1,0,0,54,0,756,0,1,68,148173,1855,0,55,0,0,0,LEADER,1,0,0,0,0,54
149980,90,adaptive-prasle,1807,1,0,0,54,0,756,0,1,90,148173,1807,0,55,0,0,0,LEADER,1,0,0,0,0,54
149641,76,adaptive-prasle,1468,1,0,0,54,0,756,0,1,76,148173,1468,0,55,0,0,0,LEADER,1,0,0,0,0,54
150394,58,adaptive-prasle,2221,1,0,0,54,0,756,0,1,58,148173,2221,0,55,0,0,0,LEADER,1,0,0,0,0,54
149962,10,adaptive-prasle,1789,1,0,0,54,0,756,0,1,10,148173,1789,0,55,0,0,0,LEADER,1,0,0,0,0,54
149777,73,adaptive-prasle,1604,1,0,0,54,0,756,0,1,73,148173,1604,0,55,0,0,0,LEADER,1,0,0,0,0,54
149518,59,adaptive-prasle,2265,1,0,0,54,0,756,0,1,59,147253,2265,0,55,0,0,0,LEADER,1,0,0,0,0,54
149792,41,adaptive-prasle,1619,1,0,0,54,0,756,0,1,41,148173,1619,0,55,0,0,0,LEADER,1,0,0,0,0,54
149707,96,adaptive-prasle,1534,1,0,0,54,0,756,0,1,96,148173,1534,0,55,0,0,0,LEADER,1,0,0,0,0,54
150008,74,adaptive-prasle,1837,1,0,0,54,0,756,0,1,74,148171,1837,0,55,0,0,0,LEADER,1,0,0,0,0,54
149940,49,adaptive-prasle,1767,1,0,0,54,0,756,0,1,49,148173,1767,0,55,0,0,0,LEADER,1,0,0,0,0,54
150401,92,adaptive-prasle,2228,1,0,0,54,0,756,0,1,92,148173,2228,0,55,0,0,0,LEADER,1,0,0,0,0,54
149609,66,adaptive-prasle,1434,1,0,0,54,0,756,0,1,66,148175,1434,0,55,0,0,0,LEADER,1,0,0,0,0,54
149633,57,adaptive-prasle,2380,1,0,0,54,0,756,0,1,57,147253,2380,0,55,0,0,0,LEADER,1,0,0,0,0,54
150433,78,adaptive-prasle,2260,1,0,0,54,0,756,0,1,78,148173,2260,0,55,0,0,0,LEADER,1,0,0,0,0,54
149599,39,adaptive-prasle,2346,1,0,0,54,0,756,0,1,39,147253,2346,0,55,0,0,0,LEADER,1,0,0,0,0,54
150316,30,adaptive-prasle,2143,1,0,0,54,0,756,0,1,30,148173,2143,0,55,0,0,0,LEADER,1,0,0,0,0,54
149722,64,adaptive-prasle,1549,1,0,0,54,0,756,0,1,64,148173,1549,0,55,0,0,0,LEADER,1,0,0,0,0,54
149947,80,adaptive-prasle,1774,1,0,0,54,0,756,0,1,80,148173,1774,0,55,0,0,0,LEADER,1,0,0,0,0,54
149686,54,adaptive-prasle,1516,1,0,0,54,0,756,0,1,54,148170,1516,0,55,0,0,0,LEADER,1,0,0,0,0,54
150213,43,adaptive-prasle,2040,1,0,0,54,0,756,0,1,43,148173,2040,0,55,0,0,0,LEADER,1,0,0,0,0,54
150133,26,adaptive-prasle,1960,1,0,0,54,0,756,0,1,26,148173,1960,0,55,0,0,0,LEADER,1,0,0,0,0,54
149762,42,adaptive-prasle,1591,1,0,0,54,0,756,0,1,42,148171,1591,0,55,0,0,0,LEADER,1,0,0,0,0,54
149771,31,adaptive-prasle,1598,1,0,0,54,0,756,0,1,31,148173,1598,0,55,0,0,0,LEADER,1,0,0,0,0,54
150528,94,adaptive-prasle,2355,1,0,0,54,0,756,0,1,94,148173,2355,0,55,0,0,0,LEADER,1,0,0,0,0,54
150098,45,adaptive-prasle,1925,1,0,0,54,0,756,0,1,45,148173,1925,0,55,0,0,0,LEADER,1,0,0,0,0,54
150471,60,adaptive-prasle,2298,1,0,0,54,0,756,0,1,60,148173,2298,0,55,0,0,0,LEADER,1,0,0,0,0,54
150577,44,adaptive-prasle,1483,1,0,0,55,0,770,0,1,44,149094,1483,0,56,0,0,0,LEADER,1,0,0,0,0,55
150180,33,adaptive-prasle,2007,1,0,0,54,0,756,0,1,33,148173,2007,0,55,0,0,0,LEADER,1,0,0,0,0,54
149825,51,adaptive-prasle,1652,1,0,0,54,0,756,0,1,51,148173,1652,0,55,0,0,0,LEADER,1,0,0,0,0,54
150335,72,adaptive-prasle,2162,1,0,0,54,0,756,0,1,72,148173,2162,0,55,0,0,0,LEADER,1,0,0,0,0,54
150625,22,adaptive-prasle,1531,1,0,0,55,0,770,0,1,22,149094,1531,0,56,0,0,0,LEADER,1,0,0,0,0,55
150125,24,adaptive-prasle,1952,1,0,0,54,0,756,0,1,24,148173,1952,0,55,0,0,0,LEADER,1,0,0,0,0,54
150657,32,adaptive-prasle,1564,1,0,0,55,0,770,0,1,32,149093,1564,0,56,0,0,0,LEADER,1,0,0,0,0,55
149844,93,adaptive-prasle,1671,1,0,0,54,0,756,0,1,93,148173,1671,0,55,0,0,0,LEADER,1,0,0,0,0,54
150503,79,adaptive-prasle,2331,1,0,0,54,0,756,0,1,79,148172,2331,0,55,0,0,0,LEADER,1,0,0,0,0,54
150518,69,adaptive-prasle,2343,1,0,0,54,0,756,0,1,69,148175,2343,0,55,0,0,0,LEADER,1,0,0,0,0,54
150198,75,adaptive-prasle,2025,1,0,0,54,0,756,0,1,75,148173,2025,0,55,0,0,0,LEADER,1,0,0,0,0,54
149925,81,adaptive-prasle,1752,1,0,0,54,0,756,0,1,81,148173,1752,0,55,0,0,0,LEADER,1,0,0,0,0,54
149783,52,adaptive-prasle,1610,1,0,0,54,0,756,0,1,52,148173,1610,0,55,0,0,0,LEADER,1,0,0,0,0,54
150262,21,adaptive-prasle,2088,1,0,0,54,0,756,0,1,21,148174,2088,0,55,0,0,0,LEADER,1,0,0,0,0,54
150438,29,adaptive-prasle,2265,1,0,0,54,0,756,0,1,29,148173,2265,0,55,0,0,0,LEADER,1,0,0,0,0,54
150014,100,adaptive-prasle,1841,1,0,0,54,0,756,0,1,100,148173,1841,0,55,0,0,0,LEADER,1,0,0,0,0,54
149859,61,adaptive-prasle,1686,1,0,0,54,0,756,0,1,61,148173,1686,0,55,0,0,0,LEADER,1,0,0,0,0,54
150423,91,adaptive-prasle,2250,1,0,0,54,0,756,0,1,91,148173,2250,0,55,0,0,0,LEADER,1,0,0,0,0,54
150383,37,adaptive-prasle,2210,1,0,0,54,0,756,0,1,37,148173,2210,0,55,0,0,0,LEADER,1,0,0,0,0,54
149926,38,adaptive-prasle,1755,1,0,0,54,0,756,0,1,38,148171,1755,0,55,0,0,0,LEADER,1,0,0,0,0,54
150592,98,adaptive-prasle,2419,1,0,0,54,0,756,0,1,98,148173,2419,0,55,0,0,0,LEADER,1,0,0,0,0,54
150452,27,adaptive-prasle,2280,1,0,0,54,0,756,0,1,27,148172,2280,0,55,0,0,0,LEADER,1,0,0,0,0,54
150301,62,adaptive-prasle,2128,1,0,0,54,0,756,0,1,62,148173,2128,0,55,0,0,0,LEADER,1,0,0,0,0,54
150110,56,adaptive-prasle,1937,1,0,0,54,0,756,0,1,56,148173,1937,0,55,0,0,0,LEADER,1,0,0,0,0,54
150497,99,adaptive-prasle,2328,1,0,0,54,0,756,0,1,99,148169,2328,0,55,0,0,0,LEADER,1,0,0,0,0,54
150377,48,adaptive-prasle,2202,1,0,0,54,0,756,0,1,48,148175,2202,0,55,0,0,0,LEADER,1,0,0,0,0,54
149892,71,adaptive-prasle,1719,1,0,0,54,0,756,0,1,71,148173,1719,0,55,0,0,0,LEADER,1,0,0,0,0,54
150117,87,adaptive-prasle,1944,1,0,0,54,0,756,0,1,87,148173,1944,0,55,0,0,0,LEADER,1,0,0,0,0,54
150043,36,adaptive-prasle,1870,1,0,0,54,0,756,0,1,36,148173,1870,0,55,0,0,0,LEADER,1,0,0,0,0,54
150540,77,adaptive-prasle,1446,1,0,0,55,0,770,0,1,77,149094,1446,0,56,0,0,0,LEADER,1,0,0,0,0,55
150733,83,adaptive-prasle,1637,1,0,0,55,0,770,0,1,83,149096,1637,0,56,0,0,0,LEADER,1,0,0,0,0,55
150232,85,adaptive-prasle,2059,1,0,0,54,0,756,0,1,85,148173,2059,0,55,0,0,0,LEADER,1,0,0,0,0,54
150761,19,adaptive-prasle,1667,1,0,0,55,0,770,0,1,19,149094,1667,0,56,0,0,0,LEADER,1,0,0,0,0,55
150916,65,adaptive-prasle,1822,1,0,0,55,0,770,0,1,65,149094,1822,0,56,0,0,0,LEADER,1,0,0,0,0,55
150522,35,adaptive-prasle,1428,1,0,0,55,0,770,0,1,35,149094,1428,0,56,0,0,0,LEADER,1,0,0,0,0,55
150537,86,adaptive-prasle,1443,1,0,0,55,0,770,0,1,86,149094,1443,0,56,0,0,0,LEADER,1,0,0,0,0,55
150579,50,adaptive-prasle,2406,1,0,0,54,0,756,0,1,50,148173,2406,0,55,0,0,0,LEADER,1,0,0,0,0,54
150595,55,adaptive-prasle,1501,1,0,0,55,0,770,0,1,55,149094,1501,0,56,0,0,0,LEADER,1,0,0,0,0,55
150634,63,adaptive-prasle,1540,1,0,0,55,0,770,0,1,63,149094,1540,0,56,0,0,0,LEADER,1,0,0,0,0,55
150998,46,adaptive-prasle,1904,1,0,0,55,0,770,0,1,46,149094,1904,0,56,0,0,0,LEADER,1,0,0,0,0,55
150793,53,adaptive-prasle,1701,1,0,0,55,0,770,0,1,53,149092,1701,0,56,0,0,0,LEADER,1,0,0,0,0,55
150147,23,adaptive-prasle,1974,1,0,0,54,0,756,0,1,23,148173,1974,0,55,0,0,0,LEADER,1,0,0,0,0,54
151016,88,adaptive-prasle,1922,1,0,0,55,0,770,0,1,88,149094,1922,0,56,0,0,0,LEADER,1,0,0,0,0,55
150543,34,adaptive-prasle,1449,1,0,0,55,0,770,0,1,34,149094,1449,0,56,0,0,0,LEADER,1,0,0,0,0,55
150150,97,adaptive-prasle,1977,1,0,0,54,0,756,0,1,97,148173,1977,0,55,0,0,0,LEADER,1,0,0,0,0,54
150270,20,adaptive-prasle,2095,1,0,0,54,0,756,0,1,20,148175,2095,0,55,0,0,0,LEADER,1,0,0,0,0,54
150350,40,adaptive-prasle,2177,1,0,0,54,0,756,0,1,40,148173,2177,0,55,0,0,0,LEADER,1,0,0,0,0,54
150275,47,adaptive-prasle,2100,1,0,0,54,0,756,0,1,47,148175,2100,0,55,0,0,0,LEADER,1,0,0,0,0,54
151186,95,adaptive-prasle,2092,1,0,0,55,0,770,0,1,95,149094,2092,0,56,0,0,0,LEADER,1,0,0,0,0,55
150568,25,adaptive-prasle,2395,1,0,0,54,0,756,0,1,25,148173,2395,0,55,0,0,0,LEADER,1,0,0,0,0,54
151174,84,adaptive-prasle,2080,1,0,0,55,0,770,0,1,84,149094,2080,0,56,0,0,0,LEADER,1,0,0,0,0,55
150450,70,adaptive-prasle,2277,1,0,0,54,0,756,0,1,70,148173,2277,0,55,0,0,0,LEADER,1,0,0,0,0,54
150368,82,adaptive-prasle,2195,1,0,0,54,0,756,0,1,82,148173,2195,0,55,0,0,0,LEADER,1,0,0,0,0,54
150586,67,adaptive-prasle,2413,1,0,0,54,0,756,0,1,67,148173,2413,0,55,0,0,0,LEADER,1,0,0,0,0,54
150538,89,adaptive-prasle,2365,1,0,0,54,0,756,0,1,89,148173,2365,0,55,0,0,0,LEADER,1,0,0,0,0,54
151207,28,adaptive-prasle,2113,1,0,0,55,0,770,0,1,28,149094,2113,0,56,0,0,0,LEADER,1,0,0,0,0,55
150949,68,adaptive-prasle,1855,1,0,0,55,0,770,0,1,68,149094,1855,0,56,0,0,0,LEADER,1,0,0,0,0,55
150901,90,adaptive-prasle,1807,1,0,0,55,0,770,0,1,90,149094,1807,0,56,0,0,0,LEADER,1,0,0,0,0,55
150562,76,adaptive-prasle,1468,1,0,0,55,0,770,0,1,76,149094,1468,0,56,0,0,0,LEADER,1,0,0,0,0,55
150883,10,adaptive-prasle,1789,1,0,0,55,0,770,0,1,10,149094,1789,0,56,0,0,0,LEADER,1,0,0,0,0,55
151315,58,adaptive-prasle,2221,1,0,0,55,0,770,0,1,58,149094,2221,0,56,0,0,0,LEADER,1,0,0,0,0,55
150698,73,adaptive-prasle,1604,1,0,0,55,0,770,0,1,73,149094,1604,0,56,0,0,0,LEADER,1,0,0,0,0,55
150438,59,adaptive-prasle,2265,1,0,0,54,0,756,0,1,59,148173,2265,0,55,0,0,0,LEADER,1,0,0,0,0,54
150713,41,adaptive-prasle,1619,1,0,0,55,0,770,0,1,41,149094,1619,0,56,0,0,0,LEADER,1,0,0,0,0,55
150628,96,adaptive-prasle,1534,1,0,0,55,0,770,0,1,96,149094,1534,0,56,0,0,0,LEADER,1,0,0,0,0,55
150929,74,adaptive-prasle,1837,1,0,0,55,0,770,0,1,74,149092,1837,0,56,0,0,0,LEADER,1,0,0,0,0,55
150861,49,adaptive-prasle,1767,1,0,0,55,0,770,0,1,49,149094,1767,0,56,0,0,0,LEADER,1,0,0,0,0,55
151322,92,adaptive-prasle,2228,1,0,0,55,0,770,0,1,92,149094,2228,0,56,0,0,0,LEADER,1,0,0,0,0,55
150530,66,adaptive-prasle,1434,1,0,0,55,0,770,0,1,66,149096,1434,0,56,0,0,0,LEADER,1,0,0,0,0,55
150553,57,adaptive-prasle,2380,1,0,0,54,0,756,0,1,57,148173,2380,0,55,0,0,0,LEADER,1,0,0,0,0,54
151354,78,adaptive-prasle,2260,1,0,0,55,0,770,0,1,78,149094,2260,0,56,0,0,0,LEADER,1,0,0,0,0,55
150519,39,adaptive-prasle,2346,1,0,0,54,0,756,0,1,39,148173,2346,0,55,0,0,0,LEADER,1,0,0,0,0,54
151237,30,adaptive-prasle,2143,1,0,0,55,0,770,0,1,30,149094,2143,0,56,0,0,0,LEADER,1,0,0,0,0,55
150643,64,adaptive-prasle,1549,1,0,0,55,0,770,0,1,64,149094,1549,0,56,0,0,0,LEADER,1,0,0,0,0,55
150868,80,adaptive-prasle,1774,1,0,0,55,0,770,0,1,80,149094,1774,0,56,0,0,0,LEADER,1,0,0,0,0,55
150607,54,adaptive-prasle,1516,1,0,0,55,0,770,0,1,54,149091,1516,0,56,0,0,0,LEADER,1,0,0,0,0,55
151134,43,adaptive-prasle,2040,1,0,0,55,0,770,0,1,43,149094,2040,0,56,0,0,0,LEADER,1,0,0,0,0,55
151054,26,adaptive-prasle,1960,1,0,0,55,0,770,0,1,26,149094,1960,0,56,0,0,0,LEADER,1,0,0,0,0,55
150683,42,adaptive-prasle,1591,1,0,0,55,0,770,0,1,42,149092,1591,0,56,0,0,0,LEADER,1,0,0,0,0,55
150692,31,adaptive-prasle,1598,1,0,0,55,0,770,0,1,31,149094,1598,0,56,0,0,0,LEADER,1,0,0,0,0,55
151449,94,adaptive-prasle,2355,1,0,0,55,0,770,0,1,94,149094,2355,0,56,0,0,0,LEADER,1,0,0,0,0,55
151019,45,adaptive-prasle,1925,1,0,0,55,0,770,0,1,45,149094,1925,0,56,0,0,0,LEADER,1,0,0,0,0,55
151392,60,adaptive-prasle,2298,1,0,0,55,0,770,0,1,60,149094,2298,0,56,0,0,0,LEADER,1,0,0,0,0,55
151497,44,adaptive-prasle,1483,1,0,0,55,0,770,0,1,44,150014,1483,0,56,0,0,0,LEADER,1,0,0,0,0,55
151101,33,adaptive-prasle,2007,1,0,0,55,0,770,0,1,33,149094,2007,0,56,0,0,0,LEADER,1,0,0,0,0,55
150746,51,adaptive-prasle,1652,1,0,0,55,0,770,0,1,51,149094,1652,0,56,0,0,0,LEADER,1,0,0,0,0,55
151545,22,adaptive-prasle,1531,1,0,0,55,0,770,0,1,22,150014,1531,0,56,0,0,0,LEADER,1,0,0,0,0,55
151256,72,adaptive-prasle,2162,1,0,0,55,0,770,0,1,72,149094,2162,0,56,0,0,0,LEADER,1,0,0,0,0,55
151046,24,adaptive-prasle,1952,1,0,0,55,0,770,0,1,24,149094,1952,0,56,0,0,0,LEADER,1,0,0,0,0,55
151577,32,adaptive-prasle,1564,1,0,0,55,0,770,0,1,32,150013,1564,0,56,0,0,0,LEADER,1,0,0,0,0,55
150765,93,adaptive-prasle,1671,1,0,0,55,0,770,0,1,93,149094,1671,0,56,0,0,0,LEADER,1,0,0,0,0,55
151439,69,adaptive-prasle,2343,1,0,0,55,0,770,0,1,69,149096,2343,0,56,0,0,0,LEADER,1,0,0,0,0,55
151424,79,adaptive-prasle,2331,1,0,0,55,0,770,0,1,79,149093,2331,0,56,0,0,0,LEADER,1,0,0,0,0,55
151119,75,adaptive-prasle,2025,1,0,0,55,0,770,0,1,75,149094,2025,0,56,0,0,0,LEADER,1,0,0,0,0,55
150846,81,adaptive-prasle,1752,1,0,0,55,0,770,0,1,81,149094,1752,0,56,0,0,0,LEADER,1,0,0,0,0,55
150704,52,adaptive-prasle,1610,1,0,0,55,0,770,0,1,52,149094,1610,0,56,0,0,0,LEADER,1,0,0,0,0,55
151183,21,adaptive-prasle,2088,1,0,0,55,0,770,0,1,21,149095,2088,0,56,0,0,0,LEADER,1,0,0,0,0,55
151359,29,adaptive-prasle,2265,1,0,0,55,0,770,0,1,29,149094,2265,0,56,0,0,0,LEADER,1,0,0,0,0,55
150935,100,adaptive-prasle,1841,1,0,0,55,0,770,0,1,100,149094,1841,0,56,0,0,0,LEADER,1,0,0,0,0,55
150780,61,adaptive-prasle,1686,1,0,0,55,0,770,0,1,61,149094,1686,0,56,0,0,0,LEADER,1,0,0,0,0,55
151344,91,adaptive-prasle,2250,1,0,0,55,0,770,0,1,91,149094,2250,0,56,0,0,0,LEADER,1,0,0,0,0,55
151304,37,adaptive-prasle,2210,1,0,0,55,0,770,0,1,37,149094,2210,0,56,0,0,0,LEADER,1,0,0,0,0,55
150847,38,adaptive-prasle,1755,1,0,0,55,0,770,0,1,38,149092,1755,0,56,0,0,0,LEADER,1,0,0,0,0,55
151513,98,adaptive-prasle,2419,1,0,0,55,0,770,0,1,98,149094,2419,0,56,0,0,0,LEADER,1,0,0,0,0,55
151373,27,adaptive-prasle,2280,1,0,0,55,0,770,0,1,27,149093,2280,0,56,0,0,0,LEADER,1,0,0,0,0,55
151222,62,adaptive-prasle,2128,1,0,0,55,0,770,0,1,62,149094,2128,0,56,0,0,0,LEADER,1,0,0,0,0,55
151031,56,adaptive-prasle,1937,1,0,0,55,0,770,0,1,56,149094,1937,0,56,0,0,0,LEADER,1,0,0,0,0,55
151418,99,adaptive-prasle,2328,1,0,0,55,0,770,0,1,99,149090,2328,0,56,0,0,0,LEADER,1,0,0,0,0,55
151298,48,adaptive-prasle,2202,1,0,0,55,0,770,0,1,48,149096,2202,0,56,0,0,0,LEADER,1,0,0,0,0,55
150813,71,adaptive-prasle,1719,1,0,0,55,0,770,0,1,71,149094,1719,0,56,0,0,0,LEADER,1,0,0,0,0,55
151038,87,adaptive-prasle,1944,1,0,0,55,0,770,0,1,87,149094,1944,0,56,0,0,0,LEADER,1,0,0,0,0,55
150964,36,adaptive-prasle,1870,1,0,0,55,0,770,0,1,36,149094,1870,0,56,0,0,0,LEADER,1,0,0,0,0,55
151460,77,adaptive-prasle,1446,1,0,0,55,0,770,0,1,77,150014,1446,0,56,0,0,0,LEADER,1,0,0,0,0,55
151653,83,adaptive-prasle,1637,1,0,0,55,0,770,0,1,83,150016,1637,0,56,0,0,0,LEADER,1,0,0,0,0,55
151153,85,adaptive-prasle,2059,1,0,0,55,0,770,0,1,85,149094,2059,0,56,0,0,0,LEADER,1,0,0,0,0,55
151681,19,adaptive-prasle,1667,1,0,0,55,0,770,0,1,19,150014,1667,0,56,0,0,0,LEADER,1,0,0,0,0,55
151836,65,adaptive-prasle,1822,1,0,0,55,0,770,0,1,65,150014,1822,0,56,0,0,0,LEADER,1,0,0,0,0,55
151442,35,adaptive-prasle,1428,1,0,0,55,0,770,0,1,35,150014,1428,0,56,0,0,0,LEADER,1,0,0,0,0,55
151457,86,adaptive-prasle,1443,1,0,0,55,0,770,0,1,86,150014,1443,0,56,0,0,0,LEADER,1,0,0,0,0,55
151500,50,adaptive-prasle,2406,1,0,0,55,0,770,0,1,50,149094,2406,0,56,0,0,0,LEADER,1,0,0,0,0,55
151515,55,adaptive-prasle,1501,1,0,0,55,0,770,0,1,55,150014,1501,0,56,0,0,0,LEADER,1,0,0,0,0,55
151554,63,adaptive-prasle,1540,1,0,0,55,0,770,0,1,63,150014,1540,0,56,0,0,0,LEADER,1,0,0,0,0,55
151918,46,adaptive-prasle,1904,1,0,0,55,0,770,0,1,46,150014,1904,0,56,0,0,0,LEADER,1,0,0,0,0,55
151713,53,adaptive-prasle,1701,1,0,0,55,0,770,0,1,53,150012,1701,0,56,0,0,0,LEADER,1,0,0,0,0,55
151068,23,adaptive-prasle,1974,1,0,0,55,0,770,0,1,23,149094,1974,0,56,0,0,0,LEADER,1,0,0,0,0,55
151936,88,adaptive-prasle,1922,1,0,0,55,0,770,0,1,88,150014,1922,0,56,0,0,0,LEADER,1,0,0,0,0,55
151463,34,adaptive-prasle,1449,1,0,0,55,0,770,0,1,34,150014,1449,0,56,0,0,0,LEADER,1,0,0,0,0,55
151071,97,adaptive-prasle,1977,1,0,0,55,0,770,0,1,97,149094,1977,0,56,0,0,0,LEADER,1,0,0,0,0,55
151191,20,adaptive-prasle,2095,1,0,0,55,0,770,0,1,20,149096,2095,0,56,0,0,0,LEADER,1,0,0,0,0,55
151271,40,adaptive-prasle,2177,1,0,0,55,0,770,0,1,40,149094,2177,0,56,0,0,0,LEADER,1,0,0,0,0,55
151196,47,adaptive-prasle,2100,1,0,0,55,0,770,0,1,47,149096,2100,0,56,0,0,0,LEADER,1,0,0,0,0,55
152106,95,adaptive-prasle,2092,1,0,0,55,0,770,0,1,95,150014,2092,0,56,0,0,0,LEADER,1,0,0,0,0,55
151489,25,adaptive-prasle,2395,1,0,0,55,0,770,0,1,25,149094,2395,0,56,0,0,0,LEADER,1,0,0,0,0,55
152094,84,adaptive-prasle,2080,1,0,0,55,0,770,0,1,84,150014,2080,0,56,0,0,0,LEADER,1,0,0,0,0,55
151371,70,adaptive-prasle,2277,1,0,0,55,0,770,0,1,70,149094,2277,0,56,0,0,0,LEADER,1,0,0,0,0,55
151289,82,adaptive-prasle,2195,1,0,0,55,0,770,0,1,82,149094,2195,0,56,0,0,0,LEADER,1,0,0,0,0,55
151507,67,adaptive-prasle,2413,1,0,0,55,0,770,0,1,67,149094,2413,0,56,0,0,0,LEADER,1,0,0,0,0,55
151459,89,adaptive-prasle,2365,1,0,0,55,0,770,0,1,89,149094,2365,0,56,0,0,0,LEADER,1,0,0,0,0,55
152127,28,adaptive-prasle,2113,1,0,0,55,0,770,0,1,28,150014,2113,0,56,0,0,0,LEADER,1,0,0,0,0,55
151869,68,adaptive-prasle,1855,1,0,0,55,0,770,0,1,68,150014,1855,0,56,0,0,0,LEADER,1,0,0,0,0,55
151821,90,adaptive-prasle,1807,1,0,0,55,0,770,0,1,90,150014,1807,0,56,0,0,0,LEADER,1,0,0,0,0,55
151482,76,adaptive-prasle,1468,1,0,0,55,0,770,0,1,76,150014,1468,0,56,0,0,0,LEADER,1,0,0,0,0,55
151803,10,adaptive-prasle,1789,1,0,0,55,0,770,0,1,10,150014,1789,0,56,0,0,0,LEADER,1,0,0,0,0,55
152235,58,adaptive-prasle,2221,1,0,0,55,0,770,0,1,58,150014,2221,0,56,0,0,0,LEADER,1,0,0,0,0,55
151618,73,adaptive-prasle,1604,1,0,0,55,0,770,0,1,73,150014,1604,0,56,0,0,0,LEADER,1,0,0,0,0,55
151359,59,adaptive-prasle,2265,1,0,0,55,0,770,0,1,59,149094,2265,0,56,0,0,0,LEADER,1,0,0,0,0,55
151633,41,adaptive-prasle,1619,1,0,0,55,0,770,0,1,41,150014,1619,0,56,0,0,0,LEADER,1,0,0,0,0,55
151548,96,adaptive-prasle,1534,1,0,0,55,0,770,0,1,96,150014,1534,0,56,0,0,0,LEADER,1,0,0,0,0,55
151849,74,adaptive-prasle,1837,1,0,0,55,0,770,0,1,74,150012,1837,0,56,0,0,0,LEADER,1,0,0,0,0,55
151781,49,adaptive-prasle,1767,1,0,0,55,0,770,0,1,49,150014,1767,0,56,0,0,0,LEADER,1,0,0,0,0,55
152242,92,adaptive-prasle,2228,1,0,0,55,0,770,0,1,92,150014,2228,0,56,0,0,0,LEADER,1,0,0,0,0,55
151450,66,adaptive-prasle,1434,1,0,0,55,0,770,0,1,66,150016,1434,0,56,0,0,0,LEADER,1,0,0,0,0,55
151474,57,adaptive-prasle,2380,1,0,0,55,0,770,0,1,57,149094,2380,0,56,0,0,0,LEADER,1,0,0,0,0,55
152274,78,adaptive-prasle,2260,1,0,0,55,0,770,0,1,78,150014,2260,0,56,0,0,0,LEADER,1,0,0,0,0,55
151440,39,adaptive-prasle,2346,1,0,0,55,0,770,0,1,39,149094,2346,0,56,0,0,0,LEADER,1,0,0,0,0,55
152157,30,adaptive-prasle,2143,1,0,0,55,0,770,0,1,30,150014,2143,0,56,0,0,0,LEADER,1,0,0,0,0,55
151563,64,adaptive-prasle,1549,1,0,0,55,0,770,0,1,64,150014,1549,0,56,0,0,0,LEADER,1,0,0,0,0,55
151788,80,adaptive-prasle,1774,1,0,0,55,0,770,0,1,80,150014,1774,0,56,0,0,0,LEADER,1,0,0,0,0,55
151527,54,adaptive-prasle,1516,1,0,0,55,0,770,0,1,54,150011,1516,0,56,0,0,0,LEADER,1,0,0,0,0,55
152054,43,adaptive-prasle,2040,1,0,0,55,0,770,0,1,43,150014,2040,0,56,0,0,0,LEADER,1,0,0,0,0,55
151974,26,adaptive-prasle,1960,1,0,0,55,0,770,0,1,26,150014,1960,0,56,0,0,0,LEADER,1,0,0,0,0,55
151603,42,adaptive-prasle,1591,1,0,0,55,0,770,0,1,42,150012,1591,0,56,0,0,0,LEADER,1,0,0,0,0,55
151612,31,adaptive-prasle,1598,1,0,0,55,0,770,0,1,31,150014,1598,0,56,0,0,0,LEADER,1,0,0,0,0,55
152369,94,adaptive-prasle,2355,1,0,0,55,0,770,0,1,94,150014,2355,0,56,0,0,0,LEADER,1,0,0,0,0,55
151939,45,adaptive-prasle,1925,1,0,0,55,0,770,0,1,45,150014,1925,0,56,0,0,0,LEADER,1,0,0,0,0,55
152312,60,adaptive-prasle,2298,1,0,0,55,0,770,0,1,60,150014,2298,0,56,0,0,0,LEADER,1,0,0,0,0,55
152417,44,adaptive-prasle,1483,1,0,0,55,0,770,0,1,44,150934,1483,0,56,0,0,0,LEADER,1,0,0,0,0,55
152021,33,adaptive-prasle,2007,1,0,0,55,0,770,0,1,33,150014,2007,0,56,0,0,0,LEADER,1,0,0,0,0,55
151666,51,adaptive-prasle,1652,1,0,0,55,0,770,0,1,51,150014,1652,0,56,0,0,0,LEADER,1,0,0,0,0,55
152465,22,adaptive-prasle,1531,1,0,0,55,0,770,0,1,22,150934,1531,0,56,0,0,0,LEADER,1,0,0,0,0,55
152176,72,adaptive-prasle,2162,1,0,0,55,0,770,0,1,72,150014,2162,0,56,0,0,0,LEADER,1,0,0,0,0,55
151966,24,adaptive-prasle,1952,1,0,0,55,0,770,0,1,24,150014,1952,0,56,0,0,0,LEADER,1,0,0,0,0,55
152497,32,adaptive-prasle,1564,1,0,0,55,0,770,0,1,32,150933,1564,0,56,0,0,0,LEADER,1,0,0,0,0,55
151685,93,adaptive-prasle,1671,1,0,0,55,0,770,0,1,93,150014,1671,0,56,0,0,0,LEADER,1,0,0,0,0,55
152344,79,adaptive-prasle,2331,1,0,0,55,0,770,0,1,79,150013,2331,0,56,0,0,0,LEADER,1,0,0,0,0,55
152359,69,adaptive-prasle,2343,1,0,0,55,0,770,0,1,69,150016,2343,0,56,0,0,0,LEADER,1,0,0,0,0,55
152039,75,adaptive-prasle,2025,1,0,0,55,0,770,0,1,75,150014,2025,0,56,0,0,0,LEADER,1,0,0,0,0,55
151766,81,adaptive-prasle,1752,1,0,0,55,0,770,0,1,81,150014,1752,0,56,0,0,0,LEADER,1,0,0,0,0,55
151624,52,adaptive-prasle,1610,1,0,0,55,0,770,0,1,52,150014,1610,0,56,0,0,0,LEADER,1,0,0,0,0,55
152103,21,adaptive-prasle,2088,1,0,0,55,0,770,0,1,21,150015,2088,0,56,0,0,0,LEADER,1,0,0,0,0,55
152279,29,adaptive-prasle,2265,1,0,0,55,0,770,0,1,29,150014,2265,0,56,0,0,0,LEADER,1,0,0,0,0,55
151855,100,adaptive-prasle,1841,1,0,0,55,0,770,0,1,100,150014,1841,0,56,0,0,0,LEADER,1,0,0,0,0,55
151700,61,adaptive-prasle,1686,1,0,0,55,0,770,0,1,61,150014,1686,0,56,0,0,0,LEADER,1,0,0,0,0,55
152264,91,adaptive-prasle,2250,1,0,0,55,0,770,0,1,91,150014,2250,0,56,0,0,0,LEADER,1,0,0,0,0,55
152224,37,adaptive-prasle,2210,1,0,0,55,0,770,0,1,37,150014,2210,0,56,0,0,0,LEADER,1,0,0,0,0,55
151767,38,adaptive-prasle,1755,1,0,0,55,0,770,0,1,38,150012,1755,0,56,0,0,0,LEADER,1,0,0,0,0,55
152433,98,adaptive-prasle,2419,1,0,0,55,0,770,0,1,98,150014,2419,0,56,0,0,0,LEADER,1,0,0,0,0,55
152293,27,adaptive-prasle,2280,1,0,0,55,0,770,0,1,27,150013,2280,0,56,0,0,0,LEADER,1,0,0,0,0,55
152142,62,adaptive-prasle,2128,1,0,0,55,0,770,0,1,62,150014,2128,0,56,0,0,0,LEADER,1,0,0,0,0,55
151951,56,adaptive-prasle,1937,1,0,0,55,0,770,0,1,56,150014,1937,0,56,0,0,0,LEADER,1,0,0,0,0,55
152338,99,adaptive-prasle,2328,1,0,0,55,0,770,0,1,99,150010,2328,0,56,0,0,0,LEADER,1,0,0,0,0,55
152218,48,adaptive-prasle,2202,1,0,0,55,0,770,0,1,48,150016,2202,0,56,0,0,0,LEADER,1,0,0,0,0,55
151733,71,adaptive-prasle,1719,1,0,0,55,0,770,0,1,71,150014,1719,0,56,0,0,0,LEADER,1,0,0,0,0,55
151958,87,adaptive-prasle,1944,1,0,0,55,0,770,0,1,87,150014,1944,0,56,0,0,0,LEADER,1,0,0,0,0,55
151884,36,adaptive-prasle,1870,1,0,0,55,0,770,0,1,36,150014,1870,0,56,0,0,0,LEADER,1,0,0,0,0,55
152380,77,adaptive-prasle,1446,1,0,0,55,0,770,0,1,77,150934,1446,0,56,0,0,0,LEADER,1,0,0,0,0,55
152573,83,adaptive-prasle,1637,1,0,0,55,0,770,0,1,83,150936,1637,0,56,0,0,0,LEADER,1,0,0,0,0,55
152073,85,adaptive-prasle,2059,1,0,0,55,0,770,0,1,85,150014,2059,0,56,0,0,0,LEADER,1,0,0,0,0,55
152601,19,adaptive-prasle,1667,1,0,0,55,0,770,0,1,19,150934,1667,0,56,0,0,0,LEADER,1,0,0,0,0,55
152756,65,adaptive-prasle,1822,1,0,0,55,0,770,0,1,65,150934,1822,0,56,0,0,0,LEADER,1,0,0,0,0,55
152362,35,adaptive-prasle,1428,1,0,0,55,0,770,0,1,35,150934,1428,0,56,0,0,0,LEADER,1,0,0,0,0,55
152377,86,adaptive-prasle,1443,1,0,0,55,0,770,0,1,86,150934,1443,0,56,0,0,0,LEADER,1,0,0,0,0,55
152420,50,adaptive-prasle,2406,1,0,0,55,0,770,0,1,50,150014,2406,0,56,0,0,0,LEADER,1,0,0,0,0,55
152435,55,adaptive-prasle,1501,1,0,0,55,0,770,0,1,55,150934,1501,0,56,0,0,0,LEADER,1,0,0,0,0,55
152474,63,adaptive-prasle,1540,1,0,0,55,0,770,0,1,63,150934,1540,0,56,0,0,0,LEADER,1,0,0,0,0,55
152838,46,adaptive-prasle,1904,1,0,0,55,0,770,0,1,46,150934,1904,0,56,0,0,0,LEADER,1,0,0,0,0,55
152633,53,adaptive-prasle,1701,1,0,0,55,0,770,0,1,53,150932,1701,0,56,0,0,0,LEADER,1,0,0,0,0,55
151988,23,adaptive-prasle,1974,1,0,0,55,0,770,0,1,23,150014,1974,0,56,0,0,0,LEADER,1,0,0,0,0,55
152856,88,adaptive-prasle,1922,1,0,0,55,0,770,0,1,88,150934,1922,0,56,0,0,0,LEADER,1,0,0,0,0,55
152383,34,adaptive-prasle,1449,1,0,0,55,0,770,0,1,34,150934,1449,0,56,0,0,0,LEADER,1,0,0,0,0,55
151991,97,adaptive-prasle,1977,1,0,0,55,0,770,0,1,97,150014,1977,0,56,0,0,0,LEADER,1,0,0,0,0,55
152686,15,adaptive-prasle,2361,1,0,0,9,10,126,140,3,3,150325,2361,0,5,0,0,0,NORMAL,0,0,0,0,0,9
152111,20,adaptive-prasle,2095,1,0,0,55,0,770,0,1,20,150016,2095,0,56,0,0,0,LEADER,1,0,0,0,0,55
152191,40,adaptive-prasle,2177,1,0,0,55,0,770,0,1,40,150014,2177,0,56,0,0,0,LEADER,1,0,0,0,0,55
152116,47,adaptive-prasle,2100,1,0,0,55,0,770,0,1,47,150016,2100,0,56,0,0,0,LEADER,1,0,0,0,0,55
153026,95,adaptive-prasle,2092,1,0,0,55,0,770,0,1,95,150934,2092,0,56,0,0,0,LEADER,1,0,0,0,0,55
152409,25,adaptive-prasle,2395,1,0,0,55,0,770,0,1,25,150014,2395,0,56,0,0,0,LEADER,1,0,0,0,0,55
153014,84,adaptive-prasle,2080,1,0,0,55,0,770,0,1,84,150934,2080,0,56,0,0,0,LEADER,1,0,0,0,0,55
152291,70,adaptive-prasle,2277,1,0,0,55,0,770,0,1,70,150014,2277,0,56,0,0,0,LEADER,1,0,0,0,0,55
152209,82,adaptive-prasle,2195,1,0,0,55,0,770,0,1,82,150014,2195,0,56,0,0,0,LEADER,1,0,0,0,0,55
152427,67,adaptive-prasle,2413,1,0,0,55,0,770,0,1,67,150014,2413,0,56,0,0,0,LEADER,1,0,0,0,0,55
152379,89,adaptive-prasle,2365,1,0,0,55,0,770,0,1,89,150014,2365,0,56,0,0,0,LEADER,1,0,0,0,0,55
153047,28,adaptive-prasle,2113,1,0,0,55,0,770,0,1,28,150934,2113,0,56,0,0,0,LEADER,1,0,0,0,0,55
152789,68,adaptive-prasle,1855,1,0,0,55,0,770,0,1,68,150934,1855,0,56,0,0,0,LEADER,1,0,0,0,0,55
152741,90,adaptive-prasle,1807,1,0,0,55,0,770,0,1,90,150934,1807,0,56,0,0,0,LEADER,1,0,0,0,0,55
152402,76,adaptive-prasle,1468,1,0,0,55,0,770,0,1,76,150934,1468,0,56,0,0,0,LEADER,1,0,0,0,0,55
152723,10,adaptive-prasle,1789,1,0,0,55,0,770,0,1,10,150934,1789,0,56,0,0,0,LEADER,1,0,0,0,0,55
153155,58,adaptive-prasle,2221,1,0,0,55,0,770,0,1,58,150934,2221,0,56,0,0,0,LEADER,1,0,0,0,0,55
152538,73,adaptive-prasle,1604,1,0,0,55,0,770,0,1,73,150934,1604,0,56,0,0,0,LEADER,1,0,0,0,0,55
152279,59,adaptive-prasle,2265,1,0,0,55,0,770,0,1,59,150014,2265,0,56,0,0,0,LEADER,1,0,0,0,0,55
152553,41,adaptive-prasle,1619,1,0,0,55,0,770,0,1,41,150934,1619,0,56,0,0,0,LEADER,1,0,0,0,0,55
152468,96,adaptive-prasle,1534,1,0,0,55,0,770,0,1,96,150934,1534,0,56,0,0,0,LEADER,1,0,0,0,0,55
152769,74,adaptive-prasle,1837,1,0,0,55,0,770,0,1,74,150932,1837,0,56,0,0,0,LEADER,1,0,0,0,0,55
152701,49,adaptive-prasle,1767,1,0,0,55,0,770,0,1,49,150934,1767,0,56,0,0,0,LEADER,1,0,0,0,0,55
153162,92,adaptive-prasle,2228,1,0,0,55,0,770,0,1,92,150934,2228,0,56,0,0,0,LEADER,1,0,0,0,0,55
152370,66,adaptive-prasle,1434,1,0,0,55,0,770,0,1,66,150936,1434,0,56,0,0,0,LEADER,1,0,0,0,0,55
152394,57,adaptive-prasle,2380,1,0,0,55,0,770,0,1,57,150014,2380,0,56,0,0,0,LEADER,1,0,0,0,0,55
153194,78,adaptive-prasle,2260,1,0,0,55,0,770,0,1,78,150934,2260,0,56,0,0,0,LEADER,1,0,0,0,0,55
152360,39,adaptive-prasle,2346,1,0,0,55,0,770,0,1,39,150014,2346,0,56,0,0,0,LEADER,1,0,0,0,0,55
153077,30,adaptive-prasle,2143,1,0,0,55,0,770,0,1,30,150934,2143,0,56,0,0,0,LEADER,1,0,0,0,0,55
152483,64,adaptive-prasle,1549,1,0,0,55,0,770,0,1,64,150934,1549,0,56,0,0,0,LEADER,1,0,0,0,0,55
152708,80,adaptive-prasle,1774,1,0,0,55,0,770,0,1,80,150934,1774,0,56,0,0,0,LEADER,1,0,0,0,0,55
152447,54,adaptive-prasle,1516,1,0,0,55,0,770,0,1,54,150931,1516,0,56,0,0,0,LEADER,1,0,0,0,0,55
152974,43,adaptive-prasle,2040,1,0,0,55,0,770,0,1,43,150934,2040,0,56,0,0,0,LEADER,1,0,0,0,0,55
152894,26,adaptive-prasle,1960,1,0,0,55,0,770,0,1,26,150934,1960,0,56,0,0,0,LEADER,1,0,0,0,0,55
152523,42,adaptive-prasle,1591,1,0,0,55,0,770,0,1,42,150932,1591,0,56,0,0,0,LEADER,1,0,0,0,0,55
152532,31,adaptive-prasle,1598,1,0,0,55,0,770,0,1,31,150934,1598,0,56,0,0,0,LEADER,1,0,0,0,0,55
153289,94,adaptive-prasle,2355,1,0,0,55,0,770,0,1,94,150934,2355,0,56,0,0,0,LEADER,1,0,0,0,0,55
152859,45,adaptive-prasle,1925,1,0,0,55,0,770,0,1,45,150934,1925,0,56,0,0,0,LEADER,1,0,0,0,0,55
153232,60,adaptive-prasle,2298,1,0,0,55,0,770,0,1,60,150934,2298,0,56,0,0,0,LEADER,1,0,0,0,0,55
153338,44,adaptive-prasle,1483,1,0,0,56,0,784,0,1,44,151855,1483,0,57,0,0,0,LEADER,1,0,0,0,0,56
152586,51,adaptive-prasle,1652,1,0,0,55,0,770,0,1,51,150934,1652,0,56,0,0,0,LEADER,1,0,0,0,0,55
152943,33,adaptive-prasle,2007,1,0,0,55,0,770,0,1,33,150936,2007,0,56,0,0,0,LEADER,1,0,0,0,0,55
153096,72,adaptive-prasle,2162,1,0,0,55,0,770,0,1,72,150934,2162,0,56,0,0,0,LEADER,1,0,0,0,0,55
153386,22,adaptive-prasle,1531,1,0,0,56,0,784,0,1,22,151855,1531,0,57,0,0,0,LEADER,1,0,0,0,0,56
152886,24,adaptive-prasle,1952,1,0,0,55,0,770,0,1,24,150934,1952,0,56,0,0,0,LEADER,1,0,0,0,0,55
153418,32,adaptive-prasle,1564,1,0,0,56,0,784,0,1,32,151854,1564,0,57,0,0,0,LEADER,1,0,0,0,0,56
152605,93,adaptive-prasle,1671,1,0,0,55,0,770,0,1,93,150934,1671,0,56,0,0,0,LEADER,1,0,0,0,0,55
153264,79,adaptive-prasle,2331,1,0,0,55,0,770,0,1,79,150933,2331,0,56,0,0,0,LEADER,1,0,0,0,0,55
153279,69,adaptive-prasle,2343,1,0,0,55,0,770,0,1,69,150936,2343,0,56,0,0,0,LEADER,1,0,0,0,0,55
152959,75,adaptive-prasle,2025,1,0,0,55,0,770,0,1,75,150934,2025,0,56,0,0,0,LEADER,1,0,0,0,0,55
152686,81,adaptive-prasle,1752,1,0,0,55,0,770,0,1,81,150934,1752,0,56,0,0,0,LEADER,1,0,0,0,0,55
152544,52,adaptive-prasle,1610,1,0,0,55,0,770,0,1,52,150934,1610,0,56,0,0,0,LEADER,1,0,0,0,0,55
153023,21,adaptive-prasle,2088,1,0,0,55,0,770,0,1,21,150935,2088,0,56,0,0,0,LEADER,1,0,0,0,0,55
153199,29,adaptive-prasle,2265,1,0,0,55,0,770,0,1,29,150934,2265,0,56,0,0,0,LEADER,1,0,0,0,0,55
152775,100,adaptive-prasle,1841,1,0,0,55,0,770,0,1,100,150934,1841,0,56,0,0,0,LEADER,1,0,0,0,0,55
152620,61,adaptive-prasle,1686,1,0,0,55,0,770,0,1,61,150934,1686,0,56,0,0,0,LEADER,1,0,0,0,0,55
153184,91,adaptive-prasle,2250,1,0,0,55,0,770,0,1,91,150934,2250,0,56,0,0,0,LEADER,1,0,0,0,0,55
153144,37,adaptive-prasle,2210,1,0,0,55,0,770,0,1,37,150934,2210,0,56,0,0,0,LEADER,1,0,0,0,0,55
152687,38,adaptive-prasle,1755,1,0,0,55,0,770,0,1,38,150932,1755,0,56,0,0,0,LEADER,1,0,0,0,0,55
153353,98,adaptive-prasle,2419,1,0,0,55,0,770,0,1,98,150934,2419,0,56,0,0,0,LEADER,1,0,0,0,0,55
153213,27,adaptive-prasle,2280,1,0,0,55,0,770,0,1,27,150933,2280,0,56,0,0,0,LEADER,1,0,0,0,0,55
153062,62,adaptive-prasle,2128,1,0,0,55,0,770,0,1,62,150934,2128,0,56,0,0,0,LEADER,1,0,0,0,0,55
152871,56,adaptive-prasle,1937,1,0,0,55,0,770,0,1,56,150934,1937,0,56,0,0,0,LEADER,1,0,0,0,0,55
153258,99,adaptive-prasle,2328,1,0,0,55,0,770,0,1,99,150930,2328,0,56,0,0,0,LEADER,1,0,0,0,0,55
153138,48,adaptive-prasle,2202,1,0,0,55,0,770,0,1,48,150936,2202,0,56,0,0,0,LEADER,1,0,0,0,0,55
152653,71,adaptive-prasle,1719,1,0,0,55,0,770,0,1,71,150934,1719,0,56,0,0,0,LEADER,1,0,0,0,0,55
152878,87,adaptive-prasle,1944,1,0,0,55,0,770,0,1,87,150934,1944,0,56,0,0,0,LEADER,1,0,0,0,0,55
152804,36,adaptive-prasle,1870,1,0,0,55,0,770,0,1,36,150934,1870,0,56,0,0,0,LEADER,1,0,0,0,0,55
153301,77,adaptive-prasle,1446,1,0,0,56,0,784,0,1,77,151855,1446,0,57,0,0,0,LEADER,1,0,0,0,0,56
153494,83,adaptive-prasle,1637,1,0,0,56,0,784,0,1,83,151857,1637,0,57,0,0,0,LEADER,1,0,0,0,0,56
152993,85,adaptive-prasle,2059,1,0,0,55,0,770,0,1,85,150934,2059,0,56,0,0,0,LEADER,1,0,0,0,0,55
153522,19,adaptive-prasle,1667,1,0,0,56,0,784,0,1,19,151855,1667,0,57,0,0,0,LEADER,1,0,0,0,0,56
153677,65,adaptive-prasle,1822,1,0,0,56,0,784,0,1,65,151855,1822,0,57,0,0,0,LEADER,1,0,0,0,0,56
153283,35,adaptive-prasle,1428,1,0,0,56,0,784,0,1,35,151855,1428,0,57,0,0,0,LEADER,1,0,0,0,0,56
153298,86,adaptive-prasle,1443,1,0,0,56,0,784,0,1,86,151855,1443,0,57,0,0,0,LEADER,1,0,0,0,0,56
153340,50,adaptive-prasle,2406,1,0,0,55,0,770,0,1,50,150934,2406,0,56,0,0,0,LEADER,1,0,0,0,0,55
153356,55,adaptive-prasle,1501,1,0,0,56,0,784,0,1,55,151855,1501,0,57,0,0,0,LEADER,1,0,0,0,0,56
153395,63,adaptive-prasle,1540,1,0,0,56,0,784,0,1,63,151855,1540,0,57,0,0,0,LEADER,1,0,0,0,0,56
153759,46,adaptive-prasle,1904,1,0,0,56,0,784,0,1,46,151855,1904,0,57,0,0,0,LEADER,1,0,0,0,0,56
153554,53,adaptive-prasle,1701,1,0,0,56,0,784,0,1,53,151853,1701,0,57,0,0,0,LEADER,1,0,0,0,0,56
152908,23,adaptive-prasle,1974,1,0,0,55,0,770,0,1,23,150934,1974,0,56,0,0,0,LEADER,1,0,0,0,0,55
153777,88,adaptive-prasle,1922,1,0,0,56,0,784,0,1,88,151855,1922,0,57,0,0,0,LEADER,1,0,0,0,0,56
153304,34,adaptive-prasle,1449,1,0,0,56,0,784,0,1,34,151855,1449,0,57,0,0,0,LEADER,1,0,0,0,0,56
152911,97,adaptive-prasle,1977,1,0,0,55,0,770,0,1,97,150934,1977,0,56,0,0,0,LEADER,1,0,0,0,0,55
153031,20,adaptive-prasle,2095,1,0,0,55,0,770,0,1,20,150936,2095,0,56,0,0,0,LEADER,1,0,0,0,0,55
153111,40,adaptive-prasle,2177,1,0,0,55,0,770,0,1,40,150934,2177,0,56,0,0,0,LEADER,1,0,0,0,0,55
153036,47,adaptive-prasle,2100,1,0,0,55,0,770,0,1,47,150936,2100,0,56,0,0,0,LEADER,1,0,0,0,0,55
153947,95,adaptive-prasle,2092,1,0,0,56,0,784,0,1,95,151855,2092,0,57,0,0,0,LEADER,1,0,0,0,0,56
153329,25,adaptive-prasle,2395,1,0,0,55,0,770,0,1,25,150934,2395,0,56,0,0,0,LEADER,1,0,0,0,0,55
153935,84,adaptive-prasle,2080,1,0,0,56,0,784,0,1,84,151855,2080,0,57,0,0,0,LEADER,1,0,0,0,0,56
153211,70,adaptive-prasle,2277,1,0,0,55,0,770,0,1,70,150934,2277,0,56,0,0,0,LEADER,1,0,0,0,0,55
153129,82,adaptive-prasle,2195,1,0,0,55,0,770,0,1,82,150934,2195,0,56,0,0,0,LEADER,1,0,0,0,0,55
153347,67,adaptive-prasle,2413,1,0,0,55,0,770,0,1,67,150934,2413,0,56,0,0,0,LEADER,1,0,0,0,0,55
153299,89,adaptive-prasle,2365,1,0,0,55,0,770,0,1,89,150934,2365,0,56,0,0,0,LEADER,1,0,0,0,0,55
153968,28,adaptive-prasle,2113,1,0,0,56,0,784,0,1,28,151855,2113,0,57,0,0,0,LEADER,1,0,0,0,0,56
153710,68,adaptive-prasle,1855,1,0,0,56,0,784,0,1,68,151855,1855,0,57,0,0,0,LEADER,1,0,0,0,0,56
153662,90,adaptive-prasle,1807,1,0,0,56,0,784,0,1,90,151855,1807,0,57,0,0,0,LEADER,1,0,0,0,0,56
153323,76,adaptive-prasle,1468,1,0,0,56,0,784,0,1,76,151855,1468,0,57,0,0,0,LEADER,1,0,0,0,0,56
153644,10,adaptive-prasle,1789,1,0,0,56,0,784,0,1,10,151855,1789,0,57,0,0,0,LEADER,1,0,0,0,0,56
154076,58,adaptive-prasle,2221,1,0,0,56,0,784,0,1,58,151855,2221,0,57,0,0,0,LEADER,1,0,0,0,0,56
153459,73,adaptive-prasle,1604,1,0,0,56,0,784,0,1,73,151855,1604,0,57,0,0,0,LEADER,1,0,0,0,0,56
153199,59,adaptive-prasle,2265,1,0,0,55,0,770,0,1,59,150934,2265,0,56,0,0,0,LEADER,1,0,0,0,0,55
153474,41,adaptive-prasle,1619,1,0,0,56,0,784,0,1,41,151855,1619,0,57,0,0,0,LEADER,1,0,0,0,0,56
153389,96,adaptive-prasle,1534,1,0,0,56,0,784,0,1,96,151855,1534,0,57,0,0,0,LEADER,1,0,0,0,0,56
153690,74,adaptive-prasle,1837,1,0,0,56,0,784,0,1,74,151853,1837,0,57,0,0,0,LEADER,1,0,0,0,0,56
153622,49,adaptive-prasle,1767,1,0,0,56,0,784,0,1,49,151855,1767,0,57,0,0,0,LEADER,1,0,0,0,0,56
154083,92,adaptive-prasle,2228,1,0,0,56,0,784,0,1,92,151855,2228,0,57,0,0,0,LEADER,1,0,0,0,0,56
153291,66,adaptive-prasle,1434,1,0,0,56,0,784,0,1,66,151857,1434,0,57,0,0,0,LEADER,1,0,0,0,0,56
153314,57,adaptive-prasle,2380,1,0,0,55,0,770,0,1,57,150934,2380,0,56,0,0,0,LEADER,1,0,0,0,0,55
154115,78,adaptive-prasle,2260,1,0,0,56,0,784,0,1,78,151855,2260,0,57,0,0,0,LEADER,1,0,0,0,0,56
153280,39,adaptive-prasle,2346,1,0,0,55,0,770,0,1,39,150934,2346,0,56,0,0,0,LEADER,1,0,0,0,0,55
153998,30,adaptive-prasle,2143,1,0,0,56,0,784,0,1,30,151855,2143,0,57,0,0,0,LEADER,1,0,0,0,0,56
153404,64,adaptive-prasle,1549,1,0,0,56,0,784,0,1,64,151855,1549,0,57,0,0,0,LEADER,1,0,0,0,0,56
153629,80,adaptive-prasle,1774,1,0,0,56,0,784,0,1,80,151855,1774,0,57,0,0,0,LEADER,1,0,0,0,0,56
153368,54,adaptive-prasle,1516,1,0,0,56,0,784,0,1,54,151852,1516,0,57,0,0,0,LEADER,1,0,0,0,0,56
153895,43,adaptive-prasle,2040,1,0,0,56,0,784,0,1,43,151855,2040,0,57,0,0,0,LEADER,1,0,0,0,0,56
153815,26,adaptive-prasle,1960,1,0,0,56,0,784,0,1,26,151855,1960,0,57,0,0,0,LEADER,1,0,0,0,0,56
153444,42,adaptive-prasle,1591,1,0,0,56,0,784,0,1,42,151853,1591,0,57,0,0,0,LEADER,1,0,0,0,0,56
153453,31,adaptive-prasle,1598,1,0,0,56,0,784,0,1,31,151855,1598,0,57,0,0,0,LEADER,1,0,0,0,0,56
154210,94,adaptive-prasle,2355,1,0,0,56,0,784,0,1,94,151855,2355,0,57,0,0,0,LEADER,1,0,0,0,0,56
153780,45,adaptive-prasle,1925,1,0,0,56,0,784,0,1,45,151855,1925,0,57,0,0,0,LEADER,1,0,0,0,0,56
154153,60,adaptive-prasle,2298,1,0,0,56,0,784,0,1,60,151855,2298,0,57,0,0,0,LEADER,1,0,0,0,0,56
154258,44,adaptive-prasle,1483,1,0,0,56,0,784,0,1,44,152775,1483,0,57,0,0,0,LEADER,1,0,0,0,0,56
153507,51,adaptive-prasle,1652,1,0,0,56,0,784,0,1,51,151855,1652,0,57,0,0,0,LEADER,1,0,0,0,0,56
154306,22,adaptive-prasle,1531,1,0,0,56,0,784,0,1,22,152775,1531,0,57,0,0,0,LEADER,1,0,0,0,0,56
153864,33,adaptive-prasle,2007,1,0,0,56,0,784,0,1,33,151857,2007,0,57,0,0,0,LEADER,1,0,0,0,0,56
154017,72,adaptive-prasle,2162,1,0,0,56,0,784,0,1,72,151855,2162,0,57,0,0,0,LEADER,1,0,0,0,0,56
153807,24,adaptive-prasle,1952,1,0,0,56,0,784,0,1,24,151855,1952,0,57,0,0,0,LEADER,1,0,0,0,0,56
154338,32,adaptive-prasle,1564,1,0,0,56,0,784,0,1,32,152774,1564,0,57,0,0,0,LEADER,1,0,0,0,0,56
153526,93,adaptive-prasle,1671,1,0,0,56,0,784,0,1,93,151855,1671,0,57,0,0,0,LEADER,1,0,0,0,0,56
154200,69,adaptive-prasle,2343,1,0,0,56,0,784,0,1,69,151857,2343,0,57,0,0,0,LEADER,1,0,0,0,0,56
154185,79,adaptive-prasle,2331,1,0,0,56,0,784,0,1,79,151854,2331,0,57,0,0,0,LEADER,1,0,0,0,0,56
153880,75,adaptive-prasle,2025,1,0,0,56,0,784,0,1,75,151855,2025,0,57,0,0,0,LEADER,1,0,0,0,0,56
153607,81,adaptive-prasle,1752,1,0,0,56,0,784,0,1,81,151855,1752,0,57,0,0,0,LEADER,1,0,0,0,0,56
153465,52,adaptive-prasle,1610,1,0,0,56,0,784,0,1,52,151855,1610,0,57,0,0,0,LEADER,1,0,0,0,0,56
153944,21,adaptive-prasle,2088,1,0,0,56,0,784,0,1,21,151856,2088,0,57,0,0,0,LEADER,1,0,0,0,0,56
154120,29,adaptive-prasle,2265,1,0,0,56,0,784,0,1,29,151855,2265,0,57,0,0,0,LEADER,1,0,0,0,0,56
153696,100,adaptive-prasle,1841,1,0,0,56,0,784,0,1,100,151855,1841,0,57,0,0,0,LEADER,1,0,0,0,0,56
153541,61,adaptive-prasle,1686,1,0,0,56,0,784,0,1,61,151855,1686,0,57,0,0,0,LEADER,1,0,0,0,0,56
154105,91,adaptive-prasle,2250,1,0,0,56,0,784,0,1,91,151855,2250,0,57,0,0,0,LEADER,1,0,0,0,0,56
154065,37,adaptive-prasle,2210,1,0,0,56,0,784,0,1,37,151855,2210,0,57,0,0,0,LEADER,1,0,0,0,0,56
153608,38,adaptive-prasle,1755,1,0,0,56,0,784,0,1,38,151853,1755,0,57,0,0,0,LEADER,1,0,0,0,0,56
154274,98,adaptive-prasle,2419,1,0,0,56,0,784,0,1,98,151855,2419,0,57,0,0,0,LEADER,1,0,0,0,0,56
154134,27,adaptive-prasle,2280,1,0,0,56,0,784,0,1,27,151854,2280,0,57,0,0,0,LEADER,1,0,0,0,0,56
153983,62,adaptive-prasle,2128,1,0,0,56,0,784,0,1,62,151855,2128,0,57,0,0,0,LEADER,1,0,0,0,0,56
153792,56,adaptive-prasle,1937,1,0,0,56,0,784,0,1,56,151855,1937,0,57,0,0,0,LEADER,1,0,0,0,0,56
154179,99,adaptive-prasle,2328,1,0,0,56,0,784,0,1,99,151851,2328,0,57,0,0,0,LEADER,1,0,0,0,0,56
154059,48,adaptive-prasle,2202,1,0,0,56,0,784,0,1,48,151857,2202,0,57,0,0,0,LEADER,1,0,0,0,0,56
153574,71,adaptive-prasle,1719,1,0,0,56,0,784,0,1,71,151855,1719,0,57,0,0,0,LEADER,1,0,0,0,0,56
153799,87,adaptive-prasle,1944,1,0,0,56,0,784,0,1,87,151855,1944,0,57,0,0,0,LEADER,1,0,0,0,0,56
153725,36,adaptive-prasle,1870,1,0,0,56,0,784,0,1,36,151855,1870,0,57,0,0,0,LEADER,1,0,0,0,0,56
154221,77,adaptive-prasle,1446,1,0,0,56,0,784,0,1,77,152775,1446,0,57,0,0,0,LEADER,1,0,0,0,0,56
154414,83,adaptive-prasle,1637,1,0,0,56,0,784,0,1,83,152777,1637,0,57,0,0,0,LEADER,1,0,0,0,0,56
153914,85,adaptive-prasle,2059,1,0,0,56,0,784,0,1,85,151855,2059,0,57,0,0,0,LEADER,1,0,0,0,0,56
154442,19,adaptive-prasle,1667,1,0,0,56,0,784,0,1,19,152775,1667,0,57,0,0,0,LEADER,1,0,0,0,0,56
154597,65,adaptive-prasle,1822,1,0,0,56,0,784,0,1,65,152775,1822,0,57,0,0,0,LEADER,1,0,0,0,0,56
154203,35,adaptive-prasle,1428,1,0,0,56,0,784,0,1,35,152775,1428,0,57,0,0,0,LEADER,1,0,0,0,0,56
154218,86,adaptive-prasle,1443,1,0,0,56,0,784,0,1,86,152775,1443,0,57,0,0,0,LEADER,1,0,0,0,0,56
154261,50,adaptive-prasle,2406,1,0,0,56,0,784,0,1,50,151855,2406,0,57,0,0,0,LEADER,1,0,0,0,0,56
154276,55,adaptive-prasle,1501,1,0,0,56,0,784,0,1,55,152775,1501,0,57,0,0,0,LEADER,1,0,0,0,0,56
154287,16,adaptive-prasle,1805,1,0,0,13,11,182,154,4,6,152482,1805,0,5,0,0,0,NORMAL,0,0,0,0,0,13
154315,63,adaptive-prasle,1540,1,0,0,56,0,784,0,1,63,152775,1540,0,57,0,0,0,LEADER,1,0,0,0,0,56
154679,46,adaptive-prasle,1904,1,0,0,56,0,784,0,1,46,152775,1904,0,57,0,0,0,LEADER,1,0,0,0,0,56
154474,53,adaptive-prasle,1701,1,0,0,56,0,784,0,1,53,152773,1701,0,57,0,0,0,LEADER,1,0,0,0,0,56
153829,23,adaptive-prasle,1974,1,0,0,56,0,784,0,1,23,151855,1974,0,57,0,0,0,LEADER,1,0,0,0,0,56
154697,88,adaptive-prasle,1922,1,0,0,56,0,784,0,1,88,152775,1922,0,57,0,0,0,LEADER,1,0,0,0,0,56
154224,34,adaptive-prasle,1449,1,0,0,56,0,784,0,1,34,152775,1449,0,57,0,0,0,LEADER,1,0,0,0,0,56
153832,97,adaptive-prasle,1977,1,0,0,56,0,784,0,1,97,151855,1977,0,57,0,0,0,LEADER,1,0,0,0,0,56
153952,20,adaptive-prasle,2095,1,0,0,56,0,784,0,1,20,151857,2095,0,57,0,0,0,LEADER,1,0,0,0,0,56
154032,40,adaptive-prasle,2177,1,0,0,56,0,784,0,1,40,151855,2177,0,57,0,0,0,LEADER,1,0,0,0,0,56
153957,47,adaptive-prasle,2100,1,0,0,56,0,784,0,1,47,151857,2100,0,57,0,0,0,LEADER,1,0,0,0,0,56
154867,95,adaptive-prasle,2092,1,0,0,56,0,784,0,1,95,152775,2092,0,57,0,0,0,LEADER,1,0,0,0,0,56
154250,25,adaptive-prasle,2395,1,0,0,56,0,784,0,1,25,151855,2395,0,57,0,0,0,LEADER,1,0,0,0,0,56
154855,84,adaptive-prasle,2080,1,0,0,56,0,784,0,1,84,152775,2080,0,57,0,0,0,LEADER,1,0,0,0,0,56
154132,70,adaptive-prasle,2277,1,0,0,56,0,784,0,1,70,151855,2277,0,57,0,0,0,LEADER,1,0,0,0,0,56
154050,82,adaptive-prasle,2195,1,0,0,56,0,784,0,1,82,151855,2195,0,57,0,0,0,LEADER,1,0,0,0,0,56
154268,67,adaptive-prasle,2413,1,0,0,56,0,784,0,1,67,151855,2413,0,57,0,0,0,LEADER,1,0,0,0,0,56
154220,89,adaptive-prasle,2365,1,0,0,56,0,784,0,1,89,151855,2365,0,57,0,0,0,LEADER,1,0,0,0,0,56
154888,28,adaptive-prasle,2113,1,0,0,56,0,784,0,1,28,152775,2113,0,57,0,0,0,LEADER,1,0,0,0,0,56
154630,68,adaptive-prasle,1855,1,0,0,56,0,784,0,1,68,152775,1855,0,57,0,0,0,LEADER,1,0,0,0,0,56
154582,90,adaptive-prasle,1807,1,0,0,56,0,784,0,1,90,152775,1807,0,57,0,0,0,LEADER,1,0,0,0,0,56
154243,76,adaptive-prasle,1468,1,0,0,56,0,784,0,1,76,152775,1468,0,57,0,0,0,LEADER,1,0,0,0,0,56
154564,10,adaptive-prasle,1789,1,0,0,56,0,784,0,1,10,152775,1789,0,57,0,0,0,LEADER,1,0,0,0,0,56
154996,58,adaptive-prasle,2221,1,0,0,56,0,784,0,1,58,152775,2221,0,57,0,0,0,LEADER,1,0,0,0,0,56
154379,73,adaptive-prasle,1604,1,0,0,56,0,784,0,1,73,152775,1604,0,57,0,0,0,LEADER,1,0,0,0,0,56
154120,59,adaptive-prasle,2265,1,0,0,56,0,784,0,1,59,151855,2265,0,57,0,0,0,LEADER,1,0,0,0,0,56
154394,41,adaptive-prasle,1619,1,0,0,56,0,784,0,1,41,152775,1619,0,57,0,0,0,LEADER,1,0,0,0,0,56
154309,96,adaptive-prasle,1534,1,0,0,56,0,784,0,1,96,152775,1534,0,57,0,0,0,LEADER,1,0,0,0,0,56
154610,74,adaptive-prasle,1837,1,0,0,56,0,784,0,1,74,152773,1837,0,57,0,0,0,LEADER,1,0,0,0,0,56
154542,49,adaptive-prasle,1767,1,0,0,56,0,784,0,1,49,152775,1767,0,57,0,0,0,LEADER,1,0,0,0,0,56
155003,92,adaptive-prasle,2228,1,0,0,56,0,784,0,1,92,152775,2228,0,57,0,0,0,LEADER,1,0,0,0,0,56
154211,66,adaptive-prasle,1434,1,0,0,56,0,784,0,1,66,152777,1434,0,57,0,0,0,LEADER,1,0,0,0,0,56
154235,57,adaptive-prasle,2380,1,0,0,56,0,784,0,1,57,151855,2380,0,57,0,0,0,LEADER,1,0,0,0,0,56
155035,78,adaptive-prasle,2260,1,0,0,56,0,784,0,1,78,152775,2260,0,57,0,0,0,LEADER,1,0,0,0,0,56
154201,39,adaptive-prasle,2346,1,0,0,56,0,784,0,1,39,151855,2346,0,57,0,0,0,LEADER,1,0,0,0,0,56
154918,30,adaptive-prasle,2143,1,0,0,56,0,784,0,1,30,152775,2143,0,57,0,0,0,LEADER,1,0,0,0,0,56
154324,64,adaptive-prasle,1549,1,0,0,56,0,784,0,1,64,152775,1549,0,57,0,0,0,LEADER,1,0,0,0,0,56
154549,80,adaptive-prasle,1774,1,0,0,56,0,784,0,1,80,152775,1774,0,57,0,0,0,LEADER,1,0,0,0,0,56
154288,54,adaptive-prasle,1516,1,0,0,56,0,784,0,1,54,152772,1516,0,57,0,0,0,LEADER,1,0,0,0,0,56
154815,43,adaptive-prasle,2040,1,0,0,56,0,784,0,1,43,152775,2040,0,57,0,0,0,LEADER,1,0,0,0,0,56
154735,26,adaptive-prasle,1960,1,0,0,56,0,784,0,1,26,152775,1960,0,57,0,0,0,LEADER,1,0,0,0,0,56
154364,42,adaptive-prasle,1591,1,0,0,56,0,784,0,1,42,152773,1591,0,57,0,0,0,LEADER,1,0,0,0,0,56
154373,31,adaptive-prasle,1598,1,0,0,56,0,784,0,1,31,152775,1598,0,57,0,0,0,LEADER,1,0,0,0,0,56
155130,94,adaptive-prasle,2355,1,0,0,56,0,784,0,1,94,152775,2355,0,57,0,0,0,LEADER,1,0,0,0,0,56
154700,45,adaptive-prasle,1925,1,0,0,56,0,784,0,1,45,152775,1925,0,57,0,0,0,LEADER,1,0,0,0,0,56
155073,60,adaptive-prasle,2298,1,0,0,56,0,784,0,1,60,152775,2298,0,57,0,0,0,LEADER,1,0,0,0,0,56
155178,44,adaptive-prasle,1483,1,0,0,56,0,784,0,1,44,153695,1483,0,57,0,0,0,LEADER,1,0,0,0,0,56
154427,51,adaptive-prasle,1652,1,0,0,56,0,784,0,1,51,152775,1652,0,57,0,0,0,LEADER,1,0,0,0,0,56
155226,22,adaptive-prasle,1531,1,0,0,56,0,784,0,1,22,153695,1531,0,57,0,0,0,LEADER,1,0,0,0,0,56
154784,33,adaptive-prasle,2007,1,0,0,56,0,784,0,1,33,152777,2007,0,57,0,0,0,LEADER,1,0,0,0,0,56
154937,72,adaptive-prasle,2162,1,0,0,56,0,784,0,1,72,152775,2162,0,57,0,0,0,LEADER,1,0,0,0,0,56
154727,24,adaptive-prasle,1952,1,0,0,56,0,784,0,1,24,152775,1952,0,57,0,0,0,LEADER,1,0,0,0,0,56
155258,32,adaptive-prasle,1564,1,0,0,56,0,784,0,1,32,153694,1564,0,57,0,0,0,LEADER,1,0,0,0,0,56
154446,93,adaptive-prasle,1671,1,0,0,56,0,784,0,1,93,152775,1671,0,57,0,0,0,LEADER,1,0,0,0,0,56
155105,79,adaptive-prasle,2331,1,0,0,56,0,784,0,1,79,152774,2331,0,57,0,0,0,LEADER,1,0,0,0,0,56
155120,69,adaptive-prasle,2343,1,0,0,56,0,784,0,1,69,152777,2343,0,57,0,0,0,LEADER,1,0,0,0,0,56
154800,75,adaptive-prasle,2025,1,0,0,56,0,784,0,1,75,152775,2025,0,57,0,0,0,LEADER,1,0,0,0,0,56
154527,81,adaptive-prasle,1752,1,0,0,56,0,784,0,1,81,152775,1752,0,57,0,0,0,LEADER,1,0,0,0,0,56
154385,52,adaptive-prasle,1610,1,0,0,56,0,784,0,1,52,152775,1610,0,57,0,0,0,LEADER,1,0,0,0,0,56
154864,21,adaptive-prasle,2088,1,0,0,56,0,784,0,1,21,152776,2088,0,57,0,0,0,LEADER,1,0,0,0,0,56
155040,29,adaptive-prasle,2265,1,0,0,56,0,784,0,1,29,152775,2265,0,57,0,0,0,LEADER,1,0,0,0,0,56
154616,100,adaptive-prasle,1841,1,0,0,56,0,784,0,1,100,152775,1841,0,57,0,0,0,LEADER,1,0,0,0,0,56
154461,61,adaptive-prasle,1686,1,0,0,56,0,784,0,1,61,152775,1686,0,57,0,0,0,LEADER,1,0,0,0,0,56
155025,91,adaptive-prasle,2250,1,0,0,56,0,784,0,1,91,152775,2250,0,57,0,0,0,LEADER,1,0,0,0,0,56
154985,37,adaptive-prasle,2210,1,0,0,56,0,784,0,1,37,152775,2210,0,57,0,0,0,LEADER,1,0,0,0,0,56
154528,38,adaptive-prasle,1755,1,0,0,56,0,784,0,1,38,152773,1755,0,57,0,0,0,LEADER,1,0,0,0,0,56
155194,98,adaptive-prasle,2419,1,0,0,56,0,784,0,1,98,152775,2419,0,57,0,0,0,LEADER,1,0,0,0,0,56
155054,27,adaptive-prasle,2280,1,0,0,56,0,784,0,1,27,152774,2280,0,57,0,0,0,LEADER,1,0,0,0,0,56
154903,62,adaptive-prasle,2128,1,0,0,56,0,784,0,1,62,152775,2128,0,57,0,0,0,LEADER,1,0,0,0,0,56
154712,56,adaptive-prasle,1937,1,0,0,56,0,784,0,1,56,152775,1937,0,57,0,0,0,LEADER,1,0,0,0,0,56
155099,99,adaptive-prasle,2328,1,0,0,56,0,784,0,1,99,152771,2328,0,57,0,0,0,LEADER,1,0,0,0,0,56
154979,48,adaptive-prasle,2202,1,0,0,56,0,784,0,1,48,152777,2202,0,57,0,0,0,LEADER,1,0,0,0,0,56
154494,71,adaptive-prasle,1719,1,0,0,56,0,784,0,1,71,152775,1719,0,57,0,0,0,LEADER,1,0,0,0,0,56
154719,87,adaptive-prasle,1944,1,0,0,56,0,784,0,1,87,152775,1944,0,57,0,0,0,LEADER,1,0,0,0,0,56
154645,36,adaptive-prasle,1870,1,0,0,56,0,784,0,1,36,152775,1870,0,57,0,0,0,LEADER,1,0,0,0,0,56
155216,2,adaptive-prasle,1819,1,0,0,7,14,98,196,2,2,153397,1819,0,6,0,0,0,LEADER,1,0,0,0,0,7
155141,77,adaptive-prasle,1446,1,0,0,56,0,784,0,1,77,153695,1446,0,57,0,0,0,LEADER,1,0,0,0,0,56
155334,83,adaptive-prasle,1637,1,0,0,56,0,784,0,1,83,153697,1637,0,57,0,0,0,LEADER,1,0,0,0,0,56
154834,85,adaptive-prasle,2059,1,0,0,56,0,784,0,1,85,152775,2059,0,57,0,0,0,LEADER,1,0,0,0,0,56
155362,19,adaptive-prasle,1667,1,0,0,56,0,784,0,1,19,153695,1667,0,57,0,0,0,LEADER,1,0,0,0,0,56
155517,65,adaptive-prasle,1822,1,0,0,56,0,784,0,1,65,153695,1822,0,57,0,0,0,LEADER,1,0,0,0,0,56
155123,35,adaptive-prasle,1428,1,0,0,56,0,784,0,1,35,153695,1428,0,57,0,0,0,LEADER,1,0,0,0,0,56
155138,86,adaptive-prasle,1443,1,0,0,56,0,784,0,1,86,153695,1443,0,57,0,0,0,LEADER,1,0,0,0,0,56
155181,50,adaptive-prasle,2406,1,0,0,56,0,784,0,1,50,152775,2406,0,57,0,0,0,LEADER,1,0,0,0,0,56
155196,55,adaptive-prasle,1501,1,0,0,56,0,784,0,1,55,153695,1501,0,57,0,0,0,LEADER,1,0,0,0,0,56
155235,63,adaptive-prasle,1540,1,0,0,56,0,784,0,1,63,153695,1540,0,57,0,0,0,LEADER,1,0,0,0,0,56
155599,46,adaptive-prasle,1904,1,0,0,56,0,784,0,1,46,153695,1904,0,57,0,0,0,LEADER,1,0,0,0,0,56
155394,53,adaptive-prasle,1701,1,0,0,56,0,784,0,1,53,153693,1701,0,57,0,0,0,LEADER,1,0,0,0,0,56
154749,23,adaptive-prasle,1974,1,0,0,56,0,784,0,1,23,152775,1974,0,57,0,0,0,LEADER,1,0,0,0,0,56
155617,88,adaptive-prasle,1922,1,0,0,56,0,784,0,1,88,153695,1922,0,57,0,0,0,LEADER,1,0,0,0,0,56
155144,34,adaptive-prasle,1449,1,0,0,56,0,784,0,1,34,153695,1449,0,57,0,0,0,LEADER,1,0,0,0,0,56
154752,97,adaptive-prasle,1977,1,0,0,56,0,784,0,1,97,152775,1977,0,57,0,0,0,LEADER,1,0,0,0,0,56
154872,20,adaptive-prasle,2095,1,0,0,56,0,784,0,1,20,152777,2095,0,57,0,0,0,LEADER,1,0,0,0,0,56
154952,40,adaptive-prasle,2177,1,0,0,56,0,784,0,1,40,152775,2177,0,57,0,0,0,LEADER,1,0,0,0,0,56
154877,47,adaptive-prasle,2100,1,0,0,56,0,784,0,1,47,152777,2100,0,57,0,0,0,LEADER,1,0,0,0,0,56
155734,1,adaptive-prasle,2022,1,0,0,6,7,84,98,1,1,153712,2022,0,7,0,0,0,LEADER,1,0,0,0,0,6
155787,95,adaptive-prasle,2092,1,0,0,56,0,784,0,1,95,153695,2092,0,57,0,0,0,LEADER,1,0,0,0,0,56
155170,25,adaptive-prasle,2395,1,0,0,56,0,784,0,1,25,152775,2395,0,57,0,0,0,LEADER,1,0,0,0,0,56
155775,84,adaptive-prasle,2080,1,0,0,56,0,784,0,1,84,153695,2080,0,57,0,0,0,LEADER,1,0,0,0,0,56
155052,70,adaptive-prasle,2277,1,0,0,56,0,784,0,1,70,152775,2277,0,57,0,0,0,LEADER,1,0,0,0,0,56
154970,82,adaptive-prasle,2195,1,0,0,56,0,784,0,1,82,152775,2195,0,57,0,0,0,LEADER,1,0,0,0,0,56
155188,67,adaptive-prasle,2413,1,0,0,56,0,784,0,1,67,152775,2413,0,57,0,0,0,LEADER,1,0,0,0,0,56
155140,89,adaptive-prasle,2365,1,0,0,56,0,784,0,1,89,152775,2365,0,57,0,0,0,LEADER,1,0,0,0,0,56
155808,28,adaptive-prasle,2113,1,0,0,56,0,784,0,1,28,153695,2113,0,57,0,0,0,LEADER,1,0,0,0,0,56
155550,68,adaptive-prasle,1855,1,0,0,56,0,784,0,1,68,153695,1855,0,57,0,0,0,LEADER,1,0,0,0,0,56
155502,90,adaptive-prasle,1807,1,0,0,56,0,784,0,1,90,153695,1807,0,57,0,0,0,LEADER,1,0,0,0,0,56
155163,76,adaptive-prasle,1468,1,0,0,56,0,784,0,1,76,153695,1468,0,57,0,0,0,LEADER,1,0,0,0,0,56
155484,10,adaptive-prasle,1789,1,0,0,56,0,784,0,1,10,153695,1789,0,57,0,0,0,LEADER,1,0,0,0,0,56
155916,58,adaptive-prasle,2221,1,0,0,56,0,784,0,1,58,153695,2221,0,57,0,0,0,LEADER,1,0,0,0,0,56
155299,73,adaptive-prasle,1604,1,0,0,56,0,784,0,1,73,153695,1604,0,57,0,0,0,LEADER,1,0,0,0,0,56
155040,59,adaptive-prasle,2265,1,0,0,56,0,784,0,1,59,152775,2265,0,57,0,0,0,LEADER,1,0,0,0,0,56
155314,41,adaptive-prasle,1619,1,0,0,56,0,784,0,1,41,153695,1619,0,57,0,0,0,LEADER,1,0,0,0,0,56
155229,96,adaptive-prasle,1534,1,0,0,56,0,784,0,1,96,153695,1534,0,57,0,0,0,LEADER,1,0,0,0,0,56
155462,49,adaptive-prasle,1767,1,0,0,56,0,784,0,1,49,153695,1767,0,57,0,0,0,LEADER,1,0,0,0,0,56
155530,74,adaptive-prasle,1837,1,0,0,56,0,784,0,1,74,153693,1837,0,57,0,0,0,LEADER,1,0,0,0,0,56
155923,92,adaptive-prasle,2228,1,0,0,56,0,784,0,1,92,153695,2228,0,57,0,0,0,LEADER,1,0,0,0,0,56
155131,66,adaptive-prasle,1434,1,0,0,56,0,784,0,1,66,153697,1434,0,57,0,0,0,LEADER,1,0,0,0,0,56
155155,57,adaptive-prasle,2380,1,0,0,56,0,784,0,1,57,152775,2380,0,57,0,0,0,LEADER,1,0,0,0,0,56
155955,78,adaptive-prasle,2260,1,0,0,56,0,784,0,1,78,153695,2260,0,57,0,0,0,LEADER,1,0,0,0,0,56
155121,39,adaptive-prasle,2346,1,0,0,56,0,784,0,1,39,152775,2346,0,57,0,0,0,LEADER,1,0,0,0,0,56
155838,30,adaptive-prasle,2143,1,0,0,56,0,784,0,1,30,153695,2143,0,57,0,0,0,LEADER,1,0,0,0,0,56
155244,64,adaptive-prasle,1549,1,0,0,56,0,784,0,1,64,153695,1549,0,57,0,0,0,LEADER,1,0,0,0,0,56
155469,80,adaptive-prasle,1774,1,0,0,56,0,784,0,1,80,153695,1774,0,57,0,0,0,LEADER,1,0,0,0,0,56
155208,54,adaptive-prasle,1516,1,0,0,56,0,784,0,1,54,153692,1516,0,57,0,0,0,LEADER,1,0,0,0,0,56
155735,43,adaptive-prasle,2040,1,0,0,56,0,784,0,1,43,153695,2040,0,57,0,0,0,LEADER,1,0,0,0,0,56
155655,26,adaptive-prasle,1960,1,0,0,56,0,784,0,1,26,153695,1960,0,57,0,0,0,LEADER,1,0,0,0,0,56
155284,42,adaptive-prasle,1591,1,0,0,56,0,784,0,1,42,153693,1591,0,57,0,0,0,LEADER,1,0,0,0,0,56
155293,31,adaptive-prasle,1598,1,0,0,56,0,784,0,1,31,153695,1598,0,57,0,0,0,LEADER,1,0,0,0,0,56
156050,94,adaptive-prasle,2355,1,0,0,56,0,784,0,1,94,153695,2355,0,57,0,0,0,LEADER,1,0,0,0,0,56
155620,45,adaptive-prasle,1925,1,0,0,56,0,784,0,1,45,153695,1925,0,57,0,0,0,LEADER,1,0,0,0,0,56
155993,60,adaptive-prasle,2298,1,0,0,56,0,784,0,1,60,153695,2298,0,57,0,0,0,LEADER,1,0,0,0,0,56
156099,44,adaptive-prasle,1483,1,0,0,57,0,798,0,1,44,154616,1483,0,58,0,0,0,LEADER,1,0,0,0,0,57
155347,51,adaptive-prasle,1652,1,0,0,56,0,784,0,1,51,153695,1652,0,57,0,0,0,LEADER,1,0,0,0,0,56
155704,33,adaptive-prasle,2007,1,0,0,56,0,784,0,1,33,153697,2007,0,57,0,0,0,LEADER,1,0,0,0,0,56
155857,72,adaptive-prasle,2162,1,0,0,56,0,784,0,1,72,153695,2162,0,57,0,0,0,LEADER,1,0,0,0,0,56
156147,22,adaptive-prasle,1531,1,0,0,57,0,798,0,1,22,154616,1531,0,58,0,0,0,LEADER,1,0,0,0,0,57
155647,24,adaptive-prasle,1952,1,0,0,56,0,784,0,1,24,153695,1952,0,57,0,0,0,LEADER,1,0,0,0,0,56
156179,32,adaptive-prasle,1564,1,0,0,57,0,798,0,1,32,154615,1564,0,58,0,0,0,LEADER,1,0,0,0,0,57
155366,93,adaptive-prasle,1671,1,0,0,56,0,784,0,1,93,153695,1671,0,57,0,0,0,LEADER,1,0,0,0,0,56
156025,79,adaptive-prasle,2331,1,0,0,56,0,784,0,1,79,153694,2331,0,57,0,0,0,LEADER,1,0,0,0,0,56
156040,69,adaptive-prasle,2343,1,0,0,56,0,784,0,1,69,153697,2343,0,57,0,0,0,LEADER,1,0,0,0,0,56
155720,75,adaptive-prasle,2025,1,0,0,56,0,784,0,1,75,153695,2025,0,57,0,0,0,LEADER,1,0,0,0,0,56
155447,81,adaptive-prasle,1752,1,0,0,56,0,784,0,1,81,153695,1752,0,57,0,0,0,LEADER,1,0,0,0,0,56
155305,52,adaptive-prasle,1610,1,0,0,56,0,784,0,1,52,153695,1610,0,57,0,0,0,LEADER,1,0,0,0,0,56
155784,21,adaptive-prasle,2088,1,0,0,56,0,784,0,1,21,153696,2088,0,57,0,0,0,LEADER,1,0,0,0,0,56
155960,29,adaptive-prasle,2265,1,0,0,56,0,784,0,1,29,153695,2265,0,57,0,0,0,LEADER,1,0,0,0,0,56
155536,100,adaptive-prasle,1841,1,0,0,56,0,784,0,1,100,153695,1841,0,57,0,0,0,LEADER,1,0,0,0,0,56
155381,61,adaptive-prasle,1686,1,0,0,56,0,784,0,1,61,153695,1686,0,57,0,0,0,LEADER,1,0,0,0,0,56
155945,91,adaptive-prasle,2250,1,0,0,56,0,784,0,1,91,153695,2250,0,57,0,0,0,LEADER,1,0,0,0,0,56
155905,37,adaptive-prasle,2210,1,0,0,56,0,784,0,1,37,153695,2210,0,57,0,0,0,LEADER,1,0,0,0,0,56
155448,38,adaptive-prasle,1755,1,0,0,56,0,784,0,1,38,153693,1755,0,57,0,0,0,LEADER,1,0,0,0,0,56
156114,98,adaptive-prasle,2419,1,0,0,56,0,784,0,1,98,153695,2419,0,57,0,0,0,LEADER,1,0,0,0,0,56
155974,27,adaptive-prasle,2280,1,0,0,56,0,784,0,1,27,153694,2280,0,57,0,0,0,LEADER,1,0,0,0,0,56
155823,62,adaptive-prasle,2128,1,0,0,56,0,784,0,1,62,153695,2128,0,57,0,0,0,LEADER,1,0,0,0,0,56
155632,56,adaptive-prasle,1937,1,0,0,56,0,784,0,1,56,153695,1937,0,57,0,0,0,LEADER,1,0,0,0,0,56
156019,99,adaptive-prasle,2328,1,0,0,56,0,784,0,1,99,153691,2328,0,57,0,0,0,LEADER,1,0,0,0,0,56
155899,48,adaptive-prasle,2202,1,0,0,56,0,784,0,1,48,153697,2202,0,57,0,0,0,LEADER,1,0,0,0,0,56
155414,71,adaptive-prasle,1719,1,0,0,56,0,784,0,1,71,153695,1719,0,57,0,0,0,LEADER,1,0,0,0,0,56
155639,87,adaptive-prasle,1944,1,0,0,56,0,784,0,1,87,153695,1944,0,57,0,0,0,LEADER,1,0,0,0,0,56
155565,36,adaptive-prasle,1870,1,0,0,56,0,784,0,1,36,153695,1870,0,57,0,0,0,LEADER,1,0,0,0,0,56
156062,77,adaptive-prasle,1446,1,0,0,57,0,798,0,1,77,154616,1446,0,58,0,0,0,LEADER,1,0,0,0,0,57
156255,83,adaptive-prasle,1637,1,0,0,57,0,798,0,1,83,154618,1637,0,58,0,0,0,LEADER,1,0,0,0,0,57
155754,85,adaptive-prasle,2059,1,0,0,56,0,784,0,1,85,153695,2059,0,57,0,0,0,LEADER,1,0,0,0,0,56
156283,19,adaptive-prasle,1667,1,0,0,57,0,798,0,1,19,154616,1667,0,58,0,0,0,LEADER,1,0,0,0,0,57
156438,65,adaptive-prasle,1822,1,0,0,57,0,798,0,1,65,154616,1822,0,58,0,0,0,LEADER,1,0,0,0,0,57
156044,35,adaptive-prasle,1428,1,0,0,57,0,798,0,1,35,154616,1428,0,58,0,0,0,LEADER,1,0,0,0,0,57
156059,86,adaptive-prasle,1443,1,0,0,57,0,798,0,1,86,154616,1443,0,58,0,0,0,LEADER,1,0,0,0,0,57
156101,50,adaptive-prasle,2406,1,0,0,56,0,784,0,1,50,153695,2406,0,57,0,0,0,LEADER,1,0,0,0,0,56
156117,55,adaptive-prasle,1501,1,0,0,57,0,798,0,1,55,154616,1501,0,58,0,0,0,LEADER,1,0,0,0,0,57
156156,63,adaptive-prasle,1540,1,0,0,57,0,798,0,1,63,154616,1540,0,58,0,0,0,LEADER,1,0,0,0,0,57
156520,46,adaptive-prasle,1904,1,0,0,57,0,798,0,1,46,154616,1904,0,58,0,0,0,LEADER,1,0,0,0,0,57
156315,53,adaptive-prasle,1701,1,0,0,57,0,798,0,1,53,154614,1701,0,58,0,0,0,LEADER,1,0,0,0,0,57
155669,23,adaptive-prasle,1974,1,0,0,56,0,784,0,1,23,153695,1974,0,57,0,0,0,LEADER,1,0,0,0,0,56
156538,88,adaptive-prasle,1922,1,0,0,57,0,798,0,1,88,154616,1922,0,58,0,0,0,LEADER,1,0,0,0,0,57
156065,34,adaptive-prasle,1449,1,0,0,57,0,798,0,1,34,154616,1449,0,58,0,0,0,LEADER,1,0,0,0,0,57
155672,97,adaptive-prasle,1977,1,0,0,56,0,784,0,1,97,153695,1977,0,57,0,0,0,LEADER,1,0,0,0,0,56
155792,20,adaptive-prasle,2095,1,0,0,56,0,784,0,1,20,153697,2095,0,57,0,0,0,LEADER,1,0,0,0,0,56
155872,40,adaptive-prasle,2177,1,0,0,56,0,784,0,1,40,153695,2177,0,57,0,0,0,LEADER,1,0,0,0,0,56
155797,47,adaptive-prasle,2100,1,0,0,56,0,784,0,1,47,153697,2100,0,57,0,0,0,LEADER,1,0,0,0,0,56
156708,95,adaptive-prasle,2092,1,0,0,57,0,798,0,1,95,154616,2092,0,58,0,0,0,LEADER,1,0,0,0,0,57
156090,25,adaptive-prasle,2395,1,0,0,56,0,784,0,1,25,153695,2395,0,57,0,0,0,LEADER,1,0,0,0,0,56
156696,84,adaptive-prasle,2080,1,0,0,57,0,798,0,1,84,154616,2080,0,58,0,0,0,LEADER,1,0,0,0,0,57
155972,70,adaptive-prasle,2277,1,0,0,56,0,784,0,1,70,153695,2277,0,57,0,0,0,LEADER,1,0,0,0,0,56
155890,82,adaptive-prasle,2195,1,0,0,56,0,784,0,1,82,153695,2195,0,57,0,0,0,LEADER,1,0,0,0,0,56
156108,67,adaptive-prasle,2413,1,0,0,56,0,784,0,1,67,153695,2413,0,57,0,0,0,LEADER,1,0,0,0,0,56
156060,89,adaptive-prasle,2365,1,0,0,56,0,784,0,1,89,153695,2365,0,57,0,0,0,LEADER,1,0,0,0,0,56
156729,28,adaptive-prasle,2113,1,0,0,57,0,798,0,1,28,154616,2113,0,58,0,0,0,LEADER,1,0,0,0,0,57
156471,68,adaptive-prasle,1855,1,0,0,57,0,798,0,1,68,154616,1855,0,58,0,0,0,LEADER,1,0,0,0,0,57
156423,90,adaptive-prasle,1807,1,0,0,57,0,798,0,1,90,154616,1807,0,58,0,0,0,LEADER,1,0,0,0,0,57
156084,76,adaptive-prasle,1468,1,0,0,57,0,798,0,1,76,154616,1468,0,58,0,0,0,LEADER,1,0,0,0,0,57
156405,10,adaptive-prasle,1789,1,0,0,57,0,798,0,1,10,154616,1789,0,58,0,0,0,LEADER,1,0,0,0,0,57
156837,58,adaptive-prasle,2221,1,0,0,57,0,798,0,1,58,154616,2221,0,58,0,0,0,LEADER,1,0,0,0,0,57
156220,73,adaptive-prasle,1604,1,0,0,57,0,798,0,1,73,154616,1604,0,58,0,0,0,LEADER,1,0,0,0,0,57
155960,59,adaptive-prasle,2265,1,0,0,56,0,784,0,1,59,153695,2265,0,57,0,0,0,LEADER,1,0,0,0,0,56
156235,41,adaptive-prasle,1619,1,0,0,57,0,798,0,1,41,154616,1619,0,58,0,0,0,LEADER,1,0,0,0,0,57
156150,96,adaptive-prasle,1534,1,0,0,57,0,798,0,1,96,154616,1534,0,58,0,0,0,LEADER,1,0,0,0,0,57
156451,74,adaptive-prasle,1837,1,0,0,57,0,798,0,1,74,154614,1837,0,58,0,0,0,LEADER,1,0,0,0,0,57
156383,49,adaptive-prasle,1767,1,0,0,57,0,798,0,1,49,154616,1767,0,58,0,0,0,LEADER,1,0,0,0,0,57
156844,92,adaptive-prasle,2228,1,0,0,57,0,798,0,1,92,154616,2228,0,58,0,0,0,LEADER,1,0,0,0,0,57
156052,66,adaptive-prasle,1434,1,0,0,57,0,798,0,1,66,154618,1434,0,58,0,0,0,LEADER,1,0,0,0,0,57
156075,57,adaptive-prasle,2380,1,0,0,56,0,784,0,1,57,153695,2380,0,57,0,0,0,LEADER,1,0,0,0,0,56
156876,78,adaptive-prasle,2260,1,0,0,57,0,798,0,1,78,154616,2260,0,58,0,0,0,LEADER,1,0,0,0,0,57
156041,39,adaptive-prasle,2346,1,0,0,56,0,784,0,1,39,153695,2346,0,57,0,0,0,LEADER,1,0,0,0,0,56
156759,30,adaptive-prasle,2143,1,0,0,57,0,798,0,1,30,154616,2143,0,58,0,0,0,LEADER,1,0,0,0,0,57
156165,64,adaptive-prasle,1549,1,0,0,57,0,798,0,1,64,154616,1549,0,58,0,0,0,LEADER,1,0,0,0,0,57
156390,80,adaptive-prasle,1774,1,0,0,57,0,798,0,1,80,154616,1774,0,58,0,0,0,LEADER,1,0,0,0,0,57
156129,54,adaptive-prasle,1516,1,0,0,57,0,798,0,1,54,154613,1516,0,58,0,0,0,LEADER,1,0,0,0,0,57
156656,43,adaptive-prasle,2040,1,0,0,57,0,798,0,1,43,154616,2040,0,58,0,0,0,LEADER,1,0,0,0,0,57
156576,26,adaptive-prasle,1960,1,0,0,57,0,798,0,1,26,154616,1960,0,58,0,0,0,LEADER,1,0,0,0,0,57
156205,42,adaptive-prasle,1591,1,0,0,57,0,798,0,1,42,154614,1591,0,58,0,0,0,LEADER,1,0,0,0,0,57
156214,31,adaptive-prasle,1598,1,0,0,57,0,798,0,1,31,154616,1598,0,58,0,0,0,LEADER,1,0,0,0,0,57
156971,94,adaptive-prasle,2355,1,0,0,57,0,798,0,1,94,154616,2355,0,58,0,0,0,LEADER,1,0,0,0,0,57
156541,45,adaptive-prasle,1925,1,0,0,57,0,798,0,1,45,154616,1925,0,58,0,0,0,LEADER,1,0,0,0,0,57
156914,60,adaptive-prasle,2298,1,0,0,57,0,798,0,1,60,154616,2298,0,58,0,0,0,LEADER,1,0,0,0,0,57
157019,44,adaptive-prasle,1483,1,0,0,57,0,798,0,1,44,155536,1483,0,58,0,0,0,LEADER,1,0,0,0,0,57
156268,51,adaptive-prasle,1652,1,0,0,57,0,798,0,1,51,154616,1652,0,58,0,0,0,LEADER,1,0,0,0,0,57
157067,22,adaptive-prasle,1531,1,0,0,57,0,798,0,1,22,155536,1531,0,58,0,0,0,LEADER,1,0,0,0,0,57
156625,33,adaptive-prasle,2007,1,0,0,57,0,798,0,1,33,154618,2007,0,58,0,0,0,LEADER,1,0,0,0,0,57
156778,72,adaptive-prasle,2162,1,0,0,57,0,798,0,1,72,154616,2162,0,58,0,0,0,LEADER,1,0,0,0,0,57
156568,24,adaptive-prasle,1952,1,0,0,57,0,798,0,1,24,154616,1952,0,58,0,0,0,LEADER,1,0,0,0,0,57
157099,32,adaptive-prasle,1564,1,0,0,57,0,798,0,1,32,155535,1564,0,58,0,0,0,LEADER,1,0,0,0,0,57
156287,93,adaptive-prasle,1671,1,0,0,57,0,798,0,1,93,154616,1671,0,58,0,0,0,LEADER,1,0,0,0,0,57
156961,69,adaptive-prasle,2343,1,0,0,57,0,798,0,1,69,154618,2343,0,58,0,0,0,LEADER,1,0,0,0,0,57
156946,79,adaptive-prasle,2331,1,0,0,57,0,798,0,1,79,154615,2331,0,58,0,0,0,LEADER,1,0,0,0,0,57
156641,75,adaptive-prasle,2025,1,0,0,57,0,798,0,1,75,154616,2025,0,58,0,0,0,LEADER,1,0,0,0,0,57
156368,81,adaptive-prasle,1752,1,0,0,57,0,798,0,1,81,154616,1752,0,58,0,0,0,LEADER,1,0,0,0,0,57
156226,52,adaptive-prasle,1610,1,0,0,57,0,798,0,1,52,154616,1610,0,58,0,0,0,LEADER,1,0,0,0,0,57
156705,21,adaptive-prasle,2088,1,0,0,57,0,798,0,1,21,154617,2088,0,58,0,0,0,LEADER,1,0,0,0,0,57
156881,29,adaptive-prasle,2265,1,0,0,57,0,798,0,1,29,154616,2265,0,58,0,0,0,LEADER,1,0,0,0,0,57
156457,100,adaptive-prasle,1841,1,0,0,57,0,798,0,1,100,154616,1841,0,58,0,0,0,LEADER,1,0,0,0,0,57
156302,61,adaptive-prasle,1686,1,0,0,57,0,798,0,1,61,154616,1686,0,58,0,0,0,LEADER,1,0,0,0,0,57
156866,91,adaptive-prasle,2250,1,0,0,57,0,798,0,1,91,154616,2250,0,58,0,0,0,LEADER,1,0,0,0,0,57
156826,37,adaptive-prasle,2210,1,0,0,57,0,798,0,1,37,154616,2210,0,58,0,0,0,LEADER,1,0,0,0,0,57
156369,38,adaptive-prasle,1755,1,0,0,57,0,798,0,1,38,154614,1755,0,58,0,0,0,LEADER,1,0,0,0,0,57
157035,98,adaptive-prasle,2419,1,0,0,57,0,798,0,1,98,154616,2419,0,58,0,0,0,LEADER,1,0,0,0,0,57
156895,27,adaptive-prasle,2280,1,0,0,57,0,798,0,1,27,154615,2280,0,58,0,0,0,LEADER,1,0,0,0,0,57
156744,62,adaptive-prasle,2128,1,0,0,57,0,798,0,1,62,154616,2128,0,58,0,0,0,LEADER,1,0,0,0,0,57
156553,56,adaptive-prasle,1937,1,0,0,57,0,798,0,1,56,154616,1937,0,58,0,0,0,LEADER,1,0,0,0,0,57
156940,99,adaptive-prasle,2328,1,0,0,57,0,798,0,1,99,154612,2328,0,58,0,0,0,LEADER,1,0,0,0,0,57
156820,48,adaptive-prasle,2202,1,0,0,57,0,798,0,1,48,154618,2202,0,58,0,0,0,LEADER,1,0,0,0,0,57
156484,3,adaptive-prasle,1603,1,0,0,8,17,112,238,2,3,154881,1603,0,7,0,0,0,LEADER,1,0,0,0,0,8
156335,71,adaptive-prasle,1719,1,0,0,57,0,798,0,1,71,154616,1719,0,58,0,0,0,LEADER,1,0,0,0,0,57
156560,87,adaptive-prasle,1944,1,0,0,57,0,798,0,1,87,154616,1944,0,58,0,0,0,LEADER,1,0,0,0,0,57
156486,36,adaptive-prasle,1870,1,0,0,57,0,798,0,1,36,154616,1870,0,58,0,0,0,LEADER,1,0,0,0,0,57
156982,77,adaptive-prasle,1446,1,0,0,57,0,798,0,1,77,155536,1446,0,58,0,0,0,LEADER,1,0,0,0,0,57
157175,83,adaptive-prasle,1637,1,0,0,57,0,798,0,1,83,155538,1637,0,58,0,0,0,LEADER,1,0,0,0,0,57
156675,85,adaptive-prasle,2059,1,0,0,57,0,798,0,1,85,154616,2059,0,58,0,0,0,LEADER,1,0,0,0,0,57
157203,19,adaptive-prasle,1667,1,0,0,57,0,798,0,1,19,155536,1667,0,58,0,0,0,LEADER,1,0,0,0,0,57
157358,65,adaptive-prasle,1822,1,0,0,57,0,798,0,1,65,155536,1822,0,58,0,0,0,LEADER,1,0,0,0,0,57
156964,35,adaptive-prasle,1428,1,0,0,57,0,798,0,1,35,155536,1428,0,58,0,0,0,LEADER,1,0,0,0,0,57
156828,4,adaptive-prasle,2030,1,0,0,10,18,140,252,5,4,154798,2030,0,7,0,0,0,LEADER,1,0,0,0,0,10
156979,86,adaptive-prasle,1443,1,0,0,57,0,798,0,1,86,155536,1443,0,58,0,0,0,LEADER,1,0,0,0,0,57
157022,50,adaptive-prasle,2406,1,0,0,57,0,798,0,1,50,154616,2406,0,58,0,0,0,LEADER,1,0,0,0,0,57
157037,55,adaptive-prasle,1501,1,0,0,57,0,798,0,1,55,155536,1501,0,58,0,0,0,LEADER,1,0,0,0,0,57
157076,63,adaptive-prasle,1540,1,0,0,57,0,798,0,1,63,155536,1540,0,58,0,0,0,LEADER,1,0,0,0,0,57
157440,46,adaptive-prasle,1904,1,0,0,57,0,798,0,1,46,155536,1904,0,58,0,0,0,LEADER,1,0,0,0,0,57
157235,53,adaptive-prasle,1701,1,0,0,57,0,798,0,1,53,155534,1701,0,58,0,0,0,LEADER,1,0,0,0,0,57
156590,23,adaptive-prasle,1974,1,0,0,57,0,798,0,1,23,154616,1974,0,58,0,0,0,LEADER,1,0,0,0,0,57
157458,88,adaptive-prasle,1922,1,0,0,57,0,798,0,1,88,155536,1922,0,58,0,0,0,LEADER,1,0,0,0,0,57
156985,34,adaptive-prasle,1449,1,0,0,57,0,798,0,1,34,155536,1449,0,58,0,0,0,LEADER,1,0,0,0,0,57
156593,97,adaptive-prasle,1977,1,0,0,57,0,798,0,1,97,154616,1977,0,58,0,0,0,LEADER,1,0,0,0,0,57
156713,20,adaptive-prasle,2095,1,0,0,57,0,798,0,1,20,154618,2095,0,58,0,0,0,LEADER,1,0,0,0,0,57
156793,40,adaptive-prasle,2177,1,0,0,57,0,798,0,1,40,154616,2177,0,58,0,0,0,LEADER,1,0,0,0,0,57
156718,47,adaptive-prasle,2100,1,0,0,57,0,798,0,1,47,154618,2100,0,58,0,0,0,LEADER,1,0,0,0,0,57
157628,95,adaptive-prasle,2092,1,0,0,57,0,798,0,1,95,155536,2092,0,58,0,0,0,LEADER,1,0,0,0,0,57
157011,25,adaptive-prasle,2395,1,0,0,57,0,798,0,1,25,154616,2395,0,58,0,0,0,LEADER,1,0,0,0,0,57
157616,84,adaptive-prasle,2080,1,0,0,57,0,798,0,1,84,155536,2080,0,58,0,0,0,LEADER,1,0,0,0,0,57
156893,70,adaptive-prasle,2277,1,0,0,57,0,798,0,1,70,154616,2277,0,58,0,0,0,LEADER,1,0,0,0,0,57
156811,82,adaptive-prasle,2195,1,0,0,57,0,798,0,1,82,154616,2195,0,58,0,0,0,LEADER,1,0,0,0,0,57
157029,67,adaptive-prasle,2413,1,0,0,57,0,798,0,1,67,154616,2413,0,58,0,0,0,LEADER,1,0,0,0,0,57
156981,89,adaptive-prasle,2365,1,0,0,57,0,798,0,1,89,154616,2365,0,58,0,0,0,LEADER,1,0,0,0,0,57
157649,28,adaptive-prasle,2113,1,0,0,57,0,798,0,1,28,155536,2113,0,58,0,0,0,LEADER,1,0,0,0,0,57
157391,68,adaptive-prasle,1855,1,0,0,57,0,798,0,1,68,155536,1855,0,58,0,0,0,LEADER,1,0,0,0,0,57
157343,90,adaptive-prasle,1807,1,0,0,57,0,798,0,1,90,155536,1807,0,58,0,0,0,LEADER,1,0,0,0,0,57
157004,76,adaptive-prasle,1468,1,0,0,57,0,798,0,1,76,155536,1468,0,58,0,0,0,LEADER,1,0,0,0,0,57
157325,10,adaptive-prasle,1789,1,0,0,57,0,798,0,1,10,155536,1789,0,58,0,0,0,LEADER,1,0,0,0,0,57
157757,58,adaptive-prasle,2221,1,0,0,57,0,798,0,1,58,155536,2221,0,58,0,0,0,LEADER,1,0,0,0,0,57
157140,73,adaptive-prasle,1604,1,0,0,57,0,798,0,1,73,155536,1604,0,58,0,0,0,LEADER,1,0,0,0,0,57
156881,59,adaptive-prasle,2265,1,0,0,57,0,798,0,1,59,154616,2265,0,58,0,0,0,LEADER,1,0,0,0,0,57
157155,41,adaptive-prasle,1619,1,0,0,57,0,798,0,1,41,155536,1619,0,58,0,0,0,LEADER,1,0,0,0,0,57
157070,96,adaptive-prasle,1534,1,0,0,57,0,798,0,1,96,155536,1534,0,58,0,0,0,LEADER,1,0,0,0,0,57
157371,74,adaptive-prasle,1837,1,0,0,57,0,798,0,1,74,155534,1837,0,58,0,0,0,LEADER,1,0,0,0,0,57
157303,49,adaptive-prasle,1767,1,0,0,57,0,798,0,1,49,155536,1767,0,58,0,0,0,LEADER,1,0,0,0,0,57
157745,9,adaptive-prasle,1889,1,0,0,13,13,182,182,5,9,155856,1889,0,6,0,0,0,LEADER,1,0,0,0,0,13
157764,92,adaptive-prasle,2228,1,0,0,57,0,798,0,1,92,155536,2228,0,58,0,0,0,LEADER,1,0,0,0,0,57
156972,66,adaptive-prasle,1434,1,0,0,57,0,798,0,1,66,155538,1434,0,58,0,0,0,LEADER,1,0,0,0,0,57
156996,57,adaptive-prasle,2380,1,0,0,57,0,798,0,1,57,154616,2380,0,58,0,0,0,LEADER,1,0,0,0,0,57
157796,78,adaptive-prasle,2260,1,0,0,57,0,798,0,1,78,155536,2260,0,58,0,0,0,LEADER,1,0,0,0,0,57
156962,39,adaptive-prasle,2346,1,0,0,57,0,798,0,1,39,154616,2346,0,58,0,0,0,LEADER,1,0,0,0,0,57
157679,30,adaptive-prasle,2143,1,0,0,57,0,798,0,1,30,155536,2143,0,58,0,0,0,LEADER,1,0,0,0,0,57
157085,64,adaptive-prasle,1549,1,0,0,57,0,798,0,1,64,155536,1549,0,58,0,0,0,LEADER,1,0,0,0,0,57
157310,80,adaptive-prasle,1774,1,0,0,57,0,798,0,1,80,155536,1774,0,58,0,0,0,LEADER,1,0,0,0,0,57
157049,54,adaptive-prasle,1516,1,0,0,57,0,798,0,1,54,155533,1516,0,58,0,0,0,LEADER,1,0,0,0,0,57
157576,43,adaptive-prasle,2040,1,0,0,57,0,798,0,1,43,155536,2040,0,58,0,0,0,LEADER,1,0,0,0,0,57
157496,26,adaptive-prasle,1960,1,0,0,57,0,798,0,1,26,155536,1960,0,58,0,0,0,LEADER,1,0,0,0,0,57
157125,42,adaptive-prasle,1591,1,0,0,57,0,798,0,1,42,155534,1591,0,58,0,0,0,LEADER,1,0,0,0,0,57
157134,31,adaptive-prasle,1598,1,0,0,57,0,798,0,1,31,155536,1598,0,58,0,0,0,LEADER,1,0,0,0,0,57
157891,94,adaptive-prasle,2355,1,0,0,57,0,798,0,1,94,155536,2355,0,58,0,0,0,LEADER,1,0,0,0,0,57
157461,45,adaptive-prasle,1925,1,0,0,57,0,798,0,1,45,155536,1925,0,58,0,0,0,LEADER,1,0,0,0,0,57
157834,60,adaptive-prasle,2298,1,0,0,57,0,798,0,1,60,155536,2298,0,58,0,0,0,LEADER,1,0,0,0,0,57
157939,44,adaptive-prasle,1483,1,0,0,57,0,798,0,1,44,156456,1483,0,58,0,0,0,LEADER,1,0,0,0,0,57
157188,51,adaptive-prasle,1652,1,0,0,57,0,798,0,1,51,155536,1652,0,58,0,0,0,LEADER,1,0,0,0,0,57
157987,22,adaptive-prasle,1531,1,0,0,57,0,798,0,1,22,156456,1531,0,58,0,0,0,LEADER,1,0,0,0,0,57
157545,33,adaptive-prasle,2007,1,0,0,57,0,798,0,1,33,155538,2007,0,58,0,0,0,LEADER,1,0,0,0,0,57
157698,72,adaptive-prasle,2162,1,0,0,57,0,798,0,1,72,155536,2162,0,58,0,0,0,LEADER,1,0,0,0,0,57
157488,24,adaptive-prasle,1952,1,0,0,57,0,798,0,1,24,155536,1952,0,58,0,0,0,LEADER,1,0,0,0,0,57
158019,32,adaptive-prasle,1564,1,0,0,57,0,798,0,1,32,156455,1564,0,58,0,0,0,LEADER,1,0,0,0,0,57
157207,93,adaptive-prasle,1671,1,0,0,57,0,798,0,1,93,155536,1671,0,58,0,0,0,LEADER,1,0,0,0,0,57
157866,79,adaptive-prasle,2331,1,0,0,57,0,798,0,1,79,155535,2331,0,58,0,0,0,LEADER,1,0,0,0,0,57
157881,69,adaptive-prasle,2343,1,0,0,57,0,798,0,1,69,155538,2343,0,58,0,0,0,LEADER,1,0,0,0,0,57
157561,75,adaptive-prasle,2025,1,0,0,57,0,798,0,1,75,155536,2025,0,58,0,0,0,LEADER,1,0,0,0,0,57
157288,81,adaptive-prasle,1752,1,0,0,57,0,798,0,1,81,155536,1752,0,58,0,0,0,LEADER,1,0,0,0,0,57
157146,52,adaptive-prasle,1610,1,0,0,57,0,798,0,1,52,155536,1610,0,58,0,0,0,LEADER,1,0,0,0,0,57
157625,21,adaptive-prasle,2088,1,0,0,57,0,798,0,1,21,155537,2088,0,58,0,0,0,LEADER,1,0,0,0,0,57
157801,29,adaptive-prasle,2265,1,0,0,57,0,798,0,1,29,155536,2265,0,58,0,0,0,LEADER,1,0,0,0,0,57
157377,100,adaptive-prasle,1841,1,0,0,57,0,798,0,1,100,155536,1841,0,58,0,0,0,LEADER,1,0,0,0,0,57
157222,61,adaptive-prasle,1686,1,0,0,57,0,798,0,1,61,155536,1686,0,58,0,0,0,LEADER,1,0,0,0,0,57
157786,91,adaptive-prasle,2250,1,0,0,57,0,798,0,1,91,155536,2250,0,58,0,0,0,LEADER,1,0,0,0,0,57
157746,37,adaptive-prasle,2210,1,0,0,57,0,798,0,1,37,155536,2210,0,58,0,0,0,LEADER,1,0,0,0,0,57
157289,38,adaptive-prasle,1755,1,0,0,57,0,798,0,1,38,155534,1755,0,58,0,0,0,LEADER,1,0,0,0,0,57
157955,98,adaptive-prasle,2419,1,0,0,57,0,798,0,1,98,155536,2419,0,58,0,0,0,LEADER,1,0,0,0,0,57
157815,27,adaptive-prasle,2280,1,0,0,57,0,798,0,1,27,155535,2280,0,58,0,0,0,LEADER,1,0,0,0,0,57
157664,62,adaptive-prasle,2128,1,0,0,57,0,798,0,1,62,155536,2128,0,58,0,0,0,LEADER,1,0,0,0,0,57
157473,56,adaptive-prasle,1937,1,0,0,57,0,798,0,1,56,155536,1937,0,58,0,0,0,LEADER,1,0,0,0,0,57
157860,99,adaptive-prasle,2328,1,0,0,57,0,798,0,1,99,155532,2328,0,58,0,0,0,LEADER,1,0,0,0,0,57
157740,48,adaptive-prasle,2202,1,0,0,57,0,798,0,1,48,155538,2202,0,58,0,0,0,LEADER,1,0,0,0,0,57
157255,71,adaptive-prasle,1719,1,0,0,57,0,798,0,1,71,155536,1719,0,58,0,0,0,LEADER,1,0,0,0,0,57
157480,87,adaptive-prasle,1944,1,0,0,57,0,798,0,1,87,155536,1944,0,58,0,0,0,LEADER,1,0,0,0,0,57
157406,36,adaptive-prasle,1870,1,0,0,57,0,798,0,1,36,155536,1870,0,58,0,0,0,LEADER,1,0,0,0,0,57
157606,8,adaptive-prasle,2217,1,0,0,13,25,182,350,4,6,155389,2217,0,6,0,0,0,NORMAL,0,0,0,0,0,13
157902,77,adaptive-prasle,1446,1,0,0,57,0,798,0,1,77,156456,1446,0,58,0,0,0,LEADER,1,0,0,0,0,57
158095,83,adaptive-prasle,1637,1,0,0,57,0,798,0,1,83,156458,1637,0,58,0,0,0,LEADER,1,0,0,0,0,57
157595,85,adaptive-prasle,2059,1,0,0,57,0,798,0,1,85,155536,2059,0,58,0,0,0,LEADER,1,0,0,0,0,57
158123,19,adaptive-prasle,1667,1,0,0,57,0,798,0,1,19,156456,1667,0,58,0,0,0,LEADER,1,0,0,0,0,57
158278,65,adaptive-prasle,1822,1,0,0,57,0,798,0,1,65,156456,1822,0,58,0,0,0,LEADER,1,0,0,0,0,57
157884,35,adaptive-prasle,1428,1,0,0,57,0,798,0,1,35,156456,1428,0,58,0,0,0,LEADER,1,0,0,0,0,57
157899,86,adaptive-prasle,1443,1,0,0,57,0,798,0,1,86,156456,1443,0,58,0,0,0,LEADER,1,0,0,0,0,57
157942,50,adaptive-prasle,2406,1,0,0,57,0,798,0,1,50,155536,2406,0,58,0,0,0,LEADER,1,0,0,0,0,57
157957,55,adaptive-prasle,1501,1,0,0,57,0,798,0,1,55,156456,1501,0,58,0,0,0,LEADER,1,0,0,0,0,57
157996,63,adaptive-prasle,1540,1,0,0,57,0,798,0,1,63,156456,1540,0,58,0,0,0,LEADER,1,0,0,0,0,57
158360,46,adaptive-prasle,1904,1,0,0,57,0,798,0,1,46,156456,1904,0,58,0,0,0,LEADER,1,0,0,0,0,57
158155,53,adaptive-prasle,1701,1,0,0,57,0,798,0,1,53,156454,1701,0,58,0,0,0,LEADER,1,0,0,0,0,57
157510,23,adaptive-prasle,1974,1,0,0,57,0,798,0,1,23,155536,1974,0,58,0,0,0,LEADER,1,0,0,0,0,57
158378,88,adaptive-prasle,1922,1,0,0,57,0,798,0,1,88,156456,1922,0,58,0,0,0,LEADER,1,0,0,0,0,57
157905,34,adaptive-prasle,1449,1,0,0,57,0,798,0,1,34,156456,1449,0,58,0,0,0,LEADER,1,0,0,0,0,57
157513,97,adaptive-prasle,1977,1,0,0,57,0,798,0,1,97,155536,1977,0,58,0,0,0,LEADER,1,0,0,0,0,57
157633,20,adaptive-prasle,2095,1,0,0,57,0,798,0,1,20,155538,2095,0,58,0,0,0,LEADER,1,0,0,0,0,57
157713,40,adaptive-prasle,2177,1,0,0,57,0,798,0,1,40,155536,2177,0,58,0,0,0,LEADER,1,0,0,0,0,57
157638,47,adaptive-prasle,2100,1,0,0,57,0,798,0,1,47,155538,2100,0,58,0,0,0,LEADER,1,0,0,0,0,57
158548,95,adaptive-prasle,2092,1,0,0,57,0,798,0,1,95,156456,2092,0,58,0,0,0,LEADER,1,0,0,0,0,57
157931,25,adaptive-prasle,2395,1,0,0,57,0,798,0,1,25,155536,2395,0,58,0,0,0,LEADER,1,0,0,0,0,57
158536,84,adaptive-prasle,2080,1,0,0,57,0,798,0,1,84,156456,2080,0,58,0,0,0,LEADER,1,0,0,0,0,57
157813,70,adaptive-prasle,2277,1,0,0,57,0,798,0,1,70,155536,2277,0,58,0,0,0,LEADER,1,0,0,0,0,57
157731,82,adaptive-prasle,2195,1,0,0,57,0,798,0,1,82,155536,2195,0,58,0,0,0,LEADER,1,0,0,0,0,57
157949,67,adaptive-prasle,2413,1,0,0,57,0,798,0,1,67,155536,2413,0,58,0,0,0,LEADER,1,0,0,0,0,57
157901,89,adaptive-prasle,2365,1,0,0,57,0,798,0,1,89,155536,2365,0,58,0,0,0,LEADER,1,0,0,0,0,57
158569,28,adaptive-prasle,2113,1,0,0,57,0,798,0,1,28,156456,2113,0,58,0,0,0,LEADER,1,0,0,0,0,57
158311,68,adaptive-prasle,1855,1,0,0,57,0,798,0,1,68,156456,1855,0,58,0,0,0,LEADER,1,0,0,0,0,57
158263,90,adaptive-prasle,1807,1,0,0,57,0,798,0,1,90,156456,1807,0,58,0,0,0,LEADER,1,0,0,0,0,57
157924,76,adaptive-prasle,1468,1,0,0,57,0,798,0,1,76,156456,1468,0,58,0,0,0,LEADER,1,0,0,0,0,57
158677,58,adaptive-prasle,2221,1,0,0,57,0,798,0,1,58,156456,2221,0,58,0,0,0,LEADER,1,0,0,0,0,57
158245,10,adaptive-prasle,1789,1,0,0,57,0,798,0,1,10,156456,1789,0,58,0,0,0,LEADER,1,0,0,0,0,57
158060,73,adaptive-prasle,1604,1,0,0,57,0,798,0,1,73,156456,1604,0,58,0,0,0,LEADER,1,0,0,0,0,57
157801,59,adaptive-prasle,2265,1,0,0,57,0,798,0,1,59,155536,2265,0,58,0,0,0,LEADER,1,0,0,0,0,57
158075,41,adaptive-prasle,1619,1,0,0,57,0,798,0,1,41,156456,1619,0,58,0,0,0,LEADER,1,0,0,0,0,57
157990,96,adaptive-prasle,1534,1,0,0,57,0,798,0,1,96,156456,1534,0,58,0,0,0,LEADER,1,0,0,0,0,57
158291,74,adaptive-prasle,1837,1,0,0,57,0,798,0,1,74,156454,1837,0,58,0,0,0,LEADER,1,0,0,0,0,57
158223,49,adaptive-prasle,1767,1,0,0,57,0,798,0,1,49,156456,1767,0,58,0,0,0,LEADER,1,0,0,0,0,57
158684,92,adaptive-prasle,2228,1,0,0,57,0,798,0,1,92,156456,2228,0,58,0,0,0,LEADER,1,0,0,0,0,57
157892,66,adaptive-prasle,1434,1,0,0,57,0,798,0,1,66,156458,1434,0,58,0,0,0,LEADER,1,0,0,0,0,57
157916,57,adaptive-prasle,2380,1,0,0,57,0,798,0,1,57,155536,2380,0,58,0,0,0,LEADER,1,0,0,0,0,57
158716,78,adaptive-prasle,2260,1,0,0,57,0,798,0,1,78,156456,2260,0,58,0,0,0,LEADER,1,0,0,0,0,57
157882,39,adaptive-prasle,2346,1,0,0,57,0,798,0,1,39,155536,2346,0,58,0,0,0,LEADER,1,0,0,0,0,57
158599,30,adaptive-prasle,2143,1,0,0,57,0,798,0,1,30,156456,2143,0,58,0,0,0,LEADER,1,0,0,0,0,57
158005,64,adaptive-prasle,1549,1,0,0,57,0,798,0,1,64,156456,1549,0,58,0,0,0,LEADER,1,0,0,0,0,57
158230,80,adaptive-prasle,1774,1,0,0,57,0,798,0,1,80,156456,1774,0,58,0,0,0,LEADER,1,0,0,0,0,57
157969,54,adaptive-prasle,1516,1,0,0,57,0,798,0,1,54,156453,1516,0,58,0,0,0,LEADER,1,0,0,0,0,57
158496,43,adaptive-prasle,2040,1,0,0,57,0,798,0,1,43,156456,2040,0,58,0,0,0,LEADER,1,0,0,0,0,57
158416,26,adaptive-prasle,1960,1,0,0,57,0,798,0,1,26,156456,1960,0,58,0,0,0,LEADER,1,0,0,0,0,57
158045,42,adaptive-prasle,1591,1,0,0,57,0,798,0,1,42,156454,1591,0,58,0,0,0,LEADER,1,0,0,0,0,57
158054,31,adaptive-prasle,1598,1,0,0,57,0,798,0,1,31,156456,1598,0,58,0,0,0,LEADER,1,0,0,0,0,57
158811,94,adaptive-prasle,2355,1,0,0,57,0,798,0,1,94,156456,2355,0,58,0,0,0,LEADER,1,0,0,0,0,57
158381,45,adaptive-prasle,1925,1,0,0,57,0,798,0,1,45,156456,1925,0,58,0,0,0,LEADER,1,0,0,0,0,57
158754,60,adaptive-prasle,2298,1,0,0,57,0,798,0,1,60,156456,2298,0,58,0,0,0,LEADER,1,0,0,0,0,57
158860,44,adaptive-prasle,1483,1,0,0,58,0,812,0,1,44,157377,1483,0,59,0,0,0,LEADER,1,0,0,0,0,58
158108,51,adaptive-prasle,1652,1,0,0,57,0,798,0,1,51,156456,1652,0,58,0,0,0,LEADER,1,0,0,0,0,57
158465,33,adaptive-prasle,2007,1,0,0,57,0,798,0,1,33,156458,2007,0,58,0,0,0,LEADER,1,0,0,0,0,57
158908,22,adaptive-prasle,1531,1,0,0,58,0,812,0,1,22,157377,1531,0,59,0,0,0,LEADER,1,0,0,0,0,58
158618,72,adaptive-prasle,2162,1,0,0,57,0,798,0,1,72,156456,2162,0,58,0,0,0,LEADER,1,0,0,0,0,57
158408,24,adaptive-prasle,1952,1,0,0,57,0,798,0,1,24,156456,1952,0,58,0,0,0,LEADER,1,0,0,0,0,57
158940,32,adaptive-prasle,1564,1,0,0,58,0,812,0,1,32,157376,1564,0,59,0,0,0,LEADER,1,0,0,0,0,58
158127,93,adaptive-prasle,1671,1,0,0,57,0,798,0,1,93,156456,1671,0,58,0,0,0,LEADER,1,0,0,0,0,57
158786,79,adaptive-prasle,2331,1,0,0,57,0,798,0,1,79,156455,2331,0,58,0,0,0,LEADER,1,0,0,0,0,57
158801,69,adaptive-prasle,2343,1,0,0,57,0,798,0,1,69,156458,2343,0,58,0,0,0,LEADER,1,0,0,0,0,57
158481,75,adaptive-prasle,2025,1,0,0,57,0,798,0,1,75,156456,2025,0,58,0,0,0,LEADER,1,0,0,0,0,57
158208,81,adaptive-prasle,1752,1,0,0,57,0,798,0,1,81,156456,1752,0,58,0,0,0,LEADER,1,0,0,0,0,57
158066,52,adaptive-prasle,1610,1,0,0,57,0,798,0,1,52,156456,1610,0,58,0,0,0,LEADER,1,0,0,0,0,57
158545,21,adaptive-prasle,2088,1,0,0,57,0,798,0,1,21,156457,2088,0,58,0,0,0,LEADER,1,0,0,0,0,57
158721,29,adaptive-prasle,2265,1,0,0,57,0,798,0,1,29,156456,2265,0,58,0,0,0,LEADER,1,0,0,0,0,57
158297,100,adaptive-prasle,1841,1,0,0,57,0,798,0,1,100,156456,1841,0,58,0,0,0,LEADER,1,0,0,0,0,57
158142,61,adaptive-prasle,1686,1,0,0,57,0,798,0,1,61,156456,1686,0,58,0,0,0,LEADER,1,0,0,0,0,57
158706,91,adaptive-prasle,2250,1,0,0,57,0,798,0,1,91,156456,2250,0,58,0,0,0,LEADER,1,0,0,0,0,57
158666,37,adaptive-prasle,2210,1,0,0,57,0,798,0,1,37,156456,2210,0,58,0,0,0,LEADER,1,0,0,0,0,57
158209,38,adaptive-prasle,1755,1,0,0,57,0,798,0,1,38,156454,1755,0,58,0,0,0,LEADER,1,0,0,0,0,57
158875,98,adaptive-prasle,2419,1,0,0,57,0,798,0,1,98,156456,2419,0,58,0,0,0,LEADER,1,0,0,0,0,57
158780,6,adaptive-prasle,1797,1,0,0,11,20,154,280,4,6,156983,1797,0,6,0,0,0,LEADER,1,0,0,0,0,11
158735,27,adaptive-prasle,2280,1,0,0,57,0,798,0,1,27,156455,2280,0,58,0,0,0,LEADER,1,0,0,0,0,57
158584,62,adaptive-prasle,2128,1,0,0,57,0,798,0,1,62,156456,2128,0,58,0,0,0,LEADER,1,0,0,0,0,57
158393,56,adaptive-prasle,1937,1,0,0,57,0,798,0,1,56,156456,1937,0,58,0,0,0,LEADER,1,0,0,0,0,57
158780,99,adaptive-prasle,2328,1,0,0,57,0,798,0,1,99,156452,2328,0,58,0,0,0,LEADER,1,0,0,0,0,57
158984,11,adaptive-prasle,2055,1,0,0,10,6,140,84,4,11,156929,2055,0,8,0,0,0,LEADER,1,0,0,0,0,10
158660,48,adaptive-prasle,2202,1,0,0,57,0,798,0,1,48,156458,2202,0,58,0,0,0,LEADER,1,0,0,0,0,57
158175,71,adaptive-prasle,1719,1,0,0,57,0,798,0,1,71,156456,1719,0,58,0,0,0,LEADER,1,0,0,0,0,57
158400,87,adaptive-prasle,1944,1,0,0,57,0,798,0,1,87,156456,1944,0,58,0,0,0,LEADER,1,0,0,0,0,57
158326,36,adaptive-prasle,1870,1,0,0,57,0,798,0,1,36,156456,1870,0,58,0,0,0,LEADER,1,0,0,0,0,57
158823,77,adaptive-prasle,1446,1,0,0,58,0,812,0,1,77,157377,1446,0,59,0,0,0,LEADER,1,0,0,0,0,58
159016,83,adaptive-prasle,1637,1,0,0,58,0,812,0,1,83,157379,1637,0,59,0,0,0,LEADER,1,0,0,0,0,58
158515,85,adaptive-prasle,2059,1,0,0,57,0,798,0,1,85,156456,2059,0,58,0,0,0,LEADER,1,0,0,0,0,57
159044,19,adaptive-prasle,1667,1,0,0,58,0,812,0,1,19,157377,1667,0,59,0,0,0,LEADER,1,0,0,0,0,58
159199,65,adaptive-prasle,1822,1,0,0,58,0,812,0,1,65,157377,1822,0,59,0,0,0,LEADER,1,0,0,0,0,58
158805,35,adaptive-prasle,1428,1,0,0,58,0,812,0,1,35,157377,1428,0,59,0,0,0,LEADER,1,0,0,0,0,58
158820,86,adaptive-prasle,1443,1,0,0,58,0,812,0,1,86,157377,1443,0,59,0,0,0,LEADER,1,0,0,0,0,58
158862,50,adaptive-prasle,2406,1,0,0,57,0,798,0,1,50,156456,2406,0,58,0,0,0,LEADER,1,0,0,0,0,57
158878,55,adaptive-prasle,1501,1,0,0,58,0,812,0,1,55,157377,1501,0,59,0,0,0,LEADER,1,0,0,0,0,58
158917,63,adaptive-prasle,1540,1,0,0,58,0,812,0,1,63,157377,1540,0,59,0,0,0,LEADER,1,0,0,0,0,58
159281,46,adaptive-prasle,1904,1,0,0,58,0,812,0,1,46,157377,1904,0,59,0,0,0,LEADER,1,0,0,0,0,58
159076,53,adaptive-prasle,1701,1,0,0,58,0,812,0,1,53,157375,1701,0,59,0,0,0,LEADER,1,0,0,0,0,58
158430,23,adaptive-prasle,1974,1,0,0,57,0,798,0,1,23,156456,1974,0,58,0,0,0,LEADER,1,0,0,0,0,57
159299,88,adaptive-prasle,1922,1,0,0,58,0,812,0,1,88,157377,1922,0,59,0,0,0,LEADER,1,0,0,0,0,58
158826,34,adaptive-prasle,1449,1,0,0,58,0,812,0,1,34,157377,1449,0,59,0,0,0,LEADER,1,0,0,0,0,58
158433,97,adaptive-prasle,1977,1,0,0,57,0,798,0,1,97,156456,1977,0,58,0,0,0,LEADER,1,0,0,0,0,57
158553,20,adaptive-prasle,2095,1,0,0,57,0,798,0,1,20,156458,2095,0,58,0,0,0,LEADER,1,0,0,0,0,57
158633,40,adaptive-prasle,2177,1,0,0,57,0,798,0,1,40,156456,2177,0,58,0,0,0,LEADER,1,0,0,0,0,57
158558,47,adaptive-prasle,2100,1,0,0,57,0,798,0,1,47,156458,2100,0,58,0,0,0,LEADER,1,0,0,0,0,57
159469,95,adaptive-prasle,2092,1,0,0,58,0,812,0,1,95,157377,2092,0,59,0,0,0,LEADER,1,0,0,0,0,58
158851,25,adaptive-prasle,2395,1,0,0,57,0,798,0,1,25,156456,2395,0,58,0,0,0,LEADER,1,0,0,0,0,57
159457,84,adaptive-prasle,2080,1,0,0,58,0,812,0,1,84,157377,2080,0,59,0,0,0,LEADER,1,0,0,0,0,58
158733,70,adaptive-prasle,2277,1,0,0,57,0,798,0,1,70,156456,2277,0,58,0,0,0,LEADER,1,0,0,0,0,57
158651,82,adaptive-prasle,2195,1,0,0,57,0,798,0,1,82,156456,2195,0,58,0,0,0,LEADER,1,0,0,0,0,57
158869,67,adaptive-prasle,2413,1,0,0,57,0,798,0,1,67,156456,2413,0,58,0,0,0,LEADER,1,0,0,0,0,57
158821,89,adaptive-prasle,2365,1,0,0,57,0,798,0,1,89,156456,2365,0,58,0,0,0,LEADER,1,0,0,0,0,57
159490,28,adaptive-prasle,2113,1,0,0,58,0,812,0,1,28,157377,2113,0,59,0,0,0,LEADER,1,0,0,0,0,58
159232,68,adaptive-prasle,1855,1,0,0,58,0,812,0,1,68,157377,1855,0,59,0,0,0,LEADER,1,0,0,0,0,58
159229,7,adaptive-prasle,1749,1,0,0,12,24,168,336,5,6,157480,1749,0,6,0,0,0,NORMAL,0,0,0,0,0,12
159184,90,adaptive-prasle,1807,1,0,0,58,0,812,0,1,90,157377,1807,0,59,0,0,0,LEADER,1,0,0,0,0,58
158845,76,adaptive-prasle,1468,1,0,0,58,0,812,0,1,76,157377,1468,0,59,0,0,0,LEADER,1,0,0,0,0,58
159166,10,adaptive-prasle,1789,1,0,0,58,0,812,0,1,10,157377,1789,0,59,0,0,0,LEADER,1,0,0,0,0,58
159598,58,adaptive-prasle,2221,1,0,0,58,0,812,0,1,58,157377,2221,0,59,0,0,0,LEADER,1,0,0,0,0,58
158981,73,adaptive-prasle,1604,1,0,0,58,0,812,0,1,73,157377,1604,0,59,0,0,0,LEADER,1,0,0,0,0,58
158721,59,adaptive-prasle,2265,1,0,0,57,0,798,0,1,59,156456,2265,0,58,0,0,0,LEADER,1,0,0,0,0,57
158996,41,adaptive-prasle,1619,1,0,0,58,0,812,0,1,41,157377,1619,0,59,0,0,0,LEADER,1,0,0,0,0,58
158911,96,adaptive-prasle,1534,1,0,0,58,0,812,0,1,96,157377,1534,0,59,0,0,0,LEADER,1,0,0,0,0,58
159212,74,adaptive-prasle,1837,1,0,0,58,0,812,0,1,74,157375,1837,0,59,0,0,0,LEADER,1,0,0,0,0,58
159144,49,adaptive-prasle,1767,1,0,0,58,0,812,0,1,49,157377,1767,0,59,0,0,0,LEADER,1,0,0,0,0,58
159605,92,adaptive-prasle,2228,1,0,0,58,0,812,0,1,92,157377,2228,0,59,0,0,0,LEADER,1,0,0,0,0,58
158813,66,adaptive-prasle,1434,1,0,0,58,0,812,0,1,66,157379,1434,0,59,0,0,0,LEADER,1,0,0,0,0,58
158836,57,adaptive-prasle,2380,1,0,0,57,0,798,0,1,57,156456,2380,0,58,0,0,0,LEADER,1,0,0,0,0,57
159637,78,adaptive-prasle,2260,1,0,0,58,0,812,0,1,78,157377,2260,0,59,0,0,0,LEADER,1,0,0,0,0,58
158802,39,adaptive-prasle,2346,1,0,0,57,0,798,0,1,39,156456,2346,0,58,0,0,0,LEADER,1,0,0,0,0,57
159520,30,adaptive-prasle,2143,1,0,0,58,0,812,0,1,30,157377,2143,0,59,0,0,0,LEADER,1,0,0,0,0,58
158926,64,adaptive-prasle,1549,1,0,0,58,0,812,0,1,64,157377,1549,0,59,0,0,0,LEADER,1,0,0,0,0,58
159151,80,adaptive-prasle,1774,1,0,0,58,0,812,0,1,80,157377,1774,0,59,0,0,0,LEADER,1,0,0,0,0,58
158890,54,adaptive-prasle,1516,1,0,0,58,0,812,0,1,54,157374,1516,0,59,0,0,0,LEADER,1,0,0,0,0,58
159417,43,adaptive-prasle,2040,1,0,0,58,0,812,0,1,43,157377,2040,0,59,0,0,0,LEADER,1,0,0,0,0,58
159337,26,adaptive-prasle,1960,1,0,0,58,0,812,0,1,26,157377,1960,0,59,0,0,0,LEADER,1,0,0,0,0,58
158966,42,adaptive-prasle,1591,1,0,0,58,0,812,0,1,42,157375,1591,0,59,0,0,0,LEADER,1,0,0,0,0,58
158975,31,adaptive-prasle,1598,1,0,0,58,0,812,0,1,31,157377,1598,0,59,0,0,0,LEADER,1,0,0,0,0,58
159732,94,adaptive-prasle,2355,1,0,0,58,0,812,0,1,94,157377,2355,0,59,0,0,0,LEADER,1,0,0,0,0,58
159302,45,adaptive-prasle,1925,1,0,0,58,0,812,0,1,45,157377,1925,0,59,0,0,0,LEADER,1,0,0,0,0,58
159675,60,adaptive-prasle,2298,1,0,0,58,0,812,0,1,60,157377,2298,0,59,0,0,0,LEADER,1,0,0,0,0,58
159780,44,adaptive-prasle,1483,1,0,0,58,0,812,0,1,44,158297,1483,0,59,0,0,0,LEADER,1,0,0,0,0,58
159029,51,adaptive-prasle,1652,1,0,0,58,0,812,0,1,51,157377,1652,0,59,0,0,0,LEADER,1,0,0,0,0,58
159828,22,adaptive-prasle,1531,1,0,0,58,0,812,0,1,22,158297,1531,0,59,0,0,0,LEADER,1,0,0,0,0,58
159386,33,adaptive-prasle,2007,1,0,0,58,0,812,0,1,33,157379,2007,0,59,0,0,0,LEADER,1,0,0,0,0,58
159539,72,adaptive-prasle,2162,1,0,0,58,0,812,0,1,72,157377,2162,0,59,0,0,0,LEADER,1,0,0,0,0,58
159329,24,adaptive-prasle,1952,1,0,0,58,0,812,0,1,24,157377,1952,0,59,0,0,0,LEADER,1,0,0,0,0,58
159860,32,adaptive-prasle,1564,1,0,0,58,0,812,0,1,32,158296,1564,0,59,0,0,0,LEADER,1,0,0,0,0,58
159048,93,adaptive-prasle,1671,1,0,0,58,0,812,0,1,93,157377,1671,0,59,0,0,0,LEADER,1,0,0,0,0,58
159722,69,adaptive-prasle,2343,1,0,0,58,0,812,0,1,69,157379,2343,0,59,0,0,0,LEADER,1,0,0,0,0,58
159707,79,adaptive-prasle,2331,1,0,0,58,0,812,0,1,79,157376,2331,0,59,0,0,0,LEADER,1,0,0,0,0,58
159402,75,adaptive-prasle,2025,1,0,0,58,0,812,0,1,75,157377,2025,0,59,0,0,0,LEADER,1,0,0,0,0,58
159129,81,adaptive-prasle,1752,1,0,0,58,0,812,0,1,81,157377,1752,0,59,0,0,0,LEADER,1,0,0,0,0,58
158987,52,adaptive-prasle,1610,1,0,0,58,0,812,0,1,52,157377,1610,0,59,0,0,0,LEADER,1,0,0,0,0,58
159466,21,adaptive-prasle,2088,1,0,0,58,0,812,0,1,21,157378,2088,0,59,0,0,0,LEADER,1,0,0,0,0,58
159642,29,adaptive-prasle,2265,1,0,0,58,0,812,0,1,29,157377,2265,0,59,0,0,0,LEADER,1,0,0,0,0,58
159218,100,adaptive-prasle,1841,1,0,0,58,0,812,0,1,100,157377,1841,0,59,0,0,0,LEADER,1,0,0,0,0,58
159063,61,adaptive-prasle,1686,1,0,0,58,0,812,0,1,61,157377,1686,0,59,0,0,0,LEADER,1,0,0,0,0,58
159627,91,adaptive-prasle,2250,1,0,0,58,0,812,0,1,91,157377,2250,0,59,0,0,0,LEADER,1,0,0,0,0,58
159587,37,adaptive-prasle,2210,1,0,0,58,0,812,0,1,37,157377,2210,0,59,0,0,0,LEADER,1,0,0,0,0,58
159130,38,adaptive-prasle,1755,1,0,0,58,0,812,0,1,38,157375,1755,0,59,0,0,0,LEADER,1,0,0,0,0,58
159796,98,adaptive-prasle,2419,1,0,0,58,0,812,0,1,98,157377,2419,0,59,0,0,0,LEADER,1,0,0,0,0,58
159656,27,adaptive-prasle,2280,1,0,0,58,0,812,0,1,27,157376,2280,0,59,0,0,0,LEADER,1,0,0,0,0,58
159505,62,adaptive-prasle,2128,1,0,0,58,0,812,0,1,62,157377,2128,0,59,0,0,0,LEADER,1,0,0,0,0,58
159314,56,adaptive-prasle,1937,1,0,0,58,0,812,0,1,56,157377,1937,0,59,0,0,0,LEADER,1,0,0,0,0,58
159701,99,adaptive-prasle,2328,1,0,0,58,0,812,0,1,99,157373,2328,0,59,0,0,0,LEADER,1,0,0,0,0,58
159581,48,adaptive-prasle,2202,1,0,0,58,0,812,0,1,48,157379,2202,0,59,0,0,0,LEADER,1,0,0,0,0,58
160001,12,adaptive-prasle,1578,1,0,0,7,7,98,98,3,12,158423,1578,0,6,0,0,0,LEADER,1,0,0,0,0,7
159096,71,adaptive-prasle,1719,1,0,0,58,0,812,0,1,71,157377,1719,0,59,0,0,0,LEADER,1,0,0,0,0,58
159321,87,adaptive-prasle,1944,1,0,0,58,0,812,0,1,87,157377,1944,0,59,0,0,0,LEADER,1,0,0,0,0,58
159247,36,adaptive-prasle,1870,1,0,0,58,0,812,0,1,36,157377,1870,0,59,0,0,0,LEADER,1,0,0,0,0,58
159743,77,adaptive-prasle,1446,1,0,0,58,0,812,0,1,77,158297,1446,0,59,0,0,0,LEADER,1,0,0,0,0,58
159936,83,adaptive-prasle,1637,1,0,0,58,0,812,0,1,83,158299,1637,0,59,0,0,0,LEADER,1,0,0,0,0,58
159436,85,adaptive-prasle,2059,1,0,0,58,0,812,0,1,85,157377,2059,0,59,0,0,0,LEADER,1,0,0,0,0,58
159964,19,adaptive-prasle,1667,1,0,0,58,0,812,0,1,19,158297,1667,0,59,0,0,0,LEADER,1,0,0,0,0,58
160119,65,adaptive-prasle,1822,1,0,0,58,0,812,0,1,65,158297,1822,0,59,0,0,0,LEADER,1,0,0,0,0,58
159725,35,adaptive-prasle,1428,1,0,0,58,0,812,0,1,35,158297,1428,0,59,0,0,0,LEADER,1,0,0,0,0,58
159740,86,adaptive-prasle,1443,1,0,0,58,0,812,0,1,86,158297,1443,0,59,0,0,0,LEADER,1,0,0,0,0,58
159783,50,adaptive-prasle,2406,1,0,0,58,0,812,0,1,50,157377,2406,0,59,0,0,0,LEADER,1,0,0,0,0,58
159798,55,adaptive-prasle,1501,1,0,0,58,0,812,0,1,55,158297,1501,0,59,0,0,0,LEADER,1,0,0,0,0,58
159837,63,adaptive-prasle,1540,1,0,0,58,0,812,0,1,63,158297,1540,0,59,0,0,0,LEADER,1,0,0,0,0,58
160201,46,adaptive-prasle,1904,1,0,0,58,0,812,0,1,46,158297,1904,0,59,0,0,0,LEADER,1,0,0,0,0,58
159996,53,adaptive-prasle,1701,1,0,0,58,0,812,0,1,53,158295,1701,0,59,0,0,0,LEADER,1,0,0,0,0,58
159351,23,adaptive-prasle,1974,1,0,0,58,0,812,0,1,23,157377,1974,0,59,0,0,0,LEADER,1,0,0,0,0,58
160219,88,adaptive-prasle,1922,1,0,0,58,0,812,0,1,88,158297,1922,0,59,0,0,0,LEADER,1,0,0,0,0,58
159746,34,adaptive-prasle,1449,1,0,0,58,0,812,0,1,34,158297,1449,0,59,0,0,0,LEADER,1,0,0,0,0,58
159354,97,adaptive-prasle,1977,1,0,0,58,0,812,0,1,97,157377,1977,0,59,0,0,0,LEADER,1,0,0,0,0,58
159474,20,adaptive-prasle,2095,1,0,0,58,0,812,0,1,20,157379,2095,0,59,0,0,0,LEADER,1,0,0,0,0,58
159554,40,adaptive-prasle,2177,1,0,0,58,0,812,0,1,40,157377,2177,0,59,0,0,0,LEADER,1,0,0,0,0,58
159479,47,adaptive-prasle,2100,1,0,0,58,0,812,0,1,47,157379,2100,0,59,0,0,0,LEADER,1,0,0,0,0,58
160389,95,adaptive-prasle,2092,1,0,0,58,0,812,0,1,95,158297,2092,0,59,0,0,0,LEADER,1,0,0,0,0,58
159772,25,adaptive-prasle,2395,1,0,0,58,0,812,0,1,25,157377,2395,0,59,0,0,0,LEADER,1,0,0,0,0,58
160377,84,adaptive-prasle,2080,1,0,0,58,0,812,0,1,84,158297,2080,0,59,0,0,0,LEADER,1,0,0,0,0,58
159654,70,adaptive-prasle,2277,1,0,0,58,0,812,0,1,70,157377,2277,0,59,0,0,0,LEADER,1,0,0,0,0,58
159572,82,adaptive-prasle,2195,1,0,0,58,0,812,0,1,82,157377,2195,0,59,0,0,0,LEADER,1,0,0,0,0,58
159790,67,adaptive-prasle,2413,1,0,0,58,0,812,0,1,67,157377,2413,0,59,0,0,0,LEADER,1,0,0,0,0,58
159742,89,adaptive-prasle,2365,1,0,0,58,0,812,0,1,89,157377,2365,0,59,0,0,0,LEADER,1,0,0,0,0,58
160410,28,adaptive-prasle,2113,1,0,0,58,0,812,0,1,28,158297,2113,0,59,0,0,0,LEADER,1,0,0,0,0,58
160152,68,adaptive-prasle,1855,1,0,0,58,0,812,0,1,68,158297,1855,0,59,0,0,0,LEADER,1,0,0,0,0,58
160104,90,adaptive-prasle,1807,1,0,0,58,0,812,0,1,90,158297,1807,0,59,0,0,0,LEADER,1,0,0,0,0,58
159765,76,adaptive-prasle,1468,1,0,0,58,0,812,0,1,76,158297,1468,0,59,0,0,0,LEADER,1,0,0,0,0,58
160086,10,adaptive-prasle,1789,1,0,0,58,0,812,0,1,10,158297,1789,0,59,0,0,0,LEADER,1,0,0,0,0,58
160518,58,adaptive-prasle,2221,1,0,0,58,0,812,0,1,58,158297,2221,0,59,0,0,0,LEADER,1,0,0,0,0,58
159901,73,adaptive-prasle,1604,1,0,0,58,0,812,0,1,73,158297,1604,0,59,0,0,0,LEADER,1,0,0,0,0,58
159642,59,adaptive-prasle,2265,1,0,0,58,0,812,0,1,59,157377,2265,0,59,0,0,0,LEADER,1,0,0,0,0,58
159916,41,adaptive-prasle,1619,1,0,0,58,0,812,0,1,41,158297,1619,0,59,0,0,0,LEADER,1,0,0,0,0,58
159831,96,adaptive-prasle,1534,1,0,0,58,0,812,0,1,96,158297,1534,0,59,0,0,0,LEADER,1,0,0,0,0,58
160132,74,adaptive-prasle,1837,1,0,0,58,0,812,0,1,74,158295,1837,0,59,0,0,0,LEADER,1,0,0,0,0,58
160064,49,adaptive-prasle,1767,1,0,0,58,0,812,0,1,49,158297,1767,0,59,0,0,0,LEADER,1,0,0,0,0,58
160525,92,adaptive-prasle,2228,1,0,0,58,0,812,0,1,92,158297,2228,0,59,0,0,0,LEADER,1,0,0,0,0,58
159733,66,adaptive-prasle,1434,1,0,0,58,0,812,0,1,66,158299,1434,0,59,0,0,0,LEADER,1,0,0,0,0,58
159757,57,adaptive-prasle,2380,1,0,0,58,0,812,0,1,57,157377,2380,0,59,0,0,0,LEADER,1,0,0,0,0,58
160557,78,adaptive-prasle,2260,1,0,0,58,0,812,0,1,78,158297,2260,0,59,0,0,0,LEADER,1,0,0,0,0,58
159723,39,adaptive-prasle,2346,1,0,0,58,0,812,0,1,39,157377,2346,0,59,0,0,0,LEADER,1,0,0,0,0,58
160440,30,adaptive-prasle,2143,1,0,0,58,0,812,0,1,30,158297,2143,0,59,0,0,0,LEADER,1,0,0,0,0,58
159846,64,adaptive-prasle,1549,1,0,0,58,0,812,0,1,64,158297,1549,0,59,0,0,0,LEADER,1,0,0,0,0,58
160071,80,adaptive-prasle,1774,1,0,0,58,0,812,0,1,80,158297,1774,0,59,0,0,0,LEADER,1,0,0,0,0,58
159810,54,adaptive-prasle,1516,1,0,0,58,0,812,0,1,54,158294,1516,0,59,0,0,0,LEADER,1,0,0,0,0,58
160337,43,adaptive-prasle,2040,1,0,0,58,0,812,0,1,43,158297,2040,0,59,0,0,0,LEADER,1,0,0,0,0,58
160257,26,adaptive-prasle,1960,1,0,0,58,0,812,0,1,26,158297,1960,0,59,0,0,0,LEADER,1,0,0,0,0,58
159886,42,adaptive-prasle,1591,1,0,0,58,0,812,0,1,42,158295,1591,0,59,0,0,0,LEADER,1,0,0,0,0,58
159895,31,adaptive-prasle,1598,1,0,0,58,0,812,0,1,31,158297,1598,0,59,0,0,0,LEADER,1,0,0,0,0,58
160652,94,adaptive-prasle,2355,1,0,0,58,0,812,0,1,94,158297,2355,0,59,0,0,0,LEADER,1,0,0,0,0,58
160222,45,adaptive-prasle,1925,1,0,0,58,0,812,0,1,45,158297,1925,0,59,0,0,0,LEADER,1,0,0,0,0,58
160595,60,adaptive-prasle,2298,1,0,0,58,0,812,0,1,60,158297,2298,0,59,0,0,0,LEADER,1,0,0,0,0,58
160700,44,adaptive-prasle,1483,1,0,0,58,0,812,0,1,44,159217,1483,0,59,0,0,0,LEADER,1,0,0,0,0,58
159949,51,adaptive-prasle,1652,1,0,0,58,0,812,0,1,51,158297,1652,0,59,0,0,0,LEADER,1,0,0,0,0,58
160748,22,adaptive-prasle,1531,1,0,0,58,0,812,0,1,22,159217,1531,0,59,0,0,0,LEADER,1,0,0,0,0,58
160306,33,adaptive-prasle,2007,1,0,0,58,0,812,0,1,33,158299,2007,0,59,0,0,0,LEADER,1,0,0,0,0,58
160459,72,adaptive-prasle,2162,1,0,0,58,0,812,0,1,72,158297,2162,0,59,0,0,0,LEADER,1,0,0,0,0,58
160249,24,adaptive-prasle,1952,1,0,0,58,0,812,0,1,24,158297,1952,0,59,0,0,0,LEADER,1,0,0,0,0,58
160780,32,adaptive-prasle,1564,1,0,0,58,0,812,0,1,32,159216,1564,0,59,0,0,0,LEADER,1,0,0,0,0,58
159968,93,adaptive-prasle,1671,1,0,0,58,0,812,0,1,93,158297,1671,0,59,0,0,0,LEADER,1,0,0,0,0,58
160627,79,adaptive-prasle,2331,1,0,0,58,0,812,0,1,79,158296,2331,0,59,0,0,0,LEADER,1,0,0,0,0,58
160642,69,adaptive-prasle,2343,1,0,0,58,0,812,0,1,69,158299,2343,0,59,0,0,0,LEADER,1,0,0,0,0,58
160322,75,adaptive-prasle,2025,1,0,0,58,0,812,0,1,75,158297,2025,0,59,0,0,0,LEADER,1,0,0,0,0,58
160049,81,adaptive-prasle,1752,1,0,0,58,0,812,0,1,81,158297,1752,0,59,0,0,0,LEADER,1,0,0,0,0,58
159907,52,adaptive-prasle,1610,1,0,0,58,0,812,0,1,52,158297,1610,0,59,0,0,0,LEADER,1,0,0,0,0,58
160386,21,adaptive-prasle,2088,1,0,0,58,0,812,0,1,21,158298,2088,0,59,0,0,0,LEADER,1,0,0,0,0,58
160562,29,adaptive-prasle,2265,1,0,0,58,0,812,0,1,29,158297,2265,0,59,0,0,0,LEADER,1,0,0,0,0,58
160138,100,adaptive-prasle,1841,1,0,0,58,0,812,0,1,100,158297,1841,0,59,0,0,0,LEADER,1,0,0,0,0,58
159983,61,adaptive-prasle,1686,1,0,0,58,0,812,0,1,61,158297,1686,0,59,0,0,0,LEADER,1,0,0,0,0,58
160547,91,adaptive-prasle,2250,1,0,0,58,0,812,0,1,91,158297,2250,0,59,0,0,0,LEADER,1,0,0,0,0,58
160507,37,adaptive-prasle,2210,1,0,0,58,0,812,0,1,37,158297,2210,0,59,0,0,0,LEADER,1,0,0,0,0,58
160050,38,adaptive-prasle,1755,1,0,0,58,0,812,0,1,38,158295,1755,0,59,0,0,0,LEADER,1,0,0,0,0,58
160716,98,adaptive-prasle,2419,1,0,0,58,0,812,0,1,98,158297,2419,0,59,0,0,0,LEADER,1,0,0,0,0,58
160576,27,adaptive-prasle,2280,1,0,0,58,0,812,0,1,27,158296,2280,0,59,0,0,0,LEADER,1,0,0,0,0,58
160425,62,adaptive-prasle,2128,1,0,0,58,0,812,0,1,62,158297,2128,0,59,0,0,0,LEADER,1,0,0,0,0,58
160234,56,adaptive-prasle,1937,1,0,0,58,0,812,0,1,56,158297,1937,0,59,0,0,0,LEADER,1,0,0,0,0,58
160621,99,adaptive-prasle,2328,1,0,0,58,0,812,0,1,99,158293,2328,0,59,0,0,0,LEADER,1,0,0,0,0,58
160501,48,adaptive-prasle,2202,1,0,0,58,0,812,0,1,48,158299,2202,0,59,0,0,0,LEADER,1,0,0,0,0,58
160016,71,adaptive-prasle,1719,1,0,0,58,0,812,0,1,71,158297,1719,0,59,0,0,0,LEADER,1,0,0,0,0,58
160241,87,adaptive-prasle,1944,1,0,0,58,0,812,0,1,87,158297,1944,0,59,0,0,0,LEADER,1,0,0,0,0,58
160167,36,adaptive-prasle,1870,1,0,0,58,0,812,0,1,36,158297,1870,0,59,0,0,0,LEADER,1,0,0,0,0,58
160663,77,adaptive-prasle,1446,1,0,0,58,0,812,0,1,77,159217,1446,0,59,0,0,0,LEADER,1,0,0,0,0,58
160856,83,adaptive-prasle,1637,1,0,0,58,0,812,0,1,83,159219,1637,0,59,0,0,0,LEADER,1,0,0,0,0,58
160356,85,adaptive-prasle,2059,1,0,0,58,0,812,0,1,85,158297,2059,0,59,0,0,0,LEADER,1,0,0,0,0,58
160884,19,adaptive-prasle,1667,1,0,0,58,0,812,0,1,19,159217,1667,0,59,0,0,0,LEADER,1,0,0,0,0,58
161039,65,adaptive-prasle,1822,1,0,0,58,0,812,0,1,65,159217,1822,0,59,0,0,0,LEADER,1,0,0,0,0,58
160645,35,adaptive-prasle,1428,1,0,0,58,0,812,0,1,35,159217,1428,0,59,0,0,0,LEADER,1,0,0,0,0,58
160660,86,adaptive-prasle,1443,1,0,0,58,0,812,0,1,86,159217,1443,0,59,0,0,0,LEADER,1,0,0,0,0,58
160703,50,adaptive-prasle,2406,1,0,0,58,0,812,0,1,50,158297,2406,0,59,0,0,0,LEADER,1,0,0,0,0,58
160718,55,adaptive-prasle,1501,1,0,0,58,0,812,0,1,55,159217,1501,0,59,0,0,0,LEADER,1,0,0,0,0,58
160757,63,adaptive-prasle,1540,1,0,0,58,0,812,0,1,63,159217,1540,0,59,0,0,0,LEADER,1,0,0,0,0,58
161121,46,adaptive-prasle,1904,1,0,0,58,0,812,0,1,46,159217,1904,0,59,0,0,0,LEADER,1,0,0,0,0,58
160916,53,adaptive-prasle,1701,1,0,0,58,0,812,0,1,53,159215,1701,0,59,0,0,0,LEADER,1,0,0,0,0,58
160271,23,adaptive-prasle,1974,1,0,0,58,0,812,0,1,23,158297,1974,0,59,0,0,0,LEADER,1,0,0,0,0,58
161139,88,adaptive-prasle,1922,1,0,0,58,0,812,0,1,88,159217,1922,0,59,0,0,0,LEADER,1,0,0,0,0,58
160666,34,adaptive-prasle,1449,1,0,0,58,0,812,0,1,34,159217,1449,0,59,0,0,0,LEADER,1,0,0,0,0,58
160274,97,adaptive-prasle,1977,1,0,0,58,0,812,0,1,97,158297,1977,0,59,0,0,0,LEADER,1,0,0,0,0,58
160394,20,adaptive-prasle,2095,1,0,0,58,0,812,0,1,20,158299,2095,0,59,0,0,0,LEADER,1,0,0,0,0,58
160474,40,adaptive-prasle,2177,1,0,0,58,0,812,0,1,40,158297,2177,0,59,0,0,0,LEADER,1,0,0,0,0,58
160399,47,adaptive-prasle,2100,1,0,0,58,0,812,0,1,47,158299,2100,0,59,0,0,0,LEADER,1,0,0,0,0,58
161309,95,adaptive-prasle,2092,1,0,0,58,0,812,0,1,95,159217,2092,0,59,0,0,0,LEADER,1,0,0,0,0,58
160692,25,adaptive-prasle,2395,1,0,0,58,0,812,0,1,25,158297,2395,0,59,0,0,0,LEADER,1,0,0,0,0,58
161297,84,adaptive-prasle,2080,1,0,0,58,0,812,0,1,84,159217,2080,0,59,0,0,0,LEADER,1,0,0,0,0,58
160574,70,adaptive-prasle,2277,1,0,0,58,0,812,0,1,70,158297,2277,0,59,0,0,0,LEADER,1,0,0,0,0,58
160492,82,adaptive-prasle,2195,1,0,0,58,0,812,0,1,82,158297,2195,0,59,0,0,0,LEADER,1,0,0,0,0,58
160710,67,adaptive-prasle,2413,1,0,0,58,0,812,0,1,67,158297,2413,0,59,0,0,0,LEADER,1,0,0,0,0,58
160662,89,adaptive-prasle,2365,1,0,0,58,0,812,0,1,89,158297,2365,0,59,0,0,0,LEADER,1,0,0,0,0,58
161330,28,adaptive-prasle,2113,1,0,0,58,0,812,0,1,28,159217,2113,0,59,0,0,0,LEADER,1,0,0,0,0,58
161072,68,adaptive-prasle,1855,1,0,0,58,0,812,0,1,68,159217,1855,0,59,0,0,0,LEADER,1,0,0,0,0,58
161024,90,adaptive-prasle,1807,1,0,0,58,0,812,0,1,90,159217,1807,0,59,0,0,0,LEADER,1,0,0,0,0,58
160685,76,adaptive-prasle,1468,1,0,0,58,0,812,0,1,76,159217,1468,0,59,0,0,0,LEADER,1,0,0,0,0,58
161006,10,adaptive-prasle,1789,1,0,0,58,0,812,0,1,10,159217,1789,0,59,0,0,0,LEADER,1,0,0,0,0,58
161438,58,adaptive-prasle,2221,1,0,0,58,0,812,0,1,58,159217,2221,0,59,0,0,0,LEADER,1,0,0,0,0,58
160821,73,adaptive-prasle,1604,1,0,0,58,0,812,0,1,73,159217,1604,0,59,0,0,0,LEADER,1,0,0,0,0,58
160562,59,adaptive-prasle,2265,1,0,0,58,0,812,0,1,59,158297,2265,0,59,0,0,0,LEADER,1,0,0,0,0,58
160836,41,adaptive-prasle,1619,1,0,0,58,0,812,0,1,41,159217,1619,0,59,0,0,0,LEADER,1,0,0,0,0,58
160751,96,adaptive-prasle,1534,1,0,0,58,0,812,0,1,96,159217,1534,0,59,0,0,0,LEADER,1,0,0,0,0,58
161052,74,adaptive-prasle,1837,1,0,0,58,0,812,0,1,74,159215,1837,0,59,0,0,0,LEADER,1,0,0,0,0,58
160984,49,adaptive-prasle,1767,1,0,0,58,0,812,0,1,49,159217,1767,0,59,0,0,0,LEADER,1,0,0,0,0,58
161445,92,adaptive-prasle,2228,1,0,0,58,0,812,0,1,92,159217,2228,0,59,0,0,0,LEADER,1,0,0,0,0,58
160653,66,adaptive-prasle,1434,1,0,0,58,0,812,0,1,66,159219,1434,0,59,0,0,0,LEADER,1,0,0,0,0,58
160677,57,adaptive-prasle,2380,1,0,0,58,0,812,0,1,57,158297,2380,0,59,0,0,0,LEADER,1,0,0,0,0,58
161120,17,adaptive-prasle,1782,1,0,0,14,12,196,168,3,17,159338,1782,0,6,0,0,0,LEADER,1,0,0,0,0,14
161477,78,adaptive-prasle,2260,1,0,0,58,0,812,0,1,78,159217,2260,0,59,0,0,0,LEADER,1,0,0,0,0,58
161473,18,adaptive-prasle,2226,1,0,0,17,13,238,182,3,18,159247,2226,0,6,0,0,0,LEADER,1,0,0,0,0,17
160643,39,adaptive-prasle,2346,1,0,0,58,0,812,0,1,39,158297,2346,0,59,0,0,0,LEADER,1,0,0,0,0,58
161360,30,adaptive-prasle,2143,1,0,0,58,0,812,0,1,30,159217,2143,0,59,0,0,0,LEADER,1,0,0,0,0,58
160766,64,adaptive-prasle,1549,1,0,0,58,0,812,0,1,64,159217,1549,0,59,0,0,0,LEADER,1,0,0,0,0,58
160991,80,adaptive-prasle,1774,1,0,0,58,0,812,0,1,80,159217,1774,0,59,0,0,0,LEADER,1,0,0,0,0,58
160730,54,adaptive-prasle,1516,1,0,0,58,0,812,0,1,54,159214,1516,0,59,0,0,0,LEADER,1,0,0,0,0,58
161257,43,adaptive-prasle,2040,1,0,0,58,0,812,0,1,43,159217,2040,0,59,0,0,0,LEADER,1,0,0,0,0,58
161177,26,adaptive-prasle,1960,1,0,0,58,0,812,0,1,26,159217,1960,0,59,0,0,0,LEADER,1,0,0,0,0,58
160806,42,adaptive-prasle,1591,1,0,0,58,0,812,0,1,42,159215,1591,0,59,0,0,0,LEADER,1,0,0,0,0,58
160815,31,adaptive-prasle,1598,1,0,0,58,0,812,0,1,31,159217,1598,0,59,0,0,0,LEADER,1,0,0,0,0,58
161572,94,adaptive-prasle,2355,1,0,0,58,0,812,0,1,94,159217,2355,0,59,0,0,0,LEADER,1,0,0,0,0,58
161142,45,adaptive-prasle,1925,1,0,0,58,0,812,0,1,45,159217,1925,0,59,0,0,0,LEADER,1,0,0,0,0,58
161515,60,adaptive-prasle,2298,1,0,0,58,0,812,0,1,60,159217,2298,0,59,0,0,0,LEADER,1,0,0,0,0,58
161621,44,adaptive-prasle,1483,1,0,0,59,0,826,0,1,44,160138,1483,0,60,0,0,0,LEADER,1,0,0,0,0,59
160869,51,adaptive-prasle,1652,1,0,0,58,0,812,0,1,51,159217,1652,0,59,0,0,0,LEADER,1,0,0,0,0,58
161226,33,adaptive-prasle,2007,1,0,0,58,0,812,0,1,33,159219,2007,0,59,0,0,0,LEADER,1,0,0,0,0,58
161379,72,adaptive-prasle,2162,1,0,0,58,0,812,0,1,72,159217,2162,0,59,0,0,0,LEADER,1,0,0,0,0,58
161669,22,adaptive-prasle,1531,1,0,0,59,0,826,0,1,22,160138,1531,0,60,0,0,0,LEADER,1,0,0,0,0,59
161169,24,adaptive-prasle,1952,1,0,0,58,0,812,0,1,24,159217,1952,0,59,0,0,0,LEADER,1,0,0,0,0,58
161701,32,adaptive-prasle,1564,1,0,0,59,0,826,0,1,32,160137,1564,0,60,0,0,0,LEADER,1,0,0,0,0,59
160888,93,adaptive-prasle,1671,1,0,0,58,0,812,0,1,93,159217,1671,0,59,0,0,0,LEADER,1,0,0,0,0,58
161547,79,adaptive-prasle,2331,1,0,0,58,0,812,0,1,79,159216,2331,0,59,0,0,0,LEADER,1,0,0,0,0,58
161562,69,adaptive-prasle,2343,1,0,0,58,0,812,0,1,69,159219,2343,0,59,0,0,0,LEADER,1,0,0,0,0,58
161242,75,adaptive-prasle,2025,1,0,0,58,0,812,0,1,75,159217,2025,0,59,0,0,0,LEADER,1,0,0,0,0,58
160969,81,adaptive-prasle,1752,1,0,0,58,0,812,0,1,81,159217,1752,0,59,0,0,0,LEADER,1,0,0,0,0,58
160827,52,adaptive-prasle,1610,1,0,0,58,0,812,0,1,52,159217,1610,0,59,0,0,0,LEADER,1,0,0,0,0,58
161306,21,adaptive-prasle,2088,1,0,0,58,0,812,0,1,21,159218,2088,0,59,0,0,0,LEADER,1,0,0,0,0,58
161482,29,adaptive-prasle,2265,1,0,0,58,0,812,0,1,29,159217,2265,0,59,0,0,0,LEADER,1,0,0,0,0,58
161058,100,adaptive-prasle,1841,1,0,0,58,0,812,0,1,100,159217,1841,0,59,0,0,0,LEADER,1,0,0,0,0,58
160903,61,adaptive-prasle,1686,1,0,0,58,0,812,0,1,61,159217,1686,0,59,0,0,0,LEADER,1,0,0,0,0,58
161467,91,adaptive-prasle,2250,1,0,0,58,0,812,0,1,91,159217,2250,0,59,0,0,0,LEADER,1,0,0,0,0,58
161501,5,adaptive-prasle,2338,1,0,0,10,21,140,294,6,3,159163,2338,0,7,0,0,0,NORMAL,0,0,0,0,0,10
161427,37,adaptive-prasle,2210,1,0,0,58,0,812,0,1,37,159217,2210,0,59,0,0,0,LEADER,1,0,0,0,0,58
160970,38,adaptive-prasle,1755,1,0,0,58,0,812,0,1,38,159215,1755,0,59,0,0,0,LEADER,1,0,0,0,0,58
161636,98,adaptive-prasle,2419,1,0,0,58,0,812,0,1,98,159217,2419,0,59,0,0,0,LEADER,1,0,0,0,0,58
161496,27,adaptive-prasle,2280,1,0,0,58,0,812,0,1,27,159216,2280,0,59,0,0,0,LEADER,1,0,0,0,0,58
161345,62,adaptive-prasle,2128,1,0,0,58,0,812,0,1,62,159217,2128,0,59,0,0,0,LEADER,1,0,0,0,0,58
161154,56,adaptive-prasle,1937,1,0,0,58,0,812,0,1,56,159217,1937,0,59,0,0,0,LEADER,1,0,0,0,0,58
161541,99,adaptive-prasle,2328,1,0,0,58,0,812,0,1,99,159213,2328,0,59,0,0,0,LEADER,1,0,0,0,0,58
161421,48,adaptive-prasle,2202,1,0,0,58,0,812,0,1,48,159219,2202,0,59,0,0,0,LEADER,1,0,0,0,0,58
160936,71,adaptive-prasle,1719,1,0,0,58,0,812,0,1,71,159217,1719,0,59,0,0,0,LEADER,1,0,0,0,0,58
161161,87,adaptive-prasle,1944,1,0,0,58,0,812,0,1,87,159217,1944,0,59,0,0,0,LEADER,1,0,0,0,0,58
161087,36,adaptive-prasle,1870,1,0,0,58,0,812,0,1,36,159217,1870,0,59,0,0,0,LEADER,1,0,0,0,0,58
161584,77,adaptive-prasle,1446,1,0,0,59,0,826,0,1,77,160138,1446,0,60,0,0,0,LEADER,1,0,0,0,0,59
161777,83,adaptive-prasle,1637,1,0,0,59,0,826,0,1,83,160140,1637,0,60,0,0,0,LEADER,1,0,0,0,0,59
161276,85,adaptive-prasle,2059,1,0,0,58,0,812,0,1,85,159217,2059,0,59,0,0,0,LEADER,1,0,0,0,0,58
161805,19,adaptive-prasle,1667,1,0,0,59,0,826,0,1,19,160138,1667,0,60,0,0,0,LEADER,1,0,0,0,0,59
161960,65,adaptive-prasle,1822,1,0,0,59,0,826,0,1,65,160138,1822,0,60,0,0,0,LEADER,1,0,0,0,0,59
161566,35,adaptive-prasle,1428,1,0,0,59,0,826,0,1,35,160138,1428,0,60,0,0,0,LEADER,1,0,0,0,0,59
161581,86,adaptive-prasle,1443,1,0,0,59,0,826,0,1,86,160138,1443,0,60,0,0,0,LEADER,1,0,0,0,0,59
161623,50,adaptive-prasle,2406,1,0,0,58,0,812,0,1,50,159217,2406,0,59,0,0,0,LEADER,1,0,0,0,0,58
161639,55,adaptive-prasle,1501,1,0,0,59,0,826,0,1,55,160138,1501,0,60,0,0,0,LEADER,1,0,0,0,0,59
161678,63,adaptive-prasle,1540,1,0,0,59,0,826,0,1,63,160138,1540,0,60,0,0,0,LEADER,1,0,0,0,0,59
162042,46,adaptive-prasle,1904,1,0,0,59,0,826,0,1,46,160138,1904,0,60,0,0,0,LEADER,1,0,0,0,0,59
161837,53,adaptive-prasle,1701,1,0,0,59,0,826,0,1,53,160136,1701,0,60,0,0,0,LEADER,1,0,0,0,0,59
161191,23,adaptive-prasle,1974,1,0,0,58,0,812,0,1,23,159217,1974,0,59,0,0,0,LEADER,1,0,0,0,0,58
162060,88,adaptive-prasle,1922,1,0,0,59,0,826,0,1,88,160138,1922,0,60,0,0,0,LEADER,1,0,0,0,0,59
161587,34,adaptive-prasle,1449,1,0,0,59,0,826,0,1,34,160138,1449,0,60,0,0,0,LEADER,1,0,0,0,0,59
161194,97,adaptive-prasle,1977,1,0,0,58,0,812,0,1,97,159217,1977,0,59,0,0,0,LEADER,1,0,0,0,0,58
161314,20,adaptive-prasle,2095,1,0,0,58,0,812,0,1,20,159219,2095,0,59,0,0,0,LEADER,1,0,0,0,0,58
161394,40,adaptive-prasle,2177,1,0,0,58,0,812,0,1,40,159217,2177,0,59,0,0,0,LEADER,1,0,0,0,0,58
161319,47,adaptive-prasle,2100,1,0,0,58,0,812,0,1,47,159219,2100,0,59,0,0,0,LEADER,1,0,0,0,0,58
162230,95,adaptive-prasle,2092,1,0,0,59,0,826,0,1,95,160138,2092,0,60,0,0,0,LEADER,1,0,0,0,0,59
161612,25,adaptive-prasle,2395,1,0,0,58,0,812,0,1,25,159217,2395,0,59,0,0,0,LEADER,1,0,0,0,0,58
162218,84,adaptive-prasle,2080,1,0,0,59,0,826,0,1,84,160138,2080,0,60,0,0,0,LEADER,1,0,0,0,0,59
161494,70,adaptive-prasle,2277,1,0,0,58,0,812,0,1,70,159217,2277,0,59,0,0,0,LEADER,1,0,0,0,0,58
161412,82,adaptive-prasle,2195,1,0,0,58,0,812,0,1,82,159217,2195,0,59,0,0,0,LEADER,1,0,0,0,0,58
161630,67,adaptive-prasle,2413,1,0,0,58,0,812,0,1,67,159217,2413,0,59,0,0,0,LEADER,1,0,0,0,0,58
161582,89,adaptive-prasle,2365,1,0,0,58,0,812,0,1,89,159217,2365,0,59,0,0,0,LEADER,1,0,0,0,0,58
162251,28,adaptive-prasle,2113,1,0,0,59,0,826,0,1,28,160138,2113,0,60,0,0,0,LEADER,1,0,0,0,0,59
161993,68,adaptive-prasle,1855,1,0,0,59,0,826,0,1,68,160138,1855,0,60,0,0,0,LEADER,1,0,0,0,0,59
161945,90,adaptive-prasle,1807,1,0,0,59,0,826,0,1,90,160138,1807,0,60,0,0,0,LEADER,1,0,0,0,0,59
161606,76,adaptive-prasle,1468,1,0,0,59,0,826,0,1,76,160138,1468,0,60,0,0,0,LEADER,1,0,0,0,0,59
161927,10,adaptive-prasle,1789,1,0,0,59,0,826,0,1,10,160138,1789,0,60,0,0,0,LEADER,1,0,0,0,0,59
162359,58,adaptive-prasle,2221,1,0,0,59,0,826,0,1,58,160138,2221,0,60,0,0,0,LEADER,1,0,0,0,0,59
161742,73,adaptive-prasle,1604,1,0,0,59,0,826,0,1,73,160138,1604,0,60,0,0,0,LEADER,1,0,0,0,0,59
161482,59,adaptive-prasle,2265,1,0,0,58,0,812,0,1,59,159217,2265,0,59,0,0,0,LEADER,1,0,0,0,0,58
161757,41,adaptive-prasle,1619,1,0,0,59,0,826,0,1,41,160138,1619,0,60,0,0,0,LEADER,1,0,0,0,0,59
161672,96,adaptive-prasle,1534,1,0,0,59,0,826,0,1,96,160138,1534,0,60,0,0,0,LEADER,1,0,0,0,0,59
161973,74,adaptive-prasle,1837,1,0,0,59,0,826,0,1,74,160136,1837,0,60,0,0,0,LEADER,1,0,0,0,0,59
161905,49,adaptive-prasle,1767,1,0,0,59,0,826,0,1,49,160138,1767,0,60,0,0,0,LEADER,1,0,0,0,0,59
162366,92,adaptive-prasle,2228,1,0,0,59,0,826,0,1,92,160138,2228,0,60,0,0,0,LEADER,1,0,0,0,0,59
161574,66,adaptive-prasle,1434,1,0,0,59,0,826,0,1,66,160140,1434,0,60,0,0,0,LEADER,1,0,0,0,0,59
161597,57,adaptive-prasle,2380,1,0,0,58,0,812,0,1,57,159217,2380,0,59,0,0,0,LEADER,1,0,0,0,0,58
162398,78,adaptive-prasle,2260,1,0,0,59,0,826,0,1,78,160138,2260,0,60,0,0,0,LEADER,1,0,0,0,0,59
161563,39,adaptive-prasle,2346,1,0,0,58,0,812,0,1,39,159217,2346,0,59,0,0,0,LEADER,1,0,0,0,0,58
162281,30,adaptive-prasle,2143,1,0,0,59,0,826,0,1,30,160138,2143,0,60,0,0,0,LEADER,1,0,0,0,0,59
161687,64,adaptive-prasle,1549,1,0,0,59,0,826,0,1,64,160138,1549,0,60,0,0,0,LEADER,1,0,0,0,0,59
161912,80,adaptive-prasle,1774,1,0,0,59,0,826,0,1,80,160138,1774,0,60,0,0,0,LEADER,1,0,0,0,0,59
161651,54,adaptive-prasle,1516,1,0,0,59,0,826,0,1,54,160135,1516,0,60,0,0,0,LEADER,1,0,0,0,0,59
162178,43,adaptive-prasle,2040,1,0,0,59,0,826,0,1,43,160138,2040,0,60,0,0,0,LEADER,1,0,0,0,0,59
162098,26,adaptive-prasle,1960,1,0,0,59,0,826,0,1,26,160138,1960,0,60,0,0,0,LEADER,1,0,0,0,0,59
161727,42,adaptive-prasle,1591,1,0,0,59,0,826,0,1,42,160136,1591,0,60,0,0,0,LEADER,1,0,0,0,0,59
161736,31,adaptive-prasle,1598,1,0,0,59,0,826,0,1,31,160138,1598,0,60,0,0,0,LEADER,1,0,0,0,0,59
162493,94,adaptive-prasle,2355,1,0,0,59,0,826,0,1,94,160138,2355,0,60,0,0,0,LEADER,1,0,0,0,0,59
162063,45,adaptive-prasle,1925,1,0,0,59,0,826,0,1,45,160138,1925,0,60,0,0,0,LEADER,1,0,0,0,0,59
162436,60,adaptive-prasle,2298,1,0,0,59,0,826,0,1,60,160138,2298,0,60,0,0,0,LEADER,1,0,0,0,0,59
162541,44,adaptive-prasle,1483,1,0,0,59,0,826,0,1,44,161058,1483,0,60,0,0,0,LEADER,1,0,0,0,0,59
161790,51,adaptive-prasle,1652,1,0,0,59,0,826,0,1,51,160138,1652,0,60,0,0,0,LEADER,1,0,0,0,0,59
162589,22,adaptive-prasle,1531,1,0,0,59,0,826,0,1,22,161058,1531,0,60,0,0,0,LEADER,1,0,0,0,0,59
162147,33,adaptive-prasle,2007,1,0,0,59,0,826,0,1,33,160140,2007,0,60,0,0,0,LEADER,1,0,0,0,0,59
162300,72,adaptive-prasle,2162,1,0,0,59,0,826,0,1,72,160138,2162,0,60,0,0,0,LEADER,1,0,0,0,0,59
162090,24,adaptive-prasle,1952,1,0,0,59,0,826,0,1,24,160138,1952,0,60,0,0,0,LEADER,1,0,0,0,0,59
162621,32,adaptive-prasle,1564,1,0,0,59,0,826,0,1,32,161057,1564,0,60,0,0,0,LEADER,1,0,0,0,0,59
161809,93,adaptive-prasle,1671,1,0,0,59,0,826,0,1,93,160138,1671,0,60,0,0,0,LEADER,1,0,0,0,0,59
162483,69,adaptive-prasle,2343,1,0,0,59,0,826,0,1,69,160140,2343,0,60,0,0,0,LEADER,1,0,0,0,0,59
162468,79,adaptive-prasle,2331,1,0,0,59,0,826,0,1,79,160137,2331,0,60,0,0,0,LEADER,1,0,0,0,0,59
162163,75,adaptive-prasle,2025,1,0,0,59,0,826,0,1,75,160138,2025,0,60,0,0,0,LEADER,1,0,0,0,0,59
161890,81,adaptive-prasle,1752,1,0,0,59,0,826,0,1,81,160138,1752,0,60,0,0,0,LEADER,1,0,0,0,0,59
161748,52,adaptive-prasle,1610,1,0,0,59,0,826,0,1,52,160138,1610,0,60,0,0,0,LEADER,1,0,0,0,0,59
162227,21,adaptive-prasle,2088,1,0,0,59,0,826,0,1,21,160139,2088,0,60,0,0,0,LEADER,1,0,0,0,0,59
162403,29,adaptive-prasle,2265,1,0,0,59,0,826,0,1,29,160138,2265,0,60,0,0,0,LEADER,1,0,0,0,0,59
161979,100,adaptive-prasle,1841,1,0,0,59,0,826,0,1,100,160138,1841,0,60,0,0,0,LEADER,1,0,0,0,0,59
161824,61,adaptive-prasle,1686,1,0,0,59,0,826,0,1,61,160138,1686,0,60,0,0,0,LEADER,1,0,0,0,0,59
162388,91,adaptive-prasle,2250,1,0,0,59,0,826,0,1,91,160138,2250,0,60,0,0,0,LEADER,1,0,0,0,0,59
162348,37,adaptive-prasle,2210,1,0,0,59,0,826,0,1,37,160138,2210,0,60,0,0,0,LEADER,1,0,0,0,0,59
161891,38,adaptive-prasle,1755,1,0,0,59,0,826,0,1,38,160136,1755,0,60,0,0,0,LEADER,1,0,0,0,0,59
162557,98,adaptive-prasle,2419,1,0,0,59,0,826,0,1,98,160138,2419,0,60,0,0,0,LEADER,1,0,0,0,0,59
162417,27,adaptive-prasle,2280,1,0,0,59,0,826,0,1,27,160137,2280,0,60,0,0,0,LEADER,1,0,0,0,0,59
162266,62,adaptive-prasle,2128,1,0,0,59,0,826,0,1,62,160138,2128,0,60,0,0,0,LEADER,1,0,0,0,0,59
162075,56,adaptive-prasle,1937,1,0,0,59,0,826,0,1,56,160138,1937,0,60,0,0,0,LEADER,1,0,0,0,0,59
162462,99,adaptive-prasle,2328,1,0,0,59,0,826,0,1,99,160134,2328,0,60,0,0,0,LEADER,1,0,0,0,0,59
162342,48,adaptive-prasle,2202,1,0,0,59,0,826,0,1,48,160140,2202,0,60,0,0,0,LEADER,1,0,0,0,0,59
161857,71,adaptive-prasle,1719,1,0,0,59,0,826,0,1,71,160138,1719,0,60,0,0,0,LEADER,1,0,0,0,0,59
162082,87,adaptive-prasle,1944,1,0,0,59,0,826,0,1,87,160138,1944,0,60,0,0,0,LEADER,1,0,0,0,0,59
162008,36,adaptive-prasle,1870,1,0,0,59,0,826,0,1,36,160138,1870,0,60,0,0,0,LEADER,1,0,0,0,0,59
162504,77,adaptive-prasle,1446,1,0,0,59,0,826,0,1,77,161058,1446,0,60,0,0,0,LEADER,1,0,0,0,0,59
162697,83,adaptive-prasle,1637,1,0,0,59,0,826,0,1,83,161060,1637,0,60,0,0,0,LEADER,1,0,0,0,0,59
162197,85,adaptive-prasle,2059,1,0,0,59,0,826,0,1,85,160138,2059,0,60,0,0,0,LEADER,1,0,0,0,0,59
162725,19,adaptive-prasle,1667,1,0,0,59,0,826,0,1,19,161058,1667,0,60,0,0,0,LEADER,1,0,0,0,0,59
162880,65,adaptive-prasle,1822,1,0,0,59,0,826,0,1,65,161058,1822,0,60,0,0,0,LEADER,1,0,0,0,0,59
162486,35,adaptive-prasle,1428,1,0,0,59,0,826,0,1,35,161058,1428,0,60,0,0,0,LEADER,1,0,0,0,0,59
162501,86,adaptive-prasle,1443,1,0,0,59,0,826,0,1,86,161058,1443,0,60,0,0,0,LEADER,1,0,0,0,0,59
162544,50,adaptive-prasle,2406,1,0,0,59,0,826,0,1,50,160138,2406,0,60,0,0,0,LEADER,1,0,0,0,0,59
162559,55,adaptive-prasle,1501,1,0,0,59,0,826,0,1,55,161058,1501,0,60,0,0,0,LEADER,1,0,0,0,0,59
162598,63,adaptive-prasle,1540,1,0,0,59,0,826,0,1,63,161058,1540,0,60,0,0,0,LEADER,1,0,0,0,0,59
162962,46,adaptive-prasle,1904,1,0,0,59,0,826,0,1,46,161058,1904,0,60,0,0,0,LEADER,1,0,0,0,0,59
162757,53,adaptive-prasle,1701,1,0,0,59,0,826,0,1,53,161056,1701,0,60,0,0,0,LEADER,1,0,0,0,0,59
162112,23,adaptive-prasle,1974,1,0,0,59,0,826,0,1,23,160138,1974,0,60,0,0,0,LEADER,1,0,0,0,0,59
162980,88,adaptive-prasle,1922,1,0,0,59,0,826,0,1,88,161058,1922,0,60,0,0,0,LEADER,1,0,0,0,0,59
162507,34,adaptive-prasle,1449,1,0,0,59,0,826,0,1,34,161058,1449,0,60,0,0,0,LEADER,1,0,0,0,0,59
162115,97,adaptive-prasle,1977,1,0,0,59,0,826,0,1,97,160138,1977,0,60,0,0,0,LEADER,1,0,0,0,0,59
162235,20,adaptive-prasle,2095,1,0,0,59,0,826,0,1,20,160140,2095,0,60,0,0,0,LEADER,1,0,0,0,0,59
162315,40,adaptive-prasle,2177,1,0,0,59,0,826,0,1,40,160138,2177,0,60,0,0,0,LEADER,1,0,0,0,0,59
162240,47,adaptive-prasle,2100,1,0,0,59,0,826,0,1,47,160140,2100,0,60,0,0,0,LEADER,1,0,0,0,0,59
163150,95,adaptive-prasle,2092,1,0,0,59,0,826,0,1,95,161058,2092,0,60,0,0,0,LEADER,1,0,0,0,0,59
162533,25,adaptive-prasle,2395,1,0,0,59,0,826,0,1,25,160138,2395,0,60,0,0,0,LEADER,1,0,0,0,0,59
163138,84,adaptive-prasle,2080,1,0,0,59,0,826,0,1,84,161058,2080,0,60,0,0,0,LEADER,1,0,0,0,0,59
162415,70,adaptive-prasle,2277,1,0,0,59,0,826,0,1,70,160138,2277,0,60,0,0,0,LEADER,1,0,0,0,0,59
162333,82,adaptive-prasle,2195,1,0,0,59,0,826,0,1,82,160138,2195,0,60,0,0,0,LEADER,1,0,0,0,0,59
162551,67,adaptive-prasle,2413,1,0,0,59,0,826,0,1,67,160138,2413,0,60,0,0,0,LEADER,1,0,0,0,0,59
162503,89,adaptive-prasle,2365,1,0,0,59,0,826,0,1,89,160138,2365,0,60,0,0,0,LEADER,1,0,0,0,0,59
163171,28,adaptive-prasle,2113,1,0,0,59,0,826,0,1,28,161058,2113,0,60,0,0,0,LEADER,1,0,0,0,0,59
162913,68,adaptive-prasle,1855,1,0,0,59,0,826,0,1,68,161058,1855,0,60,0,0,0,LEADER,1,0,0,0,0,59
162865,90,adaptive-prasle,1807,1,0,0,59,0,826,0,1,90,161058,1807,0,60,0,0,0,LEADER,1,0,0,0,0,59
162526,76,adaptive-prasle,1468,1,0,0,59,0,826,0,1,76,161058,1468,0,60,0,0,0,LEADER,1,0,0,0,0,59
162847,10,adaptive-prasle,1789,1,0,0,59,0,826,0,1,10,161058,1789,0,60,0,0,0,LEADER,1,0,0,0,0,59
163279,58,adaptive-prasle,2221,1,0,0,59,0,826,0,1,58,161058,2221,0,60,0,0,0,LEADER,1,0,0,0,0,59
162662,73,adaptive-prasle,1604,1,0,0,59,0,826,0,1,73,161058,1604,0,60,0,0,0,LEADER,1,0,0,0,0,59
162403,59,adaptive-prasle,2265,1,0,0,59,0,826,0,1,59,160138,2265,0,60,0,0,0,LEADER,1,0,0,0,0,59
162677,41,adaptive-prasle,1619,1,0,0,59,0,826,0,1,41,161058,1619,0,60,0,0,0,LEADER,1,0,0,0,0,59
162592,96,adaptive-prasle,1534,1,0,0,59,0,826,0,1,96,161058,1534,0,60,0,0,0,LEADER,1,0,0,0,0,59
162893,74,adaptive-prasle,1837,1,0,0,59,0,826,0,1,74,161056,1837,0,60,0,0,0,LEADER,1,0,0,0,0,59
162825,49,adaptive-prasle,1767,1,0,0,59,0,826,0,1,49,161058,1767,0,60,0,0,0,LEADER,1,0,0,0,0,59
163286,92,adaptive-prasle,2228,1,0,0,59,0,826,0,1,92,161058,2228,0,60,0,0,0,LEADER,1,0,0,0,0,59
162494,66,adaptive-prasle,1434,1,0,0,59,0,826,0,1,66,161060,1434,0,60,0,0,0,LEADER,1,0,0,0,0,59
163062,14,adaptive-prasle,2096,1,0,0,11,11,154,154,3,3,160966,2096,0,6,0,0,0,NORMAL,0,0,0,0,0,11
162518,57,adaptive-prasle,2380,1,0,0,59,0,826,0,1,57,160138,2380,0,60,0,0,0,LEADER,1,0,0,0,0,59
163318,78,adaptive-prasle,2260,1,0,0,59,0,826,0,1,78,161058,2260,0,60,0,0,0,LEADER,1,0,0,0,0,59
162484,39,adaptive-prasle,2346,1,0,0,59,0,826,0,1,39,160138,2346,0,60,0,0,0,LEADER,1,0,0,0,0,59
163201,30,adaptive-prasle,2143,1,0,0,59,0,826,0,1,30,161058,2143,0,60,0,0,0,LEADER,1,0,0,0,0,59
162607,64,adaptive-prasle,1549,1,0,0,59,0,826,0,1,64,161058,1549,0,60,0,0,0,LEADER,1,0,0,0,0,59
162832,80,adaptive-prasle,1774,1,0,0,59,0,826,0,1,80,161058,1774,0,60,0,0,0,LEADER,1,0,0,0,0,59
162571,54,adaptive-prasle,1516,1,0,0,59,0,826,0,1,54,161055,1516,0,60,0,0,0,LEADER,1,0,0,0,0,59
163098,43,adaptive-prasle,2040,1,0,0,59,0,826,0,1,43,161058,2040,0,60,0,0,0,LEADER,1,0,0,0,0,59
163018,26,adaptive-prasle,1960,1,0,0,59,0,826,0,1,26,161058,1960,0,60,0,0,0,LEADER,1,0,0,0,0,59
162647,42,adaptive-prasle,1591,1,0,0,59,0,826,0,1,42,161056,1591,0,60,0,0,0,LEADER,1,0,0,0,0,59
162656,31,adaptive-prasle,1598,1,0,0,59,0,826,0,1,31,161058,1598,0,60,0,0,0,LEADER,1,0,0,0,0,59
163413,94,adaptive-prasle,2355,1,0,0,59,0,826,0,1,94,161058,2355,0,60,0,0,0,LEADER,1,0,0,0,0,59
162983,45,adaptive-prasle,1925,1,0,0,59,0,826,0,1,45,161058,1925,0,60,0,0,0,LEADER,1,0,0,0,0,59
163356,60,adaptive-prasle,2298,1,0,0,59,0,826,0,1,60,161058,2298,0,60,0,0,0,LEADER,1,0,0,0,0,59
163461,44,adaptive-prasle,1483,1,0,0,59,0,826,0,1,44,161978,1483,0,60,0,0,0,LEADER,1,0,0,0,0,59
162710,51,adaptive-prasle,1652,1,0,0,59,0,826,0,1,51,161058,1652,0,60,0,0,0,LEADER,1,0,0,0,0,59
163509,22,adaptive-prasle,1531,1,0,0,59,0,826,0,1,22,161978,1531,0,60,0,0,0,LEADER,1,0,0,0,0,59
163067,33,adaptive-prasle,2007,1,0,0,59,0,826,0,1,33,161060,2007,0,60,0,0,0,LEADER,1,0,0,0,0,59
163220,72,adaptive-prasle,2162,1,0,0,59,0,826,0,1,72,161058,2162,0,60,0,0,0,LEADER,1,0,0,0,0,59
163010,24,adaptive-prasle,1952,1,0,0,59,0,826,0,1,24,161058,1952,0,60,0,0,0,LEADER,1,0,0,0,0,59
162864,13,adaptive-prasle,1941,1,0,0,10,9,140,126,2,3,160923,1941,0,6,0,0,0,NORMAL,0,0,0,0,0,10
163541,32,adaptive-prasle,1564,1,0,0,59,0,826,0,1,32,161977,1564,0,60,0,0,0,LEADER,1,0,0,0,0,59
162729,93,adaptive-prasle,1671,1,0,0,59,0,826,0,1,93,161058,1671,0,60,0,0,0,LEADER,1,0,0,0,0,59
163388,79,adaptive-prasle,2331,1,0,0,59,0,826,0,1,79,161057,2331,0,60,0,0,0,LEADER,1,0,0,0,0,59
163403,69,adaptive-prasle,2343,1,0,0,59,0,826,0,1,69,161060,2343,0,60,0,0,0,LEADER,1,0,0,0,0,59
163083,75,adaptive-prasle,2025,1,0,0,59,0,826,0,1,75,161058,2025,0,60,0,0,0,LEADER,1,0,0,0,0,59
162810,81,adaptive-prasle,1752,1,0,0,59,0,826,0,1,81,161058,1752,0,60,0,0,0,LEADER,1,0,0,0,0,59
162668,52,adaptive-prasle,1610,1,0,0,59,0,826,0,1,52,161058,1610,0,60,0,0,0,LEADER,1,0,0,0,0,59
163147,21,adaptive-prasle,2088,1,0,0,59,0,826,0,1,21,161059,2088,0,60,0,0,0,LEADER,1,0,0,0,0,59
163323,29,adaptive-prasle,2265,1,0,0,59,0,826,0,1,29,161058,2265,0,60,0,0,0,LEADER,1,0,0,0,0,59
162899,100,adaptive-prasle,1841,1,0,0,59,0,826,0,1,100,161058,1841,0,60,0,0,0,LEADER,1,0,0,0,0,59
162744,61,adaptive-prasle,1686,1,0,0,59,0,826,0,1,61,161058,1686,0,60,0,0,0,LEADER,1,0,0,0,0,59
163308,91,adaptive-prasle,2250,1,0,0,59,0,826,0,1,91,161058,2250,0,60,0,0,0,LEADER,1,0,0,0,0,59
163268,37,adaptive-prasle,2210,1,0,0,59,0,826,0,1,37,161058,2210,0,60,0,0,0,LEADER,1,0,0,0,0,59
162811,38,adaptive-prasle,1755,1,0,0,59,0,826,0,1,38,161056,1755,0,60,0,0,0,LEADER,1,0,0,0,0,59
163477,98,adaptive-prasle,2419,1,0,0,59,0,826,0,1,98,161058,2419,0,60,0,0,0,LEADER,1,0,0,0,0,59
163337,27,adaptive-prasle,2280,1,0,0,59,0,826,0,1,27,161057,2280,0,60,0,0,0,LEADER,1,0,0,0,0,59
163186,62,adaptive-prasle,2128,1,0,0,59,0,826,0,1,62,161058,2128,0,60,0,0,0,LEADER,1,0,0,0,0,59
162995,56,adaptive-prasle,1937,1,0,0,59,0,826,0,1,56,161058,1937,0,60,0,0,0,LEADER,1,0,0,0,0,59
163382,99,adaptive-prasle,2328,1,0,0,59,0,826,0,1,99,161054,2328,0,60,0,0,0,LEADER,1,0,0,0,0,59
163262,48,adaptive-prasle,2202,1,0,0,59,0,826,0,1,48,161060,2202,0,60,0,0,0,LEADER,1,0,0,0,0,59
162777,71,adaptive-prasle,1719,1,0,0,59,0,826,0,1,71,161058,1719,0,60,0,0,0,LEADER,1,0,0,0,0,59
163002,87,adaptive-prasle,1944,1,0,0,59,0,826,0,1,87,161058,1944,0,60,0,0,0,LEADER,1,0,0,0,0,59
162928,36,adaptive-prasle,1870,1,0,0,59,0,826,0,1,36,161058,1870,0,60,0,0,0,LEADER,1,0,0,0,0,59
163424,77,adaptive-prasle,1446,1,0,0,59,0,826,0,1,77,161978,1446,0,60,0,0,0,LEADER,1,0,0,0,0,59
163617,83,adaptive-prasle,1637,1,0,0,59,0,826,0,1,83,161980,1637,0,60,0,0,0,LEADER,1,0,0,0,0,59
163117,85,adaptive-prasle,2059,1,0,0,59,0,826,0,1,85,161058,2059,0,60,0,0,0,LEADER,1,0,0,0,0,59
163645,19,adaptive-prasle,1667,1,0,0,59,0,826,0,1,19,161978,1667,0,60,0,0,0,LEADER,1,0,0,0,0,59
163800,65,adaptive-prasle,1822,1,0,0,59,0,826,0,1,65,161978,1822,0,60,0,0,0,LEADER,1,0,0,0,0,59
163406,35,adaptive-prasle,1428,1,0,0,59,0,826,0,1,35,161978,1428,0,60,0,0,0,LEADER,1,0,0,0,0,59
163421,86,adaptive-prasle,1443,1,0,0,59,0,826,0,1,86,161978,1443,0,60,0,0,0,LEADER,1,0,0,0,0,59
163464,50,adaptive-prasle,2406,1,0,0,59,0,826,0,1,50,161058,2406,0,60,0,0,0,LEADER,1,0,0,0,0,59
163479,55,adaptive-prasle,1501,1,0,0,59,0,826,0,1,55,161978,1501,0,60,0,0,0,LEADER,1,0,0,0,0,59
163518,63,adaptive-prasle,1540,1,0,0,59,0,826,0,1,63,161978,1540,0,60,0,0,0,LEADER,1,0,0,0,0,59
163882,46,adaptive-prasle,1904,1,0,0,59,0,826,0,1,46,161978,1904,0,60,0,0,0,LEADER,1,0,0,0,0,59
163677,53,adaptive-prasle,1701,1,0,0,59,0,826,0,1,53,161976,1701,0,60,0,0,0,LEADER,1,0,0,0,0,59
163032,23,adaptive-prasle,1974,1,0,0,59,0,826,0,1,23,161058,1974,0,60,0,0,0,LEADER,1,0,0,0,0,59
163900,88,adaptive-prasle,1922,1,0,0,59,0,826,0,1,88,161978,1922,0,60,0,0,0,LEADER,1,0,0,0,0,59
163427,34,adaptive-prasle,1449,1,0,0,59,0,826,0,1,34,161978,1449,0,60,0,0,0,LEADER,1,0,0,0,0,59
163037,97,adaptive-prasle,1977,1,0,0,59,0,826,0,1,97,161060,1977,0,60,0,0,0,LEADER,1,0,0,0,0,59
163155,20,adaptive-prasle,2095,1,0,0,59,0,826,0,1,20,161060,2095,0,60,0,0,0,LEADER,1,0,0,0,0,59
163235,40,adaptive-prasle,2177,1,0,0,59,0,826,0,1,40,161058,2177,0,60,0,0,0,LEADER,1,0,0,0,0,59
163160,47,adaptive-prasle,2100,1,0,0,59,0,826,0,1,47,161060,2100,0,60,0,0,0,LEADER,1,0,0,0,0,59
164070,95,adaptive-prasle,2092,1,0,0,59,0,826,0,1,95,161978,2092,0,60,0,0,0,LEADER,1,0,0,0,0,59
163453,25,adaptive-prasle,2395,1,0,0,59,0,826,0,1,25,161058,2395,0,60,0,0,0,LEADER,1,0,0,0,0,59
164058,84,adaptive-prasle,2080,1,0,0,59,0,826,0,1,84,161978,2080,0,60,0,0,0,LEADER,1,0,0,0,0,59
163335,70,adaptive-prasle,2277,1,0,0,59,0,826,0,1,70,161058,2277,0,60,0,0,0,LEADER,1,0,0,0,0,59
163253,82,adaptive-prasle,2195,1,0,0,59,0,826,0,1,82,161058,2195,0,60,0,0,0,LEADER,1,0,0,0,0,59
163471,67,adaptive-prasle,2413,1,0,0,59,0,826,0,1,67,161058,2413,0,60,0,0,0,LEADER,1,0,0,0,0,59
163423,89,adaptive-prasle,2365,1,0,0,59,0,826,0,1,89,161058,2365,0,60,0,0,0,LEADER,1,0,0,0,0,59
164091,28,adaptive-prasle,2113,1,0,0,59,0,826,0,1,28,161978,2113,0,60,0,0,0,LEADER,1,0,0,0,0,59
163833,68,adaptive-prasle,1855,1,0,0,59,0,826,0,1,68,161978,1855,0,60,0,0,0,LEADER,1,0,0,0,0,59
163786,90,adaptive-prasle,1807,1,0,0,59,0,826,0,1,90,161979,1807,0,60,0,0,0,LEADER,1,0,0,0,0,59
163446,76,adaptive-prasle,1468,1,0,0,59,0,826,0,1,76,161978,1468,0,60,0,0,0,LEADER,1,0,0,0,0,59
163767,10,adaptive-prasle,1789,1,0,0,59,0,826,0,1,10,161978,1789,0,60,0,0,0,LEADER,1,0,0,0,0,59
164199,58,adaptive-prasle,2221,1,0,0,59,0,826,0,1,58,161978,2221,0,60,0,0,0,LEADER,1,0,0,0,0,59
163582,73,adaptive-prasle,1604,1,0,0,59,0,826,0,1,73,161978,1604,0,60,0,0,0,LEADER,1,0,0,0,0,59
163323,59,adaptive-prasle,2265,1,0,0,59,0,826,0,1,59,161058,2265,0,60,0,0,0,LEADER,1,0,0,0,0,59
163597,41,adaptive-prasle,1619,1,0,0,59,0,826,0,1,41,161978,1619,0,60,0,0,0,LEADER,1,0,0,0,0,59
163512,96,adaptive-prasle,1534,1,0,0,59,0,826,0,1,96,161978,1534,0,60,0,0,0,LEADER,1,0,0,0,0,59
163745,49,adaptive-prasle,1767,1,0,0,59,0,826,0,1,49,161978,1767,0,60,0,0,0,LEADER,1,0,0,0,0,59
163813,74,adaptive-prasle,1837,1,0,0,59,0,826,0,1,74,161976,1837,0,60,0,0,0,LEADER,1,0,0,0,0,59
164206,92,adaptive-prasle,2228,1,0,0,59,0,826,0,1,92,161978,2228,0,60,0,0,0,LEADER,1,0,0,0,0,59
163414,66,adaptive-prasle,1434,1,0,0,59,0,826,0,1,66,161980,1434,0,60,0,0,0,LEADER,1,0,0,0,0,59
163438,57,adaptive-prasle,2380,1,0,0,59,0,826,0,1,57,161058,2380,0,60,0,0,0,LEADER,1,0,0,0,0,59
164238,78,adaptive-prasle,2260,1,0,0,59,0,826,0,1,78,161978,2260,0,60,0,0,0,LEADER,1,0,0,0,0,59
163404,39,adaptive-prasle,2346,1,0,0,59,0,826,0,1,39,161058,2346,0,60,0,0,0,LEADER,1,0,0,0,0,59
164121,30,adaptive-prasle,2143,1,0,0,59,0,826,0,1,30,161978,2143,0,60,0,0,0,LEADER,1,0,0,0,0,59
163527,64,adaptive-prasle,1549,1,0,0,59,0,826,0,1,64,161978,1549,0,60,0,0,0,LEADER,1,0,0,0,0,59
163752,80,adaptive-prasle,1774,1,0,0,59,0,826,0,1,80,161978,1774,0,60,0,0,0,LEADER,1,0,0,0,0,59
163491,54,adaptive-prasle,1516,1,0,0,59,0,826,0,1,54,161975,1516,0,60,0,0,0,LEADER,1,0,0,0,0,59
164018,43,adaptive-prasle,2040,1,0,0,59,0,826,0,1,43,161978,2040,0,60,0,0,0,LEADER,1,0,0,0,0,59
163938,26,adaptive-prasle,1960,1,0,0,59,0,826,0,1,26,161978,1960,0,60,0,0,0,LEADER,1,0,0,0,0,59
163567,42,adaptive-prasle,1591,1,0,0,59,0,826,0,1,42,161976,1591,0,60,0,0,0,LEADER,1,0,0,0,0,59
163576,31,adaptive-prasle,1598,1,0,0,59,0,826,0,1,31,161978,1598,0,60,0,0,0,LEADER,1,0,0,0,0,59
164333,94,adaptive-prasle,2355,1,0,0,59,0,826,0,1,94,161978,2355,0,60,0,0,0,LEADER,1,0,0,0,0,59
163903,45,adaptive-prasle,1925,1,0,0,59,0,826,0,1,45,161978,1925,0,60,0,0,0,LEADER,1,0,0,0,0,59
164276,60,adaptive-prasle,2298,1,0,0,59,0,826,0,1,60,161978,2298,0,60,0,0,0,LEADER,1,0,0,0,0,59
164382,44,adaptive-prasle,1483,1,0,0,60,0,840,0,1,44,162899,1483,0,61,0,0,0,LEADER,1,0,0,0,0,60
163630,51,adaptive-prasle,1652,1,0,0,59,0,826,0,1,51,161978,1652,0,60,0,0,0,LEADER,1,0,0,0,0,59
163987,33,adaptive-prasle,2007,1,0,0,59,0,826,0,1,33,161980,2007,0,60,0,0,0,LEADER,1,0,0,0,0,59
164140,72,adaptive-prasle,2162,1,0,0,59,0,826,0,1,72,161978,2162,0,60,0,0,0,LEADER,1,0,0,0,0,59
164430,22,adaptive-prasle,1531,1,0,0,60,0,840,0,1,22,162899,1531,0,61,0,0,0,LEADER,1,0,0,0,0,60
163930,24,adaptive-prasle,1952,1,0,0,59,0,826,0,1,24,161978,1952,0,60,0,0,0,LEADER,1,0,0,0,0,59
164462,32,adaptive-prasle,1564,1,0,0,60,0,840,0,1,32,162898,1564,0,61,0,0,0,LEADER,1,0,0,0,0,60
163649,93,adaptive-prasle,1671,1,0,0,59,0,826,0,1,93,161978,1671,0,60,0,0,0,LEADER,1,0,0,0,0,59
164308,79,adaptive-prasle,2331,1,0,0,59,0,826,0,1,79,161977,2331,0,60,0,0,0,LEADER,1,0,0,0,0,59
164323,69,adaptive-prasle,2343,1,0,0,59,0,826,0,1,69,161980,2343,0,60,0,0,0,LEADER,1,0,0,0,0,59
164003,75,adaptive-prasle,2025,1,0,0,59,0,826,0,1,75,161978,2025,0,60,0,0,0,LEADER,1,0,0,0,0,59
163730,81,adaptive-prasle,1752,1,0,0,59,0,826,0,1,81,161978,1752,0,60,0,0,0,LEADER,1,0,0,0,0,59
163588,52,adaptive-prasle,1610,1,0,0,59,0,826,0,1,52,161978,1610,0,60,0,0,0,LEADER,1,0,0,0,0,59
164067,21,adaptive-prasle,2088,1,0,0,59,0,826,0,1,21,161979,2088,0,60,0,0,0,LEADER,1,0,0,0,0,59
164243,29,adaptive-prasle,2265,1,0,0,59,0,826,0,1,29,161978,2265,0,60,0,0,0,LEADER,1,0,0,0,0,59
163819,100,adaptive-prasle,1841,1,0,0,59,0,826,0,1,100,161978,1841,0,60,0,0,0,LEADER,1,0,0,0,0,59
163664,61,adaptive-prasle,1686,1,0,0,59,0,826,0,1,61,161978,1686,0,60,0,0,0,LEADER,1,0,0,0,0,59
164228,91,adaptive-prasle,2250,1,0,0,59,0,826,0,1,91,161978,2250,0,60,0,0,0,LEADER,1,0,0,0,0,59
164188,37,adaptive-prasle,2210,1,0,0,59,0,826,0,1,37,161978,2210,0,60,0,0,0,LEADER,1,0,0,0,0,59
163731,38,adaptive-prasle,1755,1,0,0,59,0,826,0,1,38,161976,1755,0,60,0,0,0,LEADER,1,0,0,0,0,59
164397,98,adaptive-prasle,2419,1,0,0,59,0,826,0,1,98,161978,2419,0,60,0,0,0,LEADER,1,0,0,0,0,59
164257,27,adaptive-prasle,2280,1,0,0,59,0,826,0,1,27,161977,2280,0,60,0,0,0,LEADER,1,0,0,0,0,59
164106,62,adaptive-prasle,2128,1,0,0,59,0,826,0,1,62,161978,2128,0,60,0,0,0,LEADER,1,0,0,0,0,59
163915,56,adaptive-prasle,1937,1,0,0,59,0,826,0,1,56,161978,1937,0,60,0,0,0,LEADER,1,0,0,0,0,59
164302,99,adaptive-prasle,2328,1,0,0,59,0,826,0,1,99,161974,2328,0,60,0,0,0,LEADER,1,0,0,0,0,59
164182,48,adaptive-prasle,2202,1,0,0,59,0,826,0,1,48,161980,2202,0,60,0,0,0,LEADER,1,0,0,0,0,59
163697,71,adaptive-prasle,1719,1,0,0,59,0,826,0,1,71,161978,1719,0,60,0,0,0,LEADER,1,0,0,0,0,59
163922,87,adaptive-prasle,1944,1,0,0,59,0,826,0,1,87,161978,1944,0,60,0,0,0,LEADER,1,0,0,0,0,59
163848,36,adaptive-prasle,1870,1,0,0,59,0,826,0,1,36,161978,1870,0,60,0,0,0,LEADER,1,0,0,0,0,59
164345,77,adaptive-prasle,1446,1,0,0,60,0,840,0,1,77,162899,1446,0,61,0,0,0,LEADER,1,0,0,0,0,60
164538,83,adaptive-prasle,1637,1,0,0,60,0,840,0,1,83,162901,1637,0,61,0,0,0,LEADER,1,0,0,0,0,60
164037,85,adaptive-prasle,2059,1,0,0,59,0,826,0,1,85,161978,2059,0,60,0,0,0,LEADER,1,0,0,0,0,59
164566,19,adaptive-prasle,1667,1,0,0,60,0,840,0,1,19,162899,1667,0,61,0,0,0,LEADER,1,0,0,0,0,60
164721,65,adaptive-prasle,1822,1,0,0,60,0,840,0,1,65,162899,1822,0,61,0,0,0,LEADER,1,0,0,0,0,60
164327,35,adaptive-prasle,1428,1,0,0,60,0,840,0,1,35,162899,1428,0,61,0,0,0,LEADER,1,0,0,0,0,60
164342,86,adaptive-prasle,1443,1,0,0,60,0,840,0,1,86,162899,1443,0,61,0,0,0,LEADER,1,0,0,0,0,60
164384,50,adaptive-prasle,2406,1,0,0,59,0,826,0,1,50,161978,2406,0,60,0,0,0,LEADER,1,0,0,0,0,59
164400,55,adaptive-prasle,1501,1,0,0,60,0,840,0,1,55,162899,1501,0,61,0,0,0,LEADER,1,0,0,0,0,60
164439,63,adaptive-prasle,1540,1,0,0,60,0,840,0,1,63,162899,1540,0,61,0,0,0,LEADER,1,0,0,0,0,60
164803,46,adaptive-prasle,1904,1,0,0,60,0,840,0,1,46,162899,1904,0,61,0,0,0,LEADER,1,0,0,0,0,60
164598,53,adaptive-prasle,1701,1,0,0,60,0,840,0,1,53,162897,1701,0,61,0,0,0,LEADER,1,0,0,0,0,60
163952,23,adaptive-prasle,1974,1,0,0,59,0,826,0,1,23,161978,1974,0,60,0,0,0,LEADER,1,0,0,0,0,59
164821,88,adaptive-prasle,1922,1,0,0,60,0,840,0,1,88,162899,1922,0,61,0,0,0,LEADER,1,0,0,0,0,60
164348,34,adaptive-prasle,1449,1,0,0,60,0,840,0,1,34,162899,1449,0,61,0,0,0,LEADER,1,0,0,0,0,60
163957,97,adaptive-prasle,1977,1,0,0,59,0,826,0,1,97,161980,1977,0,60,0,0,0,LEADER,1,0,0,0,0,59
164075,20,adaptive-prasle,2095,1,0,0,59,0,826,0,1,20,161980,2095,0,60,0,0,0,LEADER,1,0,0,0,0,59
164155,40,adaptive-prasle,2177,1,0,0,59,0,826,0,1,40,161978,2177,0,60,0,0,0,LEADER,1,0,0,0,0,59
164080,47,adaptive-prasle,2100,1,0,0,59,0,826,0,1,47,161980,2100,0,60,0,0,0,LEADER,1,0,0,0,0,59
164991,95,adaptive-prasle,2092,1,0,0,60,0,840,0,1,95,162899,2092,0,61,0,0,0,LEADER,1,0,0,0,0,60
164373,25,adaptive-prasle,2395,1,0,0,59,0,826,0,1,25,161978,2395,0,60,0,0,0,LEADER,1,0,0,0,0,59
164979,84,adaptive-prasle,2080,1,0,0,60,0,840,0,1,84,162899,2080,0,61,0,0,0,LEADER,1,0,0,0,0,60
164255,70,adaptive-prasle,2277,1,0,0,59,0,826,0,1,70,161978,2277,0,60,0,0,0,LEADER,1,0,0,0,0,59
164173,82,adaptive-prasle,2195,1,0,0,59,0,826,0,1,82,161978,2195,0,60,0,0,0,LEADER,1,0,0,0,0,59
164391,67,adaptive-prasle,2413,1,0,0,59,0,826,0,1,67,161978,2413,0,60,0,0,0,LEADER,1,0,0,0,0,59
164343,89,adaptive-prasle,2365,1,0,0,59,0,826,0,1,89,161978,2365,0,60,0,0,0,LEADER,1,0,0,0,0,59
165012,28,adaptive-prasle,2113,1,0,0,60,0,840,0,1,28,162899,2113,0,61,0,0,0,LEADER,1,0,0,0,0,60
164754,68,adaptive-prasle,1855,1,0,0,60,0,840,0,1,68,162899,1855,0,61,0,0,0,LEADER,1,0,0,0,0,60
164707,90,adaptive-prasle,1807,1,0,0,60,0,840,0,1,90,162900,1807,0,61,0,0,0,LEADER,1,0,0,0,0,60
164367,76,adaptive-prasle,1468,1,0,0,60,0,840,0,1,76,162899,1468,0,61,0,0,0,LEADER,1,0,0,0,0,60
164688,10,adaptive-prasle,1789,1,0,0,60,0,840,0,1,10,162899,1789,0,61,0,0,0,LEADER,1,0,0,0,0,60
165120,58,adaptive-prasle,2221,1,0,0,60,0,840,0,1,58,162899,2221,0,61,0,0,0,LEADER,1,0,0,0,0,60
164503,73,adaptive-prasle,1604,1,0,0,60,0,840,0,1,73,162899,1604,0,61,0,0,0,LEADER,1,0,0,0,0,60
164243,59,adaptive-prasle,2265,1,0,0,59,0,826,0,1,59,161978,2265,0,60,0,0,0,LEADER,1,0,0,0,0,59
164518,41,adaptive-prasle,1619,1,0,0,60,0,840,0,1,41,162899,1619,0,61,0,0,0,LEADER,1,0,0,0,0,60
164433,96,adaptive-prasle,1534,1,0,0,60,0,840,0,1,96,162899,1534,0,61,0,0,0,LEADER,1,0,0,0,0,60
164734,74,adaptive-prasle,1837,1,0,0,60,0,840,0,1,74,162897,1837,0,61,0,0,0,LEADER,1,0,0,0,0,60
164666,49,adaptive-prasle,1767,1,0,0,60,0,840,0,1,49,162899,1767,0,61,0,0,0,LEADER,1,0,0,0,0,60
165127,92,adaptive-prasle,2228,1,0,0,60,0,840,0,1,92,162899,2228,0,61,0,0,0,LEADER,1,0,0,0,0,60
164335,66,adaptive-prasle,1434,1,0,0,60,0,840,0,1,66,162901,1434,0,61,0,0,0,LEADER,1,0,0,0,0,60
164358,57,adaptive-prasle,2380,1,0,0,59,0,826,0,1,57,161978,2380,0,60,0,0,0,LEADER,1,0,0,0,0,59
165159,78,adaptive-prasle,2260,1,0,0,60,0,840,0,1,78,162899,2260,0,61,0,0,0,LEADER,1,0,0,0,0,60
164324,39,adaptive-prasle,2346,1,0,0,59,0,826,0,1,39,161978,2346,0,60,0,0,0,LEADER,1,0,0,0,0,59
165042,30,adaptive-prasle,2143,1,0,0,60,0,840,0,1,30,162899,2143,0,61,0,0,0,LEADER,1,0,0,0,0,60
164448,64,adaptive-prasle,1549,1,0,0,60,0,840,0,1,64,162899,1549,0,61,0,0,0,LEADER,1,0,0,0,0,60
164673,80,adaptive-prasle,1774,1,0,0,60,0,840,0,1,80,162899,1774,0,61,0,0,0,LEADER,1,0,0,0,0,60
164412,54,adaptive-prasle,1516,1,0,0,60,0,840,0,1,54,162896,1516,0,61,0,0,0,LEADER,1,0,0,0,0,60
164939,43,adaptive-prasle,2040,1,0,0,60,0,840,0,1,43,162899,2040,0,61,0,0,0,LEADER,1,0,0,0,0,60
164859,26,adaptive-prasle,1960,1,0,0,60,0,840,0,1,26,162899,1960,0,61,0,0,0,LEADER,1,0,0,0,0,60
164487,42,adaptive-prasle,1591,1,0,0,60,0,840,0,1,42,162896,1591,0,61,0,0,0,LEADER,1,0,0,0,0,60
164497,31,adaptive-prasle,1598,1,0,0,60,0,840,0,1,31,162899,1598,0,61,0,0,0,LEADER,1,0,0,0,0,60
165254,94,adaptive-prasle,2355,1,0,0,60,0,840,0,1,94,162899,2355,0,61,0,0,0,LEADER,1,0,0,0,0,60
164824,45,adaptive-prasle,1925,1,0,0,60,0,840,0,1,45,162899,1925,0,61,0,0,0,LEADER,1,0,0,0,0,60
165197,60,adaptive-prasle,2298,1,0,0,60,0,840,0,1,60,162899,2298,0,61,0,0,0,LEADER,1,0,0,0,0,60
165302,44,adaptive-prasle,1483,1,0,0,60,0,840,0,1,44,163819,1483,0,61,0,0,0,LEADER,1,0,0,0,0,60
164551,51,adaptive-prasle,1652,1,0,0,60,0,840,0,1,51,162899,1652,0,61,0,0,0,LEADER,1,0,0,0,0,60
165350,22,adaptive-prasle,1531,1,0,0,60,0,840,0,1,22,163819,1531,0,61,0,0,0,LEADER,1,0,0,0,0,60
164908,33,adaptive-prasle,2007,1,0,0,60,0,840,0,1,33,162901,2007,0,61,0,0,0,LEADER,1,0,0,0,0,60
165061,72,adaptive-prasle,2162,1,0,0,60,0,840,0,1,72,162899,2162,0,61,0,0,0,LEADER,1,0,0,0,0,60
164851,24,adaptive-prasle,1952,1,0,0,60,0,840,0,1,24,162899,1952,0,61,0,0,0,LEADER,1,0,0,0,0,60
165382,32,adaptive-prasle,1564,1,0,0,60,0,840,0,1,32,163818,1564,0,61,0,0,0,LEADER,1,0,0,0,0,60
164570,93,adaptive-prasle,1671,1,0,0,60,0,840,0,1,93,162899,1671,0,61,0,0,0,LEADER,1,0,0,0,0,60
165244,69,adaptive-prasle,2343,1,0,0,60,0,840,0,1,69,162901,2343,0,61,0,0,0,LEADER,1,0,0,0,0,60
165229,79,adaptive-prasle,2331,1,0,0,60,0,840,0,1,79,162898,2331,0,61,0,0,0,LEADER,1,0,0,0,0,60
164924,75,adaptive-prasle,2025,1,0,0,60,0,840,0,1,75,162899,2025,0,61,0,0,0,LEADER,1,0,0,0,0,60
164651,81,adaptive-prasle,1752,1,0,0,60,0,840,0,1,81,162899,1752,0,61,0,0,0,LEADER,1,0,0,0,0,60
164509,52,adaptive-prasle,1610,1,0,0,60,0,840,0,1,52,162899,1610,0,61,0,0,0,LEADER,1,0,0,0,0,60
165164,29,adaptive-prasle,2265,1,0,0,60,0,840,0,1,29,162899,2265,0,61,0,0,0,LEADER,1,0,0,0,0,60
164988,21,adaptive-prasle,2088,1,0,0,60,0,840,0,1,21,162900,2088,0,61,0,0,0,LEADER,1,0,0,0,0,60
164740,100,adaptive-prasle,1841,1,0,0,60,0,840,0,1,100,162899,1841,0,61,0,0,0,LEADER,1,0,0,0,0,60
164585,61,adaptive-prasle,1686,1,0,0,60,0,840,0,1,61,162899,1686,0,61,0,0,0,LEADER,1,0,0,0,0,60
165149,91,adaptive-prasle,2250,1,0,0,60,0,840,0,1,91,162899,2250,0,61,0,0,0,LEADER,1,0,0,0,0,60
165109,37,adaptive-prasle,2210,1,0,0,60,0,840,0,1,37,162899,2210,0,61,0,0,0,LEADER,1,0,0,0,0,60
164652,38,adaptive-prasle,1755,1,0,0,60,0,840,0,1,38,162897,1755,0,61,0,0,0,LEADER,1,0,0,0,0,60
165318,98,adaptive-prasle,2419,1,0,0,60,0,840,0,1,98,162899,2419,0,61,0,0,0,LEADER,1,0,0,0,0,60
165178,27,adaptive-prasle,2280,1,0,0,60,0,840,0,1,27,162898,2280,0,61,0,0,0,LEADER,1,0,0,0,0,60
165027,62,adaptive-prasle,2128,1,0,0,60,0,840,0,1,62,162899,2128,0,61,0,0,0,LEADER,1,0,0,0,0,60
164836,56,adaptive-prasle,1937,1,0,0,60,0,840,0,1,56,162899,1937,0,61,0,0,0,LEADER,1,0,0,0,0,60
165223,99,adaptive-prasle,2328,1,0,0,60,0,840,0,1,99,162895,2328,0,61,0,0,0,LEADER,1,0,0,0,0,60
165103,48,adaptive-prasle,2202,1,0,0,60,0,840,0,1,48,162901,2202,0,61,0,0,0,LEADER,1,0,0,0,0,60
164618,71,adaptive-prasle,1719,1,0,0,60,0,840,0,1,71,162899,1719,0,61,0,0,0,LEADER,1,0,0,0,0,60
164843,87,adaptive-prasle,1944,1,0,0,60,0,840,0,1,87,162899,1944,0,61,0,0,0,LEADER,1,0,0,0,0,60
164769,36,adaptive-prasle,1870,1,0,0,60,0,840,0,1,36,162899,1870,0,61,0,0,0,LEADER,1,0,0,0,0,60
165265,77,adaptive-prasle,1446,1,0,0,60,0,840,0,1,77,163819,1446,0,61,0,0,0,LEADER,1,0,0,0,0,60
165458,83,adaptive-prasle,1637,1,0,0,60,0,840,0,1,83,163821,1637,0,61,0,0,0,LEADER,1,0,0,0,0,60
164958,85,adaptive-prasle,2059,1,0,0,60,0,840,0,1,85,162899,2059,0,61,0,0,0,LEADER,1,0,0,0,0,60
165486,19,adaptive-prasle,1667,1,0,0,60,0,840,0,1,19,163819,1667,0,61,0,0,0,LEADER,1,0,0,0,0,60
165641,65,adaptive-prasle,1822,1,0,0,60,0,840,0,1,65,163819,1822,0,61,0,0,0,LEADER,1,0,0,0,0,60
165247,35,adaptive-prasle,1428,1,0,0,60,0,840,0,1,35,163819,1428,0,61,0,0,0,LEADER,1,0,0,0,0,60
165262,86,adaptive-prasle,1443,1,0,0,60,0,840,0,1,86,163819,1443,0,61,0,0,0,LEADER,1,0,0,0,0,60
165305,50,adaptive-prasle,2406,1,0,0,60,0,840,0,1,50,162899,2406,0,61,0,0,0,LEADER,1,0,0,0,0,60
165320,55,adaptive-prasle,1501,1,0,0,60,0,840,0,1,55,163819,1501,0,61,0,0,0,LEADER,1,0,0,0,0,60
165359,63,adaptive-prasle,1540,1,0,0,60,0,840,0,1,63,163819,1540,0,61,0,0,0,LEADER,1,0,0,0,0,60
165723,46,adaptive-prasle,1904,1,0,0,60,0,840,0,1,46,163819,1904,0,61,0,0,0,LEADER,1,0,0,0,0,60
165518,53,adaptive-prasle,1701,1,0,0,60,0,840,0,1,53,163817,1701,0,61,0,0,0,LEADER,1,0,0,0,0,60
164873,23,adaptive-prasle,1974,1,0,0,60,0,840,0,1,23,162899,1974,0,61,0,0,0,LEADER,1,0,0,0,0,60
165741,88,adaptive-prasle,1922,1,0,0,60,0,840,0,1,88,163819,1922,0,61,0,0,0,LEADER,1,0,0,0,0,60
165268,34,adaptive-prasle,1449,1,0,0,60,0,840,0,1,34,163819,1449,0,61,0,0,0,LEADER,1,0,0,0,0,60
164878,97,adaptive-prasle,1977,1,0,0,60,0,840,0,1,97,162901,1977,0,61,0,0,0,LEADER,1,0,0,0,0,60
164996,20,adaptive-prasle,2095,1,0,0,60,0,840,0,1,20,162901,2095,0,61,0,0,0,LEADER,1,0,0,0,0,60
165076,40,adaptive-prasle,2177,1,0,0,60,0,840,0,1,40,162899,2177,0,61,0,0,0,LEADER,1,0,0,0,0,60
165001,47,adaptive-prasle,2100,1,0,0,60,0,840,0,1,47,162901,2100,0,61,0,0,0,LEADER,1,0,0,0,0,60
165911,95,adaptive-prasle,2092,1,0,0,60,0,840,0,1,95,163819,2092,0,61,0,0,0,LEADER,1,0,0,0,0,60
165294,25,adaptive-prasle,2395,1,0,0,60,0,840,0,1,25,162899,2395,0,61,0,0,0,LEADER,1,0,0,0,0,60
165899,84,adaptive-prasle,2080,1,0,0,60,0,840,0,1,84,163819,2080,0,61,0,0,0,LEADER,1,0,0,0,0,60
165176,70,adaptive-prasle,2277,1,0,0,60,0,840,0,1,70,162899,2277,0,61,0,0,0,LEADER,1,0,0,0,0,60
165094,82,adaptive-prasle,2195,1,0,0,60,0,840,0,1,82,162899,2195,0,61,0,0,0,LEADER,1,0,0,0,0,60
165312,67,adaptive-prasle,2413,1,0,0,60,0,840,0,1,67,162899,2413,0,61,0,0,0,LEADER,1,0,0,0,0,60
165264,89,adaptive-prasle,2365,1,0,0,60,0,840,0,1,89,162899,2365,0,61,0,0,0,LEADER,1,0,0,0,0,60
165932,28,adaptive-prasle,2113,1,0,0,60,0,840,0,1,28,163819,2113,0,61,0,0,0,LEADER,1,0,0,0,0,60
165674,68,adaptive-prasle,1855,1,0,0,60,0,840,0,1,68,163819,1855,0,61,0,0,0,LEADER,1,0,0,0,0,60
165627,90,adaptive-prasle,1807,1,0,0,60,0,840,0,1,90,163820,1807,0,61,0,0,0,LEADER,1,0,0,0,0,60
165287,76,adaptive-prasle,1468,1,0,0,60,0,840,0,1,76,163819,1468,0,61,0,0,0,LEADER,1,0,0,0,0,60
165608,10,adaptive-prasle,1789,1,0,0,60,0,840,0,1,10,163819,1789,0,61,0,0,0,LEADER,1,0,0,0,0,60
166040,58,adaptive-prasle,2221,1,0,0,60,0,840,0,1,58,163819,2221,0,61,0,0,0,LEADER,1,0,0,0,0,60
165423,73,adaptive-prasle,1604,1,0,0,60,0,840,0,1,73,163819,1604,0,61,0,0,0,LEADER,1,0,0,0,0,60
165164,59,adaptive-prasle,2265,1,0,0,60,0,840,0,1,59,162899,2265,0,61,0,0,0,LEADER,1,0,0,0,0,60
165438,41,adaptive-prasle,1619,1,0,0,60,0,840,0,1,41,163819,1619,0,61,0,0,0,LEADER,1,0,0,0,0,60
165353,96,adaptive-prasle,1534,1,0,0,60,0,840,0,1,96,163819,1534,0,61,0,0,0,LEADER,1,0,0,0,0,60
165654,74,adaptive-prasle,1837,1,0,0,60,0,840,0,1,74,163817,1837,0,61,0,0,0,LEADER,1,0,0,0,0,60
165586,49,adaptive-prasle,1767,1,0,0,60,0,840,0,1,49,163819,1767,0,61,0,0,0,LEADER,1,0,0,0,0,60
166047,92,adaptive-prasle,2228,1,0,0,60,0,840,0,1,92,163819,2228,0,61,0,0,0,LEADER,1,0,0,0,0,60
165255,66,adaptive-prasle,1434,1,0,0,60,0,840,0,1,66,163821,1434,0,61,0,0,0,LEADER,1,0,0,0,0,60
165279,57,adaptive-prasle,2380,1,0,0,60,0,840,0,1,57,162899,2380,0,61,0,0,0,LEADER,1,0,0,0,0,60
166079,78,adaptive-prasle,2260,1,0,0,60,0,840,0,1,78,163819,2260,0,61,0,0,0,LEADER,1,0,0,0,0,60
165245,39,adaptive-prasle,2346,1,0,0,60,0,840,0,1,39,162899,2346,0,61,0,0,0,LEADER,1,0,0,0,0,60
165962,30,adaptive-prasle,2143,1,0,0,60,0,840,0,1,30,163819,2143,0,61,0,0,0,LEADER,1,0,0,0,0,60
165368,64,adaptive-prasle,1549,1,0,0,60,0,840,0,1,64,163819,1549,0,61,0,0,0,LEADER,1,0,0,0,0,60
165593,80,adaptive-prasle,1774,1,0,0,60,0,840,0,1,80,163819,1774,0,61,0,0,0,LEADER,1,0,0,0,0,60
165332,54,adaptive-prasle,1516,1,0,0,60,0,840,0,1,54,163816,1516,0,61,0,0,0,LEADER,1,0,0,0,0,60
165859,43,adaptive-prasle,2040,1,0,0,60,0,840,0,1,43,163819,2040,0,61,0,0,0,LEADER,1,0,0,0,0,60
165779,26,adaptive-prasle,1960,1,0,0,60,0,840,0,1,26,163819,1960,0,61,0,0,0,LEADER,1,0,0,0,0,60
165407,42,adaptive-prasle,1591,1,0,0,60,0,840,0,1,42,163816,1591,0,61,0,0,0,LEADER,1,0,0,0,0,60
165417,31,adaptive-prasle,1598,1,0,0,60,0,840,0,1,31,163819,1598,0,61,0,0,0,LEADER,1,0,0,0,0,60
166174,94,adaptive-prasle,2355,1,0,0,60,0,840,0,1,94,163819,2355,0,61,0,0,0,LEADER,1,0,0,0,0,60
165744,45,adaptive-prasle,1925,1,0,0,60,0,840,0,1,45,163819,1925,0,61,0,0,0,LEADER,1,0,0,0,0,60
166117,60,adaptive-prasle,2298,1,0,0,60,0,840,0,1,60,163819,2298,0,61,0,0,0,LEADER,1,0,0,0,0,60
166222,44,adaptive-prasle,1483,1,0,0,60,0,840,0,1,44,164739,1483,0,61,0,0,0,LEADER,1,0,0,0,0,60
165471,51,adaptive-prasle,1652,1,0,0,60,0,840,0,1,51,163819,1652,0,61,0,0,0,LEADER,1,0,0,0,0,60
166270,22,adaptive-prasle,1531,1,0,0,60,0,840,0,1,22,164739,1531,0,61,0,0,0,LEADER,1,0,0,0,0,60
165828,33,adaptive-prasle,2007,1,0,0,60,0,840,0,1,33,163821,2007,0,61,0,0,0,LEADER,1,0,0,0,0,60
165981,72,adaptive-prasle,2162,1,0,0,60,0,840,0,1,72,163819,2162,0,61,0,0,0,LEADER,1,0,0,0,0,60
165771,24,adaptive-prasle,1952,1,0,0,60,0,840,0,1,24,163819,1952,0,61,0,0,0,LEADER,1,0,0,0,0,60
166302,32,adaptive-prasle,1564,1,0,0,60,0,840,0,1,32,164738,1564,0,61,0,0,0,LEADER,1,0,0,0,0,60
165490,93,adaptive-prasle,1671,1,0,0,60,0,840,0,1,93,163819,1671,0,61,0,0,0,LEADER,1,0,0,0,0,60
166149,79,adaptive-prasle,2331,1,0,0,60,0,840,0,1,79,163818,2331,0,61,0,0,0,LEADER,1,0,0,0,0,60
166164,69,adaptive-prasle,2343,1,0,0,60,0,840,0,1,69,163821,2343,0,61,0,0,0,LEADER,1,0,0,0,0,60
165844,75,adaptive-prasle,2025,1,0,0,60,0,840,0,1,75,163819,2025,0,61,0,0,0,LEADER,1,0,0,0,0,60
165571,81,adaptive-prasle,1752,1,0,0,60,0,840,0,1,81,163819,1752,0,61,0,0,0,LEADER,1,0,0,0,0,60
165429,52,adaptive-prasle,1610,1,0,0,60,0,840,0,1,52,163819,1610,0,61,0,0,0,LEADER,1,0,0,0,0,60
165908,21,adaptive-prasle,2088,1,0,0,60,0,840,0,1,21,163820,2088,0,61,0,0,0,LEADER,1,0,0,0,0,60
166084,29,adaptive-prasle,2265,1,0,0,60,0,840,0,1,29,163819,2265,0,61,0,0,0,LEADER,1,0,0,0,0,60
165660,100,adaptive-prasle,1841,1,0,0,60,0,840,0,1,100,163819,1841,0,61,0,0,0,LEADER,1,0,0,0,0,60
165505,61,adaptive-prasle,1686,1,0,0,60,0,840,0,1,61,163819,1686,0,61,0,0,0,LEADER,1,0,0,0,0,60
166069,91,adaptive-prasle,2250,1,0,0,60,0,840,0,1,91,163819,2250,0,61,0,0,0,LEADER,1,0,0,0,0,60
166029,37,adaptive-prasle,2210,1,0,0,60,0,840,0,1,37,163819,2210,0,61,0,0,0,LEADER,1,0,0,0,0,60
165572,38,adaptive-prasle,1755,1,0,0,60,0,840,0,1,38,163817,1755,0,61,0,0,0,LEADER,1,0,0,0,0,60
166238,98,adaptive-prasle,2419,1,0,0,60,0,840,0,1,98,163819,2419,0,61,0,0,0,LEADER,1,0,0,0,0,60
166098,27,adaptive-prasle,2280,1,0,0,60,0,840,0,1,27,163818,2280,0,61,0,0,0,LEADER,1,0,0,0,0,60
165947,62,adaptive-prasle,2128,1,0,0,60,0,840,0,1,62,163819,2128,0,61,0,0,0,LEADER,1,0,0,0,0,60
165756,56,adaptive-prasle,1937,1,0,0,60,0,840,0,1,56,163819,1937,0,61,0,0,0,LEADER,1,0,0,0,0,60
166143,99,adaptive-prasle,2328,1,0,0,60,0,840,0,1,99,163815,2328,0,61,0,0,0,LEADER,1,0,0,0,0,60
166023,48,adaptive-prasle,2202,1,0,0,60,0,840,0,1,48,163821,2202,0,61,0,0,0,LEADER,1,0,0,0,0,60
165538,71,adaptive-prasle,1719,1,0,0,60,0,840,0,1,71,163819,1719,0,61,0,0,0,LEADER,1,0,0,0,0,60
165763,87,adaptive-prasle,1944,1,0,0,60,0,840,0,1,87,163819,1944,0,61,0,0,0,LEADER,1,0,0,0,0,60
165689,36,adaptive-prasle,1870,1,0,0,60,0,840,0,1,36,163819,1870,0,61,0,0,0,LEADER,1,0,0,0,0,60
166185,77,adaptive-prasle,1446,1,0,0,60,0,840,0,1,77,164739,1446,0,61,0,0,0,LEADER,1,0,0,0,0,60
166378,83,adaptive-prasle,1637,1,0,0,60,0,840,0,1,83,164741,1637,0,61,0,0,0,LEADER,1,0,0,0,0,60
165878,85,adaptive-prasle,2059,1,0,0,60,0,840,0,1,85,163819,2059,0,61,0,0,0,LEADER,1,0,0,0,0,60
166406,19,adaptive-prasle,1667,1,0,0,60,0,840,0,1,19,164739,1667,0,61,0,0,0,LEADER,1,0,0,0,0,60
166561,65,adaptive-prasle,1822,1,0,0,60,0,840,0,1,65,164739,1822,0,61,0,0,0,LEADER,1,0,0,0,0,60
166167,35,adaptive-prasle,1428,1,0,0,60,0,840,0,1,35,164739,1428,0,61,0,0,0,LEADER,1,0,0,0,0,60
166182,86,adaptive-prasle,1443,1,0,0,60,0,840,0,1,86,164739,1443,0,61,0,0,0,LEADER,1,0,0,0,0,60
166225,50,adaptive-prasle,2406,1,0,0,60,0,840,0,1,50,163819,2406,0,61,0,0,0,LEADER,1,0,0,0,0,60
166240,55,adaptive-prasle,1501,1,0,0,60,0,840,0,1,55,164739,1501,0,61,0,0,0,LEADER,1,0,0,0,0,60
166279,63,adaptive-prasle,1540,1,0,0,60,0,840,0,1,63,164739,1540,0,61,0,0,0,LEADER,1,0,0,0,0,60
166643,46,adaptive-prasle,1904,1,0,0,60,0,840,0,1,46,164739,1904,0,61,0,0,0,LEADER,1,0,0,0,0,60
166438,53,adaptive-prasle,1701,1,0,0,60,0,840,0,1,53,164737,1701,0,61,0,0,0,LEADER,1,0,0,0,0,60
165793,23,adaptive-prasle,1974,1,0,0,60,0,840,0,1,23,163819,1974,0,61,0,0,0,LEADER,1,0,0,0,0,60
166661,88,adaptive-prasle,1922,1,0,0,60,0,840,0,1,88,164739,1922,0,61,0,0,0,LEADER,1,0,0,0,0,60
166188,34,adaptive-prasle,1449,1,0,0,60,0,840,0,1,34,164739,1449,0,61,0,0,0,LEADER,1,0,0,0,0,60
165798,97,adaptive-prasle,1977,1,0,0,60,0,840,0,1,97,163821,1977,0,61,0,0,0,LEADER,1,0,0,0,0,60
165916,20,adaptive-prasle,2095,1,0,0,60,0,840,0,1,20,163821,2095,0,61,0,0,0,LEADER,1,0,0,0,0,60
165996,40,adaptive-prasle,2177,1,0,0,60,0,840,0,1,40,163819,2177,0,61,0,0,0,LEADER,1,0,0,0,0,60
165921,47,adaptive-prasle,2100,1,0,0,60,0,840,0,1,47,163821,2100,0,61,0,0,0,LEADER,1,0,0,0,0,60
166831,95,adaptive-prasle,2092,1,0,0,60,0,840,0,1,95,164739,2092,0,61,0,0,0,LEADER,1,0,0,0,0,60
166214,25,adaptive-prasle,2395,1,0,0,60,0,840,0,1,25,163819,2395,0,61,0,0,0,LEADER,1,0,0,0,0,60
166819,84,adaptive-prasle,2080,1,0,0,60,0,840,0,1,84,164739,2080,0,61,0,0,0,LEADER,1,0,0,0,0,60
166096,70,adaptive-prasle,2277,1,0,0,60,0,840,0,1,70,163819,2277,0,61,0,0,0,LEADER,1,0,0,0,0,60
166014,82,adaptive-prasle,2195,1,0,0,60,0,840,0,1,82,163819,2195,0,61,0,0,0,LEADER,1,0,0,0,0,60
166232,67,adaptive-prasle,2413,1,0,0,60,0,840,0,1,67,163819,2413,0,61,0,0,0,LEADER,1,0,0,0,0,60
166184,89,adaptive-prasle,2365,1,0,0,60,0,840,0,1,89,163819,2365,0,61,0,0,0,LEADER,1,0,0,0,0,60
166852,28,adaptive-prasle,2113,1,0,0,60,0,840,0,1,28,164739,2113,0,61,0,0,0,LEADER,1,0,0,0,0,60
166594,68,adaptive-prasle,1855,1,0,0,60,0,840,0,1,68,164739,1855,0,61,0,0,0,LEADER,1,0,0,0,0,60
166547,90,adaptive-prasle,1807,1,0,0,60,0,840,0,1,90,164740,1807,0,61,0,0,0,LEADER,1,0,0,0,0,60
166207,76,adaptive-prasle,1468,1,0,0,60,0,840,0,1,76,164739,1468,0,61,0,0,0,LEADER,1,0,0,0,0,60
166960,58,adaptive-prasle,2221,1,0,0,60,0,840,0,1,58,164739,2221,0,61,0,0,0,LEADER,1,0,0,0,0,60
166528,10,adaptive-prasle,1789,1,0,0,60,0,840,0,1,10,164739,1789,0,61,0,0,0,LEADER,1,0,0,0,0,60
166343,73,adaptive-prasle,1604,1,0,0,60,0,840,0,1,73,164739,1604,0,61,0,0,0,LEADER,1,0,0,0,0,60
166084,59,adaptive-prasle,2265,1,0,0,60,0,840,0,1,59,163819,2265,0,61,0,0,0,LEADER,1,0,0,0,0,60
166358,41,adaptive-prasle,1619,1,0,0,60,0,840,0,1,41,164739,1619,0,61,0,0,0,LEADER,1,0,0,0,0,60
166273,96,adaptive-prasle,1534,1,0,0,60,0,840,0,1,96,164739,1534,0,61,0,0,0,LEADER,1,0,0,0,0,60
166574,74,adaptive-prasle,1837,1,0,0,60,0,840,0,1,74,164737,1837,0,61,0,0,0,LEADER,1,0,0,0,0,60
166506,49,adaptive-prasle,1767,1,0,0,60,0,840,0,1,49,164739,1767,0,61,0,0,0,LEADER,1,0,0,0,0,60
166967,92,adaptive-prasle,2228,1,0,0,60,0,840,0,1,92,164739,2228,0,61,0,0,0,LEADER,1,0,0,0,0,60
166175,66,adaptive-prasle,1434,1,0,0,60,0,840,0,1,66,164741,1434,0,61,0,0,0,LEADER,1,0,0,0,0,60
166199,57,adaptive-prasle,2380,1,0,0,60,0,840,0,1,57,163819,2380,0,61,0,0,0,LEADER,1,0,0,0,0,60
166999,78,adaptive-prasle,2260,1,0,0,60,0,840,0,1,78,164739,2260,0,61,0,0,0,LEADER,1,0,0,0,0,60
166165,39,adaptive-prasle,2346,1,0,0,60,0,840,0,1,39,163819,2346,0,61,0,0,0,LEADER,1,0,0,0,0,60
166882,30,adaptive-prasle,2143,1,0,0,60,0,840,0,1,30,164739,2143,0,61,0,0,0,LEADER,1,0,0,0,0,60
166288,64,adaptive-prasle,1549,1,0,0,60,0,840,0,1,64,164739,1549,0,61,0,0,0,LEADER,1,0,0,0,0,60
166513,80,adaptive-prasle,1774,1,0,0,60,0,840,0,1,80,164739,1774,0,61,0,0,0,LEADER,1,0,0,0,0,60
166252,54,adaptive-prasle,1516,1,0,0,60,0,840,0,1,54,164736,1516,0,61,0,0,0,LEADER,1,0,0,0,0,60
166779,43,adaptive-prasle,2040,1,0,0,60,0,840,0,1,43,164739,2040,0,61,0,0,0,LEADER,1,0,0,0,0,60
166699,26,adaptive-prasle,1960,1,0,0,60,0,840,0,1,26,164739,1960,0,61,0,0,0,LEADER,1,0,0,0,0,60
166327,42,adaptive-prasle,1591,1,0,0,60,0,840,0,1,42,164736,1591,0,61,0,0,0,LEADER,1,0,0,0,0,60
166337,31,adaptive-prasle,1598,1,0,0,60,0,840,0,1,31,164739,1598,0,61,0,0,0,LEADER,1,0,0,0,0,60
167094,94,adaptive-prasle,2355,1,0,0,60,0,840,0,1,94,164739,2355,0,61,0,0,0,LEADER,1,0,0,0,0,60
166664,45,adaptive-prasle,1925,1,0,0,60,0,840,0,1,45,164739,1925,0,61,0,0,0,LEADER,1,0,0,0,0,60
167037,60,adaptive-prasle,2298,1,0,0,60,0,840,0,1,60,164739,2298,0,61,0,0,0,LEADER,1,0,0,0,0,60
167143,44,adaptive-prasle,1483,1,0,0,61,0,854,0,1,44,165660,1483,0,62,0,0,0,LEADER,1,0,0,0,0,61
166391,51,adaptive-prasle,1652,1,0,0,60,0,840,0,1,51,164739,1652,0,61,0,0,0,LEADER,1,0,0,0,0,60
166748,33,adaptive-prasle,2007,1,0,0,60,0,840,0,1,33,164741,2007,0,61,0,0,0,LEADER,1,0,0,0,0,60
166901,72,adaptive-prasle,2162,1,0,0,60,0,840,0,1,72,164739,2162,0,61,0,0,0,LEADER,1,0,0,0,0,60
167191,22,adaptive-prasle,1531,1,0,0,61,0,854,0,1,22,165660,1531,0,62,0,0,0,LEADER,1,0,0,0,0,61
166691,24,adaptive-prasle,1952,1,0,0,60,0,840,0,1,24,164739,1952,0,61,0,0,0,LEADER,1,0,0,0,0,60
167223,32,adaptive-prasle,1564,1,0,0,61,0,854,0,1,32,165659,1564,0,62,0,0,0,LEADER,1,0,0,0,0,61
166410,93,adaptive-prasle,1671,1,0,0,60,0,840,0,1,93,164739,1671,0,61,0,0,0,LEADER,1,0,0,0,0,60
167069,79,adaptive-prasle,2331,1,0,0,60,0,840,0,1,79,164738,2331,0,61,0,0,0,LEADER,1,0,0,0,0,60
167084,69,adaptive-prasle,2343,1,0,0,60,0,840,0,1,69,164741,2343,0,61,0,0,0,LEADER,1,0,0,0,0,60
166764,75,adaptive-prasle,2025,1,0,0,60,0,840,0,1,75,164739,2025,0,61,0,0,0,LEADER,1,0,0,0,0,60
166491,81,adaptive-prasle,1752,1,0,0,60,0,840,0,1,81,164739,1752,0,61,0,0,0,LEADER,1,0,0,0,0,60
166349,52,adaptive-prasle,1610,1,0,0,60,0,840,0,1,52,164739,1610,0,61,0,0,0,LEADER,1,0,0,0,0,60
166828,21,adaptive-prasle,2088,1,0,0,60,0,840,0,1,21,164740,2088,0,61,0,0,0,LEADER,1,0,0,0,0,60
167004,29,adaptive-prasle,2265,1,0,0,60,0,840,0,1,29,164739,2265,0,61,0,0,0,LEADER,1,0,0,0,0,60
166580,100,adaptive-prasle,1841,1,0,0,60,0,840,0,1,100,164739,1841,0,61,0,0,0,LEADER,1,0,0,0,0,60
166425,61,adaptive-prasle,1686,1,0,0,60,0,840,0,1,61,164739,1686,0,61,0,0,0,LEADER,1,0,0,0,0,60
166989,91,adaptive-prasle,2250,1,0,0,60,0,840,0,1,91,164739,2250,0,61,0,0,0,LEADER,1,0,0,0,0,60
166949,37,adaptive-prasle,2210,1,0,0,60,0,840,0,1,37,164739,2210,0,61,0,0,0,LEADER,1,0,0,0,0,60
166492,38,adaptive-prasle,1755,1,0,0,60,0,840,0,1,38,164737,1755,0,61,0,0,0,LEADER,1,0,0,0,0,60
167158,98,adaptive-prasle,2419,1,0,0,60,0,840,0,1,98,164739,2419,0,61,0,0,0,LEADER,1,0,0,0,0,60
167018,27,adaptive-prasle,2280,1,0,0,60,0,840,0,1,27,164738,2280,0,61,0,0,0,LEADER,1,0,0,0,0,60
166867,62,adaptive-prasle,2128,1,0,0,60,0,840,0,1,62,164739,2128,0,61,0,0,0,LEADER,1,0,0,0,0,60
166676,56,adaptive-prasle,1937,1,0,0,60,0,840,0,1,56,164739,1937,0,61,0,0,0,LEADER,1,0,0,0,0,60
167063,99,adaptive-prasle,2328,1,0,0,60,0,840,0,1,99,164735,2328,0,61,0,0,0,LEADER,1,0,0,0,0,60
166943,48,adaptive-prasle,2202,1,0,0,60,0,840,0,1,48,164741,2202,0,61,0,0,0,LEADER,1,0,0,0,0,60
166458,71,adaptive-prasle,1719,1,0,0,60,0,840,0,1,71,164739,1719,0,61,0,0,0,LEADER,1,0,0,0,0,60
166683,87,adaptive-prasle,1944,1,0,0,60,0,840,0,1,87,164739,1944,0,61,0,0,0,LEADER,1,0,0,0,0,60
166609,36,adaptive-prasle,1870,1,0,0,60,0,840,0,1,36,164739,1870,0,61,0,0,0,LEADER,1,0,0,0,0,60
167106,77,adaptive-prasle,1446,1,0,0,61,0,854,0,1,77,165660,1446,0,62,0,0,0,LEADER,1,0,0,0,0,61
167299,83,adaptive-prasle,1637,1,0,0,61,0,854,0,1,83,165662,1637,0,62,0,0,0,LEADER,1,0,0,0,0,61
166798,85,adaptive-prasle,2059,1,0,0,60,0,840,0,1,85,164739,2059,0,61,0,0,0,LEADER,1,0,0,0,0,60
167327,19,adaptive-prasle,1667,1,0,0,61,0,854,0,1,19,165660,1667,0,62,0,0,0,LEADER,1,0,0,0,0,61
167482,65,adaptive-prasle,1822,1,0,0,61,0,854,0,1,65,165660,1822,0,62,0,0,0,LEADER,1,0,0,0,0,61
167088,35,adaptive-prasle,1428,1,0,0,61,0,854,0,1,35,165660,1428,0,62,0,0,0,LEADER,1,0,0,0,0,61
167103,86,adaptive-prasle,1443,1,0,0,61,0,854,0,1,86,165660,1443,0,62,0,0,0,LEADER,1,0,0,0,0,61
167145,50,adaptive-prasle,2406,1,0,0,60,0,840,0,1,50,164739,2406,0,61,0,0,0,LEADER,1,0,0,0,0,60
167161,55,adaptive-prasle,1501,1,0,0,61,0,854,0,1,55,165660,1501,0,62,0,0,0,LEADER,1,0,0,0,0,61
167200,63,adaptive-prasle,1540,1,0,0,61,0,854,0,1,63,165660,1540,0,62,0,0,0,LEADER,1,0,0,0,0,61
167564,46,adaptive-prasle,1904,1,0,0,61,0,854,0,1,46,165660,1904,0,62,0,0,0,LEADER,1,0,0,0,0,61
167359,53,adaptive-prasle,1701,1,0,0,61,0,854,0,1,53,165658,1701,0,62,0,0,0,LEADER,1,0,0,0,0,61
166713,23,adaptive-prasle,1974,1,0,0,60,0,840,0,1,23,164739,1974,0,61,0,0,0,LEADER,1,0,0,0,0,60
167582,88,adaptive-prasle,1922,1,0,0,61,0,854,0,1,88,165660,1922,0,62,0,0,0,LEADER,1,0,0,0,0,61
167109,34,adaptive-prasle,1449,1,0,0,61,0,854,0,1,34,165660,1449,0,62,0,0,0,LEADER,1,0,0,0,0,61
166718,97,adaptive-prasle,1977,1,0,0,60,0,840,0,1,97,164741,1977,0,61,0,0,0,LEADER,1,0,0,0,0,60
166836,20,adaptive-prasle,2095,1,0,0,60,0,840,0,1,20,164741,2095,0,61,0,0,0,LEADER,1,0,0,0,0,60
166916,40,adaptive-prasle,2177,1,0,0,60,0,840,0,1,40,164739,2177,0,61,0,0,0,LEADER,1,0,0,0,0,60
166841,47,adaptive-prasle,2100,1,0,0,60,0,840,0,1,47,164741,2100,0,61,0,0,0,LEADER,1,0,0,0,0,60
167752,95,adaptive-prasle,2092,1,0,0,61,0,854,0,1,95,165660,2092,0,62,0,0,0,LEADER,1,0,0,0,0,61
167134,25,adaptive-prasle,2395,1,0,0,60,0,840,0,1,25,164739,2395,0,61,0,0,0,LEADER,1,0,0,0,0,60
167740,84,adaptive-prasle,2080,1,0,0,61,0,854,0,1,84,165660,2080,0,62,0,0,0,LEADER,1,0,0,0,0,61
167016,70,adaptive-prasle,2277,1,0,0,60,0,840,0,1,70,164739,2277,0,61,0,0,0,LEADER,1,0,0,0,0,60
166934,82,adaptive-prasle,2195,1,0,0,60,0,840,0,1,82,164739,2195,0,61,0,0,0,LEADER,1,0,0,0,0,60
167152,67,adaptive-prasle,2413,1,0,0,60,0,840,0,1,67,164739,2413,0,61,0,0,0,LEADER,1,0,0,0,0,60
167104,89,adaptive-prasle,2365,1,0,0,60,0,840,0,1,89,164739,2365,0,61,0,0,0,LEADER,1,0,0,0,0,60
167773,28,adaptive-prasle,2113,1,0,0,61,0,854,0,1,28,165660,2113,0,62,0,0,0,LEADER,1,0,0,0,0,61
167515,68,adaptive-prasle,1855,1,0,0,61,0,854,0,1,68,165660,1855,0,62,0,0,0,LEADER,1,0,0,0,0,61
167468,90,adaptive-prasle,1807,1,0,0,61,0,854,0,1,90,165661,1807,0,62,0,0,0,LEADER,1,0,0,0,0,61
167128,76,adaptive-prasle,1468,1,0,0,61,0,854,0,1,76,165660,1468,0,62,0,0,0,LEADER,1,0,0,0,0,61
167449,10,adaptive-prasle,1789,1,0,0,61,0,854,0,1,10,165660,1789,0,62,0,0,0,LEADER,1,0,0,0,0,61
167881,58,adaptive-prasle,2221,1,0,0,61,0,854,0,1,58,165660,2221,0,62,0,0,0,LEADER,1,0,0,0,0,61
167264,73,adaptive-prasle,1604,1,0,0,61,0,854,0,1,73,165660,1604,0,62,0,0,0,LEADER,1,0,0,0,0,61
167004,59,adaptive-prasle,2265,1,0,0,60,0,840,0,1,59,164739,2265,0,61,0,0,0,LEADER,1,0,0,0,0,60
167279,41,adaptive-prasle,1619,1,0,0,61,0,854,0,1,41,165660,1619,0,62,0,0,0,LEADER,1,0,0,0,0,61
167194,96,adaptive-prasle,1534,1,0,0,61,0,854,0,1,96,165660,1534,0,62,0,0,0,LEADER,1,0,0,0,0,61
167495,74,adaptive-prasle,1837,1,0,0,61,0,854,0,1,74,165658,1837,0,62,0,0,0,LEADER,1,0,0,0,0,61
167427,49,adaptive-prasle,1767,1,0,0,61,0,854,0,1,49,165660,1767,0,62,0,0,0,LEADER,1,0,0,0,0,61
167888,92,adaptive-prasle,2228,1,0,0,61,0,854,0,1,92,165660,2228,0,62,0,0,0,LEADER,1,0,0,0,0,61
167096,66,adaptive-prasle,1434,1,0,0,61,0,854,0,1,66,165662,1434,0,62,0,0,0,LEADER,1,0,0,0,0,61
167119,57,adaptive-prasle,2380,1,0,0,60,0,840,0,1,57,164739,2380,0,61,0,0,0,LEADER,1,0,0,0,0,60
167920,78,adaptive-prasle,2260,1,0,0,61,0,854,0,1,78,165660,2260,0,62,0,0,0,LEADER,1,0,0,0,0,61
167085,39,adaptive-prasle,2346,1,0,0,60,0,840,0,1,39,164739,2346,0,61,0,0,0,LEADER,1,0,0,0,0,60
167803,30,adaptive-prasle,2143,1,0,0,61,0,854,0,1,30,165660,2143,0,62,0,0,0,LEADER,1,0,0,0,0,61
167209,64,adaptive-prasle,1549,1,0,0,61,0,854,0,1,64,165660,1549,0,62,0,0,0,LEADER,1,0,0,0,0,61
167434,80,adaptive-prasle,1774,1,0,0,61,0,854,0,1,80,165660,1774,0,62,0,0,0,LEADER,1,0,0,0,0,61
167173,54,adaptive-prasle,1516,1,0,0,61,0,854,0,1,54,165657,1516,0,62,0,0,0,LEADER,1,0,0,0,0,61
167700,43,adaptive-prasle,2040,1,0,0,61,0,854,0,1,43,165660,2040,0,62,0,0,0,LEADER,1,0,0,0,0,61
167620,26,adaptive-prasle,1960,1,0,0,61,0,854,0,1,26,165660,1960,0,62,0,0,0,LEADER,1,0,0,0,0,61
167248,42,adaptive-prasle,1591,1,0,0,61,0,854,0,1,42,165657,1591,0,62,0,0,0,LEADER,1,0,0,0,0,61
167258,31,adaptive-prasle,1598,1,0,0,61,0,854,0,1,31,165660,1598,0,62,0,0,0,LEADER,1,0,0,0,0,61
168015,94,adaptive-prasle,2355,1,0,0,61,0,854,0,1,94,165660,2355,0,62,0,0,0,LEADER,1,0,0,0,0,61
167585,45,adaptive-prasle,1925,1,0,0,61,0,854,0,1,45,165660,1925,0,62,0,0,0,LEADER,1,0,0,0,0,61
167958,60,adaptive-prasle,2298,1,0,0,61,0,854,0,1,60,165660,2298,0,62,0,0,0,LEADER,1,0,0,0,0,61
168063,44,adaptive-prasle,1483,1,0,0,61,0,854,0,1,44,166580,1483,0,62,0,0,0,LEADER,1,0,0,0,0,61
167312,51,adaptive-prasle,1652,1,0,0,61,0,854,0,1,51,165660,1652,0,62,0,0,0,LEADER,1,0,0,0,0,61
168111,22,adaptive-prasle,1531,1,0,0,61,0,854,0,1,22,166580,1531,0,62,0,0,0,LEADER,1,0,0,0,0,61
167669,33,adaptive-prasle,2007,1,0,0,61,0,854,0,1,33,165662,2007,0,62,0,0,0,LEADER,1,0,0,0,0,61
167822,72,adaptive-prasle,2162,1,0,0,61,0,854,0,1,72,165660,2162,0,62,0,0,0,LEADER,1,0,0,0,0,61
167612,24,adaptive-prasle,1952,1,0,0,61,0,854,0,1,24,165660,1952,0,62,0,0,0,LEADER,1,0,0,0,0,61
168143,32,adaptive-prasle,1564,1,0,0,61,0,854,0,1,32,166579,1564,0,62,0,0,0,LEADER,1,0,0,0,0,61
167331,93,adaptive-prasle,1671,1,0,0,61,0,854,0,1,93,165660,1671,0,62,0,0,0,LEADER,1,0,0,0,0,61
168005,69,adaptive-prasle,2343,1,0,0,61,0,854,0,1,69,165662,2343,0,62,0,0,0,LEADER,1,0,0,0,0,61
167990,79,adaptive-prasle,2331,1,0,0,61,0,854,0,1,79,165659,2331,0,62,0,0,0,LEADER,1,0,0,0,0,61
167685,75,adaptive-prasle,2025,1,0,0,61,0,854,0,1,75,165660,2025,0,62,0,0,0,LEADER,1,0,0,0,0,61
167412,81,adaptive-prasle,1752,1,0,0,61,0,854,0,1,81,165660,1752,0,62,0,0,0,LEADER,1,0,0,0,0,61
167270,52,adaptive-prasle,1610,1,0,0,61,0,854,0,1,52,165660,1610,0,62,0,0,0,LEADER,1,0,0,0,0,61
167888,15,adaptive-prasle,2361,1,0,0,11,11,154,154,3,3,165527,2361,0,6,0,0,0,NORMAL,0,0,0,0,0,11
167925,29,adaptive-prasle,2265,1,0,0,61,0,854,0,1,29,165660,2265,0,62,0,0,0,LEADER,1,0,0,0,0,61
167749,21,adaptive-prasle,2088,1,0,0,61,0,854,0,1,21,165661,2088,0,62,0,0,0,LEADER,1,0,0,0,0,61
167501,100,adaptive-prasle,1841,1,0,0,61,0,854,0,1,100,165660,1841,0,62,0,0,0,LEADER,1,0,0,0,0,61
167346,61,adaptive-prasle,1686,1,0,0,61,0,854,0,1,61,165660,1686,0,62,0,0,0,LEADER,1,0,0,0,0,61
167910,91,adaptive-prasle,2250,1,0,0,61,0,854,0,1,91,165660,2250,0,62,0,0,0,LEADER,1,0,0,0,0,61
167870,37,adaptive-prasle,2210,1,0,0,61,0,854,0,1,37,165660,2210,0,62,0,0,0,LEADER,1,0,0,0,0,61
167413,38,adaptive-prasle,1755,1,0,0,61,0,854,0,1,38,165658,1755,0,62,0,0,0,LEADER,1,0,0,0,0,61
168079,98,adaptive-prasle,2419,1,0,0,61,0,854,0,1,98,165660,2419,0,62,0,0,0,LEADER,1,0,0,0,0,61
167939,27,adaptive-prasle,2280,1,0,0,61,0,854,0,1,27,165659,2280,0,62,0,0,0,LEADER,1,0,0,0,0,61
167788,62,adaptive-prasle,2128,1,0,0,61,0,854,0,1,62,165660,2128,0,62,0,0,0,LEADER,1,0,0,0,0,61
167597,56,adaptive-prasle,1937,1,0,0,61,0,854,0,1,56,165660,1937,0,62,0,0,0,LEADER,1,0,0,0,0,61
167984,99,adaptive-prasle,2328,1,0,0,61,0,854,0,1,99,165656,2328,0,62,0,0,0,LEADER,1,0,0,0,0,61
167864,48,adaptive-prasle,2202,1,0,0,61,0,854,0,1,48,165662,2202,0,62,0,0,0,LEADER,1,0,0,0,0,61
167379,71,adaptive-prasle,1719,1,0,0,61,0,854,0,1,71,165660,1719,0,62,0,0,0,LEADER,1,0,0,0,0,61
167604,87,adaptive-prasle,1944,1,0,0,61,0,854,0,1,87,165660,1944,0,62,0,0,0,LEADER,1,0,0,0,0,61
167530,36,adaptive-prasle,1870,1,0,0,61,0,854,0,1,36,165660,1870,0,62,0,0,0,LEADER,1,0,0,0,0,61
168026,77,adaptive-prasle,1446,1,0,0,61,0,854,0,1,77,166580,1446,0,62,0,0,0,LEADER,1,0,0,0,0,61
168219,83,adaptive-prasle,1637,1,0,0,61,0,854,0,1,83,166582,1637,0,62,0,0,0,LEADER,1,0,0,0,0,61
167719,85,adaptive-prasle,2059,1,0,0,61,0,854,0,1,85,165660,2059,0,62,0,0,0,LEADER,1,0,0,0,0,61
168247,19,adaptive-prasle,1667,1,0,0,61,0,854,0,1,19,166580,1667,0,62,0,0,0,LEADER,1,0,0,0,0,61
168402,65,adaptive-prasle,1822,1,0,0,61,0,854,0,1,65,166580,1822,0,62,0,0,0,LEADER,1,0,0,0,0,61
168008,35,adaptive-prasle,1428,1,0,0,61,0,854,0,1,35,166580,1428,0,62,0,0,0,LEADER,1,0,0,0,0,61
168023,86,adaptive-prasle,1443,1,0,0,61,0,854,0,1,86,166580,1443,0,62,0,0,0,LEADER,1,0,0,0,0,61
168066,50,adaptive-prasle,2406,1,0,0,61,0,854,0,1,50,165660,2406,0,62,0,0,0,LEADER,1,0,0,0,0,61
168081,55,adaptive-prasle,1501,1,0,0,61,0,854,0,1,55,166580,1501,0,62,0,0,0,LEADER,1,0,0,0,0,61
168120,63,adaptive-prasle,1540,1,0,0,61,0,854,0,1,63,166580,1540,0,62,0,0,0,LEADER,1,0,0,0,0,61
168484,46,adaptive-prasle,1904,1,0,0,61,0,854,0,1,46,166580,1904,0,62,0,0,0,LEADER,1,0,0,0,0,61
168279,53,adaptive-prasle,1701,1,0,0,61,0,854,0,1,53,166578,1701,0,62,0,0,0,LEADER,1,0,0,0,0,61
167634,23,adaptive-prasle,1974,1,0,0,61,0,854,0,1,23,165660,1974,0,62,0,0,0,LEADER,1,0,0,0,0,61
168502,88,adaptive-prasle,1922,1,0,0,61,0,854,0,1,88,166580,1922,0,62,0,0,0,LEADER,1,0,0,0,0,61
168029,34,adaptive-prasle,1449,1,0,0,61,0,854,0,1,34,166580,1449,0,62,0,0,0,LEADER,1,0,0,0,0,61
167639,97,adaptive-prasle,1977,1,0,0,61,0,854,0,1,97,165662,1977,0,62,0,0,0,LEADER,1,0,0,0,0,61
167757,20,adaptive-prasle,2095,1,0,0,61,0,854,0,1,20,165662,2095,0,62,0,0,0,LEADER,1,0,0,0,0,61
167837,40,adaptive-prasle,2177,1,0,0,61,0,854,0,1,40,165660,2177,0,62,0,0,0,LEADER,1,0,0,0,0,61
167762,47,adaptive-prasle,2100,1,0,0,61,0,854,0,1,47,165662,2100,0,62,0,0,0,LEADER,1,0,0,0,0,61
168672,95,adaptive-prasle,2092,1,0,0,61,0,854,0,1,95,166580,2092,0,62,0,0,0,LEADER,1,0,0,0,0,61
168055,25,adaptive-prasle,2395,1,0,0,61,0,854,0,1,25,165660,2395,0,62,0,0,0,LEADER,1,0,0,0,0,61
168660,84,adaptive-prasle,2080,1,0,0,61,0,854,0,1,84,166580,2080,0,62,0,0,0,LEADER,1,0,0,0,0,61
167937,70,adaptive-prasle,2277,1,0,0,61,0,854,0,1,70,165660,2277,0,62,0,0,0,LEADER,1,0,0,0,0,61
167855,82,adaptive-prasle,2195,1,0,0,61,0,854,0,1,82,165660,2195,0,62,0,0,0,LEADER,1,0,0,0,0,61
168073,67,adaptive-prasle,2413,1,0,0,61,0,854,0,1,67,165660,2413,0,62,0,0,0,LEADER,1,0,0,0,0,61
168025,89,adaptive-prasle,2365,1,0,0,61,0,854,0,1,89,165660,2365,0,62,0,0,0,LEADER,1,0,0,0,0,61
168693,28,adaptive-prasle,2113,1,0,0,61,0,854,0,1,28,166580,2113,0,62,0,0,0,LEADER,1,0,0,0,0,61
168437,68,adaptive-prasle,1855,1,0,0,61,0,854,0,1,68,166582,1855,0,62,0,0,0,LEADER,1,0,0,0,0,61
168388,90,adaptive-prasle,1807,1,0,0,61,0,854,0,1,90,166581,1807,0,62,0,0,0,LEADER,1,0,0,0,0,61
168048,76,adaptive-prasle,1468,1,0,0,61,0,854,0,1,76,166580,1468,0,62,0,0,0,LEADER,1,0,0,0,0,61
168369,10,adaptive-prasle,1789,1,0,0,61,0,854,0,1,10,166580,1789,0,62,0,0,0,LEADER,1,0,0,0,0,61
168801,58,adaptive-prasle,2221,1,0,0,61,0,854,0,1,58,166580,2221,0,62,0,0,0,LEADER,1,0,0,0,0,61
168184,73,adaptive-prasle,1604,1,0,0,61,0,854,0,1,73,166580,1604,0,62,0,0,0,LEADER,1,0,0,0,0,61
167925,59,adaptive-prasle,2265,1,0,0,61,0,854,0,1,59,165660,2265,0,62,0,0,0,LEADER,1,0,0,0,0,61
168199,41,adaptive-prasle,1619,1,0,0,61,0,854,0,1,41,166580,1619,0,62,0,0,0,LEADER,1,0,0,0,0,61
168114,96,adaptive-prasle,1534,1,0,0,61,0,854,0,1,96,166580,1534,0,62,0,0,0,LEADER,1,0,0,0,0,61
168415,74,adaptive-prasle,1837,1,0,0,61,0,854,0,1,74,166578,1837,0,62,0,0,0,LEADER,1,0,0,0,0,61
168347,49,adaptive-prasle,1767,1,0,0,61,0,854,0,1,49,166580,1767,0,62,0,0,0,LEADER,1,0,0,0,0,61
168808,92,adaptive-prasle,2228,1,0,0,61,0,854,0,1,92,166580,2228,0,62,0,0,0,LEADER,1,0,0,0,0,61
168016,66,adaptive-prasle,1434,1,0,0,61,0,854,0,1,66,166582,1434,0,62,0,0,0,LEADER,1,0,0,0,0,61
168040,57,adaptive-prasle,2380,1,0,0,61,0,854,0,1,57,165660,2380,0,62,0,0,0,LEADER,1,0,0,0,0,61
168840,78,adaptive-prasle,2260,1,0,0,61,0,854,0,1,78,166580,2260,0,62,0,0,0,LEADER,1,0,0,0,0,61
168006,39,adaptive-prasle,2346,1,0,0,61,0,854,0,1,39,165660,2346,0,62,0,0,0,LEADER,1,0,0,0,0,61
168723,30,adaptive-prasle,2143,1,0,0,61,0,854,0,1,30,166580,2143,0,62,0,0,0,LEADER,1,0,0,0,0,61
168129,64,adaptive-prasle,1549,1,0,0,61,0,854,0,1,64,166580,1549,0,62,0,0,0,LEADER,1,0,0,0,0,61
168354,80,adaptive-prasle,1774,1,0,0,61,0,854,0,1,80,166580,1774,0,62,0,0,0,LEADER,1,0,0,0,0,61
168093,54,adaptive-prasle,1516,1,0,0,61,0,854,0,1,54,166577,1516,0,62,0,0,0,LEADER,1,0,0,0,0,61
168620,43,adaptive-prasle,2040,1,0,0,61,0,854,0,1,43,166580,2040,0,62,0,0,0,LEADER,1,0,0,0,0,61
168540,26,adaptive-prasle,1960,1,0,0,61,0,854,0,1,26,166580,1960,0,62,0,0,0,LEADER,1,0,0,0,0,61
168168,42,adaptive-prasle,1591,1,0,0,61,0,854,0,1,42,166577,1591,0,62,0,0,0,LEADER,1,0,0,0,0,61
168178,31,adaptive-prasle,1598,1,0,0,61,0,854,0,1,31,166580,1598,0,62,0,0,0,LEADER,1,0,0,0,0,61
168935,94,adaptive-prasle,2355,1,0,0,61,0,854,0,1,94,166580,2355,0,62,0,0,0,LEADER,1,0,0,0,0,61
168505,45,adaptive-prasle,1925,1,0,0,61,0,854,0,1,45,166580,1925,0,62,0,0,0,LEADER,1,0,0,0,0,61
168878,60,adaptive-prasle,2298,1,0,0,61,0,854,0,1,60,166580,2298,0,62,0,0,0,LEADER,1,0,0,0,0,61
168983,44,adaptive-prasle,1483,1,0,0,61,0,854,0,1,44,167500,1483,0,62,0,0,0,LEADER,1,0,0,0,0,61
168232,51,adaptive-prasle,1652,1,0,0,61,0,854,0,1,51,166580,1652,0,62,0,0,0,LEADER,1,0,0,0,0,61
168589,33,adaptive-prasle,2007,1,0,0,61,0,854,0,1,33,166582,2007,0,62,0,0,0,LEADER,1,0,0,0,0,61
169031,22,adaptive-prasle,1531,1,0,0,61,0,854,0,1,22,167500,1531,0,62,0,0,0,LEADER,1,0,0,0,0,61
168742,72,adaptive-prasle,2162,1,0,0,61,0,854,0,1,72,166580,2162,0,62,0,0,0,LEADER,1,0,0,0,0,61
168532,24,adaptive-prasle,1952,1,0,0,61,0,854,0,1,24,166580,1952,0,62,0,0,0,LEADER,1,0,0,0,0,61
169063,32,adaptive-prasle,1564,1,0,0,61,0,854,0,1,32,167499,1564,0,62,0,0,0,LEADER,1,0,0,0,0,61
168251,93,adaptive-prasle,1671,1,0,0,61,0,854,0,1,93,166580,1671,0,62,0,0,0,LEADER,1,0,0,0,0,61
168910,79,adaptive-prasle,2331,1,0,0,61,0,854,0,1,79,166579,2331,0,62,0,0,0,LEADER,1,0,0,0,0,61
168925,69,adaptive-prasle,2343,1,0,0,61,0,854,0,1,69,166582,2343,0,62,0,0,0,LEADER,1,0,0,0,0,61
168605,75,adaptive-prasle,2025,1,0,0,61,0,854,0,1,75,166580,2025,0,62,0,0,0,LEADER,1,0,0,0,0,61
168332,81,adaptive-prasle,1752,1,0,0,61,0,854,0,1,81,166580,1752,0,62,0,0,0,LEADER,1,0,0,0,0,61
168190,52,adaptive-prasle,1610,1,0,0,61,0,854,0,1,52,166580,1610,0,62,0,0,0,LEADER,1,0,0,0,0,61
168845,29,adaptive-prasle,2265,1,0,0,61,0,854,0,1,29,166580,2265,0,62,0,0,0,LEADER,1,0,0,0,0,61
168669,21,adaptive-prasle,2088,1,0,0,61,0,854,0,1,21,166581,2088,0,62,0,0,0,LEADER,1,0,0,0,0,61
168421,100,adaptive-prasle,1841,1,0,0,61,0,854,0,1,100,166580,1841,0,62,0,0,0,LEADER,1,0,0,0,0,61
168266,61,adaptive-prasle,1686,1,0,0,61,0,854,0,1,61,166580,1686,0,62,0,0,0,LEADER,1,0,0,0,0,61
168830,91,adaptive-prasle,2250,1,0,0,61,0,854,0,1,91,166580,2250,0,62,0,0,0,LEADER,1,0,0,0,0,61
168790,37,adaptive-prasle,2210,1,0,0,61,0,854,0,1,37,166580,2210,0,62,0,0,0,LEADER,1,0,0,0,0,61
168333,38,adaptive-prasle,1755,1,0,0,61,0,854,0,1,38,166578,1755,0,62,0,0,0,LEADER,1,0,0,0,0,61
168999,98,adaptive-prasle,2419,1,0,0,61,0,854,0,1,98,166580,2419,0,62,0,0,0,LEADER,1,0,0,0,0,61
168859,27,adaptive-prasle,2280,1,0,0,61,0,854,0,1,27,166579,2280,0,62,0,0,0,LEADER,1,0,0,0,0,61
168708,62,adaptive-prasle,2128,1,0,0,61,0,854,0,1,62,166580,2128,0,62,0,0,0,LEADER,1,0,0,0,0,61
168517,56,adaptive-prasle,1937,1,0,0,61,0,854,0,1,56,166580,1937,0,62,0,0,0,LEADER,1,0,0,0,0,61
168904,99,adaptive-prasle,2328,1,0,0,61,0,854,0,1,99,166576,2328,0,62,0,0,0,LEADER,1,0,0,0,0,61
168784,48,adaptive-prasle,2202,1,0,0,61,0,854,0,1,48,166582,2202,0,62,0,0,0,LEADER,1,0,0,0,0,61
168299,71,adaptive-prasle,1719,1,0,0,61,0,854,0,1,71,166580,1719,0,62,0,0,0,LEADER,1,0,0,0,0,61
168524,87,adaptive-prasle,1944,1,0,0,61,0,854,0,1,87,166580,1944,0,62,0,0,0,LEADER,1,0,0,0,0,61
168450,36,adaptive-prasle,1870,1,0,0,61,0,854,0,1,36,166580,1870,0,62,0,0,0,LEADER,1,0,0,0,0,61
168946,77,adaptive-prasle,1446,1,0,0,61,0,854,0,1,77,167500,1446,0,62,0,0,0,LEADER,1,0,0,0,0,61
169139,83,adaptive-prasle,1637,1,0,0,61,0,854,0,1,83,167502,1637,0,62,0,0,0,LEADER,1,0,0,0,0,61
168639,85,adaptive-prasle,2059,1,0,0,61,0,854,0,1,85,166580,2059,0,62,0,0,0,LEADER,1,0,0,0,0,61
169167,19,adaptive-prasle,1667,1,0,0,61,0,854,0,1,19,167500,1667,0,62,0,0,0,LEADER,1,0,0,0,0,61
169322,65,adaptive-prasle,1822,1,0,0,61,0,854,0,1,65,167500,1822,0,62,0,0,0,LEADER,1,0,0,0,0,61
168928,35,adaptive-prasle,1428,1,0,0,61,0,854,0,1,35,167500,1428,0,62,0,0,0,LEADER,1,0,0,0,0,61
168943,86,adaptive-prasle,1443,1,0,0,61,0,854,0,1,86,167500,1443,0,62,0,0,0,LEADER,1,0,0,0,0,61
168986,50,adaptive-prasle,2406,1,0,0,61,0,854,0,1,50,166580,2406,0,62,0,0,0,LEADER,1,0,0,0,0,61
169001,55,adaptive-prasle,1501,1,0,0,61,0,854,0,1,55,167500,1501,0,62,0,0,0,LEADER,1,0,0,0,0,61
169040,63,adaptive-prasle,1540,1,0,0,61,0,854,0,1,63,167500,1540,0,62,0,0,0,LEADER,1,0,0,0,0,61
169404,46,adaptive-prasle,1904,1,0,0,61,0,854,0,1,46,167500,1904,0,62,0,0,0,LEADER,1,0,0,0,0,61
169199,53,adaptive-prasle,1701,1,0,0,61,0,854,0,1,53,167498,1701,0,62,0,0,0,LEADER,1,0,0,0,0,61
168554,23,adaptive-prasle,1974,1,0,0,61,0,854,0,1,23,166580,1974,0,62,0,0,0,LEADER,1,0,0,0,0,61
169422,88,adaptive-prasle,1922,1,0,0,61,0,854,0,1,88,167500,1922,0,62,0,0,0,LEADER,1,0,0,0,0,61
168949,34,adaptive-prasle,1449,1,0,0,61,0,854,0,1,34,167500,1449,0,62,0,0,0,LEADER,1,0,0,0,0,61
168559,97,adaptive-prasle,1977,1,0,0,61,0,854,0,1,97,166582,1977,0,62,0,0,0,LEADER,1,0,0,0,0,61
168677,20,adaptive-prasle,2095,1,0,0,61,0,854,0,1,20,166582,2095,0,62,0,0,0,LEADER,1,0,0,0,0,61
168757,40,adaptive-prasle,2177,1,0,0,61,0,854,0,1,40,166580,2177,0,62,0,0,0,LEADER,1,0,0,0,0,61
168682,47,adaptive-prasle,2100,1,0,0,61,0,854,0,1,47,166582,2100,0,62,0,0,0,LEADER,1,0,0,0,0,61
169592,95,adaptive-prasle,2092,1,0,0,61,0,854,0,1,95,167500,2092,0,62,0,0,0,LEADER,1,0,0,0,0,61
168975,25,adaptive-prasle,2395,1,0,0,61,0,854,0,1,25,166580,2395,0,62,0,0,0,LEADER,1,0,0,0,0,61
169580,84,adaptive-prasle,2080,1,0,0,61,0,854,0,1,84,167500,2080,0,62,0,0,0,LEADER,1,0,0,0,0,61
168857,70,adaptive-prasle,2277,1,0,0,61,0,854,0,1,70,166580,2277,0,62,0,0,0,LEADER,1,0,0,0,0,61
168775,82,adaptive-prasle,2195,1,0,0,61,0,854,0,1,82,166580,2195,0,62,0,0,0,LEADER,1,0,0,0,0,61
168993,67,adaptive-prasle,2413,1,0,0,61,0,854,0,1,67,166580,2413,0,62,0,0,0,LEADER,1,0,0,0,0,61
168945,89,adaptive-prasle,2365,1,0,0,61,0,854,0,1,89,166580,2365,0,62,0,0,0,LEADER,1,0,0,0,0,61
169613,28,adaptive-prasle,2113,1,0,0,61,0,854,0,1,28,167500,2113,0,62,0,0,0,LEADER,1,0,0,0,0,61
169357,68,adaptive-prasle,1855,1,0,0,61,0,854,0,1,68,167502,1855,0,62,0,0,0,LEADER,1,0,0,0,0,61
169308,90,adaptive-prasle,1807,1,0,0,61,0,854,0,1,90,167501,1807,0,62,0,0,0,LEADER,1,0,0,0,0,61
168968,76,adaptive-prasle,1468,1,0,0,61,0,854,0,1,76,167500,1468,0,62,0,0,0,LEADER,1,0,0,0,0,61
169289,10,adaptive-prasle,1789,1,0,0,61,0,854,0,1,10,167500,1789,0,62,0,0,0,LEADER,1,0,0,0,0,61
169721,58,adaptive-prasle,2221,1,0,0,61,0,854,0,1,58,167500,2221,0,62,0,0,0,LEADER,1,0,0,0,0,61
169104,73,adaptive-prasle,1604,1,0,0,61,0,854,0,1,73,167500,1604,0,62,0,0,0,LEADER,1,0,0,0,0,61
168845,59,adaptive-prasle,2265,1,0,0,61,0,854,0,1,59,166580,2265,0,62,0,0,0,LEADER,1,0,0,0,0,61
169119,41,adaptive-prasle,1619,1,0,0,61,0,854,0,1,41,167500,1619,0,62,0,0,0,LEADER,1,0,0,0,0,61
169034,96,adaptive-prasle,1534,1,0,0,61,0,854,0,1,96,167500,1534,0,62,0,0,0,LEADER,1,0,0,0,0,61
169335,74,adaptive-prasle,1837,1,0,0,61,0,854,0,1,74,167498,1837,0,62,0,0,0,LEADER,1,0,0,0,0,61
169267,49,adaptive-prasle,1767,1,0,0,61,0,854,0,1,49,167500,1767,0,62,0,0,0,LEADER,1,0,0,0,0,61
169728,92,adaptive-prasle,2228,1,0,0,61,0,854,0,1,92,167500,2228,0,62,0,0,0,LEADER,1,0,0,0,0,61
168936,66,adaptive-prasle,1434,1,0,0,61,0,854,0,1,66,167502,1434,0,62,0,0,0,LEADER,1,0,0,0,0,61
168960,57,adaptive-prasle,2380,1,0,0,61,0,854,0,1,57,166580,2380,0,62,0,0,0,LEADER,1,0,0,0,0,61
169760,78,adaptive-prasle,2260,1,0,0,61,0,854,0,1,78,167500,2260,0,62,0,0,0,LEADER,1,0,0,0,0,61
168926,39,adaptive-prasle,2346,1,0,0,61,0,854,0,1,39,166580,2346,0,62,0,0,0,LEADER,1,0,0,0,0,61
169643,30,adaptive-prasle,2143,1,0,0,61,0,854,0,1,30,167500,2143,0,62,0,0,0,LEADER,1,0,0,0,0,61
169049,64,adaptive-prasle,1549,1,0,0,61,0,854,0,1,64,167500,1549,0,62,0,0,0,LEADER,1,0,0,0,0,61
169274,80,adaptive-prasle,1774,1,0,0,61,0,854,0,1,80,167500,1774,0,62,0,0,0,LEADER,1,0,0,0,0,61
169013,54,adaptive-prasle,1516,1,0,0,61,0,854,0,1,54,167497,1516,0,62,0,0,0,LEADER,1,0,0,0,0,61
169540,43,adaptive-prasle,2040,1,0,0,61,0,854,0,1,43,167500,2040,0,62,0,0,0,LEADER,1,0,0,0,0,61
169490,16,adaptive-prasle,1805,1,0,0,16,13,224,182,5,3,167685,1805,0,6,0,0,0,NORMAL,0,0,0,0,0,16
169460,26,adaptive-prasle,1960,1,0,0,61,0,854,0,1,26,167500,1960,0,62,0,0,0,LEADER,1,0,0,0,0,61
169088,42,adaptive-prasle,1591,1,0,0,61,0,854,0,1,42,167497,1591,0,62,0,0,0,LEADER,1,0,0,0,0,61
169098,31,adaptive-prasle,1598,1,0,0,61,0,854,0,1,31,167500,1598,0,62,0,0,0,LEADER,1,0,0,0,0,61
169855,94,adaptive-prasle,2355,1,0,0,61,0,854,0,1,94,167500,2355,0,62,0,0,0,LEADER,1,0,0,0,0,61
169425,45,adaptive-prasle,1925,1,0,0,61,0,854,0,1,45,167500,1925,0,62,0,0,0,LEADER,1,0,0,0,0,61
169798,60,adaptive-prasle,2298,1,0,0,61,0,854,0,1,60,167500,2298,0,62,0,0,0,LEADER,1,0,0,0,0,61
169904,44,adaptive-prasle,1483,1,0,0,62,0,868,0,1,44,168421,1483,0,63,0,0,0,LEADER,1,0,0,0,0,62
169152,51,adaptive-prasle,1652,1,0,0,61,0,854,0,1,51,167500,1652,0,62,0,0,0,LEADER,1,0,0,0,0,61
169509,33,adaptive-prasle,2007,1,0,0,61,0,854,0,1,33,167502,2007,0,62,0,0,0,LEADER,1,0,0,0,0,61
169952,22,adaptive-prasle,1531,1,0,0,62,0,868,0,1,22,168421,1531,0,63,0,0,0,LEADER,1,0,0,0,0,62
169664,72,adaptive-prasle,2162,1,0,0,61,0,854,0,1,72,167502,2162,0,62,0,0,0,LEADER,1,0,0,0,0,61
169452,24,adaptive-prasle,1952,1,0,0,61,0,854,0,1,24,167500,1952,0,62,0,0,0,LEADER,1,0,0,0,0,61
169984,32,adaptive-prasle,1564,1,0,0,62,0,868,0,1,32,168420,1564,0,63,0,0,0,LEADER,1,0,0,0,0,62
169171,93,adaptive-prasle,1671,1,0,0,61,0,854,0,1,93,167500,1671,0,62,0,0,0,LEADER,1,0,0,0,0,61
169830,79,adaptive-prasle,2331,1,0,0,61,0,854,0,1,79,167499,2331,0,62,0,0,0,LEADER,1,0,0,0,0,61
169845,69,adaptive-prasle,2343,1,0,0,61,0,854,0,1,69,167502,2343,0,62,0,0,0,LEADER,1,0,0,0,0,61
169525,75,adaptive-prasle,2025,1,0,0,61,0,854,0,1,75,167500,2025,0,62,0,0,0,LEADER,1,0,0,0,0,61
169252,81,adaptive-prasle,1752,1,0,0,61,0,854,0,1,81,167500,1752,0,62,0,0,0,LEADER,1,0,0,0,0,61
169110,52,adaptive-prasle,1610,1,0,0,61,0,854,0,1,52,167500,1610,0,62,0,0,0,LEADER,1,0,0,0,0,61
169589,21,adaptive-prasle,2088,1,0,0,61,0,854,0,1,21,167501,2088,0,62,0,0,0,LEADER,1,0,0,0,0,61
169765,29,adaptive-prasle,2265,1,0,0,61,0,854,0,1,29,167500,2265,0,62,0,0,0,LEADER,1,0,0,0,0,61
169341,100,adaptive-prasle,1841,1,0,0,61,0,854,0,1,100,167500,1841,0,62,0,0,0,LEADER,1,0,0,0,0,61
169186,61,adaptive-prasle,1686,1,0,0,61,0,854,0,1,61,167500,1686,0,62,0,0,0,LEADER,1,0,0,0,0,61
169750,91,adaptive-prasle,2250,1,0,0,61,0,854,0,1,91,167500,2250,0,62,0,0,0,LEADER,1,0,0,0,0,61
169710,37,adaptive-prasle,2210,1,0,0,61,0,854,0,1,37,167500,2210,0,62,0,0,0,LEADER,1,0,0,0,0,61
169253,38,adaptive-prasle,1755,1,0,0,61,0,854,0,1,38,167498,1755,0,62,0,0,0,LEADER,1,0,0,0,0,61
169919,98,adaptive-prasle,2419,1,0,0,61,0,854,0,1,98,167500,2419,0,62,0,0,0,LEADER,1,0,0,0,0,61
169779,27,adaptive-prasle,2280,1,0,0,61,0,854,0,1,27,167499,2280,0,62,0,0,0,LEADER,1,0,0,0,0,61
169628,62,adaptive-prasle,2128,1,0,0,61,0,854,0,1,62,167500,2128,0,62,0,0,0,LEADER,1,0,0,0,0,61
169437,56,adaptive-prasle,1937,1,0,0,61,0,854,0,1,56,167500,1937,0,62,0,0,0,LEADER,1,0,0,0,0,61
169824,99,adaptive-prasle,2328,1,0,0,61,0,854,0,1,99,167496,2328,0,62,0,0,0,LEADER,1,0,0,0,0,61
169704,48,adaptive-prasle,2202,1,0,0,61,0,854,0,1,48,167502,2202,0,62,0,0,0,LEADER,1,0,0,0,0,61
169219,71,adaptive-prasle,1719,1,0,0,61,0,854,0,1,71,167500,1719,0,62,0,0,0,LEADER,1,0,0,0,0,61
169444,87,adaptive-prasle,1944,1,0,0,61,0,854,0,1,87,167500,1944,0,62,0,0,0,LEADER,1,0,0,0,0,61
169370,36,adaptive-prasle,1870,1,0,0,61,0,854,0,1,36,167500,1870,0,62,0,0,0,LEADER,1,0,0,0,0,61
169867,77,adaptive-prasle,1446,1,0,0,62,0,868,0,1,77,168421,1446,0,63,0,0,0,LEADER,1,0,0,0,0,62
170060,83,adaptive-prasle,1637,1,0,0,62,0,868,0,1,83,168423,1637,0,63,0,0,0,LEADER,1,0,0,0,0,62
169559,85,adaptive-prasle,2059,1,0,0,61,0,854,0,1,85,167500,2059,0,62,0,0,0,LEADER,1,0,0,0,0,61
170088,19,adaptive-prasle,1667,1,0,0,62,0,868,0,1,19,168421,1667,0,63,0,0,0,LEADER,1,0,0,0,0,62
170243,65,adaptive-prasle,1822,1,0,0,62,0,868,0,1,65,168421,1822,0,63,0,0,0,LEADER,1,0,0,0,0,62
169849,35,adaptive-prasle,1428,1,0,0,62,0,868,0,1,35,168421,1428,0,63,0,0,0,LEADER,1,0,0,0,0,62
169864,86,adaptive-prasle,1443,1,0,0,62,0,868,0,1,86,168421,1443,0,63,0,0,0,LEADER,1,0,0,0,0,62
169906,50,adaptive-prasle,2406,1,0,0,61,0,854,0,1,50,167500,2406,0,62,0,0,0,LEADER,1,0,0,0,0,61
169922,55,adaptive-prasle,1501,1,0,0,62,0,868,0,1,55,168421,1501,0,63,0,0,0,LEADER,1,0,0,0,0,62
169961,63,adaptive-prasle,1540,1,0,0,62,0,868,0,1,63,168421,1540,0,63,0,0,0,LEADER,1,0,0,0,0,62
170325,46,adaptive-prasle,1904,1,0,0,62,0,868,0,1,46,168421,1904,0,63,0,0,0,LEADER,1,0,0,0,0,62
170120,53,adaptive-prasle,1701,1,0,0,62,0,868,0,1,53,168419,1701,0,63,0,0,0,LEADER,1,0,0,0,0,62
169474,23,adaptive-prasle,1974,1,0,0,61,0,854,0,1,23,167500,1974,0,62,0,0,0,LEADER,1,0,0,0,0,61
170343,88,adaptive-prasle,1922,1,0,0,62,0,868,0,1,88,168421,1922,0,63,0,0,0,LEADER,1,0,0,0,0,62
169870,34,adaptive-prasle,1449,1,0,0,62,0,868,0,1,34,168421,1449,0,63,0,0,0,LEADER,1,0,0,0,0,62
169479,97,adaptive-prasle,1977,1,0,0,61,0,854,0,1,97,167502,1977,0,62,0,0,0,LEADER,1,0,0,0,0,61
169597,20,adaptive-prasle,2095,1,0,0,61,0,854,0,1,20,167502,2095,0,62,0,0,0,LEADER,1,0,0,0,0,61
169677,40,adaptive-prasle,2177,1,0,0,61,0,854,0,1,40,167500,2177,0,62,0,0,0,LEADER,1,0,0,0,0,61
169602,47,adaptive-prasle,2100,1,0,0,61,0,854,0,1,47,167502,2100,0,62,0,0,0,LEADER,1,0,0,0,0,61
170513,95,adaptive-prasle,2092,1,0,0,62,0,868,0,1,95,168421,2092,0,63,0,0,0,LEADER,1,0,0,0,0,62
169895,25,adaptive-prasle,2395,1,0,0,61,0,854,0,1,25,167500,2395,0,62,0,0,0,LEADER,1,0,0,0,0,61
170501,84,adaptive-prasle,2080,1,0,0,62,0,868,0,1,84,168421,2080,0,63,0,0,0,LEADER,1,0,0,0,0,62
169777,70,adaptive-prasle,2277,1,0,0,61,0,854,0,1,70,167500,2277,0,62,0,0,0,LEADER,1,0,0,0,0,61
169695,82,adaptive-prasle,2195,1,0,0,61,0,854,0,1,82,167500,2195,0,62,0,0,0,LEADER,1,0,0,0,0,61
169913,67,adaptive-prasle,2413,1,0,0,61,0,854,0,1,67,167500,2413,0,62,0,0,0,LEADER,1,0,0,0,0,61
169865,89,adaptive-prasle,2365,1,0,0,61,0,854,0,1,89,167500,2365,0,62,0,0,0,LEADER,1,0,0,0,0,61
170534,28,adaptive-prasle,2113,1,0,0,62,0,868,0,1,28,168421,2113,0,63,0,0,0,LEADER,1,0,0,0,0,62
170278,68,adaptive-prasle,1855,1,0,0,62,0,868,0,1,68,168423,1855,0,63,0,0,0,LEADER,1,0,0,0,0,62
170229,90,adaptive-prasle,1807,1,0,0,62,0,868,0,1,90,168422,1807,0,63,0,0,0,LEADER,1,0,0,0,0,62
169889,76,adaptive-prasle,1468,1,0,0,62,0,868,0,1,76,168421,1468,0,63,0,0,0,LEADER,1,0,0,0,0,62
170210,10,adaptive-prasle,1789,1,0,0,62,0,868,0,1,10,168421,1789,0,63,0,0,0,LEADER,1,0,0,0,0,62
170642,58,adaptive-prasle,2221,1,0,0,62,0,868,0,1,58,168421,2221,0,63,0,0,0,LEADER,1,0,0,0,0,62
170025,73,adaptive-prasle,1604,1,0,0,62,0,868,0,1,73,168421,1604,0,63,0,0,0,LEADER,1,0,0,0,0,62
169765,59,adaptive-prasle,2265,1,0,0,61,0,854,0,1,59,167500,2265,0,62,0,0,0,LEADER,1,0,0,0,0,61
170416,2,adaptive-prasle,1819,1,0,0,7,16,98,224,2,2,168597,1819,0,6,0,0,0,LEADER,1,0,0,0,0,7
170040,41,adaptive-prasle,1619,1,0,0,62,0,868,0,1,41,168421,1619,0,63,0,0,0,LEADER,1,0,0,0,0,62
169955,96,adaptive-prasle,1534,1,0,0,62,0,868,0,1,96,168421,1534,0,63,0,0,0,LEADER,1,0,0,0,0,62
170256,74,adaptive-prasle,1837,1,0,0,62,0,868,0,1,74,168419,1837,0,63,0,0,0,LEADER,1,0,0,0,0,62
170188,49,adaptive-prasle,1767,1,0,0,62,0,868,0,1,49,168421,1767,0,63,0,0,0,LEADER,1,0,0,0,0,62
170649,92,adaptive-prasle,2228,1,0,0,62,0,868,0,1,92,168421,2228,0,63,0,0,0,LEADER,1,0,0,0,0,62
169857,66,adaptive-prasle,1434,1,0,0,62,0,868,0,1,66,168423,1434,0,63,0,0,0,LEADER,1,0,0,0,0,62
169880,57,adaptive-prasle,2380,1,0,0,61,0,854,0,1,57,167500,2380,0,62,0,0,0,LEADER,1,0,0,0,0,61
170681,78,adaptive-prasle,2260,1,0,0,62,0,868,0,1,78,168421,2260,0,63,0,0,0,LEADER,1,0,0,0,0,62
169846,39,adaptive-prasle,2346,1,0,0,61,0,854,0,1,39,167500,2346,0,62,0,0,0,LEADER,1,0,0,0,0,61
170564,30,adaptive-prasle,2143,1,0,0,62,0,868,0,1,30,168421,2143,0,63,0,0,0,LEADER,1,0,0,0,0,62
169970,64,adaptive-prasle,1549,1,0,0,62,0,868,0,1,64,168421,1549,0,63,0,0,0,LEADER,1,0,0,0,0,62
170195,80,adaptive-prasle,1774,1,0,0,62,0,868,0,1,80,168421,1774,0,63,0,0,0,LEADER,1,0,0,0,0,62
169933,54,adaptive-prasle,1516,1,0,0,62,0,868,0,1,54,168417,1516,0,63,0,0,0,LEADER,1,0,0,0,0,62
170461,43,adaptive-prasle,2040,1,0,0,62,0,868,0,1,43,168421,2040,0,63,0,0,0,LEADER,1,0,0,0,0,62
170381,26,adaptive-prasle,1960,1,0,0,62,0,868,0,1,26,168421,1960,0,63,0,0,0,LEADER,1,0,0,0,0,62
170009,42,adaptive-prasle,1591,1,0,0,62,0,868,0,1,42,168418,1591,0,63,0,0,0,LEADER,1,0,0,0,0,62
170019,31,adaptive-prasle,1598,1,0,0,62,0,868,0,1,31,168421,1598,0,63,0,0,0,LEADER,1,0,0,0,0,62
170776,94,adaptive-prasle,2355,1,0,0,62,0,868,0,1,94,168421,2355,0,63,0,0,0,LEADER,1,0,0,0,0,62
170346,45,adaptive-prasle,1925,1,0,0,62,0,868,0,1,45,168421,1925,0,63,0,0,0,LEADER,1,0,0,0,0,62
170719,60,adaptive-prasle,2298,1,0,0,62,0,868,0,1,60,168421,2298,0,63,0,0,0,LEADER,1,0,0,0,0,62
170824,44,adaptive-prasle,1483,1,0,0,62,0,868,0,1,44,169341,1483,0,63,0,0,0,LEADER,1,0,0,0,0,62
170073,51,adaptive-prasle,1652,1,0,0,62,0,868,0,1,51,168421,1652,0,63,0,0,0,LEADER,1,0,0,0,0,62
170872,22,adaptive-prasle,1531,1,0,0,62,0,868,0,1,22,169341,1531,0,63,0,0,0,LEADER,1,0,0,0,0,62
170430,33,adaptive-prasle,2007,1,0,0,62,0,868,0,1,33,168423,2007,0,63,0,0,0,LEADER,1,0,0,0,0,62
170585,72,adaptive-prasle,2162,1,0,0,62,0,868,0,1,72,168423,2162,0,63,0,0,0,LEADER,1,0,0,0,0,62
170373,24,adaptive-prasle,1952,1,0,0,62,0,868,0,1,24,168421,1952,0,63,0,0,0,LEADER,1,0,0,0,0,62
170904,32,adaptive-prasle,1564,1,0,0,62,0,868,0,1,32,169340,1564,0,63,0,0,0,LEADER,1,0,0,0,0,62
170092,93,adaptive-prasle,1671,1,0,0,62,0,868,0,1,93,168421,1671,0,63,0,0,0,LEADER,1,0,0,0,0,62
170766,69,adaptive-prasle,2343,1,0,0,62,0,868,0,1,69,168423,2343,0,63,0,0,0,LEADER,1,0,0,0,0,62
170751,79,adaptive-prasle,2331,1,0,0,62,0,868,0,1,79,168420,2331,0,63,0,0,0,LEADER,1,0,0,0,0,62
170446,75,adaptive-prasle,2025,1,0,0,62,0,868,0,1,75,168421,2025,0,63,0,0,0,LEADER,1,0,0,0,0,62
170173,81,adaptive-prasle,1752,1,0,0,62,0,868,0,1,81,168421,1752,0,63,0,0,0,LEADER,1,0,0,0,0,62
170031,52,adaptive-prasle,1610,1,0,0,62,0,868,0,1,52,168421,1610,0,63,0,0,0,LEADER,1,0,0,0,0,62
170510,21,adaptive-prasle,2088,1,0,0,62,0,868,0,1,21,168422,2088,0,63,0,0,0,LEADER,1,0,0,0,0,62
170686,29,adaptive-prasle,2265,1,0,0,62,0,868,0,1,29,168421,2265,0,63,0,0,0,LEADER,1,0,0,0,0,62
170262,100,adaptive-prasle,1841,1,0,0,62,0,868,0,1,100,168421,1841,0,63,0,0,0,LEADER,1,0,0,0,0,62
170107,61,adaptive-prasle,1686,1,0,0,62,0,868,0,1,61,168421,1686,0,63,0,0,0,LEADER,1,0,0,0,0,62
170935,1,adaptive-prasle,2022,1,0,0,7,7,98,98,1,1,168913,2022,0,8,0,0,0,LEADER,1,0,0,0,0,7
170671,91,adaptive-prasle,2250,1,0,0,62,0,868,0,1,91,168421,2250,0,63,0,0,0,LEADER,1,0,0,0,0,62
170631,37,adaptive-prasle,2210,1,0,0,62,0,868,0,1,37,168421,2210,0,63,0,0,0,LEADER,1,0,0,0,0,62
170174,38,adaptive-prasle,1755,1,0,0,62,0,868,0,1,38,168419,1755,0,63,0,0,0,LEADER,1,0,0,0,0,62
170840,98,adaptive-prasle,2419,1,0,0,62,0,868,0,1,98,168421,2419,0,63,0,0,0,LEADER,1,0,0,0,0,62
170700,27,adaptive-prasle,2280,1,0,0,62,0,868,0,1,27,168420,2280,0,63,0,0,0,LEADER,1,0,0,0,0,62
170549,62,adaptive-prasle,2128,1,0,0,62,0,868,0,1,62,168421,2128,0,63,0,0,0,LEADER,1,0,0,0,0,62
170358,56,adaptive-prasle,1937,1,0,0,62,0,868,0,1,56,168421,1937,0,63,0,0,0,LEADER,1,0,0,0,0,62
170745,99,adaptive-prasle,2328,1,0,0,62,0,868,0,1,99,168417,2328,0,63,0,0,0,LEADER,1,0,0,0,0,62
170625,48,adaptive-prasle,2202,1,0,0,62,0,868,0,1,48,168423,2202,0,63,0,0,0,LEADER,1,0,0,0,0,62
170140,71,adaptive-prasle,1719,1,0,0,62,0,868,0,1,71,168421,1719,0,63,0,0,0,LEADER,1,0,0,0,0,62
170365,87,adaptive-prasle,1944,1,0,0,62,0,868,0,1,87,168421,1944,0,63,0,0,0,LEADER,1,0,0,0,0,62
170291,36,adaptive-prasle,1870,1,0,0,62,0,868,0,1,36,168421,1870,0,63,0,0,0,LEADER,1,0,0,0,0,62
170787,77,adaptive-prasle,1446,1,0,0,62,0,868,0,1,77,169341,1446,0,63,0,0,0,LEADER,1,0,0,0,0,62
170980,83,adaptive-prasle,1637,1,0,0,62,0,868,0,1,83,169343,1637,0,63,0,0,0,LEADER,1,0,0,0,0,62
170480,85,adaptive-prasle,2059,1,0,0,62,0,868,0,1,85,168421,2059,0,63,0,0,0,LEADER,1,0,0,0,0,62
171008,19,adaptive-prasle,1667,1,0,0,62,0,868,0,1,19,169341,1667,0,63,0,0,0,LEADER,1,0,0,0,0,62
171163,65,adaptive-prasle,1822,1,0,0,62,0,868,0,1,65,169341,1822,0,63,0,0,0,LEADER,1,0,0,0,0,62
170769,35,adaptive-prasle,1428,1,0,0,62,0,868,0,1,35,169341,1428,0,63,0,0,0,LEADER,1,0,0,0,0,62
170784,86,adaptive-prasle,1443,1,0,0,62,0,868,0,1,86,169341,1443,0,63,0,0,0,LEADER,1,0,0,0,0,62
170827,50,adaptive-prasle,2406,1,0,0,62,0,868,0,1,50,168421,2406,0,63,0,0,0,LEADER,1,0,0,0,0,62
170842,55,adaptive-prasle,1501,1,0,0,62,0,868,0,1,55,169341,1501,0,63,0,0,0,LEADER,1,0,0,0,0,62
170881,63,adaptive-prasle,1540,1,0,0,62,0,868,0,1,63,169341,1540,0,63,0,0,0,LEADER,1,0,0,0,0,62
171245,46,adaptive-prasle,1904,1,0,0,62,0,868,0,1,46,169341,1904,0,63,0,0,0,LEADER,1,0,0,0,0,62
171040,53,adaptive-prasle,1701,1,0,0,62,0,868,0,1,53,169339,1701,0,63,0,0,0,LEADER,1,0,0,0,0,62
170395,23,adaptive-prasle,1974,1,0,0,62,0,868,0,1,23,168421,1974,0,63,0,0,0,LEADER,1,0,0,0,0,62
171263,88,adaptive-prasle,1922,1,0,0,62,0,868,0,1,88,169341,1922,0,63,0,0,0,LEADER,1,0,0,0,0,62
170790,34,adaptive-prasle,1449,1,0,0,62,0,868,0,1,34,169341,1449,0,63,0,0,0,LEADER,1,0,0,0,0,62
170400,97,adaptive-prasle,1977,1,0,0,62,0,868,0,1,97,168423,1977,0,63,0,0,0,LEADER,1,0,0,0,0,62
170518,20,adaptive-prasle,2095,1,0,0,62,0,868,0,1,20,168423,2095,0,63,0,0,0,LEADER,1,0,0,0,0,62
170598,40,adaptive-prasle,2177,1,0,0,62,0,868,0,1,40,168421,2177,0,63,0,0,0,LEADER,1,0,0,0,0,62
170523,47,adaptive-prasle,2100,1,0,0,62,0,868,0,1,47,168423,2100,0,63,0,0,0,LEADER,1,0,0,0,0,62
171433,95,adaptive-prasle,2092,1,0,0,62,0,868,0,1,95,169341,2092,0,63,0,0,0,LEADER,1,0,0,0,0,62
170816,25,adaptive-prasle,2395,1,0,0,62,0,868,0,1,25,168421,2395,0,63,0,0,0,LEADER,1,0,0,0,0,62
171421,84,adaptive-prasle,2080,1,0,0,62,0,868,0,1,84,169341,2080,0,63,0,0,0,LEADER,1,0,0,0,0,62
170698,70,adaptive-prasle,2277,1,0,0,62,0,868,0,1,70,168421,2277,0,63,0,0,0,LEADER,1,0,0,0,0,62
170616,82,adaptive-prasle,2195,1,0,0,62,0,868,0,1,82,168421,2195,0,63,0,0,0,LEADER,1,0,0,0,0,62
170834,67,adaptive-prasle,2413,1,0,0,62,0,868,0,1,67,168421,2413,0,63,0,0,0,LEADER,1,0,0,0,0,62
170786,89,adaptive-prasle,2365,1,0,0,62,0,868,0,1,89,168421,2365,0,63,0,0,0,LEADER,1,0,0,0,0,62
171454,28,adaptive-prasle,2113,1,0,0,62,0,868,0,1,28,169341,2113,0,63,0,0,0,LEADER,1,0,0,0,0,62
171198,68,adaptive-prasle,1855,1,0,0,62,0,868,0,1,68,169343,1855,0,63,0,0,0,LEADER,1,0,0,0,0,62
171149,90,adaptive-prasle,1807,1,0,0,62,0,868,0,1,90,169342,1807,0,63,0,0,0,LEADER,1,0,0,0,0,62
170809,76,adaptive-prasle,1468,1,0,0,62,0,868,0,1,76,169341,1468,0,63,0,0,0,LEADER,1,0,0,0,0,62
171130,10,adaptive-prasle,1789,1,0,0,62,0,868,0,1,10,169341,1789,0,63,0,0,0,LEADER,1,0,0,0,0,62
171562,58,adaptive-prasle,2221,1,0,0,62,0,868,0,1,58,169341,2221,0,63,0,0,0,LEADER,1,0,0,0,0,62
170945,73,adaptive-prasle,1604,1,0,0,62,0,868,0,1,73,169341,1604,0,63,0,0,0,LEADER,1,0,0,0,0,62
170686,59,adaptive-prasle,2265,1,0,0,62,0,868,0,1,59,168421,2265,0,63,0,0,0,LEADER,1,0,0,0,0,62
170960,41,adaptive-prasle,1619,1,0,0,62,0,868,0,1,41,169341,1619,0,63,0,0,0,LEADER,1,0,0,0,0,62
170875,96,adaptive-prasle,1534,1,0,0,62,0,868,0,1,96,169341,1534,0,63,0,0,0,LEADER,1,0,0,0,0,62
171176,74,adaptive-prasle,1837,1,0,0,62,0,868,0,1,74,169339,1837,0,63,0,0,0,LEADER,1,0,0,0,0,62
171108,49,adaptive-prasle,1767,1,0,0,62,0,868,0,1,49,169341,1767,0,63,0,0,0,LEADER,1,0,0,0,0,62
171569,92,adaptive-prasle,2228,1,0,0,62,0,868,0,1,92,169341,2228,0,63,0,0,0,LEADER,1,0,0,0,0,62
170777,66,adaptive-prasle,1434,1,0,0,62,0,868,0,1,66,169343,1434,0,63,0,0,0,LEADER,1,0,0,0,0,62
170801,57,adaptive-prasle,2380,1,0,0,62,0,868,0,1,57,168421,2380,0,63,0,0,0,LEADER,1,0,0,0,0,62
171601,78,adaptive-prasle,2260,1,0,0,62,0,868,0,1,78,169341,2260,0,63,0,0,0,LEADER,1,0,0,0,0,62
170767,39,adaptive-prasle,2346,1,0,0,62,0,868,0,1,39,168421,2346,0,63,0,0,0,LEADER,1,0,0,0,0,62
171484,30,adaptive-prasle,2143,1,0,0,62,0,868,0,1,30,169341,2143,0,63,0,0,0,LEADER,1,0,0,0,0,62
170890,64,adaptive-prasle,1549,1,0,0,62,0,868,0,1,64,169341,1549,0,63,0,0,0,LEADER,1,0,0,0,0,62
171115,80,adaptive-prasle,1774,1,0,0,62,0,868,0,1,80,169341,1774,0,63,0,0,0,LEADER,1,0,0,0,0,62
170853,54,adaptive-prasle,1516,1,0,0,62,0,868,0,1,54,169337,1516,0,63,0,0,0,LEADER,1,0,0,0,0,62
171381,43,adaptive-prasle,2040,1,0,0,62,0,868,0,1,43,169341,2040,0,63,0,0,0,LEADER,1,0,0,0,0,62
171301,26,adaptive-prasle,1960,1,0,0,62,0,868,0,1,26,169341,1960,0,63,0,0,0,LEADER,1,0,0,0,0,62
170929,42,adaptive-prasle,1591,1,0,0,62,0,868,0,1,42,169338,1591,0,63,0,0,0,LEADER,1,0,0,0,0,62
170939,31,adaptive-prasle,1598,1,0,0,62,0,868,0,1,31,169341,1598,0,63,0,0,0,LEADER,1,0,0,0,0,62
171696,94,adaptive-prasle,2355,1,0,0,62,0,868,0,1,94,169341,2355,0,63,0,0,0,LEADER,1,0,0,0,0,62
171266,45,adaptive-prasle,1925,1,0,0,62,0,868,0,1,45,169341,1925,0,63,0,0,0,LEADER,1,0,0,0,0,62
171639,60,adaptive-prasle,2298,1,0,0,62,0,868,0,1,60,169341,2298,0,63,0,0,0,LEADER,1,0,0,0,0,62
171744,44,adaptive-prasle,1483,1,0,0,62,0,868,0,1,44,170261,1483,0,63,0,0,0,LEADER,1,0,0,0,0,62
170993,51,adaptive-prasle,1652,1,0,0,62,0,868,0,1,51,169341,1652,0,63,0,0,0,LEADER,1,0,0,0,0,62
171792,22,adaptive-prasle,1531,1,0,0,62,0,868,0,1,22,170261,1531,0,63,0,0,0,LEADER,1,0,0,0,0,62
171350,33,adaptive-prasle,2007,1,0,0,62,0,868,0,1,33,169343,2007,0,63,0,0,0,LEADER,1,0,0,0,0,62
171505,72,adaptive-prasle,2162,1,0,0,62,0,868,0,1,72,169343,2162,0,63,0,0,0,LEADER,1,0,0,0,0,62
171293,24,adaptive-prasle,1952,1,0,0,62,0,868,0,1,24,169341,1952,0,63,0,0,0,LEADER,1,0,0,0,0,62
171824,32,adaptive-prasle,1564,1,0,0,62,0,868,0,1,32,170260,1564,0,63,0,0,0,LEADER,1,0,0,0,0,62
171012,93,adaptive-prasle,1671,1,0,0,62,0,868,0,1,93,169341,1671,0,63,0,0,0,LEADER,1,0,0,0,0,62
171671,79,adaptive-prasle,2331,1,0,0,62,0,868,0,1,79,169340,2331,0,63,0,0,0,LEADER,1,0,0,0,0,62
171686,69,adaptive-prasle,2343,1,0,0,62,0,868,0,1,69,169343,2343,0,63,0,0,0,LEADER,1,0,0,0,0,62
171366,75,adaptive-prasle,2025,1,0,0,62,0,868,0,1,75,169341,2025,0,63,0,0,0,LEADER,1,0,0,0,0,62
171093,81,adaptive-prasle,1752,1,0,0,62,0,868,0,1,81,169341,1752,0,63,0,0,0,LEADER,1,0,0,0,0,62
170951,52,adaptive-prasle,1610,1,0,0,62,0,868,0,1,52,169341,1610,0,63,0,0,0,LEADER,1,0,0,0,0,62
171430,21,adaptive-prasle,2088,1,0,0,62,0,868,0,1,21,169342,2088,0,63,0,0,0,LEADER,1,0,0,0,0,62
171606,29,adaptive-prasle,2265,1,0,0,62,0,868,0,1,29,169341,2265,0,63,0,0,0,LEADER,1,0,0,0,0,62
171182,100,adaptive-prasle,1841,1,0,0,62,0,868,0,1,100,169341,1841,0,63,0,0,0,LEADER,1,0,0,0,0,62
171027,61,adaptive-prasle,1686,1,0,0,62,0,868,0,1,61,169341,1686,0,63,0,0,0,LEADER,1,0,0,0,0,62
171591,91,adaptive-prasle,2250,1,0,0,62,0,868,0,1,91,169341,2250,0,63,0,0,0,LEADER,1,0,0,0,0,62
171551,37,adaptive-prasle,2210,1,0,0,62,0,868,0,1,37,169341,2210,0,63,0,0,0,LEADER,1,0,0,0,0,62
171094,38,adaptive-prasle,1755,1,0,0,62,0,868,0,1,38,169339,1755,0,63,0,0,0,LEADER,1,0,0,0,0,62
171760,98,adaptive-prasle,2419,1,0,0,62,0,868,0,1,98,169341,2419,0,63,0,0,0,LEADER,1,0,0,0,0,62
171620,27,adaptive-prasle,2280,1,0,0,62,0,868,0,1,27,169340,2280,0,63,0,0,0,LEADER,1,0,0,0,0,62
171469,62,adaptive-prasle,2128,1,0,0,62,0,868,0,1,62,169341,2128,0,63,0,0,0,LEADER,1,0,0,0,0,62
171278,56,adaptive-prasle,1937,1,0,0,62,0,868,0,1,56,169341,1937,0,63,0,0,0,LEADER,1,0,0,0,0,62
171665,99,adaptive-prasle,2328,1,0,0,62,0,868,0,1,99,169337,2328,0,63,0,0,0,LEADER,1,0,0,0,0,62
171545,48,adaptive-prasle,2202,1,0,0,62,0,868,0,1,48,169343,2202,0,63,0,0,0,LEADER,1,0,0,0,0,62
171060,71,adaptive-prasle,1719,1,0,0,62,0,868,0,1,71,169341,1719,0,63,0,0,0,LEADER,1,0,0,0,0,62
171285,87,adaptive-prasle,1944,1,0,0,62,0,868,0,1,87,169341,1944,0,63,0,0,0,LEADER,1,0,0,0,0,62
171211,36,adaptive-prasle,1870,1,0,0,62,0,868,0,1,36,169341,1870,0,63,0,0,0,LEADER,1,0,0,0,0,62
171707,77,adaptive-prasle,1446,1,0,0,62,0,868,0,1,77,170261,1446,0,63,0,0,0,LEADER,1,0,0,0,0,62
171900,83,adaptive-prasle,1637,1,0,0,62,0,868,0,1,83,170263,1637,0,63,0,0,0,LEADER,1,0,0,0,0,62
171400,85,adaptive-prasle,2059,1,0,0,62,0,868,0,1,85,169341,2059,0,63,0,0,0,LEADER,1,0,0,0,0,62
171928,19,adaptive-prasle,1667,1,0,0,62,0,868,0,1,19,170261,1667,0,63,0,0,0,LEADER,1,0,0,0,0,62
172083,65,adaptive-prasle,1822,1,0,0,62,0,868,0,1,65,170261,1822,0,63,0,0,0,LEADER,1,0,0,0,0,62
171689,35,adaptive-prasle,1428,1,0,0,62,0,868,0,1,35,170261,1428,0,63,0,0,0,LEADER,1,0,0,0,0,62
171704,86,adaptive-prasle,1443,1,0,0,62,0,868,0,1,86,170261,1443,0,63,0,0,0,LEADER,1,0,0,0,0,62
171747,50,adaptive-prasle,2406,1,0,0,62,0,868,0,1,50,169341,2406,0,63,0,0,0,LEADER,1,0,0,0,0,62
171762,55,adaptive-prasle,1501,1,0,0,62,0,868,0,1,55,170261,1501,0,63,0,0,0,LEADER,1,0,0,0,0,62
171801,63,adaptive-prasle,1540,1,0,0,62,0,868,0,1,63,170261,1540,0,63,0,0,0,LEADER,1,0,0,0,0,62
172165,46,adaptive-prasle,1904,1,0,0,62,0,868,0,1,46,170261,1904,0,63,0,0,0,LEADER,1,0,0,0,0,62
171960,53,adaptive-prasle,1701,1,0,0,62,0,868,0,1,53,170259,1701,0,63,0,0,0,LEADER,1,0,0,0,0,62
171315,23,adaptive-prasle,1974,1,0,0,62,0,868,0,1,23,169341,1974,0,63,0,0,0,LEADER,1,0,0,0,0,62
172183,88,adaptive-prasle,1922,1,0,0,62,0,868,0,1,88,170261,1922,0,63,0,0,0,LEADER,1,0,0,0,0,62
171710,34,adaptive-prasle,1449,1,0,0,62,0,868,0,1,34,170261,1449,0,63,0,0,0,LEADER,1,0,0,0,0,62
171320,97,adaptive-prasle,1977,1,0,0,62,0,868,0,1,97,169343,1977,0,63,0,0,0,LEADER,1,0,0,0,0,62
171438,20,adaptive-prasle,2095,1,0,0,62,0,868,0,1,20,169343,2095,0,63,0,0,0,LEADER,1,0,0,0,0,62
171518,40,adaptive-prasle,2177,1,0,0,62,0,868,0,1,40,169341,2177,0,63,0,0,0,LEADER,1,0,0,0,0,62
171443,47,adaptive-prasle,2100,1,0,0,62,0,868,0,1,47,169343,2100,0,63,0,0,0,LEADER,1,0,0,0,0,62
172353,95,adaptive-prasle,2092,1,0,0,62,0,868,0,1,95,170261,2092,0,63,0,0,0,LEADER,1,0,0,0,0,62
171736,25,adaptive-prasle,2395,1,0,0,62,0,868,0,1,25,169341,2395,0,63,0,0,0,LEADER,1,0,0,0,0,62
172341,84,adaptive-prasle,2080,1,0,0,62,0,868,0,1,84,170261,2080,0,63,0,0,0,LEADER,1,0,0,0,0,62
171618,70,adaptive-prasle,2277,1,0,0,62,0,868,0,1,70,169341,2277,0,63,0,0,0,LEADER,1,0,0,0,0,62
171536,82,adaptive-prasle,2195,1,0,0,62,0,868,0,1,82,169341,2195,0,63,0,0,0,LEADER,1,0,0,0,0,62
171754,67,adaptive-prasle,2413,1,0,0,62,0,868,0,1,67,169341,2413,0,63,0,0,0,LEADER,1,0,0,0,0,62
171706,89,adaptive-prasle,2365,1,0,0,62,0,868,0,1,89,169341,2365,0,63,0,0,0,LEADER,1,0,0,0,0,62
172374,28,adaptive-prasle,2113,1,0,0,62,0,868,0,1,28,170261,2113,0,63,0,0,0,LEADER,1,0,0,0,0,62
172118,68,adaptive-prasle,1855,1,0,0,62,0,868,0,1,68,170263,1855,0,63,0,0,0,LEADER,1,0,0,0,0,62
172069,90,adaptive-prasle,1807,1,0,0,62,0,868,0,1,90,170262,1807,0,63,0,0,0,LEADER,1,0,0,0,0,62
171685,3,adaptive-prasle,1603,1,0,0,9,18,126,252,2,3,170082,1603,0,8,0,0,0,LEADER,1,0,0,0,0,9
171729,76,adaptive-prasle,1468,1,0,0,62,0,868,0,1,76,170261,1468,0,63,0,0,0,LEADER,1,0,0,0,0,62
172050,10,adaptive-prasle,1789,1,0,0,62,0,868,0,1,10,170261,1789,0,63,0,0,0,LEADER,1,0,0,0,0,62
172482,58,adaptive-prasle,2221,1,0,0,62,0,868,0,1,58,170261,2221,0,63,0,0,0,LEADER,1,0,0,0,0,62
171865,73,adaptive-prasle,1604,1,0,0,62,0,868,0,1,73,170261,1604,0,63,0,0,0,LEADER,1,0,0,0,0,62
171606,59,adaptive-prasle,2265,1,0,0,62,0,868,0,1,59,169341,2265,0,63,0,0,0,LEADER,1,0,0,0,0,62
171880,41,adaptive-prasle,1619,1,0,0,62,0,868,0,1,41,170261,1619,0,63,0,0,0,LEADER,1,0,0,0,0,62
171795,96,adaptive-prasle,1534,1,0,0,62,0,868,0,1,96,170261,1534,0,63,0,0,0,LEADER,1,0,0,0,0,62
172096,74,adaptive-prasle,1837,1,0,0,62,0,868,0,1,74,170259,1837,0,63,0,0,0,LEADER,1,0,0,0,0,62
172028,49,adaptive-prasle,1767,1,0,0,62,0,868,0,1,49,170261,1767,0,63,0,0,0,LEADER,1,0,0,0,0,62
172489,92,adaptive-prasle,2228,1,0,0,62,0,868,0,1,92,170261,2228,0,63,0,0,0,LEADER,1,0,0,0,0,62
171697,66,adaptive-prasle,1434,1,0,0,62,0,868,0,1,66,170263,1434,0,63,0,0,0,LEADER,1,0,0,0,0,62
171721,57,adaptive-prasle,2380,1,0,0,62,0,868,0,1,57,169341,2380,0,63,0,0,0,LEADER,1,0,0,0,0,62
172029,4,adaptive-prasle,2030,1,0,0,11,20,154,280,5,4,169999,2030,0,7,0,0,0,LEADER,1,0,0,0,0,11
172521,78,adaptive-prasle,2260,1,0,0,62,0,868,0,1,78,170261,2260,0,63,0,0,0,LEADER,1,0,0,0,0,62
171687,39,adaptive-prasle,2346,1,0,0,62,0,868,0,1,39,169341,2346,0,63,0,0,0,LEADER,1,0,0,0,0,62
172404,30,adaptive-prasle,2143,1,0,0,62,0,868,0,1,30,170261,2143,0,63,0,0,0,LEADER,1,0,0,0,0,62
171810,64,adaptive-prasle,1549,1,0,0,62,0,868,0,1,64,170261,1549,0,63,0,0,0,LEADER,1,0,0,0,0,62
172035,80,adaptive-prasle,1774,1,0,0,62,0,868,0,1,80,170261,1774,0,63,0,0,0,LEADER,1,0,0,0,0,62
171773,54,adaptive-prasle,1516,1,0,0,62,0,868,0,1,54,170257,1516,0,63,0,0,0,LEADER,1,0,0,0,0,62
172301,43,adaptive-prasle,2040,1,0,0,62,0,868,0,1,43,170261,2040,0,63,0,0,0,LEADER,1,0,0,0,0,62
172221,26,adaptive-prasle,1960,1,0,0,62,0,868,0,1,26,170261,1960,0,63,0,0,0,LEADER,1,0,0,0,0,62
171849,42,adaptive-prasle,1591,1,0,0,62,0,868,0,1,42,170258,1591,0,63,0,0,0,LEADER,1,0,0,0,0,62
171859,31,adaptive-prasle,1598,1,0,0,62,0,868,0,1,31,170261,1598,0,63,0,0,0,LEADER,1,0,0,0,0,62
172616,94,adaptive-prasle,2355,1,0,0,62,0,868,0,1,94,170261,2355,0,63,0,0,0,LEADER,1,0,0,0,0,62
172186,45,adaptive-prasle,1925,1,0,0,62,0,868,0,1,45,170261,1925,0,63,0,0,0,LEADER,1,0,0,0,0,62
172559,60,adaptive-prasle,2298,1,0,0,62,0,868,0,1,60,170261,2298,0,63,0,0,0,LEADER,1,0,0,0,0,62
172665,44,adaptive-prasle,1483,1,0,0,63,0,882,0,1,44,171182,1483,0,64,0,0,0,LEADER,1,0,0,0,0,63
171913,51,adaptive-prasle,1652,1,0,0,62,0,868,0,1,51,170261,1652,0,63,0,0,0,LEADER,1,0,0,0,0,62
172270,33,adaptive-prasle,2007,1,0,0,62,0,868,0,1,33,170263,2007,0,63,0,0,0,LEADER,1,0,0,0,0,62
172713,22,adaptive-prasle,1531,1,0,0,63,0,882,0,1,22,171182,1531,0,64,0,0,0,LEADER,1,0,0,0,0,63
172425,72,adaptive-prasle,2162,1,0,0,62,0,868,0,1,72,170263,2162,0,63,0,0,0,LEADER,1,0,0,0,0,62
172213,24,adaptive-prasle,1952,1,0,0,62,0,868,0,1,24,170261,1952,0,63,0,0,0,LEADER,1,0,0,0,0,62
172745,32,adaptive-prasle,1564,1,0,0,63,0,882,0,1,32,171181,1564,0,64,0,0,0,LEADER,1,0,0,0,0,63
171932,93,adaptive-prasle,1671,1,0,0,62,0,868,0,1,93,170261,1671,0,63,0,0,0,LEADER,1,0,0,0,0,62
172591,79,adaptive-prasle,2331,1,0,0,62,0,868,0,1,79,170260,2331,0,63,0,0,0,LEADER,1,0,0,0,0,62
172606,69,adaptive-prasle,2343,1,0,0,62,0,868,0,1,69,170263,2343,0,63,0,0,0,LEADER,1,0,0,0,0,62
172286,75,adaptive-prasle,2025,1,0,0,62,0,868,0,1,75,170261,2025,0,63,0,0,0,LEADER,1,0,0,0,0,62
172013,81,adaptive-prasle,1752,1,0,0,62,0,868,0,1,81,170261,1752,0,63,0,0,0,LEADER,1,0,0,0,0,62
171871,52,adaptive-prasle,1610,1,0,0,62,0,868,0,1,52,170261,1610,0,63,0,0,0,LEADER,1,0,0,0,0,62
172350,21,adaptive-prasle,2088,1,0,0,62,0,868,0,1,21,170262,2088,0,63,0,0,0,LEADER,1,0,0,0,0,62
172526,29,adaptive-prasle,2265,1,0,0,62,0,868,0,1,29,170261,2265,0,63,0,0,0,LEADER,1,0,0,0,0,62
172102,100,adaptive-prasle,1841,1,0,0,62,0,868,0,1,100,170261,1841,0,63,0,0,0,LEADER,1,0,0,0,0,62
171947,61,adaptive-prasle,1686,1,0,0,62,0,868,0,1,61,170261,1686,0,63,0,0,0,LEADER,1,0,0,0,0,62
172511,91,adaptive-prasle,2250,1,0,0,62,0,868,0,1,91,170261,2250,0,63,0,0,0,LEADER,1,0,0,0,0,62
172471,37,adaptive-prasle,2210,1,0,0,62,0,868,0,1,37,170261,2210,0,63,0,0,0,LEADER,1,0,0,0,0,62
172014,38,adaptive-prasle,1755,1,0,0,62,0,868,0,1,38,170259,1755,0,63,0,0,0,LEADER,1,0,0,0,0,62
172680,98,adaptive-prasle,2419,1,0,0,62,0,868,0,1,98,170261,2419,0,63,0,0,0,LEADER,1,0,0,0,0,62
172540,27,adaptive-prasle,2280,1,0,0,62,0,868,0,1,27,170260,2280,0,63,0,0,0,LEADER,1,0,0,0,0,62
172389,62,adaptive-prasle,2128,1,0,0,62,0,868,0,1,62,170261,2128,0,63,0,0,0,LEADER,1,0,0,0,0,62
172198,56,adaptive-prasle,1937,1,0,0,62,0,868,0,1,56,170261,1937,0,63,0,0,0,LEADER,1,0,0,0,0,62
172585,99,adaptive-prasle,2328,1,0,0,62,0,868,0,1,99,170257,2328,0,63,0,0,0,LEADER,1,0,0,0,0,62
172465,48,adaptive-prasle,2202,1,0,0,62,0,868,0,1,48,170263,2202,0,63,0,0,0,LEADER,1,0,0,0,0,62
171980,71,adaptive-prasle,1719,1,0,0,62,0,868,0,1,71,170261,1719,0,63,0,0,0,LEADER,1,0,0,0,0,62
172205,87,adaptive-prasle,1944,1,0,0,62,0,868,0,1,87,170261,1944,0,63,0,0,0,LEADER,1,0,0,0,0,62
172131,36,adaptive-prasle,1870,1,0,0,62,0,868,0,1,36,170261,1870,0,63,0,0,0,LEADER,1,0,0,0,0,62
172628,77,adaptive-prasle,1446,1,0,0,63,0,882,0,1,77,171182,1446,0,64,0,0,0,LEADER,1,0,0,0,0,63
172821,83,adaptive-prasle,1637,1,0,0,63,0,882,0,1,83,171184,1637,0,64,0,0,0,LEADER,1,0,0,0,0,63
172320,85,adaptive-prasle,2059,1,0,0,62,0,868,0,1,85,170261,2059,0,63,0,0,0,LEADER,1,0,0,0,0,62
172849,19,adaptive-prasle,1667,1,0,0,63,0,882,0,1,19,171182,1667,0,64,0,0,0,LEADER,1,0,0,0,0,63
173004,65,adaptive-prasle,1822,1,0,0,63,0,882,0,1,65,171182,1822,0,64,0,0,0,LEADER,1,0,0,0,0,63
172610,35,adaptive-prasle,1428,1,0,0,63,0,882,0,1,35,171182,1428,0,64,0,0,0,LEADER,1,0,0,0,0,63
172947,9,adaptive-prasle,1889,1,0,0,15,15,210,210,5,9,171058,1889,0,6,0,0,0,LEADER,1,0,0,0,0,15
172625,86,adaptive-prasle,1443,1,0,0,63,0,882,0,1,86,171182,1443,0,64,0,0,0,LEADER,1,0,0,0,0,63
172667,50,adaptive-prasle,2406,1,0,0,62,0,868,0,1,50,170261,2406,0,63,0,0,0,LEADER,1,0,0,0,0,62
172683,55,adaptive-prasle,1501,1,0,0,63,0,882,0,1,55,171182,1501,0,64,0,0,0,LEADER,1,0,0,0,0,63
172722,63,adaptive-prasle,1540,1,0,0,63,0,882,0,1,63,171182,1540,0,64,0,0,0,LEADER,1,0,0,0,0,63
173086,46,adaptive-prasle,1904,1,0,0,63,0,882,0,1,46,171182,1904,0,64,0,0,0,LEADER,1,0,0,0,0,63
172881,53,adaptive-prasle,1701,1,0,0,63,0,882,0,1,53,171180,1701,0,64,0,0,0,LEADER,1,0,0,0,0,63
172235,23,adaptive-prasle,1974,1,0,0,62,0,868,0,1,23,170261,1974,0,63,0,0,0,LEADER,1,0,0,0,0,62
173104,88,adaptive-prasle,1922,1,0,0,63,0,882,0,1,88,171182,1922,0,64,0,0,0,LEADER,1,0,0,0,0,63
172631,34,adaptive-prasle,1449,1,0,0,63,0,882,0,1,34,171182,1449,0,64,0,0,0,LEADER,1,0,0,0,0,63
172240,97,adaptive-prasle,1977,1,0,0,62,0,868,0,1,97,170263,1977,0,63,0,0,0,LEADER,1,0,0,0,0,62
172358,20,adaptive-prasle,2095,1,0,0,62,0,868,0,1,20,170263,2095,0,63,0,0,0,LEADER,1,0,0,0,0,62
172438,40,adaptive-prasle,2177,1,0,0,62,0,868,0,1,40,170261,2177,0,63,0,0,0,LEADER,1,0,0,0,0,62
172363,47,adaptive-prasle,2100,1,0,0,62,0,868,0,1,47,170263,2100,0,63,0,0,0,LEADER,1,0,0,0,0,62
173274,95,adaptive-prasle,2092,1,0,0,63,0,882,0,1,95,171182,2092,0,64,0,0,0,LEADER,1,0,0,0,0,63
172656,25,adaptive-prasle,2395,1,0,0,62,0,868,0,1,25,170261,2395,0,63,0,0,0,LEADER,1,0,0,0,0,62
173262,84,adaptive-prasle,2080,1,0,0,63,0,882,0,1,84,171182,2080,0,64,0,0,0,LEADER,1,0,0,0,0,63
172538,70,adaptive-prasle,2277,1,0,0,62,0,868,0,1,70,170261,2277,0,63,0,0,0,LEADER,1,0,0,0,0,62
172456,82,adaptive-prasle,2195,1,0,0,62,0,868,0,1,82,170261,2195,0,63,0,0,0,LEADER,1,0,0,0,0,62
172674,67,adaptive-prasle,2413,1,0,0,62,0,868,0,1,67,170261,2413,0,63,0,0,0,LEADER,1,0,0,0,0,62
172626,89,adaptive-prasle,2365,1,0,0,62,0,868,0,1,89,170261,2365,0,63,0,0,0,LEADER,1,0,0,0,0,62
173295,28,adaptive-prasle,2113,1,0,0,63,0,882,0,1,28,171182,2113,0,64,0,0,0,LEADER,1,0,0,0,0,63
173039,68,adaptive-prasle,1855,1,0,0,63,0,882,0,1,68,171184,1855,0,64,0,0,0,LEADER,1,0,0,0,0,63
172990,90,adaptive-prasle,1807,1,0,0,63,0,882,0,1,90,171183,1807,0,64,0,0,0,LEADER,1,0,0,0,0,63
172650,76,adaptive-prasle,1468,1,0,0,63,0,882,0,1,76,171182,1468,0,64,0,0,0,LEADER,1,0,0,0,0,63
172971,10,adaptive-prasle,1789,1,0,0,63,0,882,0,1,10,171182,1789,0,64,0,0,0,LEADER,1,0,0,0,0,63
173403,58,adaptive-prasle,2221,1,0,0,63,0,882,0,1,58,171182,2221,0,64,0,0,0,LEADER,1,0,0,0,0,63
172786,73,adaptive-prasle,1604,1,0,0,63,0,882,0,1,73,171182,1604,0,64,0,0,0,LEADER,1,0,0,0,0,63
172526,59,adaptive-prasle,2265,1,0,0,62,0,868,0,1,59,170261,2265,0,63,0,0,0,LEADER,1,0,0,0,0,62
172801,41,adaptive-prasle,1619,1,0,0,63,0,882,0,1,41,171182,1619,0,64,0,0,0,LEADER,1,0,0,0,0,63
172716,96,adaptive-prasle,1534,1,0,0,63,0,882,0,1,96,171182,1534,0,64,0,0,0,LEADER,1,0,0,0,0,63
172808,8,adaptive-prasle,2217,1,0,0,15,28,210,392,4,6,170591,2217,0,7,0,0,0,NORMAL,0,0,0,0,0,15
173017,74,adaptive-prasle,1837,1,0,0,63,0,882,0,1,74,171180,1837,0,64,0,0,0,LEADER,1,0,0,0,0,63
172949,49,adaptive-prasle,1767,1,0,0,63,0,882,0,1,49,171182,1767,0,64,0,0,0,LEADER,1,0,0,0,0,63
173410,92,adaptive-prasle,2228,1,0,0,63,0,882,0,1,92,171182,2228,0,64,0,0,0,LEADER,1,0,0,0,0,63
172618,66,adaptive-prasle,1434,1,0,0,63,0,882,0,1,66,171184,1434,0,64,0,0,0,LEADER,1,0,0,0,0,63
172641,57,adaptive-prasle,2380,1,0,0,62,0,868,0,1,57,170261,2380,0,63,0,0,0,LEADER,1,0,0,0,0,62
173442,78,adaptive-prasle,2260,1,0,0,63,0,882,0,1,78,171182,2260,0,64,0,0,0,LEADER,1,0,0,0,0,63
172607,39,adaptive-prasle,2346,1,0,0,62,0,868,0,1,39,170261,2346,0,63,0,0,0,LEADER,1,0,0,0,0,62
173325,30,adaptive-prasle,2143,1,0,0,63,0,882,0,1,30,171182,2143,0,64,0,0,0,LEADER,1,0,0,0,0,63
172731,64,adaptive-prasle,1549,1,0,0,63,0,882,0,1,64,171182,1549,0,64,0,0,0,LEADER,1,0,0,0,0,63
172956,80,adaptive-prasle,1774,1,0,0,63,0,882,0,1,80,171182,1774,0,64,0,0,0,LEADER,1,0,0,0,0,63
172694,54,adaptive-prasle,1516,1,0,0,63,0,882,0,1,54,171178,1516,0,64,0,0,0,LEADER,1,0,0,0,0,63
173222,43,adaptive-prasle,2040,1,0,0,63,0,882,0,1,43,171182,2040,0,64,0,0,0,LEADER,1,0,0,0,0,63
173142,26,adaptive-prasle,1960,1,0,0,63,0,882,0,1,26,171182,1960,0,64,0,0,0,LEADER,1,0,0,0,0,63
172770,42,adaptive-prasle,1591,1,0,0,63,0,882,0,1,42,171179,1591,0,64,0,0,0,LEADER,1,0,0,0,0,63
172780,31,adaptive-prasle,1598,1,0,0,63,0,882,0,1,31,171182,1598,0,64,0,0,0,LEADER,1,0,0,0,0,63
173537,94,adaptive-prasle,2355,1,0,0,63,0,882,0,1,94,171182,2355,0,64,0,0,0,LEADER,1,0,0,0,0,63
173107,45,adaptive-prasle,1925,1,0,0,63,0,882,0,1,45,171182,1925,0,64,0,0,0,LEADER,1,0,0,0,0,63
173480,60,adaptive-prasle,2298,1,0,0,63,0,882,0,1,60,171182,2298,0,64,0,0,0,LEADER,1,0,0,0,0,63
173585,44,adaptive-prasle,1483,1,0,0,63,0,882,0,1,44,172102,1483,0,64,0,0,0,LEADER,1,0,0,0,0,63
172834,51,adaptive-prasle,1652,1,0,0,63,0,882,0,1,51,171182,1652,0,64,0,0,0,LEADER,1,0,0,0,0,63
173633,22,adaptive-prasle,1531,1,0,0,63,0,882,0,1,22,172102,1531,0,64,0,0,0,LEADER,1,0,0,0,0,63
173191,33,adaptive-prasle,2007,1,0,0,63,0,882,0,1,33,171184,2007,0,64,0,0,0,LEADER,1,0,0,0,0,63
173346,72,adaptive-prasle,2162,1,0,0,63,0,882,0,1,72,171184,2162,0,64,0,0,0,LEADER,1,0,0,0,0,63
173134,24,adaptive-prasle,1952,1,0,0,63,0,882,0,1,24,171182,1952,0,64,0,0,0,LEADER,1,0,0,0,0,63
173665,32,adaptive-prasle,1564,1,0,0,63,0,882,0,1,32,172101,1564,0,64,0,0,0,LEADER,1,0,0,0,0,63
172853,93,adaptive-prasle,1671,1,0,0,63,0,882,0,1,93,171182,1671,0,64,0,0,0,LEADER,1,0,0,0,0,63
173527,69,adaptive-prasle,2343,1,0,0,63,0,882,0,1,69,171184,2343,0,64,0,0,0,LEADER,1,0,0,0,0,63
173512,79,adaptive-prasle,2331,1,0,0,63,0,882,0,1,79,171181,2331,0,64,0,0,0,LEADER,1,0,0,0,0,63
173207,75,adaptive-prasle,2025,1,0,0,63,0,882,0,1,75,171182,2025,0,64,0,0,0,LEADER,1,0,0,0,0,63
172934,81,adaptive-prasle,1752,1,0,0,63,0,882,0,1,81,171182,1752,0,64,0,0,0,LEADER,1,0,0,0,0,63
172792,52,adaptive-prasle,1610,1,0,0,63,0,882,0,1,52,171182,1610,0,64,0,0,0,LEADER,1,0,0,0,0,63
173447,29,adaptive-prasle,2265,1,0,0,63,0,882,0,1,29,171182,2265,0,64,0,0,0,LEADER,1,0,0,0,0,63
173271,21,adaptive-prasle,2088,1,0,0,63,0,882,0,1,21,171183,2088,0,64,0,0,0,LEADER,1,0,0,0,0,63
173023,100,adaptive-prasle,1841,1,0,0,63,0,882,0,1,100,171182,1841,0,64,0,0,0,LEADER,1,0,0,0,0,63
172868,61,adaptive-prasle,1686,1,0,0,63,0,882,0,1,61,171182,1686,0,64,0,0,0,LEADER,1,0,0,0,0,63
173432,91,adaptive-prasle,2250,1,0,0,63,0,882,0,1,91,171182,2250,0,64,0,0,0,LEADER,1,0,0,0,0,63
173392,37,adaptive-prasle,2210,1,0,0,63,0,882,0,1,37,171182,2210,0,64,0,0,0,LEADER,1,0,0,0,0,63
172935,38,adaptive-prasle,1755,1,0,0,63,0,882,0,1,38,171180,1755,0,64,0,0,0,LEADER,1,0,0,0,0,63
173601,98,adaptive-prasle,2419,1,0,0,63,0,882,0,1,98,171182,2419,0,64,0,0,0,LEADER,1,0,0,0,0,63
173461,27,adaptive-prasle,2280,1,0,0,63,0,882,0,1,27,171181,2280,0,64,0,0,0,LEADER,1,0,0,0,0,63
173310,62,adaptive-prasle,2128,1,0,0,63,0,882,0,1,62,171182,2128,0,64,0,0,0,LEADER,1,0,0,0,0,63
173119,56,adaptive-prasle,1937,1,0,0,63,0,882,0,1,56,171182,1937,0,64,0,0,0,LEADER,1,0,0,0,0,63
173506,99,adaptive-prasle,2328,1,0,0,63,0,882,0,1,99,171178,2328,0,64,0,0,0,LEADER,1,0,0,0,0,63
173386,48,adaptive-prasle,2202,1,0,0,63,0,882,0,1,48,171184,2202,0,64,0,0,0,LEADER,1,0,0,0,0,63
172901,71,adaptive-prasle,1719,1,0,0,63,0,882,0,1,71,171182,1719,0,64,0,0,0,LEADER,1,0,0,0,0,63
173126,87,adaptive-prasle,1944,1,0,0,63,0,882,0,1,87,171182,1944,0,64,0,0,0,LEADER,1,0,0,0,0,63
173052,36,adaptive-prasle,1870,1,0,0,63,0,882,0,1,36,171182,1870,0,64,0,0,0,LEADER,1,0,0,0,0,63
173548,77,adaptive-prasle,1446,1,0,0,63,0,882,0,1,77,172102,1446,0,64,0,0,0,LEADER,1,0,0,0,0,63
173741,83,adaptive-prasle,1637,1,0,0,63,0,882,0,1,83,172104,1637,0,64,0,0,0,LEADER,1,0,0,0,0,63
173241,85,adaptive-prasle,2059,1,0,0,63,0,882,0,1,85,171182,2059,0,64,0,0,0,LEADER,1,0,0,0,0,63
173769,19,adaptive-prasle,1667,1,0,0,63,0,882,0,1,19,172102,1667,0,64,0,0,0,LEADER,1,0,0,0,0,63
173924,65,adaptive-prasle,1822,1,0,0,63,0,882,0,1,65,172102,1822,0,64,0,0,0,LEADER,1,0,0,0,0,63
173530,35,adaptive-prasle,1428,1,0,0,63,0,882,0,1,35,172102,1428,0,64,0,0,0,LEADER,1,0,0,0,0,63
173545,86,adaptive-prasle,1443,1,0,0,63,0,882,0,1,86,172102,1443,0,64,0,0,0,LEADER,1,0,0,0,0,63
173588,50,adaptive-prasle,2406,1,0,0,63,0,882,0,1,50,171182,2406,0,64,0,0,0,LEADER,1,0,0,0,0,63
173603,55,adaptive-prasle,1501,1,0,0,63,0,882,0,1,55,172102,1501,0,64,0,0,0,LEADER,1,0,0,0,0,63
173642,63,adaptive-prasle,1540,1,0,0,63,0,882,0,1,63,172102,1540,0,64,0,0,0,LEADER,1,0,0,0,0,63
174006,46,adaptive-prasle,1904,1,0,0,63,0,882,0,1,46,172102,1904,0,64,0,0,0,LEADER,1,0,0,0,0,63
173801,53,adaptive-prasle,1701,1,0,0,63,0,882,0,1,53,172100,1701,0,64,0,0,0,LEADER,1,0,0,0,0,63
173156,23,adaptive-prasle,1974,1,0,0,63,0,882,0,1,23,171182,1974,0,64,0,0,0,LEADER,1,0,0,0,0,63
173781,7,adaptive-prasle,1749,1,0,0,14,28,196,392,6,3,172032,1749,0,7,0,0,0,NORMAL,0,0,0,0,0,14
174024,88,adaptive-prasle,1922,1,0,0,63,0,882,0,1,88,172102,1922,0,64,0,0,0,LEADER,1,0,0,0,0,63
173551,34,adaptive-prasle,1449,1,0,0,63,0,882,0,1,34,172102,1449,0,64,0,0,0,LEADER,1,0,0,0,0,63
173161,97,adaptive-prasle,1977,1,0,0,63,0,882,0,1,97,171184,1977,0,64,0,0,0,LEADER,1,0,0,0,0,63
173279,20,adaptive-prasle,2095,1,0,0,63,0,882,0,1,20,171184,2095,0,64,0,0,0,LEADER,1,0,0,0,0,63
173359,40,adaptive-prasle,2177,1,0,0,63,0,882,0,1,40,171182,2177,0,64,0,0,0,LEADER,1,0,0,0,0,63
173284,47,adaptive-prasle,2100,1,0,0,63,0,882,0,1,47,171184,2100,0,64,0,0,0,LEADER,1,0,0,0,0,63
174194,95,adaptive-prasle,2092,1,0,0,63,0,882,0,1,95,172102,2092,0,64,0,0,0,LEADER,1,0,0,0,0,63
173577,25,adaptive-prasle,2395,1,0,0,63,0,882,0,1,25,171182,2395,0,64,0,0,0,LEADER,1,0,0,0,0,63
174182,84,adaptive-prasle,2080,1,0,0,63,0,882,0,1,84,172102,2080,0,64,0,0,0,LEADER,1,0,0,0,0,63
173459,70,adaptive-prasle,2277,1,0,0,63,0,882,0,1,70,171182,2277,0,64,0,0,0,LEADER,1,0,0,0,0,63
173377,82,adaptive-prasle,2195,1,0,0,63,0,882,0,1,82,171182,2195,0,64,0,0,0,LEADER,1,0,0,0,0,63
173982,6,adaptive-prasle,1797,1,0,0,13,23,182,322,5,3,172185,1797,0,7,0,0,0,NORMAL,0,0,0,0,0,13
173595,67,adaptive-prasle,2413,1,0,0,63,0,882,0,1,67,171182,2413,0,64,0,0,0,LEADER,1,0,0,0,0,63
173547,89,adaptive-prasle,2365,1,0,0,63,0,882,0,1,89,171182,2365,0,64,0,0,0,LEADER,1,0,0,0,0,63
174215,28,adaptive-prasle,2113,1,0,0,63,0,882,0,1,28,172102,2113,0,64,0,0,0,LEADER,1,0,0,0,0,63
174184,11,adaptive-prasle,2055,1,0,0,10,7,140,98,4,11,172129,2055,0,8,0,0,0,LEADER,1,0,0,0,0,10
173959,68,adaptive-prasle,1855,1,0,0,63,0,882,0,1,68,172104,1855,0,64,0,0,0,LEADER,1,0,0,0,0,63
173910,90,adaptive-prasle,1807,1,0,0,63,0,882,0,1,90,172103,1807,0,64,0,0,0,LEADER,1,0,0,0,0,63
173570,76,adaptive-prasle,1468,1,0,0,63,0,882,0,1,76,172102,1468,0,64,0,0,0,LEADER,1,0,0,0,0,63
173891,10,adaptive-prasle,1789,1,0,0,63,0,882,0,1,10,172102,1789,0,64,0,0,0,LEADER,1,0,0,0,0,63
174323,58,adaptive-prasle,2221,1,0,0,63,0,882,0,1,58,172102,2221,0,64,0,0,0,LEADER,1,0,0,0,0,63
173706,73,adaptive-prasle,1604,1,0,0,63,0,882,0,1,73,172102,1604,0,64,0,0,0,LEADER,1,0,0,0,0,63
173447,59,adaptive-prasle,2265,1,0,0,63,0,882,0,1,59,171182,2265,0,64,0,0,0,LEADER,1,0,0,0,0,63
173721,41,adaptive-prasle,1619,1,0,0,63,0,882,0,1,41,172102,1619,0,64,0,0,0,LEADER,1,0,0,0,0,63
173636,96,adaptive-prasle,1534,1,0,0,63,0,882,0,1,96,172102,1534,0,64,0,0,0,LEADER,1,0,0,0,0,63
173937,74,adaptive-prasle,1837,1,0,0,63,0,882,0,1,74,172100,1837,0,64,0,0,0,LEADER,1,0,0,0,0,63
173869,49,adaptive-prasle,1767,1,0,0,63,0,882,0,1,49,172102,1767,0,64,0,0,0,LEADER,1,0,0,0,0,63
174330,92,adaptive-prasle,2228,1,0,0,63,0,882,0,1,92,172102,2228,0,64,0,0,0,LEADER,1,0,0,0,0,63
173538,66,adaptive-prasle,1434,1,0,0,63,0,882,0,1,66,172104,1434,0,64,0,0,0,LEADER,1,0,0,0,0,63
173562,57,adaptive-prasle,2380,1,0,0,63,0,882,0,1,57,171182,2380,0,64,0,0,0,LEADER,1,0,0,0,0,63
174362,78,adaptive-prasle,2260,1,0,0,63,0,882,0,1,78,172102,2260,0,64,0,0,0,LEADER,1,0,0,0,0,63
173528,39,adaptive-prasle,2346,1,0,0,63,0,882,0,1,39,171182,2346,0,64,0,0,0,LEADER,1,0,0,0,0,63
174245,30,adaptive-prasle,2143,1,0,0,63,0,882,0,1,30,172102,2143,0,64,0,0,0,LEADER,1,0,0,0,0,63
173651,64,adaptive-prasle,1549,1,0,0,63,0,882,0,1,64,172102,1549,0,64,0,0,0,LEADER,1,0,0,0,0,63
173876,80,adaptive-prasle,1774,1,0,0,63,0,882,0,1,80,172102,1774,0,64,0,0,0,LEADER,1,0,0,0,0,63
173614,54,adaptive-prasle,1516,1,0,0,63,0,882,0,1,54,172098,1516,0,64,0,0,0,LEADER,1,0,0,0,0,63
174142,43,adaptive-prasle,2040,1,0,0,63,0,882,0,1,43,172102,2040,0,64,0,0,0,LEADER,1,0,0,0,0,63
174062,26,adaptive-prasle,1960,1,0,0,63,0,882,0,1,26,172102,1960,0,64,0,0,0,LEADER,1,0,0,0,0,63
173690,42,adaptive-prasle,1591,1,0,0,63,0,882,0,1,42,172099,1591,0,64,0,0,0,LEADER,1,0,0,0,0,63
173700,31,adaptive-prasle,1598,1,0,0,63,0,882,0,1,31,172102,1598,0,64,0,0,0,LEADER,1,0,0,0,0,63
174457,94,adaptive-prasle,2355,1,0,0,63,0,882,0,1,94,172102,2355,0,64,0,0,0,LEADER,1,0,0,0,0,63
174027,45,adaptive-prasle,1925,1,0,0,63,0,882,0,1,45,172102,1925,0,64,0,0,0,LEADER,1,0,0,0,0,63
174400,60,adaptive-prasle,2298,1,0,0,63,0,882,0,1,60,172102,2298,0,64,0,0,0,LEADER,1,0,0,0,0,63
174505,44,adaptive-prasle,1483,1,0,0,63,0,882,0,1,44,173022,1483,0,64,0,0,0,LEADER,1,0,0,0,0,63
173754,51,adaptive-prasle,1652,1,0,0,63,0,882,0,1,51,172102,1652,0,64,0,0,0,LEADER,1,0,0,0,0,63
174553,22,adaptive-prasle,1531,1,0,0,63,0,882,0,1,22,173022,1531,0,64,0,0,0,LEADER,1,0,0,0,0,63
174111,33,adaptive-prasle,2007,1,0,0,63,0,882,0,1,33,172104,2007,0,64,0,0,0,LEADER,1,0,0,0,0,63
174266,72,adaptive-prasle,2162,1,0,0,63,0,882,0,1,72,172104,2162,0,64,0,0,0,LEADER,1,0,0,0,0,63
174054,24,adaptive-prasle,1952,1,0,0,63,0,882,0,1,24,172102,1952,0,64,0,0,0,LEADER,1,0,0,0,0,63
174585,32,adaptive-prasle,1564,1,0,0,63,0,882,0,1,32,173021,1564,0,64,0,0,0,LEADER,1,0,0,0,0,63
173773,93,adaptive-prasle,1671,1,0,0,63,0,882,0,1,93,172102,1671,0,64,0,0,0,LEADER,1,0,0,0,0,63
174432,79,adaptive-prasle,2331,1,0,0,63,0,882,0,1,79,172101,2331,0,64,0,0,0,LEADER,1,0,0,0,0,63
174447,69,adaptive-prasle,2343,1,0,0,63,0,882,0,1,69,172104,2343,0,64,0,0,0,LEADER,1,0,0,0,0,63
174127,75,adaptive-prasle,2025,1,0,0,63,0,882,0,1,75,172102,2025,0,64,0,0,0,LEADER,1,0,0,0,0,63
173854,81,adaptive-prasle,1752,1,0,0,63,0,882,0,1,81,172102,1752,0,64,0,0,0,LEADER,1,0,0,0,0,63
173712,52,adaptive-prasle,1610,1,0,0,63,0,882,0,1,52,172102,1610,0,64,0,0,0,LEADER,1,0,0,0,0,63
174191,21,adaptive-prasle,2088,1,0,0,63,0,882,0,1,21,172103,2088,0,64,0,0,0,LEADER,1,0,0,0,0,63
174367,29,adaptive-prasle,2265,1,0,0,63,0,882,0,1,29,172102,2265,0,64,0,0,0,LEADER,1,0,0,0,0,63
173943,100,adaptive-prasle,1841,1,0,0,63,0,882,0,1,100,172102,1841,0,64,0,0,0,LEADER,1,0,0,0,0,63
173788,61,adaptive-prasle,1686,1,0,0,63,0,882,0,1,61,172102,1686,0,64,0,0,0,LEADER,1,0,0,0,0,63
174352,91,adaptive-prasle,2250,1,0,0,63,0,882,0,1,91,172102,2250,0,64,0,0,0,LEADER,1,0,0,0,0,63
174312,37,adaptive-prasle,2210,1,0,0,63,0,882,0,1,37,172102,2210,0,64,0,0,0,LEADER,1,0,0,0,0,63
173855,38,adaptive-prasle,1755,1,0,0,63,0,882,0,1,38,172100,1755,0,64,0,0,0,LEADER,1,0,0,0,0,63
174521,98,adaptive-prasle,2419,1,0,0,63,0,882,0,1,98,172102,2419,0,64,0,0,0,LEADER,1,0,0,0,0,63
174381,27,adaptive-prasle,2280,1,0,0,63,0,882,0,1,27,172101,2280,0,64,0,0,0,LEADER,1,0,0,0,0,63
174230,62,adaptive-prasle,2128,1,0,0,63,0,882,0,1,62,172102,2128,0,64,0,0,0,LEADER,1,0,0,0,0,63
174039,56,adaptive-prasle,1937,1,0,0,63,0,882,0,1,56,172102,1937,0,64,0,0,0,LEADER,1,0,0,0,0,63
174426,99,adaptive-prasle,2328,1,0,0,63,0,882,0,1,99,172098,2328,0,64,0,0,0,LEADER,1,0,0,0,0,63
174306,48,adaptive-prasle,2202,1,0,0,63,0,882,0,1,48,172104,2202,0,64,0,0,0,LEADER,1,0,0,0,0,63
173821,71,adaptive-prasle,1719,1,0,0,63,0,882,0,1,71,172102,1719,0,64,0,0,0,LEADER,1,0,0,0,0,63
174046,87,adaptive-prasle,1944,1,0,0,63,0,882,0,1,87,172102,1944,0,64,0,0,0,LEADER,1,0,0,0,0,63
173972,36,adaptive-prasle,1870,1,0,0,63,0,882,0,1,36,172102,1870,0,64,0,0,0,LEADER,1,0,0,0,0,63
174468,77,adaptive-prasle,1446,1,0,0,63,0,882,0,1,77,173022,1446,0,64,0,0,0,LEADER,1,0,0,0,0,63
174661,83,adaptive-prasle,1637,1,0,0,63,0,882,0,1,83,173024,1637,0,64,0,0,0,LEADER,1,0,0,0,0,63
174161,85,adaptive-prasle,2059,1,0,0,63,0,882,0,1,85,172102,2059,0,64,0,0,0,LEADER,1,0,0,0,0,63
174689,19,adaptive-prasle,1667,1,0,0,63,0,882,0,1,19,173022,1667,0,64,0,0,0,LEADER,1,0,0,0,0,63
174844,65,adaptive-prasle,1822,1,0,0,63,0,882,0,1,65,173022,1822,0,64,0,0,0,LEADER,1,0,0,0,0,63
174450,35,adaptive-prasle,1428,1,0,0,63,0,882,0,1,35,173022,1428,0,64,0,0,0,LEADER,1,0,0,0,0,63
174465,86,adaptive-prasle,1443,1,0,0,63,0,882,0,1,86,173022,1443,0,64,0,0,0,LEADER,1,0,0,0,0,63
174508,50,adaptive-prasle,2406,1,0,0,63,0,882,0,1,50,172102,2406,0,64,0,0,0,LEADER,1,0,0,0,0,63
174523,55,adaptive-prasle,1501,1,0,0,63,0,882,0,1,55,173022,1501,0,64,0,0,0,LEADER,1,0,0,0,0,63
174562,63,adaptive-prasle,1540,1,0,0,63,0,882,0,1,63,173022,1540,0,64,0,0,0,LEADER,1,0,0,0,0,63
174926,46,adaptive-prasle,1904,1,0,0,63,0,882,0,1,46,173022,1904,0,64,0,0,0,LEADER,1,0,0,0,0,63
174721,53,adaptive-prasle,1701,1,0,0,63,0,882,0,1,53,173020,1701,0,64,0,0,0,LEADER,1,0,0,0,0,63
174076,23,adaptive-prasle,1974,1,0,0,63,0,882,0,1,23,172102,1974,0,64,0,0,0,LEADER,1,0,0,0,0,63
174944,88,adaptive-prasle,1922,1,0,0,63,0,882,0,1,88,173022,1922,0,64,0,0,0,LEADER,1,0,0,0,0,63
174471,34,adaptive-prasle,1449,1,0,0,63,0,882,0,1,34,173022,1449,0,64,0,0,0,LEADER,1,0,0,0,0,63
174081,97,adaptive-prasle,1977,1,0,0,63,0,882,0,1,97,172104,1977,0,64,0,0,0,LEADER,1,0,0,0,0,63
174199,20,adaptive-prasle,2095,1,0,0,63,0,882,0,1,20,172104,2095,0,64,0,0,0,LEADER,1,0,0,0,0,63
174279,40,adaptive-prasle,2177,1,0,0,63,0,882,0,1,40,172102,2177,0,64,0,0,0,LEADER,1,0,0,0,0,63
174204,47,adaptive-prasle,2100,1,0,0,63,0,882,0,1,47,172104,2100,0,64,0,0,0,LEADER,1,0,0,0,0,63
175114,95,adaptive-prasle,2092,1,0,0,63,0,882,0,1,95,173022,2092,0,64,0,0,0,LEADER,1,0,0,0,0,63
174497,25,adaptive-prasle,2395,1,0,0,63,0,882,0,1,25,172102,2395,0,64,0,0,0,LEADER,1,0,0,0,0,63
175102,84,adaptive-prasle,2080,1,0,0,63,0,882,0,1,84,173022,2080,0,64,0,0,0,LEADER,1,0,0,0,0,63
174379,70,adaptive-prasle,2277,1,0,0,63,0,882,0,1,70,172102,2277,0,64,0,0,0,LEADER,1,0,0,0,0,63
174297,82,adaptive-prasle,2195,1,0,0,63,0,882,0,1,82,172102,2195,0,64,0,0,0,LEADER,1,0,0,0,0,63
174515,67,adaptive-prasle,2413,1,0,0,63,0,882,0,1,67,172102,2413,0,64,0,0,0,LEADER,1,0,0,0,0,63
174467,89,adaptive-prasle,2365,1,0,0,63,0,882,0,1,89,172102,2365,0,64,0,0,0,LEADER,1,0,0,0,0,63
175135,28,adaptive-prasle,2113,1,0,0,63,0,882,0,1,28,173022,2113,0,64,0,0,0,LEADER,1,0,0,0,0,63
174879,68,adaptive-prasle,1855,1,0,0,63,0,882,0,1,68,173024,1855,0,64,0,0,0,LEADER,1,0,0,0,0,63
174830,90,adaptive-prasle,1807,1,0,0,63,0,882,0,1,90,173023,1807,0,64,0,0,0,LEADER,1,0,0,0,0,63
174490,76,adaptive-prasle,1468,1,0,0,63,0,882,0,1,76,173022,1468,0,64,0,0,0,LEADER,1,0,0,0,0,63
175201,12,adaptive-prasle,1578,1,0,0,7,7,98,98,3,12,173623,1578,0,6,0,0,0,LEADER,1,0,0,0,0,7
174811,10,adaptive-prasle,1789,1,0,0,63,0,882,0,1,10,173022,1789,0,64,0,0,0,LEADER,1,0,0,0,0,63
175243,58,adaptive-prasle,2221,1,0,0,63,0,882,0,1,58,173022,2221,0,64,0,0,0,LEADER,1,0,0,0,0,63
174626,73,adaptive-prasle,1604,1,0,0,63,0,882,0,1,73,173022,1604,0,64,0,0,0,LEADER,1,0,0,0,0,63
174367,59,adaptive-prasle,2265,1,0,0,63,0,882,0,1,59,172102,2265,0,64,0,0,0,LEADER,1,0,0,0,0,63
174641,41,adaptive-prasle,1619,1,0,0,63,0,882,0,1,41,173022,1619,0,64,0,0,0,LEADER,1,0,0,0,0,63
174556,96,adaptive-prasle,1534,1,0,0,63,0,882,0,1,96,173022,1534,0,64,0,0,0,LEADER,1,0,0,0,0,63
174857,74,adaptive-prasle,1837,1,0,0,63,0,882,0,1,74,173020,1837,0,64,0,0,0,LEADER,1,0,0,0,0,63
174789,49,adaptive-prasle,1767,1,0,0,63,0,882,0,1,49,173022,1767,0,64,0,0,0,LEADER,1,0,0,0,0,63
175250,92,adaptive-prasle,2228,1,0,0,63,0,882,0,1,92,173022,2228,0,64,0,0,0,LEADER,1,0,0,0,0,63
174458,66,adaptive-prasle,1434,1,0,0,63,0,882,0,1,66,173024,1434,0,64,0,0,0,LEADER,1,0,0,0,0,63
174482,57,adaptive-prasle,2380,1,0,0,63,0,882,0,1,57,172102,2380,0,64,0,0,0,LEADER,1,0,0,0,0,63
175282,78,adaptive-prasle,2260,1,0,0,63,0,882,0,1,78,173022,2260,0,64,0,0,0,LEADER,1,0,0,0,0,63
174448,39,adaptive-prasle,2346,1,0,0,63,0,882,0,1,39,172102,2346,0,64,0,0,0,LEADER,1,0,0,0,0,63
175165,30,adaptive-prasle,2143,1,0,0,63,0,882,0,1,30,173022,2143,0,64,0,0,0,LEADER,1,0,0,0,0,63
174571,64,adaptive-prasle,1549,1,0,0,63,0,882,0,1,64,173022,1549,0,64,0,0,0,LEADER,1,0,0,0,0,63
174796,80,adaptive-prasle,1774,1,0,0,63,0,882,0,1,80,173022,1774,0,64,0,0,0,LEADER,1,0,0,0,0,63
174534,54,adaptive-prasle,1516,1,0,0,63,0,882,0,1,54,173018,1516,0,64,0,0,0,LEADER,1,0,0,0,0,63
175062,43,adaptive-prasle,2040,1,0,0,63,0,882,0,1,43,173022,2040,0,64,0,0,0,LEADER,1,0,0,0,0,63
174982,26,adaptive-prasle,1960,1,0,0,63,0,882,0,1,26,173022,1960,0,64,0,0,0,LEADER,1,0,0,0,0,63
174610,42,adaptive-prasle,1591,1,0,0,63,0,882,0,1,42,173019,1591,0,64,0,0,0,LEADER,1,0,0,0,0,63
174620,31,adaptive-prasle,1598,1,0,0,63,0,882,0,1,31,173022,1598,0,64,0,0,0,LEADER,1,0,0,0,0,63
175377,94,adaptive-prasle,2355,1,0,0,63,0,882,0,1,94,173022,2355,0,64,0,0,0,LEADER,1,0,0,0,0,63
174947,45,adaptive-prasle,1925,1,0,0,63,0,882,0,1,45,173022,1925,0,64,0,0,0,LEADER,1,0,0,0,0,63
175320,60,adaptive-prasle,2298,1,0,0,63,0,882,0,1,60,173022,2298,0,64,0,0,0,LEADER,1,0,0,0,0,63
175426,44,adaptive-prasle,1483,1,0,0,64,0,896,0,1,44,173943,1483,0,65,0,0,0,LEADER,1,0,0,0,0,64
174674,51,adaptive-prasle,1652,1,0,0,63,0,882,0,1,51,173022,1652,0,64,0,0,0,LEADER,1,0,0,0,0,63
175031,33,adaptive-prasle,2007,1,0,0,63,0,882,0,1,33,173024,2007,0,64,0,0,0,LEADER,1,0,0,0,0,63
175474,22,adaptive-prasle,1531,1,0,0,64,0,896,0,1,22,173943,1531,0,65,0,0,0,LEADER,1,0,0,0,0,64
175186,72,adaptive-prasle,2162,1,0,0,63,0,882,0,1,72,173024,2162,0,64,0,0,0,LEADER,1,0,0,0,0,63
174974,24,adaptive-prasle,1952,1,0,0,63,0,882,0,1,24,173022,1952,0,64,0,0,0,LEADER,1,0,0,0,0,63
175506,32,adaptive-prasle,1564,1,0,0,64,0,896,0,1,32,173942,1564,0,65,0,0,0,LEADER,1,0,0,0,0,64
174693,93,adaptive-prasle,1671,1,0,0,63,0,882,0,1,93,173022,1671,0,64,0,0,0,LEADER,1,0,0,0,0,63
175352,79,adaptive-prasle,2331,1,0,0,63,0,882,0,1,79,173021,2331,0,64,0,0,0,LEADER,1,0,0,0,0,63
175367,69,adaptive-prasle,2343,1,0,0,63,0,882,0,1,69,173024,2343,0,64,0,0,0,LEADER,1,0,0,0,0,63
175047,75,adaptive-prasle,2025,1,0,0,63,0,882,0,1,75,173022,2025,0,64,0,0,0,LEADER,1,0,0,0,0,63
174774,81,adaptive-prasle,1752,1,0,0,63,0,882,0,1,81,173022,1752,0,64,0,0,0,LEADER,1,0,0,0,0,63
174632,52,adaptive-prasle,1610,1,0,0,63,0,882,0,1,52,173022,1610,0,64,0,0,0,LEADER,1,0,0,0,0,63
175111,21,adaptive-prasle,2088,1,0,0,63,0,882,0,1,21,173023,2088,0,64,0,0,0,LEADER,1,0,0,0,0,63
175287,29,adaptive-prasle,2265,1,0,0,63,0,882,0,1,29,173022,2265,0,64,0,0,0,LEADER,1,0,0,0,0,63
174863,100,adaptive-prasle,1841,1,0,0,63,0,882,0,1,100,173022,1841,0,64,0,0,0,LEADER,1,0,0,0,0,63
174708,61,adaptive-prasle,1686,1,0,0,63,0,882,0,1,61,173022,1686,0,64,0,0,0,LEADER,1,0,0,0,0,63
175272,91,adaptive-prasle,2250,1,0,0,63,0,882,0,1,91,173022,2250,0,64,0,0,0,LEADER,1,0,0,0,0,63
175232,37,adaptive-prasle,2210,1,0,0,63,0,882,0,1,37,173022,2210,0,64,0,0,0,LEADER,1,0,0,0,0,63
174775,38,adaptive-prasle,1755,1,0,0,63,0,882,0,1,38,173020,1755,0,64,0,0,0,LEADER,1,0,0,0,0,63
175441,98,adaptive-prasle,2419,1,0,0,63,0,882,0,1,98,173022,2419,0,64,0,0,0,LEADER,1,0,0,0,0,63
175301,27,adaptive-prasle,2280,1,0,0,63,0,882,0,1,27,173021,2280,0,64,0,0,0,LEADER,1,0,0,0,0,63
175150,62,adaptive-prasle,2128,1,0,0,63,0,882,0,1,62,173022,2128,0,64,0,0,0,LEADER,1,0,0,0,0,63
174959,56,adaptive-prasle,1937,1,0,0,63,0,882,0,1,56,173022,1937,0,64,0,0,0,LEADER,1,0,0,0,0,63
175346,99,adaptive-prasle,2328,1,0,0,63,0,882,0,1,99,173018,2328,0,64,0,0,0,LEADER,1,0,0,0,0,63
175226,48,adaptive-prasle,2202,1,0,0,63,0,882,0,1,48,173024,2202,0,64,0,0,0,LEADER,1,0,0,0,0,63
174741,71,adaptive-prasle,1719,1,0,0,63,0,882,0,1,71,173022,1719,0,64,0,0,0,LEADER,1,0,0,0,0,63
174966,87,adaptive-prasle,1944,1,0,0,63,0,882,0,1,87,173022,1944,0,64,0,0,0,LEADER,1,0,0,0,0,63
174892,36,adaptive-prasle,1870,1,0,0,63,0,882,0,1,36,173022,1870,0,64,0,0,0,LEADER,1,0,0,0,0,63
175389,77,adaptive-prasle,1446,1,0,0,64,0,896,0,1,77,173943,1446,0,65,0,0,0,LEADER,1,0,0,0,0,64
175582,83,adaptive-prasle,1637,1,0,0,64,0,896,0,1,83,173945,1637,0,65,0,0,0,LEADER,1,0,0,0,0,64
175081,85,adaptive-prasle,2059,1,0,0,63,0,882,0,1,85,173022,2059,0,64,0,0,0,LEADER,1,0,0,0,0,63
175610,19,adaptive-prasle,1667,1,0,0,64,0,896,0,1,19,173943,1667,0,65,0,0,0,LEADER,1,0,0,0,0,64
175765,65,adaptive-prasle,1822,1,0,0,64,0,896,0,1,65,173943,1822,0,65,0,0,0,LEADER,1,0,0,0,0,64
175371,35,adaptive-prasle,1428,1,0,0,64,0,896,0,1,35,173943,1428,0,65,0,0,0,LEADER,1,0,0,0,0,64
175386,86,adaptive-prasle,1443,1,0,0,64,0,896,0,1,86,173943,1443,0,65,0,0,0,LEADER,1,0,0,0,0,64
175428,50,adaptive-prasle,2406,1,0,0,63,0,882,0,1,50,173022,2406,0,64,0,0,0,LEADER,1,0,0,0,0,63
175444,55,adaptive-prasle,1501,1,0,0,64,0,896,0,1,55,173943,1501,0,65,0,0,0,LEADER,1,0,0,0,0,64
175483,63,adaptive-prasle,1540,1,0,0,64,0,896,0,1,63,173943,1540,0,65,0,0,0,LEADER,1,0,0,0,0,64
175847,46,adaptive-prasle,1904,1,0,0,64,0,896,0,1,46,173943,1904,0,65,0,0,0,LEADER,1,0,0,0,0,64
175642,53,adaptive-prasle,1701,1,0,0,64,0,896,0,1,53,173941,1701,0,65,0,0,0,LEADER,1,0,0,0,0,64
174996,23,adaptive-prasle,1974,1,0,0,63,0,882,0,1,23,173022,1974,0,64,0,0,0,LEADER,1,0,0,0,0,63
175865,88,adaptive-prasle,1922,1,0,0,64,0,896,0,1,88,173943,1922,0,65,0,0,0,LEADER,1,0,0,0,0,64
175392,34,adaptive-prasle,1449,1,0,0,64,0,896,0,1,34,173943,1449,0,65,0,0,0,LEADER,1,0,0,0,0,64
175001,97,adaptive-prasle,1977,1,0,0,63,0,882,0,1,97,173024,1977,0,64,0,0,0,LEADER,1,0,0,0,0,63
175119,20,adaptive-prasle,2095,1,0,0,63,0,882,0,1,20,173024,2095,0,64,0,0,0,LEADER,1,0,0,0,0,63
175199,40,adaptive-prasle,2177,1,0,0,63,0,882,0,1,40,173022,2177,0,64,0,0,0,LEADER,1,0,0,0,0,63
175124,47,adaptive-prasle,2100,1,0,0,63,0,882,0,1,47,173024,2100,0,64,0,0,0,LEADER,1,0,0,0,0,63
176035,95,adaptive-prasle,2092,1,0,0,64,0,896,0,1,95,173943,2092,0,65,0,0,0,LEADER,1,0,0,0,0,64
175417,25,adaptive-prasle,2395,1,0,0,63,0,882,0,1,25,173022,2395,0,64,0,0,0,LEADER,1,0,0,0,0,63
176023,84,adaptive-prasle,2080,1,0,0,64,0,896,0,1,84,173943,2080,0,65,0,0,0,LEADER,1,0,0,0,0,64
175299,70,adaptive-prasle,2277,1,0,0,63,0,882,0,1,70,173022,2277,0,64,0,0,0,LEADER,1,0,0,0,0,63
175217,82,adaptive-prasle,2195,1,0,0,63,0,882,0,1,82,173022,2195,0,64,0,0,0,LEADER,1,0,0,0,0,63
175435,67,adaptive-prasle,2413,1,0,0,63,0,882,0,1,67,173022,2413,0,64,0,0,0,LEADER,1,0,0,0,0,63
175387,89,adaptive-prasle,2365,1,0,0,63,0,882,0,1,89,173022,2365,0,64,0,0,0,LEADER,1,0,0,0,0,63
176056,28,adaptive-prasle,2113,1,0,0,64,0,896,0,1,28,173943,2113,0,65,0,0,0,LEADER,1,0,0,0,0,64
175800,68,adaptive-prasle,1855,1,0,0,64,0,896,0,1,68,173945,1855,0,65,0,0,0,LEADER,1,0,0,0,0,64
175751,90,adaptive-prasle,1807,1,0,0,64,0,896,0,1,90,173944,1807,0,65,0,0,0,LEADER,1,0,0,0,0,64
175411,76,adaptive-prasle,1468,1,0,0,64,0,896,0,1,76,173943,1468,0,65,0,0,0,LEADER,1,0,0,0,0,64
175732,10,adaptive-prasle,1789,1,0,0,64,0,896,0,1,10,173943,1789,0,65,0,0,0,LEADER,1,0,0,0,0,64
176164,58,adaptive-prasle,2221,1,0,0,64,0,896,0,1,58,173943,2221,0,65,0,0,0,LEADER,1,0,0,0,0,64
175547,73,adaptive-prasle,1604,1,0,0,64,0,896,0,1,73,173943,1604,0,65,0,0,0,LEADER,1,0,0,0,0,64
175287,59,adaptive-prasle,2265,1,0,0,63,0,882,0,1,59,173022,2265,0,64,0,0,0,LEADER,1,0,0,0,0,63
175562,41,adaptive-prasle,1619,1,0,0,64,0,896,0,1,41,173943,1619,0,65,0,0,0,LEADER,1,0,0,0,0,64
175477,96,adaptive-prasle,1534,1,0,0,64,0,896,0,1,96,173943,1534,0,65,0,0,0,LEADER,1,0,0,0,0,64
175778,74,adaptive-prasle,1837,1,0,0,64,0,896,0,1,74,173941,1837,0,65,0,0,0,LEADER,1,0,0,0,0,64
175710,49,adaptive-prasle,1767,1,0,0,64,0,896,0,1,49,173943,1767,0,65,0,0,0,LEADER,1,0,0,0,0,64
176171,92,adaptive-prasle,2228,1,0,0,64,0,896,0,1,92,173943,2228,0,65,0,0,0,LEADER,1,0,0,0,0,64
175379,66,adaptive-prasle,1434,1,0,0,64,0,896,0,1,66,173945,1434,0,65,0,0,0,LEADER,1,0,0,0,0,64
175402,57,adaptive-prasle,2380,1,0,0,63,0,882,0,1,57,173022,2380,0,64,0,0,0,LEADER,1,0,0,0,0,63
176203,78,adaptive-prasle,2260,1,0,0,64,0,896,0,1,78,173943,2260,0,65,0,0,0,LEADER,1,0,0,0,0,64
175368,39,adaptive-prasle,2346,1,0,0,63,0,882,0,1,39,173022,2346,0,64,0,0,0,LEADER,1,0,0,0,0,63
176086,30,adaptive-prasle,2143,1,0,0,64,0,896,0,1,30,173943,2143,0,65,0,0,0,LEADER,1,0,0,0,0,64
175492,64,adaptive-prasle,1549,1,0,0,64,0,896,0,1,64,173943,1549,0,65,0,0,0,LEADER,1,0,0,0,0,64
175717,80,adaptive-prasle,1774,1,0,0,64,0,896,0,1,80,173943,1774,0,65,0,0,0,LEADER,1,0,0,0,0,64
175455,54,adaptive-prasle,1516,1,0,0,64,0,896,0,1,54,173939,1516,0,65,0,0,0,LEADER,1,0,0,0,0,64
175983,43,adaptive-prasle,2040,1,0,0,64,0,896,0,1,43,173943,2040,0,65,0,0,0,LEADER,1,0,0,0,0,64
175903,26,adaptive-prasle,1960,1,0,0,64,0,896,0,1,26,173943,1960,0,65,0,0,0,LEADER,1,0,0,0,0,64
175531,42,adaptive-prasle,1591,1,0,0,64,0,896,0,1,42,173940,1591,0,65,0,0,0,LEADER,1,0,0,0,0,64
175541,31,adaptive-prasle,1598,1,0,0,64,0,896,0,1,31,173943,1598,0,65,0,0,0,LEADER,1,0,0,0,0,64
176298,94,adaptive-prasle,2355,1,0,0,64,0,896,0,1,94,173943,2355,0,65,0,0,0,LEADER,1,0,0,0,0,64
175868,45,adaptive-prasle,1925,1,0,0,64,0,896,0,1,45,173943,1925,0,65,0,0,0,LEADER,1,0,0,0,0,64
176241,60,adaptive-prasle,2298,1,0,0,64,0,896,0,1,60,173943,2298,0,65,0,0,0,LEADER,1,0,0,0,0,64
176346,44,adaptive-prasle,1483,1,0,0,64,0,896,0,1,44,174863,1483,0,65,0,0,0,LEADER,1,0,0,0,0,64
175595,51,adaptive-prasle,1652,1,0,0,64,0,896,0,1,51,173943,1652,0,65,0,0,0,LEADER,1,0,0,0,0,64
176394,22,adaptive-prasle,1531,1,0,0,64,0,896,0,1,22,174863,1531,0,65,0,0,0,LEADER,1,0,0,0,0,64
175952,33,adaptive-prasle,2007,1,0,0,64,0,896,0,1,33,173945,2007,0,65,0,0,0,LEADER,1,0,0,0,0,64
176107,72,adaptive-prasle,2162,1,0,0,64,0,896,0,1,72,173945,2162,0,65,0,0,0,LEADER,1,0,0,0,0,64
175895,24,adaptive-prasle,1952,1,0,0,64,0,896,0,1,24,173943,1952,0,65,0,0,0,LEADER,1,0,0,0,0,64
176426,32,adaptive-prasle,1564,1,0,0,64,0,896,0,1,32,174862,1564,0,65,0,0,0,LEADER,1,0,0,0,0,64
175614,93,adaptive-prasle,1671,1,0,0,64,0,896,0,1,93,173943,1671,0,65,0,0,0,LEADER,1,0,0,0,0,64
176288,69,adaptive-prasle,2343,1,0,0,64,0,896,0,1,69,173945,2343,0,65,0,0,0,LEADER,1,0,0,0,0,64
176273,79,adaptive-prasle,2331,1,0,0,64,0,896,0,1,79,173942,2331,0,65,0,0,0,LEADER,1,0,0,0,0,64
175968,75,adaptive-prasle,2025,1,0,0,64,0,896,0,1,75,173943,2025,0,65,0,0,0,LEADER,1,0,0,0,0,64
175695,81,adaptive-prasle,1752,1,0,0,64,0,896,0,1,81,173943,1752,0,65,0,0,0,LEADER,1,0,0,0,0,64
175553,52,adaptive-prasle,1610,1,0,0,64,0,896,0,1,52,173943,1610,0,65,0,0,0,LEADER,1,0,0,0,0,64
176208,29,adaptive-prasle,2265,1,0,0,64,0,896,0,1,29,173943,2265,0,65,0,0,0,LEADER,1,0,0,0,0,64
176032,21,adaptive-prasle,2088,1,0,0,64,0,896,0,1,21,173944,2088,0,65,0,0,0,LEADER,1,0,0,0,0,64
175784,100,adaptive-prasle,1841,1,0,0,64,0,896,0,1,100,173943,1841,0,65,0,0,0,LEADER,1,0,0,0,0,64
175629,61,adaptive-prasle,1686,1,0,0,64,0,896,0,1,61,173943,1686,0,65,0,0,0,LEADER,1,0,0,0,0,64
176193,91,adaptive-prasle,2250,1,0,0,64,0,896,0,1,91,173943,2250,0,65,0,0,0,LEADER,1,0,0,0,0,64
176153,37,adaptive-prasle,2210,1,0,0,64,0,896,0,1,37,173943,2210,0,65,0,0,0,LEADER,1,0,0,0,0,64
175696,38,adaptive-prasle,1755,1,0,0,64,0,896,0,1,38,173941,1755,0,65,0,0,0,LEADER,1,0,0,0,0,64
176362,98,adaptive-prasle,2419,1,0,0,64,0,896,0,1,98,173943,2419,0,65,0,0,0,LEADER,1,0,0,0,0,64
176222,27,adaptive-prasle,2280,1,0,0,64,0,896,0,1,27,173942,2280,0,65,0,0,0,LEADER,1,0,0,0,0,64
176071,62,adaptive-prasle,2128,1,0,0,64,0,896,0,1,62,173943,2128,0,65,0,0,0,LEADER,1,0,0,0,0,64
175880,56,adaptive-prasle,1937,1,0,0,64,0,896,0,1,56,173943,1937,0,65,0,0,0,LEADER,1,0,0,0,0,64
176267,99,adaptive-prasle,2328,1,0,0,64,0,896,0,1,99,173939,2328,0,65,0,0,0,LEADER,1,0,0,0,0,64
176147,48,adaptive-prasle,2202,1,0,0,64,0,896,0,1,48,173945,2202,0,65,0,0,0,LEADER,1,0,0,0,0,64
175662,71,adaptive-prasle,1719,1,0,0,64,0,896,0,1,71,173943,1719,0,65,0,0,0,LEADER,1,0,0,0,0,64
175887,87,adaptive-prasle,1944,1,0,0,64,0,896,0,1,87,173943,1944,0,65,0,0,0,LEADER,1,0,0,0,0,64
175813,36,adaptive-prasle,1870,1,0,0,64,0,896,0,1,36,173943,1870,0,65,0,0,0,LEADER,1,0,0,0,0,64
176309,77,adaptive-prasle,1446,1,0,0,64,0,896,0,1,77,174863,1446,0,65,0,0,0,LEADER,1,0,0,0,0,64
176502,83,adaptive-prasle,1637,1,0,0,64,0,896,0,1,83,174865,1637,0,65,0,0,0,LEADER,1,0,0,0,0,64
176002,85,adaptive-prasle,2059,1,0,0,64,0,896,0,1,85,173943,2059,0,65,0,0,0,LEADER,1,0,0,0,0,64
176530,19,adaptive-prasle,1667,1,0,0,64,0,896,0,1,19,174863,1667,0,65,0,0,0,LEADER,1,0,0,0,0,64
176685,65,adaptive-prasle,1822,1,0,0,64,0,896,0,1,65,174863,1822,0,65,0,0,0,LEADER,1,0,0,0,0,64
176291,35,adaptive-prasle,1428,1,0,0,64,0,896,0,1,35,174863,1428,0,65,0,0,0,LEADER,1,0,0,0,0,64
176306,86,adaptive-prasle,1443,1,0,0,64,0,896,0,1,86,174863,1443,0,65,0,0,0,LEADER,1,0,0,0,0,64
176349,50,adaptive-prasle,2406,1,0,0,64,0,896,0,1,50,173943,2406,0,65,0,0,0,LEADER,1,0,0,0,0,64
176322,17,adaptive-prasle,1782,1,0,0,16,14,224,196,3,17,174540,1782,0,6,0,0,0,LEADER,1,0,0,0,0,16
176675,18,adaptive-prasle,2226,1,0,0,19,15,266,210,3,18,174449,2226,0,6,0,0,0,LEADER,1,0,0,0,0,19
176364,55,adaptive-prasle,1501,1,0,0,64,0,896,0,1,55,174863,1501,0,65,0,0,0,LEADER,1,0,0,0,0,64
176403,63,adaptive-prasle,1540,1,0,0,64,0,896,0,1,63,174863,1540,0,65,0,0,0,LEADER,1,0,0,0,0,64
176767,46,adaptive-prasle,1904,1,0,0,64,0,896,0,1,46,174863,1904,0,65,0,0,0,LEADER,1,0,0,0,0,64
176562,53,adaptive-prasle,1701,1,0,0,64,0,896,0,1,53,174861,1701,0,65,0,0,0,LEADER,1,0,0,0,0,64
175917,23,adaptive-prasle,1974,1,0,0,64,0,896,0,1,23,173943,1974,0,65,0,0,0,LEADER,1,0,0,0,0,64
176785,88,adaptive-prasle,1922,1,0,0,64,0,896,0,1,88,174863,1922,0,65,0,0,0,LEADER,1,0,0,0,0,64
176312,34,adaptive-prasle,1449,1,0,0,64,0,896,0,1,34,174863,1449,0,65,0,0,0,LEADER,1,0,0,0,0,64
175922,97,adaptive-prasle,1977,1,0,0,64,0,896,0,1,97,173945,1977,0,65,0,0,0,LEADER,1,0,0,0,0,64
176040,20,adaptive-prasle,2095,1,0,0,64,0,896,0,1,20,173945,2095,0,65,0,0,0,LEADER,1,0,0,0,0,64
176120,40,adaptive-prasle,2177,1,0,0,64,0,896,0,1,40,173943,2177,0,65,0,0,0,LEADER,1,0,0,0,0,64
176045,47,adaptive-prasle,2100,1,0,0,64,0,896,0,1,47,173945,2100,0,65,0,0,0,LEADER,1,0,0,0,0,64
176955,95,adaptive-prasle,2092,1,0,0,64,0,896,0,1,95,174863,2092,0,65,0,0,0,LEADER,1,0,0,0,0,64
176338,25,adaptive-prasle,2395,1,0,0,64,0,896,0,1,25,173943,2395,0,65,0,0,0,LEADER,1,0,0,0,0,64
176943,84,adaptive-prasle,2080,1,0,0,64,0,896,0,1,84,174863,2080,0,65,0,0,0,LEADER,1,0,0,0,0,64
176220,70,adaptive-prasle,2277,1,0,0,64,0,896,0,1,70,173943,2277,0,65,0,0,0,LEADER,1,0,0,0,0,64
176138,82,adaptive-prasle,2195,1,0,0,64,0,896,0,1,82,173943,2195,0,65,0,0,0,LEADER,1,0,0,0,0,64
176702,5,adaptive-prasle,2338,1,0,0,11,24,154,336,6,3,174364,2338,0,8,0,0,0,NORMAL,0,0,0,0,0,11
176356,67,adaptive-prasle,2413,1,0,0,64,0,896,0,1,67,173943,2413,0,65,0,0,0,LEADER,1,0,0,0,0,64
176308,89,adaptive-prasle,2365,1,0,0,64,0,896,0,1,89,173943,2365,0,65,0,0,0,LEADER,1,0,0,0,0,64
176976,28,adaptive-prasle,2113,1,0,0,64,0,896,0,1,28,174863,2113,0,65,0,0,0,LEADER,1,0,0,0,0,64
176720,68,adaptive-prasle,1855,1,0,0,64,0,896,0,1,68,174865,1855,0,65,0,0,0,LEADER,1,0,0,0,0,64
176671,90,adaptive-prasle,1807,1,0,0,64,0,896,0,1,90,174864,1807,0,65,0,0,0,LEADER,1,0,0,0,0,64
176331,76,adaptive-prasle,1468,1,0,0,64,0,896,0,1,76,174863,1468,0,65,0,0,0,LEADER,1,0,0,0,0,64
176652,10,adaptive-prasle,1789,1,0,0,64,0,896,0,1,10,174863,1789,0,65,0,0,0,LEADER,1,0,0,0,0,64
177084,58,adaptive-prasle,2221,1,0,0,64,0,896,0,1,58,174863,2221,0,65,0,0,0,LEADER,1,0,0,0,0,64
176467,73,adaptive-prasle,1604,1,0,0,64,0,896,0,1,73,174863,1604,0,65,0,0,0,LEADER,1,0,0,0,0,64
176208,59,adaptive-prasle,2265,1,0,0,64,0,896,0,1,59,173943,2265,0,65,0,0,0,LEADER,1,0,0,0,0,64
176482,41,adaptive-prasle,1619,1,0,0,64,0,896,0,1,41,174863,1619,0,65,0,0,0,LEADER,1,0,0,0,0,64
176397,96,adaptive-prasle,1534,1,0,0,64,0,896,0,1,96,174863,1534,0,65,0,0,0,LEADER,1,0,0,0,0,64
176630,49,adaptive-prasle,1767,1,0,0,64,0,896,0,1,49,174863,1767,0,65,0,0,0,LEADER,1,0,0,0,0,64
176698,74,adaptive-prasle,1837,1,0,0,64,0,896,0,1,74,174861,1837,0,65,0,0,0,LEADER,1,0,0,0,0,64
177091,92,adaptive-prasle,2228,1,0,0,64,0,896,0,1,92,174863,2228,0,65,0,0,0,LEADER,1,0,0,0,0,64
176299,66,adaptive-prasle,1434,1,0,0,64,0,896,0,1,66,174865,1434,0,65,0,0,0,LEADER,1,0,0,0,0,64
176323,57,adaptive-prasle,2380,1,0,0,64,0,896,0,1,57,173943,2380,0,65,0,0,0,LEADER,1,0,0,0,0,64
177123,78,adaptive-prasle,2260,1,0,0,64,0,896,0,1,78,174863,2260,0,65,0,0,0,LEADER,1,0,0,0,0,64
176289,39,adaptive-prasle,2346,1,0,0,64,0,896,0,1,39,173943,2346,0,65,0,0,0,LEADER,1,0,0,0,0,64
177006,30,adaptive-prasle,2143,1,0,0,64,0,896,0,1,30,174863,2143,0,65,0,0,0,LEADER,1,0,0,0,0,64
176412,64,adaptive-prasle,1549,1,0,0,64,0,896,0,1,64,174863,1549,0,65,0,0,0,LEADER,1,0,0,0,0,64
176637,80,adaptive-prasle,1774,1,0,0,64,0,896,0,1,80,174863,1774,0,65,0,0,0,LEADER,1,0,0,0,0,64
176375,54,adaptive-prasle,1516,1,0,0,64,0,896,0,1,54,174859,1516,0,65,0,0,0,LEADER,1,0,0,0,0,64
176903,43,adaptive-prasle,2040,1,0,0,64,0,896,0,1,43,174863,2040,0,65,0,0,0,LEADER,1,0,0,0,0,64
176823,26,adaptive-prasle,1960,1,0,0,64,0,896,0,1,26,174863,1960,0,65,0,0,0,LEADER,1,0,0,0,0,64
176451,42,adaptive-prasle,1591,1,0,0,64,0,896,0,1,42,174860,1591,0,65,0,0,0,LEADER,1,0,0,0,0,64
176461,31,adaptive-prasle,1598,1,0,0,64,0,896,0,1,31,174863,1598,0,65,0,0,0,LEADER,1,0,0,0,0,64
177218,94,adaptive-prasle,2355,1,0,0,64,0,896,0,1,94,174863,2355,0,65,0,0,0,LEADER,1,0,0,0,0,64
176788,45,adaptive-prasle,1925,1,0,0,64,0,896,0,1,45,174863,1925,0,65,0,0,0,LEADER,1,0,0,0,0,64
177161,60,adaptive-prasle,2298,1,0,0,64,0,896,0,1,60,174863,2298,0,65,0,0,0,LEADER,1,0,0,0,0,64
177266,44,adaptive-prasle,1483,1,0,0,64,0,896,0,1,44,175783,1483,0,65,0,0,0,LEADER,1,0,0,0,0,64
176515,51,adaptive-prasle,1652,1,0,0,64,0,896,0,1,51,174863,1652,0,65,0,0,0,LEADER,1,0,0,0,0,64
177314,22,adaptive-prasle,1531,1,0,0,64,0,896,0,1,22,175783,1531,0,65,0,0,0,LEADER,1,0,0,0,0,64
176872,33,adaptive-prasle,2007,1,0,0,64,0,896,0,1,33,174865,2007,0,65,0,0,0,LEADER,1,0,0,0,0,64
177027,72,adaptive-prasle,2162,1,0,0,64,0,896,0,1,72,174865,2162,0,65,0,0,0,LEADER,1,0,0,0,0,64
176815,24,adaptive-prasle,1952,1,0,0,64,0,896,0,1,24,174863,1952,0,65,0,0,0,LEADER,1,0,0,0,0,64
177346,32,adaptive-prasle,1564,1,0,0,64,0,896,0,1,32,175782,1564,0,65,0,0,0,LEADER,1,0,0,0,0,64
176534,93,adaptive-prasle,1671,1,0,0,64,0,896,0,1,93,174863,1671,0,65,0,0,0,LEADER,1,0,0,0,0,64
177208,69,adaptive-prasle,2343,1,0,0,64,0,896,0,1,69,174865,2343,0,65,0,0,0,LEADER,1,0,0,0,0,64
177193,79,adaptive-prasle,2331,1,0,0,64,0,896,0,1,79,174862,2331,0,65,0,0,0,LEADER,1,0,0,0,0,64
176888,75,adaptive-prasle,2025,1,0,0,64,0,896,0,1,75,174863,2025,0,65,0,0,0,LEADER,1,0,0,0,0,64
176615,81,adaptive-prasle,1752,1,0,0,64,0,896,0,1,81,174863,1752,0,65,0,0,0,LEADER,1,0,0,0,0,64
176473,52,adaptive-prasle,1610,1,0,0,64,0,896,0,1,52,174863,1610,0,65,0,0,0,LEADER,1,0,0,0,0,64
176952,21,adaptive-prasle,2088,1,0,0,64,0,896,0,1,21,174864,2088,0,65,0,0,0,LEADER,1,0,0,0,0,64
177128,29,adaptive-prasle,2265,1,0,0,64,0,896,0,1,29,174863,2265,0,65,0,0,0,LEADER,1,0,0,0,0,64
176704,100,adaptive-prasle,1841,1,0,0,64,0,896,0,1,100,174863,1841,0,65,0,0,0,LEADER,1,0,0,0,0,64
176549,61,adaptive-prasle,1686,1,0,0,64,0,896,0,1,61,174863,1686,0,65,0,0,0,LEADER,1,0,0,0,0,64
177113,91,adaptive-prasle,2250,1,0,0,64,0,896,0,1,91,174863,2250,0,65,0,0,0,LEADER,1,0,0,0,0,64
177073,37,adaptive-prasle,2210,1,0,0,64,0,896,0,1,37,174863,2210,0,65,0,0,0,LEADER,1,0,0,0,0,64
176616,38,adaptive-prasle,1755,1,0,0,64,0,896,0,1,38,174861,1755,0,65,0,0,0,LEADER,1,0,0,0,0,64
177282,98,adaptive-prasle,2419,1,0,0,64,0,896,0,1,98,174863,2419,0,65,0,0,0,LEADER,1,0,0,0,0,64
177142,27,adaptive-prasle,2280,1,0,0,64,0,896,0,1,27,174862,2280,0,65,0,0,0,LEADER,1,0,0,0,0,64
176991,62,adaptive-prasle,2128,1,0,0,64,0,896,0,1,62,174863,2128,0,65,0,0,0,LEADER,1,0,0,0,0,64
176800,56,adaptive-prasle,1937,1,0,0,64,0,896,0,1,56,174863,1937,0,65,0,0,0,LEADER,1,0,0,0,0,64
177187,99,adaptive-prasle,2328,1,0,0,64,0,896,0,1,99,174859,2328,0,65,0,0,0,LEADER,1,0,0,0,0,64
177067,48,adaptive-prasle,2202,1,0,0,64,0,896,0,1,48,174865,2202,0,65,0,0,0,LEADER,1,0,0,0,0,64
176582,71,adaptive-prasle,1719,1,0,0,64,0,896,0,1,71,174863,1719,0,65,0,0,0,LEADER,1,0,0,0,0,64
176807,87,adaptive-prasle,1944,1,0,0,64,0,896,0,1,87,174863,1944,0,65,0,0,0,LEADER,1,0,0,0,0,64
176733,36,adaptive-prasle,1870,1,0,0,64,0,896,0,1,36,174863,1870,0,65,0,0,0,LEADER,1,0,0,0,0,64
177229,77,adaptive-prasle,1446,1,0,0,64,0,896,0,1,77,175783,1446,0,65,0,0,0,LEADER,1,0,0,0,0,64
177422,83,adaptive-prasle,1637,1,0,0,64,0,896,0,1,83,175785,1637,0,65,0,0,0,LEADER,1,0,0,0,0,64
176922,85,adaptive-prasle,2059,1,0,0,64,0,896,0,1,85,174863,2059,0,65,0,0,0,LEADER,1,0,0,0,0,64
177450,19,adaptive-prasle,1667,1,0,0,64,0,896,0,1,19,175783,1667,0,65,0,0,0,LEADER,1,0,0,0,0,64
177605,65,adaptive-prasle,1822,1,0,0,64,0,896,0,1,65,175783,1822,0,65,0,0,0,LEADER,1,0,0,0,0,64
177211,35,adaptive-prasle,1428,1,0,0,64,0,896,0,1,35,175783,1428,0,65,0,0,0,LEADER,1,0,0,0,0,64
177226,86,adaptive-prasle,1443,1,0,0,64,0,896,0,1,86,175783,1443,0,65,0,0,0,LEADER,1,0,0,0,0,64
177269,50,adaptive-prasle,2406,1,0,0,64,0,896,0,1,50,174863,2406,0,65,0,0,0,LEADER,1,0,0,0,0,64
177284,55,adaptive-prasle,1501,1,0,0,64,0,896,0,1,55,175783,1501,0,65,0,0,0,LEADER,1,0,0,0,0,64
177323,63,adaptive-prasle,1540,1,0,0,64,0,896,0,1,63,175783,1540,0,65,0,0,0,LEADER,1,0,0,0,0,64
177687,46,adaptive-prasle,1904,1,0,0,64,0,896,0,1,46,175783,1904,0,65,0,0,0,LEADER,1,0,0,0,0,64
177482,53,adaptive-prasle,1701,1,0,0,64,0,896,0,1,53,175781,1701,0,65,0,0,0,LEADER,1,0,0,0,0,64
176837,23,adaptive-prasle,1974,1,0,0,64,0,896,0,1,23,174863,1974,0,65,0,0,0,LEADER,1,0,0,0,0,64
177705,88,adaptive-prasle,1922,1,0,0,64,0,896,0,1,88,175783,1922,0,65,0,0,0,LEADER,1,0,0,0,0,64
177232,34,adaptive-prasle,1449,1,0,0,64,0,896,0,1,34,175783,1449,0,65,0,0,0,LEADER,1,0,0,0,0,64
176842,97,adaptive-prasle,1977,1,0,0,64,0,896,0,1,97,174865,1977,0,65,0,0,0,LEADER,1,0,0,0,0,64
176960,20,adaptive-prasle,2095,1,0,0,64,0,896,0,1,20,174865,2095,0,65,0,0,0,LEADER,1,0,0,0,0,64
177040,40,adaptive-prasle,2177,1,0,0,64,0,896,0,1,40,174863,2177,0,65,0,0,0,LEADER,1,0,0,0,0,64
176965,47,adaptive-prasle,2100,1,0,0,64,0,896,0,1,47,174865,2100,0,65,0,0,0,LEADER,1,0,0,0,0,64
177875,95,adaptive-prasle,2092,1,0,0,64,0,896,0,1,95,175783,2092,0,65,0,0,0,LEADER,1,0,0,0,0,64
177258,25,adaptive-prasle,2395,1,0,0,64,0,896,0,1,25,174863,2395,0,65,0,0,0,LEADER,1,0,0,0,0,64
177863,84,adaptive-prasle,2080,1,0,0,64,0,896,0,1,84,175783,2080,0,65,0,0,0,LEADER,1,0,0,0,0,64
177140,70,adaptive-prasle,2277,1,0,0,64,0,896,0,1,70,174863,2277,0,65,0,0,0,LEADER,1,0,0,0,0,64
177058,82,adaptive-prasle,2195,1,0,0,64,0,896,0,1,82,174863,2195,0,65,0,0,0,LEADER,1,0,0,0,0,64
177276,67,adaptive-prasle,2413,1,0,0,64,0,896,0,1,67,174863,2413,0,65,0,0,0,LEADER,1,0,0,0,0,64
177228,89,adaptive-prasle,2365,1,0,0,64,0,896,0,1,89,174863,2365,0,65,0,0,0,LEADER,1,0,0,0,0,64
177896,28,adaptive-prasle,2113,1,0,0,64,0,896,0,1,28,175783,2113,0,65,0,0,0,LEADER,1,0,0,0,0,64
177640,68,adaptive-prasle,1855,1,0,0,64,0,896,0,1,68,175785,1855,0,65,0,0,0,LEADER,1,0,0,0,0,64
177591,90,adaptive-prasle,1807,1,0,0,64,0,896,0,1,90,175784,1807,0,65,0,0,0,LEADER,1,0,0,0,0,64
177251,76,adaptive-prasle,1468,1,0,0,64,0,896,0,1,76,175783,1468,0,65,0,0,0,LEADER,1,0,0,0,0,64
177572,10,adaptive-prasle,1789,1,0,0,64,0,896,0,1,10,175783,1789,0,65,0,0,0,LEADER,1,0,0,0,0,64
178004,58,adaptive-prasle,2221,1,0,0,64,0,896,0,1,58,175783,2221,0,65,0,0,0,LEADER,1,0,0,0,0,64
177387,73,adaptive-prasle,1604,1,0,0,64,0,896,0,1,73,175783,1604,0,65,0,0,0,LEADER,1,0,0,0,0,64
177128,59,adaptive-prasle,2265,1,0,0,64,0,896,0,1,59,174863,2265,0,65,0,0,0,LEADER,1,0,0,0,0,64
177402,41,adaptive-prasle,1619,1,0,0,64,0,896,0,1,41,175783,1619,0,65,0,0,0,LEADER,1,0,0,0,0,64
177317,96,adaptive-prasle,1534,1,0,0,64,0,896,0,1,96,175783,1534,0,65,0,0,0,LEADER,1,0,0,0,0,64
177550,49,adaptive-prasle,1767,1,0,0,64,0,896,0,1,49,175783,1767,0,65,0,0,0,LEADER,1,0,0,0,0,64
177618,74,adaptive-prasle,1837,1,0,0,64,0,896,0,1,74,175781,1837,0,65,0,0,0,LEADER,1,0,0,0,0,64
178011,92,adaptive-prasle,2228,1,0,0,64,0,896,0,1,92,175783,2228,0,65,0,0,0,LEADER,1,0,0,0,0,64
177219,66,adaptive-prasle,1434,1,0,0,64,0,896,0,1,66,175785,1434,0,65,0,0,0,LEADER,1,0,0,0,0,64
177243,57,adaptive-prasle,2380,1,0,0,64,0,896,0,1,57,174863,2380,0,65,0,0,0,LEADER,1,0,0,0,0,64
178043,78,adaptive-prasle,2260,1,0,0,64,0,896,0,1,78,175783,2260,0,65,0,0,0,LEADER,1,0,0,0,0,64
177209,39,adaptive-prasle,2346,1,0,0,64,0,896,0,1,39,174863,2346,0,65,0,0,0,LEADER,1,0,0,0,0,64
177926,30,adaptive-prasle,2143,1,0,0,64,0,896,0,1,30,175783,2143,0,65,0,0,0,LEADER,1,0,0,0,0,64
177332,64,adaptive-prasle,1549,1,0,0,64,0,896,0,1,64,175783,1549,0,65,0,0,0,LEADER,1,0,0,0,0,64
177557,80,adaptive-prasle,1774,1,0,0,64,0,896,0,1,80,175783,1774,0,65,0,0,0,LEADER,1,0,0,0,0,64
177295,54,adaptive-prasle,1516,1,0,0,64,0,896,0,1,54,175779,1516,0,65,0,0,0,LEADER,1,0,0,0,0,64
177823,43,adaptive-prasle,2040,1,0,0,64,0,896,0,1,43,175783,2040,0,65,0,0,0,LEADER,1,0,0,0,0,64
177743,26,adaptive-prasle,1960,1,0,0,64,0,896,0,1,26,175783,1960,0,65,0,0,0,LEADER,1,0,0,0,0,64
177372,42,adaptive-prasle,1591,1,0,0,64,0,896,0,1,42,175781,1591,0,65,0,0,0,LEADER,1,0,0,0,0,64
177381,31,adaptive-prasle,1598,1,0,0,64,0,896,0,1,31,175783,1598,0,65,0,0,0,LEADER,1,0,0,0,0,64
178138,94,adaptive-prasle,2355,1,0,0,64,0,896,0,1,94,175783,2355,0,65,0,0,0,LEADER,1,0,0,0,0,64
177708,45,adaptive-prasle,1925,1,0,0,64,0,896,0,1,45,175783,1925,0,65,0,0,0,LEADER,1,0,0,0,0,64
178081,60,adaptive-prasle,2298,1,0,0,64,0,896,0,1,60,175783,2298,0,65,0,0,0,LEADER,1,0,0,0,0,64
178187,44,adaptive-prasle,1483,1,0,0,65,0,910,0,1,44,176704,1483,0,66,0,0,0,LEADER,1,0,0,0,0,65
177435,51,adaptive-prasle,1652,1,0,0,64,0,896,0,1,51,175783,1652,0,65,0,0,0,LEADER,1,0,0,0,0,64
177792,33,adaptive-prasle,2007,1,0,0,64,0,896,0,1,33,175785,2007,0,65,0,0,0,LEADER,1,0,0,0,0,64
178235,22,adaptive-prasle,1531,1,0,0,65,0,910,0,1,22,176704,1531,0,66,0,0,0,LEADER,1,0,0,0,0,65
177947,72,adaptive-prasle,2162,1,0,0,64,0,896,0,1,72,175785,2162,0,65,0,0,0,LEADER,1,0,0,0,0,64
177735,24,adaptive-prasle,1952,1,0,0,64,0,896,0,1,24,175783,1952,0,65,0,0,0,LEADER,1,0,0,0,0,64
178267,32,adaptive-prasle,1564,1,0,0,65,0,910,0,1,32,176703,1564,0,66,0,0,0,LEADER,1,0,0,0,0,65
177454,93,adaptive-prasle,1671,1,0,0,64,0,896,0,1,93,175783,1671,0,65,0,0,0,LEADER,1,0,0,0,0,64
178113,79,adaptive-prasle,2331,1,0,0,64,0,896,0,1,79,175782,2331,0,65,0,0,0,LEADER,1,0,0,0,0,64
178128,69,adaptive-prasle,2343,1,0,0,64,0,896,0,1,69,175785,2343,0,65,0,0,0,LEADER,1,0,0,0,0,64
177808,75,adaptive-prasle,2025,1,0,0,64,0,896,0,1,75,175783,2025,0,65,0,0,0,LEADER,1,0,0,0,0,64
177535,81,adaptive-prasle,1752,1,0,0,64,0,896,0,1,81,175783,1752,0,65,0,0,0,LEADER,1,0,0,0,0,64
177393,52,adaptive-prasle,1610,1,0,0,64,0,896,0,1,52,175783,1610,0,65,0,0,0,LEADER,1,0,0,0,0,64
177872,21,adaptive-prasle,2088,1,0,0,64,0,896,0,1,21,175784,2088,0,65,0,0,0,LEADER,1,0,0,0,0,64
178048,29,adaptive-prasle,2265,1,0,0,64,0,896,0,1,29,175783,2265,0,65,0,0,0,LEADER,1,0,0,0,0,64
177624,100,adaptive-prasle,1841,1,0,0,64,0,896,0,1,100,175783,1841,0,65,0,0,0,LEADER,1,0,0,0,0,64
177469,61,adaptive-prasle,1686,1,0,0,64,0,896,0,1,61,175783,1686,0,65,0,0,0,LEADER,1,0,0,0,0,64
178033,91,adaptive-prasle,2250,1,0,0,64,0,896,0,1,91,175783,2250,0,65,0,0,0,LEADER,1,0,0,0,0,64
177993,37,adaptive-prasle,2210,1,0,0,64,0,896,0,1,37,175783,2210,0,65,0,0,0,LEADER,1,0,0,0,0,64
177536,38,adaptive-prasle,1755,1,0,0,64,0,896,0,1,38,175781,1755,0,65,0,0,0,LEADER,1,0,0,0,0,64
178202,98,adaptive-prasle,2419,1,0,0,64,0,896,0,1,98,175783,2419,0,65,0,0,0,LEADER,1,0,0,0,0,64
178062,27,adaptive-prasle,2280,1,0,0,64,0,896,0,1,27,175782,2280,0,65,0,0,0,LEADER,1,0,0,0,0,64
177911,62,adaptive-prasle,2128,1,0,0,64,0,896,0,1,62,175783,2128,0,65,0,0,0,LEADER,1,0,0,0,0,64
177720,56,adaptive-prasle,1937,1,0,0,64,0,896,0,1,56,175783,1937,0,65,0,0,0,LEADER,1,0,0,0,0,64
178107,99,adaptive-prasle,2328,1,0,0,64,0,896,0,1,99,175779,2328,0,65,0,0,0,LEADER,1,0,0,0,0,64
177987,48,adaptive-prasle,2202,1,0,0,64,0,896,0,1,48,175785,2202,0,65,0,0,0,LEADER,1,0,0,0,0,64
177502,71,adaptive-prasle,1719,1,0,0,64,0,896,0,1,71,175783,1719,0,65,0,0,0,LEADER,1,0,0,0,0,64
177727,87,adaptive-prasle,1944,1,0,0,64,0,896,0,1,87,175783,1944,0,65,0,0,0,LEADER,1,0,0,0,0,64
177653,36,adaptive-prasle,1870,1,0,0,64,0,896,0,1,36,175783,1870,0,65,0,0,0,LEADER,1,0,0,0,0,64
178150,77,adaptive-prasle,1446,1,0,0,65,0,910,0,1,77,176704,1446,0,66,0,0,0,LEADER,1,0,0,0,0,65
178343,83,adaptive-prasle,1637,1,0,0,65,0,910,0,1,83,176706,1637,0,66,0,0,0,LEADER,1,0,0,0,0,65
177842,85,adaptive-prasle,2059,1,0,0,64,0,896,0,1,85,175783,2059,0,65,0,0,0,LEADER,1,0,0,0,0,64
178371,19,adaptive-prasle,1667,1,0,0,65,0,910,0,1,19,176704,1667,0,66,0,0,0,LEADER,1,0,0,0,0,65
178526,65,adaptive-prasle,1822,1,0,0,65,0,910,0,1,65,176704,1822,0,66,0,0,0,LEADER,1,0,0,0,0,65
178132,35,adaptive-prasle,1428,1,0,0,65,0,910,0,1,35,176704,1428,0,66,0,0,0,LEADER,1,0,0,0,0,65
178147,86,adaptive-prasle,1443,1,0,0,65,0,910,0,1,86,176704,1443,0,66,0,0,0,LEADER,1,0,0,0,0,65
178262,14,adaptive-prasle,2096,1,0,0,11,12,154,168,3,3,176166,2096,0,6,0,0,0,NORMAL,0,0,0,0,0,11
178189,50,adaptive-prasle,2406,1,0,0,64,0,896,0,1,50,175783,2406,0,65,0,0,0,LEADER,1,0,0,0,0,64
178205,55,adaptive-prasle,1501,1,0,0,65,0,910,0,1,55,176704,1501,0,66,0,0,0,LEADER,1,0,0,0,0,65
178244,63,adaptive-prasle,1540,1,0,0,65,0,910,0,1,63,176704,1540,0,66,0,0,0,LEADER,1,0,0,0,0,65
178608,46,adaptive-prasle,1904,1,0,0,65,0,910,0,1,46,176704,1904,0,66,0,0,0,LEADER,1,0,0,0,0,65
178403,53,adaptive-prasle,1701,1,0,0,65,0,910,0,1,53,176702,1701,0,66,0,0,0,LEADER,1,0,0,0,0,65
177757,23,adaptive-prasle,1974,1,0,0,64,0,896,0,1,23,175783,1974,0,65,0,0,0,LEADER,1,0,0,0,0,64
178626,88,adaptive-prasle,1922,1,0,0,65,0,910,0,1,88,176704,1922,0,66,0,0,0,LEADER,1,0,0,0,0,65
178064,13,adaptive-prasle,1941,1,0,0,10,9,140,126,2,3,176123,1941,0,6,0,0,0,NORMAL,0,0,0,0,0,10
178153,34,adaptive-prasle,1449,1,0,0,65,0,910,0,1,34,176704,1449,0,66,0,0,0,LEADER,1,0,0,0,0,65
177762,97,adaptive-prasle,1977,1,0,0,64,0,896,0,1,97,175785,1977,0,65,0,0,0,LEADER,1,0,0,0,0,64
177880,20,adaptive-prasle,2095,1,0,0,64,0,896,0,1,20,175785,2095,0,65,0,0,0,LEADER,1,0,0,0,0,64
177960,40,adaptive-prasle,2177,1,0,0,64,0,896,0,1,40,175783,2177,0,65,0,0,0,LEADER,1,0,0,0,0,64
177885,47,adaptive-prasle,2100,1,0,0,64,0,896,0,1,47,175785,2100,0,65,0,0,0,LEADER,1,0,0,0,0,64
178796,95,adaptive-prasle,2092,1,0,0,65,0,910,0,1,95,176704,2092,0,66,0,0,0,LEADER,1,0,0,0,0,65
178178,25,adaptive-prasle,2395,1,0,0,64,0,896,0,1,25,175783,2395,0,65,0,0,0,LEADER,1,0,0,0,0,64
178784,84,adaptive-prasle,2080,1,0,0,65,0,910,0,1,84,176704,2080,0,66,0,0,0,LEADER,1,0,0,0,0,65
178060,70,adaptive-prasle,2277,1,0,0,64,0,896,0,1,70,175783,2277,0,65,0,0,0,LEADER,1,0,0,0,0,64
177978,82,adaptive-prasle,2195,1,0,0,64,0,896,0,1,82,175783,2195,0,65,0,0,0,LEADER,1,0,0,0,0,64
178196,67,adaptive-prasle,2413,1,0,0,64,0,896,0,1,67,175783,2413,0,65,0,0,0,LEADER,1,0,0,0,0,64
178148,89,adaptive-prasle,2365,1,0,0,64,0,896,0,1,89,175783,2365,0,65,0,0,0,LEADER,1,0,0,0,0,64
178817,28,adaptive-prasle,2113,1,0,0,65,0,910,0,1,28,176704,2113,0,66,0,0,0,LEADER,1,0,0,0,0,65
178561,68,adaptive-prasle,1855,1,0,0,65,0,910,0,1,68,176706,1855,0,66,0,0,0,LEADER,1,0,0,0,0,65
178512,90,adaptive-prasle,1807,1,0,0,65,0,910,0,1,90,176705,1807,0,66,0,0,0,LEADER,1,0,0,0,0,65
178172,76,adaptive-prasle,1468,1,0,0,65,0,910,0,1,76,176704,1468,0,66,0,0,0,LEADER,1,0,0,0,0,65
178493,10,adaptive-prasle,1789,1,0,0,65,0,910,0,1,10,176704,1789,0,66,0,0,0,LEADER,1,0,0,0,0,65
178925,58,adaptive-prasle,2221,1,0,0,65,0,910,0,1,58,176704,2221,0,66,0,0,0,LEADER,1,0,0,0,0,65
178308,73,adaptive-prasle,1604,1,0,0,65,0,910,0,1,73,176704,1604,0,66,0,0,0,LEADER,1,0,0,0,0,65
178048,59,adaptive-prasle,2265,1,0,0,64,0,896,0,1,59,175783,2265,0,65,0,0,0,LEADER,1,0,0,0,0,64
178323,41,adaptive-prasle,1619,1,0,0,65,0,910,0,1,41,176704,1619,0,66,0,0,0,LEADER,1,0,0,0,0,65
178238,96,adaptive-prasle,1534,1,0,0,65,0,910,0,1,96,176704,1534,0,66,0,0,0,LEADER,1,0,0,0,0,65
178539,74,adaptive-prasle,1837,1,0,0,65,0,910,0,1,74,176702,1837,0,66,0,0,0,LEADER,1,0,0,0,0,65
178471,49,adaptive-prasle,1767,1,0,0,65,0,910,0,1,49,176704,1767,0,66,0,0,0,LEADER,1,0,0,0,0,65
178932,92,adaptive-prasle,2228,1,0,0,65,0,910,0,1,92,176704,2228,0,66,0,0,0,LEADER,1,0,0,0,0,65
178140,66,adaptive-prasle,1434,1,0,0,65,0,910,0,1,66,176706,1434,0,66,0,0,0,LEADER,1,0,0,0,0,65
178163,57,adaptive-prasle,2380,1,0,0,64,0,896,0,1,57,175783,2380,0,65,0,0,0,LEADER,1,0,0,0,0,64
178964,78,adaptive-prasle,2260,1,0,0,65,0,910,0,1,78,176704,2260,0,66,0,0,0,LEADER,1,0,0,0,0,65
178129,39,adaptive-prasle,2346,1,0,0,64,0,896,0,1,39,175783,2346,0,65,0,0,0,LEADER,1,0,0,0,0,64
178847,30,adaptive-prasle,2143,1,0,0,65,0,910,0,1,30,176704,2143,0,66,0,0,0,LEADER,1,0,0,0,0,65
178253,64,adaptive-prasle,1549,1,0,0,65,0,910,0,1,64,176704,1549,0,66,0,0,0,LEADER,1,0,0,0,0,65
178478,80,adaptive-prasle,1774,1,0,0,65,0,910,0,1,80,176704,1774,0,66,0,0,0,LEADER,1,0,0,0,0,65
178216,54,adaptive-prasle,1516,1,0,0,65,0,910,0,1,54,176700,1516,0,66,0,0,0,LEADER,1,0,0,0,0,65
178744,43,adaptive-prasle,2040,1,0,0,65,0,910,0,1,43,176704,2040,0,66,0,0,0,LEADER,1,0,0,0,0,65
178664,26,adaptive-prasle,1960,1,0,0,65,0,910,0,1,26,176704,1960,0,66,0,0,0,LEADER,1,0,0,0,0,65
178293,42,adaptive-prasle,1591,1,0,0,65,0,910,0,1,42,176702,1591,0,66,0,0,0,LEADER,1,0,0,0,0,65
178302,31,adaptive-prasle,1598,1,0,0,65,0,910,0,1,31,176704,1598,0,66,0,0,0,LEADER,1,0,0,0,0,65
179059,94,adaptive-prasle,2355,1,0,0,65,0,910,0,1,94,176704,2355,0,66,0,0,0,LEADER,1,0,0,0,0,65
178629,45,adaptive-prasle,1925,1,0,0,65,0,910,0,1,45,176704,1925,0,66,0,0,0,LEADER,1,0,0,0,0,65
179002,60,adaptive-prasle,2298,1,0,0,65,0,910,0,1,60,176704,2298,0,66,0,0,0,LEADER,1,0,0,0,0,65
179107,44,adaptive-prasle,1483,1,0,0,65,0,910,0,1,44,177624,1483,0,66,0,0,0,LEADER,1,0,0,0,0,65
178356,51,adaptive-prasle,1652,1,0,0,65,0,910,0,1,51,176704,1652,0,66,0,0,0,LEADER,1,0,0,0,0,65
179155,22,adaptive-prasle,1531,1,0,0,65,0,910,0,1,22,177624,1531,0,66,0,0,0,LEADER,1,0,0,0,0,65
178713,33,adaptive-prasle,2007,1,0,0,65,0,910,0,1,33,176706,2007,0,66,0,0,0,LEADER,1,0,0,0,0,65
178868,72,adaptive-prasle,2162,1,0,0,65,0,910,0,1,72,176706,2162,0,66,0,0,0,LEADER,1,0,0,0,0,65
178656,24,adaptive-prasle,1952,1,0,0,65,0,910,0,1,24,176704,1952,0,66,0,0,0,LEADER,1,0,0,0,0,65
179187,32,adaptive-prasle,1564,1,0,0,65,0,910,0,1,32,177623,1564,0,66,0,0,0,LEADER,1,0,0,0,0,65
178375,93,adaptive-prasle,1671,1,0,0,65,0,910,0,1,93,176704,1671,0,66,0,0,0,LEADER,1,0,0,0,0,65
179049,69,adaptive-prasle,2343,1,0,0,65,0,910,0,1,69,176706,2343,0,66,0,0,0,LEADER,1,0,0,0,0,65
179034,79,adaptive-prasle,2331,1,0,0,65,0,910,0,1,79,176703,2331,0,66,0,0,0,LEADER,1,0,0,0,0,65
178729,75,adaptive-prasle,2025,1,0,0,65,0,910,0,1,75,176704,2025,0,66,0,0,0,LEADER,1,0,0,0,0,65
178456,81,adaptive-prasle,1752,1,0,0,65,0,910,0,1,81,176704,1752,0,66,0,0,0,LEADER,1,0,0,0,0,65
178314,52,adaptive-prasle,1610,1,0,0,65,0,910,0,1,52,176704,1610,0,66,0,0,0,LEADER,1,0,0,0,0,65
178793,21,adaptive-prasle,2088,1,0,0,65,0,910,0,1,21,176705,2088,0,66,0,0,0,LEADER,1,0,0,0,0,65
178969,29,adaptive-prasle,2265,1,0,0,65,0,910,0,1,29,176704,2265,0,66,0,0,0,LEADER,1,0,0,0,0,65
178545,100,adaptive-prasle,1841,1,0,0,65,0,910,0,1,100,176704,1841,0,66,0,0,0,LEADER,1,0,0,0,0,65
178390,61,adaptive-prasle,1686,1,0,0,65,0,910,0,1,61,176704,1686,0,66,0,0,0,LEADER,1,0,0,0,0,65
178954,91,adaptive-prasle,2250,1,0,0,65,0,910,0,1,91,176704,2250,0,66,0,0,0,LEADER,1,0,0,0,0,65
178914,37,adaptive-prasle,2210,1,0,0,65,0,910,0,1,37,176704,2210,0,66,0,0,0,LEADER,1,0,0,0,0,65
178457,38,adaptive-prasle,1755,1,0,0,65,0,910,0,1,38,176702,1755,0,66,0,0,0,LEADER,1,0,0,0,0,65
179123,98,adaptive-prasle,2419,1,0,0,65,0,910,0,1,98,176704,2419,0,66,0,0,0,LEADER,1,0,0,0,0,65
178983,27,adaptive-prasle,2280,1,0,0,65,0,910,0,1,27,176703,2280,0,66,0,0,0,LEADER,1,0,0,0,0,65
178832,62,adaptive-prasle,2128,1,0,0,65,0,910,0,1,62,176704,2128,0,66,0,0,0,LEADER,1,0,0,0,0,65
178641,56,adaptive-prasle,1937,1,0,0,65,0,910,0,1,56,176704,1937,0,66,0,0,0,LEADER,1,0,0,0,0,65
179028,99,adaptive-prasle,2328,1,0,0,65,0,910,0,1,99,176700,2328,0,66,0,0,0,LEADER,1,0,0,0,0,65
178908,48,adaptive-prasle,2202,1,0,0,65,0,910,0,1,48,176706,2202,0,66,0,0,0,LEADER,1,0,0,0,0,65
178423,71,adaptive-prasle,1719,1,0,0,65,0,910,0,1,71,176704,1719,0,66,0,0,0,LEADER,1,0,0,0,0,65
178648,87,adaptive-prasle,1944,1,0,0,65,0,910,0,1,87,176704,1944,0,66,0,0,0,LEADER,1,0,0,0,0,65
178574,36,adaptive-prasle,1870,1,0,0,65,0,910,0,1,36,176704,1870,0,66,0,0,0,LEADER,1,0,0,0,0,65
179070,77,adaptive-prasle,1446,1,0,0,65,0,910,0,1,77,177624,1446,0,66,0,0,0,LEADER,1,0,0,0,0,65
179263,83,adaptive-prasle,1637,1,0,0,65,0,910,0,1,83,177626,1637,0,66,0,0,0,LEADER,1,0,0,0,0,65
178763,85,adaptive-prasle,2059,1,0,0,65,0,910,0,1,85,176704,2059,0,66,0,0,0,LEADER,1,0,0,0,0,65
179291,19,adaptive-prasle,1667,1,0,0,65,0,910,0,1,19,177624,1667,0,66,0,0,0,LEADER,1,0,0,0,0,65
179446,65,adaptive-prasle,1822,1,0,0,65,0,910,0,1,65,177624,1822,0,66,0,0,0,LEADER,1,0,0,0,0,65
179052,35,adaptive-prasle,1428,1,0,0,65,0,910,0,1,35,177624,1428,0,66,0,0,0,LEADER,1,0,0,0,0,65
179067,86,adaptive-prasle,1443,1,0,0,65,0,910,0,1,86,177624,1443,0,66,0,0,0,LEADER,1,0,0,0,0,65
179110,50,adaptive-prasle,2406,1,0,0,65,0,910,0,1,50,176704,2406,0,66,0,0,0,LEADER,1,0,0,0,0,65
179125,55,adaptive-prasle,1501,1,0,0,65,0,910,0,1,55,177624,1501,0,66,0,0,0,LEADER,1,0,0,0,0,65
179164,63,adaptive-prasle,1540,1,0,0,65,0,910,0,1,63,177624,1540,0,66,0,0,0,LEADER,1,0,0,0,0,65
179528,46,adaptive-prasle,1904,1,0,0,65,0,910,0,1,46,177624,1904,0,66,0,0,0,LEADER,1,0,0,0,0,65
179323,53,adaptive-prasle,1701,1,0,0,65,0,910,0,1,53,177622,1701,0,66,0,0,0,LEADER,1,0,0,0,0,65
178678,23,adaptive-prasle,1974,1,0,0,65,0,910,0,1,23,176704,1974,0,66,0,0,0,LEADER,1,0,0,0,0,65
179546,88,adaptive-prasle,1922,1,0,0,65,0,910,0,1,88,177624,1922,0,66,0,0,0,LEADER,1,0,0,0,0,65
179073,34,adaptive-prasle,1449,1,0,0,65,0,910,0,1,34,177624,1449,0,66,0,0,0,LEADER,1,0,0,0,0,65
178683,97,adaptive-prasle,1977,1,0,0,65,0,910,0,1,97,176706,1977,0,66,0,0,0,LEADER,1,0,0,0,0,65
178801,20,adaptive-prasle,2095,1,0,0,65,0,910,0,1,20,176706,2095,0,66,0,0,0,LEADER,1,0,0,0,0,65
178881,40,adaptive-prasle,2177,1,0,0,65,0,910,0,1,40,176704,2177,0,66,0,0,0,LEADER,1,0,0,0,0,65
178806,47,adaptive-prasle,2100,1,0,0,65,0,910,0,1,47,176706,2100,0,66,0,0,0,LEADER,1,0,0,0,0,65
179716,95,adaptive-prasle,2092,1,0,0,65,0,910,0,1,95,177624,2092,0,66,0,0,0,LEADER,1,0,0,0,0,65
179099,25,adaptive-prasle,2395,1,0,0,65,0,910,0,1,25,176704,2395,0,66,0,0,0,LEADER,1,0,0,0,0,65
179704,84,adaptive-prasle,2080,1,0,0,65,0,910,0,1,84,177624,2080,0,66,0,0,0,LEADER,1,0,0,0,0,65
178981,70,adaptive-prasle,2277,1,0,0,65,0,910,0,1,70,176704,2277,0,66,0,0,0,LEADER,1,0,0,0,0,65
178899,82,adaptive-prasle,2195,1,0,0,65,0,910,0,1,82,176704,2195,0,66,0,0,0,LEADER,1,0,0,0,0,65
179117,67,adaptive-prasle,2413,1,0,0,65,0,910,0,1,67,176704,2413,0,66,0,0,0,LEADER,1,0,0,0,0,65
179069,89,adaptive-prasle,2365,1,0,0,65,0,910,0,1,89,176704,2365,0,66,0,0,0,LEADER,1,0,0,0,0,65
179737,28,adaptive-prasle,2113,1,0,0,65,0,910,0,1,28,177624,2113,0,66,0,0,0,LEADER,1,0,0,0,0,65
179481,68,adaptive-prasle,1855,1,0,0,65,0,910,0,1,68,177626,1855,0,66,0,0,0,LEADER,1,0,0,0,0,65
179432,90,adaptive-prasle,1807,1,0,0,65,0,910,0,1,90,177625,1807,0,66,0,0,0,LEADER,1,0,0,0,0,65
179092,76,adaptive-prasle,1468,1,0,0,65,0,910,0,1,76,177624,1468,0,66,0,0,0,LEADER,1,0,0,0,0,65
179845,58,adaptive-prasle,2221,1,0,0,65,0,910,0,1,58,177624,2221,0,66,0,0,0,LEADER,1,0,0,0,0,65
179413,10,adaptive-prasle,1789,1,0,0,65,0,910,0,1,10,177624,1789,0,66,0,0,0,LEADER,1,0,0,0,0,65
179228,73,adaptive-prasle,1604,1,0,0,65,0,910,0,1,73,177624,1604,0,66,0,0,0,LEADER,1,0,0,0,0,65
178969,59,adaptive-prasle,2265,1,0,0,65,0,910,0,1,59,176704,2265,0,66,0,0,0,LEADER,1,0,0,0,0,65
179243,41,adaptive-prasle,1619,1,0,0,65,0,910,0,1,41,177624,1619,0,66,0,0,0,LEADER,1,0,0,0,0,65
179158,96,adaptive-prasle,1534,1,0,0,65,0,910,0,1,96,177624,1534,0,66,0,0,0,LEADER,1,0,0,0,0,65
179459,74,adaptive-prasle,1837,1,0,0,65,0,910,0,1,74,177622,1837,0,66,0,0,0,LEADER,1,0,0,0,0,65
179391,49,adaptive-prasle,1767,1,0,0,65,0,910,0,1,49,177624,1767,0,66,0,0,0,LEADER,1,0,0,0,0,65
179852,92,adaptive-prasle,2228,1,0,0,65,0,910,0,1,92,177624,2228,0,66,0,0,0,LEADER,1,0,0,0,0,65
179060,66,adaptive-prasle,1434,1,0,0,65,0,910,0,1,66,177626,1434,0,66,0,0,0,LEADER,1,0,0,0,0,65
179084,57,adaptive-prasle,2380,1,0,0,65,0,910,0,1,57,176704,2380,0,66,0,0,0,LEADER,1,0,0,0,0,65
179884,78,adaptive-prasle,2260,1,0,0,65,0,910,0,1,78,177624,2260,0,66,0,0,0,LEADER,1,0,0,0,0,65
179050,39,adaptive-prasle,2346,1,0,0,65,0,910,0,1,39,176704,2346,0,66,0,0,0,LEADER,1,0,0,0,0,65
179767,30,adaptive-prasle,2143,1,0,0,65,0,910,0,1,30,177624,2143,0,66,0,0,0,LEADER,1,0,0,0,0,65
179173,64,adaptive-prasle,1549,1,0,0,65,0,910,0,1,64,177624,1549,0,66,0,0,0,LEADER,1,0,0,0,0,65
179398,80,adaptive-prasle,1774,1,0,0,65,0,910,0,1,80,177624,1774,0,66,0,0,0,LEADER,1,0,0,0,0,65
179136,54,adaptive-prasle,1516,1,0,0,65,0,910,0,1,54,177620,1516,0,66,0,0,0,LEADER,1,0,0,0,0,65
179664,43,adaptive-prasle,2040,1,0,0,65,0,910,0,1,43,177624,2040,0,66,0,0,0,LEADER,1,0,0,0,0,65
179584,26,adaptive-prasle,1960,1,0,0,65,0,910,0,1,26,177624,1960,0,66,0,0,0,LEADER,1,0,0,0,0,65
179213,42,adaptive-prasle,1591,1,0,0,65,0,910,0,1,42,177622,1591,0,66,0,0,0,LEADER,1,0,0,0,0,65
179222,31,adaptive-prasle,1598,1,0,0,65,0,910,0,1,31,177624,1598,0,66,0,0,0,LEADER,1,0,0,0,0,65
179979,94,adaptive-prasle,2355,1,0,0,65,0,910,0,1,94,177624,2355,0,66,0,0,0,LEADER,1,0,0,0,0,65
179549,45,adaptive-prasle,1925,1,0,0,65,0,910,0,1,45,177624,1925,0,66,0,0,0,LEADER,1,0,0,0,0,65
179922,60,adaptive-prasle,2298,1,0,0,65,0,910,0,1,60,177624,2298,0,66,0,0,0,LEADER,1,0,0,0,0,65
180027,44,adaptive-prasle,1483,1,0,0,65,0,910,0,1,44,178544,1483,0,66,0,0,0,LEADER,1,0,0,0,0,65
179276,51,adaptive-prasle,1652,1,0,0,65,0,910,0,1,51,177624,1652,0,66,0,0,0,LEADER,1,0,0,0,0,65
179633,33,adaptive-prasle,2007,1,0,0,65,0,910,0,1,33,177626,2007,0,66,0,0,0,LEADER,1,0,0,0,0,65
180075,22,adaptive-prasle,1531,1,0,0,65,0,910,0,1,22,178544,1531,0,66,0,0,0,LEADER,1,0,0,0,0,65
179788,72,adaptive-prasle,2162,1,0,0,65,0,910,0,1,72,177626,2162,0,66,0,0,0,LEADER,1,0,0,0,0,65
179576,24,adaptive-prasle,1952,1,0,0,65,0,910,0,1,24,177624,1952,0,66,0,0,0,LEADER,1,0,0,0,0,65
180107,32,adaptive-prasle,1564,1,0,0,65,0,910,0,1,32,178543,1564,0,66,0,0,0,LEADER,1,0,0,0,0,65
179295,93,adaptive-prasle,1671,1,0,0,65,0,910,0,1,93,177624,1671,0,66,0,0,0,LEADER,1,0,0,0,0,65
179954,79,adaptive-prasle,2331,1,0,0,65,0,910,0,1,79,177623,2331,0,66,0,0,0,LEADER,1,0,0,0,0,65
179969,69,adaptive-prasle,2343,1,0,0,65,0,910,0,1,69,177626,2343,0,66,0,0,0,LEADER,1,0,0,0,0,65
179649,75,adaptive-prasle,2025,1,0,0,65,0,910,0,1,75,177624,2025,0,66,0,0,0,LEADER,1,0,0,0,0,65
179376,81,adaptive-prasle,1752,1,0,0,65,0,910,0,1,81,177624,1752,0,66,0,0,0,LEADER,1,0,0,0,0,65
179234,52,adaptive-prasle,1610,1,0,0,65,0,910,0,1,52,177624,1610,0,66,0,0,0,LEADER,1,0,0,0,0,65
179713,21,adaptive-prasle,2088,1,0,0,65,0,910,0,1,21,177625,2088,0,66,0,0,0,LEADER,1,0,0,0,0,65
179889,29,adaptive-prasle,2265,1,0,0,65,0,910,0,1,29,177624,2265,0,66,0,0,0,LEADER,1,0,0,0,0,65
179465,100,adaptive-prasle,1841,1,0,0,65,0,910,0,1,100,177624,1841,0,66,0,0,0,LEADER,1,0,0,0,0,65
179310,61,adaptive-prasle,1686,1,0,0,65,0,910,0,1,61,177624,1686,0,66,0,0,0,LEADER,1,0,0,0,0,65
179874,91,adaptive-prasle,2250,1,0,0,65,0,910,0,1,91,177624,2250,0,66,0,0,0,LEADER,1,0,0,0,0,65
179834,37,adaptive-prasle,2210,1,0,0,65,0,910,0,1,37,177624,2210,0,66,0,0,0,LEADER,1,0,0,0,0,65
179377,38,adaptive-prasle,1755,1,0,0,65,0,910,0,1,38,177622,1755,0,66,0,0,0,LEADER,1,0,0,0,0,65
180043,98,adaptive-prasle,2419,1,0,0,65,0,910,0,1,98,177624,2419,0,66,0,0,0,LEADER,1,0,0,0,0,65
179903,27,adaptive-prasle,2280,1,0,0,65,0,910,0,1,27,177623,2280,0,66,0,0,0,LEADER,1,0,0,0,0,65
179752,62,adaptive-prasle,2128,1,0,0,65,0,910,0,1,62,177624,2128,0,66,0,0,0,LEADER,1,0,0,0,0,65
179561,56,adaptive-prasle,1937,1,0,0,65,0,910,0,1,56,177624,1937,0,66,0,0,0,LEADER,1,0,0,0,0,65
179948,99,adaptive-prasle,2328,1,0,0,65,0,910,0,1,99,177620,2328,0,66,0,0,0,LEADER,1,0,0,0,0,65
179828,48,adaptive-prasle,2202,1,0,0,65,0,910,0,1,48,177626,2202,0,66,0,0,0,LEADER,1,0,0,0,0,65
179343,71,adaptive-prasle,1719,1,0,0,65,0,910,0,1,71,177624,1719,0,66,0,0,0,LEADER,1,0,0,0,0,65
179568,87,adaptive-prasle,1944,1,0,0,65,0,910,0,1,87,177624,1944,0,66,0,0,0,LEADER,1,0,0,0,0,65
179494,36,adaptive-prasle,1870,1,0,0,65,0,910,0,1,36,177624,1870,0,66,0,0,0,LEADER,1,0,0,0,0,65
179990,77,adaptive-prasle,1446,1,0,0,65,0,910,0,1,77,178544,1446,0,66,0,0,0,LEADER,1,0,0,0,0,65
180183,83,adaptive-prasle,1637,1,0,0,65,0,910,0,1,83,178546,1637,0,66,0,0,0,LEADER,1,0,0,0,0,65
179683,85,adaptive-prasle,2059,1,0,0,65,0,910,0,1,85,177624,2059,0,66,0,0,0,LEADER,1,0,0,0,0,65
180211,19,adaptive-prasle,1667,1,0,0,65,0,910,0,1,19,178544,1667,0,66,0,0,0,LEADER,1,0,0,0,0,65
180366,65,adaptive-prasle,1822,1,0,0,65,0,910,0,1,65,178544,1822,0,66,0,0,0,LEADER,1,0,0,0,0,65
179972,35,adaptive-prasle,1428,1,0,0,65,0,910,0,1,35,178544,1428,0,66,0,0,0,LEADER,1,0,0,0,0,65
179987,86,adaptive-prasle,1443,1,0,0,65,0,910,0,1,86,178544,1443,0,66,0,0,0,LEADER,1,0,0,0,0,65
180030,50,adaptive-prasle,2406,1,0,0,65,0,910,0,1,50,177624,2406,0,66,0,0,0,LEADER,1,0,0,0,0,65
180045,55,adaptive-prasle,1501,1,0,0,65,0,910,0,1,55,178544,1501,0,66,0,0,0,LEADER,1,0,0,0,0,65
180084,63,adaptive-prasle,1540,1,0,0,65,0,910,0,1,63,178544,1540,0,66,0,0,0,LEADER,1,0,0,0,0,65
180448,46,adaptive-prasle,1904,1,0,0,65,0,910,0,1,46,178544,1904,0,66,0,0,0,LEADER,1,0,0,0,0,65
180243,53,adaptive-prasle,1701,1,0,0,65,0,910,0,1,53,178542,1701,0,66,0,0,0,LEADER,1,0,0,0,0,65
179598,23,adaptive-prasle,1974,1,0,0,65,0,910,0,1,23,177624,1974,0,66,0,0,0,LEADER,1,0,0,0,0,65
180466,88,adaptive-prasle,1922,1,0,0,65,0,910,0,1,88,178544,1922,0,66,0,0,0,LEADER,1,0,0,0,0,65
179993,34,adaptive-prasle,1449,1,0,0,65,0,910,0,1,34,178544,1449,0,66,0,0,0,LEADER,1,0,0,0,0,65
179603,97,adaptive-prasle,1977,1,0,0,65,0,910,0,1,97,177626,1977,0,66,0,0,0,LEADER,1,0,0,0,0,65
179721,20,adaptive-prasle,2095,1,0,0,65,0,910,0,1,20,177626,2095,0,66,0,0,0,LEADER,1,0,0,0,0,65
179801,40,adaptive-prasle,2177,1,0,0,65,0,910,0,1,40,177624,2177,0,66,0,0,0,LEADER,1,0,0,0,0,65
179726,47,adaptive-prasle,2100,1,0,0,65,0,910,0,1,47,177626,2100,0,66,0,0,0,LEADER,1,0,0,0,0,65
180636,95,adaptive-prasle,2092,1,0,0,65,0,910,0,1,95,178544,2092,0,66,0,0,0,LEADER,1,0,0,0,0,65
180019,25,adaptive-prasle,2395,1,0,0,65,0,910,0,1,25,177624,2395,0,66,0,0,0,LEADER,1,0,0,0,0,65
180624,84,adaptive-prasle,2080,1,0,0,65,0,910,0,1,84,178544,2080,0,66,0,0,0,LEADER,1,0,0,0,0,65
179901,70,adaptive-prasle,2277,1,0,0,65,0,910,0,1,70,177624,2277,0,66,0,0,0,LEADER,1,0,0,0,0,65
179819,82,adaptive-prasle,2195,1,0,0,65,0,910,0,1,82,177624,2195,0,66,0,0,0,LEADER,1,0,0,0,0,65
180037,67,adaptive-prasle,2413,1,0,0,65,0,910,0,1,67,177624,2413,0,66,0,0,0,LEADER,1,0,0,0,0,65
179989,89,adaptive-prasle,2365,1,0,0,65,0,910,0,1,89,177624,2365,0,66,0,0,0,LEADER,1,0,0,0,0,65
180657,28,adaptive-prasle,2113,1,0,0,65,0,910,0,1,28,178544,2113,0,66,0,0,0,LEADER,1,0,0,0,0,65
180401,68,adaptive-prasle,1855,1,0,0,65,0,910,0,1,68,178546,1855,0,66,0,0,0,LEADER,1,0,0,0,0,65
180352,90,adaptive-prasle,1807,1,0,0,65,0,910,0,1,90,178545,1807,0,66,0,0,0,LEADER,1,0,0,0,0,65
180012,76,adaptive-prasle,1468,1,0,0,65,0,910,0,1,76,178544,1468,0,66,0,0,0,LEADER,1,0,0,0,0,65
180765,58,adaptive-prasle,2221,1,0,0,65,0,910,0,1,58,178544,2221,0,66,0,0,0,LEADER,1,0,0,0,0,65
180333,10,adaptive-prasle,1789,1,0,0,65,0,910,0,1,10,178544,1789,0,66,0,0,0,LEADER,1,0,0,0,0,65
180148,73,adaptive-prasle,1604,1,0,0,65,0,910,0,1,73,178544,1604,0,66,0,0,0,LEADER,1,0,0,0,0,65
179889,59,adaptive-prasle,2265,1,0,0,65,0,910,0,1,59,177624,2265,0,66,0,0,0,LEADER,1,0,0,0,0,65
180163,41,adaptive-prasle,1619,1,0,0,65,0,910,0,1,41,178544,1619,0,66,0,0,0,LEADER,1,0,0,0,0,65
180078,96,adaptive-prasle,1534,1,0,0,65,0,910,0,1,96,178544,1534,0,66,0,0,0,LEADER,1,0,0,0,0,65
180379,74,adaptive-prasle,1837,1,0,0,65,0,910,0,1,74,178542,1837,0,66,0,0,0,LEADER,1,0,0,0,0,65
180311,49,adaptive-prasle,1767,1,0,0,65,0,910,0,1,49,178544,1767,0,66,0,0,0,LEADER,1,0,0,0,0,65
180772,92,adaptive-prasle,2228,1,0,0,65,0,910,0,1,92,178544,2228,0,66,0,0,0,LEADER,1,0,0,0,0,65
179980,66,adaptive-prasle,1434,1,0,0,65,0,910,0,1,66,178546,1434,0,66,0,0,0,LEADER,1,0,0,0,0,65
180004,57,adaptive-prasle,2380,1,0,0,65,0,910,0,1,57,177624,2380,0,66,0,0,0,LEADER,1,0,0,0,0,65
180804,78,adaptive-prasle,2260,1,0,0,65,0,910,0,1,78,178544,2260,0,66,0,0,0,LEADER,1,0,0,0,0,65
179970,39,adaptive-prasle,2346,1,0,0,65,0,910,0,1,39,177624,2346,0,66,0,0,0,LEADER,1,0,0,0,0,65
180687,30,adaptive-prasle,2143,1,0,0,65,0,910,0,1,30,178544,2143,0,66,0,0,0,LEADER,1,0,0,0,0,65
180093,64,adaptive-prasle,1549,1,0,0,65,0,910,0,1,64,178544,1549,0,66,0,0,0,LEADER,1,0,0,0,0,65
180318,80,adaptive-prasle,1774,1,0,0,65,0,910,0,1,80,178544,1774,0,66,0,0,0,LEADER,1,0,0,0,0,65
180056,54,adaptive-prasle,1516,1,0,0,65,0,910,0,1,54,178540,1516,0,66,0,0,0,LEADER,1,0,0,0,0,65
180584,43,adaptive-prasle,2040,1,0,0,65,0,910,0,1,43,178544,2040,0,66,0,0,0,LEADER,1,0,0,0,0,65
180504,26,adaptive-prasle,1960,1,0,0,65,0,910,0,1,26,178544,1960,0,66,0,0,0,LEADER,1,0,0,0,0,65
180133,42,adaptive-prasle,1591,1,0,0,65,0,910,0,1,42,178542,1591,0,66,0,0,0,LEADER,1,0,0,0,0,65
180142,31,adaptive-prasle,1598,1,0,0,65,0,910,0,1,31,178544,1598,0,66,0,0,0,LEADER,1,0,0,0,0,65
180899,94,adaptive-prasle,2355,1,0,0,65,0,910,0,1,94,178544,2355,0,66,0,0,0,LEADER,1,0,0,0,0,65
180469,45,adaptive-prasle,1925,1,0,0,65,0,910,0,1,45,178544,1925,0,66,0,0,0,LEADER,1,0,0,0,0,65
180842,60,adaptive-prasle,2298,1,0,0,65,0,910,0,1,60,178544,2298,0,66,0,0,0,LEADER,1,0,0,0,0,65
180948,44,adaptive-prasle,1483,1,0,0,66,0,924,0,1,44,179465,1483,0,67,0,0,0,LEADER,1,0,0,0,0,66
180196,51,adaptive-prasle,1652,1,0,0,65,0,910,0,1,51,178544,1652,0,66,0,0,0,LEADER,1,0,0,0,0,65
180553,33,adaptive-prasle,2007,1,0,0,65,0,910,0,1,33,178546,2007,0,66,0,0,0,LEADER,1,0,0,0,0,65
180996,22,adaptive-prasle,1531,1,0,0,66,0,924,0,1,22,179465,1531,0,67,0,0,0,LEADER,1,0,0,0,0,66
180708,72,adaptive-prasle,2162,1,0,0,65,0,910,0,1,72,178546,2162,0,66,0,0,0,LEADER,1,0,0,0,0,65
180496,24,adaptive-prasle,1952,1,0,0,65,0,910,0,1,24,178544,1952,0,66,0,0,0,LEADER,1,0,0,0,0,65
181028,32,adaptive-prasle,1564,1,0,0,66,0,924,0,1,32,179464,1564,0,67,0,0,0,LEADER,1,0,0,0,0,66
180215,93,adaptive-prasle,1671,1,0,0,65,0,910,0,1,93,178544,1671,0,66,0,0,0,LEADER,1,0,0,0,0,65
180874,79,adaptive-prasle,2331,1,0,0,65,0,910,0,1,79,178543,2331,0,66,0,0,0,LEADER,1,0,0,0,0,65
180889,69,adaptive-prasle,2343,1,0,0,65,0,910,0,1,69,178546,2343,0,66,0,0,0,LEADER,1,0,0,0,0,65
180569,75,adaptive-prasle,2025,1,0,0,65,0,910,0,1,75,178544,2025,0,66,0,0,0,LEADER,1,0,0,0,0,65
180296,81,adaptive-prasle,1752,1,0,0,65,0,910,0,1,81,178544,1752,0,66,0,0,0,LEADER,1,0,0,0,0,65
180154,52,adaptive-prasle,1610,1,0,0,65,0,910,0,1,52,178544,1610,0,66,0,0,0,LEADER,1,0,0,0,0,65
180633,21,adaptive-prasle,2088,1,0,0,65,0,910,0,1,21,178545,2088,0,66,0,0,0,LEADER,1,0,0,0,0,65
180809,29,adaptive-prasle,2265,1,0,0,65,0,910,0,1,29,178544,2265,0,66,0,0,0,LEADER,1,0,0,0,0,65
180385,100,adaptive-prasle,1841,1,0,0,65,0,910,0,1,100,178544,1841,0,66,0,0,0,LEADER,1,0,0,0,0,65
180230,61,adaptive-prasle,1686,1,0,0,65,0,910,0,1,61,178544,1686,0,66,0,0,0,LEADER,1,0,0,0,0,65
180794,91,adaptive-prasle,2250,1,0,0,65,0,910,0,1,91,178544,2250,0,66,0,0,0,LEADER,1,0,0,0,0,65
180754,37,adaptive-prasle,2210,1,0,0,65,0,910,0,1,37,178544,2210,0,66,0,0,0,LEADER,1,0,0,0,0,65
180297,38,adaptive-prasle,1755,1,0,0,65,0,910,0,1,38,178542,1755,0,66,0,0,0,LEADER,1,0,0,0,0,65
180963,98,adaptive-prasle,2419,1,0,0,65,0,910,0,1,98,178544,2419,0,66,0,0,0,LEADER,1,0,0,0,0,65
180823,27,adaptive-prasle,2280,1,0,0,65,0,910,0,1,27,178543,2280,0,66,0,0,0,LEADER,1,0,0,0,0,65
180672,62,adaptive-prasle,2128,1,0,0,65,0,910,0,1,62,178544,2128,0,66,0,0,0,LEADER,1,0,0,0,0,65
180481,56,adaptive-prasle,1937,1,0,0,65,0,910,0,1,56,178544,1937,0,66,0,0,0,LEADER,1,0,0,0,0,65
180868,99,adaptive-prasle,2328,1,0,0,65,0,910,0,1,99,178540,2328,0,66,0,0,0,LEADER,1,0,0,0,0,65
180748,48,adaptive-prasle,2202,1,0,0,65,0,910,0,1,48,178546,2202,0,66,0,0,0,LEADER,1,0,0,0,0,65
180263,71,adaptive-prasle,1719,1,0,0,65,0,910,0,1,71,178544,1719,0,66,0,0,0,LEADER,1,0,0,0,0,65
180488,87,adaptive-prasle,1944,1,0,0,65,0,910,0,1,87,178544,1944,0,66,0,0,0,LEADER,1,0,0,0,0,65
180414,36,adaptive-prasle,1870,1,0,0,65,0,910,0,1,36,178544,1870,0,66,0,0,0,LEADER,1,0,0,0,0,65
180911,77,adaptive-prasle,1446,1,0,0,66,0,924,0,1,77,179465,1446,0,67,0,0,0,LEADER,1,0,0,0,0,66
181104,83,adaptive-prasle,1637,1,0,0,66,0,924,0,1,83,179467,1637,0,67,0,0,0,LEADER,1,0,0,0,0,66
180603,85,adaptive-prasle,2059,1,0,0,65,0,910,0,1,85,178544,2059,0,66,0,0,0,LEADER,1,0,0,0,0,65
181132,19,adaptive-prasle,1667,1,0,0,66,0,924,0,1,19,179465,1667,0,67,0,0,0,LEADER,1,0,0,0,0,66
181287,65,adaptive-prasle,1822,1,0,0,66,0,924,0,1,65,179465,1822,0,67,0,0,0,LEADER,1,0,0,0,0,66
180893,35,adaptive-prasle,1428,1,0,0,66,0,924,0,1,35,179465,1428,0,67,0,0,0,LEADER,1,0,0,0,0,66
180908,86,adaptive-prasle,1443,1,0,0,66,0,924,0,1,86,179465,1443,0,67,0,0,0,LEADER,1,0,0,0,0,66
180950,50,adaptive-prasle,2406,1,0,0,65,0,910,0,1,50,178544,2406,0,66,0,0,0,LEADER,1,0,0,0,0,65
180966,55,adaptive-prasle,1501,1,0,0,66,0,924,0,1,55,179465,1501,0,67,0,0,0,LEADER,1,0,0,0,0,66
181005,63,adaptive-prasle,1540,1,0,0,66,0,924,0,1,63,179465,1540,0,67,0,0,0,LEADER,1,0,0,0,0,66
181369,46,adaptive-prasle,1904,1,0,0,66,0,924,0,1,46,179465,1904,0,67,0,0,0,LEADER,1,0,0,0,0,66
181164,53,adaptive-prasle,1701,1,0,0,66,0,924,0,1,53,179463,1701,0,67,0,0,0,LEADER,1,0,0,0,0,66
180518,23,adaptive-prasle,1974,1,0,0,65,0,910,0,1,23,178544,1974,0,66,0,0,0,LEADER,1,0,0,0,0,65
181387,88,adaptive-prasle,1922,1,0,0,66,0,924,0,1,88,179465,1922,0,67,0,0,0,LEADER,1,0,0,0,0,66
180914,34,adaptive-prasle,1449,1,0,0,66,0,924,0,1,34,179465,1449,0,67,0,0,0,LEADER,1,0,0,0,0,66
180523,97,adaptive-prasle,1977,1,0,0,65,0,910,0,1,97,178546,1977,0,66,0,0,0,LEADER,1,0,0,0,0,65
180641,20,adaptive-prasle,2095,1,0,0,65,0,910,0,1,20,178546,2095,0,66,0,0,0,LEADER,1,0,0,0,0,65
180721,40,adaptive-prasle,2177,1,0,0,65,0,910,0,1,40,178544,2177,0,66,0,0,0,LEADER,1,0,0,0,0,65
180646,47,adaptive-prasle,2100,1,0,0,65,0,910,0,1,47,178546,2100,0,66,0,0,0,LEADER,1,0,0,0,0,65
181557,95,adaptive-prasle,2092,1,0,0,66,0,924,0,1,95,179465,2092,0,67,0,0,0,LEADER,1,0,0,0,0,66
180939,25,adaptive-prasle,2395,1,0,0,65,0,910,0,1,25,178544,2395,0,66,0,0,0,LEADER,1,0,0,0,0,65
181545,84,adaptive-prasle,2080,1,0,0,66,0,924,0,1,84,179465,2080,0,67,0,0,0,LEADER,1,0,0,0,0,66
180821,70,adaptive-prasle,2277,1,0,0,65,0,910,0,1,70,178544,2277,0,66,0,0,0,LEADER,1,0,0,0,0,65
180739,82,adaptive-prasle,2195,1,0,0,65,0,910,0,1,82,178544,2195,0,66,0,0,0,LEADER,1,0,0,0,0,65
180957,67,adaptive-prasle,2413,1,0,0,65,0,910,0,1,67,178544,2413,0,66,0,0,0,LEADER,1,0,0,0,0,65
180909,89,adaptive-prasle,2365,1,0,0,65,0,910,0,1,89,178544,2365,0,66,0,0,0,LEADER,1,0,0,0,0,65
181578,28,adaptive-prasle,2113,1,0,0,66,0,924,0,1,28,179465,2113,0,67,0,0,0,LEADER,1,0,0,0,0,66
181322,68,adaptive-prasle,1855,1,0,0,66,0,924,0,1,68,179467,1855,0,67,0,0,0,LEADER,1,0,0,0,0,66
181273,90,adaptive-prasle,1807,1,0,0,66,0,924,0,1,90,179466,1807,0,67,0,0,0,LEADER,1,0,0,0,0,66
180933,76,adaptive-prasle,1468,1,0,0,66,0,924,0,1,76,179465,1468,0,67,0,0,0,LEADER,1,0,0,0,0,66
181254,10,adaptive-prasle,1789,1,0,0,66,0,924,0,1,10,179465,1789,0,67,0,0,0,LEADER,1,0,0,0,0,66
181686,58,adaptive-prasle,2221,1,0,0,66,0,924,0,1,58,179465,2221,0,67,0,0,0,LEADER,1,0,0,0,0,66
181069,73,adaptive-prasle,1604,1,0,0,66,0,924,0,1,73,179465,1604,0,67,0,0,0,LEADER,1,0,0,0,0,66
180809,59,adaptive-prasle,2265,1,0,0,65,0,910,0,1,59,178544,2265,0,66,0,0,0,LEADER,1,0,0,0,0,65
181084,41,adaptive-prasle,1619,1,0,0,66,0,924,0,1,41,179465,1619,0,67,0,0,0,LEADER,1,0,0,0,0,66
180999,96,adaptive-prasle,1534,1,0,0,66,0,924,0,1,96,179465,1534,0,67,0,0,0,LEADER,1,0,0,0,0,66
181300,74,adaptive-prasle,1837,1,0,0,66,0,924,0,1,74,179463,1837,0,67,0,0,0,LEADER,1,0,0,0,0,66
181232,49,adaptive-prasle,1767,1,0,0,66,0,924,0,1,49,179465,1767,0,67,0,0,0,LEADER,1,0,0,0,0,66
181693,92,adaptive-prasle,2228,1,0,0,66,0,924,0,1,92,179465,2228,0,67,0,0,0,LEADER,1,0,0,0,0,66
180901,66,adaptive-prasle,1434,1,0,0,66,0,924,0,1,66,179467,1434,0,67,0,0,0,LEADER,1,0,0,0,0,66
180924,57,adaptive-prasle,2380,1,0,0,65,0,910,0,1,57,178544,2380,0,66,0,0,0,LEADER,1,0,0,0,0,65
181725,78,adaptive-prasle,2260,1,0,0,66,0,924,0,1,78,179465,2260,0,67,0,0,0,LEADER,1,0,0,0,0,66
180890,39,adaptive-prasle,2346,1,0,0,65,0,910,0,1,39,178544,2346,0,66,0,0,0,LEADER,1,0,0,0,0,65
181608,30,adaptive-prasle,2143,1,0,0,66,0,924,0,1,30,179465,2143,0,67,0,0,0,LEADER,1,0,0,0,0,66
181014,64,adaptive-prasle,1549,1,0,0,66,0,924,0,1,64,179465,1549,0,67,0,0,0,LEADER,1,0,0,0,0,66
181239,80,adaptive-prasle,1774,1,0,0,66,0,924,0,1,80,179465,1774,0,67,0,0,0,LEADER,1,0,0,0,0,66
180977,54,adaptive-prasle,1516,1,0,0,66,0,924,0,1,54,179461,1516,0,67,0,0,0,LEADER,1,0,0,0,0,66
181505,43,adaptive-prasle,2040,1,0,0,66,0,924,0,1,43,179465,2040,0,67,0,0,0,LEADER,1,0,0,0,0,66
181425,26,adaptive-prasle,1960,1,0,0,66,0,924,0,1,26,179465,1960,0,67,0,0,0,LEADER,1,0,0,0,0,66
181054,42,adaptive-prasle,1591,1,0,0,66,0,924,0,1,42,179463,1591,0,67,0,0,0,LEADER,1,0,0,0,0,66
181063,31,adaptive-prasle,1598,1,0,0,66,0,924,0,1,31,179465,1598,0,67,0,0,0,LEADER,1,0,0,0,0,66
181820,94,adaptive-prasle,2355,1,0,0,66,0,924,0,1,94,179465,2355,0,67,0,0,0,LEADER,1,0,0,0,0,66
181390,45,adaptive-prasle,1925,1,0,0,66,0,924,0,1,45,179465,1925,0,67,0,0,0,LEADER,1,0,0,0,0,66
181763,60,adaptive-prasle,2298,1,0,0,66,0,924,0,1,60,179465,2298,0,67,0,0,0,LEADER,1,0,0,0,0,66
181868,44,adaptive-prasle,1483,1,0,0,66,0,924,0,1,44,180385,1483,0,67,0,0,0,LEADER,1,0,0,0,0,66
181117,51,adaptive-prasle,1652,1,0,0,66,0,924,0,1,51,179465,1652,0,67,0,0,0,LEADER,1,0,0,0,0,66
181916,22,adaptive-prasle,1531,1,0,0,66,0,924,0,1,22,180385,1531,0,67,0,0,0,LEADER,1,0,0,0,0,66
181474,33,adaptive-prasle,2007,1,0,0,66,0,924,0,1,33,179467,2007,0,67,0,0,0,LEADER,1,0,0,0,0,66
181629,72,adaptive-prasle,2162,1,0,0,66,0,924,0,1,72,179467,2162,0,67,0,0,0,LEADER,1,0,0,0,0,66
181417,24,adaptive-prasle,1952,1,0,0,66,0,924,0,1,24,179465,1952,0,67,0,0,0,LEADER,1,0,0,0,0,66
181948,32,adaptive-prasle,1564,1,0,0,66,0,924,0,1,32,180384,1564,0,67,0,0,0,LEADER,1,0,0,0,0,66
181136,93,adaptive-prasle,1671,1,0,0,66,0,924,0,1,93,179465,1671,0,67,0,0,0,LEADER,1,0,0,0,0,66
181810,69,adaptive-prasle,2343,1,0,0,66,0,924,0,1,69,179467,2343,0,67,0,0,0,LEADER,1,0,0,0,0,66
181795,79,adaptive-prasle,2331,1,0,0,66,0,924,0,1,79,179464,2331,0,67,0,0,0,LEADER,1,0,0,0,0,66
181490,75,adaptive-prasle,2025,1,0,0,66,0,924,0,1,75,179465,2025,0,67,0,0,0,LEADER,1,0,0,0,0,66
181217,81,adaptive-prasle,1752,1,0,0,66,0,924,0,1,81,179465,1752,0,67,0,0,0,LEADER,1,0,0,0,0,66
181075,52,adaptive-prasle,1610,1,0,0,66,0,924,0,1,52,179465,1610,0,67,0,0,0,LEADER,1,0,0,0,0,66
181554,21,adaptive-prasle,2088,1,0,0,66,0,924,0,1,21,179466,2088,0,67,0,0,0,LEADER,1,0,0,0,0,66
181730,29,adaptive-prasle,2265,1,0,0,66,0,924,0,1,29,179465,2265,0,67,0,0,0,LEADER,1,0,0,0,0,66
181306,100,adaptive-prasle,1841,1,0,0,66,0,924,0,1,100,179465,1841,0,67,0,0,0,LEADER,1,0,0,0,0,66
181151,61,adaptive-prasle,1686,1,0,0,66,0,924,0,1,61,179465,1686,0,67,0,0,0,LEADER,1,0,0,0,0,66
181715,91,adaptive-prasle,2250,1,0,0,66,0,924,0,1,91,179465,2250,0,67,0,0,0,LEADER,1,0,0,0,0,66
181675,37,adaptive-prasle,2210,1,0,0,66,0,924,0,1,37,179465,2210,0,67,0,0,0,LEADER,1,0,0,0,0,66
181218,38,adaptive-prasle,1755,1,0,0,66,0,924,0,1,38,179463,1755,0,67,0,0,0,LEADER,1,0,0,0,0,66
181884,98,adaptive-prasle,2419,1,0,0,66,0,924,0,1,98,179465,2419,0,67,0,0,0,LEADER,1,0,0,0,0,66
181744,27,adaptive-prasle,2280,1,0,0,66,0,924,0,1,27,179464,2280,0,67,0,0,0,LEADER,1,0,0,0,0,66
181593,62,adaptive-prasle,2128,1,0,0,66,0,924,0,1,62,179465,2128,0,67,0,0,0,LEADER,1,0,0,0,0,66
181402,56,adaptive-prasle,1937,1,0,0,66,0,924,0,1,56,179465,1937,0,67,0,0,0,LEADER,1,0,0,0,0,66
181789,99,adaptive-prasle,2328,1,0,0,66,0,924,0,1,99,179461,2328,0,67,0,0,0,LEADER,1,0,0,0,0,66
181669,48,adaptive-prasle,2202,1,0,0,66,0,924,0,1,48,179467,2202,0,67,0,0,0,LEADER,1,0,0,0,0,66
181184,71,adaptive-prasle,1719,1,0,0,66,0,924,0,1,71,179465,1719,0,67,0,0,0,LEADER,1,0,0,0,0,66
181409,87,adaptive-prasle,1944,1,0,0,66,0,924,0,1,87,179465,1944,0,67,0,0,0,LEADER,1,0,0,0,0,66
181335,36,adaptive-prasle,1870,1,0,0,66,0,924,0,1,36,179465,1870,0,67,0,0,0,LEADER,1,0,0,0,0,66
181831,77,adaptive-prasle,1446,1,0,0,66,0,924,0,1,77,180385,1446,0,67,0,0,0,LEADER,1,0,0,0,0,66
182024,83,adaptive-prasle,1637,1,0,0,66,0,924,0,1,83,180387,1637,0,67,0,0,0,LEADER,1,0,0,0,0,66
181524,85,adaptive-prasle,2059,1,0,0,66,0,924,0,1,85,179465,2059,0,67,0,0,0,LEADER,1,0,0,0,0,66
182052,19,adaptive-prasle,1667,1,0,0,66,0,924,0,1,19,180385,1667,0,67,0,0,0,LEADER,1,0,0,0,0,66
182207,65,adaptive-prasle,1822,1,0,0,66,0,924,0,1,65,180385,1822,0,67,0,0,0,LEADER,1,0,0,0,0,66
181813,35,adaptive-prasle,1428,1,0,0,66,0,924,0,1,35,180385,1428,0,67,0,0,0,LEADER,1,0,0,0,0,66
181828,86,adaptive-prasle,1443,1,0,0,66,0,924,0,1,86,180385,1443,0,67,0,0,0,LEADER,1,0,0,0,0,66
181871,50,adaptive-prasle,2406,1,0,0,66,0,924,0,1,50,179465,2406,0,67,0,0,0,LEADER,1,0,0,0,0,66
181886,55,adaptive-prasle,1501,1,0,0,66,0,924,0,1,55,180385,1501,0,67,0,0,0,LEADER,1,0,0,0,0,66
181925,63,adaptive-prasle,1540,1,0,0,66,0,924,0,1,63,180385,1540,0,67,0,0,0,LEADER,1,0,0,0,0,66
182289,46,adaptive-prasle,1904,1,0,0,66,0,924,0,1,46,180385,1904,0,67,0,0,0,LEADER,1,0,0,0,0,66
182084,53,adaptive-prasle,1701,1,0,0,66,0,924,0,1,53,180383,1701,0,67,0,0,0,LEADER,1,0,0,0,0,66
181439,23,adaptive-prasle,1974,1,0,0,66,0,924,0,1,23,179465,1974,0,67,0,0,0,LEADER,1,0,0,0,0,66
182307,88,adaptive-prasle,1922,1,0,0,66,0,924,0,1,88,180385,1922,0,67,0,0,0,LEADER,1,0,0,0,0,66
181834,34,adaptive-prasle,1449,1,0,0,66,0,924,0,1,34,180385,1449,0,67,0,0,0,LEADER,1,0,0,0,0,66
181444,97,adaptive-prasle,1977,1,0,0,66,0,924,0,1,97,179467,1977,0,67,0,0,0,LEADER,1,0,0,0,0,66
181562,20,adaptive-prasle,2095,1,0,0,66,0,924,0,1,20,179467,2095,0,67,0,0,0,LEADER,1,0,0,0,0,66
181642,40,adaptive-prasle,2177,1,0,0,66,0,924,0,1,40,179465,2177,0,67,0,0,0,LEADER,1,0,0,0,0,66
181567,47,adaptive-prasle,2100,1,0,0,66,0,924,0,1,47,179467,2100,0,67,0,0,0,LEADER,1,0,0,0,0,66
182477,95,adaptive-prasle,2092,1,0,0,66,0,924,0,1,95,180385,2092,0,67,0,0,0,LEADER,1,0,0,0,0,66
181860,25,adaptive-prasle,2395,1,0,0,66,0,924,0,1,25,179465,2395,0,67,0,0,0,LEADER,1,0,0,0,0,66
182465,84,adaptive-prasle,2080,1,0,0,66,0,924,0,1,84,180385,2080,0,67,0,0,0,LEADER,1,0,0,0,0,66
181742,70,adaptive-prasle,2277,1,0,0,66,0,924,0,1,70,179465,2277,0,67,0,0,0,LEADER,1,0,0,0,0,66
181660,82,adaptive-prasle,2195,1,0,0,66,0,924,0,1,82,179465,2195,0,67,0,0,0,LEADER,1,0,0,0,0,66
181878,67,adaptive-prasle,2413,1,0,0,66,0,924,0,1,67,179465,2413,0,67,0,0,0,LEADER,1,0,0,0,0,66
181830,89,adaptive-prasle,2365,1,0,0,66,0,924,0,1,89,179465,2365,0,67,0,0,0,LEADER,1,0,0,0,0,66
182498,28,adaptive-prasle,2113,1,0,0,66,0,924,0,1,28,180385,2113,0,67,0,0,0,LEADER,1,0,0,0,0,66
182242,68,adaptive-prasle,1855,1,0,0,66,0,924,0,1,68,180387,1855,0,67,0,0,0,LEADER,1,0,0,0,0,66
182193,90,adaptive-prasle,1807,1,0,0,66,0,924,0,1,90,180386,1807,0,67,0,0,0,LEADER,1,0,0,0,0,66
181853,76,adaptive-prasle,1468,1,0,0,66,0,924,0,1,76,180385,1468,0,67,0,0,0,LEADER,1,0,0,0,0,66
182174,10,adaptive-prasle,1789,1,0,0,66,0,924,0,1,10,180385,1789,0,67,0,0,0,LEADER,1,0,0,0,0,66
182606,58,adaptive-prasle,2221,1,0,0,66,0,924,0,1,58,180385,2221,0,67,0,0,0,LEADER,1,0,0,0,0,66
181989,73,adaptive-prasle,1604,1,0,0,66,0,924,0,1,73,180385,1604,0,67,0,0,0,LEADER,1,0,0,0,0,66
181730,59,adaptive-prasle,2265,1,0,0,66,0,924,0,1,59,179465,2265,0,67,0,0,0,LEADER,1,0,0,0,0,66
182004,41,adaptive-prasle,1619,1,0,0,66,0,924,0,1,41,180385,1619,0,67,0,0,0,LEADER,1,0,0,0,0,66
181919,96,adaptive-prasle,1534,1,0,0,66,0,924,0,1,96,180385,1534,0,67,0,0,0,LEADER,1,0,0,0,0,66
182220,74,adaptive-prasle,1837,1,0,0,66,0,924,0,1,74,180383,1837,0,67,0,0,0,LEADER,1,0,0,0,0,66
182152,49,adaptive-prasle,1767,1,0,0,66,0,924,0,1,49,180385,1767,0,67,0,0,0,LEADER,1,0,0,0,0,66
182613,92,adaptive-prasle,2228,1,0,0,66,0,924,0,1,92,180385,2228,0,67,0,0,0,LEADER,1,0,0,0,0,66
181821,66,adaptive-prasle,1434,1,0,0,66,0,924,0,1,66,180387,1434,0,67,0,0,0,LEADER,1,0,0,0,0,66
181845,57,adaptive-prasle,2380,1,0,0,66,0,924,0,1,57,179465,2380,0,67,0,0,0,LEADER,1,0,0,0,0,66
182645,78,adaptive-prasle,2260,1,0,0,66,0,924,0,1,78,180385,2260,0,67,0,0,0,LEADER,1,0,0,0,0,66
181811,39,adaptive-prasle,2346,1,0,0,66,0,924,0,1,39,179465,2346,0,67,0,0,0,LEADER,1,0,0,0,0,66
182528,30,adaptive-prasle,2143,1,0,0,66,0,924,0,1,30,180385,2143,0,67,0,0,0,LEADER,1,0,0,0,0,66
181934,64,adaptive-prasle,1549,1,0,0,66,0,924,0,1,64,180385,1549,0,67,0,0,0,LEADER,1,0,0,0,0,66
182159,80,adaptive-prasle,1774,1,0,0,66,0,924,0,1,80,180385,1774,0,67,0,0,0,LEADER,1,0,0,0,0,66
181897,54,adaptive-prasle,1516,1,0,0,66,0,924,0,1,54,180381,1516,0,67,0,0,0,LEADER,1,0,0,0,0,66
182425,43,adaptive-prasle,2040,1,0,0,66,0,924,0,1,43,180385,2040,0,67,0,0,0,LEADER,1,0,0,0,0,66
182345,26,adaptive-prasle,1960,1,0,0,66,0,924,0,1,26,180385,1960,0,67,0,0,0,LEADER,1,0,0,0,0,66
181974,42,adaptive-prasle,1591,1,0,0,66,0,924,0,1,42,180383,1591,0,67,0,0,0,LEADER,1,0,0,0,0,66
181983,31,adaptive-prasle,1598,1,0,0,66,0,924,0,1,31,180385,1598,0,67,0,0,0,LEADER,1,0,0,0,0,66
182740,94,adaptive-prasle,2355,1,0,0,66,0,924,0,1,94,180385,2355,0,67,0,0,0,LEADER,1,0,0,0,0,66
182310,45,adaptive-prasle,1925,1,0,0,66,0,924,0,1,45,180385,1925,0,67,0,0,0,LEADER,1,0,0,0,0,66
182683,60,adaptive-prasle,2298,1,0,0,66,0,924,0,1,60,180385,2298,0,67,0,0,0,LEADER,1,0,0,0,0,66
182788,44,adaptive-prasle,1483,1,0,0,66,0,924,0,1,44,181305,1483,0,67,0,0,0,LEADER,1,0,0,0,0,66
182037,51,adaptive-prasle,1652,1,0,0,66,0,924,0,1,51,180385,1652,0,67,0,0,0,LEADER,1,0,0,0,0,66
182836,22,adaptive-prasle,1531,1,0,0,66,0,924,0,1,22,181305,1531,0,67,0,0,0,LEADER,1,0,0,0,0,66
182394,33,adaptive-prasle,2007,1,0,0,66,0,924,0,1,33,180387,2007,0,67,0,0,0,LEADER,1,0,0,0,0,66
182549,72,adaptive-prasle,2162,1,0,0,66,0,924,0,1,72,180387,2162,0,67,0,0,0,LEADER,1,0,0,0,0,66
182337,24,adaptive-prasle,1952,1,0,0,66,0,924,0,1,24,180385,1952,0,67,0,0,0,LEADER,1,0,0,0,0,66
182868,32,adaptive-prasle,1564,1,0,0,66,0,924,0,1,32,181304,1564,0,67,0,0,0,LEADER,1,0,0,0,0,66
182056,93,adaptive-prasle,1671,1,0,0,66,0,924,0,1,93,180385,1671,0,67,0,0,0,LEADER,1,0,0,0,0,66
182715,79,adaptive-prasle,2331,1,0,0,66,0,924,0,1,79,180384,2331,0,67,0,0,0,LEADER,1,0,0,0,0,66
182730,69,adaptive-prasle,2343,1,0,0,66,0,924,0,1,69,180387,2343,0,67,0,0,0,LEADER,1,0,0,0,0,66
182410,75,adaptive-prasle,2025,1,0,0,66,0,924,0,1,75,180385,2025,0,67,0,0,0,LEADER,1,0,0,0,0,66
182137,81,adaptive-prasle,1752,1,0,0,66,0,924,0,1,81,180385,1752,0,67,0,0,0,LEADER,1,0,0,0,0,66
181995,52,adaptive-prasle,1610,1,0,0,66,0,924,0,1,52,180385,1610,0,67,0,0,0,LEADER,1,0,0,0,0,66
182474,21,adaptive-prasle,2088,1,0,0,66,0,924,0,1,21,180386,2088,0,67,0,0,0,LEADER,1,0,0,0,0,66
182650,29,adaptive-prasle,2265,1,0,0,66,0,924,0,1,29,180385,2265,0,67,0,0,0,LEADER,1,0,0,0,0,66
182226,100,adaptive-prasle,1841,1,0,0,66,0,924,0,1,100,180385,1841,0,67,0,0,0,LEADER,1,0,0,0,0,66
182071,61,adaptive-prasle,1686,1,0,0,66,0,924,0,1,61,180385,1686,0,67,0,0,0,LEADER,1,0,0,0,0,66
182635,91,adaptive-prasle,2250,1,0,0,66,0,924,0,1,91,180385,2250,0,67,0,0,0,LEADER,1,0,0,0,0,66
182595,37,adaptive-prasle,2210,1,0,0,66,0,924,0,1,37,180385,2210,0,67,0,0,0,LEADER,1,0,0,0,0,66
182138,38,adaptive-prasle,1755,1,0,0,66,0,924,0,1,38,180383,1755,0,67,0,0,0,LEADER,1,0,0,0,0,66
182804,98,adaptive-prasle,2419,1,0,0,66,0,924,0,1,98,180385,2419,0,67,0,0,0,LEADER,1,0,0,0,0,66
182664,27,adaptive-prasle,2280,1,0,0,66,0,924,0,1,27,180384,2280,0,67,0,0,0,LEADER,1,0,0,0,0,66
182513,62,adaptive-prasle,2128,1,0,0,66,0,924,0,1,62,180385,2128,0,67,0,0,0,LEADER,1,0,0,0,0,66
182322,56,adaptive-prasle,1937,1,0,0,66,0,924,0,1,56,180385,1937,0,67,0,0,0,LEADER,1,0,0,0,0,66
182709,99,adaptive-prasle,2328,1,0,0,66,0,924,0,1,99,180381,2328,0,67,0,0,0,LEADER,1,0,0,0,0,66
182589,48,adaptive-prasle,2202,1,0,0,66,0,924,0,1,48,180387,2202,0,67,0,0,0,LEADER,1,0,0,0,0,66
182104,71,adaptive-prasle,1719,1,0,0,66,0,924,0,1,71,180385,1719,0,67,0,0,0,LEADER,1,0,0,0,0,66
182329,87,adaptive-prasle,1944,1,0,0,66,0,924,0,1,87,180385,1944,0,67,0,0,0,LEADER,1,0,0,0,0,66
182255,36,adaptive-prasle,1870,1,0,0,66,0,924,0,1,36,180385,1870,0,67,0,0,0,LEADER,1,0,0,0,0,66
182751,77,adaptive-prasle,1446,1,0,0,66,0,924,0,1,77,181305,1446,0,67,0,0,0,LEADER,1,0,0,0,0,66
182944,83,adaptive-prasle,1637,1,0,0,66,0,924,0,1,83,181307,1637,0,67,0,0,0,LEADER,1,0,0,0,0,66
182444,85,adaptive-prasle,2059,1,0,0,66,0,924,0,1,85,180385,2059,0,67,0,0,0,LEADER,1,0,0,0,0,66
182972,19,adaptive-prasle,1667,1,0,0,66,0,924,0,1,19,181305,1667,0,67,0,0,0,LEADER,1,0,0,0,0,66
183127,65,adaptive-prasle,1822,1,0,0,66,0,924,0,1,65,181305,1822,0,67,0,0,0,LEADER,1,0,0,0,0,66
182733,35,adaptive-prasle,1428,1,0,0,66,0,924,0,1,35,181305,1428,0,67,0,0,0,LEADER,1,0,0,0,0,66
182748,86,adaptive-prasle,1443,1,0,0,66,0,924,0,1,86,181305,1443,0,67,0,0,0,LEADER,1,0,0,0,0,66
182791,50,adaptive-prasle,2406,1,0,0,66,0,924,0,1,50,180385,2406,0,67,0,0,0,LEADER,1,0,0,0,0,66
182806,55,adaptive-prasle,1501,1,0,0,66,0,924,0,1,55,181305,1501,0,67,0,0,0,LEADER,1,0,0,0,0,66
182845,63,adaptive-prasle,1540,1,0,0,66,0,924,0,1,63,181305,1540,0,67,0,0,0,LEADER,1,0,0,0,0,66
183209,46,adaptive-prasle,1904,1,0,0,66,0,924,0,1,46,181305,1904,0,67,0,0,0,LEADER,1,0,0,0,0,66
183004,53,adaptive-prasle,1701,1,0,0,66,0,924,0,1,53,181303,1701,0,67,0,0,0,LEADER,1,0,0,0,0,66
182359,23,adaptive-prasle,1974,1,0,0,66,0,924,0,1,23,180385,1974,0,67,0,0,0,LEADER,1,0,0,0,0,66
183227,88,adaptive-prasle,1922,1,0,0,66,0,924,0,1,88,181305,1922,0,67,0,0,0,LEADER,1,0,0,0,0,66
182754,34,adaptive-prasle,1449,1,0,0,66,0,924,0,1,34,181305,1449,0,67,0,0,0,LEADER,1,0,0,0,0,66
182364,97,adaptive-prasle,1977,1,0,0,66,0,924,0,1,97,180387,1977,0,67,0,0,0,LEADER,1,0,0,0,0,66
182482,20,adaptive-prasle,2095,1,0,0,66,0,924,0,1,20,180387,2095,0,67,0,0,0,LEADER,1,0,0,0,0,66
182562,40,adaptive-prasle,2177,1,0,0,66,0,924,0,1,40,180385,2177,0,67,0,0,0,LEADER,1,0,0,0,0,66
182487,47,adaptive-prasle,2100,1,0,0,66,0,924,0,1,47,180387,2100,0,67,0,0,0,LEADER,1,0,0,0,0,66
183088,15,adaptive-prasle,2361,1,0,0,11,11,154,154,3,3,180727,2361,0,6,0,0,0,NORMAL,0,0,0,0,0,11
183397,95,adaptive-prasle,2092,1,0,0,66,0,924,0,1,95,181305,2092,0,67,0,0,0,LEADER,1,0,0,0,0,66
182780,25,adaptive-prasle,2395,1,0,0,66,0,924,0,1,25,180385,2395,0,67,0,0,0,LEADER,1,0,0,0,0,66
183385,84,adaptive-prasle,2080,1,0,0,66,0,924,0,1,84,181305,2080,0,67,0,0,0,LEADER,1,0,0,0,0,66
182662,70,adaptive-prasle,2277,1,0,0,66,0,924,0,1,70,180385,2277,0,67,0,0,0,LEADER,1,0,0,0,0,66
182580,82,adaptive-prasle,2195,1,0,0,66,0,924,0,1,82,180385,2195,0,67,0,0,0,LEADER,1,0,0,0,0,66
182798,67,adaptive-prasle,2413,1,0,0,66,0,924,0,1,67,180385,2413,0,67,0,0,0,LEADER,1,0,0,0,0,66
182750,89,adaptive-prasle,2365,1,0,0,66,0,924,0,1,89,180385,2365,0,67,0,0,0,LEADER,1,0,0,0,0,66
183418,28,adaptive-prasle,2113,1,0,0,66,0,924,0,1,28,181305,2113,0,67,0,0,0,LEADER,1,0,0,0,0,66
183162,68,adaptive-prasle,1855,1,0,0,66,0,924,0,1,68,181307,1855,0,67,0,0,0,LEADER,1,0,0,0,0,66
183113,90,adaptive-prasle,1807,1,0,0,66,0,924,0,1,90,181306,1807,0,67,0,0,0,LEADER,1,0,0,0,0,66
182773,76,adaptive-prasle,1468,1,0,0,66,0,924,0,1,76,181305,1468,0,67,0,0,0,LEADER,1,0,0,0,0,66
183526,58,adaptive-prasle,2221,1,0,0,66,0,924,0,1,58,181305,2221,0,67,0,0,0,LEADER,1,0,0,0,0,66
183094,10,adaptive-prasle,1789,1,0,0,66,0,924,0,1,10,181305,1789,0,67,0,0,0,LEADER,1,0,0,0,0,66
182909,73,adaptive-prasle,1604,1,0,0,66,0,924,0,1,73,181305,1604,0,67,0,0,0,LEADER,1,0,0,0,0,66
182650,59,adaptive-prasle,2265,1,0,0,66,0,924,0,1,59,180385,2265,0,67,0,0,0,LEADER,1,0,0,0,0,66
182924,41,adaptive-prasle,1619,1,0,0,66,0,924,0,1,41,181305,1619,0,67,0,0,0,LEADER,1,0,0,0,0,66
182839,96,adaptive-prasle,1534,1,0,0,66,0,924,0,1,96,181305,1534,0,67,0,0,0,LEADER,1,0,0,0,0,66
183140,74,adaptive-prasle,1837,1,0,0,66,0,924,0,1,74,181303,1837,0,67,0,0,0,LEADER,1,0,0,0,0,66
183072,49,adaptive-prasle,1767,1,0,0,66,0,924,0,1,49,181305,1767,0,67,0,0,0,LEADER,1,0,0,0,0,66
183533,92,adaptive-prasle,2228,1,0,0,66,0,924,0,1,92,181305,2228,0,67,0,0,0,LEADER,1,0,0,0,0,66
182741,66,adaptive-prasle,1434,1,0,0,66,0,924,0,1,66,181307,1434,0,67,0,0,0,LEADER,1,0,0,0,0,66
182765,57,adaptive-prasle,2380,1,0,0,66,0,924,0,1,57,180385,2380,0,67,0,0,0,LEADER,1,0,0,0,0,66
183565,78,adaptive-prasle,2260,1,0,0,66,0,924,0,1,78,181305,2260,0,67,0,0,0,LEADER,1,0,0,0,0,66
182731,39,adaptive-prasle,2346,1,0,0,66,0,924,0,1,39,180385,2346,0,67,0,0,0,LEADER,1,0,0,0,0,66
183448,30,adaptive-prasle,2143,1,0,0,66,0,924,0,1,30,181305,2143,0,67,0,0,0,LEADER,1,0,0,0,0,66
182854,64,adaptive-prasle,1549,1,0,0,66,0,924,0,1,64,181305,1549,0,67,0,0,0,LEADER,1,0,0,0,0,66
183079,80,adaptive-prasle,1774,1,0,0,66,0,924,0,1,80,181305,1774,0,67,0,0,0,LEADER,1,0,0,0,0,66
182817,54,adaptive-prasle,1516,1,0,0,66,0,924,0,1,54,181301,1516,0,67,0,0,0,LEADER,1,0,0,0,0,66
183345,43,adaptive-prasle,2040,1,0,0,66,0,924,0,1,43,181305,2040,0,67,0,0,0,LEADER,1,0,0,0,0,66
183265,26,adaptive-prasle,1960,1,0,0,66,0,924,0,1,26,181305,1960,0,67,0,0,0,LEADER,1,0,0,0,0,66
182894,42,adaptive-prasle,1591,1,0,0,66,0,924,0,1,42,181303,1591,0,67,0,0,0,LEADER,1,0,0,0,0,66
182903,31,adaptive-prasle,1598,1,0,0,66,0,924,0,1,31,181305,1598,0,67,0,0,0,LEADER,1,0,0,0,0,66
183660,94,adaptive-prasle,2355,1,0,0,66,0,924,0,1,94,181305,2355,0,67,0,0,0,LEADER,1,0,0,0,0,66
183230,45,adaptive-prasle,1925,1,0,0,66,0,924,0,1,45,181305,1925,0,67,0,0,0,LEADER,1,0,0,0,0,66
183603,60,adaptive-prasle,2298,1,0,0,66,0,924,0,1,60,181305,2298,0,67,0,0,0,LEADER,1,0,0,0,0,66
183709,44,adaptive-prasle,1483,1,0,0,67,0,938,0,1,44,182226,1483,0,68,0,0,0,LEADER,1,0,0,0,0,67
182957,51,adaptive-prasle,1652,1,0,0,66,0,924,0,1,51,181305,1652,0,67,0,0,0,LEADER,1,0,0,0,0,66
183314,33,adaptive-prasle,2007,1,0,0,66,0,924,0,1,33,181307,2007,0,67,0,0,0,LEADER,1,0,0,0,0,66
183757,22,adaptive-prasle,1531,1,0,0,67,0,938,0,1,22,182226,1531,0,68,0,0,0,LEADER,1,0,0,0,0,67
183469,72,adaptive-prasle,2162,1,0,0,66,0,924,0,1,72,181307,2162,0,67,0,0,0,LEADER,1,0,0,0,0,66
183257,24,adaptive-prasle,1952,1,0,0,66,0,924,0,1,24,181305,1952,0,67,0,0,0,LEADER,1,0,0,0,0,66
183789,32,adaptive-prasle,1564,1,0,0,67,0,938,0,1,32,182225,1564,0,68,0,0,0,LEADER,1,0,0,0,0,67
182976,93,adaptive-prasle,1671,1,0,0,66,0,924,0,1,93,181305,1671,0,67,0,0,0,LEADER,1,0,0,0,0,66
183635,79,adaptive-prasle,2331,1,0,0,66,0,924,0,1,79,181304,2331,0,67,0,0,0,LEADER,1,0,0,0,0,66
183650,69,adaptive-prasle,2343,1,0,0,66,0,924,0,1,69,181307,2343,0,67,0,0,0,LEADER,1,0,0,0,0,66
183330,75,adaptive-prasle,2025,1,0,0,66,0,924,0,1,75,181305,2025,0,67,0,0,0,LEADER,1,0,0,0,0,66
183057,81,adaptive-prasle,1752,1,0,0,66,0,924,0,1,81,181305,1752,0,67,0,0,0,LEADER,1,0,0,0,0,66
182915,52,adaptive-prasle,1610,1,0,0,66,0,924,0,1,52,181305,1610,0,67,0,0,0,LEADER,1,0,0,0,0,66
183394,21,adaptive-prasle,2088,1,0,0,66,0,924,0,1,21,181306,2088,0,67,0,0,0,LEADER,1,0,0,0,0,66
183570,29,adaptive-prasle,2265,1,0,0,66,0,924,0,1,29,181305,2265,0,67,0,0,0,LEADER,1,0,0,0,0,66
183146,100,adaptive-prasle,1841,1,0,0,66,0,924,0,1,100,181305,1841,0,67,0,0,0,LEADER,1,0,0,0,0,66
182991,61,adaptive-prasle,1686,1,0,0,66,0,924,0,1,61,181305,1686,0,67,0,0,0,LEADER,1,0,0,0,0,66
183555,91,adaptive-prasle,2250,1,0,0,66,0,924,0,1,91,181305,2250,0,67,0,0,0,LEADER,1,0,0,0,0,66
183515,37,adaptive-prasle,2210,1,0,0,66,0,924,0,1,37,181305,2210,0,67,0,0,0,LEADER,1,0,0,0,0,66
183058,38,adaptive-prasle,1755,1,0,0,66,0,924,0,1,38,181303,1755,0,67,0,0,0,LEADER,1,0,0,0,0,66
183724,98,adaptive-prasle,2419,1,0,0,66,0,924,0,1,98,181305,2419,0,67,0,0,0,LEADER,1,0,0,0,0,66
183584,27,adaptive-prasle,2280,1,0,0,66,0,924,0,1,27,181304,2280,0,67,0,0,0,LEADER,1,0,0,0,0,66
183242,56,adaptive-prasle,1937,1,0,0,66,0,924,0,1,56,181305,1937,0,67,0,0,0,LEADER,1,0,0,0,0,66
183433,62,adaptive-prasle,2128,1,0,0,66,0,924,0,1,62,181305,2128,0,67,0,0,0,LEADER,1,0,0,0,0,66
183629,99,adaptive-prasle,2328,1,0,0,66,0,924,0,1,99,181301,2328,0,67,0,0,0,LEADER,1,0,0,0,0,66
183509,48,adaptive-prasle,2202,1,0,0,66,0,924,0,1,48,181307,2202,0,67,0,0,0,LEADER,1,0,0,0,0,66
183024,71,adaptive-prasle,1719,1,0,0,66,0,924,0,1,71,181305,1719,0,67,0,0,0,LEADER,1,0,0,0,0,66
183249,87,adaptive-prasle,1944,1,0,0,66,0,924,0,1,87,181305,1944,0,67,0,0,0,LEADER,1,0,0,0,0,66
183175,36,adaptive-prasle,1870,1,0,0,66,0,924,0,1,36,181305,1870,0,67,0,0,0,LEADER,1,0,0,0,0,66
183672,77,adaptive-prasle,1446,1,0,0,67,0,938,0,1,77,182226,1446,0,68,0,0,0,LEADER,1,0,0,0,0,67
183865,83,adaptive-prasle,1637,1,0,0,67,0,938,0,1,83,182228,1637,0,68,0,0,0,LEADER,1,0,0,0,0,67
183364,85,adaptive-prasle,2059,1,0,0,66,0,924,0,1,85,181305,2059,0,67,0,0,0,LEADER,1,0,0,0,0,66
183893,19,adaptive-prasle,1667,1,0,0,67,0,938,0,1,19,182226,1667,0,68,0,0,0,LEADER,1,0,0,0,0,67
184048,65,adaptive-prasle,1822,1,0,0,67,0,938,0,1,65,182226,1822,0,68,0,0,0,LEADER,1,0,0,0,0,67
183654,35,adaptive-prasle,1428,1,0,0,67,0,938,0,1,35,182226,1428,0,68,0,0,0,LEADER,1,0,0,0,0,67
183669,86,adaptive-prasle,1443,1,0,0,67,0,938,0,1,86,182226,1443,0,68,0,0,0,LEADER,1,0,0,0,0,67
183711,50,adaptive-prasle,2406,1,0,0,66,0,924,0,1,50,181305,2406,0,67,0,0,0,LEADER,1,0,0,0,0,66
183727,55,adaptive-prasle,1501,1,0,0,67,0,938,0,1,55,182226,1501,0,68,0,0,0,LEADER,1,0,0,0,0,67
183766,63,adaptive-prasle,1540,1,0,0,67,0,938,0,1,63,182226,1540,0,68,0,0,0,LEADER,1,0,0,0,0,67
184130,46,adaptive-prasle,1904,1,0,0,67,0,938,0,1,46,182226,1904,0,68,0,0,0,LEADER,1,0,0,0,0,67
183925,53,adaptive-prasle,1701,1,0,0,67,0,938,0,1,53,182224,1701,0,68,0,0,0,LEADER,1,0,0,0,0,67
183279,23,adaptive-prasle,1974,1,0,0,66,0,924,0,1,23,181305,1974,0,67,0,0,0,LEADER,1,0,0,0,0,66
184148,88,adaptive-prasle,1922,1,0,0,67,0,938,0,1,88,182226,1922,0,68,0,0,0,LEADER,1,0,0,0,0,67
183675,34,adaptive-prasle,1449,1,0,0,67,0,938,0,1,34,182226,1449,0,68,0,0,0,LEADER,1,0,0,0,0,67
183284,97,adaptive-prasle,1977,1,0,0,66,0,924,0,1,97,181307,1977,0,67,0,0,0,LEADER,1,0,0,0,0,66
183402,20,adaptive-prasle,2095,1,0,0,66,0,924,0,1,20,181307,2095,0,67,0,0,0,LEADER,1,0,0,0,0,66
183482,40,adaptive-prasle,2177,1,0,0,66,0,924,0,1,40,181305,2177,0,67,0,0,0,LEADER,1,0,0,0,0,66
183407,47,adaptive-prasle,2100,1,0,0,66,0,924,0,1,47,181307,2100,0,67,0,0,0,LEADER,1,0,0,0,0,66
184318,95,adaptive-prasle,2092,1,0,0,67,0,938,0,1,95,182226,2092,0,68,0,0,0,LEADER,1,0,0,0,0,67
183700,25,adaptive-prasle,2395,1,0,0,66,0,924,0,1,25,181305,2395,0,67,0,0,0,LEADER,1,0,0,0,0,66
184306,84,adaptive-prasle,2080,1,0,0,67,0,938,0,1,84,182226,2080,0,68,0,0,0,LEADER,1,0,0,0,0,67
183582,70,adaptive-prasle,2277,1,0,0,66,0,924,0,1,70,181305,2277,0,67,0,0,0,LEADER,1,0,0,0,0,66
183500,82,adaptive-prasle,2195,1,0,0,66,0,924,0,1,82,181305,2195,0,67,0,0,0,LEADER,1,0,0,0,0,66
183718,67,adaptive-prasle,2413,1,0,0,66,0,924,0,1,67,181305,2413,0,67,0,0,0,LEADER,1,0,0,0,0,66
183670,89,adaptive-prasle,2365,1,0,0,66,0,924,0,1,89,181305,2365,0,67,0,0,0,LEADER,1,0,0,0,0,66
184339,28,adaptive-prasle,2113,1,0,0,67,0,938,0,1,28,182226,2113,0,68,0,0,0,LEADER,1,0,0,0,0,67
184083,68,adaptive-prasle,1855,1,0,0,67,0,938,0,1,68,182228,1855,0,68,0,0,0,LEADER,1,0,0,0,0,67
184034,90,adaptive-prasle,1807,1,0,0,67,0,938,0,1,90,182227,1807,0,68,0,0,0,LEADER,1,0,0,0,0,67
183694,76,adaptive-prasle,1468,1,0,0,67,0,938,0,1,76,182226,1468,0,68,0,0,0,LEADER,1,0,0,0,0,67
184015,10,adaptive-prasle,1789,1,0,0,67,0,938,0,1,10,182226,1789,0,68,0,0,0,LEADER,1,0,0,0,0,67
184447,58,adaptive-prasle,2221,1,0,0,67,0,938,0,1,58,182226,2221,0,68,0,0,0,LEADER,1,0,0,0,0,67
183830,73,adaptive-prasle,1604,1,0,0,67,0,938,0,1,73,182226,1604,0,68,0,0,0,LEADER,1,0,0,0,0,67
183570,59,adaptive-prasle,2265,1,0,0,66,0,924,0,1,59,181305,2265,0,67,0,0,0,LEADER,1,0,0,0,0,66
183845,41,adaptive-prasle,1619,1,0,0,67,0,938,0,1,41,182226,1619,0,68,0,0,0,LEADER,1,0,0,0,0,67
183760,96,adaptive-prasle,1534,1,0,0,67,0,938,0,1,96,182226,1534,0,68,0,0,0,LEADER,1,0,0,0,0,67
184061,74,adaptive-prasle,1837,1,0,0,67,0,938,0,1,74,182224,1837,0,68,0,0,0,LEADER,1,0,0,0,0,67
183993,49,adaptive-prasle,1767,1,0,0,67,0,938,0,1,49,182226,1767,0,68,0,0,0,LEADER,1,0,0,0,0,67
184454,92,adaptive-prasle,2228,1,0,0,67,0,938,0,1,92,182226,2228,0,68,0,0,0,LEADER,1,0,0,0,0,67
183662,66,adaptive-prasle,1434,1,0,0,67,0,938,0,1,66,182228,1434,0,68,0,0,0,LEADER,1,0,0,0,0,67
183685,57,adaptive-prasle,2380,1,0,0,66,0,924,0,1,57,181305,2380,0,67,0,0,0,LEADER,1,0,0,0,0,66
184486,78,adaptive-prasle,2260,1,0,0,67,0,938,0,1,78,182226,2260,0,68,0,0,0,LEADER,1,0,0,0,0,67
183651,39,adaptive-prasle,2346,1,0,0,66,0,924,0,1,39,181305,2346,0,67,0,0,0,LEADER,1,0,0,0,0,66
184369,30,adaptive-prasle,2143,1,0,0,67,0,938,0,1,30,182226,2143,0,68,0,0,0,LEADER,1,0,0,0,0,67
183775,64,adaptive-prasle,1549,1,0,0,67,0,938,0,1,64,182226,1549,0,68,0,0,0,LEADER,1,0,0,0,0,67
184000,80,adaptive-prasle,1774,1,0,0,67,0,938,0,1,80,182226,1774,0,68,0,0,0,LEADER,1,0,0,0,0,67
183737,54,adaptive-prasle,1516,1,0,0,67,0,938,0,1,54,182221,1516,0,68,0,0,0,LEADER,1,0,0,0,0,67
184266,43,adaptive-prasle,2040,1,0,0,67,0,938,0,1,43,182226,2040,0,68,0,0,0,LEADER,1,0,0,0,0,67
184186,26,adaptive-prasle,1960,1,0,0,67,0,938,0,1,26,182226,1960,0,68,0,0,0,LEADER,1,0,0,0,0,67
183815,42,adaptive-prasle,1591,1,0,0,67,0,938,0,1,42,182224,1591,0,68,0,0,0,LEADER,1,0,0,0,0,67
183824,31,adaptive-prasle,1598,1,0,0,67,0,938,0,1,31,182226,1598,0,68,0,0,0,LEADER,1,0,0,0,0,67
184581,94,adaptive-prasle,2355,1,0,0,67,0,938,0,1,94,182226,2355,0,68,0,0,0,LEADER,1,0,0,0,0,67
184151,45,adaptive-prasle,1925,1,0,0,67,0,938,0,1,45,182226,1925,0,68,0,0,0,LEADER,1,0,0,0,0,67
184524,60,adaptive-prasle,2298,1,0,0,67,0,938,0,1,60,182226,2298,0,68,0,0,0,LEADER,1,0,0,0,0,67
184629,44,adaptive-prasle,1483,1,0,0,67,0,938,0,1,44,183146,1483,0,68,0,0,0,LEADER,1,0,0,0,0,67
183878,51,adaptive-prasle,1652,1,0,0,67,0,938,0,1,51,182226,1652,0,68,0,0,0,LEADER,1,0,0,0,0,67
184677,22,adaptive-prasle,1531,1,0,0,67,0,938,0,1,22,183146,1531,0,68,0,0,0,LEADER,1,0,0,0,0,67
184235,33,adaptive-prasle,2007,1,0,0,67,0,938,0,1,33,182228,2007,0,68,0,0,0,LEADER,1,0,0,0,0,67
184390,72,adaptive-prasle,2162,1,0,0,67,0,938,0,1,72,182228,2162,0,68,0,0,0,LEADER,1,0,0,0,0,67
184178,24,adaptive-prasle,1952,1,0,0,67,0,938,0,1,24,182226,1952,0,68,0,0,0,LEADER,1,0,0,0,0,67
184709,32,adaptive-prasle,1564,1,0,0,67,0,938,0,1,32,183145,1564,0,68,0,0,0,LEADER,1,0,0,0,0,67
183897,93,adaptive-prasle,1671,1,0,0,67,0,938,0,1,93,182226,1671,0,68,0,0,0,LEADER,1,0,0,0,0,67
184571,69,adaptive-prasle,2343,1,0,0,67,0,938,0,1,69,182228,2343,0,68,0,0,0,LEADER,1,0,0,0,0,67
184556,79,adaptive-prasle,2331,1,0,0,67,0,938,0,1,79,182225,2331,0,68,0,0,0,LEADER,1,0,0,0,0,67
184251,75,adaptive-prasle,2025,1,0,0,67,0,938,0,1,75,182226,2025,0,68,0,0,0,LEADER,1,0,0,0,0,67
183978,81,adaptive-prasle,1752,1,0,0,67,0,938,0,1,81,182226,1752,0,68,0,0,0,LEADER,1,0,0,0,0,67
183836,52,adaptive-prasle,1610,1,0,0,67,0,938,0,1,52,182226,1610,0,68,0,0,0,LEADER,1,0,0,0,0,67
184315,21,adaptive-prasle,2088,1,0,0,67,0,938,0,1,21,182227,2088,0,68,0,0,0,LEADER,1,0,0,0,0,67
184491,29,adaptive-prasle,2265,1,0,0,67,0,938,0,1,29,182226,2265,0,68,0,0,0,LEADER,1,0,0,0,0,67
184067,100,adaptive-prasle,1841,1,0,0,67,0,938,0,1,100,182226,1841,0,68,0,0,0,LEADER,1,0,0,0,0,67
183912,61,adaptive-prasle,1686,1,0,0,67,0,938,0,1,61,182226,1686,0,68,0,0,0,LEADER,1,0,0,0,0,67
184476,91,adaptive-prasle,2250,1,0,0,67,0,938,0,1,91,182226,2250,0,68,0,0,0,LEADER,1,0,0,0,0,67
184436,37,adaptive-prasle,2210,1,0,0,67,0,938,0,1,37,182226,2210,0,68,0,0,0,LEADER,1,0,0,0,0,67
183979,38,adaptive-prasle,1755,1,0,0,67,0,938,0,1,38,182224,1755,0,68,0,0,0,LEADER,1,0,0,0,0,67
184645,98,adaptive-prasle,2419,1,0,0,67,0,938,0,1,98,182226,2419,0,68,0,0,0,LEADER,1,0,0,0,0,67
184505,27,adaptive-prasle,2280,1,0,0,67,0,938,0,1,27,182225,2280,0,68,0,0,0,LEADER,1,0,0,0,0,67
184354,62,adaptive-prasle,2128,1,0,0,67,0,938,0,1,62,182226,2128,0,68,0,0,0,LEADER,1,0,0,0,0,67
184163,56,adaptive-prasle,1937,1,0,0,67,0,938,0,1,56,182226,1937,0,68,0,0,0,LEADER,1,0,0,0,0,67
184550,99,adaptive-prasle,2328,1,0,0,67,0,938,0,1,99,182222,2328,0,68,0,0,0,LEADER,1,0,0,0,0,67
184430,48,adaptive-prasle,2202,1,0,0,67,0,938,0,1,48,182228,2202,0,68,0,0,0,LEADER,1,0,0,0,0,67
183945,71,adaptive-prasle,1719,1,0,0,67,0,938,0,1,71,182226,1719,0,68,0,0,0,LEADER,1,0,0,0,0,67
184170,87,adaptive-prasle,1944,1,0,0,67,0,938,0,1,87,182226,1944,0,68,0,0,0,LEADER,1,0,0,0,0,67
184096,36,adaptive-prasle,1870,1,0,0,67,0,938,0,1,36,182226,1870,0,68,0,0,0,LEADER,1,0,0,0,0,67
184592,77,adaptive-prasle,1446,1,0,0,67,0,938,0,1,77,183146,1446,0,68,0,0,0,LEADER,1,0,0,0,0,67
184785,83,adaptive-prasle,1637,1,0,0,67,0,938,0,1,83,183148,1637,0,68,0,0,0,LEADER,1,0,0,0,0,67
184285,85,adaptive-prasle,2059,1,0,0,67,0,938,0,1,85,182226,2059,0,68,0,0,0,LEADER,1,0,0,0,0,67
184813,19,adaptive-prasle,1667,1,0,0,67,0,938,0,1,19,183146,1667,0,68,0,0,0,LEADER,1,0,0,0,0,67
184968,65,adaptive-prasle,1822,1,0,0,67,0,938,0,1,65,183146,1822,0,68,0,0,0,LEADER,1,0,0,0,0,67
184574,35,adaptive-prasle,1428,1,0,0,67,0,938,0,1,35,183146,1428,0,68,0,0,0,LEADER,1,0,0,0,0,67
184589,86,adaptive-prasle,1443,1,0,0,67,0,938,0,1,86,183146,1443,0,68,0,0,0,LEADER,1,0,0,0,0,67
184632,50,adaptive-prasle,2406,1,0,0,67,0,938,0,1,50,182226,2406,0,68,0,0,0,LEADER,1,0,0,0,0,67
184647,55,adaptive-prasle,1501,1,0,0,67,0,938,0,1,55,183146,1501,0,68,0,0,0,LEADER,1,0,0,0,0,67
184690,16,adaptive-prasle,1805,1,0,0,16,13,224,182,5,3,182885,1805,0,6,0,0,0,NORMAL,0,0,0,0,0,16
184686,63,adaptive-prasle,1540,1,0,0,67,0,938,0,1,63,183146,1540,0,68,0,0,0,LEADER,1,0,0,0,0,67
185050,46,adaptive-prasle,1904,1,0,0,67,0,938,0,1,46,183146,1904,0,68,0,0,0,LEADER,1,0,0,0,0,67
184845,53,adaptive-prasle,1701,1,0,0,67,0,938,0,1,53,183144,1701,0,68,0,0,0,LEADER,1,0,0,0,0,67
184200,23,adaptive-prasle,1974,1,0,0,67,0,938,0,1,23,182226,1974,0,68,0,0,0,LEADER,1,0,0,0,0,67
185068,88,adaptive-prasle,1922,1,0,0,67,0,938,0,1,88,183146,1922,0,68,0,0,0,LEADER,1,0,0,0,0,67
184595,34,adaptive-prasle,1449,1,0,0,67,0,938,0,1,34,183146,1449,0,68,0,0,0,LEADER,1,0,0,0,0,67
184205,97,adaptive-prasle,1977,1,0,0,67,0,938,0,1,97,182228,1977,0,68,0,0,0,LEADER,1,0,0,0,0,67
184323,20,adaptive-prasle,2095,1,0,0,67,0,938,0,1,20,182228,2095,0,68,0,0,0,LEADER,1,0,0,0,0,67
184403,40,adaptive-prasle,2177,1,0,0,67,0,938,0,1,40,182226,2177,0,68,0,0,0,LEADER,1,0,0,0,0,67
184328,47,adaptive-prasle,2100,1,0,0,67,0,938,0,1,47,182228,2100,0,68,0,0,0,LEADER,1,0,0,0,0,67
185238,95,adaptive-prasle,2092,1,0,0,67,0,938,0,1,95,183146,2092,0,68,0,0,0,LEADER,1,0,0,0,0,67
184621,25,adaptive-prasle,2395,1,0,0,67,0,938,0,1,25,182226,2395,0,68,0,0,0,LEADER,1,0,0,0,0,67
185226,84,adaptive-prasle,2080,1,0,0,67,0,938,0,1,84,183146,2080,0,68,0,0,0,LEADER,1,0,0,0,0,67
184503,70,adaptive-prasle,2277,1,0,0,67,0,938,0,1,70,182226,2277,0,68,0,0,0,LEADER,1,0,0,0,0,67
184421,82,adaptive-prasle,2195,1,0,0,67,0,938,0,1,82,182226,2195,0,68,0,0,0,LEADER,1,0,0,0,0,67
184639,67,adaptive-prasle,2413,1,0,0,67,0,938,0,1,67,182226,2413,0,68,0,0,0,LEADER,1,0,0,0,0,67
184591,89,adaptive-prasle,2365,1,0,0,67,0,938,0,1,89,182226,2365,0,68,0,0,0,LEADER,1,0,0,0,0,67
185259,28,adaptive-prasle,2113,1,0,0,67,0,938,0,1,28,183146,2113,0,68,0,0,0,LEADER,1,0,0,0,0,67
185003,68,adaptive-prasle,1855,1,0,0,67,0,938,0,1,68,183148,1855,0,68,0,0,0,LEADER,1,0,0,0,0,67
184954,90,adaptive-prasle,1807,1,0,0,67,0,938,0,1,90,183147,1807,0,68,0,0,0,LEADER,1,0,0,0,0,67
184614,76,adaptive-prasle,1468,1,0,0,67,0,938,0,1,76,183146,1468,0,68,0,0,0,LEADER,1,0,0,0,0,67
184935,10,adaptive-prasle,1789,1,0,0,67,0,938,0,1,10,183146,1789,0,68,0,0,0,LEADER,1,0,0,0,0,67
185367,58,adaptive-prasle,2221,1,0,0,67,0,938,0,1,58,183146,2221,0,68,0,0,0,LEADER,1,0,0,0,0,67
184750,73,adaptive-prasle,1604,1,0,0,67,0,938,0,1,73,183146,1604,0,68,0,0,0,LEADER,1,0,0,0,0,67
184491,59,adaptive-prasle,2265,1,0,0,67,0,938,0,1,59,182226,2265,0,68,0,0,0,LEADER,1,0,0,0,0,67
184765,41,adaptive-prasle,1619,1,0,0,67,0,938,0,1,41,183146,1619,0,68,0,0,0,LEADER,1,0,0,0,0,67
184680,96,adaptive-prasle,1534,1,0,0,67,0,938,0,1,96,183146,1534,0,68,0,0,0,LEADER,1,0,0,0,0,67
184981,74,adaptive-prasle,1837,1,0,0,67,0,938,0,1,74,183144,1837,0,68,0,0,0,LEADER,1,0,0,0,0,67
184913,49,adaptive-prasle,1767,1,0,0,67,0,938,0,1,49,183146,1767,0,68,0,0,0,LEADER,1,0,0,0,0,67
185374,92,adaptive-prasle,2228,1,0,0,67,0,938,0,1,92,183146,2228,0,68,0,0,0,LEADER,1,0,0,0,0,67
184582,66,adaptive-prasle,1434,1,0,0,67,0,938,0,1,66,183148,1434,0,68,0,0,0,LEADER,1,0,0,0,0,67
184606,57,adaptive-prasle,2380,1,0,0,67,0,938,0,1,57,182226,2380,0,68,0,0,0,LEADER,1,0,0,0,0,67
185406,78,adaptive-prasle,2260,1,0,0,67,0,938,0,1,78,183146,2260,0,68,0,0,0,LEADER,1,0,0,0,0,67
184572,39,adaptive-prasle,2346,1,0,0,67,0,938,0,1,39,182226,2346,0,68,0,0,0,LEADER,1,0,0,0,0,67
185289,30,adaptive-prasle,2143,1,0,0,67,0,938,0,1,30,183146,2143,0,68,0,0,0,LEADER,1,0,0,0,0,67
184695,64,adaptive-prasle,1549,1,0,0,67,0,938,0,1,64,183146,1549,0,68,0,0,0,LEADER,1,0,0,0,0,67
184920,80,adaptive-prasle,1774,1,0,0,67,0,938,0,1,80,183146,1774,0,68,0,0,0,LEADER,1,0,0,0,0,67
184657,54,adaptive-prasle,1516,1,0,0,67,0,938,0,1,54,183141,1516,0,68,0,0,0,LEADER,1,0,0,0,0,67
185186,43,adaptive-prasle,2040,1,0,0,67,0,938,0,1,43,183146,2040,0,68,0,0,0,LEADER,1,0,0,0,0,67
185106,26,adaptive-prasle,1960,1,0,0,67,0,938,0,1,26,183146,1960,0,68,0,0,0,LEADER,1,0,0,0,0,67
184735,42,adaptive-prasle,1591,1,0,0,67,0,938,0,1,42,183144,1591,0,68,0,0,0,LEADER,1,0,0,0,0,67
184744,31,adaptive-prasle,1598,1,0,0,67,0,938,0,1,31,183146,1598,0,68,0,0,0,LEADER,1,0,0,0,0,67
185501,94,adaptive-prasle,2355,1,0,0,67,0,938,0,1,94,183146,2355,0,68,0,0,0,LEADER,1,0,0,0,0,67
185071,45,adaptive-prasle,1925,1,0,0,67,0,938,0,1,45,183146,1925,0,68,0,0,0,LEADER,1,0,0,0,0,67
185444,60,adaptive-prasle,2298,1,0,0,67,0,938,0,1,60,183146,2298,0,68,0,0,0,LEADER,1,0,0,0,0,67
185549,44,adaptive-prasle,1483,1,0,0,67,0,938,0,1,44,184066,1483,0,68,0,0,0,LEADER,1,0,0,0,0,67
184798,51,adaptive-prasle,1652,1,0,0,67,0,938,0,1,51,183146,1652,0,68,0,0,0,LEADER,1,0,0,0,0,67
185155,33,adaptive-prasle,2007,1,0,0,67,0,938,0,1,33,183148,2007,0,68,0,0,0,LEADER,1,0,0,0,0,67
185597,22,adaptive-prasle,1531,1,0,0,67,0,938,0,1,22,184066,1531,0,68,0,0,0,LEADER,1,0,0,0,0,67
185310,72,adaptive-prasle,2162,1,0,0,67,0,938,0,1,72,183148,2162,0,68,0,0,0,LEADER,1,0,0,0,0,67
185098,24,adaptive-prasle,1952,1,0,0,67,0,938,0,1,24,183146,1952,0,68,0,0,0,LEADER,1,0,0,0,0,67
185629,32,adaptive-prasle,1564,1,0,0,67,0,938,0,1,32,184065,1564,0,68,0,0,0,LEADER,1,0,0,0,0,67
184817,93,adaptive-prasle,1671,1,0,0,67,0,938,0,1,93,183146,1671,0,68,0,0,0,LEADER,1,0,0,0,0,67
185476,79,adaptive-prasle,2331,1,0,0,67,0,938,0,1,79,183145,2331,0,68,0,0,0,LEADER,1,0,0,0,0,67
185491,69,adaptive-prasle,2343,1,0,0,67,0,938,0,1,69,183148,2343,0,68,0,0,0,LEADER,1,0,0,0,0,67
185171,75,adaptive-prasle,2025,1,0,0,67,0,938,0,1,75,183146,2025,0,68,0,0,0,LEADER,1,0,0,0,0,67
184898,81,adaptive-prasle,1752,1,0,0,67,0,938,0,1,81,183146,1752,0,68,0,0,0,LEADER,1,0,0,0,0,67
184756,52,adaptive-prasle,1610,1,0,0,67,0,938,0,1,52,183146,1610,0,68,0,0,0,LEADER,1,0,0,0,0,67
185411,29,adaptive-prasle,2265,1,0,0,67,0,938,0,1,29,183146,2265,0,68,0,0,0,LEADER,1,0,0,0,0,67
185235,21,adaptive-prasle,2088,1,0,0,67,0,938,0,1,21,183147,2088,0,68,0,0,0,LEADER,1,0,0,0,0,67
184987,100,adaptive-prasle,1841,1,0,0,67,0,938,0,1,100,183146,1841,0,68,0,0,0,LEADER,1,0,0,0,0,67
184832,61,adaptive-prasle,1686,1,0,0,67,0,938,0,1,61,183146,1686,0,68,0,0,0,LEADER,1,0,0,0,0,67
185396,91,adaptive-prasle,2250,1,0,0,67,0,938,0,1,91,183146,2250,0,68,0,0,0,LEADER,1,0,0,0,0,67
185356,37,adaptive-prasle,2210,1,0,0,67,0,938,0,1,37,183146,2210,0,68,0,0,0,LEADER,1,0,0,0,0,67
184899,38,adaptive-prasle,1755,1,0,0,67,0,938,0,1,38,183144,1755,0,68,0,0,0,LEADER,1,0,0,0,0,67
185565,98,adaptive-prasle,2419,1,0,0,67,0,938,0,1,98,183146,2419,0,68,0,0,0,LEADER,1,0,0,0,0,67
185425,27,adaptive-prasle,2280,1,0,0,67,0,938,0,1,27,183145,2280,0,68,0,0,0,LEADER,1,0,0,0,0,67
185274,62,adaptive-prasle,2128,1,0,0,67,0,938,0,1,62,183146,2128,0,68,0,0,0,LEADER,1,0,0,0,0,67
185083,56,adaptive-prasle,1937,1,0,0,67,0,938,0,1,56,183146,1937,0,68,0,0,0,LEADER,1,0,0,0,0,67
185470,99,adaptive-prasle,2328,1,0,0,67,0,938,0,1,99,183142,2328,0,68,0,0,0,LEADER,1,0,0,0,0,67
185350,48,adaptive-prasle,2202,1,0,0,67,0,938,0,1,48,183148,2202,0,68,0,0,0,LEADER,1,0,0,0,0,67
184865,71,adaptive-prasle,1719,1,0,0,67,0,938,0,1,71,183146,1719,0,68,0,0,0,LEADER,1,0,0,0,0,67
185090,87,adaptive-prasle,1944,1,0,0,67,0,938,0,1,87,183146,1944,0,68,0,0,0,LEADER,1,0,0,0,0,67
185016,36,adaptive-prasle,1870,1,0,0,67,0,938,0,1,36,183146,1870,0,68,0,0,0,LEADER,1,0,0,0,0,67
185512,77,adaptive-prasle,1446,1,0,0,67,0,938,0,1,77,184066,1446,0,68,0,0,0,LEADER,1,0,0,0,0,67
185705,83,adaptive-prasle,1637,1,0,0,67,0,938,0,1,83,184068,1637,0,68,0,0,0,LEADER,1,0,0,0,0,67
185617,2,adaptive-prasle,1819,1,0,0,8,16,112,224,2,2,183798,1819,0,7,0,0,0,LEADER,1,0,0,0,0,8
185205,85,adaptive-prasle,2059,1,0,0,67,0,938,0,1,85,183146,2059,0,68,0,0,0,LEADER,1,0,0,0,0,67
185733,19,adaptive-prasle,1667,1,0,0,67,0,938,0,1,19,184066,1667,0,68,0,0,0,LEADER,1,0,0,0,0,67
185888,65,adaptive-prasle,1822,1,0,0,67,0,938,0,1,65,184066,1822,0,68,0,0,0,LEADER,1,0,0,0,0,67
185494,35,adaptive-prasle,1428,1,0,0,67,0,938,0,1,35,184066,1428,0,68,0,0,0,LEADER,1,0,0,0,0,67
185509,86,adaptive-prasle,1443,1,0,0,67,0,938,0,1,86,184066,1443,0,68,0,0,0,LEADER,1,0,0,0,0,67
185552,50,adaptive-prasle,2406,1,0,0,67,0,938,0,1,50,183146,2406,0,68,0,0,0,LEADER,1,0,0,0,0,67
185567,55,adaptive-prasle,1501,1,0,0,67,0,938,0,1,55,184066,1501,0,68,0,0,0,LEADER,1,0,0,0,0,67
185606,63,adaptive-prasle,1540,1,0,0,67,0,938,0,1,63,184066,1540,0,68,0,0,0,LEADER,1,0,0,0,0,67
185970,46,adaptive-prasle,1904,1,0,0,67,0,938,0,1,46,184066,1904,0,68,0,0,0,LEADER,1,0,0,0,0,67
185765,53,adaptive-prasle,1701,1,0,0,67,0,938,0,1,53,184064,1701,0,68,0,0,0,LEADER,1,0,0,0,0,67
185120,23,adaptive-prasle,1974,1,0,0,67,0,938,0,1,23,183146,1974,0,68,0,0,0,LEADER,1,0,0,0,0,67
185988,88,adaptive-prasle,1922,1,0,0,67,0,938,0,1,88,184066,1922,0,68,0,0,0,LEADER,1,0,0,0,0,67
185515,34,adaptive-prasle,1449,1,0,0,67,0,938,0,1,34,184066,1449,0,68,0,0,0,LEADER,1,0,0,0,0,67
185125,97,adaptive-prasle,1977,1,0,0,67,0,938,0,1,97,183148,1977,0,68,0,0,0,LEADER,1,0,0,0,0,67
185243,20,adaptive-prasle,2095,1,0,0,67,0,938,0,1,20,183148,2095,0,68,0,0,0,LEADER,1,0,0,0,0,67
185323,40,adaptive-prasle,2177,1,0,0,67,0,938,0,1,40,183146,2177,0,68,0,0,0,LEADER,1,0,0,0,0,67
185248,47,adaptive-prasle,2100,1,0,0,67,0,938,0,1,47,183148,2100,0,68,0,0,0,LEADER,1,0,0,0,0,67
186158,95,adaptive-prasle,2092,1,0,0,67,0,938,0,1,95,184066,2092,0,68,0,0,0,LEADER,1,0,0,0,0,67
186135,1,adaptive-prasle,2022,1,0,0,7,8,98,112,1,1,184113,2022,0,8,0,0,0,LEADER,1,0,0,0,0,7
185541,25,adaptive-prasle,2395,1,0,0,67,0,938,0,1,25,183146,2395,0,68,0,0,0,LEADER,1,0,0,0,0,67
186146,84,adaptive-prasle,2080,1,0,0,67,0,938,0,1,84,184066,2080,0,68,0,0,0,LEADER,1,0,0,0,0,67
185423,70,adaptive-prasle,2277,1,0,0,67,0,938,0,1,70,183146,2277,0,68,0,0,0,LEADER,1,0,0,0,0,67
185341,82,adaptive-prasle,2195,1,0,0,67,0,938,0,1,82,183146,2195,0,68,0,0,0,LEADER,1,0,0,0,0,67
185559,67,adaptive-prasle,2413,1,0,0,67,0,938,0,1,67,183146,2413,0,68,0,0,0,LEADER,1,0,0,0,0,67
185511,89,adaptive-prasle,2365,1,0,0,67,0,938,0,1,89,183146,2365,0,68,0,0,0,LEADER,1,0,0,0,0,67
186179,28,adaptive-prasle,2113,1,0,0,67,0,938,0,1,28,184066,2113,0,68,0,0,0,LEADER,1,0,0,0,0,67
185923,68,adaptive-prasle,1855,1,0,0,67,0,938,0,1,68,184068,1855,0,68,0,0,0,LEADER,1,0,0,0,0,67
185874,90,adaptive-prasle,1807,1,0,0,67,0,938,0,1,90,184067,1807,0,68,0,0,0,LEADER,1,0,0,0,0,67
185534,76,adaptive-prasle,1468,1,0,0,67,0,938,0,1,76,184066,1468,0,68,0,0,0,LEADER,1,0,0,0,0,67
185855,10,adaptive-prasle,1789,1,0,0,67,0,938,0,1,10,184066,1789,0,68,0,0,0,LEADER,1,0,0,0,0,67
186287,58,adaptive-prasle,2221,1,0,0,67,0,938,0,1,58,184066,2221,0,68,0,0,0,LEADER,1,0,0,0,0,67
185670,73,adaptive-prasle,1604,1,0,0,67,0,938,0,1,73,184066,1604,0,68,0,0,0,LEADER,1,0,0,0,0,67
185411,59,adaptive-prasle,2265,1,0,0,67,0,938,0,1,59,183146,2265,0,68,0,0,0,LEADER,1,0,0,0,0,67
185685,41,adaptive-prasle,1619,1,0,0,67,0,938,0,1,41,184066,1619,0,68,0,0,0,LEADER,1,0,0,0,0,67
185600,96,adaptive-prasle,1534,1,0,0,67,0,938,0,1,96,184066,1534,0,68,0,0,0,LEADER,1,0,0,0,0,67
185901,74,adaptive-prasle,1837,1,0,0,67,0,938,0,1,74,184064,1837,0,68,0,0,0,LEADER,1,0,0,0,0,67
185833,49,adaptive-prasle,1767,1,0,0,67,0,938,0,1,49,184066,1767,0,68,0,0,0,LEADER,1,0,0,0,0,67
186294,92,adaptive-prasle,2228,1,0,0,67,0,938,0,1,92,184066,2228,0,68,0,0,0,LEADER,1,0,0,0,0,67
185502,66,adaptive-prasle,1434,1,0,0,67,0,938,0,1,66,184068,1434,0,68,0,0,0,LEADER,1,0,0,0,0,67
185526,57,adaptive-prasle,2380,1,0,0,67,0,938,0,1,57,183146,2380,0,68,0,0,0,LEADER,1,0,0,0,0,67
186326,78,adaptive-prasle,2260,1,0,0,67,0,938,0,1,78,184066,2260,0,68,0,0,0,LEADER,1,0,0,0,0,67
185492,39,adaptive-prasle,2346,1,0,0,67,0,938,0,1,39,183146,2346,0,68,0,0,0,LEADER,1,0,0,0,0,67
186209,30,adaptive-prasle,2143,1,0,0,67,0,938,0,1,30,184066,2143,0,68,0,0,0,LEADER,1,0,0,0,0,67
185615,64,adaptive-prasle,1549,1,0,0,67,0,938,0,1,64,184066,1549,0,68,0,0,0,LEADER,1,0,0,0,0,67
185840,80,adaptive-prasle,1774,1,0,0,67,0,938,0,1,80,184066,1774,0,68,0,0,0,LEADER,1,0,0,0,0,67
185577,54,adaptive-prasle,1516,1,0,0,67,0,938,0,1,54,184061,1516,0,68,0,0,0,LEADER,1,0,0,0,0,67
186106,43,adaptive-prasle,2040,1,0,0,67,0,938,0,1,43,184066,2040,0,68,0,0,0,LEADER,1,0,0,0,0,67
186026,26,adaptive-prasle,1960,1,0,0,67,0,938,0,1,26,184066,1960,0,68,0,0,0,LEADER,1,0,0,0,0,67
185655,42,adaptive-prasle,1591,1,0,0,67,0,938,0,1,42,184064,1591,0,68,0,0,0,LEADER,1,0,0,0,0,67
185664,31,adaptive-prasle,1598,1,0,0,67,0,938,0,1,31,184066,1598,0,68,0,0,0,LEADER,1,0,0,0,0,67
186421,94,adaptive-prasle,2355,1,0,0,67,0,938,0,1,94,184066,2355,0,68,0,0,0,LEADER,1,0,0,0,0,67
185991,45,adaptive-prasle,1925,1,0,0,67,0,938,0,1,45,184066,1925,0,68,0,0,0,LEADER,1,0,0,0,0,67
186364,60,adaptive-prasle,2298,1,0,0,67,0,938,0,1,60,184066,2298,0,68,0,0,0,LEADER,1,0,0,0,0,67
186470,44,adaptive-prasle,1483,1,0,0,68,0,952,0,1,44,184987,1483,0,69,0,0,0,LEADER,1,0,0,0,0,68
185718,51,adaptive-prasle,1652,1,0,0,67,0,938,0,1,51,184066,1652,0,68,0,0,0,LEADER,1,0,0,0,0,67
186075,33,adaptive-prasle,2007,1,0,0,67,0,938,0,1,33,184068,2007,0,68,0,0,0,LEADER,1,0,0,0,0,67
186518,22,adaptive-prasle,1531,1,0,0,68,0,952,0,1,22,184987,1531,0,69,0,0,0,LEADER,1,0,0,0,0,68
186230,72,adaptive-prasle,2162,1,0,0,67,0,938,0,1,72,184068,2162,0,68,0,0,0,LEADER,1,0,0,0,0,67
186018,24,adaptive-prasle,1952,1,0,0,67,0,938,0,1,24,184066,1952,0,68,0,0,0,LEADER,1,0,0,0,0,67
186550,32,adaptive-prasle,1564,1,0,0,68,0,952,0,1,32,184986,1564,0,69,0,0,0,LEADER,1,0,0,0,0,68
185737,93,adaptive-prasle,1671,1,0,0,67,0,938,0,1,93,184066,1671,0,68,0,0,0,LEADER,1,0,0,0,0,67
186396,79,adaptive-prasle,2331,1,0,0,67,0,938,0,1,79,184065,2331,0,68,0,0,0,LEADER,1,0,0,0,0,67
186411,69,adaptive-prasle,2343,1,0,0,67,0,938,0,1,69,184068,2343,0,68,0,0,0,LEADER,1,0,0,0,0,67
186091,75,adaptive-prasle,2025,1,0,0,67,0,938,0,1,75,184066,2025,0,68,0,0,0,LEADER,1,0,0,0,0,67
185818,81,adaptive-prasle,1752,1,0,0,67,0,938,0,1,81,184066,1752,0,68,0,0,0,LEADER,1,0,0,0,0,67
185676,52,adaptive-prasle,1610,1,0,0,67,0,938,0,1,52,184066,1610,0,68,0,0,0,LEADER,1,0,0,0,0,67
186155,21,adaptive-prasle,2088,1,0,0,67,0,938,0,1,21,184067,2088,0,68,0,0,0,LEADER,1,0,0,0,0,67
186331,29,adaptive-prasle,2265,1,0,0,67,0,938,0,1,29,184066,2265,0,68,0,0,0,LEADER,1,0,0,0,0,67
185907,100,adaptive-prasle,1841,1,0,0,67,0,938,0,1,100,184066,1841,0,68,0,0,0,LEADER,1,0,0,0,0,67
185752,61,adaptive-prasle,1686,1,0,0,67,0,938,0,1,61,184066,1686,0,68,0,0,0,LEADER,1,0,0,0,0,67
186316,91,adaptive-prasle,2250,1,0,0,67,0,938,0,1,91,184066,2250,0,68,0,0,0,LEADER,1,0,0,0,0,67
186276,37,adaptive-prasle,2210,1,0,0,67,0,938,0,1,37,184066,2210,0,68,0,0,0,LEADER,1,0,0,0,0,67
185819,38,adaptive-prasle,1755,1,0,0,67,0,938,0,1,38,184064,1755,0,68,0,0,0,LEADER,1,0,0,0,0,67
186485,98,adaptive-prasle,2419,1,0,0,67,0,938,0,1,98,184066,2419,0,68,0,0,0,LEADER,1,0,0,0,0,67
186345,27,adaptive-prasle,2280,1,0,0,67,0,938,0,1,27,184065,2280,0,68,0,0,0,LEADER,1,0,0,0,0,67
186194,62,adaptive-prasle,2128,1,0,0,67,0,938,0,1,62,184066,2128,0,68,0,0,0,LEADER,1,0,0,0,0,67
186003,56,adaptive-prasle,1937,1,0,0,67,0,938,0,1,56,184066,1937,0,68,0,0,0,LEADER,1,0,0,0,0,67
186390,99,adaptive-prasle,2328,1,0,0,67,0,938,0,1,99,184062,2328,0,68,0,0,0,LEADER,1,0,0,0,0,67
186270,48,adaptive-prasle,2202,1,0,0,67,0,938,0,1,48,184068,2202,0,68,0,0,0,LEADER,1,0,0,0,0,67
185785,71,adaptive-prasle,1719,1,0,0,67,0,938,0,1,71,184066,1719,0,68,0,0,0,LEADER,1,0,0,0,0,67
186010,87,adaptive-prasle,1944,1,0,0,67,0,938,0,1,87,184066,1944,0,68,0,0,0,LEADER,1,0,0,0,0,67
185936,36,adaptive-prasle,1870,1,0,0,67,0,938,0,1,36,184066,1870,0,68,0,0,0,LEADER,1,0,0,0,0,67
186433,77,adaptive-prasle,1446,1,0,0,68,0,952,0,1,77,184987,1446,0,69,0,0,0,LEADER,1,0,0,0,0,68
186626,83,adaptive-prasle,1637,1,0,0,68,0,952,0,1,83,184989,1637,0,69,0,0,0,LEADER,1,0,0,0,0,68
186125,85,adaptive-prasle,2059,1,0,0,67,0,938,0,1,85,184066,2059,0,68,0,0,0,LEADER,1,0,0,0,0,67
186654,19,adaptive-prasle,1667,1,0,0,68,0,952,0,1,19,184987,1667,0,69,0,0,0,LEADER,1,0,0,0,0,68
186809,65,adaptive-prasle,1822,1,0,0,68,0,952,0,1,65,184987,1822,0,69,0,0,0,LEADER,1,0,0,0,0,68
186415,35,adaptive-prasle,1428,1,0,0,68,0,952,0,1,35,184987,1428,0,69,0,0,0,LEADER,1,0,0,0,0,68
186430,86,adaptive-prasle,1443,1,0,0,68,0,952,0,1,86,184987,1443,0,69,0,0,0,LEADER,1,0,0,0,0,68
186472,50,adaptive-prasle,2406,1,0,0,67,0,938,0,1,50,184066,2406,0,68,0,0,0,LEADER,1,0,0,0,0,67
186488,55,adaptive-prasle,1501,1,0,0,68,0,952,0,1,55,184987,1501,0,69,0,0,0,LEADER,1,0,0,0,0,68
186527,63,adaptive-prasle,1540,1,0,0,68,0,952,0,1,63,184987,1540,0,69,0,0,0,LEADER,1,0,0,0,0,68
186891,46,adaptive-prasle,1904,1,0,0,68,0,952,0,1,46,184987,1904,0,69,0,0,0,LEADER,1,0,0,0,0,68
186686,53,adaptive-prasle,1701,1,0,0,68,0,952,0,1,53,184985,1701,0,69,0,0,0,LEADER,1,0,0,0,0,68
186040,23,adaptive-prasle,1974,1,0,0,67,0,938,0,1,23,184066,1974,0,68,0,0,0,LEADER,1,0,0,0,0,67
186909,88,adaptive-prasle,1922,1,0,0,68,0,952,0,1,88,184987,1922,0,69,0,0,0,LEADER,1,0,0,0,0,68
186436,34,adaptive-prasle,1449,1,0,0,68,0,952,0,1,34,184987,1449,0,69,0,0,0,LEADER,1,0,0,0,0,68
186045,97,adaptive-prasle,1977,1,0,0,67,0,938,0,1,97,184068,1977,0,68,0,0,0,LEADER,1,0,0,0,0,67
186163,20,adaptive-prasle,2095,1,0,0,67,0,938,0,1,20,184068,2095,0,68,0,0,0,LEADER,1,0,0,0,0,67
186243,40,adaptive-prasle,2177,1,0,0,67,0,938,0,1,40,184066,2177,0,68,0,0,0,LEADER,1,0,0,0,0,67
186168,47,adaptive-prasle,2100,1,0,0,67,0,938,0,1,47,184068,2100,0,68,0,0,0,LEADER,1,0,0,0,0,67
187079,95,adaptive-prasle,2092,1,0,0,68,0,952,0,1,95,184987,2092,0,69,0,0,0,LEADER,1,0,0,0,0,68
186461,25,adaptive-prasle,2395,1,0,0,67,0,938,0,1,25,184066,2395,0,68,0,0,0,LEADER,1,0,0,0,0,67
187067,84,adaptive-prasle,2080,1,0,0,68,0,952,0,1,84,184987,2080,0,69,0,0,0,LEADER,1,0,0,0,0,68
186343,70,adaptive-prasle,2277,1,0,0,67,0,938,0,1,70,184066,2277,0,68,0,0,0,LEADER,1,0,0,0,0,67
186261,82,adaptive-prasle,2195,1,0,0,67,0,938,0,1,82,184066,2195,0,68,0,0,0,LEADER,1,0,0,0,0,67
186479,67,adaptive-prasle,2413,1,0,0,67,0,938,0,1,67,184066,2413,0,68,0,0,0,LEADER,1,0,0,0,0,67
186431,89,adaptive-prasle,2365,1,0,0,67,0,938,0,1,89,184066,2365,0,68,0,0,0,LEADER,1,0,0,0,0,67
187100,28,adaptive-prasle,2113,1,0,0,68,0,952,0,1,28,184987,2113,0,69,0,0,0,LEADER,1,0,0,0,0,68
186844,68,adaptive-prasle,1855,1,0,0,68,0,952,0,1,68,184989,1855,0,69,0,0,0,LEADER,1,0,0,0,0,68
186795,90,adaptive-prasle,1807,1,0,0,68,0,952,0,1,90,184988,1807,0,69,0,0,0,LEADER,1,0,0,0,0,68
186455,76,adaptive-prasle,1468,1,0,0,68,0,952,0,1,76,184987,1468,0,69,0,0,0,LEADER,1,0,0,0,0,68
186776,10,adaptive-prasle,1789,1,0,0,68,0,952,0,1,10,184987,1789,0,69,0,0,0,LEADER,1,0,0,0,0,68
187208,58,adaptive-prasle,2221,1,0,0,68,0,952,0,1,58,184987,2221,0,69,0,0,0,LEADER,1,0,0,0,0,68
186591,73,adaptive-prasle,1604,1,0,0,68,0,952,0,1,73,184987,1604,0,69,0,0,0,LEADER,1,0,0,0,0,68
186331,59,adaptive-prasle,2265,1,0,0,67,0,938,0,1,59,184066,2265,0,68,0,0,0,LEADER,1,0,0,0,0,67
186606,41,adaptive-prasle,1619,1,0,0,68,0,952,0,1,41,184987,1619,0,69,0,0,0,LEADER,1,0,0,0,0,68
186521,96,adaptive-prasle,1534,1,0,0,68,0,952,0,1,96,184987,1534,0,69,0,0,0,LEADER,1,0,0,0,0,68
186822,74,adaptive-prasle,1837,1,0,0,68,0,952,0,1,74,184985,1837,0,69,0,0,0,LEADER,1,0,0,0,0,68
186754,49,adaptive-prasle,1767,1,0,0,68,0,952,0,1,49,184987,1767,0,69,0,0,0,LEADER,1,0,0,0,0,68
187215,92,adaptive-prasle,2228,1,0,0,68,0,952,0,1,92,184987,2228,0,69,0,0,0,LEADER,1,0,0,0,0,68
186423,66,adaptive-prasle,1434,1,0,0,68,0,952,0,1,66,184989,1434,0,69,0,0,0,LEADER,1,0,0,0,0,68
186446,57,adaptive-prasle,2380,1,0,0,67,0,938,0,1,57,184066,2380,0,68,0,0,0,LEADER,1,0,0,0,0,67
187247,78,adaptive-prasle,2260,1,0,0,68,0,952,0,1,78,184987,2260,0,69,0,0,0,LEADER,1,0,0,0,0,68
186412,39,adaptive-prasle,2346,1,0,0,67,0,938,0,1,39,184066,2346,0,68,0,0,0,LEADER,1,0,0,0,0,67
187130,30,adaptive-prasle,2143,1,0,0,68,0,952,0,1,30,184987,2143,0,69,0,0,0,LEADER,1,0,0,0,0,68
186536,64,adaptive-prasle,1549,1,0,0,68,0,952,0,1,64,184987,1549,0,69,0,0,0,LEADER,1,0,0,0,0,68
186761,80,adaptive-prasle,1774,1,0,0,68,0,952,0,1,80,184987,1774,0,69,0,0,0,LEADER,1,0,0,0,0,68
186498,54,adaptive-prasle,1516,1,0,0,68,0,952,0,1,54,184982,1516,0,69,0,0,0,LEADER,1,0,0,0,0,68
187027,43,adaptive-prasle,2040,1,0,0,68,0,952,0,1,43,184987,2040,0,69,0,0,0,LEADER,1,0,0,0,0,68
186947,26,adaptive-prasle,1960,1,0,0,68,0,952,0,1,26,184987,1960,0,69,0,0,0,LEADER,1,0,0,0,0,68
186576,42,adaptive-prasle,1591,1,0,0,68,0,952,0,1,42,184985,1591,0,69,0,0,0,LEADER,1,0,0,0,0,68
186585,31,adaptive-prasle,1598,1,0,0,68,0,952,0,1,31,184987,1598,0,69,0,0,0,LEADER,1,0,0,0,0,68
187342,94,adaptive-prasle,2355,1,0,0,68,0,952,0,1,94,184987,2355,0,69,0,0,0,LEADER,1,0,0,0,0,68
186912,45,adaptive-prasle,1925,1,0,0,68,0,952,0,1,45,184987,1925,0,69,0,0,0,LEADER,1,0,0,0,0,68
187285,60,adaptive-prasle,2298,1,0,0,68,0,952,0,1,60,184987,2298,0,69,0,0,0,LEADER,1,0,0,0,0,68
187390,44,adaptive-prasle,1483,1,0,0,68,0,952,0,1,44,185907,1483,0,69,0,0,0,LEADER,1,0,0,0,0,68
186639,51,adaptive-prasle,1652,1,0,0,68,0,952,0,1,51,184987,1652,0,69,0,0,0,LEADER,1,0,0,0,0,68
187438,22,adaptive-prasle,1531,1,0,0,68,0,952,0,1,22,185907,1531,0,69,0,0,0,LEADER,1,0,0,0,0,68
186996,33,adaptive-prasle,2007,1,0,0,68,0,952,0,1,33,184989,2007,0,69,0,0,0,LEADER,1,0,0,0,0,68
187151,72,adaptive-prasle,2162,1,0,0,68,0,952,0,1,72,184989,2162,0,69,0,0,0,LEADER,1,0,0,0,0,68
186939,24,adaptive-prasle,1952,1,0,0,68,0,952,0,1,24,184987,1952,0,69,0,0,0,LEADER,1,0,0,0,0,68
187470,32,adaptive-prasle,1564,1,0,0,68,0,952,0,1,32,185906,1564,0,69,0,0,0,LEADER,1,0,0,0,0,68
186658,93,adaptive-prasle,1671,1,0,0,68,0,952,0,1,93,184987,1671,0,69,0,0,0,LEADER,1,0,0,0,0,68
187332,69,adaptive-prasle,2343,1,0,0,68,0,952,0,1,69,184989,2343,0,69,0,0,0,LEADER,1,0,0,0,0,68
187317,79,adaptive-prasle,2331,1,0,0,68,0,952,0,1,79,184986,2331,0,69,0,0,0,LEADER,1,0,0,0,0,68
187012,75,adaptive-prasle,2025,1,0,0,68,0,952,0,1,75,184987,2025,0,69,0,0,0,LEADER,1,0,0,0,0,68
186739,81,adaptive-prasle,1752,1,0,0,68,0,952,0,1,81,184987,1752,0,69,0,0,0,LEADER,1,0,0,0,0,68
186597,52,adaptive-prasle,1610,1,0,0,68,0,952,0,1,52,184987,1610,0,69,0,0,0,LEADER,1,0,0,0,0,68
187076,21,adaptive-prasle,2088,1,0,0,68,0,952,0,1,21,184988,2088,0,69,0,0,0,LEADER,1,0,0,0,0,68
187252,29,adaptive-prasle,2265,1,0,0,68,0,952,0,1,29,184987,2265,0,69,0,0,0,LEADER,1,0,0,0,0,68
186828,100,adaptive-prasle,1841,1,0,0,68,0,952,0,1,100,184987,1841,0,69,0,0,0,LEADER,1,0,0,0,0,68
186673,61,adaptive-prasle,1686,1,0,0,68,0,952,0,1,61,184987,1686,0,69,0,0,0,LEADER,1,0,0,0,0,68
187237,91,adaptive-prasle,2250,1,0,0,68,0,952,0,1,91,184987,2250,0,69,0,0,0,LEADER,1,0,0,0,0,68
187197,37,adaptive-prasle,2210,1,0,0,68,0,952,0,1,37,184987,2210,0,69,0,0,0,LEADER,1,0,0,0,0,68
186740,38,adaptive-prasle,1755,1,0,0,68,0,952,0,1,38,184985,1755,0,69,0,0,0,LEADER,1,0,0,0,0,68
187406,98,adaptive-prasle,2419,1,0,0,68,0,952,0,1,98,184987,2419,0,69,0,0,0,LEADER,1,0,0,0,0,68
187266,27,adaptive-prasle,2280,1,0,0,68,0,952,0,1,27,184986,2280,0,69,0,0,0,LEADER,1,0,0,0,0,68
187115,62,adaptive-prasle,2128,1,0,0,68,0,952,0,1,62,184987,2128,0,69,0,0,0,LEADER,1,0,0,0,0,68
186924,56,adaptive-prasle,1937,1,0,0,68,0,952,0,1,56,184987,1937,0,69,0,0,0,LEADER,1,0,0,0,0,68
187310,99,adaptive-prasle,2328,1,0,0,68,0,952,0,1,99,184982,2328,0,69,0,0,0,LEADER,1,0,0,0,0,68
187191,48,adaptive-prasle,2202,1,0,0,68,0,952,0,1,48,184989,2202,0,69,0,0,0,LEADER,1,0,0,0,0,68
186706,71,adaptive-prasle,1719,1,0,0,68,0,952,0,1,71,184987,1719,0,69,0,0,0,LEADER,1,0,0,0,0,68
186931,87,adaptive-prasle,1944,1,0,0,68,0,952,0,1,87,184987,1944,0,69,0,0,0,LEADER,1,0,0,0,0,68
186885,3,adaptive-prasle,1603,1,0,0,9,20,126,280,2,3,185282,1603,0,8,0,0,0,LEADER,1,0,0,0,0,9
186857,36,adaptive-prasle,1870,1,0,0,68,0,952,0,1,36,184987,1870,0,69,0,0,0,LEADER,1,0,0,0,0,68
187353,77,adaptive-prasle,1446,1,0,0,68,0,952,0,1,77,185907,1446,0,69,0,0,0,LEADER,1,0,0,0,0,68
187546,83,adaptive-prasle,1637,1,0,0,68,0,952,0,1,83,185909,1637,0,69,0,0,0,LEADER,1,0,0,0,0,68
187046,85,adaptive-prasle,2059,1,0,0,68,0,952,0,1,85,184987,2059,0,69,0,0,0,LEADER,1,0,0,0,0,68
187574,19,adaptive-prasle,1667,1,0,0,68,0,952,0,1,19,185907,1667,0,69,0,0,0,LEADER,1,0,0,0,0,68
187729,65,adaptive-prasle,1822,1,0,0,68,0,952,0,1,65,185907,1822,0,69,0,0,0,LEADER,1,0,0,0,0,68
187335,35,adaptive-prasle,1428,1,0,0,68,0,952,0,1,35,185907,1428,0,69,0,0,0,LEADER,1,0,0,0,0,68
187350,86,adaptive-prasle,1443,1,0,0,68,0,952,0,1,86,185907,1443,0,69,0,0,0,LEADER,1,0,0,0,0,68
187393,50,adaptive-prasle,2406,1,0,0,68,0,952,0,1,50,184987,2406,0,69,0,0,0,LEADER,1,0,0,0,0,68
187230,4,adaptive-prasle,2030,1,0,0,12,20,168,280,5,4,185200,2030,0,8,0,0,0,LEADER,1,0,0,0,0,12
187408,55,adaptive-prasle,1501,1,0,0,68,0,952,0,1,55,185907,1501,0,69,0,0,0,LEADER,1,0,0,0,0,68
187447,63,adaptive-prasle,1540,1,0,0,68,0,952,0,1,63,185907,1540,0,69,0,0,0,LEADER,1,0,0,0,0,68
187811,46,adaptive-prasle,1904,1,0,0,68,0,952,0,1,46,185907,1904,0,69,0,0,0,LEADER,1,0,0,0,0,68
187606,53,adaptive-prasle,1701,1,0,0,68,0,952,0,1,53,185905,1701,0,69,0,0,0,LEADER,1,0,0,0,0,68
186961,23,adaptive-prasle,1974,1,0,0,68,0,952,0,1,23,184987,1974,0,69,0,0,0,LEADER,1,0,0,0,0,68
187829,88,adaptive-prasle,1922,1,0,0,68,0,952,0,1,88,185907,1922,0,69,0,0,0,LEADER,1,0,0,0,0,68
187356,34,adaptive-prasle,1449,1,0,0,68,0,952,0,1,34,185907,1449,0,69,0,0,0,LEADER,1,0,0,0,0,68
186966,97,adaptive-prasle,1977,1,0,0,68,0,952,0,1,97,184989,1977,0,69,0,0,0,LEADER,1,0,0,0,0,68
187084,20,adaptive-prasle,2095,1,0,0,68,0,952,0,1,20,184989,2095,0,69,0,0,0,LEADER,1,0,0,0,0,68
187164,40,adaptive-prasle,2177,1,0,0,68,0,952,0,1,40,184987,2177,0,69,0,0,0,LEADER,1,0,0,0,0,68
187089,47,adaptive-prasle,2100,1,0,0,68,0,952,0,1,47,184989,2100,0,69,0,0,0,LEADER,1,0,0,0,0,68
187999,95,adaptive-prasle,2092,1,0,0,68,0,952,0,1,95,185907,2092,0,69,0,0,0,LEADER,1,0,0,0,0,68
187382,25,adaptive-prasle,2395,1,0,0,68,0,952,0,1,25,184987,2395,0,69,0,0,0,LEADER,1,0,0,0,0,68
187987,84,adaptive-prasle,2080,1,0,0,68,0,952,0,1,84,185907,2080,0,69,0,0,0,LEADER,1,0,0,0,0,68
187264,70,adaptive-prasle,2277,1,0,0,68,0,952,0,1,70,184987,2277,0,69,0,0,0,LEADER,1,0,0,0,0,68
187182,82,adaptive-prasle,2195,1,0,0,68,0,952,0,1,82,184987,2195,0,69,0,0,0,LEADER,1,0,0,0,0,68
187400,67,adaptive-prasle,2413,1,0,0,68,0,952,0,1,67,184987,2413,0,69,0,0,0,LEADER,1,0,0,0,0,68
187352,89,adaptive-prasle,2365,1,0,0,68,0,952,0,1,89,184987,2365,0,69,0,0,0,LEADER,1,0,0,0,0,68
188020,28,adaptive-prasle,2113,1,0,0,68,0,952,0,1,28,185907,2113,0,69,0,0,0,LEADER,1,0,0,0,0,68
187764,68,adaptive-prasle,1855,1,0,0,68,0,952,0,1,68,185909,1855,0,69,0,0,0,LEADER,1,0,0,0,0,68
187715,90,adaptive-prasle,1807,1,0,0,68,0,952,0,1,90,185908,1807,0,69,0,0,0,LEADER,1,0,0,0,0,68
187375,76,adaptive-prasle,1468,1,0,0,68,0,952,0,1,76,185907,1468,0,69,0,0,0,LEADER,1,0,0,0,0,68
187696,10,adaptive-prasle,1789,1,0,0,68,0,952,0,1,10,185907,1789,0,69,0,0,0,LEADER,1,0,0,0,0,68
188128,58,adaptive-prasle,2221,1,0,0,68,0,952,0,1,58,185907,2221,0,69,0,0,0,LEADER,1,0,0,0,0,68
187511,73,adaptive-prasle,1604,1,0,0,68,0,952,0,1,73,185907,1604,0,69,0,0,0,LEADER,1,0,0,0,0,68
187252,59,adaptive-prasle,2265,1,0,0,68,0,952,0,1,59,184987,2265,0,69,0,0,0,LEADER,1,0,0,0,0,68
187526,41,adaptive-prasle,1619,1,0,0,68,0,952,0,1,41,185907,1619,0,69,0,0,0,LEADER,1,0,0,0,0,68
187441,96,adaptive-prasle,1534,1,0,0,68,0,952,0,1,96,185907,1534,0,69,0,0,0,LEADER,1,0,0,0,0,68
187742,74,adaptive-prasle,1837,1,0,0,68,0,952,0,1,74,185905,1837,0,69,0,0,0,LEADER,1,0,0,0,0,68
187674,49,adaptive-prasle,1767,1,0,0,68,0,952,0,1,49,185907,1767,0,69,0,0,0,LEADER,1,0,0,0,0,68
188135,92,adaptive-prasle,2228,1,0,0,68,0,952,0,1,92,185907,2228,0,69,0,0,0,LEADER,1,0,0,0,0,68
187343,66,adaptive-prasle,1434,1,0,0,68,0,952,0,1,66,185909,1434,0,69,0,0,0,LEADER,1,0,0,0,0,68
188149,9,adaptive-prasle,1889,1,0,0,17,16,238,224,6,3,186260,1889,0,7,0,0,0,NORMAL,0,0,0,0,0,17
187367,57,adaptive-prasle,2380,1,0,0,68,0,952,0,1,57,184987,2380,0,69,0,0,0,LEADER,1,0,0,0,0,68
188167,78,adaptive-prasle,2260,1,0,0,68,0,952,0,1,78,185907,2260,0,69,0,0,0,LEADER,1,0,0,0,0,68
187333,39,adaptive-prasle,2346,1,0,0,68,0,952,0,1,39,184987,2346,0,69,0,0,0,LEADER,1,0,0,0,0,68
188050,30,adaptive-prasle,2143,1,0,0,68,0,952,0,1,30,185907,2143,0,69,0,0,0,LEADER,1,0,0,0,0,68
187456,64,adaptive-prasle,1549,1,0,0,68,0,952,0,1,64,185907,1549,0,69,0,0,0,LEADER,1,0,0,0,0,68
187681,80,adaptive-prasle,1774,1,0,0,68,0,952,0,1,80,185907,1774,0,69,0,0,0,LEADER,1,0,0,0,0,68
187418,54,adaptive-prasle,1516,1,0,0,68,0,952,0,1,54,185902,1516,0,69,0,0,0,LEADER,1,0,0,0,0,68
187947,43,adaptive-prasle,2040,1,0,0,68,0,952,0,1,43,185907,2040,0,69,0,0,0,LEADER,1,0,0,0,0,68
187867,26,adaptive-prasle,1960,1,0,0,68,0,952,0,1,26,185907,1960,0,69,0,0,0,LEADER,1,0,0,0,0,68
187496,42,adaptive-prasle,1591,1,0,0,68,0,952,0,1,42,185905,1591,0,69,0,0,0,LEADER,1,0,0,0,0,68
187505,31,adaptive-prasle,1598,1,0,0,68,0,952,0,1,31,185907,1598,0,69,0,0,0,LEADER,1,0,0,0,0,68
188262,94,adaptive-prasle,2355,1,0,0,68,0,952,0,1,94,185907,2355,0,69,0,0,0,LEADER,1,0,0,0,0,68
187832,45,adaptive-prasle,1925,1,0,0,68,0,952,0,1,45,185907,1925,0,69,0,0,0,LEADER,1,0,0,0,0,68
188205,60,adaptive-prasle,2298,1,0,0,68,0,952,0,1,60,185907,2298,0,69,0,0,0,LEADER,1,0,0,0,0,68
188310,44,adaptive-prasle,1483,1,0,0,68,0,952,0,1,44,186827,1483,0,69,0,0,0,LEADER,1,0,0,0,0,68
187559,51,adaptive-prasle,1652,1,0,0,68,0,952,0,1,51,185907,1652,0,69,0,0,0,LEADER,1,0,0,0,0,68
188358,22,adaptive-prasle,1531,1,0,0,68,0,952,0,1,22,186827,1531,0,69,0,0,0,LEADER,1,0,0,0,0,68
187916,33,adaptive-prasle,2007,1,0,0,68,0,952,0,1,33,185909,2007,0,69,0,0,0,LEADER,1,0,0,0,0,68
188071,72,adaptive-prasle,2162,1,0,0,68,0,952,0,1,72,185909,2162,0,69,0,0,0,LEADER,1,0,0,0,0,68
187859,24,adaptive-prasle,1952,1,0,0,68,0,952,0,1,24,185907,1952,0,69,0,0,0,LEADER,1,0,0,0,0,68
188390,32,adaptive-prasle,1564,1,0,0,68,0,952,0,1,32,186826,1564,0,69,0,0,0,LEADER,1,0,0,0,0,68
187578,93,adaptive-prasle,1671,1,0,0,68,0,952,0,1,93,185907,1671,0,69,0,0,0,LEADER,1,0,0,0,0,68
188237,79,adaptive-prasle,2331,1,0,0,68,0,952,0,1,79,185906,2331,0,69,0,0,0,LEADER,1,0,0,0,0,68
188252,69,adaptive-prasle,2343,1,0,0,68,0,952,0,1,69,185909,2343,0,69,0,0,0,LEADER,1,0,0,0,0,68
187932,75,adaptive-prasle,2025,1,0,0,68,0,952,0,1,75,185907,2025,0,69,0,0,0,LEADER,1,0,0,0,0,68
187659,81,adaptive-prasle,1752,1,0,0,68,0,952,0,1,81,185907,1752,0,69,0,0,0,LEADER,1,0,0,0,0,68
187517,52,adaptive-prasle,1610,1,0,0,68,0,952,0,1,52,185907,1610,0,69,0,0,0,LEADER,1,0,0,0,0,68
187996,21,adaptive-prasle,2088,1,0,0,68,0,952,0,1,21,185908,2088,0,69,0,0,0,LEADER,1,0,0,0,0,68
188172,29,adaptive-prasle,2265,1,0,0,68,0,952,0,1,29,185907,2265,0,69,0,0,0,LEADER,1,0,0,0,0,68
187748,100,adaptive-prasle,1841,1,0,0,68,0,952,0,1,100,185907,1841,0,69,0,0,0,LEADER,1,0,0,0,0,68
187593,61,adaptive-prasle,1686,1,0,0,68,0,952,0,1,61,185907,1686,0,69,0,0,0,LEADER,1,0,0,0,0,68
188157,91,adaptive-prasle,2250,1,0,0,68,0,952,0,1,91,185907,2250,0,69,0,0,0,LEADER,1,0,0,0,0,68
188117,37,adaptive-prasle,2210,1,0,0,68,0,952,0,1,37,185907,2210,0,69,0,0,0,LEADER,1,0,0,0,0,68
187660,38,adaptive-prasle,1755,1,0,0,68,0,952,0,1,38,185905,1755,0,69,0,0,0,LEADER,1,0,0,0,0,68
188326,98,adaptive-prasle,2419,1,0,0,68,0,952,0,1,98,185907,2419,0,69,0,0,0,LEADER,1,0,0,0,0,68
188186,27,adaptive-prasle,2280,1,0,0,68,0,952,0,1,27,185906,2280,0,69,0,0,0,LEADER,1,0,0,0,0,68
187844,56,adaptive-prasle,1937,1,0,0,68,0,952,0,1,56,185907,1937,0,69,0,0,0,LEADER,1,0,0,0,0,68
188035,62,adaptive-prasle,2128,1,0,0,68,0,952,0,1,62,185907,2128,0,69,0,0,0,LEADER,1,0,0,0,0,68
188230,99,adaptive-prasle,2328,1,0,0,68,0,952,0,1,99,185902,2328,0,69,0,0,0,LEADER,1,0,0,0,0,68
188111,48,adaptive-prasle,2202,1,0,0,68,0,952,0,1,48,185909,2202,0,69,0,0,0,LEADER,1,0,0,0,0,68
187626,71,adaptive-prasle,1719,1,0,0,68,0,952,0,1,71,185907,1719,0,69,0,0,0,LEADER,1,0,0,0,0,68
187851,87,adaptive-prasle,1944,1,0,0,68,0,952,0,1,87,185907,1944,0,69,0,0,0,LEADER,1,0,0,0,0,68
187777,36,adaptive-prasle,1870,1,0,0,68,0,952,0,1,36,185907,1870,0,69,0,0,0,LEADER,1,0,0,0,0,68
188273,77,adaptive-prasle,1446,1,0,0,68,0,952,0,1,77,186827,1446,0,69,0,0,0,LEADER,1,0,0,0,0,68
188466,83,adaptive-prasle,1637,1,0,0,68,0,952,0,1,83,186829,1637,0,69,0,0,0,LEADER,1,0,0,0,0,68
187966,85,adaptive-prasle,2059,1,0,0,68,0,952,0,1,85,185907,2059,0,69,0,0,0,LEADER,1,0,0,0,0,68
188494,19,adaptive-prasle,1667,1,0,0,68,0,952,0,1,19,186827,1667,0,69,0,0,0,LEADER,1,0,0,0,0,68
188649,65,adaptive-prasle,1822,1,0,0,68,0,952,0,1,65,186827,1822,0,69,0,0,0,LEADER,1,0,0,0,0,68
188255,35,adaptive-prasle,1428,1,0,0,68,0,952,0,1,35,186827,1428,0,69,0,0,0,LEADER,1,0,0,0,0,68
188009,8,adaptive-prasle,2217,1,0,0,16,31,224,434,4,6,185792,2217,0,7,0,0,0,NORMAL,0,0,0,0,0,16
188270,86,adaptive-prasle,1443,1,0,0,68,0,952,0,1,86,186827,1443,0,69,0,0,0,LEADER,1,0,0,0,0,68
188313,50,adaptive-prasle,2406,1,0,0,68,0,952,0,1,50,185907,2406,0,69,0,0,0,LEADER,1,0,0,0,0,68
188328,55,adaptive-prasle,1501,1,0,0,68,0,952,0,1,55,186827,1501,0,69,0,0,0,LEADER,1,0,0,0,0,68
188367,63,adaptive-prasle,1540,1,0,0,68,0,952,0,1,63,186827,1540,0,69,0,0,0,LEADER,1,0,0,0,0,68
188731,46,adaptive-prasle,1904,1,0,0,68,0,952,0,1,46,186827,1904,0,69,0,0,0,LEADER,1,0,0,0,0,68
188526,53,adaptive-prasle,1701,1,0,0,68,0,952,0,1,53,186825,1701,0,69,0,0,0,LEADER,1,0,0,0,0,68
187881,23,adaptive-prasle,1974,1,0,0,68,0,952,0,1,23,185907,1974,0,69,0,0,0,LEADER,1,0,0,0,0,68
188749,88,adaptive-prasle,1922,1,0,0,68,0,952,0,1,88,186827,1922,0,69,0,0,0,LEADER,1,0,0,0,0,68
188276,34,adaptive-prasle,1449,1,0,0,68,0,952,0,1,34,186827,1449,0,69,0,0,0,LEADER,1,0,0,0,0,68
187886,97,adaptive-prasle,1977,1,0,0,68,0,952,0,1,97,185909,1977,0,69,0,0,0,LEADER,1,0,0,0,0,68
188004,20,adaptive-prasle,2095,1,0,0,68,0,952,0,1,20,185909,2095,0,69,0,0,0,LEADER,1,0,0,0,0,68
188084,40,adaptive-prasle,2177,1,0,0,68,0,952,0,1,40,185907,2177,0,69,0,0,0,LEADER,1,0,0,0,0,68
188009,47,adaptive-prasle,2100,1,0,0,68,0,952,0,1,47,185909,2100,0,69,0,0,0,LEADER,1,0,0,0,0,68
188919,95,adaptive-prasle,2092,1,0,0,68,0,952,0,1,95,186827,2092,0,69,0,0,0,LEADER,1,0,0,0,0,68
188302,25,adaptive-prasle,2395,1,0,0,68,0,952,0,1,25,185907,2395,0,69,0,0,0,LEADER,1,0,0,0,0,68
188907,84,adaptive-prasle,2080,1,0,0,68,0,952,0,1,84,186827,2080,0,69,0,0,0,LEADER,1,0,0,0,0,68
188184,70,adaptive-prasle,2277,1,0,0,68,0,952,0,1,70,185907,2277,0,69,0,0,0,LEADER,1,0,0,0,0,68
188102,82,adaptive-prasle,2195,1,0,0,68,0,952,0,1,82,185907,2195,0,69,0,0,0,LEADER,1,0,0,0,0,68
188320,67,adaptive-prasle,2413,1,0,0,68,0,952,0,1,67,185907,2413,0,69,0,0,0,LEADER,1,0,0,0,0,68
188272,89,adaptive-prasle,2365,1,0,0,68,0,952,0,1,89,185907,2365,0,69,0,0,0,LEADER,1,0,0,0,0,68
188940,28,adaptive-prasle,2113,1,0,0,68,0,952,0,1,28,186827,2113,0,69,0,0,0,LEADER,1,0,0,0,0,68
188684,68,adaptive-prasle,1855,1,0,0,68,0,952,0,1,68,186829,1855,0,69,0,0,0,LEADER,1,0,0,0,0,68
188635,90,adaptive-prasle,1807,1,0,0,68,0,952,0,1,90,186828,1807,0,69,0,0,0,LEADER,1,0,0,0,0,68
188295,76,adaptive-prasle,1468,1,0,0,68,0,952,0,1,76,186827,1468,0,69,0,0,0,LEADER,1,0,0,0,0,68
188616,10,adaptive-prasle,1789,1,0,0,68,0,952,0,1,10,186827,1789,0,69,0,0,0,LEADER,1,0,0,0,0,68
189048,58,adaptive-prasle,2221,1,0,0,68,0,952,0,1,58,186827,2221,0,69,0,0,0,LEADER,1,0,0,0,0,68
188431,73,adaptive-prasle,1604,1,0,0,68,0,952,0,1,73,186827,1604,0,69,0,0,0,LEADER,1,0,0,0,0,68
188172,59,adaptive-prasle,2265,1,0,0,68,0,952,0,1,59,185907,2265,0,69,0,0,0,LEADER,1,0,0,0,0,68
188446,41,adaptive-prasle,1619,1,0,0,68,0,952,0,1,41,186827,1619,0,69,0,0,0,LEADER,1,0,0,0,0,68
188361,96,adaptive-prasle,1534,1,0,0,68,0,952,0,1,96,186827,1534,0,69,0,0,0,LEADER,1,0,0,0,0,68
188662,74,adaptive-prasle,1837,1,0,0,68,0,952,0,1,74,186825,1837,0,69,0,0,0,LEADER,1,0,0,0,0,68
188594,49,adaptive-prasle,1767,1,0,0,68,0,952,0,1,49,186827,1767,0,69,0,0,0,LEADER,1,0,0,0,0,68
189055,92,adaptive-prasle,2228,1,0,0,68,0,952,0,1,92,186827,2228,0,69,0,0,0,LEADER,1,0,0,0,0,68
188263,66,adaptive-prasle,1434,1,0,0,68,0,952,0,1,66,186829,1434,0,69,0,0,0,LEADER,1,0,0,0,0,68
188287,57,adaptive-prasle,2380,1,0,0,68,0,952,0,1,57,185907,2380,0,69,0,0,0,LEADER,1,0,0,0,0,68
189087,78,adaptive-prasle,2260,1,0,0,68,0,952,0,1,78,186827,2260,0,69,0,0,0,LEADER,1,0,0,0,0,68
188253,39,adaptive-prasle,2346,1,0,0,68,0,952,0,1,39,185907,2346,0,69,0,0,0,LEADER,1,0,0,0,0,68
188970,30,adaptive-prasle,2143,1,0,0,68,0,952,0,1,30,186827,2143,0,69,0,0,0,LEADER,1,0,0,0,0,68
188376,64,adaptive-prasle,1549,1,0,0,68,0,952,0,1,64,186827,1549,0,69,0,0,0,LEADER,1,0,0,0,0,68
188601,80,adaptive-prasle,1774,1,0,0,68,0,952,0,1,80,186827,1774,0,69,0,0,0,LEADER,1,0,0,0,0,68
188338,54,adaptive-prasle,1516,1,0,0,68,0,952,0,1,54,186822,1516,0,69,0,0,0,LEADER,1,0,0,0,0,68
188867,43,adaptive-prasle,2040,1,0,0,68,0,952,0,1,43,186827,2040,0,69,0,0,0,LEADER,1,0,0,0,0,68
188787,26,adaptive-prasle,1960,1,0,0,68,0,952,0,1,26,186827,1960,0,69,0,0,0,LEADER,1,0,0,0,0,68
188416,42,adaptive-prasle,1591,1,0,0,68,0,952,0,1,42,186825,1591,0,69,0,0,0,LEADER,1,0,0,0,0,68
188425,31,adaptive-prasle,1598,1,0,0,68,0,952,0,1,31,186827,1598,0,69,0,0,0,LEADER,1,0,0,0,0,68
189182,94,adaptive-prasle,2355,1,0,0,68,0,952,0,1,94,186827,2355,0,69,0,0,0,LEADER,1,0,0,0,0,68
188752,45,adaptive-prasle,1925,1,0,0,68,0,952,0,1,45,186827,1925,0,69,0,0,0,LEADER,1,0,0,0,0,68
189125,60,adaptive-prasle,2298,1,0,0,68,0,952,0,1,60,186827,2298,0,69,0,0,0,LEADER,1,0,0,0,0,68
189231,44,adaptive-prasle,1483,1,0,0,69,0,966,0,1,44,187748,1483,0,70,0,0,0,LEADER,1,0,0,0,0,69
188479,51,adaptive-prasle,1652,1,0,0,68,0,952,0,1,51,186827,1652,0,69,0,0,0,LEADER,1,0,0,0,0,68
188836,33,adaptive-prasle,2007,1,0,0,68,0,952,0,1,33,186829,2007,0,69,0,0,0,LEADER,1,0,0,0,0,68
189279,22,adaptive-prasle,1531,1,0,0,69,0,966,0,1,22,187748,1531,0,70,0,0,0,LEADER,1,0,0,0,0,69
188991,72,adaptive-prasle,2162,1,0,0,68,0,952,0,1,72,186829,2162,0,69,0,0,0,LEADER,1,0,0,0,0,68
188779,24,adaptive-prasle,1952,1,0,0,68,0,952,0,1,24,186827,1952,0,69,0,0,0,LEADER,1,0,0,0,0,68
189311,32,adaptive-prasle,1564,1,0,0,69,0,966,0,1,32,187747,1564,0,70,0,0,0,LEADER,1,0,0,0,0,69
188498,93,adaptive-prasle,1671,1,0,0,68,0,952,0,1,93,186827,1671,0,69,0,0,0,LEADER,1,0,0,0,0,68
189157,79,adaptive-prasle,2331,1,0,0,68,0,952,0,1,79,186826,2331,0,69,0,0,0,LEADER,1,0,0,0,0,68
189172,69,adaptive-prasle,2343,1,0,0,68,0,952,0,1,69,186829,2343,0,69,0,0,0,LEADER,1,0,0,0,0,68
188852,75,adaptive-prasle,2025,1,0,0,68,0,952,0,1,75,186827,2025,0,69,0,0,0,LEADER,1,0,0,0,0,68
188981,7,adaptive-prasle,1749,1,0,0,14,29,196,406,6,3,187232,1749,0,7,0,0,0,NORMAL,0,0,0,0,0,14
188579,81,adaptive-prasle,1752,1,0,0,68,0,952,0,1,81,186827,1752,0,69,0,0,0,LEADER,1,0,0,0,0,68
188437,52,adaptive-prasle,1610,1,0,0,68,0,952,0,1,52,186827,1610,0,69,0,0,0,LEADER,1,0,0,0,0,68
188916,21,adaptive-prasle,2088,1,0,0,68,0,952,0,1,21,186828,2088,0,69,0,0,0,LEADER,1,0,0,0,0,68
189092,29,adaptive-prasle,2265,1,0,0,68,0,952,0,1,29,186827,2265,0,69,0,0,0,LEADER,1,0,0,0,0,68
188668,100,adaptive-prasle,1841,1,0,0,68,0,952,0,1,100,186827,1841,0,69,0,0,0,LEADER,1,0,0,0,0,68
188513,61,adaptive-prasle,1686,1,0,0,68,0,952,0,1,61,186827,1686,0,69,0,0,0,LEADER,1,0,0,0,0,68
189077,91,adaptive-prasle,2250,1,0,0,68,0,952,0,1,91,186827,2250,0,69,0,0,0,LEADER,1,0,0,0,0,68
189037,37,adaptive-prasle,2210,1,0,0,68,0,952,0,1,37,186827,2210,0,69,0,0,0,LEADER,1,0,0,0,0,68
188580,38,adaptive-prasle,1755,1,0,0,68,0,952,0,1,38,186825,1755,0,69,0,0,0,LEADER,1,0,0,0,0,68
189246,98,adaptive-prasle,2419,1,0,0,68,0,952,0,1,98,186827,2419,0,69,0,0,0,LEADER,1,0,0,0,0,68
189106,27,adaptive-prasle,2280,1,0,0,68,0,952,0,1,27,186826,2280,0,69,0,0,0,LEADER,1,0,0,0,0,68
188955,62,adaptive-prasle,2128,1,0,0,68,0,952,0,1,62,186827,2128,0,69,0,0,0,LEADER,1,0,0,0,0,68
188764,56,adaptive-prasle,1937,1,0,0,68,0,952,0,1,56,186827,1937,0,69,0,0,0,LEADER,1,0,0,0,0,68
189150,99,adaptive-prasle,2328,1,0,0,68,0,952,0,1,99,186822,2328,0,69,0,0,0,LEADER,1,0,0,0,0,68
189031,48,adaptive-prasle,2202,1,0,0,68,0,952,0,1,48,186829,2202,0,69,0,0,0,LEADER,1,0,0,0,0,68
189182,6,adaptive-prasle,1797,1,0,0,13,23,182,322,5,3,187385,1797,0,7,0,0,0,NORMAL,0,0,0,0,0,13
189384,11,adaptive-prasle,2055,1,0,0,10,7,140,98,4,11,187329,2055,0,8,0,0,0,LEADER,1,0,0,0,0,10
188546,71,adaptive-prasle,1719,1,0,0,68,0,952,0,1,71,186827,1719,0,69,0,0,0,LEADER,1,0,0,0,0,68
188771,87,adaptive-prasle,1944,1,0,0,68,0,952,0,1,87,186827,1944,0,69,0,0,0,LEADER,1,0,0,0,0,68
188697,36,adaptive-prasle,1870,1,0,0,68,0,952,0,1,36,186827,1870,0,69,0,0,0,LEADER,1,0,0,0,0,68
189194,77,adaptive-prasle,1446,1,0,0,69,0,966,0,1,77,187748,1446,0,70,0,0,0,LEADER,1,0,0,0,0,69
189387,83,adaptive-prasle,1637,1,0,0,69,0,966,0,1,83,187750,1637,0,70,0,0,0,LEADER,1,0,0,0,0,69
188886,85,adaptive-prasle,2059,1,0,0,68,0,952,0,1,85,186827,2059,0,69,0,0,0,LEADER,1,0,0,0,0,68
189415,19,adaptive-prasle,1667,1,0,0,69,0,966,0,1,19,187748,1667,0,70,0,0,0,LEADER,1,0,0,0,0,69
189570,65,adaptive-prasle,1822,1,0,0,69,0,966,0,1,65,187748,1822,0,70,0,0,0,LEADER,1,0,0,0,0,69
189176,35,adaptive-prasle,1428,1,0,0,69,0,966,0,1,35,187748,1428,0,70,0,0,0,LEADER,1,0,0,0,0,69
189191,86,adaptive-prasle,1443,1,0,0,69,0,966,0,1,86,187748,1443,0,70,0,0,0,LEADER,1,0,0,0,0,69
189233,50,adaptive-prasle,2406,1,0,0,68,0,952,0,1,50,186827,2406,0,69,0,0,0,LEADER,1,0,0,0,0,68
189249,55,adaptive-prasle,1501,1,0,0,69,0,966,0,1,55,187748,1501,0,70,0,0,0,LEADER,1,0,0,0,0,69
189288,63,adaptive-prasle,1540,1,0,0,69,0,966,0,1,63,187748,1540,0,70,0,0,0,LEADER,1,0,0,0,0,69
189652,46,adaptive-prasle,1904,1,0,0,69,0,966,0,1,46,187748,1904,0,70,0,0,0,LEADER,1,0,0,0,0,69
189447,53,adaptive-prasle,1701,1,0,0,69,0,966,0,1,53,187746,1701,0,70,0,0,0,LEADER,1,0,0,0,0,69
188801,23,adaptive-prasle,1974,1,0,0,68,0,952,0,1,23,186827,1974,0,69,0,0,0,LEADER,1,0,0,0,0,68
189670,88,adaptive-prasle,1922,1,0,0,69,0,966,0,1,88,187748,1922,0,70,0,0,0,LEADER,1,0,0,0,0,69
189197,34,adaptive-prasle,1449,1,0,0,69,0,966,0,1,34,187748,1449,0,70,0,0,0,LEADER,1,0,0,0,0,69
188806,97,adaptive-prasle,1977,1,0,0,68,0,952,0,1,97,186829,1977,0,69,0,0,0,LEADER,1,0,0,0,0,68
188924,20,adaptive-prasle,2095,1,0,0,68,0,952,0,1,20,186829,2095,0,69,0,0,0,LEADER,1,0,0,0,0,68
189004,40,adaptive-prasle,2177,1,0,0,68,0,952,0,1,40,186827,2177,0,69,0,0,0,LEADER,1,0,0,0,0,68
188929,47,adaptive-prasle,2100,1,0,0,68,0,952,0,1,47,186829,2100,0,69,0,0,0,LEADER,1,0,0,0,0,68
189840,95,adaptive-prasle,2092,1,0,0,69,0,966,0,1,95,187748,2092,0,70,0,0,0,LEADER,1,0,0,0,0,69
189222,25,adaptive-prasle,2395,1,0,0,68,0,952,0,1,25,186827,2395,0,69,0,0,0,LEADER,1,0,0,0,0,68
189828,84,adaptive-prasle,2080,1,0,0,69,0,966,0,1,84,187748,2080,0,70,0,0,0,LEADER,1,0,0,0,0,69
189104,70,adaptive-prasle,2277,1,0,0,68,0,952,0,1,70,186827,2277,0,69,0,0,0,LEADER,1,0,0,0,0,68
189022,82,adaptive-prasle,2195,1,0,0,68,0,952,0,1,82,186827,2195,0,69,0,0,0,LEADER,1,0,0,0,0,68
189240,67,adaptive-prasle,2413,1,0,0,68,0,952,0,1,67,186827,2413,0,69,0,0,0,LEADER,1,0,0,0,0,68
189192,89,adaptive-prasle,2365,1,0,0,68,0,952,0,1,89,186827,2365,0,69,0,0,0,LEADER,1,0,0,0,0,68
189861,28,adaptive-prasle,2113,1,0,0,69,0,966,0,1,28,187748,2113,0,70,0,0,0,LEADER,1,0,0,0,0,69
189605,68,adaptive-prasle,1855,1,0,0,69,0,966,0,1,68,187750,1855,0,70,0,0,0,LEADER,1,0,0,0,0,69
189556,90,adaptive-prasle,1807,1,0,0,69,0,966,0,1,90,187749,1807,0,70,0,0,0,LEADER,1,0,0,0,0,69
189216,76,adaptive-prasle,1468,1,0,0,69,0,966,0,1,76,187748,1468,0,70,0,0,0,LEADER,1,0,0,0,0,69
189537,10,adaptive-prasle,1789,1,0,0,69,0,966,0,1,10,187748,1789,0,70,0,0,0,LEADER,1,0,0,0,0,69
189969,58,adaptive-prasle,2221,1,0,0,69,0,966,0,1,58,187748,2221,0,70,0,0,0,LEADER,1,0,0,0,0,69
189352,73,adaptive-prasle,1604,1,0,0,69,0,966,0,1,73,187748,1604,0,70,0,0,0,LEADER,1,0,0,0,0,69
189092,59,adaptive-prasle,2265,1,0,0,68,0,952,0,1,59,186827,2265,0,69,0,0,0,LEADER,1,0,0,0,0,68
189367,41,adaptive-prasle,1619,1,0,0,69,0,966,0,1,41,187748,1619,0,70,0,0,0,LEADER,1,0,0,0,0,69
189282,96,adaptive-prasle,1534,1,0,0,69,0,966,0,1,96,187748,1534,0,70,0,0,0,LEADER,1,0,0,0,0,69
189583,74,adaptive-prasle,1837,1,0,0,69,0,966,0,1,74,187746,1837,0,70,0,0,0,LEADER,1,0,0,0,0,69
189515,49,adaptive-prasle,1767,1,0,0,69,0,966,0,1,49,187748,1767,0,70,0,0,0,LEADER,1,0,0,0,0,69
189976,92,adaptive-prasle,2228,1,0,0,69,0,966,0,1,92,187748,2228,0,70,0,0,0,LEADER,1,0,0,0,0,69
189184,66,adaptive-prasle,1434,1,0,0,69,0,966,0,1,66,187750,1434,0,70,0,0,0,LEADER,1,0,0,0,0,69
189207,57,adaptive-prasle,2380,1,0,0,68,0,952,0,1,57,186827,2380,0,69,0,0,0,LEADER,1,0,0,0,0,68
190008,78,adaptive-prasle,2260,1,0,0,69,0,966,0,1,78,187748,2260,0,70,0,0,0,LEADER,1,0,0,0,0,69
189173,39,adaptive-prasle,2346,1,0,0,68,0,952,0,1,39,186827,2346,0,69,0,0,0,LEADER,1,0,0,0,0,68
189891,30,adaptive-prasle,2143,1,0,0,69,0,966,0,1,30,187748,2143,0,70,0,0,0,LEADER,1,0,0,0,0,69
189297,64,adaptive-prasle,1549,1,0,0,69,0,966,0,1,64,187748,1549,0,70,0,0,0,LEADER,1,0,0,0,0,69
189522,80,adaptive-prasle,1774,1,0,0,69,0,966,0,1,80,187748,1774,0,70,0,0,0,LEADER,1,0,0,0,0,69
189259,54,adaptive-prasle,1516,1,0,0,69,0,966,0,1,54,187743,1516,0,70,0,0,0,LEADER,1,0,0,0,0,69
189788,43,adaptive-prasle,2040,1,0,0,69,0,966,0,1,43,187748,2040,0,70,0,0,0,LEADER,1,0,0,0,0,69
189708,26,adaptive-prasle,1960,1,0,0,69,0,966,0,1,26,187748,1960,0,70,0,0,0,LEADER,1,0,0,0,0,69
189337,42,adaptive-prasle,1591,1,0,0,69,0,966,0,1,42,187746,1591,0,70,0,0,0,LEADER,1,0,0,0,0,69
189346,31,adaptive-prasle,1598,1,0,0,69,0,966,0,1,31,187748,1598,0,70,0,0,0,LEADER,1,0,0,0,0,69
190103,94,adaptive-prasle,2355,1,0,0,69,0,966,0,1,94,187748,2355,0,70,0,0,0,LEADER,1,0,0,0,0,69
189673,45,adaptive-prasle,1925,1,0,0,69,0,966,0,1,45,187748,1925,0,70,0,0,0,LEADER,1,0,0,0,0,69
190046,60,adaptive-prasle,2298,1,0,0,69,0,966,0,1,60,187748,2298,0,70,0,0,0,LEADER,1,0,0,0,0,69
190151,44,adaptive-prasle,1483,1,0,0,69,0,966,0,1,44,188668,1483,0,70,0,0,0,LEADER,1,0,0,0,0,69
189400,51,adaptive-prasle,1652,1,0,0,69,0,966,0,1,51,187748,1652,0,70,0,0,0,LEADER,1,0,0,0,0,69
190199,22,adaptive-prasle,1531,1,0,0,69,0,966,0,1,22,188668,1531,0,70,0,0,0,LEADER,1,0,0,0,0,69
189757,33,adaptive-prasle,2007,1,0,0,69,0,966,0,1,33,187750,2007,0,70,0,0,0,LEADER,1,0,0,0,0,69
189912,72,adaptive-prasle,2162,1,0,0,69,0,966,0,1,72,187750,2162,0,70,0,0,0,LEADER,1,0,0,0,0,69
189700,24,adaptive-prasle,1952,1,0,0,69,0,966,0,1,24,187748,1952,0,70,0,0,0,LEADER,1,0,0,0,0,69
190231,32,adaptive-prasle,1564,1,0,0,69,0,966,0,1,32,188667,1564,0,70,0,0,0,LEADER,1,0,0,0,0,69
189419,93,adaptive-prasle,1671,1,0,0,69,0,966,0,1,93,187748,1671,0,70,0,0,0,LEADER,1,0,0,0,0,69
190093,69,adaptive-prasle,2343,1,0,0,69,0,966,0,1,69,187750,2343,0,70,0,0,0,LEADER,1,0,0,0,0,69
190078,79,adaptive-prasle,2331,1,0,0,69,0,966,0,1,79,187747,2331,0,70,0,0,0,LEADER,1,0,0,0,0,69
189773,75,adaptive-prasle,2025,1,0,0,69,0,966,0,1,75,187748,2025,0,70,0,0,0,LEADER,1,0,0,0,0,69
189500,81,adaptive-prasle,1752,1,0,0,69,0,966,0,1,81,187748,1752,0,70,0,0,0,LEADER,1,0,0,0,0,69
189358,52,adaptive-prasle,1610,1,0,0,69,0,966,0,1,52,187748,1610,0,70,0,0,0,LEADER,1,0,0,0,0,69
189837,21,adaptive-prasle,2088,1,0,0,69,0,966,0,1,21,187749,2088,0,70,0,0,0,LEADER,1,0,0,0,0,69
190013,29,adaptive-prasle,2265,1,0,0,69,0,966,0,1,29,187748,2265,0,70,0,0,0,LEADER,1,0,0,0,0,69
189589,100,adaptive-prasle,1841,1,0,0,69,0,966,0,1,100,187748,1841,0,70,0,0,0,LEADER,1,0,0,0,0,69
189434,61,adaptive-prasle,1686,1,0,0,69,0,966,0,1,61,187748,1686,0,70,0,0,0,LEADER,1,0,0,0,0,69
189998,91,adaptive-prasle,2250,1,0,0,69,0,966,0,1,91,187748,2250,0,70,0,0,0,LEADER,1,0,0,0,0,69
189958,37,adaptive-prasle,2210,1,0,0,69,0,966,0,1,37,187748,2210,0,70,0,0,0,LEADER,1,0,0,0,0,69
189501,38,adaptive-prasle,1755,1,0,0,69,0,966,0,1,38,187746,1755,0,70,0,0,0,LEADER,1,0,0,0,0,69
190167,98,adaptive-prasle,2419,1,0,0,69,0,966,0,1,98,187748,2419,0,70,0,0,0,LEADER,1,0,0,0,0,69
190027,27,adaptive-prasle,2280,1,0,0,69,0,966,0,1,27,187747,2280,0,70,0,0,0,LEADER,1,0,0,0,0,69
189876,62,adaptive-prasle,2128,1,0,0,69,0,966,0,1,62,187748,2128,0,70,0,0,0,LEADER,1,0,0,0,0,69
189685,56,adaptive-prasle,1937,1,0,0,69,0,966,0,1,56,187748,1937,0,70,0,0,0,LEADER,1,0,0,0,0,69
190071,99,adaptive-prasle,2328,1,0,0,69,0,966,0,1,99,187743,2328,0,70,0,0,0,LEADER,1,0,0,0,0,69
189952,48,adaptive-prasle,2202,1,0,0,69,0,966,0,1,48,187750,2202,0,70,0,0,0,LEADER,1,0,0,0,0,69
189467,71,adaptive-prasle,1719,1,0,0,69,0,966,0,1,71,187748,1719,0,70,0,0,0,LEADER,1,0,0,0,0,69
189692,87,adaptive-prasle,1944,1,0,0,69,0,966,0,1,87,187748,1944,0,70,0,0,0,LEADER,1,0,0,0,0,69
189618,36,adaptive-prasle,1870,1,0,0,69,0,966,0,1,36,187748,1870,0,70,0,0,0,LEADER,1,0,0,0,0,69
190401,12,adaptive-prasle,1578,1,0,0,7,8,98,112,3,12,188823,1578,0,6,0,0,0,LEADER,1,0,0,0,0,7
190114,77,adaptive-prasle,1446,1,0,0,69,0,966,0,1,77,188668,1446,0,70,0,0,0,LEADER,1,0,0,0,0,69
190307,83,adaptive-prasle,1637,1,0,0,69,0,966,0,1,83,188670,1637,0,70,0,0,0,LEADER,1,0,0,0,0,69
189807,85,adaptive-prasle,2059,1,0,0,69,0,966,0,1,85,187748,2059,0,70,0,0,0,LEADER,1,0,0,0,0,69
190335,19,adaptive-prasle,1667,1,0,0,69,0,966,0,1,19,188668,1667,0,70,0,0,0,LEADER,1,0,0,0,0,69
190490,65,adaptive-prasle,1822,1,0,0,69,0,966,0,1,65,188668,1822,0,70,0,0,0,LEADER,1,0,0,0,0,69
190096,35,adaptive-prasle,1428,1,0,0,69,0,966,0,1,35,188668,1428,0,70,0,0,0,LEADER,1,0,0,0,0,69
190111,86,adaptive-prasle,1443,1,0,0,69,0,966,0,1,86,188668,1443,0,70,0,0,0,LEADER,1,0,0,0,0,69
190154,50,adaptive-prasle,2406,1,0,0,69,0,966,0,1,50,187748,2406,0,70,0,0,0,LEADER,1,0,0,0,0,69
190169,55,adaptive-prasle,1501,1,0,0,69,0,966,0,1,55,188668,1501,0,70,0,0,0,LEADER,1,0,0,0,0,69
190208,63,adaptive-prasle,1540,1,0,0,69,0,966,0,1,63,188668,1540,0,70,0,0,0,LEADER,1,0,0,0,0,69
190572,46,adaptive-prasle,1904,1,0,0,69,0,966,0,1,46,188668,1904,0,70,0,0,0,LEADER,1,0,0,0,0,69
190367,53,adaptive-prasle,1701,1,0,0,69,0,966,0,1,53,188666,1701,0,70,0,0,0,LEADER,1,0,0,0,0,69
189722,23,adaptive-prasle,1974,1,0,0,69,0,966,0,1,23,187748,1974,0,70,0,0,0,LEADER,1,0,0,0,0,69
190590,88,adaptive-prasle,1922,1,0,0,69,0,966,0,1,88,188668,1922,0,70,0,0,0,LEADER,1,0,0,0,0,69
190117,34,adaptive-prasle,1449,1,0,0,69,0,966,0,1,34,188668,1449,0,70,0,0,0,LEADER,1,0,0,0,0,69
189727,97,adaptive-prasle,1977,1,0,0,69,0,966,0,1,97,187750,1977,0,70,0,0,0,LEADER,1,0,0,0,0,69
189845,20,adaptive-prasle,2095,1,0,0,69,0,966,0,1,20,187750,2095,0,70,0,0,0,LEADER,1,0,0,0,0,69
189925,40,adaptive-prasle,2177,1,0,0,69,0,966,0,1,40,187748,2177,0,70,0,0,0,LEADER,1,0,0,0,0,69
189850,47,adaptive-prasle,2100,1,0,0,69,0,966,0,1,47,187750,2100,0,70,0,0,0,LEADER,1,0,0,0,0,69
190760,95,adaptive-prasle,2092,1,0,0,69,0,966,0,1,95,188668,2092,0,70,0,0,0,LEADER,1,0,0,0,0,69
190143,25,adaptive-prasle,2395,1,0,0,69,0,966,0,1,25,187748,2395,0,70,0,0,0,LEADER,1,0,0,0,0,69
190748,84,adaptive-prasle,2080,1,0,0,69,0,966,0,1,84,188668,2080,0,70,0,0,0,LEADER,1,0,0,0,0,69
190025,70,adaptive-prasle,2277,1,0,0,69,0,966,0,1,70,187748,2277,0,70,0,0,0,LEADER,1,0,0,0,0,69
189943,82,adaptive-prasle,2195,1,0,0,69,0,966,0,1,82,187748,2195,0,70,0,0,0,LEADER,1,0,0,0,0,69
190161,67,adaptive-prasle,2413,1,0,0,69,0,966,0,1,67,187748,2413,0,70,0,0,0,LEADER,1,0,0,0,0,69
190113,89,adaptive-prasle,2365,1,0,0,69,0,966,0,1,89,187748,2365,0,70,0,0,0,LEADER,1,0,0,0,0,69
190781,28,adaptive-prasle,2113,1,0,0,69,0,966,0,1,28,188668,2113,0,70,0,0,0,LEADER,1,0,0,0,0,69
190525,68,adaptive-prasle,1855,1,0,0,69,0,966,0,1,68,188670,1855,0,70,0,0,0,LEADER,1,0,0,0,0,69
190476,90,adaptive-prasle,1807,1,0,0,69,0,966,0,1,90,188669,1807,0,70,0,0,0,LEADER,1,0,0,0,0,69
190136,76,adaptive-prasle,1468,1,0,0,69,0,966,0,1,76,188668,1468,0,70,0,0,0,LEADER,1,0,0,0,0,69
190457,10,adaptive-prasle,1789,1,0,0,69,0,966,0,1,10,188668,1789,0,70,0,0,0,LEADER,1,0,0,0,0,69
190889,58,adaptive-prasle,2221,1,0,0,69,0,966,0,1,58,188668,2221,0,70,0,0,0,LEADER,1,0,0,0,0,69
190272,73,adaptive-prasle,1604,1,0,0,69,0,966,0,1,73,188668,1604,0,70,0,0,0,LEADER,1,0,0,0,0,69
190013,59,adaptive-prasle,2265,1,0,0,69,0,966,0,1,59,187748,2265,0,70,0,0,0,LEADER,1,0,0,0,0,69
190287,41,adaptive-prasle,1619,1,0,0,69,0,966,0,1,41,188668,1619,0,70,0,0,0,LEADER,1,0,0,0,0,69
190202,96,adaptive-prasle,1534,1,0,0,69,0,966,0,1,96,188668,1534,0,70,0,0,0,LEADER,1,0,0,0,0,69
190435,49,adaptive-prasle,1767,1,0,0,69,0,966,0,1,49,188668,1767,0,70,0,0,0,LEADER,1,0,0,0,0,69
190503,74,adaptive-prasle,1837,1,0,0,69,0,966,0,1,74,188666,1837,0,70,0,0,0,LEADER,1,0,0,0,0,69
190896,92,adaptive-prasle,2228,1,0,0,69,0,966,0,1,92,188668,2228,0,70,0,0,0,LEADER,1,0,0,0,0,69
190104,66,adaptive-prasle,1434,1,0,0,69,0,966,0,1,66,188670,1434,0,70,0,0,0,LEADER,1,0,0,0,0,69
190128,57,adaptive-prasle,2380,1,0,0,69,0,966,0,1,57,187748,2380,0,70,0,0,0,LEADER,1,0,0,0,0,69
190928,78,adaptive-prasle,2260,1,0,0,69,0,966,0,1,78,188668,2260,0,70,0,0,0,LEADER,1,0,0,0,0,69
190094,39,adaptive-prasle,2346,1,0,0,69,0,966,0,1,39,187748,2346,0,70,0,0,0,LEADER,1,0,0,0,0,69
190811,30,adaptive-prasle,2143,1,0,0,69,0,966,0,1,30,188668,2143,0,70,0,0,0,LEADER,1,0,0,0,0,69
190217,64,adaptive-prasle,1549,1,0,0,69,0,966,0,1,64,188668,1549,0,70,0,0,0,LEADER,1,0,0,0,0,69
190442,80,adaptive-prasle,1774,1,0,0,69,0,966,0,1,80,188668,1774,0,70,0,0,0,LEADER,1,0,0,0,0,69
190179,54,adaptive-prasle,1516,1,0,0,69,0,966,0,1,54,188663,1516,0,70,0,0,0,LEADER,1,0,0,0,0,69
190708,43,adaptive-prasle,2040,1,0,0,69,0,966,0,1,43,188668,2040,0,70,0,0,0,LEADER,1,0,0,0,0,69
190628,26,adaptive-prasle,1960,1,0,0,69,0,966,0,1,26,188668,1960,0,70,0,0,0,LEADER,1,0,0,0,0,69
190257,42,adaptive-prasle,1591,1,0,0,69,0,966,0,1,42,188666,1591,0,70,0,0,0,LEADER,1,0,0,0,0,69
190266,31,adaptive-prasle,1598,1,0,0,69,0,966,0,1,31,188668,1598,0,70,0,0,0,LEADER,1,0,0,0,0,69
191023,94,adaptive-prasle,2355,1,0,0,69,0,966,0,1,94,188668,2355,0,70,0,0,0,LEADER,1,0,0,0,0,69
190593,45,adaptive-prasle,1925,1,0,0,69,0,966,0,1,45,188668,1925,0,70,0,0,0,LEADER,1,0,0,0,0,69
190966,60,adaptive-prasle,2298,1,0,0,69,0,966,0,1,60,188668,2298,0,70,0,0,0,LEADER,1,0,0,0,0,69
191071,44,adaptive-prasle,1483,1,0,0,69,0,966,0,1,44,189588,1483,0,70,0,0,0,LEADER,1,0,0,0,0,69
190320,51,adaptive-prasle,1652,1,0,0,69,0,966,0,1,51,188668,1652,0,70,0,0,0,LEADER,1,0,0,0,0,69
191119,22,adaptive-prasle,1531,1,0,0,69,0,966,0,1,22,189588,1531,0,70,0,0,0,LEADER,1,0,0,0,0,69
190677,33,adaptive-prasle,2007,1,0,0,69,0,966,0,1,33,188670,2007,0,70,0,0,0,LEADER,1,0,0,0,0,69
190832,72,adaptive-prasle,2162,1,0,0,69,0,966,0,1,72,188670,2162,0,70,0,0,0,LEADER,1,0,0,0,0,69
190620,24,adaptive-prasle,1952,1,0,0,69,0,966,0,1,24,188668,1952,0,70,0,0,0,LEADER,1,0,0,0,0,69
191151,32,adaptive-prasle,1564,1,0,0,69,0,966,0,1,32,189587,1564,0,70,0,0,0,LEADER,1,0,0,0,0,69
190339,93,adaptive-prasle,1671,1,0,0,69,0,966,0,1,93,188668,1671,0,70,0,0,0,LEADER,1,0,0,0,0,69
190998,79,adaptive-prasle,2331,1,0,0,69,0,966,0,1,79,188667,2331,0,70,0,0,0,LEADER,1,0,0,0,0,69
191013,69,adaptive-prasle,2343,1,0,0,69,0,966,0,1,69,188670,2343,0,70,0,0,0,LEADER,1,0,0,0,0,69
190693,75,adaptive-prasle,2025,1,0,0,69,0,966,0,1,75,188668,2025,0,70,0,0,0,LEADER,1,0,0,0,0,69
190420,81,adaptive-prasle,1752,1,0,0,69,0,966,0,1,81,188668,1752,0,70,0,0,0,LEADER,1,0,0,0,0,69
190278,52,adaptive-prasle,1610,1,0,0,69,0,966,0,1,52,188668,1610,0,70,0,0,0,LEADER,1,0,0,0,0,69
190757,21,adaptive-prasle,2088,1,0,0,69,0,966,0,1,21,188669,2088,0,70,0,0,0,LEADER,1,0,0,0,0,69
190933,29,adaptive-prasle,2265,1,0,0,69,0,966,0,1,29,188668,2265,0,70,0,0,0,LEADER,1,0,0,0,0,69
190509,100,adaptive-prasle,1841,1,0,0,69,0,966,0,1,100,188668,1841,0,70,0,0,0,LEADER,1,0,0,0,0,69
190354,61,adaptive-prasle,1686,1,0,0,69,0,966,0,1,61,188668,1686,0,70,0,0,0,LEADER,1,0,0,0,0,69
190918,91,adaptive-prasle,2250,1,0,0,69,0,966,0,1,91,188668,2250,0,70,0,0,0,LEADER,1,0,0,0,0,69
190878,37,adaptive-prasle,2210,1,0,0,69,0,966,0,1,37,188668,2210,0,70,0,0,0,LEADER,1,0,0,0,0,69
190421,38,adaptive-prasle,1755,1,0,0,69,0,966,0,1,38,188666,1755,0,70,0,0,0,LEADER,1,0,0,0,0,69
191087,98,adaptive-prasle,2419,1,0,0,69,0,966,0,1,98,188668,2419,0,70,0,0,0,LEADER,1,0,0,0,0,69
190947,27,adaptive-prasle,2280,1,0,0,69,0,966,0,1,27,188667,2280,0,70,0,0,0,LEADER,1,0,0,0,0,69
190796,62,adaptive-prasle,2128,1,0,0,69,0,966,0,1,62,188668,2128,0,70,0,0,0,LEADER,1,0,0,0,0,69
190605,56,adaptive-prasle,1937,1,0,0,69,0,966,0,1,56,188668,1937,0,70,0,0,0,LEADER,1,0,0,0,0,69
190991,99,adaptive-prasle,2328,1,0,0,69,0,966,0,1,99,188663,2328,0,70,0,0,0,LEADER,1,0,0,0,0,69
190872,48,adaptive-prasle,2202,1,0,0,69,0,966,0,1,48,188670,2202,0,70,0,0,0,LEADER,1,0,0,0,0,69
190387,71,adaptive-prasle,1719,1,0,0,69,0,966,0,1,71,188668,1719,0,70,0,0,0,LEADER,1,0,0,0,0,69
190612,87,adaptive-prasle,1944,1,0,0,69,0,966,0,1,87,188668,1944,0,70,0,0,0,LEADER,1,0,0,0,0,69
190538,36,adaptive-prasle,1870,1,0,0,69,0,966,0,1,36,188668,1870,0,70,0,0,0,LEADER,1,0,0,0,0,69
191034,77,adaptive-prasle,1446,1,0,0,69,0,966,0,1,77,189588,1446,0,70,0,0,0,LEADER,1,0,0,0,0,69
191227,83,adaptive-prasle,1637,1,0,0,69,0,966,0,1,83,189590,1637,0,70,0,0,0,LEADER,1,0,0,0,0,69
190727,85,adaptive-prasle,2059,1,0,0,69,0,966,0,1,85,188668,2059,0,70,0,0,0,LEADER,1,0,0,0,0,69
191255,19,adaptive-prasle,1667,1,0,0,69,0,966,0,1,19,189588,1667,0,70,0,0,0,LEADER,1,0,0,0,0,69
191410,65,adaptive-prasle,1822,1,0,0,69,0,966,0,1,65,189588,1822,0,70,0,0,0,LEADER,1,0,0,0,0,69
191016,35,adaptive-prasle,1428,1,0,0,69,0,966,0,1,35,189588,1428,0,70,0,0,0,LEADER,1,0,0,0,0,69
191031,86,adaptive-prasle,1443,1,0,0,69,0,966,0,1,86,189588,1443,0,70,0,0,0,LEADER,1,0,0,0,0,69
191074,50,adaptive-prasle,2406,1,0,0,69,0,966,0,1,50,188668,2406,0,70,0,0,0,LEADER,1,0,0,0,0,69
191089,55,adaptive-prasle,1501,1,0,0,69,0,966,0,1,55,189588,1501,0,70,0,0,0,LEADER,1,0,0,0,0,69
191128,63,adaptive-prasle,1540,1,0,0,69,0,966,0,1,63,189588,1540,0,70,0,0,0,LEADER,1,0,0,0,0,69
191492,46,adaptive-prasle,1904,1,0,0,69,0,966,0,1,46,189588,1904,0,70,0,0,0,LEADER,1,0,0,0,0,69
191287,53,adaptive-prasle,1701,1,0,0,69,0,966,0,1,53,189586,1701,0,70,0,0,0,LEADER,1,0,0,0,0,69
190642,23,adaptive-prasle,1974,1,0,0,69,0,966,0,1,23,188668,1974,0,70,0,0,0,LEADER,1,0,0,0,0,69
191510,88,adaptive-prasle,1922,1,0,0,69,0,966,0,1,88,189588,1922,0,70,0,0,0,LEADER,1,0,0,0,0,69
191037,34,adaptive-prasle,1449,1,0,0,69,0,966,0,1,34,189588,1449,0,70,0,0,0,LEADER,1,0,0,0,0,69
190647,97,adaptive-prasle,1977,1,0,0,69,0,966,0,1,97,188670,1977,0,70,0,0,0,LEADER,1,0,0,0,0,69
190765,20,adaptive-prasle,2095,1,0,0,69,0,966,0,1,20,188670,2095,0,70,0,0,0,LEADER,1,0,0,0,0,69
190845,40,adaptive-prasle,2177,1,0,0,69,0,966,0,1,40,188668,2177,0,70,0,0,0,LEADER,1,0,0,0,0,69
190770,47,adaptive-prasle,2100,1,0,0,69,0,966,0,1,47,188670,2100,0,70,0,0,0,LEADER,1,0,0,0,0,69
191680,95,adaptive-prasle,2092,1,0,0,69,0,966,0,1,95,189588,2092,0,70,0,0,0,LEADER,1,0,0,0,0,69
191063,25,adaptive-prasle,2395,1,0,0,69,0,966,0,1,25,188668,2395,0,70,0,0,0,LEADER,1,0,0,0,0,69
191668,84,adaptive-prasle,2080,1,0,0,69,0,966,0,1,84,189588,2080,0,70,0,0,0,LEADER,1,0,0,0,0,69
190945,70,adaptive-prasle,2277,1,0,0,69,0,966,0,1,70,188668,2277,0,70,0,0,0,LEADER,1,0,0,0,0,69
190863,82,adaptive-prasle,2195,1,0,0,69,0,966,0,1,82,188668,2195,0,70,0,0,0,LEADER,1,0,0,0,0,69
191081,67,adaptive-prasle,2413,1,0,0,69,0,966,0,1,67,188668,2413,0,70,0,0,0,LEADER,1,0,0,0,0,69
191033,89,adaptive-prasle,2365,1,0,0,69,0,966,0,1,89,188668,2365,0,70,0,0,0,LEADER,1,0,0,0,0,69
191701,28,adaptive-prasle,2113,1,0,0,69,0,966,0,1,28,189588,2113,0,70,0,0,0,LEADER,1,0,0,0,0,69
191445,68,adaptive-prasle,1855,1,0,0,69,0,966,0,1,68,189590,1855,0,70,0,0,0,LEADER,1,0,0,0,0,69
191396,90,adaptive-prasle,1807,1,0,0,69,0,966,0,1,90,189589,1807,0,70,0,0,0,LEADER,1,0,0,0,0,69
191056,76,adaptive-prasle,1468,1,0,0,69,0,966,0,1,76,189588,1468,0,70,0,0,0,LEADER,1,0,0,0,0,69
191377,10,adaptive-prasle,1789,1,0,0,69,0,966,0,1,10,189588,1789,0,70,0,0,0,LEADER,1,0,0,0,0,69
191809,58,adaptive-prasle,2221,1,0,0,69,0,966,0,1,58,189588,2221,0,70,0,0,0,LEADER,1,0,0,0,0,69
191192,73,adaptive-prasle,1604,1,0,0,69,0,966,0,1,73,189588,1604,0,70,0,0,0,LEADER,1,0,0,0,0,69
190933,59,adaptive-prasle,2265,1,0,0,69,0,966,0,1,59,188668,2265,0,70,0,0,0,LEADER,1,0,0,0,0,69
191207,41,adaptive-prasle,1619,1,0,0,69,0,966,0,1,41,189588,1619,0,70,0,0,0,LEADER,1,0,0,0,0,69
191122,96,adaptive-prasle,1534,1,0,0,69,0,966,0,1,96,189588,1534,0,70,0,0,0,LEADER,1,0,0,0,0,69
191423,74,adaptive-prasle,1837,1,0,0,69,0,966,0,1,74,189586,1837,0,70,0,0,0,LEADER,1,0,0,0,0,69
191355,49,adaptive-prasle,1767,1,0,0,69,0,966,0,1,49,189588,1767,0,70,0,0,0,LEADER,1,0,0,0,0,69
191816,92,adaptive-prasle,2228,1,0,0,69,0,966,0,1,92,189588,2228,0,70,0,0,0,LEADER,1,0,0,0,0,69
191024,66,adaptive-prasle,1434,1,0,0,69,0,966,0,1,66,189590,1434,0,70,0,0,0,LEADER,1,0,0,0,0,69
191048,57,adaptive-prasle,2380,1,0,0,69,0,966,0,1,57,188668,2380,0,70,0,0,0,LEADER,1,0,0,0,0,69
191848,78,adaptive-prasle,2260,1,0,0,69,0,966,0,1,78,189588,2260,0,70,0,0,0,LEADER,1,0,0,0,0,69
191014,39,adaptive-prasle,2346,1,0,0,69,0,966,0,1,39,188668,2346,0,70,0,0,0,LEADER,1,0,0,0,0,69
191731,30,adaptive-prasle,2143,1,0,0,69,0,966,0,1,30,189588,2143,0,70,0,0,0,LEADER,1,0,0,0,0,69
191522,17,adaptive-prasle,1782,1,0,0,16,14,224,196,3,17,189740,1782,0,6,0,0,0,LEADER,1,0,0,0,0,16
191137,64,adaptive-prasle,1549,1,0,0,69,0,966,0,1,64,189588,1549,0,70,0,0,0,LEADER,1,0,0,0,0,69
191876,18,adaptive-prasle,2226,1,0,0,20,16,280,224,3,18,189650,2226,0,6,0,0,0,LEADER,1,0,0,0,0,20
191362,80,adaptive-prasle,1774,1,0,0,69,0,966,0,1,80,189588,1774,0,70,0,0,0,LEADER,1,0,0,0,0,69
191099,54,adaptive-prasle,1516,1,0,0,69,0,966,0,1,54,189583,1516,0,70,0,0,0,LEADER,1,0,0,0,0,69
191628,43,adaptive-prasle,2040,1,0,0,69,0,966,0,1,43,189588,2040,0,70,0,0,0,LEADER,1,0,0,0,0,69
191548,26,adaptive-prasle,1960,1,0,0,69,0,966,0,1,26,189588,1960,0,70,0,0,0,LEADER,1,0,0,0,0,69
191177,42,adaptive-prasle,1591,1,0,0,69,0,966,0,1,42,189586,1591,0,70,0,0,0,LEADER,1,0,0,0,0,69
191186,31,adaptive-prasle,1598,1,0,0,69,0,966,0,1,31,189588,1598,0,70,0,0,0,LEADER,1,0,0,0,0,69
191943,94,adaptive-prasle,2355,1,0,0,69,0,966,0,1,94,189588,2355,0,70,0,0,0,LEADER,1,0,0,0,0,69
191513,45,adaptive-prasle,1925,1,0,0,69,0,966,0,1,45,189588,1925,0,70,0,0,0,LEADER,1,0,0,0,0,69
191886,60,adaptive-prasle,2298,1,0,0,69,0,966,0,1,60,189588,2298,0,70,0,0,0,LEADER,1,0,0,0,0,69
191992,44,adaptive-prasle,1483,1,0,0,70,0,980,0,1,44,190509,1483,0,71,0,0,0,LEADER,1,0,0,0,0,70
191240,51,adaptive-prasle,1652,1,0,0,69,0,966,0,1,51,189588,1652,0,70,0,0,0,LEADER,1,0,0,0,0,69
191597,33,adaptive-prasle,2007,1,0,0,69,0,966,0,1,33,189590,2007,0,70,0,0,0,LEADER,1,0,0,0,0,69
192040,22,adaptive-prasle,1531,1,0,0,70,0,980,0,1,22,190509,1531,0,71,0,0,0,LEADER,1,0,0,0,0,70
191752,72,adaptive-prasle,2162,1,0,0,69,0,966,0,1,72,189590,2162,0,70,0,0,0,LEADER,1,0,0,0,0,69
191540,24,adaptive-prasle,1952,1,0,0,69,0,966,0,1,24,189588,1952,0,70,0,0,0,LEADER,1,0,0,0,0,69
192072,32,adaptive-prasle,1564,1,0,0,70,0,980,0,1,32,190508,1564,0,71,0,0,0,LEADER,1,0,0,0,0,70
191259,93,adaptive-prasle,1671,1,0,0,69,0,966,0,1,93,189588,1671,0,70,0,0,0,LEADER,1,0,0,0,0,69
191918,79,adaptive-prasle,2331,1,0,0,69,0,966,0,1,79,189587,2331,0,70,0,0,0,LEADER,1,0,0,0,0,69
191933,69,adaptive-prasle,2343,1,0,0,69,0,966,0,1,69,189590,2343,0,70,0,0,0,LEADER,1,0,0,0,0,69
191613,75,adaptive-prasle,2025,1,0,0,69,0,966,0,1,75,189588,2025,0,70,0,0,0,LEADER,1,0,0,0,0,69
191340,81,adaptive-prasle,1752,1,0,0,69,0,966,0,1,81,189588,1752,0,70,0,0,0,LEADER,1,0,0,0,0,69
191198,52,adaptive-prasle,1610,1,0,0,69,0,966,0,1,52,189588,1610,0,70,0,0,0,LEADER,1,0,0,0,0,69
191677,21,adaptive-prasle,2088,1,0,0,69,0,966,0,1,21,189589,2088,0,70,0,0,0,LEADER,1,0,0,0,0,69
191853,29,adaptive-prasle,2265,1,0,0,69,0,966,0,1,29,189588,2265,0,70,0,0,0,LEADER,1,0,0,0,0,69
191429,100,adaptive-prasle,1841,1,0,0,69,0,966,0,1,100,189588,1841,0,70,0,0,0,LEADER,1,0,0,0,0,69
191274,61,adaptive-prasle,1686,1,0,0,69,0,966,0,1,61,189588,1686,0,70,0,0,0,LEADER,1,0,0,0,0,69
191838,91,adaptive-prasle,2250,1,0,0,69,0,966,0,1,91,189588,2250,0,70,0,0,0,LEADER,1,0,0,0,0,69
191798,37,adaptive-prasle,2210,1,0,0,69,0,966,0,1,37,189588,2210,0,70,0,0,0,LEADER,1,0,0,0,0,69
191341,38,adaptive-prasle,1755,1,0,0,69,0,966,0,1,38,189586,1755,0,70,0,0,0,LEADER,1,0,0,0,0,69
192007,98,adaptive-prasle,2419,1,0,0,69,0,966,0,1,98,189588,2419,0,70,0,0,0,LEADER,1,0,0,0,0,69
191902,5,adaptive-prasle,2338,1,0,0,11,25,154,350,6,3,189564,2338,0,8,0,0,0,NORMAL,0,0,0,0,0,11
191867,27,adaptive-prasle,2280,1,0,0,69,0,966,0,1,27,189587,2280,0,70,0,0,0,LEADER,1,0,0,0,0,69
191716,62,adaptive-prasle,2128,1,0,0,69,0,966,0,1,62,189588,2128,0,70,0,0,0,LEADER,1,0,0,0,0,69
191525,56,adaptive-prasle,1937,1,0,0,69,0,966,0,1,56,189588,1937,0,70,0,0,0,LEADER,1,0,0,0,0,69
191911,99,adaptive-prasle,2328,1,0,0,69,0,966,0,1,99,189583,2328,0,70,0,0,0,LEADER,1,0,0,0,0,69
191792,48,adaptive-prasle,2202,1,0,0,69,0,966,0,1,48,189590,2202,0,70,0,0,0,LEADER,1,0,0,0,0,69
191307,71,adaptive-prasle,1719,1,0,0,69,0,966,0,1,71,189588,1719,0,70,0,0,0,LEADER,1,0,0,0,0,69
191532,87,adaptive-prasle,1944,1,0,0,69,0,966,0,1,87,189588,1944,0,70,0,0,0,LEADER,1,0,0,0,0,69
191458,36,adaptive-prasle,1870,1,0,0,69,0,966,0,1,36,189588,1870,0,70,0,0,0,LEADER,1,0,0,0,0,69
191955,77,adaptive-prasle,1446,1,0,0,70,0,980,0,1,77,190509,1446,0,71,0,0,0,LEADER,1,0,0,0,0,70
192148,83,adaptive-prasle,1637,1,0,0,70,0,980,0,1,83,190511,1637,0,71,0,0,0,LEADER,1,0,0,0,0,70
191647,85,adaptive-prasle,2059,1,0,0,69,0,966,0,1,85,189588,2059,0,70,0,0,0,LEADER,1,0,0,0,0,69
192176,19,adaptive-prasle,1667,1,0,0,70,0,980,0,1,19,190509,1667,0,71,0,0,0,LEADER,1,0,0,0,0,70
192331,65,adaptive-prasle,1822,1,0,0,70,0,980,0,1,65,190509,1822,0,71,0,0,0,LEADER,1,0,0,0,0,70
191937,35,adaptive-prasle,1428,1,0,0,70,0,980,0,1,35,190509,1428,0,71,0,0,0,LEADER,1,0,0,0,0,70
191952,86,adaptive-prasle,1443,1,0,0,70,0,980,0,1,86,190509,1443,0,71,0,0,0,LEADER,1,0,0,0,0,70
191994,50,adaptive-prasle,2406,1,0,0,69,0,966,0,1,50,189588,2406,0,70,0,0,0,LEADER,1,0,0,0,0,69
192010,55,adaptive-prasle,1501,1,0,0,70,0,980,0,1,55,190509,1501,0,71,0,0,0,LEADER,1,0,0,0,0,70
192049,63,adaptive-prasle,1540,1,0,0,70,0,980,0,1,63,190509,1540,0,71,0,0,0,LEADER,1,0,0,0,0,70
192413,46,adaptive-prasle,1904,1,0,0,70,0,980,0,1,46,190509,1904,0,71,0,0,0,LEADER,1,0,0,0,0,70
192208,53,adaptive-prasle,1701,1,0,0,70,0,980,0,1,53,190507,1701,0,71,0,0,0,LEADER,1,0,0,0,0,70
191562,23,adaptive-prasle,1974,1,0,0,69,0,966,0,1,23,189588,1974,0,70,0,0,0,LEADER,1,0,0,0,0,69
192431,88,adaptive-prasle,1922,1,0,0,70,0,980,0,1,88,190509,1922,0,71,0,0,0,LEADER,1,0,0,0,0,70
191958,34,adaptive-prasle,1449,1,0,0,70,0,980,0,1,34,190509,1449,0,71,0,0,0,LEADER,1,0,0,0,0,70
191567,97,adaptive-prasle,1977,1,0,0,69,0,966,0,1,97,189590,1977,0,70,0,0,0,LEADER,1,0,0,0,0,69
191685,20,adaptive-prasle,2095,1,0,0,69,0,966,0,1,20,189590,2095,0,70,0,0,0,LEADER,1,0,0,0,0,69
191765,40,adaptive-prasle,2177,1,0,0,69,0,966,0,1,40,189588,2177,0,70,0,0,0,LEADER,1,0,0,0,0,69
191690,47,adaptive-prasle,2100,1,0,0,69,0,966,0,1,47,189590,2100,0,70,0,0,0,LEADER,1,0,0,0,0,69
192601,95,adaptive-prasle,2092,1,0,0,70,0,980,0,1,95,190509,2092,0,71,0,0,0,LEADER,1,0,0,0,0,70
191983,25,adaptive-prasle,2395,1,0,0,69,0,966,0,1,25,189588,2395,0,70,0,0,0,LEADER,1,0,0,0,0,69
192589,84,adaptive-prasle,2080,1,0,0,70,0,980,0,1,84,190509,2080,0,71,0,0,0,LEADER,1,0,0,0,0,70
191865,70,adaptive-prasle,2277,1,0,0,69,0,966,0,1,70,189588,2277,0,70,0,0,0,LEADER,1,0,0,0,0,69
191783,82,adaptive-prasle,2195,1,0,0,69,0,966,0,1,82,189588,2195,0,70,0,0,0,LEADER,1,0,0,0,0,69
192001,67,adaptive-prasle,2413,1,0,0,69,0,966,0,1,67,189588,2413,0,70,0,0,0,LEADER,1,0,0,0,0,69
191953,89,adaptive-prasle,2365,1,0,0,69,0,966,0,1,89,189588,2365,0,70,0,0,0,LEADER,1,0,0,0,0,69
192622,28,adaptive-prasle,2113,1,0,0,70,0,980,0,1,28,190509,2113,0,71,0,0,0,LEADER,1,0,0,0,0,70
192366,68,adaptive-prasle,1855,1,0,0,70,0,980,0,1,68,190511,1855,0,71,0,0,0,LEADER,1,0,0,0,0,70
192317,90,adaptive-prasle,1807,1,0,0,70,0,980,0,1,90,190510,1807,0,71,0,0,0,LEADER,1,0,0,0,0,70
191977,76,adaptive-prasle,1468,1,0,0,70,0,980,0,1,76,190509,1468,0,71,0,0,0,LEADER,1,0,0,0,0,70
192298,10,adaptive-prasle,1789,1,0,0,70,0,980,0,1,10,190509,1789,0,71,0,0,0,LEADER,1,0,0,0,0,70
192730,58,adaptive-prasle,2221,1,0,0,70,0,980,0,1,58,190509,2221,0,71,0,0,0,LEADER,1,0,0,0,0,70
192113,73,adaptive-prasle,1604,1,0,0,70,0,980,0,1,73,190509,1604,0,71,0,0,0,LEADER,1,0,0,0,0,70
191853,59,adaptive-prasle,2265,1,0,0,69,0,966,0,1,59,189588,2265,0,70,0,0,0,LEADER,1,0,0,0,0,69
192128,41,adaptive-prasle,1619,1,0,0,70,0,980,0,1,41,190509,1619,0,71,0,0,0,LEADER,1,0,0,0,0,70
192043,96,adaptive-prasle,1534,1,0,0,70,0,980,0,1,96,190509,1534,0,71,0,0,0,LEADER,1,0,0,0,0,70
192276,49,adaptive-prasle,1767,1,0,0,70,0,980,0,1,49,190509,1767,0,71,0,0,0,LEADER,1,0,0,0,0,70
192344,74,adaptive-prasle,1837,1,0,0,70,0,980,0,1,74,190507,1837,0,71,0,0,0,LEADER,1,0,0,0,0,70
192737,92,adaptive-prasle,2228,1,0,0,70,0,980,0,1,92,190509,2228,0,71,0,0,0,LEADER,1,0,0,0,0,70
191945,66,adaptive-prasle,1434,1,0,0,70,0,980,0,1,66,190511,1434,0,71,0,0,0,LEADER,1,0,0,0,0,70
191968,57,adaptive-prasle,2380,1,0,0,69,0,966,0,1,57,189588,2380,0,70,0,0,0,LEADER,1,0,0,0,0,69
192769,78,adaptive-prasle,2260,1,0,0,70,0,980,0,1,78,190509,2260,0,71,0,0,0,LEADER,1,0,0,0,0,70
191934,39,adaptive-prasle,2346,1,0,0,69,0,966,0,1,39,189588,2346,0,70,0,0,0,LEADER,1,0,0,0,0,69
192652,30,adaptive-prasle,2143,1,0,0,70,0,980,0,1,30,190509,2143,0,71,0,0,0,LEADER,1,0,0,0,0,70
192058,64,adaptive-prasle,1549,1,0,0,70,0,980,0,1,64,190509,1549,0,71,0,0,0,LEADER,1,0,0,0,0,70
192283,80,adaptive-prasle,1774,1,0,0,70,0,980,0,1,80,190509,1774,0,71,0,0,0,LEADER,1,0,0,0,0,70
192020,54,adaptive-prasle,1516,1,0,0,70,0,980,0,1,54,190504,1516,0,71,0,0,0,LEADER,1,0,0,0,0,70
192549,43,adaptive-prasle,2040,1,0,0,70,0,980,0,1,43,190509,2040,0,71,0,0,0,LEADER,1,0,0,0,0,70
192469,26,adaptive-prasle,1960,1,0,0,70,0,980,0,1,26,190509,1960,0,71,0,0,0,LEADER,1,0,0,0,0,70
192098,42,adaptive-prasle,1591,1,0,0,70,0,980,0,1,42,190507,1591,0,71,0,0,0,LEADER,1,0,0,0,0,70
192107,31,adaptive-prasle,1598,1,0,0,70,0,980,0,1,31,190509,1598,0,71,0,0,0,LEADER,1,0,0,0,0,70
192864,94,adaptive-prasle,2355,1,0,0,70,0,980,0,1,94,190509,2355,0,71,0,0,0,LEADER,1,0,0,0,0,70
192434,45,adaptive-prasle,1925,1,0,0,70,0,980,0,1,45,190509,1925,0,71,0,0,0,LEADER,1,0,0,0,0,70
192807,60,adaptive-prasle,2298,1,0,0,70,0,980,0,1,60,190509,2298,0,71,0,0,0,LEADER,1,0,0,0,0,70
192912,44,adaptive-prasle,1483,1,0,0,70,0,980,0,1,44,191429,1483,0,71,0,0,0,LEADER,1,0,0,0,0,70
192161,51,adaptive-prasle,1652,1,0,0,70,0,980,0,1,51,190509,1652,0,71,0,0,0,LEADER,1,0,0,0,0,70
192960,22,adaptive-prasle,1531,1,0,0,70,0,980,0,1,22,191429,1531,0,71,0,0,0,LEADER,1,0,0,0,0,70
192518,33,adaptive-prasle,2007,1,0,0,70,0,980,0,1,33,190511,2007,0,71,0,0,0,LEADER,1,0,0,0,0,70
192673,72,adaptive-prasle,2162,1,0,0,70,0,980,0,1,72,190511,2162,0,71,0,0,0,LEADER,1,0,0,0,0,70
192461,24,adaptive-prasle,1952,1,0,0,70,0,980,0,1,24,190509,1952,0,71,0,0,0,LEADER,1,0,0,0,0,70
192992,32,adaptive-prasle,1564,1,0,0,70,0,980,0,1,32,191428,1564,0,71,0,0,0,LEADER,1,0,0,0,0,70
192180,93,adaptive-prasle,1671,1,0,0,70,0,980,0,1,93,190509,1671,0,71,0,0,0,LEADER,1,0,0,0,0,70
192854,69,adaptive-prasle,2343,1,0,0,70,0,980,0,1,69,190511,2343,0,71,0,0,0,LEADER,1,0,0,0,0,70
192839,79,adaptive-prasle,2331,1,0,0,70,0,980,0,1,79,190508,2331,0,71,0,0,0,LEADER,1,0,0,0,0,70
192534,75,adaptive-prasle,2025,1,0,0,70,0,980,0,1,75,190509,2025,0,71,0,0,0,LEADER,1,0,0,0,0,70
192261,81,adaptive-prasle,1752,1,0,0,70,0,980,0,1,81,190509,1752,0,71,0,0,0,LEADER,1,0,0,0,0,70
192119,52,adaptive-prasle,1610,1,0,0,70,0,980,0,1,52,190509,1610,0,71,0,0,0,LEADER,1,0,0,0,0,70
192774,29,adaptive-prasle,2265,1,0,0,70,0,980,0,1,29,190509,2265,0,71,0,0,0,LEADER,1,0,0,0,0,70
192598,21,adaptive-prasle,2088,1,0,0,70,0,980,0,1,21,190510,2088,0,71,0,0,0,LEADER,1,0,0,0,0,70
192350,100,adaptive-prasle,1841,1,0,0,70,0,980,0,1,100,190509,1841,0,71,0,0,0,LEADER,1,0,0,0,0,70
192195,61,adaptive-prasle,1686,1,0,0,70,0,980,0,1,61,190509,1686,0,71,0,0,0,LEADER,1,0,0,0,0,70
192759,91,adaptive-prasle,2250,1,0,0,70,0,980,0,1,91,190509,2250,0,71,0,0,0,LEADER,1,0,0,0,0,70
192719,37,adaptive-prasle,2210,1,0,0,70,0,980,0,1,37,190509,2210,0,71,0,0,0,LEADER,1,0,0,0,0,70
192262,38,adaptive-prasle,1755,1,0,0,70,0,980,0,1,38,190507,1755,0,71,0,0,0,LEADER,1,0,0,0,0,70
192928,98,adaptive-prasle,2419,1,0,0,70,0,980,0,1,98,190509,2419,0,71,0,0,0,LEADER,1,0,0,0,0,70
192788,27,adaptive-prasle,2280,1,0,0,70,0,980,0,1,27,190508,2280,0,71,0,0,0,LEADER,1,0,0,0,0,70
192637,62,adaptive-prasle,2128,1,0,0,70,0,980,0,1,62,190509,2128,0,71,0,0,0,LEADER,1,0,0,0,0,70
192446,56,adaptive-prasle,1937,1,0,0,70,0,980,0,1,56,190509,1937,0,71,0,0,0,LEADER,1,0,0,0,0,70
192832,99,adaptive-prasle,2328,1,0,0,70,0,980,0,1,99,190504,2328,0,71,0,0,0,LEADER,1,0,0,0,0,70
192713,48,adaptive-prasle,2202,1,0,0,70,0,980,0,1,48,190511,2202,0,71,0,0,0,LEADER,1,0,0,0,0,70
192228,71,adaptive-prasle,1719,1,0,0,70,0,980,0,1,71,190509,1719,0,71,0,0,0,LEADER,1,0,0,0,0,70
192453,87,adaptive-prasle,1944,1,0,0,70,0,980,0,1,87,190509,1944,0,71,0,0,0,LEADER,1,0,0,0,0,70
192379,36,adaptive-prasle,1870,1,0,0,70,0,980,0,1,36,190509,1870,0,71,0,0,0,LEADER,1,0,0,0,0,70
192875,77,adaptive-prasle,1446,1,0,0,70,0,980,0,1,77,191429,1446,0,71,0,0,0,LEADER,1,0,0,0,0,70
193068,83,adaptive-prasle,1637,1,0,0,70,0,980,0,1,83,191431,1637,0,71,0,0,0,LEADER,1,0,0,0,0,70
192568,85,adaptive-prasle,2059,1,0,0,70,0,980,0,1,85,190509,2059,0,71,0,0,0,LEADER,1,0,0,0,0,70
193096,19,adaptive-prasle,1667,1,0,0,70,0,980,0,1,19,191429,1667,0,71,0,0,0,LEADER,1,0,0,0,0,70
193251,65,adaptive-prasle,1822,1,0,0,70,0,980,0,1,65,191429,1822,0,71,0,0,0,LEADER,1,0,0,0,0,70
192857,35,adaptive-prasle,1428,1,0,0,70,0,980,0,1,35,191429,1428,0,71,0,0,0,LEADER,1,0,0,0,0,70
192872,86,adaptive-prasle,1443,1,0,0,70,0,980,0,1,86,191429,1443,0,71,0,0,0,LEADER,1,0,0,0,0,70
192915,50,adaptive-prasle,2406,1,0,0,70,0,980,0,1,50,190509,2406,0,71,0,0,0,LEADER,1,0,0,0,0,70
192930,55,adaptive-prasle,1501,1,0,0,70,0,980,0,1,55,191429,1501,0,71,0,0,0,LEADER,1,0,0,0,0,70
192969,63,adaptive-prasle,1540,1,0,0,70,0,980,0,1,63,191429,1540,0,71,0,0,0,LEADER,1,0,0,0,0,70
193333,46,adaptive-prasle,1904,1,0,0,70,0,980,0,1,46,191429,1904,0,71,0,0,0,LEADER,1,0,0,0,0,70
193128,53,adaptive-prasle,1701,1,0,0,70,0,980,0,1,53,191427,1701,0,71,0,0,0,LEADER,1,0,0,0,0,70
192483,23,adaptive-prasle,1974,1,0,0,70,0,980,0,1,23,190509,1974,0,71,0,0,0,LEADER,1,0,0,0,0,70
193351,88,adaptive-prasle,1922,1,0,0,70,0,980,0,1,88,191429,1922,0,71,0,0,0,LEADER,1,0,0,0,0,70
192878,34,adaptive-prasle,1449,1,0,0,70,0,980,0,1,34,191429,1449,0,71,0,0,0,LEADER,1,0,0,0,0,70
192488,97,adaptive-prasle,1977,1,0,0,70,0,980,0,1,97,190511,1977,0,71,0,0,0,LEADER,1,0,0,0,0,70
192606,20,adaptive-prasle,2095,1,0,0,70,0,980,0,1,20,190511,2095,0,71,0,0,0,LEADER,1,0,0,0,0,70
192686,40,adaptive-prasle,2177,1,0,0,70,0,980,0,1,40,190509,2177,0,71,0,0,0,LEADER,1,0,0,0,0,70
192611,47,adaptive-prasle,2100,1,0,0,70,0,980,0,1,47,190511,2100,0,71,0,0,0,LEADER,1,0,0,0,0,70
193521,95,adaptive-prasle,2092,1,0,0,70,0,980,0,1,95,191429,2092,0,71,0,0,0,LEADER,1,0,0,0,0,70
192904,25,adaptive-prasle,2395,1,0,0,70,0,980,0,1,25,190509,2395,0,71,0,0,0,LEADER,1,0,0,0,0,70
193509,84,adaptive-prasle,2080,1,0,0,70,0,980,0,1,84,191429,2080,0,71,0,0,0,LEADER,1,0,0,0,0,70
192786,70,adaptive-prasle,2277,1,0,0,70,0,980,0,1,70,190509,2277,0,71,0,0,0,LEADER,1,0,0,0,0,70
192704,82,adaptive-prasle,2195,1,0,0,70,0,980,0,1,82,190509,2195,0,71,0,0,0,LEADER,1,0,0,0,0,70
192922,67,adaptive-prasle,2413,1,0,0,70,0,980,0,1,67,190509,2413,0,71,0,0,0,LEADER,1,0,0,0,0,70
192874,89,adaptive-prasle,2365,1,0,0,70,0,980,0,1,89,190509,2365,0,71,0,0,0,LEADER,1,0,0,0,0,70
193542,28,adaptive-prasle,2113,1,0,0,70,0,980,0,1,28,191429,2113,0,71,0,0,0,LEADER,1,0,0,0,0,70
193286,68,adaptive-prasle,1855,1,0,0,70,0,980,0,1,68,191431,1855,0,71,0,0,0,LEADER,1,0,0,0,0,70
193237,90,adaptive-prasle,1807,1,0,0,70,0,980,0,1,90,191430,1807,0,71,0,0,0,LEADER,1,0,0,0,0,70
192897,76,adaptive-prasle,1468,1,0,0,70,0,980,0,1,76,191429,1468,0,71,0,0,0,LEADER,1,0,0,0,0,70
193218,10,adaptive-prasle,1789,1,0,0,70,0,980,0,1,10,191429,1789,0,71,0,0,0,LEADER,1,0,0,0,0,70
193650,58,adaptive-prasle,2221,1,0,0,70,0,980,0,1,58,191429,2221,0,71,0,0,0,LEADER,1,0,0,0,0,70
193033,73,adaptive-prasle,1604,1,0,0,70,0,980,0,1,73,191429,1604,0,71,0,0,0,LEADER,1,0,0,0,0,70
192774,59,adaptive-prasle,2265,1,0,0,70,0,980,0,1,59,190509,2265,0,71,0,0,0,LEADER,1,0,0,0,0,70
193048,41,adaptive-prasle,1619,1,0,0,70,0,980,0,1,41,191429,1619,0,71,0,0,0,LEADER,1,0,0,0,0,70
192963,96,adaptive-prasle,1534,1,0,0,70,0,980,0,1,96,191429,1534,0,71,0,0,0,LEADER,1,0,0,0,0,70
193264,74,adaptive-prasle,1837,1,0,0,70,0,980,0,1,74,191427,1837,0,71,0,0,0,LEADER,1,0,0,0,0,70
193196,49,adaptive-prasle,1767,1,0,0,70,0,980,0,1,49,191429,1767,0,71,0,0,0,LEADER,1,0,0,0,0,70
193657,92,adaptive-prasle,2228,1,0,0,70,0,980,0,1,92,191429,2228,0,71,0,0,0,LEADER,1,0,0,0,0,70
192865,66,adaptive-prasle,1434,1,0,0,70,0,980,0,1,66,191431,1434,0,71,0,0,0,LEADER,1,0,0,0,0,70
192889,57,adaptive-prasle,2380,1,0,0,70,0,980,0,1,57,190509,2380,0,71,0,0,0,LEADER,1,0,0,0,0,70
193689,78,adaptive-prasle,2260,1,0,0,70,0,980,0,1,78,191429,2260,0,71,0,0,0,LEADER,1,0,0,0,0,70
193462,14,adaptive-prasle,2096,1,0,0,11,12,154,168,3,3,191366,2096,0,6,0,0,0,NORMAL,0,0,0,0,0,11
192855,39,adaptive-prasle,2346,1,0,0,70,0,980,0,1,39,190509,2346,0,71,0,0,0,LEADER,1,0,0,0,0,70
193572,30,adaptive-prasle,2143,1,0,0,70,0,980,0,1,30,191429,2143,0,71,0,0,0,LEADER,1,0,0,0,0,70
192978,64,adaptive-prasle,1549,1,0,0,70,0,980,0,1,64,191429,1549,0,71,0,0,0,LEADER,1,0,0,0,0,70
193203,80,adaptive-prasle,1774,1,0,0,70,0,980,0,1,80,191429,1774,0,71,0,0,0,LEADER,1,0,0,0,0,70
192940,54,adaptive-prasle,1516,1,0,0,70,0,980,0,1,54,191424,1516,0,71,0,0,0,LEADER,1,0,0,0,0,70
193469,43,adaptive-prasle,2040,1,0,0,70,0,980,0,1,43,191429,2040,0,71,0,0,0,LEADER,1,0,0,0,0,70
193389,26,adaptive-prasle,1960,1,0,0,70,0,980,0,1,26,191429,1960,0,71,0,0,0,LEADER,1,0,0,0,0,70
193018,42,adaptive-prasle,1591,1,0,0,70,0,980,0,1,42,191427,1591,0,71,0,0,0,LEADER,1,0,0,0,0,70
193027,31,adaptive-prasle,1598,1,0,0,70,0,980,0,1,31,191429,1598,0,71,0,0,0,LEADER,1,0,0,0,0,70
193784,94,adaptive-prasle,2355,1,0,0,70,0,980,0,1,94,191429,2355,0,71,0,0,0,LEADER,1,0,0,0,0,70
193354,45,adaptive-prasle,1925,1,0,0,70,0,980,0,1,45,191429,1925,0,71,0,0,0,LEADER,1,0,0,0,0,70
193727,60,adaptive-prasle,2298,1,0,0,70,0,980,0,1,60,191429,2298,0,71,0,0,0,LEADER,1,0,0,0,0,70
193832,44,adaptive-prasle,1483,1,0,0,70,0,980,0,1,44,192349,1483,0,71,0,0,0,LEADER,1,0,0,0,0,70
193081,51,adaptive-prasle,1652,1,0,0,70,0,980,0,1,51,191429,1652,0,71,0,0,0,LEADER,1,0,0,0,0,70
193880,22,adaptive-prasle,1531,1,0,0,70,0,980,0,1,22,192349,1531,0,71,0,0,0,LEADER,1,0,0,0,0,70
193438,33,adaptive-prasle,2007,1,0,0,70,0,980,0,1,33,191431,2007,0,71,0,0,0,LEADER,1,0,0,0,0,70
193593,72,adaptive-prasle,2162,1,0,0,70,0,980,0,1,72,191431,2162,0,71,0,0,0,LEADER,1,0,0,0,0,70
193381,24,adaptive-prasle,1952,1,0,0,70,0,980,0,1,24,191429,1952,0,71,0,0,0,LEADER,1,0,0,0,0,70
193912,32,adaptive-prasle,1564,1,0,0,70,0,980,0,1,32,192348,1564,0,71,0,0,0,LEADER,1,0,0,0,0,70
193100,93,adaptive-prasle,1671,1,0,0,70,0,980,0,1,93,191429,1671,0,71,0,0,0,LEADER,1,0,0,0,0,70
193759,79,adaptive-prasle,2331,1,0,0,70,0,980,0,1,79,191428,2331,0,71,0,0,0,LEADER,1,0,0,0,0,70
193774,69,adaptive-prasle,2343,1,0,0,70,0,980,0,1,69,191431,2343,0,71,0,0,0,LEADER,1,0,0,0,0,70
193454,75,adaptive-prasle,2025,1,0,0,70,0,980,0,1,75,191429,2025,0,71,0,0,0,LEADER,1,0,0,0,0,70
193181,81,adaptive-prasle,1752,1,0,0,70,0,980,0,1,81,191429,1752,0,71,0,0,0,LEADER,1,0,0,0,0,70
193264,13,adaptive-prasle,1941,1,0,0,10,9,140,126,2,3,191323,1941,0,6,0,0,0,NORMAL,0,0,0,0,0,10
193039,52,adaptive-prasle,1610,1,0,0,70,0,980,0,1,52,191429,1610,0,71,0,0,0,LEADER,1,0,0,0,0,70
193518,21,adaptive-prasle,2088,1,0,0,70,0,980,0,1,21,191430,2088,0,71,0,0,0,LEADER,1,0,0,0,0,70
193694,29,adaptive-prasle,2265,1,0,0,70,0,980,0,1,29,191429,2265,0,71,0,0,0,LEADER,1,0,0,0,0,70
193270,100,adaptive-prasle,1841,1,0,0,70,0,980,0,1,100,191429,1841,0,71,0,0,0,LEADER,1,0,0,0,0,70
193115,61,adaptive-prasle,1686,1,0,0,70,0,980,0,1,61,191429,1686,0,71,0,0,0,LEADER,1,0,0,0,0,70
193679,91,adaptive-prasle,2250,1,0,0,70,0,980,0,1,91,191429,2250,0,71,0,0,0,LEADER,1,0,0,0,0,70
193639,37,adaptive-prasle,2210,1,0,0,70,0,980,0,1,37,191429,2210,0,71,0,0,0,LEADER,1,0,0,0,0,70
193182,38,adaptive-prasle,1755,1,0,0,70,0,980,0,1,38,191427,1755,0,71,0,0,0,LEADER,1,0,0,0,0,70
193848,98,adaptive-prasle,2419,1,0,0,70,0,980,0,1,98,191429,2419,0,71,0,0,0,LEADER,1,0,0,0,0,70
193708,27,adaptive-prasle,2280,1,0,0,70,0,980,0,1,27,191428,2280,0,71,0,0,0,LEADER,1,0,0,0,0,70
193557,62,adaptive-prasle,2128,1,0,0,70,0,980,0,1,62,191429,2128,0,71,0,0,0,LEADER,1,0,0,0,0,70
193366,56,adaptive-prasle,1937,1,0,0,70,0,980,0,1,56,191429,1937,0,71,0,0,0,LEADER,1,0,0,0,0,70
193752,99,adaptive-prasle,2328,1,0,0,70,0,980,0,1,99,191424,2328,0,71,0,0,0,LEADER,1,0,0,0,0,70
193633,48,adaptive-prasle,2202,1,0,0,70,0,980,0,1,48,191431,2202,0,71,0,0,0,LEADER,1,0,0,0,0,70
193148,71,adaptive-prasle,1719,1,0,0,70,0,980,0,1,71,191429,1719,0,71,0,0,0,LEADER,1,0,0,0,0,70
193373,87,adaptive-prasle,1944,1,0,0,70,0,980,0,1,87,191429,1944,0,71,0,0,0,LEADER,1,0,0,0,0,70
193299,36,adaptive-prasle,1870,1,0,0,70,0,980,0,1,36,191429,1870,0,71,0,0,0,LEADER,1,0,0,0,0,70
193795,77,adaptive-prasle,1446,1,0,0,70,0,980,0,1,77,192349,1446,0,71,0,0,0,LEADER,1,0,0,0,0,70
193988,83,adaptive-prasle,1637,1,0,0,70,0,980,0,1,83,192351,1637,0,71,0,0,0,LEADER,1,0,0,0,0,70
193488,85,adaptive-prasle,2059,1,0,0,70,0,980,0,1,85,191429,2059,0,71,0,0,0,LEADER,1,0,0,0,0,70
194016,19,adaptive-prasle,1667,1,0,0,70,0,980,0,1,19,192349,1667,0,71,0,0,0,LEADER,1,0,0,0,0,70
194171,65,adaptive-prasle,1822,1,0,0,70,0,980,0,1,65,192349,1822,0,71,0,0,0,LEADER,1,0,0,0,0,70
193777,35,adaptive-prasle,1428,1,0,0,70,0,980,0,1,35,192349,1428,0,71,0,0,0,LEADER,1,0,0,0,0,70
193792,86,adaptive-prasle,1443,1,0,0,70,0,980,0,1,86,192349,1443,0,71,0,0,0,LEADER,1,0,0,0,0,70
193835,50,adaptive-prasle,2406,1,0,0,70,0,980,0,1,50,191429,2406,0,71,0,0,0,LEADER,1,0,0,0,0,70
193850,55,adaptive-prasle,1501,1,0,0,70,0,980,0,1,55,192349,1501,0,71,0,0,0,LEADER,1,0,0,0,0,70
193889,63,adaptive-prasle,1540,1,0,0,70,0,980,0,1,63,192349,1540,0,71,0,0,0,LEADER,1,0,0,0,0,70
194253,46,adaptive-prasle,1904,1,0,0,70,0,980,0,1,46,192349,1904,0,71,0,0,0,LEADER,1,0,0,0,0,70
194048,53,adaptive-prasle,1701,1,0,0,70,0,980,0,1,53,192347,1701,0,71,0,0,0,LEADER,1,0,0,0,0,70
193403,23,adaptive-prasle,1974,1,0,0,70,0,980,0,1,23,191429,1974,0,71,0,0,0,LEADER,1,0,0,0,0,70
194271,88,adaptive-prasle,1922,1,0,0,70,0,980,0,1,88,192349,1922,0,71,0,0,0,LEADER,1,0,0,0,0,70
193798,34,adaptive-prasle,1449,1,0,0,70,0,980,0,1,34,192349,1449,0,71,0,0,0,LEADER,1,0,0,0,0,70
193408,97,adaptive-prasle,1977,1,0,0,70,0,980,0,1,97,191431,1977,0,71,0,0,0,LEADER,1,0,0,0,0,70
193526,20,adaptive-prasle,2095,1,0,0,70,0,980,0,1,20,191431,2095,0,71,0,0,0,LEADER,1,0,0,0,0,70
193606,40,adaptive-prasle,2177,1,0,0,70,0,980,0,1,40,191429,2177,0,71,0,0,0,LEADER,1,0,0,0,0,70
193531,47,adaptive-prasle,2100,1,0,0,70,0,980,0,1,47,191431,2100,0,71,0,0,0,LEADER,1,0,0,0,0,70
194441,95,adaptive-prasle,2092,1,0,0,70,0,980,0,1,95,192349,2092,0,71,0,0,0,LEADER,1,0,0,0,0,70
193824,25,adaptive-prasle,2395,1,0,0,70,0,980,0,1,25,191429,2395,0,71,0,0,0,LEADER,1,0,0,0,0,70
194429,84,adaptive-prasle,2080,1,0,0,70,0,980,0,1,84,192349,2080,0,71,0,0,0,LEADER,1,0,0,0,0,70
193706,70,adaptive-prasle,2277,1,0,0,70,0,980,0,1,70,191429,2277,0,71,0,0,0,LEADER,1,0,0,0,0,70
193624,82,adaptive-prasle,2195,1,0,0,70,0,980,0,1,82,191429,2195,0,71,0,0,0,LEADER,1,0,0,0,0,70
193842,67,adaptive-prasle,2413,1,0,0,70,0,980,0,1,67,191429,2413,0,71,0,0,0,LEADER,1,0,0,0,0,70
193794,89,adaptive-prasle,2365,1,0,0,70,0,980,0,1,89,191429,2365,0,71,0,0,0,LEADER,1,0,0,0,0,70
194462,28,adaptive-prasle,2113,1,0,0,70,0,980,0,1,28,192349,2113,0,71,0,0,0,LEADER,1,0,0,0,0,70
194206,68,adaptive-prasle,1855,1,0,0,70,0,980,0,1,68,192351,1855,0,71,0,0,0,LEADER,1,0,0,0,0,70
194157,90,adaptive-prasle,1807,1,0,0,70,0,980,0,1,90,192350,1807,0,71,0,0,0,LEADER,1,0,0,0,0,70
193817,76,adaptive-prasle,1468,1,0,0,70,0,980,0,1,76,192349,1468,0,71,0,0,0,LEADER,1,0,0,0,0,70
194138,10,adaptive-prasle,1789,1,0,0,70,0,980,0,1,10,192349,1789,0,71,0,0,0,LEADER,1,0,0,0,0,70
194570,58,adaptive-prasle,2221,1,0,0,70,0,980,0,1,58,192349,2221,0,71,0,0,0,LEADER,1,0,0,0,0,70
193953,73,adaptive-prasle,1604,1,0,0,70,0,980,0,1,73,192349,1604,0,71,0,0,0,LEADER,1,0,0,0,0,70
193694,59,adaptive-prasle,2265,1,0,0,70,0,980,0,1,59,191429,2265,0,71,0,0,0,LEADER,1,0,0,0,0,70
193968,41,adaptive-prasle,1619,1,0,0,70,0,980,0,1,41,192349,1619,0,71,0,0,0,LEADER,1,0,0,0,0,70
193883,96,adaptive-prasle,1534,1,0,0,70,0,980,0,1,96,192349,1534,0,71,0,0,0,LEADER,1,0,0,0,0,70
194184,74,adaptive-prasle,1837,1,0,0,70,0,980,0,1,74,192347,1837,0,71,0,0,0,LEADER,1,0,0,0,0,70
194116,49,adaptive-prasle,1767,1,0,0,70,0,980,0,1,49,192349,1767,0,71,0,0,0,LEADER,1,0,0,0,0,70
194577,92,adaptive-prasle,2228,1,0,0,70,0,980,0,1,92,192349,2228,0,71,0,0,0,LEADER,1,0,0,0,0,70
193785,66,adaptive-prasle,1434,1,0,0,70,0,980,0,1,66,192351,1434,0,71,0,0,0,LEADER,1,0,0,0,0,70
193809,57,adaptive-prasle,2380,1,0,0,70,0,980,0,1,57,191429,2380,0,71,0,0,0,LEADER,1,0,0,0,0,70
194609,78,adaptive-prasle,2260,1,0,0,70,0,980,0,1,78,192349,2260,0,71,0,0,0,LEADER,1,0,0,0,0,70
193775,39,adaptive-prasle,2346,1,0,0,70,0,980,0,1,39,191429,2346,0,71,0,0,0,LEADER,1,0,0,0,0,70
194492,30,adaptive-prasle,2143,1,0,0,70,0,980,0,1,30,192349,2143,0,71,0,0,0,LEADER,1,0,0,0,0,70
193898,64,adaptive-prasle,1549,1,0,0,70,0,980,0,1,64,192349,1549,0,71,0,0,0,LEADER,1,0,0,0,0,70
194123,80,adaptive-prasle,1774,1,0,0,70,0,980,0,1,80,192349,1774,0,71,0,0,0,LEADER,1,0,0,0,0,70
193860,54,adaptive-prasle,1516,1,0,0,70,0,980,0,1,54,192344,1516,0,71,0,0,0,LEADER,1,0,0,0,0,70
194389,43,adaptive-prasle,2040,1,0,0,70,0,980,0,1,43,192349,2040,0,71,0,0,0,LEADER,1,0,0,0,0,70
194309,26,adaptive-prasle,1960,1,0,0,70,0,980,0,1,26,192349,1960,0,71,0,0,0,LEADER,1,0,0,0,0,70
193938,42,adaptive-prasle,1591,1,0,0,70,0,980,0,1,42,192347,1591,0,71,0,0,0,LEADER,1,0,0,0,0,70
193947,31,adaptive-prasle,1598,1,0,0,70,0,980,0,1,31,192349,1598,0,71,0,0,0,LEADER,1,0,0,0,0,70
194704,94,adaptive-prasle,2355,1,0,0,70,0,980,0,1,94,192349,2355,0,71,0,0,0,LEADER,1,0,0,0,0,70
194274,45,adaptive-prasle,1925,1,0,0,70,0,980,0,1,45,192349,1925,0,71,0,0,0,LEADER,1,0,0,0,0,70
194647,60,adaptive-prasle,2298,1,0,0,70,0,980,0,1,60,192349,2298,0,71,0,0,0,LEADER,1,0,0,0,0,70
194753,44,adaptive-prasle,1483,1,0,0,71,0,994,0,1,44,193270,1483,0,72,0,0,0,LEADER,1,0,0,0,0,71
194001,51,adaptive-prasle,1652,1,0,0,70,0,980,0,1,51,192349,1652,0,71,0,0,0,LEADER,1,0,0,0,0,70
194358,33,adaptive-prasle,2007,1,0,0,70,0,980,0,1,33,192351,2007,0,71,0,0,0,LEADER,1,0,0,0,0,70
194801,22,adaptive-prasle,1531,1,0,0,71,0,994,0,1,22,193270,1531,0,72,0,0,0,LEADER,1,0,0,0,0,71
194513,72,adaptive-prasle,2162,1,0,0,70,0,980,0,1,72,192351,2162,0,71,0,0,0,LEADER,1,0,0,0,0,70
194301,24,adaptive-prasle,1952,1,0,0,70,0,980,0,1,24,192349,1952,0,71,0,0,0,LEADER,1,0,0,0,0,70
194833,32,adaptive-prasle,1564,1,0,0,71,0,994,0,1,32,193269,1564,0,72,0,0,0,LEADER,1,0,0,0,0,71
194020,93,adaptive-prasle,1671,1,0,0,70,0,980,0,1,93,192349,1671,0,71,0,0,0,LEADER,1,0,0,0,0,70
194679,79,adaptive-prasle,2331,1,0,0,70,0,980,0,1,79,192348,2331,0,71,0,0,0,LEADER,1,0,0,0,0,70
194694,69,adaptive-prasle,2343,1,0,0,70,0,980,0,1,69,192351,2343,0,71,0,0,0,LEADER,1,0,0,0,0,70
194374,75,adaptive-prasle,2025,1,0,0,70,0,980,0,1,75,192349,2025,0,71,0,0,0,LEADER,1,0,0,0,0,70
194101,81,adaptive-prasle,1752,1,0,0,70,0,980,0,1,81,192349,1752,0,71,0,0,0,LEADER,1,0,0,0,0,70
193959,52,adaptive-prasle,1610,1,0,0,70,0,980,0,1,52,192349,1610,0,71,0,0,0,LEADER,1,0,0,0,0,70
194438,21,adaptive-prasle,2088,1,0,0,70,0,980,0,1,21,192350,2088,0,71,0,0,0,LEADER,1,0,0,0,0,70
194614,29,adaptive-prasle,2265,1,0,0,70,0,980,0,1,29,192349,2265,0,71,0,0,0,LEADER,1,0,0,0,0,70
194190,100,adaptive-prasle,1841,1,0,0,70,0,980,0,1,100,192349,1841,0,71,0,0,0,LEADER,1,0,0,0,0,70
194035,61,adaptive-prasle,1686,1,0,0,70,0,980,0,1,61,192349,1686,0,71,0,0,0,LEADER,1,0,0,0,0,70
194599,91,adaptive-prasle,2250,1,0,0,70,0,980,0,1,91,192349,2250,0,71,0,0,0,LEADER,1,0,0,0,0,70
194559,37,adaptive-prasle,2210,1,0,0,70,0,980,0,1,37,192349,2210,0,71,0,0,0,LEADER,1,0,0,0,0,70
194102,38,adaptive-prasle,1755,1,0,0,70,0,980,0,1,38,192347,1755,0,71,0,0,0,LEADER,1,0,0,0,0,70
194768,98,adaptive-prasle,2419,1,0,0,70,0,980,0,1,98,192349,2419,0,71,0,0,0,LEADER,1,0,0,0,0,70
194628,27,adaptive-prasle,2280,1,0,0,70,0,980,0,1,27,192348,2280,0,71,0,0,0,LEADER,1,0,0,0,0,70
194477,62,adaptive-prasle,2128,1,0,0,70,0,980,0,1,62,192349,2128,0,71,0,0,0,LEADER,1,0,0,0,0,70
194286,56,adaptive-prasle,1937,1,0,0,70,0,980,0,1,56,192349,1937,0,71,0,0,0,LEADER,1,0,0,0,0,70
194672,99,adaptive-prasle,2328,1,0,0,70,0,980,0,1,99,192344,2328,0,71,0,0,0,LEADER,1,0,0,0,0,70
194553,48,adaptive-prasle,2202,1,0,0,70,0,980,0,1,48,192351,2202,0,71,0,0,0,LEADER,1,0,0,0,0,70
194068,71,adaptive-prasle,1719,1,0,0,70,0,980,0,1,71,192349,1719,0,71,0,0,0,LEADER,1,0,0,0,0,70
194293,87,adaptive-prasle,1944,1,0,0,70,0,980,0,1,87,192349,1944,0,71,0,0,0,LEADER,1,0,0,0,0,70
194219,36,adaptive-prasle,1870,1,0,0,70,0,980,0,1,36,192349,1870,0,71,0,0,0,LEADER,1,0,0,0,0,70
194716,77,adaptive-prasle,1446,1,0,0,71,0,994,0,1,77,193270,1446,0,72,0,0,0,LEADER,1,0,0,0,0,71
194909,83,adaptive-prasle,1637,1,0,0,71,0,994,0,1,83,193272,1637,0,72,0,0,0,LEADER,1,0,0,0,0,71
194408,85,adaptive-prasle,2059,1,0,0,70,0,980,0,1,85,192349,2059,0,71,0,0,0,LEADER,1,0,0,0,0,70
194937,19,adaptive-prasle,1667,1,0,0,71,0,994,0,1,19,193270,1667,0,72,0,0,0,LEADER,1,0,0,0,0,71
195092,65,adaptive-prasle,1822,1,0,0,71,0,994,0,1,65,193270,1822,0,72,0,0,0,LEADER,1,0,0,0,0,71
194698,35,adaptive-prasle,1428,1,0,0,71,0,994,0,1,35,193270,1428,0,72,0,0,0,LEADER,1,0,0,0,0,71
194713,86,adaptive-prasle,1443,1,0,0,71,0,994,0,1,86,193270,1443,0,72,0,0,0,LEADER,1,0,0,0,0,71
194755,50,adaptive-prasle,2406,1,0,0,70,0,980,0,1,50,192349,2406,0,71,0,0,0,LEADER,1,0,0,0,0,70
194771,55,adaptive-prasle,1501,1,0,0,71,0,994,0,1,55,193270,1501,0,72,0,0,0,LEADER,1,0,0,0,0,71
194810,63,adaptive-prasle,1540,1,0,0,71,0,994,0,1,63,193270,1540,0,72,0,0,0,LEADER,1,0,0,0,0,71
195174,46,adaptive-prasle,1904,1,0,0,71,0,994,0,1,46,193270,1904,0,72,0,0,0,LEADER,1,0,0,0,0,71
194969,53,adaptive-prasle,1701,1,0,0,71,0,994,0,1,53,193268,1701,0,72,0,0,0,LEADER,1,0,0,0,0,71
194323,23,adaptive-prasle,1974,1,0,0,70,0,980,0,1,23,192349,1974,0,71,0,0,0,LEADER,1,0,0,0,0,70
195192,88,adaptive-prasle,1922,1,0,0,71,0,994,0,1,88,193270,1922,0,72,0,0,0,LEADER,1,0,0,0,0,71
194719,34,adaptive-prasle,1449,1,0,0,71,0,994,0,1,34,193270,1449,0,72,0,0,0,LEADER,1,0,0,0,0,71
194328,97,adaptive-prasle,1977,1,0,0,70,0,980,0,1,97,192351,1977,0,71,0,0,0,LEADER,1,0,0,0,0,70
194446,20,adaptive-prasle,2095,1,0,0,70,0,980,0,1,20,192351,2095,0,71,0,0,0,LEADER,1,0,0,0,0,70
194526,40,adaptive-prasle,2177,1,0,0,70,0,980,0,1,40,192349,2177,0,71,0,0,0,LEADER,1,0,0,0,0,70
194451,47,adaptive-prasle,2100,1,0,0,70,0,980,0,1,47,192351,2100,0,71,0,0,0,LEADER,1,0,0,0,0,70
195362,95,adaptive-prasle,2092,1,0,0,71,0,994,0,1,95,193270,2092,0,72,0,0,0,LEADER,1,0,0,0,0,71
194744,25,adaptive-prasle,2395,1,0,0,70,0,980,0,1,25,192349,2395,0,71,0,0,0,LEADER,1,0,0,0,0,70
195350,84,adaptive-prasle,2080,1,0,0,71,0,994,0,1,84,193270,2080,0,72,0,0,0,LEADER,1,0,0,0,0,71
194626,70,adaptive-prasle,2277,1,0,0,70,0,980,0,1,70,192349,2277,0,71,0,0,0,LEADER,1,0,0,0,0,70
194544,82,adaptive-prasle,2195,1,0,0,70,0,980,0,1,82,192349,2195,0,71,0,0,0,LEADER,1,0,0,0,0,70
194762,67,adaptive-prasle,2413,1,0,0,70,0,980,0,1,67,192349,2413,0,71,0,0,0,LEADER,1,0,0,0,0,70
194714,89,adaptive-prasle,2365,1,0,0,70,0,980,0,1,89,192349,2365,0,71,0,0,0,LEADER,1,0,0,0,0,70
195383,28,adaptive-prasle,2113,1,0,0,71,0,994,0,1,28,193270,2113,0,72,0,0,0,LEADER,1,0,0,0,0,71
195127,68,adaptive-prasle,1855,1,0,0,71,0,994,0,1,68,193272,1855,0,72,0,0,0,LEADER,1,0,0,0,0,71
195078,90,adaptive-prasle,1807,1,0,0,71,0,994,0,1,90,193271,1807,0,72,0,0,0,LEADER,1,0,0,0,0,71
194738,76,adaptive-prasle,1468,1,0,0,71,0,994,0,1,76,193270,1468,0,72,0,0,0,LEADER,1,0,0,0,0,71
195059,10,adaptive-prasle,1789,1,0,0,71,0,994,0,1,10,193270,1789,0,72,0,0,0,LEADER,1,0,0,0,0,71
195491,58,adaptive-prasle,2221,1,0,0,71,0,994,0,1,58,193270,2221,0,72,0,0,0,LEADER,1,0,0,0,0,71
194874,73,adaptive-prasle,1604,1,0,0,71,0,994,0,1,73,193270,1604,0,72,0,0,0,LEADER,1,0,0,0,0,71
194614,59,adaptive-prasle,2265,1,0,0,70,0,980,0,1,59,192349,2265,0,71,0,0,0,LEADER,1,0,0,0,0,70
194889,41,adaptive-prasle,1619,1,0,0,71,0,994,0,1,41,193270,1619,0,72,0,0,0,LEADER,1,0,0,0,0,71
194804,96,adaptive-prasle,1534,1,0,0,71,0,994,0,1,96,193270,1534,0,72,0,0,0,LEADER,1,0,0,0,0,71
195105,74,adaptive-prasle,1837,1,0,0,71,0,994,0,1,74,193268,1837,0,72,0,0,0,LEADER,1,0,0,0,0,71
195037,49,adaptive-prasle,1767,1,0,0,71,0,994,0,1,49,193270,1767,0,72,0,0,0,LEADER,1,0,0,0,0,71
195498,92,adaptive-prasle,2228,1,0,0,71,0,994,0,1,92,193270,2228,0,72,0,0,0,LEADER,1,0,0,0,0,71
194706,66,adaptive-prasle,1434,1,0,0,71,0,994,0,1,66,193272,1434,0,72,0,0,0,LEADER,1,0,0,0,0,71
194729,57,adaptive-prasle,2380,1,0,0,70,0,980,0,1,57,192349,2380,0,71,0,0,0,LEADER,1,0,0,0,0,70
195530,78,adaptive-prasle,2260,1,0,0,71,0,994,0,1,78,193270,2260,0,72,0,0,0,LEADER,1,0,0,0,0,71
194695,39,adaptive-prasle,2346,1,0,0,70,0,980,0,1,39,192349,2346,0,71,0,0,0,LEADER,1,0,0,0,0,70
195413,30,adaptive-prasle,2143,1,0,0,71,0,994,0,1,30,193270,2143,0,72,0,0,0,LEADER,1,0,0,0,0,71
194819,64,adaptive-prasle,1549,1,0,0,71,0,994,0,1,64,193270,1549,0,72,0,0,0,LEADER,1,0,0,0,0,71
195044,80,adaptive-prasle,1774,1,0,0,71,0,994,0,1,80,193270,1774,0,72,0,0,0,LEADER,1,0,0,0,0,71
194781,54,adaptive-prasle,1516,1,0,0,71,0,994,0,1,54,193265,1516,0,72,0,0,0,LEADER,1,0,0,0,0,71
195310,43,adaptive-prasle,2040,1,0,0,71,0,994,0,1,43,193270,2040,0,72,0,0,0,LEADER,1,0,0,0,0,71
195230,26,adaptive-prasle,1960,1,0,0,71,0,994,0,1,26,193270,1960,0,72,0,0,0,LEADER,1,0,0,0,0,71
194859,42,adaptive-prasle,1591,1,0,0,71,0,994,0,1,42,193268,1591,0,72,0,0,0,LEADER,1,0,0,0,0,71
194868,31,adaptive-prasle,1598,1,0,0,71,0,994,0,1,31,193270,1598,0,72,0,0,0,LEADER,1,0,0,0,0,71
195625,94,adaptive-prasle,2355,1,0,0,71,0,994,0,1,94,193270,2355,0,72,0,0,0,LEADER,1,0,0,0,0,71
195195,45,adaptive-prasle,1925,1,0,0,71,0,994,0,1,45,193270,1925,0,72,0,0,0,LEADER,1,0,0,0,0,71
195568,60,adaptive-prasle,2298,1,0,0,71,0,994,0,1,60,193270,2298,0,72,0,0,0,LEADER,1,0,0,0,0,71
195673,44,adaptive-prasle,1483,1,0,0,71,0,994,0,1,44,194190,1483,0,72,0,0,0,LEADER,1,0,0,0,0,71
194922,51,adaptive-prasle,1652,1,0,0,71,0,994,0,1,51,193270,1652,0,72,0,0,0,LEADER,1,0,0,0,0,71
195721,22,adaptive-prasle,1531,1,0,0,71,0,994,0,1,22,194190,1531,0,72,0,0,0,LEADER,1,0,0,0,0,71
195279,33,adaptive-prasle,2007,1,0,0,71,0,994,0,1,33,193272,2007,0,72,0,0,0,LEADER,1,0,0,0,0,71
195434,72,adaptive-prasle,2162,1,0,0,71,0,994,0,1,72,193272,2162,0,72,0,0,0,LEADER,1,0,0,0,0,71
195222,24,adaptive-prasle,1952,1,0,0,71,0,994,0,1,24,193270,1952,0,72,0,0,0,LEADER,1,0,0,0,0,71
195753,32,adaptive-prasle,1564,1,0,0,71,0,994,0,1,32,194189,1564,0,72,0,0,0,LEADER,1,0,0,0,0,71
194941,93,adaptive-prasle,1671,1,0,0,71,0,994,0,1,93,193270,1671,0,72,0,0,0,LEADER,1,0,0,0,0,71
195615,69,adaptive-prasle,2343,1,0,0,71,0,994,0,1,69,193272,2343,0,72,0,0,0,LEADER,1,0,0,0,0,71
195600,79,adaptive-prasle,2331,1,0,0,71,0,994,0,1,79,193269,2331,0,72,0,0,0,LEADER,1,0,0,0,0,71
195295,75,adaptive-prasle,2025,1,0,0,71,0,994,0,1,75,193270,2025,0,72,0,0,0,LEADER,1,0,0,0,0,71
195022,81,adaptive-prasle,1752,1,0,0,71,0,994,0,1,81,193270,1752,0,72,0,0,0,LEADER,1,0,0,0,0,71
194880,52,adaptive-prasle,1610,1,0,0,71,0,994,0,1,52,193270,1610,0,72,0,0,0,LEADER,1,0,0,0,0,71
195359,21,adaptive-prasle,2088,1,0,0,71,0,994,0,1,21,193271,2088,0,72,0,0,0,LEADER,1,0,0,0,0,71
195535,29,adaptive-prasle,2265,1,0,0,71,0,994,0,1,29,193270,2265,0,72,0,0,0,LEADER,1,0,0,0,0,71
195111,100,adaptive-prasle,1841,1,0,0,71,0,994,0,1,100,193270,1841,0,72,0,0,0,LEADER,1,0,0,0,0,71
194956,61,adaptive-prasle,1686,1,0,0,71,0,994,0,1,61,193270,1686,0,72,0,0,0,LEADER,1,0,0,0,0,71
195520,91,adaptive-prasle,2250,1,0,0,71,0,994,0,1,91,193270,2250,0,72,0,0,0,LEADER,1,0,0,0,0,71
195480,37,adaptive-prasle,2210,1,0,0,71,0,994,0,1,37,193270,2210,0,72,0,0,0,LEADER,1,0,0,0,0,71
195023,38,adaptive-prasle,1755,1,0,0,71,0,994,0,1,38,193268,1755,0,72,0,0,0,LEADER,1,0,0,0,0,71
195689,98,adaptive-prasle,2419,1,0,0,71,0,994,0,1,98,193270,2419,0,72,0,0,0,LEADER,1,0,0,0,0,71
195549,27,adaptive-prasle,2280,1,0,0,71,0,994,0,1,27,193269,2280,0,72,0,0,0,LEADER,1,0,0,0,0,71
195398,62,adaptive-prasle,2128,1,0,0,71,0,994,0,1,62,193270,2128,0,72,0,0,0,LEADER,1,0,0,0,0,71
195207,56,adaptive-prasle,1937,1,0,0,71,0,994,0,1,56,193270,1937,0,72,0,0,0,LEADER,1,0,0,0,0,71
195593,99,adaptive-prasle,2328,1,0,0,71,0,994,0,1,99,193265,2328,0,72,0,0,0,LEADER,1,0,0,0,0,71
195474,48,adaptive-prasle,2202,1,0,0,71,0,994,0,1,48,193272,2202,0,72,0,0,0,LEADER,1,0,0,0,0,71
194989,71,adaptive-prasle,1719,1,0,0,71,0,994,0,1,71,193270,1719,0,72,0,0,0,LEADER,1,0,0,0,0,71
195214,87,adaptive-prasle,1944,1,0,0,71,0,994,0,1,87,193270,1944,0,72,0,0,0,LEADER,1,0,0,0,0,71
195140,36,adaptive-prasle,1870,1,0,0,71,0,994,0,1,36,193270,1870,0,72,0,0,0,LEADER,1,0,0,0,0,71
195636,77,adaptive-prasle,1446,1,0,0,71,0,994,0,1,77,194190,1446,0,72,0,0,0,LEADER,1,0,0,0,0,71
195829,83,adaptive-prasle,1637,1,0,0,71,0,994,0,1,83,194192,1637,0,72,0,0,0,LEADER,1,0,0,0,0,71
195329,85,adaptive-prasle,2059,1,0,0,71,0,994,0,1,85,193270,2059,0,72,0,0,0,LEADER,1,0,0,0,0,71
195857,19,adaptive-prasle,1667,1,0,0,71,0,994,0,1,19,194190,1667,0,72,0,0,0,LEADER,1,0,0,0,0,71
196012,65,adaptive-prasle,1822,1,0,0,71,0,994,0,1,65,194190,1822,0,72,0,0,0,LEADER,1,0,0,0,0,71
195618,35,adaptive-prasle,1428,1,0,0,71,0,994,0,1,35,194190,1428,0,72,0,0,0,LEADER,1,0,0,0,0,71
195633,86,adaptive-prasle,1443,1,0,0,71,0,994,0,1,86,194190,1443,0,72,0,0,0,LEADER,1,0,0,0,0,71
195676,50,adaptive-prasle,2406,1,0,0,71,0,994,0,1,50,193270,2406,0,72,0,0,0,LEADER,1,0,0,0,0,71
195691,55,adaptive-prasle,1501,1,0,0,71,0,994,0,1,55,194190,1501,0,72,0,0,0,LEADER,1,0,0,0,0,71
195730,63,adaptive-prasle,1540,1,0,0,71,0,994,0,1,63,194190,1540,0,72,0,0,0,LEADER,1,0,0,0,0,71
196094,46,adaptive-prasle,1904,1,0,0,71,0,994,0,1,46,194190,1904,0,72,0,0,0,LEADER,1,0,0,0,0,71
195889,53,adaptive-prasle,1701,1,0,0,71,0,994,0,1,53,194188,1701,0,72,0,0,0,LEADER,1,0,0,0,0,71
195244,23,adaptive-prasle,1974,1,0,0,71,0,994,0,1,23,193270,1974,0,72,0,0,0,LEADER,1,0,0,0,0,71
196112,88,adaptive-prasle,1922,1,0,0,71,0,994,0,1,88,194190,1922,0,72,0,0,0,LEADER,1,0,0,0,0,71
195639,34,adaptive-prasle,1449,1,0,0,71,0,994,0,1,34,194190,1449,0,72,0,0,0,LEADER,1,0,0,0,0,71
195249,97,adaptive-prasle,1977,1,0,0,71,0,994,0,1,97,193272,1977,0,72,0,0,0,LEADER,1,0,0,0,0,71
195367,20,adaptive-prasle,2095,1,0,0,71,0,994,0,1,20,193272,2095,0,72,0,0,0,LEADER,1,0,0,0,0,71
195447,40,adaptive-prasle,2177,1,0,0,71,0,994,0,1,40,193270,2177,0,72,0,0,0,LEADER,1,0,0,0,0,71
195372,47,adaptive-prasle,2100,1,0,0,71,0,994,0,1,47,193272,2100,0,72,0,0,0,LEADER,1,0,0,0,0,71
196282,95,adaptive-prasle,2092,1,0,0,71,0,994,0,1,95,194190,2092,0,72,0,0,0,LEADER,1,0,0,0,0,71
195665,25,adaptive-prasle,2395,1,0,0,71,0,994,0,1,25,193270,2395,0,72,0,0,0,LEADER,1,0,0,0,0,71
196270,84,adaptive-prasle,2080,1,0,0,71,0,994,0,1,84,194190,2080,0,72,0,0,0,LEADER,1,0,0,0,0,71
195547,70,adaptive-prasle,2277,1,0,0,71,0,994,0,1,70,193270,2277,0,72,0,0,0,LEADER,1,0,0,0,0,71
195465,82,adaptive-prasle,2195,1,0,0,71,0,994,0,1,82,193270,2195,0,72,0,0,0,LEADER,1,0,0,0,0,71
195683,67,adaptive-prasle,2413,1,0,0,71,0,994,0,1,67,193270,2413,0,72,0,0,0,LEADER,1,0,0,0,0,71
195635,89,adaptive-prasle,2365,1,0,0,71,0,994,0,1,89,193270,2365,0,72,0,0,0,LEADER,1,0,0,0,0,71
196303,28,adaptive-prasle,2113,1,0,0,71,0,994,0,1,28,194190,2113,0,72,0,0,0,LEADER,1,0,0,0,0,71
196047,68,adaptive-prasle,1855,1,0,0,71,0,994,0,1,68,194192,1855,0,72,0,0,0,LEADER,1,0,0,0,0,71
195998,90,adaptive-prasle,1807,1,0,0,71,0,994,0,1,90,194191,1807,0,72,0,0,0,LEADER,1,0,0,0,0,71
195658,76,adaptive-prasle,1468,1,0,0,71,0,994,0,1,76,194190,1468,0,72,0,0,0,LEADER,1,0,0,0,0,71
195979,10,adaptive-prasle,1789,1,0,0,71,0,994,0,1,10,194190,1789,0,72,0,0,0,LEADER,1,0,0,0,0,71
196411,58,adaptive-prasle,2221,1,0,0,71,0,994,0,1,58,194190,2221,0,72,0,0,0,LEADER,1,0,0,0,0,71
195794,73,adaptive-prasle,1604,1,0,0,71,0,994,0,1,73,194190,1604,0,72,0,0,0,LEADER,1,0,0,0,0,71
195535,59,adaptive-prasle,2265,1,0,0,71,0,994,0,1,59,193270,2265,0,72,0,0,0,LEADER,1,0,0,0,0,71
195809,41,adaptive-prasle,1619,1,0,0,71,0,994,0,1,41,194190,1619,0,72,0,0,0,LEADER,1,0,0,0,0,71
195724,96,adaptive-prasle,1534,1,0,0,71,0,994,0,1,96,194190,1534,0,72,0,0,0,LEADER,1,0,0,0,0,71
196025,74,adaptive-prasle,1837,1,0,0,71,0,994,0,1,74,194188,1837,0,72,0,0,0,LEADER,1,0,0,0,0,71
195957,49,adaptive-prasle,1767,1,0,0,71,0,994,0,1,49,194190,1767,0,72,0,0,0,LEADER,1,0,0,0,0,71
196418,92,adaptive-prasle,2228,1,0,0,71,0,994,0,1,92,194190,2228,0,72,0,0,0,LEADER,1,0,0,0,0,71
195626,66,adaptive-prasle,1434,1,0,0,71,0,994,0,1,66,194192,1434,0,72,0,0,0,LEADER,1,0,0,0,0,71
195650,57,adaptive-prasle,2380,1,0,0,71,0,994,0,1,57,193270,2380,0,72,0,0,0,LEADER,1,0,0,0,0,71
196450,78,adaptive-prasle,2260,1,0,0,71,0,994,0,1,78,194190,2260,0,72,0,0,0,LEADER,1,0,0,0,0,71
195616,39,adaptive-prasle,2346,1,0,0,71,0,994,0,1,39,193270,2346,0,72,0,0,0,LEADER,1,0,0,0,0,71
196333,30,adaptive-prasle,2143,1,0,0,71,0,994,0,1,30,194190,2143,0,72,0,0,0,LEADER,1,0,0,0,0,71
195739,64,adaptive-prasle,1549,1,0,0,71,0,994,0,1,64,194190,1549,0,72,0,0,0,LEADER,1,0,0,0,0,71
195964,80,adaptive-prasle,1774,1,0,0,71,0,994,0,1,80,194190,1774,0,72,0,0,0,LEADER,1,0,0,0,0,71
195701,54,adaptive-prasle,1516,1,0,0,71,0,994,0,1,54,194185,1516,0,72,0,0,0,LEADER,1,0,0,0,0,71
196230,43,adaptive-prasle,2040,1,0,0,71,0,994,0,1,43,194190,2040,0,72,0,0,0,LEADER,1,0,0,0,0,71
196150,26,adaptive-prasle,1960,1,0,0,71,0,994,0,1,26,194190,1960,0,72,0,0,0,LEADER,1,0,0,0,0,71
195779,42,adaptive-prasle,1591,1,0,0,71,0,994,0,1,42,194188,1591,0,72,0,0,0,LEADER,1,0,0,0,0,71
195788,31,adaptive-prasle,1598,1,0,0,71,0,994,0,1,31,194190,1598,0,72,0,0,0,LEADER,1,0,0,0,0,71
196545,94,adaptive-prasle,2355,1,0,0,71,0,994,0,1,94,194190,2355,0,72,0,0,0,LEADER,1,0,0,0,0,71
196115,45,adaptive-prasle,1925,1,0,0,71,0,994,0,1,45,194190,1925,0,72,0,0,0,LEADER,1,0,0,0,0,71
196488,60,adaptive-prasle,2298,1,0,0,71,0,994,0,1,60,194190,2298,0,72,0,0,0,LEADER,1,0,0,0,0,71
196593,44,adaptive-prasle,1483,1,0,0,71,0,994,0,1,44,195110,1483,0,72,0,0,0,LEADER,1,0,0,0,0,71
195842,51,adaptive-prasle,1652,1,0,0,71,0,994,0,1,51,194190,1652,0,72,0,0,0,LEADER,1,0,0,0,0,71
196641,22,adaptive-prasle,1531,1,0,0,71,0,994,0,1,22,195110,1531,0,72,0,0,0,LEADER,1,0,0,0,0,71
196199,33,adaptive-prasle,2007,1,0,0,71,0,994,0,1,33,194192,2007,0,72,0,0,0,LEADER,1,0,0,0,0,71
196354,72,adaptive-prasle,2162,1,0,0,71,0,994,0,1,72,194192,2162,0,72,0,0,0,LEADER,1,0,0,0,0,71
196142,24,adaptive-prasle,1952,1,0,0,71,0,994,0,1,24,194190,1952,0,72,0,0,0,LEADER,1,0,0,0,0,71
196673,32,adaptive-prasle,1564,1,0,0,71,0,994,0,1,32,195109,1564,0,72,0,0,0,LEADER,1,0,0,0,0,71
195861,93,adaptive-prasle,1671,1,0,0,71,0,994,0,1,93,194190,1671,0,72,0,0,0,LEADER,1,0,0,0,0,71
196520,79,adaptive-prasle,2331,1,0,0,71,0,994,0,1,79,194189,2331,0,72,0,0,0,LEADER,1,0,0,0,0,71
196535,69,adaptive-prasle,2343,1,0,0,71,0,994,0,1,69,194192,2343,0,72,0,0,0,LEADER,1,0,0,0,0,71
196215,75,adaptive-prasle,2025,1,0,0,71,0,994,0,1,75,194190,2025,0,72,0,0,0,LEADER,1,0,0,0,0,71
195942,81,adaptive-prasle,1752,1,0,0,71,0,994,0,1,81,194190,1752,0,72,0,0,0,LEADER,1,0,0,0,0,71
195800,52,adaptive-prasle,1610,1,0,0,71,0,994,0,1,52,194190,1610,0,72,0,0,0,LEADER,1,0,0,0,0,71
196279,21,adaptive-prasle,2088,1,0,0,71,0,994,0,1,21,194191,2088,0,72,0,0,0,LEADER,1,0,0,0,0,71
196455,29,adaptive-prasle,2265,1,0,0,71,0,994,0,1,29,194190,2265,0,72,0,0,0,LEADER,1,0,0,0,0,71
196031,100,adaptive-prasle,1841,1,0,0,71,0,994,0,1,100,194190,1841,0,72,0,0,0,LEADER,1,0,0,0,0,71
195876,61,adaptive-prasle,1686,1,0,0,71,0,994,0,1,61,194190,1686,0,72,0,0,0,LEADER,1,0,0,0,0,71
196440,91,adaptive-prasle,2250,1,0,0,71,0,994,0,1,91,194190,2250,0,72,0,0,0,LEADER,1,0,0,0,0,71
196400,37,adaptive-prasle,2210,1,0,0,71,0,994,0,1,37,194190,2210,0,72,0,0,0,LEADER,1,0,0,0,0,71
195943,38,adaptive-prasle,1755,1,0,0,71,0,994,0,1,38,194188,1755,0,72,0,0,0,LEADER,1,0,0,0,0,71
196609,98,adaptive-prasle,2419,1,0,0,71,0,994,0,1,98,194190,2419,0,72,0,0,0,LEADER,1,0,0,0,0,71
196469,27,adaptive-prasle,2280,1,0,0,71,0,994,0,1,27,194189,2280,0,72,0,0,0,LEADER,1,0,0,0,0,71
196318,62,adaptive-prasle,2128,1,0,0,71,0,994,0,1,62,194190,2128,0,72,0,0,0,LEADER,1,0,0,0,0,71
196127,56,adaptive-prasle,1937,1,0,0,71,0,994,0,1,56,194190,1937,0,72,0,0,0,LEADER,1,0,0,0,0,71
196513,99,adaptive-prasle,2328,1,0,0,71,0,994,0,1,99,194185,2328,0,72,0,0,0,LEADER,1,0,0,0,0,71
196394,48,adaptive-prasle,2202,1,0,0,71,0,994,0,1,48,194192,2202,0,72,0,0,0,LEADER,1,0,0,0,0,71
195909,71,adaptive-prasle,1719,1,0,0,71,0,994,0,1,71,194190,1719,0,72,0,0,0,LEADER,1,0,0,0,0,71
196134,87,adaptive-prasle,1944,1,0,0,71,0,994,0,1,87,194190,1944,0,72,0,0,0,LEADER,1,0,0,0,0,71
196060,36,adaptive-prasle,1870,1,0,0,71,0,994,0,1,36,194190,1870,0,72,0,0,0,LEADER,1,0,0,0,0,71
196556,77,adaptive-prasle,1446,1,0,0,71,0,994,0,1,77,195110,1446,0,72,0,0,0,LEADER,1,0,0,0,0,71
196749,83,adaptive-prasle,1637,1,0,0,71,0,994,0,1,83,195112,1637,0,72,0,0,0,LEADER,1,0,0,0,0,71
196249,85,adaptive-prasle,2059,1,0,0,71,0,994,0,1,85,194190,2059,0,72,0,0,0,LEADER,1,0,0,0,0,71
196777,19,adaptive-prasle,1667,1,0,0,71,0,994,0,1,19,195110,1667,0,72,0,0,0,LEADER,1,0,0,0,0,71
196932,65,adaptive-prasle,1822,1,0,0,71,0,994,0,1,65,195110,1822,0,72,0,0,0,LEADER,1,0,0,0,0,71
196538,35,adaptive-prasle,1428,1,0,0,71,0,994,0,1,35,195110,1428,0,72,0,0,0,LEADER,1,0,0,0,0,71
196553,86,adaptive-prasle,1443,1,0,0,71,0,994,0,1,86,195110,1443,0,72,0,0,0,LEADER,1,0,0,0,0,71
196596,50,adaptive-prasle,2406,1,0,0,71,0,994,0,1,50,194190,2406,0,72,0,0,0,LEADER,1,0,0,0,0,71
196611,55,adaptive-prasle,1501,1,0,0,71,0,994,0,1,55,195110,1501,0,72,0,0,0,LEADER,1,0,0,0,0,71
196650,63,adaptive-prasle,1540,1,0,0,71,0,994,0,1,63,195110,1540,0,72,0,0,0,LEADER,1,0,0,0,0,71
197014,46,adaptive-prasle,1904,1,0,0,71,0,994,0,1,46,195110,1904,0,72,0,0,0,LEADER,1,0,0,0,0,71
196809,53,adaptive-prasle,1701,1,0,0,71,0,994,0,1,53,195108,1701,0,72,0,0,0,LEADER,1,0,0,0,0,71
196164,23,adaptive-prasle,1974,1,0,0,71,0,994,0,1,23,194190,1974,0,72,0,0,0,LEADER,1,0,0,0,0,71
197032,88,adaptive-prasle,1922,1,0,0,71,0,994,0,1,88,195110,1922,0,72,0,0,0,LEADER,1,0,0,0,0,71
196559,34,adaptive-prasle,1449,1,0,0,71,0,994,0,1,34,195110,1449,0,72,0,0,0,LEADER,1,0,0,0,0,71
196169,97,adaptive-prasle,1977,1,0,0,71,0,994,0,1,97,194192,1977,0,72,0,0,0,LEADER,1,0,0,0,0,71
196287,20,adaptive-prasle,2095,1,0,0,71,0,994,0,1,20,194192,2095,0,72,0,0,0,LEADER,1,0,0,0,0,71
196367,40,adaptive-prasle,2177,1,0,0,71,0,994,0,1,40,194190,2177,0,72,0,0,0,LEADER,1,0,0,0,0,71
196292,47,adaptive-prasle,2100,1,0,0,71,0,994,0,1,47,194192,2100,0,72,0,0,0,LEADER,1,0,0,0,0,71
197202,95,adaptive-prasle,2092,1,0,0,71,0,994,0,1,95,195110,2092,0,72,0,0,0,LEADER,1,0,0,0,0,71
196585,25,adaptive-prasle,2395,1,0,0,71,0,994,0,1,25,194190,2395,0,72,0,0,0,LEADER,1,0,0,0,0,71
197190,84,adaptive-prasle,2080,1,0,0,71,0,994,0,1,84,195110,2080,0,72,0,0,0,LEADER,1,0,0,0,0,71
196467,70,adaptive-prasle,2277,1,0,0,71,0,994,0,1,70,194190,2277,0,72,0,0,0,LEADER,1,0,0,0,0,71
196385,82,adaptive-prasle,2195,1,0,0,71,0,994,0,1,82,194190,2195,0,72,0,0,0,LEADER,1,0,0,0,0,71
196603,67,adaptive-prasle,2413,1,0,0,71,0,994,0,1,67,194190,2413,0,72,0,0,0,LEADER,1,0,0,0,0,71
196555,89,adaptive-prasle,2365,1,0,0,71,0,994,0,1,89,194190,2365,0,72,0,0,0,LEADER,1,0,0,0,0,71
197223,28,adaptive-prasle,2113,1,0,0,71,0,994,0,1,28,195110,2113,0,72,0,0,0,LEADER,1,0,0,0,0,71
196967,68,adaptive-prasle,1855,1,0,0,71,0,994,0,1,68,195112,1855,0,72,0,0,0,LEADER,1,0,0,0,0,71
196918,90,adaptive-prasle,1807,1,0,0,71,0,994,0,1,90,195111,1807,0,72,0,0,0,LEADER,1,0,0,0,0,71
196578,76,adaptive-prasle,1468,1,0,0,71,0,994,0,1,76,195110,1468,0,72,0,0,0,LEADER,1,0,0,0,0,71
196899,10,adaptive-prasle,1789,1,0,0,71,0,994,0,1,10,195110,1789,0,72,0,0,0,LEADER,1,0,0,0,0,71
197331,58,adaptive-prasle,2221,1,0,0,71,0,994,0,1,58,195110,2221,0,72,0,0,0,LEADER,1,0,0,0,0,71
196714,73,adaptive-prasle,1604,1,0,0,71,0,994,0,1,73,195110,1604,0,72,0,0,0,LEADER,1,0,0,0,0,71
196455,59,adaptive-prasle,2265,1,0,0,71,0,994,0,1,59,194190,2265,0,72,0,0,0,LEADER,1,0,0,0,0,71
196729,41,adaptive-prasle,1619,1,0,0,71,0,994,0,1,41,195110,1619,0,72,0,0,0,LEADER,1,0,0,0,0,71
196644,96,adaptive-prasle,1534,1,0,0,71,0,994,0,1,96,195110,1534,0,72,0,0,0,LEADER,1,0,0,0,0,71
196945,74,adaptive-prasle,1837,1,0,0,71,0,994,0,1,74,195108,1837,0,72,0,0,0,LEADER,1,0,0,0,0,71
196877,49,adaptive-prasle,1767,1,0,0,71,0,994,0,1,49,195110,1767,0,72,0,0,0,LEADER,1,0,0,0,0,71
197338,92,adaptive-prasle,2228,1,0,0,71,0,994,0,1,92,195110,2228,0,72,0,0,0,LEADER,1,0,0,0,0,71
196546,66,adaptive-prasle,1434,1,0,0,71,0,994,0,1,66,195112,1434,0,72,0,0,0,LEADER,1,0,0,0,0,71
196570,57,adaptive-prasle,2380,1,0,0,71,0,994,0,1,57,194190,2380,0,72,0,0,0,LEADER,1,0,0,0,0,71
197370,78,adaptive-prasle,2260,1,0,0,71,0,994,0,1,78,195110,2260,0,72,0,0,0,LEADER,1,0,0,0,0,71
196536,39,adaptive-prasle,2346,1,0,0,71,0,994,0,1,39,194190,2346,0,72,0,0,0,LEADER,1,0,0,0,0,71
197253,30,adaptive-prasle,2143,1,0,0,71,0,994,0,1,30,195110,2143,0,72,0,0,0,LEADER,1,0,0,0,0,71
196659,64,adaptive-prasle,1549,1,0,0,71,0,994,0,1,64,195110,1549,0,72,0,0,0,LEADER,1,0,0,0,0,71
196884,80,adaptive-prasle,1774,1,0,0,71,0,994,0,1,80,195110,1774,0,72,0,0,0,LEADER,1,0,0,0,0,71
196621,54,adaptive-prasle,1516,1,0,0,71,0,994,0,1,54,195105,1516,0,72,0,0,0,LEADER,1,0,0,0,0,71
197150,43,adaptive-prasle,2040,1,0,0,71,0,994,0,1,43,195110,2040,0,72,0,0,0,LEADER,1,0,0,0,0,71
197070,26,adaptive-prasle,1960,1,0,0,71,0,994,0,1,26,195110,1960,0,72,0,0,0,LEADER,1,0,0,0,0,71
196699,42,adaptive-prasle,1591,1,0,0,71,0,994,0,1,42,195108,1591,0,72,0,0,0,LEADER,1,0,0,0,0,71
196708,31,adaptive-prasle,1598,1,0,0,71,0,994,0,1,31,195110,1598,0,72,0,0,0,LEADER,1,0,0,0,0,71
197465,94,adaptive-prasle,2355,1,0,0,71,0,994,0,1,94,195110,2355,0,72,0,0,0,LEADER,1,0,0,0,0,71
197035,45,adaptive-prasle,1925,1,0,0,71,0,994,0,1,45,195110,1925,0,72,0,0,0,LEADER,1,0,0,0,0,71
197408,60,adaptive-prasle,2298,1,0,0,71,0,994,0,1,60,195110,2298,0,72,0,0,0,LEADER,1,0,0,0,0,71
197514,44,adaptive-prasle,1483,1,0,0,72,0,1008,0,1,44,196031,1483,0,73,0,0,0,LEADER,1,0,0,0,0,72
196762,51,adaptive-prasle,1652,1,0,0,71,0,994,0,1,51,195110,1652,0,72,0,0,0,LEADER,1,0,0,0,0,71
197119,33,adaptive-prasle,2007,1,0,0,71,0,994,0,1,33,195112,2007,0,72,0,0,0,LEADER,1,0,0,0,0,71
197562,22,adaptive-prasle,1531,1,0,0,72,0,1008,0,1,22,196031,1531,0,73,0,0,0,LEADER,1,0,0,0,0,72
197274,72,adaptive-prasle,2162,1,0,0,71,0,994,0,1,72,195112,2162,0,72,0,0,0,LEADER,1,0,0,0,0,71
197062,24,adaptive-prasle,1952,1,0,0,71,0,994,0,1,24,195110,1952,0,72,0,0,0,LEADER,1,0,0,0,0,71
197594,32,adaptive-prasle,1564,1,0,0,72,0,1008,0,1,32,196030,1564,0,73,0,0,0,LEADER,1,0,0,0,0,72
196781,93,adaptive-prasle,1671,1,0,0,71,0,994,0,1,93,195110,1671,0,72,0,0,0,LEADER,1,0,0,0,0,71
197440,79,adaptive-prasle,2331,1,0,0,71,0,994,0,1,79,195109,2331,0,72,0,0,0,LEADER,1,0,0,0,0,71
197455,69,adaptive-prasle,2343,1,0,0,71,0,994,0,1,69,195112,2343,0,72,0,0,0,LEADER,1,0,0,0,0,71
197135,75,adaptive-prasle,2025,1,0,0,71,0,994,0,1,75,195110,2025,0,72,0,0,0,LEADER,1,0,0,0,0,71
196862,81,adaptive-prasle,1752,1,0,0,71,0,994,0,1,81,195110,1752,0,72,0,0,0,LEADER,1,0,0,0,0,71
196720,52,adaptive-prasle,1610,1,0,0,71,0,994,0,1,52,195110,1610,0,72,0,0,0,LEADER,1,0,0,0,0,71
197199,21,adaptive-prasle,2088,1,0,0,71,0,994,0,1,21,195111,2088,0,72,0,0,0,LEADER,1,0,0,0,0,71
197375,29,adaptive-prasle,2265,1,0,0,71,0,994,0,1,29,195110,2265,0,72,0,0,0,LEADER,1,0,0,0,0,71
196951,100,adaptive-prasle,1841,1,0,0,71,0,994,0,1,100,195110,1841,0,72,0,0,0,LEADER,1,0,0,0,0,71
196796,61,adaptive-prasle,1686,1,0,0,71,0,994,0,1,61,195110,1686,0,72,0,0,0,LEADER,1,0,0,0,0,71
197360,91,adaptive-prasle,2250,1,0,0,71,0,994,0,1,91,195110,2250,0,72,0,0,0,LEADER,1,0,0,0,0,71
197320,37,adaptive-prasle,2210,1,0,0,71,0,994,0,1,37,195110,2210,0,72,0,0,0,LEADER,1,0,0,0,0,71
196863,38,adaptive-prasle,1755,1,0,0,71,0,994,0,1,38,195108,1755,0,72,0,0,0,LEADER,1,0,0,0,0,71
197529,98,adaptive-prasle,2419,1,0,0,71,0,994,0,1,98,195110,2419,0,72,0,0,0,LEADER,1,0,0,0,0,71
197389,27,adaptive-prasle,2280,1,0,0,71,0,994,0,1,27,195109,2280,0,72,0,0,0,LEADER,1,0,0,0,0,71
197238,62,adaptive-prasle,2128,1,0,0,71,0,994,0,1,62,195110,2128,0,72,0,0,0,LEADER,1,0,0,0,0,71
197047,56,adaptive-prasle,1937,1,0,0,71,0,994,0,1,56,195110,1937,0,72,0,0,0,LEADER,1,0,0,0,0,71
197433,99,adaptive-prasle,2328,1,0,0,71,0,994,0,1,99,195105,2328,0,72,0,0,0,LEADER,1,0,0,0,0,71
197314,48,adaptive-prasle,2202,1,0,0,71,0,994,0,1,48,195112,2202,0,72,0,0,0,LEADER,1,0,0,0,0,71
196829,71,adaptive-prasle,1719,1,0,0,71,0,994,0,1,71,195110,1719,0,72,0,0,0,LEADER,1,0,0,0,0,71
197054,87,adaptive-prasle,1944,1,0,0,71,0,994,0,1,87,195110,1944,0,72,0,0,0,LEADER,1,0,0,0,0,71
196980,36,adaptive-prasle,1870,1,0,0,71,0,994,0,1,36,195110,1870,0,72,0,0,0,LEADER,1,0,0,0,0,71
197477,77,adaptive-prasle,1446,1,0,0,72,0,1008,0,1,77,196031,1446,0,73,0,0,0,LEADER,1,0,0,0,0,72
197670,83,adaptive-prasle,1637,1,0,0,72,0,1008,0,1,83,196033,1637,0,73,0,0,0,LEADER,1,0,0,0,0,72
197169,85,adaptive-prasle,2059,1,0,0,71,0,994,0,1,85,195110,2059,0,72,0,0,0,LEADER,1,0,0,0,0,71
197698,19,adaptive-prasle,1667,1,0,0,72,0,1008,0,1,19,196031,1667,0,73,0,0,0,LEADER,1,0,0,0,0,72
197853,65,adaptive-prasle,1822,1,0,0,72,0,1008,0,1,65,196031,1822,0,73,0,0,0,LEADER,1,0,0,0,0,72
197459,35,adaptive-prasle,1428,1,0,0,72,0,1008,0,1,35,196031,1428,0,73,0,0,0,LEADER,1,0,0,0,0,72
197474,86,adaptive-prasle,1443,1,0,0,72,0,1008,0,1,86,196031,1443,0,73,0,0,0,LEADER,1,0,0,0,0,72
197516,50,adaptive-prasle,2406,1,0,0,71,0,994,0,1,50,195110,2406,0,72,0,0,0,LEADER,1,0,0,0,0,71
197532,55,adaptive-prasle,1501,1,0,0,72,0,1008,0,1,55,196031,1501,0,73,0,0,0,LEADER,1,0,0,0,0,72
197571,63,adaptive-prasle,1540,1,0,0,72,0,1008,0,1,63,196031,1540,0,73,0,0,0,LEADER,1,0,0,0,0,72
197935,46,adaptive-prasle,1904,1,0,0,72,0,1008,0,1,46,196031,1904,0,73,0,0,0,LEADER,1,0,0,0,0,72
197730,53,adaptive-prasle,1701,1,0,0,72,0,1008,0,1,53,196029,1701,0,73,0,0,0,LEADER,1,0,0,0,0,72
197084,23,adaptive-prasle,1974,1,0,0,71,0,994,0,1,23,195110,1974,0,72,0,0,0,LEADER,1,0,0,0,0,71
197953,88,adaptive-prasle,1922,1,0,0,72,0,1008,0,1,88,196031,1922,0,73,0,0,0,LEADER,1,0,0,0,0,72
197480,34,adaptive-prasle,1449,1,0,0,72,0,1008,0,1,34,196031,1449,0,73,0,0,0,LEADER,1,0,0,0,0,72
197089,97,adaptive-prasle,1977,1,0,0,71,0,994,0,1,97,195112,1977,0,72,0,0,0,LEADER,1,0,0,0,0,71
197207,20,adaptive-prasle,2095,1,0,0,71,0,994,0,1,20,195112,2095,0,72,0,0,0,LEADER,1,0,0,0,0,71
197287,40,adaptive-prasle,2177,1,0,0,71,0,994,0,1,40,195110,2177,0,72,0,0,0,LEADER,1,0,0,0,0,71
197212,47,adaptive-prasle,2100,1,0,0,71,0,994,0,1,47,195112,2100,0,72,0,0,0,LEADER,1,0,0,0,0,71
198123,95,adaptive-prasle,2092,1,0,0,72,0,1008,0,1,95,196031,2092,0,73,0,0,0,LEADER,1,0,0,0,0,72
197505,25,adaptive-prasle,2395,1,0,0,71,0,994,0,1,25,195110,2395,0,72,0,0,0,LEADER,1,0,0,0,0,71
198111,84,adaptive-prasle,2080,1,0,0,72,0,1008,0,1,84,196031,2080,0,73,0,0,0,LEADER,1,0,0,0,0,72
197387,70,adaptive-prasle,2277,1,0,0,71,0,994,0,1,70,195110,2277,0,72,0,0,0,LEADER,1,0,0,0,0,71
197305,82,adaptive-prasle,2195,1,0,0,71,0,994,0,1,82,195110,2195,0,72,0,0,0,LEADER,1,0,0,0,0,71
197523,67,adaptive-prasle,2413,1,0,0,71,0,994,0,1,67,195110,2413,0,72,0,0,0,LEADER,1,0,0,0,0,71
197475,89,adaptive-prasle,2365,1,0,0,71,0,994,0,1,89,195110,2365,0,72,0,0,0,LEADER,1,0,0,0,0,71
198144,28,adaptive-prasle,2113,1,0,0,72,0,1008,0,1,28,196031,2113,0,73,0,0,0,LEADER,1,0,0,0,0,72
197888,68,adaptive-prasle,1855,1,0,0,72,0,1008,0,1,68,196033,1855,0,73,0,0,0,LEADER,1,0,0,0,0,72
197839,90,adaptive-prasle,1807,1,0,0,72,0,1008,0,1,90,196032,1807,0,73,0,0,0,LEADER,1,0,0,0,0,72
197499,76,adaptive-prasle,1468,1,0,0,72,0,1008,0,1,76,196031,1468,0,73,0,0,0,LEADER,1,0,0,0,0,72
198252,58,adaptive-prasle,2221,1,0,0,72,0,1008,0,1,58,196031,2221,0,73,0,0,0,LEADER,1,0,0,0,0,72
197820,10,adaptive-prasle,1789,1,0,0,72,0,1008,0,1,10,196031,1789,0,73,0,0,0,LEADER,1,0,0,0,0,72
197635,73,adaptive-prasle,1604,1,0,0,72,0,1008,0,1,73,196031,1604,0,73,0,0,0,LEADER,1,0,0,0,0,72
197375,59,adaptive-prasle,2265,1,0,0,71,0,994,0,1,59,195110,2265,0,72,0,0,0,LEADER,1,0,0,0,0,71
197650,41,adaptive-prasle,1619,1,0,0,72,0,1008,0,1,41,196031,1619,0,73,0,0,0,LEADER,1,0,0,0,0,72
197565,96,adaptive-prasle,1534,1,0,0,72,0,1008,0,1,96,196031,1534,0,73,0,0,0,LEADER,1,0,0,0,0,72
197866,74,adaptive-prasle,1837,1,0,0,72,0,1008,0,1,74,196029,1837,0,73,0,0,0,LEADER,1,0,0,0,0,72
197798,49,adaptive-prasle,1767,1,0,0,72,0,1008,0,1,49,196031,1767,0,73,0,0,0,LEADER,1,0,0,0,0,72
198259,92,adaptive-prasle,2228,1,0,0,72,0,1008,0,1,92,196031,2228,0,73,0,0,0,LEADER,1,0,0,0,0,72
197467,66,adaptive-prasle,1434,1,0,0,72,0,1008,0,1,66,196033,1434,0,73,0,0,0,LEADER,1,0,0,0,0,72
197490,57,adaptive-prasle,2380,1,0,0,71,0,994,0,1,57,195110,2380,0,72,0,0,0,LEADER,1,0,0,0,0,71
198291,78,adaptive-prasle,2260,1,0,0,72,0,1008,0,1,78,196031,2260,0,73,0,0,0,LEADER,1,0,0,0,0,72
197456,39,adaptive-prasle,2346,1,0,0,71,0,994,0,1,39,195110,2346,0,72,0,0,0,LEADER,1,0,0,0,0,71
198174,30,adaptive-prasle,2143,1,0,0,72,0,1008,0,1,30,196031,2143,0,73,0,0,0,LEADER,1,0,0,0,0,72
197580,64,adaptive-prasle,1549,1,0,0,72,0,1008,0,1,64,196031,1549,0,73,0,0,0,LEADER,1,0,0,0,0,72
197805,80,adaptive-prasle,1774,1,0,0,72,0,1008,0,1,80,196031,1774,0,73,0,0,0,LEADER,1,0,0,0,0,72
197541,54,adaptive-prasle,1516,1,0,0,72,0,1008,0,1,54,196025,1516,0,73,0,0,0,LEADER,1,0,0,0,0,72
198071,43,adaptive-prasle,2040,1,0,0,72,0,1008,0,1,43,196031,2040,0,73,0,0,0,LEADER,1,0,0,0,0,72
197991,26,adaptive-prasle,1960,1,0,0,72,0,1008,0,1,26,196031,1960,0,73,0,0,0,LEADER,1,0,0,0,0,72
197620,42,adaptive-prasle,1591,1,0,0,72,0,1008,0,1,42,196029,1591,0,73,0,0,0,LEADER,1,0,0,0,0,72
197629,31,adaptive-prasle,1598,1,0,0,72,0,1008,0,1,31,196031,1598,0,73,0,0,0,LEADER,1,0,0,0,0,72
198386,94,adaptive-prasle,2355,1,0,0,72,0,1008,0,1,94,196031,2355,0,73,0,0,0,LEADER,1,0,0,0,0,72
197956,45,adaptive-prasle,1925,1,0,0,72,0,1008,0,1,45,196031,1925,0,73,0,0,0,LEADER,1,0,0,0,0,72
198329,60,adaptive-prasle,2298,1,0,0,72,0,1008,0,1,60,196031,2298,0,73,0,0,0,LEADER,1,0,0,0,0,72
198434,44,adaptive-prasle,1483,1,0,0,72,0,1008,0,1,44,196951,1483,0,73,0,0,0,LEADER,1,0,0,0,0,72
197683,51,adaptive-prasle,1652,1,0,0,72,0,1008,0,1,51,196031,1652,0,73,0,0,0,LEADER,1,0,0,0,0,72
198482,22,adaptive-prasle,1531,1,0,0,72,0,1008,0,1,22,196951,1531,0,73,0,0,0,LEADER,1,0,0,0,0,72
198040,33,adaptive-prasle,2007,1,0,0,72,0,1008,0,1,33,196033,2007,0,73,0,0,0,LEADER,1,0,0,0,0,72
198195,72,adaptive-prasle,2162,1,0,0,72,0,1008,0,1,72,196033,2162,0,73,0,0,0,LEADER,1,0,0,0,0,72
197983,24,adaptive-prasle,1952,1,0,0,72,0,1008,0,1,24,196031,1952,0,73,0,0,0,LEADER,1,0,0,0,0,72
198514,32,adaptive-prasle,1564,1,0,0,72,0,1008,0,1,32,196950,1564,0,73,0,0,0,LEADER,1,0,0,0,0,72
197702,93,adaptive-prasle,1671,1,0,0,72,0,1008,0,1,93,196031,1671,0,73,0,0,0,LEADER,1,0,0,0,0,72
198376,69,adaptive-prasle,2343,1,0,0,72,0,1008,0,1,69,196033,2343,0,73,0,0,0,LEADER,1,0,0,0,0,72
198361,79,adaptive-prasle,2331,1,0,0,72,0,1008,0,1,79,196030,2331,0,73,0,0,0,LEADER,1,0,0,0,0,72
198056,75,adaptive-prasle,2025,1,0,0,72,0,1008,0,1,75,196031,2025,0,73,0,0,0,LEADER,1,0,0,0,0,72
197783,81,adaptive-prasle,1752,1,0,0,72,0,1008,0,1,81,196031,1752,0,73,0,0,0,LEADER,1,0,0,0,0,72
197641,52,adaptive-prasle,1610,1,0,0,72,0,1008,0,1,52,196031,1610,0,73,0,0,0,LEADER,1,0,0,0,0,72
198120,21,adaptive-prasle,2088,1,0,0,72,0,1008,0,1,21,196032,2088,0,73,0,0,0,LEADER,1,0,0,0,0,72
198296,29,adaptive-prasle,2265,1,0,0,72,0,1008,0,1,29,196031,2265,0,73,0,0,0,LEADER,1,0,0,0,0,72
197872,100,adaptive-prasle,1841,1,0,0,72,0,1008,0,1,100,196031,1841,0,73,0,0,0,LEADER,1,0,0,0,0,72
197717,61,adaptive-prasle,1686,1,0,0,72,0,1008,0,1,61,196031,1686,0,73,0,0,0,LEADER,1,0,0,0,0,72
198288,15,adaptive-prasle,2361,1,0,0,11,11,154,154,3,3,195927,2361,0,6,0,0,0,NORMAL,0,0,0,0,0,11
198281,91,adaptive-prasle,2250,1,0,0,72,0,1008,0,1,91,196031,2250,0,73,0,0,0,LEADER,1,0,0,0,0,72
198241,37,adaptive-prasle,2210,1,0,0,72,0,1008,0,1,37,196031,2210,0,73,0,0,0,LEADER,1,0,0,0,0,72
197784,38,adaptive-prasle,1755,1,0,0,72,0,1008,0,1,38,196029,1755,0,73,0,0,0,LEADER,1,0,0,0,0,72
198450,98,adaptive-prasle,2419,1,0,0,72,0,1008,0,1,98,196031,2419,0,73,0,0,0,LEADER,1,0,0,0,0,72
198310,27,adaptive-prasle,2280,1,0,0,72,0,1008,0,1,27,196030,2280,0,73,0,0,0,LEADER,1,0,0,0,0,72
198159,62,adaptive-prasle,2128,1,0,0,72,0,1008,0,1,62,196031,2128,0,73,0,0,0,LEADER,1,0,0,0,0,72
197968,56,adaptive-prasle,1937,1,0,0,72,0,1008,0,1,56,196031,1937,0,73,0,0,0,LEADER,1,0,0,0,0,72
198354,99,adaptive-prasle,2328,1,0,0,72,0,1008,0,1,99,196026,2328,0,73,0,0,0,LEADER,1,0,0,0,0,72
198235,48,adaptive-prasle,2202,1,0,0,72,0,1008,0,1,48,196033,2202,0,73,0,0,0,LEADER,1,0,0,0,0,72
197750,71,adaptive-prasle,1719,1,0,0,72,0,1008,0,1,71,196031,1719,0,73,0,0,0,LEADER,1,0,0,0,0,72
197975,87,adaptive-prasle,1944,1,0,0,72,0,1008,0,1,87,196031,1944,0,73,0,0,0,LEADER,1,0,0,0,0,72
197901,36,adaptive-prasle,1870,1,0,0,72,0,1008,0,1,36,196031,1870,0,73,0,0,0,LEADER,1,0,0,0,0,72
198397,77,adaptive-prasle,1446,1,0,0,72,0,1008,0,1,77,196951,1446,0,73,0,0,0,LEADER,1,0,0,0,0,72
198590,83,adaptive-prasle,1637,1,0,0,72,0,1008,0,1,83,196953,1637,0,73,0,0,0,LEADER,1,0,0,0,0,72
198090,85,adaptive-prasle,2059,1,0,0,72,0,1008,0,1,85,196031,2059,0,73,0,0,0,LEADER,1,0,0,0,0,72
198618,19,adaptive-prasle,1667,1,0,0,72,0,1008,0,1,19,196951,1667,0,73,0,0,0,LEADER,1,0,0,0,0,72
198773,65,adaptive-prasle,1822,1,0,0,72,0,1008,0,1,65,196951,1822,0,73,0,0,0,LEADER,1,0,0,0,0,72
198379,35,adaptive-prasle,1428,1,0,0,72,0,1008,0,1,35,196951,1428,0,73,0,0,0,LEADER,1,0,0,0,0,72
198394,86,adaptive-prasle,1443,1,0,0,72,0,1008,0,1,86,196951,1443,0,73,0,0,0,LEADER,1,0,0,0,0,72
198437,50,adaptive-prasle,2406,1,0,0,72,0,1008,0,1,50,196031,2406,0,73,0,0,0,LEADER,1,0,0,0,0,72
198452,55,adaptive-prasle,1501,1,0,0,72,0,1008,0,1,55,196951,1501,0,73,0,0,0,LEADER,1,0,0,0,0,72
198491,63,adaptive-prasle,1540,1,0,0,72,0,1008,0,1,63,196951,1540,0,73,0,0,0,LEADER,1,0,0,0,0,72
198855,46,adaptive-prasle,1904,1,0,0,72,0,1008,0,1,46,196951,1904,0,73,0,0,0,LEADER,1,0,0,0,0,72
198650,53,adaptive-prasle,1701,1,0,0,72,0,1008,0,1,53,196949,1701,0,73,0,0,0,LEADER,1,0,0,0,0,72
198005,23,adaptive-prasle,1974,1,0,0,72,0,1008,0,1,23,196031,1974,0,73,0,0,0,LEADER,1,0,0,0,0,72
198873,88,adaptive-prasle,1922,1,0,0,72,0,1008,0,1,88,196951,1922,0,73,0,0,0,LEADER,1,0,0,0,0,72
198400,34,adaptive-prasle,1449,1,0,0,72,0,1008,0,1,34,196951,1449,0,73,0,0,0,LEADER,1,0,0,0,0,72
198010,97,adaptive-prasle,1977,1,0,0,72,0,1008,0,1,97,196033,1977,0,73,0,0,0,LEADER,1,0,0,0,0,72
198128,20,adaptive-prasle,2095,1,0,0,72,0,1008,0,1,20,196033,2095,0,73,0,0,0,LEADER,1,0,0,0,0,72
198208,40,adaptive-prasle,2177,1,0,0,72,0,1008,0,1,40,196031,2177,0,73,0,0,0,LEADER,1,0,0,0,0,72
198133,47,adaptive-prasle,2100,1,0,0,72,0,1008,0,1,47,196033,2100,0,73,0,0,0,LEADER,1,0,0,0,0,72
199043,95,adaptive-prasle,2092,1,0,0,72,0,1008,0,1,95,196951,2092,0,73,0,0,0,LEADER,1,0,0,0,0,72
198426,25,adaptive-prasle,2395,1,0,0,72,0,1008,0,1,25,196031,2395,0,73,0,0,0,LEADER,1,0,0,0,0,72
199031,84,adaptive-prasle,2080,1,0,0,72,0,1008,0,1,84,196951,2080,0,73,0,0,0,LEADER,1,0,0,0,0,72
198308,70,adaptive-prasle,2277,1,0,0,72,0,1008,0,1,70,196031,2277,0,73,0,0,0,LEADER,1,0,0,0,0,72
198226,82,adaptive-prasle,2195,1,0,0,72,0,1008,0,1,82,196031,2195,0,73,0,0,0,LEADER,1,0,0,0,0,72
198444,67,adaptive-prasle,2413,1,0,0,72,0,1008,0,1,67,196031,2413,0,73,0,0,0,LEADER,1,0,0,0,0,72
198396,89,adaptive-prasle,2365,1,0,0,72,0,1008,0,1,89,196031,2365,0,73,0,0,0,LEADER,1,0,0,0,0,72
199064,28,adaptive-prasle,2113,1,0,0,72,0,1008,0,1,28,196951,2113,0,73,0,0,0,LEADER,1,0,0,0,0,72
198808,68,adaptive-prasle,1855,1,0,0,72,0,1008,0,1,68,196953,1855,0,73,0,0,0,LEADER,1,0,0,0,0,72
198759,90,adaptive-prasle,1807,1,0,0,72,0,1008,0,1,90,196952,1807,0,73,0,0,0,LEADER,1,0,0,0,0,72
198419,76,adaptive-prasle,1468,1,0,0,72,0,1008,0,1,76,196951,1468,0,73,0,0,0,LEADER,1,0,0,0,0,72
198740,10,adaptive-prasle,1789,1,0,0,72,0,1008,0,1,10,196951,1789,0,73,0,0,0,LEADER,1,0,0,0,0,72
199172,58,adaptive-prasle,2221,1,0,0,72,0,1008,0,1,58,196951,2221,0,73,0,0,0,LEADER,1,0,0,0,0,72
198555,73,adaptive-prasle,1604,1,0,0,72,0,1008,0,1,73,196951,1604,0,73,0,0,0,LEADER,1,0,0,0,0,72
198296,59,adaptive-prasle,2265,1,0,0,72,0,1008,0,1,59,196031,2265,0,73,0,0,0,LEADER,1,0,0,0,0,72
198570,41,adaptive-prasle,1619,1,0,0,72,0,1008,0,1,41,196951,1619,0,73,0,0,0,LEADER,1,0,0,0,0,72
198485,96,adaptive-prasle,1534,1,0,0,72,0,1008,0,1,96,196951,1534,0,73,0,0,0,LEADER,1,0,0,0,0,72
198786,74,adaptive-prasle,1837,1,0,0,72,0,1008,0,1,74,196949,1837,0,73,0,0,0,LEADER,1,0,0,0,0,72
198718,49,adaptive-prasle,1767,1,0,0,72,0,1008,0,1,49,196951,1767,0,73,0,0,0,LEADER,1,0,0,0,0,72
199179,92,adaptive-prasle,2228,1,0,0,72,0,1008,0,1,92,196951,2228,0,73,0,0,0,LEADER,1,0,0,0,0,72
198387,66,adaptive-prasle,1434,1,0,0,72,0,1008,0,1,66,196953,1434,0,73,0,0,0,LEADER,1,0,0,0,0,72
198411,57,adaptive-prasle,2380,1,0,0,72,0,1008,0,1,57,196031,2380,0,73,0,0,0,LEADER,1,0,0,0,0,72
199211,78,adaptive-prasle,2260,1,0,0,72,0,1008,0,1,78,196951,2260,0,73,0,0,0,LEADER,1,0,0,0,0,72
198377,39,adaptive-prasle,2346,1,0,0,72,0,1008,0,1,39,196031,2346,0,73,0,0,0,LEADER,1,0,0,0,0,72
199094,30,adaptive-prasle,2143,1,0,0,72,0,1008,0,1,30,196951,2143,0,73,0,0,0,LEADER,1,0,0,0,0,72
198500,64,adaptive-prasle,1549,1,0,0,72,0,1008,0,1,64,196951,1549,0,73,0,0,0,LEADER,1,0,0,0,0,72
198725,80,adaptive-prasle,1774,1,0,0,72,0,1008,0,1,80,196951,1774,0,73,0,0,0,LEADER,1,0,0,0,0,72
198461,54,adaptive-prasle,1516,1,0,0,72,0,1008,0,1,54,196945,1516,0,73,0,0,0,LEADER,1,0,0,0,0,72
198991,43,adaptive-prasle,2040,1,0,0,72,0,1008,0,1,43,196951,2040,0,73,0,0,0,LEADER,1,0,0,0,0,72
198911,26,adaptive-prasle,1960,1,0,0,72,0,1008,0,1,26,196951,1960,0,73,0,0,0,LEADER,1,0,0,0,0,72
198540,42,adaptive-prasle,1591,1,0,0,72,0,1008,0,1,42,196949,1591,0,73,0,0,0,LEADER,1,0,0,0,0,72
198549,31,adaptive-prasle,1598,1,0,0,72,0,1008,0,1,31,196951,1598,0,73,0,0,0,LEADER,1,0,0,0,0,72
199306,94,adaptive-prasle,2355,1,0,0,72,0,1008,0,1,94,196951,2355,0,73,0,0,0,LEADER,1,0,0,0,0,72
198876,45,adaptive-prasle,1925,1,0,0,72,0,1008,0,1,45,196951,1925,0,73,0,0,0,LEADER,1,0,0,0,0,72
199249,60,adaptive-prasle,2298,1,0,0,72,0,1008,0,1,60,196951,2298,0,73,0,0,0,LEADER,1,0,0,0,0,72
199354,44,adaptive-prasle,1483,1,0,0,72,0,1008,0,1,44,197871,1483,0,73,0,0,0,LEADER,1,0,0,0,0,72
198603,51,adaptive-prasle,1652,1,0,0,72,0,1008,0,1,51,196951,1652,0,73,0,0,0,LEADER,1,0,0,0,0,72
199402,22,adaptive-prasle,1531,1,0,0,72,0,1008,0,1,22,197871,1531,0,73,0,0,0,LEADER,1,0,0,0,0,72
198960,33,adaptive-prasle,2007,1,0,0,72,0,1008,0,1,33,196953,2007,0,73,0,0,0,LEADER,1,0,0,0,0,72
199115,72,adaptive-prasle,2162,1,0,0,72,0,1008,0,1,72,196953,2162,0,73,0,0,0,LEADER,1,0,0,0,0,72
198903,24,adaptive-prasle,1952,1,0,0,72,0,1008,0,1,24,196951,1952,0,73,0,0,0,LEADER,1,0,0,0,0,72
199434,32,adaptive-prasle,1564,1,0,0,72,0,1008,0,1,32,197870,1564,0,73,0,0,0,LEADER,1,0,0,0,0,72
198622,93,adaptive-prasle,1671,1,0,0,72,0,1008,0,1,93,196951,1671,0,73,0,0,0,LEADER,1,0,0,0,0,72
199281,79,adaptive-prasle,2331,1,0,0,72,0,1008,0,1,79,196950,2331,0,73,0,0,0,LEADER,1,0,0,0,0,72
199296,69,adaptive-prasle,2343,1,0,0,72,0,1008,0,1,69,196953,2343,0,73,0,0,0,LEADER,1,0,0,0,0,72
198976,75,adaptive-prasle,2025,1,0,0,72,0,1008,0,1,75,196951,2025,0,73,0,0,0,LEADER,1,0,0,0,0,72
198703,81,adaptive-prasle,1752,1,0,0,72,0,1008,0,1,81,196951,1752,0,73,0,0,0,LEADER,1,0,0,0,0,72
198561,52,adaptive-prasle,1610,1,0,0,72,0,1008,0,1,52,196951,1610,0,73,0,0,0,LEADER,1,0,0,0,0,72
199040,21,adaptive-prasle,2088,1,0,0,72,0,1008,0,1,21,196952,2088,0,73,0,0,0,LEADER,1,0,0,0,0,72
199216,29,adaptive-prasle,2265,1,0,0,72,0,1008,0,1,29,196951,2265,0,73,0,0,0,LEADER,1,0,0,0,0,72
198792,100,adaptive-prasle,1841,1,0,0,72,0,1008,0,1,100,196951,1841,0,73,0,0,0,LEADER,1,0,0,0,0,72
198637,61,adaptive-prasle,1686,1,0,0,72,0,1008,0,1,61,196951,1686,0,73,0,0,0,LEADER,1,0,0,0,0,72
199201,91,adaptive-prasle,2250,1,0,0,72,0,1008,0,1,91,196951,2250,0,73,0,0,0,LEADER,1,0,0,0,0,72
199161,37,adaptive-prasle,2210,1,0,0,72,0,1008,0,1,37,196951,2210,0,73,0,0,0,LEADER,1,0,0,0,0,72
198704,38,adaptive-prasle,1755,1,0,0,72,0,1008,0,1,38,196949,1755,0,73,0,0,0,LEADER,1,0,0,0,0,72
199370,98,adaptive-prasle,2419,1,0,0,72,0,1008,0,1,98,196951,2419,0,73,0,0,0,LEADER,1,0,0,0,0,72
199230,27,adaptive-prasle,2280,1,0,0,72,0,1008,0,1,27,196950,2280,0,73,0,0,0,LEADER,1,0,0,0,0,72
198888,56,adaptive-prasle,1937,1,0,0,72,0,1008,0,1,56,196951,1937,0,73,0,0,0,LEADER,1,0,0,0,0,72
199079,62,adaptive-prasle,2128,1,0,0,72,0,1008,0,1,62,196951,2128,0,73,0,0,0,LEADER,1,0,0,0,0,72
199274,99,adaptive-prasle,2328,1,0,0,72,0,1008,0,1,99,196946,2328,0,73,0,0,0,LEADER,1,0,0,0,0,72
199155,48,adaptive-prasle,2202,1,0,0,72,0,1008,0,1,48,196953,2202,0,73,0,0,0,LEADER,1,0,0,0,0,72
198670,71,adaptive-prasle,1719,1,0,0,72,0,1008,0,1,71,196951,1719,0,73,0,0,0,LEADER,1,0,0,0,0,72
198895,87,adaptive-prasle,1944,1,0,0,72,0,1008,0,1,87,196951,1944,0,73,0,0,0,LEADER,1,0,0,0,0,72
198821,36,adaptive-prasle,1870,1,0,0,72,0,1008,0,1,36,196951,1870,0,73,0,0,0,LEADER,1,0,0,0,0,72
199317,77,adaptive-prasle,1446,1,0,0,72,0,1008,0,1,77,197871,1446,0,73,0,0,0,LEADER,1,0,0,0,0,72
199510,83,adaptive-prasle,1637,1,0,0,72,0,1008,0,1,83,197873,1637,0,73,0,0,0,LEADER,1,0,0,0,0,72
199010,85,adaptive-prasle,2059,1,0,0,72,0,1008,0,1,85,196951,2059,0,73,0,0,0,LEADER,1,0,0,0,0,72
199538,19,adaptive-prasle,1667,1,0,0,72,0,1008,0,1,19,197871,1667,0,73,0,0,0,LEADER,1,0,0,0,0,72
199693,65,adaptive-prasle,1822,1,0,0,72,0,1008,0,1,65,197871,1822,0,73,0,0,0,LEADER,1,0,0,0,0,72
199299,35,adaptive-prasle,1428,1,0,0,72,0,1008,0,1,35,197871,1428,0,73,0,0,0,LEADER,1,0,0,0,0,72
199314,86,adaptive-prasle,1443,1,0,0,72,0,1008,0,1,86,197871,1443,0,73,0,0,0,LEADER,1,0,0,0,0,72
199357,50,adaptive-prasle,2406,1,0,0,72,0,1008,0,1,50,196951,2406,0,73,0,0,0,LEADER,1,0,0,0,0,72
199372,55,adaptive-prasle,1501,1,0,0,72,0,1008,0,1,55,197871,1501,0,73,0,0,0,LEADER,1,0,0,0,0,72
199411,63,adaptive-prasle,1540,1,0,0,72,0,1008,0,1,63,197871,1540,0,73,0,0,0,LEADER,1,0,0,0,0,72
199775,46,adaptive-prasle,1904,1,0,0,72,0,1008,0,1,46,197871,1904,0,73,0,0,0,LEADER,1,0,0,0,0,72
199570,53,adaptive-prasle,1701,1,0,0,72,0,1008,0,1,53,197869,1701,0,73,0,0,0,LEADER,1,0,0,0,0,72
198925,23,adaptive-prasle,1974,1,0,0,72,0,1008,0,1,23,196951,1974,0,73,0,0,0,LEADER,1,0,0,0,0,72
199793,88,adaptive-prasle,1922,1,0,0,72,0,1008,0,1,88,197871,1922,0,73,0,0,0,LEADER,1,0,0,0,0,72
199320,34,adaptive-prasle,1449,1,0,0,72,0,1008,0,1,34,197871,1449,0,73,0,0,0,LEADER,1,0,0,0,0,72
198930,97,adaptive-prasle,1977,1,0,0,72,0,1008,0,1,97,196953,1977,0,73,0,0,0,LEADER,1,0,0,0,0,72
199048,20,adaptive-prasle,2095,1,0,0,72,0,1008,0,1,20,196953,2095,0,73,0,0,0,LEADER,1,0,0,0,0,72
199128,40,adaptive-prasle,2177,1,0,0,72,0,1008,0,1,40,196951,2177,0,73,0,0,0,LEADER,1,0,0,0,0,72
199053,47,adaptive-prasle,2100,1,0,0,72,0,1008,0,1,47,196953,2100,0,73,0,0,0,LEADER,1,0,0,0,0,72
199963,95,adaptive-prasle,2092,1,0,0,72,0,1008,0,1,95,197871,2092,0,73,0,0,0,LEADER,1,0,0,0,0,72
199346,25,adaptive-prasle,2395,1,0,0,72,0,1008,0,1,25,196951,2395,0,73,0,0,0,LEADER,1,0,0,0,0,72
199951,84,adaptive-prasle,2080,1,0,0,72,0,1008,0,1,84,197871,2080,0,73,0,0,0,LEADER,1,0,0,0,0,72
199228,70,adaptive-prasle,2277,1,0,0,72,0,1008,0,1,70,196951,2277,0,73,0,0,0,LEADER,1,0,0,0,0,72
199146,82,adaptive-prasle,2195,1,0,0,72,0,1008,0,1,82,196951,2195,0,73,0,0,0,LEADER,1,0,0,0,0,72
199364,67,adaptive-prasle,2413,1,0,0,72,0,1008,0,1,67,196951,2413,0,73,0,0,0,LEADER,1,0,0,0,0,72
199316,89,adaptive-prasle,2365,1,0,0,72,0,1008,0,1,89,196951,2365,0,73,0,0,0,LEADER,1,0,0,0,0,72
199984,28,adaptive-prasle,2113,1,0,0,72,0,1008,0,1,28,197871,2113,0,73,0,0,0,LEADER,1,0,0,0,0,72
199728,68,adaptive-prasle,1855,1,0,0,72,0,1008,0,1,68,197873,1855,0,73,0,0,0,LEADER,1,0,0,0,0,72
199679,90,adaptive-prasle,1807,1,0,0,72,0,1008,0,1,90,197872,1807,0,73,0,0,0,LEADER,1,0,0,0,0,72
199339,76,adaptive-prasle,1468,1,0,0,72,0,1008,0,1,76,197871,1468,0,73,0,0,0,LEADER,1,0,0,0,0,72
199660,10,adaptive-prasle,1789,1,0,0,72,0,1008,0,1,10,197871,1789,0,73,0,0,0,LEADER,1,0,0,0,0,72
200092,58,adaptive-prasle,2221,1,0,0,72,0,1008,0,1,58,197871,2221,0,73,0,0,0,LEADER,1,0,0,0,0,72
199475,73,adaptive-prasle,1604,1,0,0,72,0,1008,0,1,73,197871,1604,0,73,0,0,0,LEADER,1,0,0,0,0,72
199216,59,adaptive-prasle,2265,1,0,0,72,0,1008,0,1,59,196951,2265,0,73,0,0,0,LEADER,1,0,0,0,0,72
199490,41,adaptive-prasle,1619,1,0,0,72,0,1008,0,1,41,197871,1619,0,73,0,0,0,LEADER,1,0,0,0,0,72
199405,96,adaptive-prasle,1534,1,0,0,72,0,1008,0,1,96,197871,1534,0,73,0,0,0,LEADER,1,0,0,0,0,72
199706,74,adaptive-prasle,1837,1,0,0,72,0,1008,0,1,74,197869,1837,0,73,0,0,0,LEADER,1,0,0,0,0,72
199638,49,adaptive-prasle,1767,1,0,0,72,0,1008,0,1,49,197871,1767,0,73,0,0,0,LEADER,1,0,0,0,0,72
200099,92,adaptive-prasle,2228,1,0,0,72,0,1008,0,1,92,197871,2228,0,73,0,0,0,LEADER,1,0,0,0,0,72
199307,66,adaptive-prasle,1434,1,0,0,72,0,1008,0,1,66,197873,1434,0,73,0,0,0,LEADER,1,0,0,0,0,72
199331,57,adaptive-prasle,2380,1,0,0,72,0,1008,0,1,57,196951,2380,0,73,0,0,0,LEADER,1,0,0,0,0,72
200131,78,adaptive-prasle,2260,1,0,0,72,0,1008,0,1,78,197871,2260,0,73,0,0,0,LEADER,1,0,0,0,0,72
199297,39,adaptive-prasle,2346,1,0,0,72,0,1008,0,1,39,196951,2346,0,73,0,0,0,LEADER,1,0,0,0,0,72
200014,30,adaptive-prasle,2143,1,0,0,72,0,1008,0,1,30,197871,2143,0,73,0,0,0,LEADER,1,0,0,0,0,72
199420,64,adaptive-prasle,1549,1,0,0,72,0,1008,0,1,64,197871,1549,0,73,0,0,0,LEADER,1,0,0,0,0,72
199645,80,adaptive-prasle,1774,1,0,0,72,0,1008,0,1,80,197871,1774,0,73,0,0,0,LEADER,1,0,0,0,0,72
199381,54,adaptive-prasle,1516,1,0,0,72,0,1008,0,1,54,197865,1516,0,73,0,0,0,LEADER,1,0,0,0,0,72
199911,43,adaptive-prasle,2040,1,0,0,72,0,1008,0,1,43,197871,2040,0,73,0,0,0,LEADER,1,0,0,0,0,72
199831,26,adaptive-prasle,1960,1,0,0,72,0,1008,0,1,26,197871,1960,0,73,0,0,0,LEADER,1,0,0,0,0,72
199460,42,adaptive-prasle,1591,1,0,0,72,0,1008,0,1,42,197869,1591,0,73,0,0,0,LEADER,1,0,0,0,0,72
199890,16,adaptive-prasle,1805,1,0,0,16,13,224,182,5,3,198085,1805,0,6,0,0,0,NORMAL,0,0,0,0,0,16
199469,31,adaptive-prasle,1598,1,0,0,72,0,1008,0,1,31,197871,1598,0,73,0,0,0,LEADER,1,0,0,0,0,72
200226,94,adaptive-prasle,2355,1,0,0,72,0,1008,0,1,94,197871,2355,0,73,0,0,0,LEADER,1,0,0,0,0,72
199796,45,adaptive-prasle,1925,1,0,0,72,0,1008,0,1,45,197871,1925,0,73,0,0,0,LEADER,1,0,0,0,0,72
200169,60,adaptive-prasle,2298,1,0,0,72,0,1008,0,1,60,197871,2298,0,73,0,0,0,LEADER,1,0,0,0,0,72
200275,44,adaptive-prasle,1483,1,0,0,73,0,1022,0,1,44,198792,1483,0,74,0,0,0,LEADER,1,0,0,0,0,73
199523,51,adaptive-prasle,1652,1,0,0,72,0,1008,0,1,51,197871,1652,0,73,0,0,0,LEADER,1,0,0,0,0,72
199880,33,adaptive-prasle,2007,1,0,0,72,0,1008,0,1,33,197873,2007,0,73,0,0,0,LEADER,1,0,0,0,0,72
200323,22,adaptive-prasle,1531,1,0,0,73,0,1022,0,1,22,198792,1531,0,74,0,0,0,LEADER,1,0,0,0,0,73
200035,72,adaptive-prasle,2162,1,0,0,72,0,1008,0,1,72,197873,2162,0,73,0,0,0,LEADER,1,0,0,0,0,72
199823,24,adaptive-prasle,1952,1,0,0,72,0,1008,0,1,24,197871,1952,0,73,0,0,0,LEADER,1,0,0,0,0,72
200355,32,adaptive-prasle,1564,1,0,0,73,0,1022,0,1,32,198791,1564,0,74,0,0,0,LEADER,1,0,0,0,0,73
199542,93,adaptive-prasle,1671,1,0,0,72,0,1008,0,1,93,197871,1671,0,73,0,0,0,LEADER,1,0,0,0,0,72
200201,79,adaptive-prasle,2331,1,0,0,72,0,1008,0,1,79,197870,2331,0,73,0,0,0,LEADER,1,0,0,0,0,72
200216,69,adaptive-prasle,2343,1,0,0,72,0,1008,0,1,69,197873,2343,0,73,0,0,0,LEADER,1,0,0,0,0,72
199896,75,adaptive-prasle,2025,1,0,0,72,0,1008,0,1,75,197871,2025,0,73,0,0,0,LEADER,1,0,0,0,0,72
199623,81,adaptive-prasle,1752,1,0,0,72,0,1008,0,1,81,197871,1752,0,73,0,0,0,LEADER,1,0,0,0,0,72
199481,52,adaptive-prasle,1610,1,0,0,72,0,1008,0,1,52,197871,1610,0,73,0,0,0,LEADER,1,0,0,0,0,72
199960,21,adaptive-prasle,2088,1,0,0,72,0,1008,0,1,21,197872,2088,0,73,0,0,0,LEADER,1,0,0,0,0,72
200136,29,adaptive-prasle,2265,1,0,0,72,0,1008,0,1,29,197871,2265,0,73,0,0,0,LEADER,1,0,0,0,0,72
199712,100,adaptive-prasle,1841,1,0,0,72,0,1008,0,1,100,197871,1841,0,73,0,0,0,LEADER,1,0,0,0,0,72
199557,61,adaptive-prasle,1686,1,0,0,72,0,1008,0,1,61,197871,1686,0,73,0,0,0,LEADER,1,0,0,0,0,72
200121,91,adaptive-prasle,2250,1,0,0,72,0,1008,0,1,91,197871,2250,0,73,0,0,0,LEADER,1,0,0,0,0,72
200081,37,adaptive-prasle,2210,1,0,0,72,0,1008,0,1,37,197871,2210,0,73,0,0,0,LEADER,1,0,0,0,0,72
199624,38,adaptive-prasle,1755,1,0,0,72,0,1008,0,1,38,197869,1755,0,73,0,0,0,LEADER,1,0,0,0,0,72
200290,98,adaptive-prasle,2419,1,0,0,72,0,1008,0,1,98,197871,2419,0,73,0,0,0,LEADER,1,0,0,0,0,72
200150,27,adaptive-prasle,2280,1,0,0,72,0,1008,0,1,27,197870,2280,0,73,0,0,0,LEADER,1,0,0,0,0,72
199999,62,adaptive-prasle,2128,1,0,0,72,0,1008,0,1,62,197871,2128,0,73,0,0,0,LEADER,1,0,0,0,0,72
199808,56,adaptive-prasle,1937,1,0,0,72,0,1008,0,1,56,197871,1937,0,73,0,0,0,LEADER,1,0,0,0,0,72
200194,99,adaptive-prasle,2328,1,0,0,72,0,1008,0,1,99,197866,2328,0,73,0,0,0,LEADER,1,0,0,0,0,72
200075,48,adaptive-prasle,2202,1,0,0,72,0,1008,0,1,48,197873,2202,0,73,0,0,0,LEADER,1,0,0,0,0,72
199590,71,adaptive-prasle,1719,1,0,0,72,0,1008,0,1,71,197871,1719,0,73,0,0,0,LEADER,1,0,0,0,0,72
199815,87,adaptive-prasle,1944,1,0,0,72,0,1008,0,1,87,197871,1944,0,73,0,0,0,LEADER,1,0,0,0,0,72
199741,36,adaptive-prasle,1870,1,0,0,72,0,1008,0,1,36,197871,1870,0,73,0,0,0,LEADER,1,0,0,0,0,72
200238,77,adaptive-prasle,1446,1,0,0,73,0,1022,0,1,77,198792,1446,0,74,0,0,0,LEADER,1,0,0,0,0,73
200431,83,adaptive-prasle,1637,1,0,0,73,0,1022,0,1,83,198794,1637,0,74,0,0,0,LEADER,1,0,0,0,0,73
199930,85,adaptive-prasle,2059,1,0,0,72,0,1008,0,1,85,197871,2059,0,73,0,0,0,LEADER,1,0,0,0,0,72
200459,19,adaptive-prasle,1667,1,0,0,73,0,1022,0,1,19,198792,1667,0,74,0,0,0,LEADER,1,0,0,0,0,73
200614,65,adaptive-prasle,1822,1,0,0,73,0,1022,0,1,65,198792,1822,0,74,0,0,0,LEADER,1,0,0,0,0,73
200220,35,adaptive-prasle,1428,1,0,0,73,0,1022,0,1,35,198792,1428,0,74,0,0,0,LEADER,1,0,0,0,0,73
200235,86,adaptive-prasle,1443,1,0,0,73,0,1022,0,1,86,198792,1443,0,74,0,0,0,LEADER,1,0,0,0,0,73
200277,50,adaptive-prasle,2406,1,0,0,72,0,1008,0,1,50,197871,2406,0,73,0,0,0,LEADER,1,0,0,0,0,72
200293,55,adaptive-prasle,1501,1,0,0,73,0,1022,0,1,55,198792,1501,0,74,0,0,0,LEADER,1,0,0,0,0,73
200332,63,adaptive-prasle,1540,1,0,0,73,0,1022,0,1,63,198792,1540,0,74,0,0,0,LEADER,1,0,0,0,0,73
200696,46,adaptive-prasle,1904,1,0,0,73,0,1022,0,1,46,198792,1904,0,74,0,0,0,LEADER,1,0,0,0,0,73
200491,53,adaptive-prasle,1701,1,0,0,73,0,1022,0,1,53,198790,1701,0,74,0,0,0,LEADER,1,0,0,0,0,73
199845,23,adaptive-prasle,1974,1,0,0,72,0,1008,0,1,23,197871,1974,0,73,0,0,0,LEADER,1,0,0,0,0,72
200714,88,adaptive-prasle,1922,1,0,0,73,0,1022,0,1,88,198792,1922,0,74,0,0,0,LEADER,1,0,0,0,0,73
200241,34,adaptive-prasle,1449,1,0,0,73,0,1022,0,1,34,198792,1449,0,74,0,0,0,LEADER,1,0,0,0,0,73
199850,97,adaptive-prasle,1977,1,0,0,72,0,1008,0,1,97,197873,1977,0,73,0,0,0,LEADER,1,0,0,0,0,72
199968,20,adaptive-prasle,2095,1,0,0,72,0,1008,0,1,20,197873,2095,0,73,0,0,0,LEADER,1,0,0,0,0,72
200048,40,adaptive-prasle,2177,1,0,0,72,0,1008,0,1,40,197871,2177,0,73,0,0,0,LEADER,1,0,0,0,0,72
199973,47,adaptive-prasle,2100,1,0,0,72,0,1008,0,1,47,197873,2100,0,73,0,0,0,LEADER,1,0,0,0,0,72
200884,95,adaptive-prasle,2092,1,0,0,73,0,1022,0,1,95,198792,2092,0,74,0,0,0,LEADER,1,0,0,0,0,73
200266,25,adaptive-prasle,2395,1,0,0,72,0,1008,0,1,25,197871,2395,0,73,0,0,0,LEADER,1,0,0,0,0,72
200872,84,adaptive-prasle,2080,1,0,0,73,0,1022,0,1,84,198792,2080,0,74,0,0,0,LEADER,1,0,0,0,0,73
200148,70,adaptive-prasle,2277,1,0,0,72,0,1008,0,1,70,197871,2277,0,73,0,0,0,LEADER,1,0,0,0,0,72
200066,82,adaptive-prasle,2195,1,0,0,72,0,1008,0,1,82,197871,2195,0,73,0,0,0,LEADER,1,0,0,0,0,72
200284,67,adaptive-prasle,2413,1,0,0,72,0,1008,0,1,67,197871,2413,0,73,0,0,0,LEADER,1,0,0,0,0,72
200236,89,adaptive-prasle,2365,1,0,0,72,0,1008,0,1,89,197871,2365,0,73,0,0,0,LEADER,1,0,0,0,0,72
200905,28,adaptive-prasle,2113,1,0,0,73,0,1022,0,1,28,198792,2113,0,74,0,0,0,LEADER,1,0,0,0,0,73
200649,68,adaptive-prasle,1855,1,0,0,73,0,1022,0,1,68,198794,1855,0,74,0,0,0,LEADER,1,0,0,0,0,73
200600,90,adaptive-prasle,1807,1,0,0,73,0,1022,0,1,90,198793,1807,0,74,0,0,0,LEADER,1,0,0,0,0,73
200260,76,adaptive-prasle,1468,1,0,0,73,0,1022,0,1,76,198792,1468,0,74,0,0,0,LEADER,1,0,0,0,0,73
200581,10,adaptive-prasle,1789,1,0,0,73,0,1022,0,1,10,198792,1789,0,74,0,0,0,LEADER,1,0,0,0,0,73
201013,58,adaptive-prasle,2221,1,0,0,73,0,1022,0,1,58,198792,2221,0,74,0,0,0,LEADER,1,0,0,0,0,73
200396,73,adaptive-prasle,1604,1,0,0,73,0,1022,0,1,73,198792,1604,0,74,0,0,0,LEADER,1,0,0,0,0,73
200136,59,adaptive-prasle,2265,1,0,0,72,0,1008,0,1,59,197871,2265,0,73,0,0,0,LEADER,1,0,0,0,0,72
200411,41,adaptive-prasle,1619,1,0,0,73,0,1022,0,1,41,198792,1619,0,74,0,0,0,LEADER,1,0,0,0,0,73
200326,96,adaptive-prasle,1534,1,0,0,73,0,1022,0,1,96,198792,1534,0,74,0,0,0,LEADER,1,0,0,0,0,73
200627,74,adaptive-prasle,1837,1,0,0,73,0,1022,0,1,74,198790,1837,0,74,0,0,0,LEADER,1,0,0,0,0,73
200559,49,adaptive-prasle,1767,1,0,0,73,0,1022,0,1,49,198792,1767,0,74,0,0,0,LEADER,1,0,0,0,0,73
200817,2,adaptive-prasle,1819,1,0,0,8,16,112,224,2,2,198998,1819,0,7,0,0,0,LEADER,1,0,0,0,0,8
201020,92,adaptive-prasle,2228,1,0,0,73,0,1022,0,1,92,198792,2228,0,74,0,0,0,LEADER,1,0,0,0,0,73
200228,66,adaptive-prasle,1434,1,0,0,73,0,1022,0,1,66,198794,1434,0,74,0,0,0,LEADER,1,0,0,0,0,73
200251,57,adaptive-prasle,2380,1,0,0,72,0,1008,0,1,57,197871,2380,0,73,0,0,0,LEADER,1,0,0,0,0,72
201052,78,adaptive-prasle,2260,1,0,0,73,0,1022,0,1,78,198792,2260,0,74,0,0,0,LEADER,1,0,0,0,0,73
200217,39,adaptive-prasle,2346,1,0,0,72,0,1008,0,1,39,197871,2346,0,73,0,0,0,LEADER,1,0,0,0,0,72
200935,30,adaptive-prasle,2143,1,0,0,73,0,1022,0,1,30,198792,2143,0,74,0,0,0,LEADER,1,0,0,0,0,73
200341,64,adaptive-prasle,1549,1,0,0,73,0,1022,0,1,64,198792,1549,0,74,0,0,0,LEADER,1,0,0,0,0,73
200566,80,adaptive-prasle,1774,1,0,0,73,0,1022,0,1,80,198792,1774,0,74,0,0,0,LEADER,1,0,0,0,0,73
200302,54,adaptive-prasle,1516,1,0,0,73,0,1022,0,1,54,198786,1516,0,74,0,0,0,LEADER,1,0,0,0,0,73
200832,43,adaptive-prasle,2040,1,0,0,73,0,1022,0,1,43,198792,2040,0,74,0,0,0,LEADER,1,0,0,0,0,73
200752,26,adaptive-prasle,1960,1,0,0,73,0,1022,0,1,26,198792,1960,0,74,0,0,0,LEADER,1,0,0,0,0,73
200381,42,adaptive-prasle,1591,1,0,0,73,0,1022,0,1,42,198790,1591,0,74,0,0,0,LEADER,1,0,0,0,0,73
200390,31,adaptive-prasle,1598,1,0,0,73,0,1022,0,1,31,198792,1598,0,74,0,0,0,LEADER,1,0,0,0,0,73
201147,94,adaptive-prasle,2355,1,0,0,73,0,1022,0,1,94,198792,2355,0,74,0,0,0,LEADER,1,0,0,0,0,73
200717,45,adaptive-prasle,1925,1,0,0,73,0,1022,0,1,45,198792,1925,0,74,0,0,0,LEADER,1,0,0,0,0,73
201090,60,adaptive-prasle,2298,1,0,0,73,0,1022,0,1,60,198792,2298,0,74,0,0,0,LEADER,1,0,0,0,0,73
201195,44,adaptive-prasle,1483,1,0,0,73,0,1022,0,1,44,199712,1483,0,74,0,0,0,LEADER,1,0,0,0,0,73
200444,51,adaptive-prasle,1652,1,0,0,73,0,1022,0,1,51,198792,1652,0,74,0,0,0,LEADER,1,0,0,0,0,73
201243,22,adaptive-prasle,1531,1,0,0,73,0,1022,0,1,22,199712,1531,0,74,0,0,0,LEADER,1,0,0,0,0,73
200801,33,adaptive-prasle,2007,1,0,0,73,0,1022,0,1,33,198794,2007,0,74,0,0,0,LEADER,1,0,0,0,0,73
200956,72,adaptive-prasle,2162,1,0,0,73,0,1022,0,1,72,198794,2162,0,74,0,0,0,LEADER,1,0,0,0,0,73
200744,24,adaptive-prasle,1952,1,0,0,73,0,1022,0,1,24,198792,1952,0,74,0,0,0,LEADER,1,0,0,0,0,73
201275,32,adaptive-prasle,1564,1,0,0,73,0,1022,0,1,32,199711,1564,0,74,0,0,0,LEADER,1,0,0,0,0,73
200463,93,adaptive-prasle,1671,1,0,0,73,0,1022,0,1,93,198792,1671,0,74,0,0,0,LEADER,1,0,0,0,0,73
201137,69,adaptive-prasle,2343,1,0,0,73,0,1022,0,1,69,198794,2343,0,74,0,0,0,LEADER,1,0,0,0,0,73
201122,79,adaptive-prasle,2331,1,0,0,73,0,1022,0,1,79,198791,2331,0,74,0,0,0,LEADER,1,0,0,0,0,73
200817,75,adaptive-prasle,2025,1,0,0,73,0,1022,0,1,75,198792,2025,0,74,0,0,0,LEADER,1,0,0,0,0,73
200544,81,adaptive-prasle,1752,1,0,0,73,0,1022,0,1,81,198792,1752,0,74,0,0,0,LEADER,1,0,0,0,0,73
200402,52,adaptive-prasle,1610,1,0,0,73,0,1022,0,1,52,198792,1610,0,74,0,0,0,LEADER,1,0,0,0,0,73
201057,29,adaptive-prasle,2265,1,0,0,73,0,1022,0,1,29,198792,2265,0,74,0,0,0,LEADER,1,0,0,0,0,73
200881,21,adaptive-prasle,2088,1,0,0,73,0,1022,0,1,21,198793,2088,0,74,0,0,0,LEADER,1,0,0,0,0,73
200633,100,adaptive-prasle,1841,1,0,0,73,0,1022,0,1,100,198792,1841,0,74,0,0,0,LEADER,1,0,0,0,0,73
200478,61,adaptive-prasle,1686,1,0,0,73,0,1022,0,1,61,198792,1686,0,74,0,0,0,LEADER,1,0,0,0,0,73
201042,91,adaptive-prasle,2250,1,0,0,73,0,1022,0,1,91,198792,2250,0,74,0,0,0,LEADER,1,0,0,0,0,73
201002,37,adaptive-prasle,2210,1,0,0,73,0,1022,0,1,37,198792,2210,0,74,0,0,0,LEADER,1,0,0,0,0,73
200545,38,adaptive-prasle,1755,1,0,0,73,0,1022,0,1,38,198790,1755,0,74,0,0,0,LEADER,1,0,0,0,0,73
201335,1,adaptive-prasle,2022,1,0,0,7,8,98,112,1,1,199313,2022,0,8,0,0,0,LEADER,1,0,0,0,0,7
201211,98,adaptive-prasle,2419,1,0,0,73,0,1022,0,1,98,198792,2419,0,74,0,0,0,LEADER,1,0,0,0,0,73
201071,27,adaptive-prasle,2280,1,0,0,73,0,1022,0,1,27,198791,2280,0,74,0,0,0,LEADER,1,0,0,0,0,73
200920,62,adaptive-prasle,2128,1,0,0,73,0,1022,0,1,62,198792,2128,0,74,0,0,0,LEADER,1,0,0,0,0,73
200729,56,adaptive-prasle,1937,1,0,0,73,0,1022,0,1,56,198792,1937,0,74,0,0,0,LEADER,1,0,0,0,0,73
201115,99,adaptive-prasle,2328,1,0,0,73,0,1022,0,1,99,198787,2328,0,74,0,0,0,LEADER,1,0,0,0,0,73
200996,48,adaptive-prasle,2202,1,0,0,73,0,1022,0,1,48,198794,2202,0,74,0,0,0,LEADER,1,0,0,0,0,73
200511,71,adaptive-prasle,1719,1,0,0,73,0,1022,0,1,71,198792,1719,0,74,0,0,0,LEADER,1,0,0,0,0,73
200736,87,adaptive-prasle,1944,1,0,0,73,0,1022,0,1,87,198792,1944,0,74,0,0,0,LEADER,1,0,0,0,0,73
200662,36,adaptive-prasle,1870,1,0,0,73,0,1022,0,1,36,198792,1870,0,74,0,0,0,LEADER,1,0,0,0,0,73
201158,77,adaptive-prasle,1446,1,0,0,73,0,1022,0,1,77,199712,1446,0,74,0,0,0,LEADER,1,0,0,0,0,73
201351,83,adaptive-prasle,1637,1,0,0,73,0,1022,0,1,83,199714,1637,0,74,0,0,0,LEADER,1,0,0,0,0,73
200851,85,adaptive-prasle,2059,1,0,0,73,0,1022,0,1,85,198792,2059,0,74,0,0,0,LEADER,1,0,0,0,0,73
201379,19,adaptive-prasle,1667,1,0,0,73,0,1022,0,1,19,199712,1667,0,74,0,0,0,LEADER,1,0,0,0,0,73
201534,65,adaptive-prasle,1822,1,0,0,73,0,1022,0,1,65,199712,1822,0,74,0,0,0,LEADER,1,0,0,0,0,73
201140,35,adaptive-prasle,1428,1,0,0,73,0,1022,0,1,35,199712,1428,0,74,0,0,0,LEADER,1,0,0,0,0,73
201155,86,adaptive-prasle,1443,1,0,0,73,0,1022,0,1,86,199712,1443,0,74,0,0,0,LEADER,1,0,0,0,0,73
201198,50,adaptive-prasle,2406,1,0,0,73,0,1022,0,1,50,198792,2406,0,74,0,0,0,LEADER,1,0,0,0,0,73
201213,55,adaptive-prasle,1501,1,0,0,73,0,1022,0,1,55,199712,1501,0,74,0,0,0,LEADER,1,0,0,0,0,73
201252,63,adaptive-prasle,1540,1,0,0,73,0,1022,0,1,63,199712,1540,0,74,0,0,0,LEADER,1,0,0,0,0,73
201616,46,adaptive-prasle,1904,1,0,0,73,0,1022,0,1,46,199712,1904,0,74,0,0,0,LEADER,1,0,0,0,0,73
201411,53,adaptive-prasle,1701,1,0,0,73,0,1022,0,1,53,199710,1701,0,74,0,0,0,LEADER,1,0,0,0,0,73
200766,23,adaptive-prasle,1974,1,0,0,73,0,1022,0,1,23,198792,1974,0,74,0,0,0,LEADER,1,0,0,0,0,73
201634,88,adaptive-prasle,1922,1,0,0,73,0,1022,0,1,88,199712,1922,0,74,0,0,0,LEADER,1,0,0,0,0,73
201161,34,adaptive-prasle,1449,1,0,0,73,0,1022,0,1,34,199712,1449,0,74,0,0,0,LEADER,1,0,0,0,0,73
200771,97,adaptive-prasle,1977,1,0,0,73,0,1022,0,1,97,198794,1977,0,74,0,0,0,LEADER,1,0,0,0,0,73
200889,20,adaptive-prasle,2095,1,0,0,73,0,1022,0,1,20,198794,2095,0,74,0,0,0,LEADER,1,0,0,0,0,73
200969,40,adaptive-prasle,2177,1,0,0,73,0,1022,0,1,40,198792,2177,0,74,0,0,0,LEADER,1,0,0,0,0,73
200894,47,adaptive-prasle,2100,1,0,0,73,0,1022,0,1,47,198794,2100,0,74,0,0,0,LEADER,1,0,0,0,0,73
201804,95,adaptive-prasle,2092,1,0,0,73,0,1022,0,1,95,199712,2092,0,74,0,0,0,LEADER,1,0,0,0,0,73
201187,25,adaptive-prasle,2395,1,0,0,73,0,1022,0,1,25,198792,2395,0,74,0,0,0,LEADER,1,0,0,0,0,73
201792,84,adaptive-prasle,2080,1,0,0,73,0,1022,0,1,84,199712,2080,0,74,0,0,0,LEADER,1,0,0,0,0,73
201069,70,adaptive-prasle,2277,1,0,0,73,0,1022,0,1,70,198792,2277,0,74,0,0,0,LEADER,1,0,0,0,0,73
200987,82,adaptive-prasle,2195,1,0,0,73,0,1022,0,1,82,198792,2195,0,74,0,0,0,LEADER,1,0,0,0,0,73
201205,67,adaptive-prasle,2413,1,0,0,73,0,1022,0,1,67,198792,2413,0,74,0,0,0,LEADER,1,0,0,0,0,73
201157,89,adaptive-prasle,2365,1,0,0,73,0,1022,0,1,89,198792,2365,0,74,0,0,0,LEADER,1,0,0,0,0,73
201825,28,adaptive-prasle,2113,1,0,0,73,0,1022,0,1,28,199712,2113,0,74,0,0,0,LEADER,1,0,0,0,0,73
201569,68,adaptive-prasle,1855,1,0,0,73,0,1022,0,1,68,199714,1855,0,74,0,0,0,LEADER,1,0,0,0,0,73
201520,90,adaptive-prasle,1807,1,0,0,73,0,1022,0,1,90,199713,1807,0,74,0,0,0,LEADER,1,0,0,0,0,73
201180,76,adaptive-prasle,1468,1,0,0,73,0,1022,0,1,76,199712,1468,0,74,0,0,0,LEADER,1,0,0,0,0,73
201501,10,adaptive-prasle,1789,1,0,0,73,0,1022,0,1,10,199712,1789,0,74,0,0,0,LEADER,1,0,0,0,0,73
201933,58,adaptive-prasle,2221,1,0,0,73,0,1022,0,1,58,199712,2221,0,74,0,0,0,LEADER,1,0,0,0,0,73
201316,73,adaptive-prasle,1604,1,0,0,73,0,1022,0,1,73,199712,1604,0,74,0,0,0,LEADER,1,0,0,0,0,73
201057,59,adaptive-prasle,2265,1,0,0,73,0,1022,0,1,59,198792,2265,0,74,0,0,0,LEADER,1,0,0,0,0,73
201331,41,adaptive-prasle,1619,1,0,0,73,0,1022,0,1,41,199712,1619,0,74,0,0,0,LEADER,1,0,0,0,0,73
201246,96,adaptive-prasle,1534,1,0,0,73,0,1022,0,1,96,199712,1534,0,74,0,0,0,LEADER,1,0,0,0,0,73
201547,74,adaptive-prasle,1837,1,0,0,73,0,1022,0,1,74,199710,1837,0,74,0,0,0,LEADER,1,0,0,0,0,73
201479,49,adaptive-prasle,1767,1,0,0,73,0,1022,0,1,49,199712,1767,0,74,0,0,0,LEADER,1,0,0,0,0,73
201940,92,adaptive-prasle,2228,1,0,0,73,0,1022,0,1,92,199712,2228,0,74,0,0,0,LEADER,1,0,0,0,0,73
201148,66,adaptive-prasle,1434,1,0,0,73,0,1022,0,1,66,199714,1434,0,74,0,0,0,LEADER,1,0,0,0,0,73
201172,57,adaptive-prasle,2380,1,0,0,73,0,1022,0,1,57,198792,2380,0,74,0,0,0,LEADER,1,0,0,0,0,73
201972,78,adaptive-prasle,2260,1,0,0,73,0,1022,0,1,78,199712,2260,0,74,0,0,0,LEADER,1,0,0,0,0,73
201138,39,adaptive-prasle,2346,1,0,0,73,0,1022,0,1,39,198792,2346,0,74,0,0,0,LEADER,1,0,0,0,0,73
201855,30,adaptive-prasle,2143,1,0,0,73,0,1022,0,1,30,199712,2143,0,74,0,0,0,LEADER,1,0,0,0,0,73
201261,64,adaptive-prasle,1549,1,0,0,73,0,1022,0,1,64,199712,1549,0,74,0,0,0,LEADER,1,0,0,0,0,73
201486,80,adaptive-prasle,1774,1,0,0,73,0,1022,0,1,80,199712,1774,0,74,0,0,0,LEADER,1,0,0,0,0,73
201222,54,adaptive-prasle,1516,1,0,0,73,0,1022,0,1,54,199706,1516,0,74,0,0,0,LEADER,1,0,0,0,0,73
201752,43,adaptive-prasle,2040,1,0,0,73,0,1022,0,1,43,199712,2040,0,74,0,0,0,LEADER,1,0,0,0,0,73
201672,26,adaptive-prasle,1960,1,0,0,73,0,1022,0,1,26,199712,1960,0,74,0,0,0,LEADER,1,0,0,0,0,73
201301,42,adaptive-prasle,1591,1,0,0,73,0,1022,0,1,42,199710,1591,0,74,0,0,0,LEADER,1,0,0,0,0,73
201310,31,adaptive-prasle,1598,1,0,0,73,0,1022,0,1,31,199712,1598,0,74,0,0,0,LEADER,1,0,0,0,0,73
202067,94,adaptive-prasle,2355,1,0,0,73,0,1022,0,1,94,199712,2355,0,74,0,0,0,LEADER,1,0,0,0,0,73
201637,45,adaptive-prasle,1925,1,0,0,73,0,1022,0,1,45,199712,1925,0,74,0,0,0,LEADER,1,0,0,0,0,73
202010,60,adaptive-prasle,2298,1,0,0,73,0,1022,0,1,60,199712,2298,0,74,0,0,0,LEADER,1,0,0,0,0,73
202115,44,adaptive-prasle,1483,1,0,0,73,0,1022,0,1,44,200632,1483,0,74,0,0,0,LEADER,1,0,0,0,0,73
201364,51,adaptive-prasle,1652,1,0,0,73,0,1022,0,1,51,199712,1652,0,74,0,0,0,LEADER,1,0,0,0,0,73
202163,22,adaptive-prasle,1531,1,0,0,73,0,1022,0,1,22,200632,1531,0,74,0,0,0,LEADER,1,0,0,0,0,73
201721,33,adaptive-prasle,2007,1,0,0,73,0,1022,0,1,33,199714,2007,0,74,0,0,0,LEADER,1,0,0,0,0,73
201876,72,adaptive-prasle,2162,1,0,0,73,0,1022,0,1,72,199714,2162,0,74,0,0,0,LEADER,1,0,0,0,0,73
201664,24,adaptive-prasle,1952,1,0,0,73,0,1022,0,1,24,199712,1952,0,74,0,0,0,LEADER,1,0,0,0,0,73
202195,32,adaptive-prasle,1564,1,0,0,73,0,1022,0,1,32,200631,1564,0,74,0,0,0,LEADER,1,0,0,0,0,73
201383,93,adaptive-prasle,1671,1,0,0,73,0,1022,0,1,93,199712,1671,0,74,0,0,0,LEADER,1,0,0,0,0,73
202042,79,adaptive-prasle,2331,1,0,0,73,0,1022,0,1,79,199711,2331,0,74,0,0,0,LEADER,1,0,0,0,0,73
202057,69,adaptive-prasle,2343,1,0,0,73,0,1022,0,1,69,199714,2343,0,74,0,0,0,LEADER,1,0,0,0,0,73
201737,75,adaptive-prasle,2025,1,0,0,73,0,1022,0,1,75,199712,2025,0,74,0,0,0,LEADER,1,0,0,0,0,73
201464,81,adaptive-prasle,1752,1,0,0,73,0,1022,0,1,81,199712,1752,0,74,0,0,0,LEADER,1,0,0,0,0,73
201322,52,adaptive-prasle,1610,1,0,0,73,0,1022,0,1,52,199712,1610,0,74,0,0,0,LEADER,1,0,0,0,0,73
201801,21,adaptive-prasle,2088,1,0,0,73,0,1022,0,1,21,199713,2088,0,74,0,0,0,LEADER,1,0,0,0,0,73
201977,29,adaptive-prasle,2265,1,0,0,73,0,1022,0,1,29,199712,2265,0,74,0,0,0,LEADER,1,0,0,0,0,73
201553,100,adaptive-prasle,1841,1,0,0,73,0,1022,0,1,100,199712,1841,0,74,0,0,0,LEADER,1,0,0,0,0,73
201398,61,adaptive-prasle,1686,1,0,0,73,0,1022,0,1,61,199712,1686,0,74,0,0,0,LEADER,1,0,0,0,0,73
201962,91,adaptive-prasle,2250,1,0,0,73,0,1022,0,1,91,199712,2250,0,74,0,0,0,LEADER,1,0,0,0,0,73
201922,37,adaptive-prasle,2210,1,0,0,73,0,1022,0,1,37,199712,2210,0,74,0,0,0,LEADER,1,0,0,0,0,73
201465,38,adaptive-prasle,1755,1,0,0,73,0,1022,0,1,38,199710,1755,0,74,0,0,0,LEADER,1,0,0,0,0,73
202131,98,adaptive-prasle,2419,1,0,0,73,0,1022,0,1,98,199712,2419,0,74,0,0,0,LEADER,1,0,0,0,0,73
201991,27,adaptive-prasle,2280,1,0,0,73,0,1022,0,1,27,199711,2280,0,74,0,0,0,LEADER,1,0,0,0,0,73
201840,62,adaptive-prasle,2128,1,0,0,73,0,1022,0,1,62,199712,2128,0,74,0,0,0,LEADER,1,0,0,0,0,73
201649,56,adaptive-prasle,1937,1,0,0,73,0,1022,0,1,56,199712,1937,0,74,0,0,0,LEADER,1,0,0,0,0,73
202035,99,adaptive-prasle,2328,1,0,0,73,0,1022,0,1,99,199707,2328,0,74,0,0,0,LEADER,1,0,0,0,0,73
201916,48,adaptive-prasle,2202,1,0,0,73,0,1022,0,1,48,199714,2202,0,74,0,0,0,LEADER,1,0,0,0,0,73
201431,71,adaptive-prasle,1719,1,0,0,73,0,1022,0,1,71,199712,1719,0,74,0,0,0,LEADER,1,0,0,0,0,73
201656,87,adaptive-prasle,1944,1,0,0,73,0,1022,0,1,87,199712,1944,0,74,0,0,0,LEADER,1,0,0,0,0,73
201582,36,adaptive-prasle,1870,1,0,0,73,0,1022,0,1,36,199712,1870,0,74,0,0,0,LEADER,1,0,0,0,0,73
202078,77,adaptive-prasle,1446,1,0,0,73,0,1022,0,1,77,200632,1446,0,74,0,0,0,LEADER,1,0,0,0,0,73
202271,83,adaptive-prasle,1637,1,0,0,73,0,1022,0,1,83,200634,1637,0,74,0,0,0,LEADER,1,0,0,0,0,73
201771,85,adaptive-prasle,2059,1,0,0,73,0,1022,0,1,85,199712,2059,0,74,0,0,0,LEADER,1,0,0,0,0,73
202299,19,adaptive-prasle,1667,1,0,0,73,0,1022,0,1,19,200632,1667,0,74,0,0,0,LEADER,1,0,0,0,0,73
202454,65,adaptive-prasle,1822,1,0,0,73,0,1022,0,1,65,200632,1822,0,74,0,0,0,LEADER,1,0,0,0,0,73
202060,35,adaptive-prasle,1428,1,0,0,73,0,1022,0,1,35,200632,1428,0,74,0,0,0,LEADER,1,0,0,0,0,73
202075,86,adaptive-prasle,1443,1,0,0,73,0,1022,0,1,86,200632,1443,0,74,0,0,0,LEADER,1,0,0,0,0,73
202118,50,adaptive-prasle,2406,1,0,0,73,0,1022,0,1,50,199712,2406,0,74,0,0,0,LEADER,1,0,0,0,0,73
202133,55,adaptive-prasle,1501,1,0,0,73,0,1022,0,1,55,200632,1501,0,74,0,0,0,LEADER,1,0,0,0,0,73
202172,63,adaptive-prasle,1540,1,0,0,73,0,1022,0,1,63,200632,1540,0,74,0,0,0,LEADER,1,0,0,0,0,73
202536,46,adaptive-prasle,1904,1,0,0,73,0,1022,0,1,46,200632,1904,0,74,0,0,0,LEADER,1,0,0,0,0,73
202331,53,adaptive-prasle,1701,1,0,0,73,0,1022,0,1,53,200630,1701,0,74,0,0,0,LEADER,1,0,0,0,0,73
201686,23,adaptive-prasle,1974,1,0,0,73,0,1022,0,1,23,199712,1974,0,74,0,0,0,LEADER,1,0,0,0,0,73
202554,88,adaptive-prasle,1922,1,0,0,73,0,1022,0,1,88,200632,1922,0,74,0,0,0,LEADER,1,0,0,0,0,73
202081,34,adaptive-prasle,1449,1,0,0,73,0,1022,0,1,34,200632,1449,0,74,0,0,0,LEADER,1,0,0,0,0,73
201691,97,adaptive-prasle,1977,1,0,0,73,0,1022,0,1,97,199714,1977,0,74,0,0,0,LEADER,1,0,0,0,0,73
201809,20,adaptive-prasle,2095,1,0,0,73,0,1022,0,1,20,199714,2095,0,74,0,0,0,LEADER,1,0,0,0,0,73
201889,40,adaptive-prasle,2177,1,0,0,73,0,1022,0,1,40,199712,2177,0,74,0,0,0,LEADER,1,0,0,0,0,73
201814,47,adaptive-prasle,2100,1,0,0,73,0,1022,0,1,47,199714,2100,0,74,0,0,0,LEADER,1,0,0,0,0,73
202724,95,adaptive-prasle,2092,1,0,0,73,0,1022,0,1,95,200632,2092,0,74,0,0,0,LEADER,1,0,0,0,0,73
202107,25,adaptive-prasle,2395,1,0,0,73,0,1022,0,1,25,199712,2395,0,74,0,0,0,LEADER,1,0,0,0,0,73
202712,84,adaptive-prasle,2080,1,0,0,73,0,1022,0,1,84,200632,2080,0,74,0,0,0,LEADER,1,0,0,0,0,73
201989,70,adaptive-prasle,2277,1,0,0,73,0,1022,0,1,70,199712,2277,0,74,0,0,0,LEADER,1,0,0,0,0,73
201907,82,adaptive-prasle,2195,1,0,0,73,0,1022,0,1,82,199712,2195,0,74,0,0,0,LEADER,1,0,0,0,0,73
202125,67,adaptive-prasle,2413,1,0,0,73,0,1022,0,1,67,199712,2413,0,74,0,0,0,LEADER,1,0,0,0,0,73
202077,89,adaptive-prasle,2365,1,0,0,73,0,1022,0,1,89,199712,2365,0,74,0,0,0,LEADER,1,0,0,0,0,73
202745,28,adaptive-prasle,2113,1,0,0,73,0,1022,0,1,28,200632,2113,0,74,0,0,0,LEADER,1,0,0,0,0,73
202489,68,adaptive-prasle,1855,1,0,0,73,0,1022,0,1,68,200634,1855,0,74,0,0,0,LEADER,1,0,0,0,0,73
202440,90,adaptive-prasle,1807,1,0,0,73,0,1022,0,1,90,200633,1807,0,74,0,0,0,LEADER,1,0,0,0,0,73
202100,76,adaptive-prasle,1468,1,0,0,73,0,1022,0,1,76,200632,1468,0,74,0,0,0,LEADER,1,0,0,0,0,73
202421,10,adaptive-prasle,1789,1,0,0,73,0,1022,0,1,10,200632,1789,0,74,0,0,0,LEADER,1,0,0,0,0,73
202853,58,adaptive-prasle,2221,1,0,0,73,0,1022,0,1,58,200632,2221,0,74,0,0,0,LEADER,1,0,0,0,0,73
202236,73,adaptive-prasle,1604,1,0,0,73,0,1022,0,1,73,200632,1604,0,74,0,0,0,LEADER,1,0,0,0,0,73
201977,59,adaptive-prasle,2265,1,0,0,73,0,1022,0,1,59,199712,2265,0,74,0,0,0,LEADER,1,0,0,0,0,73
202085,3,adaptive-prasle,1603,1,0,0,9,20,126,280,2,3,200482,1603,0,8,0,0,0,LEADER,1,0,0,0,0,9
202251,41,adaptive-prasle,1619,1,0,0,73,0,1022,0,1,41,200632,1619,0,74,0,0,0,LEADER,1,0,0,0,0,73
202166,96,adaptive-prasle,1534,1,0,0,73,0,1022,0,1,96,200632,1534,0,74,0,0,0,LEADER,1,0,0,0,0,73
202467,74,adaptive-prasle,1837,1,0,0,73,0,1022,0,1,74,200630,1837,0,74,0,0,0,LEADER,1,0,0,0,0,73
202399,49,adaptive-prasle,1767,1,0,0,73,0,1022,0,1,49,200632,1767,0,74,0,0,0,LEADER,1,0,0,0,0,73
202860,92,adaptive-prasle,2228,1,0,0,73,0,1022,0,1,92,200632,2228,0,74,0,0,0,LEADER,1,0,0,0,0,73
202068,66,adaptive-prasle,1434,1,0,0,73,0,1022,0,1,66,200634,1434,0,74,0,0,0,LEADER,1,0,0,0,0,73
202092,57,adaptive-prasle,2380,1,0,0,73,0,1022,0,1,57,199712,2380,0,74,0,0,0,LEADER,1,0,0,0,0,73
202892,78,adaptive-prasle,2260,1,0,0,73,0,1022,0,1,78,200632,2260,0,74,0,0,0,LEADER,1,0,0,0,0,73
202058,39,adaptive-prasle,2346,1,0,0,73,0,1022,0,1,39,199712,2346,0,74,0,0,0,LEADER,1,0,0,0,0,73
202775,30,adaptive-prasle,2143,1,0,0,73,0,1022,0,1,30,200632,2143,0,74,0,0,0,LEADER,1,0,0,0,0,73
202430,4,adaptive-prasle,2030,1,0,0,12,20,168,280,5,4,200400,2030,0,8,0,0,0,LEADER,1,0,0,0,0,12
202181,64,adaptive-prasle,1549,1,0,0,73,0,1022,0,1,64,200632,1549,0,74,0,0,0,LEADER,1,0,0,0,0,73
202406,80,adaptive-prasle,1774,1,0,0,73,0,1022,0,1,80,200632,1774,0,74,0,0,0,LEADER,1,0,0,0,0,73
202142,54,adaptive-prasle,1516,1,0,0,73,0,1022,0,1,54,200626,1516,0,74,0,0,0,LEADER,1,0,0,0,0,73
202672,43,adaptive-prasle,2040,1,0,0,73,0,1022,0,1,43,200632,2040,0,74,0,0,0,LEADER,1,0,0,0,0,73
202592,26,adaptive-prasle,1960,1,0,0,73,0,1022,0,1,26,200632,1960,0,74,0,0,0,LEADER,1,0,0,0,0,73
202221,42,adaptive-prasle,1591,1,0,0,73,0,1022,0,1,42,200630,1591,0,74,0,0,0,LEADER,1,0,0,0,0,73
202230,31,adaptive-prasle,1598,1,0,0,73,0,1022,0,1,31,200632,1598,0,74,0,0,0,LEADER,1,0,0,0,0,73
202987,94,adaptive-prasle,2355,1,0,0,73,0,1022,0,1,94,200632,2355,0,74,0,0,0,LEADER,1,0,0,0,0,73
202557,45,adaptive-prasle,1925,1,0,0,73,0,1022,0,1,45,200632,1925,0,74,0,0,0,LEADER,1,0,0,0,0,73
202930,60,adaptive-prasle,2298,1,0,0,73,0,1022,0,1,60,200632,2298,0,74,0,0,0,LEADER,1,0,0,0,0,73
203036,44,adaptive-prasle,1483,1,0,0,74,0,1036,0,1,44,201553,1483,0,75,0,0,0,LEADER,1,0,0,0,0,74
202284,51,adaptive-prasle,1652,1,0,0,73,0,1022,0,1,51,200632,1652,0,74,0,0,0,LEADER,1,0,0,0,0,73
202641,33,adaptive-prasle,2007,1,0,0,73,0,1022,0,1,33,200634,2007,0,74,0,0,0,LEADER,1,0,0,0,0,73
203084,22,adaptive-prasle,1531,1,0,0,74,0,1036,0,1,22,201553,1531,0,75,0,0,0,LEADER,1,0,0,0,0,74
202796,72,adaptive-prasle,2162,1,0,0,73,0,1022,0,1,72,200634,2162,0,74,0,0,0,LEADER,1,0,0,0,0,73
202584,24,adaptive-prasle,1952,1,0,0,73,0,1022,0,1,24,200632,1952,0,74,0,0,0,LEADER,1,0,0,0,0,73
203116,32,adaptive-prasle,1564,1,0,0,74,0,1036,0,1,32,201552,1564,0,75,0,0,0,LEADER,1,0,0,0,0,74
202303,93,adaptive-prasle,1671,1,0,0,73,0,1022,0,1,93,200632,1671,0,74,0,0,0,LEADER,1,0,0,0,0,73
202962,79,adaptive-prasle,2331,1,0,0,73,0,1022,0,1,79,200631,2331,0,74,0,0,0,LEADER,1,0,0,0,0,73
202977,69,adaptive-prasle,2343,1,0,0,73,0,1022,0,1,69,200634,2343,0,74,0,0,0,LEADER,1,0,0,0,0,73
202657,75,adaptive-prasle,2025,1,0,0,73,0,1022,0,1,75,200632,2025,0,74,0,0,0,LEADER,1,0,0,0,0,73
202384,81,adaptive-prasle,1752,1,0,0,73,0,1022,0,1,81,200632,1752,0,74,0,0,0,LEADER,1,0,0,0,0,73
202242,52,adaptive-prasle,1610,1,0,0,73,0,1022,0,1,52,200632,1610,0,74,0,0,0,LEADER,1,0,0,0,0,73
202721,21,adaptive-prasle,2088,1,0,0,73,0,1022,0,1,21,200633,2088,0,74,0,0,0,LEADER,1,0,0,0,0,73
202897,29,adaptive-prasle,2265,1,0,0,73,0,1022,0,1,29,200632,2265,0,74,0,0,0,LEADER,1,0,0,0,0,73
202473,100,adaptive-prasle,1841,1,0,0,73,0,1022,0,1,100,200632,1841,0,74,0,0,0,LEADER,1,0,0,0,0,73
202318,61,adaptive-prasle,1686,1,0,0,73,0,1022,0,1,61,200632,1686,0,74,0,0,0,LEADER,1,0,0,0,0,73
202882,91,adaptive-prasle,2250,1,0,0,73,0,1022,0,1,91,200632,2250,0,74,0,0,0,LEADER,1,0,0,0,0,73
202842,37,adaptive-prasle,2210,1,0,0,73,0,1022,0,1,37,200632,2210,0,74,0,0,0,LEADER,1,0,0,0,0,73
202385,38,adaptive-prasle,1755,1,0,0,73,0,1022,0,1,38,200630,1755,0,74,0,0,0,LEADER,1,0,0,0,0,73
203051,98,adaptive-prasle,2419,1,0,0,73,0,1022,0,1,98,200632,2419,0,74,0,0,0,LEADER,1,0,0,0,0,73
202911,27,adaptive-prasle,2280,1,0,0,73,0,1022,0,1,27,200631,2280,0,74,0,0,0,LEADER,1,0,0,0,0,73
202760,62,adaptive-prasle,2128,1,0,0,73,0,1022,0,1,62,200632,2128,0,74,0,0,0,LEADER,1,0,0,0,0,73
202569,56,adaptive-prasle,1937,1,0,0,73,0,1022,0,1,56,200632,1937,0,74,0,0,0,LEADER,1,0,0,0,0,73
202955,99,adaptive-prasle,2328,1,0,0,73,0,1022,0,1,99,200627,2328,0,74,0,0,0,LEADER,1,0,0,0,0,73
202836,48,adaptive-prasle,2202,1,0,0,73,0,1022,0,1,48,200634,2202,0,74,0,0,0,LEADER,1,0,0,0,0,73
202351,71,adaptive-prasle,1719,1,0,0,73,0,1022,0,1,71,200632,1719,0,74,0,0,0,LEADER,1,0,0,0,0,73
202576,87,adaptive-prasle,1944,1,0,0,73,0,1022,0,1,87,200632,1944,0,74,0,0,0,LEADER,1,0,0,0,0,73
202502,36,adaptive-prasle,1870,1,0,0,73,0,1022,0,1,36,200632,1870,0,74,0,0,0,LEADER,1,0,0,0,0,73
202999,77,adaptive-prasle,1446,1,0,0,74,0,1036,0,1,77,201553,1446,0,75,0,0,0,LEADER,1,0,0,0,0,74
203192,83,adaptive-prasle,1637,1,0,0,74,0,1036,0,1,83,201555,1637,0,75,0,0,0,LEADER,1,0,0,0,0,74
202691,85,adaptive-prasle,2059,1,0,0,73,0,1022,0,1,85,200632,2059,0,74,0,0,0,LEADER,1,0,0,0,0,73
203220,19,adaptive-prasle,1667,1,0,0,74,0,1036,0,1,19,201553,1667,0,75,0,0,0,LEADER,1,0,0,0,0,74
203375,65,adaptive-prasle,1822,1,0,0,74,0,1036,0,1,65,201553,1822,0,75,0,0,0,LEADER,1,0,0,0,0,74
202981,35,adaptive-prasle,1428,1,0,0,74,0,1036,0,1,35,201553,1428,0,75,0,0,0,LEADER,1,0,0,0,0,74
202996,86,adaptive-prasle,1443,1,0,0,74,0,1036,0,1,86,201553,1443,0,75,0,0,0,LEADER,1,0,0,0,0,74
203349,9,adaptive-prasle,1889,1,0,0,17,16,238,224,6,3,201460,1889,0,7,0,0,0,NORMAL,0,0,0,0,0,17
203038,50,adaptive-prasle,2406,1,0,0,73,0,1022,0,1,50,200632,2406,0,74,0,0,0,LEADER,1,0,0,0,0,73
203054,55,adaptive-prasle,1501,1,0,0,74,0,1036,0,1,55,201553,1501,0,75,0,0,0,LEADER,1,0,0,0,0,74
203093,63,adaptive-prasle,1540,1,0,0,74,0,1036,0,1,63,201553,1540,0,75,0,0,0,LEADER,1,0,0,0,0,74
203457,46,adaptive-prasle,1904,1,0,0,74,0,1036,0,1,46,201553,1904,0,75,0,0,0,LEADER,1,0,0,0,0,74
203252,53,adaptive-prasle,1701,1,0,0,74,0,1036,0,1,53,201551,1701,0,75,0,0,0,LEADER,1,0,0,0,0,74
202606,23,adaptive-prasle,1974,1,0,0,73,0,1022,0,1,23,200632,1974,0,74,0,0,0,LEADER,1,0,0,0,0,73
203475,88,adaptive-prasle,1922,1,0,0,74,0,1036,0,1,88,201553,1922,0,75,0,0,0,LEADER,1,0,0,0,0,74
203002,34,adaptive-prasle,1449,1,0,0,74,0,1036,0,1,34,201553,1449,0,75,0,0,0,LEADER,1,0,0,0,0,74
202611,97,adaptive-prasle,1977,1,0,0,73,0,1022,0,1,97,200634,1977,0,74,0,0,0,LEADER,1,0,0,0,0,73
202729,20,adaptive-prasle,2095,1,0,0,73,0,1022,0,1,20,200634,2095,0,74,0,0,0,LEADER,1,0,0,0,0,73
202809,40,adaptive-prasle,2177,1,0,0,73,0,1022,0,1,40,200632,2177,0,74,0,0,0,LEADER,1,0,0,0,0,73
202734,47,adaptive-prasle,2100,1,0,0,73,0,1022,0,1,47,200634,2100,0,74,0,0,0,LEADER,1,0,0,0,0,73
203645,95,adaptive-prasle,2092,1,0,0,74,0,1036,0,1,95,201553,2092,0,75,0,0,0,LEADER,1,0,0,0,0,74
203027,25,adaptive-prasle,2395,1,0,0,73,0,1022,0,1,25,200632,2395,0,74,0,0,0,LEADER,1,0,0,0,0,73
203633,84,adaptive-prasle,2080,1,0,0,74,0,1036,0,1,84,201553,2080,0,75,0,0,0,LEADER,1,0,0,0,0,74
202909,70,adaptive-prasle,2277,1,0,0,73,0,1022,0,1,70,200632,2277,0,74,0,0,0,LEADER,1,0,0,0,0,73
202827,82,adaptive-prasle,2195,1,0,0,73,0,1022,0,1,82,200632,2195,0,74,0,0,0,LEADER,1,0,0,0,0,73
203045,67,adaptive-prasle,2413,1,0,0,73,0,1022,0,1,67,200632,2413,0,74,0,0,0,LEADER,1,0,0,0,0,73
202997,89,adaptive-prasle,2365,1,0,0,73,0,1022,0,1,89,200632,2365,0,74,0,0,0,LEADER,1,0,0,0,0,73
203666,28,adaptive-prasle,2113,1,0,0,74,0,1036,0,1,28,201553,2113,0,75,0,0,0,LEADER,1,0,0,0,0,74
203410,68,adaptive-prasle,1855,1,0,0,74,0,1036,0,1,68,201555,1855,0,75,0,0,0,LEADER,1,0,0,0,0,74
203361,90,adaptive-prasle,1807,1,0,0,74,0,1036,0,1,90,201554,1807,0,75,0,0,0,LEADER,1,0,0,0,0,74
203021,76,adaptive-prasle,1468,1,0,0,74,0,1036,0,1,76,201553,1468,0,75,0,0,0,LEADER,1,0,0,0,0,74
203342,10,adaptive-prasle,1789,1,0,0,74,0,1036,0,1,10,201553,1789,0,75,0,0,0,LEADER,1,0,0,0,0,74
203774,58,adaptive-prasle,2221,1,0,0,74,0,1036,0,1,58,201553,2221,0,75,0,0,0,LEADER,1,0,0,0,0,74
203157,73,adaptive-prasle,1604,1,0,0,74,0,1036,0,1,73,201553,1604,0,75,0,0,0,LEADER,1,0,0,0,0,74
202897,59,adaptive-prasle,2265,1,0,0,73,0,1022,0,1,59,200632,2265,0,74,0,0,0,LEADER,1,0,0,0,0,73
203172,41,adaptive-prasle,1619,1,0,0,74,0,1036,0,1,41,201553,1619,0,75,0,0,0,LEADER,1,0,0,0,0,74
203087,96,adaptive-prasle,1534,1,0,0,74,0,1036,0,1,96,201553,1534,0,75,0,0,0,LEADER,1,0,0,0,0,74
203388,74,adaptive-prasle,1837,1,0,0,74,0,1036,0,1,74,201551,1837,0,75,0,0,0,LEADER,1,0,0,0,0,74
203320,49,adaptive-prasle,1767,1,0,0,74,0,1036,0,1,49,201553,1767,0,75,0,0,0,LEADER,1,0,0,0,0,74
203781,92,adaptive-prasle,2228,1,0,0,74,0,1036,0,1,92,201553,2228,0,75,0,0,0,LEADER,1,0,0,0,0,74
202989,66,adaptive-prasle,1434,1,0,0,74,0,1036,0,1,66,201555,1434,0,75,0,0,0,LEADER,1,0,0,0,0,74
203209,8,adaptive-prasle,2217,1,0,0,16,31,224,434,4,6,200992,2217,0,7,0,0,0,NORMAL,0,0,0,0,0,16
203012,57,adaptive-prasle,2380,1,0,0,73,0,1022,0,1,57,200632,2380,0,74,0,0,0,LEADER,1,0,0,0,0,73
203813,78,adaptive-prasle,2260,1,0,0,74,0,1036,0,1,78,201553,2260,0,75,0,0,0,LEADER,1,0,0,0,0,74
202978,39,adaptive-prasle,2346,1,0,0,73,0,1022,0,1,39,200632,2346,0,74,0,0,0,LEADER,1,0,0,0,0,73
203696,30,adaptive-prasle,2143,1,0,0,74,0,1036,0,1,30,201553,2143,0,75,0,0,0,LEADER,1,0,0,0,0,74
203102,64,adaptive-prasle,1549,1,0,0,74,0,1036,0,1,64,201553,1549,0,75,0,0,0,LEADER,1,0,0,0,0,74
203327,80,adaptive-prasle,1774,1,0,0,74,0,1036,0,1,80,201553,1774,0,75,0,0,0,LEADER,1,0,0,0,0,74
203063,54,adaptive-prasle,1516,1,0,0,74,0,1036,0,1,54,201547,1516,0,75,0,0,0,LEADER,1,0,0,0,0,74
203593,43,adaptive-prasle,2040,1,0,0,74,0,1036,0,1,43,201553,2040,0,75,0,0,0,LEADER,1,0,0,0,0,74
203513,26,adaptive-prasle,1960,1,0,0,74,0,1036,0,1,26,201553,1960,0,75,0,0,0,LEADER,1,0,0,0,0,74
203142,42,adaptive-prasle,1591,1,0,0,74,0,1036,0,1,42,201551,1591,0,75,0,0,0,LEADER,1,0,0,0,0,74
203151,31,adaptive-prasle,1598,1,0,0,74,0,1036,0,1,31,201553,1598,0,75,0,0,0,LEADER,1,0,0,0,0,74
203908,94,adaptive-prasle,2355,1,0,0,74,0,1036,0,1,94,201553,2355,0,75,0,0,0,LEADER,1,0,0,0,0,74
203478,45,adaptive-prasle,1925,1,0,0,74,0,1036,0,1,45,201553,1925,0,75,0,0,0,LEADER,1,0,0,0,0,74
203851,60,adaptive-prasle,2298,1,0,0,74,0,1036,0,1,60,201553,2298,0,75,0,0,0,LEADER,1,0,0,0,0,74
203956,44,adaptive-prasle,1483,1,0,0,74,0,1036,0,1,44,202473,1483,0,75,0,0,0,LEADER,1,0,0,0,0,74
203205,51,adaptive-prasle,1652,1,0,0,74,0,1036,0,1,51,201553,1652,0,75,0,0,0,LEADER,1,0,0,0,0,74
204004,22,adaptive-prasle,1531,1,0,0,74,0,1036,0,1,22,202473,1531,0,75,0,0,0,LEADER,1,0,0,0,0,74
203562,33,adaptive-prasle,2007,1,0,0,74,0,1036,0,1,33,201555,2007,0,75,0,0,0,LEADER,1,0,0,0,0,74
203717,72,adaptive-prasle,2162,1,0,0,74,0,1036,0,1,72,201555,2162,0,75,0,0,0,LEADER,1,0,0,0,0,74
203505,24,adaptive-prasle,1952,1,0,0,74,0,1036,0,1,24,201553,1952,0,75,0,0,0,LEADER,1,0,0,0,0,74
204036,32,adaptive-prasle,1564,1,0,0,74,0,1036,0,1,32,202472,1564,0,75,0,0,0,LEADER,1,0,0,0,0,74
203224,93,adaptive-prasle,1671,1,0,0,74,0,1036,0,1,93,201553,1671,0,75,0,0,0,LEADER,1,0,0,0,0,74
203898,69,adaptive-prasle,2343,1,0,0,74,0,1036,0,1,69,201555,2343,0,75,0,0,0,LEADER,1,0,0,0,0,74
203883,79,adaptive-prasle,2331,1,0,0,74,0,1036,0,1,79,201552,2331,0,75,0,0,0,LEADER,1,0,0,0,0,74
203578,75,adaptive-prasle,2025,1,0,0,74,0,1036,0,1,75,201553,2025,0,75,0,0,0,LEADER,1,0,0,0,0,74
203305,81,adaptive-prasle,1752,1,0,0,74,0,1036,0,1,81,201553,1752,0,75,0,0,0,LEADER,1,0,0,0,0,74
203163,52,adaptive-prasle,1610,1,0,0,74,0,1036,0,1,52,201553,1610,0,75,0,0,0,LEADER,1,0,0,0,0,74
203642,21,adaptive-prasle,2088,1,0,0,74,0,1036,0,1,21,201554,2088,0,75,0,0,0,LEADER,1,0,0,0,0,74
203818,29,adaptive-prasle,2265,1,0,0,74,0,1036,0,1,29,201553,2265,0,75,0,0,0,LEADER,1,0,0,0,0,74
203394,100,adaptive-prasle,1841,1,0,0,74,0,1036,0,1,100,201553,1841,0,75,0,0,0,LEADER,1,0,0,0,0,74
203239,61,adaptive-prasle,1686,1,0,0,74,0,1036,0,1,61,201553,1686,0,75,0,0,0,LEADER,1,0,0,0,0,74
203803,91,adaptive-prasle,2250,1,0,0,74,0,1036,0,1,91,201553,2250,0,75,0,0,0,LEADER,1,0,0,0,0,74
203763,37,adaptive-prasle,2210,1,0,0,74,0,1036,0,1,37,201553,2210,0,75,0,0,0,LEADER,1,0,0,0,0,74
203306,38,adaptive-prasle,1755,1,0,0,74,0,1036,0,1,38,201551,1755,0,75,0,0,0,LEADER,1,0,0,0,0,74
203972,98,adaptive-prasle,2419,1,0,0,74,0,1036,0,1,98,201553,2419,0,75,0,0,0,LEADER,1,0,0,0,0,74
203832,27,adaptive-prasle,2280,1,0,0,74,0,1036,0,1,27,201552,2280,0,75,0,0,0,LEADER,1,0,0,0,0,74
203681,62,adaptive-prasle,2128,1,0,0,74,0,1036,0,1,62,201553,2128,0,75,0,0,0,LEADER,1,0,0,0,0,74
203490,56,adaptive-prasle,1937,1,0,0,74,0,1036,0,1,56,201553,1937,0,75,0,0,0,LEADER,1,0,0,0,0,74
203876,99,adaptive-prasle,2328,1,0,0,74,0,1036,0,1,99,201548,2328,0,75,0,0,0,LEADER,1,0,0,0,0,74
203757,48,adaptive-prasle,2202,1,0,0,74,0,1036,0,1,48,201555,2202,0,75,0,0,0,LEADER,1,0,0,0,0,74
203272,71,adaptive-prasle,1719,1,0,0,74,0,1036,0,1,71,201553,1719,0,75,0,0,0,LEADER,1,0,0,0,0,74
203497,87,adaptive-prasle,1944,1,0,0,74,0,1036,0,1,87,201553,1944,0,75,0,0,0,LEADER,1,0,0,0,0,74
203423,36,adaptive-prasle,1870,1,0,0,74,0,1036,0,1,36,201553,1870,0,75,0,0,0,LEADER,1,0,0,0,0,74
203919,77,adaptive-prasle,1446,1,0,0,74,0,1036,0,1,77,202473,1446,0,75,0,0,0,LEADER,1,0,0,0,0,74
204112,83,adaptive-prasle,1637,1,0,0,74,0,1036,0,1,83,202475,1637,0,75,0,0,0,LEADER,1,0,0,0,0,74
203612,85,adaptive-prasle,2059,1,0,0,74,0,1036,0,1,85,201553,2059,0,75,0,0,0,LEADER,1,0,0,0,0,74
204140,19,adaptive-prasle,1667,1,0,0,74,0,1036,0,1,19,202473,1667,0,75,0,0,0,LEADER,1,0,0,0,0,74
204295,65,adaptive-prasle,1822,1,0,0,74,0,1036,0,1,65,202473,1822,0,75,0,0,0,LEADER,1,0,0,0,0,74
203901,35,adaptive-prasle,1428,1,0,0,74,0,1036,0,1,35,202473,1428,0,75,0,0,0,LEADER,1,0,0,0,0,74
203916,86,adaptive-prasle,1443,1,0,0,74,0,1036,0,1,86,202473,1443,0,75,0,0,0,LEADER,1,0,0,0,0,74
203959,50,adaptive-prasle,2406,1,0,0,74,0,1036,0,1,50,201553,2406,0,75,0,0,0,LEADER,1,0,0,0,0,74
203974,55,adaptive-prasle,1501,1,0,0,74,0,1036,0,1,55,202473,1501,0,75,0,0,0,LEADER,1,0,0,0,0,74
204013,63,adaptive-prasle,1540,1,0,0,74,0,1036,0,1,63,202473,1540,0,75,0,0,0,LEADER,1,0,0,0,0,74
204377,46,adaptive-prasle,1904,1,0,0,74,0,1036,0,1,46,202473,1904,0,75,0,0,0,LEADER,1,0,0,0,0,74
204172,53,adaptive-prasle,1701,1,0,0,74,0,1036,0,1,53,202471,1701,0,75,0,0,0,LEADER,1,0,0,0,0,74
203527,23,adaptive-prasle,1974,1,0,0,74,0,1036,0,1,23,201553,1974,0,75,0,0,0,LEADER,1,0,0,0,0,74
204395,88,adaptive-prasle,1922,1,0,0,74,0,1036,0,1,88,202473,1922,0,75,0,0,0,LEADER,1,0,0,0,0,74
203922,34,adaptive-prasle,1449,1,0,0,74,0,1036,0,1,34,202473,1449,0,75,0,0,0,LEADER,1,0,0,0,0,74
203532,97,adaptive-prasle,1977,1,0,0,74,0,1036,0,1,97,201555,1977,0,75,0,0,0,LEADER,1,0,0,0,0,74
204181,7,adaptive-prasle,1749,1,0,0,14,29,196,406,6,3,202432,1749,0,7,0,0,0,NORMAL,0,0,0,0,0,14
203650,20,adaptive-prasle,2095,1,0,0,74,0,1036,0,1,20,201555,2095,0,75,0,0,0,LEADER,1,0,0,0,0,74
203730,40,adaptive-prasle,2177,1,0,0,74,0,1036,0,1,40,201553,2177,0,75,0,0,0,LEADER,1,0,0,0,0,74
203655,47,adaptive-prasle,2100,1,0,0,74,0,1036,0,1,47,201555,2100,0,75,0,0,0,LEADER,1,0,0,0,0,74
204565,95,adaptive-prasle,2092,1,0,0,74,0,1036,0,1,95,202473,2092,0,75,0,0,0,LEADER,1,0,0,0,0,74
203948,25,adaptive-prasle,2395,1,0,0,74,0,1036,0,1,25,201553,2395,0,75,0,0,0,LEADER,1,0,0,0,0,74
204553,84,adaptive-prasle,2080,1,0,0,74,0,1036,0,1,84,202473,2080,0,75,0,0,0,LEADER,1,0,0,0,0,74
203830,70,adaptive-prasle,2277,1,0,0,74,0,1036,0,1,70,201553,2277,0,75,0,0,0,LEADER,1,0,0,0,0,74
203748,82,adaptive-prasle,2195,1,0,0,74,0,1036,0,1,82,201553,2195,0,75,0,0,0,LEADER,1,0,0,0,0,74
203966,67,adaptive-prasle,2413,1,0,0,74,0,1036,0,1,67,201553,2413,0,75,0,0,0,LEADER,1,0,0,0,0,74
203918,89,adaptive-prasle,2365,1,0,0,74,0,1036,0,1,89,201553,2365,0,75,0,0,0,LEADER,1,0,0,0,0,74
204586,28,adaptive-prasle,2113,1,0,0,74,0,1036,0,1,28,202473,2113,0,75,0,0,0,LEADER,1,0,0,0,0,74
204330,68,adaptive-prasle,1855,1,0,0,74,0,1036,0,1,68,202475,1855,0,75,0,0,0,LEADER,1,0,0,0,0,74
204382,6,adaptive-prasle,1797,1,0,0,13,23,182,322,5,3,202585,1797,0,7,0,0,0,NORMAL,0,0,0,0,0,13
204281,90,adaptive-prasle,1807,1,0,0,74,0,1036,0,1,90,202474,1807,0,75,0,0,0,LEADER,1,0,0,0,0,74
204585,11,adaptive-prasle,2055,1,0,0,11,7,154,98,4,11,202530,2055,0,9,0,0,0,LEADER,1,0,0,0,0,11
203941,76,adaptive-prasle,1468,1,0,0,74,0,1036,0,1,76,202473,1468,0,75,0,0,0,LEADER,1,0,0,0,0,74
204262,10,adaptive-prasle,1789,1,0,0,74,0,1036,0,1,10,202473,1789,0,75,0,0,0,LEADER,1,0,0,0,0,74
204694,58,adaptive-prasle,2221,1,0,0,74,0,1036,0,1,58,202473,2221,0,75,0,0,0,LEADER,1,0,0,0,0,74
204077,73,adaptive-prasle,1604,1,0,0,74,0,1036,0,1,73,202473,1604,0,75,0,0,0,LEADER,1,0,0,0,0,74
203818,59,adaptive-prasle,2265,1,0,0,74,0,1036,0,1,59,201553,2265,0,75,0,0,0,LEADER,1,0,0,0,0,74
204092,41,adaptive-prasle,1619,1,0,0,74,0,1036,0,1,41,202473,1619,0,75,0,0,0,LEADER,1,0,0,0,0,74
204007,96,adaptive-prasle,1534,1,0,0,74,0,1036,0,1,96,202473,1534,0,75,0,0,0,LEADER,1,0,0,0,0,74
204308,74,adaptive-prasle,1837,1,0,0,74,0,1036,0,1,74,202471,1837,0,75,0,0,0,LEADER,1,0,0,0,0,74
204240,49,adaptive-prasle,1767,1,0,0,74,0,1036,0,1,49,202473,1767,0,75,0,0,0,LEADER,1,0,0,0,0,74
204701,92,adaptive-prasle,2228,1,0,0,74,0,1036,0,1,92,202473,2228,0,75,0,0,0,LEADER,1,0,0,0,0,74
203909,66,adaptive-prasle,1434,1,0,0,74,0,1036,0,1,66,202475,1434,0,75,0,0,0,LEADER,1,0,0,0,0,74
203933,57,adaptive-prasle,2380,1,0,0,74,0,1036,0,1,57,201553,2380,0,75,0,0,0,LEADER,1,0,0,0,0,74
204733,78,adaptive-prasle,2260,1,0,0,74,0,1036,0,1,78,202473,2260,0,75,0,0,0,LEADER,1,0,0,0,0,74
203899,39,adaptive-prasle,2346,1,0,0,74,0,1036,0,1,39,201553,2346,0,75,0,0,0,LEADER,1,0,0,0,0,74
204616,30,adaptive-prasle,2143,1,0,0,74,0,1036,0,1,30,202473,2143,0,75,0,0,0,LEADER,1,0,0,0,0,74
204022,64,adaptive-prasle,1549,1,0,0,74,0,1036,0,1,64,202473,1549,0,75,0,0,0,LEADER,1,0,0,0,0,74
204247,80,adaptive-prasle,1774,1,0,0,74,0,1036,0,1,80,202473,1774,0,75,0,0,0,LEADER,1,0,0,0,0,74
203983,54,adaptive-prasle,1516,1,0,0,74,0,1036,0,1,54,202467,1516,0,75,0,0,0,LEADER,1,0,0,0,0,74
204513,43,adaptive-prasle,2040,1,0,0,74,0,1036,0,1,43,202473,2040,0,75,0,0,0,LEADER,1,0,0,0,0,74
204433,26,adaptive-prasle,1960,1,0,0,74,0,1036,0,1,26,202473,1960,0,75,0,0,0,LEADER,1,0,0,0,0,74
204062,42,adaptive-prasle,1591,1,0,0,74,0,1036,0,1,42,202471,1591,0,75,0,0,0,LEADER,1,0,0,0,0,74
204071,31,adaptive-prasle,1598,1,0,0,74,0,1036,0,1,31,202473,1598,0,75,0,0,0,LEADER,1,0,0,0,0,74
204828,94,adaptive-prasle,2355,1,0,0,74,0,1036,0,1,94,202473,2355,0,75,0,0,0,LEADER,1,0,0,0,0,74
204398,45,adaptive-prasle,1925,1,0,0,74,0,1036,0,1,45,202473,1925,0,75,0,0,0,LEADER,1,0,0,0,0,74
204771,60,adaptive-prasle,2298,1,0,0,74,0,1036,0,1,60,202473,2298,0,75,0,0,0,LEADER,1,0,0,0,0,74
204876,44,adaptive-prasle,1483,1,0,0,74,0,1036,0,1,44,203393,1483,0,75,0,0,0,LEADER,1,0,0,0,0,74
204125,51,adaptive-prasle,1652,1,0,0,74,0,1036,0,1,51,202473,1652,0,75,0,0,0,LEADER,1,0,0,0,0,74
204924,22,adaptive-prasle,1531,1,0,0,74,0,1036,0,1,22,203393,1531,0,75,0,0,0,LEADER,1,0,0,0,0,74
204482,33,adaptive-prasle,2007,1,0,0,74,0,1036,0,1,33,202475,2007,0,75,0,0,0,LEADER,1,0,0,0,0,74
204637,72,adaptive-prasle,2162,1,0,0,74,0,1036,0,1,72,202475,2162,0,75,0,0,0,LEADER,1,0,0,0,0,74
204425,24,adaptive-prasle,1952,1,0,0,74,0,1036,0,1,24,202473,1952,0,75,0,0,0,LEADER,1,0,0,0,0,74
204956,32,adaptive-prasle,1564,1,0,0,74,0,1036,0,1,32,203392,1564,0,75,0,0,0,LEADER,1,0,0,0,0,74
204144,93,adaptive-prasle,1671,1,0,0,74,0,1036,0,1,93,202473,1671,0,75,0,0,0,LEADER,1,0,0,0,0,74
204803,79,adaptive-prasle,2331,1,0,0,74,0,1036,0,1,79,202472,2331,0,75,0,0,0,LEADER,1,0,0,0,0,74
204818,69,adaptive-prasle,2343,1,0,0,74,0,1036,0,1,69,202475,2343,0,75,0,0,0,LEADER,1,0,0,0,0,74
204498,75,adaptive-prasle,2025,1,0,0,74,0,1036,0,1,75,202473,2025,0,75,0,0,0,LEADER,1,0,0,0,0,74
204225,81,adaptive-prasle,1752,1,0,0,74,0,1036,0,1,81,202473,1752,0,75,0,0,0,LEADER,1,0,0,0,0,74
204083,52,adaptive-prasle,1610,1,0,0,74,0,1036,0,1,52,202473,1610,0,75,0,0,0,LEADER,1,0,0,0,0,74
204562,21,adaptive-prasle,2088,1,0,0,74,0,1036,0,1,21,202474,2088,0,75,0,0,0,LEADER,1,0,0,0,0,74
204738,29,adaptive-prasle,2265,1,0,0,74,0,1036,0,1,29,202473,2265,0,75,0,0,0,LEADER,1,0,0,0,0,74
204314,100,adaptive-prasle,1841,1,0,0,74,0,1036,0,1,100,202473,1841,0,75,0,0,0,LEADER,1,0,0,0,0,74
204159,61,adaptive-prasle,1686,1,0,0,74,0,1036,0,1,61,202473,1686,0,75,0,0,0,LEADER,1,0,0,0,0,74
204723,91,adaptive-prasle,2250,1,0,0,74,0,1036,0,1,91,202473,2250,0,75,0,0,0,LEADER,1,0,0,0,0,74
204683,37,adaptive-prasle,2210,1,0,0,74,0,1036,0,1,37,202473,2210,0,75,0,0,0,LEADER,1,0,0,0,0,74
204226,38,adaptive-prasle,1755,1,0,0,74,0,1036,0,1,38,202471,1755,0,75,0,0,0,LEADER,1,0,0,0,0,74
204892,98,adaptive-prasle,2419,1,0,0,74,0,1036,0,1,98,202473,2419,0,75,0,0,0,LEADER,1,0,0,0,0,74
204752,27,adaptive-prasle,2280,1,0,0,74,0,1036,0,1,27,202472,2280,0,75,0,0,0,LEADER,1,0,0,0,0,74
204601,62,adaptive-prasle,2128,1,0,0,74,0,1036,0,1,62,202473,2128,0,75,0,0,0,LEADER,1,0,0,0,0,74
204410,56,adaptive-prasle,1937,1,0,0,74,0,1036,0,1,56,202473,1937,0,75,0,0,0,LEADER,1,0,0,0,0,74
204796,99,adaptive-prasle,2328,1,0,0,74,0,1036,0,1,99,202468,2328,0,75,0,0,0,LEADER,1,0,0,0,0,74
204677,48,adaptive-prasle,2202,1,0,0,74,0,1036,0,1,48,202475,2202,0,75,0,0,0,LEADER,1,0,0,0,0,74
204192,71,adaptive-prasle,1719,1,0,0,74,0,1036,0,1,71,202473,1719,0,75,0,0,0,LEADER,1,0,0,0,0,74
204417,87,adaptive-prasle,1944,1,0,0,74,0,1036,0,1,87,202473,1944,0,75,0,0,0,LEADER,1,0,0,0,0,74
204343,36,adaptive-prasle,1870,1,0,0,74,0,1036,0,1,36,202473,1870,0,75,0,0,0,LEADER,1,0,0,0,0,74
204839,77,adaptive-prasle,1446,1,0,0,74,0,1036,0,1,77,203393,1446,0,75,0,0,0,LEADER,1,0,0,0,0,74
205032,83,adaptive-prasle,1637,1,0,0,74,0,1036,0,1,83,203395,1637,0,75,0,0,0,LEADER,1,0,0,0,0,74
204532,85,adaptive-prasle,2059,1,0,0,74,0,1036,0,1,85,202473,2059,0,75,0,0,0,LEADER,1,0,0,0,0,74
205060,19,adaptive-prasle,1667,1,0,0,74,0,1036,0,1,19,203393,1667,0,75,0,0,0,LEADER,1,0,0,0,0,74
205215,65,adaptive-prasle,1822,1,0,0,74,0,1036,0,1,65,203393,1822,0,75,0,0,0,LEADER,1,0,0,0,0,74
204821,35,adaptive-prasle,1428,1,0,0,74,0,1036,0,1,35,203393,1428,0,75,0,0,0,LEADER,1,0,0,0,0,74
204836,86,adaptive-prasle,1443,1,0,0,74,0,1036,0,1,86,203393,1443,0,75,0,0,0,LEADER,1,0,0,0,0,74
204879,50,adaptive-prasle,2406,1,0,0,74,0,1036,0,1,50,202473,2406,0,75,0,0,0,LEADER,1,0,0,0,0,74
204894,55,adaptive-prasle,1501,1,0,0,74,0,1036,0,1,55,203393,1501,0,75,0,0,0,LEADER,1,0,0,0,0,74
204933,63,adaptive-prasle,1540,1,0,0,74,0,1036,0,1,63,203393,1540,0,75,0,0,0,LEADER,1,0,0,0,0,74
205297,46,adaptive-prasle,1904,1,0,0,74,0,1036,0,1,46,203393,1904,0,75,0,0,0,LEADER,1,0,0,0,0,74
205092,53,adaptive-prasle,1701,1,0,0,74,0,1036,0,1,53,203391,1701,0,75,0,0,0,LEADER,1,0,0,0,0,74
204447,23,adaptive-prasle,1974,1,0,0,74,0,1036,0,1,23,202473,1974,0,75,0,0,0,LEADER,1,0,0,0,0,74
205315,88,adaptive-prasle,1922,1,0,0,74,0,1036,0,1,88,203393,1922,0,75,0,0,0,LEADER,1,0,0,0,0,74
204842,34,adaptive-prasle,1449,1,0,0,74,0,1036,0,1,34,203393,1449,0,75,0,0,0,LEADER,1,0,0,0,0,74
204452,97,adaptive-prasle,1977,1,0,0,74,0,1036,0,1,97,202475,1977,0,75,0,0,0,LEADER,1,0,0,0,0,74
204570,20,adaptive-prasle,2095,1,0,0,74,0,1036,0,1,20,202475,2095,0,75,0,0,0,LEADER,1,0,0,0,0,74
204650,40,adaptive-prasle,2177,1,0,0,74,0,1036,0,1,40,202473,2177,0,75,0,0,0,LEADER,1,0,0,0,0,74
204575,47,adaptive-prasle,2100,1,0,0,74,0,1036,0,1,47,202475,2100,0,75,0,0,0,LEADER,1,0,0,0,0,74
205485,95,adaptive-prasle,2092,1,0,0,74,0,1036,0,1,95,203393,2092,0,75,0,0,0,LEADER,1,0,0,0,0,74
204868,25,adaptive-prasle,2395,1,0,0,74,0,1036,0,1,25,202473,2395,0,75,0,0,0,LEADER,1,0,0,0,0,74
205473,84,adaptive-prasle,2080,1,0,0,74,0,1036,0,1,84,203393,2080,0,75,0,0,0,LEADER,1,0,0,0,0,74
204750,70,adaptive-prasle,2277,1,0,0,74,0,1036,0,1,70,202473,2277,0,75,0,0,0,LEADER,1,0,0,0,0,74
204668,82,adaptive-prasle,2195,1,0,0,74,0,1036,0,1,82,202473,2195,0,75,0,0,0,LEADER,1,0,0,0,0,74
204886,67,adaptive-prasle,2413,1,0,0,74,0,1036,0,1,67,202473,2413,0,75,0,0,0,LEADER,1,0,0,0,0,74
204838,89,adaptive-prasle,2365,1,0,0,74,0,1036,0,1,89,202473,2365,0,75,0,0,0,LEADER,1,0,0,0,0,74
205506,28,adaptive-prasle,2113,1,0,0,74,0,1036,0,1,28,203393,2113,0,75,0,0,0,LEADER,1,0,0,0,0,74
205250,68,adaptive-prasle,1855,1,0,0,74,0,1036,0,1,68,203395,1855,0,75,0,0,0,LEADER,1,0,0,0,0,74
205201,90,adaptive-prasle,1807,1,0,0,74,0,1036,0,1,90,203394,1807,0,75,0,0,0,LEADER,1,0,0,0,0,74
204861,76,adaptive-prasle,1468,1,0,0,74,0,1036,0,1,76,203393,1468,0,75,0,0,0,LEADER,1,0,0,0,0,74
205182,10,adaptive-prasle,1789,1,0,0,74,0,1036,0,1,10,203393,1789,0,75,0,0,0,LEADER,1,0,0,0,0,74
205614,58,adaptive-prasle,2221,1,0,0,74,0,1036,0,1,58,203393,2221,0,75,0,0,0,LEADER,1,0,0,0,0,74
204997,73,adaptive-prasle,1604,1,0,0,74,0,1036,0,1,73,203393,1604,0,75,0,0,0,LEADER,1,0,0,0,0,74
204738,59,adaptive-prasle,2265,1,0,0,74,0,1036,0,1,59,202473,2265,0,75,0,0,0,LEADER,1,0,0,0,0,74
205012,41,adaptive-prasle,1619,1,0,0,74,0,1036,0,1,41,203393,1619,0,75,0,0,0,LEADER,1,0,0,0,0,74
205602,12,adaptive-prasle,1578,1,0,0,8,8,112,112,3,12,204024,1578,0,7,0,0,0,LEADER,1,0,0,0,0,8
204927,96,adaptive-prasle,1534,1,0,0,74,0,1036,0,1,96,203393,1534,0,75,0,0,0,LEADER,1,0,0,0,0,74
205228,74,adaptive-prasle,1837,1,0,0,74,0,1036,0,1,74,203391,1837,0,75,0,0,0,LEADER,1,0,0,0,0,74
205160,49,adaptive-prasle,1767,1,0,0,74,0,1036,0,1,49,203393,1767,0,75,0,0,0,LEADER,1,0,0,0,0,74
205621,92,adaptive-prasle,2228,1,0,0,74,0,1036,0,1,92,203393,2228,0,75,0,0,0,LEADER,1,0,0,0,0,74
204829,66,adaptive-prasle,1434,1,0,0,74,0,1036,0,1,66,203395,1434,0,75,0,0,0,LEADER,1,0,0,0,0,74
204853,57,adaptive-prasle,2380,1,0,0,74,0,1036,0,1,57,202473,2380,0,75,0,0,0,LEADER,1,0,0,0,0,74
205653,78,adaptive-prasle,2260,1,0,0,74,0,1036,0,1,78,203393,2260,0,75,0,0,0,LEADER,1,0,0,0,0,74
204819,39,adaptive-prasle,2346,1,0,0,74,0,1036,0,1,39,202473,2346,0,75,0,0,0,LEADER,1,0,0,0,0,74
205536,30,adaptive-prasle,2143,1,0,0,74,0,1036,0,1,30,203393,2143,0,75,0,0,0,LEADER,1,0,0,0,0,74
204942,64,adaptive-prasle,1549,1,0,0,74,0,1036,0,1,64,203393,1549,0,75,0,0,0,LEADER,1,0,0,0,0,74
205167,80,adaptive-prasle,1774,1,0,0,74,0,1036,0,1,80,203393,1774,0,75,0,0,0,LEADER,1,0,0,0,0,74
204903,54,adaptive-prasle,1516,1,0,0,74,0,1036,0,1,54,203387,1516,0,75,0,0,0,LEADER,1,0,0,0,0,74
205433,43,adaptive-prasle,2040,1,0,0,74,0,1036,0,1,43,203393,2040,0,75,0,0,0,LEADER,1,0,0,0,0,74
205353,26,adaptive-prasle,1960,1,0,0,74,0,1036,0,1,26,203393,1960,0,75,0,0,0,LEADER,1,0,0,0,0,74
204982,42,adaptive-prasle,1591,1,0,0,74,0,1036,0,1,42,203391,1591,0,75,0,0,0,LEADER,1,0,0,0,0,74
204991,31,adaptive-prasle,1598,1,0,0,74,0,1036,0,1,31,203393,1598,0,75,0,0,0,LEADER,1,0,0,0,0,74
205748,94,adaptive-prasle,2355,1,0,0,74,0,1036,0,1,94,203393,2355,0,75,0,0,0,LEADER,1,0,0,0,0,74
205318,45,adaptive-prasle,1925,1,0,0,74,0,1036,0,1,45,203393,1925,0,75,0,0,0,LEADER,1,0,0,0,0,74
205691,60,adaptive-prasle,2298,1,0,0,74,0,1036,0,1,60,203393,2298,0,75,0,0,0,LEADER,1,0,0,0,0,74
205797,44,adaptive-prasle,1483,1,0,0,75,0,1050,0,1,44,204314,1483,0,76,0,0,0,LEADER,1,0,0,0,0,75
205045,51,adaptive-prasle,1652,1,0,0,74,0,1036,0,1,51,203393,1652,0,75,0,0,0,LEADER,1,0,0,0,0,74
205402,33,adaptive-prasle,2007,1,0,0,74,0,1036,0,1,33,203395,2007,0,75,0,0,0,LEADER,1,0,0,0,0,74
205845,22,adaptive-prasle,1531,1,0,0,75,0,1050,0,1,22,204314,1531,0,76,0,0,0,LEADER,1,0,0,0,0,75
205557,72,adaptive-prasle,2162,1,0,0,74,0,1036,0,1,72,203395,2162,0,75,0,0,0,LEADER,1,0,0,0,0,74
205345,24,adaptive-prasle,1952,1,0,0,74,0,1036,0,1,24,203393,1952,0,75,0,0,0,LEADER,1,0,0,0,0,74
205877,32,adaptive-prasle,1564,1,0,0,75,0,1050,0,1,32,204313,1564,0,76,0,0,0,LEADER,1,0,0,0,0,75
205064,93,adaptive-prasle,1671,1,0,0,74,0,1036,0,1,93,203393,1671,0,75,0,0,0,LEADER,1,0,0,0,0,74
205723,79,adaptive-prasle,2331,1,0,0,74,0,1036,0,1,79,203392,2331,0,75,0,0,0,LEADER,1,0,0,0,0,74
205738,69,adaptive-prasle,2343,1,0,0,74,0,1036,0,1,69,203395,2343,0,75,0,0,0,LEADER,1,0,0,0,0,74
205418,75,adaptive-prasle,2025,1,0,0,74,0,1036,0,1,75,203393,2025,0,75,0,0,0,LEADER,1,0,0,0,0,74
205145,81,adaptive-prasle,1752,1,0,0,74,0,1036,0,1,81,203393,1752,0,75,0,0,0,LEADER,1,0,0,0,0,74
205003,52,adaptive-prasle,1610,1,0,0,74,0,1036,0,1,52,203393,1610,0,75,0,0,0,LEADER,1,0,0,0,0,74
205482,21,adaptive-prasle,2088,1,0,0,74,0,1036,0,1,21,203394,2088,0,75,0,0,0,LEADER,1,0,0,0,0,74
205658,29,adaptive-prasle,2265,1,0,0,74,0,1036,0,1,29,203393,2265,0,75,0,0,0,LEADER,1,0,0,0,0,74
205234,100,adaptive-prasle,1841,1,0,0,74,0,1036,0,1,100,203393,1841,0,75,0,0,0,LEADER,1,0,0,0,0,74
205079,61,adaptive-prasle,1686,1,0,0,74,0,1036,0,1,61,203393,1686,0,75,0,0,0,LEADER,1,0,0,0,0,74
205643,91,adaptive-prasle,2250,1,0,0,74,0,1036,0,1,91,203393,2250,0,75,0,0,0,LEADER,1,0,0,0,0,74
205603,37,adaptive-prasle,2210,1,0,0,74,0,1036,0,1,37,203393,2210,0,75,0,0,0,LEADER,1,0,0,0,0,74
205146,38,adaptive-prasle,1755,1,0,0,74,0,1036,0,1,38,203391,1755,0,75,0,0,0,LEADER,1,0,0,0,0,74
205812,98,adaptive-prasle,2419,1,0,0,74,0,1036,0,1,98,203393,2419,0,75,0,0,0,LEADER,1,0,0,0,0,74
205672,27,adaptive-prasle,2280,1,0,0,74,0,1036,0,1,27,203392,2280,0,75,0,0,0,LEADER,1,0,0,0,0,74
205521,62,adaptive-prasle,2128,1,0,0,74,0,1036,0,1,62,203393,2128,0,75,0,0,0,LEADER,1,0,0,0,0,74
205330,56,adaptive-prasle,1937,1,0,0,74,0,1036,0,1,56,203393,1937,0,75,0,0,0,LEADER,1,0,0,0,0,74
205716,99,adaptive-prasle,2328,1,0,0,74,0,1036,0,1,99,203388,2328,0,75,0,0,0,LEADER,1,0,0,0,0,74
205597,48,adaptive-prasle,2202,1,0,0,74,0,1036,0,1,48,203395,2202,0,75,0,0,0,LEADER,1,0,0,0,0,74
205112,71,adaptive-prasle,1719,1,0,0,74,0,1036,0,1,71,203393,1719,0,75,0,0,0,LEADER,1,0,0,0,0,74
205337,87,adaptive-prasle,1944,1,0,0,74,0,1036,0,1,87,203393,1944,0,75,0,0,0,LEADER,1,0,0,0,0,74
205263,36,adaptive-prasle,1870,1,0,0,74,0,1036,0,1,36,203393,1870,0,75,0,0,0,LEADER,1,0,0,0,0,74
205760,77,adaptive-prasle,1446,1,0,0,75,0,1050,0,1,77,204314,1446,0,76,0,0,0,LEADER,1,0,0,0,0,75
205953,83,adaptive-prasle,1637,1,0,0,75,0,1050,0,1,83,204316,1637,0,76,0,0,0,LEADER,1,0,0,0,0,75
205452,85,adaptive-prasle,2059,1,0,0,74,0,1036,0,1,85,203393,2059,0,75,0,0,0,LEADER,1,0,0,0,0,74
205981,19,adaptive-prasle,1667,1,0,0,75,0,1050,0,1,19,204314,1667,0,76,0,0,0,LEADER,1,0,0,0,0,75
206136,65,adaptive-prasle,1822,1,0,0,75,0,1050,0,1,65,204314,1822,0,76,0,0,0,LEADER,1,0,0,0,0,75
205742,35,adaptive-prasle,1428,1,0,0,75,0,1050,0,1,35,204314,1428,0,76,0,0,0,LEADER,1,0,0,0,0,75
205757,86,adaptive-prasle,1443,1,0,0,75,0,1050,0,1,86,204314,1443,0,76,0,0,0,LEADER,1,0,0,0,0,75
205799,50,adaptive-prasle,2406,1,0,0,74,0,1036,0,1,50,203393,2406,0,75,0,0,0,LEADER,1,0,0,0,0,74
205815,55,adaptive-prasle,1501,1,0,0,75,0,1050,0,1,55,204314,1501,0,76,0,0,0,LEADER,1,0,0,0,0,75
205854,63,adaptive-prasle,1540,1,0,0,75,0,1050,0,1,63,204314,1540,0,76,0,0,0,LEADER,1,0,0,0,0,75
206218,46,adaptive-prasle,1904,1,0,0,75,0,1050,0,1,46,204314,1904,0,76,0,0,0,LEADER,1,0,0,0,0,75
206013,53,adaptive-prasle,1701,1,0,0,75,0,1050,0,1,53,204312,1701,0,76,0,0,0,LEADER,1,0,0,0,0,75
205367,23,adaptive-prasle,1974,1,0,0,74,0,1036,0,1,23,203393,1974,0,75,0,0,0,LEADER,1,0,0,0,0,74
206236,88,adaptive-prasle,1922,1,0,0,75,0,1050,0,1,88,204314,1922,0,76,0,0,0,LEADER,1,0,0,0,0,75
205763,34,adaptive-prasle,1449,1,0,0,75,0,1050,0,1,34,204314,1449,0,76,0,0,0,LEADER,1,0,0,0,0,75
205372,97,adaptive-prasle,1977,1,0,0,74,0,1036,0,1,97,203395,1977,0,75,0,0,0,LEADER,1,0,0,0,0,74
205490,20,adaptive-prasle,2095,1,0,0,74,0,1036,0,1,20,203395,2095,0,75,0,0,0,LEADER,1,0,0,0,0,74
205570,40,adaptive-prasle,2177,1,0,0,74,0,1036,0,1,40,203393,2177,0,75,0,0,0,LEADER,1,0,0,0,0,74
205495,47,adaptive-prasle,2100,1,0,0,74,0,1036,0,1,47,203395,2100,0,75,0,0,0,LEADER,1,0,0,0,0,74
206406,95,adaptive-prasle,2092,1,0,0,75,0,1050,0,1,95,204314,2092,0,76,0,0,0,LEADER,1,0,0,0,0,75
205788,25,adaptive-prasle,2395,1,0,0,74,0,1036,0,1,25,203393,2395,0,75,0,0,0,LEADER,1,0,0,0,0,74
206394,84,adaptive-prasle,2080,1,0,0,75,0,1050,0,1,84,204314,2080,0,76,0,0,0,LEADER,1,0,0,0,0,75
205670,70,adaptive-prasle,2277,1,0,0,74,0,1036,0,1,70,203393,2277,0,75,0,0,0,LEADER,1,0,0,0,0,74
205588,82,adaptive-prasle,2195,1,0,0,74,0,1036,0,1,82,203393,2195,0,75,0,0,0,LEADER,1,0,0,0,0,74
205806,67,adaptive-prasle,2413,1,0,0,74,0,1036,0,1,67,203393,2413,0,75,0,0,0,LEADER,1,0,0,0,0,74
205758,89,adaptive-prasle,2365,1,0,0,74,0,1036,0,1,89,203393,2365,0,75,0,0,0,LEADER,1,0,0,0,0,74
206427,28,adaptive-prasle,2113,1,0,0,75,0,1050,0,1,28,204314,2113,0,76,0,0,0,LEADER,1,0,0,0,0,75
206171,68,adaptive-prasle,1855,1,0,0,75,0,1050,0,1,68,204316,1855,0,76,0,0,0,LEADER,1,0,0,0,0,75
206122,90,adaptive-prasle,1807,1,0,0,75,0,1050,0,1,90,204315,1807,0,76,0,0,0,LEADER,1,0,0,0,0,75
205782,76,adaptive-prasle,1468,1,0,0,75,0,1050,0,1,76,204314,1468,0,76,0,0,0,LEADER,1,0,0,0,0,75
206103,10,adaptive-prasle,1789,1,0,0,75,0,1050,0,1,10,204314,1789,0,76,0,0,0,LEADER,1,0,0,0,0,75
206535,58,adaptive-prasle,2221,1,0,0,75,0,1050,0,1,58,204314,2221,0,76,0,0,0,LEADER,1,0,0,0,0,75
205918,73,adaptive-prasle,1604,1,0,0,75,0,1050,0,1,73,204314,1604,0,76,0,0,0,LEADER,1,0,0,0,0,75
205658,59,adaptive-prasle,2265,1,0,0,74,0,1036,0,1,59,203393,2265,0,75,0,0,0,LEADER,1,0,0,0,0,74
205933,41,adaptive-prasle,1619,1,0,0,75,0,1050,0,1,41,204314,1619,0,76,0,0,0,LEADER,1,0,0,0,0,75
205848,96,adaptive-prasle,1534,1,0,0,75,0,1050,0,1,96,204314,1534,0,76,0,0,0,LEADER,1,0,0,0,0,75
206149,74,adaptive-prasle,1837,1,0,0,75,0,1050,0,1,74,204312,1837,0,76,0,0,0,LEADER,1,0,0,0,0,75
206081,49,adaptive-prasle,1767,1,0,0,75,0,1050,0,1,49,204314,1767,0,76,0,0,0,LEADER,1,0,0,0,0,75
206542,92,adaptive-prasle,2228,1,0,0,75,0,1050,0,1,92,204314,2228,0,76,0,0,0,LEADER,1,0,0,0,0,75
205750,66,adaptive-prasle,1434,1,0,0,75,0,1050,0,1,66,204316,1434,0,76,0,0,0,LEADER,1,0,0,0,0,75
205773,57,adaptive-prasle,2380,1,0,0,74,0,1036,0,1,57,203393,2380,0,75,0,0,0,LEADER,1,0,0,0,0,74
206574,78,adaptive-prasle,2260,1,0,0,75,0,1050,0,1,78,204314,2260,0,76,0,0,0,LEADER,1,0,0,0,0,75
205739,39,adaptive-prasle,2346,1,0,0,74,0,1036,0,1,39,203393,2346,0,75,0,0,0,LEADER,1,0,0,0,0,74
206457,30,adaptive-prasle,2143,1,0,0,75,0,1050,0,1,30,204314,2143,0,76,0,0,0,LEADER,1,0,0,0,0,75
205863,64,adaptive-prasle,1549,1,0,0,75,0,1050,0,1,64,204314,1549,0,76,0,0,0,LEADER,1,0,0,0,0,75
206088,80,adaptive-prasle,1774,1,0,0,75,0,1050,0,1,80,204314,1774,0,76,0,0,0,LEADER,1,0,0,0,0,75
205824,54,adaptive-prasle,1516,1,0,0,75,0,1050,0,1,54,204308,1516,0,76,0,0,0,LEADER,1,0,0,0,0,75
206354,43,adaptive-prasle,2040,1,0,0,75,0,1050,0,1,43,204314,2040,0,76,0,0,0,LEADER,1,0,0,0,0,75
206274,26,adaptive-prasle,1960,1,0,0,75,0,1050,0,1,26,204314,1960,0,76,0,0,0,LEADER,1,0,0,0,0,75
205903,42,adaptive-prasle,1591,1,0,0,75,0,1050,0,1,42,204312,1591,0,76,0,0,0,LEADER,1,0,0,0,0,75
205912,31,adaptive-prasle,1598,1,0,0,75,0,1050,0,1,31,204314,1598,0,76,0,0,0,LEADER,1,0,0,0,0,75
206669,94,adaptive-prasle,2355,1,0,0,75,0,1050,0,1,94,204314,2355,0,76,0,0,0,LEADER,1,0,0,0,0,75
206239,45,adaptive-prasle,1925,1,0,0,75,0,1050,0,1,45,204314,1925,0,76,0,0,0,LEADER,1,0,0,0,0,75
206612,60,adaptive-prasle,2298,1,0,0,75,0,1050,0,1,60,204314,2298,0,76,0,0,0,LEADER,1,0,0,0,0,75
206717,44,adaptive-prasle,1483,1,0,0,75,0,1050,0,1,44,205234,1483,0,76,0,0,0,LEADER,1,0,0,0,0,75
205966,51,adaptive-prasle,1652,1,0,0,75,0,1050,0,1,51,204314,1652,0,76,0,0,0,LEADER,1,0,0,0,0,75
206765,22,adaptive-prasle,1531,1,0,0,75,0,1050,0,1,22,205234,1531,0,76,0,0,0,LEADER,1,0,0,0,0,75
206323,33,adaptive-prasle,2007,1,0,0,75,0,1050,0,1,33,204316,2007,0,76,0,0,0,LEADER,1,0,0,0,0,75
206478,72,adaptive-prasle,2162,1,0,0,75,0,1050,0,1,72,204316,2162,0,76,0,0,0,LEADER,1,0,0,0,0,75
206266,24,adaptive-prasle,1952,1,0,0,75,0,1050,0,1,24,204314,1952,0,76,0,0,0,LEADER,1,0,0,0,0,75
206797,32,adaptive-prasle,1564,1,0,0,75,0,1050,0,1,32,205233,1564,0,76,0,0,0,LEADER,1,0,0,0,0,75
205985,93,adaptive-prasle,1671,1,0,0,75,0,1050,0,1,93,204314,1671,0,76,0,0,0,LEADER,1,0,0,0,0,75
206659,69,adaptive-prasle,2343,1,0,0,75,0,1050,0,1,69,204316,2343,0,76,0,0,0,LEADER,1,0,0,0,0,75
206644,79,adaptive-prasle,2331,1,0,0,75,0,1050,0,1,79,204313,2331,0,76,0,0,0,LEADER,1,0,0,0,0,75
206339,75,adaptive-prasle,2025,1,0,0,75,0,1050,0,1,75,204314,2025,0,76,0,0,0,LEADER,1,0,0,0,0,75
206066,81,adaptive-prasle,1752,1,0,0,75,0,1050,0,1,81,204314,1752,0,76,0,0,0,LEADER,1,0,0,0,0,75
205924,52,adaptive-prasle,1610,1,0,0,75,0,1050,0,1,52,204314,1610,0,76,0,0,0,LEADER,1,0,0,0,0,75
206579,29,adaptive-prasle,2265,1,0,0,75,0,1050,0,1,29,204314,2265,0,76,0,0,0,LEADER,1,0,0,0,0,75
206403,21,adaptive-prasle,2088,1,0,0,75,0,1050,0,1,21,204315,2088,0,76,0,0,0,LEADER,1,0,0,0,0,75
206155,100,adaptive-prasle,1841,1,0,0,75,0,1050,0,1,100,204314,1841,0,76,0,0,0,LEADER,1,0,0,0,0,75
206000,61,adaptive-prasle,1686,1,0,0,75,0,1050,0,1,61,204314,1686,0,76,0,0,0,LEADER,1,0,0,0,0,75
206564,91,adaptive-prasle,2250,1,0,0,75,0,1050,0,1,91,204314,2250,0,76,0,0,0,LEADER,1,0,0,0,0,75
206524,37,adaptive-prasle,2210,1,0,0,75,0,1050,0,1,37,204314,2210,0,76,0,0,0,LEADER,1,0,0,0,0,75
206067,38,adaptive-prasle,1755,1,0,0,75,0,1050,0,1,38,204312,1755,0,76,0,0,0,LEADER,1,0,0,0,0,75
206733,98,adaptive-prasle,2419,1,0,0,75,0,1050,0,1,98,204314,2419,0,76,0,0,0,LEADER,1,0,0,0,0,75
206593,27,adaptive-prasle,2280,1,0,0,75,0,1050,0,1,27,204313,2280,0,76,0,0,0,LEADER,1,0,0,0,0,75
206442,62,adaptive-prasle,2128,1,0,0,75,0,1050,0,1,62,204314,2128,0,76,0,0,0,LEADER,1,0,0,0,0,75
206251,56,adaptive-prasle,1937,1,0,0,75,0,1050,0,1,56,204314,1937,0,76,0,0,0,LEADER,1,0,0,0,0,75
206637,99,adaptive-prasle,2328,1,0,0,75,0,1050,0,1,99,204309,2328,0,76,0,0,0,LEADER,1,0,0,0,0,75
206518,48,adaptive-prasle,2202,1,0,0,75,0,1050,0,1,48,204316,2202,0,76,0,0,0,LEADER,1,0,0,0,0,75
206033,71,adaptive-prasle,1719,1,0,0,75,0,1050,0,1,71,204314,1719,0,76,0,0,0,LEADER,1,0,0,0,0,75
206258,87,adaptive-prasle,1944,1,0,0,75,0,1050,0,1,87,204314,1944,0,76,0,0,0,LEADER,1,0,0,0,0,75
206184,36,adaptive-prasle,1870,1,0,0,75,0,1050,0,1,36,204314,1870,0,76,0,0,0,LEADER,1,0,0,0,0,75
206680,77,adaptive-prasle,1446,1,0,0,75,0,1050,0,1,77,205234,1446,0,76,0,0,0,LEADER,1,0,0,0,0,75
206873,83,adaptive-prasle,1637,1,0,0,75,0,1050,0,1,83,205236,1637,0,76,0,0,0,LEADER,1,0,0,0,0,75
206373,85,adaptive-prasle,2059,1,0,0,75,0,1050,0,1,85,204314,2059,0,76,0,0,0,LEADER,1,0,0,0,0,75
206901,19,adaptive-prasle,1667,1,0,0,75,0,1050,0,1,19,205234,1667,0,76,0,0,0,LEADER,1,0,0,0,0,75
207056,65,adaptive-prasle,1822,1,0,0,75,0,1050,0,1,65,205234,1822,0,76,0,0,0,LEADER,1,0,0,0,0,75
206662,35,adaptive-prasle,1428,1,0,0,75,0,1050,0,1,35,205234,1428,0,76,0,0,0,LEADER,1,0,0,0,0,75
206677,86,adaptive-prasle,1443,1,0,0,75,0,1050,0,1,86,205234,1443,0,76,0,0,0,LEADER,1,0,0,0,0,75
206720,50,adaptive-prasle,2406,1,0,0,75,0,1050,0,1,50,204314,2406,0,76,0,0,0,LEADER,1,0,0,0,0,75
206735,55,adaptive-prasle,1501,1,0,0,75,0,1050,0,1,55,205234,1501,0,76,0,0,0,LEADER,1,0,0,0,0,75
206723,17,adaptive-prasle,1782,1,0,0,17,14,238,196,3,17,204941,1782,0,7,0,0,0,LEADER,1,0,0,0,0,17
207077,18,adaptive-prasle,2226,1,0,0,21,16,294,224,3,18,204851,2226,0,7,0,0,0,LEADER,1,0,0,0,0,21
206774,63,adaptive-prasle,1540,1,0,0,75,0,1050,0,1,63,205234,1540,0,76,0,0,0,LEADER,1,0,0,0,0,75
207138,46,adaptive-prasle,1904,1,0,0,75,0,1050,0,1,46,205234,1904,0,76,0,0,0,LEADER,1,0,0,0,0,75
206933,53,adaptive-prasle,1701,1,0,0,75,0,1050,0,1,53,205232,1701,0,76,0,0,0,LEADER,1,0,0,0,0,75
206288,23,adaptive-prasle,1974,1,0,0,75,0,1050,0,1,23,204314,1974,0,76,0,0,0,LEADER,1,0,0,0,0,75
207156,88,adaptive-prasle,1922,1,0,0,75,0,1050,0,1,88,205234,1922,0,76,0,0,0,LEADER,1,0,0,0,0,75
206683,34,adaptive-prasle,1449,1,0,0,75,0,1050,0,1,34,205234,1449,0,76,0,0,0,LEADER,1,0,0,0,0,75
206293,97,adaptive-prasle,1977,1,0,0,75,0,1050,0,1,97,204316,1977,0,76,0,0,0,LEADER,1,0,0,0,0,75
206411,20,adaptive-prasle,2095,1,0,0,75,0,1050,0,1,20,204316,2095,0,76,0,0,0,LEADER,1,0,0,0,0,75
206491,40,adaptive-prasle,2177,1,0,0,75,0,1050,0,1,40,204314,2177,0,76,0,0,0,LEADER,1,0,0,0,0,75
206416,47,adaptive-prasle,2100,1,0,0,75,0,1050,0,1,47,204316,2100,0,76,0,0,0,LEADER,1,0,0,0,0,75
207326,95,adaptive-prasle,2092,1,0,0,75,0,1050,0,1,95,205234,2092,0,76,0,0,0,LEADER,1,0,0,0,0,75
206709,25,adaptive-prasle,2395,1,0,0,75,0,1050,0,1,25,204314,2395,0,76,0,0,0,LEADER,1,0,0,0,0,75
207314,84,adaptive-prasle,2080,1,0,0,75,0,1050,0,1,84,205234,2080,0,76,0,0,0,LEADER,1,0,0,0,0,75
206591,70,adaptive-prasle,2277,1,0,0,75,0,1050,0,1,70,204314,2277,0,76,0,0,0,LEADER,1,0,0,0,0,75
206509,82,adaptive-prasle,2195,1,0,0,75,0,1050,0,1,82,204314,2195,0,76,0,0,0,LEADER,1,0,0,0,0,75
206727,67,adaptive-prasle,2413,1,0,0,75,0,1050,0,1,67,204314,2413,0,76,0,0,0,LEADER,1,0,0,0,0,75
206679,89,adaptive-prasle,2365,1,0,0,75,0,1050,0,1,89,204314,2365,0,76,0,0,0,LEADER,1,0,0,0,0,75
207102,5,adaptive-prasle,2338,1,0,0,11,25,154,350,6,3,204764,2338,0,8,0,0,0,NORMAL,0,0,0,0,0,11
207347,28,adaptive-prasle,2113,1,0,0,75,0,1050,0,1,28,205234,2113,0,76,0,0,0,LEADER,1,0,0,0,0,75
207091,68,adaptive-prasle,1855,1,0,0,75,0,1050,0,1,68,205236,1855,0,76,0,0,0,LEADER,1,0,0,0,0,75
207042,90,adaptive-prasle,1807,1,0,0,75,0,1050,0,1,90,205235,1807,0,76,0,0,0,LEADER,1,0,0,0,0,75
206702,76,adaptive-prasle,1468,1,0,0,75,0,1050,0,1,76,205234,1468,0,76,0,0,0,LEADER,1,0,0,0,0,75
207023,10,adaptive-prasle,1789,1,0,0,75,0,1050,0,1,10,205234,1789,0,76,0,0,0,LEADER,1,0,0,0,0,75
207455,58,adaptive-prasle,2221,1,0,0,75,0,1050,0,1,58,205234,2221,0,76,0,0,0,LEADER,1,0,0,0,0,75
206838,73,adaptive-prasle,1604,1,0,0,75,0,1050,0,1,73,205234,1604,0,76,0,0,0,LEADER,1,0,0,0,0,75
206579,59,adaptive-prasle,2265,1,0,0,75,0,1050,0,1,59,204314,2265,0,76,0,0,0,LEADER,1,0,0,0,0,75
206853,41,adaptive-prasle,1619,1,0,0,75,0,1050,0,1,41,205234,1619,0,76,0,0,0,LEADER,1,0,0,0,0,75
206768,96,adaptive-prasle,1534,1,0,0,75,0,1050,0,1,96,205234,1534,0,76,0,0,0,LEADER,1,0,0,0,0,75
207069,74,adaptive-prasle,1837,1,0,0,75,0,1050,0,1,74,205232,1837,0,76,0,0,0,LEADER,1,0,0,0,0,75
207001,49,adaptive-prasle,1767,1,0,0,75,0,1050,0,1,49,205234,1767,0,76,0,0,0,LEADER,1,0,0,0,0,75
207462,92,adaptive-prasle,2228,1,0,0,75,0,1050,0,1,92,205234,2228,0,76,0,0,0,LEADER,1,0,0,0,0,75
206670,66,adaptive-prasle,1434,1,0,0,75,0,1050,0,1,66,205236,1434,0,76,0,0,0,LEADER,1,0,0,0,0,75
206694,57,adaptive-prasle,2380,1,0,0,75,0,1050,0,1,57,204314,2380,0,76,0,0,0,LEADER,1,0,0,0,0,75
207494,78,adaptive-prasle,2260,1,0,0,75,0,1050,0,1,78,205234,2260,0,76,0,0,0,LEADER,1,0,0,0,0,75
206660,39,adaptive-prasle,2346,1,0,0,75,0,1050,0,1,39,204314,2346,0,76,0,0,0,LEADER,1,0,0,0,0,75
207377,30,adaptive-prasle,2143,1,0,0,75,0,1050,0,1,30,205234,2143,0,76,0,0,0,LEADER,1,0,0,0,0,75
206783,64,adaptive-prasle,1549,1,0,0,75,0,1050,0,1,64,205234,1549,0,76,0,0,0,LEADER,1,0,0,0,0,75
207008,80,adaptive-prasle,1774,1,0,0,75,0,1050,0,1,80,205234,1774,0,76,0,0,0,LEADER,1,0,0,0,0,75
206744,54,adaptive-prasle,1516,1,0,0,75,0,1050,0,1,54,205228,1516,0,76,0,0,0,LEADER,1,0,0,0,0,75
207274,43,adaptive-prasle,2040,1,0,0,75,0,1050,0,1,43,205234,2040,0,76,0,0,0,LEADER,1,0,0,0,0,75
207194,26,adaptive-prasle,1960,1,0,0,75,0,1050,0,1,26,205234,1960,0,76,0,0,0,LEADER,1,0,0,0,0,75
206823,42,adaptive-prasle,1591,1,0,0,75,0,1050,0,1,42,205232,1591,0,76,0,0,0,LEADER,1,0,0,0,0,75
206832,31,adaptive-prasle,1598,1,0,0,75,0,1050,0,1,31,205234,1598,0,76,0,0,0,LEADER,1,0,0,0,0,75
207589,94,adaptive-prasle,2355,1,0,0,75,0,1050,0,1,94,205234,2355,0,76,0,0,0,LEADER,1,0,0,0,0,75
207159,45,adaptive-prasle,1925,1,0,0,75,0,1050,0,1,45,205234,1925,0,76,0,0,0,LEADER,1,0,0,0,0,75
207532,60,adaptive-prasle,2298,1,0,0,75,0,1050,0,1,60,205234,2298,0,76,0,0,0,LEADER,1,0,0,0,0,75
207637,44,adaptive-prasle,1483,1,0,0,75,0,1050,0,1,44,206154,1483,0,76,0,0,0,LEADER,1,0,0,0,0,75
206886,51,adaptive-prasle,1652,1,0,0,75,0,1050,0,1,51,205234,1652,0,76,0,0,0,LEADER,1,0,0,0,0,75
207685,22,adaptive-prasle,1531,1,0,0,75,0,1050,0,1,22,206154,1531,0,76,0,0,0,LEADER,1,0,0,0,0,75
207243,33,adaptive-prasle,2007,1,0,0,75,0,1050,0,1,33,205236,2007,0,76,0,0,0,LEADER,1,0,0,0,0,75
207398,72,adaptive-prasle,2162,1,0,0,75,0,1050,0,1,72,205236,2162,0,76,0,0,0,LEADER,1,0,0,0,0,75
207186,24,adaptive-prasle,1952,1,0,0,75,0,1050,0,1,24,205234,1952,0,76,0,0,0,LEADER,1,0,0,0,0,75
207717,32,adaptive-prasle,1564,1,0,0,75,0,1050,0,1,32,206153,1564,0,76,0,0,0,LEADER,1,0,0,0,0,75
206905,93,adaptive-prasle,1671,1,0,0,75,0,1050,0,1,93,205234,1671,0,76,0,0,0,LEADER,1,0,0,0,0,75
207564,79,adaptive-prasle,2331,1,0,0,75,0,1050,0,1,79,205233,2331,0,76,0,0,0,LEADER,1,0,0,0,0,75
207579,69,adaptive-prasle,2343,1,0,0,75,0,1050,0,1,69,205236,2343,0,76,0,0,0,LEADER,1,0,0,0,0,75
207259,75,adaptive-prasle,2025,1,0,0,75,0,1050,0,1,75,205234,2025,0,76,0,0,0,LEADER,1,0,0,0,0,75
206986,81,adaptive-prasle,1752,1,0,0,75,0,1050,0,1,81,205234,1752,0,76,0,0,0,LEADER,1,0,0,0,0,75
206844,52,adaptive-prasle,1610,1,0,0,75,0,1050,0,1,52,205234,1610,0,76,0,0,0,LEADER,1,0,0,0,0,75
207323,21,adaptive-prasle,2088,1,0,0,75,0,1050,0,1,21,205235,2088,0,76,0,0,0,LEADER,1,0,0,0,0,75
207499,29,adaptive-prasle,2265,1,0,0,75,0,1050,0,1,29,205234,2265,0,76,0,0,0,LEADER,1,0,0,0,0,75
207075,100,adaptive-prasle,1841,1,0,0,75,0,1050,0,1,100,205234,1841,0,76,0,0,0,LEADER,1,0,0,0,0,75
206920,61,adaptive-prasle,1686,1,0,0,75,0,1050,0,1,61,205234,1686,0,76,0,0,0,LEADER,1,0,0,0,0,75
207484,91,adaptive-prasle,2250,1,0,0,75,0,1050,0,1,91,205234,2250,0,76,0,0,0,LEADER,1,0,0,0,0,75
207444,37,adaptive-prasle,2210,1,0,0,75,0,1050,0,1,37,205234,2210,0,76,0,0,0,LEADER,1,0,0,0,0,75
206987,38,adaptive-prasle,1755,1,0,0,75,0,1050,0,1,38,205232,1755,0,76,0,0,0,LEADER,1,0,0,0,0,75
207653,98,adaptive-prasle,2419,1,0,0,75,0,1050,0,1,98,205234,2419,0,76,0,0,0,LEADER,1,0,0,0,0,75
207513,27,adaptive-prasle,2280,1,0,0,75,0,1050,0,1,27,205233,2280,0,76,0,0,0,LEADER,1,0,0,0,0,75
207362,62,adaptive-prasle,2128,1,0,0,75,0,1050,0,1,62,205234,2128,0,76,0,0,0,LEADER,1,0,0,0,0,75
207171,56,adaptive-prasle,1937,1,0,0,75,0,1050,0,1,56,205234,1937,0,76,0,0,0,LEADER,1,0,0,0,0,75
207557,99,adaptive-prasle,2328,1,0,0,75,0,1050,0,1,99,205229,2328,0,76,0,0,0,LEADER,1,0,0,0,0,75
207438,48,adaptive-prasle,2202,1,0,0,75,0,1050,0,1,48,205236,2202,0,76,0,0,0,LEADER,1,0,0,0,0,75
206953,71,adaptive-prasle,1719,1,0,0,75,0,1050,0,1,71,205234,1719,0,76,0,0,0,LEADER,1,0,0,0,0,75
207178,87,adaptive-prasle,1944,1,0,0,75,0,1050,0,1,87,205234,1944,0,76,0,0,0,LEADER,1,0,0,0,0,75
207104,36,adaptive-prasle,1870,1,0,0,75,0,1050,0,1,36,205234,1870,0,76,0,0,0,LEADER,1,0,0,0,0,75
207600,77,adaptive-prasle,1446,1,0,0,75,0,1050,0,1,77,206154,1446,0,76,0,0,0,LEADER,1,0,0,0,0,75
207793,83,adaptive-prasle,1637,1,0,0,75,0,1050,0,1,83,206156,1637,0,76,0,0,0,LEADER,1,0,0,0,0,75
207293,85,adaptive-prasle,2059,1,0,0,75,0,1050,0,1,85,205234,2059,0,76,0,0,0,LEADER,1,0,0,0,0,75
207821,19,adaptive-prasle,1667,1,0,0,75,0,1050,0,1,19,206154,1667,0,76,0,0,0,LEADER,1,0,0,0,0,75
207976,65,adaptive-prasle,1822,1,0,0,75,0,1050,0,1,65,206154,1822,0,76,0,0,0,LEADER,1,0,0,0,0,75
207582,35,adaptive-prasle,1428,1,0,0,75,0,1050,0,1,35,206154,1428,0,76,0,0,0,LEADER,1,0,0,0,0,75
207597,86,adaptive-prasle,1443,1,0,0,75,0,1050,0,1,86,206154,1443,0,76,0,0,0,LEADER,1,0,0,0,0,75
207640,50,adaptive-prasle,2406,1,0,0,75,0,1050,0,1,50,205234,2406,0,76,0,0,0,LEADER,1,0,0,0,0,75
207655,55,adaptive-prasle,1501,1,0,0,75,0,1050,0,1,55,206154,1501,0,76,0,0,0,LEADER,1,0,0,0,0,75
207694,63,adaptive-prasle,1540,1,0,0,75,0,1050,0,1,63,206154,1540,0,76,0,0,0,LEADER,1,0,0,0,0,75
208058,46,adaptive-prasle,1904,1,0,0,75,0,1050,0,1,46,206154,1904,0,76,0,0,0,LEADER,1,0,0,0,0,75
207853,53,adaptive-prasle,1701,1,0,0,75,0,1050,0,1,53,206152,1701,0,76,0,0,0,LEADER,1,0,0,0,0,75
207208,23,adaptive-prasle,1974,1,0,0,75,0,1050,0,1,23,205234,1974,0,76,0,0,0,LEADER,1,0,0,0,0,75
208076,88,adaptive-prasle,1922,1,0,0,75,0,1050,0,1,88,206154,1922,0,76,0,0,0,LEADER,1,0,0,0,0,75
207603,34,adaptive-prasle,1449,1,0,0,75,0,1050,0,1,34,206154,1449,0,76,0,0,0,LEADER,1,0,0,0,0,75
207213,97,adaptive-prasle,1977,1,0,0,75,0,1050,0,1,97,205236,1977,0,76,0,0,0,LEADER,1,0,0,0,0,75
207331,20,adaptive-prasle,2095,1,0,0,75,0,1050,0,1,20,205236,2095,0,76,0,0,0,LEADER,1,0,0,0,0,75
207411,40,adaptive-prasle,2177,1,0,0,75,0,1050,0,1,40,205234,2177,0,76,0,0,0,LEADER,1,0,0,0,0,75
207336,47,adaptive-prasle,2100,1,0,0,75,0,1050,0,1,47,205236,2100,0,76,0,0,0,LEADER,1,0,0,0,0,75
208246,95,adaptive-prasle,2092,1,0,0,75,0,1050,0,1,95,206154,2092,0,76,0,0,0,LEADER,1,0,0,0,0,75
207629,25,adaptive-prasle,2395,1,0,0,75,0,1050,0,1,25,205234,2395,0,76,0,0,0,LEADER,1,0,0,0,0,75
208234,84,adaptive-prasle,2080,1,0,0,75,0,1050,0,1,84,206154,2080,0,76,0,0,0,LEADER,1,0,0,0,0,75
207511,70,adaptive-prasle,2277,1,0,0,75,0,1050,0,1,70,205234,2277,0,76,0,0,0,LEADER,1,0,0,0,0,75
207429,82,adaptive-prasle,2195,1,0,0,75,0,1050,0,1,82,205234,2195,0,76,0,0,0,LEADER,1,0,0,0,0,75
207647,67,adaptive-prasle,2413,1,0,0,75,0,1050,0,1,67,205234,2413,0,76,0,0,0,LEADER,1,0,0,0,0,75
207599,89,adaptive-prasle,2365,1,0,0,75,0,1050,0,1,89,205234,2365,0,76,0,0,0,LEADER,1,0,0,0,0,75
208267,28,adaptive-prasle,2113,1,0,0,75,0,1050,0,1,28,206154,2113,0,76,0,0,0,LEADER,1,0,0,0,0,75
208011,68,adaptive-prasle,1855,1,0,0,75,0,1050,0,1,68,206156,1855,0,76,0,0,0,LEADER,1,0,0,0,0,75
207962,90,adaptive-prasle,1807,1,0,0,75,0,1050,0,1,90,206155,1807,0,76,0,0,0,LEADER,1,0,0,0,0,75
207622,76,adaptive-prasle,1468,1,0,0,75,0,1050,0,1,76,206154,1468,0,76,0,0,0,LEADER,1,0,0,0,0,75
207943,10,adaptive-prasle,1789,1,0,0,75,0,1050,0,1,10,206154,1789,0,76,0,0,0,LEADER,1,0,0,0,0,75
208375,58,adaptive-prasle,2221,1,0,0,75,0,1050,0,1,58,206154,2221,0,76,0,0,0,LEADER,1,0,0,0,0,75
207758,73,adaptive-prasle,1604,1,0,0,75,0,1050,0,1,73,206154,1604,0,76,0,0,0,LEADER,1,0,0,0,0,75
207499,59,adaptive-prasle,2265,1,0,0,75,0,1050,0,1,59,205234,2265,0,76,0,0,0,LEADER,1,0,0,0,0,75
207773,41,adaptive-prasle,1619,1,0,0,75,0,1050,0,1,41,206154,1619,0,76,0,0,0,LEADER,1,0,0,0,0,75
207688,96,adaptive-prasle,1534,1,0,0,75,0,1050,0,1,96,206154,1534,0,76,0,0,0,LEADER,1,0,0,0,0,75
207921,49,adaptive-prasle,1767,1,0,0,75,0,1050,0,1,49,206154,1767,0,76,0,0,0,LEADER,1,0,0,0,0,75
207989,74,adaptive-prasle,1837,1,0,0,75,0,1050,0,1,74,206152,1837,0,76,0,0,0,LEADER,1,0,0,0,0,75
208382,92,adaptive-prasle,2228,1,0,0,75,0,1050,0,1,92,206154,2228,0,76,0,0,0,LEADER,1,0,0,0,0,75
207590,66,adaptive-prasle,1434,1,0,0,75,0,1050,0,1,66,206156,1434,0,76,0,0,0,LEADER,1,0,0,0,0,75
207614,57,adaptive-prasle,2380,1,0,0,75,0,1050,0,1,57,205234,2380,0,76,0,0,0,LEADER,1,0,0,0,0,75
208414,78,adaptive-prasle,2260,1,0,0,75,0,1050,0,1,78,206154,2260,0,76,0,0,0,LEADER,1,0,0,0,0,75
207580,39,adaptive-prasle,2346,1,0,0,75,0,1050,0,1,39,205234,2346,0,76,0,0,0,LEADER,1,0,0,0,0,75
208297,30,adaptive-prasle,2143,1,0,0,75,0,1050,0,1,30,206154,2143,0,76,0,0,0,LEADER,1,0,0,0,0,75
207703,64,adaptive-prasle,1549,1,0,0,75,0,1050,0,1,64,206154,1549,0,76,0,0,0,LEADER,1,0,0,0,0,75
207928,80,adaptive-prasle,1774,1,0,0,75,0,1050,0,1,80,206154,1774,0,76,0,0,0,LEADER,1,0,0,0,0,75
207664,54,adaptive-prasle,1516,1,0,0,75,0,1050,0,1,54,206148,1516,0,76,0,0,0,LEADER,1,0,0,0,0,75
208194,43,adaptive-prasle,2040,1,0,0,75,0,1050,0,1,43,206154,2040,0,76,0,0,0,LEADER,1,0,0,0,0,75
208114,26,adaptive-prasle,1960,1,0,0,75,0,1050,0,1,26,206154,1960,0,76,0,0,0,LEADER,1,0,0,0,0,75
207743,42,adaptive-prasle,1591,1,0,0,75,0,1050,0,1,42,206152,1591,0,76,0,0,0,LEADER,1,0,0,0,0,75
207752,31,adaptive-prasle,1598,1,0,0,75,0,1050,0,1,31,206154,1598,0,76,0,0,0,LEADER,1,0,0,0,0,75
208509,94,adaptive-prasle,2355,1,0,0,75,0,1050,0,1,94,206154,2355,0,76,0,0,0,LEADER,1,0,0,0,0,75
208079,45,adaptive-prasle,1925,1,0,0,75,0,1050,0,1,45,206154,1925,0,76,0,0,0,LEADER,1,0,0,0,0,75
208452,60,adaptive-prasle,2298,1,0,0,75,0,1050,0,1,60,206154,2298,0,76,0,0,0,LEADER,1,0,0,0,0,75
208558,44,adaptive-prasle,1483,1,0,0,76,0,1064,0,1,44,207075,1483,0,77,0,0,0,LEADER,1,0,0,0,0,76
207806,51,adaptive-prasle,1652,1,0,0,75,0,1050,0,1,51,206154,1652,0,76,0,0,0,LEADER,1,0,0,0,0,75
208163,33,adaptive-prasle,2007,1,0,0,75,0,1050,0,1,33,206156,2007,0,76,0,0,0,LEADER,1,0,0,0,0,75
208606,22,adaptive-prasle,1531,1,0,0,76,0,1064,0,1,22,207075,1531,0,77,0,0,0,LEADER,1,0,0,0,0,76
208318,72,adaptive-prasle,2162,1,0,0,75,0,1050,0,1,72,206156,2162,0,76,0,0,0,LEADER,1,0,0,0,0,75
208106,24,adaptive-prasle,1952,1,0,0,75,0,1050,0,1,24,206154,1952,0,76,0,0,0,LEADER,1,0,0,0,0,75
208638,32,adaptive-prasle,1564,1,0,0,76,0,1064,0,1,32,207074,1564,0,77,0,0,0,LEADER,1,0,0,0,0,76
207825,93,adaptive-prasle,1671,1,0,0,75,0,1050,0,1,93,206154,1671,0,76,0,0,0,LEADER,1,0,0,0,0,75
208484,79,adaptive-prasle,2331,1,0,0,75,0,1050,0,1,79,206153,2331,0,76,0,0,0,LEADER,1,0,0,0,0,75
208499,69,adaptive-prasle,2343,1,0,0,75,0,1050,0,1,69,206156,2343,0,76,0,0,0,LEADER,1,0,0,0,0,75
208179,75,adaptive-prasle,2025,1,0,0,75,0,1050,0,1,75,206154,2025,0,76,0,0,0,LEADER,1,0,0,0,0,75
207906,81,adaptive-prasle,1752,1,0,0,75,0,1050,0,1,81,206154,1752,0,76,0,0,0,LEADER,1,0,0,0,0,75
207764,52,adaptive-prasle,1610,1,0,0,75,0,1050,0,1,52,206154,1610,0,76,0,0,0,LEADER,1,0,0,0,0,75
208243,21,adaptive-prasle,2088,1,0,0,75,0,1050,0,1,21,206155,2088,0,76,0,0,0,LEADER,1,0,0,0,0,75
208419,29,adaptive-prasle,2265,1,0,0,75,0,1050,0,1,29,206154,2265,0,76,0,0,0,LEADER,1,0,0,0,0,75
207995,100,adaptive-prasle,1841,1,0,0,75,0,1050,0,1,100,206154,1841,0,76,0,0,0,LEADER,1,0,0,0,0,75
207840,61,adaptive-prasle,1686,1,0,0,75,0,1050,0,1,61,206154,1686,0,76,0,0,0,LEADER,1,0,0,0,0,75
208404,91,adaptive-prasle,2250,1,0,0,75,0,1050,0,1,91,206154,2250,0,76,0,0,0,LEADER,1,0,0,0,0,75
208364,37,adaptive-prasle,2210,1,0,0,75,0,1050,0,1,37,206154,2210,0,76,0,0,0,LEADER,1,0,0,0,0,75
207907,38,adaptive-prasle,1755,1,0,0,75,0,1050,0,1,38,206152,1755,0,76,0,0,0,LEADER,1,0,0,0,0,75
208573,98,adaptive-prasle,2419,1,0,0,75,0,1050,0,1,98,206154,2419,0,76,0,0,0,LEADER,1,0,0,0,0,75
208433,27,adaptive-prasle,2280,1,0,0,75,0,1050,0,1,27,206153,2280,0,76,0,0,0,LEADER,1,0,0,0,0,75
208282,62,adaptive-prasle,2128,1,0,0,75,0,1050,0,1,62,206154,2128,0,76,0,0,0,LEADER,1,0,0,0,0,75
208091,56,adaptive-prasle,1937,1,0,0,75,0,1050,0,1,56,206154,1937,0,76,0,0,0,LEADER,1,0,0,0,0,75
208477,99,adaptive-prasle,2328,1,0,0,75,0,1050,0,1,99,206149,2328,0,76,0,0,0,LEADER,1,0,0,0,0,75
208358,48,adaptive-prasle,2202,1,0,0,75,0,1050,0,1,48,206156,2202,0,76,0,0,0,LEADER,1,0,0,0,0,75
207873,71,adaptive-prasle,1719,1,0,0,75,0,1050,0,1,71,206154,1719,0,76,0,0,0,LEADER,1,0,0,0,0,75
208098,87,adaptive-prasle,1944,1,0,0,75,0,1050,0,1,87,206154,1944,0,76,0,0,0,LEADER,1,0,0,0,0,75
208024,36,adaptive-prasle,1870,1,0,0,75,0,1050,0,1,36,206154,1870,0,76,0,0,0,LEADER,1,0,0,0,0,75
208521,77,adaptive-prasle,1446,1,0,0,76,0,1064,0,1,77,207075,1446,0,77,0,0,0,LEADER,1,0,0,0,0,76
208714,83,adaptive-prasle,1637,1,0,0,76,0,1064,0,1,83,207077,1637,0,77,0,0,0,LEADER,1,0,0,0,0,76
208213,85,adaptive-prasle,2059,1,0,0,75,0,1050,0,1,85,206154,2059,0,76,0,0,0,LEADER,1,0,0,0,0,75
208742,19,adaptive-prasle,1667,1,0,0,76,0,1064,0,1,19,207075,1667,0,77,0,0,0,LEADER,1,0,0,0,0,76
208897,65,adaptive-prasle,1822,1,0,0,76,0,1064,0,1,65,207075,1822,0,77,0,0,0,LEADER,1,0,0,0,0,76
208503,35,adaptive-prasle,1428,1,0,0,76,0,1064,0,1,35,207075,1428,0,77,0,0,0,LEADER,1,0,0,0,0,76
208518,86,adaptive-prasle,1443,1,0,0,76,0,1064,0,1,86,207075,1443,0,77,0,0,0,LEADER,1,0,0,0,0,76
208560,50,adaptive-prasle,2406,1,0,0,75,0,1050,0,1,50,206154,2406,0,76,0,0,0,LEADER,1,0,0,0,0,75
208663,14,adaptive-prasle,2096,1,0,0,12,12,168,168,4,14,206567,2096,0,7,0,0,0,LEADER,1,0,0,0,0,12
208576,55,adaptive-prasle,1501,1,0,0,76,0,1064,0,1,55,207075,1501,0,77,0,0,0,LEADER,1,0,0,0,0,76
208615,63,adaptive-prasle,1540,1,0,0,76,0,1064,0,1,63,207075,1540,0,77,0,0,0,LEADER,1,0,0,0,0,76
208979,46,adaptive-prasle,1904,1,0,0,76,0,1064,0,1,46,207075,1904,0,77,0,0,0,LEADER,1,0,0,0,0,76
208774,53,adaptive-prasle,1701,1,0,0,76,0,1064,0,1,53,207073,1701,0,77,0,0,0,LEADER,1,0,0,0,0,76
208128,23,adaptive-prasle,1974,1,0,0,75,0,1050,0,1,23,206154,1974,0,76,0,0,0,LEADER,1,0,0,0,0,75
208997,88,adaptive-prasle,1922,1,0,0,76,0,1064,0,1,88,207075,1922,0,77,0,0,0,LEADER,1,0,0,0,0,76
208524,34,adaptive-prasle,1449,1,0,0,76,0,1064,0,1,34,207075,1449,0,77,0,0,0,LEADER,1,0,0,0,0,76
208133,97,adaptive-prasle,1977,1,0,0,75,0,1050,0,1,97,206156,1977,0,76,0,0,0,LEADER,1,0,0,0,0,75
208466,13,adaptive-prasle,1941,1,0,0,12,10,168,140,2,3,206525,1941,0,7,0,0,0,NORMAL,0,0,0,0,0,12
208251,20,adaptive-prasle,2095,1,0,0,75,0,1050,0,1,20,206156,2095,0,76,0,0,0,LEADER,1,0,0,0,0,75
208331,40,adaptive-prasle,2177,1,0,0,75,0,1050,0,1,40,206154,2177,0,76,0,0,0,LEADER,1,0,0,0,0,75
208256,47,adaptive-prasle,2100,1,0,0,75,0,1050,0,1,47,206156,2100,0,76,0,0,0,LEADER,1,0,0,0,0,75
209167,95,adaptive-prasle,2092,1,0,0,76,0,1064,0,1,95,207075,2092,0,77,0,0,0,LEADER,1,0,0,0,0,76
208549,25,adaptive-prasle,2395,1,0,0,75,0,1050,0,1,25,206154,2395,0,76,0,0,0,LEADER,1,0,0,0,0,75
209155,84,adaptive-prasle,2080,1,0,0,76,0,1064,0,1,84,207075,2080,0,77,0,0,0,LEADER,1,0,0,0,0,76
208431,70,adaptive-prasle,2277,1,0,0,75,0,1050,0,1,70,206154,2277,0,76,0,0,0,LEADER,1,0,0,0,0,75
208349,82,adaptive-prasle,2195,1,0,0,75,0,1050,0,1,82,206154,2195,0,76,0,0,0,LEADER,1,0,0,0,0,75
208567,67,adaptive-prasle,2413,1,0,0,75,0,1050,0,1,67,206154,2413,0,76,0,0,0,LEADER,1,0,0,0,0,75
208519,89,adaptive-prasle,2365,1,0,0,75,0,1050,0,1,89,206154,2365,0,76,0,0,0,LEADER,1,0,0,0,0,75
209188,28,adaptive-prasle,2113,1,0,0,76,0,1064,0,1,28,207075,2113,0,77,0,0,0,LEADER,1,0,0,0,0,76
208932,68,adaptive-prasle,1855,1,0,0,76,0,1064,0,1,68,207077,1855,0,77,0,0,0,LEADER,1,0,0,0,0,76
208883,90,adaptive-prasle,1807,1,0,0,76,0,1064,0,1,90,207076,1807,0,77,0,0,0,LEADER,1,0,0,0,0,76
208543,76,adaptive-prasle,1468,1,0,0,76,0,1064,0,1,76,207075,1468,0,77,0,0,0,LEADER,1,0,0,0,0,76
208864,10,adaptive-prasle,1789,1,0,0,76,0,1064,0,1,10,207075,1789,0,77,0,0,0,LEADER,1,0,0,0,0,76
209296,58,adaptive-prasle,2221,1,0,0,76,0,1064,0,1,58,207075,2221,0,77,0,0,0,LEADER,1,0,0,0,0,76
208679,73,adaptive-prasle,1604,1,0,0,76,0,1064,0,1,73,207075,1604,0,77,0,0,0,LEADER,1,0,0,0,0,76
208419,59,adaptive-prasle,2265,1,0,0,75,0,1050,0,1,59,206154,2265,0,76,0,0,0,LEADER,1,0,0,0,0,75
208694,41,adaptive-prasle,1619,1,0,0,76,0,1064,0,1,41,207075,1619,0,77,0,0,0,LEADER,1,0,0,0,0,76
208609,96,adaptive-prasle,1534,1,0,0,76,0,1064,0,1,96,207075,1534,0,77,0,0,0,LEADER,1,0,0,0,0,76
208910,74,adaptive-prasle,1837,1,0,0,76,0,1064,0,1,74,207073,1837,0,77,0,0,0,LEADER,1,0,0,0,0,76
208842,49,adaptive-prasle,1767,1,0,0,76,0,1064,0,1,49,207075,1767,0,77,0,0,0,LEADER,1,0,0,0,0,76
209303,92,adaptive-prasle,2228,1,0,0,76,0,1064,0,1,92,207075,2228,0,77,0,0,0,LEADER,1,0,0,0,0,76
208511,66,adaptive-prasle,1434,1,0,0,76,0,1064,0,1,66,207077,1434,0,77,0,0,0,LEADER,1,0,0,0,0,76
208534,57,adaptive-prasle,2380,1,0,0,75,0,1050,0,1,57,206154,2380,0,76,0,0,0,LEADER,1,0,0,0,0,75
209335,78,adaptive-prasle,2260,1,0,0,76,0,1064,0,1,78,207075,2260,0,77,0,0,0,LEADER,1,0,0,0,0,76
208500,39,adaptive-prasle,2346,1,0,0,75,0,1050,0,1,39,206154,2346,0,76,0,0,0,LEADER,1,0,0,0,0,75
209218,30,adaptive-prasle,2143,1,0,0,76,0,1064,0,1,30,207075,2143,0,77,0,0,0,LEADER,1,0,0,0,0,76
208624,64,adaptive-prasle,1549,1,0,0,76,0,1064,0,1,64,207075,1549,0,77,0,0,0,LEADER,1,0,0,0,0,76
208849,80,adaptive-prasle,1774,1,0,0,76,0,1064,0,1,80,207075,1774,0,77,0,0,0,LEADER,1,0,0,0,0,76
208585,54,adaptive-prasle,1516,1,0,0,76,0,1064,0,1,54,207069,1516,0,77,0,0,0,LEADER,1,0,0,0,0,76
209115,43,adaptive-prasle,2040,1,0,0,76,0,1064,0,1,43,207075,2040,0,77,0,0,0,LEADER,1,0,0,0,0,76
209035,26,adaptive-prasle,1960,1,0,0,76,0,1064,0,1,26,207075,1960,0,77,0,0,0,LEADER,1,0,0,0,0,76
208664,42,adaptive-prasle,1591,1,0,0,76,0,1064,0,1,42,207073,1591,0,77,0,0,0,LEADER,1,0,0,0,0,76
208673,31,adaptive-prasle,1598,1,0,0,76,0,1064,0,1,31,207075,1598,0,77,0,0,0,LEADER,1,0,0,0,0,76
209430,94,adaptive-prasle,2355,1,0,0,76,0,1064,0,1,94,207075,2355,0,77,0,0,0,LEADER,1,0,0,0,0,76
209000,45,adaptive-prasle,1925,1,0,0,76,0,1064,0,1,45,207075,1925,0,77,0,0,0,LEADER,1,0,0,0,0,76
209373,60,adaptive-prasle,2298,1,0,0,76,0,1064,0,1,60,207075,2298,0,77,0,0,0,LEADER,1,0,0,0,0,76
209478,44,adaptive-prasle,1483,1,0,0,76,0,1064,0,1,44,207995,1483,0,77,0,0,0,LEADER,1,0,0,0,0,76
208727,51,adaptive-prasle,1652,1,0,0,76,0,1064,0,1,51,207075,1652,0,77,0,0,0,LEADER,1,0,0,0,0,76
209526,22,adaptive-prasle,1531,1,0,0,76,0,1064,0,1,22,207995,1531,0,77,0,0,0,LEADER,1,0,0,0,0,76
209084,33,adaptive-prasle,2007,1,0,0,76,0,1064,0,1,33,207077,2007,0,77,0,0,0,LEADER,1,0,0,0,0,76
209239,72,adaptive-prasle,2162,1,0,0,76,0,1064,0,1,72,207077,2162,0,77,0,0,0,LEADER,1,0,0,0,0,76
209027,24,adaptive-prasle,1952,1,0,0,76,0,1064,0,1,24,207075,1952,0,77,0,0,0,LEADER,1,0,0,0,0,76
209558,32,adaptive-prasle,1564,1,0,0,76,0,1064,0,1,32,207994,1564,0,77,0,0,0,LEADER,1,0,0,0,0,76
208746,93,adaptive-prasle,1671,1,0,0,76,0,1064,0,1,93,207075,1671,0,77,0,0,0,LEADER,1,0,0,0,0,76
209420,69,adaptive-prasle,2343,1,0,0,76,0,1064,0,1,69,207077,2343,0,77,0,0,0,LEADER,1,0,0,0,0,76
209405,79,adaptive-prasle,2331,1,0,0,76,0,1064,0,1,79,207074,2331,0,77,0,0,0,LEADER,1,0,0,0,0,76
209100,75,adaptive-prasle,2025,1,0,0,76,0,1064,0,1,75,207075,2025,0,77,0,0,0,LEADER,1,0,0,0,0,76
208827,81,adaptive-prasle,1752,1,0,0,76,0,1064,0,1,81,207075,1752,0,77,0,0,0,LEADER,1,0,0,0,0,76
208685,52,adaptive-prasle,1610,1,0,0,76,0,1064,0,1,52,207075,1610,0,77,0,0,0,LEADER,1,0,0,0,0,76
209164,21,adaptive-prasle,2088,1,0,0,76,0,1064,0,1,21,207076,2088,0,77,0,0,0,LEADER,1,0,0,0,0,76
209340,29,adaptive-prasle,2265,1,0,0,76,0,1064,0,1,29,207075,2265,0,77,0,0,0,LEADER,1,0,0,0,0,76
208916,100,adaptive-prasle,1841,1,0,0,76,0,1064,0,1,100,207075,1841,0,77,0,0,0,LEADER,1,0,0,0,0,76
208761,61,adaptive-prasle,1686,1,0,0,76,0,1064,0,1,61,207075,1686,0,77,0,0,0,LEADER,1,0,0,0,0,76
209325,91,adaptive-prasle,2250,1,0,0,76,0,1064,0,1,91,207075,2250,0,77,0,0,0,LEADER,1,0,0,0,0,76
209285,37,adaptive-prasle,2210,1,0,0,76,0,1064,0,1,37,207075,2210,0,77,0,0,0,LEADER,1,0,0,0,0,76
208828,38,adaptive-prasle,1755,1,0,0,76,0,1064,0,1,38,207073,1755,0,77,0,0,0,LEADER,1,0,0,0,0,76
209494,98,adaptive-prasle,2419,1,0,0,76,0,1064,0,1,98,207075,2419,0,77,0,0,0,LEADER,1,0,0,0,0,76
209354,27,adaptive-prasle,2280,1,0,0,76,0,1064,0,1,27,207074,2280,0,77,0,0,0,LEADER,1,0,0,0,0,76
209203,62,adaptive-prasle,2128,1,0,0,76,0,1064,0,1,62,207075,2128,0,77,0,0,0,LEADER,1,0,0,0,0,76
209012,56,adaptive-prasle,1937,1,0,0,76,0,1064,0,1,56,207075,1937,0,77,0,0,0,LEADER,1,0,0,0,0,76
209398,99,adaptive-prasle,2328,1,0,0,76,0,1064,0,1,99,207070,2328,0,77,0,0,0,LEADER,1,0,0,0,0,76
209279,48,adaptive-prasle,2202,1,0,0,76,0,1064,0,1,48,207077,2202,0,77,0,0,0,LEADER,1,0,0,0,0,76
208794,71,adaptive-prasle,1719,1,0,0,76,0,1064,0,1,71,207075,1719,0,77,0,0,0,LEADER,1,0,0,0,0,76
209019,87,adaptive-prasle,1944,1,0,0,76,0,1064,0,1,87,207075,1944,0,77,0,0,0,LEADER,1,0,0,0,0,76
208945,36,adaptive-prasle,1870,1,0,0,76,0,1064,0,1,36,207075,1870,0,77,0,0,0,LEADER,1,0,0,0,0,76
209441,77,adaptive-prasle,1446,1,0,0,76,0,1064,0,1,77,207995,1446,0,77,0,0,0,LEADER,1,0,0,0,0,76
209634,83,adaptive-prasle,1637,1,0,0,76,0,1064,0,1,83,207997,1637,0,77,0,0,0,LEADER,1,0,0,0,0,76
209134,85,adaptive-prasle,2059,1,0,0,76,0,1064,0,1,85,207075,2059,0,77,0,0,0,LEADER,1,0,0,0,0,76
209662,19,adaptive-prasle,1667,1,0,0,76,0,1064,0,1,19,207995,1667,0,77,0,0,0,LEADER,1,0,0,0,0,76
209817,65,adaptive-prasle,1822,1,0,0,76,0,1064,0,1,65,207995,1822,0,77,0,0,0,LEADER,1,0,0,0,0,76
209423,35,adaptive-prasle,1428,1,0,0,76,0,1064,0,1,35,207995,1428,0,77,0,0,0,LEADER,1,0,0,0,0,76
209438,86,adaptive-prasle,1443,1,0,0,76,0,1064,0,1,86,207995,1443,0,77,0,0,0,LEADER,1,0,0,0,0,76
209481,50,adaptive-prasle,2406,1,0,0,76,0,1064,0,1,50,207075,2406,0,77,0,0,0,LEADER,1,0,0,0,0,76
209496,55,adaptive-prasle,1501,1,0,0,76,0,1064,0,1,55,207995,1501,0,77,0,0,0,LEADER,1,0,0,0,0,76
209535,63,adaptive-prasle,1540,1,0,0,76,0,1064,0,1,63,207995,1540,0,77,0,0,0,LEADER,1,0,0,0,0,76
209899,46,adaptive-prasle,1904,1,0,0,76,0,1064,0,1,46,207995,1904,0,77,0,0,0,LEADER,1,0,0,0,0,76
209694,53,adaptive-prasle,1701,1,0,0,76,0,1064,0,1,53,207993,1701,0,77,0,0,0,LEADER,1,0,0,0,0,76
209049,23,adaptive-prasle,1974,1,0,0,76,0,1064,0,1,23,207075,1974,0,77,0,0,0,LEADER,1,0,0,0,0,76
209917,88,adaptive-prasle,1922,1,0,0,76,0,1064,0,1,88,207995,1922,0,77,0,0,0,LEADER,1,0,0,0,0,76
209444,34,adaptive-prasle,1449,1,0,0,76,0,1064,0,1,34,207995,1449,0,77,0,0,0,LEADER,1,0,0,0,0,76
209054,97,adaptive-prasle,1977,1,0,0,76,0,1064,0,1,97,207077,1977,0,77,0,0,0,LEADER,1,0,0,0,0,76
209172,20,adaptive-prasle,2095,1,0,0,76,0,1064,0,1,20,207077,2095,0,77,0,0,0,LEADER,1,0,0,0,0,76
209252,40,adaptive-prasle,2177,1,0,0,76,0,1064,0,1,40,207075,2177,0,77,0,0,0,LEADER,1,0,0,0,0,76
209177,47,adaptive-prasle,2100,1,0,0,76,0,1064,0,1,47,207077,2100,0,77,0,0,0,LEADER,1,0,0,0,0,76
210087,95,adaptive-prasle,2092,1,0,0,76,0,1064,0,1,95,207995,2092,0,77,0,0,0,LEADER,1,0,0,0,0,76
209470,25,adaptive-prasle,2395,1,0,0,76,0,1064,0,1,25,207075,2395,0,77,0,0,0,LEADER,1,0,0,0,0,76
210075,84,adaptive-prasle,2080,1,0,0,76,0,1064,0,1,84,207995,2080,0,77,0,0,0,LEADER,1,0,0,0,0,76
209352,70,adaptive-prasle,2277,1,0,0,76,0,1064,0,1,70,207075,2277,0,77,0,0,0,LEADER,1,0,0,0,0,76
209270,82,adaptive-prasle,2195,1,0,0,76,0,1064,0,1,82,207075,2195,0,77,0,0,0,LEADER,1,0,0,0,0,76
209488,67,adaptive-prasle,2413,1,0,0,76,0,1064,0,1,67,207075,2413,0,77,0,0,0,LEADER,1,0,0,0,0,76
209440,89,adaptive-prasle,2365,1,0,0,76,0,1064,0,1,89,207075,2365,0,77,0,0,0,LEADER,1,0,0,0,0,76
210108,28,adaptive-prasle,2113,1,0,0,76,0,1064,0,1,28,207995,2113,0,77,0,0,0,LEADER,1,0,0,0,0,76
209852,68,adaptive-prasle,1855,1,0,0,76,0,1064,0,1,68,207997,1855,0,77,0,0,0,LEADER,1,0,0,0,0,76
209803,90,adaptive-prasle,1807,1,0,0,76,0,1064,0,1,90,207996,1807,0,77,0,0,0,LEADER,1,0,0,0,0,76
209463,76,adaptive-prasle,1468,1,0,0,76,0,1064,0,1,76,207995,1468,0,77,0,0,0,LEADER,1,0,0,0,0,76
209784,10,adaptive-prasle,1789,1,0,0,76,0,1064,0,1,10,207995,1789,0,77,0,0,0,LEADER,1,0,0,0,0,76
210216,58,adaptive-prasle,2221,1,0,0,76,0,1064,0,1,58,207995,2221,0,77,0,0,0,LEADER,1,0,0,0,0,76
209599,73,adaptive-prasle,1604,1,0,0,76,0,1064,0,1,73,207995,1604,0,77,0,0,0,LEADER,1,0,0,0,0,76
209340,59,adaptive-prasle,2265,1,0,0,76,0,1064,0,1,59,207075,2265,0,77,0,0,0,LEADER,1,0,0,0,0,76
209614,41,adaptive-prasle,1619,1,0,0,76,0,1064,0,1,41,207995,1619,0,77,0,0,0,LEADER,1,0,0,0,0,76
209529,96,adaptive-prasle,1534,1,0,0,76,0,1064,0,1,96,207995,1534,0,77,0,0,0,LEADER,1,0,0,0,0,76
209830,74,adaptive-prasle,1837,1,0,0,76,0,1064,0,1,74,207993,1837,0,77,0,0,0,LEADER,1,0,0,0,0,76
209762,49,adaptive-prasle,1767,1,0,0,76,0,1064,0,1,49,207995,1767,0,77,0,0,0,LEADER,1,0,0,0,0,76
210223,92,adaptive-prasle,2228,1,0,0,76,0,1064,0,1,92,207995,2228,0,77,0,0,0,LEADER,1,0,0,0,0,76
209431,66,adaptive-prasle,1434,1,0,0,76,0,1064,0,1,66,207997,1434,0,77,0,0,0,LEADER,1,0,0,0,0,76
209455,57,adaptive-prasle,2380,1,0,0,76,0,1064,0,1,57,207075,2380,0,77,0,0,0,LEADER,1,0,0,0,0,76
210255,78,adaptive-prasle,2260,1,0,0,76,0,1064,0,1,78,207995,2260,0,77,0,0,0,LEADER,1,0,0,0,0,76
209421,39,adaptive-prasle,2346,1,0,0,76,0,1064,0,1,39,207075,2346,0,77,0,0,0,LEADER,1,0,0,0,0,76
210138,30,adaptive-prasle,2143,1,0,0,76,0,1064,0,1,30,207995,2143,0,77,0,0,0,LEADER,1,0,0,0,0,76
209544,64,adaptive-prasle,1549,1,0,0,76,0,1064,0,1,64,207995,1549,0,77,0,0,0,LEADER,1,0,0,0,0,76
209769,80,adaptive-prasle,1774,1,0,0,76,0,1064,0,1,80,207995,1774,0,77,0,0,0,LEADER,1,0,0,0,0,76
209505,54,adaptive-prasle,1516,1,0,0,76,0,1064,0,1,54,207989,1516,0,77,0,0,0,LEADER,1,0,0,0,0,76
210035,43,adaptive-prasle,2040,1,0,0,76,0,1064,0,1,43,207995,2040,0,77,0,0,0,LEADER,1,0,0,0,0,76
209955,26,adaptive-prasle,1960,1,0,0,76,0,1064,0,1,26,207995,1960,0,77,0,0,0,LEADER,1,0,0,0,0,76
209584,42,adaptive-prasle,1591,1,0,0,76,0,1064,0,1,42,207993,1591,0,77,0,0,0,LEADER,1,0,0,0,0,76
209593,31,adaptive-prasle,1598,1,0,0,76,0,1064,0,1,31,207995,1598,0,77,0,0,0,LEADER,1,0,0,0,0,76
210350,94,adaptive-prasle,2355,1,0,0,76,0,1064,0,1,94,207995,2355,0,77,0,0,0,LEADER,1,0,0,0,0,76
209920,45,adaptive-prasle,1925,1,0,0,76,0,1064,0,1,45,207995,1925,0,77,0,0,0,LEADER,1,0,0,0,0,76
210293,60,adaptive-prasle,2298,1,0,0,76,0,1064,0,1,60,207995,2298,0,77,0,0,0,LEADER,1,0,0,0,0,76
210398,44,adaptive-prasle,1483,1,0,0,76,0,1064,0,1,44,208915,1483,0,77,0,0,0,LEADER,1,0,0,0,0,76
209647,51,adaptive-prasle,1652,1,0,0,76,0,1064,0,1,51,207995,1652,0,77,0,0,0,LEADER,1,0,0,0,0,76
210446,22,adaptive-prasle,1531,1,0,0,76,0,1064,0,1,22,208915,1531,0,77,0,0,0,LEADER,1,0,0,0,0,76
210004,33,adaptive-prasle,2007,1,0,0,76,0,1064,0,1,33,207997,2007,0,77,0,0,0,LEADER,1,0,0,0,0,76
210159,72,adaptive-prasle,2162,1,0,0,76,0,1064,0,1,72,207997,2162,0,77,0,0,0,LEADER,1,0,0,0,0,76
209947,24,adaptive-prasle,1952,1,0,0,76,0,1064,0,1,24,207995,1952,0,77,0,0,0,LEADER,1,0,0,0,0,76
210478,32,adaptive-prasle,1564,1,0,0,76,0,1064,0,1,32,208914,1564,0,77,0,0,0,LEADER,1,0,0,0,0,76
209666,93,adaptive-prasle,1671,1,0,0,76,0,1064,0,1,93,207995,1671,0,77,0,0,0,LEADER,1,0,0,0,0,76
210340,69,adaptive-prasle,2343,1,0,0,76,0,1064,0,1,69,207997,2343,0,77,0,0,0,LEADER,1,0,0,0,0,76
210325,79,adaptive-prasle,2331,1,0,0,76,0,1064,0,1,79,207994,2331,0,77,0,0,0,LEADER,1,0,0,0,0,76
210020,75,adaptive-prasle,2025,1,0,0,76,0,1064,0,1,75,207995,2025,0,77,0,0,0,LEADER,1,0,0,0,0,76
209747,81,adaptive-prasle,1752,1,0,0,76,0,1064,0,1,81,207995,1752,0,77,0,0,0,LEADER,1,0,0,0,0,76
209605,52,adaptive-prasle,1610,1,0,0,76,0,1064,0,1,52,207995,1610,0,77,0,0,0,LEADER,1,0,0,0,0,76
210260,29,adaptive-prasle,2265,1,0,0,76,0,1064,0,1,29,207995,2265,0,77,0,0,0,LEADER,1,0,0,0,0,76
210084,21,adaptive-prasle,2088,1,0,0,76,0,1064,0,1,21,207996,2088,0,77,0,0,0,LEADER,1,0,0,0,0,76
209836,100,adaptive-prasle,1841,1,0,0,76,0,1064,0,1,100,207995,1841,0,77,0,0,0,LEADER,1,0,0,0,0,76
209681,61,adaptive-prasle,1686,1,0,0,76,0,1064,0,1,61,207995,1686,0,77,0,0,0,LEADER,1,0,0,0,0,76
210245,91,adaptive-prasle,2250,1,0,0,76,0,1064,0,1,91,207995,2250,0,77,0,0,0,LEADER,1,0,0,0,0,76
210205,37,adaptive-prasle,2210,1,0,0,76,0,1064,0,1,37,207995,2210,0,77,0,0,0,LEADER,1,0,0,0,0,76
209748,38,adaptive-prasle,1755,1,0,0,76,0,1064,0,1,38,207993,1755,0,77,0,0,0,LEADER,1,0,0,0,0,76
210414,98,adaptive-prasle,2419,1,0,0,76,0,1064,0,1,98,207995,2419,0,77,0,0,0,LEADER,1,0,0,0,0,76
210274,27,adaptive-prasle,2280,1,0,0,76,0,1064,0,1,27,207994,2280,0,77,0,0,0,LEADER,1,0,0,0,0,76
210123,62,adaptive-prasle,2128,1,0,0,76,0,1064,0,1,62,207995,2128,0,77,0,0,0,LEADER,1,0,0,0,0,76
209932,56,adaptive-prasle,1937,1,0,0,76,0,1064,0,1,56,207995,1937,0,77,0,0,0,LEADER,1,0,0,0,0,76
210318,99,adaptive-prasle,2328,1,0,0,76,0,1064,0,1,99,207990,2328,0,77,0,0,0,LEADER,1,0,0,0,0,76
210199,48,adaptive-prasle,2202,1,0,0,76,0,1064,0,1,48,207997,2202,0,77,0,0,0,LEADER,1,0,0,0,0,76
209714,71,adaptive-prasle,1719,1,0,0,76,0,1064,0,1,71,207995,1719,0,77,0,0,0,LEADER,1,0,0,0,0,76
209939,87,adaptive-prasle,1944,1,0,0,76,0,1064,0,1,87,207995,1944,0,77,0,0,0,LEADER,1,0,0,0,0,76
209865,36,adaptive-prasle,1870,1,0,0,76,0,1064,0,1,36,207995,1870,0,77,0,0,0,LEADER,1,0,0,0,0,76
210361,77,adaptive-prasle,1446,1,0,0,76,0,1064,0,1,77,208915,1446,0,77,0,0,0,LEADER,1,0,0,0,0,76
210554,83,adaptive-prasle,1637,1,0,0,76,0,1064,0,1,83,208917,1637,0,77,0,0,0,LEADER,1,0,0,0,0,76
210054,85,adaptive-prasle,2059,1,0,0,76,0,1064,0,1,85,207995,2059,0,77,0,0,0,LEADER,1,0,0,0,0,76
210582,19,adaptive-prasle,1667,1,0,0,76,0,1064,0,1,19,208915,1667,0,77,0,0,0,LEADER,1,0,0,0,0,76
210737,65,adaptive-prasle,1822,1,0,0,76,0,1064,0,1,65,208915,1822,0,77,0,0,0,LEADER,1,0,0,0,0,76
210343,35,adaptive-prasle,1428,1,0,0,76,0,1064,0,1,35,208915,1428,0,77,0,0,0,LEADER,1,0,0,0,0,76
210358,86,adaptive-prasle,1443,1,0,0,76,0,1064,0,1,86,208915,1443,0,77,0,0,0,LEADER,1,0,0,0,0,76
210401,50,adaptive-prasle,2406,1,0,0,76,0,1064,0,1,50,207995,2406,0,77,0,0,0,LEADER,1,0,0,0,0,76
210416,55,adaptive-prasle,1501,1,0,0,76,0,1064,0,1,55,208915,1501,0,77,0,0,0,LEADER,1,0,0,0,0,76
210455,63,adaptive-prasle,1540,1,0,0,76,0,1064,0,1,63,208915,1540,0,77,0,0,0,LEADER,1,0,0,0,0,76
210819,46,adaptive-prasle,1904,1,0,0,76,0,1064,0,1,46,208915,1904,0,77,0,0,0,LEADER,1,0,0,0,0,76
210614,53,adaptive-prasle,1701,1,0,0,76,0,1064,0,1,53,208913,1701,0,77,0,0,0,LEADER,1,0,0,0,0,76
209969,23,adaptive-prasle,1974,1,0,0,76,0,1064,0,1,23,207995,1974,0,77,0,0,0,LEADER,1,0,0,0,0,76
210837,88,adaptive-prasle,1922,1,0,0,76,0,1064,0,1,88,208915,1922,0,77,0,0,0,LEADER,1,0,0,0,0,76
210364,34,adaptive-prasle,1449,1,0,0,76,0,1064,0,1,34,208915,1449,0,77,0,0,0,LEADER,1,0,0,0,0,76
209974,97,adaptive-prasle,1977,1,0,0,76,0,1064,0,1,97,207997,1977,0,77,0,0,0,LEADER,1,0,0,0,0,76
210092,20,adaptive-prasle,2095,1,0,0,76,0,1064,0,1,20,207997,2095,0,77,0,0,0,LEADER,1,0,0,0,0,76
210172,40,adaptive-prasle,2177,1,0,0,76,0,1064,0,1,40,207995,2177,0,77,0,0,0,LEADER,1,0,0,0,0,76
210097,47,adaptive-prasle,2100,1,0,0,76,0,1064,0,1,47,207997,2100,0,77,0,0,0,LEADER,1,0,0,0,0,76
211007,95,adaptive-prasle,2092,1,0,0,76,0,1064,0,1,95,208915,2092,0,77,0,0,0,LEADER,1,0,0,0,0,76
210390,25,adaptive-prasle,2395,1,0,0,76,0,1064,0,1,25,207995,2395,0,77,0,0,0,LEADER,1,0,0,0,0,76
210995,84,adaptive-prasle,2080,1,0,0,76,0,1064,0,1,84,208915,2080,0,77,0,0,0,LEADER,1,0,0,0,0,76
210272,70,adaptive-prasle,2277,1,0,0,76,0,1064,0,1,70,207995,2277,0,77,0,0,0,LEADER,1,0,0,0,0,76
210190,82,adaptive-prasle,2195,1,0,0,76,0,1064,0,1,82,207995,2195,0,77,0,0,0,LEADER,1,0,0,0,0,76
210408,67,adaptive-prasle,2413,1,0,0,76,0,1064,0,1,67,207995,2413,0,77,0,0,0,LEADER,1,0,0,0,0,76
210360,89,adaptive-prasle,2365,1,0,0,76,0,1064,0,1,89,207995,2365,0,77,0,0,0,LEADER,1,0,0,0,0,76
211028,28,adaptive-prasle,2113,1,0,0,76,0,1064,0,1,28,208915,2113,0,77,0,0,0,LEADER,1,0,0,0,0,76
210772,68,adaptive-prasle,1855,1,0,0,76,0,1064,0,1,68,208917,1855,0,77,0,0,0,LEADER,1,0,0,0,0,76
210723,90,adaptive-prasle,1807,1,0,0,76,0,1064,0,1,90,208916,1807,0,77,0,0,0,LEADER,1,0,0,0,0,76
210383,76,adaptive-prasle,1468,1,0,0,76,0,1064,0,1,76,208915,1468,0,77,0,0,0,LEADER,1,0,0,0,0,76
210704,10,adaptive-prasle,1789,1,0,0,76,0,1064,0,1,10,208915,1789,0,77,0,0,0,LEADER,1,0,0,0,0,76
211136,58,adaptive-prasle,2221,1,0,0,76,0,1064,0,1,58,208915,2221,0,77,0,0,0,LEADER,1,0,0,0,0,76
210519,73,adaptive-prasle,1604,1,0,0,76,0,1064,0,1,73,208915,1604,0,77,0,0,0,LEADER,1,0,0,0,0,76
210260,59,adaptive-prasle,2265,1,0,0,76,0,1064,0,1,59,207995,2265,0,77,0,0,0,LEADER,1,0,0,0,0,76
210534,41,adaptive-prasle,1619,1,0,0,76,0,1064,0,1,41,208915,1619,0,77,0,0,0,LEADER,1,0,0,0,0,76
210449,96,adaptive-prasle,1534,1,0,0,76,0,1064,0,1,96,208915,1534,0,77,0,0,0,LEADER,1,0,0,0,0,76
210750,74,adaptive-prasle,1837,1,0,0,76,0,1064,0,1,74,208913,1837,0,77,0,0,0,LEADER,1,0,0,0,0,76
210682,49,adaptive-prasle,1767,1,0,0,76,0,1064,0,1,49,208915,1767,0,77,0,0,0,LEADER,1,0,0,0,0,76
211143,92,adaptive-prasle,2228,1,0,0,76,0,1064,0,1,92,208915,2228,0,77,0,0,0,LEADER,1,0,0,0,0,76
210351,66,adaptive-prasle,1434,1,0,0,76,0,1064,0,1,66,208917,1434,0,77,0,0,0,LEADER,1,0,0,0,0,76
210375,57,adaptive-prasle,2380,1,0,0,76,0,1064,0,1,57,207995,2380,0,77,0,0,0,LEADER,1,0,0,0,0,76
211175,78,adaptive-prasle,2260,1,0,0,76,0,1064,0,1,78,208915,2260,0,77,0,0,0,LEADER,1,0,0,0,0,76
210341,39,adaptive-prasle,2346,1,0,0,76,0,1064,0,1,39,207995,2346,0,77,0,0,0,LEADER,1,0,0,0,0,76
211058,30,adaptive-prasle,2143,1,0,0,76,0,1064,0,1,30,208915,2143,0,77,0,0,0,LEADER,1,0,0,0,0,76
210464,64,adaptive-prasle,1549,1,0,0,76,0,1064,0,1,64,208915,1549,0,77,0,0,0,LEADER,1,0,0,0,0,76
210689,80,adaptive-prasle,1774,1,0,0,76,0,1064,0,1,80,208915,1774,0,77,0,0,0,LEADER,1,0,0,0,0,76
210425,54,adaptive-prasle,1516,1,0,0,76,0,1064,0,1,54,208909,1516,0,77,0,0,0,LEADER,1,0,0,0,0,76
210955,43,adaptive-prasle,2040,1,0,0,76,0,1064,0,1,43,208915,2040,0,77,0,0,0,LEADER,1,0,0,0,0,76
210875,26,adaptive-prasle,1960,1,0,0,76,0,1064,0,1,26,208915,1960,0,77,0,0,0,LEADER,1,0,0,0,0,76
210504,42,adaptive-prasle,1591,1,0,0,76,0,1064,0,1,42,208913,1591,0,77,0,0,0,LEADER,1,0,0,0,0,76
210513,31,adaptive-prasle,1598,1,0,0,76,0,1064,0,1,31,208915,1598,0,77,0,0,0,LEADER,1,0,0,0,0,76
211270,94,adaptive-prasle,2355,1,0,0,76,0,1064,0,1,94,208915,2355,0,77,0,0,0,LEADER,1,0,0,0,0,76
210840,45,adaptive-prasle,1925,1,0,0,76,0,1064,0,1,45,208915,1925,0,77,0,0,0,LEADER,1,0,0,0,0,76
211213,60,adaptive-prasle,2298,1,0,0,76,0,1064,0,1,60,208915,2298,0,77,0,0,0,LEADER,1,0,0,0,0,76
211319,44,adaptive-prasle,1483,1,0,0,77,0,1078,0,1,44,209836,1483,0,78,0,0,0,LEADER,1,0,0,0,0,77
210567,51,adaptive-prasle,1652,1,0,0,76,0,1064,0,1,51,208915,1652,0,77,0,0,0,LEADER,1,0,0,0,0,76
210924,33,adaptive-prasle,2007,1,0,0,76,0,1064,0,1,33,208917,2007,0,77,0,0,0,LEADER,1,0,0,0,0,76
211367,22,adaptive-prasle,1531,1,0,0,77,0,1078,0,1,22,209836,1531,0,78,0,0,0,LEADER,1,0,0,0,0,77
211079,72,adaptive-prasle,2162,1,0,0,76,0,1064,0,1,72,208917,2162,0,77,0,0,0,LEADER,1,0,0,0,0,76
210867,24,adaptive-prasle,1952,1,0,0,76,0,1064,0,1,24,208915,1952,0,77,0,0,0,LEADER,1,0,0,0,0,76
211399,32,adaptive-prasle,1564,1,0,0,77,0,1078,0,1,32,209835,1564,0,78,0,0,0,LEADER,1,0,0,0,0,77
210586,93,adaptive-prasle,1671,1,0,0,76,0,1064,0,1,93,208915,1671,0,77,0,0,0,LEADER,1,0,0,0,0,76
211245,79,adaptive-prasle,2331,1,0,0,76,0,1064,0,1,79,208914,2331,0,77,0,0,0,LEADER,1,0,0,0,0,76
211260,69,adaptive-prasle,2343,1,0,0,76,0,1064,0,1,69,208917,2343,0,77,0,0,0,LEADER,1,0,0,0,0,76
210940,75,adaptive-prasle,2025,1,0,0,76,0,1064,0,1,75,208915,2025,0,77,0,0,0,LEADER,1,0,0,0,0,76
210667,81,adaptive-prasle,1752,1,0,0,76,0,1064,0,1,81,208915,1752,0,77,0,0,0,LEADER,1,0,0,0,0,76
210525,52,adaptive-prasle,1610,1,0,0,76,0,1064,0,1,52,208915,1610,0,77,0,0,0,LEADER,1,0,0,0,0,76
211004,21,adaptive-prasle,2088,1,0,0,76,0,1064,0,1,21,208916,2088,0,77,0,0,0,LEADER,1,0,0,0,0,76
211180,29,adaptive-prasle,2265,1,0,0,76,0,1064,0,1,29,208915,2265,0,77,0,0,0,LEADER,1,0,0,0,0,76
210756,100,adaptive-prasle,1841,1,0,0,76,0,1064,0,1,100,208915,1841,0,77,0,0,0,LEADER,1,0,0,0,0,76
210601,61,adaptive-prasle,1686,1,0,0,76,0,1064,0,1,61,208915,1686,0,77,0,0,0,LEADER,1,0,0,0,0,76
211165,91,adaptive-prasle,2250,1,0,0,76,0,1064,0,1,91,208915,2250,0,77,0,0,0,LEADER,1,0,0,0,0,76
211125,37,adaptive-prasle,2210,1,0,0,76,0,1064,0,1,37,208915,2210,0,77,0,0,0,LEADER,1,0,0,0,0,76
210668,38,adaptive-prasle,1755,1,0,0,76,0,1064,0,1,38,208913,1755,0,77,0,0,0,LEADER,1,0,0,0,0,76
211334,98,adaptive-prasle,2419,1,0,0,76,0,1064,0,1,98,208915,2419,0,77,0,0,0,LEADER,1,0,0,0,0,76
211194,27,adaptive-prasle,2280,1,0,0,76,0,1064,0,1,27,208914,2280,0,77,0,0,0,LEADER,1,0,0,0,0,76
211043,62,adaptive-prasle,2128,1,0,0,76,0,1064,0,1,62,208915,2128,0,77,0,0,0,LEADER,1,0,0,0,0,76
210852,56,adaptive-prasle,1937,1,0,0,76,0,1064,0,1,56,208915,1937,0,77,0,0,0,LEADER,1,0,0,0,0,76
211238,99,adaptive-prasle,2328,1,0,0,76,0,1064,0,1,99,208910,2328,0,77,0,0,0,LEADER,1,0,0,0,0,76
211119,48,adaptive-prasle,2202,1,0,0,76,0,1064,0,1,48,208917,2202,0,77,0,0,0,LEADER,1,0,0,0,0,76
210634,71,adaptive-prasle,1719,1,0,0,76,0,1064,0,1,71,208915,1719,0,77,0,0,0,LEADER,1,0,0,0,0,76
210859,87,adaptive-prasle,1944,1,0,0,76,0,1064,0,1,87,208915,1944,0,77,0,0,0,LEADER,1,0,0,0,0,76
210785,36,adaptive-prasle,1870,1,0,0,76,0,1064,0,1,36,208915,1870,0,77,0,0,0,LEADER,1,0,0,0,0,76
211282,77,adaptive-prasle,1446,1,0,0,77,0,1078,0,1,77,209836,1446,0,78,0,0,0,LEADER,1,0,0,0,0,77
211475,83,adaptive-prasle,1637,1,0,0,77,0,1078,0,1,83,209838,1637,0,78,0,0,0,LEADER,1,0,0,0,0,77
210974,85,adaptive-prasle,2059,1,0,0,76,0,1064,0,1,85,208915,2059,0,77,0,0,0,LEADER,1,0,0,0,0,76
211503,19,adaptive-prasle,1667,1,0,0,77,0,1078,0,1,19,209836,1667,0,78,0,0,0,LEADER,1,0,0,0,0,77
211658,65,adaptive-prasle,1822,1,0,0,77,0,1078,0,1,65,209836,1822,0,78,0,0,0,LEADER,1,0,0,0,0,77
211264,35,adaptive-prasle,1428,1,0,0,77,0,1078,0,1,35,209836,1428,0,78,0,0,0,LEADER,1,0,0,0,0,77
211279,86,adaptive-prasle,1443,1,0,0,77,0,1078,0,1,86,209836,1443,0,78,0,0,0,LEADER,1,0,0,0,0,77
211321,50,adaptive-prasle,2406,1,0,0,76,0,1064,0,1,50,208915,2406,0,77,0,0,0,LEADER,1,0,0,0,0,76
211337,55,adaptive-prasle,1501,1,0,0,77,0,1078,0,1,55,209836,1501,0,78,0,0,0,LEADER,1,0,0,0,0,77
211376,63,adaptive-prasle,1540,1,0,0,77,0,1078,0,1,63,209836,1540,0,78,0,0,0,LEADER,1,0,0,0,0,77
211740,46,adaptive-prasle,1904,1,0,0,77,0,1078,0,1,46,209836,1904,0,78,0,0,0,LEADER,1,0,0,0,0,77
211535,53,adaptive-prasle,1701,1,0,0,77,0,1078,0,1,53,209834,1701,0,78,0,0,0,LEADER,1,0,0,0,0,77
210889,23,adaptive-prasle,1974,1,0,0,76,0,1064,0,1,23,208915,1974,0,77,0,0,0,LEADER,1,0,0,0,0,76
211758,88,adaptive-prasle,1922,1,0,0,77,0,1078,0,1,88,209836,1922,0,78,0,0,0,LEADER,1,0,0,0,0,77
211285,34,adaptive-prasle,1449,1,0,0,77,0,1078,0,1,34,209836,1449,0,78,0,0,0,LEADER,1,0,0,0,0,77
210894,97,adaptive-prasle,1977,1,0,0,76,0,1064,0,1,97,208917,1977,0,77,0,0,0,LEADER,1,0,0,0,0,76
211012,20,adaptive-prasle,2095,1,0,0,76,0,1064,0,1,20,208917,2095,0,77,0,0,0,LEADER,1,0,0,0,0,76
211092,40,adaptive-prasle,2177,1,0,0,76,0,1064,0,1,40,208915,2177,0,77,0,0,0,LEADER,1,0,0,0,0,76
211017,47,adaptive-prasle,2100,1,0,0,76,0,1064,0,1,47,208917,2100,0,77,0,0,0,LEADER,1,0,0,0,0,76
211928,95,adaptive-prasle,2092,1,0,0,77,0,1078,0,1,95,209836,2092,0,78,0,0,0,LEADER,1,0,0,0,0,77
211310,25,adaptive-prasle,2395,1,0,0,76,0,1064,0,1,25,208915,2395,0,77,0,0,0,LEADER,1,0,0,0,0,76
211916,84,adaptive-prasle,2080,1,0,0,77,0,1078,0,1,84,209836,2080,0,78,0,0,0,LEADER,1,0,0,0,0,77
211192,70,adaptive-prasle,2277,1,0,0,76,0,1064,0,1,70,208915,2277,0,77,0,0,0,LEADER,1,0,0,0,0,76
211110,82,adaptive-prasle,2195,1,0,0,76,0,1064,0,1,82,208915,2195,0,77,0,0,0,LEADER,1,0,0,0,0,76
211328,67,adaptive-prasle,2413,1,0,0,76,0,1064,0,1,67,208915,2413,0,77,0,0,0,LEADER,1,0,0,0,0,76
211280,89,adaptive-prasle,2365,1,0,0,76,0,1064,0,1,89,208915,2365,0,77,0,0,0,LEADER,1,0,0,0,0,76
211949,28,adaptive-prasle,2113,1,0,0,77,0,1078,0,1,28,209836,2113,0,78,0,0,0,LEADER,1,0,0,0,0,77
211693,68,adaptive-prasle,1855,1,0,0,77,0,1078,0,1,68,209838,1855,0,78,0,0,0,LEADER,1,0,0,0,0,77
211644,90,adaptive-prasle,1807,1,0,0,77,0,1078,0,1,90,209837,1807,0,78,0,0,0,LEADER,1,0,0,0,0,77
211304,76,adaptive-prasle,1468,1,0,0,77,0,1078,0,1,76,209836,1468,0,78,0,0,0,LEADER,1,0,0,0,0,77
211625,10,adaptive-prasle,1789,1,0,0,77,0,1078,0,1,10,209836,1789,0,78,0,0,0,LEADER,1,0,0,0,0,77
212057,58,adaptive-prasle,2221,1,0,0,77,0,1078,0,1,58,209836,2221,0,78,0,0,0,LEADER,1,0,0,0,0,77
211440,73,adaptive-prasle,1604,1,0,0,77,0,1078,0,1,73,209836,1604,0,78,0,0,0,LEADER,1,0,0,0,0,77
211180,59,adaptive-prasle,2265,1,0,0,76,0,1064,0,1,59,208915,2265,0,77,0,0,0,LEADER,1,0,0,0,0,76
211455,41,adaptive-prasle,1619,1,0,0,77,0,1078,0,1,41,209836,1619,0,78,0,0,0,LEADER,1,0,0,0,0,77
211370,96,adaptive-prasle,1534,1,0,0,77,0,1078,0,1,96,209836,1534,0,78,0,0,0,LEADER,1,0,0,0,0,77
211671,74,adaptive-prasle,1837,1,0,0,77,0,1078,0,1,74,209834,1837,0,78,0,0,0,LEADER,1,0,0,0,0,77
211603,49,adaptive-prasle,1767,1,0,0,77,0,1078,0,1,49,209836,1767,0,78,0,0,0,LEADER,1,0,0,0,0,77
212064,92,adaptive-prasle,2228,1,0,0,77,0,1078,0,1,92,209836,2228,0,78,0,0,0,LEADER,1,0,0,0,0,77
211272,66,adaptive-prasle,1434,1,0,0,77,0,1078,0,1,66,209838,1434,0,78,0,0,0,LEADER,1,0,0,0,0,77
211295,57,adaptive-prasle,2380,1,0,0,76,0,1064,0,1,57,208915,2380,0,77,0,0,0,LEADER,1,0,0,0,0,76
212096,78,adaptive-prasle,2260,1,0,0,77,0,1078,0,1,78,209836,2260,0,78,0,0,0,LEADER,1,0,0,0,0,77
211261,39,adaptive-prasle,2346,1,0,0,76,0,1064,0,1,39,208915,2346,0,77,0,0,0,LEADER,1,0,0,0,0,76
211979,30,adaptive-prasle,2143,1,0,0,77,0,1078,0,1,30,209836,2143,0,78,0,0,0,LEADER,1,0,0,0,0,77
211385,64,adaptive-prasle,1549,1,0,0,77,0,1078,0,1,64,209836,1549,0,78,0,0,0,LEADER,1,0,0,0,0,77
211610,80,adaptive-prasle,1774,1,0,0,77,0,1078,0,1,80,209836,1774,0,78,0,0,0,LEADER,1,0,0,0,0,77
211346,54,adaptive-prasle,1516,1,0,0,77,0,1078,0,1,54,209830,1516,0,78,0,0,0,LEADER,1,0,0,0,0,77
211876,43,adaptive-prasle,2040,1,0,0,77,0,1078,0,1,43,209836,2040,0,78,0,0,0,LEADER,1,0,0,0,0,77
211796,26,adaptive-prasle,1960,1,0,0,77,0,1078,0,1,26,209836,1960,0,78,0,0,0,LEADER,1,0,0,0,0,77
211425,42,adaptive-prasle,1591,1,0,0,77,0,1078,0,1,42,209834,1591,0,78,0,0,0,LEADER,1,0,0,0,0,77
211434,31,adaptive-prasle,1598,1,0,0,77,0,1078,0,1,31,209836,1598,0,78,0,0,0,LEADER,1,0,0,0,0,77
212191,94,adaptive-prasle,2355,1,0,0,77,0,1078,0,1,94,209836,2355,0,78,0,0,0,LEADER,1,0,0,0,0,77
211761,45,adaptive-prasle,1925,1,0,0,77,0,1078,0,1,45,209836,1925,0,78,0,0,0,LEADER,1,0,0,0,0,77
212134,60,adaptive-prasle,2298,1,0,0,77,0,1078,0,1,60,209836,2298,0,78,0,0,0,LEADER,1,0,0,0,0,77
212239,44,adaptive-prasle,1483,1,0,0,77,0,1078,0,1,44,210756,1483,0,78,0,0,0,LEADER,1,0,0,0,0,77
211488,51,adaptive-prasle,1652,1,0,0,77,0,1078,0,1,51,209836,1652,0,78,0,0,0,LEADER,1,0,0,0,0,77
212287,22,adaptive-prasle,1531,1,0,0,77,0,1078,0,1,22,210756,1531,0,78,0,0,0,LEADER,1,0,0,0,0,77
211845,33,adaptive-prasle,2007,1,0,0,77,0,1078,0,1,33,209838,2007,0,78,0,0,0,LEADER,1,0,0,0,0,77
212000,72,adaptive-prasle,2162,1,0,0,77,0,1078,0,1,72,209838,2162,0,78,0,0,0,LEADER,1,0,0,0,0,77
211788,24,adaptive-prasle,1952,1,0,0,77,0,1078,0,1,24,209836,1952,0,78,0,0,0,LEADER,1,0,0,0,0,77
212319,32,adaptive-prasle,1564,1,0,0,77,0,1078,0,1,32,210755,1564,0,78,0,0,0,LEADER,1,0,0,0,0,77
211507,93,adaptive-prasle,1671,1,0,0,77,0,1078,0,1,93,209836,1671,0,78,0,0,0,LEADER,1,0,0,0,0,77
212166,79,adaptive-prasle,2331,1,0,0,77,0,1078,0,1,79,209835,2331,0,78,0,0,0,LEADER,1,0,0,0,0,77
212181,69,adaptive-prasle,2343,1,0,0,77,0,1078,0,1,69,209838,2343,0,78,0,0,0,LEADER,1,0,0,0,0,77
211861,75,adaptive-prasle,2025,1,0,0,77,0,1078,0,1,75,209836,2025,0,78,0,0,0,LEADER,1,0,0,0,0,77
211588,81,adaptive-prasle,1752,1,0,0,77,0,1078,0,1,81,209836,1752,0,78,0,0,0,LEADER,1,0,0,0,0,77
211446,52,adaptive-prasle,1610,1,0,0,77,0,1078,0,1,52,209836,1610,0,78,0,0,0,LEADER,1,0,0,0,0,77
212101,29,adaptive-prasle,2265,1,0,0,77,0,1078,0,1,29,209836,2265,0,78,0,0,0,LEADER,1,0,0,0,0,77
211925,21,adaptive-prasle,2088,1,0,0,77,0,1078,0,1,21,209837,2088,0,78,0,0,0,LEADER,1,0,0,0,0,77
211677,100,adaptive-prasle,1841,1,0,0,77,0,1078,0,1,100,209836,1841,0,78,0,0,0,LEADER,1,0,0,0,0,77
211522,61,adaptive-prasle,1686,1,0,0,77,0,1078,0,1,61,209836,1686,0,78,0,0,0,LEADER,1,0,0,0,0,77
212086,91,adaptive-prasle,2250,1,0,0,77,0,1078,0,1,91,209836,2250,0,78,0,0,0,LEADER,1,0,0,0,0,77
212046,37,adaptive-prasle,2210,1,0,0,77,0,1078,0,1,37,209836,2210,0,78,0,0,0,LEADER,1,0,0,0,0,77
211589,38,adaptive-prasle,1755,1,0,0,77,0,1078,0,1,38,209834,1755,0,78,0,0,0,LEADER,1,0,0,0,0,77
212255,98,adaptive-prasle,2419,1,0,0,77,0,1078,0,1,98,209836,2419,0,78,0,0,0,LEADER,1,0,0,0,0,77
212115,27,adaptive-prasle,2280,1,0,0,77,0,1078,0,1,27,209835,2280,0,78,0,0,0,LEADER,1,0,0,0,0,77
211964,62,adaptive-prasle,2128,1,0,0,77,0,1078,0,1,62,209836,2128,0,78,0,0,0,LEADER,1,0,0,0,0,77
211773,56,adaptive-prasle,1937,1,0,0,77,0,1078,0,1,56,209836,1937,0,78,0,0,0,LEADER,1,0,0,0,0,77
212159,99,adaptive-prasle,2328,1,0,0,77,0,1078,0,1,99,209831,2328,0,78,0,0,0,LEADER,1,0,0,0,0,77
212040,48,adaptive-prasle,2202,1,0,0,77,0,1078,0,1,48,209838,2202,0,78,0,0,0,LEADER,1,0,0,0,0,77
211555,71,adaptive-prasle,1719,1,0,0,77,0,1078,0,1,71,209836,1719,0,78,0,0,0,LEADER,1,0,0,0,0,77
211780,87,adaptive-prasle,1944,1,0,0,77,0,1078,0,1,87,209836,1944,0,78,0,0,0,LEADER,1,0,0,0,0,77
211706,36,adaptive-prasle,1870,1,0,0,77,0,1078,0,1,36,209836,1870,0,78,0,0,0,LEADER,1,0,0,0,0,77
212202,77,adaptive-prasle,1446,1,0,0,77,0,1078,0,1,77,210756,1446,0,78,0,0,0,LEADER,1,0,0,0,0,77
212395,83,adaptive-prasle,1637,1,0,0,77,0,1078,0,1,83,210758,1637,0,78,0,0,0,LEADER,1,0,0,0,0,77
211895,85,adaptive-prasle,2059,1,0,0,77,0,1078,0,1,85,209836,2059,0,78,0,0,0,LEADER,1,0,0,0,0,77
212423,19,adaptive-prasle,1667,1,0,0,77,0,1078,0,1,19,210756,1667,0,78,0,0,0,LEADER,1,0,0,0,0,77
212578,65,adaptive-prasle,1822,1,0,0,77,0,1078,0,1,65,210756,1822,0,78,0,0,0,LEADER,1,0,0,0,0,77
212184,35,adaptive-prasle,1428,1,0,0,77,0,1078,0,1,35,210756,1428,0,78,0,0,0,LEADER,1,0,0,0,0,77
212199,86,adaptive-prasle,1443,1,0,0,77,0,1078,0,1,86,210756,1443,0,78,0,0,0,LEADER,1,0,0,0,0,77
212242,50,adaptive-prasle,2406,1,0,0,77,0,1078,0,1,50,209836,2406,0,78,0,0,0,LEADER,1,0,0,0,0,77
212257,55,adaptive-prasle,1501,1,0,0,77,0,1078,0,1,55,210756,1501,0,78,0,0,0,LEADER,1,0,0,0,0,77
212296,63,adaptive-prasle,1540,1,0,0,77,0,1078,0,1,63,210756,1540,0,78,0,0,0,LEADER,1,0,0,0,0,77
212660,46,adaptive-prasle,1904,1,0,0,77,0,1078,0,1,46,210756,1904,0,78,0,0,0,LEADER,1,0,0,0,0,77
212455,53,adaptive-prasle,1701,1,0,0,77,0,1078,0,1,53,210754,1701,0,78,0,0,0,LEADER,1,0,0,0,0,77
211810,23,adaptive-prasle,1974,1,0,0,77,0,1078,0,1,23,209836,1974,0,78,0,0,0,LEADER,1,0,0,0,0,77
212678,88,adaptive-prasle,1922,1,0,0,77,0,1078,0,1,88,210756,1922,0,78,0,0,0,LEADER,1,0,0,0,0,77
212205,34,adaptive-prasle,1449,1,0,0,77,0,1078,0,1,34,210756,1449,0,78,0,0,0,LEADER,1,0,0,0,0,77
211815,97,adaptive-prasle,1977,1,0,0,77,0,1078,0,1,97,209838,1977,0,78,0,0,0,LEADER,1,0,0,0,0,77
211933,20,adaptive-prasle,2095,1,0,0,77,0,1078,0,1,20,209838,2095,0,78,0,0,0,LEADER,1,0,0,0,0,77
212013,40,adaptive-prasle,2177,1,0,0,77,0,1078,0,1,40,209836,2177,0,78,0,0,0,LEADER,1,0,0,0,0,77
211938,47,adaptive-prasle,2100,1,0,0,77,0,1078,0,1,47,209838,2100,0,78,0,0,0,LEADER,1,0,0,0,0,77
212848,95,adaptive-prasle,2092,1,0,0,77,0,1078,0,1,95,210756,2092,0,78,0,0,0,LEADER,1,0,0,0,0,77
212231,25,adaptive-prasle,2395,1,0,0,77,0,1078,0,1,25,209836,2395,0,78,0,0,0,LEADER,1,0,0,0,0,77
212836,84,adaptive-prasle,2080,1,0,0,77,0,1078,0,1,84,210756,2080,0,78,0,0,0,LEADER,1,0,0,0,0,77
212113,70,adaptive-prasle,2277,1,0,0,77,0,1078,0,1,70,209836,2277,0,78,0,0,0,LEADER,1,0,0,0,0,77
212031,82,adaptive-prasle,2195,1,0,0,77,0,1078,0,1,82,209836,2195,0,78,0,0,0,LEADER,1,0,0,0,0,77
212249,67,adaptive-prasle,2413,1,0,0,77,0,1078,0,1,67,209836,2413,0,78,0,0,0,LEADER,1,0,0,0,0,77
212201,89,adaptive-prasle,2365,1,0,0,77,0,1078,0,1,89,209836,2365,0,78,0,0,0,LEADER,1,0,0,0,0,77
212869,28,adaptive-prasle,2113,1,0,0,77,0,1078,0,1,28,210756,2113,0,78,0,0,0,LEADER,1,0,0,0,0,77
212613,68,adaptive-prasle,1855,1,0,0,77,0,1078,0,1,68,210758,1855,0,78,0,0,0,LEADER,1,0,0,0,0,77
212564,90,adaptive-prasle,1807,1,0,0,77,0,1078,0,1,90,210757,1807,0,78,0,0,0,LEADER,1,0,0,0,0,77
212224,76,adaptive-prasle,1468,1,0,0,77,0,1078,0,1,76,210756,1468,0,78,0,0,0,LEADER,1,0,0,0,0,77
212545,10,adaptive-prasle,1789,1,0,0,77,0,1078,0,1,10,210756,1789,0,78,0,0,0,LEADER,1,0,0,0,0,77
212977,58,adaptive-prasle,2221,1,0,0,77,0,1078,0,1,58,210756,2221,0,78,0,0,0,LEADER,1,0,0,0,0,77
212360,73,adaptive-prasle,1604,1,0,0,77,0,1078,0,1,73,210756,1604,0,78,0,0,0,LEADER,1,0,0,0,0,77
212101,59,adaptive-prasle,2265,1,0,0,77,0,1078,0,1,59,209836,2265,0,78,0,0,0,LEADER,1,0,0,0,0,77
212375,41,adaptive-prasle,1619,1,0,0,77,0,1078,0,1,41,210756,1619,0,78,0,0,0,LEADER,1,0,0,0,0,77
212290,96,adaptive-prasle,1534,1,0,0,77,0,1078,0,1,96,210756,1534,0,78,0,0,0,LEADER,1,0,0,0,0,77
212591,74,adaptive-prasle,1837,1,0,0,77,0,1078,0,1,74,210754,1837,0,78,0,0,0,LEADER,1,0,0,0,0,77
212523,49,adaptive-prasle,1767,1,0,0,77,0,1078,0,1,49,210756,1767,0,78,0,0,0,LEADER,1,0,0,0,0,77
212984,92,adaptive-prasle,2228,1,0,0,77,0,1078,0,1,92,210756,2228,0,78,0,0,0,LEADER,1,0,0,0,0,77
212192,66,adaptive-prasle,1434,1,0,0,77,0,1078,0,1,66,210758,1434,0,78,0,0,0,LEADER,1,0,0,0,0,77
212216,57,adaptive-prasle,2380,1,0,0,77,0,1078,0,1,57,209836,2380,0,78,0,0,0,LEADER,1,0,0,0,0,77
213016,78,adaptive-prasle,2260,1,0,0,77,0,1078,0,1,78,210756,2260,0,78,0,0,0,LEADER,1,0,0,0,0,77
212182,39,adaptive-prasle,2346,1,0,0,77,0,1078,0,1,39,209836,2346,0,78,0,0,0,LEADER,1,0,0,0,0,77
212899,30,adaptive-prasle,2143,1,0,0,77,0,1078,0,1,30,210756,2143,0,78,0,0,0,LEADER,1,0,0,0,0,77
212305,64,adaptive-prasle,1549,1,0,0,77,0,1078,0,1,64,210756,1549,0,78,0,0,0,LEADER,1,0,0,0,0,77
212530,80,adaptive-prasle,1774,1,0,0,77,0,1078,0,1,80,210756,1774,0,78,0,0,0,LEADER,1,0,0,0,0,77
212266,54,adaptive-prasle,1516,1,0,0,77,0,1078,0,1,54,210750,1516,0,78,0,0,0,LEADER,1,0,0,0,0,77
212796,43,adaptive-prasle,2040,1,0,0,77,0,1078,0,1,43,210756,2040,0,78,0,0,0,LEADER,1,0,0,0,0,77
212716,26,adaptive-prasle,1960,1,0,0,77,0,1078,0,1,26,210756,1960,0,78,0,0,0,LEADER,1,0,0,0,0,77
212345,42,adaptive-prasle,1591,1,0,0,77,0,1078,0,1,42,210754,1591,0,78,0,0,0,LEADER,1,0,0,0,0,77
212354,31,adaptive-prasle,1598,1,0,0,77,0,1078,0,1,31,210756,1598,0,78,0,0,0,LEADER,1,0,0,0,0,77
213111,94,adaptive-prasle,2355,1,0,0,77,0,1078,0,1,94,210756,2355,0,78,0,0,0,LEADER,1,0,0,0,0,77
212681,45,adaptive-prasle,1925,1,0,0,77,0,1078,0,1,45,210756,1925,0,78,0,0,0,LEADER,1,0,0,0,0,77
213054,60,adaptive-prasle,2298,1,0,0,77,0,1078,0,1,60,210756,2298,0,78,0,0,0,LEADER,1,0,0,0,0,77
213159,44,adaptive-prasle,1483,1,0,0,77,0,1078,0,1,44,211676,1483,0,78,0,0,0,LEADER,1,0,0,0,0,77
212408,51,adaptive-prasle,1652,1,0,0,77,0,1078,0,1,51,210756,1652,0,78,0,0,0,LEADER,1,0,0,0,0,77
213207,22,adaptive-prasle,1531,1,0,0,77,0,1078,0,1,22,211676,1531,0,78,0,0,0,LEADER,1,0,0,0,0,77
212765,33,adaptive-prasle,2007,1,0,0,77,0,1078,0,1,33,210758,2007,0,78,0,0,0,LEADER,1,0,0,0,0,77
212920,72,adaptive-prasle,2162,1,0,0,77,0,1078,0,1,72,210758,2162,0,78,0,0,0,LEADER,1,0,0,0,0,77
212708,24,adaptive-prasle,1952,1,0,0,77,0,1078,0,1,24,210756,1952,0,78,0,0,0,LEADER,1,0,0,0,0,77
213239,32,adaptive-prasle,1564,1,0,0,77,0,1078,0,1,32,211675,1564,0,78,0,0,0,LEADER,1,0,0,0,0,77
212427,93,adaptive-prasle,1671,1,0,0,77,0,1078,0,1,93,210756,1671,0,78,0,0,0,LEADER,1,0,0,0,0,77
213086,79,adaptive-prasle,2331,1,0,0,77,0,1078,0,1,79,210755,2331,0,78,0,0,0,LEADER,1,0,0,0,0,77
213101,69,adaptive-prasle,2343,1,0,0,77,0,1078,0,1,69,210758,2343,0,78,0,0,0,LEADER,1,0,0,0,0,77
212781,75,adaptive-prasle,2025,1,0,0,77,0,1078,0,1,75,210756,2025,0,78,0,0,0,LEADER,1,0,0,0,0,77
212508,81,adaptive-prasle,1752,1,0,0,77,0,1078,0,1,81,210756,1752,0,78,0,0,0,LEADER,1,0,0,0,0,77
212366,52,adaptive-prasle,1610,1,0,0,77,0,1078,0,1,52,210756,1610,0,78,0,0,0,LEADER,1,0,0,0,0,77
213021,29,adaptive-prasle,2265,1,0,0,77,0,1078,0,1,29,210756,2265,0,78,0,0,0,LEADER,1,0,0,0,0,77
212845,21,adaptive-prasle,2088,1,0,0,77,0,1078,0,1,21,210757,2088,0,78,0,0,0,LEADER,1,0,0,0,0,77
212597,100,adaptive-prasle,1841,1,0,0,77,0,1078,0,1,100,210756,1841,0,78,0,0,0,LEADER,1,0,0,0,0,77
212442,61,adaptive-prasle,1686,1,0,0,77,0,1078,0,1,61,210756,1686,0,78,0,0,0,LEADER,1,0,0,0,0,77
213006,91,adaptive-prasle,2250,1,0,0,77,0,1078,0,1,91,210756,2250,0,78,0,0,0,LEADER,1,0,0,0,0,77
212966,37,adaptive-prasle,2210,1,0,0,77,0,1078,0,1,37,210756,2210,0,78,0,0,0,LEADER,1,0,0,0,0,77
212509,38,adaptive-prasle,1755,1,0,0,77,0,1078,0,1,38,210754,1755,0,78,0,0,0,LEADER,1,0,0,0,0,77
213175,98,adaptive-prasle,2419,1,0,0,77,0,1078,0,1,98,210756,2419,0,78,0,0,0,LEADER,1,0,0,0,0,77
213035,27,adaptive-prasle,2280,1,0,0,77,0,1078,0,1,27,210755,2280,0,78,0,0,0,LEADER,1,0,0,0,0,77
212884,62,adaptive-prasle,2128,1,0,0,77,0,1078,0,1,62,210756,2128,0,78,0,0,0,LEADER,1,0,0,0,0,77
212693,56,adaptive-prasle,1937,1,0,0,77,0,1078,0,1,56,210756,1937,0,78,0,0,0,LEADER,1,0,0,0,0,77
213079,99,adaptive-prasle,2328,1,0,0,77,0,1078,0,1,99,210751,2328,0,78,0,0,0,LEADER,1,0,0,0,0,77
212960,48,adaptive-prasle,2202,1,0,0,77,0,1078,0,1,48,210758,2202,0,78,0,0,0,LEADER,1,0,0,0,0,77
212475,71,adaptive-prasle,1719,1,0,0,77,0,1078,0,1,71,210756,1719,0,78,0,0,0,LEADER,1,0,0,0,0,77
212700,87,adaptive-prasle,1944,1,0,0,77,0,1078,0,1,87,210756,1944,0,78,0,0,0,LEADER,1,0,0,0,0,77
212626,36,adaptive-prasle,1870,1,0,0,77,0,1078,0,1,36,210756,1870,0,78,0,0,0,LEADER,1,0,0,0,0,77
213122,77,adaptive-prasle,1446,1,0,0,77,0,1078,0,1,77,211676,1446,0,78,0,0,0,LEADER,1,0,0,0,0,77
213315,83,adaptive-prasle,1637,1,0,0,77,0,1078,0,1,83,211678,1637,0,78,0,0,0,LEADER,1,0,0,0,0,77
212815,85,adaptive-prasle,2059,1,0,0,77,0,1078,0,1,85,210756,2059,0,78,0,0,0,LEADER,1,0,0,0,0,77
213343,19,adaptive-prasle,1667,1,0,0,77,0,1078,0,1,19,211676,1667,0,78,0,0,0,LEADER,1,0,0,0,0,77
213498,65,adaptive-prasle,1822,1,0,0,77,0,1078,0,1,65,211676,1822,0,78,0,0,0,LEADER,1,0,0,0,0,77
213104,35,adaptive-prasle,1428,1,0,0,77,0,1078,0,1,35,211676,1428,0,78,0,0,0,LEADER,1,0,0,0,0,77
213119,86,adaptive-prasle,1443,1,0,0,77,0,1078,0,1,86,211676,1443,0,78,0,0,0,LEADER,1,0,0,0,0,77
213162,50,adaptive-prasle,2406,1,0,0,77,0,1078,0,1,50,210756,2406,0,78,0,0,0,LEADER,1,0,0,0,0,77
213177,55,adaptive-prasle,1501,1,0,0,77,0,1078,0,1,55,211676,1501,0,78,0,0,0,LEADER,1,0,0,0,0,77
213216,63,adaptive-prasle,1540,1,0,0,77,0,1078,0,1,63,211676,1540,0,78,0,0,0,LEADER,1,0,0,0,0,77
213580,46,adaptive-prasle,1904,1,0,0,77,0,1078,0,1,46,211676,1904,0,78,0,0,0,LEADER,1,0,0,0,0,77
213375,53,adaptive-prasle,1701,1,0,0,77,0,1078,0,1,53,211674,1701,0,78,0,0,0,LEADER,1,0,0,0,0,77
212730,23,adaptive-prasle,1974,1,0,0,77,0,1078,0,1,23,210756,1974,0,78,0,0,0,LEADER,1,0,0,0,0,77
213598,88,adaptive-prasle,1922,1,0,0,77,0,1078,0,1,88,211676,1922,0,78,0,0,0,LEADER,1,0,0,0,0,77
213125,34,adaptive-prasle,1449,1,0,0,77,0,1078,0,1,34,211676,1449,0,78,0,0,0,LEADER,1,0,0,0,0,77
212735,97,adaptive-prasle,1977,1,0,0,77,0,1078,0,1,97,210758,1977,0,78,0,0,0,LEADER,1,0,0,0,0,77
212853,20,adaptive-prasle,2095,1,0,0,77,0,1078,0,1,20,210758,2095,0,78,0,0,0,LEADER,1,0,0,0,0,77
212933,40,adaptive-prasle,2177,1,0,0,77,0,1078,0,1,40,210756,2177,0,78,0,0,0,LEADER,1,0,0,0,0,77
212858,47,adaptive-prasle,2100,1,0,0,77,0,1078,0,1,47,210758,2100,0,78,0,0,0,LEADER,1,0,0,0,0,77
213768,95,adaptive-prasle,2092,1,0,0,77,0,1078,0,1,95,211676,2092,0,78,0,0,0,LEADER,1,0,0,0,0,77
213490,15,adaptive-prasle,2361,1,0,0,13,12,182,168,4,5,211129,2361,0,7,0,0,0,NORMAL,0,0,0,0,0,13
213151,25,adaptive-prasle,2395,1,0,0,77,0,1078,0,1,25,210756,2395,0,78,0,0,0,LEADER,1,0,0,0,0,77
213756,84,adaptive-prasle,2080,1,0,0,77,0,1078,0,1,84,211676,2080,0,78,0,0,0,LEADER,1,0,0,0,0,77
213033,70,adaptive-prasle,2277,1,0,0,77,0,1078,0,1,70,210756,2277,0,78,0,0,0,LEADER,1,0,0,0,0,77
212951,82,adaptive-prasle,2195,1,0,0,77,0,1078,0,1,82,210756,2195,0,78,0,0,0,LEADER,1,0,0,0,0,77
213169,67,adaptive-prasle,2413,1,0,0,77,0,1078,0,1,67,210756,2413,0,78,0,0,0,LEADER,1,0,0,0,0,77
213121,89,adaptive-prasle,2365,1,0,0,77,0,1078,0,1,89,210756,2365,0,78,0,0,0,LEADER,1,0,0,0,0,77
213789,28,adaptive-prasle,2113,1,0,0,77,0,1078,0,1,28,211676,2113,0,78,0,0,0,LEADER,1,0,0,0,0,77
213533,68,adaptive-prasle,1855,1,0,0,77,0,1078,0,1,68,211678,1855,0,78,0,0,0,LEADER,1,0,0,0,0,77
213484,90,adaptive-prasle,1807,1,0,0,77,0,1078,0,1,90,211677,1807,0,78,0,0,0,LEADER,1,0,0,0,0,77
213144,76,adaptive-prasle,1468,1,0,0,77,0,1078,0,1,76,211676,1468,0,78,0,0,0,LEADER,1,0,0,0,0,77
213465,10,adaptive-prasle,1789,1,0,0,77,0,1078,0,1,10,211676,1789,0,78,0,0,0,LEADER,1,0,0,0,0,77
213897,58,adaptive-prasle,2221,1,0,0,77,0,1078,0,1,58,211676,2221,0,78,0,0,0,LEADER,1,0,0,0,0,77
213280,73,adaptive-prasle,1604,1,0,0,77,0,1078,0,1,73,211676,1604,0,78,0,0,0,LEADER,1,0,0,0,0,77
213021,59,adaptive-prasle,2265,1,0,0,77,0,1078,0,1,59,210756,2265,0,78,0,0,0,LEADER,1,0,0,0,0,77
213295,41,adaptive-prasle,1619,1,0,0,77,0,1078,0,1,41,211676,1619,0,78,0,0,0,LEADER,1,0,0,0,0,77
213210,96,adaptive-prasle,1534,1,0,0,77,0,1078,0,1,96,211676,1534,0,78,0,0,0,LEADER,1,0,0,0,0,77
213511,74,adaptive-prasle,1837,1,0,0,77,0,1078,0,1,74,211674,1837,0,78,0,0,0,LEADER,1,0,0,0,0,77
213443,49,adaptive-prasle,1767,1,0,0,77,0,1078,0,1,49,211676,1767,0,78,0,0,0,LEADER,1,0,0,0,0,77
213904,92,adaptive-prasle,2228,1,0,0,77,0,1078,0,1,92,211676,2228,0,78,0,0,0,LEADER,1,0,0,0,0,77
213112,66,adaptive-prasle,1434,1,0,0,77,0,1078,0,1,66,211678,1434,0,78,0,0,0,LEADER,1,0,0,0,0,77
213136,57,adaptive-prasle,2380,1,0,0,77,0,1078,0,1,57,210756,2380,0,78,0,0,0,LEADER,1,0,0,0,0,77
213936,78,adaptive-prasle,2260,1,0,0,77,0,1078,0,1,78,211676,2260,0,78,0,0,0,LEADER,1,0,0,0,0,77
213102,39,adaptive-prasle,2346,1,0,0,77,0,1078,0,1,39,210756,2346,0,78,0,0,0,LEADER,1,0,0,0,0,77
213819,30,adaptive-prasle,2143,1,0,0,77,0,1078,0,1,30,211676,2143,0,78,0,0,0,LEADER,1,0,0,0,0,77
213225,64,adaptive-prasle,1549,1,0,0,77,0,1078,0,1,64,211676,1549,0,78,0,0,0,LEADER,1,0,0,0,0,77
213450,80,adaptive-prasle,1774,1,0,0,77,0,1078,0,1,80,211676,1774,0,78,0,0,0,LEADER,1,0,0,0,0,77
213186,54,adaptive-prasle,1516,1,0,0,77,0,1078,0,1,54,211670,1516,0,78,0,0,0,LEADER,1,0,0,0,0,77
213716,43,adaptive-prasle,2040,1,0,0,77,0,1078,0,1,43,211676,2040,0,78,0,0,0,LEADER,1,0,0,0,0,77
213636,26,adaptive-prasle,1960,1,0,0,77,0,1078,0,1,26,211676,1960,0,78,0,0,0,LEADER,1,0,0,0,0,77
213265,42,adaptive-prasle,1591,1,0,0,77,0,1078,0,1,42,211674,1591,0,78,0,0,0,LEADER,1,0,0,0,0,77
213274,31,adaptive-prasle,1598,1,0,0,77,0,1078,0,1,31,211676,1598,0,78,0,0,0,LEADER,1,0,0,0,0,77
214031,94,adaptive-prasle,2355,1,0,0,77,0,1078,0,1,94,211676,2355,0,78,0,0,0,LEADER,1,0,0,0,0,77
213601,45,adaptive-prasle,1925,1,0,0,77,0,1078,0,1,45,211676,1925,0,78,0,0,0,LEADER,1,0,0,0,0,77
213974,60,adaptive-prasle,2298,1,0,0,77,0,1078,0,1,60,211676,2298,0,78,0,0,0,LEADER,1,0,0,0,0,77
214080,44,adaptive-prasle,1483,1,0,0,78,0,1092,0,1,44,212597,1483,0,79,0,0,0,LEADER,1,0,0,0,0,78
213328,51,adaptive-prasle,1652,1,0,0,77,0,1078,0,1,51,211676,1652,0,78,0,0,0,LEADER,1,0,0,0,0,77
213685,33,adaptive-prasle,2007,1,0,0,77,0,1078,0,1,33,211678,2007,0,78,0,0,0,LEADER,1,0,0,0,0,77
214128,22,adaptive-prasle,1531,1,0,0,78,0,1092,0,1,22,212597,1531,0,79,0,0,0,LEADER,1,0,0,0,0,78
213840,72,adaptive-prasle,2162,1,0,0,77,0,1078,0,1,72,211678,2162,0,78,0,0,0,LEADER,1,0,0,0,0,77
213628,24,adaptive-prasle,1952,1,0,0,77,0,1078,0,1,24,211676,1952,0,78,0,0,0,LEADER,1,0,0,0,0,77
214160,32,adaptive-prasle,1564,1,0,0,78,0,1092,0,1,32,212596,1564,0,79,0,0,0,LEADER,1,0,0,0,0,78
213347,93,adaptive-prasle,1671,1,0,0,77,0,1078,0,1,93,211676,1671,0,78,0,0,0,LEADER,1,0,0,0,0,77
214006,79,adaptive-prasle,2331,1,0,0,77,0,1078,0,1,79,211675,2331,0,78,0,0,0,LEADER,1,0,0,0,0,77
214021,69,adaptive-prasle,2343,1,0,0,77,0,1078,0,1,69,211678,2343,0,78,0,0,0,LEADER,1,0,0,0,0,77
213701,75,adaptive-prasle,2025,1,0,0,77,0,1078,0,1,75,211676,2025,0,78,0,0,0,LEADER,1,0,0,0,0,77
213428,81,adaptive-prasle,1752,1,0,0,77,0,1078,0,1,81,211676,1752,0,78,0,0,0,LEADER,1,0,0,0,0,77
213286,52,adaptive-prasle,1610,1,0,0,77,0,1078,0,1,52,211676,1610,0,78,0,0,0,LEADER,1,0,0,0,0,77
213765,21,adaptive-prasle,2088,1,0,0,77,0,1078,0,1,21,211677,2088,0,78,0,0,0,LEADER,1,0,0,0,0,77
213941,29,adaptive-prasle,2265,1,0,0,77,0,1078,0,1,29,211676,2265,0,78,0,0,0,LEADER,1,0,0,0,0,77
213517,100,adaptive-prasle,1841,1,0,0,77,0,1078,0,1,100,211676,1841,0,78,0,0,0,LEADER,1,0,0,0,0,77
213362,61,adaptive-prasle,1686,1,0,0,77,0,1078,0,1,61,211676,1686,0,78,0,0,0,LEADER,1,0,0,0,0,77
213926,91,adaptive-prasle,2250,1,0,0,77,0,1078,0,1,91,211676,2250,0,78,0,0,0,LEADER,1,0,0,0,0,77
213886,37,adaptive-prasle,2210,1,0,0,77,0,1078,0,1,37,211676,2210,0,78,0,0,0,LEADER,1,0,0,0,0,77
213429,38,adaptive-prasle,1755,1,0,0,77,0,1078,0,1,38,211674,1755,0,78,0,0,0,LEADER,1,0,0,0,0,77
214095,98,adaptive-prasle,2419,1,0,0,77,0,1078,0,1,98,211676,2419,0,78,0,0,0,LEADER,1,0,0,0,0,77
213955,27,adaptive-prasle,2280,1,0,0,77,0,1078,0,1,27,211675,2280,0,78,0,0,0,LEADER,1,0,0,0,0,77
213804,62,adaptive-prasle,2128,1,0,0,77,0,1078,0,1,62,211676,2128,0,78,0,0,0,LEADER,1,0,0,0,0,77
213613,56,adaptive-prasle,1937,1,0,0,77,0,1078,0,1,56,211676,1937,0,78,0,0,0,LEADER,1,0,0,0,0,77
213999,99,adaptive-prasle,2328,1,0,0,77,0,1078,0,1,99,211671,2328,0,78,0,0,0,LEADER,1,0,0,0,0,77
213880,48,adaptive-prasle,2202,1,0,0,77,0,1078,0,1,48,211678,2202,0,78,0,0,0,LEADER,1,0,0,0,0,77
213395,71,adaptive-prasle,1719,1,0,0,77,0,1078,0,1,71,211676,1719,0,78,0,0,0,LEADER,1,0,0,0,0,77
213620,87,adaptive-prasle,1944,1,0,0,77,0,1078,0,1,87,211676,1944,0,78,0,0,0,LEADER,1,0,0,0,0,77
213546,36,adaptive-prasle,1870,1,0,0,77,0,1078,0,1,36,211676,1870,0,78,0,0,0,LEADER,1,0,0,0,0,77
214043,77,adaptive-prasle,1446,1,0,0,78,0,1092,0,1,77,212597,1446,0,79,0,0,0,LEADER,1,0,0,0,0,78
214236,83,adaptive-prasle,1637,1,0,0,78,0,1092,0,1,83,212599,1637,0,79,0,0,0,LEADER,1,0,0,0,0,78
213735,85,adaptive-prasle,2059,1,0,0,77,0,1078,0,1,85,211676,2059,0,78,0,0,0,LEADER,1,0,0,0,0,77
214264,19,adaptive-prasle,1667,1,0,0,78,0,1092,0,1,19,212597,1667,0,79,0,0,0,LEADER,1,0,0,0,0,78
214419,65,adaptive-prasle,1822,1,0,0,78,0,1092,0,1,65,212597,1822,0,79,0,0,0,LEADER,1,0,0,0,0,78
214025,35,adaptive-prasle,1428,1,0,0,78,0,1092,0,1,35,212597,1428,0,79,0,0,0,LEADER,1,0,0,0,0,78
214040,86,adaptive-prasle,1443,1,0,0,78,0,1092,0,1,86,212597,1443,0,79,0,0,0,LEADER,1,0,0,0,0,78
214082,50,adaptive-prasle,2406,1,0,0,77,0,1078,0,1,50,211676,2406,0,78,0,0,0,LEADER,1,0,0,0,0,77
214098,55,adaptive-prasle,1501,1,0,0,78,0,1092,0,1,55,212597,1501,0,79,0,0,0,LEADER,1,0,0,0,0,78
214137,63,adaptive-prasle,1540,1,0,0,78,0,1092,0,1,63,212597,1540,0,79,0,0,0,LEADER,1,0,0,0,0,78
214501,46,adaptive-prasle,1904,1,0,0,78,0,1092,0,1,46,212597,1904,0,79,0,0,0,LEADER,1,0,0,0,0,78
214296,53,adaptive-prasle,1701,1,0,0,78,0,1092,0,1,53,212595,1701,0,79,0,0,0,LEADER,1,0,0,0,0,78
213650,23,adaptive-prasle,1974,1,0,0,77,0,1078,0,1,23,211676,1974,0,78,0,0,0,LEADER,1,0,0,0,0,77
214519,88,adaptive-prasle,1922,1,0,0,78,0,1092,0,1,88,212597,1922,0,79,0,0,0,LEADER,1,0,0,0,0,78
214046,34,adaptive-prasle,1449,1,0,0,78,0,1092,0,1,34,212597,1449,0,79,0,0,0,LEADER,1,0,0,0,0,78
213655,97,adaptive-prasle,1977,1,0,0,77,0,1078,0,1,97,211678,1977,0,78,0,0,0,LEADER,1,0,0,0,0,77
213773,20,adaptive-prasle,2095,1,0,0,77,0,1078,0,1,20,211678,2095,0,78,0,0,0,LEADER,1,0,0,0,0,77
213853,40,adaptive-prasle,2177,1,0,0,77,0,1078,0,1,40,211676,2177,0,78,0,0,0,LEADER,1,0,0,0,0,77
213778,47,adaptive-prasle,2100,1,0,0,77,0,1078,0,1,47,211678,2100,0,78,0,0,0,LEADER,1,0,0,0,0,77
214689,95,adaptive-prasle,2092,1,0,0,78,0,1092,0,1,95,212597,2092,0,79,0,0,0,LEADER,1,0,0,0,0,78
214071,25,adaptive-prasle,2395,1,0,0,77,0,1078,0,1,25,211676,2395,0,78,0,0,0,LEADER,1,0,0,0,0,77
214677,84,adaptive-prasle,2080,1,0,0,78,0,1092,0,1,84,212597,2080,0,79,0,0,0,LEADER,1,0,0,0,0,78
213953,70,adaptive-prasle,2277,1,0,0,77,0,1078,0,1,70,211676,2277,0,78,0,0,0,LEADER,1,0,0,0,0,77
213871,82,adaptive-prasle,2195,1,0,0,77,0,1078,0,1,82,211676,2195,0,78,0,0,0,LEADER,1,0,0,0,0,77
214089,67,adaptive-prasle,2413,1,0,0,77,0,1078,0,1,67,211676,2413,0,78,0,0,0,LEADER,1,0,0,0,0,77
214041,89,adaptive-prasle,2365,1,0,0,77,0,1078,0,1,89,211676,2365,0,78,0,0,0,LEADER,1,0,0,0,0,77
214710,28,adaptive-prasle,2113,1,0,0,78,0,1092,0,1,28,212597,2113,0,79,0,0,0,LEADER,1,0,0,0,0,78
214454,68,adaptive-prasle,1855,1,0,0,78,0,1092,0,1,68,212599,1855,0,79,0,0,0,LEADER,1,0,0,0,0,78
214405,90,adaptive-prasle,1807,1,0,0,78,0,1092,0,1,90,212598,1807,0,79,0,0,0,LEADER,1,0,0,0,0,78
214065,76,adaptive-prasle,1468,1,0,0,78,0,1092,0,1,76,212597,1468,0,79,0,0,0,LEADER,1,0,0,0,0,78
214386,10,adaptive-prasle,1789,1,0,0,78,0,1092,0,1,10,212597,1789,0,79,0,0,0,LEADER,1,0,0,0,0,78
214818,58,adaptive-prasle,2221,1,0,0,78,0,1092,0,1,58,212597,2221,0,79,0,0,0,LEADER,1,0,0,0,0,78
214201,73,adaptive-prasle,1604,1,0,0,78,0,1092,0,1,73,212597,1604,0,79,0,0,0,LEADER,1,0,0,0,0,78
213941,59,adaptive-prasle,2265,1,0,0,77,0,1078,0,1,59,211676,2265,0,78,0,0,0,LEADER,1,0,0,0,0,77
214216,41,adaptive-prasle,1619,1,0,0,78,0,1092,0,1,41,212597,1619,0,79,0,0,0,LEADER,1,0,0,0,0,78
214131,96,adaptive-prasle,1534,1,0,0,78,0,1092,0,1,96,212597,1534,0,79,0,0,0,LEADER,1,0,0,0,0,78
214364,49,adaptive-prasle,1767,1,0,0,78,0,1092,0,1,49,212597,1767,0,79,0,0,0,LEADER,1,0,0,0,0,78
214432,74,adaptive-prasle,1837,1,0,0,78,0,1092,0,1,74,212595,1837,0,79,0,0,0,LEADER,1,0,0,0,0,78
214825,92,adaptive-prasle,2228,1,0,0,78,0,1092,0,1,92,212597,2228,0,79,0,0,0,LEADER,1,0,0,0,0,78
214033,66,adaptive-prasle,1434,1,0,0,78,0,1092,0,1,66,212599,1434,0,79,0,0,0,LEADER,1,0,0,0,0,78
214056,57,adaptive-prasle,2380,1,0,0,77,0,1078,0,1,57,211676,2380,0,78,0,0,0,LEADER,1,0,0,0,0,77
214857,78,adaptive-prasle,2260,1,0,0,78,0,1092,0,1,78,212597,2260,0,79,0,0,0,LEADER,1,0,0,0,0,78
214022,39,adaptive-prasle,2346,1,0,0,77,0,1078,0,1,39,211676,2346,0,78,0,0,0,LEADER,1,0,0,0,0,77
214740,30,adaptive-prasle,2143,1,0,0,78,0,1092,0,1,30,212597,2143,0,79,0,0,0,LEADER,1,0,0,0,0,78
214146,64,adaptive-prasle,1549,1,0,0,78,0,1092,0,1,64,212597,1549,0,79,0,0,0,LEADER,1,0,0,0,0,78
214371,80,adaptive-prasle,1774,1,0,0,78,0,1092,0,1,80,212597,1774,0,79,0,0,0,LEADER,1,0,0,0,0,78
214107,54,adaptive-prasle,1516,1,0,0,78,0,1092,0,1,54,212591,1516,0,79,0,0,0,LEADER,1,0,0,0,0,78
214637,43,adaptive-prasle,2040,1,0,0,78,0,1092,0,1,43,212597,2040,0,79,0,0,0,LEADER,1,0,0,0,0,78
214557,26,adaptive-prasle,1960,1,0,0,78,0,1092,0,1,26,212597,1960,0,79,0,0,0,LEADER,1,0,0,0,0,78
214185,42,adaptive-prasle,1591,1,0,0,78,0,1092,0,1,42,212594,1591,0,79,0,0,0,LEADER,1,0,0,0,0,78
214195,31,adaptive-prasle,1598,1,0,0,78,0,1092,0,1,31,212597,1598,0,79,0,0,0,LEADER,1,0,0,0,0,78
214952,94,adaptive-prasle,2355,1,0,0,78,0,1092,0,1,94,212597,2355,0,79,0,0,0,LEADER,1,0,0,0,0,78
214522,45,adaptive-prasle,1925,1,0,0,78,0,1092,0,1,45,212597,1925,0,79,0,0,0,LEADER,1,0,0,0,0,78
214895,60,adaptive-prasle,2298,1,0,0,78,0,1092,0,1,60,212597,2298,0,79,0,0,0,LEADER,1,0,0,0,0,78
215000,44,adaptive-prasle,1483,1,0,0,78,0,1092,0,1,44,213517,1483,0,79,0,0,0,LEADER,1,0,0,0,0,78
214249,51,adaptive-prasle,1652,1,0,0,78,0,1092,0,1,51,212597,1652,0,79,0,0,0,LEADER,1,0,0,0,0,78
215048,22,adaptive-prasle,1531,1,0,0,78,0,1092,0,1,22,213517,1531,0,79,0,0,0,LEADER,1,0,0,0,0,78
214606,33,adaptive-prasle,2007,1,0,0,78,0,1092,0,1,33,212599,2007,0,79,0,0,0,LEADER,1,0,0,0,0,78
214761,72,adaptive-prasle,2162,1,0,0,78,0,1092,0,1,72,212599,2162,0,79,0,0,0,LEADER,1,0,0,0,0,78
214549,24,adaptive-prasle,1952,1,0,0,78,0,1092,0,1,24,212597,1952,0,79,0,0,0,LEADER,1,0,0,0,0,78
215080,32,adaptive-prasle,1564,1,0,0,78,0,1092,0,1,32,213516,1564,0,79,0,0,0,LEADER,1,0,0,0,0,78
214268,93,adaptive-prasle,1671,1,0,0,78,0,1092,0,1,93,212597,1671,0,79,0,0,0,LEADER,1,0,0,0,0,78
214942,69,adaptive-prasle,2343,1,0,0,78,0,1092,0,1,69,212599,2343,0,79,0,0,0,LEADER,1,0,0,0,0,78
214927,79,adaptive-prasle,2331,1,0,0,78,0,1092,0,1,79,212596,2331,0,79,0,0,0,LEADER,1,0,0,0,0,78
214622,75,adaptive-prasle,2025,1,0,0,78,0,1092,0,1,75,212597,2025,0,79,0,0,0,LEADER,1,0,0,0,0,78
214349,81,adaptive-prasle,1752,1,0,0,78,0,1092,0,1,81,212597,1752,0,79,0,0,0,LEADER,1,0,0,0,0,78
214207,52,adaptive-prasle,1610,1,0,0,78,0,1092,0,1,52,212597,1610,0,79,0,0,0,LEADER,1,0,0,0,0,78
214686,21,adaptive-prasle,2088,1,0,0,78,0,1092,0,1,21,212598,2088,0,79,0,0,0,LEADER,1,0,0,0,0,78
214862,29,adaptive-prasle,2265,1,0,0,78,0,1092,0,1,29,212597,2265,0,79,0,0,0,LEADER,1,0,0,0,0,78
214438,100,adaptive-prasle,1841,1,0,0,78,0,1092,0,1,100,212597,1841,0,79,0,0,0,LEADER,1,0,0,0,0,78
214283,61,adaptive-prasle,1686,1,0,0,78,0,1092,0,1,61,212597,1686,0,79,0,0,0,LEADER,1,0,0,0,0,78
214847,91,adaptive-prasle,2250,1,0,0,78,0,1092,0,1,91,212597,2250,0,79,0,0,0,LEADER,1,0,0,0,0,78
214807,37,adaptive-prasle,2210,1,0,0,78,0,1092,0,1,37,212597,2210,0,79,0,0,0,LEADER,1,0,0,0,0,78
214350,38,adaptive-prasle,1755,1,0,0,78,0,1092,0,1,38,212595,1755,0,79,0,0,0,LEADER,1,0,0,0,0,78
215016,98,adaptive-prasle,2419,1,0,0,78,0,1092,0,1,98,212597,2419,0,79,0,0,0,LEADER,1,0,0,0,0,78
214876,27,adaptive-prasle,2280,1,0,0,78,0,1092,0,1,27,212596,2280,0,79,0,0,0,LEADER,1,0,0,0,0,78
214725,62,adaptive-prasle,2128,1,0,0,78,0,1092,0,1,62,212597,2128,0,79,0,0,0,LEADER,1,0,0,0,0,78
214534,56,adaptive-prasle,1937,1,0,0,78,0,1092,0,1,56,212597,1937,0,79,0,0,0,LEADER,1,0,0,0,0,78
214920,99,adaptive-prasle,2328,1,0,0,78,0,1092,0,1,99,212592,2328,0,79,0,0,0,LEADER,1,0,0,0,0,78
214801,48,adaptive-prasle,2202,1,0,0,78,0,1092,0,1,48,212599,2202,0,79,0,0,0,LEADER,1,0,0,0,0,78
214316,71,adaptive-prasle,1719,1,0,0,78,0,1092,0,1,71,212597,1719,0,79,0,0,0,LEADER,1,0,0,0,0,78
214541,87,adaptive-prasle,1944,1,0,0,78,0,1092,0,1,87,212597,1944,0,79,0,0,0,LEADER,1,0,0,0,0,78
214467,36,adaptive-prasle,1870,1,0,0,78,0,1092,0,1,36,212597,1870,0,79,0,0,0,LEADER,1,0,0,0,0,78
214963,77,adaptive-prasle,1446,1,0,0,78,0,1092,0,1,77,213517,1446,0,79,0,0,0,LEADER,1,0,0,0,0,78
215156,83,adaptive-prasle,1637,1,0,0,78,0,1092,0,1,83,213519,1637,0,79,0,0,0,LEADER,1,0,0,0,0,78
214656,85,adaptive-prasle,2059,1,0,0,78,0,1092,0,1,85,212597,2059,0,79,0,0,0,LEADER,1,0,0,0,0,78
215184,19,adaptive-prasle,1667,1,0,0,78,0,1092,0,1,19,213517,1667,0,79,0,0,0,LEADER,1,0,0,0,0,78
215339,65,adaptive-prasle,1822,1,0,0,78,0,1092,0,1,65,213517,1822,0,79,0,0,0,LEADER,1,0,0,0,0,78
214945,35,adaptive-prasle,1428,1,0,0,78,0,1092,0,1,35,213517,1428,0,79,0,0,0,LEADER,1,0,0,0,0,78
214960,86,adaptive-prasle,1443,1,0,0,78,0,1092,0,1,86,213517,1443,0,79,0,0,0,LEADER,1,0,0,0,0,78
215003,50,adaptive-prasle,2406,1,0,0,78,0,1092,0,1,50,212597,2406,0,79,0,0,0,LEADER,1,0,0,0,0,78
215018,55,adaptive-prasle,1501,1,0,0,78,0,1092,0,1,55,213517,1501,0,79,0,0,0,LEADER,1,0,0,0,0,78
215057,63,adaptive-prasle,1540,1,0,0,78,0,1092,0,1,63,213517,1540,0,79,0,0,0,LEADER,1,0,0,0,0,78
215421,46,adaptive-prasle,1904,1,0,0,78,0,1092,0,1,46,213517,1904,0,79,0,0,0,LEADER,1,0,0,0,0,78
215216,53,adaptive-prasle,1701,1,0,0,78,0,1092,0,1,53,213515,1701,0,79,0,0,0,LEADER,1,0,0,0,0,78
215093,16,adaptive-prasle,1805,1,0,0,19,15,266,210,6,5,213288,1805,0,7,0,0,0,NORMAL,0,0,0,0,0,19
214571,23,adaptive-prasle,1974,1,0,0,78,0,1092,0,1,23,212597,1974,0,79,0,0,0,LEADER,1,0,0,0,0,78
215439,88,adaptive-prasle,1922,1,0,0,78,0,1092,0,1,88,213517,1922,0,79,0,0,0,LEADER,1,0,0,0,0,78
214966,34,adaptive-prasle,1449,1,0,0,78,0,1092,0,1,34,213517,1449,0,79,0,0,0,LEADER,1,0,0,0,0,78
214576,97,adaptive-prasle,1977,1,0,0,78,0,1092,0,1,97,212599,1977,0,79,0,0,0,LEADER,1,0,0,0,0,78
214694,20,adaptive-prasle,2095,1,0,0,78,0,1092,0,1,20,212599,2095,0,79,0,0,0,LEADER,1,0,0,0,0,78
214774,40,adaptive-prasle,2177,1,0,0,78,0,1092,0,1,40,212597,2177,0,79,0,0,0,LEADER,1,0,0,0,0,78
214699,47,adaptive-prasle,2100,1,0,0,78,0,1092,0,1,47,212599,2100,0,79,0,0,0,LEADER,1,0,0,0,0,78
215609,95,adaptive-prasle,2092,1,0,0,78,0,1092,0,1,95,213517,2092,0,79,0,0,0,LEADER,1,0,0,0,0,78
214992,25,adaptive-prasle,2395,1,0,0,78,0,1092,0,1,25,212597,2395,0,79,0,0,0,LEADER,1,0,0,0,0,78
215597,84,adaptive-prasle,2080,1,0,0,78,0,1092,0,1,84,213517,2080,0,79,0,0,0,LEADER,1,0,0,0,0,78
214874,70,adaptive-prasle,2277,1,0,0,78,0,1092,0,1,70,212597,2277,0,79,0,0,0,LEADER,1,0,0,0,0,78
214792,82,adaptive-prasle,2195,1,0,0,78,0,1092,0,1,82,212597,2195,0,79,0,0,0,LEADER,1,0,0,0,0,78
215010,67,adaptive-prasle,2413,1,0,0,78,0,1092,0,1,67,212597,2413,0,79,0,0,0,LEADER,1,0,0,0,0,78
214962,89,adaptive-prasle,2365,1,0,0,78,0,1092,0,1,89,212597,2365,0,79,0,0,0,LEADER,1,0,0,0,0,78
215630,28,adaptive-prasle,2113,1,0,0,78,0,1092,0,1,28,213517,2113,0,79,0,0,0,LEADER,1,0,0,0,0,78
215374,68,adaptive-prasle,1855,1,0,0,78,0,1092,0,1,68,213519,1855,0,79,0,0,0,LEADER,1,0,0,0,0,78
215325,90,adaptive-prasle,1807,1,0,0,78,0,1092,0,1,90,213518,1807,0,79,0,0,0,LEADER,1,0,0,0,0,78
214985,76,adaptive-prasle,1468,1,0,0,78,0,1092,0,1,76,213517,1468,0,79,0,0,0,LEADER,1,0,0,0,0,78
215306,10,adaptive-prasle,1789,1,0,0,78,0,1092,0,1,10,213517,1789,0,79,0,0,0,LEADER,1,0,0,0,0,78
215738,58,adaptive-prasle,2221,1,0,0,78,0,1092,0,1,58,213517,2221,0,79,0,0,0,LEADER,1,0,0,0,0,78
215121,73,adaptive-prasle,1604,1,0,0,78,0,1092,0,1,73,213517,1604,0,79,0,0,0,LEADER,1,0,0,0,0,78
214862,59,adaptive-prasle,2265,1,0,0,78,0,1092,0,1,59,212597,2265,0,79,0,0,0,LEADER,1,0,0,0,0,78
215136,41,adaptive-prasle,1619,1,0,0,78,0,1092,0,1,41,213517,1619,0,79,0,0,0,LEADER,1,0,0,0,0,78
215051,96,adaptive-prasle,1534,1,0,0,78,0,1092,0,1,96,213517,1534,0,79,0,0,0,LEADER,1,0,0,0,0,78
215352,74,adaptive-prasle,1837,1,0,0,78,0,1092,0,1,74,213515,1837,0,79,0,0,0,LEADER,1,0,0,0,0,78
215284,49,adaptive-prasle,1767,1,0,0,78,0,1092,0,1,49,213517,1767,0,79,0,0,0,LEADER,1,0,0,0,0,78
215745,92,adaptive-prasle,2228,1,0,0,78,0,1092,0,1,92,213517,2228,0,79,0,0,0,LEADER,1,0,0,0,0,78
214953,66,adaptive-prasle,1434,1,0,0,78,0,1092,0,1,66,213519,1434,0,79,0,0,0,LEADER,1,0,0,0,0,78
214977,57,adaptive-prasle,2380,1,0,0,78,0,1092,0,1,57,212597,2380,0,79,0,0,0,LEADER,1,0,0,0,0,78
215777,78,adaptive-prasle,2260,1,0,0,78,0,1092,0,1,78,213517,2260,0,79,0,0,0,LEADER,1,0,0,0,0,78
214943,39,adaptive-prasle,2346,1,0,0,78,0,1092,0,1,39,212597,2346,0,79,0,0,0,LEADER,1,0,0,0,0,78
215660,30,adaptive-prasle,2143,1,0,0,78,0,1092,0,1,30,213517,2143,0,79,0,0,0,LEADER,1,0,0,0,0,78
215066,64,adaptive-prasle,1549,1,0,0,78,0,1092,0,1,64,213517,1549,0,79,0,0,0,LEADER,1,0,0,0,0,78
215291,80,adaptive-prasle,1774,1,0,0,78,0,1092,0,1,80,213517,1774,0,79,0,0,0,LEADER,1,0,0,0,0,78
215027,54,adaptive-prasle,1516,1,0,0,78,0,1092,0,1,54,213511,1516,0,79,0,0,0,LEADER,1,0,0,0,0,78
215557,43,adaptive-prasle,2040,1,0,0,78,0,1092,0,1,43,213517,2040,0,79,0,0,0,LEADER,1,0,0,0,0,78
215477,26,adaptive-prasle,1960,1,0,0,78,0,1092,0,1,26,213517,1960,0,79,0,0,0,LEADER,1,0,0,0,0,78
215105,42,adaptive-prasle,1591,1,0,0,78,0,1092,0,1,42,213514,1591,0,79,0,0,0,LEADER,1,0,0,0,0,78
215115,31,adaptive-prasle,1598,1,0,0,78,0,1092,0,1,31,213517,1598,0,79,0,0,0,LEADER,1,0,0,0,0,78
215872,94,adaptive-prasle,2355,1,0,0,78,0,1092,0,1,94,213517,2355,0,79,0,0,0,LEADER,1,0,0,0,0,78
215442,45,adaptive-prasle,1925,1,0,0,78,0,1092,0,1,45,213517,1925,0,79,0,0,0,LEADER,1,0,0,0,0,78
215815,60,adaptive-prasle,2298,1,0,0,78,0,1092,0,1,60,213517,2298,0,79,0,0,0,LEADER,1,0,0,0,0,78
215920,44,adaptive-prasle,1483,1,0,0,78,0,1092,0,1,44,214437,1483,0,79,0,0,0,LEADER,1,0,0,0,0,78
215169,51,adaptive-prasle,1652,1,0,0,78,0,1092,0,1,51,213517,1652,0,79,0,0,0,LEADER,1,0,0,0,0,78
215968,22,adaptive-prasle,1531,1,0,0,78,0,1092,0,1,22,214437,1531,0,79,0,0,0,LEADER,1,0,0,0,0,78
215526,33,adaptive-prasle,2007,1,0,0,78,0,1092,0,1,33,213519,2007,0,79,0,0,0,LEADER,1,0,0,0,0,78
215681,72,adaptive-prasle,2162,1,0,0,78,0,1092,0,1,72,213519,2162,0,79,0,0,0,LEADER,1,0,0,0,0,78
215469,24,adaptive-prasle,1952,1,0,0,78,0,1092,0,1,24,213517,1952,0,79,0,0,0,LEADER,1,0,0,0,0,78
216000,32,adaptive-prasle,1564,1,0,0,78,0,1092,0,1,32,214436,1564,0,79,0,0,0,LEADER,1,0,0,0,0,78
215188,93,adaptive-prasle,1671,1,0,0,78,0,1092,0,1,93,213517,1671,0,79,0,0,0,LEADER,1,0,0,0,0,78
215847,79,adaptive-prasle,2331,1,0,0,78,0,1092,0,1,79,213516,2331,0,79,0,0,0,LEADER,1,0,0,0,0,78
215862,69,adaptive-prasle,2343,1,0,0,78,0,1092,0,1,69,213519,2343,0,79,0,0,0,LEADER,1,0,0,0,0,78
215542,75,adaptive-prasle,2025,1,0,0,78,0,1092,0,1,75,213517,2025,0,79,0,0,0,LEADER,1,0,0,0,0,78
215269,81,adaptive-prasle,1752,1,0,0,78,0,1092,0,1,81,213517,1752,0,79,0,0,0,LEADER,1,0,0,0,0,78
215127,52,adaptive-prasle,1610,1,0,0,78,0,1092,0,1,52,213517,1610,0,79,0,0,0,LEADER,1,0,0,0,0,78
215606,21,adaptive-prasle,2088,1,0,0,78,0,1092,0,1,21,213518,2088,0,79,0,0,0,LEADER,1,0,0,0,0,78
215782,29,adaptive-prasle,2265,1,0,0,78,0,1092,0,1,29,213517,2265,0,79,0,0,0,LEADER,1,0,0,0,0,78
215358,100,adaptive-prasle,1841,1,0,0,78,0,1092,0,1,100,213517,1841,0,79,0,0,0,LEADER,1,0,0,0,0,78
215203,61,adaptive-prasle,1686,1,0,0,78,0,1092,0,1,61,213517,1686,0,79,0,0,0,LEADER,1,0,0,0,0,78
215767,91,adaptive-prasle,2250,1,0,0,78,0,1092,0,1,91,213517,2250,0,79,0,0,0,LEADER,1,0,0,0,0,78
215727,37,adaptive-prasle,2210,1,0,0,78,0,1092,0,1,37,213517,2210,0,79,0,0,0,LEADER,1,0,0,0,0,78
215270,38,adaptive-prasle,1755,1,0,0,78,0,1092,0,1,38,213515,1755,0,79,0,0,0,LEADER,1,0,0,0,0,78
215936,98,adaptive-prasle,2419,1,0,0,78,0,1092,0,1,98,213517,2419,0,79,0,0,0,LEADER,1,0,0,0,0,78
215796,27,adaptive-prasle,2280,1,0,0,78,0,1092,0,1,27,213516,2280,0,79,0,0,0,LEADER,1,0,0,0,0,78
215645,62,adaptive-prasle,2128,1,0,0,78,0,1092,0,1,62,213517,2128,0,79,0,0,0,LEADER,1,0,0,0,0,78
215454,56,adaptive-prasle,1937,1,0,0,78,0,1092,0,1,56,213517,1937,0,79,0,0,0,LEADER,1,0,0,0,0,78
215840,99,adaptive-prasle,2328,1,0,0,78,0,1092,0,1,99,213512,2328,0,79,0,0,0,LEADER,1,0,0,0,0,78
215721,48,adaptive-prasle,2202,1,0,0,78,0,1092,0,1,48,213519,2202,0,79,0,0,0,LEADER,1,0,0,0,0,78
215236,71,adaptive-prasle,1719,1,0,0,78,0,1092,0,1,71,213517,1719,0,79,0,0,0,LEADER,1,0,0,0,0,78
215461,87,adaptive-prasle,1944,1,0,0,78,0,1092,0,1,87,213517,1944,0,79,0,0,0,LEADER,1,0,0,0,0,78
215387,36,adaptive-prasle,1870,1,0,0,78,0,1092,0,1,36,213517,1870,0,79,0,0,0,LEADER,1,0,0,0,0,78
215883,77,adaptive-prasle,1446,1,0,0,78,0,1092,0,1,77,214437,1446,0,79,0,0,0,LEADER,1,0,0,0,0,78
216076,83,adaptive-prasle,1637,1,0,0,78,0,1092,0,1,83,214439,1637,0,79,0,0,0,LEADER,1,0,0,0,0,78
215576,85,adaptive-prasle,2059,1,0,0,78,0,1092,0,1,85,213517,2059,0,79,0,0,0,LEADER,1,0,0,0,0,78
216104,19,adaptive-prasle,1667,1,0,0,78,0,1092,0,1,19,214437,1667,0,79,0,0,0,LEADER,1,0,0,0,0,78
216259,65,adaptive-prasle,1822,1,0,0,78,0,1092,0,1,65,214437,1822,0,79,0,0,0,LEADER,1,0,0,0,0,78
215865,35,adaptive-prasle,1428,1,0,0,78,0,1092,0,1,35,214437,1428,0,79,0,0,0,LEADER,1,0,0,0,0,78
216017,2,adaptive-prasle,1819,1,0,0,8,18,112,252,2,2,214198,1819,0,7,0,0,0,LEADER,1,0,0,0,0,8
215880,86,adaptive-prasle,1443,1,0,0,78,0,1092,0,1,86,214437,1443,0,79,0,0,0,LEADER,1,0,0,0,0,78
215923,50,adaptive-prasle,2406,1,0,0,78,0,1092,0,1,50,213517,2406,0,79,0,0,0,LEADER,1,0,0,0,0,78
215938,55,adaptive-prasle,1501,1,0,0,78,0,1092,0,1,55,214437,1501,0,79,0,0,0,LEADER,1,0,0,0,0,78
215977,63,adaptive-prasle,1540,1,0,0,78,0,1092,0,1,63,214437,1540,0,79,0,0,0,LEADER,1,0,0,0,0,78
216341,46,adaptive-prasle,1904,1,0,0,78,0,1092,0,1,46,214437,1904,0,79,0,0,0,LEADER,1,0,0,0,0,78
216136,53,adaptive-prasle,1701,1,0,0,78,0,1092,0,1,53,214435,1701,0,79,0,0,0,LEADER,1,0,0,0,0,78
215491,23,adaptive-prasle,1974,1,0,0,78,0,1092,0,1,23,213517,1974,0,79,0,0,0,LEADER,1,0,0,0,0,78
216359,88,adaptive-prasle,1922,1,0,0,78,0,1092,0,1,88,214437,1922,0,79,0,0,0,LEADER,1,0,0,0,0,78
215886,34,adaptive-prasle,1449,1,0,0,78,0,1092,0,1,34,214437,1449,0,79,0,0,0,LEADER,1,0,0,0,0,78
215496,97,adaptive-prasle,1977,1,0,0,78,0,1092,0,1,97,213519,1977,0,79,0,0,0,LEADER,1,0,0,0,0,78
215614,20,adaptive-prasle,2095,1,0,0,78,0,1092,0,1,20,213519,2095,0,79,0,0,0,LEADER,1,0,0,0,0,78
215694,40,adaptive-prasle,2177,1,0,0,78,0,1092,0,1,40,213517,2177,0,79,0,0,0,LEADER,1,0,0,0,0,78
215619,47,adaptive-prasle,2100,1,0,0,78,0,1092,0,1,47,213519,2100,0,79,0,0,0,LEADER,1,0,0,0,0,78
216529,95,adaptive-prasle,2092,1,0,0,78,0,1092,0,1,95,214437,2092,0,79,0,0,0,LEADER,1,0,0,0,0,78
215912,25,adaptive-prasle,2395,1,0,0,78,0,1092,0,1,25,213517,2395,0,79,0,0,0,LEADER,1,0,0,0,0,78
216517,84,adaptive-prasle,2080,1,0,0,78,0,1092,0,1,84,214437,2080,0,79,0,0,0,LEADER,1,0,0,0,0,78
215794,70,adaptive-prasle,2277,1,0,0,78,0,1092,0,1,70,213517,2277,0,79,0,0,0,LEADER,1,0,0,0,0,78
215712,82,adaptive-prasle,2195,1,0,0,78,0,1092,0,1,82,213517,2195,0,79,0,0,0,LEADER,1,0,0,0,0,78
216536,1,adaptive-prasle,2022,1,0,0,8,8,112,112,1,1,214514,2022,0,9,0,0,0,LEADER,1,0,0,0,0,8
215930,67,adaptive-prasle,2413,1,0,0,78,0,1092,0,1,67,213517,2413,0,79,0,0,0,LEADER,1,0,0,0,0,78
215882,89,adaptive-prasle,2365,1,0,0,78,0,1092,0,1,89,213517,2365,0,79,0,0,0,LEADER,1,0,0,0,0,78
216550,28,adaptive-prasle,2113,1,0,0,78,0,1092,0,1,28,214437,2113,0,79,0,0,0,LEADER,1,0,0,0,0,78
216294,68,adaptive-prasle,1855,1,0,0,78,0,1092,0,1,68,214439,1855,0,79,0,0,0,LEADER,1,0,0,0,0,78
216245,90,adaptive-prasle,1807,1,0,0,78,0,1092,0,1,90,214438,1807,0,79,0,0,0,LEADER,1,0,0,0,0,78
215905,76,adaptive-prasle,1468,1,0,0,78,0,1092,0,1,76,214437,1468,0,79,0,0,0,LEADER,1,0,0,0,0,78
216658,58,adaptive-prasle,2221,1,0,0,78,0,1092,0,1,58,214437,2221,0,79,0,0,0,LEADER,1,0,0,0,0,78
216226,10,adaptive-prasle,1789,1,0,0,78,0,1092,0,1,10,214437,1789,0,79,0,0,0,LEADER,1,0,0,0,0,78
216041,73,adaptive-prasle,1604,1,0,0,78,0,1092,0,1,73,214437,1604,0,79,0,0,0,LEADER,1,0,0,0,0,78
215782,59,adaptive-prasle,2265,1,0,0,78,0,1092,0,1,59,213517,2265,0,79,0,0,0,LEADER,1,0,0,0,0,78
216056,41,adaptive-prasle,1619,1,0,0,78,0,1092,0,1,41,214437,1619,0,79,0,0,0,LEADER,1,0,0,0,0,78
215971,96,adaptive-prasle,1534,1,0,0,78,0,1092,0,1,96,214437,1534,0,79,0,0,0,LEADER,1,0,0,0,0,78
216272,74,adaptive-prasle,1837,1,0,0,78,0,1092,0,1,74,214435,1837,0,79,0,0,0,LEADER,1,0,0,0,0,78
216204,49,adaptive-prasle,1767,1,0,0,78,0,1092,0,1,49,214437,1767,0,79,0,0,0,LEADER,1,0,0,0,0,78
216665,92,adaptive-prasle,2228,1,0,0,78,0,1092,0,1,92,214437,2228,0,79,0,0,0,LEADER,1,0,0,0,0,78
215873,66,adaptive-prasle,1434,1,0,0,78,0,1092,0,1,66,214439,1434,0,79,0,0,0,LEADER,1,0,0,0,0,78
215897,57,adaptive-prasle,2380,1,0,0,78,0,1092,0,1,57,213517,2380,0,79,0,0,0,LEADER,1,0,0,0,0,78
216697,78,adaptive-prasle,2260,1,0,0,78,0,1092,0,1,78,214437,2260,0,79,0,0,0,LEADER,1,0,0,0,0,78
215863,39,adaptive-prasle,2346,1,0,0,78,0,1092,0,1,39,213517,2346,0,79,0,0,0,LEADER,1,0,0,0,0,78
216580,30,adaptive-prasle,2143,1,0,0,78,0,1092,0,1,30,214437,2143,0,79,0,0,0,LEADER,1,0,0,0,0,78
215986,64,adaptive-prasle,1549,1,0,0,78,0,1092,0,1,64,214437,1549,0,79,0,0,0,LEADER,1,0,0,0,0,78
216211,80,adaptive-prasle,1774,1,0,0,78,0,1092,0,1,80,214437,1774,0,79,0,0,0,LEADER,1,0,0,0,0,78
215947,54,adaptive-prasle,1516,1,0,0,78,0,1092,0,1,54,214431,1516,0,79,0,0,0,LEADER,1,0,0,0,0,78
216477,43,adaptive-prasle,2040,1,0,0,78,0,1092,0,1,43,214437,2040,0,79,0,0,0,LEADER,1,0,0,0,0,78
216397,26,adaptive-prasle,1960,1,0,0,78,0,1092,0,1,26,214437,1960,0,79,0,0,0,LEADER,1,0,0,0,0,78
216025,42,adaptive-prasle,1591,1,0,0,78,0,1092,0,1,42,214434,1591,0,79,0,0,0,LEADER,1,0,0,0,0,78
216035,31,adaptive-prasle,1598,1,0,0,78,0,1092,0,1,31,214437,1598,0,79,0,0,0,LEADER,1,0,0,0,0,78
216792,94,adaptive-prasle,2355,1,0,0,78,0,1092,0,1,94,214437,2355,0,79,0,0,0,LEADER,1,0,0,0,0,78
216362,45,adaptive-prasle,1925,1,0,0,78,0,1092,0,1,45,214437,1925,0,79,0,0,0,LEADER,1,0,0,0,0,78
216735,60,adaptive-prasle,2298,1,0,0,78,0,1092,0,1,60,214437,2298,0,79,0,0,0,LEADER,1,0,0,0,0,78
216841,44,adaptive-prasle,1483,1,0,0,79,0,1106,0,1,44,215358,1483,0,80,0,0,0,LEADER,1,0,0,0,0,79
216089,51,adaptive-prasle,1652,1,0,0,78,0,1092,0,1,51,214437,1652,0,79,0,0,0,LEADER,1,0,0,0,0,78
216446,33,adaptive-prasle,2007,1,0,0,78,0,1092,0,1,33,214439,2007,0,79,0,0,0,LEADER,1,0,0,0,0,78
216889,22,adaptive-prasle,1531,1,0,0,79,0,1106,0,1,22,215358,1531,0,80,0,0,0,LEADER,1,0,0,0,0,79
216601,72,adaptive-prasle,2162,1,0,0,78,0,1092,0,1,72,214439,2162,0,79,0,0,0,LEADER,1,0,0,0,0,78
216389,24,adaptive-prasle,1952,1,0,0,78,0,1092,0,1,24,214437,1952,0,79,0,0,0,LEADER,1,0,0,0,0,78
216921,32,adaptive-prasle,1564,1,0,0,79,0,1106,0,1,32,215357,1564,0,80,0,0,0,LEADER,1,0,0,0,0,79
216108,93,adaptive-prasle,1671,1,0,0,78,0,1092,0,1,93,214437,1671,0,79,0,0,0,LEADER,1,0,0,0,0,78
216767,79,adaptive-prasle,2331,1,0,0,78,0,1092,0,1,79,214436,2331,0,79,0,0,0,LEADER,1,0,0,0,0,78
216782,69,adaptive-prasle,2343,1,0,0,78,0,1092,0,1,69,214439,2343,0,79,0,0,0,LEADER,1,0,0,0,0,78
216462,75,adaptive-prasle,2025,1,0,0,78,0,1092,0,1,75,214437,2025,0,79,0,0,0,LEADER,1,0,0,0,0,78
216189,81,adaptive-prasle,1752,1,0,0,78,0,1092,0,1,81,214437,1752,0,79,0,0,0,LEADER,1,0,0,0,0,78
216047,52,adaptive-prasle,1610,1,0,0,78,0,1092,0,1,52,214437,1610,0,79,0,0,0,LEADER,1,0,0,0,0,78
216526,21,adaptive-prasle,2088,1,0,0,78,0,1092,0,1,21,214438,2088,0,79,0,0,0,LEADER,1,0,0,0,0,78
216702,29,adaptive-prasle,2265,1,0,0,78,0,1092,0,1,29,214437,2265,0,79,0,0,0,LEADER,1,0,0,0,0,78
216278,100,adaptive-prasle,1841,1,0,0,78,0,1092,0,1,100,214437,1841,0,79,0,0,0,LEADER,1,0,0,0,0,78
216123,61,adaptive-prasle,1686,1,0,0,78,0,1092,0,1,61,214437,1686,0,79,0,0,0,LEADER,1,0,0,0,0,78
216687,91,adaptive-prasle,2250,1,0,0,78,0,1092,0,1,91,214437,2250,0,79,0,0,0,LEADER,1,0,0,0,0,78
216647,37,adaptive-prasle,2210,1,0,0,78,0,1092,0,1,37,214437,2210,0,79,0,0,0,LEADER,1,0,0,0,0,78
216190,38,adaptive-prasle,1755,1,0,0,78,0,1092,0,1,38,214435,1755,0,79,0,0,0,LEADER,1,0,0,0,0,78
216856,98,adaptive-prasle,2419,1,0,0,78,0,1092,0,1,98,214437,2419,0,79,0,0,0,LEADER,1,0,0,0,0,78
216716,27,adaptive-prasle,2280,1,0,0,78,0,1092,0,1,27,214436,2280,0,79,0,0,0,LEADER,1,0,0,0,0,78
216565,62,adaptive-prasle,2128,1,0,0,78,0,1092,0,1,62,214437,2128,0,79,0,0,0,LEADER,1,0,0,0,0,78
216374,56,adaptive-prasle,1937,1,0,0,78,0,1092,0,1,56,214437,1937,0,79,0,0,0,LEADER,1,0,0,0,0,78
216760,99,adaptive-prasle,2328,1,0,0,78,0,1092,0,1,99,214432,2328,0,79,0,0,0,LEADER,1,0,0,0,0,78
216641,48,adaptive-prasle,2202,1,0,0,78,0,1092,0,1,48,214439,2202,0,79,0,0,0,LEADER,1,0,0,0,0,78
216156,71,adaptive-prasle,1719,1,0,0,78,0,1092,0,1,71,214437,1719,0,79,0,0,0,LEADER,1,0,0,0,0,78
216381,87,adaptive-prasle,1944,1,0,0,78,0,1092,0,1,87,214437,1944,0,79,0,0,0,LEADER,1,0,0,0,0,78
216307,36,adaptive-prasle,1870,1,0,0,78,0,1092,0,1,36,214437,1870,0,79,0,0,0,LEADER,1,0,0,0,0,78
216804,77,adaptive-prasle,1446,1,0,0,79,0,1106,0,1,77,215358,1446,0,80,0,0,0,LEADER,1,0,0,0,0,79
216997,83,adaptive-prasle,1637,1,0,0,79,0,1106,0,1,83,215360,1637,0,80,0,0,0,LEADER,1,0,0,0,0,79
216496,85,adaptive-prasle,2059,1,0,0,78,0,1092,0,1,85,214437,2059,0,79,0,0,0,LEADER,1,0,0,0,0,78
217025,19,adaptive-prasle,1667,1,0,0,79,0,1106,0,1,19,215358,1667,0,80,0,0,0,LEADER,1,0,0,0,0,79
217180,65,adaptive-prasle,1822,1,0,0,79,0,1106,0,1,65,215358,1822,0,80,0,0,0,LEADER,1,0,0,0,0,79
216786,35,adaptive-prasle,1428,1,0,0,79,0,1106,0,1,35,215358,1428,0,80,0,0,0,LEADER,1,0,0,0,0,79
216801,86,adaptive-prasle,1443,1,0,0,79,0,1106,0,1,86,215358,1443,0,80,0,0,0,LEADER,1,0,0,0,0,79
216843,50,adaptive-prasle,2406,1,0,0,78,0,1092,0,1,50,214437,2406,0,79,0,0,0,LEADER,1,0,0,0,0,78
216859,55,adaptive-prasle,1501,1,0,0,79,0,1106,0,1,55,215358,1501,0,80,0,0,0,LEADER,1,0,0,0,0,79
216898,63,adaptive-prasle,1540,1,0,0,79,0,1106,0,1,63,215358,1540,0,80,0,0,0,LEADER,1,0,0,0,0,79
217262,46,adaptive-prasle,1904,1,0,0,79,0,1106,0,1,46,215358,1904,0,80,0,0,0,LEADER,1,0,0,0,0,79
217057,53,adaptive-prasle,1701,1,0,0,79,0,1106,0,1,53,215356,1701,0,80,0,0,0,LEADER,1,0,0,0,0,79
216411,23,adaptive-prasle,1974,1,0,0,78,0,1092,0,1,23,214437,1974,0,79,0,0,0,LEADER,1,0,0,0,0,78
217280,88,adaptive-prasle,1922,1,0,0,79,0,1106,0,1,88,215358,1922,0,80,0,0,0,LEADER,1,0,0,0,0,79
216807,34,adaptive-prasle,1449,1,0,0,79,0,1106,0,1,34,215358,1449,0,80,0,0,0,LEADER,1,0,0,0,0,79
216416,97,adaptive-prasle,1977,1,0,0,78,0,1092,0,1,97,214439,1977,0,79,0,0,0,LEADER,1,0,0,0,0,78
216534,20,adaptive-prasle,2095,1,0,0,78,0,1092,0,1,20,214439,2095,0,79,0,0,0,LEADER,1,0,0,0,0,78
216614,40,adaptive-prasle,2177,1,0,0,78,0,1092,0,1,40,214437,2177,0,79,0,0,0,LEADER,1,0,0,0,0,78
216539,47,adaptive-prasle,2100,1,0,0,78,0,1092,0,1,47,214439,2100,0,79,0,0,0,LEADER,1,0,0,0,0,78
217450,95,adaptive-prasle,2092,1,0,0,79,0,1106,0,1,95,215358,2092,0,80,0,0,0,LEADER,1,0,0,0,0,79
216832,25,adaptive-prasle,2395,1,0,0,78,0,1092,0,1,25,214437,2395,0,79,0,0,0,LEADER,1,0,0,0,0,78
217438,84,adaptive-prasle,2080,1,0,0,79,0,1106,0,1,84,215358,2080,0,80,0,0,0,LEADER,1,0,0,0,0,79
216714,70,adaptive-prasle,2277,1,0,0,78,0,1092,0,1,70,214437,2277,0,79,0,0,0,LEADER,1,0,0,0,0,78
216632,82,adaptive-prasle,2195,1,0,0,78,0,1092,0,1,82,214437,2195,0,79,0,0,0,LEADER,1,0,0,0,0,78
216850,67,adaptive-prasle,2413,1,0,0,78,0,1092,0,1,67,214437,2413,0,79,0,0,0,LEADER,1,0,0,0,0,78
216802,89,adaptive-prasle,2365,1,0,0,78,0,1092,0,1,89,214437,2365,0,79,0,0,0,LEADER,1,0,0,0,0,78
217471,28,adaptive-prasle,2113,1,0,0,79,0,1106,0,1,28,215358,2113,0,80,0,0,0,LEADER,1,0,0,0,0,79
217215,68,adaptive-prasle,1855,1,0,0,79,0,1106,0,1,68,215360,1855,0,80,0,0,0,LEADER,1,0,0,0,0,79
217166,90,adaptive-prasle,1807,1,0,0,79,0,1106,0,1,90,215359,1807,0,80,0,0,0,LEADER,1,0,0,0,0,79
216826,76,adaptive-prasle,1468,1,0,0,79,0,1106,0,1,76,215358,1468,0,80,0,0,0,LEADER,1,0,0,0,0,79
217147,10,adaptive-prasle,1789,1,0,0,79,0,1106,0,1,10,215358,1789,0,80,0,0,0,LEADER,1,0,0,0,0,79
217579,58,adaptive-prasle,2221,1,0,0,79,0,1106,0,1,58,215358,2221,0,80,0,0,0,LEADER,1,0,0,0,0,79
216962,73,adaptive-prasle,1604,1,0,0,79,0,1106,0,1,73,215358,1604,0,80,0,0,0,LEADER,1,0,0,0,0,79
216702,59,adaptive-prasle,2265,1,0,0,78,0,1092,0,1,59,214437,2265,0,79,0,0,0,LEADER,1,0,0,0,0,78
216977,41,adaptive-prasle,1619,1,0,0,79,0,1106,0,1,41,215358,1619,0,80,0,0,0,LEADER,1,0,0,0,0,79
216892,96,adaptive-prasle,1534,1,0,0,79,0,1106,0,1,96,215358,1534,0,80,0,0,0,LEADER,1,0,0,0,0,79
217193,74,adaptive-prasle,1837,1,0,0,79,0,1106,0,1,74,215356,1837,0,80,0,0,0,LEADER,1,0,0,0,0,79
217125,49,adaptive-prasle,1767,1,0,0,79,0,1106,0,1,49,215358,1767,0,80,0,0,0,LEADER,1,0,0,0,0,79
217586,92,adaptive-prasle,2228,1,0,0,79,0,1106,0,1,92,215358,2228,0,80,0,0,0,LEADER,1,0,0,0,0,79
216794,66,adaptive-prasle,1434,1,0,0,79,0,1106,0,1,66,215360,1434,0,80,0,0,0,LEADER,1,0,0,0,0,79
216817,57,adaptive-prasle,2380,1,0,0,78,0,1092,0,1,57,214437,2380,0,79,0,0,0,LEADER,1,0,0,0,0,78
217618,78,adaptive-prasle,2260,1,0,0,79,0,1106,0,1,78,215358,2260,0,80,0,0,0,LEADER,1,0,0,0,0,79
216783,39,adaptive-prasle,2346,1,0,0,78,0,1092,0,1,39,214437,2346,0,79,0,0,0,LEADER,1,0,0,0,0,78
217501,30,adaptive-prasle,2143,1,0,0,79,0,1106,0,1,30,215358,2143,0,80,0,0,0,LEADER,1,0,0,0,0,79
216907,64,adaptive-prasle,1549,1,0,0,79,0,1106,0,1,64,215358,1549,0,80,0,0,0,LEADER,1,0,0,0,0,79
217132,80,adaptive-prasle,1774,1,0,0,79,0,1106,0,1,80,215358,1774,0,80,0,0,0,LEADER,1,0,0,0,0,79
216867,54,adaptive-prasle,1516,1,0,0,79,0,1106,0,1,54,215351,1516,0,80,0,0,0,LEADER,1,0,0,0,0,79
217398,43,adaptive-prasle,2040,1,0,0,79,0,1106,0,1,43,215358,2040,0,80,0,0,0,LEADER,1,0,0,0,0,79
217318,26,adaptive-prasle,1960,1,0,0,79,0,1106,0,1,26,215358,1960,0,80,0,0,0,LEADER,1,0,0,0,0,79
216946,42,adaptive-prasle,1591,1,0,0,79,0,1106,0,1,42,215355,1591,0,80,0,0,0,LEADER,1,0,0,0,0,79
216956,31,adaptive-prasle,1598,1,0,0,79,0,1106,0,1,31,215358,1598,0,80,0,0,0,LEADER,1,0,0,0,0,79
217713,94,adaptive-prasle,2355,1,0,0,79,0,1106,0,1,94,215358,2355,0,80,0,0,0,LEADER,1,0,0,0,0,79
217283,45,adaptive-prasle,1925,1,0,0,79,0,1106,0,1,45,215358,1925,0,80,0,0,0,LEADER,1,0,0,0,0,79
217656,60,adaptive-prasle,2298,1,0,0,79,0,1106,0,1,60,215358,2298,0,80,0,0,0,LEADER,1,0,0,0,0,79
217761,44,adaptive-prasle,1483,1,0,0,79,0,1106,0,1,44,216278,1483,0,80,0,0,0,LEADER,1,0,0,0,0,79
217010,51,adaptive-prasle,1652,1,0,0,79,0,1106,0,1,51,215358,1652,0,80,0,0,0,LEADER,1,0,0,0,0,79
217809,22,adaptive-prasle,1531,1,0,0,79,0,1106,0,1,22,216278,1531,0,80,0,0,0,LEADER,1,0,0,0,0,79
217367,33,adaptive-prasle,2007,1,0,0,79,0,1106,0,1,33,215360,2007,0,80,0,0,0,LEADER,1,0,0,0,0,79
217522,72,adaptive-prasle,2162,1,0,0,79,0,1106,0,1,72,215360,2162,0,80,0,0,0,LEADER,1,0,0,0,0,79
217310,24,adaptive-prasle,1952,1,0,0,79,0,1106,0,1,24,215358,1952,0,80,0,0,0,LEADER,1,0,0,0,0,79
217841,32,adaptive-prasle,1564,1,0,0,79,0,1106,0,1,32,216277,1564,0,80,0,0,0,LEADER,1,0,0,0,0,79
217029,93,adaptive-prasle,1671,1,0,0,79,0,1106,0,1,93,215358,1671,0,80,0,0,0,LEADER,1,0,0,0,0,79
217703,69,adaptive-prasle,2343,1,0,0,79,0,1106,0,1,69,215360,2343,0,80,0,0,0,LEADER,1,0,0,0,0,79
217688,79,adaptive-prasle,2331,1,0,0,79,0,1106,0,1,79,215357,2331,0,80,0,0,0,LEADER,1,0,0,0,0,79
217383,75,adaptive-prasle,2025,1,0,0,79,0,1106,0,1,75,215358,2025,0,80,0,0,0,LEADER,1,0,0,0,0,79
217110,81,adaptive-prasle,1752,1,0,0,79,0,1106,0,1,81,215358,1752,0,80,0,0,0,LEADER,1,0,0,0,0,79
216968,52,adaptive-prasle,1610,1,0,0,79,0,1106,0,1,52,215358,1610,0,80,0,0,0,LEADER,1,0,0,0,0,79
217623,29,adaptive-prasle,2265,1,0,0,79,0,1106,0,1,29,215358,2265,0,80,0,0,0,LEADER,1,0,0,0,0,79
217447,21,adaptive-prasle,2088,1,0,0,79,0,1106,0,1,21,215359,2088,0,80,0,0,0,LEADER,1,0,0,0,0,79
217199,100,adaptive-prasle,1841,1,0,0,79,0,1106,0,1,100,215358,1841,0,80,0,0,0,LEADER,1,0,0,0,0,79
217044,61,adaptive-prasle,1686,1,0,0,79,0,1106,0,1,61,215358,1686,0,80,0,0,0,LEADER,1,0,0,0,0,79
217608,91,adaptive-prasle,2250,1,0,0,79,0,1106,0,1,91,215358,2250,0,80,0,0,0,LEADER,1,0,0,0,0,79
217568,37,adaptive-prasle,2210,1,0,0,79,0,1106,0,1,37,215358,2210,0,80,0,0,0,LEADER,1,0,0,0,0,79
217111,38,adaptive-prasle,1755,1,0,0,79,0,1106,0,1,38,215356,1755,0,80,0,0,0,LEADER,1,0,0,0,0,79
217777,98,adaptive-prasle,2419,1,0,0,79,0,1106,0,1,98,215358,2419,0,80,0,0,0,LEADER,1,0,0,0,0,79
217636,27,adaptive-prasle,2280,1,0,0,79,0,1106,0,1,27,215356,2280,0,80,0,0,0,LEADER,1,0,0,0,0,79
217486,62,adaptive-prasle,2128,1,0,0,79,0,1106,0,1,62,215358,2128,0,80,0,0,0,LEADER,1,0,0,0,0,79
217295,56,adaptive-prasle,1937,1,0,0,79,0,1106,0,1,56,215358,1937,0,80,0,0,0,LEADER,1,0,0,0,0,79
217681,99,adaptive-prasle,2328,1,0,0,79,0,1106,0,1,99,215353,2328,0,80,0,0,0,LEADER,1,0,0,0,0,79
217562,48,adaptive-prasle,2202,1,0,0,79,0,1106,0,1,48,215360,2202,0,80,0,0,0,LEADER,1,0,0,0,0,79
217077,71,adaptive-prasle,1719,1,0,0,79,0,1106,0,1,71,215358,1719,0,80,0,0,0,LEADER,1,0,0,0,0,79
217302,87,adaptive-prasle,1944,1,0,0,79,0,1106,0,1,87,215358,1944,0,80,0,0,0,LEADER,1,0,0,0,0,79
217228,36,adaptive-prasle,1870,1,0,0,79,0,1106,0,1,36,215358,1870,0,80,0,0,0,LEADER,1,0,0,0,0,79
217724,77,adaptive-prasle,1446,1,0,0,79,0,1106,0,1,77,216278,1446,0,80,0,0,0,LEADER,1,0,0,0,0,79
217917,83,adaptive-prasle,1637,1,0,0,79,0,1106,0,1,83,216280,1637,0,80,0,0,0,LEADER,1,0,0,0,0,79
217286,3,adaptive-prasle,1603,1,0,0,10,20,140,280,2,3,215683,1603,0,9,0,0,0,LEADER,1,0,0,0,0,10
217417,85,adaptive-prasle,2059,1,0,0,79,0,1106,0,1,85,215358,2059,0,80,0,0,0,LEADER,1,0,0,0,0,79
217945,19,adaptive-prasle,1667,1,0,0,79,0,1106,0,1,19,216278,1667,0,80,0,0,0,LEADER,1,0,0,0,0,79
218100,65,adaptive-prasle,1822,1,0,0,79,0,1106,0,1,65,216278,1822,0,80,0,0,0,LEADER,1,0,0,0,0,79
217706,35,adaptive-prasle,1428,1,0,0,79,0,1106,0,1,35,216278,1428,0,80,0,0,0,LEADER,1,0,0,0,0,79
217721,86,adaptive-prasle,1443,1,0,0,79,0,1106,0,1,86,216278,1443,0,80,0,0,0,LEADER,1,0,0,0,0,79
217764,50,adaptive-prasle,2406,1,0,0,79,0,1106,0,1,50,215358,2406,0,80,0,0,0,LEADER,1,0,0,0,0,79
217630,4,adaptive-prasle,2030,1,0,0,12,22,168,308,5,4,215600,2030,0,8,0,0,0,LEADER,1,0,0,0,0,12
217779,55,adaptive-prasle,1501,1,0,0,79,0,1106,0,1,55,216278,1501,0,80,0,0,0,LEADER,1,0,0,0,0,79
217818,63,adaptive-prasle,1540,1,0,0,79,0,1106,0,1,63,216278,1540,0,80,0,0,0,LEADER,1,0,0,0,0,79
218182,46,adaptive-prasle,1904,1,0,0,79,0,1106,0,1,46,216278,1904,0,80,0,0,0,LEADER,1,0,0,0,0,79
217977,53,adaptive-prasle,1701,1,0,0,79,0,1106,0,1,53,216276,1701,0,80,0,0,0,LEADER,1,0,0,0,0,79
217332,23,adaptive-prasle,1974,1,0,0,79,0,1106,0,1,23,215358,1974,0,80,0,0,0,LEADER,1,0,0,0,0,79
218200,88,adaptive-prasle,1922,1,0,0,79,0,1106,0,1,88,216278,1922,0,80,0,0,0,LEADER,1,0,0,0,0,79
217727,34,adaptive-prasle,1449,1,0,0,79,0,1106,0,1,34,216278,1449,0,80,0,0,0,LEADER,1,0,0,0,0,79
217337,97,adaptive-prasle,1977,1,0,0,79,0,1106,0,1,97,215360,1977,0,80,0,0,0,LEADER,1,0,0,0,0,79
217455,20,adaptive-prasle,2095,1,0,0,79,0,1106,0,1,20,215360,2095,0,80,0,0,0,LEADER,1,0,0,0,0,79
217535,40,adaptive-prasle,2177,1,0,0,79,0,1106,0,1,40,215358,2177,0,80,0,0,0,LEADER,1,0,0,0,0,79
217460,47,adaptive-prasle,2100,1,0,0,79,0,1106,0,1,47,215360,2100,0,80,0,0,0,LEADER,1,0,0,0,0,79
218370,95,adaptive-prasle,2092,1,0,0,79,0,1106,0,1,95,216278,2092,0,80,0,0,0,LEADER,1,0,0,0,0,79
217753,25,adaptive-prasle,2395,1,0,0,79,0,1106,0,1,25,215358,2395,0,80,0,0,0,LEADER,1,0,0,0,0,79
218358,84,adaptive-prasle,2080,1,0,0,79,0,1106,0,1,84,216278,2080,0,80,0,0,0,LEADER,1,0,0,0,0,79
217635,70,adaptive-prasle,2277,1,0,0,79,0,1106,0,1,70,215358,2277,0,80,0,0,0,LEADER,1,0,0,0,0,79
217553,82,adaptive-prasle,2195,1,0,0,79,0,1106,0,1,82,215358,2195,0,80,0,0,0,LEADER,1,0,0,0,0,79
217771,67,adaptive-prasle,2413,1,0,0,79,0,1106,0,1,67,215358,2413,0,80,0,0,0,LEADER,1,0,0,0,0,79
217723,89,adaptive-prasle,2365,1,0,0,79,0,1106,0,1,89,215358,2365,0,80,0,0,0,LEADER,1,0,0,0,0,79
218391,28,adaptive-prasle,2113,1,0,0,79,0,1106,0,1,28,216278,2113,0,80,0,0,0,LEADER,1,0,0,0,0,79
218135,68,adaptive-prasle,1855,1,0,0,79,0,1106,0,1,68,216280,1855,0,80,0,0,0,LEADER,1,0,0,0,0,79
218086,90,adaptive-prasle,1807,1,0,0,79,0,1106,0,1,90,216279,1807,0,80,0,0,0,LEADER,1,0,0,0,0,79
217746,76,adaptive-prasle,1468,1,0,0,79,0,1106,0,1,76,216278,1468,0,80,0,0,0,LEADER,1,0,0,0,0,79
218067,10,adaptive-prasle,1789,1,0,0,79,0,1106,0,1,10,216278,1789,0,80,0,0,0,LEADER,1,0,0,0,0,79
218499,58,adaptive-prasle,2221,1,0,0,79,0,1106,0,1,58,216278,2221,0,80,0,0,0,LEADER,1,0,0,0,0,79
217882,73,adaptive-prasle,1604,1,0,0,79,0,1106,0,1,73,216278,1604,0,80,0,0,0,LEADER,1,0,0,0,0,79
217623,59,adaptive-prasle,2265,1,0,0,79,0,1106,0,1,59,215358,2265,0,80,0,0,0,LEADER,1,0,0,0,0,79
217897,41,adaptive-prasle,1619,1,0,0,79,0,1106,0,1,41,216278,1619,0,80,0,0,0,LEADER,1,0,0,0,0,79
217812,96,adaptive-prasle,1534,1,0,0,79,0,1106,0,1,96,216278,1534,0,80,0,0,0,LEADER,1,0,0,0,0,79
218113,74,adaptive-prasle,1837,1,0,0,79,0,1106,0,1,74,216276,1837,0,80,0,0,0,LEADER,1,0,0,0,0,79
218045,49,adaptive-prasle,1767,1,0,0,79,0,1106,0,1,49,216278,1767,0,80,0,0,0,LEADER,1,0,0,0,0,79
218506,92,adaptive-prasle,2228,1,0,0,79,0,1106,0,1,92,216278,2228,0,80,0,0,0,LEADER,1,0,0,0,0,79
217714,66,adaptive-prasle,1434,1,0,0,79,0,1106,0,1,66,216280,1434,0,80,0,0,0,LEADER,1,0,0,0,0,79
217738,57,adaptive-prasle,2380,1,0,0,79,0,1106,0,1,57,215358,2380,0,80,0,0,0,LEADER,1,0,0,0,0,79
218538,78,adaptive-prasle,2260,1,0,0,79,0,1106,0,1,78,216278,2260,0,80,0,0,0,LEADER,1,0,0,0,0,79
217704,39,adaptive-prasle,2346,1,0,0,79,0,1106,0,1,39,215358,2346,0,80,0,0,0,LEADER,1,0,0,0,0,79
218421,30,adaptive-prasle,2143,1,0,0,79,0,1106,0,1,30,216278,2143,0,80,0,0,0,LEADER,1,0,0,0,0,79
218549,9,adaptive-prasle,1889,1,0,0,17,18,238,252,6,3,216660,1889,0,7,0,0,0,NORMAL,0,0,0,0,0,17
217827,64,adaptive-prasle,1549,1,0,0,79,0,1106,0,1,64,216278,1549,0,80,0,0,0,LEADER,1,0,0,0,0,79
218052,80,adaptive-prasle,1774,1,0,0,79,0,1106,0,1,80,216278,1774,0,80,0,0,0,LEADER,1,0,0,0,0,79
217787,54,adaptive-prasle,1516,1,0,0,79,0,1106,0,1,54,216271,1516,0,80,0,0,0,LEADER,1,0,0,0,0,79
218318,43,adaptive-prasle,2040,1,0,0,79,0,1106,0,1,43,216278,2040,0,80,0,0,0,LEADER,1,0,0,0,0,79
218238,26,adaptive-prasle,1960,1,0,0,79,0,1106,0,1,26,216278,1960,0,80,0,0,0,LEADER,1,0,0,0,0,79
217866,42,adaptive-prasle,1591,1,0,0,79,0,1106,0,1,42,216275,1591,0,80,0,0,0,LEADER,1,0,0,0,0,79
217876,31,adaptive-prasle,1598,1,0,0,79,0,1106,0,1,31,216278,1598,0,80,0,0,0,LEADER,1,0,0,0,0,79
218633,94,adaptive-prasle,2355,1,0,0,79,0,1106,0,1,94,216278,2355,0,80,0,0,0,LEADER,1,0,0,0,0,79
218203,45,adaptive-prasle,1925,1,0,0,79,0,1106,0,1,45,216278,1925,0,80,0,0,0,LEADER,1,0,0,0,0,79
218576,60,adaptive-prasle,2298,1,0,0,79,0,1106,0,1,60,216278,2298,0,80,0,0,0,LEADER,1,0,0,0,0,79
218681,44,adaptive-prasle,1483,1,0,0,79,0,1106,0,1,44,217198,1483,0,80,0,0,0,LEADER,1,0,0,0,0,79
217930,51,adaptive-prasle,1652,1,0,0,79,0,1106,0,1,51,216278,1652,0,80,0,0,0,LEADER,1,0,0,0,0,79
218729,22,adaptive-prasle,1531,1,0,0,79,0,1106,0,1,22,217198,1531,0,80,0,0,0,LEADER,1,0,0,0,0,79
218287,33,adaptive-prasle,2007,1,0,0,79,0,1106,0,1,33,216280,2007,0,80,0,0,0,LEADER,1,0,0,0,0,79
218442,72,adaptive-prasle,2162,1,0,0,79,0,1106,0,1,72,216280,2162,0,80,0,0,0,LEADER,1,0,0,0,0,79
218230,24,adaptive-prasle,1952,1,0,0,79,0,1106,0,1,24,216278,1952,0,80,0,0,0,LEADER,1,0,0,0,0,79
218761,32,adaptive-prasle,1564,1,0,0,79,0,1106,0,1,32,217197,1564,0,80,0,0,0,LEADER,1,0,0,0,0,79
217949,93,adaptive-prasle,1671,1,0,0,79,0,1106,0,1,93,216278,1671,0,80,0,0,0,LEADER,1,0,0,0,0,79
218608,79,adaptive-prasle,2331,1,0,0,79,0,1106,0,1,79,216277,2331,0,80,0,0,0,LEADER,1,0,0,0,0,79
218623,69,adaptive-prasle,2343,1,0,0,79,0,1106,0,1,69,216280,2343,0,80,0,0,0,LEADER,1,0,0,0,0,79
218303,75,adaptive-prasle,2025,1,0,0,79,0,1106,0,1,75,216278,2025,0,80,0,0,0,LEADER,1,0,0,0,0,79
218030,81,adaptive-prasle,1752,1,0,0,79,0,1106,0,1,81,216278,1752,0,80,0,0,0,LEADER,1,0,0,0,0,79
217888,52,adaptive-prasle,1610,1,0,0,79,0,1106,0,1,52,216278,1610,0,80,0,0,0,LEADER,1,0,0,0,0,79
218367,21,adaptive-prasle,2088,1,0,0,79,0,1106,0,1,21,216279,2088,0,80,0,0,0,LEADER,1,0,0,0,0,79
218543,29,adaptive-prasle,2265,1,0,0,79,0,1106,0,1,29,216278,2265,0,80,0,0,0,LEADER,1,0,0,0,0,79
218119,100,adaptive-prasle,1841,1,0,0,79,0,1106,0,1,100,216278,1841,0,80,0,0,0,LEADER,1,0,0,0,0,79
217964,61,adaptive-prasle,1686,1,0,0,79,0,1106,0,1,61,216278,1686,0,80,0,0,0,LEADER,1,0,0,0,0,79
218528,91,adaptive-prasle,2250,1,0,0,79,0,1106,0,1,91,216278,2250,0,80,0,0,0,LEADER,1,0,0,0,0,79
218488,37,adaptive-prasle,2210,1,0,0,79,0,1106,0,1,37,216278,2210,0,80,0,0,0,LEADER,1,0,0,0,0,79
218031,38,adaptive-prasle,1755,1,0,0,79,0,1106,0,1,38,216276,1755,0,80,0,0,0,LEADER,1,0,0,0,0,79
218697,98,adaptive-prasle,2419,1,0,0,79,0,1106,0,1,98,216278,2419,0,80,0,0,0,LEADER,1,0,0,0,0,79
218556,27,adaptive-prasle,2280,1,0,0,79,0,1106,0,1,27,216276,2280,0,80,0,0,0,LEADER,1,0,0,0,0,79
218406,62,adaptive-prasle,2128,1,0,0,79,0,1106,0,1,62,216278,2128,0,80,0,0,0,LEADER,1,0,0,0,0,79
218215,56,adaptive-prasle,1937,1,0,0,79,0,1106,0,1,56,216278,1937,0,80,0,0,0,LEADER,1,0,0,0,0,79
218601,99,adaptive-prasle,2328,1,0,0,79,0,1106,0,1,99,216273,2328,0,80,0,0,0,LEADER,1,0,0,0,0,79
218482,48,adaptive-prasle,2202,1,0,0,79,0,1106,0,1,48,216280,2202,0,80,0,0,0,LEADER,1,0,0,0,0,79
217997,71,adaptive-prasle,1719,1,0,0,79,0,1106,0,1,71,216278,1719,0,80,0,0,0,LEADER,1,0,0,0,0,79
218222,87,adaptive-prasle,1944,1,0,0,79,0,1106,0,1,87,216278,1944,0,80,0,0,0,LEADER,1,0,0,0,0,79
218148,36,adaptive-prasle,1870,1,0,0,79,0,1106,0,1,36,216278,1870,0,80,0,0,0,LEADER,1,0,0,0,0,79
218644,77,adaptive-prasle,1446,1,0,0,79,0,1106,0,1,77,217198,1446,0,80,0,0,0,LEADER,1,0,0,0,0,79
218837,83,adaptive-prasle,1637,1,0,0,79,0,1106,0,1,83,217200,1637,0,80,0,0,0,LEADER,1,0,0,0,0,79
218337,85,adaptive-prasle,2059,1,0,0,79,0,1106,0,1,85,216278,2059,0,80,0,0,0,LEADER,1,0,0,0,0,79
218865,19,adaptive-prasle,1667,1,0,0,79,0,1106,0,1,19,217198,1667,0,80,0,0,0,LEADER,1,0,0,0,0,79
219020,65,adaptive-prasle,1822,1,0,0,79,0,1106,0,1,65,217198,1822,0,80,0,0,0,LEADER,1,0,0,0,0,79
218626,35,adaptive-prasle,1428,1,0,0,79,0,1106,0,1,35,217198,1428,0,80,0,0,0,LEADER,1,0,0,0,0,79
218641,86,adaptive-prasle,1443,1,0,0,79,0,1106,0,1,86,217198,1443,0,80,0,0,0,LEADER,1,0,0,0,0,79
218412,8,adaptive-prasle,2217,1,0,0,19,33,266,462,4,6,216195,2217,0,8,0,0,0,NORMAL,0,0,0,0,0,19
218684,50,adaptive-prasle,2406,1,0,0,79,0,1106,0,1,50,216278,2406,0,80,0,0,0,LEADER,1,0,0,0,0,79
218699,55,adaptive-prasle,1501,1,0,0,79,0,1106,0,1,55,217198,1501,0,80,0,0,0,LEADER,1,0,0,0,0,79
218738,63,adaptive-prasle,1540,1,0,0,79,0,1106,0,1,63,217198,1540,0,80,0,0,0,LEADER,1,0,0,0,0,79
219102,46,adaptive-prasle,1904,1,0,0,79,0,1106,0,1,46,217198,1904,0,80,0,0,0,LEADER,1,0,0,0,0,79
218897,53,adaptive-prasle,1701,1,0,0,79,0,1106,0,1,53,217196,1701,0,80,0,0,0,LEADER,1,0,0,0,0,79
218252,23,adaptive-prasle,1974,1,0,0,79,0,1106,0,1,23,216278,1974,0,80,0,0,0,LEADER,1,0,0,0,0,79
219120,88,adaptive-prasle,1922,1,0,0,79,0,1106,0,1,88,217198,1922,0,80,0,0,0,LEADER,1,0,0,0,0,79
218647,34,adaptive-prasle,1449,1,0,0,79,0,1106,0,1,34,217198,1449,0,80,0,0,0,LEADER,1,0,0,0,0,79
218257,97,adaptive-prasle,1977,1,0,0,79,0,1106,0,1,97,216280,1977,0,80,0,0,0,LEADER,1,0,0,0,0,79
218375,20,adaptive-prasle,2095,1,0,0,79,0,1106,0,1,20,216280,2095,0,80,0,0,0,LEADER,1,0,0,0,0,79
218455,40,adaptive-prasle,2177,1,0,0,79,0,1106,0,1,40,216278,2177,0,80,0,0,0,LEADER,1,0,0,0,0,79
218380,47,adaptive-prasle,2100,1,0,0,79,0,1106,0,1,47,216280,2100,0,80,0,0,0,LEADER,1,0,0,0,0,79
219290,95,adaptive-prasle,2092,1,0,0,79,0,1106,0,1,95,217198,2092,0,80,0,0,0,LEADER,1,0,0,0,0,79
218673,25,adaptive-prasle,2395,1,0,0,79,0,1106,0,1,25,216278,2395,0,80,0,0,0,LEADER,1,0,0,0,0,79
219278,84,adaptive-prasle,2080,1,0,0,79,0,1106,0,1,84,217198,2080,0,80,0,0,0,LEADER,1,0,0,0,0,79
218555,70,adaptive-prasle,2277,1,0,0,79,0,1106,0,1,70,216278,2277,0,80,0,0,0,LEADER,1,0,0,0,0,79
218473,82,adaptive-prasle,2195,1,0,0,79,0,1106,0,1,82,216278,2195,0,80,0,0,0,LEADER,1,0,0,0,0,79
218691,67,adaptive-prasle,2413,1,0,0,79,0,1106,0,1,67,216278,2413,0,80,0,0,0,LEADER,1,0,0,0,0,79
218643,89,adaptive-prasle,2365,1,0,0,79,0,1106,0,1,89,216278,2365,0,80,0,0,0,LEADER,1,0,0,0,0,79
219311,28,adaptive-prasle,2113,1,0,0,79,0,1106,0,1,28,217198,2113,0,80,0,0,0,LEADER,1,0,0,0,0,79
219055,68,adaptive-prasle,1855,1,0,0,79,0,1106,0,1,68,217200,1855,0,80,0,0,0,LEADER,1,0,0,0,0,79
219006,90,adaptive-prasle,1807,1,0,0,79,0,1106,0,1,90,217199,1807,0,80,0,0,0,LEADER,1,0,0,0,0,79
218666,76,adaptive-prasle,1468,1,0,0,79,0,1106,0,1,76,217198,1468,0,80,0,0,0,LEADER,1,0,0,0,0,79
218987,10,adaptive-prasle,1789,1,0,0,79,0,1106,0,1,10,217198,1789,0,80,0,0,0,LEADER,1,0,0,0,0,79
219419,58,adaptive-prasle,2221,1,0,0,79,0,1106,0,1,58,217198,2221,0,80,0,0,0,LEADER,1,0,0,0,0,79
218802,73,adaptive-prasle,1604,1,0,0,79,0,1106,0,1,73,217198,1604,0,80,0,0,0,LEADER,1,0,0,0,0,79
218543,59,adaptive-prasle,2265,1,0,0,79,0,1106,0,1,59,216278,2265,0,80,0,0,0,LEADER,1,0,0,0,0,79
218817,41,adaptive-prasle,1619,1,0,0,79,0,1106,0,1,41,217198,1619,0,80,0,0,0,LEADER,1,0,0,0,0,79
218732,96,adaptive-prasle,1534,1,0,0,79,0,1106,0,1,96,217198,1534,0,80,0,0,0,LEADER,1,0,0,0,0,79
219033,74,adaptive-prasle,1837,1,0,0,79,0,1106,0,1,74,217196,1837,0,80,0,0,0,LEADER,1,0,0,0,0,79
218965,49,adaptive-prasle,1767,1,0,0,79,0,1106,0,1,49,217198,1767,0,80,0,0,0,LEADER,1,0,0,0,0,79
219426,92,adaptive-prasle,2228,1,0,0,79,0,1106,0,1,92,217198,2228,0,80,0,0,0,LEADER,1,0,0,0,0,79
218634,66,adaptive-prasle,1434,1,0,0,79,0,1106,0,1,66,217200,1434,0,80,0,0,0,LEADER,1,0,0,0,0,79
218658,57,adaptive-prasle,2380,1,0,0,79,0,1106,0,1,57,216278,2380,0,80,0,0,0,LEADER,1,0,0,0,0,79
219458,78,adaptive-prasle,2260,1,0,0,79,0,1106,0,1,78,217198,2260,0,80,0,0,0,LEADER,1,0,0,0,0,79
218624,39,adaptive-prasle,2346,1,0,0,79,0,1106,0,1,39,216278,2346,0,80,0,0,0,LEADER,1,0,0,0,0,79
219341,30,adaptive-prasle,2143,1,0,0,79,0,1106,0,1,30,217198,2143,0,80,0,0,0,LEADER,1,0,0,0,0,79
218747,64,adaptive-prasle,1549,1,0,0,79,0,1106,0,1,64,217198,1549,0,80,0,0,0,LEADER,1,0,0,0,0,79
218972,80,adaptive-prasle,1774,1,0,0,79,0,1106,0,1,80,217198,1774,0,80,0,0,0,LEADER,1,0,0,0,0,79
218707,54,adaptive-prasle,1516,1,0,0,79,0,1106,0,1,54,217191,1516,0,80,0,0,0,LEADER,1,0,0,0,0,79
219238,43,adaptive-prasle,2040,1,0,0,79,0,1106,0,1,43,217198,2040,0,80,0,0,0,LEADER,1,0,0,0,0,79
219158,26,adaptive-prasle,1960,1,0,0,79,0,1106,0,1,26,217198,1960,0,80,0,0,0,LEADER,1,0,0,0,0,79
218786,42,adaptive-prasle,1591,1,0,0,79,0,1106,0,1,42,217195,1591,0,80,0,0,0,LEADER,1,0,0,0,0,79
218796,31,adaptive-prasle,1598,1,0,0,79,0,1106,0,1,31,217198,1598,0,80,0,0,0,LEADER,1,0,0,0,0,79
219553,94,adaptive-prasle,2355,1,0,0,79,0,1106,0,1,94,217198,2355,0,80,0,0,0,LEADER,1,0,0,0,0,79
219123,45,adaptive-prasle,1925,1,0,0,79,0,1106,0,1,45,217198,1925,0,80,0,0,0,LEADER,1,0,0,0,0,79
219496,60,adaptive-prasle,2298,1,0,0,79,0,1106,0,1,60,217198,2298,0,80,0,0,0,LEADER,1,0,0,0,0,79
219602,44,adaptive-prasle,1483,1,0,0,80,0,1120,0,1,44,218119,1483,0,81,0,0,0,LEADER,1,0,0,0,0,80
218850,51,adaptive-prasle,1652,1,0,0,79,0,1106,0,1,51,217198,1652,0,80,0,0,0,LEADER,1,0,0,0,0,79
219207,33,adaptive-prasle,2007,1,0,0,79,0,1106,0,1,33,217200,2007,0,80,0,0,0,LEADER,1,0,0,0,0,79
219650,22,adaptive-prasle,1531,1,0,0,80,0,1120,0,1,22,218119,1531,0,81,0,0,0,LEADER,1,0,0,0,0,80
219362,72,adaptive-prasle,2162,1,0,0,79,0,1106,0,1,72,217200,2162,0,80,0,0,0,LEADER,1,0,0,0,0,79
219150,24,adaptive-prasle,1952,1,0,0,79,0,1106,0,1,24,217198,1952,0,80,0,0,0,LEADER,1,0,0,0,0,79
219682,32,adaptive-prasle,1564,1,0,0,80,0,1120,0,1,32,218118,1564,0,81,0,0,0,LEADER,1,0,0,0,0,80
218869,93,adaptive-prasle,1671,1,0,0,79,0,1106,0,1,93,217198,1671,0,80,0,0,0,LEADER,1,0,0,0,0,79
219528,79,adaptive-prasle,2331,1,0,0,79,0,1106,0,1,79,217197,2331,0,80,0,0,0,LEADER,1,0,0,0,0,79
219543,69,adaptive-prasle,2343,1,0,0,79,0,1106,0,1,69,217200,2343,0,80,0,0,0,LEADER,1,0,0,0,0,79
219223,75,adaptive-prasle,2025,1,0,0,79,0,1106,0,1,75,217198,2025,0,80,0,0,0,LEADER,1,0,0,0,0,79
218950,81,adaptive-prasle,1752,1,0,0,79,0,1106,0,1,81,217198,1752,0,80,0,0,0,LEADER,1,0,0,0,0,79
218808,52,adaptive-prasle,1610,1,0,0,79,0,1106,0,1,52,217198,1610,0,80,0,0,0,LEADER,1,0,0,0,0,79
219384,7,adaptive-prasle,1749,1,0,0,17,34,238,476,7,5,217635,1749,0,8,0,0,0,NORMAL,0,0,0,0,0,17
219287,21,adaptive-prasle,2088,1,0,0,79,0,1106,0,1,21,217199,2088,0,80,0,0,0,LEADER,1,0,0,0,0,79
219463,29,adaptive-prasle,2265,1,0,0,79,0,1106,0,1,29,217198,2265,0,80,0,0,0,LEADER,1,0,0,0,0,79
219039,100,adaptive-prasle,1841,1,0,0,79,0,1106,0,1,100,217198,1841,0,80,0,0,0,LEADER,1,0,0,0,0,79
218884,61,adaptive-prasle,1686,1,0,0,79,0,1106,0,1,61,217198,1686,0,80,0,0,0,LEADER,1,0,0,0,0,79
219448,91,adaptive-prasle,2250,1,0,0,79,0,1106,0,1,91,217198,2250,0,80,0,0,0,LEADER,1,0,0,0,0,79
219408,37,adaptive-prasle,2210,1,0,0,79,0,1106,0,1,37,217198,2210,0,80,0,0,0,LEADER,1,0,0,0,0,79
218951,38,adaptive-prasle,1755,1,0,0,79,0,1106,0,1,38,217196,1755,0,80,0,0,0,LEADER,1,0,0,0,0,79
219617,98,adaptive-prasle,2419,1,0,0,79,0,1106,0,1,98,217198,2419,0,80,0,0,0,LEADER,1,0,0,0,0,79
219476,27,adaptive-prasle,2280,1,0,0,79,0,1106,0,1,27,217196,2280,0,80,0,0,0,LEADER,1,0,0,0,0,79
219326,62,adaptive-prasle,2128,1,0,0,79,0,1106,0,1,62,217198,2128,0,80,0,0,0,LEADER,1,0,0,0,0,79
219135,56,adaptive-prasle,1937,1,0,0,79,0,1106,0,1,56,217198,1937,0,80,0,0,0,LEADER,1,0,0,0,0,79
219521,99,adaptive-prasle,2328,1,0,0,79,0,1106,0,1,99,217193,2328,0,80,0,0,0,LEADER,1,0,0,0,0,79
219402,48,adaptive-prasle,2202,1,0,0,79,0,1106,0,1,48,217200,2202,0,80,0,0,0,LEADER,1,0,0,0,0,79
218917,71,adaptive-prasle,1719,1,0,0,79,0,1106,0,1,71,217198,1719,0,80,0,0,0,LEADER,1,0,0,0,0,79
219142,87,adaptive-prasle,1944,1,0,0,79,0,1106,0,1,87,217198,1944,0,80,0,0,0,LEADER,1,0,0,0,0,79
219584,6,adaptive-prasle,1797,1,0,0,15,27,210,378,6,5,217787,1797,0,8,0,0,0,NORMAL,0,0,0,0,0,15
219068,36,adaptive-prasle,1870,1,0,0,79,0,1106,0,1,36,217198,1870,0,80,0,0,0,LEADER,1,0,0,0,0,79
219786,11,adaptive-prasle,2055,1,0,0,12,8,168,112,4,11,217731,2055,0,9,0,0,0,LEADER,1,0,0,0,0,12
219565,77,adaptive-prasle,1446,1,0,0,80,0,1120,0,1,77,218119,1446,0,81,0,0,0,LEADER,1,0,0,0,0,80
219758,83,adaptive-prasle,1637,1,0,0,80,0,1120,0,1,83,218121,1637,0,81,0,0,0,LEADER,1,0,0,0,0,80
219257,85,adaptive-prasle,2059,1,0,0,79,0,1106,0,1,85,217198,2059,0,80,0,0,0,LEADER,1,0,0,0,0,79
219786,19,adaptive-prasle,1667,1,0,0,80,0,1120,0,1,19,218119,1667,0,81,0,0,0,LEADER,1,0,0,0,0,80
219941,65,adaptive-prasle,1822,1,0,0,80,0,1120,0,1,65,218119,1822,0,81,0,0,0,LEADER,1,0,0,0,0,80
219547,35,adaptive-prasle,1428,1,0,0,80,0,1120,0,1,35,218119,1428,0,81,0,0,0,LEADER,1,0,0,0,0,80
219562,86,adaptive-prasle,1443,1,0,0,80,0,1120,0,1,86,218119,1443,0,81,0,0,0,LEADER,1,0,0,0,0,80
219604,50,adaptive-prasle,2406,1,0,0,79,0,1106,0,1,50,217198,2406,0,80,0,0,0,LEADER,1,0,0,0,0,79
219620,55,adaptive-prasle,1501,1,0,0,80,0,1120,0,1,55,218119,1501,0,81,0,0,0,LEADER,1,0,0,0,0,80
219659,63,adaptive-prasle,1540,1,0,0,80,0,1120,0,1,63,218119,1540,0,81,0,0,0,LEADER,1,0,0,0,0,80
220023,46,adaptive-prasle,1904,1,0,0,80,0,1120,0,1,46,218119,1904,0,81,0,0,0,LEADER,1,0,0,0,0,80
219818,53,adaptive-prasle,1701,1,0,0,80,0,1120,0,1,53,218117,1701,0,81,0,0,0,LEADER,1,0,0,0,0,80
219172,23,adaptive-prasle,1974,1,0,0,79,0,1106,0,1,23,217198,1974,0,80,0,0,0,LEADER,1,0,0,0,0,79
220041,88,adaptive-prasle,1922,1,0,0,80,0,1120,0,1,88,218119,1922,0,81,0,0,0,LEADER,1,0,0,0,0,80
219568,34,adaptive-prasle,1449,1,0,0,80,0,1120,0,1,34,218119,1449,0,81,0,0,0,LEADER,1,0,0,0,0,80
219177,97,adaptive-prasle,1977,1,0,0,79,0,1106,0,1,97,217200,1977,0,80,0,0,0,LEADER,1,0,0,0,0,79
219295,20,adaptive-prasle,2095,1,0,0,79,0,1106,0,1,20,217200,2095,0,80,0,0,0,LEADER,1,0,0,0,0,79
219375,40,adaptive-prasle,2177,1,0,0,79,0,1106,0,1,40,217198,2177,0,80,0,0,0,LEADER,1,0,0,0,0,79
219300,47,adaptive-prasle,2100,1,0,0,79,0,1106,0,1,47,217200,2100,0,80,0,0,0,LEADER,1,0,0,0,0,79
220211,95,adaptive-prasle,2092,1,0,0,80,0,1120,0,1,95,218119,2092,0,81,0,0,0,LEADER,1,0,0,0,0,80
219593,25,adaptive-prasle,2395,1,0,0,79,0,1106,0,1,25,217198,2395,0,80,0,0,0,LEADER,1,0,0,0,0,79
220199,84,adaptive-prasle,2080,1,0,0,80,0,1120,0,1,84,218119,2080,0,81,0,0,0,LEADER,1,0,0,0,0,80
219475,70,adaptive-prasle,2277,1,0,0,79,0,1106,0,1,70,217198,2277,0,80,0,0,0,LEADER,1,0,0,0,0,79
219393,82,adaptive-prasle,2195,1,0,0,79,0,1106,0,1,82,217198,2195,0,80,0,0,0,LEADER,1,0,0,0,0,79
219611,67,adaptive-prasle,2413,1,0,0,79,0,1106,0,1,67,217198,2413,0,80,0,0,0,LEADER,1,0,0,0,0,79
219563,89,adaptive-prasle,2365,1,0,0,79,0,1106,0,1,89,217198,2365,0,80,0,0,0,LEADER,1,0,0,0,0,79
220232,28,adaptive-prasle,2113,1,0,0,80,0,1120,0,1,28,218119,2113,0,81,0,0,0,LEADER,1,0,0,0,0,80
219976,68,adaptive-prasle,1855,1,0,0,80,0,1120,0,1,68,218121,1855,0,81,0,0,0,LEADER,1,0,0,0,0,80
219927,90,adaptive-prasle,1807,1,0,0,80,0,1120,0,1,90,218120,1807,0,81,0,0,0,LEADER,1,0,0,0,0,80
219587,76,adaptive-prasle,1468,1,0,0,80,0,1120,0,1,76,218119,1468,0,81,0,0,0,LEADER,1,0,0,0,0,80
219908,10,adaptive-prasle,1789,1,0,0,80,0,1120,0,1,10,218119,1789,0,81,0,0,0,LEADER,1,0,0,0,0,80
220340,58,adaptive-prasle,2221,1,0,0,80,0,1120,0,1,58,218119,2221,0,81,0,0,0,LEADER,1,0,0,0,0,80
219723,73,adaptive-prasle,1604,1,0,0,80,0,1120,0,1,73,218119,1604,0,81,0,0,0,LEADER,1,0,0,0,0,80
219463,59,adaptive-prasle,2265,1,0,0,79,0,1106,0,1,59,217198,2265,0,80,0,0,0,LEADER,1,0,0,0,0,79
219738,41,adaptive-prasle,1619,1,0,0,80,0,1120,0,1,41,218119,1619,0,81,0,0,0,LEADER,1,0,0,0,0,80
219653,96,adaptive-prasle,1534,1,0,0,80,0,1120,0,1,96,218119,1534,0,81,0,0,0,LEADER,1,0,0,0,0,80
219954,74,adaptive-prasle,1837,1,0,0,80,0,1120,0,1,74,218117,1837,0,81,0,0,0,LEADER,1,0,0,0,0,80
219886,49,adaptive-prasle,1767,1,0,0,80,0,1120,0,1,49,218119,1767,0,81,0,0,0,LEADER,1,0,0,0,0,80
220347,92,adaptive-prasle,2228,1,0,0,80,0,1120,0,1,92,218119,2228,0,81,0,0,0,LEADER,1,0,0,0,0,80
219555,66,adaptive-prasle,1434,1,0,0,80,0,1120,0,1,66,218121,1434,0,81,0,0,0,LEADER,1,0,0,0,0,80
219578,57,adaptive-prasle,2380,1,0,0,79,0,1106,0,1,57,217198,2380,0,80,0,0,0,LEADER,1,0,0,0,0,79
220379,78,adaptive-prasle,2260,1,0,0,80,0,1120,0,1,78,218119,2260,0,81,0,0,0,LEADER,1,0,0,0,0,80
219544,39,adaptive-prasle,2346,1,0,0,79,0,1106,0,1,39,217198,2346,0,80,0,0,0,LEADER,1,0,0,0,0,79
220262,30,adaptive-prasle,2143,1,0,0,80,0,1120,0,1,30,218119,2143,0,81,0,0,0,LEADER,1,0,0,0,0,80
219668,64,adaptive-prasle,1549,1,0,0,80,0,1120,0,1,64,218119,1549,0,81,0,0,0,LEADER,1,0,0,0,0,80
219893,80,adaptive-prasle,1774,1,0,0,80,0,1120,0,1,80,218119,1774,0,81,0,0,0,LEADER,1,0,0,0,0,80
219628,54,adaptive-prasle,1516,1,0,0,80,0,1120,0,1,54,218112,1516,0,81,0,0,0,LEADER,1,0,0,0,0,80
220159,43,adaptive-prasle,2040,1,0,0,80,0,1120,0,1,43,218119,2040,0,81,0,0,0,LEADER,1,0,0,0,0,80
220079,26,adaptive-prasle,1960,1,0,0,80,0,1120,0,1,26,218119,1960,0,81,0,0,0,LEADER,1,0,0,0,0,80
219707,42,adaptive-prasle,1591,1,0,0,80,0,1120,0,1,42,218116,1591,0,81,0,0,0,LEADER,1,0,0,0,0,80
219717,31,adaptive-prasle,1598,1,0,0,80,0,1120,0,1,31,218119,1598,0,81,0,0,0,LEADER,1,0,0,0,0,80
220474,94,adaptive-prasle,2355,1,0,0,80,0,1120,0,1,94,218119,2355,0,81,0,0,0,LEADER,1,0,0,0,0,80
220044,45,adaptive-prasle,1925,1,0,0,80,0,1120,0,1,45,218119,1925,0,81,0,0,0,LEADER,1,0,0,0,0,80
220417,60,adaptive-prasle,2298,1,0,0,80,0,1120,0,1,60,218119,2298,0,81,0,0,0,LEADER,1,0,0,0,0,80
220522,44,adaptive-prasle,1483,1,0,0,80,0,1120,0,1,44,219039,1483,0,81,0,0,0,LEADER,1,0,0,0,0,80
219771,51,adaptive-prasle,1652,1,0,0,80,0,1120,0,1,51,218119,1652,0,81,0,0,0,LEADER,1,0,0,0,0,80
220570,22,adaptive-prasle,1531,1,0,0,80,0,1120,0,1,22,219039,1531,0,81,0,0,0,LEADER,1,0,0,0,0,80
220128,33,adaptive-prasle,2007,1,0,0,80,0,1120,0,1,33,218121,2007,0,81,0,0,0,LEADER,1,0,0,0,0,80
220283,72,adaptive-prasle,2162,1,0,0,80,0,1120,0,1,72,218121,2162,0,81,0,0,0,LEADER,1,0,0,0,0,80
220071,24,adaptive-prasle,1952,1,0,0,80,0,1120,0,1,24,218119,1952,0,81,0,0,0,LEADER,1,0,0,0,0,80
220602,32,adaptive-prasle,1564,1,0,0,80,0,1120,0,1,32,219038,1564,0,81,0,0,0,LEADER,1,0,0,0,0,80
219790,93,adaptive-prasle,1671,1,0,0,80,0,1120,0,1,93,218119,1671,0,81,0,0,0,LEADER,1,0,0,0,0,80
220464,69,adaptive-prasle,2343,1,0,0,80,0,1120,0,1,69,218121,2343,0,81,0,0,0,LEADER,1,0,0,0,0,80
220449,79,adaptive-prasle,2331,1,0,0,80,0,1120,0,1,79,218118,2331,0,81,0,0,0,LEADER,1,0,0,0,0,80
220144,75,adaptive-prasle,2025,1,0,0,80,0,1120,0,1,75,218119,2025,0,81,0,0,0,LEADER,1,0,0,0,0,80
219871,81,adaptive-prasle,1752,1,0,0,80,0,1120,0,1,81,218119,1752,0,81,0,0,0,LEADER,1,0,0,0,0,80
219729,52,adaptive-prasle,1610,1,0,0,80,0,1120,0,1,52,218119,1610,0,81,0,0,0,LEADER,1,0,0,0,0,80
220208,21,adaptive-prasle,2088,1,0,0,80,0,1120,0,1,21,218120,2088,0,81,0,0,0,LEADER,1,0,0,0,0,80
220384,29,adaptive-prasle,2265,1,0,0,80,0,1120,0,1,29,218119,2265,0,81,0,0,0,LEADER,1,0,0,0,0,80
219960,100,adaptive-prasle,1841,1,0,0,80,0,1120,0,1,100,218119,1841,0,81,0,0,0,LEADER,1,0,0,0,0,80
219805,61,adaptive-prasle,1686,1,0,0,80,0,1120,0,1,61,218119,1686,0,81,0,0,0,LEADER,1,0,0,0,0,80
220369,91,adaptive-prasle,2250,1,0,0,80,0,1120,0,1,91,218119,2250,0,81,0,0,0,LEADER,1,0,0,0,0,80
220329,37,adaptive-prasle,2210,1,0,0,80,0,1120,0,1,37,218119,2210,0,81,0,0,0,LEADER,1,0,0,0,0,80
219872,38,adaptive-prasle,1755,1,0,0,80,0,1120,0,1,38,218117,1755,0,81,0,0,0,LEADER,1,0,0,0,0,80
220538,98,adaptive-prasle,2419,1,0,0,80,0,1120,0,1,98,218119,2419,0,81,0,0,0,LEADER,1,0,0,0,0,80
220397,27,adaptive-prasle,2280,1,0,0,80,0,1120,0,1,27,218117,2280,0,81,0,0,0,LEADER,1,0,0,0,0,80
220247,62,adaptive-prasle,2128,1,0,0,80,0,1120,0,1,62,218119,2128,0,81,0,0,0,LEADER,1,0,0,0,0,80
220056,56,adaptive-prasle,1937,1,0,0,80,0,1120,0,1,56,218119,1937,0,81,0,0,0,LEADER,1,0,0,0,0,80
220442,99,adaptive-prasle,2328,1,0,0,80,0,1120,0,1,99,218114,2328,0,81,0,0,0,LEADER,1,0,0,0,0,80
220323,48,adaptive-prasle,2202,1,0,0,80,0,1120,0,1,48,218121,2202,0,81,0,0,0,LEADER,1,0,0,0,0,80
219838,71,adaptive-prasle,1719,1,0,0,80,0,1120,0,1,71,218119,1719,0,81,0,0,0,LEADER,1,0,0,0,0,80
220063,87,adaptive-prasle,1944,1,0,0,80,0,1120,0,1,87,218119,1944,0,81,0,0,0,LEADER,1,0,0,0,0,80
219989,36,adaptive-prasle,1870,1,0,0,80,0,1120,0,1,36,218119,1870,0,81,0,0,0,LEADER,1,0,0,0,0,80
220485,77,adaptive-prasle,1446,1,0,0,80,0,1120,0,1,77,219039,1446,0,81,0,0,0,LEADER,1,0,0,0,0,80
220678,83,adaptive-prasle,1637,1,0,0,80,0,1120,0,1,83,219041,1637,0,81,0,0,0,LEADER,1,0,0,0,0,80
220802,12,adaptive-prasle,1578,1,0,0,8,8,112,112,3,12,219224,1578,0,7,0,0,0,LEADER,1,0,0,0,0,8
220178,85,adaptive-prasle,2059,1,0,0,80,0,1120,0,1,85,218119,2059,0,81,0,0,0,LEADER,1,0,0,0,0,80
220706,19,adaptive-prasle,1667,1,0,0,80,0,1120,0,1,19,219039,1667,0,81,0,0,0,LEADER,1,0,0,0,0,80
220861,65,adaptive-prasle,1822,1,0,0,80,0,1120,0,1,65,219039,1822,0,81,0,0,0,LEADER,1,0,0,0,0,80
220467,35,adaptive-prasle,1428,1,0,0,80,0,1120,0,1,35,219039,1428,0,81,0,0,0,LEADER,1,0,0,0,0,80
220482,86,adaptive-prasle,1443,1,0,0,80,0,1120,0,1,86,219039,1443,0,81,0,0,0,LEADER,1,0,0,0,0,80
220525,50,adaptive-prasle,2406,1,0,0,80,0,1120,0,1,50,218119,2406,0,81,0,0,0,LEADER,1,0,0,0,0,80
220540,55,adaptive-prasle,1501,1,0,0,80,0,1120,0,1,55,219039,1501,0,81,0,0,0,LEADER,1,0,0,0,0,80
220579,63,adaptive-prasle,1540,1,0,0,80,0,1120,0,1,63,219039,1540,0,81,0,0,0,LEADER,1,0,0,0,0,80
220943,46,adaptive-prasle,1904,1,0,0,80,0,1120,0,1,46,219039,1904,0,81,0,0,0,LEADER,1,0,0,0,0,80
220738,53,adaptive-prasle,1701,1,0,0,80,0,1120,0,1,53,219037,1701,0,81,0,0,0,LEADER,1,0,0,0,0,80
220093,23,adaptive-prasle,1974,1,0,0,80,0,1120,0,1,23,218119,1974,0,81,0,0,0,LEADER,1,0,0,0,0,80
220961,88,adaptive-prasle,1922,1,0,0,80,0,1120,0,1,88,219039,1922,0,81,0,0,0,LEADER,1,0,0,0,0,80
220488,34,adaptive-prasle,1449,1,0,0,80,0,1120,0,1,34,219039,1449,0,81,0,0,0,LEADER,1,0,0,0,0,80
220098,97,adaptive-prasle,1977,1,0,0,80,0,1120,0,1,97,218121,1977,0,81,0,0,0,LEADER,1,0,0,0,0,80
220216,20,adaptive-prasle,2095,1,0,0,80,0,1120,0,1,20,218121,2095,0,81,0,0,0,LEADER,1,0,0,0,0,80
220296,40,adaptive-prasle,2177,1,0,0,80,0,1120,0,1,40,218119,2177,0,81,0,0,0,LEADER,1,0,0,0,0,80
220221,47,adaptive-prasle,2100,1,0,0,80,0,1120,0,1,47,218121,2100,0,81,0,0,0,LEADER,1,0,0,0,0,80
221131,95,adaptive-prasle,2092,1,0,0,80,0,1120,0,1,95,219039,2092,0,81,0,0,0,LEADER,1,0,0,0,0,80
220514,25,adaptive-prasle,2395,1,0,0,80,0,1120,0,1,25,218119,2395,0,81,0,0,0,LEADER,1,0,0,0,0,80
221119,84,adaptive-prasle,2080,1,0,0,80,0,1120,0,1,84,219039,2080,0,81,0,0,0,LEADER,1,0,0,0,0,80
220396,70,adaptive-prasle,2277,1,0,0,80,0,1120,0,1,70,218119,2277,0,81,0,0,0,LEADER,1,0,0,0,0,80
220314,82,adaptive-prasle,2195,1,0,0,80,0,1120,0,1,82,218119,2195,0,81,0,0,0,LEADER,1,0,0,0,0,80
220532,67,adaptive-prasle,2413,1,0,0,80,0,1120,0,1,67,218119,2413,0,81,0,0,0,LEADER,1,0,0,0,0,80
220484,89,adaptive-prasle,2365,1,0,0,80,0,1120,0,1,89,218119,2365,0,81,0,0,0,LEADER,1,0,0,0,0,80
221152,28,adaptive-prasle,2113,1,0,0,80,0,1120,0,1,28,219039,2113,0,81,0,0,0,LEADER,1,0,0,0,0,80
220896,68,adaptive-prasle,1855,1,0,0,80,0,1120,0,1,68,219041,1855,0,81,0,0,0,LEADER,1,0,0,0,0,80
220847,90,adaptive-prasle,1807,1,0,0,80,0,1120,0,1,90,219040,1807,0,81,0,0,0,LEADER,1,0,0,0,0,80
220507,76,adaptive-prasle,1468,1,0,0,80,0,1120,0,1,76,219039,1468,0,81,0,0,0,LEADER,1,0,0,0,0,80
220828,10,adaptive-prasle,1789,1,0,0,80,0,1120,0,1,10,219039,1789,0,81,0,0,0,LEADER,1,0,0,0,0,80
221260,58,adaptive-prasle,2221,1,0,0,80,0,1120,0,1,58,219039,2221,0,81,0,0,0,LEADER,1,0,0,0,0,80
220643,73,adaptive-prasle,1604,1,0,0,80,0,1120,0,1,73,219039,1604,0,81,0,0,0,LEADER,1,0,0,0,0,80
220384,59,adaptive-prasle,2265,1,0,0,80,0,1120,0,1,59,218119,2265,0,81,0,0,0,LEADER,1,0,0,0,0,80
220658,41,adaptive-prasle,1619,1,0,0,80,0,1120,0,1,41,219039,1619,0,81,0,0,0,LEADER,1,0,0,0,0,80
220573,96,adaptive-prasle,1534,1,0,0,80,0,1120,0,1,96,219039,1534,0,81,0,0,0,LEADER,1,0,0,0,0,80
220874,74,adaptive-prasle,1837,1,0,0,80,0,1120,0,1,74,219037,1837,0,81,0,0,0,LEADER,1,0,0,0,0,80
220806,49,adaptive-prasle,1767,1,0,0,80,0,1120,0,1,49,219039,1767,0,81,0,0,0,LEADER,1,0,0,0,0,80
221267,92,adaptive-prasle,2228,1,0,0,80,0,1120,0,1,92,219039,2228,0,81,0,0,0,LEADER,1,0,0,0,0,80
220475,66,adaptive-prasle,1434,1,0,0,80,0,1120,0,1,66,219041,1434,0,81,0,0,0,LEADER,1,0,0,0,0,80
220499,57,adaptive-prasle,2380,1,0,0,80,0,1120,0,1,57,218119,2380,0,81,0,0,0,LEADER,1,0,0,0,0,80
221299,78,adaptive-prasle,2260,1,0,0,80,0,1120,0,1,78,219039,2260,0,81,0,0,0,LEADER,1,0,0,0,0,80
220465,39,adaptive-prasle,2346,1,0,0,80,0,1120,0,1,39,218119,2346,0,81,0,0,0,LEADER,1,0,0,0,0,80
221182,30,adaptive-prasle,2143,1,0,0,80,0,1120,0,1,30,219039,2143,0,81,0,0,0,LEADER,1,0,0,0,0,80
220588,64,adaptive-prasle,1549,1,0,0,80,0,1120,0,1,64,219039,1549,0,81,0,0,0,LEADER,1,0,0,0,0,80
220813,80,adaptive-prasle,1774,1,0,0,80,0,1120,0,1,80,219039,1774,0,81,0,0,0,LEADER,1,0,0,0,0,80
220548,54,adaptive-prasle,1516,1,0,0,80,0,1120,0,1,54,219032,1516,0,81,0,0,0,LEADER,1,0,0,0,0,80
221079,43,adaptive-prasle,2040,1,0,0,80,0,1120,0,1,43,219039,2040,0,81,0,0,0,LEADER,1,0,0,0,0,80
220999,26,adaptive-prasle,1960,1,0,0,80,0,1120,0,1,26,219039,1960,0,81,0,0,0,LEADER,1,0,0,0,0,80
220627,42,adaptive-prasle,1591,1,0,0,80,0,1120,0,1,42,219036,1591,0,81,0,0,0,LEADER,1,0,0,0,0,80
220637,31,adaptive-prasle,1598,1,0,0,80,0,1120,0,1,31,219039,1598,0,81,0,0,0,LEADER,1,0,0,0,0,80
221394,94,adaptive-prasle,2355,1,0,0,80,0,1120,0,1,94,219039,2355,0,81,0,0,0,LEADER,1,0,0,0,0,80
220964,45,adaptive-prasle,1925,1,0,0,80,0,1120,0,1,45,219039,1925,0,81,0,0,0,LEADER,1,0,0,0,0,80
221337,60,adaptive-prasle,2298,1,0,0,80,0,1120,0,1,60,219039,2298,0,81,0,0,0,LEADER,1,0,0,0,0,80
221442,44,adaptive-prasle,1483,1,0,0,80,0,1120,0,1,44,219959,1483,0,81,0,0,0,LEADER,1,0,0,0,0,80
220691,51,adaptive-prasle,1652,1,0,0,80,0,1120,0,1,51,219039,1652,0,81,0,0,0,LEADER,1,0,0,0,0,80
221490,22,adaptive-prasle,1531,1,0,0,80,0,1120,0,1,22,219959,1531,0,81,0,0,0,LEADER,1,0,0,0,0,80
221048,33,adaptive-prasle,2007,1,0,0,80,0,1120,0,1,33,219041,2007,0,81,0,0,0,LEADER,1,0,0,0,0,80
221203,72,adaptive-prasle,2162,1,0,0,80,0,1120,0,1,72,219041,2162,0,81,0,0,0,LEADER,1,0,0,0,0,80
220991,24,adaptive-prasle,1952,1,0,0,80,0,1120,0,1,24,219039,1952,0,81,0,0,0,LEADER,1,0,0,0,0,80
221522,32,adaptive-prasle,1564,1,0,0,80,0,1120,0,1,32,219958,1564,0,81,0,0,0,LEADER,1,0,0,0,0,80
220710,93,adaptive-prasle,1671,1,0,0,80,0,1120,0,1,93,219039,1671,0,81,0,0,0,LEADER,1,0,0,0,0,80
221384,69,adaptive-prasle,2343,1,0,0,80,0,1120,0,1,69,219041,2343,0,81,0,0,0,LEADER,1,0,0,0,0,80
221369,79,adaptive-prasle,2331,1,0,0,80,0,1120,0,1,79,219038,2331,0,81,0,0,0,LEADER,1,0,0,0,0,80
221064,75,adaptive-prasle,2025,1,0,0,80,0,1120,0,1,75,219039,2025,0,81,0,0,0,LEADER,1,0,0,0,0,80
220791,81,adaptive-prasle,1752,1,0,0,80,0,1120,0,1,81,219039,1752,0,81,0,0,0,LEADER,1,0,0,0,0,80
220649,52,adaptive-prasle,1610,1,0,0,80,0,1120,0,1,52,219039,1610,0,81,0,0,0,LEADER,1,0,0,0,0,80
221128,21,adaptive-prasle,2088,1,0,0,80,0,1120,0,1,21,219040,2088,0,81,0,0,0,LEADER,1,0,0,0,0,80
221304,29,adaptive-prasle,2265,1,0,0,80,0,1120,0,1,29,219039,2265,0,81,0,0,0,LEADER,1,0,0,0,0,80
220880,100,adaptive-prasle,1841,1,0,0,80,0,1120,0,1,100,219039,1841,0,81,0,0,0,LEADER,1,0,0,0,0,80
220725,61,adaptive-prasle,1686,1,0,0,80,0,1120,0,1,61,219039,1686,0,81,0,0,0,LEADER,1,0,0,0,0,80
221289,91,adaptive-prasle,2250,1,0,0,80,0,1120,0,1,91,219039,2250,0,81,0,0,0,LEADER,1,0,0,0,0,80
221249,37,adaptive-prasle,2210,1,0,0,80,0,1120,0,1,37,219039,2210,0,81,0,0,0,LEADER,1,0,0,0,0,80
220792,38,adaptive-prasle,1755,1,0,0,80,0,1120,0,1,38,219037,1755,0,81,0,0,0,LEADER,1,0,0,0,0,80
221458,98,adaptive-prasle,2419,1,0,0,80,0,1120,0,1,98,219039,2419,0,81,0,0,0,LEADER,1,0,0,0,0,80
221317,27,adaptive-prasle,2280,1,0,0,80,0,1120,0,1,27,219037,2280,0,81,0,0,0,LEADER,1,0,0,0,0,80
221167,62,adaptive-prasle,2128,1,0,0,80,0,1120,0,1,62,219039,2128,0,81,0,0,0,LEADER,1,0,0,0,0,80
220976,56,adaptive-prasle,1937,1,0,0,80,0,1120,0,1,56,219039,1937,0,81,0,0,0,LEADER,1,0,0,0,0,80
221362,99,adaptive-prasle,2328,1,0,0,80,0,1120,0,1,99,219034,2328,0,81,0,0,0,LEADER,1,0,0,0,0,80
221243,48,adaptive-prasle,2202,1,0,0,80,0,1120,0,1,48,219041,2202,0,81,0,0,0,LEADER,1,0,0,0,0,80
220758,71,adaptive-prasle,1719,1,0,0,80,0,1120,0,1,71,219039,1719,0,81,0,0,0,LEADER,1,0,0,0,0,80
220983,87,adaptive-prasle,1944,1,0,0,80,0,1120,0,1,87,219039,1944,0,81,0,0,0,LEADER,1,0,0,0,0,80
220909,36,adaptive-prasle,1870,1,0,0,80,0,1120,0,1,36,219039,1870,0,81,0,0,0,LEADER,1,0,0,0,0,80
221405,77,adaptive-prasle,1446,1,0,0,80,0,1120,0,1,77,219959,1446,0,81,0,0,0,LEADER,1,0,0,0,0,80
221598,83,adaptive-prasle,1637,1,0,0,80,0,1120,0,1,83,219961,1637,0,81,0,0,0,LEADER,1,0,0,0,0,80
221098,85,adaptive-prasle,2059,1,0,0,80,0,1120,0,1,85,219039,2059,0,81,0,0,0,LEADER,1,0,0,0,0,80
221626,19,adaptive-prasle,1667,1,0,0,80,0,1120,0,1,19,219959,1667,0,81,0,0,0,LEADER,1,0,0,0,0,80
221781,65,adaptive-prasle,1822,1,0,0,80,0,1120,0,1,65,219959,1822,0,81,0,0,0,LEADER,1,0,0,0,0,80
221387,35,adaptive-prasle,1428,1,0,0,80,0,1120,0,1,35,219959,1428,0,81,0,0,0,LEADER,1,0,0,0,0,80
221402,86,adaptive-prasle,1443,1,0,0,80,0,1120,0,1,86,219959,1443,0,81,0,0,0,LEADER,1,0,0,0,0,80
221445,50,adaptive-prasle,2406,1,0,0,80,0,1120,0,1,50,219039,2406,0,81,0,0,0,LEADER,1,0,0,0,0,80
221460,55,adaptive-prasle,1501,1,0,0,80,0,1120,0,1,55,219959,1501,0,81,0,0,0,LEADER,1,0,0,0,0,80
221499,63,adaptive-prasle,1540,1,0,0,80,0,1120,0,1,63,219959,1540,0,81,0,0,0,LEADER,1,0,0,0,0,80
221863,46,adaptive-prasle,1904,1,0,0,80,0,1120,0,1,46,219959,1904,0,81,0,0,0,LEADER,1,0,0,0,0,80
221658,53,adaptive-prasle,1701,1,0,0,80,0,1120,0,1,53,219957,1701,0,81,0,0,0,LEADER,1,0,0,0,0,80
221013,23,adaptive-prasle,1974,1,0,0,80,0,1120,0,1,23,219039,1974,0,81,0,0,0,LEADER,1,0,0,0,0,80
221881,88,adaptive-prasle,1922,1,0,0,80,0,1120,0,1,88,219959,1922,0,81,0,0,0,LEADER,1,0,0,0,0,80
221408,34,adaptive-prasle,1449,1,0,0,80,0,1120,0,1,34,219959,1449,0,81,0,0,0,LEADER,1,0,0,0,0,80
221018,97,adaptive-prasle,1977,1,0,0,80,0,1120,0,1,97,219041,1977,0,81,0,0,0,LEADER,1,0,0,0,0,80
221136,20,adaptive-prasle,2095,1,0,0,80,0,1120,0,1,20,219041,2095,0,81,0,0,0,LEADER,1,0,0,0,0,80
221216,40,adaptive-prasle,2177,1,0,0,80,0,1120,0,1,40,219039,2177,0,81,0,0,0,LEADER,1,0,0,0,0,80
221141,47,adaptive-prasle,2100,1,0,0,80,0,1120,0,1,47,219041,2100,0,81,0,0,0,LEADER,1,0,0,0,0,80
222051,95,adaptive-prasle,2092,1,0,0,80,0,1120,0,1,95,219959,2092,0,81,0,0,0,LEADER,1,0,0,0,0,80
221434,25,adaptive-prasle,2395,1,0,0,80,0,1120,0,1,25,219039,2395,0,81,0,0,0,LEADER,1,0,0,0,0,80
222039,84,adaptive-prasle,2080,1,0,0,80,0,1120,0,1,84,219959,2080,0,81,0,0,0,LEADER,1,0,0,0,0,80
221316,70,adaptive-prasle,2277,1,0,0,80,0,1120,0,1,70,219039,2277,0,81,0,0,0,LEADER,1,0,0,0,0,80
221234,82,adaptive-prasle,2195,1,0,0,80,0,1120,0,1,82,219039,2195,0,81,0,0,0,LEADER,1,0,0,0,0,80
221452,67,adaptive-prasle,2413,1,0,0,80,0,1120,0,1,67,219039,2413,0,81,0,0,0,LEADER,1,0,0,0,0,80
221404,89,adaptive-prasle,2365,1,0,0,80,0,1120,0,1,89,219039,2365,0,81,0,0,0,LEADER,1,0,0,0,0,80
222072,28,adaptive-prasle,2113,1,0,0,80,0,1120,0,1,28,219959,2113,0,81,0,0,0,LEADER,1,0,0,0,0,80
221816,68,adaptive-prasle,1855,1,0,0,80,0,1120,0,1,68,219961,1855,0,81,0,0,0,LEADER,1,0,0,0,0,80
221767,90,adaptive-prasle,1807,1,0,0,80,0,1120,0,1,90,219960,1807,0,81,0,0,0,LEADER,1,0,0,0,0,80
221427,76,adaptive-prasle,1468,1,0,0,80,0,1120,0,1,76,219959,1468,0,81,0,0,0,LEADER,1,0,0,0,0,80
221748,10,adaptive-prasle,1789,1,0,0,80,0,1120,0,1,10,219959,1789,0,81,0,0,0,LEADER,1,0,0,0,0,80
222180,58,adaptive-prasle,2221,1,0,0,80,0,1120,0,1,58,219959,2221,0,81,0,0,0,LEADER,1,0,0,0,0,80
221563,73,adaptive-prasle,1604,1,0,0,80,0,1120,0,1,73,219959,1604,0,81,0,0,0,LEADER,1,0,0,0,0,80
221304,59,adaptive-prasle,2265,1,0,0,80,0,1120,0,1,59,219039,2265,0,81,0,0,0,LEADER,1,0,0,0,0,80
221578,41,adaptive-prasle,1619,1,0,0,80,0,1120,0,1,41,219959,1619,0,81,0,0,0,LEADER,1,0,0,0,0,80
221493,96,adaptive-prasle,1534,1,0,0,80,0,1120,0,1,96,219959,1534,0,81,0,0,0,LEADER,1,0,0,0,0,80
221794,74,adaptive-prasle,1837,1,0,0,80,0,1120,0,1,74,219957,1837,0,81,0,0,0,LEADER,1,0,0,0,0,80
221726,49,adaptive-prasle,1767,1,0,0,80,0,1120,0,1,49,219959,1767,0,81,0,0,0,LEADER,1,0,0,0,0,80
222187,92,adaptive-prasle,2228,1,0,0,80,0,1120,0,1,92,219959,2228,0,81,0,0,0,LEADER,1,0,0,0,0,80
221395,66,adaptive-prasle,1434,1,0,0,80,0,1120,0,1,66,219961,1434,0,81,0,0,0,LEADER,1,0,0,0,0,80
221419,57,adaptive-prasle,2380,1,0,0,80,0,1120,0,1,57,219039,2380,0,81,0,0,0,LEADER,1,0,0,0,0,80
222219,78,adaptive-prasle,2260,1,0,0,80,0,1120,0,1,78,219959,2260,0,81,0,0,0,LEADER,1,0,0,0,0,80
221385,39,adaptive-prasle,2346,1,0,0,80,0,1120,0,1,39,219039,2346,0,81,0,0,0,LEADER,1,0,0,0,0,80
222102,30,adaptive-prasle,2143,1,0,0,80,0,1120,0,1,30,219959,2143,0,81,0,0,0,LEADER,1,0,0,0,0,80
221508,64,adaptive-prasle,1549,1,0,0,80,0,1120,0,1,64,219959,1549,0,81,0,0,0,LEADER,1,0,0,0,0,80
221733,80,adaptive-prasle,1774,1,0,0,80,0,1120,0,1,80,219959,1774,0,81,0,0,0,LEADER,1,0,0,0,0,80
221468,54,adaptive-prasle,1516,1,0,0,80,0,1120,0,1,54,219952,1516,0,81,0,0,0,LEADER,1,0,0,0,0,80
221923,17,adaptive-prasle,1782,1,0,0,17,17,238,238,3,17,220141,1782,0,7,0,0,0,LEADER,1,0,0,0,0,17
221999,43,adaptive-prasle,2040,1,0,0,80,0,1120,0,1,43,219959,2040,0,81,0,0,0,LEADER,1,0,0,0,0,80
221919,26,adaptive-prasle,1960,1,0,0,80,0,1120,0,1,26,219959,1960,0,81,0,0,0,LEADER,1,0,0,0,0,80
222280,18,adaptive-prasle,2226,1,0,0,24,19,336,266,3,18,220054,2226,0,7,0,0,0,LEADER,1,0,0,0,0,24
221547,42,adaptive-prasle,1591,1,0,0,80,0,1120,0,1,42,219956,1591,0,81,0,0,0,LEADER,1,0,0,0,0,80
221557,31,adaptive-prasle,1598,1,0,0,80,0,1120,0,1,31,219959,1598,0,81,0,0,0,LEADER,1,0,0,0,0,80
222314,94,adaptive-prasle,2355,1,0,0,80,0,1120,0,1,94,219959,2355,0,81,0,0,0,LEADER,1,0,0,0,0,80
221884,45,adaptive-prasle,1925,1,0,0,80,0,1120,0,1,45,219959,1925,0,81,0,0,0,LEADER,1,0,0,0,0,80
222257,60,adaptive-prasle,2298,1,0,0,80,0,1120,0,1,60,219959,2298,0,81,0,0,0,LEADER,1,0,0,0,0,80
222363,44,adaptive-prasle,1483,1,0,0,81,0,1134,0,1,44,220880,1483,0,82,0,0,0,LEADER,1,0,0,0,0,81
221611,51,adaptive-prasle,1652,1,0,0,80,0,1120,0,1,51,219959,1652,0,81,0,0,0,LEADER,1,0,0,0,0,80
221968,33,adaptive-prasle,2007,1,0,0,80,0,1120,0,1,33,219961,2007,0,81,0,0,0,LEADER,1,0,0,0,0,80
222411,22,adaptive-prasle,1531,1,0,0,81,0,1134,0,1,22,220880,1531,0,82,0,0,0,LEADER,1,0,0,0,0,81
222123,72,adaptive-prasle,2162,1,0,0,80,0,1120,0,1,72,219961,2162,0,81,0,0,0,LEADER,1,0,0,0,0,80
221911,24,adaptive-prasle,1952,1,0,0,80,0,1120,0,1,24,219959,1952,0,81,0,0,0,LEADER,1,0,0,0,0,80
222443,32,adaptive-prasle,1564,1,0,0,81,0,1134,0,1,32,220879,1564,0,82,0,0,0,LEADER,1,0,0,0,0,81
221630,93,adaptive-prasle,1671,1,0,0,80,0,1120,0,1,93,219959,1671,0,81,0,0,0,LEADER,1,0,0,0,0,80
222289,79,adaptive-prasle,2331,1,0,0,80,0,1120,0,1,79,219958,2331,0,81,0,0,0,LEADER,1,0,0,0,0,80
222304,69,adaptive-prasle,2343,1,0,0,80,0,1120,0,1,69,219961,2343,0,81,0,0,0,LEADER,1,0,0,0,0,80
221984,75,adaptive-prasle,2025,1,0,0,80,0,1120,0,1,75,219959,2025,0,81,0,0,0,LEADER,1,0,0,0,0,80
221711,81,adaptive-prasle,1752,1,0,0,80,0,1120,0,1,81,219959,1752,0,81,0,0,0,LEADER,1,0,0,0,0,80
221569,52,adaptive-prasle,1610,1,0,0,80,0,1120,0,1,52,219959,1610,0,81,0,0,0,LEADER,1,0,0,0,0,80
222048,21,adaptive-prasle,2088,1,0,0,80,0,1120,0,1,21,219960,2088,0,81,0,0,0,LEADER,1,0,0,0,0,80
222224,29,adaptive-prasle,2265,1,0,0,80,0,1120,0,1,29,219959,2265,0,81,0,0,0,LEADER,1,0,0,0,0,80
221800,100,adaptive-prasle,1841,1,0,0,80,0,1120,0,1,100,219959,1841,0,81,0,0,0,LEADER,1,0,0,0,0,80
221645,61,adaptive-prasle,1686,1,0,0,80,0,1120,0,1,61,219959,1686,0,81,0,0,0,LEADER,1,0,0,0,0,80
222209,91,adaptive-prasle,2250,1,0,0,80,0,1120,0,1,91,219959,2250,0,81,0,0,0,LEADER,1,0,0,0,0,80
222169,37,adaptive-prasle,2210,1,0,0,80,0,1120,0,1,37,219959,2210,0,81,0,0,0,LEADER,1,0,0,0,0,80
221712,38,adaptive-prasle,1755,1,0,0,80,0,1120,0,1,38,219957,1755,0,81,0,0,0,LEADER,1,0,0,0,0,80
222378,98,adaptive-prasle,2419,1,0,0,80,0,1120,0,1,98,219959,2419,0,81,0,0,0,LEADER,1,0,0,0,0,80
222237,27,adaptive-prasle,2280,1,0,0,80,0,1120,0,1,27,219957,2280,0,81,0,0,0,LEADER,1,0,0,0,0,80
222087,62,adaptive-prasle,2128,1,0,0,80,0,1120,0,1,62,219959,2128,0,81,0,0,0,LEADER,1,0,0,0,0,80
221896,56,adaptive-prasle,1937,1,0,0,80,0,1120,0,1,56,219959,1937,0,81,0,0,0,LEADER,1,0,0,0,0,80
222282,99,adaptive-prasle,2328,1,0,0,80,0,1120,0,1,99,219954,2328,0,81,0,0,0,LEADER,1,0,0,0,0,80
222163,48,adaptive-prasle,2202,1,0,0,80,0,1120,0,1,48,219961,2202,0,81,0,0,0,LEADER,1,0,0,0,0,80
222303,5,adaptive-prasle,2338,1,0,0,12,27,168,378,7,5,219965,2338,0,9,0,0,0,LEADER,1,0,0,0,0,12
221678,71,adaptive-prasle,1719,1,0,0,80,0,1120,0,1,71,219959,1719,0,81,0,0,0,LEADER,1,0,0,0,0,80
221903,87,adaptive-prasle,1944,1,0,0,80,0,1120,0,1,87,219959,1944,0,81,0,0,0,LEADER,1,0,0,0,0,80
221829,36,adaptive-prasle,1870,1,0,0,80,0,1120,0,1,36,219959,1870,0,81,0,0,0,LEADER,1,0,0,0,0,80
222326,77,adaptive-prasle,1446,1,0,0,81,0,1134,0,1,77,220880,1446,0,82,0,0,0,LEADER,1,0,0,0,0,81
222519,83,adaptive-prasle,1637,1,0,0,81,0,1134,0,1,83,220882,1637,0,82,0,0,0,LEADER,1,0,0,0,0,81
222018,85,adaptive-prasle,2059,1,0,0,80,0,1120,0,1,85,219959,2059,0,81,0,0,0,LEADER,1,0,0,0,0,80
222547,19,adaptive-prasle,1667,1,0,0,81,0,1134,0,1,19,220880,1667,0,82,0,0,0,LEADER,1,0,0,0,0,81
222702,65,adaptive-prasle,1822,1,0,0,81,0,1134,0,1,65,220880,1822,0,82,0,0,0,LEADER,1,0,0,0,0,81
222308,35,adaptive-prasle,1428,1,0,0,81,0,1134,0,1,35,220880,1428,0,82,0,0,0,LEADER,1,0,0,0,0,81
222323,86,adaptive-prasle,1443,1,0,0,81,0,1134,0,1,86,220880,1443,0,82,0,0,0,LEADER,1,0,0,0,0,81
222365,50,adaptive-prasle,2406,1,0,0,80,0,1120,0,1,50,219959,2406,0,81,0,0,0,LEADER,1,0,0,0,0,80
222381,55,adaptive-prasle,1501,1,0,0,81,0,1134,0,1,55,220880,1501,0,82,0,0,0,LEADER,1,0,0,0,0,81
222420,63,adaptive-prasle,1540,1,0,0,81,0,1134,0,1,63,220880,1540,0,82,0,0,0,LEADER,1,0,0,0,0,81
222784,46,adaptive-prasle,1904,1,0,0,81,0,1134,0,1,46,220880,1904,0,82,0,0,0,LEADER,1,0,0,0,0,81
222579,53,adaptive-prasle,1701,1,0,0,81,0,1134,0,1,53,220878,1701,0,82,0,0,0,LEADER,1,0,0,0,0,81
221933,23,adaptive-prasle,1974,1,0,0,80,0,1120,0,1,23,219959,1974,0,81,0,0,0,LEADER,1,0,0,0,0,80
222802,88,adaptive-prasle,1922,1,0,0,81,0,1134,0,1,88,220880,1922,0,82,0,0,0,LEADER,1,0,0,0,0,81
222329,34,adaptive-prasle,1449,1,0,0,81,0,1134,0,1,34,220880,1449,0,82,0,0,0,LEADER,1,0,0,0,0,81
221938,97,adaptive-prasle,1977,1,0,0,80,0,1120,0,1,97,219961,1977,0,81,0,0,0,LEADER,1,0,0,0,0,80
222056,20,adaptive-prasle,2095,1,0,0,80,0,1120,0,1,20,219961,2095,0,81,0,0,0,LEADER,1,0,0,0,0,80
222136,40,adaptive-prasle,2177,1,0,0,80,0,1120,0,1,40,219959,2177,0,81,0,0,0,LEADER,1,0,0,0,0,80
222061,47,adaptive-prasle,2100,1,0,0,80,0,1120,0,1,47,219961,2100,0,81,0,0,0,LEADER,1,0,0,0,0,80
222972,95,adaptive-prasle,2092,1,0,0,81,0,1134,0,1,95,220880,2092,0,82,0,0,0,LEADER,1,0,0,0,0,81
222354,25,adaptive-prasle,2395,1,0,0,80,0,1120,0,1,25,219959,2395,0,81,0,0,0,LEADER,1,0,0,0,0,80
222960,84,adaptive-prasle,2080,1,0,0,81,0,1134,0,1,84,220880,2080,0,82,0,0,0,LEADER,1,0,0,0,0,81
222236,70,adaptive-prasle,2277,1,0,0,80,0,1120,0,1,70,219959,2277,0,81,0,0,0,LEADER,1,0,0,0,0,80
222154,82,adaptive-prasle,2195,1,0,0,80,0,1120,0,1,82,219959,2195,0,81,0,0,0,LEADER,1,0,0,0,0,80
222372,67,adaptive-prasle,2413,1,0,0,80,0,1120,0,1,67,219959,2413,0,81,0,0,0,LEADER,1,0,0,0,0,80
222324,89,adaptive-prasle,2365,1,0,0,80,0,1120,0,1,89,219959,2365,0,81,0,0,0,LEADER,1,0,0,0,0,80
222993,28,adaptive-prasle,2113,1,0,0,81,0,1134,0,1,28,220880,2113,0,82,0,0,0,LEADER,1,0,0,0,0,81
222737,68,adaptive-prasle,1855,1,0,0,81,0,1134,0,1,68,220882,1855,0,82,0,0,0,LEADER,1,0,0,0,0,81
222688,90,adaptive-prasle,1807,1,0,0,81,0,1134,0,1,90,220881,1807,0,82,0,0,0,LEADER,1,0,0,0,0,81
222348,76,adaptive-prasle,1468,1,0,0,81,0,1134,0,1,76,220880,1468,0,82,0,0,0,LEADER,1,0,0,0,0,81
222669,10,adaptive-prasle,1789,1,0,0,81,0,1134,0,1,10,220880,1789,0,82,0,0,0,LEADER,1,0,0,0,0,81
223101,58,adaptive-prasle,2221,1,0,0,81,0,1134,0,1,58,220880,2221,0,82,0,0,0,LEADER,1,0,0,0,0,81
222484,73,adaptive-prasle,1604,1,0,0,81,0,1134,0,1,73,220880,1604,0,82,0,0,0,LEADER,1,0,0,0,0,81
222224,59,adaptive-prasle,2265,1,0,0,80,0,1120,0,1,59,219959,2265,0,81,0,0,0,LEADER,1,0,0,0,0,80
222499,41,adaptive-prasle,1619,1,0,0,81,0,1134,0,1,41,220880,1619,0,82,0,0,0,LEADER,1,0,0,0,0,81
222414,96,adaptive-prasle,1534,1,0,0,81,0,1134,0,1,96,220880,1534,0,82,0,0,0,LEADER,1,0,0,0,0,81
222715,74,adaptive-prasle,1837,1,0,0,81,0,1134,0,1,74,220878,1837,0,82,0,0,0,LEADER,1,0,0,0,0,81
222647,49,adaptive-prasle,1767,1,0,0,81,0,1134,0,1,49,220880,1767,0,82,0,0,0,LEADER,1,0,0,0,0,81
223108,92,adaptive-prasle,2228,1,0,0,81,0,1134,0,1,92,220880,2228,0,82,0,0,0,LEADER,1,0,0,0,0,81
222316,66,adaptive-prasle,1434,1,0,0,81,0,1134,0,1,66,220882,1434,0,82,0,0,0,LEADER,1,0,0,0,0,81
222339,57,adaptive-prasle,2380,1,0,0,80,0,1120,0,1,57,219959,2380,0,81,0,0,0,LEADER,1,0,0,0,0,80
223140,78,adaptive-prasle,2260,1,0,0,81,0,1134,0,1,78,220880,2260,0,82,0,0,0,LEADER,1,0,0,0,0,81
222305,39,adaptive-prasle,2346,1,0,0,80,0,1120,0,1,39,219959,2346,0,81,0,0,0,LEADER,1,0,0,0,0,80
223023,30,adaptive-prasle,2143,1,0,0,81,0,1134,0,1,30,220880,2143,0,82,0,0,0,LEADER,1,0,0,0,0,81
222429,64,adaptive-prasle,1549,1,0,0,81,0,1134,0,1,64,220880,1549,0,82,0,0,0,LEADER,1,0,0,0,0,81
222654,80,adaptive-prasle,1774,1,0,0,81,0,1134,0,1,80,220880,1774,0,82,0,0,0,LEADER,1,0,0,0,0,81
222389,54,adaptive-prasle,1516,1,0,0,81,0,1134,0,1,54,220873,1516,0,82,0,0,0,LEADER,1,0,0,0,0,81
222920,43,adaptive-prasle,2040,1,0,0,81,0,1134,0,1,43,220880,2040,0,82,0,0,0,LEADER,1,0,0,0,0,81
222840,26,adaptive-prasle,1960,1,0,0,81,0,1134,0,1,26,220880,1960,0,82,0,0,0,LEADER,1,0,0,0,0,81
222468,42,adaptive-prasle,1591,1,0,0,81,0,1134,0,1,42,220877,1591,0,82,0,0,0,LEADER,1,0,0,0,0,81
222478,31,adaptive-prasle,1598,1,0,0,81,0,1134,0,1,31,220880,1598,0,82,0,0,0,LEADER,1,0,0,0,0,81
223235,94,adaptive-prasle,2355,1,0,0,81,0,1134,0,1,94,220880,2355,0,82,0,0,0,LEADER,1,0,0,0,0,81
222805,45,adaptive-prasle,1925,1,0,0,81,0,1134,0,1,45,220880,1925,0,82,0,0,0,LEADER,1,0,0,0,0,81
223178,60,adaptive-prasle,2298,1,0,0,81,0,1134,0,1,60,220880,2298,0,82,0,0,0,LEADER,1,0,0,0,0,81
223283,44,adaptive-prasle,1483,1,0,0,81,0,1134,0,1,44,221800,1483,0,82,0,0,0,LEADER,1,0,0,0,0,81
222532,51,adaptive-prasle,1652,1,0,0,81,0,1134,0,1,51,220880,1652,0,82,0,0,0,LEADER,1,0,0,0,0,81
223331,22,adaptive-prasle,1531,1,0,0,81,0,1134,0,1,22,221800,1531,0,82,0,0,0,LEADER,1,0,0,0,0,81
222889,33,adaptive-prasle,2007,1,0,0,81,0,1134,0,1,33,220882,2007,0,82,0,0,0,LEADER,1,0,0,0,0,81
223044,72,adaptive-prasle,2162,1,0,0,81,0,1134,0,1,72,220882,2162,0,82,0,0,0,LEADER,1,0,0,0,0,81
222832,24,adaptive-prasle,1952,1,0,0,81,0,1134,0,1,24,220880,1952,0,82,0,0,0,LEADER,1,0,0,0,0,81
223363,32,adaptive-prasle,1564,1,0,0,81,0,1134,0,1,32,221799,1564,0,82,0,0,0,LEADER,1,0,0,0,0,81
222551,93,adaptive-prasle,1671,1,0,0,81,0,1134,0,1,93,220880,1671,0,82,0,0,0,LEADER,1,0,0,0,0,81
223225,69,adaptive-prasle,2343,1,0,0,81,0,1134,0,1,69,220882,2343,0,82,0,0,0,LEADER,1,0,0,0,0,81
223210,79,adaptive-prasle,2331,1,0,0,81,0,1134,0,1,79,220879,2331,0,82,0,0,0,LEADER,1,0,0,0,0,81
222905,75,adaptive-prasle,2025,1,0,0,81,0,1134,0,1,75,220880,2025,0,82,0,0,0,LEADER,1,0,0,0,0,81
222632,81,adaptive-prasle,1752,1,0,0,81,0,1134,0,1,81,220880,1752,0,82,0,0,0,LEADER,1,0,0,0,0,81
222490,52,adaptive-prasle,1610,1,0,0,81,0,1134,0,1,52,220880,1610,0,82,0,0,0,LEADER,1,0,0,0,0,81
223145,29,adaptive-prasle,2265,1,0,0,81,0,1134,0,1,29,220880,2265,0,82,0,0,0,LEADER,1,0,0,0,0,81
222969,21,adaptive-prasle,2088,1,0,0,81,0,1134,0,1,21,220881,2088,0,82,0,0,0,LEADER,1,0,0,0,0,81
222721,100,adaptive-prasle,1841,1,0,0,81,0,1134,0,1,100,220880,1841,0,82,0,0,0,LEADER,1,0,0,0,0,81
222566,61,adaptive-prasle,1686,1,0,0,81,0,1134,0,1,61,220880,1686,0,82,0,0,0,LEADER,1,0,0,0,0,81
223130,91,adaptive-prasle,2250,1,0,0,81,0,1134,0,1,91,220880,2250,0,82,0,0,0,LEADER,1,0,0,0,0,81
223090,37,adaptive-prasle,2210,1,0,0,81,0,1134,0,1,37,220880,2210,0,82,0,0,0,LEADER,1,0,0,0,0,81
222633,38,adaptive-prasle,1755,1,0,0,81,0,1134,0,1,38,220878,1755,0,82,0,0,0,LEADER,1,0,0,0,0,81
223299,98,adaptive-prasle,2419,1,0,0,81,0,1134,0,1,98,220880,2419,0,82,0,0,0,LEADER,1,0,0,0,0,81
223158,27,adaptive-prasle,2280,1,0,0,81,0,1134,0,1,27,220878,2280,0,82,0,0,0,LEADER,1,0,0,0,0,81
223008,62,adaptive-prasle,2128,1,0,0,81,0,1134,0,1,62,220880,2128,0,82,0,0,0,LEADER,1,0,0,0,0,81
222817,56,adaptive-prasle,1937,1,0,0,81,0,1134,0,1,56,220880,1937,0,82,0,0,0,LEADER,1,0,0,0,0,81
223203,99,adaptive-prasle,2328,1,0,0,81,0,1134,0,1,99,220875,2328,0,82,0,0,0,LEADER,1,0,0,0,0,81
223084,48,adaptive-prasle,2202,1,0,0,81,0,1134,0,1,48,220882,2202,0,82,0,0,0,LEADER,1,0,0,0,0,81
222599,71,adaptive-prasle,1719,1,0,0,81,0,1134,0,1,71,220880,1719,0,82,0,0,0,LEADER,1,0,0,0,0,81
222824,87,adaptive-prasle,1944,1,0,0,81,0,1134,0,1,87,220880,1944,0,82,0,0,0,LEADER,1,0,0,0,0,81
222750,36,adaptive-prasle,1870,1,0,0,81,0,1134,0,1,36,220880,1870,0,82,0,0,0,LEADER,1,0,0,0,0,81
223246,77,adaptive-prasle,1446,1,0,0,81,0,1134,0,1,77,221800,1446,0,82,0,0,0,LEADER,1,0,0,0,0,81
223439,83,adaptive-prasle,1637,1,0,0,81,0,1134,0,1,83,221802,1637,0,82,0,0,0,LEADER,1,0,0,0,0,81
222939,85,adaptive-prasle,2059,1,0,0,81,0,1134,0,1,85,220880,2059,0,82,0,0,0,LEADER,1,0,0,0,0,81
223467,19,adaptive-prasle,1667,1,0,0,81,0,1134,0,1,19,221800,1667,0,82,0,0,0,LEADER,1,0,0,0,0,81
223622,65,adaptive-prasle,1822,1,0,0,81,0,1134,0,1,65,221800,1822,0,82,0,0,0,LEADER,1,0,0,0,0,81
223228,35,adaptive-prasle,1428,1,0,0,81,0,1134,0,1,35,221800,1428,0,82,0,0,0,LEADER,1,0,0,0,0,81
223243,86,adaptive-prasle,1443,1,0,0,81,0,1134,0,1,86,221800,1443,0,82,0,0,0,LEADER,1,0,0,0,0,81
223286,50,adaptive-prasle,2406,1,0,0,81,0,1134,0,1,50,220880,2406,0,82,0,0,0,LEADER,1,0,0,0,0,81
223301,55,adaptive-prasle,1501,1,0,0,81,0,1134,0,1,55,221800,1501,0,82,0,0,0,LEADER,1,0,0,0,0,81
223340,63,adaptive-prasle,1540,1,0,0,81,0,1134,0,1,63,221800,1540,0,82,0,0,0,LEADER,1,0,0,0,0,81
223704,46,adaptive-prasle,1904,1,0,0,81,0,1134,0,1,46,221800,1904,0,82,0,0,0,LEADER,1,0,0,0,0,81
223499,53,adaptive-prasle,1701,1,0,0,81,0,1134,0,1,53,221798,1701,0,82,0,0,0,LEADER,1,0,0,0,0,81
222854,23,adaptive-prasle,1974,1,0,0,81,0,1134,0,1,23,220880,1974,0,82,0,0,0,LEADER,1,0,0,0,0,81
223722,88,adaptive-prasle,1922,1,0,0,81,0,1134,0,1,88,221800,1922,0,82,0,0,0,LEADER,1,0,0,0,0,81
223249,34,adaptive-prasle,1449,1,0,0,81,0,1134,0,1,34,221800,1449,0,82,0,0,0,LEADER,1,0,0,0,0,81
222859,97,adaptive-prasle,1977,1,0,0,81,0,1134,0,1,97,220882,1977,0,82,0,0,0,LEADER,1,0,0,0,0,81
222977,20,adaptive-prasle,2095,1,0,0,81,0,1134,0,1,20,220882,2095,0,82,0,0,0,LEADER,1,0,0,0,0,81
223057,40,adaptive-prasle,2177,1,0,0,81,0,1134,0,1,40,220880,2177,0,82,0,0,0,LEADER,1,0,0,0,0,81
222982,47,adaptive-prasle,2100,1,0,0,81,0,1134,0,1,47,220882,2100,0,82,0,0,0,LEADER,1,0,0,0,0,81
223892,95,adaptive-prasle,2092,1,0,0,81,0,1134,0,1,95,221800,2092,0,82,0,0,0,LEADER,1,0,0,0,0,81
223275,25,adaptive-prasle,2395,1,0,0,81,0,1134,0,1,25,220880,2395,0,82,0,0,0,LEADER,1,0,0,0,0,81
223880,84,adaptive-prasle,2080,1,0,0,81,0,1134,0,1,84,221800,2080,0,82,0,0,0,LEADER,1,0,0,0,0,81
223157,70,adaptive-prasle,2277,1,0,0,81,0,1134,0,1,70,220880,2277,0,82,0,0,0,LEADER,1,0,0,0,0,81
223075,82,adaptive-prasle,2195,1,0,0,81,0,1134,0,1,82,220880,2195,0,82,0,0,0,LEADER,1,0,0,0,0,81
223293,67,adaptive-prasle,2413,1,0,0,81,0,1134,0,1,67,220880,2413,0,82,0,0,0,LEADER,1,0,0,0,0,81
223245,89,adaptive-prasle,2365,1,0,0,81,0,1134,0,1,89,220880,2365,0,82,0,0,0,LEADER,1,0,0,0,0,81
223913,28,adaptive-prasle,2113,1,0,0,81,0,1134,0,1,28,221800,2113,0,82,0,0,0,LEADER,1,0,0,0,0,81
223657,68,adaptive-prasle,1855,1,0,0,81,0,1134,0,1,68,221802,1855,0,82,0,0,0,LEADER,1,0,0,0,0,81
223608,90,adaptive-prasle,1807,1,0,0,81,0,1134,0,1,90,221801,1807,0,82,0,0,0,LEADER,1,0,0,0,0,81
223268,76,adaptive-prasle,1468,1,0,0,81,0,1134,0,1,76,221800,1468,0,82,0,0,0,LEADER,1,0,0,0,0,81
224021,58,adaptive-prasle,2221,1,0,0,81,0,1134,0,1,58,221800,2221,0,82,0,0,0,LEADER,1,0,0,0,0,81
223589,10,adaptive-prasle,1789,1,0,0,81,0,1134,0,1,10,221800,1789,0,82,0,0,0,LEADER,1,0,0,0,0,81
223404,73,adaptive-prasle,1604,1,0,0,81,0,1134,0,1,73,221800,1604,0,82,0,0,0,LEADER,1,0,0,0,0,81
223145,59,adaptive-prasle,2265,1,0,0,81,0,1134,0,1,59,220880,2265,0,82,0,0,0,LEADER,1,0,0,0,0,81
223419,41,adaptive-prasle,1619,1,0,0,81,0,1134,0,1,41,221800,1619,0,82,0,0,0,LEADER,1,0,0,0,0,81
223334,96,adaptive-prasle,1534,1,0,0,81,0,1134,0,1,96,221800,1534,0,82,0,0,0,LEADER,1,0,0,0,0,81
223635,74,adaptive-prasle,1837,1,0,0,81,0,1134,0,1,74,221798,1837,0,82,0,0,0,LEADER,1,0,0,0,0,81
223567,49,adaptive-prasle,1767,1,0,0,81,0,1134,0,1,49,221800,1767,0,82,0,0,0,LEADER,1,0,0,0,0,81
224028,92,adaptive-prasle,2228,1,0,0,81,0,1134,0,1,92,221800,2228,0,82,0,0,0,LEADER,1,0,0,0,0,81
223236,66,adaptive-prasle,1434,1,0,0,81,0,1134,0,1,66,221802,1434,0,82,0,0,0,LEADER,1,0,0,0,0,81
223260,57,adaptive-prasle,2380,1,0,0,81,0,1134,0,1,57,220880,2380,0,82,0,0,0,LEADER,1,0,0,0,0,81
224060,78,adaptive-prasle,2260,1,0,0,81,0,1134,0,1,78,221800,2260,0,82,0,0,0,LEADER,1,0,0,0,0,81
223226,39,adaptive-prasle,2346,1,0,0,81,0,1134,0,1,39,220880,2346,0,82,0,0,0,LEADER,1,0,0,0,0,81
223943,30,adaptive-prasle,2143,1,0,0,81,0,1134,0,1,30,221800,2143,0,82,0,0,0,LEADER,1,0,0,0,0,81
223349,64,adaptive-prasle,1549,1,0,0,81,0,1134,0,1,64,221800,1549,0,82,0,0,0,LEADER,1,0,0,0,0,81
223864,14,adaptive-prasle,2096,1,0,0,13,13,182,182,4,14,221768,2096,0,7,0,0,0,LEADER,1,0,0,0,0,13
223574,80,adaptive-prasle,1774,1,0,0,81,0,1134,0,1,80,221800,1774,0,82,0,0,0,LEADER,1,0,0,0,0,81
223309,54,adaptive-prasle,1516,1,0,0,81,0,1134,0,1,54,221793,1516,0,82,0,0,0,LEADER,1,0,0,0,0,81
223840,43,adaptive-prasle,2040,1,0,0,81,0,1134,0,1,43,221800,2040,0,82,0,0,0,LEADER,1,0,0,0,0,81
223760,26,adaptive-prasle,1960,1,0,0,81,0,1134,0,1,26,221800,1960,0,82,0,0,0,LEADER,1,0,0,0,0,81
223388,42,adaptive-prasle,1591,1,0,0,81,0,1134,0,1,42,221797,1591,0,82,0,0,0,LEADER,1,0,0,0,0,81
223398,31,adaptive-prasle,1598,1,0,0,81,0,1134,0,1,31,221800,1598,0,82,0,0,0,LEADER,1,0,0,0,0,81
224155,94,adaptive-prasle,2355,1,0,0,81,0,1134,0,1,94,221800,2355,0,82,0,0,0,LEADER,1,0,0,0,0,81
223725,45,adaptive-prasle,1925,1,0,0,81,0,1134,0,1,45,221800,1925,0,82,0,0,0,LEADER,1,0,0,0,0,81
224098,60,adaptive-prasle,2298,1,0,0,81,0,1134,0,1,60,221800,2298,0,82,0,0,0,LEADER,1,0,0,0,0,81
224203,44,adaptive-prasle,1483,1,0,0,81,0,1134,0,1,44,222720,1483,0,82,0,0,0,LEADER,1,0,0,0,0,81
223452,51,adaptive-prasle,1652,1,0,0,81,0,1134,0,1,51,221800,1652,0,82,0,0,0,LEADER,1,0,0,0,0,81
224251,22,adaptive-prasle,1531,1,0,0,81,0,1134,0,1,22,222720,1531,0,82,0,0,0,LEADER,1,0,0,0,0,81
223809,33,adaptive-prasle,2007,1,0,0,81,0,1134,0,1,33,221802,2007,0,82,0,0,0,LEADER,1,0,0,0,0,81
223964,72,adaptive-prasle,2162,1,0,0,81,0,1134,0,1,72,221802,2162,0,82,0,0,0,LEADER,1,0,0,0,0,81
223752,24,adaptive-prasle,1952,1,0,0,81,0,1134,0,1,24,221800,1952,0,82,0,0,0,LEADER,1,0,0,0,0,81
224283,32,adaptive-prasle,1564,1,0,0,81,0,1134,0,1,32,222719,1564,0,82,0,0,0,LEADER,1,0,0,0,0,81
223471,93,adaptive-prasle,1671,1,0,0,81,0,1134,0,1,93,221800,1671,0,82,0,0,0,LEADER,1,0,0,0,0,81
224130,79,adaptive-prasle,2331,1,0,0,81,0,1134,0,1,79,221799,2331,0,82,0,0,0,LEADER,1,0,0,0,0,81
224145,69,adaptive-prasle,2343,1,0,0,81,0,1134,0,1,69,221802,2343,0,82,0,0,0,LEADER,1,0,0,0,0,81
223825,75,adaptive-prasle,2025,1,0,0,81,0,1134,0,1,75,221800,2025,0,82,0,0,0,LEADER,1,0,0,0,0,81
223552,81,adaptive-prasle,1752,1,0,0,81,0,1134,0,1,81,221800,1752,0,82,0,0,0,LEADER,1,0,0,0,0,81
223410,52,adaptive-prasle,1610,1,0,0,81,0,1134,0,1,52,221800,1610,0,82,0,0,0,LEADER,1,0,0,0,0,81
223667,13,adaptive-prasle,1941,1,0,0,13,11,182,154,2,3,221726,1941,0,7,0,0,0,NORMAL,0,0,0,0,0,13
223889,21,adaptive-prasle,2088,1,0,0,81,0,1134,0,1,21,221801,2088,0,82,0,0,0,LEADER,1,0,0,0,0,81
224065,29,adaptive-prasle,2265,1,0,0,81,0,1134,0,1,29,221800,2265,0,82,0,0,0,LEADER,1,0,0,0,0,81
223641,100,adaptive-prasle,1841,1,0,0,81,0,1134,0,1,100,221800,1841,0,82,0,0,0,LEADER,1,0,0,0,0,81
223486,61,adaptive-prasle,1686,1,0,0,81,0,1134,0,1,61,221800,1686,0,82,0,0,0,LEADER,1,0,0,0,0,81
224050,91,adaptive-prasle,2250,1,0,0,81,0,1134,0,1,91,221800,2250,0,82,0,0,0,LEADER,1,0,0,0,0,81
224010,37,adaptive-prasle,2210,1,0,0,81,0,1134,0,1,37,221800,2210,0,82,0,0,0,LEADER,1,0,0,0,0,81
223553,38,adaptive-prasle,1755,1,0,0,81,0,1134,0,1,38,221798,1755,0,82,0,0,0,LEADER,1,0,0,0,0,81
224219,98,adaptive-prasle,2419,1,0,0,81,0,1134,0,1,98,221800,2419,0,82,0,0,0,LEADER,1,0,0,0,0,81
224078,27,adaptive-prasle,2280,1,0,0,81,0,1134,0,1,27,221798,2280,0,82,0,0,0,LEADER,1,0,0,0,0,81
223928,62,adaptive-prasle,2128,1,0,0,81,0,1134,0,1,62,221800,2128,0,82,0,0,0,LEADER,1,0,0,0,0,81
223737,56,adaptive-prasle,1937,1,0,0,81,0,1134,0,1,56,221800,1937,0,82,0,0,0,LEADER,1,0,0,0,0,81
224123,99,adaptive-prasle,2328,1,0,0,81,0,1134,0,1,99,221795,2328,0,82,0,0,0,LEADER,1,0,0,0,0,81
224004,48,adaptive-prasle,2202,1,0,0,81,0,1134,0,1,48,221802,2202,0,82,0,0,0,LEADER,1,0,0,0,0,81
223519,71,adaptive-prasle,1719,1,0,0,81,0,1134,0,1,71,221800,1719,0,82,0,0,0,LEADER,1,0,0,0,0,81
223744,87,adaptive-prasle,1944,1,0,0,81,0,1134,0,1,87,221800,1944,0,82,0,0,0,LEADER,1,0,0,0,0,81
223670,36,adaptive-prasle,1870,1,0,0,81,0,1134,0,1,36,221800,1870,0,82,0,0,0,LEADER,1,0,0,0,0,81
224166,77,adaptive-prasle,1446,1,0,0,81,0,1134,0,1,77,222720,1446,0,82,0,0,0,LEADER,1,0,0,0,0,81
224359,83,adaptive-prasle,1637,1,0,0,81,0,1134,0,1,83,222722,1637,0,82,0,0,0,LEADER,1,0,0,0,0,81
223859,85,adaptive-prasle,2059,1,0,0,81,0,1134,0,1,85,221800,2059,0,82,0,0,0,LEADER,1,0,0,0,0,81
224387,19,adaptive-prasle,1667,1,0,0,81,0,1134,0,1,19,222720,1667,0,82,0,0,0,LEADER,1,0,0,0,0,81
224542,65,adaptive-prasle,1822,1,0,0,81,0,1134,0,1,65,222720,1822,0,82,0,0,0,LEADER,1,0,0,0,0,81
224148,35,adaptive-prasle,1428,1,0,0,81,0,1134,0,1,35,222720,1428,0,82,0,0,0,LEADER,1,0,0,0,0,81
224163,86,adaptive-prasle,1443,1,0,0,81,0,1134,0,1,86,222720,1443,0,82,0,0,0,LEADER,1,0,0,0,0,81
224206,50,adaptive-prasle,2406,1,0,0,81,0,1134,0,1,50,221800,2406,0,82,0,0,0,LEADER,1,0,0,0,0,81
224221,55,adaptive-prasle,1501,1,0,0,81,0,1134,0,1,55,222720,1501,0,82,0,0,0,LEADER,1,0,0,0,0,81
224260,63,adaptive-prasle,1540,1,0,0,81,0,1134,0,1,63,222720,1540,0,82,0,0,0,LEADER,1,0,0,0,0,81
224624,46,adaptive-prasle,1904,1,0,0,81,0,1134,0,1,46,222720,1904,0,82,0,0,0,LEADER,1,0,0,0,0,81
224419,53,adaptive-prasle,1701,1,0,0,81,0,1134,0,1,53,222718,1701,0,82,0,0,0,LEADER,1,0,0,0,0,81
223774,23,adaptive-prasle,1974,1,0,0,81,0,1134,0,1,23,221800,1974,0,82,0,0,0,LEADER,1,0,0,0,0,81
224642,88,adaptive-prasle,1922,1,0,0,81,0,1134,0,1,88,222720,1922,0,82,0,0,0,LEADER,1,0,0,0,0,81
224169,34,adaptive-prasle,1449,1,0,0,81,0,1134,0,1,34,222720,1449,0,82,0,0,0,LEADER,1,0,0,0,0,81
223779,97,adaptive-prasle,1977,1,0,0,81,0,1134,0,1,97,221802,1977,0,82,0,0,0,LEADER,1,0,0,0,0,81
223897,20,adaptive-prasle,2095,1,0,0,81,0,1134,0,1,20,221802,2095,0,82,0,0,0,LEADER,1,0,0,0,0,81
223977,40,adaptive-prasle,2177,1,0,0,81,0,1134,0,1,40,221800,2177,0,82,0,0,0,LEADER,1,0,0,0,0,81
223902,47,adaptive-prasle,2100,1,0,0,81,0,1134,0,1,47,221802,2100,0,82,0,0,0,LEADER,1,0,0,0,0,81
224812,95,adaptive-prasle,2092,1,0,0,81,0,1134,0,1,95,222720,2092,0,82,0,0,0,LEADER,1,0,0,0,0,81
224195,25,adaptive-prasle,2395,1,0,0,81,0,1134,0,1,25,221800,2395,0,82,0,0,0,LEADER,1,0,0,0,0,81
224800,84,adaptive-prasle,2080,1,0,0,81,0,1134,0,1,84,222720,2080,0,82,0,0,0,LEADER,1,0,0,0,0,81
224077,70,adaptive-prasle,2277,1,0,0,81,0,1134,0,1,70,221800,2277,0,82,0,0,0,LEADER,1,0,0,0,0,81
223995,82,adaptive-prasle,2195,1,0,0,81,0,1134,0,1,82,221800,2195,0,82,0,0,0,LEADER,1,0,0,0,0,81
224213,67,adaptive-prasle,2413,1,0,0,81,0,1134,0,1,67,221800,2413,0,82,0,0,0,LEADER,1,0,0,0,0,81
224165,89,adaptive-prasle,2365,1,0,0,81,0,1134,0,1,89,221800,2365,0,82,0,0,0,LEADER,1,0,0,0,0,81
224833,28,adaptive-prasle,2113,1,0,0,81,0,1134,0,1,28,222720,2113,0,82,0,0,0,LEADER,1,0,0,0,0,81
224577,68,adaptive-prasle,1855,1,0,0,81,0,1134,0,1,68,222722,1855,0,82,0,0,0,LEADER,1,0,0,0,0,81
224528,90,adaptive-prasle,1807,1,0,0,81,0,1134,0,1,90,222721,1807,0,82,0,0,0,LEADER,1,0,0,0,0,81
224188,76,adaptive-prasle,1468,1,0,0,81,0,1134,0,1,76,222720,1468,0,82,0,0,0,LEADER,1,0,0,0,0,81
224941,58,adaptive-prasle,2221,1,0,0,81,0,1134,0,1,58,222720,2221,0,82,0,0,0,LEADER,1,0,0,0,0,81
224509,10,adaptive-prasle,1789,1,0,0,81,0,1134,0,1,10,222720,1789,0,82,0,0,0,LEADER,1,0,0,0,0,81
224324,73,adaptive-prasle,1604,1,0,0,81,0,1134,0,1,73,222720,1604,0,82,0,0,0,LEADER,1,0,0,0,0,81
224065,59,adaptive-prasle,2265,1,0,0,81,0,1134,0,1,59,221800,2265,0,82,0,0,0,LEADER,1,0,0,0,0,81
224339,41,adaptive-prasle,1619,1,0,0,81,0,1134,0,1,41,222720,1619,0,82,0,0,0,LEADER,1,0,0,0,0,81
224254,96,adaptive-prasle,1534,1,0,0,81,0,1134,0,1,96,222720,1534,0,82,0,0,0,LEADER,1,0,0,0,0,81
224487,49,adaptive-prasle,1767,1,0,0,81,0,1134,0,1,49,222720,1767,0,82,0,0,0,LEADER,1,0,0,0,0,81
224555,74,adaptive-prasle,1837,1,0,0,81,0,1134,0,1,74,222718,1837,0,82,0,0,0,LEADER,1,0,0,0,0,81
224948,92,adaptive-prasle,2228,1,0,0,81,0,1134,0,1,92,222720,2228,0,82,0,0,0,LEADER,1,0,0,0,0,81
224156,66,adaptive-prasle,1434,1,0,0,81,0,1134,0,1,66,222722,1434,0,82,0,0,0,LEADER,1,0,0,0,0,81
224180,57,adaptive-prasle,2380,1,0,0,81,0,1134,0,1,57,221800,2380,0,82,0,0,0,LEADER,1,0,0,0,0,81
224980,78,adaptive-prasle,2260,1,0,0,81,0,1134,0,1,78,222720,2260,0,82,0,0,0,LEADER,1,0,0,0,0,81
224146,39,adaptive-prasle,2346,1,0,0,81,0,1134,0,1,39,221800,2346,0,82,0,0,0,LEADER,1,0,0,0,0,81
224863,30,adaptive-prasle,2143,1,0,0,81,0,1134,0,1,30,222720,2143,0,82,0,0,0,LEADER,1,0,0,0,0,81
224269,64,adaptive-prasle,1549,1,0,0,81,0,1134,0,1,64,222720,1549,0,82,0,0,0,LEADER,1,0,0,0,0,81
224494,80,adaptive-prasle,1774,1,0,0,81,0,1134,0,1,80,222720,1774,0,82,0,0,0,LEADER,1,0,0,0,0,81
224229,54,adaptive-prasle,1516,1,0,0,81,0,1134,0,1,54,222713,1516,0,82,0,0,0,LEADER,1,0,0,0,0,81
224760,43,adaptive-prasle,2040,1,0,0,81,0,1134,0,1,43,222720,2040,0,82,0,0,0,LEADER,1,0,0,0,0,81
224680,26,adaptive-prasle,1960,1,0,0,81,0,1134,0,1,26,222720,1960,0,82,0,0,0,LEADER,1,0,0,0,0,81
224308,42,adaptive-prasle,1591,1,0,0,81,0,1134,0,1,42,222717,1591,0,82,0,0,0,LEADER,1,0,0,0,0,81
224318,31,adaptive-prasle,1598,1,0,0,81,0,1134,0,1,31,222720,1598,0,82,0,0,0,LEADER,1,0,0,0,0,81
225075,94,adaptive-prasle,2355,1,0,0,81,0,1134,0,1,94,222720,2355,0,82,0,0,0,LEADER,1,0,0,0,0,81
224645,45,adaptive-prasle,1925,1,0,0,81,0,1134,0,1,45,222720,1925,0,82,0,0,0,LEADER,1,0,0,0,0,81
225018,60,adaptive-prasle,2298,1,0,0,81,0,1134,0,1,60,222720,2298,0,82,0,0,0,LEADER,1,0,0,0,0,81
225124,44,adaptive-prasle,1483,1,0,0,82,0,1148,0,1,44,223641,1483,0,83,0,0,0,LEADER,1,0,0,0,0,82
224372,51,adaptive-prasle,1652,1,0,0,81,0,1134,0,1,51,222720,1652,0,82,0,0,0,LEADER,1,0,0,0,0,81
224729,33,adaptive-prasle,2007,1,0,0,81,0,1134,0,1,33,222722,2007,0,82,0,0,0,LEADER,1,0,0,0,0,81
225172,22,adaptive-prasle,1531,1,0,0,82,0,1148,0,1,22,223641,1531,0,83,0,0,0,LEADER,1,0,0,0,0,82
224884,72,adaptive-prasle,2162,1,0,0,81,0,1134,0,1,72,222722,2162,0,82,0,0,0,LEADER,1,0,0,0,0,81
224672,24,adaptive-prasle,1952,1,0,0,81,0,1134,0,1,24,222720,1952,0,82,0,0,0,LEADER,1,0,0,0,0,81
225204,32,adaptive-prasle,1564,1,0,0,82,0,1148,0,1,32,223640,1564,0,83,0,0,0,LEADER,1,0,0,0,0,82
224391,93,adaptive-prasle,1671,1,0,0,81,0,1134,0,1,93,222720,1671,0,82,0,0,0,LEADER,1,0,0,0,0,81
225050,79,adaptive-prasle,2331,1,0,0,81,0,1134,0,1,79,222719,2331,0,82,0,0,0,LEADER,1,0,0,0,0,81
225065,69,adaptive-prasle,2343,1,0,0,81,0,1134,0,1,69,222722,2343,0,82,0,0,0,LEADER,1,0,0,0,0,81
224745,75,adaptive-prasle,2025,1,0,0,81,0,1134,0,1,75,222720,2025,0,82,0,0,0,LEADER,1,0,0,0,0,81
224472,81,adaptive-prasle,1752,1,0,0,81,0,1134,0,1,81,222720,1752,0,82,0,0,0,LEADER,1,0,0,0,0,81
224330,52,adaptive-prasle,1610,1,0,0,81,0,1134,0,1,52,222720,1610,0,82,0,0,0,LEADER,1,0,0,0,0,81
224809,21,adaptive-prasle,2088,1,0,0,81,0,1134,0,1,21,222721,2088,0,82,0,0,0,LEADER,1,0,0,0,0,81
224985,29,adaptive-prasle,2265,1,0,0,81,0,1134,0,1,29,222720,2265,0,82,0,0,0,LEADER,1,0,0,0,0,81
224561,100,adaptive-prasle,1841,1,0,0,81,0,1134,0,1,100,222720,1841,0,82,0,0,0,LEADER,1,0,0,0,0,81
224406,61,adaptive-prasle,1686,1,0,0,81,0,1134,0,1,61,222720,1686,0,82,0,0,0,LEADER,1,0,0,0,0,81
224970,91,adaptive-prasle,2250,1,0,0,81,0,1134,0,1,91,222720,2250,0,82,0,0,0,LEADER,1,0,0,0,0,81
224930,37,adaptive-prasle,2210,1,0,0,81,0,1134,0,1,37,222720,2210,0,82,0,0,0,LEADER,1,0,0,0,0,81
224473,38,adaptive-prasle,1755,1,0,0,81,0,1134,0,1,38,222718,1755,0,82,0,0,0,LEADER,1,0,0,0,0,81
225139,98,adaptive-prasle,2419,1,0,0,81,0,1134,0,1,98,222720,2419,0,82,0,0,0,LEADER,1,0,0,0,0,81
224998,27,adaptive-prasle,2280,1,0,0,81,0,1134,0,1,27,222718,2280,0,82,0,0,0,LEADER,1,0,0,0,0,81
224848,62,adaptive-prasle,2128,1,0,0,81,0,1134,0,1,62,222720,2128,0,82,0,0,0,LEADER,1,0,0,0,0,81
224657,56,adaptive-prasle,1937,1,0,0,81,0,1134,0,1,56,222720,1937,0,82,0,0,0,LEADER,1,0,0,0,0,81
225043,99,adaptive-prasle,2328,1,0,0,81,0,1134,0,1,99,222715,2328,0,82,0,0,0,LEADER,1,0,0,0,0,81
224924,48,adaptive-prasle,2202,1,0,0,81,0,1134,0,1,48,222722,2202,0,82,0,0,0,LEADER,1,0,0,0,0,81
224439,71,adaptive-prasle,1719,1,0,0,81,0,1134,0,1,71,222720,1719,0,82,0,0,0,LEADER,1,0,0,0,0,81
224664,87,adaptive-prasle,1944,1,0,0,81,0,1134,0,1,87,222720,1944,0,82,0,0,0,LEADER,1,0,0,0,0,81
224590,36,adaptive-prasle,1870,1,0,0,81,0,1134,0,1,36,222720,1870,0,82,0,0,0,LEADER,1,0,0,0,0,81
225087,77,adaptive-prasle,1446,1,0,0,82,0,1148,0,1,77,223641,1446,0,83,0,0,0,LEADER,1,0,0,0,0,82
225280,83,adaptive-prasle,1637,1,0,0,82,0,1148,0,1,83,223643,1637,0,83,0,0,0,LEADER,1,0,0,0,0,82
224779,85,adaptive-prasle,2059,1,0,0,81,0,1134,0,1,85,222720,2059,0,82,0,0,0,LEADER,1,0,0,0,0,81
225308,19,adaptive-prasle,1667,1,0,0,82,0,1148,0,1,19,223641,1667,0,83,0,0,0,LEADER,1,0,0,0,0,82
225463,65,adaptive-prasle,1822,1,0,0,82,0,1148,0,1,65,223641,1822,0,83,0,0,0,LEADER,1,0,0,0,0,82
225069,35,adaptive-prasle,1428,1,0,0,82,0,1148,0,1,35,223641,1428,0,83,0,0,0,LEADER,1,0,0,0,0,82
225084,86,adaptive-prasle,1443,1,0,0,82,0,1148,0,1,86,223641,1443,0,83,0,0,0,LEADER,1,0,0,0,0,82
225126,50,adaptive-prasle,2406,1,0,0,81,0,1134,0,1,50,222720,2406,0,82,0,0,0,LEADER,1,0,0,0,0,81
225142,55,adaptive-prasle,1501,1,0,0,82,0,1148,0,1,55,223641,1501,0,83,0,0,0,LEADER,1,0,0,0,0,82
225181,63,adaptive-prasle,1540,1,0,0,82,0,1148,0,1,63,223641,1540,0,83,0,0,0,LEADER,1,0,0,0,0,82
225545,46,adaptive-prasle,1904,1,0,0,82,0,1148,0,1,46,223641,1904,0,83,0,0,0,LEADER,1,0,0,0,0,82
225340,53,adaptive-prasle,1701,1,0,0,82,0,1148,0,1,53,223639,1701,0,83,0,0,0,LEADER,1,0,0,0,0,82
224694,23,adaptive-prasle,1974,1,0,0,81,0,1134,0,1,23,222720,1974,0,82,0,0,0,LEADER,1,0,0,0,0,81
225563,88,adaptive-prasle,1922,1,0,0,82,0,1148,0,1,88,223641,1922,0,83,0,0,0,LEADER,1,0,0,0,0,82
225090,34,adaptive-prasle,1449,1,0,0,82,0,1148,0,1,34,223641,1449,0,83,0,0,0,LEADER,1,0,0,0,0,82
224699,97,adaptive-prasle,1977,1,0,0,81,0,1134,0,1,97,222722,1977,0,82,0,0,0,LEADER,1,0,0,0,0,81
224817,20,adaptive-prasle,2095,1,0,0,81,0,1134,0,1,20,222722,2095,0,82,0,0,0,LEADER,1,0,0,0,0,81
224897,40,adaptive-prasle,2177,1,0,0,81,0,1134,0,1,40,222720,2177,0,82,0,0,0,LEADER,1,0,0,0,0,81
224822,47,adaptive-prasle,2100,1,0,0,81,0,1134,0,1,47,222722,2100,0,82,0,0,0,LEADER,1,0,0,0,0,81
225733,95,adaptive-prasle,2092,1,0,0,82,0,1148,0,1,95,223641,2092,0,83,0,0,0,LEADER,1,0,0,0,0,82
225115,25,adaptive-prasle,2395,1,0,0,81,0,1134,0,1,25,222720,2395,0,82,0,0,0,LEADER,1,0,0,0,0,81
225721,84,adaptive-prasle,2080,1,0,0,82,0,1148,0,1,84,223641,2080,0,83,0,0,0,LEADER,1,0,0,0,0,82
224997,70,adaptive-prasle,2277,1,0,0,81,0,1134,0,1,70,222720,2277,0,82,0,0,0,LEADER,1,0,0,0,0,81
224915,82,adaptive-prasle,2195,1,0,0,81,0,1134,0,1,82,222720,2195,0,82,0,0,0,LEADER,1,0,0,0,0,81
225133,67,adaptive-prasle,2413,1,0,0,81,0,1134,0,1,67,222720,2413,0,82,0,0,0,LEADER,1,0,0,0,0,81
225085,89,adaptive-prasle,2365,1,0,0,81,0,1134,0,1,89,222720,2365,0,82,0,0,0,LEADER,1,0,0,0,0,81
225754,28,adaptive-prasle,2113,1,0,0,82,0,1148,0,1,28,223641,2113,0,83,0,0,0,LEADER,1,0,0,0,0,82
225498,68,adaptive-prasle,1855,1,0,0,82,0,1148,0,1,68,223643,1855,0,83,0,0,0,LEADER,1,0,0,0,0,82
225449,90,adaptive-prasle,1807,1,0,0,82,0,1148,0,1,90,223642,1807,0,83,0,0,0,LEADER,1,0,0,0,0,82
225109,76,adaptive-prasle,1468,1,0,0,82,0,1148,0,1,76,223641,1468,0,83,0,0,0,LEADER,1,0,0,0,0,82
225430,10,adaptive-prasle,1789,1,0,0,82,0,1148,0,1,10,223641,1789,0,83,0,0,0,LEADER,1,0,0,0,0,82
225862,58,adaptive-prasle,2221,1,0,0,82,0,1148,0,1,58,223641,2221,0,83,0,0,0,LEADER,1,0,0,0,0,82
225245,73,adaptive-prasle,1604,1,0,0,82,0,1148,0,1,73,223641,1604,0,83,0,0,0,LEADER,1,0,0,0,0,82
224985,59,adaptive-prasle,2265,1,0,0,81,0,1134,0,1,59,222720,2265,0,82,0,0,0,LEADER,1,0,0,0,0,81
225260,41,adaptive-prasle,1619,1,0,0,82,0,1148,0,1,41,223641,1619,0,83,0,0,0,LEADER,1,0,0,0,0,82
225175,96,adaptive-prasle,1534,1,0,0,82,0,1148,0,1,96,223641,1534,0,83,0,0,0,LEADER,1,0,0,0,0,82
225476,74,adaptive-prasle,1837,1,0,0,82,0,1148,0,1,74,223639,1837,0,83,0,0,0,LEADER,1,0,0,0,0,82
225408,49,adaptive-prasle,1767,1,0,0,82,0,1148,0,1,49,223641,1767,0,83,0,0,0,LEADER,1,0,0,0,0,82
225869,92,adaptive-prasle,2228,1,0,0,82,0,1148,0,1,92,223641,2228,0,83,0,0,0,LEADER,1,0,0,0,0,82
225077,66,adaptive-prasle,1434,1,0,0,82,0,1148,0,1,66,223643,1434,0,83,0,0,0,LEADER,1,0,0,0,0,82
225100,57,adaptive-prasle,2380,1,0,0,81,0,1134,0,1,57,222720,2380,0,82,0,0,0,LEADER,1,0,0,0,0,81
225901,78,adaptive-prasle,2260,1,0,0,82,0,1148,0,1,78,223641,2260,0,83,0,0,0,LEADER,1,0,0,0,0,82
225066,39,adaptive-prasle,2346,1,0,0,81,0,1134,0,1,39,222720,2346,0,82,0,0,0,LEADER,1,0,0,0,0,81
225784,30,adaptive-prasle,2143,1,0,0,82,0,1148,0,1,30,223641,2143,0,83,0,0,0,LEADER,1,0,0,0,0,82
225190,64,adaptive-prasle,1549,1,0,0,82,0,1148,0,1,64,223641,1549,0,83,0,0,0,LEADER,1,0,0,0,0,82
225415,80,adaptive-prasle,1774,1,0,0,82,0,1148,0,1,80,223641,1774,0,83,0,0,0,LEADER,1,0,0,0,0,82
225150,54,adaptive-prasle,1516,1,0,0,82,0,1148,0,1,54,223634,1516,0,83,0,0,0,LEADER,1,0,0,0,0,82
225681,43,adaptive-prasle,2040,1,0,0,82,0,1148,0,1,43,223641,2040,0,83,0,0,0,LEADER,1,0,0,0,0,82
225601,26,adaptive-prasle,1960,1,0,0,82,0,1148,0,1,26,223641,1960,0,83,0,0,0,LEADER,1,0,0,0,0,82
225229,42,adaptive-prasle,1591,1,0,0,82,0,1148,0,1,42,223638,1591,0,83,0,0,0,LEADER,1,0,0,0,0,82
225239,31,adaptive-prasle,1598,1,0,0,82,0,1148,0,1,31,223641,1598,0,83,0,0,0,LEADER,1,0,0,0,0,82
225996,94,adaptive-prasle,2355,1,0,0,82,0,1148,0,1,94,223641,2355,0,83,0,0,0,LEADER,1,0,0,0,0,82
225566,45,adaptive-prasle,1925,1,0,0,82,0,1148,0,1,45,223641,1925,0,83,0,0,0,LEADER,1,0,0,0,0,82
225939,60,adaptive-prasle,2298,1,0,0,82,0,1148,0,1,60,223641,2298,0,83,0,0,0,LEADER,1,0,0,0,0,82
226044,44,adaptive-prasle,1483,1,0,0,82,0,1148,0,1,44,224561,1483,0,83,0,0,0,LEADER,1,0,0,0,0,82
225293,51,adaptive-prasle,1652,1,0,0,82,0,1148,0,1,51,223641,1652,0,83,0,0,0,LEADER,1,0,0,0,0,82
226092,22,adaptive-prasle,1531,1,0,0,82,0,1148,0,1,22,224561,1531,0,83,0,0,0,LEADER,1,0,0,0,0,82
225650,33,adaptive-prasle,2007,1,0,0,82,0,1148,0,1,33,223643,2007,0,83,0,0,0,LEADER,1,0,0,0,0,82
225805,72,adaptive-prasle,2162,1,0,0,82,0,1148,0,1,72,223643,2162,0,83,0,0,0,LEADER,1,0,0,0,0,82
225593,24,adaptive-prasle,1952,1,0,0,82,0,1148,0,1,24,223641,1952,0,83,0,0,0,LEADER,1,0,0,0,0,82
226124,32,adaptive-prasle,1564,1,0,0,82,0,1148,0,1,32,224560,1564,0,83,0,0,0,LEADER,1,0,0,0,0,82
225312,93,adaptive-prasle,1671,1,0,0,82,0,1148,0,1,93,223641,1671,0,83,0,0,0,LEADER,1,0,0,0,0,82
225986,69,adaptive-prasle,2343,1,0,0,82,0,1148,0,1,69,223643,2343,0,83,0,0,0,LEADER,1,0,0,0,0,82
225971,79,adaptive-prasle,2331,1,0,0,82,0,1148,0,1,79,223640,2331,0,83,0,0,0,LEADER,1,0,0,0,0,82
225666,75,adaptive-prasle,2025,1,0,0,82,0,1148,0,1,75,223641,2025,0,83,0,0,0,LEADER,1,0,0,0,0,82
225393,81,adaptive-prasle,1752,1,0,0,82,0,1148,0,1,81,223641,1752,0,83,0,0,0,LEADER,1,0,0,0,0,82
225251,52,adaptive-prasle,1610,1,0,0,82,0,1148,0,1,52,223641,1610,0,83,0,0,0,LEADER,1,0,0,0,0,82
225730,21,adaptive-prasle,2088,1,0,0,82,0,1148,0,1,21,223642,2088,0,83,0,0,0,LEADER,1,0,0,0,0,82
225906,29,adaptive-prasle,2265,1,0,0,82,0,1148,0,1,29,223641,2265,0,83,0,0,0,LEADER,1,0,0,0,0,82
225482,100,adaptive-prasle,1841,1,0,0,82,0,1148,0,1,100,223641,1841,0,83,0,0,0,LEADER,1,0,0,0,0,82
225327,61,adaptive-prasle,1686,1,0,0,82,0,1148,0,1,61,223641,1686,0,83,0,0,0,LEADER,1,0,0,0,0,82
225891,91,adaptive-prasle,2250,1,0,0,82,0,1148,0,1,91,223641,2250,0,83,0,0,0,LEADER,1,0,0,0,0,82
225851,37,adaptive-prasle,2210,1,0,0,82,0,1148,0,1,37,223641,2210,0,83,0,0,0,LEADER,1,0,0,0,0,82
225394,38,adaptive-prasle,1755,1,0,0,82,0,1148,0,1,38,223639,1755,0,83,0,0,0,LEADER,1,0,0,0,0,82
226060,98,adaptive-prasle,2419,1,0,0,82,0,1148,0,1,98,223641,2419,0,83,0,0,0,LEADER,1,0,0,0,0,82
225918,27,adaptive-prasle,2280,1,0,0,82,0,1148,0,1,27,223638,2280,0,83,0,0,0,LEADER,1,0,0,0,0,82
225769,62,adaptive-prasle,2128,1,0,0,82,0,1148,0,1,62,223641,2128,0,83,0,0,0,LEADER,1,0,0,0,0,82
225578,56,adaptive-prasle,1937,1,0,0,82,0,1148,0,1,56,223641,1937,0,83,0,0,0,LEADER,1,0,0,0,0,82
225964,99,adaptive-prasle,2328,1,0,0,82,0,1148,0,1,99,223636,2328,0,83,0,0,0,LEADER,1,0,0,0,0,82
225845,48,adaptive-prasle,2202,1,0,0,82,0,1148,0,1,48,223643,2202,0,83,0,0,0,LEADER,1,0,0,0,0,82
225360,71,adaptive-prasle,1719,1,0,0,82,0,1148,0,1,71,223641,1719,0,83,0,0,0,LEADER,1,0,0,0,0,82
225585,87,adaptive-prasle,1944,1,0,0,82,0,1148,0,1,87,223641,1944,0,83,0,0,0,LEADER,1,0,0,0,0,82
225511,36,adaptive-prasle,1870,1,0,0,82,0,1148,0,1,36,223641,1870,0,83,0,0,0,LEADER,1,0,0,0,0,82
226007,77,adaptive-prasle,1446,1,0,0,82,0,1148,0,1,77,224561,1446,0,83,0,0,0,LEADER,1,0,0,0,0,82
226200,83,adaptive-prasle,1637,1,0,0,82,0,1148,0,1,83,224563,1637,0,83,0,0,0,LEADER,1,0,0,0,0,82
225700,85,adaptive-prasle,2059,1,0,0,82,0,1148,0,1,85,223641,2059,0,83,0,0,0,LEADER,1,0,0,0,0,82
226228,19,adaptive-prasle,1667,1,0,0,82,0,1148,0,1,19,224561,1667,0,83,0,0,0,LEADER,1,0,0,0,0,82
226383,65,adaptive-prasle,1822,1,0,0,82,0,1148,0,1,65,224561,1822,0,83,0,0,0,LEADER,1,0,0,0,0,82
225989,35,adaptive-prasle,1428,1,0,0,82,0,1148,0,1,35,224561,1428,0,83,0,0,0,LEADER,1,0,0,0,0,82
226004,86,adaptive-prasle,1443,1,0,0,82,0,1148,0,1,86,224561,1443,0,83,0,0,0,LEADER,1,0,0,0,0,82
226047,50,adaptive-prasle,2406,1,0,0,82,0,1148,0,1,50,223641,2406,0,83,0,0,0,LEADER,1,0,0,0,0,82
226062,55,adaptive-prasle,1501,1,0,0,82,0,1148,0,1,55,224561,1501,0,83,0,0,0,LEADER,1,0,0,0,0,82
226101,63,adaptive-prasle,1540,1,0,0,82,0,1148,0,1,63,224561,1540,0,83,0,0,0,LEADER,1,0,0,0,0,82
226465,46,adaptive-prasle,1904,1,0,0,82,0,1148,0,1,46,224561,1904,0,83,0,0,0,LEADER,1,0,0,0,0,82
226260,53,adaptive-prasle,1701,1,0,0,82,0,1148,0,1,53,224559,1701,0,83,0,0,0,LEADER,1,0,0,0,0,82
225615,23,adaptive-prasle,1974,1,0,0,82,0,1148,0,1,23,223641,1974,0,83,0,0,0,LEADER,1,0,0,0,0,82
226483,88,adaptive-prasle,1922,1,0,0,82,0,1148,0,1,88,224561,1922,0,83,0,0,0,LEADER,1,0,0,0,0,82
226010,34,adaptive-prasle,1449,1,0,0,82,0,1148,0,1,34,224561,1449,0,83,0,0,0,LEADER,1,0,0,0,0,82
225620,97,adaptive-prasle,1977,1,0,0,82,0,1148,0,1,97,223643,1977,0,83,0,0,0,LEADER,1,0,0,0,0,82
225738,20,adaptive-prasle,2095,1,0,0,82,0,1148,0,1,20,223643,2095,0,83,0,0,0,LEADER,1,0,0,0,0,82
225818,40,adaptive-prasle,2177,1,0,0,82,0,1148,0,1,40,223641,2177,0,83,0,0,0,LEADER,1,0,0,0,0,82
225743,47,adaptive-prasle,2100,1,0,0,82,0,1148,0,1,47,223643,2100,0,83,0,0,0,LEADER,1,0,0,0,0,82
226653,95,adaptive-prasle,2092,1,0,0,82,0,1148,0,1,95,224561,2092,0,83,0,0,0,LEADER,1,0,0,0,0,82
226036,25,adaptive-prasle,2395,1,0,0,82,0,1148,0,1,25,223641,2395,0,83,0,0,0,LEADER,1,0,0,0,0,82
226641,84,adaptive-prasle,2080,1,0,0,82,0,1148,0,1,84,224561,2080,0,83,0,0,0,LEADER,1,0,0,0,0,82
225918,70,adaptive-prasle,2277,1,0,0,82,0,1148,0,1,70,223641,2277,0,83,0,0,0,LEADER,1,0,0,0,0,82
225836,82,adaptive-prasle,2195,1,0,0,82,0,1148,0,1,82,223641,2195,0,83,0,0,0,LEADER,1,0,0,0,0,82
226054,67,adaptive-prasle,2413,1,0,0,82,0,1148,0,1,67,223641,2413,0,83,0,0,0,LEADER,1,0,0,0,0,82
226006,89,adaptive-prasle,2365,1,0,0,82,0,1148,0,1,89,223641,2365,0,83,0,0,0,LEADER,1,0,0,0,0,82
226674,28,adaptive-prasle,2113,1,0,0,82,0,1148,0,1,28,224561,2113,0,83,0,0,0,LEADER,1,0,0,0,0,82
226418,68,adaptive-prasle,1855,1,0,0,82,0,1148,0,1,68,224563,1855,0,83,0,0,0,LEADER,1,0,0,0,0,82
226369,90,adaptive-prasle,1807,1,0,0,82,0,1148,0,1,90,224562,1807,0,83,0,0,0,LEADER,1,0,0,0,0,82
226029,76,adaptive-prasle,1468,1,0,0,82,0,1148,0,1,76,224561,1468,0,83,0,0,0,LEADER,1,0,0,0,0,82
226350,10,adaptive-prasle,1789,1,0,0,82,0,1148,0,1,10,224561,1789,0,83,0,0,0,LEADER,1,0,0,0,0,82
226782,58,adaptive-prasle,2221,1,0,0,82,0,1148,0,1,58,224561,2221,0,83,0,0,0,LEADER,1,0,0,0,0,82
226165,73,adaptive-prasle,1604,1,0,0,82,0,1148,0,1,73,224561,1604,0,83,0,0,0,LEADER,1,0,0,0,0,82
225906,59,adaptive-prasle,2265,1,0,0,82,0,1148,0,1,59,223641,2265,0,83,0,0,0,LEADER,1,0,0,0,0,82
226180,41,adaptive-prasle,1619,1,0,0,82,0,1148,0,1,41,224561,1619,0,83,0,0,0,LEADER,1,0,0,0,0,82
226095,96,adaptive-prasle,1534,1,0,0,82,0,1148,0,1,96,224561,1534,0,83,0,0,0,LEADER,1,0,0,0,0,82
226396,74,adaptive-prasle,1837,1,0,0,82,0,1148,0,1,74,224559,1837,0,83,0,0,0,LEADER,1,0,0,0,0,82
226328,49,adaptive-prasle,1767,1,0,0,82,0,1148,0,1,49,224561,1767,0,83,0,0,0,LEADER,1,0,0,0,0,82
226789,92,adaptive-prasle,2228,1,0,0,82,0,1148,0,1,92,224561,2228,0,83,0,0,0,LEADER,1,0,0,0,0,82
225997,66,adaptive-prasle,1434,1,0,0,82,0,1148,0,1,66,224563,1434,0,83,0,0,0,LEADER,1,0,0,0,0,82
226021,57,adaptive-prasle,2380,1,0,0,82,0,1148,0,1,57,223641,2380,0,83,0,0,0,LEADER,1,0,0,0,0,82
226821,78,adaptive-prasle,2260,1,0,0,82,0,1148,0,1,78,224561,2260,0,83,0,0,0,LEADER,1,0,0,0,0,82
225987,39,adaptive-prasle,2346,1,0,0,82,0,1148,0,1,39,223641,2346,0,83,0,0,0,LEADER,1,0,0,0,0,82
226704,30,adaptive-prasle,2143,1,0,0,82,0,1148,0,1,30,224561,2143,0,83,0,0,0,LEADER,1,0,0,0,0,82
226110,64,adaptive-prasle,1549,1,0,0,82,0,1148,0,1,64,224561,1549,0,83,0,0,0,LEADER,1,0,0,0,0,82
226335,80,adaptive-prasle,1774,1,0,0,82,0,1148,0,1,80,224561,1774,0,83,0,0,0,LEADER,1,0,0,0,0,82
226070,54,adaptive-prasle,1516,1,0,0,82,0,1148,0,1,54,224554,1516,0,83,0,0,0,LEADER,1,0,0,0,0,82
226601,43,adaptive-prasle,2040,1,0,0,82,0,1148,0,1,43,224561,2040,0,83,0,0,0,LEADER,1,0,0,0,0,82
226521,26,adaptive-prasle,1960,1,0,0,82,0,1148,0,1,26,224561,1960,0,83,0,0,0,LEADER,1,0,0,0,0,82
226149,42,adaptive-prasle,1591,1,0,0,82,0,1148,0,1,42,224558,1591,0,83,0,0,0,LEADER,1,0,0,0,0,82
226159,31,adaptive-prasle,1598,1,0,0,82,0,1148,0,1,31,224561,1598,0,83,0,0,0,LEADER,1,0,0,0,0,82
226916,94,adaptive-prasle,2355,1,0,0,82,0,1148,0,1,94,224561,2355,0,83,0,0,0,LEADER,1,0,0,0,0,82
226486,45,adaptive-prasle,1925,1,0,0,82,0,1148,0,1,45,224561,1925,0,83,0,0,0,LEADER,1,0,0,0,0,82
226859,60,adaptive-prasle,2298,1,0,0,82,0,1148,0,1,60,224561,2298,0,83,0,0,0,LEADER,1,0,0,0,0,82
226964,44,adaptive-prasle,1483,1,0,0,82,0,1148,0,1,44,225481,1483,0,83,0,0,0,LEADER,1,0,0,0,0,82
226213,51,adaptive-prasle,1652,1,0,0,82,0,1148,0,1,51,224561,1652,0,83,0,0,0,LEADER,1,0,0,0,0,82
227012,22,adaptive-prasle,1531,1,0,0,82,0,1148,0,1,22,225481,1531,0,83,0,0,0,LEADER,1,0,0,0,0,82
226570,33,adaptive-prasle,2007,1,0,0,82,0,1148,0,1,33,224563,2007,0,83,0,0,0,LEADER,1,0,0,0,0,82
226725,72,adaptive-prasle,2162,1,0,0,82,0,1148,0,1,72,224563,2162,0,83,0,0,0,LEADER,1,0,0,0,0,82
226513,24,adaptive-prasle,1952,1,0,0,82,0,1148,0,1,24,224561,1952,0,83,0,0,0,LEADER,1,0,0,0,0,82
227044,32,adaptive-prasle,1564,1,0,0,82,0,1148,0,1,32,225480,1564,0,83,0,0,0,LEADER,1,0,0,0,0,82
226232,93,adaptive-prasle,1671,1,0,0,82,0,1148,0,1,93,224561,1671,0,83,0,0,0,LEADER,1,0,0,0,0,82
226891,79,adaptive-prasle,2331,1,0,0,82,0,1148,0,1,79,224560,2331,0,83,0,0,0,LEADER,1,0,0,0,0,82
226906,69,adaptive-prasle,2343,1,0,0,82,0,1148,0,1,69,224563,2343,0,83,0,0,0,LEADER,1,0,0,0,0,82
226586,75,adaptive-prasle,2025,1,0,0,82,0,1148,0,1,75,224561,2025,0,83,0,0,0,LEADER,1,0,0,0,0,82
226313,81,adaptive-prasle,1752,1,0,0,82,0,1148,0,1,81,224561,1752,0,83,0,0,0,LEADER,1,0,0,0,0,82
226171,52,adaptive-prasle,1610,1,0,0,82,0,1148,0,1,52,224561,1610,0,83,0,0,0,LEADER,1,0,0,0,0,82
226650,21,adaptive-prasle,2088,1,0,0,82,0,1148,0,1,21,224562,2088,0,83,0,0,0,LEADER,1,0,0,0,0,82
226826,29,adaptive-prasle,2265,1,0,0,82,0,1148,0,1,29,224561,2265,0,83,0,0,0,LEADER,1,0,0,0,0,82
226402,100,adaptive-prasle,1841,1,0,0,82,0,1148,0,1,100,224561,1841,0,83,0,0,0,LEADER,1,0,0,0,0,82
226247,61,adaptive-prasle,1686,1,0,0,82,0,1148,0,1,61,224561,1686,0,83,0,0,0,LEADER,1,0,0,0,0,82
226811,91,adaptive-prasle,2250,1,0,0,82,0,1148,0,1,91,224561,2250,0,83,0,0,0,LEADER,1,0,0,0,0,82
226771,37,adaptive-prasle,2210,1,0,0,82,0,1148,0,1,37,224561,2210,0,83,0,0,0,LEADER,1,0,0,0,0,82
226314,38,adaptive-prasle,1755,1,0,0,82,0,1148,0,1,38,224559,1755,0,83,0,0,0,LEADER,1,0,0,0,0,82
226980,98,adaptive-prasle,2419,1,0,0,82,0,1148,0,1,98,224561,2419,0,83,0,0,0,LEADER,1,0,0,0,0,82
226838,27,adaptive-prasle,2280,1,0,0,82,0,1148,0,1,27,224558,2280,0,83,0,0,0,LEADER,1,0,0,0,0,82
226498,56,adaptive-prasle,1937,1,0,0,82,0,1148,0,1,56,224561,1937,0,83,0,0,0,LEADER,1,0,0,0,0,82
226689,62,adaptive-prasle,2128,1,0,0,82,0,1148,0,1,62,224561,2128,0,83,0,0,0,LEADER,1,0,0,0,0,82
226884,99,adaptive-prasle,2328,1,0,0,82,0,1148,0,1,99,224556,2328,0,83,0,0,0,LEADER,1,0,0,0,0,82
226765,48,adaptive-prasle,2202,1,0,0,82,0,1148,0,1,48,224563,2202,0,83,0,0,0,LEADER,1,0,0,0,0,82
226280,71,adaptive-prasle,1719,1,0,0,82,0,1148,0,1,71,224561,1719,0,83,0,0,0,LEADER,1,0,0,0,0,82
226505,87,adaptive-prasle,1944,1,0,0,82,0,1148,0,1,87,224561,1944,0,83,0,0,0,LEADER,1,0,0,0,0,82
226431,36,adaptive-prasle,1870,1,0,0,82,0,1148,0,1,36,224561,1870,0,83,0,0,0,LEADER,1,0,0,0,0,82
226927,77,adaptive-prasle,1446,1,0,0,82,0,1148,0,1,77,225481,1446,0,83,0,0,0,LEADER,1,0,0,0,0,82
227120,83,adaptive-prasle,1637,1,0,0,82,0,1148,0,1,83,225483,1637,0,83,0,0,0,LEADER,1,0,0,0,0,82
226620,85,adaptive-prasle,2059,1,0,0,82,0,1148,0,1,85,224561,2059,0,83,0,0,0,LEADER,1,0,0,0,0,82
227148,19,adaptive-prasle,1667,1,0,0,82,0,1148,0,1,19,225481,1667,0,83,0,0,0,LEADER,1,0,0,0,0,82
227303,65,adaptive-prasle,1822,1,0,0,82,0,1148,0,1,65,225481,1822,0,83,0,0,0,LEADER,1,0,0,0,0,82
226909,35,adaptive-prasle,1428,1,0,0,82,0,1148,0,1,35,225481,1428,0,83,0,0,0,LEADER,1,0,0,0,0,82
226924,86,adaptive-prasle,1443,1,0,0,82,0,1148,0,1,86,225481,1443,0,83,0,0,0,LEADER,1,0,0,0,0,82
226967,50,adaptive-prasle,2406,1,0,0,82,0,1148,0,1,50,224561,2406,0,83,0,0,0,LEADER,1,0,0,0,0,82
226982,55,adaptive-prasle,1501,1,0,0,82,0,1148,0,1,55,225481,1501,0,83,0,0,0,LEADER,1,0,0,0,0,82
227021,63,adaptive-prasle,1540,1,0,0,82,0,1148,0,1,63,225481,1540,0,83,0,0,0,LEADER,1,0,0,0,0,82
227385,46,adaptive-prasle,1904,1,0,0,82,0,1148,0,1,46,225481,1904,0,83,0,0,0,LEADER,1,0,0,0,0,82
227180,53,adaptive-prasle,1701,1,0,0,82,0,1148,0,1,53,225479,1701,0,83,0,0,0,LEADER,1,0,0,0,0,82
226535,23,adaptive-prasle,1974,1,0,0,82,0,1148,0,1,23,224561,1974,0,83,0,0,0,LEADER,1,0,0,0,0,82
227403,88,adaptive-prasle,1922,1,0,0,82,0,1148,0,1,88,225481,1922,0,83,0,0,0,LEADER,1,0,0,0,0,82
226930,34,adaptive-prasle,1449,1,0,0,82,0,1148,0,1,34,225481,1449,0,83,0,0,0,LEADER,1,0,0,0,0,82
226540,97,adaptive-prasle,1977,1,0,0,82,0,1148,0,1,97,224563,1977,0,83,0,0,0,LEADER,1,0,0,0,0,82
226658,20,adaptive-prasle,2095,1,0,0,82,0,1148,0,1,20,224563,2095,0,83,0,0,0,LEADER,1,0,0,0,0,82
226738,40,adaptive-prasle,2177,1,0,0,82,0,1148,0,1,40,224561,2177,0,83,0,0,0,LEADER,1,0,0,0,0,82
226663,47,adaptive-prasle,2100,1,0,0,82,0,1148,0,1,47,224563,2100,0,83,0,0,0,LEADER,1,0,0,0,0,82
227573,95,adaptive-prasle,2092,1,0,0,82,0,1148,0,1,95,225481,2092,0,83,0,0,0,LEADER,1,0,0,0,0,82
226956,25,adaptive-prasle,2395,1,0,0,82,0,1148,0,1,25,224561,2395,0,83,0,0,0,LEADER,1,0,0,0,0,82
227561,84,adaptive-prasle,2080,1,0,0,82,0,1148,0,1,84,225481,2080,0,83,0,0,0,LEADER,1,0,0,0,0,82
226838,70,adaptive-prasle,2277,1,0,0,82,0,1148,0,1,70,224561,2277,0,83,0,0,0,LEADER,1,0,0,0,0,82
226756,82,adaptive-prasle,2195,1,0,0,82,0,1148,0,1,82,224561,2195,0,83,0,0,0,LEADER,1,0,0,0,0,82
226974,67,adaptive-prasle,2413,1,0,0,82,0,1148,0,1,67,224561,2413,0,83,0,0,0,LEADER,1,0,0,0,0,82
226926,89,adaptive-prasle,2365,1,0,0,82,0,1148,0,1,89,224561,2365,0,83,0,0,0,LEADER,1,0,0,0,0,82
227594,28,adaptive-prasle,2113,1,0,0,82,0,1148,0,1,28,225481,2113,0,83,0,0,0,LEADER,1,0,0,0,0,82
227338,68,adaptive-prasle,1855,1,0,0,82,0,1148,0,1,68,225483,1855,0,83,0,0,0,LEADER,1,0,0,0,0,82
227289,90,adaptive-prasle,1807,1,0,0,82,0,1148,0,1,90,225482,1807,0,83,0,0,0,LEADER,1,0,0,0,0,82
226949,76,adaptive-prasle,1468,1,0,0,82,0,1148,0,1,76,225481,1468,0,83,0,0,0,LEADER,1,0,0,0,0,82
227270,10,adaptive-prasle,1789,1,0,0,82,0,1148,0,1,10,225481,1789,0,83,0,0,0,LEADER,1,0,0,0,0,82
227702,58,adaptive-prasle,2221,1,0,0,82,0,1148,0,1,58,225481,2221,0,83,0,0,0,LEADER,1,0,0,0,0,82
227085,73,adaptive-prasle,1604,1,0,0,82,0,1148,0,1,73,225481,1604,0,83,0,0,0,LEADER,1,0,0,0,0,82
226826,59,adaptive-prasle,2265,1,0,0,82,0,1148,0,1,59,224561,2265,0,83,0,0,0,LEADER,1,0,0,0,0,82
227100,41,adaptive-prasle,1619,1,0,0,82,0,1148,0,1,41,225481,1619,0,83,0,0,0,LEADER,1,0,0,0,0,82
227015,96,adaptive-prasle,1534,1,0,0,82,0,1148,0,1,96,225481,1534,0,83,0,0,0,LEADER,1,0,0,0,0,82
227316,74,adaptive-prasle,1837,1,0,0,82,0,1148,0,1,74,225479,1837,0,83,0,0,0,LEADER,1,0,0,0,0,82
227248,49,adaptive-prasle,1767,1,0,0,82,0,1148,0,1,49,225481,1767,0,83,0,0,0,LEADER,1,0,0,0,0,82
227709,92,adaptive-prasle,2228,1,0,0,82,0,1148,0,1,92,225481,2228,0,83,0,0,0,LEADER,1,0,0,0,0,82
226917,66,adaptive-prasle,1434,1,0,0,82,0,1148,0,1,66,225483,1434,0,83,0,0,0,LEADER,1,0,0,0,0,82
226941,57,adaptive-prasle,2380,1,0,0,82,0,1148,0,1,57,224561,2380,0,83,0,0,0,LEADER,1,0,0,0,0,82
227741,78,adaptive-prasle,2260,1,0,0,82,0,1148,0,1,78,225481,2260,0,83,0,0,0,LEADER,1,0,0,0,0,82
226907,39,adaptive-prasle,2346,1,0,0,82,0,1148,0,1,39,224561,2346,0,83,0,0,0,LEADER,1,0,0,0,0,82
227624,30,adaptive-prasle,2143,1,0,0,82,0,1148,0,1,30,225481,2143,0,83,0,0,0,LEADER,1,0,0,0,0,82
227030,64,adaptive-prasle,1549,1,0,0,82,0,1148,0,1,64,225481,1549,0,83,0,0,0,LEADER,1,0,0,0,0,82
227255,80,adaptive-prasle,1774,1,0,0,82,0,1148,0,1,80,225481,1774,0,83,0,0,0,LEADER,1,0,0,0,0,82
226990,54,adaptive-prasle,1516,1,0,0,82,0,1148,0,1,54,225474,1516,0,83,0,0,0,LEADER,1,0,0,0,0,82
227521,43,adaptive-prasle,2040,1,0,0,82,0,1148,0,1,43,225481,2040,0,83,0,0,0,LEADER,1,0,0,0,0,82
227441,26,adaptive-prasle,1960,1,0,0,82,0,1148,0,1,26,225481,1960,0,83,0,0,0,LEADER,1,0,0,0,0,82
227069,42,adaptive-prasle,1591,1,0,0,82,0,1148,0,1,42,225478,1591,0,83,0,0,0,LEADER,1,0,0,0,0,82
227079,31,adaptive-prasle,1598,1,0,0,82,0,1148,0,1,31,225481,1598,0,83,0,0,0,LEADER,1,0,0,0,0,82
227836,94,adaptive-prasle,2355,1,0,0,82,0,1148,0,1,94,225481,2355,0,83,0,0,0,LEADER,1,0,0,0,0,82
227406,45,adaptive-prasle,1925,1,0,0,82,0,1148,0,1,45,225481,1925,0,83,0,0,0,LEADER,1,0,0,0,0,82
227779,60,adaptive-prasle,2298,1,0,0,82,0,1148,0,1,60,225481,2298,0,83,0,0,0,LEADER,1,0,0,0,0,82
227885,44,adaptive-prasle,1483,1,0,0,83,0,1162,0,1,44,226402,1483,0,84,0,0,0,LEADER,1,0,0,0,0,83
227133,51,adaptive-prasle,1652,1,0,0,82,0,1148,0,1,51,225481,1652,0,83,0,0,0,LEADER,1,0,0,0,0,82
227490,33,adaptive-prasle,2007,1,0,0,82,0,1148,0,1,33,225483,2007,0,83,0,0,0,LEADER,1,0,0,0,0,82
227933,22,adaptive-prasle,1531,1,0,0,83,0,1162,0,1,22,226402,1531,0,84,0,0,0,LEADER,1,0,0,0,0,83
227645,72,adaptive-prasle,2162,1,0,0,82,0,1148,0,1,72,225483,2162,0,83,0,0,0,LEADER,1,0,0,0,0,82
227433,24,adaptive-prasle,1952,1,0,0,82,0,1148,0,1,24,225481,1952,0,83,0,0,0,LEADER,1,0,0,0,0,82
227965,32,adaptive-prasle,1564,1,0,0,83,0,1162,0,1,32,226401,1564,0,84,0,0,0,LEADER,1,0,0,0,0,83
227152,93,adaptive-prasle,1671,1,0,0,82,0,1148,0,1,93,225481,1671,0,83,0,0,0,LEADER,1,0,0,0,0,82
227811,79,adaptive-prasle,2331,1,0,0,82,0,1148,0,1,79,225480,2331,0,83,0,0,0,LEADER,1,0,0,0,0,82
227826,69,adaptive-prasle,2343,1,0,0,82,0,1148,0,1,69,225483,2343,0,83,0,0,0,LEADER,1,0,0,0,0,82
227506,75,adaptive-prasle,2025,1,0,0,82,0,1148,0,1,75,225481,2025,0,83,0,0,0,LEADER,1,0,0,0,0,82
227233,81,adaptive-prasle,1752,1,0,0,82,0,1148,0,1,81,225481,1752,0,83,0,0,0,LEADER,1,0,0,0,0,82
227091,52,adaptive-prasle,1610,1,0,0,82,0,1148,0,1,52,225481,1610,0,83,0,0,0,LEADER,1,0,0,0,0,82
227570,21,adaptive-prasle,2088,1,0,0,82,0,1148,0,1,21,225482,2088,0,83,0,0,0,LEADER,1,0,0,0,0,82
227746,29,adaptive-prasle,2265,1,0,0,82,0,1148,0,1,29,225481,2265,0,83,0,0,0,LEADER,1,0,0,0,0,82
227322,100,adaptive-prasle,1841,1,0,0,82,0,1148,0,1,100,225481,1841,0,83,0,0,0,LEADER,1,0,0,0,0,82
227167,61,adaptive-prasle,1686,1,0,0,82,0,1148,0,1,61,225481,1686,0,83,0,0,0,LEADER,1,0,0,0,0,82
227731,91,adaptive-prasle,2250,1,0,0,82,0,1148,0,1,91,225481,2250,0,83,0,0,0,LEADER,1,0,0,0,0,82
227691,37,adaptive-prasle,2210,1,0,0,82,0,1148,0,1,37,225481,2210,0,83,0,0,0,LEADER,1,0,0,0,0,82
227234,38,adaptive-prasle,1755,1,0,0,82,0,1148,0,1,38,225479,1755,0,83,0,0,0,LEADER,1,0,0,0,0,82
227900,98,adaptive-prasle,2419,1,0,0,82,0,1148,0,1,98,225481,2419,0,83,0,0,0,LEADER,1,0,0,0,0,82
227758,27,adaptive-prasle,2280,1,0,0,82,0,1148,0,1,27,225478,2280,0,83,0,0,0,LEADER,1,0,0,0,0,82
227609,62,adaptive-prasle,2128,1,0,0,82,0,1148,0,1,62,225481,2128,0,83,0,0,0,LEADER,1,0,0,0,0,82
227418,56,adaptive-prasle,1937,1,0,0,82,0,1148,0,1,56,225481,1937,0,83,0,0,0,LEADER,1,0,0,0,0,82
227804,99,adaptive-prasle,2328,1,0,0,82,0,1148,0,1,99,225476,2328,0,83,0,0,0,LEADER,1,0,0,0,0,82
227685,48,adaptive-prasle,2202,1,0,0,82,0,1148,0,1,48,225483,2202,0,83,0,0,0,LEADER,1,0,0,0,0,82
227200,71,adaptive-prasle,1719,1,0,0,82,0,1148,0,1,71,225481,1719,0,83,0,0,0,LEADER,1,0,0,0,0,82
227425,87,adaptive-prasle,1944,1,0,0,82,0,1148,0,1,87,225481,1944,0,83,0,0,0,LEADER,1,0,0,0,0,82
227351,36,adaptive-prasle,1870,1,0,0,82,0,1148,0,1,36,225481,1870,0,83,0,0,0,LEADER,1,0,0,0,0,82
227848,77,adaptive-prasle,1446,1,0,0,83,0,1162,0,1,77,226402,1446,0,84,0,0,0,LEADER,1,0,0,0,0,83
228041,83,adaptive-prasle,1637,1,0,0,83,0,1162,0,1,83,226404,1637,0,84,0,0,0,LEADER,1,0,0,0,0,83
227540,85,adaptive-prasle,2059,1,0,0,82,0,1148,0,1,85,225481,2059,0,83,0,0,0,LEADER,1,0,0,0,0,82
228069,19,adaptive-prasle,1667,1,0,0,83,0,1162,0,1,19,226402,1667,0,84,0,0,0,LEADER,1,0,0,0,0,83
228224,65,adaptive-prasle,1822,1,0,0,83,0,1162,0,1,65,226402,1822,0,84,0,0,0,LEADER,1,0,0,0,0,83
227830,35,adaptive-prasle,1428,1,0,0,83,0,1162,0,1,35,226402,1428,0,84,0,0,0,LEADER,1,0,0,0,0,83
227845,86,adaptive-prasle,1443,1,0,0,83,0,1162,0,1,86,226402,1443,0,84,0,0,0,LEADER,1,0,0,0,0,83
227887,50,adaptive-prasle,2406,1,0,0,82,0,1148,0,1,50,225481,2406,0,83,0,0,0,LEADER,1,0,0,0,0,82
227903,55,adaptive-prasle,1501,1,0,0,83,0,1162,0,1,55,226402,1501,0,84,0,0,0,LEADER,1,0,0,0,0,83
227942,63,adaptive-prasle,1540,1,0,0,83,0,1162,0,1,63,226402,1540,0,84,0,0,0,LEADER,1,0,0,0,0,83
228306,46,adaptive-prasle,1904,1,0,0,83,0,1162,0,1,46,226402,1904,0,84,0,0,0,LEADER,1,0,0,0,0,83
228101,53,adaptive-prasle,1701,1,0,0,83,0,1162,0,1,53,226400,1701,0,84,0,0,0,LEADER,1,0,0,0,0,83
227455,23,adaptive-prasle,1974,1,0,0,82,0,1148,0,1,23,225481,1974,0,83,0,0,0,LEADER,1,0,0,0,0,82
228324,88,adaptive-prasle,1922,1,0,0,83,0,1162,0,1,88,226402,1922,0,84,0,0,0,LEADER,1,0,0,0,0,83
227851,34,adaptive-prasle,1449,1,0,0,83,0,1162,0,1,34,226402,1449,0,84,0,0,0,LEADER,1,0,0,0,0,83
227460,97,adaptive-prasle,1977,1,0,0,82,0,1148,0,1,97,225483,1977,0,83,0,0,0,LEADER,1,0,0,0,0,82
227578,20,adaptive-prasle,2095,1,0,0,82,0,1148,0,1,20,225483,2095,0,83,0,0,0,LEADER,1,0,0,0,0,82
227658,40,adaptive-prasle,2177,1,0,0,82,0,1148,0,1,40,225481,2177,0,83,0,0,0,LEADER,1,0,0,0,0,82
227583,47,adaptive-prasle,2100,1,0,0,82,0,1148,0,1,47,225483,2100,0,83,0,0,0,LEADER,1,0,0,0,0,82
228494,95,adaptive-prasle,2092,1,0,0,83,0,1162,0,1,95,226402,2092,0,84,0,0,0,LEADER,1,0,0,0,0,83
227876,25,adaptive-prasle,2395,1,0,0,82,0,1148,0,1,25,225481,2395,0,83,0,0,0,LEADER,1,0,0,0,0,82
228482,84,adaptive-prasle,2080,1,0,0,83,0,1162,0,1,84,226402,2080,0,84,0,0,0,LEADER,1,0,0,0,0,83
227758,70,adaptive-prasle,2277,1,0,0,82,0,1148,0,1,70,225481,2277,0,83,0,0,0,LEADER,1,0,0,0,0,82
227676,82,adaptive-prasle,2195,1,0,0,82,0,1148,0,1,82,225481,2195,0,83,0,0,0,LEADER,1,0,0,0,0,82
227894,67,adaptive-prasle,2413,1,0,0,82,0,1148,0,1,67,225481,2413,0,83,0,0,0,LEADER,1,0,0,0,0,82
227846,89,adaptive-prasle,2365,1,0,0,82,0,1148,0,1,89,225481,2365,0,83,0,0,0,LEADER,1,0,0,0,0,82
228515,28,adaptive-prasle,2113,1,0,0,83,0,1162,0,1,28,226402,2113,0,84,0,0,0,LEADER,1,0,0,0,0,83
228259,68,adaptive-prasle,1855,1,0,0,83,0,1162,0,1,68,226404,1855,0,84,0,0,0,LEADER,1,0,0,0,0,83
228210,90,adaptive-prasle,1807,1,0,0,83,0,1162,0,1,90,226403,1807,0,84,0,0,0,LEADER,1,0,0,0,0,83
227870,76,adaptive-prasle,1468,1,0,0,83,0,1162,0,1,76,226402,1468,0,84,0,0,0,LEADER,1,0,0,0,0,83
228191,10,adaptive-prasle,1789,1,0,0,83,0,1162,0,1,10,226402,1789,0,84,0,0,0,LEADER,1,0,0,0,0,83
228623,58,adaptive-prasle,2221,1,0,0,83,0,1162,0,1,58,226402,2221,0,84,0,0,0,LEADER,1,0,0,0,0,83
228006,73,adaptive-prasle,1604,1,0,0,83,0,1162,0,1,73,226402,1604,0,84,0,0,0,LEADER,1,0,0,0,0,83
227746,59,adaptive-prasle,2265,1,0,0,82,0,1148,0,1,59,225481,2265,0,83,0,0,0,LEADER,1,0,0,0,0,82
228021,41,adaptive-prasle,1619,1,0,0,83,0,1162,0,1,41,226402,1619,0,84,0,0,0,LEADER,1,0,0,0,0,83
227936,96,adaptive-prasle,1534,1,0,0,83,0,1162,0,1,96,226402,1534,0,84,0,0,0,LEADER,1,0,0,0,0,83
228237,74,adaptive-prasle,1837,1,0,0,83,0,1162,0,1,74,226400,1837,0,84,0,0,0,LEADER,1,0,0,0,0,83
228169,49,adaptive-prasle,1767,1,0,0,83,0,1162,0,1,49,226402,1767,0,84,0,0,0,LEADER,1,0,0,0,0,83
228630,92,adaptive-prasle,2228,1,0,0,83,0,1162,0,1,92,226402,2228,0,84,0,0,0,LEADER,1,0,0,0,0,83
227838,66,adaptive-prasle,1434,1,0,0,83,0,1162,0,1,66,226404,1434,0,84,0,0,0,LEADER,1,0,0,0,0,83
227861,57,adaptive-prasle,2380,1,0,0,82,0,1148,0,1,57,225481,2380,0,83,0,0,0,LEADER,1,0,0,0,0,82
228662,78,adaptive-prasle,2260,1,0,0,83,0,1162,0,1,78,226402,2260,0,84,0,0,0,LEADER,1,0,0,0,0,83
227827,39,adaptive-prasle,2346,1,0,0,82,0,1148,0,1,39,225481,2346,0,83,0,0,0,LEADER,1,0,0,0,0,82
228545,30,adaptive-prasle,2143,1,0,0,83,0,1162,0,1,30,226402,2143,0,84,0,0,0,LEADER,1,0,0,0,0,83
227951,64,adaptive-prasle,1549,1,0,0,83,0,1162,0,1,64,226402,1549,0,84,0,0,0,LEADER,1,0,0,0,0,83
228176,80,adaptive-prasle,1774,1,0,0,83,0,1162,0,1,80,226402,1774,0,84,0,0,0,LEADER,1,0,0,0,0,83
227911,54,adaptive-prasle,1516,1,0,0,83,0,1162,0,1,54,226395,1516,0,84,0,0,0,LEADER,1,0,0,0,0,83
228442,43,adaptive-prasle,2040,1,0,0,83,0,1162,0,1,43,226402,2040,0,84,0,0,0,LEADER,1,0,0,0,0,83
228362,26,adaptive-prasle,1960,1,0,0,83,0,1162,0,1,26,226402,1960,0,84,0,0,0,LEADER,1,0,0,0,0,83
227990,42,adaptive-prasle,1591,1,0,0,83,0,1162,0,1,42,226399,1591,0,84,0,0,0,LEADER,1,0,0,0,0,83
228000,31,adaptive-prasle,1598,1,0,0,83,0,1162,0,1,31,226402,1598,0,84,0,0,0,LEADER,1,0,0,0,0,83
228757,94,adaptive-prasle,2355,1,0,0,83,0,1162,0,1,94,226402,2355,0,84,0,0,0,LEADER,1,0,0,0,0,83
228327,45,adaptive-prasle,1925,1,0,0,83,0,1162,0,1,45,226402,1925,0,84,0,0,0,LEADER,1,0,0,0,0,83
228700,60,adaptive-prasle,2298,1,0,0,83,0,1162,0,1,60,226402,2298,0,84,0,0,0,LEADER,1,0,0,0,0,83
228805,44,adaptive-prasle,1483,1,0,0,83,0,1162,0,1,44,227322,1483,0,84,0,0,0,LEADER,1,0,0,0,0,83
228054,51,adaptive-prasle,1652,1,0,0,83,0,1162,0,1,51,226402,1652,0,84,0,0,0,LEADER,1,0,0,0,0,83
228853,22,adaptive-prasle,1531,1,0,0,83,0,1162,0,1,22,227322,1531,0,84,0,0,0,LEADER,1,0,0,0,0,83
228411,33,adaptive-prasle,2007,1,0,0,83,0,1162,0,1,33,226404,2007,0,84,0,0,0,LEADER,1,0,0,0,0,83
228566,72,adaptive-prasle,2162,1,0,0,83,0,1162,0,1,72,226404,2162,0,84,0,0,0,LEADER,1,0,0,0,0,83
228354,24,adaptive-prasle,1952,1,0,0,83,0,1162,0,1,24,226402,1952,0,84,0,0,0,LEADER,1,0,0,0,0,83
228885,32,adaptive-prasle,1564,1,0,0,83,0,1162,0,1,32,227321,1564,0,84,0,0,0,LEADER,1,0,0,0,0,83
228073,93,adaptive-prasle,1671,1,0,0,83,0,1162,0,1,93,226402,1671,0,84,0,0,0,LEADER,1,0,0,0,0,83
228747,69,adaptive-prasle,2343,1,0,0,83,0,1162,0,1,69,226404,2343,0,84,0,0,0,LEADER,1,0,0,0,0,83
228732,79,adaptive-prasle,2331,1,0,0,83,0,1162,0,1,79,226401,2331,0,84,0,0,0,LEADER,1,0,0,0,0,83
228427,75,adaptive-prasle,2025,1,0,0,83,0,1162,0,1,75,226402,2025,0,84,0,0,0,LEADER,1,0,0,0,0,83
228154,81,adaptive-prasle,1752,1,0,0,83,0,1162,0,1,81,226402,1752,0,84,0,0,0,LEADER,1,0,0,0,0,83
228012,52,adaptive-prasle,1610,1,0,0,83,0,1162,0,1,52,226402,1610,0,84,0,0,0,LEADER,1,0,0,0,0,83
228667,29,adaptive-prasle,2265,1,0,0,83,0,1162,0,1,29,226402,2265,0,84,0,0,0,LEADER,1,0,0,0,0,83
228491,21,adaptive-prasle,2088,1,0,0,83,0,1162,0,1,21,226403,2088,0,84,0,0,0,LEADER,1,0,0,0,0,83
228243,100,adaptive-prasle,1841,1,0,0,83,0,1162,0,1,100,226402,1841,0,84,0,0,0,LEADER,1,0,0,0,0,83
228088,61,adaptive-prasle,1686,1,0,0,83,0,1162,0,1,61,226402,1686,0,84,0,0,0,LEADER,1,0,0,0,0,83
228652,91,adaptive-prasle,2250,1,0,0,83,0,1162,0,1,91,226402,2250,0,84,0,0,0,LEADER,1,0,0,0,0,83
228612,37,adaptive-prasle,2210,1,0,0,83,0,1162,0,1,37,226402,2210,0,84,0,0,0,LEADER,1,0,0,0,0,83
228155,38,adaptive-prasle,1755,1,0,0,83,0,1162,0,1,38,226400,1755,0,84,0,0,0,LEADER,1,0,0,0,0,83
228691,15,adaptive-prasle,2361,1,0,0,14,13,196,182,4,5,226330,2361,0,7,0,0,0,NORMAL,0,0,0,0,0,14
228821,98,adaptive-prasle,2419,1,0,0,83,0,1162,0,1,98,226402,2419,0,84,0,0,0,LEADER,1,0,0,0,0,83
228679,27,adaptive-prasle,2280,1,0,0,83,0,1162,0,1,27,226399,2280,0,84,0,0,0,LEADER,1,0,0,0,0,83
228530,62,adaptive-prasle,2128,1,0,0,83,0,1162,0,1,62,226402,2128,0,84,0,0,0,LEADER,1,0,0,0,0,83
228339,56,adaptive-prasle,1937,1,0,0,83,0,1162,0,1,56,226402,1937,0,84,0,0,0,LEADER,1,0,0,0,0,83
228725,99,adaptive-prasle,2328,1,0,0,83,0,1162,0,1,99,226397,2328,0,84,0,0,0,LEADER,1,0,0,0,0,83
228606,48,adaptive-prasle,2202,1,0,0,83,0,1162,0,1,48,226404,2202,0,84,0,0,0,LEADER,1,0,0,0,0,83
228121,71,adaptive-prasle,1719,1,0,0,83,0,1162,0,1,71,226402,1719,0,84,0,0,0,LEADER,1,0,0,0,0,83
228346,87,adaptive-prasle,1944,1,0,0,83,0,1162,0,1,87,226402,1944,0,84,0,0,0,LEADER,1,0,0,0,0,83
228272,36,adaptive-prasle,1870,1,0,0,83,0,1162,0,1,36,226402,1870,0,84,0,0,0,LEADER,1,0,0,0,0,83
228768,77,adaptive-prasle,1446,1,0,0,83,0,1162,0,1,77,227322,1446,0,84,0,0,0,LEADER,1,0,0,0,0,83
228961,83,adaptive-prasle,1637,1,0,0,83,0,1162,0,1,83,227324,1637,0,84,0,0,0,LEADER,1,0,0,0,0,83
228461,85,adaptive-prasle,2059,1,0,0,83,0,1162,0,1,85,226402,2059,0,84,0,0,0,LEADER,1,0,0,0,0,83
228989,19,adaptive-prasle,1667,1,0,0,83,0,1162,0,1,19,227322,1667,0,84,0,0,0,LEADER,1,0,0,0,0,83
229144,65,adaptive-prasle,1822,1,0,0,83,0,1162,0,1,65,227322,1822,0,84,0,0,0,LEADER,1,0,0,0,0,83
228750,35,adaptive-prasle,1428,1,0,0,83,0,1162,0,1,35,227322,1428,0,84,0,0,0,LEADER,1,0,0,0,0,83
228765,86,adaptive-prasle,1443,1,0,0,83,0,1162,0,1,86,227322,1443,0,84,0,0,0,LEADER,1,0,0,0,0,83
228808,50,adaptive-prasle,2406,1,0,0,83,0,1162,0,1,50,226402,2406,0,84,0,0,0,LEADER,1,0,0,0,0,83
228823,55,adaptive-prasle,1501,1,0,0,83,0,1162,0,1,55,227322,1501,0,84,0,0,0,LEADER,1,0,0,0,0,83
228862,63,adaptive-prasle,1540,1,0,0,83,0,1162,0,1,63,227322,1540,0,84,0,0,0,LEADER,1,0,0,0,0,83
229226,46,adaptive-prasle,1904,1,0,0,83,0,1162,0,1,46,227322,1904,0,84,0,0,0,LEADER,1,0,0,0,0,83
229021,53,adaptive-prasle,1701,1,0,0,83,0,1162,0,1,53,227320,1701,0,84,0,0,0,LEADER,1,0,0,0,0,83
228376,23,adaptive-prasle,1974,1,0,0,83,0,1162,0,1,23,226402,1974,0,84,0,0,0,LEADER,1,0,0,0,0,83
229244,88,adaptive-prasle,1922,1,0,0,83,0,1162,0,1,88,227322,1922,0,84,0,0,0,LEADER,1,0,0,0,0,83
228771,34,adaptive-prasle,1449,1,0,0,83,0,1162,0,1,34,227322,1449,0,84,0,0,0,LEADER,1,0,0,0,0,83
228381,97,adaptive-prasle,1977,1,0,0,83,0,1162,0,1,97,226404,1977,0,84,0,0,0,LEADER,1,0,0,0,0,83
228499,20,adaptive-prasle,2095,1,0,0,83,0,1162,0,1,20,226404,2095,0,84,0,0,0,LEADER,1,0,0,0,0,83
228579,40,adaptive-prasle,2177,1,0,0,83,0,1162,0,1,40,226402,2177,0,84,0,0,0,LEADER,1,0,0,0,0,83
228504,47,adaptive-prasle,2100,1,0,0,83,0,1162,0,1,47,226404,2100,0,84,0,0,0,LEADER,1,0,0,0,0,83
229414,95,adaptive-prasle,2092,1,0,0,83,0,1162,0,1,95,227322,2092,0,84,0,0,0,LEADER,1,0,0,0,0,83
228797,25,adaptive-prasle,2395,1,0,0,83,0,1162,0,1,25,226402,2395,0,84,0,0,0,LEADER,1,0,0,0,0,83
229402,84,adaptive-prasle,2080,1,0,0,83,0,1162,0,1,84,227322,2080,0,84,0,0,0,LEADER,1,0,0,0,0,83
228679,70,adaptive-prasle,2277,1,0,0,83,0,1162,0,1,70,226402,2277,0,84,0,0,0,LEADER,1,0,0,0,0,83
228597,82,adaptive-prasle,2195,1,0,0,83,0,1162,0,1,82,226402,2195,0,84,0,0,0,LEADER,1,0,0,0,0,83
228815,67,adaptive-prasle,2413,1,0,0,83,0,1162,0,1,67,226402,2413,0,84,0,0,0,LEADER,1,0,0,0,0,83
228767,89,adaptive-prasle,2365,1,0,0,83,0,1162,0,1,89,226402,2365,0,84,0,0,0,LEADER,1,0,0,0,0,83
229435,28,adaptive-prasle,2113,1,0,0,83,0,1162,0,1,28,227322,2113,0,84,0,0,0,LEADER,1,0,0,0,0,83
229179,68,adaptive-prasle,1855,1,0,0,83,0,1162,0,1,68,227324,1855,0,84,0,0,0,LEADER,1,0,0,0,0,83
229130,90,adaptive-prasle,1807,1,0,0,83,0,1162,0,1,90,227323,1807,0,84,0,0,0,LEADER,1,0,0,0,0,83
228790,76,adaptive-prasle,1468,1,0,0,83,0,1162,0,1,76,227322,1468,0,84,0,0,0,LEADER,1,0,0,0,0,83
229111,10,adaptive-prasle,1789,1,0,0,83,0,1162,0,1,10,227322,1789,0,84,0,0,0,LEADER,1,0,0,0,0,83
229543,58,adaptive-prasle,2221,1,0,0,83,0,1162,0,1,58,227322,2221,0,84,0,0,0,LEADER,1,0,0,0,0,83
228926,73,adaptive-prasle,1604,1,0,0,83,0,1162,0,1,73,227322,1604,0,84,0,0,0,LEADER,1,0,0,0,0,83
228667,59,adaptive-prasle,2265,1,0,0,83,0,1162,0,1,59,226402,2265,0,84,0,0,0,LEADER,1,0,0,0,0,83
228941,41,adaptive-prasle,1619,1,0,0,83,0,1162,0,1,41,227322,1619,0,84,0,0,0,LEADER,1,0,0,0,0,83
228856,96,adaptive-prasle,1534,1,0,0,83,0,1162,0,1,96,227322,1534,0,84,0,0,0,LEADER,1,0,0,0,0,83
229157,74,adaptive-prasle,1837,1,0,0,83,0,1162,0,1,74,227320,1837,0,84,0,0,0,LEADER,1,0,0,0,0,83
229089,49,adaptive-prasle,1767,1,0,0,83,0,1162,0,1,49,227322,1767,0,84,0,0,0,LEADER,1,0,0,0,0,83
229550,92,adaptive-prasle,2228,1,0,0,83,0,1162,0,1,92,227322,2228,0,84,0,0,0,LEADER,1,0,0,0,0,83
228758,66,adaptive-prasle,1434,1,0,0,83,0,1162,0,1,66,227324,1434,0,84,0,0,0,LEADER,1,0,0,0,0,83
228782,57,adaptive-prasle,2380,1,0,0,83,0,1162,0,1,57,226402,2380,0,84,0,0,0,LEADER,1,0,0,0,0,83
229582,78,adaptive-prasle,2260,1,0,0,83,0,1162,0,1,78,227322,2260,0,84,0,0,0,LEADER,1,0,0,0,0,83
228748,39,adaptive-prasle,2346,1,0,0,83,0,1162,0,1,39,226402,2346,0,84,0,0,0,LEADER,1,0,0,0,0,83
229465,30,adaptive-prasle,2143,1,0,0,83,0,1162,0,1,30,227322,2143,0,84,0,0,0,LEADER,1,0,0,0,0,83
228871,64,adaptive-prasle,1549,1,0,0,83,0,1162,0,1,64,227322,1549,0,84,0,0,0,LEADER,1,0,0,0,0,83
229096,80,adaptive-prasle,1774,1,0,0,83,0,1162,0,1,80,227322,1774,0,84,0,0,0,LEADER,1,0,0,0,0,83
228831,54,adaptive-prasle,1516,1,0,0,83,0,1162,0,1,54,227315,1516,0,84,0,0,0,LEADER,1,0,0,0,0,83
229362,43,adaptive-prasle,2040,1,0,0,83,0,1162,0,1,43,227322,2040,0,84,0,0,0,LEADER,1,0,0,0,0,83
229282,26,adaptive-prasle,1960,1,0,0,83,0,1162,0,1,26,227322,1960,0,84,0,0,0,LEADER,1,0,0,0,0,83
228910,42,adaptive-prasle,1591,1,0,0,83,0,1162,0,1,42,227319,1591,0,84,0,0,0,LEADER,1,0,0,0,0,83
228920,31,adaptive-prasle,1598,1,0,0,83,0,1162,0,1,31,227322,1598,0,84,0,0,0,LEADER,1,0,0,0,0,83
229677,94,adaptive-prasle,2355,1,0,0,83,0,1162,0,1,94,227322,2355,0,84,0,0,0,LEADER,1,0,0,0,0,83
229247,45,adaptive-prasle,1925,1,0,0,83,0,1162,0,1,45,227322,1925,0,84,0,0,0,LEADER,1,0,0,0,0,83
229620,60,adaptive-prasle,2298,1,0,0,83,0,1162,0,1,60,227322,2298,0,84,0,0,0,LEADER,1,0,0,0,0,83
229725,44,adaptive-prasle,1483,1,0,0,83,0,1162,0,1,44,228242,1483,0,84,0,0,0,LEADER,1,0,0,0,0,83
228974,51,adaptive-prasle,1652,1,0,0,83,0,1162,0,1,51,227322,1652,0,84,0,0,0,LEADER,1,0,0,0,0,83
229773,22,adaptive-prasle,1531,1,0,0,83,0,1162,0,1,22,228242,1531,0,84,0,0,0,LEADER,1,0,0,0,0,83
229331,33,adaptive-prasle,2007,1,0,0,83,0,1162,0,1,33,227324,2007,0,84,0,0,0,LEADER,1,0,0,0,0,83
229486,72,adaptive-prasle,2162,1,0,0,83,0,1162,0,1,72,227324,2162,0,84,0,0,0,LEADER,1,0,0,0,0,83
229274,24,adaptive-prasle,1952,1,0,0,83,0,1162,0,1,24,227322,1952,0,84,0,0,0,LEADER,1,0,0,0,0,83
229805,32,adaptive-prasle,1564,1,0,0,83,0,1162,0,1,32,228241,1564,0,84,0,0,0,LEADER,1,0,0,0,0,83
228993,93,adaptive-prasle,1671,1,0,0,83,0,1162,0,1,93,227322,1671,0,84,0,0,0,LEADER,1,0,0,0,0,83
229652,79,adaptive-prasle,2331,1,0,0,83,0,1162,0,1,79,227321,2331,0,84,0,0,0,LEADER,1,0,0,0,0,83
229667,69,adaptive-prasle,2343,1,0,0,83,0,1162,0,1,69,227324,2343,0,84,0,0,0,LEADER,1,0,0,0,0,83
229347,75,adaptive-prasle,2025,1,0,0,83,0,1162,0,1,75,227322,2025,0,84,0,0,0,LEADER,1,0,0,0,0,83
229074,81,adaptive-prasle,1752,1,0,0,83,0,1162,0,1,81,227322,1752,0,84,0,0,0,LEADER,1,0,0,0,0,83
228932,52,adaptive-prasle,1610,1,0,0,83,0,1162,0,1,52,227322,1610,0,84,0,0,0,LEADER,1,0,0,0,0,83
229411,21,adaptive-prasle,2088,1,0,0,83,0,1162,0,1,21,227323,2088,0,84,0,0,0,LEADER,1,0,0,0,0,83
229587,29,adaptive-prasle,2265,1,0,0,83,0,1162,0,1,29,227322,2265,0,84,0,0,0,LEADER,1,0,0,0,0,83
229163,100,adaptive-prasle,1841,1,0,0,83,0,1162,0,1,100,227322,1841,0,84,0,0,0,LEADER,1,0,0,0,0,83
229008,61,adaptive-prasle,1686,1,0,0,83,0,1162,0,1,61,227322,1686,0,84,0,0,0,LEADER,1,0,0,0,0,83
229572,91,adaptive-prasle,2250,1,0,0,83,0,1162,0,1,91,227322,2250,0,84,0,0,0,LEADER,1,0,0,0,0,83
229532,37,adaptive-prasle,2210,1,0,0,83,0,1162,0,1,37,227322,2210,0,84,0,0,0,LEADER,1,0,0,0,0,83
229075,38,adaptive-prasle,1755,1,0,0,83,0,1162,0,1,38,227320,1755,0,84,0,0,0,LEADER,1,0,0,0,0,83
229741,98,adaptive-prasle,2419,1,0,0,83,0,1162,0,1,98,227322,2419,0,84,0,0,0,LEADER,1,0,0,0,0,83
229599,27,adaptive-prasle,2280,1,0,0,83,0,1162,0,1,27,227319,2280,0,84,0,0,0,LEADER,1,0,0,0,0,83
229259,56,adaptive-prasle,1937,1,0,0,83,0,1162,0,1,56,227322,1937,0,84,0,0,0,LEADER,1,0,0,0,0,83
229450,62,adaptive-prasle,2128,1,0,0,83,0,1162,0,1,62,227322,2128,0,84,0,0,0,LEADER,1,0,0,0,0,83
229645,99,adaptive-prasle,2328,1,0,0,83,0,1162,0,1,99,227317,2328,0,84,0,0,0,LEADER,1,0,0,0,0,83
229526,48,adaptive-prasle,2202,1,0,0,83,0,1162,0,1,48,227324,2202,0,84,0,0,0,LEADER,1,0,0,0,0,83
229041,71,adaptive-prasle,1719,1,0,0,83,0,1162,0,1,71,227322,1719,0,84,0,0,0,LEADER,1,0,0,0,0,83
229266,87,adaptive-prasle,1944,1,0,0,83,0,1162,0,1,87,227322,1944,0,84,0,0,0,LEADER,1,0,0,0,0,83
229192,36,adaptive-prasle,1870,1,0,0,83,0,1162,0,1,36,227322,1870,0,84,0,0,0,LEADER,1,0,0,0,0,83
229688,77,adaptive-prasle,1446,1,0,0,83,0,1162,0,1,77,228242,1446,0,84,0,0,0,LEADER,1,0,0,0,0,83
229881,83,adaptive-prasle,1637,1,0,0,83,0,1162,0,1,83,228244,1637,0,84,0,0,0,LEADER,1,0,0,0,0,83
229381,85,adaptive-prasle,2059,1,0,0,83,0,1162,0,1,85,227322,2059,0,84,0,0,0,LEADER,1,0,0,0,0,83
229909,19,adaptive-prasle,1667,1,0,0,83,0,1162,0,1,19,228242,1667,0,84,0,0,0,LEADER,1,0,0,0,0,83
230064,65,adaptive-prasle,1822,1,0,0,83,0,1162,0,1,65,228242,1822,0,84,0,0,0,LEADER,1,0,0,0,0,83
229670,35,adaptive-prasle,1428,1,0,0,83,0,1162,0,1,35,228242,1428,0,84,0,0,0,LEADER,1,0,0,0,0,83
229685,86,adaptive-prasle,1443,1,0,0,83,0,1162,0,1,86,228242,1443,0,84,0,0,0,LEADER,1,0,0,0,0,83
229728,50,adaptive-prasle,2406,1,0,0,83,0,1162,0,1,50,227322,2406,0,84,0,0,0,LEADER,1,0,0,0,0,83
229743,55,adaptive-prasle,1501,1,0,0,83,0,1162,0,1,55,228242,1501,0,84,0,0,0,LEADER,1,0,0,0,0,83
229782,63,adaptive-prasle,1540,1,0,0,83,0,1162,0,1,63,228242,1540,0,84,0,0,0,LEADER,1,0,0,0,0,83
230146,46,adaptive-prasle,1904,1,0,0,83,0,1162,0,1,46,228242,1904,0,84,0,0,0,LEADER,1,0,0,0,0,83
229941,53,adaptive-prasle,1701,1,0,0,83,0,1162,0,1,53,228240,1701,0,84,0,0,0,LEADER,1,0,0,0,0,83
229296,23,adaptive-prasle,1974,1,0,0,83,0,1162,0,1,23,227322,1974,0,84,0,0,0,LEADER,1,0,0,0,0,83
230164,88,adaptive-prasle,1922,1,0,0,83,0,1162,0,1,88,228242,1922,0,84,0,0,0,LEADER,1,0,0,0,0,83
229691,34,adaptive-prasle,1449,1,0,0,83,0,1162,0,1,34,228242,1449,0,84,0,0,0,LEADER,1,0,0,0,0,83
229301,97,adaptive-prasle,1977,1,0,0,83,0,1162,0,1,97,227324,1977,0,84,0,0,0,LEADER,1,0,0,0,0,83
229419,20,adaptive-prasle,2095,1,0,0,83,0,1162,0,1,20,227324,2095,0,84,0,0,0,LEADER,1,0,0,0,0,83
229499,40,adaptive-prasle,2177,1,0,0,83,0,1162,0,1,40,227322,2177,0,84,0,0,0,LEADER,1,0,0,0,0,83
229424,47,adaptive-prasle,2100,1,0,0,83,0,1162,0,1,47,227324,2100,0,84,0,0,0,LEADER,1,0,0,0,0,83
230334,95,adaptive-prasle,2092,1,0,0,83,0,1162,0,1,95,228242,2092,0,84,0,0,0,LEADER,1,0,0,0,0,83
229717,25,adaptive-prasle,2395,1,0,0,83,0,1162,0,1,25,227322,2395,0,84,0,0,0,LEADER,1,0,0,0,0,83
230322,84,adaptive-prasle,2080,1,0,0,83,0,1162,0,1,84,228242,2080,0,84,0,0,0,LEADER,1,0,0,0,0,83
229599,70,adaptive-prasle,2277,1,0,0,83,0,1162,0,1,70,227322,2277,0,84,0,0,0,LEADER,1,0,0,0,0,83
229517,82,adaptive-prasle,2195,1,0,0,83,0,1162,0,1,82,227322,2195,0,84,0,0,0,LEADER,1,0,0,0,0,83
229735,67,adaptive-prasle,2413,1,0,0,83,0,1162,0,1,67,227322,2413,0,84,0,0,0,LEADER,1,0,0,0,0,83
229687,89,adaptive-prasle,2365,1,0,0,83,0,1162,0,1,89,227322,2365,0,84,0,0,0,LEADER,1,0,0,0,0,83
230355,28,adaptive-prasle,2113,1,0,0,83,0,1162,0,1,28,228242,2113,0,84,0,0,0,LEADER,1,0,0,0,0,83
230099,68,adaptive-prasle,1855,1,0,0,83,0,1162,0,1,68,228244,1855,0,84,0,0,0,LEADER,1,0,0,0,0,83
230050,90,adaptive-prasle,1807,1,0,0,83,0,1162,0,1,90,228243,1807,0,84,0,0,0,LEADER,1,0,0,0,0,83
229710,76,adaptive-prasle,1468,1,0,0,83,0,1162,0,1,76,228242,1468,0,84,0,0,0,LEADER,1,0,0,0,0,83
230031,10,adaptive-prasle,1789,1,0,0,83,0,1162,0,1,10,228242,1789,0,84,0,0,0,LEADER,1,0,0,0,0,83
230463,58,adaptive-prasle,2221,1,0,0,83,0,1162,0,1,58,228242,2221,0,84,0,0,0,LEADER,1,0,0,0,0,83
229846,73,adaptive-prasle,1604,1,0,0,83,0,1162,0,1,73,228242,1604,0,84,0,0,0,LEADER,1,0,0,0,0,83
229587,59,adaptive-prasle,2265,1,0,0,83,0,1162,0,1,59,227322,2265,0,84,0,0,0,LEADER,1,0,0,0,0,83
229861,41,adaptive-prasle,1619,1,0,0,83,0,1162,0,1,41,228242,1619,0,84,0,0,0,LEADER,1,0,0,0,0,83
229776,96,adaptive-prasle,1534,1,0,0,83,0,1162,0,1,96,228242,1534,0,84,0,0,0,LEADER,1,0,0,0,0,83
230077,74,adaptive-prasle,1837,1,0,0,83,0,1162,0,1,74,228240,1837,0,84,0,0,0,LEADER,1,0,0,0,0,83
230009,49,adaptive-prasle,1767,1,0,0,83,0,1162,0,1,49,228242,1767,0,84,0,0,0,LEADER,1,0,0,0,0,83
230470,92,adaptive-prasle,2228,1,0,0,83,0,1162,0,1,92,228242,2228,0,84,0,0,0,LEADER,1,0,0,0,0,83
229678,66,adaptive-prasle,1434,1,0,0,83,0,1162,0,1,66,228244,1434,0,84,0,0,0,LEADER,1,0,0,0,0,83
229702,57,adaptive-prasle,2380,1,0,0,83,0,1162,0,1,57,227322,2380,0,84,0,0,0,LEADER,1,0,0,0,0,83
230502,78,adaptive-prasle,2260,1,0,0,83,0,1162,0,1,78,228242,2260,0,84,0,0,0,LEADER,1,0,0,0,0,83
229668,39,adaptive-prasle,2346,1,0,0,83,0,1162,0,1,39,227322,2346,0,84,0,0,0,LEADER,1,0,0,0,0,83
230385,30,adaptive-prasle,2143,1,0,0,83,0,1162,0,1,30,228242,2143,0,84,0,0,0,LEADER,1,0,0,0,0,83
229791,64,adaptive-prasle,1549,1,0,0,83,0,1162,0,1,64,228242,1549,0,84,0,0,0,LEADER,1,0,0,0,0,83
230016,80,adaptive-prasle,1774,1,0,0,83,0,1162,0,1,80,228242,1774,0,84,0,0,0,LEADER,1,0,0,0,0,83
229751,54,adaptive-prasle,1516,1,0,0,83,0,1162,0,1,54,228235,1516,0,84,0,0,0,LEADER,1,0,0,0,0,83
230282,43,adaptive-prasle,2040,1,0,0,83,0,1162,0,1,43,228242,2040,0,84,0,0,0,LEADER,1,0,0,0,0,83
230202,26,adaptive-prasle,1960,1,0,0,83,0,1162,0,1,26,228242,1960,0,84,0,0,0,LEADER,1,0,0,0,0,83
229830,42,adaptive-prasle,1591,1,0,0,83,0,1162,0,1,42,228239,1591,0,84,0,0,0,LEADER,1,0,0,0,0,83
229840,31,adaptive-prasle,1598,1,0,0,83,0,1162,0,1,31,228242,1598,0,84,0,0,0,LEADER,1,0,0,0,0,83
230597,94,adaptive-prasle,2355,1,0,0,83,0,1162,0,1,94,228242,2355,0,84,0,0,0,LEADER,1,0,0,0,0,83
230167,45,adaptive-prasle,1925,1,0,0,83,0,1162,0,1,45,228242,1925,0,84,0,0,0,LEADER,1,0,0,0,0,83
230540,60,adaptive-prasle,2298,1,0,0,83,0,1162,0,1,60,228242,2298,0,84,0,0,0,LEADER,1,0,0,0,0,83
230646,44,adaptive-prasle,1483,1,0,0,84,0,1176,0,1,44,229163,1483,0,85,0,0,0,LEADER,1,0,0,0,0,84
229894,51,adaptive-prasle,1652,1,0,0,83,0,1162,0,1,51,228242,1652,0,84,0,0,0,LEADER,1,0,0,0,0,83
230251,33,adaptive-prasle,2007,1,0,0,83,0,1162,0,1,33,228244,2007,0,84,0,0,0,LEADER,1,0,0,0,0,83
230294,16,adaptive-prasle,1805,1,0,0,20,16,280,224,6,5,228489,1805,0,7,0,0,0,NORMAL,0,0,0,0,0,20
230694,22,adaptive-prasle,1531,1,0,0,84,0,1176,0,1,22,229163,1531,0,85,0,0,0,LEADER,1,0,0,0,0,84
230406,72,adaptive-prasle,2162,1,0,0,83,0,1162,0,1,72,228244,2162,0,84,0,0,0,LEADER,1,0,0,0,0,83
230194,24,adaptive-prasle,1952,1,0,0,83,0,1162,0,1,24,228242,1952,0,84,0,0,0,LEADER,1,0,0,0,0,83
230726,32,adaptive-prasle,1564,1,0,0,84,0,1176,0,1,32,229162,1564,0,85,0,0,0,LEADER,1,0,0,0,0,84
229913,93,adaptive-prasle,1671,1,0,0,83,0,1162,0,1,93,228242,1671,0,84,0,0,0,LEADER,1,0,0,0,0,83
230572,79,adaptive-prasle,2331,1,0,0,83,0,1162,0,1,79,228241,2331,0,84,0,0,0,LEADER,1,0,0,0,0,83
230587,69,adaptive-prasle,2343,1,0,0,83,0,1162,0,1,69,228244,2343,0,84,0,0,0,LEADER,1,0,0,0,0,83
230267,75,adaptive-prasle,2025,1,0,0,83,0,1162,0,1,75,228242,2025,0,84,0,0,0,LEADER,1,0,0,0,0,83
229994,81,adaptive-prasle,1752,1,0,0,83,0,1162,0,1,81,228242,1752,0,84,0,0,0,LEADER,1,0,0,0,0,83
229852,52,adaptive-prasle,1610,1,0,0,83,0,1162,0,1,52,228242,1610,0,84,0,0,0,LEADER,1,0,0,0,0,83
230331,21,adaptive-prasle,2088,1,0,0,83,0,1162,0,1,21,228243,2088,0,84,0,0,0,LEADER,1,0,0,0,0,83
230507,29,adaptive-prasle,2265,1,0,0,83,0,1162,0,1,29,228242,2265,0,84,0,0,0,LEADER,1,0,0,0,0,83
230083,100,adaptive-prasle,1841,1,0,0,83,0,1162,0,1,100,228242,1841,0,84,0,0,0,LEADER,1,0,0,0,0,83
229928,61,adaptive-prasle,1686,1,0,0,83,0,1162,0,1,61,228242,1686,0,84,0,0,0,LEADER,1,0,0,0,0,83
230492,91,adaptive-prasle,2250,1,0,0,83,0,1162,0,1,91,228242,2250,0,84,0,0,0,LEADER,1,0,0,0,0,83
230452,37,adaptive-prasle,2210,1,0,0,83,0,1162,0,1,37,228242,2210,0,84,0,0,0,LEADER,1,0,0,0,0,83
229995,38,adaptive-prasle,1755,1,0,0,83,0,1162,0,1,38,228240,1755,0,84,0,0,0,LEADER,1,0,0,0,0,83
230661,98,adaptive-prasle,2419,1,0,0,83,0,1162,0,1,98,228242,2419,0,84,0,0,0,LEADER,1,0,0,0,0,83
230519,27,adaptive-prasle,2280,1,0,0,83,0,1162,0,1,27,228239,2280,0,84,0,0,0,LEADER,1,0,0,0,0,83
230370,62,adaptive-prasle,2128,1,0,0,83,0,1162,0,1,62,228242,2128,0,84,0,0,0,LEADER,1,0,0,0,0,83
230179,56,adaptive-prasle,1937,1,0,0,83,0,1162,0,1,56,228242,1937,0,84,0,0,0,LEADER,1,0,0,0,0,83
230565,99,adaptive-prasle,2328,1,0,0,83,0,1162,0,1,99,228237,2328,0,84,0,0,0,LEADER,1,0,0,0,0,83
230446,48,adaptive-prasle,2202,1,0,0,83,0,1162,0,1,48,228244,2202,0,84,0,0,0,LEADER,1,0,0,0,0,83
229961,71,adaptive-prasle,1719,1,0,0,83,0,1162,0,1,71,228242,1719,0,84,0,0,0,LEADER,1,0,0,0,0,83
230186,87,adaptive-prasle,1944,1,0,0,83,0,1162,0,1,87,228242,1944,0,84,0,0,0,LEADER,1,0,0,0,0,83
230112,36,adaptive-prasle,1870,1,0,0,83,0,1162,0,1,36,228242,1870,0,84,0,0,0,LEADER,1,0,0,0,0,83
230609,77,adaptive-prasle,1446,1,0,0,84,0,1176,0,1,77,229163,1446,0,85,0,0,0,LEADER,1,0,0,0,0,84
230802,83,adaptive-prasle,1637,1,0,0,84,0,1176,0,1,83,229165,1637,0,85,0,0,0,LEADER,1,0,0,0,0,84
230301,85,adaptive-prasle,2059,1,0,0,83,0,1162,0,1,85,228242,2059,0,84,0,0,0,LEADER,1,0,0,0,0,83
230830,19,adaptive-prasle,1667,1,0,0,84,0,1176,0,1,19,229163,1667,0,85,0,0,0,LEADER,1,0,0,0,0,84
230985,65,adaptive-prasle,1822,1,0,0,84,0,1176,0,1,65,229163,1822,0,85,0,0,0,LEADER,1,0,0,0,0,84
230591,35,adaptive-prasle,1428,1,0,0,84,0,1176,0,1,35,229163,1428,0,85,0,0,0,LEADER,1,0,0,0,0,84
230606,86,adaptive-prasle,1443,1,0,0,84,0,1176,0,1,86,229163,1443,0,85,0,0,0,LEADER,1,0,0,0,0,84
230648,50,adaptive-prasle,2406,1,0,0,83,0,1162,0,1,50,228242,2406,0,84,0,0,0,LEADER,1,0,0,0,0,83
230664,55,adaptive-prasle,1501,1,0,0,84,0,1176,0,1,55,229163,1501,0,85,0,0,0,LEADER,1,0,0,0,0,84
230703,63,adaptive-prasle,1540,1,0,0,84,0,1176,0,1,63,229163,1540,0,85,0,0,0,LEADER,1,0,0,0,0,84
231067,46,adaptive-prasle,1904,1,0,0,84,0,1176,0,1,46,229163,1904,0,85,0,0,0,LEADER,1,0,0,0,0,84
230862,53,adaptive-prasle,1701,1,0,0,84,0,1176,0,1,53,229161,1701,0,85,0,0,0,LEADER,1,0,0,0,0,84
230216,23,adaptive-prasle,1974,1,0,0,83,0,1162,0,1,23,228242,1974,0,84,0,0,0,LEADER,1,0,0,0,0,83
231085,88,adaptive-prasle,1922,1,0,0,84,0,1176,0,1,88,229163,1922,0,85,0,0,0,LEADER,1,0,0,0,0,84
230612,34,adaptive-prasle,1449,1,0,0,84,0,1176,0,1,34,229163,1449,0,85,0,0,0,LEADER,1,0,0,0,0,84
230221,97,adaptive-prasle,1977,1,0,0,83,0,1162,0,1,97,228244,1977,0,84,0,0,0,LEADER,1,0,0,0,0,83
230339,20,adaptive-prasle,2095,1,0,0,83,0,1162,0,1,20,228244,2095,0,84,0,0,0,LEADER,1,0,0,0,0,83
230419,40,adaptive-prasle,2177,1,0,0,83,0,1162,0,1,40,228242,2177,0,84,0,0,0,LEADER,1,0,0,0,0,83
230344,47,adaptive-prasle,2100,1,0,0,83,0,1162,0,1,47,228244,2100,0,84,0,0,0,LEADER,1,0,0,0,0,83
231255,95,adaptive-prasle,2092,1,0,0,84,0,1176,0,1,95,229163,2092,0,85,0,0,0,LEADER,1,0,0,0,0,84
230637,25,adaptive-prasle,2395,1,0,0,83,0,1162,0,1,25,228242,2395,0,84,0,0,0,LEADER,1,0,0,0,0,83
231243,84,adaptive-prasle,2080,1,0,0,84,0,1176,0,1,84,229163,2080,0,85,0,0,0,LEADER,1,0,0,0,0,84
230519,70,adaptive-prasle,2277,1,0,0,83,0,1162,0,1,70,228242,2277,0,84,0,0,0,LEADER,1,0,0,0,0,83
230437,82,adaptive-prasle,2195,1,0,0,83,0,1162,0,1,82,228242,2195,0,84,0,0,0,LEADER,1,0,0,0,0,83
230655,67,adaptive-prasle,2413,1,0,0,83,0,1162,0,1,67,228242,2413,0,84,0,0,0,LEADER,1,0,0,0,0,83
230607,89,adaptive-prasle,2365,1,0,0,83,0,1162,0,1,89,228242,2365,0,84,0,0,0,LEADER,1,0,0,0,0,83
231276,28,adaptive-prasle,2113,1,0,0,84,0,1176,0,1,28,229163,2113,0,85,0,0,0,LEADER,1,0,0,0,0,84
231020,68,adaptive-prasle,1855,1,0,0,84,0,1176,0,1,68,229165,1855,0,85,0,0,0,LEADER,1,0,0,0,0,84
230971,90,adaptive-prasle,1807,1,0,0,84,0,1176,0,1,90,229164,1807,0,85,0,0,0,LEADER,1,0,0,0,0,84
230631,76,adaptive-prasle,1468,1,0,0,84,0,1176,0,1,76,229163,1468,0,85,0,0,0,LEADER,1,0,0,0,0,84
230952,10,adaptive-prasle,1789,1,0,0,84,0,1176,0,1,10,229163,1789,0,85,0,0,0,LEADER,1,0,0,0,0,84
231384,58,adaptive-prasle,2221,1,0,0,84,0,1176,0,1,58,229163,2221,0,85,0,0,0,LEADER,1,0,0,0,0,84
230767,73,adaptive-prasle,1604,1,0,0,84,0,1176,0,1,73,229163,1604,0,85,0,0,0,LEADER,1,0,0,0,0,84
230507,59,adaptive-prasle,2265,1,0,0,83,0,1162,0,1,59,228242,2265,0,84,0,0,0,LEADER,1,0,0,0,0,83
230782,41,adaptive-prasle,1619,1,0,0,84,0,1176,0,1,41,229163,1619,0,85,0,0,0,LEADER,1,0,0,0,0,84
230697,96,adaptive-prasle,1534,1,0,0,84,0,1176,0,1,96,229163,1534,0,85,0,0,0,LEADER,1,0,0,0,0,84
230998,74,adaptive-prasle,1837,1,0,0,84,0,1176,0,1,74,229161,1837,0,85,0,0,0,LEADER,1,0,0,0,0,84
230930,49,adaptive-prasle,1767,1,0,0,84,0,1176,0,1,49,229163,1767,0,85,0,0,0,LEADER,1,0,0,0,0,84
231391,92,adaptive-prasle,2228,1,0,0,84,0,1176,0,1,92,229163,2228,0,85,0,0,0,LEADER,1,0,0,0,0,84
230599,66,adaptive-prasle,1434,1,0,0,84,0,1176,0,1,66,229165,1434,0,85,0,0,0,LEADER,1,0,0,0,0,84
231218,2,adaptive-prasle,1819,1,0,0,9,19,126,266,2,2,229399,1819,0,8,0,0,0,LEADER,1,0,0,0,0,9
230622,57,adaptive-prasle,2380,1,0,0,83,0,1162,0,1,57,228242,2380,0,84,0,0,0,LEADER,1,0,0,0,0,83
231423,78,adaptive-prasle,2260,1,0,0,84,0,1176,0,1,78,229163,2260,0,85,0,0,0,LEADER,1,0,0,0,0,84
230588,39,adaptive-prasle,2346,1,0,0,83,0,1162,0,1,39,228242,2346,0,84,0,0,0,LEADER,1,0,0,0,0,83
231306,30,adaptive-prasle,2143,1,0,0,84,0,1176,0,1,30,229163,2143,0,85,0,0,0,LEADER,1,0,0,0,0,84
230712,64,adaptive-prasle,1549,1,0,0,84,0,1176,0,1,64,229163,1549,0,85,0,0,0,LEADER,1,0,0,0,0,84
230937,80,adaptive-prasle,1774,1,0,0,84,0,1176,0,1,80,229163,1774,0,85,0,0,0,LEADER,1,0,0,0,0,84
230672,54,adaptive-prasle,1516,1,0,0,84,0,1176,0,1,54,229156,1516,0,85,0,0,0,LEADER,1,0,0,0,0,84
231203,43,adaptive-prasle,2040,1,0,0,84,0,1176,0,1,43,229163,2040,0,85,0,0,0,LEADER,1,0,0,0,0,84
231123,26,adaptive-prasle,1960,1,0,0,84,0,1176,0,1,26,229163,1960,0,85,0,0,0,LEADER,1,0,0,0,0,84
230751,42,adaptive-prasle,1591,1,0,0,84,0,1176,0,1,42,229160,1591,0,85,0,0,0,LEADER,1,0,0,0,0,84
230761,31,adaptive-prasle,1598,1,0,0,84,0,1176,0,1,31,229163,1598,0,85,0,0,0,LEADER,1,0,0,0,0,84
231518,94,adaptive-prasle,2355,1,0,0,84,0,1176,0,1,94,229163,2355,0,85,0,0,0,LEADER,1,0,0,0,0,84
231088,45,adaptive-prasle,1925,1,0,0,84,0,1176,0,1,45,229163,1925,0,85,0,0,0,LEADER,1,0,0,0,0,84
231461,60,adaptive-prasle,2298,1,0,0,84,0,1176,0,1,60,229163,2298,0,85,0,0,0,LEADER,1,0,0,0,0,84
231566,44,adaptive-prasle,1483,1,0,0,84,0,1176,0,1,44,230083,1483,0,85,0,0,0,LEADER,1,0,0,0,0,84
230815,51,adaptive-prasle,1652,1,0,0,84,0,1176,0,1,51,229163,1652,0,85,0,0,0,LEADER,1,0,0,0,0,84
231614,22,adaptive-prasle,1531,1,0,0,84,0,1176,0,1,22,230083,1531,0,85,0,0,0,LEADER,1,0,0,0,0,84
231172,33,adaptive-prasle,2007,1,0,0,84,0,1176,0,1,33,229165,2007,0,85,0,0,0,LEADER,1,0,0,0,0,84
231327,72,adaptive-prasle,2162,1,0,0,84,0,1176,0,1,72,229165,2162,0,85,0,0,0,LEADER,1,0,0,0,0,84
231115,24,adaptive-prasle,1952,1,0,0,84,0,1176,0,1,24,229163,1952,0,85,0,0,0,LEADER,1,0,0,0,0,84
231646,32,adaptive-prasle,1564,1,0,0,84,0,1176,0,1,32,230082,1564,0,85,0,0,0,LEADER,1,0,0,0,0,84
230834,93,adaptive-prasle,1671,1,0,0,84,0,1176,0,1,93,229163,1671,0,85,0,0,0,LEADER,1,0,0,0,0,84
231508,69,adaptive-prasle,2343,1,0,0,84,0,1176,0,1,69,229165,2343,0,85,0,0,0,LEADER,1,0,0,0,0,84
231493,79,adaptive-prasle,2331,1,0,0,84,0,1176,0,1,79,229162,2331,0,85,0,0,0,LEADER,1,0,0,0,0,84
231188,75,adaptive-prasle,2025,1,0,0,84,0,1176,0,1,75,229163,2025,0,85,0,0,0,LEADER,1,0,0,0,0,84
230915,81,adaptive-prasle,1752,1,0,0,84,0,1176,0,1,81,229163,1752,0,85,0,0,0,LEADER,1,0,0,0,0,84
230773,52,adaptive-prasle,1610,1,0,0,84,0,1176,0,1,52,229163,1610,0,85,0,0,0,LEADER,1,0,0,0,0,84
231252,21,adaptive-prasle,2088,1,0,0,84,0,1176,0,1,21,229164,2088,0,85,0,0,0,LEADER,1,0,0,0,0,84
231428,29,adaptive-prasle,2265,1,0,0,84,0,1176,0,1,29,229163,2265,0,85,0,0,0,LEADER,1,0,0,0,0,84
231004,100,adaptive-prasle,1841,1,0,0,84,0,1176,0,1,100,229163,1841,0,85,0,0,0,LEADER,1,0,0,0,0,84
230849,61,adaptive-prasle,1686,1,0,0,84,0,1176,0,1,61,229163,1686,0,85,0,0,0,LEADER,1,0,0,0,0,84
231413,91,adaptive-prasle,2250,1,0,0,84,0,1176,0,1,91,229163,2250,0,85,0,0,0,LEADER,1,0,0,0,0,84
231373,37,adaptive-prasle,2210,1,0,0,84,0,1176,0,1,37,229163,2210,0,85,0,0,0,LEADER,1,0,0,0,0,84
230916,38,adaptive-prasle,1755,1,0,0,84,0,1176,0,1,38,229161,1755,0,85,0,0,0,LEADER,1,0,0,0,0,84
231582,98,adaptive-prasle,2419,1,0,0,84,0,1176,0,1,98,229163,2419,0,85,0,0,0,LEADER,1,0,0,0,0,84
231440,27,adaptive-prasle,2280,1,0,0,84,0,1176,0,1,27,229160,2280,0,85,0,0,0,LEADER,1,0,0,0,0,84
231291,62,adaptive-prasle,2128,1,0,0,84,0,1176,0,1,62,229163,2128,0,85,0,0,0,LEADER,1,0,0,0,0,84
231100,56,adaptive-prasle,1937,1,0,0,84,0,1176,0,1,56,229163,1937,0,85,0,0,0,LEADER,1,0,0,0,0,84
231486,99,adaptive-prasle,2328,1,0,0,84,0,1176,0,1,99,229158,2328,0,85,0,0,0,LEADER,1,0,0,0,0,84
231736,1,adaptive-prasle,2022,1,0,0,8,9,112,126,1,1,229714,2022,0,9,0,0,0,LEADER,1,0,0,0,0,8
231367,48,adaptive-prasle,2202,1,0,0,84,0,1176,0,1,48,229165,2202,0,85,0,0,0,LEADER,1,0,0,0,0,84
230882,71,adaptive-prasle,1719,1,0,0,84,0,1176,0,1,71,229163,1719,0,85,0,0,0,LEADER,1,0,0,0,0,84
231107,87,adaptive-prasle,1944,1,0,0,84,0,1176,0,1,87,229163,1944,0,85,0,0,0,LEADER,1,0,0,0,0,84
231033,36,adaptive-prasle,1870,1,0,0,84,0,1176,0,1,36,229163,1870,0,85,0,0,0,LEADER,1,0,0,0,0,84
231529,77,adaptive-prasle,1446,1,0,0,84,0,1176,0,1,77,230083,1446,0,85,0,0,0,LEADER,1,0,0,0,0,84
231722,83,adaptive-prasle,1637,1,0,0,84,0,1176,0,1,83,230085,1637,0,85,0,0,0,LEADER,1,0,0,0,0,84
231222,85,adaptive-prasle,2059,1,0,0,84,0,1176,0,1,85,229163,2059,0,85,0,0,0,LEADER,1,0,0,0,0,84
231750,19,adaptive-prasle,1667,1,0,0,84,0,1176,0,1,19,230083,1667,0,85,0,0,0,LEADER,1,0,0,0,0,84
231905,65,adaptive-prasle,1822,1,0,0,84,0,1176,0,1,65,230083,1822,0,85,0,0,0,LEADER,1,0,0,0,0,84
231511,35,adaptive-prasle,1428,1,0,0,84,0,1176,0,1,35,230083,1428,0,85,0,0,0,LEADER,1,0,0,0,0,84
231526,86,adaptive-prasle,1443,1,0,0,84,0,1176,0,1,86,230083,1443,0,85,0,0,0,LEADER,1,0,0,0,0,84
231569,50,adaptive-prasle,2406,1,0,0,84,0,1176,0,1,50,229163,2406,0,85,0,0,0,LEADER,1,0,0,0,0,84
231584,55,adaptive-prasle,1501,1,0,0,84,0,1176,0,1,55,230083,1501,0,85,0,0,0,LEADER,1,0,0,0,0,84
231623,63,adaptive-prasle,1540,1,0,0,84,0,1176,0,1,63,230083,1540,0,85,0,0,0,LEADER,1,0,0,0,0,84
231987,46,adaptive-prasle,1904,1,0,0,84,0,1176,0,1,46,230083,1904,0,85,0,0,0,LEADER,1,0,0,0,0,84
231782,53,adaptive-prasle,1701,1,0,0,84,0,1176,0,1,53,230081,1701,0,85,0,0,0,LEADER,1,0,0,0,0,84
231137,23,adaptive-prasle,1974,1,0,0,84,0,1176,0,1,23,229163,1974,0,85,0,0,0,LEADER,1,0,0,0,0,84
232005,88,adaptive-prasle,1922,1,0,0,84,0,1176,0,1,88,230083,1922,0,85,0,0,0,LEADER,1,0,0,0,0,84
231532,34,adaptive-prasle,1449,1,0,0,84,0,1176,0,1,34,230083,1449,0,85,0,0,0,LEADER,1,0,0,0,0,84
231142,97,adaptive-prasle,1977,1,0,0,84,0,1176,0,1,97,229165,1977,0,85,0,0,0,LEADER,1,0,0,0,0,84
231260,20,adaptive-prasle,2095,1,0,0,84,0,1176,0,1,20,229165,2095,0,85,0,0,0,LEADER,1,0,0,0,0,84
231340,40,adaptive-prasle,2177,1,0,0,84,0,1176,0,1,40,229163,2177,0,85,0,0,0,LEADER,1,0,0,0,0,84
231265,47,adaptive-prasle,2100,1,0,0,84,0,1176,0,1,47,229165,2100,0,85,0,0,0,LEADER,1,0,0,0,0,84
232175,95,adaptive-prasle,2092,1,0,0,84,0,1176,0,1,95,230083,2092,0,85,0,0,0,LEADER,1,0,0,0,0,84
231558,25,adaptive-prasle,2395,1,0,0,84,0,1176,0,1,25,229163,2395,0,85,0,0,0,LEADER,1,0,0,0,0,84
232163,84,adaptive-prasle,2080,1,0,0,84,0,1176,0,1,84,230083,2080,0,85,0,0,0,LEADER,1,0,0,0,0,84
231440,70,adaptive-prasle,2277,1,0,0,84,0,1176,0,1,70,229163,2277,0,85,0,0,0,LEADER,1,0,0,0,0,84
231358,82,adaptive-prasle,2195,1,0,0,84,0,1176,0,1,82,229163,2195,0,85,0,0,0,LEADER,1,0,0,0,0,84
231576,67,adaptive-prasle,2413,1,0,0,84,0,1176,0,1,67,229163,2413,0,85,0,0,0,LEADER,1,0,0,0,0,84
231528,89,adaptive-prasle,2365,1,0,0,84,0,1176,0,1,89,229163,2365,0,85,0,0,0,LEADER,1,0,0,0,0,84
232196,28,adaptive-prasle,2113,1,0,0,84,0,1176,0,1,28,230083,2113,0,85,0,0,0,LEADER,1,0,0,0,0,84
231940,68,adaptive-prasle,1855,1,0,0,84,0,1176,0,1,68,230085,1855,0,85,0,0,0,LEADER,1,0,0,0,0,84
231891,90,adaptive-prasle,1807,1,0,0,84,0,1176,0,1,90,230084,1807,0,85,0,0,0,LEADER,1,0,0,0,0,84
231551,76,adaptive-prasle,1468,1,0,0,84,0,1176,0,1,76,230083,1468,0,85,0,0,0,LEADER,1,0,0,0,0,84
231872,10,adaptive-prasle,1789,1,0,0,84,0,1176,0,1,10,230083,1789,0,85,0,0,0,LEADER,1,0,0,0,0,84
232304,58,adaptive-prasle,2221,1,0,0,84,0,1176,0,1,58,230083,2221,0,85,0,0,0,LEADER,1,0,0,0,0,84
231687,73,adaptive-prasle,1604,1,0,0,84,0,1176,0,1,73,230083,1604,0,85,0,0,0,LEADER,1,0,0,0,0,84
231428,59,adaptive-prasle,2265,1,0,0,84,0,1176,0,1,59,229163,2265,0,85,0,0,0,LEADER,1,0,0,0,0,84
231702,41,adaptive-prasle,1619,1,0,0,84,0,1176,0,1,41,230083,1619,0,85,0,0,0,LEADER,1,0,0,0,0,84
231617,96,adaptive-prasle,1534,1,0,0,84,0,1176,0,1,96,230083,1534,0,85,0,0,0,LEADER,1,0,0,0,0,84
231850,49,adaptive-prasle,1767,1,0,0,84,0,1176,0,1,49,230083,1767,0,85,0,0,0,LEADER,1,0,0,0,0,84
231918,74,adaptive-prasle,1837,1,0,0,84,0,1176,0,1,74,230081,1837,0,85,0,0,0,LEADER,1,0,0,0,0,84
232311,92,adaptive-prasle,2228,1,0,0,84,0,1176,0,1,92,230083,2228,0,85,0,0,0,LEADER,1,0,0,0,0,84
231519,66,adaptive-prasle,1434,1,0,0,84,0,1176,0,1,66,230085,1434,0,85,0,0,0,LEADER,1,0,0,0,0,84
231543,57,adaptive-prasle,2380,1,0,0,84,0,1176,0,1,57,229163,2380,0,85,0,0,0,LEADER,1,0,0,0,0,84
232343,78,adaptive-prasle,2260,1,0,0,84,0,1176,0,1,78,230083,2260,0,85,0,0,0,LEADER,1,0,0,0,0,84
231509,39,adaptive-prasle,2346,1,0,0,84,0,1176,0,1,39,229163,2346,0,85,0,0,0,LEADER,1,0,0,0,0,84
232226,30,adaptive-prasle,2143,1,0,0,84,0,1176,0,1,30,230083,2143,0,85,0,0,0,LEADER,1,0,0,0,0,84
231632,64,adaptive-prasle,1549,1,0,0,84,0,1176,0,1,64,230083,1549,0,85,0,0,0,LEADER,1,0,0,0,0,84
231857,80,adaptive-prasle,1774,1,0,0,84,0,1176,0,1,80,230083,1774,0,85,0,0,0,LEADER,1,0,0,0,0,84
231592,54,adaptive-prasle,1516,1,0,0,84,0,1176,0,1,54,230076,1516,0,85,0,0,0,LEADER,1,0,0,0,0,84
232123,43,adaptive-prasle,2040,1,0,0,84,0,1176,0,1,43,230083,2040,0,85,0,0,0,LEADER,1,0,0,0,0,84
232043,26,adaptive-prasle,1960,1,0,0,84,0,1176,0,1,26,230083,1960,0,85,0,0,0,LEADER,1,0,0,0,0,84
231671,42,adaptive-prasle,1591,1,0,0,84,0,1176,0,1,42,230080,1591,0,85,0,0,0,LEADER,1,0,0,0,0,84
231681,31,adaptive-prasle,1598,1,0,0,84,0,1176,0,1,31,230083,1598,0,85,0,0,0,LEADER,1,0,0,0,0,84
232438,94,adaptive-prasle,2355,1,0,0,84,0,1176,0,1,94,230083,2355,0,85,0,0,0,LEADER,1,0,0,0,0,84
232008,45,adaptive-prasle,1925,1,0,0,84,0,1176,0,1,45,230083,1925,0,85,0,0,0,LEADER,1,0,0,0,0,84
232381,60,adaptive-prasle,2298,1,0,0,84,0,1176,0,1,60,230083,2298,0,85,0,0,0,LEADER,1,0,0,0,0,84
232486,44,adaptive-prasle,1483,1,0,0,84,0,1176,0,1,44,231003,1483,0,85,0,0,0,LEADER,1,0,0,0,0,84
231735,51,adaptive-prasle,1652,1,0,0,84,0,1176,0,1,51,230083,1652,0,85,0,0,0,LEADER,1,0,0,0,0,84
232534,22,adaptive-prasle,1531,1,0,0,84,0,1176,0,1,22,231003,1531,0,85,0,0,0,LEADER,1,0,0,0,0,84
232092,33,adaptive-prasle,2007,1,0,0,84,0,1176,0,1,33,230085,2007,0,85,0,0,0,LEADER,1,0,0,0,0,84
232247,72,adaptive-prasle,2162,1,0,0,84,0,1176,0,1,72,230085,2162,0,85,0,0,0,LEADER,1,0,0,0,0,84
232035,24,adaptive-prasle,1952,1,0,0,84,0,1176,0,1,24,230083,1952,0,85,0,0,0,LEADER,1,0,0,0,0,84
232566,32,adaptive-prasle,1564,1,0,0,84,0,1176,0,1,32,231002,1564,0,85,0,0,0,LEADER,1,0,0,0,0,84
231754,93,adaptive-prasle,1671,1,0,0,84,0,1176,0,1,93,230083,1671,0,85,0,0,0,LEADER,1,0,0,0,0,84
232413,79,adaptive-prasle,2331,1,0,0,84,0,1176,0,1,79,230082,2331,0,85,0,0,0,LEADER,1,0,0,0,0,84
232428,69,adaptive-prasle,2343,1,0,0,84,0,1176,0,1,69,230085,2343,0,85,0,0,0,LEADER,1,0,0,0,0,84
232108,75,adaptive-prasle,2025,1,0,0,84,0,1176,0,1,75,230083,2025,0,85,0,0,0,LEADER,1,0,0,0,0,84
231835,81,adaptive-prasle,1752,1,0,0,84,0,1176,0,1,81,230083,1752,0,85,0,0,0,LEADER,1,0,0,0,0,84
231693,52,adaptive-prasle,1610,1,0,0,84,0,1176,0,1,52,230083,1610,0,85,0,0,0,LEADER,1,0,0,0,0,84
232172,21,adaptive-prasle,2088,1,0,0,84,0,1176,0,1,21,230084,2088,0,85,0,0,0,LEADER,1,0,0,0,0,84
232348,29,adaptive-prasle,2265,1,0,0,84,0,1176,0,1,29,230083,2265,0,85,0,0,0,LEADER,1,0,0,0,0,84
231924,100,adaptive-prasle,1841,1,0,0,84,0,1176,0,1,100,230083,1841,0,85,0,0,0,LEADER,1,0,0,0,0,84
231769,61,adaptive-prasle,1686,1,0,0,84,0,1176,0,1,61,230083,1686,0,85,0,0,0,LEADER,1,0,0,0,0,84
232333,91,adaptive-prasle,2250,1,0,0,84,0,1176,0,1,91,230083,2250,0,85,0,0,0,LEADER,1,0,0,0,0,84
232293,37,adaptive-prasle,2210,1,0,0,84,0,1176,0,1,37,230083,2210,0,85,0,0,0,LEADER,1,0,0,0,0,84
231836,38,adaptive-prasle,1755,1,0,0,84,0,1176,0,1,38,230081,1755,0,85,0,0,0,LEADER,1,0,0,0,0,84
232502,98,adaptive-prasle,2419,1,0,0,84,0,1176,0,1,98,230083,2419,0,85,0,0,0,LEADER,1,0,0,0,0,84
232360,27,adaptive-prasle,2280,1,0,0,84,0,1176,0,1,27,230080,2280,0,85,0,0,0,LEADER,1,0,0,0,0,84
232211,62,adaptive-prasle,2128,1,0,0,84,0,1176,0,1,62,230083,2128,0,85,0,0,0,LEADER,1,0,0,0,0,84
232020,56,adaptive-prasle,1937,1,0,0,84,0,1176,0,1,56,230083,1937,0,85,0,0,0,LEADER,1,0,0,0,0,84
232406,99,adaptive-prasle,2328,1,0,0,84,0,1176,0,1,99,230078,2328,0,85,0,0,0,LEADER,1,0,0,0,0,84
232287,48,adaptive-prasle,2202,1,0,0,84,0,1176,0,1,48,230085,2202,0,85,0,0,0,LEADER,1,0,0,0,0,84
231802,71,adaptive-prasle,1719,1,0,0,84,0,1176,0,1,71,230083,1719,0,85,0,0,0,LEADER,1,0,0,0,0,84
232027,87,adaptive-prasle,1944,1,0,0,84,0,1176,0,1,87,230083,1944,0,85,0,0,0,LEADER,1,0,0,0,0,84
231953,36,adaptive-prasle,1870,1,0,0,84,0,1176,0,1,36,230083,1870,0,85,0,0,0,LEADER,1,0,0,0,0,84
232449,77,adaptive-prasle,1446,1,0,0,84,0,1176,0,1,77,231003,1446,0,85,0,0,0,LEADER,1,0,0,0,0,84
232642,83,adaptive-prasle,1637,1,0,0,84,0,1176,0,1,83,231005,1637,0,85,0,0,0,LEADER,1,0,0,0,0,84
232142,85,adaptive-prasle,2059,1,0,0,84,0,1176,0,1,85,230083,2059,0,85,0,0,0,LEADER,1,0,0,0,0,84
232670,19,adaptive-prasle,1667,1,0,0,84,0,1176,0,1,19,231003,1667,0,85,0,0,0,LEADER,1,0,0,0,0,84
232825,65,adaptive-prasle,1822,1,0,0,84,0,1176,0,1,65,231003,1822,0,85,0,0,0,LEADER,1,0,0,0,0,84
232431,35,adaptive-prasle,1428,1,0,0,84,0,1176,0,1,35,231003,1428,0,85,0,0,0,LEADER,1,0,0,0,0,84
232446,86,adaptive-prasle,1443,1,0,0,84,0,1176,0,1,86,231003,1443,0,85,0,0,0,LEADER,1,0,0,0,0,84
232489,50,adaptive-prasle,2406,1,0,0,84,0,1176,0,1,50,230083,2406,0,85,0,0,0,LEADER,1,0,0,0,0,84
232504,55,adaptive-prasle,1501,1,0,0,84,0,1176,0,1,55,231003,1501,0,85,0,0,0,LEADER,1,0,0,0,0,84
232543,63,adaptive-prasle,1540,1,0,0,84,0,1176,0,1,63,231003,1540,0,85,0,0,0,LEADER,1,0,0,0,0,84
232907,46,adaptive-prasle,1904,1,0,0,84,0,1176,0,1,46,231003,1904,0,85,0,0,0,LEADER,1,0,0,0,0,84
232702,53,adaptive-prasle,1701,1,0,0,84,0,1176,0,1,53,231001,1701,0,85,0,0,0,LEADER,1,0,0,0,0,84
232057,23,adaptive-prasle,1974,1,0,0,84,0,1176,0,1,23,230083,1974,0,85,0,0,0,LEADER,1,0,0,0,0,84
232925,88,adaptive-prasle,1922,1,0,0,84,0,1176,0,1,88,231003,1922,0,85,0,0,0,LEADER,1,0,0,0,0,84
232452,34,adaptive-prasle,1449,1,0,0,84,0,1176,0,1,34,231003,1449,0,85,0,0,0,LEADER,1,0,0,0,0,84
232062,97,adaptive-prasle,1977,1,0,0,84,0,1176,0,1,97,230085,1977,0,85,0,0,0,LEADER,1,0,0,0,0,84
232180,20,adaptive-prasle,2095,1,0,0,84,0,1176,0,1,20,230085,2095,0,85,0,0,0,LEADER,1,0,0,0,0,84
232260,40,adaptive-prasle,2177,1,0,0,84,0,1176,0,1,40,230083,2177,0,85,0,0,0,LEADER,1,0,0,0,0,84
232185,47,adaptive-prasle,2100,1,0,0,84,0,1176,0,1,47,230085,2100,0,85,0,0,0,LEADER,1,0,0,0,0,84
233095,95,adaptive-prasle,2092,1,0,0,84,0,1176,0,1,95,231003,2092,0,85,0,0,0,LEADER,1,0,0,0,0,84
232478,25,adaptive-prasle,2395,1,0,0,84,0,1176,0,1,25,230083,2395,0,85,0,0,0,LEADER,1,0,0,0,0,84
233083,84,adaptive-prasle,2080,1,0,0,84,0,1176,0,1,84,231003,2080,0,85,0,0,0,LEADER,1,0,0,0,0,84
232360,70,adaptive-prasle,2277,1,0,0,84,0,1176,0,1,70,230083,2277,0,85,0,0,0,LEADER,1,0,0,0,0,84
232278,82,adaptive-prasle,2195,1,0,0,84,0,1176,0,1,82,230083,2195,0,85,0,0,0,LEADER,1,0,0,0,0,84
232496,67,adaptive-prasle,2413,1,0,0,84,0,1176,0,1,67,230083,2413,0,85,0,0,0,LEADER,1,0,0,0,0,84
232448,89,adaptive-prasle,2365,1,0,0,84,0,1176,0,1,89,230083,2365,0,85,0,0,0,LEADER,1,0,0,0,0,84
233116,28,adaptive-prasle,2113,1,0,0,84,0,1176,0,1,28,231003,2113,0,85,0,0,0,LEADER,1,0,0,0,0,84
232860,68,adaptive-prasle,1855,1,0,0,84,0,1176,0,1,68,231005,1855,0,85,0,0,0,LEADER,1,0,0,0,0,84
232811,90,adaptive-prasle,1807,1,0,0,84,0,1176,0,1,90,231004,1807,0,85,0,0,0,LEADER,1,0,0,0,0,84
232471,76,adaptive-prasle,1468,1,0,0,84,0,1176,0,1,76,231003,1468,0,85,0,0,0,LEADER,1,0,0,0,0,84
232792,10,adaptive-prasle,1789,1,0,0,84,0,1176,0,1,10,231003,1789,0,85,0,0,0,LEADER,1,0,0,0,0,84
233224,58,adaptive-prasle,2221,1,0,0,84,0,1176,0,1,58,231003,2221,0,85,0,0,0,LEADER,1,0,0,0,0,84
232607,73,adaptive-prasle,1604,1,0,0,84,0,1176,0,1,73,231003,1604,0,85,0,0,0,LEADER,1,0,0,0,0,84
232348,59,adaptive-prasle,2265,1,0,0,84,0,1176,0,1,59,230083,2265,0,85,0,0,0,LEADER,1,0,0,0,0,84
232622,41,adaptive-prasle,1619,1,0,0,84,0,1176,0,1,41,231003,1619,0,85,0,0,0,LEADER,1,0,0,0,0,84
232537,96,adaptive-prasle,1534,1,0,0,84,0,1176,0,1,96,231003,1534,0,85,0,0,0,LEADER,1,0,0,0,0,84
232770,49,adaptive-prasle,1767,1,0,0,84,0,1176,0,1,49,231003,1767,0,85,0,0,0,LEADER,1,0,0,0,0,84
232838,74,adaptive-prasle,1837,1,0,0,84,0,1176,0,1,74,231001,1837,0,85,0,0,0,LEADER,1,0,0,0,0,84
232487,3,adaptive-prasle,1603,1,0,0,11,22,154,308,2,3,230884,1603,0,9,0,0,0,LEADER,1,0,0,0,0,11
233231,92,adaptive-prasle,2228,1,0,0,84,0,1176,0,1,92,231003,2228,0,85,0,0,0,LEADER,1,0,0,0,0,84
232439,66,adaptive-prasle,1434,1,0,0,84,0,1176,0,1,66,231005,1434,0,85,0,0,0,LEADER,1,0,0,0,0,84
232463,57,adaptive-prasle,2380,1,0,0,84,0,1176,0,1,57,230083,2380,0,85,0,0,0,LEADER,1,0,0,0,0,84
233263,78,adaptive-prasle,2260,1,0,0,84,0,1176,0,1,78,231003,2260,0,85,0,0,0,LEADER,1,0,0,0,0,84
232429,39,adaptive-prasle,2346,1,0,0,84,0,1176,0,1,39,230083,2346,0,85,0,0,0,LEADER,1,0,0,0,0,84
233146,30,adaptive-prasle,2143,1,0,0,84,0,1176,0,1,30,231003,2143,0,85,0,0,0,LEADER,1,0,0,0,0,84
232552,64,adaptive-prasle,1549,1,0,0,84,0,1176,0,1,64,231003,1549,0,85,0,0,0,LEADER,1,0,0,0,0,84
232777,80,adaptive-prasle,1774,1,0,0,84,0,1176,0,1,80,231003,1774,0,85,0,0,0,LEADER,1,0,0,0,0,84
232831,4,adaptive-prasle,2030,1,0,0,13,24,182,336,6,2,230801,2030,0,9,0,0,0,NORMAL,0,0,0,0,0,13
232512,54,adaptive-prasle,1516,1,0,0,84,0,1176,0,1,54,230996,1516,0,85,0,0,0,LEADER,1,0,0,0,0,84
233043,43,adaptive-prasle,2040,1,0,0,84,0,1176,0,1,43,231003,2040,0,85,0,0,0,LEADER,1,0,0,0,0,84
232963,26,adaptive-prasle,1960,1,0,0,84,0,1176,0,1,26,231003,1960,0,85,0,0,0,LEADER,1,0,0,0,0,84
232591,42,adaptive-prasle,1591,1,0,0,84,0,1176,0,1,42,231000,1591,0,85,0,0,0,LEADER,1,0,0,0,0,84
232601,31,adaptive-prasle,1598,1,0,0,84,0,1176,0,1,31,231003,1598,0,85,0,0,0,LEADER,1,0,0,0,0,84
233358,94,adaptive-prasle,2355,1,0,0,84,0,1176,0,1,94,231003,2355,0,85,0,0,0,LEADER,1,0,0,0,0,84
232928,45,adaptive-prasle,1925,1,0,0,84,0,1176,0,1,45,231003,1925,0,85,0,0,0,LEADER,1,0,0,0,0,84
233301,60,adaptive-prasle,2298,1,0,0,84,0,1176,0,1,60,231003,2298,0,85,0,0,0,LEADER,1,0,0,0,0,84
233407,44,adaptive-prasle,1483,1,0,0,85,0,1190,0,1,44,231924,1483,0,86,0,0,0,LEADER,1,0,0,0,0,85
232655,51,adaptive-prasle,1652,1,0,0,84,0,1176,0,1,51,231003,1652,0,85,0,0,0,LEADER,1,0,0,0,0,84
233012,33,adaptive-prasle,2007,1,0,0,84,0,1176,0,1,33,231005,2007,0,85,0,0,0,LEADER,1,0,0,0,0,84
233455,22,adaptive-prasle,1531,1,0,0,85,0,1190,0,1,22,231924,1531,0,86,0,0,0,LEADER,1,0,0,0,0,85
233167,72,adaptive-prasle,2162,1,0,0,84,0,1176,0,1,72,231005,2162,0,85,0,0,0,LEADER,1,0,0,0,0,84
232955,24,adaptive-prasle,1952,1,0,0,84,0,1176,0,1,24,231003,1952,0,85,0,0,0,LEADER,1,0,0,0,0,84
233487,32,adaptive-prasle,1564,1,0,0,85,0,1190,0,1,32,231923,1564,0,86,0,0,0,LEADER,1,0,0,0,0,85
232674,93,adaptive-prasle,1671,1,0,0,84,0,1176,0,1,93,231003,1671,0,85,0,0,0,LEADER,1,0,0,0,0,84
233333,79,adaptive-prasle,2331,1,0,0,84,0,1176,0,1,79,231002,2331,0,85,0,0,0,LEADER,1,0,0,0,0,84
233348,69,adaptive-prasle,2343,1,0,0,84,0,1176,0,1,69,231005,2343,0,85,0,0,0,LEADER,1,0,0,0,0,84
233028,75,adaptive-prasle,2025,1,0,0,84,0,1176,0,1,75,231003,2025,0,85,0,0,0,LEADER,1,0,0,0,0,84
232755,81,adaptive-prasle,1752,1,0,0,84,0,1176,0,1,81,231003,1752,0,85,0,0,0,LEADER,1,0,0,0,0,84
232613,52,adaptive-prasle,1610,1,0,0,84,0,1176,0,1,52,231003,1610,0,85,0,0,0,LEADER,1,0,0,0,0,84
233092,21,adaptive-prasle,2088,1,0,0,84,0,1176,0,1,21,231004,2088,0,85,0,0,0,LEADER,1,0,0,0,0,84
233268,29,adaptive-prasle,2265,1,0,0,84,0,1176,0,1,29,231003,2265,0,85,0,0,0,LEADER,1,0,0,0,0,84
232844,100,adaptive-prasle,1841,1,0,0,84,0,1176,0,1,100,231003,1841,0,85,0,0,0,LEADER,1,0,0,0,0,84
232689,61,adaptive-prasle,1686,1,0,0,84,0,1176,0,1,61,231003,1686,0,85,0,0,0,LEADER,1,0,0,0,0,84
233253,91,adaptive-prasle,2250,1,0,0,84,0,1176,0,1,91,231003,2250,0,85,0,0,0,LEADER,1,0,0,0,0,84
233213,37,adaptive-prasle,2210,1,0,0,84,0,1176,0,1,37,231003,2210,0,85,0,0,0,LEADER,1,0,0,0,0,84
232756,38,adaptive-prasle,1755,1,0,0,84,0,1176,0,1,38,231001,1755,0,85,0,0,0,LEADER,1,0,0,0,0,84
233422,98,adaptive-prasle,2419,1,0,0,84,0,1176,0,1,98,231003,2419,0,85,0,0,0,LEADER,1,0,0,0,0,84
233280,27,adaptive-prasle,2280,1,0,0,84,0,1176,0,1,27,231000,2280,0,85,0,0,0,LEADER,1,0,0,0,0,84
233131,62,adaptive-prasle,2128,1,0,0,84,0,1176,0,1,62,231003,2128,0,85,0,0,0,LEADER,1,0,0,0,0,84
232940,56,adaptive-prasle,1937,1,0,0,84,0,1176,0,1,56,231003,1937,0,85,0,0,0,LEADER,1,0,0,0,0,84
233326,99,adaptive-prasle,2328,1,0,0,84,0,1176,0,1,99,230998,2328,0,85,0,0,0,LEADER,1,0,0,0,0,84
233207,48,adaptive-prasle,2202,1,0,0,84,0,1176,0,1,48,231005,2202,0,85,0,0,0,LEADER,1,0,0,0,0,84
232722,71,adaptive-prasle,1719,1,0,0,84,0,1176,0,1,71,231003,1719,0,85,0,0,0,LEADER,1,0,0,0,0,84
232947,87,adaptive-prasle,1944,1,0,0,84,0,1176,0,1,87,231003,1944,0,85,0,0,0,LEADER,1,0,0,0,0,84
232873,36,adaptive-prasle,1870,1,0,0,84,0,1176,0,1,36,231003,1870,0,85,0,0,0,LEADER,1,0,0,0,0,84
233370,77,adaptive-prasle,1446,1,0,0,85,0,1190,0,1,77,231924,1446,0,86,0,0,0,LEADER,1,0,0,0,0,85
233563,83,adaptive-prasle,1637,1,0,0,85,0,1190,0,1,83,231926,1637,0,86,0,0,0,LEADER,1,0,0,0,0,85
233062,85,adaptive-prasle,2059,1,0,0,84,0,1176,0,1,85,231003,2059,0,85,0,0,0,LEADER,1,0,0,0,0,84
233591,19,adaptive-prasle,1667,1,0,0,85,0,1190,0,1,19,231924,1667,0,86,0,0,0,LEADER,1,0,0,0,0,85
233746,65,adaptive-prasle,1822,1,0,0,85,0,1190,0,1,65,231924,1822,0,86,0,0,0,LEADER,1,0,0,0,0,85
233352,35,adaptive-prasle,1428,1,0,0,85,0,1190,0,1,35,231924,1428,0,86,0,0,0,LEADER,1,0,0,0,0,85
233367,86,adaptive-prasle,1443,1,0,0,85,0,1190,0,1,86,231924,1443,0,86,0,0,0,LEADER,1,0,0,0,0,85
233409,50,adaptive-prasle,2406,1,0,0,84,0,1176,0,1,50,231003,2406,0,85,0,0,0,LEADER,1,0,0,0,0,84
233751,9,adaptive-prasle,1889,1,0,0,19,20,266,280,7,5,231862,1889,0,8,0,0,0,NORMAL,0,0,0,0,0,19
233425,55,adaptive-prasle,1501,1,0,0,85,0,1190,0,1,55,231924,1501,0,86,0,0,0,LEADER,1,0,0,0,0,85
233464,63,adaptive-prasle,1540,1,0,0,85,0,1190,0,1,63,231924,1540,0,86,0,0,0,LEADER,1,0,0,0,0,85
233828,46,adaptive-prasle,1904,1,0,0,85,0,1190,0,1,46,231924,1904,0,86,0,0,0,LEADER,1,0,0,0,0,85
233623,53,adaptive-prasle,1701,1,0,0,85,0,1190,0,1,53,231922,1701,0,86,0,0,0,LEADER,1,0,0,0,0,85
232977,23,adaptive-prasle,1974,1,0,0,84,0,1176,0,1,23,231003,1974,0,85,0,0,0,LEADER,1,0,0,0,0,84
233846,88,adaptive-prasle,1922,1,0,0,85,0,1190,0,1,88,231924,1922,0,86,0,0,0,LEADER,1,0,0,0,0,85
233373,34,adaptive-prasle,1449,1,0,0,85,0,1190,0,1,34,231924,1449,0,86,0,0,0,LEADER,1,0,0,0,0,85
232982,97,adaptive-prasle,1977,1,0,0,84,0,1176,0,1,97,231005,1977,0,85,0,0,0,LEADER,1,0,0,0,0,84
233100,20,adaptive-prasle,2095,1,0,0,84,0,1176,0,1,20,231005,2095,0,85,0,0,0,LEADER,1,0,0,0,0,84
233180,40,adaptive-prasle,2177,1,0,0,84,0,1176,0,1,40,231003,2177,0,85,0,0,0,LEADER,1,0,0,0,0,84
233105,47,adaptive-prasle,2100,1,0,0,84,0,1176,0,1,47,231005,2100,0,85,0,0,0,LEADER,1,0,0,0,0,84
234016,95,adaptive-prasle,2092,1,0,0,85,0,1190,0,1,95,231924,2092,0,86,0,0,0,LEADER,1,0,0,0,0,85
233398,25,adaptive-prasle,2395,1,0,0,84,0,1176,0,1,25,231003,2395,0,85,0,0,0,LEADER,1,0,0,0,0,84
234004,84,adaptive-prasle,2080,1,0,0,85,0,1190,0,1,84,231924,2080,0,86,0,0,0,LEADER,1,0,0,0,0,85
233280,70,adaptive-prasle,2277,1,0,0,84,0,1176,0,1,70,231003,2277,0,85,0,0,0,LEADER,1,0,0,0,0,84
233198,82,adaptive-prasle,2195,1,0,0,84,0,1176,0,1,82,231003,2195,0,85,0,0,0,LEADER,1,0,0,0,0,84
233416,67,adaptive-prasle,2413,1,0,0,84,0,1176,0,1,67,231003,2413,0,85,0,0,0,LEADER,1,0,0,0,0,84
233368,89,adaptive-prasle,2365,1,0,0,84,0,1176,0,1,89,231003,2365,0,85,0,0,0,LEADER,1,0,0,0,0,84
234037,28,adaptive-prasle,2113,1,0,0,85,0,1190,0,1,28,231924,2113,0,86,0,0,0,LEADER,1,0,0,0,0,85
233781,68,adaptive-prasle,1855,1,0,0,85,0,1190,0,1,68,231926,1855,0,86,0,0,0,LEADER,1,0,0,0,0,85
233732,90,adaptive-prasle,1807,1,0,0,85,0,1190,0,1,90,231925,1807,0,86,0,0,0,LEADER,1,0,0,0,0,85
233392,76,adaptive-prasle,1468,1,0,0,85,0,1190,0,1,76,231924,1468,0,86,0,0,0,LEADER,1,0,0,0,0,85
233713,10,adaptive-prasle,1789,1,0,0,85,0,1190,0,1,10,231924,1789,0,86,0,0,0,LEADER,1,0,0,0,0,85
234145,58,adaptive-prasle,2221,1,0,0,85,0,1190,0,1,58,231924,2221,0,86,0,0,0,LEADER,1,0,0,0,0,85
233528,73,adaptive-prasle,1604,1,0,0,85,0,1190,0,1,73,231924,1604,0,86,0,0,0,LEADER,1,0,0,0,0,85
233268,59,adaptive-prasle,2265,1,0,0,84,0,1176,0,1,59,231003,2265,0,85,0,0,0,LEADER,1,0,0,0,0,84
233543,41,adaptive-prasle,1619,1,0,0,85,0,1190,0,1,41,231924,1619,0,86,0,0,0,LEADER,1,0,0,0,0,85
233458,96,adaptive-prasle,1534,1,0,0,85,0,1190,0,1,96,231924,1534,0,86,0,0,0,LEADER,1,0,0,0,0,85
233759,74,adaptive-prasle,1837,1,0,0,85,0,1190,0,1,74,231922,1837,0,86,0,0,0,LEADER,1,0,0,0,0,85
233691,49,adaptive-prasle,1767,1,0,0,85,0,1190,0,1,49,231924,1767,0,86,0,0,0,LEADER,1,0,0,0,0,85
234152,92,adaptive-prasle,2228,1,0,0,85,0,1190,0,1,92,231924,2228,0,86,0,0,0,LEADER,1,0,0,0,0,85
233360,66,adaptive-prasle,1434,1,0,0,85,0,1190,0,1,66,231926,1434,0,86,0,0,0,LEADER,1,0,0,0,0,85
233383,57,adaptive-prasle,2380,1,0,0,84,0,1176,0,1,57,231003,2380,0,85,0,0,0,LEADER,1,0,0,0,0,84
233613,8,adaptive-prasle,2217,1,0,0,20,36,280,504,4,6,231396,2217,0,8,0,0,0,NORMAL,0,0,0,0,0,20
234184,78,adaptive-prasle,2260,1,0,0,85,0,1190,0,1,78,231924,2260,0,86,0,0,0,LEADER,1,0,0,0,0,85
233349,39,adaptive-prasle,2346,1,0,0,84,0,1176,0,1,39,231003,2346,0,85,0,0,0,LEADER,1,0,0,0,0,84
234067,30,adaptive-prasle,2143,1,0,0,85,0,1190,0,1,30,231924,2143,0,86,0,0,0,LEADER,1,0,0,0,0,85
233473,64,adaptive-prasle,1549,1,0,0,85,0,1190,0,1,64,231924,1549,0,86,0,0,0,LEADER,1,0,0,0,0,85
233698,80,adaptive-prasle,1774,1,0,0,85,0,1190,0,1,80,231924,1774,0,86,0,0,0,LEADER,1,0,0,0,0,85
233433,54,adaptive-prasle,1516,1,0,0,85,0,1190,0,1,54,231917,1516,0,86,0,0,0,LEADER,1,0,0,0,0,85
233964,43,adaptive-prasle,2040,1,0,0,85,0,1190,0,1,43,231924,2040,0,86,0,0,0,LEADER,1,0,0,0,0,85
233884,26,adaptive-prasle,1960,1,0,0,85,0,1190,0,1,26,231924,1960,0,86,0,0,0,LEADER,1,0,0,0,0,85
233512,42,adaptive-prasle,1591,1,0,0,85,0,1190,0,1,42,231921,1591,0,86,0,0,0,LEADER,1,0,0,0,0,85
233522,31,adaptive-prasle,1598,1,0,0,85,0,1190,0,1,31,231924,1598,0,86,0,0,0,LEADER,1,0,0,0,0,85
234279,94,adaptive-prasle,2355,1,0,0,85,0,1190,0,1,94,231924,2355,0,86,0,0,0,LEADER,1,0,0,0,0,85
233849,45,adaptive-prasle,1925,1,0,0,85,0,1190,0,1,45,231924,1925,0,86,0,0,0,LEADER,1,0,0,0,0,85
234222,60,adaptive-prasle,2298,1,0,0,85,0,1190,0,1,60,231924,2298,0,86,0,0,0,LEADER,1,0,0,0,0,85
234327,44,adaptive-prasle,1483,1,0,0,85,0,1190,0,1,44,232844,1483,0,86,0,0,0,LEADER,1,0,0,0,0,85
233576,51,adaptive-prasle,1652,1,0,0,85,0,1190,0,1,51,231924,1652,0,86,0,0,0,LEADER,1,0,0,0,0,85
234375,22,adaptive-prasle,1531,1,0,0,85,0,1190,0,1,22,232844,1531,0,86,0,0,0,LEADER,1,0,0,0,0,85
233933,33,adaptive-prasle,2007,1,0,0,85,0,1190,0,1,33,231926,2007,0,86,0,0,0,LEADER,1,0,0,0,0,85
234088,72,adaptive-prasle,2162,1,0,0,85,0,1190,0,1,72,231926,2162,0,86,0,0,0,LEADER,1,0,0,0,0,85
233876,24,adaptive-prasle,1952,1,0,0,85,0,1190,0,1,24,231924,1952,0,86,0,0,0,LEADER,1,0,0,0,0,85
234407,32,adaptive-prasle,1564,1,0,0,85,0,1190,0,1,32,232843,1564,0,86,0,0,0,LEADER,1,0,0,0,0,85
233595,93,adaptive-prasle,1671,1,0,0,85,0,1190,0,1,93,231924,1671,0,86,0,0,0,LEADER,1,0,0,0,0,85
234269,69,adaptive-prasle,2343,1,0,0,85,0,1190,0,1,69,231926,2343,0,86,0,0,0,LEADER,1,0,0,0,0,85
234254,79,adaptive-prasle,2331,1,0,0,85,0,1190,0,1,79,231923,2331,0,86,0,0,0,LEADER,1,0,0,0,0,85
233949,75,adaptive-prasle,2025,1,0,0,85,0,1190,0,1,75,231924,2025,0,86,0,0,0,LEADER,1,0,0,0,0,85
233676,81,adaptive-prasle,1752,1,0,0,85,0,1190,0,1,81,231924,1752,0,86,0,0,0,LEADER,1,0,0,0,0,85
233534,52,adaptive-prasle,1610,1,0,0,85,0,1190,0,1,52,231924,1610,0,86,0,0,0,LEADER,1,0,0,0,0,85
234013,21,adaptive-prasle,2088,1,0,0,85,0,1190,0,1,21,231925,2088,0,86,0,0,0,LEADER,1,0,0,0,0,85
234189,29,adaptive-prasle,2265,1,0,0,85,0,1190,0,1,29,231924,2265,0,86,0,0,0,LEADER,1,0,0,0,0,85
233765,100,adaptive-prasle,1841,1,0,0,85,0,1190,0,1,100,231924,1841,0,86,0,0,0,LEADER,1,0,0,0,0,85
233610,61,adaptive-prasle,1686,1,0,0,85,0,1190,0,1,61,231924,1686,0,86,0,0,0,LEADER,1,0,0,0,0,85
234174,91,adaptive-prasle,2250,1,0,0,85,0,1190,0,1,91,231924,2250,0,86,0,0,0,LEADER,1,0,0,0,0,85
234134,37,adaptive-prasle,2210,1,0,0,85,0,1190,0,1,37,231924,2210,0,86,0,0,0,LEADER,1,0,0,0,0,85
233677,38,adaptive-prasle,1755,1,0,0,85,0,1190,0,1,38,231922,1755,0,86,0,0,0,LEADER,1,0,0,0,0,85
234343,98,adaptive-prasle,2419,1,0,0,85,0,1190,0,1,98,231924,2419,0,86,0,0,0,LEADER,1,0,0,0,0,85
234201,27,adaptive-prasle,2280,1,0,0,85,0,1190,0,1,27,231921,2280,0,86,0,0,0,LEADER,1,0,0,0,0,85
234052,62,adaptive-prasle,2128,1,0,0,85,0,1190,0,1,62,231924,2128,0,86,0,0,0,LEADER,1,0,0,0,0,85
233861,56,adaptive-prasle,1937,1,0,0,85,0,1190,0,1,56,231924,1937,0,86,0,0,0,LEADER,1,0,0,0,0,85
234247,99,adaptive-prasle,2328,1,0,0,85,0,1190,0,1,99,231919,2328,0,86,0,0,0,LEADER,1,0,0,0,0,85
234128,48,adaptive-prasle,2202,1,0,0,85,0,1190,0,1,48,231926,2202,0,86,0,0,0,LEADER,1,0,0,0,0,85
233643,71,adaptive-prasle,1719,1,0,0,85,0,1190,0,1,71,231924,1719,0,86,0,0,0,LEADER,1,0,0,0,0,85
233868,87,adaptive-prasle,1944,1,0,0,85,0,1190,0,1,87,231924,1944,0,86,0,0,0,LEADER,1,0,0,0,0,85
233794,36,adaptive-prasle,1870,1,0,0,85,0,1190,0,1,36,231924,1870,0,86,0,0,0,LEADER,1,0,0,0,0,85
234290,77,adaptive-prasle,1446,1,0,0,85,0,1190,0,1,77,232844,1446,0,86,0,0,0,LEADER,1,0,0,0,0,85
234483,83,adaptive-prasle,1637,1,0,0,85,0,1190,0,1,83,232846,1637,0,86,0,0,0,LEADER,1,0,0,0,0,85
233983,85,adaptive-prasle,2059,1,0,0,85,0,1190,0,1,85,231924,2059,0,86,0,0,0,LEADER,1,0,0,0,0,85
234511,19,adaptive-prasle,1667,1,0,0,85,0,1190,0,1,19,232844,1667,0,86,0,0,0,LEADER,1,0,0,0,0,85
234666,65,adaptive-prasle,1822,1,0,0,85,0,1190,0,1,65,232844,1822,0,86,0,0,0,LEADER,1,0,0,0,0,85
234272,35,adaptive-prasle,1428,1,0,0,85,0,1190,0,1,35,232844,1428,0,86,0,0,0,LEADER,1,0,0,0,0,85
234287,86,adaptive-prasle,1443,1,0,0,85,0,1190,0,1,86,232844,1443,0,86,0,0,0,LEADER,1,0,0,0,0,85
234330,50,adaptive-prasle,2406,1,0,0,85,0,1190,0,1,50,231924,2406,0,86,0,0,0,LEADER,1,0,0,0,0,85
234345,55,adaptive-prasle,1501,1,0,0,85,0,1190,0,1,55,232844,1501,0,86,0,0,0,LEADER,1,0,0,0,0,85
234384,63,adaptive-prasle,1540,1,0,0,85,0,1190,0,1,63,232844,1540,0,86,0,0,0,LEADER,1,0,0,0,0,85
234748,46,adaptive-prasle,1904,1,0,0,85,0,1190,0,1,46,232844,1904,0,86,0,0,0,LEADER,1,0,0,0,0,85
234543,53,adaptive-prasle,1701,1,0,0,85,0,1190,0,1,53,232842,1701,0,86,0,0,0,LEADER,1,0,0,0,0,85
233898,23,adaptive-prasle,1974,1,0,0,85,0,1190,0,1,23,231924,1974,0,86,0,0,0,LEADER,1,0,0,0,0,85
234766,88,adaptive-prasle,1922,1,0,0,85,0,1190,0,1,88,232844,1922,0,86,0,0,0,LEADER,1,0,0,0,0,85
234293,34,adaptive-prasle,1449,1,0,0,85,0,1190,0,1,34,232844,1449,0,86,0,0,0,LEADER,1,0,0,0,0,85
233903,97,adaptive-prasle,1977,1,0,0,85,0,1190,0,1,97,231926,1977,0,86,0,0,0,LEADER,1,0,0,0,0,85
234021,20,adaptive-prasle,2095,1,0,0,85,0,1190,0,1,20,231926,2095,0,86,0,0,0,LEADER,1,0,0,0,0,85
234585,7,adaptive-prasle,1749,1,0,0,18,36,252,504,7,5,232836,1749,0,8,0,0,0,NORMAL,0,0,0,0,0,18
234101,40,adaptive-prasle,2177,1,0,0,85,0,1190,0,1,40,231924,2177,0,86,0,0,0,LEADER,1,0,0,0,0,85
234026,47,adaptive-prasle,2100,1,0,0,85,0,1190,0,1,47,231926,2100,0,86,0,0,0,LEADER,1,0,0,0,0,85
234936,95,adaptive-prasle,2092,1,0,0,85,0,1190,0,1,95,232844,2092,0,86,0,0,0,LEADER,1,0,0,0,0,85
234319,25,adaptive-prasle,2395,1,0,0,85,0,1190,0,1,25,231924,2395,0,86,0,0,0,LEADER,1,0,0,0,0,85
234924,84,adaptive-prasle,2080,1,0,0,85,0,1190,0,1,84,232844,2080,0,86,0,0,0,LEADER,1,0,0,0,0,85
234201,70,adaptive-prasle,2277,1,0,0,85,0,1190,0,1,70,231924,2277,0,86,0,0,0,LEADER,1,0,0,0,0,85
234119,82,adaptive-prasle,2195,1,0,0,85,0,1190,0,1,82,231924,2195,0,86,0,0,0,LEADER,1,0,0,0,0,85
234337,67,adaptive-prasle,2413,1,0,0,85,0,1190,0,1,67,231924,2413,0,86,0,0,0,LEADER,1,0,0,0,0,85
234289,89,adaptive-prasle,2365,1,0,0,85,0,1190,0,1,89,231924,2365,0,86,0,0,0,LEADER,1,0,0,0,0,85
234957,28,adaptive-prasle,2113,1,0,0,85,0,1190,0,1,28,232844,2113,0,86,0,0,0,LEADER,1,0,0,0,0,85
234701,68,adaptive-prasle,1855,1,0,0,85,0,1190,0,1,68,232846,1855,0,86,0,0,0,LEADER,1,0,0,0,0,85
234652,90,adaptive-prasle,1807,1,0,0,85,0,1190,0,1,90,232845,1807,0,86,0,0,0,LEADER,1,0,0,0,0,85
234312,76,adaptive-prasle,1468,1,0,0,85,0,1190,0,1,76,232844,1468,0,86,0,0,0,LEADER,1,0,0,0,0,85
234633,10,adaptive-prasle,1789,1,0,0,85,0,1190,0,1,10,232844,1789,0,86,0,0,0,LEADER,1,0,0,0,0,85
235065,58,adaptive-prasle,2221,1,0,0,85,0,1190,0,1,58,232844,2221,0,86,0,0,0,LEADER,1,0,0,0,0,85
234785,6,adaptive-prasle,1797,1,0,0,16,29,224,406,6,5,232988,1797,0,8,0,0,0,NORMAL,0,0,0,0,0,16
234448,73,adaptive-prasle,1604,1,0,0,85,0,1190,0,1,73,232844,1604,0,86,0,0,0,LEADER,1,0,0,0,0,85
234189,59,adaptive-prasle,2265,1,0,0,85,0,1190,0,1,59,231924,2265,0,86,0,0,0,LEADER,1,0,0,0,0,85
234986,11,adaptive-prasle,2055,1,0,0,12,8,168,112,4,11,232931,2055,0,9,0,0,0,LEADER,1,0,0,0,0,12
234463,41,adaptive-prasle,1619,1,0,0,85,0,1190,0,1,41,232844,1619,0,86,0,0,0,LEADER,1,0,0,0,0,85
234378,96,adaptive-prasle,1534,1,0,0,85,0,1190,0,1,96,232844,1534,0,86,0,0,0,LEADER,1,0,0,0,0,85
234679,74,adaptive-prasle,1837,1,0,0,85,0,1190,0,1,74,232842,1837,0,86,0,0,0,LEADER,1,0,0,0,0,85
234611,49,adaptive-prasle,1767,1,0,0,85,0,1190,0,1,49,232844,1767,0,86,0,0,0,LEADER,1,0,0,0,0,85
235072,92,adaptive-prasle,2228,1,0,0,85,0,1190,0,1,92,232844,2228,0,86,0,0,0,LEADER,1,0,0,0,0,85
234280,66,adaptive-prasle,1434,1,0,0,85,0,1190,0,1,66,232846,1434,0,86,0,0,0,LEADER,1,0,0,0,0,85
234304,57,adaptive-prasle,2380,1,0,0,85,0,1190,0,1,57,231924,2380,0,86,0,0,0,LEADER,1,0,0,0,0,85
235104,78,adaptive-prasle,2260,1,0,0,85,0,1190,0,1,78,232844,2260,0,86,0,0,0,LEADER,1,0,0,0,0,85
234270,39,adaptive-prasle,2346,1,0,0,85,0,1190,0,1,39,231924,2346,0,86,0,0,0,LEADER,1,0,0,0,0,85
234987,30,adaptive-prasle,2143,1,0,0,85,0,1190,0,1,30,232844,2143,0,86,0,0,0,LEADER,1,0,0,0,0,85
234393,64,adaptive-prasle,1549,1,0,0,85,0,1190,0,1,64,232844,1549,0,86,0,0,0,LEADER,1,0,0,0,0,85
234618,80,adaptive-prasle,1774,1,0,0,85,0,1190,0,1,80,232844,1774,0,86,0,0,0,LEADER,1,0,0,0,0,85
234353,54,adaptive-prasle,1516,1,0,0,85,0,1190,0,1,54,232837,1516,0,86,0,0,0,LEADER,1,0,0,0,0,85
234884,43,adaptive-prasle,2040,1,0,0,85,0,1190,0,1,43,232844,2040,0,86,0,0,0,LEADER,1,0,0,0,0,85
234804,26,adaptive-prasle,1960,1,0,0,85,0,1190,0,1,26,232844,1960,0,86,0,0,0,LEADER,1,0,0,0,0,85
234432,42,adaptive-prasle,1591,1,0,0,85,0,1190,0,1,42,232841,1591,0,86,0,0,0,LEADER,1,0,0,0,0,85
234442,31,adaptive-prasle,1598,1,0,0,85,0,1190,0,1,31,232844,1598,0,86,0,0,0,LEADER,1,0,0,0,0,85
235199,94,adaptive-prasle,2355,1,0,0,85,0,1190,0,1,94,232844,2355,0,86,0,0,0,LEADER,1,0,0,0,0,85
234769,45,adaptive-prasle,1925,1,0,0,85,0,1190,0,1,45,232844,1925,0,86,0,0,0,LEADER,1,0,0,0,0,85
235142,60,adaptive-prasle,2298,1,0,0,85,0,1190,0,1,60,232844,2298,0,86,0,0,0,LEADER,1,0,0,0,0,85
235247,44,adaptive-prasle,1483,1,0,0,85,0,1190,0,1,44,233764,1483,0,86,0,0,0,LEADER,1,0,0,0,0,85
234496,51,adaptive-prasle,1652,1,0,0,85,0,1190,0,1,51,232844,1652,0,86,0,0,0,LEADER,1,0,0,0,0,85
235295,22,adaptive-prasle,1531,1,0,0,85,0,1190,0,1,22,233764,1531,0,86,0,0,0,LEADER,1,0,0,0,0,85
234853,33,adaptive-prasle,2007,1,0,0,85,0,1190,0,1,33,232846,2007,0,86,0,0,0,LEADER,1,0,0,0,0,85
235008,72,adaptive-prasle,2162,1,0,0,85,0,1190,0,1,72,232846,2162,0,86,0,0,0,LEADER,1,0,0,0,0,85
234796,24,adaptive-prasle,1952,1,0,0,85,0,1190,0,1,24,232844,1952,0,86,0,0,0,LEADER,1,0,0,0,0,85
235327,32,adaptive-prasle,1564,1,0,0,85,0,1190,0,1,32,233763,1564,0,86,0,0,0,LEADER,1,0,0,0,0,85
234515,93,adaptive-prasle,1671,1,0,0,85,0,1190,0,1,93,232844,1671,0,86,0,0,0,LEADER,1,0,0,0,0,85
235189,69,adaptive-prasle,2343,1,0,0,85,0,1190,0,1,69,232846,2343,0,86,0,0,0,LEADER,1,0,0,0,0,85
235174,79,adaptive-prasle,2331,1,0,0,85,0,1190,0,1,79,232843,2331,0,86,0,0,0,LEADER,1,0,0,0,0,85
234869,75,adaptive-prasle,2025,1,0,0,85,0,1190,0,1,75,232844,2025,0,86,0,0,0,LEADER,1,0,0,0,0,85
234596,81,adaptive-prasle,1752,1,0,0,85,0,1190,0,1,81,232844,1752,0,86,0,0,0,LEADER,1,0,0,0,0,85
234454,52,adaptive-prasle,1610,1,0,0,85,0,1190,0,1,52,232844,1610,0,86,0,0,0,LEADER,1,0,0,0,0,85
234933,21,adaptive-prasle,2088,1,0,0,85,0,1190,0,1,21,232845,2088,0,86,0,0,0,LEADER,1,0,0,0,0,85
235109,29,adaptive-prasle,2265,1,0,0,85,0,1190,0,1,29,232844,2265,0,86,0,0,0,LEADER,1,0,0,0,0,85
234685,100,adaptive-prasle,1841,1,0,0,85,0,1190,0,1,100,232844,1841,0,86,0,0,0,LEADER,1,0,0,0,0,85
234530,61,adaptive-prasle,1686,1,0,0,85,0,1190,0,1,61,232844,1686,0,86,0,0,0,LEADER,1,0,0,0,0,85
235094,91,adaptive-prasle,2250,1,0,0,85,0,1190,0,1,91,232844,2250,0,86,0,0,0,LEADER,1,0,0,0,0,85
235054,37,adaptive-prasle,2210,1,0,0,85,0,1190,0,1,37,232844,2210,0,86,0,0,0,LEADER,1,0,0,0,0,85
234597,38,adaptive-prasle,1755,1,0,0,85,0,1190,0,1,38,232842,1755,0,86,0,0,0,LEADER,1,0,0,0,0,85
235263,98,adaptive-prasle,2419,1,0,0,85,0,1190,0,1,98,232844,2419,0,86,0,0,0,LEADER,1,0,0,0,0,85
235121,27,adaptive-prasle,2280,1,0,0,85,0,1190,0,1,27,232841,2280,0,86,0,0,0,LEADER,1,0,0,0,0,85
234972,62,adaptive-prasle,2128,1,0,0,85,0,1190,0,1,62,232844,2128,0,86,0,0,0,LEADER,1,0,0,0,0,85
234781,56,adaptive-prasle,1937,1,0,0,85,0,1190,0,1,56,232844,1937,0,86,0,0,0,LEADER,1,0,0,0,0,85
235167,99,adaptive-prasle,2328,1,0,0,85,0,1190,0,1,99,232839,2328,0,86,0,0,0,LEADER,1,0,0,0,0,85
235048,48,adaptive-prasle,2202,1,0,0,85,0,1190,0,1,48,232846,2202,0,86,0,0,0,LEADER,1,0,0,0,0,85
234563,71,adaptive-prasle,1719,1,0,0,85,0,1190,0,1,71,232844,1719,0,86,0,0,0,LEADER,1,0,0,0,0,85
234788,87,adaptive-prasle,1944,1,0,0,85,0,1190,0,1,87,232844,1944,0,86,0,0,0,LEADER,1,0,0,0,0,85
234714,36,adaptive-prasle,1870,1,0,0,85,0,1190,0,1,36,232844,1870,0,86,0,0,0,LEADER,1,0,0,0,0,85
235210,77,adaptive-prasle,1446,1,0,0,85,0,1190,0,1,77,233764,1446,0,86,0,0,0,LEADER,1,0,0,0,0,85
235403,83,adaptive-prasle,1637,1,0,0,85,0,1190,0,1,83,233766,1637,0,86,0,0,0,LEADER,1,0,0,0,0,85
234903,85,adaptive-prasle,2059,1,0,0,85,0,1190,0,1,85,232844,2059,0,86,0,0,0,LEADER,1,0,0,0,0,85
235431,19,adaptive-prasle,1667,1,0,0,85,0,1190,0,1,19,233764,1667,0,86,0,0,0,LEADER,1,0,0,0,0,85
235586,65,adaptive-prasle,1822,1,0,0,85,0,1190,0,1,65,233764,1822,0,86,0,0,0,LEADER,1,0,0,0,0,85
235192,35,adaptive-prasle,1428,1,0,0,85,0,1190,0,1,35,233764,1428,0,86,0,0,0,LEADER,1,0,0,0,0,85
235207,86,adaptive-prasle,1443,1,0,0,85,0,1190,0,1,86,233764,1443,0,86,0,0,0,LEADER,1,0,0,0,0,85
235250,50,adaptive-prasle,2406,1,0,0,85,0,1190,0,1,50,232844,2406,0,86,0,0,0,LEADER,1,0,0,0,0,85
235265,55,adaptive-prasle,1501,1,0,0,85,0,1190,0,1,55,233764,1501,0,86,0,0,0,LEADER,1,0,0,0,0,85
235304,63,adaptive-prasle,1540,1,0,0,85,0,1190,0,1,63,233764,1540,0,86,0,0,0,LEADER,1,0,0,0,0,85
235668,46,adaptive-prasle,1904,1,0,0,85,0,1190,0,1,46,233764,1904,0,86,0,0,0,LEADER,1,0,0,0,0,85
235463,53,adaptive-prasle,1701,1,0,0,85,0,1190,0,1,53,233762,1701,0,86,0,0,0,LEADER,1,0,0,0,0,85
234818,23,adaptive-prasle,1974,1,0,0,85,0,1190,0,1,23,232844,1974,0,86,0,0,0,LEADER,1,0,0,0,0,85
235686,88,adaptive-prasle,1922,1,0,0,85,0,1190,0,1,88,233764,1922,0,86,0,0,0,LEADER,1,0,0,0,0,85
235213,34,adaptive-prasle,1449,1,0,0,85,0,1190,0,1,34,233764,1449,0,86,0,0,0,LEADER,1,0,0,0,0,85
234823,97,adaptive-prasle,1977,1,0,0,85,0,1190,0,1,97,232846,1977,0,86,0,0,0,LEADER,1,0,0,0,0,85
234941,20,adaptive-prasle,2095,1,0,0,85,0,1190,0,1,20,232846,2095,0,86,0,0,0,LEADER,1,0,0,0,0,85
235021,40,adaptive-prasle,2177,1,0,0,85,0,1190,0,1,40,232844,2177,0,86,0,0,0,LEADER,1,0,0,0,0,85
234946,47,adaptive-prasle,2100,1,0,0,85,0,1190,0,1,47,232846,2100,0,86,0,0,0,LEADER,1,0,0,0,0,85
235856,95,adaptive-prasle,2092,1,0,0,85,0,1190,0,1,95,233764,2092,0,86,0,0,0,LEADER,1,0,0,0,0,85
235239,25,adaptive-prasle,2395,1,0,0,85,0,1190,0,1,25,232844,2395,0,86,0,0,0,LEADER,1,0,0,0,0,85
235844,84,adaptive-prasle,2080,1,0,0,85,0,1190,0,1,84,233764,2080,0,86,0,0,0,LEADER,1,0,0,0,0,85
235121,70,adaptive-prasle,2277,1,0,0,85,0,1190,0,1,70,232844,2277,0,86,0,0,0,LEADER,1,0,0,0,0,85
235039,82,adaptive-prasle,2195,1,0,0,85,0,1190,0,1,82,232844,2195,0,86,0,0,0,LEADER,1,0,0,0,0,85
235257,67,adaptive-prasle,2413,1,0,0,85,0,1190,0,1,67,232844,2413,0,86,0,0,0,LEADER,1,0,0,0,0,85
235209,89,adaptive-prasle,2365,1,0,0,85,0,1190,0,1,89,232844,2365,0,86,0,0,0,LEADER,1,0,0,0,0,85
235877,28,adaptive-prasle,2113,1,0,0,85,0,1190,0,1,28,233764,2113,0,86,0,0,0,LEADER,1,0,0,0,0,85
235621,68,adaptive-prasle,1855,1,0,0,85,0,1190,0,1,68,233766,1855,0,86,0,0,0,LEADER,1,0,0,0,0,85
235572,90,adaptive-prasle,1807,1,0,0,85,0,1190,0,1,90,233765,1807,0,86,0,0,0,LEADER,1,0,0,0,0,85
235232,76,adaptive-prasle,1468,1,0,0,85,0,1190,0,1,76,233764,1468,0,86,0,0,0,LEADER,1,0,0,0,0,85
235985,58,adaptive-prasle,2221,1,0,0,85,0,1190,0,1,58,233764,2221,0,86,0,0,0,LEADER,1,0,0,0,0,85
235553,10,adaptive-prasle,1789,1,0,0,85,0,1190,0,1,10,233764,1789,0,86,0,0,0,LEADER,1,0,0,0,0,85
235368,73,adaptive-prasle,1604,1,0,0,85,0,1190,0,1,73,233764,1604,0,86,0,0,0,LEADER,1,0,0,0,0,85
235109,59,adaptive-prasle,2265,1,0,0,85,0,1190,0,1,59,232844,2265,0,86,0,0,0,LEADER,1,0,0,0,0,85
235383,41,adaptive-prasle,1619,1,0,0,85,0,1190,0,1,41,233764,1619,0,86,0,0,0,LEADER,1,0,0,0,0,85
235298,96,adaptive-prasle,1534,1,0,0,85,0,1190,0,1,96,233764,1534,0,86,0,0,0,LEADER,1,0,0,0,0,85
235599,74,adaptive-prasle,1837,1,0,0,85,0,1190,0,1,74,233762,1837,0,86,0,0,0,LEADER,1,0,0,0,0,85
235531,49,adaptive-prasle,1767,1,0,0,85,0,1190,0,1,49,233764,1767,0,86,0,0,0,LEADER,1,0,0,0,0,85
236003,12,adaptive-prasle,1578,1,0,0,9,9,126,126,3,12,234425,1578,0,7,0,0,0,LEADER,1,0,0,0,0,9
235992,92,adaptive-prasle,2228,1,0,0,85,0,1190,0,1,92,233764,2228,0,86,0,0,0,LEADER,1,0,0,0,0,85
235200,66,adaptive-prasle,1434,1,0,0,85,0,1190,0,1,66,233766,1434,0,86,0,0,0,LEADER,1,0,0,0,0,85
235224,57,adaptive-prasle,2380,1,0,0,85,0,1190,0,1,57,232844,2380,0,86,0,0,0,LEADER,1,0,0,0,0,85
236024,78,adaptive-prasle,2260,1,0,0,85,0,1190,0,1,78,233764,2260,0,86,0,0,0,LEADER,1,0,0,0,0,85
235190,39,adaptive-prasle,2346,1,0,0,85,0,1190,0,1,39,232844,2346,0,86,0,0,0,LEADER,1,0,0,0,0,85
235907,30,adaptive-prasle,2143,1,0,0,85,0,1190,0,1,30,233764,2143,0,86,0,0,0,LEADER,1,0,0,0,0,85
235313,64,adaptive-prasle,1549,1,0,0,85,0,1190,0,1,64,233764,1549,0,86,0,0,0,LEADER,1,0,0,0,0,85
235538,80,adaptive-prasle,1774,1,0,0,85,0,1190,0,1,80,233764,1774,0,86,0,0,0,LEADER,1,0,0,0,0,85
235273,54,adaptive-prasle,1516,1,0,0,85,0,1190,0,1,54,233757,1516,0,86,0,0,0,LEADER,1,0,0,0,0,85
235804,43,adaptive-prasle,2040,1,0,0,85,0,1190,0,1,43,233764,2040,0,86,0,0,0,LEADER,1,0,0,0,0,85
235724,26,adaptive-prasle,1960,1,0,0,85,0,1190,0,1,26,233764,1960,0,86,0,0,0,LEADER,1,0,0,0,0,85
235352,42,adaptive-prasle,1591,1,0,0,85,0,1190,0,1,42,233761,1591,0,86,0,0,0,LEADER,1,0,0,0,0,85
235362,31,adaptive-prasle,1598,1,0,0,85,0,1190,0,1,31,233764,1598,0,86,0,0,0,LEADER,1,0,0,0,0,85
236119,94,adaptive-prasle,2355,1,0,0,85,0,1190,0,1,94,233764,2355,0,86,0,0,0,LEADER,1,0,0,0,0,85
235689,45,adaptive-prasle,1925,1,0,0,85,0,1190,0,1,45,233764,1925,0,86,0,0,0,LEADER,1,0,0,0,0,85
236062,60,adaptive-prasle,2298,1,0,0,85,0,1190,0,1,60,233764,2298,0,86,0,0,0,LEADER,1,0,0,0,0,85
236168,44,adaptive-prasle,1483,1,0,0,86,0,1204,0,1,44,234685,1483,0,87,0,0,0,LEADER,1,0,0,0,0,86
235416,51,adaptive-prasle,1652,1,0,0,85,0,1190,0,1,51,233764,1652,0,86,0,0,0,LEADER,1,0,0,0,0,85
235773,33,adaptive-prasle,2007,1,0,0,85,0,1190,0,1,33,233766,2007,0,86,0,0,0,LEADER,1,0,0,0,0,85
236216,22,adaptive-prasle,1531,1,0,0,86,0,1204,0,1,22,234685,1531,0,87,0,0,0,LEADER,1,0,0,0,0,86
235928,72,adaptive-prasle,2162,1,0,0,85,0,1190,0,1,72,233766,2162,0,86,0,0,0,LEADER,1,0,0,0,0,85
235716,24,adaptive-prasle,1952,1,0,0,85,0,1190,0,1,24,233764,1952,0,86,0,0,0,LEADER,1,0,0,0,0,85
236248,32,adaptive-prasle,1564,1,0,0,86,0,1204,0,1,32,234684,1564,0,87,0,0,0,LEADER,1,0,0,0,0,86
235435,93,adaptive-prasle,1671,1,0,0,85,0,1190,0,1,93,233764,1671,0,86,0,0,0,LEADER,1,0,0,0,0,85
236109,69,adaptive-prasle,2343,1,0,0,85,0,1190,0,1,69,233766,2343,0,86,0,0,0,LEADER,1,0,0,0,0,85
236094,79,adaptive-prasle,2331,1,0,0,85,0,1190,0,1,79,233763,2331,0,86,0,0,0,LEADER,1,0,0,0,0,85
235789,75,adaptive-prasle,2025,1,0,0,85,0,1190,0,1,75,233764,2025,0,86,0,0,0,LEADER,1,0,0,0,0,85
235516,81,adaptive-prasle,1752,1,0,0,85,0,1190,0,1,81,233764,1752,0,86,0,0,0,LEADER,1,0,0,0,0,85
235374,52,adaptive-prasle,1610,1,0,0,85,0,1190,0,1,52,233764,1610,0,86,0,0,0,LEADER,1,0,0,0,0,85
235853,21,adaptive-prasle,2088,1,0,0,85,0,1190,0,1,21,233765,2088,0,86,0,0,0,LEADER,1,0,0,0,0,85
236029,29,adaptive-prasle,2265,1,0,0,85,0,1190,0,1,29,233764,2265,0,86,0,0,0,LEADER,1,0,0,0,0,85
235605,100,adaptive-prasle,1841,1,0,0,85,0,1190,0,1,100,233764,1841,0,86,0,0,0,LEADER,1,0,0,0,0,85
235450,61,adaptive-prasle,1686,1,0,0,85,0,1190,0,1,61,233764,1686,0,86,0,0,0,LEADER,1,0,0,0,0,85
236014,91,adaptive-prasle,2250,1,0,0,85,0,1190,0,1,91,233764,2250,0,86,0,0,0,LEADER,1,0,0,0,0,85
235974,37,adaptive-prasle,2210,1,0,0,85,0,1190,0,1,37,233764,2210,0,86,0,0,0,LEADER,1,0,0,0,0,85
235517,38,adaptive-prasle,1755,1,0,0,85,0,1190,0,1,38,233762,1755,0,86,0,0,0,LEADER,1,0,0,0,0,85
236183,98,adaptive-prasle,2419,1,0,0,85,0,1190,0,1,98,233764,2419,0,86,0,0,0,LEADER,1,0,0,0,0,85
236041,27,adaptive-prasle,2280,1,0,0,85,0,1190,0,1,27,233761,2280,0,86,0,0,0,LEADER,1,0,0,0,0,85
235892,62,adaptive-prasle,2128,1,0,0,85,0,1190,0,1,62,233764,2128,0,86,0,0,0,LEADER,1,0,0,0,0,85
235701,56,adaptive-prasle,1937,1,0,0,85,0,1190,0,1,56,233764,1937,0,86,0,0,0,LEADER,1,0,0,0,0,85
236087,99,adaptive-prasle,2328,1,0,0,85,0,1190,0,1,99,233759,2328,0,86,0,0,0,LEADER,1,0,0,0,0,85
235968,48,adaptive-prasle,2202,1,0,0,85,0,1190,0,1,48,233766,2202,0,86,0,0,0,LEADER,1,0,0,0,0,85
235483,71,adaptive-prasle,1719,1,0,0,85,0,1190,0,1,71,233764,1719,0,86,0,0,0,LEADER,1,0,0,0,0,85
235708,87,adaptive-prasle,1944,1,0,0,85,0,1190,0,1,87,233764,1944,0,86,0,0,0,LEADER,1,0,0,0,0,85
235634,36,adaptive-prasle,1870,1,0,0,85,0,1190,0,1,36,233764,1870,0,86,0,0,0,LEADER,1,0,0,0,0,85
236131,77,adaptive-prasle,1446,1,0,0,86,0,1204,0,1,77,234685,1446,0,87,0,0,0,LEADER,1,0,0,0,0,86
236324,83,adaptive-prasle,1637,1,0,0,86,0,1204,0,1,83,234687,1637,0,87,0,0,0,LEADER,1,0,0,0,0,86
235823,85,adaptive-prasle,2059,1,0,0,85,0,1190,0,1,85,233764,2059,0,86,0,0,0,LEADER,1,0,0,0,0,85
236352,19,adaptive-prasle,1667,1,0,0,86,0,1204,0,1,19,234685,1667,0,87,0,0,0,LEADER,1,0,0,0,0,86
236507,65,adaptive-prasle,1822,1,0,0,86,0,1204,0,1,65,234685,1822,0,87,0,0,0,LEADER,1,0,0,0,0,86
236113,35,adaptive-prasle,1428,1,0,0,86,0,1204,0,1,35,234685,1428,0,87,0,0,0,LEADER,1,0,0,0,0,86
236128,86,adaptive-prasle,1443,1,0,0,86,0,1204,0,1,86,234685,1443,0,87,0,0,0,LEADER,1,0,0,0,0,86
236170,50,adaptive-prasle,2406,1,0,0,85,0,1190,0,1,50,233764,2406,0,86,0,0,0,LEADER,1,0,0,0,0,85
236186,55,adaptive-prasle,1501,1,0,0,86,0,1204,0,1,55,234685,1501,0,87,0,0,0,LEADER,1,0,0,0,0,86
236225,63,adaptive-prasle,1540,1,0,0,86,0,1204,0,1,63,234685,1540,0,87,0,0,0,LEADER,1,0,0,0,0,86
236589,46,adaptive-prasle,1904,1,0,0,86,0,1204,0,1,46,234685,1904,0,87,0,0,0,LEADER,1,0,0,0,0,86
236384,53,adaptive-prasle,1701,1,0,0,86,0,1204,0,1,53,234683,1701,0,87,0,0,0,LEADER,1,0,0,0,0,86
235738,23,adaptive-prasle,1974,1,0,0,85,0,1190,0,1,23,233764,1974,0,86,0,0,0,LEADER,1,0,0,0,0,85
236607,88,adaptive-prasle,1922,1,0,0,86,0,1204,0,1,88,234685,1922,0,87,0,0,0,LEADER,1,0,0,0,0,86
236134,34,adaptive-prasle,1449,1,0,0,86,0,1204,0,1,34,234685,1449,0,87,0,0,0,LEADER,1,0,0,0,0,86
235743,97,adaptive-prasle,1977,1,0,0,85,0,1190,0,1,97,233766,1977,0,86,0,0,0,LEADER,1,0,0,0,0,85
235861,20,adaptive-prasle,2095,1,0,0,85,0,1190,0,1,20,233766,2095,0,86,0,0,0,LEADER,1,0,0,0,0,85
235941,40,adaptive-prasle,2177,1,0,0,85,0,1190,0,1,40,233764,2177,0,86,0,0,0,LEADER,1,0,0,0,0,85
235866,47,adaptive-prasle,2100,1,0,0,85,0,1190,0,1,47,233766,2100,0,86,0,0,0,LEADER,1,0,0,0,0,85
236777,95,adaptive-prasle,2092,1,0,0,86,0,1204,0,1,95,234685,2092,0,87,0,0,0,LEADER,1,0,0,0,0,86
236159,25,adaptive-prasle,2395,1,0,0,85,0,1190,0,1,25,233764,2395,0,86,0,0,0,LEADER,1,0,0,0,0,85
236765,84,adaptive-prasle,2080,1,0,0,86,0,1204,0,1,84,234685,2080,0,87,0,0,0,LEADER,1,0,0,0,0,86
236041,70,adaptive-prasle,2277,1,0,0,85,0,1190,0,1,70,233764,2277,0,86,0,0,0,LEADER,1,0,0,0,0,85
235959,82,adaptive-prasle,2195,1,0,0,85,0,1190,0,1,82,233764,2195,0,86,0,0,0,LEADER,1,0,0,0,0,85
236177,67,adaptive-prasle,2413,1,0,0,85,0,1190,0,1,67,233764,2413,0,86,0,0,0,LEADER,1,0,0,0,0,85
236129,89,adaptive-prasle,2365,1,0,0,85,0,1190,0,1,89,233764,2365,0,86,0,0,0,LEADER,1,0,0,0,0,85
236798,28,adaptive-prasle,2113,1,0,0,86,0,1204,0,1,28,234685,2113,0,87,0,0,0,LEADER,1,0,0,0,0,86
236542,68,adaptive-prasle,1855,1,0,0,86,0,1204,0,1,68,234687,1855,0,87,0,0,0,LEADER,1,0,0,0,0,86
236493,90,adaptive-prasle,1807,1,0,0,86,0,1204,0,1,90,234686,1807,0,87,0,0,0,LEADER,1,0,0,0,0,86
236153,76,adaptive-prasle,1468,1,0,0,86,0,1204,0,1,76,234685,1468,0,87,0,0,0,LEADER,1,0,0,0,0,86
236474,10,adaptive-prasle,1789,1,0,0,86,0,1204,0,1,10,234685,1789,0,87,0,0,0,LEADER,1,0,0,0,0,86
236906,58,adaptive-prasle,2221,1,0,0,86,0,1204,0,1,58,234685,2221,0,87,0,0,0,LEADER,1,0,0,0,0,86
236289,73,adaptive-prasle,1604,1,0,0,86,0,1204,0,1,73,234685,1604,0,87,0,0,0,LEADER,1,0,0,0,0,86
236029,59,adaptive-prasle,2265,1,0,0,85,0,1190,0,1,59,233764,2265,0,86,0,0,0,LEADER,1,0,0,0,0,85
236304,41,adaptive-prasle,1619,1,0,0,86,0,1204,0,1,41,234685,1619,0,87,0,0,0,LEADER,1,0,0,0,0,86
236219,96,adaptive-prasle,1534,1,0,0,86,0,1204,0,1,96,234685,1534,0,87,0,0,0,LEADER,1,0,0,0,0,86
236520,74,adaptive-prasle,1837,1,0,0,86,0,1204,0,1,74,234683,1837,0,87,0,0,0,LEADER,1,0,0,0,0,86
236452,49,adaptive-prasle,1767,1,0,0,86,0,1204,0,1,49,234685,1767,0,87,0,0,0,LEADER,1,0,0,0,0,86
236913,92,adaptive-prasle,2228,1,0,0,86,0,1204,0,1,92,234685,2228,0,87,0,0,0,LEADER,1,0,0,0,0,86
236121,66,adaptive-prasle,1434,1,0,0,86,0,1204,0,1,66,234687,1434,0,87,0,0,0,LEADER,1,0,0,0,0,86
236144,57,adaptive-prasle,2380,1,0,0,85,0,1190,0,1,57,233764,2380,0,86,0,0,0,LEADER,1,0,0,0,0,85
236945,78,adaptive-prasle,2260,1,0,0,86,0,1204,0,1,78,234685,2260,0,87,0,0,0,LEADER,1,0,0,0,0,86
236110,39,adaptive-prasle,2346,1,0,0,85,0,1190,0,1,39,233764,2346,0,86,0,0,0,LEADER,1,0,0,0,0,85
236828,30,adaptive-prasle,2143,1,0,0,86,0,1204,0,1,30,234685,2143,0,87,0,0,0,LEADER,1,0,0,0,0,86
236234,64,adaptive-prasle,1549,1,0,0,86,0,1204,0,1,64,234685,1549,0,87,0,0,0,LEADER,1,0,0,0,0,86
236459,80,adaptive-prasle,1774,1,0,0,86,0,1204,0,1,80,234685,1774,0,87,0,0,0,LEADER,1,0,0,0,0,86
236194,54,adaptive-prasle,1516,1,0,0,86,0,1204,0,1,54,234678,1516,0,87,0,0,0,LEADER,1,0,0,0,0,86
236725,43,adaptive-prasle,2040,1,0,0,86,0,1204,0,1,43,234685,2040,0,87,0,0,0,LEADER,1,0,0,0,0,86
236645,26,adaptive-prasle,1960,1,0,0,86,0,1204,0,1,26,234685,1960,0,87,0,0,0,LEADER,1,0,0,0,0,86
236273,42,adaptive-prasle,1591,1,0,0,86,0,1204,0,1,42,234682,1591,0,87,0,0,0,LEADER,1,0,0,0,0,86
236283,31,adaptive-prasle,1598,1,0,0,86,0,1204,0,1,31,234685,1598,0,87,0,0,0,LEADER,1,0,0,0,0,86
237040,94,adaptive-prasle,2355,1,0,0,86,0,1204,0,1,94,234685,2355,0,87,0,0,0,LEADER,1,0,0,0,0,86
236610,45,adaptive-prasle,1925,1,0,0,86,0,1204,0,1,45,234685,1925,0,87,0,0,0,LEADER,1,0,0,0,0,86
236983,60,adaptive-prasle,2298,1,0,0,86,0,1204,0,1,60,234685,2298,0,87,0,0,0,LEADER,1,0,0,0,0,86
237088,44,adaptive-prasle,1483,1,0,0,86,0,1204,0,1,44,235605,1483,0,87,0,0,0,LEADER,1,0,0,0,0,86
236337,51,adaptive-prasle,1652,1,0,0,86,0,1204,0,1,51,234685,1652,0,87,0,0,0,LEADER,1,0,0,0,0,86
237136,22,adaptive-prasle,1531,1,0,0,86,0,1204,0,1,22,235605,1531,0,87,0,0,0,LEADER,1,0,0,0,0,86
236694,33,adaptive-prasle,2007,1,0,0,86,0,1204,0,1,33,234687,2007,0,87,0,0,0,LEADER,1,0,0,0,0,86
236849,72,adaptive-prasle,2162,1,0,0,86,0,1204,0,1,72,234687,2162,0,87,0,0,0,LEADER,1,0,0,0,0,86
236637,24,adaptive-prasle,1952,1,0,0,86,0,1204,0,1,24,234685,1952,0,87,0,0,0,LEADER,1,0,0,0,0,86
237168,32,adaptive-prasle,1564,1,0,0,86,0,1204,0,1,32,235604,1564,0,87,0,0,0,LEADER,1,0,0,0,0,86
236356,93,adaptive-prasle,1671,1,0,0,86,0,1204,0,1,93,234685,1671,0,87,0,0,0,LEADER,1,0,0,0,0,86
237030,69,adaptive-prasle,2343,1,0,0,86,0,1204,0,1,69,234687,2343,0,87,0,0,0,LEADER,1,0,0,0,0,86
237015,79,adaptive-prasle,2331,1,0,0,86,0,1204,0,1,79,234684,2331,0,87,0,0,0,LEADER,1,0,0,0,0,86
236710,75,adaptive-prasle,2025,1,0,0,86,0,1204,0,1,75,234685,2025,0,87,0,0,0,LEADER,1,0,0,0,0,86
236437,81,adaptive-prasle,1752,1,0,0,86,0,1204,0,1,81,234685,1752,0,87,0,0,0,LEADER,1,0,0,0,0,86
236295,52,adaptive-prasle,1610,1,0,0,86,0,1204,0,1,52,234685,1610,0,87,0,0,0,LEADER,1,0,0,0,0,86
236774,21,adaptive-prasle,2088,1,0,0,86,0,1204,0,1,21,234686,2088,0,87,0,0,0,LEADER,1,0,0,0,0,86
236950,29,adaptive-prasle,2265,1,0,0,86,0,1204,0,1,29,234685,2265,0,87,0,0,0,LEADER,1,0,0,0,0,86
236526,100,adaptive-prasle,1841,1,0,0,86,0,1204,0,1,100,234685,1841,0,87,0,0,0,LEADER,1,0,0,0,0,86
236371,61,adaptive-prasle,1686,1,0,0,86,0,1204,0,1,61,234685,1686,0,87,0,0,0,LEADER,1,0,0,0,0,86
236935,91,adaptive-prasle,2250,1,0,0,86,0,1204,0,1,91,234685,2250,0,87,0,0,0,LEADER,1,0,0,0,0,86
236895,37,adaptive-prasle,2210,1,0,0,86,0,1204,0,1,37,234685,2210,0,87,0,0,0,LEADER,1,0,0,0,0,86
236438,38,adaptive-prasle,1755,1,0,0,86,0,1204,0,1,38,234683,1755,0,87,0,0,0,LEADER,1,0,0,0,0,86
237104,98,adaptive-prasle,2419,1,0,0,86,0,1204,0,1,98,234685,2419,0,87,0,0,0,LEADER,1,0,0,0,0,86
236962,27,adaptive-prasle,2280,1,0,0,86,0,1204,0,1,27,234682,2280,0,87,0,0,0,LEADER,1,0,0,0,0,86
236813,62,adaptive-prasle,2128,1,0,0,86,0,1204,0,1,62,234685,2128,0,87,0,0,0,LEADER,1,0,0,0,0,86
236622,56,adaptive-prasle,1937,1,0,0,86,0,1204,0,1,56,234685,1937,0,87,0,0,0,LEADER,1,0,0,0,0,86
237008,99,adaptive-prasle,2328,1,0,0,86,0,1204,0,1,99,234680,2328,0,87,0,0,0,LEADER,1,0,0,0,0,86
236889,48,adaptive-prasle,2202,1,0,0,86,0,1204,0,1,48,234687,2202,0,87,0,0,0,LEADER,1,0,0,0,0,86
236404,71,adaptive-prasle,1719,1,0,0,86,0,1204,0,1,71,234685,1719,0,87,0,0,0,LEADER,1,0,0,0,0,86
236629,87,adaptive-prasle,1944,1,0,0,86,0,1204,0,1,87,234685,1944,0,87,0,0,0,LEADER,1,0,0,0,0,86
236555,36,adaptive-prasle,1870,1,0,0,86,0,1204,0,1,36,234685,1870,0,87,0,0,0,LEADER,1,0,0,0,0,86
237051,77,adaptive-prasle,1446,1,0,0,86,0,1204,0,1,77,235605,1446,0,87,0,0,0,LEADER,1,0,0,0,0,86
237244,83,adaptive-prasle,1637,1,0,0,86,0,1204,0,1,83,235607,1637,0,87,0,0,0,LEADER,1,0,0,0,0,86
236744,85,adaptive-prasle,2059,1,0,0,86,0,1204,0,1,85,234685,2059,0,87,0,0,0,LEADER,1,0,0,0,0,86
237272,19,adaptive-prasle,1667,1,0,0,86,0,1204,0,1,19,235605,1667,0,87,0,0,0,LEADER,1,0,0,0,0,86
237427,65,adaptive-prasle,1822,1,0,0,86,0,1204,0,1,65,235605,1822,0,87,0,0,0,LEADER,1,0,0,0,0,86
237033,35,adaptive-prasle,1428,1,0,0,86,0,1204,0,1,35,235605,1428,0,87,0,0,0,LEADER,1,0,0,0,0,86
237048,86,adaptive-prasle,1443,1,0,0,86,0,1204,0,1,86,235605,1443,0,87,0,0,0,LEADER,1,0,0,0,0,86
237091,50,adaptive-prasle,2406,1,0,0,86,0,1204,0,1,50,234685,2406,0,87,0,0,0,LEADER,1,0,0,0,0,86
237106,55,adaptive-prasle,1501,1,0,0,86,0,1204,0,1,55,235605,1501,0,87,0,0,0,LEADER,1,0,0,0,0,86
237123,17,adaptive-prasle,1782,1,0,0,17,18,238,252,3,17,235341,1782,0,7,0,0,0,LEADER,1,0,0,0,0,17
237145,63,adaptive-prasle,1540,1,0,0,86,0,1204,0,1,63,235605,1540,0,87,0,0,0,LEADER,1,0,0,0,0,86
237481,18,adaptive-prasle,2226,1,0,0,25,20,350,280,3,18,235255,2226,0,7,0,0,0,LEADER,1,0,0,0,0,25
237509,46,adaptive-prasle,1904,1,0,0,86,0,1204,0,1,46,235605,1904,0,87,0,0,0,LEADER,1,0,0,0,0,86
237304,53,adaptive-prasle,1701,1,0,0,86,0,1204,0,1,53,235603,1701,0,87,0,0,0,LEADER,1,0,0,0,0,86
236659,23,adaptive-prasle,1974,1,0,0,86,0,1204,0,1,23,234685,1974,0,87,0,0,0,LEADER,1,0,0,0,0,86
237527,88,adaptive-prasle,1922,1,0,0,86,0,1204,0,1,88,235605,1922,0,87,0,0,0,LEADER,1,0,0,0,0,86
237054,34,adaptive-prasle,1449,1,0,0,86,0,1204,0,1,34,235605,1449,0,87,0,0,0,LEADER,1,0,0,0,0,86
236664,97,adaptive-prasle,1977,1,0,0,86,0,1204,0,1,97,234687,1977,0,87,0,0,0,LEADER,1,0,0,0,0,86
236782,20,adaptive-prasle,2095,1,0,0,86,0,1204,0,1,20,234687,2095,0,87,0,0,0,LEADER,1,0,0,0,0,86
236862,40,adaptive-prasle,2177,1,0,0,86,0,1204,0,1,40,234685,2177,0,87,0,0,0,LEADER,1,0,0,0,0,86
236787,47,adaptive-prasle,2100,1,0,0,86,0,1204,0,1,47,234687,2100,0,87,0,0,0,LEADER,1,0,0,0,0,86
237697,95,adaptive-prasle,2092,1,0,0,86,0,1204,0,1,95,235605,2092,0,87,0,0,0,LEADER,1,0,0,0,0,86
237080,25,adaptive-prasle,2395,1,0,0,86,0,1204,0,1,25,234685,2395,0,87,0,0,0,LEADER,1,0,0,0,0,86
237685,84,adaptive-prasle,2080,1,0,0,86,0,1204,0,1,84,235605,2080,0,87,0,0,0,LEADER,1,0,0,0,0,86
236962,70,adaptive-prasle,2277,1,0,0,86,0,1204,0,1,70,234685,2277,0,87,0,0,0,LEADER,1,0,0,0,0,86
236880,82,adaptive-prasle,2195,1,0,0,86,0,1204,0,1,82,234685,2195,0,87,0,0,0,LEADER,1,0,0,0,0,86
237098,67,adaptive-prasle,2413,1,0,0,86,0,1204,0,1,67,234685,2413,0,87,0,0,0,LEADER,1,0,0,0,0,86
237050,89,adaptive-prasle,2365,1,0,0,86,0,1204,0,1,89,234685,2365,0,87,0,0,0,LEADER,1,0,0,0,0,86
237718,28,adaptive-prasle,2113,1,0,0,86,0,1204,0,1,28,235605,2113,0,87,0,0,0,LEADER,1,0,0,0,0,86
237462,68,adaptive-prasle,1855,1,0,0,86,0,1204,0,1,68,235607,1855,0,87,0,0,0,LEADER,1,0,0,0,0,86
237504,5,adaptive-prasle,2338,1,0,0,13,29,182,406,7,5,235166,2338,0,9,0,0,0,LEADER,1,0,0,0,0,13
237413,90,adaptive-prasle,1807,1,0,0,86,0,1204,0,1,90,235606,1807,0,87,0,0,0,LEADER,1,0,0,0,0,86
237073,76,adaptive-prasle,1468,1,0,0,86,0,1204,0,1,76,235605,1468,0,87,0,0,0,LEADER,1,0,0,0,0,86
237394,10,adaptive-prasle,1789,1,0,0,86,0,1204,0,1,10,235605,1789,0,87,0,0,0,LEADER,1,0,0,0,0,86
237826,58,adaptive-prasle,2221,1,0,0,86,0,1204,0,1,58,235605,2221,0,87,0,0,0,LEADER,1,0,0,0,0,86
237209,73,adaptive-prasle,1604,1,0,0,86,0,1204,0,1,73,235605,1604,0,87,0,0,0,LEADER,1,0,0,0,0,86
236950,59,adaptive-prasle,2265,1,0,0,86,0,1204,0,1,59,234685,2265,0,87,0,0,0,LEADER,1,0,0,0,0,86
237224,41,adaptive-prasle,1619,1,0,0,86,0,1204,0,1,41,235605,1619,0,87,0,0,0,LEADER,1,0,0,0,0,86
237139,96,adaptive-prasle,1534,1,0,0,86,0,1204,0,1,96,235605,1534,0,87,0,0,0,LEADER,1,0,0,0,0,86
237440,74,adaptive-prasle,1837,1,0,0,86,0,1204,0,1,74,235603,1837,0,87,0,0,0,LEADER,1,0,0,0,0,86
237372,49,adaptive-prasle,1767,1,0,0,86,0,1204,0,1,49,235605,1767,0,87,0,0,0,LEADER,1,0,0,0,0,86
237833,92,adaptive-prasle,2228,1,0,0,86,0,1204,0,1,92,235605,2228,0,87,0,0,0,LEADER,1,0,0,0,0,86
237041,66,adaptive-prasle,1434,1,0,0,86,0,1204,0,1,66,235607,1434,0,87,0,0,0,LEADER,1,0,0,0,0,86
237065,57,adaptive-prasle,2380,1,0,0,86,0,1204,0,1,57,234685,2380,0,87,0,0,0,LEADER,1,0,0,0,0,86
237865,78,adaptive-prasle,2260,1,0,0,86,0,1204,0,1,78,235605,2260,0,87,0,0,0,LEADER,1,0,0,0,0,86
237031,39,adaptive-prasle,2346,1,0,0,86,0,1204,0,1,39,234685,2346,0,87,0,0,0,LEADER,1,0,0,0,0,86
237748,30,adaptive-prasle,2143,1,0,0,86,0,1204,0,1,30,235605,2143,0,87,0,0,0,LEADER,1,0,0,0,0,86
237154,64,adaptive-prasle,1549,1,0,0,86,0,1204,0,1,64,235605,1549,0,87,0,0,0,LEADER,1,0,0,0,0,86
237379,80,adaptive-prasle,1774,1,0,0,86,0,1204,0,1,80,235605,1774,0,87,0,0,0,LEADER,1,0,0,0,0,86
237114,54,adaptive-prasle,1516,1,0,0,86,0,1204,0,1,54,235598,1516,0,87,0,0,0,LEADER,1,0,0,0,0,86
237645,43,adaptive-prasle,2040,1,0,0,86,0,1204,0,1,43,235605,2040,0,87,0,0,0,LEADER,1,0,0,0,0,86
237565,26,adaptive-prasle,1960,1,0,0,86,0,1204,0,1,26,235605,1960,0,87,0,0,0,LEADER,1,0,0,0,0,86
237193,42,adaptive-prasle,1591,1,0,0,86,0,1204,0,1,42,235602,1591,0,87,0,0,0,LEADER,1,0,0,0,0,86
237203,31,adaptive-prasle,1598,1,0,0,86,0,1204,0,1,31,235605,1598,0,87,0,0,0,LEADER,1,0,0,0,0,86
237960,94,adaptive-prasle,2355,1,0,0,86,0,1204,0,1,94,235605,2355,0,87,0,0,0,LEADER,1,0,0,0,0,86
237530,45,adaptive-prasle,1925,1,0,0,86,0,1204,0,1,45,235605,1925,0,87,0,0,0,LEADER,1,0,0,0,0,86
237903,60,adaptive-prasle,2298,1,0,0,86,0,1204,0,1,60,235605,2298,0,87,0,0,0,LEADER,1,0,0,0,0,86
238008,44,adaptive-prasle,1483,1,0,0,86,0,1204,0,1,44,236525,1483,0,87,0,0,0,LEADER,1,0,0,0,0,86
237257,51,adaptive-prasle,1652,1,0,0,86,0,1204,0,1,51,235605,1652,0,87,0,0,0,LEADER,1,0,0,0,0,86
238056,22,adaptive-prasle,1531,1,0,0,86,0,1204,0,1,22,236525,1531,0,87,0,0,0,LEADER,1,0,0,0,0,86
237614,33,adaptive-prasle,2007,1,0,0,86,0,1204,0,1,33,235607,2007,0,87,0,0,0,LEADER,1,0,0,0,0,86
237769,72,adaptive-prasle,2162,1,0,0,86,0,1204,0,1,72,235607,2162,0,87,0,0,0,LEADER,1,0,0,0,0,86
237557,24,adaptive-prasle,1952,1,0,0,86,0,1204,0,1,24,235605,1952,0,87,0,0,0,LEADER,1,0,0,0,0,86
238088,32,adaptive-prasle,1564,1,0,0,86,0,1204,0,1,32,236524,1564,0,87,0,0,0,LEADER,1,0,0,0,0,86
237276,93,adaptive-prasle,1671,1,0,0,86,0,1204,0,1,93,235605,1671,0,87,0,0,0,LEADER,1,0,0,0,0,86
237935,79,adaptive-prasle,2331,1,0,0,86,0,1204,0,1,79,235604,2331,0,87,0,0,0,LEADER,1,0,0,0,0,86
237950,69,adaptive-prasle,2343,1,0,0,86,0,1204,0,1,69,235607,2343,0,87,0,0,0,LEADER,1,0,0,0,0,86
237630,75,adaptive-prasle,2025,1,0,0,86,0,1204,0,1,75,235605,2025,0,87,0,0,0,LEADER,1,0,0,0,0,86
237357,81,adaptive-prasle,1752,1,0,0,86,0,1204,0,1,81,235605,1752,0,87,0,0,0,LEADER,1,0,0,0,0,86
237215,52,adaptive-prasle,1610,1,0,0,86,0,1204,0,1,52,235605,1610,0,87,0,0,0,LEADER,1,0,0,0,0,86
237694,21,adaptive-prasle,2088,1,0,0,86,0,1204,0,1,21,235606,2088,0,87,0,0,0,LEADER,1,0,0,0,0,86
237870,29,adaptive-prasle,2265,1,0,0,86,0,1204,0,1,29,235605,2265,0,87,0,0,0,LEADER,1,0,0,0,0,86
237446,100,adaptive-prasle,1841,1,0,0,86,0,1204,0,1,100,235605,1841,0,87,0,0,0,LEADER,1,0,0,0,0,86
237291,61,adaptive-prasle,1686,1,0,0,86,0,1204,0,1,61,235605,1686,0,87,0,0,0,LEADER,1,0,0,0,0,86
237855,91,adaptive-prasle,2250,1,0,0,86,0,1204,0,1,91,235605,2250,0,87,0,0,0,LEADER,1,0,0,0,0,86
237815,37,adaptive-prasle,2210,1,0,0,86,0,1204,0,1,37,235605,2210,0,87,0,0,0,LEADER,1,0,0,0,0,86
237358,38,adaptive-prasle,1755,1,0,0,86,0,1204,0,1,38,235603,1755,0,87,0,0,0,LEADER,1,0,0,0,0,86
238024,98,adaptive-prasle,2419,1,0,0,86,0,1204,0,1,98,235605,2419,0,87,0,0,0,LEADER,1,0,0,0,0,86
237882,27,adaptive-prasle,2280,1,0,0,86,0,1204,0,1,27,235602,2280,0,87,0,0,0,LEADER,1,0,0,0,0,86
237733,62,adaptive-prasle,2128,1,0,0,86,0,1204,0,1,62,235605,2128,0,87,0,0,0,LEADER,1,0,0,0,0,86
237542,56,adaptive-prasle,1937,1,0,0,86,0,1204,0,1,56,235605,1937,0,87,0,0,0,LEADER,1,0,0,0,0,86
237928,99,adaptive-prasle,2328,1,0,0,86,0,1204,0,1,99,235600,2328,0,87,0,0,0,LEADER,1,0,0,0,0,86
237809,48,adaptive-prasle,2202,1,0,0,86,0,1204,0,1,48,235607,2202,0,87,0,0,0,LEADER,1,0,0,0,0,86
237324,71,adaptive-prasle,1719,1,0,0,86,0,1204,0,1,71,235605,1719,0,87,0,0,0,LEADER,1,0,0,0,0,86
237549,87,adaptive-prasle,1944,1,0,0,86,0,1204,0,1,87,235605,1944,0,87,0,0,0,LEADER,1,0,0,0,0,86
237475,36,adaptive-prasle,1870,1,0,0,86,0,1204,0,1,36,235605,1870,0,87,0,0,0,LEADER,1,0,0,0,0,86
237971,77,adaptive-prasle,1446,1,0,0,86,0,1204,0,1,77,236525,1446,0,87,0,0,0,LEADER,1,0,0,0,0,86
238164,83,adaptive-prasle,1637,1,0,0,86,0,1204,0,1,83,236527,1637,0,87,0,0,0,LEADER,1,0,0,0,0,86
237664,85,adaptive-prasle,2059,1,0,0,86,0,1204,0,1,85,235605,2059,0,87,0,0,0,LEADER,1,0,0,0,0,86
238192,19,adaptive-prasle,1667,1,0,0,86,0,1204,0,1,19,236525,1667,0,87,0,0,0,LEADER,1,0,0,0,0,86
238347,65,adaptive-prasle,1822,1,0,0,86,0,1204,0,1,65,236525,1822,0,87,0,0,0,LEADER,1,0,0,0,0,86
237953,35,adaptive-prasle,1428,1,0,0,86,0,1204,0,1,35,236525,1428,0,87,0,0,0,LEADER,1,0,0,0,0,86
237968,86,adaptive-prasle,1443,1,0,0,86,0,1204,0,1,86,236525,1443,0,87,0,0,0,LEADER,1,0,0,0,0,86
238011,50,adaptive-prasle,2406,1,0,0,86,0,1204,0,1,50,235605,2406,0,87,0,0,0,LEADER,1,0,0,0,0,86
238026,55,adaptive-prasle,1501,1,0,0,86,0,1204,0,1,55,236525,1501,0,87,0,0,0,LEADER,1,0,0,0,0,86
238065,63,adaptive-prasle,1540,1,0,0,86,0,1204,0,1,63,236525,1540,0,87,0,0,0,LEADER,1,0,0,0,0,86
238429,46,adaptive-prasle,1904,1,0,0,86,0,1204,0,1,46,236525,1904,0,87,0,0,0,LEADER,1,0,0,0,0,86
238224,53,adaptive-prasle,1701,1,0,0,86,0,1204,0,1,53,236523,1701,0,87,0,0,0,LEADER,1,0,0,0,0,86
237579,23,adaptive-prasle,1974,1,0,0,86,0,1204,0,1,23,235605,1974,0,87,0,0,0,LEADER,1,0,0,0,0,86
238447,88,adaptive-prasle,1922,1,0,0,86,0,1204,0,1,88,236525,1922,0,87,0,0,0,LEADER,1,0,0,0,0,86
237974,34,adaptive-prasle,1449,1,0,0,86,0,1204,0,1,34,236525,1449,0,87,0,0,0,LEADER,1,0,0,0,0,86
237584,97,adaptive-prasle,1977,1,0,0,86,0,1204,0,1,97,235607,1977,0,87,0,0,0,LEADER,1,0,0,0,0,86
237702,20,adaptive-prasle,2095,1,0,0,86,0,1204,0,1,20,235607,2095,0,87,0,0,0,LEADER,1,0,0,0,0,86
237782,40,adaptive-prasle,2177,1,0,0,86,0,1204,0,1,40,235605,2177,0,87,0,0,0,LEADER,1,0,0,0,0,86
237707,47,adaptive-prasle,2100,1,0,0,86,0,1204,0,1,47,235607,2100,0,87,0,0,0,LEADER,1,0,0,0,0,86
238617,95,adaptive-prasle,2092,1,0,0,86,0,1204,0,1,95,236525,2092,0,87,0,0,0,LEADER,1,0,0,0,0,86
238000,25,adaptive-prasle,2395,1,0,0,86,0,1204,0,1,25,235605,2395,0,87,0,0,0,LEADER,1,0,0,0,0,86
238605,84,adaptive-prasle,2080,1,0,0,86,0,1204,0,1,84,236525,2080,0,87,0,0,0,LEADER,1,0,0,0,0,86
237882,70,adaptive-prasle,2277,1,0,0,86,0,1204,0,1,70,235605,2277,0,87,0,0,0,LEADER,1,0,0,0,0,86
237800,82,adaptive-prasle,2195,1,0,0,86,0,1204,0,1,82,235605,2195,0,87,0,0,0,LEADER,1,0,0,0,0,86
238018,67,adaptive-prasle,2413,1,0,0,86,0,1204,0,1,67,235605,2413,0,87,0,0,0,LEADER,1,0,0,0,0,86
237970,89,adaptive-prasle,2365,1,0,0,86,0,1204,0,1,89,235605,2365,0,87,0,0,0,LEADER,1,0,0,0,0,86
238638,28,adaptive-prasle,2113,1,0,0,86,0,1204,0,1,28,236525,2113,0,87,0,0,0,LEADER,1,0,0,0,0,86
238382,68,adaptive-prasle,1855,1,0,0,86,0,1204,0,1,68,236527,1855,0,87,0,0,0,LEADER,1,0,0,0,0,86
238333,90,adaptive-prasle,1807,1,0,0,86,0,1204,0,1,90,236526,1807,0,87,0,0,0,LEADER,1,0,0,0,0,86
237993,76,adaptive-prasle,1468,1,0,0,86,0,1204,0,1,76,236525,1468,0,87,0,0,0,LEADER,1,0,0,0,0,86
238314,10,adaptive-prasle,1789,1,0,0,86,0,1204,0,1,10,236525,1789,0,87,0,0,0,LEADER,1,0,0,0,0,86
238746,58,adaptive-prasle,2221,1,0,0,86,0,1204,0,1,58,236525,2221,0,87,0,0,0,LEADER,1,0,0,0,0,86
238129,73,adaptive-prasle,1604,1,0,0,86,0,1204,0,1,73,236525,1604,0,87,0,0,0,LEADER,1,0,0,0,0,86
237870,59,adaptive-prasle,2265,1,0,0,86,0,1204,0,1,59,235605,2265,0,87,0,0,0,LEADER,1,0,0,0,0,86
238144,41,adaptive-prasle,1619,1,0,0,86,0,1204,0,1,41,236525,1619,0,87,0,0,0,LEADER,1,0,0,0,0,86
238059,96,adaptive-prasle,1534,1,0,0,86,0,1204,0,1,96,236525,1534,0,87,0,0,0,LEADER,1,0,0,0,0,86
238360,74,adaptive-prasle,1837,1,0,0,86,0,1204,0,1,74,236523,1837,0,87,0,0,0,LEADER,1,0,0,0,0,86
238292,49,adaptive-prasle,1767,1,0,0,86,0,1204,0,1,49,236525,1767,0,87,0,0,0,LEADER,1,0,0,0,0,86
238753,92,adaptive-prasle,2228,1,0,0,86,0,1204,0,1,92,236525,2228,0,87,0,0,0,LEADER,1,0,0,0,0,86
237961,66,adaptive-prasle,1434,1,0,0,86,0,1204,0,1,66,236527,1434,0,87,0,0,0,LEADER,1,0,0,0,0,86
237985,57,adaptive-prasle,2380,1,0,0,86,0,1204,0,1,57,235605,2380,0,87,0,0,0,LEADER,1,0,0,0,0,86
238785,78,adaptive-prasle,2260,1,0,0,86,0,1204,0,1,78,236525,2260,0,87,0,0,0,LEADER,1,0,0,0,0,86
237951,39,adaptive-prasle,2346,1,0,0,86,0,1204,0,1,39,235605,2346,0,87,0,0,0,LEADER,1,0,0,0,0,86
238668,30,adaptive-prasle,2143,1,0,0,86,0,1204,0,1,30,236525,2143,0,87,0,0,0,LEADER,1,0,0,0,0,86
238074,64,adaptive-prasle,1549,1,0,0,86,0,1204,0,1,64,236525,1549,0,87,0,0,0,LEADER,1,0,0,0,0,86
238299,80,adaptive-prasle,1774,1,0,0,86,0,1204,0,1,80,236525,1774,0,87,0,0,0,LEADER,1,0,0,0,0,86
238034,54,adaptive-prasle,1516,1,0,0,86,0,1204,0,1,54,236518,1516,0,87,0,0,0,LEADER,1,0,0,0,0,86
238565,43,adaptive-prasle,2040,1,0,0,86,0,1204,0,1,43,236525,2040,0,87,0,0,0,LEADER,1,0,0,0,0,86
238485,26,adaptive-prasle,1960,1,0,0,86,0,1204,0,1,26,236525,1960,0,87,0,0,0,LEADER,1,0,0,0,0,86
238113,42,adaptive-prasle,1591,1,0,0,86,0,1204,0,1,42,236522,1591,0,87,0,0,0,LEADER,1,0,0,0,0,86
238123,31,adaptive-prasle,1598,1,0,0,86,0,1204,0,1,31,236525,1598,0,87,0,0,0,LEADER,1,0,0,0,0,86
238880,94,adaptive-prasle,2355,1,0,0,86,0,1204,0,1,94,236525,2355,0,87,0,0,0,LEADER,1,0,0,0,0,86
238450,45,adaptive-prasle,1925,1,0,0,86,0,1204,0,1,45,236525,1925,0,87,0,0,0,LEADER,1,0,0,0,0,86
238823,60,adaptive-prasle,2298,1,0,0,86,0,1204,0,1,60,236525,2298,0,87,0,0,0,LEADER,1,0,0,0,0,86
238929,44,adaptive-prasle,1483,1,0,0,87,0,1218,0,1,44,237446,1483,0,88,0,0,0,LEADER,1,0,0,0,0,87
238177,51,adaptive-prasle,1652,1,0,0,86,0,1204,0,1,51,236525,1652,0,87,0,0,0,LEADER,1,0,0,0,0,86
238534,33,adaptive-prasle,2007,1,0,0,86,0,1204,0,1,33,236527,2007,0,87,0,0,0,LEADER,1,0,0,0,0,86
238977,22,adaptive-prasle,1531,1,0,0,87,0,1218,0,1,22,237446,1531,0,88,0,0,0,LEADER,1,0,0,0,0,87
238689,72,adaptive-prasle,2162,1,0,0,86,0,1204,0,1,72,236527,2162,0,87,0,0,0,LEADER,1,0,0,0,0,86
238477,24,adaptive-prasle,1952,1,0,0,86,0,1204,0,1,24,236525,1952,0,87,0,0,0,LEADER,1,0,0,0,0,86
239009,32,adaptive-prasle,1564,1,0,0,87,0,1218,0,1,32,237445,1564,0,88,0,0,0,LEADER,1,0,0,0,0,87
238196,93,adaptive-prasle,1671,1,0,0,86,0,1204,0,1,93,236525,1671,0,87,0,0,0,LEADER,1,0,0,0,0,86
238855,79,adaptive-prasle,2331,1,0,0,86,0,1204,0,1,79,236524,2331,0,87,0,0,0,LEADER,1,0,0,0,0,86
238870,69,adaptive-prasle,2343,1,0,0,86,0,1204,0,1,69,236527,2343,0,87,0,0,0,LEADER,1,0,0,0,0,86
238550,75,adaptive-prasle,2025,1,0,0,86,0,1204,0,1,75,236525,2025,0,87,0,0,0,LEADER,1,0,0,0,0,86
238277,81,adaptive-prasle,1752,1,0,0,86,0,1204,0,1,81,236525,1752,0,87,0,0,0,LEADER,1,0,0,0,0,86
238135,52,adaptive-prasle,1610,1,0,0,86,0,1204,0,1,52,236525,1610,0,87,0,0,0,LEADER,1,0,0,0,0,86
238614,21,adaptive-prasle,2088,1,0,0,86,0,1204,0,1,21,236526,2088,0,87,0,0,0,LEADER,1,0,0,0,0,86
238790,29,adaptive-prasle,2265,1,0,0,86,0,1204,0,1,29,236525,2265,0,87,0,0,0,LEADER,1,0,0,0,0,86
238366,100,adaptive-prasle,1841,1,0,0,86,0,1204,0,1,100,236525,1841,0,87,0,0,0,LEADER,1,0,0,0,0,86
238211,61,adaptive-prasle,1686,1,0,0,86,0,1204,0,1,61,236525,1686,0,87,0,0,0,LEADER,1,0,0,0,0,86
238775,91,adaptive-prasle,2250,1,0,0,86,0,1204,0,1,91,236525,2250,0,87,0,0,0,LEADER,1,0,0,0,0,86
238735,37,adaptive-prasle,2210,1,0,0,86,0,1204,0,1,37,236525,2210,0,87,0,0,0,LEADER,1,0,0,0,0,86
238278,38,adaptive-prasle,1755,1,0,0,86,0,1204,0,1,38,236523,1755,0,87,0,0,0,LEADER,1,0,0,0,0,86
238944,98,adaptive-prasle,2419,1,0,0,86,0,1204,0,1,98,236525,2419,0,87,0,0,0,LEADER,1,0,0,0,0,86
238802,27,adaptive-prasle,2280,1,0,0,86,0,1204,0,1,27,236522,2280,0,87,0,0,0,LEADER,1,0,0,0,0,86
238653,62,adaptive-prasle,2128,1,0,0,86,0,1204,0,1,62,236525,2128,0,87,0,0,0,LEADER,1,0,0,0,0,86
238462,56,adaptive-prasle,1937,1,0,0,86,0,1204,0,1,56,236525,1937,0,87,0,0,0,LEADER,1,0,0,0,0,86
238848,99,adaptive-prasle,2328,1,0,0,86,0,1204,0,1,99,236520,2328,0,87,0,0,0,LEADER,1,0,0,0,0,86
238729,48,adaptive-prasle,2202,1,0,0,86,0,1204,0,1,48,236527,2202,0,87,0,0,0,LEADER,1,0,0,0,0,86
238244,71,adaptive-prasle,1719,1,0,0,86,0,1204,0,1,71,236525,1719,0,87,0,0,0,LEADER,1,0,0,0,0,86
238469,87,adaptive-prasle,1944,1,0,0,86,0,1204,0,1,87,236525,1944,0,87,0,0,0,LEADER,1,0,0,0,0,86
238395,36,adaptive-prasle,1870,1,0,0,86,0,1204,0,1,36,236525,1870,0,87,0,0,0,LEADER,1,0,0,0,0,86
238892,77,adaptive-prasle,1446,1,0,0,87,0,1218,0,1,77,237446,1446,0,88,0,0,0,LEADER,1,0,0,0,0,87
239085,83,adaptive-prasle,1637,1,0,0,87,0,1218,0,1,83,237448,1637,0,88,0,0,0,LEADER,1,0,0,0,0,87
238584,85,adaptive-prasle,2059,1,0,0,86,0,1204,0,1,85,236525,2059,0,87,0,0,0,LEADER,1,0,0,0,0,86
239113,19,adaptive-prasle,1667,1,0,0,87,0,1218,0,1,19,237446,1667,0,88,0,0,0,LEADER,1,0,0,0,0,87
239268,65,adaptive-prasle,1822,1,0,0,87,0,1218,0,1,65,237446,1822,0,88,0,0,0,LEADER,1,0,0,0,0,87
238874,35,adaptive-prasle,1428,1,0,0,87,0,1218,0,1,35,237446,1428,0,88,0,0,0,LEADER,1,0,0,0,0,87
238889,86,adaptive-prasle,1443,1,0,0,87,0,1218,0,1,86,237446,1443,0,88,0,0,0,LEADER,1,0,0,0,0,87
238931,50,adaptive-prasle,2406,1,0,0,86,0,1204,0,1,50,236525,2406,0,87,0,0,0,LEADER,1,0,0,0,0,86
238947,55,adaptive-prasle,1501,1,0,0,87,0,1218,0,1,55,237446,1501,0,88,0,0,0,LEADER,1,0,0,0,0,87
239064,14,adaptive-prasle,2096,1,0,0,13,13,182,182,4,14,236968,2096,0,7,0,0,0,LEADER,1,0,0,0,0,13
238986,63,adaptive-prasle,1540,1,0,0,87,0,1218,0,1,63,237446,1540,0,88,0,0,0,LEADER,1,0,0,0,0,87
239350,46,adaptive-prasle,1904,1,0,0,87,0,1218,0,1,46,237446,1904,0,88,0,0,0,LEADER,1,0,0,0,0,87
239145,53,adaptive-prasle,1701,1,0,0,87,0,1218,0,1,53,237444,1701,0,88,0,0,0,LEADER,1,0,0,0,0,87
238499,23,adaptive-prasle,1974,1,0,0,86,0,1204,0,1,23,236525,1974,0,87,0,0,0,LEADER,1,0,0,0,0,86
239368,88,adaptive-prasle,1922,1,0,0,87,0,1218,0,1,88,237446,1922,0,88,0,0,0,LEADER,1,0,0,0,0,87
238895,34,adaptive-prasle,1449,1,0,0,87,0,1218,0,1,34,237446,1449,0,88,0,0,0,LEADER,1,0,0,0,0,87
238504,97,adaptive-prasle,1977,1,0,0,86,0,1204,0,1,97,236527,1977,0,87,0,0,0,LEADER,1,0,0,0,0,86
238622,20,adaptive-prasle,2095,1,0,0,86,0,1204,0,1,20,236527,2095,0,87,0,0,0,LEADER,1,0,0,0,0,86
238702,40,adaptive-prasle,2177,1,0,0,86,0,1204,0,1,40,236525,2177,0,87,0,0,0,LEADER,1,0,0,0,0,86
238867,13,adaptive-prasle,1941,1,0,0,13,11,182,154,2,3,236926,1941,0,7,0,0,0,NORMAL,0,0,0,0,0,13
238627,47,adaptive-prasle,2100,1,0,0,86,0,1204,0,1,47,236527,2100,0,87,0,0,0,LEADER,1,0,0,0,0,86
239538,95,adaptive-prasle,2092,1,0,0,87,0,1218,0,1,95,237446,2092,0,88,0,0,0,LEADER,1,0,0,0,0,87
238920,25,adaptive-prasle,2395,1,0,0,86,0,1204,0,1,25,236525,2395,0,87,0,0,0,LEADER,1,0,0,0,0,86
239526,84,adaptive-prasle,2080,1,0,0,87,0,1218,0,1,84,237446,2080,0,88,0,0,0,LEADER,1,0,0,0,0,87
238802,70,adaptive-prasle,2277,1,0,0,86,0,1204,0,1,70,236525,2277,0,87,0,0,0,LEADER,1,0,0,0,0,86
238720,82,adaptive-prasle,2195,1,0,0,86,0,1204,0,1,82,236525,2195,0,87,0,0,0,LEADER,1,0,0,0,0,86
238938,67,adaptive-prasle,2413,1,0,0,86,0,1204,0,1,67,236525,2413,0,87,0,0,0,LEADER,1,0,0,0,0,86
238890,89,adaptive-prasle,2365,1,0,0,86,0,1204,0,1,89,236525,2365,0,87,0,0,0,LEADER,1,0,0,0,0,86
239559,28,adaptive-prasle,2113,1,0,0,87,0,1218,0,1,28,237446,2113,0,88,0,0,0,LEADER,1,0,0,0,0,87
239303,68,adaptive-prasle,1855,1,0,0,87,0,1218,0,1,68,237448,1855,0,88,0,0,0,LEADER,1,0,0,0,0,87
239254,90,adaptive-prasle,1807,1,0,0,87,0,1218,0,1,90,237447,1807,0,88,0,0,0,LEADER,1,0,0,0,0,87
238914,76,adaptive-prasle,1468,1,0,0,87,0,1218,0,1,76,237446,1468,0,88,0,0,0,LEADER,1,0,0,0,0,87
239235,10,adaptive-prasle,1789,1,0,0,87,0,1218,0,1,10,237446,1789,0,88,0,0,0,LEADER,1,0,0,0,0,87
239667,58,adaptive-prasle,2221,1,0,0,87,0,1218,0,1,58,237446,2221,0,88,0,0,0,LEADER,1,0,0,0,0,87
239050,73,adaptive-prasle,1604,1,0,0,87,0,1218,0,1,73,237446,1604,0,88,0,0,0,LEADER,1,0,0,0,0,87
238790,59,adaptive-prasle,2265,1,0,0,86,0,1204,0,1,59,236525,2265,0,87,0,0,0,LEADER,1,0,0,0,0,86
239065,41,adaptive-prasle,1619,1,0,0,87,0,1218,0,1,41,237446,1619,0,88,0,0,0,LEADER,1,0,0,0,0,87
238980,96,adaptive-prasle,1534,1,0,0,87,0,1218,0,1,96,237446,1534,0,88,0,0,0,LEADER,1,0,0,0,0,87
239280,74,adaptive-prasle,1837,1,0,0,87,0,1218,0,1,74,237443,1837,0,88,0,0,0,LEADER,1,0,0,0,0,87
239213,49,adaptive-prasle,1767,1,0,0,87,0,1218,0,1,49,237446,1767,0,88,0,0,0,LEADER,1,0,0,0,0,87
239674,92,adaptive-prasle,2228,1,0,0,87,0,1218,0,1,92,237446,2228,0,88,0,0,0,LEADER,1,0,0,0,0,87
238882,66,adaptive-prasle,1434,1,0,0,87,0,1218,0,1,66,237448,1434,0,88,0,0,0,LEADER,1,0,0,0,0,87
238905,57,adaptive-prasle,2380,1,0,0,86,0,1204,0,1,57,236525,2380,0,87,0,0,0,LEADER,1,0,0,0,0,86
239706,78,adaptive-prasle,2260,1,0,0,87,0,1218,0,1,78,237446,2260,0,88,0,0,0,LEADER,1,0,0,0,0,87
238871,39,adaptive-prasle,2346,1,0,0,86,0,1204,0,1,39,236525,2346,0,87,0,0,0,LEADER,1,0,0,0,0,86
239589,30,adaptive-prasle,2143,1,0,0,87,0,1218,0,1,30,237446,2143,0,88,0,0,0,LEADER,1,0,0,0,0,87
238995,64,adaptive-prasle,1549,1,0,0,87,0,1218,0,1,64,237446,1549,0,88,0,0,0,LEADER,1,0,0,0,0,87
239220,80,adaptive-prasle,1774,1,0,0,87,0,1218,0,1,80,237446,1774,0,88,0,0,0,LEADER,1,0,0,0,0,87
238955,54,adaptive-prasle,1516,1,0,0,87,0,1218,0,1,54,237439,1516,0,88,0,0,0,LEADER,1,0,0,0,0,87
239486,43,adaptive-prasle,2040,1,0,0,87,0,1218,0,1,43,237446,2040,0,88,0,0,0,LEADER,1,0,0,0,0,87
239406,26,adaptive-prasle,1960,1,0,0,87,0,1218,0,1,26,237446,1960,0,88,0,0,0,LEADER,1,0,0,0,0,87
239034,42,adaptive-prasle,1591,1,0,0,87,0,1218,0,1,42,237443,1591,0,88,0,0,0,LEADER,1,0,0,0,0,87
239044,31,adaptive-prasle,1598,1,0,0,87,0,1218,0,1,31,237446,1598,0,88,0,0,0,LEADER,1,0,0,0,0,87
239801,94,adaptive-prasle,2355,1,0,0,87,0,1218,0,1,94,237446,2355,0,88,0,0,0,LEADER,1,0,0,0,0,87
239371,45,adaptive-prasle,1925,1,0,0,87,0,1218,0,1,45,237446,1925,0,88,0,0,0,LEADER,1,0,0,0,0,87
239744,60,adaptive-prasle,2298,1,0,0,87,0,1218,0,1,60,237446,2298,0,88,0,0,0,LEADER,1,0,0,0,0,87
239849,44,adaptive-prasle,1483,1,0,0,87,0,1218,0,1,44,238366,1483,0,88,0,0,0,LEADER,1,0,0,0,0,87
239098,51,adaptive-prasle,1652,1,0,0,87,0,1218,0,1,51,237446,1652,0,88,0,0,0,LEADER,1,0,0,0,0,87
239897,22,adaptive-prasle,1531,1,0,0,87,0,1218,0,1,22,238366,1531,0,88,0,0,0,LEADER,1,0,0,0,0,87
239455,33,adaptive-prasle,2007,1,0,0,87,0,1218,0,1,33,237448,2007,0,88,0,0,0,LEADER,1,0,0,0,0,87
239610,72,adaptive-prasle,2162,1,0,0,87,0,1218,0,1,72,237448,2162,0,88,0,0,0,LEADER,1,0,0,0,0,87
239398,24,adaptive-prasle,1952,1,0,0,87,0,1218,0,1,24,237446,1952,0,88,0,0,0,LEADER,1,0,0,0,0,87
239929,32,adaptive-prasle,1564,1,0,0,87,0,1218,0,1,32,238365,1564,0,88,0,0,0,LEADER,1,0,0,0,0,87
239117,93,adaptive-prasle,1671,1,0,0,87,0,1218,0,1,93,237446,1671,0,88,0,0,0,LEADER,1,0,0,0,0,87
239791,69,adaptive-prasle,2343,1,0,0,87,0,1218,0,1,69,237448,2343,0,88,0,0,0,LEADER,1,0,0,0,0,87
239776,79,adaptive-prasle,2331,1,0,0,87,0,1218,0,1,79,237445,2331,0,88,0,0,0,LEADER,1,0,0,0,0,87
239471,75,adaptive-prasle,2025,1,0,0,87,0,1218,0,1,75,237446,2025,0,88,0,0,0,LEADER,1,0,0,0,0,87
239198,81,adaptive-prasle,1752,1,0,0,87,0,1218,0,1,81,237446,1752,0,88,0,0,0,LEADER,1,0,0,0,0,87
239056,52,adaptive-prasle,1610,1,0,0,87,0,1218,0,1,52,237446,1610,0,88,0,0,0,LEADER,1,0,0,0,0,87
239535,21,adaptive-prasle,2088,1,0,0,87,0,1218,0,1,21,237447,2088,0,88,0,0,0,LEADER,1,0,0,0,0,87
239711,29,adaptive-prasle,2265,1,0,0,87,0,1218,0,1,29,237446,2265,0,88,0,0,0,LEADER,1,0,0,0,0,87
239287,100,adaptive-prasle,1841,1,0,0,87,0,1218,0,1,100,237446,1841,0,88,0,0,0,LEADER,1,0,0,0,0,87
239132,61,adaptive-prasle,1686,1,0,0,87,0,1218,0,1,61,237446,1686,0,88,0,0,0,LEADER,1,0,0,0,0,87
239696,91,adaptive-prasle,2250,1,0,0,87,0,1218,0,1,91,237446,2250,0,88,0,0,0,LEADER,1,0,0,0,0,87
239656,37,adaptive-prasle,2210,1,0,0,87,0,1218,0,1,37,237446,2210,0,88,0,0,0,LEADER,1,0,0,0,0,87
239199,38,adaptive-prasle,1755,1,0,0,87,0,1218,0,1,38,237444,1755,0,88,0,0,0,LEADER,1,0,0,0,0,87
239865,98,adaptive-prasle,2419,1,0,0,87,0,1218,0,1,98,237446,2419,0,88,0,0,0,LEADER,1,0,0,0,0,87
239723,27,adaptive-prasle,2280,1,0,0,87,0,1218,0,1,27,237443,2280,0,88,0,0,0,LEADER,1,0,0,0,0,87
239574,62,adaptive-prasle,2128,1,0,0,87,0,1218,0,1,62,237446,2128,0,88,0,0,0,LEADER,1,0,0,0,0,87
239383,56,adaptive-prasle,1937,1,0,0,87,0,1218,0,1,56,237446,1937,0,88,0,0,0,LEADER,1,0,0,0,0,87
239769,99,adaptive-prasle,2328,1,0,0,87,0,1218,0,1,99,237441,2328,0,88,0,0,0,LEADER,1,0,0,0,0,87
239649,48,adaptive-prasle,2202,1,0,0,87,0,1218,0,1,48,237447,2202,0,88,0,0,0,LEADER,1,0,0,0,0,87
239165,71,adaptive-prasle,1719,1,0,0,87,0,1218,0,1,71,237446,1719,0,88,0,0,0,LEADER,1,0,0,0,0,87
239390,87,adaptive-prasle,1944,1,0,0,87,0,1218,0,1,87,237446,1944,0,88,0,0,0,LEADER,1,0,0,0,0,87
239316,36,adaptive-prasle,1870,1,0,0,87,0,1218,0,1,36,237446,1870,0,88,0,0,0,LEADER,1,0,0,0,0,87
239812,77,adaptive-prasle,1446,1,0,0,87,0,1218,0,1,77,238366,1446,0,88,0,0,0,LEADER,1,0,0,0,0,87
240005,83,adaptive-prasle,1637,1,0,0,87,0,1218,0,1,83,238368,1637,0,88,0,0,0,LEADER,1,0,0,0,0,87
239505,85,adaptive-prasle,2059,1,0,0,87,0,1218,0,1,85,237446,2059,0,88,0,0,0,LEADER,1,0,0,0,0,87
240033,19,adaptive-prasle,1667,1,0,0,87,0,1218,0,1,19,238366,1667,0,88,0,0,0,LEADER,1,0,0,0,0,87
240188,65,adaptive-prasle,1822,1,0,0,87,0,1218,0,1,65,238366,1822,0,88,0,0,0,LEADER,1,0,0,0,0,87
239794,35,adaptive-prasle,1428,1,0,0,87,0,1218,0,1,35,238366,1428,0,88,0,0,0,LEADER,1,0,0,0,0,87
239809,86,adaptive-prasle,1443,1,0,0,87,0,1218,0,1,86,238366,1443,0,88,0,0,0,LEADER,1,0,0,0,0,87
239852,50,adaptive-prasle,2406,1,0,0,87,0,1218,0,1,50,237446,2406,0,88,0,0,0,LEADER,1,0,0,0,0,87
239867,55,adaptive-prasle,1501,1,0,0,87,0,1218,0,1,55,238366,1501,0,88,0,0,0,LEADER,1,0,0,0,0,87
239906,63,adaptive-prasle,1540,1,0,0,87,0,1218,0,1,63,238366,1540,0,88,0,0,0,LEADER,1,0,0,0,0,87
240270,46,adaptive-prasle,1904,1,0,0,87,0,1218,0,1,46,238366,1904,0,88,0,0,0,LEADER,1,0,0,0,0,87
240065,53,adaptive-prasle,1701,1,0,0,87,0,1218,0,1,53,238364,1701,0,88,0,0,0,LEADER,1,0,0,0,0,87
239420,23,adaptive-prasle,1974,1,0,0,87,0,1218,0,1,23,237446,1974,0,88,0,0,0,LEADER,1,0,0,0,0,87
240288,88,adaptive-prasle,1922,1,0,0,87,0,1218,0,1,88,238366,1922,0,88,0,0,0,LEADER,1,0,0,0,0,87
239815,34,adaptive-prasle,1449,1,0,0,87,0,1218,0,1,34,238366,1449,0,88,0,0,0,LEADER,1,0,0,0,0,87
239425,97,adaptive-prasle,1977,1,0,0,87,0,1218,0,1,97,237448,1977,0,88,0,0,0,LEADER,1,0,0,0,0,87
239543,20,adaptive-prasle,2095,1,0,0,87,0,1218,0,1,20,237448,2095,0,88,0,0,0,LEADER,1,0,0,0,0,87
239623,40,adaptive-prasle,2177,1,0,0,87,0,1218,0,1,40,237446,2177,0,88,0,0,0,LEADER,1,0,0,0,0,87
239548,47,adaptive-prasle,2100,1,0,0,87,0,1218,0,1,47,237448,2100,0,88,0,0,0,LEADER,1,0,0,0,0,87
240458,95,adaptive-prasle,2092,1,0,0,87,0,1218,0,1,95,238366,2092,0,88,0,0,0,LEADER,1,0,0,0,0,87
239841,25,adaptive-prasle,2395,1,0,0,87,0,1218,0,1,25,237446,2395,0,88,0,0,0,LEADER,1,0,0,0,0,87
240446,84,adaptive-prasle,2080,1,0,0,87,0,1218,0,1,84,238366,2080,0,88,0,0,0,LEADER,1,0,0,0,0,87
239723,70,adaptive-prasle,2277,1,0,0,87,0,1218,0,1,70,237446,2277,0,88,0,0,0,LEADER,1,0,0,0,0,87
239641,82,adaptive-prasle,2195,1,0,0,87,0,1218,0,1,82,237446,2195,0,88,0,0,0,LEADER,1,0,0,0,0,87
239859,67,adaptive-prasle,2413,1,0,0,87,0,1218,0,1,67,237446,2413,0,88,0,0,0,LEADER,1,0,0,0,0,87
239811,89,adaptive-prasle,2365,1,0,0,87,0,1218,0,1,89,237446,2365,0,88,0,0,0,LEADER,1,0,0,0,0,87
240479,28,adaptive-prasle,2113,1,0,0,87,0,1218,0,1,28,238366,2113,0,88,0,0,0,LEADER,1,0,0,0,0,87
240223,68,adaptive-prasle,1855,1,0,0,87,0,1218,0,1,68,238368,1855,0,88,0,0,0,LEADER,1,0,0,0,0,87
240174,90,adaptive-prasle,1807,1,0,0,87,0,1218,0,1,90,238367,1807,0,88,0,0,0,LEADER,1,0,0,0,0,87
239834,76,adaptive-prasle,1468,1,0,0,87,0,1218,0,1,76,238366,1468,0,88,0,0,0,LEADER,1,0,0,0,0,87
240587,58,adaptive-prasle,2221,1,0,0,87,0,1218,0,1,58,238366,2221,0,88,0,0,0,LEADER,1,0,0,0,0,87
240155,10,adaptive-prasle,1789,1,0,0,87,0,1218,0,1,10,238366,1789,0,88,0,0,0,LEADER,1,0,0,0,0,87
239970,73,adaptive-prasle,1604,1,0,0,87,0,1218,0,1,73,238366,1604,0,88,0,0,0,LEADER,1,0,0,0,0,87
239711,59,adaptive-prasle,2265,1,0,0,87,0,1218,0,1,59,237446,2265,0,88,0,0,0,LEADER,1,0,0,0,0,87
239985,41,adaptive-prasle,1619,1,0,0,87,0,1218,0,1,41,238366,1619,0,88,0,0,0,LEADER,1,0,0,0,0,87
239900,96,adaptive-prasle,1534,1,0,0,87,0,1218,0,1,96,238366,1534,0,88,0,0,0,LEADER,1,0,0,0,0,87
240200,74,adaptive-prasle,1837,1,0,0,87,0,1218,0,1,74,238363,1837,0,88,0,0,0,LEADER,1,0,0,0,0,87
240133,49,adaptive-prasle,1767,1,0,0,87,0,1218,0,1,49,238366,1767,0,88,0,0,0,LEADER,1,0,0,0,0,87
240594,92,adaptive-prasle,2228,1,0,0,87,0,1218,0,1,92,238366,2228,0,88,0,0,0,LEADER,1,0,0,0,0,87
239802,66,adaptive-prasle,1434,1,0,0,87,0,1218,0,1,66,238368,1434,0,88,0,0,0,LEADER,1,0,0,0,0,87
239826,57,adaptive-prasle,2380,1,0,0,87,0,1218,0,1,57,237446,2380,0,88,0,0,0,LEADER,1,0,0,0,0,87
240626,78,adaptive-prasle,2260,1,0,0,87,0,1218,0,1,78,238366,2260,0,88,0,0,0,LEADER,1,0,0,0,0,87
239792,39,adaptive-prasle,2346,1,0,0,87,0,1218,0,1,39,237446,2346,0,88,0,0,0,LEADER,1,0,0,0,0,87
240509,30,adaptive-prasle,2143,1,0,0,87,0,1218,0,1,30,238366,2143,0,88,0,0,0,LEADER,1,0,0,0,0,87
239915,64,adaptive-prasle,1549,1,0,0,87,0,1218,0,1,64,238366,1549,0,88,0,0,0,LEADER,1,0,0,0,0,87
240140,80,adaptive-prasle,1774,1,0,0,87,0,1218,0,1,80,238366,1774,0,88,0,0,0,LEADER,1,0,0,0,0,87
239875,54,adaptive-prasle,1516,1,0,0,87,0,1218,0,1,54,238359,1516,0,88,0,0,0,LEADER,1,0,0,0,0,87
240406,43,adaptive-prasle,2040,1,0,0,87,0,1218,0,1,43,238366,2040,0,88,0,0,0,LEADER,1,0,0,0,0,87
240326,26,adaptive-prasle,1960,1,0,0,87,0,1218,0,1,26,238366,1960,0,88,0,0,0,LEADER,1,0,0,0,0,87
239954,42,adaptive-prasle,1591,1,0,0,87,0,1218,0,1,42,238363,1591,0,88,0,0,0,LEADER,1,0,0,0,0,87
239964,31,adaptive-prasle,1598,1,0,0,87,0,1218,0,1,31,238366,1598,0,88,0,0,0,LEADER,1,0,0,0,0,87
240721,94,adaptive-prasle,2355,1,0,0,87,0,1218,0,1,94,238366,2355,0,88,0,0,0,LEADER,1,0,0,0,0,87
240291,45,adaptive-prasle,1925,1,0,0,87,0,1218,0,1,45,238366,1925,0,88,0,0,0,LEADER,1,0,0,0,0,87
240664,60,adaptive-prasle,2298,1,0,0,87,0,1218,0,1,60,238366,2298,0,88,0,0,0,LEADER,1,0,0,0,0,87
240769,44,adaptive-prasle,1483,1,0,0,87,0,1218,0,1,44,239286,1483,0,88,0,0,0,LEADER,1,0,0,0,0,87
240018,51,adaptive-prasle,1652,1,0,0,87,0,1218,0,1,51,238366,1652,0,88,0,0,0,LEADER,1,0,0,0,0,87
240817,22,adaptive-prasle,1531,1,0,0,87,0,1218,0,1,22,239286,1531,0,88,0,0,0,LEADER,1,0,0,0,0,87
240375,33,adaptive-prasle,2007,1,0,0,87,0,1218,0,1,33,238368,2007,0,88,0,0,0,LEADER,1,0,0,0,0,87
240530,72,adaptive-prasle,2162,1,0,0,87,0,1218,0,1,72,238368,2162,0,88,0,0,0,LEADER,1,0,0,0,0,87
240318,24,adaptive-prasle,1952,1,0,0,87,0,1218,0,1,24,238366,1952,0,88,0,0,0,LEADER,1,0,0,0,0,87
240849,32,adaptive-prasle,1564,1,0,0,87,0,1218,0,1,32,239285,1564,0,88,0,0,0,LEADER,1,0,0,0,0,87
240037,93,adaptive-prasle,1671,1,0,0,87,0,1218,0,1,93,238366,1671,0,88,0,0,0,LEADER,1,0,0,0,0,87
240711,69,adaptive-prasle,2343,1,0,0,87,0,1218,0,1,69,238368,2343,0,88,0,0,0,LEADER,1,0,0,0,0,87
240696,79,adaptive-prasle,2331,1,0,0,87,0,1218,0,1,79,238365,2331,0,88,0,0,0,LEADER,1,0,0,0,0,87
240391,75,adaptive-prasle,2025,1,0,0,87,0,1218,0,1,75,238366,2025,0,88,0,0,0,LEADER,1,0,0,0,0,87
240118,81,adaptive-prasle,1752,1,0,0,87,0,1218,0,1,81,238366,1752,0,88,0,0,0,LEADER,1,0,0,0,0,87
239976,52,adaptive-prasle,1610,1,0,0,87,0,1218,0,1,52,238366,1610,0,88,0,0,0,LEADER,1,0,0,0,0,87
240631,29,adaptive-prasle,2265,1,0,0,87,0,1218,0,1,29,238366,2265,0,88,0,0,0,LEADER,1,0,0,0,0,87
240455,21,adaptive-prasle,2088,1,0,0,87,0,1218,0,1,21,238367,2088,0,88,0,0,0,LEADER,1,0,0,0,0,87
240207,100,adaptive-prasle,1841,1,0,0,87,0,1218,0,1,100,238366,1841,0,88,0,0,0,LEADER,1,0,0,0,0,87
240052,61,adaptive-prasle,1686,1,0,0,87,0,1218,0,1,61,238366,1686,0,88,0,0,0,LEADER,1,0,0,0,0,87
240616,91,adaptive-prasle,2250,1,0,0,87,0,1218,0,1,91,238366,2250,0,88,0,0,0,LEADER,1,0,0,0,0,87
240576,37,adaptive-prasle,2210,1,0,0,87,0,1218,0,1,37,238366,2210,0,88,0,0,0,LEADER,1,0,0,0,0,87
240119,38,adaptive-prasle,1755,1,0,0,87,0,1218,0,1,38,238364,1755,0,88,0,0,0,LEADER,1,0,0,0,0,87
240785,98,adaptive-prasle,2419,1,0,0,87,0,1218,0,1,98,238366,2419,0,88,0,0,0,LEADER,1,0,0,0,0,87
240643,27,adaptive-prasle,2280,1,0,0,87,0,1218,0,1,27,238363,2280,0,88,0,0,0,LEADER,1,0,0,0,0,87
240494,62,adaptive-prasle,2128,1,0,0,87,0,1218,0,1,62,238366,2128,0,88,0,0,0,LEADER,1,0,0,0,0,87
240303,56,adaptive-prasle,1937,1,0,0,87,0,1218,0,1,56,238366,1937,0,88,0,0,0,LEADER,1,0,0,0,0,87
240689,99,adaptive-prasle,2328,1,0,0,87,0,1218,0,1,99,238361,2328,0,88,0,0,0,LEADER,1,0,0,0,0,87
240569,48,adaptive-prasle,2202,1,0,0,87,0,1218,0,1,48,238367,2202,0,88,0,0,0,LEADER,1,0,0,0,0,87
240085,71,adaptive-prasle,1719,1,0,0,87,0,1218,0,1,71,238366,1719,0,88,0,0,0,LEADER,1,0,0,0,0,87
240310,87,adaptive-prasle,1944,1,0,0,87,0,1218,0,1,87,238366,1944,0,88,0,0,0,LEADER,1,0,0,0,0,87
240236,36,adaptive-prasle,1870,1,0,0,87,0,1218,0,1,36,238366,1870,0,88,0,0,0,LEADER,1,0,0,0,0,87
240732,77,adaptive-prasle,1446,1,0,0,87,0,1218,0,1,77,239286,1446,0,88,0,0,0,LEADER,1,0,0,0,0,87
240925,83,adaptive-prasle,1637,1,0,0,87,0,1218,0,1,83,239288,1637,0,88,0,0,0,LEADER,1,0,0,0,0,87
240425,85,adaptive-prasle,2059,1,0,0,87,0,1218,0,1,85,238366,2059,0,88,0,0,0,LEADER,1,0,0,0,0,87
240953,19,adaptive-prasle,1667,1,0,0,87,0,1218,0,1,19,239286,1667,0,88,0,0,0,LEADER,1,0,0,0,0,87
241108,65,adaptive-prasle,1822,1,0,0,87,0,1218,0,1,65,239286,1822,0,88,0,0,0,LEADER,1,0,0,0,0,87
240714,35,adaptive-prasle,1428,1,0,0,87,0,1218,0,1,35,239286,1428,0,88,0,0,0,LEADER,1,0,0,0,0,87
240729,86,adaptive-prasle,1443,1,0,0,87,0,1218,0,1,86,239286,1443,0,88,0,0,0,LEADER,1,0,0,0,0,87
240772,50,adaptive-prasle,2406,1,0,0,87,0,1218,0,1,50,238366,2406,0,88,0,0,0,LEADER,1,0,0,0,0,87
240787,55,adaptive-prasle,1501,1,0,0,87,0,1218,0,1,55,239286,1501,0,88,0,0,0,LEADER,1,0,0,0,0,87
240826,63,adaptive-prasle,1540,1,0,0,87,0,1218,0,1,63,239286,1540,0,88,0,0,0,LEADER,1,0,0,0,0,87
241190,46,adaptive-prasle,1904,1,0,0,87,0,1218,0,1,46,239286,1904,0,88,0,0,0,LEADER,1,0,0,0,0,87
240985,53,adaptive-prasle,1701,1,0,0,87,0,1218,0,1,53,239284,1701,0,88,0,0,0,LEADER,1,0,0,0,0,87
240340,23,adaptive-prasle,1974,1,0,0,87,0,1218,0,1,23,238366,1974,0,88,0,0,0,LEADER,1,0,0,0,0,87
241208,88,adaptive-prasle,1922,1,0,0,87,0,1218,0,1,88,239286,1922,0,88,0,0,0,LEADER,1,0,0,0,0,87
240735,34,adaptive-prasle,1449,1,0,0,87,0,1218,0,1,34,239286,1449,0,88,0,0,0,LEADER,1,0,0,0,0,87
240345,97,adaptive-prasle,1977,1,0,0,87,0,1218,0,1,97,238368,1977,0,88,0,0,0,LEADER,1,0,0,0,0,87
240463,20,adaptive-prasle,2095,1,0,0,87,0,1218,0,1,20,238368,2095,0,88,0,0,0,LEADER,1,0,0,0,0,87
240543,40,adaptive-prasle,2177,1,0,0,87,0,1218,0,1,40,238366,2177,0,88,0,0,0,LEADER,1,0,0,0,0,87
240468,47,adaptive-prasle,2100,1,0,0,87,0,1218,0,1,47,238368,2100,0,88,0,0,0,LEADER,1,0,0,0,0,87
241378,95,adaptive-prasle,2092,1,0,0,87,0,1218,0,1,95,239286,2092,0,88,0,0,0,LEADER,1,0,0,0,0,87
240761,25,adaptive-prasle,2395,1,0,0,87,0,1218,0,1,25,238366,2395,0,88,0,0,0,LEADER,1,0,0,0,0,87
241366,84,adaptive-prasle,2080,1,0,0,87,0,1218,0,1,84,239286,2080,0,88,0,0,0,LEADER,1,0,0,0,0,87
240643,70,adaptive-prasle,2277,1,0,0,87,0,1218,0,1,70,238366,2277,0,88,0,0,0,LEADER,1,0,0,0,0,87
240561,82,adaptive-prasle,2195,1,0,0,87,0,1218,0,1,82,238366,2195,0,88,0,0,0,LEADER,1,0,0,0,0,87
240779,67,adaptive-prasle,2413,1,0,0,87,0,1218,0,1,67,238366,2413,0,88,0,0,0,LEADER,1,0,0,0,0,87
240731,89,adaptive-prasle,2365,1,0,0,87,0,1218,0,1,89,238366,2365,0,88,0,0,0,LEADER,1,0,0,0,0,87
241399,28,adaptive-prasle,2113,1,0,0,87,0,1218,0,1,28,239286,2113,0,88,0,0,0,LEADER,1,0,0,0,0,87
241143,68,adaptive-prasle,1855,1,0,0,87,0,1218,0,1,68,239288,1855,0,88,0,0,0,LEADER,1,0,0,0,0,87
241094,90,adaptive-prasle,1807,1,0,0,87,0,1218,0,1,90,239287,1807,0,88,0,0,0,LEADER,1,0,0,0,0,87
240754,76,adaptive-prasle,1468,1,0,0,87,0,1218,0,1,76,239286,1468,0,88,0,0,0,LEADER,1,0,0,0,0,87
241507,58,adaptive-prasle,2221,1,0,0,87,0,1218,0,1,58,239286,2221,0,88,0,0,0,LEADER,1,0,0,0,0,87
241075,10,adaptive-prasle,1789,1,0,0,87,0,1218,0,1,10,239286,1789,0,88,0,0,0,LEADER,1,0,0,0,0,87
240890,73,adaptive-prasle,1604,1,0,0,87,0,1218,0,1,73,239286,1604,0,88,0,0,0,LEADER,1,0,0,0,0,87
240631,59,adaptive-prasle,2265,1,0,0,87,0,1218,0,1,59,238366,2265,0,88,0,0,0,LEADER,1,0,0,0,0,87
240905,41,adaptive-prasle,1619,1,0,0,87,0,1218,0,1,41,239286,1619,0,88,0,0,0,LEADER,1,0,0,0,0,87
240820,96,adaptive-prasle,1534,1,0,0,87,0,1218,0,1,96,239286,1534,0,88,0,0,0,LEADER,1,0,0,0,0,87
241120,74,adaptive-prasle,1837,1,0,0,87,0,1218,0,1,74,239283,1837,0,88,0,0,0,LEADER,1,0,0,0,0,87
241053,49,adaptive-prasle,1767,1,0,0,87,0,1218,0,1,49,239286,1767,0,88,0,0,0,LEADER,1,0,0,0,0,87
241514,92,adaptive-prasle,2228,1,0,0,87,0,1218,0,1,92,239286,2228,0,88,0,0,0,LEADER,1,0,0,0,0,87
240722,66,adaptive-prasle,1434,1,0,0,87,0,1218,0,1,66,239288,1434,0,88,0,0,0,LEADER,1,0,0,0,0,87
240746,57,adaptive-prasle,2380,1,0,0,87,0,1218,0,1,57,238366,2380,0,88,0,0,0,LEADER,1,0,0,0,0,87
241546,78,adaptive-prasle,2260,1,0,0,87,0,1218,0,1,78,239286,2260,0,88,0,0,0,LEADER,1,0,0,0,0,87
240712,39,adaptive-prasle,2346,1,0,0,87,0,1218,0,1,39,238366,2346,0,88,0,0,0,LEADER,1,0,0,0,0,87
241429,30,adaptive-prasle,2143,1,0,0,87,0,1218,0,1,30,239286,2143,0,88,0,0,0,LEADER,1,0,0,0,0,87
240835,64,adaptive-prasle,1549,1,0,0,87,0,1218,0,1,64,239286,1549,0,88,0,0,0,LEADER,1,0,0,0,0,87
241060,80,adaptive-prasle,1774,1,0,0,87,0,1218,0,1,80,239286,1774,0,88,0,0,0,LEADER,1,0,0,0,0,87
240795,54,adaptive-prasle,1516,1,0,0,87,0,1218,0,1,54,239279,1516,0,88,0,0,0,LEADER,1,0,0,0,0,87
241326,43,adaptive-prasle,2040,1,0,0,87,0,1218,0,1,43,239286,2040,0,88,0,0,0,LEADER,1,0,0,0,0,87
241246,26,adaptive-prasle,1960,1,0,0,87,0,1218,0,1,26,239286,1960,0,88,0,0,0,LEADER,1,0,0,0,0,87
240874,42,adaptive-prasle,1591,1,0,0,87,0,1218,0,1,42,239283,1591,0,88,0,0,0,LEADER,1,0,0,0,0,87
240884,31,adaptive-prasle,1598,1,0,0,87,0,1218,0,1,31,239286,1598,0,88,0,0,0,LEADER,1,0,0,0,0,87
241641,94,adaptive-prasle,2355,1,0,0,87,0,1218,0,1,94,239286,2355,0,88,0,0,0,LEADER,1,0,0,0,0,87
241211,45,adaptive-prasle,1925,1,0,0,87,0,1218,0,1,45,239286,1925,0,88,0,0,0,LEADER,1,0,0,0,0,87
241584,60,adaptive-prasle,2298,1,0,0,87,0,1218,0,1,60,239286,2298,0,88,0,0,0,LEADER,1,0,0,0,0,87
241690,44,adaptive-prasle,1483,1,0,0,88,0,1232,0,1,44,240207,1483,0,89,0,0,0,LEADER,1,0,0,0,0,88
240938,51,adaptive-prasle,1652,1,0,0,87,0,1218,0,1,51,239286,1652,0,88,0,0,0,LEADER,1,0,0,0,0,87
241295,33,adaptive-prasle,2007,1,0,0,87,0,1218,0,1,33,239288,2007,0,88,0,0,0,LEADER,1,0,0,0,0,87
241738,22,adaptive-prasle,1531,1,0,0,88,0,1232,0,1,22,240207,1531,0,89,0,0,0,LEADER,1,0,0,0,0,88
241450,72,adaptive-prasle,2162,1,0,0,87,0,1218,0,1,72,239288,2162,0,88,0,0,0,LEADER,1,0,0,0,0,87
241238,24,adaptive-prasle,1952,1,0,0,87,0,1218,0,1,24,239286,1952,0,88,0,0,0,LEADER,1,0,0,0,0,87
241770,32,adaptive-prasle,1564,1,0,0,88,0,1232,0,1,32,240206,1564,0,89,0,0,0,LEADER,1,0,0,0,0,88
240957,93,adaptive-prasle,1671,1,0,0,87,0,1218,0,1,93,239286,1671,0,88,0,0,0,LEADER,1,0,0,0,0,87
241616,79,adaptive-prasle,2331,1,0,0,87,0,1218,0,1,79,239285,2331,0,88,0,0,0,LEADER,1,0,0,0,0,87
241631,69,adaptive-prasle,2343,1,0,0,87,0,1218,0,1,69,239288,2343,0,88,0,0,0,LEADER,1,0,0,0,0,87
241311,75,adaptive-prasle,2025,1,0,0,87,0,1218,0,1,75,239286,2025,0,88,0,0,0,LEADER,1,0,0,0,0,87
241038,81,adaptive-prasle,1752,1,0,0,87,0,1218,0,1,81,239286,1752,0,88,0,0,0,LEADER,1,0,0,0,0,87
240896,52,adaptive-prasle,1610,1,0,0,87,0,1218,0,1,52,239286,1610,0,88,0,0,0,LEADER,1,0,0,0,0,87
241375,21,adaptive-prasle,2088,1,0,0,87,0,1218,0,1,21,239287,2088,0,88,0,0,0,LEADER,1,0,0,0,0,87
241551,29,adaptive-prasle,2265,1,0,0,87,0,1218,0,1,29,239286,2265,0,88,0,0,0,LEADER,1,0,0,0,0,87
241127,100,adaptive-prasle,1841,1,0,0,87,0,1218,0,1,100,239286,1841,0,88,0,0,0,LEADER,1,0,0,0,0,87
240972,61,adaptive-prasle,1686,1,0,0,87,0,1218,0,1,61,239286,1686,0,88,0,0,0,LEADER,1,0,0,0,0,87
241536,91,adaptive-prasle,2250,1,0,0,87,0,1218,0,1,91,239286,2250,0,88,0,0,0,LEADER,1,0,0,0,0,87
241496,37,adaptive-prasle,2210,1,0,0,87,0,1218,0,1,37,239286,2210,0,88,0,0,0,LEADER,1,0,0,0,0,87
241039,38,adaptive-prasle,1755,1,0,0,87,0,1218,0,1,38,239284,1755,0,88,0,0,0,LEADER,1,0,0,0,0,87
241705,98,adaptive-prasle,2419,1,0,0,87,0,1218,0,1,98,239286,2419,0,88,0,0,0,LEADER,1,0,0,0,0,87
241563,27,adaptive-prasle,2280,1,0,0,87,0,1218,0,1,27,239283,2280,0,88,0,0,0,LEADER,1,0,0,0,0,87
241414,62,adaptive-prasle,2128,1,0,0,87,0,1218,0,1,62,239286,2128,0,88,0,0,0,LEADER,1,0,0,0,0,87
241223,56,adaptive-prasle,1937,1,0,0,87,0,1218,0,1,56,239286,1937,0,88,0,0,0,LEADER,1,0,0,0,0,87
241609,99,adaptive-prasle,2328,1,0,0,87,0,1218,0,1,99,239281,2328,0,88,0,0,0,LEADER,1,0,0,0,0,87
241489,48,adaptive-prasle,2202,1,0,0,87,0,1218,0,1,48,239287,2202,0,88,0,0,0,LEADER,1,0,0,0,0,87
241005,71,adaptive-prasle,1719,1,0,0,87,0,1218,0,1,71,239286,1719,0,88,0,0,0,LEADER,1,0,0,0,0,87
241230,87,adaptive-prasle,1944,1,0,0,87,0,1218,0,1,87,239286,1944,0,88,0,0,0,LEADER,1,0,0,0,0,87
241156,36,adaptive-prasle,1870,1,0,0,87,0,1218,0,1,36,239286,1870,0,88,0,0,0,LEADER,1,0,0,0,0,87
241653,77,adaptive-prasle,1446,1,0,0,88,0,1232,0,1,77,240207,1446,0,89,0,0,0,LEADER,1,0,0,0,0,88
241846,83,adaptive-prasle,1637,1,0,0,88,0,1232,0,1,83,240209,1637,0,89,0,0,0,LEADER,1,0,0,0,0,88
241345,85,adaptive-prasle,2059,1,0,0,87,0,1218,0,1,85,239286,2059,0,88,0,0,0,LEADER,1,0,0,0,0,87
241874,19,adaptive-prasle,1667,1,0,0,88,0,1232,0,1,19,240207,1667,0,89,0,0,0,LEADER,1,0,0,0,0,88
242029,65,adaptive-prasle,1822,1,0,0,88,0,1232,0,1,65,240207,1822,0,89,0,0,0,LEADER,1,0,0,0,0,88
241635,35,adaptive-prasle,1428,1,0,0,88,0,1232,0,1,35,240207,1428,0,89,0,0,0,LEADER,1,0,0,0,0,88
241650,86,adaptive-prasle,1443,1,0,0,88,0,1232,0,1,86,240207,1443,0,89,0,0,0,LEADER,1,0,0,0,0,88
241692,50,adaptive-prasle,2406,1,0,0,87,0,1218,0,1,50,239286,2406,0,88,0,0,0,LEADER,1,0,0,0,0,87
241708,55,adaptive-prasle,1501,1,0,0,88,0,1232,0,1,55,240207,1501,0,89,0,0,0,LEADER,1,0,0,0,0,88
241747,63,adaptive-prasle,1540,1,0,0,88,0,1232,0,1,63,240207,1540,0,89,0,0,0,LEADER,1,0,0,0,0,88
242111,46,adaptive-prasle,1904,1,0,0,88,0,1232,0,1,46,240207,1904,0,89,0,0,0,LEADER,1,0,0,0,0,88
241906,53,adaptive-prasle,1701,1,0,0,88,0,1232,0,1,53,240205,1701,0,89,0,0,0,LEADER,1,0,0,0,0,88
241260,23,adaptive-prasle,1974,1,0,0,87,0,1218,0,1,23,239286,1974,0,88,0,0,0,LEADER,1,0,0,0,0,87
242129,88,adaptive-prasle,1922,1,0,0,88,0,1232,0,1,88,240207,1922,0,89,0,0,0,LEADER,1,0,0,0,0,88
241656,34,adaptive-prasle,1449,1,0,0,88,0,1232,0,1,34,240207,1449,0,89,0,0,0,LEADER,1,0,0,0,0,88
241265,97,adaptive-prasle,1977,1,0,0,87,0,1218,0,1,97,239288,1977,0,88,0,0,0,LEADER,1,0,0,0,0,87
241383,20,adaptive-prasle,2095,1,0,0,87,0,1218,0,1,20,239288,2095,0,88,0,0,0,LEADER,1,0,0,0,0,87
241463,40,adaptive-prasle,2177,1,0,0,87,0,1218,0,1,40,239286,2177,0,88,0,0,0,LEADER,1,0,0,0,0,87
241388,47,adaptive-prasle,2100,1,0,0,87,0,1218,0,1,47,239288,2100,0,88,0,0,0,LEADER,1,0,0,0,0,87
242299,95,adaptive-prasle,2092,1,0,0,88,0,1232,0,1,95,240207,2092,0,89,0,0,0,LEADER,1,0,0,0,0,88
241681,25,adaptive-prasle,2395,1,0,0,87,0,1218,0,1,25,239286,2395,0,88,0,0,0,LEADER,1,0,0,0,0,87
242287,84,adaptive-prasle,2080,1,0,0,88,0,1232,0,1,84,240207,2080,0,89,0,0,0,LEADER,1,0,0,0,0,88
241563,70,adaptive-prasle,2277,1,0,0,87,0,1218,0,1,70,239286,2277,0,88,0,0,0,LEADER,1,0,0,0,0,87
241481,82,adaptive-prasle,2195,1,0,0,87,0,1218,0,1,82,239286,2195,0,88,0,0,0,LEADER,1,0,0,0,0,87
241699,67,adaptive-prasle,2413,1,0,0,87,0,1218,0,1,67,239286,2413,0,88,0,0,0,LEADER,1,0,0,0,0,87
241651,89,adaptive-prasle,2365,1,0,0,87,0,1218,0,1,89,239286,2365,0,88,0,0,0,LEADER,1,0,0,0,0,87
242320,28,adaptive-prasle,2113,1,0,0,88,0,1232,0,1,28,240207,2113,0,89,0,0,0,LEADER,1,0,0,0,0,88
242064,68,adaptive-prasle,1855,1,0,0,88,0,1232,0,1,68,240209,1855,0,89,0,0,0,LEADER,1,0,0,0,0,88
242015,90,adaptive-prasle,1807,1,0,0,88,0,1232,0,1,90,240208,1807,0,89,0,0,0,LEADER,1,0,0,0,0,88
241675,76,adaptive-prasle,1468,1,0,0,88,0,1232,0,1,76,240207,1468,0,89,0,0,0,LEADER,1,0,0,0,0,88
241996,10,adaptive-prasle,1789,1,0,0,88,0,1232,0,1,10,240207,1789,0,89,0,0,0,LEADER,1,0,0,0,0,88
242428,58,adaptive-prasle,2221,1,0,0,88,0,1232,0,1,58,240207,2221,0,89,0,0,0,LEADER,1,0,0,0,0,88
241811,73,adaptive-prasle,1604,1,0,0,88,0,1232,0,1,73,240207,1604,0,89,0,0,0,LEADER,1,0,0,0,0,88
241551,59,adaptive-prasle,2265,1,0,0,87,0,1218,0,1,59,239286,2265,0,88,0,0,0,LEADER,1,0,0,0,0,87
241826,41,adaptive-prasle,1619,1,0,0,88,0,1232,0,1,41,240207,1619,0,89,0,0,0,LEADER,1,0,0,0,0,88
241741,96,adaptive-prasle,1534,1,0,0,88,0,1232,0,1,96,240207,1534,0,89,0,0,0,LEADER,1,0,0,0,0,88
242041,74,adaptive-prasle,1837,1,0,0,88,0,1232,0,1,74,240204,1837,0,89,0,0,0,LEADER,1,0,0,0,0,88
241974,49,adaptive-prasle,1767,1,0,0,88,0,1232,0,1,49,240207,1767,0,89,0,0,0,LEADER,1,0,0,0,0,88
242435,92,adaptive-prasle,2228,1,0,0,88,0,1232,0,1,92,240207,2228,0,89,0,0,0,LEADER,1,0,0,0,0,88
241643,66,adaptive-prasle,1434,1,0,0,88,0,1232,0,1,66,240209,1434,0,89,0,0,0,LEADER,1,0,0,0,0,88
241666,57,adaptive-prasle,2380,1,0,0,87,0,1218,0,1,57,239286,2380,0,88,0,0,0,LEADER,1,0,0,0,0,87
242467,78,adaptive-prasle,2260,1,0,0,88,0,1232,0,1,78,240207,2260,0,89,0,0,0,LEADER,1,0,0,0,0,88
241632,39,adaptive-prasle,2346,1,0,0,87,0,1218,0,1,39,239286,2346,0,88,0,0,0,LEADER,1,0,0,0,0,87
242350,30,adaptive-prasle,2143,1,0,0,88,0,1232,0,1,30,240207,2143,0,89,0,0,0,LEADER,1,0,0,0,0,88
241756,64,adaptive-prasle,1549,1,0,0,88,0,1232,0,1,64,240207,1549,0,89,0,0,0,LEADER,1,0,0,0,0,88
241981,80,adaptive-prasle,1774,1,0,0,88,0,1232,0,1,80,240207,1774,0,89,0,0,0,LEADER,1,0,0,0,0,88
241716,54,adaptive-prasle,1516,1,0,0,88,0,1232,0,1,54,240200,1516,0,89,0,0,0,LEADER,1,0,0,0,0,88
242247,43,adaptive-prasle,2040,1,0,0,88,0,1232,0,1,43,240207,2040,0,89,0,0,0,LEADER,1,0,0,0,0,88
242167,26,adaptive-prasle,1960,1,0,0,88,0,1232,0,1,26,240207,1960,0,89,0,0,0,LEADER,1,0,0,0,0,88
241795,42,adaptive-prasle,1591,1,0,0,88,0,1232,0,1,42,240204,1591,0,89,0,0,0,LEADER,1,0,0,0,0,88
241805,31,adaptive-prasle,1598,1,0,0,88,0,1232,0,1,31,240207,1598,0,89,0,0,0,LEADER,1,0,0,0,0,88
242562,94,adaptive-prasle,2355,1,0,0,88,0,1232,0,1,94,240207,2355,0,89,0,0,0,LEADER,1,0,0,0,0,88
242132,45,adaptive-prasle,1925,1,0,0,88,0,1232,0,1,45,240207,1925,0,89,0,0,0,LEADER,1,0,0,0,0,88
242505,60,adaptive-prasle,2298,1,0,0,88,0,1232,0,1,60,240207,2298,0,89,0,0,0,LEADER,1,0,0,0,0,88
242610,44,adaptive-prasle,1483,1,0,0,88,0,1232,0,1,44,241127,1483,0,89,0,0,0,LEADER,1,0,0,0,0,88
241859,51,adaptive-prasle,1652,1,0,0,88,0,1232,0,1,51,240207,1652,0,89,0,0,0,LEADER,1,0,0,0,0,88
242658,22,adaptive-prasle,1531,1,0,0,88,0,1232,0,1,22,241127,1531,0,89,0,0,0,LEADER,1,0,0,0,0,88
242216,33,adaptive-prasle,2007,1,0,0,88,0,1232,0,1,33,240209,2007,0,89,0,0,0,LEADER,1,0,0,0,0,88
242371,72,adaptive-prasle,2162,1,0,0,88,0,1232,0,1,72,240209,2162,0,89,0,0,0,LEADER,1,0,0,0,0,88
242159,24,adaptive-prasle,1952,1,0,0,88,0,1232,0,1,24,240207,1952,0,89,0,0,0,LEADER,1,0,0,0,0,88
242690,32,adaptive-prasle,1564,1,0,0,88,0,1232,0,1,32,241126,1564,0,89,0,0,0,LEADER,1,0,0,0,0,88
241878,93,adaptive-prasle,1671,1,0,0,88,0,1232,0,1,93,240207,1671,0,89,0,0,0,LEADER,1,0,0,0,0,88
242552,69,adaptive-prasle,2343,1,0,0,88,0,1232,0,1,69,240209,2343,0,89,0,0,0,LEADER,1,0,0,0,0,88
242537,79,adaptive-prasle,2331,1,0,0,88,0,1232,0,1,79,240206,2331,0,89,0,0,0,LEADER,1,0,0,0,0,88
242232,75,adaptive-prasle,2025,1,0,0,88,0,1232,0,1,75,240207,2025,0,89,0,0,0,LEADER,1,0,0,0,0,88
241959,81,adaptive-prasle,1752,1,0,0,88,0,1232,0,1,81,240207,1752,0,89,0,0,0,LEADER,1,0,0,0,0,88
241817,52,adaptive-prasle,1610,1,0,0,88,0,1232,0,1,52,240207,1610,0,89,0,0,0,LEADER,1,0,0,0,0,88
242296,21,adaptive-prasle,2088,1,0,0,88,0,1232,0,1,21,240208,2088,0,89,0,0,0,LEADER,1,0,0,0,0,88
242472,29,adaptive-prasle,2265,1,0,0,88,0,1232,0,1,29,240207,2265,0,89,0,0,0,LEADER,1,0,0,0,0,88
242048,100,adaptive-prasle,1841,1,0,0,88,0,1232,0,1,100,240207,1841,0,89,0,0,0,LEADER,1,0,0,0,0,88
241893,61,adaptive-prasle,1686,1,0,0,88,0,1232,0,1,61,240207,1686,0,89,0,0,0,LEADER,1,0,0,0,0,88
242457,91,adaptive-prasle,2250,1,0,0,88,0,1232,0,1,91,240207,2250,0,89,0,0,0,LEADER,1,0,0,0,0,88
242417,37,adaptive-prasle,2210,1,0,0,88,0,1232,0,1,37,240207,2210,0,89,0,0,0,LEADER,1,0,0,0,0,88
241960,38,adaptive-prasle,1755,1,0,0,88,0,1232,0,1,38,240205,1755,0,89,0,0,0,LEADER,1,0,0,0,0,88
242626,98,adaptive-prasle,2419,1,0,0,88,0,1232,0,1,98,240207,2419,0,89,0,0,0,LEADER,1,0,0,0,0,88
242484,27,adaptive-prasle,2280,1,0,0,88,0,1232,0,1,27,240204,2280,0,89,0,0,0,LEADER,1,0,0,0,0,88
242335,62,adaptive-prasle,2128,1,0,0,88,0,1232,0,1,62,240207,2128,0,89,0,0,0,LEADER,1,0,0,0,0,88
242144,56,adaptive-prasle,1937,1,0,0,88,0,1232,0,1,56,240207,1937,0,89,0,0,0,LEADER,1,0,0,0,0,88
242530,99,adaptive-prasle,2328,1,0,0,88,0,1232,0,1,99,240202,2328,0,89,0,0,0,LEADER,1,0,0,0,0,88
242410,48,adaptive-prasle,2202,1,0,0,88,0,1232,0,1,48,240208,2202,0,89,0,0,0,LEADER,1,0,0,0,0,88
241926,71,adaptive-prasle,1719,1,0,0,88,0,1232,0,1,71,240207,1719,0,89,0,0,0,LEADER,1,0,0,0,0,88
242151,87,adaptive-prasle,1944,1,0,0,88,0,1232,0,1,87,240207,1944,0,89,0,0,0,LEADER,1,0,0,0,0,88
242077,36,adaptive-prasle,1870,1,0,0,88,0,1232,0,1,36,240207,1870,0,89,0,0,0,LEADER,1,0,0,0,0,88
242573,77,adaptive-prasle,1446,1,0,0,88,0,1232,0,1,77,241127,1446,0,89,0,0,0,LEADER,1,0,0,0,0,88
242766,83,adaptive-prasle,1637,1,0,0,88,0,1232,0,1,83,241129,1637,0,89,0,0,0,LEADER,1,0,0,0,0,88
242266,85,adaptive-prasle,2059,1,0,0,88,0,1232,0,1,85,240207,2059,0,89,0,0,0,LEADER,1,0,0,0,0,88
242794,19,adaptive-prasle,1667,1,0,0,88,0,1232,0,1,19,241127,1667,0,89,0,0,0,LEADER,1,0,0,0,0,88
242949,65,adaptive-prasle,1822,1,0,0,88,0,1232,0,1,65,241127,1822,0,89,0,0,0,LEADER,1,0,0,0,0,88
242555,35,adaptive-prasle,1428,1,0,0,88,0,1232,0,1,35,241127,1428,0,89,0,0,0,LEADER,1,0,0,0,0,88
242570,86,adaptive-prasle,1443,1,0,0,88,0,1232,0,1,86,241127,1443,0,89,0,0,0,LEADER,1,0,0,0,0,88
242613,50,adaptive-prasle,2406,1,0,0,88,0,1232,0,1,50,240207,2406,0,89,0,0,0,LEADER,1,0,0,0,0,88
242628,55,adaptive-prasle,1501,1,0,0,88,0,1232,0,1,55,241127,1501,0,89,0,0,0,LEADER,1,0,0,0,0,88
242667,63,adaptive-prasle,1540,1,0,0,88,0,1232,0,1,63,241127,1540,0,89,0,0,0,LEADER,1,0,0,0,0,88
243031,46,adaptive-prasle,1904,1,0,0,88,0,1232,0,1,46,241127,1904,0,89,0,0,0,LEADER,1,0,0,0,0,88
242826,53,adaptive-prasle,1701,1,0,0,88,0,1232,0,1,53,241125,1701,0,89,0,0,0,LEADER,1,0,0,0,0,88
242181,23,adaptive-prasle,1974,1,0,0,88,0,1232,0,1,23,240207,1974,0,89,0,0,0,LEADER,1,0,0,0,0,88
243049,88,adaptive-prasle,1922,1,0,0,88,0,1232,0,1,88,241127,1922,0,89,0,0,0,LEADER,1,0,0,0,0,88
242576,34,adaptive-prasle,1449,1,0,0,88,0,1232,0,1,34,241127,1449,0,89,0,0,0,LEADER,1,0,0,0,0,88
242186,97,adaptive-prasle,1977,1,0,0,88,0,1232,0,1,97,240209,1977,0,89,0,0,0,LEADER,1,0,0,0,0,88
242304,20,adaptive-prasle,2095,1,0,0,88,0,1232,0,1,20,240209,2095,0,89,0,0,0,LEADER,1,0,0,0,0,88
242384,40,adaptive-prasle,2177,1,0,0,88,0,1232,0,1,40,240207,2177,0,89,0,0,0,LEADER,1,0,0,0,0,88
242309,47,adaptive-prasle,2100,1,0,0,88,0,1232,0,1,47,240209,2100,0,89,0,0,0,LEADER,1,0,0,0,0,88
243219,95,adaptive-prasle,2092,1,0,0,88,0,1232,0,1,95,241127,2092,0,89,0,0,0,LEADER,1,0,0,0,0,88
242602,25,adaptive-prasle,2395,1,0,0,88,0,1232,0,1,25,240207,2395,0,89,0,0,0,LEADER,1,0,0,0,0,88
243207,84,adaptive-prasle,2080,1,0,0,88,0,1232,0,1,84,241127,2080,0,89,0,0,0,LEADER,1,0,0,0,0,88
242484,70,adaptive-prasle,2277,1,0,0,88,0,1232,0,1,70,240207,2277,0,89,0,0,0,LEADER,1,0,0,0,0,88
242402,82,adaptive-prasle,2195,1,0,0,88,0,1232,0,1,82,240207,2195,0,89,0,0,0,LEADER,1,0,0,0,0,88
242620,67,adaptive-prasle,2413,1,0,0,88,0,1232,0,1,67,240207,2413,0,89,0,0,0,LEADER,1,0,0,0,0,88
242572,89,adaptive-prasle,2365,1,0,0,88,0,1232,0,1,89,240207,2365,0,89,0,0,0,LEADER,1,0,0,0,0,88
243240,28,adaptive-prasle,2113,1,0,0,88,0,1232,0,1,28,241127,2113,0,89,0,0,0,LEADER,1,0,0,0,0,88
242984,68,adaptive-prasle,1855,1,0,0,88,0,1232,0,1,68,241129,1855,0,89,0,0,0,LEADER,1,0,0,0,0,88
242935,90,adaptive-prasle,1807,1,0,0,88,0,1232,0,1,90,241128,1807,0,89,0,0,0,LEADER,1,0,0,0,0,88
242595,76,adaptive-prasle,1468,1,0,0,88,0,1232,0,1,76,241127,1468,0,89,0,0,0,LEADER,1,0,0,0,0,88
242916,10,adaptive-prasle,1789,1,0,0,88,0,1232,0,1,10,241127,1789,0,89,0,0,0,LEADER,1,0,0,0,0,88
243348,58,adaptive-prasle,2221,1,0,0,88,0,1232,0,1,58,241127,2221,0,89,0,0,0,LEADER,1,0,0,0,0,88
242731,73,adaptive-prasle,1604,1,0,0,88,0,1232,0,1,73,241127,1604,0,89,0,0,0,LEADER,1,0,0,0,0,88
242472,59,adaptive-prasle,2265,1,0,0,88,0,1232,0,1,59,240207,2265,0,89,0,0,0,LEADER,1,0,0,0,0,88
242746,41,adaptive-prasle,1619,1,0,0,88,0,1232,0,1,41,241127,1619,0,89,0,0,0,LEADER,1,0,0,0,0,88
242661,96,adaptive-prasle,1534,1,0,0,88,0,1232,0,1,96,241127,1534,0,89,0,0,0,LEADER,1,0,0,0,0,88
242961,74,adaptive-prasle,1837,1,0,0,88,0,1232,0,1,74,241124,1837,0,89,0,0,0,LEADER,1,0,0,0,0,88
242894,49,adaptive-prasle,1767,1,0,0,88,0,1232,0,1,49,241127,1767,0,89,0,0,0,LEADER,1,0,0,0,0,88
243355,92,adaptive-prasle,2228,1,0,0,88,0,1232,0,1,92,241127,2228,0,89,0,0,0,LEADER,1,0,0,0,0,88
242563,66,adaptive-prasle,1434,1,0,0,88,0,1232,0,1,66,241129,1434,0,89,0,0,0,LEADER,1,0,0,0,0,88
242587,57,adaptive-prasle,2380,1,0,0,88,0,1232,0,1,57,240207,2380,0,89,0,0,0,LEADER,1,0,0,0,0,88
243387,78,adaptive-prasle,2260,1,0,0,88,0,1232,0,1,78,241127,2260,0,89,0,0,0,LEADER,1,0,0,0,0,88
242553,39,adaptive-prasle,2346,1,0,0,88,0,1232,0,1,39,240207,2346,0,89,0,0,0,LEADER,1,0,0,0,0,88
243270,30,adaptive-prasle,2143,1,0,0,88,0,1232,0,1,30,241127,2143,0,89,0,0,0,LEADER,1,0,0,0,0,88
242676,64,adaptive-prasle,1549,1,0,0,88,0,1232,0,1,64,241127,1549,0,89,0,0,0,LEADER,1,0,0,0,0,88
242901,80,adaptive-prasle,1774,1,0,0,88,0,1232,0,1,80,241127,1774,0,89,0,0,0,LEADER,1,0,0,0,0,88
242636,54,adaptive-prasle,1516,1,0,0,88,0,1232,0,1,54,241120,1516,0,89,0,0,0,LEADER,1,0,0,0,0,88
243167,43,adaptive-prasle,2040,1,0,0,88,0,1232,0,1,43,241127,2040,0,89,0,0,0,LEADER,1,0,0,0,0,88
243087,26,adaptive-prasle,1960,1,0,0,88,0,1232,0,1,26,241127,1960,0,89,0,0,0,LEADER,1,0,0,0,0,88
242715,42,adaptive-prasle,1591,1,0,0,88,0,1232,0,1,42,241124,1591,0,89,0,0,0,LEADER,1,0,0,0,0,88
242725,31,adaptive-prasle,1598,1,0,0,88,0,1232,0,1,31,241127,1598,0,89,0,0,0,LEADER,1,0,0,0,0,88
243482,94,adaptive-prasle,2355,1,0,0,88,0,1232,0,1,94,241127,2355,0,89,0,0,0,LEADER,1,0,0,0,0,88
243052,45,adaptive-prasle,1925,1,0,0,88,0,1232,0,1,45,241127,1925,0,89,0,0,0,LEADER,1,0,0,0,0,88
243425,60,adaptive-prasle,2298,1,0,0,88,0,1232,0,1,60,241127,2298,0,89,0,0,0,LEADER,1,0,0,0,0,88
243530,44,adaptive-prasle,1483,1,0,0,88,0,1232,0,1,44,242047,1483,0,89,0,0,0,LEADER,1,0,0,0,0,88
242779,51,adaptive-prasle,1652,1,0,0,88,0,1232,0,1,51,241127,1652,0,89,0,0,0,LEADER,1,0,0,0,0,88
243578,22,adaptive-prasle,1531,1,0,0,88,0,1232,0,1,22,242047,1531,0,89,0,0,0,LEADER,1,0,0,0,0,88
243136,33,adaptive-prasle,2007,1,0,0,88,0,1232,0,1,33,241129,2007,0,89,0,0,0,LEADER,1,0,0,0,0,88
243291,72,adaptive-prasle,2162,1,0,0,88,0,1232,0,1,72,241129,2162,0,89,0,0,0,LEADER,1,0,0,0,0,88
243079,24,adaptive-prasle,1952,1,0,0,88,0,1232,0,1,24,241127,1952,0,89,0,0,0,LEADER,1,0,0,0,0,88
243610,32,adaptive-prasle,1564,1,0,0,88,0,1232,0,1,32,242046,1564,0,89,0,0,0,LEADER,1,0,0,0,0,88
242798,93,adaptive-prasle,1671,1,0,0,88,0,1232,0,1,93,241127,1671,0,89,0,0,0,LEADER,1,0,0,0,0,88
243457,79,adaptive-prasle,2331,1,0,0,88,0,1232,0,1,79,241126,2331,0,89,0,0,0,LEADER,1,0,0,0,0,88
243472,69,adaptive-prasle,2343,1,0,0,88,0,1232,0,1,69,241129,2343,0,89,0,0,0,LEADER,1,0,0,0,0,88
243152,75,adaptive-prasle,2025,1,0,0,88,0,1232,0,1,75,241127,2025,0,89,0,0,0,LEADER,1,0,0,0,0,88
242879,81,adaptive-prasle,1752,1,0,0,88,0,1232,0,1,81,241127,1752,0,89,0,0,0,LEADER,1,0,0,0,0,88
242737,52,adaptive-prasle,1610,1,0,0,88,0,1232,0,1,52,241127,1610,0,89,0,0,0,LEADER,1,0,0,0,0,88
243216,21,adaptive-prasle,2088,1,0,0,88,0,1232,0,1,21,241128,2088,0,89,0,0,0,LEADER,1,0,0,0,0,88
243392,29,adaptive-prasle,2265,1,0,0,88,0,1232,0,1,29,241127,2265,0,89,0,0,0,LEADER,1,0,0,0,0,88
242968,100,adaptive-prasle,1841,1,0,0,88,0,1232,0,1,100,241127,1841,0,89,0,0,0,LEADER,1,0,0,0,0,88
242813,61,adaptive-prasle,1686,1,0,0,88,0,1232,0,1,61,241127,1686,0,89,0,0,0,LEADER,1,0,0,0,0,88
243377,91,adaptive-prasle,2250,1,0,0,88,0,1232,0,1,91,241127,2250,0,89,0,0,0,LEADER,1,0,0,0,0,88
243337,37,adaptive-prasle,2210,1,0,0,88,0,1232,0,1,37,241127,2210,0,89,0,0,0,LEADER,1,0,0,0,0,88
242880,38,adaptive-prasle,1755,1,0,0,88,0,1232,0,1,38,241125,1755,0,89,0,0,0,LEADER,1,0,0,0,0,88
243546,98,adaptive-prasle,2419,1,0,0,88,0,1232,0,1,98,241127,2419,0,89,0,0,0,LEADER,1,0,0,0,0,88
243404,27,adaptive-prasle,2280,1,0,0,88,0,1232,0,1,27,241124,2280,0,89,0,0,0,LEADER,1,0,0,0,0,88
243255,62,adaptive-prasle,2128,1,0,0,88,0,1232,0,1,62,241127,2128,0,89,0,0,0,LEADER,1,0,0,0,0,88
243064,56,adaptive-prasle,1937,1,0,0,88,0,1232,0,1,56,241127,1937,0,89,0,0,0,LEADER,1,0,0,0,0,88
243450,99,adaptive-prasle,2328,1,0,0,88,0,1232,0,1,99,241122,2328,0,89,0,0,0,LEADER,1,0,0,0,0,88
243330,48,adaptive-prasle,2202,1,0,0,88,0,1232,0,1,48,241128,2202,0,89,0,0,0,LEADER,1,0,0,0,0,88
242846,71,adaptive-prasle,1719,1,0,0,88,0,1232,0,1,71,241127,1719,0,89,0,0,0,LEADER,1,0,0,0,0,88
243071,87,adaptive-prasle,1944,1,0,0,88,0,1232,0,1,87,241127,1944,0,89,0,0,0,LEADER,1,0,0,0,0,88
242997,36,adaptive-prasle,1870,1,0,0,88,0,1232,0,1,36,241127,1870,0,89,0,0,0,LEADER,1,0,0,0,0,88
243493,77,adaptive-prasle,1446,1,0,0,88,0,1232,0,1,77,242047,1446,0,89,0,0,0,LEADER,1,0,0,0,0,88
243686,83,adaptive-prasle,1637,1,0,0,88,0,1232,0,1,83,242049,1637,0,89,0,0,0,LEADER,1,0,0,0,0,88
243186,85,adaptive-prasle,2059,1,0,0,88,0,1232,0,1,85,241127,2059,0,89,0,0,0,LEADER,1,0,0,0,0,88
243714,19,adaptive-prasle,1667,1,0,0,88,0,1232,0,1,19,242047,1667,0,89,0,0,0,LEADER,1,0,0,0,0,88
243869,65,adaptive-prasle,1822,1,0,0,88,0,1232,0,1,65,242047,1822,0,89,0,0,0,LEADER,1,0,0,0,0,88
243475,35,adaptive-prasle,1428,1,0,0,88,0,1232,0,1,35,242047,1428,0,89,0,0,0,LEADER,1,0,0,0,0,88
243490,86,adaptive-prasle,1443,1,0,0,88,0,1232,0,1,86,242047,1443,0,89,0,0,0,LEADER,1,0,0,0,0,88
243533,50,adaptive-prasle,2406,1,0,0,88,0,1232,0,1,50,241127,2406,0,89,0,0,0,LEADER,1,0,0,0,0,88
243548,55,adaptive-prasle,1501,1,0,0,88,0,1232,0,1,55,242047,1501,0,89,0,0,0,LEADER,1,0,0,0,0,88
243587,63,adaptive-prasle,1540,1,0,0,88,0,1232,0,1,63,242047,1540,0,89,0,0,0,LEADER,1,0,0,0,0,88
243951,46,adaptive-prasle,1904,1,0,0,88,0,1232,0,1,46,242047,1904,0,89,0,0,0,LEADER,1,0,0,0,0,88
243746,53,adaptive-prasle,1701,1,0,0,88,0,1232,0,1,53,242045,1701,0,89,0,0,0,LEADER,1,0,0,0,0,88
243101,23,adaptive-prasle,1974,1,0,0,88,0,1232,0,1,23,241127,1974,0,89,0,0,0,LEADER,1,0,0,0,0,88
243969,88,adaptive-prasle,1922,1,0,0,88,0,1232,0,1,88,242047,1922,0,89,0,0,0,LEADER,1,0,0,0,0,88
243496,34,adaptive-prasle,1449,1,0,0,88,0,1232,0,1,34,242047,1449,0,89,0,0,0,LEADER,1,0,0,0,0,88
243106,97,adaptive-prasle,1977,1,0,0,88,0,1232,0,1,97,241129,1977,0,89,0,0,0,LEADER,1,0,0,0,0,88
243224,20,adaptive-prasle,2095,1,0,0,88,0,1232,0,1,20,241129,2095,0,89,0,0,0,LEADER,1,0,0,0,0,88
243304,40,adaptive-prasle,2177,1,0,0,88,0,1232,0,1,40,241127,2177,0,89,0,0,0,LEADER,1,0,0,0,0,88
243229,47,adaptive-prasle,2100,1,0,0,88,0,1232,0,1,47,241129,2100,0,89,0,0,0,LEADER,1,0,0,0,0,88
244139,95,adaptive-prasle,2092,1,0,0,88,0,1232,0,1,95,242047,2092,0,89,0,0,0,LEADER,1,0,0,0,0,88
243522,25,adaptive-prasle,2395,1,0,0,88,0,1232,0,1,25,241127,2395,0,89,0,0,0,LEADER,1,0,0,0,0,88
244127,84,adaptive-prasle,2080,1,0,0,88,0,1232,0,1,84,242047,2080,0,89,0,0,0,LEADER,1,0,0,0,0,88
243404,70,adaptive-prasle,2277,1,0,0,88,0,1232,0,1,70,241127,2277,0,89,0,0,0,LEADER,1,0,0,0,0,88
243322,82,adaptive-prasle,2195,1,0,0,88,0,1232,0,1,82,241127,2195,0,89,0,0,0,LEADER,1,0,0,0,0,88
243891,15,adaptive-prasle,2361,1,0,0,14,13,196,182,4,5,241530,2361,0,7,0,0,0,NORMAL,0,0,0,0,0,14
243540,67,adaptive-prasle,2413,1,0,0,88,0,1232,0,1,67,241127,2413,0,89,0,0,0,LEADER,1,0,0,0,0,88
243492,89,adaptive-prasle,2365,1,0,0,88,0,1232,0,1,89,241127,2365,0,89,0,0,0,LEADER,1,0,0,0,0,88
244160,28,adaptive-prasle,2113,1,0,0,88,0,1232,0,1,28,242047,2113,0,89,0,0,0,LEADER,1,0,0,0,0,88
243904,68,adaptive-prasle,1855,1,0,0,88,0,1232,0,1,68,242049,1855,0,89,0,0,0,LEADER,1,0,0,0,0,88
243855,90,adaptive-prasle,1807,1,0,0,88,0,1232,0,1,90,242048,1807,0,89,0,0,0,LEADER,1,0,0,0,0,88
243515,76,adaptive-prasle,1468,1,0,0,88,0,1232,0,1,76,242047,1468,0,89,0,0,0,LEADER,1,0,0,0,0,88
244268,58,adaptive-prasle,2221,1,0,0,88,0,1232,0,1,58,242047,2221,0,89,0,0,0,LEADER,1,0,0,0,0,88
243836,10,adaptive-prasle,1789,1,0,0,88,0,1232,0,1,10,242047,1789,0,89,0,0,0,LEADER,1,0,0,0,0,88
243651,73,adaptive-prasle,1604,1,0,0,88,0,1232,0,1,73,242047,1604,0,89,0,0,0,LEADER,1,0,0,0,0,88
243392,59,adaptive-prasle,2265,1,0,0,88,0,1232,0,1,59,241127,2265,0,89,0,0,0,LEADER,1,0,0,0,0,88
243666,41,adaptive-prasle,1619,1,0,0,88,0,1232,0,1,41,242047,1619,0,89,0,0,0,LEADER,1,0,0,0,0,88
243581,96,adaptive-prasle,1534,1,0,0,88,0,1232,0,1,96,242047,1534,0,89,0,0,0,LEADER,1,0,0,0,0,88
243881,74,adaptive-prasle,1837,1,0,0,88,0,1232,0,1,74,242044,1837,0,89,0,0,0,LEADER,1,0,0,0,0,88
243814,49,adaptive-prasle,1767,1,0,0,88,0,1232,0,1,49,242047,1767,0,89,0,0,0,LEADER,1,0,0,0,0,88
244275,92,adaptive-prasle,2228,1,0,0,88,0,1232,0,1,92,242047,2228,0,89,0,0,0,LEADER,1,0,0,0,0,88
243483,66,adaptive-prasle,1434,1,0,0,88,0,1232,0,1,66,242049,1434,0,89,0,0,0,LEADER,1,0,0,0,0,88
243507,57,adaptive-prasle,2380,1,0,0,88,0,1232,0,1,57,241127,2380,0,89,0,0,0,LEADER,1,0,0,0,0,88
244307,78,adaptive-prasle,2260,1,0,0,88,0,1232,0,1,78,242047,2260,0,89,0,0,0,LEADER,1,0,0,0,0,88
243473,39,adaptive-prasle,2346,1,0,0,88,0,1232,0,1,39,241127,2346,0,89,0,0,0,LEADER,1,0,0,0,0,88
244190,30,adaptive-prasle,2143,1,0,0,88,0,1232,0,1,30,242047,2143,0,89,0,0,0,LEADER,1,0,0,0,0,88
243596,64,adaptive-prasle,1549,1,0,0,88,0,1232,0,1,64,242047,1549,0,89,0,0,0,LEADER,1,0,0,0,0,88
243821,80,adaptive-prasle,1774,1,0,0,88,0,1232,0,1,80,242047,1774,0,89,0,0,0,LEADER,1,0,0,0,0,88
243556,54,adaptive-prasle,1516,1,0,0,88,0,1232,0,1,54,242040,1516,0,89,0,0,0,LEADER,1,0,0,0,0,88
244087,43,adaptive-prasle,2040,1,0,0,88,0,1232,0,1,43,242047,2040,0,89,0,0,0,LEADER,1,0,0,0,0,88
244007,26,adaptive-prasle,1960,1,0,0,88,0,1232,0,1,26,242047,1960,0,89,0,0,0,LEADER,1,0,0,0,0,88
243635,42,adaptive-prasle,1591,1,0,0,88,0,1232,0,1,42,242044,1591,0,89,0,0,0,LEADER,1,0,0,0,0,88
243645,31,adaptive-prasle,1598,1,0,0,88,0,1232,0,1,31,242047,1598,0,89,0,0,0,LEADER,1,0,0,0,0,88
244402,94,adaptive-prasle,2355,1,0,0,88,0,1232,0,1,94,242047,2355,0,89,0,0,0,LEADER,1,0,0,0,0,88
243972,45,adaptive-prasle,1925,1,0,0,88,0,1232,0,1,45,242047,1925,0,89,0,0,0,LEADER,1,0,0,0,0,88
244345,60,adaptive-prasle,2298,1,0,0,88,0,1232,0,1,60,242047,2298,0,89,0,0,0,LEADER,1,0,0,0,0,88
244451,44,adaptive-prasle,1483,1,0,0,89,0,1246,0,1,44,242968,1483,0,90,0,0,0,LEADER,1,0,0,0,0,89
243699,51,adaptive-prasle,1652,1,0,0,88,0,1232,0,1,51,242047,1652,0,89,0,0,0,LEADER,1,0,0,0,0,88
244056,33,adaptive-prasle,2007,1,0,0,88,0,1232,0,1,33,242049,2007,0,89,0,0,0,LEADER,1,0,0,0,0,88
244499,22,adaptive-prasle,1531,1,0,0,89,0,1246,0,1,22,242968,1531,0,90,0,0,0,LEADER,1,0,0,0,0,89
244211,72,adaptive-prasle,2162,1,0,0,88,0,1232,0,1,72,242049,2162,0,89,0,0,0,LEADER,1,0,0,0,0,88
243999,24,adaptive-prasle,1952,1,0,0,88,0,1232,0,1,24,242047,1952,0,89,0,0,0,LEADER,1,0,0,0,0,88
244531,32,adaptive-prasle,1564,1,0,0,89,0,1246,0,1,32,242967,1564,0,90,0,0,0,LEADER,1,0,0,0,0,89
243718,93,adaptive-prasle,1671,1,0,0,88,0,1232,0,1,93,242047,1671,0,89,0,0,0,LEADER,1,0,0,0,0,88
244377,79,adaptive-prasle,2331,1,0,0,88,0,1232,0,1,79,242046,2331,0,89,0,0,0,LEADER,1,0,0,0,0,88
244392,69,adaptive-prasle,2343,1,0,0,88,0,1232,0,1,69,242049,2343,0,89,0,0,0,LEADER,1,0,0,0,0,88
244072,75,adaptive-prasle,2025,1,0,0,88,0,1232,0,1,75,242047,2025,0,89,0,0,0,LEADER,1,0,0,0,0,88
243799,81,adaptive-prasle,1752,1,0,0,88,0,1232,0,1,81,242047,1752,0,89,0,0,0,LEADER,1,0,0,0,0,88
243657,52,adaptive-prasle,1610,1,0,0,88,0,1232,0,1,52,242047,1610,0,89,0,0,0,LEADER,1,0,0,0,0,88
244136,21,adaptive-prasle,2088,1,0,0,88,0,1232,0,1,21,242048,2088,0,89,0,0,0,LEADER,1,0,0,0,0,88
244312,29,adaptive-prasle,2265,1,0,0,88,0,1232,0,1,29,242047,2265,0,89,0,0,0,LEADER,1,0,0,0,0,88
243888,100,adaptive-prasle,1841,1,0,0,88,0,1232,0,1,100,242047,1841,0,89,0,0,0,LEADER,1,0,0,0,0,88
243733,61,adaptive-prasle,1686,1,0,0,88,0,1232,0,1,61,242047,1686,0,89,0,0,0,LEADER,1,0,0,0,0,88
244297,91,adaptive-prasle,2250,1,0,0,88,0,1232,0,1,91,242047,2250,0,89,0,0,0,LEADER,1,0,0,0,0,88
244257,37,adaptive-prasle,2210,1,0,0,88,0,1232,0,1,37,242047,2210,0,89,0,0,0,LEADER,1,0,0,0,0,88
243800,38,adaptive-prasle,1755,1,0,0,88,0,1232,0,1,38,242045,1755,0,89,0,0,0,LEADER,1,0,0,0,0,88
244466,98,adaptive-prasle,2419,1,0,0,88,0,1232,0,1,98,242047,2419,0,89,0,0,0,LEADER,1,0,0,0,0,88
244324,27,adaptive-prasle,2280,1,0,0,88,0,1232,0,1,27,242044,2280,0,89,0,0,0,LEADER,1,0,0,0,0,88
244175,62,adaptive-prasle,2128,1,0,0,88,0,1232,0,1,62,242047,2128,0,89,0,0,0,LEADER,1,0,0,0,0,88
243984,56,adaptive-prasle,1937,1,0,0,88,0,1232,0,1,56,242047,1937,0,89,0,0,0,LEADER,1,0,0,0,0,88
244370,99,adaptive-prasle,2328,1,0,0,88,0,1232,0,1,99,242042,2328,0,89,0,0,0,LEADER,1,0,0,0,0,88
244250,48,adaptive-prasle,2202,1,0,0,88,0,1232,0,1,48,242048,2202,0,89,0,0,0,LEADER,1,0,0,0,0,88
243766,71,adaptive-prasle,1719,1,0,0,88,0,1232,0,1,71,242047,1719,0,89,0,0,0,LEADER,1,0,0,0,0,88
243991,87,adaptive-prasle,1944,1,0,0,88,0,1232,0,1,87,242047,1944,0,89,0,0,0,LEADER,1,0,0,0,0,88
243917,36,adaptive-prasle,1870,1,0,0,88,0,1232,0,1,36,242047,1870,0,89,0,0,0,LEADER,1,0,0,0,0,88
244414,77,adaptive-prasle,1446,1,0,0,89,0,1246,0,1,77,242968,1446,0,90,0,0,0,LEADER,1,0,0,0,0,89
244607,83,adaptive-prasle,1637,1,0,0,89,0,1246,0,1,83,242970,1637,0,90,0,0,0,LEADER,1,0,0,0,0,89
244106,85,adaptive-prasle,2059,1,0,0,88,0,1232,0,1,85,242047,2059,0,89,0,0,0,LEADER,1,0,0,0,0,88
244635,19,adaptive-prasle,1667,1,0,0,89,0,1246,0,1,19,242968,1667,0,90,0,0,0,LEADER,1,0,0,0,0,89
244790,65,adaptive-prasle,1822,1,0,0,89,0,1246,0,1,65,242968,1822,0,90,0,0,0,LEADER,1,0,0,0,0,89
244396,35,adaptive-prasle,1428,1,0,0,89,0,1246,0,1,35,242968,1428,0,90,0,0,0,LEADER,1,0,0,0,0,89
244411,86,adaptive-prasle,1443,1,0,0,89,0,1246,0,1,86,242968,1443,0,90,0,0,0,LEADER,1,0,0,0,0,89
244453,50,adaptive-prasle,2406,1,0,0,88,0,1232,0,1,50,242047,2406,0,89,0,0,0,LEADER,1,0,0,0,0,88
244469,55,adaptive-prasle,1501,1,0,0,89,0,1246,0,1,55,242968,1501,0,90,0,0,0,LEADER,1,0,0,0,0,89
244508,63,adaptive-prasle,1540,1,0,0,89,0,1246,0,1,63,242968,1540,0,90,0,0,0,LEADER,1,0,0,0,0,89
244872,46,adaptive-prasle,1904,1,0,0,89,0,1246,0,1,46,242968,1904,0,90,0,0,0,LEADER,1,0,0,0,0,89
244667,53,adaptive-prasle,1701,1,0,0,89,0,1246,0,1,53,242966,1701,0,90,0,0,0,LEADER,1,0,0,0,0,89
244021,23,adaptive-prasle,1974,1,0,0,88,0,1232,0,1,23,242047,1974,0,89,0,0,0,LEADER,1,0,0,0,0,88
244890,88,adaptive-prasle,1922,1,0,0,89,0,1246,0,1,88,242968,1922,0,90,0,0,0,LEADER,1,0,0,0,0,89
244417,34,adaptive-prasle,1449,1,0,0,89,0,1246,0,1,34,242968,1449,0,90,0,0,0,LEADER,1,0,0,0,0,89
244026,97,adaptive-prasle,1977,1,0,0,88,0,1232,0,1,97,242049,1977,0,89,0,0,0,LEADER,1,0,0,0,0,88
244144,20,adaptive-prasle,2095,1,0,0,88,0,1232,0,1,20,242049,2095,0,89,0,0,0,LEADER,1,0,0,0,0,88
244224,40,adaptive-prasle,2177,1,0,0,88,0,1232,0,1,40,242047,2177,0,89,0,0,0,LEADER,1,0,0,0,0,88
244149,47,adaptive-prasle,2100,1,0,0,88,0,1232,0,1,47,242049,2100,0,89,0,0,0,LEADER,1,0,0,0,0,88
245060,95,adaptive-prasle,2092,1,0,0,89,0,1246,0,1,95,242968,2092,0,90,0,0,0,LEADER,1,0,0,0,0,89
244442,25,adaptive-prasle,2395,1,0,0,88,0,1232,0,1,25,242047,2395,0,89,0,0,0,LEADER,1,0,0,0,0,88
245048,84,adaptive-prasle,2080,1,0,0,89,0,1246,0,1,84,242968,2080,0,90,0,0,0,LEADER,1,0,0,0,0,89
244324,70,adaptive-prasle,2277,1,0,0,88,0,1232,0,1,70,242047,2277,0,89,0,0,0,LEADER,1,0,0,0,0,88
244242,82,adaptive-prasle,2195,1,0,0,88,0,1232,0,1,82,242047,2195,0,89,0,0,0,LEADER,1,0,0,0,0,88
244460,67,adaptive-prasle,2413,1,0,0,88,0,1232,0,1,67,242047,2413,0,89,0,0,0,LEADER,1,0,0,0,0,88
244412,89,adaptive-prasle,2365,1,0,0,88,0,1232,0,1,89,242047,2365,0,89,0,0,0,LEADER,1,0,0,0,0,88
245081,28,adaptive-prasle,2113,1,0,0,89,0,1246,0,1,28,242968,2113,0,90,0,0,0,LEADER,1,0,0,0,0,89
244825,68,adaptive-prasle,1855,1,0,0,89,0,1246,0,1,68,242970,1855,0,90,0,0,0,LEADER,1,0,0,0,0,89
244776,90,adaptive-prasle,1807,1,0,0,89,0,1246,0,1,90,242969,1807,0,90,0,0,0,LEADER,1,0,0,0,0,89
244436,76,adaptive-prasle,1468,1,0,0,89,0,1246,0,1,76,242968,1468,0,90,0,0,0,LEADER,1,0,0,0,0,89
244757,10,adaptive-prasle,1789,1,0,0,89,0,1246,0,1,10,242968,1789,0,90,0,0,0,LEADER,1,0,0,0,0,89
245189,58,adaptive-prasle,2221,1,0,0,89,0,1246,0,1,58,242968,2221,0,90,0,0,0,LEADER,1,0,0,0,0,89
244572,73,adaptive-prasle,1604,1,0,0,89,0,1246,0,1,73,242968,1604,0,90,0,0,0,LEADER,1,0,0,0,0,89
244312,59,adaptive-prasle,2265,1,0,0,88,0,1232,0,1,59,242047,2265,0,89,0,0,0,LEADER,1,0,0,0,0,88
244587,41,adaptive-prasle,1619,1,0,0,89,0,1246,0,1,41,242968,1619,0,90,0,0,0,LEADER,1,0,0,0,0,89
244502,96,adaptive-prasle,1534,1,0,0,89,0,1246,0,1,96,242968,1534,0,90,0,0,0,LEADER,1,0,0,0,0,89
244802,74,adaptive-prasle,1837,1,0,0,89,0,1246,0,1,74,242965,1837,0,90,0,0,0,LEADER,1,0,0,0,0,89
244735,49,adaptive-prasle,1767,1,0,0,89,0,1246,0,1,49,242968,1767,0,90,0,0,0,LEADER,1,0,0,0,0,89
245196,92,adaptive-prasle,2228,1,0,0,89,0,1246,0,1,92,242968,2228,0,90,0,0,0,LEADER,1,0,0,0,0,89
244404,66,adaptive-prasle,1434,1,0,0,89,0,1246,0,1,66,242970,1434,0,90,0,0,0,LEADER,1,0,0,0,0,89
244427,57,adaptive-prasle,2380,1,0,0,88,0,1232,0,1,57,242047,2380,0,89,0,0,0,LEADER,1,0,0,0,0,88
245228,78,adaptive-prasle,2260,1,0,0,89,0,1246,0,1,78,242968,2260,0,90,0,0,0,LEADER,1,0,0,0,0,89
244393,39,adaptive-prasle,2346,1,0,0,88,0,1232,0,1,39,242047,2346,0,89,0,0,0,LEADER,1,0,0,0,0,88
245111,30,adaptive-prasle,2143,1,0,0,89,0,1246,0,1,30,242968,2143,0,90,0,0,0,LEADER,1,0,0,0,0,89
244517,64,adaptive-prasle,1549,1,0,0,89,0,1246,0,1,64,242968,1549,0,90,0,0,0,LEADER,1,0,0,0,0,89
244742,80,adaptive-prasle,1774,1,0,0,89,0,1246,0,1,80,242968,1774,0,90,0,0,0,LEADER,1,0,0,0,0,89
244477,54,adaptive-prasle,1516,1,0,0,89,0,1246,0,1,54,242961,1516,0,90,0,0,0,LEADER,1,0,0,0,0,89
245008,43,adaptive-prasle,2040,1,0,0,89,0,1246,0,1,43,242968,2040,0,90,0,0,0,LEADER,1,0,0,0,0,89
244928,26,adaptive-prasle,1960,1,0,0,89,0,1246,0,1,26,242968,1960,0,90,0,0,0,LEADER,1,0,0,0,0,89
244556,42,adaptive-prasle,1591,1,0,0,89,0,1246,0,1,42,242965,1591,0,90,0,0,0,LEADER,1,0,0,0,0,89
244566,31,adaptive-prasle,1598,1,0,0,89,0,1246,0,1,31,242968,1598,0,90,0,0,0,LEADER,1,0,0,0,0,89
245323,94,adaptive-prasle,2355,1,0,0,89,0,1246,0,1,94,242968,2355,0,90,0,0,0,LEADER,1,0,0,0,0,89
244893,45,adaptive-prasle,1925,1,0,0,89,0,1246,0,1,45,242968,1925,0,90,0,0,0,LEADER,1,0,0,0,0,89
245266,60,adaptive-prasle,2298,1,0,0,89,0,1246,0,1,60,242968,2298,0,90,0,0,0,LEADER,1,0,0,0,0,89
245371,44,adaptive-prasle,1483,1,0,0,89,0,1246,0,1,44,243888,1483,0,90,0,0,0,LEADER,1,0,0,0,0,89
244620,51,adaptive-prasle,1652,1,0,0,89,0,1246,0,1,51,242968,1652,0,90,0,0,0,LEADER,1,0,0,0,0,89
245419,22,adaptive-prasle,1531,1,0,0,89,0,1246,0,1,22,243888,1531,0,90,0,0,0,LEADER,1,0,0,0,0,89
244977,33,adaptive-prasle,2007,1,0,0,89,0,1246,0,1,33,242970,2007,0,90,0,0,0,LEADER,1,0,0,0,0,89
245132,72,adaptive-prasle,2162,1,0,0,89,0,1246,0,1,72,242970,2162,0,90,0,0,0,LEADER,1,0,0,0,0,89
244920,24,adaptive-prasle,1952,1,0,0,89,0,1246,0,1,24,242968,1952,0,90,0,0,0,LEADER,1,0,0,0,0,89
245451,32,adaptive-prasle,1564,1,0,0,89,0,1246,0,1,32,243887,1564,0,90,0,0,0,LEADER,1,0,0,0,0,89
244639,93,adaptive-prasle,1671,1,0,0,89,0,1246,0,1,93,242968,1671,0,90,0,0,0,LEADER,1,0,0,0,0,89
245313,69,adaptive-prasle,2343,1,0,0,89,0,1246,0,1,69,242970,2343,0,90,0,0,0,LEADER,1,0,0,0,0,89
245298,79,adaptive-prasle,2331,1,0,0,89,0,1246,0,1,79,242967,2331,0,90,0,0,0,LEADER,1,0,0,0,0,89
244993,75,adaptive-prasle,2025,1,0,0,89,0,1246,0,1,75,242968,2025,0,90,0,0,0,LEADER,1,0,0,0,0,89
244720,81,adaptive-prasle,1752,1,0,0,89,0,1246,0,1,81,242968,1752,0,90,0,0,0,LEADER,1,0,0,0,0,89
244578,52,adaptive-prasle,1610,1,0,0,89,0,1246,0,1,52,242968,1610,0,90,0,0,0,LEADER,1,0,0,0,0,89
245233,29,adaptive-prasle,2265,1,0,0,89,0,1246,0,1,29,242968,2265,0,90,0,0,0,LEADER,1,0,0,0,0,89
245057,21,adaptive-prasle,2088,1,0,0,89,0,1246,0,1,21,242969,2088,0,90,0,0,0,LEADER,1,0,0,0,0,89
244809,100,adaptive-prasle,1841,1,0,0,89,0,1246,0,1,100,242968,1841,0,90,0,0,0,LEADER,1,0,0,0,0,89
244654,61,adaptive-prasle,1686,1,0,0,89,0,1246,0,1,61,242968,1686,0,90,0,0,0,LEADER,1,0,0,0,0,89
245218,91,adaptive-prasle,2250,1,0,0,89,0,1246,0,1,91,242968,2250,0,90,0,0,0,LEADER,1,0,0,0,0,89
245178,37,adaptive-prasle,2210,1,0,0,89,0,1246,0,1,37,242968,2210,0,90,0,0,0,LEADER,1,0,0,0,0,89
244721,38,adaptive-prasle,1755,1,0,0,89,0,1246,0,1,38,242966,1755,0,90,0,0,0,LEADER,1,0,0,0,0,89
245387,98,adaptive-prasle,2419,1,0,0,89,0,1246,0,1,98,242968,2419,0,90,0,0,0,LEADER,1,0,0,0,0,89
245245,27,adaptive-prasle,2280,1,0,0,89,0,1246,0,1,27,242965,2280,0,90,0,0,0,LEADER,1,0,0,0,0,89
245096,62,adaptive-prasle,2128,1,0,0,89,0,1246,0,1,62,242968,2128,0,90,0,0,0,LEADER,1,0,0,0,0,89
244905,56,adaptive-prasle,1937,1,0,0,89,0,1246,0,1,56,242968,1937,0,90,0,0,0,LEADER,1,0,0,0,0,89
245291,99,adaptive-prasle,2328,1,0,0,89,0,1246,0,1,99,242963,2328,0,90,0,0,0,LEADER,1,0,0,0,0,89
245171,48,adaptive-prasle,2202,1,0,0,89,0,1246,0,1,48,242969,2202,0,90,0,0,0,LEADER,1,0,0,0,0,89
244687,71,adaptive-prasle,1719,1,0,0,89,0,1246,0,1,71,242968,1719,0,90,0,0,0,LEADER,1,0,0,0,0,89
244912,87,adaptive-prasle,1944,1,0,0,89,0,1246,0,1,87,242968,1944,0,90,0,0,0,LEADER,1,0,0,0,0,89
244838,36,adaptive-prasle,1870,1,0,0,89,0,1246,0,1,36,242968,1870,0,90,0,0,0,LEADER,1,0,0,0,0,89
245334,77,adaptive-prasle,1446,1,0,0,89,0,1246,0,1,77,243888,1446,0,90,0,0,0,LEADER,1,0,0,0,0,89
245527,83,adaptive-prasle,1637,1,0,0,89,0,1246,0,1,83,243890,1637,0,90,0,0,0,LEADER,1,0,0,0,0,89
245027,85,adaptive-prasle,2059,1,0,0,89,0,1246,0,1,85,242968,2059,0,90,0,0,0,LEADER,1,0,0,0,0,89
245555,19,adaptive-prasle,1667,1,0,0,89,0,1246,0,1,19,243888,1667,0,90,0,0,0,LEADER,1,0,0,0,0,89
245710,65,adaptive-prasle,1822,1,0,0,89,0,1246,0,1,65,243888,1822,0,90,0,0,0,LEADER,1,0,0,0,0,89
245316,35,adaptive-prasle,1428,1,0,0,89,0,1246,0,1,35,243888,1428,0,90,0,0,0,LEADER,1,0,0,0,0,89
245331,86,adaptive-prasle,1443,1,0,0,89,0,1246,0,1,86,243888,1443,0,90,0,0,0,LEADER,1,0,0,0,0,89
245374,50,adaptive-prasle,2406,1,0,0,89,0,1246,0,1,50,242968,2406,0,90,0,0,0,LEADER,1,0,0,0,0,89
245389,55,adaptive-prasle,1501,1,0,0,89,0,1246,0,1,55,243888,1501,0,90,0,0,0,LEADER,1,0,0,0,0,89
245428,63,adaptive-prasle,1540,1,0,0,89,0,1246,0,1,63,243888,1540,0,90,0,0,0,LEADER,1,0,0,0,0,89
245792,46,adaptive-prasle,1904,1,0,0,89,0,1246,0,1,46,243888,1904,0,90,0,0,0,LEADER,1,0,0,0,0,89
245587,53,adaptive-prasle,1701,1,0,0,89,0,1246,0,1,53,243886,1701,0,90,0,0,0,LEADER,1,0,0,0,0,89
244942,23,adaptive-prasle,1974,1,0,0,89,0,1246,0,1,23,242968,1974,0,90,0,0,0,LEADER,1,0,0,0,0,89
245494,16,adaptive-prasle,1805,1,0,0,20,16,280,224,6,5,243689,1805,0,7,0,0,0,NORMAL,0,0,0,0,0,20
245810,88,adaptive-prasle,1922,1,0,0,89,0,1246,0,1,88,243888,1922,0,90,0,0,0,LEADER,1,0,0,0,0,89
245337,34,adaptive-prasle,1449,1,0,0,89,0,1246,0,1,34,243888,1449,0,90,0,0,0,LEADER,1,0,0,0,0,89
244947,97,adaptive-prasle,1977,1,0,0,89,0,1246,0,1,97,242970,1977,0,90,0,0,0,LEADER,1,0,0,0,0,89
245065,20,adaptive-prasle,2095,1,0,0,89,0,1246,0,1,20,242970,2095,0,90,0,0,0,LEADER,1,0,0,0,0,89
245145,40,adaptive-prasle,2177,1,0,0,89,0,1246,0,1,40,242968,2177,0,90,0,0,0,LEADER,1,0,0,0,0,89
245070,47,adaptive-prasle,2100,1,0,0,89,0,1246,0,1,47,242970,2100,0,90,0,0,0,LEADER,1,0,0,0,0,89
245980,95,adaptive-prasle,2092,1,0,0,89,0,1246,0,1,95,243888,2092,0,90,0,0,0,LEADER,1,0,0,0,0,89
245363,25,adaptive-prasle,2395,1,0,0,89,0,1246,0,1,25,242968,2395,0,90,0,0,0,LEADER,1,0,0,0,0,89
245968,84,adaptive-prasle,2080,1,0,0,89,0,1246,0,1,84,243888,2080,0,90,0,0,0,LEADER,1,0,0,0,0,89
245245,70,adaptive-prasle,2277,1,0,0,89,0,1246,0,1,70,242968,2277,0,90,0,0,0,LEADER,1,0,0,0,0,89
245163,82,adaptive-prasle,2195,1,0,0,89,0,1246,0,1,82,242968,2195,0,90,0,0,0,LEADER,1,0,0,0,0,89
245381,67,adaptive-prasle,2413,1,0,0,89,0,1246,0,1,67,242968,2413,0,90,0,0,0,LEADER,1,0,0,0,0,89
245333,89,adaptive-prasle,2365,1,0,0,89,0,1246,0,1,89,242968,2365,0,90,0,0,0,LEADER,1,0,0,0,0,89
246001,28,adaptive-prasle,2113,1,0,0,89,0,1246,0,1,28,243888,2113,0,90,0,0,0,LEADER,1,0,0,0,0,89
245745,68,adaptive-prasle,1855,1,0,0,89,0,1246,0,1,68,243890,1855,0,90,0,0,0,LEADER,1,0,0,0,0,89
245696,90,adaptive-prasle,1807,1,0,0,89,0,1246,0,1,90,243889,1807,0,90,0,0,0,LEADER,1,0,0,0,0,89
245356,76,adaptive-prasle,1468,1,0,0,89,0,1246,0,1,76,243888,1468,0,90,0,0,0,LEADER,1,0,0,0,0,89
245677,10,adaptive-prasle,1789,1,0,0,89,0,1246,0,1,10,243888,1789,0,90,0,0,0,LEADER,1,0,0,0,0,89
246109,58,adaptive-prasle,2221,1,0,0,89,0,1246,0,1,58,243888,2221,0,90,0,0,0,LEADER,1,0,0,0,0,89
245492,73,adaptive-prasle,1604,1,0,0,89,0,1246,0,1,73,243888,1604,0,90,0,0,0,LEADER,1,0,0,0,0,89
245233,59,adaptive-prasle,2265,1,0,0,89,0,1246,0,1,59,242968,2265,0,90,0,0,0,LEADER,1,0,0,0,0,89
245507,41,adaptive-prasle,1619,1,0,0,89,0,1246,0,1,41,243888,1619,0,90,0,0,0,LEADER,1,0,0,0,0,89
245422,96,adaptive-prasle,1534,1,0,0,89,0,1246,0,1,96,243888,1534,0,90,0,0,0,LEADER,1,0,0,0,0,89
245722,74,adaptive-prasle,1837,1,0,0,89,0,1246,0,1,74,243885,1837,0,90,0,0,0,LEADER,1,0,0,0,0,89
245655,49,adaptive-prasle,1767,1,0,0,89,0,1246,0,1,49,243888,1767,0,90,0,0,0,LEADER,1,0,0,0,0,89
246116,92,adaptive-prasle,2228,1,0,0,89,0,1246,0,1,92,243888,2228,0,90,0,0,0,LEADER,1,0,0,0,0,89
245324,66,adaptive-prasle,1434,1,0,0,89,0,1246,0,1,66,243890,1434,0,90,0,0,0,LEADER,1,0,0,0,0,89
245348,57,adaptive-prasle,2380,1,0,0,89,0,1246,0,1,57,242968,2380,0,90,0,0,0,LEADER,1,0,0,0,0,89
246148,78,adaptive-prasle,2260,1,0,0,89,0,1246,0,1,78,243888,2260,0,90,0,0,0,LEADER,1,0,0,0,0,89
245314,39,adaptive-prasle,2346,1,0,0,89,0,1246,0,1,39,242968,2346,0,90,0,0,0,LEADER,1,0,0,0,0,89
246031,30,adaptive-prasle,2143,1,0,0,89,0,1246,0,1,30,243888,2143,0,90,0,0,0,LEADER,1,0,0,0,0,89
245437,64,adaptive-prasle,1549,1,0,0,89,0,1246,0,1,64,243888,1549,0,90,0,0,0,LEADER,1,0,0,0,0,89
245662,80,adaptive-prasle,1774,1,0,0,89,0,1246,0,1,80,243888,1774,0,90,0,0,0,LEADER,1,0,0,0,0,89
245397,54,adaptive-prasle,1516,1,0,0,89,0,1246,0,1,54,243881,1516,0,90,0,0,0,LEADER,1,0,0,0,0,89
245928,43,adaptive-prasle,2040,1,0,0,89,0,1246,0,1,43,243888,2040,0,90,0,0,0,LEADER,1,0,0,0,0,89
245848,26,adaptive-prasle,1960,1,0,0,89,0,1246,0,1,26,243888,1960,0,90,0,0,0,LEADER,1,0,0,0,0,89
245476,42,adaptive-prasle,1591,1,0,0,89,0,1246,0,1,42,243885,1591,0,90,0,0,0,LEADER,1,0,0,0,0,89
245486,31,adaptive-prasle,1598,1,0,0,89,0,1246,0,1,31,243888,1598,0,90,0,0,0,LEADER,1,0,0,0,0,89
246243,94,adaptive-prasle,2355,1,0,0,89,0,1246,0,1,94,243888,2355,0,90,0,0,0,LEADER,1,0,0,0,0,89
245813,45,adaptive-prasle,1925,1,0,0,89,0,1246,0,1,45,243888,1925,0,90,0,0,0,LEADER,1,0,0,0,0,89
246186,60,adaptive-prasle,2298,1,0,0,89,0,1246,0,1,60,243888,2298,0,90,0,0,0,LEADER,1,0,0,0,0,89
246291,44,adaptive-prasle,1483,1,0,0,89,0,1246,0,1,44,244808,1483,0,90,0,0,0,LEADER,1,0,0,0,0,89
245540,51,adaptive-prasle,1652,1,0,0,89,0,1246,0,1,51,243888,1652,0,90,0,0,0,LEADER,1,0,0,0,0,89
246339,22,adaptive-prasle,1531,1,0,0,89,0,1246,0,1,22,244808,1531,0,90,0,0,0,LEADER,1,0,0,0,0,89
245897,33,adaptive-prasle,2007,1,0,0,89,0,1246,0,1,33,243890,2007,0,90,0,0,0,LEADER,1,0,0,0,0,89
246052,72,adaptive-prasle,2162,1,0,0,89,0,1246,0,1,72,243890,2162,0,90,0,0,0,LEADER,1,0,0,0,0,89
245840,24,adaptive-prasle,1952,1,0,0,89,0,1246,0,1,24,243888,1952,0,90,0,0,0,LEADER,1,0,0,0,0,89
246371,32,adaptive-prasle,1564,1,0,0,89,0,1246,0,1,32,244807,1564,0,90,0,0,0,LEADER,1,0,0,0,0,89
245559,93,adaptive-prasle,1671,1,0,0,89,0,1246,0,1,93,243888,1671,0,90,0,0,0,LEADER,1,0,0,0,0,89
246218,79,adaptive-prasle,2331,1,0,0,89,0,1246,0,1,79,243887,2331,0,90,0,0,0,LEADER,1,0,0,0,0,89
246233,69,adaptive-prasle,2343,1,0,0,89,0,1246,0,1,69,243890,2343,0,90,0,0,0,LEADER,1,0,0,0,0,89
245913,75,adaptive-prasle,2025,1,0,0,89,0,1246,0,1,75,243888,2025,0,90,0,0,0,LEADER,1,0,0,0,0,89
245640,81,adaptive-prasle,1752,1,0,0,89,0,1246,0,1,81,243888,1752,0,90,0,0,0,LEADER,1,0,0,0,0,89
245498,52,adaptive-prasle,1610,1,0,0,89,0,1246,0,1,52,243888,1610,0,90,0,0,0,LEADER,1,0,0,0,0,89
245977,21,adaptive-prasle,2088,1,0,0,89,0,1246,0,1,21,243889,2088,0,90,0,0,0,LEADER,1,0,0,0,0,89
246153,29,adaptive-prasle,2265,1,0,0,89,0,1246,0,1,29,243888,2265,0,90,0,0,0,LEADER,1,0,0,0,0,89
245729,100,adaptive-prasle,1841,1,0,0,89,0,1246,0,1,100,243888,1841,0,90,0,0,0,LEADER,1,0,0,0,0,89
245574,61,adaptive-prasle,1686,1,0,0,89,0,1246,0,1,61,243888,1686,0,90,0,0,0,LEADER,1,0,0,0,0,89
246138,91,adaptive-prasle,2250,1,0,0,89,0,1246,0,1,91,243888,2250,0,90,0,0,0,LEADER,1,0,0,0,0,89
246098,37,adaptive-prasle,2210,1,0,0,89,0,1246,0,1,37,243888,2210,0,90,0,0,0,LEADER,1,0,0,0,0,89
245641,38,adaptive-prasle,1755,1,0,0,89,0,1246,0,1,38,243886,1755,0,90,0,0,0,LEADER,1,0,0,0,0,89
246307,98,adaptive-prasle,2419,1,0,0,89,0,1246,0,1,98,243888,2419,0,90,0,0,0,LEADER,1,0,0,0,0,89
246165,27,adaptive-prasle,2280,1,0,0,89,0,1246,0,1,27,243885,2280,0,90,0,0,0,LEADER,1,0,0,0,0,89
246016,62,adaptive-prasle,2128,1,0,0,89,0,1246,0,1,62,243888,2128,0,90,0,0,0,LEADER,1,0,0,0,0,89
245825,56,adaptive-prasle,1937,1,0,0,89,0,1246,0,1,56,243888,1937,0,90,0,0,0,LEADER,1,0,0,0,0,89
246211,99,adaptive-prasle,2328,1,0,0,89,0,1246,0,1,99,243883,2328,0,90,0,0,0,LEADER,1,0,0,0,0,89
246091,48,adaptive-prasle,2202,1,0,0,89,0,1246,0,1,48,243889,2202,0,90,0,0,0,LEADER,1,0,0,0,0,89
245607,71,adaptive-prasle,1719,1,0,0,89,0,1246,0,1,71,243888,1719,0,90,0,0,0,LEADER,1,0,0,0,0,89
245832,87,adaptive-prasle,1944,1,0,0,89,0,1246,0,1,87,243888,1944,0,90,0,0,0,LEADER,1,0,0,0,0,89
245758,36,adaptive-prasle,1870,1,0,0,89,0,1246,0,1,36,243888,1870,0,90,0,0,0,LEADER,1,0,0,0,0,89
246254,77,adaptive-prasle,1446,1,0,0,89,0,1246,0,1,77,244808,1446,0,90,0,0,0,LEADER,1,0,0,0,0,89
246447,83,adaptive-prasle,1637,1,0,0,89,0,1246,0,1,83,244810,1637,0,90,0,0,0,LEADER,1,0,0,0,0,89
245947,85,adaptive-prasle,2059,1,0,0,89,0,1246,0,1,85,243888,2059,0,90,0,0,0,LEADER,1,0,0,0,0,89
246475,19,adaptive-prasle,1667,1,0,0,89,0,1246,0,1,19,244808,1667,0,90,0,0,0,LEADER,1,0,0,0,0,89
246630,65,adaptive-prasle,1822,1,0,0,89,0,1246,0,1,65,244808,1822,0,90,0,0,0,LEADER,1,0,0,0,0,89
246236,35,adaptive-prasle,1428,1,0,0,89,0,1246,0,1,35,244808,1428,0,90,0,0,0,LEADER,1,0,0,0,0,89
246251,86,adaptive-prasle,1443,1,0,0,89,0,1246,0,1,86,244808,1443,0,90,0,0,0,LEADER,1,0,0,0,0,89
246418,2,adaptive-prasle,1819,1,0,0,9,19,126,266,2,2,244599,1819,0,8,0,0,0,LEADER,1,0,0,0,0,9
246294,50,adaptive-prasle,2406,1,0,0,89,0,1246,0,1,50,243888,2406,0,90,0,0,0,LEADER,1,0,0,0,0,89
246309,55,adaptive-prasle,1501,1,0,0,89,0,1246,0,1,55,244808,1501,0,90,0,0,0,LEADER,1,0,0,0,0,89
246348,63,adaptive-prasle,1540,1,0,0,89,0,1246,0,1,63,244808,1540,0,90,0,0,0,LEADER,1,0,0,0,0,89
246712,46,adaptive-prasle,1904,1,0,0,89,0,1246,0,1,46,244808,1904,0,90,0,0,0,LEADER,1,0,0,0,0,89
246507,53,adaptive-prasle,1701,1,0,0,89,0,1246,0,1,53,244806,1701,0,90,0,0,0,LEADER,1,0,0,0,0,89
245862,23,adaptive-prasle,1974,1,0,0,89,0,1246,0,1,23,243888,1974,0,90,0,0,0,LEADER,1,0,0,0,0,89
246730,88,adaptive-prasle,1922,1,0,0,89,0,1246,0,1,88,244808,1922,0,90,0,0,0,LEADER,1,0,0,0,0,89
246257,34,adaptive-prasle,1449,1,0,0,89,0,1246,0,1,34,244808,1449,0,90,0,0,0,LEADER,1,0,0,0,0,89
245867,97,adaptive-prasle,1977,1,0,0,89,0,1246,0,1,97,243890,1977,0,90,0,0,0,LEADER,1,0,0,0,0,89
245985,20,adaptive-prasle,2095,1,0,0,89,0,1246,0,1,20,243890,2095,0,90,0,0,0,LEADER,1,0,0,0,0,89
246065,40,adaptive-prasle,2177,1,0,0,89,0,1246,0,1,40,243888,2177,0,90,0,0,0,LEADER,1,0,0,0,0,89
245990,47,adaptive-prasle,2100,1,0,0,89,0,1246,0,1,47,243890,2100,0,90,0,0,0,LEADER,1,0,0,0,0,89
246900,95,adaptive-prasle,2092,1,0,0,89,0,1246,0,1,95,244808,2092,0,90,0,0,0,LEADER,1,0,0,0,0,89
246283,25,adaptive-prasle,2395,1,0,0,89,0,1246,0,1,25,243888,2395,0,90,0,0,0,LEADER,1,0,0,0,0,89
246888,84,adaptive-prasle,2080,1,0,0,89,0,1246,0,1,84,244808,2080,0,90,0,0,0,LEADER,1,0,0,0,0,89
246165,70,adaptive-prasle,2277,1,0,0,89,0,1246,0,1,70,243888,2277,0,90,0,0,0,LEADER,1,0,0,0,0,89
246083,82,adaptive-prasle,2195,1,0,0,89,0,1246,0,1,82,243888,2195,0,90,0,0,0,LEADER,1,0,0,0,0,89
246301,67,adaptive-prasle,2413,1,0,0,89,0,1246,0,1,67,243888,2413,0,90,0,0,0,LEADER,1,0,0,0,0,89
246253,89,adaptive-prasle,2365,1,0,0,89,0,1246,0,1,89,243888,2365,0,90,0,0,0,LEADER,1,0,0,0,0,89
246921,28,adaptive-prasle,2113,1,0,0,89,0,1246,0,1,28,244808,2113,0,90,0,0,0,LEADER,1,0,0,0,0,89
246936,1,adaptive-prasle,2022,1,0,0,8,9,112,126,1,1,244914,2022,0,9,0,0,0,LEADER,1,0,0,0,0,8
246665,68,adaptive-prasle,1855,1,0,0,89,0,1246,0,1,68,244810,1855,0,90,0,0,0,LEADER,1,0,0,0,0,89
246616,90,adaptive-prasle,1807,1,0,0,89,0,1246,0,1,90,244809,1807,0,90,0,0,0,LEADER,1,0,0,0,0,89
246276,76,adaptive-prasle,1468,1,0,0,89,0,1246,0,1,76,244808,1468,0,90,0,0,0,LEADER,1,0,0,0,0,89
246597,10,adaptive-prasle,1789,1,0,0,89,0,1246,0,1,10,244808,1789,0,90,0,0,0,LEADER,1,0,0,0,0,89
247029,58,adaptive-prasle,2221,1,0,0,89,0,1246,0,1,58,244808,2221,0,90,0,0,0,LEADER,1,0,0,0,0,89
246412,73,adaptive-prasle,1604,1,0,0,89,0,1246,0,1,73,244808,1604,0,90,0,0,0,LEADER,1,0,0,0,0,89
246153,59,adaptive-prasle,2265,1,0,0,89,0,1246,0,1,59,243888,2265,0,90,0,0,0,LEADER,1,0,0,0,0,89
246427,41,adaptive-prasle,1619,1,0,0,89,0,1246,0,1,41,244808,1619,0,90,0,0,0,LEADER,1,0,0,0,0,89
246342,96,adaptive-prasle,1534,1,0,0,89,0,1246,0,1,96,244808,1534,0,90,0,0,0,LEADER,1,0,0,0,0,89
246642,74,adaptive-prasle,1837,1,0,0,89,0,1246,0,1,74,244805,1837,0,90,0,0,0,LEADER,1,0,0,0,0,89
246575,49,adaptive-prasle,1767,1,0,0,89,0,1246,0,1,49,244808,1767,0,90,0,0,0,LEADER,1,0,0,0,0,89
247036,92,adaptive-prasle,2228,1,0,0,89,0,1246,0,1,92,244808,2228,0,90,0,0,0,LEADER,1,0,0,0,0,89
246244,66,adaptive-prasle,1434,1,0,0,89,0,1246,0,1,66,244810,1434,0,90,0,0,0,LEADER,1,0,0,0,0,89
246268,57,adaptive-prasle,2380,1,0,0,89,0,1246,0,1,57,243888,2380,0,90,0,0,0,LEADER,1,0,0,0,0,89
247068,78,adaptive-prasle,2260,1,0,0,89,0,1246,0,1,78,244808,2260,0,90,0,0,0,LEADER,1,0,0,0,0,89
246234,39,adaptive-prasle,2346,1,0,0,89,0,1246,0,1,39,243888,2346,0,90,0,0,0,LEADER,1,0,0,0,0,89
246951,30,adaptive-prasle,2143,1,0,0,89,0,1246,0,1,30,244808,2143,0,90,0,0,0,LEADER,1,0,0,0,0,89
246357,64,adaptive-prasle,1549,1,0,0,89,0,1246,0,1,64,244808,1549,0,90,0,0,0,LEADER,1,0,0,0,0,89
246582,80,adaptive-prasle,1774,1,0,0,89,0,1246,0,1,80,244808,1774,0,90,0,0,0,LEADER,1,0,0,0,0,89
246317,54,adaptive-prasle,1516,1,0,0,89,0,1246,0,1,54,244801,1516,0,90,0,0,0,LEADER,1,0,0,0,0,89
246848,43,adaptive-prasle,2040,1,0,0,89,0,1246,0,1,43,244808,2040,0,90,0,0,0,LEADER,1,0,0,0,0,89
246768,26,adaptive-prasle,1960,1,0,0,89,0,1246,0,1,26,244808,1960,0,90,0,0,0,LEADER,1,0,0,0,0,89
246396,42,adaptive-prasle,1591,1,0,0,89,0,1246,0,1,42,244805,1591,0,90,0,0,0,LEADER,1,0,0,0,0,89
246406,31,adaptive-prasle,1598,1,0,0,89,0,1246,0,1,31,244808,1598,0,90,0,0,0,LEADER,1,0,0,0,0,89
247163,94,adaptive-prasle,2355,1,0,0,89,0,1246,0,1,94,244808,2355,0,90,0,0,0,LEADER,1,0,0,0,0,89
246733,45,adaptive-prasle,1925,1,0,0,89,0,1246,0,1,45,244808,1925,0,90,0,0,0,LEADER,1,0,0,0,0,89
247106,60,adaptive-prasle,2298,1,0,0,89,0,1246,0,1,60,244808,2298,0,90,0,0,0,LEADER,1,0,0,0,0,89
247212,44,adaptive-prasle,1483,1,0,0,90,0,1260,0,1,44,245729,1483,0,91,0,0,0,LEADER,1,0,0,0,0,90
246460,51,adaptive-prasle,1652,1,0,0,89,0,1246,0,1,51,244808,1652,0,90,0,0,0,LEADER,1,0,0,0,0,89
246817,33,adaptive-prasle,2007,1,0,0,89,0,1246,0,1,33,244810,2007,0,90,0,0,0,LEADER,1,0,0,0,0,89
247260,22,adaptive-prasle,1531,1,0,0,90,0,1260,0,1,22,245729,1531,0,91,0,0,0,LEADER,1,0,0,0,0,90
246972,72,adaptive-prasle,2162,1,0,0,89,0,1246,0,1,72,244810,2162,0,90,0,0,0,LEADER,1,0,0,0,0,89
246760,24,adaptive-prasle,1952,1,0,0,89,0,1246,0,1,24,244808,1952,0,90,0,0,0,LEADER,1,0,0,0,0,89
247292,32,adaptive-prasle,1564,1,0,0,90,0,1260,0,1,32,245728,1564,0,91,0,0,0,LEADER,1,0,0,0,0,90
246479,93,adaptive-prasle,1671,1,0,0,89,0,1246,0,1,93,244808,1671,0,90,0,0,0,LEADER,1,0,0,0,0,89
247138,79,adaptive-prasle,2331,1,0,0,89,0,1246,0,1,79,244807,2331,0,90,0,0,0,LEADER,1,0,0,0,0,89
247153,69,adaptive-prasle,2343,1,0,0,89,0,1246,0,1,69,244810,2343,0,90,0,0,0,LEADER,1,0,0,0,0,89
246833,75,adaptive-prasle,2025,1,0,0,89,0,1246,0,1,75,244808,2025,0,90,0,0,0,LEADER,1,0,0,0,0,89
246560,81,adaptive-prasle,1752,1,0,0,89,0,1246,0,1,81,244808,1752,0,90,0,0,0,LEADER,1,0,0,0,0,89
246418,52,adaptive-prasle,1610,1,0,0,89,0,1246,0,1,52,244808,1610,0,90,0,0,0,LEADER,1,0,0,0,0,89
246897,21,adaptive-prasle,2088,1,0,0,89,0,1246,0,1,21,244809,2088,0,90,0,0,0,LEADER,1,0,0,0,0,89
247073,29,adaptive-prasle,2265,1,0,0,89,0,1246,0,1,29,244808,2265,0,90,0,0,0,LEADER,1,0,0,0,0,89
246649,100,adaptive-prasle,1841,1,0,0,89,0,1246,0,1,100,244808,1841,0,90,0,0,0,LEADER,1,0,0,0,0,89
246494,61,adaptive-prasle,1686,1,0,0,89,0,1246,0,1,61,244808,1686,0,90,0,0,0,LEADER,1,0,0,0,0,89
247058,91,adaptive-prasle,2250,1,0,0,89,0,1246,0,1,91,244808,2250,0,90,0,0,0,LEADER,1,0,0,0,0,89
247018,37,adaptive-prasle,2210,1,0,0,89,0,1246,0,1,37,244808,2210,0,90,0,0,0,LEADER,1,0,0,0,0,89
246561,38,adaptive-prasle,1755,1,0,0,89,0,1246,0,1,38,244806,1755,0,90,0,0,0,LEADER,1,0,0,0,0,89
247227,98,adaptive-prasle,2419,1,0,0,89,0,1246,0,1,98,244808,2419,0,90,0,0,0,LEADER,1,0,0,0,0,89
247085,27,adaptive-prasle,2280,1,0,0,89,0,1246,0,1,27,244805,2280,0,90,0,0,0,LEADER,1,0,0,0,0,89
246745,56,adaptive-prasle,1937,1,0,0,89,0,1246,0,1,56,244808,1937,0,90,0,0,0,LEADER,1,0,0,0,0,89
246936,62,adaptive-prasle,2128,1,0,0,89,0,1246,0,1,62,244808,2128,0,90,0,0,0,LEADER,1,0,0,0,0,89
247131,99,adaptive-prasle,2328,1,0,0,89,0,1246,0,1,99,244803,2328,0,90,0,0,0,LEADER,1,0,0,0,0,89
247011,48,adaptive-prasle,2202,1,0,0,89,0,1246,0,1,48,244809,2202,0,90,0,0,0,LEADER,1,0,0,0,0,89
246527,71,adaptive-prasle,1719,1,0,0,89,0,1246,0,1,71,244808,1719,0,90,0,0,0,LEADER,1,0,0,0,0,89
246752,87,adaptive-prasle,1944,1,0,0,89,0,1246,0,1,87,244808,1944,0,90,0,0,0,LEADER,1,0,0,0,0,89
246678,36,adaptive-prasle,1870,1,0,0,89,0,1246,0,1,36,244808,1870,0,90,0,0,0,LEADER,1,0,0,0,0,89
247175,77,adaptive-prasle,1446,1,0,0,90,0,1260,0,1,77,245729,1446,0,91,0,0,0,LEADER,1,0,0,0,0,90
247368,83,adaptive-prasle,1637,1,0,0,90,0,1260,0,1,83,245731,1637,0,91,0,0,0,LEADER,1,0,0,0,0,90
246867,85,adaptive-prasle,2059,1,0,0,89,0,1246,0,1,85,244808,2059,0,90,0,0,0,LEADER,1,0,0,0,0,89
247396,19,adaptive-prasle,1667,1,0,0,90,0,1260,0,1,19,245729,1667,0,91,0,0,0,LEADER,1,0,0,0,0,90
247551,65,adaptive-prasle,1822,1,0,0,90,0,1260,0,1,65,245729,1822,0,91,0,0,0,LEADER,1,0,0,0,0,90
247157,35,adaptive-prasle,1428,1,0,0,90,0,1260,0,1,35,245729,1428,0,91,0,0,0,LEADER,1,0,0,0,0,90
247172,86,adaptive-prasle,1443,1,0,0,90,0,1260,0,1,86,245729,1443,0,91,0,0,0,LEADER,1,0,0,0,0,90
247214,50,adaptive-prasle,2406,1,0,0,89,0,1246,0,1,50,244808,2406,0,90,0,0,0,LEADER,1,0,0,0,0,89
247230,55,adaptive-prasle,1501,1,0,0,90,0,1260,0,1,55,245729,1501,0,91,0,0,0,LEADER,1,0,0,0,0,90
247269,63,adaptive-prasle,1540,1,0,0,90,0,1260,0,1,63,245729,1540,0,91,0,0,0,LEADER,1,0,0,0,0,90
247633,46,adaptive-prasle,1904,1,0,0,90,0,1260,0,1,46,245729,1904,0,91,0,0,0,LEADER,1,0,0,0,0,90
247428,53,adaptive-prasle,1701,1,0,0,90,0,1260,0,1,53,245727,1701,0,91,0,0,0,LEADER,1,0,0,0,0,90
246782,23,adaptive-prasle,1974,1,0,0,89,0,1246,0,1,23,244808,1974,0,90,0,0,0,LEADER,1,0,0,0,0,89
247651,88,adaptive-prasle,1922,1,0,0,90,0,1260,0,1,88,245729,1922,0,91,0,0,0,LEADER,1,0,0,0,0,90
247178,34,adaptive-prasle,1449,1,0,0,90,0,1260,0,1,34,245729,1449,0,91,0,0,0,LEADER,1,0,0,0,0,90
246787,97,adaptive-prasle,1977,1,0,0,89,0,1246,0,1,97,244810,1977,0,90,0,0,0,LEADER,1,0,0,0,0,89
246905,20,adaptive-prasle,2095,1,0,0,89,0,1246,0,1,20,244810,2095,0,90,0,0,0,LEADER,1,0,0,0,0,89
246985,40,adaptive-prasle,2177,1,0,0,89,0,1246,0,1,40,244808,2177,0,90,0,0,0,LEADER,1,0,0,0,0,89
246910,47,adaptive-prasle,2100,1,0,0,89,0,1246,0,1,47,244810,2100,0,90,0,0,0,LEADER,1,0,0,0,0,89
247821,95,adaptive-prasle,2092,1,0,0,90,0,1260,0,1,95,245729,2092,0,91,0,0,0,LEADER,1,0,0,0,0,90
247203,25,adaptive-prasle,2395,1,0,0,89,0,1246,0,1,25,244808,2395,0,90,0,0,0,LEADER,1,0,0,0,0,89
247809,84,adaptive-prasle,2080,1,0,0,90,0,1260,0,1,84,245729,2080,0,91,0,0,0,LEADER,1,0,0,0,0,90
247085,70,adaptive-prasle,2277,1,0,0,89,0,1246,0,1,70,244808,2277,0,90,0,0,0,LEADER,1,0,0,0,0,89
247003,82,adaptive-prasle,2195,1,0,0,89,0,1246,0,1,82,244808,2195,0,90,0,0,0,LEADER,1,0,0,0,0,89
247221,67,adaptive-prasle,2413,1,0,0,89,0,1246,0,1,67,244808,2413,0,90,0,0,0,LEADER,1,0,0,0,0,89
247173,89,adaptive-prasle,2365,1,0,0,89,0,1246,0,1,89,244808,2365,0,90,0,0,0,LEADER,1,0,0,0,0,89
247842,28,adaptive-prasle,2113,1,0,0,90,0,1260,0,1,28,245729,2113,0,91,0,0,0,LEADER,1,0,0,0,0,90
247586,68,adaptive-prasle,1855,1,0,0,90,0,1260,0,1,68,245731,1855,0,91,0,0,0,LEADER,1,0,0,0,0,90
247537,90,adaptive-prasle,1807,1,0,0,90,0,1260,0,1,90,245730,1807,0,91,0,0,0,LEADER,1,0,0,0,0,90
247197,76,adaptive-prasle,1468,1,0,0,90,0,1260,0,1,76,245729,1468,0,91,0,0,0,LEADER,1,0,0,0,0,90
247518,10,adaptive-prasle,1789,1,0,0,90,0,1260,0,1,10,245729,1789,0,91,0,0,0,LEADER,1,0,0,0,0,90
247950,58,adaptive-prasle,2221,1,0,0,90,0,1260,0,1,58,245729,2221,0,91,0,0,0,LEADER,1,0,0,0,0,90
247333,73,adaptive-prasle,1604,1,0,0,90,0,1260,0,1,73,245729,1604,0,91,0,0,0,LEADER,1,0,0,0,0,90
247073,59,adaptive-prasle,2265,1,0,0,89,0,1246,0,1,59,244808,2265,0,90,0,0,0,LEADER,1,0,0,0,0,89
247348,41,adaptive-prasle,1619,1,0,0,90,0,1260,0,1,41,245729,1619,0,91,0,0,0,LEADER,1,0,0,0,0,90
247263,96,adaptive-prasle,1534,1,0,0,90,0,1260,0,1,96,245729,1534,0,91,0,0,0,LEADER,1,0,0,0,0,90
247563,74,adaptive-prasle,1837,1,0,0,90,0,1260,0,1,74,245726,1837,0,91,0,0,0,LEADER,1,0,0,0,0,90
247496,49,adaptive-prasle,1767,1,0,0,90,0,1260,0,1,49,245729,1767,0,91,0,0,0,LEADER,1,0,0,0,0,90
247957,92,adaptive-prasle,2228,1,0,0,90,0,1260,0,1,92,245729,2228,0,91,0,0,0,LEADER,1,0,0,0,0,90
247165,66,adaptive-prasle,1434,1,0,0,90,0,1260,0,1,66,245731,1434,0,91,0,0,0,LEADER,1,0,0,0,0,90
247188,57,adaptive-prasle,2380,1,0,0,89,0,1246,0,1,57,244808,2380,0,90,0,0,0,LEADER,1,0,0,0,0,89
247989,78,adaptive-prasle,2260,1,0,0,90,0,1260,0,1,78,245729,2260,0,91,0,0,0,LEADER,1,0,0,0,0,90
247154,39,adaptive-prasle,2346,1,0,0,89,0,1246,0,1,39,244808,2346,0,90,0,0,0,LEADER,1,0,0,0,0,89
247872,30,adaptive-prasle,2143,1,0,0,90,0,1260,0,1,30,245729,2143,0,91,0,0,0,LEADER,1,0,0,0,0,90
247278,64,adaptive-prasle,1549,1,0,0,90,0,1260,0,1,64,245729,1549,0,91,0,0,0,LEADER,1,0,0,0,0,90
247503,80,adaptive-prasle,1774,1,0,0,90,0,1260,0,1,80,245729,1774,0,91,0,0,0,LEADER,1,0,0,0,0,90
247238,54,adaptive-prasle,1516,1,0,0,90,0,1260,0,1,54,245722,1516,0,91,0,0,0,LEADER,1,0,0,0,0,90
247769,43,adaptive-prasle,2040,1,0,0,90,0,1260,0,1,43,245729,2040,0,91,0,0,0,LEADER,1,0,0,0,0,90
247689,26,adaptive-prasle,1960,1,0,0,90,0,1260,0,1,26,245729,1960,0,91,0,0,0,LEADER,1,0,0,0,0,90
247317,42,adaptive-prasle,1591,1,0,0,90,0,1260,0,1,42,245726,1591,0,91,0,0,0,LEADER,1,0,0,0,0,90
247327,31,adaptive-prasle,1598,1,0,0,90,0,1260,0,1,31,245729,1598,0,91,0,0,0,LEADER,1,0,0,0,0,90
248084,94,adaptive-prasle,2355,1,0,0,90,0,1260,0,1,94,245729,2355,0,91,0,0,0,LEADER,1,0,0,0,0,90
247654,45,adaptive-prasle,1925,1,0,0,90,0,1260,0,1,45,245729,1925,0,91,0,0,0,LEADER,1,0,0,0,0,90
248027,60,adaptive-prasle,2298,1,0,0,90,0,1260,0,1,60,245729,2298,0,91,0,0,0,LEADER,1,0,0,0,0,90
248132,44,adaptive-prasle,1483,1,0,0,90,0,1260,0,1,44,246649,1483,0,91,0,0,0,LEADER,1,0,0,0,0,90
247381,51,adaptive-prasle,1652,1,0,0,90,0,1260,0,1,51,245729,1652,0,91,0,0,0,LEADER,1,0,0,0,0,90
248180,22,adaptive-prasle,1531,1,0,0,90,0,1260,0,1,22,246649,1531,0,91,0,0,0,LEADER,1,0,0,0,0,90
247738,33,adaptive-prasle,2007,1,0,0,90,0,1260,0,1,33,245731,2007,0,91,0,0,0,LEADER,1,0,0,0,0,90
247893,72,adaptive-prasle,2162,1,0,0,90,0,1260,0,1,72,245731,2162,0,91,0,0,0,LEADER,1,0,0,0,0,90
247681,24,adaptive-prasle,1952,1,0,0,90,0,1260,0,1,24,245729,1952,0,91,0,0,0,LEADER,1,0,0,0,0,90
248212,32,adaptive-prasle,1564,1,0,0,90,0,1260,0,1,32,246648,1564,0,91,0,0,0,LEADER,1,0,0,0,0,90
247400,93,adaptive-prasle,1671,1,0,0,90,0,1260,0,1,93,245729,1671,0,91,0,0,0,LEADER,1,0,0,0,0,90
248074,69,adaptive-prasle,2343,1,0,0,90,0,1260,0,1,69,245731,2343,0,91,0,0,0,LEADER,1,0,0,0,0,90
248059,79,adaptive-prasle,2331,1,0,0,90,0,1260,0,1,79,245728,2331,0,91,0,0,0,LEADER,1,0,0,0,0,90
247754,75,adaptive-prasle,2025,1,0,0,90,0,1260,0,1,75,245729,2025,0,91,0,0,0,LEADER,1,0,0,0,0,90
247481,81,adaptive-prasle,1752,1,0,0,90,0,1260,0,1,81,245729,1752,0,91,0,0,0,LEADER,1,0,0,0,0,90
247339,52,adaptive-prasle,1610,1,0,0,90,0,1260,0,1,52,245729,1610,0,91,0,0,0,LEADER,1,0,0,0,0,90
247818,21,adaptive-prasle,2088,1,0,0,90,0,1260,0,1,21,245730,2088,0,91,0,0,0,LEADER,1,0,0,0,0,90
247994,29,adaptive-prasle,2265,1,0,0,90,0,1260,0,1,29,245729,2265,0,91,0,0,0,LEADER,1,0,0,0,0,90
247570,100,adaptive-prasle,1841,1,0,0,90,0,1260,0,1,100,245729,1841,0,91,0,0,0,LEADER,1,0,0,0,0,90
247415,61,adaptive-prasle,1686,1,0,0,90,0,1260,0,1,61,245729,1686,0,91,0,0,0,LEADER,1,0,0,0,0,90
247979,91,adaptive-prasle,2250,1,0,0,90,0,1260,0,1,91,245729,2250,0,91,0,0,0,LEADER,1,0,0,0,0,90
247939,37,adaptive-prasle,2210,1,0,0,90,0,1260,0,1,37,245729,2210,0,91,0,0,0,LEADER,1,0,0,0,0,90
247482,38,adaptive-prasle,1755,1,0,0,90,0,1260,0,1,38,245727,1755,0,91,0,0,0,LEADER,1,0,0,0,0,90
248148,98,adaptive-prasle,2419,1,0,0,90,0,1260,0,1,98,245729,2419,0,91,0,0,0,LEADER,1,0,0,0,0,90
248005,27,adaptive-prasle,2280,1,0,0,90,0,1260,0,1,27,245725,2280,0,91,0,0,0,LEADER,1,0,0,0,0,90
247857,62,adaptive-prasle,2128,1,0,0,90,0,1260,0,1,62,245729,2128,0,91,0,0,0,LEADER,1,0,0,0,0,90
247666,56,adaptive-prasle,1937,1,0,0,90,0,1260,0,1,56,245729,1937,0,91,0,0,0,LEADER,1,0,0,0,0,90
248052,99,adaptive-prasle,2328,1,0,0,90,0,1260,0,1,99,245724,2328,0,91,0,0,0,LEADER,1,0,0,0,0,90
247932,48,adaptive-prasle,2202,1,0,0,90,0,1260,0,1,48,245730,2202,0,91,0,0,0,LEADER,1,0,0,0,0,90
247448,71,adaptive-prasle,1719,1,0,0,90,0,1260,0,1,71,245729,1719,0,91,0,0,0,LEADER,1,0,0,0,0,90
247673,87,adaptive-prasle,1944,1,0,0,90,0,1260,0,1,87,245729,1944,0,91,0,0,0,LEADER,1,0,0,0,0,90
247599,36,adaptive-prasle,1870,1,0,0,90,0,1260,0,1,36,245729,1870,0,91,0,0,0,LEADER,1,0,0,0,0,90
248095,77,adaptive-prasle,1446,1,0,0,90,0,1260,0,1,77,246649,1446,0,91,0,0,0,LEADER,1,0,0,0,0,90
248288,83,adaptive-prasle,1637,1,0,0,90,0,1260,0,1,83,246651,1637,0,91,0,0,0,LEADER,1,0,0,0,0,90
247788,85,adaptive-prasle,2059,1,0,0,90,0,1260,0,1,85,245729,2059,0,91,0,0,0,LEADER,1,0,0,0,0,90
248316,19,adaptive-prasle,1667,1,0,0,90,0,1260,0,1,19,246649,1667,0,91,0,0,0,LEADER,1,0,0,0,0,90
248471,65,adaptive-prasle,1822,1,0,0,90,0,1260,0,1,65,246649,1822,0,91,0,0,0,LEADER,1,0,0,0,0,90
248077,35,adaptive-prasle,1428,1,0,0,90,0,1260,0,1,35,246649,1428,0,91,0,0,0,LEADER,1,0,0,0,0,90
247687,3,adaptive-prasle,1603,1,0,0,11,22,154,308,2,3,246084,1603,0,9,0,0,0,LEADER,1,0,0,0,0,11
248092,86,adaptive-prasle,1443,1,0,0,90,0,1260,0,1,86,246649,1443,0,91,0,0,0,LEADER,1,0,0,0,0,90
248135,50,adaptive-prasle,2406,1,0,0,90,0,1260,0,1,50,245729,2406,0,91,0,0,0,LEADER,1,0,0,0,0,90
248150,55,adaptive-prasle,1501,1,0,0,90,0,1260,0,1,55,246649,1501,0,91,0,0,0,LEADER,1,0,0,0,0,90
248031,4,adaptive-prasle,2030,1,0,0,13,24,182,336,6,2,246001,2030,0,9,0,0,0,NORMAL,0,0,0,0,0,13
248189,63,adaptive-prasle,1540,1,0,0,90,0,1260,0,1,63,246649,1540,0,91,0,0,0,LEADER,1,0,0,0,0,90
248553,46,adaptive-prasle,1904,1,0,0,90,0,1260,0,1,46,246649,1904,0,91,0,0,0,LEADER,1,0,0,0,0,90
248348,53,adaptive-prasle,1701,1,0,0,90,0,1260,0,1,53,246647,1701,0,91,0,0,0,LEADER,1,0,0,0,0,90
247703,23,adaptive-prasle,1974,1,0,0,90,0,1260,0,1,23,245729,1974,0,91,0,0,0,LEADER,1,0,0,0,0,90
248571,88,adaptive-prasle,1922,1,0,0,90,0,1260,0,1,88,246649,1922,0,91,0,0,0,LEADER,1,0,0,0,0,90
248098,34,adaptive-prasle,1449,1,0,0,90,0,1260,0,1,34,246649,1449,0,91,0,0,0,LEADER,1,0,0,0,0,90
247708,97,adaptive-prasle,1977,1,0,0,90,0,1260,0,1,97,245731,1977,0,91,0,0,0,LEADER,1,0,0,0,0,90
247826,20,adaptive-prasle,2095,1,0,0,90,0,1260,0,1,20,245731,2095,0,91,0,0,0,LEADER,1,0,0,0,0,90
247906,40,adaptive-prasle,2177,1,0,0,90,0,1260,0,1,40,245729,2177,0,91,0,0,0,LEADER,1,0,0,0,0,90
247831,47,adaptive-prasle,2100,1,0,0,90,0,1260,0,1,47,245731,2100,0,91,0,0,0,LEADER,1,0,0,0,0,90
248741,95,adaptive-prasle,2092,1,0,0,90,0,1260,0,1,95,246649,2092,0,91,0,0,0,LEADER,1,0,0,0,0,90
248124,25,adaptive-prasle,2395,1,0,0,90,0,1260,0,1,25,245729,2395,0,91,0,0,0,LEADER,1,0,0,0,0,90
248729,84,adaptive-prasle,2080,1,0,0,90,0,1260,0,1,84,246649,2080,0,91,0,0,0,LEADER,1,0,0,0,0,90
248006,70,adaptive-prasle,2277,1,0,0,90,0,1260,0,1,70,245729,2277,0,91,0,0,0,LEADER,1,0,0,0,0,90
247924,82,adaptive-prasle,2195,1,0,0,90,0,1260,0,1,82,245729,2195,0,91,0,0,0,LEADER,1,0,0,0,0,90
248142,67,adaptive-prasle,2413,1,0,0,90,0,1260,0,1,67,245729,2413,0,91,0,0,0,LEADER,1,0,0,0,0,90
248094,89,adaptive-prasle,2365,1,0,0,90,0,1260,0,1,89,245729,2365,0,91,0,0,0,LEADER,1,0,0,0,0,90
248762,28,adaptive-prasle,2113,1,0,0,90,0,1260,0,1,28,246649,2113,0,91,0,0,0,LEADER,1,0,0,0,0,90
248506,68,adaptive-prasle,1855,1,0,0,90,0,1260,0,1,68,246651,1855,0,91,0,0,0,LEADER,1,0,0,0,0,90
248457,90,adaptive-prasle,1807,1,0,0,90,0,1260,0,1,90,246650,1807,0,91,0,0,0,LEADER,1,0,0,0,0,90
248117,76,adaptive-prasle,1468,1,0,0,90,0,1260,0,1,76,246649,1468,0,91,0,0,0,LEADER,1,0,0,0,0,90
248438,10,adaptive-prasle,1789,1,0,0,90,0,1260,0,1,10,246649,1789,0,91,0,0,0,LEADER,1,0,0,0,0,90
248870,58,adaptive-prasle,2221,1,0,0,90,0,1260,0,1,58,246649,2221,0,91,0,0,0,LEADER,1,0,0,0,0,90
248253,73,adaptive-prasle,1604,1,0,0,90,0,1260,0,1,73,246649,1604,0,91,0,0,0,LEADER,1,0,0,0,0,90
247994,59,adaptive-prasle,2265,1,0,0,90,0,1260,0,1,59,245729,2265,0,91,0,0,0,LEADER,1,0,0,0,0,90
248268,41,adaptive-prasle,1619,1,0,0,90,0,1260,0,1,41,246649,1619,0,91,0,0,0,LEADER,1,0,0,0,0,90
248183,96,adaptive-prasle,1534,1,0,0,90,0,1260,0,1,96,246649,1534,0,91,0,0,0,LEADER,1,0,0,0,0,90
248483,74,adaptive-prasle,1837,1,0,0,90,0,1260,0,1,74,246646,1837,0,91,0,0,0,LEADER,1,0,0,0,0,90
248416,49,adaptive-prasle,1767,1,0,0,90,0,1260,0,1,49,246649,1767,0,91,0,0,0,LEADER,1,0,0,0,0,90
248877,92,adaptive-prasle,2228,1,0,0,90,0,1260,0,1,92,246649,2228,0,91,0,0,0,LEADER,1,0,0,0,0,90
248085,66,adaptive-prasle,1434,1,0,0,90,0,1260,0,1,66,246651,1434,0,91,0,0,0,LEADER,1,0,0,0,0,90
248109,57,adaptive-prasle,2380,1,0,0,90,0,1260,0,1,57,245729,2380,0,91,0,0,0,LEADER,1,0,0,0,0,90
248909,78,adaptive-prasle,2260,1,0,0,90,0,1260,0,1,78,246649,2260,0,91,0,0,0,LEADER,1,0,0,0,0,90
248075,39,adaptive-prasle,2346,1,0,0,90,0,1260,0,1,39,245729,2346,0,91,0,0,0,LEADER,1,0,0,0,0,90
248792,30,adaptive-prasle,2143,1,0,0,90,0,1260,0,1,30,246649,2143,0,91,0,0,0,LEADER,1,0,0,0,0,90
248198,64,adaptive-prasle,1549,1,0,0,90,0,1260,0,1,64,246649,1549,0,91,0,0,0,LEADER,1,0,0,0,0,90
248423,80,adaptive-prasle,1774,1,0,0,90,0,1260,0,1,80,246649,1774,0,91,0,0,0,LEADER,1,0,0,0,0,90
248952,9,adaptive-prasle,1889,1,0,0,20,21,280,294,7,5,247063,1889,0,8,0,0,0,NORMAL,0,0,0,0,0,20
248158,54,adaptive-prasle,1516,1,0,0,90,0,1260,0,1,54,246642,1516,0,91,0,0,0,LEADER,1,0,0,0,0,90
248689,43,adaptive-prasle,2040,1,0,0,90,0,1260,0,1,43,246649,2040,0,91,0,0,0,LEADER,1,0,0,0,0,90
248609,26,adaptive-prasle,1960,1,0,0,90,0,1260,0,1,26,246649,1960,0,91,0,0,0,LEADER,1,0,0,0,0,90
248237,42,adaptive-prasle,1591,1,0,0,90,0,1260,0,1,42,246646,1591,0,91,0,0,0,LEADER,1,0,0,0,0,90
248247,31,adaptive-prasle,1598,1,0,0,90,0,1260,0,1,31,246649,1598,0,91,0,0,0,LEADER,1,0,0,0,0,90
249004,94,adaptive-prasle,2355,1,0,0,90,0,1260,0,1,94,246649,2355,0,91,0,0,0,LEADER,1,0,0,0,0,90
248574,45,adaptive-prasle,1925,1,0,0,90,0,1260,0,1,45,246649,1925,0,91,0,0,0,LEADER,1,0,0,0,0,90
248947,60,adaptive-prasle,2298,1,0,0,90,0,1260,0,1,60,246649,2298,0,91,0,0,0,LEADER,1,0,0,0,0,90
249052,44,adaptive-prasle,1483,1,0,0,90,0,1260,0,1,44,247569,1483,0,91,0,0,0,LEADER,1,0,0,0,0,90
248301,51,adaptive-prasle,1652,1,0,0,90,0,1260,0,1,51,246649,1652,0,91,0,0,0,LEADER,1,0,0,0,0,90
248658,33,adaptive-prasle,2007,1,0,0,90,0,1260,0,1,33,246651,2007,0,91,0,0,0,LEADER,1,0,0,0,0,90
249100,22,adaptive-prasle,1531,1,0,0,90,0,1260,0,1,22,247569,1531,0,91,0,0,0,LEADER,1,0,0,0,0,90
248813,72,adaptive-prasle,2162,1,0,0,90,0,1260,0,1,72,246651,2162,0,91,0,0,0,LEADER,1,0,0,0,0,90
248601,24,adaptive-prasle,1952,1,0,0,90,0,1260,0,1,24,246649,1952,0,91,0,0,0,LEADER,1,0,0,0,0,90
249132,32,adaptive-prasle,1564,1,0,0,90,0,1260,0,1,32,247568,1564,0,91,0,0,0,LEADER,1,0,0,0,0,90
248320,93,adaptive-prasle,1671,1,0,0,90,0,1260,0,1,93,246649,1671,0,91,0,0,0,LEADER,1,0,0,0,0,90
248979,79,adaptive-prasle,2331,1,0,0,90,0,1260,0,1,79,246648,2331,0,91,0,0,0,LEADER,1,0,0,0,0,90
248994,69,adaptive-prasle,2343,1,0,0,90,0,1260,0,1,69,246651,2343,0,91,0,0,0,LEADER,1,0,0,0,0,90
248674,75,adaptive-prasle,2025,1,0,0,90,0,1260,0,1,75,246649,2025,0,91,0,0,0,LEADER,1,0,0,0,0,90
248401,81,adaptive-prasle,1752,1,0,0,90,0,1260,0,1,81,246649,1752,0,91,0,0,0,LEADER,1,0,0,0,0,90
248259,52,adaptive-prasle,1610,1,0,0,90,0,1260,0,1,52,246649,1610,0,91,0,0,0,LEADER,1,0,0,0,0,90
248914,29,adaptive-prasle,2265,1,0,0,90,0,1260,0,1,29,246649,2265,0,91,0,0,0,LEADER,1,0,0,0,0,90
248738,21,adaptive-prasle,2088,1,0,0,90,0,1260,0,1,21,246650,2088,0,91,0,0,0,LEADER,1,0,0,0,0,90
248490,100,adaptive-prasle,1841,1,0,0,90,0,1260,0,1,100,246649,1841,0,91,0,0,0,LEADER,1,0,0,0,0,90
248335,61,adaptive-prasle,1686,1,0,0,90,0,1260,0,1,61,246649,1686,0,91,0,0,0,LEADER,1,0,0,0,0,90
248899,91,adaptive-prasle,2250,1,0,0,90,0,1260,0,1,91,246649,2250,0,91,0,0,0,LEADER,1,0,0,0,0,90
248859,37,adaptive-prasle,2210,1,0,0,90,0,1260,0,1,37,246649,2210,0,91,0,0,0,LEADER,1,0,0,0,0,90
248402,38,adaptive-prasle,1755,1,0,0,90,0,1260,0,1,38,246647,1755,0,91,0,0,0,LEADER,1,0,0,0,0,90
249068,98,adaptive-prasle,2419,1,0,0,90,0,1260,0,1,98,246649,2419,0,91,0,0,0,LEADER,1,0,0,0,0,90
248925,27,adaptive-prasle,2280,1,0,0,90,0,1260,0,1,27,246645,2280,0,91,0,0,0,LEADER,1,0,0,0,0,90
248777,62,adaptive-prasle,2128,1,0,0,90,0,1260,0,1,62,246649,2128,0,91,0,0,0,LEADER,1,0,0,0,0,90
248586,56,adaptive-prasle,1937,1,0,0,90,0,1260,0,1,56,246649,1937,0,91,0,0,0,LEADER,1,0,0,0,0,90
248972,99,adaptive-prasle,2328,1,0,0,90,0,1260,0,1,99,246644,2328,0,91,0,0,0,LEADER,1,0,0,0,0,90
248852,48,adaptive-prasle,2202,1,0,0,90,0,1260,0,1,48,246650,2202,0,91,0,0,0,LEADER,1,0,0,0,0,90
248368,71,adaptive-prasle,1719,1,0,0,90,0,1260,0,1,71,246649,1719,0,91,0,0,0,LEADER,1,0,0,0,0,90
248593,87,adaptive-prasle,1944,1,0,0,90,0,1260,0,1,87,246649,1944,0,91,0,0,0,LEADER,1,0,0,0,0,90
248519,36,adaptive-prasle,1870,1,0,0,90,0,1260,0,1,36,246649,1870,0,91,0,0,0,LEADER,1,0,0,0,0,90
249015,77,adaptive-prasle,1446,1,0,0,90,0,1260,0,1,77,247569,1446,0,91,0,0,0,LEADER,1,0,0,0,0,90
249208,83,adaptive-prasle,1637,1,0,0,90,0,1260,0,1,83,247571,1637,0,91,0,0,0,LEADER,1,0,0,0,0,90
248708,85,adaptive-prasle,2059,1,0,0,90,0,1260,0,1,85,246649,2059,0,91,0,0,0,LEADER,1,0,0,0,0,90
249236,19,adaptive-prasle,1667,1,0,0,90,0,1260,0,1,19,247569,1667,0,91,0,0,0,LEADER,1,0,0,0,0,90
249391,65,adaptive-prasle,1822,1,0,0,90,0,1260,0,1,65,247569,1822,0,91,0,0,0,LEADER,1,0,0,0,0,90
248997,35,adaptive-prasle,1428,1,0,0,90,0,1260,0,1,35,247569,1428,0,91,0,0,0,LEADER,1,0,0,0,0,90
249012,86,adaptive-prasle,1443,1,0,0,90,0,1260,0,1,86,247569,1443,0,91,0,0,0,LEADER,1,0,0,0,0,90
249055,50,adaptive-prasle,2406,1,0,0,90,0,1260,0,1,50,246649,2406,0,91,0,0,0,LEADER,1,0,0,0,0,90
248814,8,adaptive-prasle,2217,1,0,0,21,38,294,532,4,6,246597,2217,0,8,0,0,0,NORMAL,0,0,0,0,0,21
249070,55,adaptive-prasle,1501,1,0,0,90,0,1260,0,1,55,247569,1501,0,91,0,0,0,LEADER,1,0,0,0,0,90
249109,63,adaptive-prasle,1540,1,0,0,90,0,1260,0,1,63,247569,1540,0,91,0,0,0,LEADER,1,0,0,0,0,90
249473,46,adaptive-prasle,1904,1,0,0,90,0,1260,0,1,46,247569,1904,0,91,0,0,0,LEADER,1,0,0,0,0,90
249268,53,adaptive-prasle,1701,1,0,0,90,0,1260,0,1,53,247567,1701,0,91,0,0,0,LEADER,1,0,0,0,0,90
248623,23,adaptive-prasle,1974,1,0,0,90,0,1260,0,1,23,246649,1974,0,91,0,0,0,LEADER,1,0,0,0,0,90
249491,88,adaptive-prasle,1922,1,0,0,90,0,1260,0,1,88,247569,1922,0,91,0,0,0,LEADER,1,0,0,0,0,90
249018,34,adaptive-prasle,1449,1,0,0,90,0,1260,0,1,34,247569,1449,0,91,0,0,0,LEADER,1,0,0,0,0,90
248628,97,adaptive-prasle,1977,1,0,0,90,0,1260,0,1,97,246651,1977,0,91,0,0,0,LEADER,1,0,0,0,0,90
248746,20,adaptive-prasle,2095,1,0,0,90,0,1260,0,1,20,246651,2095,0,91,0,0,0,LEADER,1,0,0,0,0,90
248826,40,adaptive-prasle,2177,1,0,0,90,0,1260,0,1,40,246649,2177,0,91,0,0,0,LEADER,1,0,0,0,0,90
248751,47,adaptive-prasle,2100,1,0,0,90,0,1260,0,1,47,246651,2100,0,91,0,0,0,LEADER,1,0,0,0,0,90
249661,95,adaptive-prasle,2092,1,0,0,90,0,1260,0,1,95,247569,2092,0,91,0,0,0,LEADER,1,0,0,0,0,90
249044,25,adaptive-prasle,2395,1,0,0,90,0,1260,0,1,25,246649,2395,0,91,0,0,0,LEADER,1,0,0,0,0,90
249649,84,adaptive-prasle,2080,1,0,0,90,0,1260,0,1,84,247569,2080,0,91,0,0,0,LEADER,1,0,0,0,0,90
248926,70,adaptive-prasle,2277,1,0,0,90,0,1260,0,1,70,246649,2277,0,91,0,0,0,LEADER,1,0,0,0,0,90
248844,82,adaptive-prasle,2195,1,0,0,90,0,1260,0,1,82,246649,2195,0,91,0,0,0,LEADER,1,0,0,0,0,90
249062,67,adaptive-prasle,2413,1,0,0,90,0,1260,0,1,67,246649,2413,0,91,0,0,0,LEADER,1,0,0,0,0,90
249014,89,adaptive-prasle,2365,1,0,0,90,0,1260,0,1,89,246649,2365,0,91,0,0,0,LEADER,1,0,0,0,0,90
249682,28,adaptive-prasle,2113,1,0,0,90,0,1260,0,1,28,247569,2113,0,91,0,0,0,LEADER,1,0,0,0,0,90
249426,68,adaptive-prasle,1855,1,0,0,90,0,1260,0,1,68,247571,1855,0,91,0,0,0,LEADER,1,0,0,0,0,90
249377,90,adaptive-prasle,1807,1,0,0,90,0,1260,0,1,90,247570,1807,0,91,0,0,0,LEADER,1,0,0,0,0,90
249037,76,adaptive-prasle,1468,1,0,0,90,0,1260,0,1,76,247569,1468,0,91,0,0,0,LEADER,1,0,0,0,0,90
249358,10,adaptive-prasle,1789,1,0,0,90,0,1260,0,1,10,247569,1789,0,91,0,0,0,LEADER,1,0,0,0,0,90
249790,58,adaptive-prasle,2221,1,0,0,90,0,1260,0,1,58,247569,2221,0,91,0,0,0,LEADER,1,0,0,0,0,90
249173,73,adaptive-prasle,1604,1,0,0,90,0,1260,0,1,73,247569,1604,0,91,0,0,0,LEADER,1,0,0,0,0,90
248914,59,adaptive-prasle,2265,1,0,0,90,0,1260,0,1,59,246649,2265,0,91,0,0,0,LEADER,1,0,0,0,0,90
249188,41,adaptive-prasle,1619,1,0,0,90,0,1260,0,1,41,247569,1619,0,91,0,0,0,LEADER,1,0,0,0,0,90
249103,96,adaptive-prasle,1534,1,0,0,90,0,1260,0,1,96,247569,1534,0,91,0,0,0,LEADER,1,0,0,0,0,90
249403,74,adaptive-prasle,1837,1,0,0,90,0,1260,0,1,74,247566,1837,0,91,0,0,0,LEADER,1,0,0,0,0,90
249336,49,adaptive-prasle,1767,1,0,0,90,0,1260,0,1,49,247569,1767,0,91,0,0,0,LEADER,1,0,0,0,0,90
249797,92,adaptive-prasle,2228,1,0,0,90,0,1260,0,1,92,247569,2228,0,91,0,0,0,LEADER,1,0,0,0,0,90
249005,66,adaptive-prasle,1434,1,0,0,90,0,1260,0,1,66,247571,1434,0,91,0,0,0,LEADER,1,0,0,0,0,90
249029,57,adaptive-prasle,2380,1,0,0,90,0,1260,0,1,57,246649,2380,0,91,0,0,0,LEADER,1,0,0,0,0,90
249829,78,adaptive-prasle,2260,1,0,0,90,0,1260,0,1,78,247569,2260,0,91,0,0,0,LEADER,1,0,0,0,0,90
248995,39,adaptive-prasle,2346,1,0,0,90,0,1260,0,1,39,246649,2346,0,91,0,0,0,LEADER,1,0,0,0,0,90
249712,30,adaptive-prasle,2143,1,0,0,90,0,1260,0,1,30,247569,2143,0,91,0,0,0,LEADER,1,0,0,0,0,90
249118,64,adaptive-prasle,1549,1,0,0,90,0,1260,0,1,64,247569,1549,0,91,0,0,0,LEADER,1,0,0,0,0,90
249343,80,adaptive-prasle,1774,1,0,0,90,0,1260,0,1,80,247569,1774,0,91,0,0,0,LEADER,1,0,0,0,0,90
249078,54,adaptive-prasle,1516,1,0,0,90,0,1260,0,1,54,247562,1516,0,91,0,0,0,LEADER,1,0,0,0,0,90
249609,43,adaptive-prasle,2040,1,0,0,90,0,1260,0,1,43,247569,2040,0,91,0,0,0,LEADER,1,0,0,0,0,90
249529,26,adaptive-prasle,1960,1,0,0,90,0,1260,0,1,26,247569,1960,0,91,0,0,0,LEADER,1,0,0,0,0,90
249157,42,adaptive-prasle,1591,1,0,0,90,0,1260,0,1,42,247566,1591,0,91,0,0,0,LEADER,1,0,0,0,0,90
249167,31,adaptive-prasle,1598,1,0,0,90,0,1260,0,1,31,247569,1598,0,91,0,0,0,LEADER,1,0,0,0,0,90
249924,94,adaptive-prasle,2355,1,0,0,90,0,1260,0,1,94,247569,2355,0,91,0,0,0,LEADER,1,0,0,0,0,90
249494,45,adaptive-prasle,1925,1,0,0,90,0,1260,0,1,45,247569,1925,0,91,0,0,0,LEADER,1,0,0,0,0,90
249867,60,adaptive-prasle,2298,1,0,0,90,0,1260,0,1,60,247569,2298,0,91,0,0,0,LEADER,1,0,0,0,0,90
249973,44,adaptive-prasle,1483,1,0,0,91,0,1274,0,1,44,248490,1483,0,92,0,0,0,LEADER,1,0,0,0,0,91
249221,51,adaptive-prasle,1652,1,0,0,90,0,1260,0,1,51,247569,1652,0,91,0,0,0,LEADER,1,0,0,0,0,90
249578,33,adaptive-prasle,2007,1,0,0,90,0,1260,0,1,33,247571,2007,0,91,0,0,0,LEADER,1,0,0,0,0,90
250021,22,adaptive-prasle,1531,1,0,0,91,0,1274,0,1,22,248490,1531,0,92,0,0,0,LEADER,1,0,0,0,0,91
249733,72,adaptive-prasle,2162,1,0,0,90,0,1260,0,1,72,247571,2162,0,91,0,0,0,LEADER,1,0,0,0,0,90
249521,24,adaptive-prasle,1952,1,0,0,90,0,1260,0,1,24,247569,1952,0,91,0,0,0,LEADER,1,0,0,0,0,90
250053,32,adaptive-prasle,1564,1,0,0,91,0,1274,0,1,32,248489,1564,0,92,0,0,0,LEADER,1,0,0,0,0,91
249240,93,adaptive-prasle,1671,1,0,0,90,0,1260,0,1,93,247569,1671,0,91,0,0,0,LEADER,1,0,0,0,0,90
249899,79,adaptive-prasle,2331,1,0,0,90,0,1260,0,1,79,247568,2331,0,91,0,0,0,LEADER,1,0,0,0,0,90
249914,69,adaptive-prasle,2343,1,0,0,90,0,1260,0,1,69,247571,2343,0,91,0,0,0,LEADER,1,0,0,0,0,90
249594,75,adaptive-prasle,2025,1,0,0,90,0,1260,0,1,75,247569,2025,0,91,0,0,0,LEADER,1,0,0,0,0,90
249321,81,adaptive-prasle,1752,1,0,0,90,0,1260,0,1,81,247569,1752,0,91,0,0,0,LEADER,1,0,0,0,0,90
249179,52,adaptive-prasle,1610,1,0,0,90,0,1260,0,1,52,247569,1610,0,91,0,0,0,LEADER,1,0,0,0,0,90
249658,21,adaptive-prasle,2088,1,0,0,90,0,1260,0,1,21,247570,2088,0,91,0,0,0,LEADER,1,0,0,0,0,90
249834,29,adaptive-prasle,2265,1,0,0,90,0,1260,0,1,29,247569,2265,0,91,0,0,0,LEADER,1,0,0,0,0,90
249410,100,adaptive-prasle,1841,1,0,0,90,0,1260,0,1,100,247569,1841,0,91,0,0,0,LEADER,1,0,0,0,0,90
249785,7,adaptive-prasle,1749,1,0,0,18,37,252,518,7,5,248036,1749,0,8,0,0,0,NORMAL,0,0,0,0,0,18
249255,61,adaptive-prasle,1686,1,0,0,90,0,1260,0,1,61,247569,1686,0,91,0,0,0,LEADER,1,0,0,0,0,90
249819,91,adaptive-prasle,2250,1,0,0,90,0,1260,0,1,91,247569,2250,0,91,0,0,0,LEADER,1,0,0,0,0,90
249779,37,adaptive-prasle,2210,1,0,0,90,0,1260,0,1,37,247569,2210,0,91,0,0,0,LEADER,1,0,0,0,0,90
249322,38,adaptive-prasle,1755,1,0,0,90,0,1260,0,1,38,247567,1755,0,91,0,0,0,LEADER,1,0,0,0,0,90
249988,98,adaptive-prasle,2419,1,0,0,90,0,1260,0,1,98,247569,2419,0,91,0,0,0,LEADER,1,0,0,0,0,90
249845,27,adaptive-prasle,2280,1,0,0,90,0,1260,0,1,27,247565,2280,0,91,0,0,0,LEADER,1,0,0,0,0,90
249697,62,adaptive-prasle,2128,1,0,0,90,0,1260,0,1,62,247569,2128,0,91,0,0,0,LEADER,1,0,0,0,0,90
249506,56,adaptive-prasle,1937,1,0,0,90,0,1260,0,1,56,247569,1937,0,91,0,0,0,LEADER,1,0,0,0,0,90
249892,99,adaptive-prasle,2328,1,0,0,90,0,1260,0,1,99,247564,2328,0,91,0,0,0,LEADER,1,0,0,0,0,90
249772,48,adaptive-prasle,2202,1,0,0,90,0,1260,0,1,48,247570,2202,0,91,0,0,0,LEADER,1,0,0,0,0,90
249288,71,adaptive-prasle,1719,1,0,0,90,0,1260,0,1,71,247569,1719,0,91,0,0,0,LEADER,1,0,0,0,0,90
249513,87,adaptive-prasle,1944,1,0,0,90,0,1260,0,1,87,247569,1944,0,91,0,0,0,LEADER,1,0,0,0,0,90
249439,36,adaptive-prasle,1870,1,0,0,90,0,1260,0,1,36,247569,1870,0,91,0,0,0,LEADER,1,0,0,0,0,90
249985,6,adaptive-prasle,1797,1,0,0,16,29,224,406,6,5,248188,1797,0,8,0,0,0,NORMAL,0,0,0,0,0,16
249936,77,adaptive-prasle,1446,1,0,0,91,0,1274,0,1,77,248490,1446,0,92,0,0,0,LEADER,1,0,0,0,0,91
250129,83,adaptive-prasle,1637,1,0,0,91,0,1274,0,1,83,248492,1637,0,92,0,0,0,LEADER,1,0,0,0,0,91
250187,11,adaptive-prasle,2055,1,0,0,13,8,182,112,4,11,248132,2055,0,10,0,0,0,LEADER,1,0,0,0,0,13
249628,85,adaptive-prasle,2059,1,0,0,90,0,1260,0,1,85,247569,2059,0,91,0,0,0,LEADER,1,0,0,0,0,90
250157,19,adaptive-prasle,1667,1,0,0,91,0,1274,0,1,19,248490,1667,0,92,0,0,0,LEADER,1,0,0,0,0,91
250312,65,adaptive-prasle,1822,1,0,0,91,0,1274,0,1,65,248490,1822,0,92,0,0,0,LEADER,1,0,0,0,0,91
249918,35,adaptive-prasle,1428,1,0,0,91,0,1274,0,1,35,248490,1428,0,92,0,0,0,LEADER,1,0,0,0,0,91
249933,86,adaptive-prasle,1443,1,0,0,91,0,1274,0,1,86,248490,1443,0,92,0,0,0,LEADER,1,0,0,0,0,91
249975,50,adaptive-prasle,2406,1,0,0,90,0,1260,0,1,50,247569,2406,0,91,0,0,0,LEADER,1,0,0,0,0,90
249991,55,adaptive-prasle,1501,1,0,0,91,0,1274,0,1,55,248490,1501,0,92,0,0,0,LEADER,1,0,0,0,0,91
250030,63,adaptive-prasle,1540,1,0,0,91,0,1274,0,1,63,248490,1540,0,92,0,0,0,LEADER,1,0,0,0,0,91
250394,46,adaptive-prasle,1904,1,0,0,91,0,1274,0,1,46,248490,1904,0,92,0,0,0,LEADER,1,0,0,0,0,91
250189,53,adaptive-prasle,1701,1,0,0,91,0,1274,0,1,53,248488,1701,0,92,0,0,0,LEADER,1,0,0,0,0,91
249543,23,adaptive-prasle,1974,1,0,0,90,0,1260,0,1,23,247569,1974,0,91,0,0,0,LEADER,1,0,0,0,0,90
250412,88,adaptive-prasle,1922,1,0,0,91,0,1274,0,1,88,248490,1922,0,92,0,0,0,LEADER,1,0,0,0,0,91
249939,34,adaptive-prasle,1449,1,0,0,91,0,1274,0,1,34,248490,1449,0,92,0,0,0,LEADER,1,0,0,0,0,91
249548,97,adaptive-prasle,1977,1,0,0,90,0,1260,0,1,97,247571,1977,0,91,0,0,0,LEADER,1,0,0,0,0,90
249666,20,adaptive-prasle,2095,1,0,0,90,0,1260,0,1,20,247571,2095,0,91,0,0,0,LEADER,1,0,0,0,0,90
249746,40,adaptive-prasle,2177,1,0,0,90,0,1260,0,1,40,247569,2177,0,91,0,0,0,LEADER,1,0,0,0,0,90
249671,47,adaptive-prasle,2100,1,0,0,90,0,1260,0,1,47,247571,2100,0,91,0,0,0,LEADER,1,0,0,0,0,90
250582,95,adaptive-prasle,2092,1,0,0,91,0,1274,0,1,95,248490,2092,0,92,0,0,0,LEADER,1,0,0,0,0,91
249964,25,adaptive-prasle,2395,1,0,0,90,0,1260,0,1,25,247569,2395,0,91,0,0,0,LEADER,1,0,0,0,0,90
250570,84,adaptive-prasle,2080,1,0,0,91,0,1274,0,1,84,248490,2080,0,92,0,0,0,LEADER,1,0,0,0,0,91
249846,70,adaptive-prasle,2277,1,0,0,90,0,1260,0,1,70,247569,2277,0,91,0,0,0,LEADER,1,0,0,0,0,90
249764,82,adaptive-prasle,2195,1,0,0,90,0,1260,0,1,82,247569,2195,0,91,0,0,0,LEADER,1,0,0,0,0,90
249982,67,adaptive-prasle,2413,1,0,0,90,0,1260,0,1,67,247569,2413,0,91,0,0,0,LEADER,1,0,0,0,0,90
249934,89,adaptive-prasle,2365,1,0,0,90,0,1260,0,1,89,247569,2365,0,91,0,0,0,LEADER,1,0,0,0,0,90
250603,28,adaptive-prasle,2113,1,0,0,91,0,1274,0,1,28,248490,2113,0,92,0,0,0,LEADER,1,0,0,0,0,91
250347,68,adaptive-prasle,1855,1,0,0,91,0,1274,0,1,68,248492,1855,0,92,0,0,0,LEADER,1,0,0,0,0,91
250298,90,adaptive-prasle,1807,1,0,0,91,0,1274,0,1,90,248491,1807,0,92,0,0,0,LEADER,1,0,0,0,0,91
249958,76,adaptive-prasle,1468,1,0,0,91,0,1274,0,1,76,248490,1468,0,92,0,0,0,LEADER,1,0,0,0,0,91
250279,10,adaptive-prasle,1789,1,0,0,91,0,1274,0,1,10,248490,1789,0,92,0,0,0,LEADER,1,0,0,0,0,91
250711,58,adaptive-prasle,2221,1,0,0,91,0,1274,0,1,58,248490,2221,0,92,0,0,0,LEADER,1,0,0,0,0,91
250094,73,adaptive-prasle,1604,1,0,0,91,0,1274,0,1,73,248490,1604,0,92,0,0,0,LEADER,1,0,0,0,0,91
249834,59,adaptive-prasle,2265,1,0,0,90,0,1260,0,1,59,247569,2265,0,91,0,0,0,LEADER,1,0,0,0,0,90
250109,41,adaptive-prasle,1619,1,0,0,91,0,1274,0,1,41,248490,1619,0,92,0,0,0,LEADER,1,0,0,0,0,91
250024,96,adaptive-prasle,1534,1,0,0,91,0,1274,0,1,96,248490,1534,0,92,0,0,0,LEADER,1,0,0,0,0,91
250324,74,adaptive-prasle,1837,1,0,0,91,0,1274,0,1,74,248487,1837,0,92,0,0,0,LEADER,1,0,0,0,0,91
250257,49,adaptive-prasle,1767,1,0,0,91,0,1274,0,1,49,248490,1767,0,92,0,0,0,LEADER,1,0,0,0,0,91
250718,92,adaptive-prasle,2228,1,0,0,91,0,1274,0,1,92,248490,2228,0,92,0,0,0,LEADER,1,0,0,0,0,91
249926,66,adaptive-prasle,1434,1,0,0,91,0,1274,0,1,66,248492,1434,0,92,0,0,0,LEADER,1,0,0,0,0,91
249949,57,adaptive-prasle,2380,1,0,0,90,0,1260,0,1,57,247569,2380,0,91,0,0,0,LEADER,1,0,0,0,0,90
250750,78,adaptive-prasle,2260,1,0,0,91,0,1274,0,1,78,248490,2260,0,92,0,0,0,LEADER,1,0,0,0,0,91
249915,39,adaptive-prasle,2346,1,0,0,90,0,1260,0,1,39,247569,2346,0,91,0,0,0,LEADER,1,0,0,0,0,90
250633,30,adaptive-prasle,2143,1,0,0,91,0,1274,0,1,30,248490,2143,0,92,0,0,0,LEADER,1,0,0,0,0,91
250039,64,adaptive-prasle,1549,1,0,0,91,0,1274,0,1,64,248490,1549,0,92,0,0,0,LEADER,1,0,0,0,0,91
250264,80,adaptive-prasle,1774,1,0,0,91,0,1274,0,1,80,248490,1774,0,92,0,0,0,LEADER,1,0,0,0,0,91
249999,54,adaptive-prasle,1516,1,0,0,91,0,1274,0,1,54,248483,1516,0,92,0,0,0,LEADER,1,0,0,0,0,91
250530,43,adaptive-prasle,2040,1,0,0,91,0,1274,0,1,43,248490,2040,0,92,0,0,0,LEADER,1,0,0,0,0,91
250450,26,adaptive-prasle,1960,1,0,0,91,0,1274,0,1,26,248490,1960,0,92,0,0,0,LEADER,1,0,0,0,0,91
250078,42,adaptive-prasle,1591,1,0,0,91,0,1274,0,1,42,248487,1591,0,92,0,0,0,LEADER,1,0,0,0,0,91
250088,31,adaptive-prasle,1598,1,0,0,91,0,1274,0,1,31,248490,1598,0,92,0,0,0,LEADER,1,0,0,0,0,91
250845,94,adaptive-prasle,2355,1,0,0,91,0,1274,0,1,94,248490,2355,0,92,0,0,0,LEADER,1,0,0,0,0,91
250415,45,adaptive-prasle,1925,1,0,0,91,0,1274,0,1,45,248490,1925,0,92,0,0,0,LEADER,1,0,0,0,0,91
250788,60,adaptive-prasle,2298,1,0,0,91,0,1274,0,1,60,248490,2298,0,92,0,0,0,LEADER,1,0,0,0,0,91
250893,44,adaptive-prasle,1483,1,0,0,91,0,1274,0,1,44,249410,1483,0,92,0,0,0,LEADER,1,0,0,0,0,91
250142,51,adaptive-prasle,1652,1,0,0,91,0,1274,0,1,51,248490,1652,0,92,0,0,0,LEADER,1,0,0,0,0,91
250941,22,adaptive-prasle,1531,1,0,0,91,0,1274,0,1,22,249410,1531,0,92,0,0,0,LEADER,1,0,0,0,0,91
250499,33,adaptive-prasle,2007,1,0,0,91,0,1274,0,1,33,248492,2007,0,92,0,0,0,LEADER,1,0,0,0,0,91
250654,72,adaptive-prasle,2162,1,0,0,91,0,1274,0,1,72,248492,2162,0,92,0,0,0,LEADER,1,0,0,0,0,91
250442,24,adaptive-prasle,1952,1,0,0,91,0,1274,0,1,24,248490,1952,0,92,0,0,0,LEADER,1,0,0,0,0,91
250973,32,adaptive-prasle,1564,1,0,0,91,0,1274,0,1,32,249409,1564,0,92,0,0,0,LEADER,1,0,0,0,0,91
250161,93,adaptive-prasle,1671,1,0,0,91,0,1274,0,1,93,248490,1671,0,92,0,0,0,LEADER,1,0,0,0,0,91
250835,69,adaptive-prasle,2343,1,0,0,91,0,1274,0,1,69,248492,2343,0,92,0,0,0,LEADER,1,0,0,0,0,91
250820,79,adaptive-prasle,2331,1,0,0,91,0,1274,0,1,79,248489,2331,0,92,0,0,0,LEADER,1,0,0,0,0,91
250515,75,adaptive-prasle,2025,1,0,0,91,0,1274,0,1,75,248490,2025,0,92,0,0,0,LEADER,1,0,0,0,0,91
250242,81,adaptive-prasle,1752,1,0,0,91,0,1274,0,1,81,248490,1752,0,92,0,0,0,LEADER,1,0,0,0,0,91
250100,52,adaptive-prasle,1610,1,0,0,91,0,1274,0,1,52,248490,1610,0,92,0,0,0,LEADER,1,0,0,0,0,91
250579,21,adaptive-prasle,2088,1,0,0,91,0,1274,0,1,21,248491,2088,0,92,0,0,0,LEADER,1,0,0,0,0,91
250755,29,adaptive-prasle,2265,1,0,0,91,0,1274,0,1,29,248490,2265,0,92,0,0,0,LEADER,1,0,0,0,0,91
250331,100,adaptive-prasle,1841,1,0,0,91,0,1274,0,1,100,248490,1841,0,92,0,0,0,LEADER,1,0,0,0,0,91
250176,61,adaptive-prasle,1686,1,0,0,91,0,1274,0,1,61,248490,1686,0,92,0,0,0,LEADER,1,0,0,0,0,91
250740,91,adaptive-prasle,2250,1,0,0,91,0,1274,0,1,91,248490,2250,0,92,0,0,0,LEADER,1,0,0,0,0,91
250700,37,adaptive-prasle,2210,1,0,0,91,0,1274,0,1,37,248490,2210,0,92,0,0,0,LEADER,1,0,0,0,0,91
250243,38,adaptive-prasle,1755,1,0,0,91,0,1274,0,1,38,248488,1755,0,92,0,0,0,LEADER,1,0,0,0,0,91
250909,98,adaptive-prasle,2419,1,0,0,91,0,1274,0,1,98,248490,2419,0,92,0,0,0,LEADER,1,0,0,0,0,91
250766,27,adaptive-prasle,2280,1,0,0,91,0,1274,0,1,27,248486,2280,0,92,0,0,0,LEADER,1,0,0,0,0,91
250618,62,adaptive-prasle,2128,1,0,0,91,0,1274,0,1,62,248490,2128,0,92,0,0,0,LEADER,1,0,0,0,0,91
250427,56,adaptive-prasle,1937,1,0,0,91,0,1274,0,1,56,248490,1937,0,92,0,0,0,LEADER,1,0,0,0,0,91
250813,99,adaptive-prasle,2328,1,0,0,91,0,1274,0,1,99,248485,2328,0,92,0,0,0,LEADER,1,0,0,0,0,91
250693,48,adaptive-prasle,2202,1,0,0,91,0,1274,0,1,48,248491,2202,0,92,0,0,0,LEADER,1,0,0,0,0,91
250209,71,adaptive-prasle,1719,1,0,0,91,0,1274,0,1,71,248490,1719,0,92,0,0,0,LEADER,1,0,0,0,0,91
250434,87,adaptive-prasle,1944,1,0,0,91,0,1274,0,1,87,248490,1944,0,92,0,0,0,LEADER,1,0,0,0,0,91
250360,36,adaptive-prasle,1870,1,0,0,91,0,1274,0,1,36,248490,1870,0,92,0,0,0,LEADER,1,0,0,0,0,91
250856,77,adaptive-prasle,1446,1,0,0,91,0,1274,0,1,77,249410,1446,0,92,0,0,0,LEADER,1,0,0,0,0,91
251049,83,adaptive-prasle,1637,1,0,0,91,0,1274,0,1,83,249412,1637,0,92,0,0,0,LEADER,1,0,0,0,0,91
250549,85,adaptive-prasle,2059,1,0,0,91,0,1274,0,1,85,248490,2059,0,92,0,0,0,LEADER,1,0,0,0,0,91
251077,19,adaptive-prasle,1667,1,0,0,91,0,1274,0,1,19,249410,1667,0,92,0,0,0,LEADER,1,0,0,0,0,91
251232,65,adaptive-prasle,1822,1,0,0,91,0,1274,0,1,65,249410,1822,0,92,0,0,0,LEADER,1,0,0,0,0,91
250838,35,adaptive-prasle,1428,1,0,0,91,0,1274,0,1,35,249410,1428,0,92,0,0,0,LEADER,1,0,0,0,0,91
251204,12,adaptive-prasle,1578,1,0,0,10,9,140,126,3,12,249626,1578,0,8,0,0,0,LEADER,1,0,0,0,0,10
250853,86,adaptive-prasle,1443,1,0,0,91,0,1274,0,1,86,249410,1443,0,92,0,0,0,LEADER,1,0,0,0,0,91
250896,50,adaptive-prasle,2406,1,0,0,91,0,1274,0,1,50,248490,2406,0,92,0,0,0,LEADER,1,0,0,0,0,91
250911,55,adaptive-prasle,1501,1,0,0,91,0,1274,0,1,55,249410,1501,0,92,0,0,0,LEADER,1,0,0,0,0,91
250950,63,adaptive-prasle,1540,1,0,0,91,0,1274,0,1,63,249410,1540,0,92,0,0,0,LEADER,1,0,0,0,0,91
251314,46,adaptive-prasle,1904,1,0,0,91,0,1274,0,1,46,249410,1904,0,92,0,0,0,LEADER,1,0,0,0,0,91
251109,53,adaptive-prasle,1701,1,0,0,91,0,1274,0,1,53,249408,1701,0,92,0,0,0,LEADER,1,0,0,0,0,91
250464,23,adaptive-prasle,1974,1,0,0,91,0,1274,0,1,23,248490,1974,0,92,0,0,0,LEADER,1,0,0,0,0,91
251332,88,adaptive-prasle,1922,1,0,0,91,0,1274,0,1,88,249410,1922,0,92,0,0,0,LEADER,1,0,0,0,0,91
250859,34,adaptive-prasle,1449,1,0,0,91,0,1274,0,1,34,249410,1449,0,92,0,0,0,LEADER,1,0,0,0,0,91
250469,97,adaptive-prasle,1977,1,0,0,91,0,1274,0,1,97,248492,1977,0,92,0,0,0,LEADER,1,0,0,0,0,91
250587,20,adaptive-prasle,2095,1,0,0,91,0,1274,0,1,20,248492,2095,0,92,0,0,0,LEADER,1,0,0,0,0,91
250667,40,adaptive-prasle,2177,1,0,0,91,0,1274,0,1,40,248490,2177,0,92,0,0,0,LEADER,1,0,0,0,0,91
250592,47,adaptive-prasle,2100,1,0,0,91,0,1274,0,1,47,248492,2100,0,92,0,0,0,LEADER,1,0,0,0,0,91
251502,95,adaptive-prasle,2092,1,0,0,91,0,1274,0,1,95,249410,2092,0,92,0,0,0,LEADER,1,0,0,0,0,91
250885,25,adaptive-prasle,2395,1,0,0,91,0,1274,0,1,25,248490,2395,0,92,0,0,0,LEADER,1,0,0,0,0,91
251490,84,adaptive-prasle,2080,1,0,0,91,0,1274,0,1,84,249410,2080,0,92,0,0,0,LEADER,1,0,0,0,0,91
250767,70,adaptive-prasle,2277,1,0,0,91,0,1274,0,1,70,248490,2277,0,92,0,0,0,LEADER,1,0,0,0,0,91
250685,82,adaptive-prasle,2195,1,0,0,91,0,1274,0,1,82,248490,2195,0,92,0,0,0,LEADER,1,0,0,0,0,91
250903,67,adaptive-prasle,2413,1,0,0,91,0,1274,0,1,67,248490,2413,0,92,0,0,0,LEADER,1,0,0,0,0,91
250855,89,adaptive-prasle,2365,1,0,0,91,0,1274,0,1,89,248490,2365,0,92,0,0,0,LEADER,1,0,0,0,0,91
251523,28,adaptive-prasle,2113,1,0,0,91,0,1274,0,1,28,249410,2113,0,92,0,0,0,LEADER,1,0,0,0,0,91
251267,68,adaptive-prasle,1855,1,0,0,91,0,1274,0,1,68,249412,1855,0,92,0,0,0,LEADER,1,0,0,0,0,91
251218,90,adaptive-prasle,1807,1,0,0,91,0,1274,0,1,90,249411,1807,0,92,0,0,0,LEADER,1,0,0,0,0,91
250878,76,adaptive-prasle,1468,1,0,0,91,0,1274,0,1,76,249410,1468,0,92,0,0,0,LEADER,1,0,0,0,0,91
251199,10,adaptive-prasle,1789,1,0,0,91,0,1274,0,1,10,249410,1789,0,92,0,0,0,LEADER,1,0,0,0,0,91
251631,58,adaptive-prasle,2221,1,0,0,91,0,1274,0,1,58,249410,2221,0,92,0,0,0,LEADER,1,0,0,0,0,91
251014,73,adaptive-prasle,1604,1,0,0,91,0,1274,0,1,73,249410,1604,0,92,0,0,0,LEADER,1,0,0,0,0,91
250755,59,adaptive-prasle,2265,1,0,0,91,0,1274,0,1,59,248490,2265,0,92,0,0,0,LEADER,1,0,0,0,0,91
251029,41,adaptive-prasle,1619,1,0,0,91,0,1274,0,1,41,249410,1619,0,92,0,0,0,LEADER,1,0,0,0,0,91
250944,96,adaptive-prasle,1534,1,0,0,91,0,1274,0,1,96,249410,1534,0,92,0,0,0,LEADER,1,0,0,0,0,91
251244,74,adaptive-prasle,1837,1,0,0,91,0,1274,0,1,74,249407,1837,0,92,0,0,0,LEADER,1,0,0,0,0,91
251177,49,adaptive-prasle,1767,1,0,0,91,0,1274,0,1,49,249410,1767,0,92,0,0,0,LEADER,1,0,0,0,0,91
251638,92,adaptive-prasle,2228,1,0,0,91,0,1274,0,1,92,249410,2228,0,92,0,0,0,LEADER,1,0,0,0,0,91
250846,66,adaptive-prasle,1434,1,0,0,91,0,1274,0,1,66,249412,1434,0,92,0,0,0,LEADER,1,0,0,0,0,91
250870,57,adaptive-prasle,2380,1,0,0,91,0,1274,0,1,57,248490,2380,0,92,0,0,0,LEADER,1,0,0,0,0,91
251670,78,adaptive-prasle,2260,1,0,0,91,0,1274,0,1,78,249410,2260,0,92,0,0,0,LEADER,1,0,0,0,0,91
250836,39,adaptive-prasle,2346,1,0,0,91,0,1274,0,1,39,248490,2346,0,92,0,0,0,LEADER,1,0,0,0,0,91
251553,30,adaptive-prasle,2143,1,0,0,91,0,1274,0,1,30,249410,2143,0,92,0,0,0,LEADER,1,0,0,0,0,91
250959,64,adaptive-prasle,1549,1,0,0,91,0,1274,0,1,64,249410,1549,0,92,0,0,0,LEADER,1,0,0,0,0,91
251184,80,adaptive-prasle,1774,1,0,0,91,0,1274,0,1,80,249410,1774,0,92,0,0,0,LEADER,1,0,0,0,0,91
250919,54,adaptive-prasle,1516,1,0,0,91,0,1274,0,1,54,249403,1516,0,92,0,0,0,LEADER,1,0,0,0,0,91
251450,43,adaptive-prasle,2040,1,0,0,91,0,1274,0,1,43,249410,2040,0,92,0,0,0,LEADER,1,0,0,0,0,91
251370,26,adaptive-prasle,1960,1,0,0,91,0,1274,0,1,26,249410,1960,0,92,0,0,0,LEADER,1,0,0,0,0,91
250998,42,adaptive-prasle,1591,1,0,0,91,0,1274,0,1,42,249407,1591,0,92,0,0,0,LEADER,1,0,0,0,0,91
251008,31,adaptive-prasle,1598,1,0,0,91,0,1274,0,1,31,249410,1598,0,92,0,0,0,LEADER,1,0,0,0,0,91
251765,94,adaptive-prasle,2355,1,0,0,91,0,1274,0,1,94,249410,2355,0,92,0,0,0,LEADER,1,0,0,0,0,91
251335,45,adaptive-prasle,1925,1,0,0,91,0,1274,0,1,45,249410,1925,0,92,0,0,0,LEADER,1,0,0,0,0,91
251708,60,adaptive-prasle,2298,1,0,0,91,0,1274,0,1,60,249410,2298,0,92,0,0,0,LEADER,1,0,0,0,0,91
251813,44,adaptive-prasle,1483,1,0,0,91,0,1274,0,1,44,250330,1483,0,92,0,0,0,LEADER,1,0,0,0,0,91
251062,51,adaptive-prasle,1652,1,0,0,91,0,1274,0,1,51,249410,1652,0,92,0,0,0,LEADER,1,0,0,0,0,91
251861,22,adaptive-prasle,1531,1,0,0,91,0,1274,0,1,22,250330,1531,0,92,0,0,0,LEADER,1,0,0,0,0,91
251419,33,adaptive-prasle,2007,1,0,0,91,0,1274,0,1,33,249412,2007,0,92,0,0,0,LEADER,1,0,0,0,0,91
251574,72,adaptive-prasle,2162,1,0,0,91,0,1274,0,1,72,249412,2162,0,92,0,0,0,LEADER,1,0,0,0,0,91
251362,24,adaptive-prasle,1952,1,0,0,91,0,1274,0,1,24,249410,1952,0,92,0,0,0,LEADER,1,0,0,0,0,91
251893,32,adaptive-prasle,1564,1,0,0,91,0,1274,0,1,32,250329,1564,0,92,0,0,0,LEADER,1,0,0,0,0,91
251081,93,adaptive-prasle,1671,1,0,0,91,0,1274,0,1,93,249410,1671,0,92,0,0,0,LEADER,1,0,0,0,0,91
251755,69,adaptive-prasle,2343,1,0,0,91,0,1274,0,1,69,249412,2343,0,92,0,0,0,LEADER,1,0,0,0,0,91
251740,79,adaptive-prasle,2331,1,0,0,91,0,1274,0,1,79,249409,2331,0,92,0,0,0,LEADER,1,0,0,0,0,91
251435,75,adaptive-prasle,2025,1,0,0,91,0,1274,0,1,75,249410,2025,0,92,0,0,0,LEADER,1,0,0,0,0,91
251162,81,adaptive-prasle,1752,1,0,0,91,0,1274,0,1,81,249410,1752,0,92,0,0,0,LEADER,1,0,0,0,0,91
251020,52,adaptive-prasle,1610,1,0,0,91,0,1274,0,1,52,249410,1610,0,92,0,0,0,LEADER,1,0,0,0,0,91
251499,21,adaptive-prasle,2088,1,0,0,91,0,1274,0,1,21,249411,2088,0,92,0,0,0,LEADER,1,0,0,0,0,91
251675,29,adaptive-prasle,2265,1,0,0,91,0,1274,0,1,29,249410,2265,0,92,0,0,0,LEADER,1,0,0,0,0,91
251251,100,adaptive-prasle,1841,1,0,0,91,0,1274,0,1,100,249410,1841,0,92,0,0,0,LEADER,1,0,0,0,0,91
251096,61,adaptive-prasle,1686,1,0,0,91,0,1274,0,1,61,249410,1686,0,92,0,0,0,LEADER,1,0,0,0,0,91
251660,91,adaptive-prasle,2250,1,0,0,91,0,1274,0,1,91,249410,2250,0,92,0,0,0,LEADER,1,0,0,0,0,91
251620,37,adaptive-prasle,2210,1,0,0,91,0,1274,0,1,37,249410,2210,0,92,0,0,0,LEADER,1,0,0,0,0,91
251163,38,adaptive-prasle,1755,1,0,0,91,0,1274,0,1,38,249408,1755,0,92,0,0,0,LEADER,1,0,0,0,0,91
251829,98,adaptive-prasle,2419,1,0,0,91,0,1274,0,1,98,249410,2419,0,92,0,0,0,LEADER,1,0,0,0,0,91
251686,27,adaptive-prasle,2280,1,0,0,91,0,1274,0,1,27,249406,2280,0,92,0,0,0,LEADER,1,0,0,0,0,91
251538,62,adaptive-prasle,2128,1,0,0,91,0,1274,0,1,62,249410,2128,0,92,0,0,0,LEADER,1,0,0,0,0,91
251347,56,adaptive-prasle,1937,1,0,0,91,0,1274,0,1,56,249410,1937,0,92,0,0,0,LEADER,1,0,0,0,0,91
251733,99,adaptive-prasle,2328,1,0,0,91,0,1274,0,1,99,249405,2328,0,92,0,0,0,LEADER,1,0,0,0,0,91
251613,48,adaptive-prasle,2202,1,0,0,91,0,1274,0,1,48,249411,2202,0,92,0,0,0,LEADER,1,0,0,0,0,91
251129,71,adaptive-prasle,1719,1,0,0,91,0,1274,0,1,71,249410,1719,0,92,0,0,0,LEADER,1,0,0,0,0,91
251354,87,adaptive-prasle,1944,1,0,0,91,0,1274,0,1,87,249410,1944,0,92,0,0,0,LEADER,1,0,0,0,0,91
251280,36,adaptive-prasle,1870,1,0,0,91,0,1274,0,1,36,249410,1870,0,92,0,0,0,LEADER,1,0,0,0,0,91
251776,77,adaptive-prasle,1446,1,0,0,91,0,1274,0,1,77,250330,1446,0,92,0,0,0,LEADER,1,0,0,0,0,91
251969,83,adaptive-prasle,1637,1,0,0,91,0,1274,0,1,83,250332,1637,0,92,0,0,0,LEADER,1,0,0,0,0,91
251469,85,adaptive-prasle,2059,1,0,0,91,0,1274,0,1,85,249410,2059,0,92,0,0,0,LEADER,1,0,0,0,0,91
251997,19,adaptive-prasle,1667,1,0,0,91,0,1274,0,1,19,250330,1667,0,92,0,0,0,LEADER,1,0,0,0,0,91
252152,65,adaptive-prasle,1822,1,0,0,91,0,1274,0,1,65,250330,1822,0,92,0,0,0,LEADER,1,0,0,0,0,91
251758,35,adaptive-prasle,1428,1,0,0,91,0,1274,0,1,35,250330,1428,0,92,0,0,0,LEADER,1,0,0,0,0,91
251773,86,adaptive-prasle,1443,1,0,0,91,0,1274,0,1,86,250330,1443,0,92,0,0,0,LEADER,1,0,0,0,0,91
251816,50,adaptive-prasle,2406,1,0,0,91,0,1274,0,1,50,249410,2406,0,92,0,0,0,LEADER,1,0,0,0,0,91
251831,55,adaptive-prasle,1501,1,0,0,91,0,1274,0,1,55,250330,1501,0,92,0,0,0,LEADER,1,0,0,0,0,91
251870,63,adaptive-prasle,1540,1,0,0,91,0,1274,0,1,63,250330,1540,0,92,0,0,0,LEADER,1,0,0,0,0,91
252234,46,adaptive-prasle,1904,1,0,0,91,0,1274,0,1,46,250330,1904,0,92,0,0,0,LEADER,1,0,0,0,0,91
252029,53,adaptive-prasle,1701,1,0,0,91,0,1274,0,1,53,250328,1701,0,92,0,0,0,LEADER,1,0,0,0,0,91
251384,23,adaptive-prasle,1974,1,0,0,91,0,1274,0,1,23,249410,1974,0,92,0,0,0,LEADER,1,0,0,0,0,91
252252,88,adaptive-prasle,1922,1,0,0,91,0,1274,0,1,88,250330,1922,0,92,0,0,0,LEADER,1,0,0,0,0,91
251779,34,adaptive-prasle,1449,1,0,0,91,0,1274,0,1,34,250330,1449,0,92,0,0,0,LEADER,1,0,0,0,0,91
251389,97,adaptive-prasle,1977,1,0,0,91,0,1274,0,1,97,249412,1977,0,92,0,0,0,LEADER,1,0,0,0,0,91
251507,20,adaptive-prasle,2095,1,0,0,91,0,1274,0,1,20,249412,2095,0,92,0,0,0,LEADER,1,0,0,0,0,91
251587,40,adaptive-prasle,2177,1,0,0,91,0,1274,0,1,40,249410,2177,0,92,0,0,0,LEADER,1,0,0,0,0,91
251512,47,adaptive-prasle,2100,1,0,0,91,0,1274,0,1,47,249412,2100,0,92,0,0,0,LEADER,1,0,0,0,0,91
252422,95,adaptive-prasle,2092,1,0,0,91,0,1274,0,1,95,250330,2092,0,92,0,0,0,LEADER,1,0,0,0,0,91
251805,25,adaptive-prasle,2395,1,0,0,91,0,1274,0,1,25,249410,2395,0,92,0,0,0,LEADER,1,0,0,0,0,91
252410,84,adaptive-prasle,2080,1,0,0,91,0,1274,0,1,84,250330,2080,0,92,0,0,0,LEADER,1,0,0,0,0,91
251687,70,adaptive-prasle,2277,1,0,0,91,0,1274,0,1,70,249410,2277,0,92,0,0,0,LEADER,1,0,0,0,0,91
251605,82,adaptive-prasle,2195,1,0,0,91,0,1274,0,1,82,249410,2195,0,92,0,0,0,LEADER,1,0,0,0,0,91
251823,67,adaptive-prasle,2413,1,0,0,91,0,1274,0,1,67,249410,2413,0,92,0,0,0,LEADER,1,0,0,0,0,91
251775,89,adaptive-prasle,2365,1,0,0,91,0,1274,0,1,89,249410,2365,0,92,0,0,0,LEADER,1,0,0,0,0,91
252443,28,adaptive-prasle,2113,1,0,0,91,0,1274,0,1,28,250330,2113,0,92,0,0,0,LEADER,1,0,0,0,0,91
252187,68,adaptive-prasle,1855,1,0,0,91,0,1274,0,1,68,250332,1855,0,92,0,0,0,LEADER,1,0,0,0,0,91
252138,90,adaptive-prasle,1807,1,0,0,91,0,1274,0,1,90,250331,1807,0,92,0,0,0,LEADER,1,0,0,0,0,91
251798,76,adaptive-prasle,1468,1,0,0,91,0,1274,0,1,76,250330,1468,0,92,0,0,0,LEADER,1,0,0,0,0,91
252119,10,adaptive-prasle,1789,1,0,0,91,0,1274,0,1,10,250330,1789,0,92,0,0,0,LEADER,1,0,0,0,0,91
252551,58,adaptive-prasle,2221,1,0,0,91,0,1274,0,1,58,250330,2221,0,92,0,0,0,LEADER,1,0,0,0,0,91
251934,73,adaptive-prasle,1604,1,0,0,91,0,1274,0,1,73,250330,1604,0,92,0,0,0,LEADER,1,0,0,0,0,91
251675,59,adaptive-prasle,2265,1,0,0,91,0,1274,0,1,59,249410,2265,0,92,0,0,0,LEADER,1,0,0,0,0,91
251949,41,adaptive-prasle,1619,1,0,0,91,0,1274,0,1,41,250330,1619,0,92,0,0,0,LEADER,1,0,0,0,0,91
251864,96,adaptive-prasle,1534,1,0,0,91,0,1274,0,1,96,250330,1534,0,92,0,0,0,LEADER,1,0,0,0,0,91
252164,74,adaptive-prasle,1837,1,0,0,91,0,1274,0,1,74,250327,1837,0,92,0,0,0,LEADER,1,0,0,0,0,91
252097,49,adaptive-prasle,1767,1,0,0,91,0,1274,0,1,49,250330,1767,0,92,0,0,0,LEADER,1,0,0,0,0,91
252558,92,adaptive-prasle,2228,1,0,0,91,0,1274,0,1,92,250330,2228,0,92,0,0,0,LEADER,1,0,0,0,0,91
251766,66,adaptive-prasle,1434,1,0,0,91,0,1274,0,1,66,250332,1434,0,92,0,0,0,LEADER,1,0,0,0,0,91
251790,57,adaptive-prasle,2380,1,0,0,91,0,1274,0,1,57,249410,2380,0,92,0,0,0,LEADER,1,0,0,0,0,91
252590,78,adaptive-prasle,2260,1,0,0,91,0,1274,0,1,78,250330,2260,0,92,0,0,0,LEADER,1,0,0,0,0,91
251756,39,adaptive-prasle,2346,1,0,0,91,0,1274,0,1,39,249410,2346,0,92,0,0,0,LEADER,1,0,0,0,0,91
252473,30,adaptive-prasle,2143,1,0,0,91,0,1274,0,1,30,250330,2143,0,92,0,0,0,LEADER,1,0,0,0,0,91
251879,64,adaptive-prasle,1549,1,0,0,91,0,1274,0,1,64,250330,1549,0,92,0,0,0,LEADER,1,0,0,0,0,91
252104,80,adaptive-prasle,1774,1,0,0,91,0,1274,0,1,80,250330,1774,0,92,0,0,0,LEADER,1,0,0,0,0,91
251839,54,adaptive-prasle,1516,1,0,0,91,0,1274,0,1,54,250323,1516,0,92,0,0,0,LEADER,1,0,0,0,0,91
252370,43,adaptive-prasle,2040,1,0,0,91,0,1274,0,1,43,250330,2040,0,92,0,0,0,LEADER,1,0,0,0,0,91
252290,26,adaptive-prasle,1960,1,0,0,91,0,1274,0,1,26,250330,1960,0,92,0,0,0,LEADER,1,0,0,0,0,91
251918,42,adaptive-prasle,1591,1,0,0,91,0,1274,0,1,42,250327,1591,0,92,0,0,0,LEADER,1,0,0,0,0,91
252324,17,adaptive-prasle,1782,1,0,0,18,18,252,252,3,17,250542,1782,0,8,0,0,0,LEADER,1,0,0,0,0,18
251928,31,adaptive-prasle,1598,1,0,0,91,0,1274,0,1,31,250330,1598,0,92,0,0,0,LEADER,1,0,0,0,0,91
252685,94,adaptive-prasle,2355,1,0,0,91,0,1274,0,1,94,250330,2355,0,92,0,0,0,LEADER,1,0,0,0,0,91
252255,45,adaptive-prasle,1925,1,0,0,91,0,1274,0,1,45,250330,1925,0,92,0,0,0,LEADER,1,0,0,0,0,91
252628,60,adaptive-prasle,2298,1,0,0,91,0,1274,0,1,60,250330,2298,0,92,0,0,0,LEADER,1,0,0,0,0,91
252682,18,adaptive-prasle,2226,1,0,0,26,21,364,294,4,2,250456,2226,0,8,0,0,0,NORMAL,0,0,0,0,0,26
252734,44,adaptive-prasle,1483,1,0,0,92,0,1288,0,1,44,251251,1483,0,93,0,0,0,LEADER,1,0,0,0,0,92
251982,51,adaptive-prasle,1652,1,0,0,91,0,1274,0,1,51,250330,1652,0,92,0,0,0,LEADER,1,0,0,0,0,91
252339,33,adaptive-prasle,2007,1,0,0,91,0,1274,0,1,33,250332,2007,0,92,0,0,0,LEADER,1,0,0,0,0,91
252782,22,adaptive-prasle,1531,1,0,0,92,0,1288,0,1,22,251251,1531,0,93,0,0,0,LEADER,1,0,0,0,0,92
252494,72,adaptive-prasle,2162,1,0,0,91,0,1274,0,1,72,250332,2162,0,92,0,0,0,LEADER,1,0,0,0,0,91
252282,24,adaptive-prasle,1952,1,0,0,91,0,1274,0,1,24,250330,1952,0,92,0,0,0,LEADER,1,0,0,0,0,91
252814,32,adaptive-prasle,1564,1,0,0,92,0,1288,0,1,32,251250,1564,0,93,0,0,0,LEADER,1,0,0,0,0,92
252001,93,adaptive-prasle,1671,1,0,0,91,0,1274,0,1,93,250330,1671,0,92,0,0,0,LEADER,1,0,0,0,0,91
252660,79,adaptive-prasle,2331,1,0,0,91,0,1274,0,1,79,250329,2331,0,92,0,0,0,LEADER,1,0,0,0,0,91
252675,69,adaptive-prasle,2343,1,0,0,91,0,1274,0,1,69,250332,2343,0,92,0,0,0,LEADER,1,0,0,0,0,91
252355,75,adaptive-prasle,2025,1,0,0,91,0,1274,0,1,75,250330,2025,0,92,0,0,0,LEADER,1,0,0,0,0,91
252082,81,adaptive-prasle,1752,1,0,0,91,0,1274,0,1,81,250330,1752,0,92,0,0,0,LEADER,1,0,0,0,0,91
251940,52,adaptive-prasle,1610,1,0,0,91,0,1274,0,1,52,250330,1610,0,92,0,0,0,LEADER,1,0,0,0,0,91
252419,21,adaptive-prasle,2088,1,0,0,91,0,1274,0,1,21,250331,2088,0,92,0,0,0,LEADER,1,0,0,0,0,91
252595,29,adaptive-prasle,2265,1,0,0,91,0,1274,0,1,29,250330,2265,0,92,0,0,0,LEADER,1,0,0,0,0,91
252171,100,adaptive-prasle,1841,1,0,0,91,0,1274,0,1,100,250330,1841,0,92,0,0,0,LEADER,1,0,0,0,0,91
252016,61,adaptive-prasle,1686,1,0,0,91,0,1274,0,1,61,250330,1686,0,92,0,0,0,LEADER,1,0,0,0,0,91
252580,91,adaptive-prasle,2250,1,0,0,91,0,1274,0,1,91,250330,2250,0,92,0,0,0,LEADER,1,0,0,0,0,91
252540,37,adaptive-prasle,2210,1,0,0,91,0,1274,0,1,37,250330,2210,0,92,0,0,0,LEADER,1,0,0,0,0,91
252083,38,adaptive-prasle,1755,1,0,0,91,0,1274,0,1,38,250328,1755,0,92,0,0,0,LEADER,1,0,0,0,0,91
252749,98,adaptive-prasle,2419,1,0,0,91,0,1274,0,1,98,250330,2419,0,92,0,0,0,LEADER,1,0,0,0,0,91
252606,27,adaptive-prasle,2280,1,0,0,91,0,1274,0,1,27,250326,2280,0,92,0,0,0,LEADER,1,0,0,0,0,91
252458,62,adaptive-prasle,2128,1,0,0,91,0,1274,0,1,62,250330,2128,0,92,0,0,0,LEADER,1,0,0,0,0,91
252267,56,adaptive-prasle,1937,1,0,0,91,0,1274,0,1,56,250330,1937,0,92,0,0,0,LEADER,1,0,0,0,0,91
252653,99,adaptive-prasle,2328,1,0,0,91,0,1274,0,1,99,250325,2328,0,92,0,0,0,LEADER,1,0,0,0,0,91
252533,48,adaptive-prasle,2202,1,0,0,91,0,1274,0,1,48,250331,2202,0,92,0,0,0,LEADER,1,0,0,0,0,91
252049,71,adaptive-prasle,1719,1,0,0,91,0,1274,0,1,71,250330,1719,0,92,0,0,0,LEADER,1,0,0,0,0,91
252274,87,adaptive-prasle,1944,1,0,0,91,0,1274,0,1,87,250330,1944,0,92,0,0,0,LEADER,1,0,0,0,0,91
252704,5,adaptive-prasle,2338,1,0,0,13,29,182,406,7,5,250366,2338,0,9,0,0,0,LEADER,1,0,0,0,0,13
252200,36,adaptive-prasle,1870,1,0,0,91,0,1274,0,1,36,250330,1870,0,92,0,0,0,LEADER,1,0,0,0,0,91
252697,77,adaptive-prasle,1446,1,0,0,92,0,1288,0,1,77,251251,1446,0,93,0,0,0,LEADER,1,0,0,0,0,92
252890,83,adaptive-prasle,1637,1,0,0,92,0,1288,0,1,83,251253,1637,0,93,0,0,0,LEADER,1,0,0,0,0,92
252389,85,adaptive-prasle,2059,1,0,0,91,0,1274,0,1,85,250330,2059,0,92,0,0,0,LEADER,1,0,0,0,0,91
252918,19,adaptive-prasle,1667,1,0,0,92,0,1288,0,1,19,251251,1667,0,93,0,0,0,LEADER,1,0,0,0,0,92
253073,65,adaptive-prasle,1822,1,0,0,92,0,1288,0,1,65,251251,1822,0,93,0,0,0,LEADER,1,0,0,0,0,92
252679,35,adaptive-prasle,1428,1,0,0,92,0,1288,0,1,35,251251,1428,0,93,0,0,0,LEADER,1,0,0,0,0,92
252694,86,adaptive-prasle,1443,1,0,0,92,0,1288,0,1,86,251251,1443,0,93,0,0,0,LEADER,1,0,0,0,0,92
252736,50,adaptive-prasle,2406,1,0,0,91,0,1274,0,1,50,250330,2406,0,92,0,0,0,LEADER,1,0,0,0,0,91
252752,55,adaptive-prasle,1501,1,0,0,92,0,1288,0,1,55,251251,1501,0,93,0,0,0,LEADER,1,0,0,0,0,92
252791,63,adaptive-prasle,1540,1,0,0,92,0,1288,0,1,63,251251,1540,0,93,0,0,0,LEADER,1,0,0,0,0,92
253155,46,adaptive-prasle,1904,1,0,0,92,0,1288,0,1,46,251251,1904,0,93,0,0,0,LEADER,1,0,0,0,0,92
252950,53,adaptive-prasle,1701,1,0,0,92,0,1288,0,1,53,251249,1701,0,93,0,0,0,LEADER,1,0,0,0,0,92
252304,23,adaptive-prasle,1974,1,0,0,91,0,1274,0,1,23,250330,1974,0,92,0,0,0,LEADER,1,0,0,0,0,91
253173,88,adaptive-prasle,1922,1,0,0,92,0,1288,0,1,88,251251,1922,0,93,0,0,0,LEADER,1,0,0,0,0,92
252700,34,adaptive-prasle,1449,1,0,0,92,0,1288,0,1,34,251251,1449,0,93,0,0,0,LEADER,1,0,0,0,0,92
252309,97,adaptive-prasle,1977,1,0,0,91,0,1274,0,1,97,250332,1977,0,92,0,0,0,LEADER,1,0,0,0,0,91
252427,20,adaptive-prasle,2095,1,0,0,91,0,1274,0,1,20,250332,2095,0,92,0,0,0,LEADER,1,0,0,0,0,91
252507,40,adaptive-prasle,2177,1,0,0,91,0,1274,0,1,40,250330,2177,0,92,0,0,0,LEADER,1,0,0,0,0,91
252432,47,adaptive-prasle,2100,1,0,0,91,0,1274,0,1,47,250332,2100,0,92,0,0,0,LEADER,1,0,0,0,0,91
253343,95,adaptive-prasle,2092,1,0,0,92,0,1288,0,1,95,251251,2092,0,93,0,0,0,LEADER,1,0,0,0,0,92
252725,25,adaptive-prasle,2395,1,0,0,91,0,1274,0,1,25,250330,2395,0,92,0,0,0,LEADER,1,0,0,0,0,91
253331,84,adaptive-prasle,2080,1,0,0,92,0,1288,0,1,84,251251,2080,0,93,0,0,0,LEADER,1,0,0,0,0,92
252607,70,adaptive-prasle,2277,1,0,0,91,0,1274,0,1,70,250330,2277,0,92,0,0,0,LEADER,1,0,0,0,0,91
252525,82,adaptive-prasle,2195,1,0,0,91,0,1274,0,1,82,250330,2195,0,92,0,0,0,LEADER,1,0,0,0,0,91
252743,67,adaptive-prasle,2413,1,0,0,91,0,1274,0,1,67,250330,2413,0,92,0,0,0,LEADER,1,0,0,0,0,91
252695,89,adaptive-prasle,2365,1,0,0,91,0,1274,0,1,89,250330,2365,0,92,0,0,0,LEADER,1,0,0,0,0,91
253364,28,adaptive-prasle,2113,1,0,0,92,0,1288,0,1,28,251251,2113,0,93,0,0,0,LEADER,1,0,0,0,0,92
253108,68,adaptive-prasle,1855,1,0,0,92,0,1288,0,1,68,251253,1855,0,93,0,0,0,LEADER,1,0,0,0,0,92
253059,90,adaptive-prasle,1807,1,0,0,92,0,1288,0,1,90,251252,1807,0,93,0,0,0,LEADER,1,0,0,0,0,92
252719,76,adaptive-prasle,1468,1,0,0,92,0,1288,0,1,76,251251,1468,0,93,0,0,0,LEADER,1,0,0,0,0,92
253040,10,adaptive-prasle,1789,1,0,0,92,0,1288,0,1,10,251251,1789,0,93,0,0,0,LEADER,1,0,0,0,0,92
253472,58,adaptive-prasle,2221,1,0,0,92,0,1288,0,1,58,251251,2221,0,93,0,0,0,LEADER,1,0,0,0,0,92
252855,73,adaptive-prasle,1604,1,0,0,92,0,1288,0,1,73,251251,1604,0,93,0,0,0,LEADER,1,0,0,0,0,92
252595,59,adaptive-prasle,2265,1,0,0,91,0,1274,0,1,59,250330,2265,0,92,0,0,0,LEADER,1,0,0,0,0,91
252870,41,adaptive-prasle,1619,1,0,0,92,0,1288,0,1,41,251251,1619,0,93,0,0,0,LEADER,1,0,0,0,0,92
252785,96,adaptive-prasle,1534,1,0,0,92,0,1288,0,1,96,251251,1534,0,93,0,0,0,LEADER,1,0,0,0,0,92
253084,74,adaptive-prasle,1837,1,0,0,92,0,1288,0,1,74,251247,1837,0,93,0,0,0,LEADER,1,0,0,0,0,92
253018,49,adaptive-prasle,1767,1,0,0,92,0,1288,0,1,49,251251,1767,0,93,0,0,0,LEADER,1,0,0,0,0,92
253479,92,adaptive-prasle,2228,1,0,0,92,0,1288,0,1,92,251251,2228,0,93,0,0,0,LEADER,1,0,0,0,0,92
252687,66,adaptive-prasle,1434,1,0,0,92,0,1288,0,1,66,251253,1434,0,93,0,0,0,LEADER,1,0,0,0,0,92
252710,57,adaptive-prasle,2380,1,0,0,91,0,1274,0,1,57,250330,2380,0,92,0,0,0,LEADER,1,0,0,0,0,91
253511,78,adaptive-prasle,2260,1,0,0,92,0,1288,0,1,78,251251,2260,0,93,0,0,0,LEADER,1,0,0,0,0,92
252676,39,adaptive-prasle,2346,1,0,0,91,0,1274,0,1,39,250330,2346,0,92,0,0,0,LEADER,1,0,0,0,0,91
253394,30,adaptive-prasle,2143,1,0,0,92,0,1288,0,1,30,251251,2143,0,93,0,0,0,LEADER,1,0,0,0,0,92
252800,64,adaptive-prasle,1549,1,0,0,92,0,1288,0,1,64,251251,1549,0,93,0,0,0,LEADER,1,0,0,0,0,92
253025,80,adaptive-prasle,1774,1,0,0,92,0,1288,0,1,80,251251,1774,0,93,0,0,0,LEADER,1,0,0,0,0,92
252760,54,adaptive-prasle,1516,1,0,0,92,0,1288,0,1,54,251244,1516,0,93,0,0,0,LEADER,1,0,0,0,0,92
253291,43,adaptive-prasle,2040,1,0,0,92,0,1288,0,1,43,251251,2040,0,93,0,0,0,LEADER,1,0,0,0,0,92
253211,26,adaptive-prasle,1960,1,0,0,92,0,1288,0,1,26,251251,1960,0,93,0,0,0,LEADER,1,0,0,0,0,92
252839,42,adaptive-prasle,1591,1,0,0,92,0,1288,0,1,42,251248,1591,0,93,0,0,0,LEADER,1,0,0,0,0,92
252849,31,adaptive-prasle,1598,1,0,0,92,0,1288,0,1,31,251251,1598,0,93,0,0,0,LEADER,1,0,0,0,0,92
253606,94,adaptive-prasle,2355,1,0,0,92,0,1288,0,1,94,251251,2355,0,93,0,0,0,LEADER,1,0,0,0,0,92
253176,45,adaptive-prasle,1925,1,0,0,92,0,1288,0,1,45,251251,1925,0,93,0,0,0,LEADER,1,0,0,0,0,92
253549,60,adaptive-prasle,2298,1,0,0,92,0,1288,0,1,60,251251,2298,0,93,0,0,0,LEADER,1,0,0,0,0,92
253654,44,adaptive-prasle,1483,1,0,0,92,0,1288,0,1,44,252171,1483,0,93,0,0,0,LEADER,1,0,0,0,0,92
252903,51,adaptive-prasle,1652,1,0,0,92,0,1288,0,1,51,251251,1652,0,93,0,0,0,LEADER,1,0,0,0,0,92
253702,22,adaptive-prasle,1531,1,0,0,92,0,1288,0,1,22,252171,1531,0,93,0,0,0,LEADER,1,0,0,0,0,92
253260,33,adaptive-prasle,2007,1,0,0,92,0,1288,0,1,33,251253,2007,0,93,0,0,0,LEADER,1,0,0,0,0,92
253415,72,adaptive-prasle,2162,1,0,0,92,0,1288,0,1,72,251253,2162,0,93,0,0,0,LEADER,1,0,0,0,0,92
253203,24,adaptive-prasle,1952,1,0,0,92,0,1288,0,1,24,251251,1952,0,93,0,0,0,LEADER,1,0,0,0,0,92
253734,32,adaptive-prasle,1564,1,0,0,92,0,1288,0,1,32,252170,1564,0,93,0,0,0,LEADER,1,0,0,0,0,92
252922,93,adaptive-prasle,1671,1,0,0,92,0,1288,0,1,93,251251,1671,0,93,0,0,0,LEADER,1,0,0,0,0,92
253596,69,adaptive-prasle,2343,1,0,0,92,0,1288,0,1,69,251253,2343,0,93,0,0,0,LEADER,1,0,0,0,0,92
253581,79,adaptive-prasle,2331,1,0,0,92,0,1288,0,1,79,251250,2331,0,93,0,0,0,LEADER,1,0,0,0,0,92
253276,75,adaptive-prasle,2025,1,0,0,92,0,1288,0,1,75,251251,2025,0,93,0,0,0,LEADER,1,0,0,0,0,92
253003,81,adaptive-prasle,1752,1,0,0,92,0,1288,0,1,81,251251,1752,0,93,0,0,0,LEADER,1,0,0,0,0,92
252861,52,adaptive-prasle,1610,1,0,0,92,0,1288,0,1,52,251251,1610,0,93,0,0,0,LEADER,1,0,0,0,0,92
253340,21,adaptive-prasle,2088,1,0,0,92,0,1288,0,1,21,251252,2088,0,93,0,0,0,LEADER,1,0,0,0,0,92
253516,29,adaptive-prasle,2265,1,0,0,92,0,1288,0,1,29,251251,2265,0,93,0,0,0,LEADER,1,0,0,0,0,92
253092,100,adaptive-prasle,1841,1,0,0,92,0,1288,0,1,100,251251,1841,0,93,0,0,0,LEADER,1,0,0,0,0,92
252937,61,adaptive-prasle,1686,1,0,0,92,0,1288,0,1,61,251251,1686,0,93,0,0,0,LEADER,1,0,0,0,0,92
253501,91,adaptive-prasle,2250,1,0,0,92,0,1288,0,1,91,251251,2250,0,93,0,0,0,LEADER,1,0,0,0,0,92
253461,37,adaptive-prasle,2210,1,0,0,92,0,1288,0,1,37,251251,2210,0,93,0,0,0,LEADER,1,0,0,0,0,92
253004,38,adaptive-prasle,1755,1,0,0,92,0,1288,0,1,38,251249,1755,0,93,0,0,0,LEADER,1,0,0,0,0,92
253670,98,adaptive-prasle,2419,1,0,0,92,0,1288,0,1,98,251251,2419,0,93,0,0,0,LEADER,1,0,0,0,0,92
253527,27,adaptive-prasle,2280,1,0,0,92,0,1288,0,1,27,251247,2280,0,93,0,0,0,LEADER,1,0,0,0,0,92
253379,62,adaptive-prasle,2128,1,0,0,92,0,1288,0,1,62,251251,2128,0,93,0,0,0,LEADER,1,0,0,0,0,92
253188,56,adaptive-prasle,1937,1,0,0,92,0,1288,0,1,56,251251,1937,0,93,0,0,0,LEADER,1,0,0,0,0,92
253574,99,adaptive-prasle,2328,1,0,0,92,0,1288,0,1,99,251246,2328,0,93,0,0,0,LEADER,1,0,0,0,0,92
253454,48,adaptive-prasle,2202,1,0,0,92,0,1288,0,1,48,251252,2202,0,93,0,0,0,LEADER,1,0,0,0,0,92
252970,71,adaptive-prasle,1719,1,0,0,92,0,1288,0,1,71,251251,1719,0,93,0,0,0,LEADER,1,0,0,0,0,92
253195,87,adaptive-prasle,1944,1,0,0,92,0,1288,0,1,87,251251,1944,0,93,0,0,0,LEADER,1,0,0,0,0,92
253121,36,adaptive-prasle,1870,1,0,0,92,0,1288,0,1,36,251251,1870,0,93,0,0,0,LEADER,1,0,0,0,0,92
253617,77,adaptive-prasle,1446,1,0,0,92,0,1288,0,1,77,252171,1446,0,93,0,0,0,LEADER,1,0,0,0,0,92
253810,83,adaptive-prasle,1637,1,0,0,92,0,1288,0,1,83,252173,1637,0,93,0,0,0,LEADER,1,0,0,0,0,92
253310,85,adaptive-prasle,2059,1,0,0,92,0,1288,0,1,85,251251,2059,0,93,0,0,0,LEADER,1,0,0,0,0,92
253838,19,adaptive-prasle,1667,1,0,0,92,0,1288,0,1,19,252171,1667,0,93,0,0,0,LEADER,1,0,0,0,0,92
253993,65,adaptive-prasle,1822,1,0,0,92,0,1288,0,1,65,252171,1822,0,93,0,0,0,LEADER,1,0,0,0,0,92
253599,35,adaptive-prasle,1428,1,0,0,92,0,1288,0,1,35,252171,1428,0,93,0,0,0,LEADER,1,0,0,0,0,92
253614,86,adaptive-prasle,1443,1,0,0,92,0,1288,0,1,86,252171,1443,0,93,0,0,0,LEADER,1,0,0,0,0,92
253657,50,adaptive-prasle,2406,1,0,0,92,0,1288,0,1,50,251251,2406,0,93,0,0,0,LEADER,1,0,0,0,0,92
253672,55,adaptive-prasle,1501,1,0,0,92,0,1288,0,1,55,252171,1501,0,93,0,0,0,LEADER,1,0,0,0,0,92
253711,63,adaptive-prasle,1540,1,0,0,92,0,1288,0,1,63,252171,1540,0,93,0,0,0,LEADER,1,0,0,0,0,92
254075,46,adaptive-prasle,1904,1,0,0,92,0,1288,0,1,46,252171,1904,0,93,0,0,0,LEADER,1,0,0,0,0,92
253870,53,adaptive-prasle,1701,1,0,0,92,0,1288,0,1,53,252169,1701,0,93,0,0,0,LEADER,1,0,0,0,0,92
253225,23,adaptive-prasle,1974,1,0,0,92,0,1288,0,1,23,251251,1974,0,93,0,0,0,LEADER,1,0,0,0,0,92
254093,88,adaptive-prasle,1922,1,0,0,92,0,1288,0,1,88,252171,1922,0,93,0,0,0,LEADER,1,0,0,0,0,92
253620,34,adaptive-prasle,1449,1,0,0,92,0,1288,0,1,34,252171,1449,0,93,0,0,0,LEADER,1,0,0,0,0,92
253230,97,adaptive-prasle,1977,1,0,0,92,0,1288,0,1,97,251253,1977,0,93,0,0,0,LEADER,1,0,0,0,0,92
253348,20,adaptive-prasle,2095,1,0,0,92,0,1288,0,1,20,251253,2095,0,93,0,0,0,LEADER,1,0,0,0,0,92
253428,40,adaptive-prasle,2177,1,0,0,92,0,1288,0,1,40,251251,2177,0,93,0,0,0,LEADER,1,0,0,0,0,92
253353,47,adaptive-prasle,2100,1,0,0,92,0,1288,0,1,47,251253,2100,0,93,0,0,0,LEADER,1,0,0,0,0,92
254263,95,adaptive-prasle,2092,1,0,0,92,0,1288,0,1,95,252171,2092,0,93,0,0,0,LEADER,1,0,0,0,0,92
253646,25,adaptive-prasle,2395,1,0,0,92,0,1288,0,1,25,251251,2395,0,93,0,0,0,LEADER,1,0,0,0,0,92
254251,84,adaptive-prasle,2080,1,0,0,92,0,1288,0,1,84,252171,2080,0,93,0,0,0,LEADER,1,0,0,0,0,92
253528,70,adaptive-prasle,2277,1,0,0,92,0,1288,0,1,70,251251,2277,0,93,0,0,0,LEADER,1,0,0,0,0,92
253446,82,adaptive-prasle,2195,1,0,0,92,0,1288,0,1,82,251251,2195,0,93,0,0,0,LEADER,1,0,0,0,0,92
253664,67,adaptive-prasle,2413,1,0,0,92,0,1288,0,1,67,251251,2413,0,93,0,0,0,LEADER,1,0,0,0,0,92
253616,89,adaptive-prasle,2365,1,0,0,92,0,1288,0,1,89,251251,2365,0,93,0,0,0,LEADER,1,0,0,0,0,92
254284,28,adaptive-prasle,2113,1,0,0,92,0,1288,0,1,28,252171,2113,0,93,0,0,0,LEADER,1,0,0,0,0,92
254028,68,adaptive-prasle,1855,1,0,0,92,0,1288,0,1,68,252173,1855,0,93,0,0,0,LEADER,1,0,0,0,0,92
253979,90,adaptive-prasle,1807,1,0,0,92,0,1288,0,1,90,252172,1807,0,93,0,0,0,LEADER,1,0,0,0,0,92
253639,76,adaptive-prasle,1468,1,0,0,92,0,1288,0,1,76,252171,1468,0,93,0,0,0,LEADER,1,0,0,0,0,92
253960,10,adaptive-prasle,1789,1,0,0,92,0,1288,0,1,10,252171,1789,0,93,0,0,0,LEADER,1,0,0,0,0,92
254392,58,adaptive-prasle,2221,1,0,0,92,0,1288,0,1,58,252171,2221,0,93,0,0,0,LEADER,1,0,0,0,0,92
253775,73,adaptive-prasle,1604,1,0,0,92,0,1288,0,1,73,252171,1604,0,93,0,0,0,LEADER,1,0,0,0,0,92
253516,59,adaptive-prasle,2265,1,0,0,92,0,1288,0,1,59,251251,2265,0,93,0,0,0,LEADER,1,0,0,0,0,92
253790,41,adaptive-prasle,1619,1,0,0,92,0,1288,0,1,41,252171,1619,0,93,0,0,0,LEADER,1,0,0,0,0,92
253705,96,adaptive-prasle,1534,1,0,0,92,0,1288,0,1,96,252171,1534,0,93,0,0,0,LEADER,1,0,0,0,0,92
254004,74,adaptive-prasle,1837,1,0,0,92,0,1288,0,1,74,252167,1837,0,93,0,0,0,LEADER,1,0,0,0,0,92
253938,49,adaptive-prasle,1767,1,0,0,92,0,1288,0,1,49,252171,1767,0,93,0,0,0,LEADER,1,0,0,0,0,92
254399,92,adaptive-prasle,2228,1,0,0,92,0,1288,0,1,92,252171,2228,0,93,0,0,0,LEADER,1,0,0,0,0,92
253607,66,adaptive-prasle,1434,1,0,0,92,0,1288,0,1,66,252173,1434,0,93,0,0,0,LEADER,1,0,0,0,0,92
253631,57,adaptive-prasle,2380,1,0,0,92,0,1288,0,1,57,251251,2380,0,93,0,0,0,LEADER,1,0,0,0,0,92
254431,78,adaptive-prasle,2260,1,0,0,92,0,1288,0,1,78,252171,2260,0,93,0,0,0,LEADER,1,0,0,0,0,92
253597,39,adaptive-prasle,2346,1,0,0,92,0,1288,0,1,39,251251,2346,0,93,0,0,0,LEADER,1,0,0,0,0,92
254314,30,adaptive-prasle,2143,1,0,0,92,0,1288,0,1,30,252171,2143,0,93,0,0,0,LEADER,1,0,0,0,0,92
253720,64,adaptive-prasle,1549,1,0,0,92,0,1288,0,1,64,252171,1549,0,93,0,0,0,LEADER,1,0,0,0,0,92
253945,80,adaptive-prasle,1774,1,0,0,92,0,1288,0,1,80,252171,1774,0,93,0,0,0,LEADER,1,0,0,0,0,92
253680,54,adaptive-prasle,1516,1,0,0,92,0,1288,0,1,54,252164,1516,0,93,0,0,0,LEADER,1,0,0,0,0,92
254211,43,adaptive-prasle,2040,1,0,0,92,0,1288,0,1,43,252171,2040,0,93,0,0,0,LEADER,1,0,0,0,0,92
254265,14,adaptive-prasle,2096,1,0,0,14,13,196,182,4,14,252169,2096,0,8,0,0,0,LEADER,1,0,0,0,0,14
254131,26,adaptive-prasle,1960,1,0,0,92,0,1288,0,1,26,252171,1960,0,93,0,0,0,LEADER,1,0,0,0,0,92
253759,42,adaptive-prasle,1591,1,0,0,92,0,1288,0,1,42,252168,1591,0,93,0,0,0,LEADER,1,0,0,0,0,92
253769,31,adaptive-prasle,1598,1,0,0,92,0,1288,0,1,31,252171,1598,0,93,0,0,0,LEADER,1,0,0,0,0,92
254526,94,adaptive-prasle,2355,1,0,0,92,0,1288,0,1,94,252171,2355,0,93,0,0,0,LEADER,1,0,0,0,0,92
254096,45,adaptive-prasle,1925,1,0,0,92,0,1288,0,1,45,252171,1925,0,93,0,0,0,LEADER,1,0,0,0,0,92
254469,60,adaptive-prasle,2298,1,0,0,92,0,1288,0,1,60,252171,2298,0,93,0,0,0,LEADER,1,0,0,0,0,92
254574,44,adaptive-prasle,1483,1,0,0,92,0,1288,0,1,44,253091,1483,0,93,0,0,0,LEADER,1,0,0,0,0,92
253823,51,adaptive-prasle,1652,1,0,0,92,0,1288,0,1,51,252171,1652,0,93,0,0,0,LEADER,1,0,0,0,0,92
254622,22,adaptive-prasle,1531,1,0,0,92,0,1288,0,1,22,253091,1531,0,93,0,0,0,LEADER,1,0,0,0,0,92
254180,33,adaptive-prasle,2007,1,0,0,92,0,1288,0,1,33,252173,2007,0,93,0,0,0,LEADER,1,0,0,0,0,92
254335,72,adaptive-prasle,2162,1,0,0,92,0,1288,0,1,72,252173,2162,0,93,0,0,0,LEADER,1,0,0,0,0,92
254123,24,adaptive-prasle,1952,1,0,0,92,0,1288,0,1,24,252171,1952,0,93,0,0,0,LEADER,1,0,0,0,0,92
254654,32,adaptive-prasle,1564,1,0,0,92,0,1288,0,1,32,253090,1564,0,93,0,0,0,LEADER,1,0,0,0,0,92
253842,93,adaptive-prasle,1671,1,0,0,92,0,1288,0,1,93,252171,1671,0,93,0,0,0,LEADER,1,0,0,0,0,92
254501,79,adaptive-prasle,2331,1,0,0,92,0,1288,0,1,79,252170,2331,0,93,0,0,0,LEADER,1,0,0,0,0,92
254516,69,adaptive-prasle,2343,1,0,0,92,0,1288,0,1,69,252173,2343,0,93,0,0,0,LEADER,1,0,0,0,0,92
254196,75,adaptive-prasle,2025,1,0,0,92,0,1288,0,1,75,252171,2025,0,93,0,0,0,LEADER,1,0,0,0,0,92
253923,81,adaptive-prasle,1752,1,0,0,92,0,1288,0,1,81,252171,1752,0,93,0,0,0,LEADER,1,0,0,0,0,92
253781,52,adaptive-prasle,1610,1,0,0,92,0,1288,0,1,52,252171,1610,0,93,0,0,0,LEADER,1,0,0,0,0,92
254260,21,adaptive-prasle,2088,1,0,0,92,0,1288,0,1,21,252172,2088,0,93,0,0,0,LEADER,1,0,0,0,0,92
254436,29,adaptive-prasle,2265,1,0,0,92,0,1288,0,1,29,252171,2265,0,93,0,0,0,LEADER,1,0,0,0,0,92
254012,100,adaptive-prasle,1841,1,0,0,92,0,1288,0,1,100,252171,1841,0,93,0,0,0,LEADER,1,0,0,0,0,92
253857,61,adaptive-prasle,1686,1,0,0,92,0,1288,0,1,61,252171,1686,0,93,0,0,0,LEADER,1,0,0,0,0,92
254069,13,adaptive-prasle,1941,1,0,0,15,12,210,168,2,3,252128,1941,0,8,0,0,0,NORMAL,0,0,0,0,0,15
254421,91,adaptive-prasle,2250,1,0,0,92,0,1288,0,1,91,252171,2250,0,93,0,0,0,LEADER,1,0,0,0,0,92
254381,37,adaptive-prasle,2210,1,0,0,92,0,1288,0,1,37,252171,2210,0,93,0,0,0,LEADER,1,0,0,0,0,92
253924,38,adaptive-prasle,1755,1,0,0,92,0,1288,0,1,38,252169,1755,0,93,0,0,0,LEADER,1,0,0,0,0,92
254590,98,adaptive-prasle,2419,1,0,0,92,0,1288,0,1,98,252171,2419,0,93,0,0,0,LEADER,1,0,0,0,0,92
254447,27,adaptive-prasle,2280,1,0,0,92,0,1288,0,1,27,252167,2280,0,93,0,0,0,LEADER,1,0,0,0,0,92
254299,62,adaptive-prasle,2128,1,0,0,92,0,1288,0,1,62,252171,2128,0,93,0,0,0,LEADER,1,0,0,0,0,92
254108,56,adaptive-prasle,1937,1,0,0,92,0,1288,0,1,56,252171,1937,0,93,0,0,0,LEADER,1,0,0,0,0,92
254494,99,adaptive-prasle,2328,1,0,0,92,0,1288,0,1,99,252166,2328,0,93,0,0,0,LEADER,1,0,0,0,0,92
254374,48,adaptive-prasle,2202,1,0,0,92,0,1288,0,1,48,252172,2202,0,93,0,0,0,LEADER,1,0,0,0,0,92
253890,71,adaptive-prasle,1719,1,0,0,92,0,1288,0,1,71,252171,1719,0,93,0,0,0,LEADER,1,0,0,0,0,92
254115,87,adaptive-prasle,1944,1,0,0,92,0,1288,0,1,87,252171,1944,0,93,0,0,0,LEADER,1,0,0,0,0,92
254041,36,adaptive-prasle,1870,1,0,0,92,0,1288,0,1,36,252171,1870,0,93,0,0,0,LEADER,1,0,0,0,0,92
254537,77,adaptive-prasle,1446,1,0,0,92,0,1288,0,1,77,253091,1446,0,93,0,0,0,LEADER,1,0,0,0,0,92
254730,83,adaptive-prasle,1637,1,0,0,92,0,1288,0,1,83,253093,1637,0,93,0,0,0,LEADER,1,0,0,0,0,92
254230,85,adaptive-prasle,2059,1,0,0,92,0,1288,0,1,85,252171,2059,0,93,0,0,0,LEADER,1,0,0,0,0,92
254758,19,adaptive-prasle,1667,1,0,0,92,0,1288,0,1,19,253091,1667,0,93,0,0,0,LEADER,1,0,0,0,0,92
254913,65,adaptive-prasle,1822,1,0,0,92,0,1288,0,1,65,253091,1822,0,93,0,0,0,LEADER,1,0,0,0,0,92
254519,35,adaptive-prasle,1428,1,0,0,92,0,1288,0,1,35,253091,1428,0,93,0,0,0,LEADER,1,0,0,0,0,92
254534,86,adaptive-prasle,1443,1,0,0,92,0,1288,0,1,86,253091,1443,0,93,0,0,0,LEADER,1,0,0,0,0,92
254577,50,adaptive-prasle,2406,1,0,0,92,0,1288,0,1,50,252171,2406,0,93,0,0,0,LEADER,1,0,0,0,0,92
254592,55,adaptive-prasle,1501,1,0,0,92,0,1288,0,1,55,253091,1501,0,93,0,0,0,LEADER,1,0,0,0,0,92
254631,63,adaptive-prasle,1540,1,0,0,92,0,1288,0,1,63,253091,1540,0,93,0,0,0,LEADER,1,0,0,0,0,92
254995,46,adaptive-prasle,1904,1,0,0,92,0,1288,0,1,46,253091,1904,0,93,0,0,0,LEADER,1,0,0,0,0,92
254790,53,adaptive-prasle,1701,1,0,0,92,0,1288,0,1,53,253089,1701,0,93,0,0,0,LEADER,1,0,0,0,0,92
254145,23,adaptive-prasle,1974,1,0,0,92,0,1288,0,1,23,252171,1974,0,93,0,0,0,LEADER,1,0,0,0,0,92
255013,88,adaptive-prasle,1922,1,0,0,92,0,1288,0,1,88,253091,1922,0,93,0,0,0,LEADER,1,0,0,0,0,92
254540,34,adaptive-prasle,1449,1,0,0,92,0,1288,0,1,34,253091,1449,0,93,0,0,0,LEADER,1,0,0,0,0,92
254150,97,adaptive-prasle,1977,1,0,0,92,0,1288,0,1,97,252173,1977,0,93,0,0,0,LEADER,1,0,0,0,0,92
254268,20,adaptive-prasle,2095,1,0,0,92,0,1288,0,1,20,252173,2095,0,93,0,0,0,LEADER,1,0,0,0,0,92
254348,40,adaptive-prasle,2177,1,0,0,92,0,1288,0,1,40,252171,2177,0,93,0,0,0,LEADER,1,0,0,0,0,92
254273,47,adaptive-prasle,2100,1,0,0,92,0,1288,0,1,47,252173,2100,0,93,0,0,0,LEADER,1,0,0,0,0,92
255183,95,adaptive-prasle,2092,1,0,0,92,0,1288,0,1,95,253091,2092,0,93,0,0,0,LEADER,1,0,0,0,0,92
254566,25,adaptive-prasle,2395,1,0,0,92,0,1288,0,1,25,252171,2395,0,93,0,0,0,LEADER,1,0,0,0,0,92
255171,84,adaptive-prasle,2080,1,0,0,92,0,1288,0,1,84,253091,2080,0,93,0,0,0,LEADER,1,0,0,0,0,92
254448,70,adaptive-prasle,2277,1,0,0,92,0,1288,0,1,70,252171,2277,0,93,0,0,0,LEADER,1,0,0,0,0,92
254366,82,adaptive-prasle,2195,1,0,0,92,0,1288,0,1,82,252171,2195,0,93,0,0,0,LEADER,1,0,0,0,0,92
254584,67,adaptive-prasle,2413,1,0,0,92,0,1288,0,1,67,252171,2413,0,93,0,0,0,LEADER,1,0,0,0,0,92
254536,89,adaptive-prasle,2365,1,0,0,92,0,1288,0,1,89,252171,2365,0,93,0,0,0,LEADER,1,0,0,0,0,92
255204,28,adaptive-prasle,2113,1,0,0,92,0,1288,0,1,28,253091,2113,0,93,0,0,0,LEADER,1,0,0,0,0,92
254948,68,adaptive-prasle,1855,1,0,0,92,0,1288,0,1,68,253093,1855,0,93,0,0,0,LEADER,1,0,0,0,0,92
254899,90,adaptive-prasle,1807,1,0,0,92,0,1288,0,1,90,253092,1807,0,93,0,0,0,LEADER,1,0,0,0,0,92
254559,76,adaptive-prasle,1468,1,0,0,92,0,1288,0,1,76,253091,1468,0,93,0,0,0,LEADER,1,0,0,0,0,92
255312,58,adaptive-prasle,2221,1,0,0,92,0,1288,0,1,58,253091,2221,0,93,0,0,0,LEADER,1,0,0,0,0,92
254880,10,adaptive-prasle,1789,1,0,0,92,0,1288,0,1,10,253091,1789,0,93,0,0,0,LEADER,1,0,0,0,0,92
254695,73,adaptive-prasle,1604,1,0,0,92,0,1288,0,1,73,253091,1604,0,93,0,0,0,LEADER,1,0,0,0,0,92
254436,59,adaptive-prasle,2265,1,0,0,92,0,1288,0,1,59,252171,2265,0,93,0,0,0,LEADER,1,0,0,0,0,92
254710,41,adaptive-prasle,1619,1,0,0,92,0,1288,0,1,41,253091,1619,0,93,0,0,0,LEADER,1,0,0,0,0,92
254625,96,adaptive-prasle,1534,1,0,0,92,0,1288,0,1,96,253091,1534,0,93,0,0,0,LEADER,1,0,0,0,0,92
254924,74,adaptive-prasle,1837,1,0,0,92,0,1288,0,1,74,253087,1837,0,93,0,0,0,LEADER,1,0,0,0,0,92
254858,49,adaptive-prasle,1767,1,0,0,92,0,1288,0,1,49,253091,1767,0,93,0,0,0,LEADER,1,0,0,0,0,92
255319,92,adaptive-prasle,2228,1,0,0,92,0,1288,0,1,92,253091,2228,0,93,0,0,0,LEADER,1,0,0,0,0,92
254527,66,adaptive-prasle,1434,1,0,0,92,0,1288,0,1,66,253093,1434,0,93,0,0,0,LEADER,1,0,0,0,0,92
254551,57,adaptive-prasle,2380,1,0,0,92,0,1288,0,1,57,252171,2380,0,93,0,0,0,LEADER,1,0,0,0,0,92
255351,78,adaptive-prasle,2260,1,0,0,92,0,1288,0,1,78,253091,2260,0,93,0,0,0,LEADER,1,0,0,0,0,92
254517,39,adaptive-prasle,2346,1,0,0,92,0,1288,0,1,39,252171,2346,0,93,0,0,0,LEADER,1,0,0,0,0,92
255234,30,adaptive-prasle,2143,1,0,0,92,0,1288,0,1,30,253091,2143,0,93,0,0,0,LEADER,1,0,0,0,0,92
254640,64,adaptive-prasle,1549,1,0,0,92,0,1288,0,1,64,253091,1549,0,93,0,0,0,LEADER,1,0,0,0,0,92
254865,80,adaptive-prasle,1774,1,0,0,92,0,1288,0,1,80,253091,1774,0,93,0,0,0,LEADER,1,0,0,0,0,92
254600,54,adaptive-prasle,1516,1,0,0,92,0,1288,0,1,54,253084,1516,0,93,0,0,0,LEADER,1,0,0,0,0,92
255131,43,adaptive-prasle,2040,1,0,0,92,0,1288,0,1,43,253091,2040,0,93,0,0,0,LEADER,1,0,0,0,0,92
255051,26,adaptive-prasle,1960,1,0,0,92,0,1288,0,1,26,253091,1960,0,93,0,0,0,LEADER,1,0,0,0,0,92
254679,42,adaptive-prasle,1591,1,0,0,92,0,1288,0,1,42,253088,1591,0,93,0,0,0,LEADER,1,0,0,0,0,92
254689,31,adaptive-prasle,1598,1,0,0,92,0,1288,0,1,31,253091,1598,0,93,0,0,0,LEADER,1,0,0,0,0,92
255446,94,adaptive-prasle,2355,1,0,0,92,0,1288,0,1,94,253091,2355,0,93,0,0,0,LEADER,1,0,0,0,0,92
255016,45,adaptive-prasle,1925,1,0,0,92,0,1288,0,1,45,253091,1925,0,93,0,0,0,LEADER,1,0,0,0,0,92
255389,60,adaptive-prasle,2298,1,0,0,92,0,1288,0,1,60,253091,2298,0,93,0,0,0,LEADER,1,0,0,0,0,92
255495,44,adaptive-prasle,1483,1,0,0,93,0,1302,0,1,44,254012,1483,0,94,0,0,0,LEADER,1,0,0,0,0,93
254743,51,adaptive-prasle,1652,1,0,0,92,0,1288,0,1,51,253091,1652,0,93,0,0,0,LEADER,1,0,0,0,0,92
255100,33,adaptive-prasle,2007,1,0,0,92,0,1288,0,1,33,253093,2007,0,93,0,0,0,LEADER,1,0,0,0,0,92
255543,22,adaptive-prasle,1531,1,0,0,93,0,1302,0,1,22,254012,1531,0,94,0,0,0,LEADER,1,0,0,0,0,93
255255,72,adaptive-prasle,2162,1,0,0,92,0,1288,0,1,72,253093,2162,0,93,0,0,0,LEADER,1,0,0,0,0,92
255043,24,adaptive-prasle,1952,1,0,0,92,0,1288,0,1,24,253091,1952,0,93,0,0,0,LEADER,1,0,0,0,0,92
255575,32,adaptive-prasle,1564,1,0,0,93,0,1302,0,1,32,254011,1564,0,94,0,0,0,LEADER,1,0,0,0,0,93
254762,93,adaptive-prasle,1671,1,0,0,92,0,1288,0,1,93,253091,1671,0,93,0,0,0,LEADER,1,0,0,0,0,92
255421,79,adaptive-prasle,2331,1,0,0,92,0,1288,0,1,79,253090,2331,0,93,0,0,0,LEADER,1,0,0,0,0,92
255436,69,adaptive-prasle,2343,1,0,0,92,0,1288,0,1,69,253093,2343,0,93,0,0,0,LEADER,1,0,0,0,0,92
255116,75,adaptive-prasle,2025,1,0,0,92,0,1288,0,1,75,253091,2025,0,93,0,0,0,LEADER,1,0,0,0,0,92
254843,81,adaptive-prasle,1752,1,0,0,92,0,1288,0,1,81,253091,1752,0,93,0,0,0,LEADER,1,0,0,0,0,92
254701,52,adaptive-prasle,1610,1,0,0,92,0,1288,0,1,52,253091,1610,0,93,0,0,0,LEADER,1,0,0,0,0,92
255180,21,adaptive-prasle,2088,1,0,0,92,0,1288,0,1,21,253092,2088,0,93,0,0,0,LEADER,1,0,0,0,0,92
255356,29,adaptive-prasle,2265,1,0,0,92,0,1288,0,1,29,253091,2265,0,93,0,0,0,LEADER,1,0,0,0,0,92
254932,100,adaptive-prasle,1841,1,0,0,92,0,1288,0,1,100,253091,1841,0,93,0,0,0,LEADER,1,0,0,0,0,92
254777,61,adaptive-prasle,1686,1,0,0,92,0,1288,0,1,61,253091,1686,0,93,0,0,0,LEADER,1,0,0,0,0,92
255341,91,adaptive-prasle,2250,1,0,0,92,0,1288,0,1,91,253091,2250,0,93,0,0,0,LEADER,1,0,0,0,0,92
255301,37,adaptive-prasle,2210,1,0,0,92,0,1288,0,1,37,253091,2210,0,93,0,0,0,LEADER,1,0,0,0,0,92
254844,38,adaptive-prasle,1755,1,0,0,92,0,1288,0,1,38,253089,1755,0,93,0,0,0,LEADER,1,0,0,0,0,92
255510,98,adaptive-prasle,2419,1,0,0,92,0,1288,0,1,98,253091,2419,0,93,0,0,0,LEADER,1,0,0,0,0,92
255367,27,adaptive-prasle,2280,1,0,0,92,0,1288,0,1,27,253087,2280,0,93,0,0,0,LEADER,1,0,0,0,0,92
255219,62,adaptive-prasle,2128,1,0,0,92,0,1288,0,1,62,253091,2128,0,93,0,0,0,LEADER,1,0,0,0,0,92
255028,56,adaptive-prasle,1937,1,0,0,92,0,1288,0,1,56,253091,1937,0,93,0,0,0,LEADER,1,0,0,0,0,92
255414,99,adaptive-prasle,2328,1,0,0,92,0,1288,0,1,99,253086,2328,0,93,0,0,0,LEADER,1,0,0,0,0,92
255294,48,adaptive-prasle,2202,1,0,0,92,0,1288,0,1,48,253092,2202,0,93,0,0,0,LEADER,1,0,0,0,0,92
254810,71,adaptive-prasle,1719,1,0,0,92,0,1288,0,1,71,253091,1719,0,93,0,0,0,LEADER,1,0,0,0,0,92
255035,87,adaptive-prasle,1944,1,0,0,92,0,1288,0,1,87,253091,1944,0,93,0,0,0,LEADER,1,0,0,0,0,92
254961,36,adaptive-prasle,1870,1,0,0,92,0,1288,0,1,36,253091,1870,0,93,0,0,0,LEADER,1,0,0,0,0,92
255458,77,adaptive-prasle,1446,1,0,0,93,0,1302,0,1,77,254012,1446,0,94,0,0,0,LEADER,1,0,0,0,0,93
255651,83,adaptive-prasle,1637,1,0,0,93,0,1302,0,1,83,254014,1637,0,94,0,0,0,LEADER,1,0,0,0,0,93
255150,85,adaptive-prasle,2059,1,0,0,92,0,1288,0,1,85,253091,2059,0,93,0,0,0,LEADER,1,0,0,0,0,92
255679,19,adaptive-prasle,1667,1,0,0,93,0,1302,0,1,19,254012,1667,0,94,0,0,0,LEADER,1,0,0,0,0,93
255834,65,adaptive-prasle,1822,1,0,0,93,0,1302,0,1,65,254012,1822,0,94,0,0,0,LEADER,1,0,0,0,0,93
255440,35,adaptive-prasle,1428,1,0,0,93,0,1302,0,1,35,254012,1428,0,94,0,0,0,LEADER,1,0,0,0,0,93
255455,86,adaptive-prasle,1443,1,0,0,93,0,1302,0,1,86,254012,1443,0,94,0,0,0,LEADER,1,0,0,0,0,93
255497,50,adaptive-prasle,2406,1,0,0,92,0,1288,0,1,50,253091,2406,0,93,0,0,0,LEADER,1,0,0,0,0,92
255513,55,adaptive-prasle,1501,1,0,0,93,0,1302,0,1,55,254012,1501,0,94,0,0,0,LEADER,1,0,0,0,0,93
255552,63,adaptive-prasle,1540,1,0,0,93,0,1302,0,1,63,254012,1540,0,94,0,0,0,LEADER,1,0,0,0,0,93
255916,46,adaptive-prasle,1904,1,0,0,93,0,1302,0,1,46,254012,1904,0,94,0,0,0,LEADER,1,0,0,0,0,93
255711,53,adaptive-prasle,1701,1,0,0,93,0,1302,0,1,53,254010,1701,0,94,0,0,0,LEADER,1,0,0,0,0,93
255065,23,adaptive-prasle,1974,1,0,0,92,0,1288,0,1,23,253091,1974,0,93,0,0,0,LEADER,1,0,0,0,0,92
255934,88,adaptive-prasle,1922,1,0,0,93,0,1302,0,1,88,254012,1922,0,94,0,0,0,LEADER,1,0,0,0,0,93
255461,34,adaptive-prasle,1449,1,0,0,93,0,1302,0,1,34,254012,1449,0,94,0,0,0,LEADER,1,0,0,0,0,93
255070,97,adaptive-prasle,1977,1,0,0,92,0,1288,0,1,97,253093,1977,0,93,0,0,0,LEADER,1,0,0,0,0,92
255188,20,adaptive-prasle,2095,1,0,0,92,0,1288,0,1,20,253093,2095,0,93,0,0,0,LEADER,1,0,0,0,0,92
255268,40,adaptive-prasle,2177,1,0,0,92,0,1288,0,1,40,253091,2177,0,93,0,0,0,LEADER,1,0,0,0,0,92
255193,47,adaptive-prasle,2100,1,0,0,92,0,1288,0,1,47,253093,2100,0,93,0,0,0,LEADER,1,0,0,0,0,92
256104,95,adaptive-prasle,2092,1,0,0,93,0,1302,0,1,95,254012,2092,0,94,0,0,0,LEADER,1,0,0,0,0,93
255486,25,adaptive-prasle,2395,1,0,0,92,0,1288,0,1,25,253091,2395,0,93,0,0,0,LEADER,1,0,0,0,0,92
256092,84,adaptive-prasle,2080,1,0,0,93,0,1302,0,1,84,254012,2080,0,94,0,0,0,LEADER,1,0,0,0,0,93
255368,70,adaptive-prasle,2277,1,0,0,92,0,1288,0,1,70,253091,2277,0,93,0,0,0,LEADER,1,0,0,0,0,92
255286,82,adaptive-prasle,2195,1,0,0,92,0,1288,0,1,82,253091,2195,0,93,0,0,0,LEADER,1,0,0,0,0,92
255504,67,adaptive-prasle,2413,1,0,0,92,0,1288,0,1,67,253091,2413,0,93,0,0,0,LEADER,1,0,0,0,0,92
255456,89,adaptive-prasle,2365,1,0,0,92,0,1288,0,1,89,253091,2365,0,93,0,0,0,LEADER,1,0,0,0,0,92
256125,28,adaptive-prasle,2113,1,0,0,93,0,1302,0,1,28,254012,2113,0,94,0,0,0,LEADER,1,0,0,0,0,93
255869,68,adaptive-prasle,1855,1,0,0,93,0,1302,0,1,68,254014,1855,0,94,0,0,0,LEADER,1,0,0,0,0,93
255820,90,adaptive-prasle,1807,1,0,0,93,0,1302,0,1,90,254013,1807,0,94,0,0,0,LEADER,1,0,0,0,0,93
255480,76,adaptive-prasle,1468,1,0,0,93,0,1302,0,1,76,254012,1468,0,94,0,0,0,LEADER,1,0,0,0,0,93
255801,10,adaptive-prasle,1789,1,0,0,93,0,1302,0,1,10,254012,1789,0,94,0,0,0,LEADER,1,0,0,0,0,93
256233,58,adaptive-prasle,2221,1,0,0,93,0,1302,0,1,58,254012,2221,0,94,0,0,0,LEADER,1,0,0,0,0,93
255616,73,adaptive-prasle,1604,1,0,0,93,0,1302,0,1,73,254012,1604,0,94,0,0,0,LEADER,1,0,0,0,0,93
255356,59,adaptive-prasle,2265,1,0,0,92,0,1288,0,1,59,253091,2265,0,93,0,0,0,LEADER,1,0,0,0,0,92
255631,41,adaptive-prasle,1619,1,0,0,93,0,1302,0,1,41,254012,1619,0,94,0,0,0,LEADER,1,0,0,0,0,93
255546,96,adaptive-prasle,1534,1,0,0,93,0,1302,0,1,96,254012,1534,0,94,0,0,0,LEADER,1,0,0,0,0,93
255845,74,adaptive-prasle,1837,1,0,0,93,0,1302,0,1,74,254008,1837,0,94,0,0,0,LEADER,1,0,0,0,0,93
255779,49,adaptive-prasle,1767,1,0,0,93,0,1302,0,1,49,254012,1767,0,94,0,0,0,LEADER,1,0,0,0,0,93
256240,92,adaptive-prasle,2228,1,0,0,93,0,1302,0,1,92,254012,2228,0,94,0,0,0,LEADER,1,0,0,0,0,93
255448,66,adaptive-prasle,1434,1,0,0,93,0,1302,0,1,66,254014,1434,0,94,0,0,0,LEADER,1,0,0,0,0,93
255471,57,adaptive-prasle,2380,1,0,0,92,0,1288,0,1,57,253091,2380,0,93,0,0,0,LEADER,1,0,0,0,0,92
256272,78,adaptive-prasle,2260,1,0,0,93,0,1302,0,1,78,254012,2260,0,94,0,0,0,LEADER,1,0,0,0,0,93
255437,39,adaptive-prasle,2346,1,0,0,92,0,1288,0,1,39,253091,2346,0,93,0,0,0,LEADER,1,0,0,0,0,92
256155,30,adaptive-prasle,2143,1,0,0,93,0,1302,0,1,30,254012,2143,0,94,0,0,0,LEADER,1,0,0,0,0,93
255561,64,adaptive-prasle,1549,1,0,0,93,0,1302,0,1,64,254012,1549,0,94,0,0,0,LEADER,1,0,0,0,0,93
255786,80,adaptive-prasle,1774,1,0,0,93,0,1302,0,1,80,254012,1774,0,94,0,0,0,LEADER,1,0,0,0,0,93
255521,54,adaptive-prasle,1516,1,0,0,93,0,1302,0,1,54,254005,1516,0,94,0,0,0,LEADER,1,0,0,0,0,93
256052,43,adaptive-prasle,2040,1,0,0,93,0,1302,0,1,43,254012,2040,0,94,0,0,0,LEADER,1,0,0,0,0,93
255972,26,adaptive-prasle,1960,1,0,0,93,0,1302,0,1,26,254012,1960,0,94,0,0,0,LEADER,1,0,0,0,0,93
255600,42,adaptive-prasle,1591,1,0,0,93,0,1302,0,1,42,254009,1591,0,94,0,0,0,LEADER,1,0,0,0,0,93
255610,31,adaptive-prasle,1598,1,0,0,93,0,1302,0,1,31,254012,1598,0,94,0,0,0,LEADER,1,0,0,0,0,93
256367,94,adaptive-prasle,2355,1,0,0,93,0,1302,0,1,94,254012,2355,0,94,0,0,0,LEADER,1,0,0,0,0,93
255937,45,adaptive-prasle,1925,1,0,0,93,0,1302,0,1,45,254012,1925,0,94,0,0,0,LEADER,1,0,0,0,0,93
256310,60,adaptive-prasle,2298,1,0,0,93,0,1302,0,1,60,254012,2298,0,94,0,0,0,LEADER,1,0,0,0,0,93
256415,44,adaptive-prasle,1483,1,0,0,93,0,1302,0,1,44,254932,1483,0,94,0,0,0,LEADER,1,0,0,0,0,93
255664,51,adaptive-prasle,1652,1,0,0,93,0,1302,0,1,51,254012,1652,0,94,0,0,0,LEADER,1,0,0,0,0,93
256463,22,adaptive-prasle,1531,1,0,0,93,0,1302,0,1,22,254932,1531,0,94,0,0,0,LEADER,1,0,0,0,0,93
256021,33,adaptive-prasle,2007,1,0,0,93,0,1302,0,1,33,254014,2007,0,94,0,0,0,LEADER,1,0,0,0,0,93
256176,72,adaptive-prasle,2162,1,0,0,93,0,1302,0,1,72,254014,2162,0,94,0,0,0,LEADER,1,0,0,0,0,93
255964,24,adaptive-prasle,1952,1,0,0,93,0,1302,0,1,24,254012,1952,0,94,0,0,0,LEADER,1,0,0,0,0,93
256495,32,adaptive-prasle,1564,1,0,0,93,0,1302,0,1,32,254931,1564,0,94,0,0,0,LEADER,1,0,0,0,0,93
255683,93,adaptive-prasle,1671,1,0,0,93,0,1302,0,1,93,254012,1671,0,94,0,0,0,LEADER,1,0,0,0,0,93
256357,69,adaptive-prasle,2343,1,0,0,93,0,1302,0,1,69,254014,2343,0,94,0,0,0,LEADER,1,0,0,0,0,93
256342,79,adaptive-prasle,2331,1,0,0,93,0,1302,0,1,79,254011,2331,0,94,0,0,0,LEADER,1,0,0,0,0,93
256037,75,adaptive-prasle,2025,1,0,0,93,0,1302,0,1,75,254012,2025,0,94,0,0,0,LEADER,1,0,0,0,0,93
255764,81,adaptive-prasle,1752,1,0,0,93,0,1302,0,1,81,254012,1752,0,94,0,0,0,LEADER,1,0,0,0,0,93
255622,52,adaptive-prasle,1610,1,0,0,93,0,1302,0,1,52,254012,1610,0,94,0,0,0,LEADER,1,0,0,0,0,93
256101,21,adaptive-prasle,2088,1,0,0,93,0,1302,0,1,21,254013,2088,0,94,0,0,0,LEADER,1,0,0,0,0,93
256277,29,adaptive-prasle,2265,1,0,0,93,0,1302,0,1,29,254012,2265,0,94,0,0,0,LEADER,1,0,0,0,0,93
255853,100,adaptive-prasle,1841,1,0,0,93,0,1302,0,1,100,254012,1841,0,94,0,0,0,LEADER,1,0,0,0,0,93
255698,61,adaptive-prasle,1686,1,0,0,93,0,1302,0,1,61,254012,1686,0,94,0,0,0,LEADER,1,0,0,0,0,93
256262,91,adaptive-prasle,2250,1,0,0,93,0,1302,0,1,91,254012,2250,0,94,0,0,0,LEADER,1,0,0,0,0,93
256222,37,adaptive-prasle,2210,1,0,0,93,0,1302,0,1,37,254012,2210,0,94,0,0,0,LEADER,1,0,0,0,0,93
255765,38,adaptive-prasle,1755,1,0,0,93,0,1302,0,1,38,254010,1755,0,94,0,0,0,LEADER,1,0,0,0,0,93
256431,98,adaptive-prasle,2419,1,0,0,93,0,1302,0,1,98,254012,2419,0,94,0,0,0,LEADER,1,0,0,0,0,93
256288,27,adaptive-prasle,2280,1,0,0,93,0,1302,0,1,27,254008,2280,0,94,0,0,0,LEADER,1,0,0,0,0,93
256140,62,adaptive-prasle,2128,1,0,0,93,0,1302,0,1,62,254012,2128,0,94,0,0,0,LEADER,1,0,0,0,0,93
255949,56,adaptive-prasle,1937,1,0,0,93,0,1302,0,1,56,254012,1937,0,94,0,0,0,LEADER,1,0,0,0,0,93
256335,99,adaptive-prasle,2328,1,0,0,93,0,1302,0,1,99,254007,2328,0,94,0,0,0,LEADER,1,0,0,0,0,93
256215,48,adaptive-prasle,2202,1,0,0,93,0,1302,0,1,48,254013,2202,0,94,0,0,0,LEADER,1,0,0,0,0,93
255731,71,adaptive-prasle,1719,1,0,0,93,0,1302,0,1,71,254012,1719,0,94,0,0,0,LEADER,1,0,0,0,0,93
255956,87,adaptive-prasle,1944,1,0,0,93,0,1302,0,1,87,254012,1944,0,94,0,0,0,LEADER,1,0,0,0,0,93
255882,36,adaptive-prasle,1870,1,0,0,93,0,1302,0,1,36,254012,1870,0,94,0,0,0,LEADER,1,0,0,0,0,93
256378,77,adaptive-prasle,1446,1,0,0,93,0,1302,0,1,77,254932,1446,0,94,0,0,0,LEADER,1,0,0,0,0,93
256571,83,adaptive-prasle,1637,1,0,0,93,0,1302,0,1,83,254934,1637,0,94,0,0,0,LEADER,1,0,0,0,0,93
256071,85,adaptive-prasle,2059,1,0,0,93,0,1302,0,1,85,254012,2059,0,94,0,0,0,LEADER,1,0,0,0,0,93
256599,19,adaptive-prasle,1667,1,0,0,93,0,1302,0,1,19,254932,1667,0,94,0,0,0,LEADER,1,0,0,0,0,93
256754,65,adaptive-prasle,1822,1,0,0,93,0,1302,0,1,65,254932,1822,0,94,0,0,0,LEADER,1,0,0,0,0,93
256360,35,adaptive-prasle,1428,1,0,0,93,0,1302,0,1,35,254932,1428,0,94,0,0,0,LEADER,1,0,0,0,0,93
256375,86,adaptive-prasle,1443,1,0,0,93,0,1302,0,1,86,254932,1443,0,94,0,0,0,LEADER,1,0,0,0,0,93
256418,50,adaptive-prasle,2406,1,0,0,93,0,1302,0,1,50,254012,2406,0,94,0,0,0,LEADER,1,0,0,0,0,93
256433,55,adaptive-prasle,1501,1,0,0,93,0,1302,0,1,55,254932,1501,0,94,0,0,0,LEADER,1,0,0,0,0,93
256472,63,adaptive-prasle,1540,1,0,0,93,0,1302,0,1,63,254932,1540,0,94,0,0,0,LEADER,1,0,0,0,0,93
256836,46,adaptive-prasle,1904,1,0,0,93,0,1302,0,1,46,254932,1904,0,94,0,0,0,LEADER,1,0,0,0,0,93
256631,53,adaptive-prasle,1701,1,0,0,93,0,1302,0,1,53,254930,1701,0,94,0,0,0,LEADER,1,0,0,0,0,93
255986,23,adaptive-prasle,1974,1,0,0,93,0,1302,0,1,23,254012,1974,0,94,0,0,0,LEADER,1,0,0,0,0,93
256854,88,adaptive-prasle,1922,1,0,0,93,0,1302,0,1,88,254932,1922,0,94,0,0,0,LEADER,1,0,0,0,0,93
256381,34,adaptive-prasle,1449,1,0,0,93,0,1302,0,1,34,254932,1449,0,94,0,0,0,LEADER,1,0,0,0,0,93
255991,97,adaptive-prasle,1977,1,0,0,93,0,1302,0,1,97,254014,1977,0,94,0,0,0,LEADER,1,0,0,0,0,93
256109,20,adaptive-prasle,2095,1,0,0,93,0,1302,0,1,20,254014,2095,0,94,0,0,0,LEADER,1,0,0,0,0,93
256189,40,adaptive-prasle,2177,1,0,0,93,0,1302,0,1,40,254012,2177,0,94,0,0,0,LEADER,1,0,0,0,0,93
256114,47,adaptive-prasle,2100,1,0,0,93,0,1302,0,1,47,254014,2100,0,94,0,0,0,LEADER,1,0,0,0,0,93
257024,95,adaptive-prasle,2092,1,0,0,93,0,1302,0,1,95,254932,2092,0,94,0,0,0,LEADER,1,0,0,0,0,93
256407,25,adaptive-prasle,2395,1,0,0,93,0,1302,0,1,25,254012,2395,0,94,0,0,0,LEADER,1,0,0,0,0,93
257012,84,adaptive-prasle,2080,1,0,0,93,0,1302,0,1,84,254932,2080,0,94,0,0,0,LEADER,1,0,0,0,0,93
256289,70,adaptive-prasle,2277,1,0,0,93,0,1302,0,1,70,254012,2277,0,94,0,0,0,LEADER,1,0,0,0,0,93
256207,82,adaptive-prasle,2195,1,0,0,93,0,1302,0,1,82,254012,2195,0,94,0,0,0,LEADER,1,0,0,0,0,93
256425,67,adaptive-prasle,2413,1,0,0,93,0,1302,0,1,67,254012,2413,0,94,0,0,0,LEADER,1,0,0,0,0,93
256377,89,adaptive-prasle,2365,1,0,0,93,0,1302,0,1,89,254012,2365,0,94,0,0,0,LEADER,1,0,0,0,0,93
257045,28,adaptive-prasle,2113,1,0,0,93,0,1302,0,1,28,254932,2113,0,94,0,0,0,LEADER,1,0,0,0,0,93
256789,68,adaptive-prasle,1855,1,0,0,93,0,1302,0,1,68,254934,1855,0,94,0,0,0,LEADER,1,0,0,0,0,93
256740,90,adaptive-prasle,1807,1,0,0,93,0,1302,0,1,90,254933,1807,0,94,0,0,0,LEADER,1,0,0,0,0,93
256400,76,adaptive-prasle,1468,1,0,0,93,0,1302,0,1,76,254932,1468,0,94,0,0,0,LEADER,1,0,0,0,0,93
256721,10,adaptive-prasle,1789,1,0,0,93,0,1302,0,1,10,254932,1789,0,94,0,0,0,LEADER,1,0,0,0,0,93
257153,58,adaptive-prasle,2221,1,0,0,93,0,1302,0,1,58,254932,2221,0,94,0,0,0,LEADER,1,0,0,0,0,93
256536,73,adaptive-prasle,1604,1,0,0,93,0,1302,0,1,73,254932,1604,0,94,0,0,0,LEADER,1,0,0,0,0,93
256277,59,adaptive-prasle,2265,1,0,0,93,0,1302,0,1,59,254012,2265,0,94,0,0,0,LEADER,1,0,0,0,0,93
256551,41,adaptive-prasle,1619,1,0,0,93,0,1302,0,1,41,254932,1619,0,94,0,0,0,LEADER,1,0,0,0,0,93
256466,96,adaptive-prasle,1534,1,0,0,93,0,1302,0,1,96,254932,1534,0,94,0,0,0,LEADER,1,0,0,0,0,93
256765,74,adaptive-prasle,1837,1,0,0,93,0,1302,0,1,74,254928,1837,0,94,0,0,0,LEADER,1,0,0,0,0,93
256699,49,adaptive-prasle,1767,1,0,0,93,0,1302,0,1,49,254932,1767,0,94,0,0,0,LEADER,1,0,0,0,0,93
257160,92,adaptive-prasle,2228,1,0,0,93,0,1302,0,1,92,254932,2228,0,94,0,0,0,LEADER,1,0,0,0,0,93
256368,66,adaptive-prasle,1434,1,0,0,93,0,1302,0,1,66,254934,1434,0,94,0,0,0,LEADER,1,0,0,0,0,93
256392,57,adaptive-prasle,2380,1,0,0,93,0,1302,0,1,57,254012,2380,0,94,0,0,0,LEADER,1,0,0,0,0,93
257192,78,adaptive-prasle,2260,1,0,0,93,0,1302,0,1,78,254932,2260,0,94,0,0,0,LEADER,1,0,0,0,0,93
256358,39,adaptive-prasle,2346,1,0,0,93,0,1302,0,1,39,254012,2346,0,94,0,0,0,LEADER,1,0,0,0,0,93
257075,30,adaptive-prasle,2143,1,0,0,93,0,1302,0,1,30,254932,2143,0,94,0,0,0,LEADER,1,0,0,0,0,93
256481,64,adaptive-prasle,1549,1,0,0,93,0,1302,0,1,64,254932,1549,0,94,0,0,0,LEADER,1,0,0,0,0,93
256706,80,adaptive-prasle,1774,1,0,0,93,0,1302,0,1,80,254932,1774,0,94,0,0,0,LEADER,1,0,0,0,0,93
256441,54,adaptive-prasle,1516,1,0,0,93,0,1302,0,1,54,254925,1516,0,94,0,0,0,LEADER,1,0,0,0,0,93
256972,43,adaptive-prasle,2040,1,0,0,93,0,1302,0,1,43,254932,2040,0,94,0,0,0,LEADER,1,0,0,0,0,93
256892,26,adaptive-prasle,1960,1,0,0,93,0,1302,0,1,26,254932,1960,0,94,0,0,0,LEADER,1,0,0,0,0,93
256520,42,adaptive-prasle,1591,1,0,0,93,0,1302,0,1,42,254929,1591,0,94,0,0,0,LEADER,1,0,0,0,0,93
256530,31,adaptive-prasle,1598,1,0,0,93,0,1302,0,1,31,254932,1598,0,94,0,0,0,LEADER,1,0,0,0,0,93
257287,94,adaptive-prasle,2355,1,0,0,93,0,1302,0,1,94,254932,2355,0,94,0,0,0,LEADER,1,0,0,0,0,93
256857,45,adaptive-prasle,1925,1,0,0,93,0,1302,0,1,45,254932,1925,0,94,0,0,0,LEADER,1,0,0,0,0,93
257230,60,adaptive-prasle,2298,1,0,0,93,0,1302,0,1,60,254932,2298,0,94,0,0,0,LEADER,1,0,0,0,0,93
257335,44,adaptive-prasle,1483,1,0,0,93,0,1302,0,1,44,255852,1483,0,94,0,0,0,LEADER,1,0,0,0,0,93
256584,51,adaptive-prasle,1652,1,0,0,93,0,1302,0,1,51,254932,1652,0,94,0,0,0,LEADER,1,0,0,0,0,93
257383,22,adaptive-prasle,1531,1,0,0,93,0,1302,0,1,22,255852,1531,0,94,0,0,0,LEADER,1,0,0,0,0,93
256941,33,adaptive-prasle,2007,1,0,0,93,0,1302,0,1,33,254934,2007,0,94,0,0,0,LEADER,1,0,0,0,0,93
257096,72,adaptive-prasle,2162,1,0,0,93,0,1302,0,1,72,254934,2162,0,94,0,0,0,LEADER,1,0,0,0,0,93
256884,24,adaptive-prasle,1952,1,0,0,93,0,1302,0,1,24,254932,1952,0,94,0,0,0,LEADER,1,0,0,0,0,93
257415,32,adaptive-prasle,1564,1,0,0,93,0,1302,0,1,32,255851,1564,0,94,0,0,0,LEADER,1,0,0,0,0,93
256603,93,adaptive-prasle,1671,1,0,0,93,0,1302,0,1,93,254932,1671,0,94,0,0,0,LEADER,1,0,0,0,0,93
257262,79,adaptive-prasle,2331,1,0,0,93,0,1302,0,1,79,254931,2331,0,94,0,0,0,LEADER,1,0,0,0,0,93
257277,69,adaptive-prasle,2343,1,0,0,93,0,1302,0,1,69,254934,2343,0,94,0,0,0,LEADER,1,0,0,0,0,93
256957,75,adaptive-prasle,2025,1,0,0,93,0,1302,0,1,75,254932,2025,0,94,0,0,0,LEADER,1,0,0,0,0,93
256684,81,adaptive-prasle,1752,1,0,0,93,0,1302,0,1,81,254932,1752,0,94,0,0,0,LEADER,1,0,0,0,0,93
256542,52,adaptive-prasle,1610,1,0,0,93,0,1302,0,1,52,254932,1610,0,94,0,0,0,LEADER,1,0,0,0,0,93
257021,21,adaptive-prasle,2088,1,0,0,93,0,1302,0,1,21,254933,2088,0,94,0,0,0,LEADER,1,0,0,0,0,93
257197,29,adaptive-prasle,2265,1,0,0,93,0,1302,0,1,29,254932,2265,0,94,0,0,0,LEADER,1,0,0,0,0,93
256773,100,adaptive-prasle,1841,1,0,0,93,0,1302,0,1,100,254932,1841,0,94,0,0,0,LEADER,1,0,0,0,0,93
256618,61,adaptive-prasle,1686,1,0,0,93,0,1302,0,1,61,254932,1686,0,94,0,0,0,LEADER,1,0,0,0,0,93
257182,91,adaptive-prasle,2250,1,0,0,93,0,1302,0,1,91,254932,2250,0,94,0,0,0,LEADER,1,0,0,0,0,93
257142,37,adaptive-prasle,2210,1,0,0,93,0,1302,0,1,37,254932,2210,0,94,0,0,0,LEADER,1,0,0,0,0,93
256685,38,adaptive-prasle,1755,1,0,0,93,0,1302,0,1,38,254930,1755,0,94,0,0,0,LEADER,1,0,0,0,0,93
257351,98,adaptive-prasle,2419,1,0,0,93,0,1302,0,1,98,254932,2419,0,94,0,0,0,LEADER,1,0,0,0,0,93
257208,27,adaptive-prasle,2280,1,0,0,93,0,1302,0,1,27,254928,2280,0,94,0,0,0,LEADER,1,0,0,0,0,93
257060,62,adaptive-prasle,2128,1,0,0,93,0,1302,0,1,62,254932,2128,0,94,0,0,0,LEADER,1,0,0,0,0,93
256869,56,adaptive-prasle,1937,1,0,0,93,0,1302,0,1,56,254932,1937,0,94,0,0,0,LEADER,1,0,0,0,0,93
257255,99,adaptive-prasle,2328,1,0,0,93,0,1302,0,1,99,254927,2328,0,94,0,0,0,LEADER,1,0,0,0,0,93
257135,48,adaptive-prasle,2202,1,0,0,93,0,1302,0,1,48,254933,2202,0,94,0,0,0,LEADER,1,0,0,0,0,93
256651,71,adaptive-prasle,1719,1,0,0,93,0,1302,0,1,71,254932,1719,0,94,0,0,0,LEADER,1,0,0,0,0,93
256876,87,adaptive-prasle,1944,1,0,0,93,0,1302,0,1,87,254932,1944,0,94,0,0,0,LEADER,1,0,0,0,0,93
256802,36,adaptive-prasle,1870,1,0,0,93,0,1302,0,1,36,254932,1870,0,94,0,0,0,LEADER,1,0,0,0,0,93
257298,77,adaptive-prasle,1446,1,0,0,93,0,1302,0,1,77,255852,1446,0,94,0,0,0,LEADER,1,0,0,0,0,93
257491,83,adaptive-prasle,1637,1,0,0,93,0,1302,0,1,83,255854,1637,0,94,0,0,0,LEADER,1,0,0,0,0,93
256991,85,adaptive-prasle,2059,1,0,0,93,0,1302,0,1,85,254932,2059,0,94,0,0,0,LEADER,1,0,0,0,0,93
257519,19,adaptive-prasle,1667,1,0,0,93,0,1302,0,1,19,255852,1667,0,94,0,0,0,LEADER,1,0,0,0,0,93
257674,65,adaptive-prasle,1822,1,0,0,93,0,1302,0,1,65,255852,1822,0,94,0,0,0,LEADER,1,0,0,0,0,93
257280,35,adaptive-prasle,1428,1,0,0,93,0,1302,0,1,35,255852,1428,0,94,0,0,0,LEADER,1,0,0,0,0,93
257295,86,adaptive-prasle,1443,1,0,0,93,0,1302,0,1,86,255852,1443,0,94,0,0,0,LEADER,1,0,0,0,0,93
257338,50,adaptive-prasle,2406,1,0,0,93,0,1302,0,1,50,254932,2406,0,94,0,0,0,LEADER,1,0,0,0,0,93
257353,55,adaptive-prasle,1501,1,0,0,93,0,1302,0,1,55,255852,1501,0,94,0,0,0,LEADER,1,0,0,0,0,93
257392,63,adaptive-prasle,1540,1,0,0,93,0,1302,0,1,63,255852,1540,0,94,0,0,0,LEADER,1,0,0,0,0,93
257756,46,adaptive-prasle,1904,1,0,0,93,0,1302,0,1,46,255852,1904,0,94,0,0,0,LEADER,1,0,0,0,0,93
257551,53,adaptive-prasle,1701,1,0,0,93,0,1302,0,1,53,255850,1701,0,94,0,0,0,LEADER,1,0,0,0,0,93
256906,23,adaptive-prasle,1974,1,0,0,93,0,1302,0,1,23,254932,1974,0,94,0,0,0,LEADER,1,0,0,0,0,93
257774,88,adaptive-prasle,1922,1,0,0,93,0,1302,0,1,88,255852,1922,0,94,0,0,0,LEADER,1,0,0,0,0,93
257301,34,adaptive-prasle,1449,1,0,0,93,0,1302,0,1,34,255852,1449,0,94,0,0,0,LEADER,1,0,0,0,0,93
256911,97,adaptive-prasle,1977,1,0,0,93,0,1302,0,1,97,254934,1977,0,94,0,0,0,LEADER,1,0,0,0,0,93
257029,20,adaptive-prasle,2095,1,0,0,93,0,1302,0,1,20,254934,2095,0,94,0,0,0,LEADER,1,0,0,0,0,93
257109,40,adaptive-prasle,2177,1,0,0,93,0,1302,0,1,40,254932,2177,0,94,0,0,0,LEADER,1,0,0,0,0,93
257034,47,adaptive-prasle,2100,1,0,0,93,0,1302,0,1,47,254934,2100,0,94,0,0,0,LEADER,1,0,0,0,0,93
257944,95,adaptive-prasle,2092,1,0,0,93,0,1302,0,1,95,255852,2092,0,94,0,0,0,LEADER,1,0,0,0,0,93
257327,25,adaptive-prasle,2395,1,0,0,93,0,1302,0,1,25,254932,2395,0,94,0,0,0,LEADER,1,0,0,0,0,93
257932,84,adaptive-prasle,2080,1,0,0,93,0,1302,0,1,84,255852,2080,0,94,0,0,0,LEADER,1,0,0,0,0,93
257209,70,adaptive-prasle,2277,1,0,0,93,0,1302,0,1,70,254932,2277,0,94,0,0,0,LEADER,1,0,0,0,0,93
257127,82,adaptive-prasle,2195,1,0,0,93,0,1302,0,1,82,254932,2195,0,94,0,0,0,LEADER,1,0,0,0,0,93
257345,67,adaptive-prasle,2413,1,0,0,93,0,1302,0,1,67,254932,2413,0,94,0,0,0,LEADER,1,0,0,0,0,93
257297,89,adaptive-prasle,2365,1,0,0,93,0,1302,0,1,89,254932,2365,0,94,0,0,0,LEADER,1,0,0,0,0,93
257965,28,adaptive-prasle,2113,1,0,0,93,0,1302,0,1,28,255852,2113,0,94,0,0,0,LEADER,1,0,0,0,0,93
257709,68,adaptive-prasle,1855,1,0,0,93,0,1302,0,1,68,255854,1855,0,94,0,0,0,LEADER,1,0,0,0,0,93
257660,90,adaptive-prasle,1807,1,0,0,93,0,1302,0,1,90,255853,1807,0,94,0,0,0,LEADER,1,0,0,0,0,93
257320,76,adaptive-prasle,1468,1,0,0,93,0,1302,0,1,76,255852,1468,0,94,0,0,0,LEADER,1,0,0,0,0,93
257641,10,adaptive-prasle,1789,1,0,0,93,0,1302,0,1,10,255852,1789,0,94,0,0,0,LEADER,1,0,0,0,0,93
258073,58,adaptive-prasle,2221,1,0,0,93,0,1302,0,1,58,255852,2221,0,94,0,0,0,LEADER,1,0,0,0,0,93
257456,73,adaptive-prasle,1604,1,0,0,93,0,1302,0,1,73,255852,1604,0,94,0,0,0,LEADER,1,0,0,0,0,93
257197,59,adaptive-prasle,2265,1,0,0,93,0,1302,0,1,59,254932,2265,0,94,0,0,0,LEADER,1,0,0,0,0,93
257471,41,adaptive-prasle,1619,1,0,0,93,0,1302,0,1,41,255852,1619,0,94,0,0,0,LEADER,1,0,0,0,0,93
257386,96,adaptive-prasle,1534,1,0,0,93,0,1302,0,1,96,255852,1534,0,94,0,0,0,LEADER,1,0,0,0,0,93
257685,74,adaptive-prasle,1837,1,0,0,93,0,1302,0,1,74,255848,1837,0,94,0,0,0,LEADER,1,0,0,0,0,93
257619,49,adaptive-prasle,1767,1,0,0,93,0,1302,0,1,49,255852,1767,0,94,0,0,0,LEADER,1,0,0,0,0,93
258080,92,adaptive-prasle,2228,1,0,0,93,0,1302,0,1,92,255852,2228,0,94,0,0,0,LEADER,1,0,0,0,0,93
257288,66,adaptive-prasle,1434,1,0,0,93,0,1302,0,1,66,255854,1434,0,94,0,0,0,LEADER,1,0,0,0,0,93
257312,57,adaptive-prasle,2380,1,0,0,93,0,1302,0,1,57,254932,2380,0,94,0,0,0,LEADER,1,0,0,0,0,93
258112,78,adaptive-prasle,2260,1,0,0,93,0,1302,0,1,78,255852,2260,0,94,0,0,0,LEADER,1,0,0,0,0,93
257278,39,adaptive-prasle,2346,1,0,0,93,0,1302,0,1,39,254932,2346,0,94,0,0,0,LEADER,1,0,0,0,0,93
257995,30,adaptive-prasle,2143,1,0,0,93,0,1302,0,1,30,255852,2143,0,94,0,0,0,LEADER,1,0,0,0,0,93
257401,64,adaptive-prasle,1549,1,0,0,93,0,1302,0,1,64,255852,1549,0,94,0,0,0,LEADER,1,0,0,0,0,93
257626,80,adaptive-prasle,1774,1,0,0,93,0,1302,0,1,80,255852,1774,0,94,0,0,0,LEADER,1,0,0,0,0,93
257361,54,adaptive-prasle,1516,1,0,0,93,0,1302,0,1,54,255845,1516,0,94,0,0,0,LEADER,1,0,0,0,0,93
257892,43,adaptive-prasle,2040,1,0,0,93,0,1302,0,1,43,255852,2040,0,94,0,0,0,LEADER,1,0,0,0,0,93
257812,26,adaptive-prasle,1960,1,0,0,93,0,1302,0,1,26,255852,1960,0,94,0,0,0,LEADER,1,0,0,0,0,93
257440,42,adaptive-prasle,1591,1,0,0,93,0,1302,0,1,42,255849,1591,0,94,0,0,0,LEADER,1,0,0,0,0,93
257450,31,adaptive-prasle,1598,1,0,0,93,0,1302,0,1,31,255852,1598,0,94,0,0,0,LEADER,1,0,0,0,0,93
258207,94,adaptive-prasle,2355,1,0,0,93,0,1302,0,1,94,255852,2355,0,94,0,0,0,LEADER,1,0,0,0,0,93
257777,45,adaptive-prasle,1925,1,0,0,93,0,1302,0,1,45,255852,1925,0,94,0,0,0,LEADER,1,0,0,0,0,93
258150,60,adaptive-prasle,2298,1,0,0,93,0,1302,0,1,60,255852,2298,0,94,0,0,0,LEADER,1,0,0,0,0,93
258256,44,adaptive-prasle,1483,1,0,0,94,0,1316,0,1,44,256773,1483,0,95,0,0,0,LEADER,1,0,0,0,0,94
257504,51,adaptive-prasle,1652,1,0,0,93,0,1302,0,1,51,255852,1652,0,94,0,0,0,LEADER,1,0,0,0,0,93
257861,33,adaptive-prasle,2007,1,0,0,93,0,1302,0,1,33,255854,2007,0,94,0,0,0,LEADER,1,0,0,0,0,93
258304,22,adaptive-prasle,1531,1,0,0,94,0,1316,0,1,22,256773,1531,0,95,0,0,0,LEADER,1,0,0,0,0,94
258016,72,adaptive-prasle,2162,1,0,0,93,0,1302,0,1,72,255854,2162,0,94,0,0,0,LEADER,1,0,0,0,0,93
257804,24,adaptive-prasle,1952,1,0,0,93,0,1302,0,1,24,255852,1952,0,94,0,0,0,LEADER,1,0,0,0,0,93
258336,32,adaptive-prasle,1564,1,0,0,94,0,1316,0,1,32,256772,1564,0,95,0,0,0,LEADER,1,0,0,0,0,94
257523,93,adaptive-prasle,1671,1,0,0,93,0,1302,0,1,93,255852,1671,0,94,0,0,0,LEADER,1,0,0,0,0,93
258182,79,adaptive-prasle,2331,1,0,0,93,0,1302,0,1,79,255851,2331,0,94,0,0,0,LEADER,1,0,0,0,0,93
258197,69,adaptive-prasle,2343,1,0,0,93,0,1302,0,1,69,255854,2343,0,94,0,0,0,LEADER,1,0,0,0,0,93
257877,75,adaptive-prasle,2025,1,0,0,93,0,1302,0,1,75,255852,2025,0,94,0,0,0,LEADER,1,0,0,0,0,93
257604,81,adaptive-prasle,1752,1,0,0,93,0,1302,0,1,81,255852,1752,0,94,0,0,0,LEADER,1,0,0,0,0,93
257462,52,adaptive-prasle,1610,1,0,0,93,0,1302,0,1,52,255852,1610,0,94,0,0,0,LEADER,1,0,0,0,0,93
257941,21,adaptive-prasle,2088,1,0,0,93,0,1302,0,1,21,255853,2088,0,94,0,0,0,LEADER,1,0,0,0,0,93
258117,29,adaptive-prasle,2265,1,0,0,93,0,1302,0,1,29,255852,2265,0,94,0,0,0,LEADER,1,0,0,0,0,93
257693,100,adaptive-prasle,1841,1,0,0,93,0,1302,0,1,100,255852,1841,0,94,0,0,0,LEADER,1,0,0,0,0,93
257538,61,adaptive-prasle,1686,1,0,0,93,0,1302,0,1,61,255852,1686,0,94,0,0,0,LEADER,1,0,0,0,0,93
258102,91,adaptive-prasle,2250,1,0,0,93,0,1302,0,1,91,255852,2250,0,94,0,0,0,LEADER,1,0,0,0,0,93
258062,37,adaptive-prasle,2210,1,0,0,93,0,1302,0,1,37,255852,2210,0,94,0,0,0,LEADER,1,0,0,0,0,93
257605,38,adaptive-prasle,1755,1,0,0,93,0,1302,0,1,38,255850,1755,0,94,0,0,0,LEADER,1,0,0,0,0,93
258271,98,adaptive-prasle,2419,1,0,0,93,0,1302,0,1,98,255852,2419,0,94,0,0,0,LEADER,1,0,0,0,0,93
258128,27,adaptive-prasle,2280,1,0,0,93,0,1302,0,1,27,255848,2280,0,94,0,0,0,LEADER,1,0,0,0,0,93
257980,62,adaptive-prasle,2128,1,0,0,93,0,1302,0,1,62,255852,2128,0,94,0,0,0,LEADER,1,0,0,0,0,93
257789,56,adaptive-prasle,1937,1,0,0,93,0,1302,0,1,56,255852,1937,0,94,0,0,0,LEADER,1,0,0,0,0,93
258175,99,adaptive-prasle,2328,1,0,0,93,0,1302,0,1,99,255847,2328,0,94,0,0,0,LEADER,1,0,0,0,0,93
258055,48,adaptive-prasle,2202,1,0,0,93,0,1302,0,1,48,255853,2202,0,94,0,0,0,LEADER,1,0,0,0,0,93
257571,71,adaptive-prasle,1719,1,0,0,93,0,1302,0,1,71,255852,1719,0,94,0,0,0,LEADER,1,0,0,0,0,93
257796,87,adaptive-prasle,1944,1,0,0,93,0,1302,0,1,87,255852,1944,0,94,0,0,0,LEADER,1,0,0,0,0,93
257722,36,adaptive-prasle,1870,1,0,0,93,0,1302,0,1,36,255852,1870,0,94,0,0,0,LEADER,1,0,0,0,0,93
258219,77,adaptive-prasle,1446,1,0,0,94,0,1316,0,1,77,256773,1446,0,95,0,0,0,LEADER,1,0,0,0,0,94
258412,83,adaptive-prasle,1637,1,0,0,94,0,1316,0,1,83,256775,1637,0,95,0,0,0,LEADER,1,0,0,0,0,94
257911,85,adaptive-prasle,2059,1,0,0,93,0,1302,0,1,85,255852,2059,0,94,0,0,0,LEADER,1,0,0,0,0,93
258440,19,adaptive-prasle,1667,1,0,0,94,0,1316,0,1,19,256773,1667,0,95,0,0,0,LEADER,1,0,0,0,0,94
258595,65,adaptive-prasle,1822,1,0,0,94,0,1316,0,1,65,256773,1822,0,95,0,0,0,LEADER,1,0,0,0,0,94
258201,35,adaptive-prasle,1428,1,0,0,94,0,1316,0,1,35,256773,1428,0,95,0,0,0,LEADER,1,0,0,0,0,94
258216,86,adaptive-prasle,1443,1,0,0,94,0,1316,0,1,86,256773,1443,0,95,0,0,0,LEADER,1,0,0,0,0,94
258258,50,adaptive-prasle,2406,1,0,0,93,0,1302,0,1,50,255852,2406,0,94,0,0,0,LEADER,1,0,0,0,0,93
258274,55,adaptive-prasle,1501,1,0,0,94,0,1316,0,1,55,256773,1501,0,95,0,0,0,LEADER,1,0,0,0,0,94
258313,63,adaptive-prasle,1540,1,0,0,94,0,1316,0,1,63,256773,1540,0,95,0,0,0,LEADER,1,0,0,0,0,94
258677,46,adaptive-prasle,1904,1,0,0,94,0,1316,0,1,46,256773,1904,0,95,0,0,0,LEADER,1,0,0,0,0,94
258472,53,adaptive-prasle,1701,1,0,0,94,0,1316,0,1,53,256771,1701,0,95,0,0,0,LEADER,1,0,0,0,0,94
257826,23,adaptive-prasle,1974,1,0,0,93,0,1302,0,1,23,255852,1974,0,94,0,0,0,LEADER,1,0,0,0,0,93
258695,88,adaptive-prasle,1922,1,0,0,94,0,1316,0,1,88,256773,1922,0,95,0,0,0,LEADER,1,0,0,0,0,94
258222,34,adaptive-prasle,1449,1,0,0,94,0,1316,0,1,34,256773,1449,0,95,0,0,0,LEADER,1,0,0,0,0,94
257831,97,adaptive-prasle,1977,1,0,0,93,0,1302,0,1,97,255854,1977,0,94,0,0,0,LEADER,1,0,0,0,0,93
257949,20,adaptive-prasle,2095,1,0,0,93,0,1302,0,1,20,255854,2095,0,94,0,0,0,LEADER,1,0,0,0,0,93
258029,40,adaptive-prasle,2177,1,0,0,93,0,1302,0,1,40,255852,2177,0,94,0,0,0,LEADER,1,0,0,0,0,93
257954,47,adaptive-prasle,2100,1,0,0,93,0,1302,0,1,47,255854,2100,0,94,0,0,0,LEADER,1,0,0,0,0,93
258865,95,adaptive-prasle,2092,1,0,0,94,0,1316,0,1,95,256773,2092,0,95,0,0,0,LEADER,1,0,0,0,0,94
258247,25,adaptive-prasle,2395,1,0,0,93,0,1302,0,1,25,255852,2395,0,94,0,0,0,LEADER,1,0,0,0,0,93
258853,84,adaptive-prasle,2080,1,0,0,94,0,1316,0,1,84,256773,2080,0,95,0,0,0,LEADER,1,0,0,0,0,94
258129,70,adaptive-prasle,2277,1,0,0,93,0,1302,0,1,70,255852,2277,0,94,0,0,0,LEADER,1,0,0,0,0,93
258047,82,adaptive-prasle,2195,1,0,0,93,0,1302,0,1,82,255852,2195,0,94,0,0,0,LEADER,1,0,0,0,0,93
258265,67,adaptive-prasle,2413,1,0,0,93,0,1302,0,1,67,255852,2413,0,94,0,0,0,LEADER,1,0,0,0,0,93
258217,89,adaptive-prasle,2365,1,0,0,93,0,1302,0,1,89,255852,2365,0,94,0,0,0,LEADER,1,0,0,0,0,93
258886,28,adaptive-prasle,2113,1,0,0,94,0,1316,0,1,28,256773,2113,0,95,0,0,0,LEADER,1,0,0,0,0,94
258630,68,adaptive-prasle,1855,1,0,0,94,0,1316,0,1,68,256775,1855,0,95,0,0,0,LEADER,1,0,0,0,0,94
258581,90,adaptive-prasle,1807,1,0,0,94,0,1316,0,1,90,256774,1807,0,95,0,0,0,LEADER,1,0,0,0,0,94
258241,76,adaptive-prasle,1468,1,0,0,94,0,1316,0,1,76,256773,1468,0,95,0,0,0,LEADER,1,0,0,0,0,94
258562,10,adaptive-prasle,1789,1,0,0,94,0,1316,0,1,10,256773,1789,0,95,0,0,0,LEADER,1,0,0,0,0,94
258994,58,adaptive-prasle,2221,1,0,0,94,0,1316,0,1,58,256773,2221,0,95,0,0,0,LEADER,1,0,0,0,0,94
258377,73,adaptive-prasle,1604,1,0,0,94,0,1316,0,1,73,256773,1604,0,95,0,0,0,LEADER,1,0,0,0,0,94
258117,59,adaptive-prasle,2265,1,0,0,93,0,1302,0,1,59,255852,2265,0,94,0,0,0,LEADER,1,0,0,0,0,93
258392,41,adaptive-prasle,1619,1,0,0,94,0,1316,0,1,41,256773,1619,0,95,0,0,0,LEADER,1,0,0,0,0,94
258307,96,adaptive-prasle,1534,1,0,0,94,0,1316,0,1,96,256773,1534,0,95,0,0,0,LEADER,1,0,0,0,0,94
258606,74,adaptive-prasle,1837,1,0,0,94,0,1316,0,1,74,256769,1837,0,95,0,0,0,LEADER,1,0,0,0,0,94
258540,49,adaptive-prasle,1767,1,0,0,94,0,1316,0,1,49,256773,1767,0,95,0,0,0,LEADER,1,0,0,0,0,94
259001,92,adaptive-prasle,2228,1,0,0,94,0,1316,0,1,92,256773,2228,0,95,0,0,0,LEADER,1,0,0,0,0,94
258209,66,adaptive-prasle,1434,1,0,0,94,0,1316,0,1,66,256775,1434,0,95,0,0,0,LEADER,1,0,0,0,0,94
258232,57,adaptive-prasle,2380,1,0,0,93,0,1302,0,1,57,255852,2380,0,94,0,0,0,LEADER,1,0,0,0,0,93
259033,78,adaptive-prasle,2260,1,0,0,94,0,1316,0,1,78,256773,2260,0,95,0,0,0,LEADER,1,0,0,0,0,94
258198,39,adaptive-prasle,2346,1,0,0,93,0,1302,0,1,39,255852,2346,0,94,0,0,0,LEADER,1,0,0,0,0,93
258916,30,adaptive-prasle,2143,1,0,0,94,0,1316,0,1,30,256773,2143,0,95,0,0,0,LEADER,1,0,0,0,0,94
258322,64,adaptive-prasle,1549,1,0,0,94,0,1316,0,1,64,256773,1549,0,95,0,0,0,LEADER,1,0,0,0,0,94
258547,80,adaptive-prasle,1774,1,0,0,94,0,1316,0,1,80,256773,1774,0,95,0,0,0,LEADER,1,0,0,0,0,94
258282,54,adaptive-prasle,1516,1,0,0,94,0,1316,0,1,54,256766,1516,0,95,0,0,0,LEADER,1,0,0,0,0,94
258813,43,adaptive-prasle,2040,1,0,0,94,0,1316,0,1,43,256773,2040,0,95,0,0,0,LEADER,1,0,0,0,0,94
258733,26,adaptive-prasle,1960,1,0,0,94,0,1316,0,1,26,256773,1960,0,95,0,0,0,LEADER,1,0,0,0,0,94
258361,42,adaptive-prasle,1591,1,0,0,94,0,1316,0,1,42,256770,1591,0,95,0,0,0,LEADER,1,0,0,0,0,94
258371,31,adaptive-prasle,1598,1,0,0,94,0,1316,0,1,31,256773,1598,0,95,0,0,0,LEADER,1,0,0,0,0,94
259128,94,adaptive-prasle,2355,1,0,0,94,0,1316,0,1,94,256773,2355,0,95,0,0,0,LEADER,1,0,0,0,0,94
258698,45,adaptive-prasle,1925,1,0,0,94,0,1316,0,1,45,256773,1925,0,95,0,0,0,LEADER,1,0,0,0,0,94
259071,60,adaptive-prasle,2298,1,0,0,94,0,1316,0,1,60,256773,2298,0,95,0,0,0,LEADER,1,0,0,0,0,94
259176,44,adaptive-prasle,1483,1,0,0,94,0,1316,0,1,44,257693,1483,0,95,0,0,0,LEADER,1,0,0,0,0,94
258425,51,adaptive-prasle,1652,1,0,0,94,0,1316,0,1,51,256773,1652,0,95,0,0,0,LEADER,1,0,0,0,0,94
259224,22,adaptive-prasle,1531,1,0,0,94,0,1316,0,1,22,257693,1531,0,95,0,0,0,LEADER,1,0,0,0,0,94
258782,33,adaptive-prasle,2007,1,0,0,94,0,1316,0,1,33,256775,2007,0,95,0,0,0,LEADER,1,0,0,0,0,94
258937,72,adaptive-prasle,2162,1,0,0,94,0,1316,0,1,72,256775,2162,0,95,0,0,0,LEADER,1,0,0,0,0,94
258725,24,adaptive-prasle,1952,1,0,0,94,0,1316,0,1,24,256773,1952,0,95,0,0,0,LEADER,1,0,0,0,0,94
259256,32,adaptive-prasle,1564,1,0,0,94,0,1316,0,1,32,257692,1564,0,95,0,0,0,LEADER,1,0,0,0,0,94
258444,93,adaptive-prasle,1671,1,0,0,94,0,1316,0,1,93,256773,1671,0,95,0,0,0,LEADER,1,0,0,0,0,94
259118,69,adaptive-prasle,2343,1,0,0,94,0,1316,0,1,69,256775,2343,0,95,0,0,0,LEADER,1,0,0,0,0,94
259103,79,adaptive-prasle,2331,1,0,0,94,0,1316,0,1,79,256772,2331,0,95,0,0,0,LEADER,1,0,0,0,0,94
258798,75,adaptive-prasle,2025,1,0,0,94,0,1316,0,1,75,256773,2025,0,95,0,0,0,LEADER,1,0,0,0,0,94
258525,81,adaptive-prasle,1752,1,0,0,94,0,1316,0,1,81,256773,1752,0,95,0,0,0,LEADER,1,0,0,0,0,94
258383,52,adaptive-prasle,1610,1,0,0,94,0,1316,0,1,52,256773,1610,0,95,0,0,0,LEADER,1,0,0,0,0,94
258862,21,adaptive-prasle,2088,1,0,0,94,0,1316,0,1,21,256774,2088,0,95,0,0,0,LEADER,1,0,0,0,0,94
259038,29,adaptive-prasle,2265,1,0,0,94,0,1316,0,1,29,256773,2265,0,95,0,0,0,LEADER,1,0,0,0,0,94
258614,100,adaptive-prasle,1841,1,0,0,94,0,1316,0,1,100,256773,1841,0,95,0,0,0,LEADER,1,0,0,0,0,94
258459,61,adaptive-prasle,1686,1,0,0,94,0,1316,0,1,61,256773,1686,0,95,0,0,0,LEADER,1,0,0,0,0,94
259023,91,adaptive-prasle,2250,1,0,0,94,0,1316,0,1,91,256773,2250,0,95,0,0,0,LEADER,1,0,0,0,0,94
258983,37,adaptive-prasle,2210,1,0,0,94,0,1316,0,1,37,256773,2210,0,95,0,0,0,LEADER,1,0,0,0,0,94
258526,38,adaptive-prasle,1755,1,0,0,94,0,1316,0,1,38,256771,1755,0,95,0,0,0,LEADER,1,0,0,0,0,94
259192,98,adaptive-prasle,2419,1,0,0,94,0,1316,0,1,98,256773,2419,0,95,0,0,0,LEADER,1,0,0,0,0,94
259049,27,adaptive-prasle,2280,1,0,0,94,0,1316,0,1,27,256769,2280,0,95,0,0,0,LEADER,1,0,0,0,0,94
258901,62,adaptive-prasle,2128,1,0,0,94,0,1316,0,1,62,256773,2128,0,95,0,0,0,LEADER,1,0,0,0,0,94
258710,56,adaptive-prasle,1937,1,0,0,94,0,1316,0,1,56,256773,1937,0,95,0,0,0,LEADER,1,0,0,0,0,94
259096,99,adaptive-prasle,2328,1,0,0,94,0,1316,0,1,99,256768,2328,0,95,0,0,0,LEADER,1,0,0,0,0,94
259093,15,adaptive-prasle,2361,1,0,0,16,14,224,196,4,5,256732,2361,0,8,0,0,0,NORMAL,0,0,0,0,0,16
258976,48,adaptive-prasle,2202,1,0,0,94,0,1316,0,1,48,256774,2202,0,95,0,0,0,LEADER,1,0,0,0,0,94
258492,71,adaptive-prasle,1719,1,0,0,94,0,1316,0,1,71,256773,1719,0,95,0,0,0,LEADER,1,0,0,0,0,94
258717,87,adaptive-prasle,1944,1,0,0,94,0,1316,0,1,87,256773,1944,0,95,0,0,0,LEADER,1,0,0,0,0,94
258643,36,adaptive-prasle,1870,1,0,0,94,0,1316,0,1,36,256773,1870,0,95,0,0,0,LEADER,1,0,0,0,0,94
259139,77,adaptive-prasle,1446,1,0,0,94,0,1316,0,1,77,257693,1446,0,95,0,0,0,LEADER,1,0,0,0,0,94
259332,83,adaptive-prasle,1637,1,0,0,94,0,1316,0,1,83,257695,1637,0,95,0,0,0,LEADER,1,0,0,0,0,94
258832,85,adaptive-prasle,2059,1,0,0,94,0,1316,0,1,85,256773,2059,0,95,0,0,0,LEADER,1,0,0,0,0,94
259360,19,adaptive-prasle,1667,1,0,0,94,0,1316,0,1,19,257693,1667,0,95,0,0,0,LEADER,1,0,0,0,0,94
259515,65,adaptive-prasle,1822,1,0,0,94,0,1316,0,1,65,257693,1822,0,95,0,0,0,LEADER,1,0,0,0,0,94
259121,35,adaptive-prasle,1428,1,0,0,94,0,1316,0,1,35,257693,1428,0,95,0,0,0,LEADER,1,0,0,0,0,94
259136,86,adaptive-prasle,1443,1,0,0,94,0,1316,0,1,86,257693,1443,0,95,0,0,0,LEADER,1,0,0,0,0,94
259179,50,adaptive-prasle,2406,1,0,0,94,0,1316,0,1,50,256773,2406,0,95,0,0,0,LEADER,1,0,0,0,0,94
259194,55,adaptive-prasle,1501,1,0,0,94,0,1316,0,1,55,257693,1501,0,95,0,0,0,LEADER,1,0,0,0,0,94
259233,63,adaptive-prasle,1540,1,0,0,94,0,1316,0,1,63,257693,1540,0,95,0,0,0,LEADER,1,0,0,0,0,94
259597,46,adaptive-prasle,1904,1,0,0,94,0,1316,0,1,46,257693,1904,0,95,0,0,0,LEADER,1,0,0,0,0,94
259392,53,adaptive-prasle,1701,1,0,0,94,0,1316,0,1,53,257691,1701,0,95,0,0,0,LEADER,1,0,0,0,0,94
258747,23,adaptive-prasle,1974,1,0,0,94,0,1316,0,1,23,256773,1974,0,95,0,0,0,LEADER,1,0,0,0,0,94
259615,88,adaptive-prasle,1922,1,0,0,94,0,1316,0,1,88,257693,1922,0,95,0,0,0,LEADER,1,0,0,0,0,94
259142,34,adaptive-prasle,1449,1,0,0,94,0,1316,0,1,34,257693,1449,0,95,0,0,0,LEADER,1,0,0,0,0,94
258752,97,adaptive-prasle,1977,1,0,0,94,0,1316,0,1,97,256775,1977,0,95,0,0,0,LEADER,1,0,0,0,0,94
258870,20,adaptive-prasle,2095,1,0,0,94,0,1316,0,1,20,256775,2095,0,95,0,0,0,LEADER,1,0,0,0,0,94
258950,40,adaptive-prasle,2177,1,0,0,94,0,1316,0,1,40,256773,2177,0,95,0,0,0,LEADER,1,0,0,0,0,94
258875,47,adaptive-prasle,2100,1,0,0,94,0,1316,0,1,47,256775,2100,0,95,0,0,0,LEADER,1,0,0,0,0,94
259785,95,adaptive-prasle,2092,1,0,0,94,0,1316,0,1,95,257693,2092,0,95,0,0,0,LEADER,1,0,0,0,0,94
259168,25,adaptive-prasle,2395,1,0,0,94,0,1316,0,1,25,256773,2395,0,95,0,0,0,LEADER,1,0,0,0,0,94
259773,84,adaptive-prasle,2080,1,0,0,94,0,1316,0,1,84,257693,2080,0,95,0,0,0,LEADER,1,0,0,0,0,94
259050,70,adaptive-prasle,2277,1,0,0,94,0,1316,0,1,70,256773,2277,0,95,0,0,0,LEADER,1,0,0,0,0,94
258968,82,adaptive-prasle,2195,1,0,0,94,0,1316,0,1,82,256773,2195,0,95,0,0,0,LEADER,1,0,0,0,0,94
259186,67,adaptive-prasle,2413,1,0,0,94,0,1316,0,1,67,256773,2413,0,95,0,0,0,LEADER,1,0,0,0,0,94
259138,89,adaptive-prasle,2365,1,0,0,94,0,1316,0,1,89,256773,2365,0,95,0,0,0,LEADER,1,0,0,0,0,94
259806,28,adaptive-prasle,2113,1,0,0,94,0,1316,0,1,28,257693,2113,0,95,0,0,0,LEADER,1,0,0,0,0,94
259550,68,adaptive-prasle,1855,1,0,0,94,0,1316,0,1,68,257695,1855,0,95,0,0,0,LEADER,1,0,0,0,0,94
259501,90,adaptive-prasle,1807,1,0,0,94,0,1316,0,1,90,257694,1807,0,95,0,0,0,LEADER,1,0,0,0,0,94
259161,76,adaptive-prasle,1468,1,0,0,94,0,1316,0,1,76,257693,1468,0,95,0,0,0,LEADER,1,0,0,0,0,94
259482,10,adaptive-prasle,1789,1,0,0,94,0,1316,0,1,10,257693,1789,0,95,0,0,0,LEADER,1,0,0,0,0,94
259914,58,adaptive-prasle,2221,1,0,0,94,0,1316,0,1,58,257693,2221,0,95,0,0,0,LEADER,1,0,0,0,0,94
259297,73,adaptive-prasle,1604,1,0,0,94,0,1316,0,1,73,257693,1604,0,95,0,0,0,LEADER,1,0,0,0,0,94
259038,59,adaptive-prasle,2265,1,0,0,94,0,1316,0,1,59,256773,2265,0,95,0,0,0,LEADER,1,0,0,0,0,94
259312,41,adaptive-prasle,1619,1,0,0,94,0,1316,0,1,41,257693,1619,0,95,0,0,0,LEADER,1,0,0,0,0,94
259227,96,adaptive-prasle,1534,1,0,0,94,0,1316,0,1,96,257693,1534,0,95,0,0,0,LEADER,1,0,0,0,0,94
259526,74,adaptive-prasle,1837,1,0,0,94,0,1316,0,1,74,257689,1837,0,95,0,0,0,LEADER,1,0,0,0,0,94
259460,49,adaptive-prasle,1767,1,0,0,94,0,1316,0,1,49,257693,1767,0,95,0,0,0,LEADER,1,0,0,0,0,94
259921,92,adaptive-prasle,2228,1,0,0,94,0,1316,0,1,92,257693,2228,0,95,0,0,0,LEADER,1,0,0,0,0,94
259129,66,adaptive-prasle,1434,1,0,0,94,0,1316,0,1,66,257695,1434,0,95,0,0,0,LEADER,1,0,0,0,0,94
259153,57,adaptive-prasle,2380,1,0,0,94,0,1316,0,1,57,256773,2380,0,95,0,0,0,LEADER,1,0,0,0,0,94
259953,78,adaptive-prasle,2260,1,0,0,94,0,1316,0,1,78,257693,2260,0,95,0,0,0,LEADER,1,0,0,0,0,94
259119,39,adaptive-prasle,2346,1,0,0,94,0,1316,0,1,39,256773,2346,0,95,0,0,0,LEADER,1,0,0,0,0,94
259836,30,adaptive-prasle,2143,1,0,0,94,0,1316,0,1,30,257693,2143,0,95,0,0,0,LEADER,1,0,0,0,0,94
259242,64,adaptive-prasle,1549,1,0,0,94,0,1316,0,1,64,257693,1549,0,95,0,0,0,LEADER,1,0,0,0,0,94
259467,80,adaptive-prasle,1774,1,0,0,94,0,1316,0,1,80,257693,1774,0,95,0,0,0,LEADER,1,0,0,0,0,94
259202,54,adaptive-prasle,1516,1,0,0,94,0,1316,0,1,54,257686,1516,0,95,0,0,0,LEADER,1,0,0,0,0,94
259733,43,adaptive-prasle,2040,1,0,0,94,0,1316,0,1,43,257693,2040,0,95,0,0,0,LEADER,1,0,0,0,0,94
259653,26,adaptive-prasle,1960,1,0,0,94,0,1316,0,1,26,257693,1960,0,95,0,0,0,LEADER,1,0,0,0,0,94
259281,42,adaptive-prasle,1591,1,0,0,94,0,1316,0,1,42,257690,1591,0,95,0,0,0,LEADER,1,0,0,0,0,94
259291,31,adaptive-prasle,1598,1,0,0,94,0,1316,0,1,31,257693,1598,0,95,0,0,0,LEADER,1,0,0,0,0,94
260048,94,adaptive-prasle,2355,1,0,0,94,0,1316,0,1,94,257693,2355,0,95,0,0,0,LEADER,1,0,0,0,0,94
259618,45,adaptive-prasle,1925,1,0,0,94,0,1316,0,1,45,257693,1925,0,95,0,0,0,LEADER,1,0,0,0,0,94
259991,60,adaptive-prasle,2298,1,0,0,94,0,1316,0,1,60,257693,2298,0,95,0,0,0,LEADER,1,0,0,0,0,94
260096,44,adaptive-prasle,1483,1,0,0,94,0,1316,0,1,44,258613,1483,0,95,0,0,0,LEADER,1,0,0,0,0,94
259345,51,adaptive-prasle,1652,1,0,0,94,0,1316,0,1,51,257693,1652,0,95,0,0,0,LEADER,1,0,0,0,0,94
260144,22,adaptive-prasle,1531,1,0,0,94,0,1316,0,1,22,258613,1531,0,95,0,0,0,LEADER,1,0,0,0,0,94
259702,33,adaptive-prasle,2007,1,0,0,94,0,1316,0,1,33,257695,2007,0,95,0,0,0,LEADER,1,0,0,0,0,94
259857,72,adaptive-prasle,2162,1,0,0,94,0,1316,0,1,72,257695,2162,0,95,0,0,0,LEADER,1,0,0,0,0,94
259645,24,adaptive-prasle,1952,1,0,0,94,0,1316,0,1,24,257693,1952,0,95,0,0,0,LEADER,1,0,0,0,0,94
260176,32,adaptive-prasle,1564,1,0,0,94,0,1316,0,1,32,258612,1564,0,95,0,0,0,LEADER,1,0,0,0,0,94
259364,93,adaptive-prasle,1671,1,0,0,94,0,1316,0,1,93,257693,1671,0,95,0,0,0,LEADER,1,0,0,0,0,94
260023,79,adaptive-prasle,2331,1,0,0,94,0,1316,0,1,79,257692,2331,0,95,0,0,0,LEADER,1,0,0,0,0,94
260038,69,adaptive-prasle,2343,1,0,0,94,0,1316,0,1,69,257695,2343,0,95,0,0,0,LEADER,1,0,0,0,0,94
259718,75,adaptive-prasle,2025,1,0,0,94,0,1316,0,1,75,257693,2025,0,95,0,0,0,LEADER,1,0,0,0,0,94
259445,81,adaptive-prasle,1752,1,0,0,94,0,1316,0,1,81,257693,1752,0,95,0,0,0,LEADER,1,0,0,0,0,94
259303,52,adaptive-prasle,1610,1,0,0,94,0,1316,0,1,52,257693,1610,0,95,0,0,0,LEADER,1,0,0,0,0,94
259782,21,adaptive-prasle,2088,1,0,0,94,0,1316,0,1,21,257694,2088,0,95,0,0,0,LEADER,1,0,0,0,0,94
259958,29,adaptive-prasle,2265,1,0,0,94,0,1316,0,1,29,257693,2265,0,95,0,0,0,LEADER,1,0,0,0,0,94
259534,100,adaptive-prasle,1841,1,0,0,94,0,1316,0,1,100,257693,1841,0,95,0,0,0,LEADER,1,0,0,0,0,94
259379,61,adaptive-prasle,1686,1,0,0,94,0,1316,0,1,61,257693,1686,0,95,0,0,0,LEADER,1,0,0,0,0,94
259943,91,adaptive-prasle,2250,1,0,0,94,0,1316,0,1,91,257693,2250,0,95,0,0,0,LEADER,1,0,0,0,0,94
259903,37,adaptive-prasle,2210,1,0,0,94,0,1316,0,1,37,257693,2210,0,95,0,0,0,LEADER,1,0,0,0,0,94
259446,38,adaptive-prasle,1755,1,0,0,94,0,1316,0,1,38,257691,1755,0,95,0,0,0,LEADER,1,0,0,0,0,94
260112,98,adaptive-prasle,2419,1,0,0,94,0,1316,0,1,98,257693,2419,0,95,0,0,0,LEADER,1,0,0,0,0,94
259969,27,adaptive-prasle,2280,1,0,0,94,0,1316,0,1,27,257689,2280,0,95,0,0,0,LEADER,1,0,0,0,0,94
259821,62,adaptive-prasle,2128,1,0,0,94,0,1316,0,1,62,257693,2128,0,95,0,0,0,LEADER,1,0,0,0,0,94
259630,56,adaptive-prasle,1937,1,0,0,94,0,1316,0,1,56,257693,1937,0,95,0,0,0,LEADER,1,0,0,0,0,94
260016,99,adaptive-prasle,2328,1,0,0,94,0,1316,0,1,99,257688,2328,0,95,0,0,0,LEADER,1,0,0,0,0,94
259896,48,adaptive-prasle,2202,1,0,0,94,0,1316,0,1,48,257694,2202,0,95,0,0,0,LEADER,1,0,0,0,0,94
259412,71,adaptive-prasle,1719,1,0,0,94,0,1316,0,1,71,257693,1719,0,95,0,0,0,LEADER,1,0,0,0,0,94
259637,87,adaptive-prasle,1944,1,0,0,94,0,1316,0,1,87,257693,1944,0,95,0,0,0,LEADER,1,0,0,0,0,94
259563,36,adaptive-prasle,1870,1,0,0,94,0,1316,0,1,36,257693,1870,0,95,0,0,0,LEADER,1,0,0,0,0,94
260059,77,adaptive-prasle,1446,1,0,0,94,0,1316,0,1,77,258613,1446,0,95,0,0,0,LEADER,1,0,0,0,0,94
260252,83,adaptive-prasle,1637,1,0,0,94,0,1316,0,1,83,258615,1637,0,95,0,0,0,LEADER,1,0,0,0,0,94
259752,85,adaptive-prasle,2059,1,0,0,94,0,1316,0,1,85,257693,2059,0,95,0,0,0,LEADER,1,0,0,0,0,94
260280,19,adaptive-prasle,1667,1,0,0,94,0,1316,0,1,19,258613,1667,0,95,0,0,0,LEADER,1,0,0,0,0,94
260435,65,adaptive-prasle,1822,1,0,0,94,0,1316,0,1,65,258613,1822,0,95,0,0,0,LEADER,1,0,0,0,0,94
260041,35,adaptive-prasle,1428,1,0,0,94,0,1316,0,1,35,258613,1428,0,95,0,0,0,LEADER,1,0,0,0,0,94
260056,86,adaptive-prasle,1443,1,0,0,94,0,1316,0,1,86,258613,1443,0,95,0,0,0,LEADER,1,0,0,0,0,94
260099,50,adaptive-prasle,2406,1,0,0,94,0,1316,0,1,50,257693,2406,0,95,0,0,0,LEADER,1,0,0,0,0,94
260114,55,adaptive-prasle,1501,1,0,0,94,0,1316,0,1,55,258613,1501,0,95,0,0,0,LEADER,1,0,0,0,0,94
260153,63,adaptive-prasle,1540,1,0,0,94,0,1316,0,1,63,258613,1540,0,95,0,0,0,LEADER,1,0,0,0,0,94
260517,46,adaptive-prasle,1904,1,0,0,94,0,1316,0,1,46,258613,1904,0,95,0,0,0,LEADER,1,0,0,0,0,94
260312,53,adaptive-prasle,1701,1,0,0,94,0,1316,0,1,53,258611,1701,0,95,0,0,0,LEADER,1,0,0,0,0,94
259667,23,adaptive-prasle,1974,1,0,0,94,0,1316,0,1,23,257693,1974,0,95,0,0,0,LEADER,1,0,0,0,0,94
260535,88,adaptive-prasle,1922,1,0,0,94,0,1316,0,1,88,258613,1922,0,95,0,0,0,LEADER,1,0,0,0,0,94
260062,34,adaptive-prasle,1449,1,0,0,94,0,1316,0,1,34,258613,1449,0,95,0,0,0,LEADER,1,0,0,0,0,94
259672,97,adaptive-prasle,1977,1,0,0,94,0,1316,0,1,97,257695,1977,0,95,0,0,0,LEADER,1,0,0,0,0,94
259790,20,adaptive-prasle,2095,1,0,0,94,0,1316,0,1,20,257695,2095,0,95,0,0,0,LEADER,1,0,0,0,0,94
259870,40,adaptive-prasle,2177,1,0,0,94,0,1316,0,1,40,257693,2177,0,95,0,0,0,LEADER,1,0,0,0,0,94
259795,47,adaptive-prasle,2100,1,0,0,94,0,1316,0,1,47,257695,2100,0,95,0,0,0,LEADER,1,0,0,0,0,94
260705,95,adaptive-prasle,2092,1,0,0,94,0,1316,0,1,95,258613,2092,0,95,0,0,0,LEADER,1,0,0,0,0,94
260088,25,adaptive-prasle,2395,1,0,0,94,0,1316,0,1,25,257693,2395,0,95,0,0,0,LEADER,1,0,0,0,0,94
260693,84,adaptive-prasle,2080,1,0,0,94,0,1316,0,1,84,258613,2080,0,95,0,0,0,LEADER,1,0,0,0,0,94
259970,70,adaptive-prasle,2277,1,0,0,94,0,1316,0,1,70,257693,2277,0,95,0,0,0,LEADER,1,0,0,0,0,94
259888,82,adaptive-prasle,2195,1,0,0,94,0,1316,0,1,82,257693,2195,0,95,0,0,0,LEADER,1,0,0,0,0,94
260106,67,adaptive-prasle,2413,1,0,0,94,0,1316,0,1,67,257693,2413,0,95,0,0,0,LEADER,1,0,0,0,0,94
260058,89,adaptive-prasle,2365,1,0,0,94,0,1316,0,1,89,257693,2365,0,95,0,0,0,LEADER,1,0,0,0,0,94
260726,28,adaptive-prasle,2113,1,0,0,94,0,1316,0,1,28,258613,2113,0,95,0,0,0,LEADER,1,0,0,0,0,94
260470,68,adaptive-prasle,1855,1,0,0,94,0,1316,0,1,68,258615,1855,0,95,0,0,0,LEADER,1,0,0,0,0,94
260421,90,adaptive-prasle,1807,1,0,0,94,0,1316,0,1,90,258614,1807,0,95,0,0,0,LEADER,1,0,0,0,0,94
260081,76,adaptive-prasle,1468,1,0,0,94,0,1316,0,1,76,258613,1468,0,95,0,0,0,LEADER,1,0,0,0,0,94
260402,10,adaptive-prasle,1789,1,0,0,94,0,1316,0,1,10,258613,1789,0,95,0,0,0,LEADER,1,0,0,0,0,94
260834,58,adaptive-prasle,2221,1,0,0,94,0,1316,0,1,58,258613,2221,0,95,0,0,0,LEADER,1,0,0,0,0,94
260217,73,adaptive-prasle,1604,1,0,0,94,0,1316,0,1,73,258613,1604,0,95,0,0,0,LEADER,1,0,0,0,0,94
259958,59,adaptive-prasle,2265,1,0,0,94,0,1316,0,1,59,257693,2265,0,95,0,0,0,LEADER,1,0,0,0,0,94
260232,41,adaptive-prasle,1619,1,0,0,94,0,1316,0,1,41,258613,1619,0,95,0,0,0,LEADER,1,0,0,0,0,94
260147,96,adaptive-prasle,1534,1,0,0,94,0,1316,0,1,96,258613,1534,0,95,0,0,0,LEADER,1,0,0,0,0,94
260446,74,adaptive-prasle,1837,1,0,0,94,0,1316,0,1,74,258609,1837,0,95,0,0,0,LEADER,1,0,0,0,0,94
260380,49,adaptive-prasle,1767,1,0,0,94,0,1316,0,1,49,258613,1767,0,95,0,0,0,LEADER,1,0,0,0,0,94
260841,92,adaptive-prasle,2228,1,0,0,94,0,1316,0,1,92,258613,2228,0,95,0,0,0,LEADER,1,0,0,0,0,94
260049,66,adaptive-prasle,1434,1,0,0,94,0,1316,0,1,66,258615,1434,0,95,0,0,0,LEADER,1,0,0,0,0,94
260073,57,adaptive-prasle,2380,1,0,0,94,0,1316,0,1,57,257693,2380,0,95,0,0,0,LEADER,1,0,0,0,0,94
260873,78,adaptive-prasle,2260,1,0,0,94,0,1316,0,1,78,258613,2260,0,95,0,0,0,LEADER,1,0,0,0,0,94
260039,39,adaptive-prasle,2346,1,0,0,94,0,1316,0,1,39,257693,2346,0,95,0,0,0,LEADER,1,0,0,0,0,94
260756,30,adaptive-prasle,2143,1,0,0,94,0,1316,0,1,30,258613,2143,0,95,0,0,0,LEADER,1,0,0,0,0,94
260162,64,adaptive-prasle,1549,1,0,0,94,0,1316,0,1,64,258613,1549,0,95,0,0,0,LEADER,1,0,0,0,0,94
260387,80,adaptive-prasle,1774,1,0,0,94,0,1316,0,1,80,258613,1774,0,95,0,0,0,LEADER,1,0,0,0,0,94
260122,54,adaptive-prasle,1516,1,0,0,94,0,1316,0,1,54,258606,1516,0,95,0,0,0,LEADER,1,0,0,0,0,94
260653,43,adaptive-prasle,2040,1,0,0,94,0,1316,0,1,43,258613,2040,0,95,0,0,0,LEADER,1,0,0,0,0,94
260573,26,adaptive-prasle,1960,1,0,0,94,0,1316,0,1,26,258613,1960,0,95,0,0,0,LEADER,1,0,0,0,0,94
260201,42,adaptive-prasle,1591,1,0,0,94,0,1316,0,1,42,258610,1591,0,95,0,0,0,LEADER,1,0,0,0,0,94
260211,31,adaptive-prasle,1598,1,0,0,94,0,1316,0,1,31,258613,1598,0,95,0,0,0,LEADER,1,0,0,0,0,94
260968,94,adaptive-prasle,2355,1,0,0,94,0,1316,0,1,94,258613,2355,0,95,0,0,0,LEADER,1,0,0,0,0,94
260538,45,adaptive-prasle,1925,1,0,0,94,0,1316,0,1,45,258613,1925,0,95,0,0,0,LEADER,1,0,0,0,0,94
260911,60,adaptive-prasle,2298,1,0,0,94,0,1316,0,1,60,258613,2298,0,95,0,0,0,LEADER,1,0,0,0,0,94
261017,44,adaptive-prasle,1483,1,0,0,95,0,1330,0,1,44,259534,1483,0,96,0,0,0,LEADER,1,0,0,0,0,95
260265,51,adaptive-prasle,1652,1,0,0,94,0,1316,0,1,51,258613,1652,0,95,0,0,0,LEADER,1,0,0,0,0,94
260622,33,adaptive-prasle,2007,1,0,0,94,0,1316,0,1,33,258615,2007,0,95,0,0,0,LEADER,1,0,0,0,0,94
261065,22,adaptive-prasle,1531,1,0,0,95,0,1330,0,1,22,259534,1531,0,96,0,0,0,LEADER,1,0,0,0,0,95
260777,72,adaptive-prasle,2162,1,0,0,94,0,1316,0,1,72,258615,2162,0,95,0,0,0,LEADER,1,0,0,0,0,94
260565,24,adaptive-prasle,1952,1,0,0,94,0,1316,0,1,24,258613,1952,0,95,0,0,0,LEADER,1,0,0,0,0,94
261097,32,adaptive-prasle,1564,1,0,0,95,0,1330,0,1,32,259533,1564,0,96,0,0,0,LEADER,1,0,0,0,0,95
260284,93,adaptive-prasle,1671,1,0,0,94,0,1316,0,1,93,258613,1671,0,95,0,0,0,LEADER,1,0,0,0,0,94
260943,79,adaptive-prasle,2331,1,0,0,94,0,1316,0,1,79,258612,2331,0,95,0,0,0,LEADER,1,0,0,0,0,94
260958,69,adaptive-prasle,2343,1,0,0,94,0,1316,0,1,69,258615,2343,0,95,0,0,0,LEADER,1,0,0,0,0,94
260638,75,adaptive-prasle,2025,1,0,0,94,0,1316,0,1,75,258613,2025,0,95,0,0,0,LEADER,1,0,0,0,0,94
260697,16,adaptive-prasle,1805,1,0,0,23,18,322,252,6,5,258892,1805,0,8,0,0,0,NORMAL,0,0,0,0,0,23
260365,81,adaptive-prasle,1752,1,0,0,94,0,1316,0,1,81,258613,1752,0,95,0,0,0,LEADER,1,0,0,0,0,94
260223,52,adaptive-prasle,1610,1,0,0,94,0,1316,0,1,52,258613,1610,0,95,0,0,0,LEADER,1,0,0,0,0,94
260702,21,adaptive-prasle,2088,1,0,0,94,0,1316,0,1,21,258614,2088,0,95,0,0,0,LEADER,1,0,0,0,0,94
260878,29,adaptive-prasle,2265,1,0,0,94,0,1316,0,1,29,258613,2265,0,95,0,0,0,LEADER,1,0,0,0,0,94
260454,100,adaptive-prasle,1841,1,0,0,94,0,1316,0,1,100,258613,1841,0,95,0,0,0,LEADER,1,0,0,0,0,94
260299,61,adaptive-prasle,1686,1,0,0,94,0,1316,0,1,61,258613,1686,0,95,0,0,0,LEADER,1,0,0,0,0,94
260863,91,adaptive-prasle,2250,1,0,0,94,0,1316,0,1,91,258613,2250,0,95,0,0,0,LEADER,1,0,0,0,0,94
260823,37,adaptive-prasle,2210,1,0,0,94,0,1316,0,1,37,258613,2210,0,95,0,0,0,LEADER,1,0,0,0,0,94
260366,38,adaptive-prasle,1755,1,0,0,94,0,1316,0,1,38,258611,1755,0,95,0,0,0,LEADER,1,0,0,0,0,94
261032,98,adaptive-prasle,2419,1,0,0,94,0,1316,0,1,98,258613,2419,0,95,0,0,0,LEADER,1,0,0,0,0,94
260889,27,adaptive-prasle,2280,1,0,0,94,0,1316,0,1,27,258609,2280,0,95,0,0,0,LEADER,1,0,0,0,0,94
260741,62,adaptive-prasle,2128,1,0,0,94,0,1316,0,1,62,258613,2128,0,95,0,0,0,LEADER,1,0,0,0,0,94
260550,56,adaptive-prasle,1937,1,0,0,94,0,1316,0,1,56,258613,1937,0,95,0,0,0,LEADER,1,0,0,0,0,94
260936,99,adaptive-prasle,2328,1,0,0,94,0,1316,0,1,99,258608,2328,0,95,0,0,0,LEADER,1,0,0,0,0,94
260816,48,adaptive-prasle,2202,1,0,0,94,0,1316,0,1,48,258614,2202,0,95,0,0,0,LEADER,1,0,0,0,0,94
260332,71,adaptive-prasle,1719,1,0,0,94,0,1316,0,1,71,258613,1719,0,95,0,0,0,LEADER,1,0,0,0,0,94
260557,87,adaptive-prasle,1944,1,0,0,94,0,1316,0,1,87,258613,1944,0,95,0,0,0,LEADER,1,0,0,0,0,94
260483,36,adaptive-prasle,1870,1,0,0,94,0,1316,0,1,36,258613,1870,0,95,0,0,0,LEADER,1,0,0,0,0,94
260980,77,adaptive-prasle,1446,1,0,0,95,0,1330,0,1,77,259534,1446,0,96,0,0,0,LEADER,1,0,0,0,0,95
261173,83,adaptive-prasle,1637,1,0,0,95,0,1330,0,1,83,259536,1637,0,96,0,0,0,LEADER,1,0,0,0,0,95
260672,85,adaptive-prasle,2059,1,0,0,94,0,1316,0,1,85,258613,2059,0,95,0,0,0,LEADER,1,0,0,0,0,94
261201,19,adaptive-prasle,1667,1,0,0,95,0,1330,0,1,19,259534,1667,0,96,0,0,0,LEADER,1,0,0,0,0,95
261356,65,adaptive-prasle,1822,1,0,0,95,0,1330,0,1,65,259534,1822,0,96,0,0,0,LEADER,1,0,0,0,0,95
260962,35,adaptive-prasle,1428,1,0,0,95,0,1330,0,1,35,259534,1428,0,96,0,0,0,LEADER,1,0,0,0,0,95
260977,86,adaptive-prasle,1443,1,0,0,95,0,1330,0,1,86,259534,1443,0,96,0,0,0,LEADER,1,0,0,0,0,95
261019,50,adaptive-prasle,2406,1,0,0,94,0,1316,0,1,50,258613,2406,0,95,0,0,0,LEADER,1,0,0,0,0,94
261035,55,adaptive-prasle,1501,1,0,0,95,0,1330,0,1,55,259534,1501,0,96,0,0,0,LEADER,1,0,0,0,0,95
261074,63,adaptive-prasle,1540,1,0,0,95,0,1330,0,1,63,259534,1540,0,96,0,0,0,LEADER,1,0,0,0,0,95
261438,46,adaptive-prasle,1904,1,0,0,95,0,1330,0,1,46,259534,1904,0,96,0,0,0,LEADER,1,0,0,0,0,95
261233,53,adaptive-prasle,1701,1,0,0,95,0,1330,0,1,53,259532,1701,0,96,0,0,0,LEADER,1,0,0,0,0,95
260587,23,adaptive-prasle,1974,1,0,0,94,0,1316,0,1,23,258613,1974,0,95,0,0,0,LEADER,1,0,0,0,0,94
261456,88,adaptive-prasle,1922,1,0,0,95,0,1330,0,1,88,259534,1922,0,96,0,0,0,LEADER,1,0,0,0,0,95
260983,34,adaptive-prasle,1449,1,0,0,95,0,1330,0,1,34,259534,1449,0,96,0,0,0,LEADER,1,0,0,0,0,95
260592,97,adaptive-prasle,1977,1,0,0,94,0,1316,0,1,97,258615,1977,0,95,0,0,0,LEADER,1,0,0,0,0,94
260710,20,adaptive-prasle,2095,1,0,0,94,0,1316,0,1,20,258615,2095,0,95,0,0,0,LEADER,1,0,0,0,0,94
260790,40,adaptive-prasle,2177,1,0,0,94,0,1316,0,1,40,258613,2177,0,95,0,0,0,LEADER,1,0,0,0,0,94
260715,47,adaptive-prasle,2100,1,0,0,94,0,1316,0,1,47,258615,2100,0,95,0,0,0,LEADER,1,0,0,0,0,94
261626,95,adaptive-prasle,2092,1,0,0,95,0,1330,0,1,95,259534,2092,0,96,0,0,0,LEADER,1,0,0,0,0,95
261008,25,adaptive-prasle,2395,1,0,0,94,0,1316,0,1,25,258613,2395,0,95,0,0,0,LEADER,1,0,0,0,0,94
261614,84,adaptive-prasle,2080,1,0,0,95,0,1330,0,1,84,259534,2080,0,96,0,0,0,LEADER,1,0,0,0,0,95
260890,70,adaptive-prasle,2277,1,0,0,94,0,1316,0,1,70,258613,2277,0,95,0,0,0,LEADER,1,0,0,0,0,94
260808,82,adaptive-prasle,2195,1,0,0,94,0,1316,0,1,82,258613,2195,0,95,0,0,0,LEADER,1,0,0,0,0,94
261026,67,adaptive-prasle,2413,1,0,0,94,0,1316,0,1,67,258613,2413,0,95,0,0,0,LEADER,1,0,0,0,0,94
260978,89,adaptive-prasle,2365,1,0,0,94,0,1316,0,1,89,258613,2365,0,95,0,0,0,LEADER,1,0,0,0,0,94
261647,28,adaptive-prasle,2113,1,0,0,95,0,1330,0,1,28,259534,2113,0,96,0,0,0,LEADER,1,0,0,0,0,95
261391,68,adaptive-prasle,1855,1,0,0,95,0,1330,0,1,68,259536,1855,0,96,0,0,0,LEADER,1,0,0,0,0,95
261342,90,adaptive-prasle,1807,1,0,0,95,0,1330,0,1,90,259535,1807,0,96,0,0,0,LEADER,1,0,0,0,0,95
261002,76,adaptive-prasle,1468,1,0,0,95,0,1330,0,1,76,259534,1468,0,96,0,0,0,LEADER,1,0,0,0,0,95
261323,10,adaptive-prasle,1789,1,0,0,95,0,1330,0,1,10,259534,1789,0,96,0,0,0,LEADER,1,0,0,0,0,95
261755,58,adaptive-prasle,2221,1,0,0,95,0,1330,0,1,58,259534,2221,0,96,0,0,0,LEADER,1,0,0,0,0,95
261138,73,adaptive-prasle,1604,1,0,0,95,0,1330,0,1,73,259534,1604,0,96,0,0,0,LEADER,1,0,0,0,0,95
260878,59,adaptive-prasle,2265,1,0,0,94,0,1316,0,1,59,258613,2265,0,95,0,0,0,LEADER,1,0,0,0,0,94
261153,41,adaptive-prasle,1619,1,0,0,95,0,1330,0,1,41,259534,1619,0,96,0,0,0,LEADER,1,0,0,0,0,95
261068,96,adaptive-prasle,1534,1,0,0,95,0,1330,0,1,96,259534,1534,0,96,0,0,0,LEADER,1,0,0,0,0,95
261367,74,adaptive-prasle,1837,1,0,0,95,0,1330,0,1,74,259530,1837,0,96,0,0,0,LEADER,1,0,0,0,0,95
261301,49,adaptive-prasle,1767,1,0,0,95,0,1330,0,1,49,259534,1767,0,96,0,0,0,LEADER,1,0,0,0,0,95
261762,92,adaptive-prasle,2228,1,0,0,95,0,1330,0,1,92,259534,2228,0,96,0,0,0,LEADER,1,0,0,0,0,95
260970,66,adaptive-prasle,1434,1,0,0,95,0,1330,0,1,66,259536,1434,0,96,0,0,0,LEADER,1,0,0,0,0,95
260993,57,adaptive-prasle,2380,1,0,0,94,0,1316,0,1,57,258613,2380,0,95,0,0,0,LEADER,1,0,0,0,0,94
261794,78,adaptive-prasle,2260,1,0,0,95,0,1330,0,1,78,259534,2260,0,96,0,0,0,LEADER,1,0,0,0,0,95
261618,2,adaptive-prasle,1819,1,0,0,9,21,126,294,2,2,259799,1819,0,8,0,0,0,LEADER,1,0,0,0,0,9
260959,39,adaptive-prasle,2346,1,0,0,94,0,1316,0,1,39,258613,2346,0,95,0,0,0,LEADER,1,0,0,0,0,94
261677,30,adaptive-prasle,2143,1,0,0,95,0,1330,0,1,30,259534,2143,0,96,0,0,0,LEADER,1,0,0,0,0,95
261083,64,adaptive-prasle,1549,1,0,0,95,0,1330,0,1,64,259534,1549,0,96,0,0,0,LEADER,1,0,0,0,0,95
261308,80,adaptive-prasle,1774,1,0,0,95,0,1330,0,1,80,259534,1774,0,96,0,0,0,LEADER,1,0,0,0,0,95
261042,54,adaptive-prasle,1516,1,0,0,95,0,1330,0,1,54,259526,1516,0,96,0,0,0,LEADER,1,0,0,0,0,95
261574,43,adaptive-prasle,2040,1,0,0,95,0,1330,0,1,43,259534,2040,0,96,0,0,0,LEADER,1,0,0,0,0,95
261494,26,adaptive-prasle,1960,1,0,0,95,0,1330,0,1,26,259534,1960,0,96,0,0,0,LEADER,1,0,0,0,0,95
261122,42,adaptive-prasle,1591,1,0,0,95,0,1330,0,1,42,259531,1591,0,96,0,0,0,LEADER,1,0,0,0,0,95
261132,31,adaptive-prasle,1598,1,0,0,95,0,1330,0,1,31,259534,1598,0,96,0,0,0,LEADER,1,0,0,0,0,95
261889,94,adaptive-prasle,2355,1,0,0,95,0,1330,0,1,94,259534,2355,0,96,0,0,0,LEADER,1,0,0,0,0,95
261459,45,adaptive-prasle,1925,1,0,0,95,0,1330,0,1,45,259534,1925,0,96,0,0,0,LEADER,1,0,0,0,0,95
261832,60,adaptive-prasle,2298,1,0,0,95,0,1330,0,1,60,259534,2298,0,96,0,0,0,LEADER,1,0,0,0,0,95
261937,44,adaptive-prasle,1483,1,0,0,95,0,1330,0,1,44,260454,1483,0,96,0,0,0,LEADER,1,0,0,0,0,95
261186,51,adaptive-prasle,1652,1,0,0,95,0,1330,0,1,51,259534,1652,0,96,0,0,0,LEADER,1,0,0,0,0,95
261985,22,adaptive-prasle,1531,1,0,0,95,0,1330,0,1,22,260454,1531,0,96,0,0,0,LEADER,1,0,0,0,0,95
261543,33,adaptive-prasle,2007,1,0,0,95,0,1330,0,1,33,259536,2007,0,96,0,0,0,LEADER,1,0,0,0,0,95
261698,72,adaptive-prasle,2162,1,0,0,95,0,1330,0,1,72,259536,2162,0,96,0,0,0,LEADER,1,0,0,0,0,95
261486,24,adaptive-prasle,1952,1,0,0,95,0,1330,0,1,24,259534,1952,0,96,0,0,0,LEADER,1,0,0,0,0,95
262017,32,adaptive-prasle,1564,1,0,0,95,0,1330,0,1,32,260453,1564,0,96,0,0,0,LEADER,1,0,0,0,0,95
261205,93,adaptive-prasle,1671,1,0,0,95,0,1330,0,1,93,259534,1671,0,96,0,0,0,LEADER,1,0,0,0,0,95
261879,69,adaptive-prasle,2343,1,0,0,95,0,1330,0,1,69,259536,2343,0,96,0,0,0,LEADER,1,0,0,0,0,95
261864,79,adaptive-prasle,2331,1,0,0,95,0,1330,0,1,79,259533,2331,0,96,0,0,0,LEADER,1,0,0,0,0,95
261559,75,adaptive-prasle,2025,1,0,0,95,0,1330,0,1,75,259534,2025,0,96,0,0,0,LEADER,1,0,0,0,0,95
261286,81,adaptive-prasle,1752,1,0,0,95,0,1330,0,1,81,259534,1752,0,96,0,0,0,LEADER,1,0,0,0,0,95
261144,52,adaptive-prasle,1610,1,0,0,95,0,1330,0,1,52,259534,1610,0,96,0,0,0,LEADER,1,0,0,0,0,95
261799,29,adaptive-prasle,2265,1,0,0,95,0,1330,0,1,29,259534,2265,0,96,0,0,0,LEADER,1,0,0,0,0,95
261623,21,adaptive-prasle,2088,1,0,0,95,0,1330,0,1,21,259535,2088,0,96,0,0,0,LEADER,1,0,0,0,0,95
261375,100,adaptive-prasle,1841,1,0,0,95,0,1330,0,1,100,259534,1841,0,96,0,0,0,LEADER,1,0,0,0,0,95
261220,61,adaptive-prasle,1686,1,0,0,95,0,1330,0,1,61,259534,1686,0,96,0,0,0,LEADER,1,0,0,0,0,95
261784,91,adaptive-prasle,2250,1,0,0,95,0,1330,0,1,91,259534,2250,0,96,0,0,0,LEADER,1,0,0,0,0,95
261744,37,adaptive-prasle,2210,1,0,0,95,0,1330,0,1,37,259534,2210,0,96,0,0,0,LEADER,1,0,0,0,0,95
261287,38,adaptive-prasle,1755,1,0,0,95,0,1330,0,1,38,259532,1755,0,96,0,0,0,LEADER,1,0,0,0,0,95
261953,98,adaptive-prasle,2419,1,0,0,95,0,1330,0,1,98,259534,2419,0,96,0,0,0,LEADER,1,0,0,0,0,95
261810,27,adaptive-prasle,2280,1,0,0,95,0,1330,0,1,27,259530,2280,0,96,0,0,0,LEADER,1,0,0,0,0,95
261662,62,adaptive-prasle,2128,1,0,0,95,0,1330,0,1,62,259534,2128,0,96,0,0,0,LEADER,1,0,0,0,0,95
261471,56,adaptive-prasle,1937,1,0,0,95,0,1330,0,1,56,259534,1937,0,96,0,0,0,LEADER,1,0,0,0,0,95
261857,99,adaptive-prasle,2328,1,0,0,95,0,1330,0,1,99,259529,2328,0,96,0,0,0,LEADER,1,0,0,0,0,95
261737,48,adaptive-prasle,2202,1,0,0,95,0,1330,0,1,48,259535,2202,0,96,0,0,0,LEADER,1,0,0,0,0,95
262137,1,adaptive-prasle,2022,1,0,0,9,9,126,126,1,1,260115,2022,0,10,0,0,0,LEADER,1,0,0,0,0,9
261253,71,adaptive-prasle,1719,1,0,0,95,0,1330,0,1,71,259534,1719,0,96,0,0,0,LEADER,1,0,0,0,0,95
261478,87,adaptive-prasle,1944,1,0,0,95,0,1330,0,1,87,259534,1944,0,96,0,0,0,LEADER,1,0,0,0,0,95
261404,36,adaptive-prasle,1870,1,0,0,95,0,1330,0,1,36,259534,1870,0,96,0,0,0,LEADER,1,0,0,0,0,95
261900,77,adaptive-prasle,1446,1,0,0,95,0,1330,0,1,77,260454,1446,0,96,0,0,0,LEADER,1,0,0,0,0,95
262093,83,adaptive-prasle,1637,1,0,0,95,0,1330,0,1,83,260456,1637,0,96,0,0,0,LEADER,1,0,0,0,0,95
261593,85,adaptive-prasle,2059,1,0,0,95,0,1330,0,1,85,259534,2059,0,96,0,0,0,LEADER,1,0,0,0,0,95
262121,19,adaptive-prasle,1667,1,0,0,95,0,1330,0,1,19,260454,1667,0,96,0,0,0,LEADER,1,0,0,0,0,95
262276,65,adaptive-prasle,1822,1,0,0,95,0,1330,0,1,65,260454,1822,0,96,0,0,0,LEADER,1,0,0,0,0,95
261882,35,adaptive-prasle,1428,1,0,0,95,0,1330,0,1,35,260454,1428,0,96,0,0,0,LEADER,1,0,0,0,0,95
261897,86,adaptive-prasle,1443,1,0,0,95,0,1330,0,1,86,260454,1443,0,96,0,0,0,LEADER,1,0,0,0,0,95
261940,50,adaptive-prasle,2406,1,0,0,95,0,1330,0,1,50,259534,2406,0,96,0,0,0,LEADER,1,0,0,0,0,95
261955,55,adaptive-prasle,1501,1,0,0,95,0,1330,0,1,55,260454,1501,0,96,0,0,0,LEADER,1,0,0,0,0,95
261994,63,adaptive-prasle,1540,1,0,0,95,0,1330,0,1,63,260454,1540,0,96,0,0,0,LEADER,1,0,0,0,0,95
262358,46,adaptive-prasle,1904,1,0,0,95,0,1330,0,1,46,260454,1904,0,96,0,0,0,LEADER,1,0,0,0,0,95
262153,53,adaptive-prasle,1701,1,0,0,95,0,1330,0,1,53,260452,1701,0,96,0,0,0,LEADER,1,0,0,0,0,95
261508,23,adaptive-prasle,1974,1,0,0,95,0,1330,0,1,23,259534,1974,0,96,0,0,0,LEADER,1,0,0,0,0,95
262376,88,adaptive-prasle,1922,1,0,0,95,0,1330,0,1,88,260454,1922,0,96,0,0,0,LEADER,1,0,0,0,0,95
261903,34,adaptive-prasle,1449,1,0,0,95,0,1330,0,1,34,260454,1449,0,96,0,0,0,LEADER,1,0,0,0,0,95
261513,97,adaptive-prasle,1977,1,0,0,95,0,1330,0,1,97,259536,1977,0,96,0,0,0,LEADER,1,0,0,0,0,95
261631,20,adaptive-prasle,2095,1,0,0,95,0,1330,0,1,20,259536,2095,0,96,0,0,0,LEADER,1,0,0,0,0,95
261711,40,adaptive-prasle,2177,1,0,0,95,0,1330,0,1,40,259534,2177,0,96,0,0,0,LEADER,1,0,0,0,0,95
261636,47,adaptive-prasle,2100,1,0,0,95,0,1330,0,1,47,259536,2100,0,96,0,0,0,LEADER,1,0,0,0,0,95
262546,95,adaptive-prasle,2092,1,0,0,95,0,1330,0,1,95,260454,2092,0,96,0,0,0,LEADER,1,0,0,0,0,95
261929,25,adaptive-prasle,2395,1,0,0,95,0,1330,0,1,25,259534,2395,0,96,0,0,0,LEADER,1,0,0,0,0,95
262534,84,adaptive-prasle,2080,1,0,0,95,0,1330,0,1,84,260454,2080,0,96,0,0,0,LEADER,1,0,0,0,0,95
261811,70,adaptive-prasle,2277,1,0,0,95,0,1330,0,1,70,259534,2277,0,96,0,0,0,LEADER,1,0,0,0,0,95
261729,82,adaptive-prasle,2195,1,0,0,95,0,1330,0,1,82,259534,2195,0,96,0,0,0,LEADER,1,0,0,0,0,95
261947,67,adaptive-prasle,2413,1,0,0,95,0,1330,0,1,67,259534,2413,0,96,0,0,0,LEADER,1,0,0,0,0,95
261899,89,adaptive-prasle,2365,1,0,0,95,0,1330,0,1,89,259534,2365,0,96,0,0,0,LEADER,1,0,0,0,0,95
262567,28,adaptive-prasle,2113,1,0,0,95,0,1330,0,1,28,260454,2113,0,96,0,0,0,LEADER,1,0,0,0,0,95
262311,68,adaptive-prasle,1855,1,0,0,95,0,1330,0,1,68,260456,1855,0,96,0,0,0,LEADER,1,0,0,0,0,95
262262,90,adaptive-prasle,1807,1,0,0,95,0,1330,0,1,90,260455,1807,0,96,0,0,0,LEADER,1,0,0,0,0,95
261922,76,adaptive-prasle,1468,1,0,0,95,0,1330,0,1,76,260454,1468,0,96,0,0,0,LEADER,1,0,0,0,0,95
262675,58,adaptive-prasle,2221,1,0,0,95,0,1330,0,1,58,260454,2221,0,96,0,0,0,LEADER,1,0,0,0,0,95
262243,10,adaptive-prasle,1789,1,0,0,95,0,1330,0,1,10,260454,1789,0,96,0,0,0,LEADER,1,0,0,0,0,95
262058,73,adaptive-prasle,1604,1,0,0,95,0,1330,0,1,73,260454,1604,0,96,0,0,0,LEADER,1,0,0,0,0,95
261799,59,adaptive-prasle,2265,1,0,0,95,0,1330,0,1,59,259534,2265,0,96,0,0,0,LEADER,1,0,0,0,0,95
262073,41,adaptive-prasle,1619,1,0,0,95,0,1330,0,1,41,260454,1619,0,96,0,0,0,LEADER,1,0,0,0,0,95
261988,96,adaptive-prasle,1534,1,0,0,95,0,1330,0,1,96,260454,1534,0,96,0,0,0,LEADER,1,0,0,0,0,95
262287,74,adaptive-prasle,1837,1,0,0,95,0,1330,0,1,74,260450,1837,0,96,0,0,0,LEADER,1,0,0,0,0,95
262221,49,adaptive-prasle,1767,1,0,0,95,0,1330,0,1,49,260454,1767,0,96,0,0,0,LEADER,1,0,0,0,0,95
262682,92,adaptive-prasle,2228,1,0,0,95,0,1330,0,1,92,260454,2228,0,96,0,0,0,LEADER,1,0,0,0,0,95
261890,66,adaptive-prasle,1434,1,0,0,95,0,1330,0,1,66,260456,1434,0,96,0,0,0,LEADER,1,0,0,0,0,95
261914,57,adaptive-prasle,2380,1,0,0,95,0,1330,0,1,57,259534,2380,0,96,0,0,0,LEADER,1,0,0,0,0,95
262714,78,adaptive-prasle,2260,1,0,0,95,0,1330,0,1,78,260454,2260,0,96,0,0,0,LEADER,1,0,0,0,0,95
261880,39,adaptive-prasle,2346,1,0,0,95,0,1330,0,1,39,259534,2346,0,96,0,0,0,LEADER,1,0,0,0,0,95
262597,30,adaptive-prasle,2143,1,0,0,95,0,1330,0,1,30,260454,2143,0,96,0,0,0,LEADER,1,0,0,0,0,95
262003,64,adaptive-prasle,1549,1,0,0,95,0,1330,0,1,64,260454,1549,0,96,0,0,0,LEADER,1,0,0,0,0,95
262228,80,adaptive-prasle,1774,1,0,0,95,0,1330,0,1,80,260454,1774,0,96,0,0,0,LEADER,1,0,0,0,0,95
261962,54,adaptive-prasle,1516,1,0,0,95,0,1330,0,1,54,260446,1516,0,96,0,0,0,LEADER,1,0,0,0,0,95
262494,43,adaptive-prasle,2040,1,0,0,95,0,1330,0,1,43,260454,2040,0,96,0,0,0,LEADER,1,0,0,0,0,95
262414,26,adaptive-prasle,1960,1,0,0,95,0,1330,0,1,26,260454,1960,0,96,0,0,0,LEADER,1,0,0,0,0,95
262042,42,adaptive-prasle,1591,1,0,0,95,0,1330,0,1,42,260451,1591,0,96,0,0,0,LEADER,1,0,0,0,0,95
262052,31,adaptive-prasle,1598,1,0,0,95,0,1330,0,1,31,260454,1598,0,96,0,0,0,LEADER,1,0,0,0,0,95
262809,94,adaptive-prasle,2355,1,0,0,95,0,1330,0,1,94,260454,2355,0,96,0,0,0,LEADER,1,0,0,0,0,95
262379,45,adaptive-prasle,1925,1,0,0,95,0,1330,0,1,45,260454,1925,0,96,0,0,0,LEADER,1,0,0,0,0,95
262752,60,adaptive-prasle,2298,1,0,0,95,0,1330,0,1,60,260454,2298,0,96,0,0,0,LEADER,1,0,0,0,0,95
262857,44,adaptive-prasle,1483,1,0,0,95,0,1330,0,1,44,261374,1483,0,96,0,0,0,LEADER,1,0,0,0,0,95
262106,51,adaptive-prasle,1652,1,0,0,95,0,1330,0,1,51,260454,1652,0,96,0,0,0,LEADER,1,0,0,0,0,95
262905,22,adaptive-prasle,1531,1,0,0,95,0,1330,0,1,22,261374,1531,0,96,0,0,0,LEADER,1,0,0,0,0,95
262463,33,adaptive-prasle,2007,1,0,0,95,0,1330,0,1,33,260456,2007,0,96,0,0,0,LEADER,1,0,0,0,0,95
262618,72,adaptive-prasle,2162,1,0,0,95,0,1330,0,1,72,260456,2162,0,96,0,0,0,LEADER,1,0,0,0,0,95
262406,24,adaptive-prasle,1952,1,0,0,95,0,1330,0,1,24,260454,1952,0,96,0,0,0,LEADER,1,0,0,0,0,95
262937,32,adaptive-prasle,1564,1,0,0,95,0,1330,0,1,32,261373,1564,0,96,0,0,0,LEADER,1,0,0,0,0,95
262125,93,adaptive-prasle,1671,1,0,0,95,0,1330,0,1,93,260454,1671,0,96,0,0,0,LEADER,1,0,0,0,0,95
262799,69,adaptive-prasle,2343,1,0,0,95,0,1330,0,1,69,260456,2343,0,96,0,0,0,LEADER,1,0,0,0,0,95
262784,79,adaptive-prasle,2331,1,0,0,95,0,1330,0,1,79,260453,2331,0,96,0,0,0,LEADER,1,0,0,0,0,95
262479,75,adaptive-prasle,2025,1,0,0,95,0,1330,0,1,75,260454,2025,0,96,0,0,0,LEADER,1,0,0,0,0,95
262206,81,adaptive-prasle,1752,1,0,0,95,0,1330,0,1,81,260454,1752,0,96,0,0,0,LEADER,1,0,0,0,0,95
262064,52,adaptive-prasle,1610,1,0,0,95,0,1330,0,1,52,260454,1610,0,96,0,0,0,LEADER,1,0,0,0,0,95
262543,21,adaptive-prasle,2088,1,0,0,95,0,1330,0,1,21,260455,2088,0,96,0,0,0,LEADER,1,0,0,0,0,95
262719,29,adaptive-prasle,2265,1,0,0,95,0,1330,0,1,29,260454,2265,0,96,0,0,0,LEADER,1,0,0,0,0,95
262295,100,adaptive-prasle,1841,1,0,0,95,0,1330,0,1,100,260454,1841,0,96,0,0,0,LEADER,1,0,0,0,0,95
262140,61,adaptive-prasle,1686,1,0,0,95,0,1330,0,1,61,260454,1686,0,96,0,0,0,LEADER,1,0,0,0,0,95
262704,91,adaptive-prasle,2250,1,0,0,95,0,1330,0,1,91,260454,2250,0,96,0,0,0,LEADER,1,0,0,0,0,95
262664,37,adaptive-prasle,2210,1,0,0,95,0,1330,0,1,37,260454,2210,0,96,0,0,0,LEADER,1,0,0,0,0,95
262207,38,adaptive-prasle,1755,1,0,0,95,0,1330,0,1,38,260452,1755,0,96,0,0,0,LEADER,1,0,0,0,0,95
262873,98,adaptive-prasle,2419,1,0,0,95,0,1330,0,1,98,260454,2419,0,96,0,0,0,LEADER,1,0,0,0,0,95
262730,27,adaptive-prasle,2280,1,0,0,95,0,1330,0,1,27,260450,2280,0,96,0,0,0,LEADER,1,0,0,0,0,95
262391,56,adaptive-prasle,1937,1,0,0,95,0,1330,0,1,56,260454,1937,0,96,0,0,0,LEADER,1,0,0,0,0,95
262582,62,adaptive-prasle,2128,1,0,0,95,0,1330,0,1,62,260454,2128,0,96,0,0,0,LEADER,1,0,0,0,0,95
262777,99,adaptive-prasle,2328,1,0,0,95,0,1330,0,1,99,260449,2328,0,96,0,0,0,LEADER,1,0,0,0,0,95
262657,48,adaptive-prasle,2202,1,0,0,95,0,1330,0,1,48,260455,2202,0,96,0,0,0,LEADER,1,0,0,0,0,95
262173,71,adaptive-prasle,1719,1,0,0,95,0,1330,0,1,71,260454,1719,0,96,0,0,0,LEADER,1,0,0,0,0,95
262398,87,adaptive-prasle,1944,1,0,0,95,0,1330,0,1,87,260454,1944,0,96,0,0,0,LEADER,1,0,0,0,0,95
262324,36,adaptive-prasle,1870,1,0,0,95,0,1330,0,1,36,260454,1870,0,96,0,0,0,LEADER,1,0,0,0,0,95
262820,77,adaptive-prasle,1446,1,0,0,95,0,1330,0,1,77,261374,1446,0,96,0,0,0,LEADER,1,0,0,0,0,95
263013,83,adaptive-prasle,1637,1,0,0,95,0,1330,0,1,83,261376,1637,0,96,0,0,0,LEADER,1,0,0,0,0,95
262513,85,adaptive-prasle,2059,1,0,0,95,0,1330,0,1,85,260454,2059,0,96,0,0,0,LEADER,1,0,0,0,0,95
263041,19,adaptive-prasle,1667,1,0,0,95,0,1330,0,1,19,261374,1667,0,96,0,0,0,LEADER,1,0,0,0,0,95
263196,65,adaptive-prasle,1822,1,0,0,95,0,1330,0,1,65,261374,1822,0,96,0,0,0,LEADER,1,0,0,0,0,95
262802,35,adaptive-prasle,1428,1,0,0,95,0,1330,0,1,35,261374,1428,0,96,0,0,0,LEADER,1,0,0,0,0,95
262817,86,adaptive-prasle,1443,1,0,0,95,0,1330,0,1,86,261374,1443,0,96,0,0,0,LEADER,1,0,0,0,0,95
262860,50,adaptive-prasle,2406,1,0,0,95,0,1330,0,1,50,260454,2406,0,96,0,0,0,LEADER,1,0,0,0,0,95
262875,55,adaptive-prasle,1501,1,0,0,95,0,1330,0,1,55,261374,1501,0,96,0,0,0,LEADER,1,0,0,0,0,95
262914,63,adaptive-prasle,1540,1,0,0,95,0,1330,0,1,63,261374,1540,0,96,0,0,0,LEADER,1,0,0,0,0,95
263278,46,adaptive-prasle,1904,1,0,0,95,0,1330,0,1,46,261374,1904,0,96,0,0,0,LEADER,1,0,0,0,0,95
263073,53,adaptive-prasle,1701,1,0,0,95,0,1330,0,1,53,261372,1701,0,96,0,0,0,LEADER,1,0,0,0,0,95
262428,23,adaptive-prasle,1974,1,0,0,95,0,1330,0,1,23,260454,1974,0,96,0,0,0,LEADER,1,0,0,0,0,95
263296,88,adaptive-prasle,1922,1,0,0,95,0,1330,0,1,88,261374,1922,0,96,0,0,0,LEADER,1,0,0,0,0,95
262823,34,adaptive-prasle,1449,1,0,0,95,0,1330,0,1,34,261374,1449,0,96,0,0,0,LEADER,1,0,0,0,0,95
262433,97,adaptive-prasle,1977,1,0,0,95,0,1330,0,1,97,260456,1977,0,96,0,0,0,LEADER,1,0,0,0,0,95
262551,20,adaptive-prasle,2095,1,0,0,95,0,1330,0,1,20,260456,2095,0,96,0,0,0,LEADER,1,0,0,0,0,95
262631,40,adaptive-prasle,2177,1,0,0,95,0,1330,0,1,40,260454,2177,0,96,0,0,0,LEADER,1,0,0,0,0,95
262556,47,adaptive-prasle,2100,1,0,0,95,0,1330,0,1,47,260456,2100,0,96,0,0,0,LEADER,1,0,0,0,0,95
263466,95,adaptive-prasle,2092,1,0,0,95,0,1330,0,1,95,261374,2092,0,96,0,0,0,LEADER,1,0,0,0,0,95
262849,25,adaptive-prasle,2395,1,0,0,95,0,1330,0,1,25,260454,2395,0,96,0,0,0,LEADER,1,0,0,0,0,95
263454,84,adaptive-prasle,2080,1,0,0,95,0,1330,0,1,84,261374,2080,0,96,0,0,0,LEADER,1,0,0,0,0,95
262731,70,adaptive-prasle,2277,1,0,0,95,0,1330,0,1,70,260454,2277,0,96,0,0,0,LEADER,1,0,0,0,0,95
262649,82,adaptive-prasle,2195,1,0,0,95,0,1330,0,1,82,260454,2195,0,96,0,0,0,LEADER,1,0,0,0,0,95
262867,67,adaptive-prasle,2413,1,0,0,95,0,1330,0,1,67,260454,2413,0,96,0,0,0,LEADER,1,0,0,0,0,95
262819,89,adaptive-prasle,2365,1,0,0,95,0,1330,0,1,89,260454,2365,0,96,0,0,0,LEADER,1,0,0,0,0,95
263487,28,adaptive-prasle,2113,1,0,0,95,0,1330,0,1,28,261374,2113,0,96,0,0,0,LEADER,1,0,0,0,0,95
263231,68,adaptive-prasle,1855,1,0,0,95,0,1330,0,1,68,261376,1855,0,96,0,0,0,LEADER,1,0,0,0,0,95
263182,90,adaptive-prasle,1807,1,0,0,95,0,1330,0,1,90,261375,1807,0,96,0,0,0,LEADER,1,0,0,0,0,95
262842,76,adaptive-prasle,1468,1,0,0,95,0,1330,0,1,76,261374,1468,0,96,0,0,0,LEADER,1,0,0,0,0,95
263595,58,adaptive-prasle,2221,1,0,0,95,0,1330,0,1,58,261374,2221,0,96,0,0,0,LEADER,1,0,0,0,0,95
263163,10,adaptive-prasle,1789,1,0,0,95,0,1330,0,1,10,261374,1789,0,96,0,0,0,LEADER,1,0,0,0,0,95
262978,73,adaptive-prasle,1604,1,0,0,95,0,1330,0,1,73,261374,1604,0,96,0,0,0,LEADER,1,0,0,0,0,95
262719,59,adaptive-prasle,2265,1,0,0,95,0,1330,0,1,59,260454,2265,0,96,0,0,0,LEADER,1,0,0,0,0,95
262993,41,adaptive-prasle,1619,1,0,0,95,0,1330,0,1,41,261374,1619,0,96,0,0,0,LEADER,1,0,0,0,0,95
262908,96,adaptive-prasle,1534,1,0,0,95,0,1330,0,1,96,261374,1534,0,96,0,0,0,LEADER,1,0,0,0,0,95
263207,74,adaptive-prasle,1837,1,0,0,95,0,1330,0,1,74,261370,1837,0,96,0,0,0,LEADER,1,0,0,0,0,95
263141,49,adaptive-prasle,1767,1,0,0,95,0,1330,0,1,49,261374,1767,0,96,0,0,0,LEADER,1,0,0,0,0,95
263602,92,adaptive-prasle,2228,1,0,0,95,0,1330,0,1,92,261374,2228,0,96,0,0,0,LEADER,1,0,0,0,0,95
262810,66,adaptive-prasle,1434,1,0,0,95,0,1330,0,1,66,261376,1434,0,96,0,0,0,LEADER,1,0,0,0,0,95
262888,3,adaptive-prasle,1603,1,0,0,12,22,168,308,2,3,261285,1603,0,10,0,0,0,LEADER,1,0,0,0,0,12
262834,57,adaptive-prasle,2380,1,0,0,95,0,1330,0,1,57,260454,2380,0,96,0,0,0,LEADER,1,0,0,0,0,95
263634,78,adaptive-prasle,2260,1,0,0,95,0,1330,0,1,78,261374,2260,0,96,0,0,0,LEADER,1,0,0,0,0,95
262800,39,adaptive-prasle,2346,1,0,0,95,0,1330,0,1,39,260454,2346,0,96,0,0,0,LEADER,1,0,0,0,0,95
263517,30,adaptive-prasle,2143,1,0,0,95,0,1330,0,1,30,261374,2143,0,96,0,0,0,LEADER,1,0,0,0,0,95
262923,64,adaptive-prasle,1549,1,0,0,95,0,1330,0,1,64,261374,1549,0,96,0,0,0,LEADER,1,0,0,0,0,95
263148,80,adaptive-prasle,1774,1,0,0,95,0,1330,0,1,80,261374,1774,0,96,0,0,0,LEADER,1,0,0,0,0,95
262882,54,adaptive-prasle,1516,1,0,0,95,0,1330,0,1,54,261366,1516,0,96,0,0,0,LEADER,1,0,0,0,0,95
263414,43,adaptive-prasle,2040,1,0,0,95,0,1330,0,1,43,261374,2040,0,96,0,0,0,LEADER,1,0,0,0,0,95
263334,26,adaptive-prasle,1960,1,0,0,95,0,1330,0,1,26,261374,1960,0,96,0,0,0,LEADER,1,0,0,0,0,95
263231,4,adaptive-prasle,2030,1,0,0,13,26,182,364,6,2,261201,2030,0,9,0,0,0,NORMAL,0,0,0,0,0,13
262962,42,adaptive-prasle,1591,1,0,0,95,0,1330,0,1,42,261371,1591,0,96,0,0,0,LEADER,1,0,0,0,0,95
262972,31,adaptive-prasle,1598,1,0,0,95,0,1330,0,1,31,261374,1598,0,96,0,0,0,LEADER,1,0,0,0,0,95
263729,94,adaptive-prasle,2355,1,0,0,95,0,1330,0,1,94,261374,2355,0,96,0,0,0,LEADER,1,0,0,0,0,95
263299,45,adaptive-prasle,1925,1,0,0,95,0,1330,0,1,45,261374,1925,0,96,0,0,0,LEADER,1,0,0,0,0,95
263672,60,adaptive-prasle,2298,1,0,0,95,0,1330,0,1,60,261374,2298,0,96,0,0,0,LEADER,1,0,0,0,0,95
263778,44,adaptive-prasle,1483,1,0,0,96,0,1344,0,1,44,262295,1483,0,97,0,0,0,LEADER,1,0,0,0,0,96
263026,51,adaptive-prasle,1652,1,0,0,95,0,1330,0,1,51,261374,1652,0,96,0,0,0,LEADER,1,0,0,0,0,95
263383,33,adaptive-prasle,2007,1,0,0,95,0,1330,0,1,33,261376,2007,0,96,0,0,0,LEADER,1,0,0,0,0,95
263826,22,adaptive-prasle,1531,1,0,0,96,0,1344,0,1,22,262295,1531,0,97,0,0,0,LEADER,1,0,0,0,0,96
263538,72,adaptive-prasle,2162,1,0,0,95,0,1330,0,1,72,261376,2162,0,96,0,0,0,LEADER,1,0,0,0,0,95
263326,24,adaptive-prasle,1952,1,0,0,95,0,1330,0,1,24,261374,1952,0,96,0,0,0,LEADER,1,0,0,0,0,95
263857,32,adaptive-prasle,1564,1,0,0,96,0,1344,0,1,32,262293,1564,0,97,0,0,0,LEADER,1,0,0,0,0,96
263045,93,adaptive-prasle,1671,1,0,0,95,0,1330,0,1,93,261374,1671,0,96,0,0,0,LEADER,1,0,0,0,0,95
263704,79,adaptive-prasle,2331,1,0,0,95,0,1330,0,1,79,261373,2331,0,96,0,0,0,LEADER,1,0,0,0,0,95
263719,69,adaptive-prasle,2343,1,0,0,95,0,1330,0,1,69,261376,2343,0,96,0,0,0,LEADER,1,0,0,0,0,95
263399,75,adaptive-prasle,2025,1,0,0,95,0,1330,0,1,75,261374,2025,0,96,0,0,0,LEADER,1,0,0,0,0,95
263126,81,adaptive-prasle,1752,1,0,0,95,0,1330,0,1,81,261374,1752,0,96,0,0,0,LEADER,1,0,0,0,0,95
262984,52,adaptive-prasle,1610,1,0,0,95,0,1330,0,1,52,261374,1610,0,96,0,0,0,LEADER,1,0,0,0,0,95
263463,21,adaptive-prasle,2088,1,0,0,95,0,1330,0,1,21,261375,2088,0,96,0,0,0,LEADER,1,0,0,0,0,95
263639,29,adaptive-prasle,2265,1,0,0,95,0,1330,0,1,29,261374,2265,0,96,0,0,0,LEADER,1,0,0,0,0,95
263215,100,adaptive-prasle,1841,1,0,0,95,0,1330,0,1,100,261374,1841,0,96,0,0,0,LEADER,1,0,0,0,0,95
263060,61,adaptive-prasle,1686,1,0,0,95,0,1330,0,1,61,261374,1686,0,96,0,0,0,LEADER,1,0,0,0,0,95
263624,91,adaptive-prasle,2250,1,0,0,95,0,1330,0,1,91,261374,2250,0,96,0,0,0,LEADER,1,0,0,0,0,95
263584,37,adaptive-prasle,2210,1,0,0,95,0,1330,0,1,37,261374,2210,0,96,0,0,0,LEADER,1,0,0,0,0,95
263127,38,adaptive-prasle,1755,1,0,0,95,0,1330,0,1,38,261372,1755,0,96,0,0,0,LEADER,1,0,0,0,0,95
263793,98,adaptive-prasle,2419,1,0,0,95,0,1330,0,1,98,261374,2419,0,96,0,0,0,LEADER,1,0,0,0,0,95
263650,27,adaptive-prasle,2280,1,0,0,95,0,1330,0,1,27,261370,2280,0,96,0,0,0,LEADER,1,0,0,0,0,95
263502,62,adaptive-prasle,2128,1,0,0,95,0,1330,0,1,62,261374,2128,0,96,0,0,0,LEADER,1,0,0,0,0,95
263311,56,adaptive-prasle,1937,1,0,0,95,0,1330,0,1,56,261374,1937,0,96,0,0,0,LEADER,1,0,0,0,0,95
263697,99,adaptive-prasle,2328,1,0,0,95,0,1330,0,1,99,261369,2328,0,96,0,0,0,LEADER,1,0,0,0,0,95
263577,48,adaptive-prasle,2202,1,0,0,95,0,1330,0,1,48,261375,2202,0,96,0,0,0,LEADER,1,0,0,0,0,95
263093,71,adaptive-prasle,1719,1,0,0,95,0,1330,0,1,71,261374,1719,0,96,0,0,0,LEADER,1,0,0,0,0,95
263318,87,adaptive-prasle,1944,1,0,0,95,0,1330,0,1,87,261374,1944,0,96,0,0,0,LEADER,1,0,0,0,0,95
263244,36,adaptive-prasle,1870,1,0,0,95,0,1330,0,1,36,261374,1870,0,96,0,0,0,LEADER,1,0,0,0,0,95
263741,77,adaptive-prasle,1446,1,0,0,96,0,1344,0,1,77,262295,1446,0,97,0,0,0,LEADER,1,0,0,0,0,96
263934,83,adaptive-prasle,1637,1,0,0,96,0,1344,0,1,83,262297,1637,0,97,0,0,0,LEADER,1,0,0,0,0,96
263433,85,adaptive-prasle,2059,1,0,0,95,0,1330,0,1,85,261374,2059,0,96,0,0,0,LEADER,1,0,0,0,0,95
263962,19,adaptive-prasle,1667,1,0,0,96,0,1344,0,1,19,262295,1667,0,97,0,0,0,LEADER,1,0,0,0,0,96
264117,65,adaptive-prasle,1822,1,0,0,96,0,1344,0,1,65,262295,1822,0,97,0,0,0,LEADER,1,0,0,0,0,96
263723,35,adaptive-prasle,1428,1,0,0,96,0,1344,0,1,35,262295,1428,0,97,0,0,0,LEADER,1,0,0,0,0,96
263738,86,adaptive-prasle,1443,1,0,0,96,0,1344,0,1,86,262295,1443,0,97,0,0,0,LEADER,1,0,0,0,0,96
263780,50,adaptive-prasle,2406,1,0,0,95,0,1330,0,1,50,261374,2406,0,96,0,0,0,LEADER,1,0,0,0,0,95
263796,55,adaptive-prasle,1501,1,0,0,96,0,1344,0,1,55,262295,1501,0,97,0,0,0,LEADER,1,0,0,0,0,96
264152,9,adaptive-prasle,1889,1,0,0,20,23,280,322,7,5,262263,1889,0,8,0,0,0,NORMAL,0,0,0,0,0,20
263835,63,adaptive-prasle,1540,1,0,0,96,0,1344,0,1,63,262295,1540,0,97,0,0,0,LEADER,1,0,0,0,0,96
264199,46,adaptive-prasle,1904,1,0,0,96,0,1344,0,1,46,262295,1904,0,97,0,0,0,LEADER,1,0,0,0,0,96
263994,53,adaptive-prasle,1701,1,0,0,96,0,1344,0,1,53,262293,1701,0,97,0,0,0,LEADER,1,0,0,0,0,96
263348,23,adaptive-prasle,1974,1,0,0,95,0,1330,0,1,23,261374,1974,0,96,0,0,0,LEADER,1,0,0,0,0,95
264217,88,adaptive-prasle,1922,1,0,0,96,0,1344,0,1,88,262295,1922,0,97,0,0,0,LEADER,1,0,0,0,0,96
263744,34,adaptive-prasle,1449,1,0,0,96,0,1344,0,1,34,262295,1449,0,97,0,0,0,LEADER,1,0,0,0,0,96
263353,97,adaptive-prasle,1977,1,0,0,95,0,1330,0,1,97,261376,1977,0,96,0,0,0,LEADER,1,0,0,0,0,95
263471,20,adaptive-prasle,2095,1,0,0,95,0,1330,0,1,20,261376,2095,0,96,0,0,0,LEADER,1,0,0,0,0,95
263551,40,adaptive-prasle,2177,1,0,0,95,0,1330,0,1,40,261374,2177,0,96,0,0,0,LEADER,1,0,0,0,0,95
263476,47,adaptive-prasle,2100,1,0,0,95,0,1330,0,1,47,261376,2100,0,96,0,0,0,LEADER,1,0,0,0,0,95
264387,95,adaptive-prasle,2092,1,0,0,96,0,1344,0,1,95,262295,2092,0,97,0,0,0,LEADER,1,0,0,0,0,96
263769,25,adaptive-prasle,2395,1,0,0,95,0,1330,0,1,25,261374,2395,0,96,0,0,0,LEADER,1,0,0,0,0,95
264375,84,adaptive-prasle,2080,1,0,0,96,0,1344,0,1,84,262295,2080,0,97,0,0,0,LEADER,1,0,0,0,0,96
263651,70,adaptive-prasle,2277,1,0,0,95,0,1330,0,1,70,261374,2277,0,96,0,0,0,LEADER,1,0,0,0,0,95
263569,82,adaptive-prasle,2195,1,0,0,95,0,1330,0,1,82,261374,2195,0,96,0,0,0,LEADER,1,0,0,0,0,95
263787,67,adaptive-prasle,2413,1,0,0,95,0,1330,0,1,67,261374,2413,0,96,0,0,0,LEADER,1,0,0,0,0,95
263739,89,adaptive-prasle,2365,1,0,0,95,0,1330,0,1,89,261374,2365,0,96,0,0,0,LEADER,1,0,0,0,0,95
264408,28,adaptive-prasle,2113,1,0,0,96,0,1344,0,1,28,262295,2113,0,97,0,0,0,LEADER,1,0,0,0,0,96
264152,68,adaptive-prasle,1855,1,0,0,96,0,1344,0,1,68,262297,1855,0,97,0,0,0,LEADER,1,0,0,0,0,96
264103,90,adaptive-prasle,1807,1,0,0,96,0,1344,0,1,90,262296,1807,0,97,0,0,0,LEADER,1,0,0,0,0,96
263763,76,adaptive-prasle,1468,1,0,0,96,0,1344,0,1,76,262295,1468,0,97,0,0,0,LEADER,1,0,0,0,0,96
264084,10,adaptive-prasle,1789,1,0,0,96,0,1344,0,1,10,262295,1789,0,97,0,0,0,LEADER,1,0,0,0,0,96
264516,58,adaptive-prasle,2221,1,0,0,96,0,1344,0,1,58,262295,2221,0,97,0,0,0,LEADER,1,0,0,0,0,96
263899,73,adaptive-prasle,1604,1,0,0,96,0,1344,0,1,73,262295,1604,0,97,0,0,0,LEADER,1,0,0,0,0,96
263639,59,adaptive-prasle,2265,1,0,0,95,0,1330,0,1,59,261374,2265,0,96,0,0,0,LEADER,1,0,0,0,0,95
263914,41,adaptive-prasle,1619,1,0,0,96,0,1344,0,1,41,262295,1619,0,97,0,0,0,LEADER,1,0,0,0,0,96
263829,96,adaptive-prasle,1534,1,0,0,96,0,1344,0,1,96,262295,1534,0,97,0,0,0,LEADER,1,0,0,0,0,96
264128,74,adaptive-prasle,1837,1,0,0,96,0,1344,0,1,74,262291,1837,0,97,0,0,0,LEADER,1,0,0,0,0,96
264062,49,adaptive-prasle,1767,1,0,0,96,0,1344,0,1,49,262295,1767,0,97,0,0,0,LEADER,1,0,0,0,0,96
264523,92,adaptive-prasle,2228,1,0,0,96,0,1344,0,1,92,262295,2228,0,97,0,0,0,LEADER,1,0,0,0,0,96
263731,66,adaptive-prasle,1434,1,0,0,96,0,1344,0,1,66,262297,1434,0,97,0,0,0,LEADER,1,0,0,0,0,96
263754,57,adaptive-prasle,2380,1,0,0,95,0,1330,0,1,57,261374,2380,0,96,0,0,0,LEADER,1,0,0,0,0,95
264555,78,adaptive-prasle,2260,1,0,0,96,0,1344,0,1,78,262295,2260,0,97,0,0,0,LEADER,1,0,0,0,0,96
263720,39,adaptive-prasle,2346,1,0,0,95,0,1330,0,1,39,261374,2346,0,96,0,0,0,LEADER,1,0,0,0,0,95
264438,30,adaptive-prasle,2143,1,0,0,96,0,1344,0,1,30,262295,2143,0,97,0,0,0,LEADER,1,0,0,0,0,96
263844,64,adaptive-prasle,1549,1,0,0,96,0,1344,0,1,64,262295,1549,0,97,0,0,0,LEADER,1,0,0,0,0,96
264017,8,adaptive-prasle,2217,1,0,0,24,40,336,560,4,6,261800,2217,0,9,0,0,0,NORMAL,0,0,0,0,0,24
264069,80,adaptive-prasle,1774,1,0,0,96,0,1344,0,1,80,262295,1774,0,97,0,0,0,LEADER,1,0,0,0,0,96
263803,54,adaptive-prasle,1516,1,0,0,96,0,1344,0,1,54,262287,1516,0,97,0,0,0,LEADER,1,0,0,0,0,96
264335,43,adaptive-prasle,2040,1,0,0,96,0,1344,0,1,43,262295,2040,0,97,0,0,0,LEADER,1,0,0,0,0,96
264255,26,adaptive-prasle,1960,1,0,0,96,0,1344,0,1,26,262295,1960,0,97,0,0,0,LEADER,1,0,0,0,0,96
263883,42,adaptive-prasle,1591,1,0,0,96,0,1344,0,1,42,262292,1591,0,97,0,0,0,LEADER,1,0,0,0,0,96
263893,31,adaptive-prasle,1598,1,0,0,96,0,1344,0,1,31,262295,1598,0,97,0,0,0,LEADER,1,0,0,0,0,96
264650,94,adaptive-prasle,2355,1,0,0,96,0,1344,0,1,94,262295,2355,0,97,0,0,0,LEADER,1,0,0,0,0,96
264220,45,adaptive-prasle,1925,1,0,0,96,0,1344,0,1,45,262295,1925,0,97,0,0,0,LEADER,1,0,0,0,0,96
264593,60,adaptive-prasle,2298,1,0,0,96,0,1344,0,1,60,262295,2298,0,97,0,0,0,LEADER,1,0,0,0,0,96
264698,44,adaptive-prasle,1483,1,0,0,96,0,1344,0,1,44,263215,1483,0,97,0,0,0,LEADER,1,0,0,0,0,96
263947,51,adaptive-prasle,1652,1,0,0,96,0,1344,0,1,51,262295,1652,0,97,0,0,0,LEADER,1,0,0,0,0,96
264746,22,adaptive-prasle,1531,1,0,0,96,0,1344,0,1,22,263215,1531,0,97,0,0,0,LEADER,1,0,0,0,0,96
264304,33,adaptive-prasle,2007,1,0,0,96,0,1344,0,1,33,262297,2007,0,97,0,0,0,LEADER,1,0,0,0,0,96
264459,72,adaptive-prasle,2162,1,0,0,96,0,1344,0,1,72,262297,2162,0,97,0,0,0,LEADER,1,0,0,0,0,96
264247,24,adaptive-prasle,1952,1,0,0,96,0,1344,0,1,24,262295,1952,0,97,0,0,0,LEADER,1,0,0,0,0,96
264777,32,adaptive-prasle,1564,1,0,0,96,0,1344,0,1,32,263213,1564,0,97,0,0,0,LEADER,1,0,0,0,0,96
263966,93,adaptive-prasle,1671,1,0,0,96,0,1344,0,1,93,262295,1671,0,97,0,0,0,LEADER,1,0,0,0,0,96
264640,69,adaptive-prasle,2343,1,0,0,96,0,1344,0,1,69,262297,2343,0,97,0,0,0,LEADER,1,0,0,0,0,96
264625,79,adaptive-prasle,2331,1,0,0,96,0,1344,0,1,79,262294,2331,0,97,0,0,0,LEADER,1,0,0,0,0,96
264320,75,adaptive-prasle,2025,1,0,0,96,0,1344,0,1,75,262295,2025,0,97,0,0,0,LEADER,1,0,0,0,0,96
264047,81,adaptive-prasle,1752,1,0,0,96,0,1344,0,1,81,262295,1752,0,97,0,0,0,LEADER,1,0,0,0,0,96
263905,52,adaptive-prasle,1610,1,0,0,96,0,1344,0,1,52,262295,1610,0,97,0,0,0,LEADER,1,0,0,0,0,96
264560,29,adaptive-prasle,2265,1,0,0,96,0,1344,0,1,29,262295,2265,0,97,0,0,0,LEADER,1,0,0,0,0,96
264384,21,adaptive-prasle,2088,1,0,0,96,0,1344,0,1,21,262296,2088,0,97,0,0,0,LEADER,1,0,0,0,0,96
264136,100,adaptive-prasle,1841,1,0,0,96,0,1344,0,1,100,262295,1841,0,97,0,0,0,LEADER,1,0,0,0,0,96
263981,61,adaptive-prasle,1686,1,0,0,96,0,1344,0,1,61,262295,1686,0,97,0,0,0,LEADER,1,0,0,0,0,96
264545,91,adaptive-prasle,2250,1,0,0,96,0,1344,0,1,91,262295,2250,0,97,0,0,0,LEADER,1,0,0,0,0,96
264505,37,adaptive-prasle,2210,1,0,0,96,0,1344,0,1,37,262295,2210,0,97,0,0,0,LEADER,1,0,0,0,0,96
264048,38,adaptive-prasle,1755,1,0,0,96,0,1344,0,1,38,262293,1755,0,97,0,0,0,LEADER,1,0,0,0,0,96
264714,98,adaptive-prasle,2419,1,0,0,96,0,1344,0,1,98,262295,2419,0,97,0,0,0,LEADER,1,0,0,0,0,96
264571,27,adaptive-prasle,2280,1,0,0,96,0,1344,0,1,27,262291,2280,0,97,0,0,0,LEADER,1,0,0,0,0,96
264423,62,adaptive-prasle,2128,1,0,0,96,0,1344,0,1,62,262295,2128,0,97,0,0,0,LEADER,1,0,0,0,0,96
264232,56,adaptive-prasle,1937,1,0,0,96,0,1344,0,1,56,262295,1937,0,97,0,0,0,LEADER,1,0,0,0,0,96
264618,99,adaptive-prasle,2328,1,0,0,96,0,1344,0,1,99,262290,2328,0,97,0,0,0,LEADER,1,0,0,0,0,96
264498,48,adaptive-prasle,2202,1,0,0,96,0,1344,0,1,48,262296,2202,0,97,0,0,0,LEADER,1,0,0,0,0,96
264014,71,adaptive-prasle,1719,1,0,0,96,0,1344,0,1,71,262295,1719,0,97,0,0,0,LEADER,1,0,0,0,0,96
264239,87,adaptive-prasle,1944,1,0,0,96,0,1344,0,1,87,262295,1944,0,97,0,0,0,LEADER,1,0,0,0,0,96
264165,36,adaptive-prasle,1870,1,0,0,96,0,1344,0,1,36,262295,1870,0,97,0,0,0,LEADER,1,0,0,0,0,96
264661,77,adaptive-prasle,1446,1,0,0,96,0,1344,0,1,77,263215,1446,0,97,0,0,0,LEADER,1,0,0,0,0,96
264854,83,adaptive-prasle,1637,1,0,0,96,0,1344,0,1,83,263217,1637,0,97,0,0,0,LEADER,1,0,0,0,0,96
264354,85,adaptive-prasle,2059,1,0,0,96,0,1344,0,1,85,262295,2059,0,97,0,0,0,LEADER,1,0,0,0,0,96
264882,19,adaptive-prasle,1667,1,0,0,96,0,1344,0,1,19,263215,1667,0,97,0,0,0,LEADER,1,0,0,0,0,96
265037,65,adaptive-prasle,1822,1,0,0,96,0,1344,0,1,65,263215,1822,0,97,0,0,0,LEADER,1,0,0,0,0,96
264643,35,adaptive-prasle,1428,1,0,0,96,0,1344,0,1,35,263215,1428,0,97,0,0,0,LEADER,1,0,0,0,0,96
264658,86,adaptive-prasle,1443,1,0,0,96,0,1344,0,1,86,263215,1443,0,97,0,0,0,LEADER,1,0,0,0,0,96
264701,50,adaptive-prasle,2406,1,0,0,96,0,1344,0,1,50,262295,2406,0,97,0,0,0,LEADER,1,0,0,0,0,96
264716,55,adaptive-prasle,1501,1,0,0,96,0,1344,0,1,55,263215,1501,0,97,0,0,0,LEADER,1,0,0,0,0,96
264755,63,adaptive-prasle,1540,1,0,0,96,0,1344,0,1,63,263215,1540,0,97,0,0,0,LEADER,1,0,0,0,0,96
265119,46,adaptive-prasle,1904,1,0,0,96,0,1344,0,1,46,263215,1904,0,97,0,0,0,LEADER,1,0,0,0,0,96
264914,53,adaptive-prasle,1701,1,0,0,96,0,1344,0,1,53,263213,1701,0,97,0,0,0,LEADER,1,0,0,0,0,96
264269,23,adaptive-prasle,1974,1,0,0,96,0,1344,0,1,23,262295,1974,0,97,0,0,0,LEADER,1,0,0,0,0,96
265137,88,adaptive-prasle,1922,1,0,0,96,0,1344,0,1,88,263215,1922,0,97,0,0,0,LEADER,1,0,0,0,0,96
264664,34,adaptive-prasle,1449,1,0,0,96,0,1344,0,1,34,263215,1449,0,97,0,0,0,LEADER,1,0,0,0,0,96
264274,97,adaptive-prasle,1977,1,0,0,96,0,1344,0,1,97,262297,1977,0,97,0,0,0,LEADER,1,0,0,0,0,96
264392,20,adaptive-prasle,2095,1,0,0,96,0,1344,0,1,20,262297,2095,0,97,0,0,0,LEADER,1,0,0,0,0,96
264472,40,adaptive-prasle,2177,1,0,0,96,0,1344,0,1,40,262295,2177,0,97,0,0,0,LEADER,1,0,0,0,0,96
264397,47,adaptive-prasle,2100,1,0,0,96,0,1344,0,1,47,262297,2100,0,97,0,0,0,LEADER,1,0,0,0,0,96
265307,95,adaptive-prasle,2092,1,0,0,96,0,1344,0,1,95,263215,2092,0,97,0,0,0,LEADER,1,0,0,0,0,96
264988,7,adaptive-prasle,1749,1,0,0,21,42,294,588,7,5,263239,1749,0,9,0,0,0,NORMAL,0,0,0,0,0,21
264690,25,adaptive-prasle,2395,1,0,0,96,0,1344,0,1,25,262295,2395,0,97,0,0,0,LEADER,1,0,0,0,0,96
265295,84,adaptive-prasle,2080,1,0,0,96,0,1344,0,1,84,263215,2080,0,97,0,0,0,LEADER,1,0,0,0,0,96
264572,70,adaptive-prasle,2277,1,0,0,96,0,1344,0,1,70,262295,2277,0,97,0,0,0,LEADER,1,0,0,0,0,96
264490,82,adaptive-prasle,2195,1,0,0,96,0,1344,0,1,82,262295,2195,0,97,0,0,0,LEADER,1,0,0,0,0,96
264708,67,adaptive-prasle,2413,1,0,0,96,0,1344,0,1,67,262295,2413,0,97,0,0,0,LEADER,1,0,0,0,0,96
264660,89,adaptive-prasle,2365,1,0,0,96,0,1344,0,1,89,262295,2365,0,97,0,0,0,LEADER,1,0,0,0,0,96
265328,28,adaptive-prasle,2113,1,0,0,96,0,1344,0,1,28,263215,2113,0,97,0,0,0,LEADER,1,0,0,0,0,96
265072,68,adaptive-prasle,1855,1,0,0,96,0,1344,0,1,68,263217,1855,0,97,0,0,0,LEADER,1,0,0,0,0,96
265023,90,adaptive-prasle,1807,1,0,0,96,0,1344,0,1,90,263216,1807,0,97,0,0,0,LEADER,1,0,0,0,0,96
264683,76,adaptive-prasle,1468,1,0,0,96,0,1344,0,1,76,263215,1468,0,97,0,0,0,LEADER,1,0,0,0,0,96
265004,10,adaptive-prasle,1789,1,0,0,96,0,1344,0,1,10,263215,1789,0,97,0,0,0,LEADER,1,0,0,0,0,96
265436,58,adaptive-prasle,2221,1,0,0,96,0,1344,0,1,58,263215,2221,0,97,0,0,0,LEADER,1,0,0,0,0,96
264819,73,adaptive-prasle,1604,1,0,0,96,0,1344,0,1,73,263215,1604,0,97,0,0,0,LEADER,1,0,0,0,0,96
264560,59,adaptive-prasle,2265,1,0,0,96,0,1344,0,1,59,262295,2265,0,97,0,0,0,LEADER,1,0,0,0,0,96
264834,41,adaptive-prasle,1619,1,0,0,96,0,1344,0,1,41,263215,1619,0,97,0,0,0,LEADER,1,0,0,0,0,96
264749,96,adaptive-prasle,1534,1,0,0,96,0,1344,0,1,96,263215,1534,0,97,0,0,0,LEADER,1,0,0,0,0,96
265187,6,adaptive-prasle,1797,1,0,0,18,33,252,462,6,5,263390,1797,0,9,0,0,0,NORMAL,0,0,0,0,0,18
265048,74,adaptive-prasle,1837,1,0,0,96,0,1344,0,1,74,263211,1837,0,97,0,0,0,LEADER,1,0,0,0,0,96
264982,49,adaptive-prasle,1767,1,0,0,96,0,1344,0,1,49,263215,1767,0,97,0,0,0,LEADER,1,0,0,0,0,96
265388,11,adaptive-prasle,2055,1,0,0,14,9,196,126,4,11,263333,2055,0,10,0,0,0,LEADER,1,0,0,0,0,14
265443,92,adaptive-prasle,2228,1,0,0,96,0,1344,0,1,92,263215,2228,0,97,0,0,0,LEADER,1,0,0,0,0,96
264651,66,adaptive-prasle,1434,1,0,0,96,0,1344,0,1,66,263217,1434,0,97,0,0,0,LEADER,1,0,0,0,0,96
264675,57,adaptive-prasle,2380,1,0,0,96,0,1344,0,1,57,262295,2380,0,97,0,0,0,LEADER,1,0,0,0,0,96
265475,78,adaptive-prasle,2260,1,0,0,96,0,1344,0,1,78,263215,2260,0,97,0,0,0,LEADER,1,0,0,0,0,96
264641,39,adaptive-prasle,2346,1,0,0,96,0,1344,0,1,39,262295,2346,0,97,0,0,0,LEADER,1,0,0,0,0,96
265358,30,adaptive-prasle,2143,1,0,0,96,0,1344,0,1,30,263215,2143,0,97,0,0,0,LEADER,1,0,0,0,0,96
264764,64,adaptive-prasle,1549,1,0,0,96,0,1344,0,1,64,263215,1549,0,97,0,0,0,LEADER,1,0,0,0,0,96
264989,80,adaptive-prasle,1774,1,0,0,96,0,1344,0,1,80,263215,1774,0,97,0,0,0,LEADER,1,0,0,0,0,96
264723,54,adaptive-prasle,1516,1,0,0,96,0,1344,0,1,54,263207,1516,0,97,0,0,0,LEADER,1,0,0,0,0,96
265255,43,adaptive-prasle,2040,1,0,0,96,0,1344,0,1,43,263215,2040,0,97,0,0,0,LEADER,1,0,0,0,0,96
265175,26,adaptive-prasle,1960,1,0,0,96,0,1344,0,1,26,263215,1960,0,97,0,0,0,LEADER,1,0,0,0,0,96
264803,42,adaptive-prasle,1591,1,0,0,96,0,1344,0,1,42,263212,1591,0,97,0,0,0,LEADER,1,0,0,0,0,96
264813,31,adaptive-prasle,1598,1,0,0,96,0,1344,0,1,31,263215,1598,0,97,0,0,0,LEADER,1,0,0,0,0,96
265570,94,adaptive-prasle,2355,1,0,0,96,0,1344,0,1,94,263215,2355,0,97,0,0,0,LEADER,1,0,0,0,0,96
265140,45,adaptive-prasle,1925,1,0,0,96,0,1344,0,1,45,263215,1925,0,97,0,0,0,LEADER,1,0,0,0,0,96
265513,60,adaptive-prasle,2298,1,0,0,96,0,1344,0,1,60,263215,2298,0,97,0,0,0,LEADER,1,0,0,0,0,96
265618,44,adaptive-prasle,1483,1,0,0,96,0,1344,0,1,44,264135,1483,0,97,0,0,0,LEADER,1,0,0,0,0,96
264867,51,adaptive-prasle,1652,1,0,0,96,0,1344,0,1,51,263215,1652,0,97,0,0,0,LEADER,1,0,0,0,0,96
265666,22,adaptive-prasle,1531,1,0,0,96,0,1344,0,1,22,264135,1531,0,97,0,0,0,LEADER,1,0,0,0,0,96
265224,33,adaptive-prasle,2007,1,0,0,96,0,1344,0,1,33,263217,2007,0,97,0,0,0,LEADER,1,0,0,0,0,96
265379,72,adaptive-prasle,2162,1,0,0,96,0,1344,0,1,72,263217,2162,0,97,0,0,0,LEADER,1,0,0,0,0,96
265167,24,adaptive-prasle,1952,1,0,0,96,0,1344,0,1,24,263215,1952,0,97,0,0,0,LEADER,1,0,0,0,0,96
265697,32,adaptive-prasle,1564,1,0,0,96,0,1344,0,1,32,264133,1564,0,97,0,0,0,LEADER,1,0,0,0,0,96
264886,93,adaptive-prasle,1671,1,0,0,96,0,1344,0,1,93,263215,1671,0,97,0,0,0,LEADER,1,0,0,0,0,96
265545,79,adaptive-prasle,2331,1,0,0,96,0,1344,0,1,79,263214,2331,0,97,0,0,0,LEADER,1,0,0,0,0,96
265560,69,adaptive-prasle,2343,1,0,0,96,0,1344,0,1,69,263217,2343,0,97,0,0,0,LEADER,1,0,0,0,0,96
265240,75,adaptive-prasle,2025,1,0,0,96,0,1344,0,1,75,263215,2025,0,97,0,0,0,LEADER,1,0,0,0,0,96
264967,81,adaptive-prasle,1752,1,0,0,96,0,1344,0,1,81,263215,1752,0,97,0,0,0,LEADER,1,0,0,0,0,96
264825,52,adaptive-prasle,1610,1,0,0,96,0,1344,0,1,52,263215,1610,0,97,0,0,0,LEADER,1,0,0,0,0,96
265304,21,adaptive-prasle,2088,1,0,0,96,0,1344,0,1,21,263216,2088,0,97,0,0,0,LEADER,1,0,0,0,0,96
265480,29,adaptive-prasle,2265,1,0,0,96,0,1344,0,1,29,263215,2265,0,97,0,0,0,LEADER,1,0,0,0,0,96
265056,100,adaptive-prasle,1841,1,0,0,96,0,1344,0,1,100,263215,1841,0,97,0,0,0,LEADER,1,0,0,0,0,96
264901,61,adaptive-prasle,1686,1,0,0,96,0,1344,0,1,61,263215,1686,0,97,0,0,0,LEADER,1,0,0,0,0,96
265465,91,adaptive-prasle,2250,1,0,0,96,0,1344,0,1,91,263215,2250,0,97,0,0,0,LEADER,1,0,0,0,0,96
265425,37,adaptive-prasle,2210,1,0,0,96,0,1344,0,1,37,263215,2210,0,97,0,0,0,LEADER,1,0,0,0,0,96
264968,38,adaptive-prasle,1755,1,0,0,96,0,1344,0,1,38,263213,1755,0,97,0,0,0,LEADER,1,0,0,0,0,96
265634,98,adaptive-prasle,2419,1,0,0,96,0,1344,0,1,98,263215,2419,0,97,0,0,0,LEADER,1,0,0,0,0,96
265491,27,adaptive-prasle,2280,1,0,0,96,0,1344,0,1,27,263211,2280,0,97,0,0,0,LEADER,1,0,0,0,0,96
265343,62,adaptive-prasle,2128,1,0,0,96,0,1344,0,1,62,263215,2128,0,97,0,0,0,LEADER,1,0,0,0,0,96
265152,56,adaptive-prasle,1937,1,0,0,96,0,1344,0,1,56,263215,1937,0,97,0,0,0,LEADER,1,0,0,0,0,96
265538,99,adaptive-prasle,2328,1,0,0,96,0,1344,0,1,99,263210,2328,0,97,0,0,0,LEADER,1,0,0,0,0,96
265418,48,adaptive-prasle,2202,1,0,0,96,0,1344,0,1,48,263216,2202,0,97,0,0,0,LEADER,1,0,0,0,0,96
264934,71,adaptive-prasle,1719,1,0,0,96,0,1344,0,1,71,263215,1719,0,97,0,0,0,LEADER,1,0,0,0,0,96
265159,87,adaptive-prasle,1944,1,0,0,96,0,1344,0,1,87,263215,1944,0,97,0,0,0,LEADER,1,0,0,0,0,96
265085,36,adaptive-prasle,1870,1,0,0,96,0,1344,0,1,36,263215,1870,0,97,0,0,0,LEADER,1,0,0,0,0,96
265581,77,adaptive-prasle,1446,1,0,0,96,0,1344,0,1,77,264135,1446,0,97,0,0,0,LEADER,1,0,0,0,0,96
265774,83,adaptive-prasle,1637,1,0,0,96,0,1344,0,1,83,264137,1637,0,97,0,0,0,LEADER,1,0,0,0,0,96
265274,85,adaptive-prasle,2059,1,0,0,96,0,1344,0,1,85,263215,2059,0,97,0,0,0,LEADER,1,0,0,0,0,96
265802,19,adaptive-prasle,1667,1,0,0,96,0,1344,0,1,19,264135,1667,0,97,0,0,0,LEADER,1,0,0,0,0,96
265957,65,adaptive-prasle,1822,1,0,0,96,0,1344,0,1,65,264135,1822,0,97,0,0,0,LEADER,1,0,0,0,0,96
265563,35,adaptive-prasle,1428,1,0,0,96,0,1344,0,1,35,264135,1428,0,97,0,0,0,LEADER,1,0,0,0,0,96
265578,86,adaptive-prasle,1443,1,0,0,96,0,1344,0,1,86,264135,1443,0,97,0,0,0,LEADER,1,0,0,0,0,96
265621,50,adaptive-prasle,2406,1,0,0,96,0,1344,0,1,50,263215,2406,0,97,0,0,0,LEADER,1,0,0,0,0,96
265636,55,adaptive-prasle,1501,1,0,0,96,0,1344,0,1,55,264135,1501,0,97,0,0,0,LEADER,1,0,0,0,0,96
265675,63,adaptive-prasle,1540,1,0,0,96,0,1344,0,1,63,264135,1540,0,97,0,0,0,LEADER,1,0,0,0,0,96
266039,46,adaptive-prasle,1904,1,0,0,96,0,1344,0,1,46,264135,1904,0,97,0,0,0,LEADER,1,0,0,0,0,96
265834,53,adaptive-prasle,1701,1,0,0,96,0,1344,0,1,53,264133,1701,0,97,0,0,0,LEADER,1,0,0,0,0,96
265189,23,adaptive-prasle,1974,1,0,0,96,0,1344,0,1,23,263215,1974,0,97,0,0,0,LEADER,1,0,0,0,0,96
266057,88,adaptive-prasle,1922,1,0,0,96,0,1344,0,1,88,264135,1922,0,97,0,0,0,LEADER,1,0,0,0,0,96
265584,34,adaptive-prasle,1449,1,0,0,96,0,1344,0,1,34,264135,1449,0,97,0,0,0,LEADER,1,0,0,0,0,96
265194,97,adaptive-prasle,1977,1,0,0,96,0,1344,0,1,97,263217,1977,0,97,0,0,0,LEADER,1,0,0,0,0,96
265312,20,adaptive-prasle,2095,1,0,0,96,0,1344,0,1,20,263217,2095,0,97,0,0,0,LEADER,1,0,0,0,0,96
265392,40,adaptive-prasle,2177,1,0,0,96,0,1344,0,1,40,263215,2177,0,97,0,0,0,LEADER,1,0,0,0,0,96
265317,47,adaptive-prasle,2100,1,0,0,96,0,1344,0,1,47,263217,2100,0,97,0,0,0,LEADER,1,0,0,0,0,96
266227,95,adaptive-prasle,2092,1,0,0,96,0,1344,0,1,95,264135,2092,0,97,0,0,0,LEADER,1,0,0,0,0,96
265610,25,adaptive-prasle,2395,1,0,0,96,0,1344,0,1,25,263215,2395,0,97,0,0,0,LEADER,1,0,0,0,0,96
266215,84,adaptive-prasle,2080,1,0,0,96,0,1344,0,1,84,264135,2080,0,97,0,0,0,LEADER,1,0,0,0,0,96
265492,70,adaptive-prasle,2277,1,0,0,96,0,1344,0,1,70,263215,2277,0,97,0,0,0,LEADER,1,0,0,0,0,96
265410,82,adaptive-prasle,2195,1,0,0,96,0,1344,0,1,82,263215,2195,0,97,0,0,0,LEADER,1,0,0,0,0,96
265628,67,adaptive-prasle,2413,1,0,0,96,0,1344,0,1,67,263215,2413,0,97,0,0,0,LEADER,1,0,0,0,0,96
265580,89,adaptive-prasle,2365,1,0,0,96,0,1344,0,1,89,263215,2365,0,97,0,0,0,LEADER,1,0,0,0,0,96
266248,28,adaptive-prasle,2113,1,0,0,96,0,1344,0,1,28,264135,2113,0,97,0,0,0,LEADER,1,0,0,0,0,96
265992,68,adaptive-prasle,1855,1,0,0,96,0,1344,0,1,68,264137,1855,0,97,0,0,0,LEADER,1,0,0,0,0,96
265943,90,adaptive-prasle,1807,1,0,0,96,0,1344,0,1,90,264136,1807,0,97,0,0,0,LEADER,1,0,0,0,0,96
265603,76,adaptive-prasle,1468,1,0,0,96,0,1344,0,1,76,264135,1468,0,97,0,0,0,LEADER,1,0,0,0,0,96
265924,10,adaptive-prasle,1789,1,0,0,96,0,1344,0,1,10,264135,1789,0,97,0,0,0,LEADER,1,0,0,0,0,96
266356,58,adaptive-prasle,2221,1,0,0,96,0,1344,0,1,58,264135,2221,0,97,0,0,0,LEADER,1,0,0,0,0,96
265739,73,adaptive-prasle,1604,1,0,0,96,0,1344,0,1,73,264135,1604,0,97,0,0,0,LEADER,1,0,0,0,0,96
265480,59,adaptive-prasle,2265,1,0,0,96,0,1344,0,1,59,263215,2265,0,97,0,0,0,LEADER,1,0,0,0,0,96
265754,41,adaptive-prasle,1619,1,0,0,96,0,1344,0,1,41,264135,1619,0,97,0,0,0,LEADER,1,0,0,0,0,96
265669,96,adaptive-prasle,1534,1,0,0,96,0,1344,0,1,96,264135,1534,0,97,0,0,0,LEADER,1,0,0,0,0,96
265968,74,adaptive-prasle,1837,1,0,0,96,0,1344,0,1,74,264131,1837,0,97,0,0,0,LEADER,1,0,0,0,0,96
265902,49,adaptive-prasle,1767,1,0,0,96,0,1344,0,1,49,264135,1767,0,97,0,0,0,LEADER,1,0,0,0,0,96
266363,92,adaptive-prasle,2228,1,0,0,96,0,1344,0,1,92,264135,2228,0,97,0,0,0,LEADER,1,0,0,0,0,96
265571,66,adaptive-prasle,1434,1,0,0,96,0,1344,0,1,66,264137,1434,0,97,0,0,0,LEADER,1,0,0,0,0,96
266404,12,adaptive-prasle,1578,1,0,0,10,9,140,126,3,12,264826,1578,0,8,0,0,0,LEADER,1,0,0,0,0,10
265595,57,adaptive-prasle,2380,1,0,0,96,0,1344,0,1,57,263215,2380,0,97,0,0,0,LEADER,1,0,0,0,0,96
266395,78,adaptive-prasle,2260,1,0,0,96,0,1344,0,1,78,264135,2260,0,97,0,0,0,LEADER,1,0,0,0,0,96
265561,39,adaptive-prasle,2346,1,0,0,96,0,1344,0,1,39,263215,2346,0,97,0,0,0,LEADER,1,0,0,0,0,96
266278,30,adaptive-prasle,2143,1,0,0,96,0,1344,0,1,30,264135,2143,0,97,0,0,0,LEADER,1,0,0,0,0,96
265684,64,adaptive-prasle,1549,1,0,0,96,0,1344,0,1,64,264135,1549,0,97,0,0,0,LEADER,1,0,0,0,0,96
265909,80,adaptive-prasle,1774,1,0,0,96,0,1344,0,1,80,264135,1774,0,97,0,0,0,LEADER,1,0,0,0,0,96
265643,54,adaptive-prasle,1516,1,0,0,96,0,1344,0,1,54,264127,1516,0,97,0,0,0,LEADER,1,0,0,0,0,96
266175,43,adaptive-prasle,2040,1,0,0,96,0,1344,0,1,43,264135,2040,0,97,0,0,0,LEADER,1,0,0,0,0,96
266095,26,adaptive-prasle,1960,1,0,0,96,0,1344,0,1,26,264135,1960,0,97,0,0,0,LEADER,1,0,0,0,0,96
265723,42,adaptive-prasle,1591,1,0,0,96,0,1344,0,1,42,264132,1591,0,97,0,0,0,LEADER,1,0,0,0,0,96
265733,31,adaptive-prasle,1598,1,0,0,96,0,1344,0,1,31,264135,1598,0,97,0,0,0,LEADER,1,0,0,0,0,96
266490,94,adaptive-prasle,2355,1,0,0,96,0,1344,0,1,94,264135,2355,0,97,0,0,0,LEADER,1,0,0,0,0,96
266060,45,adaptive-prasle,1925,1,0,0,96,0,1344,0,1,45,264135,1925,0,97,0,0,0,LEADER,1,0,0,0,0,96
266433,60,adaptive-prasle,2298,1,0,0,96,0,1344,0,1,60,264135,2298,0,97,0,0,0,LEADER,1,0,0,0,0,96
266539,44,adaptive-prasle,1483,1,0,0,97,0,1358,0,1,44,265056,1483,0,98,0,0,0,LEADER,1,0,0,0,0,97
265787,51,adaptive-prasle,1652,1,0,0,96,0,1344,0,1,51,264135,1652,0,97,0,0,0,LEADER,1,0,0,0,0,96
266144,33,adaptive-prasle,2007,1,0,0,96,0,1344,0,1,33,264137,2007,0,97,0,0,0,LEADER,1,0,0,0,0,96
266587,22,adaptive-prasle,1531,1,0,0,97,0,1358,0,1,22,265056,1531,0,98,0,0,0,LEADER,1,0,0,0,0,97
266299,72,adaptive-prasle,2162,1,0,0,96,0,1344,0,1,72,264137,2162,0,97,0,0,0,LEADER,1,0,0,0,0,96
266087,24,adaptive-prasle,1952,1,0,0,96,0,1344,0,1,24,264135,1952,0,97,0,0,0,LEADER,1,0,0,0,0,96
266618,32,adaptive-prasle,1564,1,0,0,97,0,1358,0,1,32,265054,1564,0,98,0,0,0,LEADER,1,0,0,0,0,97
265806,93,adaptive-prasle,1671,1,0,0,96,0,1344,0,1,93,264135,1671,0,97,0,0,0,LEADER,1,0,0,0,0,96
266465,79,adaptive-prasle,2331,1,0,0,96,0,1344,0,1,79,264134,2331,0,97,0,0,0,LEADER,1,0,0,0,0,96
266480,69,adaptive-prasle,2343,1,0,0,96,0,1344,0,1,69,264137,2343,0,97,0,0,0,LEADER,1,0,0,0,0,96
266160,75,adaptive-prasle,2025,1,0,0,96,0,1344,0,1,75,264135,2025,0,97,0,0,0,LEADER,1,0,0,0,0,96
265887,81,adaptive-prasle,1752,1,0,0,96,0,1344,0,1,81,264135,1752,0,97,0,0,0,LEADER,1,0,0,0,0,96
265745,52,adaptive-prasle,1610,1,0,0,96,0,1344,0,1,52,264135,1610,0,97,0,0,0,LEADER,1,0,0,0,0,96
266224,21,adaptive-prasle,2088,1,0,0,96,0,1344,0,1,21,264136,2088,0,97,0,0,0,LEADER,1,0,0,0,0,96
266400,29,adaptive-prasle,2265,1,0,0,96,0,1344,0,1,29,264135,2265,0,97,0,0,0,LEADER,1,0,0,0,0,96
265976,100,adaptive-prasle,1841,1,0,0,96,0,1344,0,1,100,264135,1841,0,97,0,0,0,LEADER,1,0,0,0,0,96
265821,61,adaptive-prasle,1686,1,0,0,96,0,1344,0,1,61,264135,1686,0,97,0,0,0,LEADER,1,0,0,0,0,96
266385,91,adaptive-prasle,2250,1,0,0,96,0,1344,0,1,91,264135,2250,0,97,0,0,0,LEADER,1,0,0,0,0,96
266345,37,adaptive-prasle,2210,1,0,0,96,0,1344,0,1,37,264135,2210,0,97,0,0,0,LEADER,1,0,0,0,0,96
265888,38,adaptive-prasle,1755,1,0,0,96,0,1344,0,1,38,264133,1755,0,97,0,0,0,LEADER,1,0,0,0,0,96
266554,98,adaptive-prasle,2419,1,0,0,96,0,1344,0,1,98,264135,2419,0,97,0,0,0,LEADER,1,0,0,0,0,96
266411,27,adaptive-prasle,2280,1,0,0,96,0,1344,0,1,27,264131,2280,0,97,0,0,0,LEADER,1,0,0,0,0,96
266263,62,adaptive-prasle,2128,1,0,0,96,0,1344,0,1,62,264135,2128,0,97,0,0,0,LEADER,1,0,0,0,0,96
266072,56,adaptive-prasle,1937,1,0,0,96,0,1344,0,1,56,264135,1937,0,97,0,0,0,LEADER,1,0,0,0,0,96
266458,99,adaptive-prasle,2328,1,0,0,96,0,1344,0,1,99,264130,2328,0,97,0,0,0,LEADER,1,0,0,0,0,96
266338,48,adaptive-prasle,2202,1,0,0,96,0,1344,0,1,48,264136,2202,0,97,0,0,0,LEADER,1,0,0,0,0,96
265854,71,adaptive-prasle,1719,1,0,0,96,0,1344,0,1,71,264135,1719,0,97,0,0,0,LEADER,1,0,0,0,0,96
266079,87,adaptive-prasle,1944,1,0,0,96,0,1344,0,1,87,264135,1944,0,97,0,0,0,LEADER,1,0,0,0,0,96
266005,36,adaptive-prasle,1870,1,0,0,96,0,1344,0,1,36,264135,1870,0,97,0,0,0,LEADER,1,0,0,0,0,96
266502,77,adaptive-prasle,1446,1,0,0,97,0,1358,0,1,77,265056,1446,0,98,0,0,0,LEADER,1,0,0,0,0,97
266695,83,adaptive-prasle,1637,1,0,0,97,0,1358,0,1,83,265058,1637,0,98,0,0,0,LEADER,1,0,0,0,0,97
266194,85,adaptive-prasle,2059,1,0,0,96,0,1344,0,1,85,264135,2059,0,97,0,0,0,LEADER,1,0,0,0,0,96
266723,19,adaptive-prasle,1667,1,0,0,97,0,1358,0,1,19,265056,1667,0,98,0,0,0,LEADER,1,0,0,0,0,97
266878,65,adaptive-prasle,1822,1,0,0,97,0,1358,0,1,65,265056,1822,0,98,0,0,0,LEADER,1,0,0,0,0,97
266484,35,adaptive-prasle,1428,1,0,0,97,0,1358,0,1,35,265056,1428,0,98,0,0,0,LEADER,1,0,0,0,0,97
266499,86,adaptive-prasle,1443,1,0,0,97,0,1358,0,1,86,265056,1443,0,98,0,0,0,LEADER,1,0,0,0,0,97
266541,50,adaptive-prasle,2406,1,0,0,96,0,1344,0,1,50,264135,2406,0,97,0,0,0,LEADER,1,0,0,0,0,96
266557,55,adaptive-prasle,1501,1,0,0,97,0,1358,0,1,55,265056,1501,0,98,0,0,0,LEADER,1,0,0,0,0,97
266596,63,adaptive-prasle,1540,1,0,0,97,0,1358,0,1,63,265056,1540,0,98,0,0,0,LEADER,1,0,0,0,0,97
266960,46,adaptive-prasle,1904,1,0,0,97,0,1358,0,1,46,265056,1904,0,98,0,0,0,LEADER,1,0,0,0,0,97
266755,53,adaptive-prasle,1701,1,0,0,97,0,1358,0,1,53,265054,1701,0,98,0,0,0,LEADER,1,0,0,0,0,97
266109,23,adaptive-prasle,1974,1,0,0,96,0,1344,0,1,23,264135,1974,0,97,0,0,0,LEADER,1,0,0,0,0,96
266978,88,adaptive-prasle,1922,1,0,0,97,0,1358,0,1,88,265056,1922,0,98,0,0,0,LEADER,1,0,0,0,0,97
266505,34,adaptive-prasle,1449,1,0,0,97,0,1358,0,1,34,265056,1449,0,98,0,0,0,LEADER,1,0,0,0,0,97
266114,97,adaptive-prasle,1977,1,0,0,96,0,1344,0,1,97,264137,1977,0,97,0,0,0,LEADER,1,0,0,0,0,96
266232,20,adaptive-prasle,2095,1,0,0,96,0,1344,0,1,20,264137,2095,0,97,0,0,0,LEADER,1,0,0,0,0,96
266312,40,adaptive-prasle,2177,1,0,0,96,0,1344,0,1,40,264135,2177,0,97,0,0,0,LEADER,1,0,0,0,0,96
266237,47,adaptive-prasle,2100,1,0,0,96,0,1344,0,1,47,264137,2100,0,97,0,0,0,LEADER,1,0,0,0,0,96
267148,95,adaptive-prasle,2092,1,0,0,97,0,1358,0,1,95,265056,2092,0,98,0,0,0,LEADER,1,0,0,0,0,97
266530,25,adaptive-prasle,2395,1,0,0,96,0,1344,0,1,25,264135,2395,0,97,0,0,0,LEADER,1,0,0,0,0,96
267136,84,adaptive-prasle,2080,1,0,0,97,0,1358,0,1,84,265056,2080,0,98,0,0,0,LEADER,1,0,0,0,0,97
266412,70,adaptive-prasle,2277,1,0,0,96,0,1344,0,1,70,264135,2277,0,97,0,0,0,LEADER,1,0,0,0,0,96
266330,82,adaptive-prasle,2195,1,0,0,96,0,1344,0,1,82,264135,2195,0,97,0,0,0,LEADER,1,0,0,0,0,96
266548,67,adaptive-prasle,2413,1,0,0,96,0,1344,0,1,67,264135,2413,0,97,0,0,0,LEADER,1,0,0,0,0,96
266500,89,adaptive-prasle,2365,1,0,0,96,0,1344,0,1,89,264135,2365,0,97,0,0,0,LEADER,1,0,0,0,0,96
267169,28,adaptive-prasle,2113,1,0,0,97,0,1358,0,1,28,265056,2113,0,98,0,0,0,LEADER,1,0,0,0,0,97
266913,68,adaptive-prasle,1855,1,0,0,97,0,1358,0,1,68,265058,1855,0,98,0,0,0,LEADER,1,0,0,0,0,97
266864,90,adaptive-prasle,1807,1,0,0,97,0,1358,0,1,90,265057,1807,0,98,0,0,0,LEADER,1,0,0,0,0,97
266524,76,adaptive-prasle,1468,1,0,0,97,0,1358,0,1,76,265056,1468,0,98,0,0,0,LEADER,1,0,0,0,0,97
266845,10,adaptive-prasle,1789,1,0,0,97,0,1358,0,1,10,265056,1789,0,98,0,0,0,LEADER,1,0,0,0,0,97
267277,58,adaptive-prasle,2221,1,0,0,97,0,1358,0,1,58,265056,2221,0,98,0,0,0,LEADER,1,0,0,0,0,97
266660,73,adaptive-prasle,1604,1,0,0,97,0,1358,0,1,73,265056,1604,0,98,0,0,0,LEADER,1,0,0,0,0,97
266400,59,adaptive-prasle,2265,1,0,0,96,0,1344,0,1,59,264135,2265,0,97,0,0,0,LEADER,1,0,0,0,0,96
266675,41,adaptive-prasle,1619,1,0,0,97,0,1358,0,1,41,265056,1619,0,98,0,0,0,LEADER,1,0,0,0,0,97
266590,96,adaptive-prasle,1534,1,0,0,97,0,1358,0,1,96,265056,1534,0,98,0,0,0,LEADER,1,0,0,0,0,97
266889,74,adaptive-prasle,1837,1,0,0,97,0,1358,0,1,74,265052,1837,0,98,0,0,0,LEADER,1,0,0,0,0,97
266823,49,adaptive-prasle,1767,1,0,0,97,0,1358,0,1,49,265056,1767,0,98,0,0,0,LEADER,1,0,0,0,0,97
267284,92,adaptive-prasle,2228,1,0,0,97,0,1358,0,1,92,265056,2228,0,98,0,0,0,LEADER,1,0,0,0,0,97
266492,66,adaptive-prasle,1434,1,0,0,97,0,1358,0,1,66,265058,1434,0,98,0,0,0,LEADER,1,0,0,0,0,97
266515,57,adaptive-prasle,2380,1,0,0,96,0,1344,0,1,57,264135,2380,0,97,0,0,0,LEADER,1,0,0,0,0,96
267316,78,adaptive-prasle,2260,1,0,0,97,0,1358,0,1,78,265056,2260,0,98,0,0,0,LEADER,1,0,0,0,0,97
266481,39,adaptive-prasle,2346,1,0,0,96,0,1344,0,1,39,264135,2346,0,97,0,0,0,LEADER,1,0,0,0,0,96
267199,30,adaptive-prasle,2143,1,0,0,97,0,1358,0,1,30,265056,2143,0,98,0,0,0,LEADER,1,0,0,0,0,97
266605,64,adaptive-prasle,1549,1,0,0,97,0,1358,0,1,64,265056,1549,0,98,0,0,0,LEADER,1,0,0,0,0,97
266830,80,adaptive-prasle,1774,1,0,0,97,0,1358,0,1,80,265056,1774,0,98,0,0,0,LEADER,1,0,0,0,0,97
266564,54,adaptive-prasle,1516,1,0,0,97,0,1358,0,1,54,265048,1516,0,98,0,0,0,LEADER,1,0,0,0,0,97
267096,43,adaptive-prasle,2040,1,0,0,97,0,1358,0,1,43,265056,2040,0,98,0,0,0,LEADER,1,0,0,0,0,97
267016,26,adaptive-prasle,1960,1,0,0,97,0,1358,0,1,26,265056,1960,0,98,0,0,0,LEADER,1,0,0,0,0,97
266644,42,adaptive-prasle,1591,1,0,0,97,0,1358,0,1,42,265053,1591,0,98,0,0,0,LEADER,1,0,0,0,0,97
266654,31,adaptive-prasle,1598,1,0,0,97,0,1358,0,1,31,265056,1598,0,98,0,0,0,LEADER,1,0,0,0,0,97
267411,94,adaptive-prasle,2355,1,0,0,97,0,1358,0,1,94,265056,2355,0,98,0,0,0,LEADER,1,0,0,0,0,97
266981,45,adaptive-prasle,1925,1,0,0,97,0,1358,0,1,45,265056,1925,0,98,0,0,0,LEADER,1,0,0,0,0,97
267354,60,adaptive-prasle,2298,1,0,0,97,0,1358,0,1,60,265056,2298,0,98,0,0,0,LEADER,1,0,0,0,0,97
267459,44,adaptive-prasle,1483,1,0,0,97,0,1358,0,1,44,265976,1483,0,98,0,0,0,LEADER,1,0,0,0,0,97
266708,51,adaptive-prasle,1652,1,0,0,97,0,1358,0,1,51,265056,1652,0,98,0,0,0,LEADER,1,0,0,0,0,97
267507,22,adaptive-prasle,1531,1,0,0,97,0,1358,0,1,22,265976,1531,0,98,0,0,0,LEADER,1,0,0,0,0,97
267065,33,adaptive-prasle,2007,1,0,0,97,0,1358,0,1,33,265058,2007,0,98,0,0,0,LEADER,1,0,0,0,0,97
267220,72,adaptive-prasle,2162,1,0,0,97,0,1358,0,1,72,265058,2162,0,98,0,0,0,LEADER,1,0,0,0,0,97
267008,24,adaptive-prasle,1952,1,0,0,97,0,1358,0,1,24,265056,1952,0,98,0,0,0,LEADER,1,0,0,0,0,97
267538,32,adaptive-prasle,1564,1,0,0,97,0,1358,0,1,32,265974,1564,0,98,0,0,0,LEADER,1,0,0,0,0,97
266727,93,adaptive-prasle,1671,1,0,0,97,0,1358,0,1,93,265056,1671,0,98,0,0,0,LEADER,1,0,0,0,0,97
267401,69,adaptive-prasle,2343,1,0,0,97,0,1358,0,1,69,265058,2343,0,98,0,0,0,LEADER,1,0,0,0,0,97
267386,79,adaptive-prasle,2331,1,0,0,97,0,1358,0,1,79,265055,2331,0,98,0,0,0,LEADER,1,0,0,0,0,97
267081,75,adaptive-prasle,2025,1,0,0,97,0,1358,0,1,75,265056,2025,0,98,0,0,0,LEADER,1,0,0,0,0,97
266808,81,adaptive-prasle,1752,1,0,0,97,0,1358,0,1,81,265056,1752,0,98,0,0,0,LEADER,1,0,0,0,0,97
266666,52,adaptive-prasle,1610,1,0,0,97,0,1358,0,1,52,265056,1610,0,98,0,0,0,LEADER,1,0,0,0,0,97
267145,21,adaptive-prasle,2088,1,0,0,97,0,1358,0,1,21,265057,2088,0,98,0,0,0,LEADER,1,0,0,0,0,97
267321,29,adaptive-prasle,2265,1,0,0,97,0,1358,0,1,29,265056,2265,0,98,0,0,0,LEADER,1,0,0,0,0,97
266897,100,adaptive-prasle,1841,1,0,0,97,0,1358,0,1,100,265056,1841,0,98,0,0,0,LEADER,1,0,0,0,0,97
266742,61,adaptive-prasle,1686,1,0,0,97,0,1358,0,1,61,265056,1686,0,98,0,0,0,LEADER,1,0,0,0,0,97
267306,91,adaptive-prasle,2250,1,0,0,97,0,1358,0,1,91,265056,2250,0,98,0,0,0,LEADER,1,0,0,0,0,97
267266,37,adaptive-prasle,2210,1,0,0,97,0,1358,0,1,37,265056,2210,0,98,0,0,0,LEADER,1,0,0,0,0,97
266809,38,adaptive-prasle,1755,1,0,0,97,0,1358,0,1,38,265054,1755,0,98,0,0,0,LEADER,1,0,0,0,0,97
267475,98,adaptive-prasle,2419,1,0,0,97,0,1358,0,1,98,265056,2419,0,98,0,0,0,LEADER,1,0,0,0,0,97
267332,27,adaptive-prasle,2280,1,0,0,97,0,1358,0,1,27,265052,2280,0,98,0,0,0,LEADER,1,0,0,0,0,97
267184,62,adaptive-prasle,2128,1,0,0,97,0,1358,0,1,62,265056,2128,0,98,0,0,0,LEADER,1,0,0,0,0,97
266993,56,adaptive-prasle,1937,1,0,0,97,0,1358,0,1,56,265056,1937,0,98,0,0,0,LEADER,1,0,0,0,0,97
267379,99,adaptive-prasle,2328,1,0,0,97,0,1358,0,1,99,265051,2328,0,98,0,0,0,LEADER,1,0,0,0,0,97
267259,48,adaptive-prasle,2202,1,0,0,97,0,1358,0,1,48,265057,2202,0,98,0,0,0,LEADER,1,0,0,0,0,97
266775,71,adaptive-prasle,1719,1,0,0,97,0,1358,0,1,71,265056,1719,0,98,0,0,0,LEADER,1,0,0,0,0,97
267000,87,adaptive-prasle,1944,1,0,0,97,0,1358,0,1,87,265056,1944,0,98,0,0,0,LEADER,1,0,0,0,0,97
266926,36,adaptive-prasle,1870,1,0,0,97,0,1358,0,1,36,265056,1870,0,98,0,0,0,LEADER,1,0,0,0,0,97
267422,77,adaptive-prasle,1446,1,0,0,97,0,1358,0,1,77,265976,1446,0,98,0,0,0,LEADER,1,0,0,0,0,97
267615,83,adaptive-prasle,1637,1,0,0,97,0,1358,0,1,83,265978,1637,0,98,0,0,0,LEADER,1,0,0,0,0,97
267115,85,adaptive-prasle,2059,1,0,0,97,0,1358,0,1,85,265056,2059,0,98,0,0,0,LEADER,1,0,0,0,0,97
267643,19,adaptive-prasle,1667,1,0,0,97,0,1358,0,1,19,265976,1667,0,98,0,0,0,LEADER,1,0,0,0,0,97
267798,65,adaptive-prasle,1822,1,0,0,97,0,1358,0,1,65,265976,1822,0,98,0,0,0,LEADER,1,0,0,0,0,97
267404,35,adaptive-prasle,1428,1,0,0,97,0,1358,0,1,35,265976,1428,0,98,0,0,0,LEADER,1,0,0,0,0,97
267419,86,adaptive-prasle,1443,1,0,0,97,0,1358,0,1,86,265976,1443,0,98,0,0,0,LEADER,1,0,0,0,0,97
267462,50,adaptive-prasle,2406,1,0,0,97,0,1358,0,1,50,265056,2406,0,98,0,0,0,LEADER,1,0,0,0,0,97
267477,55,adaptive-prasle,1501,1,0,0,97,0,1358,0,1,55,265976,1501,0,98,0,0,0,LEADER,1,0,0,0,0,97
267516,63,adaptive-prasle,1540,1,0,0,97,0,1358,0,1,63,265976,1540,0,98,0,0,0,LEADER,1,0,0,0,0,97
267880,46,adaptive-prasle,1904,1,0,0,97,0,1358,0,1,46,265976,1904,0,98,0,0,0,LEADER,1,0,0,0,0,97
267527,17,adaptive-prasle,1782,1,0,0,21,21,294,294,3,17,265745,1782,0,8,0,0,0,LEADER,1,0,0,0,0,21
267675,53,adaptive-prasle,1701,1,0,0,97,0,1358,0,1,53,265974,1701,0,98,0,0,0,LEADER,1,0,0,0,0,97
267882,18,adaptive-prasle,2226,1,0,0,26,24,364,336,4,2,265656,2226,0,8,0,0,0,NORMAL,0,0,0,0,0,26
267030,23,adaptive-prasle,1974,1,0,0,97,0,1358,0,1,23,265056,1974,0,98,0,0,0,LEADER,1,0,0,0,0,97
267898,88,adaptive-prasle,1922,1,0,0,97,0,1358,0,1,88,265976,1922,0,98,0,0,0,LEADER,1,0,0,0,0,97
267425,34,adaptive-prasle,1449,1,0,0,97,0,1358,0,1,34,265976,1449,0,98,0,0,0,LEADER,1,0,0,0,0,97
267035,97,adaptive-prasle,1977,1,0,0,97,0,1358,0,1,97,265058,1977,0,98,0,0,0,LEADER,1,0,0,0,0,97
267153,20,adaptive-prasle,2095,1,0,0,97,0,1358,0,1,20,265058,2095,0,98,0,0,0,LEADER,1,0,0,0,0,97
267233,40,adaptive-prasle,2177,1,0,0,97,0,1358,0,1,40,265056,2177,0,98,0,0,0,LEADER,1,0,0,0,0,97
267158,47,adaptive-prasle,2100,1,0,0,97,0,1358,0,1,47,265058,2100,0,98,0,0,0,LEADER,1,0,0,0,0,97
268068,95,adaptive-prasle,2092,1,0,0,97,0,1358,0,1,95,265976,2092,0,98,0,0,0,LEADER,1,0,0,0,0,97
267451,25,adaptive-prasle,2395,1,0,0,97,0,1358,0,1,25,265056,2395,0,98,0,0,0,LEADER,1,0,0,0,0,97
268056,84,adaptive-prasle,2080,1,0,0,97,0,1358,0,1,84,265976,2080,0,98,0,0,0,LEADER,1,0,0,0,0,97
267333,70,adaptive-prasle,2277,1,0,0,97,0,1358,0,1,70,265056,2277,0,98,0,0,0,LEADER,1,0,0,0,0,97
267251,82,adaptive-prasle,2195,1,0,0,97,0,1358,0,1,82,265056,2195,0,98,0,0,0,LEADER,1,0,0,0,0,97
267469,67,adaptive-prasle,2413,1,0,0,97,0,1358,0,1,67,265056,2413,0,98,0,0,0,LEADER,1,0,0,0,0,97
267421,89,adaptive-prasle,2365,1,0,0,97,0,1358,0,1,89,265056,2365,0,98,0,0,0,LEADER,1,0,0,0,0,97
268089,28,adaptive-prasle,2113,1,0,0,97,0,1358,0,1,28,265976,2113,0,98,0,0,0,LEADER,1,0,0,0,0,97
267833,68,adaptive-prasle,1855,1,0,0,97,0,1358,0,1,68,265978,1855,0,98,0,0,0,LEADER,1,0,0,0,0,97
267784,90,adaptive-prasle,1807,1,0,0,97,0,1358,0,1,90,265977,1807,0,98,0,0,0,LEADER,1,0,0,0,0,97
267444,76,adaptive-prasle,1468,1,0,0,97,0,1358,0,1,76,265976,1468,0,98,0,0,0,LEADER,1,0,0,0,0,97
267765,10,adaptive-prasle,1789,1,0,0,97,0,1358,0,1,10,265976,1789,0,98,0,0,0,LEADER,1,0,0,0,0,97
268197,58,adaptive-prasle,2221,1,0,0,97,0,1358,0,1,58,265976,2221,0,98,0,0,0,LEADER,1,0,0,0,0,97
267905,5,adaptive-prasle,2338,1,0,0,14,31,196,434,7,5,265567,2338,0,10,0,0,0,LEADER,1,0,0,0,0,14
267580,73,adaptive-prasle,1604,1,0,0,97,0,1358,0,1,73,265976,1604,0,98,0,0,0,LEADER,1,0,0,0,0,97
267321,59,adaptive-prasle,2265,1,0,0,97,0,1358,0,1,59,265056,2265,0,98,0,0,0,LEADER,1,0,0,0,0,97
267595,41,adaptive-prasle,1619,1,0,0,97,0,1358,0,1,41,265976,1619,0,98,0,0,0,LEADER,1,0,0,0,0,97
267510,96,adaptive-prasle,1534,1,0,0,97,0,1358,0,1,96,265976,1534,0,98,0,0,0,LEADER,1,0,0,0,0,97
267809,74,adaptive-prasle,1837,1,0,0,97,0,1358,0,1,74,265972,1837,0,98,0,0,0,LEADER,1,0,0,0,0,97
267743,49,adaptive-prasle,1767,1,0,0,97,0,1358,0,1,49,265976,1767,0,98,0,0,0,LEADER,1,0,0,0,0,97
268204,92,adaptive-prasle,2228,1,0,0,97,0,1358,0,1,92,265976,2228,0,98,0,0,0,LEADER,1,0,0,0,0,97
267412,66,adaptive-prasle,1434,1,0,0,97,0,1358,0,1,66,265978,1434,0,98,0,0,0,LEADER,1,0,0,0,0,97
267436,57,adaptive-prasle,2380,1,0,0,97,0,1358,0,1,57,265056,2380,0,98,0,0,0,LEADER,1,0,0,0,0,97
268236,78,adaptive-prasle,2260,1,0,0,97,0,1358,0,1,78,265976,2260,0,98,0,0,0,LEADER,1,0,0,0,0,97
267402,39,adaptive-prasle,2346,1,0,0,97,0,1358,0,1,39,265056,2346,0,98,0,0,0,LEADER,1,0,0,0,0,97
268119,30,adaptive-prasle,2143,1,0,0,97,0,1358,0,1,30,265976,2143,0,98,0,0,0,LEADER,1,0,0,0,0,97
267525,64,adaptive-prasle,1549,1,0,0,97,0,1358,0,1,64,265976,1549,0,98,0,0,0,LEADER,1,0,0,0,0,97
267750,80,adaptive-prasle,1774,1,0,0,97,0,1358,0,1,80,265976,1774,0,98,0,0,0,LEADER,1,0,0,0,0,97
267484,54,adaptive-prasle,1516,1,0,0,97,0,1358,0,1,54,265968,1516,0,98,0,0,0,LEADER,1,0,0,0,0,97
268016,43,adaptive-prasle,2040,1,0,0,97,0,1358,0,1,43,265976,2040,0,98,0,0,0,LEADER,1,0,0,0,0,97
267936,26,adaptive-prasle,1960,1,0,0,97,0,1358,0,1,26,265976,1960,0,98,0,0,0,LEADER,1,0,0,0,0,97
267564,42,adaptive-prasle,1591,1,0,0,97,0,1358,0,1,42,265973,1591,0,98,0,0,0,LEADER,1,0,0,0,0,97
267574,31,adaptive-prasle,1598,1,0,0,97,0,1358,0,1,31,265976,1598,0,98,0,0,0,LEADER,1,0,0,0,0,97
268331,94,adaptive-prasle,2355,1,0,0,97,0,1358,0,1,94,265976,2355,0,98,0,0,0,LEADER,1,0,0,0,0,97
267901,45,adaptive-prasle,1925,1,0,0,97,0,1358,0,1,45,265976,1925,0,98,0,0,0,LEADER,1,0,0,0,0,97
268274,60,adaptive-prasle,2298,1,0,0,97,0,1358,0,1,60,265976,2298,0,98,0,0,0,LEADER,1,0,0,0,0,97
268379,44,adaptive-prasle,1483,1,0,0,97,0,1358,0,1,44,266896,1483,0,98,0,0,0,LEADER,1,0,0,0,0,97
267628,51,adaptive-prasle,1652,1,0,0,97,0,1358,0,1,51,265976,1652,0,98,0,0,0,LEADER,1,0,0,0,0,97
268427,22,adaptive-prasle,1531,1,0,0,97,0,1358,0,1,22,266896,1531,0,98,0,0,0,LEADER,1,0,0,0,0,97
267985,33,adaptive-prasle,2007,1,0,0,97,0,1358,0,1,33,265978,2007,0,98,0,0,0,LEADER,1,0,0,0,0,97
268140,72,adaptive-prasle,2162,1,0,0,97,0,1358,0,1,72,265978,2162,0,98,0,0,0,LEADER,1,0,0,0,0,97
267928,24,adaptive-prasle,1952,1,0,0,97,0,1358,0,1,24,265976,1952,0,98,0,0,0,LEADER,1,0,0,0,0,97
268458,32,adaptive-prasle,1564,1,0,0,97,0,1358,0,1,32,266894,1564,0,98,0,0,0,LEADER,1,0,0,0,0,97
267647,93,adaptive-prasle,1671,1,0,0,97,0,1358,0,1,93,265976,1671,0,98,0,0,0,LEADER,1,0,0,0,0,97
268306,79,adaptive-prasle,2331,1,0,0,97,0,1358,0,1,79,265975,2331,0,98,0,0,0,LEADER,1,0,0,0,0,97
268321,69,adaptive-prasle,2343,1,0,0,97,0,1358,0,1,69,265978,2343,0,98,0,0,0,LEADER,1,0,0,0,0,97
268001,75,adaptive-prasle,2025,1,0,0,97,0,1358,0,1,75,265976,2025,0,98,0,0,0,LEADER,1,0,0,0,0,97
267728,81,adaptive-prasle,1752,1,0,0,97,0,1358,0,1,81,265976,1752,0,98,0,0,0,LEADER,1,0,0,0,0,97
267586,52,adaptive-prasle,1610,1,0,0,97,0,1358,0,1,52,265976,1610,0,98,0,0,0,LEADER,1,0,0,0,0,97
268065,21,adaptive-prasle,2088,1,0,0,97,0,1358,0,1,21,265977,2088,0,98,0,0,0,LEADER,1,0,0,0,0,97
268241,29,adaptive-prasle,2265,1,0,0,97,0,1358,0,1,29,265976,2265,0,98,0,0,0,LEADER,1,0,0,0,0,97
267817,100,adaptive-prasle,1841,1,0,0,97,0,1358,0,1,100,265976,1841,0,98,0,0,0,LEADER,1,0,0,0,0,97
267662,61,adaptive-prasle,1686,1,0,0,97,0,1358,0,1,61,265976,1686,0,98,0,0,0,LEADER,1,0,0,0,0,97
268226,91,adaptive-prasle,2250,1,0,0,97,0,1358,0,1,91,265976,2250,0,98,0,0,0,LEADER,1,0,0,0,0,97
268186,37,adaptive-prasle,2210,1,0,0,97,0,1358,0,1,37,265976,2210,0,98,0,0,0,LEADER,1,0,0,0,0,97
267729,38,adaptive-prasle,1755,1,0,0,97,0,1358,0,1,38,265974,1755,0,98,0,0,0,LEADER,1,0,0,0,0,97
268395,98,adaptive-prasle,2419,1,0,0,97,0,1358,0,1,98,265976,2419,0,98,0,0,0,LEADER,1,0,0,0,0,97
268252,27,adaptive-prasle,2280,1,0,0,97,0,1358,0,1,27,265972,2280,0,98,0,0,0,LEADER,1,0,0,0,0,97
267913,56,adaptive-prasle,1937,1,0,0,97,0,1358,0,1,56,265976,1937,0,98,0,0,0,LEADER,1,0,0,0,0,97
268104,62,adaptive-prasle,2128,1,0,0,97,0,1358,0,1,62,265976,2128,0,98,0,0,0,LEADER,1,0,0,0,0,97
268299,99,adaptive-prasle,2328,1,0,0,97,0,1358,0,1,99,265971,2328,0,98,0,0,0,LEADER,1,0,0,0,0,97
268179,48,adaptive-prasle,2202,1,0,0,97,0,1358,0,1,48,265977,2202,0,98,0,0,0,LEADER,1,0,0,0,0,97
267695,71,adaptive-prasle,1719,1,0,0,97,0,1358,0,1,71,265976,1719,0,98,0,0,0,LEADER,1,0,0,0,0,97
267920,87,adaptive-prasle,1944,1,0,0,97,0,1358,0,1,87,265976,1944,0,98,0,0,0,LEADER,1,0,0,0,0,97
267846,36,adaptive-prasle,1870,1,0,0,97,0,1358,0,1,36,265976,1870,0,98,0,0,0,LEADER,1,0,0,0,0,97
268342,77,adaptive-prasle,1446,1,0,0,97,0,1358,0,1,77,266896,1446,0,98,0,0,0,LEADER,1,0,0,0,0,97
268535,83,adaptive-prasle,1637,1,0,0,97,0,1358,0,1,83,266898,1637,0,98,0,0,0,LEADER,1,0,0,0,0,97
268035,85,adaptive-prasle,2059,1,0,0,97,0,1358,0,1,85,265976,2059,0,98,0,0,0,LEADER,1,0,0,0,0,97
268563,19,adaptive-prasle,1667,1,0,0,97,0,1358,0,1,19,266896,1667,0,98,0,0,0,LEADER,1,0,0,0,0,97
268718,65,adaptive-prasle,1822,1,0,0,97,0,1358,0,1,65,266896,1822,0,98,0,0,0,LEADER,1,0,0,0,0,97
268324,35,adaptive-prasle,1428,1,0,0,97,0,1358,0,1,35,266896,1428,0,98,0,0,0,LEADER,1,0,0,0,0,97
268339,86,adaptive-prasle,1443,1,0,0,97,0,1358,0,1,86,266896,1443,0,98,0,0,0,LEADER,1,0,0,0,0,97
268382,50,adaptive-prasle,2406,1,0,0,97,0,1358,0,1,50,265976,2406,0,98,0,0,0,LEADER,1,0,0,0,0,97
268397,55,adaptive-prasle,1501,1,0,0,97,0,1358,0,1,55,266896,1501,0,98,0,0,0,LEADER,1,0,0,0,0,97
268436,63,adaptive-prasle,1540,1,0,0,97,0,1358,0,1,63,266896,1540,0,98,0,0,0,LEADER,1,0,0,0,0,97
268800,46,adaptive-prasle,1904,1,0,0,97,0,1358,0,1,46,266896,1904,0,98,0,0,0,LEADER,1,0,0,0,0,97
268595,53,adaptive-prasle,1701,1,0,0,97,0,1358,0,1,53,266894,1701,0,98,0,0,0,LEADER,1,0,0,0,0,97
267950,23,adaptive-prasle,1974,1,0,0,97,0,1358,0,1,23,265976,1974,0,98,0,0,0,LEADER,1,0,0,0,0,97
268818,88,adaptive-prasle,1922,1,0,0,97,0,1358,0,1,88,266896,1922,0,98,0,0,0,LEADER,1,0,0,0,0,97
268345,34,adaptive-prasle,1449,1,0,0,97,0,1358,0,1,34,266896,1449,0,98,0,0,0,LEADER,1,0,0,0,0,97
267955,97,adaptive-prasle,1977,1,0,0,97,0,1358,0,1,97,265978,1977,0,98,0,0,0,LEADER,1,0,0,0,0,97
268073,20,adaptive-prasle,2095,1,0,0,97,0,1358,0,1,20,265978,2095,0,98,0,0,0,LEADER,1,0,0,0,0,97
268153,40,adaptive-prasle,2177,1,0,0,97,0,1358,0,1,40,265976,2177,0,98,0,0,0,LEADER,1,0,0,0,0,97
268078,47,adaptive-prasle,2100,1,0,0,97,0,1358,0,1,47,265978,2100,0,98,0,0,0,LEADER,1,0,0,0,0,97
268988,95,adaptive-prasle,2092,1,0,0,97,0,1358,0,1,95,266896,2092,0,98,0,0,0,LEADER,1,0,0,0,0,97
268371,25,adaptive-prasle,2395,1,0,0,97,0,1358,0,1,25,265976,2395,0,98,0,0,0,LEADER,1,0,0,0,0,97
268976,84,adaptive-prasle,2080,1,0,0,97,0,1358,0,1,84,266896,2080,0,98,0,0,0,LEADER,1,0,0,0,0,97
268253,70,adaptive-prasle,2277,1,0,0,97,0,1358,0,1,70,265976,2277,0,98,0,0,0,LEADER,1,0,0,0,0,97
268171,82,adaptive-prasle,2195,1,0,0,97,0,1358,0,1,82,265976,2195,0,98,0,0,0,LEADER,1,0,0,0,0,97
268389,67,adaptive-prasle,2413,1,0,0,97,0,1358,0,1,67,265976,2413,0,98,0,0,0,LEADER,1,0,0,0,0,97
268341,89,adaptive-prasle,2365,1,0,0,97,0,1358,0,1,89,265976,2365,0,98,0,0,0,LEADER,1,0,0,0,0,97
269009,28,adaptive-prasle,2113,1,0,0,97,0,1358,0,1,28,266896,2113,0,98,0,0,0,LEADER,1,0,0,0,0,97
268753,68,adaptive-prasle,1855,1,0,0,97,0,1358,0,1,68,266898,1855,0,98,0,0,0,LEADER,1,0,0,0,0,97
268704,90,adaptive-prasle,1807,1,0,0,97,0,1358,0,1,90,266897,1807,0,98,0,0,0,LEADER,1,0,0,0,0,97
268364,76,adaptive-prasle,1468,1,0,0,97,0,1358,0,1,76,266896,1468,0,98,0,0,0,LEADER,1,0,0,0,0,97
268685,10,adaptive-prasle,1789,1,0,0,97,0,1358,0,1,10,266896,1789,0,98,0,0,0,LEADER,1,0,0,0,0,97
269117,58,adaptive-prasle,2221,1,0,0,97,0,1358,0,1,58,266896,2221,0,98,0,0,0,LEADER,1,0,0,0,0,97
268500,73,adaptive-prasle,1604,1,0,0,97,0,1358,0,1,73,266896,1604,0,98,0,0,0,LEADER,1,0,0,0,0,97
268241,59,adaptive-prasle,2265,1,0,0,97,0,1358,0,1,59,265976,2265,0,98,0,0,0,LEADER,1,0,0,0,0,97
268515,41,adaptive-prasle,1619,1,0,0,97,0,1358,0,1,41,266896,1619,0,98,0,0,0,LEADER,1,0,0,0,0,97
268430,96,adaptive-prasle,1534,1,0,0,97,0,1358,0,1,96,266896,1534,0,98,0,0,0,LEADER,1,0,0,0,0,97
268729,74,adaptive-prasle,1837,1,0,0,97,0,1358,0,1,74,266892,1837,0,98,0,0,0,LEADER,1,0,0,0,0,97
268663,49,adaptive-prasle,1767,1,0,0,97,0,1358,0,1,49,266896,1767,0,98,0,0,0,LEADER,1,0,0,0,0,97
269124,92,adaptive-prasle,2228,1,0,0,97,0,1358,0,1,92,266896,2228,0,98,0,0,0,LEADER,1,0,0,0,0,97
268332,66,adaptive-prasle,1434,1,0,0,97,0,1358,0,1,66,266898,1434,0,98,0,0,0,LEADER,1,0,0,0,0,97
268356,57,adaptive-prasle,2380,1,0,0,97,0,1358,0,1,57,265976,2380,0,98,0,0,0,LEADER,1,0,0,0,0,97
269156,78,adaptive-prasle,2260,1,0,0,97,0,1358,0,1,78,266896,2260,0,98,0,0,0,LEADER,1,0,0,0,0,97
268322,39,adaptive-prasle,2346,1,0,0,97,0,1358,0,1,39,265976,2346,0,98,0,0,0,LEADER,1,0,0,0,0,97
269039,30,adaptive-prasle,2143,1,0,0,97,0,1358,0,1,30,266896,2143,0,98,0,0,0,LEADER,1,0,0,0,0,97
268445,64,adaptive-prasle,1549,1,0,0,97,0,1358,0,1,64,266896,1549,0,98,0,0,0,LEADER,1,0,0,0,0,97
268670,80,adaptive-prasle,1774,1,0,0,97,0,1358,0,1,80,266896,1774,0,98,0,0,0,LEADER,1,0,0,0,0,97
268404,54,adaptive-prasle,1516,1,0,0,97,0,1358,0,1,54,266888,1516,0,98,0,0,0,LEADER,1,0,0,0,0,97
268936,43,adaptive-prasle,2040,1,0,0,97,0,1358,0,1,43,266896,2040,0,98,0,0,0,LEADER,1,0,0,0,0,97
268856,26,adaptive-prasle,1960,1,0,0,97,0,1358,0,1,26,266896,1960,0,98,0,0,0,LEADER,1,0,0,0,0,97
268484,42,adaptive-prasle,1591,1,0,0,97,0,1358,0,1,42,266893,1591,0,98,0,0,0,LEADER,1,0,0,0,0,97
268494,31,adaptive-prasle,1598,1,0,0,97,0,1358,0,1,31,266896,1598,0,98,0,0,0,LEADER,1,0,0,0,0,97
269251,94,adaptive-prasle,2355,1,0,0,97,0,1358,0,1,94,266896,2355,0,98,0,0,0,LEADER,1,0,0,0,0,97
268821,45,adaptive-prasle,1925,1,0,0,97,0,1358,0,1,45,266896,1925,0,98,0,0,0,LEADER,1,0,0,0,0,97
269194,60,adaptive-prasle,2298,1,0,0,97,0,1358,0,1,60,266896,2298,0,98,0,0,0,LEADER,1,0,0,0,0,97
269300,44,adaptive-prasle,1483,1,0,0,98,0,1372,0,1,44,267817,1483,0,99,0,0,0,LEADER,1,0,0,0,0,98
268548,51,adaptive-prasle,1652,1,0,0,97,0,1358,0,1,51,266896,1652,0,98,0,0,0,LEADER,1,0,0,0,0,97
268905,33,adaptive-prasle,2007,1,0,0,97,0,1358,0,1,33,266898,2007,0,98,0,0,0,LEADER,1,0,0,0,0,97
269348,22,adaptive-prasle,1531,1,0,0,98,0,1372,0,1,22,267817,1531,0,99,0,0,0,LEADER,1,0,0,0,0,98
269060,72,adaptive-prasle,2162,1,0,0,97,0,1358,0,1,72,266898,2162,0,98,0,0,0,LEADER,1,0,0,0,0,97
268848,24,adaptive-prasle,1952,1,0,0,97,0,1358,0,1,24,266896,1952,0,98,0,0,0,LEADER,1,0,0,0,0,97
269379,32,adaptive-prasle,1564,1,0,0,98,0,1372,0,1,32,267815,1564,0,99,0,0,0,LEADER,1,0,0,0,0,98
268567,93,adaptive-prasle,1671,1,0,0,97,0,1358,0,1,93,266896,1671,0,98,0,0,0,LEADER,1,0,0,0,0,97
269226,79,adaptive-prasle,2331,1,0,0,97,0,1358,0,1,79,266895,2331,0,98,0,0,0,LEADER,1,0,0,0,0,97
269241,69,adaptive-prasle,2343,1,0,0,97,0,1358,0,1,69,266898,2343,0,98,0,0,0,LEADER,1,0,0,0,0,97
268921,75,adaptive-prasle,2025,1,0,0,97,0,1358,0,1,75,266896,2025,0,98,0,0,0,LEADER,1,0,0,0,0,97
268648,81,adaptive-prasle,1752,1,0,0,97,0,1358,0,1,81,266896,1752,0,98,0,0,0,LEADER,1,0,0,0,0,97
268506,52,adaptive-prasle,1610,1,0,0,97,0,1358,0,1,52,266896,1610,0,98,0,0,0,LEADER,1,0,0,0,0,97
268985,21,adaptive-prasle,2088,1,0,0,97,0,1358,0,1,21,266897,2088,0,98,0,0,0,LEADER,1,0,0,0,0,97
269161,29,adaptive-prasle,2265,1,0,0,97,0,1358,0,1,29,266896,2265,0,98,0,0,0,LEADER,1,0,0,0,0,97
268737,100,adaptive-prasle,1841,1,0,0,97,0,1358,0,1,100,266896,1841,0,98,0,0,0,LEADER,1,0,0,0,0,97
268582,61,adaptive-prasle,1686,1,0,0,97,0,1358,0,1,61,266896,1686,0,98,0,0,0,LEADER,1,0,0,0,0,97
269146,91,adaptive-prasle,2250,1,0,0,97,0,1358,0,1,91,266896,2250,0,98,0,0,0,LEADER,1,0,0,0,0,97
269106,37,adaptive-prasle,2210,1,0,0,97,0,1358,0,1,37,266896,2210,0,98,0,0,0,LEADER,1,0,0,0,0,97
268649,38,adaptive-prasle,1755,1,0,0,97,0,1358,0,1,38,266894,1755,0,98,0,0,0,LEADER,1,0,0,0,0,97
269315,98,adaptive-prasle,2419,1,0,0,97,0,1358,0,1,98,266896,2419,0,98,0,0,0,LEADER,1,0,0,0,0,97
269172,27,adaptive-prasle,2280,1,0,0,97,0,1358,0,1,27,266892,2280,0,98,0,0,0,LEADER,1,0,0,0,0,97
269024,62,adaptive-prasle,2128,1,0,0,97,0,1358,0,1,62,266896,2128,0,98,0,0,0,LEADER,1,0,0,0,0,97
268833,56,adaptive-prasle,1937,1,0,0,97,0,1358,0,1,56,266896,1937,0,98,0,0,0,LEADER,1,0,0,0,0,97
269219,99,adaptive-prasle,2328,1,0,0,97,0,1358,0,1,99,266891,2328,0,98,0,0,0,LEADER,1,0,0,0,0,97
269099,48,adaptive-prasle,2202,1,0,0,97,0,1358,0,1,48,266897,2202,0,98,0,0,0,LEADER,1,0,0,0,0,97
268615,71,adaptive-prasle,1719,1,0,0,97,0,1358,0,1,71,266896,1719,0,98,0,0,0,LEADER,1,0,0,0,0,97
268840,87,adaptive-prasle,1944,1,0,0,97,0,1358,0,1,87,266896,1944,0,98,0,0,0,LEADER,1,0,0,0,0,97
268766,36,adaptive-prasle,1870,1,0,0,97,0,1358,0,1,36,266896,1870,0,98,0,0,0,LEADER,1,0,0,0,0,97
269263,77,adaptive-prasle,1446,1,0,0,98,0,1372,0,1,77,267817,1446,0,99,0,0,0,LEADER,1,0,0,0,0,98
269456,83,adaptive-prasle,1637,1,0,0,98,0,1372,0,1,83,267819,1637,0,99,0,0,0,LEADER,1,0,0,0,0,98
268955,85,adaptive-prasle,2059,1,0,0,97,0,1358,0,1,85,266896,2059,0,98,0,0,0,LEADER,1,0,0,0,0,97
269484,19,adaptive-prasle,1667,1,0,0,98,0,1372,0,1,19,267817,1667,0,99,0,0,0,LEADER,1,0,0,0,0,98
269639,65,adaptive-prasle,1822,1,0,0,98,0,1372,0,1,65,267817,1822,0,99,0,0,0,LEADER,1,0,0,0,0,98
269245,35,adaptive-prasle,1428,1,0,0,98,0,1372,0,1,35,267817,1428,0,99,0,0,0,LEADER,1,0,0,0,0,98
269260,86,adaptive-prasle,1443,1,0,0,98,0,1372,0,1,86,267817,1443,0,99,0,0,0,LEADER,1,0,0,0,0,98
269302,50,adaptive-prasle,2406,1,0,0,97,0,1358,0,1,50,266896,2406,0,98,0,0,0,LEADER,1,0,0,0,0,97
269318,55,adaptive-prasle,1501,1,0,0,98,0,1372,0,1,55,267817,1501,0,99,0,0,0,LEADER,1,0,0,0,0,98
269357,63,adaptive-prasle,1540,1,0,0,98,0,1372,0,1,63,267817,1540,0,99,0,0,0,LEADER,1,0,0,0,0,98
269466,14,adaptive-prasle,2096,1,0,0,15,14,210,196,4,14,267370,2096,0,8,0,0,0,LEADER,1,0,0,0,0,15
269721,46,adaptive-prasle,1904,1,0,0,98,0,1372,0,1,46,267817,1904,0,99,0,0,0,LEADER,1,0,0,0,0,98
269516,53,adaptive-prasle,1701,1,0,0,98,0,1372,0,1,53,267815,1701,0,99,0,0,0,LEADER,1,0,0,0,0,98
268870,23,adaptive-prasle,1974,1,0,0,97,0,1358,0,1,23,266896,1974,0,98,0,0,0,LEADER,1,0,0,0,0,97
269739,88,adaptive-prasle,1922,1,0,0,98,0,1372,0,1,88,267817,1922,0,99,0,0,0,LEADER,1,0,0,0,0,98
269266,34,adaptive-prasle,1449,1,0,0,98,0,1372,0,1,34,267817,1449,0,99,0,0,0,LEADER,1,0,0,0,0,98
268875,97,adaptive-prasle,1977,1,0,0,97,0,1358,0,1,97,266898,1977,0,98,0,0,0,LEADER,1,0,0,0,0,97
268993,20,adaptive-prasle,2095,1,0,0,97,0,1358,0,1,20,266898,2095,0,98,0,0,0,LEADER,1,0,0,0,0,97
269073,40,adaptive-prasle,2177,1,0,0,97,0,1358,0,1,40,266896,2177,0,98,0,0,0,LEADER,1,0,0,0,0,97
268998,47,adaptive-prasle,2100,1,0,0,97,0,1358,0,1,47,266898,2100,0,98,0,0,0,LEADER,1,0,0,0,0,97
269909,95,adaptive-prasle,2092,1,0,0,98,0,1372,0,1,95,267817,2092,0,99,0,0,0,LEADER,1,0,0,0,0,98
269270,13,adaptive-prasle,1941,1,0,0,16,13,224,182,2,3,267329,1941,0,8,0,0,0,NORMAL,0,0,0,0,0,16
269291,25,adaptive-prasle,2395,1,0,0,97,0,1358,0,1,25,266896,2395,0,98,0,0,0,LEADER,1,0,0,0,0,97
269897,84,adaptive-prasle,2080,1,0,0,98,0,1372,0,1,84,267817,2080,0,99,0,0,0,LEADER,1,0,0,0,0,98
269173,70,adaptive-prasle,2277,1,0,0,97,0,1358,0,1,70,266896,2277,0,98,0,0,0,LEADER,1,0,0,0,0,97
269091,82,adaptive-prasle,2195,1,0,0,97,0,1358,0,1,82,266896,2195,0,98,0,0,0,LEADER,1,0,0,0,0,97
269309,67,adaptive-prasle,2413,1,0,0,97,0,1358,0,1,67,266896,2413,0,98,0,0,0,LEADER,1,0,0,0,0,97
269261,89,adaptive-prasle,2365,1,0,0,97,0,1358,0,1,89,266896,2365,0,98,0,0,0,LEADER,1,0,0,0,0,97
269930,28,adaptive-prasle,2113,1,0,0,98,0,1372,0,1,28,267817,2113,0,99,0,0,0,LEADER,1,0,0,0,0,98
269674,68,adaptive-prasle,1855,1,0,0,98,0,1372,0,1,68,267819,1855,0,99,0,0,0,LEADER,1,0,0,0,0,98
269625,90,adaptive-prasle,1807,1,0,0,98,0,1372,0,1,90,267818,1807,0,99,0,0,0,LEADER,1,0,0,0,0,98
269285,76,adaptive-prasle,1468,1,0,0,98,0,1372,0,1,76,267817,1468,0,99,0,0,0,LEADER,1,0,0,0,0,98
269606,10,adaptive-prasle,1789,1,0,0,98,0,1372,0,1,10,267817,1789,0,99,0,0,0,LEADER,1,0,0,0,0,98
270038,58,adaptive-prasle,2221,1,0,0,98,0,1372,0,1,58,267817,2221,0,99,0,0,0,LEADER,1,0,0,0,0,98
269421,73,adaptive-prasle,1604,1,0,0,98,0,1372,0,1,73,267817,1604,0,99,0,0,0,LEADER,1,0,0,0,0,98
269161,59,adaptive-prasle,2265,1,0,0,97,0,1358,0,1,59,266896,2265,0,98,0,0,0,LEADER,1,0,0,0,0,97
269436,41,adaptive-prasle,1619,1,0,0,98,0,1372,0,1,41,267817,1619,0,99,0,0,0,LEADER,1,0,0,0,0,98
269351,96,adaptive-prasle,1534,1,0,0,98,0,1372,0,1,96,267817,1534,0,99,0,0,0,LEADER,1,0,0,0,0,98
269650,74,adaptive-prasle,1837,1,0,0,98,0,1372,0,1,74,267813,1837,0,99,0,0,0,LEADER,1,0,0,0,0,98
269584,49,adaptive-prasle,1767,1,0,0,98,0,1372,0,1,49,267817,1767,0,99,0,0,0,LEADER,1,0,0,0,0,98
270045,92,adaptive-prasle,2228,1,0,0,98,0,1372,0,1,92,267817,2228,0,99,0,0,0,LEADER,1,0,0,0,0,98
269253,66,adaptive-prasle,1434,1,0,0,98,0,1372,0,1,66,267819,1434,0,99,0,0,0,LEADER,1,0,0,0,0,98
269276,57,adaptive-prasle,2380,1,0,0,97,0,1358,0,1,57,266896,2380,0,98,0,0,0,LEADER,1,0,0,0,0,97
270077,78,adaptive-prasle,2260,1,0,0,98,0,1372,0,1,78,267817,2260,0,99,0,0,0,LEADER,1,0,0,0,0,98
269242,39,adaptive-prasle,2346,1,0,0,97,0,1358,0,1,39,266896,2346,0,98,0,0,0,LEADER,1,0,0,0,0,97
269960,30,adaptive-prasle,2143,1,0,0,98,0,1372,0,1,30,267817,2143,0,99,0,0,0,LEADER,1,0,0,0,0,98
269366,64,adaptive-prasle,1549,1,0,0,98,0,1372,0,1,64,267817,1549,0,99,0,0,0,LEADER,1,0,0,0,0,98
269591,80,adaptive-prasle,1774,1,0,0,98,0,1372,0,1,80,267817,1774,0,99,0,0,0,LEADER,1,0,0,0,0,98
269325,54,adaptive-prasle,1516,1,0,0,98,0,1372,0,1,54,267809,1516,0,99,0,0,0,LEADER,1,0,0,0,0,98
269857,43,adaptive-prasle,2040,1,0,0,98,0,1372,0,1,43,267817,2040,0,99,0,0,0,LEADER,1,0,0,0,0,98
269777,26,adaptive-prasle,1960,1,0,0,98,0,1372,0,1,26,267817,1960,0,99,0,0,0,LEADER,1,0,0,0,0,98
269405,42,adaptive-prasle,1591,1,0,0,98,0,1372,0,1,42,267814,1591,0,99,0,0,0,LEADER,1,0,0,0,0,98
269415,31,adaptive-prasle,1598,1,0,0,98,0,1372,0,1,31,267817,1598,0,99,0,0,0,LEADER,1,0,0,0,0,98
270172,94,adaptive-prasle,2355,1,0,0,98,0,1372,0,1,94,267817,2355,0,99,0,0,0,LEADER,1,0,0,0,0,98
269742,45,adaptive-prasle,1925,1,0,0,98,0,1372,0,1,45,267817,1925,0,99,0,0,0,LEADER,1,0,0,0,0,98
270115,60,adaptive-prasle,2298,1,0,0,98,0,1372,0,1,60,267817,2298,0,99,0,0,0,LEADER,1,0,0,0,0,98
270220,44,adaptive-prasle,1483,1,0,0,98,0,1372,0,1,44,268737,1483,0,99,0,0,0,LEADER,1,0,0,0,0,98
269469,51,adaptive-prasle,1652,1,0,0,98,0,1372,0,1,51,267817,1652,0,99,0,0,0,LEADER,1,0,0,0,0,98
270268,22,adaptive-prasle,1531,1,0,0,98,0,1372,0,1,22,268737,1531,0,99,0,0,0,LEADER,1,0,0,0,0,98
269826,33,adaptive-prasle,2007,1,0,0,98,0,1372,0,1,33,267819,2007,0,99,0,0,0,LEADER,1,0,0,0,0,98
269981,72,adaptive-prasle,2162,1,0,0,98,0,1372,0,1,72,267819,2162,0,99,0,0,0,LEADER,1,0,0,0,0,98
269769,24,adaptive-prasle,1952,1,0,0,98,0,1372,0,1,24,267817,1952,0,99,0,0,0,LEADER,1,0,0,0,0,98
270299,32,adaptive-prasle,1564,1,0,0,98,0,1372,0,1,32,268735,1564,0,99,0,0,0,LEADER,1,0,0,0,0,98
269488,93,adaptive-prasle,1671,1,0,0,98,0,1372,0,1,93,267817,1671,0,99,0,0,0,LEADER,1,0,0,0,0,98
270162,69,adaptive-prasle,2343,1,0,0,98,0,1372,0,1,69,267819,2343,0,99,0,0,0,LEADER,1,0,0,0,0,98
270147,79,adaptive-prasle,2331,1,0,0,98,0,1372,0,1,79,267816,2331,0,99,0,0,0,LEADER,1,0,0,0,0,98
269842,75,adaptive-prasle,2025,1,0,0,98,0,1372,0,1,75,267817,2025,0,99,0,0,0,LEADER,1,0,0,0,0,98
269569,81,adaptive-prasle,1752,1,0,0,98,0,1372,0,1,81,267817,1752,0,99,0,0,0,LEADER,1,0,0,0,0,98
269427,52,adaptive-prasle,1610,1,0,0,98,0,1372,0,1,52,267817,1610,0,99,0,0,0,LEADER,1,0,0,0,0,98
270082,29,adaptive-prasle,2265,1,0,0,98,0,1372,0,1,29,267817,2265,0,99,0,0,0,LEADER,1,0,0,0,0,98
269906,21,adaptive-prasle,2088,1,0,0,98,0,1372,0,1,21,267818,2088,0,99,0,0,0,LEADER,1,0,0,0,0,98
269658,100,adaptive-prasle,1841,1,0,0,98,0,1372,0,1,100,267817,1841,0,99,0,0,0,LEADER,1,0,0,0,0,98
269503,61,adaptive-prasle,1686,1,0,0,98,0,1372,0,1,61,267817,1686,0,99,0,0,0,LEADER,1,0,0,0,0,98
270067,91,adaptive-prasle,2250,1,0,0,98,0,1372,0,1,91,267817,2250,0,99,0,0,0,LEADER,1,0,0,0,0,98
270027,37,adaptive-prasle,2210,1,0,0,98,0,1372,0,1,37,267817,2210,0,99,0,0,0,LEADER,1,0,0,0,0,98
269570,38,adaptive-prasle,1755,1,0,0,98,0,1372,0,1,38,267815,1755,0,99,0,0,0,LEADER,1,0,0,0,0,98
270236,98,adaptive-prasle,2419,1,0,0,98,0,1372,0,1,98,267817,2419,0,99,0,0,0,LEADER,1,0,0,0,0,98
270093,27,adaptive-prasle,2280,1,0,0,98,0,1372,0,1,27,267813,2280,0,99,0,0,0,LEADER,1,0,0,0,0,98
269945,62,adaptive-prasle,2128,1,0,0,98,0,1372,0,1,62,267817,2128,0,99,0,0,0,LEADER,1,0,0,0,0,98
269754,56,adaptive-prasle,1937,1,0,0,98,0,1372,0,1,56,267817,1937,0,99,0,0,0,LEADER,1,0,0,0,0,98
270140,99,adaptive-prasle,2328,1,0,0,98,0,1372,0,1,99,267812,2328,0,99,0,0,0,LEADER,1,0,0,0,0,98
270020,48,adaptive-prasle,2202,1,0,0,98,0,1372,0,1,48,267818,2202,0,99,0,0,0,LEADER,1,0,0,0,0,98
269536,71,adaptive-prasle,1719,1,0,0,98,0,1372,0,1,71,267817,1719,0,99,0,0,0,LEADER,1,0,0,0,0,98
269761,87,adaptive-prasle,1944,1,0,0,98,0,1372,0,1,87,267817,1944,0,99,0,0,0,LEADER,1,0,0,0,0,98
269687,36,adaptive-prasle,1870,1,0,0,98,0,1372,0,1,36,267817,1870,0,99,0,0,0,LEADER,1,0,0,0,0,98
270183,77,adaptive-prasle,1446,1,0,0,98,0,1372,0,1,77,268737,1446,0,99,0,0,0,LEADER,1,0,0,0,0,98
270376,83,adaptive-prasle,1637,1,0,0,98,0,1372,0,1,83,268739,1637,0,99,0,0,0,LEADER,1,0,0,0,0,98
269876,85,adaptive-prasle,2059,1,0,0,98,0,1372,0,1,85,267817,2059,0,99,0,0,0,LEADER,1,0,0,0,0,98
270404,19,adaptive-prasle,1667,1,0,0,98,0,1372,0,1,19,268737,1667,0,99,0,0,0,LEADER,1,0,0,0,0,98
270559,65,adaptive-prasle,1822,1,0,0,98,0,1372,0,1,65,268737,1822,0,99,0,0,0,LEADER,1,0,0,0,0,98
270165,35,adaptive-prasle,1428,1,0,0,98,0,1372,0,1,35,268737,1428,0,99,0,0,0,LEADER,1,0,0,0,0,98
270180,86,adaptive-prasle,1443,1,0,0,98,0,1372,0,1,86,268737,1443,0,99,0,0,0,LEADER,1,0,0,0,0,98
270223,50,adaptive-prasle,2406,1,0,0,98,0,1372,0,1,50,267817,2406,0,99,0,0,0,LEADER,1,0,0,0,0,98
270238,55,adaptive-prasle,1501,1,0,0,98,0,1372,0,1,55,268737,1501,0,99,0,0,0,LEADER,1,0,0,0,0,98
270277,63,adaptive-prasle,1540,1,0,0,98,0,1372,0,1,63,268737,1540,0,99,0,0,0,LEADER,1,0,0,0,0,98
270641,46,adaptive-prasle,1904,1,0,0,98,0,1372,0,1,46,268737,1904,0,99,0,0,0,LEADER,1,0,0,0,0,98
270436,53,adaptive-prasle,1701,1,0,0,98,0,1372,0,1,53,268735,1701,0,99,0,0,0,LEADER,1,0,0,0,0,98
269791,23,adaptive-prasle,1974,1,0,0,98,0,1372,0,1,23,267817,1974,0,99,0,0,0,LEADER,1,0,0,0,0,98
270659,88,adaptive-prasle,1922,1,0,0,98,0,1372,0,1,88,268737,1922,0,99,0,0,0,LEADER,1,0,0,0,0,98
270186,34,adaptive-prasle,1449,1,0,0,98,0,1372,0,1,34,268737,1449,0,99,0,0,0,LEADER,1,0,0,0,0,98
269796,97,adaptive-prasle,1977,1,0,0,98,0,1372,0,1,97,267819,1977,0,99,0,0,0,LEADER,1,0,0,0,0,98
269914,20,adaptive-prasle,2095,1,0,0,98,0,1372,0,1,20,267819,2095,0,99,0,0,0,LEADER,1,0,0,0,0,98
269994,40,adaptive-prasle,2177,1,0,0,98,0,1372,0,1,40,267817,2177,0,99,0,0,0,LEADER,1,0,0,0,0,98
269919,47,adaptive-prasle,2100,1,0,0,98,0,1372,0,1,47,267819,2100,0,99,0,0,0,LEADER,1,0,0,0,0,98
270829,95,adaptive-prasle,2092,1,0,0,98,0,1372,0,1,95,268737,2092,0,99,0,0,0,LEADER,1,0,0,0,0,98
270212,25,adaptive-prasle,2395,1,0,0,98,0,1372,0,1,25,267817,2395,0,99,0,0,0,LEADER,1,0,0,0,0,98
270817,84,adaptive-prasle,2080,1,0,0,98,0,1372,0,1,84,268737,2080,0,99,0,0,0,LEADER,1,0,0,0,0,98
270094,70,adaptive-prasle,2277,1,0,0,98,0,1372,0,1,70,267817,2277,0,99,0,0,0,LEADER,1,0,0,0,0,98
270012,82,adaptive-prasle,2195,1,0,0,98,0,1372,0,1,82,267817,2195,0,99,0,0,0,LEADER,1,0,0,0,0,98
270230,67,adaptive-prasle,2413,1,0,0,98,0,1372,0,1,67,267817,2413,0,99,0,0,0,LEADER,1,0,0,0,0,98
270182,89,adaptive-prasle,2365,1,0,0,98,0,1372,0,1,89,267817,2365,0,99,0,0,0,LEADER,1,0,0,0,0,98
270850,28,adaptive-prasle,2113,1,0,0,98,0,1372,0,1,28,268737,2113,0,99,0,0,0,LEADER,1,0,0,0,0,98
270594,68,adaptive-prasle,1855,1,0,0,98,0,1372,0,1,68,268739,1855,0,99,0,0,0,LEADER,1,0,0,0,0,98
270545,90,adaptive-prasle,1807,1,0,0,98,0,1372,0,1,90,268738,1807,0,99,0,0,0,LEADER,1,0,0,0,0,98
270205,76,adaptive-prasle,1468,1,0,0,98,0,1372,0,1,76,268737,1468,0,99,0,0,0,LEADER,1,0,0,0,0,98
270526,10,adaptive-prasle,1789,1,0,0,98,0,1372,0,1,10,268737,1789,0,99,0,0,0,LEADER,1,0,0,0,0,98
270958,58,adaptive-prasle,2221,1,0,0,98,0,1372,0,1,58,268737,2221,0,99,0,0,0,LEADER,1,0,0,0,0,98
270341,73,adaptive-prasle,1604,1,0,0,98,0,1372,0,1,73,268737,1604,0,99,0,0,0,LEADER,1,0,0,0,0,98
270082,59,adaptive-prasle,2265,1,0,0,98,0,1372,0,1,59,267817,2265,0,99,0,0,0,LEADER,1,0,0,0,0,98
270356,41,adaptive-prasle,1619,1,0,0,98,0,1372,0,1,41,268737,1619,0,99,0,0,0,LEADER,1,0,0,0,0,98
270271,96,adaptive-prasle,1534,1,0,0,98,0,1372,0,1,96,268737,1534,0,99,0,0,0,LEADER,1,0,0,0,0,98
270570,74,adaptive-prasle,1837,1,0,0,98,0,1372,0,1,74,268733,1837,0,99,0,0,0,LEADER,1,0,0,0,0,98
270504,49,adaptive-prasle,1767,1,0,0,98,0,1372,0,1,49,268737,1767,0,99,0,0,0,LEADER,1,0,0,0,0,98
270965,92,adaptive-prasle,2228,1,0,0,98,0,1372,0,1,92,268737,2228,0,99,0,0,0,LEADER,1,0,0,0,0,98
270173,66,adaptive-prasle,1434,1,0,0,98,0,1372,0,1,66,268739,1434,0,99,0,0,0,LEADER,1,0,0,0,0,98
270197,57,adaptive-prasle,2380,1,0,0,98,0,1372,0,1,57,267817,2380,0,99,0,0,0,LEADER,1,0,0,0,0,98
270997,78,adaptive-prasle,2260,1,0,0,98,0,1372,0,1,78,268737,2260,0,99,0,0,0,LEADER,1,0,0,0,0,98
270163,39,adaptive-prasle,2346,1,0,0,98,0,1372,0,1,39,267817,2346,0,99,0,0,0,LEADER,1,0,0,0,0,98
270880,30,adaptive-prasle,2143,1,0,0,98,0,1372,0,1,30,268737,2143,0,99,0,0,0,LEADER,1,0,0,0,0,98
270286,64,adaptive-prasle,1549,1,0,0,98,0,1372,0,1,64,268737,1549,0,99,0,0,0,LEADER,1,0,0,0,0,98
270511,80,adaptive-prasle,1774,1,0,0,98,0,1372,0,1,80,268737,1774,0,99,0,0,0,LEADER,1,0,0,0,0,98
270245,54,adaptive-prasle,1516,1,0,0,98,0,1372,0,1,54,268729,1516,0,99,0,0,0,LEADER,1,0,0,0,0,98
270777,43,adaptive-prasle,2040,1,0,0,98,0,1372,0,1,43,268737,2040,0,99,0,0,0,LEADER,1,0,0,0,0,98
270697,26,adaptive-prasle,1960,1,0,0,98,0,1372,0,1,26,268737,1960,0,99,0,0,0,LEADER,1,0,0,0,0,98
270325,42,adaptive-prasle,1591,1,0,0,98,0,1372,0,1,42,268734,1591,0,99,0,0,0,LEADER,1,0,0,0,0,98
270335,31,adaptive-prasle,1598,1,0,0,98,0,1372,0,1,31,268737,1598,0,99,0,0,0,LEADER,1,0,0,0,0,98
271092,94,adaptive-prasle,2355,1,0,0,98,0,1372,0,1,94,268737,2355,0,99,0,0,0,LEADER,1,0,0,0,0,98
270662,45,adaptive-prasle,1925,1,0,0,98,0,1372,0,1,45,268737,1925,0,99,0,0,0,LEADER,1,0,0,0,0,98
271035,60,adaptive-prasle,2298,1,0,0,98,0,1372,0,1,60,268737,2298,0,99,0,0,0,LEADER,1,0,0,0,0,98
271140,44,adaptive-prasle,1483,1,0,0,98,0,1372,0,1,44,269657,1483,0,99,0,0,0,LEADER,1,0,0,0,0,98
270389,51,adaptive-prasle,1652,1,0,0,98,0,1372,0,1,51,268737,1652,0,99,0,0,0,LEADER,1,0,0,0,0,98
271188,22,adaptive-prasle,1531,1,0,0,98,0,1372,0,1,22,269657,1531,0,99,0,0,0,LEADER,1,0,0,0,0,98
270746,33,adaptive-prasle,2007,1,0,0,98,0,1372,0,1,33,268739,2007,0,99,0,0,0,LEADER,1,0,0,0,0,98
270901,72,adaptive-prasle,2162,1,0,0,98,0,1372,0,1,72,268739,2162,0,99,0,0,0,LEADER,1,0,0,0,0,98
270689,24,adaptive-prasle,1952,1,0,0,98,0,1372,0,1,24,268737,1952,0,99,0,0,0,LEADER,1,0,0,0,0,98
271219,32,adaptive-prasle,1564,1,0,0,98,0,1372,0,1,32,269655,1564,0,99,0,0,0,LEADER,1,0,0,0,0,98
270408,93,adaptive-prasle,1671,1,0,0,98,0,1372,0,1,93,268737,1671,0,99,0,0,0,LEADER,1,0,0,0,0,98
271067,79,adaptive-prasle,2331,1,0,0,98,0,1372,0,1,79,268736,2331,0,99,0,0,0,LEADER,1,0,0,0,0,98
271082,69,adaptive-prasle,2343,1,0,0,98,0,1372,0,1,69,268739,2343,0,99,0,0,0,LEADER,1,0,0,0,0,98
270762,75,adaptive-prasle,2025,1,0,0,98,0,1372,0,1,75,268737,2025,0,99,0,0,0,LEADER,1,0,0,0,0,98
270489,81,adaptive-prasle,1752,1,0,0,98,0,1372,0,1,81,268737,1752,0,99,0,0,0,LEADER,1,0,0,0,0,98
270347,52,adaptive-prasle,1610,1,0,0,98,0,1372,0,1,52,268737,1610,0,99,0,0,0,LEADER,1,0,0,0,0,98
270826,21,adaptive-prasle,2088,1,0,0,98,0,1372,0,1,21,268738,2088,0,99,0,0,0,LEADER,1,0,0,0,0,98
271002,29,adaptive-prasle,2265,1,0,0,98,0,1372,0,1,29,268737,2265,0,99,0,0,0,LEADER,1,0,0,0,0,98
270578,100,adaptive-prasle,1841,1,0,0,98,0,1372,0,1,100,268737,1841,0,99,0,0,0,LEADER,1,0,0,0,0,98
270423,61,adaptive-prasle,1686,1,0,0,98,0,1372,0,1,61,268737,1686,0,99,0,0,0,LEADER,1,0,0,0,0,98
270987,91,adaptive-prasle,2250,1,0,0,98,0,1372,0,1,91,268737,2250,0,99,0,0,0,LEADER,1,0,0,0,0,98
270947,37,adaptive-prasle,2210,1,0,0,98,0,1372,0,1,37,268737,2210,0,99,0,0,0,LEADER,1,0,0,0,0,98
270490,38,adaptive-prasle,1755,1,0,0,98,0,1372,0,1,38,268735,1755,0,99,0,0,0,LEADER,1,0,0,0,0,98
271156,98,adaptive-prasle,2419,1,0,0,98,0,1372,0,1,98,268737,2419,0,99,0,0,0,LEADER,1,0,0,0,0,98
271013,27,adaptive-prasle,2280,1,0,0,98,0,1372,0,1,27,268733,2280,0,99,0,0,0,LEADER,1,0,0,0,0,98
270865,62,adaptive-prasle,2128,1,0,0,98,0,1372,0,1,62,268737,2128,0,99,0,0,0,LEADER,1,0,0,0,0,98
270674,56,adaptive-prasle,1937,1,0,0,98,0,1372,0,1,56,268737,1937,0,99,0,0,0,LEADER,1,0,0,0,0,98
271060,99,adaptive-prasle,2328,1,0,0,98,0,1372,0,1,99,268732,2328,0,99,0,0,0,LEADER,1,0,0,0,0,98
270940,48,adaptive-prasle,2202,1,0,0,98,0,1372,0,1,48,268738,2202,0,99,0,0,0,LEADER,1,0,0,0,0,98
270456,71,adaptive-prasle,1719,1,0,0,98,0,1372,0,1,71,268737,1719,0,99,0,0,0,LEADER,1,0,0,0,0,98
270681,87,adaptive-prasle,1944,1,0,0,98,0,1372,0,1,87,268737,1944,0,99,0,0,0,LEADER,1,0,0,0,0,98
270607,36,adaptive-prasle,1870,1,0,0,98,0,1372,0,1,36,268737,1870,0,99,0,0,0,LEADER,1,0,0,0,0,98
271103,77,adaptive-prasle,1446,1,0,0,98,0,1372,0,1,77,269657,1446,0,99,0,0,0,LEADER,1,0,0,0,0,98
271296,83,adaptive-prasle,1637,1,0,0,98,0,1372,0,1,83,269659,1637,0,99,0,0,0,LEADER,1,0,0,0,0,98
270796,85,adaptive-prasle,2059,1,0,0,98,0,1372,0,1,85,268737,2059,0,99,0,0,0,LEADER,1,0,0,0,0,98
271324,19,adaptive-prasle,1667,1,0,0,98,0,1372,0,1,19,269657,1667,0,99,0,0,0,LEADER,1,0,0,0,0,98
271479,65,adaptive-prasle,1822,1,0,0,98,0,1372,0,1,65,269657,1822,0,99,0,0,0,LEADER,1,0,0,0,0,98
271085,35,adaptive-prasle,1428,1,0,0,98,0,1372,0,1,35,269657,1428,0,99,0,0,0,LEADER,1,0,0,0,0,98
271100,86,adaptive-prasle,1443,1,0,0,98,0,1372,0,1,86,269657,1443,0,99,0,0,0,LEADER,1,0,0,0,0,98
271143,50,adaptive-prasle,2406,1,0,0,98,0,1372,0,1,50,268737,2406,0,99,0,0,0,LEADER,1,0,0,0,0,98
271158,55,adaptive-prasle,1501,1,0,0,98,0,1372,0,1,55,269657,1501,0,99,0,0,0,LEADER,1,0,0,0,0,98
271197,63,adaptive-prasle,1540,1,0,0,98,0,1372,0,1,63,269657,1540,0,99,0,0,0,LEADER,1,0,0,0,0,98
271561,46,adaptive-prasle,1904,1,0,0,98,0,1372,0,1,46,269657,1904,0,99,0,0,0,LEADER,1,0,0,0,0,98
271356,53,adaptive-prasle,1701,1,0,0,98,0,1372,0,1,53,269655,1701,0,99,0,0,0,LEADER,1,0,0,0,0,98
270711,23,adaptive-prasle,1974,1,0,0,98,0,1372,0,1,23,268737,1974,0,99,0,0,0,LEADER,1,0,0,0,0,98
271579,88,adaptive-prasle,1922,1,0,0,98,0,1372,0,1,88,269657,1922,0,99,0,0,0,LEADER,1,0,0,0,0,98
271106,34,adaptive-prasle,1449,1,0,0,98,0,1372,0,1,34,269657,1449,0,99,0,0,0,LEADER,1,0,0,0,0,98
270716,97,adaptive-prasle,1977,1,0,0,98,0,1372,0,1,97,268739,1977,0,99,0,0,0,LEADER,1,0,0,0,0,98
270834,20,adaptive-prasle,2095,1,0,0,98,0,1372,0,1,20,268739,2095,0,99,0,0,0,LEADER,1,0,0,0,0,98
270914,40,adaptive-prasle,2177,1,0,0,98,0,1372,0,1,40,268737,2177,0,99,0,0,0,LEADER,1,0,0,0,0,98
270839,47,adaptive-prasle,2100,1,0,0,98,0,1372,0,1,47,268739,2100,0,99,0,0,0,LEADER,1,0,0,0,0,98
271749,95,adaptive-prasle,2092,1,0,0,98,0,1372,0,1,95,269657,2092,0,99,0,0,0,LEADER,1,0,0,0,0,98
271132,25,adaptive-prasle,2395,1,0,0,98,0,1372,0,1,25,268737,2395,0,99,0,0,0,LEADER,1,0,0,0,0,98
271737,84,adaptive-prasle,2080,1,0,0,98,0,1372,0,1,84,269657,2080,0,99,0,0,0,LEADER,1,0,0,0,0,98
271014,70,adaptive-prasle,2277,1,0,0,98,0,1372,0,1,70,268737,2277,0,99,0,0,0,LEADER,1,0,0,0,0,98
270932,82,adaptive-prasle,2195,1,0,0,98,0,1372,0,1,82,268737,2195,0,99,0,0,0,LEADER,1,0,0,0,0,98
271150,67,adaptive-prasle,2413,1,0,0,98,0,1372,0,1,67,268737,2413,0,99,0,0,0,LEADER,1,0,0,0,0,98
271102,89,adaptive-prasle,2365,1,0,0,98,0,1372,0,1,89,268737,2365,0,99,0,0,0,LEADER,1,0,0,0,0,98
271770,28,adaptive-prasle,2113,1,0,0,98,0,1372,0,1,28,269657,2113,0,99,0,0,0,LEADER,1,0,0,0,0,98
271514,68,adaptive-prasle,1855,1,0,0,98,0,1372,0,1,68,269659,1855,0,99,0,0,0,LEADER,1,0,0,0,0,98
271465,90,adaptive-prasle,1807,1,0,0,98,0,1372,0,1,90,269658,1807,0,99,0,0,0,LEADER,1,0,0,0,0,98
271125,76,adaptive-prasle,1468,1,0,0,98,0,1372,0,1,76,269657,1468,0,99,0,0,0,LEADER,1,0,0,0,0,98
271446,10,adaptive-prasle,1789,1,0,0,98,0,1372,0,1,10,269657,1789,0,99,0,0,0,LEADER,1,0,0,0,0,98
271878,58,adaptive-prasle,2221,1,0,0,98,0,1372,0,1,58,269657,2221,0,99,0,0,0,LEADER,1,0,0,0,0,98
271261,73,adaptive-prasle,1604,1,0,0,98,0,1372,0,1,73,269657,1604,0,99,0,0,0,LEADER,1,0,0,0,0,98
271002,59,adaptive-prasle,2265,1,0,0,98,0,1372,0,1,59,268737,2265,0,99,0,0,0,LEADER,1,0,0,0,0,98
271276,41,adaptive-prasle,1619,1,0,0,98,0,1372,0,1,41,269657,1619,0,99,0,0,0,LEADER,1,0,0,0,0,98
271191,96,adaptive-prasle,1534,1,0,0,98,0,1372,0,1,96,269657,1534,0,99,0,0,0,LEADER,1,0,0,0,0,98
271490,74,adaptive-prasle,1837,1,0,0,98,0,1372,0,1,74,269653,1837,0,99,0,0,0,LEADER,1,0,0,0,0,98
271424,49,adaptive-prasle,1767,1,0,0,98,0,1372,0,1,49,269657,1767,0,99,0,0,0,LEADER,1,0,0,0,0,98
271885,92,adaptive-prasle,2228,1,0,0,98,0,1372,0,1,92,269657,2228,0,99,0,0,0,LEADER,1,0,0,0,0,98
271093,66,adaptive-prasle,1434,1,0,0,98,0,1372,0,1,66,269659,1434,0,99,0,0,0,LEADER,1,0,0,0,0,98
271117,57,adaptive-prasle,2380,1,0,0,98,0,1372,0,1,57,268737,2380,0,99,0,0,0,LEADER,1,0,0,0,0,98
271917,78,adaptive-prasle,2260,1,0,0,98,0,1372,0,1,78,269657,2260,0,99,0,0,0,LEADER,1,0,0,0,0,98
271083,39,adaptive-prasle,2346,1,0,0,98,0,1372,0,1,39,268737,2346,0,99,0,0,0,LEADER,1,0,0,0,0,98
271800,30,adaptive-prasle,2143,1,0,0,98,0,1372,0,1,30,269657,2143,0,99,0,0,0,LEADER,1,0,0,0,0,98
271206,64,adaptive-prasle,1549,1,0,0,98,0,1372,0,1,64,269657,1549,0,99,0,0,0,LEADER,1,0,0,0,0,98
271431,80,adaptive-prasle,1774,1,0,0,98,0,1372,0,1,80,269657,1774,0,99,0,0,0,LEADER,1,0,0,0,0,98
271165,54,adaptive-prasle,1516,1,0,0,98,0,1372,0,1,54,269649,1516,0,99,0,0,0,LEADER,1,0,0,0,0,98
271697,43,adaptive-prasle,2040,1,0,0,98,0,1372,0,1,43,269657,2040,0,99,0,0,0,LEADER,1,0,0,0,0,98
271617,26,adaptive-prasle,1960,1,0,0,98,0,1372,0,1,26,269657,1960,0,99,0,0,0,LEADER,1,0,0,0,0,98
271245,42,adaptive-prasle,1591,1,0,0,98,0,1372,0,1,42,269654,1591,0,99,0,0,0,LEADER,1,0,0,0,0,98
271255,31,adaptive-prasle,1598,1,0,0,98,0,1372,0,1,31,269657,1598,0,99,0,0,0,LEADER,1,0,0,0,0,98
272012,94,adaptive-prasle,2355,1,0,0,98,0,1372,0,1,94,269657,2355,0,99,0,0,0,LEADER,1,0,0,0,0,98
271582,45,adaptive-prasle,1925,1,0,0,98,0,1372,0,1,45,269657,1925,0,99,0,0,0,LEADER,1,0,0,0,0,98
271955,60,adaptive-prasle,2298,1,0,0,98,0,1372,0,1,60,269657,2298,0,99,0,0,0,LEADER,1,0,0,0,0,98
272061,44,adaptive-prasle,1483,1,0,0,99,0,1386,0,1,44,270578,1483,0,100,0,0,0,LEADER,1,0,0,0,0,99
271309,51,adaptive-prasle,1652,1,0,0,98,0,1372,0,1,51,269657,1652,0,99,0,0,0,LEADER,1,0,0,0,0,98
271666,33,adaptive-prasle,2007,1,0,0,98,0,1372,0,1,33,269659,2007,0,99,0,0,0,LEADER,1,0,0,0,0,98
272109,22,adaptive-prasle,1531,1,0,0,99,0,1386,0,1,22,270578,1531,0,100,0,0,0,LEADER,1,0,0,0,0,99
271821,72,adaptive-prasle,2162,1,0,0,98,0,1372,0,1,72,269659,2162,0,99,0,0,0,LEADER,1,0,0,0,0,98
271609,24,adaptive-prasle,1952,1,0,0,98,0,1372,0,1,24,269657,1952,0,99,0,0,0,LEADER,1,0,0,0,0,98
272140,32,adaptive-prasle,1564,1,0,0,99,0,1386,0,1,32,270576,1564,0,100,0,0,0,LEADER,1,0,0,0,0,99
271328,93,adaptive-prasle,1671,1,0,0,98,0,1372,0,1,93,269657,1671,0,99,0,0,0,LEADER,1,0,0,0,0,98
271987,79,adaptive-prasle,2331,1,0,0,98,0,1372,0,1,79,269656,2331,0,99,0,0,0,LEADER,1,0,0,0,0,98
272002,69,adaptive-prasle,2343,1,0,0,98,0,1372,0,1,69,269659,2343,0,99,0,0,0,LEADER,1,0,0,0,0,98
271682,75,adaptive-prasle,2025,1,0,0,98,0,1372,0,1,75,269657,2025,0,99,0,0,0,LEADER,1,0,0,0,0,98
271409,81,adaptive-prasle,1752,1,0,0,98,0,1372,0,1,81,269657,1752,0,99,0,0,0,LEADER,1,0,0,0,0,98
271267,52,adaptive-prasle,1610,1,0,0,98,0,1372,0,1,52,269657,1610,0,99,0,0,0,LEADER,1,0,0,0,0,98
271746,21,adaptive-prasle,2088,1,0,0,98,0,1372,0,1,21,269658,2088,0,99,0,0,0,LEADER,1,0,0,0,0,98
271922,29,adaptive-prasle,2265,1,0,0,98,0,1372,0,1,29,269657,2265,0,99,0,0,0,LEADER,1,0,0,0,0,98
271498,100,adaptive-prasle,1841,1,0,0,98,0,1372,0,1,100,269657,1841,0,99,0,0,0,LEADER,1,0,0,0,0,98
271343,61,adaptive-prasle,1686,1,0,0,98,0,1372,0,1,61,269657,1686,0,99,0,0,0,LEADER,1,0,0,0,0,98
271907,91,adaptive-prasle,2250,1,0,0,98,0,1372,0,1,91,269657,2250,0,99,0,0,0,LEADER,1,0,0,0,0,98
271867,37,adaptive-prasle,2210,1,0,0,98,0,1372,0,1,37,269657,2210,0,99,0,0,0,LEADER,1,0,0,0,0,98
271410,38,adaptive-prasle,1755,1,0,0,98,0,1372,0,1,38,269655,1755,0,99,0,0,0,LEADER,1,0,0,0,0,98
272076,98,adaptive-prasle,2419,1,0,0,98,0,1372,0,1,98,269657,2419,0,99,0,0,0,LEADER,1,0,0,0,0,98
271933,27,adaptive-prasle,2280,1,0,0,98,0,1372,0,1,27,269653,2280,0,99,0,0,0,LEADER,1,0,0,0,0,98
271785,62,adaptive-prasle,2128,1,0,0,98,0,1372,0,1,62,269657,2128,0,99,0,0,0,LEADER,1,0,0,0,0,98
271594,56,adaptive-prasle,1937,1,0,0,98,0,1372,0,1,56,269657,1937,0,99,0,0,0,LEADER,1,0,0,0,0,98
271980,99,adaptive-prasle,2328,1,0,0,98,0,1372,0,1,99,269652,2328,0,99,0,0,0,LEADER,1,0,0,0,0,98
271860,48,adaptive-prasle,2202,1,0,0,98,0,1372,0,1,48,269658,2202,0,99,0,0,0,LEADER,1,0,0,0,0,98
271376,71,adaptive-prasle,1719,1,0,0,98,0,1372,0,1,71,269657,1719,0,99,0,0,0,LEADER,1,0,0,0,0,98
271601,87,adaptive-prasle,1944,1,0,0,98,0,1372,0,1,87,269657,1944,0,99,0,0,0,LEADER,1,0,0,0,0,98
271527,36,adaptive-prasle,1870,1,0,0,98,0,1372,0,1,36,269657,1870,0,99,0,0,0,LEADER,1,0,0,0,0,98
272024,77,adaptive-prasle,1446,1,0,0,99,0,1386,0,1,77,270578,1446,0,100,0,0,0,LEADER,1,0,0,0,0,99
272217,83,adaptive-prasle,1637,1,0,0,99,0,1386,0,1,83,270580,1637,0,100,0,0,0,LEADER,1,0,0,0,0,99
271716,85,adaptive-prasle,2059,1,0,0,98,0,1372,0,1,85,269657,2059,0,99,0,0,0,LEADER,1,0,0,0,0,98
272245,19,adaptive-prasle,1667,1,0,0,99,0,1386,0,1,19,270578,1667,0,100,0,0,0,LEADER,1,0,0,0,0,99
272400,65,adaptive-prasle,1822,1,0,0,99,0,1386,0,1,65,270578,1822,0,100,0,0,0,LEADER,1,0,0,0,0,99
272006,35,adaptive-prasle,1428,1,0,0,99,0,1386,0,1,35,270578,1428,0,100,0,0,0,LEADER,1,0,0,0,0,99
272021,86,adaptive-prasle,1443,1,0,0,99,0,1386,0,1,86,270578,1443,0,100,0,0,0,LEADER,1,0,0,0,0,99
272063,50,adaptive-prasle,2406,1,0,0,98,0,1372,0,1,50,269657,2406,0,99,0,0,0,LEADER,1,0,0,0,0,98
272079,55,adaptive-prasle,1501,1,0,0,99,0,1386,0,1,55,270578,1501,0,100,0,0,0,LEADER,1,0,0,0,0,99
272118,63,adaptive-prasle,1540,1,0,0,99,0,1386,0,1,63,270578,1540,0,100,0,0,0,LEADER,1,0,0,0,0,99
272482,46,adaptive-prasle,1904,1,0,0,99,0,1386,0,1,46,270578,1904,0,100,0,0,0,LEADER,1,0,0,0,0,99
272277,53,adaptive-prasle,1701,1,0,0,99,0,1386,0,1,53,270576,1701,0,100,0,0,0,LEADER,1,0,0,0,0,99
271631,23,adaptive-prasle,1974,1,0,0,98,0,1372,0,1,23,269657,1974,0,99,0,0,0,LEADER,1,0,0,0,0,98
272500,88,adaptive-prasle,1922,1,0,0,99,0,1386,0,1,88,270578,1922,0,100,0,0,0,LEADER,1,0,0,0,0,99
272027,34,adaptive-prasle,1449,1,0,0,99,0,1386,0,1,34,270578,1449,0,100,0,0,0,LEADER,1,0,0,0,0,99
271636,97,adaptive-prasle,1977,1,0,0,98,0,1372,0,1,97,269659,1977,0,99,0,0,0,LEADER,1,0,0,0,0,98
271754,20,adaptive-prasle,2095,1,0,0,98,0,1372,0,1,20,269659,2095,0,99,0,0,0,LEADER,1,0,0,0,0,98
271834,40,adaptive-prasle,2177,1,0,0,98,0,1372,0,1,40,269657,2177,0,99,0,0,0,LEADER,1,0,0,0,0,98
271759,47,adaptive-prasle,2100,1,0,0,98,0,1372,0,1,47,269659,2100,0,99,0,0,0,LEADER,1,0,0,0,0,98
272670,95,adaptive-prasle,2092,1,0,0,99,0,1386,0,1,95,270578,2092,0,100,0,0,0,LEADER,1,0,0,0,0,99
272052,25,adaptive-prasle,2395,1,0,0,98,0,1372,0,1,25,269657,2395,0,99,0,0,0,LEADER,1,0,0,0,0,98
272658,84,adaptive-prasle,2080,1,0,0,99,0,1386,0,1,84,270578,2080,0,100,0,0,0,LEADER,1,0,0,0,0,99
271934,70,adaptive-prasle,2277,1,0,0,98,0,1372,0,1,70,269657,2277,0,99,0,0,0,LEADER,1,0,0,0,0,98
271852,82,adaptive-prasle,2195,1,0,0,98,0,1372,0,1,82,269657,2195,0,99,0,0,0,LEADER,1,0,0,0,0,98
272070,67,adaptive-prasle,2413,1,0,0,98,0,1372,0,1,67,269657,2413,0,99,0,0,0,LEADER,1,0,0,0,0,98
272022,89,adaptive-prasle,2365,1,0,0,98,0,1372,0,1,89,269657,2365,0,99,0,0,0,LEADER,1,0,0,0,0,98
272691,28,adaptive-prasle,2113,1,0,0,99,0,1386,0,1,28,270578,2113,0,100,0,0,0,LEADER,1,0,0,0,0,99
272435,68,adaptive-prasle,1855,1,0,0,99,0,1386,0,1,68,270580,1855,0,100,0,0,0,LEADER,1,0,0,0,0,99
272386,90,adaptive-prasle,1807,1,0,0,99,0,1386,0,1,90,270579,1807,0,100,0,0,0,LEADER,1,0,0,0,0,99
272046,76,adaptive-prasle,1468,1,0,0,99,0,1386,0,1,76,270578,1468,0,100,0,0,0,LEADER,1,0,0,0,0,99
272367,10,adaptive-prasle,1789,1,0,0,99,0,1386,0,1,10,270578,1789,0,100,0,0,0,LEADER,1,0,0,0,0,99
272799,58,adaptive-prasle,2221,1,0,0,99,0,1386,0,1,58,270578,2221,0,100,0,0,0,LEADER,1,0,0,0,0,99
272182,73,adaptive-prasle,1604,1,0,0,99,0,1386,0,1,73,270578,1604,0,100,0,0,0,LEADER,1,0,0,0,0,99
271922,59,adaptive-prasle,2265,1,0,0,98,0,1372,0,1,59,269657,2265,0,99,0,0,0,LEADER,1,0,0,0,0,98
272197,41,adaptive-prasle,1619,1,0,0,99,0,1386,0,1,41,270578,1619,0,100,0,0,0,LEADER,1,0,0,0,0,99
272112,96,adaptive-prasle,1534,1,0,0,99,0,1386,0,1,96,270578,1534,0,100,0,0,0,LEADER,1,0,0,0,0,99
272411,74,adaptive-prasle,1837,1,0,0,99,0,1386,0,1,74,270574,1837,0,100,0,0,0,LEADER,1,0,0,0,0,99
272345,49,adaptive-prasle,1767,1,0,0,99,0,1386,0,1,49,270578,1767,0,100,0,0,0,LEADER,1,0,0,0,0,99
272806,92,adaptive-prasle,2228,1,0,0,99,0,1386,0,1,92,270578,2228,0,100,0,0,0,LEADER,1,0,0,0,0,99
272014,66,adaptive-prasle,1434,1,0,0,99,0,1386,0,1,66,270580,1434,0,100,0,0,0,LEADER,1,0,0,0,0,99
272037,57,adaptive-prasle,2380,1,0,0,98,0,1372,0,1,57,269657,2380,0,99,0,0,0,LEADER,1,0,0,0,0,98
272838,78,adaptive-prasle,2260,1,0,0,99,0,1386,0,1,78,270578,2260,0,100,0,0,0,LEADER,1,0,0,0,0,99
272003,39,adaptive-prasle,2346,1,0,0,98,0,1372,0,1,39,269657,2346,0,99,0,0,0,LEADER,1,0,0,0,0,98
272721,30,adaptive-prasle,2143,1,0,0,99,0,1386,0,1,30,270578,2143,0,100,0,0,0,LEADER,1,0,0,0,0,99
272127,64,adaptive-prasle,1549,1,0,0,99,0,1386,0,1,64,270578,1549,0,100,0,0,0,LEADER,1,0,0,0,0,99
272352,80,adaptive-prasle,1774,1,0,0,99,0,1386,0,1,80,270578,1774,0,100,0,0,0,LEADER,1,0,0,0,0,99
272086,54,adaptive-prasle,1516,1,0,0,99,0,1386,0,1,54,270570,1516,0,100,0,0,0,LEADER,1,0,0,0,0,99
272618,43,adaptive-prasle,2040,1,0,0,99,0,1386,0,1,43,270578,2040,0,100,0,0,0,LEADER,1,0,0,0,0,99
272538,26,adaptive-prasle,1960,1,0,0,99,0,1386,0,1,26,270578,1960,0,100,0,0,0,LEADER,1,0,0,0,0,99
272166,42,adaptive-prasle,1591,1,0,0,99,0,1386,0,1,42,270575,1591,0,100,0,0,0,LEADER,1,0,0,0,0,99
272176,31,adaptive-prasle,1598,1,0,0,99,0,1386,0,1,31,270578,1598,0,100,0,0,0,LEADER,1,0,0,0,0,99
272933,94,adaptive-prasle,2355,1,0,0,99,0,1386,0,1,94,270578,2355,0,100,0,0,0,LEADER,1,0,0,0,0,99
272503,45,adaptive-prasle,1925,1,0,0,99,0,1386,0,1,45,270578,1925,0,100,0,0,0,LEADER,1,0,0,0,0,99
272876,60,adaptive-prasle,2298,1,0,0,99,0,1386,0,1,60,270578,2298,0,100,0,0,0,LEADER,1,0,0,0,0,99
272981,44,adaptive-prasle,1483,1,0,0,99,0,1386,0,1,44,271498,1483,0,100,0,0,0,LEADER,1,0,0,0,0,99
272230,51,adaptive-prasle,1652,1,0,0,99,0,1386,0,1,51,270578,1652,0,100,0,0,0,LEADER,1,0,0,0,0,99
273029,22,adaptive-prasle,1531,1,0,0,99,0,1386,0,1,22,271498,1531,0,100,0,0,0,LEADER,1,0,0,0,0,99
272587,33,adaptive-prasle,2007,1,0,0,99,0,1386,0,1,33,270580,2007,0,100,0,0,0,LEADER,1,0,0,0,0,99
272742,72,adaptive-prasle,2162,1,0,0,99,0,1386,0,1,72,270580,2162,0,100,0,0,0,LEADER,1,0,0,0,0,99
272530,24,adaptive-prasle,1952,1,0,0,99,0,1386,0,1,24,270578,1952,0,100,0,0,0,LEADER,1,0,0,0,0,99
273060,32,adaptive-prasle,1564,1,0,0,99,0,1386,0,1,32,271496,1564,0,100,0,0,0,LEADER,1,0,0,0,0,99
272249,93,adaptive-prasle,1671,1,0,0,99,0,1386,0,1,93,270578,1671,0,100,0,0,0,LEADER,1,0,0,0,0,99
272923,69,adaptive-prasle,2343,1,0,0,99,0,1386,0,1,69,270580,2343,0,100,0,0,0,LEADER,1,0,0,0,0,99
272908,79,adaptive-prasle,2331,1,0,0,99,0,1386,0,1,79,270577,2331,0,100,0,0,0,LEADER,1,0,0,0,0,99
272603,75,adaptive-prasle,2025,1,0,0,99,0,1386,0,1,75,270578,2025,0,100,0,0,0,LEADER,1,0,0,0,0,99
272330,81,adaptive-prasle,1752,1,0,0,99,0,1386,0,1,81,270578,1752,0,100,0,0,0,LEADER,1,0,0,0,0,99
272188,52,adaptive-prasle,1610,1,0,0,99,0,1386,0,1,52,270578,1610,0,100,0,0,0,LEADER,1,0,0,0,0,99
272667,21,adaptive-prasle,2088,1,0,0,99,0,1386,0,1,21,270579,2088,0,100,0,0,0,LEADER,1,0,0,0,0,99
272843,29,adaptive-prasle,2265,1,0,0,99,0,1386,0,1,29,270578,2265,0,100,0,0,0,LEADER,1,0,0,0,0,99
272419,100,adaptive-prasle,1841,1,0,0,99,0,1386,0,1,100,270578,1841,0,100,0,0,0,LEADER,1,0,0,0,0,99
272264,61,adaptive-prasle,1686,1,0,0,99,0,1386,0,1,61,270578,1686,0,100,0,0,0,LEADER,1,0,0,0,0,99
272828,91,adaptive-prasle,2250,1,0,0,99,0,1386,0,1,91,270578,2250,0,100,0,0,0,LEADER,1,0,0,0,0,99
272788,37,adaptive-prasle,2210,1,0,0,99,0,1386,0,1,37,270578,2210,0,100,0,0,0,LEADER,1,0,0,0,0,99
272331,38,adaptive-prasle,1755,1,0,0,99,0,1386,0,1,38,270576,1755,0,100,0,0,0,LEADER,1,0,0,0,0,99
272997,98,adaptive-prasle,2419,1,0,0,99,0,1386,0,1,98,270578,2419,0,100,0,0,0,LEADER,1,0,0,0,0,99
272854,27,adaptive-prasle,2280,1,0,0,99,0,1386,0,1,27,270574,2280,0,100,0,0,0,LEADER,1,0,0,0,0,99
272706,62,adaptive-prasle,2128,1,0,0,99,0,1386,0,1,62,270578,2128,0,100,0,0,0,LEADER,1,0,0,0,0,99
272515,56,adaptive-prasle,1937,1,0,0,99,0,1386,0,1,56,270578,1937,0,100,0,0,0,LEADER,1,0,0,0,0,99
272901,99,adaptive-prasle,2328,1,0,0,99,0,1386,0,1,99,270573,2328,0,100,0,0,0,LEADER,1,0,0,0,0,99
272781,48,adaptive-prasle,2202,1,0,0,99,0,1386,0,1,48,270579,2202,0,100,0,0,0,LEADER,1,0,0,0,0,99
272297,71,adaptive-prasle,1719,1,0,0,99,0,1386,0,1,71,270578,1719,0,100,0,0,0,LEADER,1,0,0,0,0,99
272522,87,adaptive-prasle,1944,1,0,0,99,0,1386,0,1,87,270578,1944,0,100,0,0,0,LEADER,1,0,0,0,0,99
272448,36,adaptive-prasle,1870,1,0,0,99,0,1386,0,1,36,270578,1870,0,100,0,0,0,LEADER,1,0,0,0,0,99
272944,77,adaptive-prasle,1446,1,0,0,99,0,1386,0,1,77,271498,1446,0,100,0,0,0,LEADER,1,0,0,0,0,99
273137,83,adaptive-prasle,1637,1,0,0,99,0,1386,0,1,83,271500,1637,0,100,0,0,0,LEADER,1,0,0,0,0,99
272637,85,adaptive-prasle,2059,1,0,0,99,0,1386,0,1,85,270578,2059,0,100,0,0,0,LEADER,1,0,0,0,0,99
273165,19,adaptive-prasle,1667,1,0,0,99,0,1386,0,1,19,271498,1667,0,100,0,0,0,LEADER,1,0,0,0,0,99
273320,65,adaptive-prasle,1822,1,0,0,99,0,1386,0,1,65,271498,1822,0,100,0,0,0,LEADER,1,0,0,0,0,99
272926,35,adaptive-prasle,1428,1,0,0,99,0,1386,0,1,35,271498,1428,0,100,0,0,0,LEADER,1,0,0,0,0,99
272941,86,adaptive-prasle,1443,1,0,0,99,0,1386,0,1,86,271498,1443,0,100,0,0,0,LEADER,1,0,0,0,0,99
272984,50,adaptive-prasle,2406,1,0,0,99,0,1386,0,1,50,270578,2406,0,100,0,0,0,LEADER,1,0,0,0,0,99
272999,55,adaptive-prasle,1501,1,0,0,99,0,1386,0,1,55,271498,1501,0,100,0,0,0,LEADER,1,0,0,0,0,99
273038,63,adaptive-prasle,1540,1,0,0,99,0,1386,0,1,63,271498,1540,0,100,0,0,0,LEADER,1,0,0,0,0,99
273402,46,adaptive-prasle,1904,1,0,0,99,0,1386,0,1,46,271498,1904,0,100,0,0,0,LEADER,1,0,0,0,0,99
273197,53,adaptive-prasle,1701,1,0,0,99,0,1386,0,1,53,271496,1701,0,100,0,0,0,LEADER,1,0,0,0,0,99
272552,23,adaptive-prasle,1974,1,0,0,99,0,1386,0,1,23,270578,1974,0,100,0,0,0,LEADER,1,0,0,0,0,99
273420,88,adaptive-prasle,1922,1,0,0,99,0,1386,0,1,88,271498,1922,0,100,0,0,0,LEADER,1,0,0,0,0,99
272947,34,adaptive-prasle,1449,1,0,0,99,0,1386,0,1,34,271498,1449,0,100,0,0,0,LEADER,1,0,0,0,0,99
272557,97,adaptive-prasle,1977,1,0,0,99,0,1386,0,1,97,270580,1977,0,100,0,0,0,LEADER,1,0,0,0,0,99
272675,20,adaptive-prasle,2095,1,0,0,99,0,1386,0,1,20,270580,2095,0,100,0,0,0,LEADER,1,0,0,0,0,99
272755,40,adaptive-prasle,2177,1,0,0,99,0,1386,0,1,40,270578,2177,0,100,0,0,0,LEADER,1,0,0,0,0,99
272680,47,adaptive-prasle,2100,1,0,0,99,0,1386,0,1,47,270580,2100,0,100,0,0,0,LEADER,1,0,0,0,0,99
273590,95,adaptive-prasle,2092,1,0,0,99,0,1386,0,1,95,271498,2092,0,100,0,0,0,LEADER,1,0,0,0,0,99
272973,25,adaptive-prasle,2395,1,0,0,99,0,1386,0,1,25,270578,2395,0,100,0,0,0,LEADER,1,0,0,0,0,99
273578,84,adaptive-prasle,2080,1,0,0,99,0,1386,0,1,84,271498,2080,0,100,0,0,0,LEADER,1,0,0,0,0,99
272855,70,adaptive-prasle,2277,1,0,0,99,0,1386,0,1,70,270578,2277,0,100,0,0,0,LEADER,1,0,0,0,0,99
272773,82,adaptive-prasle,2195,1,0,0,99,0,1386,0,1,82,270578,2195,0,100,0,0,0,LEADER,1,0,0,0,0,99
272991,67,adaptive-prasle,2413,1,0,0,99,0,1386,0,1,67,270578,2413,0,100,0,0,0,LEADER,1,0,0,0,0,99
272943,89,adaptive-prasle,2365,1,0,0,99,0,1386,0,1,89,270578,2365,0,100,0,0,0,LEADER,1,0,0,0,0,99
273611,28,adaptive-prasle,2113,1,0,0,99,0,1386,0,1,28,271498,2113,0,100,0,0,0,LEADER,1,0,0,0,0,99
273355,68,adaptive-prasle,1855,1,0,0,99,0,1386,0,1,68,271500,1855,0,100,0,0,0,LEADER,1,0,0,0,0,99
273306,90,adaptive-prasle,1807,1,0,0,99,0,1386,0,1,90,271499,1807,0,100,0,0,0,LEADER,1,0,0,0,0,99
272966,76,adaptive-prasle,1468,1,0,0,99,0,1386,0,1,76,271498,1468,0,100,0,0,0,LEADER,1,0,0,0,0,99
273287,10,adaptive-prasle,1789,1,0,0,99,0,1386,0,1,10,271498,1789,0,100,0,0,0,LEADER,1,0,0,0,0,99
273719,58,adaptive-prasle,2221,1,0,0,99,0,1386,0,1,58,271498,2221,0,100,0,0,0,LEADER,1,0,0,0,0,99
273102,73,adaptive-prasle,1604,1,0,0,99,0,1386,0,1,73,271498,1604,0,100,0,0,0,LEADER,1,0,0,0,0,99
272843,59,adaptive-prasle,2265,1,0,0,99,0,1386,0,1,59,270578,2265,0,100,0,0,0,LEADER,1,0,0,0,0,99
273117,41,adaptive-prasle,1619,1,0,0,99,0,1386,0,1,41,271498,1619,0,100,0,0,0,LEADER,1,0,0,0,0,99
273032,96,adaptive-prasle,1534,1,0,0,99,0,1386,0,1,96,271498,1534,0,100,0,0,0,LEADER,1,0,0,0,0,99
273331,74,adaptive-prasle,1837,1,0,0,99,0,1386,0,1,74,271494,1837,0,100,0,0,0,LEADER,1,0,0,0,0,99
273265,49,adaptive-prasle,1767,1,0,0,99,0,1386,0,1,49,271498,1767,0,100,0,0,0,LEADER,1,0,0,0,0,99
273726,92,adaptive-prasle,2228,1,0,0,99,0,1386,0,1,92,271498,2228,0,100,0,0,0,LEADER,1,0,0,0,0,99
272934,66,adaptive-prasle,1434,1,0,0,99,0,1386,0,1,66,271500,1434,0,100,0,0,0,LEADER,1,0,0,0,0,99
272958,57,adaptive-prasle,2380,1,0,0,99,0,1386,0,1,57,270578,2380,0,100,0,0,0,LEADER,1,0,0,0,0,99
273758,78,adaptive-prasle,2260,1,0,0,99,0,1386,0,1,78,271498,2260,0,100,0,0,0,LEADER,1,0,0,0,0,99
272924,39,adaptive-prasle,2346,1,0,0,99,0,1386,0,1,39,270578,2346,0,100,0,0,0,LEADER,1,0,0,0,0,99
273641,30,adaptive-prasle,2143,1,0,0,99,0,1386,0,1,30,271498,2143,0,100,0,0,0,LEADER,1,0,0,0,0,99
273047,64,adaptive-prasle,1549,1,0,0,99,0,1386,0,1,64,271498,1549,0,100,0,0,0,LEADER,1,0,0,0,0,99
273272,80,adaptive-prasle,1774,1,0,0,99,0,1386,0,1,80,271498,1774,0,100,0,0,0,LEADER,1,0,0,0,0,99
273006,54,adaptive-prasle,1516,1,0,0,99,0,1386,0,1,54,271490,1516,0,100,0,0,0,LEADER,1,0,0,0,0,99
273538,43,adaptive-prasle,2040,1,0,0,99,0,1386,0,1,43,271498,2040,0,100,0,0,0,LEADER,1,0,0,0,0,99
273458,26,adaptive-prasle,1960,1,0,0,99,0,1386,0,1,26,271498,1960,0,100,0,0,0,LEADER,1,0,0,0,0,99
273086,42,adaptive-prasle,1591,1,0,0,99,0,1386,0,1,42,271495,1591,0,100,0,0,0,LEADER,1,0,0,0,0,99
273096,31,adaptive-prasle,1598,1,0,0,99,0,1386,0,1,31,271498,1598,0,100,0,0,0,LEADER,1,0,0,0,0,99
273853,94,adaptive-prasle,2355,1,0,0,99,0,1386,0,1,94,271498,2355,0,100,0,0,0,LEADER,1,0,0,0,0,99
273423,45,adaptive-prasle,1925,1,0,0,99,0,1386,0,1,45,271498,1925,0,100,0,0,0,LEADER,1,0,0,0,0,99
273796,60,adaptive-prasle,2298,1,0,0,99,0,1386,0,1,60,271498,2298,0,100,0,0,0,LEADER,1,0,0,0,0,99
273901,44,adaptive-prasle,1483,1,0,0,99,0,1386,0,1,44,272418,1483,0,100,0,0,0,LEADER,1,0,0,0,0,99
273150,51,adaptive-prasle,1652,1,0,0,99,0,1386,0,1,51,271498,1652,0,100,0,0,0,LEADER,1,0,0,0,0,99
273949,22,adaptive-prasle,1531,1,0,0,99,0,1386,0,1,22,272418,1531,0,100,0,0,0,LEADER,1,0,0,0,0,99
273507,33,adaptive-prasle,2007,1,0,0,99,0,1386,0,1,33,271500,2007,0,100,0,0,0,LEADER,1,0,0,0,0,99
273662,72,adaptive-prasle,2162,1,0,0,99,0,1386,0,1,72,271500,2162,0,100,0,0,0,LEADER,1,0,0,0,0,99
273450,24,adaptive-prasle,1952,1,0,0,99,0,1386,0,1,24,271498,1952,0,100,0,0,0,LEADER,1,0,0,0,0,99
273980,32,adaptive-prasle,1564,1,0,0,99,0,1386,0,1,32,272416,1564,0,100,0,0,0,LEADER,1,0,0,0,0,99
273169,93,adaptive-prasle,1671,1,0,0,99,0,1386,0,1,93,271498,1671,0,100,0,0,0,LEADER,1,0,0,0,0,99
273828,79,adaptive-prasle,2331,1,0,0,99,0,1386,0,1,79,271497,2331,0,100,0,0,0,LEADER,1,0,0,0,0,99
273843,69,adaptive-prasle,2343,1,0,0,99,0,1386,0,1,69,271500,2343,0,100,0,0,0,LEADER,1,0,0,0,0,99
273523,75,adaptive-prasle,2025,1,0,0,99,0,1386,0,1,75,271498,2025,0,100,0,0,0,LEADER,1,0,0,0,0,99
273250,81,adaptive-prasle,1752,1,0,0,99,0,1386,0,1,81,271498,1752,0,100,0,0,0,LEADER,1,0,0,0,0,99
273108,52,adaptive-prasle,1610,1,0,0,99,0,1386,0,1,52,271498,1610,0,100,0,0,0,LEADER,1,0,0,0,0,99
273587,21,adaptive-prasle,2088,1,0,0,99,0,1386,0,1,21,271499,2088,0,100,0,0,0,LEADER,1,0,0,0,0,99
273763,29,adaptive-prasle,2265,1,0,0,99,0,1386,0,1,29,271498,2265,0,100,0,0,0,LEADER,1,0,0,0,0,99
273339,100,adaptive-prasle,1841,1,0,0,99,0,1386,0,1,100,271498,1841,0,100,0,0,0,LEADER,1,0,0,0,0,99
273184,61,adaptive-prasle,1686,1,0,0,99,0,1386,0,1,61,271498,1686,0,100,0,0,0,LEADER,1,0,0,0,0,99
273748,91,adaptive-prasle,2250,1,0,0,99,0,1386,0,1,91,271498,2250,0,100,0,0,0,LEADER,1,0,0,0,0,99
273708,37,adaptive-prasle,2210,1,0,0,99,0,1386,0,1,37,271498,2210,0,100,0,0,0,LEADER,1,0,0,0,0,99
273251,38,adaptive-prasle,1755,1,0,0,99,0,1386,0,1,38,271496,1755,0,100,0,0,0,LEADER,1,0,0,0,0,99
273917,98,adaptive-prasle,2419,1,0,0,99,0,1386,0,1,98,271498,2419,0,100,0,0,0,LEADER,1,0,0,0,0,99
273774,27,adaptive-prasle,2280,1,0,0,99,0,1386,0,1,27,271494,2280,0,100,0,0,0,LEADER,1,0,0,0,0,99
273626,62,adaptive-prasle,2128,1,0,0,99,0,1386,0,1,62,271498,2128,0,100,0,0,0,LEADER,1,0,0,0,0,99
273435,56,adaptive-prasle,1937,1,0,0,99,0,1386,0,1,56,271498,1937,0,100,0,0,0,LEADER,1,0,0,0,0,99
273821,99,adaptive-prasle,2328,1,0,0,99,0,1386,0,1,99,271493,2328,0,100,0,0,0,LEADER,1,0,0,0,0,99
273701,48,adaptive-prasle,2202,1,0,0,99,0,1386,0,1,48,271499,2202,0,100,0,0,0,LEADER,1,0,0,0,0,99
273217,71,adaptive-prasle,1719,1,0,0,99,0,1386,0,1,71,271498,1719,0,100,0,0,0,LEADER,1,0,0,0,0,99
273442,87,adaptive-prasle,1944,1,0,0,99,0,1386,0,1,87,271498,1944,0,100,0,0,0,LEADER,1,0,0,0,0,99
273368,36,adaptive-prasle,1870,1,0,0,99,0,1386,0,1,36,271498,1870,0,100,0,0,0,LEADER,1,0,0,0,0,99
273864,77,adaptive-prasle,1446,1,0,0,99,0,1386,0,1,77,272418,1446,0,100,0,0,0,LEADER,1,0,0,0,0,99
274057,83,adaptive-prasle,1637,1,0,0,99,0,1386,0,1,83,272420,1637,0,100,0,0,0,LEADER,1,0,0,0,0,99
273557,85,adaptive-prasle,2059,1,0,0,99,0,1386,0,1,85,271498,2059,0,100,0,0,0,LEADER,1,0,0,0,0,99
274085,19,adaptive-prasle,1667,1,0,0,99,0,1386,0,1,19,272418,1667,0,100,0,0,0,LEADER,1,0,0,0,0,99
274240,65,adaptive-prasle,1822,1,0,0,99,0,1386,0,1,65,272418,1822,0,100,0,0,0,LEADER,1,0,0,0,0,99
273846,35,adaptive-prasle,1428,1,0,0,99,0,1386,0,1,35,272418,1428,0,100,0,0,0,LEADER,1,0,0,0,0,99
273861,86,adaptive-prasle,1443,1,0,0,99,0,1386,0,1,86,272418,1443,0,100,0,0,0,LEADER,1,0,0,0,0,99
273904,50,adaptive-prasle,2406,1,0,0,99,0,1386,0,1,50,271498,2406,0,100,0,0,0,LEADER,1,0,0,0,0,99
273919,55,adaptive-prasle,1501,1,0,0,99,0,1386,0,1,55,272418,1501,0,100,0,0,0,LEADER,1,0,0,0,0,99
273958,63,adaptive-prasle,1540,1,0,0,99,0,1386,0,1,63,272418,1540,0,100,0,0,0,LEADER,1,0,0,0,0,99
274322,46,adaptive-prasle,1904,1,0,0,99,0,1386,0,1,46,272418,1904,0,100,0,0,0,LEADER,1,0,0,0,0,99
274117,53,adaptive-prasle,1701,1,0,0,99,0,1386,0,1,53,272416,1701,0,100,0,0,0,LEADER,1,0,0,0,0,99
273472,23,adaptive-prasle,1974,1,0,0,99,0,1386,0,1,23,271498,1974,0,100,0,0,0,LEADER,1,0,0,0,0,99
274340,88,adaptive-prasle,1922,1,0,0,99,0,1386,0,1,88,272418,1922,0,100,0,0,0,LEADER,1,0,0,0,0,99
273867,34,adaptive-prasle,1449,1,0,0,99,0,1386,0,1,34,272418,1449,0,100,0,0,0,LEADER,1,0,0,0,0,99
273477,97,adaptive-prasle,1977,1,0,0,99,0,1386,0,1,97,271500,1977,0,100,0,0,0,LEADER,1,0,0,0,0,99
273595,20,adaptive-prasle,2095,1,0,0,99,0,1386,0,1,20,271500,2095,0,100,0,0,0,LEADER,1,0,0,0,0,99
273675,40,adaptive-prasle,2177,1,0,0,99,0,1386,0,1,40,271498,2177,0,100,0,0,0,LEADER,1,0,0,0,0,99
273600,47,adaptive-prasle,2100,1,0,0,99,0,1386,0,1,47,271500,2100,0,100,0,0,0,LEADER,1,0,0,0,0,99
274510,95,adaptive-prasle,2092,1,0,0,99,0,1386,0,1,95,272418,2092,0,100,0,0,0,LEADER,1,0,0,0,0,99
273893,25,adaptive-prasle,2395,1,0,0,99,0,1386,0,1,25,271498,2395,0,100,0,0,0,LEADER,1,0,0,0,0,99
274498,84,adaptive-prasle,2080,1,0,0,99,0,1386,0,1,84,272418,2080,0,100,0,0,0,LEADER,1,0,0,0,0,99
273775,70,adaptive-prasle,2277,1,0,0,99,0,1386,0,1,70,271498,2277,0,100,0,0,0,LEADER,1,0,0,0,0,99
273693,82,adaptive-prasle,2195,1,0,0,99,0,1386,0,1,82,271498,2195,0,100,0,0,0,LEADER,1,0,0,0,0,99
273911,67,adaptive-prasle,2413,1,0,0,99,0,1386,0,1,67,271498,2413,0,100,0,0,0,LEADER,1,0,0,0,0,99
273863,89,adaptive-prasle,2365,1,0,0,99,0,1386,0,1,89,271498,2365,0,100,0,0,0,LEADER,1,0,0,0,0,99
274531,28,adaptive-prasle,2113,1,0,0,99,0,1386,0,1,28,272418,2113,0,100,0,0,0,LEADER,1,0,0,0,0,99
274294,15,adaptive-prasle,2361,1,0,0,17,15,238,210,4,5,271933,2361,0,8,0,0,0,NORMAL,0,0,0,0,0,17
274275,68,adaptive-prasle,1855,1,0,0,99,0,1386,0,1,68,272420,1855,0,100,0,0,0,LEADER,1,0,0,0,0,99
274226,90,adaptive-prasle,1807,1,0,0,99,0,1386,0,1,90,272419,1807,0,100,0,0,0,LEADER,1,0,0,0,0,99
273886,76,adaptive-prasle,1468,1,0,0,99,0,1386,0,1,76,272418,1468,0,100,0,0,0,LEADER,1,0,0,0,0,99
274639,58,adaptive-prasle,2221,1,0,0,99,0,1386,0,1,58,272418,2221,0,100,0,0,0,LEADER,1,0,0,0,0,99
274207,10,adaptive-prasle,1789,1,0,0,99,0,1386,0,1,10,272418,1789,0,100,0,0,0,LEADER,1,0,0,0,0,99
274022,73,adaptive-prasle,1604,1,0,0,99,0,1386,0,1,73,272418,1604,0,100,0,0,0,LEADER,1,0,0,0,0,99
273763,59,adaptive-prasle,2265,1,0,0,99,0,1386,0,1,59,271498,2265,0,100,0,0,0,LEADER,1,0,0,0,0,99
274037,41,adaptive-prasle,1619,1,0,0,99,0,1386,0,1,41,272418,1619,0,100,0,0,0,LEADER,1,0,0,0,0,99
273952,96,adaptive-prasle,1534,1,0,0,99,0,1386,0,1,96,272418,1534,0,100,0,0,0,LEADER,1,0,0,0,0,99
274251,74,adaptive-prasle,1837,1,0,0,99,0,1386,0,1,74,272414,1837,0,100,0,0,0,LEADER,1,0,0,0,0,99
274185,49,adaptive-prasle,1767,1,0,0,99,0,1386,0,1,49,272418,1767,0,100,0,0,0,LEADER,1,0,0,0,0,99
274646,92,adaptive-prasle,2228,1,0,0,99,0,1386,0,1,92,272418,2228,0,100,0,0,0,LEADER,1,0,0,0,0,99
273854,66,adaptive-prasle,1434,1,0,0,99,0,1386,0,1,66,272420,1434,0,100,0,0,0,LEADER,1,0,0,0,0,99
273878,57,adaptive-prasle,2380,1,0,0,99,0,1386,0,1,57,271498,2380,0,100,0,0,0,LEADER,1,0,0,0,0,99
274678,78,adaptive-prasle,2260,1,0,0,99,0,1386,0,1,78,272418,2260,0,100,0,0,0,LEADER,1,0,0,0,0,99
273844,39,adaptive-prasle,2346,1,0,0,99,0,1386,0,1,39,271498,2346,0,100,0,0,0,LEADER,1,0,0,0,0,99
274561,30,adaptive-prasle,2143,1,0,0,99,0,1386,0,1,30,272418,2143,0,100,0,0,0,LEADER,1,0,0,0,0,99
273967,64,adaptive-prasle,1549,1,0,0,99,0,1386,0,1,64,272418,1549,0,100,0,0,0,LEADER,1,0,0,0,0,99
274192,80,adaptive-prasle,1774,1,0,0,99,0,1386,0,1,80,272418,1774,0,100,0,0,0,LEADER,1,0,0,0,0,99
273926,54,adaptive-prasle,1516,1,0,0,99,0,1386,0,1,54,272410,1516,0,100,0,0,0,LEADER,1,0,0,0,0,99
274458,43,adaptive-prasle,2040,1,0,0,99,0,1386,0,1,43,272418,2040,0,100,0,0,0,LEADER,1,0,0,0,0,99
274378,26,adaptive-prasle,1960,1,0,0,99,0,1386,0,1,26,272418,1960,0,100,0,0,0,LEADER,1,0,0,0,0,99
274006,42,adaptive-prasle,1591,1,0,0,99,0,1386,0,1,42,272415,1591,0,100,0,0,0,LEADER,1,0,0,0,0,99
274016,31,adaptive-prasle,1598,1,0,0,99,0,1386,0,1,31,272418,1598,0,100,0,0,0,LEADER,1,0,0,0,0,99
274773,94,adaptive-prasle,2355,1,0,0,99,0,1386,0,1,94,272418,2355,0,100,0,0,0,LEADER,1,0,0,0,0,99
274343,45,adaptive-prasle,1925,1,0,0,99,0,1386,0,1,45,272418,1925,0,100,0,0,0,LEADER,1,0,0,0,0,99
274716,60,adaptive-prasle,2298,1,0,0,99,0,1386,0,1,60,272418,2298,0,100,0,0,0,LEADER,1,0,0,0,0,99
274822,44,adaptive-prasle,1483,1,0,0,100,0,1400,0,1,44,273339,1483,0,101,0,0,0,LEADER,1,0,0,0,0,100
274070,51,adaptive-prasle,1652,1,0,0,99,0,1386,0,1,51,272418,1652,0,100,0,0,0,LEADER,1,0,0,0,0,99
274427,33,adaptive-prasle,2007,1,0,0,99,0,1386,0,1,33,272420,2007,0,100,0,0,0,LEADER,1,0,0,0,0,99
274870,22,adaptive-prasle,1531,1,0,0,100,0,1400,0,1,22,273339,1531,0,101,0,0,0,LEADER,1,0,0,0,0,100
274582,72,adaptive-prasle,2162,1,0,0,99,0,1386,0,1,72,272420,2162,0,100,0,0,0,LEADER,1,0,0,0,0,99
274370,24,adaptive-prasle,1952,1,0,0,99,0,1386,0,1,24,272418,1952,0,100,0,0,0,LEADER,1,0,0,0,0,99
274901,32,adaptive-prasle,1564,1,0,0,100,0,1400,0,1,32,273337,1564,0,101,0,0,0,LEADER,1,0,0,0,0,100
274089,93,adaptive-prasle,1671,1,0,0,99,0,1386,0,1,93,272418,1671,0,100,0,0,0,LEADER,1,0,0,0,0,99
274748,79,adaptive-prasle,2331,1,0,0,99,0,1386,0,1,79,272417,2331,0,100,0,0,0,LEADER,1,0,0,0,0,99
274763,69,adaptive-prasle,2343,1,0,0,99,0,1386,0,1,69,272420,2343,0,100,0,0,0,LEADER,1,0,0,0,0,99
274443,75,adaptive-prasle,2025,1,0,0,99,0,1386,0,1,75,272418,2025,0,100,0,0,0,LEADER,1,0,0,0,0,99
274170,81,adaptive-prasle,1752,1,0,0,99,0,1386,0,1,81,272418,1752,0,100,0,0,0,LEADER,1,0,0,0,0,99
274028,52,adaptive-prasle,1610,1,0,0,99,0,1386,0,1,52,272418,1610,0,100,0,0,0,LEADER,1,0,0,0,0,99
274507,21,adaptive-prasle,2088,1,0,0,99,0,1386,0,1,21,272419,2088,0,100,0,0,0,LEADER,1,0,0,0,0,99
274683,29,adaptive-prasle,2265,1,0,0,99,0,1386,0,1,29,272418,2265,0,100,0,0,0,LEADER,1,0,0,0,0,99
274259,100,adaptive-prasle,1841,1,0,0,99,0,1386,0,1,100,272418,1841,0,100,0,0,0,LEADER,1,0,0,0,0,99
274104,61,adaptive-prasle,1686,1,0,0,99,0,1386,0,1,61,272418,1686,0,100,0,0,0,LEADER,1,0,0,0,0,99
274668,91,adaptive-prasle,2250,1,0,0,99,0,1386,0,1,91,272418,2250,0,100,0,0,0,LEADER,1,0,0,0,0,99
274628,37,adaptive-prasle,2210,1,0,0,99,0,1386,0,1,37,272418,2210,0,100,0,0,0,LEADER,1,0,0,0,0,99
274171,38,adaptive-prasle,1755,1,0,0,99,0,1386,0,1,38,272416,1755,0,100,0,0,0,LEADER,1,0,0,0,0,99
274837,98,adaptive-prasle,2419,1,0,0,99,0,1386,0,1,98,272418,2419,0,100,0,0,0,LEADER,1,0,0,0,0,99
274694,27,adaptive-prasle,2280,1,0,0,99,0,1386,0,1,27,272414,2280,0,100,0,0,0,LEADER,1,0,0,0,0,99
274546,62,adaptive-prasle,2128,1,0,0,99,0,1386,0,1,62,272418,2128,0,100,0,0,0,LEADER,1,0,0,0,0,99
274355,56,adaptive-prasle,1937,1,0,0,99,0,1386,0,1,56,272418,1937,0,100,0,0,0,LEADER,1,0,0,0,0,99
274741,99,adaptive-prasle,2328,1,0,0,99,0,1386,0,1,99,272413,2328,0,100,0,0,0,LEADER,1,0,0,0,0,99
274621,48,adaptive-prasle,2202,1,0,0,99,0,1386,0,1,48,272419,2202,0,100,0,0,0,LEADER,1,0,0,0,0,99
274137,71,adaptive-prasle,1719,1,0,0,99,0,1386,0,1,71,272418,1719,0,100,0,0,0,LEADER,1,0,0,0,0,99
274362,87,adaptive-prasle,1944,1,0,0,99,0,1386,0,1,87,272418,1944,0,100,0,0,0,LEADER,1,0,0,0,0,99
274288,36,adaptive-prasle,1870,1,0,0,99,0,1386,0,1,36,272418,1870,0,100,0,0,0,LEADER,1,0,0,0,0,99
274785,77,adaptive-prasle,1446,1,0,0,100,0,1400,0,1,77,273339,1446,0,101,0,0,0,LEADER,1,0,0,0,0,100
274978,83,adaptive-prasle,1637,1,0,0,100,0,1400,0,1,83,273341,1637,0,101,0,0,0,LEADER,1,0,0,0,0,100
274477,85,adaptive-prasle,2059,1,0,0,99,0,1386,0,1,85,272418,2059,0,100,0,0,0,LEADER,1,0,0,0,0,99
275006,19,adaptive-prasle,1667,1,0,0,100,0,1400,0,1,19,273339,1667,0,101,0,0,0,LEADER,1,0,0,0,0,100
275161,65,adaptive-prasle,1822,1,0,0,100,0,1400,0,1,65,273339,1822,0,101,0,0,0,LEADER,1,0,0,0,0,100
274767,35,adaptive-prasle,1428,1,0,0,100,0,1400,0,1,35,273339,1428,0,101,0,0,0,LEADER,1,0,0,0,0,100
274782,86,adaptive-prasle,1443,1,0,0,100,0,1400,0,1,86,273339,1443,0,101,0,0,0,LEADER,1,0,0,0,0,100
274824,50,adaptive-prasle,2406,1,0,0,99,0,1386,0,1,50,272418,2406,0,100,0,0,0,LEADER,1,0,0,0,0,99
274840,55,adaptive-prasle,1501,1,0,0,100,0,1400,0,1,55,273339,1501,0,101,0,0,0,LEADER,1,0,0,0,0,100
274879,63,adaptive-prasle,1540,1,0,0,100,0,1400,0,1,63,273339,1540,0,101,0,0,0,LEADER,1,0,0,0,0,100
275243,46,adaptive-prasle,1904,1,0,0,100,0,1400,0,1,46,273339,1904,0,101,0,0,0,LEADER,1,0,0,0,0,100
275038,53,adaptive-prasle,1701,1,0,0,100,0,1400,0,1,53,273337,1701,0,101,0,0,0,LEADER,1,0,0,0,0,100
274392,23,adaptive-prasle,1974,1,0,0,99,0,1386,0,1,23,272418,1974,0,100,0,0,0,LEADER,1,0,0,0,0,99
275261,88,adaptive-prasle,1922,1,0,0,100,0,1400,0,1,88,273339,1922,0,101,0,0,0,LEADER,1,0,0,0,0,100
274788,34,adaptive-prasle,1449,1,0,0,100,0,1400,0,1,34,273339,1449,0,101,0,0,0,LEADER,1,0,0,0,0,100
274397,97,adaptive-prasle,1977,1,0,0,99,0,1386,0,1,97,272420,1977,0,100,0,0,0,LEADER,1,0,0,0,0,99
274515,20,adaptive-prasle,2095,1,0,0,99,0,1386,0,1,20,272420,2095,0,100,0,0,0,LEADER,1,0,0,0,0,99
274595,40,adaptive-prasle,2177,1,0,0,99,0,1386,0,1,40,272418,2177,0,100,0,0,0,LEADER,1,0,0,0,0,99
274520,47,adaptive-prasle,2100,1,0,0,99,0,1386,0,1,47,272420,2100,0,100,0,0,0,LEADER,1,0,0,0,0,99
275431,95,adaptive-prasle,2092,1,0,0,100,0,1400,0,1,95,273339,2092,0,101,0,0,0,LEADER,1,0,0,0,0,100
274813,25,adaptive-prasle,2395,1,0,0,99,0,1386,0,1,25,272418,2395,0,100,0,0,0,LEADER,1,0,0,0,0,99
275419,84,adaptive-prasle,2080,1,0,0,100,0,1400,0,1,84,273339,2080,0,101,0,0,0,LEADER,1,0,0,0,0,100
274695,70,adaptive-prasle,2277,1,0,0,99,0,1386,0,1,70,272418,2277,0,100,0,0,0,LEADER,1,0,0,0,0,99
274613,82,adaptive-prasle,2195,1,0,0,99,0,1386,0,1,82,272418,2195,0,100,0,0,0,LEADER,1,0,0,0,0,99
274831,67,adaptive-prasle,2413,1,0,0,99,0,1386,0,1,67,272418,2413,0,100,0,0,0,LEADER,1,0,0,0,0,99
274783,89,adaptive-prasle,2365,1,0,0,99,0,1386,0,1,89,272418,2365,0,100,0,0,0,LEADER,1,0,0,0,0,99
275452,28,adaptive-prasle,2113,1,0,0,100,0,1400,0,1,28,273339,2113,0,101,0,0,0,LEADER,1,0,0,0,0,100
275196,68,adaptive-prasle,1855,1,0,0,100,0,1400,0,1,68,273341,1855,0,101,0,0,0,LEADER,1,0,0,0,0,100
275147,90,adaptive-prasle,1807,1,0,0,100,0,1400,0,1,90,273340,1807,0,101,0,0,0,LEADER,1,0,0,0,0,100
274807,76,adaptive-prasle,1468,1,0,0,100,0,1400,0,1,76,273339,1468,0,101,0,0,0,LEADER,1,0,0,0,0,100
275128,10,adaptive-prasle,1789,1,0,0,100,0,1400,0,1,10,273339,1789,0,101,0,0,0,LEADER,1,0,0,0,0,100
275560,58,adaptive-prasle,2221,1,0,0,100,0,1400,0,1,58,273339,2221,0,101,0,0,0,LEADER,1,0,0,0,0,100
274943,73,adaptive-prasle,1604,1,0,0,100,0,1400,0,1,73,273339,1604,0,101,0,0,0,LEADER,1,0,0,0,0,100
274683,59,adaptive-prasle,2265,1,0,0,99,0,1386,0,1,59,272418,2265,0,100,0,0,0,LEADER,1,0,0,0,0,99
274958,41,adaptive-prasle,1619,1,0,0,100,0,1400,0,1,41,273339,1619,0,101,0,0,0,LEADER,1,0,0,0,0,100
274873,96,adaptive-prasle,1534,1,0,0,100,0,1400,0,1,96,273339,1534,0,101,0,0,0,LEADER,1,0,0,0,0,100
275172,74,adaptive-prasle,1837,1,0,0,100,0,1400,0,1,74,273335,1837,0,101,0,0,0,LEADER,1,0,0,0,0,100
275106,49,adaptive-prasle,1767,1,0,0,100,0,1400,0,1,49,273339,1767,0,101,0,0,0,LEADER,1,0,0,0,0,100
275567,92,adaptive-prasle,2228,1,0,0,100,0,1400,0,1,92,273339,2228,0,101,0,0,0,LEADER,1,0,0,0,0,100
274775,66,adaptive-prasle,1434,1,0,0,100,0,1400,0,1,66,273341,1434,0,101,0,0,0,LEADER,1,0,0,0,0,100
274798,57,adaptive-prasle,2380,1,0,0,99,0,1386,0,1,57,272418,2380,0,100,0,0,0,LEADER,1,0,0,0,0,99
275599,78,adaptive-prasle,2260,1,0,0,100,0,1400,0,1,78,273339,2260,0,101,0,0,0,LEADER,1,0,0,0,0,100
274764,39,adaptive-prasle,2346,1,0,0,99,0,1386,0,1,39,272418,2346,0,100,0,0,0,LEADER,1,0,0,0,0,99
275482,30,adaptive-prasle,2143,1,0,0,100,0,1400,0,1,30,273339,2143,0,101,0,0,0,LEADER,1,0,0,0,0,100
274888,64,adaptive-prasle,1549,1,0,0,100,0,1400,0,1,64,273339,1549,0,101,0,0,0,LEADER,1,0,0,0,0,100
275113,80,adaptive-prasle,1774,1,0,0,100,0,1400,0,1,80,273339,1774,0,101,0,0,0,LEADER,1,0,0,0,0,100
274847,54,adaptive-prasle,1516,1,0,0,100,0,1400,0,1,54,273331,1516,0,101,0,0,0,LEADER,1,0,0,0,0,100
275379,43,adaptive-prasle,2040,1,0,0,100,0,1400,0,1,43,273339,2040,0,101,0,0,0,LEADER,1,0,0,0,0,100
275299,26,adaptive-prasle,1960,1,0,0,100,0,1400,0,1,26,273339,1960,0,101,0,0,0,LEADER,1,0,0,0,0,100
274927,42,adaptive-prasle,1591,1,0,0,100,0,1400,0,1,42,273336,1591,0,101,0,0,0,LEADER,1,0,0,0,0,100
274937,31,adaptive-prasle,1598,1,0,0,100,0,1400,0,1,31,273339,1598,0,101,0,0,0,LEADER,1,0,0,0,0,100
275694,94,adaptive-prasle,2355,1,0,0,100,0,1400,0,1,94,273339,2355,0,101,0,0,0,LEADER,1,0,0,0,0,100
275264,45,adaptive-prasle,1925,1,0,0,100,0,1400,0,1,45,273339,1925,0,101,0,0,0,LEADER,1,0,0,0,0,100
275637,60,adaptive-prasle,2298,1,0,0,100,0,1400,0,1,60,273339,2298,0,101,0,0,0,LEADER,1,0,0,0,0,100
275742,44,adaptive-prasle,1483,1,0,0,100,0,1400,0,1,44,274259,1483,0,101,0,0,0,LEADER,1,0,0,0,0,100
274991,51,adaptive-prasle,1652,1,0,0,100,0,1400,0,1,51,273339,1652,0,101,0,0,0,LEADER,1,0,0,0,0,100
275790,22,adaptive-prasle,1531,1,0,0,100,0,1400,0,1,22,274259,1531,0,101,0,0,0,LEADER,1,0,0,0,0,100
275348,33,adaptive-prasle,2007,1,0,0,100,0,1400,0,1,33,273341,2007,0,101,0,0,0,LEADER,1,0,0,0,0,100
275503,72,adaptive-prasle,2162,1,0,0,100,0,1400,0,1,72,273341,2162,0,101,0,0,0,LEADER,1,0,0,0,0,100
275291,24,adaptive-prasle,1952,1,0,0,100,0,1400,0,1,24,273339,1952,0,101,0,0,0,LEADER,1,0,0,0,0,100
275821,32,adaptive-prasle,1564,1,0,0,100,0,1400,0,1,32,274257,1564,0,101,0,0,0,LEADER,1,0,0,0,0,100
275010,93,adaptive-prasle,1671,1,0,0,100,0,1400,0,1,93,273339,1671,0,101,0,0,0,LEADER,1,0,0,0,0,100
275684,69,adaptive-prasle,2343,1,0,0,100,0,1400,0,1,69,273341,2343,0,101,0,0,0,LEADER,1,0,0,0,0,100
275669,79,adaptive-prasle,2331,1,0,0,100,0,1400,0,1,79,273338,2331,0,101,0,0,0,LEADER,1,0,0,0,0,100
275364,75,adaptive-prasle,2025,1,0,0,100,0,1400,0,1,75,273339,2025,0,101,0,0,0,LEADER,1,0,0,0,0,100
275091,81,adaptive-prasle,1752,1,0,0,100,0,1400,0,1,81,273339,1752,0,101,0,0,0,LEADER,1,0,0,0,0,100
274949,52,adaptive-prasle,1610,1,0,0,100,0,1400,0,1,52,273339,1610,0,101,0,0,0,LEADER,1,0,0,0,0,100
275428,21,adaptive-prasle,2088,1,0,0,100,0,1400,0,1,21,273340,2088,0,101,0,0,0,LEADER,1,0,0,0,0,100
275604,29,adaptive-prasle,2265,1,0,0,100,0,1400,0,1,29,273339,2265,0,101,0,0,0,LEADER,1,0,0,0,0,100
275180,100,adaptive-prasle,1841,1,0,0,100,0,1400,0,1,100,273339,1841,0,101,0,0,0,LEADER,1,0,0,0,0,100
275025,61,adaptive-prasle,1686,1,0,0,100,0,1400,0,1,61,273339,1686,0,101,0,0,0,LEADER,1,0,0,0,0,100
275589,91,adaptive-prasle,2250,1,0,0,100,0,1400,0,1,91,273339,2250,0,101,0,0,0,LEADER,1,0,0,0,0,100
275549,37,adaptive-prasle,2210,1,0,0,100,0,1400,0,1,37,273339,2210,0,101,0,0,0,LEADER,1,0,0,0,0,100
275092,38,adaptive-prasle,1755,1,0,0,100,0,1400,0,1,38,273337,1755,0,101,0,0,0,LEADER,1,0,0,0,0,100
275758,98,adaptive-prasle,2419,1,0,0,100,0,1400,0,1,98,273339,2419,0,101,0,0,0,LEADER,1,0,0,0,0,100
275615,27,adaptive-prasle,2280,1,0,0,100,0,1400,0,1,27,273335,2280,0,101,0,0,0,LEADER,1,0,0,0,0,100
275467,62,adaptive-prasle,2128,1,0,0,100,0,1400,0,1,62,273339,2128,0,101,0,0,0,LEADER,1,0,0,0,0,100
275276,56,adaptive-prasle,1937,1,0,0,100,0,1400,0,1,56,273339,1937,0,101,0,0,0,LEADER,1,0,0,0,0,100
275662,99,adaptive-prasle,2328,1,0,0,100,0,1400,0,1,99,273334,2328,0,101,0,0,0,LEADER,1,0,0,0,0,100
275542,48,adaptive-prasle,2202,1,0,0,100,0,1400,0,1,48,273340,2202,0,101,0,0,0,LEADER,1,0,0,0,0,100
275058,71,adaptive-prasle,1719,1,0,0,100,0,1400,0,1,71,273339,1719,0,101,0,0,0,LEADER,1,0,0,0,0,100
275283,87,adaptive-prasle,1944,1,0,0,100,0,1400,0,1,87,273339,1944,0,101,0,0,0,LEADER,1,0,0,0,0,100
275209,36,adaptive-prasle,1870,1,0,0,100,0,1400,0,1,36,273339,1870,0,101,0,0,0,LEADER,1,0,0,0,0,100
275705,77,adaptive-prasle,1446,1,0,0,100,0,1400,0,1,77,274259,1446,0,101,0,0,0,LEADER,1,0,0,0,0,100
275898,83,adaptive-prasle,1637,1,0,0,100,0,1400,0,1,83,274261,1637,0,101,0,0,0,LEADER,1,0,0,0,0,100
275398,85,adaptive-prasle,2059,1,0,0,100,0,1400,0,1,85,273339,2059,0,101,0,0,0,LEADER,1,0,0,0,0,100
275926,19,adaptive-prasle,1667,1,0,0,100,0,1400,0,1,19,274259,1667,0,101,0,0,0,LEADER,1,0,0,0,0,100
276081,65,adaptive-prasle,1822,1,0,0,100,0,1400,0,1,65,274259,1822,0,101,0,0,0,LEADER,1,0,0,0,0,100
275687,35,adaptive-prasle,1428,1,0,0,100,0,1400,0,1,35,274259,1428,0,101,0,0,0,LEADER,1,0,0,0,0,100
275702,86,adaptive-prasle,1443,1,0,0,100,0,1400,0,1,86,274259,1443,0,101,0,0,0,LEADER,1,0,0,0,0,100
275745,50,adaptive-prasle,2406,1,0,0,100,0,1400,0,1,50,273339,2406,0,101,0,0,0,LEADER,1,0,0,0,0,100
275760,55,adaptive-prasle,1501,1,0,0,100,0,1400,0,1,55,274259,1501,0,101,0,0,0,LEADER,1,0,0,0,0,100
275799,63,adaptive-prasle,1540,1,0,0,100,0,1400,0,1,63,274259,1540,0,101,0,0,0,LEADER,1,0,0,0,0,100
276163,46,adaptive-prasle,1904,1,0,0,100,0,1400,0,1,46,274259,1904,0,101,0,0,0,LEADER,1,0,0,0,0,100
275958,53,adaptive-prasle,1701,1,0,0,100,0,1400,0,1,53,274257,1701,0,101,0,0,0,LEADER,1,0,0,0,0,100
275313,23,adaptive-prasle,1974,1,0,0,100,0,1400,0,1,23,273339,1974,0,101,0,0,0,LEADER,1,0,0,0,0,100
276181,88,adaptive-prasle,1922,1,0,0,100,0,1400,0,1,88,274259,1922,0,101,0,0,0,LEADER,1,0,0,0,0,100
275708,34,adaptive-prasle,1449,1,0,0,100,0,1400,0,1,34,274259,1449,0,101,0,0,0,LEADER,1,0,0,0,0,100
275318,97,adaptive-prasle,1977,1,0,0,100,0,1400,0,1,97,273341,1977,0,101,0,0,0,LEADER,1,0,0,0,0,100
275898,16,adaptive-prasle,1805,1,0,0,24,19,336,266,6,5,274093,1805,0,8,0,0,0,NORMAL,0,0,0,0,0,24
275436,20,adaptive-prasle,2095,1,0,0,100,0,1400,0,1,20,273341,2095,0,101,0,0,0,LEADER,1,0,0,0,0,100
275516,40,adaptive-prasle,2177,1,0,0,100,0,1400,0,1,40,273339,2177,0,101,0,0,0,LEADER,1,0,0,0,0,100
275441,47,adaptive-prasle,2100,1,0,0,100,0,1400,0,1,47,273341,2100,0,101,0,0,0,LEADER,1,0,0,0,0,100
276351,95,adaptive-prasle,2092,1,0,0,100,0,1400,0,1,95,274259,2092,0,101,0,0,0,LEADER,1,0,0,0,0,100
275734,25,adaptive-prasle,2395,1,0,0,100,0,1400,0,1,25,273339,2395,0,101,0,0,0,LEADER,1,0,0,0,0,100
276339,84,adaptive-prasle,2080,1,0,0,100,0,1400,0,1,84,274259,2080,0,101,0,0,0,LEADER,1,0,0,0,0,100
275616,70,adaptive-prasle,2277,1,0,0,100,0,1400,0,1,70,273339,2277,0,101,0,0,0,LEADER,1,0,0,0,0,100
275534,82,adaptive-prasle,2195,1,0,0,100,0,1400,0,1,82,273339,2195,0,101,0,0,0,LEADER,1,0,0,0,0,100
275752,67,adaptive-prasle,2413,1,0,0,100,0,1400,0,1,67,273339,2413,0,101,0,0,0,LEADER,1,0,0,0,0,100
275704,89,adaptive-prasle,2365,1,0,0,100,0,1400,0,1,89,273339,2365,0,101,0,0,0,LEADER,1,0,0,0,0,100
276372,28,adaptive-prasle,2113,1,0,0,100,0,1400,0,1,28,274259,2113,0,101,0,0,0,LEADER,1,0,0,0,0,100
276116,68,adaptive-prasle,1855,1,0,0,100,0,1400,0,1,68,274261,1855,0,101,0,0,0,LEADER,1,0,0,0,0,100
276067,90,adaptive-prasle,1807,1,0,0,100,0,1400,0,1,90,274260,1807,0,101,0,0,0,LEADER,1,0,0,0,0,100
275727,76,adaptive-prasle,1468,1,0,0,100,0,1400,0,1,76,274259,1468,0,101,0,0,0,LEADER,1,0,0,0,0,100
276048,10,adaptive-prasle,1789,1,0,0,100,0,1400,0,1,10,274259,1789,0,101,0,0,0,LEADER,1,0,0,0,0,100
276480,58,adaptive-prasle,2221,1,0,0,100,0,1400,0,1,58,274259,2221,0,101,0,0,0,LEADER,1,0,0,0,0,100
275863,73,adaptive-prasle,1604,1,0,0,100,0,1400,0,1,73,274259,1604,0,101,0,0,0,LEADER,1,0,0,0,0,100
275604,59,adaptive-prasle,2265,1,0,0,100,0,1400,0,1,59,273339,2265,0,101,0,0,0,LEADER,1,0,0,0,0,100
275878,41,adaptive-prasle,1619,1,0,0,100,0,1400,0,1,41,274259,1619,0,101,0,0,0,LEADER,1,0,0,0,0,100
275793,96,adaptive-prasle,1534,1,0,0,100,0,1400,0,1,96,274259,1534,0,101,0,0,0,LEADER,1,0,0,0,0,100
276092,74,adaptive-prasle,1837,1,0,0,100,0,1400,0,1,74,274255,1837,0,101,0,0,0,LEADER,1,0,0,0,0,100
276026,49,adaptive-prasle,1767,1,0,0,100,0,1400,0,1,49,274259,1767,0,101,0,0,0,LEADER,1,0,0,0,0,100
276487,92,adaptive-prasle,2228,1,0,0,100,0,1400,0,1,92,274259,2228,0,101,0,0,0,LEADER,1,0,0,0,0,100
275695,66,adaptive-prasle,1434,1,0,0,100,0,1400,0,1,66,274261,1434,0,101,0,0,0,LEADER,1,0,0,0,0,100
275719,57,adaptive-prasle,2380,1,0,0,100,0,1400,0,1,57,273339,2380,0,101,0,0,0,LEADER,1,0,0,0,0,100
276519,78,adaptive-prasle,2260,1,0,0,100,0,1400,0,1,78,274259,2260,0,101,0,0,0,LEADER,1,0,0,0,0,100
275685,39,adaptive-prasle,2346,1,0,0,100,0,1400,0,1,39,273339,2346,0,101,0,0,0,LEADER,1,0,0,0,0,100
276402,30,adaptive-prasle,2143,1,0,0,100,0,1400,0,1,30,274259,2143,0,101,0,0,0,LEADER,1,0,0,0,0,100
275808,64,adaptive-prasle,1549,1,0,0,100,0,1400,0,1,64,274259,1549,0,101,0,0,0,LEADER,1,0,0,0,0,100
276033,80,adaptive-prasle,1774,1,0,0,100,0,1400,0,1,80,274259,1774,0,101,0,0,0,LEADER,1,0,0,0,0,100
275767,54,adaptive-prasle,1516,1,0,0,100,0,1400,0,1,54,274251,1516,0,101,0,0,0,LEADER,1,0,0,0,0,100
276299,43,adaptive-prasle,2040,1,0,0,100,0,1400,0,1,43,274259,2040,0,101,0,0,0,LEADER,1,0,0,0,0,100
276219,26,adaptive-prasle,1960,1,0,0,100,0,1400,0,1,26,274259,1960,0,101,0,0,0,LEADER,1,0,0,0,0,100
275847,42,adaptive-prasle,1591,1,0,0,100,0,1400,0,1,42,274256,1591,0,101,0,0,0,LEADER,1,0,0,0,0,100
275857,31,adaptive-prasle,1598,1,0,0,100,0,1400,0,1,31,274259,1598,0,101,0,0,0,LEADER,1,0,0,0,0,100
276614,94,adaptive-prasle,2355,1,0,0,100,0,1400,0,1,94,274259,2355,0,101,0,0,0,LEADER,1,0,0,0,0,100
276184,45,adaptive-prasle,1925,1,0,0,100,0,1400,0,1,45,274259,1925,0,101,0,0,0,LEADER,1,0,0,0,0,100
276557,60,adaptive-prasle,2298,1,0,0,100,0,1400,0,1,60,274259,2298,0,101,0,0,0,LEADER,1,0,0,0,0,100
276662,44,adaptive-prasle,1483,1,0,0,100,0,1400,0,1,44,275179,1483,0,101,0,0,0,LEADER,1,0,0,0,0,100
275911,51,adaptive-prasle,1652,1,0,0,100,0,1400,0,1,51,274259,1652,0,101,0,0,0,LEADER,1,0,0,0,0,100
276710,22,adaptive-prasle,1531,1,0,0,100,0,1400,0,1,22,275179,1531,0,101,0,0,0,LEADER,1,0,0,0,0,100
276268,33,adaptive-prasle,2007,1,0,0,100,0,1400,0,1,33,274261,2007,0,101,0,0,0,LEADER,1,0,0,0,0,100
276423,72,adaptive-prasle,2162,1,0,0,100,0,1400,0,1,72,274261,2162,0,101,0,0,0,LEADER,1,0,0,0,0,100
276211,24,adaptive-prasle,1952,1,0,0,100,0,1400,0,1,24,274259,1952,0,101,0,0,0,LEADER,1,0,0,0,0,100
276741,32,adaptive-prasle,1564,1,0,0,100,0,1400,0,1,32,275177,1564,0,101,0,0,0,LEADER,1,0,0,0,0,100
275930,93,adaptive-prasle,1671,1,0,0,100,0,1400,0,1,93,274259,1671,0,101,0,0,0,LEADER,1,0,0,0,0,100
276589,79,adaptive-prasle,2331,1,0,0,100,0,1400,0,1,79,274258,2331,0,101,0,0,0,LEADER,1,0,0,0,0,100
276604,69,adaptive-prasle,2343,1,0,0,100,0,1400,0,1,69,274261,2343,0,101,0,0,0,LEADER,1,0,0,0,0,100
276284,75,adaptive-prasle,2025,1,0,0,100,0,1400,0,1,75,274259,2025,0,101,0,0,0,LEADER,1,0,0,0,0,100
276011,81,adaptive-prasle,1752,1,0,0,100,0,1400,0,1,81,274259,1752,0,101,0,0,0,LEADER,1,0,0,0,0,100
275869,52,adaptive-prasle,1610,1,0,0,100,0,1400,0,1,52,274259,1610,0,101,0,0,0,LEADER,1,0,0,0,0,100
276348,21,adaptive-prasle,2088,1,0,0,100,0,1400,0,1,21,274260,2088,0,101,0,0,0,LEADER,1,0,0,0,0,100
276524,29,adaptive-prasle,2265,1,0,0,100,0,1400,0,1,29,274259,2265,0,101,0,0,0,LEADER,1,0,0,0,0,100
276100,100,adaptive-prasle,1841,1,0,0,100,0,1400,0,1,100,274259,1841,0,101,0,0,0,LEADER,1,0,0,0,0,100
275945,61,adaptive-prasle,1686,1,0,0,100,0,1400,0,1,61,274259,1686,0,101,0,0,0,LEADER,1,0,0,0,0,100
276509,91,adaptive-prasle,2250,1,0,0,100,0,1400,0,1,91,274259,2250,0,101,0,0,0,LEADER,1,0,0,0,0,100
276469,37,adaptive-prasle,2210,1,0,0,100,0,1400,0,1,37,274259,2210,0,101,0,0,0,LEADER,1,0,0,0,0,100
276012,38,adaptive-prasle,1755,1,0,0,100,0,1400,0,1,38,274257,1755,0,101,0,0,0,LEADER,1,0,0,0,0,100
276678,98,adaptive-prasle,2419,1,0,0,100,0,1400,0,1,98,274259,2419,0,101,0,0,0,LEADER,1,0,0,0,0,100
276535,27,adaptive-prasle,2280,1,0,0,100,0,1400,0,1,27,274255,2280,0,101,0,0,0,LEADER,1,0,0,0,0,100
276387,62,adaptive-prasle,2128,1,0,0,100,0,1400,0,1,62,274259,2128,0,101,0,0,0,LEADER,1,0,0,0,0,100
276196,56,adaptive-prasle,1937,1,0,0,100,0,1400,0,1,56,274259,1937,0,101,0,0,0,LEADER,1,0,0,0,0,100
276582,99,adaptive-prasle,2328,1,0,0,100,0,1400,0,1,99,274254,2328,0,101,0,0,0,LEADER,1,0,0,0,0,100
276462,48,adaptive-prasle,2202,1,0,0,100,0,1400,0,1,48,274260,2202,0,101,0,0,0,LEADER,1,0,0,0,0,100
275978,71,adaptive-prasle,1719,1,0,0,100,0,1400,0,1,71,274259,1719,0,101,0,0,0,LEADER,1,0,0,0,0,100
276203,87,adaptive-prasle,1944,1,0,0,100,0,1400,0,1,87,274259,1944,0,101,0,0,0,LEADER,1,0,0,0,0,100
276129,36,adaptive-prasle,1870,1,0,0,100,0,1400,0,1,36,274259,1870,0,101,0,0,0,LEADER,1,0,0,0,0,100
276625,77,adaptive-prasle,1446,1,0,0,100,0,1400,0,1,77,275179,1446,0,101,0,0,0,LEADER,1,0,0,0,0,100
276818,83,adaptive-prasle,1637,1,0,0,100,0,1400,0,1,83,275181,1637,0,101,0,0,0,LEADER,1,0,0,0,0,100
276318,85,adaptive-prasle,2059,1,0,0,100,0,1400,0,1,85,274259,2059,0,101,0,0,0,LEADER,1,0,0,0,0,100
276846,19,adaptive-prasle,1667,1,0,0,100,0,1400,0,1,19,275179,1667,0,101,0,0,0,LEADER,1,0,0,0,0,100
277001,65,adaptive-prasle,1822,1,0,0,100,0,1400,0,1,65,275179,1822,0,101,0,0,0,LEADER,1,0,0,0,0,100
276607,35,adaptive-prasle,1428,1,0,0,100,0,1400,0,1,35,275179,1428,0,101,0,0,0,LEADER,1,0,0,0,0,100
276622,86,adaptive-prasle,1443,1,0,0,100,0,1400,0,1,86,275179,1443,0,101,0,0,0,LEADER,1,0,0,0,0,100
276665,50,adaptive-prasle,2406,1,0,0,100,0,1400,0,1,50,274259,2406,0,101,0,0,0,LEADER,1,0,0,0,0,100
276819,2,adaptive-prasle,1819,1,0,0,10,22,140,308,2,2,275000,1819,0,9,0,0,0,LEADER,1,0,0,0,0,10
276680,55,adaptive-prasle,1501,1,0,0,100,0,1400,0,1,55,275179,1501,0,101,0,0,0,LEADER,1,0,0,0,0,100
276719,63,adaptive-prasle,1540,1,0,0,100,0,1400,0,1,63,275179,1540,0,101,0,0,0,LEADER,1,0,0,0,0,100
277083,46,adaptive-prasle,1904,1,0,0,100,0,1400,0,1,46,275179,1904,0,101,0,0,0,LEADER,1,0,0,0,0,100
276878,53,adaptive-prasle,1701,1,0,0,100,0,1400,0,1,53,275177,1701,0,101,0,0,0,LEADER,1,0,0,0,0,100
276233,23,adaptive-prasle,1974,1,0,0,100,0,1400,0,1,23,274259,1974,0,101,0,0,0,LEADER,1,0,0,0,0,100
277101,88,adaptive-prasle,1922,1,0,0,100,0,1400,0,1,88,275179,1922,0,101,0,0,0,LEADER,1,0,0,0,0,100
276628,34,adaptive-prasle,1449,1,0,0,100,0,1400,0,1,34,275179,1449,0,101,0,0,0,LEADER,1,0,0,0,0,100
276238,97,adaptive-prasle,1977,1,0,0,100,0,1400,0,1,97,274261,1977,0,101,0,0,0,LEADER,1,0,0,0,0,100
276356,20,adaptive-prasle,2095,1,0,0,100,0,1400,0,1,20,274261,2095,0,101,0,0,0,LEADER,1,0,0,0,0,100
276436,40,adaptive-prasle,2177,1,0,0,100,0,1400,0,1,40,274259,2177,0,101,0,0,0,LEADER,1,0,0,0,0,100
276361,47,adaptive-prasle,2100,1,0,0,100,0,1400,0,1,47,274261,2100,0,101,0,0,0,LEADER,1,0,0,0,0,100
277271,95,adaptive-prasle,2092,1,0,0,100,0,1400,0,1,95,275179,2092,0,101,0,0,0,LEADER,1,0,0,0,0,100
276654,25,adaptive-prasle,2395,1,0,0,100,0,1400,0,1,25,274259,2395,0,101,0,0,0,LEADER,1,0,0,0,0,100
277259,84,adaptive-prasle,2080,1,0,0,100,0,1400,0,1,84,275179,2080,0,101,0,0,0,LEADER,1,0,0,0,0,100
276536,70,adaptive-prasle,2277,1,0,0,100,0,1400,0,1,70,274259,2277,0,101,0,0,0,LEADER,1,0,0,0,0,100
276454,82,adaptive-prasle,2195,1,0,0,100,0,1400,0,1,82,274259,2195,0,101,0,0,0,LEADER,1,0,0,0,0,100
276672,67,adaptive-prasle,2413,1,0,0,100,0,1400,0,1,67,274259,2413,0,101,0,0,0,LEADER,1,0,0,0,0,100
276624,89,adaptive-prasle,2365,1,0,0,100,0,1400,0,1,89,274259,2365,0,101,0,0,0,LEADER,1,0,0,0,0,100
277292,28,adaptive-prasle,2113,1,0,0,100,0,1400,0,1,28,275179,2113,0,101,0,0,0,LEADER,1,0,0,0,0,100
277036,68,adaptive-prasle,1855,1,0,0,100,0,1400,0,1,68,275181,1855,0,101,0,0,0,LEADER,1,0,0,0,0,100
276987,90,adaptive-prasle,1807,1,0,0,100,0,1400,0,1,90,275180,1807,0,101,0,0,0,LEADER,1,0,0,0,0,100
277337,1,adaptive-prasle,2022,1,0,0,9,10,126,140,1,1,275315,2022,0,10,0,0,0,LEADER,1,0,0,0,0,9
276647,76,adaptive-prasle,1468,1,0,0,100,0,1400,0,1,76,275179,1468,0,101,0,0,0,LEADER,1,0,0,0,0,100
276968,10,adaptive-prasle,1789,1,0,0,100,0,1400,0,1,10,275179,1789,0,101,0,0,0,LEADER,1,0,0,0,0,100
277400,58,adaptive-prasle,2221,1,0,0,100,0,1400,0,1,58,275179,2221,0,101,0,0,0,LEADER,1,0,0,0,0,100
276783,73,adaptive-prasle,1604,1,0,0,100,0,1400,0,1,73,275179,1604,0,101,0,0,0,LEADER,1,0,0,0,0,100
276524,59,adaptive-prasle,2265,1,0,0,100,0,1400,0,1,59,274259,2265,0,101,0,0,0,LEADER,1,0,0,0,0,100
276798,41,adaptive-prasle,1619,1,0,0,100,0,1400,0,1,41,275179,1619,0,101,0,0,0,LEADER,1,0,0,0,0,100
276713,96,adaptive-prasle,1534,1,0,0,100,0,1400,0,1,96,275179,1534,0,101,0,0,0,LEADER,1,0,0,0,0,100
277012,74,adaptive-prasle,1837,1,0,0,100,0,1400,0,1,74,275175,1837,0,101,0,0,0,LEADER,1,0,0,0,0,100
276946,49,adaptive-prasle,1767,1,0,0,100,0,1400,0,1,49,275179,1767,0,101,0,0,0,LEADER,1,0,0,0,0,100
277407,92,adaptive-prasle,2228,1,0,0,100,0,1400,0,1,92,275179,2228,0,101,0,0,0,LEADER,1,0,0,0,0,100
276615,66,adaptive-prasle,1434,1,0,0,100,0,1400,0,1,66,275181,1434,0,101,0,0,0,LEADER,1,0,0,0,0,100
276639,57,adaptive-prasle,2380,1,0,0,100,0,1400,0,1,57,274259,2380,0,101,0,0,0,LEADER,1,0,0,0,0,100
277439,78,adaptive-prasle,2260,1,0,0,100,0,1400,0,1,78,275179,2260,0,101,0,0,0,LEADER,1,0,0,0,0,100
276605,39,adaptive-prasle,2346,1,0,0,100,0,1400,0,1,39,274259,2346,0,101,0,0,0,LEADER,1,0,0,0,0,100
277322,30,adaptive-prasle,2143,1,0,0,100,0,1400,0,1,30,275179,2143,0,101,0,0,0,LEADER,1,0,0,0,0,100
276728,64,adaptive-prasle,1549,1,0,0,100,0,1400,0,1,64,275179,1549,0,101,0,0,0,LEADER,1,0,0,0,0,100
276953,80,adaptive-prasle,1774,1,0,0,100,0,1400,0,1,80,275179,1774,0,101,0,0,0,LEADER,1,0,0,0,0,100
276687,54,adaptive-prasle,1516,1,0,0,100,0,1400,0,1,54,275171,1516,0,101,0,0,0,LEADER,1,0,0,0,0,100
277219,43,adaptive-prasle,2040,1,0,0,100,0,1400,0,1,43,275179,2040,0,101,0,0,0,LEADER,1,0,0,0,0,100
277139,26,adaptive-prasle,1960,1,0,0,100,0,1400,0,1,26,275179,1960,0,101,0,0,0,LEADER,1,0,0,0,0,100
276767,42,adaptive-prasle,1591,1,0,0,100,0,1400,0,1,42,275176,1591,0,101,0,0,0,LEADER,1,0,0,0,0,100
276777,31,adaptive-prasle,1598,1,0,0,100,0,1400,0,1,31,275179,1598,0,101,0,0,0,LEADER,1,0,0,0,0,100
277534,94,adaptive-prasle,2355,1,0,0,100,0,1400,0,1,94,275179,2355,0,101,0,0,0,LEADER,1,0,0,0,0,100
277104,45,adaptive-prasle,1925,1,0,0,100,0,1400,0,1,45,275179,1925,0,101,0,0,0,LEADER,1,0,0,0,0,100
277477,60,adaptive-prasle,2298,1,0,0,100,0,1400,0,1,60,275179,2298,0,101,0,0,0,LEADER,1,0,0,0,0,100
277583,44,adaptive-prasle,1483,1,0,0,101,0,1414,0,1,44,276100,1483,0,102,0,0,0,LEADER,1,0,0,0,0,101
276831,51,adaptive-prasle,1652,1,0,0,100,0,1400,0,1,51,275179,1652,0,101,0,0,0,LEADER,1,0,0,0,0,100
277188,33,adaptive-prasle,2007,1,0,0,100,0,1400,0,1,33,275181,2007,0,101,0,0,0,LEADER,1,0,0,0,0,100
277631,22,adaptive-prasle,1531,1,0,0,101,0,1414,0,1,22,276100,1531,0,102,0,0,0,LEADER,1,0,0,0,0,101
277343,72,adaptive-prasle,2162,1,0,0,100,0,1400,0,1,72,275181,2162,0,101,0,0,0,LEADER,1,0,0,0,0,100
277131,24,adaptive-prasle,1952,1,0,0,100,0,1400,0,1,24,275179,1952,0,101,0,0,0,LEADER,1,0,0,0,0,100
277662,32,adaptive-prasle,1564,1,0,0,101,0,1414,0,1,32,276098,1564,0,102,0,0,0,LEADER,1,0,0,0,0,101
276850,93,adaptive-prasle,1671,1,0,0,100,0,1400,0,1,93,275179,1671,0,101,0,0,0,LEADER,1,0,0,0,0,100
277509,79,adaptive-prasle,2331,1,0,0,100,0,1400,0,1,79,275178,2331,0,101,0,0,0,LEADER,1,0,0,0,0,100
277524,69,adaptive-prasle,2343,1,0,0,100,0,1400,0,1,69,275181,2343,0,101,0,0,0,LEADER,1,0,0,0,0,100
277204,75,adaptive-prasle,2025,1,0,0,100,0,1400,0,1,75,275179,2025,0,101,0,0,0,LEADER,1,0,0,0,0,100
276931,81,adaptive-prasle,1752,1,0,0,100,0,1400,0,1,81,275179,1752,0,101,0,0,0,LEADER,1,0,0,0,0,100
276789,52,adaptive-prasle,1610,1,0,0,100,0,1400,0,1,52,275179,1610,0,101,0,0,0,LEADER,1,0,0,0,0,100
277268,21,adaptive-prasle,2088,1,0,0,100,0,1400,0,1,21,275180,2088,0,101,0,0,0,LEADER,1,0,0,0,0,100
277444,29,adaptive-prasle,2265,1,0,0,100,0,1400,0,1,29,275179,2265,0,101,0,0,0,LEADER,1,0,0,0,0,100
277020,100,adaptive-prasle,1841,1,0,0,100,0,1400,0,1,100,275179,1841,0,101,0,0,0,LEADER,1,0,0,0,0,100
276865,61,adaptive-prasle,1686,1,0,0,100,0,1400,0,1,61,275179,1686,0,101,0,0,0,LEADER,1,0,0,0,0,100
277429,91,adaptive-prasle,2250,1,0,0,100,0,1400,0,1,91,275179,2250,0,101,0,0,0,LEADER,1,0,0,0,0,100
277389,37,adaptive-prasle,2210,1,0,0,100,0,1400,0,1,37,275179,2210,0,101,0,0,0,LEADER,1,0,0,0,0,100
276932,38,adaptive-prasle,1755,1,0,0,100,0,1400,0,1,38,275177,1755,0,101,0,0,0,LEADER,1,0,0,0,0,100
277598,98,adaptive-prasle,2419,1,0,0,100,0,1400,0,1,98,275179,2419,0,101,0,0,0,LEADER,1,0,0,0,0,100
277455,27,adaptive-prasle,2280,1,0,0,100,0,1400,0,1,27,275175,2280,0,101,0,0,0,LEADER,1,0,0,0,0,100
277307,62,adaptive-prasle,2128,1,0,0,100,0,1400,0,1,62,275179,2128,0,101,0,0,0,LEADER,1,0,0,0,0,100
277116,56,adaptive-prasle,1937,1,0,0,100,0,1400,0,1,56,275179,1937,0,101,0,0,0,LEADER,1,0,0,0,0,100
277502,99,adaptive-prasle,2328,1,0,0,100,0,1400,0,1,99,275174,2328,0,101,0,0,0,LEADER,1,0,0,0,0,100
277382,48,adaptive-prasle,2202,1,0,0,100,0,1400,0,1,48,275180,2202,0,101,0,0,0,LEADER,1,0,0,0,0,100
276898,71,adaptive-prasle,1719,1,0,0,100,0,1400,0,1,71,275179,1719,0,101,0,0,0,LEADER,1,0,0,0,0,100
277123,87,adaptive-prasle,1944,1,0,0,100,0,1400,0,1,87,275179,1944,0,101,0,0,0,LEADER,1,0,0,0,0,100
277049,36,adaptive-prasle,1870,1,0,0,100,0,1400,0,1,36,275179,1870,0,101,0,0,0,LEADER,1,0,0,0,0,100
277546,77,adaptive-prasle,1446,1,0,0,101,0,1414,0,1,77,276100,1446,0,102,0,0,0,LEADER,1,0,0,0,0,101
277739,83,adaptive-prasle,1637,1,0,0,101,0,1414,0,1,83,276102,1637,0,102,0,0,0,LEADER,1,0,0,0,0,101
277238,85,adaptive-prasle,2059,1,0,0,100,0,1400,0,1,85,275179,2059,0,101,0,0,0,LEADER,1,0,0,0,0,100
277767,19,adaptive-prasle,1667,1,0,0,101,0,1414,0,1,19,276100,1667,0,102,0,0,0,LEADER,1,0,0,0,0,101
277922,65,adaptive-prasle,1822,1,0,0,101,0,1414,0,1,65,276100,1822,0,102,0,0,0,LEADER,1,0,0,0,0,101
277528,35,adaptive-prasle,1428,1,0,0,101,0,1414,0,1,35,276100,1428,0,102,0,0,0,LEADER,1,0,0,0,0,101
277543,86,adaptive-prasle,1443,1,0,0,101,0,1414,0,1,86,276100,1443,0,102,0,0,0,LEADER,1,0,0,0,0,101
277585,50,adaptive-prasle,2406,1,0,0,100,0,1400,0,1,50,275179,2406,0,101,0,0,0,LEADER,1,0,0,0,0,100
277601,55,adaptive-prasle,1501,1,0,0,101,0,1414,0,1,55,276100,1501,0,102,0,0,0,LEADER,1,0,0,0,0,101
277640,63,adaptive-prasle,1540,1,0,0,101,0,1414,0,1,63,276100,1540,0,102,0,0,0,LEADER,1,0,0,0,0,101
278004,46,adaptive-prasle,1904,1,0,0,101,0,1414,0,1,46,276100,1904,0,102,0,0,0,LEADER,1,0,0,0,0,101
277799,53,adaptive-prasle,1701,1,0,0,101,0,1414,0,1,53,276098,1701,0,102,0,0,0,LEADER,1,0,0,0,0,101
277153,23,adaptive-prasle,1974,1,0,0,100,0,1400,0,1,23,275179,1974,0,101,0,0,0,LEADER,1,0,0,0,0,100
278022,88,adaptive-prasle,1922,1,0,0,101,0,1414,0,1,88,276100,1922,0,102,0,0,0,LEADER,1,0,0,0,0,101
277549,34,adaptive-prasle,1449,1,0,0,101,0,1414,0,1,34,276100,1449,0,102,0,0,0,LEADER,1,0,0,0,0,101
277158,97,adaptive-prasle,1977,1,0,0,100,0,1400,0,1,97,275181,1977,0,101,0,0,0,LEADER,1,0,0,0,0,100
277276,20,adaptive-prasle,2095,1,0,0,100,0,1400,0,1,20,275181,2095,0,101,0,0,0,LEADER,1,0,0,0,0,100
277356,40,adaptive-prasle,2177,1,0,0,100,0,1400,0,1,40,275179,2177,0,101,0,0,0,LEADER,1,0,0,0,0,100
277281,47,adaptive-prasle,2100,1,0,0,100,0,1400,0,1,47,275181,2100,0,101,0,0,0,LEADER,1,0,0,0,0,100
278192,95,adaptive-prasle,2092,1,0,0,101,0,1414,0,1,95,276100,2092,0,102,0,0,0,LEADER,1,0,0,0,0,101
277574,25,adaptive-prasle,2395,1,0,0,100,0,1400,0,1,25,275179,2395,0,101,0,0,0,LEADER,1,0,0,0,0,100
278180,84,adaptive-prasle,2080,1,0,0,101,0,1414,0,1,84,276100,2080,0,102,0,0,0,LEADER,1,0,0,0,0,101
277456,70,adaptive-prasle,2277,1,0,0,100,0,1400,0,1,70,275179,2277,0,101,0,0,0,LEADER,1,0,0,0,0,100
277374,82,adaptive-prasle,2195,1,0,0,100,0,1400,0,1,82,275179,2195,0,101,0,0,0,LEADER,1,0,0,0,0,100
277592,67,adaptive-prasle,2413,1,0,0,100,0,1400,0,1,67,275179,2413,0,101,0,0,0,LEADER,1,0,0,0,0,100
277544,89,adaptive-prasle,2365,1,0,0,100,0,1400,0,1,89,275179,2365,0,101,0,0,0,LEADER,1,0,0,0,0,100
278213,28,adaptive-prasle,2113,1,0,0,101,0,1414,0,1,28,276100,2113,0,102,0,0,0,LEADER,1,0,0,0,0,101
277957,68,adaptive-prasle,1855,1,0,0,101,0,1414,0,1,68,276102,1855,0,102,0,0,0,LEADER,1,0,0,0,0,101
277908,90,adaptive-prasle,1807,1,0,0,101,0,1414,0,1,90,276101,1807,0,102,0,0,0,LEADER,1,0,0,0,0,101
277568,76,adaptive-prasle,1468,1,0,0,101,0,1414,0,1,76,276100,1468,0,102,0,0,0,LEADER,1,0,0,0,0,101
277889,10,adaptive-prasle,1789,1,0,0,101,0,1414,0,1,10,276100,1789,0,102,0,0,0,LEADER,1,0,0,0,0,101
278321,58,adaptive-prasle,2221,1,0,0,101,0,1414,0,1,58,276100,2221,0,102,0,0,0,LEADER,1,0,0,0,0,101
277704,73,adaptive-prasle,1604,1,0,0,101,0,1414,0,1,73,276100,1604,0,102,0,0,0,LEADER,1,0,0,0,0,101
277444,59,adaptive-prasle,2265,1,0,0,100,0,1400,0,1,59,275179,2265,0,101,0,0,0,LEADER,1,0,0,0,0,100
277719,41,adaptive-prasle,1619,1,0,0,101,0,1414,0,1,41,276100,1619,0,102,0,0,0,LEADER,1,0,0,0,0,101
277634,96,adaptive-prasle,1534,1,0,0,101,0,1414,0,1,96,276100,1534,0,102,0,0,0,LEADER,1,0,0,0,0,101
277933,74,adaptive-prasle,1837,1,0,0,101,0,1414,0,1,74,276096,1837,0,102,0,0,0,LEADER,1,0,0,0,0,101
277867,49,adaptive-prasle,1767,1,0,0,101,0,1414,0,1,49,276100,1767,0,102,0,0,0,LEADER,1,0,0,0,0,101
278328,92,adaptive-prasle,2228,1,0,0,101,0,1414,0,1,92,276100,2228,0,102,0,0,0,LEADER,1,0,0,0,0,101
277536,66,adaptive-prasle,1434,1,0,0,101,0,1414,0,1,66,276102,1434,0,102,0,0,0,LEADER,1,0,0,0,0,101
277559,57,adaptive-prasle,2380,1,0,0,100,0,1400,0,1,57,275179,2380,0,101,0,0,0,LEADER,1,0,0,0,0,100
278360,78,adaptive-prasle,2260,1,0,0,101,0,1414,0,1,78,276100,2260,0,102,0,0,0,LEADER,1,0,0,0,0,101
277525,39,adaptive-prasle,2346,1,0,0,100,0,1400,0,1,39,275179,2346,0,101,0,0,0,LEADER,1,0,0,0,0,100
278243,30,adaptive-prasle,2143,1,0,0,101,0,1414,0,1,30,276100,2143,0,102,0,0,0,LEADER,1,0,0,0,0,101
277649,64,adaptive-prasle,1549,1,0,0,101,0,1414,0,1,64,276100,1549,0,102,0,0,0,LEADER,1,0,0,0,0,101
277874,80,adaptive-prasle,1774,1,0,0,101,0,1414,0,1,80,276100,1774,0,102,0,0,0,LEADER,1,0,0,0,0,101
277608,54,adaptive-prasle,1516,1,0,0,101,0,1414,0,1,54,276092,1516,0,102,0,0,0,LEADER,1,0,0,0,0,101
278140,43,adaptive-prasle,2040,1,0,0,101,0,1414,0,1,43,276100,2040,0,102,0,0,0,LEADER,1,0,0,0,0,101
278060,26,adaptive-prasle,1960,1,0,0,101,0,1414,0,1,26,276100,1960,0,102,0,0,0,LEADER,1,0,0,0,0,101
277688,42,adaptive-prasle,1591,1,0,0,101,0,1414,0,1,42,276097,1591,0,102,0,0,0,LEADER,1,0,0,0,0,101
277698,31,adaptive-prasle,1598,1,0,0,101,0,1414,0,1,31,276100,1598,0,102,0,0,0,LEADER,1,0,0,0,0,101
278455,94,adaptive-prasle,2355,1,0,0,101,0,1414,0,1,94,276100,2355,0,102,0,0,0,LEADER,1,0,0,0,0,101
278025,45,adaptive-prasle,1925,1,0,0,101,0,1414,0,1,45,276100,1925,0,102,0,0,0,LEADER,1,0,0,0,0,101
278398,60,adaptive-prasle,2298,1,0,0,101,0,1414,0,1,60,276100,2298,0,102,0,0,0,LEADER,1,0,0,0,0,101
278503,44,adaptive-prasle,1483,1,0,0,101,0,1414,0,1,44,277020,1483,0,102,0,0,0,LEADER,1,0,0,0,0,101
277752,51,adaptive-prasle,1652,1,0,0,101,0,1414,0,1,51,276100,1652,0,102,0,0,0,LEADER,1,0,0,0,0,101
278551,22,adaptive-prasle,1531,1,0,0,101,0,1414,0,1,22,277020,1531,0,102,0,0,0,LEADER,1,0,0,0,0,101
278109,33,adaptive-prasle,2007,1,0,0,101,0,1414,0,1,33,276102,2007,0,102,0,0,0,LEADER,1,0,0,0,0,101
278264,72,adaptive-prasle,2162,1,0,0,101,0,1414,0,1,72,276102,2162,0,102,0,0,0,LEADER,1,0,0,0,0,101
278052,24,adaptive-prasle,1952,1,0,0,101,0,1414,0,1,24,276100,1952,0,102,0,0,0,LEADER,1,0,0,0,0,101
278582,32,adaptive-prasle,1564,1,0,0,101,0,1414,0,1,32,277018,1564,0,102,0,0,0,LEADER,1,0,0,0,0,101
277771,93,adaptive-prasle,1671,1,0,0,101,0,1414,0,1,93,276100,1671,0,102,0,0,0,LEADER,1,0,0,0,0,101
278445,69,adaptive-prasle,2343,1,0,0,101,0,1414,0,1,69,276102,2343,0,102,0,0,0,LEADER,1,0,0,0,0,101
278430,79,adaptive-prasle,2331,1,0,0,101,0,1414,0,1,79,276099,2331,0,102,0,0,0,LEADER,1,0,0,0,0,101
278125,75,adaptive-prasle,2025,1,0,0,101,0,1414,0,1,75,276100,2025,0,102,0,0,0,LEADER,1,0,0,0,0,101
277852,81,adaptive-prasle,1752,1,0,0,101,0,1414,0,1,81,276100,1752,0,102,0,0,0,LEADER,1,0,0,0,0,101
277710,52,adaptive-prasle,1610,1,0,0,101,0,1414,0,1,52,276100,1610,0,102,0,0,0,LEADER,1,0,0,0,0,101
278189,21,adaptive-prasle,2088,1,0,0,101,0,1414,0,1,21,276101,2088,0,102,0,0,0,LEADER,1,0,0,0,0,101
278365,29,adaptive-prasle,2265,1,0,0,101,0,1414,0,1,29,276100,2265,0,102,0,0,0,LEADER,1,0,0,0,0,101
277941,100,adaptive-prasle,1841,1,0,0,101,0,1414,0,1,100,276100,1841,0,102,0,0,0,LEADER,1,0,0,0,0,101
277786,61,adaptive-prasle,1686,1,0,0,101,0,1414,0,1,61,276100,1686,0,102,0,0,0,LEADER,1,0,0,0,0,101
278350,91,adaptive-prasle,2250,1,0,0,101,0,1414,0,1,91,276100,2250,0,102,0,0,0,LEADER,1,0,0,0,0,101
278310,37,adaptive-prasle,2210,1,0,0,101,0,1414,0,1,37,276100,2210,0,102,0,0,0,LEADER,1,0,0,0,0,101
277853,38,adaptive-prasle,1755,1,0,0,101,0,1414,0,1,38,276098,1755,0,102,0,0,0,LEADER,1,0,0,0,0,101
278519,98,adaptive-prasle,2419,1,0,0,101,0,1414,0,1,98,276100,2419,0,102,0,0,0,LEADER,1,0,0,0,0,101
278376,27,adaptive-prasle,2280,1,0,0,101,0,1414,0,1,27,276096,2280,0,102,0,0,0,LEADER,1,0,0,0,0,101
278228,62,adaptive-prasle,2128,1,0,0,101,0,1414,0,1,62,276100,2128,0,102,0,0,0,LEADER,1,0,0,0,0,101
278037,56,adaptive-prasle,1937,1,0,0,101,0,1414,0,1,56,276100,1937,0,102,0,0,0,LEADER,1,0,0,0,0,101
278423,99,adaptive-prasle,2328,1,0,0,101,0,1414,0,1,99,276095,2328,0,102,0,0,0,LEADER,1,0,0,0,0,101
278303,48,adaptive-prasle,2202,1,0,0,101,0,1414,0,1,48,276101,2202,0,102,0,0,0,LEADER,1,0,0,0,0,101
277819,71,adaptive-prasle,1719,1,0,0,101,0,1414,0,1,71,276100,1719,0,102,0,0,0,LEADER,1,0,0,0,0,101
278044,87,adaptive-prasle,1944,1,0,0,101,0,1414,0,1,87,276100,1944,0,102,0,0,0,LEADER,1,0,0,0,0,101
277970,36,adaptive-prasle,1870,1,0,0,101,0,1414,0,1,36,276100,1870,0,102,0,0,0,LEADER,1,0,0,0,0,101
278466,77,adaptive-prasle,1446,1,0,0,101,0,1414,0,1,77,277020,1446,0,102,0,0,0,LEADER,1,0,0,0,0,101
278659,83,adaptive-prasle,1637,1,0,0,101,0,1414,0,1,83,277022,1637,0,102,0,0,0,LEADER,1,0,0,0,0,101
278159,85,adaptive-prasle,2059,1,0,0,101,0,1414,0,1,85,276100,2059,0,102,0,0,0,LEADER,1,0,0,0,0,101
278687,19,adaptive-prasle,1667,1,0,0,101,0,1414,0,1,19,277020,1667,0,102,0,0,0,LEADER,1,0,0,0,0,101
278842,65,adaptive-prasle,1822,1,0,0,101,0,1414,0,1,65,277020,1822,0,102,0,0,0,LEADER,1,0,0,0,0,101
278448,35,adaptive-prasle,1428,1,0,0,101,0,1414,0,1,35,277020,1428,0,102,0,0,0,LEADER,1,0,0,0,0,101
278463,86,adaptive-prasle,1443,1,0,0,101,0,1414,0,1,86,277020,1443,0,102,0,0,0,LEADER,1,0,0,0,0,101
278089,3,adaptive-prasle,1603,1,0,0,13,24,182,336,2,3,276486,1603,0,10,0,0,0,LEADER,1,0,0,0,0,13
278506,50,adaptive-prasle,2406,1,0,0,101,0,1414,0,1,50,276100,2406,0,102,0,0,0,LEADER,1,0,0,0,0,101
278521,55,adaptive-prasle,1501,1,0,0,101,0,1414,0,1,55,277020,1501,0,102,0,0,0,LEADER,1,0,0,0,0,101
278560,63,adaptive-prasle,1540,1,0,0,101,0,1414,0,1,63,277020,1540,0,102,0,0,0,LEADER,1,0,0,0,0,101
278432,4,adaptive-prasle,2030,1,0,0,14,28,196,392,6,2,276402,2030,0,10,0,0,0,NORMAL,0,0,0,0,0,14
278924,46,adaptive-prasle,1904,1,0,0,101,0,1414,0,1,46,277020,1904,0,102,0,0,0,LEADER,1,0,0,0,0,101
278719,53,adaptive-prasle,1701,1,0,0,101,0,1414,0,1,53,277018,1701,0,102,0,0,0,LEADER,1,0,0,0,0,101
278074,23,adaptive-prasle,1974,1,0,0,101,0,1414,0,1,23,276100,1974,0,102,0,0,0,LEADER,1,0,0,0,0,101
278942,88,adaptive-prasle,1922,1,0,0,101,0,1414,0,1,88,277020,1922,0,102,0,0,0,LEADER,1,0,0,0,0,101
278469,34,adaptive-prasle,1449,1,0,0,101,0,1414,0,1,34,277020,1449,0,102,0,0,0,LEADER,1,0,0,0,0,101
278079,97,adaptive-prasle,1977,1,0,0,101,0,1414,0,1,97,276102,1977,0,102,0,0,0,LEADER,1,0,0,0,0,101
278197,20,adaptive-prasle,2095,1,0,0,101,0,1414,0,1,20,276102,2095,0,102,0,0,0,LEADER,1,0,0,0,0,101
278277,40,adaptive-prasle,2177,1,0,0,101,0,1414,0,1,40,276100,2177,0,102,0,0,0,LEADER,1,0,0,0,0,101
278202,47,adaptive-prasle,2100,1,0,0,101,0,1414,0,1,47,276102,2100,0,102,0,0,0,LEADER,1,0,0,0,0,101
279112,95,adaptive-prasle,2092,1,0,0,101,0,1414,0,1,95,277020,2092,0,102,0,0,0,LEADER,1,0,0,0,0,101
278495,25,adaptive-prasle,2395,1,0,0,101,0,1414,0,1,25,276100,2395,0,102,0,0,0,LEADER,1,0,0,0,0,101
279100,84,adaptive-prasle,2080,1,0,0,101,0,1414,0,1,84,277020,2080,0,102,0,0,0,LEADER,1,0,0,0,0,101
278377,70,adaptive-prasle,2277,1,0,0,101,0,1414,0,1,70,276100,2277,0,102,0,0,0,LEADER,1,0,0,0,0,101
278295,82,adaptive-prasle,2195,1,0,0,101,0,1414,0,1,82,276100,2195,0,102,0,0,0,LEADER,1,0,0,0,0,101
278513,67,adaptive-prasle,2413,1,0,0,101,0,1414,0,1,67,276100,2413,0,102,0,0,0,LEADER,1,0,0,0,0,101
278465,89,adaptive-prasle,2365,1,0,0,101,0,1414,0,1,89,276100,2365,0,102,0,0,0,LEADER,1,0,0,0,0,101
279133,28,adaptive-prasle,2113,1,0,0,101,0,1414,0,1,28,277020,2113,0,102,0,0,0,LEADER,1,0,0,0,0,101
278877,68,adaptive-prasle,1855,1,0,0,101,0,1414,0,1,68,277022,1855,0,102,0,0,0,LEADER,1,0,0,0,0,101
278828,90,adaptive-prasle,1807,1,0,0,101,0,1414,0,1,90,277021,1807,0,102,0,0,0,LEADER,1,0,0,0,0,101
278488,76,adaptive-prasle,1468,1,0,0,101,0,1414,0,1,76,277020,1468,0,102,0,0,0,LEADER,1,0,0,0,0,101
278809,10,adaptive-prasle,1789,1,0,0,101,0,1414,0,1,10,277020,1789,0,102,0,0,0,LEADER,1,0,0,0,0,101
279241,58,adaptive-prasle,2221,1,0,0,101,0,1414,0,1,58,277020,2221,0,102,0,0,0,LEADER,1,0,0,0,0,101
278624,73,adaptive-prasle,1604,1,0,0,101,0,1414,0,1,73,277020,1604,0,102,0,0,0,LEADER,1,0,0,0,0,101
278365,59,adaptive-prasle,2265,1,0,0,101,0,1414,0,1,59,276100,2265,0,102,0,0,0,LEADER,1,0,0,0,0,101
278639,41,adaptive-prasle,1619,1,0,0,101,0,1414,0,1,41,277020,1619,0,102,0,0,0,LEADER,1,0,0,0,0,101
278554,96,adaptive-prasle,1534,1,0,0,101,0,1414,0,1,96,277020,1534,0,102,0,0,0,LEADER,1,0,0,0,0,101
278853,74,adaptive-prasle,1837,1,0,0,101,0,1414,0,1,74,277016,1837,0,102,0,0,0,LEADER,1,0,0,0,0,101
278787,49,adaptive-prasle,1767,1,0,0,101,0,1414,0,1,49,277020,1767,0,102,0,0,0,LEADER,1,0,0,0,0,101
279248,92,adaptive-prasle,2228,1,0,0,101,0,1414,0,1,92,277020,2228,0,102,0,0,0,LEADER,1,0,0,0,0,101
278456,66,adaptive-prasle,1434,1,0,0,101,0,1414,0,1,66,277022,1434,0,102,0,0,0,LEADER,1,0,0,0,0,101
278480,57,adaptive-prasle,2380,1,0,0,101,0,1414,0,1,57,276100,2380,0,102,0,0,0,LEADER,1,0,0,0,0,101
279280,78,adaptive-prasle,2260,1,0,0,101,0,1414,0,1,78,277020,2260,0,102,0,0,0,LEADER,1,0,0,0,0,101
278446,39,adaptive-prasle,2346,1,0,0,101,0,1414,0,1,39,276100,2346,0,102,0,0,0,LEADER,1,0,0,0,0,101
279163,30,adaptive-prasle,2143,1,0,0,101,0,1414,0,1,30,277020,2143,0,102,0,0,0,LEADER,1,0,0,0,0,101
278569,64,adaptive-prasle,1549,1,0,0,101,0,1414,0,1,64,277020,1549,0,102,0,0,0,LEADER,1,0,0,0,0,101
278794,80,adaptive-prasle,1774,1,0,0,101,0,1414,0,1,80,277020,1774,0,102,0,0,0,LEADER,1,0,0,0,0,101
278528,54,adaptive-prasle,1516,1,0,0,101,0,1414,0,1,54,277012,1516,0,102,0,0,0,LEADER,1,0,0,0,0,101
279060,43,adaptive-prasle,2040,1,0,0,101,0,1414,0,1,43,277020,2040,0,102,0,0,0,LEADER,1,0,0,0,0,101
278980,26,adaptive-prasle,1960,1,0,0,101,0,1414,0,1,26,277020,1960,0,102,0,0,0,LEADER,1,0,0,0,0,101
279354,9,adaptive-prasle,1889,1,0,0,22,25,308,350,7,5,277465,1889,0,9,0,0,0,NORMAL,0,0,0,0,0,22
278608,42,adaptive-prasle,1591,1,0,0,101,0,1414,0,1,42,277017,1591,0,102,0,0,0,LEADER,1,0,0,0,0,101
278618,31,adaptive-prasle,1598,1,0,0,101,0,1414,0,1,31,277020,1598,0,102,0,0,0,LEADER,1,0,0,0,0,101
279375,94,adaptive-prasle,2355,1,0,0,101,0,1414,0,1,94,277020,2355,0,102,0,0,0,LEADER,1,0,0,0,0,101
278945,45,adaptive-prasle,1925,1,0,0,101,0,1414,0,1,45,277020,1925,0,102,0,0,0,LEADER,1,0,0,0,0,101
279318,60,adaptive-prasle,2298,1,0,0,101,0,1414,0,1,60,277020,2298,0,102,0,0,0,LEADER,1,0,0,0,0,101
279423,44,adaptive-prasle,1483,1,0,0,101,0,1414,0,1,44,277940,1483,0,102,0,0,0,LEADER,1,0,0,0,0,101
278672,51,adaptive-prasle,1652,1,0,0,101,0,1414,0,1,51,277020,1652,0,102,0,0,0,LEADER,1,0,0,0,0,101
279471,22,adaptive-prasle,1531,1,0,0,101,0,1414,0,1,22,277940,1531,0,102,0,0,0,LEADER,1,0,0,0,0,101
279029,33,adaptive-prasle,2007,1,0,0,101,0,1414,0,1,33,277022,2007,0,102,0,0,0,LEADER,1,0,0,0,0,101
279184,72,adaptive-prasle,2162,1,0,0,101,0,1414,0,1,72,277022,2162,0,102,0,0,0,LEADER,1,0,0,0,0,101
278972,24,adaptive-prasle,1952,1,0,0,101,0,1414,0,1,24,277020,1952,0,102,0,0,0,LEADER,1,0,0,0,0,101
279502,32,adaptive-prasle,1564,1,0,0,101,0,1414,0,1,32,277938,1564,0,102,0,0,0,LEADER,1,0,0,0,0,101
278691,93,adaptive-prasle,1671,1,0,0,101,0,1414,0,1,93,277020,1671,0,102,0,0,0,LEADER,1,0,0,0,0,101
279350,79,adaptive-prasle,2331,1,0,0,101,0,1414,0,1,79,277019,2331,0,102,0,0,0,LEADER,1,0,0,0,0,101
279365,69,adaptive-prasle,2343,1,0,0,101,0,1414,0,1,69,277022,2343,0,102,0,0,0,LEADER,1,0,0,0,0,101
279045,75,adaptive-prasle,2025,1,0,0,101,0,1414,0,1,75,277020,2025,0,102,0,0,0,LEADER,1,0,0,0,0,101
278772,81,adaptive-prasle,1752,1,0,0,101,0,1414,0,1,81,277020,1752,0,102,0,0,0,LEADER,1,0,0,0,0,101
278630,52,adaptive-prasle,1610,1,0,0,101,0,1414,0,1,52,277020,1610,0,102,0,0,0,LEADER,1,0,0,0,0,101
279109,21,adaptive-prasle,2088,1,0,0,101,0,1414,0,1,21,277021,2088,0,102,0,0,0,LEADER,1,0,0,0,0,101
279285,29,adaptive-prasle,2265,1,0,0,101,0,1414,0,1,29,277020,2265,0,102,0,0,0,LEADER,1,0,0,0,0,101
278861,100,adaptive-prasle,1841,1,0,0,101,0,1414,0,1,100,277020,1841,0,102,0,0,0,LEADER,1,0,0,0,0,101
278706,61,adaptive-prasle,1686,1,0,0,101,0,1414,0,1,61,277020,1686,0,102,0,0,0,LEADER,1,0,0,0,0,101
279270,91,adaptive-prasle,2250,1,0,0,101,0,1414,0,1,91,277020,2250,0,102,0,0,0,LEADER,1,0,0,0,0,101
279230,37,adaptive-prasle,2210,1,0,0,101,0,1414,0,1,37,277020,2210,0,102,0,0,0,LEADER,1,0,0,0,0,101
278773,38,adaptive-prasle,1755,1,0,0,101,0,1414,0,1,38,277018,1755,0,102,0,0,0,LEADER,1,0,0,0,0,101
279439,98,adaptive-prasle,2419,1,0,0,101,0,1414,0,1,98,277020,2419,0,102,0,0,0,LEADER,1,0,0,0,0,101
279296,27,adaptive-prasle,2280,1,0,0,101,0,1414,0,1,27,277016,2280,0,102,0,0,0,LEADER,1,0,0,0,0,101
278957,56,adaptive-prasle,1937,1,0,0,101,0,1414,0,1,56,277020,1937,0,102,0,0,0,LEADER,1,0,0,0,0,101
279148,62,adaptive-prasle,2128,1,0,0,101,0,1414,0,1,62,277020,2128,0,102,0,0,0,LEADER,1,0,0,0,0,101
279343,99,adaptive-prasle,2328,1,0,0,101,0,1414,0,1,99,277015,2328,0,102,0,0,0,LEADER,1,0,0,0,0,101
279223,48,adaptive-prasle,2202,1,0,0,101,0,1414,0,1,48,277021,2202,0,102,0,0,0,LEADER,1,0,0,0,0,101
278739,71,adaptive-prasle,1719,1,0,0,101,0,1414,0,1,71,277020,1719,0,102,0,0,0,LEADER,1,0,0,0,0,101
278964,87,adaptive-prasle,1944,1,0,0,101,0,1414,0,1,87,277020,1944,0,102,0,0,0,LEADER,1,0,0,0,0,101
278890,36,adaptive-prasle,1870,1,0,0,101,0,1414,0,1,36,277020,1870,0,102,0,0,0,LEADER,1,0,0,0,0,101
279386,77,adaptive-prasle,1446,1,0,0,101,0,1414,0,1,77,277940,1446,0,102,0,0,0,LEADER,1,0,0,0,0,101
279579,83,adaptive-prasle,1637,1,0,0,101,0,1414,0,1,83,277942,1637,0,102,0,0,0,LEADER,1,0,0,0,0,101
279079,85,adaptive-prasle,2059,1,0,0,101,0,1414,0,1,85,277020,2059,0,102,0,0,0,LEADER,1,0,0,0,0,101
279607,19,adaptive-prasle,1667,1,0,0,101,0,1414,0,1,19,277940,1667,0,102,0,0,0,LEADER,1,0,0,0,0,101
279762,65,adaptive-prasle,1822,1,0,0,101,0,1414,0,1,65,277940,1822,0,102,0,0,0,LEADER,1,0,0,0,0,101
279368,35,adaptive-prasle,1428,1,0,0,101,0,1414,0,1,35,277940,1428,0,102,0,0,0,LEADER,1,0,0,0,0,101
279383,86,adaptive-prasle,1443,1,0,0,101,0,1414,0,1,86,277940,1443,0,102,0,0,0,LEADER,1,0,0,0,0,101
279426,50,adaptive-prasle,2406,1,0,0,101,0,1414,0,1,50,277020,2406,0,102,0,0,0,LEADER,1,0,0,0,0,101
279441,55,adaptive-prasle,1501,1,0,0,101,0,1414,0,1,55,277940,1501,0,102,0,0,0,LEADER,1,0,0,0,0,101
279218,8,adaptive-prasle,2217,1,0,0,25,43,350,602,4,6,277001,2217,0,9,0,0,0,NORMAL,0,0,0,0,0,25
279480,63,adaptive-prasle,1540,1,0,0,101,0,1414,0,1,63,277940,1540,0,102,0,0,0,LEADER,1,0,0,0,0,101
279844,46,adaptive-prasle,1904,1,0,0,101,0,1414,0,1,46,277940,1904,0,102,0,0,0,LEADER,1,0,0,0,0,101
279639,53,adaptive-prasle,1701,1,0,0,101,0,1414,0,1,53,277938,1701,0,102,0,0,0,LEADER,1,0,0,0,0,101
278994,23,adaptive-prasle,1974,1,0,0,101,0,1414,0,1,23,277020,1974,0,102,0,0,0,LEADER,1,0,0,0,0,101
279862,88,adaptive-prasle,1922,1,0,0,101,0,1414,0,1,88,277940,1922,0,102,0,0,0,LEADER,1,0,0,0,0,101
279389,34,adaptive-prasle,1449,1,0,0,101,0,1414,0,1,34,277940,1449,0,102,0,0,0,LEADER,1,0,0,0,0,101
278999,97,adaptive-prasle,1977,1,0,0,101,0,1414,0,1,97,277022,1977,0,102,0,0,0,LEADER,1,0,0,0,0,101
279117,20,adaptive-prasle,2095,1,0,0,101,0,1414,0,1,20,277022,2095,0,102,0,0,0,LEADER,1,0,0,0,0,101
279197,40,adaptive-prasle,2177,1,0,0,101,0,1414,0,1,40,277020,2177,0,102,0,0,0,LEADER,1,0,0,0,0,101
279122,47,adaptive-prasle,2100,1,0,0,101,0,1414,0,1,47,277022,2100,0,102,0,0,0,LEADER,1,0,0,0,0,101
280032,95,adaptive-prasle,2092,1,0,0,101,0,1414,0,1,95,277940,2092,0,102,0,0,0,LEADER,1,0,0,0,0,101
279415,25,adaptive-prasle,2395,1,0,0,101,0,1414,0,1,25,277020,2395,0,102,0,0,0,LEADER,1,0,0,0,0,101
280020,84,adaptive-prasle,2080,1,0,0,101,0,1414,0,1,84,277940,2080,0,102,0,0,0,LEADER,1,0,0,0,0,101
279297,70,adaptive-prasle,2277,1,0,0,101,0,1414,0,1,70,277020,2277,0,102,0,0,0,LEADER,1,0,0,0,0,101
279215,82,adaptive-prasle,2195,1,0,0,101,0,1414,0,1,82,277020,2195,0,102,0,0,0,LEADER,1,0,0,0,0,101
279433,67,adaptive-prasle,2413,1,0,0,101,0,1414,0,1,67,277020,2413,0,102,0,0,0,LEADER,1,0,0,0,0,101
279385,89,adaptive-prasle,2365,1,0,0,101,0,1414,0,1,89,277020,2365,0,102,0,0,0,LEADER,1,0,0,0,0,101
280053,28,adaptive-prasle,2113,1,0,0,101,0,1414,0,1,28,277940,2113,0,102,0,0,0,LEADER,1,0,0,0,0,101
279797,68,adaptive-prasle,1855,1,0,0,101,0,1414,0,1,68,277942,1855,0,102,0,0,0,LEADER,1,0,0,0,0,101
279748,90,adaptive-prasle,1807,1,0,0,101,0,1414,0,1,90,277941,1807,0,102,0,0,0,LEADER,1,0,0,0,0,101
279408,76,adaptive-prasle,1468,1,0,0,101,0,1414,0,1,76,277940,1468,0,102,0,0,0,LEADER,1,0,0,0,0,101
279729,10,adaptive-prasle,1789,1,0,0,101,0,1414,0,1,10,277940,1789,0,102,0,0,0,LEADER,1,0,0,0,0,101
280161,58,adaptive-prasle,2221,1,0,0,101,0,1414,0,1,58,277940,2221,0,102,0,0,0,LEADER,1,0,0,0,0,101
279544,73,adaptive-prasle,1604,1,0,0,101,0,1414,0,1,73,277940,1604,0,102,0,0,0,LEADER,1,0,0,0,0,101
279285,59,adaptive-prasle,2265,1,0,0,101,0,1414,0,1,59,277020,2265,0,102,0,0,0,LEADER,1,0,0,0,0,101
279559,41,adaptive-prasle,1619,1,0,0,101,0,1414,0,1,41,277940,1619,0,102,0,0,0,LEADER,1,0,0,0,0,101
279474,96,adaptive-prasle,1534,1,0,0,101,0,1414,0,1,96,277940,1534,0,102,0,0,0,LEADER,1,0,0,0,0,101
279773,74,adaptive-prasle,1837,1,0,0,101,0,1414,0,1,74,277936,1837,0,102,0,0,0,LEADER,1,0,0,0,0,101
279707,49,adaptive-prasle,1767,1,0,0,101,0,1414,0,1,49,277940,1767,0,102,0,0,0,LEADER,1,0,0,0,0,101
280168,92,adaptive-prasle,2228,1,0,0,101,0,1414,0,1,92,277940,2228,0,102,0,0,0,LEADER,1,0,0,0,0,101
279376,66,adaptive-prasle,1434,1,0,0,101,0,1414,0,1,66,277942,1434,0,102,0,0,0,LEADER,1,0,0,0,0,101
279400,57,adaptive-prasle,2380,1,0,0,101,0,1414,0,1,57,277020,2380,0,102,0,0,0,LEADER,1,0,0,0,0,101
280200,78,adaptive-prasle,2260,1,0,0,101,0,1414,0,1,78,277940,2260,0,102,0,0,0,LEADER,1,0,0,0,0,101
279366,39,adaptive-prasle,2346,1,0,0,101,0,1414,0,1,39,277020,2346,0,102,0,0,0,LEADER,1,0,0,0,0,101
280083,30,adaptive-prasle,2143,1,0,0,101,0,1414,0,1,30,277940,2143,0,102,0,0,0,LEADER,1,0,0,0,0,101
279489,64,adaptive-prasle,1549,1,0,0,101,0,1414,0,1,64,277940,1549,0,102,0,0,0,LEADER,1,0,0,0,0,101
279714,80,adaptive-prasle,1774,1,0,0,101,0,1414,0,1,80,277940,1774,0,102,0,0,0,LEADER,1,0,0,0,0,101
279448,54,adaptive-prasle,1516,1,0,0,101,0,1414,0,1,54,277932,1516,0,102,0,0,0,LEADER,1,0,0,0,0,101
279980,43,adaptive-prasle,2040,1,0,0,101,0,1414,0,1,43,277940,2040,0,102,0,0,0,LEADER,1,0,0,0,0,101
279900,26,adaptive-prasle,1960,1,0,0,101,0,1414,0,1,26,277940,1960,0,102,0,0,0,LEADER,1,0,0,0,0,101
279528,42,adaptive-prasle,1591,1,0,0,101,0,1414,0,1,42,277937,1591,0,102,0,0,0,LEADER,1,0,0,0,0,101
279538,31,adaptive-prasle,1598,1,0,0,101,0,1414,0,1,31,277940,1598,0,102,0,0,0,LEADER,1,0,0,0,0,101
280295,94,adaptive-prasle,2355,1,0,0,101,0,1414,0,1,94,277940,2355,0,102,0,0,0,LEADER,1,0,0,0,0,101
279865,45,adaptive-prasle,1925,1,0,0,101,0,1414,0,1,45,277940,1925,0,102,0,0,0,LEADER,1,0,0,0,0,101
280238,60,adaptive-prasle,2298,1,0,0,101,0,1414,0,1,60,277940,2298,0,102,0,0,0,LEADER,1,0,0,0,0,101
280344,44,adaptive-prasle,1483,1,0,0,102,0,1428,0,1,44,278861,1483,0,103,0,0,0,LEADER,1,0,0,0,0,102
279592,51,adaptive-prasle,1652,1,0,0,101,0,1414,0,1,51,277940,1652,0,102,0,0,0,LEADER,1,0,0,0,0,101
279949,33,adaptive-prasle,2007,1,0,0,101,0,1414,0,1,33,277942,2007,0,102,0,0,0,LEADER,1,0,0,0,0,101
280392,22,adaptive-prasle,1531,1,0,0,102,0,1428,0,1,22,278861,1531,0,103,0,0,0,LEADER,1,0,0,0,0,102
280104,72,adaptive-prasle,2162,1,0,0,101,0,1414,0,1,72,277942,2162,0,102,0,0,0,LEADER,1,0,0,0,0,101
279892,24,adaptive-prasle,1952,1,0,0,101,0,1414,0,1,24,277940,1952,0,102,0,0,0,LEADER,1,0,0,0,0,101
280423,32,adaptive-prasle,1564,1,0,0,102,0,1428,0,1,32,278859,1564,0,103,0,0,0,LEADER,1,0,0,0,0,102
279611,93,adaptive-prasle,1671,1,0,0,101,0,1414,0,1,93,277940,1671,0,102,0,0,0,LEADER,1,0,0,0,0,101
280270,79,adaptive-prasle,2331,1,0,0,101,0,1414,0,1,79,277939,2331,0,102,0,0,0,LEADER,1,0,0,0,0,101
280285,69,adaptive-prasle,2343,1,0,0,101,0,1414,0,1,69,277942,2343,0,102,0,0,0,LEADER,1,0,0,0,0,101
279965,75,adaptive-prasle,2025,1,0,0,101,0,1414,0,1,75,277940,2025,0,102,0,0,0,LEADER,1,0,0,0,0,101
279692,81,adaptive-prasle,1752,1,0,0,101,0,1414,0,1,81,277940,1752,0,102,0,0,0,LEADER,1,0,0,0,0,101
279550,52,adaptive-prasle,1610,1,0,0,101,0,1414,0,1,52,277940,1610,0,102,0,0,0,LEADER,1,0,0,0,0,101
280029,21,adaptive-prasle,2088,1,0,0,101,0,1414,0,1,21,277941,2088,0,102,0,0,0,LEADER,1,0,0,0,0,101
280205,29,adaptive-prasle,2265,1,0,0,101,0,1414,0,1,29,277940,2265,0,102,0,0,0,LEADER,1,0,0,0,0,101
279781,100,adaptive-prasle,1841,1,0,0,101,0,1414,0,1,100,277940,1841,0,102,0,0,0,LEADER,1,0,0,0,0,101
279626,61,adaptive-prasle,1686,1,0,0,101,0,1414,0,1,61,277940,1686,0,102,0,0,0,LEADER,1,0,0,0,0,101
280190,91,adaptive-prasle,2250,1,0,0,101,0,1414,0,1,91,277940,2250,0,102,0,0,0,LEADER,1,0,0,0,0,101
280189,7,adaptive-prasle,1749,1,0,0,22,44,308,616,7,5,278440,1749,0,9,0,0,0,NORMAL,0,0,0,0,0,22
280150,37,adaptive-prasle,2210,1,0,0,101,0,1414,0,1,37,277940,2210,0,102,0,0,0,LEADER,1,0,0,0,0,101
279693,38,adaptive-prasle,1755,1,0,0,101,0,1414,0,1,38,277938,1755,0,102,0,0,0,LEADER,1,0,0,0,0,101
280359,98,adaptive-prasle,2419,1,0,0,101,0,1414,0,1,98,277940,2419,0,102,0,0,0,LEADER,1,0,0,0,0,101
280216,27,adaptive-prasle,2280,1,0,0,101,0,1414,0,1,27,277936,2280,0,102,0,0,0,LEADER,1,0,0,0,0,101
280068,62,adaptive-prasle,2128,1,0,0,101,0,1414,0,1,62,277940,2128,0,102,0,0,0,LEADER,1,0,0,0,0,101
279877,56,adaptive-prasle,1937,1,0,0,101,0,1414,0,1,56,277940,1937,0,102,0,0,0,LEADER,1,0,0,0,0,101
280263,99,adaptive-prasle,2328,1,0,0,101,0,1414,0,1,99,277935,2328,0,102,0,0,0,LEADER,1,0,0,0,0,101
280143,48,adaptive-prasle,2202,1,0,0,101,0,1414,0,1,48,277941,2202,0,102,0,0,0,LEADER,1,0,0,0,0,101
279659,71,adaptive-prasle,1719,1,0,0,101,0,1414,0,1,71,277940,1719,0,102,0,0,0,LEADER,1,0,0,0,0,101
279884,87,adaptive-prasle,1944,1,0,0,101,0,1414,0,1,87,277940,1944,0,102,0,0,0,LEADER,1,0,0,0,0,101
279810,36,adaptive-prasle,1870,1,0,0,101,0,1414,0,1,36,277940,1870,0,102,0,0,0,LEADER,1,0,0,0,0,101
280307,77,adaptive-prasle,1446,1,0,0,102,0,1428,0,1,77,278861,1446,0,103,0,0,0,LEADER,1,0,0,0,0,102
280500,83,adaptive-prasle,1637,1,0,0,102,0,1428,0,1,83,278863,1637,0,103,0,0,0,LEADER,1,0,0,0,0,102
279999,85,adaptive-prasle,2059,1,0,0,101,0,1414,0,1,85,277940,2059,0,102,0,0,0,LEADER,1,0,0,0,0,101
280528,19,adaptive-prasle,1667,1,0,0,102,0,1428,0,1,19,278861,1667,0,103,0,0,0,LEADER,1,0,0,0,0,102
280388,6,adaptive-prasle,1797,1,0,0,19,35,266,490,6,5,278591,1797,0,9,0,0,0,NORMAL,0,0,0,0,0,19
280683,65,adaptive-prasle,1822,1,0,0,102,0,1428,0,1,65,278861,1822,0,103,0,0,0,LEADER,1,0,0,0,0,102
280289,35,adaptive-prasle,1428,1,0,0,102,0,1428,0,1,35,278861,1428,0,103,0,0,0,LEADER,1,0,0,0,0,102
280588,11,adaptive-prasle,2055,1,0,0,14,9,196,126,4,11,278533,2055,0,10,0,0,0,LEADER,1,0,0,0,0,14
280304,86,adaptive-prasle,1443,1,0,0,102,0,1428,0,1,86,278861,1443,0,103,0,0,0,LEADER,1,0,0,0,0,102
280346,50,adaptive-prasle,2406,1,0,0,101,0,1414,0,1,50,277940,2406,0,102,0,0,0,LEADER,1,0,0,0,0,101
280362,55,adaptive-prasle,1501,1,0,0,102,0,1428,0,1,55,278861,1501,0,103,0,0,0,LEADER,1,0,0,0,0,102
280401,63,adaptive-prasle,1540,1,0,0,102,0,1428,0,1,63,278861,1540,0,103,0,0,0,LEADER,1,0,0,0,0,102
280765,46,adaptive-prasle,1904,1,0,0,102,0,1428,0,1,46,278861,1904,0,103,0,0,0,LEADER,1,0,0,0,0,102
280560,53,adaptive-prasle,1701,1,0,0,102,0,1428,0,1,53,278859,1701,0,103,0,0,0,LEADER,1,0,0,0,0,102
279914,23,adaptive-prasle,1974,1,0,0,101,0,1414,0,1,23,277940,1974,0,102,0,0,0,LEADER,1,0,0,0,0,101
280783,88,adaptive-prasle,1922,1,0,0,102,0,1428,0,1,88,278861,1922,0,103,0,0,0,LEADER,1,0,0,0,0,102
280310,34,adaptive-prasle,1449,1,0,0,102,0,1428,0,1,34,278861,1449,0,103,0,0,0,LEADER,1,0,0,0,0,102
279919,97,adaptive-prasle,1977,1,0,0,101,0,1414,0,1,97,277942,1977,0,102,0,0,0,LEADER,1,0,0,0,0,101
280037,20,adaptive-prasle,2095,1,0,0,101,0,1414,0,1,20,277942,2095,0,102,0,0,0,LEADER,1,0,0,0,0,101
280117,40,adaptive-prasle,2177,1,0,0,101,0,1414,0,1,40,277940,2177,0,102,0,0,0,LEADER,1,0,0,0,0,101
280042,47,adaptive-prasle,2100,1,0,0,101,0,1414,0,1,47,277942,2100,0,102,0,0,0,LEADER,1,0,0,0,0,101
280953,95,adaptive-prasle,2092,1,0,0,102,0,1428,0,1,95,278861,2092,0,103,0,0,0,LEADER,1,0,0,0,0,102
280335,25,adaptive-prasle,2395,1,0,0,101,0,1414,0,1,25,277940,2395,0,102,0,0,0,LEADER,1,0,0,0,0,101
280941,84,adaptive-prasle,2080,1,0,0,102,0,1428,0,1,84,278861,2080,0,103,0,0,0,LEADER,1,0,0,0,0,102
280217,70,adaptive-prasle,2277,1,0,0,101,0,1414,0,1,70,277940,2277,0,102,0,0,0,LEADER,1,0,0,0,0,101
280135,82,adaptive-prasle,2195,1,0,0,101,0,1414,0,1,82,277940,2195,0,102,0,0,0,LEADER,1,0,0,0,0,101
280353,67,adaptive-prasle,2413,1,0,0,101,0,1414,0,1,67,277940,2413,0,102,0,0,0,LEADER,1,0,0,0,0,101
280305,89,adaptive-prasle,2365,1,0,0,101,0,1414,0,1,89,277940,2365,0,102,0,0,0,LEADER,1,0,0,0,0,101
280974,28,adaptive-prasle,2113,1,0,0,102,0,1428,0,1,28,278861,2113,0,103,0,0,0,LEADER,1,0,0,0,0,102
280718,68,adaptive-prasle,1855,1,0,0,102,0,1428,0,1,68,278863,1855,0,103,0,0,0,LEADER,1,0,0,0,0,102
280669,90,adaptive-prasle,1807,1,0,0,102,0,1428,0,1,90,278862,1807,0,103,0,0,0,LEADER,1,0,0,0,0,102
280329,76,adaptive-prasle,1468,1,0,0,102,0,1428,0,1,76,278861,1468,0,103,0,0,0,LEADER,1,0,0,0,0,102
280650,10,adaptive-prasle,1789,1,0,0,102,0,1428,0,1,10,278861,1789,0,103,0,0,0,LEADER,1,0,0,0,0,102
281082,58,adaptive-prasle,2221,1,0,0,102,0,1428,0,1,58,278861,2221,0,103,0,0,0,LEADER,1,0,0,0,0,102
280465,73,adaptive-prasle,1604,1,0,0,102,0,1428,0,1,73,278861,1604,0,103,0,0,0,LEADER,1,0,0,0,0,102
280205,59,adaptive-prasle,2265,1,0,0,101,0,1414,0,1,59,277940,2265,0,102,0,0,0,LEADER,1,0,0,0,0,101
280480,41,adaptive-prasle,1619,1,0,0,102,0,1428,0,1,41,278861,1619,0,103,0,0,0,LEADER,1,0,0,0,0,102
280395,96,adaptive-prasle,1534,1,0,0,102,0,1428,0,1,96,278861,1534,0,103,0,0,0,LEADER,1,0,0,0,0,102
280694,74,adaptive-prasle,1837,1,0,0,102,0,1428,0,1,74,278857,1837,0,103,0,0,0,LEADER,1,0,0,0,0,102
280628,49,adaptive-prasle,1767,1,0,0,102,0,1428,0,1,49,278861,1767,0,103,0,0,0,LEADER,1,0,0,0,0,102
281089,92,adaptive-prasle,2228,1,0,0,102,0,1428,0,1,92,278861,2228,0,103,0,0,0,LEADER,1,0,0,0,0,102
280297,66,adaptive-prasle,1434,1,0,0,102,0,1428,0,1,66,278863,1434,0,103,0,0,0,LEADER,1,0,0,0,0,102
280320,57,adaptive-prasle,2380,1,0,0,101,0,1414,0,1,57,277940,2380,0,102,0,0,0,LEADER,1,0,0,0,0,101
281121,78,adaptive-prasle,2260,1,0,0,102,0,1428,0,1,78,278861,2260,0,103,0,0,0,LEADER,1,0,0,0,0,102
280286,39,adaptive-prasle,2346,1,0,0,101,0,1414,0,1,39,277940,2346,0,102,0,0,0,LEADER,1,0,0,0,0,101
281004,30,adaptive-prasle,2143,1,0,0,102,0,1428,0,1,30,278861,2143,0,103,0,0,0,LEADER,1,0,0,0,0,102
280410,64,adaptive-prasle,1549,1,0,0,102,0,1428,0,1,64,278861,1549,0,103,0,0,0,LEADER,1,0,0,0,0,102
280635,80,adaptive-prasle,1774,1,0,0,102,0,1428,0,1,80,278861,1774,0,103,0,0,0,LEADER,1,0,0,0,0,102
280369,54,adaptive-prasle,1516,1,0,0,102,0,1428,0,1,54,278853,1516,0,103,0,0,0,LEADER,1,0,0,0,0,102
280901,43,adaptive-prasle,2040,1,0,0,102,0,1428,0,1,43,278861,2040,0,103,0,0,0,LEADER,1,0,0,0,0,102
280821,26,adaptive-prasle,1960,1,0,0,102,0,1428,0,1,26,278861,1960,0,103,0,0,0,LEADER,1,0,0,0,0,102
280449,42,adaptive-prasle,1591,1,0,0,102,0,1428,0,1,42,278858,1591,0,103,0,0,0,LEADER,1,0,0,0,0,102
280459,31,adaptive-prasle,1598,1,0,0,102,0,1428,0,1,31,278861,1598,0,103,0,0,0,LEADER,1,0,0,0,0,102
281216,94,adaptive-prasle,2355,1,0,0,102,0,1428,0,1,94,278861,2355,0,103,0,0,0,LEADER,1,0,0,0,0,102
280786,45,adaptive-prasle,1925,1,0,0,102,0,1428,0,1,45,278861,1925,0,103,0,0,0,LEADER,1,0,0,0,0,102
281159,60,adaptive-prasle,2298,1,0,0,102,0,1428,0,1,60,278861,2298,0,103,0,0,0,LEADER,1,0,0,0,0,102
281264,44,adaptive-prasle,1483,1,0,0,102,0,1428,0,1,44,279781,1483,0,103,0,0,0,LEADER,1,0,0,0,0,102
280513,51,adaptive-prasle,1652,1,0,0,102,0,1428,0,1,51,278861,1652,0,103,0,0,0,LEADER,1,0,0,0,0,102
281312,22,adaptive-prasle,1531,1,0,0,102,0,1428,0,1,22,279781,1531,0,103,0,0,0,LEADER,1,0,0,0,0,102
280870,33,adaptive-prasle,2007,1,0,0,102,0,1428,0,1,33,278863,2007,0,103,0,0,0,LEADER,1,0,0,0,0,102
281025,72,adaptive-prasle,2162,1,0,0,102,0,1428,0,1,72,278863,2162,0,103,0,0,0,LEADER,1,0,0,0,0,102
280813,24,adaptive-prasle,1952,1,0,0,102,0,1428,0,1,24,278861,1952,0,103,0,0,0,LEADER,1,0,0,0,0,102
281343,32,adaptive-prasle,1564,1,0,0,102,0,1428,0,1,32,279779,1564,0,103,0,0,0,LEADER,1,0,0,0,0,102
280532,93,adaptive-prasle,1671,1,0,0,102,0,1428,0,1,93,278861,1671,0,103,0,0,0,LEADER,1,0,0,0,0,102
281206,69,adaptive-prasle,2343,1,0,0,102,0,1428,0,1,69,278863,2343,0,103,0,0,0,LEADER,1,0,0,0,0,102
281191,79,adaptive-prasle,2331,1,0,0,102,0,1428,0,1,79,278860,2331,0,103,0,0,0,LEADER,1,0,0,0,0,102
280886,75,adaptive-prasle,2025,1,0,0,102,0,1428,0,1,75,278861,2025,0,103,0,0,0,LEADER,1,0,0,0,0,102
280613,81,adaptive-prasle,1752,1,0,0,102,0,1428,0,1,81,278861,1752,0,103,0,0,0,LEADER,1,0,0,0,0,102
280471,52,adaptive-prasle,1610,1,0,0,102,0,1428,0,1,52,278861,1610,0,103,0,0,0,LEADER,1,0,0,0,0,102
281126,29,adaptive-prasle,2265,1,0,0,102,0,1428,0,1,29,278861,2265,0,103,0,0,0,LEADER,1,0,0,0,0,102
280950,21,adaptive-prasle,2088,1,0,0,102,0,1428,0,1,21,278862,2088,0,103,0,0,0,LEADER,1,0,0,0,0,102
280702,100,adaptive-prasle,1841,1,0,0,102,0,1428,0,1,100,278861,1841,0,103,0,0,0,LEADER,1,0,0,0,0,102
280547,61,adaptive-prasle,1686,1,0,0,102,0,1428,0,1,61,278861,1686,0,103,0,0,0,LEADER,1,0,0,0,0,102
281111,91,adaptive-prasle,2250,1,0,0,102,0,1428,0,1,91,278861,2250,0,103,0,0,0,LEADER,1,0,0,0,0,102
281071,37,adaptive-prasle,2210,1,0,0,102,0,1428,0,1,37,278861,2210,0,103,0,0,0,LEADER,1,0,0,0,0,102
280614,38,adaptive-prasle,1755,1,0,0,102,0,1428,0,1,38,278859,1755,0,103,0,0,0,LEADER,1,0,0,0,0,102
281280,98,adaptive-prasle,2419,1,0,0,102,0,1428,0,1,98,278861,2419,0,103,0,0,0,LEADER,1,0,0,0,0,102
281137,27,adaptive-prasle,2280,1,0,0,102,0,1428,0,1,27,278857,2280,0,103,0,0,0,LEADER,1,0,0,0,0,102
280989,62,adaptive-prasle,2128,1,0,0,102,0,1428,0,1,62,278861,2128,0,103,0,0,0,LEADER,1,0,0,0,0,102
280798,56,adaptive-prasle,1937,1,0,0,102,0,1428,0,1,56,278861,1937,0,103,0,0,0,LEADER,1,0,0,0,0,102
281183,99,adaptive-prasle,2328,1,0,0,102,0,1428,0,1,99,278855,2328,0,103,0,0,0,LEADER,1,0,0,0,0,102
281064,48,adaptive-prasle,2202,1,0,0,102,0,1428,0,1,48,278862,2202,0,103,0,0,0,LEADER,1,0,0,0,0,102
280580,71,adaptive-prasle,1719,1,0,0,102,0,1428,0,1,71,278861,1719,0,103,0,0,0,LEADER,1,0,0,0,0,102
280805,87,adaptive-prasle,1944,1,0,0,102,0,1428,0,1,87,278861,1944,0,103,0,0,0,LEADER,1,0,0,0,0,102
280731,36,adaptive-prasle,1870,1,0,0,102,0,1428,0,1,36,278861,1870,0,103,0,0,0,LEADER,1,0,0,0,0,102
281227,77,adaptive-prasle,1446,1,0,0,102,0,1428,0,1,77,279781,1446,0,103,0,0,0,LEADER,1,0,0,0,0,102
281420,83,adaptive-prasle,1637,1,0,0,102,0,1428,0,1,83,279783,1637,0,103,0,0,0,LEADER,1,0,0,0,0,102
280920,85,adaptive-prasle,2059,1,0,0,102,0,1428,0,1,85,278861,2059,0,103,0,0,0,LEADER,1,0,0,0,0,102
281448,19,adaptive-prasle,1667,1,0,0,102,0,1428,0,1,19,279781,1667,0,103,0,0,0,LEADER,1,0,0,0,0,102
281603,65,adaptive-prasle,1822,1,0,0,102,0,1428,0,1,65,279781,1822,0,103,0,0,0,LEADER,1,0,0,0,0,102
281209,35,adaptive-prasle,1428,1,0,0,102,0,1428,0,1,35,279781,1428,0,103,0,0,0,LEADER,1,0,0,0,0,102
281224,86,adaptive-prasle,1443,1,0,0,102,0,1428,0,1,86,279781,1443,0,103,0,0,0,LEADER,1,0,0,0,0,102
281605,12,adaptive-prasle,1578,1,0,0,11,10,154,140,3,12,280027,1578,0,8,0,0,0,LEADER,1,0,0,0,0,11
281267,50,adaptive-prasle,2406,1,0,0,102,0,1428,0,1,50,278861,2406,0,103,0,0,0,LEADER,1,0,0,0,0,102
281282,55,adaptive-prasle,1501,1,0,0,102,0,1428,0,1,55,279781,1501,0,103,0,0,0,LEADER,1,0,0,0,0,102
281321,63,adaptive-prasle,1540,1,0,0,102,0,1428,0,1,63,279781,1540,0,103,0,0,0,LEADER,1,0,0,0,0,102
281685,46,adaptive-prasle,1904,1,0,0,102,0,1428,0,1,46,279781,1904,0,103,0,0,0,LEADER,1,0,0,0,0,102
281480,53,adaptive-prasle,1701,1,0,0,102,0,1428,0,1,53,279779,1701,0,103,0,0,0,LEADER,1,0,0,0,0,102
280835,23,adaptive-prasle,1974,1,0,0,102,0,1428,0,1,23,278861,1974,0,103,0,0,0,LEADER,1,0,0,0,0,102
281703,88,adaptive-prasle,1922,1,0,0,102,0,1428,0,1,88,279781,1922,0,103,0,0,0,LEADER,1,0,0,0,0,102
281230,34,adaptive-prasle,1449,1,0,0,102,0,1428,0,1,34,279781,1449,0,103,0,0,0,LEADER,1,0,0,0,0,102
280840,97,adaptive-prasle,1977,1,0,0,102,0,1428,0,1,97,278863,1977,0,103,0,0,0,LEADER,1,0,0,0,0,102
280958,20,adaptive-prasle,2095,1,0,0,102,0,1428,0,1,20,278863,2095,0,103,0,0,0,LEADER,1,0,0,0,0,102
281038,40,adaptive-prasle,2177,1,0,0,102,0,1428,0,1,40,278861,2177,0,103,0,0,0,LEADER,1,0,0,0,0,102
280963,47,adaptive-prasle,2100,1,0,0,102,0,1428,0,1,47,278863,2100,0,103,0,0,0,LEADER,1,0,0,0,0,102
281873,95,adaptive-prasle,2092,1,0,0,102,0,1428,0,1,95,279781,2092,0,103,0,0,0,LEADER,1,0,0,0,0,102
281256,25,adaptive-prasle,2395,1,0,0,102,0,1428,0,1,25,278861,2395,0,103,0,0,0,LEADER,1,0,0,0,0,102
281861,84,adaptive-prasle,2080,1,0,0,102,0,1428,0,1,84,279781,2080,0,103,0,0,0,LEADER,1,0,0,0,0,102
281138,70,adaptive-prasle,2277,1,0,0,102,0,1428,0,1,70,278861,2277,0,103,0,0,0,LEADER,1,0,0,0,0,102
281056,82,adaptive-prasle,2195,1,0,0,102,0,1428,0,1,82,278861,2195,0,103,0,0,0,LEADER,1,0,0,0,0,102
281274,67,adaptive-prasle,2413,1,0,0,102,0,1428,0,1,67,278861,2413,0,103,0,0,0,LEADER,1,0,0,0,0,102
281226,89,adaptive-prasle,2365,1,0,0,102,0,1428,0,1,89,278861,2365,0,103,0,0,0,LEADER,1,0,0,0,0,102
281894,28,adaptive-prasle,2113,1,0,0,102,0,1428,0,1,28,279781,2113,0,103,0,0,0,LEADER,1,0,0,0,0,102
281638,68,adaptive-prasle,1855,1,0,0,102,0,1428,0,1,68,279783,1855,0,103,0,0,0,LEADER,1,0,0,0,0,102
281589,90,adaptive-prasle,1807,1,0,0,102,0,1428,0,1,90,279782,1807,0,103,0,0,0,LEADER,1,0,0,0,0,102
281249,76,adaptive-prasle,1468,1,0,0,102,0,1428,0,1,76,279781,1468,0,103,0,0,0,LEADER,1,0,0,0,0,102
282002,58,adaptive-prasle,2221,1,0,0,102,0,1428,0,1,58,279781,2221,0,103,0,0,0,LEADER,1,0,0,0,0,102
281570,10,adaptive-prasle,1789,1,0,0,102,0,1428,0,1,10,279781,1789,0,103,0,0,0,LEADER,1,0,0,0,0,102
281385,73,adaptive-prasle,1604,1,0,0,102,0,1428,0,1,73,279781,1604,0,103,0,0,0,LEADER,1,0,0,0,0,102
281126,59,adaptive-prasle,2265,1,0,0,102,0,1428,0,1,59,278861,2265,0,103,0,0,0,LEADER,1,0,0,0,0,102
281400,41,adaptive-prasle,1619,1,0,0,102,0,1428,0,1,41,279781,1619,0,103,0,0,0,LEADER,1,0,0,0,0,102
281315,96,adaptive-prasle,1534,1,0,0,102,0,1428,0,1,96,279781,1534,0,103,0,0,0,LEADER,1,0,0,0,0,102
281614,74,adaptive-prasle,1837,1,0,0,102,0,1428,0,1,74,279777,1837,0,103,0,0,0,LEADER,1,0,0,0,0,102
281548,49,adaptive-prasle,1767,1,0,0,102,0,1428,0,1,49,279781,1767,0,103,0,0,0,LEADER,1,0,0,0,0,102
282009,92,adaptive-prasle,2228,1,0,0,102,0,1428,0,1,92,279781,2228,0,103,0,0,0,LEADER,1,0,0,0,0,102
281217,66,adaptive-prasle,1434,1,0,0,102,0,1428,0,1,66,279783,1434,0,103,0,0,0,LEADER,1,0,0,0,0,102
281241,57,adaptive-prasle,2380,1,0,0,102,0,1428,0,1,57,278861,2380,0,103,0,0,0,LEADER,1,0,0,0,0,102
282041,78,adaptive-prasle,2260,1,0,0,102,0,1428,0,1,78,279781,2260,0,103,0,0,0,LEADER,1,0,0,0,0,102
281207,39,adaptive-prasle,2346,1,0,0,102,0,1428,0,1,39,278861,2346,0,103,0,0,0,LEADER,1,0,0,0,0,102
281924,30,adaptive-prasle,2143,1,0,0,102,0,1428,0,1,30,279781,2143,0,103,0,0,0,LEADER,1,0,0,0,0,102
281330,64,adaptive-prasle,1549,1,0,0,102,0,1428,0,1,64,279781,1549,0,103,0,0,0,LEADER,1,0,0,0,0,102
281555,80,adaptive-prasle,1774,1,0,0,102,0,1428,0,1,80,279781,1774,0,103,0,0,0,LEADER,1,0,0,0,0,102
281289,54,adaptive-prasle,1516,1,0,0,102,0,1428,0,1,54,279773,1516,0,103,0,0,0,LEADER,1,0,0,0,0,102
281821,43,adaptive-prasle,2040,1,0,0,102,0,1428,0,1,43,279781,2040,0,103,0,0,0,LEADER,1,0,0,0,0,102
281741,26,adaptive-prasle,1960,1,0,0,102,0,1428,0,1,26,279781,1960,0,103,0,0,0,LEADER,1,0,0,0,0,102
281369,42,adaptive-prasle,1591,1,0,0,102,0,1428,0,1,42,279778,1591,0,103,0,0,0,LEADER,1,0,0,0,0,102
281379,31,adaptive-prasle,1598,1,0,0,102,0,1428,0,1,31,279781,1598,0,103,0,0,0,LEADER,1,0,0,0,0,102
282136,94,adaptive-prasle,2355,1,0,0,102,0,1428,0,1,94,279781,2355,0,103,0,0,0,LEADER,1,0,0,0,0,102
281706,45,adaptive-prasle,1925,1,0,0,102,0,1428,0,1,45,279781,1925,0,103,0,0,0,LEADER,1,0,0,0,0,102
282079,60,adaptive-prasle,2298,1,0,0,102,0,1428,0,1,60,279781,2298,0,103,0,0,0,LEADER,1,0,0,0,0,102
282184,44,adaptive-prasle,1483,1,0,0,102,0,1428,0,1,44,280701,1483,0,103,0,0,0,LEADER,1,0,0,0,0,102
281433,51,adaptive-prasle,1652,1,0,0,102,0,1428,0,1,51,279781,1652,0,103,0,0,0,LEADER,1,0,0,0,0,102
282232,22,adaptive-prasle,1531,1,0,0,102,0,1428,0,1,22,280701,1531,0,103,0,0,0,LEADER,1,0,0,0,0,102
281790,33,adaptive-prasle,2007,1,0,0,102,0,1428,0,1,33,279783,2007,0,103,0,0,0,LEADER,1,0,0,0,0,102
281945,72,adaptive-prasle,2162,1,0,0,102,0,1428,0,1,72,279783,2162,0,103,0,0,0,LEADER,1,0,0,0,0,102
281733,24,adaptive-prasle,1952,1,0,0,102,0,1428,0,1,24,279781,1952,0,103,0,0,0,LEADER,1,0,0,0,0,102
282263,32,adaptive-prasle,1564,1,0,0,102,0,1428,0,1,32,280699,1564,0,103,0,0,0,LEADER,1,0,0,0,0,102
281452,93,adaptive-prasle,1671,1,0,0,102,0,1428,0,1,93,279781,1671,0,103,0,0,0,LEADER,1,0,0,0,0,102
282111,79,adaptive-prasle,2331,1,0,0,102,0,1428,0,1,79,279780,2331,0,103,0,0,0,LEADER,1,0,0,0,0,102
282126,69,adaptive-prasle,2343,1,0,0,102,0,1428,0,1,69,279783,2343,0,103,0,0,0,LEADER,1,0,0,0,0,102
281806,75,adaptive-prasle,2025,1,0,0,102,0,1428,0,1,75,279781,2025,0,103,0,0,0,LEADER,1,0,0,0,0,102
281533,81,adaptive-prasle,1752,1,0,0,102,0,1428,0,1,81,279781,1752,0,103,0,0,0,LEADER,1,0,0,0,0,102
281391,52,adaptive-prasle,1610,1,0,0,102,0,1428,0,1,52,279781,1610,0,103,0,0,0,LEADER,1,0,0,0,0,102
281870,21,adaptive-prasle,2088,1,0,0,102,0,1428,0,1,21,279782,2088,0,103,0,0,0,LEADER,1,0,0,0,0,102
282046,29,adaptive-prasle,2265,1,0,0,102,0,1428,0,1,29,279781,2265,0,103,0,0,0,LEADER,1,0,0,0,0,102
281622,100,adaptive-prasle,1841,1,0,0,102,0,1428,0,1,100,279781,1841,0,103,0,0,0,LEADER,1,0,0,0,0,102
281467,61,adaptive-prasle,1686,1,0,0,102,0,1428,0,1,61,279781,1686,0,103,0,0,0,LEADER,1,0,0,0,0,102
282031,91,adaptive-prasle,2250,1,0,0,102,0,1428,0,1,91,279781,2250,0,103,0,0,0,LEADER,1,0,0,0,0,102
281991,37,adaptive-prasle,2210,1,0,0,102,0,1428,0,1,37,279781,2210,0,103,0,0,0,LEADER,1,0,0,0,0,102
281534,38,adaptive-prasle,1755,1,0,0,102,0,1428,0,1,38,279779,1755,0,103,0,0,0,LEADER,1,0,0,0,0,102
282200,98,adaptive-prasle,2419,1,0,0,102,0,1428,0,1,98,279781,2419,0,103,0,0,0,LEADER,1,0,0,0,0,102
282057,27,adaptive-prasle,2280,1,0,0,102,0,1428,0,1,27,279777,2280,0,103,0,0,0,LEADER,1,0,0,0,0,102
281909,62,adaptive-prasle,2128,1,0,0,102,0,1428,0,1,62,279781,2128,0,103,0,0,0,LEADER,1,0,0,0,0,102
281718,56,adaptive-prasle,1937,1,0,0,102,0,1428,0,1,56,279781,1937,0,103,0,0,0,LEADER,1,0,0,0,0,102
282103,99,adaptive-prasle,2328,1,0,0,102,0,1428,0,1,99,279775,2328,0,103,0,0,0,LEADER,1,0,0,0,0,102
281984,48,adaptive-prasle,2202,1,0,0,102,0,1428,0,1,48,279782,2202,0,103,0,0,0,LEADER,1,0,0,0,0,102
281500,71,adaptive-prasle,1719,1,0,0,102,0,1428,0,1,71,279781,1719,0,103,0,0,0,LEADER,1,0,0,0,0,102
281725,87,adaptive-prasle,1944,1,0,0,102,0,1428,0,1,87,279781,1944,0,103,0,0,0,LEADER,1,0,0,0,0,102
281651,36,adaptive-prasle,1870,1,0,0,102,0,1428,0,1,36,279781,1870,0,103,0,0,0,LEADER,1,0,0,0,0,102
282147,77,adaptive-prasle,1446,1,0,0,102,0,1428,0,1,77,280701,1446,0,103,0,0,0,LEADER,1,0,0,0,0,102
282340,83,adaptive-prasle,1637,1,0,0,102,0,1428,0,1,83,280703,1637,0,103,0,0,0,LEADER,1,0,0,0,0,102
281840,85,adaptive-prasle,2059,1,0,0,102,0,1428,0,1,85,279781,2059,0,103,0,0,0,LEADER,1,0,0,0,0,102
282368,19,adaptive-prasle,1667,1,0,0,102,0,1428,0,1,19,280701,1667,0,103,0,0,0,LEADER,1,0,0,0,0,102
282523,65,adaptive-prasle,1822,1,0,0,102,0,1428,0,1,65,280701,1822,0,103,0,0,0,LEADER,1,0,0,0,0,102
282129,35,adaptive-prasle,1428,1,0,0,102,0,1428,0,1,35,280701,1428,0,103,0,0,0,LEADER,1,0,0,0,0,102
282144,86,adaptive-prasle,1443,1,0,0,102,0,1428,0,1,86,280701,1443,0,103,0,0,0,LEADER,1,0,0,0,0,102
282187,50,adaptive-prasle,2406,1,0,0,102,0,1428,0,1,50,279781,2406,0,103,0,0,0,LEADER,1,0,0,0,0,102
282202,55,adaptive-prasle,1501,1,0,0,102,0,1428,0,1,55,280701,1501,0,103,0,0,0,LEADER,1,0,0,0,0,102
282241,63,adaptive-prasle,1540,1,0,0,102,0,1428,0,1,63,280701,1540,0,103,0,0,0,LEADER,1,0,0,0,0,102
282605,46,adaptive-prasle,1904,1,0,0,102,0,1428,0,1,46,280701,1904,0,103,0,0,0,LEADER,1,0,0,0,0,102
282400,53,adaptive-prasle,1701,1,0,0,102,0,1428,0,1,53,280699,1701,0,103,0,0,0,LEADER,1,0,0,0,0,102
281755,23,adaptive-prasle,1974,1,0,0,102,0,1428,0,1,23,279781,1974,0,103,0,0,0,LEADER,1,0,0,0,0,102
282623,88,adaptive-prasle,1922,1,0,0,102,0,1428,0,1,88,280701,1922,0,103,0,0,0,LEADER,1,0,0,0,0,102
282150,34,adaptive-prasle,1449,1,0,0,102,0,1428,0,1,34,280701,1449,0,103,0,0,0,LEADER,1,0,0,0,0,102
281760,97,adaptive-prasle,1977,1,0,0,102,0,1428,0,1,97,279783,1977,0,103,0,0,0,LEADER,1,0,0,0,0,102
281878,20,adaptive-prasle,2095,1,0,0,102,0,1428,0,1,20,279783,2095,0,103,0,0,0,LEADER,1,0,0,0,0,102
281958,40,adaptive-prasle,2177,1,0,0,102,0,1428,0,1,40,279781,2177,0,103,0,0,0,LEADER,1,0,0,0,0,102
281883,47,adaptive-prasle,2100,1,0,0,102,0,1428,0,1,47,279783,2100,0,103,0,0,0,LEADER,1,0,0,0,0,102
282793,95,adaptive-prasle,2092,1,0,0,102,0,1428,0,1,95,280701,2092,0,103,0,0,0,LEADER,1,0,0,0,0,102
282176,25,adaptive-prasle,2395,1,0,0,102,0,1428,0,1,25,279781,2395,0,103,0,0,0,LEADER,1,0,0,0,0,102
282781,84,adaptive-prasle,2080,1,0,0,102,0,1428,0,1,84,280701,2080,0,103,0,0,0,LEADER,1,0,0,0,0,102
282058,70,adaptive-prasle,2277,1,0,0,102,0,1428,0,1,70,279781,2277,0,103,0,0,0,LEADER,1,0,0,0,0,102
281976,82,adaptive-prasle,2195,1,0,0,102,0,1428,0,1,82,279781,2195,0,103,0,0,0,LEADER,1,0,0,0,0,102
282194,67,adaptive-prasle,2413,1,0,0,102,0,1428,0,1,67,279781,2413,0,103,0,0,0,LEADER,1,0,0,0,0,102
282146,89,adaptive-prasle,2365,1,0,0,102,0,1428,0,1,89,279781,2365,0,103,0,0,0,LEADER,1,0,0,0,0,102
282814,28,adaptive-prasle,2113,1,0,0,102,0,1428,0,1,28,280701,2113,0,103,0,0,0,LEADER,1,0,0,0,0,102
282558,68,adaptive-prasle,1855,1,0,0,102,0,1428,0,1,68,280703,1855,0,103,0,0,0,LEADER,1,0,0,0,0,102
282509,90,adaptive-prasle,1807,1,0,0,102,0,1428,0,1,90,280702,1807,0,103,0,0,0,LEADER,1,0,0,0,0,102
282169,76,adaptive-prasle,1468,1,0,0,102,0,1428,0,1,76,280701,1468,0,103,0,0,0,LEADER,1,0,0,0,0,102
282922,58,adaptive-prasle,2221,1,0,0,102,0,1428,0,1,58,280701,2221,0,103,0,0,0,LEADER,1,0,0,0,0,102
282490,10,adaptive-prasle,1789,1,0,0,102,0,1428,0,1,10,280701,1789,0,103,0,0,0,LEADER,1,0,0,0,0,102
282305,73,adaptive-prasle,1604,1,0,0,102,0,1428,0,1,73,280701,1604,0,103,0,0,0,LEADER,1,0,0,0,0,102
282046,59,adaptive-prasle,2265,1,0,0,102,0,1428,0,1,59,279781,2265,0,103,0,0,0,LEADER,1,0,0,0,0,102
282320,41,adaptive-prasle,1619,1,0,0,102,0,1428,0,1,41,280701,1619,0,103,0,0,0,LEADER,1,0,0,0,0,102
282235,96,adaptive-prasle,1534,1,0,0,102,0,1428,0,1,96,280701,1534,0,103,0,0,0,LEADER,1,0,0,0,0,102
282534,74,adaptive-prasle,1837,1,0,0,102,0,1428,0,1,74,280697,1837,0,103,0,0,0,LEADER,1,0,0,0,0,102
282468,49,adaptive-prasle,1767,1,0,0,102,0,1428,0,1,49,280701,1767,0,103,0,0,0,LEADER,1,0,0,0,0,102
282929,92,adaptive-prasle,2228,1,0,0,102,0,1428,0,1,92,280701,2228,0,103,0,0,0,LEADER,1,0,0,0,0,102
282137,66,adaptive-prasle,1434,1,0,0,102,0,1428,0,1,66,280703,1434,0,103,0,0,0,LEADER,1,0,0,0,0,102
282161,57,adaptive-prasle,2380,1,0,0,102,0,1428,0,1,57,279781,2380,0,103,0,0,0,LEADER,1,0,0,0,0,102
282961,78,adaptive-prasle,2260,1,0,0,102,0,1428,0,1,78,280701,2260,0,103,0,0,0,LEADER,1,0,0,0,0,102
282127,39,adaptive-prasle,2346,1,0,0,102,0,1428,0,1,39,279781,2346,0,103,0,0,0,LEADER,1,0,0,0,0,102
282844,30,adaptive-prasle,2143,1,0,0,102,0,1428,0,1,30,280701,2143,0,103,0,0,0,LEADER,1,0,0,0,0,102
282250,64,adaptive-prasle,1549,1,0,0,102,0,1428,0,1,64,280701,1549,0,103,0,0,0,LEADER,1,0,0,0,0,102
282475,80,adaptive-prasle,1774,1,0,0,102,0,1428,0,1,80,280701,1774,0,103,0,0,0,LEADER,1,0,0,0,0,102
282209,54,adaptive-prasle,1516,1,0,0,102,0,1428,0,1,54,280693,1516,0,103,0,0,0,LEADER,1,0,0,0,0,102
282741,43,adaptive-prasle,2040,1,0,0,102,0,1428,0,1,43,280701,2040,0,103,0,0,0,LEADER,1,0,0,0,0,102
282661,26,adaptive-prasle,1960,1,0,0,102,0,1428,0,1,26,280701,1960,0,103,0,0,0,LEADER,1,0,0,0,0,102
282289,42,adaptive-prasle,1591,1,0,0,102,0,1428,0,1,42,280698,1591,0,103,0,0,0,LEADER,1,0,0,0,0,102
282299,31,adaptive-prasle,1598,1,0,0,102,0,1428,0,1,31,280701,1598,0,103,0,0,0,LEADER,1,0,0,0,0,102
283056,94,adaptive-prasle,2355,1,0,0,102,0,1428,0,1,94,280701,2355,0,103,0,0,0,LEADER,1,0,0,0,0,102
282626,45,adaptive-prasle,1925,1,0,0,102,0,1428,0,1,45,280701,1925,0,103,0,0,0,LEADER,1,0,0,0,0,102
282999,60,adaptive-prasle,2298,1,0,0,102,0,1428,0,1,60,280701,2298,0,103,0,0,0,LEADER,1,0,0,0,0,102
283105,44,adaptive-prasle,1483,1,0,0,103,0,1442,0,1,44,281622,1483,0,104,0,0,0,LEADER,1,0,0,0,0,103
282728,17,adaptive-prasle,1782,1,0,0,22,22,308,308,3,17,280946,1782,0,8,0,0,0,LEADER,1,0,0,0,0,22
282353,51,adaptive-prasle,1652,1,0,0,102,0,1428,0,1,51,280701,1652,0,103,0,0,0,LEADER,1,0,0,0,0,102
282710,33,adaptive-prasle,2007,1,0,0,102,0,1428,0,1,33,280703,2007,0,103,0,0,0,LEADER,1,0,0,0,0,102
283153,22,adaptive-prasle,1531,1,0,0,103,0,1442,0,1,22,281622,1531,0,104,0,0,0,LEADER,1,0,0,0,0,103
282865,72,adaptive-prasle,2162,1,0,0,102,0,1428,0,1,72,280703,2162,0,103,0,0,0,LEADER,1,0,0,0,0,102
282653,24,adaptive-prasle,1952,1,0,0,102,0,1428,0,1,24,280701,1952,0,103,0,0,0,LEADER,1,0,0,0,0,102
283082,18,adaptive-prasle,2226,1,0,0,26,25,364,350,4,2,280856,2226,0,8,0,0,0,NORMAL,0,0,0,0,0,26
283184,32,adaptive-prasle,1564,1,0,0,103,0,1442,0,1,32,281620,1564,0,104,0,0,0,LEADER,1,0,0,0,0,103
282372,93,adaptive-prasle,1671,1,0,0,102,0,1428,0,1,93,280701,1671,0,103,0,0,0,LEADER,1,0,0,0,0,102
283031,79,adaptive-prasle,2331,1,0,0,102,0,1428,0,1,79,280700,2331,0,103,0,0,0,LEADER,1,0,0,0,0,102
283046,69,adaptive-prasle,2343,1,0,0,102,0,1428,0,1,69,280703,2343,0,103,0,0,0,LEADER,1,0,0,0,0,102
282726,75,adaptive-prasle,2025,1,0,0,102,0,1428,0,1,75,280701,2025,0,103,0,0,0,LEADER,1,0,0,0,0,102
282453,81,adaptive-prasle,1752,1,0,0,102,0,1428,0,1,81,280701,1752,0,103,0,0,0,LEADER,1,0,0,0,0,102
282311,52,adaptive-prasle,1610,1,0,0,102,0,1428,0,1,52,280701,1610,0,103,0,0,0,LEADER,1,0,0,0,0,102
282790,21,adaptive-prasle,2088,1,0,0,102,0,1428,0,1,21,280702,2088,0,103,0,0,0,LEADER,1,0,0,0,0,102
282966,29,adaptive-prasle,2265,1,0,0,102,0,1428,0,1,29,280701,2265,0,103,0,0,0,LEADER,1,0,0,0,0,102
282542,100,adaptive-prasle,1841,1,0,0,102,0,1428,0,1,100,280701,1841,0,103,0,0,0,LEADER,1,0,0,0,0,102
282387,61,adaptive-prasle,1686,1,0,0,102,0,1428,0,1,61,280701,1686,0,103,0,0,0,LEADER,1,0,0,0,0,102
282951,91,adaptive-prasle,2250,1,0,0,102,0,1428,0,1,91,280701,2250,0,103,0,0,0,LEADER,1,0,0,0,0,102
282911,37,adaptive-prasle,2210,1,0,0,102,0,1428,0,1,37,280701,2210,0,103,0,0,0,LEADER,1,0,0,0,0,102
282454,38,adaptive-prasle,1755,1,0,0,102,0,1428,0,1,38,280699,1755,0,103,0,0,0,LEADER,1,0,0,0,0,102
283120,98,adaptive-prasle,2419,1,0,0,102,0,1428,0,1,98,280701,2419,0,103,0,0,0,LEADER,1,0,0,0,0,102
282977,27,adaptive-prasle,2280,1,0,0,102,0,1428,0,1,27,280697,2280,0,103,0,0,0,LEADER,1,0,0,0,0,102
282829,62,adaptive-prasle,2128,1,0,0,102,0,1428,0,1,62,280701,2128,0,103,0,0,0,LEADER,1,0,0,0,0,102
282638,56,adaptive-prasle,1937,1,0,0,102,0,1428,0,1,56,280701,1937,0,103,0,0,0,LEADER,1,0,0,0,0,102
283023,99,adaptive-prasle,2328,1,0,0,102,0,1428,0,1,99,280695,2328,0,103,0,0,0,LEADER,1,0,0,0,0,102
282904,48,adaptive-prasle,2202,1,0,0,102,0,1428,0,1,48,280702,2202,0,103,0,0,0,LEADER,1,0,0,0,0,102
282420,71,adaptive-prasle,1719,1,0,0,102,0,1428,0,1,71,280701,1719,0,103,0,0,0,LEADER,1,0,0,0,0,102
282645,87,adaptive-prasle,1944,1,0,0,102,0,1428,0,1,87,280701,1944,0,103,0,0,0,LEADER,1,0,0,0,0,102
282571,36,adaptive-prasle,1870,1,0,0,102,0,1428,0,1,36,280701,1870,0,103,0,0,0,LEADER,1,0,0,0,0,102
283106,5,adaptive-prasle,2338,1,0,0,15,33,210,462,7,5,280768,2338,0,10,0,0,0,LEADER,1,0,0,0,0,15
283068,77,adaptive-prasle,1446,1,0,0,103,0,1442,0,1,77,281622,1446,0,104,0,0,0,LEADER,1,0,0,0,0,103
283261,83,adaptive-prasle,1637,1,0,0,103,0,1442,0,1,83,281624,1637,0,104,0,0,0,LEADER,1,0,0,0,0,103
282760,85,adaptive-prasle,2059,1,0,0,102,0,1428,0,1,85,280701,2059,0,103,0,0,0,LEADER,1,0,0,0,0,102
283289,19,adaptive-prasle,1667,1,0,0,103,0,1442,0,1,19,281622,1667,0,104,0,0,0,LEADER,1,0,0,0,0,103
283444,65,adaptive-prasle,1822,1,0,0,103,0,1442,0,1,65,281622,1822,0,104,0,0,0,LEADER,1,0,0,0,0,103
283050,35,adaptive-prasle,1428,1,0,0,103,0,1442,0,1,35,281622,1428,0,104,0,0,0,LEADER,1,0,0,0,0,103
283065,86,adaptive-prasle,1443,1,0,0,103,0,1442,0,1,86,281622,1443,0,104,0,0,0,LEADER,1,0,0,0,0,103
283107,50,adaptive-prasle,2406,1,0,0,102,0,1428,0,1,50,280701,2406,0,103,0,0,0,LEADER,1,0,0,0,0,102
283123,55,adaptive-prasle,1501,1,0,0,103,0,1442,0,1,55,281622,1501,0,104,0,0,0,LEADER,1,0,0,0,0,103
283162,63,adaptive-prasle,1540,1,0,0,103,0,1442,0,1,63,281622,1540,0,104,0,0,0,LEADER,1,0,0,0,0,103
283526,46,adaptive-prasle,1904,1,0,0,103,0,1442,0,1,46,281622,1904,0,104,0,0,0,LEADER,1,0,0,0,0,103
283321,53,adaptive-prasle,1701,1,0,0,103,0,1442,0,1,53,281620,1701,0,104,0,0,0,LEADER,1,0,0,0,0,103
282675,23,adaptive-prasle,1974,1,0,0,102,0,1428,0,1,23,280701,1974,0,103,0,0,0,LEADER,1,0,0,0,0,102
283544,88,adaptive-prasle,1922,1,0,0,103,0,1442,0,1,88,281622,1922,0,104,0,0,0,LEADER,1,0,0,0,0,103
283071,34,adaptive-prasle,1449,1,0,0,103,0,1442,0,1,34,281622,1449,0,104,0,0,0,LEADER,1,0,0,0,0,103
282680,97,adaptive-prasle,1977,1,0,0,102,0,1428,0,1,97,280703,1977,0,103,0,0,0,LEADER,1,0,0,0,0,102
282798,20,adaptive-prasle,2095,1,0,0,102,0,1428,0,1,20,280703,2095,0,103,0,0,0,LEADER,1,0,0,0,0,102
282878,40,adaptive-prasle,2177,1,0,0,102,0,1428,0,1,40,280701,2177,0,103,0,0,0,LEADER,1,0,0,0,0,102
282803,47,adaptive-prasle,2100,1,0,0,102,0,1428,0,1,47,280703,2100,0,103,0,0,0,LEADER,1,0,0,0,0,102
283714,95,adaptive-prasle,2092,1,0,0,103,0,1442,0,1,95,281622,2092,0,104,0,0,0,LEADER,1,0,0,0,0,103
283096,25,adaptive-prasle,2395,1,0,0,102,0,1428,0,1,25,280701,2395,0,103,0,0,0,LEADER,1,0,0,0,0,102
283702,84,adaptive-prasle,2080,1,0,0,103,0,1442,0,1,84,281622,2080,0,104,0,0,0,LEADER,1,0,0,0,0,103
282978,70,adaptive-prasle,2277,1,0,0,102,0,1428,0,1,70,280701,2277,0,103,0,0,0,LEADER,1,0,0,0,0,102
282896,82,adaptive-prasle,2195,1,0,0,102,0,1428,0,1,82,280701,2195,0,103,0,0,0,LEADER,1,0,0,0,0,102
283114,67,adaptive-prasle,2413,1,0,0,102,0,1428,0,1,67,280701,2413,0,103,0,0,0,LEADER,1,0,0,0,0,102
283066,89,adaptive-prasle,2365,1,0,0,102,0,1428,0,1,89,280701,2365,0,103,0,0,0,LEADER,1,0,0,0,0,102
283735,28,adaptive-prasle,2113,1,0,0,103,0,1442,0,1,28,281622,2113,0,104,0,0,0,LEADER,1,0,0,0,0,103
283479,68,adaptive-prasle,1855,1,0,0,103,0,1442,0,1,68,281624,1855,0,104,0,0,0,LEADER,1,0,0,0,0,103
283430,90,adaptive-prasle,1807,1,0,0,103,0,1442,0,1,90,281623,1807,0,104,0,0,0,LEADER,1,0,0,0,0,103
283090,76,adaptive-prasle,1468,1,0,0,103,0,1442,0,1,76,281622,1468,0,104,0,0,0,LEADER,1,0,0,0,0,103
283411,10,adaptive-prasle,1789,1,0,0,103,0,1442,0,1,10,281622,1789,0,104,0,0,0,LEADER,1,0,0,0,0,103
283843,58,adaptive-prasle,2221,1,0,0,103,0,1442,0,1,58,281622,2221,0,104,0,0,0,LEADER,1,0,0,0,0,103
283226,73,adaptive-prasle,1604,1,0,0,103,0,1442,0,1,73,281622,1604,0,104,0,0,0,LEADER,1,0,0,0,0,103
282966,59,adaptive-prasle,2265,1,0,0,102,0,1428,0,1,59,280701,2265,0,103,0,0,0,LEADER,1,0,0,0,0,102
283241,41,adaptive-prasle,1619,1,0,0,103,0,1442,0,1,41,281622,1619,0,104,0,0,0,LEADER,1,0,0,0,0,103
283156,96,adaptive-prasle,1534,1,0,0,103,0,1442,0,1,96,281622,1534,0,104,0,0,0,LEADER,1,0,0,0,0,103
283455,74,adaptive-prasle,1837,1,0,0,103,0,1442,0,1,74,281618,1837,0,104,0,0,0,LEADER,1,0,0,0,0,103
283389,49,adaptive-prasle,1767,1,0,0,103,0,1442,0,1,49,281622,1767,0,104,0,0,0,LEADER,1,0,0,0,0,103
283850,92,adaptive-prasle,2228,1,0,0,103,0,1442,0,1,92,281622,2228,0,104,0,0,0,LEADER,1,0,0,0,0,103
283058,66,adaptive-prasle,1434,1,0,0,103,0,1442,0,1,66,281624,1434,0,104,0,0,0,LEADER,1,0,0,0,0,103
283081,57,adaptive-prasle,2380,1,0,0,102,0,1428,0,1,57,280701,2380,0,103,0,0,0,LEADER,1,0,0,0,0,102
283882,78,adaptive-prasle,2260,1,0,0,103,0,1442,0,1,78,281622,2260,0,104,0,0,0,LEADER,1,0,0,0,0,103
283047,39,adaptive-prasle,2346,1,0,0,102,0,1428,0,1,39,280701,2346,0,103,0,0,0,LEADER,1,0,0,0,0,102
283765,30,adaptive-prasle,2143,1,0,0,103,0,1442,0,1,30,281622,2143,0,104,0,0,0,LEADER,1,0,0,0,0,103
283171,64,adaptive-prasle,1549,1,0,0,103,0,1442,0,1,64,281622,1549,0,104,0,0,0,LEADER,1,0,0,0,0,103
283396,80,adaptive-prasle,1774,1,0,0,103,0,1442,0,1,80,281622,1774,0,104,0,0,0,LEADER,1,0,0,0,0,103
283130,54,adaptive-prasle,1516,1,0,0,103,0,1442,0,1,54,281614,1516,0,104,0,0,0,LEADER,1,0,0,0,0,103
283662,43,adaptive-prasle,2040,1,0,0,103,0,1442,0,1,43,281622,2040,0,104,0,0,0,LEADER,1,0,0,0,0,103
283582,26,adaptive-prasle,1960,1,0,0,103,0,1442,0,1,26,281622,1960,0,104,0,0,0,LEADER,1,0,0,0,0,103
283210,42,adaptive-prasle,1591,1,0,0,103,0,1442,0,1,42,281619,1591,0,104,0,0,0,LEADER,1,0,0,0,0,103
283220,31,adaptive-prasle,1598,1,0,0,103,0,1442,0,1,31,281622,1598,0,104,0,0,0,LEADER,1,0,0,0,0,103
283977,94,adaptive-prasle,2355,1,0,0,103,0,1442,0,1,94,281622,2355,0,104,0,0,0,LEADER,1,0,0,0,0,103
283547,45,adaptive-prasle,1925,1,0,0,103,0,1442,0,1,45,281622,1925,0,104,0,0,0,LEADER,1,0,0,0,0,103
283920,60,adaptive-prasle,2298,1,0,0,103,0,1442,0,1,60,281622,2298,0,104,0,0,0,LEADER,1,0,0,0,0,103
284025,44,adaptive-prasle,1483,1,0,0,103,0,1442,0,1,44,282542,1483,0,104,0,0,0,LEADER,1,0,0,0,0,103
283274,51,adaptive-prasle,1652,1,0,0,103,0,1442,0,1,51,281622,1652,0,104,0,0,0,LEADER,1,0,0,0,0,103
284073,22,adaptive-prasle,1531,1,0,0,103,0,1442,0,1,22,282542,1531,0,104,0,0,0,LEADER,1,0,0,0,0,103
283631,33,adaptive-prasle,2007,1,0,0,103,0,1442,0,1,33,281624,2007,0,104,0,0,0,LEADER,1,0,0,0,0,103
283786,72,adaptive-prasle,2162,1,0,0,103,0,1442,0,1,72,281624,2162,0,104,0,0,0,LEADER,1,0,0,0,0,103
283574,24,adaptive-prasle,1952,1,0,0,103,0,1442,0,1,24,281622,1952,0,104,0,0,0,LEADER,1,0,0,0,0,103
284104,32,adaptive-prasle,1564,1,0,0,103,0,1442,0,1,32,282540,1564,0,104,0,0,0,LEADER,1,0,0,0,0,103
283293,93,adaptive-prasle,1671,1,0,0,103,0,1442,0,1,93,281622,1671,0,104,0,0,0,LEADER,1,0,0,0,0,103
283967,69,adaptive-prasle,2343,1,0,0,103,0,1442,0,1,69,281624,2343,0,104,0,0,0,LEADER,1,0,0,0,0,103
283952,79,adaptive-prasle,2331,1,0,0,103,0,1442,0,1,79,281621,2331,0,104,0,0,0,LEADER,1,0,0,0,0,103
283647,75,adaptive-prasle,2025,1,0,0,103,0,1442,0,1,75,281622,2025,0,104,0,0,0,LEADER,1,0,0,0,0,103
283374,81,adaptive-prasle,1752,1,0,0,103,0,1442,0,1,81,281622,1752,0,104,0,0,0,LEADER,1,0,0,0,0,103
283232,52,adaptive-prasle,1610,1,0,0,103,0,1442,0,1,52,281622,1610,0,104,0,0,0,LEADER,1,0,0,0,0,103
283711,21,adaptive-prasle,2088,1,0,0,103,0,1442,0,1,21,281623,2088,0,104,0,0,0,LEADER,1,0,0,0,0,103
283887,29,adaptive-prasle,2265,1,0,0,103,0,1442,0,1,29,281622,2265,0,104,0,0,0,LEADER,1,0,0,0,0,103
283463,100,adaptive-prasle,1841,1,0,0,103,0,1442,0,1,100,281622,1841,0,104,0,0,0,LEADER,1,0,0,0,0,103
283308,61,adaptive-prasle,1686,1,0,0,103,0,1442,0,1,61,281622,1686,0,104,0,0,0,LEADER,1,0,0,0,0,103
283872,91,adaptive-prasle,2250,1,0,0,103,0,1442,0,1,91,281622,2250,0,104,0,0,0,LEADER,1,0,0,0,0,103
283832,37,adaptive-prasle,2210,1,0,0,103,0,1442,0,1,37,281622,2210,0,104,0,0,0,LEADER,1,0,0,0,0,103
283375,38,adaptive-prasle,1755,1,0,0,103,0,1442,0,1,38,281620,1755,0,104,0,0,0,LEADER,1,0,0,0,0,103
284041,98,adaptive-prasle,2419,1,0,0,103,0,1442,0,1,98,281622,2419,0,104,0,0,0,LEADER,1,0,0,0,0,103
283898,27,adaptive-prasle,2280,1,0,0,103,0,1442,0,1,27,281618,2280,0,104,0,0,0,LEADER,1,0,0,0,0,103
283750,62,adaptive-prasle,2128,1,0,0,103,0,1442,0,1,62,281622,2128,0,104,0,0,0,LEADER,1,0,0,0,0,103
283559,56,adaptive-prasle,1937,1,0,0,103,0,1442,0,1,56,281622,1937,0,104,0,0,0,LEADER,1,0,0,0,0,103
283944,99,adaptive-prasle,2328,1,0,0,103,0,1442,0,1,99,281616,2328,0,104,0,0,0,LEADER,1,0,0,0,0,103
283825,48,adaptive-prasle,2202,1,0,0,103,0,1442,0,1,48,281623,2202,0,104,0,0,0,LEADER,1,0,0,0,0,103
283341,71,adaptive-prasle,1719,1,0,0,103,0,1442,0,1,71,281622,1719,0,104,0,0,0,LEADER,1,0,0,0,0,103
283566,87,adaptive-prasle,1944,1,0,0,103,0,1442,0,1,87,281622,1944,0,104,0,0,0,LEADER,1,0,0,0,0,103
283492,36,adaptive-prasle,1870,1,0,0,103,0,1442,0,1,36,281622,1870,0,104,0,0,0,LEADER,1,0,0,0,0,103
283988,77,adaptive-prasle,1446,1,0,0,103,0,1442,0,1,77,282542,1446,0,104,0,0,0,LEADER,1,0,0,0,0,103
284181,83,adaptive-prasle,1637,1,0,0,103,0,1442,0,1,83,282544,1637,0,104,0,0,0,LEADER,1,0,0,0,0,103
283681,85,adaptive-prasle,2059,1,0,0,103,0,1442,0,1,85,281622,2059,0,104,0,0,0,LEADER,1,0,0,0,0,103
284209,19,adaptive-prasle,1667,1,0,0,103,0,1442,0,1,19,282542,1667,0,104,0,0,0,LEADER,1,0,0,0,0,103
284364,65,adaptive-prasle,1822,1,0,0,103,0,1442,0,1,65,282542,1822,0,104,0,0,0,LEADER,1,0,0,0,0,103
283970,35,adaptive-prasle,1428,1,0,0,103,0,1442,0,1,35,282542,1428,0,104,0,0,0,LEADER,1,0,0,0,0,103
283985,86,adaptive-prasle,1443,1,0,0,103,0,1442,0,1,86,282542,1443,0,104,0,0,0,LEADER,1,0,0,0,0,103
284028,50,adaptive-prasle,2406,1,0,0,103,0,1442,0,1,50,281622,2406,0,104,0,0,0,LEADER,1,0,0,0,0,103
284043,55,adaptive-prasle,1501,1,0,0,103,0,1442,0,1,55,282542,1501,0,104,0,0,0,LEADER,1,0,0,0,0,103
284082,63,adaptive-prasle,1540,1,0,0,103,0,1442,0,1,63,282542,1540,0,104,0,0,0,LEADER,1,0,0,0,0,103
284446,46,adaptive-prasle,1904,1,0,0,103,0,1442,0,1,46,282542,1904,0,104,0,0,0,LEADER,1,0,0,0,0,103
284241,53,adaptive-prasle,1701,1,0,0,103,0,1442,0,1,53,282540,1701,0,104,0,0,0,LEADER,1,0,0,0,0,103
283596,23,adaptive-prasle,1974,1,0,0,103,0,1442,0,1,23,281622,1974,0,104,0,0,0,LEADER,1,0,0,0,0,103
284464,88,adaptive-prasle,1922,1,0,0,103,0,1442,0,1,88,282542,1922,0,104,0,0,0,LEADER,1,0,0,0,0,103
283991,34,adaptive-prasle,1449,1,0,0,103,0,1442,0,1,34,282542,1449,0,104,0,0,0,LEADER,1,0,0,0,0,103
283601,97,adaptive-prasle,1977,1,0,0,103,0,1442,0,1,97,281624,1977,0,104,0,0,0,LEADER,1,0,0,0,0,103
283719,20,adaptive-prasle,2095,1,0,0,103,0,1442,0,1,20,281624,2095,0,104,0,0,0,LEADER,1,0,0,0,0,103
283799,40,adaptive-prasle,2177,1,0,0,103,0,1442,0,1,40,281622,2177,0,104,0,0,0,LEADER,1,0,0,0,0,103
283724,47,adaptive-prasle,2100,1,0,0,103,0,1442,0,1,47,281624,2100,0,104,0,0,0,LEADER,1,0,0,0,0,103
284634,95,adaptive-prasle,2092,1,0,0,103,0,1442,0,1,95,282542,2092,0,104,0,0,0,LEADER,1,0,0,0,0,103
284017,25,adaptive-prasle,2395,1,0,0,103,0,1442,0,1,25,281622,2395,0,104,0,0,0,LEADER,1,0,0,0,0,103
284622,84,adaptive-prasle,2080,1,0,0,103,0,1442,0,1,84,282542,2080,0,104,0,0,0,LEADER,1,0,0,0,0,103
283899,70,adaptive-prasle,2277,1,0,0,103,0,1442,0,1,70,281622,2277,0,104,0,0,0,LEADER,1,0,0,0,0,103
283817,82,adaptive-prasle,2195,1,0,0,103,0,1442,0,1,82,281622,2195,0,104,0,0,0,LEADER,1,0,0,0,0,103
284035,67,adaptive-prasle,2413,1,0,0,103,0,1442,0,1,67,281622,2413,0,104,0,0,0,LEADER,1,0,0,0,0,103
283987,89,adaptive-prasle,2365,1,0,0,103,0,1442,0,1,89,281622,2365,0,104,0,0,0,LEADER,1,0,0,0,0,103
284655,28,adaptive-prasle,2113,1,0,0,103,0,1442,0,1,28,282542,2113,0,104,0,0,0,LEADER,1,0,0,0,0,103
284399,68,adaptive-prasle,1855,1,0,0,103,0,1442,0,1,68,282544,1855,0,104,0,0,0,LEADER,1,0,0,0,0,103
284350,90,adaptive-prasle,1807,1,0,0,103,0,1442,0,1,90,282543,1807,0,104,0,0,0,LEADER,1,0,0,0,0,103
284010,76,adaptive-prasle,1468,1,0,0,103,0,1442,0,1,76,282542,1468,0,104,0,0,0,LEADER,1,0,0,0,0,103
284331,10,adaptive-prasle,1789,1,0,0,103,0,1442,0,1,10,282542,1789,0,104,0,0,0,LEADER,1,0,0,0,0,103
284763,58,adaptive-prasle,2221,1,0,0,103,0,1442,0,1,58,282542,2221,0,104,0,0,0,LEADER,1,0,0,0,0,103
284146,73,adaptive-prasle,1604,1,0,0,103,0,1442,0,1,73,282542,1604,0,104,0,0,0,LEADER,1,0,0,0,0,103
283887,59,adaptive-prasle,2265,1,0,0,103,0,1442,0,1,59,281622,2265,0,104,0,0,0,LEADER,1,0,0,0,0,103
284161,41,adaptive-prasle,1619,1,0,0,103,0,1442,0,1,41,282542,1619,0,104,0,0,0,LEADER,1,0,0,0,0,103
284076,96,adaptive-prasle,1534,1,0,0,103,0,1442,0,1,96,282542,1534,0,104,0,0,0,LEADER,1,0,0,0,0,103
284375,74,adaptive-prasle,1837,1,0,0,103,0,1442,0,1,74,282538,1837,0,104,0,0,0,LEADER,1,0,0,0,0,103
284309,49,adaptive-prasle,1767,1,0,0,103,0,1442,0,1,49,282542,1767,0,104,0,0,0,LEADER,1,0,0,0,0,103
284770,92,adaptive-prasle,2228,1,0,0,103,0,1442,0,1,92,282542,2228,0,104,0,0,0,LEADER,1,0,0,0,0,103
283978,66,adaptive-prasle,1434,1,0,0,103,0,1442,0,1,66,282544,1434,0,104,0,0,0,LEADER,1,0,0,0,0,103
284002,57,adaptive-prasle,2380,1,0,0,103,0,1442,0,1,57,281622,2380,0,104,0,0,0,LEADER,1,0,0,0,0,103
284802,78,adaptive-prasle,2260,1,0,0,103,0,1442,0,1,78,282542,2260,0,104,0,0,0,LEADER,1,0,0,0,0,103
283968,39,adaptive-prasle,2346,1,0,0,103,0,1442,0,1,39,281622,2346,0,104,0,0,0,LEADER,1,0,0,0,0,103
284685,30,adaptive-prasle,2143,1,0,0,103,0,1442,0,1,30,282542,2143,0,104,0,0,0,LEADER,1,0,0,0,0,103
284091,64,adaptive-prasle,1549,1,0,0,103,0,1442,0,1,64,282542,1549,0,104,0,0,0,LEADER,1,0,0,0,0,103
284316,80,adaptive-prasle,1774,1,0,0,103,0,1442,0,1,80,282542,1774,0,104,0,0,0,LEADER,1,0,0,0,0,103
284050,54,adaptive-prasle,1516,1,0,0,103,0,1442,0,1,54,282534,1516,0,104,0,0,0,LEADER,1,0,0,0,0,103
284582,43,adaptive-prasle,2040,1,0,0,103,0,1442,0,1,43,282542,2040,0,104,0,0,0,LEADER,1,0,0,0,0,103
284502,26,adaptive-prasle,1960,1,0,0,103,0,1442,0,1,26,282542,1960,0,104,0,0,0,LEADER,1,0,0,0,0,103
284130,42,adaptive-prasle,1591,1,0,0,103,0,1442,0,1,42,282539,1591,0,104,0,0,0,LEADER,1,0,0,0,0,103
284140,31,adaptive-prasle,1598,1,0,0,103,0,1442,0,1,31,282542,1598,0,104,0,0,0,LEADER,1,0,0,0,0,103
284897,94,adaptive-prasle,2355,1,0,0,103,0,1442,0,1,94,282542,2355,0,104,0,0,0,LEADER,1,0,0,0,0,103
284666,14,adaptive-prasle,2096,1,0,0,15,14,210,196,4,14,282570,2096,0,8,0,0,0,LEADER,1,0,0,0,0,15
284467,45,adaptive-prasle,1925,1,0,0,103,0,1442,0,1,45,282542,1925,0,104,0,0,0,LEADER,1,0,0,0,0,103
284840,60,adaptive-prasle,2298,1,0,0,103,0,1442,0,1,60,282542,2298,0,104,0,0,0,LEADER,1,0,0,0,0,103
284945,44,adaptive-prasle,1483,1,0,0,103,0,1442,0,1,44,283462,1483,0,104,0,0,0,LEADER,1,0,0,0,0,103
284194,51,adaptive-prasle,1652,1,0,0,103,0,1442,0,1,51,282542,1652,0,104,0,0,0,LEADER,1,0,0,0,0,103
284993,22,adaptive-prasle,1531,1,0,0,103,0,1442,0,1,22,283462,1531,0,104,0,0,0,LEADER,1,0,0,0,0,103
284551,33,adaptive-prasle,2007,1,0,0,103,0,1442,0,1,33,282544,2007,0,104,0,0,0,LEADER,1,0,0,0,0,103
284706,72,adaptive-prasle,2162,1,0,0,103,0,1442,0,1,72,282544,2162,0,104,0,0,0,LEADER,1,0,0,0,0,103
284494,24,adaptive-prasle,1952,1,0,0,103,0,1442,0,1,24,282542,1952,0,104,0,0,0,LEADER,1,0,0,0,0,103
285024,32,adaptive-prasle,1564,1,0,0,103,0,1442,0,1,32,283460,1564,0,104,0,0,0,LEADER,1,0,0,0,0,103
284213,93,adaptive-prasle,1671,1,0,0,103,0,1442,0,1,93,282542,1671,0,104,0,0,0,LEADER,1,0,0,0,0,103
284872,79,adaptive-prasle,2331,1,0,0,103,0,1442,0,1,79,282541,2331,0,104,0,0,0,LEADER,1,0,0,0,0,103
284887,69,adaptive-prasle,2343,1,0,0,103,0,1442,0,1,69,282544,2343,0,104,0,0,0,LEADER,1,0,0,0,0,103
284567,75,adaptive-prasle,2025,1,0,0,103,0,1442,0,1,75,282542,2025,0,104,0,0,0,LEADER,1,0,0,0,0,103
284294,81,adaptive-prasle,1752,1,0,0,103,0,1442,0,1,81,282542,1752,0,104,0,0,0,LEADER,1,0,0,0,0,103
284152,52,adaptive-prasle,1610,1,0,0,103,0,1442,0,1,52,282542,1610,0,104,0,0,0,LEADER,1,0,0,0,0,103
284631,21,adaptive-prasle,2088,1,0,0,103,0,1442,0,1,21,282543,2088,0,104,0,0,0,LEADER,1,0,0,0,0,103
284807,29,adaptive-prasle,2265,1,0,0,103,0,1442,0,1,29,282542,2265,0,104,0,0,0,LEADER,1,0,0,0,0,103
284383,100,adaptive-prasle,1841,1,0,0,103,0,1442,0,1,100,282542,1841,0,104,0,0,0,LEADER,1,0,0,0,0,103
284228,61,adaptive-prasle,1686,1,0,0,103,0,1442,0,1,61,282542,1686,0,104,0,0,0,LEADER,1,0,0,0,0,103
284792,91,adaptive-prasle,2250,1,0,0,103,0,1442,0,1,91,282542,2250,0,104,0,0,0,LEADER,1,0,0,0,0,103
284470,13,adaptive-prasle,1941,1,0,0,16,13,224,182,2,3,282529,1941,0,8,0,0,0,NORMAL,0,0,0,0,0,16
284752,37,adaptive-prasle,2210,1,0,0,103,0,1442,0,1,37,282542,2210,0,104,0,0,0,LEADER,1,0,0,0,0,103
284295,38,adaptive-prasle,1755,1,0,0,103,0,1442,0,1,38,282540,1755,0,104,0,0,0,LEADER,1,0,0,0,0,103
284961,98,adaptive-prasle,2419,1,0,0,103,0,1442,0,1,98,282542,2419,0,104,0,0,0,LEADER,1,0,0,0,0,103
284818,27,adaptive-prasle,2280,1,0,0,103,0,1442,0,1,27,282538,2280,0,104,0,0,0,LEADER,1,0,0,0,0,103
284670,62,adaptive-prasle,2128,1,0,0,103,0,1442,0,1,62,282542,2128,0,104,0,0,0,LEADER,1,0,0,0,0,103
284479,56,adaptive-prasle,1937,1,0,0,103,0,1442,0,1,56,282542,1937,0,104,0,0,0,LEADER,1,0,0,0,0,103
284864,99,adaptive-prasle,2328,1,0,0,103,0,1442,0,1,99,282536,2328,0,104,0,0,0,LEADER,1,0,0,0,0,103
284745,48,adaptive-prasle,2202,1,0,0,103,0,1442,0,1,48,282543,2202,0,104,0,0,0,LEADER,1,0,0,0,0,103
284261,71,adaptive-prasle,1719,1,0,0,103,0,1442,0,1,71,282542,1719,0,104,0,0,0,LEADER,1,0,0,0,0,103
284486,87,adaptive-prasle,1944,1,0,0,103,0,1442,0,1,87,282542,1944,0,104,0,0,0,LEADER,1,0,0,0,0,103
284412,36,adaptive-prasle,1870,1,0,0,103,0,1442,0,1,36,282542,1870,0,104,0,0,0,LEADER,1,0,0,0,0,103
284908,77,adaptive-prasle,1446,1,0,0,103,0,1442,0,1,77,283462,1446,0,104,0,0,0,LEADER,1,0,0,0,0,103
285101,83,adaptive-prasle,1637,1,0,0,103,0,1442,0,1,83,283464,1637,0,104,0,0,0,LEADER,1,0,0,0,0,103
284601,85,adaptive-prasle,2059,1,0,0,103,0,1442,0,1,85,282542,2059,0,104,0,0,0,LEADER,1,0,0,0,0,103
285129,19,adaptive-prasle,1667,1,0,0,103,0,1442,0,1,19,283462,1667,0,104,0,0,0,LEADER,1,0,0,0,0,103
285284,65,adaptive-prasle,1822,1,0,0,103,0,1442,0,1,65,283462,1822,0,104,0,0,0,LEADER,1,0,0,0,0,103
284890,35,adaptive-prasle,1428,1,0,0,103,0,1442,0,1,35,283462,1428,0,104,0,0,0,LEADER,1,0,0,0,0,103
284905,86,adaptive-prasle,1443,1,0,0,103,0,1442,0,1,86,283462,1443,0,104,0,0,0,LEADER,1,0,0,0,0,103
284948,50,adaptive-prasle,2406,1,0,0,103,0,1442,0,1,50,282542,2406,0,104,0,0,0,LEADER,1,0,0,0,0,103
284963,55,adaptive-prasle,1501,1,0,0,103,0,1442,0,1,55,283462,1501,0,104,0,0,0,LEADER,1,0,0,0,0,103
285002,63,adaptive-prasle,1540,1,0,0,103,0,1442,0,1,63,283462,1540,0,104,0,0,0,LEADER,1,0,0,0,0,103
285366,46,adaptive-prasle,1904,1,0,0,103,0,1442,0,1,46,283462,1904,0,104,0,0,0,LEADER,1,0,0,0,0,103
285161,53,adaptive-prasle,1701,1,0,0,103,0,1442,0,1,53,283460,1701,0,104,0,0,0,LEADER,1,0,0,0,0,103
284516,23,adaptive-prasle,1974,1,0,0,103,0,1442,0,1,23,282542,1974,0,104,0,0,0,LEADER,1,0,0,0,0,103
285384,88,adaptive-prasle,1922,1,0,0,103,0,1442,0,1,88,283462,1922,0,104,0,0,0,LEADER,1,0,0,0,0,103
284911,34,adaptive-prasle,1449,1,0,0,103,0,1442,0,1,34,283462,1449,0,104,0,0,0,LEADER,1,0,0,0,0,103
284521,97,adaptive-prasle,1977,1,0,0,103,0,1442,0,1,97,282544,1977,0,104,0,0,0,LEADER,1,0,0,0,0,103
284639,20,adaptive-prasle,2095,1,0,0,103,0,1442,0,1,20,282544,2095,0,104,0,0,0,LEADER,1,0,0,0,0,103
284719,40,adaptive-prasle,2177,1,0,0,103,0,1442,0,1,40,282542,2177,0,104,0,0,0,LEADER,1,0,0,0,0,103
284644,47,adaptive-prasle,2100,1,0,0,103,0,1442,0,1,47,282544,2100,0,104,0,0,0,LEADER,1,0,0,0,0,103
285554,95,adaptive-prasle,2092,1,0,0,103,0,1442,0,1,95,283462,2092,0,104,0,0,0,LEADER,1,0,0,0,0,103
284937,25,adaptive-prasle,2395,1,0,0,103,0,1442,0,1,25,282542,2395,0,104,0,0,0,LEADER,1,0,0,0,0,103
285542,84,adaptive-prasle,2080,1,0,0,103,0,1442,0,1,84,283462,2080,0,104,0,0,0,LEADER,1,0,0,0,0,103
284819,70,adaptive-prasle,2277,1,0,0,103,0,1442,0,1,70,282542,2277,0,104,0,0,0,LEADER,1,0,0,0,0,103
284737,82,adaptive-prasle,2195,1,0,0,103,0,1442,0,1,82,282542,2195,0,104,0,0,0,LEADER,1,0,0,0,0,103
284955,67,adaptive-prasle,2413,1,0,0,103,0,1442,0,1,67,282542,2413,0,104,0,0,0,LEADER,1,0,0,0,0,103
284907,89,adaptive-prasle,2365,1,0,0,103,0,1442,0,1,89,282542,2365,0,104,0,0,0,LEADER,1,0,0,0,0,103
285575,28,adaptive-prasle,2113,1,0,0,103,0,1442,0,1,28,283462,2113,0,104,0,0,0,LEADER,1,0,0,0,0,103
285319,68,adaptive-prasle,1855,1,0,0,103,0,1442,0,1,68,283464,1855,0,104,0,0,0,LEADER,1,0,0,0,0,103
285270,90,adaptive-prasle,1807,1,0,0,103,0,1442,0,1,90,283463,1807,0,104,0,0,0,LEADER,1,0,0,0,0,103
284930,76,adaptive-prasle,1468,1,0,0,103,0,1442,0,1,76,283462,1468,0,104,0,0,0,LEADER,1,0,0,0,0,103
285251,10,adaptive-prasle,1789,1,0,0,103,0,1442,0,1,10,283462,1789,0,104,0,0,0,LEADER,1,0,0,0,0,103
285683,58,adaptive-prasle,2221,1,0,0,103,0,1442,0,1,58,283462,2221,0,104,0,0,0,LEADER,1,0,0,0,0,103
285066,73,adaptive-prasle,1604,1,0,0,103,0,1442,0,1,73,283462,1604,0,104,0,0,0,LEADER,1,0,0,0,0,103
284807,59,adaptive-prasle,2265,1,0,0,103,0,1442,0,1,59,282542,2265,0,104,0,0,0,LEADER,1,0,0,0,0,103
285081,41,adaptive-prasle,1619,1,0,0,103,0,1442,0,1,41,283462,1619,0,104,0,0,0,LEADER,1,0,0,0,0,103
284996,96,adaptive-prasle,1534,1,0,0,103,0,1442,0,1,96,283462,1534,0,104,0,0,0,LEADER,1,0,0,0,0,103
285295,74,adaptive-prasle,1837,1,0,0,103,0,1442,0,1,74,283458,1837,0,104,0,0,0,LEADER,1,0,0,0,0,103
285229,49,adaptive-prasle,1767,1,0,0,103,0,1442,0,1,49,283462,1767,0,104,0,0,0,LEADER,1,0,0,0,0,103
285690,92,adaptive-prasle,2228,1,0,0,103,0,1442,0,1,92,283462,2228,0,104,0,0,0,LEADER,1,0,0,0,0,103
284898,66,adaptive-prasle,1434,1,0,0,103,0,1442,0,1,66,283464,1434,0,104,0,0,0,LEADER,1,0,0,0,0,103
284922,57,adaptive-prasle,2380,1,0,0,103,0,1442,0,1,57,282542,2380,0,104,0,0,0,LEADER,1,0,0,0,0,103
285722,78,adaptive-prasle,2260,1,0,0,103,0,1442,0,1,78,283462,2260,0,104,0,0,0,LEADER,1,0,0,0,0,103
284888,39,adaptive-prasle,2346,1,0,0,103,0,1442,0,1,39,282542,2346,0,104,0,0,0,LEADER,1,0,0,0,0,103
285605,30,adaptive-prasle,2143,1,0,0,103,0,1442,0,1,30,283462,2143,0,104,0,0,0,LEADER,1,0,0,0,0,103
285011,64,adaptive-prasle,1549,1,0,0,103,0,1442,0,1,64,283462,1549,0,104,0,0,0,LEADER,1,0,0,0,0,103
285236,80,adaptive-prasle,1774,1,0,0,103,0,1442,0,1,80,283462,1774,0,104,0,0,0,LEADER,1,0,0,0,0,103
284970,54,adaptive-prasle,1516,1,0,0,103,0,1442,0,1,54,283454,1516,0,104,0,0,0,LEADER,1,0,0,0,0,103
285502,43,adaptive-prasle,2040,1,0,0,103,0,1442,0,1,43,283462,2040,0,104,0,0,0,LEADER,1,0,0,0,0,103
285422,26,adaptive-prasle,1960,1,0,0,103,0,1442,0,1,26,283462,1960,0,104,0,0,0,LEADER,1,0,0,0,0,103
285050,42,adaptive-prasle,1591,1,0,0,103,0,1442,0,1,42,283459,1591,0,104,0,0,0,LEADER,1,0,0,0,0,103
285060,31,adaptive-prasle,1598,1,0,0,103,0,1442,0,1,31,283462,1598,0,104,0,0,0,LEADER,1,0,0,0,0,103
285817,94,adaptive-prasle,2355,1,0,0,103,0,1442,0,1,94,283462,2355,0,104,0,0,0,LEADER,1,0,0,0,0,103
285387,45,adaptive-prasle,1925,1,0,0,103,0,1442,0,1,45,283462,1925,0,104,0,0,0,LEADER,1,0,0,0,0,103
285760,60,adaptive-prasle,2298,1,0,0,103,0,1442,0,1,60,283462,2298,0,104,0,0,0,LEADER,1,0,0,0,0,103
285866,44,adaptive-prasle,1483,1,0,0,104,0,1456,0,1,44,284383,1483,0,105,0,0,0,LEADER,1,0,0,0,0,104
285114,51,adaptive-prasle,1652,1,0,0,103,0,1442,0,1,51,283462,1652,0,104,0,0,0,LEADER,1,0,0,0,0,103
285471,33,adaptive-prasle,2007,1,0,0,103,0,1442,0,1,33,283464,2007,0,104,0,0,0,LEADER,1,0,0,0,0,103
285914,22,adaptive-prasle,1531,1,0,0,104,0,1456,0,1,22,284383,1531,0,105,0,0,0,LEADER,1,0,0,0,0,104
285626,72,adaptive-prasle,2162,1,0,0,103,0,1442,0,1,72,283464,2162,0,104,0,0,0,LEADER,1,0,0,0,0,103
285414,24,adaptive-prasle,1952,1,0,0,103,0,1442,0,1,24,283462,1952,0,104,0,0,0,LEADER,1,0,0,0,0,103
285945,32,adaptive-prasle,1564,1,0,0,104,0,1456,0,1,32,284381,1564,0,105,0,0,0,LEADER,1,0,0,0,0,104
285133,93,adaptive-prasle,1671,1,0,0,103,0,1442,0,1,93,283462,1671,0,104,0,0,0,LEADER,1,0,0,0,0,103
285792,79,adaptive-prasle,2331,1,0,0,103,0,1442,0,1,79,283461,2331,0,104,0,0,0,LEADER,1,0,0,0,0,103
285807,69,adaptive-prasle,2343,1,0,0,103,0,1442,0,1,69,283464,2343,0,104,0,0,0,LEADER,1,0,0,0,0,103
285487,75,adaptive-prasle,2025,1,0,0,103,0,1442,0,1,75,283462,2025,0,104,0,0,0,LEADER,1,0,0,0,0,103
285214,81,adaptive-prasle,1752,1,0,0,103,0,1442,0,1,81,283462,1752,0,104,0,0,0,LEADER,1,0,0,0,0,103
285072,52,adaptive-prasle,1610,1,0,0,103,0,1442,0,1,52,283462,1610,0,104,0,0,0,LEADER,1,0,0,0,0,103
285551,21,adaptive-prasle,2088,1,0,0,103,0,1442,0,1,21,283463,2088,0,104,0,0,0,LEADER,1,0,0,0,0,103
285727,29,adaptive-prasle,2265,1,0,0,103,0,1442,0,1,29,283462,2265,0,104,0,0,0,LEADER,1,0,0,0,0,103
285303,100,adaptive-prasle,1841,1,0,0,103,0,1442,0,1,100,283462,1841,0,104,0,0,0,LEADER,1,0,0,0,0,103
285148,61,adaptive-prasle,1686,1,0,0,103,0,1442,0,1,61,283462,1686,0,104,0,0,0,LEADER,1,0,0,0,0,103
285712,91,adaptive-prasle,2250,1,0,0,103,0,1442,0,1,91,283462,2250,0,104,0,0,0,LEADER,1,0,0,0,0,103
285672,37,adaptive-prasle,2210,1,0,0,103,0,1442,0,1,37,283462,2210,0,104,0,0,0,LEADER,1,0,0,0,0,103
285215,38,adaptive-prasle,1755,1,0,0,103,0,1442,0,1,38,283460,1755,0,104,0,0,0,LEADER,1,0,0,0,0,103
285881,98,adaptive-prasle,2419,1,0,0,103,0,1442,0,1,98,283462,2419,0,104,0,0,0,LEADER,1,0,0,0,0,103
285738,27,adaptive-prasle,2280,1,0,0,103,0,1442,0,1,27,283458,2280,0,104,0,0,0,LEADER,1,0,0,0,0,103
285590,62,adaptive-prasle,2128,1,0,0,103,0,1442,0,1,62,283462,2128,0,104,0,0,0,LEADER,1,0,0,0,0,103
285399,56,adaptive-prasle,1937,1,0,0,103,0,1442,0,1,56,283462,1937,0,104,0,0,0,LEADER,1,0,0,0,0,103
285784,99,adaptive-prasle,2328,1,0,0,103,0,1442,0,1,99,283456,2328,0,104,0,0,0,LEADER,1,0,0,0,0,103
285665,48,adaptive-prasle,2202,1,0,0,103,0,1442,0,1,48,283463,2202,0,104,0,0,0,LEADER,1,0,0,0,0,103
285181,71,adaptive-prasle,1719,1,0,0,103,0,1442,0,1,71,283462,1719,0,104,0,0,0,LEADER,1,0,0,0,0,103
285406,87,adaptive-prasle,1944,1,0,0,103,0,1442,0,1,87,283462,1944,0,104,0,0,0,LEADER,1,0,0,0,0,103
285332,36,adaptive-prasle,1870,1,0,0,103,0,1442,0,1,36,283462,1870,0,104,0,0,0,LEADER,1,0,0,0,0,103
285829,77,adaptive-prasle,1446,1,0,0,104,0,1456,0,1,77,284383,1446,0,105,0,0,0,LEADER,1,0,0,0,0,104
286022,83,adaptive-prasle,1637,1,0,0,104,0,1456,0,1,83,284385,1637,0,105,0,0,0,LEADER,1,0,0,0,0,104
285521,85,adaptive-prasle,2059,1,0,0,103,0,1442,0,1,85,283462,2059,0,104,0,0,0,LEADER,1,0,0,0,0,103
286050,19,adaptive-prasle,1667,1,0,0,104,0,1456,0,1,19,284383,1667,0,105,0,0,0,LEADER,1,0,0,0,0,104
286205,65,adaptive-prasle,1822,1,0,0,104,0,1456,0,1,65,284383,1822,0,105,0,0,0,LEADER,1,0,0,0,0,104
285811,35,adaptive-prasle,1428,1,0,0,104,0,1456,0,1,35,284383,1428,0,105,0,0,0,LEADER,1,0,0,0,0,104
285826,86,adaptive-prasle,1443,1,0,0,104,0,1456,0,1,86,284383,1443,0,105,0,0,0,LEADER,1,0,0,0,0,104
285868,50,adaptive-prasle,2406,1,0,0,103,0,1442,0,1,50,283462,2406,0,104,0,0,0,LEADER,1,0,0,0,0,103
285884,55,adaptive-prasle,1501,1,0,0,104,0,1456,0,1,55,284383,1501,0,105,0,0,0,LEADER,1,0,0,0,0,104
285923,63,adaptive-prasle,1540,1,0,0,104,0,1456,0,1,63,284383,1540,0,105,0,0,0,LEADER,1,0,0,0,0,104
286287,46,adaptive-prasle,1904,1,0,0,104,0,1456,0,1,46,284383,1904,0,105,0,0,0,LEADER,1,0,0,0,0,104
286082,53,adaptive-prasle,1701,1,0,0,104,0,1456,0,1,53,284381,1701,0,105,0,0,0,LEADER,1,0,0,0,0,104
285436,23,adaptive-prasle,1974,1,0,0,103,0,1442,0,1,23,283462,1974,0,104,0,0,0,LEADER,1,0,0,0,0,103
286305,88,adaptive-prasle,1922,1,0,0,104,0,1456,0,1,88,284383,1922,0,105,0,0,0,LEADER,1,0,0,0,0,104
285832,34,adaptive-prasle,1449,1,0,0,104,0,1456,0,1,34,284383,1449,0,105,0,0,0,LEADER,1,0,0,0,0,104
285441,97,adaptive-prasle,1977,1,0,0,103,0,1442,0,1,97,283464,1977,0,104,0,0,0,LEADER,1,0,0,0,0,103
285559,20,adaptive-prasle,2095,1,0,0,103,0,1442,0,1,20,283464,2095,0,104,0,0,0,LEADER,1,0,0,0,0,103
285639,40,adaptive-prasle,2177,1,0,0,103,0,1442,0,1,40,283462,2177,0,104,0,0,0,LEADER,1,0,0,0,0,103
285564,47,adaptive-prasle,2100,1,0,0,103,0,1442,0,1,47,283464,2100,0,104,0,0,0,LEADER,1,0,0,0,0,103
286475,95,adaptive-prasle,2092,1,0,0,104,0,1456,0,1,95,284383,2092,0,105,0,0,0,LEADER,1,0,0,0,0,104
285857,25,adaptive-prasle,2395,1,0,0,103,0,1442,0,1,25,283462,2395,0,104,0,0,0,LEADER,1,0,0,0,0,103
286463,84,adaptive-prasle,2080,1,0,0,104,0,1456,0,1,84,284383,2080,0,105,0,0,0,LEADER,1,0,0,0,0,104
285739,70,adaptive-prasle,2277,1,0,0,103,0,1442,0,1,70,283462,2277,0,104,0,0,0,LEADER,1,0,0,0,0,103
285657,82,adaptive-prasle,2195,1,0,0,103,0,1442,0,1,82,283462,2195,0,104,0,0,0,LEADER,1,0,0,0,0,103
285875,67,adaptive-prasle,2413,1,0,0,103,0,1442,0,1,67,283462,2413,0,104,0,0,0,LEADER,1,0,0,0,0,103
285827,89,adaptive-prasle,2365,1,0,0,103,0,1442,0,1,89,283462,2365,0,104,0,0,0,LEADER,1,0,0,0,0,103
286496,28,adaptive-prasle,2113,1,0,0,104,0,1456,0,1,28,284383,2113,0,105,0,0,0,LEADER,1,0,0,0,0,104
286240,68,adaptive-prasle,1855,1,0,0,104,0,1456,0,1,68,284385,1855,0,105,0,0,0,LEADER,1,0,0,0,0,104
286191,90,adaptive-prasle,1807,1,0,0,104,0,1456,0,1,90,284384,1807,0,105,0,0,0,LEADER,1,0,0,0,0,104
285851,76,adaptive-prasle,1468,1,0,0,104,0,1456,0,1,76,284383,1468,0,105,0,0,0,LEADER,1,0,0,0,0,104
286172,10,adaptive-prasle,1789,1,0,0,104,0,1456,0,1,10,284383,1789,0,105,0,0,0,LEADER,1,0,0,0,0,104
286604,58,adaptive-prasle,2221,1,0,0,104,0,1456,0,1,58,284383,2221,0,105,0,0,0,LEADER,1,0,0,0,0,104
285987,73,adaptive-prasle,1604,1,0,0,104,0,1456,0,1,73,284383,1604,0,105,0,0,0,LEADER,1,0,0,0,0,104
285727,59,adaptive-prasle,2265,1,0,0,103,0,1442,0,1,59,283462,2265,0,104,0,0,0,LEADER,1,0,0,0,0,103
286002,41,adaptive-prasle,1619,1,0,0,104,0,1456,0,1,41,284383,1619,0,105,0,0,0,LEADER,1,0,0,0,0,104
285917,96,adaptive-prasle,1534,1,0,0,104,0,1456,0,1,96,284383,1534,0,105,0,0,0,LEADER,1,0,0,0,0,104
286216,74,adaptive-prasle,1837,1,0,0,104,0,1456,0,1,74,284379,1837,0,105,0,0,0,LEADER,1,0,0,0,0,104
286150,49,adaptive-prasle,1767,1,0,0,104,0,1456,0,1,49,284383,1767,0,105,0,0,0,LEADER,1,0,0,0,0,104
286611,92,adaptive-prasle,2228,1,0,0,104,0,1456,0,1,92,284383,2228,0,105,0,0,0,LEADER,1,0,0,0,0,104
285819,66,adaptive-prasle,1434,1,0,0,104,0,1456,0,1,66,284385,1434,0,105,0,0,0,LEADER,1,0,0,0,0,104
285842,57,adaptive-prasle,2380,1,0,0,103,0,1442,0,1,57,283462,2380,0,104,0,0,0,LEADER,1,0,0,0,0,103
286643,78,adaptive-prasle,2260,1,0,0,104,0,1456,0,1,78,284383,2260,0,105,0,0,0,LEADER,1,0,0,0,0,104
285808,39,adaptive-prasle,2346,1,0,0,103,0,1442,0,1,39,283462,2346,0,104,0,0,0,LEADER,1,0,0,0,0,103
286526,30,adaptive-prasle,2143,1,0,0,104,0,1456,0,1,30,284383,2143,0,105,0,0,0,LEADER,1,0,0,0,0,104
285932,64,adaptive-prasle,1549,1,0,0,104,0,1456,0,1,64,284383,1549,0,105,0,0,0,LEADER,1,0,0,0,0,104
286157,80,adaptive-prasle,1774,1,0,0,104,0,1456,0,1,80,284383,1774,0,105,0,0,0,LEADER,1,0,0,0,0,104
285891,54,adaptive-prasle,1516,1,0,0,104,0,1456,0,1,54,284375,1516,0,105,0,0,0,LEADER,1,0,0,0,0,104
286423,43,adaptive-prasle,2040,1,0,0,104,0,1456,0,1,43,284383,2040,0,105,0,0,0,LEADER,1,0,0,0,0,104
286343,26,adaptive-prasle,1960,1,0,0,104,0,1456,0,1,26,284383,1960,0,105,0,0,0,LEADER,1,0,0,0,0,104
285971,42,adaptive-prasle,1591,1,0,0,104,0,1456,0,1,42,284380,1591,0,105,0,0,0,LEADER,1,0,0,0,0,104
285981,31,adaptive-prasle,1598,1,0,0,104,0,1456,0,1,31,284383,1598,0,105,0,0,0,LEADER,1,0,0,0,0,104
286738,94,adaptive-prasle,2355,1,0,0,104,0,1456,0,1,94,284383,2355,0,105,0,0,0,LEADER,1,0,0,0,0,104
286308,45,adaptive-prasle,1925,1,0,0,104,0,1456,0,1,45,284383,1925,0,105,0,0,0,LEADER,1,0,0,0,0,104
286681,60,adaptive-prasle,2298,1,0,0,104,0,1456,0,1,60,284383,2298,0,105,0,0,0,LEADER,1,0,0,0,0,104
286786,44,adaptive-prasle,1483,1,0,0,104,0,1456,0,1,44,285303,1483,0,105,0,0,0,LEADER,1,0,0,0,0,104
286035,51,adaptive-prasle,1652,1,0,0,104,0,1456,0,1,51,284383,1652,0,105,0,0,0,LEADER,1,0,0,0,0,104
286392,33,adaptive-prasle,2007,1,0,0,104,0,1456,0,1,33,284385,2007,0,105,0,0,0,LEADER,1,0,0,0,0,104
286834,22,adaptive-prasle,1531,1,0,0,104,0,1456,0,1,22,285303,1531,0,105,0,0,0,LEADER,1,0,0,0,0,104
286547,72,adaptive-prasle,2162,1,0,0,104,0,1456,0,1,72,284385,2162,0,105,0,0,0,LEADER,1,0,0,0,0,104
286335,24,adaptive-prasle,1952,1,0,0,104,0,1456,0,1,24,284383,1952,0,105,0,0,0,LEADER,1,0,0,0,0,104
286865,32,adaptive-prasle,1564,1,0,0,104,0,1456,0,1,32,285301,1564,0,105,0,0,0,LEADER,1,0,0,0,0,104
286054,93,adaptive-prasle,1671,1,0,0,104,0,1456,0,1,93,284383,1671,0,105,0,0,0,LEADER,1,0,0,0,0,104
286728,69,adaptive-prasle,2343,1,0,0,104,0,1456,0,1,69,284385,2343,0,105,0,0,0,LEADER,1,0,0,0,0,104
286713,79,adaptive-prasle,2331,1,0,0,104,0,1456,0,1,79,284382,2331,0,105,0,0,0,LEADER,1,0,0,0,0,104
286408,75,adaptive-prasle,2025,1,0,0,104,0,1456,0,1,75,284383,2025,0,105,0,0,0,LEADER,1,0,0,0,0,104
286135,81,adaptive-prasle,1752,1,0,0,104,0,1456,0,1,81,284383,1752,0,105,0,0,0,LEADER,1,0,0,0,0,104
285993,52,adaptive-prasle,1610,1,0,0,104,0,1456,0,1,52,284383,1610,0,105,0,0,0,LEADER,1,0,0,0,0,104
286648,29,adaptive-prasle,2265,1,0,0,104,0,1456,0,1,29,284383,2265,0,105,0,0,0,LEADER,1,0,0,0,0,104
286472,21,adaptive-prasle,2088,1,0,0,104,0,1456,0,1,21,284384,2088,0,105,0,0,0,LEADER,1,0,0,0,0,104
286224,100,adaptive-prasle,1841,1,0,0,104,0,1456,0,1,100,284383,1841,0,105,0,0,0,LEADER,1,0,0,0,0,104
286069,61,adaptive-prasle,1686,1,0,0,104,0,1456,0,1,61,284383,1686,0,105,0,0,0,LEADER,1,0,0,0,0,104
286633,91,adaptive-prasle,2250,1,0,0,104,0,1456,0,1,91,284383,2250,0,105,0,0,0,LEADER,1,0,0,0,0,104
286593,37,adaptive-prasle,2210,1,0,0,104,0,1456,0,1,37,284383,2210,0,105,0,0,0,LEADER,1,0,0,0,0,104
286136,38,adaptive-prasle,1755,1,0,0,104,0,1456,0,1,38,284381,1755,0,105,0,0,0,LEADER,1,0,0,0,0,104
286802,98,adaptive-prasle,2419,1,0,0,104,0,1456,0,1,98,284383,2419,0,105,0,0,0,LEADER,1,0,0,0,0,104
286659,27,adaptive-prasle,2280,1,0,0,104,0,1456,0,1,27,284379,2280,0,105,0,0,0,LEADER,1,0,0,0,0,104
286511,62,adaptive-prasle,2128,1,0,0,104,0,1456,0,1,62,284383,2128,0,105,0,0,0,LEADER,1,0,0,0,0,104
286320,56,adaptive-prasle,1937,1,0,0,104,0,1456,0,1,56,284383,1937,0,105,0,0,0,LEADER,1,0,0,0,0,104
286705,99,adaptive-prasle,2328,1,0,0,104,0,1456,0,1,99,284377,2328,0,105,0,0,0,LEADER,1,0,0,0,0,104
286586,48,adaptive-prasle,2202,1,0,0,104,0,1456,0,1,48,284384,2202,0,105,0,0,0,LEADER,1,0,0,0,0,104
286102,71,adaptive-prasle,1719,1,0,0,104,0,1456,0,1,71,284383,1719,0,105,0,0,0,LEADER,1,0,0,0,0,104
286327,87,adaptive-prasle,1944,1,0,0,104,0,1456,0,1,87,284383,1944,0,105,0,0,0,LEADER,1,0,0,0,0,104
286253,36,adaptive-prasle,1870,1,0,0,104,0,1456,0,1,36,284383,1870,0,105,0,0,0,LEADER,1,0,0,0,0,104
286749,77,adaptive-prasle,1446,1,0,0,104,0,1456,0,1,77,285303,1446,0,105,0,0,0,LEADER,1,0,0,0,0,104
286942,83,adaptive-prasle,1637,1,0,0,104,0,1456,0,1,83,285305,1637,0,105,0,0,0,LEADER,1,0,0,0,0,104
286442,85,adaptive-prasle,2059,1,0,0,104,0,1456,0,1,85,284383,2059,0,105,0,0,0,LEADER,1,0,0,0,0,104
286970,19,adaptive-prasle,1667,1,0,0,104,0,1456,0,1,19,285303,1667,0,105,0,0,0,LEADER,1,0,0,0,0,104
287125,65,adaptive-prasle,1822,1,0,0,104,0,1456,0,1,65,285303,1822,0,105,0,0,0,LEADER,1,0,0,0,0,104
286731,35,adaptive-prasle,1428,1,0,0,104,0,1456,0,1,35,285303,1428,0,105,0,0,0,LEADER,1,0,0,0,0,104
286746,86,adaptive-prasle,1443,1,0,0,104,0,1456,0,1,86,285303,1443,0,105,0,0,0,LEADER,1,0,0,0,0,104
286789,50,adaptive-prasle,2406,1,0,0,104,0,1456,0,1,50,284383,2406,0,105,0,0,0,LEADER,1,0,0,0,0,104
286804,55,adaptive-prasle,1501,1,0,0,104,0,1456,0,1,55,285303,1501,0,105,0,0,0,LEADER,1,0,0,0,0,104
286843,63,adaptive-prasle,1540,1,0,0,104,0,1456,0,1,63,285303,1540,0,105,0,0,0,LEADER,1,0,0,0,0,104
287207,46,adaptive-prasle,1904,1,0,0,104,0,1456,0,1,46,285303,1904,0,105,0,0,0,LEADER,1,0,0,0,0,104
287002,53,adaptive-prasle,1701,1,0,0,104,0,1456,0,1,53,285301,1701,0,105,0,0,0,LEADER,1,0,0,0,0,104
286357,23,adaptive-prasle,1974,1,0,0,104,0,1456,0,1,23,284383,1974,0,105,0,0,0,LEADER,1,0,0,0,0,104
287225,88,adaptive-prasle,1922,1,0,0,104,0,1456,0,1,88,285303,1922,0,105,0,0,0,LEADER,1,0,0,0,0,104
286752,34,adaptive-prasle,1449,1,0,0,104,0,1456,0,1,34,285303,1449,0,105,0,0,0,LEADER,1,0,0,0,0,104
286362,97,adaptive-prasle,1977,1,0,0,104,0,1456,0,1,97,284385,1977,0,105,0,0,0,LEADER,1,0,0,0,0,104
286480,20,adaptive-prasle,2095,1,0,0,104,0,1456,0,1,20,284385,2095,0,105,0,0,0,LEADER,1,0,0,0,0,104
286560,40,adaptive-prasle,2177,1,0,0,104,0,1456,0,1,40,284383,2177,0,105,0,0,0,LEADER,1,0,0,0,0,104
286485,47,adaptive-prasle,2100,1,0,0,104,0,1456,0,1,47,284385,2100,0,105,0,0,0,LEADER,1,0,0,0,0,104
287395,95,adaptive-prasle,2092,1,0,0,104,0,1456,0,1,95,285303,2092,0,105,0,0,0,LEADER,1,0,0,0,0,104
286778,25,adaptive-prasle,2395,1,0,0,104,0,1456,0,1,25,284383,2395,0,105,0,0,0,LEADER,1,0,0,0,0,104
287383,84,adaptive-prasle,2080,1,0,0,104,0,1456,0,1,84,285303,2080,0,105,0,0,0,LEADER,1,0,0,0,0,104
286660,70,adaptive-prasle,2277,1,0,0,104,0,1456,0,1,70,284383,2277,0,105,0,0,0,LEADER,1,0,0,0,0,104
286578,82,adaptive-prasle,2195,1,0,0,104,0,1456,0,1,82,284383,2195,0,105,0,0,0,LEADER,1,0,0,0,0,104
286796,67,adaptive-prasle,2413,1,0,0,104,0,1456,0,1,67,284383,2413,0,105,0,0,0,LEADER,1,0,0,0,0,104
286748,89,adaptive-prasle,2365,1,0,0,104,0,1456,0,1,89,284383,2365,0,105,0,0,0,LEADER,1,0,0,0,0,104
287416,28,adaptive-prasle,2113,1,0,0,104,0,1456,0,1,28,285303,2113,0,105,0,0,0,LEADER,1,0,0,0,0,104
287160,68,adaptive-prasle,1855,1,0,0,104,0,1456,0,1,68,285305,1855,0,105,0,0,0,LEADER,1,0,0,0,0,104
287111,90,adaptive-prasle,1807,1,0,0,104,0,1456,0,1,90,285304,1807,0,105,0,0,0,LEADER,1,0,0,0,0,104
286771,76,adaptive-prasle,1468,1,0,0,104,0,1456,0,1,76,285303,1468,0,105,0,0,0,LEADER,1,0,0,0,0,104
287092,10,adaptive-prasle,1789,1,0,0,104,0,1456,0,1,10,285303,1789,0,105,0,0,0,LEADER,1,0,0,0,0,104
287524,58,adaptive-prasle,2221,1,0,0,104,0,1456,0,1,58,285303,2221,0,105,0,0,0,LEADER,1,0,0,0,0,104
286907,73,adaptive-prasle,1604,1,0,0,104,0,1456,0,1,73,285303,1604,0,105,0,0,0,LEADER,1,0,0,0,0,104
286648,59,adaptive-prasle,2265,1,0,0,104,0,1456,0,1,59,284383,2265,0,105,0,0,0,LEADER,1,0,0,0,0,104
286922,41,adaptive-prasle,1619,1,0,0,104,0,1456,0,1,41,285303,1619,0,105,0,0,0,LEADER,1,0,0,0,0,104
286837,96,adaptive-prasle,1534,1,0,0,104,0,1456,0,1,96,285303,1534,0,105,0,0,0,LEADER,1,0,0,0,0,104
287136,74,adaptive-prasle,1837,1,0,0,104,0,1456,0,1,74,285299,1837,0,105,0,0,0,LEADER,1,0,0,0,0,104
287070,49,adaptive-prasle,1767,1,0,0,104,0,1456,0,1,49,285303,1767,0,105,0,0,0,LEADER,1,0,0,0,0,104
287531,92,adaptive-prasle,2228,1,0,0,104,0,1456,0,1,92,285303,2228,0,105,0,0,0,LEADER,1,0,0,0,0,104
286739,66,adaptive-prasle,1434,1,0,0,104,0,1456,0,1,66,285305,1434,0,105,0,0,0,LEADER,1,0,0,0,0,104
286763,57,adaptive-prasle,2380,1,0,0,104,0,1456,0,1,57,284383,2380,0,105,0,0,0,LEADER,1,0,0,0,0,104
287563,78,adaptive-prasle,2260,1,0,0,104,0,1456,0,1,78,285303,2260,0,105,0,0,0,LEADER,1,0,0,0,0,104
286729,39,adaptive-prasle,2346,1,0,0,104,0,1456,0,1,39,284383,2346,0,105,0,0,0,LEADER,1,0,0,0,0,104
287446,30,adaptive-prasle,2143,1,0,0,104,0,1456,0,1,30,285303,2143,0,105,0,0,0,LEADER,1,0,0,0,0,104
286852,64,adaptive-prasle,1549,1,0,0,104,0,1456,0,1,64,285303,1549,0,105,0,0,0,LEADER,1,0,0,0,0,104
287077,80,adaptive-prasle,1774,1,0,0,104,0,1456,0,1,80,285303,1774,0,105,0,0,0,LEADER,1,0,0,0,0,104
286811,54,adaptive-prasle,1516,1,0,0,104,0,1456,0,1,54,285295,1516,0,105,0,0,0,LEADER,1,0,0,0,0,104
287343,43,adaptive-prasle,2040,1,0,0,104,0,1456,0,1,43,285303,2040,0,105,0,0,0,LEADER,1,0,0,0,0,104
287263,26,adaptive-prasle,1960,1,0,0,104,0,1456,0,1,26,285303,1960,0,105,0,0,0,LEADER,1,0,0,0,0,104
286891,42,adaptive-prasle,1591,1,0,0,104,0,1456,0,1,42,285300,1591,0,105,0,0,0,LEADER,1,0,0,0,0,104
286901,31,adaptive-prasle,1598,1,0,0,104,0,1456,0,1,31,285303,1598,0,105,0,0,0,LEADER,1,0,0,0,0,104
287658,94,adaptive-prasle,2355,1,0,0,104,0,1456,0,1,94,285303,2355,0,105,0,0,0,LEADER,1,0,0,0,0,104
287228,45,adaptive-prasle,1925,1,0,0,104,0,1456,0,1,45,285303,1925,0,105,0,0,0,LEADER,1,0,0,0,0,104
287601,60,adaptive-prasle,2298,1,0,0,104,0,1456,0,1,60,285303,2298,0,105,0,0,0,LEADER,1,0,0,0,0,104
287706,44,adaptive-prasle,1483,1,0,0,104,0,1456,0,1,44,286223,1483,0,105,0,0,0,LEADER,1,0,0,0,0,104
286955,51,adaptive-prasle,1652,1,0,0,104,0,1456,0,1,51,285303,1652,0,105,0,0,0,LEADER,1,0,0,0,0,104
287312,33,adaptive-prasle,2007,1,0,0,104,0,1456,0,1,33,285305,2007,0,105,0,0,0,LEADER,1,0,0,0,0,104
287754,22,adaptive-prasle,1531,1,0,0,104,0,1456,0,1,22,286223,1531,0,105,0,0,0,LEADER,1,0,0,0,0,104
287467,72,adaptive-prasle,2162,1,0,0,104,0,1456,0,1,72,285305,2162,0,105,0,0,0,LEADER,1,0,0,0,0,104
287255,24,adaptive-prasle,1952,1,0,0,104,0,1456,0,1,24,285303,1952,0,105,0,0,0,LEADER,1,0,0,0,0,104
287785,32,adaptive-prasle,1564,1,0,0,104,0,1456,0,1,32,286221,1564,0,105,0,0,0,LEADER,1,0,0,0,0,104
286974,93,adaptive-prasle,1671,1,0,0,104,0,1456,0,1,93,285303,1671,0,105,0,0,0,LEADER,1,0,0,0,0,104
287633,79,adaptive-prasle,2331,1,0,0,104,0,1456,0,1,79,285302,2331,0,105,0,0,0,LEADER,1,0,0,0,0,104
287648,69,adaptive-prasle,2343,1,0,0,104,0,1456,0,1,69,285305,2343,0,105,0,0,0,LEADER,1,0,0,0,0,104
287328,75,adaptive-prasle,2025,1,0,0,104,0,1456,0,1,75,285303,2025,0,105,0,0,0,LEADER,1,0,0,0,0,104
287055,81,adaptive-prasle,1752,1,0,0,104,0,1456,0,1,81,285303,1752,0,105,0,0,0,LEADER,1,0,0,0,0,104
286913,52,adaptive-prasle,1610,1,0,0,104,0,1456,0,1,52,285303,1610,0,105,0,0,0,LEADER,1,0,0,0,0,104
287568,29,adaptive-prasle,2265,1,0,0,104,0,1456,0,1,29,285303,2265,0,105,0,0,0,LEADER,1,0,0,0,0,104
287392,21,adaptive-prasle,2088,1,0,0,104,0,1456,0,1,21,285304,2088,0,105,0,0,0,LEADER,1,0,0,0,0,104
287144,100,adaptive-prasle,1841,1,0,0,104,0,1456,0,1,100,285303,1841,0,105,0,0,0,LEADER,1,0,0,0,0,104
286989,61,adaptive-prasle,1686,1,0,0,104,0,1456,0,1,61,285303,1686,0,105,0,0,0,LEADER,1,0,0,0,0,104
287553,91,adaptive-prasle,2250,1,0,0,104,0,1456,0,1,91,285303,2250,0,105,0,0,0,LEADER,1,0,0,0,0,104
287513,37,adaptive-prasle,2210,1,0,0,104,0,1456,0,1,37,285303,2210,0,105,0,0,0,LEADER,1,0,0,0,0,104
287056,38,adaptive-prasle,1755,1,0,0,104,0,1456,0,1,38,285301,1755,0,105,0,0,0,LEADER,1,0,0,0,0,104
287722,98,adaptive-prasle,2419,1,0,0,104,0,1456,0,1,98,285303,2419,0,105,0,0,0,LEADER,1,0,0,0,0,104
287579,27,adaptive-prasle,2280,1,0,0,104,0,1456,0,1,27,285299,2280,0,105,0,0,0,LEADER,1,0,0,0,0,104
287431,62,adaptive-prasle,2128,1,0,0,104,0,1456,0,1,62,285303,2128,0,105,0,0,0,LEADER,1,0,0,0,0,104
287240,56,adaptive-prasle,1937,1,0,0,104,0,1456,0,1,56,285303,1937,0,105,0,0,0,LEADER,1,0,0,0,0,104
287625,99,adaptive-prasle,2328,1,0,0,104,0,1456,0,1,99,285297,2328,0,105,0,0,0,LEADER,1,0,0,0,0,104
287506,48,adaptive-prasle,2202,1,0,0,104,0,1456,0,1,48,285304,2202,0,105,0,0,0,LEADER,1,0,0,0,0,104
287022,71,adaptive-prasle,1719,1,0,0,104,0,1456,0,1,71,285303,1719,0,105,0,0,0,LEADER,1,0,0,0,0,104
287247,87,adaptive-prasle,1944,1,0,0,104,0,1456,0,1,87,285303,1944,0,105,0,0,0,LEADER,1,0,0,0,0,104
287173,36,adaptive-prasle,1870,1,0,0,104,0,1456,0,1,36,285303,1870,0,105,0,0,0,LEADER,1,0,0,0,0,104
287669,77,adaptive-prasle,1446,1,0,0,104,0,1456,0,1,77,286223,1446,0,105,0,0,0,LEADER,1,0,0,0,0,104
287862,83,adaptive-prasle,1637,1,0,0,104,0,1456,0,1,83,286225,1637,0,105,0,0,0,LEADER,1,0,0,0,0,104
287362,85,adaptive-prasle,2059,1,0,0,104,0,1456,0,1,85,285303,2059,0,105,0,0,0,LEADER,1,0,0,0,0,104
287890,19,adaptive-prasle,1667,1,0,0,104,0,1456,0,1,19,286223,1667,0,105,0,0,0,LEADER,1,0,0,0,0,104
288045,65,adaptive-prasle,1822,1,0,0,104,0,1456,0,1,65,286223,1822,0,105,0,0,0,LEADER,1,0,0,0,0,104
287651,35,adaptive-prasle,1428,1,0,0,104,0,1456,0,1,35,286223,1428,0,105,0,0,0,LEADER,1,0,0,0,0,104
287666,86,adaptive-prasle,1443,1,0,0,104,0,1456,0,1,86,286223,1443,0,105,0,0,0,LEADER,1,0,0,0,0,104
287709,50,adaptive-prasle,2406,1,0,0,104,0,1456,0,1,50,285303,2406,0,105,0,0,0,LEADER,1,0,0,0,0,104
287724,55,adaptive-prasle,1501,1,0,0,104,0,1456,0,1,55,286223,1501,0,105,0,0,0,LEADER,1,0,0,0,0,104
287763,63,adaptive-prasle,1540,1,0,0,104,0,1456,0,1,63,286223,1540,0,105,0,0,0,LEADER,1,0,0,0,0,104
288127,46,adaptive-prasle,1904,1,0,0,104,0,1456,0,1,46,286223,1904,0,105,0,0,0,LEADER,1,0,0,0,0,104
287922,53,adaptive-prasle,1701,1,0,0,104,0,1456,0,1,53,286221,1701,0,105,0,0,0,LEADER,1,0,0,0,0,104
287277,23,adaptive-prasle,1974,1,0,0,104,0,1456,0,1,23,285303,1974,0,105,0,0,0,LEADER,1,0,0,0,0,104
288145,88,adaptive-prasle,1922,1,0,0,104,0,1456,0,1,88,286223,1922,0,105,0,0,0,LEADER,1,0,0,0,0,104
287672,34,adaptive-prasle,1449,1,0,0,104,0,1456,0,1,34,286223,1449,0,105,0,0,0,LEADER,1,0,0,0,0,104
287282,97,adaptive-prasle,1977,1,0,0,104,0,1456,0,1,97,285305,1977,0,105,0,0,0,LEADER,1,0,0,0,0,104
287400,20,adaptive-prasle,2095,1,0,0,104,0,1456,0,1,20,285305,2095,0,105,0,0,0,LEADER,1,0,0,0,0,104
287480,40,adaptive-prasle,2177,1,0,0,104,0,1456,0,1,40,285303,2177,0,105,0,0,0,LEADER,1,0,0,0,0,104
287405,47,adaptive-prasle,2100,1,0,0,104,0,1456,0,1,47,285305,2100,0,105,0,0,0,LEADER,1,0,0,0,0,104
288315,95,adaptive-prasle,2092,1,0,0,104,0,1456,0,1,95,286223,2092,0,105,0,0,0,LEADER,1,0,0,0,0,104
287698,25,adaptive-prasle,2395,1,0,0,104,0,1456,0,1,25,285303,2395,0,105,0,0,0,LEADER,1,0,0,0,0,104
288303,84,adaptive-prasle,2080,1,0,0,104,0,1456,0,1,84,286223,2080,0,105,0,0,0,LEADER,1,0,0,0,0,104
287580,70,adaptive-prasle,2277,1,0,0,104,0,1456,0,1,70,285303,2277,0,105,0,0,0,LEADER,1,0,0,0,0,104
287498,82,adaptive-prasle,2195,1,0,0,104,0,1456,0,1,82,285303,2195,0,105,0,0,0,LEADER,1,0,0,0,0,104
287716,67,adaptive-prasle,2413,1,0,0,104,0,1456,0,1,67,285303,2413,0,105,0,0,0,LEADER,1,0,0,0,0,104
287668,89,adaptive-prasle,2365,1,0,0,104,0,1456,0,1,89,285303,2365,0,105,0,0,0,LEADER,1,0,0,0,0,104
288336,28,adaptive-prasle,2113,1,0,0,104,0,1456,0,1,28,286223,2113,0,105,0,0,0,LEADER,1,0,0,0,0,104
288080,68,adaptive-prasle,1855,1,0,0,104,0,1456,0,1,68,286225,1855,0,105,0,0,0,LEADER,1,0,0,0,0,104
288031,90,adaptive-prasle,1807,1,0,0,104,0,1456,0,1,90,286224,1807,0,105,0,0,0,LEADER,1,0,0,0,0,104
287691,76,adaptive-prasle,1468,1,0,0,104,0,1456,0,1,76,286223,1468,0,105,0,0,0,LEADER,1,0,0,0,0,104
288012,10,adaptive-prasle,1789,1,0,0,104,0,1456,0,1,10,286223,1789,0,105,0,0,0,LEADER,1,0,0,0,0,104
288444,58,adaptive-prasle,2221,1,0,0,104,0,1456,0,1,58,286223,2221,0,105,0,0,0,LEADER,1,0,0,0,0,104
287827,73,adaptive-prasle,1604,1,0,0,104,0,1456,0,1,73,286223,1604,0,105,0,0,0,LEADER,1,0,0,0,0,104
287568,59,adaptive-prasle,2265,1,0,0,104,0,1456,0,1,59,285303,2265,0,105,0,0,0,LEADER,1,0,0,0,0,104
287842,41,adaptive-prasle,1619,1,0,0,104,0,1456,0,1,41,286223,1619,0,105,0,0,0,LEADER,1,0,0,0,0,104
287757,96,adaptive-prasle,1534,1,0,0,104,0,1456,0,1,96,286223,1534,0,105,0,0,0,LEADER,1,0,0,0,0,104
288056,74,adaptive-prasle,1837,1,0,0,104,0,1456,0,1,74,286219,1837,0,105,0,0,0,LEADER,1,0,0,0,0,104
287990,49,adaptive-prasle,1767,1,0,0,104,0,1456,0,1,49,286223,1767,0,105,0,0,0,LEADER,1,0,0,0,0,104
288451,92,adaptive-prasle,2228,1,0,0,104,0,1456,0,1,92,286223,2228,0,105,0,0,0,LEADER,1,0,0,0,0,104
287659,66,adaptive-prasle,1434,1,0,0,104,0,1456,0,1,66,286225,1434,0,105,0,0,0,LEADER,1,0,0,0,0,104
287683,57,adaptive-prasle,2380,1,0,0,104,0,1456,0,1,57,285303,2380,0,105,0,0,0,LEADER,1,0,0,0,0,104
288483,78,adaptive-prasle,2260,1,0,0,104,0,1456,0,1,78,286223,2260,0,105,0,0,0,LEADER,1,0,0,0,0,104
287649,39,adaptive-prasle,2346,1,0,0,104,0,1456,0,1,39,285303,2346,0,105,0,0,0,LEADER,1,0,0,0,0,104
288366,30,adaptive-prasle,2143,1,0,0,104,0,1456,0,1,30,286223,2143,0,105,0,0,0,LEADER,1,0,0,0,0,104
287772,64,adaptive-prasle,1549,1,0,0,104,0,1456,0,1,64,286223,1549,0,105,0,0,0,LEADER,1,0,0,0,0,104
287997,80,adaptive-prasle,1774,1,0,0,104,0,1456,0,1,80,286223,1774,0,105,0,0,0,LEADER,1,0,0,0,0,104
287731,54,adaptive-prasle,1516,1,0,0,104,0,1456,0,1,54,286215,1516,0,105,0,0,0,LEADER,1,0,0,0,0,104
288263,43,adaptive-prasle,2040,1,0,0,104,0,1456,0,1,43,286223,2040,0,105,0,0,0,LEADER,1,0,0,0,0,104
288183,26,adaptive-prasle,1960,1,0,0,104,0,1456,0,1,26,286223,1960,0,105,0,0,0,LEADER,1,0,0,0,0,104
287811,42,adaptive-prasle,1591,1,0,0,104,0,1456,0,1,42,286220,1591,0,105,0,0,0,LEADER,1,0,0,0,0,104
287821,31,adaptive-prasle,1598,1,0,0,104,0,1456,0,1,31,286223,1598,0,105,0,0,0,LEADER,1,0,0,0,0,104
288578,94,adaptive-prasle,2355,1,0,0,104,0,1456,0,1,94,286223,2355,0,105,0,0,0,LEADER,1,0,0,0,0,104
288148,45,adaptive-prasle,1925,1,0,0,104,0,1456,0,1,45,286223,1925,0,105,0,0,0,LEADER,1,0,0,0,0,104
288521,60,adaptive-prasle,2298,1,0,0,104,0,1456,0,1,60,286223,2298,0,105,0,0,0,LEADER,1,0,0,0,0,104
288627,44,adaptive-prasle,1483,1,0,0,105,0,1470,0,1,44,287144,1483,0,106,0,0,0,LEADER,1,0,0,0,0,105
287875,51,adaptive-prasle,1652,1,0,0,104,0,1456,0,1,51,286223,1652,0,105,0,0,0,LEADER,1,0,0,0,0,104
288232,33,adaptive-prasle,2007,1,0,0,104,0,1456,0,1,33,286225,2007,0,105,0,0,0,LEADER,1,0,0,0,0,104
288675,22,adaptive-prasle,1531,1,0,0,105,0,1470,0,1,22,287144,1531,0,106,0,0,0,LEADER,1,0,0,0,0,105
288387,72,adaptive-prasle,2162,1,0,0,104,0,1456,0,1,72,286225,2162,0,105,0,0,0,LEADER,1,0,0,0,0,104
288175,24,adaptive-prasle,1952,1,0,0,104,0,1456,0,1,24,286223,1952,0,105,0,0,0,LEADER,1,0,0,0,0,104
288706,32,adaptive-prasle,1564,1,0,0,105,0,1470,0,1,32,287142,1564,0,106,0,0,0,LEADER,1,0,0,0,0,105
287894,93,adaptive-prasle,1671,1,0,0,104,0,1456,0,1,93,286223,1671,0,105,0,0,0,LEADER,1,0,0,0,0,104
288553,79,adaptive-prasle,2331,1,0,0,104,0,1456,0,1,79,286222,2331,0,105,0,0,0,LEADER,1,0,0,0,0,104
288568,69,adaptive-prasle,2343,1,0,0,104,0,1456,0,1,69,286225,2343,0,105,0,0,0,LEADER,1,0,0,0,0,104
288248,75,adaptive-prasle,2025,1,0,0,104,0,1456,0,1,75,286223,2025,0,105,0,0,0,LEADER,1,0,0,0,0,104
287975,81,adaptive-prasle,1752,1,0,0,104,0,1456,0,1,81,286223,1752,0,105,0,0,0,LEADER,1,0,0,0,0,104
287833,52,adaptive-prasle,1610,1,0,0,104,0,1456,0,1,52,286223,1610,0,105,0,0,0,LEADER,1,0,0,0,0,104
288312,21,adaptive-prasle,2088,1,0,0,104,0,1456,0,1,21,286224,2088,0,105,0,0,0,LEADER,1,0,0,0,0,104
288488,29,adaptive-prasle,2265,1,0,0,104,0,1456,0,1,29,286223,2265,0,105,0,0,0,LEADER,1,0,0,0,0,104
288064,100,adaptive-prasle,1841,1,0,0,104,0,1456,0,1,100,286223,1841,0,105,0,0,0,LEADER,1,0,0,0,0,104
287909,61,adaptive-prasle,1686,1,0,0,104,0,1456,0,1,61,286223,1686,0,105,0,0,0,LEADER,1,0,0,0,0,104
288473,91,adaptive-prasle,2250,1,0,0,104,0,1456,0,1,91,286223,2250,0,105,0,0,0,LEADER,1,0,0,0,0,104
288433,37,adaptive-prasle,2210,1,0,0,104,0,1456,0,1,37,286223,2210,0,105,0,0,0,LEADER,1,0,0,0,0,104
287976,38,adaptive-prasle,1755,1,0,0,104,0,1456,0,1,38,286221,1755,0,105,0,0,0,LEADER,1,0,0,0,0,104
288642,98,adaptive-prasle,2419,1,0,0,104,0,1456,0,1,98,286223,2419,0,105,0,0,0,LEADER,1,0,0,0,0,104
288499,27,adaptive-prasle,2280,1,0,0,104,0,1456,0,1,27,286219,2280,0,105,0,0,0,LEADER,1,0,0,0,0,104
288351,62,adaptive-prasle,2128,1,0,0,104,0,1456,0,1,62,286223,2128,0,105,0,0,0,LEADER,1,0,0,0,0,104
288160,56,adaptive-prasle,1937,1,0,0,104,0,1456,0,1,56,286223,1937,0,105,0,0,0,LEADER,1,0,0,0,0,104
288545,99,adaptive-prasle,2328,1,0,0,104,0,1456,0,1,99,286217,2328,0,105,0,0,0,LEADER,1,0,0,0,0,104
288426,48,adaptive-prasle,2202,1,0,0,104,0,1456,0,1,48,286224,2202,0,105,0,0,0,LEADER,1,0,0,0,0,104
287942,71,adaptive-prasle,1719,1,0,0,104,0,1456,0,1,71,286223,1719,0,105,0,0,0,LEADER,1,0,0,0,0,104
288167,87,adaptive-prasle,1944,1,0,0,104,0,1456,0,1,87,286223,1944,0,105,0,0,0,LEADER,1,0,0,0,0,104
288093,36,adaptive-prasle,1870,1,0,0,104,0,1456,0,1,36,286223,1870,0,105,0,0,0,LEADER,1,0,0,0,0,104
288590,77,adaptive-prasle,1446,1,0,0,105,0,1470,0,1,77,287144,1446,0,106,0,0,0,LEADER,1,0,0,0,0,105
288783,83,adaptive-prasle,1637,1,0,0,105,0,1470,0,1,83,287146,1637,0,106,0,0,0,LEADER,1,0,0,0,0,105
288282,85,adaptive-prasle,2059,1,0,0,104,0,1456,0,1,85,286223,2059,0,105,0,0,0,LEADER,1,0,0,0,0,104
288811,19,adaptive-prasle,1667,1,0,0,105,0,1470,0,1,19,287144,1667,0,106,0,0,0,LEADER,1,0,0,0,0,105
288966,65,adaptive-prasle,1822,1,0,0,105,0,1470,0,1,65,287144,1822,0,106,0,0,0,LEADER,1,0,0,0,0,105
288572,35,adaptive-prasle,1428,1,0,0,105,0,1470,0,1,35,287144,1428,0,106,0,0,0,LEADER,1,0,0,0,0,105
288587,86,adaptive-prasle,1443,1,0,0,105,0,1470,0,1,86,287144,1443,0,106,0,0,0,LEADER,1,0,0,0,0,105
288629,50,adaptive-prasle,2406,1,0,0,104,0,1456,0,1,50,286223,2406,0,105,0,0,0,LEADER,1,0,0,0,0,104
288645,55,adaptive-prasle,1501,1,0,0,105,0,1470,0,1,55,287144,1501,0,106,0,0,0,LEADER,1,0,0,0,0,105
288684,63,adaptive-prasle,1540,1,0,0,105,0,1470,0,1,63,287144,1540,0,106,0,0,0,LEADER,1,0,0,0,0,105
289048,46,adaptive-prasle,1904,1,0,0,105,0,1470,0,1,46,287144,1904,0,106,0,0,0,LEADER,1,0,0,0,0,105
288843,53,adaptive-prasle,1701,1,0,0,105,0,1470,0,1,53,287142,1701,0,106,0,0,0,LEADER,1,0,0,0,0,105
288197,23,adaptive-prasle,1974,1,0,0,104,0,1456,0,1,23,286223,1974,0,105,0,0,0,LEADER,1,0,0,0,0,104
289066,88,adaptive-prasle,1922,1,0,0,105,0,1470,0,1,88,287144,1922,0,106,0,0,0,LEADER,1,0,0,0,0,105
288593,34,adaptive-prasle,1449,1,0,0,105,0,1470,0,1,34,287144,1449,0,106,0,0,0,LEADER,1,0,0,0,0,105
288202,97,adaptive-prasle,1977,1,0,0,104,0,1456,0,1,97,286225,1977,0,105,0,0,0,LEADER,1,0,0,0,0,104
288320,20,adaptive-prasle,2095,1,0,0,104,0,1456,0,1,20,286225,2095,0,105,0,0,0,LEADER,1,0,0,0,0,104
288400,40,adaptive-prasle,2177,1,0,0,104,0,1456,0,1,40,286223,2177,0,105,0,0,0,LEADER,1,0,0,0,0,104
288325,47,adaptive-prasle,2100,1,0,0,104,0,1456,0,1,47,286225,2100,0,105,0,0,0,LEADER,1,0,0,0,0,104
289236,95,adaptive-prasle,2092,1,0,0,105,0,1470,0,1,95,287144,2092,0,106,0,0,0,LEADER,1,0,0,0,0,105
288618,25,adaptive-prasle,2395,1,0,0,104,0,1456,0,1,25,286223,2395,0,105,0,0,0,LEADER,1,0,0,0,0,104
289224,84,adaptive-prasle,2080,1,0,0,105,0,1470,0,1,84,287144,2080,0,106,0,0,0,LEADER,1,0,0,0,0,105
288500,70,adaptive-prasle,2277,1,0,0,104,0,1456,0,1,70,286223,2277,0,105,0,0,0,LEADER,1,0,0,0,0,104
288418,82,adaptive-prasle,2195,1,0,0,104,0,1456,0,1,82,286223,2195,0,105,0,0,0,LEADER,1,0,0,0,0,104
288636,67,adaptive-prasle,2413,1,0,0,104,0,1456,0,1,67,286223,2413,0,105,0,0,0,LEADER,1,0,0,0,0,104
288588,89,adaptive-prasle,2365,1,0,0,104,0,1456,0,1,89,286223,2365,0,105,0,0,0,LEADER,1,0,0,0,0,104
289257,28,adaptive-prasle,2113,1,0,0,105,0,1470,0,1,28,287144,2113,0,106,0,0,0,LEADER,1,0,0,0,0,105
289001,68,adaptive-prasle,1855,1,0,0,105,0,1470,0,1,68,287146,1855,0,106,0,0,0,LEADER,1,0,0,0,0,105
288952,90,adaptive-prasle,1807,1,0,0,105,0,1470,0,1,90,287145,1807,0,106,0,0,0,LEADER,1,0,0,0,0,105
288612,76,adaptive-prasle,1468,1,0,0,105,0,1470,0,1,76,287144,1468,0,106,0,0,0,LEADER,1,0,0,0,0,105
288933,10,adaptive-prasle,1789,1,0,0,105,0,1470,0,1,10,287144,1789,0,106,0,0,0,LEADER,1,0,0,0,0,105
289365,58,adaptive-prasle,2221,1,0,0,105,0,1470,0,1,58,287144,2221,0,106,0,0,0,LEADER,1,0,0,0,0,105
288748,73,adaptive-prasle,1604,1,0,0,105,0,1470,0,1,73,287144,1604,0,106,0,0,0,LEADER,1,0,0,0,0,105
288488,59,adaptive-prasle,2265,1,0,0,104,0,1456,0,1,59,286223,2265,0,105,0,0,0,LEADER,1,0,0,0,0,104
288763,41,adaptive-prasle,1619,1,0,0,105,0,1470,0,1,41,287144,1619,0,106,0,0,0,LEADER,1,0,0,0,0,105
288678,96,adaptive-prasle,1534,1,0,0,105,0,1470,0,1,96,287144,1534,0,106,0,0,0,LEADER,1,0,0,0,0,105
288977,74,adaptive-prasle,1837,1,0,0,105,0,1470,0,1,74,287140,1837,0,106,0,0,0,LEADER,1,0,0,0,0,105
288911,49,adaptive-prasle,1767,1,0,0,105,0,1470,0,1,49,287144,1767,0,106,0,0,0,LEADER,1,0,0,0,0,105
289372,92,adaptive-prasle,2228,1,0,0,105,0,1470,0,1,92,287144,2228,0,106,0,0,0,LEADER,1,0,0,0,0,105
288580,66,adaptive-prasle,1434,1,0,0,105,0,1470,0,1,66,287146,1434,0,106,0,0,0,LEADER,1,0,0,0,0,105
288603,57,adaptive-prasle,2380,1,0,0,104,0,1456,0,1,57,286223,2380,0,105,0,0,0,LEADER,1,0,0,0,0,104
289404,78,adaptive-prasle,2260,1,0,0,105,0,1470,0,1,78,287144,2260,0,106,0,0,0,LEADER,1,0,0,0,0,105
288569,39,adaptive-prasle,2346,1,0,0,104,0,1456,0,1,39,286223,2346,0,105,0,0,0,LEADER,1,0,0,0,0,104
289287,30,adaptive-prasle,2143,1,0,0,105,0,1470,0,1,30,287144,2143,0,106,0,0,0,LEADER,1,0,0,0,0,105
288693,64,adaptive-prasle,1549,1,0,0,105,0,1470,0,1,64,287144,1549,0,106,0,0,0,LEADER,1,0,0,0,0,105
288918,80,adaptive-prasle,1774,1,0,0,105,0,1470,0,1,80,287144,1774,0,106,0,0,0,LEADER,1,0,0,0,0,105
288652,54,adaptive-prasle,1516,1,0,0,105,0,1470,0,1,54,287136,1516,0,106,0,0,0,LEADER,1,0,0,0,0,105
289184,43,adaptive-prasle,2040,1,0,0,105,0,1470,0,1,43,287144,2040,0,106,0,0,0,LEADER,1,0,0,0,0,105
289104,26,adaptive-prasle,1960,1,0,0,105,0,1470,0,1,26,287144,1960,0,106,0,0,0,LEADER,1,0,0,0,0,105
288732,42,adaptive-prasle,1591,1,0,0,105,0,1470,0,1,42,287141,1591,0,106,0,0,0,LEADER,1,0,0,0,0,105
288742,31,adaptive-prasle,1598,1,0,0,105,0,1470,0,1,31,287144,1598,0,106,0,0,0,LEADER,1,0,0,0,0,105
289499,94,adaptive-prasle,2355,1,0,0,105,0,1470,0,1,94,287144,2355,0,106,0,0,0,LEADER,1,0,0,0,0,105
289069,45,adaptive-prasle,1925,1,0,0,105,0,1470,0,1,45,287144,1925,0,106,0,0,0,LEADER,1,0,0,0,0,105
289442,60,adaptive-prasle,2298,1,0,0,105,0,1470,0,1,60,287144,2298,0,106,0,0,0,LEADER,1,0,0,0,0,105
289547,44,adaptive-prasle,1483,1,0,0,105,0,1470,0,1,44,288064,1483,0,106,0,0,0,LEADER,1,0,0,0,0,105
288796,51,adaptive-prasle,1652,1,0,0,105,0,1470,0,1,51,287144,1652,0,106,0,0,0,LEADER,1,0,0,0,0,105
289595,22,adaptive-prasle,1531,1,0,0,105,0,1470,0,1,22,288064,1531,0,106,0,0,0,LEADER,1,0,0,0,0,105
289153,33,adaptive-prasle,2007,1,0,0,105,0,1470,0,1,33,287146,2007,0,106,0,0,0,LEADER,1,0,0,0,0,105
289308,72,adaptive-prasle,2162,1,0,0,105,0,1470,0,1,72,287146,2162,0,106,0,0,0,LEADER,1,0,0,0,0,105
289096,24,adaptive-prasle,1952,1,0,0,105,0,1470,0,1,24,287144,1952,0,106,0,0,0,LEADER,1,0,0,0,0,105
289626,32,adaptive-prasle,1564,1,0,0,105,0,1470,0,1,32,288062,1564,0,106,0,0,0,LEADER,1,0,0,0,0,105
288815,93,adaptive-prasle,1671,1,0,0,105,0,1470,0,1,93,287144,1671,0,106,0,0,0,LEADER,1,0,0,0,0,105
289489,69,adaptive-prasle,2343,1,0,0,105,0,1470,0,1,69,287146,2343,0,106,0,0,0,LEADER,1,0,0,0,0,105
289474,79,adaptive-prasle,2331,1,0,0,105,0,1470,0,1,79,287143,2331,0,106,0,0,0,LEADER,1,0,0,0,0,105
289169,75,adaptive-prasle,2025,1,0,0,105,0,1470,0,1,75,287144,2025,0,106,0,0,0,LEADER,1,0,0,0,0,105
288896,81,adaptive-prasle,1752,1,0,0,105,0,1470,0,1,81,287144,1752,0,106,0,0,0,LEADER,1,0,0,0,0,105
288754,52,adaptive-prasle,1610,1,0,0,105,0,1470,0,1,52,287144,1610,0,106,0,0,0,LEADER,1,0,0,0,0,105
289233,21,adaptive-prasle,2088,1,0,0,105,0,1470,0,1,21,287145,2088,0,106,0,0,0,LEADER,1,0,0,0,0,105
289409,29,adaptive-prasle,2265,1,0,0,105,0,1470,0,1,29,287144,2265,0,106,0,0,0,LEADER,1,0,0,0,0,105
288985,100,adaptive-prasle,1841,1,0,0,105,0,1470,0,1,100,287144,1841,0,106,0,0,0,LEADER,1,0,0,0,0,105
288830,61,adaptive-prasle,1686,1,0,0,105,0,1470,0,1,61,287144,1686,0,106,0,0,0,LEADER,1,0,0,0,0,105
289394,91,adaptive-prasle,2250,1,0,0,105,0,1470,0,1,91,287144,2250,0,106,0,0,0,LEADER,1,0,0,0,0,105
289354,37,adaptive-prasle,2210,1,0,0,105,0,1470,0,1,37,287144,2210,0,106,0,0,0,LEADER,1,0,0,0,0,105
288897,38,adaptive-prasle,1755,1,0,0,105,0,1470,0,1,38,287142,1755,0,106,0,0,0,LEADER,1,0,0,0,0,105
289563,98,adaptive-prasle,2419,1,0,0,105,0,1470,0,1,98,287144,2419,0,106,0,0,0,LEADER,1,0,0,0,0,105
289420,27,adaptive-prasle,2280,1,0,0,105,0,1470,0,1,27,287140,2280,0,106,0,0,0,LEADER,1,0,0,0,0,105
289272,62,adaptive-prasle,2128,1,0,0,105,0,1470,0,1,62,287144,2128,0,106,0,0,0,LEADER,1,0,0,0,0,105
289081,56,adaptive-prasle,1937,1,0,0,105,0,1470,0,1,56,287144,1937,0,106,0,0,0,LEADER,1,0,0,0,0,105
289466,99,adaptive-prasle,2328,1,0,0,105,0,1470,0,1,99,287138,2328,0,106,0,0,0,LEADER,1,0,0,0,0,105
289347,48,adaptive-prasle,2202,1,0,0,105,0,1470,0,1,48,287145,2202,0,106,0,0,0,LEADER,1,0,0,0,0,105
289494,15,adaptive-prasle,2361,1,0,0,17,15,238,210,4,5,287133,2361,0,8,0,0,0,NORMAL,0,0,0,0,0,17
288863,71,adaptive-prasle,1719,1,0,0,105,0,1470,0,1,71,287144,1719,0,106,0,0,0,LEADER,1,0,0,0,0,105
289088,87,adaptive-prasle,1944,1,0,0,105,0,1470,0,1,87,287144,1944,0,106,0,0,0,LEADER,1,0,0,0,0,105
289014,36,adaptive-prasle,1870,1,0,0,105,0,1470,0,1,36,287144,1870,0,106,0,0,0,LEADER,1,0,0,0,0,105
289510,77,adaptive-prasle,1446,1,0,0,105,0,1470,0,1,77,288064,1446,0,106,0,0,0,LEADER,1,0,0,0,0,105
289703,83,adaptive-prasle,1637,1,0,0,105,0,1470,0,1,83,288066,1637,0,106,0,0,0,LEADER,1,0,0,0,0,105
289203,85,adaptive-prasle,2059,1,0,0,105,0,1470,0,1,85,287144,2059,0,106,0,0,0,LEADER,1,0,0,0,0,105
289731,19,adaptive-prasle,1667,1,0,0,105,0,1470,0,1,19,288064,1667,0,106,0,0,0,LEADER,1,0,0,0,0,105
289886,65,adaptive-prasle,1822,1,0,0,105,0,1470,0,1,65,288064,1822,0,106,0,0,0,LEADER,1,0,0,0,0,105
289492,35,adaptive-prasle,1428,1,0,0,105,0,1470,0,1,35,288064,1428,0,106,0,0,0,LEADER,1,0,0,0,0,105
289507,86,adaptive-prasle,1443,1,0,0,105,0,1470,0,1,86,288064,1443,0,106,0,0,0,LEADER,1,0,0,0,0,105
289550,50,adaptive-prasle,2406,1,0,0,105,0,1470,0,1,50,287144,2406,0,106,0,0,0,LEADER,1,0,0,0,0,105
289565,55,adaptive-prasle,1501,1,0,0,105,0,1470,0,1,55,288064,1501,0,106,0,0,0,LEADER,1,0,0,0,0,105
289604,63,adaptive-prasle,1540,1,0,0,105,0,1470,0,1,63,288064,1540,0,106,0,0,0,LEADER,1,0,0,0,0,105
289968,46,adaptive-prasle,1904,1,0,0,105,0,1470,0,1,46,288064,1904,0,106,0,0,0,LEADER,1,0,0,0,0,105
289763,53,adaptive-prasle,1701,1,0,0,105,0,1470,0,1,53,288062,1701,0,106,0,0,0,LEADER,1,0,0,0,0,105
289118,23,adaptive-prasle,1974,1,0,0,105,0,1470,0,1,23,287144,1974,0,106,0,0,0,LEADER,1,0,0,0,0,105
289986,88,adaptive-prasle,1922,1,0,0,105,0,1470,0,1,88,288064,1922,0,106,0,0,0,LEADER,1,0,0,0,0,105
289513,34,adaptive-prasle,1449,1,0,0,105,0,1470,0,1,34,288064,1449,0,106,0,0,0,LEADER,1,0,0,0,0,105
289123,97,adaptive-prasle,1977,1,0,0,105,0,1470,0,1,97,287146,1977,0,106,0,0,0,LEADER,1,0,0,0,0,105
289241,20,adaptive-prasle,2095,1,0,0,105,0,1470,0,1,20,287146,2095,0,106,0,0,0,LEADER,1,0,0,0,0,105
289321,40,adaptive-prasle,2177,1,0,0,105,0,1470,0,1,40,287144,2177,0,106,0,0,0,LEADER,1,0,0,0,0,105
289246,47,adaptive-prasle,2100,1,0,0,105,0,1470,0,1,47,287146,2100,0,106,0,0,0,LEADER,1,0,0,0,0,105
290156,95,adaptive-prasle,2092,1,0,0,105,0,1470,0,1,95,288064,2092,0,106,0,0,0,LEADER,1,0,0,0,0,105
289539,25,adaptive-prasle,2395,1,0,0,105,0,1470,0,1,25,287144,2395,0,106,0,0,0,LEADER,1,0,0,0,0,105
290144,84,adaptive-prasle,2080,1,0,0,105,0,1470,0,1,84,288064,2080,0,106,0,0,0,LEADER,1,0,0,0,0,105
289421,70,adaptive-prasle,2277,1,0,0,105,0,1470,0,1,70,287144,2277,0,106,0,0,0,LEADER,1,0,0,0,0,105
289339,82,adaptive-prasle,2195,1,0,0,105,0,1470,0,1,82,287144,2195,0,106,0,0,0,LEADER,1,0,0,0,0,105
289557,67,adaptive-prasle,2413,1,0,0,105,0,1470,0,1,67,287144,2413,0,106,0,0,0,LEADER,1,0,0,0,0,105
289509,89,adaptive-prasle,2365,1,0,0,105,0,1470,0,1,89,287144,2365,0,106,0,0,0,LEADER,1,0,0,0,0,105
290177,28,adaptive-prasle,2113,1,0,0,105,0,1470,0,1,28,288064,2113,0,106,0,0,0,LEADER,1,0,0,0,0,105
289921,68,adaptive-prasle,1855,1,0,0,105,0,1470,0,1,68,288066,1855,0,106,0,0,0,LEADER,1,0,0,0,0,105
289872,90,adaptive-prasle,1807,1,0,0,105,0,1470,0,1,90,288065,1807,0,106,0,0,0,LEADER,1,0,0,0,0,105
289532,76,adaptive-prasle,1468,1,0,0,105,0,1470,0,1,76,288064,1468,0,106,0,0,0,LEADER,1,0,0,0,0,105
289853,10,adaptive-prasle,1789,1,0,0,105,0,1470,0,1,10,288064,1789,0,106,0,0,0,LEADER,1,0,0,0,0,105
290285,58,adaptive-prasle,2221,1,0,0,105,0,1470,0,1,58,288064,2221,0,106,0,0,0,LEADER,1,0,0,0,0,105
289668,73,adaptive-prasle,1604,1,0,0,105,0,1470,0,1,73,288064,1604,0,106,0,0,0,LEADER,1,0,0,0,0,105
289409,59,adaptive-prasle,2265,1,0,0,105,0,1470,0,1,59,287144,2265,0,106,0,0,0,LEADER,1,0,0,0,0,105
289683,41,adaptive-prasle,1619,1,0,0,105,0,1470,0,1,41,288064,1619,0,106,0,0,0,LEADER,1,0,0,0,0,105
289598,96,adaptive-prasle,1534,1,0,0,105,0,1470,0,1,96,288064,1534,0,106,0,0,0,LEADER,1,0,0,0,0,105
289897,74,adaptive-prasle,1837,1,0,0,105,0,1470,0,1,74,288060,1837,0,106,0,0,0,LEADER,1,0,0,0,0,105
289831,49,adaptive-prasle,1767,1,0,0,105,0,1470,0,1,49,288064,1767,0,106,0,0,0,LEADER,1,0,0,0,0,105
290292,92,adaptive-prasle,2228,1,0,0,105,0,1470,0,1,92,288064,2228,0,106,0,0,0,LEADER,1,0,0,0,0,105
289500,66,adaptive-prasle,1434,1,0,0,105,0,1470,0,1,66,288066,1434,0,106,0,0,0,LEADER,1,0,0,0,0,105
289524,57,adaptive-prasle,2380,1,0,0,105,0,1470,0,1,57,287144,2380,0,106,0,0,0,LEADER,1,0,0,0,0,105
290324,78,adaptive-prasle,2260,1,0,0,105,0,1470,0,1,78,288064,2260,0,106,0,0,0,LEADER,1,0,0,0,0,105
289490,39,adaptive-prasle,2346,1,0,0,105,0,1470,0,1,39,287144,2346,0,106,0,0,0,LEADER,1,0,0,0,0,105
290207,30,adaptive-prasle,2143,1,0,0,105,0,1470,0,1,30,288064,2143,0,106,0,0,0,LEADER,1,0,0,0,0,105
289613,64,adaptive-prasle,1549,1,0,0,105,0,1470,0,1,64,288064,1549,0,106,0,0,0,LEADER,1,0,0,0,0,105
289838,80,adaptive-prasle,1774,1,0,0,105,0,1470,0,1,80,288064,1774,0,106,0,0,0,LEADER,1,0,0,0,0,105
289572,54,adaptive-prasle,1516,1,0,0,105,0,1470,0,1,54,288056,1516,0,106,0,0,0,LEADER,1,0,0,0,0,105
290104,43,adaptive-prasle,2040,1,0,0,105,0,1470,0,1,43,288064,2040,0,106,0,0,0,LEADER,1,0,0,0,0,105
290024,26,adaptive-prasle,1960,1,0,0,105,0,1470,0,1,26,288064,1960,0,106,0,0,0,LEADER,1,0,0,0,0,105
289653,42,adaptive-prasle,1591,1,0,0,105,0,1470,0,1,42,288062,1591,0,106,0,0,0,LEADER,1,0,0,0,0,105
289662,31,adaptive-prasle,1598,1,0,0,105,0,1470,0,1,31,288064,1598,0,106,0,0,0,LEADER,1,0,0,0,0,105
290419,94,adaptive-prasle,2355,1,0,0,105,0,1470,0,1,94,288064,2355,0,106,0,0,0,LEADER,1,0,0,0,0,105
289989,45,adaptive-prasle,1925,1,0,0,105,0,1470,0,1,45,288064,1925,0,106,0,0,0,LEADER,1,0,0,0,0,105
290362,60,adaptive-prasle,2298,1,0,0,105,0,1470,0,1,60,288064,2298,0,106,0,0,0,LEADER,1,0,0,0,0,105
290467,44,adaptive-prasle,1483,1,0,0,105,0,1470,0,1,44,288984,1483,0,106,0,0,0,LEADER,1,0,0,0,0,105
289716,51,adaptive-prasle,1652,1,0,0,105,0,1470,0,1,51,288064,1652,0,106,0,0,0,LEADER,1,0,0,0,0,105
290515,22,adaptive-prasle,1531,1,0,0,105,0,1470,0,1,22,288984,1531,0,106,0,0,0,LEADER,1,0,0,0,0,105
290073,33,adaptive-prasle,2007,1,0,0,105,0,1470,0,1,33,288066,2007,0,106,0,0,0,LEADER,1,0,0,0,0,105
290228,72,adaptive-prasle,2162,1,0,0,105,0,1470,0,1,72,288066,2162,0,106,0,0,0,LEADER,1,0,0,0,0,105
290016,24,adaptive-prasle,1952,1,0,0,105,0,1470,0,1,24,288064,1952,0,106,0,0,0,LEADER,1,0,0,0,0,105
290546,32,adaptive-prasle,1564,1,0,0,105,0,1470,0,1,32,288982,1564,0,106,0,0,0,LEADER,1,0,0,0,0,105
289735,93,adaptive-prasle,1671,1,0,0,105,0,1470,0,1,93,288064,1671,0,106,0,0,0,LEADER,1,0,0,0,0,105
290394,79,adaptive-prasle,2331,1,0,0,105,0,1470,0,1,79,288063,2331,0,106,0,0,0,LEADER,1,0,0,0,0,105
290409,69,adaptive-prasle,2343,1,0,0,105,0,1470,0,1,69,288066,2343,0,106,0,0,0,LEADER,1,0,0,0,0,105
290089,75,adaptive-prasle,2025,1,0,0,105,0,1470,0,1,75,288064,2025,0,106,0,0,0,LEADER,1,0,0,0,0,105
289816,81,adaptive-prasle,1752,1,0,0,105,0,1470,0,1,81,288064,1752,0,106,0,0,0,LEADER,1,0,0,0,0,105
289674,52,adaptive-prasle,1610,1,0,0,105,0,1470,0,1,52,288064,1610,0,106,0,0,0,LEADER,1,0,0,0,0,105
290153,21,adaptive-prasle,2088,1,0,0,105,0,1470,0,1,21,288065,2088,0,106,0,0,0,LEADER,1,0,0,0,0,105
290329,29,adaptive-prasle,2265,1,0,0,105,0,1470,0,1,29,288064,2265,0,106,0,0,0,LEADER,1,0,0,0,0,105
289905,100,adaptive-prasle,1841,1,0,0,105,0,1470,0,1,100,288064,1841,0,106,0,0,0,LEADER,1,0,0,0,0,105
289750,61,adaptive-prasle,1686,1,0,0,105,0,1470,0,1,61,288064,1686,0,106,0,0,0,LEADER,1,0,0,0,0,105
290314,91,adaptive-prasle,2250,1,0,0,105,0,1470,0,1,91,288064,2250,0,106,0,0,0,LEADER,1,0,0,0,0,105
290274,37,adaptive-prasle,2210,1,0,0,105,0,1470,0,1,37,288064,2210,0,106,0,0,0,LEADER,1,0,0,0,0,105
289817,38,adaptive-prasle,1755,1,0,0,105,0,1470,0,1,38,288062,1755,0,106,0,0,0,LEADER,1,0,0,0,0,105
290483,98,adaptive-prasle,2419,1,0,0,105,0,1470,0,1,98,288064,2419,0,106,0,0,0,LEADER,1,0,0,0,0,105
290340,27,adaptive-prasle,2280,1,0,0,105,0,1470,0,1,27,288060,2280,0,106,0,0,0,LEADER,1,0,0,0,0,105
290192,62,adaptive-prasle,2128,1,0,0,105,0,1470,0,1,62,288064,2128,0,106,0,0,0,LEADER,1,0,0,0,0,105
290001,56,adaptive-prasle,1937,1,0,0,105,0,1470,0,1,56,288064,1937,0,106,0,0,0,LEADER,1,0,0,0,0,105
290386,99,adaptive-prasle,2328,1,0,0,105,0,1470,0,1,99,288058,2328,0,106,0,0,0,LEADER,1,0,0,0,0,105
290267,48,adaptive-prasle,2202,1,0,0,105,0,1470,0,1,48,288065,2202,0,106,0,0,0,LEADER,1,0,0,0,0,105
289783,71,adaptive-prasle,1719,1,0,0,105,0,1470,0,1,71,288064,1719,0,106,0,0,0,LEADER,1,0,0,0,0,105
290008,87,adaptive-prasle,1944,1,0,0,105,0,1470,0,1,87,288064,1944,0,106,0,0,0,LEADER,1,0,0,0,0,105
289934,36,adaptive-prasle,1870,1,0,0,105,0,1470,0,1,36,288064,1870,0,106,0,0,0,LEADER,1,0,0,0,0,105
290430,77,adaptive-prasle,1446,1,0,0,105,0,1470,0,1,77,288984,1446,0,106,0,0,0,LEADER,1,0,0,0,0,105
290623,83,adaptive-prasle,1637,1,0,0,105,0,1470,0,1,83,288986,1637,0,106,0,0,0,LEADER,1,0,0,0,0,105
290123,85,adaptive-prasle,2059,1,0,0,105,0,1470,0,1,85,288064,2059,0,106,0,0,0,LEADER,1,0,0,0,0,105
290651,19,adaptive-prasle,1667,1,0,0,105,0,1470,0,1,19,288984,1667,0,106,0,0,0,LEADER,1,0,0,0,0,105
290806,65,adaptive-prasle,1822,1,0,0,105,0,1470,0,1,65,288984,1822,0,106,0,0,0,LEADER,1,0,0,0,0,105
290412,35,adaptive-prasle,1428,1,0,0,105,0,1470,0,1,35,288984,1428,0,106,0,0,0,LEADER,1,0,0,0,0,105
290427,86,adaptive-prasle,1443,1,0,0,105,0,1470,0,1,86,288984,1443,0,106,0,0,0,LEADER,1,0,0,0,0,105
290470,50,adaptive-prasle,2406,1,0,0,105,0,1470,0,1,50,288064,2406,0,106,0,0,0,LEADER,1,0,0,0,0,105
290485,55,adaptive-prasle,1501,1,0,0,105,0,1470,0,1,55,288984,1501,0,106,0,0,0,LEADER,1,0,0,0,0,105
290524,63,adaptive-prasle,1540,1,0,0,105,0,1470,0,1,63,288984,1540,0,106,0,0,0,LEADER,1,0,0,0,0,105
290888,46,adaptive-prasle,1904,1,0,0,105,0,1470,0,1,46,288984,1904,0,106,0,0,0,LEADER,1,0,0,0,0,105
290683,53,adaptive-prasle,1701,1,0,0,105,0,1470,0,1,53,288982,1701,0,106,0,0,0,LEADER,1,0,0,0,0,105
290038,23,adaptive-prasle,1974,1,0,0,105,0,1470,0,1,23,288064,1974,0,106,0,0,0,LEADER,1,0,0,0,0,105
290906,88,adaptive-prasle,1922,1,0,0,105,0,1470,0,1,88,288984,1922,0,106,0,0,0,LEADER,1,0,0,0,0,105
290433,34,adaptive-prasle,1449,1,0,0,105,0,1470,0,1,34,288984,1449,0,106,0,0,0,LEADER,1,0,0,0,0,105
290043,97,adaptive-prasle,1977,1,0,0,105,0,1470,0,1,97,288066,1977,0,106,0,0,0,LEADER,1,0,0,0,0,105
290161,20,adaptive-prasle,2095,1,0,0,105,0,1470,0,1,20,288066,2095,0,106,0,0,0,LEADER,1,0,0,0,0,105
290241,40,adaptive-prasle,2177,1,0,0,105,0,1470,0,1,40,288064,2177,0,106,0,0,0,LEADER,1,0,0,0,0,105
290166,47,adaptive-prasle,2100,1,0,0,105,0,1470,0,1,47,288066,2100,0,106,0,0,0,LEADER,1,0,0,0,0,105
291076,95,adaptive-prasle,2092,1,0,0,105,0,1470,0,1,95,288984,2092,0,106,0,0,0,LEADER,1,0,0,0,0,105
290459,25,adaptive-prasle,2395,1,0,0,105,0,1470,0,1,25,288064,2395,0,106,0,0,0,LEADER,1,0,0,0,0,105
291064,84,adaptive-prasle,2080,1,0,0,105,0,1470,0,1,84,288984,2080,0,106,0,0,0,LEADER,1,0,0,0,0,105
290341,70,adaptive-prasle,2277,1,0,0,105,0,1470,0,1,70,288064,2277,0,106,0,0,0,LEADER,1,0,0,0,0,105
290259,82,adaptive-prasle,2195,1,0,0,105,0,1470,0,1,82,288064,2195,0,106,0,0,0,LEADER,1,0,0,0,0,105
290477,67,adaptive-prasle,2413,1,0,0,105,0,1470,0,1,67,288064,2413,0,106,0,0,0,LEADER,1,0,0,0,0,105
290429,89,adaptive-prasle,2365,1,0,0,105,0,1470,0,1,89,288064,2365,0,106,0,0,0,LEADER,1,0,0,0,0,105
291097,28,adaptive-prasle,2113,1,0,0,105,0,1470,0,1,28,288984,2113,0,106,0,0,0,LEADER,1,0,0,0,0,105
290841,68,adaptive-prasle,1855,1,0,0,105,0,1470,0,1,68,288986,1855,0,106,0,0,0,LEADER,1,0,0,0,0,105
290792,90,adaptive-prasle,1807,1,0,0,105,0,1470,0,1,90,288985,1807,0,106,0,0,0,LEADER,1,0,0,0,0,105
290452,76,adaptive-prasle,1468,1,0,0,105,0,1470,0,1,76,288984,1468,0,106,0,0,0,LEADER,1,0,0,0,0,105
290773,10,adaptive-prasle,1789,1,0,0,105,0,1470,0,1,10,288984,1789,0,106,0,0,0,LEADER,1,0,0,0,0,105
291205,58,adaptive-prasle,2221,1,0,0,105,0,1470,0,1,58,288984,2221,0,106,0,0,0,LEADER,1,0,0,0,0,105
290588,73,adaptive-prasle,1604,1,0,0,105,0,1470,0,1,73,288984,1604,0,106,0,0,0,LEADER,1,0,0,0,0,105
290329,59,adaptive-prasle,2265,1,0,0,105,0,1470,0,1,59,288064,2265,0,106,0,0,0,LEADER,1,0,0,0,0,105
290603,41,adaptive-prasle,1619,1,0,0,105,0,1470,0,1,41,288984,1619,0,106,0,0,0,LEADER,1,0,0,0,0,105
290518,96,adaptive-prasle,1534,1,0,0,105,0,1470,0,1,96,288984,1534,0,106,0,0,0,LEADER,1,0,0,0,0,105
290817,74,adaptive-prasle,1837,1,0,0,105,0,1470,0,1,74,288980,1837,0,106,0,0,0,LEADER,1,0,0,0,0,105
290751,49,adaptive-prasle,1767,1,0,0,105,0,1470,0,1,49,288984,1767,0,106,0,0,0,LEADER,1,0,0,0,0,105
291212,92,adaptive-prasle,2228,1,0,0,105,0,1470,0,1,92,288984,2228,0,106,0,0,0,LEADER,1,0,0,0,0,105
290420,66,adaptive-prasle,1434,1,0,0,105,0,1470,0,1,66,288986,1434,0,106,0,0,0,LEADER,1,0,0,0,0,105
290444,57,adaptive-prasle,2380,1,0,0,105,0,1470,0,1,57,288064,2380,0,106,0,0,0,LEADER,1,0,0,0,0,105
291244,78,adaptive-prasle,2260,1,0,0,105,0,1470,0,1,78,288984,2260,0,106,0,0,0,LEADER,1,0,0,0,0,105
290410,39,adaptive-prasle,2346,1,0,0,105,0,1470,0,1,39,288064,2346,0,106,0,0,0,LEADER,1,0,0,0,0,105
291127,30,adaptive-prasle,2143,1,0,0,105,0,1470,0,1,30,288984,2143,0,106,0,0,0,LEADER,1,0,0,0,0,105
290533,64,adaptive-prasle,1549,1,0,0,105,0,1470,0,1,64,288984,1549,0,106,0,0,0,LEADER,1,0,0,0,0,105
290758,80,adaptive-prasle,1774,1,0,0,105,0,1470,0,1,80,288984,1774,0,106,0,0,0,LEADER,1,0,0,0,0,105
290492,54,adaptive-prasle,1516,1,0,0,105,0,1470,0,1,54,288976,1516,0,106,0,0,0,LEADER,1,0,0,0,0,105
291024,43,adaptive-prasle,2040,1,0,0,105,0,1470,0,1,43,288984,2040,0,106,0,0,0,LEADER,1,0,0,0,0,105
290944,26,adaptive-prasle,1960,1,0,0,105,0,1470,0,1,26,288984,1960,0,106,0,0,0,LEADER,1,0,0,0,0,105
290573,42,adaptive-prasle,1591,1,0,0,105,0,1470,0,1,42,288982,1591,0,106,0,0,0,LEADER,1,0,0,0,0,105
290582,31,adaptive-prasle,1598,1,0,0,105,0,1470,0,1,31,288984,1598,0,106,0,0,0,LEADER,1,0,0,0,0,105
291339,94,adaptive-prasle,2355,1,0,0,105,0,1470,0,1,94,288984,2355,0,106,0,0,0,LEADER,1,0,0,0,0,105
290909,45,adaptive-prasle,1925,1,0,0,105,0,1470,0,1,45,288984,1925,0,106,0,0,0,LEADER,1,0,0,0,0,105
291282,60,adaptive-prasle,2298,1,0,0,105,0,1470,0,1,60,288984,2298,0,106,0,0,0,LEADER,1,0,0,0,0,105
291388,44,adaptive-prasle,1483,1,0,0,106,0,1484,0,1,44,289905,1483,0,107,0,0,0,LEADER,1,0,0,0,0,106
290636,51,adaptive-prasle,1652,1,0,0,105,0,1470,0,1,51,288984,1652,0,106,0,0,0,LEADER,1,0,0,0,0,105
290993,33,adaptive-prasle,2007,1,0,0,105,0,1470,0,1,33,288986,2007,0,106,0,0,0,LEADER,1,0,0,0,0,105
291436,22,adaptive-prasle,1531,1,0,0,106,0,1484,0,1,22,289905,1531,0,107,0,0,0,LEADER,1,0,0,0,0,106
291148,72,adaptive-prasle,2162,1,0,0,105,0,1470,0,1,72,288986,2162,0,106,0,0,0,LEADER,1,0,0,0,0,105
290936,24,adaptive-prasle,1952,1,0,0,105,0,1470,0,1,24,288984,1952,0,106,0,0,0,LEADER,1,0,0,0,0,105
291467,32,adaptive-prasle,1564,1,0,0,106,0,1484,0,1,32,289903,1564,0,107,0,0,0,LEADER,1,0,0,0,0,106
290655,93,adaptive-prasle,1671,1,0,0,105,0,1470,0,1,93,288984,1671,0,106,0,0,0,LEADER,1,0,0,0,0,105
291314,79,adaptive-prasle,2331,1,0,0,105,0,1470,0,1,79,288983,2331,0,106,0,0,0,LEADER,1,0,0,0,0,105
291329,69,adaptive-prasle,2343,1,0,0,105,0,1470,0,1,69,288986,2343,0,106,0,0,0,LEADER,1,0,0,0,0,105
291009,75,adaptive-prasle,2025,1,0,0,105,0,1470,0,1,75,288984,2025,0,106,0,0,0,LEADER,1,0,0,0,0,105
290736,81,adaptive-prasle,1752,1,0,0,105,0,1470,0,1,81,288984,1752,0,106,0,0,0,LEADER,1,0,0,0,0,105
290594,52,adaptive-prasle,1610,1,0,0,105,0,1470,0,1,52,288984,1610,0,106,0,0,0,LEADER,1,0,0,0,0,105
291098,16,adaptive-prasle,1805,1,0,0,24,19,336,266,6,5,289293,1805,0,8,0,0,0,NORMAL,0,0,0,0,0,24
291073,21,adaptive-prasle,2088,1,0,0,105,0,1470,0,1,21,288985,2088,0,106,0,0,0,LEADER,1,0,0,0,0,105
291249,29,adaptive-prasle,2265,1,0,0,105,0,1470,0,1,29,288984,2265,0,106,0,0,0,LEADER,1,0,0,0,0,105
290825,100,adaptive-prasle,1841,1,0,0,105,0,1470,0,1,100,288984,1841,0,106,0,0,0,LEADER,1,0,0,0,0,105
290670,61,adaptive-prasle,1686,1,0,0,105,0,1470,0,1,61,288984,1686,0,106,0,0,0,LEADER,1,0,0,0,0,105
291234,91,adaptive-prasle,2250,1,0,0,105,0,1470,0,1,91,288984,2250,0,106,0,0,0,LEADER,1,0,0,0,0,105
291194,37,adaptive-prasle,2210,1,0,0,105,0,1470,0,1,37,288984,2210,0,106,0,0,0,LEADER,1,0,0,0,0,105
290737,38,adaptive-prasle,1755,1,0,0,105,0,1470,0,1,38,288982,1755,0,106,0,0,0,LEADER,1,0,0,0,0,105
291403,98,adaptive-prasle,2419,1,0,0,105,0,1470,0,1,98,288984,2419,0,106,0,0,0,LEADER,1,0,0,0,0,105
291260,27,adaptive-prasle,2280,1,0,0,105,0,1470,0,1,27,288980,2280,0,106,0,0,0,LEADER,1,0,0,0,0,105
291112,62,adaptive-prasle,2128,1,0,0,105,0,1470,0,1,62,288984,2128,0,106,0,0,0,LEADER,1,0,0,0,0,105
290921,56,adaptive-prasle,1937,1,0,0,105,0,1470,0,1,56,288984,1937,0,106,0,0,0,LEADER,1,0,0,0,0,105
291306,99,adaptive-prasle,2328,1,0,0,105,0,1470,0,1,99,288978,2328,0,106,0,0,0,LEADER,1,0,0,0,0,105
291187,48,adaptive-prasle,2202,1,0,0,105,0,1470,0,1,48,288985,2202,0,106,0,0,0,LEADER,1,0,0,0,0,105
290703,71,adaptive-prasle,1719,1,0,0,105,0,1470,0,1,71,288984,1719,0,106,0,0,0,LEADER,1,0,0,0,0,105
290928,87,adaptive-prasle,1944,1,0,0,105,0,1470,0,1,87,288984,1944,0,106,0,0,0,LEADER,1,0,0,0,0,105
290854,36,adaptive-prasle,1870,1,0,0,105,0,1470,0,1,36,288984,1870,0,106,0,0,0,LEADER,1,0,0,0,0,105
291351,77,adaptive-prasle,1446,1,0,0,106,0,1484,0,1,77,289905,1446,0,107,0,0,0,LEADER,1,0,0,0,0,106
291544,83,adaptive-prasle,1637,1,0,0,106,0,1484,0,1,83,289907,1637,0,107,0,0,0,LEADER,1,0,0,0,0,106
291043,85,adaptive-prasle,2059,1,0,0,105,0,1470,0,1,85,288984,2059,0,106,0,0,0,LEADER,1,0,0,0,0,105
291572,19,adaptive-prasle,1667,1,0,0,106,0,1484,0,1,19,289905,1667,0,107,0,0,0,LEADER,1,0,0,0,0,106
291727,65,adaptive-prasle,1822,1,0,0,106,0,1484,0,1,65,289905,1822,0,107,0,0,0,LEADER,1,0,0,0,0,106
291333,35,adaptive-prasle,1428,1,0,0,106,0,1484,0,1,35,289905,1428,0,107,0,0,0,LEADER,1,0,0,0,0,106
291348,86,adaptive-prasle,1443,1,0,0,106,0,1484,0,1,86,289905,1443,0,107,0,0,0,LEADER,1,0,0,0,0,106
291390,50,adaptive-prasle,2406,1,0,0,105,0,1470,0,1,50,288984,2406,0,106,0,0,0,LEADER,1,0,0,0,0,105
291406,55,adaptive-prasle,1501,1,0,0,106,0,1484,0,1,55,289905,1501,0,107,0,0,0,LEADER,1,0,0,0,0,106
291445,63,adaptive-prasle,1540,1,0,0,106,0,1484,0,1,63,289905,1540,0,107,0,0,0,LEADER,1,0,0,0,0,106
291809,46,adaptive-prasle,1904,1,0,0,106,0,1484,0,1,46,289905,1904,0,107,0,0,0,LEADER,1,0,0,0,0,106
291604,53,adaptive-prasle,1701,1,0,0,106,0,1484,0,1,53,289903,1701,0,107,0,0,0,LEADER,1,0,0,0,0,106
290958,23,adaptive-prasle,1974,1,0,0,105,0,1470,0,1,23,288984,1974,0,106,0,0,0,LEADER,1,0,0,0,0,105
291827,88,adaptive-prasle,1922,1,0,0,106,0,1484,0,1,88,289905,1922,0,107,0,0,0,LEADER,1,0,0,0,0,106
291354,34,adaptive-prasle,1449,1,0,0,106,0,1484,0,1,34,289905,1449,0,107,0,0,0,LEADER,1,0,0,0,0,106
290963,97,adaptive-prasle,1977,1,0,0,105,0,1470,0,1,97,288986,1977,0,106,0,0,0,LEADER,1,0,0,0,0,105
291081,20,adaptive-prasle,2095,1,0,0,105,0,1470,0,1,20,288986,2095,0,106,0,0,0,LEADER,1,0,0,0,0,105
291161,40,adaptive-prasle,2177,1,0,0,105,0,1470,0,1,40,288984,2177,0,106,0,0,0,LEADER,1,0,0,0,0,105
291086,47,adaptive-prasle,2100,1,0,0,105,0,1470,0,1,47,288986,2100,0,106,0,0,0,LEADER,1,0,0,0,0,105
291997,95,adaptive-prasle,2092,1,0,0,106,0,1484,0,1,95,289905,2092,0,107,0,0,0,LEADER,1,0,0,0,0,106
291379,25,adaptive-prasle,2395,1,0,0,105,0,1470,0,1,25,288984,2395,0,106,0,0,0,LEADER,1,0,0,0,0,105
291985,84,adaptive-prasle,2080,1,0,0,106,0,1484,0,1,84,289905,2080,0,107,0,0,0,LEADER,1,0,0,0,0,106
291261,70,adaptive-prasle,2277,1,0,0,105,0,1470,0,1,70,288984,2277,0,106,0,0,0,LEADER,1,0,0,0,0,105
291179,82,adaptive-prasle,2195,1,0,0,105,0,1470,0,1,82,288984,2195,0,106,0,0,0,LEADER,1,0,0,0,0,105
291397,67,adaptive-prasle,2413,1,0,0,105,0,1470,0,1,67,288984,2413,0,106,0,0,0,LEADER,1,0,0,0,0,105
291349,89,adaptive-prasle,2365,1,0,0,105,0,1470,0,1,89,288984,2365,0,106,0,0,0,LEADER,1,0,0,0,0,105
292018,28,adaptive-prasle,2113,1,0,0,106,0,1484,0,1,28,289905,2113,0,107,0,0,0,LEADER,1,0,0,0,0,106
291762,68,adaptive-prasle,1855,1,0,0,106,0,1484,0,1,68,289907,1855,0,107,0,0,0,LEADER,1,0,0,0,0,106
291713,90,adaptive-prasle,1807,1,0,0,106,0,1484,0,1,90,289906,1807,0,107,0,0,0,LEADER,1,0,0,0,0,106
291373,76,adaptive-prasle,1468,1,0,0,106,0,1484,0,1,76,289905,1468,0,107,0,0,0,LEADER,1,0,0,0,0,106
291694,10,adaptive-prasle,1789,1,0,0,106,0,1484,0,1,10,289905,1789,0,107,0,0,0,LEADER,1,0,0,0,0,106
292126,58,adaptive-prasle,2221,1,0,0,106,0,1484,0,1,58,289905,2221,0,107,0,0,0,LEADER,1,0,0,0,0,106
291509,73,adaptive-prasle,1604,1,0,0,106,0,1484,0,1,73,289905,1604,0,107,0,0,0,LEADER,1,0,0,0,0,106
291249,59,adaptive-prasle,2265,1,0,0,105,0,1470,0,1,59,288984,2265,0,106,0,0,0,LEADER,1,0,0,0,0,105
291524,41,adaptive-prasle,1619,1,0,0,106,0,1484,0,1,41,289905,1619,0,107,0,0,0,LEADER,1,0,0,0,0,106
291439,96,adaptive-prasle,1534,1,0,0,106,0,1484,0,1,96,289905,1534,0,107,0,0,0,LEADER,1,0,0,0,0,106
291738,74,adaptive-prasle,1837,1,0,0,106,0,1484,0,1,74,289901,1837,0,107,0,0,0,LEADER,1,0,0,0,0,106
291672,49,adaptive-prasle,1767,1,0,0,106,0,1484,0,1,49,289905,1767,0,107,0,0,0,LEADER,1,0,0,0,0,106
292133,92,adaptive-prasle,2228,1,0,0,106,0,1484,0,1,92,289905,2228,0,107,0,0,0,LEADER,1,0,0,0,0,106
291341,66,adaptive-prasle,1434,1,0,0,106,0,1484,0,1,66,289907,1434,0,107,0,0,0,LEADER,1,0,0,0,0,106
291364,57,adaptive-prasle,2380,1,0,0,105,0,1470,0,1,57,288984,2380,0,106,0,0,0,LEADER,1,0,0,0,0,105
292165,78,adaptive-prasle,2260,1,0,0,106,0,1484,0,1,78,289905,2260,0,107,0,0,0,LEADER,1,0,0,0,0,106
291330,39,adaptive-prasle,2346,1,0,0,105,0,1470,0,1,39,288984,2346,0,106,0,0,0,LEADER,1,0,0,0,0,105
292048,30,adaptive-prasle,2143,1,0,0,106,0,1484,0,1,30,289905,2143,0,107,0,0,0,LEADER,1,0,0,0,0,106
291454,64,adaptive-prasle,1549,1,0,0,106,0,1484,0,1,64,289905,1549,0,107,0,0,0,LEADER,1,0,0,0,0,106
292019,2,adaptive-prasle,1819,1,0,0,10,22,140,308,2,2,290200,1819,0,9,0,0,0,LEADER,1,0,0,0,0,10
291679,80,adaptive-prasle,1774,1,0,0,106,0,1484,0,1,80,289905,1774,0,107,0,0,0,LEADER,1,0,0,0,0,106
291413,54,adaptive-prasle,1516,1,0,0,106,0,1484,0,1,54,289897,1516,0,107,0,0,0,LEADER,1,0,0,0,0,106
291945,43,adaptive-prasle,2040,1,0,0,106,0,1484,0,1,43,289905,2040,0,107,0,0,0,LEADER,1,0,0,0,0,106
291865,26,adaptive-prasle,1960,1,0,0,106,0,1484,0,1,26,289905,1960,0,107,0,0,0,LEADER,1,0,0,0,0,106
291494,42,adaptive-prasle,1591,1,0,0,106,0,1484,0,1,42,289903,1591,0,107,0,0,0,LEADER,1,0,0,0,0,106
291503,31,adaptive-prasle,1598,1,0,0,106,0,1484,0,1,31,289905,1598,0,107,0,0,0,LEADER,1,0,0,0,0,106
292260,94,adaptive-prasle,2355,1,0,0,106,0,1484,0,1,94,289905,2355,0,107,0,0,0,LEADER,1,0,0,0,0,106
291830,45,adaptive-prasle,1925,1,0,0,106,0,1484,0,1,45,289905,1925,0,107,0,0,0,LEADER,1,0,0,0,0,106
292203,60,adaptive-prasle,2298,1,0,0,106,0,1484,0,1,60,289905,2298,0,107,0,0,0,LEADER,1,0,0,0,0,106
292308,44,adaptive-prasle,1483,1,0,0,106,0,1484,0,1,44,290825,1483,0,107,0,0,0,LEADER,1,0,0,0,0,106
291557,51,adaptive-prasle,1652,1,0,0,106,0,1484,0,1,51,289905,1652,0,107,0,0,0,LEADER,1,0,0,0,0,106
291914,33,adaptive-prasle,2007,1,0,0,106,0,1484,0,1,33,289907,2007,0,107,0,0,0,LEADER,1,0,0,0,0,106
292356,22,adaptive-prasle,1531,1,0,0,106,0,1484,0,1,22,290825,1531,0,107,0,0,0,LEADER,1,0,0,0,0,106
292069,72,adaptive-prasle,2162,1,0,0,106,0,1484,0,1,72,289907,2162,0,107,0,0,0,LEADER,1,0,0,0,0,106
291857,24,adaptive-prasle,1952,1,0,0,106,0,1484,0,1,24,289905,1952,0,107,0,0,0,LEADER,1,0,0,0,0,106
292387,32,adaptive-prasle,1564,1,0,0,106,0,1484,0,1,32,290823,1564,0,107,0,0,0,LEADER,1,0,0,0,0,106
291576,93,adaptive-prasle,1671,1,0,0,106,0,1484,0,1,93,289905,1671,0,107,0,0,0,LEADER,1,0,0,0,0,106
292250,69,adaptive-prasle,2343,1,0,0,106,0,1484,0,1,69,289907,2343,0,107,0,0,0,LEADER,1,0,0,0,0,106
292235,79,adaptive-prasle,2331,1,0,0,106,0,1484,0,1,79,289904,2331,0,107,0,0,0,LEADER,1,0,0,0,0,106
291930,75,adaptive-prasle,2025,1,0,0,106,0,1484,0,1,75,289905,2025,0,107,0,0,0,LEADER,1,0,0,0,0,106
291657,81,adaptive-prasle,1752,1,0,0,106,0,1484,0,1,81,289905,1752,0,107,0,0,0,LEADER,1,0,0,0,0,106
291515,52,adaptive-prasle,1610,1,0,0,106,0,1484,0,1,52,289905,1610,0,107,0,0,0,LEADER,1,0,0,0,0,106
292170,29,adaptive-prasle,2265,1,0,0,106,0,1484,0,1,29,289905,2265,0,107,0,0,0,LEADER,1,0,0,0,0,106
291994,21,adaptive-prasle,2088,1,0,0,106,0,1484,0,1,21,289906,2088,0,107,0,0,0,LEADER,1,0,0,0,0,106
291746,100,adaptive-prasle,1841,1,0,0,106,0,1484,0,1,100,289905,1841,0,107,0,0,0,LEADER,1,0,0,0,0,106
291591,61,adaptive-prasle,1686,1,0,0,106,0,1484,0,1,61,289905,1686,0,107,0,0,0,LEADER,1,0,0,0,0,106
292155,91,adaptive-prasle,2250,1,0,0,106,0,1484,0,1,91,289905,2250,0,107,0,0,0,LEADER,1,0,0,0,0,106
292115,37,adaptive-prasle,2210,1,0,0,106,0,1484,0,1,37,289905,2210,0,107,0,0,0,LEADER,1,0,0,0,0,106
291658,38,adaptive-prasle,1755,1,0,0,106,0,1484,0,1,38,289903,1755,0,107,0,0,0,LEADER,1,0,0,0,0,106
292324,98,adaptive-prasle,2419,1,0,0,106,0,1484,0,1,98,289905,2419,0,107,0,0,0,LEADER,1,0,0,0,0,106
292181,27,adaptive-prasle,2280,1,0,0,106,0,1484,0,1,27,289901,2280,0,107,0,0,0,LEADER,1,0,0,0,0,106
292033,62,adaptive-prasle,2128,1,0,0,106,0,1484,0,1,62,289905,2128,0,107,0,0,0,LEADER,1,0,0,0,0,106
291842,56,adaptive-prasle,1937,1,0,0,106,0,1484,0,1,56,289905,1937,0,107,0,0,0,LEADER,1,0,0,0,0,106
292227,99,adaptive-prasle,2328,1,0,0,106,0,1484,0,1,99,289899,2328,0,107,0,0,0,LEADER,1,0,0,0,0,106
292108,48,adaptive-prasle,2202,1,0,0,106,0,1484,0,1,48,289906,2202,0,107,0,0,0,LEADER,1,0,0,0,0,106
291624,71,adaptive-prasle,1719,1,0,0,106,0,1484,0,1,71,289905,1719,0,107,0,0,0,LEADER,1,0,0,0,0,106
291849,87,adaptive-prasle,1944,1,0,0,106,0,1484,0,1,87,289905,1944,0,107,0,0,0,LEADER,1,0,0,0,0,106
291775,36,adaptive-prasle,1870,1,0,0,106,0,1484,0,1,36,289905,1870,0,107,0,0,0,LEADER,1,0,0,0,0,106
292537,1,adaptive-prasle,2022,1,0,0,9,10,126,140,1,1,290515,2022,0,10,0,0,0,LEADER,1,0,0,0,0,9
292271,77,adaptive-prasle,1446,1,0,0,106,0,1484,0,1,77,290825,1446,0,107,0,0,0,LEADER,1,0,0,0,0,106
292464,83,adaptive-prasle,1637,1,0,0,106,0,1484,0,1,83,290827,1637,0,107,0,0,0,LEADER,1,0,0,0,0,106
291964,85,adaptive-prasle,2059,1,0,0,106,0,1484,0,1,85,289905,2059,0,107,0,0,0,LEADER,1,0,0,0,0,106
292492,19,adaptive-prasle,1667,1,0,0,106,0,1484,0,1,19,290825,1667,0,107,0,0,0,LEADER,1,0,0,0,0,106
292647,65,adaptive-prasle,1822,1,0,0,106,0,1484,0,1,65,290825,1822,0,107,0,0,0,LEADER,1,0,0,0,0,106
292253,35,adaptive-prasle,1428,1,0,0,106,0,1484,0,1,35,290825,1428,0,107,0,0,0,LEADER,1,0,0,0,0,106
292268,86,adaptive-prasle,1443,1,0,0,106,0,1484,0,1,86,290825,1443,0,107,0,0,0,LEADER,1,0,0,0,0,106
292311,50,adaptive-prasle,2406,1,0,0,106,0,1484,0,1,50,289905,2406,0,107,0,0,0,LEADER,1,0,0,0,0,106
292326,55,adaptive-prasle,1501,1,0,0,106,0,1484,0,1,55,290825,1501,0,107,0,0,0,LEADER,1,0,0,0,0,106
292365,63,adaptive-prasle,1540,1,0,0,106,0,1484,0,1,63,290825,1540,0,107,0,0,0,LEADER,1,0,0,0,0,106
292730,46,adaptive-prasle,1904,1,0,0,106,0,1484,0,1,46,290826,1904,0,107,0,0,0,LEADER,1,0,0,0,0,106
292524,53,adaptive-prasle,1701,1,0,0,106,0,1484,0,1,53,290823,1701,0,107,0,0,0,LEADER,1,0,0,0,0,106
291879,23,adaptive-prasle,1974,1,0,0,106,0,1484,0,1,23,289905,1974,0,107,0,0,0,LEADER,1,0,0,0,0,106
292747,88,adaptive-prasle,1922,1,0,0,106,0,1484,0,1,88,290825,1922,0,107,0,0,0,LEADER,1,0,0,0,0,106
292274,34,adaptive-prasle,1449,1,0,0,106,0,1484,0,1,34,290825,1449,0,107,0,0,0,LEADER,1,0,0,0,0,106
291884,97,adaptive-prasle,1977,1,0,0,106,0,1484,0,1,97,289907,1977,0,107,0,0,0,LEADER,1,0,0,0,0,106
292002,20,adaptive-prasle,2095,1,0,0,106,0,1484,0,1,20,289907,2095,0,107,0,0,0,LEADER,1,0,0,0,0,106
292082,40,adaptive-prasle,2177,1,0,0,106,0,1484,0,1,40,289905,2177,0,107,0,0,0,LEADER,1,0,0,0,0,106
292007,47,adaptive-prasle,2100,1,0,0,106,0,1484,0,1,47,289907,2100,0,107,0,0,0,LEADER,1,0,0,0,0,106
292917,95,adaptive-prasle,2092,1,0,0,106,0,1484,0,1,95,290825,2092,0,107,0,0,0,LEADER,1,0,0,0,0,106
292300,25,adaptive-prasle,2395,1,0,0,106,0,1484,0,1,25,289905,2395,0,107,0,0,0,LEADER,1,0,0,0,0,106
292905,84,adaptive-prasle,2080,1,0,0,106,0,1484,0,1,84,290825,2080,0,107,0,0,0,LEADER,1,0,0,0,0,106
292182,70,adaptive-prasle,2277,1,0,0,106,0,1484,0,1,70,289905,2277,0,107,0,0,0,LEADER,1,0,0,0,0,106
292100,82,adaptive-prasle,2195,1,0,0,106,0,1484,0,1,82,289905,2195,0,107,0,0,0,LEADER,1,0,0,0,0,106
292318,67,adaptive-prasle,2413,1,0,0,106,0,1484,0,1,67,289905,2413,0,107,0,0,0,LEADER,1,0,0,0,0,106
292270,89,adaptive-prasle,2365,1,0,0,106,0,1484,0,1,89,289905,2365,0,107,0,0,0,LEADER,1,0,0,0,0,106
292938,28,adaptive-prasle,2113,1,0,0,106,0,1484,0,1,28,290825,2113,0,107,0,0,0,LEADER,1,0,0,0,0,106
292682,68,adaptive-prasle,1855,1,0,0,106,0,1484,0,1,68,290827,1855,0,107,0,0,0,LEADER,1,0,0,0,0,106
292633,90,adaptive-prasle,1807,1,0,0,106,0,1484,0,1,90,290826,1807,0,107,0,0,0,LEADER,1,0,0,0,0,106
292293,76,adaptive-prasle,1468,1,0,0,106,0,1484,0,1,76,290825,1468,0,107,0,0,0,LEADER,1,0,0,0,0,106
292614,10,adaptive-prasle,1789,1,0,0,106,0,1484,0,1,10,290825,1789,0,107,0,0,0,LEADER,1,0,0,0,0,106
293046,58,adaptive-prasle,2221,1,0,0,106,0,1484,0,1,58,290825,2221,0,107,0,0,0,LEADER,1,0,0,0,0,106
292429,73,adaptive-prasle,1604,1,0,0,106,0,1484,0,1,73,290825,1604,0,107,0,0,0,LEADER,1,0,0,0,0,106
292170,59,adaptive-prasle,2265,1,0,0,106,0,1484,0,1,59,289905,2265,0,107,0,0,0,LEADER,1,0,0,0,0,106
292444,41,adaptive-prasle,1619,1,0,0,106,0,1484,0,1,41,290825,1619,0,107,0,0,0,LEADER,1,0,0,0,0,106
292359,96,adaptive-prasle,1534,1,0,0,106,0,1484,0,1,96,290825,1534,0,107,0,0,0,LEADER,1,0,0,0,0,106
292658,74,adaptive-prasle,1837,1,0,0,106,0,1484,0,1,74,290821,1837,0,107,0,0,0,LEADER,1,0,0,0,0,106
292592,49,adaptive-prasle,1767,1,0,0,106,0,1484,0,1,49,290825,1767,0,107,0,0,0,LEADER,1,0,0,0,0,106
293053,92,adaptive-prasle,2228,1,0,0,106,0,1484,0,1,92,290825,2228,0,107,0,0,0,LEADER,1,0,0,0,0,106
292261,66,adaptive-prasle,1434,1,0,0,106,0,1484,0,1,66,290827,1434,0,107,0,0,0,LEADER,1,0,0,0,0,106
292285,57,adaptive-prasle,2380,1,0,0,106,0,1484,0,1,57,289905,2380,0,107,0,0,0,LEADER,1,0,0,0,0,106
293085,78,adaptive-prasle,2260,1,0,0,106,0,1484,0,1,78,290825,2260,0,107,0,0,0,LEADER,1,0,0,0,0,106
292251,39,adaptive-prasle,2346,1,0,0,106,0,1484,0,1,39,289905,2346,0,107,0,0,0,LEADER,1,0,0,0,0,106
292968,30,adaptive-prasle,2143,1,0,0,106,0,1484,0,1,30,290825,2143,0,107,0,0,0,LEADER,1,0,0,0,0,106
292374,64,adaptive-prasle,1549,1,0,0,106,0,1484,0,1,64,290825,1549,0,107,0,0,0,LEADER,1,0,0,0,0,106
292599,80,adaptive-prasle,1774,1,0,0,106,0,1484,0,1,80,290825,1774,0,107,0,0,0,LEADER,1,0,0,0,0,106
292333,54,adaptive-prasle,1516,1,0,0,106,0,1484,0,1,54,290817,1516,0,107,0,0,0,LEADER,1,0,0,0,0,106
292865,43,adaptive-prasle,2040,1,0,0,106,0,1484,0,1,43,290825,2040,0,107,0,0,0,LEADER,1,0,0,0,0,106
292785,26,adaptive-prasle,1960,1,0,0,106,0,1484,0,1,26,290825,1960,0,107,0,0,0,LEADER,1,0,0,0,0,106
292414,42,adaptive-prasle,1591,1,0,0,106,0,1484,0,1,42,290823,1591,0,107,0,0,0,LEADER,1,0,0,0,0,106
292423,31,adaptive-prasle,1598,1,0,0,106,0,1484,0,1,31,290825,1598,0,107,0,0,0,LEADER,1,0,0,0,0,106
293180,94,adaptive-prasle,2355,1,0,0,106,0,1484,0,1,94,290825,2355,0,107,0,0,0,LEADER,1,0,0,0,0,106
292750,45,adaptive-prasle,1925,1,0,0,106,0,1484,0,1,45,290825,1925,0,107,0,0,0,LEADER,1,0,0,0,0,106
293123,60,adaptive-prasle,2298,1,0,0,106,0,1484,0,1,60,290825,2298,0,107,0,0,0,LEADER,1,0,0,0,0,106
293228,44,adaptive-prasle,1483,1,0,0,106,0,1484,0,1,44,291745,1483,0,107,0,0,0,LEADER,1,0,0,0,0,106
292477,51,adaptive-prasle,1652,1,0,0,106,0,1484,0,1,51,290825,1652,0,107,0,0,0,LEADER,1,0,0,0,0,106
292834,33,adaptive-prasle,2007,1,0,0,106,0,1484,0,1,33,290827,2007,0,107,0,0,0,LEADER,1,0,0,0,0,106
293276,22,adaptive-prasle,1531,1,0,0,106,0,1484,0,1,22,291745,1531,0,107,0,0,0,LEADER,1,0,0,0,0,106
292989,72,adaptive-prasle,2162,1,0,0,106,0,1484,0,1,72,290827,2162,0,107,0,0,0,LEADER,1,0,0,0,0,106
292777,24,adaptive-prasle,1952,1,0,0,106,0,1484,0,1,24,290825,1952,0,107,0,0,0,LEADER,1,0,0,0,0,106
293307,32,adaptive-prasle,1564,1,0,0,106,0,1484,0,1,32,291743,1564,0,107,0,0,0,LEADER,1,0,0,0,0,106
292496,93,adaptive-prasle,1671,1,0,0,106,0,1484,0,1,93,290825,1671,0,107,0,0,0,LEADER,1,0,0,0,0,106
293155,79,adaptive-prasle,2331,1,0,0,106,0,1484,0,1,79,290824,2331,0,107,0,0,0,LEADER,1,0,0,0,0,106
293170,69,adaptive-prasle,2343,1,0,0,106,0,1484,0,1,69,290827,2343,0,107,0,0,0,LEADER,1,0,0,0,0,106
292850,75,adaptive-prasle,2025,1,0,0,106,0,1484,0,1,75,290825,2025,0,107,0,0,0,LEADER,1,0,0,0,0,106
292577,81,adaptive-prasle,1752,1,0,0,106,0,1484,0,1,81,290825,1752,0,107,0,0,0,LEADER,1,0,0,0,0,106
292435,52,adaptive-prasle,1610,1,0,0,106,0,1484,0,1,52,290825,1610,0,107,0,0,0,LEADER,1,0,0,0,0,106
292914,21,adaptive-prasle,2088,1,0,0,106,0,1484,0,1,21,290826,2088,0,107,0,0,0,LEADER,1,0,0,0,0,106
293090,29,adaptive-prasle,2265,1,0,0,106,0,1484,0,1,29,290825,2265,0,107,0,0,0,LEADER,1,0,0,0,0,106
292666,100,adaptive-prasle,1841,1,0,0,106,0,1484,0,1,100,290825,1841,0,107,0,0,0,LEADER,1,0,0,0,0,106
292511,61,adaptive-prasle,1686,1,0,0,106,0,1484,0,1,61,290825,1686,0,107,0,0,0,LEADER,1,0,0,0,0,106
293075,91,adaptive-prasle,2250,1,0,0,106,0,1484,0,1,91,290825,2250,0,107,0,0,0,LEADER,1,0,0,0,0,106
293035,37,adaptive-prasle,2210,1,0,0,106,0,1484,0,1,37,290825,2210,0,107,0,0,0,LEADER,1,0,0,0,0,106
292578,38,adaptive-prasle,1755,1,0,0,106,0,1484,0,1,38,290823,1755,0,107,0,0,0,LEADER,1,0,0,0,0,106
293244,98,adaptive-prasle,2419,1,0,0,106,0,1484,0,1,98,290825,2419,0,107,0,0,0,LEADER,1,0,0,0,0,106
293101,27,adaptive-prasle,2280,1,0,0,106,0,1484,0,1,27,290821,2280,0,107,0,0,0,LEADER,1,0,0,0,0,106
292953,62,adaptive-prasle,2128,1,0,0,106,0,1484,0,1,62,290825,2128,0,107,0,0,0,LEADER,1,0,0,0,0,106
292762,56,adaptive-prasle,1937,1,0,0,106,0,1484,0,1,56,290825,1937,0,107,0,0,0,LEADER,1,0,0,0,0,106
293147,99,adaptive-prasle,2328,1,0,0,106,0,1484,0,1,99,290819,2328,0,107,0,0,0,LEADER,1,0,0,0,0,106
293028,48,adaptive-prasle,2202,1,0,0,106,0,1484,0,1,48,290826,2202,0,107,0,0,0,LEADER,1,0,0,0,0,106
292544,71,adaptive-prasle,1719,1,0,0,106,0,1484,0,1,71,290825,1719,0,107,0,0,0,LEADER,1,0,0,0,0,106
292769,87,adaptive-prasle,1944,1,0,0,106,0,1484,0,1,87,290825,1944,0,107,0,0,0,LEADER,1,0,0,0,0,106
292695,36,adaptive-prasle,1870,1,0,0,106,0,1484,0,1,36,290825,1870,0,107,0,0,0,LEADER,1,0,0,0,0,106
293191,77,adaptive-prasle,1446,1,0,0,106,0,1484,0,1,77,291745,1446,0,107,0,0,0,LEADER,1,0,0,0,0,106
293384,83,adaptive-prasle,1637,1,0,0,106,0,1484,0,1,83,291747,1637,0,107,0,0,0,LEADER,1,0,0,0,0,106
292884,85,adaptive-prasle,2059,1,0,0,106,0,1484,0,1,85,290825,2059,0,107,0,0,0,LEADER,1,0,0,0,0,106
293412,19,adaptive-prasle,1667,1,0,0,106,0,1484,0,1,19,291745,1667,0,107,0,0,0,LEADER,1,0,0,0,0,106
293567,65,adaptive-prasle,1822,1,0,0,106,0,1484,0,1,65,291745,1822,0,107,0,0,0,LEADER,1,0,0,0,0,106
293173,35,adaptive-prasle,1428,1,0,0,106,0,1484,0,1,35,291745,1428,0,107,0,0,0,LEADER,1,0,0,0,0,106
293188,86,adaptive-prasle,1443,1,0,0,106,0,1484,0,1,86,291745,1443,0,107,0,0,0,LEADER,1,0,0,0,0,106
293231,50,adaptive-prasle,2406,1,0,0,106,0,1484,0,1,50,290825,2406,0,107,0,0,0,LEADER,1,0,0,0,0,106
293246,55,adaptive-prasle,1501,1,0,0,106,0,1484,0,1,55,291745,1501,0,107,0,0,0,LEADER,1,0,0,0,0,106
293285,63,adaptive-prasle,1540,1,0,0,106,0,1484,0,1,63,291745,1540,0,107,0,0,0,LEADER,1,0,0,0,0,106
293650,46,adaptive-prasle,1904,1,0,0,106,0,1484,0,1,46,291746,1904,0,107,0,0,0,LEADER,1,0,0,0,0,106
293444,53,adaptive-prasle,1701,1,0,0,106,0,1484,0,1,53,291743,1701,0,107,0,0,0,LEADER,1,0,0,0,0,106
292799,23,adaptive-prasle,1974,1,0,0,106,0,1484,0,1,23,290825,1974,0,107,0,0,0,LEADER,1,0,0,0,0,106
293667,88,adaptive-prasle,1922,1,0,0,106,0,1484,0,1,88,291745,1922,0,107,0,0,0,LEADER,1,0,0,0,0,106
293194,34,adaptive-prasle,1449,1,0,0,106,0,1484,0,1,34,291745,1449,0,107,0,0,0,LEADER,1,0,0,0,0,106
292804,97,adaptive-prasle,1977,1,0,0,106,0,1484,0,1,97,290827,1977,0,107,0,0,0,LEADER,1,0,0,0,0,106
292922,20,adaptive-prasle,2095,1,0,0,106,0,1484,0,1,20,290827,2095,0,107,0,0,0,LEADER,1,0,0,0,0,106
293002,40,adaptive-prasle,2177,1,0,0,106,0,1484,0,1,40,290825,2177,0,107,0,0,0,LEADER,1,0,0,0,0,106
292927,47,adaptive-prasle,2100,1,0,0,106,0,1484,0,1,47,290827,2100,0,107,0,0,0,LEADER,1,0,0,0,0,106
293837,95,adaptive-prasle,2092,1,0,0,106,0,1484,0,1,95,291745,2092,0,107,0,0,0,LEADER,1,0,0,0,0,106
293220,25,adaptive-prasle,2395,1,0,0,106,0,1484,0,1,25,290825,2395,0,107,0,0,0,LEADER,1,0,0,0,0,106
293825,84,adaptive-prasle,2080,1,0,0,106,0,1484,0,1,84,291745,2080,0,107,0,0,0,LEADER,1,0,0,0,0,106
293102,70,adaptive-prasle,2277,1,0,0,106,0,1484,0,1,70,290825,2277,0,107,0,0,0,LEADER,1,0,0,0,0,106
293020,82,adaptive-prasle,2195,1,0,0,106,0,1484,0,1,82,290825,2195,0,107,0,0,0,LEADER,1,0,0,0,0,106
293238,67,adaptive-prasle,2413,1,0,0,106,0,1484,0,1,67,290825,2413,0,107,0,0,0,LEADER,1,0,0,0,0,106
293190,89,adaptive-prasle,2365,1,0,0,106,0,1484,0,1,89,290825,2365,0,107,0,0,0,LEADER,1,0,0,0,0,106
293858,28,adaptive-prasle,2113,1,0,0,106,0,1484,0,1,28,291745,2113,0,107,0,0,0,LEADER,1,0,0,0,0,106
293602,68,adaptive-prasle,1855,1,0,0,106,0,1484,0,1,68,291747,1855,0,107,0,0,0,LEADER,1,0,0,0,0,106
293553,90,adaptive-prasle,1807,1,0,0,106,0,1484,0,1,90,291746,1807,0,107,0,0,0,LEADER,1,0,0,0,0,106
293213,76,adaptive-prasle,1468,1,0,0,106,0,1484,0,1,76,291745,1468,0,107,0,0,0,LEADER,1,0,0,0,0,106
293534,10,adaptive-prasle,1789,1,0,0,106,0,1484,0,1,10,291745,1789,0,107,0,0,0,LEADER,1,0,0,0,0,106
293966,58,adaptive-prasle,2221,1,0,0,106,0,1484,0,1,58,291745,2221,0,107,0,0,0,LEADER,1,0,0,0,0,106
293349,73,adaptive-prasle,1604,1,0,0,106,0,1484,0,1,73,291745,1604,0,107,0,0,0,LEADER,1,0,0,0,0,106
293090,59,adaptive-prasle,2265,1,0,0,106,0,1484,0,1,59,290825,2265,0,107,0,0,0,LEADER,1,0,0,0,0,106
293364,41,adaptive-prasle,1619,1,0,0,106,0,1484,0,1,41,291745,1619,0,107,0,0,0,LEADER,1,0,0,0,0,106
293279,96,adaptive-prasle,1534,1,0,0,106,0,1484,0,1,96,291745,1534,0,107,0,0,0,LEADER,1,0,0,0,0,106
293578,74,adaptive-prasle,1837,1,0,0,106,0,1484,0,1,74,291741,1837,0,107,0,0,0,LEADER,1,0,0,0,0,106
293512,49,adaptive-prasle,1767,1,0,0,106,0,1484,0,1,49,291745,1767,0,107,0,0,0,LEADER,1,0,0,0,0,106
293973,92,adaptive-prasle,2228,1,0,0,106,0,1484,0,1,92,291745,2228,0,107,0,0,0,LEADER,1,0,0,0,0,106
293181,66,adaptive-prasle,1434,1,0,0,106,0,1484,0,1,66,291747,1434,0,107,0,0,0,LEADER,1,0,0,0,0,106
293205,57,adaptive-prasle,2380,1,0,0,106,0,1484,0,1,57,290825,2380,0,107,0,0,0,LEADER,1,0,0,0,0,106
294005,78,adaptive-prasle,2260,1,0,0,106,0,1484,0,1,78,291745,2260,0,107,0,0,0,LEADER,1,0,0,0,0,106
293289,3,adaptive-prasle,1603,1,0,0,13,24,182,336,2,3,291686,1603,0,10,0,0,0,LEADER,1,0,0,0,0,13
293171,39,adaptive-prasle,2346,1,0,0,106,0,1484,0,1,39,290825,2346,0,107,0,0,0,LEADER,1,0,0,0,0,106
293888,30,adaptive-prasle,2143,1,0,0,106,0,1484,0,1,30,291745,2143,0,107,0,0,0,LEADER,1,0,0,0,0,106
293294,64,adaptive-prasle,1549,1,0,0,106,0,1484,0,1,64,291745,1549,0,107,0,0,0,LEADER,1,0,0,0,0,106
293519,80,adaptive-prasle,1774,1,0,0,106,0,1484,0,1,80,291745,1774,0,107,0,0,0,LEADER,1,0,0,0,0,106
293253,54,adaptive-prasle,1516,1,0,0,106,0,1484,0,1,54,291737,1516,0,107,0,0,0,LEADER,1,0,0,0,0,106
293785,43,adaptive-prasle,2040,1,0,0,106,0,1484,0,1,43,291745,2040,0,107,0,0,0,LEADER,1,0,0,0,0,106
293705,26,adaptive-prasle,1960,1,0,0,106,0,1484,0,1,26,291745,1960,0,107,0,0,0,LEADER,1,0,0,0,0,106
293334,42,adaptive-prasle,1591,1,0,0,106,0,1484,0,1,42,291743,1591,0,107,0,0,0,LEADER,1,0,0,0,0,106
293343,31,adaptive-prasle,1598,1,0,0,106,0,1484,0,1,31,291745,1598,0,107,0,0,0,LEADER,1,0,0,0,0,106
294100,94,adaptive-prasle,2355,1,0,0,106,0,1484,0,1,94,291745,2355,0,107,0,0,0,LEADER,1,0,0,0,0,106
293670,45,adaptive-prasle,1925,1,0,0,106,0,1484,0,1,45,291745,1925,0,107,0,0,0,LEADER,1,0,0,0,0,106
294043,60,adaptive-prasle,2298,1,0,0,106,0,1484,0,1,60,291745,2298,0,107,0,0,0,LEADER,1,0,0,0,0,106
294149,44,adaptive-prasle,1483,1,0,0,107,0,1498,0,1,44,292666,1483,0,108,0,0,0,LEADER,1,0,0,0,0,107
293632,4,adaptive-prasle,2030,1,0,0,14,28,196,392,6,2,291602,2030,0,10,0,0,0,NORMAL,0,0,0,0,0,14
293397,51,adaptive-prasle,1652,1,0,0,106,0,1484,0,1,51,291745,1652,0,107,0,0,0,LEADER,1,0,0,0,0,106
293754,33,adaptive-prasle,2007,1,0,0,106,0,1484,0,1,33,291747,2007,0,107,0,0,0,LEADER,1,0,0,0,0,106
294197,22,adaptive-prasle,1531,1,0,0,107,0,1498,0,1,22,292666,1531,0,108,0,0,0,LEADER,1,0,0,0,0,107
293909,72,adaptive-prasle,2162,1,0,0,106,0,1484,0,1,72,291747,2162,0,107,0,0,0,LEADER,1,0,0,0,0,106
293697,24,adaptive-prasle,1952,1,0,0,106,0,1484,0,1,24,291745,1952,0,107,0,0,0,LEADER,1,0,0,0,0,106
294228,32,adaptive-prasle,1564,1,0,0,107,0,1498,0,1,32,292664,1564,0,108,0,0,0,LEADER,1,0,0,0,0,107
293416,93,adaptive-prasle,1671,1,0,0,106,0,1484,0,1,93,291745,1671,0,107,0,0,0,LEADER,1,0,0,0,0,106
294075,79,adaptive-prasle,2331,1,0,0,106,0,1484,0,1,79,291744,2331,0,107,0,0,0,LEADER,1,0,0,0,0,106
294090,69,adaptive-prasle,2343,1,0,0,106,0,1484,0,1,69,291747,2343,0,107,0,0,0,LEADER,1,0,0,0,0,106
293770,75,adaptive-prasle,2025,1,0,0,106,0,1484,0,1,75,291745,2025,0,107,0,0,0,LEADER,1,0,0,0,0,106
293497,81,adaptive-prasle,1752,1,0,0,106,0,1484,0,1,81,291745,1752,0,107,0,0,0,LEADER,1,0,0,0,0,106
293355,52,adaptive-prasle,1610,1,0,0,106,0,1484,0,1,52,291745,1610,0,107,0,0,0,LEADER,1,0,0,0,0,106
293834,21,adaptive-prasle,2088,1,0,0,106,0,1484,0,1,21,291746,2088,0,107,0,0,0,LEADER,1,0,0,0,0,106
294010,29,adaptive-prasle,2265,1,0,0,106,0,1484,0,1,29,291745,2265,0,107,0,0,0,LEADER,1,0,0,0,0,106
293586,100,adaptive-prasle,1841,1,0,0,106,0,1484,0,1,100,291745,1841,0,107,0,0,0,LEADER,1,0,0,0,0,106
293431,61,adaptive-prasle,1686,1,0,0,106,0,1484,0,1,61,291745,1686,0,107,0,0,0,LEADER,1,0,0,0,0,106
293995,91,adaptive-prasle,2250,1,0,0,106,0,1484,0,1,91,291745,2250,0,107,0,0,0,LEADER,1,0,0,0,0,106
293955,37,adaptive-prasle,2210,1,0,0,106,0,1484,0,1,37,291745,2210,0,107,0,0,0,LEADER,1,0,0,0,0,106
293498,38,adaptive-prasle,1755,1,0,0,106,0,1484,0,1,38,291743,1755,0,107,0,0,0,LEADER,1,0,0,0,0,106
294164,98,adaptive-prasle,2419,1,0,0,106,0,1484,0,1,98,291745,2419,0,107,0,0,0,LEADER,1,0,0,0,0,106
294021,27,adaptive-prasle,2280,1,0,0,106,0,1484,0,1,27,291741,2280,0,107,0,0,0,LEADER,1,0,0,0,0,106
293873,62,adaptive-prasle,2128,1,0,0,106,0,1484,0,1,62,291745,2128,0,107,0,0,0,LEADER,1,0,0,0,0,106
293682,56,adaptive-prasle,1937,1,0,0,106,0,1484,0,1,56,291745,1937,0,107,0,0,0,LEADER,1,0,0,0,0,106
294067,99,adaptive-prasle,2328,1,0,0,106,0,1484,0,1,99,291739,2328,0,107,0,0,0,LEADER,1,0,0,0,0,106
293948,48,adaptive-prasle,2202,1,0,0,106,0,1484,0,1,48,291746,2202,0,107,0,0,0,LEADER,1,0,0,0,0,106
293464,71,adaptive-prasle,1719,1,0,0,106,0,1484,0,1,71,291745,1719,0,107,0,0,0,LEADER,1,0,0,0,0,106
293689,87,adaptive-prasle,1944,1,0,0,106,0,1484,0,1,87,291745,1944,0,107,0,0,0,LEADER,1,0,0,0,0,106
293615,36,adaptive-prasle,1870,1,0,0,106,0,1484,0,1,36,291745,1870,0,107,0,0,0,LEADER,1,0,0,0,0,106
294112,77,adaptive-prasle,1446,1,0,0,107,0,1498,0,1,77,292666,1446,0,108,0,0,0,LEADER,1,0,0,0,0,107
294305,83,adaptive-prasle,1637,1,0,0,107,0,1498,0,1,83,292668,1637,0,108,0,0,0,LEADER,1,0,0,0,0,107
293804,85,adaptive-prasle,2059,1,0,0,106,0,1484,0,1,85,291745,2059,0,107,0,0,0,LEADER,1,0,0,0,0,106
294333,19,adaptive-prasle,1667,1,0,0,107,0,1498,0,1,19,292666,1667,0,108,0,0,0,LEADER,1,0,0,0,0,107
294488,65,adaptive-prasle,1822,1,0,0,107,0,1498,0,1,65,292666,1822,0,108,0,0,0,LEADER,1,0,0,0,0,107
294094,35,adaptive-prasle,1428,1,0,0,107,0,1498,0,1,35,292666,1428,0,108,0,0,0,LEADER,1,0,0,0,0,107
294109,86,adaptive-prasle,1443,1,0,0,107,0,1498,0,1,86,292666,1443,0,108,0,0,0,LEADER,1,0,0,0,0,107
294151,50,adaptive-prasle,2406,1,0,0,106,0,1484,0,1,50,291745,2406,0,107,0,0,0,LEADER,1,0,0,0,0,106
294167,55,adaptive-prasle,1501,1,0,0,107,0,1498,0,1,55,292666,1501,0,108,0,0,0,LEADER,1,0,0,0,0,107
294206,63,adaptive-prasle,1540,1,0,0,107,0,1498,0,1,63,292666,1540,0,108,0,0,0,LEADER,1,0,0,0,0,107
294555,9,adaptive-prasle,1889,1,0,0,23,26,322,364,7,5,292666,1889,0,9,0,0,0,NORMAL,0,0,0,0,0,23
294571,46,adaptive-prasle,1904,1,0,0,107,0,1498,0,1,46,292667,1904,0,108,0,0,0,LEADER,1,0,0,0,0,107
294365,53,adaptive-prasle,1701,1,0,0,107,0,1498,0,1,53,292664,1701,0,108,0,0,0,LEADER,1,0,0,0,0,107
293719,23,adaptive-prasle,1974,1,0,0,106,0,1484,0,1,23,291745,1974,0,107,0,0,0,LEADER,1,0,0,0,0,106
294588,88,adaptive-prasle,1922,1,0,0,107,0,1498,0,1,88,292666,1922,0,108,0,0,0,LEADER,1,0,0,0,0,107
294115,34,adaptive-prasle,1449,1,0,0,107,0,1498,0,1,34,292666,1449,0,108,0,0,0,LEADER,1,0,0,0,0,107
293724,97,adaptive-prasle,1977,1,0,0,106,0,1484,0,1,97,291747,1977,0,107,0,0,0,LEADER,1,0,0,0,0,106
293842,20,adaptive-prasle,2095,1,0,0,106,0,1484,0,1,20,291747,2095,0,107,0,0,0,LEADER,1,0,0,0,0,106
293922,40,adaptive-prasle,2177,1,0,0,106,0,1484,0,1,40,291745,2177,0,107,0,0,0,LEADER,1,0,0,0,0,106
293847,47,adaptive-prasle,2100,1,0,0,106,0,1484,0,1,47,291747,2100,0,107,0,0,0,LEADER,1,0,0,0,0,106
294758,95,adaptive-prasle,2092,1,0,0,107,0,1498,0,1,95,292666,2092,0,108,0,0,0,LEADER,1,0,0,0,0,107
294140,25,adaptive-prasle,2395,1,0,0,106,0,1484,0,1,25,291745,2395,0,107,0,0,0,LEADER,1,0,0,0,0,106
294746,84,adaptive-prasle,2080,1,0,0,107,0,1498,0,1,84,292666,2080,0,108,0,0,0,LEADER,1,0,0,0,0,107
294022,70,adaptive-prasle,2277,1,0,0,106,0,1484,0,1,70,291745,2277,0,107,0,0,0,LEADER,1,0,0,0,0,106
293940,82,adaptive-prasle,2195,1,0,0,106,0,1484,0,1,82,291745,2195,0,107,0,0,0,LEADER,1,0,0,0,0,106
294158,67,adaptive-prasle,2413,1,0,0,106,0,1484,0,1,67,291745,2413,0,107,0,0,0,LEADER,1,0,0,0,0,106
294110,89,adaptive-prasle,2365,1,0,0,106,0,1484,0,1,89,291745,2365,0,107,0,0,0,LEADER,1,0,0,0,0,106
294779,28,adaptive-prasle,2113,1,0,0,107,0,1498,0,1,28,292666,2113,0,108,0,0,0,LEADER,1,0,0,0,0,107
294523,68,adaptive-prasle,1855,1,0,0,107,0,1498,0,1,68,292668,1855,0,108,0,0,0,LEADER,1,0,0,0,0,107
294474,90,adaptive-prasle,1807,1,0,0,107,0,1498,0,1,90,292667,1807,0,108,0,0,0,LEADER,1,0,0,0,0,107
294134,76,adaptive-prasle,1468,1,0,0,107,0,1498,0,1,76,292666,1468,0,108,0,0,0,LEADER,1,0,0,0,0,107
294455,10,adaptive-prasle,1789,1,0,0,107,0,1498,0,1,10,292666,1789,0,108,0,0,0,LEADER,1,0,0,0,0,107
294887,58,adaptive-prasle,2221,1,0,0,107,0,1498,0,1,58,292666,2221,0,108,0,0,0,LEADER,1,0,0,0,0,107
294270,73,adaptive-prasle,1604,1,0,0,107,0,1498,0,1,73,292666,1604,0,108,0,0,0,LEADER,1,0,0,0,0,107
294010,59,adaptive-prasle,2265,1,0,0,106,0,1484,0,1,59,291745,2265,0,107,0,0,0,LEADER,1,0,0,0,0,106
294285,41,adaptive-prasle,1619,1,0,0,107,0,1498,0,1,41,292666,1619,0,108,0,0,0,LEADER,1,0,0,0,0,107
294200,96,adaptive-prasle,1534,1,0,0,107,0,1498,0,1,96,292666,1534,0,108,0,0,0,LEADER,1,0,0,0,0,107
294499,74,adaptive-prasle,1837,1,0,0,107,0,1498,0,1,74,292662,1837,0,108,0,0,0,LEADER,1,0,0,0,0,107
294433,49,adaptive-prasle,1767,1,0,0,107,0,1498,0,1,49,292666,1767,0,108,0,0,0,LEADER,1,0,0,0,0,107
294894,92,adaptive-prasle,2228,1,0,0,107,0,1498,0,1,92,292666,2228,0,108,0,0,0,LEADER,1,0,0,0,0,107
294102,66,adaptive-prasle,1434,1,0,0,107,0,1498,0,1,66,292668,1434,0,108,0,0,0,LEADER,1,0,0,0,0,107
294125,57,adaptive-prasle,2380,1,0,0,106,0,1484,0,1,57,291745,2380,0,107,0,0,0,LEADER,1,0,0,0,0,106
294926,78,adaptive-prasle,2260,1,0,0,107,0,1498,0,1,78,292666,2260,0,108,0,0,0,LEADER,1,0,0,0,0,107
294091,39,adaptive-prasle,2346,1,0,0,106,0,1484,0,1,39,291745,2346,0,107,0,0,0,LEADER,1,0,0,0,0,106
294809,30,adaptive-prasle,2143,1,0,0,107,0,1498,0,1,30,292666,2143,0,108,0,0,0,LEADER,1,0,0,0,0,107
294215,64,adaptive-prasle,1549,1,0,0,107,0,1498,0,1,64,292666,1549,0,108,0,0,0,LEADER,1,0,0,0,0,107
294440,80,adaptive-prasle,1774,1,0,0,107,0,1498,0,1,80,292666,1774,0,108,0,0,0,LEADER,1,0,0,0,0,107
294174,54,adaptive-prasle,1516,1,0,0,107,0,1498,0,1,54,292658,1516,0,108,0,0,0,LEADER,1,0,0,0,0,107
294706,43,adaptive-prasle,2040,1,0,0,107,0,1498,0,1,43,292666,2040,0,108,0,0,0,LEADER,1,0,0,0,0,107
294419,8,adaptive-prasle,2217,1,0,0,26,45,364,630,4,6,292202,2217,0,9,0,0,0,NORMAL,0,0,0,0,0,26
294626,26,adaptive-prasle,1960,1,0,0,107,0,1498,0,1,26,292666,1960,0,108,0,0,0,LEADER,1,0,0,0,0,107
294255,42,adaptive-prasle,1591,1,0,0,107,0,1498,0,1,42,292664,1591,0,108,0,0,0,LEADER,1,0,0,0,0,107
294264,31,adaptive-prasle,1598,1,0,0,107,0,1498,0,1,31,292666,1598,0,108,0,0,0,LEADER,1,0,0,0,0,107
295021,94,adaptive-prasle,2355,1,0,0,107,0,1498,0,1,94,292666,2355,0,108,0,0,0,LEADER,1,0,0,0,0,107
294591,45,adaptive-prasle,1925,1,0,0,107,0,1498,0,1,45,292666,1925,0,108,0,0,0,LEADER,1,0,0,0,0,107
294964,60,adaptive-prasle,2298,1,0,0,107,0,1498,0,1,60,292666,2298,0,108,0,0,0,LEADER,1,0,0,0,0,107
295069,44,adaptive-prasle,1483,1,0,0,107,0,1498,0,1,44,293586,1483,0,108,0,0,0,LEADER,1,0,0,0,0,107
294318,51,adaptive-prasle,1652,1,0,0,107,0,1498,0,1,51,292666,1652,0,108,0,0,0,LEADER,1,0,0,0,0,107
295117,22,adaptive-prasle,1531,1,0,0,107,0,1498,0,1,22,293586,1531,0,108,0,0,0,LEADER,1,0,0,0,0,107
294675,33,adaptive-prasle,2007,1,0,0,107,0,1498,0,1,33,292668,2007,0,108,0,0,0,LEADER,1,0,0,0,0,107
294830,72,adaptive-prasle,2162,1,0,0,107,0,1498,0,1,72,292668,2162,0,108,0,0,0,LEADER,1,0,0,0,0,107
294618,24,adaptive-prasle,1952,1,0,0,107,0,1498,0,1,24,292666,1952,0,108,0,0,0,LEADER,1,0,0,0,0,107
295148,32,adaptive-prasle,1564,1,0,0,107,0,1498,0,1,32,293584,1564,0,108,0,0,0,LEADER,1,0,0,0,0,107
294337,93,adaptive-prasle,1671,1,0,0,107,0,1498,0,1,93,292666,1671,0,108,0,0,0,LEADER,1,0,0,0,0,107
295011,69,adaptive-prasle,2343,1,0,0,107,0,1498,0,1,69,292668,2343,0,108,0,0,0,LEADER,1,0,0,0,0,107
294996,79,adaptive-prasle,2331,1,0,0,107,0,1498,0,1,79,292665,2331,0,108,0,0,0,LEADER,1,0,0,0,0,107
294691,75,adaptive-prasle,2025,1,0,0,107,0,1498,0,1,75,292666,2025,0,108,0,0,0,LEADER,1,0,0,0,0,107
294418,81,adaptive-prasle,1752,1,0,0,107,0,1498,0,1,81,292666,1752,0,108,0,0,0,LEADER,1,0,0,0,0,107
294276,52,adaptive-prasle,1610,1,0,0,107,0,1498,0,1,52,292666,1610,0,108,0,0,0,LEADER,1,0,0,0,0,107
294931,29,adaptive-prasle,2265,1,0,0,107,0,1498,0,1,29,292666,2265,0,108,0,0,0,LEADER,1,0,0,0,0,107
294755,21,adaptive-prasle,2088,1,0,0,107,0,1498,0,1,21,292667,2088,0,108,0,0,0,LEADER,1,0,0,0,0,107
294507,100,adaptive-prasle,1841,1,0,0,107,0,1498,0,1,100,292666,1841,0,108,0,0,0,LEADER,1,0,0,0,0,107
294352,61,adaptive-prasle,1686,1,0,0,107,0,1498,0,1,61,292666,1686,0,108,0,0,0,LEADER,1,0,0,0,0,107
294916,91,adaptive-prasle,2250,1,0,0,107,0,1498,0,1,91,292666,2250,0,108,0,0,0,LEADER,1,0,0,0,0,107
294876,37,adaptive-prasle,2210,1,0,0,107,0,1498,0,1,37,292666,2210,0,108,0,0,0,LEADER,1,0,0,0,0,107
294419,38,adaptive-prasle,1755,1,0,0,107,0,1498,0,1,38,292664,1755,0,108,0,0,0,LEADER,1,0,0,0,0,107
295085,98,adaptive-prasle,2419,1,0,0,107,0,1498,0,1,98,292666,2419,0,108,0,0,0,LEADER,1,0,0,0,0,107
294942,27,adaptive-prasle,2280,1,0,0,107,0,1498,0,1,27,292662,2280,0,108,0,0,0,LEADER,1,0,0,0,0,107
294794,62,adaptive-prasle,2128,1,0,0,107,0,1498,0,1,62,292666,2128,0,108,0,0,0,LEADER,1,0,0,0,0,107
294603,56,adaptive-prasle,1937,1,0,0,107,0,1498,0,1,56,292666,1937,0,108,0,0,0,LEADER,1,0,0,0,0,107
294988,99,adaptive-prasle,2328,1,0,0,107,0,1498,0,1,99,292660,2328,0,108,0,0,0,LEADER,1,0,0,0,0,107
294869,48,adaptive-prasle,2202,1,0,0,107,0,1498,0,1,48,292667,2202,0,108,0,0,0,LEADER,1,0,0,0,0,107
294385,71,adaptive-prasle,1719,1,0,0,107,0,1498,0,1,71,292666,1719,0,108,0,0,0,LEADER,1,0,0,0,0,107
294610,87,adaptive-prasle,1944,1,0,0,107,0,1498,0,1,87,292666,1944,0,108,0,0,0,LEADER,1,0,0,0,0,107
294536,36,adaptive-prasle,1870,1,0,0,107,0,1498,0,1,36,292666,1870,0,108,0,0,0,LEADER,1,0,0,0,0,107
295032,77,adaptive-prasle,1446,1,0,0,107,0,1498,0,1,77,293586,1446,0,108,0,0,0,LEADER,1,0,0,0,0,107
295225,83,adaptive-prasle,1637,1,0,0,107,0,1498,0,1,83,293588,1637,0,108,0,0,0,LEADER,1,0,0,0,0,107
294725,85,adaptive-prasle,2059,1,0,0,107,0,1498,0,1,85,292666,2059,0,108,0,0,0,LEADER,1,0,0,0,0,107
295253,19,adaptive-prasle,1667,1,0,0,107,0,1498,0,1,19,293586,1667,0,108,0,0,0,LEADER,1,0,0,0,0,107
295408,65,adaptive-prasle,1822,1,0,0,107,0,1498,0,1,65,293586,1822,0,108,0,0,0,LEADER,1,0,0,0,0,107
295014,35,adaptive-prasle,1428,1,0,0,107,0,1498,0,1,35,293586,1428,0,108,0,0,0,LEADER,1,0,0,0,0,107
295029,86,adaptive-prasle,1443,1,0,0,107,0,1498,0,1,86,293586,1443,0,108,0,0,0,LEADER,1,0,0,0,0,107
295072,50,adaptive-prasle,2406,1,0,0,107,0,1498,0,1,50,292666,2406,0,108,0,0,0,LEADER,1,0,0,0,0,107
295087,55,adaptive-prasle,1501,1,0,0,107,0,1498,0,1,55,293586,1501,0,108,0,0,0,LEADER,1,0,0,0,0,107
295126,63,adaptive-prasle,1540,1,0,0,107,0,1498,0,1,63,293586,1540,0,108,0,0,0,LEADER,1,0,0,0,0,107
295491,46,adaptive-prasle,1904,1,0,0,107,0,1498,0,1,46,293587,1904,0,108,0,0,0,LEADER,1,0,0,0,0,107
295285,53,adaptive-prasle,1701,1,0,0,107,0,1498,0,1,53,293584,1701,0,108,0,0,0,LEADER,1,0,0,0,0,107
294640,23,adaptive-prasle,1974,1,0,0,107,0,1498,0,1,23,292666,1974,0,108,0,0,0,LEADER,1,0,0,0,0,107
295508,88,adaptive-prasle,1922,1,0,0,107,0,1498,0,1,88,293586,1922,0,108,0,0,0,LEADER,1,0,0,0,0,107
295035,34,adaptive-prasle,1449,1,0,0,107,0,1498,0,1,34,293586,1449,0,108,0,0,0,LEADER,1,0,0,0,0,107
294645,97,adaptive-prasle,1977,1,0,0,107,0,1498,0,1,97,292668,1977,0,108,0,0,0,LEADER,1,0,0,0,0,107
294763,20,adaptive-prasle,2095,1,0,0,107,0,1498,0,1,20,292668,2095,0,108,0,0,0,LEADER,1,0,0,0,0,107
294843,40,adaptive-prasle,2177,1,0,0,107,0,1498,0,1,40,292666,2177,0,108,0,0,0,LEADER,1,0,0,0,0,107
294768,47,adaptive-prasle,2100,1,0,0,107,0,1498,0,1,47,292668,2100,0,108,0,0,0,LEADER,1,0,0,0,0,107
295678,95,adaptive-prasle,2092,1,0,0,107,0,1498,0,1,95,293586,2092,0,108,0,0,0,LEADER,1,0,0,0,0,107
295061,25,adaptive-prasle,2395,1,0,0,107,0,1498,0,1,25,292666,2395,0,108,0,0,0,LEADER,1,0,0,0,0,107
295666,84,adaptive-prasle,2080,1,0,0,107,0,1498,0,1,84,293586,2080,0,108,0,0,0,LEADER,1,0,0,0,0,107
294943,70,adaptive-prasle,2277,1,0,0,107,0,1498,0,1,70,292666,2277,0,108,0,0,0,LEADER,1,0,0,0,0,107
295389,7,adaptive-prasle,1749,1,0,0,22,45,308,630,7,5,293640,1749,0,9,0,0,0,NORMAL,0,0,0,0,0,22
294861,82,adaptive-prasle,2195,1,0,0,107,0,1498,0,1,82,292666,2195,0,108,0,0,0,LEADER,1,0,0,0,0,107
295079,67,adaptive-prasle,2413,1,0,0,107,0,1498,0,1,67,292666,2413,0,108,0,0,0,LEADER,1,0,0,0,0,107
295031,89,adaptive-prasle,2365,1,0,0,107,0,1498,0,1,89,292666,2365,0,108,0,0,0,LEADER,1,0,0,0,0,107
295699,28,adaptive-prasle,2113,1,0,0,107,0,1498,0,1,28,293586,2113,0,108,0,0,0,LEADER,1,0,0,0,0,107
295443,68,adaptive-prasle,1855,1,0,0,107,0,1498,0,1,68,293588,1855,0,108,0,0,0,LEADER,1,0,0,0,0,107
295394,90,adaptive-prasle,1807,1,0,0,107,0,1498,0,1,90,293587,1807,0,108,0,0,0,LEADER,1,0,0,0,0,107
295054,76,adaptive-prasle,1468,1,0,0,107,0,1498,0,1,76,293586,1468,0,108,0,0,0,LEADER,1,0,0,0,0,107
295375,10,adaptive-prasle,1789,1,0,0,107,0,1498,0,1,10,293586,1789,0,108,0,0,0,LEADER,1,0,0,0,0,107
295807,58,adaptive-prasle,2221,1,0,0,107,0,1498,0,1,58,293586,2221,0,108,0,0,0,LEADER,1,0,0,0,0,107
295190,73,adaptive-prasle,1604,1,0,0,107,0,1498,0,1,73,293586,1604,0,108,0,0,0,LEADER,1,0,0,0,0,107
294931,59,adaptive-prasle,2265,1,0,0,107,0,1498,0,1,59,292666,2265,0,108,0,0,0,LEADER,1,0,0,0,0,107
295205,41,adaptive-prasle,1619,1,0,0,107,0,1498,0,1,41,293586,1619,0,108,0,0,0,LEADER,1,0,0,0,0,107
295120,96,adaptive-prasle,1534,1,0,0,107,0,1498,0,1,96,293586,1534,0,108,0,0,0,LEADER,1,0,0,0,0,107
295419,74,adaptive-prasle,1837,1,0,0,107,0,1498,0,1,74,293582,1837,0,108,0,0,0,LEADER,1,0,0,0,0,107
295353,49,adaptive-prasle,1767,1,0,0,107,0,1498,0,1,49,293586,1767,0,108,0,0,0,LEADER,1,0,0,0,0,107
295814,92,adaptive-prasle,2228,1,0,0,107,0,1498,0,1,92,293586,2228,0,108,0,0,0,LEADER,1,0,0,0,0,107
295588,6,adaptive-prasle,1797,1,0,0,19,35,266,490,6,5,293791,1797,0,9,0,0,0,NORMAL,0,0,0,0,0,19
295022,66,adaptive-prasle,1434,1,0,0,107,0,1498,0,1,66,293588,1434,0,108,0,0,0,LEADER,1,0,0,0,0,107
295789,11,adaptive-prasle,2055,1,0,0,15,9,210,126,4,11,293734,2055,0,11,0,0,0,LEADER,1,0,0,0,0,15
295046,57,adaptive-prasle,2380,1,0,0,107,0,1498,0,1,57,292666,2380,0,108,0,0,0,LEADER,1,0,0,0,0,107
295846,78,adaptive-prasle,2260,1,0,0,107,0,1498,0,1,78,293586,2260,0,108,0,0,0,LEADER,1,0,0,0,0,107
295012,39,adaptive-prasle,2346,1,0,0,107,0,1498,0,1,39,292666,2346,0,108,0,0,0,LEADER,1,0,0,0,0,107
295729,30,adaptive-prasle,2143,1,0,0,107,0,1498,0,1,30,293586,2143,0,108,0,0,0,LEADER,1,0,0,0,0,107
295135,64,adaptive-prasle,1549,1,0,0,107,0,1498,0,1,64,293586,1549,0,108,0,0,0,LEADER,1,0,0,0,0,107
295360,80,adaptive-prasle,1774,1,0,0,107,0,1498,0,1,80,293586,1774,0,108,0,0,0,LEADER,1,0,0,0,0,107
295094,54,adaptive-prasle,1516,1,0,0,107,0,1498,0,1,54,293578,1516,0,108,0,0,0,LEADER,1,0,0,0,0,107
295626,43,adaptive-prasle,2040,1,0,0,107,0,1498,0,1,43,293586,2040,0,108,0,0,0,LEADER,1,0,0,0,0,107
295546,26,adaptive-prasle,1960,1,0,0,107,0,1498,0,1,26,293586,1960,0,108,0,0,0,LEADER,1,0,0,0,0,107
295175,42,adaptive-prasle,1591,1,0,0,107,0,1498,0,1,42,293584,1591,0,108,0,0,0,LEADER,1,0,0,0,0,107
295184,31,adaptive-prasle,1598,1,0,0,107,0,1498,0,1,31,293586,1598,0,108,0,0,0,LEADER,1,0,0,0,0,107
295941,94,adaptive-prasle,2355,1,0,0,107,0,1498,0,1,94,293586,2355,0,108,0,0,0,LEADER,1,0,0,0,0,107
295511,45,adaptive-prasle,1925,1,0,0,107,0,1498,0,1,45,293586,1925,0,108,0,0,0,LEADER,1,0,0,0,0,107
295884,60,adaptive-prasle,2298,1,0,0,107,0,1498,0,1,60,293586,2298,0,108,0,0,0,LEADER,1,0,0,0,0,107
295989,44,adaptive-prasle,1483,1,0,0,107,0,1498,0,1,44,294506,1483,0,108,0,0,0,LEADER,1,0,0,0,0,107
295238,51,adaptive-prasle,1652,1,0,0,107,0,1498,0,1,51,293586,1652,0,108,0,0,0,LEADER,1,0,0,0,0,107
296037,22,adaptive-prasle,1531,1,0,0,107,0,1498,0,1,22,294506,1531,0,108,0,0,0,LEADER,1,0,0,0,0,107
295595,33,adaptive-prasle,2007,1,0,0,107,0,1498,0,1,33,293588,2007,0,108,0,0,0,LEADER,1,0,0,0,0,107
295750,72,adaptive-prasle,2162,1,0,0,107,0,1498,0,1,72,293588,2162,0,108,0,0,0,LEADER,1,0,0,0,0,107
295538,24,adaptive-prasle,1952,1,0,0,107,0,1498,0,1,24,293586,1952,0,108,0,0,0,LEADER,1,0,0,0,0,107
296068,32,adaptive-prasle,1564,1,0,0,107,0,1498,0,1,32,294504,1564,0,108,0,0,0,LEADER,1,0,0,0,0,107
295257,93,adaptive-prasle,1671,1,0,0,107,0,1498,0,1,93,293586,1671,0,108,0,0,0,LEADER,1,0,0,0,0,107
295916,79,adaptive-prasle,2331,1,0,0,107,0,1498,0,1,79,293585,2331,0,108,0,0,0,LEADER,1,0,0,0,0,107
295931,69,adaptive-prasle,2343,1,0,0,107,0,1498,0,1,69,293588,2343,0,108,0,0,0,LEADER,1,0,0,0,0,107
295611,75,adaptive-prasle,2025,1,0,0,107,0,1498,0,1,75,293586,2025,0,108,0,0,0,LEADER,1,0,0,0,0,107
295338,81,adaptive-prasle,1752,1,0,0,107,0,1498,0,1,81,293586,1752,0,108,0,0,0,LEADER,1,0,0,0,0,107
295196,52,adaptive-prasle,1610,1,0,0,107,0,1498,0,1,52,293586,1610,0,108,0,0,0,LEADER,1,0,0,0,0,107
295675,21,adaptive-prasle,2088,1,0,0,107,0,1498,0,1,21,293587,2088,0,108,0,0,0,LEADER,1,0,0,0,0,107
295851,29,adaptive-prasle,2265,1,0,0,107,0,1498,0,1,29,293586,2265,0,108,0,0,0,LEADER,1,0,0,0,0,107
295427,100,adaptive-prasle,1841,1,0,0,107,0,1498,0,1,100,293586,1841,0,108,0,0,0,LEADER,1,0,0,0,0,107
295272,61,adaptive-prasle,1686,1,0,0,107,0,1498,0,1,61,293586,1686,0,108,0,0,0,LEADER,1,0,0,0,0,107
295836,91,adaptive-prasle,2250,1,0,0,107,0,1498,0,1,91,293586,2250,0,108,0,0,0,LEADER,1,0,0,0,0,107
295796,37,adaptive-prasle,2210,1,0,0,107,0,1498,0,1,37,293586,2210,0,108,0,0,0,LEADER,1,0,0,0,0,107
295339,38,adaptive-prasle,1755,1,0,0,107,0,1498,0,1,38,293584,1755,0,108,0,0,0,LEADER,1,0,0,0,0,107
296005,98,adaptive-prasle,2419,1,0,0,107,0,1498,0,1,98,293586,2419,0,108,0,0,0,LEADER,1,0,0,0,0,107
295862,27,adaptive-prasle,2280,1,0,0,107,0,1498,0,1,27,293582,2280,0,108,0,0,0,LEADER,1,0,0,0,0,107
295714,62,adaptive-prasle,2128,1,0,0,107,0,1498,0,1,62,293586,2128,0,108,0,0,0,LEADER,1,0,0,0,0,107
295523,56,adaptive-prasle,1937,1,0,0,107,0,1498,0,1,56,293586,1937,0,108,0,0,0,LEADER,1,0,0,0,0,107
295908,99,adaptive-prasle,2328,1,0,0,107,0,1498,0,1,99,293580,2328,0,108,0,0,0,LEADER,1,0,0,0,0,107
295789,48,adaptive-prasle,2202,1,0,0,107,0,1498,0,1,48,293587,2202,0,108,0,0,0,LEADER,1,0,0,0,0,107
295305,71,adaptive-prasle,1719,1,0,0,107,0,1498,0,1,71,293586,1719,0,108,0,0,0,LEADER,1,0,0,0,0,107
295530,87,adaptive-prasle,1944,1,0,0,107,0,1498,0,1,87,293586,1944,0,108,0,0,0,LEADER,1,0,0,0,0,107
295456,36,adaptive-prasle,1870,1,0,0,107,0,1498,0,1,36,293586,1870,0,108,0,0,0,LEADER,1,0,0,0,0,107
295952,77,adaptive-prasle,1446,1,0,0,107,0,1498,0,1,77,294506,1446,0,108,0,0,0,LEADER,1,0,0,0,0,107
296145,83,adaptive-prasle,1637,1,0,0,107,0,1498,0,1,83,294508,1637,0,108,0,0,0,LEADER,1,0,0,0,0,107
295645,85,adaptive-prasle,2059,1,0,0,107,0,1498,0,1,85,293586,2059,0,108,0,0,0,LEADER,1,0,0,0,0,107
296173,19,adaptive-prasle,1667,1,0,0,107,0,1498,0,1,19,294506,1667,0,108,0,0,0,LEADER,1,0,0,0,0,107
296328,65,adaptive-prasle,1822,1,0,0,107,0,1498,0,1,65,294506,1822,0,108,0,0,0,LEADER,1,0,0,0,0,107
295934,35,adaptive-prasle,1428,1,0,0,107,0,1498,0,1,35,294506,1428,0,108,0,0,0,LEADER,1,0,0,0,0,107
295949,86,adaptive-prasle,1443,1,0,0,107,0,1498,0,1,86,294506,1443,0,108,0,0,0,LEADER,1,0,0,0,0,107
295992,50,adaptive-prasle,2406,1,0,0,107,0,1498,0,1,50,293586,2406,0,108,0,0,0,LEADER,1,0,0,0,0,107
296007,55,adaptive-prasle,1501,1,0,0,107,0,1498,0,1,55,294506,1501,0,108,0,0,0,LEADER,1,0,0,0,0,107
296046,63,adaptive-prasle,1540,1,0,0,107,0,1498,0,1,63,294506,1540,0,108,0,0,0,LEADER,1,0,0,0,0,107
296411,46,adaptive-prasle,1904,1,0,0,107,0,1498,0,1,46,294507,1904,0,108,0,0,0,LEADER,1,0,0,0,0,107
296205,53,adaptive-prasle,1701,1,0,0,107,0,1498,0,1,53,294504,1701,0,108,0,0,0,LEADER,1,0,0,0,0,107
295560,23,adaptive-prasle,1974,1,0,0,107,0,1498,0,1,23,293586,1974,0,108,0,0,0,LEADER,1,0,0,0,0,107
296428,88,adaptive-prasle,1922,1,0,0,107,0,1498,0,1,88,294506,1922,0,108,0,0,0,LEADER,1,0,0,0,0,107
295955,34,adaptive-prasle,1449,1,0,0,107,0,1498,0,1,34,294506,1449,0,108,0,0,0,LEADER,1,0,0,0,0,107
295565,97,adaptive-prasle,1977,1,0,0,107,0,1498,0,1,97,293588,1977,0,108,0,0,0,LEADER,1,0,0,0,0,107
295683,20,adaptive-prasle,2095,1,0,0,107,0,1498,0,1,20,293588,2095,0,108,0,0,0,LEADER,1,0,0,0,0,107
295763,40,adaptive-prasle,2177,1,0,0,107,0,1498,0,1,40,293586,2177,0,108,0,0,0,LEADER,1,0,0,0,0,107
295688,47,adaptive-prasle,2100,1,0,0,107,0,1498,0,1,47,293588,2100,0,108,0,0,0,LEADER,1,0,0,0,0,107
296598,95,adaptive-prasle,2092,1,0,0,107,0,1498,0,1,95,294506,2092,0,108,0,0,0,LEADER,1,0,0,0,0,107
295981,25,adaptive-prasle,2395,1,0,0,107,0,1498,0,1,25,293586,2395,0,108,0,0,0,LEADER,1,0,0,0,0,107
296586,84,adaptive-prasle,2080,1,0,0,107,0,1498,0,1,84,294506,2080,0,108,0,0,0,LEADER,1,0,0,0,0,107
295863,70,adaptive-prasle,2277,1,0,0,107,0,1498,0,1,70,293586,2277,0,108,0,0,0,LEADER,1,0,0,0,0,107
295781,82,adaptive-prasle,2195,1,0,0,107,0,1498,0,1,82,293586,2195,0,108,0,0,0,LEADER,1,0,0,0,0,107
295999,67,adaptive-prasle,2413,1,0,0,107,0,1498,0,1,67,293586,2413,0,108,0,0,0,LEADER,1,0,0,0,0,107
295951,89,adaptive-prasle,2365,1,0,0,107,0,1498,0,1,89,293586,2365,0,108,0,0,0,LEADER,1,0,0,0,0,107
296619,28,adaptive-prasle,2113,1,0,0,107,0,1498,0,1,28,294506,2113,0,108,0,0,0,LEADER,1,0,0,0,0,107
296363,68,adaptive-prasle,1855,1,0,0,107,0,1498,0,1,68,294508,1855,0,108,0,0,0,LEADER,1,0,0,0,0,107
296314,90,adaptive-prasle,1807,1,0,0,107,0,1498,0,1,90,294507,1807,0,108,0,0,0,LEADER,1,0,0,0,0,107
295974,76,adaptive-prasle,1468,1,0,0,107,0,1498,0,1,76,294506,1468,0,108,0,0,0,LEADER,1,0,0,0,0,107
296295,10,adaptive-prasle,1789,1,0,0,107,0,1498,0,1,10,294506,1789,0,108,0,0,0,LEADER,1,0,0,0,0,107
296727,58,adaptive-prasle,2221,1,0,0,107,0,1498,0,1,58,294506,2221,0,108,0,0,0,LEADER,1,0,0,0,0,107
296110,73,adaptive-prasle,1604,1,0,0,107,0,1498,0,1,73,294506,1604,0,108,0,0,0,LEADER,1,0,0,0,0,107
295851,59,adaptive-prasle,2265,1,0,0,107,0,1498,0,1,59,293586,2265,0,108,0,0,0,LEADER,1,0,0,0,0,107
296125,41,adaptive-prasle,1619,1,0,0,107,0,1498,0,1,41,294506,1619,0,108,0,0,0,LEADER,1,0,0,0,0,107
296040,96,adaptive-prasle,1534,1,0,0,107,0,1498,0,1,96,294506,1534,0,108,0,0,0,LEADER,1,0,0,0,0,107
296339,74,adaptive-prasle,1837,1,0,0,107,0,1498,0,1,74,294502,1837,0,108,0,0,0,LEADER,1,0,0,0,0,107
296273,49,adaptive-prasle,1767,1,0,0,107,0,1498,0,1,49,294506,1767,0,108,0,0,0,LEADER,1,0,0,0,0,107
296734,92,adaptive-prasle,2228,1,0,0,107,0,1498,0,1,92,294506,2228,0,108,0,0,0,LEADER,1,0,0,0,0,107
295942,66,adaptive-prasle,1434,1,0,0,107,0,1498,0,1,66,294508,1434,0,108,0,0,0,LEADER,1,0,0,0,0,107
295966,57,adaptive-prasle,2380,1,0,0,107,0,1498,0,1,57,293586,2380,0,108,0,0,0,LEADER,1,0,0,0,0,107
296766,78,adaptive-prasle,2260,1,0,0,107,0,1498,0,1,78,294506,2260,0,108,0,0,0,LEADER,1,0,0,0,0,107
295932,39,adaptive-prasle,2346,1,0,0,107,0,1498,0,1,39,293586,2346,0,108,0,0,0,LEADER,1,0,0,0,0,107
296806,12,adaptive-prasle,1578,1,0,0,12,10,168,140,3,12,295228,1578,0,9,0,0,0,LEADER,1,0,0,0,0,12
296649,30,adaptive-prasle,2143,1,0,0,107,0,1498,0,1,30,294506,2143,0,108,0,0,0,LEADER,1,0,0,0,0,107
296055,64,adaptive-prasle,1549,1,0,0,107,0,1498,0,1,64,294506,1549,0,108,0,0,0,LEADER,1,0,0,0,0,107
296280,80,adaptive-prasle,1774,1,0,0,107,0,1498,0,1,80,294506,1774,0,108,0,0,0,LEADER,1,0,0,0,0,107
296014,54,adaptive-prasle,1516,1,0,0,107,0,1498,0,1,54,294498,1516,0,108,0,0,0,LEADER,1,0,0,0,0,107
296546,43,adaptive-prasle,2040,1,0,0,107,0,1498,0,1,43,294506,2040,0,108,0,0,0,LEADER,1,0,0,0,0,107
296466,26,adaptive-prasle,1960,1,0,0,107,0,1498,0,1,26,294506,1960,0,108,0,0,0,LEADER,1,0,0,0,0,107
296095,42,adaptive-prasle,1591,1,0,0,107,0,1498,0,1,42,294504,1591,0,108,0,0,0,LEADER,1,0,0,0,0,107
296104,31,adaptive-prasle,1598,1,0,0,107,0,1498,0,1,31,294506,1598,0,108,0,0,0,LEADER,1,0,0,0,0,107
296861,94,adaptive-prasle,2355,1,0,0,107,0,1498,0,1,94,294506,2355,0,108,0,0,0,LEADER,1,0,0,0,0,107
296431,45,adaptive-prasle,1925,1,0,0,107,0,1498,0,1,45,294506,1925,0,108,0,0,0,LEADER,1,0,0,0,0,107
296804,60,adaptive-prasle,2298,1,0,0,107,0,1498,0,1,60,294506,2298,0,108,0,0,0,LEADER,1,0,0,0,0,107
296910,44,adaptive-prasle,1483,1,0,0,108,0,1512,0,1,44,295427,1483,0,109,0,0,0,LEADER,1,0,0,0,0,108
296158,51,adaptive-prasle,1652,1,0,0,107,0,1498,0,1,51,294506,1652,0,108,0,0,0,LEADER,1,0,0,0,0,107
296515,33,adaptive-prasle,2007,1,0,0,107,0,1498,0,1,33,294508,2007,0,108,0,0,0,LEADER,1,0,0,0,0,107
296958,22,adaptive-prasle,1531,1,0,0,108,0,1512,0,1,22,295427,1531,0,109,0,0,0,LEADER,1,0,0,0,0,108
296670,72,adaptive-prasle,2162,1,0,0,107,0,1498,0,1,72,294508,2162,0,108,0,0,0,LEADER,1,0,0,0,0,107
296458,24,adaptive-prasle,1952,1,0,0,107,0,1498,0,1,24,294506,1952,0,108,0,0,0,LEADER,1,0,0,0,0,107
296989,32,adaptive-prasle,1564,1,0,0,108,0,1512,0,1,32,295425,1564,0,109,0,0,0,LEADER,1,0,0,0,0,108
296177,93,adaptive-prasle,1671,1,0,0,107,0,1498,0,1,93,294506,1671,0,108,0,0,0,LEADER,1,0,0,0,0,107
296836,79,adaptive-prasle,2331,1,0,0,107,0,1498,0,1,79,294505,2331,0,108,0,0,0,LEADER,1,0,0,0,0,107
296851,69,adaptive-prasle,2343,1,0,0,107,0,1498,0,1,69,294508,2343,0,108,0,0,0,LEADER,1,0,0,0,0,107
296531,75,adaptive-prasle,2025,1,0,0,107,0,1498,0,1,75,294506,2025,0,108,0,0,0,LEADER,1,0,0,0,0,107
296258,81,adaptive-prasle,1752,1,0,0,107,0,1498,0,1,81,294506,1752,0,108,0,0,0,LEADER,1,0,0,0,0,107
296116,52,adaptive-prasle,1610,1,0,0,107,0,1498,0,1,52,294506,1610,0,108,0,0,0,LEADER,1,0,0,0,0,107
296595,21,adaptive-prasle,2088,1,0,0,107,0,1498,0,1,21,294507,2088,0,108,0,0,0,LEADER,1,0,0,0,0,107
296771,29,adaptive-prasle,2265,1,0,0,107,0,1498,0,1,29,294506,2265,0,108,0,0,0,LEADER,1,0,0,0,0,107
296347,100,adaptive-prasle,1841,1,0,0,107,0,1498,0,1,100,294506,1841,0,108,0,0,0,LEADER,1,0,0,0,0,107
296192,61,adaptive-prasle,1686,1,0,0,107,0,1498,0,1,61,294506,1686,0,108,0,0,0,LEADER,1,0,0,0,0,107
296756,91,adaptive-prasle,2250,1,0,0,107,0,1498,0,1,91,294506,2250,0,108,0,0,0,LEADER,1,0,0,0,0,107
296716,37,adaptive-prasle,2210,1,0,0,107,0,1498,0,1,37,294506,2210,0,108,0,0,0,LEADER,1,0,0,0,0,107
296259,38,adaptive-prasle,1755,1,0,0,107,0,1498,0,1,38,294504,1755,0,108,0,0,0,LEADER,1,0,0,0,0,107
296925,98,adaptive-prasle,2419,1,0,0,107,0,1498,0,1,98,294506,2419,0,108,0,0,0,LEADER,1,0,0,0,0,107
296782,27,adaptive-prasle,2280,1,0,0,107,0,1498,0,1,27,294502,2280,0,108,0,0,0,LEADER,1,0,0,0,0,107
296634,62,adaptive-prasle,2128,1,0,0,107,0,1498,0,1,62,294506,2128,0,108,0,0,0,LEADER,1,0,0,0,0,107
296443,56,adaptive-prasle,1937,1,0,0,107,0,1498,0,1,56,294506,1937,0,108,0,0,0,LEADER,1,0,0,0,0,107
296828,99,adaptive-prasle,2328,1,0,0,107,0,1498,0,1,99,294500,2328,0,108,0,0,0,LEADER,1,0,0,0,0,107
296709,48,adaptive-prasle,2202,1,0,0,107,0,1498,0,1,48,294507,2202,0,108,0,0,0,LEADER,1,0,0,0,0,107
296225,71,adaptive-prasle,1719,1,0,0,107,0,1498,0,1,71,294506,1719,0,108,0,0,0,LEADER,1,0,0,0,0,107
296450,87,adaptive-prasle,1944,1,0,0,107,0,1498,0,1,87,294506,1944,0,108,0,0,0,LEADER,1,0,0,0,0,107
296376,36,adaptive-prasle,1870,1,0,0,107,0,1498,0,1,36,294506,1870,0,108,0,0,0,LEADER,1,0,0,0,0,107
296873,77,adaptive-prasle,1446,1,0,0,108,0,1512,0,1,77,295427,1446,0,109,0,0,0,LEADER,1,0,0,0,0,108
297066,83,adaptive-prasle,1637,1,0,0,108,0,1512,0,1,83,295429,1637,0,109,0,0,0,LEADER,1,0,0,0,0,108
296565,85,adaptive-prasle,2059,1,0,0,107,0,1498,0,1,85,294506,2059,0,108,0,0,0,LEADER,1,0,0,0,0,107
297094,19,adaptive-prasle,1667,1,0,0,108,0,1512,0,1,19,295427,1667,0,109,0,0,0,LEADER,1,0,0,0,0,108
297249,65,adaptive-prasle,1822,1,0,0,108,0,1512,0,1,65,295427,1822,0,109,0,0,0,LEADER,1,0,0,0,0,108
296855,35,adaptive-prasle,1428,1,0,0,108,0,1512,0,1,35,295427,1428,0,109,0,0,0,LEADER,1,0,0,0,0,108
296870,86,adaptive-prasle,1443,1,0,0,108,0,1512,0,1,86,295427,1443,0,109,0,0,0,LEADER,1,0,0,0,0,108
296912,50,adaptive-prasle,2406,1,0,0,107,0,1498,0,1,50,294506,2406,0,108,0,0,0,LEADER,1,0,0,0,0,107
296928,55,adaptive-prasle,1501,1,0,0,108,0,1512,0,1,55,295427,1501,0,109,0,0,0,LEADER,1,0,0,0,0,108
296967,63,adaptive-prasle,1540,1,0,0,108,0,1512,0,1,63,295427,1540,0,109,0,0,0,LEADER,1,0,0,0,0,108
297332,46,adaptive-prasle,1904,1,0,0,108,0,1512,0,1,46,295428,1904,0,109,0,0,0,LEADER,1,0,0,0,0,108
297126,53,adaptive-prasle,1701,1,0,0,108,0,1512,0,1,53,295425,1701,0,109,0,0,0,LEADER,1,0,0,0,0,108
296480,23,adaptive-prasle,1974,1,0,0,107,0,1498,0,1,23,294506,1974,0,108,0,0,0,LEADER,1,0,0,0,0,107
297349,88,adaptive-prasle,1922,1,0,0,108,0,1512,0,1,88,295427,1922,0,109,0,0,0,LEADER,1,0,0,0,0,108
296876,34,adaptive-prasle,1449,1,0,0,108,0,1512,0,1,34,295427,1449,0,109,0,0,0,LEADER,1,0,0,0,0,108
296485,97,adaptive-prasle,1977,1,0,0,107,0,1498,0,1,97,294508,1977,0,108,0,0,0,LEADER,1,0,0,0,0,107
296603,20,adaptive-prasle,2095,1,0,0,107,0,1498,0,1,20,294508,2095,0,108,0,0,0,LEADER,1,0,0,0,0,107
296683,40,adaptive-prasle,2177,1,0,0,107,0,1498,0,1,40,294506,2177,0,108,0,0,0,LEADER,1,0,0,0,0,107
296608,47,adaptive-prasle,2100,1,0,0,107,0,1498,0,1,47,294508,2100,0,108,0,0,0,LEADER,1,0,0,0,0,107
297519,95,adaptive-prasle,2092,1,0,0,108,0,1512,0,1,95,295427,2092,0,109,0,0,0,LEADER,1,0,0,0,0,108
296901,25,adaptive-prasle,2395,1,0,0,107,0,1498,0,1,25,294506,2395,0,108,0,0,0,LEADER,1,0,0,0,0,107
297507,84,adaptive-prasle,2080,1,0,0,108,0,1512,0,1,84,295427,2080,0,109,0,0,0,LEADER,1,0,0,0,0,108
296783,70,adaptive-prasle,2277,1,0,0,107,0,1498,0,1,70,294506,2277,0,108,0,0,0,LEADER,1,0,0,0,0,107
296701,82,adaptive-prasle,2195,1,0,0,107,0,1498,0,1,82,294506,2195,0,108,0,0,0,LEADER,1,0,0,0,0,107
296919,67,adaptive-prasle,2413,1,0,0,107,0,1498,0,1,67,294506,2413,0,108,0,0,0,LEADER,1,0,0,0,0,107
296871,89,adaptive-prasle,2365,1,0,0,107,0,1498,0,1,89,294506,2365,0,108,0,0,0,LEADER,1,0,0,0,0,107
297540,28,adaptive-prasle,2113,1,0,0,108,0,1512,0,1,28,295427,2113,0,109,0,0,0,LEADER,1,0,0,0,0,108
297284,68,adaptive-prasle,1855,1,0,0,108,0,1512,0,1,68,295429,1855,0,109,0,0,0,LEADER,1,0,0,0,0,108
297235,90,adaptive-prasle,1807,1,0,0,108,0,1512,0,1,90,295428,1807,0,109,0,0,0,LEADER,1,0,0,0,0,108
296895,76,adaptive-prasle,1468,1,0,0,108,0,1512,0,1,76,295427,1468,0,109,0,0,0,LEADER,1,0,0,0,0,108
297216,10,adaptive-prasle,1789,1,0,0,108,0,1512,0,1,10,295427,1789,0,109,0,0,0,LEADER,1,0,0,0,0,108
297648,58,adaptive-prasle,2221,1,0,0,108,0,1512,0,1,58,295427,2221,0,109,0,0,0,LEADER,1,0,0,0,0,108
297031,73,adaptive-prasle,1604,1,0,0,108,0,1512,0,1,73,295427,1604,0,109,0,0,0,LEADER,1,0,0,0,0,108
296771,59,adaptive-prasle,2265,1,0,0,107,0,1498,0,1,59,294506,2265,0,108,0,0,0,LEADER,1,0,0,0,0,107
297046,41,adaptive-prasle,1619,1,0,0,108,0,1512,0,1,41,295427,1619,0,109,0,0,0,LEADER,1,0,0,0,0,108
296961,96,adaptive-prasle,1534,1,0,0,108,0,1512,0,1,96,295427,1534,0,109,0,0,0,LEADER,1,0,0,0,0,108
297260,74,adaptive-prasle,1837,1,0,0,108,0,1512,0,1,74,295423,1837,0,109,0,0,0,LEADER,1,0,0,0,0,108
297194,49,adaptive-prasle,1767,1,0,0,108,0,1512,0,1,49,295427,1767,0,109,0,0,0,LEADER,1,0,0,0,0,108
297655,92,adaptive-prasle,2228,1,0,0,108,0,1512,0,1,92,295427,2228,0,109,0,0,0,LEADER,1,0,0,0,0,108
296863,66,adaptive-prasle,1434,1,0,0,108,0,1512,0,1,66,295429,1434,0,109,0,0,0,LEADER,1,0,0,0,0,108
296886,57,adaptive-prasle,2380,1,0,0,107,0,1498,0,1,57,294506,2380,0,108,0,0,0,LEADER,1,0,0,0,0,107
297687,78,adaptive-prasle,2260,1,0,0,108,0,1512,0,1,78,295427,2260,0,109,0,0,0,LEADER,1,0,0,0,0,108
296852,39,adaptive-prasle,2346,1,0,0,107,0,1498,0,1,39,294506,2346,0,108,0,0,0,LEADER,1,0,0,0,0,107
297570,30,adaptive-prasle,2143,1,0,0,108,0,1512,0,1,30,295427,2143,0,109,0,0,0,LEADER,1,0,0,0,0,108
296976,64,adaptive-prasle,1549,1,0,0,108,0,1512,0,1,64,295427,1549,0,109,0,0,0,LEADER,1,0,0,0,0,108
297201,80,adaptive-prasle,1774,1,0,0,108,0,1512,0,1,80,295427,1774,0,109,0,0,0,LEADER,1,0,0,0,0,108
296935,54,adaptive-prasle,1516,1,0,0,108,0,1512,0,1,54,295419,1516,0,109,0,0,0,LEADER,1,0,0,0,0,108
297467,43,adaptive-prasle,2040,1,0,0,108,0,1512,0,1,43,295427,2040,0,109,0,0,0,LEADER,1,0,0,0,0,108
297387,26,adaptive-prasle,1960,1,0,0,108,0,1512,0,1,26,295427,1960,0,109,0,0,0,LEADER,1,0,0,0,0,108
297016,42,adaptive-prasle,1591,1,0,0,108,0,1512,0,1,42,295425,1591,0,109,0,0,0,LEADER,1,0,0,0,0,108
297025,31,adaptive-prasle,1598,1,0,0,108,0,1512,0,1,31,295427,1598,0,109,0,0,0,LEADER,1,0,0,0,0,108
297782,94,adaptive-prasle,2355,1,0,0,108,0,1512,0,1,94,295427,2355,0,109,0,0,0,LEADER,1,0,0,0,0,108
297352,45,adaptive-prasle,1925,1,0,0,108,0,1512,0,1,45,295427,1925,0,109,0,0,0,LEADER,1,0,0,0,0,108
297725,60,adaptive-prasle,2298,1,0,0,108,0,1512,0,1,60,295427,2298,0,109,0,0,0,LEADER,1,0,0,0,0,108
297830,44,adaptive-prasle,1483,1,0,0,108,0,1512,0,1,44,296347,1483,0,109,0,0,0,LEADER,1,0,0,0,0,108
297079,51,adaptive-prasle,1652,1,0,0,108,0,1512,0,1,51,295427,1652,0,109,0,0,0,LEADER,1,0,0,0,0,108
297878,22,adaptive-prasle,1531,1,0,0,108,0,1512,0,1,22,296347,1531,0,109,0,0,0,LEADER,1,0,0,0,0,108
297436,33,adaptive-prasle,2007,1,0,0,108,0,1512,0,1,33,295429,2007,0,109,0,0,0,LEADER,1,0,0,0,0,108
297591,72,adaptive-prasle,2162,1,0,0,108,0,1512,0,1,72,295429,2162,0,109,0,0,0,LEADER,1,0,0,0,0,108
297379,24,adaptive-prasle,1952,1,0,0,108,0,1512,0,1,24,295427,1952,0,109,0,0,0,LEADER,1,0,0,0,0,108
297909,32,adaptive-prasle,1564,1,0,0,108,0,1512,0,1,32,296345,1564,0,109,0,0,0,LEADER,1,0,0,0,0,108
297098,93,adaptive-prasle,1671,1,0,0,108,0,1512,0,1,93,295427,1671,0,109,0,0,0,LEADER,1,0,0,0,0,108
297772,69,adaptive-prasle,2343,1,0,0,108,0,1512,0,1,69,295429,2343,0,109,0,0,0,LEADER,1,0,0,0,0,108
297757,79,adaptive-prasle,2331,1,0,0,108,0,1512,0,1,79,295426,2331,0,109,0,0,0,LEADER,1,0,0,0,0,108
297452,75,adaptive-prasle,2025,1,0,0,108,0,1512,0,1,75,295427,2025,0,109,0,0,0,LEADER,1,0,0,0,0,108
297179,81,adaptive-prasle,1752,1,0,0,108,0,1512,0,1,81,295427,1752,0,109,0,0,0,LEADER,1,0,0,0,0,108
297037,52,adaptive-prasle,1610,1,0,0,108,0,1512,0,1,52,295427,1610,0,109,0,0,0,LEADER,1,0,0,0,0,108
297692,29,adaptive-prasle,2265,1,0,0,108,0,1512,0,1,29,295427,2265,0,109,0,0,0,LEADER,1,0,0,0,0,108
297516,21,adaptive-prasle,2088,1,0,0,108,0,1512,0,1,21,295428,2088,0,109,0,0,0,LEADER,1,0,0,0,0,108
297268,100,adaptive-prasle,1841,1,0,0,108,0,1512,0,1,100,295427,1841,0,109,0,0,0,LEADER,1,0,0,0,0,108
297113,61,adaptive-prasle,1686,1,0,0,108,0,1512,0,1,61,295427,1686,0,109,0,0,0,LEADER,1,0,0,0,0,108
297677,91,adaptive-prasle,2250,1,0,0,108,0,1512,0,1,91,295427,2250,0,109,0,0,0,LEADER,1,0,0,0,0,108
297637,37,adaptive-prasle,2210,1,0,0,108,0,1512,0,1,37,295427,2210,0,109,0,0,0,LEADER,1,0,0,0,0,108
297180,38,adaptive-prasle,1755,1,0,0,108,0,1512,0,1,38,295425,1755,0,109,0,0,0,LEADER,1,0,0,0,0,108
297846,98,adaptive-prasle,2419,1,0,0,108,0,1512,0,1,98,295427,2419,0,109,0,0,0,LEADER,1,0,0,0,0,108
297703,27,adaptive-prasle,2280,1,0,0,108,0,1512,0,1,27,295423,2280,0,109,0,0,0,LEADER,1,0,0,0,0,108
297555,62,adaptive-prasle,2128,1,0,0,108,0,1512,0,1,62,295427,2128,0,109,0,0,0,LEADER,1,0,0,0,0,108
297364,56,adaptive-prasle,1937,1,0,0,108,0,1512,0,1,56,295427,1937,0,109,0,0,0,LEADER,1,0,0,0,0,108
297749,99,adaptive-prasle,2328,1,0,0,108,0,1512,0,1,99,295421,2328,0,109,0,0,0,LEADER,1,0,0,0,0,108
297630,48,adaptive-prasle,2202,1,0,0,108,0,1512,0,1,48,295428,2202,0,109,0,0,0,LEADER,1,0,0,0,0,108
297146,71,adaptive-prasle,1719,1,0,0,108,0,1512,0,1,71,295427,1719,0,109,0,0,0,LEADER,1,0,0,0,0,108
297371,87,adaptive-prasle,1944,1,0,0,108,0,1512,0,1,87,295427,1944,0,109,0,0,0,LEADER,1,0,0,0,0,108
297297,36,adaptive-prasle,1870,1,0,0,108,0,1512,0,1,36,295427,1870,0,109,0,0,0,LEADER,1,0,0,0,0,108
297793,77,adaptive-prasle,1446,1,0,0,108,0,1512,0,1,77,296347,1446,0,109,0,0,0,LEADER,1,0,0,0,0,108
297986,83,adaptive-prasle,1637,1,0,0,108,0,1512,0,1,83,296349,1637,0,109,0,0,0,LEADER,1,0,0,0,0,108
297486,85,adaptive-prasle,2059,1,0,0,108,0,1512,0,1,85,295427,2059,0,109,0,0,0,LEADER,1,0,0,0,0,108
298014,19,adaptive-prasle,1667,1,0,0,108,0,1512,0,1,19,296347,1667,0,109,0,0,0,LEADER,1,0,0,0,0,108
298169,65,adaptive-prasle,1822,1,0,0,108,0,1512,0,1,65,296347,1822,0,109,0,0,0,LEADER,1,0,0,0,0,108
297775,35,adaptive-prasle,1428,1,0,0,108,0,1512,0,1,35,296347,1428,0,109,0,0,0,LEADER,1,0,0,0,0,108
297790,86,adaptive-prasle,1443,1,0,0,108,0,1512,0,1,86,296347,1443,0,109,0,0,0,LEADER,1,0,0,0,0,108
297833,50,adaptive-prasle,2406,1,0,0,108,0,1512,0,1,50,295427,2406,0,109,0,0,0,LEADER,1,0,0,0,0,108
297848,55,adaptive-prasle,1501,1,0,0,108,0,1512,0,1,55,296347,1501,0,109,0,0,0,LEADER,1,0,0,0,0,108
297887,63,adaptive-prasle,1540,1,0,0,108,0,1512,0,1,63,296347,1540,0,109,0,0,0,LEADER,1,0,0,0,0,108
298252,46,adaptive-prasle,1904,1,0,0,108,0,1512,0,1,46,296348,1904,0,109,0,0,0,LEADER,1,0,0,0,0,108
298046,53,adaptive-prasle,1701,1,0,0,108,0,1512,0,1,53,296345,1701,0,109,0,0,0,LEADER,1,0,0,0,0,108
297401,23,adaptive-prasle,1974,1,0,0,108,0,1512,0,1,23,295427,1974,0,109,0,0,0,LEADER,1,0,0,0,0,108
297929,17,adaptive-prasle,1782,1,0,0,23,22,322,308,3,17,296147,1782,0,9,0,0,0,LEADER,1,0,0,0,0,23
298283,18,adaptive-prasle,2226,1,0,0,27,26,378,364,4,2,296057,2226,0,9,0,0,0,NORMAL,0,0,0,0,0,27
298269,88,adaptive-prasle,1922,1,0,0,108,0,1512,0,1,88,296347,1922,0,109,0,0,0,LEADER,1,0,0,0,0,108
297796,34,adaptive-prasle,1449,1,0,0,108,0,1512,0,1,34,296347,1449,0,109,0,0,0,LEADER,1,0,0,0,0,108
297406,97,adaptive-prasle,1977,1,0,0,108,0,1512,0,1,97,295429,1977,0,109,0,0,0,LEADER,1,0,0,0,0,108
297524,20,adaptive-prasle,2095,1,0,0,108,0,1512,0,1,20,295429,2095,0,109,0,0,0,LEADER,1,0,0,0,0,108
297604,40,adaptive-prasle,2177,1,0,0,108,0,1512,0,1,40,295427,2177,0,109,0,0,0,LEADER,1,0,0,0,0,108
297529,47,adaptive-prasle,2100,1,0,0,108,0,1512,0,1,47,295429,2100,0,109,0,0,0,LEADER,1,0,0,0,0,108
298439,95,adaptive-prasle,2092,1,0,0,108,0,1512,0,1,95,296347,2092,0,109,0,0,0,LEADER,1,0,0,0,0,108
297822,25,adaptive-prasle,2395,1,0,0,108,0,1512,0,1,25,295427,2395,0,109,0,0,0,LEADER,1,0,0,0,0,108
298427,84,adaptive-prasle,2080,1,0,0,108,0,1512,0,1,84,296347,2080,0,109,0,0,0,LEADER,1,0,0,0,0,108
297704,70,adaptive-prasle,2277,1,0,0,108,0,1512,0,1,70,295427,2277,0,109,0,0,0,LEADER,1,0,0,0,0,108
297622,82,adaptive-prasle,2195,1,0,0,108,0,1512,0,1,82,295427,2195,0,109,0,0,0,LEADER,1,0,0,0,0,108
297840,67,adaptive-prasle,2413,1,0,0,108,0,1512,0,1,67,295427,2413,0,109,0,0,0,LEADER,1,0,0,0,0,108
297792,89,adaptive-prasle,2365,1,0,0,108,0,1512,0,1,89,295427,2365,0,109,0,0,0,LEADER,1,0,0,0,0,108
298460,28,adaptive-prasle,2113,1,0,0,108,0,1512,0,1,28,296347,2113,0,109,0,0,0,LEADER,1,0,0,0,0,108
298204,68,adaptive-prasle,1855,1,0,0,108,0,1512,0,1,68,296349,1855,0,109,0,0,0,LEADER,1,0,0,0,0,108
298155,90,adaptive-prasle,1807,1,0,0,108,0,1512,0,1,90,296348,1807,0,109,0,0,0,LEADER,1,0,0,0,0,108
297815,76,adaptive-prasle,1468,1,0,0,108,0,1512,0,1,76,296347,1468,0,109,0,0,0,LEADER,1,0,0,0,0,108
298136,10,adaptive-prasle,1789,1,0,0,108,0,1512,0,1,10,296347,1789,0,109,0,0,0,LEADER,1,0,0,0,0,108
298568,58,adaptive-prasle,2221,1,0,0,108,0,1512,0,1,58,296347,2221,0,109,0,0,0,LEADER,1,0,0,0,0,108
297951,73,adaptive-prasle,1604,1,0,0,108,0,1512,0,1,73,296347,1604,0,109,0,0,0,LEADER,1,0,0,0,0,108
297692,59,adaptive-prasle,2265,1,0,0,108,0,1512,0,1,59,295427,2265,0,109,0,0,0,LEADER,1,0,0,0,0,108
297966,41,adaptive-prasle,1619,1,0,0,108,0,1512,0,1,41,296347,1619,0,109,0,0,0,LEADER,1,0,0,0,0,108
297881,96,adaptive-prasle,1534,1,0,0,108,0,1512,0,1,96,296347,1534,0,109,0,0,0,LEADER,1,0,0,0,0,108
298306,5,adaptive-prasle,2338,1,0,0,15,33,210,462,7,5,295968,2338,0,10,0,0,0,LEADER,1,0,0,0,0,15
298180,74,adaptive-prasle,1837,1,0,0,108,0,1512,0,1,74,296343,1837,0,109,0,0,0,LEADER,1,0,0,0,0,108
298114,49,adaptive-prasle,1767,1,0,0,108,0,1512,0,1,49,296347,1767,0,109,0,0,0,LEADER,1,0,0,0,0,108
298575,92,adaptive-prasle,2228,1,0,0,108,0,1512,0,1,92,296347,2228,0,109,0,0,0,LEADER,1,0,0,0,0,108
297783,66,adaptive-prasle,1434,1,0,0,108,0,1512,0,1,66,296349,1434,0,109,0,0,0,LEADER,1,0,0,0,0,108
297807,57,adaptive-prasle,2380,1,0,0,108,0,1512,0,1,57,295427,2380,0,109,0,0,0,LEADER,1,0,0,0,0,108
298607,78,adaptive-prasle,2260,1,0,0,108,0,1512,0,1,78,296347,2260,0,109,0,0,0,LEADER,1,0,0,0,0,108
297773,39,adaptive-prasle,2346,1,0,0,108,0,1512,0,1,39,295427,2346,0,109,0,0,0,LEADER,1,0,0,0,0,108
298490,30,adaptive-prasle,2143,1,0,0,108,0,1512,0,1,30,296347,2143,0,109,0,0,0,LEADER,1,0,0,0,0,108
297896,64,adaptive-prasle,1549,1,0,0,108,0,1512,0,1,64,296347,1549,0,109,0,0,0,LEADER,1,0,0,0,0,108
298121,80,adaptive-prasle,1774,1,0,0,108,0,1512,0,1,80,296347,1774,0,109,0,0,0,LEADER,1,0,0,0,0,108
297855,54,adaptive-prasle,1516,1,0,0,108,0,1512,0,1,54,296339,1516,0,109,0,0,0,LEADER,1,0,0,0,0,108
298387,43,adaptive-prasle,2040,1,0,0,108,0,1512,0,1,43,296347,2040,0,109,0,0,0,LEADER,1,0,0,0,0,108
298307,26,adaptive-prasle,1960,1,0,0,108,0,1512,0,1,26,296347,1960,0,109,0,0,0,LEADER,1,0,0,0,0,108
297936,42,adaptive-prasle,1591,1,0,0,108,0,1512,0,1,42,296345,1591,0,109,0,0,0,LEADER,1,0,0,0,0,108
297945,31,adaptive-prasle,1598,1,0,0,108,0,1512,0,1,31,296347,1598,0,109,0,0,0,LEADER,1,0,0,0,0,108
298702,94,adaptive-prasle,2355,1,0,0,108,0,1512,0,1,94,296347,2355,0,109,0,0,0,LEADER,1,0,0,0,0,108
298272,45,adaptive-prasle,1925,1,0,0,108,0,1512,0,1,45,296347,1925,0,109,0,0,0,LEADER,1,0,0,0,0,108
298645,60,adaptive-prasle,2298,1,0,0,108,0,1512,0,1,60,296347,2298,0,109,0,0,0,LEADER,1,0,0,0,0,108
298750,44,adaptive-prasle,1483,1,0,0,108,0,1512,0,1,44,297267,1483,0,109,0,0,0,LEADER,1,0,0,0,0,108
297999,51,adaptive-prasle,1652,1,0,0,108,0,1512,0,1,51,296347,1652,0,109,0,0,0,LEADER,1,0,0,0,0,108
298798,22,adaptive-prasle,1531,1,0,0,108,0,1512,0,1,22,297267,1531,0,109,0,0,0,LEADER,1,0,0,0,0,108
298356,33,adaptive-prasle,2007,1,0,0,108,0,1512,0,1,33,296349,2007,0,109,0,0,0,LEADER,1,0,0,0,0,108
298511,72,adaptive-prasle,2162,1,0,0,108,0,1512,0,1,72,296349,2162,0,109,0,0,0,LEADER,1,0,0,0,0,108
298299,24,adaptive-prasle,1952,1,0,0,108,0,1512,0,1,24,296347,1952,0,109,0,0,0,LEADER,1,0,0,0,0,108
298829,32,adaptive-prasle,1564,1,0,0,108,0,1512,0,1,32,297265,1564,0,109,0,0,0,LEADER,1,0,0,0,0,108
298018,93,adaptive-prasle,1671,1,0,0,108,0,1512,0,1,93,296347,1671,0,109,0,0,0,LEADER,1,0,0,0,0,108
298677,79,adaptive-prasle,2331,1,0,0,108,0,1512,0,1,79,296346,2331,0,109,0,0,0,LEADER,1,0,0,0,0,108
298692,69,adaptive-prasle,2343,1,0,0,108,0,1512,0,1,69,296349,2343,0,109,0,0,0,LEADER,1,0,0,0,0,108
298372,75,adaptive-prasle,2025,1,0,0,108,0,1512,0,1,75,296347,2025,0,109,0,0,0,LEADER,1,0,0,0,0,108
298099,81,adaptive-prasle,1752,1,0,0,108,0,1512,0,1,81,296347,1752,0,109,0,0,0,LEADER,1,0,0,0,0,108
297957,52,adaptive-prasle,1610,1,0,0,108,0,1512,0,1,52,296347,1610,0,109,0,0,0,LEADER,1,0,0,0,0,108
298436,21,adaptive-prasle,2088,1,0,0,108,0,1512,0,1,21,296348,2088,0,109,0,0,0,LEADER,1,0,0,0,0,108
298612,29,adaptive-prasle,2265,1,0,0,108,0,1512,0,1,29,296347,2265,0,109,0,0,0,LEADER,1,0,0,0,0,108
298188,100,adaptive-prasle,1841,1,0,0,108,0,1512,0,1,100,296347,1841,0,109,0,0,0,LEADER,1,0,0,0,0,108
298033,61,adaptive-prasle,1686,1,0,0,108,0,1512,0,1,61,296347,1686,0,109,0,0,0,LEADER,1,0,0,0,0,108
298597,91,adaptive-prasle,2250,1,0,0,108,0,1512,0,1,91,296347,2250,0,109,0,0,0,LEADER,1,0,0,0,0,108
298557,37,adaptive-prasle,2210,1,0,0,108,0,1512,0,1,37,296347,2210,0,109,0,0,0,LEADER,1,0,0,0,0,108
298100,38,adaptive-prasle,1755,1,0,0,108,0,1512,0,1,38,296345,1755,0,109,0,0,0,LEADER,1,0,0,0,0,108
298766,98,adaptive-prasle,2419,1,0,0,108,0,1512,0,1,98,296347,2419,0,109,0,0,0,LEADER,1,0,0,0,0,108
298623,27,adaptive-prasle,2280,1,0,0,108,0,1512,0,1,27,296343,2280,0,109,0,0,0,LEADER,1,0,0,0,0,108
298475,62,adaptive-prasle,2128,1,0,0,108,0,1512,0,1,62,296347,2128,0,109,0,0,0,LEADER,1,0,0,0,0,108
298284,56,adaptive-prasle,1937,1,0,0,108,0,1512,0,1,56,296347,1937,0,109,0,0,0,LEADER,1,0,0,0,0,108
298669,99,adaptive-prasle,2328,1,0,0,108,0,1512,0,1,99,296341,2328,0,109,0,0,0,LEADER,1,0,0,0,0,108
298550,48,adaptive-prasle,2202,1,0,0,108,0,1512,0,1,48,296348,2202,0,109,0,0,0,LEADER,1,0,0,0,0,108
298066,71,adaptive-prasle,1719,1,0,0,108,0,1512,0,1,71,296347,1719,0,109,0,0,0,LEADER,1,0,0,0,0,108
298291,87,adaptive-prasle,1944,1,0,0,108,0,1512,0,1,87,296347,1944,0,109,0,0,0,LEADER,1,0,0,0,0,108
298217,36,adaptive-prasle,1870,1,0,0,108,0,1512,0,1,36,296347,1870,0,109,0,0,0,LEADER,1,0,0,0,0,108
298713,77,adaptive-prasle,1446,1,0,0,108,0,1512,0,1,77,297267,1446,0,109,0,0,0,LEADER,1,0,0,0,0,108
298906,83,adaptive-prasle,1637,1,0,0,108,0,1512,0,1,83,297269,1637,0,109,0,0,0,LEADER,1,0,0,0,0,108
298406,85,adaptive-prasle,2059,1,0,0,108,0,1512,0,1,85,296347,2059,0,109,0,0,0,LEADER,1,0,0,0,0,108
298934,19,adaptive-prasle,1667,1,0,0,108,0,1512,0,1,19,297267,1667,0,109,0,0,0,LEADER,1,0,0,0,0,108
299089,65,adaptive-prasle,1822,1,0,0,108,0,1512,0,1,65,297267,1822,0,109,0,0,0,LEADER,1,0,0,0,0,108
298695,35,adaptive-prasle,1428,1,0,0,108,0,1512,0,1,35,297267,1428,0,109,0,0,0,LEADER,1,0,0,0,0,108
298710,86,adaptive-prasle,1443,1,0,0,108,0,1512,0,1,86,297267,1443,0,109,0,0,0,LEADER,1,0,0,0,0,108
298753,50,adaptive-prasle,2406,1,0,0,108,0,1512,0,1,50,296347,2406,0,109,0,0,0,LEADER,1,0,0,0,0,108
298768,55,adaptive-prasle,1501,1,0,0,108,0,1512,0,1,55,297267,1501,0,109,0,0,0,LEADER,1,0,0,0,0,108
298807,63,adaptive-prasle,1540,1,0,0,108,0,1512,0,1,63,297267,1540,0,109,0,0,0,LEADER,1,0,0,0,0,108
299172,46,adaptive-prasle,1904,1,0,0,108,0,1512,0,1,46,297268,1904,0,109,0,0,0,LEADER,1,0,0,0,0,108
298966,53,adaptive-prasle,1701,1,0,0,108,0,1512,0,1,53,297265,1701,0,109,0,0,0,LEADER,1,0,0,0,0,108
298321,23,adaptive-prasle,1974,1,0,0,108,0,1512,0,1,23,296347,1974,0,109,0,0,0,LEADER,1,0,0,0,0,108
299189,88,adaptive-prasle,1922,1,0,0,108,0,1512,0,1,88,297267,1922,0,109,0,0,0,LEADER,1,0,0,0,0,108
298716,34,adaptive-prasle,1449,1,0,0,108,0,1512,0,1,34,297267,1449,0,109,0,0,0,LEADER,1,0,0,0,0,108
298326,97,adaptive-prasle,1977,1,0,0,108,0,1512,0,1,97,296349,1977,0,109,0,0,0,LEADER,1,0,0,0,0,108
298444,20,adaptive-prasle,2095,1,0,0,108,0,1512,0,1,20,296349,2095,0,109,0,0,0,LEADER,1,0,0,0,0,108
298524,40,adaptive-prasle,2177,1,0,0,108,0,1512,0,1,40,296347,2177,0,109,0,0,0,LEADER,1,0,0,0,0,108
298449,47,adaptive-prasle,2100,1,0,0,108,0,1512,0,1,47,296349,2100,0,109,0,0,0,LEADER,1,0,0,0,0,108
299359,95,adaptive-prasle,2092,1,0,0,108,0,1512,0,1,95,297267,2092,0,109,0,0,0,LEADER,1,0,0,0,0,108
298742,25,adaptive-prasle,2395,1,0,0,108,0,1512,0,1,25,296347,2395,0,109,0,0,0,LEADER,1,0,0,0,0,108
299347,84,adaptive-prasle,2080,1,0,0,108,0,1512,0,1,84,297267,2080,0,109,0,0,0,LEADER,1,0,0,0,0,108
298624,70,adaptive-prasle,2277,1,0,0,108,0,1512,0,1,70,296347,2277,0,109,0,0,0,LEADER,1,0,0,0,0,108
298542,82,adaptive-prasle,2195,1,0,0,108,0,1512,0,1,82,296347,2195,0,109,0,0,0,LEADER,1,0,0,0,0,108
298760,67,adaptive-prasle,2413,1,0,0,108,0,1512,0,1,67,296347,2413,0,109,0,0,0,LEADER,1,0,0,0,0,108
298712,89,adaptive-prasle,2365,1,0,0,108,0,1512,0,1,89,296347,2365,0,109,0,0,0,LEADER,1,0,0,0,0,108
299380,28,adaptive-prasle,2113,1,0,0,108,0,1512,0,1,28,297267,2113,0,109,0,0,0,LEADER,1,0,0,0,0,108
299124,68,adaptive-prasle,1855,1,0,0,108,0,1512,0,1,68,297269,1855,0,109,0,0,0,LEADER,1,0,0,0,0,108
299075,90,adaptive-prasle,1807,1,0,0,108,0,1512,0,1,90,297268,1807,0,109,0,0,0,LEADER,1,0,0,0,0,108
298735,76,adaptive-prasle,1468,1,0,0,108,0,1512,0,1,76,297267,1468,0,109,0,0,0,LEADER,1,0,0,0,0,108
299056,10,adaptive-prasle,1789,1,0,0,108,0,1512,0,1,10,297267,1789,0,109,0,0,0,LEADER,1,0,0,0,0,108
299488,58,adaptive-prasle,2221,1,0,0,108,0,1512,0,1,58,297267,2221,0,109,0,0,0,LEADER,1,0,0,0,0,108
298871,73,adaptive-prasle,1604,1,0,0,108,0,1512,0,1,73,297267,1604,0,109,0,0,0,LEADER,1,0,0,0,0,108
298612,59,adaptive-prasle,2265,1,0,0,108,0,1512,0,1,59,296347,2265,0,109,0,0,0,LEADER,1,0,0,0,0,108
298886,41,adaptive-prasle,1619,1,0,0,108,0,1512,0,1,41,297267,1619,0,109,0,0,0,LEADER,1,0,0,0,0,108
298801,96,adaptive-prasle,1534,1,0,0,108,0,1512,0,1,96,297267,1534,0,109,0,0,0,LEADER,1,0,0,0,0,108
299100,74,adaptive-prasle,1837,1,0,0,108,0,1512,0,1,74,297263,1837,0,109,0,0,0,LEADER,1,0,0,0,0,108
299034,49,adaptive-prasle,1767,1,0,0,108,0,1512,0,1,49,297267,1767,0,109,0,0,0,LEADER,1,0,0,0,0,108
299495,92,adaptive-prasle,2228,1,0,0,108,0,1512,0,1,92,297267,2228,0,109,0,0,0,LEADER,1,0,0,0,0,108
298703,66,adaptive-prasle,1434,1,0,0,108,0,1512,0,1,66,297269,1434,0,109,0,0,0,LEADER,1,0,0,0,0,108
298727,57,adaptive-prasle,2380,1,0,0,108,0,1512,0,1,57,296347,2380,0,109,0,0,0,LEADER,1,0,0,0,0,108
299527,78,adaptive-prasle,2260,1,0,0,108,0,1512,0,1,78,297267,2260,0,109,0,0,0,LEADER,1,0,0,0,0,108
298693,39,adaptive-prasle,2346,1,0,0,108,0,1512,0,1,39,296347,2346,0,109,0,0,0,LEADER,1,0,0,0,0,108
299410,30,adaptive-prasle,2143,1,0,0,108,0,1512,0,1,30,297267,2143,0,109,0,0,0,LEADER,1,0,0,0,0,108
298816,64,adaptive-prasle,1549,1,0,0,108,0,1512,0,1,64,297267,1549,0,109,0,0,0,LEADER,1,0,0,0,0,108
299041,80,adaptive-prasle,1774,1,0,0,108,0,1512,0,1,80,297267,1774,0,109,0,0,0,LEADER,1,0,0,0,0,108
298775,54,adaptive-prasle,1516,1,0,0,108,0,1512,0,1,54,297259,1516,0,109,0,0,0,LEADER,1,0,0,0,0,108
299307,43,adaptive-prasle,2040,1,0,0,108,0,1512,0,1,43,297267,2040,0,109,0,0,0,LEADER,1,0,0,0,0,108
299227,26,adaptive-prasle,1960,1,0,0,108,0,1512,0,1,26,297267,1960,0,109,0,0,0,LEADER,1,0,0,0,0,108
298856,42,adaptive-prasle,1591,1,0,0,108,0,1512,0,1,42,297265,1591,0,109,0,0,0,LEADER,1,0,0,0,0,108
298865,31,adaptive-prasle,1598,1,0,0,108,0,1512,0,1,31,297267,1598,0,109,0,0,0,LEADER,1,0,0,0,0,108
299622,94,adaptive-prasle,2355,1,0,0,108,0,1512,0,1,94,297267,2355,0,109,0,0,0,LEADER,1,0,0,0,0,108
299192,45,adaptive-prasle,1925,1,0,0,108,0,1512,0,1,45,297267,1925,0,109,0,0,0,LEADER,1,0,0,0,0,108
299565,60,adaptive-prasle,2298,1,0,0,108,0,1512,0,1,60,297267,2298,0,109,0,0,0,LEADER,1,0,0,0,0,108
299671,44,adaptive-prasle,1483,1,0,0,109,0,1526,0,1,44,298188,1483,0,110,0,0,0,LEADER,1,0,0,0,0,109
298919,51,adaptive-prasle,1652,1,0,0,108,0,1512,0,1,51,297267,1652,0,109,0,0,0,LEADER,1,0,0,0,0,108
299276,33,adaptive-prasle,2007,1,0,0,108,0,1512,0,1,33,297269,2007,0,109,0,0,0,LEADER,1,0,0,0,0,108
299719,22,adaptive-prasle,1531,1,0,0,109,0,1526,0,1,22,298188,1531,0,110,0,0,0,LEADER,1,0,0,0,0,109
299431,72,adaptive-prasle,2162,1,0,0,108,0,1512,0,1,72,297269,2162,0,109,0,0,0,LEADER,1,0,0,0,0,108
299219,24,adaptive-prasle,1952,1,0,0,108,0,1512,0,1,24,297267,1952,0,109,0,0,0,LEADER,1,0,0,0,0,108
299750,32,adaptive-prasle,1564,1,0,0,109,0,1526,0,1,32,298186,1564,0,110,0,0,0,LEADER,1,0,0,0,0,109
298938,93,adaptive-prasle,1671,1,0,0,108,0,1512,0,1,93,297267,1671,0,109,0,0,0,LEADER,1,0,0,0,0,108
299597,79,adaptive-prasle,2331,1,0,0,108,0,1512,0,1,79,297266,2331,0,109,0,0,0,LEADER,1,0,0,0,0,108
299612,69,adaptive-prasle,2343,1,0,0,108,0,1512,0,1,69,297269,2343,0,109,0,0,0,LEADER,1,0,0,0,0,108
299292,75,adaptive-prasle,2025,1,0,0,108,0,1512,0,1,75,297267,2025,0,109,0,0,0,LEADER,1,0,0,0,0,108
299019,81,adaptive-prasle,1752,1,0,0,108,0,1512,0,1,81,297267,1752,0,109,0,0,0,LEADER,1,0,0,0,0,108
298877,52,adaptive-prasle,1610,1,0,0,108,0,1512,0,1,52,297267,1610,0,109,0,0,0,LEADER,1,0,0,0,0,108
299356,21,adaptive-prasle,2088,1,0,0,108,0,1512,0,1,21,297268,2088,0,109,0,0,0,LEADER,1,0,0,0,0,108
299532,29,adaptive-prasle,2265,1,0,0,108,0,1512,0,1,29,297267,2265,0,109,0,0,0,LEADER,1,0,0,0,0,108
299108,100,adaptive-prasle,1841,1,0,0,108,0,1512,0,1,100,297267,1841,0,109,0,0,0,LEADER,1,0,0,0,0,108
298953,61,adaptive-prasle,1686,1,0,0,108,0,1512,0,1,61,297267,1686,0,109,0,0,0,LEADER,1,0,0,0,0,108
299517,91,adaptive-prasle,2250,1,0,0,108,0,1512,0,1,91,297267,2250,0,109,0,0,0,LEADER,1,0,0,0,0,108
299477,37,adaptive-prasle,2210,1,0,0,108,0,1512,0,1,37,297267,2210,0,109,0,0,0,LEADER,1,0,0,0,0,108
299020,38,adaptive-prasle,1755,1,0,0,108,0,1512,0,1,38,297265,1755,0,109,0,0,0,LEADER,1,0,0,0,0,108
299686,98,adaptive-prasle,2419,1,0,0,108,0,1512,0,1,98,297267,2419,0,109,0,0,0,LEADER,1,0,0,0,0,108
299543,27,adaptive-prasle,2280,1,0,0,108,0,1512,0,1,27,297263,2280,0,109,0,0,0,LEADER,1,0,0,0,0,108
299395,62,adaptive-prasle,2128,1,0,0,108,0,1512,0,1,62,297267,2128,0,109,0,0,0,LEADER,1,0,0,0,0,108
299204,56,adaptive-prasle,1937,1,0,0,108,0,1512,0,1,56,297267,1937,0,109,0,0,0,LEADER,1,0,0,0,0,108
299589,99,adaptive-prasle,2328,1,0,0,108,0,1512,0,1,99,297261,2328,0,109,0,0,0,LEADER,1,0,0,0,0,108
299470,48,adaptive-prasle,2202,1,0,0,108,0,1512,0,1,48,297268,2202,0,109,0,0,0,LEADER,1,0,0,0,0,108
298986,71,adaptive-prasle,1719,1,0,0,108,0,1512,0,1,71,297267,1719,0,109,0,0,0,LEADER,1,0,0,0,0,108
299211,87,adaptive-prasle,1944,1,0,0,108,0,1512,0,1,87,297267,1944,0,109,0,0,0,LEADER,1,0,0,0,0,108
299137,36,adaptive-prasle,1870,1,0,0,108,0,1512,0,1,36,297267,1870,0,109,0,0,0,LEADER,1,0,0,0,0,108
299634,77,adaptive-prasle,1446,1,0,0,109,0,1526,0,1,77,298188,1446,0,110,0,0,0,LEADER,1,0,0,0,0,109
299827,83,adaptive-prasle,1637,1,0,0,109,0,1526,0,1,83,298190,1637,0,110,0,0,0,LEADER,1,0,0,0,0,109
